vemquartile,administered_date,total_doses,cumulative_total_doses,pfizer_doses,cumulative_pfizer_doses,moderna_doses,cumulative_moderna_doses,jj_doses,cumulative_jj_doses,partially_vaccinated,total_partially_vaccinated,pct_age12pop_partially_vaccinated,fully_vaccinated,cumulative_fully_vaccinated,pct_age12pop_fully_vaccinated,at_least_one_dose,cumulative_at_least_one_dose,pct_age12pop_at_least_one_dose,age12_population
1,2020-12-15,150,150,150,150,0,0,0,0,150,150,1.7e-05,0,0,0.0,150,150,1.7e-05,8700223
1,2020-12-16,1182,1332,1182,1332,0,0,0,0,1182,1332,0.000153,0,0,0.0,1182,1332,0.000153,8700223
1,2020-12-17,4159,5491,4159,5491,0,0,0,0,4160,5492,0.000631,0,0,0.0,4160,5492,0.000631,8700223
1,2020-12-18,6321,11812,6301,11792,20,20,0,0,6323,11814,0.001358,1,1,0.0,6323,11815,0.001358,8700223
1,2020-12-19,2875,14687,2874,14666,1,21,0,0,2874,14687,0.001688,1,2,0.0,2874,14689,0.001688,8700223
1,2020-12-20,2135,16822,2127,16793,8,29,0,0,2136,16823,0.001934,0,2,0.0,2136,16825,0.001934,8700223
1,2020-12-21,7641,24463,7626,24419,15,44,0,0,7690,24513,0.002818,1,3,0.0,7691,24516,0.002818,8700223
1,2020-12-22,7281,31744,6937,31356,344,388,0,0,7282,31793,0.003654,2,5,1e-06,7282,31798,0.003655,8700223
1,2020-12-23,7839,39583,6582,37938,1257,1645,0,0,7834,39626,0.004555,2,7,1e-06,7835,39633,0.004555,8700223
1,2020-12-24,3301,42884,2366,40304,935,2580,0,0,3303,42929,0.004934,0,7,1e-06,3303,42936,0.004935,8700223
1,2020-12-25,236,43120,152,40456,84,2664,0,0,236,43165,0.004961,0,7,1e-06,236,43172,0.004962,8700223
1,2020-12-26,1360,44480,967,41423,393,3057,0,0,1359,44523,0.005117,1,8,1e-06,1359,44531,0.005118,8700223
1,2020-12-27,870,45350,534,41957,336,3393,0,0,870,45392,0.005217,1,9,1e-06,870,45401,0.005218,8700223
1,2020-12-28,7095,52445,4767,46724,2328,5721,0,0,7093,52485,0.006033,0,9,1e-06,7093,52494,0.006034,8700223
1,2020-12-29,8876,61321,4984,51708,3892,9613,0,0,8873,61356,0.007052,2,11,1e-06,8873,61367,0.007053,8700223
1,2020-12-30,11588,72909,6450,58158,5138,14751,0,0,11588,72944,0.008384,0,11,1e-06,11588,72955,0.008385,8700223
1,2020-12-31,5949,78858,1956,60114,3993,18744,0,0,5947,78889,0.009067,3,14,2e-06,5948,78903,0.009069,8700223
1,2021-01-01,576,79434,199,60313,377,19121,0,0,575,79463,0.009133,1,15,2e-06,575,79478,0.009135,8700223
1,2021-01-02,2907,82341,1761,62074,1146,20267,0,0,2909,82372,0.009468,0,15,2e-06,2909,82387,0.00947,8700223
1,2021-01-03,1018,83359,545,62619,473,20740,0,0,1017,83387,0.009584,2,17,2e-06,1017,83404,0.009586,8700223
1,2021-01-04,7343,90702,3582,66201,3761,24501,0,0,7347,90733,0.010429,1,18,2e-06,7347,90751,0.010431,8700223
1,2021-01-05,10816,101518,5217,71418,5599,30100,0,0,10057,100068,0.011502,744,762,8.8e-05,10079,100830,0.011589,8700223
1,2021-01-06,14022,115540,7047,78465,6975,37075,0,0,12121,110336,0.012682,1864,2626,0.000302,12132,112962,0.012984,8700223
1,2021-01-07,17478,133018,9130,87595,8348,45423,0,0,12988,118938,0.013671,4396,7022,0.000807,12998,125960,0.014478,8700223
1,2021-01-08,20155,153173,10453,98048,9702,55125,0,0,14241,127286,0.01463,5900,12922,0.001485,14248,140208,0.016115,8700223
1,2021-01-09,6694,159867,3389,101437,3305,58430,0,0,4844,130290,0.014975,1844,14766,0.001697,4848,145056,0.016673,8700223
1,2021-01-10,3088,162955,1761,103198,1327,59757,0,0,1894,131000,0.015057,1185,15951,0.001833,1895,146951,0.01689,8700223
1,2021-01-11,18073,181028,11839,115037,6234,65991,0,0,11529,136043,0.015637,6525,22476,0.002583,11568,158519,0.01822,8700223
1,2021-01-12,19102,200130,10907,125944,8195,74186,0,0,13128,143272,0.016468,5936,28412,0.003266,13165,171684,0.019733,8700223
1,2021-01-13,19862,219992,10758,136702,9104,83290,0,0,14706,152865,0.01757,5131,33543,0.003855,14724,186408,0.021426,8700223
1,2021-01-14,22091,242083,9549,146251,12542,95832,0,0,19333,169550,0.019488,2699,36242,0.004166,19384,205792,0.023654,8700223
1,2021-01-15,25179,267262,9249,155500,15930,111762,0,0,23232,190936,0.021946,1904,38146,0.004384,23290,229082,0.026331,8700223
1,2021-01-16,13910,281172,4560,160060,9350,121112,0,0,13045,203120,0.023347,864,39010,0.004484,13048,242130,0.02783,8700223
1,2021-01-17,5189,286361,1999,162059,3190,124302,0,0,4822,207581,0.023859,365,39375,0.004526,4826,246956,0.028385,8700223
1,2021-01-18,14313,300674,8585,170644,5728,130030,0,0,11127,215588,0.02478,3173,42548,0.00489,11180,258136,0.02967,8700223
1,2021-01-19,24677,325351,12825,183469,11852,141882,0,0,19529,230041,0.026441,5130,47678,0.00548,19583,277719,0.031921,8700223
1,2021-01-20,29474,354825,14752,198221,14722,156604,0,0,23554,247788,0.028481,5845,53523,0.006152,23592,301311,0.034633,8700223
1,2021-01-21,31241,386066,14585,212806,16656,173260,0,0,27971,272645,0.031338,3204,56727,0.00652,28061,329372,0.037858,8700223
1,2021-01-22,28373,414439,11225,224031,17148,190408,0,0,26321,297017,0.034139,1979,58706,0.006748,26351,355723,0.040887,8700223
1,2021-01-23,18782,433221,8202,232233,10580,200988,0,0,16822,311924,0.035852,1925,60631,0.006969,16832,372555,0.042821,8700223
1,2021-01-24,6672,439893,4157,236390,2515,203503,0,0,6016,317295,0.03647,651,61282,0.007044,6022,378577,0.043513,8700223
1,2021-01-25,25391,465284,10469,246859,14922,218425,0,0,19621,331293,0.038079,5724,67006,0.007702,19722,398299,0.04578,8700223
1,2021-01-26,28628,493912,13356,260215,15272,233697,0,0,21968,346685,0.039848,6596,73602,0.00846,21988,420287,0.048308,8700223
1,2021-01-27,32459,526371,15408,275623,17051,250748,0,0,24348,363025,0.041726,8040,81642,0.009384,24380,444667,0.05111,8700223
1,2021-01-28,34816,561187,16287,291910,18529,269277,0,0,27893,384131,0.044152,6850,88492,0.010171,27956,472623,0.054323,8700223
1,2021-01-29,33526,594713,16324,308234,17202,286479,0,0,26987,404760,0.046523,6394,94886,0.010906,27023,499646,0.057429,8700223
1,2021-01-30,20096,614809,8653,316887,11443,297922,0,0,17994,420689,0.048354,2075,96961,0.011145,18004,517650,0.059498,8700223
1,2021-01-31,7526,622335,4852,321739,2674,300596,0,0,6824,426815,0.049058,700,97661,0.011225,6826,524476,0.060283,8700223
1,2021-02-01,28936,651271,12511,334250,16425,317021,0,0,21175,440287,0.050606,7708,105369,0.012111,21180,545656,0.062717,8700223
1,2021-02-02,32477,683748,11653,345903,20824,337845,0,0,24301,456529,0.052473,8095,113464,0.013042,24337,569993,0.065515,8700223
1,2021-02-03,39628,723376,15185,361088,24443,362288,0,0,28608,474316,0.054518,10858,124322,0.01429,28645,598638,0.068807,8700223
1,2021-02-04,44125,767501,17231,378319,26894,389182,0,0,31942,494245,0.056808,12060,136382,0.015676,31989,630627,0.072484,8700223
1,2021-02-05,46936,814437,17405,395724,29531,418713,0,0,30782,509067,0.058512,16017,152399,0.017517,30839,661466,0.076029,8700223
1,2021-02-06,26506,840943,10483,406207,16023,434736,0,0,20605,523829,0.060209,5860,158259,0.01819,20622,682088,0.078399,8700223
1,2021-02-07,6230,847173,3995,410202,2235,436971,0,0,4627,526892,0.060561,1582,159841,0.018372,4645,686733,0.078933,8700223
1,2021-02-08,31323,878496,14177,424379,17146,454117,0,0,20847,537432,0.061772,10402,170243,0.019568,20942,707675,0.08134,8700223
1,2021-02-09,38379,916875,16816,441195,21563,475680,0,0,23659,546413,0.062804,14754,184997,0.021263,23735,731410,0.084068,8700223
1,2021-02-10,47114,963989,22042,463237,25072,500752,0,0,26756,552988,0.06356,20260,205257,0.023592,26835,758245,0.087152,8700223
1,2021-02-11,51672,1015661,25260,488497,26412,527164,0,0,30891,563522,0.064771,20461,225718,0.025944,30995,789240,0.090715,8700223
1,2021-02-12,49955,1065616,21445,509942,28510,555674,0,0,28702,571233,0.065657,21130,246848,0.028373,28841,818081,0.09403,8700223
1,2021-02-13,26340,1091956,11522,521464,14818,570492,0,0,15223,575483,0.066146,11048,257896,0.029642,15298,833379,0.095788,8700223
1,2021-02-14,11714,1103670,5536,527000,6178,576670,0,0,6671,577202,0.066343,5017,262913,0.030219,6736,840115,0.096562,8700223
1,2021-02-15,23761,1127431,9363,536363,14398,591068,0,0,14457,582584,0.066962,9192,272105,0.031276,14574,854689,0.098238,8700223
1,2021-02-16,46863,1174294,22320,558683,24543,615611,0,0,27538,590986,0.067928,19246,291351,0.033488,27648,882337,0.101415,8700223
1,2021-02-17,48229,1222523,24354,583037,23875,639486,0,0,26093,595230,0.068415,21997,313348,0.036016,26241,908578,0.104432,8700223
1,2021-02-18,51097,1273620,25380,608417,25717,665203,0,0,26566,597723,0.068702,24301,337649,0.038809,26794,935372,0.107511,8700223
1,2021-02-19,46364,1319984,25029,633446,21335,686538,0,0,26102,603754,0.069395,20134,357783,0.041123,26165,961537,0.110519,8700223
1,2021-02-20,27397,1347381,16662,650108,10735,697273,0,0,15695,607878,0.069869,11646,369429,0.042462,15770,977307,0.112331,8700223
1,2021-02-21,12122,1359503,10430,660538,1692,698965,0,0,7377,610616,0.070184,4689,374118,0.043001,7427,984734,0.113185,8700223
1,2021-02-22,30919,1390422,20269,680807,10650,709615,0,0,17898,615670,0.070765,12945,387063,0.044489,17999,1002733,0.115254,8700223
1,2021-02-23,44516,1434938,21519,702326,22997,732612,0,0,24634,621054,0.071384,19612,406675,0.046743,24996,1027729,0.118127,8700223
1,2021-02-24,53792,1488730,25928,728254,27864,760476,0,0,29996,627866,0.072167,23634,430309,0.04946,30446,1058175,0.121626,8700223
1,2021-02-25,65459,1554189,31826,760080,33633,794109,0,0,41013,645049,0.074142,24331,454640,0.052256,41514,1099689,0.126398,8700223
1,2021-02-26,73493,1627682,34475,794555,39018,833127,0,0,48372,668959,0.07689,24938,479578,0.055122,48848,1148537,0.132012,8700223
1,2021-02-27,50202,1677884,23203,817758,26990,860117,9,9,33417,685995,0.078848,16656,496234,0.057037,33692,1182229,0.135885,8700223
1,2021-02-28,19447,1697331,11507,829265,7938,868055,2,11,14323,695398,0.079929,5061,501295,0.057619,14464,1196693,0.137547,8700223
1,2021-03-01,44491,1741822,20395,849660,24056,892111,40,51,28726,708790,0.081468,15609,516904,0.059413,29001,1225694,0.140881,8700223
1,2021-03-02,62308,1804130,27136,876796,35164,927275,8,59,40262,727771,0.08365,21905,538809,0.06193,40886,1266580,0.14558,8700223
1,2021-03-03,70156,1874286,33564,910360,36570,963845,22,81,42963,744309,0.085551,27043,565852,0.065039,43581,1310161,0.150589,8700223
1,2021-03-04,78437,1952723,36991,947351,41411,1005256,35,116,50713,768016,0.088275,27551,593403,0.068205,51258,1361419,0.156481,8700223
1,2021-03-05,77540,2030263,35168,982519,42166,1047422,206,322,52023,795578,0.091443,25294,618697,0.071113,52856,1414275,0.162556,8700223
1,2021-03-06,57323,2087586,27390,1009909,28587,1076009,1346,1668,39021,818075,0.094029,18233,636930,0.073208,40730,1455005,0.167238,8700223
1,2021-03-07,20195,2107781,12864,1022773,6520,1082529,811,2479,15173,829324,0.095322,4999,641929,0.073783,16248,1471253,0.169105,8700223
1,2021-03-08,45738,2153519,22478,1045251,21387,1103916,1873,4352,32145,850181,0.097719,13498,655427,0.075335,34355,1505608,0.173054,8700223
1,2021-03-09,66567,2220086,32185,1077436,31907,1135823,2475,6827,41007,868568,0.099833,25438,680865,0.078258,43825,1549433,0.178091,8700223
1,2021-03-10,73425,2293511,36607,1114043,32357,1168180,4461,11288,45256,890580,0.102363,28074,708939,0.081485,50086,1599519,0.183848,8700223
1,2021-03-11,90029,2383540,41285,1155328,40742,1208922,8002,19290,52485,914203,0.105078,37329,746268,0.085776,60952,1660471,0.190854,8700223
1,2021-03-12,98839,2482379,43539,1198867,42874,1251796,12426,31716,57761,943980,0.108501,40878,787146,0.090474,70655,1731126,0.198975,8700223
1,2021-03-13,65279,2547658,29471,1228338,28042,1279838,7766,39482,41587,970101,0.111503,23564,810710,0.093183,49685,1780811,0.204686,8700223
1,2021-03-14,27845,2575503,14916,1243254,9355,1289193,3574,43056,15613,977322,0.112333,12164,822874,0.094581,19385,1800196,0.206914,8700223
1,2021-03-15,65271,2640774,28769,1272023,29761,1318954,6741,49797,38553,996469,0.114534,26514,849388,0.097628,45661,1845857,0.212162,8700223
1,2021-03-16,85741,2726515,39051,1311074,41041,1359995,5649,55446,53334,1023619,0.117654,32201,881589,0.101329,59351,1905208,0.218984,8700223
1,2021-03-17,92854,2819369,45266,1356340,41020,1401015,6568,62014,59916,1057736,0.121576,32740,914329,0.105093,66857,1972065,0.226668,8700223
1,2021-03-18,98744,2918113,50898,1407238,42102,1443117,5744,67758,60203,1085971,0.124821,38207,952536,0.109484,66442,2038507,0.234305,8700223
1,2021-03-19,103490,3021603,53613,1460851,43578,1486695,6299,74057,61059,1111690,0.127777,42162,994698,0.11433,67881,2106388,0.242107,8700223
1,2021-03-20,72380,3093983,37179,1498030,29934,1516629,5267,79324,46688,1138419,0.130849,25507,1020205,0.117262,52236,2158624,0.248111,8700223
1,2021-03-21,27156,3121139,18982,1517012,6359,1522988,1815,81139,17092,1147447,0.131887,9978,1030183,0.118409,19006,2177630,0.250296,8700223
1,2021-03-22,59206,3180345,30547,1547559,25386,1548374,3273,84412,40171,1172438,0.13476,18828,1049011,0.120573,43819,2221449,0.255332,8700223
1,2021-03-23,82991,3263336,42242,1589801,37131,1585505,3618,88030,51353,1196461,0.137521,31413,1080424,0.124183,55436,2276885,0.261704,8700223
1,2021-03-24,87829,3351165,44494,1634295,38975,1624480,4360,92390,52812,1219059,0.140118,34749,1115173,0.128178,57347,2334232,0.268296,8700223
1,2021-03-25,96659,3447824,49391,1683686,41439,1665919,5829,98219,54086,1236920,0.142171,42267,1157440,0.133036,60128,2394360,0.275207,8700223
1,2021-03-26,104387,3552211,51000,1734686,47050,1712969,6337,104556,56487,1252473,0.143959,47572,1205012,0.138504,63125,2457485,0.282462,8700223
1,2021-03-27,73894,3626105,38207,1772893,31494,1744463,4193,108749,38262,1259723,0.144792,35408,1240420,0.142573,42658,2500143,0.287365,8700223
1,2021-03-28,32585,3658690,21337,1794230,10035,1754498,1213,109962,16497,1261895,0.145042,15987,1256407,0.144411,18159,2518302,0.289453,8700223
1,2021-03-29,66909,3725599,33280,1827510,30465,1784963,3164,113126,37138,1272816,0.146297,29585,1285992,0.147811,40506,2558808,0.294108,8700223
1,2021-03-30,91789,3817388,45266,1872776,40146,1825109,6377,119503,47333,1282338,0.147391,44279,1330271,0.152901,53801,2612609,0.300292,8700223
1,2021-03-31,100555,3917943,52578,1925354,41832,1866941,6145,125648,55316,1298929,0.149298,44942,1375213,0.158066,61533,2674142,0.307365,8700223
1,2021-04-01,111621,4029564,53432,1978786,49399,1916340,8790,134438,57041,1310637,0.150644,54180,1429393,0.164294,65888,2740030,0.314938,8700223
1,2021-04-02,111109,4140673,50878,2029664,50544,1966884,9687,144125,56549,1322948,0.152059,54133,1483526,0.170516,66444,2806474,0.322575,8700223
1,2021-04-03,77966,4218639,39231,2068895,29102,1995986,9633,153758,36497,1327858,0.152623,41293,1524819,0.175262,46203,2852677,0.327886,8700223
1,2021-04-04,23706,4242345,11807,2080702,8439,2004425,3460,157218,9934,1327538,0.152587,13706,1538525,0.176837,13386,2866063,0.329424,8700223
1,2021-04-05,76260,4318605,36806,2117508,30221,2034646,9233,166451,34466,1329811,0.152848,41600,1580125,0.181619,43873,2909936,0.334467,8700223
1,2021-04-06,103559,4422164,49196,2166704,37761,2072407,16602,183053,46847,1336855,0.153658,56448,1636573,0.188107,63492,2973428,0.341765,8700223
1,2021-04-07,111647,4533811,54306,2221010,39824,2112231,17517,200570,50404,1343858,0.154462,60949,1697522,0.195112,67952,3041380,0.349575,8700223
1,2021-04-08,121972,4655783,57793,2278803,43255,2155486,20924,221494,53928,1351134,0.155299,67646,1765168,0.202888,74922,3116302,0.358186,8700223
1,2021-04-09,123312,4779095,56411,2335214,46152,2201638,20749,242243,54209,1357408,0.15602,68747,1833915,0.210789,75021,3191323,0.366809,8700223
1,2021-04-10,95478,4874573,42447,2377661,30345,2231983,22686,264929,37262,1359330,0.156241,58016,1891931,0.217458,59938,3251261,0.373699,8700223
1,2021-04-11,36284,4910857,20288,2397949,9364,2241347,6632,271561,14781,1359409,0.15625,21443,1913374,0.219922,21522,3272783,0.376172,8700223
1,2021-04-12,74174,4985031,33202,2431151,31000,2272347,9972,281533,31395,1358436,0.156138,42497,1955871,0.224807,41524,3314307,0.380945,8700223
1,2021-04-13,97091,5082122,52021,2483172,44731,2317078,339,281872,52458,1367224,0.157148,44352,2000223,0.229905,53140,3367447,0.387053,8700223
1,2021-04-14,104848,5186970,54330,2537502,50447,2367525,71,281943,53397,1369972,0.157464,51092,2051315,0.235777,53840,3421287,0.393241,8700223
1,2021-04-15,106088,5293058,57739,2595241,48258,2415783,91,282034,56767,1378247,0.158415,48752,2100067,0.241381,57027,3478314,0.399796,8700223
1,2021-04-16,110491,5403549,56773,2652014,53630,2469413,88,282122,55420,1379384,0.158546,54554,2154621,0.247651,55691,3534005,0.406197,8700223
1,2021-04-17,83366,5486915,45297,2697311,38057,2507470,12,282134,46821,1390058,0.159773,36323,2190944,0.251826,46997,3581002,0.411599,8700223
1,2021-04-18,30111,5517026,20374,2717685,9730,2517200,7,282141,15210,1390665,0.159842,14815,2205759,0.253529,15422,3596424,0.413371,8700223
1,2021-04-19,67042,5584068,33963,2751648,33066,2550266,13,282154,30494,1385095,0.159202,36205,2241964,0.25769,30635,3627059,0.416893,8700223
1,2021-04-20,88366,5672434,44543,2796191,43799,2594065,24,282178,41645,1380578,0.158683,46388,2288352,0.263022,41871,3668930,0.421705,8700223
1,2021-04-21,97068,5769502,50584,2846775,46386,2640451,98,282276,43738,1371848,0.15768,52799,2341151,0.269091,44069,3712999,0.426771,8700223
1,2021-04-22,96572,5866074,50411,2897186,46145,2686596,16,282292,44376,1364733,0.156862,51725,2392876,0.275036,44610,3757609,0.431898,8700223
1,2021-04-23,101228,5967302,52277,2949463,48926,2735522,25,282317,48449,1361141,0.156449,52291,2445167,0.281046,48699,3806308,0.437495,8700223
1,2021-04-24,75288,6042590,46680,2996143,28583,2764105,25,282342,42717,1371664,0.157658,32471,2477638,0.284779,42994,3849302,0.442437,8700223
1,2021-04-25,26950,6069540,17156,3013299,9781,2773886,13,282355,15418,1375810,0.158135,11423,2489061,0.286092,15569,3864871,0.444227,8700223
1,2021-04-26,65898,6135438,34611,3047910,30887,2804773,400,282755,31477,1373894,0.157915,34132,2523193,0.290015,32216,3897087,0.44793,8700223
1,2021-04-27,81094,6216532,43125,3091035,36670,2841443,1299,284054,35504,1365726,0.156976,45313,2568506,0.295223,37145,3934232,0.452199,8700223
1,2021-04-28,80675,6297207,42915,3133950,36275,2877718,1485,285539,35700,1358490,0.156144,44649,2613155,0.300355,37413,3971645,0.456499,8700223
1,2021-04-29,83754,6380961,46076,3180026,36070,2913788,1608,287147,34658,1346143,0.154725,48774,2661929,0.305961,36427,4008072,0.460686,8700223
1,2021-04-30,91346,6472307,49540,3229566,39955,2953743,1851,288998,38628,1334381,0.153373,52411,2714340,0.311985,40649,4048721,0.465358,8700223
1,2021-05-01,62161,6534468,40176,3269742,20576,2974319,1409,290407,26227,1326517,0.152469,35724,2750064,0.316091,27860,4076581,0.468561,8700223
1,2021-05-02,23207,6557675,16399,3286141,6233,2980552,575,290982,9397,1322813,0.152044,13704,2763768,0.317666,10000,4086581,0.46971,8700223
1,2021-05-03,55543,6613218,30703,3316844,23001,3003553,1839,292821,20548,1310484,0.150626,34771,2798539,0.321663,22442,4109023,0.472289,8700223
1,2021-05-04,74931,6688149,43159,3360003,29694,3033247,2078,294899,27257,1292509,0.14856,47399,2845938,0.327111,29424,4138447,0.475671,8700223
1,2021-05-05,77150,6765299,44769,3404772,30087,3063334,2294,297193,26411,1270879,0.146074,50420,2896358,0.332906,28790,4167237,0.47898,8700223
1,2021-05-06,78330,6843629,47429,3452201,28733,3092067,2168,299361,24627,1244482,0.14304,53346,2949704,0.339038,26949,4194186,0.482078,8700223
1,2021-05-07,82362,6925991,46810,3499011,33360,3125427,2192,301553,27719,1220223,0.140252,54236,3003940,0.345272,29977,4224163,0.485524,8700223
1,2021-05-08,56596,6982587,35510,3534521,19451,3144878,1635,303188,19359,1204387,0.138432,36924,3040864,0.349516,21088,4245251,0.487947,8700223
1,2021-05-09,18134,7000721,13048,3547569,4613,3149491,473,303661,5554,1197947,0.137692,12503,3053367,0.350953,6063,4251314,0.488644,8700223
1,2021-05-10,43653,7044374,22075,3569644,19776,3169267,1802,305463,14822,1186091,0.136329,28575,3081942,0.354237,16719,4268033,0.490566,8700223
1,2021-05-11,61606,7105980,33434,3603078,26036,3195303,2136,307599,20434,1167879,0.134236,40904,3122846,0.358939,22692,4290725,0.493174,8700223
1,2021-05-12,62115,7168095,33112,3636190,26994,3222297,2009,309608,20487,1149117,0.132079,41329,3164175,0.363689,22567,4313292,0.495768,8700223
1,2021-05-13,66090,7234185,38794,3674984,25318,3247615,1978,311586,25203,1136048,0.130577,40531,3204706,0.368348,27462,4340754,0.498924,8700223
1,2021-05-14,75716,7309901,45681,3720665,27650,3275265,2385,313971,30711,1124796,0.129284,44627,3249333,0.373477,33375,4374129,0.502761,8700223
1,2021-05-15,65880,7375781,43247,3763912,20898,3296163,1735,315706,26313,1113629,0.128,39287,3288620,0.377993,28120,4402249,0.505993,8700223
1,2021-05-16,24825,7400606,18281,3782193,5923,3302086,621,316327,10189,1109957,0.127578,14527,3303147,0.379662,10855,4413104,0.50724,8700223
1,2021-05-17,53864,7454470,32966,3815159,19141,3321227,1757,318084,22946,1104052,0.126899,30670,3333817,0.383188,24765,4437869,0.510087,8700223
1,2021-05-18,64668,7519138,38985,3854144,23865,3345092,1818,319902,28104,1097757,0.126176,36302,3370119,0.38736,30007,4467876,0.513536,8700223
1,2021-05-19,65964,7585102,40190,3894334,23855,3368947,1919,321821,29488,1093048,0.125634,36204,3406323,0.391521,31495,4499371,0.517156,8700223
1,2021-05-20,63811,7648913,37050,3931384,24586,3393533,2175,323996,26298,1084534,0.124656,37188,3443511,0.395796,28674,4528045,0.520452,8700223
1,2021-05-21,69578,7718491,41569,3972953,26160,3419693,1849,325845,28779,1074857,0.123544,40404,3483915,0.40044,30727,4558772,0.523983,8700223
1,2021-05-22,55510,7774001,36502,4009455,17298,3436991,1710,327555,24246,1069898,0.122974,31012,3514927,0.404004,26053,4584825,0.526978,8700223
1,2021-05-23,20117,7794118,14158,4023613,5372,3442363,587,328142,9392,1069278,0.122902,10623,3525550,0.405225,10003,4594828,0.528128,8700223
1,2021-05-24,43526,7837644,24297,4047910,17410,3459773,1819,329961,17691,1063278,0.122213,25592,3551142,0.408167,19592,4614420,0.53038,8700223
1,2021-05-25,50598,7888242,29146,4077056,19782,3479555,1670,331631,21003,1056730,0.12146,29322,3580464,0.411537,22774,4637194,0.532997,8700223
1,2021-05-26,48266,7936508,27386,4104442,18988,3498543,1892,333523,20495,1051695,0.120881,27468,3607932,0.414694,22433,4659627,0.535576,8700223
1,2021-05-27,46757,7983265,26274,4130716,18602,3517145,1881,335404,20117,1047454,0.120394,26356,3634288,0.417724,22115,4681742,0.538117,8700223
1,2021-05-28,52132,8035397,28999,4159715,21330,3538475,1803,337207,23374,1044305,0.120032,28451,3662739,0.420994,25302,4707044,0.541026,8700223
1,2021-05-29,30394,8065791,18384,4178099,11051,3549526,959,338166,14492,1044066,0.120005,15746,3678485,0.422804,15507,4722551,0.542808,8700223
1,2021-05-30,11576,8077367,7473,4185572,3555,3553081,548,338714,5474,1044080,0.120006,6032,3684517,0.423497,6046,4728597,0.543503,8700223
1,2021-05-31,5679,8083046,3238,4188810,2191,3555272,250,338964,1987,1042694,0.119847,3636,3688153,0.423915,2250,4730847,0.543762,8700223
1,2021-06-01,45616,8128662,25787,4214597,18272,3573544,1557,340521,17332,1033677,0.11881,27983,3716136,0.427131,18966,4749813,0.545942,8700223
1,2021-06-02,39795,8168457,23094,4237691,15199,3588743,1502,342023,16044,1027831,0.118138,23465,3739601,0.429828,17619,4767432,0.547967,8700223
1,2021-06-03,41119,8209576,25753,4263444,13681,3602424,1685,343708,15763,1020293,0.117272,25061,3764662,0.432709,17523,4784955,0.549981,8700223
1,2021-06-04,49851,8259427,31962,4295406,16091,3618515,1798,345506,17866,1008375,0.115902,31660,3796322,0.436348,19742,4804697,0.55225,8700223
1,2021-06-05,40113,8299540,27382,4322788,10741,3629256,1990,347496,14120,998766,0.114798,25774,3822096,0.43931,16165,4820862,0.554108,8700223
1,2021-06-06,13069,8312609,10466,4333254,2103,3631359,500,347996,4542,995421,0.114413,8449,3830545,0.440281,5104,4825966,0.554695,8700223
1,2021-06-07,33817,8346426,23336,4356590,9139,3640498,1342,349338,12026,987256,0.113475,21588,3852133,0.442763,13423,4839389,0.556237,8700223
1,2021-06-08,42043,8388469,29110,4385700,11299,3651797,1634,350972,14648,976495,0.112238,27137,3879270,0.445882,16376,4855765,0.55812,8700223
1,2021-06-09,41901,8430370,29085,4414785,11193,3662990,1623,352595,13664,963901,0.11079,27943,3907213,0.449093,15349,4871114,0.559884,8700223
1,2021-06-10,38833,8469203,26231,4441016,10933,3673923,1669,354264,13393,953863,0.109637,25209,3932422,0.451991,15171,4886285,0.561628,8700223
1,2021-06-11,43431,8512634,28762,4469778,13013,3686936,1656,355920,15409,943283,0.108421,27726,3960148,0.455178,17146,4903431,0.563598,8700223
1,2021-06-12,33563,8546197,24290,4494068,8081,3695017,1192,357112,11065,933314,0.107275,22297,3982445,0.457741,12328,4915759,0.565015,8700223
1,2021-06-13,11607,8557804,8424,4502492,2701,3697718,482,357594,3420,929130,0.106794,8121,3990566,0.458674,3937,4919696,0.565468,8700223
1,2021-06-14,30647,8588451,20645,4523137,8710,3706428,1292,358886,11453,922907,0.106079,19006,4009572,0.460859,12783,4932479,0.566937,8700223
1,2021-06-15,36982,8625433,24254,4547391,10878,3717306,1850,360736,13696,915514,0.105229,23032,4032604,0.463506,15639,4948118,0.568735,8700223
1,2021-06-16,35181,8660614,23751,4571142,9600,3726906,1830,362566,13187,908848,0.104463,21748,4054352,0.466006,15082,4963200,0.570468,8700223
1,2021-06-17,33275,8693889,21999,4593141,9321,3736227,1955,364521,13013,903873,0.103891,20035,4074387,0.468308,15060,4978260,0.572199,8700223
1,2021-06-18,39093,8732982,25352,4618493,10906,3747133,2835,367356,15189,898312,0.103252,23644,4098031,0.471026,18083,4996343,0.574278,8700223
1,2021-06-19,23692,8756674,16419,4634912,6080,3753213,1193,368549,9804,895620,0.102942,13724,4111755,0.472603,11032,5007375,0.575546,8700223
1,2021-06-20,8060,8764734,5886,4640798,1900,3755113,274,368823,3193,894293,0.10279,4804,4116559,0.473156,3477,5010852,0.575945,8700223
1,2021-06-21,20756,8785490,11751,4652549,6829,3761942,2176,370999,10830,897525,0.103161,9822,4126381,0.474285,13054,5023906,0.577446,8700223
1,2021-06-22,30510,8816000,19943,4672492,8455,3770397,2112,373111,12850,895093,0.102882,17467,4143848,0.476292,15035,5038941,0.579174,8700223
1,2021-06-23,29067,8845067,19498,4691990,7763,3778160,1806,374917,12723,893506,0.102699,16147,4159995,0.478148,14560,5053501,0.580847,8700223
1,2021-06-24,27875,8872942,18599,4710589,7643,3785803,1633,376550,11847,891203,0.102435,15849,4175844,0.47997,13546,5067047,0.582404,8700223
1,2021-06-25,31260,8904202,21269,4731858,8620,3794423,1371,377921,13790,889164,0.1022,17255,4193099,0.481953,15216,5082263,0.584153,8700223
1,2021-06-26,22088,8926290,16413,4748271,4872,3799295,803,378724,9653,887348,0.101991,12321,4205420,0.483369,10505,5092768,0.585361,8700223
1,2021-06-27,9067,8935357,6748,4755019,1901,3801196,418,379142,4060,886891,0.101939,4952,4210372,0.483938,4495,5097263,0.585877,8700223
1,2021-06-28,20788,8956145,15448,4770467,4087,3805283,1253,380395,9650,886864,0.101936,10980,4221352,0.4852,10953,5108216,0.587136,8700223
1,2021-06-29,26064,8982209,17836,4788303,6895,3812178,1333,381728,11503,885364,0.101763,14395,4235747,0.486855,12895,5121111,0.588618,8700223
1,2021-06-30,24816,9007025,17281,4805584,6540,3818718,995,382723,11802,885396,0.101767,12836,4248583,0.48833,12868,5133979,0.590097,8700223
1,2021-07-01,16579,9023604,11567,4817151,3952,3822670,1060,383783,7382,884792,0.101698,9087,4257670,0.489375,8483,5142462,0.591072,8700223
2,2020-12-15,242,242,242,242,0,0,0,0,242,242,2.9e-05,0,0,0.0,242,242,2.9e-05,8407551
2,2020-12-16,2091,2333,2091,2333,0,0,0,0,2090,2332,0.000277,0,0,0.0,2090,2332,0.000277,8407551
2,2020-12-17,6842,9175,6842,9175,0,0,0,0,6843,9175,0.001091,0,0,0.0,6843,9175,0.001091,8407551
2,2020-12-18,11074,20249,11054,20229,20,20,0,0,11074,20249,0.002408,0,0,0.0,11074,20249,0.002408,8407551
2,2020-12-19,5618,25867,5612,25841,6,26,0,0,5619,25868,0.003077,0,0,0.0,5619,25868,0.003077,8407551
2,2020-12-20,4257,30124,4247,30088,10,36,0,0,4253,30121,0.003583,0,0,0.0,4253,30121,0.003583,8407551
2,2020-12-21,12774,42898,12749,42837,25,61,0,0,12729,42850,0.005097,0,0,0.0,12729,42850,0.005097,8407551
2,2020-12-22,12155,55053,11643,54480,512,573,0,0,12155,55005,0.006542,0,0,0.0,12155,55005,0.006542,8407551
2,2020-12-23,11691,66744,9476,63956,2215,2788,0,0,11693,66698,0.007933,1,1,0.0,11694,66699,0.007933,8407551
2,2020-12-24,5911,72655,3498,67454,2413,5201,0,0,5907,72604,0.008636,3,4,0.0,5909,72608,0.008636,8407551
2,2020-12-25,481,73136,403,67857,78,5279,0,0,483,73087,0.008693,0,4,0.0,483,73091,0.008693,8407551
2,2020-12-26,2563,75699,1669,69526,894,6173,0,0,2564,75650,0.008998,1,5,1e-06,2564,75655,0.008998,8407551
2,2020-12-27,2224,77923,1209,70735,1015,7188,0,0,2221,77869,0.009262,2,7,1e-06,2221,77876,0.009263,8407551
2,2020-12-28,11017,88940,7172,77907,3845,11033,0,0,11017,88885,0.010572,1,8,1e-06,11017,88893,0.010573,8407551
2,2020-12-29,12720,101660,7152,85059,5568,16601,0,0,12724,101609,0.012085,0,8,1e-06,12724,101617,0.012086,8407551
2,2020-12-30,15425,117085,8663,93722,6762,23363,0,0,15420,117026,0.013919,5,13,2e-06,15422,117039,0.013921,8407551
2,2020-12-31,7574,124659,2831,96553,4743,28106,0,0,7567,124588,0.014819,5,18,2e-06,7567,124606,0.014821,8407551
2,2021-01-01,1211,125870,588,97141,623,28729,0,0,1213,125798,0.014963,3,21,2e-06,1213,125819,0.014965,8407551
2,2021-01-02,4848,130718,2770,99911,2078,30807,0,0,4843,130639,0.015538,2,23,3e-06,4843,130662,0.015541,8407551
2,2021-01-03,1386,132104,790,100701,596,31403,0,0,1380,132016,0.015702,3,26,3e-06,1380,132042,0.015705,8407551
2,2021-01-04,11658,143762,5559,106260,6099,37502,0,0,11646,143659,0.017087,3,29,3e-06,11646,143688,0.01709,8407551
2,2021-01-05,13872,157634,6925,113185,6947,44449,0,0,12673,155174,0.018457,1192,1221,0.000145,12707,156395,0.018602,8407551
2,2021-01-06,18968,176602,10455,123640,8513,52962,0,0,15201,166668,0.019824,3716,4937,0.000587,15210,171605,0.020411,8407551
2,2021-01-07,23230,199832,13111,136751,10119,63081,0,0,15596,174638,0.020772,7641,12578,0.001496,15611,187216,0.022268,8407551
2,2021-01-08,26667,226499,16211,152962,10456,73537,0,0,16392,180827,0.021508,10226,22804,0.002712,16415,203631,0.02422,8407551
2,2021-01-09,9834,236333,5742,158704,4092,77629,0,0,6278,183549,0.021831,3563,26367,0.003136,6285,209916,0.024968,8407551
2,2021-01-10,5337,241670,2968,161672,2369,79998,0,0,3084,184374,0.02193,2264,28631,0.003405,3089,213005,0.025335,8407551
2,2021-01-11,26126,267796,17988,179660,8138,88136,0,0,15068,188414,0.02241,11078,39709,0.004723,15118,228123,0.027133,8407551
2,2021-01-12,26242,294038,16325,195985,9917,98053,0,0,16686,195603,0.023265,9579,49288,0.005862,16768,244891,0.029128,8407551
2,2021-01-13,28592,322630,15190,211175,13402,111455,0,0,20634,208313,0.024777,7951,57239,0.006808,20661,265552,0.031585,8407551
2,2021-01-14,30307,352937,11521,222696,18786,130241,0,0,26058,230170,0.027377,4270,61509,0.007316,26127,291679,0.034693,8407551
2,2021-01-15,35169,388106,12839,235535,22330,152571,0,0,31895,258874,0.030791,3279,64788,0.007706,31983,323662,0.038497,8407551
2,2021-01-16,17691,405797,5620,241155,12071,164642,0,0,16361,273897,0.032578,1349,66137,0.007866,16372,340034,0.040444,8407551
2,2021-01-17,10681,416478,3632,244787,7049,171691,0,0,9954,283114,0.033674,745,66882,0.007955,9962,349996,0.041629,8407551
2,2021-01-18,19705,436183,11021,255808,8684,180375,0,0,14908,293265,0.034881,4815,71697,0.008528,14966,364962,0.043409,8407551
2,2021-01-19,32470,468653,16940,272748,15530,195905,0,0,24479,309867,0.036856,7990,79687,0.009478,24592,389554,0.046334,8407551
2,2021-01-20,37639,506292,18996,291744,18643,214548,0,0,29027,330402,0.039298,8583,88270,0.010499,29118,418672,0.049797,8407551
2,2021-01-21,40915,547207,17425,309169,23490,238038,0,0,36440,362566,0.043124,4447,92717,0.011028,36611,455283,0.054152,8407551
2,2021-01-22,39560,586767,16563,325732,22997,261035,0,0,36223,395454,0.047036,3361,96078,0.011428,36249,491532,0.058463,8407551
2,2021-01-23,24112,610879,10785,336517,13327,274362,0,0,21136,413661,0.049201,2959,99037,0.01178,21166,512698,0.060981,8407551
2,2021-01-24,12441,623320,6113,342630,6328,280690,0,0,11518,424285,0.050465,906,99943,0.011887,11530,524228,0.062352,8407551
2,2021-01-25,33902,657222,15673,358303,18229,298919,0,0,25097,440760,0.052424,8758,108701,0.012929,25233,549461,0.065353,8407551
2,2021-01-26,40489,697711,19946,378249,20543,319462,0,0,31374,463121,0.055084,9095,117796,0.014011,31456,580917,0.069095,8407551
2,2021-01-27,45904,743615,22915,401164,22989,342451,0,0,35669,488733,0.05813,10115,127911,0.015214,35727,616644,0.073344,8407551
2,2021-01-28,48249,791864,22760,423924,25489,367940,0,0,39556,519726,0.061817,8634,136545,0.016241,39627,656271,0.078057,8407551
2,2021-01-29,45841,837705,22300,446224,23541,391481,0,0,37087,548238,0.065208,8640,145185,0.017268,37152,693423,0.082476,8407551
2,2021-01-30,31647,869352,13703,459927,17944,409425,0,0,28249,573160,0.068172,3361,148546,0.017668,28283,721706,0.08584,8407551
2,2021-01-31,17580,886932,10611,470538,6969,416394,0,0,16373,588366,0.069981,1186,149732,0.017809,16392,738098,0.08779,8407551
2,2021-02-01,41225,928157,19907,490445,21318,437712,0,0,30194,607613,0.07227,10984,160716,0.019116,30231,768329,0.091386,8407551
2,2021-02-02,48001,976158,19595,510040,28406,466118,0,0,36490,632758,0.075261,11440,172156,0.020476,36585,804914,0.095737,8407551
2,2021-02-03,54430,1030588,24275,534315,30155,496273,0,0,40203,658926,0.078373,14127,186283,0.022157,40295,845209,0.10053,8407551
2,2021-02-04,56293,1086881,24372,558687,31921,528194,0,0,41166,685168,0.081494,15023,201306,0.023943,41265,886474,0.105438,8407551
2,2021-02-05,60038,1146919,26453,585140,33585,561779,0,0,40638,706776,0.084064,19205,220511,0.026228,40813,927287,0.110292,8407551
2,2021-02-06,39069,1185988,18210,603350,20859,582638,0,0,31388,730657,0.086905,7598,228109,0.027131,31479,958766,0.114036,8407551
2,2021-02-07,16005,1201993,10714,614064,5291,587929,0,0,12147,739041,0.087902,3832,231941,0.027587,12216,970982,0.115489,8407551
2,2021-02-08,43518,1245511,22411,636475,21107,609036,0,0,29954,755789,0.089894,13415,245356,0.029183,30163,1001145,0.119077,8407551
2,2021-02-09,49472,1294983,23552,660027,25920,634956,0,0,30666,768245,0.091376,18540,263896,0.031388,30996,1032141,0.122764,8407551
2,2021-02-10,59843,1354826,28220,688247,31623,666579,0,0,34609,778269,0.092568,24939,288835,0.034354,34963,1067104,0.126922,8407551
2,2021-02-11,64427,1419253,29840,718087,34587,701166,0,0,36021,786692,0.09357,28092,316927,0.037696,36515,1103619,0.131265,8407551
2,2021-02-12,65437,1484690,28252,746339,37185,738351,0,0,34744,791704,0.094166,30388,347315,0.04131,35400,1139019,0.135476,8407551
2,2021-02-13,38086,1522776,15930,762269,22156,760507,0,0,22037,798167,0.094935,15951,363266,0.043207,22414,1161433,0.138142,8407551
2,2021-02-14,20090,1542866,9435,771704,10655,771162,0,0,11270,801030,0.095275,8767,372033,0.04425,11630,1173063,0.139525,8407551
2,2021-02-15,33277,1576143,15095,786799,18182,789344,0,0,18414,805569,0.095815,14732,386765,0.046002,19271,1192334,0.141817,8407551
2,2021-02-16,56423,1632566,27863,814662,28560,817904,0,0,29709,809335,0.096263,26613,413378,0.049167,30379,1222713,0.14543,8407551
2,2021-02-17,62053,1694619,32155,846817,29898,847802,0,0,30708,809610,0.096296,31262,444640,0.052886,31537,1254250,0.149181,8407551
2,2021-02-18,66538,1761157,33794,880611,32744,880546,0,0,32298,809061,0.09623,33994,478634,0.056929,33445,1287695,0.153159,8407551
2,2021-02-19,60011,1821168,33504,914115,26507,907053,0,0,29627,809102,0.096235,30190,508824,0.06052,30231,1317926,0.156755,8407551
2,2021-02-20,38009,1859177,24788,938903,13221,920274,0,0,20469,812808,0.096676,17444,526268,0.062595,21150,1339076,0.159271,8407551
2,2021-02-21,22004,1881181,17895,956798,4109,924383,0,0,10733,813159,0.096718,11185,537453,0.063925,11536,1350612,0.160643,8407551
2,2021-02-22,38736,1919917,26557,983355,12179,936562,0,0,18396,812008,0.096581,20219,557672,0.06633,19068,1369680,0.162911,8407551
2,2021-02-23,52943,1972860,27109,1010464,25834,962396,0,0,23198,807590,0.096055,29510,587182,0.06984,25092,1394772,0.165895,8407551
2,2021-02-24,69255,2042115,35652,1046116,33603,995999,0,0,31836,804542,0.095693,37251,624433,0.07427,34203,1428975,0.169963,8407551
2,2021-02-25,74653,2116768,35219,1081335,39434,1035433,0,0,38034,808995,0.096222,36393,660826,0.078599,40846,1469821,0.174822,8407551
2,2021-02-26,82766,2199534,35348,1116683,47418,1082851,0,0,44679,818057,0.0973,37810,698636,0.083096,46872,1516693,0.180397,8407551
2,2021-02-27,60542,2260076,28054,1144737,32481,1115332,7,7,33062,825197,0.09815,27261,725897,0.086339,34401,1551094,0.184488,8407551
2,2021-02-28,29975,2290051,17934,1162671,12040,1127372,1,8,17526,831211,0.098865,12345,738242,0.087807,18359,1569453,0.186672,8407551
2,2021-03-01,57241,2347292,30104,1192775,27099,1154471,38,46,31101,837682,0.099634,25861,764103,0.090883,32332,1601785,0.190517,8407551
2,2021-03-02,68076,2415368,32777,1225552,35291,1189762,8,54,38526,849158,0.100999,29394,793497,0.094379,40870,1642655,0.195379,8407551
2,2021-03-03,79939,2495307,38837,1264389,41088,1230850,14,68,45184,862372,0.102571,34552,828049,0.098489,47766,1690421,0.20106,8407551
2,2021-03-04,87722,2583029,43290,1307679,44401,1275251,31,99,50553,878393,0.104477,36939,864988,0.102882,52960,1743381,0.207359,8407551
2,2021-03-05,81311,2664340,38332,1346011,42672,1317923,307,406,49774,899521,0.10699,31329,896317,0.106609,52457,1795838,0.213598,8407551
2,2021-03-06,62585,2726925,30592,1376603,30306,1348229,1687,2093,38537,917259,0.109099,23922,920239,0.109454,41660,1837498,0.218553,8407551
2,2021-03-07,27767,2754692,16187,1392790,10603,1358832,977,3070,17842,927328,0.110297,9860,930099,0.110627,19929,1857427,0.220924,8407551
2,2021-03-08,50336,2805028,23144,1415934,24720,1383552,2472,5542,31731,944672,0.11236,18495,948594,0.112826,35839,1893266,0.225186,8407551
2,2021-03-09,70240,2875268,32063,1447997,34390,1417942,3787,9329,38944,957583,0.113896,31171,979765,0.116534,44082,1937348,0.23043,8407551
2,2021-03-10,78169,2953437,36997,1484994,34624,1452566,6548,15877,41506,970513,0.115433,36458,1016223,0.12087,49388,1986736,0.236304,8407551
2,2021-03-11,93070,3046507,42960,1527954,41751,1494317,8359,24236,48585,984683,0.117119,44182,1060405,0.126125,58352,2045088,0.243244,8407551
2,2021-03-12,93935,3140442,38637,1566591,43303,1537620,11995,36231,46776,997975,0.1187,46916,1107321,0.131706,60208,2105296,0.250405,8407551
2,2021-03-13,69168,3209610,28923,1595514,32330,1569950,7915,44146,38112,1014375,0.12065,30927,1138248,0.135384,47327,2152623,0.256034,8407551
2,2021-03-14,37021,3246631,18289,1613803,14208,1584158,4524,48670,18603,1019941,0.121312,18317,1156565,0.137563,23883,2176506,0.258875,8407551
2,2021-03-15,67427,3314058,30432,1644235,31946,1616104,5049,53719,37256,1033395,0.122913,29954,1186519,0.141125,43408,2219914,0.264038,8407551
2,2021-03-16,86199,3400257,38155,1682390,44030,1660134,4014,57733,52305,1057126,0.125735,33721,1220240,0.145136,57452,2277366,0.270872,8407551
2,2021-03-17,92551,3492808,44315,1726705,44078,1704212,4158,61891,58895,1087628,0.129363,33397,1253637,0.149108,63899,2341265,0.278472,8407551
2,2021-03-18,97912,3590720,46729,1773434,46597,1750809,4586,66477,59932,1115032,0.132623,37681,1291318,0.15359,65085,2406350,0.286213,8407551
2,2021-03-19,97368,3688088,46096,1819530,45133,1795942,6139,72616,58081,1140791,0.135686,38999,1330317,0.158229,64758,2471108,0.293915,8407551
2,2021-03-20,69787,3757875,33760,1853290,32101,1828043,3926,76542,45845,1167232,0.138831,23700,1354017,0.161048,50141,2521249,0.299879,8407551
2,2021-03-21,33236,3791111,21537,1874827,9716,1837759,1983,78525,20071,1176688,0.139956,13032,1367049,0.162598,22488,2543737,0.302554,8407551
2,2021-03-22,62738,3853849,34521,1909348,25570,1863329,2647,81172,41754,1201229,0.142875,20762,1387811,0.165067,45303,2589040,0.307942,8407551
2,2021-03-23,83644,3937493,44510,1953858,36225,1899554,2909,84081,52451,1226502,0.145881,30926,1418737,0.168746,56199,2645239,0.314627,8407551
2,2021-03-24,91447,4028940,49187,2003045,39106,1938660,3154,87235,53850,1247049,0.148325,37277,1456014,0.173179,57824,2703063,0.321504,8407551
2,2021-03-25,101064,4130004,50978,2054023,46192,1984852,3894,91129,57463,1265896,0.150567,43272,1499286,0.178326,62119,2765182,0.328893,8407551
2,2021-03-26,103145,4233149,51193,2105216,48455,2033307,3497,94626,56800,1281256,0.152393,45985,1545271,0.183796,61345,2826527,0.336189,8407551
2,2021-03-27,75428,4308577,37585,2142801,34535,2067842,3308,97934,38020,1286269,0.15299,37172,1582443,0.188217,42185,2868712,0.341207,8407551
2,2021-03-28,37613,4346190,23221,2166022,13582,2081424,810,98744,20260,1290958,0.153547,17233,1599676,0.190267,21922,2890634,0.343814,8407551
2,2021-03-29,71096,4417286,36194,2202216,32633,2114057,2269,101013,40682,1304587,0.155168,30221,1629897,0.193861,43850,2934484,0.34903,8407551
2,2021-03-30,91766,4509052,44911,2247127,42501,2156558,4354,105367,51727,1321437,0.157173,39837,1669734,0.198599,56687,2991171,0.355772,8407551
2,2021-03-31,101077,4610129,52039,2299166,43920,2200478,5118,110485,57564,1341260,0.15953,43207,1712941,0.203738,63030,3054201,0.363269,8407551
2,2021-04-01,117378,4727507,56693,2355859,51473,2251951,9212,119697,64120,1362143,0.162014,52886,1765827,0.210029,73769,3127970,0.372043,8407551
2,2021-04-02,111542,4839049,51388,2407247,49992,2301943,10162,129859,60205,1382025,0.164379,50966,1816793,0.216091,70848,3198818,0.38047,8407551
2,2021-04-03,76719,4915768,37645,2444892,29255,2331198,9819,139678,38103,1391935,0.165558,38410,1855203,0.220659,48320,3247138,0.386217,8407551
2,2021-04-04,29025,4944793,14913,2459805,10263,2341461,3849,143527,13085,1393061,0.165692,15845,1871048,0.222544,16971,3264109,0.388235,8407551
2,2021-04-05,78987,5023780,38747,2498552,31448,2372909,8792,152319,38343,1400475,0.166573,40477,1911525,0.227358,47891,3312000,0.393932,8407551
2,2021-04-06,103853,5127633,50575,2549127,38574,2411483,14704,167023,49352,1410700,0.16779,54239,1965764,0.233809,64464,3376464,0.401599,8407551
2,2021-04-07,110390,5238023,55061,2604188,39097,2450580,16232,183255,52074,1421252,0.169045,58042,2023806,0.240713,68594,3445058,0.409758,8407551
2,2021-04-08,119323,5357346,57433,2661621,43164,2493744,18726,201981,55418,1432428,0.170374,63562,2087368,0.248273,74738,3519796,0.418647,8407551
2,2021-04-09,118815,5476161,57159,2718780,43491,2537235,18165,220146,56196,1445399,0.171917,62252,2149620,0.255677,75223,3595019,0.427594,8407551
2,2021-04-10,87524,5563685,37787,2756567,31375,2568610,18362,238508,36157,1449500,0.172405,51105,2200725,0.261756,55206,3650225,0.43416,8407551
2,2021-04-11,44467,5608152,23048,2779615,12954,2581564,8465,246973,18212,1450789,0.172558,26120,2226845,0.264863,27409,3677634,0.43742,8407551
2,2021-04-12,79976,5688128,37250,2816865,33334,2614898,9392,256365,35698,1452866,0.172805,44012,2270857,0.270097,46089,3723723,0.442902,8407551
2,2021-04-13,101919,5790047,52872,2869737,48788,2663686,259,256624,55922,1464194,0.174152,45746,2316603,0.275538,57074,3780797,0.449691,8407551
2,2021-04-14,106721,5896768,55861,2925598,50808,2714494,52,256676,54696,1468645,0.174682,51728,2368331,0.281691,56179,3836976,0.456373,8407551
2,2021-04-15,113375,6010143,60255,2985853,53042,2767536,78,256754,59436,1475672,0.175517,53556,2421887,0.288061,60583,3897559,0.463578,8407551
2,2021-04-16,110669,6120812,57482,3043335,53137,2820673,50,256804,56339,1478925,0.175904,53984,2475871,0.294482,57237,3954796,0.470386,8407551
2,2021-04-17,83400,6204212,42436,3085771,40947,2861620,17,256821,46861,1490381,0.177267,36287,2512158,0.298798,47743,4002539,0.476065,8407551
2,2021-04-18,35566,6239778,21627,3107398,13933,2875553,6,256827,16947,1489835,0.177202,18484,2530642,0.300996,17938,4020477,0.478198,8407551
2,2021-04-19,74844,6314622,40319,3147717,34509,2910062,16,256843,34200,1484305,0.176544,40369,2571011,0.305798,34839,4055316,0.482342,8407551
2,2021-04-20,97559,6412181,49463,3197180,48069,2958131,27,256870,47475,1482797,0.176365,49752,2620763,0.311715,48244,4103560,0.48808,8407551
2,2021-04-21,103329,6515510,55965,3253145,47309,3005440,55,256925,48942,1478812,0.175891,53952,2674715,0.318132,49967,4153527,0.494023,8407551
2,2021-04-22,107358,6622868,55571,3308716,51765,3057205,22,256947,47083,1466928,0.174477,59884,2734599,0.325255,48000,4201527,0.499733,8407551
2,2021-04-23,106756,6729624,56779,3365495,49959,3107164,18,256965,49367,1460250,0.173683,56983,2791582,0.332033,50305,4251832,0.505716,8407551
2,2021-04-24,79734,6809358,47080,3412575,32614,3139778,40,257005,41662,1465128,0.174263,37753,2829335,0.336523,42631,4294463,0.510786,8407551
2,2021-04-25,36197,6845555,22279,3434854,13903,3153681,15,257020,19699,1468941,0.174717,16371,2845706,0.33847,20184,4314647,0.513187,8407551
2,2021-04-26,73568,6919123,40784,3475638,32481,3186162,303,257323,33902,1465186,0.17427,39407,2885113,0.343157,35652,4350299,0.517428,8407551
2,2021-04-27,87737,7006860,46241,3521879,40134,3226296,1362,258685,37717,1455833,0.173158,49663,2934776,0.349064,40310,4390609,0.522222,8407551
2,2021-04-28,87487,7094347,46765,3568644,38860,3265156,1862,260547,38639,1448713,0.172311,48532,2983308,0.354837,41412,4432021,0.527148,8407551
2,2021-04-29,90189,7184536,49124,3617768,39369,3304525,1696,262243,35092,1431362,0.170247,54738,3038046,0.361347,37387,4469408,0.531595,8407551
2,2021-04-30,93781,7278317,51856,3669624,39937,3344462,1988,264231,36489,1413626,0.168138,56864,3094910,0.368111,39128,4508536,0.536248,8407551
2,2021-05-01,61769,7340086,37728,3707352,22476,3366938,1565,265796,24032,1402630,0.16683,37440,3132350,0.372564,26444,4534980,0.539394,8407551
2,2021-05-02,29107,7369193,20193,3727545,7942,3374880,972,266768,11074,1396867,0.166144,17898,3150248,0.374693,12135,4547115,0.540837,8407551
2,2021-05-03,59887,7429080,35461,3763006,22382,3397262,2044,268812,20152,1379862,0.164122,39469,3189717,0.379387,22464,4569579,0.543509,8407551
2,2021-05-04,79403,7508483,47403,3810409,29632,3426894,2368,271180,25817,1355182,0.161186,53263,3242980,0.385722,28583,4598162,0.546909,8407551
2,2021-05-05,79808,7588291,47560,3857969,29905,3456799,2343,273523,25027,1328511,0.158014,54405,3297385,0.392193,27734,4625896,0.550207,8407551
2,2021-05-06,82078,7670369,49725,3907694,29454,3486253,2899,276422,25150,1300714,0.154708,56486,3353871,0.398912,28689,4654585,0.55362,8407551
2,2021-05-07,83059,7753428,47921,3955615,32713,3518966,2425,278847,25602,1272084,0.151303,57114,3410985,0.405705,28484,4683069,0.557008,8407551
2,2021-05-08,55133,7808561,33404,3989019,20021,3538987,1708,280555,17281,1254194,0.149175,37622,3448607,0.41018,19732,4702801,0.559354,8407551
2,2021-05-09,21688,7830249,15651,4004670,5296,3544283,741,281296,6334,1246223,0.148227,15277,3463884,0.411997,7306,4710107,0.560223,8407551
2,2021-05-10,49674,7879923,27114,4031784,20700,3564983,1860,283156,14023,1227292,0.145975,35425,3499309,0.41621,16494,4726601,0.562185,8407551
2,2021-05-11,65440,7945363,35308,4067092,28029,3593012,2103,285259,19802,1204528,0.143267,45359,3544668,0.421605,22595,4749196,0.564873,8407551
2,2021-05-12,64508,8009871,34495,4101587,27813,3620825,2200,287459,19035,1180970,0.140465,45181,3589849,0.426979,21623,4770819,0.567445,8407551
2,2021-05-13,70294,8080165,40975,4142562,27383,3648208,1936,289395,25851,1165316,0.138604,44169,3634018,0.432233,28515,4799334,0.570836,8407551
2,2021-05-14,79091,8159256,47500,4190062,29351,3677559,2240,291635,30473,1150413,0.136831,48264,3682282,0.437973,33361,4832695,0.574804,8407551
2,2021-05-15,65895,8225151,43310,4233372,20871,3698430,1714,293349,25555,1137962,0.13535,40111,3722393,0.442744,27660,4860355,0.578094,8407551
2,2021-05-16,31501,8256652,23551,4256923,7027,3705457,923,294272,12859,1133351,0.134802,18523,3740916,0.444947,13912,4874267,0.579749,8407551
2,2021-05-17,57640,8314292,36555,4293478,19147,3724604,1938,296210,22781,1123787,0.133664,34645,3775561,0.449068,25081,4899348,0.582732,8407551
2,2021-05-18,69778,8384070,40843,4334321,26975,3751579,1960,298170,27764,1112291,0.132297,41759,3817320,0.454035,30263,4929611,0.586331,8407551
2,2021-05-19,68342,8452412,40518,4374839,25837,3777416,1987,300157,27141,1100967,0.13095,40920,3858240,0.458902,29596,4959207,0.589852,8407551
2,2021-05-20,68732,8521144,39825,4414664,26735,3804151,2172,302329,26136,1087581,0.129358,42287,3900527,0.463931,28901,4988108,0.593289,8407551
2,2021-05-21,72207,8593351,42632,4457296,27441,3831592,2134,304463,27564,1073532,0.127687,44297,3944824,0.4692,30248,5018356,0.596887,8407551
2,2021-05-22,53197,8646548,33673,4490969,17759,3849351,1765,306228,22222,1067290,0.126944,30764,3975588,0.472859,24522,5042878,0.599803,8407551
2,2021-05-23,24072,8670620,16532,4507501,6816,3856167,724,306952,10185,1064567,0.12662,13765,3989353,0.474496,11042,5053920,0.601117,8407551
2,2021-05-24,44533,8715153,25341,4532842,17422,3873589,1770,308722,17164,1056682,0.125682,27158,4016511,0.477727,19273,5073193,0.603409,8407551
2,2021-05-25,50501,8765654,29597,4562439,19043,3892632,1861,310583,19238,1047349,0.124572,30975,4047486,0.481411,21642,5094835,0.605983,8407551
2,2021-05-26,48532,8814186,27228,4589667,19635,3912267,1669,312252,19005,1039162,0.123599,29209,4076695,0.484885,21022,5115857,0.608484,8407551
2,2021-05-27,46461,8860647,26312,4615979,18407,3930674,1742,313994,18598,1032372,0.122791,27633,4104328,0.488172,20843,5136700,0.610963,8407551
2,2021-05-28,49747,8910394,27498,4643477,20294,3950968,1955,315949,20940,1027132,0.122168,28559,4132887,0.491568,23319,5160019,0.613736,8407551
2,2021-05-29,28908,8939302,17302,4660779,10558,3961526,1048,316997,13245,1026076,0.122042,15516,4148403,0.493414,14460,5174479,0.615456,8407551
2,2021-05-30,12570,8951872,8093,4668872,3717,3965243,760,317757,5506,1025393,0.121961,7015,4155418,0.494248,6332,5180811,0.616209,8407551
2,2021-05-31,5876,8957748,3425,4672297,2149,3967392,302,318059,1827,1023573,0.121744,3998,4159416,0.494724,2178,5182989,0.616468,8407551
2,2021-06-01,44466,9002214,25592,4697889,17302,3984694,1572,319631,15557,1012449,0.120421,28633,4188049,0.498129,17509,5200498,0.618551,8407551
2,2021-06-02,38068,9040282,22390,4720279,14285,3998979,1393,321024,14967,1006252,0.119684,22849,4210898,0.500847,16652,5217150,0.620531,8407551
2,2021-06-03,41237,9081519,26588,4746867,13203,4012182,1446,322470,13937,994948,0.11834,27067,4237965,0.504067,15763,5232913,0.622406,8407551
2,2021-06-04,47817,9129336,31219,4778086,15060,4027242,1538,324008,15478,980428,0.116613,32061,4270026,0.50788,17541,5250454,0.624493,8407551
2,2021-06-05,37663,9166999,26900,4804986,9316,4036558,1447,325455,11793,968430,0.115186,25652,4295678,0.510931,13654,5264108,0.626117,8407551
2,2021-06-06,14794,9181793,12118,4817104,2094,4038652,582,326037,4658,963773,0.114632,10078,4305756,0.51213,5421,5269529,0.626761,8407551
2,2021-06-07,33100,9214893,23154,4840258,8677,4047329,1269,327306,10738,953803,0.113446,22223,4327979,0.514773,12253,5281782,0.628219,8407551
2,2021-06-08,40422,9255315,28620,4868878,10440,4057769,1362,328668,12419,940190,0.111827,27762,4355741,0.518075,14149,5295931,0.629902,8407551
2,2021-06-09,37908,9293223,26511,4895389,9908,4067677,1489,330157,11504,927291,0.110293,26214,4381955,0.521193,13315,5309246,0.631485,8407551
2,2021-06-10,37559,9330782,26146,4921535,9896,4077573,1517,331674,11707,915321,0.108869,25655,4407610,0.524244,13685,5322931,0.633113,8407551
2,2021-06-11,41061,9371843,27249,4948784,12145,4089718,1667,333341,13209,902893,0.107391,27594,4435204,0.527526,15166,5338097,0.634917,8407551
2,2021-06-12,29258,9401101,21538,4970322,6806,4096524,914,334255,8687,892264,0.106127,20442,4455646,0.529958,9813,5347910,0.636084,8407551
2,2021-06-13,12140,9413241,8865,4979187,2665,4099189,610,334865,3086,887138,0.105517,8989,4464635,0.531027,3863,5351773,0.636544,8407551
2,2021-06-14,29719,9442960,21088,5000275,7443,4106632,1188,336053,10286,879547,0.104614,19275,4483910,0.533319,11684,5363457,0.637933,8407551
2,2021-06-15,35376,9478336,23558,5023833,9784,4116416,2034,338087,11993,870803,0.103574,23148,4507058,0.536073,14404,5377861,0.639647,8407551
2,2021-06-16,32735,9511071,22591,5046424,8360,4124776,1784,339871,11325,862970,0.102642,21246,4528304,0.5386,13413,5391274,0.641242,8407551
2,2021-06-17,30516,9541587,20422,5066846,8316,4133092,1778,341649,10812,856237,0.101841,19531,4547835,0.540923,12798,5404072,0.642764,8407551
2,2021-06-18,34293,9575880,22589,5089435,9840,4142932,1864,343513,12520,849316,0.101018,21566,4569401,0.543488,14645,5418717,0.644506,8407551
2,2021-06-19,20725,9596605,14443,5103878,5034,4147966,1248,344761,7898,845976,0.100621,12671,4582072,0.544995,9331,5428048,0.645616,8407551
2,2021-06-20,8197,9604802,5848,5109726,1885,4149851,464,345225,3038,844428,0.100437,5117,4587189,0.545603,3569,5431617,0.64604,8407551
2,2021-06-21,19153,9623955,11716,5121442,6135,4155986,1302,346527,9850,846574,0.100692,9186,4596375,0.546696,11332,5442949,0.647388,8407551
2,2021-06-22,26642,9650597,18280,5139722,7016,4163002,1346,347873,10488,842685,0.10023,15989,4612364,0.548598,12100,5455049,0.648827,8407551
2,2021-06-23,25652,9676249,17722,5157444,6327,4169329,1603,349476,10450,839962,0.099906,15064,4627428,0.55039,12341,5467390,0.650295,8407551
2,2021-06-24,25017,9701266,17080,5174524,6491,4175820,1446,350922,10383,837522,0.099615,14497,4641925,0.552114,12057,5479447,0.651729,8407551
2,2021-06-25,28189,9729455,19113,5193637,7618,4183438,1458,352380,11809,834789,0.09929,16225,4658150,0.554044,13492,5492939,0.653334,8407551
2,2021-06-26,18273,9747728,13482,5207119,3900,4187338,891,353271,7447,832622,0.099033,10740,4668890,0.555321,8573,5501512,0.654354,8407551
2,2021-06-27,8716,9756444,6650,5213769,1615,4188953,451,353722,3506,831531,0.098903,5166,4674056,0.555935,4075,5505587,0.654838,8407551
2,2021-06-28,19377,9775821,14777,5228546,3431,4192384,1169,354891,8649,830860,0.098823,10621,4684677,0.557199,9950,5515537,0.656022,8407551
2,2021-06-29,22184,9798005,15497,5244043,5659,4198043,1028,355919,9455,828960,0.098597,12607,4697284,0.558698,10707,5526244,0.657295,8407551
2,2021-06-30,21114,9819119,15090,5259133,5057,4203100,967,356886,9377,827883,0.098469,11635,4708919,0.560082,10558,5536802,0.658551,8407551
2,2021-07-01,13093,9832212,9435,5268568,2988,4206088,670,357556,5669,826940,0.098357,7353,4716272,0.560957,6410,5543212,0.659314,8407551
3,2020-12-15,307,307,307,307,0,0,0,0,307,307,3.8e-05,0,0,0.0,307,307,3.8e-05,8129050
3,2020-12-16,2317,2624,2317,2624,0,0,0,0,2318,2625,0.000323,0,0,0.0,2318,2625,0.000323,8129050
3,2020-12-17,7791,10415,7791,10415,0,0,0,0,7791,10416,0.001281,0,0,0.0,7791,10416,0.001281,8129050
3,2020-12-18,13391,23806,13377,23792,14,14,0,0,13390,23806,0.002929,0,0,0.0,13390,23806,0.002929,8129050
3,2020-12-19,7223,31029,7212,31004,11,25,0,0,7287,31093,0.003825,0,0,0.0,7287,31093,0.003825,8129050
3,2020-12-20,5651,36680,5643,36647,8,33,0,0,5698,36790,0.004526,1,1,0.0,5698,36791,0.004526,8129050
3,2020-12-21,14344,51024,14319,50966,25,58,0,0,14408,51197,0.006298,1,2,0.0,14408,51199,0.006298,8129050
3,2020-12-22,14780,65804,14199,65165,581,639,0,0,14818,66014,0.008121,1,3,0.0,14818,66017,0.008121,8129050
3,2020-12-23,14822,80626,12213,77378,2609,3248,0,0,14848,80861,0.009947,2,5,1e-06,14849,80866,0.009948,8129050
3,2020-12-24,6788,87414,4871,82249,1917,5165,0,0,6785,87644,0.010782,2,7,1e-06,6785,87651,0.010782,8129050
3,2020-12-25,723,88137,666,82915,57,5222,0,0,721,88365,0.01087,0,7,1e-06,721,88372,0.010871,8129050
3,2020-12-26,4614,92751,2993,85908,1621,6843,0,0,4612,92977,0.011438,0,7,1e-06,4612,92984,0.011438,8129050
3,2020-12-27,2984,95735,1854,87762,1130,7973,0,0,2984,95961,0.011805,0,7,1e-06,2984,95968,0.011806,8129050
3,2020-12-28,13628,109363,8728,96490,4900,12873,0,0,13654,109614,0.013484,1,8,1e-06,13654,109622,0.013485,8129050
3,2020-12-29,15011,124374,8469,104959,6542,19415,0,0,15038,124650,0.015334,2,10,1e-06,15038,124660,0.015335,8129050
3,2020-12-30,17998,142372,10027,114986,7971,27386,0,0,18002,142651,0.017548,2,12,1e-06,18003,142663,0.01755,8129050
3,2020-12-31,8444,150816,3233,118219,5211,32597,0,0,8443,151092,0.018587,2,14,2e-06,8443,151106,0.018588,8129050
3,2021-01-01,1392,152208,644,118863,748,33345,0,0,1388,152479,0.018757,1,15,2e-06,1388,152494,0.018759,8129050
3,2021-01-02,4941,157149,2423,121286,2518,35863,0,0,4941,157420,0.019365,0,15,2e-06,4941,157435,0.019367,8129050
3,2021-01-03,1610,158759,846,122132,764,36627,0,0,1599,159015,0.019561,4,19,2e-06,1599,159034,0.019564,8129050
3,2021-01-04,11989,170748,5947,128079,6042,42669,0,0,11962,170970,0.021032,7,26,3e-06,11962,170996,0.021035,8129050
3,2021-01-05,15660,186408,8102,136181,7558,50227,0,0,14032,183417,0.022563,1613,1639,0.000202,14060,185056,0.022765,8129050
3,2021-01-06,20540,206948,10826,147007,9714,59941,0,0,16067,195060,0.023995,4432,6071,0.000747,16075,201131,0.024742,8129050
3,2021-01-07,26536,233484,15176,162183,11360,71301,0,0,17116,202802,0.024948,9389,15460,0.001902,17131,218262,0.02685,8129050
3,2021-01-08,30500,263984,18642,180825,11858,83159,0,0,18078,208503,0.025649,12399,27859,0.003427,18100,236362,0.029076,8129050
3,2021-01-09,12421,276405,7026,187851,5395,88554,0,0,7888,211873,0.026064,4527,32386,0.003984,7897,244259,0.030048,8129050
3,2021-01-10,7186,283591,4474,192325,2712,91266,0,0,4038,212770,0.026174,3146,35532,0.004371,4043,248302,0.030545,8129050
3,2021-01-11,28993,312584,18984,211309,10009,101275,0,0,16409,216646,0.026651,12576,48108,0.005918,16452,264754,0.032569,8129050
3,2021-01-12,32376,344960,19412,230721,12964,114239,0,0,19851,224079,0.027565,12505,60613,0.007456,19938,284692,0.035022,8129050
3,2021-01-13,34465,379425,18018,248739,16447,130686,0,0,24268,238168,0.029298,10199,70812,0.008711,24288,308980,0.038009,8129050
3,2021-01-14,34685,414110,14254,262993,20431,151117,0,0,28782,261112,0.032121,5876,76688,0.009434,28820,337800,0.041555,8129050
3,2021-01-15,38860,452970,14464,277457,24396,175513,0,0,34185,290704,0.035761,4663,81351,0.010007,34255,372055,0.045769,8129050
3,2021-01-16,21902,474872,7600,285057,14302,189815,0,0,19580,307997,0.037888,2309,83660,0.010291,19602,391657,0.04818,8129050
3,2021-01-17,13133,488005,4437,289494,8696,198511,0,0,12092,319069,0.03925,1039,84699,0.010419,12111,403768,0.04967,8129050
3,2021-01-18,24702,512707,12895,302389,11807,210318,0,0,19124,332642,0.04092,5593,90292,0.011107,19166,422934,0.052027,8129050
3,2021-01-19,40955,553662,20902,323291,20053,230371,0,0,31856,355511,0.043733,9074,99366,0.012224,31943,454877,0.055957,8129050
3,2021-01-20,45884,599546,22826,346117,23058,253429,0,0,36345,382443,0.047046,9496,108862,0.013392,36428,491305,0.060438,8129050
3,2021-01-21,48005,647551,20871,366988,27134,280563,0,0,42496,419579,0.051615,5434,114296,0.01406,42570,533875,0.065675,8129050
3,2021-01-22,49683,697234,19816,386804,29867,310430,0,0,45504,460974,0.056707,4182,118478,0.014575,45577,579452,0.071282,8129050
3,2021-01-23,30322,727556,12791,399595,17531,327961,0,0,27025,484762,0.059633,3290,121768,0.014979,27078,606530,0.074613,8129050
3,2021-01-24,17817,745373,8471,408066,9346,337307,0,0,16644,500268,0.061541,1169,122937,0.015123,16675,623205,0.076664,8129050
3,2021-01-25,40698,786071,18143,426209,22555,359862,0,0,30750,521178,0.064113,9926,132863,0.016344,30836,654041,0.080457,8129050
3,2021-01-26,47038,833109,22489,448698,24549,384411,0,0,36940,548140,0.06743,10084,142947,0.017585,37046,691087,0.085014,8129050
3,2021-01-27,51268,884377,24377,473075,26891,411302,0,0,40638,578302,0.07114,10556,153503,0.018883,40718,731805,0.090023,8129050
3,2021-01-28,51616,935993,23922,496997,27694,438996,0,0,42666,612165,0.075306,8861,162364,0.019973,42724,774529,0.095279,8129050
3,2021-01-29,50744,986737,24318,521315,26426,465422,0,0,41045,643754,0.079192,9503,171867,0.021142,41092,815621,0.100334,8129050
3,2021-01-30,37249,1023986,17578,538893,19671,485093,0,0,32521,671687,0.082628,4672,176539,0.021717,32605,848226,0.104345,8129050
3,2021-01-31,22210,1046196,12571,551464,9639,494732,0,0,20807,691122,0.085019,1391,177930,0.021888,20826,869052,0.106907,8129050
3,2021-02-01,45719,1091915,20865,572329,24854,519586,0,0,34871,715226,0.087984,10801,188731,0.023217,34905,903957,0.111201,8129050
3,2021-02-02,54316,1146231,22583,594912,31733,551319,0,0,41866,744785,0.09162,12358,201089,0.024737,41917,945874,0.116357,8129050
3,2021-02-03,60112,1206343,26786,621698,33326,584645,0,0,44670,774250,0.095245,15278,216367,0.026617,44743,990617,0.121861,8129050
3,2021-02-04,64379,1270722,27961,649659,36418,621063,0,0,47187,804567,0.098974,16980,233347,0.028705,47297,1037914,0.12768,8129050
3,2021-02-05,70292,1341014,29879,679538,40413,661476,0,0,48532,831766,0.10232,21504,254851,0.031351,48703,1086617,0.133671,8129050
3,2021-02-06,43880,1384894,21189,700727,22691,684167,0,0,34119,856353,0.105345,9714,264565,0.032546,34301,1120918,0.13789,8129050
3,2021-02-07,19518,1404412,12366,713093,7152,691319,0,0,15013,867002,0.106655,4490,269055,0.033098,15139,1136057,0.139753,8129050
3,2021-02-08,51108,1455520,24634,737727,26474,717793,0,0,33494,883198,0.108647,17482,286537,0.035249,33678,1169735,0.143896,8129050
3,2021-02-09,58423,1513943,28394,766121,30029,747822,0,0,34239,893784,0.109949,24001,310538,0.038201,34587,1204322,0.14815,8129050
3,2021-02-10,67943,1581886,31565,797686,36378,784200,0,0,36482,899597,0.110664,31202,341740,0.042039,37015,1241337,0.152704,8129050
3,2021-02-11,70605,1652491,34790,832476,35815,820015,0,0,37450,904809,0.111306,32775,374515,0.046071,37987,1279324,0.157377,8129050
3,2021-02-12,75479,1727970,32691,865167,42788,862803,0,0,41619,913662,0.112395,33547,408062,0.050198,42400,1321724,0.162593,8129050
3,2021-02-13,45196,1773166,20481,885648,24715,887518,0,0,26014,921188,0.11332,19072,427134,0.052544,26598,1348322,0.165865,8129050
3,2021-02-14,27295,1800461,13656,899304,13639,901157,0,0,15183,924761,0.11376,12058,439192,0.054027,15631,1363953,0.167788,8129050
3,2021-02-15,40041,1840502,17213,916517,22828,923985,0,0,22147,930046,0.11441,17798,456990,0.056217,23083,1387036,0.170627,8129050
3,2021-02-16,70036,1910538,33145,949662,36891,960876,0,0,36401,933985,0.114895,33489,490479,0.060337,37428,1424464,0.175231,8129050
3,2021-02-17,71770,1982308,36339,986001,35431,996307,0,0,34137,931791,0.114625,37407,527886,0.064938,35213,1459677,0.179563,8129050
3,2021-02-18,76955,2059263,40217,1026218,36738,1033045,0,0,35637,927628,0.114113,41145,569031,0.07,36982,1496659,0.184112,8129050
3,2021-02-19,69065,2128328,39780,1065998,29285,1062330,0,0,34892,929178,0.114303,34036,603067,0.074187,35586,1532245,0.18849,8129050
3,2021-02-20,42786,2171114,26967,1092965,15819,1078149,0,0,22446,931902,0.114638,20222,623289,0.076674,22946,1555191,0.191313,8129050
3,2021-02-21,23929,2195043,19243,1112208,4686,1082835,0,0,11791,932028,0.114654,12046,635335,0.078156,12172,1567363,0.19281,8129050
3,2021-02-22,46421,2241464,30258,1142466,16163,1098998,0,0,21820,929852,0.114386,24483,659818,0.081168,22307,1589670,0.195554,8129050
3,2021-02-23,62038,2303502,33820,1176286,28218,1127216,0,0,27232,924444,0.113721,34627,694445,0.085428,29219,1618889,0.199149,8129050
3,2021-02-24,77409,2380911,37908,1214194,39501,1166717,0,0,34482,918711,0.113016,42727,737172,0.090684,36994,1655883,0.203699,8129050
3,2021-02-25,86330,2467241,42043,1256237,44287,1211004,0,0,43255,921740,0.113388,42818,779990,0.095951,45847,1701730,0.209339,8129050
3,2021-02-26,97069,2564310,44398,1300635,52671,1263675,0,0,51527,930290,0.11444,45179,825169,0.101509,53729,1755459,0.215949,8129050
3,2021-02-27,68618,2632928,31572,1332207,37043,1300718,3,3,36511,936198,0.115167,31913,857082,0.105434,37821,1793280,0.220601,8129050
3,2021-02-28,39917,2672845,22972,1355179,16942,1317660,3,6,20741,938880,0.115497,19012,876094,0.107773,21694,1814974,0.22327,8129050
3,2021-03-01,67636,2740481,35905,1391084,31706,1349366,25,31,37812,948416,0.11667,29640,905734,0.111419,39176,1854150,0.228089,8129050
3,2021-03-02,78120,2818601,38609,1429693,39503,1388869,8,39,45720,963950,0.118581,32261,937995,0.115388,47795,1901945,0.233969,8129050
3,2021-03-03,89153,2907754,42776,1472469,46359,1435228,18,57,50052,977399,0.120235,38888,976883,0.120172,52337,1954282,0.240407,8129050
3,2021-03-04,93164,3000918,45636,1518105,47507,1482735,21,78,52988,992728,0.122121,39955,1016838,0.125087,55284,2009566,0.247208,8129050
3,2021-03-05,89775,3090693,43986,1562091,45499,1528234,290,368,54884,1015471,0.124919,34660,1051498,0.129351,57403,2066969,0.254269,8129050
3,2021-03-06,65006,3155699,32931,1595022,29928,1558162,2147,2515,37324,1028878,0.126568,27537,1079035,0.132738,40944,2107913,0.259306,8129050
3,2021-03-07,37860,3193559,22398,1617420,14310,1572472,1152,3667,21641,1036688,0.127529,16150,1095185,0.134725,23960,2131873,0.262254,8129050
3,2021-03-08,59218,3252777,28339,1645759,28015,1600487,2864,6531,37569,1057172,0.130049,21493,1116678,0.137369,41977,2173850,0.267417,8129050
3,2021-03-09,76747,3329524,35505,1681264,36871,1637358,4371,10902,41329,1068753,0.131473,35286,1151964,0.14171,46867,2220717,0.273183,8129050
3,2021-03-10,82907,3412431,41374,1722638,35445,1672803,6088,16990,43353,1080251,0.132888,39338,1191302,0.146549,50836,2271553,0.279436,8129050
3,2021-03-11,97073,3509504,47500,1770138,41002,1713805,8571,25561,47603,1088304,0.133878,49207,1240509,0.152602,57260,2328813,0.28648,8129050
3,2021-03-12,101957,3611461,45418,1815556,44688,1758493,11851,37412,46772,1093118,0.134471,54954,1295463,0.159362,59768,2388581,0.293833,8129050
3,2021-03-13,70551,3682012,29686,1845242,33626,1792119,7239,44651,37351,1105986,0.136054,33079,1328542,0.163431,45947,2434528,0.299485,8129050
3,2021-03-14,41319,3723331,21569,1866811,16186,1808305,3564,48215,20793,1110533,0.136613,20442,1348984,0.165946,24989,2459517,0.302559,8129050
3,2021-03-15,75623,3798954,35845,1902656,35235,1843540,4543,52758,39915,1120508,0.13784,35491,1384475,0.170312,45466,2504983,0.308152,8129050
3,2021-03-16,95024,3893978,43822,1946478,46880,1890420,4322,57080,53584,1138136,0.140008,41205,1425680,0.175381,58833,2563816,0.315389,8129050
3,2021-03-17,98167,3992145,47705,1994183,45951,1936371,4511,61591,59846,1165079,0.143323,38087,1463767,0.180066,65030,2628846,0.323389,8129050
3,2021-03-18,103542,4095687,52701,2046884,46326,1982697,4515,66106,59820,1186527,0.145961,43449,1507216,0.185411,64897,2693743,0.331372,8129050
3,2021-03-19,103226,4198913,55390,2102274,43379,2026076,4457,70563,57931,1204465,0.148168,45018,1552234,0.190949,62956,2756699,0.339117,8129050
3,2021-03-20,71802,4270715,37005,2139279,31164,2057240,3633,74196,44604,1226198,0.150841,27012,1579246,0.194272,48745,2805444,0.345113,8129050
3,2021-03-21,36167,4306882,24696,2163975,9969,2067209,1502,75698,21969,1236045,0.152053,14100,1593346,0.196006,23947,2829391,0.348059,8129050
3,2021-03-22,70428,4377310,41428,2205403,26485,2093694,2515,78213,45143,1259654,0.154957,25067,1618413,0.19909,48676,2878067,0.354047,8129050
3,2021-03-23,89617,4466927,49629,2255032,37469,2131163,2519,80732,55234,1283989,0.157951,34129,1652542,0.203288,58464,2936531,0.361239,8129050
3,2021-03-24,98566,4565493,56760,2311792,38909,2170072,2897,83629,56409,1302092,0.160178,41811,1694353,0.208432,59914,2996445,0.368609,8129050
3,2021-03-25,107121,4672614,59539,2371331,44636,2214708,2946,86575,60747,1320387,0.162428,46042,1740395,0.214096,64337,3060782,0.376524,8129050
3,2021-03-26,110346,4782960,59234,2430565,47808,2262516,3304,89879,57432,1329363,0.163532,52604,1792999,0.220567,61580,3122362,0.384099,8129050
3,2021-03-27,74432,4857392,37878,2468443,34009,2296525,2545,92424,36342,1331043,0.163739,37879,1830878,0.225227,39559,3161921,0.388966,8129050
3,2021-03-28,44323,4901715,27919,2496362,15592,2312117,812,93236,22518,1333321,0.164019,21694,1852572,0.227895,23972,3185893,0.391915,8129050
3,2021-03-29,80527,4982242,42063,2538425,36604,2348721,1860,95096,44351,1344418,0.165384,35927,1888499,0.232315,47024,3232917,0.397699,8129050
3,2021-03-30,100069,5082311,49176,2587601,47266,2395987,3627,98723,56257,1361339,0.167466,43565,1932064,0.237674,60486,3293403,0.40514,8129050
3,2021-03-31,104985,5187296,56613,2644214,43535,2439522,4837,103560,56194,1374130,0.169039,48571,1980635,0.243649,61362,3354765,0.412688,8129050
3,2021-04-01,123441,5310737,62428,2706642,51273,2490795,9740,113300,66808,1394735,0.171574,56262,2036897,0.25057,76867,3431632,0.422144,8129050
3,2021-04-02,117847,5428584,57543,2764185,49987,2540782,10317,123617,62486,1412940,0.173814,55085,2091982,0.257346,73290,3504922,0.43116,8129050
3,2021-04-03,76061,5504645,38867,2803052,27962,2568744,9232,132849,38005,1422577,0.174999,37917,2129899,0.262011,47554,3552476,0.43701,8129050
3,2021-04-04,32403,5537048,17323,2820375,10867,2579611,4213,137062,14231,1422963,0.175047,18090,2147989,0.264236,18476,3570952,0.439283,8129050
3,2021-04-05,89033,5626081,45194,2865569,34711,2614322,9128,146190,43538,1431178,0.176057,45280,2193269,0.269806,53495,3624447,0.445864,8129050
3,2021-04-06,113348,5739429,55167,2920736,43005,2657327,15176,161366,53396,1440774,0.177238,59687,2252956,0.277149,69283,3693730,0.454386,8129050
3,2021-04-07,116288,5855717,60154,2980890,39841,2697168,16293,177659,56288,1453882,0.17885,59752,2312708,0.284499,72860,3766590,0.463349,8129050
3,2021-04-08,121366,5977083,60410,3041300,40809,2737977,20147,197806,56264,1466259,0.180373,64807,2377515,0.292471,77184,3843774,0.472844,8129050
3,2021-04-09,118303,6095386,58973,3100273,40195,2778172,19135,216941,51958,1472149,0.181097,66105,2443620,0.300603,71995,3915769,0.481701,8129050
3,2021-04-10,84371,6179757,37865,3138138,31247,2809419,15259,232200,34313,1472653,0.181159,49888,2493508,0.30674,50392,3966161,0.4879,8129050
3,2021-04-11,45260,6225017,24290,3162428,13002,2822421,7968,240168,17178,1470641,0.180912,27992,2521500,0.310184,25980,3992141,0.491096,8129050
3,2021-04-12,83938,6308955,42427,3204855,32739,2855160,8772,248940,38039,1472868,0.181186,45670,2567170,0.315802,47897,4040038,0.496988,8129050
3,2021-04-13,105463,6414418,57140,3261995,48108,2903268,215,249155,55706,1480139,0.18208,49532,2616702,0.321895,56803,4096841,0.503975,8129050
3,2021-04-14,107649,6522067,58851,3320846,48701,2951969,97,249252,53615,1481535,0.182252,53752,2670454,0.328508,55148,4151989,0.510759,8129050
3,2021-04-15,119405,6641472,67198,3388044,52133,3004102,74,249326,63982,1491282,0.183451,55115,2725569,0.335288,64862,4216851,0.518738,8129050
3,2021-04-16,115494,6756966,64786,3452830,50613,3054715,95,249421,60391,1497630,0.184232,54803,2780372,0.342029,61151,4278002,0.526261,8129050
3,2021-04-17,79406,6836372,43323,3496153,36069,3090784,14,249435,44309,1508039,0.185512,34881,2815253,0.34632,45290,4323292,0.531832,8129050
3,2021-04-18,38703,6875075,23333,3519486,15367,3106151,3,249438,18212,1506747,0.185353,20389,2835642,0.348828,19097,4342389,0.534182,8129050
3,2021-04-19,79244,6954319,44164,3563650,35027,3141178,53,249491,35859,1499952,0.184518,43214,2878856,0.354144,36419,4378808,0.538662,8129050
3,2021-04-20,100876,7055195,53105,3616755,47754,3188932,17,249508,49041,1498441,0.184332,51595,2930451,0.360491,50084,4428892,0.544823,8129050
3,2021-04-21,105508,7160703,59233,3675988,46207,3235139,68,249576,49911,1494253,0.183816,55251,2985702,0.367288,51063,4479955,0.551104,8129050
3,2021-04-22,111221,7271924,62490,3738478,48710,3283849,21,249597,47908,1480165,0.182083,62979,3048681,0.375035,48891,4528846,0.557119,8129050
3,2021-04-23,105586,7377510,60407,3798885,45153,3329002,26,249623,46340,1468618,0.180663,58925,3107606,0.382284,47378,4576224,0.562947,8129050
3,2021-04-24,73149,7450659,45247,3844132,27839,3356841,63,249686,35714,1468206,0.180612,37182,3144788,0.386858,36770,4612994,0.56747,8129050
3,2021-04-25,36657,7487316,23400,3867532,13240,3370081,17,249703,18715,1469541,0.180776,17805,3162593,0.389048,19140,4632134,0.569825,8129050
3,2021-04-26,73425,7560741,41419,3908951,31601,3401682,405,250108,31408,1460929,0.179717,41766,3204359,0.394186,33154,4665288,0.573903,8129050
3,2021-04-27,90675,7651416,47593,3956544,41345,3443027,1737,251845,36055,1445159,0.177777,54331,3258690,0.40087,38561,4703849,0.578647,8129050
3,2021-04-28,86316,7737732,48987,4005531,35201,3478228,2128,253973,35332,1432444,0.176213,50705,3309395,0.407107,37990,4741839,0.58332,8129050
3,2021-04-29,88438,7826170,50551,4056082,35694,3513922,2193,256166,31603,1410201,0.173477,56524,3365919,0.414061,34281,4776120,0.587537,8129050
3,2021-04-30,90066,7916236,50800,4106882,36786,3550708,2480,258646,33548,1390487,0.171052,56212,3422131,0.420976,36498,4812618,0.592027,8129050
3,2021-05-01,54866,7971102,34504,4141386,18901,3569609,1461,260107,19727,1377231,0.169421,34927,3457058,0.425272,21671,4834289,0.594693,8129050
3,2021-05-02,26813,7997915,18294,4159680,7508,3577117,1011,261118,9833,1371275,0.168688,16897,3473955,0.427351,10941,4845230,0.596039,8129050
3,2021-05-03,59218,8057133,34589,4194269,22266,3599383,2363,263481,17385,1349560,0.166017,41642,3515597,0.432473,19927,4865157,0.59849,8129050
3,2021-05-04,77226,8134359,44634,4238903,29938,3629321,2654,266135,22489,1320528,0.162446,54461,3570058,0.439173,25429,4890586,0.601618,8129050
3,2021-05-05,78702,8213061,47284,4286187,28728,3658049,2690,268825,21876,1288856,0.158549,56523,3626581,0.446126,24851,4915437,0.604675,8129050
3,2021-05-06,82695,8295756,52209,4338396,27965,3686014,2521,271346,20640,1250958,0.153887,61605,3688186,0.453704,23707,4939144,0.607592,8129050
3,2021-05-07,82013,8377769,51091,4389487,28304,3714318,2618,273964,21819,1215825,0.149565,59864,3748050,0.461069,24731,4963875,0.610634,8129050
3,2021-05-08,52170,8429939,32321,4421808,18147,3732465,1702,275666,13856,1193593,0.146831,38065,3786115,0.465751,15833,4979708,0.612582,8129050
3,2021-05-09,20866,8450805,15274,4437082,4807,3737272,785,276451,5524,1184712,0.145738,15257,3801372,0.467628,6376,4986084,0.613366,8129050
3,2021-05-10,47630,8498435,25610,4462692,20119,3757391,1901,278352,11094,1161624,0.142898,36346,3837718,0.472099,13258,4999342,0.614997,8129050
3,2021-05-11,63585,8562020,35541,4498233,25838,3783229,2206,280558,16123,1133186,0.1394,47234,3884952,0.47791,18796,5018138,0.617309,8129050
3,2021-05-12,64284,8626304,37011,4535244,24884,3808113,2389,282947,16510,1104844,0.135913,47539,3932491,0.483758,19197,5037335,0.619671,8129050
3,2021-05-13,74646,8700950,47224,4582468,25529,3833642,1893,284840,27461,1087858,0.133824,46949,3979440,0.489533,29963,5067298,0.623357,8129050
3,2021-05-14,79656,8780606,50491,4632959,27040,3860682,2125,286965,31004,1073204,0.132021,48382,4027822,0.495485,33728,5101026,0.627506,8129050
3,2021-05-15,61685,8842291,42583,4675542,17898,3878580,1204,288169,25568,1064264,0.130921,35929,4063751,0.499905,26989,5128015,0.630826,8129050
3,2021-05-16,32996,8875287,24662,4700204,7647,3886227,687,288856,13361,1058870,0.130258,19528,4083279,0.502307,14134,5142149,0.632565,8129050
3,2021-05-17,56667,8931954,36101,4736305,18738,3904965,1828,290684,20968,1046432,0.128727,35439,4118718,0.506667,23001,5165150,0.635394,8129050
3,2021-05-18,64131,8996085,37968,4774273,24323,3929288,1840,292524,24223,1033243,0.127105,39645,4158363,0.511544,26456,5191606,0.638649,8129050
3,2021-05-19,63349,9059434,38658,4812931,22960,3952248,1731,294255,24713,1021562,0.125668,38397,4196760,0.516267,26716,5218322,0.641935,8129050
3,2021-05-20,60986,9120420,35757,4848688,23411,3975659,1818,296073,21990,1006986,0.123875,38731,4235491,0.521031,24155,5242477,0.644906,8129050
3,2021-05-21,65349,9185769,39767,4888455,23500,3999159,2082,298155,23459,991222,0.121936,41601,4277092,0.526149,25837,5268314,0.648085,8129050
3,2021-05-22,45448,9231217,30133,4918588,13851,4013010,1464,299619,19017,985722,0.121259,26238,4303330,0.529377,20738,5289052,0.650636,8129050
3,2021-05-23,21347,9252564,14941,4933529,5758,4018768,648,300267,9138,983492,0.120985,12126,4315456,0.530868,9896,5298948,0.651853,8129050
3,2021-05-24,39313,9291877,23015,4956544,14554,4033322,1744,302011,14645,975593,0.120013,24494,4339950,0.533882,16595,5315543,0.653895,8129050
3,2021-05-25,42481,9334358,23931,4980475,16894,4050216,1656,303667,15130,965497,0.118771,27104,4367054,0.537216,17008,5332551,0.655987,8129050
3,2021-05-26,42142,9376500,24156,5004631,16278,4066494,1708,305375,15842,957163,0.117746,26017,4393071,0.540416,17683,5350234,0.658162,8129050
3,2021-05-27,39223,9415723,21998,5026629,15484,4081978,1741,307116,15453,950978,0.116985,23619,4416690,0.543322,17434,5367668,0.660307,8129050
3,2021-05-28,42543,9458266,24036,5050665,16717,4098695,1790,308906,17708,946156,0.116392,24639,4441329,0.546353,19817,5387485,0.662745,8129050
3,2021-05-29,23341,9481607,14247,5064912,8258,4106953,836,309742,10936,945766,0.116344,12285,4453614,0.547864,11895,5399380,0.664208,8129050
3,2021-05-30,10534,9492141,6832,5071744,3071,4110024,631,310373,4437,944845,0.116231,6029,4459643,0.548606,5108,5404488,0.664836,8129050
3,2021-05-31,4608,9496749,2656,5074400,1684,4111708,268,310641,1448,943457,0.11606,3131,4462774,0.548991,1743,5406231,0.665051,8129050
3,2021-06-01,37552,9534301,21644,5096044,14476,4126184,1432,312073,13160,934064,0.114904,24181,4486955,0.551965,14788,5421019,0.66687,8129050
3,2021-06-02,31400,9565701,18044,5114088,11943,4138127,1413,313486,11631,927665,0.114117,19569,4506524,0.554373,13170,5434189,0.66849,8129050
3,2021-06-03,39466,9605167,27012,5141100,11032,4149159,1422,314908,11472,912963,0.112309,27816,4534340,0.557795,13114,5447303,0.670103,8129050
3,2021-06-04,45997,9651164,32548,5173648,11916,4161075,1533,316441,13095,895325,0.110139,32671,4567011,0.561814,15033,5462336,0.671953,8129050
3,2021-06-05,34168,9685332,25765,5199413,7215,4168290,1188,317629,8687,880101,0.108266,25280,4592291,0.564923,10056,5472392,0.67319,8129050
3,2021-06-06,14523,9699855,12125,5211538,1818,4170108,580,318209,3712,873797,0.107491,10756,4603047,0.566247,4452,5476844,0.673737,8129050
3,2021-06-07,30249,9730104,22000,5233538,6976,4177084,1273,319482,8670,862414,0.10609,21444,4624491,0.568885,10061,5486905,0.674975,8129050
3,2021-06-08,34216,9764320,24582,5258120,8349,4185433,1285,320767,9971,849845,0.104544,24035,4648526,0.571841,11466,5498371,0.676385,8129050
3,2021-06-09,32815,9797135,23813,5281933,7715,4193148,1287,322054,8860,836357,0.102885,23790,4672316,0.574768,10302,5508673,0.677653,8129050
3,2021-06-10,32324,9829459,23339,5305272,7457,4200605,1528,323582,9024,823941,0.101358,23162,4695478,0.577617,10746,5519419,0.678975,8129050
3,2021-06-11,35305,9864764,24965,5330237,8981,4209586,1359,324941,10489,811336,0.099807,24632,4720110,0.580647,12027,5531446,0.680454,8129050
3,2021-06-12,25048,9889812,18889,5349126,5269,4214855,890,325831,6694,800828,0.098514,18240,4738350,0.582891,7732,5539178,0.681405,8129050
3,2021-06-13,10090,9899902,7550,5356676,2048,4216903,492,326323,2363,796073,0.097929,7677,4746027,0.583835,2922,5542100,0.681765,8129050
3,2021-06-14,25645,9925547,18364,5375040,5875,4222778,1406,327729,8043,788184,0.096959,17473,4763500,0.585985,9584,5551684,0.682944,8129050
3,2021-06-15,28543,9954090,19336,5394376,7715,4230493,1492,329221,9680,780873,0.09606,18645,4782145,0.588278,11334,5563018,0.684338,8129050
3,2021-06-16,25670,9979760,18208,5412584,6069,4236562,1393,330614,8691,774305,0.095252,16804,4798949,0.590346,10236,5573254,0.685597,8129050
3,2021-06-17,24639,10004399,17670,5430254,5713,4242275,1256,331870,8559,768327,0.094516,15927,4814876,0.592305,9949,5583203,0.686821,8129050
3,2021-06-18,27745,10032144,19588,5449842,6599,4248874,1558,333428,9741,762000,0.093738,17790,4832666,0.594493,11463,5594666,0.688231,8129050
3,2021-06-19,15853,10047997,11630,5461472,3371,4252245,852,334280,5723,758668,0.093328,10010,4842676,0.595725,6678,5601344,0.689053,8129050
3,2021-06-20,6835,10054832,5137,5466609,1402,4253647,296,334576,2605,757442,0.093177,4179,4846855,0.596239,2953,5604297,0.689416,8129050
3,2021-06-21,16092,10070924,10182,5476791,4537,4258184,1373,335949,8038,759005,0.093369,7968,4854823,0.597219,9531,5613828,0.690588,8129050
3,2021-06-22,21890,10092814,15374,5492165,5261,4263445,1255,337204,8232,755098,0.092889,13543,4868366,0.598885,9636,5623464,0.691774,8129050
3,2021-06-23,20061,10112875,14099,5506264,4664,4268109,1298,338502,7984,752549,0.092575,11967,4880333,0.600357,9418,5632882,0.692932,8129050
3,2021-06-24,19780,10132655,13785,5520049,4569,4272678,1426,339928,7724,749915,0.092251,11895,4892228,0.60182,9261,5642143,0.694072,8129050
3,2021-06-25,23104,10155759,16392,5536441,5304,4277982,1408,341336,9056,746575,0.09184,13930,4906158,0.603534,10590,5652733,0.695374,8129050
3,2021-06-26,13709,10169468,10162,5546603,2782,4280764,765,342101,5725,745294,0.091683,7921,4914079,0.604508,6640,5659373,0.696191,8129050
3,2021-06-27,6652,10176120,5128,5551731,1215,4281979,309,342410,2852,744720,0.091612,3765,4917844,0.604972,3191,5662564,0.696584,8129050
3,2021-06-28,15667,10191787,12039,5563770,2575,4284554,1053,343463,6641,743560,0.091469,8930,4926774,0.60607,7770,5670334,0.69754,8129050
3,2021-06-29,17732,10209519,12513,5576283,4252,4288806,967,344430,7290,741614,0.09123,10333,4937107,0.607341,8387,5678721,0.698571,8129050
3,2021-06-30,16379,10225898,11669,5587952,3710,4292516,1000,345430,7047,740563,0.091101,9239,4946346,0.608478,8188,5686909,0.699579,8129050
3,2021-07-01,11029,10236927,7943,5595895,2229,4294745,857,346287,4525,739521,0.090973,6445,4952791,0.609271,5403,5692312,0.700243,8129050
4,2020-12-15,454,454,454,454,0,0,0,0,454,454,5.6e-05,0,0,0.0,454,454,5.6e-05,8037679
4,2020-12-16,3011,3465,3011,3465,0,0,0,0,3011,3465,0.000431,0,0,0.0,3011,3465,0.000431,8037679
4,2020-12-17,8904,12369,8904,12369,0,0,0,0,8904,12369,0.001539,0,0,0.0,8904,12369,0.001539,8037679
4,2020-12-18,16120,28489,16109,28478,11,11,0,0,16120,28489,0.003544,0,0,0.0,16120,28489,0.003544,8037679
4,2020-12-19,10354,38843,10345,38823,9,20,0,0,10289,38778,0.004825,0,0,0.0,10289,38778,0.004825,8037679
4,2020-12-20,7394,46237,7387,46210,7,27,0,0,7349,46127,0.005739,0,0,0.0,7349,46127,0.005739,8037679
4,2020-12-21,16361,62598,16335,62545,26,53,0,0,16294,62420,0.007766,1,1,0.0,16294,62421,0.007766,8037679
4,2020-12-22,17179,79777,16442,78987,737,790,0,0,17132,79549,0.009897,3,4,0.0,17132,79553,0.009898,8037679
4,2020-12-23,17086,96863,14379,93366,2707,3497,0,0,17055,96602,0.012019,2,6,1e-06,17055,96608,0.012019,8037679
4,2020-12-24,8524,105387,5949,99315,2575,6072,0,0,8524,105126,0.013079,0,6,1e-06,8524,105132,0.01308,8037679
4,2020-12-25,903,106290,798,100113,105,6177,0,0,903,106029,0.013191,0,6,1e-06,903,106035,0.013192,8037679
4,2020-12-26,6172,112462,3894,104007,2278,8455,0,0,6172,112201,0.013959,0,6,1e-06,6172,112207,0.01396,8037679
4,2020-12-27,3434,115896,1999,106006,1435,9890,0,0,3434,115635,0.014387,0,6,1e-06,3434,115641,0.014387,8037679
4,2020-12-28,15082,130978,9320,115326,5762,15652,0,0,15054,130688,0.016259,1,7,1e-06,15054,130695,0.01626,8037679
4,2020-12-29,15360,146338,8513,123839,6847,22499,0,0,15326,146014,0.018166,0,7,1e-06,15326,146021,0.018167,8037679
4,2020-12-30,18922,165260,11067,134906,7855,30354,0,0,18911,164923,0.020519,2,9,1e-06,18911,164932,0.02052,8037679
4,2020-12-31,8268,173528,3356,138262,4912,35266,0,0,8256,173170,0.021545,9,18,2e-06,8256,173188,0.021547,8037679
4,2021-01-01,1518,175046,675,138937,843,36109,0,0,1514,174682,0.021733,2,20,2e-06,1514,174702,0.021735,8037679
4,2021-01-02,5720,180766,3229,142166,2491,38600,0,0,5719,180400,0.022444,1,21,3e-06,5719,180421,0.022447,8037679
4,2021-01-03,2137,182903,1265,143431,872,39472,0,0,2121,182517,0.022708,4,25,3e-06,2121,182542,0.022711,8037679
4,2021-01-04,12933,195836,7003,150434,5930,45402,0,0,12885,195373,0.024307,29,54,7e-06,12885,195427,0.024314,8037679
4,2021-01-05,16876,212712,9998,160432,6878,52280,0,0,14688,207912,0.025867,2162,2216,0.000276,14701,210128,0.026143,8037679
4,2021-01-06,21578,234290,13222,173654,8356,60636,0,0,15520,217435,0.027052,6009,8225,0.001023,15532,225660,0.028075,8037679
4,2021-01-07,27933,262223,17025,190679,10908,71544,0,0,16691,222962,0.02774,11185,19410,0.002415,16712,242372,0.030154,8037679
4,2021-01-08,32795,295018,21057,211736,11738,83282,0,0,18293,226833,0.028221,14441,33851,0.004212,18312,260684,0.032433,8037679
4,2021-01-09,16285,311303,9645,221381,6640,89922,0,0,9465,229509,0.028554,6800,40651,0.005058,9476,270160,0.033612,8037679
4,2021-01-10,8766,320069,5657,227038,3109,93031,0,0,4148,229064,0.028499,4601,45252,0.00563,4156,274316,0.034129,8037679
4,2021-01-11,33433,353502,21912,248950,11521,104552,0,0,18850,233415,0.02904,14543,59795,0.007439,18894,293210,0.036479,8037679
4,2021-01-12,38561,392063,22248,271198,16313,120865,0,0,24248,243460,0.03029,14242,74037,0.009211,24287,317497,0.039501,8037679
4,2021-01-13,38789,430852,19191,290389,19598,140463,0,0,27404,259563,0.032293,11328,85365,0.010621,27431,344928,0.042914,8037679
4,2021-01-14,39292,470144,15121,305510,24171,164634,0,0,32113,284576,0.035405,7129,92494,0.011508,32142,377070,0.046913,8037679
4,2021-01-15,45338,515482,15737,321247,29601,194235,0,0,39698,318715,0.039653,5581,98075,0.012202,39720,416790,0.051855,8037679
4,2021-01-16,28724,544206,9352,330599,19372,213607,0,0,25572,341187,0.042448,3118,101193,0.01259,25590,442380,0.055038,8037679
4,2021-01-17,19064,563270,6669,337268,12395,226002,0,0,17536,357232,0.044445,1505,102698,0.012777,17550,459930,0.057222,8037679
4,2021-01-18,29470,592740,13643,350911,15827,241829,0,0,23465,374810,0.046632,5913,108611,0.013513,23491,483421,0.060144,8037679
4,2021-01-19,46111,638851,23173,374084,22938,264767,0,0,36736,402301,0.050052,9318,117929,0.014672,36809,520230,0.064724,8037679
4,2021-01-20,52617,691468,28186,402270,24431,289198,0,0,42069,433982,0.053993,10448,128377,0.015972,42129,562359,0.069965,8037679
4,2021-01-21,57555,749023,25882,428152,31673,320871,0,0,50794,478128,0.059486,6691,135068,0.016804,50837,613196,0.07629,8037679
4,2021-01-22,55322,804345,22259,450411,33063,353934,0,0,50143,523218,0.065096,5080,140148,0.017436,50170,663366,0.082532,8037679
4,2021-01-23,39657,844002,17402,467813,22255,376189,0,0,35314,554228,0.068954,4334,144482,0.017976,35344,698710,0.086929,8037679
4,2021-01-24,23943,867945,10489,478302,13454,389643,0,0,22051,574416,0.071465,1881,146363,0.01821,22069,720779,0.089675,8037679
4,2021-01-25,47968,915913,22127,500429,25841,415484,0,0,36829,600198,0.074673,11103,157466,0.019591,36885,757664,0.094264,8037679
4,2021-01-26,56785,972698,28909,529338,27876,443360,0,0,44504,632534,0.078696,12229,169695,0.021112,44565,802229,0.099809,8037679
4,2021-01-27,56194,1028892,26702,556040,29492,472852,0,0,45160,666791,0.082958,10955,180650,0.022475,45212,847441,0.105434,8037679
4,2021-01-28,56574,1085466,25493,581533,31081,503933,0,0,46570,703492,0.087524,9914,190564,0.023709,46615,894056,0.111233,8037679
4,2021-01-29,56561,1142027,27106,608639,29455,533388,0,0,46130,739410,0.091993,10246,200810,0.024984,46164,940220,0.116977,8037679
4,2021-01-30,38016,1180043,17118,625757,20898,554286,0,0,32648,766772,0.095397,5310,206120,0.025644,32672,972892,0.121041,8037679
4,2021-01-31,23872,1203915,12502,638259,11370,565656,0,0,22167,787271,0.097948,1685,207805,0.025854,22184,995076,0.123801,8037679
4,2021-02-01,49723,1253638,23977,662236,25746,591402,0,0,38029,813697,0.101235,11643,219448,0.027302,38069,1033145,0.128538,8037679
4,2021-02-02,55439,1309077,25461,687697,29978,621380,0,0,42554,843480,0.104941,12815,232263,0.028897,42598,1075743,0.133838,8037679
4,2021-02-03,62122,1371199,30477,718174,31645,653025,0,0,47779,877088,0.109122,14225,246488,0.030667,47833,1123576,0.139789,8037679
4,2021-02-04,67718,1438917,31534,749708,36184,689209,0,0,50894,911424,0.113394,16663,263151,0.03274,50999,1174575,0.146134,8037679
4,2021-02-05,73129,1512046,33843,783551,39286,728495,0,0,50957,940600,0.117024,21916,285067,0.035466,51092,1225667,0.15249,8037679
4,2021-02-06,48640,1560686,26125,809676,22515,751010,0,0,37140,966508,0.120247,11433,296500,0.036889,37341,1263008,0.157136,8037679
4,2021-02-07,26393,1587079,17409,827085,8984,759994,0,0,19989,980360,0.121971,6372,302872,0.037682,20224,1283232,0.159652,8037679
4,2021-02-08,58511,1645590,30085,857170,28426,788420,0,0,38032,998308,0.124204,20345,323217,0.040213,38293,1321525,0.164416,8037679
4,2021-02-09,67199,1712789,34168,891338,33031,821451,0,0,39385,1010371,0.125704,27728,350945,0.043662,39791,1361316,0.169367,8037679
4,2021-02-10,77422,1790211,38692,930030,38730,860181,0,0,40621,1014979,0.126278,36558,387503,0.048211,41166,1402482,0.174488,8037679
4,2021-02-11,81238,1871449,42357,972387,38881,899062,0,0,41357,1017350,0.126573,39655,427158,0.053144,42026,1444508,0.179717,8037679
4,2021-02-12,84583,1956032,37916,1010303,46667,945729,0,0,43436,1020643,0.126982,40932,468090,0.058237,44225,1488733,0.185219,8037679
4,2021-02-13,59043,2015075,29888,1040191,29155,974884,0,0,30082,1022803,0.127251,28823,496913,0.061823,30983,1519716,0.189074,8037679
4,2021-02-14,36917,2051992,19188,1059379,17729,992613,0,0,18891,1024385,0.127448,17968,514881,0.064058,19550,1539266,0.191506,8037679
4,2021-02-15,46233,2098225,21626,1081005,24607,1017220,0,0,23729,1026865,0.127756,22428,537309,0.066849,24908,1564174,0.194605,8037679
4,2021-02-16,80120,2178345,36696,1117701,43424,1060644,0,0,40788,1029654,0.128103,39217,576526,0.071728,42006,1606180,0.199831,8037679
4,2021-02-17,81477,2259822,38498,1156199,42979,1103623,0,0,38746,1026981,0.127771,42547,619073,0.077021,39874,1646054,0.204792,8037679
4,2021-02-18,83448,2343270,45906,1202105,37542,1141165,0,0,38632,1022458,0.127208,44635,663708,0.082575,40112,1686166,0.209783,8037679
4,2021-02-19,82948,2426218,52137,1254242,30811,1171976,0,0,41447,1023264,0.127308,41331,705039,0.087717,42137,1728303,0.215025,8037679
4,2021-02-20,49511,2475729,32897,1287139,16614,1188590,0,0,26895,1028318,0.127937,22536,727575,0.090521,27590,1755893,0.218458,8037679
4,2021-02-21,29932,2505661,23796,1310935,6136,1194726,0,0,14560,1027871,0.127882,15292,742867,0.092423,14845,1770738,0.220305,8037679
4,2021-02-22,54453,2560114,37393,1348328,17060,1211786,0,0,26319,1026642,0.127729,27996,770863,0.095906,26767,1797505,0.223635,8037679
4,2021-02-23,75201,2635315,41684,1390012,33517,1245303,0,0,33061,1019415,0.12683,41960,812823,0.101127,34733,1832238,0.227956,8037679
4,2021-02-24,89412,2724727,47159,1437171,42253,1287556,0,0,40403,1013189,0.126055,48781,861604,0.107196,42555,1874793,0.233251,8037679
4,2021-02-25,99992,2824719,52191,1489362,47801,1335357,0,0,47894,1011713,0.125871,51928,913532,0.113656,50452,1925245,0.239527,8037679
4,2021-02-26,106400,2931119,53713,1543075,52687,1388044,0,0,54512,1016932,0.126521,51645,965177,0.120082,56864,1982109,0.246602,8037679
4,2021-02-27,77045,3008164,41922,1584997,35115,1423159,8,8,41381,1024285,0.127435,35515,1000692,0.1245,42868,2024977,0.251936,8037679
4,2021-02-28,47705,3055869,29400,1614397,18298,1441457,7,15,26536,1030702,0.128234,21012,1021704,0.127114,27429,2052406,0.255348,8037679
4,2021-03-01,77872,3133741,45730,1660127,32102,1473559,40,55,42991,1040312,0.129429,34610,1056314,0.13142,44220,2096626,0.26085,8037679
4,2021-03-02,85204,3218945,49036,1709163,36160,1509719,8,63,50405,1057885,0.131616,34628,1090942,0.135728,52201,2148827,0.267344,8037679
4,2021-03-03,100273,3319218,53367,1762530,46892,1556611,14,77,56065,1071741,0.13334,43990,1134932,0.141201,57846,2206673,0.274541,8037679
4,2021-03-04,97118,3416336,53860,1816390,43240,1599851,18,95,53411,1083459,0.134797,43486,1178418,0.146612,55204,2261877,0.281409,8037679
4,2021-03-05,94396,3510732,50939,1867329,43140,1642991,317,412,56000,1103523,0.137294,38182,1216600,0.151362,58246,2320123,0.288656,8037679
4,2021-03-06,76219,3586951,42940,1910269,30658,1673649,2621,3033,46869,1125119,0.139981,29229,1245829,0.154999,50825,2370948,0.294979,8037679
4,2021-03-07,43114,3630065,27266,1937535,14660,1688309,1188,4221,25638,1135621,0.141287,17406,1263235,0.157164,27908,2398856,0.298451,8037679
4,2021-03-08,66593,3696658,34955,1972490,28445,1716754,3193,7414,43982,1161642,0.144525,22488,1285723,0.159962,48509,2447365,0.304487,8037679
4,2021-03-09,81288,3777946,41206,2013696,34948,1751702,5134,12548,43886,1174538,0.146129,37231,1322954,0.164594,50127,2497492,0.310723,8037679
4,2021-03-10,91149,3869095,47027,2060723,36694,1788396,7428,19976,46073,1184094,0.147318,44899,1367853,0.17018,54455,2551947,0.317498,8037679
4,2021-03-11,100629,3969724,52911,2113634,39327,1827723,8391,28367,46465,1186135,0.147572,53923,1421776,0.176889,55964,2607911,0.324461,8037679
4,2021-03-12,104538,4074262,51554,2165188,42735,1870458,10249,38616,44613,1182306,0.147095,59648,1481424,0.18431,55819,2663730,0.331405,8037679
4,2021-03-13,81516,4155778,37819,2203007,35284,1905742,8413,47029,38488,1187436,0.147734,42891,1524315,0.189646,48021,2711751,0.33738,8037679
4,2021-03-14,49875,4205653,28387,2231394,17864,1923606,3624,50653,23238,1188379,0.147851,26548,1550863,0.192949,27491,2739242,0.3408,8037679
4,2021-03-15,83673,4289326,45045,2276439,34380,1957986,4248,54901,42488,1195022,0.148677,40946,1591809,0.198043,47589,2786831,0.346721,8037679
4,2021-03-16,107656,4396982,55979,2332418,48276,2006262,3401,58302,56964,1205628,0.149997,50458,1642267,0.204321,61064,2847895,0.354318,8037679
4,2021-03-17,106903,4503885,57593,2390011,45814,2052076,3496,61798,62707,1228460,0.152838,43938,1686205,0.209788,66770,2914665,0.362625,8037679
4,2021-03-18,107074,4610959,59403,2449414,43982,2096058,3689,65487,60978,1247742,0.155237,45820,1732025,0.215488,65102,2979767,0.370725,8037679
4,2021-03-19,111589,4722548,64256,2513670,42143,2138201,5190,70677,63830,1269650,0.157962,47512,1779537,0.221399,69420,3049187,0.379362,8037679
4,2021-03-20,84031,4806579,49059,2562729,31970,2170171,3002,73679,51785,1292651,0.160824,32102,1811639,0.225393,55103,3104290,0.386217,8037679
4,2021-03-21,48164,4854743,34973,2597702,10936,2181107,2255,75934,28338,1303894,0.162223,19706,1831345,0.227845,30949,3135239,0.390068,8037679
4,2021-03-22,82482,4937225,53913,2651615,25833,2206940,2736,78670,51322,1327741,0.16519,30931,1862276,0.231693,54778,3190017,0.396883,8037679
4,2021-03-23,104835,5042060,62780,2714395,39900,2246840,2155,80825,62498,1350871,0.168067,42066,1904342,0.236927,65196,3255213,0.404994,8037679
4,2021-03-24,113474,5155534,73257,2787652,37808,2284648,2409,83234,64060,1368811,0.170299,48989,1953331,0.243022,66929,3322142,0.413321,8037679
4,2021-03-25,117034,5272568,72064,2859716,42581,2327229,2389,85623,67159,1389433,0.172865,49405,2002736,0.249168,70027,3392169,0.422033,8037679
4,2021-03-26,119628,5392196,72618,2932334,43970,2371199,3040,88663,65636,1405065,0.17481,53641,2056377,0.255842,69273,3461442,0.430652,8037679
4,2021-03-27,91989,5484185,54248,2986582,35955,2407154,1786,90449,46868,1409323,0.17534,44881,2101258,0.261426,49139,3510581,0.436766,8037679
4,2021-03-28,55744,5539929,36798,3023380,18074,2425228,872,91321,29663,1414316,0.175961,25915,2127173,0.26465,30908,3541489,0.440611,8037679
4,2021-03-29,93520,5633449,56059,3079439,35384,2460612,2077,93398,50819,1425299,0.177327,42461,2169634,0.269933,53444,3594933,0.44726,8037679
4,2021-03-30,117082,5750531,63873,3143312,49047,2509659,4162,97560,69609,1452254,0.180681,47245,2216879,0.275811,74200,3669133,0.456492,8037679
4,2021-03-31,121025,5871556,71408,3214720,43294,2552953,6323,103883,67909,1473929,0.183377,52771,2269650,0.282376,74446,3743579,0.465754,8037679
4,2021-04-01,142454,6014010,81246,3295966,47963,2600916,13245,117128,84007,1513343,0.188281,58014,2327664,0.289594,97428,3841007,0.477875,8037679
4,2021-04-02,136581,6150591,72979,3368945,50023,2650939,13579,130707,79084,1549118,0.192732,57205,2384869,0.296711,92980,3933987,0.489443,8037679
4,2021-04-03,101208,6251799,54099,3423044,33709,2684648,13400,144107,52752,1567260,0.194989,48255,2433124,0.302715,66397,4000384,0.497704,8037679
4,2021-04-04,46859,6298658,24734,3447778,14603,2699251,7522,151629,20469,1568994,0.195205,26284,2459408,0.305985,28018,4028402,0.50119,8037679
4,2021-04-05,109283,6407941,61473,3509251,35021,2734272,12789,164418,57065,1587411,0.197496,52011,2511419,0.312456,70428,4098830,0.509952,8037679
4,2021-04-06,138734,6546675,78111,3587362,40892,2775164,19731,184149,72193,1613634,0.200759,66310,2577729,0.320706,92533,4191363,0.521464,8037679
4,2021-04-07,137560,6684235,77937,3665299,38927,2814091,20696,204845,71264,1639845,0.20402,66047,2643776,0.328923,92258,4283621,0.532943,8037679
4,2021-04-08,139923,6824158,78015,3743314,36487,2850578,25421,230266,69585,1665419,0.207201,70055,2713831,0.337639,95629,4379250,0.54484,8037679
4,2021-04-09,137591,6961749,75539,3818853,39078,2889656,22974,253240,65655,1683362,0.209434,71710,2785541,0.34656,89653,4468903,0.555994,8037679
4,2021-04-10,103737,7065486,51190,3870043,33699,2923355,18848,272088,46807,1693343,0.210676,56721,2842262,0.353617,66702,4535605,0.564293,8037679
4,2021-04-11,62582,7128068,38027,3908070,13394,2936749,11161,283249,27297,1697695,0.211217,35181,2877443,0.357994,39533,4575138,0.569211,8037679
4,2021-04-12,102709,7230777,62472,3970542,30100,2966849,10137,293386,51760,1710158,0.212768,50656,2928099,0.364297,63119,4638257,0.577064,8037679
4,2021-04-13,130218,7360995,81697,4052239,48357,3015206,164,293550,77987,1737231,0.216136,51936,2980035,0.370758,79009,4717266,0.586894,8037679
4,2021-04-14,135368,7496363,86269,4138508,49024,3064230,75,293625,74993,1753483,0.218158,60045,3040080,0.378229,76297,4793563,0.596386,8037679
4,2021-04-15,156095,7652458,103932,4242440,52099,3116329,64,293689,95870,1790316,0.22274,59861,3099941,0.385676,96694,4890257,0.608417,8037679
4,2021-04-16,143450,7795908,90966,4333406,52406,3168735,78,293767,83473,1814904,0.2258,59679,3159620,0.393101,84267,4974524,0.618901,8037679
4,2021-04-17,101376,7897284,63745,4397151,37607,3206342,24,293791,59617,1834200,0.2282,41491,3201111,0.398263,60787,5035311,0.626463,8037679
4,2021-04-18,56727,7954011,38336,4435487,18388,3224730,3,293794,32022,1842610,0.229247,24578,3225689,0.401321,32988,5068299,0.630567,8037679
4,2021-04-19,101451,8055462,66884,4502371,34549,3259279,18,293812,51854,1845723,0.229634,49357,3275046,0.407462,52470,5120769,0.637095,8037679
4,2021-04-20,131623,8187085,78558,4580929,53050,3312329,15,293827,68808,1853105,0.230552,62511,3337557,0.415239,69893,5190662,0.645791,8037679
4,2021-04-21,133939,8321024,87508,4668437,46377,3358706,54,293881,67654,1856011,0.230914,65909,3403466,0.423439,68815,5259477,0.654353,8037679
4,2021-04-22,140549,8461573,93356,4761793,47170,3405876,23,293904,62972,1842910,0.229284,77216,3480682,0.433046,64115,5323592,0.66233,8037679
4,2021-04-23,134016,8595589,87342,4849135,46650,3452526,24,293928,58269,1826980,0.227302,75411,3556093,0.442428,59481,5383073,0.66973,8037679
4,2021-04-24,97694,8693283,66092,4915227,31552,3484078,50,293978,45043,1820774,0.22653,52367,3608460,0.448943,46161,5429234,0.675473,8037679
4,2021-04-25,50048,8743331,35281,4950508,14742,3498820,25,294003,26191,1823725,0.226897,23719,3632179,0.451894,26670,5455904,0.678791,8037679
4,2021-04-26,91534,8834865,60020,5010528,31117,3529937,397,294400,36073,1806355,0.224736,55173,3687352,0.458758,37803,5493707,0.683494,8037679
4,2021-04-27,113341,8948206,69269,5079797,41769,3571706,2303,296703,40940,1778298,0.221245,72097,3759449,0.467728,44040,5537747,0.688973,8037679
4,2021-04-28,103573,9051779,67687,5147484,33376,3605082,2510,299213,37982,1754162,0.218242,65292,3824741,0.475851,41156,5578903,0.694094,8037679
4,2021-04-29,104999,9156778,67090,5214574,35389,3640471,2520,301733,34027,1720666,0.214075,70644,3895385,0.484641,37148,5616051,0.698716,8037679
4,2021-04-30,104641,9261419,66349,5280923,35621,3676092,2671,304404,36052,1691824,0.210487,68225,3963610,0.493129,39383,5655434,0.703615,8037679
4,2021-05-01,68843,9330262,45777,5326700,21310,3697402,1756,306160,19994,1665597,0.207224,48618,4012228,0.499177,22391,5677825,0.706401,8037679
4,2021-05-02,37413,9367675,26554,5353254,9579,3706981,1280,307440,10505,1650728,0.205374,26798,4039026,0.502511,11929,5689754,0.707885,8037679
4,2021-05-03,78236,9445911,54444,5407698,21326,3728307,2466,309906,19183,1613936,0.200796,58808,4097834,0.509828,22016,5711770,0.710624,8037679
4,2021-05-04,100731,9546642,68972,5476670,29002,3757309,2757,312663,22711,1562039,0.19434,77752,4175586,0.519501,25855,5737625,0.713841,8037679
4,2021-05-05,101468,9648110,71572,5548242,27175,3784484,2721,315384,22047,1508016,0.187618,79101,4254687,0.529343,25078,5762703,0.716961,8037679
4,2021-05-06,110993,9759103,83195,5631437,24870,3809354,2928,318312,19681,1440881,0.179266,90865,4345552,0.540648,23730,5786433,0.719913,8037679
4,2021-05-07,104161,9863264,74927,5706364,26558,3835912,2676,320988,20625,1381413,0.171867,83185,4428737,0.550997,23717,5810150,0.722864,8037679
4,2021-05-08,69200,9932464,47714,5754078,19563,3855475,1923,322911,13742,1342219,0.166991,55238,4483975,0.557869,16044,5826194,0.72486,8037679
4,2021-05-09,34063,9966527,27896,5781974,5229,3860704,938,323849,7489,1324269,0.164758,26472,4510447,0.561163,8522,5834716,0.725921,8037679
4,2021-05-10,64442,10030969,43151,5825125,18982,3879686,2309,326158,10982,1284608,0.159823,53265,4563712,0.56779,13604,5848320,0.727613,8037679
4,2021-05-11,82108,10113077,51278,5876403,28652,3908338,2178,328336,15793,1236986,0.153898,66090,4629802,0.576012,18468,5866788,0.729911,8037679
4,2021-05-12,79115,10192192,52714,5929117,23908,3932246,2493,330829,16647,1194306,0.148588,62196,4691998,0.58375,19516,5886304,0.732339,8037679
4,2021-05-13,103885,10296077,76598,6005715,25767,3958013,1520,332349,40390,1174044,0.146068,63182,4755180,0.591611,42920,5929224,0.737679,8037679
4,2021-05-14,104233,10400310,73701,6079416,28403,3986416,2129,334478,40232,1153230,0.143478,63707,4818887,0.599537,42893,5972117,0.743015,8037679
4,2021-05-15,85056,10485366,65813,6145229,17920,4004336,1323,335801,37618,1145261,0.142487,47200,4866087,0.605409,39231,6011348,0.747896,8037679
4,2021-05-16,51311,10536677,41361,6186590,9242,4013578,708,336509,21039,1137022,0.141461,30126,4896213,0.609158,21887,6033235,0.750619,8037679
4,2021-05-17,70809,10607486,51767,6238357,17202,4030780,1840,338349,28073,1124615,0.139918,42545,4938758,0.614451,30138,6063373,0.754369,8037679
4,2021-05-18,81279,10688765,52934,6291291,26600,4057380,1745,340094,29183,1104158,0.137373,51748,4990506,0.620889,31291,6094664,0.758262,8037679
4,2021-05-19,76310,10765075,51685,6342976,22686,4080066,1939,342033,30844,1092038,0.135865,45194,5035700,0.626512,33074,6127738,0.762377,8037679
4,2021-05-20,68411,10833486,43959,6386935,22460,4102526,1992,344025,25362,1076959,0.133989,42774,5078474,0.631833,27695,6155433,0.765822,8037679
4,2021-05-21,73115,10906601,48269,6435204,22986,4125512,1860,345885,25854,1057947,0.131623,46990,5125464,0.63768,27978,6183411,0.769303,8037679
4,2021-05-22,49468,10956069,34721,6469925,13467,4138979,1280,347165,21584,1053300,0.131045,27731,5153195,0.64113,23084,6206495,0.772175,8037679
4,2021-05-23,23761,10979830,17049,6486974,5992,4144971,720,347885,9759,1050004,0.130635,13883,5167078,0.642857,10587,6217082,0.773492,8037679
4,2021-05-24,42905,11022735,27329,6514303,12581,4157552,2995,350880,15072,1040641,0.12947,27629,5194707,0.646294,18266,6235348,0.775765,8037679
4,2021-05-25,44712,11067447,27805,6542108,14094,4171646,2813,353693,15886,1030970,0.128267,28602,5223309,0.649853,18931,6254279,0.77812,8037679
4,2021-05-26,44318,11111765,26629,6568737,15096,4186742,2593,356286,15805,1021231,0.127055,28314,5251623,0.653376,18575,6272854,0.780431,8037679
4,2021-05-27,38712,11150477,23280,6592017,12306,4199048,3126,359412,14611,1015219,0.126307,23917,5275540,0.656351,17905,6290759,0.782659,8037679
4,2021-05-28,43090,11193567,27494,6619511,14000,4213048,1596,361008,18816,1011819,0.125884,24038,5299578,0.659342,20638,6311397,0.785226,8037679
4,2021-05-29,23539,11217106,15325,6634836,7281,4220329,933,361941,10854,1011171,0.125804,12566,5312144,0.660905,11918,6323315,0.786709,8037679
4,2021-05-30,11990,11229096,8423,6643259,3041,4223370,526,362467,5009,1009851,0.12564,6924,5319068,0.661767,5604,6328919,0.787406,8037679
4,2021-05-31,3540,11232636,2250,6645509,1132,4224502,158,362625,1133,1008792,0.125508,2372,5321440,0.662062,1313,6330232,0.78757,8037679
4,2021-06-01,39267,11271903,24419,6669928,12408,4236910,2440,365065,12991,998366,0.124211,26073,5347513,0.665306,15647,6345879,0.789516,8037679
4,2021-06-02,32409,11304312,20270,6690198,9360,4246270,2779,367844,10841,990731,0.123261,21403,5368916,0.667968,13768,6359647,0.791229,8037679
4,2021-06-03,47827,11352139,36711,6726909,8667,4254937,2449,370293,10349,966506,0.120247,37329,5406245,0.672613,13104,6372751,0.79286,8037679
4,2021-06-04,54549,11406688,43932,6770841,9296,4264233,1321,371614,12752,939807,0.116925,41574,5447819,0.677785,14875,6387626,0.79471,8037679
4,2021-06-05,44533,11451221,38149,6808990,5389,4269622,995,372609,8724,914142,0.113732,35664,5483483,0.682222,9999,6397625,0.795954,8037679
4,2021-06-06,21096,11472317,18832,6827822,1706,4271328,558,373167,3946,901983,0.112219,17049,5500532,0.684343,4890,6402515,0.796563,8037679
4,2021-06-07,38543,11510860,31202,6859024,5432,4276760,1909,375076,8436,882625,0.109811,29980,5530512,0.688073,10622,6413137,0.797884,8037679
4,2021-06-08,40388,11551248,31713,6890737,6147,4282907,2528,377604,9449,864180,0.107516,30753,5561265,0.691899,12308,6425445,0.799415,8037679
4,2021-06-09,38755,11590003,30741,6921478,5664,4288571,2350,379954,7923,844140,0.105023,30666,5591931,0.695715,10626,6436071,0.800738,8037679
4,2021-06-10,36955,11626958,29136,6950614,5206,4293777,2613,382567,8541,827291,0.102927,28263,5620194,0.699231,11414,6447485,0.802158,8037679
4,2021-06-11,38061,11665019,29900,6980514,6153,4299930,2008,384575,9850,811431,0.100953,28065,5648259,0.702723,12205,6459690,0.803676,8037679
4,2021-06-12,26417,11691436,22007,7002521,3700,4303630,710,385285,6053,798150,0.099301,20260,5668519,0.705243,6979,6466669,0.804544,8037679
4,2021-06-13,10802,11702238,8535,7011056,1790,4305420,477,385762,2288,792567,0.098606,8452,5676971,0.706295,2869,6469538,0.804901,8037679
4,2021-06-14,28442,11730680,21273,7032329,4369,4309789,2800,388562,7744,782759,0.097386,20567,5697538,0.708854,10759,6480297,0.80624,8037679
4,2021-06-15,29775,11760455,21065,7053394,5316,4315105,3394,391956,8285,773342,0.096215,21347,5718885,0.71151,11930,6492227,0.807724,8037679
4,2021-06-16,26376,11786831,19877,7073271,3900,4319005,2599,394555,8021,765974,0.095298,18192,5737077,0.713773,10824,6503051,0.809071,8037679
4,2021-06-17,24962,11811793,18439,7091710,3654,4322659,2869,397424,7569,759384,0.094478,17212,5754289,0.715914,10622,6513673,0.810392,8037679
4,2021-06-18,26553,11838346,20953,7112663,4378,4327037,1222,398646,8223,750944,0.093428,18134,5772423,0.71817,9694,6523367,0.811598,8037679
4,2021-06-19,15695,11854041,12704,7125367,2297,4329334,694,399340,5055,746361,0.092858,10495,5782918,0.719476,5912,6529279,0.812334,8037679
4,2021-06-20,7346,11861387,6054,7131421,985,4330319,307,399647,2617,744691,0.09265,4672,5787590,0.720057,3002,6532281,0.812707,8037679
4,2021-06-21,14457,11875844,10458,7141879,2867,4333186,1132,400779,7330,746261,0.092845,7051,5794641,0.720935,8621,6540902,0.81378,8037679
4,2021-06-22,20334,11896178,15869,7157748,3402,4336588,1063,401842,7083,741420,0.092243,13136,5807777,0.722569,8295,6549197,0.814812,8037679
4,2021-06-23,18277,11914455,14350,7172098,2948,4339536,979,402821,6697,737759,0.091788,11462,5819239,0.723995,7801,6556998,0.815783,8037679
4,2021-06-24,17424,11931879,13506,7185604,2931,4342467,987,403808,6509,734629,0.091398,10767,5830006,0.725335,7637,6564635,0.816733,8037679
4,2021-06-25,21338,11953217,16777,7202381,3526,4345993,1035,404843,7730,730080,0.090832,13480,5843486,0.727012,8931,6573566,0.817844,8037679
4,2021-06-26,12955,11966172,10556,7212937,1787,4347780,612,405455,4794,727528,0.090515,8061,5851547,0.728015,5509,6579075,0.818529,8037679
4,2021-06-27,6809,11972981,5517,7218454,951,4348731,341,405796,2881,726911,0.090438,3893,5855440,0.728499,3276,6582351,0.818937,8037679
4,2021-06-28,14918,11987899,12543,7230997,1543,4350274,832,406628,6030,725077,0.09021,8807,5864247,0.729595,6973,6589324,0.819804,8037679
4,2021-06-29,16174,12004073,12572,7243569,2833,4353107,769,407397,6326,722543,0.089894,9747,5873994,0.730807,7213,6596537,0.820702,8037679
4,2021-06-30,14079,12018152,11037,7254606,2354,4355461,688,408085,5860,721060,0.08971,8134,5882128,0.731819,6651,6603188,0.821529,8037679
4,2021-07-01,9804,12027956,7671,7262277,1581,4357042,552,408637,4001,719923,0.089569,5731,5887859,0.732532,4594,6607782,0.822101,8037679
