vemquartile,administered_date,total_doses,cumulative_total_doses,pfizer_doses,cumulative_pfizer_doses,moderna_doses,cumulative_moderna_doses,jj_doses,cumulative_jj_doses,partially_vaccinated,total_partially_vaccinated,pct_age12pop_partially_vaccinated,fully_vaccinated,cumulative_fully_vaccinated,pct_age12pop_fully_vaccinated,at_least_one_dose,cumulative_at_least_one_dose,pct_age12pop_at_least_one_dose,age12_population
1,2020-12-15,157,157,157,157,0,0,0,0,157,157,1.8e-05,0,0,0.0,157,157,1.8e-05,8700223
1,2020-12-16,1115,1272,1115,1272,0,0,0,0,1115,1272,0.000146,0,0,0.0,1115,1272,0.000146,8700223
1,2020-12-17,4126,5398,4126,5398,0,0,0,0,4127,5399,0.000621,0,0,0.0,4127,5399,0.000621,8700223
1,2020-12-18,6329,11727,6309,11707,20,20,0,0,6331,11729,0.001348,1,1,0.0,6331,11730,0.001348,8700223
1,2020-12-19,2857,14584,2854,14561,3,23,0,0,2856,14584,0.001676,1,2,0.0,2856,14586,0.001677,8700223
1,2020-12-20,2117,16701,2107,16668,10,33,0,0,2118,16702,0.00192,0,2,0.0,2118,16704,0.00192,8700223
1,2020-12-21,7466,24167,7448,24116,18,51,0,0,7516,24218,0.002784,0,2,0.0,7516,24220,0.002784,8700223
1,2020-12-22,7124,31291,6842,30958,282,333,0,0,7125,31341,0.003602,2,4,0.0,7125,31345,0.003603,8700223
1,2020-12-23,7703,38994,6466,37424,1237,1570,0,0,7700,39040,0.004487,1,5,1e-06,7700,39045,0.004488,8700223
1,2020-12-24,3289,42283,2347,39771,942,2512,0,0,3291,42331,0.004866,0,5,1e-06,3291,42336,0.004866,8700223
1,2020-12-25,238,42521,154,39925,84,2596,0,0,238,42569,0.004893,0,5,1e-06,238,42574,0.004893,8700223
1,2020-12-26,1365,43886,972,40897,393,2989,0,0,1364,43932,0.00505,1,6,1e-06,1364,43938,0.00505,8700223
1,2020-12-27,876,44762,540,41437,336,3325,0,0,876,44807,0.00515,1,7,1e-06,876,44814,0.005151,8700223
1,2020-12-28,6949,51711,4619,46056,2330,5655,0,0,6946,51753,0.005948,0,7,1e-06,6946,51760,0.005949,8700223
1,2020-12-29,8754,60465,4829,50885,3925,9580,0,0,8750,60501,0.006954,2,9,1e-06,8750,60510,0.006955,8700223
1,2020-12-30,11539,72004,6423,57308,5116,14696,0,0,11538,72038,0.00828,1,10,1e-06,11538,72048,0.008281,8700223
1,2020-12-31,5869,77873,1930,59238,3939,18635,0,0,5868,77903,0.008954,3,13,1e-06,5868,77916,0.008956,8700223
1,2021-01-01,600,78473,229,59467,371,19006,0,0,597,78498,0.009023,2,15,2e-06,597,78513,0.009024,8700223
1,2021-01-02,2919,81392,1769,61236,1150,20156,0,0,2919,81417,0.009358,0,15,2e-06,2919,81432,0.00936,8700223
1,2021-01-03,1041,82433,550,61786,491,20647,0,0,1039,82453,0.009477,3,18,2e-06,1039,82471,0.009479,8700223
1,2021-01-04,7351,89784,3586,65372,3765,24412,0,0,7354,89805,0.010322,2,20,2e-06,7354,89825,0.010324,8700223
1,2021-01-05,10704,100488,5159,70531,5545,29957,0,0,9975,99091,0.011389,711,731,8.4e-05,9997,99822,0.011473,8700223
1,2021-01-06,13910,114398,6992,77523,6918,36875,0,0,12015,109264,0.012559,1856,2587,0.000297,12029,111851,0.012856,8700223
1,2021-01-07,17356,131754,9127,86650,8229,45104,0,0,12842,117701,0.013529,4416,7003,0.000805,12853,124704,0.014333,8700223
1,2021-01-08,20039,151793,10407,97057,9632,54736,0,0,14107,125910,0.014472,5909,12912,0.001484,14118,138822,0.015956,8700223
1,2021-01-09,6701,158494,3402,100459,3299,58035,0,0,4842,128899,0.014816,1856,14768,0.001697,4845,143667,0.016513,8700223
1,2021-01-10,3101,161595,1765,102224,1336,59371,0,0,1913,129629,0.0149,1184,15952,0.001834,1914,145581,0.016733,8700223
1,2021-01-11,17861,179456,11675,113899,6186,65557,0,0,11450,134720,0.015485,6402,22354,0.002569,11493,157074,0.018054,8700223
1,2021-01-12,18920,198376,10821,124720,8099,73656,0,0,13031,141934,0.016314,5859,28213,0.003243,13073,170147,0.019557,8700223
1,2021-01-13,19629,218005,10631,135351,8998,82654,0,0,14565,151474,0.01741,5043,33256,0.003822,14583,184730,0.021233,8700223
1,2021-01-14,21907,239912,9388,144739,12519,95173,0,0,19193,168057,0.019316,2669,35925,0.004129,19252,203982,0.023446,8700223
1,2021-01-15,24782,264694,9151,153890,15631,110804,0,0,22902,189170,0.021743,1850,37775,0.004342,22963,226945,0.026085,8700223
1,2021-01-16,13632,278326,4477,158367,9155,119959,0,0,12759,201062,0.02311,870,38645,0.004442,12762,239707,0.027552,8700223
1,2021-01-17,5023,283349,2036,160403,2987,122946,0,0,4648,205339,0.023602,374,39019,0.004485,4651,244358,0.028086,8700223
1,2021-01-18,14129,297478,8474,168877,5655,128601,0,0,11017,213313,0.024518,3098,42117,0.004841,11072,255430,0.029359,8700223
1,2021-01-19,24471,321949,12644,181521,11827,140428,0,0,19447,227811,0.026185,5003,47120,0.005416,19501,274931,0.0316,8700223
1,2021-01-20,29315,351264,14669,196190,14646,155074,0,0,23438,245493,0.028217,5797,52917,0.006082,23479,298410,0.034299,8700223
1,2021-01-21,31052,382316,14584,210774,16468,171542,0,0,27785,270178,0.031054,3199,56116,0.00645,27884,326294,0.037504,8700223
1,2021-01-22,28206,410522,11212,221986,16994,188536,0,0,26141,294353,0.033833,1996,58112,0.006679,26171,352465,0.040512,8700223
1,2021-01-23,18707,429229,8198,230184,10509,199045,0,0,16749,309183,0.035537,1928,60040,0.006901,16758,369223,0.042438,8700223
1,2021-01-24,6685,435914,4155,234339,2530,201575,0,0,6024,314557,0.036155,656,60696,0.006976,6030,375253,0.043131,8700223
1,2021-01-25,25299,461213,10431,244770,14868,216443,0,0,19527,328468,0.037754,5723,66419,0.007634,19634,394887,0.045388,8700223
1,2021-01-26,28680,489893,13419,258189,15261,231704,0,0,22017,343909,0.039529,6599,73018,0.008393,22040,416927,0.047921,8700223
1,2021-01-27,32553,522446,15538,273727,17015,248719,0,0,24445,360348,0.041418,8042,81060,0.009317,24481,441408,0.050735,8700223
1,2021-01-28,34706,557152,16347,290074,18359,267078,0,0,27810,381400,0.043838,6827,87887,0.010102,27879,469287,0.05394,8700223
1,2021-01-29,33470,590622,16390,306464,17080,284158,0,0,26925,401966,0.046202,6401,94288,0.010837,26967,496254,0.057039,8700223
1,2021-01-30,19792,610414,8718,315182,11074,295232,0,0,17649,417514,0.047989,2113,96401,0.01108,17661,513915,0.059069,8700223
1,2021-01-31,7522,617936,5013,320195,2509,297741,0,0,6805,423615,0.04869,707,97108,0.011162,6808,520723,0.059852,8700223
1,2021-02-01,28886,646822,12494,332689,16392,314133,0,0,21085,436958,0.050224,7747,104855,0.012052,21090,541813,0.062276,8700223
1,2021-02-02,32634,679456,11780,344469,20854,334987,0,0,24389,453222,0.052093,8161,113016,0.01299,24425,566238,0.065083,8700223
1,2021-02-03,39322,718778,15222,359691,24100,359087,0,0,28375,470856,0.05412,10778,123794,0.014229,28412,594650,0.068349,8700223
1,2021-02-04,43819,762597,17084,376775,26735,385822,0,0,31601,490413,0.056368,12093,135887,0.015619,31650,626300,0.071987,8700223
1,2021-02-05,46468,809065,17065,393840,29403,415225,0,0,30443,505040,0.058049,15871,151758,0.017443,30498,656798,0.075492,8700223
1,2021-02-06,26352,835417,10427,404267,15925,431150,0,0,20495,519744,0.059739,5807,157565,0.01811,20511,677309,0.07785,8700223
1,2021-02-07,6270,841687,4028,408295,2242,433392,0,0,4617,522747,0.060084,1632,159197,0.018298,4635,681944,0.078382,8700223
1,2021-02-08,31479,873166,14364,422659,17118,450510,0,0,21007,533448,0.061314,10403,169600,0.019494,21104,703048,0.080808,8700223
1,2021-02-09,38378,911544,16899,439558,21479,471989,0,0,23620,542473,0.062352,14674,184274,0.02118,23699,726747,0.083532,8700223
1,2021-02-10,47144,958688,22185,461743,24959,496948,0,0,26826,549197,0.063124,20184,204458,0.0235,26908,753655,0.086625,8700223
1,2021-02-11,51388,1010076,25191,486934,26197,523145,0,0,30675,559586,0.064319,20393,224851,0.025844,30782,784437,0.090163,8700223
1,2021-02-12,49380,1059456,21201,508135,28179,551324,0,0,28307,567118,0.065184,20913,245764,0.028248,28445,812882,0.093432,8700223
1,2021-02-13,26086,1085542,11444,519579,14642,565966,0,0,15152,571482,0.065686,10863,256627,0.029497,15227,828109,0.095183,8700223
1,2021-02-14,11673,1097215,5569,525148,6104,572070,0,0,6713,573333,0.065899,4929,261556,0.030063,6780,834889,0.095962,8700223
1,2021-02-15,23816,1121031,9356,534504,14460,586530,0,0,14449,578659,0.066511,9239,270795,0.031125,14565,849454,0.097636,8700223
1,2021-02-16,46990,1168021,22449,556953,24541,611071,0,0,27430,586721,0.067437,19482,290277,0.033364,27544,876998,0.100802,8700223
1,2021-02-17,48275,1216296,24533,581486,23742,634813,0,0,25913,590580,0.067881,22201,312478,0.035916,26060,903058,0.103797,8700223
1,2021-02-18,50822,1267118,25498,606984,25324,660137,0,0,26269,592766,0.068132,24319,336797,0.038711,26505,929563,0.106844,8700223
1,2021-02-19,45725,1312843,24741,631725,20984,681121,0,0,25282,597848,0.068716,20260,357057,0.04104,25342,954905,0.109756,8700223
1,2021-02-20,27609,1340452,16862,648587,10747,691868,0,0,15728,601841,0.069175,11813,368870,0.042398,15806,970711,0.111573,8700223
1,2021-02-21,12376,1352828,10657,659244,1719,693587,0,0,7427,604431,0.069473,4886,373756,0.042959,7476,978187,0.112432,8700223
1,2021-02-22,30597,1383425,19930,679174,10667,704254,0,0,17194,608423,0.069932,13303,387059,0.044488,17295,995482,0.11442,8700223
1,2021-02-23,44715,1428140,21296,700470,23419,727673,0,0,24104,612576,0.070409,20310,407369,0.046823,24463,1019945,0.117232,8700223
1,2021-02-24,54579,1482719,25949,726419,28630,756303,0,0,29510,617677,0.070996,24863,432232,0.049681,29964,1049909,0.120676,8700223
1,2021-02-25,66883,1549602,31904,758323,34979,791282,0,0,40860,633207,0.072781,25832,458064,0.05265,41362,1091271,0.12543,8700223
1,2021-02-26,75097,1624699,34665,792988,40432,831714,0,0,48653,656165,0.075419,26169,484233,0.055658,49127,1140398,0.131077,8700223
1,2021-02-27,51280,1675979,23484,816472,27787,859501,9,9,33447,672206,0.077263,17680,501913,0.05769,33721,1174119,0.134953,8700223
1,2021-02-28,20021,1696000,11987,828459,8032,867533,2,11,14699,681815,0.078368,5233,507146,0.058291,14842,1188961,0.136659,8700223
1,2021-03-01,45635,1741635,21294,849753,24288,891821,53,64,29277,695222,0.079909,16160,523306,0.060149,29567,1218528,0.140057,8700223
1,2021-03-02,64242,1805877,27736,877489,36497,928318,9,73,40785,713369,0.081994,23267,546573,0.062823,41414,1259942,0.144817,8700223
1,2021-03-03,70752,1876629,33235,910724,37491,965809,26,99,42674,728774,0.083765,27890,574463,0.066029,43295,1303237,0.149794,8700223
1,2021-03-04,78988,1955617,36818,947542,42137,1007946,33,132,50500,751564,0.086384,28261,602724,0.069277,51051,1354288,0.155661,8700223
1,2021-03-05,77955,2033572,34768,982310,42981,1050927,206,338,51919,778535,0.089484,25785,628509,0.072241,52756,1407044,0.161725,8700223
1,2021-03-06,57018,2090590,26778,1009088,28890,1079817,1350,1688,38443,800199,0.091975,18490,646999,0.074366,40154,1447198,0.16634,8700223
1,2021-03-07,20830,2111420,13005,1022093,6634,1086451,1191,2879,15390,811618,0.093287,5412,652411,0.074988,16831,1464029,0.168275,8700223
1,2021-03-08,45291,2156711,22000,1044093,21330,1107781,1961,4840,31653,832031,0.095633,13532,665943,0.076543,33945,1497974,0.172177,8700223
1,2021-03-09,66126,2222837,32087,1076180,31542,1139323,2497,7337,40616,850123,0.097713,25350,691293,0.079457,43442,1541416,0.17717,8700223
1,2021-03-10,72993,2295830,36115,1112295,32413,1171736,4465,11802,44679,871451,0.100164,28179,719472,0.082696,49507,1590923,0.18286,8700223
1,2021-03-11,89196,2385026,41190,1153485,40261,1211997,7745,19547,51949,894582,0.102823,37004,756476,0.086949,60135,1651058,0.189772,8700223
1,2021-03-12,97409,2482435,42372,1195857,42730,1254727,12307,31854,56910,923956,0.106199,40275,796751,0.091578,69649,1720707,0.197777,8700223
1,2021-03-13,64755,2547190,29289,1225146,27792,1282519,7674,39528,41121,949556,0.109142,23498,820249,0.094279,49098,1769805,0.203421,8700223
1,2021-03-14,27906,2575096,14916,1240062,9420,1291939,3570,43098,15624,956727,0.109966,12206,832455,0.095682,19377,1789182,0.205648,8700223
1,2021-03-15,63700,2638796,27697,1267759,29493,1321432,6510,49608,37791,975688,0.112145,25688,858143,0.098635,44649,1833831,0.21078,8700223
1,2021-03-16,83770,2722566,37489,1305248,40832,1362264,5449,55057,52201,1002335,0.115208,31338,889481,0.102237,57985,1891816,0.217445,8700223
1,2021-03-17,90835,2813401,43421,1348669,40906,1403170,6511,61568,58665,1035941,0.119071,31916,921397,0.105905,65522,1957338,0.224976,8700223
1,2021-03-18,96567,2909968,49035,1397704,41836,1445006,5696,67264,58710,1063370,0.122223,37458,958855,0.11021,64887,2022225,0.232434,8700223
1,2021-03-19,100952,3010920,51699,1449403,43091,1488097,6162,73426,59288,1087972,0.125051,41360,1000215,0.114964,65962,2088187,0.240015,8700223
1,2021-03-20,71463,3082383,36384,1485787,30076,1518173,5003,78429,46261,1114518,0.128102,24993,1025208,0.117837,51539,2139726,0.245939,8700223
1,2021-03-21,26983,3109366,19009,1504796,6167,1524340,1807,80236,16679,1122889,0.129064,10206,1035414,0.11901,18577,2158303,0.248074,8700223
1,2021-03-22,58684,3168050,30239,1535035,25167,1549507,3278,83514,39416,1146911,0.131825,19040,1054454,0.121199,43062,2201365,0.253024,8700223
1,2021-03-23,82348,3250398,41637,1576672,37085,1586592,3626,87140,50329,1169558,0.134429,31751,1086205,0.124848,54398,2255763,0.259276,8700223
1,2021-03-24,86653,3337051,43328,1620000,38987,1625579,4338,91478,51931,1191562,0.136958,34428,1120633,0.128805,56432,2312195,0.265763,8700223
1,2021-03-25,95828,3432879,48646,1668646,41353,1666932,5829,97307,53093,1208298,0.138881,42387,1163020,0.133677,59123,2371318,0.272558,8700223
1,2021-03-26,104203,3537082,50263,1718909,47625,1714557,6315,103622,55817,1222718,0.140539,48001,1211021,0.139194,62421,2433739,0.279733,8700223
1,2021-03-27,71800,3608882,36971,1755880,31013,1745570,3816,107438,36964,1229100,0.141272,34594,1245615,0.14317,40976,2474715,0.284443,8700223
1,2021-03-28,32547,3641429,21373,1777253,9953,1755523,1221,108659,16291,1230916,0.141481,16144,1261759,0.145026,17960,2492675,0.286507,8700223
1,2021-03-29,67877,3709306,33451,1810704,31261,1786784,3165,111824,37727,1242091,0.142765,29915,1291674,0.148464,41090,2533765,0.29123,8700223
1,2021-03-30,92392,3801698,45106,1855810,40900,1827684,6386,118210,47377,1251188,0.143811,44741,1336415,0.153607,53838,2587603,0.297418,8700223
1,2021-03-31,100424,3902122,51657,1907467,42530,1870214,6237,124447,55171,1267751,0.145715,44907,1381322,0.158769,61470,2649073,0.304483,8700223
1,2021-04-01,111925,4014047,53245,1960712,49900,1920114,8780,133227,56968,1279065,0.147015,54470,1435792,0.165029,65784,2714857,0.312045,8700223
1,2021-04-02,111278,4125325,50732,2011444,51054,1971168,9492,142719,56656,1291248,0.148416,54164,1489956,0.171255,66347,2781204,0.31967,8700223
1,2021-04-03,77997,4203322,39127,2050571,29203,2000371,9667,152386,36451,1296068,0.14897,41350,1531306,0.176008,46170,2827374,0.324977,8700223
1,2021-04-04,23587,4226909,11777,2062348,8335,2008706,3475,155861,9821,1295659,0.148923,13690,1544996,0.177581,13281,2840655,0.326504,8700223
1,2021-04-05,76731,4303640,36604,2098952,30954,2039660,9173,165034,34657,1297787,0.149167,41847,1586843,0.182391,43975,2884630,0.331558,8700223
1,2021-04-06,102739,4406379,48573,2147525,38089,2077749,16077,181111,46735,1304925,0.149988,55682,1642525,0.188791,62820,2947450,0.338779,8700223
1,2021-04-07,111217,4517596,53434,2200959,40228,2117977,17555,198666,50303,1312186,0.150822,60597,1703122,0.195756,67858,3015308,0.346578,8700223
1,2021-04-08,121355,4638951,57067,2258026,43359,2161336,20929,219595,53839,1319900,0.151709,67084,1770206,0.203467,74798,3090106,0.355175,8700223
1,2021-04-09,122595,4761546,55794,2313820,46406,2207742,20395,239990,54001,1326104,0.152422,68217,1838423,0.211308,74421,3164527,0.363729,8700223
1,2021-04-10,96754,4858300,43238,2357058,30518,2238260,22998,262988,38421,1329375,0.152798,58086,1896509,0.217984,61357,3225884,0.370782,8700223
1,2021-04-11,36677,4894977,20368,2377426,9412,2247672,6897,269885,14807,1329395,0.1528,21779,1918288,0.220487,21799,3247683,0.373287,8700223
1,2021-04-12,73854,4968831,32875,2410301,31228,2278900,9751,279636,31346,1328422,0.152688,42205,1960493,0.225338,41232,3288915,0.378027,8700223
1,2021-04-13,97112,5065943,51541,2461842,45233,2324133,338,279974,52591,1337566,0.153739,44132,2004625,0.230411,53276,3342191,0.38415,8700223
1,2021-04-14,103914,5169857,53613,2515455,50227,2374360,74,280048,52659,1339847,0.154001,50821,2055446,0.236252,53102,3395293,0.390254,8700223
1,2021-04-15,104729,5274586,56600,2572055,48044,2422404,85,280133,55585,1347131,0.154839,48565,2104011,0.241834,55849,3451142,0.396673,8700223
1,2021-04-16,109387,5383973,55946,2628001,53354,2475758,87,280220,54504,1347571,0.154889,54335,2158346,0.248079,54775,3505917,0.402969,8700223
1,2021-04-17,81990,5465963,44179,2672180,37801,2513559,10,280230,45776,1357565,0.156038,35954,2194300,0.252212,45948,3551865,0.40825,8700223
1,2021-04-18,30248,5496211,20612,2692792,9630,2523189,6,280236,15285,1358217,0.156113,14842,2209142,0.253918,15494,3567359,0.410031,8700223
1,2021-04-19,66773,5562984,33745,2726537,33016,2556205,12,280248,29970,1351905,0.155387,36422,2245564,0.258104,30110,3597469,0.413492,8700223
1,2021-04-20,87985,5650969,44209,2770746,43752,2599957,24,280272,41164,1346842,0.154805,46452,2292016,0.263443,41389,3638858,0.418249,8700223
1,2021-04-21,97361,5748330,50724,2821470,46536,2646493,101,280373,43631,1337673,0.153752,53136,2345152,0.269551,43967,3682825,0.423302,8700223
1,2021-04-22,97365,5845695,51038,2872508,46309,2692802,18,280391,44562,1330204,0.152893,52265,2397417,0.275558,44796,3727621,0.428451,8700223
1,2021-04-23,102225,5947920,52842,2925350,49356,2742158,27,280418,48538,1325849,0.152393,53149,2450566,0.281667,48794,3776415,0.43406,8700223
1,2021-04-24,76256,6024176,47262,2972612,28968,2771126,26,280444,42939,1335976,0.153557,33098,2483664,0.285471,43225,3819640,0.439028,8700223
1,2021-04-25,27340,6051516,17407,2990019,9919,2781045,14,280458,15601,1340116,0.154032,11616,2495280,0.286806,15756,3835396,0.440839,8700223
1,2021-04-26,66084,6117600,34577,3024596,31106,2812151,401,280859,31188,1337467,0.153728,34577,2529857,0.290781,31928,3867324,0.444509,8700223
1,2021-04-27,80997,6198597,43044,3067640,36651,2848802,1302,282161,35088,1328600,0.152709,45595,2575452,0.296021,36728,3904052,0.44873,8700223
1,2021-04-28,81249,6279846,43213,3110853,36533,2885335,1503,283664,35556,1320557,0.151784,45328,2620780,0.301231,37285,3941337,0.453016,8700223
1,2021-04-29,84491,6364337,46574,3157427,36296,2921631,1621,285285,34432,1307100,0.150238,49671,2670451,0.306941,36214,3977551,0.457178,8700223
1,2021-04-30,91942,6456279,49918,3207345,40159,2961790,1865,287150,38391,1294325,0.148769,53192,2723643,0.313054,40417,4017968,0.461824,8700223
1,2021-05-01,63745,6520024,41244,3248589,21071,2982861,1430,288580,26894,1286282,0.147845,36582,2760225,0.317259,28539,4046507,0.465104,8700223
1,2021-05-02,23455,6543479,16650,3265239,6226,2989087,579,289159,9458,1282459,0.147405,13886,2774111,0.318855,10063,4056570,0.46626,8700223
1,2021-05-03,56040,6599519,31055,3296294,23141,3012228,1844,291003,20289,1269161,0.145877,35487,2809598,0.322934,22189,4078759,0.468811,8700223
1,2021-05-04,75694,6675213,43628,3339922,29983,3042211,2083,293086,27104,1250158,0.143693,48271,2857869,0.328482,29268,4108027,0.472175,8700223
1,2021-05-05,77852,6753065,45038,3384960,30517,3072728,2297,295383,26311,1227677,0.141109,51169,2909038,0.334364,28688,4136715,0.475472,8700223
1,2021-05-06,79499,6832564,48216,3433176,29117,3101845,2166,297549,24770,1200471,0.137982,54295,2963333,0.340604,27089,4163804,0.478586,8700223
1,2021-05-07,82760,6915324,47112,3480288,33459,3135304,2189,299738,27642,1175733,0.135138,54630,3017963,0.346883,29892,4193696,0.482022,8700223
1,2021-05-08,57121,6972445,35779,3516067,19695,3154999,1647,301385,19508,1159713,0.133297,37267,3055230,0.351167,21247,4214943,0.484464,8700223
1,2021-05-09,18333,6990778,13157,3529224,4697,3159696,479,301864,5571,1153115,0.132539,12682,3067912,0.352625,6084,4221027,0.485163,8700223
1,2021-05-10,44021,7034799,22285,3551509,19922,3179618,1814,303678,14749,1140793,0.131122,28978,3096890,0.355955,16656,4237683,0.487078,8700223
1,2021-05-11,62490,7097289,34157,3585666,26226,3205844,2107,305785,20582,1121992,0.128961,41606,3138496,0.360737,22805,4260488,0.489699,8700223
1,2021-05-12,62745,7160034,33399,3619065,27290,3233134,2056,307841,20588,1102885,0.126765,41818,3180314,0.365544,22711,4283199,0.492309,8700223
1,2021-05-13,67015,7227049,39376,3658441,25664,3258798,1975,309816,25514,1089559,0.125233,41095,3221409,0.370267,27769,4310968,0.495501,8700223
1,2021-05-14,76507,7303556,46260,3704701,27856,3286654,2391,312207,30918,1077974,0.123902,45170,3266579,0.375459,33585,4344553,0.499361,8700223
1,2021-05-15,66749,7370305,43835,3748536,21151,3307805,1763,313970,26619,1066615,0.122596,39804,3306383,0.380034,28445,4372998,0.502631,8700223
1,2021-05-16,25098,7395403,18505,3767041,5972,3313777,621,314591,10243,1062795,0.122157,14731,3321114,0.381727,10911,4383909,0.503885,8700223
1,2021-05-17,54177,7449580,33212,3800253,19206,3332983,1759,316350,23002,1056710,0.121458,30901,3352015,0.385279,24816,4408725,0.506737,8700223
1,2021-05-18,65067,7514647,39270,3839523,23970,3356953,1827,318177,28229,1050314,0.120723,36542,3388557,0.389479,30146,4438871,0.510202,8700223
1,2021-05-19,66168,7580815,40421,3879944,23826,3380779,1921,320098,29596,1045641,0.120186,36268,3424825,0.393648,31595,4470466,0.513833,8700223
1,2021-05-20,64530,7645345,37510,3917454,24841,3405620,2179,322277,26546,1036941,0.119186,37628,3462453,0.397973,28928,4499394,0.517158,8700223
1,2021-05-21,69946,7715291,41872,3959326,26216,3431836,1858,324135,28866,1027093,0.118054,40667,3503120,0.402647,30819,4530213,0.520701,8700223
1,2021-05-22,55980,7771271,36774,3996100,17483,3449319,1723,325858,24291,1021799,0.117445,31405,3534525,0.406257,26111,4556324,0.523702,8700223
1,2021-05-23,20498,7791769,14340,4010440,5573,3454892,585,326443,9495,1021004,0.117354,10899,3545424,0.40751,10104,4566428,0.524863,8700223
1,2021-05-24,43650,7835419,24388,4034828,17448,3472340,1814,328257,17666,1014837,0.116645,25727,3571151,0.410467,19560,4585988,0.527112,8700223
1,2021-05-25,50747,7886166,29263,4064091,19836,3492176,1648,329905,21055,1008235,0.115886,29401,3600552,0.413846,22799,4608787,0.529732,8700223
1,2021-05-26,48320,7934486,27446,4091537,19010,3511186,1864,331769,20450,1003036,0.115289,27557,3628109,0.417013,22358,4631145,0.532302,8700223
1,2021-05-27,46857,7981343,26326,4117863,18641,3529827,1890,333659,20092,998666,0.114786,26468,3654577,0.420056,22098,4653243,0.534842,8700223
1,2021-05-28,52383,8033726,29266,4147129,21296,3551123,1821,335480,23463,995491,0.114421,28582,3683159,0.423341,25407,4678650,0.537762,8700223
1,2021-05-29,30665,8064391,18579,4165708,11122,3562245,964,336444,14587,995177,0.114385,15919,3699078,0.42517,15605,4694255,0.539556,8700223
1,2021-05-30,11700,8076091,7561,4173269,3585,3565830,554,336998,5529,995186,0.114386,6098,3705176,0.425871,6107,4700362,0.540258,8700223
1,2021-05-31,5754,8081845,3277,4176546,2220,3568050,257,337255,2006,993773,0.114224,3688,3708864,0.426295,2275,4702637,0.540519,8700223
1,2021-06-01,45774,8127619,25910,4202456,18314,3586364,1550,338805,17317,984603,0.11317,28107,3736971,0.429526,18937,4721574,0.542696,8700223
1,2021-06-02,39965,8167584,23223,4225679,15239,3601603,1503,340308,16117,978759,0.112498,23542,3760513,0.432232,17698,4739272,0.54473,8700223
1,2021-06-03,41436,8209020,25976,4251655,13757,3615360,1703,342011,15793,970991,0.111605,25335,3785848,0.435144,17567,4756839,0.546749,8700223
1,2021-06-04,50038,8259058,32108,4283763,16135,3631495,1795,343806,17862,958921,0.110218,31806,3817654,0.4388,19736,4776575,0.549018,8700223
1,2021-06-05,40394,8299452,27558,4311321,10829,3642324,2007,345813,14144,949092,0.109088,26030,3843684,0.441791,16201,4792776,0.55088,8700223
1,2021-06-06,13225,8312677,10594,4321915,2121,3644445,510,346323,4559,945640,0.108691,8581,3852265,0.442778,5129,4797905,0.551469,8700223
1,2021-06-07,33968,8346645,23425,4345340,9189,3653634,1354,347677,12050,937391,0.107743,21703,3873968,0.445272,13454,4811359,0.553016,8700223
1,2021-06-08,42206,8388851,29236,4374576,11330,3664964,1640,349317,14677,926551,0.106497,27248,3901216,0.448404,16408,4827767,0.554902,8700223
1,2021-06-09,42159,8431010,29276,4403852,11243,3676207,1640,350957,13715,913835,0.105036,28129,3929345,0.451637,15413,4843180,0.556673,8700223
1,2021-06-10,39058,8470068,26333,4430185,11047,3687254,1678,352635,13327,903467,0.103844,25473,3954818,0.454565,15105,4858285,0.558409,8700223
1,2021-06-11,43995,8514063,29218,4459403,13121,3700375,1656,354291,15687,892891,0.102629,27996,3982814,0.457783,17420,4875705,0.560411,8700223
1,2021-06-12,33732,8547795,24357,4483760,8160,3708535,1215,355506,11086,882832,0.101472,22426,4005240,0.460361,12367,4888072,0.561833,8700223
1,2021-06-13,11578,8559373,8407,4492167,2698,3711233,473,355979,3336,878505,0.100975,8169,4013409,0.4613,3842,4891914,0.562275,8700223
1,2021-06-14,30965,8590338,20872,4513039,8788,3720021,1305,357284,11586,872250,0.100256,19175,4032584,0.463504,12920,4904834,0.56376,8700223
1,2021-06-15,37317,8627655,24471,4537510,10998,3731019,1848,359132,13851,864853,0.099406,23188,4055772,0.466169,15791,4920625,0.565575,8700223
1,2021-06-16,35483,8663138,24005,4561515,9648,3740667,1830,360962,13353,858234,0.098645,21857,4077629,0.468681,15238,4935863,0.567326,8700223
1,2021-06-17,33641,8696779,22282,4583797,9416,3750083,1943,362905,13128,853127,0.098058,20269,4097898,0.471011,15162,4951025,0.569069,8700223
1,2021-06-18,39719,8736498,25822,4609619,11044,3761127,2853,365758,15430,847473,0.097408,23994,4121892,0.473769,18340,4969365,0.571177,8700223
1,2021-06-19,24080,8760578,16716,4626335,6168,3767295,1196,366954,9813,844427,0.097058,14095,4135987,0.475389,11049,4980414,0.572447,8700223
1,2021-06-20,8162,8768740,5985,4632320,1901,3769196,276,367230,3240,843099,0.096905,4855,4140842,0.475947,3527,4983941,0.572852,8700223
1,2021-06-21,20996,8789736,11889,4644209,6920,3776116,2187,369417,10945,846346,0.097279,9935,4150777,0.477089,13182,4997123,0.574367,8700223
1,2021-06-22,30849,8820585,20162,4664371,8550,3784666,2137,371554,12927,843771,0.096983,17703,4168480,0.479123,15128,5012251,0.576106,8700223
1,2021-06-23,29420,8850005,19805,4684176,7798,3792464,1817,373371,12838,842090,0.096789,16360,4184840,0.481004,14679,5026930,0.577793,8700223
1,2021-06-24,28427,8878432,18951,4703127,7805,3800269,1671,375042,12059,839725,0.096518,16163,4201003,0.482862,13798,5040728,0.579379,8700223
1,2021-06-25,31756,8910188,21554,4724681,8802,3809071,1400,376442,13983,837628,0.096277,17532,4218535,0.484877,15435,5056163,0.581153,8700223
1,2021-06-26,22258,8932446,16526,4741207,4902,3813973,830,377272,9712,835799,0.096066,12425,4230960,0.486305,10596,5066759,0.582371,8700223
1,2021-06-27,9154,8941600,6810,4748017,1915,3815888,429,377701,4064,835286,0.096007,5021,4235981,0.486882,4508,5071267,0.582889,8700223
1,2021-06-28,21139,8962739,15714,4763731,4187,3820075,1238,378939,9802,835229,0.096001,11145,4247126,0.488163,11088,5082355,0.584164,8700223
1,2021-06-29,26607,8989346,18215,4781946,7012,3827087,1380,380319,11721,833685,0.095823,14700,4261826,0.489853,13156,5095511,0.585676,8700223
1,2021-06-30,25904,9015250,17931,4799877,6919,3834006,1054,381373,12292,833709,0.095826,13390,4275216,0.491392,13414,5108925,0.587218,8700223
1,2021-07-01,23654,9038904,16474,4816351,5920,3839926,1260,382633,10936,833424,0.095793,12563,4287779,0.492836,12278,5121203,0.588629,8700223
1,2021-07-02,26405,9065309,18148,4834499,7226,3847152,1031,383664,12345,833014,0.095746,13868,4301647,0.49443,13458,5134661,0.590176,8700223
1,2021-07-03,14606,9079915,10216,4844715,3955,3851107,435,384099,6940,832889,0.095732,7533,4309180,0.495295,7408,5142069,0.591027,8700223
1,2021-07-04,1268,9081183,709,4845424,493,3851600,66,384165,611,832925,0.095736,647,4309827,0.49537,683,5142752,0.591106,8700223
1,2021-07-05,11017,9092200,7609,4853033,3051,3854651,357,384522,5232,832843,0.095727,5716,4315543,0.496027,5634,5148386,0.591753,8700223
1,2021-07-06,27150,9119350,19211,4872244,6802,3861453,1137,385659,10830,828774,0.095259,16136,4331679,0.497881,12067,5160453,0.59314,8700223
1,2021-07-07,23673,9143023,16584,4888828,5934,3867387,1155,386814,10171,826871,0.09504,13316,4344995,0.499412,11413,5171866,0.594452,8700223
1,2021-07-08,22692,9165715,15680,4904508,5928,3873315,1084,387898,9786,825062,0.094832,12768,4357763,0.500879,10959,5182825,0.595712,8700223
1,2021-07-09,26799,9192514,18975,4923483,6671,3879986,1153,389051,12060,823769,0.094684,14564,4372327,0.502553,13271,5196096,0.597237,8700223
1,2021-07-10,17648,9210162,12732,4936215,4157,3884143,759,389810,7865,822781,0.09457,9659,4381986,0.503664,8671,5204767,0.598234,8700223
1,2021-07-11,6724,9216886,4922,4941137,1612,3885755,190,390000,3237,822791,0.094571,3435,4385421,0.504058,3445,5208212,0.59863,8700223
1,2021-07-12,20103,9236989,14442,4955579,4780,3890535,881,390881,8900,821598,0.094434,11065,4396486,0.50533,9872,5218084,0.599764,8700223
1,2021-07-13,22115,9259104,15461,4971040,5860,3896395,794,391675,10340,821187,0.094387,11632,4408118,0.506667,11221,5229305,0.601054,8700223
1,2021-07-14,22110,9281214,15203,4986243,5933,3902328,974,392649,9922,820164,0.094269,12031,4420149,0.50805,11008,5240313,0.602319,8700223
1,2021-07-15,21559,9302773,15355,5001598,5474,3907802,730,393379,10352,820288,0.094284,11062,4431211,0.509322,11186,5251499,0.603605,8700223
1,2021-07-16,26557,9329330,18634,5020232,6943,3914745,980,394359,13098,821156,0.094383,13296,4444507,0.51085,14164,5265663,0.605233,8700223
1,2021-07-17,18399,9347729,13275,5033507,4423,3919168,701,395060,9027,821672,0.094443,9247,4453754,0.511913,9763,5275426,0.606355,8700223
1,2021-07-18,7421,9355150,5472,5038979,1663,3920831,286,395346,3792,822194,0.094503,3572,4457326,0.512323,4094,5279520,0.606826,8700223
1,2021-07-19,20787,9375937,15083,5054062,4885,3925716,819,396165,10433,823326,0.094633,10220,4467546,0.513498,11352,5290872,0.608131,8700223
1,2021-07-20,24493,9400430,16952,5071014,6676,3932392,865,397030,12574,825126,0.09484,11733,4479279,0.514846,13533,5304405,0.609686,8700223
1,2021-07-21,24813,9425243,17474,5088488,6142,3938534,1197,398227,12663,827107,0.095067,11996,4491275,0.516225,13977,5318382,0.611293,8700223
1,2021-07-22,24009,9449252,16974,5105462,6210,3944744,825,399052,13087,830372,0.095443,10735,4502010,0.517459,14000,5332382,0.612902,8700223
1,2021-07-23,28434,9477686,20077,5125539,7354,3952098,1003,400055,15775,834740,0.095945,12479,4514489,0.518893,16847,5349229,0.614838,8700223
1,2021-07-24,17913,9495599,12635,5138174,4723,3956821,555,400610,10558,838641,0.096393,7239,4521728,0.519726,11140,5360369,0.616119,8700223
1,2021-07-25,7371,9502970,5289,5143463,1974,3958795,108,400718,5502,842442,0.09683,1830,4523558,0.519936,5631,5366000,0.616766,8700223
1,2021-07-26,21002,9523972,14521,5157984,5752,3964547,729,401447,13546,849448,0.097635,7338,4530896,0.520779,14344,5380344,0.618414,8700223
1,2021-07-27,26561,9550533,18958,5176942,6677,3971224,926,402373,15655,855352,0.098314,10735,4541631,0.522013,16639,5396983,0.620327,8700223
1,2021-07-28,27452,9577985,19468,5196410,7129,3978353,855,403228,16853,862715,0.09916,10415,4552046,0.52321,17778,5414761,0.62237,8700223
1,2021-07-29,26135,9604120,18583,5214993,6808,3985161,744,403972,16372,870292,0.100031,9600,4561646,0.524314,17177,5431938,0.624345,8700223
1,2021-07-30,30489,9634609,21884,5236877,7731,3992892,874,404846,18673,878266,0.100948,11611,4573257,0.525648,19585,5451523,0.626596,8700223
1,2021-07-31,19577,9654186,14240,5251117,4809,3997701,528,405374,12187,883772,0.10158,7233,4580490,0.52648,12739,5464262,0.62806,8700223
1,2021-08-01,8726,9662912,6598,5257715,2005,3999706,123,405497,5964,887171,0.101971,2717,4583207,0.526792,6116,5470378,0.628763,8700223
1,2021-08-02,24427,9687339,18243,5275958,5507,4005213,677,406174,15847,895317,0.102907,8426,4591633,0.52776,16572,5486950,0.630668,8700223
1,2021-08-03,27825,9715164,20173,5296131,6782,4011995,870,407044,17430,903446,0.103842,10210,4601843,0.528934,18339,5505289,0.632776,8700223
1,2021-08-04,26662,9741826,19367,5315498,6479,4018474,816,407860,16949,911742,0.104795,9513,4611356,0.530027,17809,5523098,0.634823,8700223
1,2021-08-05,26025,9767851,19032,5334530,6168,4024642,825,408685,16419,919594,0.105698,9416,4620772,0.53111,17268,5540366,0.636807,8700223
1,2021-08-06,30992,9798843,22833,5357363,7302,4031944,857,409542,19255,928214,0.106689,11528,4632300,0.532435,20148,5560514,0.639123,8700223
1,2021-08-07,19921,9818764,14907,5372270,4521,4036465,493,410035,12336,933587,0.107306,7462,4639762,0.533292,12835,5573349,0.640598,8700223
1,2021-08-08,5665,9824429,3758,5376028,1773,4038238,134,410169,3564,935229,0.107495,2054,4641816,0.533528,3696,5577045,0.641023,8700223
2,2020-12-15,248,248,248,248,0,0,0,0,248,248,2.9e-05,0,0,0.0,248,248,2.9e-05,8407551
2,2020-12-16,1993,2241,1993,2241,0,0,0,0,1992,2240,0.000266,0,0,0.0,1992,2240,0.000266,8407551
2,2020-12-17,6859,9100,6859,9100,0,0,0,0,6860,9100,0.001082,0,0,0.0,6860,9100,0.001082,8407551
2,2020-12-18,10864,19964,10846,19946,18,18,0,0,10864,19964,0.002375,0,0,0.0,10864,19964,0.002375,8407551
2,2020-12-19,5555,25519,5549,25495,6,24,0,0,5556,25520,0.003035,0,0,0.0,5556,25520,0.003035,8407551
2,2020-12-20,4209,29728,4198,29693,11,35,0,0,4204,29723,0.003535,1,1,0.0,4204,29724,0.003535,8407551
2,2020-12-21,12384,42112,12367,42060,17,52,0,0,12340,42063,0.005003,0,1,0.0,12340,42064,0.005003,8407551
2,2020-12-22,11809,53921,11320,53380,489,541,0,0,11807,53870,0.006407,0,1,0.0,11807,53871,0.006407,8407551
2,2020-12-23,11560,65481,9341,62721,2219,2760,0,0,11561,65431,0.007782,1,2,0.0,11562,65433,0.007783,8407551
2,2020-12-24,5906,71387,3497,66218,2409,5169,0,0,5903,71333,0.008484,2,4,0.0,5904,71337,0.008485,8407551
2,2020-12-25,488,71875,409,66627,79,5248,0,0,490,71823,0.008543,0,4,0.0,490,71827,0.008543,8407551
2,2020-12-26,2562,74437,1662,68289,900,6148,0,0,2563,74385,0.008847,1,5,1e-06,2563,74390,0.008848,8407551
2,2020-12-27,2238,76675,1217,69506,1021,7169,0,0,2235,76618,0.009113,2,7,1e-06,2235,76625,0.009114,8407551
2,2020-12-28,10826,87501,6966,76472,3860,11029,0,0,10826,87442,0.0104,2,9,1e-06,10826,87451,0.010401,8407551
2,2020-12-29,12557,100058,6990,83462,5567,16596,0,0,12562,100004,0.011895,0,9,1e-06,12562,100013,0.011896,8407551
2,2020-12-30,15426,115484,8588,92050,6838,23434,0,0,15420,115421,0.013728,5,14,2e-06,15422,115435,0.01373,8407551
2,2020-12-31,7527,123011,2794,94844,4733,28167,0,0,7520,122936,0.014622,5,19,2e-06,7520,122955,0.014624,8407551
2,2021-01-01,1271,124282,628,95472,643,28810,0,0,1270,124202,0.014773,4,23,3e-06,1270,124225,0.014775,8407551
2,2021-01-02,4858,129140,2771,98243,2087,30897,0,0,4855,129055,0.01535,2,25,3e-06,4855,129080,0.015353,8407551
2,2021-01-03,1414,130554,796,99039,618,31515,0,0,1406,130457,0.015517,4,29,3e-06,1406,130486,0.01552,8407551
2,2021-01-04,11669,142223,5543,104582,6126,37641,0,0,11658,142112,0.016903,3,32,4e-06,11658,142144,0.016907,8407551
2,2021-01-05,13779,156002,6925,111507,6854,44495,0,0,12565,153506,0.018258,1206,1238,0.000147,12600,154744,0.018405,8407551
2,2021-01-06,18844,174846,10394,121901,8450,52945,0,0,15108,164945,0.019619,3680,4918,0.000585,15119,169863,0.020204,8407551
2,2021-01-07,23148,197994,13065,134966,10083,63028,0,0,15528,172862,0.02056,7627,12545,0.001492,15544,185407,0.022052,8407551
2,2021-01-08,26717,224711,16048,151014,10669,73697,0,0,16510,179240,0.021319,10157,22702,0.0027,16535,201942,0.024019,8407551
2,2021-01-09,9881,234592,5782,156796,4099,77796,0,0,6290,181956,0.021642,3581,26283,0.003126,6297,208239,0.024768,8407551
2,2021-01-10,5329,239921,2973,159769,2356,80152,0,0,3062,182757,0.021737,2267,28550,0.003396,3068,211307,0.025133,8407551
2,2021-01-11,25725,265646,17699,177468,8026,88178,0,0,14858,186802,0.022218,10863,39413,0.004688,14908,226215,0.026906,8407551
2,2021-01-12,26066,291712,16112,193580,9954,98132,0,0,16676,194175,0.023095,9392,48805,0.005805,16765,242980,0.0289,8407551
2,2021-01-13,28397,320109,15081,208661,13316,111448,0,0,20463,206754,0.024591,7914,56719,0.006746,20493,263473,0.031338,8407551
2,2021-01-14,30408,350517,11583,220244,18825,130273,0,0,26193,228799,0.027214,4226,60945,0.007249,26271,289744,0.034462,8407551
2,2021-01-15,34748,385265,12639,232883,22109,152382,0,0,31496,257141,0.030585,3245,64190,0.007635,31587,321331,0.038219,8407551
2,2021-01-16,17878,403143,5996,238879,11882,164264,0,0,16538,272334,0.032392,1355,65545,0.007796,16548,337879,0.040188,8407551
2,2021-01-17,10400,413543,3564,242443,6836,171100,0,0,9651,281231,0.03345,764,66309,0.007887,9661,347540,0.041337,8407551
2,2021-01-18,19587,433130,10890,253333,8697,179797,0,0,14896,291479,0.034669,4710,71019,0.008447,14958,362498,0.043116,8407551
2,2021-01-19,32200,465330,16757,270090,15443,195240,0,0,24322,308040,0.036638,7877,78896,0.009384,24438,386936,0.046022,8407551
2,2021-01-20,37477,502807,18873,288963,18604,213844,0,0,28954,328592,0.039083,8494,87390,0.010394,29046,415982,0.049477,8407551
2,2021-01-21,40791,543598,17333,306296,23458,237302,0,0,36343,360699,0.042902,4417,91807,0.01092,36524,452506,0.053821,8407551
2,2021-01-22,39294,582892,16487,322783,22807,260109,0,0,35938,393294,0.046779,3372,95179,0.011321,35967,488473,0.058099,8407551
2,2021-01-23,24059,606951,10793,333576,13266,273375,0,0,21073,411434,0.048936,2965,98144,0.011673,21105,509578,0.06061,8407551
2,2021-01-24,12444,619395,6111,339687,6333,279708,0,0,11523,422067,0.050201,905,99049,0.011781,11538,521116,0.061982,8407551
2,2021-01-25,33763,653158,15552,355239,18211,297919,0,0,24944,438387,0.052142,8766,107815,0.012824,25086,546202,0.064966,8407551
2,2021-01-26,40280,693438,19720,374959,20560,318479,0,0,31041,460293,0.054748,9214,117029,0.01392,31120,577322,0.068667,8407551
2,2021-01-27,45510,738948,22592,397551,22918,341397,0,0,35132,485236,0.057714,10252,127281,0.015139,35195,612517,0.072853,8407551
2,2021-01-28,47662,786610,22302,419853,25360,366757,0,0,38924,515566,0.061322,8670,135951,0.01617,39000,651517,0.077492,8407551
2,2021-01-29,45351,831961,21906,441759,23445,390202,0,0,36599,543604,0.064657,8626,144577,0.017196,36664,688181,0.081853,8407551
2,2021-01-30,30956,862917,13324,455083,17632,407834,0,0,27543,567807,0.067535,3374,147951,0.017597,27577,715758,0.085133,8407551
2,2021-01-31,17013,879930,10215,465298,6798,414632,0,0,15796,582431,0.069275,1195,149146,0.01774,15819,731577,0.087014,8407551
2,2021-02-01,40952,920882,19599,484897,21353,435985,0,0,29837,601251,0.071513,11055,160201,0.019054,29875,761452,0.090568,8407551
2,2021-02-02,47585,968467,19374,504271,28211,464196,0,0,36080,626013,0.074458,11412,171613,0.020412,36174,797626,0.09487,8407551
2,2021-02-03,53713,1022180,23719,527990,29994,494190,0,0,39591,651683,0.077512,14017,185630,0.022079,39687,837313,0.099591,8407551
2,2021-02-04,55997,1078177,24070,552060,31927,526117,0,0,40760,677417,0.080572,15125,200755,0.023878,40859,878172,0.10445,8407551
2,2021-02-05,59905,1138082,26155,578215,33750,559867,0,0,40356,698634,0.083096,19327,220082,0.026177,40544,918716,0.109273,8407551
2,2021-02-06,39150,1177232,18358,596573,20792,580659,0,0,31149,721951,0.085869,7925,228007,0.027119,31242,949958,0.112989,8407551
2,2021-02-07,15719,1192951,10435,607008,5284,585943,0,0,11915,730162,0.086846,3774,231781,0.027568,11985,961943,0.114414,8407551
2,2021-02-08,42946,1235897,21794,628802,21152,607095,0,0,29388,746348,0.088771,13413,245194,0.029164,29599,991542,0.117935,8407551
2,2021-02-09,49212,1285109,23334,652136,25878,632973,0,0,30240,758273,0.09019,18667,263861,0.031384,30592,1022134,0.121573,8407551
2,2021-02-10,59436,1344545,27834,679970,31602,664575,0,0,34282,768043,0.091352,24861,288722,0.034341,34631,1056765,0.125692,8407551
2,2021-02-11,63916,1408461,29318,709288,34598,699173,0,0,35508,776000,0.092298,28038,316760,0.037676,35995,1092760,0.129974,8407551
2,2021-02-12,65034,1473495,28001,737289,37033,736206,0,0,34550,781043,0.092898,30171,346931,0.041264,35214,1127974,0.134162,8407551
2,2021-02-13,37811,1511306,15826,753115,21985,758191,0,0,21890,787499,0.093666,15814,362745,0.043145,22270,1150244,0.136811,8407551
2,2021-02-14,20008,1531314,9369,762484,10639,768830,0,0,11194,790299,0.093999,8761,371506,0.044187,11561,1161805,0.138186,8407551
2,2021-02-15,33268,1564582,14990,777474,18278,787108,0,0,18426,794875,0.094543,14706,386212,0.045936,19282,1181087,0.140479,8407551
2,2021-02-16,56168,1620750,27602,805076,28566,815674,0,0,29639,798785,0.095008,26408,412620,0.049077,30318,1211405,0.144085,8407551
2,2021-02-17,61578,1682328,31703,836779,29875,845549,0,0,30521,799176,0.095055,30957,443577,0.052759,31348,1242753,0.147814,8407551
2,2021-02-18,65945,1748273,33360,870139,32585,878134,0,0,31977,798611,0.094987,33700,477277,0.056768,33135,1275888,0.151755,8407551
2,2021-02-19,59332,1807605,32909,903048,26423,904557,0,0,29463,798998,0.095033,29678,506955,0.060298,30065,1305953,0.155331,8407551
2,2021-02-20,37682,1845287,24569,927617,13113,917670,0,0,20438,802986,0.095508,17135,524090,0.062336,21123,1327076,0.157843,8407551
2,2021-02-21,21790,1867077,17636,945253,4154,921824,0,0,10786,803669,0.095589,10905,534995,0.063633,11588,1338664,0.159222,8407551
2,2021-02-22,39331,1906408,26882,972135,12449,934273,0,0,18596,802375,0.095435,20577,555572,0.06608,19283,1357947,0.161515,8407551
2,2021-02-23,53661,1960069,27316,999451,26345,960618,0,0,23422,797729,0.094882,29968,585540,0.069645,25322,1383269,0.164527,8407551
2,2021-02-24,70790,2030859,36387,1035838,34403,995021,0,0,32283,794112,0.094452,38281,623821,0.074198,34664,1417933,0.16865,8407551
2,2021-02-25,76564,2107423,36251,1072089,40313,1035334,0,0,38624,797905,0.094903,37656,661477,0.078677,41449,1459382,0.17358,8407551
2,2021-02-26,85494,2192917,36601,1108690,48893,1084227,0,0,45975,806875,0.09597,39201,700678,0.083339,48171,1507553,0.179309,8407551
2,2021-02-27,62386,2255303,29274,1137964,33104,1117331,8,8,33855,813790,0.096793,28285,728963,0.086703,35200,1542753,0.183496,8407551
2,2021-02-28,30881,2286184,18569,1156533,12311,1129642,1,9,17995,819873,0.097516,12751,741714,0.08822,18834,1561587,0.185736,8407551
2,2021-03-01,58424,2344608,30626,1187159,27743,1157385,55,64,31879,826791,0.098339,26217,767931,0.091338,33135,1594722,0.189677,8407551
2,2021-03-02,70160,2414768,33766,1220925,36383,1193768,11,75,39398,837970,0.099669,30568,798499,0.094974,41747,1636469,0.194643,8407551
2,2021-03-03,81135,2495903,39040,1259965,42079,1235847,16,91,45836,851329,0.101258,35079,833578,0.099146,48438,1684907,0.200404,8407551
2,2021-03-04,88487,2584390,43579,1303544,44878,1280725,30,121,50827,867169,0.103142,37401,870979,0.103595,53241,1738148,0.206737,8407551
2,2021-03-05,82715,2667105,38773,1342317,43632,1324357,310,431,50411,888212,0.105645,32068,903047,0.107409,53111,1791259,0.213054,8407551
2,2021-03-06,63040,2730145,30809,1373126,30525,1354882,1706,2137,38775,905992,0.107759,24122,927169,0.110278,41902,1833161,0.218037,8407551
2,2021-03-07,28654,2758799,16274,1389400,10837,1365719,1543,3680,18158,916381,0.108995,10424,937593,0.111518,20813,1853974,0.220513,8407551
2,2021-03-08,50747,2809546,23267,1412667,24914,1390633,2566,6246,31859,933659,0.11105,18778,956371,0.113751,36056,1890030,0.224801,8407551
2,2021-03-09,70144,2879690,32081,1444748,34206,1424839,3857,10103,38923,946688,0.1126,31083,987454,0.117448,44112,1934142,0.230048,8407551
2,2021-03-10,78390,2958080,37048,1481796,34786,1459625,6556,16659,41521,959428,0.114115,36652,1024106,0.121808,49392,1983534,0.235923,8407551
2,2021-03-11,92538,3050618,42903,1524699,41330,1500955,8305,24964,48056,973011,0.115731,44157,1068263,0.12706,57740,2041274,0.242791,8407551
2,2021-03-12,93935,3144553,38562,1563261,43434,1544389,11939,36903,46697,986063,0.117283,46972,1115235,0.132647,60024,2101298,0.24993,8407551
2,2021-03-13,69044,3213597,28923,1592184,32112,1576501,8009,44912,37800,1002042,0.119184,31105,1146340,0.136346,47084,2148382,0.25553,8407551
2,2021-03-14,37056,3250653,18312,1610496,14223,1590724,4521,49433,18594,1007542,0.119838,18352,1164692,0.138529,23852,2172234,0.258367,8407551
2,2021-03-15,67030,3317683,30143,1640639,31959,1622683,4928,54361,36931,1020626,0.121394,29863,1194555,0.142081,42947,2215181,0.263475,8407551
2,2021-03-16,85726,3403409,37951,1678590,43803,1666486,3972,58333,51661,1043517,0.124117,33849,1228404,0.146107,56740,2271921,0.270224,8407551
2,2021-03-17,92236,3495645,43929,1722519,44119,1710605,4188,62521,58441,1073444,0.127676,33512,1261916,0.150093,63439,2335360,0.277769,8407551
2,2021-03-18,97306,3592951,46452,1768971,46261,1756866,4593,67114,59118,1099846,0.130816,37855,1299771,0.154596,64257,2399617,0.285412,8407551
2,2021-03-19,96727,3689678,45741,1814712,44890,1801756,6096,73210,57021,1124099,0.133701,39372,1339143,0.159279,63625,2463242,0.29298,8407551
2,2021-03-20,69623,3759301,33952,1848664,31694,1833450,3977,77187,45294,1149636,0.136739,24086,1363229,0.162143,49623,2512865,0.298882,8407551
2,2021-03-21,33483,3792784,21603,1870267,9876,1843326,2004,79191,19962,1158666,0.137813,13364,1376593,0.163733,22394,2535259,0.301545,8407551
2,2021-03-22,62810,3855594,34563,1904830,25620,1868946,2627,81818,41549,1182722,0.140674,21014,1397607,0.166232,45070,2580329,0.306906,8407551
2,2021-03-23,83431,3939025,44120,1948950,36406,1905352,2905,84723,51600,1206531,0.143506,31537,1429144,0.169983,55346,2635675,0.313489,8407551
2,2021-03-24,91524,4030549,49076,1998026,39276,1944628,3172,87895,53438,1226219,0.145847,37732,1466876,0.174471,57420,2693095,0.320319,8407551
2,2021-03-25,100809,4131358,50903,2048929,46012,1990640,3894,91789,56649,1243742,0.147932,43780,1510656,0.179678,61303,2754398,0.32761,8407551
2,2021-03-26,103413,4234771,51211,2100140,48720,2039360,3482,95271,56134,1257516,0.14957,46878,1557534,0.185254,60652,2815050,0.334824,8407551
2,2021-03-27,75550,4310321,37785,2137925,34475,2073835,3290,98561,37748,1261888,0.15009,37523,1595057,0.189717,41895,2856945,0.339807,8407551
2,2021-03-28,37819,4348140,23348,2161273,13660,2087495,811,99372,20131,1266122,0.150593,17554,1612611,0.191805,21788,2878733,0.342399,8407551
2,2021-03-29,71609,4419749,36415,2197688,32921,2120416,2273,101645,40543,1279010,0.152126,30831,1643442,0.195472,43719,2922452,0.347598,8407551
2,2021-03-30,92125,4511874,45082,2242770,42666,2163082,4377,106022,51492,1295068,0.154036,40410,1683852,0.200279,56468,2978920,0.354315,8407551
2,2021-03-31,101257,4613131,52104,2294874,44035,2207117,5118,111140,57255,1314117,0.156302,43671,1727523,0.205473,62720,3041640,0.361775,8407551
2,2021-04-01,117039,4730170,56760,2351634,51012,2258129,9267,120407,63742,1334659,0.158745,52852,1780375,0.211759,73394,3115034,0.370504,8407551
2,2021-04-02,111531,4841701,51360,2402994,49955,2308084,10216,130623,59660,1353519,0.160988,51462,1831837,0.21788,70322,3185356,0.378868,8407551
2,2021-04-03,76864,4918565,37737,2440731,29285,2337369,9842,140465,38025,1363124,0.162131,38624,1870461,0.222474,48229,3233585,0.384605,8407551
2,2021-04-04,29001,4947566,14910,2455641,10231,2347600,3860,144325,12986,1364094,0.162246,15903,1886364,0.224365,16873,3250458,0.386612,8407551
2,2021-04-05,79091,5026657,38698,2494339,31547,2379147,8846,153171,38063,1370895,0.163055,40838,1927202,0.229223,47639,3298097,0.392278,8407551
2,2021-04-06,103380,5130037,50144,2544483,38530,2417677,14706,167877,48850,1380604,0.16421,54231,1981433,0.235673,63940,3362037,0.399883,8407551
2,2021-04-07,110205,5240242,54888,2599371,39035,2456712,16282,184159,51815,1390860,0.16543,58077,2039510,0.242581,68333,3430370,0.408011,8407551
2,2021-04-08,118457,5358699,57101,2656472,42586,2499298,18770,202929,55178,1402432,0.166806,62892,2102402,0.250061,74464,3504834,0.416867,8407551
2,2021-04-09,118484,5477183,56950,2713422,43411,2542709,18123,221052,56038,1415351,0.168343,62061,2164463,0.257443,74980,3579814,0.425786,8407551
2,2021-04-10,87382,5564565,37805,2751227,31121,2573830,18456,239508,36008,1419340,0.168817,51131,2215594,0.263524,55120,3634934,0.432342,8407551
2,2021-04-11,44356,5608921,23072,2774299,12805,2586635,8479,247987,18093,1420484,0.168953,26139,2241733,0.266633,27283,3662217,0.435587,8407551
2,2021-04-12,79869,5688790,37147,2811446,33352,2619987,9370,257357,35544,1422334,0.169173,44046,2285779,0.271872,45896,3708113,0.441046,8407551
2,2021-04-13,101347,5790137,52624,2864070,48460,2668447,263,257620,55533,1433495,0.170501,45527,2331306,0.277287,56688,3764801,0.447788,8407551
2,2021-04-14,106422,5896559,55707,2919777,50660,2719107,55,257675,54217,1437320,0.170956,51885,2383191,0.283458,55710,3820511,0.454414,8407551
2,2021-04-15,112307,6008866,59513,2979290,52707,2771814,87,257762,58595,1443762,0.171722,53306,2436497,0.289799,59748,3880259,0.461521,8407551
2,2021-04-16,110169,6119035,57111,3036401,53003,2824817,55,257817,55907,1446688,0.17207,53887,2490384,0.296208,56813,3937072,0.468278,8407551
2,2021-04-17,83139,6202174,42413,3078814,40712,2865529,14,257831,46559,1457805,0.173392,36321,2526705,0.300528,47438,3984510,0.47392,8407551
2,2021-04-18,35903,6238077,21814,3100628,14082,2879611,7,257838,17065,1457165,0.173316,18694,2545399,0.302752,18054,4002564,0.476068,8407551
2,2021-04-19,74811,6312888,40295,3140923,34498,2914109,18,257856,33918,1451111,0.172596,40611,2586010,0.307582,34557,4037121,0.480178,8407551
2,2021-04-20,97173,6410061,48995,3189918,48151,2962260,27,257883,47074,1449220,0.172371,49736,2635746,0.313497,47845,4084966,0.485869,8407551
2,2021-04-21,103836,6513897,56261,3246179,47514,3009774,61,257944,49009,1444927,0.171861,54333,2690079,0.31996,50040,4135006,0.491821,8407551
2,2021-04-22,108231,6622128,56087,3302266,52119,3061893,25,257969,47365,1432793,0.170417,60417,2750496,0.327146,48283,4183289,0.497563,8407551
2,2021-04-23,107957,6730085,57536,3359802,50402,3112295,19,257988,49849,1425915,0.169599,57671,2808167,0.334005,50793,4234082,0.503605,8407551
2,2021-04-24,80991,6811076,47670,3407472,33281,3145576,40,258028,42122,1430513,0.170146,38502,2846669,0.338585,43100,4277182,0.508731,8407551
2,2021-04-25,36607,6847683,22523,3429995,14069,3159645,15,258043,19893,1434331,0.1706,16557,2863226,0.340554,20375,4297557,0.511154,8407551
2,2021-04-26,74190,6921873,41102,3471097,32779,3192424,309,258352,34065,1430314,0.170123,39840,2903066,0.345293,35823,4333380,0.515415,8407551
2,2021-04-27,88356,7010229,46649,3517746,40340,3232764,1367,259719,37839,1420644,0.168972,50117,2953183,0.351254,40447,4373827,0.520226,8407551
2,2021-04-28,88250,7098479,47222,3564968,39162,3271926,1866,261585,38918,1413369,0.168107,48974,3002157,0.357079,41699,4415526,0.525186,8407551
2,2021-04-29,91189,7189668,49750,3614718,39721,3311647,1718,263303,35426,1395759,0.166013,55351,3057508,0.363662,37741,4453267,0.529675,8407551
2,2021-04-30,94861,7284529,52500,3667218,40354,3352001,2007,265310,36832,1377709,0.163866,57546,3115054,0.370507,39496,4492763,0.534372,8407551
2,2021-05-01,62695,7347224,38281,3705499,22823,3374824,1591,266901,24406,1366604,0.162545,37951,3153005,0.375021,26846,4519609,0.537565,8407551
2,2021-05-02,29341,7376565,20431,3725930,7931,3382755,979,267880,11130,1360729,0.161846,18072,3171077,0.37717,12197,4531806,0.539016,8407551
2,2021-05-03,60601,7437166,35998,3761928,22539,3405294,2064,269944,20364,1343470,0.159793,39950,3211027,0.381922,22691,4554497,0.541715,8407551
2,2021-05-04,79768,7516934,47573,3809501,29817,3435111,2378,272322,25985,1318809,0.15686,53418,3264445,0.388275,28757,4583254,0.545135,8407551
2,2021-05-05,80498,7597432,47972,3857473,30174,3465285,2352,274674,25207,1291848,0.153653,54887,3319332,0.394804,27926,4611180,0.548457,8407551
2,2021-05-06,82797,7680229,50290,3907763,29602,3494887,2905,277579,25271,1263626,0.150297,57028,3376360,0.401587,28806,4639986,0.551883,8407551
2,2021-05-07,83658,7763887,48344,3956107,32886,3527773,2428,280007,25768,1234795,0.146867,57481,3433841,0.408423,28650,4668636,0.555291,8407551
2,2021-05-08,55800,7819687,33850,3989957,20224,3547997,1726,281733,17515,1216723,0.144718,38042,3471883,0.412948,19970,4688606,0.557666,8407551
2,2021-05-09,21918,7841605,15784,4005741,5384,3553381,750,282483,6347,1208574,0.143749,15477,3487360,0.414789,7328,4695934,0.558538,8407551
2,2021-05-10,50302,7891907,27445,4033186,20980,3574361,1877,284360,14161,1189345,0.141462,35873,3523233,0.419056,16644,4712578,0.560517,8407551
2,2021-05-11,66377,7958284,36050,4069236,28201,3602562,2126,286486,20005,1166109,0.138698,46056,3569289,0.424534,22820,4735398,0.563232,8407551
2,2021-05-12,65298,8023582,34898,4104134,28169,3630731,2231,288717,19217,1142206,0.135855,45765,3615054,0.429977,21862,4757260,0.565832,8407551
2,2021-05-13,71132,8094714,41389,4145523,27792,3658523,1951,290668,26048,1126166,0.133947,44780,3659834,0.435303,28740,4786000,0.56925,8407551
2,2021-05-14,80048,8174762,48085,4193608,29700,3688223,2263,292931,30759,1110914,0.132133,48915,3708749,0.441121,33663,4819663,0.573254,8407551
2,2021-05-15,66582,8241344,43773,4237381,21090,3709313,1719,294650,25820,1098349,0.130638,40500,3749249,0.445938,27935,4847598,0.576577,8407551
2,2021-05-16,31735,8273079,23737,4261118,7073,3716386,925,295575,12899,1093608,0.130075,18694,3767943,0.448162,13953,4861551,0.578236,8407551
2,2021-05-17,58088,8331167,36857,4297975,19279,3735665,1952,297527,22905,1083904,0.12892,34927,3802870,0.452316,25223,4886774,0.581236,8407551
2,2021-05-18,70280,8401447,41151,4339126,27172,3762837,1957,299484,27893,1072193,0.127527,42103,3844973,0.457324,30392,4917166,0.584851,8407551
2,2021-05-19,68879,8470326,40829,4379955,26046,3788883,2004,301488,27242,1060587,0.126147,41318,3886291,0.462238,29712,4946878,0.588385,8407551
2,2021-05-20,69630,8539956,40433,4420388,26990,3815873,2207,303695,26459,1047016,0.124533,42825,3929116,0.467332,29254,4976132,0.591865,8407551
2,2021-05-21,72987,8612943,43150,4463538,27679,3843552,2158,305853,27697,1032505,0.122807,44921,3974037,0.472675,30410,5006542,0.595482,8407551
2,2021-05-22,53508,8666451,33936,4497474,17801,3861353,1771,307624,22302,1026145,0.12205,30970,4005007,0.476358,24610,5031152,0.598409,8407551
2,2021-05-23,24421,8690872,16657,4514131,7039,3868392,725,308349,10236,1023192,0.121699,14055,4019062,0.47803,11102,5042254,0.599729,8407551
2,2021-05-24,44721,8735593,25451,4539582,17503,3885895,1767,310116,17159,1015121,0.120739,27337,4046399,0.481282,19266,5061520,0.602021,8407551
2,2021-05-25,50731,8786324,29718,4569300,19154,3905049,1859,311975,19269,1005635,0.119611,31155,4077554,0.484987,21669,5083189,0.604598,8407551
2,2021-05-26,48663,8834987,27276,4596576,19695,3924744,1692,313667,18974,997286,0.118618,29355,4106909,0.488479,21006,5104195,0.607097,8407551
2,2021-05-27,46532,8881519,26406,4622982,18393,3943137,1733,315400,18554,990348,0.117793,27729,4134638,0.491777,20791,5124986,0.609569,8407551
2,2021-05-28,49959,8931478,27639,4650621,20350,3963487,1970,317370,20952,984957,0.117151,28742,4163380,0.495195,23351,5148337,0.612347,8407551
2,2021-05-29,28972,8960450,17378,4667999,10535,3974022,1059,318429,13211,983794,0.117013,15605,4178985,0.497051,14442,5162779,0.614065,8407551
2,2021-05-30,12678,8973128,8176,4676175,3739,3977761,763,319192,5527,983059,0.116926,7091,4186076,0.497895,6356,5169135,0.614821,8407551
2,2021-05-31,5893,8979021,3442,4679617,2148,3979909,303,319495,1829,981236,0.116709,4004,4190080,0.498371,2181,5171316,0.61508,8407551
2,2021-06-01,44756,9023777,25716,4705333,17381,3997290,1659,321154,15552,969932,0.115364,28890,4218970,0.501807,17586,5188902,0.617172,8407551
2,2021-06-02,38172,9061949,22478,4727811,14291,4011581,1403,322557,14914,963558,0.114606,22991,4241961,0.504542,16617,5205519,0.619148,8407551
2,2021-06-03,41356,9103305,26645,4754456,13240,4024821,1471,324028,13877,952052,0.113238,27237,4269198,0.507781,15731,5221250,0.621019,8407551
2,2021-06-04,47918,9151223,31381,4785837,15002,4039823,1535,325563,15441,937378,0.111492,32173,4301371,0.511608,17499,5238749,0.6231,8407551
2,2021-06-05,37851,9189074,27007,4812844,9385,4049208,1459,327022,11752,925145,0.110037,25864,4327235,0.514684,13631,5252380,0.624722,8407551
2,2021-06-06,14912,9203986,12235,4825079,2098,4051306,579,327601,4646,920359,0.109468,10200,4337435,0.515898,5414,5257794,0.625366,8407551
2,2021-06-07,33259,9237245,23296,4848375,8687,4059993,1276,328877,10779,910333,0.108276,22327,4359762,0.518553,12301,5270095,0.626829,8407551
2,2021-06-08,40575,9277820,28731,4877106,10485,4070478,1359,330236,12431,896603,0.106643,27900,4387662,0.521872,14170,5284265,0.628514,8407551
2,2021-06-09,38116,9315936,26627,4903733,9994,4080472,1495,331731,11504,883512,0.105086,26417,4414079,0.525014,13326,5297591,0.630099,8407551
2,2021-06-10,37728,9353664,26248,4929981,9956,4090428,1524,333255,11556,871092,0.103608,25975,4440054,0.528103,13555,5311146,0.631711,8407551
2,2021-06-11,41184,9394848,27384,4957365,12132,4102560,1668,334923,13172,858486,0.102109,27746,4467800,0.531403,15140,5326286,0.633512,8407551
2,2021-06-12,29388,9424236,21636,4979001,6841,4109401,911,335834,8659,847692,0.100825,20590,4488390,0.533852,9796,5336082,0.634677,8407551
2,2021-06-13,12194,9436430,8897,4987898,2678,4112079,619,336453,3078,842504,0.100208,9053,4497443,0.534929,3865,5339947,0.635137,8407551
2,2021-06-14,29870,9466300,21223,5009121,7452,4119531,1195,337648,10330,834867,0.0993,19370,4516813,0.537233,11733,5351680,0.636533,8407551
2,2021-06-15,35532,9501832,23658,5032779,9828,4129359,2046,339694,11935,825867,0.098229,23357,4540170,0.540011,14357,5366037,0.63824,8407551
2,2021-06-16,32976,9534808,22768,5055547,8418,4137777,1790,341484,11377,817913,0.097283,21431,4561601,0.54256,13477,5379514,0.639843,8407551
2,2021-06-17,30797,9565605,20577,5076124,8417,4146194,1803,343287,10869,811041,0.096466,19750,4581351,0.544909,12878,5392392,0.641375,8407551
2,2021-06-18,34693,9600298,22893,5099017,9932,4156126,1868,345155,12651,803994,0.095628,21825,4603176,0.547505,14778,5407170,0.643133,8407551
2,2021-06-19,20917,9621215,14568,5113585,5093,4161219,1256,346411,7896,800486,0.09521,12858,4616034,0.549034,9350,5416520,0.644245,8407551
2,2021-06-20,8284,9629499,5919,5119504,1900,4163119,465,346876,3062,798902,0.095022,5179,4621213,0.54965,3595,5420115,0.644672,8407551
2,2021-06-21,19301,9648800,11820,5131324,6167,4169286,1314,348190,9866,800945,0.095265,9316,4630529,0.550758,11359,5431474,0.646023,8407551
2,2021-06-22,26856,9675656,18406,5149730,7076,4176362,1374,349564,10527,796957,0.094791,16163,4646692,0.552681,12175,5443649,0.647471,8407551
2,2021-06-23,25854,9701510,17867,5167597,6370,4182732,1617,351181,10529,794214,0.094464,15185,4661877,0.554487,12442,5456091,0.648951,8407551
2,2021-06-24,25299,9726809,17227,5184824,6557,4189289,1515,352696,10434,791677,0.094163,14718,4676595,0.556237,12181,5468272,0.6504,8407551
2,2021-06-25,28663,9755472,19466,5204290,7713,4197002,1484,354180,11982,788856,0.093827,16521,4693116,0.558203,13700,5481972,0.65203,8407551
2,2021-06-26,18469,9773941,13619,5217909,3927,4200929,923,355103,7525,786700,0.093571,10855,4703971,0.559494,8699,5490671,0.653064,8407551
2,2021-06-27,8785,9782726,6706,5224615,1632,4202561,447,355550,3522,785581,0.093438,5211,4709182,0.560113,4092,5494763,0.653551,8407551
2,2021-06-28,19720,9802446,14998,5239613,3492,4206053,1230,356780,8688,784788,0.093343,10901,4720083,0.56141,10108,5504871,0.654753,8407551
2,2021-06-29,22600,9825046,15764,5255377,5764,4211817,1072,357852,9624,782877,0.093116,12841,4732924,0.562937,10930,5515801,0.656053,8407551
2,2021-06-30,21825,9846871,15483,5270860,5323,4217140,1019,358871,9713,781861,0.092995,11975,4744899,0.564362,10959,5526760,0.657357,8407551
2,2021-07-01,19687,9866558,13924,5284784,4893,4222033,870,359741,8745,780860,0.092876,10820,4755719,0.565649,9819,5536579,0.658525,8407551
2,2021-07-02,22637,9889195,15635,5300419,5982,4228015,1020,360761,9995,779590,0.092725,12486,4768205,0.567134,11216,5547795,0.659859,8407551
2,2021-07-03,12452,9901647,8984,5309403,3000,4231015,468,361229,5691,779204,0.092679,6665,4774870,0.567926,6279,5554074,0.660605,8407551
2,2021-07-04,997,9902644,588,5309991,342,4231357,67,361296,431,779170,0.092675,555,4775425,0.567992,521,5554595,0.660667,8407551
2,2021-07-05,10982,9913626,8051,5318042,2526,4233883,405,361701,5035,778852,0.092637,5884,4781309,0.568692,5566,5560161,0.661329,8407551
2,2021-07-06,23512,9937138,17111,5335153,5428,4239311,973,362674,9073,774877,0.092164,14298,4795607,0.570393,10323,5570484,0.662557,8407551
2,2021-07-07,20423,9957561,14582,5349735,4748,4244059,1093,363767,8665,773281,0.091975,11618,4807225,0.571775,10022,5580506,0.663749,8407551
2,2021-07-08,18995,9976556,13242,5362977,4723,4248782,1030,364797,8005,771632,0.091778,10888,4818113,0.57307,9239,5589745,0.664848,8407551
2,2021-07-09,22292,9998848,15447,5378424,5609,4254391,1236,366033,9405,769722,0.091551,12756,4830869,0.574587,10846,5600591,0.666138,8407551
2,2021-07-10,14072,10012920,10373,5388797,3014,4257405,685,366718,6168,768921,0.091456,7813,4838682,0.575516,7012,5607603,0.666972,8407551
2,2021-07-11,6535,10019455,4801,5393598,1389,4258794,345,367063,3079,769003,0.091466,3412,4842094,0.575922,3494,5611097,0.667388,8407551
2,2021-07-12,18073,10037528,13291,5406889,3918,4262712,864,367927,7772,767648,0.091305,10190,4852284,0.577134,8835,5619932,0.668439,8407551
2,2021-07-13,19321,10056849,13643,5420532,4797,4267509,881,368808,8631,766807,0.091205,10550,4862834,0.578389,9709,5629641,0.669593,8407551
2,2021-07-14,18496,10075345,13223,5433755,4496,4272005,777,369585,8258,765938,0.091101,10113,4872947,0.579592,9244,5638885,0.670693,8407551
2,2021-07-15,18615,10093960,13523,5447278,4401,4276406,691,370276,8455,765248,0.091019,10049,4882996,0.580787,9359,5648244,0.671806,8407551
2,2021-07-16,22563,10116523,16259,5463537,5481,4281887,823,371099,10784,765408,0.091038,11649,4894645,0.582173,11809,5660053,0.673211,8407551
2,2021-07-17,14180,10130703,10334,5473871,3317,4285204,529,371628,6853,765687,0.091071,7237,4901882,0.583033,7516,5667569,0.674105,8407551
2,2021-07-18,6964,10137667,5204,5479075,1435,4286639,325,371953,3531,766221,0.091135,3390,4905272,0.583436,3924,5671493,0.674571,8407551
2,2021-07-19,18198,10155865,13575,5492650,3904,4290543,719,372672,9021,767081,0.091237,9065,4914337,0.584515,9925,5681418,0.675752,8407551
2,2021-07-20,20554,10176419,14663,5507313,5064,4295607,827,373499,10397,768499,0.091406,10026,4924363,0.585707,11444,5692862,0.677113,8407551
2,2021-07-21,20111,10196530,14638,5521951,4716,4300323,757,374256,10411,770288,0.091619,9576,4933939,0.586846,11365,5704227,0.678465,8407551
2,2021-07-22,20037,10216567,14307,5536258,4890,4305213,840,375096,10711,772830,0.091921,9183,4943122,0.587938,11725,5715952,0.679859,8407551
2,2021-07-23,24030,10240597,16839,5553097,6163,4311376,1028,376124,13098,776368,0.092342,10785,4953907,0.589221,14323,5730275,0.681563,8407551
2,2021-07-24,14583,10255180,10530,5563627,3563,4314939,490,376614,8142,778778,0.092628,6336,4960243,0.589975,8746,5739021,0.682603,8407551
2,2021-07-25,6589,10261769,4838,5568465,1615,4316554,136,376750,4871,782149,0.093029,1675,4961918,0.590174,5046,5744067,0.683203,8407551
2,2021-07-26,18681,10280450,13206,5581671,4725,4321279,750,377500,11824,788110,0.093738,6741,4968659,0.590976,12702,5756769,0.684714,8407551
2,2021-07-27,22374,10302824,16205,5597876,5342,4326621,827,378327,13126,793114,0.094334,9099,4977758,0.592058,14103,5770872,0.686392,8407551
2,2021-07-28,22289,10325113,15962,5613838,5442,4332063,885,379212,13179,798410,0.094963,8950,4986708,0.593123,14246,5785118,0.688086,8407551
2,2021-07-29,21038,10346151,15112,5628950,5069,4337132,857,380069,12707,803927,0.09562,8195,4994903,0.594097,13712,5798830,0.689717,8407551
2,2021-07-30,25638,10371789,18312,5647262,6420,4343552,906,380975,15376,810337,0.096382,10074,5004977,0.595295,16484,5815314,0.691678,8407551
2,2021-07-31,15458,10387247,11414,5658676,3560,4347112,484,381459,9359,814338,0.096858,5977,5010954,0.596006,9978,5825292,0.692864,8407551
2,2021-08-01,7897,10395144,6091,5664767,1640,4348752,166,381625,5158,817037,0.097179,2685,5013639,0.596326,5384,5830676,0.693505,8407551
2,2021-08-02,20896,10416040,15751,5680518,4411,4353163,734,382359,13256,823638,0.097964,7503,5021142,0.597218,14104,5844780,0.695182,8407551
2,2021-08-03,23551,10439591,17209,5697727,5383,4358546,959,383318,14657,830632,0.098796,8749,5029891,0.598259,15743,5860523,0.697055,8407551
2,2021-08-04,22162,10461753,16471,5714198,4892,4363438,799,384117,13844,837186,0.099575,8188,5038079,0.599233,14742,5875265,0.698808,8407551
2,2021-08-05,22086,10483839,16226,5730424,5015,4368453,845,384962,13662,843535,0.100331,8268,5046347,0.600216,14617,5889882,0.700547,8407551
2,2021-08-06,24612,10508451,18055,5748479,5667,4374120,890,385852,14978,850044,0.101105,9464,5055811,0.601342,15973,5905855,0.702447,8407551
2,2021-08-07,14967,10523418,11187,5759666,3240,4377360,540,386392,9095,853951,0.10157,5769,5061580,0.602028,9676,5915531,0.703597,8407551
2,2021-08-08,5135,10528553,3624,5763290,1317,4378677,194,386586,2979,855036,0.101699,2113,5063693,0.602279,3198,5918729,0.703978,8407551
3,2020-12-15,322,322,322,322,0,0,0,0,322,322,4e-05,0,0,0.0,322,322,4e-05,8129050
3,2020-12-16,2413,2735,2413,2735,0,0,0,0,2414,2736,0.000337,0,0,0.0,2414,2736,0.000337,8129050
3,2020-12-17,7817,10552,7817,10552,0,0,0,0,7817,10553,0.001298,0,0,0.0,7817,10553,0.001298,8129050
3,2020-12-18,13366,23918,13347,23899,19,19,0,0,13365,23918,0.002942,0,0,0.0,13365,23918,0.002942,8129050
3,2020-12-19,7267,31185,7254,31153,13,32,0,0,7330,31248,0.003844,0,0,0.0,7330,31248,0.003844,8129050
3,2020-12-20,5666,36851,5656,36809,10,42,0,0,5713,36960,0.004547,1,1,0.0,5713,36961,0.004547,8129050
3,2020-12-21,14325,51176,14304,51113,21,63,0,0,14389,51348,0.006317,1,2,0.0,14389,51350,0.006317,8129050
3,2020-12-22,14755,65931,14191,65304,564,627,0,0,14792,66137,0.008136,3,5,1e-06,14792,66142,0.008136,8129050
3,2020-12-23,14833,80764,12235,77539,2598,3225,0,0,14849,80985,0.009962,2,7,1e-06,14850,80992,0.009963,8129050
3,2020-12-24,6791,87555,4869,82408,1922,5147,0,0,6788,87771,0.010797,2,9,1e-06,6788,87780,0.010798,8129050
3,2020-12-25,724,88279,666,83074,58,5205,0,0,722,88493,0.010886,0,9,1e-06,722,88502,0.010887,8129050
3,2020-12-26,4625,92904,3000,86074,1625,6830,0,0,4623,93116,0.011455,0,9,1e-06,4623,93125,0.011456,8129050
3,2020-12-27,2987,95891,1855,87929,1132,7962,0,0,2987,96103,0.011822,0,9,1e-06,2987,96112,0.011823,8129050
3,2020-12-28,13632,109523,8713,96642,4919,12881,0,0,13656,109758,0.013502,1,10,1e-06,13656,109768,0.013503,8129050
3,2020-12-29,15099,124622,8501,105143,6598,19479,0,0,15125,124881,0.015362,2,12,1e-06,15125,124893,0.015364,8129050
3,2020-12-30,18130,142752,10097,115240,8033,27512,0,0,18135,143015,0.017593,2,14,2e-06,18136,143029,0.017595,8129050
3,2020-12-31,8450,151202,3238,118478,5212,32724,0,0,8449,151462,0.018632,2,16,2e-06,8449,151478,0.018634,8129050
3,2021-01-01,1623,152825,773,119251,850,33574,0,0,1619,153080,0.018831,1,17,2e-06,1619,153097,0.018833,8129050
3,2021-01-02,4948,157773,2428,121679,2520,36094,0,0,4948,158028,0.01944,0,17,2e-06,4948,158045,0.019442,8129050
3,2021-01-03,1621,159394,853,122532,768,36862,0,0,1612,159638,0.019638,2,19,2e-06,1612,159657,0.01964,8129050
3,2021-01-04,12059,171453,5969,128501,6090,42952,0,0,12030,171660,0.021117,8,27,3e-06,12030,171687,0.02112,8129050
3,2021-01-05,15735,187188,8152,136653,7583,50535,0,0,14061,184093,0.022646,1658,1685,0.000207,14091,185778,0.022854,8129050
3,2021-01-06,20584,207772,10883,147536,9701,60236,0,0,16036,195638,0.024067,4501,6186,0.000761,16046,201824,0.024828,8129050
3,2021-01-07,26636,234408,15233,162769,11403,71639,0,0,17168,203392,0.02502,9431,15617,0.001921,17185,219009,0.026942,8129050
3,2021-01-08,30572,264980,18645,181414,11927,83566,0,0,18167,209197,0.025734,12384,28001,0.003445,18189,237198,0.029179,8129050
3,2021-01-09,12471,277451,7052,188466,5419,88985,0,0,7933,212608,0.026154,4531,32532,0.004002,7942,245140,0.030156,8129050
3,2021-01-10,7236,284687,4486,192952,2750,91735,0,0,4078,213536,0.026268,3156,35688,0.00439,4084,249224,0.030658,8129050
3,2021-01-11,29119,313806,19026,211978,10093,101828,0,0,16517,217506,0.026757,12594,48282,0.005939,16564,265788,0.032696,8129050
3,2021-01-12,32578,346384,19442,231420,13136,114964,0,0,19975,225047,0.027684,12581,60863,0.007487,20122,285910,0.035171,8129050
3,2021-01-13,34571,380955,18057,249477,16514,131478,0,0,24337,239187,0.029424,10219,71082,0.008744,24359,310269,0.038168,8129050
3,2021-01-14,34758,415713,14212,263689,20546,152024,0,0,28833,262175,0.032252,5883,76965,0.009468,28871,339140,0.04172,8129050
3,2021-01-15,38983,454696,14451,278140,24532,176556,0,0,34298,291881,0.035906,4665,81630,0.010042,34371,373511,0.045948,8129050
3,2021-01-16,21734,476430,7443,285583,14291,190847,0,0,19393,308967,0.038008,2330,83960,0.010328,19416,392927,0.048336,8129050
3,2021-01-17,13012,489442,4467,290050,8545,199392,0,0,11930,319836,0.039345,1081,85041,0.010461,11950,404877,0.049806,8129050
3,2021-01-18,24775,514217,12943,302993,11832,211224,0,0,19169,333454,0.04102,5595,90636,0.01115,19213,424090,0.05217,8129050
3,2021-01-19,41082,555299,20880,323873,20202,231426,0,0,31927,356351,0.043837,9118,99754,0.012271,32015,456105,0.056108,8129050
3,2021-01-20,46210,601509,23019,346892,23191,254617,0,0,36652,383578,0.047186,9510,109264,0.013441,36737,492842,0.060627,8129050
3,2021-01-21,48096,649605,20880,367772,27216,281833,0,0,42564,420755,0.051759,5464,114728,0.014113,42641,535483,0.065873,8129050
3,2021-01-22,49782,699387,19849,387621,29933,311766,0,0,45551,462177,0.056855,4202,118930,0.01463,45624,581107,0.071485,8129050
3,2021-01-23,30398,729785,12824,400445,17574,329340,0,0,27094,486030,0.059789,3296,122226,0.015036,27149,608256,0.074825,8129050
3,2021-01-24,17907,747692,8500,408945,9407,338747,0,0,16715,501588,0.061703,1189,123415,0.015182,16747,625003,0.076885,8129050
3,2021-01-25,40906,788598,18227,427172,22679,361426,0,0,30906,522613,0.06429,9972,133387,0.016409,30997,656000,0.080698,8129050
3,2021-01-26,47409,836007,22624,449796,24785,386211,0,0,37184,549709,0.067623,10193,143580,0.017663,37289,693289,0.085285,8129050
3,2021-01-27,51523,887530,24528,474324,26995,413206,0,0,40805,579950,0.071343,10646,154226,0.018972,40887,734176,0.090315,8129050
3,2021-01-28,52017,939547,24131,498455,27886,441092,0,0,43041,614160,0.075551,8890,163116,0.020066,43100,777276,0.095617,8129050
3,2021-01-29,51098,990645,24523,522978,26575,467667,0,0,41315,645921,0.079458,9606,172722,0.021248,41367,818643,0.100706,8129050
3,2021-01-30,37315,1027960,17776,540754,19539,487206,0,0,32584,673916,0.082902,4676,177398,0.021823,32671,851314,0.104725,8129050
3,2021-01-31,22392,1050352,12805,553559,9587,496793,0,0,20969,693498,0.085311,1408,178806,0.021996,20990,872304,0.107307,8129050
3,2021-02-01,46028,1096380,21046,574605,24982,521775,0,0,35082,717720,0.088291,10894,189700,0.023336,35116,907420,0.111627,8129050
3,2021-02-02,54523,1150903,22750,597355,31773,553548,0,0,42028,747401,0.091942,12396,202096,0.024861,42077,949497,0.116803,8129050
3,2021-02-03,60109,1211012,26679,624034,33430,586978,0,0,44694,776885,0.095569,15283,217379,0.026741,44767,994264,0.12231,8129050
3,2021-02-04,64454,1275466,27916,651950,36538,623516,0,0,47162,807070,0.099282,17094,234473,0.028844,47279,1041543,0.128126,8129050
3,2021-02-05,70470,1345936,29741,681691,40729,664245,0,0,48620,834266,0.102628,21606,256079,0.031502,48802,1090345,0.134129,8129050
3,2021-02-06,43751,1389687,20983,702674,22768,687013,0,0,34072,858891,0.105657,9633,265712,0.032687,34258,1124603,0.138344,8129050
3,2021-02-07,19765,1409452,12568,715242,7197,694210,0,0,15152,869576,0.106971,4593,270305,0.033252,15278,1139881,0.140223,8129050
3,2021-02-08,51632,1461084,24937,740179,26695,720905,0,0,33817,885913,0.108981,17673,287978,0.035426,34010,1173891,0.144407,8129050
3,2021-02-09,58813,1519897,28521,768700,30292,751197,0,0,34340,896410,0.110272,24193,312171,0.038402,34690,1208581,0.148674,8129050
3,2021-02-10,68450,1588347,31890,800590,36560,787757,0,0,36678,902121,0.110975,31474,343645,0.042274,37185,1245766,0.153249,8129050
3,2021-02-11,70887,1659234,34847,835437,36040,823797,0,0,37646,907419,0.111627,32890,376535,0.04632,38188,1283954,0.157946,8129050
3,2021-02-12,75707,1734941,32678,868115,43029,866826,0,0,41696,916191,0.112706,33699,410234,0.050465,42471,1326425,0.163171,8129050
3,2021-02-13,45216,1780157,20538,888653,24678,891504,0,0,26069,923813,0.113643,19029,429263,0.052806,26651,1353076,0.166449,8129050
3,2021-02-14,27344,1807501,13720,902373,13624,905128,0,0,15219,927428,0.114088,12057,441320,0.054289,15672,1368748,0.168377,8129050
3,2021-02-15,40323,1847824,17374,919747,22949,928077,0,0,22254,932668,0.114733,17956,459276,0.056498,23196,1391944,0.171231,8129050
3,2021-02-16,70507,1918331,33386,953133,37121,965198,0,0,36589,936522,0.115207,33769,493045,0.060652,37623,1429567,0.175859,8129050
3,2021-02-17,72350,1990681,36571,989704,35779,1000977,0,0,34256,933999,0.114896,37852,530897,0.065309,35329,1464896,0.180205,8129050
3,2021-02-18,77397,2068078,40482,1030186,36915,1037892,0,0,35711,929575,0.114352,41479,572376,0.070411,37055,1501951,0.184763,8129050
3,2021-02-19,69477,2137555,40062,1070248,29415,1067307,0,0,35015,930995,0.114527,34294,606670,0.07463,35714,1537665,0.189157,8129050
3,2021-02-20,43294,2180849,27334,1097582,15960,1083267,0,0,22598,933530,0.114839,20570,627240,0.07716,23105,1560770,0.191999,8129050
3,2021-02-21,24313,2205162,19550,1117132,4763,1088030,0,0,11831,933368,0.114819,12385,639625,0.078684,12223,1572993,0.193503,8129050
3,2021-02-22,47498,2252660,30902,1148034,16596,1104626,0,0,22114,930735,0.114495,25232,664857,0.081788,22599,1595592,0.196283,8129050
3,2021-02-23,63596,2316256,34538,1182572,29058,1133684,0,0,27633,924633,0.113744,35730,700587,0.086183,29628,1625220,0.199927,8129050
3,2021-02-24,79628,2395884,39056,1221628,40572,1174256,0,0,35009,917813,0.112905,44354,744941,0.091639,37534,1662754,0.204545,8129050
3,2021-02-25,89258,2485142,43464,1265092,45794,1220050,0,0,44280,920036,0.113179,44662,789603,0.097133,46885,1709639,0.210312,8129050
3,2021-02-26,100498,2585640,45909,1311001,54589,1274639,0,0,52997,928182,0.114181,47061,836664,0.102923,55207,1764846,0.217104,8129050
3,2021-02-27,71162,2656802,32788,1343789,38370,1313009,4,4,37636,933854,0.114879,33278,869942,0.107016,38950,1803796,0.221895,8129050
3,2021-02-28,41502,2698304,24017,1367806,17481,1330490,4,8,21312,936144,0.11516,19979,889921,0.109474,22269,1826065,0.224634,8129050
3,2021-03-01,70037,2768341,37212,1405018,32784,1363274,41,49,38866,945478,0.116309,30916,920837,0.113277,40250,1866315,0.229586,8129050
3,2021-03-02,81538,2849879,40255,1445273,41275,1404549,8,57,47024,960254,0.118126,34339,955176,0.117502,49115,1915430,0.235628,8129050
3,2021-03-03,91308,2941187,43603,1488876,47681,1452230,24,81,50877,973246,0.119724,40183,995359,0.122445,53175,1968605,0.242169,8129050
3,2021-03-04,95575,3036762,46779,1535655,48775,1501005,21,102,53920,988071,0.121548,41395,1036754,0.127537,56220,2024825,0.249085,8129050
3,2021-03-05,92138,3128900,45064,1580719,46780,1547785,294,396,55844,1010439,0.1243,36008,1072762,0.131966,58376,2083201,0.256266,8129050
3,2021-03-06,66101,3195001,33467,1614186,30468,1578253,2166,2562,37675,1023469,0.125903,28265,1101027,0.135444,41295,2124496,0.261346,8129050
3,2021-03-07,39242,3234243,22704,1636890,14640,1592893,1898,4460,22047,1031464,0.126886,17111,1118138,0.137548,25106,2149602,0.264435,8129050
3,2021-03-08,60288,3294531,28739,1665629,28542,1621435,3007,7467,38119,1052115,0.129427,21999,1140137,0.140255,42650,2192252,0.269681,8129050
3,2021-03-09,77302,3371833,35786,1701415,37028,1658463,4488,11955,41472,1063536,0.130832,35668,1175805,0.144642,47089,2239341,0.275474,8129050
3,2021-03-10,83488,3455321,41611,1743026,35735,1694198,6142,18097,43513,1074825,0.13222,39733,1215538,0.14953,51022,2290363,0.28175,8129050
3,2021-03-11,97614,3552935,47797,1790823,41191,1735389,8626,26723,47665,1082504,0.133165,49647,1265185,0.155637,57326,2347689,0.288802,8129050
3,2021-03-12,102244,3655179,45447,1836270,44893,1780282,11904,38627,46814,1087126,0.133733,55166,1320351,0.162424,59788,2407477,0.296157,8129050
3,2021-03-13,70790,3725969,29788,1866058,33702,1813984,7300,45927,37379,1099863,0.1353,33259,1353610,0.166515,45996,2453473,0.301815,8129050
3,2021-03-14,41440,3767409,21639,1887697,16232,1830216,3569,49496,20862,1104419,0.135861,20487,1374097,0.169035,25043,2478516,0.304896,8129050
3,2021-03-15,75826,3843235,35869,1923566,35406,1865622,4551,54047,39977,1114313,0.137078,35602,1409699,0.173415,45496,2524012,0.310493,8129050
3,2021-03-16,95013,3938248,43742,1967308,46957,1912579,4314,58361,53261,1131281,0.139165,41485,1451184,0.178518,58453,2582465,0.317683,8129050
3,2021-03-17,98365,4036613,47573,2014881,46237,1958816,4555,62916,59671,1157703,0.142416,38433,1489617,0.183246,64855,2647320,0.325662,8129050
3,2021-03-18,103662,4140275,52573,2067454,46545,2005361,4544,67460,59399,1178225,0.14494,43945,1533562,0.188652,64467,2711787,0.333592,8129050
3,2021-03-19,103055,4243330,55107,2122561,43527,2048888,4421,71881,57173,1194764,0.146975,45579,1579141,0.194259,62118,2773905,0.341234,8129050
3,2021-03-20,72245,4315575,37263,2159824,31304,2080192,3678,75559,44384,1215672,0.149547,27641,1606782,0.197659,48549,2822454,0.347206,8129050
3,2021-03-21,36402,4351977,24738,2184562,10152,2090344,1512,77071,21845,1225058,0.150701,14447,1621229,0.199436,23833,2846287,0.350138,8129050
3,2021-03-22,70767,4422744,41600,2226162,26639,2116983,2528,79599,44929,1247946,0.153517,25581,1646810,0.202583,48469,2894756,0.3561,8129050
3,2021-03-23,89942,4512686,49641,2275803,37746,2154729,2555,82154,54702,1270946,0.156346,34948,1681758,0.206882,57948,2952704,0.363229,8129050
3,2021-03-24,98892,4611578,56818,2332621,39137,2193866,2937,85091,55951,1287874,0.158429,42553,1724311,0.212117,59481,3012185,0.370546,8129050
3,2021-03-25,107623,4719201,59749,2392370,44886,2238752,2988,88079,60262,1304764,0.160506,46990,1771301,0.217898,63880,3076065,0.378404,8129050
3,2021-03-26,111106,4830307,59522,2451892,48219,2286971,3365,91444,56763,1311747,0.161365,53974,1825275,0.224537,60957,3137022,0.385903,8129050
3,2021-03-27,74930,4905237,38049,2489941,34330,2321301,2551,93995,36093,1312468,0.161454,38584,1863859,0.229284,39305,3176327,0.390738,8129050
3,2021-03-28,44602,4949839,28110,2518051,15679,2336980,813,94808,22399,1314243,0.161672,22075,1885934,0.231999,23850,3200177,0.393672,8129050
3,2021-03-29,81195,5031034,42434,2560485,36900,2373880,1861,96669,44176,1324359,0.162917,36736,1922670,0.236518,46852,3247029,0.399435,8129050
3,2021-03-30,100458,5131492,49231,2609716,47580,2421460,3647,100316,55856,1340115,0.164855,44333,1967003,0.241972,60089,3307118,0.406827,8129050
3,2021-03-31,105401,5236893,56810,2666526,43718,2465178,4873,105189,56081,1352330,0.166358,49054,2016057,0.248006,61269,3368387,0.414364,8129050
3,2021-04-01,123662,5360555,62462,2728988,51408,2516586,9792,114981,66329,1371799,0.168753,56892,2072949,0.255005,76361,3444748,0.423758,8129050
3,2021-04-02,118142,5478697,57612,2786600,50149,2566735,10381,125362,62106,1388994,0.170868,55715,2128664,0.261859,72910,3517658,0.432727,8129050
3,2021-04-03,76314,5555011,39052,2825652,28003,2594738,9259,134621,37923,1398227,0.172004,38222,2166886,0.266561,47455,3565113,0.438565,8129050
3,2021-04-04,32503,5587514,17388,2843040,10876,2605614,4239,138860,14177,1398406,0.172026,18242,2185128,0.268805,18421,3583534,0.440831,8129050
3,2021-04-05,89738,5677252,45464,2888504,34988,2640602,9286,148146,43416,1405811,0.172937,46075,2231203,0.274473,53480,3637014,0.447409,8129050
3,2021-04-06,113520,5790772,55106,2943610,43144,2683746,15270,163416,53151,1414806,0.174043,60068,2291271,0.281862,69063,3706077,0.455905,8129050
3,2021-04-07,116350,5907122,60073,3003683,39943,2723689,16334,179750,56089,1427475,0.175602,59980,2351251,0.289241,72649,3778726,0.464842,8129050
3,2021-04-08,121295,6028417,60309,3063992,40756,2764445,20230,199980,56196,1439831,0.177122,64769,2416020,0.297208,77125,3855851,0.47433,8129050
3,2021-04-09,118504,6146921,58801,3122793,40447,2804892,19256,219236,52002,1445696,0.177843,66228,2482248,0.305355,72093,3927944,0.483198,8129050
3,2021-04-10,84606,6231527,37974,3160767,31283,2836175,15349,234585,34371,1446151,0.177899,50032,2532280,0.31151,50487,3978431,0.489409,8129050
3,2021-04-11,45359,6276886,24324,3185091,12992,2849167,8043,242628,17235,1444204,0.17766,28021,2560301,0.314957,26074,4004505,0.492617,8129050
3,2021-04-12,84031,6360917,42388,3227479,32849,2882016,8794,251422,37883,1446068,0.177889,45887,2606188,0.320602,47751,4052256,0.498491,8129050
3,2021-04-13,105399,6466316,56947,3284426,48247,2930263,205,251627,55449,1452928,0.178733,49681,2655869,0.326713,56541,4108797,0.505446,8129050
3,2021-04-14,107622,6573938,58718,3343144,48803,2979066,101,251728,53383,1453929,0.178856,53922,2709791,0.333347,54923,4163720,0.512203,8129050
3,2021-04-15,119113,6693051,66837,3409981,52195,3031261,81,251809,63386,1462828,0.179951,55373,2765164,0.340158,64272,4227992,0.520109,8129050
3,2021-04-16,115499,6808550,64621,3474602,50785,3082046,93,251902,60065,1468550,0.180655,55101,2820265,0.346937,60823,4288815,0.527591,8129050
3,2021-04-17,79659,6888209,43375,3517977,36269,3118315,15,251917,44251,1478631,0.181895,35156,2855421,0.351261,45237,4334052,0.533156,8129050
3,2021-04-18,38918,6927127,23501,3541478,15410,3133725,7,251924,18206,1477132,0.18171,20586,2876007,0.353794,19087,4353139,0.535504,8129050
3,2021-04-19,79380,7006507,44156,3585634,35167,3168892,57,251981,35596,1469730,0.1808,43562,2919569,0.359153,36160,4389299,0.539952,8129050
3,2021-04-20,100778,7107285,52868,3638502,47892,3216784,18,251999,48696,1467669,0.180546,51797,2971366,0.365524,49736,4439035,0.546071,8129050
3,2021-04-21,106186,7213471,59617,3698119,46496,3263280,73,252072,50017,1463068,0.17998,55770,3027136,0.372385,51169,4490204,0.552365,8129050
3,2021-04-22,112056,7325527,62884,3761003,49145,3312425,27,252099,48098,1448568,0.178196,63579,3090715,0.380206,49079,4539283,0.558403,8129050
3,2021-04-23,106687,7432214,61052,3822055,45604,3358029,31,252130,46672,1436644,0.17673,59637,3150352,0.387542,47713,4586996,0.564272,8129050
3,2021-04-24,74127,7506341,45694,3867749,28361,3386390,72,252202,35971,1435825,0.176629,37856,3188208,0.392199,37037,4624033,0.568828,8129050
3,2021-04-25,36943,7543284,23528,3891277,13398,3399788,17,252219,18760,1436984,0.176771,18023,3206231,0.394416,19182,4643215,0.571188,8129050
3,2021-04-26,74033,7617317,41782,3933059,31839,3431627,412,252631,31512,1428015,0.175668,42235,3248466,0.399612,33266,4676481,0.57528,8129050
3,2021-04-27,91427,7708744,48006,3981065,41666,3473293,1755,254386,36195,1411824,0.173676,54906,3303372,0.406366,38715,4715196,0.580043,8129050
3,2021-04-28,87048,7795792,49447,4030512,35458,3508751,2143,256529,35454,1398670,0.172058,51280,3354652,0.412675,38126,4753322,0.584733,8129050
3,2021-04-29,89373,7885165,51106,4081618,36051,3544802,2216,258745,31873,1376106,0.169283,57139,3411791,0.419704,34575,4787897,0.588986,8129050
3,2021-04-30,90995,7976160,51332,4132950,37179,3581981,2484,261229,33862,1356170,0.16683,56746,3468537,0.426684,36810,4824707,0.593514,8129050
3,2021-05-01,55605,8031765,34891,4167841,19235,3601216,1479,262708,19986,1342784,0.165183,35336,3503873,0.431031,21950,4846657,0.596214,8129050
3,2021-05-02,27040,8058805,18464,4186305,7558,3608774,1018,263726,9886,1336742,0.16444,17042,3520915,0.433127,11000,4857657,0.597568,8129050
3,2021-05-03,59950,8118755,35176,4221481,22391,3631165,2383,266109,17482,1314558,0.161711,42230,3563145,0.438322,20046,4877703,0.600034,8129050
3,2021-05-04,77812,8196567,44973,4266454,30147,3661312,2692,268801,22609,1285247,0.158105,54890,3618035,0.445075,25579,4903282,0.60318,8129050
3,2021-05-05,79054,8275621,47363,4313817,28988,3690300,2703,271504,21744,1253023,0.154141,56953,3674988,0.452081,24729,4928011,0.606222,8129050
3,2021-05-06,83575,8359196,52880,4366697,28169,3718469,2526,274030,20681,1214384,0.149388,62391,3737379,0.459756,23752,4951763,0.609144,8129050
3,2021-05-07,82561,8441757,51423,4418120,28507,3746976,2631,276661,21902,1178920,0.145026,60289,3797668,0.467172,24825,4976588,0.612198,8129050
3,2021-05-08,52801,8494558,32730,4450850,18347,3765323,1724,278385,14000,1156385,0.142253,38519,3836187,0.471911,15984,4992572,0.614164,8129050
3,2021-05-09,21036,8515594,15375,4466225,4872,3770195,789,279174,5515,1147329,0.141139,15426,3851613,0.473809,6370,4998942,0.614948,8129050
3,2021-05-10,48299,8563893,25979,4492204,20404,3790599,1916,281090,11201,1123820,0.138247,36884,3888497,0.478346,13375,5012317,0.616593,8129050
3,2021-05-11,64348,8628241,36106,4528310,26013,3816612,2229,283319,16176,1094780,0.134675,47910,3936407,0.484239,18870,5031187,0.618915,8129050
3,2021-05-12,65065,8693306,37410,4565720,25258,3841870,2397,285716,16587,1065882,0.13112,48202,3984609,0.490169,19304,5050491,0.621289,8129050
3,2021-05-13,75690,8768996,47719,4613439,26056,3867926,1915,287631,27637,1048265,0.128953,47796,4032405,0.496049,30179,5080670,0.625002,8129050
3,2021-05-14,80649,8849645,50948,4664387,27562,3895488,2139,289770,31237,1033130,0.127091,49109,4081514,0.50209,33974,5114644,0.629181,8129050
3,2021-05-15,62246,8911891,42916,4707303,18126,3913614,1204,290974,25774,1024087,0.125979,36256,4117770,0.50655,27213,5141857,0.632529,8129050
3,2021-05-16,33140,8945031,24745,4732048,7705,3921319,690,291664,13409,1018671,0.125312,19605,4137375,0.508962,14189,5156046,0.634274,8129050
3,2021-05-17,56969,9002000,36269,4768317,18860,3940179,1840,293504,21019,1006071,0.123762,35668,4173043,0.513349,23068,5179114,0.637112,8129050
3,2021-05-18,64659,9066659,38184,4806501,24607,3964786,1868,295372,24273,992510,0.122094,40098,4213141,0.518282,26537,5205651,0.640376,8129050
3,2021-05-19,63956,9130615,38854,4845355,23352,3988138,1750,297122,24751,980345,0.120598,38943,4252084,0.523073,26778,5232429,0.64367,8129050
3,2021-05-20,61889,9192504,36234,4881589,23802,4011940,1853,298975,22225,965391,0.118758,39364,4291448,0.527915,24410,5256839,0.646673,8129050
3,2021-05-21,66088,9258592,40162,4921751,23827,4035767,2099,301074,23606,949240,0.116771,42154,4333602,0.533101,26003,5282842,0.649872,8129050
3,2021-05-22,45671,9304263,30250,4952001,13950,4049717,1471,302545,19023,943559,0.116072,26430,4360032,0.536352,20749,5303591,0.652424,8129050
3,2021-05-23,21706,9325969,15015,4967016,6039,4055756,652,303197,9177,941058,0.115765,12440,4372472,0.537882,9939,5313530,0.653647,8129050
3,2021-05-24,39509,9365478,23128,4990144,14620,4070376,1761,304958,14623,932961,0.114769,24685,4397157,0.540919,16588,5330118,0.655688,8129050
3,2021-05-25,42706,9408184,24035,5014179,16994,4087370,1677,306635,15136,922703,0.113507,27296,4424453,0.544277,17038,5347156,0.657784,8129050
3,2021-05-26,42086,9450270,23944,5038123,16412,4103782,1730,308365,15741,914261,0.112468,26046,4450499,0.547481,17604,5364760,0.659949,8129050
3,2021-05-27,39334,9489604,22063,5060186,15526,4119308,1745,310110,15406,907896,0.111685,23761,4474260,0.550404,17396,5382156,0.662089,8129050
3,2021-05-28,42774,9532378,24187,5084373,16795,4136103,1792,311902,17768,902978,0.11108,24800,4499060,0.553455,19882,5402038,0.664535,8129050
3,2021-05-29,23454,9555832,14334,5098707,8283,4144386,837,312739,10971,902565,0.11103,12347,4511407,0.554973,11934,5413972,0.666003,8129050
3,2021-05-30,10617,9566449,6885,5105592,3096,4147482,636,313375,4453,901610,0.110912,6085,4517492,0.555722,5130,5419102,0.666634,8129050
3,2021-05-31,4657,9571106,2687,5108279,1705,4149187,265,313640,1462,900214,0.11074,3152,4520644,0.55611,1756,5420858,0.66685,8129050
3,2021-06-01,37697,9608803,21703,5129982,14555,4163742,1439,315079,13161,890714,0.109572,24295,4544939,0.559098,14795,5435653,0.66867,8129050
3,2021-06-02,31450,9640253,18064,5148046,11975,4175717,1411,316490,11628,884280,0.10878,19612,4564551,0.561511,13178,5448831,0.670291,8129050
3,2021-06-03,39597,9679850,27084,5175130,11078,4186795,1435,317925,11412,869345,0.106943,28006,4592557,0.564956,13071,5461902,0.671899,8129050
3,2021-06-04,46135,9725985,32650,5207780,11940,4198735,1545,319470,13097,851604,0.104761,32793,4625350,0.56899,15052,5476954,0.673751,8129050
3,2021-06-05,34312,9760297,25865,5233645,7264,4205999,1183,320653,8667,836207,0.102867,25436,4650786,0.572119,10039,5486993,0.674986,8129050
3,2021-06-06,14640,9774937,12220,5245865,1839,4207838,581,321234,3704,829783,0.102076,10872,4661658,0.573457,4448,5491441,0.675533,8129050
3,2021-06-07,30382,9805319,22090,5267955,7010,4214848,1282,322516,8692,818334,0.100668,21542,4683200,0.576107,10093,5501534,0.676775,8129050
3,2021-06-08,34304,9839623,24642,5292597,8374,4223222,1288,323804,9918,805587,0.0991,24177,4707377,0.579081,11430,5512964,0.678181,8129050
3,2021-06-09,32964,9872587,23910,5316507,7752,4230974,1302,325106,8841,791952,0.097422,23942,4731319,0.582026,10307,5523271,0.679449,8129050
3,2021-06-10,32480,9905067,23423,5339930,7519,4238493,1538,326644,8945,779254,0.09586,23376,4754695,0.584902,10678,5533949,0.680762,8129050
3,2021-06-11,35554,9940621,25149,5365079,9041,4247534,1364,328008,10564,766565,0.094299,24790,4779485,0.587951,12101,5546050,0.682251,8129050
3,2021-06-12,25130,9965751,18935,5384014,5302,4252836,893,328901,6684,755966,0.092996,18327,4797812,0.590206,7728,5553778,0.683201,8129050
3,2021-06-13,10125,9975876,7579,5391593,2057,4254893,489,329390,2358,751170,0.092406,7714,4805526,0.591155,2918,5556696,0.68356,8129050
3,2021-06-14,25779,10001655,18483,5410076,5874,4260767,1422,330812,8073,743226,0.091428,17575,4823101,0.593317,9631,5566327,0.684745,8129050
3,2021-06-15,28710,10030365,19431,5429507,7773,4268540,1506,332318,9642,735701,0.090503,18841,4841942,0.595634,11316,5577643,0.686137,8129050
3,2021-06-16,25738,10056103,18244,5447751,6082,4274622,1412,333730,8706,729124,0.089694,16848,4858790,0.597707,10271,5587914,0.687401,8129050
3,2021-06-17,24825,10080928,17793,5465544,5748,4280370,1284,335014,8613,723099,0.088952,16058,4874848,0.599682,10033,5597947,0.688635,8129050
3,2021-06-18,28003,10108931,19786,5485330,6648,4287018,1569,336583,9802,716672,0.088162,17967,4892815,0.601893,11540,5609487,0.690054,8129050
3,2021-06-19,16002,10124933,11758,5497088,3388,4290406,856,337439,5722,713207,0.087736,10152,4902967,0.603141,6687,5616174,0.690877,8129050
3,2021-06-20,6856,10131789,5146,5502234,1412,4291818,298,337737,2600,711955,0.087582,4202,4907169,0.603658,2950,5619124,0.69124,8129050
3,2021-06-21,16222,10148011,10237,5512471,4587,4296405,1398,339135,8084,713509,0.087773,8047,4915216,0.604648,9601,5628725,0.692421,8129050
3,2021-06-22,22070,10170081,15481,5527952,5292,4301697,1297,340432,8257,709527,0.087283,13690,4928906,0.606332,9708,5638433,0.693615,8129050
3,2021-06-23,20251,10190332,14186,5542138,4733,4306430,1332,341764,8024,706909,0.086961,12110,4941016,0.607822,9492,5647925,0.694783,8129050
3,2021-06-24,19935,10210267,13886,5556024,4598,4311028,1451,343215,7783,704275,0.086637,11979,4952995,0.609296,9345,5657270,0.695932,8129050
3,2021-06-25,23259,10233526,16507,5572531,5330,4316358,1422,344637,9089,700880,0.086219,14036,4967031,0.611022,10641,5667911,0.697241,8129050
3,2021-06-26,13852,10247378,10278,5582809,2804,4319162,770,345407,5784,699597,0.086061,7996,4975027,0.612006,6713,5674624,0.698067,8129050
3,2021-06-27,6692,10254070,5172,5587981,1211,4320373,309,345716,2859,699002,0.085988,3796,4978823,0.612473,3201,5677825,0.698461,8129050
3,2021-06-28,15854,10269924,12186,5600167,2593,4322966,1075,346791,6681,697800,0.08584,9060,4987883,0.613587,7858,5685683,0.699428,8129050
3,2021-06-29,17929,10287853,12644,5612811,4291,4327257,994,347785,7341,695801,0.085594,10464,4998347,0.614875,8465,5694148,0.700469,8129050
3,2021-06-30,16949,10304802,12002,5624813,3908,4331165,1039,348824,7293,694761,0.085466,9520,5007867,0.616046,8480,5702628,0.701512,8129050
3,2021-07-01,16179,10320981,11521,5636334,3595,4334760,1063,349887,6793,693435,0.085303,9285,5017152,0.617188,7959,5710587,0.702491,8129050
3,2021-07-02,18363,10339344,13077,5649411,4187,4338947,1099,350986,7823,692028,0.08513,10428,5027580,0.618471,9021,5719608,0.703601,8129050
3,2021-07-03,10005,10349349,7229,5656640,2349,4341296,427,351413,4295,691204,0.085029,5647,5033227,0.619165,4823,5724431,0.704194,8129050
3,2021-07-04,709,10350058,416,5657056,206,4341502,87,351500,274,691152,0.085022,429,5033656,0.619218,377,5724808,0.704241,8129050
3,2021-07-05,9486,10359544,6941,5663997,2124,4343626,421,351921,4296,690807,0.08498,5123,5038779,0.619848,4778,5729586,0.704828,8129050
3,2021-07-06,18940,10378484,13727,5677724,4099,4347725,1114,353035,6861,686970,0.084508,11934,5050713,0.621317,8097,5737683,0.705825,8129050
3,2021-07-07,15572,10394056,11041,5688765,3428,4351153,1103,354138,6280,685270,0.084299,9189,5059902,0.622447,7489,5745172,0.706746,8129050
3,2021-07-08,15242,10409298,10999,5699764,3245,4354398,998,355136,6190,683597,0.084093,8945,5068847,0.623547,7272,5752444,0.70764,8129050
3,2021-07-09,17459,10426757,12182,5711946,4072,4358470,1205,356341,7203,681976,0.083894,10141,5078988,0.624795,8520,5760964,0.708688,8129050
3,2021-07-10,10753,10437510,7911,5719857,2180,4360650,662,357003,4563,681165,0.083794,6124,5085112,0.625548,5313,5766277,0.709342,8129050
3,2021-07-11,5085,10442595,3764,5723621,1046,4361696,275,357278,2294,681011,0.083775,2743,5087855,0.625886,2589,5768866,0.709661,8129050
3,2021-07-12,14289,10456884,10420,5734041,2869,4364565,1000,358278,5700,679270,0.083561,8510,5096365,0.626932,6769,5775635,0.710493,8129050
3,2021-07-13,15015,10471899,10612,5744653,3498,4368063,905,359183,6565,678468,0.083462,8351,5104716,0.62796,7549,5783184,0.711422,8129050
3,2021-07-14,14292,10486191,10135,5754788,3233,4371296,924,360107,6350,677962,0.0834,7845,5112561,0.628925,7339,5790523,0.712325,8129050
3,2021-07-15,14559,10500750,10517,5765305,3208,4374504,834,360941,6662,677727,0.083371,7804,5120365,0.629885,7569,5798092,0.713256,8129050
3,2021-07-16,17582,10518332,12646,5777951,4050,4378554,886,361827,8385,677979,0.083402,9089,5129454,0.631003,9341,5807433,0.714405,8129050
3,2021-07-17,11149,10529481,8168,5786119,2450,4381004,531,362358,5294,678086,0.083415,5786,5135240,0.631715,5893,5813326,0.71513,8129050
3,2021-07-18,5708,10535189,4310,5790429,1148,4382152,250,362608,2803,678302,0.083442,2863,5138103,0.632067,3079,5816405,0.715509,8129050
3,2021-07-19,14789,10549978,10802,5801231,3112,4385264,875,363483,7253,679066,0.083536,7438,5145541,0.632982,8202,5824607,0.716518,8129050
3,2021-07-20,16361,10566339,11382,5812613,4078,4389342,901,364384,8409,680617,0.083727,7841,5153382,0.633946,9392,5833999,0.717673,8129050
3,2021-07-21,15827,10582166,11210,5823823,3757,4393099,860,365244,7954,681761,0.083867,7748,5161130,0.6349,8892,5842891,0.718767,8129050
3,2021-07-22,16174,10598340,11433,5835256,3789,4396888,952,366196,8400,683521,0.084084,7655,5168785,0.635841,9415,5852306,0.719925,8129050
3,2021-07-23,19056,10617396,13579,5848835,4474,4401362,1003,367199,10231,686153,0.084408,8683,5177468,0.636909,11315,5863621,0.721317,8129050
3,2021-07-24,11468,10628864,8261,5857096,2632,4403994,575,367774,6330,688032,0.084639,5062,5182530,0.637532,6941,5870562,0.722171,8129050
3,2021-07-25,5556,10634420,4166,5861262,1182,4405176,208,367982,4018,690815,0.084981,1493,5184023,0.637716,4276,5874838,0.722697,8129050
3,2021-07-26,15292,10649712,10644,5871906,3699,4408875,949,368931,9235,695114,0.08551,5950,5189973,0.638448,10249,5885087,0.723958,8129050
3,2021-07-27,17266,10666978,12231,5884137,4071,4412946,964,369895,9903,698821,0.085966,7235,5197208,0.639338,10942,5896029,0.725304,8129050
3,2021-07-28,16878,10683856,12113,5896250,3741,4416687,1024,370919,9762,702677,0.08644,6977,5204185,0.640196,10833,5906862,0.726636,8129050
3,2021-07-29,16598,10700454,11952,5908202,3638,4420325,1008,371927,9766,706866,0.086956,6656,5210841,0.641015,10845,5917707,0.72797,8129050
3,2021-07-30,19340,10719794,13676,5921878,4604,4424929,1060,372987,11237,711355,0.087508,7900,5218741,0.641987,12389,5930096,0.729494,8129050
3,2021-07-31,11948,10731742,8666,5930544,2663,4427592,619,373606,6964,714153,0.087852,4853,5223594,0.642584,7651,5937747,0.730436,8129050
3,2021-08-01,6428,10738170,4895,5935439,1276,4428868,257,373863,4164,716403,0.088129,2206,5225800,0.642855,4456,5942203,0.730984,8129050
3,2021-08-02,16416,10754586,11983,5947422,3551,4432419,882,374745,10236,721526,0.088759,6059,5231859,0.6436,11182,5953385,0.732359,8129050
3,2021-08-03,18065,10772651,13029,5960451,3961,4436380,1075,375820,10778,726324,0.089349,7110,5238969,0.644475,11908,5965293,0.733824,8129050
3,2021-08-04,17247,10789898,12410,5972861,3855,4440235,982,376802,10302,730873,0.089909,6788,5245757,0.64531,11337,5976630,0.735219,8129050
3,2021-08-05,17398,10807296,12573,5985434,3733,4443968,1092,377894,10495,735786,0.090513,6744,5252501,0.64614,11657,5988287,0.736653,8129050
3,2021-08-06,19958,10827254,14568,6000002,4317,4448285,1073,378967,11761,740688,0.091116,8014,5260515,0.647125,12916,6001203,0.738242,8129050
3,2021-08-07,11712,10838966,8749,6008751,2380,4450665,583,379550,6802,743310,0.091439,4777,5265292,0.647713,7399,6008602,0.739152,8129050
3,2021-08-08,4289,10843255,3060,6011811,1034,4451699,195,379745,2545,744371,0.091569,1696,5266988,0.647922,2757,6011359,0.739491,8129050
4,2020-12-15,455,455,455,455,0,0,0,0,455,455,5.7e-05,0,0,0.0,455,455,5.7e-05,8037679
4,2020-12-16,3036,3491,3036,3491,0,0,0,0,3036,3491,0.000434,0,0,0.0,3036,3491,0.000434,8037679
4,2020-12-17,8974,12465,8974,12465,0,0,0,0,8974,12465,0.001551,0,0,0.0,8974,12465,0.001551,8037679
4,2020-12-18,16230,28695,16218,28683,12,12,0,0,16230,28695,0.00357,0,0,0.0,16230,28695,0.00357,8037679
4,2020-12-19,10400,39095,10391,39074,9,21,0,0,10336,39031,0.004856,0,0,0.0,10336,39031,0.004856,8037679
4,2020-12-20,7445,46540,7437,46511,8,29,0,0,7400,46431,0.005777,0,0,0.0,7400,46431,0.005777,8037679
4,2020-12-21,16413,62953,16387,62898,26,55,0,0,16345,62775,0.00781,1,1,0.0,16345,62776,0.00781,8037679
4,2020-12-22,17192,80145,16455,79353,737,792,0,0,17147,79918,0.009943,4,5,1e-06,17147,79923,0.009944,8037679
4,2020-12-23,17151,97296,14417,93770,2734,3526,0,0,17130,97045,0.012074,3,8,1e-06,17130,97053,0.012075,8037679
4,2020-12-24,8574,105870,5975,99745,2599,6125,0,0,8573,105618,0.01314,0,8,1e-06,8573,105626,0.013141,8037679
4,2020-12-25,906,106776,801,100546,105,6230,0,0,906,106524,0.013253,0,8,1e-06,906,106532,0.013254,8037679
4,2020-12-26,6182,112958,3898,104444,2284,8514,0,0,6182,112706,0.014022,0,8,1e-06,6182,112714,0.014023,8037679
4,2020-12-27,3429,116387,1993,106437,1436,9950,0,0,3429,116135,0.014449,0,8,1e-06,3429,116143,0.01445,8037679
4,2020-12-28,15178,131565,9374,115811,5804,15754,0,0,15150,131282,0.016333,3,11,1e-06,15150,131293,0.016335,8037679
4,2020-12-29,15724,147289,8777,124588,6947,22701,0,0,15691,146972,0.018285,1,12,1e-06,15691,146984,0.018287,8037679
4,2020-12-30,19267,166556,11263,135851,8004,30705,0,0,19256,166226,0.020681,2,14,2e-06,19256,166240,0.020683,8037679
4,2020-12-31,8323,174879,3367,139218,4956,35661,0,0,8310,174527,0.021714,9,23,3e-06,8310,174550,0.021716,8037679
4,2021-01-01,1683,176562,763,139981,920,36581,0,0,1679,176203,0.021922,3,26,3e-06,1679,176229,0.021925,8037679
4,2021-01-02,5745,182307,3244,143225,2501,39082,0,0,5743,181945,0.022637,1,27,3e-06,5743,181972,0.02264,8037679
4,2021-01-03,2152,184459,1272,144497,880,39962,0,0,2138,184080,0.022902,3,30,4e-06,2138,184110,0.022906,8037679
4,2021-01-04,13022,197481,7048,151545,5974,45936,0,0,12974,197026,0.024513,28,58,7e-06,12974,197084,0.02452,8037679
4,2021-01-05,17002,214483,10072,161617,6930,52866,0,0,14785,209637,0.026082,2188,2246,0.000279,14799,211883,0.026361,8037679
4,2021-01-06,21718,236201,13312,174929,8406,61272,0,0,15587,219157,0.027266,6082,8328,0.001036,15602,227485,0.028302,8037679
4,2021-01-07,28050,264251,17104,192033,10946,72218,0,0,16734,224660,0.027951,11254,19582,0.002436,16757,244242,0.030387,8037679
4,2021-01-08,33018,297269,21183,213216,11835,84053,0,0,18394,228515,0.02843,14558,34140,0.004247,18413,262655,0.032678,8037679
4,2021-01-09,16360,313629,9682,222898,6678,90731,0,0,9498,231175,0.028761,6851,40991,0.0051,9511,272166,0.033861,8037679
4,2021-01-10,8817,322446,5692,228590,3125,93856,0,0,4187,230751,0.028709,4619,45610,0.005675,4195,276361,0.034383,8037679
4,2021-01-11,33645,356091,22083,250673,11562,105418,0,0,18958,235095,0.029249,14659,60269,0.007498,19003,295364,0.036747,8037679
4,2021-01-12,38708,394799,22323,272996,16385,121803,0,0,24368,245219,0.030509,14285,74554,0.009276,24409,319773,0.039784,8037679
4,2021-01-13,39052,433851,19348,292344,19704,141507,0,0,27632,261501,0.032534,11378,85932,0.010691,27660,347433,0.043226,8037679
4,2021-01-14,39601,473452,15250,307594,24351,165858,0,0,32356,286678,0.035667,7208,93140,0.011588,32385,379818,0.047255,8037679
4,2021-01-15,45622,519074,15948,323542,29674,195532,0,0,39990,321133,0.039953,5561,98701,0.01228,40016,419834,0.052233,8037679
4,2021-01-16,28859,547933,9418,332960,19441,214973,0,0,25727,343778,0.042771,3100,101801,0.012665,25745,445579,0.055436,8037679
4,2021-01-17,19161,567094,6757,339717,12404,227377,0,0,17500,359652,0.044746,1639,103440,0.012869,17513,463092,0.057615,8037679
4,2021-01-18,29571,596665,13685,353402,15886,243263,0,0,23573,377321,0.046944,5930,109370,0.013607,23599,486691,0.060551,8037679
4,2021-01-19,46314,642979,23142,376544,23172,266435,0,0,36721,404572,0.050334,9545,118915,0.014795,36796,523487,0.065129,8037679
4,2021-01-20,52851,695830,28292,404836,24559,290994,0,0,42227,436336,0.054286,10526,129441,0.016104,42290,565777,0.070391,8037679
4,2021-01-21,58097,753927,26170,431006,31927,322921,0,0,51269,480909,0.059832,6744,136185,0.016943,51317,617094,0.076775,8037679
4,2021-01-22,55650,809577,22360,453366,33290,356211,0,0,50446,526246,0.065472,5135,141320,0.017582,50472,667566,0.083055,8037679
4,2021-01-23,39820,849397,17471,470837,22349,378560,0,0,35454,557373,0.069345,4357,145677,0.018124,35484,703050,0.087469,8037679
4,2021-01-24,24088,873485,10529,481366,13559,392119,0,0,22177,577669,0.07187,1902,147579,0.018361,22198,725248,0.090231,8037679
4,2021-01-25,48262,921747,22330,503696,25932,418051,0,0,37040,603578,0.075094,11190,158769,0.019753,37099,762347,0.094847,8037679
4,2021-01-26,57266,979013,29215,532911,28051,446102,0,0,44853,636115,0.079142,12376,171145,0.021293,44913,807260,0.100434,8037679
4,2021-01-27,56580,1035593,26929,559840,29651,475753,0,0,45400,670470,0.083416,11099,182244,0.022674,45454,852714,0.10609,8037679
4,2021-01-28,57039,1092632,25773,585613,31266,507019,0,0,46919,707416,0.088012,10020,192264,0.02392,46966,899680,0.111933,8037679
4,2021-01-29,56966,1149598,27319,612932,29647,536666,0,0,46411,743511,0.092503,10352,202616,0.025208,46447,946127,0.117711,8037679
4,2021-01-30,38270,1187868,17306,630238,20964,557630,0,0,32863,771054,0.09593,5349,207965,0.025874,32892,979019,0.121804,8037679
4,2021-01-31,24115,1211983,12720,642958,11395,569025,0,0,22396,791769,0.098507,1698,209663,0.026085,22413,1001432,0.124592,8037679
4,2021-02-01,49974,1261957,24078,667036,25896,594921,0,0,38221,818341,0.101813,11695,221358,0.02754,38267,1039699,0.129353,8037679
4,2021-02-02,55887,1317844,25689,692725,30198,625119,0,0,42874,848335,0.105545,12927,234285,0.029148,42921,1082620,0.134693,8037679
4,2021-02-03,62529,1380373,30704,723429,31825,656944,0,0,47920,881851,0.109715,14458,248743,0.030947,47974,1130594,0.140662,8037679
4,2021-02-04,67907,1448280,31501,754930,36406,693350,0,0,50962,916150,0.113982,16770,265513,0.033034,51069,1181663,0.147015,8037679
4,2021-02-05,73720,1522000,34162,789092,39558,732908,0,0,51154,945157,0.117591,22283,287796,0.035806,51290,1232953,0.153397,8037679
4,2021-02-06,49008,1571008,26363,815455,22645,755553,0,0,37329,971081,0.120816,11609,299405,0.03725,37533,1270486,0.158066,8037679
4,2021-02-07,26641,1597649,17608,833063,9033,764586,0,0,20105,984923,0.122538,6502,305907,0.038059,20344,1290830,0.160597,8037679
4,2021-02-08,59070,1656719,30410,863473,28660,793246,0,0,38334,1002929,0.124778,20595,326502,0.040621,38601,1329431,0.1654,8037679
4,2021-02-09,67718,1724437,34304,897777,33414,826660,0,0,39613,1015080,0.12629,27910,354412,0.044094,40061,1369492,0.170384,8037679
4,2021-02-10,77928,1802365,39021,936798,38907,865567,0,0,40909,1019768,0.126873,36764,391176,0.048668,41452,1410944,0.175541,8037679
4,2021-02-11,82185,1884550,42925,979723,39260,904827,0,0,41762,1022066,0.127159,40144,431320,0.053662,42442,1453386,0.180822,8037679
4,2021-02-12,85156,1969706,38201,1017924,46955,951782,0,0,43711,1025407,0.127575,41158,472478,0.058783,44499,1497885,0.186358,8037679
4,2021-02-13,59277,2028983,30045,1047969,29232,981014,0,0,30158,1027496,0.127835,28971,501449,0.062387,31060,1528945,0.190222,8037679
4,2021-02-14,37105,2066088,19313,1067282,17792,998806,0,0,18988,1029085,0.128033,18057,519506,0.064634,19646,1548591,0.192666,8037679
4,2021-02-15,46612,2112700,21888,1089170,24724,1023530,0,0,23840,1031424,0.128324,22683,542189,0.067456,25022,1573613,0.19578,8037679
4,2021-02-16,80949,2193649,37160,1126330,43789,1067319,0,0,41079,1034002,0.128644,39722,581911,0.072398,42300,1615913,0.201042,8037679
4,2021-02-17,82270,2275919,38913,1165243,43357,1110676,0,0,39047,1031170,0.128292,43004,624915,0.077748,40172,1656085,0.20604,8037679
4,2021-02-18,84188,2360107,46381,1211624,37807,1148483,0,0,38840,1026347,0.127692,45143,670058,0.083365,40320,1696405,0.211057,8037679
4,2021-02-19,83521,2443628,52663,1264287,30858,1179341,0,0,41650,1027006,0.127774,41683,711741,0.088551,42342,1738747,0.216325,8037679
4,2021-02-20,50029,2493657,33323,1297610,16706,1196047,0,0,27046,1031855,0.128377,22893,734634,0.091399,27742,1766489,0.219776,8037679
4,2021-02-21,30389,2524046,24130,1321740,6259,1202306,0,0,14656,1031153,0.12829,15644,750278,0.093345,14942,1781431,0.221635,8037679
4,2021-02-22,55722,2579768,38287,1360027,17435,1219741,0,0,26793,1029638,0.128101,28759,779037,0.096923,27244,1808675,0.225025,8037679
4,2021-02-23,77305,2657073,42875,1402902,34430,1254171,0,0,33862,1021951,0.127145,43226,822263,0.102301,35539,1844214,0.229446,8037679
4,2021-02-24,92516,2749589,48932,1451834,43584,1297755,0,0,41573,1015025,0.126283,50658,872921,0.108604,43732,1887946,0.234887,8037679
4,2021-02-25,104068,2853657,54440,1506274,49628,1347383,0,0,49571,1012902,0.126019,54255,927176,0.115354,52132,1940078,0.241373,8037679
4,2021-02-26,110194,2963851,55691,1561965,54503,1401886,0,0,56207,1017795,0.126628,53674,980850,0.122031,58567,1998645,0.248659,8037679
4,2021-02-27,80304,3044155,43735,1605700,36559,1438445,10,10,42774,1024765,0.127495,37301,1018151,0.126672,44271,2042916,0.254167,8037679
4,2021-02-28,49631,3093786,30662,1636362,18962,1457407,7,17,27313,1030858,0.128253,22112,1040263,0.129423,28205,2071121,0.257677,8037679
4,2021-03-01,81021,3174807,47476,1683838,33494,1490901,51,68,44571,1040575,0.129462,36100,1076363,0.133915,45817,2116938,0.263377,8037679
4,2021-03-02,89771,3264578,51498,1735336,38264,1529165,9,77,52525,1057855,0.131612,37043,1113406,0.138523,54323,2171261,0.270135,8037679
4,2021-03-03,103786,3368364,55166,1790502,48604,1577769,16,93,57781,1071656,0.133329,45769,1159175,0.144218,59570,2230831,0.277547,8037679
4,2021-03-04,102099,3470463,56839,1847341,45242,1623011,18,111,55560,1082723,0.134706,46285,1205460,0.149976,57352,2288183,0.284682,8037679
4,2021-03-05,98198,3568661,53043,1900384,44830,1667841,325,436,57463,1101944,0.137097,40503,1245963,0.155015,59724,2347907,0.292113,8037679
4,2021-03-06,77430,3646091,43633,1944017,31152,1698993,2645,3081,47358,1123331,0.139758,29928,1275891,0.158739,51315,2399222,0.298497,8037679
4,2021-03-07,44983,3691074,27609,1971626,15168,1714161,2206,5287,26176,1134054,0.141092,18718,1294609,0.161068,29441,2428663,0.30216,8037679
4,2021-03-08,68374,3759448,35731,2007357,29255,1743416,3388,8675,44834,1160162,0.14434,23399,1318008,0.163979,49507,2478170,0.308319,8037679
4,2021-03-09,82424,3841872,41603,2048960,35526,1778942,5295,13970,44377,1173016,0.14594,37849,1355857,0.168688,50703,2528873,0.314627,8037679
4,2021-03-10,92426,3934298,47715,2096675,37156,1816098,7555,21525,46433,1182087,0.147068,45774,1401631,0.174383,54845,2583718,0.321451,8037679
4,2021-03-11,101434,4035732,53169,2149844,39752,1855850,8513,30038,46723,1183878,0.147291,54433,1456064,0.181155,56224,2639942,0.328446,8037679
4,2021-03-12,105231,4140963,51843,2201687,43060,1898910,10328,40366,44929,1179926,0.146799,59998,1516062,0.188619,56046,2695988,0.335419,8037679
4,2021-03-13,82018,4222981,37970,2239657,35516,1934426,8532,48898,38746,1185090,0.147442,43119,1559181,0.193984,48283,2744271,0.341426,8037679
4,2021-03-14,50089,4273070,28525,2268182,17918,1952344,3646,52544,23384,1186086,0.147566,26600,1585781,0.197293,27596,2771867,0.344859,8037679
4,2021-03-15,84081,4357151,45225,2313407,34584,1986928,4272,56816,42599,1192548,0.14837,41199,1626980,0.202419,47661,2819528,0.350789,8037679
4,2021-03-16,108330,4465481,56327,2369734,48580,2035508,3423,60239,56806,1202182,0.149568,51249,1678229,0.208795,60883,2880411,0.358364,8037679
4,2021-03-17,107727,4573208,57950,2427684,46267,2081775,3510,63749,62748,1224251,0.152314,44686,1722915,0.214355,66755,2947166,0.366669,8037679
4,2021-03-18,107643,4680851,59681,2487365,44246,2126021,3716,67465,60666,1242338,0.154564,46682,1769597,0.220163,64769,3011935,0.374727,8037679
4,2021-03-19,111906,4792757,64247,2551612,42432,2168453,5227,72692,63200,1262699,0.157097,48407,1818004,0.226185,68768,3080703,0.383283,8037679
4,2021-03-20,84756,4877513,49630,2601242,32096,2200549,3030,75722,51641,1284716,0.159837,32933,1850937,0.230283,54950,3135653,0.390119,8037679
4,2021-03-21,48485,4925998,35135,2636377,11090,2211639,2260,77982,28226,1295428,0.161169,20112,1871049,0.232785,30824,3166477,0.393954,8037679
4,2021-03-22,83047,5009045,54256,2690633,26044,2237683,2747,80729,51168,1318425,0.164031,31600,1902649,0.236716,54597,3221074,0.400747,8037679
4,2021-03-23,105499,5114544,63104,2753737,40242,2277925,2153,82882,61765,1339426,0.166643,43440,1946089,0.242121,64441,3285515,0.408764,8037679
4,2021-03-24,114160,5228704,73550,2827287,38176,2316101,2434,85316,63394,1355370,0.168627,50309,1996398,0.24838,66253,3351768,0.417007,8037679
4,2021-03-25,117771,5346475,72352,2899639,43005,2359106,2414,87730,66013,1373004,0.170821,51253,2047651,0.254757,68887,3420655,0.425577,8037679
4,2021-03-26,120478,5466953,72935,2972574,44497,2403603,3046,90776,64866,1386271,0.172472,55214,2102865,0.261626,68481,3489136,0.434097,8037679
4,2021-03-27,92677,5559630,54598,3027172,36282,2439885,1797,92573,46711,1389549,0.172879,45697,2148562,0.267311,48975,3538111,0.440191,8037679
4,2021-03-28,56173,5615803,37107,3064279,18188,2458073,878,93451,29590,1393985,0.173431,26394,2174956,0.270595,30830,3568941,0.444026,8037679
4,2021-03-29,94460,5710263,56613,3120892,35752,2493825,2095,95546,50563,1403573,0.174624,43604,2218560,0.27602,53192,3622133,0.450644,8037679
4,2021-03-30,117933,5828196,64332,3185224,49427,2543252,4174,99720,69466,1429393,0.177837,48198,2266758,0.282016,74018,3696151,0.459853,8037679
4,2021-03-31,121781,5949977,71846,3257070,43606,2586858,6329,106049,67889,1450275,0.180435,53505,2320263,0.288673,74387,3770538,0.469108,8037679
4,2021-04-01,143289,6093266,81693,3338763,48262,2635120,13334,119383,83972,1488683,0.185213,58784,2379047,0.295987,97192,3867730,0.4812,8037679
4,2021-04-02,137352,6230618,73351,3412114,50359,2685479,13642,133025,78934,1523268,0.189516,58094,2437141,0.303215,92679,3960409,0.49273,8037679
4,2021-04-03,101582,6332200,54260,3466374,33820,2719299,13502,146527,52842,1541154,0.191741,48515,2485656,0.30925,66401,4026810,0.500992,8037679
4,2021-04-04,47024,6379224,24818,3491192,14658,2733957,7548,154075,20443,1542587,0.191919,26462,2512118,0.312543,27895,4054705,0.504462,8037679
4,2021-04-05,110046,6489270,61727,3552919,35423,2769380,12896,166971,56969,1560053,0.194092,52834,2564952,0.319116,70300,4125005,0.513208,8037679
4,2021-04-06,139318,6628588,78294,3631213,41148,2810528,19876,186847,72120,1585528,0.197262,66935,2631887,0.327444,92410,4217415,0.524706,8037679
4,2021-04-07,138034,6766622,78147,3709360,39080,2849608,20807,207654,71355,1611423,0.200484,66398,2698285,0.335704,92293,4309708,0.536188,8037679
4,2021-04-08,140415,6907037,78103,3787463,36736,2886344,25576,233230,69822,1636942,0.203659,70266,2768551,0.344447,95785,4405493,0.548105,8037679
4,2021-04-09,138013,7045050,75458,3862921,39391,2925735,23164,256394,65888,1654978,0.205902,71848,2840399,0.353385,89884,4495377,0.559288,8037679
4,2021-04-10,104197,7149247,51382,3914303,33863,2959598,18952,275346,46995,1664863,0.207132,56971,2897370,0.360473,66856,4562233,0.567606,8037679
4,2021-04-11,62894,7212141,38174,3952477,13503,2973101,11217,286563,27463,1669221,0.207675,35303,2932673,0.364866,39661,4601894,0.57254,8037679
4,2021-04-12,103142,7315283,62634,4015111,30267,3003368,10241,296804,51896,1681607,0.209215,50922,2983595,0.371201,63308,4665202,0.580417,8037679
4,2021-04-13,130706,7445989,81920,4097031,48616,3051984,170,296974,78185,1708616,0.212576,52202,3035797,0.377696,79211,4744413,0.590272,8037679
4,2021-04-14,136044,7582033,86679,4183710,49287,3101271,78,297052,75277,1724768,0.214585,60422,3096219,0.385213,76574,4820987,0.599798,8037679
4,2021-04-15,156225,7738258,103780,4287490,52374,3153645,71,297123,95610,1761012,0.219095,60201,3156420,0.392703,96445,4917432,0.611798,8037679
4,2021-04-16,143650,7881908,90922,4378412,52649,3206294,79,297202,83293,1785090,0.22209,60007,3216427,0.400169,84085,5001517,0.622259,8037679
4,2021-04-17,101702,7983610,63825,4442237,37852,3244146,25,297227,59470,1803791,0.224417,41932,3258359,0.405386,60633,5062150,0.629802,8037679
4,2021-04-18,57081,8040691,38590,4480827,18488,3262634,3,297230,32057,1811938,0.225431,24871,3283230,0.40848,33018,5095168,0.63391,8037679
4,2021-04-19,101518,8142209,66877,4547704,34623,3297257,18,297248,51438,1814173,0.225709,49819,3333049,0.414678,52054,5147222,0.640387,8037679
4,2021-04-20,131727,8273936,78385,4626089,53326,3350583,16,297264,68268,1820414,0.226485,63109,3396158,0.42253,69350,5216572,0.649015,8037679
4,2021-04-21,134976,8408912,88098,4714187,46821,3397404,57,297321,67911,1822858,0.226789,66628,3462786,0.430819,69072,5285644,0.657608,8037679
4,2021-04-22,142042,8550954,94282,4808469,47737,3445141,23,297344,63351,1809085,0.225076,78266,3541052,0.440557,64493,5350137,0.665632,8037679
4,2021-04-23,135514,8686468,88176,4896645,47314,3492455,24,297368,58751,1792669,0.223033,76377,3617429,0.450059,59961,5410098,0.673092,8037679
4,2021-04-24,98924,8785392,66703,4963348,32172,3524627,49,297417,45389,1785965,0.222199,53215,3670644,0.45668,46511,5456609,0.678879,8037679
4,2021-04-25,50317,8835709,35414,4998762,14877,3539504,26,297443,26162,1788610,0.222528,23998,3694642,0.459665,26643,5483252,0.682193,8037679
4,2021-04-26,92158,8927867,60395,5059157,31364,3570868,399,297842,36153,1770815,0.220314,55684,3750326,0.466593,37889,5521141,0.686907,8037679
4,2021-04-27,114240,9042107,69848,5129005,42073,3612941,2319,300161,41108,1742242,0.216759,72792,3823118,0.47565,44219,5565360,0.692409,8037679
4,2021-04-28,104671,9146778,68374,5197379,33757,3646698,2540,302701,38247,1717605,0.213694,66063,3889181,0.483869,41426,5606786,0.697563,8037679
4,2021-04-29,106027,9252805,67707,5265086,35785,3682483,2535,305236,34263,1683597,0.209463,71398,3960579,0.492752,37390,5644176,0.702215,8037679
4,2021-04-30,105747,9358552,66990,5332076,36049,3718532,2708,307944,36371,1654348,0.205824,68965,4029544,0.501332,39716,5683892,0.707156,8037679
4,2021-05-01,69739,9428291,46312,5378388,21644,3740176,1783,309727,20286,1627891,0.202532,49153,4078697,0.507447,22696,5706588,0.70998,8037679
4,2021-05-02,37791,9466082,26832,5405220,9665,3749841,1294,311021,10595,1612853,0.200662,27070,4105767,0.510815,12032,5718620,0.711477,8037679
4,2021-05-03,79437,9545519,55423,5460643,21520,3771361,2494,313515,19301,1575129,0.195968,59862,4165629,0.518263,22138,5740758,0.714231,8037679
4,2021-05-04,101707,9647226,69638,5530281,29295,3800656,2774,316289,22748,1522379,0.189405,78645,4244274,0.528047,25895,5766653,0.717453,8037679
4,2021-05-05,102337,9749563,72123,5602404,27469,3828125,2745,319034,21760,1466949,0.182509,80223,4324497,0.538028,24793,5791446,0.720537,8037679
4,2021-05-06,112321,9861884,84160,5686564,25211,3853336,2950,321984,19701,1398588,0.174004,92123,4416620,0.549489,23762,5815208,0.723493,8037679
4,2021-05-07,105127,9967011,75547,5762111,26893,3880229,2687,324671,20711,1338369,0.166512,84018,4500638,0.559942,23799,5839007,0.726454,8037679
4,2021-05-08,70106,10037117,48355,5810466,19816,3900045,1935,326606,13879,1298547,0.161557,55979,4556617,0.566907,16157,5855164,0.728465,8037679
4,2021-05-09,34448,10071565,28192,5838658,5308,3905353,948,327554,7488,1280228,0.159278,26845,4583462,0.570247,8526,5863690,0.729525,8037679
4,2021-05-10,65328,10136893,43745,5882403,19255,3924608,2328,329882,11044,1239849,0.154255,54051,4637513,0.576972,13672,5877362,0.731226,8037679
4,2021-05-11,83521,10220414,52273,5934676,29051,3953659,2197,332079,15873,1191074,0.148186,67383,4704896,0.585355,18608,5895970,0.733541,8037679
4,2021-05-12,80015,10300429,53220,5987896,24326,3977985,2469,334548,16626,1147547,0.142771,63075,4767971,0.593202,19548,5915518,0.735973,8037679
4,2021-05-13,104991,10405420,77295,6065191,26161,4004146,1535,336083,40662,1126819,0.140192,63984,4831955,0.601163,43256,5958774,0.741355,8037679
4,2021-05-14,105339,10510759,74384,6139575,28823,4032969,2132,338215,40548,1105583,0.13755,64454,4896409,0.609182,43218,6001992,0.746732,8037679
4,2021-05-15,85696,10596455,66215,6205790,18148,4051117,1333,339548,37875,1097525,0.136548,47569,4943978,0.6151,39511,6041503,0.751648,8037679
4,2021-05-16,51573,10648028,41521,6247311,9336,4060453,716,340264,21184,1089334,0.135528,30230,4974208,0.618861,22039,6063542,0.75439,8037679
4,2021-05-17,71268,10719296,52016,6299327,17410,4077863,1842,342106,28203,1076768,0.133965,42846,5017054,0.624192,30280,6093822,0.758157,8037679
4,2021-05-18,82013,10801309,53312,6352639,26947,4104810,1754,343860,29261,1055772,0.131353,52380,5069434,0.630709,31384,6125206,0.762062,8037679
4,2021-05-19,76983,10878292,52021,6404660,23015,4127825,1947,345807,30903,1043147,0.129782,45765,5115199,0.636402,33140,6158346,0.766185,8037679
4,2021-05-20,69264,10947556,44552,6449212,22703,4150528,2009,347816,25653,1027844,0.127878,43312,5158511,0.641791,28009,6186355,0.769669,8037679
4,2021-05-21,73872,11021428,48699,6497911,23304,4173832,1869,349685,26029,1008481,0.125469,47529,5206040,0.647704,28166,6214521,0.773174,8037679
4,2021-05-22,49907,11071335,34984,6532895,13647,4187479,1276,350961,21671,1003597,0.124862,28065,5234105,0.651196,23181,6237702,0.776058,8037679
4,2021-05-23,23990,11095325,17113,6550008,6153,4193632,724,351685,9743,1000053,0.124421,14121,5248226,0.652953,10577,6248279,0.777374,8037679
4,2021-05-24,43096,11138421,27414,6577422,12680,4206312,3002,354687,15063,990512,0.123234,27805,5276031,0.656412,18264,6266543,0.779646,8037679
4,2021-05-25,44923,11183344,27907,6605329,14191,4220503,2825,357512,15865,980625,0.122004,28805,5304836,0.659996,18918,6285461,0.782,8037679
4,2021-05-26,44525,11227869,26636,6631965,15286,4235789,2603,360115,15784,970670,0.120765,28514,5333350,0.663544,18559,6304020,0.784309,8037679
4,2021-05-27,38945,11266814,23352,6655317,12456,4248245,3137,363252,14646,964532,0.120001,24090,5357440,0.666541,17952,6321972,0.786542,8037679
4,2021-05-28,43310,11310124,27578,6682895,14129,4262374,1603,364855,18858,961040,0.119567,24179,5381619,0.669549,20687,6342659,0.789116,8037679
4,2021-05-29,23712,11333836,15386,6698281,7394,4269768,932,365787,10887,960317,0.119477,12675,5394294,0.671126,11952,6354611,0.790603,8037679
4,2021-05-30,12105,11345941,8505,6706786,3071,4272839,529,366316,5023,958926,0.119304,7012,5401306,0.671998,5621,6360232,0.791302,8037679
4,2021-05-31,3593,11349534,2284,6709070,1147,4273986,162,366478,1145,957859,0.119171,2393,5403699,0.672296,1326,6361558,0.791467,8037679
4,2021-06-01,39462,11388996,24523,6733593,12500,4286486,2439,368917,13012,947299,0.117857,26226,5429925,0.675559,15666,6377224,0.793416,8037679
4,2021-06-02,32633,11421629,20376,6753969,9455,4295941,2802,371719,10873,939553,0.116894,21571,5451496,0.678243,13825,6391049,0.795136,8037679
4,2021-06-03,48078,11469707,36872,6790841,8745,4304686,2461,374180,10322,915061,0.113846,37581,5489077,0.682918,13089,6404138,0.796765,8037679
4,2021-06-04,54820,11524527,44132,6834973,9362,4314048,1326,375506,12702,888026,0.110483,41875,5530952,0.688128,14840,6418978,0.798611,8037679
4,2021-06-05,44808,11569335,38366,6873339,5447,4319495,995,376501,8714,862096,0.107257,35936,5566888,0.692599,10006,6428984,0.799856,8037679
4,2021-06-06,21247,11590582,18956,6892295,1727,4321222,564,377065,3923,849762,0.105722,17218,5584106,0.694741,4884,6433868,0.800463,8037679
4,2021-06-07,38726,11629308,31341,6923636,5465,4326687,1920,378985,8396,830177,0.103286,30188,5614294,0.698497,10603,6444471,0.801783,8037679
4,2021-06-08,40611,11669919,31855,6955491,6211,4332898,2545,381530,9410,811470,0.100958,31005,5645299,0.702354,12298,6456769,0.803313,8037679
4,2021-06-09,38954,11708873,30884,6986375,5709,4338607,2361,383891,7913,791229,0.09844,30869,5676168,0.706195,10628,6467397,0.804635,8037679
4,2021-06-10,37147,11746020,29261,7015636,5258,4343865,2628,386519,8385,773906,0.096285,28600,5704768,0.709753,11277,6478674,0.806038,8037679
4,2021-06-11,38293,11784313,30045,7045681,6236,4350101,2012,388531,9859,757852,0.094287,28275,5733043,0.713271,12221,6490895,0.807558,8037679
4,2021-06-12,26563,11810876,22096,7067777,3752,4353853,715,389246,6026,744384,0.092612,20429,5753472,0.715813,6961,6497856,0.808424,8037679
4,2021-06-13,10842,11821718,8566,7076343,1801,4355654,475,389721,2280,738752,0.091911,8494,5761966,0.716869,2862,6500718,0.80878,8037679
4,2021-06-14,28582,11850300,21383,7097726,4392,4360046,2807,392528,7791,728917,0.090687,20651,5782617,0.719439,10816,6511534,0.810126,8037679
4,2021-06-15,29958,11880258,21173,7118899,5378,4365424,3407,395935,8276,719340,0.089496,21515,5804132,0.722115,11938,6523472,0.811611,8037679
4,2021-06-16,26535,11906793,19986,7138885,3924,4369348,2625,398560,7996,711807,0.088559,18359,5822491,0.7244,10826,6534298,0.812958,8037679
4,2021-06-17,25139,11931932,18559,7157444,3683,4373031,2897,401457,7604,705151,0.087731,17346,5839837,0.726558,10690,6544988,0.814288,8037679
4,2021-06-18,26774,11958706,21119,7178563,4422,4377453,1233,402690,8261,696588,0.086665,18308,5858145,0.728835,9745,6554733,0.815501,8037679
4,2021-06-19,15746,11974452,12739,7191302,2306,4379759,701,403391,5049,691962,0.08609,10549,5868694,0.730148,5923,6560656,0.816238,8037679
4,2021-06-20,7363,11981815,6065,7197367,992,4380751,306,403697,2618,690283,0.085881,4687,5873381,0.730731,3008,6563664,0.816612,8037679
4,2021-06-21,14586,11996401,10545,7207912,2903,4383654,1138,404835,7338,691761,0.086065,7160,5880541,0.731622,8638,6572302,0.817687,8037679
4,2021-06-22,20497,12016898,15971,7223883,3452,4387106,1074,405909,7112,686841,0.085453,13260,5893801,0.733272,8340,6580642,0.818724,8037679
4,2021-06-23,18399,12035297,14441,7238324,2967,4390073,991,406900,6708,683112,0.084989,11550,5905351,0.734708,7821,6588463,0.819697,8037679
4,2021-06-24,17580,12052877,13593,7251917,3000,4393073,987,407887,6554,679924,0.084592,10870,5916221,0.736061,7682,6596145,0.820653,8037679
4,2021-06-25,21553,12074430,16937,7268854,3569,4396642,1047,408934,7805,675336,0.084021,13608,5929829,0.737754,9020,6605165,0.821775,8037679
4,2021-06-26,13025,12087455,10596,7279450,1812,4398454,617,409551,4791,672723,0.083696,8130,5937959,0.738765,5517,6610682,0.822462,8037679
4,2021-06-27,6842,12094297,5541,7284991,958,4399412,343,409894,2878,672076,0.083616,3923,5941882,0.739253,3276,6613958,0.822869,8037679
4,2021-06-28,15054,12109351,12636,7297627,1563,4400975,855,410749,6035,670159,0.083377,8933,5950815,0.740365,7016,6620974,0.823742,8037679
4,2021-06-29,16459,12125810,12771,7310398,2881,4403856,807,411556,6353,667448,0.08304,9995,5960810,0.741608,7284,6628258,0.824648,8037679
4,2021-06-30,14534,12140344,11327,7321725,2470,4406326,737,412293,6029,665937,0.082852,8395,5969205,0.742653,6884,6635142,0.825505,8037679
4,2021-07-01,14436,12154780,11389,7333114,2304,4408630,743,413036,5911,664320,0.082651,8411,5977616,0.743699,6794,6641936,0.82635,8037679
4,2021-07-02,16753,12171533,13302,7346416,2692,4411322,759,413795,6850,662252,0.082393,9805,5987421,0.744919,7737,6649673,0.827313,8037679
4,2021-07-03,9155,12180688,7266,7353682,1480,4412802,409,414204,3966,661569,0.082308,5116,5992537,0.745556,4433,6654106,0.827864,8037679
4,2021-07-04,435,12181123,268,7353950,107,4412909,60,414264,191,661593,0.082311,238,5992775,0.745585,262,6654368,0.827897,8037679
4,2021-07-05,9190,12190313,7474,7361424,1300,4414209,416,414680,4171,661287,0.082273,4942,5997717,0.7462,4636,6659004,0.828473,8037679
4,2021-07-06,16447,12206760,12962,7374386,2685,4416894,800,415480,6058,657986,0.081863,10271,6007988,0.747478,6970,6665974,0.829341,8037679
4,2021-07-07,13692,12220452,10682,7385068,2233,4419127,777,416257,5170,655623,0.081569,8431,6016419,0.748527,6068,6672042,0.830096,8037679
4,2021-07-08,13198,12233650,10318,7395386,2051,4421178,829,417086,5170,653799,0.081342,7913,6024332,0.749511,6089,6678131,0.830853,8037679
4,2021-07-09,15387,12249037,11806,7407192,2644,4423822,937,418023,6260,652127,0.081134,8984,6033316,0.750629,7312,6685443,0.831763,8037679
4,2021-07-10,8824,12257861,6980,7414172,1446,4425268,398,418421,3717,651281,0.081028,5021,6038337,0.751254,4175,6689618,0.832282,8037679
4,2021-07-11,4966,12262827,3976,7418148,789,4426057,201,418622,2224,651035,0.080998,2701,6041038,0.75159,2455,6692073,0.832588,8037679
4,2021-07-12,13025,12275852,10325,7428473,1983,4428040,717,419339,5060,649028,0.080748,7886,6048924,0.752571,5879,6697952,0.833319,8037679
4,2021-07-13,12772,12288624,9782,7438255,2358,4430398,632,419971,5447,647984,0.080618,7218,6056142,0.753469,6174,6704126,0.834087,8037679
4,2021-07-14,11667,12300291,9190,7447445,1929,4432327,548,420519,5052,647131,0.080512,6525,6062667,0.754281,5672,6709798,0.834793,8037679
4,2021-07-15,12387,12312678,9836,7457281,1966,4434293,585,421104,5651,646830,0.080475,6610,6069277,0.755103,6309,6716107,0.835578,8037679
4,2021-07-16,14918,12327596,11633,7468914,2618,4436911,667,421771,6881,646548,0.08044,7937,6077214,0.756091,7655,6723762,0.83653,8037679
4,2021-07-17,9315,12336911,7361,7476275,1630,4438541,324,422095,4405,646508,0.080435,4810,6082024,0.756689,4770,6728532,0.837124,8037679
4,2021-07-18,5338,12342249,4295,7480570,843,4439384,200,422295,2514,646481,0.080431,2764,6084788,0.757033,2737,6731269,0.837464,8037679
4,2021-07-19,12748,12354997,10111,7490681,1986,4441370,651,422946,6038,646633,0.08045,6617,6091405,0.757856,6769,6738038,0.838306,8037679
4,2021-07-20,13686,12368683,10548,7501229,2474,4443844,664,423610,6740,647318,0.080535,6801,6098206,0.758702,7486,6745524,0.839238,8037679
4,2021-07-21,12770,12381453,9898,7511127,2224,4446068,648,424258,6347,648084,0.080631,6287,6104493,0.759485,7053,6752577,0.840115,8037679
4,2021-07-22,13418,12394871,10470,7521597,2298,4448366,650,424908,6986,649479,0.080804,6301,6110794,0.760268,7696,6760273,0.841073,8037679
4,2021-07-23,15619,12410490,12049,7533646,2880,4451246,690,425598,8184,651175,0.081015,7265,6118059,0.761172,8961,6769234,0.842188,8037679
4,2021-07-24,9546,12420036,7475,7541121,1744,4452990,327,425925,4901,651949,0.081112,4505,6122564,0.761733,5279,6774513,0.842844,8037679
4,2021-07-25,4742,12424778,3737,7544858,852,4453842,153,426078,3348,654126,0.081382,1339,6123903,0.761899,3516,6778029,0.843282,8037679
4,2021-07-26,12862,12437640,10098,7554956,2104,4455946,660,426738,7480,657081,0.08175,5241,6129144,0.762551,8196,6786225,0.844302,8037679
4,2021-07-27,14204,12451844,10907,7565863,2546,4458492,751,427489,7659,659138,0.082006,6393,6135537,0.763347,8450,6794675,0.845353,8037679
4,2021-07-28,13101,12464945,10039,7575902,2385,4460877,677,428166,7279,661494,0.082299,5658,6141195,0.764051,8014,6802689,0.84635,8037679
4,2021-07-29,13401,12478346,10447,7586349,2255,4463132,699,428865,7534,664164,0.082631,5645,6146840,0.764753,8315,6811004,0.847384,8037679
4,2021-07-30,15678,12494024,12064,7598413,2854,4465986,760,429625,8533,666782,0.082957,6781,6153621,0.765597,9399,6820403,0.848554,8037679
4,2021-07-31,9633,12503657,7542,7605955,1702,4467688,389,430014,5463,668700,0.083196,3977,6157598,0.766092,5895,6826298,0.849287,8037679
4,2021-08-01,5395,12509052,4463,7610418,771,4468459,161,430175,3188,669981,0.083355,2102,6159700,0.766353,3383,6829681,0.849708,8037679
4,2021-08-02,13914,12522966,11157,7621575,2055,4470514,702,430877,8144,673332,0.083772,5565,6165265,0.767045,8916,6838597,0.850817,8037679
4,2021-08-03,14540,12537506,11202,7632777,2595,4473109,743,431620,8372,676579,0.084176,5943,6171208,0.767785,9190,6847787,0.851961,8037679
4,2021-08-04,13163,12550669,10298,7643075,2222,4475331,643,432263,7476,679264,0.08451,5477,6176685,0.768466,8162,6855949,0.852976,8037679
4,2021-08-05,13918,12564587,10997,7654072,2192,4477523,729,432992,7830,682023,0.084853,5847,6182532,0.769194,8606,6864555,0.854047,8037679
4,2021-08-06,16000,12580587,12402,7666474,2801,4480324,797,433789,8889,684993,0.085223,6806,6189338,0.77004,9776,6874331,0.855263,8037679
4,2021-08-07,9366,12589953,7480,7673954,1478,4481802,408,434197,5090,686411,0.085399,4105,6193443,0.770551,5523,6879854,0.85595,8037679
4,2021-08-08,3601,12593554,2654,7676608,781,4482583,166,434363,2035,687143,0.08549,1490,6194933,0.770737,2222,6882076,0.856227,8037679
