vemquartile,administered_date,total_doses,cumulative_total_doses,pfizer_doses,cumulative_pfizer_doses,moderna_doses,cumulative_moderna_doses,jj_doses,cumulative_jj_doses,partially_vaccinated,total_partially_vaccinated,pct_age12pop_partially_vaccinated,fully_vaccinated,cumulative_fully_vaccinated,pct_age12pop_fully_vaccinated,at_least_one_dose,cumulative_at_least_one_dose,pct_age12pop_at_least_one_dose,age12_population
1,2020-12-15,150,150,150,150,0,0,0,0,150,150,1.7e-05,0,0,0.0,150,150,1.7e-05,8700223
1,2020-12-16,1181,1331,1181,1331,0,0,0,0,1181,1331,0.000153,0,0,0.0,1181,1331,0.000153,8700223
1,2020-12-17,4160,5491,4160,5491,0,0,0,0,4161,5492,0.000631,0,0,0.0,4161,5492,0.000631,8700223
1,2020-12-18,6328,11819,6308,11799,20,20,0,0,6330,11821,0.001359,1,1,0.0,6330,11822,0.001359,8700223
1,2020-12-19,2872,14691,2871,14670,1,21,0,0,2871,14691,0.001689,1,2,0.0,2871,14693,0.001689,8700223
1,2020-12-20,2130,16821,2123,16793,7,28,0,0,2131,16822,0.001934,0,2,0.0,2131,16824,0.001934,8700223
1,2020-12-21,7640,24461,7626,24419,14,42,0,0,7689,24511,0.002817,1,3,0.0,7690,24514,0.002818,8700223
1,2020-12-22,7280,31741,6936,31355,344,386,0,0,7282,31791,0.003654,2,5,1e-06,7282,31796,0.003655,8700223
1,2020-12-23,7836,39577,6581,37936,1255,1641,0,0,7830,39620,0.004554,2,7,1e-06,7831,39627,0.004555,8700223
1,2020-12-24,3300,42877,2365,40301,935,2576,0,0,3302,42922,0.004933,0,7,1e-06,3302,42929,0.004934,8700223
1,2020-12-25,236,43113,152,40453,84,2660,0,0,236,43158,0.004961,0,7,1e-06,236,43165,0.004961,8700223
1,2020-12-26,1359,44472,967,41420,392,3052,0,0,1358,44515,0.005117,1,8,1e-06,1358,44523,0.005117,8700223
1,2020-12-27,870,45342,534,41954,336,3388,0,0,870,45384,0.005216,1,9,1e-06,870,45393,0.005217,8700223
1,2020-12-28,7087,52429,4762,46716,2325,5713,0,0,7085,52469,0.006031,0,9,1e-06,7085,52478,0.006032,8700223
1,2020-12-29,8878,61307,4983,51699,3895,9608,0,0,8875,61342,0.007051,2,11,1e-06,8875,61353,0.007052,8700223
1,2020-12-30,11583,72890,6446,58145,5137,14745,0,0,11582,72924,0.008382,0,11,1e-06,11582,72935,0.008383,8700223
1,2020-12-31,5948,78838,1958,60103,3990,18735,0,0,5946,78868,0.009065,3,14,2e-06,5947,78882,0.009067,8700223
1,2021-01-01,567,79405,196,60299,371,19106,0,0,566,79433,0.00913,1,15,2e-06,566,79448,0.009132,8700223
1,2021-01-02,2906,82311,1761,62060,1145,20251,0,0,2908,82341,0.009464,0,15,2e-06,2908,82356,0.009466,8700223
1,2021-01-03,1020,83331,546,62606,474,20725,0,0,1018,83357,0.009581,2,17,2e-06,1018,83374,0.009583,8700223
1,2021-01-04,7340,90671,3578,66184,3762,24487,0,0,7344,90700,0.010425,1,18,2e-06,7344,90718,0.010427,8700223
1,2021-01-05,10794,101465,5199,71383,5595,30082,0,0,10039,100021,0.011496,740,758,8.7e-05,10061,100779,0.011583,8700223
1,2021-01-06,14011,115476,7038,78421,6973,37055,0,0,12116,110287,0.012676,1859,2617,0.000301,12125,112904,0.012977,8700223
1,2021-01-07,17469,132945,9111,87532,8358,45413,0,0,12986,118899,0.013666,4385,7002,0.000805,12997,125901,0.014471,8700223
1,2021-01-08,20123,153068,10423,97955,9700,55113,0,0,14222,127244,0.014625,5883,12885,0.001481,14228,140129,0.016106,8700223
1,2021-01-09,6685,159753,3369,101324,3316,58429,0,0,4835,130248,0.014971,1835,14720,0.001692,4839,144968,0.016663,8700223
1,2021-01-10,3076,162829,1754,103078,1322,59751,0,0,1883,130953,0.015052,1179,15899,0.001827,1884,146852,0.016879,8700223
1,2021-01-11,18061,180890,11831,114909,6230,65981,0,0,11517,135992,0.015631,6517,22416,0.002576,11556,158408,0.018207,8700223
1,2021-01-12,18940,199830,10751,125660,8189,74170,0,0,12965,143059,0.016443,5933,28349,0.003258,13000,171408,0.019702,8700223
1,2021-01-13,19783,219613,10683,136343,9100,83270,0,0,14627,152574,0.017537,5131,33480,0.003848,14646,186054,0.021385,8700223
1,2021-01-14,21965,241578,9444,145787,12521,95791,0,0,19207,169134,0.01944,2699,36179,0.004158,19259,205313,0.023599,8700223
1,2021-01-15,25164,266742,9234,155021,15930,111721,0,0,23218,190510,0.021897,1898,38077,0.004377,23274,228587,0.026274,8700223
1,2021-01-16,13883,280625,4555,159576,9328,121049,0,0,13016,202667,0.023294,863,38940,0.004476,13020,241607,0.02777,8700223
1,2021-01-17,5193,285818,2001,161577,3192,124241,0,0,4823,207129,0.023807,365,39305,0.004518,4827,246434,0.028325,8700223
1,2021-01-18,14297,300115,8585,170162,5712,129953,0,0,11118,215132,0.024727,3167,42472,0.004882,11170,257604,0.029609,8700223
1,2021-01-19,24736,324851,12896,183058,11840,141793,0,0,19534,229534,0.026383,5186,47658,0.005478,19588,277192,0.03186,8700223
1,2021-01-20,28782,353633,14088,197146,14694,156487,0,0,23113,247071,0.028398,5612,53270,0.006123,23149,300341,0.034521,8700223
1,2021-01-21,30943,384576,14301,211447,16642,173129,0,0,27759,271803,0.031241,3117,56387,0.006481,27849,328190,0.037722,8700223
1,2021-01-22,28280,412856,11183,222630,17097,190226,0,0,26272,296146,0.034039,1958,58345,0.006706,26301,354491,0.040745,8700223
1,2021-01-23,18739,431595,8195,230825,10544,200770,0,0,16805,311043,0.035751,1918,60263,0.006927,16815,371306,0.042678,8700223
1,2021-01-24,6659,438254,4150,234975,2509,203279,0,0,6003,316400,0.036367,651,60914,0.007001,6008,377314,0.043368,8700223
1,2021-01-25,25310,463564,10445,245420,14865,218144,0,0,19586,330387,0.037975,5699,66613,0.007656,19686,397000,0.045631,8700223
1,2021-01-26,28579,492143,13334,258754,15245,233389,0,0,21953,345792,0.039745,6573,73186,0.008412,21978,418978,0.048157,8700223
1,2021-01-27,32318,524461,15303,274057,17015,250404,0,0,24317,362204,0.041632,7932,81118,0.009324,24344,443322,0.050955,8700223
1,2021-01-28,34712,559173,16234,290291,18478,268882,0,0,27843,383310,0.044057,6804,87922,0.010106,27910,471232,0.054163,8700223
1,2021-01-29,33434,592607,16321,306612,17113,285995,0,0,26913,403882,0.046422,6378,94300,0.010839,26950,498182,0.057261,8700223
1,2021-01-30,20111,612718,8689,315301,11422,297417,0,0,18007,419825,0.048255,2072,96372,0.011077,18015,516197,0.059331,8700223
1,2021-01-31,7534,620252,4868,320169,2666,300083,0,0,6831,425957,0.048959,701,97073,0.011158,6833,523030,0.060117,8700223
1,2021-02-01,28707,648959,12338,332507,16369,316452,0,0,20974,439261,0.050488,7676,104749,0.01204,20980,544010,0.062528,8700223
1,2021-02-02,32336,681295,11583,344090,20753,337205,0,0,24325,455688,0.052377,7936,112685,0.012952,24363,568373,0.065329,8700223
1,2021-02-03,39422,720717,15083,359173,24339,361544,0,0,28503,473445,0.054418,10783,123468,0.014191,28540,596913,0.068609,8700223
1,2021-02-04,43864,764581,17049,376222,26815,388359,0,0,31866,493476,0.05672,11884,135352,0.015557,31915,628828,0.072277,8700223
1,2021-02-05,46881,811462,17379,393601,29502,417861,0,0,30794,508372,0.058432,15954,151306,0.017391,30850,659678,0.075823,8700223
1,2021-02-06,26455,837917,10466,404067,15989,433850,0,0,20588,523146,0.06013,5832,157138,0.018061,20606,680284,0.078192,8700223
1,2021-02-07,6225,844142,3992,408059,2233,436083,0,0,4627,526211,0.060482,1580,158718,0.018243,4645,684929,0.078725,8700223
1,2021-02-08,31274,875416,14156,422215,17118,453201,0,0,20836,536773,0.061696,10368,169086,0.019435,20930,705859,0.081131,8700223
1,2021-02-09,38312,913728,16790,439005,21522,474723,0,0,23627,545759,0.062729,14717,183803,0.021126,23703,729562,0.083856,8700223
1,2021-02-10,46997,960725,22009,461014,24988,499711,0,0,27049,553040,0.063566,19850,203653,0.023408,27131,756693,0.086974,8700223
1,2021-02-11,51555,1012280,25200,486214,26355,526066,0,0,30967,563836,0.064807,20281,223934,0.025739,31077,787770,0.090546,8700223
1,2021-02-12,49832,1062112,21418,507632,28414,554480,0,0,28702,571670,0.065708,21012,244946,0.028154,28846,816616,0.093862,8700223
1,2021-02-13,26233,1088345,11453,519085,14780,569260,0,0,15153,575904,0.066194,10995,255941,0.029418,15229,831845,0.095612,8700223
1,2021-02-14,11703,1100048,5528,524613,6175,575435,0,0,6661,577617,0.066391,5014,260955,0.029994,6727,838572,0.096385,8700223
1,2021-02-15,23723,1123771,9344,533957,14379,589814,0,0,14449,583022,0.067012,9164,270119,0.031047,14569,853141,0.09806,8700223
1,2021-02-16,46715,1170486,22251,556208,24464,614278,0,0,27484,591467,0.067983,19159,289278,0.033249,27604,880745,0.101232,8700223
1,2021-02-17,47998,1218484,24233,580441,23765,638043,0,0,25983,595722,0.068472,21884,311162,0.035765,26139,906884,0.104237,8700223
1,2021-02-18,50795,1269279,25184,605625,25611,663654,0,0,26411,598204,0.068757,24159,335321,0.038542,26641,933525,0.107299,8700223
1,2021-02-19,45847,1315126,24716,630341,21131,684785,0,0,25879,604294,0.069457,19859,355180,0.040824,25949,959474,0.110282,8700223
1,2021-02-20,27049,1342175,16479,646820,10570,695355,0,0,15575,608527,0.069944,11427,366607,0.042138,15660,975134,0.112081,8700223
1,2021-02-21,11473,1353648,10219,657039,1254,696609,0,0,6852,610860,0.070212,4573,371180,0.042663,6906,982040,0.112875,8700223
1,2021-02-22,30118,1383766,19713,676752,10405,707014,0,0,17715,616329,0.070841,12348,383528,0.044083,17817,999857,0.114923,8700223
1,2021-02-23,43295,1427061,21075,697827,22220,729234,0,0,24282,622111,0.071505,18870,402398,0.046251,24652,1024509,0.117757,8700223
1,2021-02-24,53067,1480128,25683,723510,27384,756618,0,0,29737,629081,0.072306,23222,425620,0.048921,30192,1054701,0.121227,8700223
1,2021-02-25,65244,1545372,31657,755167,33587,790205,0,0,40884,646229,0.074277,24252,449872,0.051708,41400,1096101,0.125985,8700223
1,2021-02-26,73343,1618715,34400,789567,38943,829148,0,0,48351,670239,0.077037,24830,474702,0.054562,48840,1144941,0.131599,8700223
1,2021-02-27,50119,1668834,23160,812727,26951,856099,8,8,33364,687248,0.078992,16634,491336,0.056474,33643,1178584,0.135466,8700223
1,2021-02-28,19372,1688206,11483,824210,7887,863986,2,10,14306,696693,0.080078,5004,496340,0.057049,14449,1193033,0.137127,8700223
1,2021-03-01,44349,1732555,20336,844546,23974,887960,39,49,28661,710106,0.081619,15550,511890,0.058836,28963,1221996,0.140456,8700223
1,2021-03-02,62070,1794625,26962,871508,35100,923060,8,57,40086,728969,0.083787,21858,533748,0.061349,40721,1262717,0.145136,8700223
1,2021-03-03,69811,1864436,33271,904779,36518,959578,22,79,42690,745298,0.085664,26984,560732,0.06445,43313,1306030,0.150115,8700223
1,2021-03-04,78039,1942475,36657,941436,41347,1000925,35,114,50398,768770,0.088362,27480,588212,0.067609,50952,1356982,0.155971,8700223
1,2021-03-05,77046,2019521,34832,976268,42008,1042933,206,320,51678,796136,0.091508,25154,613366,0.0705,52520,1409502,0.162008,8700223
1,2021-03-06,57177,2076698,27292,1003560,28545,1071478,1340,1660,38946,818629,0.094093,18165,631531,0.072588,40658,1450160,0.166681,8700223
1,2021-03-07,20121,2096819,12821,1016381,6489,1077967,811,2471,15127,829857,0.095383,4974,636505,0.07316,16202,1466362,0.168543,8700223
1,2021-03-08,45560,2142379,22392,1038773,21297,1099264,1871,4342,32026,850661,0.097775,13449,649954,0.074705,34253,1500615,0.17248,8700223
1,2021-03-09,66273,2208652,32017,1070790,31780,1131044,2476,6818,40866,869065,0.09989,25294,675248,0.077613,43698,1544313,0.177503,8700223
1,2021-03-10,72960,2281612,36423,1107213,32150,1163194,4387,11205,45153,891325,0.102449,27667,702915,0.080793,49927,1594240,0.183241,8700223
1,2021-03-11,89593,2371205,41085,1148298,40579,1203773,7929,19134,52467,915304,0.105205,36886,739801,0.085032,60865,1655105,0.190237,8700223
1,2021-03-12,98378,2469583,43287,1191585,42731,1246504,12360,31494,57591,945151,0.108635,40599,780400,0.089699,70446,1725551,0.198334,8700223
1,2021-03-13,65122,2534705,29430,1221015,27928,1274432,7764,39258,41504,971253,0.111635,23506,803906,0.092401,49608,1775159,0.204036,8700223
1,2021-03-14,27594,2562299,14884,1235899,9139,1283571,3571,42829,15644,978770,0.112499,11895,815801,0.093768,19412,1794571,0.206267,8700223
1,2021-03-15,64956,2627255,28551,1264450,29708,1313279,6697,49526,38457,997973,0.114707,26316,842117,0.096793,45519,1840090,0.211499,8700223
1,2021-03-16,85408,2712663,38822,1303272,40977,1354256,5609,55135,53281,1025292,0.117847,31939,874056,0.100464,59258,1899348,0.21831,8700223
1,2021-03-17,92375,2805038,44886,1348158,40964,1395220,6525,61660,59652,1059302,0.121756,32548,906604,0.104205,66558,1965906,0.22596,8700223
1,2021-03-18,98440,2903478,50729,1398887,41984,1437204,5727,67387,60217,1087843,0.125036,37900,944504,0.108561,66441,2032347,0.233597,8700223
1,2021-03-19,103135,3006613,53456,1452343,43526,1480730,6153,73540,61080,1113799,0.12802,41798,986302,0.113365,67754,2100101,0.241385,8700223
1,2021-03-20,72139,3078752,37129,1489472,29762,1510492,5248,78788,46544,1140459,0.131084,25420,1011722,0.116287,52080,2152181,0.247371,8700223
1,2021-03-21,27075,3105827,18931,1508403,6331,1516823,1813,80601,17439,1150254,0.13221,9556,1021278,0.117385,19351,2171532,0.249595,8700223
1,2021-03-22,59169,3164996,30474,1538877,25421,1542244,3274,83875,40255,1175437,0.135104,18719,1039997,0.119537,43902,2215434,0.254641,8700223
1,2021-03-23,82832,3247828,42106,1580983,37110,1579354,3616,87491,51410,1199756,0.137899,31211,1071208,0.123124,55530,2270964,0.261024,8700223
1,2021-03-24,87505,3335333,44184,1625167,38963,1618317,4358,91849,52867,1222766,0.140544,34397,1105605,0.127078,57407,2328371,0.267622,8700223
1,2021-03-25,96243,3431576,49032,1674199,41388,1659705,5823,97672,54033,1240923,0.142631,41920,1147525,0.131896,60077,2388448,0.274527,8700223
1,2021-03-26,104009,3535585,50674,1724873,47038,1706743,6297,103969,56474,1256780,0.144454,47231,1194756,0.137325,63088,2451536,0.281779,8700223
1,2021-03-27,73796,3609381,38119,1762992,31497,1738240,4180,108149,38257,1264102,0.145295,35327,1230083,0.141385,42649,2494185,0.286681,8700223
1,2021-03-28,32492,3641873,21284,1784276,10003,1748243,1205,109354,16482,1266314,0.14555,15911,1245994,0.143214,18123,2512308,0.288764,8700223
1,2021-03-29,66656,3708529,33133,1817409,30438,1778681,3085,112439,37144,1277415,0.146826,29340,1275334,0.146586,40441,2552749,0.293412,8700223
1,2021-03-30,91506,3800035,45095,1862504,40103,1818784,6308,118747,47332,1287154,0.147945,44010,1319344,0.151645,53749,2606498,0.29959,8700223
1,2021-03-31,100136,3900171,52405,1914909,41789,1860573,5942,124689,55262,1303848,0.149864,44601,1363945,0.156771,61295,2667793,0.306635,8700223
1,2021-04-01,111184,4011355,53351,1968260,49368,1909941,8465,133154,57025,1315640,0.151219,53781,1417726,0.162953,65573,2733366,0.314172,8700223
1,2021-04-02,110634,4121989,50712,2018972,50326,1960267,9596,142750,56419,1328072,0.152648,53828,1471554,0.16914,66260,2799626,0.321788,8700223
1,2021-04-03,77880,4199869,39174,2058146,29089,1989356,9617,152367,36478,1333027,0.153218,41234,1512788,0.173879,46189,2845815,0.327097,8700223
1,2021-04-04,23676,4223545,11787,2069933,8430,1997786,3459,155826,9930,1332720,0.153182,13688,1526476,0.175453,13381,2859196,0.328635,8700223
1,2021-04-05,75923,4299468,36536,2106469,30213,2027999,9174,165000,34463,1335285,0.153477,41274,1567750,0.180197,43839,2903035,0.333674,8700223
1,2021-04-06,103217,4402685,48957,2155426,37730,2065729,16530,181530,46811,1342549,0.154312,56151,1623901,0.186651,63415,2966450,0.340963,8700223
1,2021-04-07,111130,4513815,53984,2209410,39697,2105426,17449,198979,50355,1349908,0.155158,60514,1684415,0.193606,67873,3034323,0.348764,8700223
1,2021-04-08,121786,4635601,57718,2267128,43227,2148653,20841,219820,53922,1357264,0.156003,67500,1751915,0.201364,74856,3109179,0.357368,8700223
1,2021-04-09,122718,4758319,56195,2323323,45955,2194608,20568,240388,54127,1363816,0.156756,68245,1820160,0.209208,74797,3183976,0.365965,8700223
1,2021-04-10,95298,4853617,42376,2365699,30291,2224899,22631,263019,37196,1365734,0.156977,57912,1878072,0.215865,59830,3243806,0.372842,8700223
1,2021-04-11,36237,4889854,20264,2385963,9337,2234236,6636,269655,14830,1365968,0.157004,21350,1899422,0.218319,21584,3265390,0.375323,8700223
1,2021-04-12,74088,4963942,33151,2419114,30975,2265211,9962,279617,31398,1365087,0.156903,42415,1941837,0.223194,41534,3306924,0.380096,8700223
1,2021-04-13,97017,5060959,51980,2471094,44698,2309909,339,279956,52463,1373976,0.157924,44285,1986122,0.228284,53174,3360098,0.386208,8700223
1,2021-04-14,104814,5165773,54307,2525401,50437,2360346,70,280026,53432,1376842,0.158254,51036,2037158,0.23415,53902,3414000,0.392404,8700223
1,2021-04-15,106002,5271775,57699,2583100,48212,2408558,91,280117,56780,1385269,0.159222,48663,2085821,0.239743,57090,3471090,0.398966,8700223
1,2021-04-16,110340,5382115,56762,2639862,53490,2462048,88,280205,55410,1386551,0.15937,54427,2140248,0.245999,55709,3526799,0.405369,8700223
1,2021-04-17,83206,5465321,45234,2685096,37960,2500008,12,280217,46877,1397517,0.16063,36115,2176363,0.25015,47081,3573880,0.41078,8700223
1,2021-04-18,29943,5495264,20243,2705339,9693,2509701,7,280224,15197,1398260,0.160715,14664,2191027,0.251836,15407,3589287,0.412551,8700223
1,2021-04-19,66898,5562162,33774,2739113,33111,2542812,13,280237,30513,1392889,0.160098,36052,2227079,0.25598,30681,3619968,0.416078,8700223
1,2021-04-20,88092,5650254,44397,2783510,43671,2586483,24,280261,41522,1388428,0.159585,46249,2273328,0.261295,41788,3661756,0.420881,8700223
1,2021-04-21,96503,5746757,50121,2833631,46284,2632767,98,280359,43566,1379919,0.158607,52420,2325748,0.267321,43911,3705667,0.425928,8700223
1,2021-04-22,96231,5842988,50212,2883843,46003,2678770,16,280375,44234,1372886,0.157799,51541,2377289,0.273245,44508,3750175,0.431044,8700223
1,2021-04-23,100975,5943963,52083,2935926,48867,2727637,25,280400,48320,1369295,0.157386,52181,2429470,0.279242,48590,3798765,0.436628,8700223
1,2021-04-24,75255,6019218,46674,2982600,28556,2756193,25,280425,42697,1379821,0.158596,32465,2461935,0.282974,42991,3841756,0.44157,8700223
1,2021-04-25,26911,6046129,17144,2999744,9754,2765947,13,280438,15418,1384002,0.159077,11389,2473324,0.284283,15570,3857326,0.443359,8700223
1,2021-04-26,65738,6111867,34514,3034258,30823,2796770,401,280839,31431,1382170,0.158866,34029,2507353,0.288194,32197,3889523,0.44706,8700223
1,2021-04-27,80961,6192828,43021,3077279,36645,2833415,1295,282134,35422,1373980,0.157925,45271,2552624,0.293398,37081,3926604,0.451322,8700223
1,2021-04-28,80394,6273222,42705,3119984,36205,2869620,1484,283618,35538,1366731,0.157091,44541,2597165,0.298517,37292,3963896,0.455609,8700223
1,2021-04-29,83509,6356731,45875,3165859,36029,2905649,1605,285223,34480,1354290,0.155662,48709,2645874,0.304116,36268,4000164,0.459777,8700223
1,2021-04-30,90797,6447528,49048,3214907,39901,2945550,1848,287071,38249,1342340,0.154288,52249,2698123,0.310121,40299,4040463,0.464409,8700223
1,2021-05-01,61975,6509503,40113,3255020,20485,2966035,1377,288448,26156,1334476,0.153384,35623,2733746,0.314216,27759,4068222,0.4676,8700223
1,2021-05-02,23182,6532685,16380,3271400,6233,2972268,569,289017,9406,1330817,0.152964,13673,2747419,0.315787,10014,4078236,0.468751,8700223
1,2021-05-03,55541,6588226,30669,3302069,23038,2995306,1834,290851,20558,1318517,0.15155,34764,2782183,0.319783,22464,4100700,0.471333,8700223
1,2021-05-04,74709,6662935,43032,3345101,29598,3024904,2079,292930,27169,1300601,0.149491,47268,2829451,0.325216,29352,4130052,0.474706,8700223
1,2021-05-05,76927,6739862,44612,3389713,30026,3054930,2289,295219,26328,1279010,0.147009,50290,2879741,0.330996,28699,4158751,0.478005,8700223
1,2021-05-06,76595,6816457,45765,3435478,28661,3083591,2169,297388,23846,1252781,0.143994,52407,2932148,0.33702,26178,4184929,0.481014,8700223
1,2021-05-07,81684,6898141,46204,3481682,33298,3116889,2182,299570,27388,1228520,0.141206,53900,2986048,0.343215,29639,4214568,0.484421,8700223
1,2021-05-08,54793,6952934,34160,3515842,19017,3135906,1616,301186,18355,1212450,0.139358,36139,3022187,0.347369,20069,4234637,0.486727,8700223
1,2021-05-09,17628,6970562,12553,3528395,4603,3140509,472,301658,5255,1205914,0.138607,12299,3034486,0.348783,5763,4240400,0.48739,8700223
1,2021-05-10,42469,7013031,21248,3549643,19441,3159950,1780,303438,14222,1194005,0.137238,28005,3062491,0.352001,16096,4256496,0.48924,8700223
1,2021-05-11,60135,7073166,32127,3581770,25883,3185833,2125,305563,19588,1175547,0.135117,40295,3102786,0.356633,21837,4278333,0.49175,8700223
1,2021-05-12,61395,7134561,32490,3614260,26899,3212732,2006,307569,20192,1156902,0.132974,40915,3143701,0.361336,22270,4300603,0.49431,8700223
1,2021-05-13,65861,7200422,38626,3652886,25259,3237991,1976,309545,25059,1143771,0.131465,40450,3184151,0.365985,27319,4327922,0.49745,8700223
1,2021-05-14,75494,7275916,45545,3698431,27567,3265558,2382,311927,30652,1132609,0.130182,44475,3228626,0.371097,33313,4361235,0.501279,8700223
1,2021-05-15,64848,7340764,42555,3740986,20603,3286161,1690,313617,25660,1121113,0.12886,38921,3267547,0.37557,27425,4388660,0.504431,8700223
1,2021-05-16,24122,7364886,17613,3758599,5890,3292051,619,314236,9747,1117255,0.128417,14268,3281815,0.37721,10410,4399070,0.505627,8700223
1,2021-05-17,53711,7418597,32831,3791430,19122,3311173,1758,315994,22873,1111354,0.127739,30593,3312408,0.380727,24692,4423762,0.508465,8700223
1,2021-05-18,64106,7482703,38519,3829949,23770,3334943,1817,317811,27837,1105085,0.127018,36011,3348419,0.384866,29742,4453504,0.511884,8700223
1,2021-05-19,65786,7548489,40115,3870064,23754,3358697,1917,319728,29484,1100537,0.126495,36035,3384454,0.389008,31487,4484991,0.515503,8700223
1,2021-05-20,63459,7611948,36836,3906900,24459,3383156,2164,321892,26309,1092380,0.125558,36835,3421289,0.393242,28678,4513669,0.518799,8700223
1,2021-05-21,69444,7681392,41493,3948393,26100,3409256,1851,323743,28789,1083019,0.124482,40269,3461558,0.39787,30908,4544577,0.522352,8700223
1,2021-05-22,55290,7736682,36458,3984851,17127,3426383,1705,325448,24181,1078145,0.123922,30865,3492423,0.401418,25991,4570568,0.525339,8700223
1,2021-05-23,19545,7756227,13606,3998457,5353,3431736,586,326034,9225,1077762,0.123878,10223,3502646,0.402593,9840,4580408,0.52647,8700223
1,2021-05-24,42595,7798822,23421,4021878,17360,3449096,1814,327848,17161,1071619,0.123171,25203,3527849,0.405489,19060,4599468,0.528661,8700223
1,2021-05-25,50450,7849272,29102,4050980,19692,3468788,1656,329504,20982,1065166,0.12243,29199,3557048,0.408846,22746,4622214,0.531275,8700223
1,2021-05-26,48129,7897401,27332,4078312,18917,3487705,1880,331384,20483,1060256,0.121865,27346,3584394,0.411989,22436,4644650,0.533854,8700223
1,2021-05-27,46615,7944016,26228,4104540,18512,3506217,1875,333259,20180,1056591,0.121444,26156,3610550,0.414995,22491,4667141,0.536439,8700223
1,2021-05-28,51982,7995998,28966,4133506,21232,3527449,1784,335043,23385,1053791,0.121122,28300,3638850,0.418248,25500,4692641,0.53937,8700223
1,2021-05-29,30191,8026189,18279,4151785,10982,3538431,930,335973,14447,1053903,0.121135,15592,3654442,0.42004,15704,4708345,0.541175,8700223
1,2021-05-30,11522,8037711,7438,4159223,3539,3541970,545,336518,5461,1054073,0.121155,5993,3660435,0.420729,6163,4714508,0.541884,8700223
1,2021-05-31,5654,8043365,3226,4162449,2182,3544152,246,336764,1980,1052701,0.120997,3623,3664058,0.421145,2251,4716759,0.542142,8700223
1,2021-06-01,45386,8088751,25698,4188147,18184,3562336,1504,338268,17403,1044503,0.120055,27686,3691744,0.424328,19488,4736247,0.544382,8700223
1,2021-06-02,39613,8128364,23019,4211166,15129,3577465,1465,339733,16108,1039141,0.119438,23225,3714969,0.426997,17863,4754110,0.546435,8700223
1,2021-06-03,40948,8169312,25691,4236857,13608,3591073,1649,341382,15770,1031797,0.118594,24887,3739856,0.429857,17543,4771653,0.548452,8700223
1,2021-06-04,49679,8218991,31917,4268774,16019,3607092,1743,343125,17904,1020109,0.117251,31459,3771315,0.433473,19771,4791424,0.550724,8700223
1,2021-06-05,39679,8258670,27108,4295882,10632,3617724,1939,345064,14208,1011108,0.116216,25257,3796572,0.436376,16256,4807680,0.552593,8700223
1,2021-06-06,12980,8271650,10394,4306276,2086,3619810,500,345564,4767,1008320,0.115896,8137,3804709,0.437312,5349,4813029,0.553208,8700223
1,2021-06-07,33692,8305342,23243,4329519,9107,3628917,1342,346906,12062,1000404,0.114986,21431,3826140,0.439775,13515,4826544,0.554761,8700223
1,2021-06-08,41809,8347151,28993,4358512,11222,3640139,1594,348500,14780,990159,0.113808,26772,3852912,0.442852,16527,4843071,0.556661,8700223
1,2021-06-09,41607,8388758,28966,4387478,11042,3651181,1599,350099,13564,977638,0.112369,27769,3880681,0.446044,15248,4858319,0.558413,8700223
1,2021-06-10,38615,8427373,26119,4413597,10861,3662042,1635,351734,13346,967696,0.111227,25044,3905725,0.448922,15102,4873421,0.560149,8700223
1,2021-06-11,43195,8470568,28689,4442286,12881,3674923,1625,353359,15332,957176,0.110017,27570,3933295,0.452091,17050,4890471,0.562109,8700223
1,2021-06-12,33382,8503950,24158,4466444,8044,3682967,1180,354539,11016,947290,0.108881,22163,3955458,0.454639,12277,4902748,0.56352,8700223
1,2021-06-13,11539,8515489,8381,4474825,2683,3685650,475,355014,3490,943315,0.108424,7982,3963440,0.455556,4007,4906755,0.56398,8700223
1,2021-06-14,30474,8545963,20524,4495349,8663,3694313,1287,356301,11745,937844,0.107795,18550,3981990,0.457688,13079,4919834,0.565484,8700223
1,2021-06-15,36814,8582777,24192,4519541,10815,3705128,1807,358108,13716,930610,0.106964,22853,4004843,0.460315,15619,4935453,0.567279,8700223
1,2021-06-16,34925,8617702,23629,4543170,9506,3714634,1790,359898,13171,924133,0.106219,21513,4026356,0.462788,15036,4950489,0.569007,8700223
1,2021-06-17,32611,8650313,21631,4564801,9189,3723823,1791,361689,12859,919347,0.105669,19528,4045884,0.465032,14742,4965231,0.570702,8700223
1,2021-06-18,38253,8688566,24849,4589650,10733,3734556,2671,364360,14939,913966,0.105051,23067,4068951,0.467684,17686,4982917,0.572734,8700223
1,2021-06-19,23092,8711658,16055,4605705,5949,3740505,1088,365448,9531,911236,0.104737,13391,4082342,0.469223,10661,4993578,0.57396,8700223
1,2021-06-20,8041,8719699,5867,4611572,1903,3742408,271,365719,3189,909917,0.104585,4791,4087133,0.469773,3472,4997050,0.574359,8700223
1,2021-06-21,20294,8739993,11507,4623079,6739,3749147,2048,367767,10644,913118,0.104953,9547,4096680,0.470871,12748,5009798,0.575824,8700223
1,2021-06-22,29651,8769644,19420,4642499,8295,3757442,1936,369703,12571,910807,0.104688,16895,4113575,0.472813,14584,5024382,0.5775,8700223
1,2021-06-23,27289,8796933,18281,4660780,7374,3764816,1634,371337,11990,909350,0.10452,15118,4128693,0.47455,13661,5038043,0.579071,8700223
1,2021-06-24,25371,8822304,17012,4677792,6940,3771756,1419,372756,10697,907032,0.104254,14501,4143194,0.476217,12183,5050226,0.580471,8700223
1,2021-06-25,16749,8839053,11664,4689456,4124,3775880,961,373717,6775,904928,0.104012,9866,4153060,0.477351,7762,5057988,0.581363,8700223
2,2020-12-15,241,241,241,241,0,0,0,0,241,241,2.9e-05,0,0,0.0,241,241,2.9e-05,8407551
2,2020-12-16,2078,2319,2078,2319,0,0,0,0,2077,2318,0.000276,0,0,0.0,2077,2318,0.000276,8407551
2,2020-12-17,6838,9157,6838,9157,0,0,0,0,6839,9157,0.001089,0,0,0.0,6839,9157,0.001089,8407551
2,2020-12-18,11072,20229,11052,20209,20,20,0,0,11071,20228,0.002406,0,0,0.0,11071,20228,0.002406,8407551
2,2020-12-19,5622,25851,5616,25825,6,26,0,0,5623,25851,0.003075,0,0,0.0,5623,25851,0.003075,8407551
2,2020-12-20,4251,30102,4242,30067,9,35,0,0,4247,30098,0.00358,0,0,0.0,4247,30098,0.00358,8407551
2,2020-12-21,12778,42880,12753,42820,25,60,0,0,12733,42831,0.005094,0,0,0.0,12733,42831,0.005094,8407551
2,2020-12-22,12151,55031,11638,54458,513,573,0,0,12151,54982,0.00654,0,0,0.0,12151,54982,0.00654,8407551
2,2020-12-23,11688,66719,9474,63932,2214,2787,0,0,11691,66673,0.00793,1,1,0.0,11692,66674,0.00793,8407551
2,2020-12-24,5908,72627,3498,67430,2410,5197,0,0,5904,72576,0.008632,3,4,0.0,5906,72580,0.008633,8407551
2,2020-12-25,480,73107,403,67833,77,5274,0,0,482,73058,0.00869,0,4,0.0,482,73062,0.00869,8407551
2,2020-12-26,2564,75671,1671,69504,893,6167,0,0,2565,75622,0.008995,1,5,1e-06,2565,75627,0.008995,8407551
2,2020-12-27,2221,77892,1207,70711,1014,7181,0,0,2218,77838,0.009258,2,7,1e-06,2218,77845,0.009259,8407551
2,2020-12-28,10997,88889,7159,77870,3838,11019,0,0,10997,88834,0.010566,1,8,1e-06,10997,88842,0.010567,8407551
2,2020-12-29,12707,101596,7145,85015,5562,16581,0,0,12711,101545,0.012078,0,8,1e-06,12711,101553,0.012079,8407551
2,2020-12-30,15395,116991,8661,93676,6734,23315,0,0,15409,116951,0.01391,5,13,2e-06,15411,116964,0.013912,8407551
2,2020-12-31,7565,124556,2825,96501,4740,28055,0,0,7558,124504,0.014809,5,18,2e-06,7558,124522,0.014811,8407551
2,2021-01-01,1198,125754,582,97083,616,28671,0,0,1198,125699,0.014951,3,21,2e-06,1198,125720,0.014953,8407551
2,2021-01-02,4843,130597,2764,99847,2079,30750,0,0,4838,130535,0.015526,2,23,3e-06,4838,130558,0.015529,8407551
2,2021-01-03,1385,131982,789,100636,596,31346,0,0,1380,131912,0.01569,3,26,3e-06,1380,131938,0.015693,8407551
2,2021-01-04,11638,143620,5552,106188,6086,37432,0,0,11626,143535,0.017072,3,29,3e-06,11626,143564,0.017076,8407551
2,2021-01-05,13868,157488,6923,113111,6945,44377,0,0,12673,155053,0.018442,1188,1217,0.000145,12706,156270,0.018587,8407551
2,2021-01-06,18968,176456,10455,123566,8513,52890,0,0,15206,166554,0.01981,3714,4931,0.000586,15215,171485,0.020397,8407551
2,2021-01-07,23117,199573,13019,136585,10098,62988,0,0,15568,174572,0.020764,7564,12495,0.001486,15582,187067,0.02225,8407551
2,2021-01-08,26433,226006,15982,152567,10451,73439,0,0,16332,180858,0.021511,10068,22563,0.002684,16354,203421,0.024195,8407551
2,2021-01-09,9763,235769,5679,158246,4084,77523,0,0,6262,183606,0.021838,3521,26084,0.003102,6269,209690,0.024941,8407551
2,2021-01-10,5291,241060,2926,161172,2365,79888,0,0,3074,184447,0.021938,2238,28322,0.003369,3079,212769,0.025307,8407551
2,2021-01-11,25973,267033,17853,179025,8120,88008,0,0,15005,188502,0.022421,11000,39322,0.004677,15055,227824,0.027098,8407551
2,2021-01-12,26259,293292,16363,195388,9896,97904,0,0,16647,195591,0.023264,9640,48962,0.005824,16729,244553,0.029087,8407551
2,2021-01-13,28541,321833,15149,210537,13392,111296,0,0,20587,208256,0.02477,7949,56911,0.006769,20614,265167,0.031539,8407551
2,2021-01-14,30198,352031,11466,222003,18732,130028,0,0,25961,230022,0.027359,4262,61173,0.007276,26028,291195,0.034635,8407551
2,2021-01-15,35131,387162,12830,234833,22301,152329,0,0,31862,258690,0.030769,3279,64452,0.007666,31947,323142,0.038435,8407551
2,2021-01-16,17630,404792,5629,240462,12001,164330,0,0,16306,273656,0.032549,1351,65803,0.007827,16317,339459,0.040375,8407551
2,2021-01-17,10672,415464,3630,244092,7042,171372,0,0,9958,282880,0.033646,742,66545,0.007915,9966,349425,0.041561,8407551
2,2021-01-18,19698,435162,11026,255118,8672,180044,0,0,14905,293031,0.034853,4811,71356,0.008487,14962,364387,0.04334,8407551
2,2021-01-19,32469,467631,16954,272072,15515,195559,0,0,24489,309652,0.03683,7982,79338,0.009437,24603,388990,0.046267,8407551
2,2021-01-20,37249,504880,18636,290708,18613,214172,0,0,28603,329726,0.039218,8620,87958,0.010462,28694,417684,0.04968,8407551
2,2021-01-21,40703,545583,17227,307935,23476,237648,0,0,36257,361728,0.043024,4424,92382,0.010988,36426,454110,0.054012,8407551
2,2021-01-22,39453,585036,16479,324414,22974,260622,0,0,36127,394551,0.046928,3330,95712,0.011384,36153,490263,0.058312,8407551
2,2021-01-23,24114,609150,10796,335210,13318,273940,0,0,21146,412782,0.049097,2943,98655,0.011734,21174,511437,0.060831,8407551
2,2021-01-24,12406,621556,6107,341317,6299,280239,0,0,11488,423379,0.050357,903,99558,0.011841,11500,522937,0.062198,8407551
2,2021-01-25,33869,655425,15644,356961,18225,298464,0,0,25073,439848,0.052316,8740,108298,0.012881,25209,548146,0.065197,8407551
2,2021-01-26,40445,695870,19939,376900,20506,318970,0,0,31365,462238,0.054979,9059,117357,0.013959,31449,579595,0.068937,8407551
2,2021-01-27,45858,741728,22920,399820,22938,341908,0,0,35647,487856,0.058026,10088,127445,0.015158,35706,615301,0.073184,8407551
2,2021-01-28,48153,789881,22736,422556,25417,367325,0,0,39514,518860,0.061714,8581,136026,0.016179,39585,654886,0.077893,8407551
2,2021-01-29,45713,835594,22275,444831,23438,390763,0,0,37015,547347,0.065102,8590,144616,0.017201,37077,691963,0.082303,8407551
2,2021-01-30,31621,867215,13716,458547,17905,408668,0,0,28236,572281,0.068068,3337,147953,0.017598,28271,720234,0.085665,8407551
2,2021-01-31,17492,884707,10542,469089,6950,415618,0,0,16273,587381,0.069864,1193,149146,0.01774,16293,736527,0.087603,8407551
2,2021-02-01,41058,925765,19815,488904,21243,436861,0,0,30180,606768,0.072169,10832,159978,0.019028,30219,766746,0.091197,8407551
2,2021-02-02,47809,973574,19494,508398,28315,465176,0,0,36407,631938,0.075163,11334,171312,0.020376,36504,803250,0.095539,8407551
2,2021-02-03,54291,1027865,24233,532631,30058,495234,0,0,40186,658210,0.078288,14007,185319,0.022042,40279,843529,0.10033,8407551
2,2021-02-04,56174,1084039,24314,556945,31860,527094,0,0,41111,684449,0.081409,14972,200291,0.023823,41211,884740,0.105232,8407551
2,2021-02-05,59919,1143958,26401,583346,33518,560612,0,0,40578,706045,0.083977,19156,219447,0.026101,40752,925492,0.110079,8407551
2,2021-02-06,38905,1182863,18174,601520,20731,581343,0,0,31237,729779,0.0868,7594,227041,0.027004,31328,956820,0.113805,8407551
2,2021-02-07,16002,1198865,10712,612232,5290,586633,0,0,12145,738156,0.087797,3836,230877,0.027461,12213,969033,0.115257,8407551
2,2021-02-08,43422,1242287,22399,634631,21023,607656,0,0,29893,754877,0.089786,13382,244259,0.029052,30103,999136,0.118838,8407551
2,2021-02-09,49408,1291695,23537,658168,25871,633527,0,0,30721,767500,0.091287,18428,262687,0.031244,31051,1030187,0.122531,8407551
2,2021-02-10,59743,1351438,28186,686354,31557,665084,0,0,34795,777988,0.092534,24660,287347,0.034177,35148,1065335,0.126712,8407551
2,2021-02-11,64298,1415736,29782,716136,34516,699600,0,0,36142,786763,0.093578,27864,315211,0.037491,36639,1101974,0.13107,8407551
2,2021-02-12,65337,1481073,28244,744380,37093,736693,0,0,34764,791914,0.094191,30275,345486,0.041092,35426,1137400,0.135283,8407551
2,2021-02-13,37846,1518919,15900,760280,21946,758639,0,0,21902,798340,0.094955,15854,361340,0.042978,22280,1159680,0.137933,8407551
2,2021-02-14,20055,1538974,9421,769701,10634,769273,0,0,11256,801201,0.095295,8755,370095,0.044019,11616,1171296,0.139315,8407551
2,2021-02-15,33246,1572220,15088,784789,18158,787431,0,0,18399,805737,0.095835,14721,384816,0.04577,19257,1190553,0.141605,8407551
2,2021-02-16,56234,1628454,27771,812560,28463,815894,0,0,29619,809506,0.096283,26524,411340,0.048925,30293,1220846,0.145208,8407551
2,2021-02-17,61738,1690192,31939,844499,29799,845693,0,0,30595,809873,0.096327,31067,442407,0.05262,31434,1252280,0.148947,8407551
2,2021-02-18,66280,1756472,33637,878136,32643,878336,0,0,32209,809395,0.09627,33838,476245,0.056645,33360,1285640,0.152915,8407551
2,2021-02-19,59448,1815920,33187,911323,26261,904597,0,0,29409,809553,0.096289,29864,506109,0.060197,30022,1315662,0.156486,8407551
2,2021-02-20,37536,1853456,24568,935891,12968,917565,0,0,20311,813420,0.096749,17132,523241,0.062235,20999,1336661,0.158983,8407551
2,2021-02-21,20917,1874373,17434,953325,3483,921048,0,0,9992,813371,0.096743,10844,534085,0.063524,10795,1347456,0.160267,8407551
2,2021-02-22,37711,1912084,25816,979141,11895,932943,0,0,18049,812530,0.096643,19571,553656,0.065852,18730,1366186,0.162495,8407551
2,2021-02-23,51942,1964026,26642,1005783,25300,958243,0,0,22903,808498,0.096163,28843,582499,0.069283,24811,1390997,0.165446,8407551
2,2021-02-24,68555,2032581,35311,1041094,33244,991487,0,0,31567,805591,0.095818,36842,619341,0.073665,33935,1424932,0.169482,8407551
2,2021-02-25,74470,2107051,35095,1076189,39375,1030862,0,0,37963,810079,0.096351,36294,655635,0.077982,40782,1465714,0.174333,8407551
2,2021-02-26,82676,2189727,35331,1111520,47345,1078207,0,0,44716,819306,0.097449,37698,693333,0.082466,46925,1512639,0.179914,8407551
2,2021-02-27,60383,2250110,27984,1139504,32392,1110599,7,7,32980,826431,0.098296,27201,720534,0.085701,34326,1546965,0.183997,8407551
2,2021-02-28,29799,2279909,17927,1157431,11871,1122470,1,8,17521,832605,0.099031,12179,732713,0.087149,18353,1565318,0.18618,8407551
2,2021-03-01,57128,2337037,30062,1187493,27029,1149499,37,45,31059,839108,0.099804,25803,758516,0.090218,32306,1597624,0.190023,8407551
2,2021-03-02,67957,2404994,32737,1220230,35213,1184712,7,52,38502,850648,0.101177,29314,787830,0.093705,40854,1638478,0.194882,8407551
2,2021-03-03,79834,2484828,38768,1258998,41052,1225764,14,66,45143,863868,0.102749,34507,822337,0.097809,47727,1686205,0.200558,8407551
2,2021-03-04,87397,2572225,43113,1302111,44254,1270018,30,96,50445,879976,0.104665,36756,859093,0.102181,52864,1739069,0.206846,8407551
2,2021-03-05,80753,2652978,38287,1340398,42161,1312179,305,401,49599,901301,0.107201,30962,890055,0.105864,52287,1791356,0.213065,8407551
2,2021-03-06,62502,2715480,30556,1370954,30258,1342437,1688,2089,38496,919041,0.109311,23889,913944,0.108705,41629,1832985,0.218017,8407551
2,2021-03-07,27623,2743103,16184,1387138,10465,1352902,974,3063,17832,929227,0.110523,9731,923675,0.109863,19917,1852902,0.220385,8407551
2,2021-03-08,49992,2793095,23055,1410193,24468,1377370,2469,5532,31638,946733,0.112605,18250,941925,0.112033,35756,1888658,0.224638,8407551
2,2021-03-09,69939,2863034,32004,1442197,34151,1411521,3784,9316,38832,959728,0.114151,30989,972914,0.115719,43984,1932642,0.22987,8407551
2,2021-03-10,77789,2940823,36939,1479136,34303,1445824,6547,15863,41376,972793,0.115705,36217,1009131,0.120027,49282,1981924,0.235731,8407551
2,2021-03-11,92706,3033529,42851,1521987,41502,1487326,8353,24216,48511,987170,0.117415,43913,1053044,0.12525,58290,2040214,0.242664,8407551
2,2021-03-12,93649,3127178,38589,1560576,43067,1530393,11993,36209,46701,1000584,0.11901,46735,1099779,0.130808,60149,2100363,0.249819,8407551
2,2021-03-13,68646,3195824,28900,1589476,31829,1562222,7917,44126,37760,1016813,0.12094,30764,1130543,0.134468,46993,2147356,0.255408,8407551
2,2021-03-14,36589,3232413,18277,1607753,13785,1576007,4527,48653,18654,1022908,0.121665,17846,1148389,0.13659,23941,2171297,0.258256,8407551
2,2021-03-15,67199,3299612,30403,1638156,31751,1607758,5045,53698,37208,1036480,0.12328,29791,1178180,0.140134,43363,2214660,0.263413,8407551
2,2021-03-16,86101,3385713,38116,1676272,43973,1651731,4012,57710,52415,1060518,0.126139,33526,1211706,0.144121,57564,2272224,0.27026,8407551
2,2021-03-17,92367,3478080,44264,1720536,43946,1695677,4157,61867,58857,1091123,0.129779,33266,1244972,0.148078,63871,2336095,0.277857,8407551
2,2021-03-18,97787,3575867,46696,1767232,46510,1742187,4581,66448,59983,1118735,0.133063,37520,1282492,0.15254,65132,2401227,0.285604,8407551
2,2021-03-19,97192,3673059,46018,1813250,45036,1787223,6138,72586,58055,1144597,0.136139,38868,1321360,0.157163,64730,2465957,0.293303,8407551
2,2021-03-20,69530,3742589,33719,1846969,31889,1819112,3922,76508,45698,1170981,0.139277,23606,1344966,0.159971,49990,2515947,0.299248,8407551
2,2021-03-21,33189,3775778,21506,1868475,9701,1828813,1982,78490,20516,1181361,0.140512,12554,1357520,0.161464,22934,2538881,0.301976,8407551
2,2021-03-22,62658,3838436,34487,1902962,25527,1854340,2644,81134,41768,1206008,0.143443,20676,1378196,0.163924,45323,2584204,0.307367,8407551
2,2021-03-23,83585,3922021,44477,1947439,36200,1890540,2908,84042,52511,1231446,0.146469,30825,1409021,0.16759,56263,2640467,0.314059,8407551
2,2021-03-24,91356,4013377,49139,1996578,39067,1929607,3150,87192,53932,1252228,0.148941,37126,1446147,0.172006,57908,2698375,0.320947,8407551
2,2021-03-25,100948,4114325,50904,2047482,46145,1975752,3899,91091,57489,1271235,0.151202,43149,1489296,0.177138,62156,2760531,0.328339,8407551
2,2021-03-26,103040,4217365,51150,2098632,48398,2024150,3492,94583,56782,1286655,0.153036,45913,1535209,0.182599,61333,2821864,0.335634,8407551
2,2021-03-27,75251,4292616,37543,2136175,34400,2058550,3308,97891,37919,1291634,0.153628,37111,1572320,0.187013,42090,2863954,0.340641,8407551
2,2021-03-28,37497,4330113,23158,2159333,13530,2072080,809,98700,20247,1296361,0.15419,17132,1589452,0.189051,21859,2885813,0.343241,8407551
2,2021-03-29,71044,4401157,36164,2195497,32610,2104690,2270,100970,40674,1310023,0.155815,30187,1619639,0.192641,43849,2929662,0.348456,8407551
2,2021-03-30,91647,4492804,44828,2240325,42464,2147154,4355,105325,51709,1326958,0.157829,39744,1659383,0.197368,56679,2986341,0.355197,8407551
2,2021-03-31,101041,4593845,52074,2292399,43856,2191010,5111,110436,57634,1346943,0.160206,43112,1702495,0.202496,63097,3049438,0.362702,8407551
2,2021-04-01,117267,4711112,56640,2349039,51443,2242453,9184,119620,64115,1367893,0.162698,52806,1755301,0.208777,73756,3123194,0.371475,8407551
2,2021-04-02,111446,4822558,51376,2400415,49926,2292379,10144,129764,60206,1387844,0.165071,50888,1806189,0.214829,70839,3194033,0.379901,8407551
2,2021-04-03,76643,4899201,37595,2438010,29236,2321615,9812,139576,38070,1397770,0.166252,38373,1844562,0.219393,48299,3242332,0.385645,8407551
2,2021-04-04,29018,4928219,14907,2452917,10257,2331872,3854,143430,13082,1398901,0.166386,15848,1860410,0.221278,16979,3259311,0.387665,8407551
2,2021-04-05,78863,5007082,38698,2491615,31390,2363262,8775,152205,38332,1406405,0.167279,40374,1900784,0.226081,47878,3307189,0.393359,8407551
2,2021-04-06,103758,5110840,50524,2542139,38545,2401807,14689,166894,49393,1416805,0.168516,54113,1954897,0.232517,64513,3371702,0.401033,8407551
2,2021-04-07,110223,5221063,55013,2597152,38982,2440789,16228,183122,52107,1427595,0.169799,57848,2012745,0.239397,68638,3440340,0.409196,8407551
2,2021-04-08,119234,5340297,57392,2654544,43132,2483921,18710,201832,55455,1438926,0.171147,63451,2076196,0.246944,74782,3515122,0.418091,8407551
2,2021-04-09,118686,5458983,57086,2711630,43458,2527379,18142,219974,56175,1451983,0.1727,62157,2138353,0.254337,75214,3590336,0.427037,8407551
2,2021-04-10,87130,5546113,37772,2749402,31029,2558408,18329,238303,36077,1456282,0.173211,50801,2189154,0.26038,55100,3645436,0.433591,8407551
2,2021-04-11,44361,5590474,23030,2772432,12865,2571273,8466,246769,18259,1457769,0.173388,25972,2215126,0.263469,27459,3672895,0.436857,8407551
2,2021-04-12,79929,5670403,37227,2809659,33325,2604598,9377,256146,35840,1460179,0.173675,43831,2258957,0.268682,46241,3719136,0.442357,8407551
2,2021-04-13,101864,5772267,52839,2862498,48765,2653363,260,256406,55934,1471597,0.175033,45687,2304644,0.274116,57105,3776241,0.449149,8407551
2,2021-04-14,106660,5878927,55833,2918331,50776,2704139,51,256457,54689,1476102,0.175569,51683,2356327,0.280263,56188,3832429,0.455832,8407551
2,2021-04-15,113286,5992213,60200,2978531,53011,2757150,75,256532,59434,1483228,0.176416,53479,2409806,0.286624,60605,3893034,0.46304,8407551
2,2021-04-16,110619,6102832,57485,3036016,53084,2810234,50,256582,56361,1486578,0.176815,53920,2463726,0.293037,57270,3950304,0.469852,8407551
2,2021-04-17,83205,6186037,42344,3078360,40844,2851078,17,256599,46793,1498091,0.178184,36161,2499887,0.297338,47674,3997978,0.475522,8407551
2,2021-04-18,35376,6221413,21541,3099901,13829,2864907,6,256605,16915,1497665,0.178133,18324,2518211,0.299518,17898,4015876,0.477651,8407551
2,2021-04-19,74620,6296033,40191,3140092,34415,2899322,14,256619,34140,1492241,0.177488,40212,2558423,0.304301,34788,4050664,0.481789,8407551
2,2021-04-20,97296,6393329,49257,3189349,48013,2947335,26,256645,47319,1490682,0.177303,49658,2608081,0.310207,48099,4098763,0.48751,8407551
2,2021-04-21,102995,6496324,55673,3245022,47267,2994602,55,256700,48908,1486891,0.176852,53662,2661743,0.31659,49871,4148634,0.493441,8407551
2,2021-04-22,107134,6603458,55427,3300449,51686,3046288,21,256721,46976,1475023,0.17544,59780,2721523,0.3237,47912,4196546,0.49914,8407551
2,2021-04-23,106396,6709854,56517,3356966,49861,3096149,18,256739,49180,1468328,0.174644,56823,2778346,0.330458,50128,4246674,0.505102,8407551
2,2021-04-24,79610,6789464,47037,3404003,32533,3128682,40,256779,41594,1473189,0.175222,37705,2816051,0.334943,42566,4289240,0.510165,8407551
2,2021-04-25,36070,6825534,22266,3426269,13789,3142471,15,256794,19695,1477109,0.175688,16252,2832303,0.336876,20172,4309412,0.512564,8407551
2,2021-04-26,73381,6898915,40628,3466897,32450,3174921,303,257097,33831,1473413,0.175249,39298,2871601,0.34155,35602,4345014,0.516799,8407551
2,2021-04-27,87528,6986443,46090,3512987,40075,3214996,1363,258460,37626,1464091,0.17414,49552,2921153,0.347444,40230,4385244,0.521584,8407551
2,2021-04-28,87237,7073680,46587,3559574,38789,3253785,1861,260321,38528,1457008,0.173298,48401,2969554,0.353201,41318,4426562,0.526498,8407551
2,2021-04-29,89966,7163646,48933,3608507,39338,3293123,1695,262016,34973,1439634,0.171231,54649,3024203,0.359701,37275,4463837,0.530932,8407551
2,2021-04-30,93036,7256682,51221,3659728,39833,3332956,1982,263998,36036,1421731,0.169102,56593,3080796,0.366432,38690,4502527,0.535534,8407551
2,2021-05-01,61576,7318258,37635,3697363,22382,3355338,1559,265557,23937,1410732,0.167793,37353,3118149,0.370875,26354,4528881,0.538668,8407551
2,2021-05-02,29099,7347357,20187,3717550,7939,3363277,973,266530,11071,1404980,0.167109,17891,3136040,0.373003,12139,4541020,0.540112,8407551
2,2021-05-03,59786,7407143,35393,3752943,22350,3385627,2043,268573,20109,1387999,0.16509,39413,3175453,0.377691,22432,4563452,0.54278,8407551
2,2021-05-04,79274,7486417,47315,3800258,29588,3415215,2371,270944,25785,1363392,0.162163,53175,3228628,0.384015,28568,4592020,0.546178,8407551
2,2021-05-05,79652,7566069,47444,3847702,29870,3445085,2338,273282,24987,1336781,0.158998,54294,3282922,0.390473,27683,4619703,0.549471,8407551
2,2021-05-06,80862,7646931,48552,3896254,29412,3474497,2898,276180,24656,1309198,0.155717,55779,3338701,0.397107,28196,4647899,0.552824,8407551
2,2021-05-07,82312,7729243,47214,3943468,32676,3507173,2422,278602,25358,1280822,0.152342,56619,3395320,0.403842,28243,4676142,0.556184,8407551
2,2021-05-08,53792,7783035,32316,3975784,19772,3526945,1704,280306,16808,1263300,0.150258,36759,3432079,0.408214,19237,4695379,0.558472,8407551
2,2021-05-09,21306,7804341,15282,3991066,5283,3532228,741,281047,6133,1255308,0.149307,15096,3447175,0.410009,7104,4702483,0.559317,8407551
2,2021-05-10,49029,7853370,26531,4017597,20639,3552867,1859,282906,13915,1236796,0.147105,34895,3482070,0.41416,16383,4718866,0.561265,8407551
2,2021-05-11,63841,7917211,33832,4051429,27916,3580783,2093,284999,19025,1214041,0.144399,44548,3526618,0.419458,21793,4740659,0.563857,8407551
2,2021-05-12,63850,7981061,33916,4085345,27738,3608521,2196,287195,18804,1190667,0.141619,44759,3571377,0.424782,21385,4762044,0.566401,8407551
2,2021-05-13,70175,8051236,40881,4126226,27359,3635880,1935,289130,25816,1175057,0.139762,44091,3615468,0.430026,28481,4790525,0.569788,8407551
2,2021-05-14,78916,8130152,47367,4173593,29313,3665193,2236,291366,30449,1160280,0.138005,48112,3663580,0.435749,33335,4823860,0.573753,8407551
2,2021-05-15,65766,8195918,43196,4216789,20856,3686049,1714,293080,25471,1147786,0.136518,40071,3703651,0.440515,27577,4851437,0.577033,8407551
2,2021-05-16,30603,8226521,22778,4239567,6906,3692955,919,293999,12324,1142989,0.135948,18167,3721818,0.442676,13370,4864807,0.578624,8407551
2,2021-05-17,57393,8283914,36323,4275890,19132,3712087,1938,295937,22656,1133422,0.13481,34526,3756344,0.446782,24959,4889766,0.581592,8407551
2,2021-05-18,69314,8353228,40425,4316315,26930,3739017,1959,297896,27521,1121898,0.133439,41544,3797888,0.451723,30020,4919786,0.585163,8407551
2,2021-05-19,68214,8421442,40411,4356726,25820,3764837,1983,299879,27174,1110759,0.132114,40760,3838648,0.456571,29621,4949407,0.588686,8407551
2,2021-05-20,68308,8489750,39500,4396226,26634,3791471,2174,302053,26094,1097704,0.130562,41916,3880564,0.461557,28861,4978268,0.592119,8407551
2,2021-05-21,71964,8561714,42426,4438652,27407,3818878,2131,304184,27602,1084143,0.128949,44031,3924595,0.466794,30470,5008738,0.595743,8407551
2,2021-05-22,53035,8614749,33565,4472217,17710,3836588,1760,305944,22144,1077907,0.128207,30688,3955283,0.470444,24452,5033190,0.598651,8407551
2,2021-05-23,23374,8638123,15910,4488127,6742,3843330,722,306666,10009,1075529,0.127924,13245,3968528,0.472019,10867,5044057,0.599944,8407551
2,2021-05-24,43617,8681740,24476,4512603,17385,3860715,1756,308422,16666,1067545,0.126975,26745,3995273,0.475201,18761,5062818,0.602175,8407551
2,2021-05-25,50453,8732193,29568,4542171,19024,3879739,1861,310283,19229,1058236,0.125867,30943,4026216,0.478881,21634,5084452,0.604748,8407551
2,2021-05-26,48504,8780697,27212,4569383,19629,3899368,1663,311946,19014,1050102,0.1249,29171,4055387,0.482351,21037,5105489,0.60725,8407551
2,2021-05-27,46409,8827106,26278,4595661,18388,3917756,1743,313689,18639,1043669,0.124135,27542,4082929,0.485626,21109,5126598,0.609761,8407551
2,2021-05-28,49674,8876780,27437,4623098,20286,3938042,1951,315640,20931,1038636,0.123536,28500,4111429,0.489016,23467,5150065,0.612552,8407551
2,2021-05-29,28842,8905622,17258,4640356,10539,3948581,1045,316685,13249,1037927,0.123452,15450,4126879,0.490854,14741,5164806,0.614306,8407551
2,2021-05-30,12506,8918128,8048,4648404,3702,3952283,756,317441,5487,1037362,0.123385,6975,4133854,0.491683,6410,5171216,0.615068,8407551
2,2021-05-31,5859,8923987,3414,4651818,2143,3954426,302,317743,1821,1035552,0.123169,3992,4137846,0.492158,2182,5173398,0.615328,8407551
2,2021-06-01,44427,8968414,25586,4677404,17268,3971694,1573,319316,15653,1025178,0.121935,28500,4166346,0.495548,18126,5191524,0.617483,8407551
2,2021-06-02,38035,9006449,22357,4699761,14289,3985983,1389,320705,15045,1019364,0.121244,22746,4189092,0.498254,16932,5208456,0.619497,8407551
2,2021-06-03,41173,9047622,26557,4726318,13174,3999157,1442,322147,13925,1008157,0.119911,27018,4216110,0.501467,15811,5224267,0.621378,8407551
2,2021-06-04,47711,9095333,31115,4757433,15066,4014223,1530,323677,15475,993774,0.1182,31959,4248069,0.505268,17576,5241843,0.623468,8407551
2,2021-06-05,37450,9132783,26712,4784145,9302,4023525,1436,325113,11783,981996,0.116799,25450,4273519,0.508295,13672,5255515,0.625095,8407551
2,2021-06-06,14721,9147504,12054,4796199,2086,4025611,581,325694,4980,978062,0.116331,9685,4283204,0.509447,5751,5261266,0.625779,8407551
2,2021-06-07,32994,9180498,23069,4819268,8657,4034268,1268,326962,10851,968450,0.115188,22007,4305211,0.512065,12395,5273661,0.627253,8407551
2,2021-06-08,40360,9220858,28574,4847842,10427,4044695,1359,328321,12632,955366,0.113632,27491,4332702,0.515335,14407,5288068,0.628967,8407551
2,2021-06-09,37829,9258687,26460,4874302,9879,4054574,1490,329811,11504,942567,0.11211,26138,4358840,0.518443,13339,5301407,0.630553,8407551
2,2021-06-10,37473,9296160,26083,4900385,9881,4064455,1509,331320,11753,930779,0.110708,25523,4384363,0.521479,13735,5315142,0.632187,8407551
2,2021-06-11,40940,9337100,27173,4927558,12107,4076562,1660,332980,13206,918461,0.109242,27481,4411844,0.524748,15163,5330305,0.63399,8407551
2,2021-06-12,29184,9366284,21479,4949037,6794,4083356,911,333891,8703,907938,0.107991,20351,4432195,0.527168,9828,5340133,0.635159,8407551
2,2021-06-13,12071,9378355,8807,4957844,2657,4086013,607,334498,3161,903028,0.107407,8848,4441043,0.528221,3938,5344071,0.635628,8407551
2,2021-06-14,29648,9408003,21020,4978864,7451,4093464,1177,335675,10619,896158,0.10659,18878,4459921,0.530466,12008,5356079,0.637056,8407551
2,2021-06-15,35296,9443299,23514,5002378,9755,4103219,2027,337702,12055,887611,0.105573,23014,4482935,0.533203,14467,5370546,0.638776,8407551
2,2021-06-16,32669,9475968,22553,5024931,8347,4111566,1769,339471,11324,879836,0.104648,21180,4504115,0.535723,13405,5383951,0.640371,8407551
2,2021-06-17,30144,9506112,20196,5045127,8243,4119809,1705,341176,10734,873247,0.103865,19240,4523355,0.538011,12651,5396602,0.641876,8407551
2,2021-06-18,33753,9539865,22225,5067352,9728,4129537,1800,342976,12403,866572,0.103071,21147,4544502,0.540526,14472,5411074,0.643597,8407551
2,2021-06-19,20458,9560323,14293,5081645,4971,4134508,1194,344170,7786,863226,0.102673,12510,4557012,0.542014,9164,5420238,0.644687,8407551
2,2021-06-20,8170,9568493,5823,5087468,1883,4136391,464,344634,3045,861720,0.102494,5083,4562095,0.542619,3577,5423815,0.645112,8407551
2,2021-06-21,18901,9587394,11574,5099042,6079,4142470,1248,345882,9771,863910,0.102754,9014,4571109,0.543691,11204,5435019,0.646445,8407551
2,2021-06-22,26221,9613615,17986,5117028,6944,4149414,1291,347173,10351,860106,0.102302,15707,4586816,0.545559,11903,5446922,0.647861,8407551
2,2021-06-23,24607,9638222,17033,5134061,6102,4155516,1472,348645,10114,857611,0.102005,14365,4601181,0.547268,11870,5458792,0.649273,8407551
2,2021-06-24,23461,9661683,16124,5150185,6039,4161555,1298,349943,9735,855286,0.101728,13583,4614764,0.548883,11258,5470050,0.650612,8407551
2,2021-06-25,14601,9676284,10068,5160253,3553,4165108,980,350923,5871,853593,0.101527,8657,4623421,0.549913,6964,5477014,0.65144,8407551
3,2020-12-15,304,304,304,304,0,0,0,0,304,304,3.7e-05,0,0,0.0,304,304,3.7e-05,8129050
3,2020-12-16,2311,2615,2311,2615,0,0,0,0,2312,2616,0.000322,0,0,0.0,2312,2616,0.000322,8129050
3,2020-12-17,7789,10404,7789,10404,0,0,0,0,7789,10405,0.00128,0,0,0.0,7789,10405,0.00128,8129050
3,2020-12-18,13386,23790,13373,23777,13,13,0,0,13386,23791,0.002927,0,0,0.0,13386,23791,0.002927,8129050
3,2020-12-19,7218,31008,7207,30984,11,24,0,0,7282,31073,0.003822,0,0,0.0,7282,31073,0.003822,8129050
3,2020-12-20,5654,36662,5647,36631,7,31,0,0,5701,36773,0.004524,1,1,0.0,5701,36774,0.004524,8129050
3,2020-12-21,14341,51003,14316,50947,25,56,0,0,14404,51176,0.006295,1,2,0.0,14404,51178,0.006296,8129050
3,2020-12-22,14776,65779,14196,65143,580,636,0,0,14814,65989,0.008118,1,3,0.0,14814,65992,0.008118,8129050
3,2020-12-23,14825,80604,12217,77360,2608,3244,0,0,14853,80842,0.009945,1,4,0.0,14854,80846,0.009945,8129050
3,2020-12-24,6782,87386,4867,82227,1915,5159,0,0,6780,87621,0.010779,1,5,1e-06,6780,87626,0.010779,8129050
3,2020-12-25,723,88109,666,82893,57,5216,0,0,721,88342,0.010867,0,5,1e-06,721,88347,0.010868,8129050
3,2020-12-26,4615,92724,2997,85890,1618,6834,0,0,4613,92955,0.011435,0,5,1e-06,4613,92960,0.011436,8129050
3,2020-12-27,2979,95703,1849,87739,1130,7964,0,0,2979,95934,0.011801,0,5,1e-06,2979,95939,0.011802,8129050
3,2020-12-28,13589,109292,8691,96430,4898,12862,0,0,13615,109548,0.013476,1,6,1e-06,13615,109554,0.013477,8129050
3,2020-12-29,15003,124295,8466,104896,6537,19399,0,0,15030,124576,0.015325,2,8,1e-06,15030,124584,0.015326,8129050
3,2020-12-30,18020,142315,10025,114921,7995,27394,0,0,18006,142581,0.01754,2,10,1e-06,18007,142591,0.017541,8129050
3,2020-12-31,8446,150761,3241,118162,5205,32599,0,0,8446,151026,0.018579,1,11,1e-06,8446,151037,0.01858,8129050
3,2021-01-01,1366,152127,636,118798,730,33329,0,0,1362,152387,0.018746,1,12,1e-06,1362,152399,0.018747,8129050
3,2021-01-02,4942,157069,2425,121223,2517,35846,0,0,4942,157329,0.019354,0,12,1e-06,4942,157341,0.019355,8129050
3,2021-01-03,1611,158680,847,122070,764,36610,0,0,1600,158925,0.01955,4,16,2e-06,1600,158941,0.019552,8129050
3,2021-01-04,11981,170661,5949,128019,6032,42642,0,0,11955,170873,0.02102,7,23,3e-06,11955,170896,0.021023,8129050
3,2021-01-05,15659,186320,8099,136118,7560,50202,0,0,14034,183323,0.022552,1611,1634,0.000201,14061,184957,0.022753,8129050
3,2021-01-06,20523,206843,10815,146933,9708,59910,0,0,16054,194957,0.023983,4428,6062,0.000746,16062,201019,0.024728,8129050
3,2021-01-07,26490,233333,15142,162075,11348,71258,0,0,17108,202730,0.024939,9351,15413,0.001896,17124,218143,0.026835,8129050
3,2021-01-08,30386,263719,18547,180622,11839,83097,0,0,18032,208454,0.025643,12330,27743,0.003413,18054,236197,0.029056,8129050
3,2021-01-09,12372,276091,6990,187612,5382,88479,0,0,7858,211813,0.026056,4508,32251,0.003967,7867,244064,0.030024,8129050
3,2021-01-10,7172,283263,4466,192078,2706,91185,0,0,4031,212710,0.026167,3139,35390,0.004354,4036,248100,0.03052,8129050
3,2021-01-11,28965,312228,18965,211043,10000,101185,0,0,16385,216565,0.026641,12573,47963,0.0059,16428,264528,0.032541,8129050
3,2021-01-12,32316,344544,19368,230411,12948,114133,0,0,19793,223941,0.027548,12504,60467,0.007438,19880,284408,0.034987,8129050
3,2021-01-13,34424,378968,17991,248402,16433,130566,0,0,24228,237993,0.029277,10196,70663,0.008693,24248,308656,0.03797,8129050
3,2021-01-14,34607,413575,14212,262614,20395,150961,0,0,28711,260871,0.032091,5869,76532,0.009415,28747,337403,0.041506,8129050
3,2021-01-15,38834,452409,14461,277075,24373,175334,0,0,34163,290441,0.035729,4659,81191,0.009988,34229,371632,0.045717,8129050
3,2021-01-16,21814,474223,7604,284679,14210,189544,0,0,19494,307650,0.037846,2307,83498,0.010272,19516,391148,0.048117,8129050
3,2021-01-17,13117,487340,4431,289110,8686,198230,0,0,12079,318712,0.039207,1036,84534,0.010399,12098,403246,0.049606,8129050
3,2021-01-18,24707,512047,12904,302014,11803,210033,0,0,19151,332335,0.040882,5571,90105,0.011084,19194,422440,0.051967,8129050
3,2021-01-19,40935,552982,20900,322914,20035,230068,0,0,31835,355183,0.043693,9074,99179,0.012201,31922,454362,0.055894,8129050
3,2021-01-20,45217,598199,22175,345089,23042,253110,0,0,35863,381817,0.046969,9311,108490,0.013346,35945,490307,0.060315,8129050
3,2021-01-21,47779,645978,20647,365736,27132,280242,0,0,42307,418798,0.051519,5397,113887,0.01401,42378,532685,0.065529,8129050
3,2021-01-22,49668,695646,19782,385518,29886,310128,0,0,45506,460214,0.056614,4163,118050,0.014522,45579,578264,0.071135,8129050
3,2021-01-23,30313,725959,12797,398315,17516,327644,0,0,27021,484004,0.05954,3283,121333,0.014926,27073,605337,0.074466,8129050
3,2021-01-24,17635,743594,8460,406775,9175,336819,0,0,16474,499351,0.061428,1158,122491,0.015068,16505,621842,0.076496,8129050
3,2021-01-25,40669,784263,18121,424896,22548,359367,0,0,30731,520254,0.063999,9914,132405,0.016288,30817,652659,0.080287,8129050
3,2021-01-26,47004,831267,22464,447360,24540,383907,0,0,36918,547203,0.067315,10075,142480,0.017527,37024,689683,0.084842,8129050
3,2021-01-27,51194,882461,24357,471717,26837,410744,0,0,40607,577375,0.071026,10517,152997,0.018821,40689,730372,0.089847,8129050
3,2021-01-28,51554,934015,23914,495631,27640,438384,0,0,42620,611205,0.075188,8848,161845,0.019909,42678,773050,0.095097,8129050
3,2021-01-29,50691,984706,24334,519965,26357,464741,0,0,41021,642793,0.079074,9481,171326,0.021076,41069,814119,0.100149,8129050
3,2021-01-30,37217,1021923,17599,537564,19618,484359,0,0,32497,670714,0.082508,4657,175983,0.021649,32578,846697,0.104157,8129050
3,2021-01-31,22084,1044007,12637,550201,9447,493806,0,0,20678,690026,0.084884,1386,177369,0.021819,20698,867395,0.106703,8129050
3,2021-02-01,45651,1089658,20821,571022,24830,518636,0,0,34849,714152,0.087852,10756,188125,0.023142,34882,902277,0.110994,8129050
3,2021-02-02,54268,1143926,22568,593590,31700,550336,0,0,41845,743712,0.091488,12334,200459,0.02466,41894,944171,0.116148,8129050
3,2021-02-03,60005,1203931,26761,620351,33244,583580,0,0,44621,773183,0.095114,15224,215683,0.026532,44695,988866,0.121646,8129050
3,2021-02-04,64282,1268213,27903,648254,36379,619959,0,0,47140,803481,0.098841,16953,232636,0.028618,47251,1036117,0.127459,8129050
3,2021-02-05,70119,1338332,29811,678065,40308,660267,0,0,48436,830640,0.102182,21450,254086,0.031257,48609,1084726,0.133438,8129050
3,2021-02-06,43525,1381857,21183,699248,22342,682609,0,0,33789,854910,0.105167,9701,263787,0.03245,33971,1118697,0.137617,8129050
3,2021-02-07,19505,1401362,12363,711611,7142,689751,0,0,15010,865566,0.106478,4481,268268,0.033001,15137,1133834,0.139479,8129050
3,2021-02-08,51031,1452393,24627,736238,26404,716155,0,0,33447,881720,0.108465,17478,285746,0.035151,33632,1167466,0.143617,8129050
3,2021-02-09,58346,1510739,28384,764622,29962,746117,0,0,34210,892315,0.109769,23963,309709,0.038099,34558,1202024,0.147868,8129050
3,2021-02-10,67856,1578595,31539,796161,36317,782434,0,0,36755,898741,0.110559,30861,340570,0.041895,37287,1239311,0.152455,8129050
3,2021-02-11,70549,1649144,34785,830946,35764,818198,0,0,37712,904510,0.111269,32481,373051,0.045891,38250,1277561,0.15716,8129050
3,2021-02-12,75376,1724520,32667,863613,42709,860907,0,0,41632,913478,0.112372,33442,406493,0.050005,42410,1319971,0.162377,8129050
3,2021-02-13,44812,1769332,20444,884057,24368,885275,0,0,25778,920910,0.113286,18929,425422,0.052334,26361,1346332,0.16562,8129050
3,2021-02-14,27243,1796575,13623,897680,13620,898895,0,0,15170,924507,0.113729,12022,437444,0.053812,15619,1361951,0.167541,8129050
3,2021-02-15,39979,1836554,17191,914871,22788,921683,0,0,22135,929819,0.114382,17759,455203,0.055997,23071,1385022,0.170379,8129050
3,2021-02-16,69826,1906380,33035,947906,36791,958474,0,0,36313,933786,0.11487,33377,488580,0.060103,37344,1422366,0.174973,8129050
3,2021-02-17,71547,1977927,36229,984135,35318,993792,0,0,34057,931645,0.114607,37277,525857,0.064689,35136,1457502,0.179295,8129050
3,2021-02-18,76685,2054612,40072,1024207,36613,1030405,0,0,35541,927546,0.114103,40985,566842,0.06973,36886,1494388,0.183833,8129050
3,2021-02-19,68540,2123152,39526,1063733,29014,1059419,0,0,34642,929117,0.114296,33767,600609,0.073884,35338,1529726,0.18818,8129050
3,2021-02-20,42208,2165360,26708,1090441,15500,1074919,0,0,22294,932108,0.114664,19808,620417,0.076321,22799,1552525,0.190985,8129050
3,2021-02-21,22826,2188186,18979,1109420,3847,1078766,0,0,10893,931530,0.114593,11854,632271,0.077779,11276,1563801,0.192372,8129050
3,2021-02-22,45358,2233544,29544,1138964,15814,1094580,0,0,21498,929737,0.114372,23774,656045,0.080704,21981,1585782,0.195076,8129050
3,2021-02-23,60960,2294504,33223,1172187,27737,1122317,0,0,26888,924693,0.113752,33926,689971,0.084877,28882,1614664,0.198629,8129050
3,2021-02-24,76723,2371227,37597,1209784,39126,1161443,0,0,34245,919144,0.113069,42312,732283,0.090082,36763,1651427,0.203151,8129050
3,2021-02-25,86163,2457390,41948,1251732,44215,1205658,0,0,43208,922246,0.113451,42708,774991,0.095336,45810,1697237,0.208787,8129050
3,2021-02-26,96982,2554372,44357,1296089,52625,1258283,0,0,51548,930913,0.114517,45087,820078,0.100882,53754,1750991,0.215399,8129050
3,2021-02-27,68454,2622826,31562,1327651,36889,1295172,3,3,36412,936785,0.115239,31858,851936,0.104801,37730,1788721,0.220041,8129050
3,2021-02-28,39254,2662080,22947,1350598,16304,1311476,3,6,20714,940064,0.115643,18388,870324,0.107063,21667,1810388,0.222706,8129050
3,2021-03-01,67525,2729605,35856,1386454,31646,1343122,23,29,37783,949648,0.116822,29569,899893,0.110701,39153,1849541,0.227522,8129050
3,2021-03-02,77998,2807603,38556,1425010,39434,1382556,8,37,45688,965236,0.118739,32177,932070,0.114659,47765,1897306,0.233398,8129050
3,2021-03-03,88992,2896595,42706,1467716,46267,1428823,19,56,49948,978623,0.120386,38851,970921,0.119438,52238,1949544,0.239824,8129050
3,2021-03-04,92971,2989566,45583,1513299,47368,1476191,20,76,52950,994055,0.122284,39815,1010736,0.124336,55247,2004791,0.246621,8129050
3,2021-03-05,89384,3078950,43940,1557239,45154,1521345,290,366,54611,1016633,0.125062,34554,1045290,0.128587,57132,2061923,0.253649,8129050
3,2021-03-06,64934,3143884,32914,1590153,29875,1551220,2145,2511,37294,1030044,0.126711,27507,1072797,0.131971,40918,2102841,0.258682,8129050
3,2021-03-07,37483,3181367,22379,1612532,13959,1565179,1145,3656,21624,1038181,0.127712,15803,1088600,0.133915,23940,2126781,0.261627,8129050
3,2021-03-08,58948,3240315,28211,1640743,27874,1593053,2863,6519,37444,1058695,0.130236,21357,1109957,0.136542,41871,2168652,0.266778,8129050
3,2021-03-09,76413,3316728,35455,1676198,36590,1629643,4368,10887,41222,1070394,0.131675,35072,1145029,0.140856,46771,2215423,0.272532,8129050
3,2021-03-10,82553,3399281,41302,1717500,35176,1664819,6075,16962,43156,1081841,0.133083,39195,1184224,0.145678,50642,2266065,0.278761,8129050
3,2021-03-11,96745,3496026,47410,1764910,40784,1705603,8551,25513,47486,1089974,0.134084,49009,1233233,0.151707,57142,2323207,0.285791,8129050
3,2021-03-12,101682,3597708,45393,1810303,44444,1750047,11845,37358,46589,1094709,0.134666,54881,1288114,0.158458,59616,2382823,0.293124,8129050
3,2021-03-13,69736,3667444,29659,1839962,32850,1782897,7227,44585,36658,1106999,0.136178,32970,1321084,0.162514,45260,2428083,0.298692,8129050
3,2021-03-14,40790,3708234,21554,1861516,15676,1798573,3560,48145,20819,1112111,0.136807,19900,1340984,0.164962,25012,2453095,0.301769,8129050
3,2021-03-15,75360,3783594,35816,1897332,35008,1833581,4536,52681,39830,1122155,0.138043,35336,1376320,0.169309,45380,2498475,0.307351,8129050
3,2021-03-16,94819,3878413,43746,1941078,46754,1880335,4319,57000,53619,1140039,0.140243,40988,1417308,0.174351,58872,2557347,0.314594,8129050
3,2021-03-17,97994,3976407,47688,1988766,45802,1926137,4504,61504,59806,1167067,0.143567,37965,1455273,0.179021,64993,2622340,0.322589,8129050
3,2021-03-18,103341,4079748,52652,2041418,46192,1972329,4497,66001,59812,1188668,0.146225,43276,1498549,0.184345,64877,2687217,0.33057,8129050
3,2021-03-19,102908,4182656,55269,2096687,43198,2015527,4441,70442,57858,1206744,0.148448,44795,1543344,0.189855,62871,2750088,0.338304,8129050
3,2021-03-20,71391,4254047,36933,2133620,30844,2046371,3614,74056,44283,1228218,0.15109,26934,1570278,0.193169,48408,2798496,0.344259,8129050
3,2021-03-21,36072,4290119,24653,2158273,9917,2056288,1502,75558,22534,1239286,0.152452,13446,1583724,0.194823,24514,2823010,0.347274,8129050
3,2021-03-22,70373,4360492,41400,2199673,26457,2082745,2516,78074,45188,1263032,0.155373,24978,1608702,0.197895,48724,2871734,0.353268,8129050
3,2021-03-23,89552,4450044,49580,2249253,37457,2120202,2515,80589,55299,1287545,0.158388,34012,1642714,0.202079,58525,2930259,0.360468,8129050
3,2021-03-24,98461,4548505,56698,2305951,38875,2159077,2888,83477,56471,1305855,0.160641,41656,1684370,0.207204,59966,2990225,0.367844,8129050
3,2021-03-25,107032,4655537,59497,2365448,44592,2203669,2943,86420,60747,1324220,0.1629,45973,1730343,0.212859,64338,3054563,0.375759,8129050
3,2021-03-26,110164,4765701,59175,2424623,47728,2251397,3261,89681,57382,1333231,0.164008,52484,1782827,0.219316,61495,3116058,0.383324,8129050
3,2021-03-27,74215,4839916,37846,2462469,33827,2285224,2542,92223,36173,1334779,0.164199,37840,1820667,0.22397,39388,3155446,0.388169,8129050
3,2021-03-28,43984,4883900,27819,2490288,15355,2300579,810,93033,22369,1337006,0.164473,21509,1842176,0.226616,23736,3179182,0.391089,8129050
3,2021-03-29,80438,4964338,42034,2532322,36562,2337141,1842,94875,44337,1348130,0.165841,35870,1878046,0.231029,46994,3226176,0.39687,8129050
3,2021-03-30,99972,5064310,49124,2581446,47232,2384373,3616,98491,56240,1365101,0.167929,43491,1921537,0.236379,60462,3286638,0.404308,8129050
3,2021-03-31,104837,5169147,56553,2637999,43453,2427826,4831,103322,56178,1377992,0.169515,48458,1969995,0.24234,61349,3347987,0.411855,8129050
3,2021-04-01,123339,5292486,62397,2700396,51240,2479066,9702,113024,66797,1398645,0.172055,56185,2026180,0.249252,76838,3424825,0.421307,8129050
3,2021-04-02,117731,5410217,57508,2757904,49934,2529000,10289,123313,62459,1416877,0.174298,55016,2081196,0.25602,73248,3498073,0.430318,8129050
3,2021-04-03,75975,5486192,38844,2796748,27913,2556913,9218,132531,37963,1426513,0.175483,37878,2119074,0.260679,47514,3545587,0.436163,8129050
3,2021-04-04,32372,5518564,17295,2814043,10869,2567782,4208,136739,14222,1426910,0.175532,18071,2137145,0.262902,18468,3564055,0.438434,8129050
3,2021-04-05,88895,5607459,45146,2859189,34645,2602427,9104,145843,43533,1435226,0.176555,45160,2182305,0.268458,53476,3617531,0.445013,8129050
3,2021-04-06,113250,5720709,55121,2914310,42980,2645407,15149,160992,53461,1445026,0.177761,59536,2241841,0.275781,69336,3686867,0.453542,8129050
3,2021-04-07,116076,5836785,60094,2974404,39702,2685109,16280,177272,56352,1458456,0.179413,59483,2301324,0.283099,72913,3759780,0.462512,8129050
3,2021-04-08,121310,5958095,60386,3034790,40804,2725913,20120,197392,56367,1471079,0.180966,64656,2365980,0.291052,77279,3837059,0.472018,8129050
3,2021-04-09,118200,6076295,58944,3093734,40153,2766066,19103,216495,52028,1477197,0.181718,65941,2431921,0.299164,72059,3909118,0.480883,8129050
3,2021-04-10,83656,6159951,37841,3131575,30590,2796656,15225,231720,34172,1478102,0.18183,49327,2481248,0.305232,50232,3959350,0.487062,8129050
3,2021-04-11,45085,6205036,24264,3155839,12860,2809516,7961,239681,17277,1476458,0.181627,27723,2508971,0.308643,26079,3985429,0.49027,8129050
3,2021-04-12,83885,6288921,42407,3198246,32717,2842233,8761,248442,38207,1479069,0.181949,45455,2554426,0.314234,48066,4033495,0.496183,8129050
3,2021-04-13,105381,6394302,57100,3255346,48066,2890299,215,248657,55800,1486613,0.182877,49363,2603789,0.320307,56907,4090402,0.503183,8129050
3,2021-04-14,107570,6501872,58806,3314152,48667,2938966,97,248754,53609,1488080,0.183057,53688,2657477,0.326911,55155,4145557,0.509968,8129050
3,2021-04-15,119334,6621206,67165,3381317,52098,2991064,71,248825,64003,1497949,0.184271,55032,2712509,0.333681,64901,4210458,0.517952,8129050
3,2021-04-16,115373,6736579,64728,3446045,50550,3041614,95,248920,60355,1504346,0.185058,54729,2767238,0.340413,61126,4271584,0.525471,8129050
3,2021-04-17,78999,6815578,43249,3489294,35738,3077352,12,248932,44065,1514669,0.186328,34725,2801963,0.344685,45048,4316632,0.531013,8129050
3,2021-04-18,38472,6854050,23263,3512557,15206,3092558,3,248935,18197,1513567,0.186192,20178,2822141,0.347167,19076,4335708,0.53336,8129050
3,2021-04-19,79097,6933147,44085,3556642,34959,3127517,53,248988,35801,1506809,0.185361,43131,2865272,0.352473,36373,4372081,0.537834,8129050
3,2021-04-20,100718,7033865,52976,3609618,47726,3175243,16,249004,48970,1505316,0.185177,51512,2916784,0.35881,50019,4422100,0.543987,8129050
3,2021-04-21,105251,7139116,59060,3668678,46124,3221367,67,249071,49886,1501241,0.184676,55033,2971817,0.36558,50958,4473058,0.550256,8129050
3,2021-04-22,111011,7250127,62341,3731019,48650,3270017,20,249091,47859,1487260,0.182956,62830,3034647,0.373309,48849,4521907,0.556265,8129050
3,2021-04-23,105269,7355396,60162,3791181,45082,3315099,25,249116,46230,1475799,0.181546,58723,3093370,0.380533,47262,4569169,0.562079,8129050
3,2021-04-24,73044,7428440,45215,3836396,27765,3342864,64,249180,35659,1475374,0.181494,37139,3130509,0.385101,36714,4605883,0.566595,8129050
3,2021-04-25,36344,7464784,23392,3859788,12935,3355799,17,249197,18742,1477053,0.181701,17470,3147979,0.387251,19149,4625032,0.568951,8129050
3,2021-04-26,73322,7538106,41335,3901123,31584,3387383,403,249600,31410,1468552,0.180655,41668,3189647,0.392376,33167,4658199,0.573031,8129050
3,2021-04-27,90533,7628639,47471,3948594,41325,3428708,1737,251337,36010,1452845,0.178723,54236,3243883,0.399048,38529,4696728,0.577771,8129050
3,2021-04-28,86125,7714764,48819,3997413,35182,3463890,2124,253461,35311,1440275,0.177176,50551,3294434,0.405267,37981,4734709,0.582443,8129050
3,2021-04-29,88246,7803010,50430,4047843,35623,3499513,2193,255654,31527,1418067,0.174444,56422,3350856,0.412208,34214,4768923,0.586652,8129050
3,2021-04-30,89445,7892455,50274,4098117,36692,3536205,2479,258133,33200,1398276,0.17201,55948,3406804,0.41909,36157,4805080,0.5911,8129050
3,2021-05-01,54739,7947194,34454,4132571,18832,3555037,1453,259586,19701,1385073,0.170386,34842,3441646,0.423376,21639,4826719,0.593762,8129050
3,2021-05-02,26785,7973979,18272,4150843,7502,3562539,1011,260597,9824,1379125,0.169654,16883,3458529,0.425453,10935,4837654,0.595107,8129050
3,2021-05-03,59132,8033111,34545,4185388,22235,3584774,2352,262949,17372,1357449,0.166987,41583,3500112,0.430568,19907,4857561,0.597556,8129050
3,2021-05-04,77144,8110255,44578,4229966,29918,3614692,2648,265597,22466,1328448,0.16342,54407,3554519,0.437261,25406,4882967,0.600681,8129050
3,2021-05-05,78568,8188823,47183,4277149,28697,3643389,2688,268285,21878,1296887,0.159537,56393,3610912,0.444199,24832,4907799,0.603736,8129050
3,2021-05-06,81601,8270424,51184,4328333,27901,3671290,2516,270801,20346,1259486,0.154936,60818,3671730,0.45168,23417,4931216,0.606617,8129050
3,2021-05-07,81259,8351683,50397,4378730,28249,3699539,2613,273414,21595,1224641,0.15065,59344,3731074,0.45898,24499,4955715,0.60963,8129050
3,2021-05-08,50775,8402458,31259,4409989,17819,3717358,1697,275111,13478,1203020,0.14799,37056,3768130,0.463539,15435,4971150,0.611529,8129050
3,2021-05-09,20370,8422828,14795,4424784,4791,3722149,784,275895,5230,1194046,0.146886,15055,3783185,0.465391,6081,4977231,0.612277,8129050
3,2021-05-10,47016,8469844,25019,4449803,20099,3742248,1898,277793,11060,1171495,0.144112,35772,3818957,0.469791,13221,4990452,0.613903,8129050
3,2021-05-11,61804,8531648,33925,4483728,25685,3767933,2194,279987,15312,1143179,0.140629,46274,3865231,0.475484,17958,5008410,0.616113,8129050
3,2021-05-12,63539,8595187,36403,4520131,24745,3792678,2391,282378,16238,1115027,0.137166,47077,3912308,0.481275,18925,5027335,0.618441,8129050
3,2021-05-13,74491,8669678,47090,4567221,25508,3818186,1893,284271,27399,1098073,0.13508,46859,3959167,0.487039,29905,5057240,0.622119,8129050
3,2021-05-14,79494,8749172,50380,4617601,26991,3845177,2123,286394,30991,1083548,0.133293,48241,4007408,0.492974,33716,5090956,0.626267,8129050
3,2021-05-15,61596,8810768,42509,4660110,17883,3863060,1204,287598,25504,1074563,0.132188,35909,4043317,0.497391,26924,5117880,0.629579,8129050
3,2021-05-16,31792,8842560,23827,4683937,7283,3870343,682,288280,12732,1069105,0.131517,18956,4062273,0.499723,13498,5131378,0.63124,8129050
3,2021-05-17,56414,8898974,35844,4719781,18742,3889085,1828,290108,20823,1056618,0.129981,35339,4097612,0.50407,22852,5154230,0.634051,8129050
3,2021-05-18,63760,8962734,37641,4757422,24278,3913363,1841,291949,24038,1043423,0.128357,39465,4137077,0.508925,26270,5180500,0.637282,8129050
3,2021-05-19,63196,9025930,38528,4795950,22940,3936303,1728,293677,24704,1031868,0.126936,38260,4175337,0.513632,26705,5207205,0.640567,8129050
3,2021-05-20,60568,9086498,35412,4831362,23341,3959644,1815,295492,21961,1017650,0.125187,38343,4213680,0.518348,24125,5231330,0.643535,8129050
3,2021-05-21,65249,9151747,39706,4871068,23464,3983108,2079,297571,23458,1002160,0.123281,41505,4255185,0.523454,26015,5257345,0.646735,8129050
3,2021-05-22,45330,9197077,30040,4901108,13832,3996940,1458,299029,18940,996624,0.1226,26201,4281386,0.526677,20665,5278010,0.649278,8129050
3,2021-05-23,20653,9217730,14330,4915438,5676,4002616,647,299676,8965,994742,0.122369,11607,4292993,0.528105,9725,5287735,0.650474,8129050
3,2021-05-24,38528,9256258,22270,4937708,14523,4017139,1735,301411,14228,986784,0.12139,24130,4317123,0.531073,16172,5303907,0.652463,8129050
3,2021-05-25,42451,9298709,23912,4961620,16885,4034024,1654,303065,15133,976716,0.120151,27076,4344199,0.534404,17008,5320915,0.654556,8129050
3,2021-05-26,42078,9340787,24107,4985727,16260,4050284,1711,304776,15835,968439,0.119133,25966,4370165,0.537598,17689,5338604,0.656732,8129050
3,2021-05-27,39159,9379946,21957,5007684,15460,4065744,1742,306518,15453,962489,0.118401,23557,4393722,0.540496,17607,5356211,0.658898,8129050
3,2021-05-28,42468,9422414,24017,5031701,16670,4082414,1781,308299,17708,957864,0.117832,24576,4418298,0.54352,19951,5376162,0.661352,8129050
3,2021-05-29,23285,9445699,14208,5045909,8246,4090660,831,309130,10917,957722,0.117815,12252,4430550,0.545027,12110,5388272,0.662842,8129050
3,2021-05-30,10505,9456204,6808,5052717,3064,4093724,633,309763,4425,956914,0.117715,6013,4436563,0.545766,5205,5393477,0.663482,8129050
3,2021-05-31,4603,9460807,2652,5055369,1683,4095407,268,310031,1448,955539,0.117546,3126,4439689,0.546151,1751,5395228,0.663697,8129050
3,2021-06-01,37475,9498282,21594,5076963,14458,4109865,1423,311454,13173,946828,0.116475,24098,4463787,0.549115,15387,5410615,0.66559,8129050
3,2021-06-02,31343,9529625,17998,5094961,11931,4121796,1414,312868,11656,940724,0.115724,19489,4483276,0.551513,13385,5424000,0.667237,8129050
3,2021-06-03,39381,9569006,26941,5121902,11020,4132816,1420,314288,11484,926170,0.113933,27726,4511002,0.554924,13172,5437172,0.668857,8129050
3,2021-06-04,45893,9614899,32474,5154376,11888,4144704,1531,315819,13096,908677,0.111781,32571,4543573,0.55893,15078,5452250,0.670712,8129050
3,2021-06-05,34078,9648977,25697,5180073,7203,4151907,1178,316997,8716,893618,0.109929,25164,4568737,0.562026,10105,5462355,0.671955,8129050
3,2021-06-06,14430,9663407,12042,5192115,1810,4153717,578,317575,4051,888098,0.10925,10325,4579062,0.563296,4805,5467160,0.672546,8129050
3,2021-06-07,30168,9693575,21936,5214051,6968,4160685,1264,318839,8794,877060,0.107892,21241,4600303,0.565909,10203,5477363,0.673801,8129050
3,2021-06-08,34137,9727712,24538,5238589,8319,4169004,1280,320119,10121,864889,0.106395,23807,4624110,0.568838,11636,5488999,0.675233,8129050
3,2021-06-09,32729,9760441,23756,5262345,7691,4176695,1282,321401,8865,851509,0.104749,23702,4647812,0.571753,10322,5499321,0.676502,8129050
3,2021-06-10,32245,9792686,23278,5285623,7445,4184140,1522,322923,9051,839237,0.103239,23056,4670868,0.57459,10784,5510105,0.677829,8129050
3,2021-06-11,35162,9827848,24838,5310461,8970,4193110,1354,324277,10470,826739,0.101702,24507,4695375,0.577604,12009,5522114,0.679306,8129050
3,2021-06-12,25013,9852861,18858,5329319,5260,4198370,895,325172,6725,816338,0.100422,18176,4713551,0.57984,7775,5529889,0.680263,8129050
3,2021-06-13,10033,9862894,7491,5336810,2050,4200420,492,325664,2433,811781,0.099862,7552,4721103,0.580769,2995,5532884,0.680631,8129050
3,2021-06-14,25599,9888493,18319,5355129,5881,4206301,1399,327063,8334,804523,0.098969,17140,4738243,0.582878,9882,5542766,0.681847,8129050
3,2021-06-15,28480,9916973,19294,5374423,7703,4214004,1483,328546,9709,797324,0.098083,18556,4756799,0.585161,11357,5554123,0.683244,8129050
3,2021-06-16,25500,9942473,18068,5392491,6049,4220053,1383,329929,8680,790894,0.097292,16651,4773450,0.587209,10221,5564344,0.684501,8129050
3,2021-06-17,24338,9966811,17536,5410027,5662,4225715,1140,331069,8554,785094,0.096579,15636,4789086,0.589132,9836,5574180,0.685711,8129050
3,2021-06-18,27352,9994163,19417,5429444,6539,4232254,1396,332465,9699,778908,0.095818,17445,4806531,0.591278,11259,5585439,0.687096,8129050
3,2021-06-19,15642,10009805,11528,5440972,3353,4235607,761,333226,5677,775629,0.095414,9828,4816359,0.592487,6549,5591988,0.687902,8129050
3,2021-06-20,6825,10016630,5126,5446098,1401,4237008,298,333524,2603,774410,0.095265,4174,4820533,0.593001,2955,5594943,0.688265,8129050
3,2021-06-21,15846,10032476,10091,5456189,4525,4241533,1230,334754,8025,776048,0.095466,7739,4828272,0.593953,9377,5604320,0.689419,8129050
3,2021-06-22,21511,10053987,15190,5471379,5231,4246764,1090,335844,8166,772218,0.094995,13233,4841505,0.595581,9403,5613723,0.690576,8129050
3,2021-06-23,19363,10073350,13764,5485143,4536,4251300,1063,336907,7815,769791,0.094696,11447,4852952,0.596989,9020,5622743,0.691685,8129050
3,2021-06-24,18551,10091901,13115,5498258,4348,4255648,1088,337995,7324,767196,0.094377,11108,4864060,0.598355,8513,5631256,0.692732,8129050
3,2021-06-25,12178,10104079,8647,5506905,2612,4258260,919,338914,4403,764864,0.09409,7718,4871778,0.599305,5386,5636642,0.693395,8129050
4,2020-12-15,454,454,454,454,0,0,0,0,454,454,5.6e-05,0,0,0.0,454,454,5.6e-05,8037679
4,2020-12-16,3005,3459,3005,3459,0,0,0,0,3005,3459,0.00043,0,0,0.0,3005,3459,0.00043,8037679
4,2020-12-17,8894,12353,8894,12353,0,0,0,0,8894,12353,0.001537,0,0,0.0,8894,12353,0.001537,8037679
4,2020-12-18,16116,28469,16105,28458,11,11,0,0,16116,28469,0.003542,0,0,0.0,16116,28469,0.003542,8037679
4,2020-12-19,10347,38816,10338,38796,9,20,0,0,10282,38751,0.004821,0,0,0.0,10282,38751,0.004821,8037679
4,2020-12-20,7392,46208,7385,46181,7,27,0,0,7347,46098,0.005735,0,0,0.0,7347,46098,0.005735,8037679
4,2020-12-21,16352,62560,16326,62507,26,53,0,0,16286,62383,0.007761,1,1,0.0,16286,62384,0.007761,8037679
4,2020-12-22,17162,79722,16426,78933,736,789,0,0,17113,79492,0.00989,4,5,1e-06,17113,79497,0.009891,8037679
4,2020-12-23,17064,96786,14358,93291,2706,3495,0,0,17032,96522,0.012009,2,7,1e-06,17032,96529,0.01201,8037679
4,2020-12-24,8522,105308,5951,99242,2571,6066,0,0,8521,105042,0.013069,1,8,1e-06,8521,105050,0.01307,8037679
4,2020-12-25,905,106213,799,100041,106,6172,0,0,905,105947,0.013181,0,8,1e-06,905,105955,0.013182,8037679
4,2020-12-26,6164,112377,3887,103928,2277,8449,0,0,6164,112111,0.013948,0,8,1e-06,6164,112119,0.013949,8037679
4,2020-12-27,3433,115810,2000,105928,1433,9882,0,0,3433,115544,0.014375,0,8,1e-06,3433,115552,0.014376,8037679
4,2020-12-28,15057,130867,9294,115222,5763,15645,0,0,15029,130572,0.016245,1,9,1e-06,15029,130581,0.016246,8037679
4,2020-12-29,15338,146205,8497,123719,6841,22486,0,0,15304,145876,0.018149,0,9,1e-06,15304,145885,0.01815,8037679
4,2020-12-30,18910,165115,11063,134782,7847,30333,0,0,18899,164773,0.0205,2,11,1e-06,18899,164784,0.020501,8037679
4,2020-12-31,8254,173369,3341,138123,4913,35246,0,0,8242,173006,0.021524,9,20,2e-06,8242,173026,0.021527,8037679
4,2021-01-01,1476,174845,649,138772,827,36073,0,0,1474,174478,0.021708,2,22,3e-06,1474,174500,0.02171,8037679
4,2021-01-02,5711,180556,3222,141994,2489,38562,0,0,5710,180187,0.022418,1,23,3e-06,5710,180210,0.022421,8037679
4,2021-01-03,2136,182692,1265,143259,871,39433,0,0,2120,182303,0.022681,4,27,3e-06,2120,182330,0.022684,8037679
4,2021-01-04,12919,195611,6995,150254,5924,45357,0,0,12871,195145,0.024279,29,56,7e-06,12871,195201,0.024286,8037679
4,2021-01-05,16867,212478,9989,160243,6878,52235,0,0,14683,207683,0.025839,2158,2214,0.000275,14696,209897,0.026114,8037679
4,2021-01-06,21561,234039,13215,173458,8346,60581,0,0,15501,217191,0.027022,6007,8221,0.001023,15515,225412,0.028044,8037679
4,2021-01-07,27900,261939,16999,190457,10901,71482,0,0,16677,222723,0.02771,11163,19384,0.002412,16695,242107,0.030122,8037679
4,2021-01-08,32751,294690,21016,211473,11735,83217,0,0,18264,226591,0.028191,14415,33799,0.004205,18283,260390,0.032396,8037679
4,2021-01-09,16268,310958,9629,221102,6639,89856,0,0,9453,229265,0.028524,6790,40589,0.00505,9464,269854,0.033574,8037679
4,2021-01-10,8744,319702,5648,226750,3096,92952,0,0,4129,228809,0.028467,4593,45182,0.005621,4137,273991,0.034088,8037679
4,2021-01-11,33395,353097,21890,248640,11505,104457,0,0,18820,233142,0.029006,14530,59712,0.007429,18863,292854,0.036435,8037679
4,2021-01-12,38523,391620,22222,270862,16301,120758,0,0,24225,243181,0.030255,14226,73938,0.009199,24265,317119,0.039454,8037679
4,2021-01-13,38683,430303,19094,289956,19589,140347,0,0,27307,259198,0.032248,11319,85257,0.010607,27336,344455,0.042855,8037679
4,2021-01-14,39169,469472,15026,304982,24143,164490,0,0,31993,284097,0.035346,7124,92381,0.011493,32023,376478,0.046839,8037679
4,2021-01-15,45304,514776,15729,320711,29575,194065,0,0,39669,318212,0.03959,5576,97957,0.012187,39691,416169,0.051777,8037679
4,2021-01-16,28664,543440,9377,330088,19287,213352,0,0,25513,340631,0.042379,3112,101069,0.012574,25531,441700,0.054954,8037679
4,2021-01-17,19050,562490,6670,336758,12380,225732,0,0,17520,356663,0.044374,1502,102571,0.012761,17534,459234,0.057135,8037679
4,2021-01-18,29447,591937,13643,350401,15804,241536,0,0,23461,374255,0.046563,5895,108466,0.013495,23487,482721,0.060057,8037679
4,2021-01-19,46103,638040,23174,373575,22929,264465,0,0,36734,401750,0.049983,9313,117779,0.014653,36808,519529,0.064637,8037679
4,2021-01-20,51918,689958,27501,401076,24417,288882,0,0,41453,432897,0.053858,10366,128145,0.015943,41513,561042,0.069801,8037679
4,2021-01-21,56669,746627,25017,426093,31652,320534,0,0,50193,476727,0.059312,6406,134551,0.01674,50236,611278,0.076052,8037679
4,2021-01-22,55211,801838,22132,448225,33079,353613,0,0,50080,521800,0.064919,5034,139585,0.017366,50107,661385,0.082286,8037679
4,2021-01-23,39647,841485,17408,465633,22239,375852,0,0,35310,552811,0.068777,4328,143913,0.017905,35339,696724,0.086682,8037679
4,2021-01-24,23920,865405,10469,476102,13451,389303,0,0,22021,572960,0.071284,1889,145802,0.01814,22038,718762,0.089424,8037679
4,2021-01-25,47927,913332,22100,498202,25827,415130,0,0,36818,598758,0.074494,11075,156877,0.019518,36873,755635,0.094012,8037679
4,2021-01-26,56770,970102,28902,527104,27868,442998,0,0,44508,631119,0.07852,12207,169084,0.021036,44568,800203,0.099556,8037679
4,2021-01-27,56135,1026237,26687,553791,29448,472446,0,0,45140,665390,0.082784,10921,180005,0.022395,45192,845395,0.105179,8037679
4,2021-01-28,56500,1082737,25481,579272,31019,503465,0,0,46503,702027,0.087342,9911,189916,0.023628,46548,891943,0.11097,8037679
4,2021-01-29,56474,1139211,27067,606339,29407,532872,0,0,46079,737898,0.091805,10241,200157,0.024902,46112,938055,0.116707,8037679
4,2021-01-30,38030,1177241,17151,623490,20879,553751,0,0,32649,765258,0.095209,5313,205470,0.025563,32673,970728,0.120772,8037679
4,2021-01-31,23836,1201077,12481,635971,11355,565106,0,0,22202,785867,0.097773,1610,207080,0.025764,22219,992947,0.123537,8037679
4,2021-02-01,49732,1250809,24030,660001,25702,590808,0,0,38067,812354,0.101068,11620,218700,0.027209,38107,1031054,0.128278,8037679
4,2021-02-02,55480,1306289,25526,685527,29954,620762,0,0,42615,842215,0.104783,12797,231497,0.028801,42658,1073712,0.133585,8037679
4,2021-02-03,62049,1368338,30449,715976,31600,652362,0,0,47761,875856,0.108969,14175,245672,0.030565,47816,1121528,0.139534,8037679
4,2021-02-04,67626,1435964,31482,747458,36144,688506,0,0,50863,910214,0.113243,16609,262281,0.032631,50967,1172495,0.145875,8037679
4,2021-02-05,73024,1508988,33790,781248,39234,727740,0,0,50946,939475,0.116884,21821,284102,0.035346,51082,1223577,0.15223,8037679
4,2021-02-06,48213,1557201,26120,807368,22093,749833,0,0,36711,964921,0.12005,11465,295567,0.036773,36911,1260488,0.156822,8037679
4,2021-02-07,26360,1583561,17388,824756,8972,758805,0,0,19974,978773,0.121773,6358,301925,0.037564,20210,1280698,0.159337,8037679
4,2021-02-08,58464,1642025,30063,854819,28401,787206,0,0,38016,996732,0.124007,20318,322243,0.040092,38277,1318975,0.164099,8037679
4,2021-02-09,67142,1709167,34161,888980,32981,820187,0,0,39391,1008858,0.125516,27670,349913,0.043534,39796,1358771,0.16905,8037679
4,2021-02-10,77358,1786525,38666,927646,38692,858879,0,0,41032,1014349,0.126199,36087,386000,0.048024,41578,1400349,0.174223,8037679
4,2021-02-11,81195,1867720,42323,969969,38872,897751,0,0,41939,1017929,0.126645,39027,425027,0.052879,42607,1442956,0.179524,8037679
4,2021-02-12,84495,1952215,37870,1007839,46625,944376,0,0,43485,1021405,0.127077,40801,465828,0.057956,44277,1487233,0.185033,8037679
4,2021-02-13,58619,2010834,29761,1037600,28858,973234,0,0,29858,1023534,0.127342,28630,494458,0.061518,30759,1517992,0.188859,8037679
4,2021-02-14,36763,2047597,19074,1056674,17689,990923,0,0,18855,1025193,0.127548,17854,512312,0.063739,19513,1537505,0.191287,8037679
4,2021-02-15,46168,2093765,21610,1078284,24558,1015481,0,0,23743,1027759,0.127868,22355,534667,0.06652,24921,1562426,0.194388,8037679
4,2021-02-16,79959,2173724,36618,1114902,43341,1058822,0,0,40720,1030571,0.128217,39130,573797,0.071388,41942,1604368,0.199606,8037679
4,2021-02-17,81304,2255028,38387,1153289,42917,1101739,0,0,38699,1027970,0.127894,42428,616225,0.076667,39827,1644195,0.204561,8037679
4,2021-02-18,83161,2338189,45731,1199020,37430,1139169,0,0,38480,1023422,0.127328,44508,660733,0.082204,39960,1684155,0.209533,8037679
4,2021-02-19,82478,2420667,51858,1250878,30620,1169789,0,0,41278,1024351,0.127444,41040,701773,0.08731,41969,1726124,0.214754,8037679
4,2021-02-20,48982,2469649,32656,1283534,16326,1186115,0,0,26765,1029665,0.128105,22145,723918,0.090066,27459,1753583,0.21817,8037679
4,2021-02-21,29312,2498961,23542,1307076,5770,1191885,0,0,14127,1028960,0.128017,15117,739035,0.091946,14412,1767995,0.219963,8037679
4,2021-02-22,53085,2552046,36448,1343524,16637,1208522,0,0,25765,1027950,0.127891,27222,766257,0.095333,26212,1794207,0.223225,8037679
4,2021-02-23,73893,2625939,40936,1384460,32957,1241479,0,0,32554,1020977,0.127024,41201,807458,0.100459,34228,1828435,0.227483,8037679
4,2021-02-24,88612,2714551,46767,1431227,41845,1283324,0,0,40057,1014844,0.126261,48346,855804,0.106474,42213,1870648,0.232735,8037679
4,2021-02-25,99814,2814365,52095,1483322,47719,1331043,0,0,47848,1013445,0.126087,51809,907613,0.11292,50410,1921058,0.239007,8037679
4,2021-02-26,106307,2920672,53669,1536991,52638,1383681,0,0,54522,1018766,0.126749,51555,959168,0.119334,56876,1977934,0.246083,8037679
4,2021-02-27,76953,2997625,41899,1578890,35047,1418728,7,7,41330,1026098,0.127661,35482,994650,0.123748,42814,2020748,0.251409,8037679
4,2021-02-28,47342,3044967,29386,1608276,17949,1436677,7,14,26537,1032868,0.128503,20659,1015309,0.126319,27429,2048177,0.254822,8037679
4,2021-03-01,77716,3122683,45626,1653902,32053,1468730,37,51,42932,1042502,0.129702,34527,1049836,0.130614,44161,2092338,0.260316,8037679
4,2021-03-02,85085,3207768,48964,1702866,36113,1504843,8,59,50349,1060075,0.131888,34574,1084410,0.134916,52147,2144485,0.266804,8037679
4,2021-03-03,100171,3307939,53312,1756178,46845,1551688,14,73,56005,1073901,0.133608,43961,1128371,0.140385,57787,2202272,0.273994,8037679
4,2021-03-04,96998,3404937,53820,1809998,43160,1594848,18,91,53405,1085719,0.135079,43381,1171752,0.145782,55199,2257471,0.280861,8037679
4,2021-03-05,94330,3499267,50925,1860923,43090,1637938,315,406,55990,1105820,0.13758,38132,1209884,0.150527,58233,2315704,0.288106,8037679
4,2021-03-06,76123,3575390,42930,1903853,30576,1668514,2617,3023,46832,1127432,0.140268,29178,1239062,0.154157,50790,2366494,0.294425,8037679
4,2021-03-07,42662,3618052,27250,1931103,14225,1682739,1187,4210,25612,1138330,0.141624,16986,1256048,0.15627,27884,2394378,0.297894,8037679
4,2021-03-08,66485,3684537,34891,1965994,28402,1711141,3192,7402,43931,1164360,0.144863,22432,1278480,0.159061,48462,2442840,0.303924,8037679
4,2021-03-09,81156,3765693,41169,2007163,34852,1745993,5135,12537,43831,1177278,0.14647,37164,1315644,0.163685,50082,2492922,0.310154,8037679
4,2021-03-10,90966,3856659,46966,2054129,36570,1782563,7430,19967,45958,1186795,0.147654,44840,1360484,0.169263,54357,2547279,0.316917,8037679
4,2021-03-11,100531,3957190,52859,2106988,39281,1821844,8391,28358,46501,1189007,0.147929,53806,1414290,0.175958,56018,2603297,0.323887,8037679
4,2021-03-12,104519,4061709,51552,2158540,42709,1864553,10258,38616,44651,1185276,0.147465,59620,1473910,0.183375,55889,2659186,0.33084,8037679
4,2021-03-13,81079,4142788,37818,2196358,34857,1899410,8404,47020,38117,1190105,0.148066,42837,1516747,0.188705,47666,2706852,0.33677,8037679
4,2021-03-14,49577,4192365,28386,2224744,17568,1916978,3623,50643,23271,1191417,0.148229,26219,1542966,0.191967,27531,2734383,0.340196,8037679
4,2021-03-15,83602,4275967,45010,2269754,34346,1951324,4246,54889,42693,1198513,0.149112,40691,1583657,0.197029,47787,2782170,0.346141,8037679
4,2021-03-16,107555,4383522,55920,2325674,48239,1999563,3396,58285,57140,1209559,0.150486,50194,1633851,0.203274,61240,2843410,0.35376,8037679
4,2021-03-17,106693,4490215,57540,2383214,45664,2045227,3489,61774,62698,1232566,0.153348,43746,1677597,0.208717,66753,2910163,0.362065,8037679
4,2021-03-18,106995,4597210,59356,2442570,43957,2089184,3682,65456,61025,1252003,0.155767,45709,1723306,0.214403,65146,2975309,0.37017,8037679
4,2021-03-19,111401,4708611,64112,2506682,42105,2131289,5184,70640,63739,1273901,0.158491,47431,1770737,0.220305,69329,3044638,0.378796,8037679
4,2021-03-20,83474,4792085,49012,2555694,31467,2162756,2995,73635,51282,1296437,0.161295,32057,1802794,0.224293,54593,3099231,0.385588,8037679
4,2021-03-21,48105,4840190,34927,2590621,10921,2173677,2257,75892,28502,1308065,0.162742,19489,1822283,0.226718,31117,3130348,0.389459,8037679
4,2021-03-22,82392,4922582,53869,2644490,25790,2199467,2733,78625,51363,1332068,0.165728,30812,1853095,0.230551,54815,3185163,0.396279,8037679
4,2021-03-23,104753,5027335,62718,2707208,39880,2239347,2155,80780,62610,1355495,0.168643,41881,1894976,0.235762,65308,3250471,0.404404,8037679
4,2021-03-24,113386,5140721,73207,2780415,37770,2277117,2409,83189,64171,1373735,0.170912,48800,1943776,0.241833,67040,3317511,0.412745,8037679
4,2021-03-25,116947,5257668,72013,2852428,42546,2319663,2388,85577,67147,1394410,0.173484,49343,1993119,0.247972,70018,3387529,0.421456,8037679
4,2021-03-26,119596,5377264,72618,2925046,43941,2363604,3037,88614,65653,1410096,0.175436,53605,2046724,0.254641,69291,3456820,0.430077,8037679
4,2021-03-27,91534,5468798,54246,2979292,35502,2399106,1786,90400,46426,1413926,0.175912,44870,2091594,0.260224,48700,3505520,0.436136,8037679
4,2021-03-28,55577,5524375,36729,3016021,17980,2417086,868,91268,29621,1418944,0.176537,25805,2117399,0.263434,30823,3536343,0.439971,8037679
4,2021-03-29,93466,5617841,56028,3072049,35360,2452446,2078,93346,50809,1429959,0.177907,42428,2159827,0.268713,53443,3589786,0.44662,8037679
4,2021-03-30,117031,5734872,63836,3135885,49033,2501479,4162,97508,69604,1456948,0.181265,47215,2207042,0.274587,74204,3663990,0.455852,8037679
4,2021-03-31,120906,5855778,71362,3207247,43222,2544701,6322,103830,67903,1478722,0.183974,52672,2259714,0.28114,74446,3738436,0.465114,8037679
4,2021-04-01,142348,5998126,81227,3288474,47916,2592617,13205,117035,83946,1518105,0.188874,57992,2317706,0.288355,97375,3835811,0.477229,8037679
4,2021-04-02,136478,6134604,72957,3361431,49981,2642598,13540,130575,79048,1553893,0.193326,57148,2374854,0.295465,92936,3928747,0.488791,8037679
4,2021-04-03,101137,6235741,54081,3415512,33671,2676269,13385,143960,52723,1572052,0.195585,48221,2423075,0.301465,66380,3995127,0.49705,8037679
4,2021-04-04,46834,6282575,24721,3440233,14598,2690867,7515,151475,20435,1573750,0.195797,26295,2449370,0.304736,27993,4023120,0.500533,8037679
4,2021-04-05,109184,6391759,61431,3501664,34982,2725849,12771,164246,57021,1592173,0.198089,51969,2501339,0.311202,70392,4093512,0.50929,8037679
4,2021-04-06,138666,6530425,78063,3579727,40883,2766732,19720,183966,72158,1618407,0.201353,66284,2567623,0.319448,92518,4186030,0.520801,8037679
4,2021-04-07,137329,6667754,77849,3657576,38793,2805525,20687,204653,71189,1644710,0.204625,65899,2633522,0.327647,92202,4278232,0.532272,8037679
4,2021-04-08,139862,6807616,77984,3735560,36467,2841992,25411,230064,69562,1670316,0.207811,70019,2703541,0.336358,95625,4373857,0.544169,8037679
4,2021-04-09,137492,6945108,75502,3811062,39054,2881046,22936,253000,65687,1688403,0.210061,71589,2775130,0.345265,89676,4463533,0.555326,8037679
4,2021-04-10,103212,7048320,51180,3862242,33205,2914251,18827,271827,46429,1698155,0.211274,56576,2831706,0.352304,66328,4529861,0.563578,8037679
4,2021-04-11,62327,7110647,38023,3900265,13148,2927399,11156,282983,27352,1702885,0.211863,34877,2866583,0.356643,39607,4569468,0.568506,8037679
4,2021-04-12,102662,7213309,62441,3962706,30095,2957494,10126,293109,51778,1715417,0.213422,50597,2917180,0.362938,63129,4632597,0.57636,8037679
4,2021-04-13,130164,7343473,81665,4044371,48335,3005829,164,293273,78006,1742566,0.2168,51882,2969062,0.369393,79031,4711628,0.586193,8037679
4,2021-04-14,135326,7478799,86242,4130613,49009,3054838,75,293348,74987,1758840,0.218824,60018,3029080,0.37686,76292,4787920,0.595684,8037679
4,2021-04-15,156038,7634837,103892,4234505,52082,3106920,64,293412,95868,1795708,0.223411,59825,3088905,0.384303,96693,4884613,0.607714,8037679
4,2021-04-16,143389,7778226,90937,4325442,52374,3159294,78,293490,83490,1820387,0.226482,59611,3148516,0.39172,84290,4968903,0.618201,8037679
4,2021-04-17,100827,7879053,63679,4389121,37124,3196418,24,293514,59203,1839404,0.228848,41358,3189874,0.396865,60375,5029278,0.625713,8037679
4,2021-04-18,56253,7935306,38236,4427357,18014,3214432,3,293517,31972,1848176,0.229939,24159,3214033,0.399871,32931,5062209,0.62981,8037679
4,2021-04-19,101261,8036567,66773,4494130,34470,3248902,18,293535,51771,1851306,0.230328,49259,3263292,0.405999,52389,5114598,0.636328,8037679
4,2021-04-20,131380,8167947,78365,4572495,52999,3301901,16,293551,68681,1858672,0.231245,62409,3325701,0.413764,69775,5184373,0.645009,8037679
4,2021-04-21,133656,8301603,87282,4659777,46321,3348222,53,293604,67605,1861696,0.231621,65690,3391391,0.421937,68714,5253087,0.653558,8037679
4,2021-04-22,140298,8441901,93164,4752941,47112,3395334,22,293626,62918,1848721,0.230007,77036,3468427,0.431521,64061,5317148,0.661528,8037679
4,2021-04-23,133656,8575557,87008,4839949,46625,3441959,23,293649,58154,1832891,0.228037,75179,3543606,0.440874,59349,5376497,0.668912,8037679
4,2021-04-24,97409,8672966,66056,4906005,31303,3473262,50,293699,44817,1826506,0.227243,52318,3595924,0.447383,45933,5422430,0.674626,8037679
4,2021-04-25,49594,8722560,35258,4941263,14311,3487573,25,293724,26192,1829899,0.227665,23267,3619191,0.450278,26660,5449090,0.677943,8037679
4,2021-04-26,91385,8813945,59889,5001152,31099,3518672,397,294121,36052,1812632,0.225517,55052,3674243,0.457127,37785,5486875,0.682644,8037679
4,2021-04-27,113166,8927111,69120,5070272,41744,3560416,2302,296423,40863,1784591,0.222028,72007,3746250,0.466086,43966,5530841,0.688114,8037679
4,2021-04-28,103345,9030456,67488,5137760,33349,3593765,2508,298931,37922,1760542,0.219036,65138,3811388,0.47419,41089,5571930,0.693226,8037679
4,2021-04-29,104836,9135292,66952,5204712,35366,3629131,2518,301449,33952,1727054,0.21487,70565,3881953,0.482969,37077,5609007,0.697839,8037679
4,2021-04-30,103692,9238984,65502,5270214,35520,3664651,2670,304119,35564,1698163,0.211275,67780,3949733,0.491402,38889,5647896,0.702677,8037679
4,2021-05-01,68701,9307685,45721,5315935,21228,3685879,1752,305871,19953,1671985,0.208018,48523,3998256,0.497439,22345,5670241,0.705458,8037679
4,2021-05-02,37386,9345071,26529,5342464,9578,3695457,1279,307150,10495,1657119,0.206169,26784,4025040,0.500771,11918,5682159,0.70694,8037679
4,2021-05-03,78159,9423230,54404,5396868,21296,3716753,2459,309609,19166,1620355,0.201595,58758,4083798,0.508082,21994,5704153,0.709677,8037679
4,2021-05-04,100657,9523887,68910,5465778,28994,3745747,2753,312362,22712,1568526,0.195147,77682,4161480,0.517746,25853,5730006,0.712893,8037679
4,2021-05-05,101349,9625236,71479,5537257,27151,3772898,2719,315081,22051,1514608,0.188438,78982,4240462,0.527573,25064,5755070,0.716011,8037679
4,2021-05-06,109373,9734609,81619,5618876,24831,3797729,2923,318004,19384,1448486,0.180212,89552,4330014,0.538714,23430,5778500,0.718926,8037679
4,2021-05-07,103034,9837643,73841,5692717,26517,3824246,2676,320680,20372,1389622,0.172888,82328,4412342,0.548957,23464,5801964,0.721846,8037679
4,2021-05-08,66475,9904118,45499,5738216,19055,3843301,1921,322601,13107,1351847,0.168189,53158,4465500,0.555571,15383,5817347,0.72376,8037679
4,2021-05-09,33418,9937536,27290,5765506,5190,3848491,938,323539,7105,1333771,0.16594,26214,4491714,0.558832,8138,5825485,0.724772,8037679
4,2021-05-10,63234,10000770,42004,5807510,18926,3867417,2304,325843,10943,1295233,0.161145,52100,4543814,0.565314,13562,5839047,0.726459,8037679
4,2021-05-11,79158,10079928,48423,5855933,28562,3895979,2173,328016,14799,1248515,0.155333,64147,4607961,0.573295,17429,5856476,0.728628,8037679
4,2021-05-12,78188,10158116,51884,5907817,23811,3919790,2493,330509,16296,1206054,0.15005,61628,4669589,0.580962,19167,5875643,0.731012,8037679
4,2021-05-13,103743,10261859,76481,5984298,25742,3945532,1520,332029,40306,1185758,0.147525,63129,4732718,0.588816,42833,5918476,0.736341,8037679
4,2021-05-14,104042,10365901,73544,6057842,28371,3973903,2127,334156,40154,1164965,0.144938,63600,4796318,0.596729,42807,5961283,0.741667,8037679
4,2021-05-15,84908,10450809,65679,6123521,17909,3991812,1320,335476,37527,1156943,0.14394,47158,4843476,0.602596,39136,6000419,0.746536,8037679
4,2021-05-16,49298,10500107,39984,6163505,8618,4000430,696,336172,20034,1148679,0.142912,29130,4872606,0.606221,20866,6021285,0.749132,8037679
4,2021-05-17,70125,10570232,51130,6214635,17155,4017585,1840,338012,27612,1136030,0.141338,42325,4914931,0.611486,29676,6050961,0.752824,8037679
4,2021-05-18,80876,10651108,52566,6267201,26569,4044154,1741,339753,28921,1115444,0.138777,51608,4966539,0.617907,31022,6081983,0.756684,8037679
4,2021-05-19,76145,10727253,51525,6318726,22678,4066832,1942,341695,30781,1103348,0.137272,45103,5011642,0.623519,33007,6114990,0.760791,8037679
4,2021-05-20,67605,10794858,43264,6361990,22355,4089187,1986,343681,25266,1088867,0.13547,42073,5053715,0.628753,27592,6142582,0.764223,8037679
4,2021-05-21,73021,10867879,48197,6410187,22964,4112151,1860,345541,25844,1070241,0.133153,46907,5100622,0.634589,28281,6170863,0.767742,8037679
4,2021-05-22,49329,10917208,34606,6444793,13444,4125595,1279,346820,21488,1065541,0.132568,27695,5128317,0.638035,22995,6193858,0.770603,8037679
4,2021-05-23,22741,10939949,16271,6461064,5753,4131348,717,347537,9500,1062741,0.13222,13125,5141442,0.639667,10325,6204183,0.771887,8037679
4,2021-05-24,41716,10981665,26212,6487276,12515,4143863,2989,350526,14556,1053521,0.131073,26964,5168406,0.643022,17744,6221927,0.774095,8037679
4,2021-05-25,44652,11026317,27762,6515038,14078,4157941,2812,353338,15863,1043855,0.12987,28574,5196980,0.646577,18908,6240835,0.776447,8037679
4,2021-05-26,44256,11070573,26590,6541628,15079,4173020,2587,355925,15764,1034084,0.128655,28297,5225277,0.650098,18526,6259361,0.778752,8037679
4,2021-05-27,38669,11109242,23249,6564877,12297,4185317,3123,359048,14593,1028256,0.127929,23897,5249174,0.653071,18069,6277430,0.781,8037679
4,2021-05-28,43020,11152262,27448,6592325,13978,4199295,1594,360642,18795,1025051,0.127531,23995,5273169,0.656056,20790,6298220,0.783587,8037679
4,2021-05-29,23464,11175726,15272,6607597,7258,4206553,934,361576,10808,1024803,0.1275,12540,5285709,0.657616,12292,6310512,0.785116,8037679
4,2021-05-30,11919,11187645,8367,6615964,3028,4209581,524,362100,4964,1023567,0.127346,6901,5292610,0.658475,5665,6316177,0.785821,8037679
4,2021-05-31,3537,11191182,2247,6618211,1132,4210713,158,362258,1132,1022511,0.127215,2373,5294983,0.65877,1317,6317494,0.785985,8037679
4,2021-06-01,39228,11230410,24396,6642607,12393,4223106,2439,364697,13045,1012928,0.126022,25992,5320975,0.662004,16409,6333903,0.788026,8037679
4,2021-06-02,32329,11262739,20210,6662817,9340,4232446,2779,367476,10867,1005666,0.125119,21297,5342272,0.664654,14035,6347938,0.789773,8037679
4,2021-06-03,47749,11310488,36636,6699453,8663,4241109,2450,369926,10383,981659,0.122132,37219,5379491,0.669284,13212,6361150,0.791416,8037679
4,2021-06-04,54436,11364924,43843,6743296,9276,4250385,1317,371243,12802,955229,0.118844,41418,5420909,0.674437,14988,6376138,0.793281,8037679
4,2021-06-05,44392,11409316,38020,6781316,5379,4255764,993,372236,8756,929791,0.115679,35491,5456400,0.678853,10053,6386191,0.794532,8037679
4,2021-06-06,21004,11430320,18741,6800057,1707,4257471,556,372792,4609,919062,0.114344,16297,5472697,0.68088,5568,6391759,0.795224,8037679
4,2021-06-07,38410,11468730,31087,6831144,5416,4262887,1907,374699,8799,900573,0.112044,29490,5502187,0.684549,11001,6402760,0.796593,8037679
4,2021-06-08,40272,11509002,31616,6862760,6129,4269016,2527,377226,9613,882592,0.109807,30482,5532669,0.688342,12501,6415261,0.798148,8037679
4,2021-06-09,38679,11547681,30677,6893437,5652,4274668,2350,379576,7964,862724,0.107335,30555,5563224,0.692143,10687,6425948,0.799478,8037679
4,2021-06-10,36887,11584568,29080,6922517,5204,4279872,2603,382179,8622,846108,0.105268,28119,5591343,0.695641,11503,6437451,0.800909,8037679
4,2021-06-11,37990,11622558,29836,6952353,6145,4286017,2009,384188,9877,830389,0.103312,27967,5619310,0.699121,12248,6449699,0.802433,8037679
4,2021-06-12,26348,11648906,21941,6974294,3700,4289717,707,384895,6111,817293,0.101683,20136,5639446,0.701626,7040,6456739,0.803309,8037679
4,2021-06-13,10726,11659632,8465,6982759,1786,4291503,475,385370,2404,812010,0.101025,8266,5647712,0.702655,2983,6459722,0.80368,8037679
4,2021-06-14,28377,11688009,21241,7004000,4345,4295848,2791,388161,8134,803051,0.099911,20115,5667827,0.705157,11156,6470878,0.805068,8037679
4,2021-06-15,29726,11717735,21036,7025036,5299,4301147,3391,391552,8313,793730,0.098751,21277,5689104,0.707804,11956,6482834,0.806555,8037679
4,2021-06-16,26300,11744035,19812,7044848,3895,4305042,2593,394145,8042,786474,0.097848,18097,5707201,0.710056,10841,6493675,0.807904,8037679
4,2021-06-17,24744,11768779,18317,7063165,3622,4308664,2805,396950,7553,780009,0.097044,17012,5724213,0.712172,10547,6504222,0.809216,8037679
4,2021-06-18,26242,11795021,20707,7083872,4349,4313013,1186,398136,8167,771732,0.096014,17882,5742095,0.714397,9605,6513827,0.810411,8037679
4,2021-06-19,15561,11810582,12613,7096485,2272,4315285,676,398812,5026,767212,0.095452,10389,5752484,0.71569,5869,6519696,0.811142,8037679
4,2021-06-20,7327,11817909,6038,7102523,983,4316268,306,399118,2632,765592,0.09525,4639,5757123,0.716267,3019,6522715,0.811517,8037679
4,2021-06-21,14303,11832212,10373,7112896,2837,4319105,1093,400211,7293,767198,0.09545,6936,5764059,0.71713,8542,6531257,0.81258,8037679
4,2021-06-22,20097,11852309,15693,7128589,3380,4322485,1024,401235,7012,762417,0.094855,12972,5777031,0.718744,8191,6539448,0.813599,8037679
4,2021-06-23,17997,11870306,14151,7142740,2906,4325391,940,402175,6610,758819,0.094408,11276,5788307,0.720147,7678,6547126,0.814554,8037679
4,2021-06-24,16759,11887065,13064,7155804,2777,4328168,918,403093,6230,755691,0.094019,10410,5798717,0.721442,7282,6554408,0.81546,8037679
4,2021-06-25,11427,11898492,8905,7164709,1771,4329939,751,403844,3847,752836,0.093663,7515,5806232,0.722377,4660,6559068,0.81604,8037679
