hpiquartile,administered_date,total_doses,cumulative_total_doses,pfizer_doses,cumulative_pfizer_doses,moderna_doses,cumulative_moderna_doses,jj_doses,cumulative_jj_doses,partially_vaccinated,total_partially_vaccinated,pct_age16pop_partially_vaccinated,fully_vaccinated,cumulative_fully_vaccinated,pct_age16pop_fully_vaccinated,at_least_one_dose,cumulative_at_least_one_dose,pct_age16pop_at_least_one_dose,age16_population
1,2020-12-15,144,144,144,144,0,0,0,0,144,144,1.8e-05,0,0,0.0,144,144,1.8e-05,8051741
1,2020-12-16,1279,1423,1279,1423,0,0,0,0,1279,1423,0.000177,0,0,0.0,1279,1423,0.000177,8051741
1,2020-12-17,4102,5525,4102,5525,0,0,0,0,4102,5525,0.000686,0,0,0.0,4102,5525,0.000686,8051741
1,2020-12-18,6071,11596,6028,11553,43,43,0,0,6076,11601,0.001441,0,0,0.0,6076,11601,0.001441,8051741
1,2020-12-19,2782,14378,2782,14335,0,43,0,0,2782,14382,0.001786,1,1,0.0,2782,14383,0.001786,8051741
1,2020-12-20,2037,16415,2034,16369,3,46,0,0,2039,16421,0.002039,0,1,0.0,2039,16422,0.00204,8051741
1,2020-12-21,7858,24273,7845,24214,13,59,0,0,7914,24335,0.003022,0,1,0.0,7914,24336,0.003022,8051741
1,2020-12-22,7388,31661,6945,31159,443,502,0,0,7392,31726,0.00394,1,2,0.0,7392,31728,0.003941,8051741
1,2020-12-23,7588,39249,6325,37484,1263,1765,0,0,7587,39313,0.004883,0,2,0.0,7587,39315,0.004883,8051741
1,2020-12-24,3264,42513,2322,39806,942,2707,0,0,3265,42578,0.005288,0,2,0.0,3265,42580,0.005288,8051741
1,2020-12-25,230,42743,147,39953,83,2790,0,0,230,42808,0.005317,0,2,0.0,230,42810,0.005317,8051741
1,2020-12-26,1328,44071,966,40919,362,3152,0,0,1328,44135,0.005481,1,3,0.0,1328,44138,0.005482,8051741
1,2020-12-27,854,44925,529,41448,325,3477,0,0,855,44990,0.005588,0,3,0.0,855,44993,0.005588,8051741
1,2020-12-28,7184,52109,4978,46426,2206,5683,0,0,7184,52174,0.00648,0,3,0.0,7184,52177,0.00648,8051741
1,2020-12-29,8752,60861,4964,51390,3788,9471,0,0,8748,60920,0.007566,2,5,1e-06,8748,60925,0.007567,8051741
1,2020-12-30,11282,72143,6252,57642,5030,14501,0,0,11302,72222,0.00897,0,5,1e-06,11302,72227,0.00897,8051741
1,2020-12-31,5761,77904,1873,59515,3888,18389,0,0,5939,78161,0.009707,0,5,1e-06,5939,78166,0.009708,8051741
1,2021-01-01,490,78394,159,59674,331,18720,0,0,490,78651,0.009768,0,5,1e-06,490,78656,0.009769,8051741
1,2021-01-02,2732,81126,1619,61293,1113,19833,0,0,2831,81482,0.01012,0,5,1e-06,2831,81487,0.01012,8051741
1,2021-01-03,994,82120,530,61823,464,20297,0,0,995,82476,0.010243,1,6,1e-06,995,82482,0.010244,8051741
1,2021-01-04,7265,89385,3537,65360,3728,24025,0,0,7293,89768,0.011149,1,7,1e-06,7293,89775,0.01115,8051741
1,2021-01-05,10859,100244,5212,70572,5647,29672,0,0,10128,99175,0.012317,782,789,9.8e-05,10189,99964,0.012415,8051741
1,2021-01-06,14011,114255,7109,77681,6902,36574,0,0,12214,109608,0.013613,1787,2576,0.00032,12220,112184,0.013933,8051741
1,2021-01-07,17689,131944,9282,86963,8407,44981,0,0,13325,118703,0.014743,4235,6811,0.000846,13330,125514,0.015588,8051741
1,2021-01-08,20068,152012,10317,97280,9751,54732,0,0,14356,127355,0.015817,5709,12520,0.001555,14361,139875,0.017372,8051741
1,2021-01-09,6484,158496,3261,100541,3223,57955,0,0,4782,130383,0.016193,1758,14278,0.001773,4786,144661,0.017966,8051741
1,2021-01-10,3005,161501,1707,102248,1298,59253,0,0,1852,131090,0.016281,1147,15425,0.001916,1854,146515,0.018197,8051741
1,2021-01-11,18341,179842,12082,114330,6259,65512,0,0,11443,135809,0.016867,6766,22191,0.002756,11485,158000,0.019623,8051741
1,2021-01-12,19197,199039,10755,125085,8442,73954,0,0,13119,142948,0.017754,6057,28248,0.003508,13196,171196,0.021262,8051741
1,2021-01-13,19801,218840,10469,135554,9332,83286,0,0,14835,152810,0.018979,4990,33238,0.004128,14852,186048,0.023107,8051741
1,2021-01-14,22366,241206,9327,144881,13039,96325,0,0,19689,169959,0.021108,2601,35839,0.004451,19750,205798,0.025559,8051741
1,2021-01-15,25363,266569,9512,154393,15851,112176,0,0,23388,191441,0.023776,1971,37810,0.004696,23453,229251,0.028472,8051741
1,2021-01-16,14125,280694,4516,158909,9609,121785,0,0,13378,203981,0.025334,840,38650,0.0048,13380,242631,0.030134,8051741
1,2021-01-17,5949,286643,1931,160840,4018,125803,0,0,5754,209370,0.026003,370,39020,0.004846,5759,248390,0.030849,8051741
1,2021-01-18,14806,301449,8972,169812,5834,131637,0,0,11484,217594,0.027024,3321,42341,0.005259,11545,259935,0.032283,8051741
1,2021-01-19,24159,325608,12845,182657,11314,142951,0,0,19037,231566,0.02876,5109,47450,0.005893,19081,279016,0.034653,8051741
1,2021-01-20,27452,353060,13286,195943,14166,157117,0,0,22113,248389,0.030849,5318,52768,0.006554,22141,301157,0.037403,8051741
1,2021-01-21,31005,384065,14972,210915,16033,173150,0,0,28183,273782,0.034003,2884,55652,0.006912,28277,329434,0.040915,8051741
1,2021-01-22,27218,411283,10887,221802,16331,189481,0,0,25392,297321,0.036926,1873,57525,0.007144,25412,354846,0.044071,8051741
1,2021-01-23,18308,429591,8081,229883,10227,199708,0,0,16459,311928,0.03874,1863,59388,0.007376,16470,371316,0.046116,8051741
1,2021-01-24,6434,436025,4081,233964,2353,202061,0,0,5805,317097,0.039382,640,60028,0.007455,5809,377125,0.046838,8051741
1,2021-01-25,25349,461374,10146,244110,15203,217264,0,0,19885,331600,0.041184,5523,65551,0.008141,20026,397151,0.049325,8051741
1,2021-01-26,28367,489741,13316,257426,15051,232315,0,0,21823,346921,0.043086,6536,72087,0.008953,21857,419008,0.052039,8051741
1,2021-01-27,30877,520618,15328,272754,15549,247864,0,0,23108,362253,0.044991,7807,79894,0.009923,23139,442147,0.054913,8051741
1,2021-01-28,34279,554897,16246,289000,18033,265897,0,0,27821,383429,0.047621,6703,86597,0.010755,27879,470026,0.058376,8051741
1,2021-01-29,33582,588479,16438,305438,17144,283041,0,0,27521,404669,0.050259,6328,92925,0.011541,27568,497594,0.0618,8051741
1,2021-01-30,20536,609015,8600,314038,11936,294977,0,0,18559,421260,0.052319,1976,94901,0.011786,18567,516161,0.064106,8051741
1,2021-01-31,8370,617385,5152,319190,3218,298195,0,0,7941,428466,0.053214,737,95638,0.011878,7943,524104,0.065092,8051741
1,2021-02-01,27878,645263,12060,331250,15818,314013,0,0,20817,442035,0.054899,7252,102890,0.012779,20821,544925,0.067678,8051741
1,2021-02-02,31377,676640,11337,342587,20040,334053,0,0,23653,457972,0.056879,7747,110637,0.013741,23684,568609,0.070619,8051741
1,2021-02-03,38861,715501,14705,357292,24156,358209,0,0,28269,475652,0.059074,10618,121255,0.015059,28298,596907,0.074134,8051741
1,2021-02-04,43936,759437,17001,374293,26935,385144,0,0,32091,495842,0.061582,11946,133201,0.016543,32136,629043,0.078125,8051741
1,2021-02-05,46520,805957,17270,391563,29250,414394,0,0,30813,510928,0.063456,15771,148972,0.018502,30857,659900,0.081957,8051741
1,2021-02-06,26165,832122,10495,402058,15670,430064,0,0,20386,525588,0.065276,5740,154712,0.019215,20400,680300,0.084491,8051741
1,2021-02-07,6024,838146,3836,405894,2188,432252,0,0,4493,528577,0.065648,1521,156233,0.019404,4510,684810,0.085051,8051741
1,2021-02-08,30901,869047,14037,419931,16864,449116,0,0,20579,538838,0.066922,10395,166628,0.020695,20656,705466,0.087617,8051741
1,2021-02-09,37774,906821,16351,436282,21423,470539,0,0,22975,547030,0.067939,14853,181481,0.022539,23045,728511,0.090479,8051741
1,2021-02-10,46221,953042,21686,457968,24535,495074,0,0,26924,554595,0.068879,19431,200912,0.024953,26996,755507,0.093832,8051741
1,2021-02-11,51137,1004179,25506,483474,25631,520705,0,0,30666,564551,0.070115,20802,221714,0.027536,30758,786265,0.097652,8051741
1,2021-02-12,49305,1053484,21025,504499,28280,548985,0,0,28670,572673,0.071124,20674,242388,0.030104,28796,815061,0.101228,8051741
1,2021-02-13,26587,1080071,11009,515508,15578,564563,0,0,15214,576647,0.071618,11316,253704,0.031509,15290,830351,0.103127,8051741
1,2021-02-14,12169,1092240,5297,520805,6872,571435,0,0,6489,577592,0.071735,5655,259359,0.032212,6600,836951,0.103947,8051741
1,2021-02-15,23406,1115646,9179,529984,14227,585662,0,0,14229,582792,0.072381,9191,268550,0.033353,14391,851342,0.105734,8051741
1,2021-02-16,45308,1160954,21618,551602,23690,609352,0,0,27234,591996,0.073524,18217,286767,0.035616,27421,878763,0.10914,8051741
1,2021-02-17,47215,1208169,24053,575655,23162,632514,0,0,26317,597594,0.074219,20932,307699,0.038215,26530,905293,0.112434,8051741
1,2021-02-18,49882,1258051,24824,600479,25058,657572,0,0,26407,600782,0.074615,23518,331217,0.041136,26706,931999,0.115751,8051741
1,2021-02-19,45203,1303254,24440,624919,20763,678335,0,0,26636,608872,0.07562,18609,349826,0.043447,26699,958698,0.119067,8051741
1,2021-02-20,25528,1328782,15524,640443,10004,688339,0,0,14949,613068,0.076141,10830,360656,0.044792,15026,973724,0.120933,8051741
1,2021-02-21,9403,1338185,8325,648768,1078,689417,0,0,5877,615382,0.076428,3711,364367,0.045253,6025,979749,0.121682,8051741
1,2021-02-22,30446,1368631,20660,669428,9786,699203,0,0,19101,622896,0.077362,11774,376141,0.046715,19288,999037,0.124077,8051741
1,2021-02-23,42793,1411424,20554,689982,22239,721442,0,0,24329,629147,0.078138,18474,394615,0.04901,24725,1023762,0.127148,8051741
1,2021-02-24,54231,1465655,26961,716943,27270,748712,0,0,32348,639820,0.079464,22169,416784,0.051763,32842,1056604,0.131227,8051741
1,2021-02-25,64874,1530529,31752,748695,33122,781834,0,0,41271,657807,0.081697,23825,440609,0.054722,41812,1098416,0.13642,8051741
1,2021-02-26,72325,1602854,33729,782424,38596,820430,0,0,48895,683306,0.084864,23859,464468,0.057685,49358,1147774,0.14255,8051741
1,2021-02-27,48362,1651216,20775,803199,27582,848012,5,5,31972,698753,0.086783,16800,481268,0.059772,32247,1180021,0.146555,8051741
1,2021-02-28,18701,1669917,10871,814070,7830,855842,0,5,13711,707283,0.087842,5414,486682,0.060444,13944,1193965,0.148287,8051741
1,2021-03-01,42979,1712896,19294,833364,23679,879521,6,11,28303,720770,0.089517,15112,501794,0.062321,28599,1222564,0.151838,8051741
1,2021-03-02,57310,1770206,23355,856719,33952,913473,3,14,37030,738023,0.09166,20542,522336,0.064872,37795,1260359,0.156532,8051741
1,2021-03-03,69092,1839298,33350,890069,35728,949201,14,28,42181,754282,0.093679,26710,549046,0.06819,42969,1303328,0.161869,8051741
1,2021-03-04,75566,1914864,35197,925266,40339,989540,30,58,48857,777142,0.096519,26578,575624,0.071491,49438,1352766,0.168009,8051741
1,2021-03-05,74344,1989208,32840,958106,41305,1030845,199,257,50136,804324,0.099894,23979,599603,0.074469,51161,1403927,0.174363,8051741
1,2021-03-06,55789,2044997,27243,985349,27215,1058060,1331,1588,38828,828097,0.102847,16967,616570,0.076576,40740,1444667,0.179423,8051741
1,2021-03-07,19154,2064151,12223,997572,6140,1064200,791,2379,14400,838852,0.104183,4736,621306,0.077164,15491,1460158,0.181347,8051741
1,2021-03-08,42196,2106347,20239,1017811,20109,1084309,1848,4227,29394,857780,0.106533,12645,633951,0.078735,31573,1491731,0.185268,8051741
1,2021-03-09,58929,2165276,25748,1043559,30757,1115066,2424,6651,35940,873925,0.108539,22897,656848,0.081578,39042,1530773,0.190117,8051741
1,2021-03-10,70837,2236113,35114,1078673,31620,1146686,4103,10754,44690,897235,0.111434,26025,682873,0.084811,49335,1580108,0.196244,8051741
1,2021-03-11,86350,2322463,40091,1118764,38904,1185590,7355,18109,51650,922349,0.114553,34480,717353,0.089093,59594,1639702,0.203646,8051741
1,2021-03-12,95809,2418272,41753,1160517,41117,1226707,12939,31048,54982,950047,0.117993,40707,758060,0.094149,68405,1708107,0.212141,8051741
1,2021-03-13,63166,2481438,28965,1189482,26615,1253322,7586,38634,40532,975990,0.121215,22540,780600,0.096948,48483,1756590,0.218163,8051741
1,2021-03-14,26757,2508195,14277,1203759,8893,1262215,3587,42221,15801,984629,0.122288,10959,791559,0.098309,19598,1776188,0.220597,8051741
1,2021-03-15,65304,2573499,29634,1233393,28971,1291186,6699,48920,37911,1002543,0.124513,27134,818693,0.101679,45048,1821236,0.226192,8051741
1,2021-03-16,85313,2658812,39263,1272656,40592,1331778,5458,54378,53721,1030798,0.128022,31445,850138,0.105584,59700,1880936,0.233606,8051741
1,2021-03-17,93157,2751969,45883,1318539,40882,1372660,6392,60770,59320,1063305,0.132059,33718,883856,0.109772,66225,1947161,0.241831,8051741
1,2021-03-18,95221,2847190,49702,1368241,39824,1412484,5695,66465,57983,1090821,0.135476,36964,920820,0.114363,64480,2011641,0.249839,8051741
1,2021-03-19,102741,2949931,53387,1421628,42963,1455447,6391,72856,61202,1117742,0.13882,41265,962085,0.119488,68186,2079827,0.258308,8051741
1,2021-03-20,68513,3018444,35860,1457488,27710,1483157,4943,77799,45145,1144918,0.142195,23252,985337,0.122376,50428,2130255,0.264571,8051741
1,2021-03-21,26029,3044473,18055,1475543,6237,1489394,1737,79536,16781,1154536,0.14339,9153,994490,0.123512,18771,2149026,0.266902,8051741
1,2021-03-22,57416,3101889,30303,1505846,24203,1513597,2910,82446,39568,1179706,0.146516,17730,1012220,0.125714,42900,2191926,0.27223,8051741
1,2021-03-23,81826,3183715,41860,1547706,36658,1550255,3308,85754,54008,1210006,0.150279,27660,1039880,0.12915,57960,2249886,0.279429,8051741
1,2021-03-24,87261,3270976,45097,1592803,38039,1588294,4125,89879,52822,1233125,0.15315,34264,1074144,0.133405,57383,2307269,0.286555,8051741
1,2021-03-25,93002,3363978,48135,1640938,39489,1627783,5378,95257,53804,1253672,0.155702,38965,1113109,0.138245,59512,2366781,0.293946,8051741
1,2021-03-26,102469,3466447,49548,1690486,46809,1674592,6112,101369,57624,1273232,0.158131,44594,1157703,0.143783,64154,2430935,0.301914,8051741
1,2021-03-27,71439,3537886,37824,1728310,29995,1704587,3620,104989,37003,1279798,0.158947,34267,1191970,0.148039,40833,2471768,0.306986,8051741
1,2021-03-28,31442,3569328,20584,1748894,9636,1714223,1222,106211,16996,1283968,0.159465,14379,1206349,0.149825,18549,2490317,0.309289,8051741
1,2021-03-29,63805,3633133,32351,1781245,28899,1743122,2555,108766,36844,1296863,0.161066,26838,1233187,0.153158,39733,2530050,0.314224,8051741
1,2021-03-30,89296,3722429,44440,1825685,39356,1782478,5500,114266,51855,1317014,0.163569,37431,1270618,0.157807,57582,2587632,0.321375,8051741
1,2021-03-31,98329,3820758,52475,1878160,40170,1822648,5684,119950,56459,1337628,0.166129,41655,1312273,0.16298,62269,2649901,0.329109,8051741
1,2021-04-01,107027,3927785,51928,1930088,47212,1869860,7887,127837,56437,1351759,0.167884,50377,1362650,0.169237,64508,2714409,0.337121,8051741
1,2021-04-02,106373,4034158,48333,1978421,49018,1918878,9022,136859,54823,1364683,0.169489,51208,1413858,0.175597,64132,2778541,0.345086,8051741
1,2021-04-03,75781,4109939,38944,2017365,27850,1946728,8987,145846,36493,1371170,0.170295,39160,1453018,0.18046,45647,2824188,0.350755,8051741
1,2021-04-04,22607,4132546,11482,2028847,8059,1954787,3066,148912,9857,1371401,0.170324,12715,1465733,0.182039,12946,2837134,0.352363,8051741
1,2021-04-05,72589,4205135,35939,2064786,27859,1982646,8791,157703,34956,1377925,0.171134,37516,1503249,0.186699,44040,2881174,0.357832,8051741
1,2021-04-06,102898,4308033,49927,2114713,36789,2019435,16182,173885,47845,1387326,0.172301,54868,1558117,0.193513,64269,2945443,0.365814,8051741
1,2021-04-07,111045,4419078,54478,2169191,38806,2058241,17761,191646,51433,1397408,0.173554,59417,1617534,0.200892,69499,3014942,0.374446,8051741
1,2021-04-08,119051,4538129,57365,2226556,40788,2099029,20898,212544,54366,1408351,0.174913,64498,1682032,0.208903,75441,3090383,0.383816,8051741
1,2021-04-09,112100,4650229,50256,2276812,42641,2141670,19203,231747,50152,1416226,0.175891,61699,1743731,0.216566,69574,3159957,0.392456,8051741
1,2021-04-10,92640,4742869,41104,2317916,27780,2169450,23756,255503,36211,1420023,0.176362,56277,1800008,0.223555,60074,3220031,0.399917,8051741
1,2021-04-11,35623,4778492,19380,2337296,8902,2178352,7341,262844,14532,1421133,0.1765,21033,1821041,0.226167,22143,3242174,0.402667,8051741
1,2021-04-12,69298,4847790,31009,2368305,28433,2206785,9856,272700,30063,1422184,0.176631,39045,1860086,0.231017,40096,3282270,0.407647,8051741
1,2021-04-13,90256,4938046,47562,2415867,42404,2249189,290,272990,49049,1430895,0.177712,41094,1901180,0.23612,49805,3332075,0.413833,8051741
1,2021-04-14,87428,5025474,44279,2460146,43097,2292286,52,273042,44567,1433453,0.17803,42641,1943821,0.241416,45199,3377274,0.419446,8051741
1,2021-04-15,83936,5109410,45711,2505857,38169,2330455,56,273098,44992,1440427,0.178896,38578,1982399,0.246207,45552,3422826,0.425104,8051741
1,2021-04-16,56507,5165917,30941,2536798,25525,2355980,41,273139,30323,1444865,0.179448,26058,2008457,0.249444,30496,3453322,0.428891,8051741
2,2020-12-15,227,227,227,227,0,0,0,0,233,233,3e-05,0,0,0.0,233,233,3e-05,7897587
2,2020-12-16,1904,2131,1904,2131,0,0,0,0,1913,2146,0.000272,0,0,0.0,1913,2146,0.000272,7897587
2,2020-12-17,6600,8731,6600,8731,0,0,0,0,6646,8792,0.001113,0,0,0.0,6646,8792,0.001113,7897587
2,2020-12-18,10791,19522,10770,19501,21,21,0,0,10850,19642,0.002487,0,0,0.0,10850,19642,0.002487,7897587
2,2020-12-19,5553,25075,5548,25049,5,26,0,0,5555,25197,0.00319,0,0,0.0,5555,25197,0.00319,7897587
2,2020-12-20,4234,29309,4227,29276,7,33,0,0,4230,29427,0.003726,0,0,0.0,4230,29427,0.003726,7897587
2,2020-12-21,12443,41752,12405,41681,38,71,0,0,12434,41861,0.0053,0,0,0.0,12434,41861,0.0053,7897587
2,2020-12-22,11764,53516,11314,52995,450,521,0,0,11767,53628,0.00679,0,0,0.0,11767,53628,0.00679,7897587
2,2020-12-23,11505,65021,9344,62339,2161,2682,0,0,11514,65142,0.008248,0,0,0.0,11514,65142,0.008248,7897587
2,2020-12-24,5768,70789,3414,65753,2354,5036,0,0,5767,70909,0.008979,0,0,0.0,5767,70909,0.008979,7897587
2,2020-12-25,477,71266,401,66154,76,5112,0,0,478,71387,0.009039,0,0,0.0,478,71387,0.009039,7897587
2,2020-12-26,2529,73795,1663,67817,866,5978,0,0,2532,73919,0.00936,0,0,0.0,2532,73919,0.00936,7897587
2,2020-12-27,2204,75999,1193,69010,1011,6989,0,0,2203,76121,0.009639,1,1,0.0,2203,76122,0.009639,7897587
2,2020-12-28,10612,86611,6914,75924,3698,10687,0,0,10613,86733,0.010982,1,2,0.0,10613,86735,0.010982,7897587
2,2020-12-29,12635,99246,7162,83086,5473,16160,0,0,12640,99373,0.012583,0,2,0.0,12640,99375,0.012583,7897587
2,2020-12-30,15402,114648,8755,91841,6647,22807,0,0,15462,114835,0.014541,0,2,0.0,15462,114837,0.014541,7897587
2,2020-12-31,7417,122065,2804,94645,4613,27420,0,0,7505,122339,0.015491,1,3,0.0,7505,122342,0.015491,7897587
2,2021-01-01,1062,123127,512,95157,550,27970,0,0,1065,123403,0.015625,1,4,1e-06,1065,123407,0.015626,7897587
2,2021-01-02,4839,127966,2798,97955,2041,30011,0,0,4836,128239,0.016238,0,4,1e-06,4836,128243,0.016238,7897587
2,2021-01-03,1406,129372,779,98734,627,30638,0,0,1385,129621,0.016413,3,7,1e-06,1385,129628,0.016414,7897587
2,2021-01-04,11582,140954,5485,104219,6097,36735,0,0,11569,141185,0.017877,5,12,2e-06,11569,141197,0.017878,7897587
2,2021-01-05,13465,154419,6806,111025,6659,43394,0,0,12353,152414,0.019299,1133,1145,0.000145,12362,153559,0.019444,7897587
2,2021-01-06,18509,172928,10260,121285,8249,51643,0,0,14869,163624,0.020718,3665,4810,0.000609,14875,168434,0.021327,7897587
2,2021-01-07,22524,195452,12593,133878,9931,61574,0,0,15319,171677,0.021738,7278,12088,0.001531,15331,183765,0.023268,7897587
2,2021-01-08,25751,221203,15813,149691,9938,71512,0,0,15839,177653,0.022495,9878,21966,0.002781,15854,199619,0.025276,7897587
2,2021-01-09,9363,230566,5389,155080,3974,75486,0,0,6109,180467,0.022851,3299,25265,0.003199,6113,205732,0.02605,7897587
2,2021-01-10,5238,235804,2905,157985,2333,77819,0,0,3034,181275,0.022953,2230,27495,0.003481,3038,208770,0.026435,7897587
2,2021-01-11,25430,261234,17470,175455,7960,85779,0,0,14980,185646,0.023507,10626,38121,0.004827,14997,223767,0.028334,7897587
2,2021-01-12,25324,286558,15840,191295,9484,95263,0,0,16139,192539,0.024379,9282,47403,0.006002,16175,239942,0.030382,7897587
2,2021-01-13,27529,314087,14585,205880,12944,108207,0,0,19818,204603,0.025907,7772,55175,0.006986,19836,259778,0.032893,7897587
2,2021-01-14,28955,343042,11243,217123,17712,125919,0,0,24933,225475,0.02855,4076,59251,0.007502,24948,284726,0.036052,7897587
2,2021-01-15,33917,376959,12524,229647,21393,147312,0,0,30796,253132,0.032052,3166,62417,0.007903,30823,315549,0.039955,7897587
2,2021-01-16,17305,394264,5558,235205,11747,159059,0,0,16073,267883,0.03392,1332,63749,0.008072,16083,331632,0.041992,7897587
2,2021-01-17,9950,404214,3507,238712,6443,165502,0,0,9273,276445,0.035004,717,64466,0.008163,9279,340911,0.043166,7897587
2,2021-01-18,18758,422972,10560,249272,8198,173700,0,0,14246,286124,0.036229,4589,69055,0.008744,14268,355179,0.044973,7897587
2,2021-01-19,31393,454365,16582,265854,14811,188511,0,0,23607,301981,0.038237,7860,76915,0.009739,23717,378896,0.047976,7897587
2,2021-01-20,36199,490564,18019,283873,18180,206691,0,0,27668,321163,0.040666,8572,85487,0.010824,27754,406650,0.05149,7897587
2,2021-01-21,39035,529599,16117,299990,22918,229609,0,0,34567,351381,0.044492,4474,89961,0.011391,34692,441342,0.055883,7897587
2,2021-01-22,38724,568323,16218,316208,22506,252115,0,0,35476,383632,0.048576,3256,93217,0.011803,35507,476849,0.060379,7897587
2,2021-01-23,23818,592141,10764,326972,13054,265169,0,0,20908,401680,0.050861,2888,96105,0.012169,20936,497785,0.06303,7897587
2,2021-01-24,12230,604371,6031,333003,6199,271368,0,0,11335,412139,0.052185,886,96991,0.012281,11345,509130,0.064467,7897587
2,2021-01-25,31935,636306,15441,348444,16494,287862,0,0,23490,427232,0.054097,8457,105448,0.013352,23550,532680,0.067448,7897587
2,2021-01-26,38993,675299,19536,367980,19457,307319,0,0,30295,448880,0.056838,8710,114158,0.014455,30358,563038,0.071292,7897587
2,2021-01-27,44004,719303,22497,390477,21507,328826,0,0,34387,473779,0.05999,9540,123698,0.015663,34439,597477,0.075653,7897587
2,2021-01-28,46765,766068,21946,412423,24819,353645,0,0,38461,503964,0.063812,8326,132024,0.016717,38511,635988,0.080529,7897587
2,2021-01-29,44128,810196,21668,434091,22460,376105,0,0,35818,531490,0.067298,8322,140346,0.017771,35848,671836,0.085069,7897587
2,2021-01-30,30670,840866,13430,447521,17240,393345,0,0,27522,555919,0.070391,3123,143469,0.018166,27552,699388,0.088557,7897587
2,2021-01-31,16779,857645,10432,457953,6347,399692,0,0,15590,570348,0.072218,1179,144648,0.018315,15608,714996,0.090533,7897587
2,2021-02-01,39446,897091,19188,477141,20258,419950,0,0,29138,589144,0.074598,10373,155021,0.019629,29169,744165,0.094227,7897587
2,2021-02-02,47185,944276,19826,496967,27359,447309,0,0,35997,613984,0.077743,11251,166272,0.021054,36091,780256,0.098797,7897587
2,2021-02-03,52805,997081,23739,520706,29066,476375,0,0,39502,640163,0.081058,13399,179671,0.02275,39578,819834,0.103808,7897587
2,2021-02-04,54874,1051955,24002,544708,30872,507247,0,0,40337,665958,0.084324,14630,194301,0.024603,40425,860259,0.108927,7897587
2,2021-02-05,58170,1110125,25693,570401,32477,539724,0,0,39831,687568,0.087061,18405,212706,0.026933,40015,900274,0.113994,7897587
2,2021-02-06,38995,1149120,18097,588498,20898,560622,0,0,31536,711777,0.090126,7405,220111,0.027871,31614,931888,0.117997,7897587
2,2021-02-07,15764,1164884,10535,599033,5229,565851,0,0,11929,719948,0.091161,3821,223932,0.028354,11992,943880,0.119515,7897587
2,2021-02-08,41969,1206853,21442,620475,20527,586378,0,0,29194,736539,0.093261,12790,236722,0.029974,29381,973261,0.123235,7897587
2,2021-02-09,47874,1254727,22814,643289,25060,611438,0,0,30321,749495,0.094902,17675,254397,0.032212,30631,1003892,0.127114,7897587
2,2021-02-10,58693,1313420,27729,671018,30964,642402,0,0,34939,760944,0.096351,23832,278229,0.03523,35281,1039173,0.131581,7897587
2,2021-02-11,60353,1373773,27392,698410,32961,675363,0,0,35070,771211,0.097651,25275,303504,0.03843,35542,1074715,0.136081,7897587
2,2021-02-12,63107,1436880,27583,725993,35524,710887,0,0,34287,777206,0.098411,28932,332436,0.042093,34927,1109642,0.140504,7897587
2,2021-02-13,36671,1473551,15411,741404,21260,732147,0,0,21500,783720,0.099235,15360,347796,0.044038,21874,1131516,0.143274,7897587
2,2021-02-14,19160,1492711,9147,750551,10013,742160,0,0,11310,787385,0.099699,8068,355864,0.04506,11733,1143249,0.144759,7897587
2,2021-02-15,31931,1524642,14461,765012,17470,759630,0,0,18161,792675,0.100369,13709,369573,0.046796,18999,1162248,0.147165,7897587
2,2021-02-16,55057,1579699,27507,792519,27550,787180,0,0,29333,797216,0.100944,25673,395246,0.050046,30214,1192462,0.150991,7897587
2,2021-02-17,59825,1639524,30963,823482,28862,816042,0,0,29768,797956,0.101038,30186,425432,0.053869,30926,1223388,0.154907,7897587
2,2021-02-18,63691,1703215,32506,855988,31185,847227,0,0,31301,798218,0.101071,32553,457985,0.05799,32815,1256203,0.159062,7897587
2,2021-02-19,56700,1759915,31824,887812,24876,872103,0,0,28161,798345,0.101087,28735,486720,0.061629,28862,1285065,0.162716,7897587
2,2021-02-20,36416,1796331,23690,911502,12726,884829,0,0,20038,802833,0.101655,16556,503276,0.063725,21044,1306109,0.165381,7897587
2,2021-02-21,17372,1813703,13921,925423,3451,888280,0,0,8730,804194,0.101828,8791,512067,0.064838,10152,1316261,0.166666,7897587
2,2021-02-22,35240,1848943,24157,949580,11083,899363,0,0,16491,803149,0.101695,18809,530876,0.06722,17764,1334025,0.168916,7897587
2,2021-02-23,48078,1897021,25037,974617,23041,922404,0,0,21308,800005,0.101297,27225,558101,0.070667,24081,1358106,0.171965,7897587
2,2021-02-24,64958,1961979,33011,1007628,31947,954351,0,0,29455,797157,0.100937,35673,593774,0.075184,32825,1390931,0.176121,7897587
2,2021-02-25,70562,2032541,32505,1040133,38057,992408,0,0,35843,801589,0.101498,35074,628848,0.079625,39506,1430437,0.181123,7897587
2,2021-02-26,78558,2111099,33870,1074003,44688,1037096,0,0,42548,810220,0.102591,36195,665043,0.084208,44826,1475263,0.186799,7897587
2,2021-02-27,57009,2168108,26199,1100202,30806,1067902,4,4,31641,817486,0.103511,25876,690919,0.087485,33142,1508405,0.190996,7897587
2,2021-02-28,27650,2195758,17009,1117211,10640,1078542,1,5,16593,824201,0.104361,11502,702421,0.088941,18217,1526622,0.193302,7897587
2,2021-03-01,53405,2249163,27953,1145164,25440,1103982,12,17,29739,831830,0.105327,24014,726435,0.091982,31643,1558265,0.197309,7897587
2,2021-03-02,60643,2309806,28170,1173334,32470,1136452,3,20,34815,843454,0.106799,26285,752720,0.09531,37909,1596174,0.202109,7897587
2,2021-03-03,75294,2385100,35550,1208884,39742,1176194,2,22,41853,855081,0.108271,33425,786145,0.099542,45052,1641226,0.207814,7897587
2,2021-03-04,80571,2465671,38287,1247171,42262,1218456,22,44,46971,871286,0.110323,33600,819745,0.103797,49805,1691031,0.21412,7897587
2,2021-03-05,75470,2541141,35593,1282764,39587,1258043,290,334,45862,890617,0.112771,29547,849292,0.107538,48878,1739909,0.220309,7897587
2,2021-03-06,58186,2599327,28368,1311132,28168,1286211,1650,1984,35399,906805,0.114821,22723,872015,0.110415,38911,1778820,0.225236,7897587
2,2021-03-07,26796,2626123,15478,1326610,10388,1296599,930,2914,17110,916753,0.11608,9667,881682,0.111639,19615,1798435,0.22772,7897587
2,2021-03-08,47518,2673641,21594,1348204,23528,1320127,2396,5310,30304,933843,0.118244,17250,898932,0.113824,34340,1832775,0.232068,7897587
2,2021-03-09,61425,2735066,24790,1372994,32921,1353048,3714,9024,32702,943638,0.119484,28640,927572,0.11745,38435,1871210,0.236934,7897587
2,2021-03-10,72208,2807274,32938,1405932,33214,1386262,6056,15080,38216,955912,0.121038,33894,961466,0.121742,46168,1917378,0.24278,7897587
2,2021-03-11,88654,2895928,40049,1445981,40913,1427175,7692,22772,47008,971139,0.122967,41493,1002959,0.126996,56720,1974098,0.249962,7897587
2,2021-03-12,89345,2985273,36383,1482364,41889,1469064,11073,33845,45434,985295,0.124759,43753,1046712,0.132536,57909,2032007,0.257295,7897587
2,2021-03-13,66358,3051631,27362,1509726,31189,1500253,7807,41652,36585,1001229,0.126777,29777,1076489,0.136306,45711,2077718,0.263083,7897587
2,2021-03-14,35375,3087006,17716,1527442,13309,1513562,4350,46002,18828,1008756,0.12773,16441,1092930,0.138388,23968,2101686,0.266117,7897587
2,2021-03-15,64352,3151358,28079,1555521,31492,1545054,4781,50783,36330,1023455,0.129591,27989,1120919,0.141932,42688,2144374,0.271523,7897587
2,2021-03-16,83788,3235146,36333,1591854,43525,1588579,3930,54713,51513,1048618,0.132777,32169,1153088,0.146005,57332,2201706,0.278782,7897587
2,2021-03-17,87801,3322947,41619,1633473,42317,1630896,3865,58578,56822,1079768,0.136721,30819,1183907,0.149907,61969,2263675,0.286629,7897587
2,2021-03-18,93363,3416310,43564,1677037,45524,1676420,4275,62853,58322,1109113,0.140437,34906,1218813,0.154327,64251,2327926,0.294764,7897587
2,2021-03-19,92661,3508971,43594,1720631,43305,1719725,5762,68615,56401,1136061,0.143849,36116,1254929,0.1589,63064,2390990,0.302749,7897587
2,2021-03-20,68128,3577099,32212,1752843,32064,1751789,3852,72467,45741,1164034,0.147391,22282,1277211,0.161722,50255,2441245,0.309113,7897587
2,2021-03-21,32704,3609803,21032,1773875,9698,1761487,1974,74441,20993,1176465,0.148965,11749,1288960,0.163209,24180,2465425,0.312174,7897587
2,2021-03-22,61298,3671101,33312,1807187,24941,1786428,3045,77486,41240,1202228,0.152227,19915,1308875,0.165731,45678,2511103,0.317958,7897587
2,2021-03-23,80611,3751712,42387,1849574,35248,1821676,2976,80462,53424,1233167,0.156145,27004,1335879,0.16915,57943,2569046,0.325295,7897587
2,2021-03-24,87495,3839207,46458,1896032,37700,1859376,3337,83799,53280,1257560,0.159233,34027,1369906,0.173459,58420,2627466,0.332692,7897587
2,2021-03-25,97394,3936601,48106,1944138,45604,1904980,3684,87483,56949,1279264,0.161982,40239,1410145,0.178554,61943,2689409,0.340536,7897587
2,2021-03-26,97814,4034415,48074,1992212,46370,1951350,3370,90853,55376,1297454,0.164285,42166,1452311,0.183893,60356,2749765,0.348178,7897587
2,2021-03-27,72141,4106556,35320,2027532,33632,1984982,3189,94042,37718,1304980,0.165238,34262,1486573,0.188231,41788,2791553,0.353469,7897587
2,2021-03-28,36499,4143055,22163,2049695,13560,1998542,776,94818,20649,1311353,0.166045,15791,1502364,0.190231,22164,2813717,0.356276,7897587
2,2021-03-29,68474,4211529,34901,2084596,31317,2029859,2256,97074,40367,1327475,0.168086,27984,1530348,0.193774,44106,2857823,0.36186,7897587
2,2021-03-30,88180,4299709,42514,2127110,41700,2071559,3966,101040,54717,1353848,0.171426,33338,1563686,0.197995,59711,2917534,0.369421,7897587
2,2021-03-31,97103,4396812,49153,2176263,43146,2114705,4804,105844,58322,1378753,0.174579,38620,1602306,0.202886,63525,2981059,0.377465,7897587
2,2021-04-01,112102,4508914,53017,2229280,50570,2165275,8515,114359,62580,1401408,0.177448,49329,1651635,0.209132,71984,3053043,0.386579,7897587
2,2021-04-02,105651,4614565,49082,2278362,47154,2212429,9415,123774,58501,1422925,0.180172,46938,1698573,0.215075,68455,3121498,0.395247,7897587
2,2021-04-03,73243,4687808,34817,2313179,28991,2241420,9435,133209,37158,1434135,0.181592,35966,1734539,0.219629,47176,3168674,0.401221,7897587
2,2021-04-04,28543,4716351,14193,2327372,10642,2252062,3708,136917,13128,1435685,0.181788,15371,1749910,0.221575,16921,3185595,0.403363,7897587
2,2021-04-05,76688,4793039,37465,2364837,30793,2282855,8430,145347,38062,1444585,0.182915,38532,1788442,0.226454,47432,3233027,0.409369,7897587
2,2021-04-06,100036,4893075,48524,2413361,37371,2320226,14141,159488,48584,1456914,0.184476,51259,1839701,0.232945,63588,3296615,0.417421,7897587
2,2021-04-07,105931,4999006,52798,2466159,37880,2358106,15253,174741,51322,1470098,0.186145,54442,1894143,0.239838,67626,3364241,0.425983,7897587
2,2021-04-08,114125,5113131,55180,2521339,41489,2399595,17456,192197,53789,1482149,0.187671,60122,1954265,0.247451,72173,3436414,0.435122,7897587
2,2021-04-09,107727,5220858,51005,2572344,40777,2440372,15945,208142,51529,1494963,0.189294,55981,2010246,0.254539,68795,3505209,0.443833,7897587
2,2021-04-10,81239,5302097,35196,2607540,29574,2469946,16469,224611,33947,1499363,0.189851,47144,2057390,0.260509,51544,3556753,0.450359,7897587
2,2021-04-11,42586,5344683,22194,2629734,12439,2482385,7953,232564,17911,1501494,0.190121,24595,2081985,0.263623,26726,3583479,0.453744,7897587
2,2021-04-12,74229,5418912,33737,2663471,32206,2514591,8286,240850,33878,1504313,0.190478,40155,2122140,0.268707,42974,3626453,0.459185,7897587
2,2021-04-13,95224,5514136,48794,2712265,46204,2560795,226,241076,52044,1514970,0.191827,43000,2165140,0.274152,53657,3680110,0.465979,7897587
2,2021-04-14,92793,5606929,47455,2759720,45307,2606102,31,241107,47595,1519739,0.192431,45037,2210177,0.279855,49806,3729916,0.472286,7897587
2,2021-04-15,92274,5699203,48952,2808672,43278,2649380,44,241151,47709,1524886,0.193083,44375,2254552,0.285474,49522,3779438,0.478556,7897587
2,2021-04-16,58873,5758076,32924,2841596,25923,2675303,26,241177,32830,1532280,0.194019,25939,2280491,0.288758,33333,3812771,0.482777,7897587
3,2020-12-15,299,299,299,299,0,0,0,0,299,299,3.9e-05,0,0,0.0,299,299,3.9e-05,7688185
3,2020-12-16,2104,2403,2104,2403,0,0,0,0,2104,2403,0.000313,0,0,0.0,2104,2403,0.000313,7688185
3,2020-12-17,7472,9875,7472,9875,0,0,0,0,7471,9874,0.001284,0,0,0.0,7471,9874,0.001284,7688185
3,2020-12-18,12650,22525,12640,22515,10,10,0,0,12650,22524,0.00293,0,0,0.0,12650,22524,0.00293,7688185
3,2020-12-19,6931,29456,6920,29435,11,21,0,0,6995,29519,0.00384,0,0,0.0,6995,29519,0.00384,7688185
3,2020-12-20,5432,34888,5425,34860,7,28,0,0,5480,34998,0.004552,1,1,0.0,5480,34999,0.004552,7688185
3,2020-12-21,14010,48898,13999,48859,11,39,0,0,14075,49072,0.006383,1,2,0.0,14075,49074,0.006383,7688185
3,2020-12-22,14211,63109,13680,62539,531,570,0,0,14250,63322,0.008236,0,2,0.0,14250,63324,0.008237,7688185
3,2020-12-23,14347,77456,11793,74332,2554,3124,0,0,14375,77697,0.010106,0,2,0.0,14375,77699,0.010106,7688185
3,2020-12-24,6717,84173,4817,79149,1900,5024,0,0,6715,84411,0.010979,1,3,0.0,6715,84414,0.01098,7688185
3,2020-12-25,716,84889,662,79811,54,5078,0,0,715,85126,0.011072,0,3,0.0,715,85129,0.011073,7688185
3,2020-12-26,4572,89461,2981,82792,1591,6669,0,0,4570,89696,0.011667,0,3,0.0,4570,89699,0.011667,7688185
3,2020-12-27,2943,92404,1828,84620,1115,7784,0,0,2944,92640,0.01205,0,3,0.0,2944,92643,0.01205,7688185
3,2020-12-28,13254,105658,8477,93097,4777,12561,0,0,13281,105920,0.013777,1,4,1e-06,13281,105924,0.013778,7688185
3,2020-12-29,14701,120359,8294,101391,6407,18968,0,0,14732,120651,0.015693,1,5,1e-06,14732,120656,0.015694,7688185
3,2020-12-30,17710,138069,9920,111311,7790,26758,0,0,17700,138351,0.017995,0,5,1e-06,17700,138356,0.017996,7688185
3,2020-12-31,8011,146080,3017,114328,4994,31752,0,0,8010,146360,0.019037,1,6,1e-06,8010,146366,0.019038,7688185
3,2021-01-01,1102,147182,493,114821,609,32361,0,0,1099,147459,0.01918,0,6,1e-06,1099,147465,0.019181,7688185
3,2021-01-02,4892,152074,2406,117227,2486,34847,0,0,4893,152352,0.019816,0,6,1e-06,4893,152358,0.019817,7688185
3,2021-01-03,1549,153623,838,118065,711,35558,0,0,1556,153904,0.020018,4,10,1e-06,1556,153914,0.02002,7688185
3,2021-01-04,11735,165358,5906,123971,5829,41387,0,0,11710,165608,0.021541,6,16,2e-06,11710,165624,0.021543,7688185
3,2021-01-05,15269,180627,7867,131838,7402,48789,0,0,13761,177879,0.023137,1494,1510,0.000196,13765,179389,0.023333,7688185
3,2021-01-06,19638,200265,10244,142082,9394,58183,0,0,15510,189307,0.024623,4087,5597,0.000728,15515,194904,0.025351,7688185
3,2021-01-07,25469,225734,14525,156607,10944,69127,0,0,16580,197036,0.025628,8864,14461,0.001881,16593,211497,0.027509,7688185
3,2021-01-08,29546,255280,18115,174722,11431,80558,0,0,17601,202733,0.026369,11923,26384,0.003432,17620,229117,0.029801,7688185
3,2021-01-09,11900,267180,6691,181413,5209,85767,0,0,7666,206176,0.026817,4228,30612,0.003982,7671,236788,0.030799,7688185
3,2021-01-10,7113,274293,4442,185855,2671,88438,0,0,3988,207045,0.02693,3123,33735,0.004388,3992,240780,0.031318,7688185
3,2021-01-11,28122,302415,18340,204195,9782,98220,0,0,15962,210867,0.027427,12153,45888,0.005969,15975,256755,0.033396,7688185
3,2021-01-12,31291,333706,18652,222847,12639,110859,0,0,19202,218059,0.028363,12074,57962,0.007539,19266,276021,0.035902,7688185
3,2021-01-13,33786,367492,17733,240580,16053,126912,0,0,23924,232058,0.030184,9941,67903,0.008832,23940,299961,0.039016,7688185
3,2021-01-14,33751,401243,13943,254523,19808,146720,0,0,28009,254361,0.033085,5733,73636,0.009578,28036,327997,0.042662,7688185
3,2021-01-15,37941,439184,14217,268740,23724,170444,0,0,33426,283332,0.036853,4508,78144,0.010164,33479,361476,0.047017,7688185
3,2021-01-16,21354,460538,7580,276320,13774,184218,0,0,19063,300138,0.039039,2277,80421,0.01046,19083,380559,0.049499,7688185
3,2021-01-17,12599,473137,4453,280773,8146,192364,0,0,11585,310726,0.040416,1014,81435,0.010592,11602,392161,0.051008,7688185
3,2021-01-18,24361,497498,12663,293436,11698,204062,0,0,18941,324262,0.042177,5440,86875,0.0113,18976,411137,0.053476,7688185
3,2021-01-19,39812,537310,20529,313965,19283,223345,0,0,30957,346463,0.045064,8832,95707,0.012449,31033,442170,0.057513,7688185
3,2021-01-20,43840,581150,21574,335539,22266,245611,0,0,34756,372236,0.048417,9050,104757,0.013626,34823,476993,0.062042,7688185
3,2021-01-21,46004,627154,19714,355253,26290,271901,0,0,40806,407965,0.053064,5132,109889,0.014293,40861,517854,0.067357,7688185
3,2021-01-22,48212,675366,19219,374472,28993,300894,0,0,44175,448151,0.058291,4053,113942,0.01482,44239,562093,0.073111,7688185
3,2021-01-23,29564,704930,12609,387081,16955,317849,0,0,26307,471251,0.061295,3246,117188,0.015243,26346,588439,0.076538,7688185
3,2021-01-24,17257,722187,8413,395494,8844,326693,0,0,16119,486259,0.063248,1134,118322,0.01539,16142,604581,0.078638,7688185
3,2021-01-25,39493,761680,17601,413095,21892,348585,0,0,29862,506576,0.06589,9618,127940,0.016641,29935,634516,0.082531,7688185
3,2021-01-26,45701,807381,21859,434954,23842,372427,0,0,35949,532879,0.069311,9748,137688,0.017909,36051,670567,0.08722,7688185
3,2021-01-27,49363,856744,23985,458939,25378,397805,0,0,39147,561960,0.073094,10134,147822,0.019227,39215,709782,0.092321,7688185
3,2021-01-28,50133,906877,23410,482349,26723,424528,0,0,41604,595154,0.077412,8451,156273,0.020326,41645,751427,0.097738,7688185
3,2021-01-29,49174,956051,23740,506089,25434,449962,0,0,39943,626048,0.08143,9093,165366,0.021509,39987,791414,0.102939,7688185
3,2021-01-30,35674,991725,17124,523213,18550,468512,0,0,31432,653126,0.084952,4426,169792,0.022085,31504,822918,0.107037,7688185
3,2021-01-31,21727,1013452,12761,535974,8966,477478,0,0,20280,671981,0.087404,1438,171230,0.022272,20293,843211,0.109676,7688185
3,2021-02-01,44091,1057543,19938,555912,24153,501631,0,0,34149,696259,0.090562,9907,181137,0.02356,34185,877396,0.114123,7688185
3,2021-02-02,52739,1110282,22307,578219,30432,532063,0,0,40361,724296,0.094209,12372,193509,0.02517,40409,917805,0.119379,7688185
3,2021-02-03,58755,1169037,26284,604503,32471,564534,0,0,43862,753444,0.098,14775,208284,0.027091,43923,961728,0.125092,7688185
3,2021-02-04,62736,1231773,27462,631965,35274,599808,0,0,46194,783200,0.101871,16535,224819,0.029242,46291,1008019,0.131113,7688185
3,2021-02-05,68674,1300447,29298,661263,39376,639184,0,0,47748,810217,0.105385,20895,245714,0.03196,47912,1055931,0.137345,7688185
3,2021-02-06,43037,1343484,20929,682192,22108,661292,0,0,33380,834152,0.108498,9630,255344,0.033213,33565,1089496,0.14171,7688185
3,2021-02-07,19250,1362734,12151,694343,7099,668391,0,0,14808,844654,0.109864,4431,259775,0.033789,14933,1104429,0.143653,7688185
3,2021-02-08,49973,1412707,23957,718300,26016,694407,0,0,32972,860719,0.111953,17096,276871,0.036013,33161,1137590,0.147966,7688185
3,2021-02-09,56865,1469572,27781,746081,29084,723491,0,0,33353,870912,0.113279,23500,300371,0.039069,33693,1171283,0.152348,7688185
3,2021-02-10,65607,1535179,30864,776945,34743,758234,0,0,35527,876964,0.114066,29992,330363,0.04297,36044,1207327,0.157037,7688185
3,2021-02-11,68006,1603185,33483,810428,34523,792757,0,0,36725,883114,0.114866,31103,361466,0.047016,37253,1244580,0.161882,7688185
3,2021-02-12,73039,1676224,31639,842067,41400,834157,0,0,40718,892295,0.116061,32284,393750,0.051215,41465,1286045,0.167276,7688185
3,2021-02-13,43609,1719833,20023,862090,23586,857743,0,0,25335,900068,0.117072,18142,411892,0.053575,25915,1311960,0.170646,7688185
3,2021-02-14,26471,1746304,13413,875503,13058,870801,0,0,15050,904197,0.117609,11380,423272,0.055055,15509,1327469,0.172664,7688185
3,2021-02-15,39154,1785458,16864,892367,22290,893091,0,0,21814,909685,0.118322,17280,440552,0.057302,22768,1350237,0.175625,7688185
3,2021-02-16,67626,1853084,32316,924683,35310,928401,0,0,35538,914183,0.118908,32088,472640,0.061476,36586,1386823,0.180384,7688185
3,2021-02-17,69161,1922245,35211,959894,33950,962351,0,0,33130,912515,0.118691,35897,508537,0.066145,34229,1421052,0.184836,7688185
3,2021-02-18,73756,1996001,38743,998637,35013,997364,0,0,34463,909099,0.118246,39247,547784,0.07125,35831,1456883,0.189496,7688185
3,2021-02-19,65678,2061679,37984,1036621,27694,1025058,0,0,33642,911308,0.118534,32123,579907,0.075428,34332,1491215,0.193962,7688185
3,2021-02-20,40401,2102080,25656,1062277,14745,1039803,0,0,21612,914697,0.118974,18715,598622,0.077863,22104,1513319,0.196837,7688185
3,2021-02-21,18931,2121011,15525,1077802,3406,1043209,0,0,8921,914100,0.118897,9954,608576,0.079157,9357,1522676,0.198054,7688185
3,2021-02-22,43327,2164338,28104,1105906,15223,1058432,0,0,20260,911887,0.118609,23026,631602,0.082152,20813,1543489,0.200761,7688185
3,2021-02-23,57496,2221834,31324,1137230,26172,1084604,0,0,25159,906797,0.117947,32284,663886,0.086351,27194,1570683,0.204298,7688185
3,2021-02-24,73341,2295175,35588,1172818,37753,1122357,0,0,32336,900767,0.117163,40927,704813,0.091675,34897,1605580,0.208837,7688185
3,2021-02-25,81394,2376569,39167,1211985,42227,1164584,0,0,40563,903298,0.117492,40660,745473,0.096963,43191,1648771,0.214455,7688185
3,2021-02-26,92941,2469510,42293,1254278,50648,1215232,0,0,49283,911377,0.118543,43387,788860,0.102607,51466,1700237,0.221149,7688185
3,2021-02-27,64929,2534439,29452,1283730,35474,1250706,3,3,34618,917117,0.119289,30190,819050,0.106534,35930,1736167,0.225823,7688185
3,2021-02-28,36548,2570987,21457,1305187,15091,1265797,0,3,18952,919586,0.11961,17485,836535,0.108808,19954,1756121,0.228418,7688185
3,2021-03-01,63545,2634532,33752,1338939,29791,1295588,2,5,35533,928640,0.120788,27895,864430,0.112436,36949,1793070,0.233224,7688185
3,2021-03-02,70496,2705028,33961,1372900,36534,1332122,1,6,41384,943141,0.122674,29000,893430,0.116208,43501,1836571,0.238882,7688185
3,2021-03-03,84493,2789521,39770,1412670,44713,1376835,10,16,46739,954618,0.124167,37606,931036,0.1211,49083,1885654,0.245266,7688185
3,2021-03-04,86964,2876485,42666,1455336,44282,1421117,16,32,49617,969387,0.126088,37192,968228,0.125937,51961,1937615,0.252025,7688185
3,2021-03-05,84565,2961050,41216,1496552,43067,1464184,282,314,51749,991077,0.128909,32639,1000867,0.130182,54329,1991944,0.259092,7688185
3,2021-03-06,61458,3022508,30711,1527263,28630,1492814,2117,2431,35102,1003597,0.130538,26255,1027122,0.133597,38775,2030719,0.264135,7688185
3,2021-03-07,36245,3058753,21321,1548584,13835,1506649,1089,3520,20855,1011892,0.131616,15349,1042471,0.135594,23644,2054363,0.26721,7688185
3,2021-03-08,56100,3114853,26735,1575319,26561,1533210,2804,6324,35480,1031236,0.134133,20526,1062997,0.138264,39870,2094233,0.272396,7688185
3,2021-03-09,67615,3182468,28749,1604068,34572,1567782,4294,10618,35222,1040275,0.135308,32321,1095318,0.142468,41360,2135593,0.277776,7688185
3,2021-03-10,77270,3259738,37895,1641963,33576,1601358,5799,16417,40418,1051809,0.136808,36722,1132040,0.147244,48256,2183849,0.284053,7688185
3,2021-03-11,91819,3351557,44993,1686956,38662,1640020,8164,24581,45159,1060263,0.137908,46480,1178520,0.15329,54934,2238783,0.291198,7688185
3,2021-03-12,98041,3449598,43439,1730395,42986,1683006,11616,36197,44718,1064585,0.13847,53171,1231691,0.160206,57493,2296276,0.298676,7688185
3,2021-03-13,67571,3517169,28353,1758748,32114,1715120,7104,43301,35588,1076771,0.140055,31904,1263595,0.164355,44090,2340366,0.304411,7688185
3,2021-03-14,39726,3556895,20898,1779646,15401,1730521,3427,46728,21670,1084601,0.141074,18004,1281599,0.166697,25834,2366200,0.307771,7688185
3,2021-03-15,72927,3629822,34156,1813802,34398,1764919,4373,51101,39009,1095581,0.142502,33785,1315384,0.171092,44765,2410965,0.313594,7688185
3,2021-03-16,91105,3720927,41775,1855577,45243,1810162,4087,55188,52173,1114516,0.144965,38780,1354164,0.176136,57715,2468680,0.3211,7688185
3,2021-03-17,93767,3814694,45027,1900604,44443,1854605,4297,59485,57987,1141992,0.148539,35642,1389806,0.180772,63118,2531798,0.32931,7688185
3,2021-03-18,97630,3912324,49125,1949729,44314,1898919,4191,63676,57490,1165154,0.151551,39970,1429776,0.185971,63132,2594930,0.337522,7688185
3,2021-03-19,97864,4010188,51811,2001540,41870,1940789,4183,67859,55884,1184101,0.154016,41819,1471595,0.19141,60766,2655696,0.345426,7688185
3,2021-03-20,69318,4079506,35605,2037145,30233,1971022,3480,71339,43925,1206961,0.156989,25255,1496850,0.194695,48115,2703811,0.351684,7688185
3,2021-03-21,34702,4114208,23657,2060802,9623,1980645,1422,72761,22698,1220267,0.15872,11935,1508785,0.196247,25241,2729052,0.354967,7688185
3,2021-03-22,67602,4181810,39550,2100352,25815,2006460,2237,74998,44606,1245736,0.162033,22852,1531637,0.19922,48321,2777373,0.361252,7688185
3,2021-03-23,86186,4267996,47455,2147807,36393,2042853,2338,77336,56361,1276176,0.165992,29659,1561296,0.203077,60099,2837472,0.369069,7688185
3,2021-03-24,95143,4363139,54993,2202800,37651,2080504,2499,79835,56360,1297890,0.168816,38532,1599828,0.208089,60246,2897718,0.376905,7688185
3,2021-03-25,102478,4465617,56888,2259688,42807,2123311,2783,82618,59516,1318679,0.17152,42730,1642558,0.213647,63519,2961237,0.385167,7688185
3,2021-03-26,106033,4571650,57145,2316833,45733,2169044,3155,85773,56941,1331356,0.173169,48881,1691439,0.220005,61558,3022795,0.393174,7688185
3,2021-03-27,71787,4643437,36190,2353023,33080,2202124,2517,88290,36271,1335466,0.173704,35363,1726802,0.224605,39473,3062268,0.398308,7688185
3,2021-03-28,42624,4686061,26755,2379778,15074,2217198,795,89085,22818,1339855,0.174275,19725,1746527,0.22717,24114,3086382,0.401445,7688185
3,2021-03-29,77737,4763798,40752,2420530,35290,2252488,1695,90780,44706,1354798,0.176218,32864,1779391,0.231445,47807,3134189,0.407663,7688185
3,2021-03-30,96967,4860765,47733,2468263,45908,2298396,3326,94106,59706,1381730,0.179721,37083,1816474,0.236268,64015,3198204,0.415989,7688185
3,2021-03-31,101817,4962582,54829,2523092,42302,2340698,4686,98792,57228,1399555,0.18204,44444,1860918,0.242049,62269,3260473,0.424089,7688185
3,2021-04-01,117876,5080458,59607,2582699,49016,2389714,9253,108045,65462,1422854,0.18507,52238,1913156,0.248844,75537,3336010,0.433914,7688185
3,2021-04-02,112814,5193272,55258,2637957,47905,2437619,9651,117696,61119,1442677,0.187649,51502,1964658,0.255542,71325,3407335,0.443191,7688185
3,2021-04-03,73384,5266656,37234,2675191,27326,2464945,8824,126520,37303,1453299,0.18903,35960,2000618,0.26022,46582,3453917,0.44925,7688185
3,2021-04-04,31251,5297907,16778,2691969,10594,2475539,3879,130399,13889,1453826,0.189099,17307,2017925,0.262471,17834,3471751,0.45157,7688185
3,2021-04-05,86224,5384131,43963,2735932,33534,2509073,8727,139126,43429,1464221,0.190451,42665,2060590,0.26802,53060,3524811,0.458471,7688185
3,2021-04-06,109076,5493207,53397,2789329,40926,2549999,14753,153879,52744,1476573,0.192057,56140,2116730,0.275322,68492,3593303,0.46738,7688185
3,2021-04-07,111881,5605088,58292,2847621,38326,2588325,15263,169142,55587,1491963,0.194059,56101,2172831,0.282619,71491,3664794,0.476679,7688185
3,2021-04-08,115303,5720391,58420,2906041,38047,2626372,18836,187978,55017,1506732,0.19598,60078,2232909,0.290434,74847,3739641,0.486414,7688185
3,2021-04-09,107544,5827935,53347,2959388,37169,2663541,17028,205006,48484,1514492,0.19699,58882,2291791,0.298093,66642,3806283,0.495082,7688185
3,2021-04-10,79399,5907334,35794,2995182,29333,2692874,14272,219278,32626,1515848,0.197166,46644,2338435,0.30416,48000,3854283,0.501325,7688185
3,2021-04-11,42900,5950234,23157,3018339,12341,2705215,7402,226680,16478,1514203,0.196952,26355,2364790,0.307588,24710,3878993,0.504539,7688185
3,2021-04-12,77843,6028077,38912,3057251,31088,2736303,7843,234523,36216,1517726,0.19741,41467,2406257,0.312981,44990,3923983,0.510391,7688185
3,2021-04-13,96498,6124575,52374,3109625,43937,2780240,187,234710,51356,1525511,0.198423,44980,2451237,0.318832,52765,3976748,0.517254,7688185
3,2021-04-14,92124,6216699,49208,3158833,42835,2823075,81,234791,46326,1528356,0.198793,45608,2496845,0.324764,48453,4025201,0.523557,7688185
3,2021-04-15,94119,6310818,52573,3211406,41505,2864580,41,234832,50162,1536053,0.199794,43773,2540618,0.330457,51470,4076671,0.530251,7688185
3,2021-04-16,56336,6367154,33550,3244956,22728,2887308,58,234890,30838,1541876,0.200551,25374,2565992,0.333758,31197,4107868,0.534309,7688185
4,2020-12-15,443,443,443,443,0,0,0,0,443,443,5.8e-05,0,0,0.0,443,443,5.8e-05,7584050
4,2020-12-16,2917,3360,2917,3360,0,0,0,0,2917,3360,0.000443,0,0,0.0,2917,3360,0.000443,7584050
4,2020-12-17,8429,11789,8429,11789,0,0,0,0,8429,11789,0.001554,0,0,0.0,8429,11789,0.001554,7584050
4,2020-12-18,15251,27040,15242,27031,9,9,0,0,15251,27040,0.003565,0,0,0.0,15251,27040,0.003565,7584050
4,2020-12-19,10171,37211,10164,37195,7,16,0,0,10106,37146,0.004898,0,0,0.0,10106,37146,0.004898,7584050
4,2020-12-20,7332,44543,7320,44515,12,28,0,0,7285,44431,0.005858,0,0,0.0,7285,44431,0.005858,7584050
4,2020-12-21,16147,60690,16127,60642,20,48,0,0,16080,60511,0.007979,0,0,0.0,16080,60511,0.007979,7584050
4,2020-12-22,16943,77633,16235,76877,708,756,0,0,16900,77411,0.010207,0,0,0.0,16900,77411,0.010207,7584050
4,2020-12-23,16743,94376,14080,90957,2663,3419,0,0,16714,94125,0.012411,0,0,0.0,16714,94125,0.012411,7584050
4,2020-12-24,8492,102868,5923,96880,2569,5988,0,0,8492,102617,0.013531,0,0,0.0,8492,102617,0.013531,7584050
4,2020-12-25,897,103765,792,97672,105,6093,0,0,897,103514,0.013649,0,0,0.0,897,103514,0.013649,7584050
4,2020-12-26,6154,109919,3859,101531,2295,8388,0,0,6154,109668,0.01446,0,0,0.0,6154,109668,0.01446,7584050
4,2020-12-27,3412,113331,1993,103524,1419,9807,0,0,3412,113080,0.01491,0,0,0.0,3412,113080,0.01491,7584050
4,2020-12-28,14848,128179,9189,112713,5659,15466,0,0,14819,127898,0.016864,1,1,0.0,14819,127899,0.016864,7584050
4,2020-12-29,15140,143319,8384,121097,6756,22222,0,0,15106,143004,0.018856,0,1,0.0,15106,143005,0.018856,7584050
4,2020-12-30,18759,162078,11021,132118,7738,29960,0,0,18748,161750,0.021328,2,3,0.0,18748,161753,0.021328,7584050
4,2020-12-31,8131,170209,3301,135419,4830,34790,0,0,8126,169874,0.022399,2,5,1e-06,8126,169879,0.0224,7584050
4,2021-01-01,1123,171332,465,135884,658,35448,0,0,1122,170995,0.022547,1,6,1e-06,1122,171001,0.022547,7584050
4,2021-01-02,5615,176947,3177,139061,2438,37886,0,0,5614,176608,0.023287,1,7,1e-06,5614,176615,0.023288,7584050
4,2021-01-03,2100,179047,1247,140308,853,38739,0,0,2086,178690,0.023561,4,11,1e-06,2086,178701,0.023563,7584050
4,2021-01-04,12876,191923,7024,147332,5852,44591,0,0,12828,191487,0.025249,31,42,6e-06,12828,191529,0.025254,7584050
4,2021-01-05,16561,208484,9792,157124,6769,51360,0,0,14575,204108,0.026913,1964,2006,0.000265,14585,206114,0.027177,7584050
4,2021-01-06,21294,229778,13069,170193,8225,59585,0,0,15508,213895,0.028203,5732,7738,0.00102,15519,221633,0.029224,7584050
4,2021-01-07,27502,257280,16766,186959,10736,70321,0,0,16934,220226,0.029038,10614,18352,0.00242,16945,238578,0.031458,7584050
4,2021-01-08,32404,289684,20798,207757,11606,81927,0,0,18373,224647,0.029621,13966,32318,0.004261,18387,256965,0.033882,7584050
4,2021-01-09,15943,305627,9406,217163,6537,88464,0,0,9350,227435,0.029989,6572,38890,0.005128,9360,266325,0.035116,7584050
4,2021-01-10,8666,314293,5600,222763,3066,91530,0,0,4079,226954,0.029925,4566,43456,0.00573,4085,270410,0.035655,7584050
4,2021-01-11,32994,347287,21561,244324,11433,102963,0,0,18634,231288,0.030497,14320,57776,0.007618,18654,289064,0.038115,7584050
4,2021-01-12,37708,384995,21564,265888,16144,119107,0,0,23852,241319,0.031819,13857,71633,0.009445,23888,312952,0.041264,7584050
4,2021-01-13,38138,423133,18760,284648,19378,138485,0,0,27058,257370,0.033936,11028,82661,0.010899,27079,340031,0.044835,7584050
4,2021-01-14,38602,461735,14734,299382,23868,162353,0,0,31595,282027,0.037187,6965,89626,0.011818,31622,371653,0.049005,7584050
4,2021-01-15,44748,506483,15499,314881,29249,191602,0,0,39279,315910,0.041655,5415,95041,0.012532,39298,410951,0.054186,7584050
4,2021-01-16,28404,534887,9306,324187,19098,210700,0,0,25309,338173,0.04459,3059,98100,0.012935,25322,436273,0.057525,7584050
4,2021-01-17,18843,553730,6619,330806,12224,222924,0,0,17340,354049,0.046683,1478,99578,0.01313,17354,453627,0.059813,7584050
4,2021-01-18,29027,582757,13333,344139,15694,238618,0,0,23095,371338,0.048963,5836,105414,0.013899,23125,476752,0.062862,7584050
4,2021-01-19,45586,628343,23106,367245,22480,261098,0,0,36352,398580,0.052555,9178,114592,0.01511,36420,513172,0.067665,7584050
4,2021-01-20,50889,679232,26904,394149,23985,285083,0,0,40609,429051,0.056573,10188,124780,0.016453,40659,553831,0.073026,7584050
4,2021-01-21,55633,734865,24553,418702,31080,316163,0,0,49375,472263,0.062271,6196,130976,0.01727,49408,603239,0.07954,7584050
4,2021-01-22,54298,789163,21827,440529,32471,348634,0,0,49268,516631,0.068121,4930,135906,0.01792,49298,652537,0.086041,7584050
4,2021-01-23,39221,828384,17356,457885,21865,370499,0,0,34958,547363,0.072173,4254,140160,0.018481,34986,687523,0.090654,7584050
4,2021-01-24,23722,852106,10421,468306,13301,383800,0,0,21870,567401,0.074815,1846,142006,0.018724,21884,709407,0.093539,7584050
4,2021-01-25,47132,899238,21757,490063,25375,409175,0,0,36235,592817,0.078166,10873,152879,0.020158,36289,745696,0.098324,7584050
4,2021-01-26,55689,954927,28454,518517,27235,436410,0,0,43750,624739,0.082375,11884,164763,0.021725,43806,789502,0.1041,7584050
4,2021-01-27,54620,1009547,26461,544978,28159,464569,0,0,43803,657911,0.086749,10684,175447,0.023134,43856,833358,0.109883,7584050
4,2021-01-28,55734,1065281,25305,570283,30429,494998,0,0,45907,694120,0.091524,9739,185186,0.024418,45948,879306,0.115941,7584050
4,2021-01-29,55576,1120857,26716,596999,28860,523858,0,0,45413,729534,0.096193,10023,195209,0.025739,45437,924743,0.121933,7584050
4,2021-01-30,37230,1158087,16952,613951,20278,544136,0,0,32035,756443,0.099741,5148,200357,0.026418,32057,956800,0.12616,7584050
4,2021-01-31,23682,1181769,12437,626388,11245,555381,0,0,22110,777005,0.102453,1558,201915,0.026624,22120,978920,0.129076,7584050
4,2021-02-01,47795,1229564,22595,648983,25200,580581,0,0,37617,804505,0.106079,10156,212071,0.027963,37656,1016576,0.134041,7584050
4,2021-02-02,55421,1284985,26330,675313,29091,609672,0,0,41806,832866,0.109818,13486,225557,0.029741,41847,1058423,0.139559,7584050
4,2021-02-03,61355,1346340,30191,705504,31164,640836,0,0,47312,866294,0.114226,13937,239494,0.031579,47365,1105788,0.145804,7584050
4,2021-02-04,66682,1413022,31156,736660,35526,676362,0,0,50198,900263,0.118705,16329,255823,0.033732,50298,1156086,0.152436,7584050
4,2021-02-05,72001,1485023,33401,770061,38600,714962,0,0,50325,929279,0.122531,21437,277260,0.036558,50453,1206539,0.159089,7584050
4,2021-02-06,47843,1532866,25898,795959,21945,736907,0,0,36479,954622,0.125872,11337,288597,0.038053,36680,1243219,0.163925,7584050
4,2021-02-07,26175,1559041,17259,813218,8916,745823,0,0,19848,968412,0.127691,6291,294888,0.038883,20081,1263300,0.166573,7584050
4,2021-02-08,57570,1616611,29564,842782,28006,773829,0,0,37432,986092,0.130022,20014,314902,0.041522,37694,1300994,0.171543,7584050
4,2021-02-09,66235,1682846,33834,876616,32401,806230,0,0,38838,997984,0.13159,27342,342244,0.045127,39234,1340228,0.176717,7584050
4,2021-02-10,76326,1759172,38240,914856,38086,844316,0,0,40782,1003973,0.13238,35322,377566,0.049784,41311,1381539,0.182164,7584050
4,2021-02-11,79668,1838840,41547,956403,38121,882437,0,0,41365,1007890,0.132896,38104,415670,0.054808,42021,1423560,0.187704,7584050
4,2021-02-12,83107,1921947,37237,993640,45870,928307,0,0,42993,1011694,0.133398,39965,455635,0.060078,43769,1467329,0.193476,7584050
4,2021-02-13,57990,1979937,29428,1023068,28562,956869,0,0,29704,1014059,0.133709,28223,483858,0.063799,30588,1497917,0.197509,7584050
4,2021-02-14,36425,2016362,18947,1042015,17478,974347,0,0,18803,1015905,0.133953,17629,501487,0.066124,19475,1517392,0.200077,7584050
4,2021-02-15,45498,2061860,21308,1063323,24190,998537,0,0,23560,1018784,0.134332,21876,523363,0.069008,24755,1542147,0.203341,7584050
4,2021-02-16,78644,2140504,36046,1099369,42598,1041135,0,0,40355,1022191,0.134782,38213,561576,0.074047,41620,1583767,0.208829,7584050
4,2021-02-17,79693,2220197,37637,1137006,42056,1083191,0,0,38321,1020444,0.134551,41234,602810,0.079484,39487,1623254,0.214035,7584050
4,2021-02-18,81706,2301903,45155,1182161,36551,1119742,0,0,38097,1016551,0.134038,43486,646296,0.085218,39593,1662847,0.219256,7584050
4,2021-02-19,80265,2382168,50564,1232725,29701,1149443,0,0,40564,1018232,0.13426,39575,685871,0.090436,41256,1704103,0.224696,7584050
4,2021-02-20,47427,2429595,31940,1264665,15487,1164930,0,0,26307,1024051,0.135027,21178,707049,0.093228,26997,1731100,0.228255,7584050
4,2021-02-21,25332,2454927,19843,1284508,5489,1170419,0,0,11655,1022262,0.134791,13766,720815,0.095044,11977,1743077,0.229835,7584050
4,2021-02-22,51636,2506563,35611,1320119,16025,1186444,0,0,25142,1021495,0.13469,26420,747235,0.098527,25653,1768730,0.233217,7584050
4,2021-02-23,71537,2578100,39591,1359710,31946,1218390,0,0,31462,1014721,0.133797,39970,787205,0.103797,33196,1801926,0.237594,7584050
4,2021-02-24,86547,2664647,45471,1405181,41076,1259466,0,0,39284,1009100,0.133056,47095,834300,0.110007,41474,1843400,0.243063,7584050
4,2021-02-25,96433,2761080,50159,1455340,46274,1305740,0,0,46218,1007825,0.132887,50078,884378,0.11661,48803,1892203,0.249498,7584050
4,2021-02-26,102805,2863885,51750,1507090,51055,1356795,0,0,53059,1013658,0.133657,49552,933930,0.123144,55385,1947588,0.256801,7584050
4,2021-02-27,74127,2938012,40157,1547247,33965,1390760,5,5,39669,1020407,0.134546,34406,968336,0.127681,41155,1988743,0.262227,7584050
4,2021-02-28,44537,2982549,27661,1574908,16875,1407635,1,6,24841,1026555,0.135357,19635,987971,0.13027,25783,2014526,0.265627,7584050
4,2021-03-01,73517,3056066,42894,1617802,30619,1438254,4,10,40728,1035912,0.136591,32627,1020598,0.134572,41984,2056510,0.271163,7584050
4,2021-03-02,76614,3132680,42876,1660678,33735,1471989,3,13,45918,1053100,0.138857,30575,1051173,0.138603,47763,2104273,0.27746,7584050
4,2021-03-03,96209,3228889,50596,1711274,45607,1517596,6,19,53256,1065399,0.140479,42790,1093963,0.144245,55089,2159362,0.284724,7584050
4,2021-03-04,93079,3321968,51763,1763037,41304,1558900,12,31,51353,1077010,0.14201,41566,1135529,0.149726,53177,2212539,0.291736,7584050
4,2021-03-05,90484,3412452,48422,1811459,41755,1600655,307,338,53638,1096415,0.144569,36698,1172227,0.154565,56103,2268642,0.299133,7584050
4,2021-03-06,72652,3485104,40808,1852267,29248,1629903,2596,2934,44394,1116687,0.147242,28175,1200402,0.15828,48447,2317089,0.305521,7584050
4,2021-03-07,41080,3526184,26123,1878390,13820,1643723,1137,4071,24337,1127350,0.148647,16685,1217087,0.16048,27348,2344437,0.309127,7584050
4,2021-03-08,64185,3590369,33256,1911646,27820,1671543,3109,7180,42260,1152234,0.151929,21837,1238924,0.163359,46721,2391158,0.315288,7584050
4,2021-03-09,72284,3662653,33376,1945022,33843,1705386,5065,12245,37396,1161564,0.153159,34761,1273685,0.167943,44091,2435249,0.321101,7584050
4,2021-03-10,86796,3749449,44152,1989174,35427,1740813,7217,19462,43441,1170465,0.154332,43239,1316924,0.173644,52140,2487389,0.327976,7584050
4,2021-03-11,98320,3847769,51740,2040914,38486,1779299,8094,27556,45476,1172965,0.154662,52662,1369586,0.180588,55162,2542551,0.33525,7584050
4,2021-03-12,102161,3949930,50252,2091166,41821,1821120,10088,37644,43626,1169301,0.154179,58345,1427931,0.188281,54681,2597232,0.34246,7584050
4,2021-03-13,78991,4028921,36676,2127842,34078,1855198,8237,45881,36912,1173654,0.154753,41971,1469902,0.193815,46324,2643556,0.348568,7584050
4,2021-03-14,48689,4077610,27841,2155683,17306,1872504,3542,49423,24915,1179057,0.155465,23710,1493612,0.196941,29113,2672669,0.352407,7584050
4,2021-03-15,82143,4159753,43913,2199596,34087,1906591,4143,53566,42387,1187805,0.156619,39600,1533212,0.202163,48348,2721017,0.358782,7584050
4,2021-03-16,104927,4264680,54473,2254069,47133,1953724,3321,56887,56237,1200498,0.158292,48509,1581721,0.208559,61202,2782219,0.366851,7584050
4,2021-03-17,103121,4367801,55474,2309543,44311,1998035,3336,60223,60545,1222652,0.161214,42395,1624116,0.214149,64549,2846768,0.375363,7584050
4,2021-03-18,102887,4470688,57050,2366593,42287,2040322,3550,63773,58859,1242960,0.163891,43835,1667951,0.219929,64143,2910911,0.38382,7584050
4,2021-03-19,107042,4577730,61123,2427716,40883,2081205,5036,68809,61738,1265181,0.166821,45108,1713059,0.225877,67329,2978240,0.392698,7584050
4,2021-03-20,81323,4659053,47547,2475263,30813,2112018,2963,71772,50671,1288829,0.169939,30491,1743550,0.229897,54139,3032379,0.399836,7584050
4,2021-03-21,46725,4705778,33805,2509068,10664,2122682,2256,74028,28385,1302783,0.171779,18229,1761779,0.232301,32183,3064562,0.40408,7584050
4,2021-03-22,79354,4785132,52178,2561246,24656,2147338,2520,76548,50607,1328897,0.175223,28598,1790377,0.236071,54712,3119274,0.411294,7584050
4,2021-03-23,101122,4886254,60266,2621512,38829,2186167,2027,78575,63462,1358468,0.179122,37446,1827823,0.241009,67017,3186291,0.420131,7584050
4,2021-03-24,110034,4996288,71126,2692638,36639,2222806,2269,80844,63216,1378914,0.181818,46506,1874329,0.247141,66952,3253243,0.428959,7584050
4,2021-03-25,112676,5108964,69167,2761805,41256,2264062,2253,83097,65540,1401185,0.184754,46770,1921099,0.253308,69041,3322284,0.438062,7584050
4,2021-03-26,115665,5224629,70187,2831992,42503,2306565,2975,86072,64785,1419784,0.187207,50632,1971731,0.259984,69231,3391515,0.44719,7584050
4,2021-03-27,88928,5313557,52620,2884612,34539,2341104,1769,87841,46351,1425993,0.188025,42402,2014133,0.265575,48611,3440126,0.4536,7584050
4,2021-03-28,54166,5367723,35559,2920171,17744,2358848,863,88704,30180,1433458,0.18901,23894,2038027,0.268725,31359,3471485,0.457735,7584050
4,2021-03-29,90886,5458609,54569,2974740,34343,2393191,1974,90678,50815,1447943,0.190919,39911,2077938,0.273988,54396,3525881,0.464907,7584050
4,2021-03-30,113782,5572391,61830,3036570,47909,2441100,4043,94721,73187,1485751,0.195905,40443,2118381,0.279321,78251,3604132,0.475225,7584050
4,2021-03-31,117834,5690225,69625,3106195,42066,2483166,6143,100864,68781,1512100,0.199379,48828,2167209,0.285759,75177,3679309,0.485138,7584050
4,2021-04-01,137639,5827864,78548,3184743,46389,2529555,12702,113566,82235,1552692,0.204731,55206,2222415,0.293038,95798,3775107,0.497769,7584050
4,2021-04-02,132213,5960077,70916,3255659,48419,2577974,12878,126444,77448,1588904,0.209506,54575,2276990,0.300234,90787,3865894,0.50974,7584050
4,2021-04-03,97952,6058029,52145,3307804,32896,2610870,12911,139355,52117,1608649,0.212109,45704,2322694,0.30626,65449,3931343,0.51837,7584050
4,2021-04-04,45137,6103166,23827,3331631,14246,2625116,7064,146419,19790,1610286,0.212325,25293,2347987,0.309595,26930,3958273,0.521921,7584050
4,2021-04-05,105388,6208554,59698,3391329,33436,2658552,12254,158673,55585,1629145,0.214812,49688,2397675,0.316147,68547,4026820,0.530959,7584050
4,2021-04-06,134422,6342976,75497,3466826,39593,2698145,19332,178005,70221,1655684,0.218311,64034,2461709,0.32459,90573,4117393,0.542902,7584050
4,2021-04-07,133019,6475995,75561,3542387,37541,2735686,19917,197922,69322,1682074,0.221791,63506,2525215,0.332964,89896,4207289,0.554755,7584050
4,2021-04-08,133573,6609568,74930,3617317,34530,2770216,24113,222035,66840,1707355,0.225124,66530,2591745,0.341736,91811,4299100,0.566861,7584050
4,2021-04-09,126394,6735962,68687,3686004,37061,2807277,20646,242681,61079,1725238,0.227482,65148,2656893,0.350326,83031,4382131,0.577809,7584050
4,2021-04-10,98649,6834611,48508,3734512,32297,2839574,17844,260525,44694,1735269,0.228805,53813,2710706,0.357422,63844,4445975,0.586227,7584050
4,2021-04-11,59884,6894495,36488,3771000,12791,2852365,10605,271130,26481,1739889,0.229414,33337,2744043,0.361818,37957,4483932,0.591232,7584050
4,2021-04-12,95480,6989975,57560,3828560,28702,2881067,9218,280348,48789,1752273,0.231047,46474,2790517,0.367945,58858,4542790,0.598993,7584050
4,2021-04-13,123513,7113488,77507,3906067,45855,2926922,151,280499,74706,1779788,0.234675,48606,2839123,0.374354,76121,4618911,0.60903,7584050
4,2021-04-14,120717,7234205,75745,3981812,44916,2971838,56,280555,67592,1796563,0.236887,52929,2892052,0.381333,69704,4688615,0.61822,7584050
4,2021-04-15,122305,7356510,78642,4060454,43634,3015472,29,280584,71855,1819470,0.239907,50241,2942293,0.387958,73148,4761763,0.627865,7584050
4,2021-04-16,69042,7425552,45530,4105984,23471,3038943,41,280625,40964,1832907,0.241679,27982,2970275,0.391648,41419,4803182,0.633327,7584050
