vemquartile,administered_date,total_doses,cumulative_total_doses,pfizer_doses,cumulative_pfizer_doses,moderna_doses,cumulative_moderna_doses,jj_doses,cumulative_jj_doses,partially_vaccinated,total_partially_vaccinated,pct_age12pop_partially_vaccinated,fully_vaccinated,cumulative_fully_vaccinated,pct_age12pop_fully_vaccinated,at_least_one_dose,cumulative_at_least_one_dose,pct_age12pop_at_least_one_dose,age12_population
1,2020-12-15,147,147,147,147,0,0,0,0,147,147,1.7e-05,0,0,0.0,147,147,1.7e-05,8700223
1,2020-12-16,1176,1323,1176,1323,0,0,0,0,1176,1323,0.000152,0,0,0.0,1176,1323,0.000152,8700223
1,2020-12-17,4126,5449,4126,5449,0,0,0,0,4127,5450,0.000626,0,0,0.0,4127,5450,0.000626,8700223
1,2020-12-18,6292,11741,6272,11721,20,20,0,0,6292,11741,0.00135,1,1,0.0,6292,11742,0.00135,8700223
1,2020-12-19,2861,14602,2860,14581,1,21,0,0,2860,14600,0.001678,1,2,0.0,2860,14602,0.001678,8700223
1,2020-12-20,2113,16715,2108,16689,5,26,0,0,2114,16714,0.001921,0,2,0.0,2114,16716,0.001921,8700223
1,2020-12-21,7623,24338,7609,24298,14,40,0,0,7673,24387,0.002803,1,3,0.0,7674,24390,0.002803,8700223
1,2020-12-22,7292,31630,6951,31249,341,381,0,0,7294,31679,0.003641,2,5,1e-06,7294,31684,0.003642,8700223
1,2020-12-23,7824,39454,6577,37826,1247,1628,0,0,7818,39496,0.00454,2,7,1e-06,7819,39503,0.00454,8700223
1,2020-12-24,3295,42749,2357,40183,938,2566,0,0,3297,42793,0.004919,0,7,1e-06,3297,42800,0.004919,8700223
1,2020-12-25,235,42984,151,40334,84,2650,0,0,235,43028,0.004946,0,7,1e-06,235,43035,0.004946,8700223
1,2020-12-26,1352,44336,963,41297,389,3039,0,0,1351,44378,0.005101,1,8,1e-06,1351,44386,0.005102,8700223
1,2020-12-27,861,45197,530,41827,331,3370,0,0,861,45239,0.0052,0,8,1e-06,861,45247,0.005201,8700223
1,2020-12-28,7034,52231,4745,46572,2289,5659,0,0,7033,52272,0.006008,0,8,1e-06,7033,52280,0.006009,8700223
1,2020-12-29,8809,61040,4946,51518,3863,9522,0,0,8806,61077,0.00702,1,9,1e-06,8806,61086,0.007021,8700223
1,2020-12-30,11559,72599,6445,57963,5114,14636,0,0,11559,72636,0.008349,0,9,1e-06,11559,72645,0.00835,8700223
1,2020-12-31,5917,78516,1952,59915,3965,18601,0,0,5916,78551,0.009029,2,11,1e-06,5917,78562,0.00903,8700223
1,2021-01-01,544,79060,188,60103,356,18957,0,0,544,79095,0.009091,0,11,1e-06,544,79106,0.009092,8700223
1,2021-01-02,2901,81961,1760,61863,1141,20098,0,0,2903,81998,0.009425,0,11,1e-06,2903,82009,0.009426,8700223
1,2021-01-03,1020,82981,547,62410,473,20571,0,0,1018,83014,0.009542,2,13,1e-06,1018,83027,0.009543,8700223
1,2021-01-04,7326,90307,3572,65982,3754,24325,0,0,7327,90337,0.010383,4,17,2e-06,7327,90354,0.010385,8700223
1,2021-01-05,10760,101067,5184,71166,5576,29901,0,0,10009,99633,0.011452,736,753,8.7e-05,10032,100386,0.011538,8700223
1,2021-01-06,13974,115041,7014,78180,6960,36861,0,0,12092,109888,0.01263,1844,2597,0.000298,12099,112485,0.012929,8700223
1,2021-01-07,17362,132403,9067,87247,8295,45156,0,0,12920,118474,0.013617,4345,6942,0.000798,12931,125416,0.014415,8700223
1,2021-01-08,20059,152462,10391,97638,9668,54824,0,0,14183,126802,0.014575,5860,12802,0.001471,14188,139604,0.016046,8700223
1,2021-01-09,6678,159140,3368,101006,3310,58134,0,0,4833,129808,0.01492,1831,14633,0.001682,4837,144441,0.016602,8700223
1,2021-01-10,3066,162206,1744,102750,1322,59456,0,0,1882,130520,0.015002,1171,15804,0.001817,1883,146324,0.016818,8700223
1,2021-01-11,18029,180235,11805,114555,6224,65680,0,0,11500,135554,0.015581,6503,22307,0.002564,11537,157861,0.018144,8700223
1,2021-01-12,18856,199091,10736,125291,8120,73800,0,0,12898,142566,0.016386,5921,28228,0.003245,12933,170794,0.019631,8700223
1,2021-01-13,19688,218779,10643,135934,9045,82845,0,0,14551,152020,0.017473,5113,33341,0.003832,14567,185361,0.021305,8700223
1,2021-01-14,21826,240605,9370,145304,12456,95301,0,0,19094,168482,0.019365,2676,36017,0.00414,19138,204499,0.023505,8700223
1,2021-01-15,25036,265641,9214,154518,15822,111123,0,0,23105,189754,0.02181,1884,37901,0.004356,23156,227655,0.026167,8700223
1,2021-01-16,13833,279474,4524,159042,9309,120432,0,0,12972,201869,0.023203,859,38760,0.004455,12974,240629,0.027658,8700223
1,2021-01-17,5190,284664,2005,161047,3185,123617,0,0,4826,206339,0.023717,361,39121,0.004497,4831,245460,0.028213,8700223
1,2021-01-18,14238,298902,8553,169600,5685,129302,0,0,11088,214336,0.024636,3138,42259,0.004857,11135,256595,0.029493,8700223
1,2021-01-19,24587,323489,12847,182447,11740,141042,0,0,19414,228644,0.02628,5158,47417,0.00545,19466,276061,0.03173,8700223
1,2021-01-20,28580,352069,14022,196469,14558,155600,0,0,22950,246052,0.028281,5577,52994,0.006091,22985,299046,0.034372,8700223
1,2021-01-21,30622,382691,14248,210717,16374,171974,0,0,27484,270536,0.031095,3081,56075,0.006445,27565,326611,0.037541,8700223
1,2021-01-22,28058,410749,11133,221850,16925,188899,0,0,26083,294712,0.033874,1934,58009,0.006668,26110,352721,0.040542,8700223
1,2021-01-23,18659,429408,8186,230036,10473,199372,0,0,16732,309542,0.035579,1913,59922,0.006887,16743,369464,0.042466,8700223
1,2021-01-24,6657,436065,4156,234192,2501,201873,0,0,6004,314904,0.036195,647,60569,0.006962,6009,375473,0.043157,8700223
1,2021-01-25,25108,461173,10418,244610,14690,216563,0,0,19463,328833,0.037796,5624,66193,0.007608,19553,395026,0.045404,8700223
1,2021-01-26,28424,489597,13349,257959,15075,231638,0,0,21872,344217,0.039564,6506,72699,0.008356,21890,416916,0.04792,8700223
1,2021-01-27,32213,521810,15369,273328,16844,248482,0,0,24275,360640,0.041452,7877,80576,0.009261,24300,441216,0.050713,8700223
1,2021-01-28,34497,556307,16213,289541,18284,266766,0,0,27730,381712,0.043874,6712,87288,0.010033,27784,469000,0.053907,8700223
1,2021-01-29,33325,589632,16380,305921,16945,283711,0,0,26889,402333,0.046244,6303,93591,0.010757,26924,495924,0.057001,8700223
1,2021-01-30,20155,609787,8789,314710,11366,295077,0,0,18062,418332,0.048083,2070,95661,0.010995,18069,513993,0.059078,8700223
1,2021-01-31,7566,617353,4953,319663,2613,297690,0,0,6925,424620,0.048806,640,96301,0.011069,6928,520921,0.059874,8700223
1,2021-02-01,28513,645866,12425,332088,16088,313778,0,0,20893,437941,0.050337,7578,103879,0.01194,20899,541820,0.062277,8700223
1,2021-02-02,32006,677872,11507,343595,20499,334277,0,0,24124,454279,0.052215,7820,111699,0.012839,24158,565978,0.065053,8700223
1,2021-02-03,39082,716954,15017,358612,24065,358342,0,0,28261,471880,0.054238,10692,122391,0.014068,28293,594271,0.068305,8700223
1,2021-02-04,43499,760453,16969,375581,26530,384872,0,0,31633,491799,0.056527,11762,134153,0.015419,31681,625952,0.071947,8700223
1,2021-02-05,46594,807047,17296,392877,29298,414170,0,0,30711,506801,0.058251,15761,149914,0.017231,30763,656715,0.075483,8700223
1,2021-02-06,26459,833506,10496,403373,15963,430133,0,0,20635,521667,0.05996,5786,155700,0.017896,20652,677367,0.077856,8700223
1,2021-02-07,6243,839749,4019,407392,2224,432357,0,0,4640,524738,0.060313,1587,157287,0.018079,4658,682025,0.078392,8700223
1,2021-02-08,31190,870939,14247,421639,16943,449300,0,0,20853,535417,0.061541,10267,167554,0.019259,20946,702971,0.080799,8700223
1,2021-02-09,38146,909085,16815,438454,21331,470631,0,0,23613,544550,0.06259,14553,182107,0.020931,23686,726657,0.083522,8700223
1,2021-02-10,46668,955753,21934,460388,24734,495365,0,0,26939,551925,0.063438,19641,201748,0.023189,27016,753673,0.086627,8700223
1,2021-02-11,51225,1006978,25204,485592,26021,521386,0,0,30884,562835,0.064692,20071,221819,0.025496,30981,784654,0.090188,8700223
1,2021-02-12,49318,1056296,21289,506881,28029,549415,0,0,28483,570722,0.065599,20730,242549,0.027878,28617,813271,0.093477,8700223
1,2021-02-13,26019,1082315,11340,518221,14679,564094,0,0,15090,575027,0.066093,10861,253410,0.029127,15166,828437,0.09522,8700223
1,2021-02-14,11602,1093917,5474,523695,6128,570222,0,0,6624,576764,0.066293,4952,258362,0.029696,6689,835126,0.095989,8700223
1,2021-02-15,23547,1117464,9264,532959,14283,584505,0,0,14358,582151,0.066912,9087,267449,0.03074,14474,849600,0.097653,8700223
1,2021-02-16,46321,1163785,22186,555145,24135,608640,0,0,27314,590636,0.067887,18940,286389,0.032917,27425,877025,0.100805,8700223
1,2021-02-17,47752,1211537,24136,579281,23616,632256,0,0,25943,595032,0.068393,21692,308081,0.035411,26088,903113,0.103803,8700223
1,2021-02-18,50161,1261698,25042,604323,25119,657375,0,0,26144,597573,0.068685,23821,331902,0.038149,26362,929475,0.106833,8700223
1,2021-02-19,45495,1307193,24657,628980,20838,678213,0,0,25775,603789,0.069399,19624,351526,0.040404,25840,955315,0.109804,8700223
1,2021-02-20,26918,1334111,16408,645388,10510,688723,0,0,15495,607975,0.06988,11384,362910,0.041713,15570,970885,0.111593,8700223
1,2021-02-21,11449,1345560,10208,655596,1241,689964,0,0,6824,610266,0.070144,4582,367492,0.042239,6873,977758,0.112383,8700223
1,2021-02-22,29875,1375435,19628,675224,10247,700211,0,0,17630,615801,0.07078,12193,379685,0.043641,17728,995486,0.114421,8700223
1,2021-02-23,42857,1418292,20935,696159,21922,722133,0,0,24018,621464,0.071431,18715,398400,0.045792,24378,1019864,0.117223,8700223
1,2021-02-24,52894,1471186,25655,721814,27239,749372,0,0,29702,628519,0.072242,23094,421494,0.048446,30149,1050013,0.120688,8700223
1,2021-02-25,65017,1536203,31655,753469,33362,782734,0,0,40762,645627,0.074208,24157,445651,0.051223,41265,1091278,0.125431,8700223
1,2021-02-26,72928,1609131,34285,787754,38643,821377,0,0,48142,669609,0.076965,24637,470288,0.054055,48619,1139897,0.131019,8700223
1,2021-02-27,50043,1659174,23124,810878,26912,848289,7,7,33335,686613,0.078919,16602,486890,0.055963,33606,1173503,0.134882,8700223
1,2021-02-28,19310,1678484,11464,822342,7845,856134,1,8,14283,696067,0.080006,4969,491859,0.056534,14423,1187926,0.13654,8700223
1,2021-03-01,43932,1722416,20293,842635,23613,879747,26,34,28486,709489,0.081548,15324,507183,0.058295,28746,1216672,0.139844,8700223
1,2021-03-02,61611,1784027,26841,869476,34758,914505,12,46,39761,728137,0.083692,21739,528922,0.060794,40387,1257059,0.144486,8700223
1,2021-03-03,68848,1852875,32646,902122,36185,950690,17,63,41963,743947,0.085509,26761,555683,0.06387,42571,1299630,0.149379,8700223
1,2021-03-04,77111,1929986,36250,938372,40828,991518,33,96,49663,766858,0.088142,27294,582977,0.067007,50205,1349835,0.155149,8700223
1,2021-03-05,76579,2006565,34720,973092,41656,1033174,203,299,51434,794182,0.091283,24945,607922,0.069874,52269,1402104,0.161157,8700223
1,2021-03-06,56999,2063564,27215,1000307,28448,1061622,1336,1635,38855,816656,0.093866,18083,626005,0.071953,40557,1442661,0.165819,8700223
1,2021-03-07,20118,2083682,12815,1013122,6492,1068114,811,2446,15126,827881,0.095156,4974,630979,0.072524,16199,1458860,0.167681,8700223
1,2021-03-08,44131,2127813,21084,1034206,21176,1089290,1871,4317,30941,847919,0.097459,13113,644092,0.074032,33151,1492011,0.171491,8700223
1,2021-03-09,65455,2193268,31584,1065790,31398,1120688,2473,6790,40449,866286,0.099571,24898,668990,0.076893,43265,1535276,0.176464,8700223
1,2021-03-10,72263,2265531,36098,1101888,31796,1152484,4369,11159,44925,888745,0.102152,27205,696195,0.08002,49664,1584940,0.182172,8700223
1,2021-03-11,88622,2354153,40440,1142328,40258,1192742,7924,19083,51954,912643,0.104899,36446,732641,0.084209,60344,1645284,0.189108,8700223
1,2021-03-12,97191,2451344,42588,1184916,42269,1235011,12334,31417,56999,942457,0.108326,40011,772652,0.088808,69825,1715109,0.197134,8700223
1,2021-03-13,64607,2515951,29306,1214222,27583,1262594,7718,39135,41279,968576,0.111328,23222,795874,0.091477,49341,1764450,0.202805,8700223
1,2021-03-14,27521,2543472,14846,1229068,9114,1271708,3561,42696,15641,976148,0.112198,11829,807703,0.092837,19401,1783851,0.205035,8700223
1,2021-03-15,64285,2607757,28126,1257194,29474,1301182,6685,49381,38079,995227,0.114391,26033,833736,0.095829,45112,1828963,0.21022,8700223
1,2021-03-16,84632,2692389,38378,1295572,40709,1341891,5545,54926,52761,1022203,0.117492,31700,865436,0.099473,58676,1887639,0.216964,8700223
1,2021-03-17,91441,2783830,44129,1339701,40787,1382678,6525,61451,58958,1055738,0.121346,32322,897758,0.103188,65857,1953496,0.224534,8700223
1,2021-03-18,97298,2881128,50035,1389736,41660,1424338,5603,67054,59566,1083945,0.124588,37423,935181,0.107489,65630,2019126,0.232077,8700223
1,2021-03-19,102421,2983549,52946,1442682,43359,1467697,6116,73170,60695,1109764,0.127556,41477,976658,0.112257,67296,2086422,0.239812,8700223
1,2021-03-20,71859,3055408,36971,1479653,29665,1497362,5223,78393,46403,1136343,0.130611,25303,1001961,0.115165,51882,2138304,0.245776,8700223
1,2021-03-21,26877,3082285,18768,1498421,6304,1503666,1805,80198,17358,1146144,0.131737,9446,1011407,0.116251,19247,2157551,0.247988,8700223
1,2021-03-22,58484,3140769,30088,1528509,25124,1528790,3272,83470,39736,1170935,0.134587,18569,1029976,0.118385,43360,2200911,0.252972,8700223
1,2021-03-23,82025,3222794,41546,1570055,36875,1565665,3604,87074,51054,1195264,0.137383,30782,1060758,0.121923,55111,2256022,0.259306,8700223
1,2021-03-24,86936,3309730,43876,1613931,38724,1604389,4336,91410,52771,1218603,0.140066,33946,1094704,0.125825,57285,2313307,0.265891,8700223
1,2021-03-25,95525,3405255,48589,1662520,41143,1645532,5793,97203,53924,1237210,0.142204,41328,1136032,0.130575,59935,2373242,0.272779,8700223
1,2021-03-26,103482,3508737,50444,1712964,46778,1692310,6260,103463,56272,1253110,0.144032,46934,1182966,0.13597,62834,2436076,0.280002,8700223
1,2021-03-27,73459,3582196,37923,1750887,31358,1723668,4178,107641,38169,1260564,0.144889,35101,1218067,0.140004,42555,2478631,0.284893,8700223
1,2021-03-28,32468,3614664,21271,1772158,9988,1733656,1209,108850,16598,1262935,0.145161,15769,1233836,0.141817,18140,2496771,0.286978,8700223
1,2021-03-29,66258,3680922,32901,1805059,30257,1763913,3100,111950,36954,1274061,0.14644,29138,1262974,0.145166,40264,2537035,0.291606,8700223
1,2021-03-30,90669,3771591,44695,1849754,39698,1803611,6276,118226,47216,1284345,0.147622,43314,1306288,0.150144,53598,2590633,0.297766,8700223
1,2021-03-31,99588,3871179,52170,1901924,41497,1845108,5921,124147,55317,1301651,0.149611,44017,1350305,0.155203,61323,2651956,0.304815,8700223
1,2021-04-01,110083,3981262,52748,1954672,48941,1894049,8394,132541,56821,1314013,0.151032,52935,1403240,0.161288,65297,2717253,0.31232,8700223
1,2021-04-02,109764,4091026,50092,2004764,50077,1944126,9595,142136,56326,1327098,0.152536,53068,1456308,0.167387,66153,2783406,0.319924,8700223
1,2021-04-03,77303,4168329,38738,2043502,28970,1973096,9595,151731,36111,1331854,0.153083,41035,1497343,0.172104,45791,2829197,0.325187,8700223
1,2021-04-04,23646,4191975,11759,2055261,8430,1981526,3457,155188,9937,1331580,0.153051,13660,1511003,0.173674,13386,2842583,0.326725,8700223
1,2021-04-05,75338,4267313,36221,2091482,30005,2011531,9112,164300,34350,1334407,0.153376,40816,1551819,0.178365,43643,2886226,0.331742,8700223
1,2021-04-06,102537,4369850,48549,2140031,37510,2049041,16478,180778,46611,1341869,0.154234,55686,1607505,0.184766,63148,2949374,0.339,8700223
1,2021-04-07,109979,4479829,53110,2193141,39483,2088524,17386,198164,50138,1349856,0.155152,59601,1667106,0.191616,67588,3016962,0.346768,8700223
1,2021-04-08,120794,4600623,56940,2250081,43073,2131597,20781,218945,53540,1357371,0.156016,66915,1734021,0.199308,74430,3091392,0.355323,8700223
1,2021-04-09,121471,4722094,55516,2305597,45486,2177083,20469,239414,53746,1364331,0.156816,67412,1801433,0.207056,74372,3165764,0.363872,8700223
1,2021-04-10,94811,4816905,42198,2347795,30051,2207134,22562,261976,37104,1366493,0.157064,57535,1858968,0.213669,59697,3225461,0.370733,8700223
1,2021-04-11,36041,4852946,20124,2367919,9326,2216460,6591,268567,14721,1366673,0.157085,21273,1880241,0.216114,21453,3246914,0.373199,8700223
1,2021-04-12,73105,4926051,32390,2400309,30795,2247255,9920,278487,31061,1366041,0.157012,41808,1922049,0.22092,41176,3288090,0.377932,8700223
1,2021-04-13,96045,5022096,51323,2451632,44389,2291644,333,278820,51936,1374820,0.158021,43866,1965915,0.225961,52645,3340735,0.383983,8700223
1,2021-04-14,102880,5124976,53113,2504745,49699,2341343,68,278888,52427,1377611,0.158342,50130,2016045,0.231723,52921,3393656,0.390065,8700223
1,2021-04-15,104347,5229323,56588,2561333,47677,2389020,82,278970,55975,1386031,0.15931,47860,2063905,0.237224,56280,3449936,0.396534,8700223
1,2021-04-16,108385,5337708,55701,2617034,52597,2441617,87,279057,54425,1387180,0.159442,53540,2117445,0.243378,54689,3504625,0.40282,8700223
1,2021-04-17,81780,5419488,44313,2661347,37459,2479076,8,279065,45925,1397611,0.160641,35667,2153112,0.247478,46098,3550723,0.408119,8700223
1,2021-04-18,28848,5448336,19249,2680596,9592,2488668,7,279072,14647,1398331,0.160724,14132,2167244,0.249102,14852,3565575,0.409826,8700223
1,2021-04-19,64503,5512839,32909,2713505,31582,2520250,12,279084,29246,1392756,0.160083,34962,2202206,0.253121,29387,3594962,0.413203,8700223
1,2021-04-20,85699,5598538,42606,2756111,43074,2563324,19,279103,40679,1388902,0.15964,44755,2246961,0.258265,40901,3635863,0.417905,8700223
1,2021-04-21,91787,5690325,46784,2802895,44909,2608233,94,279197,41218,1380323,0.158654,50099,2297060,0.264023,41520,3677383,0.422677,8700223
1,2021-04-22,94252,5784577,48572,2851467,45664,2653897,16,279213,43418,1373565,0.157877,50409,2347469,0.269817,43651,3721034,0.427694,8700223
1,2021-04-23,97960,5882537,50301,2901768,47634,2701531,25,279238,46568,1369414,0.1574,50966,2398435,0.275675,46815,3767849,0.433075,8700223
1,2021-04-24,74613,5957150,46277,2948045,28313,2729844,23,279261,42390,1380005,0.158617,32078,2430513,0.279362,42669,3810518,0.437979,8700223
1,2021-04-25,26877,5984027,17125,2965170,9742,2739586,10,279271,15424,1384211,0.159101,11361,2441874,0.280668,15567,3826085,0.439769,8700223
1,2021-04-26,63577,6047604,33214,2998384,29964,2769550,399,279670,30414,1382459,0.158899,32904,2474778,0.28445,31152,3857237,0.443349,8700223
1,2021-04-27,77297,6124901,41151,3039535,34950,2804500,1196,280866,33333,1373607,0.157882,43720,2518498,0.289475,34868,3892105,0.447357,8700223
1,2021-04-28,77732,6202633,41178,3080713,35111,2839611,1443,282309,33971,1365761,0.15698,43488,2561986,0.294474,35642,3927747,0.451454,8700223
1,2021-04-29,80822,6283455,44246,3124959,35007,2874618,1569,283878,32708,1352370,0.155441,47830,2609816,0.299971,34439,3962186,0.455412,8700223
1,2021-04-30,88223,6371678,47743,3172702,38671,2913289,1809,285687,36648,1339684,0.153983,51311,2661127,0.305869,38625,4000811,0.459852,8700223
1,2021-05-01,61687,6433365,39941,3212643,20380,2933669,1366,287053,25955,1331666,0.153061,35569,2696696,0.309957,27551,4028362,0.463018,8700223
1,2021-05-02,23158,6456523,16372,3229015,6227,2939896,559,287612,9425,1328048,0.152645,13633,2710329,0.311524,10015,4038377,0.464169,8700223
1,2021-05-03,54005,6510528,30061,3259076,22170,2962066,1774,289386,19531,1315133,0.151161,34276,2744605,0.315464,21361,4059738,0.466625,8700223
1,2021-05-04,72144,6582672,41278,3300354,28833,2990899,2033,291419,25847,1297050,0.149082,46052,2790657,0.320757,27969,4087707,0.469839,8700223
1,2021-05-05,73812,6656484,42331,3342685,29240,3020139,2241,293660,24974,1275781,0.146638,48556,2839213,0.326338,27287,4114994,0.472976,8700223
1,2021-05-06,75595,6732079,45241,3387926,28207,3048346,2147,295807,23798,1250436,0.143725,51450,2890663,0.332252,26105,4141099,0.475976,8700223
1,2021-05-07,79201,6811280,45028,3432954,32035,3080381,2138,297945,26574,1226952,0.141025,52257,2942920,0.338258,28773,4169872,0.479283,8700223
1,2021-05-08,53980,6865260,33712,3466666,18732,3099113,1536,299481,18251,1211373,0.139235,35457,2978377,0.342333,19878,4189750,0.481568,8700223
1,2021-05-09,17645,6882905,12544,3479210,4626,3103739,475,299956,5462,1205233,0.138529,12112,2990489,0.343726,5972,4195722,0.482255,8700223
1,2021-05-10,41637,6924542,20864,3500074,19036,3122775,1737,301693,13948,1193499,0.13718,27511,3018000,0.346888,15777,4211499,0.484068,8700223
1,2021-05-11,58107,6982649,31043,3531117,25045,3147820,2019,303712,18882,1175532,0.135115,38991,3056991,0.351369,21024,4232523,0.486484,8700223
1,2021-05-12,57354,7040003,29983,3561100,25479,3173299,1892,305604,18866,1158143,0.133116,38220,3095211,0.355762,20831,4253354,0.488879,8700223
1,2021-05-13,60044,7100047,34834,3595934,23331,3196630,1879,307483,22656,1145881,0.131707,37072,3132283,0.360023,24810,4278164,0.49173,8700223
1,2021-05-14,73091,7173138,43939,3639873,26848,3223478,2304,309787,29707,1135123,0.130471,43073,3175356,0.364974,32315,4310479,0.495445,8700223
1,2021-05-15,63062,7236200,41688,3681561,19706,3243184,1668,311455,24953,1123944,0.129186,37881,3213237,0.369328,26702,4337181,0.498514,8700223
1,2021-05-16,23939,7260139,17457,3699018,5871,3249055,611,312066,9650,1120053,0.128738,14193,3227430,0.370959,10302,4347483,0.499698,8700223
1,2021-05-17,52957,7313096,32558,3731576,18691,3267746,1708,313774,23199,1115486,0.128213,29535,3256965,0.374354,24968,4372451,0.502568,8700223
1,2021-05-18,63288,7376384,38222,3769798,23299,3291045,1767,315541,28354,1111024,0.127701,34686,3291651,0.378341,30224,4402675,0.506042,8700223
1,2021-05-19,65187,7441571,39701,3809499,23579,3314624,1907,317448,29930,1107946,0.127347,35005,3326656,0.382364,31927,4434602,0.509711,8700223
1,2021-05-20,54541,7496112,31799,3841298,20707,3335331,2035,319483,23307,1102491,0.12672,30983,3357639,0.385926,25528,4460130,0.512645,8700223
1,2021-05-21,59893,7556005,36094,3877392,22070,3357401,1729,321212,26068,1096868,0.126074,33505,3391144,0.389777,27882,4488012,0.51585,8700223
1,2021-05-22,46053,7602058,31080,3908472,13399,3370800,1574,322786,20945,1094556,0.125808,24917,3416061,0.392641,22605,4510617,0.518448,8700223
1,2021-05-23,13907,7615965,10689,3919161,2727,3373527,491,323277,7225,1095685,0.125938,6610,3422671,0.3934,7739,4518356,0.519338,8700223
1,2021-05-24,41988,7657953,23230,3942391,16970,3390497,1788,325065,17290,1090364,0.125326,24487,3447158,0.396215,19166,4537522,0.521541,8700223
1,2021-05-25,49912,7707865,28952,3971343,19377,3409874,1583,326648,21375,1085123,0.124724,28298,3475456,0.399467,23057,4560579,0.524191,8700223
1,2021-05-26,47249,7755114,26859,3998202,18551,3428425,1839,328487,20541,1081143,0.124266,26426,3501882,0.402505,22446,4583025,0.526771,8700223
1,2021-05-27,46165,7801279,25998,4024200,18293,3446718,1874,330361,20480,1078182,0.123926,25429,3527311,0.405428,22468,4605493,0.529353,8700223
1,2021-05-28,51130,7852409,28544,4052744,20849,3467567,1737,332098,23300,1075808,0.123653,27548,3554859,0.408594,25174,4630667,0.532247,8700223
1,2021-05-29,29962,7882371,18203,4070947,10840,3478407,919,333017,14651,1076287,0.123708,15161,3570020,0.410337,15640,4646307,0.534045,8700223
1,2021-05-30,11510,7893881,7445,4078392,3524,3481931,541,333558,5635,1076680,0.123753,5812,3575832,0.411005,6205,4652512,0.534758,8700223
1,2021-05-31,5644,7899525,3227,4081619,2167,3484098,250,333808,1998,1075340,0.123599,3600,3579432,0.411418,2260,4654772,0.535018,8700223
1,2021-06-01,44806,7944331,25405,4107024,17940,3502038,1461,335269,18218,1068809,0.122848,26306,3605738,0.414442,19775,4674547,0.53729,8700223
1,2021-06-02,39062,7983393,22832,4129856,14792,3516830,1438,336707,16921,1065387,0.122455,21872,3627610,0.416956,18450,4692997,0.539411,8700223
1,2021-06-03,39182,8022575,24675,4154531,12946,3529776,1561,338268,16406,1060919,0.121942,22518,3650128,0.419544,18050,4711047,0.541486,8700223
1,2021-06-04,45354,8067929,29253,4183784,14554,3544330,1547,339815,17226,1051912,0.120906,27873,3678001,0.422748,18866,4729913,0.543654,8700223
1,2021-06-05,36348,8104277,25028,4208812,9828,3554158,1492,341307,13411,1044121,0.120011,22760,3700761,0.425364,14969,4744882,0.545375,8700223
1,2021-06-06,11856,8116133,9465,4218277,1958,3556116,433,341740,4353,1041537,0.119714,7440,3708201,0.426219,4856,4749738,0.545933,8700223
1,2021-06-07,19038,8135171,13047,4231324,5145,3561261,846,342586,6307,1036118,0.119091,12607,3720808,0.427668,7188,4756926,0.546759,8700223
2,2020-12-15,238,238,238,238,0,0,0,0,238,238,2.8e-05,0,0,0.0,238,238,2.8e-05,8407551
2,2020-12-16,2079,2317,2079,2317,0,0,0,0,2078,2316,0.000275,0,0,0.0,2078,2316,0.000275,8407551
2,2020-12-17,6757,9074,6757,9074,0,0,0,0,6758,9074,0.001079,0,0,0.0,6758,9074,0.001079,8407551
2,2020-12-18,10930,20004,10911,19985,19,19,0,0,10932,20006,0.00238,0,0,0.0,10932,20006,0.00238,8407551
2,2020-12-19,5590,25594,5584,25569,6,25,0,0,5591,25597,0.003045,0,0,0.0,5591,25597,0.003045,8407551
2,2020-12-20,4213,29807,4205,29774,8,33,0,0,4209,29806,0.003545,0,0,0.0,4209,29806,0.003545,8407551
2,2020-12-21,12763,42570,12738,42512,25,58,0,0,12718,42524,0.005058,0,0,0.0,12718,42524,0.005058,8407551
2,2020-12-22,12105,54675,11594,54106,511,569,0,0,12104,54628,0.006497,0,0,0.0,12104,54628,0.006497,8407551
2,2020-12-23,11699,66374,9489,63595,2210,2779,0,0,11702,66330,0.007889,1,1,0.0,11703,66331,0.007889,8407551
2,2020-12-24,5858,72232,3493,67088,2365,5144,0,0,5855,72185,0.008586,2,3,0.0,5857,72188,0.008586,8407551
2,2020-12-25,479,72711,401,67489,78,5222,0,0,480,72665,0.008643,0,3,0.0,480,72668,0.008643,8407551
2,2020-12-26,2565,75276,1670,69159,895,6117,0,0,2566,75230,0.008948,1,4,0.0,2566,75234,0.008948,8407551
2,2020-12-27,2225,77501,1209,70368,1016,7133,0,0,2223,77452,0.009212,1,5,1e-06,2223,77457,0.009213,8407551
2,2020-12-28,10972,88473,7142,77510,3830,10963,0,0,10972,88423,0.010517,1,6,1e-06,10972,88429,0.010518,8407551
2,2020-12-29,12636,101109,7117,84627,5519,16482,0,0,12641,101064,0.012021,0,6,1e-06,12641,101070,0.012021,8407551
2,2020-12-30,15343,116452,8626,93253,6717,23199,0,0,15358,116421,0.013847,3,9,1e-06,15360,116430,0.013848,8407551
2,2020-12-31,7511,123963,2811,96064,4700,27899,0,0,7508,123928,0.01474,1,10,1e-06,7508,123938,0.014741,8407551
2,2021-01-01,1151,125114,553,96617,598,28497,0,0,1151,125077,0.014877,2,12,1e-06,1151,125089,0.014878,8407551
2,2021-01-02,4818,129932,2744,99361,2074,30571,0,0,4816,129893,0.01545,0,12,1e-06,4816,129905,0.015451,8407551
2,2021-01-03,1381,131313,789,100150,592,31163,0,0,1375,131264,0.015613,4,16,2e-06,1375,131280,0.015615,8407551
2,2021-01-04,11617,142930,5551,105701,6066,37229,0,0,11601,142857,0.016992,8,24,3e-06,11601,142881,0.016994,8407551
2,2021-01-05,13819,156749,6889,112590,6930,44159,0,0,12631,154337,0.018357,1182,1206,0.000143,12662,155543,0.0185,8407551
2,2021-01-06,18935,175684,10441,123031,8494,52653,0,0,15193,165843,0.019725,3694,4900,0.000583,15200,170743,0.020308,8407551
2,2021-01-07,22939,198623,12880,135911,10059,62712,0,0,15524,173953,0.02069,7428,12328,0.001466,15538,186281,0.022156,8407551
2,2021-01-08,26413,225036,15986,151897,10427,73139,0,0,16307,180211,0.021434,10070,22398,0.002664,16328,202609,0.024098,8407551
2,2021-01-09,9735,234771,5661,157558,4074,77213,0,0,6236,182940,0.021759,3513,25911,0.003082,6242,208851,0.024841,8407551
2,2021-01-10,5257,240028,2918,160476,2339,79552,0,0,3043,183758,0.021856,2230,28141,0.003347,3048,211899,0.025203,8407551
2,2021-01-11,25926,265954,17808,178284,8118,87670,0,0,14982,187815,0.022339,10974,39115,0.004652,15031,226930,0.026991,8407551
2,2021-01-12,26114,292068,16237,194521,9877,97547,0,0,16601,194953,0.023188,9535,48650,0.005786,16673,243603,0.028974,8407551
2,2021-01-13,28434,320502,15079,209600,13355,110902,0,0,20498,207544,0.024685,7929,56579,0.00673,20520,264123,0.031415,8407551
2,2021-01-14,30201,350703,11500,221100,18701,129603,0,0,25991,229362,0.02728,4231,60810,0.007233,26049,290172,0.034513,8407551
2,2021-01-15,34956,385659,12709,233809,22247,151850,0,0,31700,257875,0.030672,3260,64070,0.007621,31773,321945,0.038292,8407551
2,2021-01-16,17746,403405,5768,239577,11978,163828,0,0,16430,272974,0.032468,1342,65412,0.00778,16441,338386,0.040248,8407551
2,2021-01-17,10584,413989,3572,243149,7012,170840,0,0,9873,282119,0.033555,736,66148,0.007868,9881,348267,0.041423,8407551
2,2021-01-18,19633,433622,10982,254131,8651,179491,0,0,14863,292245,0.03476,4787,70935,0.008437,14913,363180,0.043197,8407551
2,2021-01-19,32358,465980,16909,271040,15449,194940,0,0,24407,308811,0.03673,7956,78891,0.009383,24522,387702,0.046114,8407551
2,2021-01-20,36969,502949,18520,289560,18449,213389,0,0,28385,328724,0.039099,8562,87453,0.010402,28475,416177,0.0495,8407551
2,2021-01-21,40449,543398,17108,306668,23341,236730,0,0,36026,360511,0.042879,4398,91851,0.010925,36185,452362,0.053804,8407551
2,2021-01-22,39189,582587,16381,323049,22808,259538,0,0,35898,393146,0.046761,3289,95140,0.011316,35924,488286,0.058077,8407551
2,2021-01-23,24018,606605,10799,333848,13219,272757,0,0,21078,411334,0.048924,2917,98057,0.011663,21105,509391,0.060587,8407551
2,2021-01-24,12424,619029,6145,339993,6279,279036,0,0,11511,421956,0.050188,900,98957,0.01177,11522,520913,0.061958,8407551
2,2021-01-25,33726,652755,15559,355552,18167,297203,0,0,24979,438368,0.05214,8693,107650,0.012804,25105,546018,0.064944,8407551
2,2021-01-26,40025,692780,19693,375245,20332,317535,0,0,31067,460576,0.054781,8937,116587,0.013867,31145,577163,0.068648,8407551
2,2021-01-27,45406,738186,22741,397986,22665,340200,0,0,35375,486090,0.057816,9917,126504,0.015046,35431,612594,0.072862,8407551
2,2021-01-28,47835,786021,22544,420530,25291,365491,0,0,39272,516921,0.061483,8507,135011,0.016058,39338,651932,0.077541,8407551
2,2021-01-29,45416,831437,22134,442664,23282,388773,0,0,36868,545407,0.064871,8443,143454,0.017063,36929,688861,0.081934,8407551
2,2021-01-30,31249,862686,13587,456251,17662,406435,0,0,27946,570119,0.06781,3263,146717,0.017451,27975,716836,0.085261,8407551
2,2021-01-31,17248,879934,10348,466599,6900,413335,0,0,16092,585089,0.069591,1140,147857,0.017586,16110,732946,0.087177,8407551
2,2021-02-01,40862,920796,19769,486368,21093,434428,0,0,30109,604523,0.071902,10715,158572,0.018861,30149,763095,0.090763,8407551
2,2021-02-02,47515,968311,19338,505706,28177,462605,0,0,36216,629604,0.074886,11230,169802,0.020196,36311,799406,0.095082,8407551
2,2021-02-03,53789,1022100,23949,529655,29840,492445,0,0,39819,655638,0.077982,13875,183677,0.021847,39909,839315,0.099829,8407551
2,2021-02-04,55781,1077881,24157,553812,31624,524069,0,0,40822,681688,0.08108,14867,198544,0.023615,40917,880232,0.104695,8407551
2,2021-02-05,59497,1137378,26239,580051,33258,557327,0,0,40284,703101,0.083627,19042,217586,0.02588,40455,920687,0.109507,8407551
2,2021-02-06,38863,1176241,18166,598217,20697,578024,0,0,31121,726638,0.086427,7673,225259,0.026792,31210,951897,0.113219,8407551
2,2021-02-07,15754,1191995,10501,608718,5253,583277,0,0,11964,734901,0.08741,3767,229026,0.027241,12030,963927,0.11465,8407551
2,2021-02-08,42998,1234993,22051,630769,20947,604224,0,0,29563,751356,0.089367,13302,242328,0.028823,29757,993684,0.118189,8407551
2,2021-02-09,49180,1284173,23367,654136,25813,630037,0,0,30625,763975,0.090868,18332,260660,0.031003,30951,1024635,0.121871,8407551
2,2021-02-10,59223,1343396,27919,682055,31304,661341,0,0,34531,774437,0.092112,24424,285084,0.033908,34886,1059521,0.12602,8407551
2,2021-02-11,63737,1407133,29491,711546,34246,695587,0,0,35877,783216,0.093156,27587,312671,0.037189,36366,1095887,0.130346,8407551
2,2021-02-12,64876,1472009,28034,739580,36842,732429,0,0,34633,788530,0.093788,29975,342646,0.040755,35289,1131176,0.134543,8407551
2,2021-02-13,37500,1509509,15728,755308,21772,754201,0,0,21714,794913,0.094548,15708,358354,0.042623,22091,1153267,0.13717,8407551
2,2021-02-14,19891,1529400,9297,764605,10594,764795,0,0,11172,797763,0.094886,8679,367033,0.043655,11529,1164796,0.138542,8407551
2,2021-02-15,32910,1562310,14871,779476,18039,782834,0,0,18297,802415,0.09544,14497,381530,0.045379,19149,1183945,0.140819,8407551
2,2021-02-16,55834,1618144,27534,807010,28300,811134,0,0,29482,806300,0.095902,26267,407797,0.048504,30152,1214097,0.144406,8407551
2,2021-02-17,61093,1679237,31522,838532,29571,840705,0,0,30466,807017,0.095987,30570,438367,0.05214,31287,1245384,0.148127,8407551
2,2021-02-18,65729,1744966,33292,871824,32437,873142,0,0,32153,806945,0.095979,33361,471728,0.056108,33289,1278673,0.152086,8407551
2,2021-02-19,58781,1803747,32712,904536,26069,899211,0,0,29283,807477,0.096042,29354,501082,0.059599,29886,1308559,0.155641,8407551
2,2021-02-20,37038,1840785,24163,928699,12875,912086,0,0,20243,811683,0.096542,16717,517799,0.061587,20923,1329482,0.15813,8407551
2,2021-02-21,20617,1861402,17158,945857,3459,915545,0,0,9985,811906,0.096569,10563,528362,0.062844,10786,1340268,0.159412,8407551
2,2021-02-22,37411,1898813,25620,971477,11791,927336,0,0,17929,811120,0.096475,19393,547755,0.06515,18607,1358875,0.161626,8407551
2,2021-02-23,51559,1950372,26380,997857,25179,952515,0,0,22826,807289,0.09602,28552,576307,0.068546,24721,1383596,0.164566,8407551
2,2021-02-24,68256,2018628,35170,1033027,33086,985601,0,0,31524,804575,0.095697,36597,612904,0.072899,33883,1417479,0.168596,8407551
2,2021-02-25,74042,2092670,34949,1067976,39093,1024694,0,0,37795,809131,0.096239,36041,648945,0.077186,40597,1458076,0.173425,8407551
2,2021-02-26,82330,2175000,35179,1103155,47151,1071845,0,0,44617,818473,0.09735,37467,686412,0.081642,46809,1504885,0.178992,8407551
2,2021-02-27,60103,2235103,27813,1130968,32284,1104129,6,6,32903,825698,0.098209,27010,713422,0.084855,34235,1539120,0.183064,8407551
2,2021-02-28,29597,2264700,17791,1148759,11805,1115934,1,7,17510,832042,0.098964,11997,725419,0.086282,18341,1557461,0.185246,8407551
2,2021-03-01,56350,2321050,29702,1178461,26621,1142555,27,34,30919,838981,0.099789,25199,750618,0.089279,32138,1589599,0.189068,8407551
2,2021-03-02,67509,2388559,32551,1211012,34952,1177507,6,40,38300,850553,0.101165,29077,779695,0.092737,40649,1630248,0.193903,8407551
2,2021-03-03,78877,2467436,38157,1249169,40709,1218216,11,51,44606,863625,0.10272,34101,813796,0.096793,47173,1677421,0.199514,8407551
2,2021-03-04,86813,2554249,42867,1292036,43917,1262133,29,80,50223,879852,0.10465,36405,850201,0.101124,52632,1730053,0.205774,8407551
2,2021-03-05,80284,2634533,38112,1330148,41871,1304004,301,381,49415,901261,0.107197,30685,880886,0.104773,52094,1782147,0.21197,8407551
2,2021-03-06,62438,2696971,30539,1360687,30213,1334217,1686,2067,38525,919109,0.109319,23808,904694,0.107605,41656,1823803,0.216924,8407551
2,2021-03-07,27484,2724455,16101,1376788,10413,1344630,970,3037,17749,929262,0.110527,9679,914373,0.108756,19832,1843635,0.219283,8407551
2,2021-03-08,49674,2774129,22869,1399657,24350,1368980,2455,5492,31481,946746,0.112607,18101,932474,0.110909,35585,1879220,0.223516,8407551
2,2021-03-09,69322,2843451,31772,1431429,33785,1402765,3765,9257,38676,960010,0.114184,30536,963010,0.114541,43800,1923020,0.228725,8407551
2,2021-03-10,77203,2920654,36703,1468132,33963,1436728,6537,15794,41231,973333,0.115769,35802,998812,0.118799,49125,1972145,0.234568,8407551
2,2021-03-11,92036,3012690,42514,1510646,41194,1477922,8328,24122,48393,988084,0.117523,43383,1042195,0.123959,58134,2030279,0.241483,8407551
2,2021-03-12,93034,3105724,38423,1549069,42636,1520558,11975,36097,46686,1002042,0.119184,46153,1088348,0.129449,60111,2090390,0.248632,8407551
2,2021-03-13,68265,3173989,28797,1577866,31542,1552100,7926,44023,37662,1018449,0.121135,30492,1118840,0.133076,46899,2137289,0.254211,8407551
2,2021-03-14,36516,3210505,18241,1596107,13754,1565854,4521,48544,18623,1024543,0.12186,17810,1136650,0.135194,23904,2161193,0.257054,8407551
2,2021-03-15,66784,3277289,30195,1626302,31615,1597469,4974,53518,37072,1038166,0.12348,29532,1166182,0.138707,43155,2204348,0.262187,8407551
2,2021-03-16,85652,3362941,37940,1664242,43733,1641202,3979,57497,52230,1062237,0.126343,33268,1199450,0.142663,57339,2261687,0.269007,8407551
2,2021-03-17,91750,3454691,44003,1708245,43614,1684816,4133,61630,58526,1092747,0.129972,33005,1232455,0.146589,63515,2325202,0.276561,8407551
2,2021-03-18,96961,3551652,46328,1754573,46158,1730974,4475,66105,59564,1120222,0.13324,37129,1269584,0.151005,64604,2389806,0.284245,8407551
2,2021-03-19,96739,3648391,45723,1800296,44905,1775879,6111,72216,57826,1146019,0.136308,38654,1308238,0.155603,64451,2454257,0.291911,8407551
2,2021-03-20,69326,3717717,33554,1833850,31850,1807729,3922,76138,45644,1172455,0.139453,23480,1331718,0.158395,49916,2504173,0.297848,8407551
2,2021-03-21,32960,3750677,21334,1855184,9649,1817378,1977,78115,20403,1182805,0.140684,12452,1344170,0.159877,22802,2526975,0.30056,8407551
2,2021-03-22,62273,3812950,34180,1889364,25454,1842832,2639,80754,41531,1207332,0.143601,20540,1364710,0.16232,45067,2572042,0.30592,8407551
2,2021-03-23,82968,3895918,44062,1933426,36007,1878839,2899,83653,52202,1232745,0.146624,30527,1395237,0.16595,55940,2627982,0.312574,8407551
2,2021-03-24,90989,3986907,48982,1982408,38861,1917700,3146,86799,53996,1253993,0.149151,36714,1431951,0.170317,57962,2685944,0.319468,8407551
2,2021-03-25,100574,4087481,50780,2033188,45914,1963614,3880,90679,57412,1273183,0.151433,42871,1474822,0.175416,62061,2748005,0.32685,8407551
2,2021-03-26,102734,4190215,51095,2084283,48163,2011777,3476,94155,56703,1288719,0.153281,45704,1520526,0.180852,61240,2809245,0.334134,8407551
2,2021-03-27,75023,4265238,37490,2121773,34241,2046018,3292,97447,37936,1293934,0.153901,36877,1557403,0.185239,42092,2851337,0.33914,8407551
2,2021-03-28,37432,4302670,23122,2144895,13506,2059524,804,98251,20305,1298756,0.154475,17015,1574418,0.187262,21837,2873174,0.341737,8407551
2,2021-03-29,70754,4373424,36058,2180953,32441,2091965,2255,100506,40592,1312508,0.156111,29996,1604414,0.19083,43748,2916922,0.346941,8407551
2,2021-03-30,91397,4464821,44770,2225723,42293,2134258,4334,104840,51682,1329602,0.158144,39527,1643941,0.195531,56621,2973543,0.353675,8407551
2,2021-03-31,100713,4565534,51986,2277709,43655,2177913,5072,109912,57785,1350154,0.160588,42660,1686601,0.200606,63212,3036755,0.361194,8407551
2,2021-04-01,116848,4682382,56506,2334215,51206,2229119,9136,119048,64137,1371485,0.163125,52397,1738998,0.206838,73728,3110483,0.369963,8407551
2,2021-04-02,111074,4793456,51298,2385513,49684,2278803,10092,129140,60113,1391546,0.165511,50625,1789623,0.212859,70686,3181169,0.37837,8407551
2,2021-04-03,76395,4869851,37467,2422980,29169,2307972,9759,138899,38053,1401604,0.166708,38160,1827783,0.217398,48218,3229387,0.384106,8407551
2,2021-04-04,28971,4898822,14892,2437872,10239,2318211,3840,142739,13099,1402797,0.16685,15790,1843573,0.219276,16983,3246370,0.386126,8407551
2,2021-04-05,78622,4977444,38613,2476485,31292,2349503,8717,151456,38355,1410513,0.167767,40126,1883699,0.224048,47842,3294212,0.391816,8407551
2,2021-04-06,103233,5080677,50297,2526782,38287,2387790,14649,166105,49203,1420993,0.169014,53797,1937496,0.230447,64277,3358489,0.399461,8407551
2,2021-04-07,109878,5190555,54846,2581628,38877,2426667,16155,182260,52065,1431961,0.170318,57561,1995057,0.237293,68529,3427018,0.407612,8407551
2,2021-04-08,118774,5309329,57176,2638804,42973,2469640,18625,200885,55347,1443437,0.171683,63130,2058187,0.244802,74606,3501624,0.416486,8407551
2,2021-04-09,118092,5427421,56868,2695672,43234,2512874,17990,218875,56019,1456631,0.173253,61735,2119922,0.252145,74929,3576553,0.425398,8407551
2,2021-04-10,86741,5514162,37575,2733247,30906,2543780,18260,237135,36009,1461096,0.173784,50498,2170420,0.258151,54963,3631516,0.431935,8407551
2,2021-04-11,44195,5558357,22916,2756163,12778,2556558,8501,245636,18110,1462490,0.17395,25960,2196380,0.261239,27354,3658870,0.435189,8407551
2,2021-04-12,79402,5637759,36995,2793158,33096,2589654,9311,254947,35652,1464988,0.174247,43506,2239886,0.266414,46004,3704874,0.44066,8407551
2,2021-04-13,101069,5738828,52380,2845538,48432,2638086,257,255204,55548,1476405,0.175605,45302,2285188,0.271802,56719,3761593,0.447407,8407551
2,2021-04-14,105651,5844479,55267,2900805,50334,2688420,50,255254,54367,1481287,0.176185,51034,2336222,0.277872,55916,3817509,0.454057,8407551
2,2021-04-15,112066,5956545,59530,2960335,52467,2740887,69,255323,58958,1488659,0.177062,52782,2389004,0.28415,60154,3877663,0.461212,8407551
2,2021-04-16,109086,6065631,56650,3016985,52386,2793273,50,255373,55588,1491917,0.17745,53226,2442230,0.290481,56484,3934147,0.46793,8407551
2,2021-04-17,82063,6147694,41697,3058682,40350,2833623,16,255389,46082,1503103,0.17878,35778,2478008,0.294736,46964,3981111,0.473516,8407551
2,2021-04-18,34024,6181718,20370,3079052,13649,2847272,5,255394,16285,1502740,0.178737,17626,2495634,0.296832,17263,3998374,0.475569,8407551
2,2021-04-19,73571,6255289,39704,3118756,33855,2881127,12,255406,33731,1497479,0.178111,39620,2535254,0.301545,34359,4032733,0.479656,8407551
2,2021-04-20,94808,6350097,47330,3166086,47453,2928580,25,255431,46264,1496245,0.177964,48261,2583515,0.307285,47027,4079760,0.48525,8407551
2,2021-04-21,99115,6449212,52507,3218593,46553,2975133,55,255486,47006,1492425,0.17751,51764,2635279,0.313442,47944,4127704,0.490952,8407551
2,2021-04-22,105356,6554568,53982,3272575,51353,3026486,21,255507,46260,1480815,0.176129,58770,2694049,0.320432,47160,4174864,0.496561,8407551
2,2021-04-23,104618,6659186,55139,3327714,49462,3075948,17,255524,48430,1474339,0.175359,55842,2749891,0.327074,49366,4224230,0.502433,8407551
2,2021-04-24,79441,6738627,46929,3374643,32474,3108422,38,255562,41554,1479269,0.175945,37587,2787478,0.331545,42517,4266747,0.50749,8407551
2,2021-04-25,35979,6774606,22241,3396884,13724,3122146,14,255576,19678,1483235,0.176417,16187,2803665,0.33347,20153,4286900,0.509887,8407551
2,2021-04-26,71030,6845636,39170,3436054,31568,3153714,292,255868,32735,1479640,0.175989,38071,2841736,0.337998,34476,4321376,0.513987,8407551
2,2021-04-27,84652,6930288,44399,3480453,39001,3192715,1252,257120,36348,1470469,0.174899,47996,2889732,0.343707,38825,4360201,0.518605,8407551
2,2021-04-28,85764,7016052,45457,3525910,38463,3231178,1844,258964,37879,1463470,0.174066,47613,2937345,0.34937,40614,4400815,0.523436,8407551
2,2021-04-29,88548,7104600,47763,3573673,39102,3270280,1683,260647,34362,1446234,0.172016,53874,2991219,0.355778,36638,4437453,0.527794,8407551
2,2021-04-30,91971,7196571,50619,3624292,39392,3309672,1960,262607,35572,1428386,0.169893,56027,3047246,0.362442,38179,4475632,0.532335,8407551
2,2021-05-01,61274,7257845,37489,3661781,22244,3331916,1541,264148,23875,1417501,0.168599,37143,3084389,0.366859,26258,4501890,0.535458,8407551
2,2021-05-02,29023,7286868,20125,3681906,7927,3339843,971,265119,11050,1411755,0.167915,17856,3102245,0.368983,12110,4514000,0.536898,8407551
2,2021-05-03,59437,7346305,35244,3717150,22163,3362006,2030,267149,19978,1394799,0.165898,39224,3141469,0.373649,22268,4536268,0.539547,8407551
2,2021-05-04,77724,7424029,46070,3763220,29292,3391298,2362,269511,25386,1370903,0.163056,52040,3193509,0.379838,28144,4564412,0.542894,8407551
2,2021-05-05,77990,7502019,46046,3809266,29615,3420913,2329,271840,24429,1344774,0.159948,53225,3246734,0.386169,27096,4591508,0.546117,8407551
2,2021-05-06,80233,7582252,48155,3857421,29179,3450092,2899,274739,24616,1317705,0.156729,55216,3301950,0.392736,28147,4619655,0.549465,8407551
2,2021-05-07,81187,7663439,46621,3904042,32154,3482246,2412,277151,25083,1289854,0.153416,55789,3357739,0.399372,27938,4647593,0.552788,8407551
2,2021-05-08,52990,7716429,32062,3936104,19282,3501528,1646,278797,16705,1272832,0.151392,36083,3393822,0.403664,19061,4666654,0.555055,8407551
2,2021-05-09,21209,7737638,15207,3951311,5264,3506792,738,279535,6377,1265416,0.150509,14757,3408579,0.405419,7341,4673995,0.555928,8407551
2,2021-05-10,48638,7786276,26347,3977658,20454,3527246,1837,281372,13883,1247224,0.148346,34512,3443091,0.409524,16320,4690315,0.557869,8407551
2,2021-05-11,62105,7848381,32914,4010572,27203,3554449,1988,283360,18754,1225515,0.145764,43102,3486193,0.41465,21393,4711708,0.560414,8407551
2,2021-05-12,60499,7908880,31773,4042345,26689,3581138,2037,285397,18068,1203808,0.143182,42183,3528376,0.419668,20476,4732184,0.562849,8407551
2,2021-05-13,64561,7973441,37320,4079665,25389,3606527,1852,287249,23570,1189143,0.141438,40775,3569151,0.424517,26110,4758294,0.565955,8407551
2,2021-05-14,77059,8050500,45951,4125616,28920,3635447,2188,289437,30025,1175283,0.139789,46721,3615872,0.430074,32861,4791155,0.569863,8407551
2,2021-05-15,64550,8115050,42319,4167935,20555,3656002,1676,291113,24925,1162846,0.13831,39410,3655282,0.434762,26973,4818128,0.573072,8407551
2,2021-05-16,30331,8145381,22523,4190458,6889,3662891,919,292032,12288,1158253,0.137763,17928,3673210,0.436894,13335,4831463,0.574658,8407551
2,2021-05-17,57073,8202454,36227,4226685,18926,3681817,1920,293952,23191,1150047,0.136787,33688,3706898,0.440901,25482,4856945,0.577688,8407551
2,2021-05-18,68906,8271360,40281,4266966,26682,3708499,1943,295895,28246,1140380,0.135638,40418,3747316,0.445708,30751,4887696,0.581346,8407551
2,2021-05-19,67693,8339053,40093,4307059,25644,3734143,1956,297851,27589,1130563,0.13447,39827,3787143,0.450445,30010,4917706,0.584915,8407551
2,2021-05-20,58844,8397897,33878,4340937,22932,3757075,2034,299885,22991,1120506,0.133274,35612,3822755,0.454681,25555,4943261,0.587955,8407551
2,2021-05-21,61587,8459484,36221,4377158,23400,3780475,1966,301851,24545,1110701,0.132108,36784,3859539,0.459056,26979,4970240,0.591164,8407551
2,2021-05-22,43947,8503431,28088,4405246,14273,3794748,1586,303437,18962,1106866,0.131651,24834,3884373,0.46201,20999,4991239,0.593661,8407551
2,2021-05-23,16921,8520352,12271,4417517,4050,3798798,600,304037,7720,1106138,0.131565,9128,3893501,0.463096,8400,4999639,0.594661,8407551
2,2021-05-24,43138,8563490,24225,4441742,17188,3815986,1725,305762,16655,1098575,0.130665,26283,3919784,0.466222,18720,5018359,0.596887,8407551
2,2021-05-25,50094,8613584,29457,4471199,18793,3834779,1844,307606,19560,1090259,0.129676,30253,3950037,0.46982,21937,5040296,0.599496,8407551
2,2021-05-26,47974,8661558,27006,4498205,19334,3854113,1634,309240,19210,1083051,0.128819,28463,3978500,0.473206,21255,5061551,0.602024,8407551
2,2021-05-27,45850,8707408,25986,4524191,18159,3872272,1705,310945,18762,1077167,0.128119,26872,4005372,0.476402,20988,5082539,0.604521,8407551
2,2021-05-28,48968,8756376,27194,4551385,19856,3892128,1918,312863,20841,1072547,0.127569,27894,4033266,0.479719,23274,5105813,0.607289,8407551
2,2021-05-29,28588,8784964,17144,4568529,10413,3902541,1031,313894,13422,1072182,0.127526,15024,4048290,0.481506,14659,5120472,0.609033,8407551
2,2021-05-30,12470,8797434,8032,4576561,3684,3906225,754,314648,5599,1071797,0.12748,6829,4055119,0.482319,6444,5126916,0.609799,8407551
2,2021-05-31,5858,8803292,3426,4579987,2130,3908355,302,314950,1859,1070057,0.127273,3963,4059082,0.48279,2223,5129139,0.610063,8407551
2,2021-06-01,43979,8847271,25403,4605390,17023,3925378,1553,316503,16409,1061135,0.126212,27305,4086387,0.486038,18383,5147522,0.61225,8407551
2,2021-06-02,37409,8884680,21967,4627357,14063,3939441,1379,317882,15590,1056854,0.125703,21588,4107975,0.488605,17307,5164829,0.614308,8407551
2,2021-06-03,40042,8924722,25829,4653186,12803,3952244,1410,319292,14856,1048554,0.124716,24981,4132956,0.491577,16681,5181510,0.616292,8407551
2,2021-06-04,44998,8969720,29508,4682694,14029,3966273,1461,320753,15147,1036141,0.123239,29611,4162567,0.495099,17198,5198708,0.618338,8407551
2,2021-06-05,35100,9004820,25181,4707875,8659,3974932,1260,322013,11237,1025418,0.121964,23687,4186254,0.497916,12964,5211672,0.61988,8407551
2,2021-06-06,13850,9018670,11343,4719218,1953,3976885,554,322567,4692,1021773,0.12153,9109,4195363,0.498999,5464,5217136,0.62053,8407551
2,2021-06-07,17046,9035716,11782,4731000,4486,3981371,778,323345,4992,1015689,0.120807,11986,4207349,0.500425,5902,5223038,0.621232,8407551
3,2020-12-15,303,303,303,303,0,0,0,0,303,303,3.7e-05,0,0,0.0,303,303,3.7e-05,8129050
3,2020-12-16,2305,2608,2305,2608,0,0,0,0,2306,2609,0.000321,0,0,0.0,2306,2609,0.000321,8129050
3,2020-12-17,7772,10380,7772,10380,0,0,0,0,7772,10381,0.001277,0,0,0.0,7772,10381,0.001277,8129050
3,2020-12-18,13307,23687,13294,23674,13,13,0,0,13306,23687,0.002914,0,0,0.0,13306,23687,0.002914,8129050
3,2020-12-19,7196,30883,7185,30859,11,24,0,0,7260,30947,0.003807,0,0,0.0,7260,30947,0.003807,8129050
3,2020-12-20,5631,36514,5624,36483,7,31,0,0,5678,36624,0.004505,1,1,0.0,5678,36625,0.004505,8129050
3,2020-12-21,14326,50840,14301,50784,25,56,0,0,14390,51013,0.006275,1,2,0.0,14390,51015,0.006276,8129050
3,2020-12-22,14751,65591,14175,64959,576,632,0,0,14791,65804,0.008095,0,2,0.0,14791,65806,0.008095,8129050
3,2020-12-23,14765,80356,12171,77130,2594,3226,0,0,14791,80595,0.009914,1,3,0.0,14792,80598,0.009915,8129050
3,2020-12-24,6775,87131,4857,81987,1918,5144,0,0,6774,87369,0.010748,0,3,0.0,6774,87372,0.010748,8129050
3,2020-12-25,721,87852,665,82652,56,5200,0,0,720,88089,0.010836,0,3,0.0,720,88092,0.010837,8129050
3,2020-12-26,4606,92458,2992,85644,1614,6814,0,0,4604,92693,0.011403,0,3,0.0,4604,92696,0.011403,8129050
3,2020-12-27,2966,95424,1842,87486,1124,7938,0,0,2967,95660,0.011768,0,3,0.0,2967,95663,0.011768,8129050
3,2020-12-28,13552,108976,8667,96153,4885,12823,0,0,13580,109239,0.013438,1,4,0.0,13580,109243,0.013439,8129050
3,2020-12-29,14930,123906,8420,104573,6510,19333,0,0,14958,124195,0.015278,2,6,1e-06,14958,124201,0.015279,8129050
3,2020-12-30,17959,141865,9999,114572,7960,27293,0,0,17947,142142,0.017486,1,7,1e-06,17948,142149,0.017487,8129050
3,2020-12-31,8389,150254,3218,117790,5171,32464,0,0,8389,150530,0.018518,1,8,1e-06,8389,150538,0.018519,8129050
3,2021-01-01,1252,151506,578,118368,674,33138,0,0,1250,151780,0.018671,0,8,1e-06,1250,151788,0.018672,8129050
3,2021-01-02,4939,156445,2417,120785,2522,35660,0,0,4939,156719,0.019279,0,8,1e-06,4939,156727,0.01928,8129050
3,2021-01-03,1600,158045,841,121626,759,36419,0,0,1589,158303,0.019474,5,13,2e-06,1589,158316,0.019475,8129050
3,2021-01-04,11983,170028,5987,127613,5996,42415,0,0,11930,170199,0.020937,34,47,6e-06,11930,170246,0.020943,8129050
3,2021-01-05,15626,185654,8083,135696,7543,49958,0,0,14014,182639,0.022467,1599,1646,0.000202,14039,184285,0.02267,8129050
3,2021-01-06,20493,206147,10811,146507,9682,59640,0,0,16030,194254,0.023896,4423,6069,0.000747,16038,200323,0.024643,8129050
3,2021-01-07,26418,232565,15089,161596,11329,70969,0,0,17114,202109,0.024863,9275,15344,0.001888,17130,217453,0.02675,8129050
3,2021-01-08,30315,262880,18494,180090,11821,82790,0,0,18009,207859,0.02557,12286,27630,0.003399,18036,235489,0.028969,8129050
3,2021-01-09,12353,275233,6983,187073,5370,88160,0,0,7849,211218,0.025983,4498,32128,0.003952,7857,243346,0.029935,8129050
3,2021-01-10,7167,282400,4454,191527,2713,90873,0,0,4032,212122,0.026094,3133,35261,0.004338,4037,247383,0.030432,8129050
3,2021-01-11,28919,311319,18950,210477,9969,100842,0,0,16323,215900,0.026559,12589,47850,0.005886,16367,263750,0.032445,8129050
3,2021-01-12,32155,343474,19232,229709,12923,113765,0,0,19751,223348,0.027475,12388,60238,0.00741,19836,283586,0.034886,8129050
3,2021-01-13,34307,377781,17917,247626,16390,130155,0,0,24173,237403,0.029204,10136,70374,0.008657,24191,307777,0.037861,8129050
3,2021-01-14,34462,412243,14160,261786,20302,150457,0,0,28593,260191,0.032008,5840,76214,0.009376,28628,336405,0.041383,8129050
3,2021-01-15,38709,450952,14377,276163,24332,174789,0,0,34083,289722,0.03564,4616,80830,0.009943,34147,370552,0.045584,8129050
3,2021-01-16,21628,472580,7486,283649,14142,188931,0,0,19316,306760,0.037736,2298,83128,0.010226,19336,389888,0.047962,8129050
3,2021-01-17,13092,485672,4426,288075,8666,197597,0,0,12059,317806,0.039095,1032,84160,0.010353,12078,401966,0.049448,8129050
3,2021-01-18,24683,510355,12892,300967,11791,209388,0,0,19151,331449,0.040773,5549,89709,0.011036,19192,421158,0.051809,8129050
3,2021-01-19,40788,551143,20850,321817,19938,229326,0,0,31754,354277,0.043582,9008,98717,0.012144,31836,452994,0.055725,8129050
3,2021-01-20,44963,596106,22149,343966,22814,252140,0,0,35675,380782,0.046842,9246,107963,0.013281,35751,488745,0.060123,8129050
3,2021-01-21,47456,643562,20532,364498,26924,279064,0,0,42033,417533,0.051363,5350,113313,0.013939,42101,530846,0.065302,8129050
3,2021-01-22,49455,693017,19716,384214,29739,308803,0,0,45336,458809,0.056441,4123,117436,0.014446,45399,576245,0.070887,8129050
3,2021-01-23,30086,723103,12752,396966,17334,326137,0,0,26820,482423,0.059346,3256,120692,0.014847,26870,603115,0.074193,8129050
3,2021-01-24,17617,740720,8473,405439,9144,335281,0,0,16468,497773,0.061234,1147,121839,0.014988,16497,619612,0.076222,8129050
3,2021-01-25,40621,781341,18146,423585,22475,357756,0,0,30712,518678,0.063805,9890,131729,0.016205,30795,650407,0.08001,8129050
3,2021-01-26,46933,828274,22466,446051,24467,382223,0,0,36909,545674,0.067126,10014,141743,0.017437,37010,687417,0.084563,8129050
3,2021-01-27,51176,879450,24421,470472,26755,408978,0,0,40654,575956,0.070852,10450,152193,0.018722,40732,728149,0.089574,8129050
3,2021-01-28,51485,930935,23924,494396,27561,436539,0,0,42628,609861,0.075022,8775,160968,0.019802,42680,770829,0.094824,8129050
3,2021-01-29,50582,981517,24353,518749,26229,462768,0,0,41019,641549,0.078921,9378,170346,0.020955,41066,811895,0.099876,8129050
3,2021-01-30,36906,1018423,17655,536404,19251,482019,0,0,32216,669206,0.082323,4640,174986,0.021526,32297,844192,0.103849,8129050
3,2021-01-31,22173,1040596,12740,549144,9433,491452,0,0,20823,688707,0.084722,1340,176326,0.021691,20841,865033,0.106413,8129050
3,2021-02-01,45585,1086181,20877,570021,24708,516160,0,0,34878,712955,0.087705,10665,186991,0.023003,34913,899946,0.110707,8129050
3,2021-02-02,54051,1140232,22511,592532,31540,547700,0,0,41695,742430,0.09133,12271,199262,0.024512,41746,941692,0.115843,8129050
3,2021-02-03,59655,1199887,26582,619114,33073,580773,0,0,44387,771777,0.094941,15111,214373,0.026371,44458,986150,0.121312,8129050
3,2021-02-04,64003,1263890,27836,646950,36167,616940,0,0,46978,802029,0.098662,16835,231208,0.028442,47087,1033237,0.127104,8129050
3,2021-02-05,69829,1333719,29697,676647,40132,657072,0,0,48353,829285,0.102015,21262,252470,0.031058,48518,1081755,0.133073,8129050
3,2021-02-06,43382,1377101,21075,697722,22307,679379,0,0,33739,853593,0.105005,9612,262082,0.03224,33920,1115675,0.137245,8129050
3,2021-02-07,19580,1396681,12441,710163,7139,686518,0,0,15070,864293,0.106322,4496,266578,0.032793,15196,1130871,0.139115,8129050
3,2021-02-08,51132,1447813,24790,734953,26342,712860,0,0,33611,880669,0.108336,17419,283997,0.034936,33795,1164666,0.143272,8129050
3,2021-02-09,58259,1506072,28411,763364,29848,742708,0,0,34234,891399,0.109656,23852,307849,0.03787,34582,1199248,0.147526,8129050
3,2021-02-10,67638,1573710,31525,794889,36113,778821,0,0,36683,897877,0.110453,30734,338583,0.041651,37212,1236460,0.152104,8129050
3,2021-02-11,70296,1644006,34727,829616,35569,814390,0,0,37723,903899,0.111194,32234,370817,0.045616,38256,1274716,0.15681,8129050
3,2021-02-12,75031,1719037,32509,862125,42522,856912,0,0,41538,913005,0.112314,33201,404018,0.049701,42307,1317023,0.162014,8129050
3,2021-02-13,44537,1763574,20259,882384,24278,881190,0,0,25727,920599,0.113248,18713,422731,0.052003,26307,1343330,0.165251,8129050
3,2021-02-14,27083,1790657,13524,895908,13559,894749,0,0,15114,924239,0.113696,11923,434654,0.053469,15563,1358893,0.167165,8129050
3,2021-02-15,39820,1830477,17162,913070,22658,917407,0,0,22084,929606,0.114356,17651,452305,0.055641,23018,1381911,0.169997,8129050
3,2021-02-16,69588,1900065,32940,946010,36648,954055,0,0,36237,933649,0.114853,33220,485525,0.059727,37263,1419174,0.174581,8129050
3,2021-02-17,71320,1971385,36123,982133,35197,989252,0,0,33991,931593,0.1146,37119,522644,0.064293,35063,1454237,0.178894,8129050
3,2021-02-18,76429,2047814,39937,1022070,36492,1025744,0,0,35490,927632,0.114113,40798,563442,0.069312,36837,1491074,0.183425,8129050
3,2021-02-19,68304,2116118,39368,1061438,28936,1054680,0,0,34588,929299,0.114318,33615,597057,0.073447,35282,1526356,0.187766,8129050
3,2021-02-20,41998,2158116,26594,1088032,15404,1070084,0,0,22227,932342,0.114693,19681,616738,0.075868,22724,1549080,0.190561,8129050
3,2021-02-21,22760,2180876,18937,1106969,3823,1073907,0,0,10836,931703,0.114614,11857,628595,0.077327,11218,1560298,0.191941,8129050
3,2021-02-22,45268,2226144,29510,1136479,15758,1089665,0,0,21449,929892,0.114391,23746,652341,0.080248,21935,1582233,0.194639,8129050
3,2021-02-23,60679,2286823,33132,1169611,27547,1117212,0,0,26830,924998,0.113789,33709,686050,0.084395,28815,1611048,0.198184,8129050
3,2021-02-24,76605,2363428,37544,1207155,39061,1156273,0,0,34177,919414,0.113102,42269,728319,0.089595,36685,1647733,0.202697,8129050
3,2021-02-25,86078,2449506,41909,1249064,44169,1200442,0,0,43212,922573,0.113491,42643,770962,0.09484,45802,1693535,0.208331,8129050
3,2021-02-26,96768,2546274,44225,1293289,52543,1252985,0,0,51413,931157,0.114547,45027,815989,0.100379,53611,1747146,0.214926,8129050
3,2021-02-27,68329,2614603,31500,1324789,36826,1289811,3,3,36408,937134,0.115282,31741,847730,0.104284,37718,1784864,0.219566,8129050
3,2021-02-28,39289,2653892,23012,1347801,16275,1306086,2,5,20714,940373,0.115681,18426,866156,0.106551,21665,1806529,0.222231,8129050
3,2021-03-01,67329,2721221,35894,1383695,31414,1337500,21,26,37624,949809,0.116841,29542,895698,0.110185,38978,1845507,0.227026,8129050
3,2021-03-02,77714,2798935,38515,1422210,39194,1376694,5,31,45547,965379,0.118757,32048,927746,0.114127,47618,1893125,0.232884,8129050
3,2021-03-03,88067,2887002,42149,1464359,45901,1422595,17,48,49237,978240,0.120339,38652,966398,0.118882,51513,1944638,0.239221,8129050
3,2021-03-04,92640,2979642,45582,1509941,47043,1469638,15,63,52739,993561,0.122224,39708,1006106,0.123767,55029,1999667,0.24599,8129050
3,2021-03-05,89059,3068701,43790,1553731,44980,1514618,289,352,54465,1016158,0.125003,34380,1040486,0.127996,56977,2056644,0.252999,8129050
3,2021-03-06,64841,3133542,32859,1586590,29832,1544450,2150,2502,37264,1029600,0.126657,27446,1067932,0.131372,40888,2097532,0.258029,8129050
3,2021-03-07,37404,3170946,22345,1608935,13925,1558375,1134,3636,21583,1037718,0.127656,15767,1083699,0.133312,23885,2121417,0.260967,8129050
3,2021-03-08,58754,3229700,28070,1637005,27827,1586202,2857,6493,37343,1058198,0.130175,21274,1104973,0.135929,41754,2163171,0.266104,8129050
3,2021-03-09,76187,3305887,35390,1672395,36431,1622633,4366,10859,41206,1070076,0.131636,34868,1139841,0.140218,46746,2209917,0.271854,8129050
3,2021-03-10,82185,3388072,41184,1713579,34957,1657590,6044,16903,43089,1081703,0.133066,38913,1178754,0.145005,50540,2260457,0.278071,8129050
3,2021-03-11,96354,3484426,47101,1760680,40709,1698299,8544,25447,47450,1090134,0.134103,48674,1227428,0.150993,57105,2317562,0.285096,8129050
3,2021-03-12,101394,3585820,45317,1805997,44231,1742530,11846,37293,46635,1095226,0.13473,54575,1282003,0.157706,59667,2377229,0.292436,8129050
3,2021-03-13,69487,3655307,29590,1835587,32684,1775214,7213,44506,36587,1107610,0.136253,32792,1314795,0.16174,45176,2422405,0.297994,8129050
3,2021-03-14,40720,3696027,21509,1857096,15659,1790873,3552,48058,20801,1112747,0.136885,19856,1334651,0.164183,24993,2447398,0.301068,8129050
3,2021-03-15,75159,3771186,35726,1892822,34907,1825780,4526,52584,39766,1122832,0.138126,35214,1369865,0.168515,45299,2492697,0.306641,8129050
3,2021-03-16,94537,3865723,43612,1936434,46618,1872398,4307,56891,53500,1140723,0.140327,40846,1410711,0.173539,58737,2551434,0.313866,8129050
3,2021-03-17,97303,3963026,47264,1983698,45574,1917972,4465,61356,59437,1167636,0.143637,37663,1448374,0.178173,64576,2616010,0.32181,8129050
3,2021-03-18,102428,4065454,52066,2035764,45947,1963919,4415,65771,59331,1189073,0.146275,42866,1491240,0.183446,64303,2680313,0.32972,8129050
3,2021-03-19,102441,4167895,54932,2090696,43075,2006994,4434,70205,57701,1207243,0.14851,44504,1535744,0.18892,62674,2742987,0.33743,8129050
3,2021-03-20,71142,4239037,36758,2127454,30790,2037784,3594,73799,44161,1228683,0.151147,26818,1562562,0.19222,48258,2791245,0.343367,8129050
3,2021-03-21,35820,4274857,24443,2151897,9880,2047664,1497,75296,22400,1239710,0.152504,13344,1575906,0.193861,24371,2815616,0.346365,8129050
3,2021-03-22,69901,4344758,41092,2192989,26289,2073953,2520,77816,44853,1263246,0.155399,24851,1600757,0.196918,48387,2864003,0.352317,8129050
3,2021-03-23,89199,4433957,49275,2242264,37398,2111351,2526,80342,55115,1287746,0.158413,33851,1634608,0.201082,58351,2922354,0.359495,8129050
3,2021-03-24,98169,4532126,56587,2298851,38701,2150052,2881,83223,56567,1306526,0.160723,41278,1675886,0.20616,60058,2982412,0.366883,8129050
3,2021-03-25,106759,4638885,59323,2358174,44501,2194553,2935,86158,60679,1325010,0.162997,45784,1721670,0.211792,64268,3046680,0.374789,8129050
3,2021-03-26,109926,4748811,59037,2417211,47623,2242176,3266,89424,57305,1334091,0.164114,52338,1774008,0.218231,61419,3108099,0.382345,8129050
3,2021-03-27,73985,4822796,37653,2454864,33791,2275967,2541,91965,36215,1335936,0.164341,37582,1811590,0.222854,39427,3147526,0.387195,8129050
3,2021-03-28,43976,4866772,27828,2482692,15338,2291305,810,92775,22453,1338280,0.164629,21421,1833011,0.225489,23765,3171291,0.390118,8129050
3,2021-03-29,80246,4947018,41965,2524657,36445,2327750,1836,94611,44329,1349547,0.166015,35707,1868718,0.229881,46974,3218265,0.395897,8129050
3,2021-03-30,99689,5046707,49043,2573700,47027,2374777,3619,98230,56175,1366658,0.16812,43282,1912000,0.235206,60393,3278658,0.403326,8129050
3,2021-03-31,104546,5151253,56447,2630147,43285,2418062,4814,103044,56424,1380297,0.169798,47938,1959938,0.241103,61577,3340235,0.410901,8129050
3,2021-04-01,122946,5274199,62241,2692388,51063,2469125,9642,112686,66881,1401415,0.172396,55751,2015689,0.247961,76869,3417104,0.420357,8129050
3,2021-04-02,117432,5391631,57393,2749781,49790,2518915,10249,122935,62412,1419803,0.174658,54779,2070468,0.2547,73167,3490271,0.429358,8129050
3,2021-04-03,75798,5467429,38773,2788554,27830,2546745,9195,132130,37901,1429466,0.175847,37776,2108244,0.259347,47439,3537710,0.435194,8129050
3,2021-04-04,32292,5499721,17272,2805826,10849,2557594,4171,136301,14228,1429910,0.175901,17996,2126240,0.261561,18440,3556150,0.437462,8129050
3,2021-04-05,88747,5588468,45129,2850955,34565,2592159,9053,145354,43631,1438496,0.176957,44931,2171171,0.267088,53517,3609667,0.444045,8129050
3,2021-04-06,112787,5701255,54949,2905904,42746,2634905,15092,160446,53321,1448410,0.178177,59228,2230399,0.274374,69142,3678809,0.452551,8129050
3,2021-04-07,115763,5817018,59939,2965843,39607,2674512,16217,176663,56313,1462006,0.17985,59227,2289626,0.28166,72823,3751632,0.461509,8129050
3,2021-04-08,121018,5938036,60290,3026133,40720,2715232,20008,196671,56449,1474960,0.181443,64306,2353932,0.28957,77260,3828892,0.471013,8129050
3,2021-04-09,117771,6055807,58708,3084841,40016,2755248,19047,215718,51922,1481228,0.182214,65641,2419573,0.297645,71909,3900801,0.479859,8129050
3,2021-04-10,83328,6139135,37662,3122503,30493,2785741,15173,230891,34095,1482254,0.18234,49083,2468656,0.303683,50109,3950910,0.486024,8129050
3,2021-04-11,44970,6184105,24171,3146674,12816,2798557,7983,238874,17204,1480605,0.182138,27686,2496342,0.307089,26037,3976947,0.489227,8129050
3,2021-04-12,83439,6267544,42201,3188875,32555,2831112,8683,247557,38097,1483361,0.182477,45146,2541488,0.312643,47902,4024849,0.495119,8129050
3,2021-04-13,104740,6372284,56733,3245608,47799,2878911,208,247765,55558,1491047,0.183422,48987,2590475,0.318669,56673,4081522,0.502091,8129050
3,2021-04-14,106456,6478740,58170,3303778,48193,2927104,93,247858,53307,1493010,0.183664,52900,2643375,0.325176,54863,4136385,0.50884,8129050
3,2021-04-15,118142,6596882,66525,3370303,51559,2978663,58,247916,63678,1503367,0.184938,54219,2697594,0.331846,64576,4200961,0.516784,8129050
3,2021-04-16,113922,6710804,63933,3434236,49898,3028561,91,248007,59631,1509706,0.185717,54047,2751641,0.338495,60386,4261347,0.524212,8129050
3,2021-04-17,78000,6788804,42664,3476900,35324,3063885,12,248019,43492,1519843,0.186964,34332,2785973,0.342718,44469,4305816,0.529683,8129050
3,2021-04-18,36917,6825721,21930,3498830,14984,3078869,3,248022,17354,1518589,0.18681,19482,2805455,0.345115,18228,4324044,0.531925,8129050
3,2021-04-19,78040,6903761,43631,3542461,34358,3113227,51,248073,35274,1511831,0.185979,42619,2848074,0.350358,35861,4359905,0.536336,8129050
3,2021-04-20,97991,7001752,50769,3593230,47207,3160434,15,248088,47790,1510685,0.185838,49997,2898071,0.356508,48851,4408756,0.542346,8129050
3,2021-04-21,101117,7102869,55613,3648843,45439,3205873,65,248153,47927,1506756,0.185355,52903,2950974,0.363016,48974,4457730,0.54837,8129050
3,2021-04-22,108834,7211703,60596,3709439,48217,3254090,21,248174,46965,1493104,0.183675,61589,3012563,0.370592,47937,4505667,0.554267,8129050
3,2021-04-23,103187,7314890,58429,3767868,44735,3298825,23,248197,45267,1481776,0.182282,57613,3070176,0.37768,46285,4551952,0.559961,8129050
3,2021-04-24,72890,7387780,45182,3813050,27648,3326473,60,248257,35591,1481344,0.182228,37066,3107242,0.382239,36634,4588586,0.564468,8129050
3,2021-04-25,36221,7424001,23338,3836388,12869,3339342,14,248271,18682,1483013,0.182434,17421,3124663,0.384382,19090,4607676,0.566816,8129050
3,2021-04-26,70652,7494653,39719,3876107,30551,3369893,382,248653,30197,1474702,0.181411,40234,3164897,0.389332,31923,4639599,0.570743,8129050
3,2021-04-27,87467,7582120,45675,3921782,40211,3410104,1581,250234,34838,1459527,0.179545,52372,3217269,0.395774,37197,4676796,0.575319,8129050
3,2021-04-28,84674,7666794,47629,3969411,34939,3445043,2106,252340,34704,1447150,0.178022,49722,3266991,0.401891,37345,4714141,0.579913,8129050
3,2021-04-29,86745,7753539,49145,4018556,35423,3480466,2177,254517,30911,1425138,0.175314,55580,3322571,0.408728,33568,4747709,0.584042,8129050
3,2021-04-30,88286,7841825,49522,4068078,36308,3516774,2456,256973,32743,1405518,0.172901,55276,3377847,0.415528,35656,4783365,0.588429,8129050
3,2021-05-01,54507,7896332,34378,4102456,18692,3535466,1437,258410,19632,1392365,0.171283,34702,3412549,0.419797,21549,4804914,0.591079,8129050
3,2021-05-02,26726,7923058,18227,4120683,7489,3542955,1010,259420,9809,1386440,0.170554,16846,3429395,0.421869,10921,4815835,0.592423,8129050
3,2021-05-03,58810,7981868,34468,4155151,22013,3564968,2329,261749,17261,1364823,0.167895,41385,3470780,0.42696,19768,4835603,0.594855,8129050
3,2021-05-04,75479,8057347,43165,4198316,29685,3594653,2629,264378,22073,1336651,0.164429,53154,3523934,0.433499,24982,4860585,0.597928,8129050
3,2021-05-05,76712,8134059,45593,4243909,28457,3623110,2662,267040,21325,1305785,0.160632,55111,3579045,0.440278,24245,4884830,0.60091,8129050
3,2021-05-06,81313,8215372,51054,4294963,27762,3650872,2497,269537,20340,1268610,0.156059,60564,3639609,0.447729,23389,4908219,0.603788,8129050
3,2021-05-07,80355,8295727,49727,4344690,28026,3678898,2602,272139,21449,1234349,0.151844,58599,3698208,0.454937,24338,4932557,0.606781,8129050
3,2021-05-08,50275,8346002,30998,4375688,17646,3696544,1631,273770,13477,1213134,0.149234,36580,3734788,0.459437,15365,4947922,0.608672,8129050
3,2021-05-09,20327,8366329,14749,4390437,4795,3701339,783,274553,5571,1204877,0.148219,14678,3749466,0.461243,6421,4954343,0.609461,8129050
3,2021-05-10,46636,8412965,24850,4415287,19906,3721245,1880,276433,11082,1182715,0.145492,35380,3784846,0.465595,13218,4967561,0.611088,8129050
3,2021-05-11,60048,8473013,32926,4448213,25073,3746318,2049,278482,15181,1155707,0.14217,44670,3829516,0.47109,17662,4985223,0.61326,8129050
3,2021-05-12,59668,8532681,33731,4481944,23768,3770086,2169,280651,15665,1130019,0.13901,43793,3873309,0.476477,18105,5003328,0.615487,8129050
3,2021-05-13,68182,8600863,42714,4524658,23683,3793769,1785,282436,24728,1113859,0.137022,43249,3916558,0.481798,27089,5030417,0.61882,8129050
3,2021-05-14,78022,8678885,49250,4573908,26667,3820436,2105,284541,30757,1100291,0.135353,47024,3963582,0.487582,33456,5063873,0.622935,8129050
3,2021-05-15,60671,8739556,41754,4615662,17723,3838159,1194,285735,25109,1091414,0.134261,35390,3998972,0.491936,26513,5090386,0.626197,8129050
3,2021-05-16,31480,8771036,23556,4639218,7241,3845400,683,286418,12649,1086089,0.133606,18735,4017707,0.494241,13410,5103796,0.627847,8129050
3,2021-05-17,56104,8827140,35745,4674963,18551,3863951,1808,288226,21414,1075063,0.13225,34447,4052154,0.498478,23421,5127217,0.630728,8129050
3,2021-05-18,63325,8890465,37485,4712448,24011,3887962,1829,290055,24666,1063556,0.130834,38412,4090566,0.503203,26905,5154122,0.634037,8129050
3,2021-05-19,62566,8953031,38195,4750643,22664,3910626,1707,291762,25167,1053523,0.1296,37174,4127740,0.507776,27141,5181263,0.637376,8129050
3,2021-05-20,51278,9004309,30182,4780825,19497,3930123,1599,293361,18953,1042257,0.128214,32099,4159839,0.511725,20833,5202096,0.639939,8129050
3,2021-05-21,55239,9059548,33814,4814639,19601,3949724,1824,295185,20507,1030311,0.126744,34505,4194344,0.51597,22559,5224655,0.642714,8129050
3,2021-05-22,36699,9096247,24902,4839541,10532,3960256,1265,296450,15980,1027163,0.126357,20576,4214920,0.518501,17428,5242083,0.644858,8129050
3,2021-05-23,14645,9110892,10949,4850490,3179,3963435,517,296967,6912,1026960,0.126332,7685,4222605,0.519446,7482,5249565,0.645778,8129050
3,2021-05-24,38397,9149289,22334,4872824,14351,3977786,1712,298679,14532,1019698,0.125439,23702,4246307,0.522362,16440,5266005,0.647801,8129050
3,2021-05-25,42218,9191507,23838,4896662,16742,3994528,1638,300317,15525,1010614,0.124321,26472,4272779,0.525618,17388,5283393,0.64994,8129050
3,2021-05-26,41212,9232719,23404,4920066,16132,4010660,1676,301993,15786,1003086,0.123395,25155,4297934,0.528713,17627,5301020,0.652108,8129050
3,2021-05-27,38685,9271404,21609,4941675,15333,4025993,1743,303736,15390,997331,0.122687,23157,4321091,0.531562,17402,5318422,0.654249,8129050
3,2021-05-28,42004,9313408,23830,4965505,16432,4042425,1742,305478,17690,992963,0.12215,24147,4345238,0.534532,19779,5338201,0.656682,8129050
3,2021-05-29,23105,9336513,14116,4979621,8168,4050593,821,306299,11144,993216,0.122181,11853,4357091,0.53599,12106,5350307,0.658171,8129050
3,2021-05-30,10501,9347014,6812,4986433,3058,4053651,631,306930,4569,992593,0.122104,5874,4362965,0.536713,5251,5355558,0.658817,8129050
3,2021-05-31,4610,9351624,2670,4989103,1674,4055325,266,307196,1504,991310,0.121947,3081,4366046,0.537092,1798,5357356,0.659038,8129050
3,2021-06-01,37217,9388841,21495,5010598,14313,4069638,1409,308605,14046,984023,0.12105,22985,4389031,0.539919,15698,5373054,0.660969,8129050
3,2021-06-02,31054,9419895,17873,5028471,11780,4081418,1401,310006,12535,979787,0.120529,18337,4407368,0.542175,14101,5387155,0.662704,8129050
3,2021-06-03,38433,9458328,26230,5054701,10808,4092226,1395,311401,13094,969344,0.119244,25177,4432545,0.545272,14734,5401889,0.664517,8129050
3,2021-06-04,44286,9502614,31462,5086163,11375,4103601,1449,312850,13379,953893,0.117344,30719,4463264,0.549051,15268,5417157,0.666395,8129050
3,2021-06-05,32756,9535370,24819,5110982,6774,4110375,1163,314013,8528,939693,0.115597,24103,4487367,0.552016,9903,5427060,0.667613,8129050
3,2021-06-06,13460,9548830,11246,5122228,1688,4112063,526,314539,3828,934630,0.114974,9589,4496956,0.553196,4526,5431586,0.66817,8129050
3,2021-06-07,14390,9563220,10327,5132555,3401,4115464,662,315201,3533,928074,0.114168,10791,4507747,0.554523,4235,5435821,0.668691,8129050
4,2020-12-15,448,448,448,448,0,0,0,0,448,448,5.6e-05,0,0,0.0,448,448,5.6e-05,8037679
4,2020-12-16,2997,3445,2997,3445,0,0,0,0,2997,3445,0.000429,0,0,0.0,2997,3445,0.000429,8037679
4,2020-12-17,8823,12268,8823,12268,0,0,0,0,8823,12268,0.001526,0,0,0.0,8823,12268,0.001526,8037679
4,2020-12-18,15942,28210,15933,28201,9,9,0,0,15942,28210,0.00351,0,0,0.0,15942,28210,0.00351,8037679
4,2020-12-19,10256,38466,10248,38449,8,17,0,0,10191,38401,0.004778,0,0,0.0,10191,38401,0.004778,8037679
4,2020-12-20,7371,45837,7364,45813,7,24,0,0,7326,45727,0.005689,0,0,0.0,7326,45727,0.005689,8037679
4,2020-12-21,16306,62143,16282,62095,24,48,0,0,16240,61967,0.00771,0,0,0.0,16240,61967,0.00771,8037679
4,2020-12-22,17161,79304,16427,78522,734,782,0,0,17117,79084,0.009839,0,0,0.0,17117,79084,0.009839,8037679
4,2020-12-23,17049,96353,14348,92870,2701,3483,0,0,17021,96104,0.011957,1,1,0.0,17021,96105,0.011957,8037679
4,2020-12-24,8561,104914,5971,98841,2590,6073,0,0,8560,104663,0.013022,1,2,0.0,8560,104665,0.013022,8037679
4,2020-12-25,902,105816,798,99639,104,6177,0,0,902,105565,0.013134,0,2,0.0,902,105567,0.013134,8037679
4,2020-12-26,6163,111979,3884,103523,2279,8456,0,0,6163,111728,0.013901,0,2,0.0,6163,111730,0.013901,8037679
4,2020-12-27,3428,115407,1996,105519,1432,9888,0,0,3428,115156,0.014327,0,2,0.0,3428,115158,0.014327,8037679
4,2020-12-28,15005,130412,9271,114790,5734,15622,0,0,14975,130130,0.01619,1,3,0.0,14975,130133,0.01619,8037679
4,2020-12-29,15289,145701,8467,123257,6822,22444,0,0,15255,145385,0.018088,0,3,0.0,15255,145388,0.018088,8037679
4,2020-12-30,18890,164591,11045,134302,7845,30289,0,0,18879,164262,0.020436,2,5,1e-06,18879,164267,0.020437,8037679
4,2020-12-31,8221,172812,3323,137625,4898,35187,0,0,8215,172474,0.021458,3,8,1e-06,8215,172482,0.021459,8037679
4,2021-01-01,1361,174173,597,138222,764,35951,0,0,1359,173831,0.021627,2,10,1e-06,1359,173841,0.021628,8037679
4,2021-01-02,5698,179871,3216,141438,2482,38433,0,0,5697,179527,0.022336,1,11,1e-06,5697,179538,0.022337,8037679
4,2021-01-03,2130,182001,1263,142701,867,39300,0,0,2113,181635,0.022598,5,16,2e-06,2113,181651,0.0226,8037679
4,2021-01-04,12977,194978,7068,149769,5909,45209,0,0,12901,194478,0.024196,58,74,9e-06,12901,194552,0.024205,8037679
4,2021-01-05,16856,211834,9972,159741,6884,52093,0,0,14752,207162,0.025774,2080,2154,0.000268,14764,209316,0.026042,8037679
4,2021-01-06,21515,233349,13186,172927,8329,60422,0,0,15538,216789,0.026972,5925,8079,0.001005,15552,224868,0.027977,8037679
4,2021-01-07,27895,261244,17012,189939,10883,71305,0,0,16833,222643,0.0277,11004,19083,0.002374,16858,241726,0.030074,8037679
4,2021-01-08,32812,294056,21087,211026,11725,83030,0,0,18311,226573,0.028189,14432,33515,0.00417,18362,260088,0.032359,8037679
4,2021-01-09,16210,310266,9587,220613,6623,89653,0,0,9426,229245,0.028521,6765,40280,0.005011,9437,269525,0.033533,8037679
4,2021-01-10,8734,319000,5643,226256,3091,92744,0,0,4120,228777,0.028463,4596,44876,0.005583,4128,273653,0.034046,8037679
4,2021-01-11,33324,352324,21845,248101,11479,104223,0,0,18780,233093,0.029,14505,59381,0.007388,18821,292474,0.036388,8037679
4,2021-01-12,38355,390679,22066,270167,16289,120512,0,0,24283,243391,0.030281,14025,73406,0.009133,24323,316797,0.039414,8037679
4,2021-01-13,38573,429252,18996,289163,19577,140089,0,0,27322,259542,0.032291,11197,84603,0.010526,27348,344145,0.042816,8037679
4,2021-01-14,39024,468276,14904,304067,24120,164209,0,0,31955,284504,0.035396,7022,91625,0.011399,31984,376129,0.046796,8037679
4,2021-01-15,45226,513502,15690,319757,29536,193745,0,0,39701,318754,0.039657,5472,97097,0.01208,39722,415851,0.051738,8037679
4,2021-01-16,28605,542107,9367,329124,19238,212983,0,0,25489,341182,0.042448,3079,100176,0.012463,25507,441358,0.054911,8037679
4,2021-01-17,19070,561177,6695,335819,12375,225358,0,0,17548,357249,0.044447,1497,101673,0.01265,17564,458922,0.057096,8037679
4,2021-01-18,29407,590584,13621,349440,15786,241144,0,0,23435,374832,0.046634,5878,107551,0.013381,23461,482383,0.060015,8037679
4,2021-01-19,46052,636636,23147,372587,22905,264049,0,0,36715,402338,0.050056,9283,116834,0.014536,36789,519172,0.064592,8037679
4,2021-01-20,51685,688321,27389,399976,24296,288345,0,0,41289,433384,0.053919,10299,127133,0.015817,41345,560517,0.069736,8037679
4,2021-01-21,56501,744822,24989,424965,31512,319857,0,0,50092,477171,0.059367,6349,133482,0.016607,50136,610653,0.075974,8037679
4,2021-01-22,54984,799806,22073,447038,32911,352768,0,0,49895,522100,0.064957,4994,138476,0.017228,49923,660576,0.082185,8037679
4,2021-01-23,39463,839269,17399,464437,22064,374832,0,0,35154,552983,0.068799,4300,142776,0.017763,35183,695759,0.086562,8037679
4,2021-01-24,23926,863195,10497,474934,13429,388261,0,0,22050,573181,0.071312,1868,144644,0.017996,22066,717825,0.089307,8037679
4,2021-01-25,47920,911115,22119,497053,25801,414062,0,0,36834,599015,0.074526,11055,155699,0.019371,36889,754714,0.093897,8037679
4,2021-01-26,56711,967826,28918,525971,27793,441855,0,0,44497,631411,0.078556,12160,167859,0.020884,44556,799270,0.09944,8037679
4,2021-01-27,56102,1023928,26724,552695,29378,471233,0,0,45182,665797,0.082834,10848,178707,0.022234,45234,844504,0.105068,8037679
4,2021-01-28,56383,1080311,25491,578186,30892,502125,0,0,46469,702486,0.087399,9826,188533,0.023456,46515,891019,0.110855,8037679
4,2021-01-29,56372,1136683,27076,605262,29296,531421,0,0,46073,738436,0.091872,10157,198690,0.02472,46107,937126,0.116592,8037679
4,2021-01-30,37648,1174331,17167,622429,20481,551902,0,0,32327,765514,0.095241,5273,203963,0.025376,32351,969477,0.120617,8037679
4,2021-01-31,23898,1198229,12555,634984,11343,563245,0,0,22291,786231,0.097818,1590,205553,0.025574,22307,991784,0.123392,8037679
4,2021-02-01,49686,1247915,24072,659056,25614,588859,0,0,38080,812786,0.101122,11565,217118,0.027013,38120,1029904,0.128135,8037679
4,2021-02-02,55289,1303204,25455,684511,29834,618693,0,0,42481,842565,0.104827,12745,229863,0.028598,42524,1072428,0.133425,8037679
4,2021-02-03,61888,1365092,30442,714953,31446,650139,0,0,47635,876112,0.109001,14143,244006,0.030358,47690,1120118,0.139358,8037679
4,2021-02-04,67380,1432472,31376,746329,36004,686143,0,0,50726,910441,0.113272,16504,260510,0.032411,50833,1170951,0.145683,8037679
4,2021-02-05,72943,1505415,33861,780190,39082,725225,0,0,50889,939661,0.116907,21807,282317,0.035124,51027,1221978,0.152031,8037679
4,2021-02-06,48264,1553679,26220,806410,22044,747269,0,0,36776,965183,0.120082,11455,293772,0.036549,36977,1258955,0.156632,8037679
4,2021-02-07,26456,1580135,17499,823909,8957,756226,0,0,20045,979080,0.121811,6386,300158,0.037344,20283,1279238,0.159155,8037679
4,2021-02-08,58470,1638605,30121,854030,28349,784575,0,0,38106,997213,0.124067,20237,320395,0.039862,38370,1317608,0.163929,8037679
4,2021-02-09,67068,1705673,34173,888203,32895,817470,0,0,39400,1009418,0.125586,27598,347993,0.043295,39803,1357411,0.168881,8037679
4,2021-02-10,77085,1782758,38576,926779,38509,855979,0,0,40987,1015077,0.12629,35869,383862,0.047758,41528,1398939,0.174048,8037679
4,2021-02-11,81037,1863795,42320,969099,38717,894696,0,0,41901,1018729,0.126744,38916,422778,0.0526,42568,1441507,0.179344,8037679
4,2021-02-12,84056,1947851,37652,1006751,46404,941100,0,0,43352,1022361,0.127196,40506,463284,0.057639,44138,1485645,0.184835,8037679
4,2021-02-13,58467,2006318,29690,1036441,28777,969877,0,0,29836,1024588,0.127473,28506,491790,0.061186,30733,1516378,0.188659,8037679
4,2021-02-14,36649,2042967,19009,1055450,17640,987517,0,0,18837,1026322,0.127689,17761,509551,0.063395,19495,1535873,0.191084,8037679
4,2021-02-15,46003,2088970,21544,1076994,24459,1011976,0,0,23678,1028916,0.128012,22262,531813,0.066165,24856,1560729,0.194177,8037679
4,2021-02-16,79828,2168798,36566,1113560,43262,1055238,0,0,40694,1031791,0.128369,39038,570851,0.071022,41913,1602642,0.199391,8037679
4,2021-02-17,81185,2249983,38304,1151864,42881,1098119,0,0,38739,1029374,0.128069,42285,613136,0.076283,39868,1642510,0.204351,8037679
4,2021-02-18,82990,2332973,45660,1197524,37330,1135449,0,0,38419,1024849,0.127506,44420,657556,0.081809,39895,1682405,0.209315,8037679
4,2021-02-19,82301,2415274,51742,1249266,30559,1166008,0,0,41282,1025947,0.127642,40882,698438,0.086895,41980,1724385,0.214538,8037679
4,2021-02-20,48825,2464099,32546,1281812,16279,1182287,0,0,26700,1031268,0.128304,22072,720510,0.089642,27393,1751778,0.217946,8037679
4,2021-02-21,29159,2493258,23423,1305235,5736,1188023,0,0,14066,1030588,0.12822,15031,735541,0.091512,14351,1766129,0.219731,8037679
4,2021-02-22,52985,2546243,36380,1341615,16605,1204628,0,0,25733,1029607,0.128098,27163,762704,0.094891,26182,1792311,0.222989,8037679
4,2021-02-23,73731,2619974,40917,1382532,32814,1237442,0,0,32533,1022736,0.127243,41072,803776,0.100001,34201,1826512,0.227244,8037679
4,2021-02-24,88639,2708613,46813,1429345,41826,1279268,0,0,40066,1016588,0.126478,48367,852143,0.106019,42219,1868731,0.232496,8037679
4,2021-02-25,99798,2808411,52102,1481447,47696,1326964,0,0,47900,1015296,0.126317,51746,903889,0.112456,50454,1919185,0.238774,8037679
4,2021-02-26,106279,2914690,53641,1535088,52638,1379602,0,0,54483,1020549,0.126971,51575,955464,0.118873,56828,1976013,0.245844,8037679
4,2021-02-27,76957,2991647,41964,1577052,34987,1414589,6,6,41305,1027827,0.127876,35516,990980,0.123292,42794,2018807,0.251168,8037679
4,2021-02-28,47344,3038991,29422,1606474,17919,1432508,3,9,26541,1034582,0.128717,20669,1011649,0.125863,27424,2046231,0.25458,8037679
4,2021-03-01,77603,3116594,45608,1652082,31968,1464476,27,36,42864,1044160,0.129908,34503,1046152,0.130156,44081,2090312,0.260064,8037679
4,2021-03-02,84834,3201428,48862,1700944,35967,1500443,5,41,50231,1061733,0.132094,34453,1080605,0.134442,52026,2142338,0.266537,8037679
4,2021-03-03,99380,3300808,52755,1753699,46612,1547055,13,54,55365,1075057,0.133752,43822,1124427,0.139894,57146,2199484,0.273647,8037679
4,2021-03-04,96700,3397508,53782,1807481,42901,1589956,17,71,53209,1086760,0.135208,43296,1167723,0.145281,54999,2254483,0.280489,8037679
4,2021-03-05,94181,3491689,50895,1858376,42972,1632928,314,385,55951,1106920,0.137716,38038,1205761,0.150014,58198,2312681,0.28773,8037679
4,2021-03-06,76029,3567718,42919,1901295,30497,1663425,2613,2998,46759,1128480,0.140399,29160,1234921,0.153641,50720,2363401,0.29404,8037679
4,2021-03-07,42571,3610289,27241,1928536,14152,1677577,1178,4176,25538,1139311,0.141746,16974,1251895,0.155753,27805,2391206,0.2975,8037679
4,2021-03-08,66291,3676580,34728,1963264,28368,1705945,3195,7371,43819,1165299,0.14498,22369,1274264,0.158536,48357,2439563,0.303516,8037679
4,2021-03-09,81070,3757650,41119,2004383,34821,1740766,5130,12501,43865,1178368,0.146606,37052,1311316,0.163146,50121,2489684,0.309752,8037679
4,2021-03-10,90751,3848401,46891,2051274,36420,1777186,7440,19941,45943,1188077,0.147813,44651,1355967,0.168701,54360,2544044,0.316515,8037679
4,2021-03-11,100299,3948700,52679,2103953,39237,1816423,8383,28324,46473,1190446,0.148108,53617,1409584,0.175372,55986,2600030,0.32348,8037679
4,2021-03-12,104360,4053060,51520,2155473,42574,1858997,10266,38590,44687,1186942,0.147672,59448,1469032,0.182768,55944,2655974,0.33044,8037679
4,2021-03-13,80892,4133952,37698,2193171,34800,1893797,8394,46984,38030,1191779,0.148274,42742,1511774,0.188086,47579,2703553,0.33636,8037679
4,2021-03-14,49526,4183478,28341,2221512,17557,1911354,3628,50612,23249,1193103,0.148439,26192,1537966,0.191345,27516,2731069,0.339783,8037679
4,2021-03-15,83603,4267081,44941,2266453,34423,1945777,4239,54851,42821,1200431,0.14935,40575,1578541,0.196393,47903,2778972,0.345743,8037679
4,2021-03-16,107384,4374465,55813,2322266,48172,1993949,3399,58250,56998,1211367,0.150711,50172,1628713,0.202635,61108,2840080,0.353346,8037679
4,2021-03-17,106069,4480534,57030,2379296,45596,2039545,3443,61693,62250,1234042,0.153532,43587,1672300,0.208058,66262,2906342,0.36159,8037679
4,2021-03-18,106178,4586712,58837,2438133,43701,2083246,3640,65333,60350,1252893,0.155877,45580,1717880,0.213728,64431,2970773,0.369606,8037679
4,2021-03-19,110615,4697327,63558,2501691,41882,2125128,5175,70508,63126,1274338,0.158546,47261,1765141,0.219608,68706,3039479,0.378154,8037679
4,2021-03-20,83249,4780576,48821,2550512,31436,2156564,2992,73500,51149,1296818,0.161342,31976,1797117,0.223587,54456,3093935,0.384929,8037679
4,2021-03-21,47900,4828476,34724,2585236,10913,2167477,2263,75763,28372,1308391,0.162782,19422,1816539,0.226003,30995,3124930,0.388785,8037679
4,2021-03-22,81732,4910208,53401,2638637,25615,2193092,2716,78479,50838,1331965,0.165715,30693,1847232,0.229822,54267,3179197,0.395537,8037679
4,2021-03-23,103888,5014096,62102,2700739,39645,2232737,2141,80620,61920,1354855,0.168563,41713,1888945,0.235011,64603,3243800,0.403574,8037679
4,2021-03-24,113037,5127133,73071,2773810,37574,2270311,2392,83012,64064,1373207,0.170846,48569,1937514,0.241054,66921,3310721,0.4119,8037679
4,2021-03-25,116531,5243664,71836,2845646,42323,2312634,2372,85384,66891,1393753,0.173402,49201,1986715,0.247175,69747,3380468,0.420578,8037679
4,2021-03-26,119261,5362925,72502,2918148,43728,2356362,3031,88415,65437,1409321,0.175339,53506,2040221,0.253832,69074,3449542,0.429171,8037679
4,2021-03-27,91188,5454113,54089,2972237,35316,2391678,1783,90198,46420,1413454,0.175854,44558,2084779,0.259376,48691,3498233,0.435229,8037679
4,2021-03-28,55526,5509639,36699,3008936,17956,2409634,871,91069,29634,1418528,0.176485,25754,2110533,0.26258,30828,3529061,0.439065,8037679
4,2021-03-29,93159,5602798,55974,3064910,35113,2444747,2072,93141,50618,1429450,0.177844,42325,2152858,0.267846,53247,3582308,0.445689,8037679
4,2021-03-30,116735,5719533,63770,3128680,48819,2493566,4146,97287,69449,1456410,0.181198,47079,2199937,0.273703,74039,3656347,0.454901,8037679
4,2021-03-31,120594,5840127,71334,3200014,42951,2536517,6309,103596,68010,1478672,0.183968,52277,2252214,0.280207,74539,3730886,0.464175,8037679
4,2021-04-01,141972,5982099,81122,3281136,47675,2584192,13175,116771,83935,1518353,0.188904,57674,2309888,0.287382,97355,3828241,0.476287,8037679
4,2021-04-02,136100,6118199,72873,3354009,49695,2633887,13532,130303,78824,1554057,0.193346,57016,2366904,0.294476,92720,3920961,0.487823,8037679
4,2021-04-03,100934,6219133,53921,3407930,33640,2667527,13373,143676,52726,1572405,0.195629,48029,2414933,0.300452,66377,3987338,0.496081,8037679
4,2021-04-04,46780,6265913,24683,3432613,14590,2682117,7507,151183,20452,1574184,0.195851,26233,2441166,0.303715,28012,4015350,0.499566,8037679
4,2021-04-05,108915,6374828,61324,3493937,34847,2716964,12744,163927,56909,1592616,0.198144,51823,2492989,0.310163,70255,4085605,0.508307,8037679
4,2021-04-06,138290,6513118,77873,3571810,40732,2757696,19685,183612,71973,1618833,0.201406,66106,2559095,0.318387,92323,4177928,0.519793,8037679
4,2021-04-07,136947,6650065,77612,3649422,38685,2796381,20650,204262,71061,1645227,0.204689,65660,2624755,0.326556,92054,4269982,0.531246,8037679
4,2021-04-08,139396,6789461,77725,3727147,36341,2832722,25330,229592,69419,1670924,0.207886,69719,2694474,0.33523,95416,4365398,0.543117,8037679
4,2021-04-09,137063,6926524,75255,3802402,38947,2871669,22861,252453,65602,1689200,0.21016,71262,2765736,0.344096,89538,4454936,0.554257,8037679
4,2021-04-10,102888,7029412,50967,3853369,33138,2904807,18783,271236,46347,1699062,0.211387,56346,2822082,0.351107,66208,4521144,0.562494,8037679
4,2021-04-11,62239,7091651,37952,3891321,13126,2917933,11161,282397,27317,1703803,0.211977,34832,2856914,0.35544,39573,4560717,0.567417,8037679
4,2021-04-12,102321,7193972,62207,3953528,30023,2947956,10091,292488,51713,1716531,0.213561,50335,2907249,0.361703,63063,4623780,0.575263,8037679
4,2021-04-13,129545,7323517,81271,4034799,48115,2996071,159,292647,77804,1743881,0.216963,51491,2958740,0.368109,78841,4702621,0.585072,8037679
4,2021-04-14,134582,7458099,85772,4120571,48734,3044805,76,292723,74842,1760623,0.219046,59445,3018185,0.375505,76187,4778808,0.594551,8037679
4,2021-04-15,154861,7612960,103145,4223716,51659,3096464,57,292780,95550,1798035,0.223701,58997,3077182,0.382845,96409,4875217,0.606545,8037679
4,2021-04-16,141888,7754848,90080,4313796,51732,3148196,76,292856,82884,1822947,0.2268,58760,3135942,0.390155,83672,4958889,0.616955,8037679
4,2021-04-17,99819,7854667,63002,4376798,36796,3184992,21,292877,58537,1841594,0.22912,41049,3176991,0.395262,59696,5018585,0.624382,8037679
4,2021-04-18,53977,7908644,36092,4412890,17882,3202874,3,292880,30683,1850037,0.230171,23189,3200180,0.398147,31632,5050217,0.628318,8037679
4,2021-04-19,100135,8008779,66173,4479063,33947,3236821,15,292895,51297,1853303,0.230577,48633,3248813,0.404198,51899,5102116,0.634775,8037679
4,2021-04-20,127103,8135882,74653,4553716,52439,3289260,11,292906,66746,1861021,0.231537,60101,3308914,0.411675,67819,5169935,0.643212,8037679
4,2021-04-21,127267,8263149,81638,4635354,45578,3334838,51,292957,64323,1863750,0.231877,62658,3371572,0.419471,65387,5235322,0.651347,8037679
4,2021-04-22,137006,8400155,90265,4725619,46720,3381558,21,292978,61399,1850975,0.230287,75299,3446871,0.428839,62524,5297846,0.659126,8037679
4,2021-04-23,130422,8530577,84245,4809864,46154,3427712,23,293001,56633,1835297,0.228337,73484,3520355,0.437982,57806,5355652,0.666318,8037679
4,2021-04-24,97229,8627806,65992,4875856,31187,3458899,50,293051,44756,1828946,0.227547,52214,3572569,0.444478,45863,5401515,0.672024,8037679
4,2021-04-25,49422,8677228,35145,4911001,14252,3473151,25,293076,26128,1832363,0.227972,23173,3595742,0.447361,26590,5428105,0.675332,8037679
4,2021-04-26,87591,8764819,57359,4968360,29846,3502997,386,293462,34579,1815900,0.225923,52754,3648496,0.453924,36291,5464396,0.679848,8037679
4,2021-04-27,108917,8873736,66568,5034928,40267,3543264,2082,295544,39329,1788783,0.22255,69309,3717805,0.462547,42192,5506588,0.685097,8037679
4,2021-04-28,101035,8974771,65590,5100518,32955,3576219,2490,298034,37009,1765138,0.219608,63772,3781577,0.470481,40127,5546715,0.690089,8037679
4,2021-04-29,102399,9077170,64902,5165420,34995,3611214,2502,300536,32980,1732060,0.215493,69135,3850712,0.479083,36057,5582772,0.694575,8037679
4,2021-04-30,101593,9178763,63866,5229286,35064,3646278,2663,303199,34525,1703127,0.211893,66744,3917456,0.487386,37811,5620583,0.699279,8037679
4,2021-05-01,68446,9247209,45626,5274912,21068,3667346,1752,304951,19851,1676960,0.208637,48396,3965852,0.493408,22229,5642812,0.702045,8037679
4,2021-05-02,37354,9284563,26509,5301421,9568,3676914,1277,306228,10493,1662110,0.20679,26765,3992617,0.496738,11915,5654727,0.703527,8037679
4,2021-05-03,77783,9362346,54253,5355674,21081,3697995,2449,308677,19118,1625554,0.202242,58462,4051079,0.504011,21906,5676633,0.706253,8037679
4,2021-05-04,98238,9460584,66666,5422340,28828,3726823,2744,311421,22316,1575296,0.195989,75683,4126762,0.513427,25425,5702058,0.709416,8037679
4,2021-05-05,98993,9559577,69372,5491712,26910,3753733,2711,314132,21545,1522670,0.189442,77164,4203926,0.523027,24538,5726596,0.712469,8037679
4,2021-05-06,109074,9668651,81475,5573187,24680,3778413,2919,317051,19429,1456906,0.18126,89232,4293158,0.534129,23468,5750064,0.715389,8037679
4,2021-05-07,102710,9771361,73688,5646875,26348,3804761,2674,319725,20356,1398305,0.173969,82033,4375191,0.544335,23432,5773496,0.718304,8037679
4,2021-05-08,65995,9837356,45176,5692051,18954,3823715,1865,321590,13131,1360978,0.169325,52670,4427861,0.550888,15343,5788839,0.720213,8037679
4,2021-05-09,33254,9870610,27125,5719176,5191,3828906,938,322528,7847,1344540,0.16728,25315,4453176,0.554038,8877,5797716,0.721317,8037679
4,2021-05-10,62654,9933264,41578,5760754,18805,3847711,2271,324799,10835,1306303,0.162522,51644,4504820,0.560463,13407,5811123,0.722985,8037679
4,2021-05-11,77072,10010336,47074,5807828,27973,3875684,2025,326824,15031,1261947,0.157004,61838,4566658,0.568156,17482,5828605,0.72516,8037679
4,2021-05-12,73070,10083406,47979,5855807,22858,3898542,2233,329057,16002,1223662,0.152241,56840,4623498,0.575228,18555,5847160,0.727469,8037679
4,2021-05-13,95738,10179144,70300,5926107,24011,3922553,1427,330484,36810,1204196,0.149819,58647,4682145,0.582525,39181,5886341,0.732343,8037679
4,2021-05-14,101956,10281100,71823,5997930,28042,3950595,2091,332575,40018,1185155,0.14745,61672,4743817,0.590197,42631,5928972,0.737647,8037679
4,2021-05-15,83704,10364804,64664,6062594,17733,3968328,1307,333882,36945,1177128,0.146451,46559,4790376,0.59599,38532,5967504,0.742441,8037679
4,2021-05-16,48968,10413772,39747,6102341,8532,3976860,689,334571,20060,1169228,0.145468,28783,4819159,0.599571,20883,5988387,0.745039,8037679
4,2021-05-17,69816,10483588,50977,6153318,17006,3993866,1833,336404,28401,1158448,0.144127,41234,4860393,0.604701,30454,6018841,0.748828,8037679
4,2021-05-18,80396,10563984,52390,6205708,26261,4020127,1745,338149,29731,1139971,0.141828,50324,4910717,0.610962,31847,6050688,0.75279,8037679
4,2021-05-19,75528,10639512,51138,6256846,22463,4042590,1927,340076,31542,1129976,0.140585,43746,4954463,0.616405,33751,6084439,0.75699,8037679
4,2021-05-20,57609,10697121,37335,6294181,18580,4061170,1694,341770,21929,1118366,0.13914,35469,4989932,0.620818,23859,6108298,0.759958,8037679
4,2021-05-21,62692,10759813,42069,6336250,19026,4080196,1597,343367,22714,1103109,0.137242,39757,5029689,0.625764,24500,6132798,0.763006,8037679
4,2021-05-22,40780,10800593,29364,6365614,10353,4090549,1063,344430,18195,1100041,0.136861,22468,5052157,0.628559,19400,6152198,0.76542,8037679
4,2021-05-23,16402,10816995,12585,6378199,3300,4093849,517,344947,7079,1098464,0.136664,9237,5061394,0.629708,7660,6159858,0.766373,8037679
4,2021-05-24,41421,10858416,26119,6404318,12344,4106193,2958,347905,14778,1089929,0.135602,26465,5087859,0.633001,17930,6177788,0.768603,8037679
4,2021-05-25,44177,10902593,27469,6431787,13926,4120119,2782,350687,16273,1081514,0.134556,27698,5115557,0.636447,19283,6197071,0.771003,8037679
4,2021-05-26,43616,10946209,26157,6457944,14910,4135029,2549,353236,15824,1072490,0.133433,27615,5143172,0.639883,18591,6215662,0.773316,8037679
4,2021-05-27,38304,10984513,23048,6480992,12139,4147168,3117,356353,14751,1067188,0.132773,23386,5166558,0.642792,18084,6233746,0.775565,8037679
4,2021-05-28,42590,11027103,27226,6508218,13785,4160953,1579,357932,18875,1064377,0.132423,23521,5190079,0.645719,20710,6254456,0.778142,8037679
4,2021-05-29,23304,11050407,15213,6523431,7165,4168118,926,358858,11223,1064695,0.132463,11973,5202052,0.647208,12291,6266747,0.779671,8037679
4,2021-05-30,11901,11062308,8362,6531793,3014,4171132,525,359383,5118,1063690,0.132338,6732,5208784,0.648046,5727,6272474,0.780384,8037679
4,2021-05-31,3556,11065864,2278,6534071,1123,4172255,155,359538,1190,1062722,0.132218,2342,5211126,0.648337,1374,6273848,0.780555,8037679
4,2021-06-01,39018,11104882,24383,6558454,12218,4184473,2417,361955,14195,1054925,0.131247,24645,5235771,0.651403,16848,6290696,0.782651,8037679
4,2021-06-02,32033,11136915,20036,6578490,9235,4193708,2762,364717,11897,1049777,0.130607,19982,5255753,0.653889,14834,6305530,0.784496,8037679
4,2021-06-03,46780,11183695,35902,6614392,8436,4202144,2442,367159,12866,1031632,0.128349,33783,5289536,0.658092,15638,6321168,0.786442,8037679
4,2021-06-04,53236,11236931,43016,6657408,8927,4211071,1293,368452,13688,1008089,0.12542,39366,5328902,0.66299,15823,6336991,0.788411,8037679
4,2021-06-05,42472,11279403,36276,6693684,5219,4216290,977,369429,9127,985272,0.122582,33224,5362126,0.667124,10407,6347398,0.789705,8037679
4,2021-06-06,19764,11299167,17571,6711255,1656,4217946,537,369966,4556,975656,0.121385,15121,5377247,0.669005,5505,6352903,0.79039,8037679
4,2021-06-07,20280,11319447,16325,6727580,2664,4220610,1291,371257,3562,963886,0.119921,16662,5393909,0.671078,4892,6357795,0.790999,8037679
