vemquartile,administered_date,total_doses,cumulative_total_doses,pfizer_doses,cumulative_pfizer_doses,moderna_doses,cumulative_moderna_doses,jj_doses,cumulative_jj_doses,partially_vaccinated,total_partially_vaccinated,pct_age12pop_partially_vaccinated,fully_vaccinated,cumulative_fully_vaccinated,pct_age12pop_fully_vaccinated,at_least_one_dose,cumulative_at_least_one_dose,pct_age12pop_at_least_one_dose,age12_population
1,2020-12-15,147,147,147,147,0,0,0,0,147,147,1.7e-05,0,0,0.0,147,147,1.7e-05,8700223
1,2020-12-16,1176,1323,1176,1323,0,0,0,0,1176,1323,0.000152,0,0,0.0,1176,1323,0.000152,8700223
1,2020-12-17,4122,5445,4122,5445,0,0,0,0,4123,5446,0.000626,0,0,0.0,4123,5446,0.000626,8700223
1,2020-12-18,6270,11715,6250,11695,20,20,0,0,6270,11715,0.001347,1,1,0.0,6270,11716,0.001347,8700223
1,2020-12-19,2860,14575,2859,14554,1,21,0,0,2859,14573,0.001675,1,2,0.0,2859,14575,0.001675,8700223
1,2020-12-20,2113,16688,2108,16662,5,26,0,0,2114,16687,0.001918,0,2,0.0,2114,16689,0.001918,8700223
1,2020-12-21,7623,24311,7609,24271,14,40,0,0,7673,24360,0.0028,1,3,0.0,7674,24363,0.0028,8700223
1,2020-12-22,7290,31601,6949,31220,341,381,0,0,7292,31650,0.003638,2,5,1e-06,7292,31655,0.003638,8700223
1,2020-12-23,7824,39425,6577,37797,1247,1628,0,0,7818,39467,0.004536,2,7,1e-06,7819,39474,0.004537,8700223
1,2020-12-24,3294,42719,2356,40153,938,2566,0,0,3296,42763,0.004915,0,7,1e-06,3296,42770,0.004916,8700223
1,2020-12-25,235,42954,151,40304,84,2650,0,0,235,42998,0.004942,0,7,1e-06,235,43005,0.004943,8700223
1,2020-12-26,1352,44306,963,41267,389,3039,0,0,1351,44348,0.005097,1,8,1e-06,1351,44356,0.005098,8700223
1,2020-12-27,860,45166,529,41796,331,3370,0,0,860,45208,0.005196,0,8,1e-06,860,45216,0.005197,8700223
1,2020-12-28,7027,52193,4745,46541,2282,5652,0,0,7026,52234,0.006004,0,8,1e-06,7026,52242,0.006005,8700223
1,2020-12-29,8806,60999,4944,51485,3862,9514,0,0,8803,61036,0.007015,1,9,1e-06,8803,61045,0.007016,8700223
1,2020-12-30,11558,72557,6444,57929,5114,14628,0,0,11558,72594,0.008344,0,9,1e-06,11558,72603,0.008345,8700223
1,2020-12-31,5916,78473,1951,59880,3965,18593,0,0,5915,78508,0.009024,2,11,1e-06,5916,78519,0.009025,8700223
1,2021-01-01,544,79017,188,60068,356,18949,0,0,544,79052,0.009086,0,11,1e-06,544,79063,0.009087,8700223
1,2021-01-02,2898,81915,1759,61827,1139,20088,0,0,2900,81952,0.00942,0,11,1e-06,2900,81963,0.009421,8700223
1,2021-01-03,1017,82932,544,62371,473,20561,0,0,1016,82967,0.009536,1,12,1e-06,1016,82979,0.009538,8700223
1,2021-01-04,7322,90254,3570,65941,3752,24313,0,0,7326,90292,0.010378,1,13,1e-06,7326,90305,0.01038,8700223
1,2021-01-05,10756,101010,5182,71123,5574,29887,0,0,10006,99586,0.011446,735,748,8.6e-05,10029,100334,0.011532,8700223
1,2021-01-06,13973,114983,7013,78136,6960,36847,0,0,12093,109844,0.012625,1842,2590,0.000298,12100,112434,0.012923,8700223
1,2021-01-07,17354,132337,9063,87199,8291,45138,0,0,12916,118430,0.013612,4341,6931,0.000797,12927,125361,0.014409,8700223
1,2021-01-08,20055,152392,10389,97588,9666,54804,0,0,14192,126780,0.014572,5847,12778,0.001469,14197,139558,0.016041,8700223
1,2021-01-09,6678,159070,3368,100956,3310,58114,0,0,4833,129787,0.014918,1831,14609,0.001679,4838,144396,0.016597,8700223
1,2021-01-10,3066,162136,1744,102700,1322,59436,0,0,1882,130499,0.015,1171,15780,0.001814,1883,146279,0.016813,8700223
1,2021-01-11,18027,180163,11804,114504,6223,65659,0,0,11500,135535,0.015578,6501,22281,0.002561,11537,157816,0.018139,8700223
1,2021-01-12,18855,199018,10735,125239,8120,73779,0,0,12898,142548,0.016384,5920,28201,0.003241,12933,170749,0.019626,8700223
1,2021-01-13,19686,218704,10641,135880,9045,82824,0,0,14551,152005,0.017471,5111,33312,0.003829,14568,185317,0.0213,8700223
1,2021-01-14,21825,240529,9369,145249,12456,95280,0,0,19094,168467,0.019364,2676,35988,0.004136,19138,204455,0.0235,8700223
1,2021-01-15,25029,265558,9214,154463,15815,111095,0,0,23098,189732,0.021808,1884,37872,0.004353,23149,227604,0.026161,8700223
1,2021-01-16,13832,279390,4523,158986,9309,120404,0,0,12971,201846,0.0232,859,38731,0.004452,12973,240577,0.027652,8700223
1,2021-01-17,5188,284578,2003,160989,3185,123589,0,0,4824,206314,0.023714,361,39092,0.004493,4829,245406,0.028207,8700223
1,2021-01-18,14235,298813,8551,169540,5684,129273,0,0,11085,214308,0.024632,3138,42230,0.004854,11132,256538,0.029486,8700223
1,2021-01-19,24583,323396,12845,182385,11738,141011,0,0,19410,228612,0.026277,5158,47388,0.005447,19462,276000,0.031723,8700223
1,2021-01-20,28578,351974,14021,196406,14557,155568,0,0,22949,246021,0.028278,5576,52964,0.006088,22985,298985,0.034365,8700223
1,2021-01-21,30614,382588,14243,210649,16371,171939,0,0,27476,270498,0.031091,3081,56045,0.006442,27558,326543,0.037533,8700223
1,2021-01-22,28047,410635,11130,221779,16917,188856,0,0,26072,294663,0.033868,1934,57979,0.006664,26099,352642,0.040533,8700223
1,2021-01-23,18651,429286,8181,229960,10470,199326,0,0,16727,309491,0.035573,1909,59888,0.006884,16737,369379,0.042456,8700223
1,2021-01-24,6656,435942,4155,234115,2501,201827,0,0,6003,314852,0.036189,647,60535,0.006958,6008,375387,0.043147,8700223
1,2021-01-25,25099,461041,10416,244531,14683,216510,0,0,19460,328785,0.03779,5618,66153,0.007604,19551,394938,0.045394,8700223
1,2021-01-26,28421,489462,13348,257879,15073,231583,0,0,21870,344168,0.039559,6505,72658,0.008351,21888,416826,0.04791,8700223
1,2021-01-27,32208,521670,15366,273245,16842,248425,0,0,24274,360592,0.041446,7874,80532,0.009256,24298,441124,0.050703,8700223
1,2021-01-28,34495,556165,16211,289456,18284,266709,0,0,27729,381667,0.043869,6711,87243,0.010028,27786,468910,0.053896,8700223
1,2021-01-29,33305,589470,16364,305820,16941,283650,0,0,26875,402277,0.046238,6297,93540,0.010751,26907,495817,0.056989,8700223
1,2021-01-30,20154,609624,8788,314608,11366,295016,0,0,18061,418275,0.048076,2070,95610,0.010989,18068,513885,0.059066,8700223
1,2021-01-31,7564,617188,4951,319559,2613,297629,0,0,6923,424561,0.048799,640,96250,0.011063,6926,520811,0.059862,8700223
1,2021-02-01,28509,645697,12424,331983,16085,313714,0,0,20890,437880,0.05033,7577,103827,0.011934,20896,541707,0.062264,8700223
1,2021-02-02,32002,677699,11507,343490,20495,334209,0,0,24119,454214,0.052207,7820,111647,0.012833,24154,565861,0.06504,8700223
1,2021-02-03,39072,716771,15015,358505,24057,358266,0,0,28255,471813,0.05423,10688,122335,0.014061,28287,594148,0.068291,8700223
1,2021-02-04,43499,760270,16969,375474,26530,384796,0,0,31633,491732,0.056519,11762,134097,0.015413,31681,625829,0.071933,8700223
1,2021-02-05,46594,806864,17296,392770,29298,414094,0,0,30711,506734,0.058244,15761,149858,0.017225,30763,656592,0.075468,8700223
1,2021-02-06,26457,833321,10495,403265,15962,430056,0,0,20634,521600,0.059952,5785,155643,0.01789,20651,677243,0.077842,8700223
1,2021-02-07,6241,839562,4017,407282,2224,432280,0,0,4639,524671,0.060305,1586,157229,0.018072,4657,681900,0.078377,8700223
1,2021-02-08,31187,870749,14245,421527,16942,449222,0,0,20853,535353,0.061533,10264,167493,0.019252,20946,702846,0.080785,8700223
1,2021-02-09,38142,908891,16814,438341,21328,470550,0,0,23612,544488,0.062583,14550,182043,0.020924,23685,726531,0.083507,8700223
1,2021-02-10,46665,955556,21934,460275,24731,495281,0,0,26938,551864,0.063431,19639,201682,0.023181,27015,753546,0.086612,8700223
1,2021-02-11,51218,1006774,25203,485478,26015,521296,0,0,30878,562769,0.064684,20070,221752,0.025488,30975,784521,0.090173,8700223
1,2021-02-12,49307,1056081,21288,506766,28019,549315,0,0,28479,570659,0.065591,20723,242475,0.02787,28613,813134,0.093461,8700223
1,2021-02-13,26018,1082099,11340,518106,14678,563993,0,0,15091,574967,0.066086,10859,253334,0.029118,15167,828301,0.095205,8700223
1,2021-02-14,11602,1093701,5474,523580,6128,570121,0,0,6625,576706,0.066286,4951,258285,0.029687,6690,834991,0.095974,8700223
1,2021-02-15,23544,1117245,9263,532843,14281,584402,0,0,14357,582093,0.066906,9086,267371,0.030732,14473,849464,0.097637,8700223
1,2021-02-16,46308,1163553,22180,555023,24128,608530,0,0,27304,590571,0.06788,18937,286308,0.032908,27415,876879,0.100788,8700223
1,2021-02-17,47746,1211299,24133,579156,23613,632143,0,0,25939,594963,0.068385,21692,308000,0.035401,26084,902963,0.103786,8700223
1,2021-02-18,50156,1261455,25039,604195,25117,657260,0,0,26142,597505,0.068677,23818,331818,0.038139,26360,929323,0.106816,8700223
1,2021-02-19,45489,1306944,24655,628850,20834,678094,0,0,25774,603724,0.069392,19619,351437,0.040394,25838,955161,0.109786,8700223
1,2021-02-20,26916,1333860,16406,645256,10510,688604,0,0,15494,607910,0.069873,11383,362820,0.041702,15569,970730,0.111575,8700223
1,2021-02-21,11445,1345305,10204,655460,1241,689845,0,0,6824,610204,0.070137,4579,367399,0.042229,6873,977603,0.112365,8700223
1,2021-02-22,29874,1375179,19628,675088,10246,700091,0,0,17632,615743,0.070773,12190,379589,0.04363,17729,995332,0.114403,8700223
1,2021-02-23,42849,1418028,20932,696020,21917,722008,0,0,24010,621398,0.071423,18715,398304,0.045781,24370,1019702,0.117204,8700223
1,2021-02-24,52874,1470902,25639,721659,27235,749243,0,0,29685,628439,0.072233,23091,421395,0.048435,30132,1049834,0.120667,8700223
1,2021-02-25,65009,1535911,31650,753309,33359,782602,0,0,40760,645550,0.074199,24152,445547,0.051211,41263,1091097,0.12541,8700223
1,2021-02-26,72911,1608822,34281,787590,38630,821232,0,0,48127,669518,0.076954,24635,470182,0.054043,48603,1139700,0.130997,8700223
1,2021-02-27,50037,1658859,23123,810713,26907,848139,7,7,33332,686522,0.078909,16599,486781,0.05595,33603,1173303,0.134859,8700223
1,2021-02-28,19310,1678169,11464,822177,7845,855984,1,8,14284,695978,0.079995,4968,491749,0.056521,14424,1187727,0.136517,8700223
1,2021-03-01,43785,1721954,20220,842397,23539,879523,26,34,28385,709343,0.081532,15279,507028,0.058278,28644,1216371,0.139809,8700223
1,2021-03-02,61598,1783552,26837,869234,34750,914273,11,45,39752,727984,0.083674,21735,528763,0.060776,40376,1256747,0.14445,8700223
1,2021-03-03,68833,1852385,32640,901874,36176,950449,17,62,41953,743788,0.085491,26757,555520,0.063851,42561,1299308,0.149342,8700223
1,2021-03-04,77102,1929487,36245,938119,40824,991273,33,95,49656,766694,0.088123,27292,582812,0.066988,50198,1349506,0.155112,8700223
1,2021-03-05,76572,2006059,34719,972838,41650,1032923,203,298,51428,794013,0.091264,24944,607756,0.069855,52263,1401769,0.161119,8700223
1,2021-03-06,56994,2063053,27216,1000054,28442,1061365,1336,1634,38853,816488,0.093847,18080,625836,0.071933,40555,1442324,0.16578,8700223
1,2021-03-07,20117,2083170,12815,1012869,6491,1067856,811,2445,15125,827712,0.095137,4974,630810,0.072505,16198,1458522,0.167642,8700223
1,2021-03-08,44122,2127292,21080,1033949,21171,1089027,1871,4316,30936,847747,0.09744,13111,643921,0.074012,33146,1491668,0.171452,8700223
1,2021-03-09,65448,2192740,31582,1065531,31393,1120420,2473,6789,40447,866117,0.099551,24893,668814,0.076873,43263,1534931,0.176424,8700223
1,2021-03-10,72250,2264990,36096,1101627,31786,1152206,4368,11157,44920,888578,0.102133,27197,696011,0.079999,49658,1584589,0.182132,8700223
1,2021-03-11,88611,2353601,40438,1142065,40250,1192456,7923,19080,51947,912471,0.104879,36443,732454,0.084188,60336,1644925,0.189067,8700223
1,2021-03-12,97175,2450776,42585,1184650,42259,1234715,12331,31411,57005,942308,0.108308,39989,772443,0.088784,69826,1714751,0.197093,8700223
1,2021-03-13,64597,2515373,29308,1213958,27572,1262287,7717,39128,41273,968422,0.11131,23218,795661,0.091453,49332,1764083,0.202763,8700223
1,2021-03-14,27516,2542889,14842,1228800,9113,1271400,3561,42689,15637,975990,0.11218,11828,807489,0.092812,19396,1783479,0.204992,8700223
1,2021-03-15,64275,2607164,28123,1256923,29468,1300868,6684,49373,38073,995065,0.114372,26030,833519,0.095804,45105,1828584,0.210177,8700223
1,2021-03-16,84622,2691786,38374,1295297,40703,1341571,5545,54918,52767,1022061,0.117475,31685,865204,0.099446,58681,1887265,0.216921,8700223
1,2021-03-17,91431,2783217,44121,1339418,40785,1382356,6525,61443,58951,1055591,0.121329,32319,897523,0.103161,65849,1953114,0.22449,8700223
1,2021-03-18,97285,2880502,50031,1389449,41653,1424009,5601,67044,59559,1083796,0.124571,37418,934941,0.107462,65623,2018737,0.232033,8700223
1,2021-03-19,102408,2982910,52942,1442391,43351,1467360,6115,73159,60688,1109611,0.127538,41472,976413,0.112229,67287,2086024,0.239767,8700223
1,2021-03-20,71852,3054762,36968,1479359,29662,1497022,5222,78381,46399,1136187,0.130593,25300,1001713,0.115136,51876,2137900,0.245729,8700223
1,2021-03-21,26872,3081634,18766,1498125,6302,1503324,1804,80185,17356,1145988,0.131719,9443,1011156,0.116222,19244,2157144,0.247941,8700223
1,2021-03-22,58478,3140112,30087,1528212,25121,1528445,3270,83455,39763,1170838,0.134576,18536,1029692,0.118352,43386,2200530,0.252928,8700223
1,2021-03-23,82018,3222130,41541,1569753,36874,1565319,3603,87058,51059,1195183,0.137374,30770,1060462,0.121889,55115,2255645,0.259263,8700223
1,2021-03-24,86928,3309058,43873,1613626,38719,1604038,4336,91394,52769,1218526,0.140057,33941,1094403,0.12579,57284,2312929,0.265847,8700223
1,2021-03-25,95517,3404575,48584,1662210,41141,1645179,5792,97186,53924,1237142,0.142197,41320,1135723,0.13054,59936,2372865,0.272736,8700223
1,2021-03-26,103474,3508049,50441,1712651,46774,1691953,6259,103445,56267,1253040,0.144024,46931,1182654,0.135934,62829,2435694,0.279958,8700223
1,2021-03-27,73438,3581487,37907,1750558,31353,1723306,4178,107623,38161,1260498,0.144881,35088,1217742,0.139967,42546,2478240,0.284848,8700223
1,2021-03-28,32467,3613954,21270,1771828,9988,1733294,1209,108832,16597,1262869,0.145154,15769,1233511,0.141779,18140,2496380,0.286933,8700223
1,2021-03-29,66244,3680198,32895,1804723,30250,1763544,3099,111931,36993,1274083,0.146443,29087,1262598,0.145122,40301,2536681,0.291565,8700223
1,2021-03-30,90664,3770862,44692,1849415,39696,1803240,6276,118207,47219,1284377,0.147626,43306,1305904,0.1501,53600,2590281,0.297726,8700223
1,2021-03-31,99581,3870443,52164,1901579,41496,1844736,5921,124128,55313,1301682,0.149615,44014,1349918,0.155159,61319,2651600,0.304774,8700223
1,2021-04-01,109997,3980440,52738,1954317,48867,1893603,8392,132520,56794,1314069,0.151039,52877,1402795,0.161237,65264,2716864,0.312275,8700223
1,2021-04-02,109710,4090150,50072,2004389,50044,1943647,9594,142114,56299,1327153,0.152542,53041,1455836,0.167333,66125,2782989,0.319876,8700223
1,2021-04-03,77298,4167448,38736,2043125,28967,1972614,9595,151709,36111,1331915,0.15309,41030,1496866,0.172049,45792,2828781,0.325139,8700223
1,2021-04-04,23641,4191089,11756,2054881,8429,1981043,3456,155165,9936,1331644,0.153059,13656,1510522,0.173619,13385,2842166,0.326677,8700223
1,2021-04-05,75330,4266419,36220,2091101,30000,2011043,9110,164275,34350,1334475,0.153384,40810,1551332,0.178309,43641,2885807,0.331693,8700223
1,2021-04-06,102521,4368940,48543,2139644,37506,2048549,16472,180747,46604,1341935,0.154241,55677,1607009,0.184709,63137,2948944,0.33895,8700223
1,2021-04-07,109926,4478866,53097,2192741,39448,2087997,17381,198128,50109,1349904,0.155157,59578,1666587,0.191557,67547,3016491,0.346714,8700223
1,2021-04-08,120762,4599628,56929,2249670,43058,2131055,20775,218903,53525,1357415,0.156021,66898,1733485,0.199246,74409,3090900,0.355267,8700223
1,2021-04-09,121346,4720974,55471,2305141,45442,2176497,20433,239336,53695,1364334,0.156816,67338,1800823,0.206986,74257,3165157,0.363802,8700223
1,2021-04-10,94753,4815727,42180,2347321,30023,2206520,22550,261886,37081,1366485,0.157063,57501,1858324,0.213595,59652,3224809,0.370658,8700223
1,2021-04-11,35998,4851725,20096,2367417,9317,2215837,6585,268471,14700,1366645,0.157082,21252,1879576,0.216038,21412,3246221,0.373119,8700223
1,2021-04-12,73041,4924766,32365,2399782,30762,2246599,9914,278385,31028,1365987,0.157006,41778,1921354,0.22084,41120,3287341,0.377846,8700223
1,2021-04-13,95902,5020668,51241,2451023,44330,2290929,331,278716,51831,1374672,0.158004,43829,1965183,0.225877,52514,3339855,0.383882,8700223
1,2021-04-14,102757,5123425,53050,2504073,49639,2340568,68,278784,52335,1377376,0.158315,50098,2015281,0.231636,52802,3392657,0.389951,8700223
1,2021-04-15,104217,5227642,56521,2560594,47614,2388182,82,278866,55885,1385713,0.159273,47820,2063101,0.237132,56157,3448814,0.396405,8700223
1,2021-04-16,108379,5336021,55700,2616294,52592,2440774,87,278953,54426,1386869,0.159406,53534,2116635,0.243285,54690,3503504,0.402691,8700223
1,2021-04-17,81698,5417719,44310,2660604,37380,2478154,8,278961,45857,1397246,0.160599,35654,2152289,0.247383,46031,3549535,0.407982,8700223
1,2021-04-18,28847,5446566,19248,2679852,9592,2487746,7,278968,14649,1397969,0.160682,14130,2166419,0.249007,14853,3564388,0.409689,8700223
1,2021-04-19,64476,5511042,32906,2712758,31558,2519304,12,278980,29244,1392415,0.160044,34938,2201357,0.253023,29384,3593772,0.413067,8700223
1,2021-04-20,85678,5596720,42588,2755346,43071,2562375,19,278999,40666,1388555,0.1596,44748,2246105,0.258166,40888,3634660,0.417766,8700223
1,2021-04-21,91763,5688483,46777,2802123,44892,2607267,94,279093,41211,1379981,0.158614,50085,2296190,0.263923,41511,3676171,0.422538,8700223
1,2021-04-22,94133,5782616,48546,2850669,45571,2652838,16,279109,43354,1373212,0.157836,50356,2346546,0.269711,43587,3719758,0.427547,8700223
1,2021-04-23,97881,5880497,50230,2900899,47626,2700464,25,279134,46543,1369087,0.157362,50914,2397460,0.275563,46789,3766547,0.432925,8700223
1,2021-04-24,74587,5955084,46259,2947158,28305,2728769,23,279157,42373,1379669,0.158579,32070,2429530,0.279249,42652,3809199,0.437828,8700223
1,2021-04-25,26873,5981957,17123,2964281,9740,2738509,10,279167,15422,1383873,0.159062,11360,2440890,0.280555,15564,3824763,0.439617,8700223
1,2021-04-26,61308,6043265,32236,2996517,28673,2767182,399,279566,29141,1381829,0.158827,31917,2472807,0.284223,29873,3854636,0.44305,8700223
1,2021-04-27,76635,6119900,40848,3037365,34608,2801790,1179,280745,33023,1372998,0.157812,43371,2516178,0.289208,34540,3889176,0.44702,8700223
1,2021-04-28,77451,6197351,41020,3078385,34988,2836778,1443,282188,33727,1364941,0.156886,43455,2559633,0.294203,35398,3924574,0.451089,8700223
1,2021-04-29,80499,6277850,44044,3122429,34886,2871664,1569,283757,32395,1351244,0.155311,47823,2607456,0.2997,34126,3958700,0.455011,8700223
1,2021-04-30,88186,6366036,47723,3170152,38654,2910318,1809,285566,36632,1338560,0.153854,51294,2658750,0.305596,38610,3997310,0.459449,8700223
1,2021-05-01,61513,6427549,39779,3209931,20368,2930686,1366,286932,25802,1330409,0.152917,35549,2694299,0.309682,27398,4024708,0.462598,8700223
1,2021-05-02,23157,6450706,16372,3226303,6226,2936912,559,287491,9424,1326790,0.152501,13634,2707933,0.311249,10015,4034723,0.463749,8700223
1,2021-05-03,53882,6504588,30028,3256331,22080,2958992,1774,289265,19487,1313909,0.15102,34197,2742130,0.315179,21316,4056039,0.466199,8700223
1,2021-05-04,72110,6576698,41267,3297598,28814,2987806,2029,291294,25827,1295828,0.148942,46026,2788156,0.320469,27945,4083984,0.469411,8700223
1,2021-05-05,73789,6650487,42323,3339921,29227,3017033,2239,293533,24943,1274534,0.146494,48548,2836704,0.32605,27254,4111238,0.472544,8700223
1,2021-05-06,75542,6726029,45192,3385113,28203,3045236,2147,295680,23785,1249216,0.143584,51410,2888114,0.331959,26092,4137330,0.475543,8700223
1,2021-05-07,79177,6805206,45023,3430136,32017,3077253,2137,297817,26548,1225721,0.140884,52242,2940356,0.337963,28747,4166077,0.478847,8700223
1,2021-05-08,53966,6859172,33712,3463848,18718,3095971,1536,299353,18241,1210137,0.139093,35453,2975809,0.342038,19869,4185946,0.481131,8700223
1,2021-05-09,17645,6876817,12545,3476393,4625,3100596,475,299828,5462,1203998,0.138387,12111,2987920,0.34343,5972,4191918,0.481817,8700223
1,2021-05-10,41598,6918415,20854,3497247,19007,3119603,1737,301565,13931,1192273,0.137039,27487,3015407,0.34659,15762,4207680,0.483629,8700223
1,2021-05-11,58070,6976485,31014,3528261,25037,3144640,2019,303584,18861,1174299,0.134973,38977,3054384,0.35107,21003,4228683,0.486043,8700223
1,2021-05-12,57316,7033801,29972,3558233,25452,3170092,1892,305476,18855,1156921,0.132976,38197,3092581,0.35546,20819,4249502,0.488436,8700223
1,2021-05-13,59878,7093679,34691,3592924,23309,3193401,1878,307354,22597,1144701,0.131571,36969,3129550,0.359709,24749,4274251,0.491281,8700223
1,2021-05-14,73056,7166735,43916,3636840,26839,3220240,2301,309655,29680,1133928,0.130333,43062,3172612,0.364659,32289,4306540,0.494992,8700223
1,2021-05-15,62999,7229734,41660,3678500,19681,3239921,1658,311313,24923,1122747,0.129048,37845,3210457,0.369009,26664,4333204,0.498057,8700223
1,2021-05-16,23932,7253666,17451,3695951,5870,3245791,611,311924,9648,1118861,0.128601,14186,3224643,0.370639,10300,4343504,0.499241,8700223
1,2021-05-17,52927,7306593,32544,3728495,18676,3264467,1707,313631,23676,1115282,0.12819,29029,3253672,0.373976,25450,4368954,0.502166,8700223
1,2021-05-18,63233,7369826,38218,3766713,23248,3287715,1767,315398,28580,1111312,0.127734,34407,3288079,0.37793,30437,4399391,0.505664,8700223
1,2021-05-19,65180,7435006,39702,3806415,23574,3311289,1904,317302,30059,1108494,0.12741,34872,3322951,0.381939,32054,4431445,0.509348,8700223
1,2021-05-20,54532,7489538,31790,3838205,20707,3331996,2035,319337,23476,1103388,0.126823,30804,3353755,0.385479,25698,4457143,0.512302,8700223
1,2021-05-21,59834,7549372,36062,3874267,22047,3354043,1725,321062,26068,1097818,0.126183,33448,3387203,0.389324,27878,4485021,0.515506,8700223
1,2021-05-22,46033,7595405,31068,3905335,13392,3367435,1573,322635,20941,1095517,0.125918,24901,3412104,0.392186,22600,4507621,0.518104,8700223
1,2021-05-23,13904,7609309,10689,3916024,2724,3370159,491,323126,7227,1096652,0.126049,6606,3418710,0.392945,7741,4515362,0.518994,8700223
1,2021-05-24,41957,7651266,23212,3939236,16961,3387120,1784,324910,17661,1092098,0.125525,24086,3442796,0.395714,19532,4534894,0.521239,8700223
1,2021-05-25,49824,7701090,28938,3968174,19308,3406428,1578,326488,21495,1087180,0.12496,28090,3470886,0.398942,23172,4558066,0.523902,8700223
1,2021-05-26,47160,7748250,26818,3994992,18514,3424942,1828,328316,20636,1083468,0.124533,26243,3497129,0.401959,22531,4580597,0.526492,8700223
1,2021-05-27,46087,7794337,25954,4020946,18266,3443208,1867,330183,20532,1080681,0.124213,25300,3522429,0.404867,22513,4603110,0.52908,8700223
1,2021-05-28,51028,7845365,28468,4049414,20829,3464037,1731,331914,23256,1078309,0.12394,27494,3549923,0.408027,25122,4628232,0.531967,8700223
1,2021-05-29,29958,7875323,18204,4067618,10836,3474873,918,332832,14664,1078814,0.123998,15147,3565070,0.409768,15652,4643884,0.533766,8700223
1,2021-05-30,11509,7886832,7444,4075062,3524,3478397,541,333373,5638,1079214,0.124044,5808,3570878,0.410435,6208,4650092,0.53448,8700223
1,2021-05-31,5642,7892474,3226,4078288,2166,3480563,250,333623,2001,1077882,0.123891,3595,3574473,0.410848,2263,4652355,0.53474,8700223
1,2021-06-01,44745,7937219,25367,4103655,17924,3498487,1454,335077,18212,1071391,0.123145,26252,3600725,0.413866,19761,4672116,0.537011,8700223
1,2021-06-02,38753,7975972,22767,4126422,14556,3513043,1430,336507,16827,1068079,0.122765,21660,3622385,0.416355,18348,4690464,0.53912,8700223
1,2021-06-03,38309,8014281,24320,4150742,12499,3525542,1490,337997,16044,1063680,0.122259,22018,3644403,0.418886,17619,4708083,0.541145,8700223
1,2021-06-04,27210,8041491,18001,4168743,8128,3533670,1081,339078,9339,1056436,0.121426,17717,3662120,0.420923,10473,4718556,0.542349,8700223
2,2020-12-15,237,237,237,237,0,0,0,0,237,237,2.8e-05,0,0,0.0,237,237,2.8e-05,8407551
2,2020-12-16,2077,2314,2077,2314,0,0,0,0,2076,2313,0.000275,0,0,0.0,2076,2313,0.000275,8407551
2,2020-12-17,6707,9021,6707,9021,0,0,0,0,6708,9021,0.001073,0,0,0.0,6708,9021,0.001073,8407551
2,2020-12-18,10833,19854,10814,19835,19,19,0,0,10835,19856,0.002362,0,0,0.0,10835,19856,0.002362,8407551
2,2020-12-19,5588,25442,5582,25417,6,25,0,0,5589,25445,0.003026,0,0,0.0,5589,25445,0.003026,8407551
2,2020-12-20,4211,29653,4203,29620,8,33,0,0,4207,29652,0.003527,0,0,0.0,4207,29652,0.003527,8407551
2,2020-12-21,12759,42412,12734,42354,25,58,0,0,12714,42366,0.005039,0,0,0.0,12714,42366,0.005039,8407551
2,2020-12-22,12064,54476,11553,53907,511,569,0,0,12063,54429,0.006474,0,0,0.0,12063,54429,0.006474,8407551
2,2020-12-23,11692,66168,9482,63389,2210,2779,0,0,11695,66124,0.007865,1,1,0.0,11696,66125,0.007865,8407551
2,2020-12-24,5854,72022,3493,66882,2361,5140,0,0,5851,71975,0.008561,2,3,0.0,5853,71978,0.008561,8407551
2,2020-12-25,479,72501,401,67283,78,5218,0,0,480,72455,0.008618,0,3,0.0,480,72458,0.008618,8407551
2,2020-12-26,2561,75062,1668,68951,893,6111,0,0,2562,75016,0.008922,1,4,0.0,2562,75020,0.008923,8407551
2,2020-12-27,2225,77287,1209,70160,1016,7127,0,0,2223,77238,0.009187,1,5,1e-06,2223,77243,0.009187,8407551
2,2020-12-28,10966,88253,7140,77300,3826,10953,0,0,10966,88203,0.010491,1,6,1e-06,10966,88209,0.010492,8407551
2,2020-12-29,12629,100882,7114,84414,5515,16468,0,0,12633,100836,0.011994,0,6,1e-06,12633,100842,0.011994,8407551
2,2020-12-30,15337,116219,8622,93036,6715,23183,0,0,15352,116187,0.013819,3,9,1e-06,15354,116196,0.01382,8407551
2,2020-12-31,7500,123719,2809,95845,4691,27874,0,0,7497,123683,0.014711,1,10,1e-06,7497,123693,0.014712,8407551
2,2021-01-01,1148,124867,551,96396,597,28471,0,0,1148,124829,0.014847,2,12,1e-06,1148,124841,0.014849,8407551
2,2021-01-02,4812,129679,2740,99136,2072,30543,0,0,4810,129639,0.015419,0,12,1e-06,4810,129651,0.015421,8407551
2,2021-01-03,1380,131059,788,99924,592,31135,0,0,1375,131011,0.015583,3,15,2e-06,1375,131026,0.015584,8407551
2,2021-01-04,11611,142670,5547,105471,6064,37199,0,0,11600,142608,0.016962,3,18,2e-06,11600,142626,0.016964,8407551
2,2021-01-05,13811,156481,6886,112357,6925,44124,0,0,12631,154096,0.018328,1174,1192,0.000142,12662,155288,0.01847,8407551
2,2021-01-06,18921,175402,10431,122788,8490,52614,0,0,15204,165639,0.019701,3669,4861,0.000578,15212,170500,0.020279,8407551
2,2021-01-07,22924,198326,12865,135653,10059,62673,0,0,15558,173835,0.020676,7379,12240,0.001456,15575,186075,0.022132,8407551
2,2021-01-08,26389,224715,15967,151620,10422,73095,0,0,16341,180189,0.021432,10012,22252,0.002647,16366,202441,0.024078,8407551
2,2021-01-09,9728,234443,5656,157276,4072,77167,0,0,6233,182922,0.021757,3509,25761,0.003064,6242,208683,0.024821,8407551
2,2021-01-10,5256,239699,2917,160193,2339,79506,0,0,3043,183741,0.021854,2229,27990,0.003329,3048,211731,0.025183,8407551
2,2021-01-11,25921,265620,17806,177999,8115,87621,0,0,14984,187811,0.022338,10967,38957,0.004634,15037,226768,0.026972,8407551
2,2021-01-12,26106,291726,16230,194229,9876,97497,0,0,16612,194982,0.023191,9516,48473,0.005765,16687,243455,0.028957,8407551
2,2021-01-13,28431,320157,15077,209306,13354,110851,0,0,20498,207577,0.024689,7926,56399,0.006708,20521,263976,0.031397,8407551
2,2021-01-14,30200,350357,11500,220806,18700,129551,0,0,25990,229394,0.027284,4231,60630,0.007211,26048,290024,0.034496,8407551
2,2021-01-15,34952,385309,12708,233514,22244,151795,0,0,31705,257922,0.030677,3251,63881,0.007598,31779,321803,0.038275,8407551
2,2021-01-16,17744,403053,5767,239281,11977,163772,0,0,16429,273022,0.032473,1341,65222,0.007758,16441,338244,0.040231,8407551
2,2021-01-17,10584,413637,3572,242853,7012,170784,0,0,9873,282167,0.033561,736,65958,0.007845,9881,348125,0.041406,8407551
2,2021-01-18,19631,433268,10980,253833,8651,179435,0,0,14862,292294,0.034766,4786,70744,0.008414,14913,363038,0.04318,8407551
2,2021-01-19,32353,465621,16906,270739,15447,194882,0,0,24404,308858,0.036736,7954,78698,0.00936,24518,387556,0.046096,8407551
2,2021-01-20,36963,502584,18518,289257,18445,213327,0,0,28380,328770,0.039104,8561,87259,0.010379,28473,416029,0.049483,8407551
2,2021-01-21,40438,543022,17104,306361,23334,236661,0,0,36017,360551,0.042884,4396,91655,0.010902,36177,452206,0.053786,8407551
2,2021-01-22,39172,582194,16373,322734,22799,259460,0,0,35884,393174,0.046764,3286,94941,0.011292,35909,488115,0.058057,8407551
2,2021-01-23,24007,606201,10798,333532,13209,272669,0,0,21067,411355,0.048927,2917,97858,0.011639,21098,509213,0.060566,8407551
2,2021-01-24,12425,618626,6145,339677,6280,278949,0,0,11512,421978,0.05019,900,98758,0.011746,11523,520736,0.061937,8407551
2,2021-01-25,33722,652348,15558,355235,18164,297113,0,0,24977,438395,0.052143,8691,107449,0.01278,25108,545844,0.064923,8407551
2,2021-01-26,40017,692365,19691,374926,20326,317439,0,0,31061,460600,0.054784,8935,116384,0.013843,31140,576984,0.068627,8407551
2,2021-01-27,45401,737766,22739,397665,22662,340101,0,0,35372,486116,0.057819,9915,126299,0.015022,35431,612415,0.072841,8407551
2,2021-01-28,47829,785595,22542,420207,25287,365388,0,0,39269,516953,0.061487,8504,134803,0.016034,39341,651756,0.07752,8407551
2,2021-01-29,45400,830995,22123,442330,23277,388665,0,0,36858,545435,0.064874,8437,143240,0.017037,36919,688675,0.081911,8407551
2,2021-01-30,31245,862240,13585,455915,17660,406325,0,0,27944,570149,0.067814,3261,146501,0.017425,27975,716650,0.085239,8407551
2,2021-01-31,17246,879486,10346,466261,6900,413225,0,0,16090,585117,0.069594,1140,147641,0.017561,16108,732758,0.087155,8407551
2,2021-02-01,40859,920345,19769,486030,21090,434315,0,0,30107,604552,0.071906,10714,158355,0.018835,30149,762907,0.090741,8407551
2,2021-02-02,47508,967853,19337,505367,28171,462486,0,0,36211,629631,0.074889,11228,169583,0.02017,36307,799214,0.095059,8407551
2,2021-02-03,53779,1021632,23947,529314,29832,492318,0,0,39814,655666,0.077985,13870,183453,0.02182,39905,839119,0.099805,8407551
2,2021-02-04,55777,1077409,24155,553469,31622,523940,0,0,40820,681715,0.081084,14866,198319,0.023588,40915,880034,0.104672,8407551
2,2021-02-05,59490,1136899,26236,579705,33254,557194,0,0,40282,703131,0.083631,19037,217356,0.025852,40453,920487,0.109483,8407551
2,2021-02-06,38859,1175758,18165,597870,20694,577888,0,0,31123,726676,0.086431,7667,225023,0.026764,31212,951699,0.113196,8407551
2,2021-02-07,15752,1191510,10501,608371,5251,583139,0,0,11963,734939,0.087414,3766,228789,0.027212,12029,963728,0.114626,8407551
2,2021-02-08,42988,1234498,22042,630413,20946,604085,0,0,29558,751394,0.089371,13297,242086,0.028794,29752,993480,0.118165,8407551
2,2021-02-09,49149,1283647,23364,653777,25785,629870,0,0,30597,763987,0.090869,18330,260416,0.030974,30923,1024403,0.121843,8407551
2,2021-02-10,59218,1342865,27918,681695,31300,661170,0,0,34529,774450,0.092114,24421,284837,0.033879,34884,1059287,0.125992,8407551
2,2021-02-11,63718,1406583,29489,711184,34229,695399,0,0,35859,783213,0.093156,27586,312423,0.03716,36349,1095636,0.130316,8407551
2,2021-02-12,64871,1471454,28034,739218,36837,732236,0,0,34631,788528,0.093788,29972,342395,0.040725,35287,1130923,0.134513,8407551
2,2021-02-13,37492,1508946,15722,754940,21770,754006,0,0,21710,794911,0.094547,15704,358099,0.042593,22087,1153010,0.13714,8407551
2,2021-02-14,19889,1528835,9296,764236,10593,764599,0,0,11171,797761,0.094886,8678,366777,0.043625,11528,1164538,0.138511,8407551
2,2021-02-15,32906,1561741,14868,779104,18038,782637,0,0,18295,802412,0.095439,14496,381273,0.045349,19147,1183685,0.140788,8407551
2,2021-02-16,55829,1617570,27531,806635,28298,810935,0,0,29480,806297,0.095902,26264,407537,0.048473,30149,1213834,0.144374,8407551
2,2021-02-17,61088,1678658,31519,838154,29569,840504,0,0,30464,807015,0.095987,30567,438104,0.052108,31285,1245119,0.148095,8407551
2,2021-02-18,65730,1744388,33294,871448,32436,872940,0,0,32157,806949,0.095979,33359,471463,0.056076,33293,1278412,0.152055,8407551
2,2021-02-19,58779,1803167,32712,904160,26067,899007,0,0,29284,807486,0.096043,29351,500814,0.059567,29888,1308300,0.15561,8407551
2,2021-02-20,37027,1840194,24156,928316,12871,911878,0,0,20241,811699,0.096544,16708,517522,0.061554,20921,1329221,0.158098,8407551
2,2021-02-21,20610,1860804,17151,945467,3459,915337,0,0,9982,811923,0.096571,10559,528081,0.06281,10783,1340004,0.159381,8407551
2,2021-02-22,37404,1898208,25615,971082,11789,927126,0,0,17925,811136,0.096477,19390,547471,0.065117,18603,1358607,0.161594,8407551
2,2021-02-23,51537,1949745,26380,997462,25157,952283,0,0,22806,807287,0.096019,28550,576021,0.068512,24701,1383308,0.164532,8407551
2,2021-02-24,68202,2017947,35138,1032600,33064,985347,0,0,31474,804527,0.095691,36593,612614,0.072865,33833,1417141,0.168556,8407551
2,2021-02-25,74038,2091985,34948,1067548,39090,1024437,0,0,37794,809085,0.096233,36039,648653,0.077151,40597,1457738,0.173384,8407551
2,2021-02-26,82281,2174266,35174,1102722,47107,1071544,0,0,44578,818398,0.097341,37457,686110,0.081606,46770,1504508,0.178947,8407551
2,2021-02-27,60098,2234364,27811,1130533,32281,1103825,6,6,32902,825627,0.098201,27006,713116,0.084819,34235,1538743,0.183019,8407551
2,2021-02-28,29596,2263960,17790,1148323,11805,1115630,1,7,17510,831971,0.098955,11997,725113,0.086245,18341,1557084,0.185201,8407551
2,2021-03-01,55948,2319908,29456,1177779,26466,1142096,26,33,30672,838815,0.099769,25044,750157,0.089224,31888,1588972,0.188993,8407551
2,2021-03-02,67482,2387390,32537,1210316,34940,1177036,5,38,38285,850383,0.101145,29065,779222,0.092681,40633,1629605,0.193826,8407551
2,2021-03-03,78860,2466250,38153,1248469,40696,1217732,11,49,44593,863445,0.102699,34096,813318,0.096737,47158,1676763,0.199435,8407551
2,2021-03-04,86804,2553054,42863,1291332,43912,1261644,29,78,50218,879670,0.104629,36402,849720,0.101066,52627,1729390,0.205695,8407551
2,2021-03-05,80274,2633328,38108,1329440,41865,1303509,301,379,49408,901073,0.107174,30683,880403,0.104716,52086,1781476,0.21189,8407551
2,2021-03-06,62431,2695759,30534,1359974,30212,1333721,1685,2064,38528,918930,0.109298,23799,904202,0.107546,41656,1823132,0.216845,8407551
2,2021-03-07,27487,2723246,16104,1376078,10413,1344134,970,3034,17754,929088,0.110506,9677,913879,0.108697,19835,1842967,0.219204,8407551
2,2021-03-08,49668,2772914,22865,1398943,24348,1368482,2455,5489,31478,946572,0.112586,18098,931977,0.11085,35582,1878549,0.223436,8407551
2,2021-03-09,69307,2842221,31767,1430710,33775,1402257,3765,9254,38694,959885,0.114169,30503,962480,0.114478,43816,1922365,0.228647,8407551
2,2021-03-10,77191,2919412,36704,1467414,33951,1436208,6536,15790,41226,973209,0.115754,35795,998275,0.118736,49119,1971484,0.23449,8407551
2,2021-03-11,92018,3011430,42509,1509923,41183,1477391,8326,24116,48390,987968,0.11751,43370,1041645,0.123894,58129,2029613,0.241404,8407551
2,2021-03-12,93022,3104452,38423,1548346,42626,1520017,11973,36089,46682,1001926,0.11917,46147,1087792,0.129383,60105,2089718,0.248553,8407551
2,2021-03-13,68261,3172713,28800,1577146,31535,1551552,7926,44015,37663,1018335,0.121121,30487,1118279,0.133009,46896,2136614,0.25413,8407551
2,2021-03-14,36513,3209226,18238,1595384,13754,1565306,4521,48536,18623,1024431,0.121847,17808,1136087,0.135127,23904,2160518,0.256974,8407551
2,2021-03-15,66781,3276007,30194,1625578,31614,1596920,4973,53509,37073,1038057,0.123467,29529,1165616,0.138639,43155,2203673,0.262106,8407551
2,2021-03-16,85648,3361655,37936,1663514,43733,1640653,3979,57488,52253,1062178,0.126336,33242,1198858,0.142593,57363,2261036,0.268929,8407551
2,2021-03-17,91743,3453398,43999,1707513,43611,1684264,4133,61621,58523,1092688,0.129965,33002,1231860,0.146518,63512,2324548,0.276483,8407551
2,2021-03-18,96956,3550354,46325,1753838,46156,1730420,4475,66096,59561,1120163,0.133233,37127,1268987,0.150934,64602,2389150,0.284167,8407551
2,2021-03-19,96730,3647084,45720,1799558,44899,1775319,6111,72207,57823,1145962,0.136302,38649,1307636,0.155531,64448,2453598,0.291833,8407551
2,2021-03-20,69320,3716404,33554,1833112,31844,1807163,3922,76129,45641,1172396,0.139446,23478,1331114,0.158324,49912,2503510,0.297769,8407551
2,2021-03-21,32957,3749361,21332,1854444,9649,1816812,1976,78105,20401,1182744,0.140676,12452,1343566,0.159805,22800,2526310,0.300481,8407551
2,2021-03-22,62268,3811629,34180,1888624,25449,1842261,2639,80744,41629,1207472,0.143618,20438,1364004,0.162236,45166,2571476,0.305853,8407551
2,2021-03-23,82961,3894590,44060,1932684,36002,1878263,2899,83643,52231,1232953,0.146648,30491,1394495,0.165862,55972,2627448,0.312511,8407551
2,2021-03-24,90978,3985568,48971,1981655,38861,1917124,3146,86789,54004,1254230,0.149179,36695,1431190,0.170227,57972,2685420,0.319406,8407551
2,2021-03-25,100561,4086129,50772,2032427,45909,1963033,3880,90669,57411,1273430,0.151463,42859,1474049,0.175324,62059,2747479,0.326787,8407551
2,2021-03-26,102728,4188857,51094,2083521,48158,2011191,3476,94145,56706,1288975,0.153312,45696,1519745,0.18076,61241,2808720,0.334071,8407551
2,2021-03-27,75007,4263864,37477,2120998,34239,2045430,3291,97436,37925,1294183,0.153931,36872,1556617,0.185145,42080,2850800,0.339076,8407551
2,2021-03-28,37428,4301292,23120,2144118,13505,2058935,803,98239,20303,1299004,0.154504,17013,1573630,0.187169,21834,2872634,0.341673,8407551
2,2021-03-29,70740,4372032,36048,2180166,32437,2091372,2255,100494,40658,1312900,0.156157,29917,1603547,0.190727,43813,2916447,0.346884,8407551
2,2021-03-30,91392,4463424,44768,2224934,42290,2133662,4334,104828,51680,1329996,0.158191,39524,1643071,0.195428,56620,2973067,0.353619,8407551
2,2021-03-31,100707,4564131,51982,2276916,43653,2177315,5072,109900,57787,1350557,0.160636,42654,1685725,0.200501,63215,3036282,0.361138,8407551
2,2021-04-01,116812,4680943,56491,2333407,51186,2228501,9135,119035,64120,1371884,0.163173,52380,1738105,0.206731,73707,3109989,0.369904,8407551
2,2021-04-02,111053,4791996,51292,2384699,49669,2278170,10092,129127,60102,1391941,0.165558,50617,1788722,0.212752,70674,3180663,0.37831,8407551
2,2021-04-03,76390,4868386,37465,2422164,29166,2307336,9759,138886,38054,1402004,0.166755,38155,1826877,0.21729,48218,3228881,0.384045,8407551
2,2021-04-04,28968,4897354,14890,2437054,10238,2317574,3840,142726,13096,1403195,0.166897,15790,1842667,0.219168,16981,3245862,0.386065,8407551
2,2021-04-05,78616,4975970,38610,2475664,31289,2348863,8717,151443,38355,1410915,0.167815,40122,1882789,0.22394,47842,3293704,0.391755,8407551
2,2021-04-06,103222,5079192,50292,2525956,38282,2387145,14648,166091,49203,1421402,0.169063,53787,1936576,0.230338,64274,3357978,0.3994,8407551
2,2021-04-07,109844,5189036,54828,2580784,38864,2426009,16152,182243,52046,1432360,0.170366,57546,1994122,0.237182,68504,3426482,0.407548,8407551
2,2021-04-08,118739,5307775,57164,2637948,42955,2468964,18620,200863,55331,1443830,0.17173,63112,2057234,0.244689,74582,3501064,0.416419,8407551
2,2021-04-09,118040,5425815,56844,2694792,43212,2512176,17984,218847,55997,1457006,0.173297,61707,2118941,0.252028,74883,3575947,0.425326,8407551
2,2021-04-10,86706,5512521,37560,2732352,30893,2543069,18253,237100,35985,1461447,0.173826,50487,2169428,0.258033,54928,3630875,0.431859,8407551
2,2021-04-11,44144,5556665,22882,2755234,12768,2555837,8494,245594,18075,1462807,0.173987,25945,2195373,0.261119,27305,3658180,0.435106,8407551
2,2021-04-12,79345,5636010,36961,2792195,33076,2588913,9308,254902,35629,1465285,0.174282,43472,2238845,0.26629,45950,3704130,0.440572,8407551
2,2021-04-13,100939,5736949,52312,2844507,48370,2637283,257,255159,55448,1476609,0.175629,45273,2284118,0.271675,56597,3760727,0.447304,8407551
2,2021-04-14,105508,5842457,55203,2899710,50255,2687538,50,255209,54274,1481413,0.1762,50987,2335105,0.277739,55791,3816518,0.453939,8407551
2,2021-04-15,111910,5954367,59456,2959166,52387,2739925,67,255276,58857,1488693,0.177066,52727,2387832,0.28401,60007,3876525,0.461077,8407551
2,2021-04-16,109069,6063436,56640,3015806,52379,2792304,50,255326,55582,1491955,0.177454,53215,2441047,0.29034,56477,3933002,0.467794,8407551
2,2021-04-17,82005,6145441,41694,3057500,40297,2832601,14,255340,46044,1503113,0.178781,35759,2476806,0.294593,46917,3979919,0.473374,8407551
2,2021-04-18,34020,6179461,20368,3077868,13647,2846248,5,255345,16291,1502765,0.17874,17617,2494423,0.296688,17269,3997188,0.475428,8407551
2,2021-04-19,73561,6253022,39703,3117571,33846,2880094,12,255357,33727,1497506,0.178114,39614,2534037,0.3014,34355,4031543,0.479515,8407551
2,2021-04-20,94780,6347802,47308,3164879,47447,2927541,25,255382,46255,1496282,0.177969,48241,2582278,0.307138,47017,4078560,0.485107,8407551
2,2021-04-21,99089,6446891,52495,3217374,46539,2974080,55,255437,46990,1492453,0.177513,51752,2634030,0.313293,47923,4126483,0.490807,8407551
2,2021-04-22,105325,6552216,53964,3271338,51340,3025420,21,255458,46247,1480845,0.176133,58753,2692783,0.320281,47145,4173628,0.496414,8407551
2,2021-04-23,104592,6656808,55123,3326461,49452,3074872,17,255475,48422,1474374,0.175363,55825,2748608,0.326921,49354,4222982,0.502284,8407551
2,2021-04-24,79405,6736213,46897,3373358,32470,3107342,38,255513,41524,1479277,0.175946,37581,2786189,0.331391,42484,4265466,0.507338,8407551
2,2021-04-25,35973,6772186,22237,3395595,13722,3121064,14,255527,19674,1483240,0.176418,16185,2802374,0.333316,20148,4285614,0.509734,8407551
2,2021-04-26,68272,6840458,37885,3433480,30095,3151159,292,255819,31314,1479504,0.175973,36740,2839114,0.337686,33004,4318618,0.513659,8407551
2,2021-04-27,83950,6924408,44044,3477524,38685,3189844,1221,257040,36038,1470368,0.174887,47606,2886720,0.343348,38470,4357088,0.518235,8407551
2,2021-04-28,85128,7009536,45047,3522571,38237,3228081,1844,258884,37285,1462816,0.173988,47570,2934290,0.349007,40018,4397106,0.522995,8407551
2,2021-04-29,87828,7097364,47274,3569845,38870,3266951,1684,260568,33701,1444978,0.171867,53816,2988106,0.355407,35978,4433084,0.527274,8407551
2,2021-04-30,91947,7189311,50607,3620452,39380,3306331,1960,262528,35559,1427127,0.169743,56019,3044125,0.36207,38168,4471252,0.531814,8407551
2,2021-05-01,61151,7250462,37369,3657821,22239,3328570,1543,264071,23870,1416350,0.168462,37031,3081156,0.366475,26254,4497506,0.534937,8407551
2,2021-05-02,29018,7279480,20120,3677941,7927,3336497,971,265042,11046,1410600,0.167778,17856,3099012,0.368599,12106,4509612,0.536376,8407551
2,2021-05-03,59408,7338888,35236,3713177,22142,3358639,2030,267072,19967,1393652,0.165762,39206,3138218,0.373262,22258,4531870,0.539024,8407551
2,2021-05-04,77712,7416600,46068,3759245,29282,3387921,2362,269434,25397,1369772,0.162922,52033,3190251,0.379451,28153,4560023,0.542372,8407551
2,2021-05-05,77985,7494585,46045,3805290,29613,3417534,2327,271761,24450,1343669,0.159817,53218,3243469,0.38578,27115,4587138,0.545597,8407551
2,2021-05-06,80198,7574783,48132,3853422,29168,3446702,2898,274659,24607,1316606,0.156598,55199,3298668,0.392346,28136,4615274,0.548944,8407551
2,2021-05-07,81162,7655945,46612,3900034,32139,3478841,2411,277070,25092,1288783,0.153289,55773,3354441,0.39898,27950,4643224,0.552268,8407551
2,2021-05-08,52921,7708866,32008,3932042,19267,3498108,1646,278716,16642,1271708,0.151258,36072,3390513,0.40327,18997,4662221,0.554528,8407551
2,2021-05-09,21204,7730070,15203,3947245,5263,3503371,738,279454,6374,1264293,0.150376,14754,3405267,0.405025,7339,4669560,0.555401,8407551
2,2021-05-10,48629,7778699,26344,3973589,20448,3523819,1837,281291,13880,1246102,0.148212,34509,3439776,0.409129,16318,4685878,0.557342,8407551
2,2021-05-11,62054,7840753,32869,4006458,27199,3551018,1986,283277,18726,1224385,0.145629,43081,3482857,0.414253,21364,4707242,0.559883,8407551
2,2021-05-12,60490,7901243,31772,4038230,26681,3577699,2037,285314,18073,1202693,0.143049,42169,3525026,0.419269,20477,4727719,0.562318,8407551
2,2021-05-13,64379,7965622,37170,4075400,25360,3603059,1849,287163,23532,1188129,0.141317,40631,3565657,0.424102,26067,4753786,0.565419,8407551
2,2021-05-14,77009,8042631,45942,4121342,28883,3631942,2184,289347,30002,1174263,0.139668,46698,3612355,0.429656,32832,4786618,0.569324,8407551
2,2021-05-15,64522,8107153,42308,4163650,20547,3652489,1667,291014,24938,1161875,0.138194,39367,3651722,0.434338,26979,4813597,0.572533,8407551
2,2021-05-16,30312,8137465,22502,4186152,6889,3659378,921,291935,12287,1157303,0.13765,17912,3669634,0.436469,13340,4826937,0.574119,8407551
2,2021-05-17,57064,8194529,36220,4222372,18926,3678304,1918,293853,23791,1150297,0.136817,33083,3702717,0.440404,26077,4853014,0.577221,8407551
2,2021-05-18,68884,8263413,40274,4262646,26666,3704970,1944,295797,28481,1141110,0.135724,40162,3742879,0.445181,30975,4883989,0.580905,8407551
2,2021-05-19,67675,8331088,40085,4302731,25634,3730604,1956,297753,27993,1132118,0.134655,39405,3782284,0.449868,30413,4914402,0.584522,8407551
2,2021-05-20,58672,8389760,33731,4336462,22923,3753527,2018,299771,23253,1122740,0.133539,35179,3817463,0.454052,25801,4940203,0.587591,8407551
2,2021-05-21,61553,8451313,36197,4372659,23391,3776918,1965,301736,24562,1112998,0.132381,36734,3854197,0.458421,26992,4967195,0.590802,8407551
2,2021-05-22,43931,8495244,28078,4400737,14268,3791186,1585,303321,18969,1109190,0.131928,24812,3879009,0.461372,21004,4988199,0.5933,8407551
2,2021-05-23,16913,8512157,12270,4413007,4043,3795229,600,303921,7724,1108476,0.131843,9117,3888126,0.462456,8403,4996602,0.594299,8407551
2,2021-05-24,43119,8555276,24216,4437223,17181,3812410,1722,305643,17042,1101701,0.131037,25877,3914003,0.465534,19102,5015704,0.596571,8407551
2,2021-05-25,50056,8605332,29432,4466655,18782,3831192,1842,307485,19692,1093682,0.130083,30085,3944088,0.469113,22066,5037770,0.599196,8407551
2,2021-05-26,47861,8653193,26957,4493612,19290,3850482,1614,309099,19404,1086950,0.129283,28160,3972248,0.472462,21428,5059198,0.601745,8407551
2,2021-05-27,45788,8698981,25965,4519577,18132,3868614,1691,310790,18905,1081399,0.128622,26667,3998915,0.475634,21116,5080314,0.604256,8407551
2,2021-05-28,48916,8747897,27172,4546749,19828,3888442,1916,312706,20843,1076832,0.128079,27839,4026754,0.478945,23272,5103586,0.607024,8407551
2,2021-05-29,28545,8776442,17116,4563865,10398,3898840,1031,313737,13422,1076508,0.128041,14981,4041735,0.480727,14657,5118243,0.608767,8407551
2,2021-05-30,12466,8788908,8029,4571894,3683,3902523,754,314491,5600,1076129,0.127996,6824,4048559,0.481538,6445,5124688,0.609534,8407551
2,2021-05-31,5856,8794764,3427,4575321,2127,3904650,302,314793,1861,1074393,0.127789,3960,4052519,0.482009,2224,5126912,0.609799,8407551
2,2021-06-01,43915,8838679,25375,4600696,16989,3921639,1551,316344,16417,1065546,0.126737,27236,4079755,0.485249,18389,5145301,0.611986,8407551
2,2021-06-02,37266,8875945,21894,4622590,13994,3935633,1378,317722,15521,1061264,0.126227,21516,4101271,0.487808,17234,5162535,0.614036,8407551
2,2021-06-03,39262,8915207,25493,4648083,12410,3948043,1359,319081,14618,1053215,0.12527,24446,4125717,0.490716,16397,5178932,0.615986,8407551
2,2021-06-04,25203,8940410,17180,4665263,7093,3955136,930,320011,7275,1044032,0.124178,17810,4143527,0.492834,8627,5187559,0.617012,8407551
3,2020-12-15,303,303,303,303,0,0,0,0,303,303,3.7e-05,0,0,0.0,303,303,3.7e-05,8129050
3,2020-12-16,2305,2608,2305,2608,0,0,0,0,2306,2609,0.000321,0,0,0.0,2306,2609,0.000321,8129050
3,2020-12-17,7685,10293,7685,10293,0,0,0,0,7685,10294,0.001266,0,0,0.0,7685,10294,0.001266,8129050
3,2020-12-18,13093,23386,13080,23373,13,13,0,0,13092,23386,0.002877,0,0,0.0,13092,23386,0.002877,8129050
3,2020-12-19,7187,30573,7176,30549,11,24,0,0,7251,30637,0.003769,0,0,0.0,7251,30637,0.003769,8129050
3,2020-12-20,5617,36190,5610,36159,7,31,0,0,5664,36300,0.004465,1,1,0.0,5664,36301,0.004466,8129050
3,2020-12-21,14307,50497,14282,50441,25,56,0,0,14371,50670,0.006233,1,2,0.0,14371,50672,0.006233,8129050
3,2020-12-22,14732,65229,14156,64597,576,632,0,0,14772,65442,0.00805,0,2,0.0,14772,65444,0.008051,8129050
3,2020-12-23,14744,79973,12152,76749,2592,3224,0,0,14770,80212,0.009867,1,3,0.0,14771,80215,0.009868,8129050
3,2020-12-24,6754,86727,4850,81599,1904,5128,0,0,6753,86965,0.010698,0,3,0.0,6753,86968,0.010698,8129050
3,2020-12-25,719,87446,663,82262,56,5184,0,0,718,87683,0.010786,0,3,0.0,718,87686,0.010787,8129050
3,2020-12-26,4600,92046,2988,85250,1612,6796,0,0,4598,92281,0.011352,0,3,0.0,4598,92284,0.011352,8129050
3,2020-12-27,2964,95010,1841,87091,1123,7919,0,0,2965,95246,0.011717,0,3,0.0,2965,95249,0.011717,8129050
3,2020-12-28,13539,108549,8663,95754,4876,12795,0,0,13567,108812,0.013386,1,4,0.0,13567,108816,0.013386,8129050
3,2020-12-29,14900,123449,8398,104152,6502,19297,0,0,14928,123738,0.015222,2,6,1e-06,14928,123744,0.015222,8129050
3,2020-12-30,17944,141393,9995,114147,7949,27246,0,0,17932,141670,0.017428,1,7,1e-06,17933,141677,0.017428,8129050
3,2020-12-31,8374,149767,3211,117358,5163,32409,0,0,8374,150043,0.018458,1,8,1e-06,8374,150051,0.018459,8129050
3,2021-01-01,1246,151013,575,117933,671,33080,0,0,1244,151287,0.018611,0,8,1e-06,1244,151295,0.018612,8129050
3,2021-01-02,4931,155944,2415,120348,2516,35596,0,0,4931,156218,0.019217,0,8,1e-06,4931,156226,0.019218,8129050
3,2021-01-03,1589,157533,836,121184,753,36349,0,0,1581,157795,0.019411,4,12,1e-06,1581,157807,0.019413,8129050
3,2021-01-04,11968,169501,5982,127166,5986,42335,0,0,11942,169730,0.020879,7,19,2e-06,11942,169749,0.020882,8129050
3,2021-01-05,15612,185113,8079,135245,7533,49868,0,0,14013,182184,0.022411,1585,1604,0.000197,14039,183788,0.022609,8129050
3,2021-01-06,20476,205589,10804,146049,9672,59540,0,0,16056,193873,0.023849,4380,5984,0.000736,16069,199857,0.024586,8129050
3,2021-01-07,26368,231957,15047,161096,11321,70861,0,0,17159,201872,0.024833,9180,15164,0.001865,17179,217036,0.026699,8129050
3,2021-01-08,30270,262227,18457,179553,11813,82674,0,0,18096,207850,0.025569,12154,27318,0.003361,18132,235168,0.028929,8129050
3,2021-01-09,12344,274571,6978,186531,5366,88040,0,0,7850,211232,0.025985,4488,31806,0.003913,7870,243038,0.029897,8129050
3,2021-01-10,7165,281736,4452,190983,2713,90753,0,0,4033,212145,0.026097,3130,34936,0.004298,4043,247081,0.030395,8129050
3,2021-01-11,28911,310647,18945,209928,9966,100719,0,0,16323,215946,0.026565,12582,47518,0.005845,16383,263464,0.03241,8129050
3,2021-01-12,32153,342800,19231,229159,12922,113641,0,0,19757,223416,0.027484,12380,59898,0.007368,19850,283314,0.034852,8129050
3,2021-01-13,34304,377104,17916,247075,16388,130029,0,0,24171,237479,0.029214,10135,70033,0.008615,24198,307512,0.037829,8129050
3,2021-01-14,34457,411561,14156,261231,20301,150330,0,0,28589,260269,0.032017,5840,75873,0.009334,28630,336142,0.041351,8129050
3,2021-01-15,38702,450263,14373,275604,24329,174659,0,0,34082,289809,0.035651,4611,80484,0.009901,34151,370293,0.045552,8129050
3,2021-01-16,21626,471889,7484,283088,14142,188801,0,0,19315,306849,0.037747,2297,82781,0.010183,19337,389630,0.047931,8129050
3,2021-01-17,13091,484980,4426,287514,8665,197466,0,0,12059,317897,0.039106,1031,83812,0.01031,12079,401709,0.049416,8129050
3,2021-01-18,24680,509660,12890,300404,11790,209256,0,0,19148,331538,0.040784,5549,89361,0.010993,19190,420899,0.051777,8129050
3,2021-01-19,40778,550438,20845,321249,19933,229189,0,0,31746,354374,0.043594,9006,98367,0.012101,31842,452741,0.055694,8129050
3,2021-01-20,44959,595397,22147,343396,22812,252001,0,0,35671,380892,0.046856,9246,107613,0.013238,35764,488505,0.060094,8129050
3,2021-01-21,47441,642838,20525,363921,26916,278917,0,0,42023,417643,0.051377,5345,112958,0.013896,42096,530601,0.065272,8129050
3,2021-01-22,49441,692279,19711,383632,29730,308647,0,0,45323,458907,0.056453,4122,117080,0.014403,45386,575987,0.070855,8129050
3,2021-01-23,30070,722349,12748,396380,17322,325969,0,0,26808,482514,0.059357,3252,120332,0.014803,26859,602846,0.074159,8129050
3,2021-01-24,17616,739965,8473,404853,9143,335112,0,0,16469,497868,0.061246,1145,121477,0.014944,16499,619345,0.076189,8129050
3,2021-01-25,40618,780583,18146,422999,22472,357584,0,0,30710,518783,0.063818,9889,131366,0.01616,30804,650149,0.079978,8129050
3,2021-01-26,46919,827502,22457,445456,24462,382046,0,0,36899,545772,0.067138,10010,141376,0.017391,36999,687148,0.08453,8129050
3,2021-01-27,51170,878672,24419,469875,26751,408797,0,0,40651,576057,0.070864,10448,151824,0.018677,40733,727881,0.089541,8129050
3,2021-01-28,51476,930148,23922,493797,27554,436351,0,0,42624,609976,0.075037,8770,160594,0.019756,42689,770570,0.094792,8129050
3,2021-01-29,50557,980705,24335,518132,26222,462573,0,0,40996,641652,0.078933,9376,169970,0.020909,41052,811622,0.099842,8129050
3,2021-01-30,36904,1017609,17654,535786,19250,481823,0,0,32215,669315,0.082336,4639,174609,0.02148,32302,843924,0.103816,8129050
3,2021-01-31,22170,1039779,12737,548523,9433,491256,0,0,20821,688820,0.084736,1339,175948,0.021644,20844,864768,0.10638,8129050
3,2021-02-01,45577,1085356,20872,569395,24705,515961,0,0,34874,713076,0.087719,10662,186610,0.022956,34918,899686,0.110675,8129050
3,2021-02-02,54021,1139377,22510,591905,31511,547472,0,0,41671,742537,0.091344,12266,198876,0.024465,41727,941413,0.115808,8129050
3,2021-02-03,59648,1199025,26579,618484,33069,580541,0,0,44383,771892,0.094955,15108,213984,0.026323,44463,985876,0.121278,8129050
3,2021-02-04,63994,1263019,27831,646315,36163,616704,0,0,46976,802153,0.098677,16829,230813,0.028394,47090,1032966,0.127071,8129050
3,2021-02-05,69827,1332846,29697,676012,40130,656834,0,0,48353,829414,0.102031,21260,252073,0.031009,48521,1081487,0.13304,8129050
3,2021-02-06,43379,1376225,21073,697085,22306,679140,0,0,33740,853731,0.105022,9608,261681,0.032191,33925,1115412,0.137213,8129050
3,2021-02-07,19578,1395803,12440,709525,7138,686278,0,0,15068,864429,0.106338,4496,266177,0.032744,15194,1130606,0.139082,8129050
3,2021-02-08,51119,1446922,24783,734308,26336,712614,0,0,33607,880810,0.108353,17410,283587,0.034886,33791,1164397,0.143239,8129050
3,2021-02-09,58250,1505172,28404,762712,29846,742460,0,0,34235,891549,0.109674,23843,307430,0.037819,34582,1198979,0.147493,8129050
3,2021-02-10,67631,1572803,31522,794234,36109,778569,0,0,36685,898036,0.110472,30726,338156,0.041598,37213,1236192,0.152071,8129050
3,2021-02-11,70291,1643094,34724,828958,35567,814136,0,0,37721,904058,0.111213,32231,370387,0.045563,38253,1274445,0.156777,8129050
3,2021-02-12,75011,1718105,32505,861463,42506,856642,0,0,41521,913148,0.112331,33198,403585,0.049647,42288,1316733,0.161979,8129050
3,2021-02-13,44531,1762636,20257,881720,24274,880916,0,0,25726,920746,0.113266,18708,422293,0.051949,26306,1343039,0.165215,8129050
3,2021-02-14,27083,1789719,13524,895244,13559,894475,0,0,15115,924388,0.113714,11922,434215,0.053415,15564,1358603,0.167129,8129050
3,2021-02-15,39819,1829538,17163,912407,22656,917131,0,0,22084,929756,0.114374,17650,451865,0.055586,23018,1381621,0.169961,8129050
3,2021-02-16,69581,1899119,32938,945345,36643,953774,0,0,36236,933803,0.114872,33214,485079,0.059672,37261,1418882,0.174545,8129050
3,2021-02-17,71314,1970433,36121,981466,35193,988967,0,0,33987,931744,0.114619,37117,522196,0.064238,35058,1453940,0.178857,8129050
3,2021-02-18,76421,2046854,39935,1021401,36486,1025453,0,0,35487,927784,0.114132,40793,562989,0.069256,36833,1490773,0.183388,8129050
3,2021-02-19,68295,2115149,39362,1060763,28933,1054386,0,0,34586,929454,0.114337,33608,596597,0.073391,35278,1526051,0.187728,8129050
3,2021-02-20,41988,2157137,26587,1087350,15401,1069787,0,0,22223,932497,0.114712,19676,616273,0.075811,22719,1548770,0.190523,8129050
3,2021-02-21,22752,2179889,18929,1106279,3823,1073610,0,0,10835,931862,0.114634,11850,628123,0.077269,11215,1559985,0.191902,8129050
3,2021-02-22,45268,2225157,29511,1135790,15757,1089367,0,0,21451,930054,0.114411,23744,651867,0.08019,21936,1581921,0.194601,8129050
3,2021-02-23,60674,2285831,33132,1168922,27542,1116909,0,0,26829,925161,0.113809,33706,685573,0.084336,28813,1610734,0.198145,8129050
3,2021-02-24,76594,2362425,37539,1206461,39055,1155964,0,0,34176,919586,0.113123,42259,727832,0.089535,36684,1647418,0.202658,8129050
3,2021-02-25,86070,2448495,41906,1248367,44164,1200128,0,0,43212,922751,0.113513,42635,770467,0.094779,45800,1693218,0.208292,8129050
3,2021-02-26,96762,2545257,44223,1292590,52539,1252667,0,0,51408,931331,0.114568,45026,815493,0.100318,53606,1746824,0.214887,8129050
3,2021-02-27,68317,2613574,31496,1324086,36818,1289485,3,3,36401,937307,0.115303,31736,847229,0.104222,37712,1784536,0.219526,8129050
3,2021-02-28,39281,2652855,23007,1347093,16272,1305757,2,5,20709,940542,0.115701,18425,865654,0.106489,21660,1806196,0.22219,8129050
3,2021-03-01,66405,2719260,35365,1382458,31019,1336776,21,26,37081,949816,0.116842,29163,894817,0.110076,38437,1844633,0.226919,8129050
3,2021-03-02,77684,2796944,38504,1420962,39175,1375951,5,31,45535,965389,0.118758,32030,926847,0.114017,47603,1892236,0.232775,8129050
3,2021-03-03,88052,2884996,42142,1463104,45893,1421844,17,48,49226,978244,0.120339,38648,965495,0.118771,51503,1943739,0.23911,8129050
3,2021-03-04,92624,2977620,45577,1508681,47032,1468876,15,63,52735,993569,0.122224,39697,1005192,0.123654,55022,1998761,0.245879,8129050
3,2021-03-05,89049,3066669,43785,1552466,44975,1513851,289,352,54462,1016169,0.125005,34373,1039565,0.127883,56973,2055734,0.252887,8129050
3,2021-03-06,64835,3131504,32855,1585321,29830,1543681,2150,2502,37261,1029611,0.126658,27443,1067008,0.131259,40885,2096619,0.257917,8129050
3,2021-03-07,37400,3168904,22345,1607666,13924,1557605,1131,3633,21583,1037727,0.127657,15765,1082773,0.133198,23881,2120500,0.260855,8129050
3,2021-03-08,58745,3227649,28066,1635732,27822,1585427,2857,6490,37341,1058210,0.130176,21268,1104041,0.135814,41751,2162251,0.265991,8129050
3,2021-03-09,76175,3303824,35389,1671121,36421,1621848,4365,10855,41204,1070094,0.131638,34858,1138899,0.140102,46742,2208993,0.271741,8129050
3,2021-03-10,82176,3386000,41182,1712303,34952,1656800,6042,16897,43085,1081719,0.133068,38909,1177808,0.144889,50534,2259527,0.277957,8129050
3,2021-03-11,96346,3482346,47098,1759401,40707,1697507,8541,25438,47448,1090151,0.134106,48668,1226476,0.150876,57100,2316627,0.284981,8129050
3,2021-03-12,101384,3583730,45313,1804714,44226,1741733,11845,37283,46645,1095272,0.134736,54555,1281031,0.157587,59676,2376303,0.292322,8129050
3,2021-03-13,69477,3653207,29586,1834300,32678,1774411,7213,44496,36583,1107658,0.136259,32786,1313817,0.16162,45172,2421475,0.297879,8129050
3,2021-03-14,40714,3693921,21506,1855806,15656,1790067,3552,48048,20800,1112797,0.136891,19851,1333668,0.164062,24990,2446465,0.300953,8129050
3,2021-03-15,75147,3769068,35721,1891527,34900,1824967,4526,52574,39761,1122882,0.138132,35209,1368877,0.168393,45294,2491759,0.306525,8129050
3,2021-03-16,94526,3863594,43608,1935135,46612,1871579,4306,56880,53495,1140771,0.140333,40840,1409717,0.173417,58729,2550488,0.31375,8129050
3,2021-03-17,97294,3960888,47260,1982395,45570,1917149,4464,61344,59433,1167682,0.143643,37659,1447376,0.17805,64570,2615058,0.321693,8129050
3,2021-03-18,102417,4063305,52062,2034457,45943,1963092,4412,65756,59327,1189120,0.14628,42859,1490235,0.183322,64297,2679355,0.329602,8129050
3,2021-03-19,102431,4165736,54928,2089385,43070,2006162,4433,70189,57698,1207291,0.148516,44498,1534733,0.188796,62669,2742024,0.337312,8129050
3,2021-03-20,71130,4236866,36750,2126135,30787,2036949,3593,73782,44157,1228733,0.151153,26811,1561544,0.192094,48253,2790277,0.343248,8129050
3,2021-03-21,35818,4272684,24443,2150578,9878,2046827,1497,75279,22401,1239764,0.15251,13341,1574885,0.193735,24372,2814649,0.346246,8129050
3,2021-03-22,69897,4342581,41090,2191668,26288,2073115,2519,77798,45112,1263824,0.15547,24589,1599474,0.19676,48649,2863298,0.35223,8129050
3,2021-03-23,89194,4431775,49275,2240943,37394,2110509,2525,80323,55145,1288388,0.158492,33816,1633290,0.20092,58380,2921678,0.359412,8129050
3,2021-03-24,98163,4529938,56584,2297527,38697,2149206,2882,83205,56575,1307190,0.160805,41265,1674555,0.205996,60067,2981745,0.366801,8129050
3,2021-03-25,106751,4636689,59320,2356847,44497,2193703,2934,86139,60683,1325690,0.163081,45772,1720327,0.211627,64272,3046017,0.374708,8129050
3,2021-03-26,109917,4746606,59033,2415880,47619,2241322,3265,89404,57308,1334784,0.164199,52329,1772656,0.218064,61423,3107440,0.382264,8129050
3,2021-03-27,73956,4820562,37631,2453511,33784,2275106,2541,91945,36206,1336640,0.164428,37563,1810219,0.222685,39419,3146859,0.387113,8129050
3,2021-03-28,43974,4864536,27828,2481339,15336,2290442,810,92755,22454,1338988,0.164716,21418,1831637,0.22532,23766,3170625,0.390036,8129050
3,2021-03-29,80232,4944768,41955,2523294,36441,2326883,1836,94591,44520,1350659,0.166152,35502,1867139,0.229687,47173,3217798,0.395839,8129050
3,2021-03-30,99675,5044443,49035,2572329,47023,2373906,3617,98208,56173,1367780,0.168258,43271,1910410,0.23501,60392,3278190,0.403269,8129050
3,2021-03-31,104535,5148978,56441,2628770,43280,2417186,4814,103022,56424,1381430,0.169937,47927,1958337,0.240906,61577,3339767,0.410843,8129050
3,2021-04-01,122912,5271890,62231,2691001,51042,2468228,9639,112661,66859,1402531,0.172533,55742,2014079,0.247763,76843,3416610,0.420296,8129050
3,2021-04-02,117419,5389309,57384,2748385,49787,2518015,10248,122909,62404,1420914,0.174795,54776,2068855,0.254501,73159,3489769,0.429296,8129050
3,2021-04-03,75791,5465100,38771,2787156,27825,2545840,9195,132104,37897,1430575,0.175983,37773,2106628,0.259148,47434,3537203,0.435131,8129050
3,2021-04-04,32291,5497391,17272,2804428,10849,2556689,4170,136274,14228,1431019,0.176038,17995,2124623,0.261362,18439,3555642,0.437399,8129050
3,2021-04-05,88721,5586112,45108,2849536,34560,2591249,9053,145327,43610,1439591,0.177092,44928,2169551,0.266889,53500,3609142,0.443981,8129050
3,2021-04-06,112765,5698877,54937,2904473,42739,2633988,15089,160416,53313,1449506,0.178312,59214,2228765,0.274173,69129,3678271,0.452485,8129050
3,2021-04-07,115728,5814605,59918,2964391,39594,2673582,16216,176632,56294,1463092,0.179983,59211,2287976,0.281457,72797,3751068,0.46144,8129050
3,2021-04-08,120972,5935577,60282,3024673,40685,2714267,20005,196637,56434,1476054,0.181578,64275,2352251,0.289364,77237,3828305,0.470941,8129050
3,2021-04-09,117731,6053308,58686,3083359,40009,2754276,19036,215673,51903,1482308,0.182347,65619,2417870,0.297436,71873,3900178,0.479783,8129050
3,2021-04-10,83294,6136602,37646,3121005,30479,2784755,15169,230842,34074,1483319,0.182471,49070,2466940,0.303472,50081,3950259,0.485943,8129050
3,2021-04-11,44943,6181545,24158,3145163,12812,2797567,7973,238815,17196,1481664,0.182268,27667,2494607,0.306876,26012,3976271,0.489143,8129050
3,2021-04-12,83370,6264915,42163,3187326,32526,2830093,8681,247496,38064,1484391,0.182603,45110,2539717,0.312425,47837,4024108,0.495028,8129050
3,2021-04-13,104618,6369533,56656,3243982,47755,2877848,207,247703,55460,1491983,0.183537,48963,2588680,0.318448,56555,4080663,0.501985,8129050
3,2021-04-14,106376,6475909,58133,3302115,48150,2925998,93,247796,53258,1493910,0.183774,52868,2641548,0.324952,54795,4135458,0.508726,8129050
3,2021-04-15,118053,6593962,66475,3368590,51520,2977518,58,247854,63616,1504208,0.185041,54192,2695740,0.331618,64490,4199948,0.516659,8129050
3,2021-04-16,113908,6707870,63920,3432510,49897,3027415,91,247945,59628,1510554,0.185822,54036,2749776,0.338265,60382,4260330,0.524087,8129050
3,2021-04-17,77978,6785848,42659,3475169,35308,3062723,11,247956,43486,1520693,0.187069,34317,2784093,0.342487,44456,4304786,0.529556,8129050
3,2021-04-18,36918,6822766,21932,3497101,14983,3077706,3,247959,17364,1519452,0.186916,19473,2803566,0.344882,18232,4323018,0.531799,8129050
3,2021-04-19,78020,6900786,43623,3540724,34346,3112052,51,248010,35279,1512724,0.186089,42594,2846160,0.350122,35866,4358884,0.536211,8129050
3,2021-04-20,97956,6998742,50743,3591467,47198,3159250,15,248025,47772,1511575,0.185947,49984,2896144,0.356271,48835,4407719,0.542218,8129050
3,2021-04-21,101081,7099823,55595,3647062,45421,3204671,65,248090,47912,1507643,0.185464,52884,2949028,0.362776,48952,4456671,0.54824,8129050
3,2021-04-22,108799,7208622,60582,3707644,48196,3252867,21,248111,46954,1493997,0.183785,61566,3010594,0.37035,47920,4504591,0.554135,8129050
3,2021-04-23,103146,7311768,58398,3766042,44725,3297592,23,248134,45244,1482660,0.18239,57596,3068190,0.377435,46259,4550850,0.559826,8129050
3,2021-04-24,72850,7384618,45156,3811198,27634,3325226,60,248194,35568,1482216,0.182336,37049,3105239,0.381993,36605,4587455,0.564329,8129050
3,2021-04-25,36214,7420832,23338,3834536,12862,3338088,14,248208,18678,1483883,0.182541,17418,3122657,0.384136,19085,4606540,0.566676,8129050
3,2021-04-26,67644,7488476,38085,3872621,29177,3367265,382,248590,28783,1475699,0.181534,38644,3161301,0.388889,30460,4637000,0.570423,8129050
3,2021-04-27,86576,7575052,45265,3917886,39781,3407046,1530,250120,34503,1460679,0.179686,51817,3213118,0.395264,36797,4673797,0.57495,8129050
3,2021-04-28,83817,7658869,47126,3965012,34587,3441633,2104,252224,33937,1447619,0.17808,49636,3262754,0.40137,36576,4710373,0.579449,8129050
3,2021-04-29,85640,7744509,48487,4013499,34976,3476609,2177,254401,29848,1424583,0.175246,55538,3318292,0.408202,32502,4742875,0.583448,8129050
3,2021-04-30,88272,7832781,49517,4063016,36298,3512907,2457,256858,32740,1404971,0.172833,55266,3373558,0.415,35654,4778529,0.587834,8129050
3,2021-05-01,54488,7887269,34363,4097379,18688,3531595,1437,258295,19634,1391838,0.171218,34683,3408241,0.419267,21550,4800079,0.590485,8129050
3,2021-05-02,26725,7913994,18225,4115604,7490,3539085,1010,259305,9809,1385913,0.170489,16845,3425086,0.421339,10920,4810999,0.591828,8129050
3,2021-05-03,58793,7972787,34460,4150064,22004,3561089,2329,261634,17261,1364312,0.167832,41369,3466455,0.426428,19768,4830767,0.59426,8129050
3,2021-05-04,75458,8048245,43155,4193219,29674,3590763,2629,264263,22059,1336133,0.164365,53147,3519602,0.432966,24968,4855735,0.597331,8129050
3,2021-05-05,76687,8124932,45575,4238794,28451,3619214,2661,266924,21307,1305255,0.160567,55104,3574706,0.439745,24226,4879961,0.600311,8129050
3,2021-05-06,81158,8206090,50921,4289715,27740,3646954,2497,269421,20313,1268161,0.156004,60455,3635161,0.447182,23361,4903322,0.603185,8129050
3,2021-05-07,80291,8286381,49679,4339394,28017,3674971,2595,272016,21440,1233942,0.151794,58545,3693706,0.454383,24326,4927648,0.606178,8129050
3,2021-05-08,50264,8336645,30991,4370385,17643,3692614,1630,273646,13469,1212720,0.149183,36578,3730284,0.458883,15356,4943004,0.608067,8129050
3,2021-05-09,20325,8356970,14749,4385134,4793,3697407,783,274429,5570,1204464,0.148168,14676,3744960,0.460689,6420,4949424,0.608856,8129050
3,2021-05-10,46629,8403599,24843,4409977,19906,3717313,1880,276309,11078,1182303,0.145442,35375,3780335,0.46504,13214,4962638,0.610482,8129050
3,2021-05-11,60001,8463600,32882,4442859,25071,3742384,2048,278357,15153,1155285,0.142118,44651,3824986,0.470533,17633,4980271,0.612651,8129050
3,2021-05-12,59652,8523252,33717,4476576,23765,3766149,2170,280527,15666,1129616,0.13896,43776,3868762,0.475918,18107,4998378,0.614878,8129050
3,2021-05-13,68081,8591333,42631,4519207,23666,3789815,1784,282311,24690,1113477,0.136975,43187,3911949,0.481231,27048,5025426,0.618206,8129050
3,2021-05-14,77992,8669325,49232,4568439,26655,3816470,2105,284416,30747,1099918,0.135307,47004,3958953,0.487013,33445,5058871,0.62232,8129050
3,2021-05-15,60653,8729978,41741,4610180,17722,3834192,1190,285606,25134,1091100,0.134222,35352,3994305,0.491362,26534,5085405,0.625584,8129050
3,2021-05-16,31444,8761422,23520,4633700,7241,3841433,683,286289,12640,1085791,0.133569,18710,4013015,0.493663,13401,5098806,0.627233,8129050
3,2021-05-17,56083,8817505,35728,4669428,18547,3859980,1808,288097,22002,1075958,0.13236,33843,4046858,0.497827,24010,5122816,0.630186,8129050
3,2021-05-18,63268,8880773,37451,4706879,23990,3883970,1827,289924,24866,1064887,0.130998,38155,4085013,0.50252,27084,5149900,0.633518,8129050
3,2021-05-19,62530,8943303,38168,4745047,22658,3906628,1704,291628,25596,1055745,0.129873,36709,4121722,0.507036,27567,5177467,0.636909,8129050
3,2021-05-20,51246,8994549,30156,4775203,19491,3926119,1599,293227,19481,1045564,0.128621,31542,4153264,0.510916,21361,5198828,0.639537,8129050
3,2021-05-21,55185,9049734,33767,4808970,19594,3945713,1824,295051,20522,1033699,0.127161,34438,4187702,0.515153,22573,5221401,0.642314,8129050
3,2021-05-22,36659,9086393,24871,4833841,10524,3956237,1264,296315,15971,1030568,0.126776,20548,4208250,0.51768,17417,5238818,0.644456,8129050
3,2021-05-23,14544,9100937,10866,4844707,3162,3959399,516,296831,6822,1030285,0.126741,7675,4215925,0.518625,7392,5246210,0.645366,8129050
3,2021-05-24,38363,9139300,22319,4867026,14346,3973745,1698,298529,14914,1023803,0.125944,23289,4239214,0.521489,16807,5263017,0.647433,8129050
3,2021-05-25,42189,9181489,23822,4890848,16729,3990474,1638,300167,15659,1015014,0.124863,26310,4265524,0.524726,17521,5280538,0.649589,8129050
3,2021-05-26,41172,9222661,23382,4914230,16118,4006592,1672,301839,16086,1008120,0.124014,24817,4290341,0.527779,17923,5298461,0.651793,8129050
3,2021-05-27,38614,9261275,21565,4935795,15326,4021918,1723,303562,15745,1003124,0.1234,22735,4313076,0.530576,17739,5316200,0.653976,8129050
3,2021-05-28,41897,9303172,23792,4959587,16411,4038329,1694,305256,17723,998872,0.122877,24010,4337086,0.533529,19758,5335958,0.656406,8129050
3,2021-05-29,23063,9326235,14087,4973674,8160,4046489,816,306072,11147,999168,0.122913,11808,4348894,0.534982,12104,5348062,0.657895,8129050
3,2021-05-30,10451,9336686,6798,4980472,3056,4049545,597,306669,4559,998541,0.122836,5834,4354728,0.535699,5207,5353269,0.658536,8129050
3,2021-05-31,4575,9341261,2670,4983142,1674,4051219,231,306900,1504,997259,0.122678,3046,4357774,0.536074,1764,5355033,0.658753,8129050
3,2021-06-01,37124,9378385,21440,5004582,14295,4065514,1389,308289,14045,990041,0.12179,22895,4380669,0.538891,15677,5370710,0.660681,8129050
3,2021-06-02,30823,9409208,17712,5022294,11716,4077230,1395,309684,12435,985828,0.121272,18206,4398875,0.54113,13993,5384703,0.662402,8129050
3,2021-06-03,37342,9446550,25656,5047950,10322,4087552,1364,311048,12814,975876,0.120048,24371,4423246,0.544128,14419,5399122,0.664176,8129050
3,2021-06-04,23827,9470377,17390,5065340,5585,4093137,852,311900,6136,965565,0.11878,17590,4440836,0.546292,7279,5406401,0.665072,8129050
4,2020-12-15,448,448,448,448,0,0,0,0,448,448,5.6e-05,0,0,0.0,448,448,5.6e-05,8037679
4,2020-12-16,2997,3445,2997,3445,0,0,0,0,2997,3445,0.000429,0,0,0.0,2997,3445,0.000429,8037679
4,2020-12-17,8557,12002,8557,12002,0,0,0,0,8557,12002,0.001493,0,0,0.0,8557,12002,0.001493,8037679
4,2020-12-18,15480,27482,15471,27473,9,9,0,0,15480,27482,0.003419,0,0,0.0,15480,27482,0.003419,8037679
4,2020-12-19,10232,37714,10224,37697,8,17,0,0,10167,37649,0.004684,0,0,0.0,10167,37649,0.004684,8037679
4,2020-12-20,7357,45071,7350,45047,7,24,0,0,7312,44961,0.005594,0,0,0.0,7312,44961,0.005594,8037679
4,2020-12-21,16270,61341,16247,61294,23,47,0,0,16204,61165,0.00761,0,0,0.0,16204,61165,0.00761,8037679
4,2020-12-22,17125,78466,16392,77686,733,780,0,0,17081,78246,0.009735,0,0,0.0,17081,78246,0.009735,8037679
4,2020-12-23,16992,95458,14297,91983,2695,3475,0,0,16964,95209,0.011845,1,1,0.0,16964,95210,0.011845,8037679
4,2020-12-24,8536,103994,5953,97936,2583,6058,0,0,8535,103743,0.012907,1,2,0.0,8535,103745,0.012907,8037679
4,2020-12-25,898,104892,794,98730,104,6162,0,0,898,104641,0.013019,0,2,0.0,898,104643,0.013019,8037679
4,2020-12-26,6153,111045,3876,102606,2277,8439,0,0,6153,110794,0.013784,0,2,0.0,6153,110796,0.013785,8037679
4,2020-12-27,3424,114469,1993,104599,1431,9870,0,0,3424,114218,0.01421,0,2,0.0,3424,114220,0.014211,8037679
4,2020-12-28,14989,129458,9269,113868,5720,15590,0,0,14959,129176,0.016071,1,3,0.0,14959,129179,0.016072,8037679
4,2020-12-29,15255,144713,8441,122309,6814,22404,0,0,15222,144398,0.017965,0,3,0.0,15222,144401,0.017966,8037679
4,2020-12-30,18868,163581,11040,133349,7828,30232,0,0,18857,163253,0.020311,2,5,1e-06,18857,163258,0.020312,8037679
4,2020-12-31,8200,171781,3319,136668,4881,35113,0,0,8194,171444,0.02133,3,8,1e-06,8194,171452,0.021331,8037679
4,2021-01-01,1348,173129,590,137258,758,35871,0,0,1346,172788,0.021497,2,10,1e-06,1346,172798,0.021498,8037679
4,2021-01-02,5669,178798,3208,140466,2461,38332,0,0,5668,178455,0.022202,1,11,1e-06,5668,178466,0.022204,8037679
4,2021-01-03,2125,180923,1262,141728,863,39195,0,0,2111,180562,0.022464,4,15,2e-06,2111,180577,0.022466,8037679
4,2021-01-04,12958,193881,7062,148790,5896,45091,0,0,12910,193442,0.024067,30,45,6e-06,12910,193487,0.024072,8037679
4,2021-01-05,16832,210713,9962,158752,6870,51961,0,0,14790,206225,0.025657,2019,2064,0.000257,14802,208289,0.025914,8037679
4,2021-01-06,21422,232135,13129,171881,8293,60254,0,0,15583,216041,0.026879,5787,7851,0.000977,15603,223892,0.027855,8037679
4,2021-01-07,27849,259984,16974,188855,10875,71129,0,0,17016,222320,0.02766,10776,18627,0.002317,17055,240947,0.029977,8037679
4,2021-01-08,32658,292642,20958,209813,11700,82829,0,0,18461,226695,0.028204,14130,32757,0.004075,18505,259452,0.032279,8037679
4,2021-01-09,16178,308820,9559,219372,6619,89448,0,0,9426,229411,0.028542,6733,39490,0.004913,9449,268901,0.033455,8037679
4,2021-01-10,8729,317549,5640,225012,3089,92537,0,0,4121,228957,0.028485,4590,44080,0.005484,4136,273037,0.03397,8037679
4,2021-01-11,33315,350864,21836,246848,11479,104016,0,0,18793,233326,0.029029,14483,58563,0.007286,18852,291889,0.036315,8037679
4,2021-01-12,38336,389200,22053,268901,16283,120299,0,0,24278,243648,0.030313,14011,72574,0.009029,24333,316222,0.039342,8037679
4,2021-01-13,38563,427763,18989,287890,19574,139873,0,0,27320,259818,0.032325,11189,83763,0.010421,27359,343581,0.042746,8037679
4,2021-01-14,39022,466785,14903,302793,24119,163992,0,0,31954,284793,0.035432,7020,90783,0.011295,31995,375576,0.046727,8037679
4,2021-01-15,45222,512007,15687,318480,29535,193527,0,0,39700,319052,0.039695,5468,96251,0.011975,39727,415303,0.05167,8037679
4,2021-01-16,28603,540610,9366,327846,19237,212764,0,0,25488,341486,0.042486,3078,99329,0.012358,25512,440815,0.054844,8037679
4,2021-01-17,19065,559675,6692,334538,12373,225137,0,0,17544,357551,0.044484,1496,100825,0.012544,17561,458376,0.057028,8037679
4,2021-01-18,29405,589080,13620,348158,15785,240922,0,0,23436,375140,0.046673,5875,106700,0.013275,23464,481840,0.059948,8037679
4,2021-01-19,46049,635129,23145,371303,22904,263826,0,0,36715,402660,0.050097,9280,115980,0.01443,36800,518640,0.064526,8037679
4,2021-01-20,51676,686805,27384,398687,24292,288118,0,0,41284,433713,0.05396,10295,126275,0.01571,41348,559988,0.06967,8037679
4,2021-01-21,56483,743288,24980,423667,31503,319621,0,0,50080,477495,0.059407,6343,132618,0.0165,50125,610113,0.075907,8037679
4,2021-01-22,54968,798256,22066,445733,32902,352523,0,0,49880,522413,0.064996,4994,137612,0.017121,49912,660025,0.082116,8037679
4,2021-01-23,39437,837693,17397,463130,22040,374563,0,0,35128,553276,0.068835,4300,141912,0.017656,35163,695188,0.086491,8037679
4,2021-01-24,23923,861616,10496,473626,13427,387990,0,0,22048,573474,0.071348,1867,143779,0.017888,22065,717253,0.089236,8037679
4,2021-01-25,47912,909528,22115,495741,25797,413787,0,0,36832,599321,0.074564,11049,154828,0.019263,36896,754149,0.093827,8037679
4,2021-01-26,56697,966225,28910,524651,27787,441574,0,0,44487,631717,0.078594,12156,166984,0.020775,44552,798701,0.09937,8037679
4,2021-01-27,56093,1022318,26718,551369,29375,470949,0,0,45179,666118,0.082874,10842,177826,0.022124,45243,843944,0.104998,8037679
4,2021-01-28,56362,1078680,25486,576855,30876,501825,0,0,46458,702817,0.08744,9816,187642,0.023345,46515,890459,0.110786,8037679
4,2021-01-29,56355,1135035,27065,603920,29290,531115,0,0,46063,738770,0.091913,10151,197793,0.024608,46104,936563,0.116522,8037679
4,2021-01-30,37644,1172679,17166,621086,20478,551593,0,0,32325,765869,0.095285,5271,203064,0.025264,32370,968933,0.120549,8037679
4,2021-01-31,23895,1196574,12555,633641,11340,562933,0,0,22288,786588,0.097863,1590,204654,0.025462,22309,991242,0.123324,8037679
4,2021-02-01,49680,1246254,24068,657709,25612,588545,0,0,38078,813154,0.101168,11561,216215,0.0269,38127,1029369,0.128068,8037679
4,2021-02-02,55282,1301536,25454,683163,29828,618373,0,0,42477,842940,0.104874,12742,228957,0.028485,42528,1071897,0.133359,8037679
4,2021-02-03,61887,1363423,30442,713605,31445,649818,0,0,47640,876527,0.109052,14137,243094,0.030244,47724,1119621,0.139297,8037679
4,2021-02-04,67375,1430798,31374,744979,36001,685819,0,0,50725,910867,0.113325,16500,259594,0.032297,50840,1170461,0.145622,8037679
4,2021-02-05,72939,1503737,33860,778839,39079,724898,0,0,50889,940106,0.116962,21803,281397,0.03501,51042,1221503,0.151972,8037679
4,2021-02-06,48261,1551998,26218,805057,22043,746941,0,0,36776,965635,0.120139,11452,292849,0.036435,36981,1258484,0.156573,8037679
4,2021-02-07,26455,1578453,17498,822555,8957,755898,0,0,20045,979533,0.121868,6386,299235,0.037229,20284,1278768,0.159097,8037679
4,2021-02-08,58466,1636919,30119,852674,28347,784245,0,0,38105,997669,0.124124,20234,319469,0.039746,38370,1317138,0.16387,8037679
4,2021-02-09,67063,1703982,34170,886844,32893,817138,0,0,39401,1009885,0.125644,27592,347061,0.043179,39808,1356946,0.168823,8037679
4,2021-02-10,77081,1781063,38572,925416,38509,855647,0,0,40989,1015553,0.126349,35863,382924,0.047641,41531,1398477,0.17399,8037679
4,2021-02-11,81032,1862095,42316,967732,38716,894363,0,0,41901,1019209,0.126804,38911,421835,0.052482,42567,1441044,0.179286,8037679
4,2021-02-12,84051,1946146,37649,1005381,46402,940765,0,0,43350,1022841,0.127256,40504,462339,0.057521,44136,1485180,0.184777,8037679
4,2021-02-13,58465,2004611,29690,1035071,28775,969540,0,0,29836,1025070,0.127533,28504,490843,0.061068,30733,1515913,0.188601,8037679
4,2021-02-14,36643,2041254,19007,1054078,17636,987176,0,0,18835,1026806,0.127749,17759,508602,0.063277,19495,1535408,0.191026,8037679
4,2021-02-15,45996,2087250,21539,1075617,24457,1011633,0,0,23673,1029398,0.128072,22259,530861,0.066047,24851,1560259,0.194118,8037679
4,2021-02-16,79821,2167071,36565,1112182,43256,1054889,0,0,40697,1032285,0.128431,39028,569889,0.070902,41915,1602174,0.199333,8037679
4,2021-02-17,81183,2248254,38303,1150485,42880,1097769,0,0,38740,1029873,0.128131,42283,612172,0.076163,39871,1642045,0.204293,8037679
4,2021-02-18,82982,2331236,45658,1196143,37324,1135093,0,0,38418,1025353,0.127568,44414,656586,0.081689,39894,1681939,0.209257,8037679
4,2021-02-19,82294,2413530,51739,1247882,30555,1165648,0,0,41278,1026450,0.127705,40879,697465,0.086774,41976,1723915,0.214479,8037679
4,2021-02-20,48821,2462351,32544,1280426,16277,1181925,0,0,26699,1031771,0.128367,22070,719535,0.08952,27391,1751306,0.217887,8037679
4,2021-02-21,29154,2491505,23419,1303845,5735,1187660,0,0,14065,1031093,0.128282,15027,734562,0.09139,14349,1765655,0.219672,8037679
4,2021-02-22,52983,2544488,36379,1340224,16604,1204264,0,0,25733,1030113,0.128161,27161,761723,0.094769,26181,1791836,0.22293,8037679
4,2021-02-23,73723,2618211,40915,1381139,32808,1237072,0,0,32531,1023246,0.127306,41066,802789,0.099878,34199,1826035,0.227184,8037679
4,2021-02-24,88631,2706842,46808,1427947,41823,1278895,0,0,40061,1017093,0.126541,48365,851154,0.105895,42212,1868247,0.232436,8037679
4,2021-02-25,99793,2806635,52099,1480046,47694,1326589,0,0,47899,1015805,0.12638,51742,902896,0.112333,50454,1918701,0.238713,8037679
4,2021-02-26,106263,2912898,53637,1533683,52626,1379215,0,0,54474,1021056,0.127034,51569,954465,0.118749,56820,1975521,0.245783,8037679
4,2021-02-27,76952,2989850,41961,1575644,34985,1414200,6,6,41303,1028334,0.127939,35514,989979,0.123167,42792,2018313,0.251106,8037679
4,2021-02-28,47338,3037188,29419,1605063,17916,1432116,3,9,26540,1035092,0.12878,20665,1010644,0.125738,27423,2045736,0.254518,8037679
4,2021-03-01,76170,3113358,44713,1649776,31430,1463546,27,36,42070,1044509,0.129952,33868,1044512,0.129952,43285,2089021,0.259904,8037679
4,2021-03-02,84775,3198133,48826,1698602,35944,1499490,5,41,50203,1062083,0.132138,34422,1078934,0.134235,51996,2141017,0.266373,8037679
4,2021-03-03,99364,3297497,52746,1751348,46605,1546095,13,54,55352,1075397,0.133794,43819,1122753,0.139686,57133,2198150,0.273481,8037679
4,2021-03-04,96679,3394176,53772,1805120,42890,1588985,17,71,53200,1087098,0.13525,43286,1166039,0.145072,54987,2253137,0.280322,8037679
4,2021-03-05,94162,3488338,50884,1856004,42964,1631949,314,385,55941,1107257,0.137758,38029,1204068,0.149803,58188,2311325,0.287561,8037679
4,2021-03-06,76024,3564362,42915,1898919,30496,1662445,2613,2998,46754,1128812,0.14044,29161,1233229,0.153431,50716,2362041,0.293871,8037679
4,2021-03-07,42567,3606929,27241,1926160,14149,1676594,1177,4175,25538,1139646,0.141788,16970,1250199,0.155542,27804,2389845,0.29733,8037679
4,2021-03-08,66285,3673214,34725,1960885,28366,1704960,3194,7369,43814,1165629,0.145021,22368,1272567,0.158325,48351,2438196,0.303346,8037679
4,2021-03-09,81054,3754268,41114,2001999,34810,1739770,5130,12499,43859,1178702,0.146647,37042,1309609,0.162934,50115,2488311,0.309581,8037679
4,2021-03-10,90737,3845005,46887,2048886,36410,1776180,7440,19939,45934,1188409,0.147855,44647,1354256,0.168488,54354,2542665,0.316343,8037679
4,2021-03-11,100294,3945299,52677,2101563,39235,1815415,8382,28321,46473,1190781,0.14815,53614,1407870,0.175159,55986,2598651,0.323309,8037679
4,2021-03-12,104348,4049647,51513,2153076,42569,1857984,10266,38587,44685,1187284,0.147715,59438,1467308,0.182554,55941,2654592,0.330268,8037679
4,2021-03-13,80888,4130535,37695,2190771,34799,1892783,8394,46981,38031,1192124,0.148317,42738,1510046,0.187871,47578,2702170,0.336188,8037679
4,2021-03-14,49524,4180059,28340,2219111,17556,1910339,3628,50609,23252,1193452,0.148482,26188,1536234,0.191129,27516,2729686,0.339611,8037679
4,2021-03-15,83593,4263652,44933,2264044,34422,1944761,4238,54847,42817,1200780,0.149394,40569,1576803,0.196176,47897,2777583,0.34557,8037679
4,2021-03-16,107379,4371031,55813,2319857,48167,1992928,3399,58246,57000,1211724,0.150755,50166,1626969,0.202418,61110,2838693,0.353173,8037679
4,2021-03-17,106058,4477089,57021,2376878,45594,2038522,3443,61689,62243,1234395,0.153576,43584,1670553,0.20784,66255,2904948,0.361416,8037679
4,2021-03-18,106164,4583253,58829,2435707,43695,2082217,3640,65329,60343,1253246,0.155921,45573,1716126,0.21351,64424,2969372,0.369432,8037679
4,2021-03-19,110606,4693859,63553,2499260,41878,2124095,5175,70504,63125,1274695,0.15859,47255,1763381,0.219389,68704,3038076,0.377979,8037679
4,2021-03-20,83236,4777095,48812,2548072,31432,2155527,2992,73496,51137,1297164,0.161385,31975,1795356,0.223367,54444,3092520,0.384753,8037679
4,2021-03-21,47897,4824992,34723,2582795,10911,2166438,2263,75759,28373,1308741,0.162826,19418,1814774,0.225783,30995,3123515,0.388609,8037679
4,2021-03-22,81725,4906717,53395,2636190,25614,2192052,2716,78475,51182,1333008,0.165845,30345,1845119,0.229559,54612,3178127,0.395404,8037679
4,2021-03-23,103878,5010595,62096,2698286,39642,2231694,2140,80615,62018,1356110,0.168719,41606,1886725,0.234735,64708,3242835,0.403454,8037679
4,2021-03-24,113023,5123618,73063,2771349,37568,2269262,2392,83007,64109,1374566,0.171015,48511,1935236,0.240771,66967,3309802,0.411786,8037679
4,2021-03-25,116516,5240134,71824,2843173,42321,2311583,2371,85378,66920,1395183,0.17358,49159,1984395,0.246887,69776,3379578,0.420467,8037679
4,2021-03-26,119249,5359383,72499,2915672,43719,2355302,3031,88409,65457,1410800,0.175523,53477,2037872,0.25354,69094,3448672,0.429063,8037679
4,2021-03-27,91175,5450558,54079,2969751,35313,2390615,1783,90192,46421,1414948,0.176039,44544,2082416,0.259082,48692,3497364,0.435121,8037679
4,2021-03-28,55523,5506081,36697,3006448,17955,2408570,871,91063,29633,1420023,0.176671,25753,2108169,0.262286,30828,3528192,0.438957,8037679
4,2021-03-29,93141,5599222,55964,3062412,35105,2443675,2072,93135,50811,1431363,0.178082,42115,2150284,0.267525,53455,3581647,0.445607,8037679
4,2021-03-30,116723,5715945,63763,3126175,48816,2492491,4144,97279,69453,1458340,0.181438,47064,2197348,0.273381,74041,3655688,0.454819,8037679
4,2021-03-31,120577,5836522,71330,3197505,42941,2535432,6306,103585,68007,1480607,0.184208,52265,2249613,0.279883,74532,3730220,0.464092,8037679
4,2021-04-01,141930,5978452,81093,3278598,47663,2583095,13174,116759,83911,1520274,0.189143,57658,2307271,0.287057,97325,3827545,0.4762,8037679
4,2021-04-02,136082,6114534,72869,3351467,49684,2632779,13529,130288,78820,1555985,0.193586,57002,2364273,0.294149,92713,3920258,0.487735,8037679
4,2021-04-03,100924,6215458,53917,3405384,33635,2666414,13372,143660,52718,1574327,0.195868,48028,2412301,0.300124,66370,3986628,0.495992,8037679
4,2021-04-04,46776,6262234,24683,3430067,14587,2681001,7506,151166,20452,1576107,0.19609,26230,2438531,0.303387,28010,4014638,0.499477,8037679
4,2021-04-05,108891,6371125,61304,3491371,34845,2715846,12742,163908,56897,1594534,0.198382,51812,2490343,0.309834,70239,4084877,0.508216,8037679
4,2021-04-06,138272,6509397,77862,3569233,40726,2756572,19684,183592,71965,1620752,0.201644,66096,2556439,0.318057,92314,4177191,0.519701,8037679
4,2021-04-07,136911,6646308,77591,3646824,38676,2795248,20644,204236,71046,1647141,0.204927,65640,2622079,0.326223,92029,4269220,0.531151,8037679
4,2021-04-08,139353,6785661,77711,3724535,36316,2831564,25326,229562,69400,1672839,0.208125,69695,2691774,0.334894,95393,4364613,0.543019,8037679
4,2021-04-09,137026,6922687,75234,3799769,38940,2870504,22852,252414,65585,1691106,0.210397,71242,2763016,0.343758,89509,4454122,0.554155,8037679
4,2021-04-10,102855,7025542,50947,3850716,33131,2903635,18777,271191,46327,1700954,0.211623,56335,2819351,0.350767,66183,4520305,0.562389,8037679
4,2021-04-11,62218,7087760,37940,3888656,13120,2916755,11158,282349,27305,1705684,0.212211,34825,2854176,0.3551,39555,4559860,0.567311,8037679
4,2021-04-12,102250,7190010,62158,3950814,30005,2946760,10087,292436,51668,1718369,0.213789,50310,2904486,0.361359,62995,4622855,0.575148,8037679
4,2021-04-13,129398,7319408,81175,4031989,48065,2994825,158,292594,77685,1745607,0.217178,51464,2955950,0.367762,78702,4701557,0.58494,8037679
4,2021-04-14,134436,7453844,85696,4117685,48665,3043490,75,292669,74731,1762253,0.219249,59411,3015361,0.375153,76057,4777614,0.594402,8037679
4,2021-04-15,154686,7608530,103051,4220736,51598,3095088,37,292706,95429,1799553,0.22389,58945,3074306,0.382487,96245,4873859,0.606376,8037679
4,2021-04-16,141873,7750403,90070,4310806,51726,3146814,77,292783,82881,1824472,0.22699,58750,3133056,0.389796,83669,4957528,0.616786,8037679
4,2021-04-17,99777,7850180,62995,4373801,36772,3183586,10,292793,58526,1843122,0.22931,41019,3174075,0.394899,59669,5017197,0.62421,8037679
4,2021-04-18,53974,7904154,36090,4409891,17881,3201467,3,292796,30686,1851573,0.230362,23182,3197257,0.397784,31633,5048830,0.628145,8037679
4,2021-04-19,100121,8004275,66168,4476059,33939,3235406,14,292810,51293,1854843,0.230768,48625,3245882,0.403833,51895,5100725,0.634602,8037679
4,2021-04-20,127075,8131350,74631,4550690,52433,3287839,11,292821,66733,1862558,0.231728,60086,3305968,0.411309,67801,5168526,0.643037,8037679
4,2021-04-21,127236,8258586,81616,4632306,45569,3333408,51,292872,64312,1865290,0.232068,62639,3368607,0.419102,65371,5233897,0.65117,8037679
4,2021-04-22,136985,8395571,90251,4722557,46713,3380121,21,292893,61396,1852528,0.23048,75281,3443888,0.428468,62519,5296416,0.658948,8037679
4,2021-04-23,130385,8525956,84217,4806774,46145,3426266,23,292916,56615,1836845,0.228529,73467,3517355,0.437608,57784,5354200,0.666138,8037679
4,2021-04-24,97190,8623146,65962,4872736,31178,3457444,50,292966,44733,1830482,0.227738,52198,3569553,0.444102,45835,5400035,0.67184,8037679
4,2021-04-25,49406,8672552,35138,4907874,14244,3471688,24,292990,26116,1833889,0.228162,23170,3592723,0.446985,26577,5426612,0.675147,8037679
4,2021-04-26,83874,8756426,55434,4963308,28054,3499742,386,293376,33102,1818133,0.226201,50527,3643250,0.453271,34771,5461383,0.679473,8037679
4,2021-04-27,107874,8864300,66082,5029390,39798,3539540,1994,295370,38974,1791241,0.222856,68622,3711872,0.461809,41730,5503113,0.684664,8037679
4,2021-04-28,99605,8963905,64668,5094058,32448,3571988,2489,297859,35713,1766427,0.219768,63642,3775514,0.469727,38828,5541941,0.689495,8037679
4,2021-04-29,100801,9064706,63790,5157848,34510,3606498,2501,300360,31530,1732040,0.21549,68991,3844505,0.47831,34604,5576545,0.6938,8037679
4,2021-04-30,101572,9166278,63854,5221702,35055,3641553,2663,303023,34519,1703113,0.211891,66731,3911236,0.486613,37804,5614349,0.698504,8037679
4,2021-05-01,68415,9234693,45605,5267307,21058,3662611,1752,304775,19841,1676955,0.208637,48377,3959613,0.492631,22219,5636568,0.701268,8037679
4,2021-05-02,37347,9272040,26505,5293812,9565,3672176,1277,306052,10489,1662105,0.206789,26761,3986374,0.495961,11911,5648479,0.70275,8037679
4,2021-05-03,77769,9349809,54247,5348059,21074,3693250,2448,308500,19112,1625550,0.202241,58454,4044828,0.503233,21899,5670378,0.705475,8037679
4,2021-05-04,98215,9448024,66658,5414717,28816,3722066,2741,311241,22309,1575294,0.195989,75669,4120497,0.512648,25413,5695791,0.708636,8037679
4,2021-05-05,98970,9546994,69360,5484077,26902,3748968,2708,313949,21534,1522668,0.189441,77151,4197648,0.522246,24525,5720316,0.711688,8037679
4,2021-05-06,109012,9656006,81431,5565508,24665,3773633,2916,316865,19402,1456900,0.181259,89206,4286854,0.533345,23438,5743754,0.714604,8037679
4,2021-05-07,102636,9758642,73640,5639148,26326,3799959,2670,319535,20311,1398279,0.173966,82003,4368857,0.543547,23382,5767136,0.717513,8037679
4,2021-05-08,65979,9824621,45168,5684316,18947,3818906,1864,321399,13125,1360957,0.169322,52658,4421515,0.550098,15336,5782472,0.719421,8037679
4,2021-05-09,33243,9857864,27117,5711433,5188,3824094,938,322337,7840,1344515,0.167277,25312,4446827,0.553248,8870,5791342,0.720524,8037679
4,2021-05-10,62600,9920464,41535,5752968,18795,3842889,2270,324607,10792,1306244,0.162515,51634,4498461,0.559672,13363,5804705,0.722187,8037679
4,2021-05-11,76989,9997453,46997,5799965,27968,3870857,2024,326631,14998,1261902,0.156998,61789,4560250,0.567359,17447,5822152,0.724357,8037679
4,2021-05-12,73050,10070503,47964,5847929,22853,3893710,2233,328864,15998,1223625,0.152236,56827,4617077,0.574429,18550,5840702,0.726665,8037679
4,2021-05-13,95577,10166080,70162,5918091,23990,3917700,1425,330289,36731,1204156,0.149814,58567,4675644,0.581716,39098,5879800,0.73153,8037679
4,2021-05-14,101921,10268001,71794,5989885,28037,3945737,2090,332379,40005,1185121,0.147446,61652,4737296,0.589386,42617,5922417,0.736832,8037679
4,2021-05-15,83636,10351637,64616,6054501,17716,3963453,1304,333683,36910,1177086,0.146446,46528,4783824,0.595175,38493,5960910,0.741621,8037679
4,2021-05-16,48841,10400478,39622,6094123,8530,3971983,689,334372,20044,1169285,0.145475,28670,4812494,0.598742,20869,5981779,0.744217,8037679
4,2021-05-17,69758,10470236,50936,6145059,16996,3988979,1826,336198,28938,1159629,0.144274,40640,4853134,0.603798,30984,6012763,0.748072,8037679
4,2021-05-18,80235,10550471,52242,6197301,26248,4015227,1745,337943,29912,1141659,0.142038,49985,4903119,0.610017,32015,6044778,0.752055,8037679
4,2021-05-19,75349,10625820,50966,6248267,22460,4037687,1923,339866,32188,1133130,0.140977,42921,4946040,0.615357,34392,6079170,0.756334,8037679
4,2021-05-20,57516,10683336,37259,6285526,18564,4056251,1693,341559,22716,1123183,0.13974,34592,4980632,0.61966,24645,6103815,0.7594,8037679
4,2021-05-21,62488,10745824,41876,6327402,19017,4075268,1595,343154,22710,1108117,0.137865,39561,5020193,0.624582,24495,6128310,0.762448,8037679
4,2021-05-22,40662,10786486,29262,6356664,10345,4085613,1055,344209,18140,1105047,0.137483,22405,5042598,0.62737,19335,6147645,0.764853,8037679
4,2021-05-23,16153,10802639,12396,6369060,3240,4088853,517,344726,6887,1103333,0.13727,9181,5051779,0.628512,7467,6155112,0.765782,8037679
4,2021-05-24,41355,10843994,26059,6395119,12340,4101193,2956,347682,15177,1095659,0.136315,26003,5077782,0.631747,18329,6173441,0.768063,8037679
4,2021-05-25,43994,10887988,27296,6422415,13916,4115109,2782,350464,16275,1087425,0.135291,27517,5105299,0.635171,19283,6192724,0.770462,8037679
4,2021-05-26,43518,10931506,26072,6448487,14902,4130011,2544,353008,16184,1079213,0.134269,27159,5132458,0.63855,18947,6211671,0.772819,8037679
4,2021-05-27,38226,10969732,22976,6471463,12136,4142147,3114,356122,15150,1074780,0.133718,22913,5155371,0.6414,18480,6230151,0.775118,8037679
4,2021-05-28,42558,11012290,27203,6498666,13776,4155923,1579,357701,18935,1072119,0.133387,23430,5178801,0.644315,20769,6250920,0.777702,8037679
4,2021-05-29,23269,11035559,15189,6513855,7159,4163082,921,358622,11237,1072493,0.133433,11926,5190727,0.645799,12300,6263220,0.779232,8037679
4,2021-05-30,11883,11047442,8350,6522205,3008,4166090,525,359147,5117,1071504,0.13331,6715,5197442,0.646635,5726,6268946,0.779945,8037679
4,2021-05-31,3556,11050998,2278,6524483,1123,4167213,155,359302,1192,1070540,0.13319,2340,5199782,0.646926,1376,6270322,0.780116,8037679
4,2021-06-01,38941,11089939,24330,6548813,12200,4179413,2411,361713,14213,1062849,0.132233,24551,5224333,0.64998,16860,6287182,0.782214,8037679
4,2021-06-02,31808,11121747,19883,6568696,9182,4188595,2743,364456,11843,1057797,0.131605,19816,5244149,0.652446,14764,6301946,0.78405,8037679
4,2021-06-03,45630,11167377,35115,6603811,8114,4196709,2401,366857,12585,1040162,0.129411,32919,5277068,0.656541,15284,6317230,0.785952,8037679
4,2021-06-04,29420,11196797,24427,6628238,4288,4200997,705,367562,5780,1023616,0.127352,23542,5300610,0.65947,6996,6324226,0.786822,8037679
