vemquartile,administered_date,total_doses,cumulative_total_doses,pfizer_doses,cumulative_pfizer_doses,moderna_doses,cumulative_moderna_doses,jj_doses,cumulative_jj_doses,partially_vaccinated,total_partially_vaccinated,pct_age12pop_partially_vaccinated,fully_vaccinated,cumulative_fully_vaccinated,pct_age12pop_fully_vaccinated,at_least_one_dose,cumulative_at_least_one_dose,pct_age12pop_at_least_one_dose,age12_population
1,2020-12-15,148,148,148,148,0,0,0,0,148,148,1.7e-05,0,0,0.0,148,148,1.7e-05,8700223
1,2020-12-16,1179,1327,1179,1327,0,0,0,0,1179,1327,0.000153,0,0,0.0,1179,1327,0.000153,8700223
1,2020-12-17,4130,5457,4130,5457,0,0,0,0,4131,5458,0.000627,0,0,0.0,4131,5458,0.000627,8700223
1,2020-12-18,6264,11721,6244,11701,20,20,0,0,6265,11723,0.001347,0,0,0.0,6265,11723,0.001347,8700223
1,2020-12-19,2867,14588,2866,14567,1,21,0,0,2865,14587,0.001677,1,1,0.0,2865,14588,0.001677,8700223
1,2020-12-20,2114,16702,2109,16676,5,26,0,0,2115,16702,0.00192,0,1,0.0,2115,16703,0.00192,8700223
1,2020-12-21,7627,24329,7614,24290,13,39,0,0,7679,24381,0.002802,1,2,0.0,7680,24383,0.002803,8700223
1,2020-12-22,7288,31617,6946,31236,342,381,0,0,7291,31671,0.00364,1,3,0.0,7291,31674,0.003641,8700223
1,2020-12-23,7819,39436,6584,37820,1235,1616,0,0,7813,39484,0.004538,1,4,0.0,7814,39488,0.004539,8700223
1,2020-12-24,3300,42736,2361,40181,939,2555,0,0,3302,42786,0.004918,0,4,0.0,3302,42790,0.004918,8700223
1,2020-12-25,235,42971,151,40332,84,2639,0,0,235,43021,0.004945,0,4,0.0,235,43025,0.004945,8700223
1,2020-12-26,1360,44331,969,41301,391,3030,0,0,1359,44379,0.005101,1,5,1e-06,1359,44384,0.005101,8700223
1,2020-12-27,864,45195,530,41831,334,3364,0,0,864,45243,0.0052,0,5,1e-06,864,45248,0.005201,8700223
1,2020-12-28,7025,52220,4750,46581,2275,5639,0,0,7024,52267,0.006008,0,5,1e-06,7024,52272,0.006008,8700223
1,2020-12-29,8809,61029,4947,51528,3862,9501,0,0,8806,61072,0.00702,1,6,1e-06,8806,61078,0.00702,8700223
1,2020-12-30,11569,72598,6439,57967,5130,14631,0,0,11569,72641,0.008349,0,6,1e-06,11569,72647,0.00835,8700223
1,2020-12-31,5931,78529,1953,59920,3978,18609,0,0,5930,78570,0.009031,2,8,1e-06,5931,78578,0.009032,8700223
1,2021-01-01,543,79072,186,60106,357,18966,0,0,543,79113,0.009093,0,8,1e-06,543,79121,0.009094,8700223
1,2021-01-02,2891,81963,1799,61905,1092,20058,0,0,2893,82006,0.009426,0,8,1e-06,2893,82014,0.009427,8700223
1,2021-01-03,1020,82983,593,62498,427,20485,0,0,1019,83024,0.009543,1,9,1e-06,1019,83033,0.009544,8700223
1,2021-01-04,7319,90302,3608,66106,3711,24196,0,0,7324,90347,0.010384,1,10,1e-06,7324,90357,0.010386,8700223
1,2021-01-05,10749,101051,5273,71379,5476,29672,0,0,10000,99636,0.011452,734,744,8.6e-05,10023,100380,0.011538,8700223
1,2021-01-06,13958,115009,7072,78451,6886,36558,0,0,12079,109880,0.01263,1842,2586,0.000297,12086,112466,0.012927,8700223
1,2021-01-07,17370,132379,9105,87556,8265,44823,0,0,12932,118481,0.013618,4340,6926,0.000796,12941,125407,0.014414,8700223
1,2021-01-08,20066,152445,10415,97971,9651,54474,0,0,14197,126829,0.014578,5854,12780,0.001469,14202,139609,0.016047,8700223
1,2021-01-09,6679,159124,3391,101362,3288,57762,0,0,4836,129842,0.014924,1827,14607,0.001679,4840,144449,0.016603,8700223
1,2021-01-10,3061,162185,1767,103129,1294,59056,0,0,1875,130548,0.015005,1170,15777,0.001813,1876,146325,0.016819,8700223
1,2021-01-11,18034,180219,11813,114942,6221,65277,0,0,11512,135602,0.015586,6495,22272,0.00256,11549,157874,0.018146,8700223
1,2021-01-12,18901,199120,10733,125675,8168,73445,0,0,12947,142671,0.016399,5913,28185,0.00324,12982,170856,0.019638,8700223
1,2021-01-13,19705,218825,10657,136332,9048,82493,0,0,14581,152168,0.01749,5100,33285,0.003826,14597,185453,0.021316,8700223
1,2021-01-14,21896,240721,9415,145747,12481,94974,0,0,19162,168697,0.01939,2676,35961,0.004133,19205,204658,0.023523,8700223
1,2021-01-15,25077,265798,9236,154983,15841,110815,0,0,23151,190019,0.021841,1877,37838,0.004349,23199,227857,0.02619,8700223
1,2021-01-16,13850,279648,4530,159513,9320,120135,0,0,12990,202153,0.023235,858,38696,0.004448,12992,240849,0.027683,8700223
1,2021-01-17,5179,284827,1991,161504,3188,123323,0,0,4812,206607,0.023747,363,39059,0.004489,4817,245666,0.028237,8700223
1,2021-01-18,14218,299045,8544,170048,5674,128997,0,0,11060,214568,0.024662,3146,42205,0.004851,11107,256773,0.029513,8700223
1,2021-01-19,24614,323659,12860,182908,11754,140751,0,0,19442,228904,0.02631,5158,47363,0.005444,19494,276267,0.031754,8700223
1,2021-01-20,28598,352257,14034,196942,14564,155315,0,0,22984,246362,0.028317,5561,52924,0.006083,23019,299286,0.0344,8700223
1,2021-01-21,30641,382898,14240,211182,16401,171716,0,0,27503,270865,0.031133,3080,56004,0.006437,27583,326869,0.03757,8700223
1,2021-01-22,28087,410985,11125,222307,16962,188678,0,0,26117,295080,0.033916,1929,57933,0.006659,26144,353013,0.040575,8700223
1,2021-01-23,18674,429659,8182,230489,10492,199170,0,0,16756,309941,0.035624,1904,59837,0.006878,16765,369778,0.042502,8700223
1,2021-01-24,6657,436316,4155,234644,2502,201672,0,0,6008,315311,0.036242,643,60480,0.006952,6013,375791,0.043193,8700223
1,2021-01-25,25142,461458,10398,245042,14744,216416,0,0,19507,329294,0.037849,5613,66093,0.007597,19596,395387,0.045446,8700223
1,2021-01-26,28434,489892,13313,258355,15121,231537,0,0,21881,344686,0.039618,6506,72599,0.008344,21898,417285,0.047963,8700223
1,2021-01-27,32186,522078,15323,273678,16863,248400,0,0,24249,361087,0.041503,7872,80471,0.009249,24273,441558,0.050752,8700223
1,2021-01-28,34511,556589,16167,289845,18344,266744,0,0,27731,382147,0.043924,6724,87195,0.010022,27784,469342,0.053946,8700223
1,2021-01-29,33307,589896,16314,306159,16993,283737,0,0,26884,402775,0.046295,6290,93485,0.010745,26918,496260,0.05704,8700223
1,2021-01-30,20127,610023,8745,314904,11382,295119,0,0,18039,418756,0.048132,2065,95550,0.010982,18046,514306,0.059114,8700223
1,2021-01-31,7534,617557,4927,319831,2607,297726,0,0,6893,425012,0.048851,640,96190,0.011056,6896,521202,0.059907,8700223
1,2021-02-01,28542,646099,12414,332245,16128,313854,0,0,20931,438379,0.050387,7569,103759,0.011926,20936,542138,0.062313,8700223
1,2021-02-02,31983,678082,11475,343720,20508,334362,0,0,24118,454729,0.052266,7801,111560,0.012823,24151,566289,0.065089,8700223
1,2021-02-03,39055,717137,14986,358706,24069,358431,0,0,28252,472342,0.054291,10675,122235,0.01405,28288,594577,0.06834,8700223
1,2021-02-04,43504,760641,16944,375650,26560,384991,0,0,31641,492273,0.056582,11758,133993,0.015401,31689,626266,0.071983,8700223
1,2021-02-05,46667,807308,17321,392971,29346,414337,0,0,30730,507238,0.058302,15818,149811,0.017219,30783,657049,0.075521,8700223
1,2021-02-06,26431,833739,10458,403429,15973,430310,0,0,20608,522076,0.060007,5787,155598,0.017884,20625,677674,0.077892,8700223
1,2021-02-07,6204,839943,3981,407410,2223,432533,0,0,4620,525146,0.06036,1568,157166,0.018065,4638,682312,0.078425,8700223
1,2021-02-08,31095,871038,14109,421519,16986,449519,0,0,20783,535770,0.061581,10250,167416,0.019243,20874,703186,0.080824,8700223
1,2021-02-09,38204,909242,16789,438308,21415,470934,0,0,23675,544938,0.062635,14579,181995,0.020918,23747,726933,0.083553,8700223
1,2021-02-10,46605,955847,21898,460206,24707,495641,0,0,26888,552268,0.063477,19636,201631,0.023175,26966,753899,0.086653,8700223
1,2021-02-11,51190,1007037,25129,485335,26061,521702,0,0,30850,563155,0.064729,20061,221692,0.025481,30948,784847,0.09021,8700223
1,2021-02-12,49350,1056387,21274,506609,28076,549778,0,0,28493,571020,0.065633,20761,242453,0.027867,28626,813473,0.0935,8700223
1,2021-02-13,26078,1082465,11339,517948,14739,564517,0,0,15149,575383,0.066134,10862,253315,0.029116,15225,828698,0.09525,8700223
1,2021-02-14,11591,1094056,5465,523413,6126,570643,0,0,6616,577115,0.066333,4949,258264,0.029685,6681,835379,0.096018,8700223
1,2021-02-15,23527,1117583,9251,532664,14276,584919,0,0,14360,582526,0.066955,9065,267329,0.030727,14476,849855,0.097682,8700223
1,2021-02-16,46374,1163957,22110,554774,24264,609183,0,0,27359,591047,0.067935,18950,286279,0.032905,27471,877326,0.100839,8700223
1,2021-02-17,47750,1211707,24076,578850,23674,632857,0,0,25968,595490,0.068445,21670,307949,0.035396,26113,903439,0.103841,8700223
1,2021-02-18,50166,1261873,24971,603821,25195,658052,0,0,26176,598086,0.068744,23796,331745,0.038131,26392,929831,0.106874,8700223
1,2021-02-19,45420,1307293,24574,628395,20846,678898,0,0,25760,604346,0.069463,19562,351307,0.040379,25822,955653,0.109842,8700223
1,2021-02-20,26813,1334106,16326,644721,10487,689385,0,0,15441,608530,0.069944,11333,362640,0.041682,15517,971170,0.111626,8700223
1,2021-02-21,11369,1345475,10134,654855,1235,690620,0,0,6802,610864,0.070212,4525,367165,0.042202,6859,978029,0.112414,8700223
1,2021-02-22,29892,1375367,19596,674451,10296,700916,0,0,17643,616411,0.07085,12196,379361,0.043604,17743,995772,0.114454,8700223
1,2021-02-23,42803,1418170,20882,695333,21921,722837,0,0,23998,622089,0.071503,18680,398041,0.045751,24358,1020130,0.117253,8700223
1,2021-02-24,52813,1470983,25562,720895,27251,750088,0,0,29662,629141,0.072313,23057,421098,0.048401,30109,1050239,0.120714,8700223
1,2021-02-25,64943,1535926,31555,752450,33388,783476,0,0,40745,646285,0.074284,24102,445200,0.051171,41246,1091485,0.125455,8700223
1,2021-02-26,72796,1608722,34149,786599,38647,822123,0,0,48057,670220,0.077035,24594,469794,0.053998,48529,1140014,0.131033,8700223
1,2021-02-27,49866,1658588,23004,809603,26856,848979,6,6,33219,687170,0.078983,16539,486333,0.055899,33489,1173503,0.134882,8700223
1,2021-02-28,19092,1677680,11368,820971,7723,856702,1,7,14105,696486,0.080054,4931,491264,0.056466,14247,1187750,0.136519,8700223
1,2021-03-01,43676,1721356,20086,841057,23565,880267,25,32,28365,709911,0.081597,15196,506460,0.058212,28621,1216371,0.139809,8700223
1,2021-03-02,61525,1782881,26787,867844,34733,915000,5,37,39705,728522,0.083736,21710,528170,0.060708,40321,1256692,0.144444,8700223
1,2021-03-03,68708,1851589,32501,900345,36192,951192,15,52,41848,744245,0.085543,26738,554908,0.063781,42461,1299153,0.149324,8700223
1,2021-03-04,77097,1928686,36138,936483,40926,992118,33,85,49684,767213,0.088183,27259,582167,0.066914,50227,1349380,0.155097,8700223
1,2021-03-05,76487,2005173,34692,971175,41592,1033710,203,288,51405,794567,0.091327,24884,607051,0.069774,52238,1401618,0.161101,8700223
1,2021-03-06,57021,2062194,27226,998401,28461,1062171,1334,1622,38871,817047,0.093911,18089,625140,0.071853,40569,1442187,0.165764,8700223
1,2021-03-07,20073,2082267,12807,1011208,6456,1068627,810,2432,15084,828231,0.095197,4971,630111,0.072425,16155,1458342,0.167621,8700223
1,2021-03-08,44080,2126347,21075,1032283,21138,1089765,1867,4299,30913,848257,0.097498,13093,643204,0.07393,33119,1491461,0.171428,8700223
1,2021-03-09,65524,2191871,31588,1063871,31465,1121230,2471,6770,40511,866673,0.099615,24909,668113,0.076793,43325,1534786,0.176408,8700223
1,2021-03-10,72270,2264141,36092,1099963,31811,1153041,4367,11137,44939,889148,0.102198,27201,695314,0.079919,49676,1584462,0.182117,8700223
1,2021-03-11,88688,2352829,40443,1140406,40319,1193360,7926,19063,52034,913140,0.104956,36434,731748,0.084107,60426,1644888,0.189063,8700223
1,2021-03-12,97242,2450071,42604,1183010,42305,1235665,12333,31396,57066,943060,0.108395,39998,771746,0.088704,69918,1714806,0.197099,8700223
1,2021-03-13,64526,2514597,29321,1212331,27446,1263111,7759,39155,41188,969161,0.111395,23233,794979,0.091375,49334,1764140,0.20277,8700223
1,2021-03-14,27523,2542120,14844,1227175,9112,1272223,3567,42722,15659,976775,0.11227,11814,806793,0.092732,19428,1783568,0.205003,8700223
1,2021-03-15,64292,2606412,28112,1255287,29509,1301732,6671,49393,38108,995886,0.114467,26020,832813,0.095723,45131,1828699,0.21019,8700223
1,2021-03-16,84694,2691106,38379,1293666,40768,1342500,5547,54940,52842,1022965,0.117579,31685,864498,0.099365,58764,1887463,0.216944,8700223
1,2021-03-17,91501,2782607,44128,1337794,40823,1383323,6550,61490,59019,1056585,0.121443,32322,896820,0.10308,65942,1953405,0.224524,8700223
1,2021-03-18,97426,2880033,50092,1387886,41726,1425049,5608,67098,59707,1084947,0.124703,37411,934231,0.10738,65773,2019178,0.232083,8700223
1,2021-03-19,102487,2982520,52979,1440865,43385,1468434,6123,73221,60859,1111025,0.127701,41383,975614,0.112137,67461,2086639,0.239837,8700223
1,2021-03-20,71885,3054405,36980,1477845,29671,1498105,5234,78455,46485,1137751,0.130773,25248,1000862,0.115039,51974,2138613,0.245811,8700223
1,2021-03-21,26860,3081265,18758,1496603,6299,1504404,1803,80258,17404,1147659,0.131911,9385,1010247,0.116117,19293,2157906,0.248029,8700223
1,2021-03-22,58514,3139779,30081,1526684,25164,1529568,3269,83527,39812,1172574,0.134775,18521,1028768,0.118246,43436,2201342,0.253021,8700223
1,2021-03-23,81947,3221726,41548,1568232,36795,1566363,3604,87131,51025,1196922,0.137574,30736,1059504,0.121779,55084,2256426,0.259353,8700223
1,2021-03-24,86897,3308623,43861,1612093,38700,1605063,4336,91467,52830,1220421,0.140275,33847,1093351,0.125669,57346,2313772,0.265944,8700223
1,2021-03-25,95467,3404090,48533,1660626,41144,1646207,5790,97257,53935,1239113,0.142423,41260,1134611,0.130412,59952,2373724,0.272835,8700223
1,2021-03-26,103491,3507581,50498,1711124,46703,1692910,6290,103547,56291,1255078,0.144258,46919,1181530,0.135805,62884,2436608,0.280063,8700223
1,2021-03-27,73430,3581011,38147,1749271,31110,1724020,4173,107720,38239,1262694,0.145134,35000,1216530,0.139827,42616,2479224,0.284961,8700223
1,2021-03-28,32402,3613413,21224,1770495,9974,1733994,1204,108924,16665,1265258,0.145428,15637,1232167,0.141625,18201,2497425,0.287053,8700223
1,2021-03-29,66162,3679575,33232,1803727,29833,1763827,3097,112021,36964,1276496,0.14672,29042,1261209,0.144963,40280,2537705,0.291683,8700223
1,2021-03-30,90624,3770199,44685,1848412,39664,1803491,6275,118296,47222,1286843,0.147909,43263,1304472,0.149935,53610,2591315,0.297845,8700223
1,2021-03-31,99458,3869657,52124,1900536,41417,1844908,5917,124213,55263,1304183,0.149902,43941,1348413,0.154986,61281,2652596,0.304888,8700223
1,2021-04-01,109773,3979430,52859,1953395,48538,1893446,8376,132589,56741,1316689,0.15134,52721,1401134,0.161046,65227,2717823,0.312385,8700223
1,2021-04-02,109398,4088828,50056,2003451,49785,1943231,9557,142146,56234,1329959,0.152865,52799,1453933,0.167114,66069,2783892,0.319979,8700223
1,2021-04-03,77278,4166106,38712,2042163,28979,1972210,9587,151733,36118,1334745,0.153415,41009,1494942,0.171828,45795,2829687,0.325243,8700223
1,2021-04-04,23641,4189747,11769,2053932,8416,1980626,3456,155189,9947,1334495,0.153386,13648,1508590,0.173397,13398,2843085,0.326783,8700223
1,2021-04-05,75351,4265098,36275,2090207,29976,2010602,9100,164289,34424,1337489,0.15373,40754,1549344,0.178081,43748,2886833,0.331811,8700223
1,2021-04-06,102463,4367561,48542,2138749,37450,2048052,16471,180760,46587,1345021,0.154596,55651,1604995,0.184477,63183,2950016,0.339074,8700223
1,2021-04-07,109758,4477319,53050,2191799,39367,2087419,17341,198101,50061,1353139,0.155529,59470,1664465,0.191313,67588,3017604,0.346842,8700223
1,2021-04-08,120424,4597743,56800,2248599,42928,2130347,20696,218797,53356,1360773,0.156407,66757,1731222,0.198986,74391,3091995,0.355393,8700223
1,2021-04-09,121148,4718891,55476,2304075,45301,2175648,20371,239168,53675,1368032,0.157241,67173,1798395,0.206707,74432,3166427,0.363948,8700223
1,2021-04-10,94340,4813231,42062,2346137,29801,2205449,22477,261645,36950,1370396,0.157513,57231,1855626,0.213285,59595,3226022,0.370798,8700223
1,2021-04-11,35801,4849032,19987,2366124,9260,2214709,6554,268199,14578,1370490,0.157524,21180,1876806,0.215719,21274,3247296,0.373243,8700223
1,2021-04-12,72629,4921661,32244,2398368,30503,2245212,9882,278081,30856,1369853,0.15745,41547,1918353,0.220495,40910,3288206,0.377945,8700223
1,2021-04-13,95552,5017213,51098,2449466,44123,2289335,331,278412,51552,1378324,0.158424,43772,1962125,0.225526,52243,3340449,0.38395,8700223
1,2021-04-14,102530,5119743,52962,2502428,49500,2338835,68,278480,52209,1380979,0.158729,50005,2012130,0.231273,52660,3393109,0.390003,8700223
1,2021-04-15,104116,5223859,56459,2558887,47573,2386408,84,278564,55842,1389304,0.159686,47768,2059898,0.236764,56093,3449202,0.39645,8700223
1,2021-04-16,108398,5332257,55838,2614725,52471,2438879,89,278653,54449,1390483,0.159822,53535,2113433,0.242917,54714,3503916,0.402739,8700223
1,2021-04-17,81349,5413606,44172,2658897,37169,2476048,8,278661,45674,1400839,0.161012,35490,2148923,0.246996,45846,3549762,0.408008,8700223
1,2021-04-18,28643,5442249,19186,2678083,9451,2485499,6,278667,14485,1401438,0.161081,14090,2163013,0.248616,14689,3564451,0.409697,8700223
1,2021-04-19,64454,5506703,32825,2710908,31617,2517116,12,278679,29249,1395911,0.160445,34914,2197927,0.252629,29387,3593838,0.413074,8700223
1,2021-04-20,85498,5592201,42570,2753478,42909,2560025,19,278698,40612,1392114,0.160009,44628,2242555,0.257758,40831,3634669,0.417767,8700223
1,2021-04-21,91693,5683894,46847,2800325,44753,2604778,93,278791,41182,1383544,0.159024,50053,2292608,0.263511,41483,3676152,0.422535,8700223
1,2021-04-22,94006,5777900,48549,2848874,45441,2650219,16,278807,43297,1376771,0.158245,50300,2342908,0.269293,43527,3719679,0.427538,8700223
1,2021-04-23,97937,5875837,50265,2899139,47646,2697865,26,278833,46534,1372564,0.157762,50983,2393891,0.275153,46776,3766455,0.432915,8700223
1,2021-04-24,73047,5948884,46040,2945179,26993,2724858,14,278847,41219,1382364,0.158888,31686,2425577,0.278795,41486,3807941,0.437683,8700223
1,2021-04-25,26861,5975745,17129,2962308,9723,2734581,9,278856,15427,1386585,0.159374,11346,2436923,0.280099,15567,3823508,0.439472,8700223
1,2021-04-26,59991,6035736,32351,2994659,27281,2761862,359,279215,28105,1383745,0.159047,31635,2468558,0.283735,28795,3852303,0.442782,8700223
1,2021-04-27,75474,6111210,40454,3035113,33892,2795754,1128,280343,32429,1374844,0.158024,42793,2511351,0.288654,33892,3886195,0.446678,8700223
1,2021-04-28,77331,6188541,41023,3076136,34868,2830622,1440,281783,33691,1366824,0.157102,43376,2554727,0.293639,35356,3921551,0.450741,8700223
1,2021-04-29,80455,6268996,44209,3120345,34691,2865313,1555,283338,32498,1353361,0.155555,47676,2602403,0.299119,34213,3955764,0.454674,8700223
1,2021-04-30,88087,6357083,47947,3168292,38333,2903646,1807,285145,36582,1340682,0.154097,51233,2653636,0.305008,38554,3994318,0.459105,8700223
1,2021-05-01,61444,6418527,39857,3208149,20220,2923866,1367,286512,25831,1332677,0.153177,35431,2689067,0.30908,27426,4021744,0.462258,8700223
1,2021-05-02,23120,6441647,16354,3224503,6207,2930073,559,287071,9406,1329069,0.152763,13604,2702671,0.310644,9996,4031740,0.463407,8700223
1,2021-05-03,53841,6495488,30149,3254652,21919,2951992,1773,288844,19518,1316279,0.151293,34138,2736809,0.314568,21348,4053088,0.46586,8700223
1,2021-05-04,72198,6567686,41486,3296138,28695,2980687,2017,290861,26013,1298471,0.149246,45923,2782732,0.319846,28115,4081203,0.469092,8700223
1,2021-05-05,73637,6641323,42298,3338436,29111,3009798,2228,293089,24997,1277418,0.146826,48347,2831079,0.325403,27294,4108497,0.472229,8700223
1,2021-05-06,75555,6716878,45273,3383709,28139,3037937,2143,295232,23882,1252282,0.143937,51317,2882396,0.331301,26181,4134678,0.475238,8700223
1,2021-05-07,79163,6796041,45116,3428825,31906,3069843,2141,297373,26636,1228961,0.141256,52156,2934552,0.337296,28835,4163513,0.478552,8700223
1,2021-05-08,54013,6850054,33693,3462518,18786,3088629,1534,298907,18361,1213646,0.139496,35304,2969856,0.341354,19989,4183502,0.48085,8700223
1,2021-05-09,17616,6867670,12493,3475011,4652,3093281,471,299378,5443,1207533,0.138793,12060,2981916,0.34274,5947,4189449,0.481534,8700223
1,2021-05-10,41560,6909230,20849,3495860,18984,3112265,1727,301105,13907,1195893,0.137455,27365,3009281,0.345886,15725,4205174,0.483341,8700223
1,2021-05-11,57998,6967228,31111,3526971,24877,3137142,2010,303115,18911,1178078,0.135408,38860,3048141,0.350352,21045,4226219,0.48576,8700223
1,2021-05-12,57254,7024482,29950,3556921,25435,3162577,1869,304984,18849,1160730,0.133414,38142,3086283,0.354736,20794,4247013,0.48815,8700223
1,2021-05-13,59659,7084141,34632,3591553,23141,3185718,1886,306870,22546,1148674,0.132028,36769,3123052,0.358962,24713,4271726,0.49099,8700223
1,2021-05-14,73058,7157199,44091,3635644,26675,3212393,2292,309162,29737,1137997,0.130801,43013,3166065,0.363906,32336,4304062,0.494707,8700223
1,2021-05-15,62962,7220161,41656,3677300,19647,3232040,1659,310821,25153,1127306,0.129572,37584,3203649,0.368226,26893,4330955,0.497798,8700223
1,2021-05-16,23846,7244007,17398,3694698,5835,3237875,613,311434,9756,1123726,0.129161,13993,3217642,0.369834,10413,4341368,0.498995,8700223
1,2021-05-17,52814,7296821,32489,3727187,18640,3256515,1685,313119,23671,1120244,0.12876,28924,3246566,0.373159,25442,4366810,0.501919,8700223
1,2021-05-18,63106,7359927,38229,3765416,23114,3279629,1763,314882,28798,1116839,0.128369,34052,3280618,0.377073,30647,4397457,0.505442,8700223
1,2021-05-19,64951,7424878,39697,3805113,23381,3303010,1873,316755,30018,1114139,0.128059,34677,3315295,0.381059,31977,4429434,0.509117,8700223
1,2021-05-20,54336,7479214,31761,3836874,20569,3323579,2006,318761,23422,1109092,0.127479,30656,3345951,0.384582,25609,4455043,0.512061,8700223
1,2021-05-21,59601,7538815,36017,3872891,21866,3345445,1718,320479,25955,1103517,0.126838,33336,3379287,0.388414,27761,4482804,0.515252,8700223
1,2021-05-22,45898,7584713,30737,3903628,13601,3359046,1560,322039,21039,1101526,0.126609,24681,3403968,0.391251,22690,4505494,0.51786,8700223
1,2021-05-23,13863,7598576,10655,3914283,2712,3361758,496,322535,7226,1102697,0.126744,6570,3410538,0.392006,7741,4513235,0.518749,8700223
1,2021-05-24,41693,7640269,23051,3937334,16870,3378628,1772,324307,17714,1098491,0.12626,23771,3434309,0.394738,19565,4532800,0.520998,8700223
1,2021-05-25,49733,7690002,28993,3966327,19123,3397751,1617,325924,21625,1093941,0.125737,27879,3462188,0.397942,23329,4556129,0.52368,8700223
1,2021-05-26,46596,7736598,26580,3992907,18224,3415975,1792,327716,20420,1090292,0.125318,25918,3488106,0.400921,22269,4578398,0.526239,8700223
1,2021-05-27,45617,7782215,25817,4018724,18083,3434058,1717,329433,20349,1087447,0.124991,25022,3513128,0.403797,22177,4600575,0.528788,8700223
1,2021-05-28,50095,7832310,28150,4046874,20270,3454328,1675,331108,22734,1084858,0.124693,27121,3540249,0.406915,24532,4625107,0.531608,8700223
1,2021-05-29,28722,7861032,17662,4064536,10171,3464499,889,331997,13813,1084815,0.124688,14795,3555044,0.408615,14752,4639859,0.533303,8700223
1,2021-05-30,11287,7872319,7347,4071883,3459,3467958,481,332478,5544,1085163,0.124728,5703,3560747,0.409271,6051,4645910,0.533999,8700223
1,2021-05-31,5593,7877912,3218,4075101,2129,3470087,246,332724,1976,1083818,0.124574,3579,3564326,0.409682,2234,4648144,0.534256,8700223
1,2021-06-01,25969,7903881,15103,4090204,9838,3479925,1028,333752,9104,1077278,0.123822,16702,3581028,0.411602,10162,4658306,0.535424,8700223
2,2020-12-15,236,236,236,236,0,0,0,0,236,236,2.8e-05,0,0,0.0,236,236,2.8e-05,8407551
2,2020-12-16,2084,2320,2084,2320,0,0,0,0,2083,2319,0.000276,0,0,0.0,2083,2319,0.000276,8407551
2,2020-12-17,6712,9032,6712,9032,0,0,0,0,6713,9032,0.001074,0,0,0.0,6713,9032,0.001074,8407551
2,2020-12-18,10843,19875,10824,19856,19,19,0,0,10845,19877,0.002364,0,0,0.0,10845,19877,0.002364,8407551
2,2020-12-19,5584,25459,5578,25434,6,25,0,0,5586,25463,0.003029,0,0,0.0,5586,25463,0.003029,8407551
2,2020-12-20,4219,29678,4210,29644,9,34,0,0,4215,29678,0.00353,0,0,0.0,4215,29678,0.00353,8407551
2,2020-12-21,12768,42446,12744,42388,24,58,0,0,12722,42400,0.005043,0,0,0.0,12722,42400,0.005043,8407551
2,2020-12-22,12092,54538,11581,53969,511,569,0,0,12092,54492,0.006481,0,0,0.0,12092,54492,0.006481,8407551
2,2020-12-23,11721,66259,9513,63482,2208,2777,0,0,11724,66216,0.007876,1,1,0.0,11725,66217,0.007876,8407551
2,2020-12-24,5854,72113,3494,66976,2360,5137,0,0,5851,72067,0.008572,2,3,0.0,5853,72070,0.008572,8407551
2,2020-12-25,480,72593,403,67379,77,5214,0,0,481,72548,0.008629,0,3,0.0,481,72551,0.008629,8407551
2,2020-12-26,2576,75169,1672,69051,904,6118,0,0,2577,75125,0.008935,0,3,0.0,2577,75128,0.008936,8407551
2,2020-12-27,2225,77394,1206,70257,1019,7137,0,0,2223,77347,0.0092,1,4,0.0,2223,77351,0.0092,8407551
2,2020-12-28,10978,88372,7148,77405,3830,10967,0,0,10978,88324,0.010505,1,5,1e-06,10978,88329,0.010506,8407551
2,2020-12-29,12637,101009,7119,84524,5518,16485,0,0,12642,100966,0.012009,0,5,1e-06,12642,100971,0.01201,8407551
2,2020-12-30,15337,116346,8632,93156,6705,23190,0,0,15354,116319,0.013835,3,8,1e-06,15356,116327,0.013836,8407551
2,2020-12-31,7507,123853,2807,95963,4700,27890,0,0,7505,123823,0.014728,1,9,1e-06,7505,123832,0.014729,8407551
2,2021-01-01,1130,124983,542,96505,588,28478,0,0,1132,124954,0.014862,1,10,1e-06,1132,124964,0.014863,8407551
2,2021-01-02,4806,129789,2794,99299,2012,30490,0,0,4804,129758,0.015434,0,10,1e-06,4804,129768,0.015435,8407551
2,2021-01-03,1380,131169,841,100140,539,31029,0,0,1375,131130,0.015597,3,13,2e-06,1375,131143,0.015598,8407551
2,2021-01-04,11615,142784,5586,105726,6029,37058,0,0,11603,142729,0.016976,4,17,2e-06,11603,142746,0.016978,8407551
2,2021-01-05,13823,156607,6982,112708,6841,43899,0,0,12641,154225,0.018344,1176,1193,0.000142,12672,155418,0.018486,8407551
2,2021-01-06,18940,175547,10492,123200,8448,52347,0,0,15216,165772,0.019717,3676,4869,0.000579,15223,170641,0.020296,8407551
2,2021-01-07,22930,198477,12910,136110,10020,62367,0,0,15563,173964,0.020691,7384,12253,0.001457,15576,186217,0.022149,8407551
2,2021-01-08,26374,224851,16002,152112,10372,72739,0,0,16328,180296,0.021445,10013,22266,0.002648,16345,202562,0.024093,8407551
2,2021-01-09,9753,234604,5687,157799,4066,76805,0,0,6257,183042,0.021771,3517,25783,0.003067,6263,208825,0.024838,8407551
2,2021-01-10,5280,239884,2974,160773,2306,79111,0,0,3069,183882,0.021871,2233,28016,0.003332,3073,211898,0.025203,8407551
2,2021-01-11,25922,265806,17808,178581,8114,87225,0,0,14992,187959,0.022356,10964,38980,0.004636,15041,226939,0.026992,8407551
2,2021-01-12,26092,291898,16241,194822,9851,97076,0,0,16622,195154,0.023212,9498,48478,0.005766,16693,243632,0.028978,8407551
2,2021-01-13,28460,320358,15100,209922,13360,110436,0,0,20547,207817,0.024718,7906,56384,0.006706,20569,264201,0.031424,8407551
2,2021-01-14,30104,350462,11437,221359,18667,129103,0,0,25907,229560,0.027304,4221,60605,0.007208,25964,290165,0.034512,8407551
2,2021-01-15,34975,385437,12766,234125,22209,151312,0,0,31740,258128,0.030702,3245,63850,0.007594,31813,321978,0.038296,8407551
2,2021-01-16,17554,402991,5601,239726,11953,163265,0,0,16246,273049,0.032477,1335,65185,0.007753,16256,338234,0.04023,8407551
2,2021-01-17,10613,413604,3585,243311,7028,170293,0,0,9909,282236,0.033569,730,65915,0.00784,9917,348151,0.041409,8407551
2,2021-01-18,19638,433242,10990,254301,8648,178941,0,0,14874,292376,0.034775,4781,70696,0.008409,14921,363072,0.043184,8407551
2,2021-01-19,32333,465575,16884,271185,15449,194390,0,0,24396,308945,0.036746,7941,78637,0.009353,24510,387582,0.046099,8407551
2,2021-01-20,36998,502573,18563,289748,18435,212825,0,0,28409,328872,0.039116,8570,87207,0.010372,28497,416079,0.049489,8407551
2,2021-01-21,40408,542981,17146,306894,23262,236087,0,0,35995,360636,0.042894,4389,91596,0.010894,36153,452232,0.053789,8407551
2,2021-01-22,39181,582162,16388,323282,22793,258880,0,0,35899,393275,0.046776,3284,94880,0.011285,35923,488155,0.058061,8407551
2,2021-01-23,23979,606141,10803,334085,13176,272056,0,0,21039,411424,0.048935,2917,97797,0.011632,21066,509221,0.060567,8407551
2,2021-01-24,12454,618595,6160,340245,6294,278350,0,0,11542,422078,0.050202,898,98695,0.011739,11552,520773,0.061941,8407551
2,2021-01-25,33744,652339,15616,355861,18128,296478,0,0,25017,438545,0.052161,8675,107370,0.012771,25142,545915,0.064932,8407551
2,2021-01-26,40127,692466,19807,375668,20320,316798,0,0,31181,460876,0.054817,8927,116297,0.013832,31258,577173,0.068649,8407551
2,2021-01-27,45483,737949,22886,398554,22597,339395,0,0,35471,486503,0.057865,9902,126199,0.01501,35529,612702,0.072875,8407551
2,2021-01-28,47975,785924,22709,421263,25266,364661,0,0,39421,517488,0.06155,8500,134699,0.016021,39485,652187,0.077572,8407551
2,2021-01-29,45503,831427,22290,443553,23213,387874,0,0,36965,546073,0.06495,8435,143134,0.017024,37020,689207,0.081975,8407551
2,2021-01-30,31391,862818,13750,457303,17641,405515,0,0,28089,570926,0.067906,3264,146398,0.017413,28117,717324,0.085319,8407551
2,2021-01-31,17403,880221,10502,467805,6901,412416,0,0,16249,586055,0.069706,1138,147536,0.017548,16267,733591,0.087254,8407551
2,2021-02-01,40947,921168,19903,487708,21044,433460,0,0,30227,605624,0.072033,10693,158229,0.01882,30262,763853,0.090853,8407551
2,2021-02-02,47489,968657,19380,507088,28109,461569,0,0,36209,630716,0.075018,11213,169442,0.020154,36305,800158,0.095171,8407551
2,2021-02-03,53945,1022602,24140,531228,29805,491374,0,0,39949,656857,0.078127,13899,183341,0.021807,40040,840198,0.099934,8407551
2,2021-02-04,55802,1078404,24229,555457,31573,522947,0,0,40877,682995,0.081236,14833,198174,0.023571,40971,881169,0.104807,8407551
2,2021-02-05,59499,1137903,26302,581759,33197,556144,0,0,40341,704512,0.083795,18987,217161,0.025829,40504,921673,0.109624,8407551
2,2021-02-06,38846,1176749,18176,599935,20670,576814,0,0,31227,728276,0.086622,7549,224710,0.026727,31313,952986,0.113349,8407551
2,2021-02-07,15949,1192698,10685,610620,5264,582078,0,0,12132,736679,0.087621,3795,228505,0.027179,12198,965184,0.1148,8407551
2,2021-02-08,43299,1235997,22387,633007,20912,602990,0,0,29876,753462,0.089617,13286,241791,0.028759,30069,995253,0.118376,8407551
2,2021-02-09,49242,1285239,23499,656506,25743,628733,0,0,30683,766158,0.091127,18304,260095,0.030936,31000,1026253,0.122063,8407551
2,2021-02-10,59335,1344574,28086,684592,31249,659982,0,0,34616,776679,0.092379,24446,284541,0.033844,34967,1061220,0.126222,8407551
2,2021-02-11,63883,1408457,29668,714260,34215,694197,0,0,36029,785602,0.09344,27592,312133,0.037125,36515,1097735,0.130565,8407551
2,2021-02-12,64842,1473299,28091,742351,36751,730948,0,0,34589,790861,0.094066,29980,342113,0.040691,35239,1132974,0.134757,8407551
2,2021-02-13,37469,1510768,15739,758090,21730,752678,0,0,21721,797287,0.09483,15670,357783,0.042555,22096,1155070,0.137385,8407551
2,2021-02-14,19917,1530685,9329,767419,10588,763266,0,0,11220,800207,0.095177,8657,366440,0.043585,11577,1166647,0.138762,8407551
2,2021-02-15,32968,1563653,14920,782339,18048,781314,0,0,18318,804840,0.095728,14537,380977,0.045314,19170,1185817,0.141042,8407551
2,2021-02-16,55907,1619560,27648,809987,28259,809573,0,0,29472,808629,0.096179,26352,407329,0.048448,30141,1215958,0.144627,8407551
2,2021-02-17,61197,1680757,31671,841658,29526,839099,0,0,30449,809205,0.096247,30692,438021,0.052099,31268,1247226,0.148346,8407551
2,2021-02-18,65731,1746488,33407,875065,32324,871423,0,0,32062,808940,0.096216,33462,471483,0.056079,33197,1280423,0.152294,8407551
2,2021-02-19,58814,1805302,32794,907859,26020,897443,0,0,29236,809342,0.096264,29434,500917,0.059579,29836,1310259,0.155843,8407551
2,2021-02-20,37031,1842333,24210,932069,12821,910264,0,0,20145,813356,0.096741,16808,517725,0.061579,20822,1331081,0.15832,8407551
2,2021-02-21,20649,1862982,17203,949272,3446,913710,0,0,9910,813409,0.096747,10671,528396,0.062848,10724,1341805,0.159595,8407551
2,2021-02-22,37314,1900296,25606,974878,11708,925418,0,0,17852,812569,0.096648,19377,547773,0.065153,18537,1360342,0.1618,8407551
2,2021-02-23,51443,1951739,26398,1001276,25045,950463,0,0,22676,808549,0.096169,28588,576361,0.068553,24568,1384910,0.164722,8407551
2,2021-02-24,68145,2019884,35150,1036426,32995,983458,0,0,31375,805652,0.095825,36630,612991,0.07291,33733,1418643,0.168734,8407551
2,2021-02-25,73672,2093556,34696,1071122,38976,1022434,0,0,37471,809926,0.096333,35997,648988,0.077191,40271,1458914,0.173524,8407551
2,2021-02-26,81830,2175386,34952,1106074,46878,1069312,0,0,44264,819058,0.097419,37320,686308,0.08163,46452,1505366,0.179049,8407551
2,2021-02-27,59886,2235272,27699,1133773,32182,1101494,5,5,32661,826014,0.098247,27036,713344,0.084846,33992,1539358,0.183092,8407551
2,2021-02-28,28973,2264245,17397,1151170,11575,1113069,1,6,16884,831723,0.098926,12004,725348,0.086273,17713,1557071,0.185199,8407551
2,2021-03-01,56036,2320281,29613,1180783,26397,1139466,26,32,30575,838279,0.099705,25232,750580,0.089275,31788,1588859,0.18898,8407551
2,2021-03-02,67513,2387794,32613,1213396,34895,1174361,5,37,38289,849812,0.101077,29100,779680,0.092736,40633,1629492,0.193813,8407551
2,2021-03-03,78809,2466603,38204,1251600,40594,1214955,11,48,44504,862737,0.102615,34141,813821,0.096796,47066,1676558,0.199411,8407551
2,2021-03-04,86803,2553406,42950,1294550,43825,1258780,28,76,50139,878799,0.104525,36481,850302,0.101136,52543,1729101,0.20566,8407551
2,2021-03-05,80289,2633695,38150,1332700,41838,1300618,301,377,49425,900210,0.107072,30684,880986,0.104785,52095,1781196,0.211857,8407551
2,2021-03-06,62277,2695972,30458,1363158,30137,1330755,1682,2059,38399,917951,0.109182,23777,904763,0.107613,41518,1822714,0.216795,8407551
2,2021-03-07,27499,2723471,16139,1379297,10395,1341150,965,3024,17737,928059,0.110384,9705,914468,0.108767,19813,1842527,0.219151,8407551
2,2021-03-08,49617,2773088,22869,1402166,24294,1365444,2454,5478,31451,945532,0.112462,18074,932542,0.110917,35547,1878074,0.223379,8407551
2,2021-03-09,69302,2842390,31769,1433935,33764,1399208,3769,9247,38707,958876,0.114049,30487,963029,0.114543,43831,1921905,0.228593,8407551
2,2021-03-10,77123,2919513,36680,1470615,33912,1433120,6531,15778,41193,972193,0.115633,35758,998787,0.118796,49075,1970980,0.23443,8407551
2,2021-03-11,92033,3011546,42489,1513104,41210,1474330,8334,24112,48427,987018,0.117397,43349,1042136,0.123952,58174,2029154,0.241349,8407551
2,2021-03-12,92937,3104483,38418,1551522,42553,1516883,11966,36078,46743,1001203,0.119084,46001,1088137,0.129424,60186,2089340,0.248508,8407551
2,2021-03-13,68232,3172715,28781,1580303,31550,1548433,7901,43979,37768,1017852,0.121064,30354,1118491,0.133034,47003,2136343,0.254098,8407551
2,2021-03-14,36502,3209217,18231,1598534,13756,1562189,4515,48494,18720,1024148,0.121813,17700,1136191,0.135139,23996,2160339,0.256952,8407551
2,2021-03-15,66763,3275980,30209,1628743,31569,1593758,4985,53479,37120,1037893,0.123448,29466,1165657,0.138644,43211,2203550,0.262092,8407551
2,2021-03-16,85659,3361639,37924,1666667,43758,1637516,3977,57456,52309,1062110,0.126328,33201,1198858,0.142593,57418,2260968,0.268921,8407551
2,2021-03-17,91691,3453330,43970,1710637,43600,1681116,4121,61577,58563,1092731,0.12997,32913,1231771,0.146508,63534,2324502,0.276478,8407551
2,2021-03-18,96946,3550276,46307,1756944,46177,1727293,4462,66039,59833,1120739,0.133301,36852,1268623,0.150891,64860,2389362,0.284192,8407551
2,2021-03-19,96686,3646962,45712,1802656,44871,1772164,6103,72142,58070,1147064,0.136433,38364,1306987,0.155454,64689,2454051,0.291887,8407551
2,2021-03-20,69255,3716217,33536,1836192,31811,1803975,3908,76050,45764,1173796,0.139612,23293,1330280,0.158224,50025,2504076,0.297837,8407551
2,2021-03-21,32931,3749148,21309,1857501,9653,1813628,1969,78019,20808,1184972,0.140941,12023,1342303,0.159654,23199,2527275,0.300596,8407551
2,2021-03-22,62190,3811338,34176,1891677,25379,1839007,2635,80654,41716,1209931,0.14391,20282,1362585,0.162067,45241,2572516,0.305977,8407551
2,2021-03-23,82980,3894318,44083,1935760,36010,1875017,2887,83541,52348,1235609,0.146964,30395,1392980,0.165682,56073,2628589,0.312646,8407551
2,2021-03-24,90894,3985212,49052,1984812,38705,1913722,3137,86678,54007,1256968,0.149505,36608,1429588,0.170036,57967,2686556,0.319541,8407551
2,2021-03-25,100553,4085765,50758,2035570,45921,1959643,3874,90552,57499,1276346,0.151809,42764,1472352,0.175123,62142,2748698,0.326932,8407551
2,2021-03-26,102637,4188402,51095,2086665,48079,2007722,3463,94015,56718,1291989,0.15367,45595,1517947,0.180546,61238,2809936,0.334216,8407551
2,2021-03-27,74873,4263275,37442,2124107,34132,2041854,3299,97314,37999,1297492,0.154325,36662,1554609,0.184906,42165,2852101,0.339231,8407551
2,2021-03-28,37392,4300667,23103,2147210,13487,2055341,802,98116,20431,1302604,0.154933,16852,1571461,0.186911,21964,2874065,0.341843,8407551
2,2021-03-29,70737,4371404,36142,2183352,32347,2087688,2248,100364,40693,1316559,0.156592,29886,1601347,0.190465,43841,2917906,0.347058,8407551
2,2021-03-30,91338,4462742,44822,2228174,42187,2129875,4329,104693,51672,1333689,0.15863,39486,1640833,0.195162,56616,2974522,0.353792,8407551
2,2021-03-31,100688,4563430,51994,2280168,43614,2173489,5080,109773,57817,1354328,0.161085,42618,1683451,0.200231,63257,3037779,0.361316,8407551
2,2021-04-01,116688,4680118,56471,2336639,51109,2224598,9108,118881,64030,1375586,0.163613,52352,1735803,0.206458,73610,3111389,0.370071,8407551
2,2021-04-02,111030,4791148,51293,2387932,49649,2274247,10088,128969,60114,1395719,0.166008,50593,1786396,0.212475,70726,3182115,0.378483,8407551
2,2021-04-03,76249,4867397,37383,2425315,29116,2303363,9750,138719,37976,1405757,0.167202,38096,1824492,0.217006,48134,3230249,0.384208,8407551
2,2021-04-04,28953,4896350,14880,2440195,10237,2313600,3836,142555,13112,1406987,0.167348,15762,1840254,0.218881,16992,3247241,0.386229,8407551
2,2021-04-05,78556,4974906,38604,2478799,31288,2344888,8664,151219,38404,1414848,0.168283,40014,1880268,0.22364,47875,3295116,0.391923,8407551
2,2021-04-06,103212,5078118,50271,2529070,38299,2383187,14642,165861,49209,1425405,0.169539,53776,1934044,0.230037,64333,3359449,0.399575,8407551
2,2021-04-07,109649,5187767,54804,2583874,38734,2421921,16111,181972,51949,1436428,0.17085,57449,1991493,0.23687,68472,3427921,0.407719,8407551
2,2021-04-08,118483,5306250,57076,2640950,42844,2464765,18563,200535,55212,1448065,0.172234,62997,2054490,0.244362,74634,3502555,0.416596,8407551
2,2021-04-09,117911,5424161,56840,2697790,43136,2507901,17935,218470,55987,1461561,0.173839,61617,2116107,0.251691,75113,3577668,0.42553,8407551
2,2021-04-10,86480,5510641,37454,2735244,30827,2538728,18199,236669,35879,1466095,0.174378,50377,2166484,0.257683,54911,3632579,0.432061,8407551
2,2021-04-11,44022,5554663,22791,2758035,12719,2551447,8512,245181,17966,1467433,0.174538,25935,2192419,0.260768,27273,3659852,0.435305,8407551
2,2021-04-12,78913,5633576,36768,2794803,32875,2584322,9270,254451,35391,1469796,0.174819,43293,2235712,0.265917,45656,3705508,0.440736,8407551
2,2021-04-13,100649,5734225,52174,2846977,48221,2632543,254,254705,55251,1481002,0.176151,45189,2280901,0.271292,56395,3761903,0.447443,8407551
2,2021-04-14,105163,5839388,55182,2902159,49931,2682474,50,254755,54126,1485805,0.176723,50794,2331695,0.277333,55597,3817500,0.454056,8407551
2,2021-04-15,111755,5951143,59545,2961704,52144,2734618,66,254821,58792,1493069,0.177587,52631,2384326,0.283593,59895,3877395,0.46118,8407551
2,2021-04-16,109040,6060183,56695,3018399,52295,2786913,50,254871,55556,1496297,0.177971,53207,2437533,0.289922,56435,3933830,0.467892,8407551
2,2021-04-17,81796,6141979,41555,3059954,40227,2827140,14,254885,46006,1507582,0.179313,35587,2473120,0.294155,46872,3980702,0.473467,8407551
2,2021-04-18,33935,6175914,20295,3080249,13635,2840775,5,254890,16229,1507180,0.179265,17599,2490719,0.296248,17197,3997899,0.475513,8407551
2,2021-04-19,73494,6249408,39663,3119912,33819,2874594,12,254902,33698,1501928,0.17864,39573,2530292,0.300955,34321,4032220,0.479595,8407551
2,2021-04-20,94802,6344210,47357,3167269,47420,2922014,25,254927,46273,1500707,0.178495,48244,2578536,0.306693,47023,4079243,0.485188,8407551
2,2021-04-21,98969,6443179,52638,3219907,46277,2968291,54,254981,46918,1496839,0.178035,51711,2630247,0.312843,47843,4127086,0.490878,8407551
2,2021-04-22,105296,6548475,53935,3273842,51341,3019632,20,255001,46256,1485272,0.176659,58711,2688958,0.319827,47144,4174230,0.496486,8407551
2,2021-04-23,104569,6653044,55153,3328995,49399,3069031,17,255018,48401,1478780,0.175887,55810,2744768,0.326465,49318,4223548,0.502352,8407551
2,2021-04-24,79086,6732130,46838,3375833,32210,3101241,38,255056,41377,1483692,0.176471,37418,2782186,0.330915,42330,4265878,0.507387,8407551
2,2021-04-25,36019,6768149,22327,3398160,13678,3114919,14,255070,19731,1487718,0.17695,16173,2798359,0.332839,20199,4286077,0.509789,8407551
2,2021-04-26,67925,6836074,37855,3436015,29781,3144700,289,255359,31081,1483853,0.176491,36620,2834979,0.337194,32755,4318832,0.513685,8407551
2,2021-04-27,82316,6918390,43359,3479374,37812,3182512,1145,256504,35327,1474779,0.175411,46712,2881691,0.34275,37638,4356470,0.518162,8407551
2,2021-04-28,85069,7003459,45085,3524459,38138,3220650,1846,258350,37273,1467244,0.174515,47536,2929227,0.348404,40001,4396471,0.522919,8407551
2,2021-04-29,87684,7091143,47262,3571721,38749,3259399,1673,260023,33670,1449453,0.172399,53718,2982945,0.354794,35927,4432398,0.527193,8407551
2,2021-04-30,91787,7182930,50600,3622321,39239,3298638,1948,261971,35534,1431666,0.170283,55901,3038846,0.361442,38114,4470512,0.531726,8407551
2,2021-05-01,60873,7243803,37147,3659468,22185,3320823,1541,263512,23906,1421218,0.169041,36731,3075577,0.365811,26283,4496795,0.534852,8407551
2,2021-05-02,29046,7272849,20138,3679606,7935,3328758,973,264485,11083,1415522,0.168363,17840,3093417,0.367933,12144,4508939,0.536296,8407551
2,2021-05-03,59240,7332089,35173,3714779,22040,3350798,2027,266512,19876,1398535,0.166343,39145,3132562,0.372589,22158,4531097,0.538932,8407551
2,2021-05-04,77572,7409661,45998,3760777,29225,3380023,2349,268861,25297,1374576,0.163493,51993,3184555,0.378773,28034,4559131,0.542266,8407551
2,2021-05-05,77729,7487390,45992,3806769,29415,3409438,2322,271183,24349,1348512,0.160393,53071,3237626,0.385086,27007,4586138,0.545478,8407551
2,2021-05-06,80091,7567481,48140,3854909,29076,3438514,2875,274058,24588,1321490,0.157179,55112,3292738,0.391641,28090,4614228,0.54882,8407551
2,2021-05-07,81085,7648566,46635,3901544,32043,3470557,2407,276465,25082,1293723,0.153876,55701,3348439,0.398266,27934,4642162,0.552142,8407551
2,2021-05-08,52917,7701483,31980,3933524,19288,3489845,1649,278114,16636,1276663,0.151847,36045,3384484,0.402553,18985,4661147,0.5544,8407551
2,2021-05-09,21173,7722656,15152,3948676,5280,3495125,741,278855,6350,1269270,0.150968,14702,3399186,0.404302,7309,4668456,0.555269,8407551
2,2021-05-10,48553,7771209,26301,3974977,20430,3515555,1822,280677,13909,1251166,0.148815,34428,3433614,0.408396,16324,4684780,0.557211,8407551
2,2021-05-11,62045,7833254,32874,4007851,27189,3542744,1982,282659,18726,1229452,0.146232,43071,3476685,0.413519,21357,4706137,0.559751,8407551
2,2021-05-12,60455,7893709,31802,4039653,26637,3569381,2016,284675,18105,1207823,0.143659,42110,3518795,0.418528,20481,4726618,0.562187,8407551
2,2021-05-13,64308,7958017,37240,4076893,25217,3594598,1851,286526,23522,1193329,0.141935,40545,3559340,0.42335,26051,4752669,0.565286,8407551
2,2021-05-14,76924,8034941,45974,4122867,28776,3623374,2174,288700,29980,1179488,0.140289,46637,3605977,0.428897,32796,4785465,0.569187,8407551
2,2021-05-15,64344,8099285,42292,4165159,20395,3643769,1657,290357,24919,1167230,0.138831,39206,3645183,0.433561,26948,4812413,0.572392,8407551
2,2021-05-16,30274,8129559,22474,4187633,6880,3650649,920,291277,12330,1162775,0.138301,17832,3663015,0.435682,13377,4825790,0.573983,8407551
2,2021-05-17,56973,8186532,36177,4223810,18886,3669535,1910,293187,23816,1155916,0.137485,32969,3695984,0.439603,26110,4851900,0.577088,8407551
2,2021-05-18,68808,8255340,40282,4264092,26581,3696116,1945,295132,28759,1147351,0.136467,39801,3735785,0.444337,31236,4883136,0.580804,8407551
2,2021-05-19,67574,8322914,40118,4304210,25505,3721621,1951,297083,28102,1138665,0.135434,39197,3774982,0.448999,30511,4913647,0.584433,8407551
2,2021-05-20,58408,8381322,33608,4337818,22840,3744461,1960,299043,23122,1129205,0.134308,35054,3810036,0.453168,25594,4939241,0.587477,8407551
2,2021-05-21,61365,8442687,36136,4373954,23281,3767742,1948,300991,24509,1119502,0.133154,36616,3846652,0.457523,26913,4966154,0.590678,8407551
2,2021-05-22,43809,8486496,27958,4401912,14267,3782009,1584,302575,18920,1115711,0.132703,24738,3871390,0.460466,20947,4987101,0.593169,8407551
2,2021-05-23,16858,8503354,12328,4414240,3933,3785942,597,303172,7708,1115015,0.132621,9081,3880471,0.461546,8385,4995486,0.594167,8407551
2,2021-05-24,42914,8546268,24131,4438371,17047,3802989,1736,304908,16988,1108352,0.131828,25726,3906197,0.464606,19063,5014549,0.596434,8407551
2,2021-05-25,49688,8595956,29168,4467539,18701,3821690,1819,306727,19635,1100555,0.130901,29782,3935979,0.468148,21985,5036534,0.599049,8407551
2,2021-05-26,47162,8643118,26638,4494177,18953,3840643,1571,308298,19129,1093811,0.130099,27758,3963737,0.47145,21014,5057548,0.601548,8407551
2,2021-05-27,45137,8688255,25651,4519828,17853,3858496,1633,309931,18621,1088215,0.129433,26318,3990055,0.47458,20722,5078270,0.604013,8407551
2,2021-05-28,48046,8736301,26728,4546556,19416,3877912,1902,311833,20310,1083313,0.12885,27517,4017572,0.477853,22615,5100885,0.606703,8407551
2,2021-05-29,27641,8763942,16680,4563236,9963,3887875,998,312831,12861,1082673,0.128774,14650,4032222,0.479595,14010,5114895,0.608369,8407551
2,2021-05-30,12295,8776237,7966,4571202,3609,3891484,720,313551,5524,1082250,0.128724,6729,4038951,0.480396,6306,5121201,0.609119,8407551
2,2021-05-31,5759,8781996,3397,4574599,2072,3893556,290,313841,1841,1080539,0.12852,3888,4042839,0.480858,2177,5123378,0.609378,8407551
2,2021-06-01,23986,8805982,14255,4588854,8759,3902315,972,314813,7369,1072652,0.127582,16455,4059294,0.482815,8568,5131946,0.610397,8407551
3,2020-12-15,304,304,304,304,0,0,0,0,304,304,3.7e-05,0,0,0.0,304,304,3.7e-05,8129050
3,2020-12-16,2311,2615,2311,2615,0,0,0,0,2312,2616,0.000322,0,0,0.0,2312,2616,0.000322,8129050
3,2020-12-17,7661,10276,7661,10276,0,0,0,0,7661,10277,0.001264,0,0,0.0,7661,10277,0.001264,8129050
3,2020-12-18,13099,23375,13086,23362,13,13,0,0,13098,23375,0.002875,0,0,0.0,13098,23375,0.002875,8129050
3,2020-12-19,7191,30566,7180,30542,11,24,0,0,7255,30630,0.003768,0,0,0.0,7255,30630,0.003768,8129050
3,2020-12-20,5638,36204,5631,36173,7,31,0,0,5685,36314,0.004467,1,1,0.0,5685,36315,0.004467,8129050
3,2020-12-21,14333,50537,14308,50481,25,56,0,0,14396,50709,0.006238,1,2,0.0,14396,50711,0.006238,8129050
3,2020-12-22,14760,65297,14185,64666,575,631,0,0,14799,65508,0.008059,0,2,0.0,14799,65510,0.008059,8129050
3,2020-12-23,14793,80090,12194,76860,2599,3230,0,0,14819,80327,0.009881,1,3,0.0,14820,80330,0.009882,8129050
3,2020-12-24,6791,86881,4875,81735,1916,5146,0,0,6789,87115,0.010717,1,4,0.0,6789,87119,0.010717,8129050
3,2020-12-25,725,87606,669,82404,56,5202,0,0,724,87839,0.010806,0,4,0.0,724,87843,0.010806,8129050
3,2020-12-26,4617,92223,2992,85396,1625,6827,0,0,4615,92454,0.011373,0,4,0.0,4615,92458,0.011374,8129050
3,2020-12-27,2964,95187,1841,87237,1123,7950,0,0,2965,95419,0.011738,0,4,0.0,2965,95423,0.011739,8129050
3,2020-12-28,13544,108731,8663,95900,4881,12831,0,0,13572,108990,0.013407,1,5,1e-06,13572,108995,0.013408,8129050
3,2020-12-29,14917,123648,8419,104319,6498,19329,0,0,14944,123932,0.015246,2,7,1e-06,14944,123939,0.015246,8129050
3,2020-12-30,17948,141596,9986,114305,7962,27291,0,0,17935,141867,0.017452,1,8,1e-06,17936,141875,0.017453,8129050
3,2020-12-31,8379,149975,3215,117520,5164,32455,0,0,8378,150244,0.018482,1,9,1e-06,8378,150253,0.018483,8129050
3,2021-01-01,1228,151203,563,118083,665,33120,0,0,1225,151469,0.018633,0,9,1e-06,1225,151478,0.018634,8129050
3,2021-01-02,4939,156142,2463,120546,2476,35596,0,0,4939,156408,0.019241,0,9,1e-06,4939,156417,0.019242,8129050
3,2021-01-03,1599,157741,882,121428,717,36313,0,0,1590,157994,0.019436,4,13,2e-06,1590,158007,0.019437,8129050
3,2021-01-04,11963,169704,6011,127439,5952,42265,0,0,11936,169923,0.020903,7,20,2e-06,11936,169943,0.020906,8129050
3,2021-01-05,15617,185321,8160,135599,7457,49722,0,0,14016,182376,0.022435,1588,1608,0.000198,14041,183984,0.022633,8129050
3,2021-01-06,20476,205797,10836,146435,9640,59362,0,0,16061,194069,0.023874,4375,5983,0.000736,16068,200052,0.02461,8129050
3,2021-01-07,26388,232185,15101,161536,11287,70649,0,0,17175,202074,0.024858,9184,15167,0.001866,17189,217241,0.026724,8129050
3,2021-01-08,30301,262486,18520,180056,11781,82430,0,0,18106,208029,0.025591,12174,27341,0.003363,18129,235370,0.028954,8129050
3,2021-01-09,12325,274811,6990,187046,5335,87765,0,0,7837,211392,0.026005,4482,31823,0.003915,7845,243215,0.029919,8129050
3,2021-01-10,7161,281972,4517,191563,2644,90409,0,0,4022,212281,0.026114,3137,34960,0.004301,4026,247241,0.030415,8129050
3,2021-01-11,28879,310851,18917,210480,9962,100371,0,0,16318,216087,0.026582,12555,47515,0.005845,16361,263602,0.032427,8129050
3,2021-01-12,32166,343017,19265,229745,12901,113272,0,0,19769,223561,0.027501,12381,59896,0.007368,19855,283457,0.03487,8129050
3,2021-01-13,34290,377307,17930,247675,16360,129632,0,0,24189,237666,0.029237,10102,69998,0.008611,24207,307664,0.037847,8129050
3,2021-01-14,34453,411760,14173,261848,20280,149912,0,0,28582,260443,0.032039,5839,75837,0.009329,28616,336280,0.041368,8129050
3,2021-01-15,38636,450396,14356,276204,24280,174192,0,0,34028,289936,0.035667,4599,80436,0.009895,34092,370372,0.045562,8129050
3,2021-01-16,21715,472111,7578,283782,14137,188329,0,0,19406,307068,0.037774,2295,82731,0.010177,19427,389799,0.047951,8129050
3,2021-01-17,13051,485162,4402,288184,8649,196978,0,0,12027,318091,0.03913,1023,83754,0.010303,12046,401845,0.049433,8129050
3,2021-01-18,24630,509792,12855,301039,11775,208753,0,0,19102,331688,0.040803,5546,89300,0.010985,19143,420988,0.051788,8129050
3,2021-01-19,40785,550577,20840,321879,19945,228698,0,0,31753,354515,0.043611,9006,98306,0.012093,31833,452821,0.055704,8129050
3,2021-01-20,44856,595433,22074,343953,22782,251480,0,0,35582,380944,0.046862,9230,107536,0.013229,35659,488480,0.060091,8129050
3,2021-01-21,47430,642863,20538,364491,26892,278372,0,0,42012,417674,0.05138,5346,112882,0.013886,42076,530556,0.065267,8129050
3,2021-01-22,49372,692235,19691,384182,29681,308053,0,0,45257,458872,0.056448,4121,117003,0.014393,45319,575875,0.070842,8129050
3,2021-01-23,30037,722272,12740,396922,17297,325350,0,0,26778,482449,0.059349,3249,120252,0.014793,26826,602701,0.074142,8129050
3,2021-01-24,17615,739887,8484,405406,9131,334481,0,0,16467,497799,0.061237,1146,121398,0.014934,16496,619197,0.076171,8129050
3,2021-01-25,40563,780450,18127,423533,22436,356917,0,0,30676,518689,0.063807,9869,131267,0.016148,30759,649956,0.079955,8129050
3,2021-01-26,46754,827204,22382,445915,24372,381289,0,0,36761,545568,0.067113,9983,141250,0.017376,36862,686818,0.084489,8129050
3,2021-01-27,50978,878182,24326,470241,26652,407941,0,0,40487,575707,0.070821,10424,151674,0.018658,40563,727381,0.089479,8129050
3,2021-01-28,51371,929553,23857,494098,27514,435455,0,0,42530,609527,0.074981,8760,160434,0.019736,42580,769961,0.094717,8129050
3,2021-01-29,50403,979956,24282,518380,26121,461576,0,0,40887,641130,0.078869,9330,169764,0.020884,40933,810894,0.099753,8129050
3,2021-01-30,36820,1016776,17564,535944,19256,480832,0,0,32137,668716,0.082263,4631,174395,0.021453,32217,843111,0.103716,8129050
3,2021-01-31,22032,1038808,12638,548582,9394,490226,0,0,20702,688114,0.084649,1320,175715,0.021616,20718,863829,0.106264,8129050
3,2021-02-01,45513,1084321,20829,569411,24684,514910,0,0,34812,712307,0.087625,10653,186368,0.022926,34846,898675,0.110551,8129050
3,2021-02-02,53810,1138131,22405,591816,31405,546315,0,0,41498,741627,0.091232,12227,198595,0.02443,41547,940222,0.115662,8129050
3,2021-02-03,59693,1197824,26637,618453,33056,579371,0,0,44408,770981,0.094843,15127,213722,0.026291,44481,984703,0.121134,8129050
3,2021-02-04,63971,1261795,27808,646261,36163,615534,0,0,46976,801254,0.098567,16808,230530,0.028359,47081,1031784,0.126926,8129050
3,2021-02-05,69762,1331557,29684,675945,40078,655612,0,0,48274,828415,0.101908,21273,251803,0.030976,48434,1080218,0.132884,8129050
3,2021-02-06,43440,1374997,21136,697081,22304,677916,0,0,33746,852678,0.104893,9664,261467,0.032165,33927,1114145,0.137057,8129050
3,2021-02-07,19449,1394446,12324,709405,7125,685041,0,0,14981,863330,0.106203,4456,265923,0.032713,15108,1129253,0.138916,8129050
3,2021-02-08,50843,1445289,24544,733949,26299,711340,0,0,33380,879538,0.108197,17357,283280,0.034848,33565,1162818,0.143045,8129050
3,2021-02-09,58167,1503456,28325,762274,29842,741182,0,0,34179,890242,0.109514,23819,307099,0.037778,34523,1197341,0.147292,8129050
3,2021-02-10,67468,1570924,31380,793654,36088,777270,0,0,36630,896785,0.110319,30614,337713,0.041544,37157,1234498,0.151863,8129050
3,2021-02-11,70153,1641077,34633,828287,35520,812790,0,0,37623,902748,0.111052,32191,369904,0.045504,38154,1272652,0.156556,8129050
3,2021-02-12,74845,1715922,32427,860714,42418,855208,0,0,41445,911842,0.112171,33115,403019,0.049578,42209,1314861,0.161748,8129050
3,2021-02-13,44589,1760511,20261,880975,24328,879536,0,0,25771,919471,0.113109,18722,421741,0.051881,26351,1341212,0.16499,8129050
3,2021-02-14,27079,1787590,13509,894484,13570,893106,0,0,15129,923144,0.113561,11904,433645,0.053345,15577,1356789,0.166906,8129050
3,2021-02-15,39762,1827352,17127,911611,22635,915741,0,0,22069,928537,0.114225,17610,451255,0.055511,23003,1379792,0.169736,8129050
3,2021-02-16,69478,1896830,32866,944477,36612,952353,0,0,36214,932643,0.11473,33133,484388,0.059587,37239,1417031,0.174317,8129050
3,2021-02-17,71218,1968048,36031,980508,35187,987540,0,0,33988,930681,0.114488,37020,521408,0.064141,35058,1452089,0.17863,8129050
3,2021-02-18,76259,2044307,39820,1020328,36439,1023979,0,0,35415,926734,0.114003,40704,562112,0.069149,36757,1488846,0.183151,8129050
3,2021-02-19,67982,2112289,39191,1059519,28791,1052770,0,0,34453,928445,0.114213,33432,595544,0.073261,35143,1523989,0.187474,8129050
3,2021-02-20,41590,2153879,26357,1085876,15233,1068003,0,0,22070,931574,0.114598,19433,614977,0.075652,22562,1546551,0.19025,8129050
3,2021-02-21,22429,2176308,18665,1104541,3764,1071767,0,0,10727,931052,0.114534,11639,626616,0.077084,11117,1557668,0.191617,8129050
3,2021-02-22,44895,2221203,29272,1133813,15623,1087390,0,0,21284,929287,0.114317,23536,650152,0.079979,21771,1579439,0.194296,8129050
3,2021-02-23,60354,2281557,32981,1166794,27373,1114763,0,0,26702,924458,0.113723,33511,683663,0.084101,28682,1608121,0.197824,8129050
3,2021-02-24,76257,2357814,37327,1204121,38930,1153693,0,0,34053,918971,0.113048,42046,725709,0.089274,36559,1644680,0.202321,8129050
3,2021-02-25,85219,2443033,41409,1245530,43810,1197503,0,0,42685,921928,0.113412,42312,768021,0.094479,45269,1689949,0.20789,8129050
3,2021-02-26,95588,2538621,43557,1289087,52031,1249534,0,0,50827,930514,0.114468,44438,812459,0.099945,53024,1742973,0.214413,8129050
3,2021-02-27,67625,2606246,31138,1320225,36484,1286018,3,3,35919,936210,0.115168,31528,843987,0.103824,37224,1780197,0.218992,8129050
3,2021-02-28,37667,2643913,21894,1342119,15772,1301790,1,4,19537,938713,0.115476,17984,861971,0.106036,20487,1800684,0.221512,8129050
3,2021-03-01,65928,2709841,35068,1377187,30841,1332631,19,23,36901,948095,0.11663,28868,890839,0.109587,38250,1838934,0.226218,8129050
3,2021-03-02,77521,2787362,38403,1415590,39114,1371745,4,27,45497,963752,0.118557,31906,922745,0.113512,47563,1886497,0.232069,8129050
3,2021-03-03,87892,2875254,42014,1457604,45863,1417608,15,42,49166,976645,0.120143,38554,961299,0.118255,51447,1937944,0.238397,8129050
3,2021-03-04,92428,2967682,45458,1503062,46955,1464563,15,57,52670,992031,0.122035,39569,1000868,0.123122,54955,1992899,0.245158,8129050
3,2021-03-05,88942,3056624,43758,1546820,44894,1509457,290,347,54440,1014694,0.124823,34289,1035157,0.12734,56952,2049851,0.252164,8129050
3,2021-03-06,64796,3121420,32804,1579624,29846,1539303,2146,2493,37264,1028177,0.126482,27402,1062559,0.130711,40885,2090736,0.257193,8129050
3,2021-03-07,37307,3158727,22289,1601913,13885,1553188,1133,3626,21530,1036279,0.127478,15726,1078285,0.132646,23828,2114564,0.260124,8129050
3,2021-03-08,58566,3217293,28011,1629924,27719,1580907,2836,6462,37252,1056740,0.129996,21183,1099468,0.135252,41644,2156208,0.265247,8129050
3,2021-03-09,76070,3293363,35360,1665284,36366,1617273,4344,10806,41154,1068613,0.131456,34805,1134273,0.139533,46678,2202886,0.270989,8129050
3,2021-03-10,82191,3375554,41188,1706472,34954,1652227,6049,16855,43114,1080283,0.132892,38899,1173172,0.144318,50569,2253455,0.27721,8129050
3,2021-03-11,96240,3471794,47061,1753533,40650,1692877,8529,25384,47411,1088731,0.133931,48602,1221774,0.150297,57050,2310505,0.284228,8129050
3,2021-03-12,101405,3573199,45309,1798842,44248,1737125,11848,37232,46768,1094112,0.134593,54453,1276227,0.156996,59834,2370339,0.291589,8129050
3,2021-03-13,69449,3642648,29577,1828419,32670,1769795,7202,44434,36643,1106678,0.136139,32702,1308929,0.161019,45268,2415607,0.297157,8129050
3,2021-03-14,40695,3683343,21516,1849935,15632,1785427,3547,47981,20905,1112043,0.136799,19729,1328658,0.163446,25094,2440701,0.300244,8129050
3,2021-03-15,75038,3758381,35676,1885611,34838,1820265,4524,52505,39807,1122322,0.138063,35061,1363719,0.167759,45340,2486041,0.305822,8129050
3,2021-03-16,94433,3852814,43566,1929177,46571,1866836,4296,56801,53517,1140335,0.140279,40727,1404446,0.172769,58740,2544781,0.313048,8129050
3,2021-03-17,97213,3950027,47232,1976409,45526,1912362,4455,61256,59506,1167467,0.143617,37506,1441952,0.177383,64638,2609419,0.320999,8129050
3,2021-03-18,102309,4052336,52036,2028445,45872,1958234,4401,65657,59594,1189530,0.146331,42485,1484437,0.182609,64548,2673967,0.32894,8129050
3,2021-03-19,102345,4154681,54886,2083331,43044,2001278,4415,70072,58057,1208496,0.148664,44052,1528489,0.188028,63018,2736985,0.336692,8129050
3,2021-03-20,71119,4225800,36779,2120110,30754,2032032,3586,73658,44455,1230539,0.151375,26499,1554988,0.191288,48542,2785527,0.342663,8129050
3,2021-03-21,35777,4261577,24412,2144522,9874,2041906,1491,75149,23124,1243048,0.152914,12577,1567565,0.192835,25086,2810613,0.345749,8129050
3,2021-03-22,69844,4331421,41073,2185595,26268,2068174,2503,77652,45288,1267487,0.155921,24365,1591930,0.195832,48804,2859417,0.351753,8129050
3,2021-03-23,89036,4420457,49178,2234773,37344,2105518,2514,80166,55156,1292214,0.158962,33651,1625581,0.199972,58378,2917795,0.358934,8129050
3,2021-03-24,98088,4518545,56557,2291330,38670,2144188,2861,83027,56665,1311235,0.161302,41114,1666695,0.205029,60135,2977930,0.366332,8129050
3,2021-03-25,106651,4625196,59418,2350748,44314,2188502,2919,85946,60805,1330058,0.163618,45554,1712249,0.210633,64377,3042307,0.374251,8129050
3,2021-03-26,109842,4735038,59065,2409813,47529,2236031,3248,89194,57514,1339621,0.164794,52050,1764299,0.217036,61613,3103920,0.381831,8129050
3,2021-03-27,73866,4808904,37606,2447419,33724,2269755,2536,91730,36431,1342015,0.165089,37249,1801548,0.221619,39643,3143563,0.386707,8129050
3,2021-03-28,43890,4852794,27772,2475191,15312,2285067,806,92536,22736,1345006,0.165457,21053,1822601,0.224208,24044,3167607,0.389665,8129050
3,2021-03-29,80207,4933001,41996,2517187,36372,2321439,1839,94375,44636,1356932,0.166924,35359,1857960,0.228558,47285,3214892,0.395482,8129050
3,2021-03-30,99549,5032550,49007,2566194,46932,2368371,3610,97985,56163,1374147,0.169042,43162,1901122,0.233868,60377,3275269,0.402909,8129050
3,2021-03-31,104533,5137083,56538,2622732,43196,2411567,4799,102784,56462,1387863,0.170729,47895,1949017,0.23976,61611,3336880,0.410488,8129050
3,2021-04-01,122765,5259848,62267,2684999,50878,2462445,9620,112404,66805,1409004,0.173329,55663,2004680,0.246607,76804,3413684,0.419936,8129050
3,2021-04-02,117405,5377253,57405,2742404,49768,2512213,10232,122636,62432,1427486,0.175603,54736,2059416,0.25334,73218,3486902,0.428943,8129050
3,2021-04-03,75798,5453051,38788,2781192,27829,2540042,9181,131817,37942,1437218,0.1768,37737,2097153,0.257983,47469,3534371,0.434783,8129050
3,2021-04-04,32289,5485340,17265,2798457,10844,2550886,4180,135997,14227,1437673,0.176856,17995,2115148,0.260196,18450,3552821,0.437052,8129050
3,2021-04-05,88611,5573951,45069,2843526,34500,2585386,9042,145039,43615,1446382,0.177928,44815,2159963,0.265709,53524,3606345,0.443637,8129050
3,2021-04-06,112686,5686637,54930,2898456,42682,2628068,15074,160113,53281,1456367,0.179156,59168,2219131,0.272988,69153,3675498,0.452144,8129050
3,2021-04-07,115571,5802208,60073,2958529,39324,2667392,16174,176287,56236,1470025,0.180836,59126,2278257,0.280261,72784,3748282,0.461097,8129050
3,2021-04-08,120708,5922916,60388,3018917,40377,2707769,19943,196230,56293,1483036,0.182437,64163,2342420,0.288154,77174,3825456,0.470591,8129050
3,2021-04-09,117602,6040518,58782,3077699,39804,2747573,19016,215246,51870,1489500,0.183232,65531,2407951,0.296216,71995,3897451,0.479447,8129050
3,2021-04-10,83208,6123726,37813,3115512,30268,2777841,15127,230373,34073,1490668,0.183375,48991,2456942,0.302242,50159,3947610,0.485618,8129050
3,2021-04-11,44768,6168494,24074,3139586,12737,2790578,7957,238330,17060,1488961,0.183165,27629,2484571,0.305641,25922,3973532,0.488806,8129050
3,2021-04-12,83027,6251521,42024,3181610,32379,2822957,8624,246954,37908,1491637,0.183495,44935,2529506,0.311169,47611,4021143,0.494663,8129050
3,2021-04-13,104338,6355859,56588,3238198,47543,2870500,207,247161,55262,1499092,0.184412,48891,2578397,0.317183,56346,4077489,0.501595,8129050
3,2021-04-14,106049,6461908,58065,3296263,47891,2918391,93,247254,53159,1501123,0.184662,52646,2631043,0.323659,54677,4132166,0.508321,8129050
3,2021-04-15,117910,6579818,66452,3362715,51401,2969792,57,247311,63545,1511388,0.185924,54122,2685165,0.330317,64387,4196553,0.516242,8129050
3,2021-04-16,113852,6693670,63923,3426638,49839,3019631,90,247401,59640,1517802,0.186713,53969,2739134,0.336956,60383,4256936,0.52367,8129050
3,2021-04-17,77986,6771656,42564,3469202,35411,3055042,11,247412,43536,1528017,0.18797,34283,2773417,0.341174,44498,4301434,0.529144,8129050
3,2021-04-18,36899,6808555,21870,3491072,15026,3070068,3,247415,17367,1526794,0.187819,19452,2792869,0.343566,18229,4319663,0.531386,8129050
3,2021-04-19,77999,6886554,43676,3534748,34272,3104340,51,247466,35300,1520112,0.186997,42564,2835433,0.348803,35882,4355545,0.5358,8129050
3,2021-04-20,97864,6984418,50755,3585503,47096,3151436,13,247479,47749,1518998,0.18686,49918,2885351,0.354943,48804,4404349,0.541804,8129050
3,2021-04-21,100926,7085344,55701,3641204,45161,3196597,64,247543,47798,1514972,0.186365,52851,2938202,0.361445,48825,4453174,0.54781,8129050
3,2021-04-22,108691,7194035,60658,3701862,48012,3244609,21,247564,46937,1501385,0.184694,61483,2999685,0.369008,47896,4501070,0.553702,8129050
3,2021-04-23,103120,7297155,58483,3760345,44614,3289223,23,247587,45212,1489998,0.183293,57613,3057298,0.376095,46226,4547296,0.559388,8129050
3,2021-04-24,72843,7369998,45206,3805551,27579,3316802,58,247645,35574,1489560,0.183239,37034,3094332,0.380651,36596,4583892,0.56389,8129050
3,2021-04-25,36200,7406198,23377,3828928,12808,3329610,15,247660,18707,1491286,0.183451,17381,3111713,0.382789,19107,4602999,0.566241,8129050
3,2021-04-26,67429,7473627,38004,3866932,29044,3358654,381,248041,28741,1483206,0.182457,38487,3150200,0.387524,30407,4633406,0.569981,8129050
3,2021-04-27,84774,7558401,44456,3911388,38902,3397556,1416,249457,33862,1468559,0.180656,50655,3200855,0.393755,36008,4669414,0.574411,8129050
3,2021-04-28,83791,7642192,47227,3958615,34460,3432016,2104,251561,33986,1455599,0.179061,49573,3250428,0.399853,36613,4706027,0.578915,8129050
3,2021-04-29,85551,7727743,48541,4007156,34838,3466854,2172,253733,29899,1432743,0.17625,55398,3305826,0.406668,32542,4738569,0.582918,8129050
3,2021-04-30,88159,7815902,49542,4056698,36171,3503025,2446,256179,32770,1413253,0.173852,55152,3360978,0.413453,35662,4774231,0.587305,8129050
3,2021-05-01,54446,7870348,34406,4091104,18606,3521631,1434,257613,19633,1400130,0.172238,34666,3395644,0.417717,21543,4795774,0.589955,8129050
3,2021-05-02,26693,7897041,18207,4109311,7475,3529106,1011,258624,9809,1394212,0.17151,16836,3412480,0.419788,10918,4806692,0.591298,8129050
3,2021-05-03,58772,7955813,34542,4143853,21900,3551006,2330,260954,17253,1372614,0.168853,41356,3453836,0.424876,19758,4826450,0.593729,8129050
3,2021-05-04,75428,8031241,43171,4187024,29627,3580633,2630,263584,22063,1344467,0.16539,53115,3506951,0.43141,24968,4851418,0.5968,8129050
3,2021-05-05,76514,8107755,45664,4232688,28196,3608829,2654,266238,21160,1313455,0.161575,55083,3562034,0.438186,24071,4875489,0.599761,8129050
3,2021-05-06,81036,8188791,51093,4283781,27477,3636306,2466,268704,20285,1276386,0.157015,60369,3622403,0.445612,23300,4898789,0.602627,8129050
3,2021-05-07,79979,8268770,49608,4333389,27782,3664088,2589,271293,21440,1242465,0.152843,58239,3680642,0.452776,24318,4923107,0.605619,8129050
3,2021-05-08,50206,8318976,30991,4364380,17585,3681673,1630,272923,13443,1221326,0.150242,36465,3717107,0.457262,15326,4938433,0.607504,8129050
3,2021-05-09,20351,8339327,14721,4379101,4843,3686516,787,273710,5608,1213164,0.149238,14622,3731729,0.459061,6460,4944893,0.608299,8129050
3,2021-05-10,46664,8385991,24868,4403969,19915,3706431,1881,275591,11087,1191004,0.146512,35381,3767110,0.463413,13221,4958114,0.609925,8129050
3,2021-05-11,59977,8445968,32922,4436891,25010,3731441,2045,277636,15178,1164057,0.143197,44603,3811713,0.4689,17656,4975770,0.612097,8129050
3,2021-05-12,59658,8505626,33842,4470733,23652,3755093,2164,279800,15692,1138423,0.140044,43758,3855471,0.474283,18124,4993894,0.614327,8129050
3,2021-05-13,67986,8573612,42599,4513332,23606,3778699,1781,281581,24673,1122365,0.138068,43083,3898554,0.479583,27025,5020919,0.617651,8129050
3,2021-05-14,77938,8651550,49297,4562629,26545,3805244,2096,283677,30770,1108898,0.136412,46923,3945477,0.485355,33456,5054375,0.621767,8129050
3,2021-05-15,60552,8712102,41703,4604332,17662,3822906,1187,284864,25088,1100090,0.135328,35293,3980770,0.489697,26485,5080860,0.625025,8129050
3,2021-05-16,31357,8743459,23456,4627788,7218,3830124,683,285547,12636,1094855,0.134684,18629,3999399,0.491988,13394,5094254,0.626673,8129050
3,2021-05-17,56043,8799502,35783,4663571,18463,3848587,1797,287344,22052,1085170,0.133493,33751,4033150,0.49614,24066,5118320,0.629633,8129050
3,2021-05-18,63183,8862685,37501,4701072,23859,3872446,1823,289167,25108,1074647,0.132198,37832,4070982,0.500794,27309,5145629,0.632993,8129050
3,2021-05-19,62381,8925066,38134,4739206,22544,3894990,1703,290870,25698,1065849,0.131116,36457,4107439,0.505279,27659,5173288,0.636395,8129050
3,2021-05-20,51140,8976206,30104,4769310,19437,3914427,1599,292469,19414,1055636,0.12986,31505,4138944,0.509155,21292,5194580,0.639014,8129050
3,2021-05-21,54834,9031040,33508,4802818,19510,3933937,1816,294285,20230,1043535,0.128371,34372,4173316,0.513383,22271,5216851,0.641754,8129050
3,2021-05-22,36503,9067543,24545,4827363,10694,3944631,1264,295549,15871,1040349,0.127979,20493,4193809,0.515904,17307,5234158,0.643883,8129050
3,2021-05-23,14421,9081964,10821,4838184,3096,3947727,504,296053,6679,1039899,0.127924,7687,4201496,0.51685,7237,5241395,0.644773,8129050
3,2021-05-24,38055,9120019,22083,4860267,14280,3962007,1692,297745,14640,1033164,0.127095,23259,4224755,0.519711,16524,5257919,0.646806,8129050
3,2021-05-25,41685,9161704,23498,4883765,16565,3978572,1622,299367,15466,1024469,0.126026,25999,4250754,0.522909,17304,5275223,0.648935,8129050
3,2021-05-26,40476,9202180,22908,4906673,15917,3994489,1651,301018,15666,1017350,0.12515,24559,4275313,0.52593,17440,5292663,0.65108,8129050
3,2021-05-27,38149,9240329,21314,4927987,15169,4009658,1666,302684,15456,1012140,0.124509,22554,4297867,0.528705,17344,5310007,0.653214,8129050
3,2021-05-28,41199,9281528,23359,4951346,16190,4025848,1650,304334,17355,1007748,0.123969,23688,4321555,0.531619,19296,5329303,0.655587,8129050
3,2021-05-29,22434,9303962,13738,4965084,7903,4033751,793,305127,10703,1007730,0.123967,11625,4333180,0.533049,11607,5340910,0.657015,8129050
3,2021-05-30,10181,9314143,6666,4971750,2932,4036683,583,305710,4418,1007070,0.123885,5705,4338885,0.533751,5045,5345955,0.657636,8129050
3,2021-05-31,4401,9318544,2621,4974371,1567,4038250,213,305923,1439,1005803,0.123729,2943,4341828,0.534113,1676,5347631,0.657842,8129050
3,2021-06-01,17909,9336453,10387,4984758,6747,4044997,775,306698,5376,999610,0.122968,12432,4354260,0.535642,6239,5353870,0.65861,8129050
4,2020-12-15,447,447,447,447,0,0,0,0,447,447,5.6e-05,0,0,0.0,447,447,5.6e-05,8037679
4,2020-12-16,2985,3432,2985,3432,0,0,0,0,2985,3432,0.000427,0,0,0.0,2985,3432,0.000427,8037679
4,2020-12-17,8552,11984,8552,11984,0,0,0,0,8552,11984,0.001491,0,0,0.0,8552,11984,0.001491,8037679
4,2020-12-18,15423,27407,15414,27398,9,9,0,0,15423,27407,0.00341,0,0,0.0,15423,27407,0.00341,8037679
4,2020-12-19,10246,37653,10238,37636,8,17,0,0,10181,37588,0.004676,0,0,0.0,10181,37588,0.004676,8037679
4,2020-12-20,7391,45044,7384,45020,7,24,0,0,7346,44934,0.00559,0,0,0.0,7346,44934,0.00559,8037679
4,2020-12-21,16400,61444,16377,61397,23,47,0,0,16334,61268,0.007623,0,0,0.0,16334,61268,0.007623,8037679
4,2020-12-22,17246,78690,16512,77909,734,781,0,0,17202,78470,0.009763,0,0,0.0,17202,78470,0.009763,8037679
4,2020-12-23,17114,95804,14417,92326,2697,3478,0,0,17086,95555,0.011888,1,1,0.0,17086,95556,0.011889,8037679
4,2020-12-24,8614,104418,6028,98354,2586,6064,0,0,8614,104169,0.01296,0,1,0.0,8614,104170,0.01296,8037679
4,2020-12-25,918,105336,813,99167,105,6169,0,0,918,105087,0.013074,0,1,0.0,918,105088,0.013074,8037679
4,2020-12-26,6228,111564,3878,103045,2350,8519,0,0,6228,111315,0.013849,0,1,0.0,6228,111316,0.013849,8037679
4,2020-12-27,3425,114989,1997,105042,1428,9947,0,0,3425,114740,0.014275,0,1,0.0,3425,114741,0.014275,8037679
4,2020-12-28,14980,129969,9257,114299,5723,15670,0,0,14950,129689,0.016135,1,2,0.0,14950,129691,0.016135,8037679
4,2020-12-29,15256,145225,8442,122741,6814,22484,0,0,15223,144912,0.018029,0,2,0.0,15223,144914,0.018029,8037679
4,2020-12-30,18857,164082,11033,133774,7824,30308,0,0,18845,163755,0.020373,2,4,0.0,18845,163759,0.020374,8037679
4,2020-12-31,8198,172280,3320,137094,4878,35186,0,0,8192,171944,0.021392,3,7,1e-06,8192,171951,0.021393,8037679
4,2021-01-01,1322,173602,569,137663,753,35939,0,0,1320,173262,0.021556,2,9,1e-06,1320,173271,0.021557,8037679
4,2021-01-02,5677,179279,3228,140891,2449,38388,0,0,5676,178937,0.022262,1,10,1e-06,5676,178947,0.022264,8037679
4,2021-01-03,2124,181403,1279,142170,845,39233,0,0,2110,181043,0.022524,4,14,2e-06,2110,181057,0.022526,8037679
4,2021-01-04,12971,194374,7086,149256,5885,45118,0,0,12923,193936,0.024128,30,44,5e-06,12923,193980,0.024134,8037679
4,2021-01-05,16807,211181,9997,159253,6810,51928,0,0,14776,206715,0.025718,2008,2052,0.000255,14787,208767,0.025974,8037679
4,2021-01-06,21481,232662,13176,172429,8305,60233,0,0,15617,216533,0.02694,5812,7864,0.000978,15630,224397,0.027918,8037679
4,2021-01-07,27792,260454,16955,189384,10837,71070,0,0,16985,222784,0.027717,10750,18614,0.002316,17001,241398,0.030033,8037679
4,2021-01-08,32655,293109,20950,210334,11705,82775,0,0,18497,227211,0.028268,14089,32703,0.004069,18516,259914,0.032337,8037679
4,2021-01-09,16176,309285,9571,219905,6605,89380,0,0,9428,229925,0.028606,6725,39428,0.004905,9439,269353,0.033511,8037679
4,2021-01-10,8718,318003,5663,225568,3055,92435,0,0,4115,229466,0.028549,4582,44010,0.005475,4123,273476,0.034024,8037679
4,2021-01-11,33300,351303,21827,247395,11473,103908,0,0,18788,233823,0.029091,14470,58480,0.007276,18827,292303,0.036367,8037679
4,2021-01-12,38279,389582,22043,269438,16236,120144,0,0,24254,244141,0.030375,13976,72456,0.009015,24294,316597,0.039389,8037679
4,2021-01-13,38469,428051,18938,288376,19531,139675,0,0,27255,260261,0.03238,11160,83616,0.010403,27280,343877,0.042783,8037679
4,2021-01-14,38985,467036,14898,303274,24087,163762,0,0,31934,285221,0.035485,7003,90619,0.011274,31963,375840,0.04676,8037679
4,2021-01-15,45119,512155,15612,318886,29507,193269,0,0,39605,319389,0.039736,5457,96076,0.011953,39625,415465,0.05169,8037679
4,2021-01-16,28539,540694,9332,328218,19207,212476,0,0,25430,341763,0.04252,3072,99148,0.012335,25446,440911,0.054856,8037679
4,2021-01-17,18969,559663,6658,334876,12311,224787,0,0,17459,357752,0.044509,1485,100633,0.01252,17474,458385,0.05703,8037679
4,2021-01-18,29388,589051,13609,348485,15779,240566,0,0,23420,375325,0.046696,5873,106506,0.013251,23446,481831,0.059947,8037679
4,2021-01-19,45979,635030,23122,371607,22857,263423,0,0,36663,402799,0.050114,9262,115768,0.014403,36736,518567,0.064517,8037679
4,2021-01-20,51640,686670,27368,398975,24272,287695,0,0,41256,433822,0.053974,10287,126055,0.015683,41310,559877,0.069657,8037679
4,2021-01-21,56328,742998,24886,423861,31442,319137,0,0,49940,477477,0.059405,6327,132382,0.01647,49982,609859,0.075875,8037679
4,2021-01-22,54884,797882,22051,445912,32833,351970,0,0,49800,522316,0.064983,4989,137371,0.017091,49828,659687,0.082074,8037679
4,2021-01-23,39397,837279,17394,463306,22003,373973,0,0,35099,553154,0.06882,4289,141660,0.017624,35127,694814,0.086445,8037679
4,2021-01-24,23913,861192,10494,473800,13419,387392,0,0,22043,573350,0.071333,1863,143523,0.017856,22059,716873,0.089189,8037679
4,2021-01-25,47810,909002,22071,495871,25739,413131,0,0,36746,599118,0.074539,11033,154556,0.019229,36801,753674,0.093768,8037679
4,2021-01-26,56353,965355,28764,524635,27589,440720,0,0,44223,631323,0.078545,12076,166632,0.020731,44281,797955,0.099277,8037679
4,2021-01-27,55731,1021086,26581,551216,29150,469870,0,0,44878,665473,0.082794,10781,177413,0.022073,44931,842886,0.104867,8037679
4,2021-01-28,56182,1077268,25385,576601,30797,500667,0,0,46309,702038,0.087343,9785,187198,0.02329,46350,889236,0.110633,8037679
4,2021-01-29,56158,1133426,27025,603626,29133,529800,0,0,45893,737836,0.091797,10125,197323,0.02455,45923,935159,0.116347,8037679
4,2021-01-30,37549,1170975,17117,620743,20432,550232,0,0,32254,764865,0.09516,5249,202572,0.025203,32278,967437,0.120363,8037679
4,2021-01-31,23786,1194761,12493,633236,11293,561525,0,0,22190,785492,0.097726,1579,204151,0.025399,22206,989643,0.123125,8037679
4,2021-02-01,49672,1244433,24118,657354,25554,587079,0,0,38097,812091,0.101036,11536,215687,0.026834,38135,1027778,0.12787,8037679
4,2021-02-02,54910,1299343,25336,682690,29574,616653,0,0,42202,841690,0.104718,12646,228333,0.028408,42245,1070023,0.133126,8037679
4,2021-02-03,61760,1361103,30337,713027,31423,648076,0,0,47578,875252,0.108894,14071,242404,0.030158,47633,1117656,0.139052,8037679
4,2021-02-04,67282,1428385,31351,744378,35931,684007,0,0,50655,909534,0.113159,16478,258882,0.032209,50760,1168416,0.145367,8037679
4,2021-02-05,72755,1501140,33714,778092,39041,723048,0,0,50808,938769,0.116796,21705,280587,0.034909,50940,1219356,0.151705,8037679
4,2021-02-06,48083,1549223,26055,804147,22028,745076,0,0,36655,964228,0.119963,11396,291983,0.036327,36855,1256211,0.15629,8037679
4,2021-02-07,26337,1575560,17388,821535,8949,754025,0,0,19951,978055,0.121684,6360,298343,0.037118,20187,1276398,0.158802,8037679
4,2021-02-08,58216,1633776,29921,851456,28295,782320,0,0,37916,996055,0.123923,20175,318518,0.039628,38175,1314573,0.163551,8037679
4,2021-02-09,66940,1700716,34108,885564,32832,815152,0,0,39315,1008214,0.125436,27557,346075,0.043057,39716,1354289,0.168493,8037679
4,2021-02-10,76905,1777621,38464,924028,38441,853593,0,0,40878,1013836,0.126135,35797,381872,0.04751,41419,1395708,0.173646,8037679
4,2021-02-11,80741,1858362,42118,966146,38623,892216,0,0,41766,1017507,0.126592,38758,420630,0.052332,42429,1438137,0.178924,8037679
4,2021-02-12,83881,1942243,37584,1003730,46297,938513,0,0,43282,1021159,0.127047,40416,461046,0.057361,44068,1482205,0.184407,8037679
4,2021-02-13,58417,2000660,29631,1033361,28786,967299,0,0,29832,1023423,0.127328,28464,489510,0.060902,30728,1512933,0.18823,8037679
4,2021-02-14,36596,2037256,18981,1052342,17615,984914,0,0,18832,1025196,0.127549,17715,507225,0.063106,19488,1532421,0.190655,8037679
4,2021-02-15,45918,2083174,21503,1073845,24415,1009329,0,0,23663,1027845,0.127878,22188,529413,0.065866,24837,1557258,0.193745,8037679
4,2021-02-16,79577,2162751,36422,1110267,43155,1052484,0,0,40644,1030869,0.128255,38837,568250,0.070698,41861,1599119,0.198953,8037679
4,2021-02-17,80966,2243717,38183,1148450,42783,1095267,0,0,38686,1028561,0.127967,42123,610373,0.075939,39815,1638934,0.203906,8037679
4,2021-02-18,82718,2326435,45510,1193960,37208,1132475,0,0,38329,1024124,0.127415,44239,654612,0.081443,39802,1678736,0.208858,8037679
4,2021-02-19,81754,2408189,51427,1245387,30327,1162802,0,0,41042,1025280,0.127559,40577,695189,0.086491,41733,1720469,0.21405,8037679
4,2021-02-20,48287,2456476,32242,1277629,16045,1178847,0,0,26440,1030611,0.128222,21795,716984,0.089203,27126,1747595,0.217425,8037679
4,2021-02-21,28810,2485286,23187,1300816,5623,1184470,0,0,13915,1029981,0.128144,14833,731817,0.091048,14203,1761798,0.219192,8037679
4,2021-02-22,52411,2537697,36101,1336917,16310,1200780,0,0,25506,1029118,0.128037,26818,758635,0.094385,25955,1787753,0.222422,8037679
4,2021-02-23,73188,2610885,40617,1377534,32571,1233351,0,0,32395,1022512,0.127215,40669,799304,0.099445,34063,1821816,0.226659,8037679
4,2021-02-24,88024,2698909,46415,1423949,41609,1274960,0,0,39868,1016577,0.126476,47954,847258,0.105411,42019,1863835,0.231887,8037679
4,2021-02-25,98269,2797178,51166,1475115,47103,1322063,0,0,47022,1015054,0.126287,51098,898356,0.111768,49575,1913410,0.238055,8037679
4,2021-02-26,104251,2901429,52558,1527673,51693,1373756,0,0,53640,1020645,0.126983,50393,948749,0.118038,55984,1969394,0.24502,8037679
4,2021-02-27,75963,2977392,41321,1568994,34636,1408392,6,6,40778,1027852,0.127879,35053,983802,0.122399,42260,2011654,0.250278,8037679
4,2021-02-28,45086,3022478,27956,1596950,17128,1425520,2,8,25113,1034005,0.128645,19841,1003643,0.124867,25994,2037648,0.253512,8037679
4,2021-03-01,75590,3098068,44343,1641293,31223,1456743,24,32,41848,1043545,0.129832,33516,1037159,0.129037,43056,2080704,0.258869,8037679
4,2021-03-02,84653,3182721,48750,1690043,35898,1492641,5,37,50315,1061460,0.132061,34189,1071348,0.133291,52104,2132808,0.265351,8037679
4,2021-03-03,99119,3281840,52599,1742642,46507,1539148,13,50,55289,1074897,0.133732,43635,1114983,0.13872,57072,2189880,0.272452,8037679
4,2021-03-04,96357,3378197,53569,1796211,42772,1581920,16,66,53054,1086625,0.135191,43111,1158094,0.144083,54839,2244719,0.279275,8037679
4,2021-03-05,94028,3472225,50818,1847029,42896,1624816,314,380,55895,1106823,0.137704,37940,1196034,0.148803,58138,2302857,0.286508,8037679
4,2021-03-06,75939,3548164,42848,1889877,30473,1655289,2618,2998,46728,1128408,0.14039,29104,1225138,0.152424,50689,2353546,0.292814,8037679
4,2021-03-07,42440,3590604,27164,1917041,14101,1669390,1175,4173,25485,1139262,0.14174,16896,1242034,0.154526,27750,2381296,0.296267,8037679
4,2021-03-08,66057,3656661,34606,1951647,28273,1697663,3178,7351,43703,1165234,0.144971,22252,1264286,0.157295,48224,2429520,0.302266,8037679
4,2021-03-09,80871,3737532,41073,1992720,34683,1732346,5115,12466,43788,1178332,0.146601,36933,1301219,0.16189,50031,2479551,0.308491,8037679
4,2021-03-10,90618,3828150,46819,2039539,36372,1768718,7427,19893,45909,1188084,0.147814,44556,1345775,0.167433,54308,2533859,0.315248,8037679
4,2021-03-11,100200,3928350,52673,2092212,39157,1807875,8370,28263,46467,1190529,0.148119,53526,1399301,0.174093,55971,2589830,0.322211,8037679
4,2021-03-12,104236,4032586,51473,2143685,42509,1850384,10254,38517,44776,1187342,0.147722,59239,1458540,0.181463,56052,2645882,0.329185,8037679
4,2021-03-13,80783,4113369,37660,2181345,34737,1885121,8386,46903,38137,1192528,0.148367,42529,1501069,0.186754,47715,2693597,0.335121,8037679
4,2021-03-14,49488,4162857,28319,2209664,17551,1902672,3618,50521,23381,1194140,0.148568,26026,1527095,0.189992,27638,2721235,0.33856,8037679
4,2021-03-15,83577,4246434,44893,2254557,34452,1937124,4232,54753,43017,1201874,0.14953,40357,1567452,0.195013,48091,2769326,0.344543,8037679
4,2021-03-16,107227,4353661,55771,2310328,48066,1985190,3390,58143,57115,1213186,0.150937,49901,1617353,0.201221,61213,2830539,0.352159,8037679
4,2021-03-17,105919,4459580,56982,2367310,45504,2030694,3433,61576,62357,1236210,0.153802,43336,1660689,0.206613,66360,2896899,0.360415,8037679
4,2021-03-18,106005,4565585,58763,2426073,43601,2074295,3641,65217,60750,1256032,0.156268,45009,1705698,0.212213,64831,2961730,0.368481,8037679
4,2021-03-19,110447,4676032,63490,2489563,41801,2116096,5156,70373,63736,1278852,0.159107,46486,1752184,0.217996,69306,3031036,0.377103,8037679
4,2021-03-20,83100,4759132,48735,2538298,31382,2147478,2983,73356,51423,1302015,0.161989,31557,1783741,0.221922,54720,3085756,0.383911,8037679
4,2021-03-21,47803,4806935,34669,2572967,10872,2158350,2262,75618,29042,1315010,0.163606,18661,1802402,0.224244,31656,3117412,0.38785,8037679
4,2021-03-22,81598,4888533,53413,2626380,25477,2183827,2708,78326,51527,1340088,0.166726,29874,1832276,0.227961,54952,3172364,0.394687,8037679
4,2021-03-23,103800,4992333,62045,2688425,39613,2223440,2142,80468,62106,1363428,0.16963,41447,1873723,0.233117,64787,3237151,0.402747,8037679
4,2021-03-24,112891,5105224,72969,2761394,37544,2260984,2378,82846,64173,1382129,0.171956,48315,1922038,0.239128,67016,3304167,0.411085,8037679
4,2021-03-25,116336,5221560,71714,2833108,42258,2303242,2364,85210,67093,1403254,0.174584,48814,1970852,0.245202,69939,3374106,0.419786,8037679
4,2021-03-26,119066,5340626,72392,2905500,43648,2346890,3026,88236,65639,1419419,0.176596,53114,2023966,0.25181,69279,3443385,0.428405,8037679
4,2021-03-27,91026,5431652,53990,2959490,35251,2382141,1785,90021,46488,1423845,0.177146,44332,2068298,0.257325,48758,3492143,0.434472,8037679
4,2021-03-28,55452,5487104,36649,2996139,17936,2400077,867,90888,30042,1429799,0.177887,25275,2093573,0.26047,31229,3523372,0.438357,8037679
4,2021-03-29,93050,5580154,55917,3052056,35060,2435137,2073,92961,50910,1441407,0.179331,41934,2135507,0.265687,53542,3576914,0.445018,8037679
4,2021-03-30,116658,5696812,63730,3115786,48787,2483924,4141,97102,69423,1468385,0.182688,47038,2182545,0.271539,74016,3650930,0.454227,8037679
4,2021-03-31,120452,5817264,71262,3187048,42898,2526822,6292,103394,67997,1490756,0.185471,52158,2234703,0.278028,74529,3725459,0.463499,8037679
4,2021-04-01,141731,5958995,81040,3268088,47526,2574348,13165,116559,83822,1530448,0.190409,57560,2292263,0.28519,97252,3822711,0.475599,8037679
4,2021-04-02,135918,6094913,72803,3340891,49619,2623967,13496,130055,78773,1566231,0.194861,56888,2349151,0.292267,92671,3915382,0.487128,8037679
4,2021-04-03,100880,6195793,53920,3394811,33605,2657572,13355,143410,52724,1584616,0.197148,47981,2397132,0.298237,66366,3981748,0.495385,8037679
4,2021-04-04,46735,6242528,24672,3419483,14568,2672140,7495,150905,20474,1586466,0.197379,26171,2423303,0.301493,28021,4009769,0.498872,8037679
4,2021-04-05,108825,6351353,61338,3480821,34770,2706910,12717,163622,56959,1605062,0.199692,51686,2474989,0.307923,70282,4080051,0.507616,8037679
4,2021-04-06,138117,6489470,77859,3558680,40600,2747510,19658,183280,71941,1631409,0.20297,65973,2540962,0.316131,92320,4172371,0.519101,8037679
4,2021-04-07,136661,6626131,77611,3636291,38452,2785962,20598,203878,70935,1657835,0.206258,65511,2606473,0.324282,91937,4264308,0.53054,8037679
4,2021-04-08,139081,6765212,77738,3714029,36079,2822041,25264,229142,69286,1683641,0.209469,69552,2676025,0.332935,95358,4359666,0.542404,8037679
4,2021-04-09,136806,6902018,75129,3789158,38894,2860935,22783,251925,65510,1702043,0.211758,71108,2747133,0.341782,89510,4449176,0.55354,8037679
4,2021-04-10,102652,7004670,50833,3839991,33105,2894040,18714,270639,46224,1711919,0.212987,56247,2803380,0.34878,66123,4515299,0.561767,8037679
4,2021-04-11,62013,7066683,37818,3877809,13076,2907116,11119,281758,27189,1716633,0.213573,34741,2838121,0.353102,39455,4554754,0.566675,8037679
4,2021-04-12,101729,7168412,61831,3939640,29855,2936971,10043,291801,51321,1729067,0.21512,50152,2888273,0.359342,62586,4617340,0.574462,8037679
4,2021-04-13,128999,7297411,80924,4020564,47919,2984890,156,291957,77385,1756101,0.218484,51366,2939639,0.365732,78400,4695740,0.584216,8037679
4,2021-04-14,133956,7431367,85345,4105909,48536,3033426,75,292032,74499,1772700,0.220549,59186,2998825,0.373096,75785,4771525,0.593645,8037679
4,2021-04-15,154302,7585669,102810,4208719,51457,3084883,35,292067,95173,1809821,0.225167,58826,3057651,0.380415,95947,4867472,0.605582,8037679
4,2021-04-16,141718,7727387,89985,4298704,51657,3136540,76,292143,82841,1834785,0.228273,58654,3116305,0.387712,83618,4951090,0.615985,8037679
4,2021-04-17,99765,7827152,62984,4361688,36773,3173313,8,292151,58600,1853570,0.23061,40944,3157249,0.392806,59729,5010819,0.623416,8037679
4,2021-04-18,53878,7881030,36023,4397711,17852,3191165,3,292154,30673,1862081,0.231669,23107,3180356,0.395681,31618,5042437,0.62735,8037679
4,2021-04-19,100058,7981088,66126,4463837,33919,3225084,13,292167,51289,1865395,0.232081,48570,3228926,0.401724,51884,5094321,0.633805,8037679
4,2021-04-20,127051,8108139,74587,4538424,52454,3277538,10,292177,66736,1873116,0.233042,60064,3288990,0.409196,67785,5162106,0.642238,8037679
4,2021-04-21,127014,8235153,81533,4619957,45430,3322968,51,292228,64192,1875813,0.233377,62546,3351536,0.416978,65243,5227349,0.650356,8037679
4,2021-04-22,136878,8372031,90186,4710143,46671,3369639,21,292249,61387,1863115,0.231798,75191,3426727,0.426333,62493,5289842,0.658131,8037679
4,2021-04-23,130240,8502271,84149,4794292,46069,3415708,22,292271,56586,1847486,0.229853,73367,3500094,0.435461,57738,5347580,0.665314,8037679
4,2021-04-24,97085,8599356,65930,4860222,31103,3446811,52,292323,44688,1841113,0.22906,52152,3552246,0.441949,45779,5393359,0.67101,8037679
4,2021-04-25,49325,8648681,35065,4895287,14236,3461047,24,292347,26066,1844486,0.22948,23142,3575388,0.444828,26515,5419874,0.674308,8037679
4,2021-04-26,83498,8732179,55246,4950533,27874,3488921,378,292725,32962,1828791,0.227527,50301,3625689,0.451087,34606,5454480,0.678614,8037679
4,2021-04-27,105779,8837958,65070,5015603,38900,3527821,1809,294534,38363,1802540,0.224261,67154,3692843,0.459441,40903,5495383,0.683703,8037679
4,2021-04-28,99468,8937426,64574,5080177,32410,3560231,2484,297018,35671,1777752,0.221177,63562,3756405,0.467349,38774,5534157,0.688527,8037679
4,2021-04-29,100753,9038179,63764,5143941,34485,3594716,2504,299522,31570,1743477,0.216913,68915,3825320,0.475923,34640,5568797,0.692836,8037679
4,2021-04-30,101464,9139643,63793,5207734,35018,3629734,2653,302175,34558,1714710,0.213334,66590,3891910,0.484208,37823,5606620,0.697542,8037679
4,2021-05-01,68326,9207969,45544,5253278,21035,3650769,1747,303922,19869,1688671,0.210094,48278,3940188,0.490215,22239,5628859,0.700309,8037679
4,2021-05-02,37325,9245294,26491,5279769,9561,3660330,1273,305195,10515,1673881,0.208254,26715,3966903,0.493538,11925,5640784,0.701793,8037679
4,2021-05-03,77688,9322982,54279,5334048,20960,3681290,2449,307644,19128,1637443,0.203721,58350,4025253,0.500798,21912,5662696,0.704519,8037679
4,2021-05-04,98035,9421017,66558,5400606,28741,3710031,2736,310380,22274,1587287,0.197481,75527,4100780,0.510195,25371,5688067,0.707675,8037679
4,2021-05-05,98812,9519829,69343,5469949,26756,3736787,2713,313093,21570,1534885,0.190961,76962,4177742,0.51977,24560,5712627,0.710731,8037679
4,2021-05-06,108884,9628713,81470,5551419,24507,3761294,2907,316000,19412,1469247,0.182795,89071,4266813,0.530851,23433,5736060,0.713646,8037679
4,2021-05-07,102499,9731212,73571,5624990,26260,3787554,2668,318668,20292,1410716,0.175513,81890,4348703,0.54104,23359,5759419,0.716553,8037679
4,2021-05-08,65946,9797158,45127,5670117,18957,3806511,1862,320530,13147,1373458,0.170877,52608,4401311,0.547585,15350,5774769,0.718462,8037679
4,2021-05-09,33224,9830382,27096,5697213,5192,3811703,936,321466,7851,1357062,0.168838,25271,4426582,0.550729,8875,5783644,0.719566,8037679
4,2021-05-10,62569,9892951,41542,5738755,18756,3830459,2271,323737,10817,1318869,0.164086,51578,4478160,0.557146,13385,5797029,0.721232,8037679
4,2021-05-11,76889,9969840,46936,5785691,27935,3858394,2018,325755,14961,1274547,0.158572,61723,4539883,0.564825,17401,5814430,0.723397,8037679
4,2021-05-12,72999,10042839,47889,5833580,22858,3881252,2252,328007,16027,1236393,0.153825,56745,4596628,0.571885,18591,5833021,0.72571,8037679
4,2021-05-13,95468,10138307,70103,5903683,23942,3905194,1423,329430,36687,1216938,0.151404,58502,4655130,0.579163,39047,5872068,0.730568,8037679
4,2021-05-14,101783,10240090,71720,5975403,27964,3933158,2099,331529,39942,1197917,0.149038,61573,4716703,0.586824,42552,5914620,0.735862,8037679
4,2021-05-15,83269,10323359,64348,6039751,17622,3950780,1299,332828,36761,1189939,0.148045,46313,4763016,0.592586,38335,5952955,0.740631,8037679
4,2021-05-16,48353,10371712,39131,6078882,8534,3959314,688,333516,19840,1182207,0.147083,28388,4791404,0.596118,20656,5973611,0.743201,8037679
4,2021-05-17,69513,10441225,50723,6129605,16964,3976278,1826,335342,28845,1172615,0.14589,40490,4831894,0.601155,30898,6004509,0.747045,8037679
4,2021-05-18,80088,10521313,52112,6181717,26234,4002512,1742,337084,30105,1155173,0.14372,49642,4881536,0.607332,32200,6036709,0.751051,8037679
4,2021-05-19,74897,10596210,50549,6232266,22434,4024946,1914,338998,32127,1146951,0.142697,42534,4924070,0.612623,34312,6071021,0.75532,8037679
4,2021-05-20,57212,10653422,36957,6269223,18575,4043521,1680,340678,22507,1136875,0.141443,34499,4958569,0.616916,24423,6095444,0.758359,8037679
4,2021-05-21,61989,10715411,41438,6310661,18981,4062502,1570,342248,22346,1121560,0.139538,39419,4997988,0.62182,24104,6119548,0.761358,8037679
4,2021-05-22,40363,10755774,28942,6339603,10351,4072853,1070,343318,17879,1118283,0.13913,22366,5020354,0.624602,19089,6138637,0.763733,8037679
4,2021-05-23,16014,10771788,12275,6351878,3220,4076073,519,343837,6784,1116487,0.138907,9157,5029511,0.625742,7361,6145998,0.764648,8037679
4,2021-05-24,41080,10812868,25786,6377664,12345,4088418,2949,346786,15103,1108929,0.137966,25805,5055316,0.628952,18247,6164245,0.766919,8037679
4,2021-05-25,43659,10856527,27040,6404704,13878,4102296,2741,349527,16327,1101084,0.13699,27141,5082457,0.632329,19296,6183541,0.769319,8037679
4,2021-05-26,43062,10899589,25715,6430419,14805,4117101,2542,352069,15976,1092847,0.135965,26915,5109372,0.635678,18678,6202219,0.771643,8037679
4,2021-05-27,37851,10937440,22679,6453098,12076,4129177,3096,355165,14955,1088328,0.135403,22731,5132103,0.638506,18212,6220431,0.773909,8037679
4,2021-05-28,41954,10979394,26722,6479820,13699,4142876,1533,356698,18543,1085390,0.135038,23225,5155328,0.641395,20287,6240718,0.776433,8037679
4,2021-05-29,22792,11002186,14806,6494626,7088,4149964,898,357596,10830,1085378,0.135036,11858,5167186,0.64287,11846,6252564,0.777907,8037679
4,2021-05-30,11589,11013775,8207,6502833,2871,4152835,511,358107,4980,1084377,0.134912,6557,5173743,0.643686,5556,6258120,0.778598,8037679
4,2021-05-31,3490,11017265,2269,6505102,1062,4153897,159,358266,1167,1083431,0.134794,2294,5176037,0.643972,1348,6259468,0.778766,8037679
4,2021-06-01,19556,11036821,11910,6517012,5916,4159813,1730,359996,5213,1076185,0.133893,14243,5190280,0.645744,6997,6266465,0.779636,8037679
