vemquartile,administered_date,total_doses,cumulative_total_doses,pfizer_doses,cumulative_pfizer_doses,moderna_doses,cumulative_moderna_doses,jj_doses,cumulative_jj_doses,partially_vaccinated,total_partially_vaccinated,pct_age12pop_partially_vaccinated,fully_vaccinated,cumulative_fully_vaccinated,pct_age12pop_fully_vaccinated,at_least_one_dose,cumulative_at_least_one_dose,pct_age12pop_at_least_one_dose,age12_population
1,2020-12-15,148,148,148,148,0,0,0,0,148,148,1.7e-05,0,0,0.0,148,148,1.7e-05,8700223
1,2020-12-16,1170,1318,1170,1318,0,0,0,0,1170,1318,0.000151,0,0,0.0,1170,1318,0.000151,8700223
1,2020-12-17,4124,5442,4124,5442,0,0,0,0,4125,5443,0.000626,0,0,0.0,4125,5443,0.000626,8700223
1,2020-12-18,6261,11703,6241,11683,20,20,0,0,6262,11705,0.001345,0,0,0.0,6262,11705,0.001345,8700223
1,2020-12-19,2867,14570,2866,14549,1,21,0,0,2865,14569,0.001675,1,1,0.0,2865,14570,0.001675,8700223
1,2020-12-20,2112,16682,2107,16656,5,26,0,0,2113,16682,0.001917,0,1,0.0,2113,16683,0.001918,8700223
1,2020-12-21,7612,24294,7600,24256,12,38,0,0,7663,24345,0.002798,0,1,0.0,7663,24346,0.002798,8700223
1,2020-12-22,7270,31564,6928,31184,342,380,0,0,7273,31617,0.003634,1,2,0.0,7273,31619,0.003634,8700223
1,2020-12-23,7801,39365,6569,37753,1232,1612,0,0,7796,39413,0.00453,0,2,0.0,7796,39415,0.00453,8700223
1,2020-12-24,3293,42658,2358,40111,935,2547,0,0,3295,42708,0.004909,0,2,0.0,3295,42710,0.004909,8700223
1,2020-12-25,233,42891,150,40261,83,2630,0,0,233,42941,0.004936,0,2,0.0,233,42943,0.004936,8700223
1,2020-12-26,1353,44244,964,41225,389,3019,0,0,1352,44292,0.005091,1,3,0.0,1352,44295,0.005091,8700223
1,2020-12-27,855,45099,526,41751,329,3348,0,0,855,45147,0.005189,0,3,0.0,855,45150,0.00519,8700223
1,2020-12-28,7015,52114,4748,46499,2267,5615,0,0,7014,52161,0.005995,0,3,0.0,7014,52164,0.005996,8700223
1,2020-12-29,8802,60916,4944,51443,3858,9473,0,0,8799,60959,0.007007,1,4,0.0,8799,60963,0.007007,8700223
1,2020-12-30,11560,72476,6436,57879,5124,14597,0,0,11560,72519,0.008335,0,4,0.0,11560,72523,0.008336,8700223
1,2020-12-31,5926,78402,1952,59831,3974,18571,0,0,5925,78443,0.009016,1,5,1e-06,5925,78448,0.009017,8700223
1,2021-01-01,535,78937,180,60011,355,18926,0,0,535,78978,0.009078,0,5,1e-06,535,78983,0.009078,8700223
1,2021-01-02,2887,81824,1750,61761,1137,20063,0,0,2889,81867,0.00941,0,5,1e-06,2889,81872,0.00941,8700223
1,2021-01-03,1018,82842,544,62305,474,20537,0,0,1017,82883,0.009527,1,6,1e-06,1017,82889,0.009527,8700223
1,2021-01-04,7313,90155,3562,65867,3751,24288,0,0,7318,90200,0.010368,1,7,1e-06,7318,90207,0.010368,8700223
1,2021-01-05,10739,100894,5170,71037,5569,29857,0,0,9992,99483,0.011435,732,739,8.5e-05,10015,100222,0.011519,8700223
1,2021-01-06,13948,114842,7011,78048,6937,36794,0,0,12072,109722,0.012611,1839,2578,0.000296,12078,112300,0.012908,8700223
1,2021-01-07,17355,132197,9062,87110,8293,45087,0,0,12921,118314,0.013599,4336,6914,0.000795,12928,125228,0.014394,8700223
1,2021-01-08,20039,152236,10383,97493,9656,54743,0,0,14172,126640,0.014556,5851,12765,0.001467,14177,139405,0.016023,8700223
1,2021-01-09,6633,158869,3362,100855,3271,58014,0,0,4792,129611,0.014897,1825,14590,0.001677,4796,144201,0.016574,8700223
1,2021-01-10,3060,161929,1740,102595,1320,59334,0,0,1874,130316,0.014978,1170,15760,0.001811,1875,146076,0.01679,8700223
1,2021-01-11,18023,179952,11807,114402,6216,65550,0,0,11506,135368,0.015559,6491,22251,0.002558,11543,157619,0.018117,8700223
1,2021-01-12,18891,198843,10721,125123,8170,73720,0,0,12938,142429,0.016371,5912,28163,0.003237,12973,170592,0.019608,8700223
1,2021-01-13,19690,218533,10636,135759,9054,82774,0,0,14575,151926,0.017462,5092,33255,0.003822,14589,185181,0.021285,8700223
1,2021-01-14,21869,240402,9402,145161,12467,95241,0,0,19134,168427,0.019359,2676,35931,0.00413,19177,204358,0.023489,8700223
1,2021-01-15,25032,265434,9209,154370,15823,111064,0,0,23109,189709,0.021805,1874,37805,0.004345,23156,227514,0.02615,8700223
1,2021-01-16,13820,279254,4517,158887,9303,120367,0,0,12980,201853,0.023201,838,38643,0.004442,12982,240496,0.027643,8700223
1,2021-01-17,5176,284430,1990,160877,3186,123553,0,0,4809,206304,0.023712,363,39006,0.004483,4814,245310,0.028196,8700223
1,2021-01-18,14207,298637,8542,169419,5665,129218,0,0,11054,214261,0.024627,3141,42147,0.004844,11098,256408,0.029471,8700223
1,2021-01-19,24524,323161,12852,182271,11672,140890,0,0,19354,228511,0.026265,5155,47302,0.005437,19405,275813,0.031702,8700223
1,2021-01-20,28493,351654,14004,196275,14489,155379,0,0,22884,245874,0.028261,5556,52858,0.006075,22919,298732,0.034336,8700223
1,2021-01-21,30564,382218,14200,210475,16364,171743,0,0,27433,270310,0.031069,3075,55933,0.006429,27511,326243,0.037498,8700223
1,2021-01-22,28031,410249,11113,221588,16918,188661,0,0,26066,294477,0.033847,1925,57858,0.00665,26092,352335,0.040497,8700223
1,2021-01-23,18623,428872,8179,229767,10444,199105,0,0,16705,309287,0.035549,1904,59762,0.006869,16714,369049,0.042418,8700223
1,2021-01-24,6653,435525,4153,233920,2500,201605,0,0,6004,314653,0.036166,643,60405,0.006943,6009,375058,0.043109,8700223
1,2021-01-25,24945,460470,10391,244311,14554,216159,0,0,19364,328544,0.037763,5559,65964,0.007582,19450,394508,0.045345,8700223
1,2021-01-26,28296,488766,13304,257615,14992,231151,0,0,21792,343893,0.039527,6459,72423,0.008324,21808,416316,0.047851,8700223
1,2021-01-27,31460,520226,15316,272931,16144,247295,0,0,23594,359710,0.041345,7802,80225,0.009221,23619,439935,0.050566,8700223
1,2021-01-28,34385,554611,16099,289030,18286,265581,0,0,27660,380750,0.043763,6669,86894,0.009988,27709,467644,0.053751,8700223
1,2021-01-29,33205,587816,16287,305317,16918,282499,0,0,26810,401324,0.046128,6269,93163,0.010708,26843,494487,0.056836,8700223
1,2021-01-30,20091,607907,8742,314059,11349,293848,0,0,18007,417277,0.047962,2061,95224,0.010945,18014,512501,0.058907,8700223
1,2021-01-31,7529,615436,4925,318984,2604,296452,0,0,6888,423528,0.04868,640,95864,0.011019,6891,519392,0.059699,8700223
1,2021-02-01,28453,643889,12407,331391,16046,312498,0,0,20847,436816,0.050207,7564,103428,0.011888,20852,540244,0.062095,8700223
1,2021-02-02,31882,675771,11462,342853,20420,332918,0,0,24032,453093,0.052078,7788,111216,0.012783,24065,564309,0.064861,8700223
1,2021-02-03,39017,714788,14972,357825,24045,356963,0,0,28229,470693,0.054101,10660,121876,0.014008,28260,592569,0.06811,8700223
1,2021-02-04,43476,758264,16935,374760,26541,383504,0,0,31630,490627,0.056392,11742,133618,0.015358,31676,624245,0.07175,8700223
1,2021-02-05,46631,804895,17312,392072,29319,412823,0,0,30721,505607,0.058114,15793,149411,0.017173,30773,655018,0.075287,8700223
1,2021-02-06,26422,831317,10456,402528,15966,428789,0,0,20645,520526,0.059829,5743,155154,0.017833,20662,675680,0.077662,8700223
1,2021-02-07,6193,837510,3973,406501,2220,431009,0,0,4610,523587,0.060181,1567,156721,0.018013,4628,680308,0.078194,8700223
1,2021-02-08,31068,868578,14100,420601,16968,447977,0,0,20773,534212,0.061402,10234,166955,0.01919,20859,701167,0.080592,8700223
1,2021-02-09,38180,906758,16779,437380,21401,469378,0,0,23680,543412,0.06246,14551,181506,0.020862,23751,724918,0.083322,8700223
1,2021-02-10,46550,953308,21879,459259,24671,494049,0,0,26888,550793,0.063308,19583,201089,0.023113,26964,751882,0.086421,8700223
1,2021-02-11,51134,1004442,25095,484354,26039,520088,0,0,30826,561681,0.064559,20036,221125,0.025416,30924,782806,0.089975,8700223
1,2021-02-12,49258,1053700,21249,505603,28009,548097,0,0,28427,569490,0.065457,20749,241874,0.027801,28558,811364,0.093258,8700223
1,2021-02-13,26061,1079761,11334,516937,14727,562824,0,0,15142,573852,0.065958,10856,252730,0.029049,15218,826582,0.095007,8700223
1,2021-02-14,11586,1091347,5465,522402,6121,568945,0,0,6614,575585,0.066157,4946,257676,0.029617,6679,833261,0.095775,8700223
1,2021-02-15,23494,1114841,9245,531647,14249,583194,0,0,14342,580989,0.066779,9053,266729,0.030658,14457,847718,0.097436,8700223
1,2021-02-16,46348,1161189,22099,553746,24249,607443,0,0,27411,589634,0.067772,18876,285605,0.032827,27521,875239,0.1006,8700223
1,2021-02-17,47709,1208898,24062,577808,23647,631090,0,0,25994,594165,0.068293,21606,307211,0.035311,26137,901376,0.103604,8700223
1,2021-02-18,50115,1259013,24951,602759,25164,656254,0,0,26189,596830,0.068599,23735,330946,0.038039,26400,927776,0.106638,8700223
1,2021-02-19,45382,1304395,24558,627317,20824,677078,0,0,25752,603109,0.069321,19535,350481,0.040284,25814,953590,0.109605,8700223
1,2021-02-20,26798,1331193,16314,643631,10484,687562,0,0,15431,607286,0.069801,11330,361811,0.041586,15507,969097,0.111388,8700223
1,2021-02-21,11347,1342540,10116,653747,1231,688793,0,0,6792,609611,0.070068,4515,366326,0.042105,6840,975937,0.112174,8700223
1,2021-02-22,29851,1372391,19579,673326,10272,699065,0,0,17630,615165,0.070707,12171,378497,0.043504,17725,993662,0.114211,8700223
1,2021-02-23,42752,1415143,20873,694199,21879,720944,0,0,24017,620926,0.071369,18614,397111,0.045644,24375,1018037,0.117013,8700223
1,2021-02-24,52755,1467898,25547,719746,27208,748152,0,0,29788,628284,0.072215,22877,419988,0.048273,30235,1048272,0.120488,8700223
1,2021-02-25,64852,1532750,31496,751242,33356,781508,0,0,40892,645807,0.074229,23868,443856,0.051017,41391,1089663,0.125245,8700223
1,2021-02-26,72712,1605462,34123,785365,38589,820097,0,0,48348,670400,0.077055,24226,468082,0.053801,48819,1138482,0.130857,8700223
1,2021-02-27,49725,1655187,22935,808300,26784,846881,6,6,33152,687353,0.079004,16468,484550,0.055694,33421,1171903,0.134698,8700223
1,2021-02-28,19065,1674252,11349,819649,7715,854596,1,7,14094,696672,0.080075,4917,489467,0.056259,14236,1186139,0.136334,8700223
1,2021-03-01,43550,1717802,20054,839703,23477,878073,19,26,28316,710107,0.081619,15127,504594,0.057998,28562,1214701,0.139617,8700223
1,2021-03-02,61409,1779211,26752,866455,34653,912726,4,30,39685,728788,0.083767,21617,526211,0.060482,40298,1254999,0.144249,8700223
1,2021-03-03,68586,1847797,32446,898901,36127,948853,13,43,41801,744526,0.085576,26667,552878,0.063548,42405,1297404,0.149123,8700223
1,2021-03-04,76917,1924714,36102,935003,40782,989635,33,76,49637,767576,0.088225,27127,580005,0.066666,50177,1347581,0.15489,8700223
1,2021-03-05,76185,2000899,34643,969646,41340,1030975,202,278,51266,794948,0.091371,24727,604732,0.069508,52099,1399680,0.160879,8700223
1,2021-03-06,56870,2057769,27142,996788,28401,1059376,1327,1605,38747,817323,0.093943,18063,622795,0.071584,40438,1440118,0.165527,8700223
1,2021-03-07,20038,2077807,12795,1009583,6441,1065817,802,2407,15062,828491,0.095226,4958,627753,0.072154,16126,1456244,0.16738,8700223
1,2021-03-08,43949,2121756,21054,1030637,21040,1086857,1855,4262,30870,848546,0.097532,13007,640760,0.073649,33062,1489306,0.17118,8700223
1,2021-03-09,65431,2187187,31568,1062205,31394,1118251,2469,6731,40472,866975,0.09965,24855,665615,0.076506,43284,1532590,0.176155,8700223
1,2021-03-10,72049,2259236,36061,1098266,31626,1149877,4362,11093,44773,889333,0.10222,27148,692763,0.079626,49506,1582096,0.181845,8700223
1,2021-03-11,88490,2347726,40401,1138667,40170,1190047,7919,19012,51934,913316,0.104976,36341,729104,0.083803,60324,1642420,0.188779,8700223
1,2021-03-12,96922,2444648,42523,1181190,42071,1232118,12328,31340,56827,943040,0.108393,39919,769023,0.088391,69643,1712063,0.196784,8700223
1,2021-03-13,64219,2508867,29292,1210482,27177,1259295,7750,39090,40954,968925,0.111368,23161,792184,0.091053,49046,1761109,0.202421,8700223
1,2021-03-14,27471,2536338,14834,1225316,9092,1268387,3545,42635,15638,976525,0.112241,11783,803967,0.092408,19383,1780492,0.204649,8700223
1,2021-03-15,64217,2600555,28079,1253395,29472,1297859,6666,49301,38069,995623,0.114436,25990,829957,0.095395,45088,1825580,0.209831,8700223
1,2021-03-16,84592,2685147,38349,1291744,40699,1338558,5544,54845,52774,1022653,0.117543,31655,861612,0.099033,58685,1884265,0.216577,8700223
1,2021-03-17,91343,2776490,44043,1335787,40754,1379312,6546,61391,58911,1056200,0.121399,32280,893892,0.102744,65827,1950092,0.224143,8700223
1,2021-03-18,97123,2873613,49836,1385623,41683,1420995,5604,66995,59557,1084560,0.124659,37259,931151,0.107026,65619,2015711,0.231685,8700223
1,2021-03-19,102401,2976014,52936,1438559,43346,1464341,6119,73114,60816,1110633,0.127656,41342,972493,0.111778,67415,2083126,0.239434,8700223
1,2021-03-20,71774,3047788,36896,1475455,29644,1493985,5234,78348,46404,1137305,0.130721,25223,997716,0.114677,51895,2135021,0.245398,8700223
1,2021-03-21,26828,3074616,18733,1494188,6292,1500277,1803,80151,17389,1147212,0.13186,9372,1007088,0.115754,19279,2154300,0.247614,8700223
1,2021-03-22,58457,3133073,30058,1524246,25136,1525413,3263,83414,39789,1172123,0.134723,18498,1025586,0.11788,43409,2197709,0.252604,8700223
1,2021-03-23,81889,3214962,41520,1565766,36767,1562180,3602,87016,51004,1196479,0.137523,30707,1056293,0.12141,55063,2252772,0.258933,8700223
1,2021-03-24,86767,3301729,43769,1609535,38666,1600846,4332,91348,52756,1219950,0.140221,33796,1090089,0.125294,57267,2310039,0.265515,8700223
1,2021-03-25,95370,3397099,48488,1658023,41102,1641948,5780,97128,53889,1238631,0.142368,41216,1131305,0.130032,59897,2369936,0.272399,8700223
1,2021-03-26,103381,3500480,50459,1708482,46639,1688587,6283,103411,56256,1254623,0.144206,46849,1178154,0.135417,62841,2432777,0.279622,8700223
1,2021-03-27,73312,3573792,38109,1746591,31037,1719624,4166,107577,38209,1262289,0.145087,34911,1213065,0.139429,42577,2475354,0.284516,8700223
1,2021-03-28,32305,3606097,21132,1767723,9973,1729597,1200,108777,16617,1264850,0.145381,15588,1228653,0.141221,18149,2493503,0.286602,8700223
1,2021-03-29,66072,3672169,33197,1800920,29794,1759391,3081,111858,36930,1276082,0.146672,28990,1257643,0.144553,40222,2533725,0.291225,8700223
1,2021-03-30,90533,3762702,44636,1845556,39625,1799016,6272,118130,47199,1286463,0.147866,43203,1300846,0.149519,53584,2587309,0.297384,8700223
1,2021-03-31,99239,3861941,52006,1897562,41319,1840335,5914,124044,55144,1303761,0.149854,43844,1344690,0.154558,61142,2648451,0.304412,8700223
1,2021-04-01,109247,3971188,52711,1950273,48209,1888544,8327,132371,56550,1316326,0.151298,52398,1397088,0.160581,64963,2713414,0.311879,8700223
1,2021-04-02,108793,4079981,49800,2000073,49483,1938027,9510,141881,55848,1329342,0.152794,52589,1449677,0.166625,65605,2779019,0.319419,8700223
1,2021-04-03,76180,4156161,38004,2038077,28819,1966846,9357,151238,35728,1334214,0.153354,40304,1489981,0.171258,45176,2824195,0.324612,8700223
1,2021-04-04,23613,4179774,11753,2049830,8407,1975253,3453,154691,9943,1333979,0.153327,13625,1503606,0.172824,13390,2837585,0.326151,8700223
1,2021-04-05,75078,4254852,36150,2085980,29907,2005160,9021,163712,34299,1336882,0.153661,40611,1544217,0.177492,43514,2881099,0.331152,8700223
1,2021-04-06,102103,4356955,48378,2134358,37333,2042493,16392,180104,46422,1344313,0.154515,55459,1599676,0.183866,62890,2943989,0.338381,8700223
1,2021-04-07,109093,4466048,52683,2187041,39144,2081637,17266,197370,49787,1352354,0.155439,59087,1658763,0.190658,67128,3011117,0.346097,8700223
1,2021-04-08,119105,4585153,56046,2243087,42604,2124241,20455,217825,52718,1359557,0.156267,66083,1724846,0.198253,73286,3084403,0.35452,8700223
1,2021-04-09,119895,4705048,54759,2297846,44883,2169124,20253,238078,53021,1366376,0.157051,66574,1791420,0.205905,73393,3157796,0.362956,8700223
1,2021-04-10,93516,4798564,41780,2339626,29373,2198497,22363,260441,36566,1368537,0.157299,56793,1848213,0.212433,58954,3216750,0.369732,8700223
1,2021-04-11,35711,4834275,19936,2359562,9242,2207739,6533,266974,14545,1368614,0.157308,21125,1869338,0.214861,21202,3237952,0.372169,8700223
1,2021-04-12,72480,4906755,32184,2391746,30447,2238186,9849,276823,30790,1367947,0.157231,41472,1910810,0.219628,40805,3278757,0.376859,8700223
1,2021-04-13,95376,5002131,51026,2442772,44020,2282206,330,277153,51499,1376467,0.158211,43652,1954462,0.224645,52172,3330929,0.382856,8700223
1,2021-04-14,102266,5104397,52825,2495597,49375,2331581,66,277219,52089,1379123,0.158516,49867,2004329,0.230377,52523,3383452,0.388893,8700223
1,2021-04-15,103790,5208187,56195,2551792,47511,2379092,84,277303,55583,1387244,0.159449,47712,2052041,0.235861,55833,3439285,0.39531,8700223
1,2021-04-16,108250,5316437,55777,2607569,52386,2431478,87,277390,54398,1388458,0.159589,53449,2105490,0.242004,54663,3493948,0.401593,8700223
1,2021-04-17,80797,5397234,43744,2651313,37045,2468523,8,277398,45432,1398882,0.160787,35179,2140669,0.246048,45603,3539551,0.406835,8700223
1,2021-04-18,28541,5425775,19096,2670409,9439,2477962,6,277404,14459,1399532,0.160862,14013,2154682,0.247658,14663,3554214,0.40852,8700223
1,2021-04-19,64334,5490109,32784,2703193,31538,2509500,12,277416,29193,1394008,0.160227,34854,2189536,0.251664,29330,3583544,0.411891,8700223
1,2021-04-20,84423,5574532,42307,2745500,42097,2551597,19,277435,39912,1389884,0.159753,44255,2233791,0.256751,40131,3623675,0.416504,8700223
1,2021-04-21,91208,5665740,46470,2791970,44645,2596242,93,277528,40838,1381095,0.158742,49929,2283720,0.26249,41140,3664815,0.421232,8700223
1,2021-04-22,92968,5758708,48223,2840193,44727,2640969,18,277546,42605,1373967,0.157923,49966,2333686,0.268233,42838,3707653,0.426156,8700223
1,2021-04-23,97583,5856291,50105,2890298,47454,2688423,24,277570,46377,1369753,0.157439,50834,2384520,0.274076,46620,3754273,0.431515,8700223
1,2021-04-24,72693,5928984,45871,2936169,26810,2715233,12,277582,41285,1380026,0.15862,31282,2415802,0.277671,41555,3795828,0.436291,8700223
1,2021-04-25,26743,5955727,17116,2953285,9618,2724851,9,277591,15393,1384294,0.15911,11264,2427066,0.278966,15532,3811360,0.438076,8700223
1,2021-04-26,59725,6015452,32239,2985524,27133,2751984,353,277944,27999,1381487,0.158788,31492,2458558,0.282586,28685,3840045,0.441373,8700223
1,2021-04-27,75255,6090707,40361,3025885,33772,2785756,1122,279066,32268,1372511,0.157756,42703,2501261,0.287494,33727,3873772,0.44525,8700223
1,2021-04-28,76947,6167654,40853,3066738,34664,2820420,1430,280496,33523,1364524,0.156838,43165,2544426,0.292455,35178,3908950,0.449293,8700223
1,2021-04-29,79980,6247634,44109,3110847,34320,2854740,1551,282047,32329,1351191,0.155305,47374,2591800,0.2979,34041,3942991,0.453206,8700223
1,2021-04-30,87776,6335410,47803,3158650,38180,2892920,1793,283840,36513,1338678,0.153867,50988,2642788,0.303761,38475,3981466,0.457628,8700223
1,2021-05-01,61115,6396525,39736,3198386,20016,2912936,1363,285203,25792,1330917,0.152975,35146,2677934,0.307801,27385,4008851,0.460776,8700223
1,2021-05-02,22428,6418953,15709,3214095,6198,2919134,521,285724,9368,1327873,0.152625,12964,2690898,0.309291,9920,4018771,0.461916,8700223
1,2021-05-03,53716,6472669,30108,3244203,21862,2940996,1746,287470,19450,1315066,0.151153,34061,2724959,0.313206,21254,4040025,0.464359,8700223
1,2021-05-04,72015,6544684,41402,3285605,28608,2969604,2005,289475,25893,1297202,0.1491,45851,2770810,0.318476,27987,4068012,0.467576,8700223
1,2021-05-05,73392,6618076,42156,3327761,29014,2998618,2222,291697,24865,1276111,0.146676,48247,2819057,0.324021,27156,4095168,0.470697,8700223
1,2021-05-06,75120,6693196,45099,3372860,27889,3026507,2132,293829,23691,1251008,0.14379,51087,2870144,0.329893,25984,4121152,0.473683,8700223
1,2021-05-07,78637,6771833,44887,3417747,31627,3058134,2123,295952,26492,1227900,0.141134,51788,2921932,0.335846,28680,4149832,0.47698,8700223
1,2021-05-08,53783,6825616,33587,3451334,18666,3076800,1530,297482,18258,1212592,0.139375,35191,2957123,0.33989,19883,4169715,0.479265,8700223
1,2021-05-09,17600,6843216,12479,3463813,4650,3081450,471,297953,5439,1206488,0.138673,12048,2969171,0.341275,5944,4175659,0.479949,8700223
1,2021-05-10,41023,6884239,20729,3484542,18571,3100021,1723,299676,13751,1195062,0.13736,26992,2996163,0.344378,15566,4191225,0.481738,8700223
1,2021-05-11,57598,6941837,31054,3515596,24552,3124573,1992,301668,18784,1177372,0.135327,38590,3034753,0.348813,20900,4212125,0.48414,8700223
1,2021-05-12,56694,6998531,29851,3545447,24983,3149556,1860,303528,18658,1160185,0.133351,37780,3072533,0.353156,20593,4232718,0.486507,8700223
1,2021-05-13,59092,7057623,34421,3579868,22799,3172355,1872,305400,22312,1148213,0.131975,36438,3108971,0.357344,24466,4257184,0.489319,8700223
1,2021-05-14,72262,7129885,43725,3623593,26296,3198651,2241,307641,29387,1137564,0.130751,42582,3151553,0.362238,31933,4289117,0.492989,8700223
1,2021-05-15,62649,7192534,41539,3665132,19513,3218164,1597,309238,25074,1126962,0.129533,37354,3188907,0.366532,26752,4315869,0.496064,8700223
1,2021-05-16,23342,7215876,17355,3682487,5384,3223548,603,309841,9728,1123815,0.129171,13519,3202426,0.368086,10372,4326241,0.497256,8700223
1,2021-05-17,51761,7267637,32075,3714562,18055,3241603,1631,311472,23148,1120251,0.128761,28402,3230828,0.37135,24838,4351079,0.500111,8700223
1,2021-05-18,62099,7329736,37767,3752329,22614,3264217,1718,313190,28362,1116930,0.128379,33486,3264314,0.375199,30165,4381244,0.503578,8700223
1,2021-05-19,63859,7393595,39133,3791462,22934,3287151,1792,314982,29328,1113851,0.128026,34288,3298602,0.37914,31209,4412453,0.507166,8700223
1,2021-05-20,50721,7444316,30064,3821526,18931,3306082,1726,316708,22046,1109345,0.127508,28443,3327045,0.382409,23937,4436390,0.509917,8700223
1,2021-05-21,43825,7488141,26810,3848336,15649,3321731,1366,318074,17724,1102598,0.126732,25890,3352935,0.385385,19143,4455533,0.512117,8700223
2,2020-12-15,234,234,234,234,0,0,0,0,234,234,2.8e-05,0,0,0.0,234,234,2.8e-05,8407551
2,2020-12-16,2053,2287,2053,2287,0,0,0,0,2052,2286,0.000272,0,0,0.0,2052,2286,0.000272,8407551
2,2020-12-17,6682,8969,6682,8969,0,0,0,0,6683,8969,0.001067,0,0,0.0,6683,8969,0.001067,8407551
2,2020-12-18,10834,19803,10815,19784,19,19,0,0,10835,19804,0.002356,0,0,0.0,10835,19804,0.002356,8407551
2,2020-12-19,5583,25386,5577,25361,6,25,0,0,5585,25389,0.00302,0,0,0.0,5585,25389,0.00302,8407551
2,2020-12-20,4214,29600,4205,29566,9,34,0,0,4210,29599,0.003521,0,0,0.0,4210,29599,0.003521,8407551
2,2020-12-21,12756,42356,12732,42298,24,58,0,0,12710,42309,0.005032,0,0,0.0,12710,42309,0.005032,8407551
2,2020-12-22,12065,54421,11555,53853,510,568,0,0,12065,54374,0.006467,0,0,0.0,12065,54374,0.006467,8407551
2,2020-12-23,11672,66093,9470,63323,2202,2770,0,0,11675,66049,0.007856,0,0,0.0,11675,66049,0.007856,8407551
2,2020-12-24,5840,71933,3485,66808,2355,5125,0,0,5837,71886,0.00855,0,0,0.0,5837,71886,0.00855,8407551
2,2020-12-25,478,72411,401,67209,77,5202,0,0,479,72365,0.008607,0,0,0.0,479,72365,0.008607,8407551
2,2020-12-26,2563,74974,1666,68875,897,6099,0,0,2565,74930,0.008912,0,0,0.0,2565,74930,0.008912,8407551
2,2020-12-27,2217,77191,1201,70076,1016,7115,0,0,2215,77144,0.009176,1,1,0.0,2215,77145,0.009176,8407551
2,2020-12-28,10958,88149,7138,77214,3820,10935,0,0,10958,88101,0.010479,1,2,0.0,10958,88103,0.010479,8407551
2,2020-12-29,12628,100777,7116,84330,5512,16447,0,0,12632,100733,0.011981,0,2,0.0,12632,100735,0.011981,8407551
2,2020-12-30,15326,116103,8625,92955,6701,23148,0,0,15343,116075,0.013806,1,3,0.0,15343,116078,0.013806,8407551
2,2020-12-31,7501,123604,2806,95761,4695,27843,0,0,7498,123572,0.014698,1,4,0.0,7498,123576,0.014698,8407551
2,2021-01-01,1120,124724,536,96297,584,28427,0,0,1122,124693,0.014831,1,5,1e-06,1122,124698,0.014832,8407551
2,2021-01-02,4802,129526,2735,99032,2067,30494,0,0,4800,129493,0.015402,0,5,1e-06,4800,129498,0.015403,8407551
2,2021-01-03,1379,130905,788,99820,591,31085,0,0,1374,130864,0.015565,3,8,1e-06,1374,130872,0.015566,8407551
2,2021-01-04,11609,142514,5548,105368,6061,37146,0,0,11597,142457,0.016944,4,12,1e-06,11597,142469,0.016945,8407551
2,2021-01-05,13817,156331,6894,112262,6923,44069,0,0,12635,153947,0.018311,1175,1187,0.000141,12665,155134,0.018452,8407551
2,2021-01-06,18931,175262,10442,122704,8489,52558,0,0,15211,165492,0.019684,3672,4859,0.000578,15217,170351,0.020262,8407551
2,2021-01-07,22919,198181,12865,135569,10054,62612,0,0,15557,173683,0.020658,7379,12238,0.001456,15570,185921,0.022114,8407551
2,2021-01-08,26359,224540,15965,151534,10394,73006,0,0,16321,180014,0.021411,10006,22244,0.002646,16337,202258,0.024057,8407551
2,2021-01-09,9708,234248,5662,157196,4046,77052,0,0,6220,182730,0.021734,3509,25753,0.003063,6225,208483,0.024797,8407551
2,2021-01-10,5278,239526,2919,160115,2359,79411,0,0,3067,183568,0.021834,2233,27986,0.003329,3071,211554,0.025162,8407551
2,2021-01-11,25908,265434,17803,177918,8105,87516,0,0,14983,187641,0.022318,10959,38945,0.004632,15032,226586,0.02695,8407551
2,2021-01-12,26083,291517,16227,194145,9856,97372,0,0,16616,194832,0.023173,9495,48440,0.005761,16686,243272,0.028935,8407551
2,2021-01-13,28441,319958,15083,209228,13358,110730,0,0,20532,207484,0.024678,7902,56342,0.006701,20554,263826,0.03138,8407551
2,2021-01-14,30075,350033,11421,220649,18654,129384,0,0,25884,229207,0.027262,4216,60558,0.007203,25939,289765,0.034465,8407551
2,2021-01-15,34947,384980,12749,233398,22198,151582,0,0,31714,257749,0.030657,3244,63802,0.007589,31786,321551,0.038246,8407551
2,2021-01-16,17543,402523,5599,238997,11944,163526,0,0,16237,272663,0.032431,1333,65135,0.007747,16247,337798,0.040178,8407551
2,2021-01-17,10607,413130,3583,242580,7024,170550,0,0,9904,281846,0.033523,729,65864,0.007834,9912,347710,0.041357,8407551
2,2021-01-18,19630,432760,10985,253565,8645,179195,0,0,14870,291987,0.034729,4777,70641,0.008402,14918,362628,0.043131,8407551
2,2021-01-19,32291,465051,16874,270439,15417,194612,0,0,24361,308526,0.036696,7935,78576,0.009346,24474,387102,0.046042,8407551
2,2021-01-20,36934,501985,18520,288959,18414,213026,0,0,28350,328399,0.03906,8564,87140,0.010364,28437,415539,0.049424,8407551
2,2021-01-21,40360,542345,17105,306064,23255,236281,0,0,35951,360121,0.042833,4386,91526,0.010886,36108,451647,0.053719,8407551
2,2021-01-22,39147,581492,16374,322438,22773,259054,0,0,35871,392737,0.046712,3278,94804,0.011276,35894,487541,0.057988,8407551
2,2021-01-23,23944,605436,10797,333235,13147,272201,0,0,21009,410861,0.048868,2912,97716,0.011622,21036,508577,0.060491,8407551
2,2021-01-24,12444,617880,6155,339390,6289,278490,0,0,11533,421506,0.050134,898,98614,0.011729,11543,520120,0.061863,8407551
2,2021-01-25,33626,651506,15610,355000,18016,296506,0,0,24908,437871,0.052081,8666,107280,0.01276,25031,545151,0.064841,8407551
2,2021-01-26,40070,691576,19799,374799,20271,316777,0,0,31138,460171,0.054733,8915,116195,0.01382,31215,576366,0.068553,8407551
2,2021-01-27,44910,736486,22870,397669,22040,338817,0,0,34973,485368,0.05773,9831,126026,0.01499,35028,611394,0.07272,8407551
2,2021-01-28,47936,784422,22649,420318,25287,364104,0,0,39395,516339,0.061414,8487,134513,0.015999,39458,650852,0.077413,8407551
2,2021-01-29,45427,829849,22255,442573,23172,387276,0,0,36908,544882,0.064809,8418,142931,0.017,36961,687813,0.081809,8407551
2,2021-01-30,31368,861217,13739,456312,17629,404905,0,0,28069,569719,0.067763,3260,146191,0.017388,28097,715910,0.085151,8407551
2,2021-01-31,17394,878611,10497,466809,6897,411802,0,0,16241,584842,0.069562,1137,147328,0.017523,16260,732170,0.087085,8407551
2,2021-02-01,40895,919506,19881,486690,21014,432816,0,0,30186,604384,0.071886,10676,158004,0.018793,30218,762388,0.090679,8407551
2,2021-02-02,47434,966940,19367,506057,28067,460883,0,0,36158,629428,0.074865,11208,169212,0.020126,36252,798640,0.094991,8407551
2,2021-02-03,53929,1020869,24129,530186,29800,490683,0,0,39945,655574,0.077974,13887,183099,0.021778,40033,838673,0.099752,8407551
2,2021-02-04,55772,1076641,24219,554405,31553,522236,0,0,40858,681702,0.081082,14822,197921,0.023541,40950,879623,0.104623,8407551
2,2021-02-05,59462,1136103,26289,580694,33173,555409,0,0,40324,703218,0.083641,18968,216889,0.025797,40484,920107,0.109438,8407551
2,2021-02-06,38830,1174933,18168,598862,20662,576071,0,0,31242,727028,0.086473,7518,224407,0.026691,31328,951435,0.113164,8407551
2,2021-02-07,15936,1190869,10678,609540,5258,581329,0,0,12122,735423,0.087472,3793,228200,0.027142,12188,963623,0.114614,8407551
2,2021-02-08,43293,1234162,22383,631923,20910,602239,0,0,29875,752212,0.089469,13281,241481,0.028722,30070,993693,0.118191,8407551
2,2021-02-09,49217,1283379,23490,655413,25727,627966,0,0,30679,764923,0.09098,18285,259766,0.030897,30996,1024689,0.121877,8407551
2,2021-02-10,59306,1342685,28078,683491,31228,659194,0,0,34620,775482,0.092236,24411,284177,0.0338,34970,1059659,0.126037,8407551
2,2021-02-11,63864,1406549,29674,713165,34190,693384,0,0,36047,784451,0.093303,27564,311741,0.037079,36533,1096192,0.130382,8407551
2,2021-02-12,64788,1471337,28053,741218,36735,730119,0,0,34562,789705,0.093928,29955,341696,0.040642,35209,1131401,0.13457,8407551
2,2021-02-13,37468,1508805,15733,756951,21735,751854,0,0,21730,796151,0.094695,15660,357356,0.042504,22106,1153507,0.137199,8407551
2,2021-02-14,19906,1528711,9325,766276,10581,762435,0,0,11215,799071,0.095042,8652,366008,0.043533,11572,1165079,0.138575,8407551
2,2021-02-15,32959,1561670,14913,781189,18046,780481,0,0,18326,803726,0.095596,14521,380529,0.04526,19176,1184255,0.140856,8407551
2,2021-02-16,55877,1617547,27641,808830,28236,808717,0,0,29477,807551,0.096051,26318,406847,0.048391,30143,1214398,0.144441,8407551
2,2021-02-17,61134,1678681,31649,840479,29485,838202,0,0,30441,808168,0.096124,30640,437487,0.052035,31257,1245655,0.148159,8407551
2,2021-02-18,65694,1744375,33395,873874,32299,870501,0,0,32071,807951,0.096098,33417,470904,0.05601,33200,1278855,0.152108,8407551
2,2021-02-19,58758,1803133,32770,906644,25988,896489,0,0,29230,808383,0.09615,29388,500292,0.059505,29820,1308675,0.155655,8407551
2,2021-02-20,36990,1840123,24186,930830,12804,909293,0,0,20131,812404,0.096628,16783,517075,0.061501,20804,1329479,0.158129,8407551
2,2021-02-21,20616,1860739,17176,948006,3440,912733,0,0,9904,812461,0.096635,10645,527720,0.062767,10702,1340181,0.159402,8407551
2,2021-02-22,37219,1897958,25585,973591,11634,924367,0,0,17828,811653,0.096539,19308,547028,0.065064,18500,1358681,0.161602,8407551
2,2021-02-23,51351,1949309,26383,999974,24968,949335,0,0,22673,807714,0.09607,28504,575532,0.068454,24565,1383246,0.164524,8407551
2,2021-02-24,68084,2017393,35128,1035102,32956,982291,0,0,31450,805022,0.09575,36501,612033,0.072796,33809,1417055,0.168546,8407551
2,2021-02-25,73557,2090950,34638,1069740,38919,1021210,0,0,37617,809695,0.096306,35744,647777,0.077047,40417,1457472,0.173353,8407551
2,2021-02-26,81653,2172603,34925,1104665,46728,1067938,0,0,44439,819342,0.097453,36976,684753,0.081445,46623,1504095,0.178898,8407551
2,2021-02-27,59658,2232261,27676,1132341,31978,1099916,4,4,32513,826229,0.098272,26959,711712,0.084652,33846,1537941,0.182924,8407551
2,2021-02-28,28954,2261215,17388,1149729,11565,1111481,1,5,16883,831950,0.098953,11986,723698,0.086077,17707,1555648,0.18503,8407551
2,2021-03-01,55875,2317090,29587,1179316,26265,1137746,23,28,30498,838489,0.09973,25164,748862,0.08907,31703,1587351,0.188801,8407551
2,2021-03-02,67404,2384494,32587,1211903,34812,1172558,5,33,38258,850055,0.101106,29031,777893,0.092523,40597,1627948,0.193629,8407551
2,2021-03-03,78689,2463183,38187,1250090,40492,1213050,10,43,44471,863025,0.102649,34056,811949,0.096574,47026,1674974,0.199223,8407551
2,2021-03-04,86669,2549852,42940,1293030,43702,1256752,27,70,50136,879201,0.104573,36356,848305,0.100898,52532,1727506,0.205471,8407551
2,2021-03-05,80142,2629994,38162,1331192,41681,1298433,299,369,49370,900626,0.107121,30597,878902,0.104537,52022,1779528,0.211658,8407551
2,2021-03-06,61893,2691887,30398,1361590,29832,1328265,1663,2032,38064,918060,0.109195,23728,902630,0.107359,41162,1820690,0.216554,8407551
2,2021-03-07,27447,2719334,16121,1377711,10378,1338643,948,2980,17711,928152,0.110395,9679,912309,0.108511,19771,1840461,0.218906,8407551
2,2021-03-08,49503,2768837,22854,1400565,24217,1362860,2432,5412,31386,945585,0.112469,18030,930339,0.110655,35463,1875924,0.223124,8407551
2,2021-03-09,69193,2838030,31752,1432317,33675,1396535,3766,9178,38636,958891,0.114051,30451,960790,0.114277,43757,1919681,0.228328,8407551
2,2021-03-10,76986,2915016,36658,1468975,33803,1430338,6525,15703,41111,972170,0.115631,35709,996499,0.118524,48988,1968669,0.234155,8407551
2,2021-03-11,91866,3006882,42426,1511401,41109,1471447,8331,24034,48331,986960,0.11739,43283,1039782,0.123672,58073,2026742,0.241062,8407551
2,2021-03-12,92616,3099498,38297,1549698,42360,1513807,11959,35993,46574,1001027,0.119063,45854,1085636,0.129126,59921,2086663,0.248189,8407551
2,2021-03-13,67926,3167424,28745,1578443,31284,1545091,7897,43890,37517,1017441,0.121015,30299,1115935,0.13273,46713,2133376,0.253745,8407551
2,2021-03-14,36436,3203860,18216,1596659,13733,1558824,4487,48377,18692,1023715,0.121761,17665,1133600,0.134831,23939,2157315,0.256593,8407551
2,2021-03-15,66658,3270518,30181,1626840,31496,1590320,4981,53358,37033,1037381,0.123387,29452,1163052,0.138334,43118,2200433,0.261721,8407551
2,2021-03-16,85527,3356045,37896,1664736,43659,1633979,3972,57330,52222,1061544,0.126261,33160,1196212,0.142278,57323,2257756,0.268539,8407551
2,2021-03-17,91556,3447601,43914,1708650,43521,1677500,4121,61451,58467,1092105,0.129896,32878,1229090,0.146189,63439,2321195,0.276085,8407551
2,2021-03-18,96801,3544402,46264,1754914,46083,1723583,4454,65905,59764,1120111,0.133227,36778,1265868,0.150563,64784,2385979,0.28379,8407551
2,2021-03-19,96564,3640966,45694,1800608,44786,1768369,6084,71989,57997,1146384,0.136352,38324,1304192,0.155122,64597,2450576,0.291473,8407551
2,2021-03-20,69018,3709984,33332,1833940,31789,1800158,3897,75886,45567,1172947,0.139511,23255,1327447,0.157887,49818,2500394,0.297399,8407551
2,2021-03-21,32917,3742901,21301,1855241,9647,1809805,1969,77855,20799,1184116,0.14084,12021,1339468,0.159317,23190,2523584,0.300157,8407551
2,2021-03-22,62167,3805068,34174,1889415,25361,1835166,2632,80487,41721,1209101,0.143811,20257,1359725,0.161727,45242,2568826,0.305538,8407551
2,2021-03-23,82964,3888032,44099,1933514,35986,1871152,2879,83366,52385,1234856,0.146875,30346,1390071,0.165336,56101,2624927,0.312211,8407551
2,2021-03-24,90847,3978879,49056,1982570,38671,1909823,3120,86486,54002,1256229,0.149417,36576,1426647,0.169686,57949,2682876,0.319103,8407551
2,2021-03-25,100469,4079348,50740,2033310,45872,1955695,3857,90343,57461,1275591,0.15172,42722,1469369,0.174768,62084,2744960,0.326487,8407551
2,2021-03-26,102618,4181966,51118,2084428,48040,2003735,3460,93803,56716,1291237,0.153581,45584,1514953,0.18019,61230,2806190,0.33377,8407551
2,2021-03-27,74680,4256646,37382,2121810,34004,2037739,3294,97097,37977,1296869,0.154251,36499,1551452,0.184531,42131,2848321,0.338781,8407551
2,2021-03-28,37325,4293971,23050,2144860,13473,2051212,802,97899,20412,1302006,0.154862,16808,1568260,0.18653,21945,2870266,0.341391,8407551
2,2021-03-29,70657,4364628,36127,2180987,32297,2083509,2233,100132,40696,1316020,0.156528,29805,1598065,0.190075,43819,2914085,0.346603,8407551
2,2021-03-30,91219,4455847,44779,2225766,42133,2125642,4307,104439,51636,1333163,0.158567,39408,1637473,0.194762,56551,2970636,0.35333,8407551
2,2021-03-31,100538,4556385,51944,2277710,43536,2169178,5058,109497,57765,1353810,0.161023,42526,1679999,0.19982,63173,3033809,0.360843,8407551
2,2021-04-01,116398,4672783,56336,2334046,50994,2220172,9068,118565,63894,1375000,0.163543,52218,1732217,0.206031,73408,3107217,0.369575,8407551
2,2021-04-02,110560,4783343,51046,2385092,49487,2269659,10027,128592,59857,1394988,0.165921,50386,1782603,0.212024,70374,3177591,0.377945,8407551
2,2021-04-03,75602,4858945,36978,2422070,29036,2298695,9588,138180,37733,1405023,0.167114,37693,1820296,0.216507,47728,3225319,0.383622,8407551
2,2021-04-04,28935,4887880,14870,2436940,10231,2308926,3834,142014,13116,1406275,0.167263,15744,1836040,0.21838,16996,3242315,0.385643,8407551
2,2021-04-05,78353,4966233,38496,2475436,31217,2340143,8640,150654,38300,1414071,0.168191,39920,1875960,0.223128,47716,3290031,0.391319,8407551
2,2021-04-06,102906,5069139,50171,2525607,38151,2378294,14584,165238,49057,1424524,0.169434,53625,1929585,0.229506,64078,3354109,0.39894,8407551
2,2021-04-07,109215,5178354,54600,2580207,38563,2416857,16052,181290,51752,1435424,0.17073,57215,1986800,0.236311,68115,3422224,0.407042,8407551
2,2021-04-08,117609,5295963,56601,2636808,42556,2459413,18452,199742,54775,1446705,0.172072,62564,2049364,0.243753,73845,3496069,0.415825,8407551
2,2021-04-09,116881,5412844,56298,2693106,42740,2502153,17843,217585,55459,1459780,0.173627,61119,2110483,0.251022,74194,3570263,0.42465,8407551
2,2021-04-10,85547,5498391,37138,2730244,30530,2532683,17879,235464,35566,1464149,0.174147,49763,2160246,0.256941,54132,3624395,0.431088,8407551
2,2021-04-11,43876,5542267,22712,2752956,12668,2545351,8496,243960,17919,1465455,0.174302,25835,2186081,0.260014,27141,3651536,0.434316,8407551
2,2021-04-12,78843,5621110,36743,2789699,32857,2578208,9243,253203,35359,1467797,0.174581,43255,2229336,0.265159,45597,3697133,0.43974,8407551
2,2021-04-13,100486,5721596,52076,2841775,48160,2626368,250,253453,55197,1479039,0.175918,45086,2274422,0.270521,56328,3753461,0.446439,8407551
2,2021-04-14,105035,5826631,55121,2896896,49866,2676234,48,253501,54088,1483884,0.176494,50706,2325128,0.276552,55551,3809012,0.453047,8407551
2,2021-04-15,111595,5938226,59458,2956354,52072,2728306,65,253566,58709,1491133,0.177356,52559,2377687,0.282804,59808,3868820,0.46016,8407551
2,2021-04-16,108946,6047172,56670,3013024,52226,2780532,50,253616,55519,1494380,0.177743,53154,2430841,0.289126,56401,3925221,0.466869,8407551
2,2021-04-17,81660,6128832,41529,3054553,40117,2820649,14,253630,45951,1505682,0.179087,35513,2466354,0.29335,46815,3972036,0.472437,8407551
2,2021-04-18,33902,6162734,20277,3074830,13620,2834269,5,253635,16221,1505290,0.17904,17581,2483935,0.295441,17189,3989225,0.474481,8407551
2,2021-04-19,73464,6236198,39680,3114510,33773,2868042,11,253646,33672,1500011,0.178412,39574,2523509,0.300148,34295,4023520,0.47856,8407551
2,2021-04-20,94594,6330792,47288,3161798,47283,2915325,23,253669,46188,1498810,0.17827,48138,2571647,0.305873,46937,4070457,0.484143,8407551
2,2021-04-21,98816,6429608,52568,3214366,46195,2961520,53,253722,46816,1494883,0.177802,51664,2623311,0.312018,47737,4118194,0.489821,8407551
2,2021-04-22,105015,6534623,53842,3268208,51154,3012674,19,253741,46101,1483282,0.176423,58587,2681898,0.318987,46986,4165180,0.495409,8407551
2,2021-04-23,104365,6638988,55127,3323335,49223,3061897,15,253756,48343,1476859,0.175659,55680,2737578,0.325609,49257,4214437,0.501268,8407551
2,2021-04-24,78655,6717643,46688,3370023,31929,3093826,38,253794,41332,1482101,0.176282,37039,2774617,0.330015,42281,4256718,0.506297,8407551
2,2021-04-25,35896,6753539,22257,3392280,13625,3107451,14,253808,19657,1486101,0.176758,16125,2790742,0.331933,20125,4276843,0.508691,8407551
2,2021-04-26,67678,6821217,37795,3430075,29594,3137045,289,254097,30982,1482273,0.176303,36487,2827229,0.336273,32659,4309502,0.512575,8407551
2,2021-04-27,82140,6903357,43326,3473401,37681,3174726,1133,255230,35298,1473256,0.17523,46614,2873843,0.341817,37597,4347099,0.517047,8407551
2,2021-04-28,84703,6988060,44846,3518247,38018,3212744,1839,257069,37107,1465749,0.174337,47340,2921183,0.347448,39833,4386932,0.521785,8407551
2,2021-04-29,87173,7075233,47033,3565280,38476,3251220,1664,258733,33518,1448153,0.172244,53366,2974549,0.353795,35770,4422702,0.526039,8407551
2,2021-04-30,91334,7166567,50348,3615628,39053,3290273,1933,260666,35277,1430256,0.170116,55736,3030285,0.360424,37839,4460541,0.53054,8407551
2,2021-05-01,60420,7226987,36820,3652448,22063,3312336,1537,262203,23822,1420057,0.168903,36396,3066681,0.364753,26197,4486738,0.533656,8407551
2,2021-05-02,28720,7255707,19827,3672275,7924,3320260,969,263172,11045,1414587,0.168252,17573,3084254,0.366843,12103,4498841,0.535095,8407551
2,2021-05-03,59108,7314815,35126,3707401,21958,3342218,2024,265196,19821,1397592,0.166231,39093,3123347,0.371493,22098,4520939,0.537724,8407551
2,2021-05-04,77336,7392151,45870,3753271,29135,3371353,2331,267527,25206,1373628,0.16338,51888,3175235,0.377665,27924,4548863,0.541045,8407551
2,2021-05-05,77578,7469729,45901,3799172,29369,3400722,2308,269835,24292,1347585,0.160283,52978,3228213,0.383966,26935,4575798,0.544249,8407551
2,2021-05-06,79786,7549515,47996,3847168,28929,3429651,2861,272696,24509,1320702,0.157085,54877,3283090,0.390493,27994,4603792,0.547578,8407551
2,2021-05-07,80654,7630169,46467,3893635,31795,3461446,2392,275088,24968,1293123,0.153805,55385,3338475,0.397081,27806,4631598,0.550886,8407551
2,2021-05-08,52772,7682941,31894,3925529,19231,3480677,1647,276735,16582,1276081,0.151778,35953,3374428,0.401357,18911,4650509,0.553135,8407551
2,2021-05-09,21148,7704089,15133,3940662,5275,3485952,740,277475,6338,1268689,0.150899,14691,3389119,0.403104,7299,4657808,0.554003,8407551
2,2021-05-10,48345,7752434,26241,3966903,20290,3506242,1814,279289,13855,1250664,0.148755,34278,3423397,0.407181,16253,4674061,0.555936,8407551
2,2021-05-11,61761,7814195,32852,3999755,26942,3533184,1967,281256,18646,1229046,0.146184,42877,3466274,0.412281,21259,4695320,0.558465,8407551
2,2021-05-12,60158,7874353,31747,4031502,26406,3559590,2005,283261,18027,1207540,0.143626,41898,3508172,0.417264,20392,4715712,0.56089,8407551
2,2021-05-13,64015,7938368,37138,4068640,25034,3584624,1843,285104,23443,1193158,0.141915,40341,3548513,0.422063,25959,4741671,0.563978,8407551
2,2021-05-14,76282,8014650,45674,4114314,28526,3613150,2082,287186,29764,1179426,0.140282,46215,3594728,0.427559,32483,4774154,0.567841,8407551
2,2021-05-15,63785,8078435,42100,4156414,20135,3633285,1550,288736,24786,1167341,0.138844,38786,3633514,0.432173,26701,4800855,0.571017,8407551
2,2021-05-16,29470,8107905,22202,4178616,6359,3639644,909,289645,12211,1163428,0.138379,17159,3650673,0.434214,13246,4814101,0.572593,8407551
2,2021-05-17,56288,8164193,35855,4214471,18553,3658197,1880,291525,23600,1156759,0.137586,32504,3683177,0.43808,25835,4839936,0.575665,8407551
2,2021-05-18,68077,8232270,39990,4254461,26166,3684363,1921,293446,28478,1148336,0.136584,39357,3722534,0.442761,30934,4870870,0.579345,8407551
2,2021-05-19,66809,8299079,39844,4294305,25089,3709452,1876,295322,27778,1139701,0.135557,38762,3761296,0.447371,30127,4900997,0.582928,8407551
2,2021-05-20,55502,8354581,32223,4326528,21467,3730919,1812,297134,21951,1130627,0.134478,33342,3794638,0.451337,24268,4925265,0.585814,8407551
2,2021-05-21,42044,8396625,24840,4351368,15810,3746729,1394,298528,15279,1121034,0.133337,26615,3821253,0.454503,17022,4942287,0.587839,8407551
3,2020-12-15,303,303,303,303,0,0,0,0,303,303,3.7e-05,0,0,0.0,303,303,3.7e-05,8129050
3,2020-12-16,2295,2598,2295,2598,0,0,0,0,2296,2599,0.00032,0,0,0.0,2296,2599,0.00032,8129050
3,2020-12-17,7639,10237,7639,10237,0,0,0,0,7639,10238,0.001259,0,0,0.0,7639,10238,0.001259,8129050
3,2020-12-18,13051,23288,13038,23275,13,13,0,0,13051,23289,0.002865,0,0,0.0,13051,23289,0.002865,8129050
3,2020-12-19,7190,30478,7179,30454,11,24,0,0,7254,30543,0.003757,0,0,0.0,7254,30543,0.003757,8129050
3,2020-12-20,5628,36106,5621,36075,7,31,0,0,5675,36217,0.004455,1,1,0.0,5675,36218,0.004455,8129050
3,2020-12-21,14283,50389,14259,50334,24,55,0,0,14347,50563,0.00622,1,2,0.0,14347,50565,0.00622,8129050
3,2020-12-22,14698,65087,14124,64458,574,629,0,0,14737,65300,0.008033,0,2,0.0,14737,65302,0.008033,8129050
3,2020-12-23,14713,79800,12120,76578,2593,3222,0,0,14739,80039,0.009846,0,2,0.0,14739,80041,0.009846,8129050
3,2020-12-24,6772,86572,4859,81437,1913,5135,0,0,6770,86808,0.010679,1,3,0.0,6770,86811,0.010679,8129050
3,2020-12-25,721,87293,665,82102,56,5191,0,0,720,87528,0.010767,0,3,0.0,720,87531,0.010768,8129050
3,2020-12-26,4602,91895,2987,85089,1615,6806,0,0,4600,92128,0.011333,0,3,0.0,4600,92131,0.011334,8129050
3,2020-12-27,2955,94850,1837,86926,1118,7924,0,0,2956,95084,0.011697,0,3,0.0,2956,95087,0.011697,8129050
3,2020-12-28,13517,108367,8653,95579,4864,12788,0,0,13545,108628,0.013363,1,4,0.0,13545,108632,0.013363,8129050
3,2020-12-29,14913,123280,8416,103995,6497,19285,0,0,14941,123567,0.015201,2,6,1e-06,14941,123573,0.015201,8129050
3,2020-12-30,17941,141221,9982,113977,7959,27244,0,0,17928,141495,0.017406,0,6,1e-06,17928,141501,0.017407,8129050
3,2020-12-31,8373,149594,3211,117188,5162,32406,0,0,8373,149867,0.018436,1,7,1e-06,8373,149874,0.018437,8129050
3,2021-01-01,1195,150789,549,117737,646,33052,0,0,1192,151059,0.018583,0,7,1e-06,1192,151066,0.018583,8129050
3,2021-01-02,4935,155724,2418,120155,2517,35569,0,0,4935,155994,0.01919,0,7,1e-06,4935,156001,0.019191,8129050
3,2021-01-03,1597,157321,839,120994,758,36327,0,0,1588,157578,0.019385,4,11,1e-06,1588,157589,0.019386,8129050
3,2021-01-04,11958,169279,5977,126971,5981,42308,0,0,11931,169502,0.020851,7,18,2e-06,11931,169520,0.020854,8129050
3,2021-01-05,15607,184886,8069,135040,7538,49846,0,0,14006,181946,0.022382,1587,1605,0.000197,14031,183551,0.02258,8129050
3,2021-01-06,20463,205349,10784,145824,9679,59525,0,0,16054,193638,0.02382,4369,5974,0.000735,16061,199612,0.024555,8129050
3,2021-01-07,26349,231698,15035,160859,11314,70839,0,0,17161,201654,0.024807,9159,15133,0.001862,17175,216787,0.026668,8129050
3,2021-01-08,30241,261939,18465,179324,11776,82615,0,0,18076,207607,0.025539,12144,27277,0.003355,18097,234884,0.028894,8129050
3,2021-01-09,12337,274276,6963,186287,5374,87989,0,0,7851,210986,0.025955,4480,31757,0.003907,7859,242743,0.029861,8129050
3,2021-01-10,7157,281433,4460,190747,2697,90686,0,0,4018,211871,0.026063,3137,34894,0.004293,4022,246765,0.030356,8129050
3,2021-01-11,28789,310222,18856,209603,9933,100619,0,0,16283,215696,0.026534,12501,47395,0.00583,16326,263091,0.032364,8129050
3,2021-01-12,32154,342376,19244,228847,12910,113529,0,0,19767,223177,0.027454,12371,59766,0.007352,19852,282943,0.034806,8129050
3,2021-01-13,34252,376628,17887,246734,16365,129894,0,0,24173,237288,0.02919,10080,69846,0.008592,24191,307134,0.037782,8129050
3,2021-01-14,34434,411062,14159,260893,20275,150169,0,0,28564,260049,0.03199,5837,75683,0.00931,28598,335732,0.0413,8129050
3,2021-01-15,38602,449664,14343,275236,24259,174428,0,0,33998,289514,0.035615,4594,80277,0.009875,34059,369791,0.04549,8129050
3,2021-01-16,21709,471373,7576,282812,14133,188561,0,0,19401,306642,0.037722,2294,82571,0.010158,19422,389213,0.047879,8129050
3,2021-01-17,13045,484418,4399,287211,8646,197207,0,0,12021,317659,0.039077,1023,83594,0.010283,12040,401253,0.04936,8129050
3,2021-01-18,24613,509031,12843,300054,11770,208977,0,0,19090,331252,0.040749,5541,89135,0.010965,19134,420387,0.051714,8129050
3,2021-01-19,40734,549765,20828,320882,19906,228883,0,0,31708,354039,0.043552,9001,98136,0.012072,31788,452175,0.055625,8129050
3,2021-01-20,44791,594556,22041,342923,22750,251633,0,0,35529,380425,0.046798,9219,107355,0.013206,35605,487780,0.060005,8129050
3,2021-01-21,47383,641939,20507,363430,26876,278509,0,0,41969,417115,0.051312,5342,112697,0.013863,42032,529812,0.065175,8129050
3,2021-01-22,49335,691274,19676,383106,29659,308168,0,0,45226,458288,0.056377,4115,116812,0.01437,45288,575100,0.070746,8129050
3,2021-01-23,30008,721282,12731,395837,17277,325445,0,0,26751,481838,0.059274,3247,120059,0.014769,26797,601897,0.074043,8129050
3,2021-01-24,17605,738887,8478,404315,9127,334572,0,0,16461,497183,0.061161,1142,121201,0.01491,16487,618384,0.076071,8129050
3,2021-01-25,40399,779286,18115,422430,22284,356856,0,0,30536,517957,0.063717,9845,131046,0.016121,30619,649003,0.079837,8129050
3,2021-01-26,46684,825970,22366,444796,24318,381174,0,0,36717,544819,0.067021,9957,141003,0.017346,36819,685822,0.084367,8129050
3,2021-01-27,50273,876243,24311,469107,25962,407136,0,0,39839,574366,0.070656,10367,151370,0.018621,39914,725736,0.089277,8129050
3,2021-01-28,51309,927552,23814,492921,27495,434631,0,0,42484,608153,0.074812,8744,160114,0.019697,42531,768267,0.094509,8129050
3,2021-01-29,50283,977835,24240,517161,26043,460674,0,0,40786,639674,0.07869,9310,169424,0.020842,40831,809098,0.099532,8129050
3,2021-01-30,36785,1014620,17553,534714,19232,479906,0,0,32110,667240,0.082081,4623,174047,0.02141,32189,841287,0.103491,8129050
3,2021-01-31,22024,1036644,12635,547349,9389,489295,0,0,20697,686637,0.084467,1317,175364,0.021573,20714,862001,0.10604,8129050
3,2021-02-01,45453,1082097,20809,568158,24644,513939,0,0,34770,710800,0.087439,10642,186006,0.022882,34805,896806,0.110321,8129050
3,2021-02-02,53748,1135845,22381,590539,31367,545306,0,0,41458,740099,0.091044,12208,198214,0.024383,41507,938313,0.115427,8129050
3,2021-02-03,59637,1195482,26620,617159,33017,578323,0,0,44372,769431,0.094652,15108,213322,0.026242,44440,982753,0.120894,8129050
3,2021-02-04,63935,1259417,27798,644957,36137,614460,0,0,46952,799688,0.098374,16799,230121,0.028308,47056,1029809,0.126683,8129050
3,2021-02-05,69717,1329134,29663,674620,40054,654514,0,0,48239,826822,0.101712,21265,251386,0.030924,48399,1078208,0.132636,8129050
3,2021-02-06,43412,1372546,21128,695748,22284,676798,0,0,33720,851059,0.104694,9662,261048,0.032113,33899,1112107,0.136807,8129050
3,2021-02-07,19430,1391976,12312,708060,7118,683916,0,0,14965,861697,0.106002,4453,265501,0.032661,15091,1127198,0.138663,8129050
3,2021-02-08,50804,1442780,24528,732588,26276,710192,0,0,33367,877914,0.107997,17333,282834,0.034793,33550,1160748,0.14279,8129050
3,2021-02-09,58138,1500918,28311,760899,29827,740019,0,0,34169,888627,0.109315,23800,306634,0.037721,34513,1195261,0.147036,8129050
3,2021-02-10,67420,1568338,31362,792261,36058,776077,0,0,36616,895187,0.110122,30583,337217,0.041483,37143,1232404,0.151605,8129050
3,2021-02-11,70121,1638459,34620,826881,35501,811578,0,0,37615,901162,0.110857,32169,369386,0.04544,38144,1270548,0.156297,8129050
3,2021-02-12,74771,1713230,32408,859289,42363,853941,0,0,41420,910270,0.111977,33068,402454,0.049508,42176,1312724,0.161486,8129050
3,2021-02-13,44549,1757779,20248,879537,24301,878242,0,0,25745,917887,0.112914,18708,421162,0.051809,26325,1339049,0.164724,8129050
3,2021-02-14,27039,1784818,13502,893039,13537,891779,0,0,15118,921577,0.113368,11876,433038,0.05327,15566,1354615,0.166639,8129050
3,2021-02-15,39729,1824547,17120,910159,22609,914388,0,0,22046,926957,0.11403,17600,450638,0.055436,22980,1377595,0.169466,8129050
3,2021-02-16,69442,1893989,32849,943008,36593,950981,0,0,36229,931123,0.114543,33087,483725,0.059506,37253,1414848,0.174048,8129050
3,2021-02-17,71155,1965144,36007,979015,35148,986129,0,0,33979,929205,0.114307,36968,520693,0.064053,35050,1449898,0.17836,8129050
3,2021-02-18,76205,2041349,39795,1018810,36410,1022539,0,0,35416,925307,0.113827,40652,561345,0.069054,36754,1486652,0.182881,8129050
3,2021-02-19,67931,2109280,39181,1057991,28750,1051289,0,0,34452,927063,0.114043,33384,594729,0.073161,35140,1521792,0.187204,8129050
3,2021-02-20,41563,2150843,26339,1084330,15224,1066513,0,0,22062,930200,0.114429,19418,614147,0.07555,22555,1544347,0.189979,8129050
3,2021-02-21,22392,2173235,18632,1102962,3760,1070273,0,0,10714,929674,0.114364,11617,625764,0.076979,11091,1555438,0.191343,8129050
3,2021-02-22,44832,2218067,29236,1132198,15596,1085869,0,0,21273,927943,0.114151,23484,649248,0.079868,21753,1577191,0.194019,8129050
3,2021-02-23,60289,2278356,32959,1165157,27330,1113199,0,0,26723,923219,0.11357,33429,682677,0.08398,28705,1605896,0.19755,8129050
3,2021-02-24,76176,2354532,37306,1202463,38870,1152069,0,0,34184,918067,0.112937,41836,724513,0.089126,36684,1642580,0.202063,8129050
3,2021-02-25,85122,2439654,41379,1243842,43743,1195812,0,0,42864,921467,0.113355,42041,766554,0.094298,45441,1688021,0.207653,8129050
3,2021-02-26,95458,2535112,43513,1287355,51945,1247757,0,0,51132,930786,0.114501,44008,810562,0.099712,53327,1741348,0.214213,8129050
3,2021-02-27,67488,2602600,31112,1318467,36373,1284130,3,3,35879,936529,0.115208,31438,842000,0.103579,37181,1778529,0.218787,8129050
3,2021-02-28,37636,2640236,21872,1340339,15763,1299893,1,4,19534,939052,0.115518,17960,859960,0.105788,20483,1799012,0.221307,8129050
3,2021-03-01,65719,2705955,35000,1375339,30704,1330597,15,19,36786,948398,0.116668,28784,888744,0.109329,38130,1837142,0.225997,8129050
3,2021-03-02,77395,2783350,38350,1413689,39041,1369638,4,23,45447,964077,0.118597,31833,920577,0.113245,47512,1884654,0.231842,8129050
3,2021-03-03,87675,2871025,41948,1455637,45713,1415351,14,37,49080,977000,0.120186,38423,959000,0.117972,51346,1936000,0.238158,8129050
3,2021-03-04,92214,2963239,45397,1501034,46802,1462153,15,52,52574,992398,0.12208,39456,998456,0.122826,54854,1990854,0.244906,8129050
3,2021-03-05,88763,3052002,43715,1544749,44758,1506911,290,342,54371,1015097,0.124873,34181,1032637,0.12703,56880,2047734,0.251903,8129050
3,2021-03-06,64486,3116488,32689,1577438,29661,1536572,2136,2478,37027,1028398,0.126509,27332,1059969,0.130393,40633,2088367,0.256902,8129050
3,2021-03-07,37237,3153725,22272,1599710,13856,1550428,1109,3587,21503,1036491,0.127505,15683,1075652,0.132322,23776,2112143,0.259827,8129050
3,2021-03-08,58430,3212155,27980,1627690,27630,1578058,2820,6407,37197,1056955,0.130022,21103,1096755,0.134918,41567,2153710,0.26494,8129050
3,2021-03-09,75924,3288079,35331,1663021,36256,1614314,4337,10744,41081,1068817,0.131481,34735,1131490,0.139191,46597,2200307,0.270672,8129050
3,2021-03-10,81978,3370057,41140,1704161,34814,1649128,6024,16768,43006,1080451,0.132912,38800,1170290,0.143964,50434,2250741,0.276876,8129050
3,2021-03-11,96015,3466072,46969,1751130,40531,1689659,8515,25283,47296,1088876,0.133949,48498,1218788,0.14993,56923,2307664,0.283879,8129050
3,2021-03-12,101068,3567140,45159,1796289,44068,1733727,11841,37124,46608,1094188,0.134602,54284,1273072,0.156608,59596,2367260,0.29121,8129050
3,2021-03-13,69206,3636346,29548,1825837,32460,1766187,7198,44322,36476,1106618,0.136131,32628,1305700,0.160621,45058,2412318,0.296753,8129050
3,2021-03-14,40615,3676961,21495,1847332,15608,1781795,3512,47834,20879,1111969,0.13679,19676,1325376,0.163042,25027,2437345,0.299831,8129050
3,2021-03-15,74907,3751868,35636,1882968,34754,1816549,4517,52351,39730,1122210,0.138049,35016,1360392,0.167349,45257,2482602,0.305399,8129050
3,2021-03-16,94306,3846174,43529,1926497,46489,1863038,4288,56639,53436,1140171,0.140259,40689,1401081,0.172355,58650,2541252,0.312614,8129050
3,2021-03-17,96944,3943118,47146,1973643,45356,1908394,4442,61081,59319,1167177,0.143581,37428,1438509,0.176959,64434,2605686,0.32054,8129050
3,2021-03-18,102205,4045323,51988,2025631,45820,1954214,4397,65478,59540,1189232,0.146294,42439,1480948,0.18218,64494,2670180,0.328474,8129050
3,2021-03-19,102223,4147546,54849,2080480,42963,1997177,4411,69889,57975,1208146,0.148621,44016,1524964,0.187594,62930,2733110,0.336215,8129050
3,2021-03-20,70925,4218471,36624,2117104,30718,2027895,3583,73472,44293,1230050,0.151315,26473,1551437,0.190851,48377,2781487,0.342166,8129050
3,2021-03-21,35755,4254226,24401,2141505,9867,2037762,1487,74959,23119,1242563,0.152855,12563,1564000,0.192396,25076,2806563,0.345251,8129050
3,2021-03-22,69764,4323990,41051,2182556,26210,2063972,2503,77462,45250,1267000,0.155861,24329,1588329,0.195389,48766,2855329,0.35125,8129050
3,2021-03-23,88952,4412942,49133,2231689,37319,2101291,2500,79962,55128,1291735,0.158904,33598,1621927,0.199522,58333,2913662,0.358426,8129050
3,2021-03-24,97969,4510911,56521,2288210,38602,2139893,2846,82808,56621,1310760,0.161244,41051,1662978,0.204572,60076,2973738,0.365816,8129050
3,2021-03-25,106483,4617394,59376,2347586,44195,2184088,2912,85720,60735,1329586,0.16356,45470,1708448,0.210166,64296,3038034,0.373726,8129050
3,2021-03-26,109689,4727083,59005,2406591,47446,2231534,3238,88958,57444,1339133,0.164734,51981,1760429,0.21656,61528,3099562,0.381294,8129050
3,2021-03-27,73739,4800822,37557,2444148,33647,2265181,2535,91493,36424,1341634,0.165042,37134,1797563,0.221128,39635,3139197,0.38617,8129050
3,2021-03-28,43854,4844676,27749,2471897,15300,2280481,805,92298,22725,1344630,0.16541,21033,1818596,0.223716,24029,3163226,0.389126,8129050
3,2021-03-29,80007,4924683,41928,2513825,36251,2316732,1828,94126,44542,1356536,0.166875,35263,1853859,0.228054,47169,3210395,0.394929,8129050
3,2021-03-30,99284,5023967,48975,2562800,46706,2363438,3603,97729,55957,1373587,0.168973,43112,1896971,0.233357,60163,3270558,0.40233,8129050
3,2021-03-31,104323,5128290,56446,2619246,43086,2406524,4791,102520,56354,1387269,0.170656,47796,1944767,0.239237,61478,3332036,0.409892,8129050
3,2021-04-01,122455,5250745,62125,2681371,50745,2457269,9585,112105,66666,1408372,0.173252,55504,2000271,0.246065,76607,3408643,0.419316,8129050
3,2021-04-02,116890,5367635,57110,2738481,49592,2506861,10188,122293,62125,1426673,0.175503,54536,2054807,0.252773,72837,3481480,0.428276,8129050
3,2021-04-03,75248,5442883,38420,2776901,27760,2534621,9068,131361,37697,1436343,0.176693,37440,2092247,0.257379,47110,3528590,0.434072,8129050
3,2021-04-04,32262,5475145,17249,2794150,10835,2545456,4178,135539,14229,1436824,0.176752,17967,2110214,0.259589,18448,3547038,0.436341,8129050
3,2021-04-05,88338,5563483,44946,2839096,34424,2579880,8968,144507,43497,1445456,0.177814,44672,2154886,0.265085,53304,3600342,0.442898,8129050
3,2021-04-06,112328,5675811,54802,2893898,42507,2622387,15019,159526,53128,1455375,0.179034,58972,2213858,0.272339,68891,3669233,0.451373,8129050
3,2021-04-07,115081,5790892,59857,2953755,39118,2661505,16106,175632,55980,1468869,0.180694,58896,2272754,0.279584,72390,3741623,0.460278,8129050
3,2021-04-08,119938,5910830,60004,3013759,40119,2701624,19815,195447,55871,1481527,0.182251,63823,2336577,0.287435,76481,3818104,0.469686,8129050
3,2021-04-09,116704,6027534,58368,3072127,39480,2741104,18856,214303,51428,1487649,0.183004,65080,2401657,0.295441,71202,3889306,0.478445,8129050
3,2021-04-10,82537,6110071,37466,3109593,30053,2771157,15018,229321,33735,1488580,0.183119,48658,2450315,0.301427,49589,3938895,0.484546,8129050
3,2021-04-11,44605,6154676,23980,3133573,12681,2783838,7944,237265,16994,1486821,0.182902,27532,2477847,0.304814,25773,3964668,0.487716,8129050
3,2021-04-12,82870,6237546,41984,3175557,32304,2816142,8582,245847,37845,1489473,0.183228,44846,2522693,0.310331,47498,4012166,0.493559,8129050
3,2021-04-13,104222,6341768,56529,3232086,47486,2863628,207,246054,55223,1496953,0.184149,48819,2571512,0.316336,56299,4068465,0.500485,8129050
3,2021-04-14,105353,6447121,57780,3289866,47482,2911110,91,246145,53049,1499442,0.184455,52069,2623581,0.322741,54558,4123023,0.507196,8129050
3,2021-04-15,117644,6564765,66247,3356113,51341,2962451,56,246201,63336,1509539,0.185697,54078,2677659,0.329394,64175,4187198,0.515091,8129050
3,2021-04-16,113706,6678471,63887,3420000,49728,3012179,91,246292,59601,1516013,0.186493,53870,2731529,0.336021,60344,4247542,0.522514,8129050
3,2021-04-17,77841,6756312,42527,3462527,35302,3047481,12,246304,43439,1526174,0.187743,34240,2765769,0.340233,44401,4291943,0.527976,8129050
3,2021-04-18,36862,6793174,21839,3484366,15020,3062501,3,246307,17353,1524953,0.187593,19433,2785202,0.342623,18212,4310155,0.530216,8129050
3,2021-04-19,77852,6871026,43594,3527960,34207,3096708,51,246358,35249,1518305,0.186775,42475,2827677,0.347848,35827,4345982,0.534624,8129050
3,2021-04-20,97658,6968684,50666,3578626,46979,3143687,13,246371,47667,1517221,0.186642,49801,2877478,0.353975,48717,4394699,0.540617,8129050
3,2021-04-21,100642,7069326,55559,3634185,45021,3188708,62,246433,47647,1513160,0.186142,52728,2930206,0.360461,48667,4443366,0.546603,8129050
3,2021-04-22,108449,7177775,60559,3694744,47869,3236577,21,246454,46872,1499677,0.184484,61311,2991517,0.368003,47828,4491194,0.552487,8129050
3,2021-04-23,102767,7280542,58379,3753123,44366,3280943,22,246476,45072,1488354,0.183091,57407,3048924,0.375065,46084,4537278,0.558156,8129050
3,2021-04-24,72522,7353064,45027,3798150,27437,3308380,58,246534,35529,1488146,0.183065,36757,3085681,0.379587,36549,4573827,0.562652,8129050
3,2021-04-25,36132,7389196,23355,3821505,12763,3321143,14,246548,18675,1489872,0.183278,17346,3103027,0.381721,19072,4592899,0.564998,8129050
3,2021-04-26,67207,7456403,37956,3859461,28871,3350014,380,246928,28658,1481843,0.18229,38352,3141379,0.386439,30323,4623222,0.568728,8129050
3,2021-04-27,84638,7541041,44411,3903872,38819,3388833,1408,248336,33936,1467466,0.180521,50450,3191829,0.392645,36073,4659295,0.573166,8129050
3,2021-04-28,83415,7624456,47004,3950876,34331,3423164,2080,250416,33790,1454458,0.178921,49404,3241233,0.398722,36396,4695691,0.577643,8129050
3,2021-04-29,85310,7709766,48470,3999346,34688,3457852,2152,252568,29841,1431699,0.176121,55223,3296456,0.405516,32464,4728155,0.581637,8129050
3,2021-04-30,87901,7797667,49465,4048811,36001,3493853,2435,255003,32626,1412169,0.173719,55034,3351490,0.412286,35504,4763659,0.586004,8129050
3,2021-05-01,54164,7851831,34251,4083062,18482,3512335,1431,256434,19511,1399093,0.17211,34496,3385986,0.416529,21420,4785079,0.588639,8129050
3,2021-05-02,26475,7878306,18005,4101067,7463,3519798,1007,257441,9761,1393319,0.1714,16642,3402628,0.418576,10868,4795947,0.589976,8129050
3,2021-05-03,58637,7936943,34465,4135532,21848,3541646,2324,259765,17186,1371717,0.168743,41288,3443916,0.423655,19686,4815633,0.592398,8129050
3,2021-05-04,75297,8012240,43097,4178629,29581,3571227,2619,262384,22009,1343582,0.165282,53040,3496956,0.43018,24905,4840538,0.595462,8129050
3,2021-05-05,76208,8088448,45482,4224111,28083,3599310,2643,265027,20991,1312525,0.161461,54951,3551907,0.43694,23894,4864432,0.598401,8129050
3,2021-05-06,80841,8169289,51017,4275128,27377,3626687,2447,267474,20288,1275626,0.156922,60182,3612089,0.444343,23283,4887715,0.601265,8129050
3,2021-05-07,79513,8248802,49283,4324411,27661,3654348,2569,270043,21344,1241945,0.152779,57887,3669976,0.451464,24206,4911921,0.604243,8129050
3,2021-05-08,50103,8298905,30931,4355342,17542,3671890,1630,271673,13408,1220827,0.150181,36402,3706378,0.455942,15284,4927205,0.606123,8129050
3,2021-05-09,20311,8319216,14690,4370032,4836,3676726,785,272458,5591,1212668,0.149177,14602,3720980,0.457739,6443,4933648,0.606916,8129050
3,2021-05-10,46260,8365476,24792,4394824,19591,3696317,1877,274335,11024,1190776,0.146484,35046,3756026,0.46205,13154,4946802,0.608534,8129050
3,2021-05-11,59552,8425028,32840,4427664,24686,3721003,2026,276361,15114,1164100,0.143202,44244,3800270,0.467493,17568,4964370,0.610695,8129050
3,2021-05-12,59123,8484151,33684,4461348,23293,3744296,2146,278507,15629,1138851,0.140096,43291,3843561,0.472818,18042,4982412,0.612914,8129050
3,2021-05-13,67437,8551588,42402,4503750,23267,3767563,1768,280275,24543,1123055,0.138153,42674,3886235,0.478068,26878,5009290,0.616221,8129050
3,2021-05-14,77416,8629004,49046,4552796,26298,3793861,2072,282347,30624,1109782,0.136521,46554,3932789,0.483794,33281,5042571,0.620315,8129050
3,2021-05-15,59883,8688887,41268,4594064,17507,3811368,1108,283455,24897,1101173,0.135461,34823,3967612,0.488078,26214,5068785,0.62354,8129050
3,2021-05-16,29773,8718660,22787,4616851,6314,3817682,672,284127,12113,1096457,0.134881,17575,3985187,0.49024,12859,5081644,0.625122,8129050
3,2021-05-17,55075,8773735,35323,4652174,18001,3835683,1751,285878,21825,1087213,0.133744,33018,4018205,0.494302,23774,5105418,0.628046,8129050
3,2021-05-18,62364,8836099,37114,4689288,23442,3859125,1808,287686,24753,1076770,0.13246,37380,4055585,0.4989,26937,5132355,0.63136,8129050
3,2021-05-19,61385,8897484,37446,4726734,22286,3881411,1653,289339,25185,1067878,0.131366,35983,4091568,0.503327,27091,5159446,0.634692,8129050
3,2021-05-20,48380,8945864,28503,4755237,18396,3899807,1481,290820,18356,1058148,0.130169,29828,4121396,0.506996,20098,5179544,0.637165,8129050
3,2021-05-21,35035,8980899,20791,4776028,13036,3912843,1208,292028,10979,1046535,0.12874,23918,4145314,0.509938,12305,5191849,0.638678,8129050
4,2020-12-15,445,445,445,445,0,0,0,0,445,445,5.5e-05,0,0,0.0,445,445,5.5e-05,8037679
4,2020-12-16,2975,3420,2975,3420,0,0,0,0,2975,3420,0.000425,0,0,0.0,2975,3420,0.000425,8037679
4,2020-12-17,8540,11960,8540,11960,0,0,0,0,8540,11960,0.001488,0,0,0.0,8540,11960,0.001488,8037679
4,2020-12-18,15403,27363,15394,27354,9,9,0,0,15403,27363,0.003404,0,0,0.0,15403,27363,0.003404,8037679
4,2020-12-19,10241,37604,10234,37588,7,16,0,0,10176,37539,0.00467,0,0,0.0,10176,37539,0.00467,8037679
4,2020-12-20,7356,44960,7349,44937,7,23,0,0,7311,44850,0.00558,0,0,0.0,7311,44850,0.00558,8037679
4,2020-12-21,16285,61245,16262,61199,23,46,0,0,16219,61069,0.007598,0,0,0.0,16219,61069,0.007598,8037679
4,2020-12-22,17102,78347,16371,77570,731,777,0,0,17058,78127,0.00972,0,0,0.0,17058,78127,0.00972,8037679
4,2020-12-23,16983,95330,14292,91862,2691,3468,0,0,16955,95082,0.01183,0,0,0.0,16955,95082,0.01183,8037679
4,2020-12-24,8540,103870,5959,97821,2581,6049,0,0,8540,103622,0.012892,0,0,0.0,8540,103622,0.012892,8037679
4,2020-12-25,900,104770,796,98617,104,6153,0,0,900,104522,0.013004,0,0,0.0,900,104522,0.013004,8037679
4,2020-12-26,6170,110940,3869,102486,2301,8454,0,0,6170,110692,0.013772,0,0,0.0,6170,110692,0.013772,8037679
4,2020-12-27,3415,114355,1993,104479,1422,9876,0,0,3415,114107,0.014197,0,0,0.0,3415,114107,0.014197,8037679
4,2020-12-28,14955,129310,9241,113720,5714,15590,0,0,14925,129031,0.016053,1,1,0.0,14925,129032,0.016053,8037679
4,2020-12-29,15242,144552,8432,122152,6810,22400,0,0,15209,144240,0.017945,0,1,0.0,15209,144241,0.017946,8037679
4,2020-12-30,18847,163399,11027,133179,7820,30220,0,0,18835,163073,0.020289,2,3,0.0,18835,163076,0.020289,8037679
4,2020-12-31,8195,171594,3320,136499,4875,35095,0,0,8189,171259,0.021307,3,6,1e-06,8189,171265,0.021308,8037679
4,2021-01-01,1264,172858,537,137036,727,35822,0,0,1262,172519,0.021464,2,8,1e-06,1262,172527,0.021465,8037679
4,2021-01-02,5673,178531,3200,140236,2473,38295,0,0,5672,178190,0.022169,1,9,1e-06,5672,178199,0.02217,8037679
4,2021-01-03,2123,180654,1258,141494,865,39160,0,0,2109,180295,0.022431,4,13,2e-06,2109,180308,0.022433,8037679
4,2021-01-04,12963,193617,7065,148559,5898,45058,0,0,12915,193180,0.024034,30,43,5e-06,12915,193223,0.02404,8037679
4,2021-01-05,16792,210409,9932,158491,6860,51918,0,0,14765,205950,0.025623,2006,2049,0.000255,14776,207999,0.025878,8037679
4,2021-01-06,21463,231872,13146,171637,8317,60235,0,0,15605,215762,0.026844,5806,7855,0.000977,15618,223617,0.027821,8037679
4,2021-01-07,27769,259641,16932,188569,10837,71072,0,0,16972,222010,0.027621,10740,18595,0.002313,16988,240605,0.029935,8037679
4,2021-01-08,32627,292268,20923,209492,11704,82776,0,0,18481,226433,0.028171,14077,32672,0.004065,18500,259105,0.032236,8037679
4,2021-01-09,16167,308435,9560,219052,6607,89383,0,0,9423,229146,0.028509,6721,39393,0.004901,9434,268539,0.03341,8037679
4,2021-01-10,8712,317147,5627,224679,3085,92468,0,0,4109,228681,0.028451,4582,43975,0.005471,4117,272656,0.033922,8037679
4,2021-01-11,33278,350425,21810,246489,11468,103936,0,0,18781,233046,0.028994,14455,58430,0.00727,18820,291476,0.036264,8037679
4,2021-01-12,38263,388688,22016,268505,16247,120183,0,0,24247,243366,0.030278,13967,72397,0.009007,24287,315763,0.039285,8037679
4,2021-01-13,38444,427132,18916,287421,19528,139711,0,0,27238,259477,0.032283,11152,83549,0.010395,27263,343026,0.042677,8037679
4,2021-01-14,38958,466090,14885,302306,24073,163784,0,0,31913,284419,0.035386,6999,90548,0.011265,31941,374967,0.046651,8037679
4,2021-01-15,45104,511194,15608,317914,29496,193280,0,0,39591,318574,0.039635,5456,96004,0.011944,39611,414578,0.051579,8037679
4,2021-01-16,28522,539716,9325,327239,19197,212477,0,0,25418,340941,0.042418,3067,99071,0.012326,25434,440012,0.054744,8037679
4,2021-01-17,18954,558670,6653,333892,12301,224778,0,0,17445,356917,0.044405,1484,100555,0.01251,17460,457472,0.056916,8037679
4,2021-01-18,29365,588035,13600,347492,15765,240543,0,0,23404,374485,0.046591,5867,106422,0.01324,23435,480907,0.059832,8037679
4,2021-01-19,45932,633967,23106,370598,22826,263369,0,0,36628,401937,0.050007,9249,115671,0.014391,36701,517608,0.064398,8037679
4,2021-01-20,51584,685551,27346,397944,24238,287607,0,0,41208,432919,0.053861,10280,125951,0.01567,41262,558870,0.069531,8037679
4,2021-01-21,56273,741824,24867,422811,31406,319013,0,0,49890,476529,0.059287,6322,132273,0.016457,49932,608802,0.075744,8037679
4,2021-01-22,54843,796667,22042,444853,32801,351814,0,0,49765,521338,0.064862,4984,137257,0.017077,49793,658595,0.081938,8037679
4,2021-01-23,39367,836034,17391,462244,21976,373790,0,0,35073,552155,0.068696,4285,141542,0.01761,35102,693697,0.086306,8037679
4,2021-01-24,23905,859939,10490,472734,13415,387205,0,0,22036,572346,0.071208,1861,143403,0.017841,22052,715749,0.089049,8037679
4,2021-01-25,47672,907611,22057,494791,25615,412820,0,0,36624,598006,0.0744,11018,154421,0.019212,36678,752427,0.093612,8037679
4,2021-01-26,56291,963902,28744,523535,27547,440367,0,0,44179,630185,0.078404,12058,166479,0.020712,44237,796664,0.099116,8037679
4,2021-01-27,55070,1018972,26567,550102,28503,468870,0,0,44248,663735,0.082578,10751,177230,0.02205,44301,840965,0.104628,8037679
4,2021-01-28,56123,1075095,25342,575444,30781,499651,0,0,46259,700261,0.087122,9774,187004,0.023266,46300,887265,0.110388,8037679
4,2021-01-29,56082,1131177,26997,602441,29085,528736,0,0,45826,735999,0.091569,10116,197120,0.024524,45854,933119,0.116093,8037679
4,2021-01-30,37529,1168706,17107,619548,20422,549158,0,0,32244,763027,0.094931,5240,202360,0.025176,32268,965387,0.120108,8037679
4,2021-01-31,23780,1192486,12487,632035,11293,560451,0,0,22190,783659,0.097498,1573,203933,0.025372,22205,987592,0.12287,8037679
4,2021-02-01,49613,1242099,24091,656126,25522,585973,0,0,38050,810220,0.100803,11526,215459,0.026806,38087,1025679,0.127609,8037679
4,2021-02-02,54846,1296945,25316,681442,29530,615503,0,0,42152,839781,0.104481,12633,228092,0.028378,42194,1067873,0.132858,8037679
4,2021-02-03,61722,1358667,30322,711764,31400,646903,0,0,47553,873328,0.108654,14061,242153,0.030127,47608,1115481,0.138781,8037679
4,2021-02-04,67251,1425918,31339,743103,35912,682815,0,0,50639,907610,0.112919,16463,258616,0.032175,50745,1166226,0.145095,8037679
4,2021-02-05,72710,1498628,33694,776797,39016,721831,0,0,50795,936862,0.116559,21675,280291,0.034872,50927,1217153,0.151431,8037679
4,2021-02-06,48055,1546683,26037,802834,22018,743849,0,0,36636,962311,0.119725,11387,291678,0.036289,36836,1253989,0.156014,8037679
4,2021-02-07,26316,1572999,17375,820209,8941,752790,0,0,19935,976127,0.121444,6355,298033,0.037079,20171,1274160,0.158523,8037679
4,2021-02-08,58196,1631195,29908,850117,28288,781078,0,0,37910,994133,0.123684,20161,318194,0.039588,38167,1312327,0.163272,8037679
4,2021-02-09,66909,1698104,34095,884212,32814,813892,0,0,39304,1006301,0.125198,27537,345731,0.043014,39705,1352032,0.168212,8037679
4,2021-02-10,76855,1774959,38449,922661,38406,852298,0,0,40860,1011933,0.125899,35768,381499,0.047464,41400,1393432,0.173362,8037679
4,2021-02-11,80696,1855655,42100,964761,38596,890894,0,0,41757,1015627,0.126358,38724,420223,0.052282,42418,1435850,0.17864,8037679
4,2021-02-12,83817,1939472,37567,1002328,46250,937144,0,0,43250,1019275,0.126812,40387,460610,0.057306,44035,1479885,0.184118,8037679
4,2021-02-13,58398,1997870,29623,1031951,28775,965919,0,0,29822,1021536,0.127093,28458,489068,0.060847,30719,1510604,0.18794,8037679
4,2021-02-14,36571,2034441,18972,1050923,17599,983518,0,0,18826,1023321,0.127315,17698,506766,0.063049,19483,1530087,0.190364,8037679
4,2021-02-15,45896,2080337,21497,1072420,24399,1007917,0,0,23664,1025991,0.127648,22167,528933,0.065807,24837,1554924,0.193454,8037679
4,2021-02-16,79525,2159862,36403,1108823,43122,1051039,0,0,40635,1029045,0.128028,38795,567728,0.070633,41849,1596773,0.198661,8037679
4,2021-02-17,80900,2240762,38167,1146990,42733,1093772,0,0,38670,1026769,0.127744,42075,609803,0.075868,39799,1636572,0.203613,8037679
4,2021-02-18,82656,2323418,45486,1192476,37170,1130942,0,0,38317,1022368,0.127197,44192,653995,0.081366,39791,1676363,0.208563,8037679
4,2021-02-19,81690,2405108,51391,1243867,30299,1161241,0,0,41028,1023559,0.127345,40528,694523,0.086408,41719,1718082,0.213753,8037679
4,2021-02-20,48262,2453370,32229,1276096,16033,1177274,0,0,26435,1028904,0.12801,21776,716299,0.089118,27121,1745203,0.217128,8037679
4,2021-02-21,28779,2482149,23158,1299254,5621,1182895,0,0,13909,1028283,0.127933,14812,731111,0.09096,14191,1759394,0.218893,8037679
4,2021-02-22,52330,2534479,36064,1335318,16266,1199161,0,0,25497,1027468,0.127831,26751,757862,0.094289,25936,1785330,0.22212,8037679
4,2021-02-23,73122,2607601,40589,1375907,32533,1231694,0,0,32414,1020955,0.127021,40588,798450,0.099338,34075,1819405,0.22636,8037679
4,2021-02-24,87927,2695528,46391,1422298,41536,1273230,0,0,39967,1015304,0.126318,47765,846215,0.105281,42114,1861519,0.231599,8037679
4,2021-02-25,98171,2793699,51137,1473435,47034,1320264,0,0,47187,1014200,0.126181,50836,897051,0.111606,49732,1911251,0.237786,8037679
4,2021-02-26,104132,2897831,52524,1525959,51608,1371872,0,0,53916,1020451,0.126958,50001,947052,0.117827,56252,1967503,0.244785,8037679
4,2021-02-27,75610,2973441,41281,1567240,34323,1406195,6,6,40514,1027473,0.127832,34972,982024,0.122178,41994,2009497,0.25001,8037679
4,2021-02-28,45051,3018492,27934,1595174,17115,1423310,2,8,25102,1033639,0.128599,19818,1001842,0.124643,25984,2035481,0.253242,8037679
4,2021-03-01,75333,3093825,44266,1639440,31048,1454358,19,27,41700,1043116,0.129778,33423,1035265,0.128801,42900,2078381,0.25858,8037679
4,2021-03-02,84498,3178323,48701,1688141,35792,1490150,5,32,50255,1061062,0.132011,34097,1069362,0.133044,52043,2130424,0.265055,8037679
4,2021-03-03,98884,3277207,52487,1740628,46385,1536535,12,44,55176,1074498,0.133683,43521,1112883,0.138458,56957,2187381,0.272141,8037679
4,2021-03-04,96092,3373299,53474,1794102,42603,1579138,15,59,52902,1086184,0.135137,43000,1155883,0.143808,54686,2242067,0.278945,8037679
4,2021-03-05,93775,3467074,50703,1844805,42760,1621898,312,371,55726,1106281,0.137637,37863,1193746,0.148519,57960,2300027,0.286156,8037679
4,2021-03-06,75666,3542740,42722,1887527,30342,1652240,2602,2973,46523,1127710,0.140303,29040,1222786,0.152132,50469,2350496,0.292435,8037679
4,2021-03-07,42372,3585112,27148,1914675,14064,1666304,1160,4133,25449,1138540,0.14165,16866,1239652,0.15423,27696,2378192,0.29588,8037679
4,2021-03-08,65912,3651024,34578,1949253,28165,1694469,3169,7302,43607,1164451,0.144874,22206,1261858,0.156993,48117,2426309,0.301867,8037679
4,2021-03-09,80714,3731738,41036,1990289,34577,1729046,5101,12403,43691,1177498,0.146497,36876,1298734,0.161581,49923,2476232,0.308078,8037679
4,2021-03-10,90303,3822041,46763,2037052,36136,1765182,7404,19807,45762,1187250,0.147711,44389,1343123,0.167103,54141,2530373,0.314814,8037679
4,2021-03-11,99959,3922000,52611,2089663,38991,1804173,8357,28164,46316,1189610,0.148004,53445,1396568,0.173753,55805,2586178,0.321757,8037679
4,2021-03-12,103958,4025958,51367,2141030,42346,1846519,10245,38409,44618,1186306,0.147593,59122,1455690,0.181108,55818,2641996,0.328701,8037679
4,2021-03-13,80397,4106355,37597,2178627,34423,1880942,8377,46786,37823,1191200,0.148202,42459,1498149,0.186391,47353,2689349,0.334593,8037679
4,2021-03-14,49417,4155772,28283,2206910,17533,1898475,3601,50387,23341,1192782,0.148399,25996,1524145,0.189625,27578,2716927,0.338024,8037679
4,2021-03-15,83414,4239186,44837,2251747,34354,1932829,4223,54610,42904,1200436,0.149351,40314,1564459,0.194641,47968,2764895,0.343992,8037679
4,2021-03-16,107045,4346231,55713,2307460,47950,1980779,3382,57992,57007,1211699,0.150752,49831,1614290,0.20084,61094,2825989,0.351593,8037679
4,2021-03-17,105674,4451905,56903,2364363,45345,2026124,3426,61418,62192,1234632,0.153606,43257,1657547,0.206222,66190,2892179,0.359828,8037679
4,2021-03-18,105874,4557779,58715,2423078,43520,2069644,3639,65057,60675,1254428,0.156068,44957,1702504,0.211815,64753,2956932,0.367884,8037679
4,2021-03-19,110320,4668099,63445,2486523,41720,2111364,5155,70212,63644,1277184,0.1589,46457,1748961,0.217595,69213,3026145,0.376495,8037679
4,2021-03-20,82900,4750999,48559,2535082,31361,2142725,2980,73192,51250,1300198,0.161763,31531,1780492,0.221518,54545,3080690,0.383281,8037679
4,2021-03-21,47777,4798776,34649,2569731,10868,2153593,2260,75452,29030,1313193,0.16338,18650,1799142,0.223838,31645,3112335,0.387218,8037679
4,2021-03-22,81485,4880261,53353,2623084,25434,2179027,2698,78150,51464,1338242,0.166496,29831,1828973,0.22755,54880,3167215,0.394046,8037679
4,2021-03-23,103676,4983937,61944,2685028,39594,2218621,2138,80288,62041,1361562,0.169397,41390,1870363,0.232699,64710,3231925,0.402097,8037679
4,2021-03-24,112775,5096712,72890,2757918,37510,2256131,2375,82663,64164,1380348,0.171735,48215,1918578,0.238698,67001,3298926,0.410433,8037679
4,2021-03-25,116163,5212875,71653,2829571,42154,2298285,2356,85019,67045,1401530,0.17437,48698,1967276,0.244757,69880,3368806,0.419127,8037679
4,2021-03-26,118911,5331786,72300,2901871,43591,2341876,3020,88039,65623,1417795,0.176394,52980,2020256,0.251348,69245,3438051,0.427742,8037679
4,2021-03-27,90792,5422578,53939,2955810,35069,2376945,1784,89823,46473,1422407,0.176967,44120,2064376,0.256837,48732,3486783,0.433805,8037679
4,2021-03-28,55413,5477991,36622,2992432,17926,2394871,865,90688,30028,1428363,0.177708,25257,2089633,0.25998,31213,3517996,0.437688,8037679
4,2021-03-29,92854,5570845,55877,3048309,34917,2429788,2060,92748,50873,1440065,0.179164,41782,2131415,0.265178,53484,3571480,0.444342,8037679
4,2021-03-30,116520,5687365,63684,3111993,48698,2478486,4138,96886,69363,1467045,0.182521,46966,2178381,0.271021,73946,3645426,0.453542,8037679
4,2021-03-31,120245,5807610,71174,3183167,42795,2521281,6276,103162,67928,1489438,0.185307,52032,2230413,0.277495,74425,3719851,0.462802,8037679
4,2021-04-01,141446,5949056,80906,3264073,47407,2568688,13133,116295,83732,1529154,0.190248,57398,2287811,0.284636,97114,3816965,0.474884,8037679
4,2021-04-02,135514,6084570,72553,3336626,49507,2618195,13454,129749,78554,1564831,0.194687,56709,2344520,0.291691,92386,3909351,0.486378,8037679
4,2021-04-03,100364,6184934,53618,3390244,33541,2651736,13205,142954,52516,1583161,0.196967,47681,2392201,0.297623,66011,3975362,0.494591,8037679
4,2021-04-04,46702,6231636,24653,3414897,14556,2666292,7493,150447,20483,1585054,0.197203,26135,2418336,0.300875,28028,4003390,0.498078,8037679
4,2021-04-05,108586,6340222,61214,3476111,34705,2700997,12667,163114,56847,1603601,0.19951,51565,2469901,0.30729,70112,4073502,0.506801,8037679
4,2021-04-06,137735,6477957,77687,3553798,40442,2741439,19606,182720,71737,1629819,0.202772,65800,2535701,0.315477,92018,4165520,0.518249,8037679
4,2021-04-07,136262,6614219,77402,3631200,38321,2779760,20539,203259,70757,1656175,0.206051,65297,2600998,0.323601,91653,4257173,0.529652,8037679
4,2021-04-08,138323,6752542,77353,3708553,35836,2815596,25134,228393,68890,1681678,0.209224,69193,2670191,0.332209,94696,4351869,0.541434,8037679
4,2021-04-09,135787,6888329,74599,3783152,38554,2854150,22634,251027,64904,1699585,0.211452,70701,2740892,0.341005,88608,4440477,0.552458,8037679
4,2021-04-10,101903,6990232,50487,3833639,32910,2887060,18506,269533,45936,1709312,0.212662,55788,2796680,0.347946,65515,4505992,0.560609,8037679
4,2021-04-11,61838,7052070,37689,3871328,13045,2900105,11104,280637,27115,1713974,0.213242,34643,2831323,0.352256,39305,4545297,0.565499,8037679
4,2021-04-12,101574,7153644,61760,3933088,29821,2929926,9993,290630,51308,1726480,0.214798,50014,2881337,0.358479,62520,4607817,0.573277,8037679
4,2021-04-13,128886,7282530,80851,4013939,47881,2977807,154,290784,77342,1753521,0.218163,51304,2932641,0.364862,78345,4686162,0.583024,8037679
4,2021-04-14,133813,7416343,85269,4099208,48471,3026278,73,290857,74509,1770257,0.220245,59044,2991685,0.372208,75780,4761942,0.592452,8037679
4,2021-04-15,154194,7570537,102748,4201956,51412,3077690,34,290891,95122,1807378,0.224863,58773,3050458,0.37952,95894,4857836,0.604383,8037679
4,2021-04-16,141599,7712136,89930,4291886,51594,3129284,75,290966,82789,1832347,0.22797,58592,3109050,0.386809,83561,4941397,0.614779,8037679
4,2021-04-17,99659,7811795,62941,4354827,36710,3165994,8,290974,58539,1851112,0.230304,40905,3149955,0.391899,59670,5001067,0.622203,8037679
4,2021-04-18,53827,7865622,35978,4390805,17846,3183840,3,290977,30648,1859620,0.231363,23082,3173037,0.39477,31590,5032657,0.626133,8037679
4,2021-04-19,99995,7965617,66097,4456902,33885,3217725,13,290990,51269,1862951,0.231777,48536,3221573,0.400809,51867,5084524,0.632586,8037679
4,2021-04-20,126841,8092458,74461,4531363,52372,3270097,8,290998,66619,1870641,0.232734,59975,3281548,0.408271,67665,5152189,0.641005,8037679
4,2021-04-21,126841,8219299,81440,4612803,45351,3315448,50,291048,64119,1873345,0.23307,62463,3344011,0.416042,65167,5217356,0.649112,8037679
4,2021-04-22,136702,8356001,90107,4702910,46577,3362025,18,291066,61286,1860617,0.231487,75118,3419129,0.425388,62390,5279746,0.656874,8037679
4,2021-04-23,130003,8486004,84098,4787008,45884,3407909,21,291087,56489,1845018,0.229546,73235,3492364,0.434499,57636,5337382,0.664045,8037679
4,2021-04-24,96981,8582985,65881,4852889,31049,3438958,51,291138,44794,1838962,0.228793,51940,3544304,0.440961,45884,5383266,0.669754,8037679
4,2021-04-25,49227,8632212,35040,4887929,14163,3453121,24,291162,25995,1842284,0.229206,23121,3567425,0.443838,26443,5409709,0.673044,8037679
4,2021-04-26,83331,8715543,55184,4943113,27773,3480894,374,291536,32901,1826633,0.227259,50194,3617619,0.450083,34543,5444252,0.677341,8037679
4,2021-04-27,105598,8821141,65000,5008113,38806,3519700,1792,293328,38307,1800432,0.223999,67029,3684648,0.458422,40828,5485080,0.682421,8037679
4,2021-04-28,99254,8920395,64443,5072556,32333,3552033,2478,295806,35551,1775608,0.220911,63471,3748119,0.466319,38647,5523727,0.687229,8037679
4,2021-04-29,100574,9020969,63696,5136252,34387,3586420,2491,298297,31496,1741350,0.216648,68815,3816934,0.47488,34557,5558284,0.691528,8037679
4,2021-04-30,101252,9122221,63707,5199959,34908,3621328,2637,300934,34476,1712606,0.213072,66469,3883403,0.48315,37725,5596009,0.696222,8037679
4,2021-05-01,68158,9190379,45442,5245401,20976,3642304,1740,302674,19818,1686613,0.209838,48172,3931575,0.489143,22179,5618188,0.698981,8037679
4,2021-05-02,37130,9227509,26306,5271707,9553,3651857,1271,303945,10501,1671989,0.208019,26533,3958108,0.492444,11909,5630097,0.700463,8037679
4,2021-05-03,77518,9305027,54241,5325948,20836,3672693,2441,306386,19057,1635565,0.203487,58259,4016367,0.499692,21835,5651932,0.70318,8037679
4,2021-05-04,97908,9402935,66499,5392447,28689,3701382,2720,309106,22218,1585417,0.197248,75443,4091810,0.509079,25295,5677227,0.706327,8037679
4,2021-05-05,98575,9501510,69167,5461614,26707,3728089,2701,311807,21471,1533036,0.190731,76830,4168640,0.518637,24449,5701676,0.709368,8037679
4,2021-05-06,108739,9610249,81387,5543001,24457,3752546,2895,314702,19384,1467465,0.182573,88963,4257603,0.529706,23392,5725068,0.712279,8037679
4,2021-05-07,102331,9712580,73460,5616461,26210,3778756,2661,317363,20237,1408978,0.175297,81783,4339386,0.53988,23296,5748364,0.715177,8037679
4,2021-05-08,65866,9778446,45060,5661521,18948,3797704,1858,319221,13123,1371740,0.170664,52548,4391934,0.546418,15310,5763674,0.717082,8037679
4,2021-05-09,33151,9811597,27035,5688556,5183,3802887,933,320154,7816,1355346,0.168624,25233,4417167,0.549558,8839,5772513,0.718182,8037679
4,2021-05-10,62239,9873836,41503,5730059,18471,3821358,2265,322419,10791,1317417,0.163905,51281,4468448,0.555938,13352,5785865,0.719843,8037679
4,2021-05-11,76442,9950278,46789,5776848,27654,3849012,1999,324418,14914,1273420,0.158431,61325,4529773,0.563567,17328,5803193,0.721999,8037679
4,2021-05-12,72549,10022827,47717,5824565,22593,3871605,2239,326657,15945,1235529,0.153717,56385,4586158,0.570582,18494,5821687,0.7243,8037679
4,2021-05-13,94706,10117533,69680,5894245,23613,3895218,1413,328070,36415,1216236,0.151317,58025,4644183,0.577802,38732,5860419,0.729118,8037679
4,2021-05-14,100838,10218371,71010,5965255,27751,3922969,2077,330147,39249,1196744,0.148892,61328,4705511,0.585432,41836,5902255,0.734323,8037679
4,2021-05-15,81447,10299818,62824,6028079,17437,3940406,1186,331333,35826,1188596,0.147878,45430,4750941,0.591084,37282,5939537,0.738962,8037679
4,2021-05-16,46757,10346575,38098,6066177,7971,3948377,688,332021,19040,1180852,0.146915,27600,4778541,0.594518,19856,5959393,0.741432,8037679
4,2021-05-17,68679,10415254,50152,6116329,16729,3965106,1798,333819,28603,1171567,0.145759,39905,4818446,0.599482,30620,5990013,0.745242,8037679
4,2021-05-18,78689,10493943,51066,6167395,25902,3991008,1721,335540,29450,1154180,0.143596,48908,4867354,0.605567,31521,6021534,0.749163,8037679
4,2021-05-19,73483,10567426,49400,6216795,22217,4013225,1866,337406,31194,1145443,0.142509,42061,4909415,0.6108,33324,6054858,0.753309,8037679
4,2021-05-20,53474,10620900,34155,6250950,17787,4031012,1532,338938,20279,1134464,0.141143,33008,4942423,0.614907,22029,6076887,0.75605,8037679
4,2021-05-21,37141,10658041,23326,6274276,12820,4043832,995,339933,11015,1120560,0.139413,25997,4968420,0.618141,12093,6088980,0.757555,8037679
