vemquartile,administered_date,total_doses,cumulative_total_doses,pfizer_doses,cumulative_pfizer_doses,moderna_doses,cumulative_moderna_doses,jj_doses,cumulative_jj_doses,partially_vaccinated,total_partially_vaccinated,pct_age12pop_partially_vaccinated,fully_vaccinated,cumulative_fully_vaccinated,pct_age12pop_fully_vaccinated,at_least_one_dose,cumulative_at_least_one_dose,pct_age12pop_at_least_one_dose,age12_population
1,2020-12-15,153,153,153,153,0,0,0,0,153,153,1.8e-05,0,0,0.0,153,153,1.8e-05,8700223
1,2020-12-16,1260,1413,1260,1413,0,0,0,0,1260,1413,0.000162,0,0,0.0,1260,1413,0.000162,8700223
1,2020-12-17,4162,5575,4162,5575,0,0,0,0,4164,5577,0.000641,0,0,0.0,4164,5577,0.000641,8700223
1,2020-12-18,6405,11980,6381,11956,24,24,0,0,6410,11986,0.001378,1,1,0.0,6410,11987,0.001378,8700223
1,2020-12-19,2896,14876,2893,14849,3,27,0,0,2895,14880,0.00171,1,2,0.0,2895,14882,0.001711,8700223
1,2020-12-20,2139,17015,2127,16976,12,39,0,0,2141,17021,0.001956,0,2,0.0,2141,17023,0.001957,8700223
1,2020-12-21,7699,24714,7679,24655,20,59,0,0,7747,24768,0.002847,1,3,0.0,7748,24771,0.002847,8700223
1,2020-12-22,7380,32094,7028,31683,352,411,0,0,7379,32145,0.003695,2,5,1e-06,7379,32150,0.003695,8700223
1,2020-12-23,7934,40028,6653,38336,1281,1692,0,0,7933,40077,0.004606,2,7,1e-06,7934,40084,0.004607,8700223
1,2020-12-24,3317,43345,2365,40701,952,2644,0,0,3315,43392,0.004987,0,7,1e-06,3315,43399,0.004988,8700223
1,2020-12-25,239,43584,155,40856,84,2728,0,0,239,43631,0.005015,0,7,1e-06,239,43638,0.005016,8700223
1,2020-12-26,1374,44958,978,41834,396,3124,0,0,1373,45003,0.005173,1,8,1e-06,1373,45011,0.005174,8700223
1,2020-12-27,881,45839,547,42381,334,3458,0,0,881,45883,0.005274,1,9,1e-06,881,45892,0.005275,8700223
1,2020-12-28,7144,52983,4797,47178,2347,5805,0,0,7141,53024,0.006095,0,9,1e-06,7141,53033,0.006096,8700223
1,2020-12-29,9084,62067,5060,52238,4024,9829,0,0,9079,62101,0.007138,2,11,1e-06,9079,62112,0.007139,8700223
1,2020-12-30,11801,73868,6551,58789,5250,15079,0,0,11797,73895,0.008493,3,14,2e-06,11797,73909,0.008495,8700223
1,2020-12-31,6053,79921,1967,60756,4086,19165,0,0,6050,79941,0.009188,5,19,2e-06,6051,79960,0.009191,8700223
1,2021-01-01,648,80569,264,61020,384,19549,0,0,644,80583,0.009262,2,21,2e-06,644,80604,0.009265,8700223
1,2021-01-02,2941,83510,1776,62796,1165,20714,0,0,2941,83524,0.0096,0,21,2e-06,2941,83545,0.009603,8700223
1,2021-01-03,1064,84574,556,63352,508,21222,0,0,1062,84583,0.009722,3,24,3e-06,1062,84607,0.009725,8700223
1,2021-01-04,7425,91999,3609,66961,3816,25038,0,0,7428,92009,0.010575,2,26,3e-06,7428,92035,0.010578,8700223
1,2021-01-05,11015,103014,5307,72268,5708,30746,0,0,10207,101452,0.011661,790,816,9.4e-05,10233,102268,0.011755,8700223
1,2021-01-06,14179,117193,7097,79365,7082,37828,0,0,12219,111768,0.012847,1921,2737,0.000315,12237,114505,0.013161,8700223
1,2021-01-07,17641,134834,9158,88523,8483,46311,0,0,13126,120482,0.013848,4425,7162,0.000823,13139,127644,0.014671,8700223
1,2021-01-08,20237,155071,10472,98995,9765,56076,0,0,14250,128783,0.014802,5969,13131,0.001509,14270,141914,0.016312,8700223
1,2021-01-09,6706,161777,3418,102413,3288,59364,0,0,4825,131737,0.015142,1874,15005,0.001725,4828,146742,0.016866,8700223
1,2021-01-10,3119,164896,1782,104195,1337,60701,0,0,1913,132458,0.015225,1193,16198,0.001862,1914,148656,0.017086,8700223
1,2021-01-11,18216,183112,11902,116097,6314,67015,0,0,11574,137452,0.015799,6624,22822,0.002623,11618,160274,0.018422,8700223
1,2021-01-12,19268,202380,11029,127126,8239,75254,0,0,13188,144647,0.016626,6040,28862,0.003317,13235,173509,0.019943,8700223
1,2021-01-13,19914,222294,10768,137894,9146,84400,0,0,14728,154236,0.017728,5160,34022,0.00391,14749,188258,0.021638,8700223
1,2021-01-14,22205,244499,9538,147432,12667,97067,0,0,19352,170870,0.01964,2784,36806,0.00423,19418,207676,0.02387,8700223
1,2021-01-15,25310,269809,9270,156702,16040,113107,0,0,23340,192355,0.022109,1926,38732,0.004452,23411,231087,0.026561,8700223
1,2021-01-16,13953,283762,4573,161275,9380,122487,0,0,13051,204518,0.023507,893,39625,0.004554,13056,244143,0.028062,8700223
1,2021-01-17,5212,288974,2045,163320,3167,125654,0,0,4836,208982,0.02402,375,40000,0.004598,4839,248982,0.028618,8700223
1,2021-01-18,14450,303424,8673,171993,5777,131431,0,0,11226,217057,0.024948,3210,43210,0.004967,11285,260267,0.029915,8700223
1,2021-01-19,24836,328260,12948,184941,11888,143319,0,0,19528,231362,0.026593,5281,48491,0.005574,19586,279853,0.032166,8700223
1,2021-01-20,29516,357776,14779,199720,14737,158056,0,0,23537,249049,0.028626,5894,54385,0.006251,23581,303434,0.034877,8700223
1,2021-01-21,31392,389168,14814,214534,16578,174634,0,0,27994,273823,0.031473,3326,57711,0.006633,28100,331534,0.038106,8700223
1,2021-01-22,28526,417694,11357,225891,17169,191803,0,0,26407,298210,0.034276,2051,59762,0.006869,26438,357972,0.041145,8700223
1,2021-01-23,18740,436434,8224,234115,10516,202319,0,0,16767,313045,0.035981,1943,61705,0.007092,16778,374750,0.043074,8700223
1,2021-01-24,6682,443116,4165,238280,2517,204836,0,0,6018,318412,0.036598,656,62361,0.007168,6023,380773,0.043766,8700223
1,2021-01-25,25605,468721,10580,248860,15025,219861,0,0,19738,332446,0.038211,5819,68180,0.007837,19853,400626,0.046048,8700223
1,2021-01-26,28955,497676,13574,262434,15381,235242,0,0,22125,347829,0.039979,6769,74949,0.008615,22152,422778,0.048594,8700223
1,2021-01-27,32825,530501,15626,278060,17199,252441,0,0,24562,364289,0.041871,8191,83140,0.009556,24651,447429,0.051427,8700223
1,2021-01-28,35095,565596,16530,294590,18565,271006,0,0,28002,385399,0.044298,7023,90163,0.010363,28133,475562,0.054661,8700223
1,2021-01-29,33873,599469,16557,311147,17316,288322,0,0,27141,406056,0.046672,6583,96746,0.01112,27240,502802,0.057792,8700223
1,2021-01-30,20230,619699,8754,319901,11476,299798,0,0,17993,421931,0.048497,2204,98950,0.011373,18079,520881,0.05987,8700223
1,2021-01-31,7741,627440,5035,324936,2706,302504,0,0,7014,428230,0.049221,718,99668,0.011456,7017,527898,0.060676,8700223
1,2021-02-01,29252,656692,12618,337554,16634,319138,0,0,21326,441691,0.050768,7875,107543,0.012361,21336,549234,0.063129,8700223
1,2021-02-02,32897,689589,11879,349433,21018,340156,0,0,24541,458005,0.052643,8265,115808,0.013311,24579,573813,0.065954,8700223
1,2021-02-03,39783,729372,15290,364723,24493,364649,0,0,28513,475527,0.054657,11094,126902,0.014586,28616,602429,0.069243,8700223
1,2021-02-04,44258,773630,17228,381951,27030,391679,0,0,31795,495103,0.056907,12335,139237,0.016004,31911,634340,0.072911,8700223
1,2021-02-05,47119,820749,17208,399159,29911,421590,0,0,30712,509683,0.058583,16251,155488,0.017872,30831,665171,0.076454,8700223
1,2021-02-06,26683,847432,10566,409725,16117,437707,0,0,20687,524497,0.060285,5946,161434,0.018555,20760,685931,0.078841,8700223
1,2021-02-07,6330,853762,4077,413802,2253,439960,0,0,4673,527555,0.060637,1634,163068,0.018743,4692,690623,0.07938,8700223
1,2021-02-08,31826,885588,14529,428331,17297,457257,0,0,21137,538212,0.061862,10585,173653,0.01996,21242,711865,0.081821,8700223
1,2021-02-09,38724,924312,17068,445399,21656,478913,0,0,23763,547169,0.062891,14923,188576,0.021675,23880,735745,0.084566,8700223
1,2021-02-10,47522,971834,22218,467617,25304,504217,0,0,26969,553827,0.063657,20408,208984,0.024021,27066,762811,0.087677,8700223
1,2021-02-11,52233,1024067,25543,493160,26690,530907,0,0,31029,564098,0.064837,20884,229868,0.026421,31155,793966,0.091258,8700223
1,2021-02-12,50296,1074363,21651,514811,28645,559552,0,0,28805,571731,0.065715,21317,251185,0.028871,28950,822916,0.094586,8700223
1,2021-02-13,26508,1100871,11540,526351,14968,574520,0,0,15257,575887,0.066192,11182,262367,0.030156,15338,838254,0.096349,8700223
1,2021-02-14,11819,1112690,5588,531939,6231,580751,0,0,6719,577607,0.06639,5069,267436,0.030739,6789,845043,0.097129,8700223
1,2021-02-15,24054,1136744,9449,541388,14605,595356,0,0,14604,583004,0.06701,9324,276760,0.031811,14721,859764,0.098821,8700223
1,2021-02-16,47330,1184074,22565,563953,24765,620121,0,0,27483,590860,0.067913,19753,296513,0.034081,27609,887373,0.101994,8700223
1,2021-02-17,48687,1232761,24681,588634,24006,644127,0,0,26127,594741,0.068359,22399,318912,0.036656,26280,913653,0.105015,8700223
1,2021-02-18,51326,1284087,25720,614354,25606,669733,0,0,26506,596932,0.068611,24561,343473,0.039479,26752,940405,0.10809,8700223
1,2021-02-19,46804,1330891,25370,639724,21434,691167,0,0,26112,602591,0.069262,20519,363992,0.041837,26178,966583,0.111099,8700223
1,2021-02-20,27886,1358777,16935,656659,10951,702118,0,0,15870,606603,0.069723,11945,375937,0.04321,15957,982540,0.112933,8700223
1,2021-02-21,12490,1371267,10721,667380,1769,703887,0,0,7480,609192,0.07002,4944,380881,0.043778,7533,990073,0.113799,8700223
1,2021-02-22,31744,1403011,20804,688184,10940,714827,0,0,18175,614016,0.070575,13461,394342,0.045326,18285,1008358,0.1159,8700223
1,2021-02-23,45985,1448996,22363,710547,23622,738449,0,0,25187,619080,0.071157,20496,414838,0.047681,25560,1033918,0.118838,8700223
1,2021-02-24,55951,1504947,27005,737552,28946,767395,0,0,30711,625260,0.071867,24990,439828,0.050554,31170,1065088,0.122421,8700223
1,2021-02-25,68678,1573625,33366,770918,35312,802707,0,0,42447,642222,0.073817,25990,465818,0.053541,42952,1108040,0.127358,8700223
1,2021-02-26,76717,1650342,35973,806891,40744,843451,0,0,50034,666379,0.076593,26363,492181,0.056571,50520,1158560,0.133164,8700223
1,2021-02-27,52875,1703217,24323,831214,28542,871993,10,10,34650,683304,0.078539,18008,510189,0.058641,34933,1193493,0.13718,8700223
1,2021-02-28,20343,1723560,12094,843308,8247,880240,2,12,14856,692920,0.079644,5386,515575,0.05926,15002,1208495,0.138904,8700223
1,2021-03-01,46530,1770090,21516,864824,24946,905186,68,80,29835,706590,0.081215,16484,532059,0.061155,30154,1238649,0.14237,8700223
1,2021-03-02,65049,1835139,28074,892898,36963,942149,12,92,41358,725111,0.083344,23499,555558,0.063856,42020,1280669,0.1472,8700223
1,2021-03-03,72259,1907398,34383,927281,37844,979993,32,124,43858,741452,0.085222,28163,583721,0.067093,44504,1325173,0.152315,8700223
1,2021-03-04,80222,1987620,37570,964851,42615,1022608,37,161,51345,764726,0.087897,28626,612347,0.070383,51900,1377073,0.15828,8700223
1,2021-03-05,79375,2066995,35813,1000664,43353,1065961,209,370,52843,792210,0.091056,26220,638567,0.073397,53704,1430777,0.164453,8700223
1,2021-03-06,58005,2125000,27509,1028173,29151,1095112,1345,1715,39172,814405,0.093607,18685,657252,0.075544,40880,1471657,0.169152,8700223
1,2021-03-07,21036,2146036,13063,1041236,6775,1101887,1198,2913,15542,825928,0.094932,5466,662718,0.076173,16989,1488646,0.171104,8700223
1,2021-03-08,46265,2192301,22564,1063800,21744,1123631,1957,4870,32349,846767,0.097327,13798,676516,0.077758,34637,1523283,0.175086,8700223
1,2021-03-09,67147,2259448,32524,1096324,32102,1155733,2521,7391,41282,865218,0.099448,25678,702194,0.08071,44129,1567412,0.180158,8700223
1,2021-03-10,74162,2333610,36875,1133199,32775,1188508,4512,11903,45508,887073,0.10196,28504,730698,0.083986,50359,1617771,0.185946,8700223
1,2021-03-11,90385,2423995,41476,1174675,40881,1229389,8028,19931,52437,910285,0.104628,37688,768386,0.088318,60900,1678671,0.192946,8700223
1,2021-03-12,99313,2523308,43857,1218532,43136,1272525,12320,32251,57945,939839,0.108025,41122,809508,0.093045,70676,1749347,0.201069,8700223
1,2021-03-13,65433,2588741,29465,1247997,28247,1300772,7721,39972,41541,965639,0.11099,23746,833254,0.095774,49546,1798893,0.206764,8700223
1,2021-03-14,28030,2616771,14996,1262993,9463,1310235,3571,43543,15689,972817,0.111815,12257,845511,0.097183,19435,1818328,0.208998,8700223
1,2021-03-15,65371,2682142,28791,1291784,29833,1340068,6747,50290,38460,991679,0.113983,26677,872188,0.100249,45539,1863867,0.214232,8700223
1,2021-03-16,85831,2767973,39097,1330881,41077,1381145,5657,55947,53075,1018217,0.117033,32526,904714,0.103987,59064,1922931,0.221021,8700223
1,2021-03-17,93343,2861316,45520,1376401,41275,1422420,6548,62495,59962,1051946,0.12091,33123,937837,0.107795,66852,1989783,0.228705,8700223
1,2021-03-18,99043,2960359,51019,1427420,42298,1464718,5726,68221,59780,1079048,0.124025,38877,976714,0.112263,65979,2055762,0.236288,8700223
1,2021-03-19,104119,3064478,54062,1481482,43837,1508555,6220,74441,60797,1103581,0.126845,42990,1019704,0.117204,67523,2123285,0.244049,8700223
1,2021-03-20,72813,3137291,37194,1518676,30397,1538952,5222,79663,46638,1129735,0.129851,25971,1045675,0.120189,52125,2175410,0.250041,8700223
1,2021-03-21,27436,3164727,19073,1537749,6548,1545500,1815,81478,17046,1138395,0.130847,10286,1055961,0.121372,18946,2194356,0.252218,8700223
1,2021-03-22,59358,3224085,30690,1568439,25389,1570889,3279,84757,39837,1162587,0.133627,19287,1075248,0.123589,43479,2237835,0.257216,8700223
1,2021-03-23,83702,3307787,42593,1611032,37451,1608340,3658,88415,51177,1185617,0.136274,32248,1107496,0.127295,55278,2293113,0.263569,8700223
1,2021-03-24,88643,3396430,44782,1655814,39472,1647812,4389,92804,52687,1207216,0.138757,35627,1143123,0.13139,57226,2350339,0.270147,8700223
1,2021-03-25,97671,3494101,49900,1705714,41878,1689690,5893,98697,53957,1223913,0.140676,43348,1186471,0.136372,60045,2410384,0.277049,8700223
1,2021-03-26,106238,3600339,51770,1757484,48116,1737806,6352,105049,56929,1238571,0.142361,48915,1235386,0.141995,63573,2473957,0.284356,8700223
1,2021-03-27,74629,3674968,38487,1795971,31909,1769715,4233,109282,38347,1245306,0.143135,36035,1271421,0.146137,42770,2516727,0.289272,8700223
1,2021-03-28,32917,3707885,21524,1817495,10167,1779882,1226,110508,16459,1247100,0.143341,16337,1287758,0.148014,18131,2534858,0.291356,8700223
1,2021-03-29,68835,3776720,33915,1851410,31751,1811633,3169,113677,37878,1257644,0.144553,30711,1318469,0.151544,41255,2576113,0.296097,8700223
1,2021-03-30,93912,3870632,45877,1897287,41602,1853235,6433,120110,48105,1266684,0.145592,45557,1364026,0.156781,54597,2630710,0.302373,8700223
1,2021-03-31,102225,3972857,53104,1950391,42853,1896088,6268,126378,55983,1283084,0.147477,45886,1409912,0.162055,62286,2692996,0.309532,8700223
1,2021-04-01,113866,4086723,54262,2004653,50741,1946829,8863,135241,57741,1294109,0.148744,55596,1465508,0.168445,66621,2759617,0.317189,8700223
1,2021-04-02,113240,4199963,51687,2056340,51782,1998611,9771,145012,57415,1306125,0.150125,55373,1520881,0.174809,67389,2827006,0.324935,8700223
1,2021-04-03,78585,4278548,39371,2095711,29490,2028101,9724,154736,36804,1311123,0.1507,41574,1562455,0.179588,46572,2873578,0.330288,8700223
1,2021-04-04,23822,4302370,11871,2107582,8465,2036566,3486,158222,9908,1310671,0.150648,13830,1576285,0.181178,13378,2886956,0.331826,8700223
1,2021-04-05,77839,4380209,36969,2144551,31435,2068001,9435,167657,34923,1312488,0.150857,42674,1618959,0.186082,44491,2931447,0.336939,8700223
1,2021-04-06,104850,4485059,49509,2194060,38589,2106590,16752,184409,47362,1319437,0.151656,57150,1676109,0.192651,64099,2995546,0.344307,8700223
1,2021-04-07,112967,4598026,54640,2248700,40598,2147188,17729,202138,50849,1326230,0.152436,61764,1737873,0.19975,68557,3064103,0.352187,8700223
1,2021-04-08,123429,4721455,58296,2306996,43934,2191122,21199,223337,54462,1333385,0.153259,68506,1806379,0.207624,75661,3139764,0.360883,8700223
1,2021-04-09,124692,4846147,56883,2363879,46845,2237967,20964,244301,54597,1339243,0.153932,69696,1876075,0.215635,75554,3215318,0.369567,8700223
1,2021-04-10,97085,4943232,43191,2407070,30969,2268936,22925,267226,38476,1342177,0.154269,58373,1934448,0.222345,61307,3276625,0.376614,8700223
1,2021-04-11,36792,4980024,20443,2427513,9455,2278391,6894,274120,14880,1342208,0.154273,21832,1956280,0.224854,21863,3298488,0.379127,8700223
1,2021-04-12,75375,5055399,33637,2461150,31641,2310032,10097,284217,32005,1341381,0.154178,43049,1999329,0.229802,42222,3340710,0.38398,8700223
1,2021-04-13,98481,5153880,52612,2513762,45532,2355564,337,284554,53123,1350167,0.155188,45032,2044361,0.234978,53818,3394528,0.390166,8700223
1,2021-04-14,105301,5259181,54469,2568231,50751,2406315,81,284635,53416,1352564,0.155463,51471,2095832,0.240894,53868,3448396,0.396357,8700223
1,2021-04-15,106119,5365300,57633,2625864,48394,2454709,92,284727,56133,1359603,0.156272,49367,2145199,0.246568,56406,3504802,0.40284,8700223
1,2021-04-16,111429,5476729,57185,2683049,54153,2508862,91,284818,55485,1360007,0.156319,55366,2200565,0.252932,55770,3560572,0.409251,8700223
1,2021-04-17,83546,5560275,45351,2728400,38183,2547045,12,284830,46492,1369896,0.157455,36782,2237347,0.25716,46671,3607243,0.414615,8700223
1,2021-04-18,30601,5590876,20716,2749116,9878,2556923,7,284837,15286,1370183,0.157488,15218,2252565,0.258909,15505,3622748,0.416397,8700223
1,2021-04-19,67157,5658033,33988,2783104,33154,2590077,15,284852,30182,1363930,0.15677,36579,2289144,0.263113,30326,3653074,0.419883,8700223
1,2021-04-20,88414,5746447,44479,2827583,43910,2633987,25,284877,41045,1358231,0.156115,46970,2336114,0.268512,41271,3694345,0.424626,8700223
1,2021-04-21,97903,5844350,51021,2878604,46778,2680765,104,284981,43561,1348423,0.154987,53723,2389837,0.274687,43915,3738260,0.429674,8700223
1,2021-04-22,97718,5942068,51007,2929611,46692,2727457,19,285000,44633,1340761,0.154107,52535,2442372,0.280725,44873,3783133,0.434832,8700223
1,2021-04-23,103075,6045143,53228,2982839,49819,2777276,28,285028,48857,1336235,0.153586,53651,2496023,0.286892,49125,3832258,0.440478,8700223
1,2021-04-24,76747,6121890,47507,3030346,29212,2806488,28,285056,43143,1346250,0.154737,33421,2529444,0.290733,43436,3875694,0.445471,8700223
1,2021-04-25,27454,6149344,17472,3047818,9966,2816454,16,285072,15612,1350315,0.155205,11705,2541149,0.292079,15770,3891464,0.447283,8700223
1,2021-04-26,66448,6215792,34805,3082623,31235,2847689,408,285480,31361,1347677,0.154901,34745,2575894,0.296072,32107,3923571,0.450974,8700223
1,2021-04-27,81920,6297712,43517,3126140,37097,2884786,1306,286786,35331,1338396,0.153835,46263,2622157,0.30139,36982,3960553,0.455224,8700223
1,2021-04-28,81622,6379334,43346,3169486,36765,2921551,1511,288297,35627,1330150,0.152887,45608,2667765,0.306632,37362,3997915,0.459519,8700223
1,2021-04-29,85126,6464460,46787,3216273,36709,2958260,1630,289927,34501,1316241,0.151288,50210,2717975,0.312403,36301,4034216,0.463691,8700223
1,2021-04-30,92824,6557284,50226,3266499,40695,2998955,1903,291830,38506,1302878,0.149752,53929,2771904,0.318601,40566,4074782,0.468354,8700223
1,2021-05-01,63928,6621212,41130,3307629,21364,3020319,1434,293264,26900,1294693,0.148811,36734,2808638,0.322824,28549,4103331,0.471635,8700223
1,2021-05-02,23524,6644736,16666,3324295,6275,3026594,583,293847,9430,1290761,0.14836,13975,2822613,0.32443,10043,4113374,0.472789,8700223
1,2021-05-03,56514,6701250,31271,3355566,23384,3049978,1859,295706,20432,1277301,0.146812,35802,2858415,0.328545,22342,4135716,0.475357,8700223
1,2021-05-04,76051,6777301,43780,3399346,30171,3080149,2100,297806,27163,1258093,0.144605,48550,2906965,0.334125,29342,4165058,0.47873,8700223
1,2021-05-05,78580,6855881,45525,3444871,30746,3110895,2309,300115,26523,1235337,0.141989,51668,2958633,0.340064,28912,4193970,0.482053,8700223
1,2021-05-06,80231,6936112,48759,3493630,29289,3140184,2183,302298,24921,1207716,0.138814,54879,3013512,0.346372,27258,4221228,0.485186,8700223
1,2021-05-07,83769,7019881,47693,3541323,33879,3174063,2197,304495,27778,1182252,0.135888,55504,3069016,0.352751,30040,4251268,0.488639,8700223
1,2021-05-08,57641,7077522,36191,3577514,19795,3193858,1655,306150,19523,1165760,0.133992,37756,3106772,0.357091,21264,4272532,0.491083,8700223
1,2021-05-09,18377,7095899,13189,3590703,4709,3198567,479,306629,5554,1159098,0.133226,12732,3119504,0.358554,6070,4278602,0.491781,8700223
1,2021-05-10,44457,7140356,22492,3613195,20133,3218700,1832,308461,14770,1146412,0.131768,29379,3148883,0.361931,16693,4295295,0.493699,8700223
1,2021-05-11,63041,7203397,34284,3647479,26596,3245296,2161,310622,20677,1127318,0.129573,42049,3190932,0.366764,22955,4318250,0.496338,8700223
1,2021-05-12,63183,7266580,33574,3681053,27534,3272830,2075,312697,20718,1108071,0.127361,42101,3233033,0.371603,22854,4341104,0.498965,8700223
1,2021-05-13,67468,7334048,39599,3720652,25878,3298708,1991,314688,25648,1094588,0.125811,41406,3274439,0.376363,27923,4369027,0.502174,8700223
1,2021-05-14,77144,7411192,46501,3767153,28226,3326934,2417,317105,31099,1082779,0.124454,45607,3320046,0.381605,33798,4402825,0.506059,8700223
1,2021-05-15,67019,7478211,44004,3811157,21242,3348176,1773,318878,26670,1071285,0.123133,40007,3360053,0.386203,28513,4431338,0.509336,8700223
1,2021-05-16,25157,7503368,18545,3829702,5992,3354168,620,319498,10253,1067432,0.12269,14773,3374826,0.387901,10920,4442258,0.510591,8700223
1,2021-05-17,54663,7558031,33365,3863067,19513,3373681,1785,321283,23113,1061129,0.121966,31256,3406082,0.391494,24953,4467211,0.513459,8700223
1,2021-05-18,65501,7623532,39451,3902518,24206,3397887,1844,323127,28368,1054608,0.121216,36822,3442904,0.395726,30301,4497512,0.516942,8700223
1,2021-05-19,66939,7690471,40787,3943305,24203,3422090,1949,325076,29925,1049865,0.120671,36690,3479594,0.399943,31947,4529459,0.520614,8700223
1,2021-05-20,65150,7755621,37821,3981126,25089,3447179,2240,327316,26772,1041080,0.119661,37999,3517593,0.404311,29214,4558673,0.523972,8700223
1,2021-05-21,70948,7826569,42452,4023578,26608,3473787,1888,329204,29244,1031038,0.118507,41267,3558860,0.409054,31225,4589898,0.527561,8700223
1,2021-05-22,56646,7883215,37268,4060846,17645,3491432,1733,330937,24607,1025735,0.117898,31736,3590596,0.412702,26433,4616331,0.530599,8700223
1,2021-05-23,20588,7903803,14394,4075240,5606,3497038,588,331525,9530,1024934,0.117805,10945,3601541,0.41396,10144,4626475,0.531765,8700223
1,2021-05-24,44378,7948181,24772,4100012,17752,3514790,1854,333379,17956,1018685,0.117087,26141,3627682,0.416964,19892,4646367,0.534051,8700223
1,2021-05-25,51754,7999935,29866,4129878,20162,3534952,1726,335105,21530,1012149,0.116336,29884,3657566,0.420399,23348,4669715,0.536735,8700223
1,2021-05-26,49033,8048968,27790,4157668,19305,3554257,1938,337043,20788,1007000,0.115744,27916,3685482,0.423608,22767,4692482,0.539352,8700223
1,2021-05-27,47580,8096548,26720,4184388,18927,3573184,1933,338976,20365,1002511,0.115228,26901,3712383,0.4267,22412,4714894,0.541928,8700223
1,2021-05-28,53419,8149967,29867,4214255,21689,3594873,1863,340839,23938,999331,0.114863,29108,3741491,0.430045,25928,4740822,0.544908,8700223
1,2021-05-29,30957,8180924,18755,4233010,11222,3606095,980,341819,14687,998957,0.11482,16095,3757586,0.431895,15721,4756543,0.546715,8700223
1,2021-05-30,11739,8192663,7588,4240598,3589,3609684,562,342381,5528,998941,0.114818,6132,3763718,0.4326,6116,4762659,0.547418,8700223
1,2021-05-31,5832,8198495,3320,4243918,2251,3611935,261,342642,2041,997536,0.114656,3719,3767437,0.433028,2314,4764973,0.547684,8700223
1,2021-06-01,46616,8245111,26432,4270350,18597,3630532,1587,344229,17651,988267,0.113591,28571,3796008,0.436312,19302,4784275,0.549903,8700223
1,2021-06-02,40655,8285766,23641,4293991,15492,3646024,1522,345751,16425,982396,0.112916,23901,3819909,0.439059,18030,4802305,0.551975,8700223
1,2021-06-03,42200,8327966,26474,4320465,13981,3660005,1745,347496,16113,974566,0.112016,25765,3845674,0.44202,17935,4820240,0.554036,8700223
1,2021-06-04,51116,8379082,32740,4353205,16541,3676546,1835,349331,18382,962533,0.110633,32326,3878000,0.445736,20293,4840533,0.556369,8700223
1,2021-06-05,40864,8419946,27909,4381114,10935,3687481,2020,351351,14307,952591,0.10949,26324,3904324,0.448761,16382,4856915,0.558252,8700223
1,2021-06-06,13276,8433222,10624,4391738,2133,3689614,519,351870,4564,949112,0.109091,8623,3912947,0.449752,5144,4862059,0.558843,8700223
1,2021-06-07,34415,8467637,23762,4415500,9276,3698890,1377,353247,12304,940974,0.108155,21873,3934820,0.452267,13735,4875794,0.560422,8700223
1,2021-06-08,42558,8510195,29446,4444946,11444,3710334,1668,354915,14809,930083,0.106903,27457,3962277,0.455422,16566,4892360,0.562326,8700223
1,2021-06-09,42523,8552718,29496,4474442,11369,3721703,1658,356573,13851,917304,0.105435,28345,3990622,0.45868,15566,4907926,0.564115,8700223
1,2021-06-10,39600,8592318,26702,4501144,11175,3732878,1723,358296,13570,906938,0.104243,25758,4016380,0.461641,15392,4923318,0.565884,8700223
1,2021-06-11,44940,8637258,29836,4530980,13389,3746267,1715,360011,16073,896275,0.103017,28529,4044909,0.46492,17866,4941184,0.567938,8700223
1,2021-06-12,34351,8671609,24871,4555851,8250,3754517,1230,361241,11294,886036,0.101841,22830,4067739,0.467544,12591,4953775,0.569385,8700223
1,2021-06-13,11721,8683330,8524,4564375,2715,3757232,482,361723,3417,881742,0.101347,8227,4075966,0.46849,3933,4957708,0.569837,8700223
1,2021-06-14,31468,8714798,21217,4585592,8913,3766145,1338,363061,11747,875360,0.100614,19498,4095464,0.470731,13116,4970824,0.571344,8700223
1,2021-06-15,37974,8752772,24912,4610504,11182,3777327,1880,364941,14092,867848,0.09975,23571,4119035,0.47344,16059,4986883,0.57319,8700223
1,2021-06-16,36186,8788958,24500,4635004,9827,3787154,1859,366800,13647,861175,0.098983,22235,4141270,0.475996,15562,5002445,0.574979,8700223
1,2021-06-17,34044,8823002,22521,4657525,9547,3796701,1976,368776,13292,856045,0.098393,20483,4161753,0.47835,15353,5017798,0.576744,8700223
1,2021-06-18,40021,8863023,26012,4683537,11134,3807835,2875,371651,15456,850161,0.097717,24264,4186017,0.481139,18380,5036178,0.578856,8700223
1,2021-06-19,24133,8887156,16753,4700290,6178,3814013,1202,372853,9807,847061,0.097361,14149,4200166,0.482765,11049,5047227,0.580126,8700223
1,2021-06-20,8170,8895326,5983,4706273,1909,3815922,278,373131,3224,845700,0.097204,4874,4205040,0.483326,3513,5050740,0.58053,8700223
1,2021-06-21,21139,8916465,11963,4718236,6974,3822896,2202,375333,11000,848936,0.097576,10015,4215055,0.484477,13251,5063991,0.582053,8700223
1,2021-06-22,31117,8947582,20311,4738547,8630,3831526,2176,377509,12948,846185,0.09726,17938,4232993,0.486538,15187,5079178,0.583799,8700223
1,2021-06-23,29618,8977200,19894,4758441,7885,3839411,1839,379348,12866,844391,0.097054,16527,4249520,0.488438,14733,5093911,0.585492,8700223
1,2021-06-24,28692,9005892,19122,4777563,7886,3847297,1684,381032,12135,841934,0.096772,16341,4265861,0.490316,13884,5107795,0.587088,8700223
1,2021-06-25,32112,9038004,21746,4799309,8941,3856238,1425,382457,14043,839643,0.096508,17814,4283675,0.492364,15523,5123318,0.588872,8700223
1,2021-06-26,22696,9060700,16857,4816166,4988,3861226,851,383308,9885,837754,0.096291,12672,4296347,0.49382,10783,5134101,0.590111,8700223
1,2021-06-27,9288,9069988,6927,4823093,1923,3863149,438,383746,4111,837217,0.096229,5104,4301451,0.494407,4567,5138668,0.590636,8700223
1,2021-06-28,21523,9091511,16000,4839093,4259,3867408,1264,385010,9972,837161,0.096223,11338,4312789,0.49571,11282,5149950,0.591933,8700223
1,2021-06-29,27338,9118849,18737,4857830,7200,3874608,1401,386411,12128,835738,0.096059,15013,4327802,0.497436,13590,5163540,0.593495,8700223
1,2021-06-30,26714,9145563,18519,4876349,7119,3881727,1076,387487,12759,835924,0.096081,13725,4341527,0.499013,13911,5177451,0.595094,8700223
1,2021-07-01,24422,9169985,16981,4893330,6128,3887855,1313,388800,11320,835717,0.096057,12915,4354442,0.500498,12708,5190159,0.596555,8700223
1,2021-07-02,27362,9197347,18818,4912148,7482,3895337,1062,389862,12790,835297,0.096009,14353,4368795,0.502147,13933,5204092,0.598156,8700223
1,2021-07-03,15110,9212457,10568,4922716,4081,3899418,461,390323,7200,835222,0.096,7768,4376563,0.50304,7693,5211785,0.59904,8700223
1,2021-07-04,1305,9213762,736,4923452,501,3899919,68,390391,637,835275,0.096006,657,4377220,0.503116,710,5212495,0.599122,8700223
1,2021-07-05,11312,9225074,7831,4931283,3114,3903033,367,390758,5389,835231,0.096001,5847,4383067,0.503788,5803,5218298,0.599789,8700223
1,2021-07-06,27995,9253069,19792,4951075,7042,3910075,1161,391919,11196,831100,0.095526,16590,4399657,0.505695,12459,5230757,0.601221,8700223
1,2021-07-07,24398,9277467,17108,4968183,6111,3916186,1179,393098,10502,829167,0.095304,13699,4413356,0.507269,11766,5242523,0.602573,8700223
1,2021-07-08,23355,9300822,16196,4984379,6049,3922235,1110,394208,10053,827321,0.095092,13094,4426450,0.508774,11248,5253771,0.603866,8700223
1,2021-07-09,27613,9328435,19537,5003916,6894,3929129,1182,395390,12484,826103,0.094952,14943,4441393,0.510492,13725,5267496,0.605444,8700223
1,2021-07-10,18260,9346695,13184,5017100,4296,3933425,780,396170,8156,825119,0.094839,9969,4451362,0.511638,8985,5276481,0.606477,8700223
1,2021-07-11,6845,9353540,5004,5022104,1633,3935058,208,396378,3314,825179,0.094846,3480,4454842,0.512038,3540,5280021,0.606883,8700223
1,2021-07-12,20529,9374069,14758,5036862,4864,3939922,907,397285,9113,824028,0.094713,11266,4466108,0.513333,10115,5290136,0.608046,8700223
1,2021-07-13,22810,9396879,15917,5052779,6066,3945988,827,398112,10688,823669,0.094672,11961,4478069,0.514707,11602,5301738,0.60938,8700223
1,2021-07-14,22759,9419638,15653,5068432,6111,3952099,995,399107,10275,822728,0.094564,12321,4490390,0.516124,11380,5313118,0.610688,8700223
1,2021-07-15,22242,9441880,15766,5084198,5739,3957838,737,399844,10810,823108,0.094608,11274,4501664,0.517419,11654,5324772,0.612027,8700223
1,2021-07-16,27274,9469154,19056,5103254,7205,3965043,1013,400857,13520,824150,0.094727,13576,4515240,0.51898,14618,5339390,0.613707,8700223
1,2021-07-17,18942,9488096,13703,5116957,4531,3969574,708,401565,9346,824782,0.0948,9458,4524698,0.520067,10090,5349480,0.614867,8700223
1,2021-07-18,7539,9495635,5562,5122519,1691,3971265,286,401851,3854,825314,0.094861,3625,4528323,0.520484,4157,5353637,0.615345,8700223
1,2021-07-19,21145,9516780,15315,5137834,4987,3976252,843,402694,10592,826434,0.09499,10412,4538735,0.52168,11532,5365169,0.61667,8700223
1,2021-07-20,25342,9542122,17525,5155359,6916,3983168,901,403595,13056,828388,0.095215,12094,4550829,0.52307,14048,5379217,0.618285,8700223
1,2021-07-21,25659,9567781,18017,5173376,6419,3989587,1223,404818,13133,830509,0.095458,12352,4563181,0.52449,14473,5393690,0.619948,8700223
1,2021-07-22,24803,9592584,17563,5190939,6391,3995978,849,405667,13526,833898,0.095848,11077,4574258,0.525763,14466,5408156,0.621611,8700223
1,2021-07-23,29543,9622127,20908,5211847,7608,4003586,1027,406694,16468,838596,0.096388,12869,4587127,0.527242,17567,5425723,0.62363,8700223
1,2021-07-24,18414,9640541,13015,5224862,4821,4008407,578,407272,10821,842551,0.096842,7470,4594597,0.528101,11425,5437148,0.624944,8700223
1,2021-07-25,7601,9648142,5465,5230327,2019,4010426,117,407389,5664,846463,0.097292,1889,4596486,0.528318,5801,5442949,0.62561,8700223
1,2021-07-26,21834,9669976,15116,5245443,5953,4016379,765,408154,14126,853860,0.098142,7564,4604050,0.529188,14961,5457910,0.62733,8700223
1,2021-07-27,27512,9697488,19685,5265128,6877,4023256,950,409104,16219,859973,0.098845,11110,4615160,0.530465,17223,5475133,0.62931,8700223
1,2021-07-28,28477,9725965,20209,5285337,7380,4030636,888,409992,17472,867593,0.099721,10812,4625972,0.531707,18432,5493565,0.631428,8700223
1,2021-07-29,27100,9753065,19248,5304585,7053,4037689,799,410791,16962,875455,0.100624,9962,4635934,0.532852,17824,5511389,0.633477,8700223
1,2021-07-30,31568,9784633,22601,5327186,8054,4045743,913,411704,19302,883667,0.101568,12040,4647974,0.534236,20252,5531641,0.635805,8700223
1,2021-07-31,20171,9804804,14663,5341849,4966,4050709,542,412246,12536,889301,0.102216,7469,4655443,0.535095,13103,5544744,0.637311,8700223
1,2021-08-01,8928,9813732,6731,5348580,2071,4052780,126,412372,6114,892807,0.102619,2761,4658204,0.535412,6267,5551011,0.638031,8700223
1,2021-08-02,25245,9838977,18788,5367368,5737,4058517,720,413092,16423,901344,0.1036,8652,4666856,0.536406,17189,5568200,0.640007,8700223
1,2021-08-03,29036,9868013,21037,5388405,7041,4065558,958,414050,18219,909928,0.104587,10627,4677483,0.537628,19211,5587411,0.642215,8700223
1,2021-08-04,27884,9895897,20281,5408686,6718,4072276,885,414935,17701,918589,0.105582,9971,4687454,0.538774,18632,5606043,0.644356,8700223
1,2021-08-05,27745,9923642,20357,5429043,6470,4078746,918,415853,17495,926988,0.106548,10036,4697490,0.539928,18435,5624478,0.646475,8700223
1,2021-08-06,34245,9957887,25247,5454290,8013,4086759,985,416838,21396,936807,0.107676,12604,4710094,0.541376,22423,5646901,0.649052,8700223
1,2021-08-07,21952,9979839,16489,5470779,4893,4091652,570,417408,13679,942924,0.108379,8146,4718240,0.542313,14263,5661164,0.650692,8700223
1,2021-08-08,10545,9990384,7710,5478489,2632,4094284,203,417611,6856,946370,0.108775,3623,4721863,0.542729,7069,5668233,0.651504,8700223
1,2021-08-09,28164,10018548,21131,5499620,6217,4100501,816,418427,17437,954126,0.109667,10533,4732396,0.54394,18289,5686522,0.653606,8700223
1,2021-08-10,29738,10048286,21904,5521524,6961,4107462,873,419300,17774,961073,0.110465,11757,4744153,0.545291,18704,5705226,0.655756,8700223
1,2021-08-11,27482,10075768,20315,5541839,6244,4113706,923,420223,16283,967318,0.111183,10986,4755139,0.546554,17231,5722457,0.657737,8700223
1,2021-08-12,29010,10104778,20889,5562728,7072,4120778,1049,421272,17301,974277,0.111983,11416,4766555,0.547866,18375,5740832,0.659849,8700223
1,2021-08-13,36533,10141311,26529,5589257,8910,4129688,1094,422366,21308,981819,0.11285,14904,4781459,0.549579,22446,5763278,0.662429,8700223
1,2021-08-14,24157,10165468,18339,5607596,5257,4134945,561,422927,13860,986417,0.113378,9840,4791299,0.55071,14438,5777716,0.664088,8700223
1,2021-08-15,10683,10176151,7889,5615485,2629,4137574,165,423092,6194,988616,0.113631,4184,4795483,0.551191,6383,5784099,0.664822,8700223
1,2021-08-16,29326,10205477,20833,5636318,7705,4145279,788,423880,16186,993379,0.114179,12241,4807724,0.552598,17004,5801103,0.666776,8700223
1,2021-08-17,31932,10237409,22660,5658978,8326,4153605,946,424826,16789,996962,0.11459,14191,4821915,0.554229,17774,5818877,0.668819,8700223
1,2021-08-18,32154,10269563,23093,5682071,8158,4161763,903,425729,16412,999800,0.114917,14522,4836437,0.555898,17360,5836237,0.670815,8700223
1,2021-08-19,31402,10300965,22440,5704511,7940,4169703,1022,426751,16091,1002903,0.115273,14048,4850485,0.557513,17151,5853388,0.672786,8700223
1,2021-08-20,38415,10339380,27909,5732420,9548,4179251,958,427709,19522,1006090,0.11564,17323,4867808,0.559504,20510,5873898,0.675143,8700223
1,2021-08-21,23199,10362579,17359,5749779,5274,4184525,566,428275,11350,1006923,0.115735,11102,4878910,0.56078,11935,5885833,0.676515,8700223
1,2021-08-22,11929,10374508,8740,5758519,2988,4187513,201,428476,6002,1007604,0.115814,5536,4884446,0.561416,6217,5892050,0.67723,8700223
1,2021-08-23,31444,10405952,23337,5781856,7339,4194852,768,429244,15198,1008568,0.115924,15071,4899517,0.563148,16035,5908085,0.679073,8700223
1,2021-08-24,31949,10437901,24229,5806085,6883,4201735,837,430081,15155,1009052,0.11598,15571,4915088,0.564938,16055,5924140,0.680918,8700223
1,2021-08-25,31754,10469655,24117,5830202,6894,4208629,743,430824,14889,1009116,0.115987,15625,4930713,0.566734,15689,5939829,0.682721,8700223
1,2021-08-26,31562,10501217,23538,5853740,7126,4215755,898,431722,14927,1009791,0.116065,15196,4945909,0.568481,15871,5955700,0.684546,8700223
1,2021-08-27,39080,10540297,29973,5883713,8286,4224041,821,432543,17799,1008935,0.115967,19553,4965462,0.570728,18697,5974397,0.686695,8700223
1,2021-08-28,24892,10565189,19496,5903209,4966,4229007,430,432973,10819,1006928,0.115736,13305,4978767,0.572257,11298,5985695,0.687993,8700223
1,2021-08-29,12103,10577292,9102,5912311,2855,4231862,146,433119,5607,1006648,0.115704,6065,4984832,0.572955,5785,5991480,0.688658,8700223
1,2021-08-30,29068,10606360,21321,5933632,6815,4238677,932,434051,12541,1004916,0.115505,15263,5000095,0.574709,13531,6005011,0.690213,8700223
1,2021-08-31,29257,10635617,21859,5955491,6632,4245309,766,434817,12431,1002670,0.115246,15489,5015584,0.576489,13243,6018254,0.691736,8700223
1,2021-09-01,28879,10664496,21367,5976858,6709,4252018,803,435620,13039,1002280,0.115202,14306,5029890,0.578133,13916,6032170,0.693335,8700223
1,2021-09-02,27698,10692194,20463,5997321,6510,4258528,725,436345,12063,1000996,0.115054,14116,5044006,0.579756,12832,6045002,0.69481,8700223
1,2021-09-03,34684,10726878,26000,6023321,8027,4266555,657,437002,14431,997654,0.11467,18502,5062508,0.581883,15160,6060162,0.696552,8700223
1,2021-09-04,19749,10746627,15253,6038574,4222,4270777,274,437276,8251,995387,0.114409,10840,5073348,0.583129,8573,6068735,0.697538,8700223
1,2021-09-05,10953,10757580,8175,6046749,2704,4273481,74,437350,5107,995146,0.114382,5447,5078795,0.583755,5206,6073941,0.698136,8700223
1,2021-09-06,6555,10764135,4426,6051175,2073,4275554,56,437406,2842,994564,0.114315,3486,5082281,0.584155,2904,6076845,0.69847,8700223
1,2021-09-07,29432,10793567,21936,6073111,6876,4282430,620,438026,10208,987425,0.113494,18018,5100299,0.586226,10879,6087724,0.69972,8700223
1,2021-09-08,27308,10820875,20206,6093317,6518,4288948,584,438610,11252,984596,0.113169,14724,5115023,0.587919,11895,6099619,0.701088,8700223
1,2021-09-09,26400,10847275,19431,6112748,6347,4295295,622,439232,10941,982009,0.112872,14197,5129220,0.58955,11610,6111229,0.702422,8700223
1,2021-09-10,15716,10862991,11697,6124445,3344,4298639,675,439907,5999,979804,0.112618,8899,5138119,0.590573,6694,6117923,0.703192,8700223
2,2020-12-15,264,264,264,264,0,0,0,0,264,264,3.1e-05,0,0,0.0,264,264,3.1e-05,8407551
2,2020-12-16,2313,2577,2313,2577,0,0,0,0,2313,2577,0.000307,0,0,0.0,2313,2577,0.000307,8407551
2,2020-12-17,7228,9805,7228,9805,0,0,0,0,7226,9803,0.001166,0,0,0.0,7226,9803,0.001166,8407551
2,2020-12-18,11185,20990,11162,20967,23,23,0,0,11186,20989,0.002496,0,0,0.0,11186,20989,0.002496,8407551
2,2020-12-19,5649,26639,5641,26608,8,31,0,0,5653,26642,0.003169,0,0,0.0,5653,26642,0.003169,8407551
2,2020-12-20,4268,30907,4251,30859,17,48,0,0,4260,30901,0.003675,1,1,0.0,4260,30902,0.003676,8407551
2,2020-12-21,12913,43820,12882,43741,31,79,0,0,12870,43770,0.005206,1,2,0.0,12870,43772,0.005206,8407551
2,2020-12-22,12280,56100,11742,55483,538,617,0,0,12279,56049,0.006667,0,2,0.0,12279,56051,0.006667,8407551
2,2020-12-23,11870,67970,9572,65055,2298,2915,0,0,11869,67916,0.008078,3,5,1e-06,11870,67921,0.008079,8407551
2,2020-12-24,5926,73896,3506,68561,2420,5335,0,0,5925,73839,0.008782,4,9,1e-06,5927,73848,0.008784,8407551
2,2020-12-25,509,74405,423,68984,86,5421,0,0,512,74351,0.008843,0,9,1e-06,512,74360,0.008844,8407551
2,2020-12-26,2602,77007,1677,70661,925,6346,0,0,2602,76951,0.009153,2,11,1e-06,2602,76962,0.009154,8407551
2,2020-12-27,2238,79245,1219,71880,1019,7365,0,0,2236,79185,0.009418,2,13,2e-06,2236,79198,0.00942,8407551
2,2020-12-28,11225,90470,7277,79157,3948,11313,0,0,11224,90404,0.010753,5,18,2e-06,11224,90422,0.010755,8407551
2,2020-12-29,13028,103498,7319,86476,5709,17022,0,0,13034,103437,0.012303,1,19,2e-06,13034,103456,0.012305,8407551
2,2020-12-30,15722,119220,8777,95253,6945,23967,0,0,15716,119150,0.014172,5,24,3e-06,15718,119174,0.014175,8407551
2,2020-12-31,7615,126835,2813,98066,4802,28769,0,0,7606,126751,0.015076,5,29,3e-06,7606,126780,0.015079,8407551
2,2021-01-01,1469,128304,707,98773,762,29531,0,0,1464,128211,0.01525,4,33,4e-06,1464,128244,0.015253,8407551
2,2021-01-02,4893,133197,2783,101556,2110,31641,0,0,4888,133097,0.015831,2,35,4e-06,4888,133132,0.015835,8407551
2,2021-01-03,1443,134640,813,102369,630,32271,0,0,1436,134530,0.016001,3,38,5e-06,1436,134568,0.016006,8407551
2,2021-01-04,11865,146505,5658,108027,6207,38478,0,0,11852,146377,0.01741,5,43,5e-06,11852,146420,0.017415,8407551
2,2021-01-05,14077,160582,7070,115097,7007,45485,0,0,12822,157982,0.01879,1251,1294,0.000154,12856,159276,0.018944,8407551
2,2021-01-06,19291,179873,10638,125735,8653,54138,0,0,15284,169332,0.02014,3949,5243,0.000624,15299,174575,0.020764,8407551
2,2021-01-07,23566,203439,13287,139022,10279,64417,0,0,15749,177276,0.021085,7827,13070,0.001555,15771,190346,0.02264,8407551
2,2021-01-08,27184,230623,16410,155432,10774,75191,0,0,16623,183425,0.021817,10509,23579,0.002805,16658,207004,0.024621,8407551
2,2021-01-09,9924,240547,5813,161245,4111,79302,0,0,6309,186138,0.022139,3608,27187,0.003234,6321,213325,0.025373,8407551
2,2021-01-10,5360,245907,2991,164236,2369,81671,0,0,3094,186961,0.022237,2276,29463,0.003504,3099,216424,0.025742,8407551
2,2021-01-11,26285,272192,18171,182407,8114,89785,0,0,15084,190882,0.022704,11215,40678,0.004838,15136,231560,0.027542,8407551
2,2021-01-12,26663,298855,16561,198968,10102,99887,0,0,16921,198131,0.023566,9766,50444,0.006,17015,248575,0.029566,8407551
2,2021-01-13,28841,327696,15271,214239,13570,113457,0,0,20796,210933,0.025089,8035,58479,0.006956,20837,269412,0.032044,8407551
2,2021-01-14,30850,358546,11825,226064,19025,132482,0,0,26497,233165,0.027733,4351,62830,0.007473,26583,295995,0.035206,8407551
2,2021-01-15,35441,393987,12902,238966,22539,155021,0,0,32100,262022,0.031165,3339,66169,0.00787,32196,328191,0.039035,8407551
2,2021-01-16,18423,412410,6153,245119,12270,167291,0,0,16998,277585,0.033016,1443,67612,0.008042,17006,345197,0.041058,8407551
2,2021-01-17,10631,423041,3606,248725,7025,174316,0,0,9862,286676,0.034097,783,68395,0.008135,9874,355071,0.042232,8407551
2,2021-01-18,19864,442905,11093,259818,8771,183087,0,0,14990,296843,0.035307,4890,73285,0.008717,15057,370128,0.044023,8407551
2,2021-01-19,33030,475935,17254,277072,15776,198863,0,0,24784,313501,0.037288,8247,81532,0.009697,24905,395033,0.046986,8407551
2,2021-01-20,37853,513788,19031,296103,18822,217685,0,0,29149,334070,0.039735,8678,90210,0.01073,29247,424280,0.050464,8407551
2,2021-01-21,41422,555210,17620,313723,23802,241487,0,0,36757,366387,0.043578,4634,94844,0.011281,36951,461231,0.054859,8407551
2,2021-01-22,39819,595029,16636,330359,23183,264670,0,0,36402,399386,0.047503,3434,98278,0.011689,36433,497664,0.059193,8407551
2,2021-01-23,24398,619427,10838,341197,13560,278230,0,0,21402,417846,0.049699,2973,101251,0.012043,21433,519097,0.061742,8407551
2,2021-01-24,12517,631944,6137,347334,6380,284610,0,0,11570,428505,0.050967,931,102182,0.012154,11590,530687,0.06312,8407551
2,2021-01-25,34237,666181,15726,363060,18511,303121,0,0,25219,444916,0.052919,8964,111146,0.01322,25375,556062,0.066138,8407551
2,2021-01-26,40699,706880,19881,382941,20818,323939,0,0,31284,466907,0.055534,9387,120533,0.014336,31378,587440,0.069871,8407551
2,2021-01-27,45999,752879,22746,405687,23253,347192,0,0,35450,491999,0.058519,10430,130963,0.015577,35522,622962,0.074096,8407551
2,2021-01-28,48454,801333,22555,428242,25899,373091,0,0,39541,522783,0.06218,8844,139807,0.016629,39628,662590,0.078809,8407551
2,2021-01-29,46082,847415,22150,450392,23932,397023,0,0,37120,551159,0.065555,8831,148638,0.017679,37207,699797,0.083234,8407551
2,2021-01-30,31527,878942,13339,463731,18188,415211,0,0,28059,575841,0.068491,3426,152064,0.018087,28108,727905,0.086578,8407551
2,2021-01-31,17297,896239,10207,473938,7090,422301,0,0,16051,590692,0.070257,1224,153288,0.018232,16075,743980,0.08849,8407551
2,2021-02-01,41692,937931,19939,493877,21753,444054,0,0,30369,609853,0.072536,11259,164547,0.019571,30420,774400,0.092108,8407551
2,2021-02-02,48322,986253,19634,513511,28688,472742,0,0,36597,634923,0.075518,11630,176177,0.020955,36700,811100,0.096473,8407551
2,2021-02-03,54439,1040692,23893,537404,30546,503288,0,0,39978,660645,0.078578,14358,190535,0.022662,40080,851180,0.10124,8407551
2,2021-02-04,56706,1097398,24270,561674,32436,535724,0,0,41136,686437,0.081645,15455,205990,0.024501,41247,892427,0.106146,8407551
2,2021-02-05,60720,1158118,26322,587996,34398,570122,0,0,40905,707965,0.084206,19583,225573,0.02683,41111,933538,0.111036,8407551
2,2021-02-06,39618,1197736,18355,606351,21263,591385,0,0,31474,731489,0.087004,8064,233637,0.027789,31588,965126,0.114793,8407551
2,2021-02-07,15809,1213545,10438,616789,5371,596756,0,0,11949,739684,0.087979,3828,237465,0.028244,12023,977149,0.116223,8407551
2,2021-02-08,43328,1256873,21892,638681,21436,618192,0,0,29561,755850,0.089901,13614,251079,0.029864,29780,1006929,0.119765,8407551
2,2021-02-09,49947,1306820,23617,662298,26330,644522,0,0,30708,767923,0.091337,19004,270083,0.032124,31077,1038006,0.123461,8407551
2,2021-02-10,60008,1366828,28023,690321,31985,676507,0,0,34544,777679,0.092498,25171,295254,0.035118,34927,1072933,0.127615,8407551
2,2021-02-11,64760,1431588,29704,720025,35056,711563,0,0,35928,785688,0.09345,28443,323697,0.038501,36452,1109385,0.131951,8407551
2,2021-02-12,66387,1497975,28616,748641,37771,749334,0,0,35387,791054,0.094089,30702,354399,0.042152,36068,1145453,0.136241,8407551
2,2021-02-13,38384,1536359,15966,764607,22418,771752,0,0,22061,797289,0.09483,16211,370610,0.044081,22446,1167899,0.138911,8407551
2,2021-02-14,20231,1556590,9408,774015,10823,782575,0,0,11202,799896,0.09514,8972,379582,0.045148,11579,1179478,0.140288,8407551
2,2021-02-15,33493,1590083,15040,789055,18453,801028,0,0,18514,804455,0.095682,14831,394413,0.046912,19390,1198868,0.142594,8407551
2,2021-02-16,56746,1646829,27742,816797,29004,830032,0,0,29789,808107,0.096117,26831,421244,0.050103,30483,1229351,0.14622,8407551
2,2021-02-17,62114,1708943,31875,848672,30239,860271,0,0,30733,808401,0.096152,31269,452513,0.053822,31563,1260914,0.149974,8407551
2,2021-02-18,66840,1775783,33656,882328,33184,893455,0,0,32430,807874,0.096089,34123,486636,0.057881,33596,1294510,0.15397,8407551
2,2021-02-19,60202,1835985,33226,915554,26976,920431,0,0,29797,808081,0.096114,30189,516825,0.061472,30396,1324906,0.157585,8407551
2,2021-02-20,38051,1874036,24653,940207,13398,933829,0,0,20618,812089,0.09659,17316,534141,0.063531,21324,1346230,0.160122,8407551
2,2021-02-21,21951,1895987,17706,957913,4245,938074,0,0,10832,812758,0.09667,11005,545146,0.06484,11674,1357904,0.16151,8407551
2,2021-02-22,39813,1935800,27148,985061,12665,950739,0,0,18851,811528,0.096524,20795,565941,0.067313,19565,1377469,0.163837,8407551
2,2021-02-23,54254,1990054,27680,1012741,26574,977313,0,0,23745,806980,0.095983,30214,596155,0.070907,25666,1403135,0.16689,8407551
2,2021-02-24,71609,2061663,36728,1049469,34881,1012194,0,0,32688,803416,0.095559,38670,634825,0.075507,35106,1438241,0.171065,8407551
2,2021-02-25,77720,2139383,36705,1086174,41015,1053209,0,0,39340,807548,0.09605,38084,672909,0.080036,42216,1480457,0.176087,8407551
2,2021-02-26,86361,2225744,37005,1123179,49356,1102565,0,0,46318,816379,0.097101,39706,712615,0.084759,48537,1528994,0.18186,8407551
2,2021-02-27,63160,2288904,29296,1152475,33855,1136420,9,9,34169,823174,0.097909,28734,741349,0.088177,35529,1564523,0.186085,8407551
2,2021-02-28,31163,2320067,18665,1171140,12497,1148917,1,10,18051,829111,0.098615,12973,754322,0.08972,18910,1583433,0.188335,8407551
2,2021-03-01,59461,2379528,30920,1202060,28459,1177376,82,92,32490,836309,0.099471,26620,780942,0.092886,33818,1617251,0.192357,8407551
2,2021-03-02,71219,2450747,34161,1236221,37042,1214418,16,108,39815,847330,0.100782,31194,812136,0.096596,42215,1659466,0.197378,8407551
2,2021-03-03,82224,2532971,39590,1275811,42613,1257031,21,129,46340,860708,0.102373,35636,847772,0.100835,49014,1708480,0.203208,8407551
2,2021-03-04,90039,2623010,44106,1319917,45899,1302930,34,163,51433,876268,0.104224,38324,886096,0.105393,53884,1762364,0.209617,8407551
2,2021-03-05,83763,2706773,39312,1359229,44124,1347054,327,490,50688,896885,0.106676,32805,918901,0.109295,53422,1815786,0.215971,8407551
2,2021-03-06,63829,2770602,31065,1390294,31029,1378083,1735,2225,38967,914304,0.108748,24711,943612,0.112234,42130,1857916,0.220982,8407551
2,2021-03-07,28964,2799566,16419,1406713,10994,1389077,1551,3776,18319,924728,0.109988,10574,954186,0.113492,20998,1878914,0.223479,8407551
2,2021-03-08,51403,2850969,23534,1430247,25280,1414357,2589,6365,32232,942138,0.112059,19047,973233,0.115757,36457,1915371,0.227816,8407551
2,2021-03-09,71371,2922340,32504,1462751,34981,1449338,3886,10251,39450,955054,0.113595,31763,1004996,0.119535,44679,1960050,0.23313,8407551
2,2021-03-10,79135,3001475,37336,1500087,35198,1484536,6601,16852,41771,967599,0.115087,37121,1042117,0.12395,49666,2009716,0.239037,8407551
2,2021-03-11,93837,3095312,43205,1543292,42204,1526740,8428,25280,48736,981353,0.116723,44766,1086883,0.129275,58520,2068236,0.245997,8407551
2,2021-03-12,94830,3190142,39131,1582423,43743,1570483,11956,37236,46938,993976,0.118224,47612,1134495,0.134938,60235,2128471,0.253162,8407551
2,2021-03-13,69638,3259780,29064,1611487,32520,1603003,8054,45290,38058,1009908,0.120119,31421,1165916,0.138675,47353,2175824,0.258794,8407551
2,2021-03-14,37234,3297014,18432,1629919,14276,1617279,4526,49816,18686,1015416,0.120774,18429,1184345,0.140867,23937,2199761,0.261641,8407551
2,2021-03-15,67965,3364979,30647,1660566,32277,1649556,5041,54857,37379,1028591,0.122341,30333,1214678,0.144475,43508,2243269,0.266816,8407551
2,2021-03-16,86817,3451796,38450,1699016,44319,1693875,4048,58905,52236,1051640,0.125083,34350,1249028,0.14856,57399,2300668,0.273643,8407551
2,2021-03-17,93506,3545302,44733,1743749,44557,1738432,4216,63121,59157,1081767,0.128666,34041,1283069,0.152609,64168,2364836,0.281275,8407551
2,2021-03-18,98896,3644198,47144,1790893,47060,1785492,4692,67813,59819,1108084,0.131796,38729,1321798,0.157216,65046,2429882,0.289012,8407551
2,2021-03-19,98093,3742291,46585,1837478,45394,1830886,6114,73927,57775,1132479,0.134698,39983,1361781,0.161971,64378,2494260,0.296669,8407551
2,2021-03-20,70328,3812619,33983,1871461,32328,1863214,4017,77944,45719,1158204,0.137758,24353,1386134,0.164868,50078,2544338,0.302625,8407551
2,2021-03-21,33920,3846539,21820,1893281,10082,1873296,2018,79962,20233,1167371,0.138848,13516,1399650,0.166475,22683,2567021,0.305323,8407551
2,2021-03-22,63360,3909899,34897,1928178,25837,1899133,2626,82588,41837,1191472,0.141715,21257,1420907,0.169004,45358,2612379,0.310718,8407551
2,2021-03-23,84497,3994396,44905,1973083,36655,1935788,2937,85525,52240,1215545,0.144578,31942,1452849,0.172803,56015,2668394,0.317381,8407551
2,2021-03-24,92659,4087055,49718,2022801,39728,1975516,3213,88738,53878,1235044,0.146897,38410,1491259,0.177371,57909,2726303,0.324268,8407551
2,2021-03-25,102328,4189383,51620,2074421,46765,2022281,3943,92681,57379,1252580,0.148983,44554,1535813,0.182671,62090,2788393,0.331653,8407551
2,2021-03-26,104574,4293957,52008,2126429,49051,2071332,3515,96196,56734,1266446,0.150632,47419,1583232,0.188311,61285,2849678,0.338943,8407551
2,2021-03-27,76273,4370230,38045,2164474,34892,2106224,3336,99532,37956,1270584,0.151124,38016,1621248,0.192832,42154,2891832,0.343957,8407551
2,2021-03-28,38140,4408370,23576,2188050,13746,2119970,818,100350,20259,1274795,0.151625,17722,1638970,0.19494,21933,2913765,0.346565,8407551
2,2021-03-29,72414,4480784,36786,2224836,33345,2153315,2283,102633,40773,1287458,0.153131,31394,1670364,0.198674,44057,2957822,0.351805,8407551
2,2021-03-30,93029,4573813,45581,2270417,43034,2196349,4414,107047,51817,1303344,0.155021,40974,1711338,0.203548,56860,3014682,0.358568,8407551
2,2021-03-31,102160,4675973,52654,2323071,44352,2240701,5154,112201,57683,1322439,0.157292,44125,1755463,0.208796,63220,3077902,0.366088,8407551
2,2021-04-01,118683,4794656,57224,2380295,52074,2292775,9385,121586,64212,1342437,0.15967,53986,1809449,0.215217,73984,3151886,0.374888,8407551
2,2021-04-02,112470,4907126,51960,2432255,50209,2342984,10301,131887,59906,1360967,0.161874,52117,1861566,0.221416,70647,3222533,0.38329,8407551
2,2021-04-03,77039,4984165,37755,2470010,29395,2372379,9889,141776,37996,1370405,0.162997,38807,1900373,0.226032,48245,3270778,0.389029,8407551
2,2021-04-04,29151,5013316,15012,2485022,10253,2382632,3886,145662,13017,1371312,0.163105,16009,1916382,0.227936,16916,3287694,0.391041,8407551
2,2021-04-05,79835,5093151,39058,2524080,31837,2414469,8940,154602,38262,1377880,0.163886,41365,1957747,0.232856,47933,3335627,0.396742,8407551
2,2021-04-06,104557,5197708,50844,2574924,38893,2453362,14820,169422,49266,1387379,0.165016,54979,2012726,0.239395,64478,3400105,0.404411,8407551
2,2021-04-07,111304,5309012,55459,2630383,39448,2492810,16397,185819,52107,1397224,0.166187,58877,2071603,0.246398,68722,3468827,0.412585,8407551
2,2021-04-08,120106,5429118,57716,2688099,43450,2536260,18940,204759,55556,1408059,0.167476,64151,2135754,0.254028,74986,3543813,0.421504,8407551
2,2021-04-09,119563,5548681,57556,2745655,43726,2579986,18281,223040,56280,1420545,0.168961,62871,2198625,0.261506,75357,3619170,0.430467,8407551
2,2021-04-10,87904,5636585,37858,2783513,31554,2611540,18492,241532,36200,1424440,0.169424,51412,2250037,0.267621,55307,3674477,0.437045,8407551
2,2021-04-11,44744,5681329,23210,2806723,13006,2624546,8528,250060,18308,1425702,0.169574,26273,2276310,0.270746,27535,3702012,0.44032,8407551
2,2021-04-12,80638,5761967,37525,2844248,33620,2658166,9493,259553,35814,1427461,0.169783,44528,2320838,0.276042,46287,3748299,0.445825,8407551
2,2021-04-13,102307,5864274,53101,2897349,48942,2707108,264,259817,55830,1438292,0.171071,46168,2367006,0.281533,56999,3805298,0.452605,8407551
2,2021-04-14,107347,5971621,56197,2953546,51087,2758195,63,259880,54576,1441952,0.171507,52424,2419430,0.287769,56084,3861382,0.459275,8407551
2,2021-04-15,113763,6085384,60368,3013914,53298,2811493,97,259977,59136,1448081,0.172236,54190,2473620,0.294214,60319,3921701,0.46645,8407551
2,2021-04-16,111357,6196741,57923,3071837,53373,2864866,61,260038,56362,1450752,0.172553,54609,2528229,0.300709,57280,3978981,0.473263,8407551
2,2021-04-17,83887,6280628,42694,3114531,41177,2906043,16,260054,46714,1461468,0.173828,36891,2565120,0.305097,47607,4026588,0.478925,8407551
2,2021-04-18,36102,6316730,21959,3136490,14131,2920174,12,260066,17016,1460556,0.17372,18937,2584057,0.30735,18025,4044613,0.481069,8407551
2,2021-04-19,75063,6391793,40346,3176836,34697,2954871,20,260086,33909,1454249,0.172969,40856,2624913,0.312209,34549,4079162,0.485178,8407551
2,2021-04-20,97740,6489533,49409,3226245,48299,3003170,32,260118,46967,1451607,0.172655,50393,2675306,0.318203,47751,4126913,0.490858,8407551
2,2021-04-21,104262,6593795,56422,3282667,47769,3050939,71,260189,48916,1446758,0.172078,54821,2730127,0.324723,49972,4176885,0.496802,8407551
2,2021-04-22,108762,6702557,56194,3338861,52539,3103478,29,260218,47420,1434239,0.170589,60852,2790979,0.331961,48333,4225218,0.50255,8407551
2,2021-04-23,108410,6810967,57790,3396651,50598,3154076,22,260240,49882,1426991,0.169727,58087,2849066,0.33887,50839,4276057,0.508597,8407551
2,2021-04-24,81248,6892215,47778,3444429,33426,3187502,44,260284,42210,1431534,0.170268,38659,2887725,0.343468,43202,4319259,0.513736,8407551
2,2021-04-25,36755,6928970,22646,3467075,14092,3201594,17,260301,19942,1435322,0.170718,16649,2904374,0.345448,20437,4339696,0.516166,8407551
2,2021-04-26,74589,7003559,41307,3508382,32963,3234557,319,260620,34172,1431165,0.170224,40116,2944490,0.35022,35959,4375655,0.520443,8407551
2,2021-04-27,88592,7092151,46706,3555088,40501,3275058,1385,262005,37890,1421417,0.169064,50283,2994773,0.3562,40535,4416190,0.525265,8407551
2,2021-04-28,88594,7180745,47309,3602397,39401,3314459,1884,263889,38908,1413825,0.168161,49307,3044080,0.362065,41715,4457905,0.530226,8407551
2,2021-04-29,91744,7272489,49883,3652280,40133,3354592,1728,265617,35522,1395895,0.166029,55793,3099873,0.368701,37863,4495768,0.53473,8407551
2,2021-04-30,95184,7367673,52582,3704862,40585,3395177,2017,267634,36838,1377567,0.163849,57843,3157716,0.375581,39515,4535283,0.53943,8407551
2,2021-05-01,63051,7430724,38378,3743240,23056,3418233,1617,269251,24561,1366491,0.162531,38125,3195841,0.380116,27049,4562332,0.542647,8407551
2,2021-05-02,29399,7460123,20478,3763718,7942,3426175,979,270230,11143,1360593,0.16183,18109,3213950,0.382269,12211,4574543,0.544099,8407551
2,2021-05-03,60880,7521003,36134,3799852,22668,3448843,2078,272308,20351,1343055,0.159744,40229,3254179,0.387054,22691,4597234,0.546798,8407551
2,2021-05-04,80323,7601326,47962,3847814,29948,3478791,2413,274721,25963,1317831,0.156744,53987,3308166,0.393476,28763,4625997,0.550219,8407551
2,2021-05-05,81007,7682333,48192,3896006,30454,3509245,2361,277082,25223,1290415,0.153483,55365,3363531,0.400061,27949,4653946,0.553544,8407551
2,2021-05-06,83460,7765793,50692,3946698,29837,3539082,2931,280013,25211,1261453,0.150038,57741,3421272,0.406928,28779,4682725,0.556967,8407551
2,2021-05-07,84255,7850048,48673,3995371,33150,3572232,2432,282445,25728,1231967,0.146531,58098,3479370,0.413839,28612,4711337,0.56037,8407551
2,2021-05-08,55961,7906009,33943,4029314,20286,3592518,1732,284177,17439,1213596,0.144346,38274,3517644,0.418391,19903,4731240,0.562737,8407551
2,2021-05-09,21969,7927978,15818,4045132,5400,3597918,751,284928,6317,1205345,0.143365,15551,3533195,0.420241,7300,4738540,0.563605,8407551
2,2021-05-10,50531,7978509,27551,4072683,21086,3619004,1894,286822,14162,1185919,0.141054,36084,3569279,0.424533,16658,4755198,0.565587,8407551
2,2021-05-11,66706,8045215,36154,4108837,28395,3647399,2157,288979,19989,1162374,0.138254,46384,3615663,0.430049,22839,4778037,0.568303,8407551
2,2021-05-12,65600,8110815,34936,4143773,28419,3675818,2245,291224,19241,1138251,0.135384,46025,3661688,0.435524,21902,4799939,0.570908,8407551
2,2021-05-13,71421,8182236,41453,4185226,28009,3703827,1959,293183,26041,1121930,0.133443,45062,3706750,0.440883,28741,4828680,0.574327,8407551
2,2021-05-14,80453,8262689,48204,4233430,29970,3733797,2279,295462,30798,1106385,0.131594,49271,3756021,0.446744,33726,4862406,0.578338,8407551
2,2021-05-15,66936,8329625,43955,4277385,21260,3755057,1721,297183,25897,1093654,0.13008,40759,3796780,0.451592,28028,4890434,0.581672,8407551
2,2021-05-16,31874,8361499,23854,4301239,7088,3762145,932,298115,12950,1088894,0.129514,18778,3815558,0.453825,14018,4904452,0.583339,8407551
2,2021-05-17,58380,8419879,36991,4338230,19423,3781568,1966,300081,22930,1078973,0.128334,35189,3850747,0.458011,25268,4929720,0.586344,8407551
2,2021-05-18,70596,8490475,41281,4379511,27339,3808907,1976,302057,27944,1067085,0.12692,42353,3893100,0.463048,30465,4960185,0.589968,8407551
2,2021-05-19,69455,8559930,41091,4420602,26291,3835198,2073,304130,27410,1055329,0.125522,41708,3934808,0.468009,29952,4990137,0.59353,8407551
2,2021-05-20,70179,8630109,40727,4461329,27253,3862451,2199,306329,26674,1041663,0.123896,43144,3977952,0.47314,29478,5019615,0.597037,8407551
2,2021-05-21,73701,8703810,43546,4504875,27972,3890423,2183,308512,27979,1027057,0.122159,45334,4023286,0.478532,30728,5050343,0.600691,8407551
2,2021-05-22,54026,8757836,34306,4539181,17943,3908366,1777,310289,22518,1020631,0.121395,31264,4054550,0.482251,24838,5075181,0.603646,8407551
2,2021-05-23,24533,8782369,16746,4555927,7063,3915429,724,311013,10285,1017673,0.121043,14111,4068661,0.483929,11153,5086334,0.604972,8407551
2,2021-05-24,45276,8827645,25747,4581674,17740,3933169,1789,312802,17349,1009475,0.120068,27680,4096341,0.487222,19482,5105816,0.607289,8407551
2,2021-05-25,51423,8879068,30138,4611812,19402,3952571,1883,314685,19545,999896,0.118928,31549,4127890,0.490974,21970,5127786,0.609902,8407551
2,2021-05-26,49156,8928224,27555,4639367,19895,3972466,1706,316391,19206,991560,0.117937,29589,4157479,0.494493,21253,5149039,0.61243,8407551
2,2021-05-27,47126,8975350,26740,4666107,18638,3991104,1748,318139,18771,984493,0.117096,28089,4185568,0.497834,21022,5170061,0.614931,8407551
2,2021-05-28,50720,9026070,28052,4694159,20675,4011779,1993,320132,21248,978976,0.11644,29196,4214764,0.501307,23679,5193740,0.617747,8407551
2,2021-05-29,29308,9055378,17553,4711712,10682,4022461,1073,321205,13317,977735,0.116292,15816,4230580,0.503188,14575,5208315,0.619481,8407551
2,2021-05-30,12730,9068108,8203,4719915,3757,4026218,770,321975,5542,976997,0.116205,7116,4237696,0.504035,6378,5214693,0.620239,8407551
2,2021-05-31,5965,9074073,3501,4723416,2158,4028376,306,322281,1861,975176,0.115988,4038,4241734,0.504515,2217,5216910,0.620503,8407551
2,2021-06-01,45309,9119382,26037,4749453,17596,4045972,1676,323957,15738,963748,0.114629,29214,4270948,0.50799,17786,5234696,0.622618,8407551
2,2021-06-02,38668,9158050,22763,4772216,14479,4060451,1426,325383,15125,957344,0.113867,23260,4294208,0.510756,16856,5251552,0.624623,8407551
2,2021-06-03,41935,9199985,27027,4799243,13421,4073872,1487,326870,14140,945818,0.112496,27542,4321750,0.514032,16016,5267568,0.626528,8407551
2,2021-06-04,48784,9248769,31881,4831124,15335,4089207,1568,328438,15768,930989,0.110732,32694,4354444,0.517921,17865,5285433,0.628653,8407551
2,2021-06-05,38261,9287030,27317,4858441,9468,4098675,1476,329914,11898,918679,0.109268,26111,4380555,0.521026,13801,5299234,0.630295,8407551
2,2021-06-06,14986,9302016,12292,4870733,2112,4100787,582,330496,4655,913849,0.108694,10264,4390819,0.522247,5434,5304668,0.630941,8407551
2,2021-06-07,33583,9335599,23512,4894245,8783,4109570,1288,331784,10991,903947,0.107516,22419,4413238,0.524914,12517,5317185,0.63243,8407551
2,2021-06-08,40783,9376382,28845,4923090,10562,4120132,1376,333160,12493,890168,0.105877,28032,4441270,0.528248,14253,5331438,0.634125,8407551
2,2021-06-09,38294,9414676,26742,4949832,10050,4130182,1502,334662,11570,877049,0.104317,26514,4467784,0.531401,13395,5344833,0.635718,8407551
2,2021-06-10,38053,9452729,26472,4976304,10044,4140226,1537,336199,11647,864511,0.102826,26204,4493988,0.534518,13666,5358499,0.637344,8407551
2,2021-06-11,41749,9494478,27738,5004042,12329,4152555,1682,337881,13367,851764,0.101309,28101,4522089,0.53786,15354,5373853,0.63917,8407551
2,2021-06-12,29814,9524292,21968,5026010,6925,4159480,921,338802,8729,840713,0.099995,20936,4543025,0.540351,9885,5383738,0.640346,8407551
2,2021-06-13,12283,9536575,8975,5034985,2685,4162165,623,339425,3121,835533,0.099379,9093,4552118,0.541432,3913,5387651,0.640811,8407551
2,2021-06-14,30252,9566827,21479,5056464,7553,4169718,1220,340645,10442,827774,0.098456,19625,4571743,0.543766,11866,5399517,0.642222,8407551
2,2021-06-15,36070,9602897,24055,5080519,9949,4179667,2066,342711,12126,818686,0.097375,23655,4595398,0.54658,14567,5414084,0.643955,8407551
2,2021-06-16,33445,9636342,23112,5103631,8520,4188187,1813,344524,11562,810680,0.096423,21697,4617095,0.549161,13691,5427775,0.645583,8407551
2,2021-06-17,31111,9667453,20774,5124405,8528,4196715,1809,346333,10990,803754,0.095599,19932,4637027,0.551531,13006,5440781,0.64713,8407551
2,2021-06-18,34846,9702299,22966,5147371,9996,4206711,1884,348217,12605,796479,0.094734,22017,4659044,0.55415,14742,5455523,0.648884,8407551
2,2021-06-19,21025,9723324,14650,5162021,5112,4211823,1263,349480,7927,792935,0.094312,12932,4671976,0.555688,9388,5464911,0.65,8407551
2,2021-06-20,8317,9731641,5947,5167968,1904,4213727,466,349946,3070,791344,0.094123,5198,4677174,0.556306,3607,5468518,0.650429,8407551
2,2021-06-21,19390,9751031,11878,5179846,6184,4219911,1328,351274,9884,793357,0.094362,9381,4686555,0.557422,11394,5479912,0.651785,8407551
2,2021-06-22,26948,9777979,18454,5198300,7109,4227020,1385,352659,10520,789285,0.093878,16252,4702807,0.559355,12180,5492092,0.653233,8407551
2,2021-06-23,25981,9803960,17927,5216227,6421,4233441,1633,354292,10515,786414,0.093537,15314,4718121,0.561177,12443,5504535,0.654713,8407551
2,2021-06-24,25470,9829430,17342,5233569,6597,4240038,1531,355823,10459,783780,0.093223,14855,4732976,0.562943,12221,5516756,0.656167,8407551
2,2021-06-25,28917,9858347,19596,5253165,7818,4247856,1503,357326,12009,780792,0.092868,16742,4749718,0.564935,13754,5530510,0.657803,8407551
2,2021-06-26,18769,9877116,13822,5266987,4010,4251866,937,358263,7635,778580,0.092605,11040,4760758,0.566248,8828,5539338,0.658853,8407551
2,2021-06-27,8889,9886005,6788,5273775,1650,4253516,451,358714,3573,777471,0.092473,5257,4766015,0.566873,4148,5543486,0.659346,8407551
2,2021-06-28,20005,9906010,15197,5288972,3559,4257075,1249,359963,8826,776703,0.092382,11039,4777054,0.568186,10271,5553757,0.660568,8407551
2,2021-06-29,22967,9928977,16002,5304974,5884,4262959,1081,361044,9851,774897,0.092167,12973,4790027,0.569729,11167,5564924,0.661896,8407551
2,2021-06-30,22250,9951227,15784,5320758,5432,4268391,1034,362078,9957,773979,0.092058,12138,4802165,0.571173,11220,5576144,0.66323,8407551
2,2021-07-01,20171,9971398,14259,5335017,5012,4273403,900,362978,8976,773005,0.091942,11054,4813219,0.572488,10080,5586224,0.664429,8407551
2,2021-07-02,23192,9994590,16007,5351024,6154,4279557,1031,364009,10280,771779,0.091796,12742,4825961,0.574003,11516,5597740,0.665799,8407551
2,2021-07-03,12682,10007272,9142,5360166,3062,4282619,478,364487,5812,771421,0.091753,6771,4832732,0.574809,6413,5604153,0.666562,8407551
2,2021-07-04,1020,10008292,599,5360765,354,4282973,67,364554,437,771377,0.091748,571,4833303,0.574876,527,5604680,0.666625,8407551
2,2021-07-05,11177,10019469,8184,5368949,2583,4285556,410,364964,5139,771093,0.091714,5962,4839265,0.575586,5678,5610358,0.6673,8407551
2,2021-07-06,24050,10043519,17464,5386413,5569,4291125,1017,365981,9295,767091,0.091238,14586,4853851,0.57732,10584,5620942,0.668559,8407551
2,2021-07-07,20738,10064257,14787,5401200,4840,4295965,1111,367092,8784,765442,0.091042,11805,4865656,0.578725,10156,5631098,0.669767,8407551
2,2021-07-08,19307,10083564,13448,5414648,4805,4300770,1054,368146,8099,763705,0.090836,11095,4876751,0.580044,9358,5640456,0.67088,8407551
2,2021-07-09,22742,10106306,15765,5430413,5707,4306477,1270,369416,9656,761888,0.090619,12943,4889694,0.581584,11126,5651582,0.672203,8407551
2,2021-07-10,14438,10120744,10657,5441070,3092,4309569,689,370105,6382,761155,0.090532,7959,4897653,0.58253,7226,5658808,0.673063,8407551
2,2021-07-11,6587,10127331,4844,5445914,1393,4310962,350,370455,3104,761242,0.090543,3437,4901090,0.582939,3524,5662332,0.673482,8407551
2,2021-07-12,18306,10145637,13455,5459369,3974,4314936,877,371332,7882,759903,0.090383,10300,4911390,0.584164,8961,5671293,0.674548,8407551
2,2021-07-13,19654,10165291,13878,5473247,4889,4319825,887,372219,8813,759110,0.090289,10690,4922080,0.585436,9897,5681190,0.675725,8407551
2,2021-07-14,18830,10184121,13460,5486707,4582,4324407,788,373007,8447,758306,0.090193,10251,4932331,0.586655,9447,5690637,0.676848,8407551
2,2021-07-15,18963,10203084,13743,5500450,4512,4328919,708,373715,8636,757657,0.090116,10209,4942540,0.587869,9560,5700197,0.677985,8407551
2,2021-07-16,22998,10226082,16550,5517000,5611,4334530,837,374552,11022,757882,0.090143,11840,4954380,0.589277,12065,5712262,0.67942,8407551
2,2021-07-17,14445,10240527,10527,5527527,3384,4337914,534,375086,6984,758170,0.090177,7366,4961746,0.590154,7654,5719916,0.680331,8407551
2,2021-07-18,7017,10247544,5244,5532771,1444,4339358,329,375415,3543,758683,0.090238,3430,4965176,0.590562,3943,5723859,0.6808,8407551
2,2021-07-19,18481,10266025,13770,5546541,3960,4343318,751,376166,9170,759593,0.090347,9191,4974367,0.591655,10101,5733960,0.682001,8407551
2,2021-07-20,21060,10287085,14999,5561540,5213,4348531,848,377014,10701,761142,0.090531,10220,4984587,0.59287,11769,5745729,0.683401,8407551
2,2021-07-21,20542,10307627,14959,5576499,4808,4353339,775,377789,10655,763013,0.090753,9756,4994343,0.594031,11627,5757356,0.684784,8407551
2,2021-07-22,20460,10328087,14609,5591108,4980,4358319,871,378660,10927,765599,0.091061,9384,5003727,0.595147,11970,5769326,0.686208,8407551
2,2021-07-23,24624,10352711,17252,5608360,6307,4364626,1065,379725,13403,769204,0.09149,11061,5014788,0.596462,14666,5783992,0.687952,8407551
2,2021-07-24,14909,10367620,10742,5619102,3664,4368290,503,380228,8321,771667,0.091783,6475,5021263,0.597233,8938,5792930,0.689015,8407551
2,2021-07-25,6740,10374360,4967,5624069,1630,4369920,143,380371,4981,775119,0.092193,1711,5022974,0.597436,5163,5798093,0.689629,8407551
2,2021-07-26,19252,10393612,13603,5637672,4861,4374781,788,381159,12196,781312,0.09293,6917,5029891,0.598259,13110,5811203,0.691189,8407551
2,2021-07-27,23058,10416670,16703,5654375,5487,4380268,868,382027,13496,786434,0.093539,9392,5039283,0.599376,14514,5825717,0.692915,8407551
2,2021-07-28,22791,10439461,16306,5670681,5581,4385849,904,382931,13493,791893,0.094188,9125,5048408,0.600461,14584,5840301,0.694649,8407551
2,2021-07-29,21558,10461019,15468,5686149,5176,4391025,914,383845,13030,797610,0.094868,8381,5056789,0.601458,14098,5854399,0.696326,8407551
2,2021-07-30,26385,10487404,18795,5704944,6625,4397650,965,384810,15805,804203,0.095652,10379,5067168,0.602693,16972,5871371,0.698345,8407551
2,2021-07-31,15845,10503249,11678,5716622,3656,4401306,511,385321,9602,808338,0.096144,6115,5073283,0.60342,10250,5881621,0.699564,8407551
2,2021-08-01,8099,10511348,6233,5722855,1694,4403000,172,385493,5307,811160,0.09648,2722,5076005,0.603744,5544,5887165,0.700224,8407551
2,2021-08-02,21433,10532781,16105,5738960,4555,4407555,773,386266,13591,817939,0.097286,7700,5083705,0.604659,14479,5901644,0.701946,8407551
2,2021-08-03,24219,10557000,17662,5756622,5528,4413083,1029,387295,15054,825139,0.098143,9013,5092718,0.605731,16213,5917857,0.703874,8407551
2,2021-08-04,22891,10579891,16949,5773571,5049,4418132,893,388188,14230,831850,0.098941,8509,5101227,0.606744,15220,5933077,0.705684,8407551
2,2021-08-05,23293,10603184,17075,5790646,5262,4423394,956,389144,14426,838650,0.09975,8695,5109922,0.607778,15495,5948572,0.707527,8407551
2,2021-08-06,27874,10631058,20436,5811082,6443,4429837,995,390139,17000,846085,0.100634,10688,5120610,0.609049,18123,5966695,0.709683,8407551
2,2021-08-07,17020,10648078,12651,5823733,3757,4433594,612,390751,10449,850770,0.101191,6457,5127067,0.609817,11142,5977837,0.711008,8407551
2,2021-08-08,9386,10657464,7105,5830838,2052,4435646,229,390980,5862,853467,0.101512,3438,5130505,0.610226,6135,5983972,0.711738,8407551
2,2021-08-09,23457,10680921,17982,5848820,4704,4440350,771,391751,14199,859475,0.102227,9093,5139598,0.611307,15101,5999073,0.713534,8407551
2,2021-08-10,24645,10705566,18161,5866981,5623,4445973,861,392612,14500,865014,0.102885,9961,5149559,0.612492,15500,6014573,0.715378,8407551
2,2021-08-11,22200,10727766,16566,5883547,4717,4450690,917,393529,12895,869802,0.103455,9123,5158682,0.613577,13911,6028484,0.717032,8407551
2,2021-08-12,23941,10751707,17096,5900643,5756,4456446,1089,394618,13949,875163,0.104092,9779,5168461,0.61474,15140,6043624,0.718833,8407551
2,2021-08-13,30097,10781804,21775,5922418,7266,4463712,1056,395674,17407,881434,0.104838,12327,5180788,0.616207,18598,6062222,0.721045,8407551
2,2021-08-14,18944,10800748,13978,5936396,4450,4468162,516,396190,10681,885103,0.105275,7670,5188458,0.617119,11339,6073561,0.722394,8407551
2,2021-08-15,9851,10810599,7398,5943794,2258,4470420,195,396385,5418,886788,0.105475,4000,5192458,0.617595,5685,6079246,0.72307,8407551
2,2021-08-16,24920,10835519,17645,5961439,6430,4476850,845,397230,12999,890117,0.105871,10670,5203128,0.618864,13999,6093245,0.724735,8407551
2,2021-08-17,26123,10861642,18498,5979937,6682,4483532,943,398173,12959,892453,0.106149,11700,5214828,0.620255,14036,6107281,0.726404,8407551
2,2021-08-18,26434,10888076,18783,5998720,6742,4490274,909,399082,12939,894703,0.106417,11747,5226575,0.621652,13997,6121278,0.728069,8407551
2,2021-08-19,26258,10914334,18161,6016881,7068,4497342,1029,400111,13052,897558,0.106756,11357,5237932,0.623003,14212,6135490,0.729759,8407551
2,2021-08-20,32644,10946978,22926,6039807,8666,4506008,1052,401163,15348,899243,0.106957,14866,5252798,0.624771,16551,6152041,0.731728,8407551
2,2021-08-21,19091,10966069,14086,6053893,4454,4510462,551,401714,9073,900082,0.107056,8921,5261719,0.625833,9760,6161801,0.732889,8407551
2,2021-08-22,10740,10976809,7945,6061838,2581,4513043,214,401928,5301,900815,0.107144,4860,5266579,0.626411,5593,6167394,0.733554,8407551
2,2021-08-23,26891,11003700,19679,6081517,6482,4519525,730,402658,12599,901910,0.107274,12483,5279062,0.627895,13578,6180972,0.735169,8407551
2,2021-08-24,27502,11031202,20471,6101988,6153,4525678,878,403536,12173,901732,0.107253,13446,5292508,0.629495,13268,6194240,0.736747,8407551
2,2021-08-25,26445,11057647,20057,6122045,5647,4531325,741,404277,12055,902121,0.107299,12621,5305129,0.630996,13010,6207250,0.738295,8407551
2,2021-08-26,26497,11084144,19758,6141803,5918,4537243,821,405098,11846,902253,0.107315,12733,5317862,0.63251,12865,6220115,0.739825,8407551
2,2021-08-27,32583,11116727,24198,6166001,7475,4544718,910,406008,13549,900554,0.107113,16443,5334305,0.634466,14744,6234859,0.741578,8407551
2,2021-08-28,19168,11135895,14644,6180645,4155,4548873,369,406377,8122,899392,0.106974,9840,5344145,0.635636,8678,6243537,0.742611,8407551
2,2021-08-29,11157,11147052,8530,6189175,2475,4551348,152,406529,4815,898780,0.106902,5704,5349849,0.636315,5092,6248629,0.743216,8407551
2,2021-08-30,25865,11172917,19288,6208463,5895,4557243,682,407211,10581,897041,0.106695,13265,5363114,0.637893,11526,6260155,0.744587,8407551
2,2021-08-31,25492,11198409,18574,6227037,6211,4563454,707,407918,10304,895296,0.106487,13000,5376114,0.639439,11255,6271410,0.745926,8407551
2,2021-09-01,24767,11223176,18044,6245081,6015,4569469,708,408626,10697,895097,0.106463,11833,5387947,0.640846,11634,6283044,0.74731,8407551
2,2021-09-02,23942,11247118,17191,6262272,6090,4575559,661,409287,9772,893874,0.106318,11843,5399790,0.642255,10620,6293664,0.748573,8407551
2,2021-09-03,30358,11277476,22048,6284320,7580,4583139,730,410017,11647,890638,0.105933,15840,5415630,0.644139,12604,6306268,0.750072,8407551
2,2021-09-04,16578,11294054,12574,6296894,3746,4586885,258,410275,6704,888937,0.105731,8824,5424454,0.645188,7123,6313391,0.750919,8407551
2,2021-09-05,9776,11303830,7337,6304231,2374,4589259,65,410340,4470,888808,0.105715,4752,5429206,0.645754,4623,6318014,0.751469,8407551
2,2021-09-06,5047,11308877,3428,6307659,1581,4590840,38,410378,2108,888340,0.10566,2665,5431871,0.646071,2197,6320211,0.75173,8407551
2,2021-09-07,24533,11333410,18165,6325824,5670,4596510,698,411076,8196,882922,0.105015,14566,5446437,0.647803,9148,6329359,0.752818,8407551
2,2021-09-08,22634,11356044,16593,6342417,5442,4601952,599,411675,8973,880812,0.104764,11891,5458328,0.649217,9781,6339140,0.753982,8407551
2,2021-09-09,22124,11378168,15659,6358076,5777,4607729,688,412363,8563,878518,0.104492,11727,5470055,0.650612,9433,6348573,0.755104,8407551
2,2021-09-10,12178,11390346,8673,6366749,2875,4610604,630,412993,4153,876496,0.104251,6866,5476921,0.651429,4844,6353417,0.75568,8407551
3,2020-12-15,339,339,339,339,0,0,0,0,339,339,4.2e-05,0,0,0.0,339,339,4.2e-05,8129050
3,2020-12-16,2550,2889,2550,2889,0,0,0,0,2550,2889,0.000355,0,0,0.0,2550,2889,0.000355,8129050
3,2020-12-17,7983,10872,7983,10872,0,0,0,0,7984,10873,0.001338,0,0,0.0,7984,10873,0.001338,8129050
3,2020-12-18,13618,24490,13597,24469,21,21,0,0,13614,24487,0.003012,0,0,0.0,13614,24487,0.003012,8129050
3,2020-12-19,7296,31786,7284,31753,12,33,0,0,7348,31833,0.003916,2,2,0.0,7348,31835,0.003916,8129050
3,2020-12-20,5706,37492,5691,37444,15,48,0,0,5754,37586,0.004624,1,3,0.0,5754,37589,0.004624,8129050
3,2020-12-21,14537,52029,14508,51952,29,77,0,0,14598,52183,0.006419,1,4,0.0,14598,52187,0.00642,8129050
3,2020-12-22,15044,67073,14428,66380,616,693,0,0,15078,67256,0.008274,5,9,1e-06,15078,67265,0.008275,8129050
3,2020-12-23,15083,82156,12411,78791,2672,3365,0,0,15103,82358,0.010131,2,11,1e-06,15104,82369,0.010133,8129050
3,2020-12-24,6893,89049,4923,83714,1970,5335,0,0,6889,89244,0.010978,3,14,2e-06,6889,89258,0.01098,8129050
3,2020-12-25,747,89796,686,84400,61,5396,0,0,742,89984,0.011069,2,16,2e-06,742,90000,0.011071,8129050
3,2020-12-26,4636,94432,3009,87409,1627,7023,0,0,4634,94618,0.011639,0,16,2e-06,4634,94634,0.011641,8129050
3,2020-12-27,3043,97475,1874,89283,1169,8192,0,0,3042,97660,0.012014,0,16,2e-06,3042,97676,0.012016,8129050
3,2020-12-28,13876,111351,8878,98161,4998,13190,0,0,13890,111541,0.013721,9,25,3e-06,13890,111566,0.013724,8129050
3,2020-12-29,15534,126885,8802,106963,6732,19922,0,0,15558,127096,0.015635,3,28,3e-06,15558,127124,0.015638,8129050
3,2020-12-30,18464,145349,10370,117333,8094,28016,0,0,18469,145563,0.017907,3,31,4e-06,18470,145594,0.01791,8129050
3,2020-12-31,8570,153919,3265,120598,5305,33321,0,0,8570,154131,0.018961,2,33,4e-06,8570,154164,0.018965,8129050
3,2021-01-01,1959,155878,940,121538,1019,34340,0,0,1953,156082,0.019201,2,35,4e-06,1953,156117,0.019205,8129050
3,2021-01-02,5024,160902,2477,124015,2547,36887,0,0,5021,161102,0.019818,1,36,4e-06,5021,161138,0.019822,8129050
3,2021-01-03,1648,162550,868,124883,780,37667,0,0,1639,162739,0.020019,2,38,5e-06,1639,162777,0.020024,8129050
3,2021-01-04,12217,174767,6067,130950,6150,43817,0,0,12185,174915,0.021517,9,47,6e-06,12185,174962,0.021523,8129050
3,2021-01-05,15998,190765,8313,139263,7685,51502,0,0,14278,187527,0.023069,1700,1747,0.000215,14312,189274,0.023284,8129050
3,2021-01-06,20828,211593,11049,150312,9779,61281,0,0,16148,199052,0.024487,4634,6381,0.000785,16159,205433,0.025271,8129050
3,2021-01-07,26919,238512,15391,165703,11528,72809,0,0,17311,206812,0.025441,9572,15953,0.001962,17332,222765,0.027404,8129050
3,2021-01-08,30972,269484,18891,184594,12081,84890,0,0,18290,212475,0.026138,12657,28610,0.003519,18320,241085,0.029657,8129050
3,2021-01-09,12639,282123,7134,191728,5505,90395,0,0,8049,215954,0.026566,4582,33192,0.004083,8061,249146,0.030649,8129050
3,2021-01-10,7294,289417,4523,196251,2771,93166,0,0,4098,216866,0.026678,3193,36385,0.004476,4105,253251,0.031154,8129050
3,2021-01-11,29544,318961,19324,215575,10220,103386,0,0,16713,220815,0.027164,12816,49201,0.006052,16765,270016,0.033216,8129050
3,2021-01-12,33124,352085,19695,235270,13429,116815,0,0,20298,228462,0.028104,12804,62005,0.007628,20451,290467,0.035732,8129050
3,2021-01-13,35111,387196,18331,253601,16780,133595,0,0,24689,242763,0.029864,10415,72420,0.008909,24716,315183,0.038772,8129050
3,2021-01-14,35124,422320,14363,267964,20761,154356,0,0,29131,266022,0.032725,5915,78335,0.009636,29174,344357,0.042361,8129050
3,2021-01-15,39472,461792,14681,282645,24791,179147,0,0,34707,296068,0.036421,4741,83076,0.01022,34787,379144,0.046641,8129050
3,2021-01-16,22074,483866,7522,290167,14552,193699,0,0,19684,313398,0.038553,2378,85454,0.010512,19708,398852,0.049065,8129050
3,2021-01-17,13238,497104,4506,294673,8732,202431,0,0,12138,324454,0.039913,1100,86554,0.010647,12156,411008,0.05056,8129050
3,2021-01-18,25006,522110,13064,307737,11942,214373,0,0,19282,338049,0.041585,5738,92292,0.011353,19333,430341,0.052939,8129050
3,2021-01-19,41643,563753,21228,328965,20415,234788,0,0,32192,360911,0.044398,9423,101715,0.012513,32285,462626,0.05691,8129050
3,2021-01-20,46652,610405,23243,352208,23409,258197,0,0,36845,388084,0.04774,9763,111478,0.013714,36936,499562,0.061454,8129050
3,2021-01-21,48682,659087,21160,373368,27522,285719,0,0,42991,425557,0.05235,5607,117085,0.014403,43080,542642,0.066753,8129050
3,2021-01-22,50300,709387,20051,393419,30249,315968,0,0,45951,467238,0.057478,4344,121429,0.014938,46025,588667,0.072415,8129050
3,2021-01-23,30716,740103,12916,406335,17800,333768,0,0,27376,491349,0.060444,3328,124757,0.015347,27439,616106,0.075791,8129050
3,2021-01-24,18105,758208,8556,414891,9549,343317,0,0,16903,507087,0.06238,1198,125955,0.015494,16936,633042,0.077874,8129050
3,2021-01-25,41389,799597,18443,433334,22946,366263,0,0,31188,528194,0.064976,10177,136132,0.016746,31284,664326,0.081722,8129050
3,2021-01-26,47859,847456,22873,456207,24986,391249,0,0,37452,555371,0.068319,10391,146523,0.018025,37568,701894,0.086344,8129050
3,2021-01-27,52162,899618,24840,481047,27322,418571,0,0,41255,585879,0.072072,10836,157359,0.019358,41344,743238,0.09143,8129050
3,2021-01-28,52772,952390,24462,505509,28310,446881,0,0,43591,620445,0.076324,9089,166448,0.020476,43655,786893,0.0968,8129050
3,2021-01-29,51731,1004121,24736,530245,26995,473876,0,0,41762,652488,0.080266,9776,176224,0.021678,41819,828712,0.101945,8129050
3,2021-01-30,37890,1042011,17846,548091,20044,493920,0,0,33098,680947,0.083767,4737,180961,0.022261,33196,861908,0.106028,8129050
3,2021-01-31,22982,1064993,12944,561035,10038,503958,0,0,21523,701060,0.086241,1439,182400,0.022438,21552,883460,0.108679,8129050
3,2021-02-01,46765,1111758,21388,582423,25377,529335,0,0,35586,725582,0.089258,11111,193511,0.023805,35633,919093,0.113063,8129050
3,2021-02-02,55176,1166934,23022,605445,32154,561489,0,0,42455,755471,0.092935,12621,206132,0.025357,42510,961603,0.118292,8129050
3,2021-02-03,60687,1227621,26979,632424,33708,595197,0,0,45033,785087,0.096578,15495,221627,0.027264,45111,1006714,0.123842,8129050
3,2021-02-04,65114,1292735,28169,660593,36945,632142,0,0,47566,815447,0.100313,17337,238964,0.029396,47697,1054411,0.129709,8129050
3,2021-02-05,71405,1364140,30069,690662,41336,673478,0,0,49157,842834,0.103682,21986,260950,0.032101,49373,1103784,0.135783,8129050
3,2021-02-06,44133,1408273,21109,711771,23024,696502,0,0,34303,867557,0.106723,9778,270728,0.033304,34501,1138285,0.140027,8129050
3,2021-02-07,19959,1428232,12717,724488,7242,703744,0,0,15325,878396,0.108056,4616,275344,0.033872,15455,1153740,0.141928,8129050
3,2021-02-08,52064,1480296,25115,749603,26949,730693,0,0,33994,894661,0.110057,17928,293272,0.036077,34193,1187933,0.146134,8129050
3,2021-02-09,59403,1539699,28793,778396,30610,761303,0,0,34633,905091,0.11134,24566,317838,0.039099,34996,1222929,0.150439,8129050
3,2021-02-10,69078,1608777,32113,810509,36965,798268,0,0,36854,910551,0.112012,31920,349758,0.043026,37380,1260309,0.155038,8129050
3,2021-02-11,71597,1680374,35189,845698,36408,834676,0,0,37887,915687,0.112644,33309,383067,0.047123,38445,1298754,0.159767,8129050
3,2021-02-12,76500,1756874,32936,878634,43564,878240,0,0,42054,924426,0.113719,34096,417163,0.051318,42835,1341589,0.165036,8129050
3,2021-02-13,45579,1802453,20648,899282,24931,903171,0,0,26047,931660,0.114609,19410,436573,0.053705,26644,1368233,0.168314,8129050
3,2021-02-14,27671,1830124,13810,913092,13861,917032,0,0,15313,935158,0.115039,12288,448861,0.055217,15786,1384019,0.170256,8129050
3,2021-02-15,40642,1870766,17509,930601,23133,940165,0,0,22373,940339,0.115676,18152,467013,0.05745,23333,1407352,0.173126,8129050
3,2021-02-16,71122,1941888,33644,964245,37478,977643,0,0,36738,943921,0.116117,34213,501226,0.061659,37795,1445147,0.177776,8129050
3,2021-02-17,72920,2014808,36814,1001059,36106,1013749,0,0,34373,941103,0.11577,38270,539496,0.066366,35452,1480599,0.182137,8129050
3,2021-02-18,78007,2092815,40731,1041790,37276,1051025,0,0,35898,936474,0.115201,41891,581387,0.07152,37262,1517861,0.186721,8129050
3,2021-02-19,70092,2162907,40354,1082144,29738,1080763,0,0,35270,937798,0.115364,34634,616021,0.07578,35958,1553819,0.191144,8129050
3,2021-02-20,43643,2206550,27514,1109658,16129,1096892,0,0,22671,940170,0.115656,20841,636862,0.078344,23213,1577032,0.194,8129050
3,2021-02-21,24613,2231163,19764,1129422,4849,1101741,0,0,11800,939697,0.115597,12701,649563,0.079906,12228,1589260,0.195504,8129050
3,2021-02-22,48047,2279210,31260,1160682,16787,1118528,0,0,22424,937164,0.115286,25466,675029,0.083039,22933,1612193,0.198325,8129050
3,2021-02-23,64329,2343539,34894,1195576,29435,1147963,0,0,27944,931003,0.114528,36129,711158,0.087484,29968,1642161,0.202011,8129050
3,2021-02-24,80520,2424059,39587,1235163,40933,1188896,0,0,35343,924009,0.113668,44893,756051,0.093006,37899,1680060,0.206674,8129050
3,2021-02-25,90247,2514306,43938,1279101,46309,1235205,0,0,44744,926219,0.113939,45170,801221,0.098563,47380,1727440,0.212502,8129050
3,2021-02-26,101391,2615697,46288,1325389,55103,1290308,0,0,53342,934200,0.114921,47604,848825,0.104419,55585,1783025,0.21934,8129050
3,2021-02-27,71793,2687490,32992,1358381,38796,1329104,5,5,37610,939229,0.11554,33927,882752,0.108592,38956,1821981,0.224132,8129050
3,2021-02-28,41921,2729411,24239,1382620,17677,1346781,5,10,21167,940837,0.115738,20544,903296,0.11112,22152,1844133,0.226857,8129050
3,2021-03-01,71122,2800533,37657,1420277,33401,1380182,64,74,39473,950399,0.116914,31363,934659,0.114978,40925,1885058,0.231892,8129050
3,2021-03-02,82509,2883042,40659,1460936,41834,1422016,16,90,47489,965218,0.118737,34830,969489,0.119262,49649,1934707,0.237999,8129050
3,2021-03-03,92514,2975556,44276,1505212,48197,1470213,41,131,51573,978478,0.120368,40676,1010165,0.124266,53936,1988643,0.244634,8129050
3,2021-03-04,96940,3072496,47427,1552639,49486,1519699,27,158,54721,993610,0.12223,41942,1052107,0.129426,57074,2045717,0.251655,8129050
3,2021-03-05,93412,3165908,45612,1598251,47491,1567190,309,467,56285,1015664,0.124943,36813,1088920,0.133954,58867,2104584,0.258897,8129050
3,2021-03-06,66697,3232605,33791,1632042,30732,1597922,2174,2641,37929,1028634,0.126538,28590,1117510,0.137471,41560,2146144,0.264009,8129050
3,2021-03-07,39693,3272298,22861,1654903,14903,1612825,1929,4570,22326,1036760,0.127538,17283,1134793,0.139597,25409,2171553,0.267135,8129050
3,2021-03-08,60976,3333274,29008,1683911,28925,1641750,3043,7613,38505,1057533,0.130093,22290,1157083,0.142339,43063,2214616,0.272432,8129050
3,2021-03-09,78266,3411540,36116,1720027,37644,1679394,4506,12119,41978,1069031,0.131507,36103,1193186,0.14678,47601,2262217,0.278288,8129050
3,2021-03-10,84412,3495952,41951,1761978,36275,1715669,6186,18305,44007,1080422,0.132909,40153,1233339,0.15172,51544,2313761,0.284629,8129050
3,2021-03-11,98584,3594536,48240,1810218,41630,1757299,8714,27019,48154,1088185,0.133864,50123,1283462,0.157886,57886,2371647,0.29175,8129050
3,2021-03-12,103453,3697989,46223,1856441,45277,1802576,11953,38972,47128,1092247,0.134363,56036,1339498,0.164779,60098,2431745,0.299143,8129050
3,2021-03-13,71312,3769301,30041,1886482,33961,1836537,7310,46282,37535,1104771,0.135904,33610,1373108,0.168914,46134,2477879,0.304818,8129050
3,2021-03-14,41702,3811003,21777,1908259,16340,1852877,3585,49867,20995,1109352,0.136468,20608,1393716,0.171449,25189,2503068,0.307916,8129050
3,2021-03-15,76557,3887560,36308,1944567,35648,1888525,4601,54468,40273,1119160,0.137674,36019,1429735,0.17588,45827,2548895,0.313554,8129050
3,2021-03-16,96024,3983584,44269,1988836,47374,1935899,4381,58849,53844,1136365,0.139791,41892,1471627,0.181033,59097,2607992,0.320824,8129050
3,2021-03-17,99464,4083048,48295,2037131,46565,1982464,4604,63453,60234,1162863,0.14305,38960,1510587,0.185826,65458,2673450,0.328876,8129050
3,2021-03-18,104748,4187796,53222,2090353,46925,2029389,4601,68054,59849,1183251,0.145558,44572,1555159,0.191309,64960,2738410,0.336867,8129050
3,2021-03-19,104533,4292329,56193,2146546,43837,2073226,4503,72557,58088,1200218,0.147646,46128,1601287,0.196983,63095,2801505,0.344629,8129050
3,2021-03-20,72716,4365045,37457,2184003,31514,2104740,3745,76302,44600,1221140,0.150219,27880,1629167,0.200413,48802,2850307,0.350632,8129050
3,2021-03-21,36716,4401761,24915,2208918,10268,2115008,1533,77835,22022,1230610,0.151384,14559,1643726,0.202204,24029,2874336,0.353588,8129050
3,2021-03-22,71276,4473037,41877,2250795,26839,2141847,2560,80395,45160,1253496,0.1542,25834,1669560,0.205382,48720,2923056,0.359582,8129050
3,2021-03-23,90909,4563946,50300,2301095,38017,2179864,2592,82987,55201,1276583,0.15704,35403,1704963,0.209737,58490,2981546,0.366777,8129050
3,2021-03-24,99990,4663936,57551,2358646,39466,2219330,2973,85960,56365,1293307,0.159097,43211,1748174,0.215053,59935,3041481,0.37415,8129050
3,2021-03-25,108732,4772668,60404,2419050,45256,2264586,3072,89032,60644,1309962,0.161146,47688,1795862,0.220919,64343,3105824,0.382065,8129050
3,2021-03-26,112122,4884790,60186,2479236,48531,2313117,3405,92437,57204,1316886,0.161998,54518,1850380,0.227626,61442,3167266,0.389623,8129050
3,2021-03-27,75456,4960246,38389,2517625,34490,2347607,2577,95014,36230,1317394,0.16206,38959,1889339,0.232418,39467,3206733,0.394478,8129050
3,2021-03-28,44888,5005134,28303,2545928,15760,2363367,825,95839,22456,1319033,0.162262,22293,1911632,0.235161,23932,3230665,0.397422,8129050
3,2021-03-29,81875,5087009,42773,2588701,37230,2400597,1872,97711,44336,1328844,0.163469,37253,1948885,0.239743,47064,3277729,0.403212,8129050
3,2021-03-30,101592,5188601,49929,2638630,47935,2448532,3728,101439,56358,1344591,0.165406,44927,1993812,0.24527,60674,3338403,0.410676,8129050
3,2021-03-31,106265,5294866,57308,2695938,44050,2492582,4907,106346,56321,1356497,0.16687,49643,2043455,0.251377,61549,3399952,0.418247,8129050
3,2021-04-01,125296,5420162,63334,2759272,52069,2544651,9893,116239,67032,1375868,0.169253,57760,2101215,0.258482,77131,3477083,0.427735,8129050
3,2021-04-02,119245,5539407,58255,2817527,50500,2595151,10490,126729,62390,1392618,0.171314,56507,2157722,0.265433,73257,3550340,0.436747,8129050
3,2021-04-03,76701,5616108,39246,2856773,28139,2623290,9316,136045,38037,1401753,0.172437,38476,2196198,0.270167,47611,3597951,0.442604,8129050
3,2021-04-04,32676,5648784,17475,2874248,10944,2634234,4257,140302,14207,1401819,0.172446,18374,2214572,0.272427,18440,3616391,0.444873,8129050
3,2021-04-05,90661,5739445,45999,2920247,35284,2669518,9378,149680,43772,1409102,0.173342,46625,2261197,0.278163,53908,3670299,0.451504,8129050
3,2021-04-06,114619,5854064,55796,2976043,43479,2712997,15344,165024,53633,1418031,0.17444,60671,2321868,0.285626,69600,3739899,0.460066,8129050
3,2021-04-07,117409,5971473,60751,3036794,40232,2753229,16426,181450,56402,1430388,0.17596,60694,2382562,0.293092,73051,3812950,0.469052,8129050
3,2021-04-08,122418,6093891,60948,3097742,41133,2794362,20337,201787,56593,1442517,0.177452,65476,2448038,0.301147,77605,3890555,0.478599,8129050
3,2021-04-09,119780,6213671,59737,3157479,40684,2835046,19359,221146,52314,1447803,0.178102,67168,2515206,0.30941,72454,3963009,0.487512,8129050
3,2021-04-10,85202,6298873,38260,3195739,31500,2866546,15442,236588,34626,1448258,0.178158,50348,2565554,0.315603,50803,4013812,0.493762,8129050
3,2021-04-11,45657,6344530,24420,3220159,13116,2879662,8121,244709,17303,1446224,0.177908,28241,2593795,0.319077,26207,4040019,0.496985,8129050
3,2021-04-12,84818,6429348,42809,3262968,33081,2912743,8928,253637,38178,1448023,0.178129,46356,2640151,0.32478,48155,4088174,0.502909,8129050
3,2021-04-13,106341,6535689,57595,3320563,48533,2961276,213,253850,55741,1454557,0.178933,50313,2690464,0.330969,56847,4145021,0.509902,8129050
3,2021-04-14,108526,6644215,59370,3379933,49043,3010319,113,253963,53697,1455328,0.179028,54484,2744948,0.337671,55255,4200276,0.516699,8129050
3,2021-04-15,120200,6764415,67626,3447559,52486,3062805,88,254051,63793,1464012,0.180096,56025,2800973,0.344563,64709,4264985,0.52466,8129050
3,2021-04-16,116372,6880787,65277,3512836,50995,3113800,100,254151,60419,1469599,0.180784,55603,2856576,0.351403,61190,4326175,0.532187,8129050
3,2021-04-17,80118,6960905,43717,3556553,36386,3150186,15,254166,44459,1479655,0.182021,35406,2891982,0.355759,45462,4371637,0.53778,8129050
3,2021-04-18,39179,7000084,23712,3580265,15457,3165643,10,254176,18292,1478111,0.181831,20738,2912720,0.35831,19194,4390831,0.540141,8129050
3,2021-04-19,79672,7079756,44343,3624608,35268,3200911,61,254237,35642,1470551,0.180901,43782,2956502,0.363696,36222,4427053,0.544597,8129050
3,2021-04-20,101370,7181126,53343,3677951,48003,3248914,24,254261,48672,1467917,0.180577,52377,3008879,0.370139,49743,4476796,0.550716,8129050
3,2021-04-21,106685,7287811,59915,3737866,46687,3295601,83,254344,50098,1463053,0.179978,56142,3065021,0.377045,51278,4528074,0.557024,8129050
3,2021-04-22,112747,7400558,63362,3801228,49356,3344957,29,254373,48207,1448129,0.178142,64130,3129151,0.384934,49206,4577280,0.563077,8129050
3,2021-04-23,107072,7507630,61241,3862469,45798,3390755,33,254406,46682,1435882,0.176636,59995,3189146,0.392315,47748,4625028,0.568951,8129050
3,2021-04-24,74534,7582164,45994,3908463,28466,3419221,74,254480,36175,1435094,0.176539,38053,3227199,0.396996,37265,4662293,0.573535,8129050
3,2021-04-25,37248,7619412,23761,3932224,13469,3432690,18,254498,18957,1436361,0.176695,18111,3245310,0.399224,19378,4681671,0.575919,8129050
3,2021-04-26,74659,7694071,42224,3974448,32005,3464695,430,254928,31735,1427269,0.175576,42619,3287929,0.404467,33527,4715198,0.580043,8129050
3,2021-04-27,91813,7785884,48223,4022671,41816,3506511,1774,256702,36243,1410835,0.173555,55231,3343160,0.411261,38797,4753995,0.584816,8129050
3,2021-04-28,87684,7873568,49804,4072475,35718,3542229,2162,258864,35619,1397438,0.171907,51728,3394888,0.417624,38331,4792326,0.589531,8129050
3,2021-04-29,90035,7963603,51416,4123891,36371,3578600,2248,261112,31960,1374448,0.169079,57695,3452583,0.424722,34705,4827031,0.5938,8129050
3,2021-04-30,91557,8055160,51648,4175539,37414,3616014,2495,263607,33994,1354249,0.166594,57153,3509736,0.431752,36954,4863985,0.598346,8129050
3,2021-05-01,56165,8111325,35168,4210707,19502,3635516,1495,265102,20211,1340827,0.164943,35625,3545361,0.436135,22203,4886188,0.601077,8129050
3,2021-05-02,27168,8138493,18542,4229249,7601,3643117,1025,266127,9945,1334796,0.164201,17104,3562465,0.438239,11073,4897261,0.60244,8129050
3,2021-05-03,60371,8198864,35476,4264725,22508,3665625,2387,268514,17503,1312264,0.161429,42603,3605068,0.44348,20071,4917332,0.604909,8129050
3,2021-05-04,78141,8277005,45170,4309895,30274,3695899,2697,271211,22597,1282611,0.157781,55218,3660286,0.450272,25565,4942897,0.608053,8129050
3,2021-05-05,79692,8356697,47829,4357724,29129,3725028,2734,273945,21945,1250228,0.153798,57365,3717651,0.457329,24982,4967879,0.611127,8129050
3,2021-05-06,83972,8440669,53133,4410857,28286,3753314,2553,276498,20592,1211061,0.148979,62857,3780508,0.465061,23690,4991569,0.614041,8129050
3,2021-05-07,83039,8523708,51743,4462600,28637,3781951,2659,279157,21859,1175095,0.144555,60785,3841293,0.472539,24819,5016388,0.617094,8129050
3,2021-05-08,53070,8576778,32904,4495504,18435,3800386,1731,280888,14007,1152328,0.141754,38776,3880069,0.477309,16009,5032397,0.619063,8129050
3,2021-05-09,21133,8597911,15450,4510954,4889,3805275,794,281682,5473,1143109,0.14062,15556,3895625,0.479223,6337,5038734,0.619843,8129050
3,2021-05-10,48488,8646399,26094,4537048,20468,3825743,1926,283608,11176,1119381,0.137701,37085,3932710,0.483785,13357,5052091,0.621486,8129050
3,2021-05-11,64619,8711018,36271,4573319,26111,3851854,2237,285845,16175,1090097,0.134099,48166,3980876,0.48971,18882,5070973,0.623809,8129050
3,2021-05-12,65360,8776378,37563,4610882,25379,3877233,2418,288263,16640,1061061,0.130527,48414,4029290,0.495666,19378,5090351,0.626193,8129050
3,2021-05-13,76013,8852391,47919,4658801,26159,3903392,1935,290198,27682,1043244,0.128335,48062,4077352,0.501578,30245,5120596,0.629913,8129050
3,2021-05-14,81017,8933408,51131,4709932,27721,3931113,2165,292363,31316,1027957,0.126455,49370,4126722,0.507651,34083,5154679,0.634106,8129050
3,2021-05-15,62642,8996050,43162,4753094,18245,3949358,1235,293598,25868,1018755,0.125323,36543,4163265,0.512147,27341,5182020,0.637469,8129050
3,2021-05-16,33390,9029440,24982,4778076,7714,3957072,694,294292,13478,1013241,0.124644,19780,4183045,0.51458,14266,5196286,0.639224,8129050
3,2021-05-17,57374,9086814,36521,4814597,18983,3976055,1870,296162,21095,1000433,0.123069,35984,4219029,0.519006,23176,5219462,0.642075,8129050
3,2021-05-18,64970,9151784,38363,4852960,24722,4000777,1885,298047,24345,986731,0.121383,40331,4259360,0.523968,26629,5246091,0.645351,8129050
3,2021-05-19,64499,9216283,39211,4892171,23514,4024291,1774,299821,24926,974417,0.119868,39295,4298655,0.528802,26981,5273072,0.64867,8129050
3,2021-05-20,62254,9278537,36442,4928613,23945,4048236,1867,301688,22281,959244,0.118002,39663,4338318,0.533681,24490,5297562,0.651683,8129050
3,2021-05-21,66659,9345196,40520,4969133,24019,4072255,2120,303808,23765,942897,0.115991,42545,4380863,0.538915,26198,5323760,0.654906,8129050
3,2021-05-22,46105,9391301,30567,4999700,14058,4086313,1480,305288,19144,937063,0.115273,26714,4407577,0.542201,20880,5344640,0.657474,8129050
3,2021-05-23,21872,9413173,15138,5014838,6078,4092391,656,305944,9231,934518,0.11496,12545,4420122,0.543744,10000,5354640,0.658704,8129050
3,2021-05-24,39981,9453154,23408,5038246,14797,4107188,1776,307720,14753,926237,0.113942,25011,4445133,0.546821,16730,5371370,0.660762,8129050
3,2021-05-25,43172,9496326,24293,5062539,17181,4124369,1698,309418,15301,915900,0.11267,27570,4472703,0.550212,17233,5388603,0.662882,8129050
3,2021-05-26,42788,9539114,24480,5087019,16559,4140928,1749,311167,16022,907355,0.111619,26456,4499159,0.553467,17911,5406514,0.665086,8129050
3,2021-05-27,39724,9578838,22275,5109294,15690,4156618,1759,312926,15509,900850,0.110819,24024,4523183,0.556422,17519,5424033,0.667241,8129050
3,2021-05-28,43327,9622165,24503,5133797,17004,4173622,1820,314746,17981,895855,0.110204,25119,4548302,0.559512,20124,5444157,0.669716,8129050
3,2021-05-29,23658,9645823,14468,5148265,8350,4181972,840,315586,10992,895307,0.110137,12515,4560817,0.561052,11967,5456124,0.671188,8129050
3,2021-05-30,10690,9656513,6930,5155195,3124,4185096,636,316222,4484,894348,0.110019,6122,4566939,0.561805,5163,5461287,0.671824,8129050
3,2021-05-31,4715,9661228,2726,5157921,1722,4186818,267,316489,1471,892931,0.109844,3184,4570123,0.562196,1767,5463054,0.672041,8129050
3,2021-06-01,38116,9699344,21946,5179867,14710,4201528,1460,317949,13326,883396,0.108671,24513,4594636,0.565212,14978,5478032,0.673883,8129050
3,2021-06-02,31815,9731159,18322,5198189,12070,4213598,1423,319372,11753,876872,0.107869,19841,4614477,0.567653,13317,5491349,0.675522,8129050
3,2021-06-03,40054,9771213,27417,5225606,11188,4224786,1449,320821,11562,861818,0.106017,28304,4642781,0.571135,13250,5504599,0.677152,8129050
3,2021-06-04,46745,9817958,33087,5258693,12102,4236888,1556,322377,13310,843936,0.103817,33169,4675950,0.575215,15287,5519886,0.679032,8129050
3,2021-06-05,34658,9852616,26138,5284831,7328,4244216,1192,323569,8780,828451,0.101912,25654,4701604,0.578371,10169,5530055,0.680283,8129050
3,2021-06-06,14738,9867354,12301,5297132,1851,4246067,586,324155,3702,821945,0.101112,10966,4712570,0.57972,4460,5534515,0.680832,8129050
3,2021-06-07,30700,9898054,22312,5319444,7095,4253162,1293,325448,8874,810569,0.099713,21660,4734230,0.582384,10284,5544799,0.682097,8129050
3,2021-06-08,34463,9932517,24728,5344172,8437,4261599,1298,326746,9948,797748,0.098135,24295,4758525,0.585373,11474,5556273,0.683508,8129050
3,2021-06-09,33176,9965693,24060,5368232,7807,4269406,1309,328055,8905,784050,0.09645,24081,4782606,0.588335,10383,5566656,0.684786,8129050
3,2021-06-10,32701,9998394,23583,5391815,7577,4276983,1541,329596,9006,771272,0.094878,23527,4806133,0.591229,10749,5577405,0.686108,8129050
3,2021-06-11,35926,10034320,25415,5417230,9126,4286109,1385,330981,10676,758477,0.093305,25036,4831169,0.594309,12241,5589646,0.687614,8129050
3,2021-06-12,25519,10059839,19247,5436477,5372,4291481,900,331881,6749,747654,0.091973,18642,4849811,0.596602,7819,5597465,0.688576,8129050
3,2021-06-13,10229,10070068,7670,5444147,2065,4293546,494,332375,2381,742808,0.091377,7796,4857607,0.597561,2950,5600415,0.688938,8129050
3,2021-06-14,26094,10096162,18716,5462863,5928,4299474,1450,333825,8148,734742,0.090385,17808,4875415,0.599752,9742,5610157,0.690137,8129050
3,2021-06-15,29075,10125237,19681,5482544,7865,4307339,1529,335354,9761,727138,0.089449,19063,4894478,0.602097,11459,5621616,0.691546,8129050
3,2021-06-16,26226,10151463,18655,5501199,6137,4313476,1434,336788,8872,720433,0.088625,17160,4911638,0.604208,10455,5632071,0.692833,8129050
3,2021-06-17,25038,10176501,17924,5519123,5809,4319285,1305,338093,8683,714373,0.087879,16188,4927826,0.606199,10128,5642199,0.694079,8129050
3,2021-06-18,28089,10204590,19828,5538951,6687,4325972,1574,339667,9785,707831,0.087074,18069,4945895,0.608422,11527,5653726,0.695497,8129050
3,2021-06-19,16076,10220666,11812,5550763,3401,4329373,863,340530,5744,704347,0.086646,10200,4956095,0.609677,6716,5660442,0.696323,8129050
3,2021-06-20,6911,10227577,5186,5555949,1422,4330795,303,340833,2617,703085,0.08649,4236,4960331,0.610198,2974,5663416,0.696689,8129050
3,2021-06-21,16283,10243860,10280,5566229,4597,4335392,1406,342239,8089,704603,0.086677,8098,4968429,0.611194,9616,5673032,0.697871,8129050
3,2021-06-22,22157,10266017,15525,5581754,5321,4340713,1311,343550,8251,700549,0.086178,13771,4982200,0.612888,9717,5682749,0.699067,8129050
3,2021-06-23,20331,10286348,14231,5595985,4755,4345468,1345,344895,8035,697890,0.085851,12179,4994379,0.614387,9520,5692269,0.700238,8129050
3,2021-06-24,20046,10306394,13953,5609938,4633,4350101,1460,346355,7812,695223,0.085523,12049,5006428,0.615869,9382,5701651,0.701392,8129050
3,2021-06-25,23445,10329839,16633,5626571,5385,4355486,1427,347782,9134,691743,0.085095,14170,5020598,0.617612,10690,5712341,0.702707,8129050
3,2021-06-26,14061,10343900,10446,5637017,2841,4358327,774,348556,5868,690459,0.084937,8084,5028682,0.618606,6800,5719141,0.703544,8129050
3,2021-06-27,6768,10350668,5242,5642259,1219,4359546,307,348863,2890,689863,0.084864,3829,5032511,0.619077,3233,5722374,0.703941,8129050
3,2021-06-28,16154,10366822,12420,5654679,2645,4362191,1089,349952,6786,688629,0.084712,9215,5041726,0.620211,7981,5730355,0.704923,8129050
3,2021-06-29,18207,10385029,12821,5667500,4371,4366562,1015,350967,7478,686675,0.084472,10580,5052306,0.621512,8626,5738981,0.705984,8129050
3,2021-06-30,17274,10402303,12251,5679751,3972,4370534,1051,352018,7455,685690,0.084351,9639,5061945,0.622698,8654,5747635,0.707049,8129050
3,2021-07-01,16533,10418836,11775,5691526,3677,4374211,1081,353099,6970,684425,0.084195,9417,5071362,0.623857,8152,5755787,0.708052,8129050
3,2021-07-02,18678,10437514,13285,5704811,4284,4378495,1109,354208,7979,683035,0.084024,10574,5081936,0.625157,9184,5764971,0.709181,8129050
3,2021-07-03,10189,10447703,7366,5712177,2382,4380877,441,354649,4362,682193,0.08392,5747,5087683,0.625864,4905,5769876,0.709785,8129050
3,2021-07-04,734,10448437,432,5712609,215,4381092,87,354736,285,682141,0.083914,440,5088123,0.625919,388,5770264,0.709833,8129050
3,2021-07-05,9616,10458053,7031,5719640,2159,4383251,426,355162,4361,681813,0.083874,5180,5093303,0.626556,4852,5775116,0.710429,8129050
3,2021-07-06,19263,10477316,13953,5733593,4178,4387429,1132,356294,6969,677932,0.083396,12105,5105408,0.628045,8224,5783340,0.711441,8129050
3,2021-07-07,15864,10493180,11247,5744840,3487,4390916,1130,357424,6371,676188,0.083182,9352,5114760,0.629195,7608,5790948,0.712377,8129050
3,2021-07-08,15468,10508648,11178,5756018,3286,4394202,1004,358428,6235,674437,0.082966,9078,5123838,0.630312,7327,5798275,0.713278,8129050
3,2021-07-09,17771,10526419,12405,5768423,4139,4398341,1227,359655,7367,672875,0.082774,10264,5134102,0.631575,8702,5806977,0.714349,8129050
3,2021-07-10,10996,10537415,8104,5776527,2222,4400563,670,360325,4681,672078,0.082676,6237,5140339,0.632342,5440,5812417,0.715018,8129050
3,2021-07-11,5160,10542575,3823,5780350,1060,4401623,277,360602,2338,671943,0.082659,2770,5143109,0.632683,2635,5815052,0.715342,8129050
3,2021-07-12,14406,10556981,10517,5790867,2882,4404505,1007,361609,5764,670222,0.082448,8561,5151670,0.633736,6840,5821892,0.716184,8129050
3,2021-07-13,15225,10572206,10752,5801619,3554,4408059,919,362528,6692,669484,0.082357,8429,5160099,0.634773,7691,5829583,0.71713,8129050
3,2021-07-14,14536,10586742,10329,5811948,3281,4411340,926,363454,6503,669042,0.082303,7931,5168030,0.635748,7489,5837072,0.718051,8129050
3,2021-07-15,14855,10601597,10744,5822692,3269,4414609,842,364296,6824,668851,0.082279,7933,5175963,0.636724,7742,5844814,0.719003,8129050
3,2021-07-16,17848,10619445,12831,5835523,4124,4418733,893,365189,8525,669134,0.082314,9212,5185175,0.637857,9495,5854309,0.720171,8129050
3,2021-07-17,11338,10630783,8312,5843835,2488,4421221,538,365727,5399,669272,0.082331,5865,5191040,0.638579,6003,5860312,0.72091,8129050
3,2021-07-18,5764,10636547,4356,5848191,1157,4422378,251,365978,2839,669507,0.08236,2881,5193921,0.638933,3116,5863428,0.721293,8129050
3,2021-07-19,14953,10651500,10947,5859138,3124,4425502,882,366860,7331,670274,0.082454,7521,5201442,0.639859,8288,5871716,0.722313,8129050
3,2021-07-20,16670,10668170,11605,5870743,4154,4429656,911,367771,8568,671861,0.082649,7974,5209416,0.640839,9561,5881277,0.723489,8129050
3,2021-07-21,16058,10684228,11372,5882115,3814,4433470,872,368643,8082,673052,0.082796,7843,5217259,0.641804,9034,5890311,0.7246,8129050
3,2021-07-22,16473,10700701,11638,5893753,3869,4437339,966,369609,8550,674834,0.083015,7798,5225057,0.642764,9580,5899891,0.725779,8129050
3,2021-07-23,19370,10720071,13810,5907563,4544,4441883,1016,370625,10393,677508,0.083344,8826,5233883,0.643849,11500,5911391,0.727193,8129050
3,2021-07-24,11669,10731740,8411,5915974,2674,4444557,584,371209,6446,679433,0.083581,5144,5239027,0.644482,7069,5918460,0.728063,8129050
3,2021-07-25,5692,10737432,4267,5920241,1213,4445770,212,371421,4108,682270,0.08393,1534,5240561,0.644671,4371,5922831,0.728601,8129050
3,2021-07-26,15636,10753068,10896,5931137,3762,4449532,978,372399,9459,686716,0.084477,6053,5246614,0.645415,10499,5933330,0.729892,8129050
3,2021-07-27,17621,10770689,12467,5943604,4173,4453705,981,373380,10095,690480,0.08494,7385,5253999,0.646324,11149,5944479,0.731264,8129050
3,2021-07-28,17185,10787874,12298,5955902,3845,4457550,1042,374422,9928,694391,0.085421,7109,5261108,0.647198,11020,5955499,0.732619,8129050
3,2021-07-29,16978,10804852,12224,5968126,3717,4461267,1037,375459,10028,698762,0.085959,6765,5267873,0.648031,11136,5966635,0.733989,8129050
3,2021-07-30,19715,10824567,13923,5982049,4700,4465967,1092,376551,11443,703328,0.08652,8058,5275931,0.649022,12624,5979259,0.735542,8129050
3,2021-07-31,12296,10836863,8912,5990961,2726,4468693,658,377209,7158,706212,0.086875,4995,5280926,0.649636,7879,5987138,0.736511,8129050
3,2021-08-01,6543,10843406,4983,5995944,1297,4469990,263,377472,4226,708487,0.087155,2249,5283175,0.649913,4524,5991662,0.737068,8129050
3,2021-08-02,16710,10860116,12137,6008081,3643,4473633,930,378402,10406,713707,0.087797,6179,5289354,0.650673,11399,6003061,0.73847,8129050
3,2021-08-03,18509,10878625,13348,6021429,4042,4477675,1119,379521,11025,718600,0.088399,7304,5296658,0.651572,12197,6015258,0.739971,8129050
3,2021-08-04,17629,10896254,12671,6034100,3938,4481613,1020,380541,10488,723177,0.088962,6980,5303638,0.65243,11557,6026815,0.741392,8129050
3,2021-08-05,18070,10914324,13055,6047155,3853,4485466,1162,381703,10915,728335,0.089597,6989,5310627,0.65329,12147,6038962,0.742887,8129050
3,2021-08-06,21945,10936269,15893,6063048,4880,4490346,1172,382875,12985,733804,0.090269,8753,5319380,0.654367,14222,6053184,0.744636,8129050
3,2021-08-07,12890,10949159,9570,6072618,2685,4493031,635,383510,7535,736814,0.09064,5210,5324590,0.655008,8220,6061404,0.745647,8129050
3,2021-08-08,7602,10956761,5818,6078436,1542,4494573,242,383752,4681,738938,0.090901,2836,5327426,0.655357,4960,6066364,0.746257,8129050
3,2021-08-09,18469,10975230,13824,6092260,3541,4498114,1104,384856,10421,742658,0.091359,7882,5335308,0.656326,11602,6077966,0.747685,8129050
3,2021-08-10,18776,10994006,13757,6106017,3989,4502103,1030,385886,10594,746318,0.091809,8000,5343308,0.65731,11660,6089626,0.749119,8129050
3,2021-08-11,16714,11010720,12111,6118128,3560,4505663,1043,386929,9318,749538,0.092205,7196,5350504,0.658195,10416,6100042,0.7504,8129050
3,2021-08-12,18261,11028981,12882,6131010,4275,4509938,1104,388033,10033,752707,0.092595,8015,5358519,0.659181,11184,6111226,0.751776,8129050
3,2021-08-13,22801,11051782,16159,6147169,5456,4515394,1186,389219,12430,756467,0.093057,9925,5368444,0.660402,13685,6124911,0.75346,8129050
3,2021-08-14,14843,11066625,10432,6157601,3759,4519153,652,389871,7738,758736,0.093336,6176,5374620,0.661162,8445,6133356,0.754498,8129050
3,2021-08-15,8453,11075078,6130,6163731,2030,4521183,293,390164,4259,759912,0.093481,3404,5378024,0.661581,4580,6137936,0.755062,8129050
3,2021-08-16,20870,11095948,14400,6178131,5473,4526656,997,391161,9887,761867,0.093722,9018,5387042,0.66269,10973,6148909,0.756412,8129050
3,2021-08-17,21449,11117397,14578,6192709,5811,4532467,1060,392221,9832,763495,0.093922,9374,5396416,0.663843,11002,6159911,0.757765,8129050
3,2021-08-18,21352,11138749,14250,6206959,6083,4538550,1019,393240,9626,765139,0.094124,9092,5405508,0.664962,10736,6170647,0.759086,8129050
3,2021-08-19,21456,11160205,14182,6221141,6177,4544727,1097,394337,9352,766533,0.094296,9121,5414629,0.666084,10515,6181162,0.760379,8129050
3,2021-08-20,26911,11187116,18129,6239270,7622,4552349,1160,395497,11325,767193,0.094377,11931,5426560,0.667552,12591,6193753,0.761928,8129050
3,2021-08-21,15604,11202720,11256,6250526,3757,4556106,591,396088,6550,767222,0.09438,7187,5433747,0.668436,7216,6200969,0.762816,8129050
3,2021-08-22,8894,11211614,6344,6256870,2321,4558427,229,396317,3985,767692,0.094438,3793,5437540,0.668902,4263,6205232,0.76334,8129050
3,2021-08-23,22906,11234520,16024,6272894,5924,4564351,958,397275,9825,768667,0.094558,9992,5447532,0.670131,10967,6216199,0.764689,8129050
3,2021-08-24,22711,11257231,16358,6289252,5451,4569802,902,398177,9386,768835,0.094579,10254,5457786,0.671393,10422,6226621,0.765972,8129050
3,2021-08-25,21762,11278993,15520,6304772,5327,4575129,915,399092,9055,769213,0.094625,9719,5467505,0.672588,10097,6236718,0.767214,8129050
3,2021-08-26,22301,11301294,15694,6320466,5599,4580728,1008,400100,8921,769359,0.094643,9903,5477408,0.673807,10049,6246767,0.76845,8129050
3,2021-08-27,27287,11328581,19658,6340124,6592,4587320,1037,401137,10517,768193,0.0945,12929,5490337,0.675397,11763,6258530,0.769897,8129050
3,2021-08-28,15746,11344327,11551,6351675,3732,4591052,463,401600,6278,767453,0.094409,7600,5497937,0.676332,6860,6265390,0.770741,8129050
3,2021-08-29,9115,11353442,6773,6358448,2186,4593238,156,401756,3615,766943,0.094346,4358,5502295,0.676868,3848,6269238,0.771214,8129050
3,2021-08-30,21831,11375273,15353,6373801,5645,4598883,833,402589,8192,765780,0.094203,10352,5512647,0.678142,9189,6278427,0.772344,8129050
3,2021-08-31,21013,11396286,14532,6388333,5700,4604583,781,403370,7366,764038,0.093989,10040,5522687,0.679377,8298,6286725,0.773365,8129050
3,2021-09-01,20352,11416638,13984,6402317,5532,4610115,836,404206,7770,763736,0.093951,9072,5531759,0.680493,8770,6295495,0.774444,8129050
3,2021-09-02,19837,11436475,13393,6415710,5615,4615730,829,405035,6967,762571,0.093808,9086,5540845,0.68161,7921,6303416,0.775419,8129050
3,2021-09-03,25058,11461533,17632,6433342,6577,4622307,849,405884,8661,759904,0.09348,12375,5553220,0.683133,9708,6313124,0.776613,8129050
3,2021-09-04,12885,11474418,9488,6442830,3013,4625320,384,406268,4665,758405,0.093296,6637,5559857,0.683949,5138,6318262,0.777245,8129050
3,2021-09-05,8037,11482455,5960,6448790,1987,4627307,90,406358,3310,758069,0.093254,3787,5563644,0.684415,3451,6321713,0.777669,8129050
3,2021-09-06,4013,11486468,2681,6451471,1237,4628544,95,406453,1573,757781,0.093219,1971,5565615,0.684657,1683,6323396,0.777876,8129050
3,2021-09-07,20250,11506718,14247,6465718,5176,4633720,827,407280,6307,753875,0.092738,11208,5576823,0.686036,7302,6330698,0.778775,8129050
3,2021-09-08,18012,11524730,12672,6478390,4625,4638345,715,407995,6454,752286,0.092543,8882,5585705,0.687129,7293,6337991,0.779672,8129050
3,2021-09-09,17622,11542352,12015,6490405,4898,4643243,709,408704,6235,750717,0.09235,8642,5594347,0.688192,7073,6345064,0.780542,8129050
3,2021-09-10,9137,11551489,6245,6496650,2218,4645461,674,409378,2823,749226,0.092166,5064,5599411,0.688815,3573,6348637,0.780981,8129050
4,2020-12-15,474,474,474,474,0,0,0,0,474,474,5.9e-05,0,0,0.0,474,474,5.9e-05,8037679
4,2020-12-16,3136,3610,3136,3610,0,0,0,0,3136,3610,0.000449,0,0,0.0,3136,3610,0.000449,8037679
4,2020-12-17,9178,12788,9178,12788,0,0,0,0,9179,12789,0.001591,0,0,0.0,9179,12789,0.001591,8037679
4,2020-12-18,16495,29283,16481,29269,14,14,0,0,16494,29283,0.003643,0,0,0.0,16494,29283,0.003643,8037679
4,2020-12-19,10500,39783,10489,39758,11,25,0,0,10442,39725,0.004942,0,0,0.0,10442,39725,0.004942,8037679
4,2020-12-20,7529,47312,7512,47270,17,42,0,0,7485,47210,0.005874,0,0,0.0,7485,47210,0.005874,8037679
4,2020-12-21,16593,63905,16558,63828,35,77,0,0,16526,63734,0.007929,2,2,0.0,16526,63736,0.00793,8037679
4,2020-12-22,17403,81308,16622,80450,781,858,0,0,17360,81090,0.010089,4,6,1e-06,17360,81096,0.010089,8037679
4,2020-12-23,17353,98661,14514,94964,2839,3697,0,0,17326,98414,0.012244,2,8,1e-06,17326,98422,0.012245,8037679
4,2020-12-24,8703,107364,6019,100983,2684,6381,0,0,8701,107114,0.013326,1,9,1e-06,8701,107123,0.013328,8037679
4,2020-12-25,918,108282,813,101796,105,6486,0,0,917,108030,0.01344,1,10,1e-06,917,108040,0.013442,8037679
4,2020-12-26,6312,114594,3954,105750,2358,8844,0,0,6310,114338,0.014225,2,12,1e-06,6310,114350,0.014227,8037679
4,2020-12-27,3503,118097,2017,107767,1486,10330,0,0,3503,117841,0.014661,0,12,1e-06,3503,117853,0.014663,8037679
4,2020-12-28,15411,133508,9493,117260,5918,16248,0,0,15381,133216,0.016574,6,18,2e-06,15381,133234,0.016576,8037679
4,2020-12-29,16071,149579,9023,126283,7048,23296,0,0,16038,149253,0.018569,1,19,2e-06,16038,149272,0.018572,8037679
4,2020-12-30,19620,169199,11468,137751,8152,31448,0,0,19610,168861,0.021009,2,21,3e-06,19610,168882,0.021011,8037679
4,2020-12-31,8459,177658,3422,141173,5037,36485,0,0,8445,177296,0.022058,10,31,4e-06,8445,177327,0.022062,8037679
4,2021-01-01,1918,179576,875,142048,1043,37528,0,0,1911,179204,0.022295,3,34,4e-06,1911,179238,0.0223,8037679
4,2021-01-02,5817,185393,3282,145330,2535,40063,0,0,5815,185018,0.023019,1,35,4e-06,5815,185053,0.023023,8037679
4,2021-01-03,2185,187578,1287,146617,898,40961,0,0,2169,187183,0.023288,4,39,5e-06,2169,187222,0.023293,8037679
4,2021-01-04,13209,200787,7120,153737,6089,47050,0,0,13160,200316,0.024922,27,66,8e-06,13160,200382,0.02493,8037679
4,2021-01-05,17207,217994,10184,163921,7023,54073,0,0,14926,213007,0.026501,2254,2320,0.000289,14945,215327,0.02679,8037679
4,2021-01-06,22003,239997,13491,177412,8512,62585,0,0,15734,222540,0.027687,6224,8544,0.001063,15757,231084,0.02875,8037679
4,2021-01-07,28415,268412,17366,194778,11049,73634,0,0,16863,227941,0.028359,11489,20033,0.002492,16890,247974,0.030851,8037679
4,2021-01-08,33424,301836,21475,216253,11949,85583,0,0,18520,231656,0.028821,14837,34870,0.004338,18552,266526,0.03316,8037679
4,2021-01-09,16501,318337,9756,226009,6745,92328,0,0,9581,234342,0.029155,6910,41780,0.005198,9596,276122,0.034353,8037679
4,2021-01-10,8882,327219,5742,231751,3140,95468,0,0,4210,233908,0.029101,4653,46433,0.005777,4219,280341,0.034878,8037679
4,2021-01-11,33998,361217,22322,254073,11676,107144,0,0,19122,238244,0.029641,14838,61271,0.007623,19174,299515,0.037264,8037679
4,2021-01-12,39067,400284,22549,276622,16518,123662,0,0,24537,248379,0.030902,14454,75725,0.009421,24589,324104,0.040323,8037679
4,2021-01-13,39405,439689,19543,296165,19862,143524,0,0,27840,264737,0.032937,11505,87230,0.010853,27863,351967,0.04379,8037679
4,2021-01-14,39925,479614,15407,311572,24518,168042,0,0,32584,290101,0.036093,7254,94484,0.011755,32618,384585,0.047848,8037679
4,2021-01-15,46059,525673,16136,327708,29923,197965,0,0,40316,324780,0.040407,5663,100147,0.01246,40342,424927,0.052867,8037679
4,2021-01-16,29117,554790,9480,337188,19637,217602,0,0,25913,347540,0.043239,3170,103317,0.012854,25930,450857,0.056093,8037679
4,2021-01-17,19133,573923,6620,343808,12513,230115,0,0,17449,363342,0.045205,1661,104978,0.013061,17463,468320,0.058266,8037679
4,2021-01-18,29838,603761,13863,357671,15975,246090,0,0,23708,381052,0.047408,6036,111014,0.013812,23746,492066,0.06122,8037679
4,2021-01-19,46903,650664,23552,381223,23351,269441,0,0,36985,408257,0.050793,9855,120869,0.015038,37060,529126,0.065831,8037679
4,2021-01-20,53367,704031,28515,409738,24852,294293,0,0,42530,440118,0.054757,10734,131603,0.016373,42595,571721,0.07113,8037679
4,2021-01-21,58638,762669,26317,436055,32321,326614,0,0,51669,484943,0.060334,6898,138501,0.017231,51723,623444,0.077565,8037679
4,2021-01-22,56104,818773,22507,458562,33597,360211,0,0,50725,530425,0.065992,5278,143779,0.017888,50760,674204,0.08388,8037679
4,2021-01-23,40094,858867,17463,476025,22631,382842,0,0,35683,561740,0.069888,4403,148182,0.018436,35718,709922,0.088324,8037679
4,2021-01-24,24332,883199,10589,486614,13743,396585,0,0,22412,582268,0.072442,1907,150089,0.018673,22435,732357,0.091115,8037679
4,2021-01-25,48731,931930,22472,509086,26259,422844,0,0,37305,608246,0.075674,11385,161474,0.02009,37363,769720,0.095764,8037679
4,2021-01-26,57703,989633,29395,538481,28308,451152,0,0,45132,640928,0.07974,12519,173993,0.021647,45201,814921,0.101388,8037679
4,2021-01-27,57130,1046763,27122,565603,30008,481160,0,0,45758,675448,0.084035,11298,185291,0.023053,45818,860739,0.107088,8037679
4,2021-01-28,57852,1104615,26113,591716,31739,512899,0,0,47460,712658,0.088665,10301,195592,0.024334,47511,908250,0.112999,8037679
4,2021-01-29,57593,1162208,27517,619233,30076,542975,0,0,46892,749059,0.093193,10530,206122,0.025644,46931,955181,0.118838,8037679
4,2021-01-30,38849,1201057,17441,636674,21408,564383,0,0,33365,777033,0.096674,5428,211550,0.02632,33402,988583,0.122994,8037679
4,2021-01-31,24586,1225643,12828,649502,11758,576141,0,0,22839,798169,0.099303,1723,213273,0.026534,22859,1011442,0.125838,8037679
4,2021-02-01,50613,1276256,24370,673872,26243,602384,0,0,38657,824984,0.10264,11889,225162,0.028013,38704,1050146,0.130653,8037679
4,2021-02-02,56483,1332739,25946,699818,30537,632921,0,0,43242,855124,0.106389,13157,238319,0.02965,43297,1093443,0.13604,8037679
4,2021-02-03,62938,1395677,30818,730636,32120,665041,0,0,48157,888675,0.110564,14667,252986,0.031475,48218,1141661,0.142039,8037679
4,2021-02-04,68538,1464215,31859,762495,36679,701720,0,0,51429,923274,0.114868,16954,269940,0.033584,51553,1193214,0.148453,8037679
4,2021-02-05,74164,1538379,34286,796781,39878,741598,0,0,51383,952268,0.118475,22534,292474,0.036388,51528,1244742,0.154863,8037679
4,2021-02-06,49302,1587681,26412,823193,22890,764488,0,0,37575,978391,0.121726,11657,304131,0.037838,37780,1282522,0.159564,8037679
4,2021-02-07,26783,1614464,17697,840890,9086,773574,0,0,20177,992244,0.123449,6573,310704,0.038656,20426,1302948,0.162105,8037679
4,2021-02-08,59511,1673975,30533,871423,28978,802552,0,0,38528,1010201,0.125683,20838,331542,0.041248,38795,1341743,0.166932,8037679
4,2021-02-09,68113,1742088,34607,906030,33506,836058,0,0,39764,1022165,0.127172,28250,359792,0.044763,40214,1381957,0.171935,8037679
4,2021-02-10,78473,1820561,39254,945284,39219,875277,0,0,41075,1026648,0.127729,37155,396947,0.049386,41638,1423595,0.177115,8037679
4,2021-02-11,82572,1903133,43038,988322,39534,914811,0,0,41872,1028720,0.127987,40487,437434,0.054423,42559,1466154,0.18241,8037679
4,2021-02-12,85459,1988592,38220,1026542,47239,962050,0,0,43797,1031865,0.128378,41453,478887,0.05958,44598,1510752,0.187959,8037679
4,2021-02-13,59424,2048016,30023,1056565,29401,991451,0,0,30108,1033727,0.12861,29165,508052,0.063209,31027,1541779,0.191819,8037679
4,2021-02-14,37283,2085299,19371,1075936,17912,1009363,0,0,18975,1035144,0.128786,18244,526296,0.065479,19661,1561440,0.194265,8037679
4,2021-02-15,46892,2132191,21996,1097932,24896,1034259,0,0,23923,1037389,0.129066,22875,549171,0.068325,25120,1586560,0.19739,8037679
4,2021-02-16,81354,2213545,37343,1135275,44011,1078270,0,0,41112,1039631,0.129345,40107,589278,0.073314,42349,1628909,0.202659,8037679
4,2021-02-17,82701,2296246,39103,1174378,43598,1121868,0,0,39136,1036564,0.128963,43361,632639,0.078709,40294,1669203,0.207672,8037679
4,2021-02-18,84650,2380896,46533,1220911,38117,1159985,0,0,38846,1031309,0.128309,45587,678226,0.084381,40332,1709535,0.21269,8037679
4,2021-02-19,83943,2464839,52800,1273711,31143,1191128,0,0,41674,1031595,0.128345,42077,720303,0.089616,42363,1751898,0.217961,8037679
4,2021-02-20,50368,2515207,33510,1307221,16858,1207986,0,0,27032,1036112,0.128907,23238,743541,0.092507,27755,1779653,0.221414,8037679
4,2021-02-21,30729,2545936,24350,1331571,6379,1214365,0,0,14653,1035113,0.128783,15975,759516,0.094494,14976,1794629,0.223277,8037679
4,2021-02-22,56207,2602143,38554,1370125,17653,1232018,0,0,26953,1033485,0.12858,29066,788582,0.098111,27438,1822067,0.226691,8037679
4,2021-02-23,77918,2680061,43174,1413299,34744,1266762,0,0,34049,1025598,0.127599,43635,832217,0.103539,35748,1857815,0.231138,8037679
4,2021-02-24,93018,2773079,49131,1462430,43887,1310649,0,0,41663,1018377,0.1267,51069,883286,0.109893,43848,1901663,0.236594,8037679
4,2021-02-25,104871,2877950,54889,1517319,49982,1360631,0,0,49695,1015818,0.126382,54927,938213,0.116727,52368,1954031,0.243109,8037679
4,2021-02-26,110895,2988845,55992,1573311,54903,1415534,0,0,56267,1020155,0.126922,54297,992510,0.123482,58634,2012665,0.250404,8037679
4,2021-02-27,80894,3069739,43995,1617306,36885,1452419,14,14,42670,1026362,0.127694,37991,1030501,0.128209,44198,2056863,0.255903,8037679
4,2021-02-28,50038,3119777,30866,1648172,19165,1471584,7,21,27158,1031785,0.128369,22656,1053157,0.131028,28079,2084942,0.259396,8037679
4,2021-03-01,81917,3201694,47909,1696081,33944,1505528,64,85,45074,1041721,0.129605,36462,1089619,0.135564,46398,2131340,0.265169,8037679
4,2021-03-02,91044,3292738,52132,1748213,38900,1544428,12,97,53055,1058864,0.131738,37770,1127389,0.140263,54913,2186253,0.272001,8037679
4,2021-03-03,104908,3397646,55697,1803910,49189,1593617,22,119,58248,1072525,0.133437,46413,1173802,0.146037,60074,2246327,0.279475,8037679
4,2021-03-04,103202,3500848,57449,1861359,45733,1639350,20,139,56089,1083591,0.134814,46847,1220649,0.151866,57913,2304240,0.28668,8037679
4,2021-03-05,99467,3600315,53636,1914995,45499,1684849,332,471,58097,1102883,0.137214,41107,1261756,0.15698,60399,2364639,0.294194,8037679
4,2021-03-06,78088,3678403,43959,1958954,31473,1716322,2656,3127,47686,1124265,0.139874,30253,1292009,0.160744,51635,2416274,0.300618,8037679
4,2021-03-07,45647,3724050,27882,1986836,15509,1731831,2256,5383,26648,1135303,0.141248,18903,1310912,0.163096,29941,2446215,0.304343,8037679
4,2021-03-08,69289,3793339,36127,2022963,29727,1761558,3435,8818,45389,1161630,0.144523,23750,1334662,0.166051,50077,2496292,0.310574,8037679
4,2021-03-09,83279,3876618,42043,2065006,35914,1797472,5322,14140,44839,1174538,0.146129,38230,1372892,0.170807,51138,2547430,0.316936,8037679
4,2021-03-10,93220,3969838,48030,2113036,37589,1835061,7601,21741,46826,1183612,0.147258,46165,1419057,0.176551,55239,2602669,0.323809,8037679
4,2021-03-11,102194,4072032,53540,2166576,40073,1875134,8581,30322,47099,1185377,0.147478,54801,1473858,0.183369,56566,2659235,0.330846,8037679
4,2021-03-12,106124,4178156,52172,2218748,43488,1918622,10464,40786,45364,1181408,0.146984,60444,1534302,0.190889,56475,2715710,0.337872,8037679
4,2021-03-13,82592,4260748,38237,2256985,35769,1954391,8586,49372,39023,1186504,0.147618,43413,1577715,0.19629,48509,2764219,0.343908,8037679
4,2021-03-14,50332,4311080,28652,2285637,18013,1972404,3667,53039,23501,1187483,0.14774,26719,1604434,0.199614,27698,2791917,0.347354,8037679
4,2021-03-15,84711,4395791,45548,2331185,34826,2007230,4337,57376,42925,1193994,0.14855,41473,1645907,0.204774,47984,2839901,0.353324,8037679
4,2021-03-16,109083,4504874,56789,2387974,48838,2056068,3456,60832,57300,1203863,0.149777,51492,1697399,0.21118,61361,2901262,0.360958,8037679
4,2021-03-17,108648,4613522,58436,2446410,46669,2102737,3543,64375,63407,1226322,0.152572,44942,1742341,0.216772,67401,2968663,0.369343,8037679
4,2021-03-18,108452,4721974,60125,2506535,44574,2147311,3753,68128,61151,1244559,0.154841,47003,1789344,0.222619,65240,3033903,0.37746,8037679
4,2021-03-19,112821,4834795,64902,2571437,42652,2189963,5267,73395,63817,1265244,0.157414,48690,1838034,0.228677,69375,3103278,0.386091,8037679
4,2021-03-20,85211,4920006,49889,2621326,32257,2222220,3065,76460,51884,1287314,0.16016,33120,1871154,0.232798,55190,3158468,0.392958,8037679
4,2021-03-21,48709,4968715,35303,2656629,11148,2233368,2258,78718,28378,1298086,0.1615,20178,1891332,0.235308,30950,3189418,0.396808,8037679
4,2021-03-22,83569,5052284,54501,2711130,26292,2259660,2776,81494,51489,1321218,0.164378,31796,1923128,0.239264,54928,3244346,0.403642,8037679
4,2021-03-23,106365,5158649,63702,2774832,40473,2300133,2190,83684,62151,1342171,0.166985,43904,1967032,0.244726,64857,3309203,0.411711,8037679
4,2021-03-24,115125,5273774,74239,2849071,38413,2338546,2473,86157,63910,1358210,0.16898,50737,2017769,0.251039,66776,3375979,0.420019,8037679
4,2021-03-25,118908,5392682,73150,2922221,43275,2381821,2483,88640,66490,1375738,0.171161,51899,2069668,0.257496,69427,3445406,0.428657,8037679
4,2021-03-26,121638,5514320,73743,2995964,44799,2426620,3096,91736,65349,1388866,0.172794,55867,2125535,0.264446,68995,3514401,0.437241,8037679
4,2021-03-27,93306,5607626,54979,3050943,36491,2463111,1836,93572,46946,1392013,0.173186,46084,2171619,0.27018,49231,3563632,0.443366,8037679
4,2021-03-28,56538,5664164,37362,3088305,18286,2481397,890,94462,29681,1396298,0.173719,26654,2198273,0.273496,30939,3594571,0.447215,8037679
4,2021-03-29,95242,5759406,57012,3145317,36113,2517510,2117,96579,50799,1405612,0.174878,44141,2242414,0.278988,53455,3648026,0.453866,8037679
4,2021-03-30,118897,5878303,64900,3210217,49765,2567275,4232,100811,69697,1430997,0.178036,48908,2291322,0.285073,74293,3722319,0.463109,8037679
4,2021-03-31,122653,6000956,72391,3282608,43898,2611173,6364,107175,68188,1451632,0.180603,54067,2345389,0.291799,74702,3797021,0.472403,8037679
4,2021-04-01,144397,6145353,82229,3364837,48702,2659875,13466,120641,84495,1489965,0.185373,59324,2404713,0.29918,97657,3894678,0.484553,8037679
4,2021-04-02,138185,6283538,73831,3438668,50646,2710521,13708,134349,79260,1524288,0.189643,58584,2463297,0.306469,92907,3987585,0.496112,8037679
4,2021-04-03,102038,6385576,54529,3493197,33955,2744476,13554,147903,53118,1542159,0.191866,48688,2511985,0.312526,66559,4054144,0.504392,8037679
4,2021-04-04,47250,6432826,24965,3518162,14720,2759196,7565,155468,20522,1543408,0.192022,26594,2538579,0.315835,27843,4081987,0.507856,8037679
4,2021-04-05,111050,6543876,62282,3580444,35758,2794954,13010,168478,57377,1560691,0.194172,53406,2591985,0.322479,70689,4152676,0.516651,8037679
4,2021-04-06,140362,6684238,78970,3659414,41394,2836348,19998,188476,72551,1586026,0.197324,67538,2659523,0.330882,92873,4245549,0.528206,8037679
4,2021-04-07,139144,6823382,78860,3738274,39353,2875701,20931,209407,71807,1611728,0.200522,67045,2726568,0.339223,92747,4338296,0.539745,8037679
4,2021-04-08,141611,6964993,78879,3817153,37005,2912706,25727,235134,70524,1637387,0.203714,70738,2797306,0.348024,96397,4434693,0.551738,8037679
4,2021-04-09,139120,7104113,76224,3893377,39640,2952346,23256,258390,66317,1655126,0.205921,72506,2869812,0.357045,90245,4524938,0.562966,8037679
4,2021-04-10,104789,7208902,51671,3945048,34039,2986385,19079,277469,47280,1664996,0.207149,57267,2927079,0.36417,67137,4592075,0.571319,8037679
4,2021-04-11,63198,7272100,38375,3983423,13531,2999916,11292,288761,27636,1669397,0.207696,35427,2962506,0.368577,39828,4631903,0.576274,8037679
4,2021-04-12,103911,7376011,63077,4046500,30484,3030400,10350,299111,52228,1681777,0.209237,51333,3013839,0.374964,63713,4695616,0.5842,8037679
4,2021-04-13,131558,7507569,82515,4129015,48877,3079277,166,299277,78396,1708395,0.212548,52821,3066660,0.381536,79439,4775055,0.594084,8037679
4,2021-04-14,137099,7644668,87457,4216472,49561,3128838,81,299358,75632,1724268,0.214523,61087,3127747,0.389136,76960,4852015,0.603659,8037679
4,2021-04-15,157351,7802019,104560,4321032,52708,3181546,83,299441,95986,1760224,0.218997,60930,3188677,0.396716,96886,4948901,0.615713,8037679
4,2021-04-16,144575,7946594,91617,4412649,52872,3234418,86,299527,83605,1784048,0.221961,60604,3249281,0.404256,84428,5033329,0.626217,8037679
4,2021-04-17,102140,8048734,64154,4476803,37958,3272376,28,299555,59600,1802633,0.224273,42225,3291506,0.40951,60810,5094139,0.633782,8037679
4,2021-04-18,57589,8106323,39024,4515827,18560,3290936,5,299560,32267,1810711,0.225278,25162,3316668,0.41264,33240,5127379,0.637918,8037679
4,2021-04-19,101767,8208090,67016,4582843,34729,3325665,22,299582,51347,1812549,0.225507,50139,3366807,0.418878,51977,5179356,0.644385,8037679
4,2021-04-20,132144,8340234,78675,4661518,53444,3379109,25,299607,68231,1818365,0.22623,63540,3430347,0.426783,69356,5248712,0.653013,8037679
4,2021-04-21,135488,8475722,88419,4749937,47002,3426111,67,299674,67892,1820322,0.226474,67139,3497486,0.435136,69096,5317808,0.66161,8037679
4,2021-04-22,142563,8618285,94617,4844554,47921,3474032,25,299699,63411,1806203,0.224717,78705,3576191,0.444928,64586,5382394,0.669645,8037679
4,2021-04-23,135934,8754219,88471,4933025,47437,3521469,26,299725,58672,1789259,0.222609,76862,3653053,0.454491,59918,5442312,0.6771,8037679
4,2021-04-24,99510,8853729,67152,5000177,32304,3553773,54,299779,45622,1782475,0.221765,53557,3706610,0.461154,46773,5489085,0.682919,8037679
4,2021-04-25,50688,8904417,35738,5035915,14923,3568696,27,299806,26378,1785203,0.222104,24148,3730758,0.464159,26876,5515961,0.686263,8037679
4,2021-04-26,92740,8997157,60838,5096753,31488,3600184,414,300220,36269,1767111,0.219853,56127,3786885,0.471142,38035,5553996,0.690995,8037679
4,2021-04-27,114579,9111736,70063,5166816,42185,3642369,2331,302551,41082,1738189,0.216255,73153,3860038,0.480243,44231,5598227,0.696498,8037679
4,2021-04-28,105322,9217058,68789,5235605,33976,3676345,2557,305108,38323,1713138,0.213138,66627,3926665,0.488532,41576,5639803,0.701671,8037679
4,2021-04-29,106819,9323877,68207,5303812,36065,3712410,2547,307655,34278,1678419,0.208819,72156,3998821,0.497509,37437,5677240,0.706328,8037679
4,2021-04-30,106543,9430420,67406,5371218,36407,3748817,2730,310385,36433,1648583,0.205107,69674,4068495,0.506178,39838,5717078,0.711285,8037679
4,2021-05-01,70382,9500802,46653,5417871,21933,3770750,1796,312181,20475,1621922,0.20179,49572,4118067,0.512345,22911,5739989,0.714135,8037679
4,2021-05-02,37919,9538721,26913,5444784,9701,3780451,1305,313486,10552,1606693,0.199895,27227,4145294,0.515733,11998,5751987,0.715628,8037679
4,2021-05-03,79794,9618515,55642,5500426,21642,3802093,2510,315996,19206,1568474,0.19514,60293,4205587,0.523234,22074,5774061,0.718374,8037679
4,2021-05-04,102016,9720531,69809,5570235,29411,3831504,2796,318792,22657,1515299,0.188524,79020,4284607,0.533065,25845,5799906,0.72159,8037679
4,2021-05-05,102851,9823382,72501,5642736,27585,3859089,2765,321557,21791,1459470,0.181579,80689,4365296,0.543104,24860,5824766,0.724683,8037679
4,2021-05-06,112647,9936029,84399,5727135,25285,3884374,2963,324520,19543,1390524,0.173001,92582,4457878,0.554623,23636,5848402,0.727623,8037679
4,2021-05-07,105559,10041588,75871,5803006,26996,3911370,2692,327212,20619,1329727,0.165437,84526,4542404,0.565139,23729,5872131,0.730575,8037679
4,2021-05-08,70266,10111854,48457,5851463,19866,3931236,1943,329155,13795,1289601,0.160444,56211,4598615,0.572132,16085,5888216,0.732577,8037679
4,2021-05-09,34575,10146429,28276,5879739,5346,3936582,953,330108,7334,1270861,0.158113,27123,4625738,0.575507,8383,5896599,0.73362,8037679
4,2021-05-10,65550,10211979,43861,5923600,19346,3955928,2343,332451,11040,1230274,0.153063,54267,4680005,0.582258,13680,5910279,0.735322,8037679
4,2021-05-11,83808,10295787,52465,5976065,29137,3985065,2206,334657,15808,1181108,0.146946,67728,4747733,0.590685,18562,5928841,0.737631,8037679
4,2021-05-12,80269,10376056,53370,6029435,24415,4009480,2484,337141,16614,1137328,0.1415,63329,4811062,0.598564,19549,5948390,0.740063,8037679
4,2021-05-13,105334,10481390,77465,6106900,26318,4035798,1551,338692,40675,1116318,0.138886,64297,4875359,0.606563,43287,5991677,0.745449,8037679
4,2021-05-14,105630,10587020,74503,6181403,28985,4064783,2142,340834,40562,1094841,0.136214,64716,4940075,0.614615,43239,6034916,0.750828,8037679
4,2021-05-15,86240,10673260,66632,6248035,18266,4083049,1342,342176,37964,1086451,0.13517,48006,4988081,0.620587,39616,6074532,0.755757,8037679
4,2021-05-16,51944,10725204,41825,6289860,9399,4092448,720,342896,21271,1078081,0.134128,30505,5018586,0.624382,22135,6096667,0.758511,8037679
4,2021-05-17,71583,10796787,52293,6342153,17440,4109888,1850,344746,28208,1065237,0.13253,43145,5061731,0.62975,30301,6126968,0.762281,8037679
4,2021-05-18,82292,10879079,53510,6395663,27020,4136908,1762,346508,29346,1044163,0.129909,52560,5114291,0.63629,31486,6158454,0.766198,8037679
4,2021-05-19,77446,10956525,52356,6448019,23132,4160040,1958,348466,31068,1031425,0.128324,46045,5160336,0.642018,33307,6191761,0.770342,8037679
4,2021-05-20,69539,11026064,44711,6492730,22818,4182858,2010,350476,25721,1015999,0.126405,43506,5203842,0.647431,28080,6219841,0.773835,8037679
4,2021-05-21,74258,11100322,48939,6541669,23425,4206283,1894,352370,26118,996473,0.123975,47803,5251645,0.653378,28277,6248118,0.777354,8037679
4,2021-05-22,50258,11150580,35254,6576923,13729,4220012,1275,353645,21773,991465,0.123352,28296,5279941,0.656899,23288,6271406,0.780251,8037679
4,2021-05-23,24033,11174613,17137,6594060,6171,4226183,725,354370,9734,987867,0.122905,14168,5294109,0.658661,10570,6281976,0.781566,8037679
4,2021-05-24,43393,11218006,27579,6621639,12792,4238975,3022,357392,15164,978266,0.12171,27985,5322094,0.662143,18384,6300360,0.783853,8037679
4,2021-05-25,45315,11263321,28183,6649822,14289,4253264,2843,360235,16032,968350,0.120476,29014,5351108,0.665753,19098,6319458,0.786229,8037679
4,2021-05-26,44986,11308307,26962,6676784,15406,4268670,2618,362853,15957,958316,0.119228,28784,5379892,0.669334,18750,6338208,0.788562,8037679
4,2021-05-27,39211,11347518,23515,6700299,12544,4281214,3152,366005,14722,952086,0.118453,24269,5404161,0.672353,18039,6356247,0.790806,8037679
4,2021-05-28,43734,11391252,27824,6728123,14290,4295504,1620,367625,18972,948429,0.117998,24467,5428628,0.675397,20810,6377057,0.793395,8037679
4,2021-05-29,23863,11415115,15484,6743607,7445,4302949,934,368559,10871,947541,0.117887,12830,5441458,0.676994,11942,6388999,0.794881,8037679
4,2021-05-30,12118,11427233,8508,6752115,3079,4306028,531,369090,5009,946121,0.117711,7028,5448486,0.677868,5608,6394607,0.795579,8037679
4,2021-05-31,3660,11430893,2332,6754447,1163,4307191,165,369255,1166,945045,0.117577,2428,5450914,0.67817,1352,6395959,0.795747,8037679
4,2021-06-01,39782,11470675,24717,6779164,12602,4319793,2463,371718,13082,934365,0.116248,26441,5477355,0.68146,15761,6411720,0.797708,8037679
4,2021-06-02,32935,11503610,20567,6799731,9545,4329338,2823,374541,10984,926566,0.115278,21753,5499108,0.684166,13954,6425674,0.799444,8037679
4,2021-06-03,48609,11552219,37306,6837037,8824,4338162,2479,377020,10469,901880,0.112207,37947,5537055,0.688887,13261,6438935,0.801094,8037679
4,2021-06-04,55413,11607632,44624,6881661,9453,4347615,1336,378356,12893,874661,0.10882,42263,5579318,0.694145,15044,6453979,0.802966,8037679
4,2021-06-05,45177,11652809,38695,6920356,5481,4353096,1001,379357,8803,848560,0.105573,36207,5615525,0.69865,10106,6464085,0.804223,8037679
4,2021-06-06,21318,11674127,19020,6939376,1730,4354826,568,379925,3916,836154,0.104029,17289,5632814,0.700801,4883,6468968,0.80483,8037679
4,2021-06-07,39009,11713136,31548,6970924,5505,4360331,1956,381881,8516,816574,0.101593,30345,5663159,0.704576,10765,6479733,0.80617,8037679
4,2021-06-08,40772,11753908,31982,7002906,6236,4366567,2554,384435,9447,797792,0.099257,31123,5694282,0.708449,12341,6492074,0.807705,8037679
4,2021-06-09,39109,11793017,31002,7033908,5734,4372301,2373,386808,7915,777428,0.096723,31010,5725292,0.712307,10646,6502720,0.80903,8037679
4,2021-06-10,37350,11830367,29417,7063325,5307,4377608,2626,389434,8433,760006,0.094555,28744,5754036,0.715883,11322,6514042,0.810438,8037679
4,2021-06-11,38608,11868975,30287,7093612,6300,4383908,2021,391455,9956,743866,0.092547,28469,5782505,0.719425,12329,6526371,0.811972,8037679
4,2021-06-12,26833,11895808,22330,7115942,3784,4387692,719,392174,6118,730322,0.090862,20599,5803104,0.721988,7055,6533426,0.81285,8037679
4,2021-06-13,10899,11906707,8614,7124556,1806,4389498,479,392653,2282,724646,0.090156,8547,5811651,0.723051,2871,6536297,0.813207,8037679
4,2021-06-14,28807,11935514,21552,7146108,4446,4393944,2809,395462,7849,714714,0.08892,20808,5832459,0.72564,10876,6547173,0.81456,8037679
4,2021-06-15,30240,11965754,21406,7167514,5422,4399366,3412,398874,8363,705051,0.087718,21691,5854150,0.728338,12028,6559201,0.816057,8037679
4,2021-06-16,26860,11992614,20260,7187774,3972,4403338,2628,401502,8114,697455,0.086773,18548,5872698,0.730646,10952,6570153,0.817419,8037679
4,2021-06-17,25286,12017900,18677,7206451,3708,4407046,2901,404403,7670,690802,0.085945,17416,5890114,0.732813,10763,6580916,0.818758,8037679
4,2021-06-18,26820,12044720,21137,7227588,4446,4411492,1237,405640,8230,682138,0.084868,18379,5908493,0.735099,9715,6590631,0.819967,8037679
4,2021-06-19,15818,12060538,12795,7240383,2313,4413805,710,406350,5066,677478,0.084288,10603,5919096,0.736419,5943,6596574,0.820706,8037679
4,2021-06-20,7381,12067919,6075,7246458,1000,4414805,306,406656,2621,675795,0.084078,4696,5923792,0.737003,3013,6599587,0.821081,8037679
4,2021-06-21,14626,12082545,10567,7257025,2909,4417714,1150,407806,7335,677241,0.084258,7197,5930989,0.737898,8643,6608230,0.822156,8037679
4,2021-06-22,20556,12103101,16010,7273035,3465,4421179,1081,408887,7094,672245,0.083637,13323,5944312,0.739556,8327,6616557,0.823192,8037679
4,2021-06-23,18489,12121590,14505,7287540,2982,4424161,1002,409889,6718,668468,0.083167,11624,5955936,0.741002,7847,6624404,0.824169,8037679
4,2021-06-24,17678,12139268,13675,7301215,3014,4427175,989,410878,6568,665219,0.082763,10944,5966880,0.742364,7695,6632099,0.825126,8037679
4,2021-06-25,21710,12160978,17059,7318274,3598,4430773,1053,411931,7831,660547,0.082181,13729,5980609,0.744072,9057,6641156,0.826253,8037679
4,2021-06-26,13154,12174132,10714,7328988,1823,4432596,617,412548,4841,657930,0.081856,8187,5988796,0.74509,5570,6646726,0.826946,8037679
4,2021-06-27,6912,12181044,5604,7334592,966,4433562,342,412890,2908,657270,0.081774,3964,5992760,0.745583,3304,6650030,0.827357,8037679
4,2021-06-28,15218,12196262,12774,7347366,1584,4435146,860,413750,6100,655344,0.081534,9015,6001775,0.746705,7089,6657119,0.828239,8037679
4,2021-06-29,16599,12212861,12883,7360249,2900,4438046,816,414566,6420,652653,0.081199,10048,6011823,0.747955,7357,6664476,0.829154,8037679
4,2021-06-30,14730,12227591,11488,7371737,2503,4440549,739,415305,6127,651177,0.081016,8462,6020285,0.749008,6986,6671462,0.830023,8037679
4,2021-07-01,14685,12242276,11564,7383301,2368,4442917,753,416058,6035,649591,0.080818,8511,6028796,0.750067,6925,6678387,0.830885,8037679
4,2021-07-02,17030,12259306,13498,7396799,2754,4445671,778,416836,6975,647529,0.080562,9944,6038740,0.751304,7882,6686269,0.831866,8037679
4,2021-07-03,9297,12268603,7386,7404185,1497,4447168,414,417250,4012,646813,0.080473,5200,6043940,0.751951,4484,6690753,0.832424,8037679
4,2021-07-04,450,12269053,281,7404466,108,4447276,61,417311,200,646842,0.080476,243,6044183,0.751981,272,6691025,0.832457,8037679
4,2021-07-05,9282,12278335,7544,7412010,1321,4448597,417,417728,4218,646548,0.08044,4979,6049162,0.752601,4685,6695710,0.83304,8037679
4,2021-07-06,16658,12294993,13131,7425141,2716,4451313,811,418539,6144,643236,0.080028,10377,6059539,0.753892,7065,6702775,0.833919,8037679
4,2021-07-07,13831,12308824,10791,7435932,2254,4453567,786,419325,5197,640825,0.079728,8515,6068054,0.754951,6104,6708879,0.834679,8037679
4,2021-07-08,13333,12322157,10399,7446331,2087,4455654,847,420172,5239,639037,0.079505,7962,6076016,0.755942,6174,6715053,0.835447,8037679
4,2021-07-09,15552,12337709,11923,7458254,2691,4458345,938,421110,6320,637338,0.079294,9077,6085093,0.757071,7378,6722431,0.836365,8037679
4,2021-07-10,8933,12346642,7071,7465325,1458,4459803,404,421514,3764,636484,0.079188,5081,6090174,0.757703,4227,6726658,0.836891,8037679
4,2021-07-11,4995,12351637,3996,7469321,799,4460602,200,421714,2239,636241,0.079157,2712,6092886,0.75804,2469,6729127,0.837198,8037679
4,2021-07-12,13131,12364768,10397,7479718,2003,4462605,731,422445,5095,634216,0.078905,7952,6100838,0.75903,5927,6735054,0.837935,8037679
4,2021-07-13,12907,12377675,9880,7489598,2386,4464991,641,423086,5494,633141,0.078772,7306,6108144,0.759939,6231,6741285,0.83871,8037679
4,2021-07-14,11831,12389506,9305,7498903,1966,4466957,560,423646,5127,632287,0.078665,6609,6114753,0.760761,5755,6747040,0.839426,8037679
4,2021-07-15,12540,12402046,9953,7508856,1990,4468947,597,424243,5710,631971,0.078626,6699,6121452,0.761594,6383,6753423,0.840221,8037679
4,2021-07-16,15090,12417136,11767,7520623,2652,4471599,671,424914,6958,631682,0.07859,8026,6129478,0.762593,7737,6761160,0.841183,8037679
4,2021-07-17,9405,12426541,7439,7528062,1640,4473239,326,425240,4443,631633,0.078584,4863,6134341,0.763198,4814,6765974,0.841782,8037679
4,2021-07-18,5394,12431935,4345,7532407,849,4474088,200,425440,2544,631606,0.078581,2792,6137133,0.763545,2765,6768739,0.842126,8037679
4,2021-07-19,12870,12444805,10198,7542605,2012,4476100,660,426100,6111,631792,0.078604,6661,6143794,0.764374,6847,6775586,0.842978,8037679
4,2021-07-20,13940,12458745,10740,7553345,2532,4478632,668,426768,6893,632536,0.078696,6899,6150693,0.765232,7643,6783229,0.843929,8037679
4,2021-07-21,12922,12471667,10021,7563366,2246,4480878,655,427423,6435,633336,0.078796,6345,6157038,0.766022,7145,6790374,0.844818,8037679
4,2021-07-22,13609,12485276,10624,7573990,2319,4483197,666,428089,7081,634762,0.078973,6384,6163422,0.766816,7810,6798184,0.845789,8037679
4,2021-07-23,15857,12501133,12220,7586210,2929,4486126,708,428797,8294,636462,0.079185,7388,6170810,0.767735,9088,6807272,0.84692,8037679
4,2021-07-24,9660,12510793,7558,7593768,1769,4487895,333,429130,4962,637251,0.079283,4556,6175366,0.768302,5345,6812617,0.847585,8037679
4,2021-07-25,4813,12515606,3782,7597550,872,4488767,159,429289,3387,639444,0.079556,1368,6176734,0.768472,3561,6816178,0.848028,8037679
4,2021-07-26,13133,12528739,10281,7607831,2162,4490929,690,429979,7633,642480,0.079934,5340,6182074,0.769137,8376,6824554,0.84907,8037679
4,2021-07-27,14507,12543246,11121,7618952,2619,4493548,767,430746,7839,644622,0.0802,6504,6188578,0.769946,8646,6833200,0.850146,8037679
4,2021-07-28,13317,12556563,10152,7629104,2461,4496009,704,431450,7383,647011,0.080497,5755,6194333,0.770662,8144,6841344,0.851159,8037679
4,2021-07-29,13621,12570184,10583,7639687,2313,4498322,725,432175,7644,649716,0.080834,5741,6200074,0.771376,8446,6849790,0.85221,8037679
4,2021-07-30,15915,12586099,12165,7651852,2939,4501261,811,432986,8634,652362,0.081163,6902,6206976,0.772235,9548,6859338,0.853398,8037679
4,2021-07-31,9795,12595894,7642,7659494,1726,4502987,427,433413,5525,654289,0.081403,4066,6211042,0.772741,5993,6865331,0.854143,8037679
4,2021-08-01,5471,12601365,4507,7664001,792,4503779,172,433585,3228,655599,0.081566,2125,6213167,0.773005,3435,6868766,0.854571,8037679
4,2021-08-02,14188,12615553,11322,7675323,2116,4505895,750,434335,8291,659017,0.081991,5687,6218854,0.773713,9105,6877871,0.855704,8037679
4,2021-08-03,14751,12630304,11327,7686650,2658,4508553,766,435101,8478,662291,0.082398,6046,6224900,0.774465,9320,6887191,0.856863,8037679
4,2021-08-04,13425,12643729,10457,7697107,2272,4510825,696,435797,7578,664979,0.082733,5627,6230527,0.775165,8315,6895506,0.857898,8037679
4,2021-08-05,14425,12658154,11383,7708490,2268,4513093,774,436571,8090,667815,0.083086,6077,6236604,0.775921,8913,6904419,0.859007,8037679
4,2021-08-06,17334,12675488,13296,7721786,3159,4516252,879,437450,9648,671057,0.083489,7351,6243955,0.776836,10593,6915012,0.860324,8037679
4,2021-08-07,10248,12685736,8157,7729943,1649,4517901,442,437892,5590,672654,0.083688,4476,6248431,0.777392,6073,6921085,0.86108,8037679
4,2021-08-08,6257,12691993,4972,7734915,1081,4518982,204,438096,3601,673971,0.083851,2517,6250948,0.777706,3834,6924919,0.861557,8037679
4,2021-08-09,14777,12706770,11971,7746886,2054,4521036,752,438848,7923,676106,0.084117,6616,6257564,0.778529,8751,6933670,0.862646,8037679
4,2021-08-10,15001,12721771,11539,7758425,2687,4523723,775,439623,7918,678032,0.084357,6834,6264398,0.779379,8760,6942430,0.863736,8037679
4,2021-08-11,12733,12734504,9755,7768180,2197,4525920,781,440404,6646,679666,0.08456,5823,6270221,0.780103,7457,6949887,0.864663,8037679
4,2021-08-12,14244,12748748,10839,7779019,2638,4528558,767,441171,7323,681244,0.084756,6557,6276778,0.780919,8135,6958022,0.865676,8037679
4,2021-08-13,17996,12766744,13326,7792345,3760,4532318,910,442081,8879,682668,0.084933,8437,6285215,0.781969,9861,6967883,0.866902,8037679
4,2021-08-14,12368,12779112,8822,7801167,3019,4535337,527,442608,5650,683895,0.085086,5009,6290224,0.782592,6236,6974119,0.867678,8037679
4,2021-08-15,7549,12786661,5525,7806692,1800,4537137,224,442832,3357,684600,0.085174,2921,6293145,0.782956,3626,6977745,0.868129,8037679
4,2021-08-16,18271,12804932,12658,7819350,4730,4541867,883,443715,7555,685585,0.085296,7531,6300676,0.783892,8516,6986261,0.869189,8037679
4,2021-08-17,18570,12823502,12633,7831983,5074,4546941,863,444578,7354,686344,0.085391,7538,6308214,0.78483,8297,6994558,0.870221,8037679
4,2021-08-18,18190,12841692,12248,7844231,5145,4552086,797,445375,6921,687098,0.085485,7045,6315259,0.785707,7799,7002357,0.871191,8037679
4,2021-08-19,18610,12860302,12410,7856641,5403,4557489,797,446172,6883,687950,0.085591,6909,6322168,0.786566,7761,7010118,0.872157,8037679
4,2021-08-20,23447,12883749,15845,7872486,6754,4564243,848,447020,8374,688056,0.085604,9231,6331399,0.787715,9337,7019455,0.873319,8037679
4,2021-08-21,14712,12898461,10273,7882759,4034,4568277,405,447425,4952,687663,0.085555,5814,6337213,0.788438,5421,7024876,0.873993,8037679
4,2021-08-22,8713,12907174,6167,7888926,2384,4570661,162,447587,3427,688105,0.08561,3196,6340409,0.788836,3638,7028514,0.874446,8037679
4,2021-08-23,20542,12927716,14465,7903391,5369,4576030,708,448295,7474,688451,0.085653,8029,6348438,0.789835,8375,7036889,0.875488,8037679
4,2021-08-24,19863,12947579,14031,7917422,5158,4581188,674,448969,6992,688398,0.085646,7874,6356312,0.790814,7821,7044710,0.876461,8037679
4,2021-08-25,18337,12965916,12952,7930374,4753,4585941,632,449601,6595,688786,0.085695,7006,6363318,0.791686,7394,7052104,0.877381,8037679
4,2021-08-26,18819,12984735,13257,7943631,4932,4590873,630,450231,6445,688576,0.085669,7414,6370732,0.792608,7204,7059308,0.878277,8037679
4,2021-08-27,23111,13007846,16500,7960131,5930,4596803,681,450912,7677,687431,0.085526,9710,6380442,0.793816,8565,7067873,0.879343,8037679
4,2021-08-28,14275,13022121,10209,7970340,3704,4600507,362,451274,4772,686746,0.085441,5934,6386376,0.794555,5249,7073122,0.879996,8037679
4,2021-08-29,8415,13030536,6005,7976345,2304,4602811,106,451380,2915,686373,0.085394,3467,6389843,0.794986,3094,7076216,0.880381,8037679
4,2021-08-30,18947,13049483,13239,7989584,5073,4607884,635,452015,6081,685460,0.085281,7788,6397631,0.795955,6875,7083091,0.881236,8037679
4,2021-08-31,18991,13068474,12954,8002538,5488,4613372,549,452564,5614,684209,0.085125,7551,6405182,0.796894,6300,7089391,0.88202,8037679
4,2021-09-01,17229,13085703,11840,8014378,4883,4618255,506,453070,5555,684092,0.085111,6306,6411488,0.797679,6189,7095580,0.88279,8037679
4,2021-09-02,17372,13103075,11883,8026261,4971,4623226,518,453588,5306,683537,0.085042,6491,6417979,0.798487,5936,7101516,0.883528,8037679
4,2021-09-03,21307,13124382,14764,8041025,5897,4629123,646,454234,6449,681757,0.08482,9093,6427072,0.799618,7313,7108829,0.884438,8037679
4,2021-09-04,11602,13135984,8394,8049419,2925,4632048,283,454517,3654,680557,0.084671,5233,6432305,0.800269,4033,7112862,0.88494,8037679
4,2021-09-05,7560,13143544,5413,8054832,2053,4634101,94,454611,2671,680357,0.084646,3037,6435342,0.800647,2837,7115699,0.885293,8037679
4,2021-09-06,2706,13146250,1765,8056597,892,4634993,49,454660,1012,680305,0.084639,1128,6436470,0.800787,1076,7116775,0.885427,8037679
4,2021-09-07,17734,13163984,12616,8069213,4609,4639602,509,455169,4895,677503,0.084291,8346,6444816,0.801826,5544,7122319,0.886116,8037679
4,2021-09-08,15264,13179248,10781,8079994,4026,4643628,457,455626,4739,676471,0.084162,6325,6451141,0.802612,5293,7127612,0.886775,8037679
4,2021-09-09,14704,13193952,10055,8090049,4122,4647750,527,456153,4496,675589,0.084053,6016,6457157,0.803361,5134,7132746,0.887414,8037679
4,2021-09-10,7022,13200974,4788,8094837,1752,4649502,482,456635,1849,674601,0.08393,3353,6460510,0.803778,2365,7135111,0.887708,8037679
