vemquartile,administered_date,total_doses,cumulative_total_doses,pfizer_doses,cumulative_pfizer_doses,moderna_doses,cumulative_moderna_doses,jj_doses,cumulative_jj_doses,partially_vaccinated,total_partially_vaccinated,pct_age12pop_partially_vaccinated,fully_vaccinated,cumulative_fully_vaccinated,pct_age12pop_fully_vaccinated,at_least_one_dose,cumulative_at_least_one_dose,pct_age12pop_at_least_one_dose,age12_population
1,2020-12-15,150,150,150,150,0,0,0,0,150,150,1.7e-05,0,0,0.0,150,150,1.7e-05,8700223
1,2020-12-16,1176,1326,1176,1326,0,0,0,0,1176,1326,0.000152,0,0,0.0,1176,1326,0.000152,8700223
1,2020-12-17,4141,5467,4141,5467,0,0,0,0,4142,5468,0.000628,0,0,0.0,4142,5468,0.000628,8700223
1,2020-12-18,6327,11794,6307,11774,20,20,0,0,6328,11795,0.001356,1,1,0.0,6328,11796,0.001356,8700223
1,2020-12-19,2869,14663,2868,14642,1,21,0,0,2868,14662,0.001685,1,2,0.0,2868,14664,0.001685,8700223
1,2020-12-20,2123,16786,2116,16758,7,28,0,0,2124,16786,0.001929,0,2,0.0,2124,16788,0.00193,8700223
1,2020-12-21,7624,24410,7610,24368,14,42,0,0,7674,24460,0.002811,1,3,0.0,7675,24463,0.002812,8700223
1,2020-12-22,7283,31693,6943,31311,340,382,0,0,7285,31743,0.003649,2,5,1e-06,7285,31748,0.003649,8700223
1,2020-12-23,7837,39530,6584,37895,1253,1635,0,0,7832,39574,0.004549,2,7,1e-06,7833,39581,0.004549,8700223
1,2020-12-24,3304,42834,2363,40258,941,2576,0,0,3306,42880,0.004929,0,7,1e-06,3306,42887,0.004929,8700223
1,2020-12-25,236,43070,151,40409,85,2661,0,0,236,43116,0.004956,0,7,1e-06,236,43123,0.004957,8700223
1,2020-12-26,1349,44419,962,41371,387,3048,0,0,1348,44463,0.005111,1,8,1e-06,1348,44471,0.005111,8700223
1,2020-12-27,865,45284,533,41904,332,3380,0,0,865,45327,0.00521,1,9,1e-06,865,45336,0.005211,8700223
1,2020-12-28,7080,52364,4758,46662,2322,5702,0,0,7078,52405,0.006023,0,9,1e-06,7078,52414,0.006024,8700223
1,2020-12-29,8866,61230,4981,51643,3885,9587,0,0,8863,61267,0.007042,1,10,1e-06,8863,61277,0.007043,8700223
1,2020-12-30,11576,72806,6449,58092,5127,14714,0,0,11576,72843,0.008373,0,10,1e-06,11576,72853,0.008374,8700223
1,2020-12-31,5951,78757,1961,60053,3990,18704,0,0,5949,78790,0.009056,3,13,1e-06,5950,78803,0.009058,8700223
1,2021-01-01,561,79318,195,60248,366,19070,0,0,560,79349,0.00912,1,14,2e-06,560,79363,0.009122,8700223
1,2021-01-02,2897,82215,1760,62008,1137,20207,0,0,2899,82248,0.009454,0,14,2e-06,2899,82262,0.009455,8700223
1,2021-01-03,1021,83236,546,62554,475,20682,0,0,1019,83265,0.00957,2,16,2e-06,1019,83281,0.009572,8700223
1,2021-01-04,7353,90589,3580,66134,3773,24455,0,0,7357,90621,0.010416,1,17,2e-06,7357,90638,0.010418,8700223
1,2021-01-05,10791,101380,5199,71333,5592,30047,0,0,10038,99944,0.011488,737,754,8.7e-05,10060,100698,0.011574,8700223
1,2021-01-06,14015,115395,7033,78366,6982,37029,0,0,12128,110228,0.01267,1852,2606,0.0003,12136,112834,0.012969,8700223
1,2021-01-07,17440,132835,9098,87464,8342,45371,0,0,12984,118864,0.013662,4359,6965,0.000801,12995,125829,0.014463,8700223
1,2021-01-08,20097,152932,10407,97871,9690,55061,0,0,14210,127207,0.014621,5871,12836,0.001475,14214,140043,0.016096,8700223
1,2021-01-09,6685,159617,3377,101248,3308,58369,0,0,4831,130200,0.014965,1841,14677,0.001687,4834,144877,0.016652,8700223
1,2021-01-10,3068,162685,1746,102994,1322,59691,0,0,1885,130913,0.015047,1173,15850,0.001822,1886,146763,0.016869,8700223
1,2021-01-11,18031,180716,11815,114809,6216,65907,0,0,11496,135936,0.015624,6512,22362,0.00257,11535,158298,0.018195,8700223
1,2021-01-12,18856,199572,10728,125537,8128,74035,0,0,12914,142978,0.016434,5907,28269,0.003249,12949,171247,0.019683,8700223
1,2021-01-13,19714,219286,10671,136208,9043,83078,0,0,14565,152432,0.01752,5128,33397,0.003839,14582,185829,0.021359,8700223
1,2021-01-14,21855,241141,9380,145588,12475,95553,0,0,19115,168910,0.019414,2684,36081,0.004147,19162,204991,0.023562,8700223
1,2021-01-15,25101,266242,9241,154829,15860,111413,0,0,23161,190229,0.021865,1895,37976,0.004365,23214,228205,0.02623,8700223
1,2021-01-16,13861,280103,4534,159363,9327,120740,0,0,12997,202369,0.02326,860,38836,0.004464,13000,241205,0.027724,8700223
1,2021-01-17,5208,285311,2023,161386,3185,123925,0,0,4841,206851,0.023775,363,39199,0.004506,4845,246050,0.028281,8700223
1,2021-01-18,14294,299605,8598,169984,5696,129621,0,0,11126,214869,0.024697,3157,42356,0.004868,11175,257225,0.029565,8700223
1,2021-01-19,24666,324271,12866,182850,11800,141421,0,0,19470,229211,0.026345,5181,47537,0.005464,19523,276748,0.031809,8700223
1,2021-01-20,28681,352952,14037,196887,14644,156065,0,0,23020,246660,0.028351,5607,53144,0.006108,23056,299804,0.034459,8700223
1,2021-01-21,30866,383818,14357,211244,16509,172574,0,0,27695,271338,0.031187,3104,56248,0.006465,27782,327586,0.037653,8700223
1,2021-01-22,28200,412018,11202,222446,16998,189572,0,0,26206,295626,0.033979,1951,58199,0.006689,26239,353825,0.040668,8700223
1,2021-01-23,18715,430733,8207,230653,10508,200080,0,0,16787,310509,0.03569,1914,60113,0.006909,16797,370622,0.042599,8700223
1,2021-01-24,6664,437397,4160,234813,2504,202584,0,0,6007,315869,0.036306,652,60765,0.006984,6012,376634,0.04329,8700223
1,2021-01-25,25189,462586,10419,245232,14770,217354,0,0,19491,329781,0.037905,5676,66441,0.007637,19588,396222,0.045542,8700223
1,2021-01-26,28603,491189,13426,258658,15177,232531,0,0,22005,345254,0.039683,6549,72990,0.008389,22022,418244,0.048073,8700223
1,2021-01-27,32367,523556,15433,274091,16934,249465,0,0,24390,361755,0.04158,7914,80904,0.009299,24415,442659,0.050879,8700223
1,2021-01-28,34736,558292,16322,290413,18414,267879,0,0,27908,382953,0.044016,6769,87673,0.010077,27967,470626,0.054094,8700223
1,2021-01-29,33444,591736,16443,306856,17001,284880,0,0,26960,403596,0.046389,6350,94023,0.010807,26993,497619,0.057196,8700223
1,2021-01-30,20220,611956,8819,315675,11401,296281,0,0,18127,419664,0.048236,2067,96090,0.011045,18135,515754,0.059281,8700223
1,2021-01-31,7661,619617,5005,320680,2656,298937,0,0,6964,425935,0.048957,696,96786,0.011125,6967,522721,0.060081,8700223
1,2021-02-01,28632,648249,12490,333170,16142,315079,0,0,20986,439327,0.050496,7603,104389,0.011998,20995,543716,0.062494,8700223
1,2021-02-02,32103,680352,11562,344732,20541,335620,0,0,24175,455683,0.052376,7862,112251,0.012902,24218,567934,0.065278,8700223
1,2021-02-03,39137,719489,15056,359788,24081,359701,0,0,28294,473305,0.054401,10713,122964,0.014133,28335,596269,0.068535,8700223
1,2021-02-04,43550,763039,17013,376801,26537,386238,0,0,31647,493200,0.056688,11799,134763,0.01549,31694,627963,0.072178,8700223
1,2021-02-05,46611,809650,17271,394072,29340,415578,0,0,30710,508187,0.058411,15771,150534,0.017302,30758,658721,0.075713,8700223
1,2021-02-06,26526,836176,10558,404630,15968,431546,0,0,20695,523109,0.060126,5790,156324,0.017968,20712,679433,0.078094,8700223
1,2021-02-07,6278,842454,4056,408686,2222,433768,0,0,4666,526197,0.060481,1596,157920,0.018151,4684,684117,0.078632,8700223
1,2021-02-08,31330,873784,14359,423045,16971,450739,0,0,20937,536913,0.061713,10314,168234,0.019337,21030,705147,0.081049,8700223
1,2021-02-09,38142,911926,16848,439893,21294,472033,0,0,23572,546001,0.062757,14557,182791,0.02101,23645,728792,0.083767,8700223
1,2021-02-10,46689,958615,21978,461871,24711,496744,0,0,26963,553417,0.06361,19626,202417,0.023266,27042,755834,0.086875,8700223
1,2021-02-11,51351,1009966,25287,487158,26064,522808,0,0,30940,564318,0.064862,20139,222556,0.02558,31040,786874,0.090443,8700223
1,2021-02-12,49326,1059292,21333,508491,27993,550801,0,0,28448,572143,0.065762,20760,243316,0.027967,28585,815459,0.093729,8700223
1,2021-02-13,25992,1085284,11339,519830,14653,565454,0,0,15054,576405,0.066252,10868,254184,0.029216,15130,830589,0.095468,8700223
1,2021-02-14,11635,1096919,5492,525322,6143,571597,0,0,6643,578148,0.066452,4965,259149,0.029786,6708,837297,0.096239,8700223
1,2021-02-15,23568,1120487,9274,534596,14294,585891,0,0,14363,583524,0.06707,9103,268252,0.030833,14479,851776,0.097903,8700223
1,2021-02-16,46387,1166874,22249,556845,24138,610029,0,0,27306,591928,0.068036,19013,287265,0.033018,27417,879193,0.101054,8700223
1,2021-02-17,47819,1214693,24210,581055,23609,633638,0,0,25910,596193,0.068526,21790,309055,0.035523,26055,905248,0.104049,8700223
1,2021-02-18,50263,1264956,25140,606195,25123,658761,0,0,26183,598714,0.068816,23884,332939,0.038268,26405,931653,0.107084,8700223
1,2021-02-19,45562,1310518,24724,630919,20838,679599,0,0,25754,604822,0.069518,19709,352648,0.040533,25817,957470,0.110051,8700223
1,2021-02-20,26982,1337500,16463,647382,10519,690118,0,0,15502,608962,0.069994,11437,364085,0.041848,15577,973047,0.111842,8700223
1,2021-02-21,11515,1349015,10266,657648,1249,691367,0,0,6834,611211,0.070252,4634,368719,0.04238,6883,979930,0.112633,8700223
1,2021-02-22,29868,1378883,19651,677299,10217,701584,0,0,17584,616667,0.070879,12228,380947,0.043786,17684,997614,0.114665,8700223
1,2021-02-23,42967,1421850,20933,698232,22034,723618,0,0,24120,622432,0.071542,18716,399663,0.045937,24481,1022095,0.117479,8700223
1,2021-02-24,52970,1474820,25693,723925,27277,750895,0,0,29699,629411,0.072344,23169,422832,0.0486,30148,1052243,0.120944,8700223
1,2021-02-25,65116,1539936,31696,755621,33420,784315,0,0,40823,646547,0.074314,24188,447020,0.05138,41324,1093567,0.125694,8700223
1,2021-02-26,73038,1612974,34309,789930,38729,823044,0,0,48209,670558,0.077074,24674,471694,0.054216,48685,1142252,0.13129,8700223
1,2021-02-27,50173,1663147,23215,813145,26951,849995,7,7,33376,687524,0.079024,16682,488376,0.056134,33648,1175900,0.135157,8700223
1,2021-02-28,19353,1682500,11488,824633,7863,857858,2,9,14286,696947,0.080107,5003,493379,0.056709,14426,1190326,0.136816,8700223
1,2021-03-01,44084,1726584,20416,845049,23632,881490,36,45,28508,710278,0.081639,15447,508826,0.058484,28778,1219104,0.140123,8700223
1,2021-03-02,61669,1788253,26890,871939,34772,916262,7,52,39779,728907,0.08378,21774,530600,0.060987,40403,1259507,0.144767,8700223
1,2021-03-03,69464,1857717,33149,905088,36294,952556,21,73,42449,745081,0.085639,26889,557489,0.064078,43063,1302570,0.149717,8700223
1,2021-03-04,77541,1935258,36405,941493,41101,993657,35,108,49959,768157,0.088292,27425,584914,0.06723,50501,1353071,0.155521,8700223
1,2021-03-05,76673,2011931,34743,976236,41724,1035381,206,314,51439,795408,0.091424,25024,609938,0.070106,52275,1405346,0.16153,8700223
1,2021-03-06,57079,2069010,27264,1003500,28476,1063857,1339,1653,38895,817892,0.094008,18120,628058,0.072189,40604,1445950,0.166197,8700223
1,2021-03-07,20149,2089159,12833,1016333,6504,1070361,812,2465,15166,829169,0.095304,4964,633022,0.072759,16241,1462191,0.168064,8700223
1,2021-03-08,44244,2133403,21120,1037453,21249,1091610,1875,4340,31001,849222,0.097609,13162,646184,0.074272,33215,1495406,0.171881,8700223
1,2021-03-09,65547,2198950,31686,1069139,31383,1122993,2478,6818,40504,867613,0.099723,24934,671118,0.077138,43325,1538731,0.176861,8700223
1,2021-03-10,72321,2271271,36133,1105272,31810,1154803,4378,11196,44942,890058,0.102303,27247,698365,0.08027,49692,1588423,0.182573,8700223
1,2021-03-11,88687,2359958,40554,1145826,40208,1195011,7925,19121,51959,913905,0.105044,36499,734864,0.084465,60346,1648769,0.189509,8700223
1,2021-03-12,97250,2457208,42603,1188429,42312,1237323,12335,31456,56972,943600,0.108457,40097,774961,0.089074,69792,1718561,0.197531,8700223
1,2021-03-13,64766,2521974,29340,1217769,27759,1265082,7667,39123,41454,969856,0.111475,23205,798166,0.091741,49461,1768022,0.203216,8700223
1,2021-03-14,27569,2549543,14853,1232622,9149,1274231,3567,42690,15670,977448,0.112347,11844,810010,0.093102,19436,1787458,0.20545,8700223
1,2021-03-15,64342,2613885,28155,1260777,29481,1303712,6706,49396,38087,996521,0.11454,26080,836090,0.0961,45153,1832611,0.21064,8700223
1,2021-03-16,84718,2698603,38413,1299190,40767,1344479,5538,54934,52816,1023515,0.117642,31725,867815,0.099746,58719,1891330,0.217389,8700223
1,2021-03-17,91631,2790234,44309,1343499,40793,1385272,6529,61463,59067,1057089,0.121501,32396,900211,0.10347,65970,1957300,0.224971,8700223
1,2021-03-18,97276,2887510,50028,1393527,41630,1426902,5618,67081,59483,1085209,0.124733,37479,937690,0.107778,65599,2022899,0.232511,8700223
1,2021-03-19,102437,2989947,52957,1446484,43342,1470244,6138,73219,60642,1110980,0.127696,41543,979233,0.112553,67314,2090213,0.240248,8700223
1,2021-03-20,71965,3061912,37066,1483550,29704,1499948,5195,78414,46467,1137601,0.130755,25328,1004561,0.115464,51949,2142162,0.246219,8700223
1,2021-03-21,26923,3088835,18798,1502348,6323,1506271,1802,80216,17370,1147394,0.131881,9474,1014035,0.116553,19267,2161429,0.248434,8700223
1,2021-03-22,58555,3147390,30136,1532484,25138,1531409,3281,83497,39747,1172164,0.134728,18625,1032660,0.118694,43395,2204824,0.253422,8700223
1,2021-03-23,82154,3229544,41657,1574141,36886,1568295,3611,87108,51044,1196372,0.13751,30908,1063568,0.122246,55116,2259940,0.259757,8700223
1,2021-03-24,87078,3316622,43920,1618061,38822,1607117,4336,91444,52713,1219455,0.140164,34139,1097707,0.12617,57222,2317162,0.266334,8700223
1,2021-03-25,95584,3412206,48612,1666673,41166,1648283,5806,97250,53782,1237731,0.142264,41527,1139234,0.130943,59803,2376965,0.273207,8700223
1,2021-03-26,103584,3515790,50452,1717125,46875,1695158,6257,103507,56298,1253589,0.144087,46999,1186233,0.136345,62857,2439822,0.280432,8700223
1,2021-03-27,73556,3589346,38040,1755165,31329,1726487,4187,107694,38081,1260784,0.144914,35276,1221509,0.1404,42471,2482293,0.285314,8700223
1,2021-03-28,32509,3621855,21292,1776457,10007,1736494,1210,108904,16497,1263011,0.14517,15914,1237423,0.142229,18141,2500434,0.287399,8700223
1,2021-03-29,66358,3688213,32934,1809391,30335,1766829,3089,111993,36988,1274093,0.146444,29204,1266627,0.145586,40286,2540720,0.292029,8700223
1,2021-03-30,90986,3779199,44733,1854124,39960,1806789,6293,118286,47237,1284127,0.147597,43595,1310222,0.150596,53629,2594349,0.298193,8700223
1,2021-03-31,99818,3879017,52241,1906365,41624,1848413,5953,124239,55175,1300959,0.149532,44374,1354596,0.155697,61206,2655555,0.305228,8700223
1,2021-04-01,110568,3989585,52946,1959311,49209,1897622,8413,132652,56816,1312876,0.150901,53386,1407982,0.161833,65303,2720858,0.312734,8700223
1,2021-04-02,109942,4099527,50182,2009493,50149,1947771,9611,142263,56339,1325834,0.152391,53222,1461204,0.16795,66180,2787038,0.320341,8700223
1,2021-04-03,77633,4177160,39031,2048524,29004,1976775,9598,151861,36385,1330813,0.152963,41087,1502291,0.172673,46066,2833104,0.325636,8700223
1,2021-04-04,23662,4200822,11775,2060299,8433,1985208,3454,155315,9928,1330509,0.152928,13679,1515970,0.174245,13375,2846479,0.327173,8700223
1,2021-04-05,75411,4276233,36163,2096462,30099,2015307,9149,164464,34311,1333228,0.153241,40922,1556892,0.178949,43641,2890120,0.332189,8700223
1,2021-04-06,102679,4378912,48680,2145142,37506,2052813,16493,180957,46660,1340666,0.154096,55771,1612663,0.185359,63209,2953329,0.339454,8700223
1,2021-04-07,110369,4489281,53370,2198512,39570,2092383,17429,198386,50262,1348538,0.155,59861,1672524,0.192239,67733,3021062,0.34724,8700223
1,2021-04-08,121268,4610549,57304,2255816,43117,2135500,20847,219233,53866,1356289,0.155891,67044,1739568,0.199945,74795,3095857,0.355837,8700223
1,2021-04-09,121834,4732383,55670,2311486,45612,2181112,20552,239785,53889,1363215,0.156687,67603,1807171,0.207715,74529,3170386,0.364403,8700223
1,2021-04-10,95266,4827649,42385,2353871,30268,2211380,22613,262398,37271,1365290,0.156926,57818,1864989,0.214361,59893,3230279,0.371287,8700223
1,2021-04-11,36223,4863872,20256,2374127,9354,2220734,6613,269011,14848,1365540,0.156955,21323,1886312,0.216812,21573,3251852,0.373767,8700223
1,2021-04-12,73639,4937511,32778,2406905,30918,2251652,9943,278954,31340,1364946,0.156886,42045,1928357,0.221645,41451,3293303,0.378531,8700223
1,2021-04-13,96576,5034087,51616,2458521,44621,2296273,339,279293,52250,1373825,0.157907,44072,1972429,0.22671,52951,3346254,0.384617,8700223
1,2021-04-14,104143,5138230,53808,2512329,50266,2346539,69,279362,53020,1376556,0.158221,50780,2023209,0.232547,53511,3399765,0.390768,8700223
1,2021-04-15,105269,5243499,57165,2569494,48018,2394557,86,279448,56602,1385323,0.159228,48135,2071344,0.238079,56902,3456667,0.397308,8700223
1,2021-04-16,109784,5353283,56448,2625942,53249,2447806,87,279535,55253,1386905,0.15941,54071,2125415,0.244294,55653,3512320,0.403705,8700223
1,2021-04-17,82771,5436054,44985,2670927,37776,2485582,10,279545,46616,1397828,0.160666,35956,2161371,0.248427,46879,3559199,0.409093,8700223
1,2021-04-18,29147,5465201,19470,2690397,9670,2495252,7,279552,14861,1398723,0.160769,14210,2175581,0.25006,15105,3574304,0.410829,8700223
1,2021-04-19,66193,5531394,33429,2723826,32749,2528001,15,279567,30305,1393688,0.16019,35579,2211160,0.25415,30544,3604848,0.41434,8700223
1,2021-04-20,85966,5617360,42737,2766563,43209,2571210,20,279587,40811,1389937,0.159759,44877,2256037,0.259308,41126,3645974,0.419067,8700223
1,2021-04-21,93229,5710589,47315,2813878,45816,2617026,98,279685,42091,1381728,0.158815,50659,2306696,0.265131,42450,3688424,0.423946,8700223
1,2021-04-22,94303,5804892,48621,2862499,45666,2662692,16,279701,43425,1374959,0.158037,50436,2357132,0.270928,43667,3732091,0.428965,8700223
1,2021-04-23,99312,5904204,50743,2913242,48544,2711236,25,279726,47521,1371381,0.157626,51344,2408476,0.276829,47766,3779857,0.434455,8700223
1,2021-04-24,74902,5979106,46574,2959816,28302,2739538,26,279752,42542,1381933,0.158839,32269,2440745,0.280538,42821,3822678,0.439377,8700223
1,2021-04-25,26924,6006030,17151,2976967,9762,2749300,11,279763,15436,1386122,0.15932,11391,2452136,0.281847,15580,3838258,0.441168,8700223
1,2021-04-26,64648,6070678,33643,3010610,30606,2779906,399,280162,31027,1384529,0.159137,33353,2485489,0.285681,31760,3870018,0.444818,8700223
1,2021-04-27,79884,6150562,42194,3052804,36401,2816307,1289,281451,34924,1376379,0.1582,44705,2530194,0.290819,36555,3906573,0.44902,8700223
1,2021-04-28,78979,6229541,41520,3094324,35970,2852277,1489,282940,34828,1369064,0.15736,43860,2574054,0.295861,36545,3943118,0.45322,8700223
1,2021-04-29,82247,6311788,44768,3139092,35872,2888149,1607,284547,33825,1356528,0.155919,48128,2622182,0.301393,35592,3978710,0.457311,8700223
1,2021-04-30,89581,6401369,48216,3187308,39518,2927667,1847,286394,37762,1344770,0.154567,51536,2673718,0.307316,39778,4018488,0.461883,8700223
1,2021-05-01,61869,6463238,40021,3227329,20473,2948140,1375,287769,26051,1336787,0.15365,35637,2709355,0.311412,27654,4046142,0.465062,8700223
1,2021-05-02,23173,6486411,16377,3243706,6227,2954367,569,288338,9423,1333157,0.153233,13652,2723007,0.312981,10022,4056164,0.466214,8700223
1,2021-05-03,55142,6541553,30416,3274122,22903,2977270,1823,290161,20329,1320763,0.151808,34600,2757607,0.316958,22206,4078370,0.468766,8700223
1,2021-05-04,73264,6614817,41789,3315911,29398,3006668,2077,292238,26699,1303326,0.149804,46302,2803909,0.32228,28865,4107235,0.472084,8700223
1,2021-05-05,75208,6690025,43141,3359052,29787,3036455,2280,294518,25822,1282408,0.147399,49096,2853005,0.327923,28178,4135413,0.475323,8700223
1,2021-05-06,76055,6766080,45502,3404554,28393,3064848,2160,296678,23843,1256685,0.144443,51882,2904887,0.333886,26159,4161572,0.478329,8700223
1,2021-05-07,80483,6846563,45809,3450363,32503,3097351,2171,298849,27129,1233075,0.141729,52973,2957860,0.339975,29363,4190935,0.481704,8700223
1,2021-05-08,54422,6900985,33932,3484295,18927,3116278,1563,300412,18224,1217055,0.139888,35904,2993764,0.344102,19884,4210819,0.48399,8700223
1,2021-05-09,17646,6918631,12554,3496849,4618,3120896,474,300886,5440,1210873,0.139177,12132,3005896,0.345496,5950,4216769,0.484674,8700223
1,2021-05-10,42114,6960745,21092,3517941,19252,3140148,1770,302656,14135,1199120,0.137826,27753,3033649,0.348686,16000,4232769,0.486513,8700223
1,2021-05-11,59553,7020298,31835,3549776,25593,3165741,2125,304781,19482,1181021,0.135746,39827,3073476,0.353264,21728,4254497,0.48901,8700223
1,2021-05-12,60256,7080554,31912,3581688,26329,3192070,2015,306796,20324,1163770,0.133763,39662,3113138,0.357823,22411,4276908,0.491586,8700223
1,2021-05-13,63556,7144110,36995,3618683,24632,3216702,1929,308725,24357,1151466,0.132349,38871,3152009,0.362291,26567,4303475,0.49464,8700223
1,2021-05-14,73482,7217592,44126,3662809,27041,3243743,2315,311040,29859,1140642,0.131105,43298,3195307,0.367267,32474,4335949,0.498372,8700223
1,2021-05-15,64370,7281962,42165,3704974,20508,3264251,1697,312737,25441,1129176,0.129787,38675,3233982,0.371713,27209,4363158,0.5015,8700223
1,2021-05-16,24034,7305996,17533,3722507,5884,3270135,617,313354,9680,1125265,0.129337,14250,3248232,0.37335,10339,4373497,0.502688,8700223
1,2021-05-17,53603,7359599,32737,3755244,19108,3289243,1758,315112,23086,1119888,0.128719,30278,3278510,0.376831,24901,4398398,0.50555,8700223
1,2021-05-18,63931,7423530,38445,3793689,23669,3312912,1817,316929,28058,1114233,0.128069,35616,3314126,0.380924,29961,4428359,0.508994,8700223
1,2021-05-19,65581,7489111,39955,3833644,23713,3336625,1913,318842,30019,1110947,0.127692,35302,3349428,0.384982,32016,4460375,0.512674,8700223
1,2021-05-20,63216,7552327,36678,3870322,24378,3361003,2160,321002,26684,1103762,0.126866,36231,3385659,0.389146,29046,4489421,0.516012,8700223
1,2021-05-21,69148,7621475,41321,3911643,25984,3386987,1843,322845,29187,1095307,0.125894,39582,3425241,0.393696,31127,4520548,0.51959,8700223
1,2021-05-22,55011,7676486,36326,3947969,17022,3404009,1663,324508,24104,1090511,0.125343,30659,3455900,0.39722,25863,4546411,0.522563,8700223
1,2021-05-23,19428,7695914,13517,3961486,5328,3409337,583,325091,9190,1090168,0.125303,10142,3466042,0.398385,9799,4556210,0.523689,8700223
1,2021-05-24,42309,7738223,23242,3984728,17256,3426593,1811,326902,17151,1084266,0.124625,24945,3490987,0.401253,19043,4575253,0.525878,8700223
1,2021-05-25,50235,7788458,29004,4013732,19580,3446173,1651,328553,21135,1078312,0.123941,28841,3519828,0.404568,22887,4598140,0.528508,8700223
1,2021-05-26,47925,7836383,27184,4040916,18871,3465044,1870,330423,20714,1074035,0.123449,26918,3546746,0.407662,22641,4620781,0.531111,8700223
1,2021-05-27,46558,7882941,26191,4067107,18484,3483528,1883,332306,20583,1070912,0.12309,25698,3572444,0.410615,22575,4643356,0.533705,8700223
1,2021-05-28,51656,7934597,28808,4095915,21061,3504589,1787,334093,23464,1068386,0.1228,27903,3600347,0.413822,25377,4668733,0.536622,8700223
1,2021-05-29,30107,7964704,18225,4114140,10957,3515546,925,335018,14658,1068735,0.12284,15291,3615638,0.41558,15640,4684373,0.53842,8700223
1,2021-05-30,11513,7976217,7432,4121572,3534,3519080,547,335565,5610,1069080,0.12288,5838,3621476,0.416251,6183,4690556,0.539131,8700223
1,2021-05-31,5679,7981896,3230,4124802,2198,3521278,251,335816,2009,1067731,0.122725,3621,3625097,0.416667,2272,4692828,0.539392,8700223
1,2021-06-01,45092,8026988,25569,4150371,18029,3539307,1494,337310,17934,1060372,0.121879,26862,3651959,0.419755,19503,4712331,0.541633,8700223
1,2021-06-02,39539,8066527,22985,4173356,15096,3554403,1458,338768,16405,1055442,0.121312,22863,3674822,0.422383,17933,4730264,0.543695,8700223
1,2021-06-03,40836,8107363,25634,4198990,13570,3567973,1632,340400,16267,1049126,0.120586,24290,3699112,0.425174,17974,4748238,0.54576,8700223
1,2021-06-04,49340,8156703,31693,4230683,15910,3583883,1737,342137,18473,1038857,0.119406,30560,3729672,0.428687,20291,4768529,0.548093,8700223
1,2021-06-05,39577,8196280,27048,4257731,10608,3594491,1921,344058,14473,1030411,0.118435,24895,3754567,0.431548,16449,4784978,0.549983,8700223
1,2021-06-06,12859,8209139,10296,4268027,2069,3596560,494,344552,4722,1027628,0.118115,8062,3762629,0.432475,5279,4790257,0.55059,8700223
1,2021-06-07,33531,8242670,23156,4291183,9046,3605606,1329,345881,12161,1020003,0.117239,21175,3783804,0.434909,13550,4803807,0.552148,8700223
1,2021-06-08,41602,8284272,28868,4320051,11157,3616763,1577,347458,14877,1010074,0.116097,26477,3810281,0.437952,16548,4820355,0.55405,8700223
1,2021-06-09,41514,8325786,28938,4348989,10987,3627750,1589,349047,13634,997750,0.114681,27613,3837894,0.441126,15289,4835644,0.555807,8700223
1,2021-06-10,38343,8364129,26000,4374989,10758,3638508,1585,350632,13343,988000,0.11356,24784,3862678,0.443975,15034,4850678,0.557535,8700223
1,2021-06-11,43042,8407171,28618,4403607,12795,3651303,1629,352261,15397,977745,0.112382,27363,3890041,0.44712,17108,4867786,0.559501,8700223
1,2021-06-12,32846,8440017,23723,4427330,7965,3659268,1158,353419,10722,967767,0.111235,21923,3911964,0.44964,11945,4879731,0.560874,8700223
1,2021-06-13,11371,8451388,8244,4435574,2674,3661942,453,353872,3405,963763,0.110775,7899,3919863,0.450547,3895,4883626,0.561322,8700223
1,2021-06-14,30297,8481685,20447,4456021,8608,3670550,1242,355114,11777,958481,0.110167,18345,3938208,0.452656,13063,4896689,0.562823,8700223
1,2021-06-15,36578,8518263,24151,4480172,10734,3681284,1693,356807,13699,951326,0.109345,22641,3960849,0.455258,15486,4912175,0.564603,8700223
1,2021-06-16,34063,8552326,23202,4503374,9296,3690580,1565,358372,12919,944963,0.108614,20913,3981762,0.457662,14550,4926725,0.566276,8700223
1,2021-06-17,28080,8580406,18169,4521543,8666,3699246,1245,359617,11083,940531,0.108104,16833,3998595,0.459597,12401,4939126,0.567701,8700223
1,2021-06-18,21561,8601967,13891,4535434,5490,3704736,2180,361797,7558,936431,0.107633,13852,4012447,0.461189,9752,4948878,0.568822,8700223
2,2020-12-15,240,240,240,240,0,0,0,0,240,240,2.9e-05,0,0,0.0,240,240,2.9e-05,8407551
2,2020-12-16,2077,2317,2077,2317,0,0,0,0,2076,2316,0.000275,0,0,0.0,2076,2316,0.000275,8407551
2,2020-12-17,6824,9141,6824,9141,0,0,0,0,6825,9141,0.001087,0,0,0.0,6825,9141,0.001087,8407551
2,2020-12-18,11054,20195,11035,20176,19,19,0,0,11054,20195,0.002402,0,0,0.0,11054,20195,0.002402,8407551
2,2020-12-19,5620,25815,5614,25790,6,25,0,0,5621,25816,0.003071,0,0,0.0,5621,25816,0.003071,8407551
2,2020-12-20,4242,30057,4233,30023,9,34,0,0,4238,30054,0.003575,0,0,0.0,4238,30054,0.003575,8407551
2,2020-12-21,12762,42819,12737,42760,25,59,0,0,12717,42771,0.005087,0,0,0.0,12717,42771,0.005087,8407551
2,2020-12-22,12123,54942,11610,54370,513,572,0,0,12122,54893,0.006529,0,0,0.0,12122,54893,0.006529,8407551
2,2020-12-23,11685,66627,9474,63844,2211,2783,0,0,11688,66581,0.007919,1,1,0.0,11689,66582,0.007919,8407551
2,2020-12-24,5861,72488,3496,67340,2365,5148,0,0,5857,72437,0.008616,3,4,0.0,5859,72441,0.008616,8407551
2,2020-12-25,483,72971,405,67745,78,5226,0,0,484,72921,0.008673,0,4,0.0,484,72925,0.008674,8407551
2,2020-12-26,2559,75530,1663,69408,896,6122,0,0,2560,75480,0.008978,1,5,1e-06,2560,75485,0.008978,8407551
2,2020-12-27,2227,77757,1210,70618,1017,7139,0,0,2224,77702,0.009242,2,7,1e-06,2224,77709,0.009243,8407551
2,2020-12-28,10981,88738,7142,77760,3839,10978,0,0,10981,88682,0.010548,1,8,1e-06,10981,88690,0.010549,8407551
2,2020-12-29,12691,101429,7147,84907,5544,16522,0,0,12695,101377,0.012058,0,8,1e-06,12695,101385,0.012059,8407551
2,2020-12-30,15389,116818,8657,93564,6732,23254,0,0,15402,116776,0.013889,5,13,2e-06,15404,116789,0.013891,8407551
2,2020-12-31,7547,124365,2824,96388,4723,27977,0,0,7541,124313,0.014786,4,17,2e-06,7541,124330,0.014788,8407551
2,2021-01-01,1175,125540,571,96959,604,28581,0,0,1174,125484,0.014925,3,20,2e-06,1174,125504,0.014928,8407551
2,2021-01-02,4834,130374,2754,99713,2080,30661,0,0,4832,130316,0.0155,0,20,2e-06,4832,130336,0.015502,8407551
2,2021-01-03,1381,131755,786,100499,595,31256,0,0,1376,131689,0.015663,3,23,3e-06,1376,131712,0.015666,8407551
2,2021-01-04,11624,143379,5556,106055,6068,37324,0,0,11613,143299,0.017044,3,26,3e-06,11613,143325,0.017047,8407551
2,2021-01-05,13852,157231,6904,112959,6948,44272,0,0,12666,154817,0.018414,1181,1207,0.000144,12699,156024,0.018558,8407551
2,2021-01-06,18959,176190,10450,123409,8509,52781,0,0,15215,166346,0.019785,3694,4901,0.000583,15223,171247,0.020368,8407551
2,2021-01-07,23081,199271,12989,136398,10092,62873,0,0,15571,174407,0.020744,7524,12425,0.001478,15585,186832,0.022222,8407551
2,2021-01-08,26416,225687,15970,152368,10446,73319,0,0,16314,180676,0.02149,10064,22489,0.002675,16333,203165,0.024165,8407551
2,2021-01-09,9732,235419,5662,158030,4070,77389,0,0,6235,183409,0.021815,3508,25997,0.003092,6241,209406,0.024907,8407551
2,2021-01-10,5255,240674,2919,160949,2336,79725,0,0,3034,184215,0.021911,2234,28231,0.003358,3040,212446,0.025268,8407551
2,2021-01-11,25948,266622,17823,178772,8125,87850,0,0,14991,188277,0.022394,10978,39209,0.004664,15040,227486,0.027057,8407551
2,2021-01-12,26238,292860,16313,195085,9925,97775,0,0,16674,195451,0.023247,9577,48786,0.005803,16751,244237,0.02905,8407551
2,2021-01-13,28465,321325,15091,210176,13374,111149,0,0,20512,208043,0.024745,7944,56730,0.006748,20536,264773,0.031492,8407551
2,2021-01-14,30315,351640,11579,221755,18736,129885,0,0,26087,229948,0.02735,4245,60975,0.007252,26150,290923,0.034603,8407551
2,2021-01-15,34979,386619,12674,234429,22305,152190,0,0,31718,258482,0.030744,3262,64237,0.00764,31796,322719,0.038384,8407551
2,2021-01-16,17979,404598,5959,240388,12020,164210,0,0,16657,273806,0.032567,1346,65583,0.0078,16670,339389,0.040367,8407551
2,2021-01-17,10538,415136,3556,243944,6982,171192,0,0,9821,282894,0.033648,741,66324,0.007889,9829,349218,0.041536,8407551
2,2021-01-18,19673,434809,11016,254960,8657,179849,0,0,14891,293042,0.034855,4800,71124,0.00846,14948,364166,0.043314,8407551
2,2021-01-19,32490,467299,16982,271942,15508,195357,0,0,24504,309676,0.036833,7987,79111,0.00941,24621,388787,0.046243,8407551
2,2021-01-20,37159,504458,18604,290546,18555,213912,0,0,28531,329694,0.039214,8603,87714,0.010433,28621,417408,0.049647,8407551
2,2021-01-21,40646,545104,17172,307718,23474,237386,0,0,36205,361645,0.043014,4420,92134,0.010958,36371,453779,0.053973,8407551
2,2021-01-22,39357,584461,16444,324162,22913,260299,0,0,36032,394387,0.046909,3321,95455,0.011353,36063,489842,0.058262,8407551
2,2021-01-23,24081,608542,10831,334993,13250,273549,0,0,21123,412604,0.049075,2935,98390,0.011703,21152,510994,0.060778,8407551
2,2021-01-24,12430,620972,6150,341143,6280,279829,0,0,11515,423228,0.050339,902,99292,0.01181,11526,522520,0.062149,8407551
2,2021-01-25,33758,654730,15559,356702,18199,298028,0,0,24975,439607,0.052287,8725,108017,0.012848,25104,547624,0.065135,8407551
2,2021-01-26,40069,694799,19656,376358,20413,318441,0,0,31068,461778,0.054924,8977,116994,0.013915,31148,578772,0.06884,8407551
2,2021-01-27,45450,740249,22674,399032,22776,341217,0,0,35358,487224,0.057951,9971,126965,0.015101,35417,614189,0.073052,8407551
2,2021-01-28,47774,788023,22436,421468,25338,366555,0,0,39160,517897,0.061599,8553,135518,0.016119,39226,653415,0.077718,8407551
2,2021-01-29,45468,833491,22072,443540,23396,389951,0,0,36852,546307,0.064978,8507,144025,0.01713,36917,690332,0.082109,8407551
2,2021-01-30,31151,864642,13447,456987,17704,407655,0,0,27836,570897,0.067903,3276,147301,0.01752,27866,718198,0.085423,8407551
2,2021-01-31,17157,881799,10240,467227,6917,414572,0,0,15985,585743,0.069669,1158,148459,0.017658,16004,734202,0.087326,8407551
2,2021-02-01,40940,922739,19809,487036,21131,435703,0,0,30151,605188,0.071981,10746,159205,0.018936,30191,764393,0.090917,8407551
2,2021-02-02,47551,970290,19341,506377,28210,463913,0,0,36226,630260,0.074964,11256,170461,0.020275,36328,800721,0.095238,8407551
2,2021-02-03,53887,1024177,23926,530303,29961,493874,0,0,39869,656306,0.078061,13919,184380,0.02193,39965,840686,0.099992,8407551
2,2021-02-04,55851,1080028,24132,554435,31719,525593,0,0,40838,682322,0.081156,14918,199298,0.023705,40934,881620,0.10486,8407551
2,2021-02-05,59565,1139593,26158,580593,33407,559000,0,0,40320,703753,0.083705,19064,218362,0.025972,40495,922115,0.109677,8407551
2,2021-02-06,38881,1178474,18167,598760,20714,579714,0,0,30994,727018,0.086472,7819,226181,0.026902,31084,953199,0.113374,8407551
2,2021-02-07,15564,1194038,10308,609068,5256,584970,0,0,11807,735157,0.08744,3734,229915,0.027346,11873,965072,0.114786,8407551
2,2021-02-08,42766,1236804,21773,630841,20993,605963,0,0,29297,751322,0.089363,13340,243255,0.028933,29505,994577,0.118296,8407551
2,2021-02-09,49142,1285946,23254,654095,25888,631851,0,0,30550,763804,0.090847,18395,261650,0.031121,30877,1025454,0.121968,8407551
2,2021-02-10,59142,1345088,27766,681861,31376,663227,0,0,34439,774151,0.092078,24445,286095,0.034028,34792,1060246,0.126106,8407551
2,2021-02-11,63719,1408807,29365,711226,34354,697581,0,0,35829,782877,0.093116,27594,313689,0.03731,36320,1096566,0.130426,8407551
2,2021-02-12,64870,1473677,27999,739225,36871,734452,0,0,34616,788147,0.093743,30000,343689,0.040879,35270,1131836,0.134621,8407551
2,2021-02-13,37550,1511227,15709,754934,21841,756293,0,0,21711,794475,0.094495,15760,359449,0.042753,22088,1153924,0.137249,8407551
2,2021-02-14,19838,1531065,9252,764186,10586,766879,0,0,11117,797273,0.094828,8679,368128,0.043785,11477,1165401,0.138614,8407551
2,2021-02-15,32837,1563902,14799,778985,18038,784917,0,0,18255,801917,0.095381,14464,382592,0.045506,19108,1184509,0.140886,8407551
2,2021-02-16,55741,1619643,27334,806319,28407,813324,0,0,29491,805914,0.095856,26164,408756,0.048618,30161,1214670,0.144474,8407551
2,2021-02-17,61046,1680689,31365,837684,29681,843005,0,0,30486,806726,0.095953,30498,439254,0.052245,31310,1245980,0.148198,8407551
2,2021-02-18,65651,1746340,33131,870815,32520,875525,0,0,32139,806725,0.095952,33286,472540,0.056204,33285,1279265,0.152157,8407551
2,2021-02-19,58784,1805124,32650,903465,26134,901659,0,0,29299,807294,0.09602,29333,501873,0.059693,29902,1309167,0.155713,8407551
2,2021-02-20,36960,1842084,24033,927498,12927,914586,0,0,20267,811634,0.096536,16609,518482,0.061669,20949,1330116,0.158205,8407551
2,2021-02-21,20494,1862578,17031,944529,3463,918049,0,0,9973,811955,0.096574,10450,528932,0.062912,10771,1340887,0.159486,8407551
2,2021-02-22,37469,1900047,25581,970110,11888,929937,0,0,18019,811290,0.096495,19357,548289,0.065214,18692,1359579,0.161709,8407551
2,2021-02-23,51609,1951656,26375,996485,25234,955171,0,0,22870,807498,0.096044,28556,576845,0.06861,24764,1384343,0.164655,8407551
2,2021-02-24,68282,2019938,35109,1031594,33173,988344,0,0,31605,804923,0.095738,36537,613382,0.072956,33962,1418305,0.168694,8407551
2,2021-02-25,74172,2094110,34942,1066536,39230,1027574,0,0,37930,809630,0.096298,36035,649417,0.077242,40742,1459047,0.17354,8407551
2,2021-02-26,82480,2176590,35143,1101679,47337,1074911,0,0,44772,819138,0.097429,37457,686874,0.081697,46965,1506012,0.179126,8407551
2,2021-02-27,60029,2236619,27734,1129413,32288,1107199,7,7,32904,826451,0.098299,26928,713802,0.0849,34241,1540253,0.183199,8407551
2,2021-02-28,29457,2266076,17654,1147067,11802,1119001,1,8,17498,832914,0.099067,11865,725667,0.086311,18328,1558581,0.185379,8407551
2,2021-03-01,56301,2322377,29530,1176597,26737,1145738,34,42,31049,840183,0.099932,25007,750674,0.089286,32276,1590857,0.189218,8407551
2,2021-03-02,67528,2389905,32489,1209086,35032,1180770,7,49,38364,851871,0.101322,29027,779701,0.092738,40715,1631572,0.19406,8407551
2,2021-03-03,79410,2469315,38478,1247564,40919,1221689,13,62,45059,865328,0.102923,34172,813873,0.096803,47629,1679201,0.199725,8407551
2,2021-03-04,87130,2556445,42837,1290401,44263,1265952,30,92,50518,881834,0.104886,36424,850297,0.101135,52930,1732131,0.206021,8407551
2,2021-03-05,80505,2636950,38106,1328507,42096,1308048,303,395,49517,903233,0.107431,30799,881096,0.104798,52198,1784329,0.212229,8407551
2,2021-03-06,62483,2699433,30539,1359046,30255,1338303,1689,2084,38563,921121,0.109559,23810,904906,0.10763,41698,1826027,0.217189,8407551
2,2021-03-07,27447,2726880,16062,1375108,10416,1348719,969,3053,17766,931341,0.110774,9624,914530,0.108775,19844,1845871,0.219549,8407551
2,2021-03-08,49757,2776637,22918,1398026,24387,1373106,2452,5505,31531,948843,0.112856,18123,932653,0.11093,35625,1881496,0.223786,8407551
2,2021-03-09,69572,2846209,31895,1429921,33917,1407023,3760,9265,38856,962213,0.114446,30603,963256,0.11457,43973,1925469,0.229017,8407551
2,2021-03-10,77380,2923589,36774,1466695,34088,1441111,6518,15783,41362,975607,0.116039,35832,999088,0.118832,49226,1974695,0.234872,8407551
2,2021-03-11,92215,3015804,42580,1509275,41307,1482418,8328,24111,48486,990375,0.117796,43458,1042546,0.124001,58226,2032921,0.241797,8407551
2,2021-03-12,93263,3109067,38479,1547754,42821,1525239,11963,36074,46747,1004213,0.119442,46309,1088855,0.129509,60147,2093068,0.248951,8407551
2,2021-03-13,68394,3177461,28812,1576566,31606,1556845,7976,44050,37657,1020535,0.121383,30621,1119476,0.133151,46943,2140011,0.254534,8407551
2,2021-03-14,36545,3214006,18270,1594836,13757,1570602,4518,48568,18634,1026620,0.122107,17827,1137303,0.135272,23912,2163923,0.257379,8407551
2,2021-03-15,66947,3280953,30246,1625082,31702,1602304,4999,53567,37152,1040276,0.123731,29606,1166909,0.138793,43262,2207185,0.262524,8407551
2,2021-03-16,85841,3366794,38024,1663106,43833,1646137,3984,57551,52297,1064306,0.126589,33381,1200290,0.142763,57411,2264596,0.269353,8407551
2,2021-03-17,92087,3458881,44234,1707340,43681,1689818,4172,61723,58707,1094901,0.130228,33135,1233425,0.146704,63730,2328326,0.276933,8407551
2,2021-03-18,97086,3555967,46349,1753689,46240,1736058,4497,66220,59599,1122360,0.133494,37207,1270632,0.15113,64666,2392992,0.284624,8407551
2,2021-03-19,96851,3652818,45782,1799471,44959,1781017,6110,72330,57822,1148068,0.136552,38759,1309391,0.15574,64467,2457459,0.292292,8407551
2,2021-03-20,69527,3722345,33687,1833158,31887,1812904,3953,76283,45714,1174516,0.139698,23588,1332979,0.158545,50036,2507495,0.298243,8407551
2,2021-03-21,32995,3755340,21362,1854520,9647,1822551,1986,78269,20395,1184845,0.140926,12485,1345464,0.16003,22814,2530309,0.300957,8407551
2,2021-03-22,62370,3817710,34270,1888790,25461,1848012,2639,80908,41574,1209376,0.143844,20586,1366050,0.162479,45117,2575426,0.306323,8407551
2,2021-03-23,83089,3900799,44086,1932876,36099,1884111,2904,83812,52183,1234637,0.146849,30662,1396712,0.166126,55923,2631349,0.312974,8407551
2,2021-03-24,91244,3992043,49058,1981934,39029,1923140,3157,86969,53968,1255592,0.149341,36991,1433703,0.170526,57946,2689295,0.319867,8407551
2,2021-03-25,100793,4092836,50846,2032780,46045,1969185,3902,90871,57405,1274587,0.1516,43077,1476780,0.175649,62072,2751367,0.32725,8407551
2,2021-03-26,102838,4195674,51104,2083884,48244,2017429,3490,94361,56702,1290039,0.153438,45797,1522577,0.181096,61249,2812616,0.334535,8407551
2,2021-03-27,75241,4270915,37566,2121450,34380,2051809,3295,97656,37998,1295167,0.154048,37027,1559604,0.1855,42155,2854771,0.339548,8407551
2,2021-03-28,37488,4308403,23161,2144611,13521,2065330,806,98462,20241,1299884,0.154609,17132,1576736,0.187538,21849,2876620,0.342147,8407551
2,2021-03-29,70831,4379234,36093,2180704,32465,2097795,2273,100735,40570,1313538,0.156233,30084,1606820,0.191116,43738,2920358,0.347349,8407551
2,2021-03-30,91462,4470696,44803,2225507,42289,2140084,4370,105105,51645,1330533,0.158255,39627,1646447,0.19583,56622,2976980,0.354084,8407551
2,2021-03-31,100828,4571524,52036,2277543,43704,2183788,5088,110193,57535,1350494,0.160629,43012,1689459,0.200945,62973,3039953,0.361574,8407551
2,2021-04-01,117044,4688568,56605,2334148,51271,2235059,9168,119361,64057,1371515,0.163129,52648,1742107,0.207207,73669,3113622,0.370336,8407551
2,2021-04-02,111191,4799759,51358,2385506,49715,2284774,10118,129479,60117,1391500,0.165506,50732,1792839,0.213242,70717,3184339,0.378748,8407551
2,2021-04-03,76506,4876265,37512,2423018,29183,2313957,9811,139290,38083,1401569,0.166704,38229,1831068,0.217789,48298,3232637,0.384492,8407551
2,2021-04-04,29002,4905267,14916,2437934,10237,2324194,3849,143139,13103,1402753,0.166844,15811,1846879,0.219669,16995,3249632,0.386514,8407551
2,2021-04-05,78697,4983964,38653,2476587,31307,2355501,8737,151876,38334,1410381,0.167752,40213,1887092,0.224452,47841,3297473,0.392204,8407551
2,2021-04-06,103408,5087372,50389,2526976,38346,2393847,14673,166549,49259,1420827,0.168994,53911,1941003,0.230864,64357,3361830,0.399858,8407551
2,2021-04-07,110016,5197388,54921,2581897,38912,2432759,16183,182732,52079,1431709,0.170288,57675,1998678,0.237724,68557,3430387,0.408013,8407551
2,2021-04-08,118977,5316365,57262,2639159,43045,2475804,18670,201402,55415,1443157,0.17165,63246,2061924,0.245247,74694,3505081,0.416897,8407551
2,2021-04-09,118299,5434664,56994,2696153,43281,2519085,18024,219426,56132,1456384,0.173223,61824,2123748,0.2526,75051,3580132,0.425823,8407551
2,2021-04-10,87117,5521781,37763,2733916,30997,2550082,18357,237783,36077,1460712,0.173738,50794,2174542,0.258642,55122,3635254,0.43238,8407551
2,2021-04-11,44316,5566097,23044,2756960,12761,2562843,8511,246294,18204,1462178,0.173912,25982,2200524,0.261732,27448,3662702,0.435644,8407551
2,2021-04-12,79708,5645805,37157,2794117,33192,2596035,9359,255653,35761,1464602,0.174201,43702,2244226,0.26693,46126,3708828,0.441131,8407551
2,2021-04-13,101541,5747346,52683,2846800,48598,2644633,260,255913,55827,1476111,0.17557,45481,2289707,0.272339,56990,3765818,0.447909,8407551
2,2021-04-14,106467,5853813,55743,2902543,50673,2695306,51,255964,54769,1480954,0.176146,51433,2341140,0.278457,56276,3822094,0.454603,8407551
2,2021-04-15,112968,5966781,60055,2962598,52836,2748142,77,256041,59523,1488543,0.177048,53103,2394243,0.284773,60692,3882786,0.461821,8407551
2,2021-04-16,110212,6076993,57229,3019827,52933,2801075,50,256091,56329,1492278,0.177493,53591,2447834,0.291147,57326,3940112,0.46864,8407551
2,2021-04-17,83004,6159997,42218,3062045,40767,2841842,19,256110,46663,1503755,0.178858,36122,2483956,0.295443,47599,3987711,0.474301,8407551
2,2021-04-18,34278,6194275,20556,3082601,13716,2855558,6,256116,16440,1503484,0.178825,17725,2501681,0.297552,17454,4005165,0.476377,8407551
2,2021-04-19,74098,6268373,39896,3122497,34189,2889747,13,256129,34020,1498354,0.178215,39849,2541530,0.302291,34719,4039884,0.480507,8407551
2,2021-04-20,95351,6363724,47620,3170117,47707,2937454,24,256153,46583,1497322,0.178093,48480,2590010,0.308058,47448,4087332,0.48615,8407551
2,2021-04-21,99359,6463083,52637,3222754,46668,2984122,54,256207,47176,1493621,0.177652,51825,2641835,0.314222,48124,4135456,0.491874,8407551
2,2021-04-22,105596,6568679,54071,3276825,51504,3035626,21,256228,46347,1481972,0.176267,58899,2700734,0.321227,47250,4182706,0.497494,8407551
2,2021-04-23,104924,6673603,55247,3332072,49659,3085285,18,256246,48592,1475510,0.175498,55987,2756721,0.327886,49525,4232231,0.503385,8407551
2,2021-04-24,79616,6753219,47008,3379080,32569,3117854,39,256285,41609,1480389,0.176079,37697,2794418,0.33237,42576,4274807,0.508449,8407551
2,2021-04-25,36089,6789308,22287,3401367,13788,3131642,14,256299,19716,1484326,0.176547,16255,2810673,0.334303,20192,4294999,0.51085,8407551
2,2021-04-26,72470,6861778,39872,3441239,32301,3163943,297,256596,33506,1480831,0.176131,38732,2849405,0.33891,35237,4330236,0.515041,8407551
2,2021-04-27,86768,6948546,45433,3486672,39976,3203919,1359,257955,37329,1471630,0.175037,49109,2898514,0.344751,39908,4370144,0.519788,8407551
2,2021-04-28,85945,7034491,45493,3532165,38608,3242527,1844,259799,37949,1464612,0.174202,47712,2946226,0.350426,40694,4410838,0.524628,8407551
2,2021-04-29,88772,7123263,47897,3580062,39182,3281709,1693,261492,34453,1447356,0.17215,53992,3000218,0.356848,36736,4447574,0.528998,8407551
2,2021-04-30,92303,7215566,50740,3630802,39587,3321296,1976,263468,35702,1429454,0.17002,56224,3056442,0.363535,38322,4485896,0.533556,8407551
2,2021-05-01,61518,7277084,37612,3668414,22355,3343651,1551,265019,23962,1418524,0.16872,37286,3093728,0.36797,26356,4512252,0.53669,8407551
2,2021-05-02,29049,7306133,20137,3688551,7941,3351592,971,265990,11050,1412751,0.168034,17880,3111608,0.370097,12107,4524359,0.53813,8407551
2,2021-05-03,59618,7365751,35297,3723848,22285,3373877,2036,268026,20086,1395843,0.166023,39292,3150900,0.37477,22384,4546743,0.540793,8407551
2,2021-05-04,77921,7443672,46127,3769975,29432,3403309,2362,270388,25463,1371910,0.163176,52153,3203053,0.380973,28220,4574963,0.544149,8407551
2,2021-05-05,78184,7521856,46151,3816126,29694,3433003,2339,272727,24440,1345641,0.160051,53390,3256443,0.387324,27121,4602084,0.547375,8407551
2,2021-05-06,80619,7602475,48456,3864582,29261,3462264,2902,275629,24669,1318315,0.156801,55532,3311975,0.393929,28206,4630290,0.55073,8407551
2,2021-05-07,81867,7684342,47023,3911605,32422,3494686,2422,278051,25215,1290080,0.153443,56326,3368301,0.400628,28091,4658381,0.554071,8407551
2,2021-05-08,53400,7737742,32187,3943792,19516,3514202,1697,279748,16790,1272895,0.151399,36396,3404697,0.404957,19211,4677592,0.556356,8407551
2,2021-05-09,21266,7759008,15276,3959068,5251,3519453,739,280487,6385,1265442,0.150513,14807,3419504,0.406718,7354,4684946,0.557231,8407551
2,2021-05-10,48812,7807820,26455,3985523,20504,3539957,1853,282340,13945,1247199,0.148343,34647,3454151,0.410839,16404,4701350,0.559182,8407551
2,2021-05-11,63591,7871411,33773,4019296,27734,3567691,2084,284424,19266,1225159,0.145721,44064,3498215,0.41608,22024,4723374,0.561801,8407551
2,2021-05-12,63386,7934797,33725,4053021,27475,3595166,2186,286610,19472,1203556,0.143152,43648,3541863,0.421272,22045,4745419,0.564423,8407551
2,2021-05-13,68591,8003388,39933,4092954,26756,3621922,1902,288512,25614,1189070,0.141429,42724,3584587,0.426353,28238,4773657,0.567782,8407551
2,2021-05-14,77685,8081073,46360,4139314,29103,3651025,2222,290734,30186,1174961,0.139751,47165,3631752,0.431963,33056,4806713,0.571714,8407551
2,2021-05-15,65188,8146261,42761,4182075,20722,3671747,1705,292439,25231,1162521,0.138271,39742,3671494,0.43669,27302,4834015,0.574961,8407551
2,2021-05-16,30581,8176842,22764,4204839,6899,3678646,918,293357,12356,1157811,0.137711,18110,3689604,0.438844,13400,4847415,0.576555,8407551
2,2021-05-17,57290,8234132,36283,4241122,19080,3697726,1927,295284,22923,1148854,0.136645,34166,3723770,0.442908,25209,4872624,0.579553,8407551
2,2021-05-18,69231,8303363,40388,4281510,26896,3724622,1947,297231,27819,1137995,0.135354,41165,3764935,0.447804,30306,4902930,0.583158,8407551
2,2021-05-19,67933,8371296,40239,4321749,25728,3750350,1966,299197,27598,1127960,0.13416,40060,3804995,0.452569,30025,4932955,0.586729,8407551
2,2021-05-20,68242,8439538,39510,4361259,26574,3776924,2158,301355,26476,1115718,0.132704,41470,3846465,0.457501,29228,4962183,0.590206,8407551
2,2021-05-21,71666,8511204,42300,4403559,27232,3804156,2134,303489,28095,1103246,0.131221,43249,3889714,0.462645,30777,4992960,0.593866,8407551
2,2021-05-22,52580,8563784,33236,4436795,17618,3821774,1726,305215,21893,1096902,0.130466,30486,3920200,0.466271,24142,5017102,0.596738,8407551
2,2021-05-23,23259,8587043,15818,4452613,6719,3828493,722,305937,9986,1094588,0.130191,13156,3933356,0.467836,10842,5027944,0.598027,8407551
2,2021-05-24,43385,8630428,24348,4476961,17298,3845791,1739,307676,16619,1086722,0.129255,26562,3959918,0.470995,18696,5046640,0.600251,8407551
2,2021-05-25,50316,8680744,29523,4506484,18939,3864730,1854,309530,19419,1077920,0.128209,30608,3990526,0.474636,21806,5068446,0.602845,8407551
2,2021-05-26,48227,8728971,27093,4533577,19472,3884202,1662,311192,19240,1070486,0.127324,28674,4019200,0.478046,21240,5089686,0.605371,8407551
2,2021-05-27,46250,8775221,26208,4559785,18303,3902505,1739,312931,18854,1064383,0.126598,27172,4046372,0.481278,21069,5110755,0.607877,8407551
2,2021-05-28,49500,8824721,27399,4587184,20153,3922658,1948,314879,21068,1059628,0.126033,28194,4074566,0.484632,23439,5134194,0.610665,8407551
2,2021-05-29,28723,8853444,17175,4604359,10501,3933159,1047,315926,13436,1059130,0.125974,15145,4089711,0.486433,14647,5148841,0.612407,8407551
2,2021-05-30,12502,8865946,8035,4612394,3710,3936869,757,316683,5593,1058683,0.12592,6866,4096577,0.48725,6419,5155260,0.61317,8407551
2,2021-05-31,5847,8871793,3414,4615808,2131,3939000,302,316985,1839,1056910,0.12571,3964,4100541,0.487721,2191,5157451,0.613431,8407551
2,2021-06-01,44247,8916040,25509,4641317,17163,3956163,1575,318560,16169,1047218,0.124557,27812,4128353,0.491029,18120,5175571,0.615586,8407551
2,2021-06-02,37852,8953892,22269,4663586,14190,3970353,1393,319953,15248,1041783,0.12391,22365,4150718,0.493689,16930,5192501,0.6176,8407551
2,2021-06-03,40971,8994863,26420,4690006,13121,3983474,1430,321383,14223,1031291,0.122662,26527,4177245,0.496844,16035,5208536,0.619507,8407551
2,2021-06-04,47440,9042303,30958,4720964,14966,3998440,1516,322899,15860,1017874,0.121067,31312,4208557,0.500569,17895,5226431,0.621635,8407551
2,2021-06-05,37361,9079664,26658,4747622,9273,4007713,1430,324329,12041,1006646,0.119731,25107,4233664,0.503555,13879,5240310,0.623286,8407551
2,2021-06-06,14601,9094265,11972,4759594,2050,4009763,579,324908,4950,1002758,0.119269,9595,4243259,0.504696,5707,5246017,0.623965,8407551
2,2021-06-07,32834,9127099,23001,4782595,8574,4018337,1259,326167,10890,993333,0.118148,21811,4265070,0.50729,12386,5258403,0.625438,8407551
2,2021-06-08,40216,9167315,28546,4811141,10317,4028654,1353,327520,12691,980457,0.116616,27289,4292359,0.510536,14413,5272816,0.627152,8407551
2,2021-06-09,37658,9204973,26344,4837485,9832,4038486,1482,329002,11515,967814,0.115112,25960,4318319,0.513624,13317,5286133,0.628736,8407551
2,2021-06-10,37255,9242228,25957,4863442,9814,4048300,1484,330486,11718,956133,0.113723,25342,4343661,0.516638,13661,5299794,0.630361,8407551
2,2021-06-11,40586,9282814,26902,4890344,12039,4060339,1645,332131,13184,944092,0.112291,27155,4370816,0.519868,15114,5314908,0.632159,8407551
2,2021-06-12,28966,9311780,21337,4911681,6726,4067065,903,333034,8639,933630,0.111047,20206,4391022,0.522271,9744,5324652,0.633318,8407551
2,2021-06-13,12007,9323787,8740,4920421,2658,4069723,609,333643,3140,928742,0.110465,8804,4399826,0.523318,3916,5328568,0.633784,8407551
2,2021-06-14,29365,9353152,20868,4941289,7341,4077064,1156,334799,10563,922005,0.109664,18657,4418483,0.525537,11920,5340488,0.635201,8407551
2,2021-06-15,35113,9388265,23388,4964677,9715,4086779,2010,336809,12001,913478,0.10865,22896,4441379,0.528261,14369,5354857,0.63691,8407551
2,2021-06-16,32151,9420416,22130,4986807,8274,4095053,1747,338556,11204,905925,0.107751,20786,4462165,0.530733,13233,5368090,0.638484,8407551
2,2021-06-17,25516,9445932,16786,5003593,7171,4102224,1559,340115,8917,900117,0.107061,16460,4478625,0.532691,10652,5378742,0.639751,8407551
2,2021-06-18,18087,9464019,11929,5015522,4895,4107119,1263,341378,6420,896411,0.10662,11537,4490162,0.534063,7831,5386573,0.640683,8407551
3,2020-12-15,301,301,301,301,0,0,0,0,301,301,3.7e-05,0,0,0.0,301,301,3.7e-05,8129050
3,2020-12-16,2312,2613,2312,2613,0,0,0,0,2313,2614,0.000322,0,0,0.0,2313,2614,0.000322,8129050
3,2020-12-17,7802,10415,7802,10415,0,0,0,0,7802,10416,0.001281,0,0,0.0,7802,10416,0.001281,8129050
3,2020-12-18,13354,23769,13341,23756,13,13,0,0,13354,23770,0.002924,0,0,0.0,13354,23770,0.002924,8129050
3,2020-12-19,7200,30969,7189,30945,11,24,0,0,7264,31034,0.003818,0,0,0.0,7264,31034,0.003818,8129050
3,2020-12-20,5648,36617,5641,36586,7,31,0,0,5695,36728,0.004518,1,1,0.0,5695,36729,0.004518,8129050
3,2020-12-21,14329,50946,14304,50890,25,56,0,0,14392,51119,0.006288,1,2,0.0,14392,51121,0.006289,8129050
3,2020-12-22,14764,65710,14187,65077,577,633,0,0,14804,65923,0.00811,0,2,0.0,14804,65925,0.00811,8129050
3,2020-12-23,14779,80489,12175,77252,2604,3237,0,0,14806,80729,0.009931,1,3,0.0,14807,80732,0.009931,8129050
3,2020-12-24,6786,87275,4855,82107,1931,5168,0,0,6784,87512,0.010765,1,4,0.0,6784,87516,0.010766,8129050
3,2020-12-25,722,87997,665,82772,57,5225,0,0,721,88233,0.010854,0,4,0.0,721,88237,0.010855,8129050
3,2020-12-26,4607,92604,2995,85767,1612,6837,0,0,4605,92838,0.011421,0,4,0.0,4605,92842,0.011421,8129050
3,2020-12-27,2978,95582,1851,87618,1127,7964,0,0,2978,95816,0.011787,0,4,0.0,2978,95820,0.011787,8129050
3,2020-12-28,13579,109161,8687,96305,4892,12856,0,0,13605,109420,0.01346,1,5,1e-06,13605,109425,0.013461,8129050
3,2020-12-29,14997,124158,8452,104757,6545,19401,0,0,15024,124442,0.015308,2,7,1e-06,15024,124449,0.015309,8129050
3,2020-12-30,18007,142165,10025,114782,7982,27383,0,0,17995,142437,0.017522,1,8,1e-06,17996,142445,0.017523,8129050
3,2020-12-31,8425,150590,3234,118016,5191,32574,0,0,8425,150861,0.018558,1,9,1e-06,8425,150870,0.018559,8129050
3,2021-01-01,1331,151921,617,118633,714,33288,0,0,1328,152188,0.018721,1,10,1e-06,1328,152198,0.018723,8129050
3,2021-01-02,4933,156854,2419,121052,2514,35802,0,0,4933,157121,0.019328,0,10,1e-06,4933,157131,0.01933,8129050
3,2021-01-03,1610,158464,845,121897,765,36567,0,0,1600,158717,0.019525,4,14,2e-06,1600,158731,0.019526,8129050
3,2021-01-04,11994,170458,5965,127862,6029,42596,0,0,11968,170678,0.020996,7,21,3e-06,11968,170699,0.020999,8129050
3,2021-01-05,15643,186101,8094,135956,7549,50145,0,0,14027,183127,0.022527,1604,1625,0.0002,14053,184752,0.022727,8129050
3,2021-01-06,20513,206614,10824,146780,9689,59834,0,0,16049,194761,0.023959,4423,6048,0.000744,16057,200809,0.024703,8129050
3,2021-01-07,26484,233098,15121,161901,11363,71197,0,0,17146,202614,0.024925,9309,15357,0.001889,17162,217971,0.026814,8129050
3,2021-01-08,30359,263457,18522,180423,11837,83034,0,0,18034,208366,0.025632,12304,27661,0.003403,18056,236027,0.029035,8129050
3,2021-01-09,12377,275834,6994,187417,5383,88417,0,0,7870,211746,0.026048,4500,32161,0.003956,7880,243907,0.030004,8129050
3,2021-01-10,7180,283014,4456,191873,2724,91141,0,0,4045,212663,0.026161,3133,35294,0.004342,4050,247957,0.030503,8129050
3,2021-01-11,28990,312004,18976,210849,10014,101155,0,0,16399,216521,0.026635,12584,47878,0.00589,16442,264399,0.032525,8129050
3,2021-01-12,32243,344247,19285,230134,12958,114113,0,0,19796,223974,0.027552,12428,60306,0.007419,19881,284280,0.034971,8129050
3,2021-01-13,34421,378668,17957,248091,16464,130577,0,0,24251,238073,0.029287,10170,70476,0.00867,24269,308549,0.037956,8129050
3,2021-01-14,34533,413201,14177,262268,20356,150933,0,0,28644,260893,0.032094,5859,76335,0.00939,28679,337228,0.041484,8129050
3,2021-01-15,38835,452036,14433,276701,24402,175335,0,0,34171,290485,0.035734,4655,80990,0.009963,34247,371475,0.045697,8129050
3,2021-01-16,21613,473649,7419,284120,14194,189529,0,0,19295,307497,0.037827,2304,83294,0.010246,19316,390791,0.048073,8129050
3,2021-01-17,13120,486769,4445,288565,8675,198204,0,0,12084,318566,0.039189,1034,84328,0.010374,12103,402894,0.049562,8129050
3,2021-01-18,24774,511543,12948,301513,11826,210030,0,0,19231,332280,0.040876,5560,89888,0.011058,19274,422168,0.051933,8129050
3,2021-01-19,40888,552431,20899,322412,19989,230019,0,0,31822,355146,0.043688,9042,98930,0.01217,31908,454076,0.055858,8129050
3,2021-01-20,45292,597723,22312,344724,22980,252999,0,0,35945,381872,0.046976,9305,108235,0.013315,36031,490107,0.060291,8129050
3,2021-01-21,47722,645445,20621,365345,27101,280100,0,0,42262,418819,0.051521,5388,113623,0.013977,42335,532442,0.065499,8129050
3,2021-01-22,49686,695131,19798,385143,29888,309988,0,0,45547,460297,0.056624,4141,117764,0.014487,45619,578061,0.071111,8129050
3,2021-01-23,30198,725329,12804,397947,17394,327382,0,0,26921,484006,0.05954,3267,121031,0.014889,26976,605037,0.074429,8129050
3,2021-01-24,17664,742993,8503,406450,9161,336543,0,0,16508,499391,0.061433,1154,122185,0.015031,16539,621576,0.076464,8129050
3,2021-01-25,40680,783673,18154,424604,22526,359069,0,0,30746,520309,0.064006,9913,132098,0.01625,30831,652407,0.080256,8129050
3,2021-01-26,47144,830817,22560,447164,24584,383653,0,0,37070,547419,0.067341,10063,142161,0.017488,37173,689580,0.084829,8129050
3,2021-01-27,51354,882171,24492,471656,26862,410515,0,0,40782,577779,0.071076,10502,152663,0.01878,40862,730442,0.089856,8129050
3,2021-01-28,51716,933887,24055,495711,27661,438176,0,0,42818,611841,0.075266,8812,161475,0.019864,42874,773316,0.09513,8129050
3,2021-01-29,50828,984715,24486,520197,26342,464518,0,0,41193,643634,0.079177,9449,170924,0.021026,41242,814558,0.100203,8129050
3,2021-01-30,37178,1021893,17846,538043,19332,483850,0,0,32492,671573,0.082614,4633,175557,0.021596,32572,847130,0.10421,8129050
3,2021-01-31,22283,1044176,12823,550866,9460,493310,0,0,20899,691120,0.085019,1371,176928,0.021765,20918,868048,0.106783,8129050
3,2021-02-01,45781,1089957,21000,571866,24781,518091,0,0,35037,715495,0.088017,10700,187628,0.023081,35075,903123,0.111098,8129050
3,2021-02-02,54220,1144177,22601,594467,31619,549710,0,0,41848,745115,0.091661,12285,199913,0.024592,41905,945028,0.116253,8129050
3,2021-02-03,59811,1203988,26689,621156,33122,582832,0,0,44564,774669,0.095296,15088,215001,0.026448,44642,989670,0.121745,8129050
3,2021-02-04,64162,1268150,27911,649067,36251,619083,0,0,47085,804976,0.099025,16887,231888,0.028526,47194,1036864,0.12755,8129050
3,2021-02-05,69946,1338096,29729,678796,40217,659300,0,0,48466,832355,0.102393,21256,253144,0.031141,48635,1085499,0.133533,8129050
3,2021-02-06,43354,1381450,21029,699825,22325,681625,0,0,33773,856761,0.105395,9550,262694,0.032315,33956,1119455,0.13771,8129050
3,2021-02-07,19699,1401149,12548,712373,7151,688776,0,0,15164,867529,0.10672,4520,267214,0.032871,15288,1134743,0.139591,8129050
3,2021-02-08,51398,1452547,24971,737344,26427,715203,0,0,33790,884003,0.108746,17501,284715,0.035024,33975,1168718,0.143771,8129050
3,2021-02-09,58384,1510931,28499,765843,29885,745088,0,0,34289,894719,0.110064,23920,308635,0.037967,34636,1203354,0.148031,8129050
3,2021-02-10,67901,1578832,31685,797528,36216,781304,0,0,36792,901159,0.110857,30885,339520,0.041766,37325,1240679,0.152623,8129050
3,2021-02-11,70407,1649239,34775,832303,35632,816936,0,0,37802,907234,0.111604,32263,371783,0.045735,38338,1279017,0.157339,8129050
3,2021-02-12,75161,1724400,32596,864899,42565,859501,0,0,41561,916265,0.112715,33305,405088,0.049832,42336,1321353,0.162547,8129050
3,2021-02-13,44565,1768965,20323,885222,24242,883743,0,0,25718,923816,0.113644,18748,423836,0.052138,26299,1347652,0.165782,8129050
3,2021-02-14,27117,1796082,13555,898777,13562,897305,0,0,15140,927476,0.114094,11928,435764,0.053606,15588,1363240,0.1677,8129050
3,2021-02-15,39888,1835970,17171,915948,22717,920022,0,0,22099,932804,0.114749,17705,453469,0.055784,23033,1386273,0.170533,8129050
3,2021-02-16,69743,1905713,33043,948991,36700,956722,0,0,36270,936761,0.115236,33340,486809,0.059885,37297,1423570,0.175121,8129050
3,2021-02-17,71469,1977182,36189,985180,35280,992002,0,0,34017,934613,0.114972,37238,524047,0.064466,35090,1458660,0.179438,8129050
3,2021-02-18,76618,2053800,40054,1025234,36564,1028566,0,0,35538,930566,0.114474,40931,564978,0.069501,36884,1495544,0.183975,8129050
3,2021-02-19,68464,2122264,39490,1064724,28974,1057540,0,0,34628,932155,0.11467,33733,598711,0.073651,35322,1530866,0.18832,8129050
3,2021-02-20,42174,2164438,26721,1091445,15453,1072993,0,0,22233,935033,0.115024,19852,618563,0.076093,22730,1553596,0.191117,8129050
3,2021-02-21,22910,2187348,19076,1110521,3834,1076827,0,0,10884,934350,0.11494,11949,630512,0.077563,11266,1564862,0.192502,8129050
3,2021-02-22,45401,2232749,29576,1140097,15825,1092652,0,0,21492,932493,0.114711,23832,654344,0.080495,21975,1586837,0.195206,8129050
3,2021-02-23,60917,2293666,33257,1173354,27660,1120312,0,0,26905,927516,0.114099,33868,688212,0.084661,28891,1615728,0.19876,8129050
3,2021-02-24,76803,2370469,37636,1210990,39167,1159479,0,0,34232,921853,0.113402,42407,730619,0.089878,36744,1652472,0.20328,8129050
3,2021-02-25,86193,2456662,41954,1252944,44239,1203718,0,0,43205,924891,0.113776,42759,773378,0.095138,45797,1698269,0.208914,8129050
3,2021-02-26,97122,2553784,44451,1297395,52671,1256389,0,0,51599,933507,0.114836,45184,818562,0.100696,53800,1752069,0.215532,8129050
3,2021-02-27,68406,2622190,31534,1328929,36869,1293258,3,3,36409,939416,0.115563,31811,850373,0.104609,37720,1789789,0.220172,8129050
3,2021-02-28,39409,2661599,23091,1352020,16316,1309574,2,5,20728,942563,0.11595,18532,868905,0.106889,21679,1811468,0.222839,8129050
3,2021-03-01,67700,2729299,36087,1388107,31590,1341164,23,28,37796,951990,0.11711,29731,898636,0.110546,39158,1850626,0.227656,8129050
3,2021-03-02,78009,2807308,38640,1426747,39362,1380526,7,35,45686,967558,0.119025,32196,930832,0.114507,47764,1898390,0.233532,8129050
3,2021-03-03,88781,2896089,42637,1469384,46127,1426653,17,52,49727,980698,0.120641,38865,969697,0.119288,52005,1950395,0.239929,8129050
3,2021-03-04,93086,2989175,45720,1515104,47350,1474003,16,68,53042,996189,0.122547,39842,1009539,0.124189,55333,2005728,0.246736,8129050
3,2021-03-05,89335,3078510,43922,1559026,45122,1519125,291,359,54609,1018805,0.125329,34506,1044045,0.128434,57122,2062850,0.253763,8129050
3,2021-03-06,64963,3143473,32948,1591974,29869,1548994,2146,2505,37322,1032242,0.126982,27508,1071553,0.131818,40945,2103795,0.2588,8129050
3,2021-03-07,37521,3180994,22429,1614403,13954,1562948,1138,3643,21653,1040389,0.127984,15812,1087365,0.133763,23959,2127754,0.261747,8129050
3,2021-03-08,58888,3239882,28141,1642544,27886,1590834,2861,6504,37401,1060858,0.130502,21344,1108709,0.136389,41813,2169567,0.266891,8129050
3,2021-03-09,76379,3316261,35470,1678014,36531,1627365,4378,10882,41304,1072751,0.131965,34958,1143667,0.140689,46851,2216418,0.272654,8129050
3,2021-03-10,82365,3398626,41212,1719226,35097,1662462,6056,16938,43178,1084400,0.133398,38991,1182658,0.145485,50640,2267058,0.278884,8129050
3,2021-03-11,96468,3495094,47143,1766369,40770,1703232,8555,25493,47483,1092795,0.134431,48743,1231401,0.151482,57138,2324196,0.285912,8129050
3,2021-03-12,101555,3596649,45407,1811776,44297,1747529,11851,37344,46707,1097886,0.135057,54647,1286048,0.158204,59738,2383934,0.293261,8129050
3,2021-03-13,69617,3666266,29602,1841378,32769,1780298,7246,44590,36620,1110238,0.136577,32887,1318935,0.16225,45239,2429173,0.298826,8129050
3,2021-03-14,40761,3707027,21536,1862914,15673,1795971,3552,48142,20817,1115367,0.137208,19874,1338809,0.164694,25003,2454176,0.301902,8129050
3,2021-03-15,75382,3782409,35815,1898729,35023,1830994,4544,52686,39917,1125560,0.138461,35276,1374085,0.169034,45469,2499645,0.307495,8129050
3,2021-03-16,94758,3877167,43688,1942417,46750,1877744,4320,57006,53610,1143477,0.140666,40944,1415029,0.174071,58861,2558506,0.314736,8129050
3,2021-03-17,97801,3974968,47606,1990023,45680,1923424,4515,61521,59713,1170513,0.143991,37877,1452906,0.17873,64913,2623419,0.322721,8129050
3,2021-03-18,102530,4077498,52116,2042139,45996,1969420,4418,65939,59362,1191934,0.146626,42930,1495836,0.184011,64351,2687770,0.330638,8129050
3,2021-03-19,102561,4180059,54987,2097126,43136,2012556,4438,70377,57632,1209875,0.148834,44686,1540522,0.189508,62627,2750397,0.338342,8129050
3,2021-03-20,71334,4251393,36847,2133973,30858,2043414,3629,74006,44241,1231335,0.151473,26921,1567443,0.19282,48381,2798778,0.344293,8129050
3,2021-03-21,35864,4287257,24458,2158431,9900,2053314,1506,75512,22398,1242341,0.152827,13378,1580821,0.194466,24384,2823162,0.347293,8129050
3,2021-03-22,70065,4357322,41195,2199626,26348,2079662,2522,78034,44936,1265889,0.155724,24930,1605751,0.197532,48478,2871640,0.353257,8129050
3,2021-03-23,89275,4446597,49309,2248935,37433,2117095,2533,80567,55107,1290308,0.158728,33932,1639683,0.201707,58351,2929991,0.360435,8129050
3,2021-03-24,98349,4544946,56656,2305591,38784,2155879,2909,83476,56566,1308936,0.16102,41452,1681135,0.206806,60080,2990071,0.367825,8129050
3,2021-03-25,106957,4651903,59454,2365045,44555,2200434,2948,86424,60737,1327353,0.163285,45916,1727051,0.212454,64333,3054404,0.375739,8129050
3,2021-03-26,110146,4762049,59199,2424244,47662,2248096,3285,89709,57353,1336337,0.16439,52503,1779554,0.218913,61487,3115891,0.383303,8129050
3,2021-03-27,74221,4836270,37815,2462059,33864,2281960,2542,92251,36189,1337906,0.164583,37835,1817389,0.223567,39404,3155295,0.388151,8129050
3,2021-03-28,44001,4880271,27853,2489912,15340,2297300,808,93059,22383,1340140,0.164858,21513,1838902,0.226214,23747,3179042,0.391072,8129050
3,2021-03-29,80318,4960589,42013,2531925,36469,2333769,1836,94895,44297,1351287,0.166229,35800,1874702,0.230618,46947,3225989,0.396847,8129050
3,2021-03-30,99918,5060507,49126,2581051,47163,2380932,3629,98524,56224,1368284,0.16832,43456,1918158,0.235963,60453,3286442,0.404284,8129050
3,2021-03-31,104619,5165126,56501,2637552,43298,2424230,4820,103344,56117,1381244,0.169915,48311,1966469,0.241906,61271,3347713,0.411821,8129050
3,2021-04-01,123195,5288321,62360,2699912,51155,2475385,9680,113024,66806,1402023,0.172471,56044,2022513,0.248801,76823,3424536,0.421271,8129050
3,2021-04-02,117606,5405927,57464,2757376,49851,2525236,10291,123315,62416,1420288,0.174718,54942,2077455,0.255559,73207,3497743,0.430277,8129050
3,2021-04-03,75885,5481812,38803,2796179,27863,2553099,9219,132534,37925,1429942,0.175905,37829,2115284,0.260213,47483,3545226,0.436118,8129050
3,2021-04-04,32334,5514146,17272,2813451,10862,2563961,4200,136734,14220,1430361,0.175957,18040,2133324,0.262432,18459,3563685,0.438389,8129050
3,2021-04-05,89034,5603180,45297,2858748,34633,2598594,9104,145838,43743,1438951,0.177013,45095,2178419,0.26798,53685,3617370,0.444993,8129050
3,2021-04-06,113050,5716230,55067,2913815,42829,2641423,15154,160992,53386,1448803,0.178225,59418,2237837,0.275289,69270,3686640,0.453514,8129050
3,2021-04-07,115945,5832175,60022,2973837,39662,2681085,16261,177253,56326,1462278,0.179883,59385,2297222,0.282594,72860,3759500,0.462477,8129050
3,2021-04-08,121222,5953397,60366,3034203,40766,2721851,20090,197343,56489,1475196,0.181472,64456,2361678,0.290523,77374,3836874,0.471995,8129050
3,2021-04-09,118029,6071426,58820,3093023,40103,2761954,19106,216449,52042,1481499,0.182247,65769,2427447,0.298614,72072,3908946,0.480861,8129050
3,2021-04-10,83592,6155018,37797,3130820,30576,2792530,15219,231668,34171,1482459,0.182366,49264,2476711,0.304674,50224,3959170,0.48704,8129050
3,2021-04-11,45098,6200116,24250,3155070,12849,2805379,7999,239667,17307,1480896,0.182173,27708,2504419,0.308083,26145,3985315,0.490256,8129050
3,2021-04-12,83756,6283872,42348,3197418,32655,2838034,8753,248420,38203,1483597,0.182506,45346,2549765,0.313661,48047,4033362,0.496166,8129050
3,2021-04-13,105204,6389076,57007,3254425,47984,2886018,213,248633,55773,1491261,0.183448,49218,2598983,0.319715,56882,4090244,0.503164,8129050
3,2021-04-14,107238,6496314,58618,3313043,48523,2934541,97,248730,53591,1493029,0.183666,53381,2652364,0.326282,55149,4145393,0.509948,8129050
3,2021-04-15,119204,6615518,67159,3380202,51978,2986519,67,248797,64307,1503622,0.184969,54623,2706987,0.333002,65216,4210609,0.517971,8129050
3,2021-04-16,115044,6730562,64625,3444827,50324,3036843,95,248892,60383,1510449,0.185809,54392,2761379,0.339693,61219,4271828,0.525502,8129050
3,2021-04-17,78760,6809322,43090,3487917,35658,3072501,12,248904,43961,1520841,0.187087,34598,2795977,0.343949,44990,4316818,0.531036,8129050
3,2021-04-18,37278,6846600,22143,3510060,15132,3087633,3,248907,17574,1519707,0.186948,19617,2815594,0.346362,18483,4335301,0.53331,8129050
3,2021-04-19,78538,6925138,43806,3553866,34680,3122313,52,248959,35581,1513117,0.186137,42784,2858378,0.351625,36194,4371495,0.537762,8129050
3,2021-04-20,98425,7023563,50985,3604851,47424,3169737,16,248975,48041,1512087,0.18601,50174,2908552,0.357797,49144,4420639,0.543808,8129050
3,2021-04-21,101407,7124970,55774,3660625,45566,3215303,67,249042,48059,1508155,0.185527,53055,2961607,0.364324,49123,4469762,0.54985,8129050
3,2021-04-22,109056,7234026,60727,3721352,48309,3263612,20,249062,47041,1494447,0.18384,61724,3023331,0.371917,48016,4517778,0.555757,8129050
3,2021-04-23,103361,7337387,58490,3779842,44848,3308460,23,249085,45402,1483230,0.18246,57635,3080966,0.379007,46418,4564196,0.561467,8129050
3,2021-04-24,72997,7410384,45231,3825073,27704,3336164,62,249147,35648,1482815,0.182409,37107,3118073,0.383572,36692,4600888,0.565981,8129050
3,2021-04-25,36309,7446693,23377,3848450,12919,3349083,13,249160,18727,1484489,0.182615,17456,3135529,0.385719,19130,4620018,0.568334,8129050
3,2021-04-26,72485,7519178,40683,3889133,31407,3380490,395,249555,30987,1475940,0.181564,41267,3176796,0.390795,32718,4652736,0.572359,8129050
3,2021-04-27,89679,7608857,46735,3935868,41211,3421701,1733,251288,35631,1460299,0.17964,53769,3230565,0.39741,38128,4690864,0.577049,8129050
3,2021-04-28,84827,7693684,47699,3983567,35010,3456711,2118,253406,34749,1447879,0.178112,49814,3280379,0.403538,37394,4728258,0.58165,8129050
3,2021-04-29,86965,7780649,49272,4032839,35507,3492218,2186,255592,30991,1425841,0.175401,55696,3336075,0.410389,33658,4761916,0.58579,8129050
3,2021-04-30,88610,7869259,49679,4082518,36457,3528675,2474,258066,32843,1406142,0.172977,55474,3391549,0.417213,35775,4797691,0.590191,8129050
3,2021-05-01,54632,7923891,34431,4116949,18758,3547433,1443,259509,19675,1392979,0.171358,34765,3426314,0.42149,21602,4819293,0.592848,8129050
3,2021-05-02,26767,7950658,18262,4135211,7495,3554928,1010,260519,9821,1387050,0.170629,16859,3443173,0.423564,10930,4830223,0.594193,8129050
3,2021-05-03,58984,8009642,34501,4169712,22136,3577064,2347,262866,17313,1365400,0.167966,41490,3484663,0.428668,19840,4850063,0.596633,8129050
3,2021-05-04,75648,8085290,43254,4212966,29750,3606814,2644,265510,22111,1337163,0.164492,53274,3537937,0.435221,25037,4875100,0.599713,8129050
3,2021-05-05,77048,8162338,45832,4258798,28535,3635349,2681,268191,21504,1306345,0.160701,55257,3593194,0.442019,24439,4899539,0.60272,8129050
3,2021-05-06,81502,8243840,51182,4309980,27808,3663157,2512,270703,20340,1269016,0.156109,60731,3653925,0.44949,23402,4922941,0.605599,8129050
3,2021-05-07,80984,8324824,50237,4360217,28141,3691298,2606,273309,21557,1234355,0.151845,59112,3713037,0.456761,24451,4947392,0.608606,8129050
3,2021-05-08,50655,8375479,31195,4391412,17769,3709067,1691,275000,13494,1212869,0.149202,36929,3749966,0.461304,15443,4962835,0.610506,8129050
3,2021-05-09,20354,8395833,14789,4406201,4788,3713855,777,275777,5550,1204543,0.148178,14720,3764686,0.463115,6394,4969229,0.611293,8129050
3,2021-05-10,46851,8442684,24978,4431179,19976,3733831,1897,277674,11102,1182235,0.145433,35566,3800252,0.46749,13258,4982487,0.612924,8129050
3,2021-05-11,61621,8504305,33824,4465003,25606,3759437,2191,279865,15713,1154894,0.14207,45696,3845948,0.473112,18355,5000842,0.615182,8129050
3,2021-05-12,62859,8567164,35887,4500890,24584,3784021,2388,282253,17106,1129151,0.138903,45533,3891481,0.478713,19790,5020632,0.617616,8129050
3,2021-05-13,73120,8640284,46133,4547023,25106,3809127,1881,284134,27296,1113330,0.136957,45604,3937085,0.484323,29783,5050415,0.62128,8129050
3,2021-05-14,78237,8718521,49411,4596434,26720,3835847,2106,286240,30790,1099620,0.13527,47200,3984285,0.490129,33490,5083905,0.6254,8129050
3,2021-05-15,61019,8779540,41995,4638429,17823,3853670,1201,287441,25203,1090596,0.13416,35637,4019922,0.494513,26613,5110518,0.628673,8129050
3,2021-05-16,31704,8811244,23762,4662191,7259,3860929,683,288124,12729,1085213,0.133498,18876,4038798,0.496835,13493,5124011,0.630333,8129050
3,2021-05-17,56250,8867494,35797,4697988,18627,3879556,1826,289950,21082,1073395,0.132044,34924,4073722,0.501131,23106,5147117,0.633176,8129050
3,2021-05-18,63631,8931125,37575,4735563,24220,3903776,1836,291786,24347,1060929,0.130511,39035,4112757,0.505933,26569,5173686,0.636444,8129050
3,2021-05-19,62878,8994003,38398,4773961,22762,3926538,1718,293504,25181,1050632,0.129244,37468,4150225,0.510542,27171,5200857,0.639787,8129050
3,2021-05-20,60404,9054407,35382,4809343,23210,3949748,1812,295316,22288,1037209,0.127593,37861,4188086,0.5152,24438,5225295,0.642793,8129050
3,2021-05-21,65027,9119434,39599,4848942,23343,3973091,2085,297401,23961,1022746,0.125814,40792,4228878,0.520218,26329,5251624,0.646032,8129050
3,2021-05-22,44935,9164369,29728,4878670,13746,3986837,1461,298862,18684,1017069,0.125115,26066,4254944,0.523425,20389,5272013,0.64854,8129050
3,2021-05-23,20544,9184913,14260,4892930,5641,3992478,643,299505,8928,1015214,0.124887,11539,4266483,0.524844,9684,5281697,0.649731,8129050
3,2021-05-24,38380,9223293,22244,4915174,14400,4006878,1736,301241,14255,1007441,0.123931,23961,4290444,0.527792,16188,5297885,0.651723,8129050
3,2021-05-25,42316,9265609,23877,4939051,16788,4023666,1651,302892,15297,997820,0.122747,26790,4317234,0.531087,17169,5315054,0.653835,8129050
3,2021-05-26,41962,9307571,24038,4963089,16214,4039880,1710,304602,16048,990072,0.121794,25637,4342871,0.534241,17889,5332943,0.656035,8129050
3,2021-05-27,38882,9346453,21735,4984824,15395,4055275,1752,306354,15452,984204,0.121072,23293,4366164,0.537106,17425,5350368,0.658179,8129050
3,2021-05-28,42291,9388744,23936,5008760,16592,4071867,1763,308117,17797,979758,0.120526,24319,4390483,0.540098,19873,5370241,0.660623,8129050
3,2021-05-29,23173,9411917,14145,5022905,8198,4080065,830,308947,11122,979891,0.120542,11937,4402420,0.541566,12070,5382311,0.662108,8129050
3,2021-05-30,10502,9422419,6811,5029716,3056,4083121,635,309582,4549,979224,0.12046,5890,4408310,0.542291,5223,5387534,0.662751,8129050
3,2021-05-31,4596,9427015,2652,5032368,1676,4084797,268,309850,1472,977891,0.120296,3098,4411408,0.542672,1765,5389299,0.662968,8129050
3,2021-06-01,37385,9464400,21548,5053916,14414,4099211,1423,311273,13815,969947,0.119319,23373,4434781,0.545547,15429,5404728,0.664866,8129050
3,2021-06-02,31295,9495695,18026,5071942,11867,4111078,1402,312675,11945,964263,0.118619,19156,4453937,0.547904,13472,5418200,0.666523,8129050
3,2021-06-03,39335,9535030,26943,5098885,10971,4122049,1421,314096,11921,950580,0.116936,27246,4481183,0.551255,13563,5431763,0.668192,8129050
3,2021-06-04,45780,9580810,32424,5131309,11831,4133880,1525,315621,13618,934188,0.11492,31940,4513123,0.555185,15548,5447311,0.670104,8129050
3,2021-06-05,34003,9614813,25657,5156966,7169,4141049,1177,316798,9001,919731,0.113141,24804,4537927,0.558236,10347,5457658,0.671377,8129050
3,2021-06-06,14307,9629120,11947,5168913,1796,4142845,564,317362,4033,914266,0.112469,10223,4548150,0.559493,4758,5462416,0.671962,8129050
3,2021-06-07,30086,9659206,21881,5190794,6943,4149788,1262,318624,8858,903405,0.111133,21100,4569250,0.562089,10239,5472655,0.673222,8129050
3,2021-06-08,34028,9693234,24467,5215261,8299,4158087,1262,319886,10165,891368,0.109652,23664,4592914,0.565,11627,5484282,0.674652,8129050
3,2021-06-09,32291,9725525,23362,5238623,7646,4165733,1283,321169,8782,878236,0.108037,23353,4616267,0.567873,10221,5494503,0.67591,8129050
3,2021-06-10,31975,9757500,23075,5261698,7409,4173142,1491,322660,9090,866258,0.106563,22749,4639016,0.570671,10771,5505274,0.677235,8129050
3,2021-06-11,34852,9792352,24618,5286316,8890,4182032,1344,324004,10458,854015,0.105057,24212,4663228,0.57365,11969,5517243,0.678707,8129050
3,2021-06-12,24683,9817035,18641,5304957,5161,4187193,881,324885,6590,843639,0.103781,17982,4681210,0.575862,7606,5524849,0.679643,8129050
3,2021-06-13,9916,9826951,7398,5312355,2036,4189229,482,325367,2396,839111,0.103224,7473,4688683,0.576781,2945,5527794,0.680005,8129050
3,2021-06-14,25317,9852268,18133,5330488,5798,4195027,1386,326753,8262,831960,0.102344,16925,4705608,0.578863,9774,5537568,0.681207,8129050
3,2021-06-15,28454,9880722,19304,5349792,7669,4202696,1481,328234,9723,824807,0.101464,18515,4724123,0.581141,11362,5548930,0.682605,8129050
3,2021-06-16,25197,9905919,17841,5367633,5991,4208687,1365,329599,8620,818532,0.100692,16412,4740535,0.58316,10137,5559067,0.683852,8129050
3,2021-06-17,21028,9926947,14733,5382366,5234,4213921,1061,330660,7328,813465,0.100069,13570,4754105,0.584829,8503,5567570,0.684898,8129050
3,2021-06-18,13708,9940655,9559,5391925,3196,4217117,953,331613,4625,810148,0.099661,8955,4763060,0.585931,5638,5573208,0.685592,8129050
4,2020-12-15,453,453,453,453,0,0,0,0,453,453,5.6e-05,0,0,0.0,453,453,5.6e-05,8037679
4,2020-12-16,3010,3463,3010,3463,0,0,0,0,3010,3463,0.000431,0,0,0.0,3010,3463,0.000431,8037679
4,2020-12-17,8850,12313,8850,12313,0,0,0,0,8850,12313,0.001532,0,0,0.0,8850,12313,0.001532,8037679
4,2020-12-18,15974,28287,15964,28277,10,10,0,0,15974,28287,0.003519,0,0,0.0,15974,28287,0.003519,8037679
4,2020-12-19,10280,38567,10271,38548,9,19,0,0,10215,38502,0.00479,0,0,0.0,10215,38502,0.00479,8037679
4,2020-12-20,7387,45954,7380,45928,7,26,0,0,7342,45844,0.005704,0,0,0.0,7342,45844,0.005704,8037679
4,2020-12-21,16321,62275,16296,62224,25,51,0,0,16255,62098,0.007726,1,1,0.0,16255,62099,0.007726,8037679
4,2020-12-22,17143,79418,16407,78631,736,787,0,0,17096,79193,0.009853,1,2,0.0,17096,79195,0.009853,8037679
4,2020-12-23,17046,96464,14338,92969,2708,3495,0,0,17015,96207,0.01197,1,3,0.0,17015,96210,0.01197,8037679
4,2020-12-24,8564,105028,5968,98937,2596,6091,0,0,8563,104769,0.013035,1,4,0.0,8563,104773,0.013035,8037679
4,2020-12-25,904,105932,799,99736,105,6196,0,0,904,105673,0.013147,0,4,0.0,904,105677,0.013148,8037679
4,2020-12-26,6179,112111,3897,103633,2282,8478,0,0,6179,111852,0.013916,0,4,0.0,6179,111856,0.013916,8037679
4,2020-12-27,3428,115539,1995,105628,1433,9911,0,0,3428,115280,0.014342,0,4,0.0,3428,115284,0.014343,8037679
4,2020-12-28,15057,130596,9296,114924,5761,15672,0,0,15029,130308,0.016212,1,5,1e-06,15029,130313,0.016213,8037679
4,2020-12-29,15371,145967,8518,123442,6853,22525,0,0,15337,145644,0.01812,1,6,1e-06,15337,145650,0.018121,8037679
4,2020-12-30,18943,164910,11082,134524,7861,30386,0,0,18932,164574,0.020475,2,8,1e-06,18932,164582,0.020476,8037679
4,2020-12-31,8275,173185,3349,137873,4926,35312,0,0,8263,172828,0.021502,9,17,2e-06,8263,172845,0.021504,8037679
4,2021-01-01,1452,174637,639,138512,813,36125,0,0,1450,174276,0.021682,2,19,2e-06,1450,174295,0.021685,8037679
4,2021-01-02,5722,180359,3234,141746,2488,38613,0,0,5721,179996,0.022394,1,20,2e-06,5721,180016,0.022397,8037679
4,2021-01-03,2138,182497,1270,143016,868,39481,0,0,2122,182114,0.022658,4,24,3e-06,2122,182138,0.022661,8037679
4,2021-01-04,12977,195474,7050,150066,5927,45408,0,0,12930,195015,0.024263,29,53,7e-06,12930,195068,0.024269,8037679
4,2021-01-05,16911,212385,9999,160065,6912,52320,0,0,14795,207730,0.025845,2092,2145,0.000267,14807,209875,0.026111,8037679
4,2021-01-06,21569,233954,13227,173292,8342,60662,0,0,15563,217354,0.027042,5952,8097,0.001007,15576,225451,0.028049,8037679
4,2021-01-07,27947,261901,17028,190320,10919,71581,0,0,16859,223202,0.027769,11029,19126,0.00238,16877,242328,0.030149,8037679
4,2021-01-08,32814,294715,21052,211372,11762,83343,0,0,18302,227081,0.028252,14442,33568,0.004176,18321,260649,0.032428,8037679
4,2021-01-09,16292,311007,9635,221007,6657,90000,0,0,9464,229748,0.028584,6809,40377,0.005023,9476,270125,0.033607,8037679
4,2021-01-10,8762,319769,5666,226673,3096,93096,0,0,4138,229288,0.028527,4606,44983,0.005597,4146,274271,0.034123,8037679
4,2021-01-11,33393,353162,21912,248585,11481,104577,0,0,18807,233587,0.029061,14550,59533,0.007407,18849,293120,0.036468,8037679
4,2021-01-12,38550,391712,22222,270807,16328,120905,0,0,24354,243847,0.030338,14133,73666,0.009165,24393,317513,0.039503,8037679
4,2021-01-13,38803,430515,19175,289982,19628,140533,0,0,27442,260013,0.032349,11304,84970,0.010571,27470,344983,0.042921,8037679
4,2021-01-14,39249,469764,15061,305043,24188,164721,0,0,32077,284995,0.035457,7124,92094,0.011458,32106,377089,0.046915,8037679
4,2021-01-15,45553,515317,15962,321005,29591,194312,0,0,39914,319380,0.039735,5585,97679,0.012153,39970,417059,0.051888,8037679
4,2021-01-16,28763,544080,9455,330460,19308,213620,0,0,25612,341896,0.042537,3116,100795,0.01254,25632,442691,0.055077,8037679
4,2021-01-17,19143,563223,6753,337213,12390,226010,0,0,17615,358023,0.044543,1502,102297,0.012727,17629,460320,0.05727,8037679
4,2021-01-18,29492,592715,13674,350887,15818,241828,0,0,23493,375644,0.046735,5902,108199,0.013461,23523,483843,0.060197,8037679
4,2021-01-19,46174,638889,23186,374073,22988,264816,0,0,36797,403198,0.050163,9319,117518,0.014621,36873,520716,0.064784,8037679
4,2021-01-20,51959,690848,27522,401595,24437,289253,0,0,41494,434387,0.054044,10365,127883,0.01591,41554,562270,0.069954,8037679
4,2021-01-21,56974,747822,25242,426837,31732,320985,0,0,50501,478528,0.059536,6406,134289,0.016707,50547,612817,0.076243,8037679
4,2021-01-22,55311,803133,22182,449019,33129,354114,0,0,50181,523707,0.065156,5036,139325,0.017334,50215,663032,0.08249,8037679
4,2021-01-23,39569,842702,17448,466467,22121,376235,0,0,35229,554635,0.069004,4331,143656,0.017873,35259,698291,0.086877,8037679
4,2021-01-24,23940,866642,10512,476979,13428,389663,0,0,22062,574844,0.071519,1870,145526,0.018105,22079,720370,0.089624,8037679
4,2021-01-25,48036,914678,22183,499162,25853,415516,0,0,36916,600727,0.074739,11089,156615,0.019485,36972,757342,0.094224,8037679
4,2021-01-26,57001,971679,29096,528258,27905,443421,0,0,44743,633325,0.078795,12205,168820,0.021004,44803,802145,0.099798,8037679
4,2021-01-27,56371,1028050,26861,555119,29510,472931,0,0,45370,667818,0.083086,10929,179749,0.022363,45422,847567,0.105449,8037679
4,2021-01-28,56732,1084782,25675,580794,31057,503988,0,0,46751,704716,0.087677,9897,189646,0.023595,46795,894362,0.111271,8037679
4,2021-01-29,56655,1141437,27215,608009,29440,533428,0,0,46291,740826,0.092169,10216,199862,0.024866,46326,940688,0.117035,8037679
4,2021-01-30,37925,1179362,17330,625339,20595,554023,0,0,32570,768116,0.095564,5305,205167,0.025526,32595,973283,0.12109,8037679
4,2021-01-31,23996,1203358,12653,637992,11343,565366,0,0,22375,788904,0.098151,1604,206771,0.025725,22392,995675,0.123876,8037679
4,2021-02-01,49936,1253294,24241,662233,25695,591061,0,0,38314,815682,0.101482,11579,218350,0.027166,38357,1034032,0.128648,8037679
4,2021-02-02,55503,1308797,25572,687805,29931,620992,0,0,42646,845592,0.105204,12792,231142,0.028757,42702,1076734,0.133961,8037679
4,2021-02-03,62177,1370974,30674,718479,31503,652495,0,0,47827,879238,0.10939,14240,245382,0.030529,47886,1124620,0.139919,8037679
4,2021-02-04,67524,1438498,31478,749957,36046,688541,0,0,50850,913670,0.113673,16521,261903,0.032584,50953,1175573,0.146258,8037679
4,2021-02-05,73325,1511823,34102,784059,39223,727764,0,0,51071,942882,0.117308,21996,283899,0.035321,51208,1226781,0.152629,8037679
4,2021-02-06,48498,1560321,26404,810463,22094,749858,0,0,36947,968512,0.120496,11516,295415,0.036754,37146,1263927,0.15725,8037679
4,2021-02-07,26608,1586929,17642,828105,8966,758824,0,0,20147,982463,0.122232,6435,301850,0.037554,20386,1284313,0.159787,8037679
4,2021-02-08,58686,1645615,30267,858372,28419,787243,0,0,38274,1000718,0.124503,20281,322131,0.040078,38536,1322849,0.164581,8037679
4,2021-02-09,67252,1712867,34280,892652,32972,820215,0,0,39543,1013028,0.126035,27637,349768,0.043516,39947,1362796,0.169551,8037679
4,2021-02-10,77240,1790107,38698,931350,38542,858757,0,0,41069,1018700,0.126741,35942,385710,0.047988,41614,1404410,0.174728,8037679
4,2021-02-11,81357,1871464,42550,973900,38807,897564,0,0,42022,1022279,0.127186,39111,424821,0.052854,42690,1447100,0.18004,8037679
4,2021-02-12,84183,1955647,37733,1011633,46450,944014,0,0,43412,1025911,0.127638,40569,465390,0.057901,44201,1491301,0.185539,8037679
4,2021-02-13,58528,2014175,29746,1041379,28782,972796,0,0,29839,1028090,0.127909,28560,493950,0.061454,30739,1522040,0.189363,8037679
4,2021-02-14,36720,2050895,19054,1060433,17666,990462,0,0,18878,1029835,0.128126,17790,511740,0.063668,19535,1541575,0.191794,8037679
4,2021-02-15,46086,2096981,21601,1082034,24485,1014947,0,0,23678,1032349,0.128439,22342,534082,0.066447,24856,1566431,0.194886,8037679
4,2021-02-16,80068,2177049,36717,1118751,43351,1058298,0,0,40746,1035089,0.12878,39225,573307,0.071327,41965,1608396,0.200107,8037679
4,2021-02-17,81427,2258476,38462,1157213,42965,1101263,0,0,38793,1032541,0.128463,42468,615775,0.076611,39920,1648316,0.205074,8037679
4,2021-02-18,83218,2341694,45807,1203020,37411,1138674,0,0,38466,1027898,0.127885,44588,660363,0.082158,39945,1688261,0.210043,8037679
4,2021-02-19,82514,2424208,51869,1254889,30645,1169319,0,0,41320,1028856,0.128004,41052,701415,0.087266,42010,1730271,0.21527,8037679
4,2021-02-20,48985,2473193,32683,1287572,16302,1185621,0,0,26748,1034120,0.128659,22176,723591,0.090025,27440,1757711,0.218684,8037679
4,2021-02-21,29289,2502482,23538,1311110,5751,1191372,0,0,14098,1033379,0.128567,15123,738714,0.091906,14382,1772093,0.220473,8037679
4,2021-02-22,53156,2555638,36488,1347598,16668,1208040,0,0,25805,1032372,0.128442,27255,765969,0.095297,26248,1798341,0.223739,8037679
4,2021-02-23,73960,2629598,41049,1388647,32911,1240951,0,0,32602,1025421,0.127577,41224,807193,0.100426,34273,1832614,0.228003,8037679
4,2021-02-24,88815,2718413,46917,1435564,41898,1282849,0,0,40117,1019201,0.126803,48491,855684,0.106459,42271,1874885,0.233262,8037679
4,2021-02-25,100004,2818417,52225,1487789,47779,1330628,0,0,47969,1017849,0.126635,51881,907565,0.112914,50529,1925414,0.239549,8037679
4,2021-02-26,106543,2924960,53826,1541615,52717,1383345,0,0,54585,1023055,0.127282,51731,959296,0.11935,56937,1982351,0.246632,8037679
4,2021-02-27,77177,3002137,42123,1583738,35048,1418393,6,6,41378,1030262,0.128179,35658,994954,0.123786,42865,2025216,0.251965,8037679
4,2021-02-28,47480,3049617,29531,1613269,17943,1436336,6,12,26570,1036956,0.129012,20766,1015720,0.12637,27460,2052676,0.255382,8037679
4,2021-03-01,77907,3127524,45778,1659047,32095,1468431,34,46,42993,1046503,0.1302,34669,1050389,0.130683,44216,2096892,0.260883,8037679
4,2021-03-02,85168,3212692,49041,1708088,36120,1504551,7,53,50357,1064002,0.132377,34651,1085040,0.134994,52150,2149042,0.267371,8037679
4,2021-03-03,100282,3312974,53423,1761511,46846,1551397,13,66,56039,1077776,0.13409,44045,1129085,0.140474,57819,2206861,0.274564,8037679
4,2021-03-04,97240,3410214,53998,1815509,43225,1594622,17,83,53562,1089662,0.135569,43472,1172557,0.145883,55358,2262219,0.281452,8037679
4,2021-03-05,94404,3504618,51018,1866527,43072,1637694,314,397,56049,1109800,0.138075,38155,1210712,0.15063,58293,2320512,0.288704,8037679
4,2021-03-06,76183,3580801,43010,1909537,30558,1668252,2615,3012,46844,1131380,0.14076,29227,1239939,0.154266,50807,2371319,0.295025,8037679
4,2021-03-07,42717,3623518,27307,1936844,14224,1682476,1186,4198,25618,1142236,0.14211,17035,1256974,0.156385,27891,2399210,0.298495,8037679
4,2021-03-08,66417,3689935,34832,1971676,28385,1710861,3200,7398,43896,1168265,0.145349,22406,1279380,0.159173,48435,2447645,0.304521,8037679
4,2021-03-09,81233,3771168,41179,2012855,34919,1745780,5135,12533,43937,1181316,0.146972,37138,1316518,0.163793,50189,2497834,0.310766,8037679
4,2021-03-10,90988,3862156,47030,2059885,36503,1782283,7455,19988,46023,1190970,0.148173,44799,1361317,0.169367,54453,2552287,0.31754,8037679
4,2021-03-11,100521,3962677,52783,2112668,39333,1821616,8405,28393,46584,1193366,0.148471,53720,1415037,0.17605,56116,2608403,0.324522,8037679
4,2021-03-12,104545,4067222,51597,2164265,42666,1864282,10282,38675,44764,1189858,0.148035,59539,1474576,0.183458,56031,2664434,0.331493,8037679
4,2021-03-13,81079,4148301,37745,2202010,34913,1899195,8421,47096,38123,1194721,0.14864,42831,1517407,0.188787,47694,2712128,0.337427,8037679
4,2021-03-14,49624,4197925,28408,2230418,17577,1916772,3639,50735,23318,1196094,0.148811,26219,1543626,0.192049,27592,2739720,0.34086,8037679
4,2021-03-15,83661,4281586,45027,2275445,34382,1951154,4252,54987,42794,1203342,0.149713,40647,1584273,0.197106,47895,2787615,0.346818,8037679
4,2021-03-16,107585,4389171,55898,2331343,48281,1999435,3406,58393,57093,1214273,0.151073,50275,1634548,0.203361,61206,2848821,0.354433,8037679
4,2021-03-17,106590,4495761,57434,2388777,45662,2045097,3494,61887,62602,1237193,0.153924,43744,1678292,0.208803,66664,2915485,0.362727,8037679
4,2021-03-18,106422,4602183,58942,2447719,43829,2088926,3651,65538,60481,1256084,0.156274,45687,1723979,0.214487,64578,2980063,0.370762,8037679
4,2021-03-19,110806,4712989,63651,2511370,41965,2130891,5190,70728,63182,1277470,0.158935,47394,1771373,0.220384,68780,3048843,0.379319,8037679
4,2021-03-20,83495,4796484,49016,2560386,31476,2162367,3003,73731,51282,1299989,0.161737,32083,1803456,0.224375,54602,3103445,0.386112,8037679
4,2021-03-21,47966,4844450,34777,2595163,10929,2173296,2260,75991,28403,1311560,0.163176,19452,1822908,0.226795,31023,3134468,0.389972,8037679
4,2021-03-22,81926,4926376,53532,2648695,25667,2198963,2727,78718,50924,1335142,0.16611,30788,1853696,0.230626,54370,3188838,0.396736,8037679
4,2021-03-23,104085,5030461,62216,2710911,39722,2238685,2147,80865,62013,1358031,0.168958,41814,1895510,0.235828,64703,3253541,0.404786,8037679
4,2021-03-24,113202,5143663,73177,2784088,37615,2276300,2410,83275,64005,1376116,0.171208,48791,1944301,0.241898,66876,3320417,0.413106,8037679
4,2021-03-25,116786,5260449,71970,2856058,42428,2318728,2388,85663,66967,1396587,0.173755,49367,1993668,0.24804,69838,3390255,0.421795,8037679
4,2021-03-26,119453,5379902,72594,2928652,43817,2362545,3042,88705,65480,1412068,0.175681,53643,2047311,0.254714,69124,3459379,0.430395,8037679
4,2021-03-27,91580,5471482,54271,2982923,35528,2398073,1781,90486,46509,1416000,0.17617,44846,2092157,0.260294,48778,3508157,0.436464,8037679
4,2021-03-28,55574,5527056,36726,3019649,17977,2416050,871,91357,29617,1421010,0.176794,25812,2117969,0.263505,30822,3538979,0.440299,8037679
4,2021-03-29,93356,5620412,56094,3075743,35187,2451237,2075,93432,50668,1431844,0.178141,42466,2160435,0.268788,53300,3592279,0.44693,8037679
4,2021-03-30,116896,5737308,63891,3139634,48854,2500091,4151,97583,69524,1458797,0.181495,47164,2207599,0.274656,74117,3666396,0.456151,8037679
4,2021-03-31,120771,5858079,71428,3211062,43022,2543113,6321,103904,67760,1480409,0.184184,52687,2260286,0.281211,74299,3740695,0.465395,8037679
4,2021-04-01,142256,6000335,81279,3292341,47769,2590882,13208,117112,83871,1519737,0.189077,57984,2318270,0.288425,97312,3838007,0.477502,8037679
4,2021-04-02,136339,6136674,73002,3365343,49785,2640667,13552,130664,78926,1555434,0.193518,57138,2375408,0.295534,92835,3930842,0.489052,8037679
4,2021-04-03,101047,6237721,53973,3419316,33675,2674342,13399,144063,52732,1573715,0.195792,48125,2423533,0.301521,66406,3997248,0.497314,8037679
4,2021-04-04,46873,6284594,24732,3444048,14618,2688960,7523,151586,20441,1575395,0.196001,26334,2449867,0.304798,28014,4025262,0.500799,8037679
4,2021-04-05,109100,6393694,61434,3505482,34901,2723861,12765,164351,56998,1593848,0.198297,51910,2501777,0.311256,70363,4095625,0.509553,8037679
4,2021-04-06,138594,6532288,78019,3583501,40814,2764675,19761,184112,72085,1620058,0.201558,66291,2568068,0.319504,92501,4188126,0.521062,8037679
4,2021-04-07,137244,6669532,77792,3661293,38753,2803428,20699,204811,71199,1646480,0.204845,65803,2633871,0.32769,92225,4280351,0.532536,8037679
4,2021-04-08,139765,6809297,77879,3739172,36468,2839896,25418,230229,69566,1672191,0.208044,69932,2703803,0.336391,95643,4375994,0.544435,8037679
4,2021-04-09,137446,6946743,75420,3814592,39052,2878948,22974,253203,65756,1690504,0.210322,71478,2775281,0.345284,89791,4465785,0.555606,8037679
4,2021-04-10,103282,7050025,51217,3865809,33229,2912177,18836,272039,46508,1700352,0.211548,56571,2831852,0.352322,66419,4532204,0.56387,8037679
4,2021-04-11,62397,7112422,38055,3903864,13157,2925334,11185,283224,27417,1705161,0.212146,34886,2866738,0.356662,39695,4571899,0.568808,8037679
4,2021-04-12,102617,7215039,62428,3966292,30054,2955388,10135,293359,51889,1717970,0.21374,50443,2917181,0.362938,63252,4635151,0.576678,8037679
4,2021-04-13,130180,7345219,81681,4047973,48336,3003724,163,293522,78206,1745488,0.217163,51711,2968892,0.369372,79229,4714380,0.586535,8037679
4,2021-04-14,135361,7480580,86267,4134240,49017,3052741,77,293599,75145,1762044,0.219223,59903,3028795,0.376825,76459,4790839,0.596048,8037679
4,2021-04-15,156011,7636591,103884,4238124,52063,3104804,64,293663,96344,1799889,0.223931,59335,3088130,0.384207,97180,4888019,0.608138,8037679
4,2021-04-16,143048,7779639,90826,4328950,52144,3156948,78,293741,83687,1825367,0.227101,59080,3147210,0.391557,84558,4972577,0.618658,8037679
4,2021-04-17,100633,7880272,63521,4392471,37088,3194036,24,293765,59039,1844270,0.229453,41340,3188550,0.3967,60243,5032820,0.626153,8037679
4,2021-04-18,54399,7934671,36399,4428870,17997,3212033,3,293768,30966,1852899,0.230527,23316,3211866,0.399601,31945,5064765,0.630128,8037679
4,2021-04-19,100616,8035287,66430,4495300,34169,3246202,17,293785,51551,1856246,0.230943,48853,3260719,0.405679,52200,5116965,0.636622,8037679
4,2021-04-20,127712,8162999,74997,4570297,52701,3298903,14,293799,67132,1864214,0.231934,60313,3321032,0.413183,68281,5185246,0.645117,8037679
4,2021-04-21,127638,8290637,81856,4652153,45732,3344635,50,293849,64549,1867048,0.232287,62787,3383819,0.420995,65621,5250867,0.653282,8037679
4,2021-04-22,137327,8427964,90490,4742643,46815,3391450,22,293871,61521,1854214,0.23069,75483,3459302,0.430386,62649,5313516,0.661076,8037679
4,2021-04-23,130757,8558721,84426,4827069,46308,3437758,23,293894,56774,1838499,0.228735,73670,3532972,0.439551,57955,5371471,0.668286,8037679
4,2021-04-24,97431,8656152,66061,4893130,31321,3469079,49,293943,44834,1832105,0.22794,52332,3585304,0.446062,45938,5417409,0.674002,8037679
4,2021-04-25,49577,8705729,35257,4928387,14295,3483374,25,293968,26212,1835542,0.228367,23234,3608538,0.448953,26671,5444080,0.67732,8037679
4,2021-04-26,89588,8795317,58413,4986800,30779,3514153,396,294364,35344,1818624,0.226262,53974,3662512,0.455668,37056,5481136,0.68193,8037679
4,2021-04-27,111764,8907081,67967,5054767,41489,3555642,2308,296672,40240,1790718,0.22279,71232,3733744,0.46453,43326,5524462,0.687321,8037679
4,2021-04-28,101273,9008354,65721,5120488,33048,3588690,2504,299176,37074,1767007,0.21984,63928,3797672,0.472484,40217,5564679,0.692324,8037679
4,2021-04-29,102578,9110932,64988,5185476,35078,3623768,2512,301688,33029,1733871,0.215718,69250,3866922,0.481099,36114,5600793,0.696817,8037679
4,2021-04-30,102384,9213316,64563,5250039,35148,3658916,2673,304361,34961,1705052,0.212132,67085,3934007,0.489446,38266,5639059,0.701578,8037679
4,2021-05-01,68591,9281907,45702,5295741,21133,3680049,1756,306117,19897,1678860,0.208874,48474,3982481,0.495476,22282,5661341,0.70435,8037679
4,2021-05-02,37392,9319299,26541,5322282,9571,3689620,1280,307397,10497,1663986,0.207023,26796,4009277,0.49881,11922,5673263,0.705833,8037679
4,2021-05-03,78063,9397362,54419,5376701,21180,3710800,2464,309861,19138,1627236,0.202451,58697,4067974,0.506113,21947,5695210,0.708564,8037679
4,2021-05-04,98492,9495854,66852,5443553,28892,3739692,2748,312609,22319,1576746,0.196169,75927,4143901,0.515559,25437,5720647,0.711729,8037679
4,2021-05-05,99241,9595095,69525,5513078,26996,3766688,2720,315329,21598,1524000,0.189607,77345,4221246,0.525182,24599,5745246,0.714789,8037679
4,2021-05-06,109346,9704441,81657,5594735,24763,3791451,2926,318255,19390,1457900,0.181383,89531,4310777,0.536321,23431,5768677,0.717704,8037679
4,2021-05-07,103025,9807466,73881,5668616,26466,3817917,2678,320933,20387,1399057,0.174062,82309,4393086,0.546562,23466,5792143,0.720624,8037679
4,2021-05-08,66434,9873900,45461,5714077,19053,3836970,1920,322853,13161,1361423,0.16938,53068,4446154,0.553164,15434,5807577,0.722544,8037679
4,2021-05-09,33442,9907342,27299,5741376,5202,3842172,941,323794,7820,1344752,0.167306,25525,4471679,0.55634,8854,5816431,0.723646,8037679
4,2021-05-10,63201,9970543,42022,5783398,18877,3861049,2302,326096,11079,1306503,0.162547,51941,4523620,0.562802,13692,5830123,0.725349,8037679
4,2021-05-11,79097,10049640,48392,5831790,28533,3889582,2172,328268,15593,1261426,0.156939,63295,4586915,0.570677,18218,5848341,0.727616,8037679
4,2021-05-12,77376,10127016,51190,5882980,23742,3913324,2444,330712,18022,1223178,0.15218,59096,4646011,0.578029,20848,5869189,0.730209,8037679
4,2021-05-13,102163,10229179,75145,5958125,25500,3938824,1518,332230,40336,1204501,0.149857,61528,4707539,0.585684,42851,5912040,0.735541,8037679
4,2021-05-14,102442,10331621,72191,6030316,28153,3966977,2098,334328,40251,1185454,0.147487,61915,4769454,0.593387,42868,5954908,0.740874,8037679
4,2021-05-15,84194,10415815,65041,6095357,17834,3984811,1319,335647,37130,1177325,0.146476,46859,4816313,0.599217,38730,5993638,0.745693,8037679
4,2021-05-16,49221,10465036,39978,6135335,8551,3993362,692,336339,20119,1169295,0.145477,28974,4845287,0.602822,20944,6014582,0.748298,8037679
4,2021-05-17,70053,10535089,51117,6186452,17099,4010461,1837,338176,28207,1157899,0.144059,41660,4886947,0.608005,30264,6044846,0.752064,8037679
4,2021-05-18,80890,10615979,52612,6239064,26534,4036995,1744,339920,29475,1138402,0.141633,51071,4938018,0.614359,31574,6076420,0.755992,8037679
4,2021-05-19,75991,10691970,51482,6290546,22579,4059574,1930,341850,31676,1128220,0.140366,44063,4982081,0.619841,33881,6110301,0.760207,8037679
4,2021-05-20,67531,10759501,43295,6333841,22250,4081824,1986,343836,25839,1114935,0.138714,41440,5023521,0.624996,28155,6138456,0.76371,8037679
4,2021-05-21,72877,10832378,48199,6382040,22825,4104649,1853,345689,26726,1097870,0.13659,45897,5069418,0.630707,28832,6167288,0.767297,8037679
4,2021-05-22,49188,10881566,34509,6416549,13416,4118065,1263,346952,21471,1093242,0.136015,27572,5096990,0.634137,22944,6190232,0.770152,8037679
4,2021-05-23,22659,10904225,16213,6432762,5729,4123794,717,347669,9491,1090502,0.135674,13059,5110049,0.635762,10319,6200551,0.771436,8037679
4,2021-05-24,41599,10945824,26201,6458963,12413,4136207,2985,350654,14634,1081540,0.134559,26775,5136824,0.639093,17813,6218364,0.773652,8037679
4,2021-05-25,44550,10990374,27762,6486725,13983,4150190,2805,353459,16126,1072491,0.133433,28210,5165034,0.642603,19161,6237525,0.776036,8037679
4,2021-05-26,44125,11034499,26526,6513251,15020,4165210,2579,356038,16036,1063377,0.132299,27900,5192934,0.646074,18786,6256311,0.778373,8037679
4,2021-05-27,38592,11073091,23217,6536468,12235,4177445,3140,359178,14858,1057974,0.131627,23557,5216491,0.649005,18154,6274465,0.780631,8037679
4,2021-05-28,42928,11116019,27463,6563931,13877,4191322,1588,360766,19044,1055140,0.131274,23677,5240168,0.65195,20843,6295308,0.783225,8037679
4,2021-05-29,23352,11139371,15221,6579152,7202,4198524,929,361695,11198,1055350,0.1313,12041,5252209,0.653448,12251,6307559,0.784749,8037679
4,2021-05-30,11904,11151275,8357,6587509,3021,4201545,526,362221,5075,1054244,0.131163,6775,5258984,0.654291,5669,6313228,0.785454,8037679
4,2021-05-31,3525,11154800,2238,6589747,1128,4202673,159,362380,1140,1053209,0.131034,2356,5261340,0.654584,1321,6314549,0.785618,8037679
4,2021-06-01,39123,11193923,24395,6614142,12291,4214964,2437,364817,13769,1044455,0.129945,25169,5286509,0.657716,16415,6330964,0.787661,8037679
4,2021-06-02,32268,11226191,20181,6634323,9304,4224268,2783,367600,11160,1037597,0.129092,20947,5307456,0.660322,14089,6345053,0.789414,8037679
4,2021-06-03,47689,11273880,36609,6670932,8629,4232897,2451,370051,11112,1015022,0.126283,36435,5343891,0.664855,13860,6358913,0.791138,8037679
4,2021-06-04,54379,11328259,43859,6714791,9205,4242102,1315,371366,13635,990222,0.123198,40540,5384431,0.669899,15740,6374653,0.793096,8037679
4,2021-06-05,44333,11372592,37997,6752788,5345,4247447,991,372357,9193,965679,0.120144,34994,5419425,0.674252,10451,6385104,0.794396,8037679
4,2021-06-06,20940,11393532,18679,6771467,1706,4249153,555,372912,4651,955073,0.118824,16193,5435618,0.676267,5587,6390691,0.795092,8037679
4,2021-06-07,38383,11431915,31070,6802537,5398,4254551,1915,374827,8909,936805,0.116552,29354,5464972,0.679919,11086,6401777,0.796471,8037679
4,2021-06-08,40253,11472168,31616,6834153,6115,4260666,2522,377349,9700,918976,0.114334,30382,5495354,0.683699,12553,6414330,0.798033,8037679
4,2021-06-09,38587,11510755,30592,6864745,5643,4266309,2352,379701,8010,899269,0.111882,30421,5525775,0.687484,10714,6425044,0.799366,8037679
4,2021-06-10,36631,11547386,28863,6893608,5168,4271477,2600,382301,8676,882988,0.109856,27817,5553592,0.690945,11536,6436580,0.800801,8037679
4,2021-06-11,37793,11585179,29719,6923327,6073,4277550,2001,384302,9907,867489,0.107928,27749,5581341,0.694397,12250,6448830,0.802325,8037679
4,2021-06-12,26230,11611409,21845,6945172,3679,4281229,706,385008,6092,854452,0.106306,20047,5601388,0.696891,7010,6455840,0.803197,8037679
4,2021-06-13,10709,11622118,8451,6953623,1783,4283012,475,385483,2407,849189,0.105651,8248,5609636,0.697917,2985,6458825,0.803568,8037679
4,2021-06-14,28235,11650353,21119,6974742,4327,4287339,2789,388272,8130,840340,0.10455,19982,5629618,0.700403,11133,6469958,0.804954,8037679
4,2021-06-15,29613,11679966,20954,6995696,5273,4292612,3386,391658,8293,831078,0.103398,21185,5650803,0.703039,11923,6481881,0.806437,8037679
4,2021-06-16,26027,11705993,19606,7015302,3843,4296455,2578,394236,7952,823891,0.102504,17916,5668719,0.705268,10729,6492610,0.807772,8037679
4,2021-06-17,21648,11727641,15528,7030830,3382,4299837,2738,396974,6408,818131,0.101787,15079,5683798,0.707144,9319,6501929,0.808931,8037679
4,2021-06-18,13052,11740693,10282,7041112,2024,4301861,746,397720,3912,813810,0.101249,9053,5692851,0.708271,4732,6506661,0.80952,8037679
