vemquartile,administered_date,total_doses,cumulative_total_doses,pfizer_doses,cumulative_pfizer_doses,moderna_doses,cumulative_moderna_doses,jj_doses,cumulative_jj_doses,partially_vaccinated,total_partially_vaccinated,pct_age12pop_partially_vaccinated,fully_vaccinated,cumulative_fully_vaccinated,pct_age12pop_fully_vaccinated,at_least_one_dose,cumulative_at_least_one_dose,pct_age12pop_at_least_one_dose,age12_population
1,2020-12-15,148,148,148,148,0,0,0,0,148,148,1.7e-05,0,0,0.0,148,148,1.7e-05,8700223
1,2020-12-16,1179,1327,1179,1327,0,0,0,0,1179,1327,0.000153,0,0,0.0,1179,1327,0.000153,8700223
1,2020-12-17,4127,5454,4127,5454,0,0,0,0,4128,5455,0.000627,0,0,0.0,4128,5455,0.000627,8700223
1,2020-12-18,6264,11718,6244,11698,20,20,0,0,6265,11720,0.001347,0,0,0.0,6265,11720,0.001347,8700223
1,2020-12-19,2867,14585,2866,14564,1,21,0,0,2865,14584,0.001676,1,1,0.0,2865,14585,0.001676,8700223
1,2020-12-20,2112,16697,2107,16671,5,26,0,0,2113,16697,0.001919,0,1,0.0,2113,16698,0.001919,8700223
1,2020-12-21,7625,24322,7612,24283,13,39,0,0,7677,24374,0.002802,0,1,0.0,7677,24375,0.002802,8700223
1,2020-12-22,7286,31608,6944,31227,342,381,0,0,7289,31662,0.003639,1,2,0.0,7289,31664,0.003639,8700223
1,2020-12-23,7817,39425,6582,37809,1235,1616,0,0,7811,39473,0.004537,0,2,0.0,7811,39475,0.004537,8700223
1,2020-12-24,3298,42723,2359,40168,939,2555,0,0,3300,42773,0.004916,0,2,0.0,3300,42775,0.004917,8700223
1,2020-12-25,234,42957,151,40319,83,2638,0,0,234,43007,0.004943,0,2,0.0,234,43009,0.004943,8700223
1,2020-12-26,1359,44316,968,41287,391,3029,0,0,1358,44364,0.005099,1,3,0.0,1358,44367,0.0051,8700223
1,2020-12-27,864,45180,530,41817,334,3363,0,0,864,45228,0.005198,0,3,0.0,864,45231,0.005199,8700223
1,2020-12-28,7024,52204,4750,46567,2274,5637,0,0,7023,52251,0.006006,0,3,0.0,7023,52254,0.006006,8700223
1,2020-12-29,8806,61010,4946,51513,3860,9497,0,0,8803,61053,0.007017,1,4,0.0,8803,61057,0.007018,8700223
1,2020-12-30,11564,72574,6438,57951,5126,14623,0,0,11564,72617,0.008347,0,4,0.0,11564,72621,0.008347,8700223
1,2020-12-31,5930,78504,1952,59903,3978,18601,0,0,5929,78545,0.009028,1,5,1e-06,5929,78550,0.009029,8700223
1,2021-01-01,538,79042,183,60086,355,18956,0,0,538,79083,0.00909,0,5,1e-06,538,79088,0.00909,8700223
1,2021-01-02,2888,81930,1798,61884,1090,20046,0,0,2890,81973,0.009422,0,5,1e-06,2890,81978,0.009423,8700223
1,2021-01-03,1019,82949,593,62477,426,20472,0,0,1018,82990,0.009539,1,6,1e-06,1018,82996,0.00954,8700223
1,2021-01-04,7315,90264,3605,66082,3710,24182,0,0,7320,90309,0.01038,1,7,1e-06,7320,90316,0.010381,8700223
1,2021-01-05,10744,101008,5271,71353,5473,29655,0,0,9995,99593,0.011447,734,741,8.5e-05,10018,100334,0.011532,8700223
1,2021-01-06,13952,114960,7070,78423,6882,36537,0,0,12076,109836,0.012625,1839,2580,0.000297,12082,112416,0.012921,8700223
1,2021-01-07,17365,132325,9103,87526,8262,44799,0,0,12930,118436,0.013613,4337,6917,0.000795,12937,125353,0.014408,8700223
1,2021-01-08,20060,152385,10414,97940,9646,54445,0,0,14192,126780,0.014572,5853,12770,0.001468,14197,139550,0.01604,8700223
1,2021-01-09,6676,159061,3388,101328,3288,57733,0,0,4834,129792,0.014918,1826,14596,0.001678,4838,144388,0.016596,8700223
1,2021-01-10,3061,162122,1767,103095,1294,59027,0,0,1875,130498,0.014999,1170,15766,0.001812,1876,146264,0.016812,8700223
1,2021-01-11,18029,180151,11809,114904,6220,65247,0,0,11510,135552,0.01558,6493,22259,0.002558,11547,157811,0.018139,8700223
1,2021-01-12,18892,199043,10729,125633,8163,73410,0,0,12939,142614,0.016392,5912,28171,0.003238,12974,170785,0.01963,8700223
1,2021-01-13,19693,218736,10652,136285,9041,82451,0,0,14576,152111,0.017484,5093,33264,0.003823,14590,185375,0.021307,8700223
1,2021-01-14,21874,240610,9413,145698,12461,94912,0,0,19140,168618,0.019381,2676,35940,0.004131,19183,204558,0.023512,8700223
1,2021-01-15,25053,265663,9233,154931,15820,110732,0,0,23127,189916,0.021829,1877,37817,0.004347,23175,227733,0.026176,8700223
1,2021-01-16,13839,279502,4528,159459,9311,120043,0,0,12981,202043,0.023223,856,38673,0.004445,12983,240716,0.027668,8700223
1,2021-01-17,5177,284679,1990,161449,3187,123230,0,0,4810,206495,0.023734,363,39036,0.004487,4815,245531,0.028221,8700223
1,2021-01-18,14213,298892,8542,169991,5671,128901,0,0,11060,214458,0.02465,3141,42177,0.004848,11104,256635,0.029498,8700223
1,2021-01-19,24530,323422,12855,182846,11675,140576,0,0,19359,228712,0.026288,5156,47333,0.00544,19410,276045,0.031728,8700223
1,2021-01-20,28506,351928,14019,196865,14487,155063,0,0,22895,246083,0.028285,5559,52892,0.006079,22930,298975,0.034364,8700223
1,2021-01-21,30580,382508,14237,211102,16343,171406,0,0,27444,270528,0.031094,3078,55970,0.006433,27523,326498,0.037528,8700223
1,2021-01-22,28040,410548,11120,222222,16920,188326,0,0,26073,294700,0.033873,1927,57897,0.006655,26099,352597,0.040527,8700223
1,2021-01-23,18631,429179,8182,230404,10449,198775,0,0,16713,309518,0.035576,1904,59801,0.006874,16722,369319,0.042449,8700223
1,2021-01-24,6655,435834,4155,234559,2500,201275,0,0,6006,314886,0.036193,643,60444,0.006947,6011,375330,0.04314,8700223
1,2021-01-25,25003,460837,10393,244952,14610,215885,0,0,19375,328742,0.037785,5606,66050,0.007592,19462,394792,0.045377,8700223
1,2021-01-26,28356,489193,13307,258259,15049,230934,0,0,21813,344073,0.039548,6498,72548,0.008339,21829,416621,0.047886,8700223
1,2021-01-27,31522,520715,15317,273576,16205,247139,0,0,23611,359862,0.041362,7846,80394,0.00924,23635,440256,0.050603,8700223
1,2021-01-28,34419,555134,16166,289742,18253,265392,0,0,27665,380881,0.043778,6698,87092,0.01001,27717,467973,0.053789,8700223
1,2021-01-29,33239,588373,16311,306053,16928,282320,0,0,26822,401451,0.046143,6285,93377,0.010733,26855,494828,0.056875,8700223
1,2021-01-30,20096,608469,8743,314796,11353,293673,0,0,18011,417408,0.047977,2061,95438,0.01097,18018,512846,0.058946,8700223
1,2021-01-31,7532,616001,4926,319722,2606,296279,0,0,6891,423662,0.048696,640,96078,0.011043,6894,519740,0.059739,8700223
1,2021-02-01,28465,644466,12409,332131,16056,312335,0,0,20854,436952,0.050223,7569,103647,0.011913,20859,540599,0.062136,8700223
1,2021-02-02,31905,676371,11473,343604,20432,332767,0,0,24049,453242,0.052095,7792,111439,0.012809,24082,564681,0.064904,8700223
1,2021-02-03,39025,715396,14974,358578,24051,356818,0,0,28231,470838,0.054118,10666,122105,0.014035,28262,592943,0.068153,8700223
1,2021-02-04,43488,758884,16939,375517,26549,383367,0,0,31632,490766,0.056408,11751,133856,0.015385,31679,624622,0.071794,8700223
1,2021-02-05,46648,805532,17315,392832,29333,412700,0,0,30720,505729,0.058128,15810,149666,0.017203,30773,655395,0.075331,8700223
1,2021-02-06,26424,831956,10456,403288,15968,428668,0,0,20606,520569,0.059834,5783,155449,0.017867,20623,676018,0.077701,8700223
1,2021-02-07,6201,838157,3978,407266,2223,430891,0,0,4617,523636,0.060187,1568,157017,0.018047,4635,680653,0.078234,8700223
1,2021-02-08,31080,869237,14104,421370,16976,447867,0,0,20780,534264,0.061408,10239,167256,0.019224,20867,701520,0.080632,8700223
1,2021-02-09,38194,907431,16786,438156,21408,469275,0,0,23686,543464,0.062466,14558,181814,0.020898,23758,725278,0.083363,8700223
1,2021-02-10,46576,954007,21893,460049,24683,493958,0,0,26901,550846,0.063314,19596,201410,0.02315,26978,752256,0.086464,8700223
1,2021-02-11,51158,1005165,25114,485163,26044,520002,0,0,30843,561745,0.064567,20042,221452,0.025454,30941,783197,0.09002,8700223
1,2021-02-12,49289,1054454,21270,506433,28019,548021,0,0,28449,569580,0.065467,20745,242197,0.027838,28580,811777,0.093305,8700223
1,2021-02-13,26072,1080526,11338,517771,14734,562755,0,0,15147,573945,0.065969,10858,253055,0.029086,15223,827000,0.095055,8700223
1,2021-02-14,11585,1092111,5465,523236,6120,568875,0,0,6611,575673,0.066168,4948,258003,0.029655,6676,833676,0.095822,8700223
1,2021-02-15,23516,1115627,9248,532484,14268,583143,0,0,14355,581083,0.066789,9061,267064,0.030696,14471,848147,0.097486,8700223
1,2021-02-16,46361,1161988,22104,554588,24257,607400,0,0,27413,589721,0.067782,18887,285951,0.032867,27525,875672,0.100649,8700223
1,2021-02-17,47726,1209714,24069,578657,23657,631057,0,0,26000,594249,0.068303,21616,307567,0.035352,26144,901816,0.103654,8700223
1,2021-02-18,50142,1259856,24963,603620,25179,656236,0,0,26195,596905,0.068608,23752,331319,0.038082,26408,928224,0.10669,8700223
1,2021-02-19,45399,1305255,24565,628185,20834,677070,0,0,25756,603176,0.069329,19547,350866,0.040328,25818,954042,0.109657,8700223
1,2021-02-20,26806,1332061,16320,644505,10486,687556,0,0,15437,607357,0.069809,11332,362198,0.041631,15513,969555,0.11144,8700223
1,2021-02-21,11365,1343426,10130,654635,1235,688791,0,0,6800,609690,0.070078,4523,366721,0.042151,6856,976411,0.112228,8700223
1,2021-02-22,29873,1373299,19589,674224,10284,699075,0,0,17639,615245,0.070716,12183,378904,0.043551,17738,994149,0.114267,8700223
1,2021-02-23,42768,1416067,20878,695102,21890,720965,0,0,24022,621002,0.071378,18624,397528,0.045692,24381,1018530,0.117069,8700223
1,2021-02-24,52785,1468852,25554,720656,27231,748196,0,0,29799,628355,0.072223,22893,420421,0.048323,30246,1048776,0.120546,8700223
1,2021-02-25,64870,1533722,31503,752159,33367,781563,0,0,40900,645878,0.074237,23876,444297,0.051067,41399,1090175,0.125304,8700223
1,2021-02-26,72755,1606477,34139,786298,38616,820179,0,0,48357,670452,0.077061,24254,468551,0.053855,48828,1139003,0.130917,8700223
1,2021-02-27,49746,1656223,22939,809237,26801,846980,6,6,33163,687407,0.07901,16478,485029,0.055749,33433,1172436,0.134759,8700223
1,2021-02-28,19079,1675302,11359,820596,7719,854699,1,7,14100,696726,0.080081,4923,489952,0.056315,14242,1186678,0.136396,8700223
1,2021-03-01,43623,1718925,20069,840665,23532,878231,22,29,28340,710145,0.081624,15173,505125,0.058059,28592,1215270,0.139683,8700223
1,2021-03-02,61459,1780384,26768,867433,34687,912918,4,33,39716,728839,0.083772,21635,526760,0.060546,40329,1255599,0.144318,8700223
1,2021-03-03,68636,1849020,32476,899909,36145,949063,15,48,41821,744570,0.085581,26699,553459,0.063614,42430,1298029,0.149195,8700223
1,2021-03-04,77039,1926059,36120,936029,40886,989949,33,81,49650,767525,0.088219,27236,580695,0.066745,50191,1348220,0.154964,8700223
1,2021-03-05,76263,2002322,34662,970691,41398,1031347,203,284,51285,794860,0.091361,24783,605478,0.069593,52118,1400338,0.160954,8700223
1,2021-03-06,56912,2059234,27173,997864,28412,1059759,1327,1611,38785,817270,0.093937,18066,623544,0.07167,40476,1440814,0.165607,8700223
1,2021-03-07,20051,2079285,12801,1010665,6447,1066206,803,2414,15071,828444,0.095221,4962,628506,0.07224,16136,1456950,0.167461,8700223
1,2021-03-08,44039,2123324,21068,1031733,21117,1087323,1854,4268,30895,848459,0.097522,13072,641578,0.073743,33087,1490037,0.171264,8700223
1,2021-03-09,65478,2188802,31578,1063311,31429,1118752,2471,6739,40493,866886,0.09964,24881,666459,0.076603,43308,1533345,0.176242,8700223
1,2021-03-10,72120,2260922,36072,1099383,31683,1150435,4365,11104,44831,889292,0.102215,27161,693620,0.079724,49567,1582912,0.181939,8700223
1,2021-03-11,88551,2349473,40426,1139809,40203,1190638,7922,19026,51965,913278,0.104972,36370,729990,0.083905,60356,1643268,0.188877,8700223
1,2021-03-12,97054,2446527,42542,1182351,42179,1232817,12333,31359,56921,943081,0.108397,39956,769946,0.088497,69759,1713027,0.196895,8700223
1,2021-03-13,64285,2510812,29302,1211653,27228,1260045,7755,39114,40968,968970,0.111373,23213,793159,0.091165,49102,1762129,0.202538,8700223
1,2021-03-14,27495,2538307,14838,1226491,9102,1269147,3555,42669,15648,976577,0.112247,11797,804956,0.092521,19404,1781533,0.204769,8700223
1,2021-03-15,64247,2602554,28092,1254583,29487,1298634,6668,49337,38083,995677,0.114443,26003,830959,0.09551,45103,1826636,0.209953,8700223
1,2021-03-16,84630,2687184,38362,1292945,40722,1339356,5546,54883,52794,1022719,0.117551,31671,862630,0.09915,58713,1885349,0.216701,8700223
1,2021-03-17,91419,2778603,44096,1337041,40774,1380130,6549,61432,58968,1056310,0.121412,32295,894925,0.102862,65886,1951235,0.224274,8700223
1,2021-03-18,97287,2875890,49987,1387028,41694,1421824,5606,67038,59704,1084803,0.124687,37275,932200,0.107147,65768,2017003,0.231833,8700223
1,2021-03-19,102437,2978327,52959,1439987,43356,1465180,6122,73160,60830,1110870,0.127683,41364,973564,0.111901,67431,2084434,0.239584,8700223
1,2021-03-20,71808,3050135,36910,1476897,29664,1494844,5234,78394,46428,1137559,0.130751,25230,998794,0.114801,51919,2136353,0.245552,8700223
1,2021-03-21,26850,3076985,18751,1495648,6296,1501140,1803,80197,17401,1147468,0.131889,9381,1008175,0.115879,19290,2155643,0.247769,8700223
1,2021-03-22,58476,3135461,30064,1525712,25146,1526286,3266,83463,39796,1172379,0.134753,18507,1026682,0.118006,43418,2199061,0.252759,8700223
1,2021-03-23,81917,3217378,41530,1567242,36784,1563070,3603,87066,51012,1196727,0.137551,30724,1057406,0.121538,55072,2254133,0.259089,8700223
1,2021-03-24,86862,3304240,43836,1611078,38690,1601760,4336,91402,52817,1220232,0.140253,33827,1091233,0.125426,57332,2311465,0.265679,8700223
1,2021-03-25,95414,3399654,48508,1659586,41119,1642879,5787,97189,53912,1238928,0.142402,41232,1132465,0.130165,59928,2371393,0.272567,8700223
1,2021-03-26,103419,3503073,50472,1710058,46659,1689538,6288,103477,56264,1254906,0.144238,46878,1179343,0.135553,62856,2434249,0.279792,8700223
1,2021-03-27,73358,3576431,38123,1748181,31065,1720603,4170,107647,38238,1262588,0.145121,34928,1214271,0.139568,42610,2476859,0.284689,8700223
1,2021-03-28,32348,3608779,21175,1769356,9973,1730576,1200,108847,16643,1265158,0.145417,15605,1229876,0.141361,18175,2495034,0.286778,8700223
1,2021-03-29,66125,3674904,33214,1802570,29816,1760392,3095,111942,36947,1276393,0.146708,29024,1258900,0.144697,40259,2535293,0.291406,8700223
1,2021-03-30,90578,3765482,44661,1847231,39643,1800035,6274,118216,47215,1286766,0.1479,43229,1302129,0.149666,53602,2588895,0.297567,8700223
1,2021-03-31,99331,3864813,52048,1899279,41368,1841403,5915,124131,55203,1304105,0.149893,43877,1346006,0.154709,61216,2650111,0.304603,8700223
1,2021-04-01,109494,3974307,52806,1952085,48320,1889723,8368,132499,56667,1316710,0.151342,52523,1398529,0.160746,65128,2715239,0.312088,8700223
1,2021-04-02,109262,4083569,50012,2002097,49707,1939430,9543,142042,56200,1330018,0.152872,52703,1451232,0.166804,66011,2781250,0.319676,8700223
1,2021-04-03,77213,4160782,38666,2040763,28964,1968394,9583,151625,36087,1334796,0.153421,40977,1492209,0.171514,45755,2827005,0.324935,8700223
1,2021-04-04,23628,4184410,11763,2052526,8411,1976805,3454,155079,9948,1334558,0.153394,13635,1505844,0.173081,13397,2840402,0.326475,8700223
1,2021-04-05,75220,4259630,36230,2088756,29951,2006756,9039,164118,34387,1337534,0.153736,40662,1546506,0.177755,43638,2884040,0.33149,8700223
1,2021-04-06,102303,4361933,48471,2137227,37394,2044150,16438,180556,46518,1345034,0.154598,55562,1602068,0.184141,63062,2947102,0.338739,8700223
1,2021-04-07,109414,4471347,52833,2190060,39268,2083418,17313,197869,49933,1353172,0.155533,59261,1661329,0.190952,67399,3014501,0.346485,8700223
1,2021-04-08,119711,4591058,56415,2246475,42768,2126186,20528,218397,52985,1360487,0.156374,66419,1727748,0.198587,73734,3088235,0.35496,8700223
1,2021-04-09,120511,4711569,55165,2301640,45059,2171245,20287,238684,53306,1367423,0.157171,66906,1794654,0.206277,73842,3162077,0.363448,8700223
1,2021-04-10,93774,4805343,41858,2343498,29518,2200763,22398,261082,36736,1369741,0.157437,56879,1851533,0.212814,59197,3221274,0.370252,8700223
1,2021-04-11,35730,4841073,19948,2363446,9243,2210006,6539,267621,14555,1369827,0.157447,21133,1872666,0.215243,21219,3242493,0.372691,8700223
1,2021-04-12,72539,4913612,32222,2395668,30462,2240468,9855,277476,30826,1369182,0.157373,41492,1914158,0.220013,40847,3283340,0.377386,8700223
1,2021-04-13,95414,5009026,51029,2446697,44054,2284522,331,277807,51497,1377665,0.158348,43689,1957847,0.225034,52172,3335512,0.383382,8700223
1,2021-04-14,102351,5111377,52857,2499554,49427,2333949,67,277874,52130,1380322,0.158654,49908,2007755,0.230771,52565,3388077,0.389424,8700223
1,2021-04-15,103879,5215256,56254,2555808,47541,2381490,84,277958,55638,1388469,0.15959,47742,2055497,0.236258,55889,3443966,0.395848,8700223
1,2021-04-16,108289,5323545,55794,2611602,52406,2433896,89,278047,54417,1389686,0.15973,53466,2108963,0.242403,54683,3498649,0.402133,8700223
1,2021-04-17,81208,5404753,44095,2655697,37105,2471001,8,278055,45626,1400080,0.160925,35402,2144365,0.246472,45796,3544445,0.407397,8700223
1,2021-04-18,28591,5433344,19137,2674834,9448,2480449,6,278061,14472,1400706,0.160997,14050,2158415,0.248087,14676,3559121,0.409084,8700223
1,2021-04-19,64406,5497750,32803,2707637,31591,2512040,12,278073,29241,1395205,0.160364,34879,2193294,0.252096,29378,3588499,0.412461,8700223
1,2021-04-20,85458,5583208,42557,2750194,42882,2554922,19,278092,40587,1391395,0.159926,44616,2237910,0.257224,40806,3629305,0.417151,8700223
1,2021-04-21,91267,5674475,46493,2796687,44681,2599603,93,278185,40856,1382586,0.158914,49966,2287876,0.262968,41157,3670462,0.421881,8700223
1,2021-04-22,93901,5768376,48482,2845169,45403,2645006,16,278201,43245,1375808,0.158135,50253,2338129,0.268744,43475,3713937,0.426878,8700223
1,2021-04-23,97755,5866131,50159,2895328,47571,2692577,25,278226,46474,1371615,0.157653,50908,2389037,0.274595,46715,3760652,0.432248,8700223
1,2021-04-24,72858,5938989,45898,2941226,26947,2719524,13,278239,41164,1381481,0.158787,31565,2420602,0.278223,41431,3802083,0.43701,8700223
1,2021-04-25,26840,5965829,17121,2958347,9710,2729234,9,278248,15414,1385695,0.159271,11340,2431942,0.279526,15554,3817637,0.438798,8700223
1,2021-04-26,59855,6025684,32269,2990616,27233,2756467,353,278601,28050,1382866,0.158946,31563,2463505,0.283154,28734,3846371,0.4421,8700223
1,2021-04-27,75338,6101022,40403,3031019,33808,2790275,1127,279728,32351,1373943,0.15792,42737,2506242,0.288066,33814,3880185,0.445987,8700223
1,2021-04-28,77159,6178181,40960,3071979,34764,2825039,1435,281163,33612,1365932,0.157,43283,2549525,0.293041,35272,3915457,0.450041,8700223
1,2021-04-29,80153,6258334,44126,3116105,34472,2859511,1555,282718,32402,1352581,0.155465,47469,2596994,0.298497,34118,3949575,0.453963,8700223
1,2021-04-30,87900,6346234,47863,3163968,38233,2897744,1804,284522,36432,1339801,0.153996,51185,2648179,0.304381,38405,3987980,0.458377,8700223
1,2021-05-01,61174,6407408,39776,3203744,20032,2917776,1366,285888,25723,1331847,0.153082,35273,2683452,0.308435,27319,4015299,0.461517,8700223
1,2021-05-02,22443,6429851,15721,3219465,6201,2923977,521,286409,9364,1328792,0.152731,12971,2696423,0.309926,9916,4025215,0.462657,8700223
1,2021-05-03,53788,6483639,30133,3249598,21884,2945861,1771,288180,19473,1315983,0.151259,34110,2730533,0.313846,21301,4046516,0.465105,8700223
1,2021-05-04,72111,6555750,41463,3291061,28638,2974499,2010,290190,25954,1298154,0.149209,45879,2776412,0.31912,28050,4074566,0.468329,8700223
1,2021-05-05,73473,6629223,42186,3333247,29060,3003559,2227,292417,24886,1277044,0.146783,48293,2824705,0.32467,27183,4101749,0.471453,8700223
1,2021-05-06,75336,6704559,45164,3378411,28039,3031598,2133,294550,23741,1251828,0.143885,51249,2875954,0.330561,26033,4127782,0.474446,8700223
1,2021-05-07,78931,6783490,45009,3423420,31794,3063392,2128,296678,26554,1228562,0.14121,52012,2927966,0.336539,28746,4156528,0.47775,8700223
1,2021-05-08,53881,6837371,33649,3457069,18702,3082094,1530,298208,18292,1213225,0.139448,35254,2963220,0.340591,19917,4176445,0.480039,8700223
1,2021-05-09,17611,6854982,12488,3469557,4652,3086746,471,298679,5442,1207115,0.138745,12056,2975276,0.341977,5946,4182391,0.480722,8700223
1,2021-05-10,41436,6896418,20797,3490354,18912,3105658,1727,300406,13841,1195467,0.137406,27309,3002585,0.345116,15661,4198052,0.482522,8700223
1,2021-05-11,57869,6954287,31071,3521425,24801,3130459,1997,302403,18855,1177657,0.135359,38787,3041372,0.349574,20977,4219029,0.484933,8700223
1,2021-05-12,56978,7011265,29932,3551357,25178,3155637,1868,304271,18738,1160359,0.133371,37980,3079352,0.353939,20682,4239711,0.487311,8700223
1,2021-05-13,59324,7070589,34546,3585903,22893,3178530,1885,306156,22409,1148361,0.131992,36573,3115925,0.358143,24575,4264286,0.490135,8700223
1,2021-05-14,72689,7143278,43922,3629825,26494,3205024,2273,308429,29598,1137746,0.130772,42792,3158717,0.363062,32177,4296463,0.493834,8700223
1,2021-05-15,62848,7206126,41635,3671460,19554,3224578,1659,310088,25131,1127123,0.129551,37494,3196211,0.367371,26871,4323334,0.496922,8700223
1,2021-05-16,23816,7229942,17382,3688842,5824,3230402,610,310698,9737,1123529,0.129138,13982,3210193,0.368978,10388,4333722,0.498116,8700223
1,2021-05-17,52486,7282428,32332,3721174,18477,3248879,1677,312375,23464,1119932,0.128725,28804,3238997,0.372289,25207,4358929,0.501013,8700223
1,2021-05-18,62807,7345235,38123,3759297,22934,3271813,1750,314125,28657,1116530,0.128333,33895,3272892,0.376185,30493,4389422,0.504518,8700223
1,2021-05-19,64677,7409912,39595,3798892,23244,3295057,1838,315963,29869,1113764,0.128016,34559,3307451,0.380157,31793,4421215,0.508173,8700223
1,2021-05-20,53843,7463755,31617,3830509,20291,3315348,1935,317898,23225,1108742,0.127438,30362,3337813,0.383647,25340,4446555,0.511085,8700223
1,2021-05-21,58883,7522638,35680,3866189,21520,3336868,1683,319581,25559,1103047,0.126784,33025,3370838,0.387443,27330,4473885,0.514226,8700223
1,2021-05-22,45491,7568129,30567,3896756,13383,3350251,1541,321122,20841,1101041,0.126553,24479,3395317,0.390256,22473,4496358,0.51681,8700223
1,2021-05-23,13678,7581807,10525,3907281,2674,3352925,479,321601,7137,1102199,0.126686,6475,3401792,0.391001,7633,4503991,0.517687,8700223
1,2021-05-24,41172,7622979,22801,3930082,16630,3369555,1741,323342,17427,1097904,0.126193,23538,3425330,0.393706,19243,4523234,0.519899,8700223
1,2021-05-25,47208,7670187,27626,3957708,18032,3387587,1550,324892,20491,1093531,0.12569,26503,3451833,0.396752,22130,4545364,0.522442,8700223
1,2021-05-26,26526,7696713,15357,3973065,9822,3397409,1347,326239,10941,1090430,0.125334,15408,3467241,0.398523,12307,4557671,0.523857,8700223
2,2020-12-15,234,234,234,234,0,0,0,0,234,234,2.8e-05,0,0,0.0,234,234,2.8e-05,8407551
2,2020-12-16,2083,2317,2083,2317,0,0,0,0,2082,2316,0.000275,0,0,0.0,2082,2316,0.000275,8407551
2,2020-12-17,6708,9025,6708,9025,0,0,0,0,6709,9025,0.001073,0,0,0.0,6709,9025,0.001073,8407551
2,2020-12-18,10841,19866,10822,19847,19,19,0,0,10843,19868,0.002363,0,0,0.0,10843,19868,0.002363,8407551
2,2020-12-19,5583,25449,5577,25424,6,25,0,0,5585,25453,0.003027,0,0,0.0,5585,25453,0.003027,8407551
2,2020-12-20,4215,29664,4206,29630,9,34,0,0,4211,29664,0.003528,0,0,0.0,4211,29664,0.003528,8407551
2,2020-12-21,12763,42427,12739,42369,24,58,0,0,12717,42381,0.005041,0,0,0.0,12717,42381,0.005041,8407551
2,2020-12-22,12081,54508,11570,53939,511,569,0,0,12081,54462,0.006478,0,0,0.0,12081,54462,0.006478,8407551
2,2020-12-23,11702,66210,9494,63433,2208,2777,0,0,11705,66167,0.00787,0,0,0.0,11705,66167,0.00787,8407551
2,2020-12-24,5851,72061,3491,66924,2360,5137,0,0,5848,72015,0.008566,0,0,0.0,5848,72015,0.008566,8407551
2,2020-12-25,478,72539,401,67325,77,5214,0,0,479,72494,0.008622,0,0,0.0,479,72494,0.008622,8407551
2,2020-12-26,2576,75115,1672,68997,904,6118,0,0,2577,75071,0.008929,0,0,0.0,2577,75071,0.008929,8407551
2,2020-12-27,2225,77340,1206,70203,1019,7137,0,0,2223,77293,0.009193,1,1,0.0,2223,77294,0.009193,8407551
2,2020-12-28,10973,88313,7146,77349,3827,10964,0,0,10973,88265,0.010498,1,2,0.0,10973,88267,0.010499,8407551
2,2020-12-29,12636,100949,7119,84468,5517,16481,0,0,12641,100906,0.012002,0,2,0.0,12641,100908,0.012002,8407551
2,2020-12-30,15333,116282,8629,93097,6704,23185,0,0,15350,116255,0.013827,1,3,0.0,15350,116258,0.013828,8407551
2,2020-12-31,7505,123787,2806,95903,4699,27884,0,0,7503,123757,0.01472,1,4,0.0,7503,123761,0.01472,8407551
2,2021-01-01,1122,124909,538,96441,584,28468,0,0,1124,124880,0.014853,1,5,1e-06,1124,124885,0.014854,8407551
2,2021-01-02,4804,129713,2793,99234,2011,30479,0,0,4802,129682,0.015424,0,5,1e-06,4802,129687,0.015425,8407551
2,2021-01-03,1380,131093,841,100075,539,31018,0,0,1375,131054,0.015588,3,8,1e-06,1375,131062,0.015589,8407551
2,2021-01-04,11614,142707,5586,105661,6028,37046,0,0,11602,142652,0.016967,4,12,1e-06,11602,142664,0.016969,8407551
2,2021-01-05,13820,156527,6981,112642,6839,43885,0,0,12637,154144,0.018334,1176,1188,0.000141,12668,155332,0.018475,8407551
2,2021-01-06,18938,175465,10491,123133,8447,52332,0,0,15216,165692,0.019708,3674,4862,0.000578,15222,170554,0.020286,8407551
2,2021-01-07,22926,198391,12909,136042,10017,62349,0,0,15561,173884,0.020682,7382,12244,0.001456,15574,186128,0.022138,8407551
2,2021-01-08,26366,224757,15999,152041,10367,72716,0,0,16325,180216,0.021435,10009,22253,0.002647,16341,202469,0.024082,8407551
2,2021-01-09,9730,234487,5684,157725,4046,76762,0,0,6239,182948,0.02176,3512,25765,0.003065,6244,208713,0.024824,8407551
2,2021-01-10,5279,239766,2973,160698,2306,79068,0,0,3068,183787,0.02186,2233,27998,0.00333,3072,211785,0.02519,8407551
2,2021-01-11,25912,265678,17805,178503,8107,87175,0,0,14985,187860,0.022344,10961,38959,0.004634,15034,226819,0.026978,8407551
2,2021-01-12,26088,291766,16241,194744,9847,97022,0,0,16621,195056,0.0232,9495,48454,0.005763,16691,243510,0.028963,8407551
2,2021-01-13,28449,320215,15097,209841,13352,110374,0,0,20539,207713,0.024706,7904,56358,0.006703,20561,264071,0.031409,8407551
2,2021-01-14,30084,350299,11432,221273,18652,129026,0,0,25890,229440,0.02729,4218,60576,0.007205,25945,290016,0.034495,8407551
2,2021-01-15,34958,385257,12764,234037,22194,151220,0,0,31723,257991,0.030686,3245,63821,0.007591,31796,321812,0.038277,8407551
2,2021-01-16,17545,402802,5600,239637,11945,163165,0,0,16237,272903,0.032459,1335,65156,0.00775,16247,338059,0.040209,8407551
2,2021-01-17,10611,413413,3584,243221,7027,170192,0,0,9907,282088,0.033552,730,65886,0.007837,9915,347974,0.041388,8407551
2,2021-01-18,19635,433048,10989,254210,8646,178838,0,0,14871,292225,0.034757,4781,70667,0.008405,14918,362892,0.043163,8407551
2,2021-01-19,32299,465347,16879,271089,15420,194258,0,0,24366,308767,0.036725,7937,78604,0.009349,24479,387371,0.046074,8407551
2,2021-01-20,36949,502296,18540,289629,18409,212667,0,0,28361,328647,0.03909,8568,87172,0.010368,28448,415819,0.049458,8407551
2,2021-01-21,40374,542670,17141,306770,23233,235900,0,0,35966,360385,0.042864,4384,91556,0.01089,36122,451941,0.053754,8407551
2,2021-01-22,39157,581827,16386,323156,22771,258671,0,0,35877,393004,0.046744,3282,94838,0.01128,35901,487842,0.058024,8407551
2,2021-01-23,23951,605778,10799,333955,13152,271823,0,0,21015,411133,0.0489,2913,97751,0.011627,21042,508884,0.060527,8407551
2,2021-01-24,12449,618227,6156,340111,6293,278116,0,0,11538,421783,0.050167,898,98649,0.011733,11548,520432,0.061901,8407551
2,2021-01-25,33642,651869,15613,355724,18029,296145,0,0,24918,438153,0.052114,8672,107321,0.012765,25042,545474,0.064879,8407551
2,2021-01-26,40086,691955,19802,375526,20284,316429,0,0,31144,460450,0.054766,8924,116245,0.013826,31221,576695,0.068593,8407551
2,2021-01-27,44928,736883,22877,398403,22051,338480,0,0,34963,485610,0.057759,9859,126104,0.014999,35019,611714,0.072758,8407551
2,2021-01-28,47943,784826,22708,421111,25235,363715,0,0,39395,516573,0.061442,8495,134599,0.016009,39458,651172,0.077451,8407551
2,2021-01-29,45462,830288,22288,443399,23174,386889,0,0,36927,545122,0.064837,8433,143032,0.017012,36982,688154,0.08185,8407551
2,2021-01-30,31365,861653,13742,457141,17623,404512,0,0,28065,569954,0.067791,3261,146293,0.0174,28093,716247,0.085191,8407551
2,2021-01-31,17398,879051,10500,467641,6898,411410,0,0,16245,585081,0.06959,1137,147430,0.017535,16264,732511,0.087125,8407551
2,2021-02-01,40909,919960,19892,487533,21017,432427,0,0,30198,604629,0.071915,10684,158114,0.018806,30232,762743,0.090721,8407551
2,2021-02-02,47449,967409,19376,506909,28073,460500,0,0,36170,629682,0.074895,11212,169326,0.02014,36265,799008,0.095035,8407551
2,2021-02-03,53930,1021339,24135,531044,29795,490295,0,0,39941,655820,0.078004,13891,183217,0.021792,40029,839037,0.099796,8407551
2,2021-02-04,55784,1077123,24222,555266,31562,521857,0,0,40866,681952,0.081112,14826,198043,0.023555,40958,879995,0.104667,8407551
2,2021-02-05,59477,1136600,26300,581566,33177,555034,0,0,40328,703463,0.08367,18978,217021,0.025813,40489,920484,0.109483,8407551
2,2021-02-06,38830,1175430,18173,599739,20657,575691,0,0,31220,727229,0.086497,7540,224561,0.026709,31306,951790,0.113207,8407551
2,2021-02-07,15939,1191369,10680,610419,5259,580950,0,0,12124,735625,0.087496,3794,228355,0.027161,12190,963980,0.114656,8407551
2,2021-02-08,43292,1234661,22386,632805,20906,601856,0,0,29874,752410,0.089492,13282,241637,0.02874,30067,994047,0.118233,8407551
2,2021-02-09,49228,1283889,23495,656300,25733,627589,0,0,30682,765115,0.091003,18293,259930,0.030916,30998,1025045,0.12192,8407551
2,2021-02-10,59324,1343213,28084,684384,31240,658829,0,0,34629,775672,0.092259,24422,284352,0.033821,34979,1060024,0.12608,8407551
2,2021-02-11,63863,1407076,29662,714046,34201,693030,0,0,36029,784608,0.093322,27579,311931,0.037101,36515,1096539,0.130423,8407551
2,2021-02-12,64805,1471881,28082,742128,36723,729753,0,0,34573,789869,0.093948,29960,341891,0.040665,35221,1131760,0.134612,8407551
2,2021-02-13,37454,1509335,15735,757863,21719,751472,0,0,21712,796294,0.094712,15663,357554,0.042528,22088,1153848,0.137239,8407551
2,2021-02-14,19912,1529247,9327,767190,10585,762057,0,0,11216,799211,0.095059,8656,366210,0.043557,11573,1165421,0.138616,8407551
2,2021-02-15,32958,1562205,14916,782106,18042,780099,0,0,18315,803847,0.09561,14531,380741,0.045286,19167,1184588,0.140896,8407551
2,2021-02-16,55886,1618091,27644,809750,28242,808341,0,0,29478,807668,0.096065,26325,407066,0.048417,30146,1214734,0.144481,8407551
2,2021-02-17,61155,1679246,31659,841409,29496,837837,0,0,30442,808268,0.096136,30659,437725,0.052063,31259,1245993,0.148199,8407551
2,2021-02-18,65712,1744958,33402,874811,32310,870147,0,0,32071,808038,0.096109,33435,471160,0.05604,33205,1279198,0.152149,8407551
2,2021-02-19,58799,1803757,32791,907602,26008,896155,0,0,29238,808457,0.096158,29419,500579,0.059539,29838,1309036,0.155698,8407551
2,2021-02-20,37006,1840763,24193,931795,12813,908968,0,0,20135,812473,0.096636,16795,517374,0.061537,20811,1329847,0.158173,8407551
2,2021-02-21,20638,1861401,17194,948989,3444,912412,0,0,9910,812531,0.096643,10660,528034,0.062805,10718,1340565,0.159448,8407551
2,2021-02-22,37246,1898647,25597,974586,11649,924061,0,0,17833,811716,0.096546,19330,547364,0.065104,18515,1359080,0.16165,8407551
2,2021-02-23,51375,1950022,26392,1000978,24983,949044,0,0,22680,807771,0.096077,28518,575882,0.068496,24573,1383653,0.164573,8407551
2,2021-02-24,68105,2018127,35141,1036119,32964,982008,0,0,31468,805095,0.095759,36501,612383,0.072837,33825,1417478,0.168596,8407551
2,2021-02-25,73572,2091699,34647,1070766,38925,1020933,0,0,37623,809770,0.096315,35750,648133,0.077089,40425,1457903,0.173404,8407551
2,2021-02-26,81702,2173401,34941,1105707,46761,1067694,0,0,44446,819393,0.097459,37013,685146,0.081492,46636,1504539,0.178951,8407551
2,2021-02-27,59675,2233076,27684,1133391,31986,1099680,5,5,32519,826277,0.098278,26969,712115,0.084699,33853,1538392,0.182977,8407551
2,2021-02-28,28961,2262037,17391,1150782,11569,1111249,1,6,16881,831991,0.098958,11995,724110,0.086126,17709,1556101,0.185084,8407551
2,2021-03-01,55931,2317968,29596,1180378,26311,1137560,24,30,30514,838521,0.099734,25194,749304,0.089123,31724,1587825,0.188857,8407551
2,2021-03-02,67437,2385405,32599,1212977,34833,1172393,5,35,38268,850080,0.101109,29051,778355,0.092578,40610,1628435,0.193687,8407551
2,2021-03-03,78738,2464143,38220,1251197,40508,1212901,10,45,44498,863062,0.102653,34076,812431,0.096631,47058,1675493,0.199284,8407551
2,2021-03-04,86734,2550877,42957,1294154,43750,1256651,27,72,50123,879154,0.104567,36431,848862,0.100964,52523,1728016,0.205531,8407551
2,2021-03-05,80183,2631060,38174,1332328,41709,1298360,300,372,49385,900573,0.107115,30623,879485,0.104607,52042,1780058,0.211721,8407551
2,2021-03-06,61904,2692964,30421,1362749,29820,1328180,1663,2035,38082,918031,0.109191,23721,903206,0.107428,41179,1821237,0.216619,8407551
2,2021-03-07,27457,2720421,16126,1378875,10383,1338563,948,2983,17719,928128,0.110392,9681,912887,0.108579,19778,1841015,0.218972,8407551
2,2021-03-08,49545,2769966,22861,1401736,24250,1362813,2434,5417,31404,945559,0.112465,18050,930937,0.110726,35481,1876496,0.223192,8407551
2,2021-03-09,69225,2839191,31761,1433497,33696,1396509,3768,9185,38648,958860,0.114047,30470,961407,0.11435,43771,1920267,0.228398,8407551
2,2021-03-10,77024,2916215,36667,1470164,33830,1430339,6527,15712,41119,972120,0.115625,35736,997143,0.118601,48996,1969263,0.234226,8407551
2,2021-03-11,91910,3008125,42457,1512621,41120,1471459,8333,24045,48336,986885,0.117381,43318,1040461,0.123753,58083,2027346,0.241134,8407551
2,2021-03-12,92678,3100803,38338,1550959,42378,1513837,11962,36007,46601,1000967,0.119056,45886,1086347,0.129211,59968,2087314,0.248267,8407551
2,2021-03-13,67960,3168763,28760,1579719,31301,1545138,7899,43906,37530,1017402,0.121011,30318,1116665,0.132817,46753,2134067,0.253827,8407551
2,2021-03-14,36466,3205229,18222,1597941,13744,1558882,4500,48406,18700,1023680,0.121757,17684,1134349,0.13492,23962,2158029,0.256677,8407551
2,2021-03-15,66661,3271890,30186,1628127,31494,1590376,4981,53387,37041,1037360,0.123384,29447,1163796,0.138423,43127,2201156,0.261807,8407551
2,2021-03-16,85557,3357447,37905,1666032,43677,1634053,3975,57362,52231,1061518,0.126258,33179,1196975,0.142369,57337,2258493,0.268627,8407551
2,2021-03-17,91579,3449026,43928,1709960,43531,1677584,4120,61482,58487,1092092,0.129894,32880,1229855,0.14628,63454,2321947,0.276174,8407551
2,2021-03-18,96853,3545879,46298,1756258,46099,1723683,4456,65938,59800,1120122,0.133228,36792,1266647,0.150656,64822,2386769,0.283884,8407551
2,2021-03-19,96569,3642448,45706,1801964,44776,1768459,6087,72025,57983,1146376,0.136351,38332,1304979,0.155215,64586,2451355,0.291566,8407551
2,2021-03-20,69047,3711495,33341,1835305,31809,1800268,3897,75922,45582,1172941,0.13951,23266,1328245,0.157982,49831,2501186,0.297493,8407551
2,2021-03-21,32928,3744423,21308,1856613,9651,1809919,1969,77891,20807,1184116,0.14084,12023,1340268,0.159412,23198,2524384,0.300252,8407551
2,2021-03-22,62166,3806589,34182,1890795,25350,1835269,2634,80525,41709,1209082,0.143809,20267,1360535,0.161823,45233,2569617,0.305632,8407551
2,2021-03-23,82989,3889578,44106,1934901,35996,1871265,2887,83412,52386,1234827,0.146871,30369,1390904,0.165435,56114,2625731,0.312306,8407551
2,2021-03-24,90881,3980459,49077,1983978,38670,1909935,3134,86546,53990,1256159,0.149408,36619,1427523,0.169791,57951,2683682,0.319199,8407551
2,2021-03-25,100526,4080985,50760,2034738,45894,1955829,3872,90418,57477,1275516,0.151711,42760,1470283,0.174876,62117,2745799,0.326587,8407551
2,2021-03-26,102619,4183604,51134,2085872,48024,2003853,3461,93879,56697,1291127,0.153568,45602,1515885,0.1803,61213,2807012,0.333868,8407551
2,2021-03-27,74717,4258321,37402,2123274,34019,2037872,3296,97175,37996,1296766,0.154238,36514,1552399,0.184643,42153,2849165,0.338882,8407551
2,2021-03-28,37367,4295688,23084,2146358,13481,2051353,802,97977,20434,1301906,0.15485,16827,1569226,0.186645,21967,2871132,0.341494,8407551
2,2021-03-29,70683,4366371,36131,2182489,32306,2083659,2246,100223,40686,1315896,0.156514,29839,1599065,0.190194,43829,2914961,0.346708,8407551
2,2021-03-30,91288,4457659,44807,2227296,42155,2125814,4326,104549,51655,1333034,0.158552,39456,1638521,0.194887,56594,2971555,0.353439,8407551
2,2021-03-31,100605,4558264,51966,2279262,43559,2169373,5080,109629,57782,1353680,0.161008,42573,1681094,0.19995,63219,3034774,0.360958,8407551
2,2021-04-01,116544,4674808,56413,2335675,51036,2220409,9095,118724,63975,1374930,0.163535,52271,1733365,0.206168,73521,3108295,0.369703,8407551
2,2021-04-02,110889,4785697,51243,2386918,49578,2269987,10068,128792,60067,1395078,0.165932,50502,1783867,0.212174,70650,3178945,0.378106,8407551
2,2021-04-03,76183,4861880,37358,2424276,29089,2299076,9736,138528,37953,1405121,0.167126,38054,1821921,0.216701,48097,3227042,0.383827,8407551
2,2021-04-04,28939,4890819,14871,2439147,10233,2309309,3835,142363,13115,1406369,0.167275,15747,1837668,0.218574,16995,3244037,0.385848,8407551
2,2021-04-05,78455,4969274,38566,2477713,31251,2340560,8638,151001,38364,1414213,0.168207,39955,1877623,0.223326,47799,3291836,0.391533,8407551
2,2021-04-06,103071,5072345,50240,2527953,38211,2378771,14620,165621,49141,1424738,0.169459,53704,1931327,0.229713,64229,3356065,0.399173,8407551
2,2021-04-07,109470,5181815,54732,2582685,38646,2417417,16092,181713,51884,1435759,0.17077,57336,1988663,0.236533,68357,3424422,0.407303,8407551
2,2021-04-08,118063,5299878,56868,2639553,42701,2460118,18494,200207,55005,1447218,0.172133,62788,2051451,0.244001,74247,3498669,0.416134,8407551
2,2021-04-09,117308,5417186,56563,2696116,42887,2503005,17858,218065,55694,1460499,0.173713,61309,2112760,0.251293,74590,3573259,0.425006,8407551
2,2021-04-10,85769,5502955,37154,2733270,30604,2533609,18011,236076,35624,1464917,0.174238,49925,2162685,0.257231,54343,3627602,0.43147,8407551
2,2021-04-11,43886,5546841,22717,2755987,12670,2546279,8499,244575,17920,1466217,0.174393,25844,2188529,0.260305,27144,3654746,0.434698,8407551
2,2021-04-12,78842,5625683,36751,2792738,32837,2579116,9254,253829,35342,1468534,0.174668,43272,2231801,0.265452,45589,3700335,0.44012,8407551
2,2021-04-13,100508,5726191,52082,2844820,48176,2627292,250,254079,55208,1479775,0.176005,45097,2276898,0.270816,56338,3756673,0.446821,8407551
2,2021-04-14,105053,5831244,55145,2899965,49859,2677151,49,254128,54090,1484607,0.17658,50720,2327618,0.276849,55552,3812225,0.453429,8407551
2,2021-04-15,111685,5942929,59504,2959469,52115,2729266,66,254194,58747,1491847,0.177441,52607,2380225,0.283106,59847,3872072,0.460547,8407551
2,2021-04-16,108956,6051885,56693,3016162,52213,2781479,50,254244,55522,1495092,0.177827,53158,2433383,0.289428,56403,3928475,0.467256,8407551
2,2021-04-17,81708,6133593,41558,3057720,40136,2821615,14,254258,45965,1506380,0.17917,35543,2468926,0.293656,46831,3975306,0.472826,8407551
2,2021-04-18,33926,6167519,20292,3078012,13629,2835244,5,254263,16227,1505981,0.179122,17594,2486520,0.295748,17195,3992501,0.474871,8407551
2,2021-04-19,73458,6240977,39651,3117663,33796,2869040,11,254274,33681,1500727,0.178498,39557,2526077,0.300453,34303,4026804,0.478951,8407551
2,2021-04-20,94746,6335723,47345,3165008,47378,2916418,23,254297,46239,1499485,0.17835,48228,2574305,0.30619,46986,4073790,0.484539,8407551
2,2021-04-21,98829,6434552,52552,3217560,46223,2962641,54,254351,46825,1495565,0.177884,51666,2625971,0.312335,47746,4121536,0.490218,8407551
2,2021-04-22,105207,6539759,53902,3271462,51285,3013926,20,254371,46220,1484016,0.17651,58656,2684627,0.319311,47107,4168643,0.495821,8407551
2,2021-04-23,104434,6644193,55118,3326580,49300,3063226,16,254387,48359,1477565,0.175743,55724,2740351,0.325939,49273,4217916,0.501682,8407551
2,2021-04-24,78857,6723050,46713,3373293,32106,3095332,38,254425,41290,1482530,0.176333,37274,2777625,0.330373,42239,4260155,0.506706,8407551
2,2021-04-25,35954,6759004,22269,3395562,13671,3109003,14,254439,19676,1486509,0.176806,16164,2793789,0.332295,20143,4280298,0.509102,8407551
2,2021-04-26,67805,6826809,37831,3433393,29685,3138688,289,254728,31022,1482642,0.176346,36562,2830351,0.336644,32695,4312993,0.51299,8407551
2,2021-04-27,82225,6909034,43351,3476744,37733,3176421,1141,255869,35301,1473593,0.17527,46656,2877007,0.342193,37607,4350600,0.517463,8407551
2,2021-04-28,84900,6993934,45005,3521749,38051,3214472,1844,257713,37184,1466046,0.174373,47461,2924468,0.347838,39914,4390514,0.522211,8407551
2,2021-04-29,87260,7081194,47059,3568808,38529,3253001,1672,259385,33551,1448438,0.172278,53419,2977887,0.354192,35811,4426325,0.52647,8407551
2,2021-04-30,91591,7172785,50545,3619353,39103,3292104,1943,261328,35442,1430640,0.170161,55815,3033702,0.360831,38017,4464342,0.530992,8407551
2,2021-05-01,60474,7233259,36851,3656204,22083,3314187,1540,262868,23813,1420395,0.168943,36434,3070136,0.365164,26189,4490531,0.534107,8407551
2,2021-05-02,28758,7262017,19860,3676064,7930,3322117,968,263836,11067,1414946,0.168295,17573,3087709,0.367254,12124,4502655,0.535549,8407551
2,2021-05-03,59137,7321154,35138,3711202,21972,3344089,2027,265863,19840,1397959,0.166274,39107,3126816,0.371906,22120,4524775,0.53818,8407551
2,2021-05-04,77478,7398632,45971,3757173,29159,3373248,2348,268211,25286,1374039,0.163429,51942,3178758,0.378084,28022,4552797,0.541513,8407551
2,2021-05-05,77631,7476263,45956,3803129,29363,3402611,2312,270523,24310,1347981,0.16033,53015,3231773,0.384389,26957,4579754,0.544719,8407551
2,2021-05-06,79961,7556224,48103,3851232,28986,3431597,2872,273395,24530,1320982,0.157119,55026,3286799,0.390934,28027,4607781,0.548053,8407551
2,2021-05-07,80707,7636931,46475,3897707,31836,3463433,2396,275791,24965,1293351,0.153832,55438,3342237,0.397528,27807,4635588,0.55136,8407551
2,2021-05-08,52829,7689760,31937,3929644,19244,3482677,1648,277439,16589,1276269,0.1518,36001,3378238,0.40181,18919,4654507,0.55361,8407551
2,2021-05-09,21167,7710927,15147,3944791,5279,3487956,741,278180,6347,1268878,0.150921,14700,3392938,0.403558,7309,4661816,0.55448,8407551
2,2021-05-10,48502,7759429,26288,3971079,20394,3508350,1820,280000,13893,1250784,0.148769,34393,3427331,0.407649,16299,4678115,0.556418,8407551
2,2021-05-11,61955,7821384,32862,4003941,27110,3535460,1983,281983,18675,1229050,0.146184,43039,3470370,0.412768,21305,4699420,0.558952,8407551
2,2021-05-12,60324,7881708,31751,4035692,26560,3562020,2013,283996,18051,1207436,0.143613,42037,3512407,0.417768,20423,4719843,0.561381,8407551
2,2021-05-13,64233,7945941,37215,4072907,25169,3587189,1849,285845,23501,1192967,0.141892,40495,3552902,0.422585,26026,4745869,0.564477,8407551
2,2021-05-14,76505,8022446,45715,4118622,28648,3615837,2142,287987,29800,1179148,0.140249,46400,3599302,0.428103,32581,4778450,0.568352,8407551
2,2021-05-15,64239,8086685,42274,4160896,20310,3636147,1655,289642,24890,1166928,0.138795,39132,3638434,0.432758,26912,4805362,0.571553,8407551
2,2021-05-16,30184,8116869,22399,4183295,6876,3643023,909,290551,12257,1162405,0.138257,17816,3656250,0.434877,13293,4818655,0.573134,8407551
2,2021-05-17,56759,8173628,36099,4219394,18759,3661782,1901,292452,23751,1155602,0.137448,32820,3689070,0.438781,26017,4844672,0.576229,8407551
2,2021-05-18,68622,8242250,40219,4259613,26470,3688252,1933,294385,28696,1147084,0.136435,39681,3728751,0.4435,31163,4875835,0.579935,8407551
2,2021-05-19,67328,8309578,40069,4299682,25355,3713607,1904,296289,27999,1138384,0.1354,39058,3767809,0.448146,30358,4906193,0.583546,8407551
2,2021-05-20,57926,8367504,33293,4332975,22689,3736296,1944,298233,22852,1128840,0.134265,34846,3802655,0.45229,25302,4931495,0.586555,8407551
2,2021-05-21,60664,8428168,35796,4368771,22951,3759247,1917,300150,24204,1119178,0.133116,36235,3838890,0.4566,26573,4958068,0.589716,8407551
2,2021-05-22,43347,8471515,27647,4396418,14128,3773375,1572,301722,18783,1115553,0.132685,24417,3863307,0.459504,20792,4978860,0.592189,8407551
2,2021-05-23,16706,8488221,12229,4408647,3887,3777262,590,302312,7641,1114861,0.132602,9000,3872307,0.460575,8308,4987168,0.593177,8407551
2,2021-05-24,42529,8530750,23953,4432600,16855,3794117,1721,304033,16827,1108227,0.131813,25511,3897818,0.463609,18877,5006045,0.595422,8407551
2,2021-05-25,47986,8578736,28290,4460890,17962,3812079,1734,305767,18893,1100542,0.130899,28836,3926654,0.467039,21151,5027196,0.597938,8407551
2,2021-05-26,26763,8605499,14998,4475888,10693,3822772,1072,306839,9828,1094881,0.130226,16768,3943422,0.469033,11107,5038303,0.599259,8407551
3,2020-12-15,304,304,304,304,0,0,0,0,304,304,3.7e-05,0,0,0.0,304,304,3.7e-05,8129050
3,2020-12-16,2308,2612,2308,2612,0,0,0,0,2309,2613,0.000321,0,0,0.0,2309,2613,0.000321,8129050
3,2020-12-17,7660,10272,7660,10272,0,0,0,0,7660,10273,0.001264,0,0,0.0,7660,10273,0.001264,8129050
3,2020-12-18,13093,23365,13080,23352,13,13,0,0,13092,23365,0.002874,0,0,0.0,13092,23365,0.002874,8129050
3,2020-12-19,7190,30555,7179,30531,11,24,0,0,7254,30619,0.003767,0,0,0.0,7254,30619,0.003767,8129050
3,2020-12-20,5630,36185,5623,36154,7,31,0,0,5677,36295,0.004465,1,1,0.0,5677,36296,0.004465,8129050
3,2020-12-21,14317,50502,14292,50446,25,56,0,0,14380,50674,0.006234,1,2,0.0,14380,50676,0.006234,8129050
3,2020-12-22,14746,65248,14172,64618,574,630,0,0,14785,65459,0.008052,0,2,0.0,14785,65461,0.008053,8129050
3,2020-12-23,14776,80024,12178,76796,2598,3228,0,0,14802,80261,0.009873,0,2,0.0,14802,80263,0.009874,8129050
3,2020-12-24,6784,86808,4869,81665,1915,5143,0,0,6782,87042,0.010708,1,3,0.0,6782,87045,0.010708,8129050
3,2020-12-25,721,87529,665,82330,56,5199,0,0,720,87762,0.010796,0,3,0.0,720,87765,0.010796,8129050
3,2020-12-26,4617,92146,2992,85322,1625,6824,0,0,4615,92377,0.011364,0,3,0.0,4615,92380,0.011364,8129050
3,2020-12-27,2963,95109,1840,87162,1123,7947,0,0,2964,95341,0.011728,0,3,0.0,2964,95344,0.011729,8129050
3,2020-12-28,13543,108652,8664,95826,4879,12826,0,0,13571,108911,0.013398,1,4,0.0,13571,108915,0.013398,8129050
3,2020-12-29,14915,123567,8418,104244,6497,19323,0,0,14942,123851,0.015236,2,6,1e-06,14942,123857,0.015236,8129050
3,2020-12-30,17946,141513,9985,114229,7961,27284,0,0,17933,141784,0.017442,0,6,1e-06,17933,141790,0.017442,8129050
3,2020-12-31,8377,149890,3215,117444,5162,32446,0,0,8376,150159,0.018472,1,7,1e-06,8376,150166,0.018473,8129050
3,2021-01-01,1213,151103,556,118000,657,33103,0,0,1210,151369,0.018621,0,7,1e-06,1210,151376,0.018622,8129050
3,2021-01-02,4939,156042,2463,120463,2476,35579,0,0,4939,156308,0.019228,0,7,1e-06,4939,156315,0.019229,8129050
3,2021-01-03,1598,157640,882,121345,716,36295,0,0,1589,157893,0.019423,4,11,1e-06,1589,157904,0.019425,8129050
3,2021-01-04,11961,169601,6009,127354,5952,42247,0,0,11934,169820,0.020891,7,18,2e-06,11934,169838,0.020893,8129050
3,2021-01-05,15612,185213,8158,135512,7454,49701,0,0,14011,182269,0.022422,1587,1605,0.000197,14036,183874,0.022619,8129050
3,2021-01-06,20472,205685,10834,146346,9638,59339,0,0,16058,193960,0.02386,4374,5979,0.000736,16065,199939,0.024596,8129050
3,2021-01-07,26379,232064,15097,161443,11282,70621,0,0,17168,201960,0.024844,9182,15161,0.001865,17182,217121,0.026709,8129050
3,2021-01-08,30268,262332,18508,179951,11760,82381,0,0,18087,207909,0.025576,12160,27321,0.003361,18109,235230,0.028937,8129050
3,2021-01-09,12338,274670,6988,186939,5350,87731,0,0,7852,211289,0.025992,4480,31801,0.003912,7860,243090,0.029904,8129050
3,2021-01-10,7157,281827,4516,191455,2641,90372,0,0,4019,212176,0.026101,3136,34937,0.004298,4023,247113,0.030399,8129050
3,2021-01-11,28801,310628,18865,210320,9936,100308,0,0,16289,216002,0.026572,12506,47443,0.005836,16332,263445,0.032408,8129050
3,2021-01-12,32162,342790,19263,229583,12899,113207,0,0,19769,223479,0.027491,12377,59820,0.007359,19854,283299,0.03485,8129050
3,2021-01-13,34257,377047,17900,247483,16357,129564,0,0,24175,237589,0.029227,10083,69903,0.008599,24193,307492,0.037826,8129050
3,2021-01-14,34445,411492,14170,261653,20275,149839,0,0,28574,260358,0.032028,5839,75742,0.009317,28608,336100,0.041346,8129050
3,2021-01-15,38619,450111,14354,276007,24265,174104,0,0,34014,289838,0.035655,4596,80338,0.009883,34076,370176,0.045537,8129050
3,2021-01-16,21712,471823,7576,283583,14136,188240,0,0,19404,306969,0.037762,2294,82632,0.010165,19425,389601,0.047927,8129050
3,2021-01-17,13050,484873,4402,287985,8648,196888,0,0,12026,317991,0.039118,1023,83655,0.010291,12045,401646,0.049409,8129050
3,2021-01-18,24621,509494,12850,300835,11771,208659,0,0,19093,331579,0.040789,5546,89201,0.010973,19134,420780,0.051763,8129050
3,2021-01-19,40748,550242,20835,321670,19913,228572,0,0,31720,354376,0.043594,9003,98204,0.012081,31800,452580,0.055674,8129050
3,2021-01-20,44806,595048,22058,343728,22748,251320,0,0,35535,380760,0.046839,9228,107432,0.013216,35612,488192,0.060055,8129050
3,2021-01-21,47402,642450,20533,364261,26869,278189,0,0,41985,417464,0.051355,5345,112777,0.013873,42049,530241,0.065228,8129050
3,2021-01-22,49344,691794,19689,383950,29655,307844,0,0,45231,458638,0.05642,4119,116896,0.01438,45293,575534,0.0708,8129050
3,2021-01-23,30014,721808,12738,396688,17276,325120,0,0,26755,482192,0.059317,3249,120145,0.01478,26803,602337,0.074097,8129050
3,2021-01-24,17610,739418,8480,405168,9130,334250,0,0,16464,497539,0.061205,1144,121289,0.01492,16491,618828,0.076126,8129050
3,2021-01-25,40434,779852,18121,423289,22313,356563,0,0,30552,518310,0.06376,9864,131153,0.016134,30635,649463,0.079894,8129050
3,2021-01-26,46712,826564,22373,445662,24339,380902,0,0,36729,545167,0.067064,9973,141126,0.017361,36830,686293,0.084425,8129050
3,2021-01-27,50327,876891,24317,469979,26010,406912,0,0,39872,574725,0.0707,10388,151514,0.018639,39946,726239,0.089339,8129050
3,2021-01-28,51333,928224,23852,493831,27481,434393,0,0,42497,608517,0.074857,8755,160269,0.019716,42547,768786,0.094573,8129050
3,2021-01-29,50322,978546,24275,518106,26047,460440,0,0,40815,640056,0.078737,9321,169590,0.020862,40860,809646,0.099599,8129050
3,2021-01-30,36806,1015352,17559,535665,19247,479687,0,0,32125,667632,0.082129,4629,174219,0.021432,32205,841851,0.103561,8129050
3,2021-01-31,22028,1037380,12637,548302,9391,489078,0,0,20700,687030,0.084515,1318,175537,0.021594,20716,862567,0.106109,8129050
3,2021-02-01,45473,1082853,20815,569117,24658,513736,0,0,34776,711192,0.087488,10649,186186,0.022904,34811,897378,0.110391,8129050
3,2021-02-02,53768,1136621,22393,591510,31375,545111,0,0,41462,740482,0.091091,12222,198408,0.024407,41512,938890,0.115498,8129050
3,2021-02-03,59670,1196291,26625,618135,33045,578156,0,0,44396,769829,0.094701,15117,213525,0.026267,44464,983354,0.120968,8129050
3,2021-02-04,63955,1260246,27803,645938,36152,614308,0,0,46970,800105,0.098425,16799,230324,0.028333,47075,1030429,0.126759,8129050
3,2021-02-05,69743,1329989,29674,675612,40069,654377,0,0,48262,827258,0.101766,21269,251593,0.03095,48422,1078851,0.132716,8129050
3,2021-02-06,43436,1373425,21131,696743,22305,676682,0,0,33739,851511,0.104749,9667,261260,0.032139,33920,1112771,0.136888,8129050
3,2021-02-07,19436,1392861,12317,709060,7119,683801,0,0,14969,862152,0.106058,4455,265715,0.032687,15096,1127867,0.138745,8129050
3,2021-02-08,50824,1443685,24537,733597,26287,710088,0,0,33377,878372,0.108053,17341,283056,0.03482,33561,1161428,0.142874,8129050
3,2021-02-09,58155,1501840,28322,761919,29833,739921,0,0,34180,889090,0.109372,23806,306862,0.037749,34524,1195952,0.147121,8129050
3,2021-02-10,67440,1569280,31369,793288,36071,775992,0,0,36625,895649,0.110179,30592,337454,0.041512,37151,1233103,0.151691,8129050
3,2021-02-11,70143,1639423,34630,827918,35513,811505,0,0,37624,901620,0.110913,32182,369636,0.045471,38153,1271256,0.156384,8129050
3,2021-02-12,74815,1714238,32422,860340,42393,853898,0,0,41438,910724,0.112033,33093,402729,0.049542,42197,1313453,0.161575,8129050
3,2021-02-13,44577,1758815,20254,880594,24323,878221,0,0,25763,918349,0.112971,18718,421447,0.051845,26343,1339796,0.164816,8129050
3,2021-02-14,27066,1785881,13504,894098,13562,891783,0,0,15122,922020,0.113423,11899,433346,0.053308,15570,1355366,0.166731,8129050
3,2021-02-15,39754,1825635,17123,911221,22631,914414,0,0,22067,927419,0.114087,17603,450949,0.055474,23002,1378368,0.169561,8129050
3,2021-02-16,69467,1895102,32855,944076,36612,951026,0,0,36230,931566,0.114597,33108,484057,0.059547,37255,1415623,0.174144,8129050
3,2021-02-17,71185,1966287,36018,980094,35167,986193,0,0,33993,929646,0.114361,36983,521040,0.064096,35063,1450686,0.178457,8129050
3,2021-02-18,76237,2042524,39810,1019904,36427,1022620,0,0,35422,925733,0.11388,40676,561716,0.0691,36763,1487449,0.182979,8129050
3,2021-02-19,67959,2110483,39187,1059091,28772,1051392,0,0,34454,927467,0.114093,33409,595125,0.07321,35143,1522592,0.187303,8129050
3,2021-02-20,41581,2152064,26351,1085442,15230,1066622,0,0,22072,930609,0.114479,19423,614548,0.075599,22565,1545157,0.190078,8129050
3,2021-02-21,22413,2174477,18650,1104092,3763,1070385,0,0,10722,930088,0.114415,11628,626176,0.077029,11107,1556264,0.191445,8129050
3,2021-02-22,44869,2219346,29259,1133351,15610,1085995,0,0,21284,928347,0.114201,23510,649686,0.079922,21769,1578033,0.194123,8129050
3,2021-02-23,60312,2279658,32967,1166318,27345,1113340,0,0,26724,923605,0.113618,33448,683134,0.084036,28706,1606739,0.197654,8129050
3,2021-02-24,76220,2355878,37316,1203634,38904,1152244,0,0,34187,918418,0.11298,41877,725011,0.089188,36690,1643429,0.202167,8129050
3,2021-02-25,85164,2441042,41395,1245029,43769,1196013,0,0,42872,921798,0.113396,42072,767083,0.094363,45452,1688881,0.207759,8129050
3,2021-02-26,95508,2536550,43535,1288564,51973,1247986,0,0,51134,931074,0.114537,44054,811137,0.099783,53330,1742211,0.214319,8129050
3,2021-02-27,67519,2604069,31127,1319691,36389,1284375,3,3,35891,936814,0.115243,31456,842593,0.103652,37196,1779407,0.218895,8129050
3,2021-02-28,37649,2641718,21883,1341574,15765,1300140,1,4,19536,939330,0.115552,17970,860563,0.105863,20486,1799893,0.221415,8129050
3,2021-03-01,65794,2707512,35024,1376598,30753,1330893,17,21,36814,948664,0.1167,28828,889391,0.109409,38162,1838055,0.226109,8129050
3,2021-03-02,77452,2784964,38383,1414981,39065,1369958,4,25,45480,964353,0.11863,31856,921247,0.113328,47545,1885600,0.231958,8129050
3,2021-03-03,87783,2872747,41973,1456954,45795,1415753,15,40,49103,977224,0.120214,38508,959755,0.118065,51379,1936979,0.238279,8129050
3,2021-03-04,92328,2965075,45431,1502385,46882,1462635,15,55,52609,992582,0.122103,39534,999289,0.122928,54892,1991871,0.245031,8129050
3,2021-03-05,88829,3053904,43739,1546124,44800,1507435,290,345,54387,1015248,0.124891,34231,1033520,0.127139,56897,2048768,0.25203,8129050
3,2021-03-06,64569,3118473,32743,1578867,29689,1537124,2137,2482,37078,1028575,0.126531,27361,1060881,0.130505,40688,2089456,0.257036,8129050
3,2021-03-07,37246,3155719,22274,1601141,13863,1550987,1109,3591,21508,1036668,0.127526,15687,1076568,0.132435,23780,2113236,0.259961,8129050
3,2021-03-08,58503,3214222,27994,1629135,27688,1578675,2821,6412,37219,1057110,0.130041,21153,1097721,0.135037,41595,2154831,0.265078,8129050
3,2021-03-09,75965,3290187,35340,1664475,36288,1614963,4337,10749,41098,1068968,0.1315,34757,1132478,0.139312,46615,2201446,0.270812,8129050
3,2021-03-10,82030,3372217,41159,1705634,34844,1649807,6027,16776,43022,1080589,0.132929,38835,1171313,0.14409,50456,2251902,0.277019,8129050
3,2021-03-11,96074,3468291,47008,1752642,40545,1690352,8521,25297,47301,1088974,0.133961,48549,1219862,0.150062,56934,2308836,0.284023,8129050
3,2021-03-12,101160,3569451,45203,1797845,44111,1734463,11846,37143,46631,1094275,0.134613,54351,1274213,0.156748,59652,2368488,0.291361,8129050
3,2021-03-13,69274,3638725,29555,1827400,32520,1766983,7199,44342,36487,1106693,0.136141,32685,1306898,0.160769,45103,2413591,0.296909,8129050
3,2021-03-14,40650,3679375,21505,1848905,15620,1782603,3525,47867,20894,1112055,0.1368,19696,1326594,0.163192,25058,2438649,0.299992,8129050
3,2021-03-15,74951,3754326,35648,1884553,34783,1817386,4520,52387,39744,1122286,0.138059,35041,1361635,0.167502,45272,2483921,0.305561,8129050
3,2021-03-16,94332,3848658,43540,1928093,46500,1863886,4292,56679,53448,1140252,0.140269,40700,1402335,0.172509,58666,2542587,0.312778,8129050
3,2021-03-17,97028,3945686,47175,1975268,45409,1909295,4444,61123,59380,1167302,0.143596,37451,1439786,0.177116,64501,2607088,0.320713,8129050
3,2021-03-18,102242,4047928,52014,2027282,45830,1955125,4398,65521,59560,1189358,0.14631,42457,1482243,0.182339,64513,2671601,0.328649,8129050
3,2021-03-19,102274,4150202,54866,2082148,42994,1998119,4414,69935,58009,1208294,0.148639,44031,1526274,0.187756,62967,2734568,0.336395,8129050
3,2021-03-20,70958,4221160,36636,2118784,30738,2028857,3584,73519,44308,1230197,0.151333,26489,1552763,0.191014,48392,2782960,0.342348,8129050
3,2021-03-21,35764,4256924,24405,2143189,9872,2038729,1487,75006,23120,1242705,0.152872,12570,1565333,0.19256,25078,2808038,0.345432,8129050
3,2021-03-22,69806,4326730,41059,2184248,26244,2064973,2503,77509,45275,1267151,0.155879,24344,1589677,0.195555,48790,2856828,0.351434,8129050
3,2021-03-23,88995,4415725,49150,2233398,37333,2102306,2512,80021,55138,1291877,0.158921,33630,1623307,0.199692,58356,2915184,0.358613,8129050
3,2021-03-24,98036,4513761,56543,2289941,38635,2140941,2858,82879,56654,1310920,0.161264,41079,1664386,0.204745,60122,2975306,0.366009,8129050
3,2021-03-25,106585,4620346,59393,2349334,44276,2185217,2916,85795,60787,1329759,0.163581,45515,1709901,0.210345,64354,3039660,0.373926,8129050
3,2021-03-26,109803,4730149,59049,2408383,47507,2232724,3247,89042,57508,1339344,0.16476,52021,1761922,0.216744,61606,3101266,0.381504,8129050
3,2021-03-27,73762,4803911,37571,2445954,33655,2266379,2536,91578,36438,1341850,0.165068,37142,1799064,0.221313,39648,3140914,0.386381,8129050
3,2021-03-28,43869,4847780,27762,2473716,15302,2281681,805,92383,22730,1344845,0.165437,21041,1820105,0.223901,24036,3164950,0.389338,8129050
3,2021-03-29,80131,4927911,41968,2515684,36327,2318008,1836,94219,44620,1356805,0.166908,35303,1855408,0.228244,47263,3212213,0.395152,8129050
3,2021-03-30,99399,5027310,48993,2564677,46800,2364808,3606,97825,56040,1373914,0.169013,43140,1898548,0.233551,60249,3272462,0.402564,8129050
3,2021-03-31,104444,5131754,56506,2621183,43141,2407949,4797,102622,56434,1387654,0.170703,47835,1946383,0.239435,61575,3334037,0.410139,8129050
3,2021-04-01,122600,5254354,62206,2683389,50785,2458734,9609,112231,66752,1408820,0.173307,55556,2001939,0.24627,76722,3410759,0.419577,8129050
3,2021-04-02,117284,5371638,57362,2740751,49703,2508437,10219,122450,62381,1427294,0.175579,54671,2056610,0.252995,73145,3483904,0.428575,8129050
3,2021-04-03,75736,5447374,38751,2779502,27808,2536245,9177,131627,37926,1437050,0.17678,37694,2094304,0.257632,47450,3531354,0.434412,8129050
3,2021-04-04,32276,5479650,17257,2796759,10841,2547086,4178,135805,14236,1437532,0.176839,17973,2112277,0.259843,18455,3549809,0.436682,8129050
3,2021-04-05,88514,5568164,45019,2841778,34466,2581552,9029,144834,43569,1446218,0.177907,44768,2157045,0.26535,53454,3603263,0.443258,8129050
3,2021-04-06,112507,5680671,54864,2896642,42592,2624144,15051,159885,53206,1456185,0.179133,59071,2216116,0.272617,69038,3672301,0.45175,8129050
3,2021-04-07,115383,5796054,59978,2956620,39250,2663394,16155,176040,56153,1469828,0.180812,59024,2275140,0.279878,72667,3744968,0.46069,8129050
3,2021-04-08,120325,5916379,60196,3016816,40246,2703640,19883,195923,56104,1482694,0.182394,63973,2339113,0.287747,76839,3821807,0.470142,8129050
3,2021-04-09,117090,6033469,58531,3075347,39597,2743237,18962,214885,51603,1488967,0.183166,65287,2404400,0.295779,71560,3893367,0.478945,8129050
3,2021-04-10,82778,6116247,37569,3112916,30134,2773371,15075,229960,33882,1490039,0.183298,48754,2453154,0.301776,49826,3943193,0.485074,8129050
3,2021-04-11,44622,6160869,23990,3136906,12686,2786057,7946,237906,17000,1488278,0.183081,27543,2480697,0.305164,25782,3968975,0.488246,8129050
3,2021-04-12,82949,6243818,41996,3178902,32349,2818406,8604,246510,37883,1490954,0.183411,44884,2525581,0.310686,47560,4016535,0.494096,8129050
3,2021-04-13,104257,6348075,56540,3235442,47510,2865916,207,246717,55240,1498434,0.184331,48836,2574417,0.316693,56316,4072851,0.501024,8129050
3,2021-04-14,105453,6453528,57810,3293252,47552,2913468,91,246808,53086,1500900,0.184634,52132,2626549,0.323107,54598,4127449,0.507741,8129050
3,2021-04-15,117829,6571357,66407,3359659,51366,2964834,56,246864,63494,1511132,0.185893,54102,2680651,0.329762,64334,4191783,0.515655,8129050
3,2021-04-16,113786,6685143,63909,3423568,49787,3014621,90,246954,59630,1517586,0.186687,53917,2734568,0.336395,60371,4252154,0.523081,8129050
3,2021-04-17,77897,6763040,42553,3466121,35333,3049954,11,246965,43477,1527769,0.187939,34256,2768824,0.340609,44439,4296593,0.528548,8129050
3,2021-04-18,36884,6799924,21859,3487980,15022,3064976,3,246968,17362,1526547,0.187789,19444,2788268,0.343,18222,4314815,0.53079,8129050
3,2021-04-19,77968,6877892,43667,3531647,34250,3099226,51,247019,35291,1519875,0.186968,42544,2830812,0.348234,35872,4350687,0.535202,8129050
3,2021-04-20,97812,6975704,50737,3582384,47062,3146288,13,247032,47726,1518760,0.186831,49894,2880706,0.354372,48779,4399466,0.541203,8129050
3,2021-04-21,100762,7076466,55616,3638000,45082,3191370,64,247096,47693,1514679,0.186329,52796,2933502,0.360867,48715,4448181,0.547196,8129050
3,2021-04-22,108598,7185064,60610,3698610,47967,3239337,21,247117,46926,1501158,0.184666,61403,2994905,0.36842,47882,4496063,0.553086,8129050
3,2021-04-23,103007,7288071,58446,3757056,44539,3283876,22,247139,45169,1489791,0.183268,57549,3052454,0.375499,46182,4542245,0.558767,8129050
3,2021-04-24,72644,7360715,45085,3802141,27501,3311377,58,247197,35498,1489396,0.183219,36914,3089368,0.38004,36519,4578764,0.563259,8129050
3,2021-04-25,36176,7396891,23364,3825505,12798,3324175,14,247211,18695,1491120,0.183431,17368,3106736,0.382177,19092,4597856,0.565608,8129050
3,2021-04-26,67365,7464256,37981,3863486,29004,3353179,380,247591,28715,1483049,0.182438,38450,3145186,0.386907,30379,4628235,0.569345,8129050
3,2021-04-27,84700,7548956,44435,3907921,38852,3392031,1413,249004,33908,1468563,0.180656,50537,3195723,0.393124,36051,4664286,0.57378,8129050
3,2021-04-28,83652,7632608,47153,3955074,34402,3426433,2097,251101,33930,1455617,0.179064,49498,3245221,0.399213,36552,4700838,0.578276,8129050
3,2021-04-29,85400,7718008,48499,4003573,34734,3461167,2167,253268,29871,1432846,0.176262,55281,3300502,0.406013,32510,4733348,0.582276,8129050
3,2021-04-30,88050,7806058,49513,4053086,36094,3497261,2443,255711,32705,1413335,0.173862,55104,3355606,0.412792,35593,4768941,0.586654,8129050
3,2021-05-01,54311,7860369,34341,4087427,18537,3515798,1433,257144,19575,1400224,0.172249,34593,3390199,0.417047,21482,4790423,0.589297,8129050
3,2021-05-02,26492,7886861,18013,4105440,7470,3523268,1009,258153,9796,1394480,0.171543,16647,3406846,0.419095,10903,4801326,0.590638,8129050
3,2021-05-03,58715,7945576,34526,4139966,21864,3545132,2325,260478,17227,1372883,0.168886,41323,3448169,0.424179,19726,4821052,0.593065,8129050
3,2021-05-04,75362,8020938,43135,4183101,29598,3574730,2629,263107,22039,1344749,0.165425,53077,3501246,0.430708,24943,4845995,0.596133,8129050
3,2021-05-05,76322,8097260,45517,4228618,28156,3602886,2649,265756,21017,1313632,0.161597,55040,3556286,0.437479,23923,4869918,0.599076,8129050
3,2021-05-06,80957,8178217,51072,4279690,27428,3630314,2457,268213,20279,1276617,0.157044,60299,3616585,0.444896,23284,4893202,0.60194,8129050
3,2021-05-07,79612,8257829,49321,4329011,27717,3658031,2574,270787,21367,1242886,0.152894,57961,3674546,0.452026,24230,4917432,0.604921,8129050
3,2021-05-08,50135,8307964,30958,4359969,17547,3675578,1630,272417,13411,1221743,0.150293,36430,3710976,0.456508,15287,4932719,0.606801,8129050
3,2021-05-09,20344,8328308,14715,4374684,4842,3680420,787,273204,5605,1213584,0.14929,14618,3725594,0.458306,6459,4939178,0.607596,8129050
3,2021-05-10,46601,8374909,24849,4399533,19873,3700293,1879,275083,11053,1191415,0.146563,35353,3760947,0.462655,13184,4952362,0.609218,8129050
3,2021-05-11,59874,8434783,32867,4432400,24968,3725261,2039,277122,15122,1164449,0.143245,44555,3805502,0.468136,17589,4969951,0.611382,8129050
3,2021-05-12,59543,8494326,33770,4466170,23611,3748872,2162,279284,15646,1138835,0.140094,43690,3849192,0.473511,18076,4988027,0.613605,8129050
3,2021-05-13,67839,8562165,42529,4508699,23534,3772406,1776,281060,24619,1122805,0.138123,42994,3892186,0.4788,26964,5014991,0.616922,8129050
3,2021-05-14,77701,8639866,49143,4557842,26468,3798874,2090,283150,30659,1109340,0.136466,46800,3938986,0.484557,33335,5048326,0.621023,8129050
3,2021-05-15,60385,8700251,41613,4599455,17586,3816460,1186,284336,25031,1100578,0.135388,35188,3974174,0.488885,26426,5074752,0.624274,8129050
3,2021-05-16,30900,8731151,23014,4622469,7210,3823670,676,285012,12198,1094914,0.134692,18612,3992786,0.491175,12948,5087700,0.625866,8129050
3,2021-05-17,55741,8786892,35584,4658053,18366,3842036,1791,286803,21990,1085382,0.133519,33513,4026299,0.495298,23981,5111681,0.628817,8129050
3,2021-05-18,63023,8849915,37419,4695472,23783,3865819,1821,288624,25052,1074899,0.132229,37734,4064033,0.499939,27251,5138932,0.632169,8129050
3,2021-05-19,62046,8911961,37928,4733400,22443,3888262,1675,290299,25542,1066091,0.131146,36283,4100316,0.504403,27475,5166407,0.635549,8129050
3,2021-05-20,50809,8962770,29903,4763303,19323,3907585,1583,291882,19298,1055948,0.129898,31299,4131615,0.508253,21156,5187563,0.638151,8129050
3,2021-05-21,54318,9017088,33205,4796508,19312,3926897,1801,293683,19998,1043877,0.128413,34095,4165710,0.512447,22024,5209587,0.64086,8129050
3,2021-05-22,36173,9053261,24338,4820846,10586,3937483,1249,294932,15782,1040820,0.128037,20253,4185963,0.514939,17196,5226783,0.642976,8129050
3,2021-05-23,14270,9067531,10717,4831563,3055,3940538,498,295430,6602,1040359,0.12798,7613,4193576,0.515875,7152,5233935,0.643856,8129050
3,2021-05-24,37274,9104805,21538,4853101,14063,3954601,1673,297103,14176,1033454,0.127131,22944,4216520,0.518698,16039,5249974,0.645829,8129050
3,2021-05-25,40255,9145060,22664,4875765,16044,3970645,1547,298650,14840,1024834,0.126071,25217,4241737,0.5218,16597,5266571,0.64787,8129050
3,2021-05-26,21890,9166950,12195,4887960,8686,3979331,1009,299659,7588,1019354,0.125396,14120,4255857,0.523537,8640,5275211,0.648933,8129050
4,2020-12-15,446,446,446,446,0,0,0,0,446,446,5.5e-05,0,0,0.0,446,446,5.5e-05,8037679
4,2020-12-16,2981,3427,2981,3427,0,0,0,0,2981,3427,0.000426,0,0,0.0,2981,3427,0.000426,8037679
4,2020-12-17,8549,11976,8549,11976,0,0,0,0,8549,11976,0.00149,0,0,0.0,8549,11976,0.00149,8037679
4,2020-12-18,15417,27393,15408,27384,9,9,0,0,15417,27393,0.003408,0,0,0.0,15417,27393,0.003408,8037679
4,2020-12-19,10244,37637,10237,37621,7,16,0,0,10179,37572,0.004674,0,0,0.0,10179,37572,0.004674,8037679
4,2020-12-20,7363,45000,7356,44977,7,23,0,0,7318,44890,0.005585,0,0,0.0,7318,44890,0.005585,8037679
4,2020-12-21,16302,61302,16279,61256,23,46,0,0,16236,61126,0.007605,0,0,0.0,16236,61126,0.007605,8037679
4,2020-12-22,17137,78439,16404,77660,733,779,0,0,17093,78219,0.009732,0,0,0.0,17093,78219,0.009732,8037679
4,2020-12-23,17029,95468,14333,91993,2696,3475,0,0,17001,95220,0.011847,0,0,0.0,17001,95220,0.011847,8037679
4,2020-12-24,8552,104020,5968,97961,2584,6059,0,0,8552,103772,0.012911,0,0,0.0,8552,103772,0.012911,8037679
4,2020-12-25,904,104924,799,98760,105,6164,0,0,904,104676,0.013023,0,0,0.0,904,104676,0.013023,8037679
4,2020-12-26,6227,111151,3877,102637,2350,8514,0,0,6227,110903,0.013798,0,0,0.0,6227,110903,0.013798,8037679
4,2020-12-27,3423,114574,1997,104634,1426,9940,0,0,3423,114326,0.014224,0,0,0.0,3423,114326,0.014224,8037679
4,2020-12-28,14977,129551,9256,113890,5721,15661,0,0,14947,129272,0.016083,1,1,0.0,14947,129273,0.016083,8037679
4,2020-12-29,15251,144802,8439,122329,6812,22473,0,0,15218,144490,0.017977,0,1,0.0,15218,144491,0.017977,8037679
4,2020-12-30,18853,163655,11030,133359,7823,30296,0,0,18841,163329,0.02032,2,3,0.0,18841,163332,0.020321,8037679
4,2020-12-31,8198,171853,3321,136680,4877,35173,0,0,8192,171518,0.021339,3,6,1e-06,8192,171524,0.02134,8037679
4,2021-01-01,1289,173142,551,137231,738,35911,0,0,1287,172803,0.021499,2,8,1e-06,1287,172811,0.0215,8037679
4,2021-01-02,5674,178816,3227,140458,2447,38358,0,0,5673,178475,0.022205,1,9,1e-06,5673,178484,0.022206,8037679
4,2021-01-03,2123,180939,1278,141736,845,39203,0,0,2109,180580,0.022467,4,13,2e-06,2109,180593,0.022468,8037679
4,2021-01-04,12967,193906,7084,148820,5883,45086,0,0,12919,193469,0.02407,30,43,5e-06,12919,193512,0.024076,8037679
4,2021-01-05,16800,210706,9993,158813,6807,51893,0,0,14773,206247,0.02566,2006,2049,0.000255,14784,208296,0.025915,8037679
4,2021-01-06,21474,232180,13171,171984,8303,60196,0,0,15614,216066,0.026882,5808,7857,0.000978,15627,223923,0.027859,8037679
4,2021-01-07,27781,259961,16952,188936,10829,71025,0,0,16978,222314,0.027659,10746,18603,0.002314,16994,240917,0.029973,8037679
4,2021-01-08,32644,292605,20943,209879,11701,82726,0,0,18489,226736,0.028209,14086,32689,0.004067,18508,259425,0.032276,8037679
4,2021-01-09,16170,308775,9567,219446,6603,89329,0,0,9425,229450,0.028547,6722,39411,0.004903,9436,268861,0.03345,8037679
4,2021-01-10,8716,317491,5661,225107,3055,92384,0,0,4113,228989,0.028489,4582,43993,0.005473,4121,272982,0.033963,8037679
4,2021-01-11,33288,350779,21818,246925,11470,103854,0,0,18784,233350,0.029032,14462,58455,0.007273,18823,291805,0.036305,8037679
4,2021-01-12,38272,389051,22036,268961,16236,120090,0,0,24251,243669,0.030316,13972,72427,0.009011,24291,316096,0.039327,8037679
4,2021-01-13,38456,427507,18931,287892,19525,139615,0,0,27248,259788,0.032321,11154,83581,0.010399,27273,343369,0.04272,8037679
4,2021-01-14,38963,466470,14893,302785,24070,163685,0,0,31915,284731,0.035425,7001,90582,0.01127,31944,375313,0.046694,8037679
4,2021-01-15,45110,511580,15610,318395,29500,193185,0,0,39597,318892,0.039675,5456,96038,0.011948,39617,414930,0.051623,8037679
4,2021-01-16,28530,540110,9329,327724,19201,212386,0,0,25423,341261,0.042458,3070,99108,0.01233,25439,440369,0.054788,8037679
4,2021-01-17,18966,559076,6656,334380,12310,224696,0,0,17456,357247,0.044447,1485,100593,0.012515,17471,457840,0.056962,8037679
4,2021-01-18,29377,588453,13605,347985,15772,240468,0,0,23410,374811,0.046632,5872,106465,0.013246,23436,481276,0.059877,8037679
4,2021-01-19,45947,634400,23116,371101,22831,263299,0,0,36634,402260,0.050047,9258,115723,0.014398,36707,517983,0.064444,8037679
4,2021-01-20,51602,686002,27359,398460,24243,287542,0,0,41221,433251,0.053903,10284,126007,0.015677,41275,559258,0.06958,8037679
4,2021-01-21,56291,742293,24878,423338,31413,318955,0,0,49906,476875,0.05933,6324,132331,0.016464,49948,609206,0.075794,8037679
4,2021-01-22,54859,797152,22048,445386,32811,351766,0,0,49776,521691,0.064906,4988,137319,0.017084,49804,659010,0.08199,8037679
4,2021-01-23,39374,836526,17392,462778,21982,373748,0,0,35078,552510,0.06874,4287,141606,0.017618,35106,694116,0.086358,8037679
4,2021-01-24,23907,860433,10490,473268,13417,387165,0,0,22038,572703,0.071252,1861,143467,0.017849,22054,716170,0.089102,8037679
4,2021-01-25,47699,908132,22066,495334,25633,412798,0,0,36644,598376,0.074446,11025,154492,0.019221,36698,752868,0.093667,8037679
4,2021-01-26,56321,964453,28760,524094,27561,440359,0,0,44194,630555,0.07845,12073,166565,0.020723,44252,797120,0.099173,8037679
4,2021-01-27,55096,1019549,26576,550670,28520,468879,0,0,44262,664106,0.082624,10763,177328,0.022062,44314,841434,0.104686,8037679
4,2021-01-28,56142,1075691,25377,576047,30765,499644,0,0,46274,700641,0.08717,9780,187108,0.023279,46315,887749,0.110448,8037679
4,2021-01-29,56100,1131791,27014,603061,29086,528730,0,0,45838,736387,0.091617,10122,197230,0.024538,45868,933617,0.116155,8037679
4,2021-01-30,37533,1169324,17111,620172,20422,549152,0,0,32245,763413,0.094979,5243,202473,0.02519,32269,965886,0.12017,8037679
4,2021-01-31,23781,1193105,12488,632660,11293,560445,0,0,22188,784041,0.097546,1576,204049,0.025387,22204,988090,0.122932,8037679
4,2021-02-01,49636,1242741,24108,656768,25528,585973,0,0,38066,810612,0.100852,11532,215581,0.026821,38103,1026193,0.127673,8037679
4,2021-02-02,54865,1297606,25327,682095,29538,615511,0,0,42167,840184,0.104531,12637,228218,0.028394,42209,1068402,0.132924,8037679
4,2021-02-03,61739,1359345,30330,712425,31409,646920,0,0,47561,873733,0.108705,14067,242285,0.030144,47616,1116018,0.138848,8037679
4,2021-02-04,67266,1426611,31345,743770,35921,682841,0,0,50648,908018,0.11297,16469,258754,0.032193,50754,1166772,0.145163,8037679
4,2021-02-05,72737,1499348,33707,777477,39030,721871,0,0,50804,937263,0.116609,21691,280445,0.034891,50936,1217708,0.1515,8037679
4,2021-02-06,48072,1547420,26049,803526,22023,743894,0,0,36648,962719,0.119776,11392,291837,0.036309,36848,1254556,0.156084,8037679
4,2021-02-07,26326,1573746,17382,820908,8944,752838,0,0,19940,976535,0.121495,6360,298197,0.0371,20176,1274732,0.158595,8037679
4,2021-02-08,58203,1631949,29913,850821,28290,781128,0,0,37909,994532,0.123734,20170,318367,0.039609,38167,1312899,0.163343,8037679
4,2021-02-09,66927,1698876,34104,884925,32823,813951,0,0,39315,1006703,0.125248,27544,345911,0.043036,39715,1352614,0.168284,8037679
4,2021-02-10,76871,1775747,38454,923379,38417,852368,0,0,40860,1012322,0.125947,35782,381693,0.047488,41401,1394015,0.173435,8037679
4,2021-02-11,80714,1856461,42110,965489,38604,890972,0,0,41764,1016013,0.126406,38735,420428,0.052307,42426,1436441,0.178713,8037679
4,2021-02-12,83838,1940299,37575,1003064,46263,937235,0,0,43258,1019657,0.12686,40399,460827,0.057333,44043,1480484,0.184193,8037679
4,2021-02-13,58405,1998704,29628,1032692,28777,966012,0,0,29827,1021923,0.127142,28458,489285,0.060874,30724,1511208,0.188015,8037679
4,2021-02-14,36583,2035287,18973,1051665,17610,983622,0,0,18828,1023700,0.127363,17707,506992,0.063077,19484,1530692,0.19044,8037679
4,2021-02-15,45913,2081200,21501,1073166,24412,1008034,0,0,23662,1026350,0.127692,22186,529178,0.065837,24836,1555528,0.19353,8037679
4,2021-02-16,79546,2160746,36412,1109578,43134,1051168,0,0,40636,1029387,0.12807,38815,567993,0.070666,41852,1597380,0.198736,8037679
4,2021-02-17,80926,2241672,38177,1147755,42749,1093917,0,0,38674,1027093,0.127785,42096,610089,0.075904,39802,1637182,0.203688,8037679
4,2021-02-18,82687,2324359,45498,1193253,37189,1131106,0,0,38326,1022680,0.127236,44213,654302,0.081404,39800,1676982,0.20864,8037679
4,2021-02-19,81727,2406086,51410,1244663,30317,1161423,0,0,41040,1023858,0.127382,40552,694854,0.08645,41730,1718712,0.213832,8037679
4,2021-02-20,48275,2454361,32238,1276901,16037,1177460,0,0,26439,1029199,0.128047,21785,716639,0.08916,27126,1745838,0.217207,8037679
4,2021-02-21,28793,2483154,23171,1300072,5622,1183082,0,0,13912,1028575,0.127969,14822,731461,0.091004,14198,1760036,0.218973,8037679
4,2021-02-22,52381,2535535,36090,1336162,16291,1199373,0,0,25506,1027739,0.127865,26789,758250,0.094337,25953,1785989,0.222202,8037679
4,2021-02-23,73154,2608689,40602,1376764,32552,1231925,0,0,32418,1021207,0.127052,40615,798865,0.09939,34083,1820072,0.226442,8037679
4,2021-02-24,87960,2696649,46406,1423170,41554,1273479,0,0,39976,1015548,0.126348,47785,846650,0.105335,42126,1862198,0.231684,8037679
4,2021-02-25,98210,2794859,51156,1474326,47054,1320533,0,0,47198,1014430,0.126209,50863,897513,0.111663,49745,1911943,0.237873,8037679
4,2021-02-26,104177,2899036,52546,1526872,51631,1372164,0,0,53927,1020663,0.126985,50033,947546,0.117888,56266,1968209,0.244873,8037679
4,2021-02-27,75643,2974679,41304,1568176,34333,1406497,6,6,40526,1027678,0.127858,34993,982539,0.122242,42008,2010217,0.250099,8037679
4,2021-02-28,45070,3019749,27949,1596125,17119,1423616,2,8,25108,1033836,0.128624,19830,1002369,0.124709,25988,2036205,0.253332,8037679
4,2021-03-01,75421,3095170,44305,1640430,31094,1454710,22,30,41736,1043309,0.129802,33467,1035836,0.128873,42940,2079145,0.258675,8037679
4,2021-03-02,84547,3179717,48732,1689162,35810,1490520,5,35,50282,1061262,0.132036,34119,1069955,0.133117,52072,2131217,0.265153,8037679
4,2021-03-03,98937,3278654,52511,1741673,46414,1536934,12,47,55197,1074692,0.133707,43550,1113505,0.138536,56980,2188197,0.272242,8037679
4,2021-03-04,96173,3374827,53492,1795165,42665,1579599,16,63,52932,1086360,0.135158,43050,1156555,0.143892,54718,2242915,0.27905,8037679
4,2021-03-05,93832,3468659,50728,1845893,42791,1622390,313,376,55746,1106447,0.137658,37896,1194451,0.148606,57983,2300898,0.286264,8037679
4,2021-03-06,75729,3544388,42772,1888665,30354,1652744,2603,2979,46566,1127903,0.140327,29057,1223508,0.152222,50513,2351411,0.292549,8037679
4,2021-03-07,42388,3586776,27152,1915817,14074,1666818,1162,4141,25455,1138733,0.141674,16874,1240382,0.154321,27704,2379115,0.295995,8037679
4,2021-03-08,65959,3652735,34593,1950410,28196,1695014,3170,7311,43624,1164634,0.144897,22235,1262617,0.157087,48136,2427251,0.301984,8037679
4,2021-03-09,80752,3733487,41054,1991464,34596,1729610,5102,12413,43712,1177690,0.146521,36890,1299507,0.161677,49946,2477197,0.308198,8037679
4,2021-03-10,90348,3823835,46784,2038248,36159,1765769,7405,19818,45784,1187440,0.147734,44411,1343918,0.167202,54161,2531358,0.314936,8037679
4,2021-03-11,99993,3923828,52627,2090875,39004,1804773,8362,28180,46322,1189785,0.148026,53470,1397388,0.173855,55815,2587173,0.321881,8037679
4,2021-03-12,104052,4027880,51421,2142296,42381,1847154,10250,38430,44663,1186510,0.147618,59171,1456559,0.181216,55896,2643069,0.328835,8037679
4,2021-03-13,80455,4108335,37609,2179905,34466,1881620,8380,46810,37845,1191419,0.148229,42494,1499053,0.186503,47403,2690472,0.334732,8037679
4,2021-03-14,49441,4157776,28296,2208201,17539,1899159,3606,50416,23352,1193007,0.148427,26008,1525061,0.189739,27596,2718068,0.338166,8037679
4,2021-03-15,83444,4241220,44855,2253056,34365,1933524,4224,54640,42916,1200661,0.149379,40329,1565390,0.194756,47983,2766051,0.344136,8037679
4,2021-03-16,107078,4348298,55734,2308790,47962,1981486,3382,58022,57022,1211926,0.150781,49846,1615236,0.200958,61111,2827162,0.351739,8037679
4,2021-03-17,105713,4454011,56918,2365708,45369,2026855,3426,61448,62221,1234878,0.153636,43267,1658503,0.206341,66219,2893381,0.359977,8037679
4,2021-03-18,105913,4559924,58734,2424442,43538,2070393,3641,65089,60697,1254681,0.1561,44973,1703476,0.211936,64776,2958157,0.368036,8037679
4,2021-03-19,110345,4670269,63458,2487900,41731,2112124,5156,70245,63652,1277430,0.15893,46473,1749949,0.217718,69222,3027379,0.376648,8037679
4,2021-03-20,82924,4753193,48574,2536474,31369,2143493,2981,73226,51265,1300450,0.161794,31541,1781490,0.221642,54561,3081940,0.383437,8037679
4,2021-03-21,47787,4800980,34656,2571130,10870,2154363,2261,75487,29032,1313442,0.163411,18656,1800146,0.223963,31648,3113588,0.387374,8037679
4,2021-03-22,81531,4882511,53379,2624509,25444,2179807,2708,78195,51481,1338492,0.166527,29857,1830003,0.227678,54907,3168495,0.394205,8037679
4,2021-03-23,103705,4986216,61963,2686472,39602,2219409,2140,80335,62043,1361791,0.169426,41416,1871419,0.232831,64715,3233210,0.402257,8037679
4,2021-03-24,112819,5099035,72916,2759388,37526,2256935,2377,82712,64177,1380564,0.171762,48240,1919659,0.238833,67013,3300223,0.410594,8037679
4,2021-03-25,116221,5215256,71671,2831059,42187,2299122,2363,85075,67071,1401754,0.174398,48724,1968383,0.244894,69914,3370137,0.419292,8037679
4,2021-03-26,118959,5334215,72323,2903382,43611,2342733,3025,88100,65634,1418009,0.17642,53015,2021398,0.25149,69270,3439407,0.42791,8037679
4,2021-03-27,90829,5425044,53958,2957340,35087,2377820,1784,89884,46489,1422626,0.176995,44139,2065537,0.256982,48756,3488163,0.433976,8037679
4,2021-03-28,55432,5480476,36635,2993975,17930,2395750,867,90751,30037,1428589,0.177737,25261,2090798,0.260125,31224,3519387,0.437861,8037679
4,2021-03-29,92920,5573396,55901,3049876,34946,2430696,2073,92824,50904,1440307,0.179194,41814,2132612,0.265327,53532,3572919,0.444521,8037679
4,2021-03-30,116581,5689977,63710,3113586,48731,2479427,4140,96964,69400,1467307,0.182554,46988,2179600,0.271173,73988,3646907,0.453726,8037679
4,2021-03-31,120369,5810346,71223,3184809,42856,2522283,6290,103254,67992,1489736,0.185344,52087,2231687,0.277653,74516,3721423,0.462997,8037679
4,2021-04-01,141564,5951910,80967,3265776,47444,2569727,13153,116407,83797,1529498,0.190291,57434,2289121,0.284799,97196,3818619,0.47509,8037679
4,2021-04-02,135806,6087716,72740,3338516,49581,2619308,13485,129892,78728,1565287,0.194744,56823,2345944,0.291868,92612,3911231,0.486612,8037679
4,2021-04-03,100814,6188530,53884,3392400,33582,2652890,13348,143240,52717,1583713,0.197036,47929,2393873,0.297831,66355,3977586,0.494867,8037679
4,2021-04-04,46712,6235242,24659,3417059,14559,2667449,7494,150734,20485,1585604,0.197271,26140,2420013,0.301084,28031,4005617,0.498355,8037679
4,2021-04-05,108734,6343976,61294,3478353,34745,2702194,12695,163429,56934,1604216,0.199587,51621,2471634,0.307506,70233,4075850,0.507093,8037679
4,2021-04-06,137902,6481878,77755,3556108,40516,2742710,19631,183060,71818,1630494,0.202856,65882,2537516,0.315703,92160,4168010,0.518559,8037679
4,2021-04-07,136533,6618411,77544,3633652,38408,2781118,20581,203641,70917,1656981,0.206152,65405,2602921,0.32384,91892,4259902,0.529992,8037679
4,2021-04-08,138793,6757204,77583,3711235,35981,2817099,25229,228870,69180,1682753,0.209358,69372,2672293,0.332471,95144,4355046,0.541829,8037679
4,2021-04-09,136263,6893467,74860,3786095,38703,2855802,22700,251570,65230,1700970,0.211625,70847,2743140,0.341285,89064,4444110,0.55291,8037679
4,2021-04-10,102112,6995579,50557,3836652,32956,2888758,18599,270169,46019,1710764,0.212843,55913,2799053,0.348241,65707,4509817,0.561084,8037679
4,2021-04-11,61851,7057430,37696,3874348,13050,2901808,11105,281274,27116,1715422,0.213423,34652,2833705,0.352553,39310,4549127,0.565975,8037679
4,2021-04-12,101609,7159039,61778,3936126,29826,2931634,10005,291279,51310,1727913,0.214977,50045,2883750,0.358779,62536,4611663,0.573756,8037679
4,2021-04-13,128920,7287959,80874,4017000,47891,2979525,155,291434,77352,1754946,0.21834,51323,2935073,0.365164,78356,4690019,0.583504,8037679
4,2021-04-14,133862,7421821,85297,4102297,48492,3028017,73,291507,74520,1771659,0.220419,59078,2994151,0.372514,75791,4765810,0.592934,8037679
4,2021-04-15,154240,7576061,102780,4205077,51425,3079442,35,291542,95142,1808777,0.225037,58798,3052949,0.37983,95916,4861726,0.604867,8037679
4,2021-04-16,141646,7717707,89961,4295038,51610,3131052,75,291617,82815,1833754,0.228145,58611,3111560,0.387122,83588,4945314,0.615266,8037679
4,2021-04-17,99689,7817396,62952,4357990,36729,3167781,8,291625,58557,1852524,0.23048,40915,3152475,0.392212,59685,5004999,0.622692,8037679
4,2021-04-18,53862,7871258,36007,4393997,17852,3185633,3,291628,30668,1861037,0.231539,23097,3175572,0.395086,31610,5036609,0.626625,8037679
4,2021-04-19,100025,7971283,66113,4460110,33899,3219532,13,291641,51280,1864364,0.231953,48550,3224122,0.401126,51877,5088486,0.633079,8037679
4,2021-04-20,126996,8098279,74556,4534666,52431,3271963,9,291650,66708,1872079,0.232913,60039,3284161,0.408596,67754,5156240,0.641509,8037679
4,2021-04-21,126929,8225208,81478,4616144,45401,3317364,50,291700,64156,1874777,0.233249,62507,3346668,0.416372,65205,5221445,0.649621,8037679
4,2021-04-22,136823,8362031,90147,4706291,46657,3364021,19,291719,61360,1862075,0.231668,75167,3421835,0.425724,62465,5283910,0.657393,8037679
4,2021-04-23,130168,8492199,84123,4790414,46024,3410045,21,291740,56572,1846478,0.229728,73316,3495151,0.434846,57719,5341629,0.664574,8037679
4,2021-04-24,97015,8589214,65898,4856312,31066,3441111,51,291791,44671,1840141,0.228939,52100,3547251,0.441328,45763,5387392,0.670267,8037679
4,2021-04-25,49312,8638526,35054,4891366,14234,3455345,24,291815,26059,1843511,0.229359,23138,3570389,0.444206,26508,5413900,0.673565,8037679
4,2021-04-26,83419,8721945,55211,4946577,27832,3483177,376,292191,32928,1827826,0.227407,50254,3620643,0.450459,34569,5448469,0.677866,8037679
4,2021-04-27,105694,8827639,65031,5011608,38860,3522037,1803,293994,38358,1801641,0.224149,67076,3687719,0.458804,40891,5489360,0.682953,8037679
4,2021-04-28,99374,8927013,64523,5076131,32369,3554406,2482,296476,35623,1776846,0.221065,63517,3751236,0.466706,38722,5528082,0.687771,8037679
4,2021-04-29,100632,9027645,63724,5139855,34410,3588816,2498,298974,31517,1742581,0.216802,68848,3820084,0.475272,34583,5562665,0.692074,8037679
4,2021-04-30,101365,9129010,63764,5203619,34952,3623768,2649,301623,34508,1713811,0.213222,66541,3886625,0.483551,37771,5600436,0.696773,8037679
4,2021-05-01,68237,9197247,45492,5249111,21000,3644768,1745,303368,19855,1687823,0.209989,48210,3934835,0.489549,22222,5622658,0.699538,8037679
4,2021-05-02,37152,9234399,26323,5275434,9558,3654326,1271,304639,10506,1673188,0.208168,26549,3961384,0.492852,11914,5634572,0.70102,8037679
4,2021-05-03,77574,9311973,54268,5329702,20860,3675186,2446,307085,19080,1636764,0.203636,58286,4019670,0.500103,21862,5656434,0.70374,8037679
4,2021-05-04,97986,9409959,66539,5396241,28717,3703903,2730,309815,22249,1586609,0.197396,75494,4095164,0.509496,25339,5681773,0.706892,8037679
4,2021-05-05,98659,9508618,69222,5465463,26733,3730636,2704,312519,21493,1534195,0.190875,76890,4172054,0.519062,24476,5706249,0.709937,8037679
4,2021-05-06,108811,9617429,81420,5546883,24489,3755125,2902,315421,19387,1468570,0.182711,89028,4261082,0.530138,23403,5729652,0.712849,8037679
4,2021-05-07,102390,9719819,73494,5620377,26230,3781355,2666,318087,20254,1410065,0.175432,81823,4342905,0.540318,23318,5752970,0.71575,8037679
4,2021-05-08,65890,9785709,45078,5665455,18951,3800306,1861,319948,13127,1372816,0.170798,52569,4395474,0.546859,15320,5768290,0.717656,8037679
4,2021-05-09,33204,9818913,27078,5692533,5191,3805497,935,320883,7842,1356423,0.168758,25259,4420733,0.550001,8866,5777156,0.718759,8037679
4,2021-05-10,62544,9881457,41529,5734062,18743,3824240,2272,323155,10809,1318239,0.164007,51561,4472294,0.556416,13377,5790533,0.720424,8037679
4,2021-05-11,76805,9958262,46880,5780942,27911,3852151,2014,325169,14925,1273919,0.158493,61675,4533969,0.564089,17355,5807888,0.722583,8037679
4,2021-05-12,72889,10031151,47828,5828770,22810,3874961,2251,327420,15986,1235786,0.153749,56682,4590651,0.571141,18549,5826437,0.72489,8037679
4,2021-05-13,95311,10126462,70018,5898788,23879,3898840,1414,328834,36626,1216349,0.151331,58414,4649065,0.578409,38977,5865414,0.72974,8037679
4,2021-05-14,101075,10227537,71067,5969855,27911,3926751,2097,330931,39309,1196765,0.148894,61500,4710565,0.58606,41916,5907330,0.734955,8037679
4,2021-05-15,82660,10310197,63783,6033638,17580,3944331,1297,332228,36338,1188545,0.147872,46129,4756694,0.591799,37909,5945239,0.739671,8037679
4,2021-05-16,47627,10357824,38410,6072048,8529,3952860,688,332916,19134,1180126,0.146824,28369,4785063,0.595329,19950,5965189,0.742153,8037679
4,2021-05-17,69186,10427010,50442,6122490,16924,3969784,1820,334736,28759,1170671,0.145648,40254,4825317,0.600337,30799,5995988,0.745985,8037679
4,2021-05-18,79554,10506564,51640,6174130,26182,3995966,1732,336468,29935,1153409,0.1435,49281,4874598,0.606468,32019,6028007,0.749969,8037679
4,2021-05-19,74324,10580888,50042,6224172,22387,4018353,1895,338363,31718,1144917,0.142444,42373,4916971,0.61174,33881,6061888,0.754184,8037679
4,2021-05-20,56760,10637648,36598,6260770,18498,4036851,1664,340027,22318,1134895,0.141197,34238,4951209,0.616,24216,6086104,0.757197,8037679
4,2021-05-21,61468,10699116,41033,6301803,18881,4055732,1554,341581,22037,1119460,0.139277,39212,4990421,0.620878,23777,6109881,0.760155,8037679
4,2021-05-22,40068,10739184,28719,6330522,10289,4066021,1060,342641,17783,1116269,0.13888,22170,5012591,0.623637,18979,6128860,0.762516,8037679
4,2021-05-23,15799,10754983,12158,6342680,3128,4069149,513,343154,6685,1114466,0.138655,9056,5021647,0.624763,7253,6136113,0.763419,8037679
4,2021-05-24,40588,10795571,25385,6368065,12272,4081421,2931,346085,14816,1106799,0.137701,25604,5047251,0.627949,17937,6154050,0.76565,8037679
4,2021-05-25,42292,10837863,26132,6394197,13460,4094881,2700,348785,15689,1098982,0.136729,26417,5073668,0.631235,18600,6172650,0.767964,8037679
4,2021-05-26,24366,10862229,14196,6408393,8200,4103081,1970,350755,7608,1091941,0.135853,16669,5090337,0.633309,9628,6182278,0.769162,8037679
