vemquartile,administered_date,total_doses,cumulative_total_doses,pfizer_doses,cumulative_pfizer_doses,moderna_doses,cumulative_moderna_doses,jj_doses,cumulative_jj_doses,partially_vaccinated,total_partially_vaccinated,pct_age12pop_partially_vaccinated,fully_vaccinated,cumulative_fully_vaccinated,pct_age12pop_fully_vaccinated,at_least_one_dose,cumulative_at_least_one_dose,pct_age12pop_at_least_one_dose,age12_population
1,2020-12-15,148,148,148,148,0,0,0,0,148,148,1.7e-05,0,0,0.0,148,148,1.7e-05,8700223
1,2020-12-16,1179,1327,1179,1327,0,0,0,0,1179,1327,0.000153,0,0,0.0,1179,1327,0.000153,8700223
1,2020-12-17,4129,5456,4129,5456,0,0,0,0,4130,5457,0.000627,0,0,0.0,4130,5457,0.000627,8700223
1,2020-12-18,6264,11720,6244,11700,20,20,0,0,6265,11722,0.001347,0,0,0.0,6265,11722,0.001347,8700223
1,2020-12-19,2867,14587,2866,14566,1,21,0,0,2865,14586,0.001677,1,1,0.0,2865,14587,0.001677,8700223
1,2020-12-20,2113,16700,2108,16674,5,26,0,0,2114,16700,0.001919,0,1,0.0,2114,16701,0.00192,8700223
1,2020-12-21,7625,24325,7612,24286,13,39,0,0,7677,24377,0.002802,1,2,0.0,7678,24379,0.002802,8700223
1,2020-12-22,7287,31612,6945,31231,342,381,0,0,7290,31666,0.00364,1,3,0.0,7290,31669,0.00364,8700223
1,2020-12-23,7818,39430,6583,37814,1235,1616,0,0,7812,39478,0.004538,1,4,0.0,7813,39482,0.004538,8700223
1,2020-12-24,3299,42729,2360,40174,939,2555,0,0,3301,42779,0.004917,0,4,0.0,3301,42783,0.004917,8700223
1,2020-12-25,235,42964,151,40325,84,2639,0,0,235,43014,0.004944,0,4,0.0,235,43018,0.004944,8700223
1,2020-12-26,1360,44324,969,41294,391,3030,0,0,1359,44372,0.0051,1,5,1e-06,1359,44377,0.005101,8700223
1,2020-12-27,864,45188,530,41824,334,3364,0,0,864,45236,0.005199,0,5,1e-06,864,45241,0.0052,8700223
1,2020-12-28,7024,52212,4749,46573,2275,5639,0,0,7023,52259,0.006007,0,5,1e-06,7023,52264,0.006007,8700223
1,2020-12-29,8806,61018,4946,51519,3860,9499,0,0,8803,61061,0.007018,1,6,1e-06,8803,61067,0.007019,8700223
1,2020-12-30,11565,72583,6438,57957,5127,14626,0,0,11565,72626,0.008348,0,6,1e-06,11565,72632,0.008348,8700223
1,2020-12-31,5930,78513,1952,59909,3978,18604,0,0,5929,78554,0.009029,2,8,1e-06,5930,78562,0.00903,8700223
1,2021-01-01,541,79054,185,60094,356,18960,0,0,541,79095,0.009091,0,8,1e-06,541,79103,0.009092,8700223
1,2021-01-02,2888,81942,1798,61892,1090,20050,0,0,2890,81985,0.009423,0,8,1e-06,2890,81993,0.009424,8700223
1,2021-01-03,1020,82962,593,62485,427,20477,0,0,1019,83003,0.00954,1,9,1e-06,1019,83012,0.009541,8700223
1,2021-01-04,7318,90280,3607,66092,3711,24188,0,0,7323,90325,0.010382,1,10,1e-06,7323,90335,0.010383,8700223
1,2021-01-05,10749,101029,5273,71365,5476,29664,0,0,10000,99614,0.01145,734,744,8.6e-05,10023,100358,0.011535,8700223
1,2021-01-06,13957,114986,7072,78437,6885,36549,0,0,12079,109858,0.012627,1841,2585,0.000297,12085,112443,0.012924,8700223
1,2021-01-07,17366,132352,9104,87541,8262,44811,0,0,12930,118457,0.013615,4338,6923,0.000796,12937,125380,0.014411,8700223
1,2021-01-08,20064,152416,10415,97956,9649,54460,0,0,14195,126803,0.014575,5854,12777,0.001469,14200,139580,0.016043,8700223
1,2021-01-09,6677,159093,3389,101345,3288,57748,0,0,4835,129816,0.014921,1826,14603,0.001678,4839,144419,0.016599,8700223
1,2021-01-10,3061,162154,1767,103112,1294,59042,0,0,1875,130522,0.015002,1170,15773,0.001813,1876,146295,0.016815,8700223
1,2021-01-11,18032,180186,11811,114923,6221,65263,0,0,11511,135576,0.015583,6494,22267,0.002559,11548,157843,0.018142,8700223
1,2021-01-12,18899,199085,10732,125655,8167,73430,0,0,12945,142643,0.016395,5913,28180,0.003239,12980,170823,0.019634,8700223
1,2021-01-13,19703,218788,10656,136311,9047,82477,0,0,14582,152143,0.017487,5097,33277,0.003825,14597,185420,0.021312,8700223
1,2021-01-14,21895,240683,9414,145725,12481,94958,0,0,19161,168671,0.019387,2676,35953,0.004132,19204,204624,0.023519,8700223
1,2021-01-15,25066,265749,9235,154960,15831,110789,0,0,23140,189982,0.021836,1877,37830,0.004348,23188,227812,0.026185,8700223
1,2021-01-16,13850,279599,4530,159490,9320,120109,0,0,12991,202118,0.023231,857,38687,0.004447,12993,240805,0.027678,8700223
1,2021-01-17,5178,284777,1990,161480,3188,123297,0,0,4811,206571,0.023743,363,39050,0.004488,4816,245621,0.028232,8700223
1,2021-01-18,14213,298990,8542,170022,5671,128968,0,0,11058,214532,0.024658,3143,42193,0.00485,11104,256725,0.029508,8700223
1,2021-01-19,24609,323599,12856,182878,11753,140721,0,0,19437,228863,0.026305,5157,47350,0.005442,19488,276213,0.031748,8700223
1,2021-01-20,28594,352193,14031,196909,14563,155284,0,0,22981,246319,0.028312,5560,52910,0.006081,23016,299229,0.034393,8700223
1,2021-01-21,30639,382832,14239,211148,16400,171684,0,0,27502,270822,0.031128,3079,55989,0.006435,27582,326811,0.037564,8700223
1,2021-01-22,28082,410914,11122,222270,16960,188644,0,0,26114,295035,0.033911,1927,57916,0.006657,26140,352951,0.040568,8700223
1,2021-01-23,18674,429588,8182,230452,10492,199136,0,0,16756,309896,0.035619,1904,59820,0.006876,16765,369716,0.042495,8700223
1,2021-01-24,6657,436245,4155,234607,2502,201638,0,0,6008,315266,0.036237,643,60463,0.00695,6013,375729,0.043186,8700223
1,2021-01-25,25139,461384,10396,245003,14743,216381,0,0,19505,329248,0.037844,5612,66075,0.007595,19594,395323,0.045438,8700223
1,2021-01-26,28425,489809,13312,258315,15113,231494,0,0,21874,344634,0.039612,6505,72580,0.008342,21891,417214,0.047954,8700223
1,2021-01-27,32180,521989,15319,273634,16861,248355,0,0,24246,361034,0.041497,7870,80450,0.009247,24270,441484,0.050744,8700223
1,2021-01-28,34511,556500,16167,289801,18344,266699,0,0,27731,382094,0.043918,6724,87174,0.01002,27784,469268,0.053937,8700223
1,2021-01-29,33300,589800,16312,306113,16988,283687,0,0,26879,402717,0.046288,6289,93463,0.010743,26912,496180,0.057031,8700223
1,2021-01-30,20127,609927,8744,314857,11383,295070,0,0,18038,418697,0.048125,2065,95528,0.01098,18045,514225,0.059105,8700223
1,2021-01-31,7535,617462,4928,319785,2607,297677,0,0,6894,424954,0.048844,640,96168,0.011054,6897,521122,0.059898,8700223
1,2021-02-01,28537,645999,12410,332195,16127,313804,0,0,20926,438316,0.05038,7569,103737,0.011923,20931,542053,0.062303,8700223
1,2021-02-02,31978,677977,11473,343668,20505,334309,0,0,24117,454669,0.052259,7797,111534,0.01282,24150,566203,0.065079,8700223
1,2021-02-03,39041,717018,14975,358643,24066,358375,0,0,28242,472271,0.054283,10671,122205,0.014046,28273,594476,0.068329,8700223
1,2021-02-04,43492,760510,16941,375584,26551,384926,0,0,31633,492197,0.056573,11754,133959,0.015397,31680,626156,0.07197,8700223
1,2021-02-05,46661,807171,17321,392905,29340,414266,0,0,30728,507163,0.058293,15815,149774,0.017215,30781,656937,0.075508,8700223
1,2021-02-06,26430,833601,10457,403362,15973,430239,0,0,20608,522002,0.059999,5786,155560,0.01788,20625,677562,0.077879,8700223
1,2021-02-07,6203,839804,3980,407342,2223,432462,0,0,4619,525071,0.060351,1568,157128,0.01806,4637,682199,0.078412,8700223
1,2021-02-08,31090,870894,14107,421449,16983,449445,0,0,20783,535698,0.061573,10245,167373,0.019238,20872,703071,0.080811,8700223
1,2021-02-09,38200,909094,16787,438236,21413,470858,0,0,23673,544866,0.062627,14577,181950,0.020913,23745,726816,0.08354,8700223
1,2021-02-10,46599,955693,21896,460132,24703,495561,0,0,26885,552195,0.063469,19634,201584,0.02317,26963,753779,0.086639,8700223
1,2021-02-11,51181,1006874,25123,485255,26058,521619,0,0,30845,563081,0.06472,20057,221641,0.025475,30943,784722,0.090196,8700223
1,2021-02-12,49348,1056222,21272,506527,28076,549695,0,0,28499,570960,0.065626,20753,242394,0.027861,28632,813354,0.093487,8700223
1,2021-02-13,26076,1082298,11338,517865,14738,564433,0,0,15149,575325,0.066128,10860,253254,0.029109,15225,828579,0.095237,8700223
1,2021-02-14,11591,1093889,5465,523330,6126,570559,0,0,6616,577057,0.066327,4949,258203,0.029678,6681,835260,0.096004,8700223
1,2021-02-15,23521,1117410,9249,532579,14272,584831,0,0,14357,582467,0.066949,9063,267266,0.030719,14473,849733,0.097668,8700223
1,2021-02-16,46373,1163783,22110,554689,24263,609094,0,0,27360,590990,0.067928,18949,286215,0.032897,27472,877205,0.100826,8700223
1,2021-02-17,47740,1211523,24072,578761,23668,632762,0,0,25962,595429,0.068438,21667,307882,0.035388,26106,903311,0.103826,8700223
1,2021-02-18,50163,1261686,24971,603732,25192,657954,0,0,26174,598023,0.068737,23795,331677,0.038123,26389,929700,0.106859,8700223
1,2021-02-19,45412,1307098,24571,628303,20841,678795,0,0,25758,604285,0.069456,19558,351235,0.040371,25820,955520,0.109827,8700223
1,2021-02-20,26810,1333908,16323,644626,10487,689282,0,0,15439,608468,0.069937,11332,362567,0.041673,15515,971035,0.11161,8700223
1,2021-02-21,11366,1345274,10131,654757,1235,690517,0,0,6800,610800,0.070205,4524,367091,0.042193,6856,977891,0.112398,8700223
1,2021-02-22,29886,1375160,19594,674351,10292,700809,0,0,17641,616348,0.070843,12193,379284,0.043595,17741,995632,0.114438,8700223
1,2021-02-23,42797,1417957,20881,695232,21916,722725,0,0,23997,622029,0.071496,18676,397960,0.045741,24357,1019989,0.117237,8700223
1,2021-02-24,52808,1470765,25559,720791,27249,749974,0,0,29660,629080,0.072306,23056,421016,0.048391,30107,1050096,0.120698,8700223
1,2021-02-25,64934,1535699,31551,752342,33383,783357,0,0,40741,646223,0.074277,24098,445114,0.051161,41241,1091337,0.125438,8700223
1,2021-02-26,72788,1608487,34145,786487,38643,822000,0,0,48056,670163,0.077028,24587,469701,0.053987,48527,1139864,0.131015,8700223
1,2021-02-27,49840,1658327,22979,809466,26855,848855,6,6,33194,687090,0.078974,16537,486238,0.055888,33464,1173328,0.134862,8700223
1,2021-02-28,19086,1677413,11364,820830,7721,856576,1,7,14100,696402,0.080044,4930,491168,0.056455,14242,1187570,0.136499,8700223
1,2021-03-01,43661,1721074,20080,840910,23558,880134,23,30,28356,709820,0.081586,15192,506360,0.058201,28610,1216180,0.139787,8700223
1,2021-03-02,61509,1782583,26777,867687,34727,914861,5,35,39700,728436,0.083726,21700,528060,0.060695,40316,1256496,0.144421,8700223
1,2021-03-03,68677,1851260,32489,900176,36173,951034,15,50,41829,744149,0.085532,26727,554787,0.063767,42440,1298936,0.149299,8700223
1,2021-03-04,77083,1928343,36130,936306,40920,991954,33,83,49676,767115,0.088172,27253,582040,0.066899,50219,1349155,0.155071,8700223
1,2021-03-05,76453,2004796,34685,970991,41565,1033519,203,286,51398,794489,0.091318,24857,606897,0.069756,52231,1401386,0.161075,8700223
1,2021-03-06,57003,2061799,27219,998210,28457,1061976,1327,1613,38861,816960,0.093901,18081,624978,0.071835,40552,1441938,0.165736,8700223
1,2021-03-07,20053,2081852,12801,1011011,6448,1068424,804,2417,15072,828135,0.095185,4963,629941,0.072405,16138,1458076,0.167591,8700223
1,2021-03-08,44059,2125911,21072,1032083,21132,1089556,1855,4272,30907,848156,0.097487,13079,643020,0.073908,33100,1491176,0.171395,8700223
1,2021-03-09,65502,2191413,31586,1063669,31445,1121001,2471,6743,40507,866586,0.099605,24891,667911,0.076769,43321,1534497,0.176374,8700223
1,2021-03-10,72247,2263660,36080,1099749,31800,1152801,4367,11110,44920,889045,0.102186,27198,695109,0.079896,49657,1584154,0.182082,8700223
1,2021-03-11,88670,2352330,40435,1140184,40309,1193110,7926,19036,52018,913023,0.104942,36432,731541,0.084083,60410,1644564,0.189025,8700223
1,2021-03-12,97188,2449518,42574,1182758,42281,1235391,12333,31369,57039,942930,0.10838,39971,771512,0.088677,69878,1714442,0.197057,8700223
1,2021-03-13,64479,2513997,29314,1212072,27408,1262799,7757,39126,41150,968996,0.111376,23224,794736,0.091347,49290,1763732,0.202723,8700223
1,2021-03-14,27512,2541509,14839,1226911,9106,1271905,3567,42693,15651,976604,0.11225,11811,806547,0.092704,19419,1783151,0.204955,8700223
1,2021-03-15,64274,2605783,28100,1255011,29504,1301409,6670,49363,38097,995709,0.114446,26014,832561,0.095694,45119,1828270,0.210141,8700223
1,2021-03-16,84673,2690456,38368,1293379,40758,1342167,5547,54910,52822,1022769,0.117557,31684,864245,0.099336,58744,1887014,0.216893,8700223
1,2021-03-17,91460,2781916,44110,1337489,40800,1382967,6550,61460,58989,1056366,0.121418,32312,896557,0.10305,65909,1952923,0.224468,8700223
1,2021-03-18,97402,2879318,50076,1387565,41719,1424686,5607,67067,59699,1084735,0.124679,37396,933953,0.107348,65765,2018688,0.232027,8700223
1,2021-03-19,102472,2981790,52968,1440533,43381,1468067,6123,73190,60849,1110807,0.127676,41379,975332,0.112104,67451,2086139,0.23978,8700223
1,2021-03-20,71877,3053667,36975,1477508,29668,1497735,5234,78424,46482,1137535,0.130748,25243,1000575,0.115006,51971,2138110,0.245753,8700223
1,2021-03-21,26855,3080522,18753,1496261,6299,1504034,1803,80227,17402,1147444,0.131887,9382,1009957,0.116084,19291,2157401,0.247971,8700223
1,2021-03-22,58495,3139017,30070,1526331,25157,1529191,3268,83495,39802,1172352,0.13475,18517,1028474,0.118212,43425,2200826,0.252962,8700223
1,2021-03-23,81941,3220958,41545,1567876,36792,1565983,3604,87099,51025,1196705,0.137549,30731,1059205,0.121745,55084,2255910,0.259293,8700223
1,2021-03-24,86886,3307844,43853,1611729,38697,1604680,4336,91435,52826,1220206,0.14025,33840,1093045,0.125634,57341,2313251,0.265884,8700223
1,2021-03-25,95451,3403295,48529,1660258,41134,1645814,5788,97223,53930,1238903,0.142399,41249,1134294,0.130375,59946,2373197,0.272774,8700223
1,2021-03-26,103474,3506769,50491,1710749,46693,1692507,6290,103513,56282,1254865,0.144234,46913,1181207,0.135767,62875,2436072,0.280001,8700223
1,2021-03-27,73423,3580192,38145,1748894,31106,1723613,4172,107685,38240,1262489,0.14511,34992,1216199,0.139789,42616,2478688,0.284899,8700223
1,2021-03-28,32400,3612592,21223,1770117,9974,1733587,1203,108888,16665,1265054,0.145405,15635,1231834,0.141586,18200,2496888,0.286991,8700223
1,2021-03-29,66151,3678743,33229,1803346,29827,1763414,3095,111983,36959,1276291,0.146696,29036,1260870,0.144924,40273,2537161,0.29162,8700223
1,2021-03-30,90610,3769353,44682,1848028,39654,1803068,6274,118257,47216,1286637,0.147886,43256,1304126,0.149896,53602,2590763,0.297781,8700223
1,2021-03-31,99438,3868791,52113,1900141,41409,1844477,5916,124173,55267,1304003,0.149882,43918,1348044,0.154944,61284,2652047,0.304825,8700223
1,2021-04-01,109730,3978521,52841,1952982,48516,1892993,8373,132546,56725,1316506,0.151319,52698,1400742,0.161001,65201,2717248,0.312319,8700223
1,2021-04-02,109366,4087887,50045,2003027,49772,1942765,9549,142095,56231,1329790,0.152846,52773,1453515,0.167066,66057,2783305,0.319912,8700223
1,2021-04-03,77262,4165149,38699,2041726,28978,1971743,9585,151680,36118,1334586,0.153397,40994,1494509,0.171778,45790,2829095,0.325175,8700223
1,2021-04-04,23633,4188782,11767,2053493,8412,1980155,3454,155134,9951,1334349,0.15337,13637,1508146,0.173346,13400,2842495,0.326715,8700223
1,2021-04-05,75343,4264125,36271,2089764,29972,2010127,9100,164234,34422,1337348,0.153714,40748,1548894,0.178029,43747,2886242,0.331743,8700223
1,2021-04-06,102410,4366535,48523,2138287,37425,2047552,16462,180696,46561,1344865,0.154578,55624,1604518,0.184423,63141,2949383,0.339001,8700223
1,2021-04-07,109584,4476119,52921,2191208,39334,2086886,17329,198025,49935,1352882,0.1555,59424,1663942,0.191253,67441,3016824,0.346752,8700223
1,2021-04-08,120147,4596266,56609,2247817,42869,2129755,20669,218694,53166,1360345,0.156357,66674,1730616,0.198916,74137,3090961,0.355274,8700223
1,2021-04-09,120937,4717203,55388,2303205,45225,2174980,20324,239018,53564,1367508,0.157181,67073,1797689,0.206626,74236,3165197,0.363806,8700223
1,2021-04-10,94205,4811408,42022,2345227,29725,2204705,22458,261476,36895,1369851,0.15745,57151,1854840,0.213195,59494,3224691,0.370645,8700223
1,2021-04-11,35771,4847179,19972,2365199,9250,2213955,6549,268025,14563,1369933,0.15746,21165,1876005,0.215627,21247,3245938,0.373087,8700223
1,2021-04-12,72574,4919753,32232,2397431,30478,2244433,9864,277889,30833,1369279,0.157384,41516,1917521,0.220399,40862,3286800,0.377783,8700223
1,2021-04-13,95477,5015230,51053,2448484,44093,2288526,331,278220,51510,1377724,0.158355,43740,1961261,0.225427,52185,3338985,0.383782,8700223
1,2021-04-14,102419,5117649,52880,2501364,49471,2337997,68,278288,52137,1380328,0.158654,49968,2011229,0.23117,52572,3391557,0.389824,8700223
1,2021-04-15,103907,5221556,56268,2557632,47555,2385552,84,278372,55648,1388473,0.159591,47754,2058983,0.236659,55899,3447456,0.396249,8700223
1,2021-04-16,108386,5329942,55832,2613464,52465,2438017,89,278461,54446,1389658,0.159727,53527,2112510,0.242811,54712,3502168,0.402538,8700223
1,2021-04-17,81267,5411209,44097,2657561,37162,2475179,8,278469,45649,1400045,0.160921,35434,2147944,0.246884,45821,3547989,0.407804,8700223
1,2021-04-18,28642,5439851,19185,2676746,9451,2484630,6,278475,14485,1400645,0.16099,14089,2162033,0.248503,14689,3562678,0.409493,8700223
1,2021-04-19,64445,5504296,32820,2709566,31613,2516243,12,278487,29248,1395124,0.160355,34907,2196940,0.252515,29386,3592064,0.41287,8700223
1,2021-04-20,85489,5589785,42565,2752131,42905,2559148,19,278506,40607,1391326,0.159918,44624,2241564,0.257644,40826,3632890,0.417563,8700223
1,2021-04-21,91391,5681176,46556,2798687,44742,2603890,93,278599,40894,1382477,0.158901,50044,2291608,0.263396,41195,3674085,0.422298,8700223
1,2021-04-22,93985,5775161,48539,2847226,45430,2649320,16,278615,43280,1375691,0.158121,50296,2341904,0.269177,43510,3717595,0.427299,8700223
1,2021-04-23,97877,5873038,50246,2897472,47605,2696925,26,278641,46504,1371481,0.157637,50956,2392860,0.275034,46746,3764341,0.432672,8700223
1,2021-04-24,73022,5946060,46033,2943505,26975,2723900,14,278655,41214,1381288,0.158765,31674,2424534,0.278675,41481,3805822,0.43744,8700223
1,2021-04-25,26853,5972913,17127,2960632,9717,2733617,9,278664,15423,1385508,0.15925,11343,2435877,0.279979,15563,3821385,0.439228,8700223
1,2021-04-26,59958,6032871,32327,2992959,27273,2760890,358,279022,28090,1382670,0.158924,31617,2467494,0.283613,28779,3850164,0.442536,8700223
1,2021-04-27,75444,6108315,40442,3033401,33875,2794765,1127,280149,32415,1373768,0.1579,42779,2510273,0.28853,33877,3884041,0.44643,8700223
1,2021-04-28,77285,6185600,41016,3074417,34832,2829597,1437,281586,33684,1365776,0.156982,43338,2553611,0.293511,35346,3919387,0.450493,8700223
1,2021-04-29,80439,6266039,44207,3118624,34677,2864274,1555,283141,32494,1352321,0.155435,47664,2601275,0.298989,34209,3953596,0.454425,8700223
1,2021-04-30,88050,6354089,47935,3166559,38311,2902585,1804,284945,36559,1339634,0.153977,51215,2652490,0.304876,38528,3992124,0.458853,8700223
1,2021-05-01,61411,6415500,39838,3206397,20206,2922791,1367,286312,25821,1331641,0.153058,35409,2687899,0.308946,27416,4019540,0.462004,8700223
1,2021-05-02,22451,6437951,15728,3222125,6202,2928993,521,286833,9370,1328590,0.152708,12972,2700871,0.310437,9921,4029461,0.463145,8700223
1,2021-05-03,53821,6491772,30147,3252272,21902,2950895,1772,288605,19487,1315778,0.151235,34128,2734999,0.31436,21316,4050777,0.465595,8700223
1,2021-05-04,72161,6563933,41481,3293753,28666,2979561,2014,290619,25966,1297931,0.149184,45913,2780912,0.319637,28066,4078843,0.468821,8700223
1,2021-05-05,73600,6637533,42294,3336047,29078,3008639,2228,292847,24970,1276861,0.146762,48336,2829248,0.325193,27266,4106109,0.471954,8700223
1,2021-05-06,75496,6713029,45220,3381267,28134,3036773,2142,294989,23843,1251706,0.143871,51296,2880544,0.331089,26141,4132250,0.474959,8700223
1,2021-05-07,79110,6792139,45109,3426376,31859,3068632,2142,297131,26634,1228435,0.141196,52105,2932649,0.337077,28834,4161084,0.478273,8700223
1,2021-05-08,53995,6846134,33687,3460063,18775,3087407,1533,298664,18348,1213109,0.139434,35300,2967949,0.341135,19974,4181058,0.480569,8700223
1,2021-05-09,17616,6863750,12493,3472556,4652,3092059,471,299135,5443,1206996,0.138732,12060,2980009,0.342521,5947,4187005,0.481253,8700223
1,2021-05-10,41537,6905287,20832,3493388,18978,3111037,1727,300862,13886,1195337,0.137392,27364,3007373,0.345666,15705,4202710,0.483058,8700223
1,2021-05-11,57961,6963248,31095,3524483,24857,3135894,2009,302871,18883,1177507,0.135342,38847,3046220,0.350131,21017,4223727,0.485473,8700223
1,2021-05-12,57236,7020484,29947,3554430,25420,3161314,1869,304740,18839,1160156,0.133348,38135,3084355,0.354514,20784,4244511,0.487862,8700223
1,2021-05-13,59576,7080060,34589,3589019,23101,3184415,1886,306626,22506,1148103,0.131962,36726,3121081,0.358736,24673,4269184,0.490698,8700223
1,2021-05-14,73040,7153100,44084,3633103,26670,3211085,2286,308912,29735,1137434,0.130736,42996,3164077,0.363678,32327,4301511,0.494414,8700223
1,2021-05-15,62950,7216050,41648,3674751,19643,3230728,1659,310571,25148,1126744,0.129507,37578,3201655,0.367997,26888,4328399,0.497504,8700223
1,2021-05-16,23826,7239876,17387,3692138,5827,3236555,612,311183,9742,1123152,0.129095,13987,3215642,0.369605,10395,4338794,0.498699,8700223
1,2021-05-17,52782,7292658,32475,3724613,18622,3255177,1685,312868,23648,1119656,0.128693,28915,3244557,0.372928,25419,4364213,0.501621,8700223
1,2021-05-18,63054,7355712,38208,3762821,23088,3278265,1758,314626,28776,1116254,0.128302,34022,3278579,0.376839,30620,4394833,0.50514,8700223
1,2021-05-19,64945,7420657,39695,3802516,23378,3301643,1872,316498,30016,1113552,0.127991,34676,3313255,0.380824,31974,4426807,0.508815,8700223
1,2021-05-20,54195,7474852,31723,3834239,20478,3322121,1994,318492,23333,1108456,0.127405,30605,3343860,0.384342,25509,4452316,0.511747,8700223
1,2021-05-21,59538,7534390,35994,3870233,21841,3343962,1703,320195,25932,1102879,0.126764,33301,3377161,0.388169,27724,4480040,0.514934,8700223
1,2021-05-22,45848,7580238,30705,3900938,13583,3357545,1560,321755,21014,1100886,0.126535,24658,3401819,0.391004,22665,4502705,0.517539,8700223
1,2021-05-23,13855,7594093,10652,3911590,2708,3360253,495,322250,7231,1102074,0.126672,6557,3408376,0.391757,7745,4510450,0.518429,8700223
1,2021-05-24,41571,7635664,22958,3934548,16850,3377103,1763,324013,17623,1097798,0.12618,23740,3432116,0.394486,19464,4529914,0.520666,8700223
1,2021-05-25,49649,7685313,28950,3963498,19084,3396187,1615,325628,21600,1093278,0.125661,27822,3459938,0.397684,23302,4553216,0.523345,8700223
1,2021-05-26,46495,7731808,26560,3990058,18149,3414336,1786,327414,20393,1089667,0.125246,25847,3485785,0.400655,22236,4575452,0.525901,8700223
1,2021-05-27,45374,7777182,25726,4015784,17940,3432276,1708,329122,20258,1086873,0.124925,24870,3510655,0.403513,22076,4597528,0.528438,8700223
1,2021-05-28,49508,7826690,27988,4043772,19881,3452157,1639,330761,22509,1084373,0.124637,26770,3537425,0.40659,24270,4621798,0.531228,8700223
1,2021-05-29,28108,7854798,17363,4061135,9878,3462035,867,331628,13494,1084282,0.124627,14503,3551928,0.408257,14412,4636210,0.532884,8700223
1,2021-05-30,4165,7858963,2386,4063521,1508,3463543,271,331899,1588,1083595,0.124548,2557,3554485,0.408551,1870,4638080,0.533099,8700223
2,2020-12-15,234,234,234,234,0,0,0,0,234,234,2.8e-05,0,0,0.0,234,234,2.8e-05,8407551
2,2020-12-16,2084,2318,2084,2318,0,0,0,0,2083,2317,0.000276,0,0,0.0,2083,2317,0.000276,8407551
2,2020-12-17,6710,9028,6710,9028,0,0,0,0,6711,9028,0.001074,0,0,0.0,6711,9028,0.001074,8407551
2,2020-12-18,10843,19871,10824,19852,19,19,0,0,10845,19873,0.002364,0,0,0.0,10845,19873,0.002364,8407551
2,2020-12-19,5584,25455,5578,25430,6,25,0,0,5586,25459,0.003028,0,0,0.0,5586,25459,0.003028,8407551
2,2020-12-20,4216,29671,4207,29637,9,34,0,0,4212,29671,0.003529,0,0,0.0,4212,29671,0.003529,8407551
2,2020-12-21,12766,42437,12742,42379,24,58,0,0,12720,42391,0.005042,0,0,0.0,12720,42391,0.005042,8407551
2,2020-12-22,12088,54525,11577,53956,511,569,0,0,12088,54479,0.00648,0,0,0.0,12088,54479,0.00648,8407551
2,2020-12-23,11717,66242,9509,63465,2208,2777,0,0,11720,66199,0.007874,1,1,0.0,11721,66200,0.007874,8407551
2,2020-12-24,5853,72095,3493,66958,2360,5137,0,0,5850,72049,0.00857,2,3,0.0,5852,72052,0.00857,8407551
2,2020-12-25,480,72575,403,67361,77,5214,0,0,481,72530,0.008627,0,3,0.0,481,72533,0.008627,8407551
2,2020-12-26,2576,75151,1672,69033,904,6118,0,0,2577,75107,0.008933,0,3,0.0,2577,75110,0.008934,8407551
2,2020-12-27,2225,77376,1206,70239,1019,7137,0,0,2223,77329,0.009198,1,4,0.0,2223,77333,0.009198,8407551
2,2020-12-28,10977,88353,7148,77387,3829,10966,0,0,10977,88305,0.010503,1,5,1e-06,10977,88310,0.010504,8407551
2,2020-12-29,12637,100990,7119,84506,5518,16484,0,0,12642,100947,0.012007,0,5,1e-06,12642,100952,0.012007,8407551
2,2020-12-30,15334,116324,8629,93135,6705,23189,0,0,15351,116297,0.013832,3,8,1e-06,15353,116305,0.013833,8407551
2,2020-12-31,7506,123830,2807,95942,4699,27888,0,0,7504,123800,0.014725,1,9,1e-06,7504,123809,0.014726,8407551
2,2021-01-01,1127,124957,541,96483,586,28474,0,0,1129,124928,0.014859,1,10,1e-06,1129,124938,0.01486,8407551
2,2021-01-02,4806,129763,2794,99277,2012,30486,0,0,4804,129732,0.01543,0,10,1e-06,4804,129742,0.015432,8407551
2,2021-01-03,1380,131143,841,100118,539,31025,0,0,1375,131104,0.015594,3,13,2e-06,1375,131117,0.015595,8407551
2,2021-01-04,11615,142758,5586,105704,6029,37054,0,0,11603,142703,0.016973,4,17,2e-06,11603,142720,0.016975,8407551
2,2021-01-05,13822,156580,6982,112686,6840,43894,0,0,12640,154198,0.01834,1176,1193,0.000142,12671,155391,0.018482,8407551
2,2021-01-06,18940,175520,10492,123178,8448,52342,0,0,15217,165746,0.019714,3675,4868,0.000579,15223,170614,0.020293,8407551
2,2021-01-07,22928,198448,12909,136087,10019,62361,0,0,15562,173938,0.020688,7383,12251,0.001457,15575,186189,0.022145,8407551
2,2021-01-08,26373,224821,16002,152089,10371,72732,0,0,16327,180269,0.021441,10013,22264,0.002648,16344,202533,0.024089,8407551
2,2021-01-09,9751,234572,5686,157775,4065,76797,0,0,6256,183015,0.021768,3516,25780,0.003066,6262,208795,0.024834,8407551
2,2021-01-10,5280,239852,2974,160749,2306,79103,0,0,3069,183855,0.021868,2233,28013,0.003332,3073,211868,0.0252,8407551
2,2021-01-11,25920,265772,17807,178556,8113,87216,0,0,14991,187932,0.022353,10963,38976,0.004636,15040,226908,0.026989,8407551
2,2021-01-12,26090,291862,16241,194797,9849,97065,0,0,16621,195127,0.023209,9497,48473,0.005765,16692,243600,0.028974,8407551
2,2021-01-13,28459,320321,15100,209897,13359,110424,0,0,20546,207789,0.024715,7906,56379,0.006706,20568,264168,0.03142,8407551
2,2021-01-14,30100,350421,11435,221332,18665,129089,0,0,25903,229528,0.0273,4221,60600,0.007208,25960,290128,0.034508,8407551
2,2021-01-15,34971,385392,12766,234098,22205,151294,0,0,31737,258094,0.030698,3244,63844,0.007594,31810,321938,0.038292,8407551
2,2021-01-16,17553,402945,5601,239699,11952,163246,0,0,16245,273014,0.032472,1335,65179,0.007752,16255,338193,0.040225,8407551
2,2021-01-17,10613,413558,3585,243284,7028,170274,0,0,9909,282201,0.033565,730,65909,0.007839,9917,348110,0.041404,8407551
2,2021-01-18,19638,433196,10991,254275,8647,178921,0,0,14874,292341,0.034771,4781,70690,0.008408,14921,363031,0.043179,8407551
2,2021-01-19,32330,465526,16881,271156,15449,194370,0,0,24394,308909,0.036742,7940,78630,0.009352,24508,387539,0.046094,8407551
2,2021-01-20,36995,502521,18560,289716,18435,212805,0,0,28407,328835,0.039112,8568,87198,0.010371,28494,416033,0.049483,8407551
2,2021-01-21,40406,542927,17144,306860,23262,236067,0,0,35995,360600,0.04289,4387,91585,0.010893,36152,452185,0.053783,8407551
2,2021-01-22,39181,582108,16387,323247,22794,258861,0,0,35899,393239,0.046772,3284,94869,0.011284,35923,488108,0.058056,8407551
2,2021-01-23,23972,606080,10801,334048,13171,272032,0,0,21032,411381,0.04893,2917,97786,0.011631,21059,509167,0.060561,8407551
2,2021-01-24,12451,618531,6157,340205,6294,278326,0,0,11539,422032,0.050197,898,98684,0.011738,11549,520716,0.061934,8407551
2,2021-01-25,33741,652272,15615,355820,18126,296452,0,0,25015,438498,0.052155,8674,107358,0.012769,25140,545856,0.064924,8407551
2,2021-01-26,40121,692393,19804,375624,20317,316769,0,0,31175,460823,0.054811,8927,116285,0.013831,31252,577108,0.068642,8407551
2,2021-01-27,45479,737872,22883,398507,22596,339365,0,0,35470,486449,0.057859,9900,126185,0.015009,35526,612634,0.072867,8407551
2,2021-01-28,47973,785845,22708,421215,25265,364630,0,0,39421,517436,0.061544,8498,134683,0.016019,39485,652119,0.077563,8407551
2,2021-01-29,45496,831341,22288,443503,23208,387838,0,0,36958,546014,0.064943,8435,143118,0.017023,37013,689132,0.081966,8407551
2,2021-01-30,31386,862727,13748,457251,17638,405476,0,0,28085,570864,0.067899,3263,146381,0.017411,28113,717245,0.08531,8407551
2,2021-01-31,17400,880127,10500,467751,6900,412376,0,0,16245,585989,0.069698,1139,147520,0.017546,16264,733509,0.087244,8407551
2,2021-02-01,40937,921064,19898,487649,21039,433415,0,0,30220,605553,0.072025,10691,158211,0.018818,30255,763764,0.090843,8407551
2,2021-02-02,47480,968544,19379,507028,28101,461516,0,0,36200,630636,0.075008,11213,169424,0.020151,36296,800060,0.09516,8407551
2,2021-02-03,53934,1022478,24135,531163,29799,491315,0,0,39941,656770,0.078117,13896,183320,0.021804,40030,840090,0.099921,8407551
2,2021-02-04,55797,1078275,24226,555389,31571,522886,0,0,40874,682905,0.081225,14831,198151,0.023568,40966,881056,0.104793,8407551
2,2021-02-05,59489,1137764,26302,581691,33187,556073,0,0,40333,704416,0.083784,18985,217136,0.025826,40496,921552,0.10961,8407551
2,2021-02-06,38845,1176609,18176,599867,20669,576742,0,0,31227,728181,0.08661,7548,224684,0.026724,31313,952865,0.113334,8407551
2,2021-02-07,15946,1192555,10683,610550,5263,582005,0,0,12130,736582,0.08761,3795,228479,0.027175,12196,965061,0.114785,8407551
2,2021-02-08,43297,1235852,22387,632937,20910,602915,0,0,29875,753365,0.089606,13285,241764,0.028756,30068,995129,0.118361,8407551
2,2021-02-09,49237,1285089,23498,656435,25739,628654,0,0,30679,766058,0.091115,18303,260067,0.030933,30996,1026125,0.122048,8407551
2,2021-02-10,59332,1344421,28084,684519,31248,659902,0,0,34617,776584,0.092367,24442,284509,0.03384,34968,1061093,0.126207,8407551
2,2021-02-11,63877,1408298,29667,714186,34210,694112,0,0,36029,785512,0.093429,27587,312096,0.037121,36515,1097608,0.13055,8407551
2,2021-02-12,64836,1473134,28088,742274,36748,730860,0,0,34588,790773,0.094055,29976,342072,0.040686,35237,1132845,0.134741,8407551
2,2021-02-13,37467,1510601,15738,758012,21729,752589,0,0,21720,797201,0.09482,15668,357740,0.04255,22096,1154941,0.137369,8407551
2,2021-02-14,19917,1530518,9329,767341,10588,763177,0,0,11220,800121,0.095167,8657,366397,0.04358,11577,1166518,0.138746,8407551
2,2021-02-15,32965,1563483,14919,782260,18046,781223,0,0,18318,804757,0.095718,14534,380931,0.045308,19170,1185688,0.141027,8407551
2,2021-02-16,55902,1619385,27646,809906,28256,809479,0,0,29470,808546,0.096169,26349,407280,0.048442,30138,1215826,0.144611,8407551
2,2021-02-17,61191,1680576,31666,841572,29525,839004,0,0,30445,809118,0.096237,30691,437971,0.052093,31263,1247089,0.14833,8407551
2,2021-02-18,65724,1746300,33405,874977,32319,871323,0,0,32059,808854,0.096206,33458,471429,0.056072,33194,1280283,0.152278,8407551
2,2021-02-19,58812,1805112,32793,907770,26019,897342,0,0,29236,809257,0.096254,29433,500862,0.059573,29836,1310119,0.155826,8407551
2,2021-02-20,37022,1842134,24204,931974,12818,910160,0,0,20143,813275,0.096731,16801,517663,0.061571,20819,1330938,0.158303,8407551
2,2021-02-21,20644,1862778,17198,949172,3446,913606,0,0,9910,813331,0.096738,10665,528328,0.06284,10721,1341659,0.159578,8407551
2,2021-02-22,37265,1900043,25600,974772,11665,925271,0,0,17829,812491,0.096638,19351,547679,0.065141,18511,1360170,0.16178,8407551
2,2021-02-23,51436,1951479,26394,1001166,25042,950313,0,0,22675,808476,0.096161,28582,576261,0.068541,24567,1384737,0.164702,8407551
2,2021-02-24,68141,2019620,35148,1036314,32993,983306,0,0,31372,805576,0.095816,36629,612890,0.072898,33729,1418466,0.168713,8407551
2,2021-02-25,73662,2093282,34691,1071005,38971,1022277,0,0,37468,809854,0.096325,35990,648880,0.077178,40268,1458734,0.173503,8407551
2,2021-02-26,81821,2175103,34947,1105952,46874,1069151,0,0,44259,818983,0.09741,37318,686198,0.081617,46447,1505181,0.179027,8407551
2,2021-02-27,59877,2234980,27696,1133648,32176,1101327,5,5,32655,825938,0.098238,27033,713231,0.084832,33988,1539169,0.18307,8407551
2,2021-02-28,28967,2263947,17394,1151042,11572,1112899,1,6,16884,831653,0.098917,11998,725229,0.086259,17713,1556882,0.185177,8407551
2,2021-03-01,56023,2319970,29610,1180652,26388,1139287,25,31,30564,838199,0.099696,25230,750459,0.08926,31776,1588658,0.188956,8407551
2,2021-03-02,67503,2387473,32612,1213264,34886,1174173,5,36,38288,849739,0.101069,29091,779550,0.09272,40631,1629289,0.193789,8407551
2,2021-03-03,78800,2466273,38199,1251463,40590,1214763,11,47,44500,862666,0.102606,34136,813686,0.09678,47063,1676352,0.199386,8407551
2,2021-03-04,86793,2553066,42949,1294412,43816,1258579,28,75,50135,878728,0.104517,36475,850161,0.101119,52537,1728889,0.205635,8407551
2,2021-03-05,80256,2633322,38139,1332551,41816,1300395,301,376,49406,900134,0.107063,30670,880831,0.104767,52076,1780965,0.211829,8407551
2,2021-03-06,62221,2695543,30438,1362989,30120,1330515,1663,2039,38368,917849,0.10917,23752,904583,0.107592,41467,1822432,0.216761,8407551
2,2021-03-07,27467,2723010,16132,1379121,10386,1340901,949,2988,17724,927947,0.110371,9686,914269,0.108744,19784,1842216,0.219114,8407551
2,2021-03-08,49581,2772591,22862,1401983,24284,1365185,2435,5423,31436,945405,0.112447,18054,932323,0.110891,35512,1877728,0.223338,8407551
2,2021-03-09,69277,2841868,31767,1433750,33742,1398927,3768,9191,38693,958745,0.114034,30476,962799,0.114516,43816,1921544,0.22855,8407551
2,2021-03-10,77092,2918960,36672,1470422,33891,1432818,6529,15720,41169,972042,0.115615,35751,998550,0.118768,49048,1970592,0.234384,8407551
2,2021-03-11,92000,3010960,42471,1512893,41195,1474013,8334,24054,48404,986855,0.117377,43340,1041890,0.123923,58153,2028745,0.2413,8407551
2,2021-03-12,92811,3103771,38386,1551279,42462,1516475,11963,36017,46715,1001031,0.119063,45904,1087794,0.129383,60080,2088825,0.248446,8407551
2,2021-03-13,68198,3171969,28769,1580048,31528,1548003,7901,43918,37746,1017665,0.121042,30342,1118136,0.132992,46976,2135801,0.254034,8407551
2,2021-03-14,36491,3208460,18225,1598273,13751,1561754,4515,48433,18709,1023951,0.121789,17700,1135836,0.135097,23986,2159787,0.256887,8407551
2,2021-03-15,66729,3275189,30190,1628463,31556,1593310,4983,53416,37097,1037680,0.123422,29457,1165293,0.138601,43186,2202973,0.262023,8407551
2,2021-03-16,85626,3360815,37902,1666365,43747,1637057,3977,57393,52282,1061875,0.1263,33195,1198488,0.142549,57390,2260363,0.268849,8407551
2,2021-03-17,91635,3452450,43936,1710301,43579,1680636,4120,61513,58529,1092478,0.12994,32893,1231381,0.146461,63496,2323859,0.276401,8407551
2,2021-03-18,96936,3549386,46302,1756603,46174,1726810,4460,65973,59827,1120481,0.133271,36848,1268229,0.150844,64851,2388710,0.284115,8407551
2,2021-03-19,96671,3646057,45702,1802305,44867,1771677,6102,72075,58060,1146801,0.136401,38359,1306588,0.155406,64679,2453389,0.291808,8407551
2,2021-03-20,69250,3715307,33534,1835839,31808,1803485,3908,75983,45764,1173538,0.139581,23288,1329876,0.158176,50025,2503414,0.297758,8407551
2,2021-03-21,32930,3748237,21308,1857147,9653,1813138,1969,77952,20808,1184715,0.140911,12023,1341899,0.159606,23200,2526614,0.300517,8407551
2,2021-03-22,62185,3810422,34171,1891318,25379,1838517,2635,80587,41720,1209686,0.143881,20274,1362173,0.162018,45245,2571859,0.305899,8407551
2,2021-03-23,82968,3893390,44080,1935398,36001,1874518,2887,83474,52341,1235362,0.146935,30390,1392563,0.165632,56066,2627925,0.312567,8407551
2,2021-03-24,90882,3984272,49047,1984445,38699,1913217,3136,86610,54000,1256717,0.149475,36604,1429167,0.169986,57959,2685884,0.319461,8407551
2,2021-03-25,100535,4084807,50751,2035196,45910,1959127,3874,90484,57492,1276097,0.15178,42753,1471920,0.175071,62133,2748017,0.326851,8407551
2,2021-03-26,102624,4187431,51090,2086286,48072,2007199,3462,93946,56715,1291745,0.153641,45586,1517506,0.180493,61234,2809251,0.334134,8407551
2,2021-03-27,74856,4262287,37428,2123714,34131,2041330,3297,97243,38010,1297283,0.1543,36635,1554141,0.184851,42173,2851424,0.33915,8407551
2,2021-03-28,37391,4299678,23102,2146816,13487,2054817,802,98045,20434,1302402,0.154909,16848,1570989,0.186855,21967,2873391,0.341763,8407551
2,2021-03-29,70726,4370404,36139,2182955,32339,2087156,2248,100293,40693,1316368,0.15657,29875,1600864,0.190408,43841,2917232,0.346978,8407551
2,2021-03-30,91327,4461731,44818,2227773,42181,2129337,4328,104621,51669,1333501,0.158608,39478,1640342,0.195103,56611,2973843,0.353711,8407551
2,2021-03-31,100672,4562403,51987,2279760,43605,2172942,5080,109701,57814,1354149,0.161063,42607,1682949,0.200171,63255,3037098,0.361235,8407551
2,2021-04-01,116630,4679033,56443,2336203,51084,2224026,9103,118804,64005,1375396,0.163591,52322,1735271,0.206394,73569,3110667,0.369985,8407551
2,2021-04-02,110991,4790024,51280,2387483,49631,2273657,10080,128884,60108,1395546,0.165987,50561,1785832,0.212408,70711,3181378,0.378395,8407551
2,2021-04-03,76231,4866255,37375,2424858,29109,2302766,9747,138631,37978,1405603,0.167183,38076,1823908,0.216937,48133,3229511,0.38412,8407551
2,2021-04-04,28947,4895202,14875,2439733,10237,2313003,3835,142466,13116,1406847,0.167331,15752,1839660,0.21881,16996,3246507,0.386142,8407551
2,2021-04-05,78547,4973749,38598,2478331,31286,2344289,8663,151129,38407,1414722,0.168268,40002,1879662,0.223568,47877,3294384,0.391836,8407551
2,2021-04-06,103168,5076917,50262,2528593,38270,2382559,14636,165765,49195,1425289,0.169525,53746,1933408,0.229961,64313,3358697,0.399486,8407551
2,2021-04-07,109576,5186493,54757,2583350,38711,2421270,16108,181873,51926,1436328,0.170838,57399,1990807,0.236788,68438,3427135,0.407626,8407551
2,2021-04-08,118325,5304818,57000,2640350,42796,2464066,18529,200402,55144,1447917,0.172216,62908,2053715,0.24427,74497,3501632,0.416487,8407551
2,2021-04-09,117742,5422560,56772,2697122,43061,2507127,17909,218311,55905,1461352,0.173814,61530,2115245,0.251589,74965,3576597,0.425403,8407551
2,2021-04-10,86378,5508938,37414,2734536,30780,2537907,18184,236495,35834,1465854,0.17435,50321,2165566,0.257574,54823,3631420,0.431924,8407551
2,2021-04-11,43979,5552917,22765,2757301,12707,2550614,8507,245002,17951,1467183,0.174508,25907,2191473,0.260655,27236,3658656,0.435163,8407551
2,2021-04-12,78861,5631778,36742,2794043,32862,2583476,9257,254259,35361,1469522,0.174786,43271,2234744,0.265802,45610,3704266,0.440588,8407551
2,2021-04-13,100594,5732372,52143,2846186,48199,2631675,252,254511,55219,1480707,0.176116,45166,2279910,0.271174,56351,3760617,0.44729,8407551
2,2021-04-14,105111,5837483,55152,2901338,49909,2681584,50,254561,54109,1485520,0.176689,50759,2330669,0.277211,55572,3816189,0.4539,8407551
2,2021-04-15,111711,5949194,59505,2960843,52140,2733724,66,254627,58756,1492753,0.177549,52625,2383294,0.283471,59858,3876047,0.46102,8407551
2,2021-04-16,109030,6058224,56689,3017532,52291,2786015,50,254677,55552,1495982,0.177933,53202,2436496,0.289799,56431,3932478,0.467732,8407551
2,2021-04-17,81788,6140012,41549,3059081,40225,2826240,14,254691,46001,1507264,0.179275,35586,2472082,0.294031,46868,3979346,0.473306,8407551
2,2021-04-18,33934,6173946,20295,3079376,13634,2839874,5,254696,16229,1506863,0.179227,17598,2489680,0.296124,17197,3996543,0.475352,8407551
2,2021-04-19,73486,6247432,39660,3119036,33815,2873689,11,254707,33696,1501614,0.178603,39567,2529247,0.30083,34318,4030861,0.479433,8407551
2,2021-04-20,94781,6342213,47344,3166380,47413,2921102,24,254731,46260,1500383,0.178457,48240,2577487,0.306568,47009,4077870,0.485025,8407551
2,2021-04-21,98920,6441133,52597,3218977,46269,2967371,54,254785,46883,1496488,0.177993,51699,2629186,0.312717,47804,4125674,0.490711,8407551
2,2021-04-22,105285,6546418,53929,3272906,51336,3018707,20,254805,46259,1484937,0.176619,58697,2687883,0.319699,47146,4172820,0.496318,8407551
2,2021-04-23,104525,6650943,55146,3328052,49362,3068069,17,254822,48397,1478478,0.175851,55773,2743656,0.326332,49314,4222134,0.502184,8407551
2,2021-04-24,79077,6730020,46837,3374889,32202,3100271,38,254860,41373,1483392,0.176436,37412,2781068,0.330782,42326,4264460,0.507218,8407551
2,2021-04-25,36015,6766035,22324,3397213,13677,3113948,14,254874,19731,1487421,0.176915,16170,2797238,0.332705,20199,4284659,0.50962,8407551
2,2021-04-26,67916,6833951,37850,3435063,29777,3143725,289,255163,31078,1483556,0.176455,36616,2833854,0.337061,32751,4317410,0.513516,8407551
2,2021-04-27,82301,6916252,43355,3478418,37802,3181527,1144,256307,35321,1474482,0.175376,46705,2880559,0.342616,37631,4355041,0.517992,8407551
2,2021-04-28,85059,7001311,45084,3523502,38130,3219657,1845,258152,37273,1466955,0.174481,47527,2928086,0.348269,40000,4395041,0.522749,8407551
2,2021-04-29,87673,7088984,47257,3570759,38744,3258401,1672,259824,33671,1449175,0.172366,53708,2981794,0.354657,35928,4430969,0.527023,8407551
2,2021-04-30,91764,7180748,50591,3621350,39229,3297630,1944,261768,35534,1431399,0.170252,55885,3037679,0.361304,38109,4469078,0.531555,8407551
2,2021-05-01,60773,7241521,37051,3658401,22181,3319811,1541,263309,23897,1421024,0.169018,36648,3074327,0.365663,26273,4495351,0.53468,8407551
2,2021-05-02,28768,7270289,19868,3678269,7932,3327743,968,264277,11068,1415571,0.168369,17579,3091906,0.367753,12126,4507477,0.536122,8407551
2,2021-05-03,59206,7329495,35170,3713439,22008,3349751,2028,266305,19881,1398599,0.16635,39136,3131042,0.372408,22164,4529641,0.538759,8407551
2,2021-05-04,77546,7407041,45995,3759434,29202,3378953,2349,268654,25302,1374649,0.163502,51989,3183031,0.378592,28039,4557680,0.542094,8407551
2,2021-05-05,77704,7484745,45984,3805418,29398,3408351,2322,270976,24339,1348589,0.160402,53057,3236088,0.384903,26997,4584677,0.545305,8407551
2,2021-05-06,80072,7564817,48126,3853544,29072,3437423,2874,273850,24586,1321582,0.15719,55094,3291182,0.391455,28087,4612764,0.548645,8407551
2,2021-05-07,81070,7645887,46627,3900171,32037,3469460,2406,276256,25078,1293820,0.153888,55691,3346873,0.398079,27929,4640693,0.551967,8407551
2,2021-05-08,52905,7698792,31973,3932144,19283,3488743,1649,277905,16631,1276758,0.151858,36042,3382915,0.402366,18980,4659673,0.554225,8407551
2,2021-05-09,21171,7719963,15151,3947295,5279,3494022,741,278646,6350,1269367,0.150979,14700,3397615,0.404115,7309,4666982,0.555094,8407551
2,2021-05-10,48542,7768505,26292,3973587,20428,3514450,1822,280468,13903,1251260,0.148826,34423,3432038,0.408209,16316,4683298,0.557035,8407551
2,2021-05-11,62034,7830539,32867,4006454,27185,3541635,1982,282450,18732,1229560,0.146245,43063,3475101,0.413331,21363,4704661,0.559576,8407551
2,2021-05-12,60446,7890985,31800,4038254,26630,3568265,2016,284466,18105,1207937,0.143673,42104,3517205,0.418339,20481,4725142,0.562012,8407551
2,2021-05-13,64304,7955289,37237,4075491,25216,3593481,1851,286317,23522,1193447,0.141949,40541,3557746,0.423161,26051,4751193,0.56511,8407551
2,2021-05-14,76909,8032198,45964,4121455,28773,3622254,2172,288489,29977,1179611,0.140304,46626,3604372,0.428707,32790,4783983,0.56901,8407551
2,2021-05-15,64340,8096538,42290,4163745,20393,3642647,1657,290146,24918,1167352,0.138846,39206,3643578,0.43337,26947,4810930,0.572215,8407551
2,2021-05-16,30260,8126798,22464,4186209,6876,3649523,920,291066,12320,1162890,0.138315,17829,3661407,0.43549,13367,4824297,0.573805,8407551
2,2021-05-17,56962,8183760,36176,4222385,18877,3668400,1909,292975,23815,1156039,0.1375,32959,3694366,0.43941,26108,4850405,0.576911,8407551
2,2021-05-18,68789,8252549,40277,4262662,26573,3694973,1939,294914,28757,1147482,0.136482,39784,3734150,0.444142,31227,4881632,0.580625,8407551
2,2021-05-19,67509,8320058,40106,4302768,25483,3720456,1920,296834,28095,1138812,0.135451,39141,3773291,0.448798,30471,4912103,0.584249,8407551
2,2021-05-20,58342,8378400,33561,4336329,22821,3743277,1960,298794,23083,1129339,0.134324,35027,3808318,0.452964,25554,4937657,0.587288,8407551
2,2021-05-21,61318,8439718,36112,4372441,23258,3766535,1948,300742,24488,1119635,0.13317,36595,3844913,0.457317,26891,4964548,0.590487,8407551
2,2021-05-22,43599,8483317,27780,4400221,14235,3780770,1584,302326,18874,1115961,0.132733,24575,3869488,0.46024,20901,4985449,0.592973,8407551
2,2021-05-23,16846,8500163,12323,4412544,3927,3784697,596,302922,7705,1115269,0.132651,9074,3878562,0.461319,8382,4993831,0.59397,8407551
2,2021-05-24,42850,8543013,24084,4436628,17031,3801728,1735,304657,16942,1108576,0.131855,25709,3904271,0.464377,19016,5012847,0.596232,8407551
2,2021-05-25,49647,8592660,29153,4465781,18679,3820407,1815,306472,19622,1100788,0.130928,29757,3934028,0.467916,21969,5034816,0.598845,8407551
2,2021-05-26,47112,8639772,26623,4492404,18926,3839333,1563,308035,19106,1094039,0.130126,27731,3961759,0.471214,20982,5055798,0.60134,8407551
2,2021-05-27,44934,8684706,25610,4518014,17699,3857032,1625,309660,18559,1088511,0.129468,26180,3987939,0.474328,20652,5076450,0.603797,8407551
2,2021-05-28,47457,8732163,26492,4544506,19083,3876115,1882,311542,20037,1083627,0.128887,27207,4015146,0.477564,22323,5098773,0.606452,8407551
2,2021-05-29,27220,8759383,16469,4560975,9762,3885877,989,312531,12653,1083011,0.128814,14440,4029586,0.479282,13824,5112597,0.608096,8407551
2,2021-05-30,4979,8764362,2839,4563814,1731,3887608,409,312940,1785,1082071,0.128702,3172,4032758,0.479659,2232,5114829,0.608361,8407551
3,2020-12-15,304,304,304,304,0,0,0,0,304,304,3.7e-05,0,0,0.0,304,304,3.7e-05,8129050
3,2020-12-16,2309,2613,2309,2613,0,0,0,0,2310,2614,0.000322,0,0,0.0,2310,2614,0.000322,8129050
3,2020-12-17,7661,10274,7661,10274,0,0,0,0,7661,10275,0.001264,0,0,0.0,7661,10275,0.001264,8129050
3,2020-12-18,13097,23371,13084,23358,13,13,0,0,13096,23371,0.002875,0,0,0.0,13096,23371,0.002875,8129050
3,2020-12-19,7191,30562,7180,30538,11,24,0,0,7255,30626,0.003767,0,0,0.0,7255,30626,0.003767,8129050
3,2020-12-20,5637,36199,5630,36168,7,31,0,0,5684,36309,0.004467,1,1,0.0,5684,36310,0.004467,8129050
3,2020-12-21,14325,50524,14300,50468,25,56,0,0,14388,50696,0.006236,1,2,0.0,14388,50698,0.006237,8129050
3,2020-12-22,14755,65279,14181,64649,574,630,0,0,14794,65490,0.008056,0,2,0.0,14794,65492,0.008057,8129050
3,2020-12-23,14789,80068,12190,76839,2599,3229,0,0,14815,80305,0.009879,1,3,0.0,14816,80308,0.009879,8129050
3,2020-12-24,6787,86855,4871,81710,1916,5145,0,0,6785,87089,0.010713,1,4,0.0,6785,87093,0.010714,8129050
3,2020-12-25,723,87578,667,82377,56,5201,0,0,722,87811,0.010802,0,4,0.0,722,87815,0.010803,8129050
3,2020-12-26,4617,92195,2992,85369,1625,6826,0,0,4615,92426,0.01137,0,4,0.0,4615,92430,0.01137,8129050
3,2020-12-27,2964,95159,1841,87210,1123,7949,0,0,2965,95391,0.011735,0,4,0.0,2965,95395,0.011735,8129050
3,2020-12-28,13545,108704,8664,95874,4881,12830,0,0,13573,108963,0.013404,1,5,1e-06,13573,108968,0.013405,8129050
3,2020-12-29,14915,123619,8418,104292,6497,19327,0,0,14942,123903,0.015242,2,7,1e-06,14942,123910,0.015243,8129050
3,2020-12-30,17948,141567,9986,114278,7962,27289,0,0,17935,141838,0.017448,1,8,1e-06,17936,141846,0.017449,8129050
3,2020-12-31,8379,149946,3215,117493,5164,32453,0,0,8378,150215,0.018479,1,9,1e-06,8378,150224,0.01848,8129050
3,2021-01-01,1223,151169,562,118055,661,33114,0,0,1220,151435,0.018629,0,9,1e-06,1220,151444,0.01863,8129050
3,2021-01-02,4939,156108,2463,120518,2476,35590,0,0,4939,156374,0.019236,0,9,1e-06,4939,156383,0.019238,8129050
3,2021-01-03,1598,157706,882,121400,716,36306,0,0,1589,157959,0.019431,4,13,2e-06,1589,157972,0.019433,8129050
3,2021-01-04,11963,169669,6011,127411,5952,42258,0,0,11936,169888,0.020899,7,20,2e-06,11936,169908,0.020901,8129050
3,2021-01-05,15616,185285,8160,135571,7456,49714,0,0,14015,182340,0.022431,1588,1608,0.000198,14040,183948,0.022628,8129050
3,2021-01-06,20474,205759,10835,146406,9639,59353,0,0,16060,194033,0.023869,4374,5982,0.000736,16067,200015,0.024605,8129050
3,2021-01-07,26385,232144,15099,161505,11286,70639,0,0,17173,202037,0.024854,9183,15165,0.001866,17187,217202,0.026719,8129050
3,2021-01-08,30296,262440,18518,180023,11778,82417,0,0,18104,207992,0.025586,12171,27336,0.003363,18126,235328,0.028949,8129050
3,2021-01-09,12323,274763,6988,187011,5335,87752,0,0,7835,211353,0.026,4482,31818,0.003914,7843,243171,0.029914,8129050
3,2021-01-10,7158,281921,4516,191527,2642,90394,0,0,4020,212241,0.026109,3136,34954,0.0043,4024,247195,0.030409,8129050
3,2021-01-11,28875,310796,18917,210444,9958,100352,0,0,16314,216043,0.026577,12555,47509,0.005844,16357,263552,0.032421,8129050
3,2021-01-12,32166,342962,19265,229709,12901,113253,0,0,19770,223519,0.027496,12380,59889,0.007367,19856,283408,0.034864,8129050
3,2021-01-13,34290,377252,17929,247638,16361,129614,0,0,24189,237624,0.029231,10102,69991,0.00861,24207,307615,0.037841,8129050
3,2021-01-14,34452,411704,14172,261810,20280,149894,0,0,28581,260400,0.032033,5839,75830,0.009328,28615,336230,0.041362,8129050
3,2021-01-15,38628,450332,14356,276166,24272,174166,0,0,34020,289885,0.03566,4599,80429,0.009894,34084,370314,0.045554,8129050
3,2021-01-16,21712,472044,7576,283742,14136,188302,0,0,19403,307014,0.037768,2295,82724,0.010176,19424,389738,0.047944,8129050
3,2021-01-17,13050,485094,4402,288144,8648,196950,0,0,12026,318036,0.039123,1023,83747,0.010302,12045,401783,0.049426,8129050
3,2021-01-18,24626,509720,12852,300996,11774,208724,0,0,19097,331627,0.040795,5547,89294,0.010985,19138,420921,0.05178,8129050
3,2021-01-19,40780,550500,20837,321833,19943,228667,0,0,31751,354454,0.043603,9004,98298,0.012092,31831,452752,0.055696,8129050
3,2021-01-20,44852,595352,22073,343906,22779,251446,0,0,35579,380881,0.046854,9229,107527,0.013227,35656,488408,0.060082,8129050
3,2021-01-21,47425,642777,20537,364443,26888,278334,0,0,42007,417606,0.051372,5346,112873,0.013885,42071,530479,0.065257,8129050
3,2021-01-22,49371,692148,19691,384134,29680,308014,0,0,45256,458803,0.05644,4121,116994,0.014392,45318,575797,0.070832,8129050
3,2021-01-23,30033,722181,12738,396872,17295,325309,0,0,26774,482376,0.05934,3249,120243,0.014792,26822,602619,0.074132,8129050
3,2021-01-24,17612,739793,8482,405354,9130,334439,0,0,16464,497723,0.061228,1146,121389,0.014933,16493,619112,0.07616,8129050
3,2021-01-25,40561,780354,18127,423481,22434,356873,0,0,30675,518612,0.063797,9868,131257,0.016147,30757,649869,0.079944,8129050
3,2021-01-26,46750,827104,22380,445861,24370,381243,0,0,36758,545489,0.067104,9982,141239,0.017375,36859,686728,0.084478,8129050
3,2021-01-27,50970,878074,24321,470182,26649,407892,0,0,40481,575624,0.070811,10422,151661,0.018657,40557,727285,0.089467,8129050
3,2021-01-28,51369,929443,23857,494039,27512,435404,0,0,42528,609442,0.074971,8760,160421,0.019734,42578,769863,0.094705,8129050
3,2021-01-29,50397,979840,24280,518319,26117,461521,0,0,40883,641042,0.078858,9328,169749,0.020882,40928,810791,0.09974,8129050
3,2021-01-30,36817,1016657,17561,535880,19256,480777,0,0,32135,668627,0.082252,4630,174379,0.021451,32215,843006,0.103703,8129050
3,2021-01-31,22029,1038686,12637,548517,9392,490169,0,0,20700,688024,0.084638,1319,175698,0.021614,20716,863722,0.106251,8129050
3,2021-02-01,45508,1084194,20826,569343,24682,514851,0,0,34808,712215,0.087614,10652,186350,0.022924,34843,898565,0.110538,8129050
3,2021-02-02,53805,1137999,22402,591745,31403,546254,0,0,41495,741534,0.09122,12225,198575,0.024428,41544,940109,0.115648,8129050
3,2021-02-03,59680,1197679,26627,618372,33053,579307,0,0,44403,770886,0.094831,15119,213694,0.026288,44471,984580,0.121119,8129050
3,2021-02-04,63968,1261647,27807,646179,36161,615468,0,0,46976,801161,0.098555,16806,230500,0.028355,47081,1031661,0.12691,8129050
3,2021-02-05,69755,1331402,29680,675859,40075,655543,0,0,48269,828318,0.101896,21272,251772,0.030972,48429,1080090,0.132868,8129050
3,2021-02-06,43437,1374839,21135,696994,22302,677845,0,0,33746,852584,0.104881,9661,261433,0.03216,33927,1114017,0.137041,8129050
3,2021-02-07,19443,1394282,12321,709315,7122,684967,0,0,14975,863230,0.106191,4456,265889,0.032708,15102,1129119,0.138899,8129050
3,2021-02-08,50832,1445114,24539,733854,26293,711260,0,0,33376,879441,0.108185,17350,283239,0.034843,33561,1162680,0.143028,8129050
3,2021-02-09,58163,1503277,28324,762178,29839,741099,0,0,34179,890149,0.109502,23815,307054,0.037772,34523,1197203,0.147275,8129050
3,2021-02-10,67464,1570741,31379,793557,36085,777184,0,0,36629,896693,0.110307,30611,337665,0.041538,37155,1234358,0.151845,8129050
3,2021-02-11,70151,1640892,34633,828190,35518,812702,0,0,37626,902662,0.111042,32186,369851,0.045497,38155,1272513,0.156539,8129050
3,2021-02-12,74840,1715732,32426,860616,42414,855116,0,0,41447,911760,0.112161,33108,402959,0.04957,42206,1314719,0.161731,8129050
3,2021-02-13,44586,1760318,20260,880876,24326,879442,0,0,25769,919388,0.113099,18721,421680,0.051873,26349,1341068,0.164972,8129050
3,2021-02-14,27077,1787395,13508,894384,13569,893011,0,0,15129,923063,0.113551,11902,433582,0.053337,15577,1356645,0.166889,8129050
3,2021-02-15,39760,1827155,17126,911510,22634,915645,0,0,22069,928458,0.114215,17608,451190,0.055503,23003,1379648,0.169718,8129050
3,2021-02-16,69473,1896628,32863,944373,36610,952255,0,0,36211,932562,0.11472,33132,484322,0.059579,37236,1416884,0.174299,8129050
3,2021-02-17,71211,1967839,36026,980399,35185,987440,0,0,33989,930609,0.114479,37012,521334,0.064132,35059,1451943,0.178612,8129050
3,2021-02-18,76248,2044087,39817,1020216,36431,1023871,0,0,35414,926668,0.113995,40694,562028,0.069138,36753,1488696,0.183133,8129050
3,2021-02-19,67977,2112064,39190,1059406,28787,1052658,0,0,34452,928381,0.114205,33429,595457,0.073251,35142,1523838,0.187456,8129050
3,2021-02-20,41583,2153647,26352,1085758,15231,1067889,0,0,22071,931518,0.114591,19426,614883,0.07564,22563,1546401,0.190231,8129050
3,2021-02-21,22419,2176066,18656,1104414,3763,1071652,0,0,10726,931000,0.114528,11630,626513,0.077071,11112,1557513,0.191598,8129050
3,2021-02-22,44887,2220953,29267,1133681,15620,1087272,0,0,21283,929239,0.114311,23529,650042,0.079965,21768,1579281,0.194276,8129050
3,2021-02-23,60345,2281298,32976,1166657,27369,1114641,0,0,26700,924415,0.113717,33504,683546,0.084087,28680,1607961,0.197804,8129050
3,2021-02-24,76250,2357548,37324,1203981,38926,1153567,0,0,34050,918927,0.113042,42043,725589,0.089259,36555,1644516,0.202301,8129050
3,2021-02-25,85213,2442761,41405,1245386,43808,1197375,0,0,42684,921885,0.113406,42308,767897,0.094463,45266,1689782,0.20787,8129050
3,2021-02-26,95567,2538328,43547,1288933,52020,1249395,0,0,50825,930485,0.114464,44420,812317,0.099928,53020,1742802,0.214392,8129050
3,2021-02-27,67615,2605943,31132,1320065,36480,1285875,3,3,35914,936179,0.115165,31525,843842,0.103806,37219,1780021,0.21897,8129050
3,2021-02-28,37659,2643602,21889,1341954,15769,1301644,1,4,19536,938687,0.115473,17978,861820,0.106017,20486,1800507,0.22149,8129050
3,2021-03-01,65873,2709475,35038,1376992,30817,1332461,18,22,36858,948033,0.116623,28860,890680,0.109568,38206,1838713,0.22619,8129050
3,2021-03-02,77507,2786982,38397,1415389,39106,1371567,4,26,45494,963696,0.11855,31896,922576,0.113491,47559,1886272,0.232041,8129050
3,2021-03-03,87867,2874849,42004,1457393,45848,1417415,15,41,49149,976579,0.120134,38546,961122,0.118233,51429,1937701,0.238367,8129050
3,2021-03-04,92411,2967260,45454,1502847,46942,1464357,15,56,52658,991958,0.122026,39564,1000686,0.1231,54943,1992644,0.245126,8129050
3,2021-03-05,88910,3056170,43751,1546598,44869,1509226,290,346,54427,1014626,0.124815,34270,1034956,0.127316,56938,2049582,0.252131,8129050
3,2021-03-06,64748,3120918,32785,1579383,29826,1539052,2137,2483,37230,1028080,0.12647,27388,1062344,0.130685,40842,2090424,0.257155,8129050
3,2021-03-07,37256,3158174,22277,1601660,13869,1552921,1110,3593,21512,1036172,0.127465,15693,1078037,0.132615,23785,2114209,0.260081,8129050
3,2021-03-08,58521,3216695,27999,1629659,27701,1580622,2821,6414,37231,1056620,0.129981,21159,1099196,0.135218,41607,2155816,0.265199,8129050
3,2021-03-09,76016,3292711,35350,1665009,36329,1616951,4337,10751,41126,1068483,0.13144,34780,1133976,0.139497,46643,2202459,0.270937,8129050
3,2021-03-10,82107,3374818,41168,1706177,34910,1651861,6029,16780,43072,1080130,0.132873,38859,1172835,0.144277,50506,2252965,0.27715,8129050
3,2021-03-11,96169,3470987,47024,1753201,40622,1692483,8523,25303,47361,1088542,0.133908,48583,1221418,0.150253,56995,2309960,0.284161,8129050
3,2021-03-12,101258,3572245,45243,1798444,44169,1736652,11846,37149,46704,1093896,0.134566,54373,1275791,0.156942,59727,2369687,0.291508,8129050
3,2021-03-13,69398,3641643,29561,1828005,32638,1769290,7199,44348,36604,1106427,0.136108,32690,1308481,0.160964,45221,2414908,0.297071,8129050
3,2021-03-14,40678,3682321,21507,1849512,15625,1784915,3546,47894,20892,1111781,0.136766,19725,1328206,0.16339,25079,2439987,0.300156,8129050
3,2021-03-15,75002,3757323,35653,1885165,34827,1819742,4522,52416,39784,1122047,0.138029,35048,1363254,0.167702,45314,2485301,0.305731,8129050
3,2021-03-16,94395,3851718,43545,1928710,46554,1866296,4296,56712,53488,1140039,0.140243,40719,1403973,0.172711,58711,2544012,0.312953,8129050
3,2021-03-17,97094,3948812,47188,1975898,45460,1911756,4446,61158,59423,1167117,0.143574,37471,1441444,0.17732,64549,2608561,0.320894,8129050
3,2021-03-18,102290,4051102,52027,2027925,45862,1957618,4401,65559,59584,1189177,0.146287,42478,1483922,0.182546,64538,2673099,0.328833,8129050
3,2021-03-19,102331,4153433,54878,2082803,43038,2000656,4415,69974,58049,1208140,0.14862,44047,1527969,0.187964,63010,2736109,0.336584,8129050
3,2021-03-20,71110,4224543,36776,2119579,30748,2031404,3586,73560,44449,1230179,0.151331,26496,1554465,0.191223,48535,2784644,0.342555,8129050
3,2021-03-21,35773,4260316,24410,2143989,9873,2041277,1490,75050,23121,1242685,0.15287,12576,1567041,0.19277,25082,2809726,0.34564,8129050
3,2021-03-22,69832,4330148,41070,2185059,26259,2067536,2503,77553,45292,1267142,0.155878,24350,1591391,0.195766,48807,2858533,0.351644,8129050
3,2021-03-23,89025,4419173,49173,2234232,37338,2104874,2514,80067,55158,1291882,0.158922,33639,1625030,0.199904,58379,2916912,0.358826,8129050
3,2021-03-24,98057,4517230,56550,2290782,38646,2143520,2861,82928,56649,1310900,0.161261,41102,1666132,0.20496,60120,2977032,0.366221,8129050
3,2021-03-25,106624,4623854,59411,2350193,44296,2187816,2917,85845,60796,1329724,0.163577,45540,1711672,0.210562,64364,3041396,0.374139,8129050
3,2021-03-26,109830,4733684,59059,2409252,47524,2235340,3247,89092,57514,1339297,0.164754,52039,1763711,0.216964,61612,3103008,0.381718,8129050
3,2021-03-27,73850,4807534,37600,2446852,33714,2269054,2536,91628,36438,1341719,0.165052,37227,1800938,0.221543,39649,3142657,0.386596,8129050
3,2021-03-28,43884,4851418,27768,2474620,15310,2284364,806,92434,22736,1344716,0.165421,21047,1821985,0.224133,24044,3166701,0.389554,8129050
3,2021-03-29,80186,4931604,41992,2516612,36356,2320720,1838,94272,44644,1356676,0.166892,35331,1857316,0.228479,47291,3213992,0.395371,8129050
3,2021-03-30,99426,5031030,49004,2565616,46813,2367533,3609,97881,56052,1373790,0.168998,43151,1900467,0.233787,60265,3274257,0.402785,8129050
3,2021-03-31,104511,5135541,56525,2622141,43187,2410720,4799,102680,56461,1387523,0.170687,47875,1948342,0.239676,61608,3335865,0.410363,8129050
3,2021-04-01,122701,5258242,62241,2684382,50842,2461562,9618,112298,66785,1408679,0.173289,55622,2003964,0.246519,76778,3412643,0.419808,8129050
3,2021-04-02,117376,5375618,57392,2741774,49756,2511318,10228,122526,62435,1427187,0.175566,54704,2058668,0.253248,73212,3485855,0.428815,8129050
3,2021-04-03,75779,5451397,38774,2780548,27824,2539142,9181,131707,37954,1436962,0.176769,37706,2096374,0.257887,47481,3533336,0.434655,8129050
3,2021-04-04,32282,5483679,17260,2797808,10843,2549985,4179,135886,14236,1437440,0.176828,17980,2114354,0.260099,18458,3551794,0.436926,8129050
3,2021-04-05,88594,5572273,45060,2842868,34496,2584481,9038,144924,43620,1446170,0.177901,44794,2159148,0.265609,53524,3605318,0.44351,8129050
3,2021-04-06,112629,5684902,54908,2897776,42656,2627137,15065,159989,53274,1456182,0.179133,59119,2218267,0.272881,69131,3674449,0.452015,8129050
3,2021-04-07,115496,5800398,60026,2957802,39302,2666439,16168,176157,56224,1469873,0.180817,59065,2277332,0.280147,72756,3747205,0.460965,8129050
3,2021-04-08,120563,5920961,60303,3018105,40335,2706774,19925,196082,56230,1482858,0.182415,64081,2341413,0.28803,77066,3824271,0.470445,8129050
3,2021-04-09,117434,6038395,58698,3076803,39740,2746514,18996,215078,51788,1489274,0.183204,65446,2406859,0.296081,71862,3896133,0.479285,8129050
3,2021-04-10,83122,6121517,37771,3114574,30236,2776750,15115,230193,34043,1490431,0.183346,48935,2455794,0.302101,50092,3946225,0.485447,8129050
3,2021-04-11,44705,6166222,24033,3138607,12719,2789469,7953,238146,17027,1488695,0.183133,27599,2483393,0.305496,25863,3972088,0.488629,8129050
3,2021-04-12,82981,6249203,42003,3180610,32372,2821841,8606,246752,37898,1491374,0.183462,44900,2528293,0.311019,47579,4019667,0.494482,8129050
3,2021-04-13,104285,6353488,56560,3237170,47518,2869359,207,246959,55241,1498831,0.18438,48860,2577153,0.31703,56317,4075984,0.50141,8129050
3,2021-04-14,105499,6458987,57822,3294992,47586,2916945,91,247050,53108,1501300,0.184683,52149,2629302,0.323445,54618,4130602,0.508129,8129050
3,2021-04-15,117871,6576858,66421,3361413,51393,2968338,57,247107,63518,1511546,0.185944,54113,2683415,0.330102,64359,4194961,0.516046,8129050
3,2021-04-16,113829,6690687,63918,3425331,49821,3018159,90,247197,59641,1517985,0.186736,53945,2737360,0.336738,60384,4255345,0.523474,8129050
3,2021-04-17,77977,6768664,42561,3467892,35405,3053564,11,247208,43533,1528203,0.187993,34277,2771637,0.340955,44495,4299840,0.528947,8129050
3,2021-04-18,36892,6805556,21863,3489755,15026,3068590,3,247211,17362,1526976,0.187842,19451,2791088,0.343347,18224,4318064,0.531189,8129050
3,2021-04-19,77994,6883550,43673,3533428,34270,3102860,51,247262,35299,1520296,0.18702,42561,2833649,0.348583,35881,4353945,0.535603,8129050
3,2021-04-20,97850,6981400,50747,3584175,47090,3149950,13,247275,47743,1519179,0.186883,49914,2883563,0.354723,48797,4402742,0.541606,8129050
3,2021-04-21,100854,7082254,55656,3639831,45134,3195084,64,247339,47737,1515101,0.186381,52842,2936405,0.361224,48764,4451506,0.547605,8129050
3,2021-04-22,108672,7190926,60654,3700485,47997,3243081,21,247360,46942,1501541,0.184713,61459,2997864,0.368784,47899,4499405,0.553497,8129050
3,2021-04-23,103101,7294027,58479,3758964,44600,3287681,22,247382,45215,1490177,0.183315,57592,3055456,0.375869,46228,4545633,0.559184,8129050
3,2021-04-24,72832,7366859,45200,3804164,27574,3315255,58,247440,35576,1489753,0.183263,37022,3092478,0.380423,36598,4582231,0.563686,8129050
3,2021-04-25,36189,7403048,23374,3827538,12800,3328055,15,247455,18702,1491478,0.183475,17375,3109853,0.38256,19100,4601331,0.566036,8129050
3,2021-04-26,67413,7470461,37994,3865532,29038,3357093,381,247836,28741,1483411,0.182483,38473,3148326,0.387293,30406,4631737,0.569776,8129050
3,2021-04-27,84758,7555219,44448,3909980,38895,3395988,1415,249251,33936,1468926,0.180701,50566,3198892,0.393514,36081,4667818,0.574214,8129050
3,2021-04-28,83767,7638986,47221,3957201,34446,3430434,2100,251351,33983,1455978,0.179108,49555,3248447,0.39961,36607,4704425,0.578718,8129050
3,2021-04-29,85527,7724513,48535,4005736,34824,3465258,2168,253519,29905,1433153,0.1763,55370,3303817,0.406421,32545,4736970,0.582721,8129050
3,2021-04-30,88141,7812654,49535,4055271,36161,3501419,2445,255964,32769,1413678,0.173904,55135,3358952,0.413204,35660,4772630,0.587108,8129050
3,2021-05-01,54430,7867084,34396,4089667,18600,3520019,1434,257398,19628,1400557,0.17229,34659,3393611,0.417467,21538,4794168,0.589757,8129050
3,2021-05-02,26499,7893583,18016,4107683,7474,3527493,1009,258407,9800,1394812,0.171584,16652,3410263,0.419516,10907,4805075,0.591099,8129050
3,2021-05-03,58747,7952330,34536,4142219,21883,3549376,2328,260735,17239,1373213,0.168927,41341,3451604,0.424601,19742,4824817,0.593528,8129050
3,2021-05-04,75416,8027746,43165,4185384,29621,3578997,2630,263365,22060,1345070,0.165465,53108,3504712,0.431134,24965,4849782,0.596599,8129050
3,2021-05-05,76489,8104235,45642,4231026,28194,3607191,2653,266018,21149,1314059,0.16165,55071,3559783,0.437909,24060,4873842,0.599559,8129050
3,2021-05-06,81015,8185250,51087,4282113,27470,3634661,2458,268476,20288,1277006,0.157092,60348,3620131,0.445333,23295,4897137,0.602424,8129050
3,2021-05-07,79966,8265216,49604,4331717,27773,3662434,2589,271065,21440,1243095,0.15292,58229,3678360,0.452496,24318,4921455,0.605416,8129050
3,2021-05-08,50182,8315398,30987,4362704,17565,3679999,1630,272695,13423,1221941,0.150318,36461,3714821,0.456981,15307,4936762,0.607299,8129050
3,2021-05-09,20348,8335746,14718,4377422,4843,3684842,787,273482,5609,1213783,0.149314,14619,3729440,0.458779,6461,4943223,0.608094,8129050
3,2021-05-10,46652,8382398,24857,4402279,19915,3704757,1880,275362,11082,1191624,0.146588,35374,3764814,0.463131,13215,4956438,0.609719,8129050
3,2021-05-11,59961,8442359,32909,4435188,25007,3729764,2045,277407,15167,1164672,0.143273,44595,3809409,0.468617,17643,4974081,0.61189,8129050
3,2021-05-12,59655,8502014,33841,4469029,23652,3753416,2162,279569,15705,1139065,0.140123,43742,3853151,0.473998,18135,4992216,0.61412,8129050
3,2021-05-13,67971,8569985,42589,4511618,23602,3777018,1780,281349,24668,1123010,0.138148,43074,3896225,0.479296,27019,5019235,0.617444,8129050
3,2021-05-14,77907,8647892,49281,4560899,26532,3803550,2094,283443,30760,1109549,0.136492,46902,3943127,0.485066,33441,5052676,0.621558,8129050
3,2021-05-15,60536,8708428,41695,4602594,17654,3821204,1187,284630,25083,1100744,0.135409,35284,3978411,0.489407,26479,5079155,0.624815,8129050
3,2021-05-16,31334,8739762,23441,4626035,7212,3828416,681,285311,12621,1095498,0.134763,18622,3997033,0.491697,13376,5092531,0.626461,8129050
3,2021-05-17,56029,8795791,35775,4661810,18460,3846876,1794,287105,22052,1085825,0.133573,33737,4030770,0.495848,24064,5116595,0.629421,8129050
3,2021-05-18,63162,8858953,37480,4699290,23856,3870732,1826,288931,25091,1075291,0.132278,37829,4068599,0.500501,27295,5143890,0.632779,8129050
3,2021-05-19,62307,8921260,38095,4737385,22528,3893260,1684,290615,25688,1066526,0.131199,36395,4104994,0.504978,27630,5171520,0.636178,8129050
3,2021-05-20,51043,8972303,30025,4767410,19423,3912683,1595,292210,19378,1056330,0.129945,31447,4136441,0.508847,21251,5192771,0.638792,8129050
3,2021-05-21,54788,9027091,33480,4800890,19496,3932179,1812,294022,20213,1044236,0.128457,34344,4170785,0.513072,22250,5215021,0.641529,8129050
3,2021-05-22,36458,9063549,24510,4825400,10684,3942863,1264,295286,15860,1041073,0.128068,20459,4191244,0.515588,17296,5232317,0.643657,8129050
3,2021-05-23,14409,9077958,10814,4836214,3091,3945954,504,295790,6676,1040629,0.128014,7678,4198922,0.516533,7234,5239551,0.644547,8129050
3,2021-05-24,37963,9115921,22046,4858260,14226,3960180,1691,297481,14611,1033924,0.127189,23197,4222119,0.519387,16492,5256043,0.646575,8129050
3,2021-05-25,41593,9157514,23425,4881685,16549,3976729,1619,299100,15404,1025187,0.126114,25975,4248094,0.522582,17238,5273281,0.648696,8129050
3,2021-05-26,40402,9197916,22850,4904535,15906,3992635,1646,300746,15621,1018044,0.125235,24534,4272628,0.5256,17391,5290672,0.650835,8129050
3,2021-05-27,37933,9235849,21233,4925768,15053,4007688,1647,302393,15392,1012902,0.124603,22402,4295030,0.528356,17260,5307932,0.652958,8129050
3,2021-05-28,40731,9276580,23026,4948794,16081,4023769,1624,304017,17058,1008351,0.124043,23523,4318553,0.531249,18972,5326904,0.655292,8129050
3,2021-05-29,22125,9298705,13552,4962346,7796,4031565,777,304794,10561,1008347,0.124042,11459,4330012,0.532659,11455,5338359,0.656701,8129050
3,2021-05-30,3293,9301998,1830,4964176,1224,4032789,239,305033,1034,1007404,0.123926,2239,4332251,0.532934,1296,5339655,0.656861,8129050
4,2020-12-15,447,447,447,447,0,0,0,0,447,447,5.6e-05,0,0,0.0,447,447,5.6e-05,8037679
4,2020-12-16,2983,3430,2983,3430,0,0,0,0,2983,3430,0.000427,0,0,0.0,2983,3430,0.000427,8037679
4,2020-12-17,8550,11980,8550,11980,0,0,0,0,8550,11980,0.00149,0,0,0.0,8550,11980,0.00149,8037679
4,2020-12-18,15419,27399,15410,27390,9,9,0,0,15419,27399,0.003409,0,0,0.0,15419,27399,0.003409,8037679
4,2020-12-19,10246,37645,10238,37628,8,17,0,0,10181,37580,0.004675,0,0,0.0,10181,37580,0.004675,8037679
4,2020-12-20,7377,45022,7370,44998,7,24,0,0,7332,44912,0.005588,0,0,0.0,7332,44912,0.005588,8037679
4,2020-12-21,16358,61380,16335,61333,23,47,0,0,16292,61204,0.007615,0,0,0.0,16292,61204,0.007615,8037679
4,2020-12-22,17199,78579,16466,77799,733,780,0,0,17155,78359,0.009749,0,0,0.0,17155,78359,0.009749,8037679
4,2020-12-23,17088,95667,14391,92190,2697,3477,0,0,17060,95418,0.011871,1,1,0.0,17060,95419,0.011871,8037679
4,2020-12-24,8588,104255,6002,98192,2586,6063,0,0,8588,104006,0.01294,0,1,0.0,8588,104007,0.01294,8037679
4,2020-12-25,908,105163,803,98995,105,6168,0,0,908,104914,0.013053,0,1,0.0,908,104915,0.013053,8037679
4,2020-12-26,6228,111391,3878,102873,2350,8518,0,0,6228,111142,0.013828,0,1,0.0,6228,111143,0.013828,8037679
4,2020-12-27,3425,114816,1997,104870,1428,9946,0,0,3425,114567,0.014254,0,1,0.0,3425,114568,0.014254,8037679
4,2020-12-28,14979,129795,9256,114126,5723,15669,0,0,14949,129515,0.016113,1,2,0.0,14949,129517,0.016114,8037679
4,2020-12-29,15254,145049,8441,122567,6813,22482,0,0,15221,144736,0.018007,0,2,0.0,15221,144738,0.018007,8037679
4,2020-12-30,18857,163906,11032,133599,7825,30307,0,0,18845,163579,0.020352,2,4,0.0,18845,163583,0.020352,8037679
4,2020-12-31,8199,172105,3321,136920,4878,35185,0,0,8193,171769,0.02137,3,7,1e-06,8193,171776,0.021371,8037679
4,2021-01-01,1314,173419,563,137483,751,35936,0,0,1312,173079,0.021533,2,9,1e-06,1312,173088,0.021535,8037679
4,2021-01-02,5674,179093,3227,140710,2447,38383,0,0,5673,178751,0.022239,1,10,1e-06,5673,178761,0.02224,8037679
4,2021-01-03,2124,181217,1279,141989,845,39228,0,0,2110,180857,0.022501,4,14,2e-06,2110,180871,0.022503,8037679
4,2021-01-04,12968,194185,7084,149073,5884,45112,0,0,12920,193747,0.024105,30,44,5e-06,12920,193791,0.02411,8037679
4,2021-01-05,16803,210988,9994,159067,6809,51921,0,0,14774,206525,0.025695,2007,2051,0.000255,14785,208576,0.02595,8037679
4,2021-01-06,21478,232466,13173,172240,8305,60226,0,0,15615,216342,0.026916,5811,7862,0.000978,15628,224204,0.027894,8037679
4,2021-01-07,27787,260253,16953,189193,10834,71060,0,0,16982,222592,0.027694,10748,18610,0.002315,16998,241202,0.030009,8037679
4,2021-01-08,32654,292907,20948,210141,11706,82766,0,0,18498,227022,0.028245,14087,32697,0.004068,18517,259719,0.032313,8037679
4,2021-01-09,16175,309082,9571,219712,6604,89370,0,0,9427,229735,0.028582,6725,39422,0.004905,9438,269157,0.033487,8037679
4,2021-01-10,8717,317799,5662,225374,3055,92425,0,0,4114,229275,0.028525,4582,44004,0.005475,4122,273279,0.034,8037679
4,2021-01-11,33295,351094,21823,247197,11472,103897,0,0,18787,233635,0.029067,14466,58470,0.007274,18826,292105,0.036342,8037679
4,2021-01-12,38277,389371,22040,269237,16237,120134,0,0,24253,243953,0.030351,13975,72445,0.009013,24293,316398,0.039364,8037679
4,2021-01-13,38466,427837,18937,288174,19529,139663,0,0,27252,260070,0.032356,11160,83605,0.010402,27277,343675,0.042758,8037679
4,2021-01-14,38979,466816,14897,303071,24082,163745,0,0,31928,285024,0.035461,7003,90608,0.011273,31957,375632,0.046734,8037679
4,2021-01-15,45117,511933,15611,318682,29506,193251,0,0,39604,319192,0.039712,5456,96064,0.011952,39624,415256,0.051664,8037679
4,2021-01-16,28538,540471,9332,328014,19206,212457,0,0,25429,341565,0.042495,3072,99136,0.012334,25445,440701,0.054829,8037679
4,2021-01-17,18966,559437,6656,334670,12310,224767,0,0,17455,357549,0.044484,1486,100622,0.012519,17470,458171,0.057003,8037679
4,2021-01-18,29382,588819,13608,348278,15774,240541,0,0,23415,375118,0.04667,5872,106494,0.013249,23441,481612,0.059919,8037679
4,2021-01-19,45975,634794,23118,371396,22857,263398,0,0,36660,402591,0.050088,9260,115754,0.014401,36733,518345,0.064489,8037679
4,2021-01-20,51635,686429,27367,398763,24268,287666,0,0,41252,433611,0.053947,10286,126040,0.015681,41306,559651,0.069628,8037679
4,2021-01-21,56323,742752,24882,423645,31441,319107,0,0,49936,477263,0.059378,6326,132366,0.016468,49978,609629,0.075846,8037679
4,2021-01-22,54880,797632,22050,445695,32830,351937,0,0,49796,522098,0.064956,4989,137355,0.017089,49824,659453,0.082045,8037679
4,2021-01-23,39395,837027,17394,463089,22001,373938,0,0,35098,552936,0.068793,4288,141643,0.017622,35126,694579,0.086415,8037679
4,2021-01-24,23913,860940,10494,473583,13419,387357,0,0,22043,573132,0.071306,1863,143506,0.017854,22059,716638,0.08916,8037679
4,2021-01-25,47805,908745,22069,495652,25736,413093,0,0,36745,598902,0.074512,11029,154535,0.019226,36799,753437,0.093738,8037679
4,2021-01-26,56351,965096,28763,524415,27588,440681,0,0,44222,631107,0.078519,12075,166610,0.020729,44280,797717,0.099247,8037679
4,2021-01-27,55727,1020823,26580,550995,29147,469828,0,0,44876,665256,0.082767,10779,177389,0.02207,44928,842645,0.104837,8037679
4,2021-01-28,56179,1077002,25383,576378,30796,500624,0,0,46308,701822,0.087317,9783,187172,0.023287,46349,888994,0.110603,8037679
4,2021-01-29,56154,1133156,27022,603400,29132,529756,0,0,45889,737616,0.09177,10125,197297,0.024547,45919,934913,0.116316,8037679
4,2021-01-30,37545,1170701,17114,620514,20431,550187,0,0,32253,764646,0.095133,5247,202544,0.025199,32277,967190,0.120332,8037679
4,2021-01-31,23785,1194486,12492,633006,11293,561480,0,0,22190,785274,0.097699,1578,204122,0.025396,22206,989396,0.123095,8037679
4,2021-02-01,49665,1244151,24116,657122,25549,587029,0,0,38090,811866,0.101008,11536,215658,0.026831,38128,1027524,0.127838,8037679
4,2021-02-02,54899,1299050,25332,682454,29567,616596,0,0,42196,841463,0.10469,12641,228299,0.028404,42238,1069762,0.133093,8037679
4,2021-02-03,61751,1360801,30333,712787,31418,648014,0,0,47572,875022,0.108865,14068,242367,0.030154,47627,1117389,0.139019,8037679
4,2021-02-04,67279,1428080,31350,744137,35929,683943,0,0,50653,909304,0.11313,16477,258844,0.032204,50759,1168148,0.145334,8037679
4,2021-02-05,72748,1500828,33711,777848,39037,722980,0,0,50803,938536,0.116767,21703,280547,0.034904,50935,1219083,0.151671,8037679
4,2021-02-06,48078,1548906,26052,803900,22026,745006,0,0,36651,963992,0.119934,11395,291942,0.036322,36851,1255934,0.156256,8037679
4,2021-02-07,26337,1575243,17388,821288,8949,753955,0,0,19951,977819,0.121654,6360,298302,0.037113,20187,1276121,0.158767,8037679
4,2021-02-08,58210,1633453,29918,851206,28292,782247,0,0,37910,995813,0.123893,20175,318477,0.039623,38169,1314290,0.163516,8037679
4,2021-02-09,66933,1700386,34106,885312,32827,815074,0,0,39312,1007973,0.125406,27553,346030,0.043051,39713,1354003,0.168457,8037679
4,2021-02-10,76889,1777275,38463,923775,38426,853500,0,0,40865,1013584,0.126104,35795,381825,0.047504,41406,1395409,0.173608,8037679
4,2021-02-11,80728,1858003,42115,965890,38613,892113,0,0,41764,1017262,0.126562,38748,420573,0.052325,42426,1437835,0.178887,8037679
4,2021-02-12,83877,1941880,37582,1003472,46295,938408,0,0,43281,1020916,0.127016,40413,460986,0.057353,44067,1481902,0.184369,8037679
4,2021-02-13,58414,2000294,29630,1033102,28784,967192,0,0,29829,1023178,0.127298,28464,489450,0.060894,30726,1512628,0.188192,8037679
4,2021-02-14,36590,2036884,18976,1052078,17614,984806,0,0,18831,1024955,0.127519,17710,507160,0.063098,19487,1532115,0.190617,8037679
4,2021-02-15,45916,2082800,21503,1073581,24413,1009219,0,0,23663,1027605,0.127848,22187,529347,0.065858,24837,1556952,0.193707,8037679
4,2021-02-16,79558,2162358,36419,1110000,43139,1052358,0,0,40628,1030615,0.128223,38834,568181,0.07069,41844,1598796,0.198913,8037679
4,2021-02-17,80962,2243320,38181,1148181,42781,1095139,0,0,38686,1028310,0.127936,42119,610300,0.07593,39814,1638610,0.203866,8037679
4,2021-02-18,82707,2326027,45507,1193688,37200,1132339,0,0,38325,1023877,0.127385,44233,654533,0.081433,39800,1678410,0.208818,8037679
4,2021-02-19,81745,2407772,51422,1245110,30323,1162662,0,0,41039,1025035,0.127529,40571,695104,0.086481,41729,1720139,0.214009,8037679
4,2021-02-20,48284,2456056,32242,1277352,16042,1178704,0,0,26439,1030368,0.128192,21793,716897,0.089192,27126,1747265,0.217384,8037679
4,2021-02-21,28802,2484858,23180,1300532,5622,1184326,0,0,13914,1029740,0.128114,14828,731725,0.091037,14200,1761465,0.219151,8037679
4,2021-02-22,52394,2537252,36092,1336624,16302,1200628,0,0,25503,1028885,0.128008,26804,758529,0.094372,25949,1787414,0.222379,8037679
4,2021-02-23,73183,2610435,40615,1377239,32568,1233196,0,0,32398,1022285,0.127187,40663,799192,0.099431,34063,1821477,0.226617,8037679
4,2021-02-24,88009,2698444,46411,1423650,41598,1274794,0,0,39858,1016343,0.126447,47950,847142,0.105396,42008,1863485,0.231844,8037679
4,2021-02-25,98255,2796699,51161,1474811,47094,1321888,0,0,47016,1014819,0.126258,51089,898231,0.111753,49565,1913050,0.23801,8037679
4,2021-02-26,104222,2900921,52552,1527363,51670,1373558,0,0,53620,1020395,0.126951,50384,948615,0.118021,55960,1969010,0.244972,8037679
4,2021-02-27,75943,2976864,41313,1568676,34624,1408182,6,6,40765,1027595,0.127847,35047,983662,0.122381,42247,2011257,0.250229,8037679
4,2021-02-28,45083,3021947,27954,1596630,17127,1425309,2,8,25112,1033748,0.128613,19839,1003501,0.12485,25992,2037249,0.253462,8037679
4,2021-03-01,75513,3097460,44325,1640955,31166,1456475,22,30,41785,1043234,0.129793,33504,1037005,0.129018,42990,2080239,0.258811,8037679
4,2021-03-02,84623,3182083,48740,1689695,35878,1492353,5,35,50291,1061133,0.13202,34182,1071187,0.133271,52081,2132320,0.265291,8037679
4,2021-03-03,99102,3281185,52594,1742289,46495,1538848,13,48,55281,1074571,0.133692,43626,1114813,0.138698,57064,2189384,0.27239,8037679
4,2021-03-04,96337,3377522,53564,1795853,42757,1581605,16,64,53042,1086295,0.13515,43103,1157916,0.144061,54827,2244211,0.279211,8037679
4,2021-03-05,93989,3471511,50806,1846659,42870,1624475,313,377,55875,1106488,0.137663,37922,1195838,0.148779,58115,2302326,0.286442,8037679
4,2021-03-06,75867,3547378,42817,1889476,30446,1654921,2604,2981,46682,1128039,0.140344,29078,1224916,0.152397,50629,2352955,0.292741,8037679
4,2021-03-07,42398,3589776,27153,1916629,14078,1668999,1167,4148,25456,1138868,0.141691,16883,1241799,0.154497,27712,2380667,0.296188,8037679
4,2021-03-08,66020,3655796,34598,1951227,28250,1697249,3172,7320,43676,1164816,0.144919,22243,1264042,0.157265,48191,2428858,0.302184,8037679
4,2021-03-09,80810,3736606,41062,1992289,34645,1731894,5103,12423,43756,1177901,0.146547,36904,1300946,0.161856,49989,2478847,0.308403,8037679
4,2021-03-10,90447,3827053,46795,2039084,36245,1768139,7407,19830,45856,1187698,0.147766,44438,1345384,0.167385,54235,2533082,0.315151,8037679
4,2021-03-11,100088,3927141,52636,2091720,39087,1807226,8365,28195,46394,1190099,0.148065,53492,1398876,0.17404,55893,2588975,0.322105,8037679
4,2021-03-12,104128,4031269,51446,2143166,42431,1849657,10251,38446,44723,1186869,0.147663,59187,1458063,0.181403,55957,2644932,0.329067,8037679
4,2021-03-13,80689,4111958,37619,2180785,34687,1884344,8383,46829,38063,1191989,0.1483,42509,1500572,0.186692,47629,2692561,0.334992,8037679
4,2021-03-14,49461,4161419,28302,2209087,17542,1901886,3617,50446,23357,1193579,0.148498,26023,1526595,0.18993,27613,2720174,0.338428,8037679
4,2021-03-15,83509,4244928,44862,2253949,34423,1936309,4224,54670,42973,1201284,0.149457,40334,1566929,0.194948,48039,2768213,0.344405,8037679
4,2021-03-16,107182,4352110,55748,2309697,48051,1984360,3383,58053,57104,1212611,0.150866,49867,1616796,0.201152,61194,2829407,0.352018,8037679
4,2021-03-17,105779,4457889,56920,2366617,45430,2029790,3429,61482,62268,1235594,0.153725,43285,1660081,0.206537,66268,2895675,0.360263,8037679
4,2021-03-18,105983,4563872,58751,2425368,43591,2073381,3641,65123,60736,1255410,0.156191,45001,1705082,0.212136,64817,2960492,0.368327,8037679
4,2021-03-19,110426,4674298,63476,2488844,41794,2115175,5156,70279,63722,1278222,0.159029,46480,1751562,0.217919,69292,3029784,0.376948,8037679
4,2021-03-20,83091,4757389,48730,2537574,31378,2146553,2983,73262,51422,1301391,0.161911,31550,1783112,0.221844,54719,3084503,0.383755,8037679
4,2021-03-21,47798,4805187,34664,2572238,10872,2157425,2262,75524,29039,1314385,0.163528,18660,1801772,0.224166,31654,3116157,0.387694,8037679
4,2021-03-22,81581,4886768,53405,2625643,25468,2182893,2708,78232,51518,1339461,0.166648,29868,1831640,0.227882,54944,3171101,0.394529,8037679
4,2021-03-23,103788,4990556,62038,2687681,39609,2222502,2141,80373,62107,1362814,0.169553,41434,1873074,0.233037,64787,3235888,0.40259,8037679
4,2021-03-24,112880,5103436,72966,2760647,37537,2260039,2377,82750,64174,1381525,0.171881,48304,1921378,0.239046,67015,3302903,0.410927,8037679
4,2021-03-25,116289,5219725,71710,2832357,42216,2302255,2363,85113,67080,1402667,0.174511,48781,1970159,0.245115,69923,3372826,0.419627,8037679
4,2021-03-26,119061,5338786,72390,2904747,43645,2345900,3026,88139,65652,1418862,0.176526,53097,2023256,0.251721,69292,3442118,0.428248,8037679
4,2021-03-27,91011,5429797,53984,2958731,35242,2381142,1785,89924,46496,1423318,0.177081,44310,2067566,0.257234,48766,3490884,0.434315,8037679
4,2021-03-28,55443,5485240,36642,2995373,17934,2399076,867,90791,30039,1429275,0.177822,25269,2092835,0.260378,31226,3522110,0.4382,8037679
4,2021-03-29,92973,5578213,55912,3051285,34988,2434064,2073,92864,50917,1440970,0.179277,41852,2134687,0.265585,53547,3575657,0.444862,8037679
4,2021-03-30,116618,5694831,63727,3115012,48751,2482815,4140,97004,69415,1467971,0.182636,47006,2181693,0.271433,74007,3649664,0.454069,8037679
4,2021-03-31,120432,5815263,71248,3186260,42893,2525708,6291,103295,68005,1490372,0.185423,52133,2233826,0.277919,74534,3724198,0.463342,8037679
4,2021-04-01,141668,5956931,81011,3267271,47497,2573205,13160,116455,83811,1530095,0.190365,57515,2291341,0.285075,97238,3821436,0.47544,8037679
4,2021-04-02,135901,6092832,72795,3340066,49614,2622819,13492,129947,78790,1565924,0.194823,56855,2348196,0.292149,92684,3914120,0.486971,8037679
4,2021-04-03,100853,6193685,53905,3393971,33598,2656417,13350,143297,52746,1584370,0.197118,47937,2396133,0.298113,66383,3980503,0.49523,8037679
4,2021-04-04,46723,6240408,24667,3418638,14561,2670978,7495,150792,20490,1586262,0.197353,26145,2422278,0.301365,28037,4008540,0.498719,8037679
4,2021-04-05,108806,6349214,61327,3479965,34765,2705743,12714,163506,56964,1604885,0.19967,51662,2473940,0.307793,70285,4078825,0.507463,8037679
4,2021-04-06,138061,6487275,77836,3557801,40573,2746316,19652,183158,71937,1631270,0.202953,65922,2539862,0.315994,92307,4171132,0.518947,8037679
4,2021-04-07,136609,6623884,77583,3635384,38432,2784748,20594,203752,70962,1657789,0.206252,65433,2605295,0.324135,91952,4263084,0.530387,8037679
4,2021-04-08,138992,6762876,77697,3713081,36042,2820790,25253,229005,69296,1683663,0.209471,69454,2674749,0.332776,95328,4358412,0.542248,8037679
4,2021-04-09,136602,6899478,75047,3788128,38819,2859609,22736,251741,65434,1702041,0.211758,70982,2745731,0.341607,89360,4447772,0.553365,8037679
4,2021-04-10,102550,7002028,50784,3838912,33064,2892673,18702,270443,46198,1711934,0.212989,56171,2801902,0.348596,66064,4513836,0.561585,8037679
4,2021-04-11,61940,7063968,37761,3876673,13066,2905739,11113,281556,27144,1716612,0.213571,34713,2836615,0.352915,39391,4553227,0.566485,8037679
4,2021-04-12,101646,7165614,61801,3938474,29839,2935578,10006,291562,51309,1729063,0.21512,50083,2886698,0.359146,62534,4615761,0.574265,8037679
4,2021-04-13,128953,7294567,80899,4019373,47899,2983477,155,291717,77364,1756088,0.218482,51343,2938041,0.365534,78368,4694129,0.584015,8037679
4,2021-04-14,133890,7428457,85310,4104683,48506,3031983,74,291791,74523,1772786,0.220559,59098,2997139,0.372886,75796,4769925,0.593446,8037679
4,2021-04-15,154288,7582745,102802,4207485,51451,3083434,35,291826,95171,1809919,0.225179,58812,3055951,0.380203,95945,4865870,0.605382,8037679
4,2021-04-16,141688,7724433,89984,4297469,51629,3135063,75,291901,82829,1834888,0.228286,58636,3114587,0.387498,83605,4949475,0.615784,8037679
4,2021-04-17,99753,7824186,62977,4360446,36768,3171831,8,291909,58595,1853674,0.230623,40938,3155525,0.392592,59724,5009199,0.623215,8037679
4,2021-04-18,53873,7878059,36018,4396464,17852,3189683,3,291912,30675,1862191,0.231683,23101,3178626,0.395466,31618,5040817,0.627148,8037679
4,2021-04-19,100049,7978108,66122,4462586,33914,3223597,13,291925,51290,1865515,0.232096,48561,3227187,0.401507,51885,5092702,0.633604,8037679
4,2021-04-20,127036,8105144,74580,4537166,52447,3276044,9,291934,66731,1873239,0.233057,60055,3287242,0.408979,67779,5160481,0.642036,8037679
4,2021-04-21,126997,8232141,81522,4618688,45424,3321468,51,291985,64184,1875936,0.233393,62537,3349779,0.416759,65234,5225715,0.650152,8037679
4,2021-04-22,136865,8369006,90179,4708867,46665,3368133,21,292006,61386,1863249,0.231814,75179,3424958,0.426113,62492,5288207,0.657927,8037679
4,2021-04-23,130223,8499229,84141,4793008,46060,3414193,22,292028,56586,1847633,0.229871,73352,3498310,0.435239,57736,5345943,0.66511,8037679
4,2021-04-24,97071,8596300,65922,4858930,31097,3445290,52,292080,44694,1841286,0.229082,52132,3550442,0.441725,45785,5391728,0.670807,8037679
4,2021-04-25,49321,8645621,35063,4893993,14234,3459524,24,292104,26065,1844661,0.229502,23139,3573581,0.444604,26514,5418242,0.674105,8037679
4,2021-04-26,83481,8729102,55237,4949230,27868,3487392,376,292480,32958,1828973,0.22755,50288,3623869,0.45086,34600,5452842,0.67841,8037679
4,2021-04-27,105743,8834845,65059,5014289,38880,3526272,1804,294284,38371,1802768,0.22429,67111,3690980,0.45921,40906,5493748,0.683499,8037679
4,2021-04-28,99456,8934301,64571,5078860,32401,3558673,2484,296768,35665,1777979,0.221206,63557,3754537,0.467117,38768,5532516,0.688323,8037679
4,2021-04-29,100725,9035026,63752,5142612,34475,3593148,2498,299266,31576,1743739,0.216946,68881,3823418,0.475687,34641,5567157,0.692632,8037679
4,2021-04-30,101443,9136469,63785,5206397,35008,3628156,2650,301916,34550,1714973,0.213367,66579,3889997,0.48397,37813,5604970,0.697337,8037679
4,2021-05-01,68305,9204774,45537,5251934,21023,3649179,1745,303661,19867,1688946,0.210129,48262,3938259,0.489975,22235,5627205,0.700103,8037679
4,2021-05-02,37161,9241935,26329,5278263,9561,3658740,1271,304932,10510,1674309,0.208308,26555,3964814,0.493278,11918,5639123,0.701586,8037679
4,2021-05-03,77599,9319534,54271,5332534,20881,3679621,2447,307379,19090,1637881,0.203775,58301,4023115,0.500532,21873,5660996,0.704307,8037679
4,2021-05-04,98018,9417552,66551,5399085,28733,3708354,2734,310113,22264,1587726,0.197535,75513,4098628,0.509927,25358,5686354,0.707462,8037679
4,2021-05-05,98785,9516337,69326,5468411,26753,3735107,2706,312819,21555,1535312,0.191014,76953,4175581,0.519501,24539,5710893,0.710515,8037679
4,2021-05-06,108876,9625213,81464,5549875,24505,3759612,2907,315726,19414,1469685,0.182849,89062,4264643,0.530581,23435,5734328,0.713431,8037679
4,2021-05-07,102493,9727706,73570,5623445,26255,3785867,2668,318394,20292,1411159,0.175568,81885,4346528,0.540769,23359,5757687,0.716337,8037679
4,2021-05-08,65943,9793649,45125,5668570,18956,3804823,1862,320256,13143,1373898,0.170932,52606,4399134,0.547314,15345,5773032,0.718246,8037679
4,2021-05-09,33217,9826866,27089,5695659,5192,3810015,936,321192,7846,1357501,0.168892,25267,4424401,0.550458,8870,5781902,0.71935,8037679
4,2021-05-10,62564,9889430,41538,5737197,18754,3828769,2272,323464,10817,1319314,0.164141,51573,4475974,0.556874,13386,5795288,0.721015,8037679
4,2021-05-11,76875,9966305,46923,5784120,27934,3856703,2018,325482,14956,1274994,0.158627,61714,4537688,0.564552,17394,5812682,0.723179,8037679
4,2021-05-12,72982,10039287,47882,5832002,22848,3879551,2252,327734,16027,1236853,0.153882,56731,4594419,0.57161,18590,5831272,0.725492,8037679
4,2021-05-13,95446,10134733,70095,5902097,23930,3903481,1421,329155,36680,1217402,0.151462,58490,4652909,0.578887,39039,5870311,0.730349,8037679
4,2021-05-14,101708,10236441,71656,5973753,27955,3931436,2097,331252,39880,1198328,0.149089,61561,4714470,0.586546,42487,5912798,0.735635,8037679
4,2021-05-15,83242,10319683,64342,6038095,17601,3949037,1299,332551,36756,1190366,0.148098,46292,4760762,0.592306,38330,5951128,0.740404,8037679
4,2021-05-16,48333,10368016,39113,6077208,8532,3957569,688,333239,19822,1182618,0.147134,28386,4789148,0.595837,20638,5971766,0.742971,8037679
4,2021-05-17,69504,10437520,50718,6127926,16962,3974531,1824,335063,28847,1173036,0.145942,40480,4829628,0.600873,30898,6002664,0.746816,8037679
4,2021-05-18,80070,10517590,52100,6180026,26228,4000759,1742,336805,30099,1155599,0.143773,49631,4879259,0.607048,32194,6034858,0.750821,8037679
4,2021-05-19,74646,10592236,50325,6230351,22418,4023177,1903,338708,31911,1147185,0.142726,42499,4921758,0.612336,34085,6068943,0.755062,8037679
4,2021-05-20,57003,10649239,36766,6267117,18558,4041735,1679,340387,22476,1137254,0.14149,34322,4956080,0.616606,24391,6093334,0.758096,8037679
4,2021-05-21,61945,10711184,41401,6308518,18977,4060712,1567,341954,22321,1121930,0.139584,39400,4995480,0.621508,24076,6117410,0.761092,8037679
4,2021-05-22,40280,10751464,28866,6337384,10344,4071056,1070,343024,17866,1118709,0.139183,22297,5017777,0.624282,19076,6136486,0.763465,8037679
4,2021-05-23,15983,10767447,12247,6349631,3218,4074274,518,343542,6760,1116894,0.138957,9150,5026927,0.62542,7335,6143821,0.764378,8037679
4,2021-05-24,41063,10808510,25774,6375405,12340,4086614,2949,346491,15096,1109337,0.138017,25797,5052724,0.62863,18240,6162061,0.766647,8037679
4,2021-05-25,43592,10852102,26998,6402403,13861,4100475,2733,349224,16300,1101498,0.137042,27100,5079824,0.632001,19261,6181322,0.769043,8037679
4,2021-05-26,42973,10895075,25665,6428068,14776,4115251,2532,351756,15946,1093279,0.136019,26857,5106681,0.635343,18638,6199960,0.771362,8037679
4,2021-05-27,37670,10932745,22599,6450667,11986,4127237,3085,354841,14918,1088855,0.135469,22589,5129270,0.638153,18165,6218125,0.773622,8037679
4,2021-05-28,41621,10974366,26508,6477175,13611,4140848,1502,356343,18388,1085895,0.135101,23060,5152330,0.641022,20100,6238225,0.776123,8037679
4,2021-05-29,22381,10996747,14489,6491664,7005,4147853,887,357230,10628,1085867,0.135097,11658,5163988,0.642473,11630,6249855,0.77757,8037679
4,2021-05-30,4034,11000781,2683,6494347,1180,4149033,171,357401,1219,1084472,0.134924,2801,5166789,0.642821,1406,6251261,0.777745,8037679
