vemquartile,administered_date,total_doses,cumulative_total_doses,pfizer_doses,cumulative_pfizer_doses,moderna_doses,cumulative_moderna_doses,jj_doses,cumulative_jj_doses,partially_vaccinated,total_partially_vaccinated,pct_age12pop_partially_vaccinated,fully_vaccinated,cumulative_fully_vaccinated,pct_age12pop_fully_vaccinated,at_least_one_dose,cumulative_at_least_one_dose,pct_age12pop_at_least_one_dose,age12_population
1,2020-12-15,156,156,156,156,0,0,0,0,156,156,1.8e-05,0,0,0.0,156,156,1.8e-05,8700223
1,2020-12-16,1237,1393,1237,1393,0,0,0,0,1237,1393,0.00016,0,0,0.0,1237,1393,0.00016,8700223
1,2020-12-17,4200,5593,4200,5593,0,0,0,0,4202,5595,0.000643,0,0,0.0,4202,5595,0.000643,8700223
1,2020-12-18,6405,11998,6381,11974,24,24,0,0,6409,12003,0.00138,1,1,0.0,6409,12004,0.00138,8700223
1,2020-12-19,2895,14893,2892,14866,3,27,0,0,2894,14896,0.001712,1,2,0.0,2894,14898,0.001712,8700223
1,2020-12-20,2139,17032,2129,16995,10,37,0,0,2140,17036,0.001958,0,2,0.0,2140,17038,0.001958,8700223
1,2020-12-21,7705,24737,7684,24679,21,58,0,0,7755,24791,0.002849,1,3,0.0,7756,24794,0.00285,8700223
1,2020-12-22,7369,32106,7025,31704,344,402,0,0,7370,32159,0.003696,2,5,1e-06,7370,32164,0.003697,8700223
1,2020-12-23,7908,40014,6643,38347,1265,1667,0,0,7904,40062,0.004605,2,7,1e-06,7905,40069,0.004606,8700223
1,2020-12-24,3321,43335,2374,40721,947,2614,0,0,3323,43385,0.004987,0,7,1e-06,3323,43392,0.004987,8700223
1,2020-12-25,242,43577,158,40879,84,2698,0,0,242,43627,0.005014,0,7,1e-06,242,43634,0.005015,8700223
1,2020-12-26,1372,44949,977,41856,395,3093,0,0,1371,44997,0.005172,1,8,1e-06,1371,45005,0.005173,8700223
1,2020-12-27,877,45826,542,42398,335,3428,0,0,877,45873,0.005273,1,9,1e-06,877,45882,0.005274,8700223
1,2020-12-28,7143,52969,4796,47194,2347,5775,0,0,7140,53013,0.006093,0,9,1e-06,7140,53022,0.006094,8700223
1,2020-12-29,9070,62039,5062,52256,4008,9783,0,0,9066,62077,0.007135,2,11,1e-06,9066,62088,0.007136,8700223
1,2020-12-30,11768,73807,6552,58808,5216,14999,0,0,11766,73842,0.008487,1,12,1e-06,11766,73854,0.008489,8700223
1,2020-12-31,6044,79851,1973,60781,4071,19070,0,0,6042,79881,0.009181,4,16,2e-06,6043,79897,0.009183,8700223
1,2021-01-01,615,80466,246,61027,369,19439,0,0,611,80490,0.009251,2,18,2e-06,611,80508,0.009254,8700223
1,2021-01-02,2928,83394,1771,62798,1157,20596,0,0,2928,83418,0.009588,0,18,2e-06,2928,83436,0.00959,8700223
1,2021-01-03,1057,84451,552,63350,505,21101,0,0,1055,84470,0.009709,3,21,2e-06,1055,84491,0.009711,8700223
1,2021-01-04,7429,91880,3626,66976,3803,24904,0,0,7433,91901,0.010563,2,23,3e-06,7433,91924,0.010566,8700223
1,2021-01-05,10975,102855,5284,72260,5691,30595,0,0,10168,101303,0.011644,788,811,9.3e-05,10190,102114,0.011737,8700223
1,2021-01-06,14154,117009,7099,79359,7055,37650,0,0,12214,111628,0.01283,1904,2715,0.000312,12229,114343,0.013143,8700223
1,2021-01-07,17664,134673,9202,88561,8462,46112,0,0,13118,120304,0.013828,4453,7168,0.000824,13129,127472,0.014652,8700223
1,2021-01-08,20277,154950,10528,99089,9749,55861,0,0,14295,128648,0.014787,5966,13134,0.00151,14310,141782,0.016296,8700223
1,2021-01-09,6714,161664,3414,102503,3300,59161,0,0,4840,131624,0.015129,1868,15002,0.001724,4844,146626,0.016853,8700223
1,2021-01-10,3115,164779,1774,104277,1341,60502,0,0,1922,132358,0.015213,1189,16191,0.001861,1923,148549,0.017074,8700223
1,2021-01-11,18227,183006,11915,116192,6312,66814,0,0,11609,137403,0.015793,6608,22799,0.002621,11653,160202,0.018414,8700223
1,2021-01-12,19204,202210,10990,127182,8214,75028,0,0,13185,144640,0.016625,5990,28789,0.003309,13227,173429,0.019934,8700223
1,2021-01-13,19920,222130,10782,137964,9138,84166,0,0,14746,154253,0.01773,5152,33941,0.003901,14765,188194,0.021631,8700223
1,2021-01-14,22252,244382,9563,147527,12689,96855,0,0,19405,170933,0.019647,2787,36728,0.004222,19467,207661,0.023868,8700223
1,2021-01-15,25299,269681,9259,156786,16040,112895,0,0,23352,192438,0.022119,1911,38639,0.004441,23416,231077,0.02656,8700223
1,2021-01-16,13958,283639,4570,161356,9388,122283,0,0,13060,204607,0.023517,895,39534,0.004544,13064,244141,0.028061,8700223
1,2021-01-17,5234,288873,2041,163397,3193,125476,0,0,4858,209093,0.024033,375,39909,0.004587,4861,249002,0.02862,8700223
1,2021-01-18,14391,303264,8638,172035,5753,131229,0,0,11177,217127,0.024956,3200,43109,0.004955,11234,260236,0.029911,8700223
1,2021-01-19,24836,328100,12848,184883,11988,143217,0,0,19591,231551,0.026614,5223,48332,0.005555,19647,279883,0.03217,8700223
1,2021-01-20,29477,357577,14753,199636,14724,157941,0,0,23526,249251,0.028649,5869,54201,0.00623,23569,303452,0.034879,8700223
1,2021-01-21,31328,388905,14722,214358,16606,174547,0,0,28014,274118,0.031507,3249,57450,0.006603,28116,331568,0.03811,8700223
1,2021-01-22,28438,417343,11293,225651,17145,191692,0,0,26348,298474,0.034306,2022,59472,0.006836,26378,357946,0.041142,8700223
1,2021-01-23,18754,436097,8203,233854,10551,202243,0,0,16791,313343,0.036016,1932,61404,0.007058,16801,374747,0.043073,8700223
1,2021-01-24,6709,442806,4173,238027,2536,204779,0,0,6046,318738,0.036636,657,62061,0.007133,6052,380799,0.043769,8700223
1,2021-01-25,25604,468410,10535,248562,15069,219848,0,0,19760,332814,0.038254,5795,67856,0.007799,19871,400670,0.046053,8700223
1,2021-01-26,28904,497314,13509,262071,15395,235243,0,0,22155,348307,0.040034,6685,74541,0.008568,22178,422848,0.048602,8700223
1,2021-01-27,32757,530071,15582,277653,17175,252418,0,0,24599,364851,0.041936,8093,82634,0.009498,24637,447485,0.051434,8700223
1,2021-01-28,35069,565140,16460,294113,18609,271027,0,0,28071,386064,0.044374,6930,89564,0.010294,28143,475628,0.054668,8700223
1,2021-01-29,33841,598981,16522,310635,17319,288346,0,0,27194,406803,0.046758,6502,96066,0.011042,27241,502869,0.0578,8700223
1,2021-01-30,20217,619198,8744,319379,11473,299819,0,0,18065,422760,0.048592,2120,98186,0.011285,18077,520946,0.059877,8700223
1,2021-01-31,7723,626921,5019,324398,2704,302523,0,0,6997,429042,0.049314,718,98904,0.011368,7000,527946,0.060682,8700223
1,2021-02-01,29137,656058,12565,336963,16572,319095,0,0,21269,442507,0.050862,7813,106717,0.012266,21278,549224,0.063128,8700223
1,2021-02-02,32853,688911,11860,348823,20993,340088,0,0,24536,458851,0.05274,8231,114948,0.013212,24575,573799,0.065952,8700223
1,2021-02-03,39734,728645,15290,364113,24444,364532,0,0,28600,476523,0.054771,10964,125912,0.014472,28636,602435,0.069244,8700223
1,2021-02-04,44168,772813,17192,381305,26976,391508,0,0,31807,496145,0.057027,12235,138147,0.015879,31857,634292,0.072905,8700223
1,2021-02-05,46954,819767,17185,398490,29769,421277,0,0,30710,510824,0.058714,16090,154237,0.017728,30769,665061,0.076442,8700223
1,2021-02-06,26581,846348,10502,408992,16079,437356,0,0,20652,525614,0.060414,5881,160118,0.018404,20671,685732,0.078818,8700223
1,2021-02-07,6295,852643,4045,413037,2250,439606,0,0,4640,528638,0.060761,1635,161753,0.018592,4659,690391,0.079353,8700223
1,2021-02-08,31715,884358,14461,427498,17254,456860,0,0,21106,539333,0.061991,10511,172264,0.0198,21206,711597,0.081791,8700223
1,2021-02-09,38658,923016,16989,444487,21669,478529,0,0,23810,548459,0.06304,14767,187031,0.021497,23893,735490,0.084537,8700223
1,2021-02-10,47428,970444,22241,466728,25187,503716,0,0,26979,555200,0.063814,20319,207350,0.023833,27060,762550,0.087647,8700223
1,2021-02-11,52131,1022575,25498,492226,26633,530349,0,0,31004,565513,0.065,20807,228157,0.026224,31120,793670,0.091224,8700223
1,2021-02-12,50113,1072688,21533,513759,28580,558929,0,0,28714,573131,0.065875,21236,249393,0.028665,28854,822524,0.094541,8700223
1,2021-02-13,26481,1099169,11545,525304,14936,573865,0,0,15282,577365,0.066362,11126,260519,0.029944,15360,837884,0.096306,8700223
1,2021-02-14,11816,1110985,5577,530881,6239,580104,0,0,6717,579084,0.06656,5066,265585,0.030526,6785,844669,0.097086,8700223
1,2021-02-15,24020,1135005,9444,540325,14576,594680,0,0,14606,584518,0.067184,9288,274873,0.031594,14722,859391,0.098778,8700223
1,2021-02-16,47275,1182280,22537,562862,24738,619418,0,0,27497,592445,0.068095,19688,294561,0.033857,27615,887006,0.101952,8700223
1,2021-02-17,48628,1230908,24623,587485,24005,643423,0,0,26152,596434,0.068554,22314,316875,0.036421,26303,913309,0.104975,8700223
1,2021-02-18,51313,1282221,25662,613147,25651,669074,0,0,26527,598672,0.068811,24532,341407,0.039241,26770,940079,0.108052,8700223
1,2021-02-19,46736,1328957,25332,638479,21404,690478,0,0,26133,604431,0.069473,20437,361844,0.04159,26196,966275,0.111063,8700223
1,2021-02-20,27826,1356783,16897,655376,10929,701407,0,0,15857,608472,0.069938,11901,373745,0.042958,15942,982217,0.112896,8700223
1,2021-02-21,12426,1369209,10685,666061,1741,703148,0,0,7457,611077,0.070237,4904,378649,0.043522,7509,989726,0.113759,8700223
1,2021-02-22,31765,1400974,20869,686930,10896,714044,0,0,18259,616037,0.070807,13406,392055,0.045063,18366,1008092,0.11587,8700223
1,2021-02-23,46013,1446987,22347,709277,23666,737710,0,0,25242,621172,0.071397,20473,412528,0.047416,25608,1033700,0.118813,8700223
1,2021-02-24,56065,1503052,27082,736359,28983,766693,0,0,30812,627395,0.072113,25047,437575,0.050295,31270,1064970,0.122407,8700223
1,2021-02-25,68675,1571727,33346,769705,35329,802022,0,0,42441,644283,0.074054,26056,463631,0.05329,42944,1107914,0.127343,8700223
1,2021-02-26,76738,1648465,35921,805626,40817,842839,0,0,50108,668500,0.076837,26375,490006,0.056321,50592,1158506,0.133158,8700223
1,2021-02-27,52819,1701284,24235,829861,28575,871414,9,9,34642,685392,0.078779,18030,508036,0.058393,34922,1193428,0.137172,8700223
1,2021-02-28,20271,1721555,12033,841894,8236,879650,2,11,14838,695033,0.079887,5343,513379,0.059008,14984,1208412,0.138894,8700223
1,2021-03-01,46301,1767856,21411,863305,24833,904483,57,68,29731,708689,0.081456,16379,529758,0.06089,30035,1238447,0.142347,8700223
1,2021-03-02,64927,1832783,28065,891370,36851,941334,11,79,41278,727165,0.08358,23460,553218,0.063587,41936,1280383,0.147167,8700223
1,2021-03-03,72214,1904997,34348,925718,37836,979170,30,109,43891,743547,0.085463,28151,581369,0.066822,44533,1324916,0.152285,8700223
1,2021-03-04,80192,1985189,37617,963335,42539,1021709,36,145,51459,767021,0.088161,28536,609905,0.070102,52010,1376926,0.158263,8700223
1,2021-03-05,79197,2064386,35704,999039,43285,1064994,208,353,52806,794547,0.091325,26139,636044,0.073107,53665,1430591,0.164432,8700223
1,2021-03-06,58087,2122473,27615,1026654,29122,1094116,1350,1703,39316,816898,0.093894,18684,654728,0.075254,41035,1471626,0.169148,8700223
1,2021-03-07,20999,2143472,13056,1039710,6750,1100866,1193,2896,15552,828472,0.095224,5419,660147,0.075877,16993,1488619,0.171101,8700223
1,2021-03-08,46160,2189632,22541,1062251,21659,1122525,1960,4856,32329,849371,0.097626,13722,673869,0.077454,34621,1523240,0.175081,8700223
1,2021-03-09,66905,2256537,32368,1094619,32023,1154548,2514,7370,41152,867773,0.099741,25597,699466,0.080396,43999,1567239,0.180138,8700223
1,2021-03-10,74229,2330766,36994,1131613,32742,1187290,4493,11863,45741,889993,0.102295,28372,727838,0.083657,50592,1617831,0.185953,8700223
1,2021-03-11,90434,2421200,41617,1173230,40804,1228094,8013,19876,52652,913567,0.105005,37539,765377,0.087972,61113,1678944,0.192977,8700223
1,2021-03-12,99325,2520525,43779,1217009,43099,1271193,12447,32323,57979,943310,0.108424,41112,806489,0.092698,70855,1749799,0.201121,8700223
1,2021-03-13,65448,2585973,29565,1246574,28183,1299376,7700,40023,41732,969459,0.111429,23577,830066,0.095407,49726,1799525,0.206837,8700223
1,2021-03-14,27949,2613922,14946,1261520,9434,1308810,3569,43592,15654,976644,0.112255,12218,842284,0.096812,19403,1818928,0.209067,8700223
1,2021-03-15,65376,2679298,28833,1290353,29789,1338599,6754,50346,38433,995462,0.114418,26715,868999,0.099882,45533,1864461,0.2143,8700223
1,2021-03-16,85898,2765196,39163,1329516,41088,1379687,5647,55993,53210,1022202,0.117491,32455,901454,0.103613,59195,1923656,0.221104,8700223
1,2021-03-17,93371,2858567,45572,1375088,41253,1420940,6546,62539,60046,1056064,0.121384,33074,934528,0.107414,66936,1990592,0.228798,8700223
1,2021-03-18,98920,2957487,50997,1426085,42203,1463143,5720,68259,59765,1083248,0.124508,38785,973313,0.111872,65969,2056561,0.23638,8700223
1,2021-03-19,103940,3061427,53817,1479902,43823,1506966,6300,74559,60665,1107757,0.127325,42963,1016276,0.11681,67472,2124033,0.244135,8700223
1,2021-03-20,72934,3134361,37354,1517256,30364,1537330,5216,79775,46856,1134218,0.130367,25880,1042156,0.119785,52341,2176374,0.250152,8700223
1,2021-03-21,27349,3161710,19077,1536333,6462,1543792,1810,81585,17010,1142885,0.131363,10240,1052396,0.120962,18907,2195281,0.252325,8700223
1,2021-03-22,59377,3221087,30663,1566996,25406,1569198,3308,84893,39930,1167276,0.134166,19215,1071611,0.123171,43606,2238887,0.257337,8700223
1,2021-03-23,83601,3304688,42591,1609587,37376,1606574,3634,88527,51251,1190530,0.136839,32085,1103696,0.126858,55339,2294226,0.263697,8700223
1,2021-03-24,88477,3393165,44744,1654331,39362,1645936,4371,92898,52690,1212261,0.139337,35485,1139181,0.130937,57216,2351442,0.270274,8700223
1,2021-03-25,97339,3490504,49794,1704125,41699,1687635,5846,98744,53862,1229040,0.141265,43137,1182318,0.135895,59916,2411358,0.27716,8700223
1,2021-03-26,105629,3596133,51247,1755372,48057,1735692,6325,105069,56582,1243579,0.142936,48664,1230982,0.141489,63203,2474561,0.284425,8700223
1,2021-03-27,74326,3670459,38408,1793780,31706,1767398,4212,109281,38083,1250064,0.143682,36005,1266987,0.145627,42490,2517051,0.289309,8700223
1,2021-03-28,32856,3703315,21506,1815286,10124,1777522,1226,110507,16439,1251875,0.14389,16304,1283291,0.147501,18115,2535166,0.291391,8700223
1,2021-03-29,68762,3772077,33874,1849160,31718,1809240,3170,113677,37899,1262529,0.145115,30623,1313914,0.151021,41277,2576443,0.296135,8700223
1,2021-03-30,93531,3865608,45720,1894880,41404,1850644,6407,120084,48076,1271866,0.146188,45216,1359130,0.156218,54553,2630996,0.302406,8700223
1,2021-03-31,102134,3967742,53152,1948032,42731,1893375,6251,126335,55930,1288237,0.148069,45858,1404988,0.161489,62229,2693225,0.309558,8700223
1,2021-04-01,113763,4081505,54354,2002386,50581,1943956,8828,135163,57745,1299303,0.149341,55541,1460529,0.167873,66607,2759832,0.317214,8700223
1,2021-04-02,112926,4194431,51427,2053813,51756,1995712,9743,144906,57337,1311441,0.150736,55137,1515666,0.17421,67275,2827107,0.324946,8700223
1,2021-04-03,78813,4273244,39645,2093458,29481,2025193,9687,154593,37023,1316608,0.15133,41590,1557256,0.17899,46757,2873864,0.330321,8700223
1,2021-04-04,23820,4297064,11847,2105305,8494,2033687,3479,158072,9942,1316210,0.151285,13806,1571062,0.180577,13408,2887272,0.331862,8700223
1,2021-04-05,77754,4374818,37037,2142342,31317,2065004,9400,167472,35030,1318286,0.151523,42496,1613558,0.185462,44572,2931844,0.336985,8700223
1,2021-04-06,104959,4479777,49737,2192079,38521,2103525,16701,184173,47529,1325405,0.152341,57110,1670668,0.192026,64229,2996073,0.344367,8700223
1,2021-04-07,112970,4592747,54756,2246835,40527,2144052,17687,201860,50985,1332410,0.153147,61659,1732327,0.199113,68664,3064737,0.35226,8700223
1,2021-04-08,123350,4716097,58383,2305218,43842,2187894,21125,222985,54589,1339829,0.153999,68319,1800646,0.206965,75738,3140475,0.360965,8700223
1,2021-04-09,124509,4840606,56771,2361989,46811,2234705,20927,243912,54695,1346025,0.154712,69441,1870087,0.214947,75637,3216112,0.369659,8700223
1,2021-04-10,97426,4938032,43441,2405430,30929,2265634,23056,266968,38571,1348951,0.155048,58624,1928711,0.221685,61550,3277662,0.376733,8700223
1,2021-04-11,36766,4974798,20416,2425846,9452,2275086,6898,273866,14864,1348972,0.15505,21833,1950544,0.224195,21854,3299516,0.379245,8700223
1,2021-04-12,75055,5049853,33492,2459338,31507,2306593,10056,283922,31867,1348145,0.154955,42882,1993426,0.229124,42055,3341571,0.384079,8700223
1,2021-04-13,98387,5148240,52573,2511911,45471,2352064,343,284265,53146,1357057,0.15598,44926,2038352,0.234287,53838,3395409,0.390267,8700223
1,2021-04-14,105278,5253518,54527,2566438,50673,2402737,78,284343,53468,1359556,0.156267,51417,2089769,0.240197,53916,3449325,0.396464,8700223
1,2021-04-15,106050,5359568,57559,2623997,48398,2451135,93,284436,56238,1366859,0.157106,49203,2138972,0.245853,56506,3505831,0.402959,8700223
1,2021-04-16,111035,5470603,56849,2680846,54096,2505231,90,284526,55400,1367456,0.157175,55082,2194054,0.252184,55679,3561510,0.409358,8700223
1,2021-04-17,83565,5554168,45374,2726220,38179,2543410,12,284538,46571,1377458,0.158324,36745,2230799,0.256407,46747,3608257,0.414732,8700223
1,2021-04-18,30555,5584723,20677,2746897,9871,2553281,7,284545,15329,1377872,0.158372,15130,2245929,0.258146,15544,3623801,0.416518,8700223
1,2021-04-19,67276,5651999,34052,2780949,33211,2586492,13,284558,30321,1371761,0.15767,36575,2282504,0.26235,30464,3654265,0.42002,8700223
1,2021-04-20,88558,5740557,44570,2825519,43964,2630456,24,284582,41302,1366408,0.157054,46880,2329384,0.267738,41527,3695792,0.424793,8700223
1,2021-04-21,98027,5838584,51141,2876660,46783,2677239,103,284685,43761,1356841,0.155955,53673,2383057,0.273908,44106,3739898,0.429862,8700223
1,2021-04-22,97852,5936436,51179,2927839,46654,2723893,19,284704,44767,1349298,0.155088,52548,2435605,0.279947,45005,3784903,0.435035,8700223
1,2021-04-23,102804,6039240,53099,2980938,49677,2773570,28,284732,48792,1344888,0.154581,53469,2489074,0.286093,49059,3833962,0.440674,8700223
1,2021-04-24,76544,6115784,47483,3028421,29034,2802604,27,284759,43067,1354927,0.155735,33315,2522389,0.289922,43354,3877316,0.445657,8700223
1,2021-04-25,27414,6143198,17457,3045878,9943,2812547,14,284773,15626,1359046,0.156208,11663,2534052,0.291263,15782,3893098,0.447471,8700223
1,2021-04-26,66601,6209799,34948,3080826,31247,2843794,406,285179,31418,1356346,0.155898,34860,2568912,0.29527,32160,3925258,0.451168,8700223
1,2021-04-27,81921,6291720,43566,3124392,37048,2880842,1307,286486,35323,1347031,0.154827,46284,2615196,0.30059,36969,3962227,0.455417,8700223
1,2021-04-28,81719,6373439,43488,3167880,36713,2917555,1518,288004,35688,1338798,0.153881,45663,2660859,0.305838,37430,3999657,0.459719,8700223
1,2021-04-29,85132,6458571,46858,3214738,36641,2954196,1633,289637,34632,1325120,0.152309,50107,2710966,0.311597,36429,4036086,0.463906,8700223
1,2021-04-30,92819,6551390,50267,3265005,40663,2994859,1889,291526,38563,1311834,0.150782,53896,2764862,0.317792,40610,4076696,0.468574,8700223
1,2021-05-01,64012,6615402,41276,3306281,21303,3016162,1433,292959,26943,1303631,0.149839,36794,2801656,0.322021,28591,4105287,0.47186,8700223
1,2021-05-02,23537,6638939,16674,3322955,6284,3022446,579,293538,9472,1299755,0.149393,13954,2815610,0.323625,10078,4115365,0.473018,8700223
1,2021-05-03,56477,6695416,31325,3354280,23304,3045750,1848,295386,20452,1286351,0.147853,35757,2851367,0.327735,22353,4137718,0.475588,8700223
1,2021-05-04,76091,6771507,43852,3398132,30137,3075887,2102,297488,27226,1267213,0.145653,48545,2899912,0.333315,29407,4167125,0.478968,8700223
1,2021-05-05,78489,6849996,45493,3443625,30690,3106577,2306,299794,26571,1244625,0.143057,51545,2951457,0.339239,28957,4196082,0.482296,8700223
1,2021-05-06,79999,6929995,48578,3492203,29235,3135812,2186,301980,24951,1217281,0.139914,54634,3006091,0.345519,27290,4223372,0.485433,8700223
1,2021-05-07,83591,7013586,47580,3539783,33812,3169624,2199,304179,27890,1192209,0.137032,55223,3061314,0.351866,30151,4253523,0.488898,8700223
1,2021-05-08,57489,7071075,36073,3575856,19766,3189390,1650,305829,19522,1175849,0.135152,37618,3098932,0.35619,21258,4274781,0.491342,8700223
1,2021-05-09,18356,7089431,13168,3589024,4709,3194099,479,306308,5575,1169236,0.134391,12701,3111633,0.35765,6088,4280869,0.492041,8700223
1,2021-05-10,44358,7133789,22438,3611462,20086,3214185,1834,308142,14828,1156751,0.132956,29235,3140868,0.36101,16750,4297619,0.493967,8700223
1,2021-05-11,62905,7196694,34215,3645677,26529,3240714,2161,310303,20659,1137737,0.130771,41942,3182810,0.365831,22928,4320547,0.496602,8700223
1,2021-05-12,63027,7259721,33498,3679175,27463,3268177,2066,312369,20692,1118567,0.128568,41993,3224803,0.370658,22823,4343370,0.499225,8700223
1,2021-05-13,67299,7327020,39491,3718666,25814,3293991,1994,314363,25620,1105190,0.12703,41273,3266076,0.375401,27896,4371266,0.502431,8700223
1,2021-05-14,76884,7403904,46369,3765035,28110,3322101,2405,316768,31054,1093518,0.125689,45410,3311486,0.380621,33738,4405004,0.506309,8700223
1,2021-05-15,66854,7470758,43907,3808942,21178,3343279,1769,318537,26628,1082092,0.124375,39889,3351375,0.385206,28463,4433467,0.509581,8700223
1,2021-05-16,25124,7495882,18524,3827466,5979,3349258,621,319158,10241,1078243,0.123933,14757,3366132,0.386902,10908,4444375,0.510835,8700223
1,2021-05-17,54427,7550309,33277,3860743,19370,3368628,1780,320938,23081,1072093,0.123226,31067,3397199,0.390473,24917,4469292,0.513699,8700223
1,2021-05-18,65248,7615557,39330,3900073,24078,3392706,1840,322778,28294,1065652,0.122486,36664,3433863,0.394687,30223,4499515,0.517172,8700223
1,2021-05-19,66655,7682212,40613,3940686,24106,3416812,1936,324714,29827,1060966,0.121947,36524,3470387,0.398885,31838,4531353,0.520832,8700223
1,2021-05-20,64929,7747141,37687,3978373,25016,3441828,2226,326940,26705,1052235,0.120943,37863,3508250,0.403237,29132,4560485,0.52418,8700223
1,2021-05-21,70565,7817706,42211,4020584,26483,3468311,1871,328811,29115,1042283,0.1198,41030,3549280,0.407953,31078,4591563,0.527752,8700223
1,2021-05-22,56499,7874205,37178,4057762,17590,3485901,1731,330542,24573,1037036,0.119196,31642,3580922,0.41159,26395,4617958,0.530786,8700223
1,2021-05-23,20525,7894730,14357,4072119,5581,3491482,587,331129,9512,1036252,0.119106,10907,3591829,0.412843,10123,4628081,0.53195,8700223
1,2021-05-24,44219,7938949,24684,4096803,17688,3509170,1847,332976,17902,1030030,0.118391,26052,3617881,0.415838,19830,4647911,0.534229,8700223
1,2021-05-25,51204,7990153,29500,4126303,19998,3529168,1706,334682,21254,1023430,0.117633,29656,3647537,0.419246,23056,4670967,0.536879,8700223
1,2021-05-26,48617,8038770,27560,4153863,19152,3548320,1905,336587,20573,1018221,0.117034,27726,3675263,0.422433,22517,4693484,0.539467,8700223
1,2021-05-27,47051,8085821,26393,4180256,18741,3567061,1917,338504,20136,1013770,0.116522,26618,3701881,0.425493,22167,4715651,0.542015,8700223
1,2021-05-28,52637,8138458,29375,4209631,21426,3588487,1836,340340,23545,1010526,0.116149,28750,3730631,0.428797,25506,4741157,0.544947,8700223
1,2021-05-29,30699,8169157,18593,4228224,11139,3599626,967,341307,14600,1010205,0.116113,15944,3746575,0.43063,15623,4756780,0.546742,8700223
1,2021-05-30,11717,8180874,7569,4235793,3588,3603214,560,341867,5530,1010208,0.116113,6111,3752686,0.431332,6114,4762894,0.547445,8700223
1,2021-05-31,5770,8186644,3280,4239073,2231,3605445,259,342126,2012,1008796,0.115951,3694,3756380,0.431757,2282,4765176,0.547707,8700223
1,2021-06-01,45967,8232611,25988,4265061,18398,3623843,1581,343707,17372,999577,0.114891,28234,3784614,0.435002,19015,4784191,0.549893,8700223
1,2021-06-02,40070,8272681,23245,4288306,15310,3639153,1515,345222,16137,993684,0.114214,23626,3808240,0.437718,17733,4801924,0.551931,8700223
1,2021-06-03,41564,8314245,26031,4314337,13811,3652964,1722,346944,15835,985896,0.113318,25420,3833660,0.440639,17632,4819556,0.553958,8700223
1,2021-06-04,50290,8364535,32188,4346525,16286,3669250,1816,348760,17964,973798,0.111928,31956,3865616,0.444312,19858,4839414,0.55624,8700223
1,2021-06-05,40442,8404977,27592,4374117,10840,3680090,2010,350770,14169,963977,0.110799,26051,3891667,0.447307,16230,4855644,0.558106,8700223
1,2021-06-06,13248,8418225,10607,4384724,2126,3682216,515,351285,4565,960521,0.110402,8598,3900265,0.448295,5142,4860786,0.558697,8700223
1,2021-06-07,34044,8452269,23457,4408181,9219,3691435,1368,352653,12054,952223,0.109448,21772,3922037,0.450797,13474,4874260,0.560245,8700223
1,2021-06-08,42325,8494594,29286,4437467,11378,3702813,1661,354314,14723,941375,0.108201,27321,3949358,0.453938,16473,4890733,0.562139,8700223
1,2021-06-09,42242,8536836,29302,4466769,11292,3714105,1648,355962,13732,928616,0.106735,28194,3977552,0.457178,15435,4906168,0.563913,8700223
1,2021-06-10,39227,8576063,26407,4493176,11111,3725216,1709,357671,13367,918194,0.105537,25598,4003150,0.46012,15176,4921344,0.565657,8700223
1,2021-06-11,44159,8620222,29278,4522454,13189,3738405,1692,359363,15679,907477,0.104305,28166,4031316,0.463358,17449,4938793,0.567663,8700223
1,2021-06-12,33866,8654088,24485,4546939,8162,3746567,1219,360582,11100,897314,0.103137,22548,4053864,0.465949,12385,4951178,0.569086,8700223
1,2021-06-13,11647,8665735,8470,4555409,2697,3749264,480,361062,3384,893022,0.102644,8189,4062053,0.466891,3897,4955075,0.569534,8700223
1,2021-06-14,31041,8696776,20892,4576301,8826,3758090,1323,362385,11550,886640,0.10191,19283,4081336,0.469107,12901,4967976,0.571017,8700223
1,2021-06-15,37388,8734164,24500,4600801,11024,3769114,1864,364249,13833,879154,0.10105,23272,4104608,0.471782,15786,4983762,0.572832,8700223
1,2021-06-16,35608,8769772,24061,4624862,9702,3778816,1845,366094,13372,872464,0.100281,21962,4126570,0.474306,15272,4999034,0.574587,8700223
1,2021-06-17,33739,8803511,22309,4647171,9471,3788287,1959,368053,13163,867342,0.099692,20332,4146902,0.476643,15210,5014244,0.576335,8700223
1,2021-06-18,39853,8843364,25895,4673066,11094,3799381,2864,370917,15483,861665,0.099039,24077,4170979,0.479411,18400,5032644,0.57845,8700223
1,2021-06-19,24096,8867460,16717,4689783,6178,3805559,1201,372118,9802,858588,0.098686,14119,4185098,0.481033,11042,5043686,0.579719,8700223
1,2021-06-20,8165,8875625,5982,4695765,1906,3807465,277,372395,3240,857261,0.098533,4855,4189953,0.481591,3528,5047214,0.580125,8700223
1,2021-06-21,21042,8896667,11903,4707668,6941,3814406,2198,374593,10960,860500,0.098906,9964,4199917,0.482737,13203,5060417,0.581642,8700223
1,2021-06-22,30932,8927599,20196,4727864,8584,3822990,2152,376745,12959,857920,0.098609,17754,4217671,0.484777,15174,5075591,0.583386,8700223
1,2021-06-23,29511,8957110,19823,4747687,7865,3830855,1823,378568,12880,856240,0.098416,16408,4234079,0.486663,14728,5090319,0.585079,8700223
1,2021-06-24,28519,8985629,18992,4766679,7851,3838706,1676,380244,12103,853880,0.098145,16208,4250287,0.488526,13848,5104167,0.586671,8700223
1,2021-06-25,31857,9017486,21564,4788243,8882,3847588,1411,381655,14004,851742,0.097899,17610,4267897,0.49055,15472,5119639,0.588449,8700223
1,2021-06-26,22548,9040034,16749,4804992,4958,3852546,841,382496,9847,849904,0.097688,12576,4280473,0.491996,10738,5130377,0.589683,8700223
1,2021-06-27,9202,9049236,6852,4811844,1915,3854461,435,382931,4074,849370,0.097626,5058,4285531,0.492577,4524,5134901,0.590203,8700223
1,2021-06-28,21267,9070503,15806,4827650,4207,3858668,1254,384185,9853,849309,0.097619,11215,4296746,0.493866,11154,5146055,0.591485,8700223
1,2021-06-29,27023,9097526,18495,4846145,7133,3865801,1395,385580,11918,847766,0.097442,14913,4311659,0.49558,13370,5159425,0.593022,8700223
1,2021-06-30,26240,9123766,18151,4864296,7028,3872829,1061,386641,12474,847831,0.097449,13541,4325200,0.497137,13606,5173031,0.594586,8700223
1,2021-07-01,24071,9147837,16728,4881024,6039,3878868,1304,387945,11143,847589,0.097422,12766,4337966,0.498604,12524,5185555,0.596026,8700223
1,2021-07-02,26794,9174631,18407,4899431,7338,3886206,1049,388994,12527,847180,0.097375,14067,4352033,0.500221,13658,5199213,0.597595,8700223
1,2021-07-03,14879,9189510,10390,4909821,4036,3890242,453,389447,7089,847101,0.097365,7655,4359688,0.501101,7576,5206789,0.598466,8700223
1,2021-07-04,1289,9190799,726,4910547,496,3890738,67,389514,622,847139,0.09737,656,4360344,0.501176,694,5207483,0.598546,8700223
1,2021-07-05,11151,9201950,7722,4918269,3065,3893803,364,389878,5291,847051,0.09736,5791,4366135,0.501842,5703,5213186,0.599201,8700223
1,2021-07-06,27521,9229471,19449,4937718,6923,3900726,1149,391027,11006,842976,0.096891,16331,4382466,0.503719,12256,5225442,0.60061,8700223
1,2021-07-07,24051,9253522,16828,4954546,6056,3906782,1167,392194,10366,841099,0.096676,13495,4395961,0.50527,11618,5237060,0.601945,8700223
1,2021-07-08,23018,9276540,15910,4970456,6012,3912794,1096,393290,9952,839308,0.09647,12928,4408889,0.506756,11137,5248197,0.603226,8700223
1,2021-07-09,27167,9303707,19212,4989668,6784,3919578,1171,394461,12225,837994,0.096319,14765,4423654,0.508453,13451,5261648,0.604772,8700223
1,2021-07-10,17970,9321677,12971,5002639,4229,3923807,770,395231,7998,836963,0.0962,9846,4433500,0.509585,8815,5270463,0.605785,8700223
1,2021-07-11,6801,9328478,4979,5007618,1617,3925424,205,395436,3284,837006,0.096205,3464,4436964,0.509983,3507,5273970,0.606188,8700223
1,2021-07-12,20321,9348799,14598,5022216,4827,3930251,896,396332,9000,835815,0.096068,11180,4448144,0.511268,9989,5283959,0.607336,8700223
1,2021-07-13,22467,9371266,15694,5037910,5964,3936215,809,397141,10517,835424,0.096023,11803,4459947,0.512624,11412,5295371,0.608648,8700223
1,2021-07-14,22501,9393767,15455,5053365,6063,3942278,983,398124,10123,834418,0.095908,12221,4472168,0.514029,11215,5306586,0.609937,8700223
1,2021-07-15,21919,9415686,15544,5068909,5643,3947921,732,398856,10585,834655,0.095935,11184,4483352,0.515315,11421,5318007,0.61125,8700223
1,2021-07-16,26971,9442657,18855,5087764,7111,3955032,1005,399861,13376,835693,0.096054,13429,4496781,0.516858,14467,5332474,0.612912,8700223
1,2021-07-17,18737,9461394,13536,5101300,4496,3959528,705,400566,9211,836250,0.096118,9395,4506176,0.517938,9952,5342426,0.614056,8700223
1,2021-07-18,7488,9468882,5527,5106827,1675,3961203,286,400852,3838,836798,0.096181,3592,4509768,0.518351,4140,5346566,0.614532,8700223
1,2021-07-19,20928,9489810,15161,5121988,4934,3966137,833,401685,10503,837939,0.096312,10292,4520060,0.519534,11433,5357999,0.615846,8700223
1,2021-07-20,24954,9514764,17275,5139263,6796,3972933,883,402568,12823,839793,0.096525,11944,4532004,0.520907,13798,5371797,0.617432,8700223
1,2021-07-21,25274,9540038,17789,5157052,6276,3979209,1209,403777,12916,841836,0.09676,12199,4544203,0.522309,14242,5386039,0.619069,8700223
1,2021-07-22,24436,9564474,17283,5174335,6311,3985520,842,404619,13313,845146,0.097141,10937,4555140,0.523566,14247,5400286,0.620707,8700223
1,2021-07-23,29078,9593552,20547,5194882,7508,3993028,1023,405642,16205,849765,0.097672,12676,4567816,0.525023,17295,5417581,0.622694,8700223
1,2021-07-24,18187,9611739,12834,5207716,4787,3997815,566,406208,10706,853702,0.098124,7362,4575178,0.525869,11299,5428880,0.623993,8700223
1,2021-07-25,7497,9619236,5392,5213108,1988,3999803,117,406325,5595,857568,0.098569,1866,4577044,0.526084,5732,5434612,0.624652,8700223
1,2021-07-26,21426,9640662,14821,5227929,5844,4005647,761,407086,13856,864805,0.0994,7451,4584495,0.52694,14688,5449300,0.62634,8700223
1,2021-07-27,27060,9667722,19306,5247235,6814,4012461,940,408026,15950,870811,0.100091,10940,4595435,0.528197,16946,5466246,0.628288,8700223
1,2021-07-28,28068,9695790,19909,5267144,7287,4019748,872,408898,17230,878336,0.100956,10647,4606082,0.529421,18172,5484418,0.630377,8700223
1,2021-07-29,26690,9722480,18936,5286080,6963,4026711,791,409689,16696,886064,0.101844,9821,4615903,0.53055,17549,5501967,0.632394,8700223
1,2021-07-30,31102,9753582,22242,5308322,7956,4034667,904,410593,19028,894173,0.102776,11861,4627764,0.531913,19970,5521937,0.634689,8700223
1,2021-07-31,19922,9773504,14449,5322771,4933,4039600,540,411133,12389,899750,0.103417,7376,4635140,0.532761,12953,5534890,0.636178,8700223
1,2021-08-01,8840,9782344,6663,5329434,2050,4041650,127,411260,6054,903220,0.103816,2740,4637880,0.533076,6210,5541100,0.636892,8700223
1,2021-08-02,24812,9807156,18480,5347914,5627,4047277,705,411965,16140,911597,0.104779,8516,4646396,0.534055,16893,5557993,0.638833,8700223
1,2021-08-03,28447,9835603,20578,5368492,6961,4054238,908,412873,17802,919884,0.105731,10459,4656855,0.535257,18746,5576739,0.640988,8700223
1,2021-08-04,27494,9863097,19957,5388449,6666,4060904,871,413744,17455,928417,0.106712,9837,4666692,0.536388,18370,5595109,0.643099,8700223
1,2021-08-05,27138,9890235,19863,5408312,6381,4067285,894,414638,17103,936604,0.107653,9833,4676525,0.537518,18020,5613129,0.645171,8700223
1,2021-08-06,33548,9923783,24698,5433010,7883,4075168,967,415605,20887,946071,0.108741,12433,4688958,0.538947,21900,5635029,0.647688,8700223
1,2021-08-07,21658,9945441,16237,5449247,4855,4080023,566,416171,13494,952112,0.109435,8032,4696990,0.53987,14073,5649102,0.649305,8700223
1,2021-08-08,10475,9955916,7651,5456898,2624,4082647,200,416371,6803,955521,0.109827,3602,4700592,0.540284,7011,5656113,0.650111,8700223
1,2021-08-09,27688,9983604,20754,5477652,6139,4088786,795,417166,17127,963106,0.110699,10370,4710962,0.541476,17955,5674068,0.652175,8700223
1,2021-08-10,29054,10012658,21363,5499015,6830,4095616,861,418027,17322,969814,0.11147,11526,4722488,0.542801,18234,5692302,0.654271,8700223
1,2021-08-11,26449,10039107,19477,5518492,6075,4101691,897,418924,15556,975601,0.112135,10691,4733179,0.54403,16478,5708780,0.656165,8700223
1,2021-08-12,28086,10067193,20191,5538683,6866,4108557,1029,419953,16746,982340,0.11291,11057,4744236,0.545301,17796,5726576,0.65821,8700223
1,2021-08-13,34962,10102155,25507,5564190,8496,4117053,959,420912,20411,989492,0.113732,14262,4758498,0.54694,21414,5747990,0.660672,8700223
1,2021-08-14,23211,10125366,17634,5581824,5052,4122105,525,421437,13241,993749,0.114221,9528,4768026,0.548035,13785,5761775,0.662256,8700223
1,2021-08-15,10238,10135604,7536,5589360,2557,4124662,145,421582,5873,995717,0.114447,4071,4772097,0.548503,6039,5767814,0.66295,8700223
1,2021-08-16,12978,10148582,9317,5598677,2995,4127657,666,422248,7044,997682,0.114673,5771,4777868,0.549166,7736,5775550,0.663839,8700223
2,2020-12-15,261,261,261,261,0,0,0,0,261,261,3.1e-05,0,0,0.0,261,261,3.1e-05,8407551
2,2020-12-16,2267,2528,2267,2528,0,0,0,0,2266,2527,0.000301,0,0,0.0,2266,2527,0.000301,8407551
2,2020-12-17,6981,9509,6981,9509,0,0,0,0,6980,9507,0.001131,0,0,0.0,6980,9507,0.001131,8407551
2,2020-12-18,11163,20672,11142,20651,21,21,0,0,11163,20670,0.002459,0,0,0.0,11163,20670,0.002459,8407551
2,2020-12-19,5637,26309,5630,26281,7,28,0,0,5638,26308,0.003129,0,0,0.0,5638,26308,0.003129,8407551
2,2020-12-20,4269,30578,4255,30536,14,42,0,0,4264,30571,0.003636,1,1,0.0,4264,30572,0.003636,8407551
2,2020-12-21,12883,43461,12854,43390,29,71,0,0,12838,43409,0.005163,0,1,0.0,12838,43410,0.005163,8407551
2,2020-12-22,12242,55703,11715,55105,527,598,0,0,12240,55649,0.006619,0,1,0.0,12240,55650,0.006619,8407551
2,2020-12-23,11812,67515,9569,64674,2243,2841,0,0,11814,67463,0.008024,1,2,0.0,11815,67465,0.008024,8407551
2,2020-12-24,5926,73441,3504,68178,2422,5263,0,0,5921,73383,0.008728,3,5,1e-06,5923,73388,0.008729,8407551
2,2020-12-25,501,73942,418,68596,83,5346,0,0,504,73887,0.008788,0,5,1e-06,504,73892,0.008789,8407551
2,2020-12-26,2584,76526,1670,70266,914,6260,0,0,2585,76471,0.009096,1,6,1e-06,2585,76477,0.009096,8407551
2,2020-12-27,2247,78773,1221,71487,1026,7286,0,0,2244,78713,0.009362,2,8,1e-06,2244,78721,0.009363,8407551
2,2020-12-28,11143,89916,7240,78727,3903,11189,0,0,11143,89854,0.010687,2,10,1e-06,11143,89864,0.010688,8407551
2,2020-12-29,12976,102892,7309,86036,5667,16856,0,0,12982,102836,0.012231,0,10,1e-06,12982,102846,0.012233,8407551
2,2020-12-30,15740,118632,8840,94876,6900,23756,0,0,15735,118568,0.014103,5,15,2e-06,15737,118583,0.014104,8407551
2,2020-12-31,7624,126256,2844,97720,4780,28536,0,0,7616,126179,0.015008,5,20,2e-06,7616,126199,0.01501,8407551
2,2021-01-01,1403,127659,678,98398,725,29261,0,0,1399,127574,0.015174,4,24,3e-06,1399,127598,0.015177,8407551
2,2021-01-02,4889,132548,2786,101184,2103,31364,0,0,4885,132457,0.015755,2,26,3e-06,4885,132483,0.015758,8407551
2,2021-01-03,1430,133978,807,101991,623,31987,0,0,1422,133875,0.015923,4,30,4e-06,1422,133905,0.015927,8407551
2,2021-01-04,11796,145774,5622,107613,6174,38161,0,0,11784,145655,0.017324,4,34,4e-06,11784,145689,0.017328,8407551
2,2021-01-05,14018,159792,7027,114640,6991,45152,0,0,12775,157229,0.018701,1236,1270,0.000151,12810,158499,0.018852,8407551
2,2021-01-06,19234,179026,10651,125291,8583,53735,0,0,15281,168632,0.020057,3891,5161,0.000614,15294,173793,0.020671,8407551
2,2021-01-07,23451,202477,13217,138508,10234,63969,0,0,15727,176647,0.021011,7729,12890,0.001533,15744,189537,0.022544,8407551
2,2021-01-08,27098,229575,16338,154846,10760,74729,0,0,16687,183012,0.021768,10352,23242,0.002764,16717,206254,0.024532,8407551
2,2021-01-09,9904,239479,5793,160639,4111,78840,0,0,6313,185747,0.022093,3586,26828,0.003191,6321,212575,0.025284,8407551
2,2021-01-10,5359,244838,2985,163624,2374,81214,0,0,3086,186567,0.02219,2272,29100,0.003461,3092,215667,0.025652,8407551
2,2021-01-11,26190,271028,18110,181734,8080,89294,0,0,15012,190460,0.022653,11173,40273,0.00479,15066,230733,0.027444,8407551
2,2021-01-12,26549,297577,16493,198227,10056,99350,0,0,16856,197715,0.023516,9693,49966,0.005943,16948,247681,0.029459,8407551
2,2021-01-13,28783,326360,15277,213504,13506,112856,0,0,20715,210424,0.025028,8045,58011,0.0069,20754,268435,0.031928,8407551
2,2021-01-14,30731,357091,11763,225267,18968,131824,0,0,26402,232574,0.027663,4333,62344,0.007415,26483,294918,0.035078,8407551
2,2021-01-15,35271,392362,12774,238041,22497,154321,0,0,31935,261277,0.031076,3326,65670,0.007811,32029,326947,0.038887,8407551
2,2021-01-16,18378,410740,6146,244187,12232,166553,0,0,16950,276795,0.032922,1442,67112,0.007982,16960,343907,0.040905,8407551
2,2021-01-17,10594,421334,3576,247763,7018,173571,0,0,9840,285877,0.034002,769,67881,0.008074,9851,353758,0.042076,8407551
2,2021-01-18,19875,441209,11114,258877,8761,182332,0,0,14985,296020,0.035209,4907,72788,0.008657,15050,368808,0.043866,8407551
2,2021-01-19,32883,474092,17089,275966,15794,198126,0,0,24692,312635,0.037185,8190,80978,0.009632,24805,393613,0.046817,8407551
2,2021-01-20,37786,511878,19045,295011,18741,216867,0,0,29087,333146,0.039625,8671,89649,0.010663,29182,422795,0.050288,8407551
2,2021-01-21,41293,553171,17551,312562,23742,240609,0,0,36711,365499,0.043473,4546,94195,0.011204,36899,459694,0.054676,8407551
2,2021-01-22,39789,592960,16627,329189,23162,263771,0,0,36391,398502,0.047398,3416,97611,0.01161,36419,496113,0.059008,8407551
2,2021-01-23,24290,617250,10814,340003,13476,277247,0,0,21293,416851,0.049581,2976,100587,0.011964,21325,517438,0.061544,8407551
2,2021-01-24,12515,629765,6127,346130,6388,283635,0,0,11585,427541,0.050852,914,101501,0.012073,11604,529042,0.062925,8407551
2,2021-01-25,34112,663877,15680,361810,18432,302067,0,0,25208,444048,0.052815,8850,110351,0.013125,25357,554399,0.065941,8407551
2,2021-01-26,40583,704460,19850,381660,20733,322800,0,0,31262,466102,0.055438,9294,119645,0.014231,31348,585747,0.069669,8407551
2,2021-01-27,45910,750370,22743,404403,23167,345967,0,0,35443,491273,0.058432,10339,129984,0.01546,35510,621257,0.073893,8407551
2,2021-01-28,48273,798643,22524,426927,25749,371716,0,0,39453,522055,0.062094,8749,138733,0.016501,39531,660788,0.078595,8407551
2,2021-01-29,45918,844561,22104,449031,23814,395530,0,0,37051,550443,0.06547,8739,147472,0.01754,37127,697915,0.08301,8407551
2,2021-01-30,31516,876077,13352,462383,18164,413694,0,0,28080,575165,0.068411,3396,150868,0.017944,28118,726033,0.086355,8407551
2,2021-01-31,17316,893393,10238,472621,7078,420772,0,0,16090,590075,0.070184,1204,152072,0.018088,16114,742147,0.088271,8407551
2,2021-02-01,41570,934963,19912,492533,21658,442430,0,0,30323,609263,0.072466,11183,163255,0.019418,30371,772518,0.091884,8407551
2,2021-02-02,48193,983156,19597,512130,28596,471026,0,0,36553,634373,0.075453,11543,174798,0.020791,36653,809171,0.096243,8407551
2,2021-02-03,54297,1037453,23897,536027,30400,501426,0,0,39936,660151,0.078519,14257,189055,0.022486,40035,849206,0.101005,8407551
2,2021-02-04,56508,1093961,24255,560282,32253,533679,0,0,41098,686050,0.081599,15301,204356,0.024306,41200,890406,0.105906,8407551
2,2021-02-05,60467,1154428,26322,586604,34145,567824,0,0,40769,707532,0.084154,19479,223835,0.026623,40961,931367,0.110777,8407551
2,2021-02-06,39583,1194011,18476,605080,21107,588931,0,0,31485,731104,0.086958,8021,231856,0.027577,31593,962960,0.114535,8407551
2,2021-02-07,15804,1209815,10475,615555,5329,594260,0,0,11980,739367,0.087941,3790,235646,0.028028,12053,975013,0.115969,8407551
2,2021-02-08,43276,1253091,21947,637502,21329,615589,0,0,29597,755653,0.089878,13528,249174,0.029637,29814,1004827,0.119515,8407551
2,2021-02-09,49819,1302910,23523,661025,26296,641885,0,0,30738,767977,0.091344,18778,267952,0.03187,31102,1035929,0.123214,8407551
2,2021-02-10,59841,1362751,27999,689024,31842,673727,0,0,34484,777772,0.092509,25059,293011,0.034851,34854,1070783,0.12736,8407551
2,2021-02-11,64544,1427295,29654,718678,34890,708617,0,0,35897,785924,0.093478,28267,321278,0.038213,36419,1107202,0.131691,8407551
2,2021-02-12,65826,1493121,28294,746972,37532,746149,0,0,34933,790959,0.094077,30572,351850,0.041849,35607,1142809,0.135927,8407551
2,2021-02-13,38246,1531367,15939,762911,22307,768456,0,0,22018,797239,0.094824,16118,367968,0.043766,22398,1165207,0.138591,8407551
2,2021-02-14,20204,1551571,9405,772316,10799,779255,0,0,11214,799893,0.09514,8934,376902,0.044829,11588,1176795,0.139969,8407551
2,2021-02-15,33447,1585018,15059,787375,18388,797643,0,0,18525,804505,0.095688,14777,391679,0.046587,19389,1196184,0.142275,8407551
2,2021-02-16,56691,1641709,27766,815141,28925,826568,0,0,29781,808193,0.096127,26782,418461,0.049772,30470,1226654,0.145899,8407551
2,2021-02-17,62056,1703765,31912,847053,30144,856712,0,0,30769,808607,0.096176,31184,449645,0.053481,31598,1258252,0.149657,8407551
2,2021-02-18,66717,1770482,33623,880676,33094,889806,0,0,32421,808162,0.096123,34020,483665,0.057527,33575,1291827,0.153651,8407551
2,2021-02-19,60054,1830536,33213,913889,26841,916647,0,0,29771,808449,0.096157,30080,513745,0.061105,30367,1322194,0.157263,8407551
2,2021-02-20,38006,1868542,24638,938527,13368,930015,0,0,20606,812470,0.096636,17287,531032,0.063161,21308,1343502,0.159797,8407551
2,2021-02-21,21916,1890458,17710,956237,4206,934221,0,0,10803,813106,0.096711,11004,542036,0.06447,11640,1355142,0.161182,8407551
2,2021-02-22,39833,1930291,27214,983451,12619,946840,0,0,18871,811892,0.096567,20796,562832,0.066944,19582,1374724,0.163511,8407551
2,2021-02-23,54205,1984496,27669,1011120,26536,973376,0,0,23750,807379,0.09603,30178,593010,0.070533,25665,1400389,0.166563,8407551
2,2021-02-24,71582,2056078,36829,1047949,34753,1008129,0,0,32764,803968,0.095625,38586,631596,0.075122,35175,1435564,0.170747,8407551
2,2021-02-25,77617,2133695,36716,1084665,40901,1049030,0,0,39328,808155,0.096123,38003,669599,0.079643,42190,1477754,0.175765,8407551
2,2021-02-26,86247,2219942,36965,1121630,49282,1098312,0,0,46308,817058,0.097181,39614,709213,0.084354,48517,1526271,0.181536,8407551
2,2021-02-27,63193,2283135,29367,1150997,33818,1132130,8,8,34136,823736,0.097976,28811,738024,0.087781,35489,1561760,0.185757,8407551
2,2021-02-28,31131,2314266,18645,1169642,12485,1144615,1,9,18001,829598,0.098673,12994,751018,0.089327,18856,1580616,0.188,8407551
2,2021-03-01,59272,2373538,30889,1200531,28310,1172925,73,82,32267,836513,0.099495,26665,777683,0.092498,33580,1614196,0.191994,8407551
2,2021-03-02,70884,2444422,34026,1234557,36843,1209768,15,97,39667,847548,0.100808,31019,808702,0.096188,42054,1656250,0.196996,8407551
2,2021-03-03,81957,2526379,39510,1274067,42428,1252196,19,116,46238,860971,0.102404,35486,844188,0.100408,48909,1705159,0.202813,8407551
2,2021-03-04,89749,2616128,43963,1318030,45753,1297949,33,149,51651,877232,0.104339,37836,882024,0.104909,54097,1759256,0.209247,8407551
2,2021-03-05,83367,2699495,39105,1357135,43942,1341891,320,469,50717,898264,0.10684,32408,914432,0.108763,53440,1812696,0.215603,8407551
2,2021-03-06,63571,2763066,31023,1388158,30834,1372725,1714,2183,38943,915868,0.108934,24484,938916,0.111675,42088,1854784,0.220609,8407551
2,2021-03-07,28811,2791877,16362,1404520,10903,1383628,1546,3729,18261,926322,0.110177,10473,949389,0.112921,20927,1875711,0.223098,8407551
2,2021-03-08,51134,2843011,23437,1427957,25120,1408748,2577,6306,32099,943719,0.112247,18913,968302,0.115171,36310,1912021,0.227417,8407551
2,2021-03-09,71053,2914064,32346,1460303,34833,1443581,3874,10180,39299,956627,0.113782,31603,999905,0.118929,44511,1956532,0.232711,8407551
2,2021-03-10,79026,2993090,37366,1497669,35076,1478657,6584,16764,41877,969489,0.115312,36916,1036821,0.12332,49778,2006310,0.238632,8407551
2,2021-03-11,93707,3086797,43254,1540923,42051,1520708,8402,25166,48836,983561,0.116985,44540,1081361,0.128618,58612,2064922,0.245603,8407551
2,2021-03-12,94674,3181471,38995,1579918,43680,1564388,11999,37165,47091,996708,0.118549,47313,1128674,0.134245,60460,2125382,0.252794,8407551
2,2021-03-13,69523,3250994,29078,1608996,32420,1596808,8025,45190,38160,1012943,0.12048,31215,1159889,0.137958,47450,2172832,0.258438,8407551
2,2021-03-14,37145,3288139,18362,1627358,14259,1611067,4524,49714,18653,1018470,0.121138,18380,1178269,0.140144,23907,2196739,0.261282,8407551
2,2021-03-15,67781,3355920,30600,1657958,32159,1643226,5022,54736,37310,1031666,0.122707,30231,1208500,0.14374,43427,2240166,0.266447,8407551
2,2021-03-16,86742,3442662,38426,1696384,44282,1687508,4034,58770,52297,1054893,0.12547,34225,1242725,0.147811,57452,2297618,0.27328,8407551
2,2021-03-17,93314,3535976,44710,1741094,44394,1731902,4210,62980,59060,1085003,0.129051,33963,1276688,0.15185,64073,2361691,0.280901,8407551
2,2021-03-18,98654,3634630,47082,1788176,46961,1778863,4611,67591,59810,1111472,0.132199,38497,1315185,0.156429,64966,2426657,0.288628,8407551
2,2021-03-19,97942,3732572,46372,1834548,45405,1824268,6165,73756,57777,1136072,0.135125,39837,1355022,0.161167,64437,2491094,0.296292,8407551
2,2021-03-20,70362,3802934,34064,1868612,32300,1856568,3998,77754,45842,1161985,0.138207,24272,1379294,0.164054,50185,2541279,0.302262,8407551
2,2021-03-21,33722,3836656,21748,1890360,9968,1866536,2006,79760,20127,1171122,0.139294,13430,1392724,0.165652,22567,2563846,0.304946,8407551
2,2021-03-22,63219,3899875,34802,1925162,25775,1892311,2642,82402,41795,1195290,0.142169,21166,1413890,0.168169,45334,2609180,0.310338,8407551
2,2021-03-23,84311,3984186,44796,1969958,36584,1928895,2931,85333,52286,1219625,0.145063,31720,1445610,0.171942,56055,2665235,0.317005,8407551
2,2021-03-24,92307,4076493,49589,2019547,39536,1968431,3182,88515,53791,1239253,0.147398,38159,1483769,0.176481,57787,2723022,0.323878,8407551
2,2021-03-25,101934,4178427,51420,2070967,46612,2015043,3902,92417,57264,1256908,0.149498,44281,1528050,0.181747,61936,2784958,0.331245,8407551
2,2021-03-26,104052,4282479,51570,2122537,48982,2064025,3500,95917,56500,1270816,0.151152,47137,1575187,0.187354,61045,2846003,0.338506,8407551
2,2021-03-27,76090,4358569,37961,2160498,34815,2098840,3314,99231,37884,1274953,0.151644,37927,1613114,0.191865,42064,2888067,0.343509,8407551
2,2021-03-28,38000,4396569,23482,2183980,13707,2112547,811,100042,20225,1279205,0.15215,17635,1630749,0.193962,21887,2909954,0.346112,8407551
2,2021-03-29,72140,4468709,36636,2220616,33221,2145768,2283,102325,40738,1292046,0.153677,31165,1661914,0.197669,44006,2953960,0.351346,8407551
2,2021-03-30,92651,4561360,45379,2265995,42886,2188654,4386,106711,51760,1308160,0.155593,40660,1702574,0.202505,56774,3010734,0.358099,8407551
2,2021-03-31,101790,4663150,52472,2318467,44190,2232844,5128,111839,57505,1327220,0.15786,43949,1746523,0.207733,63009,3073743,0.365593,8407551
2,2021-04-01,118475,4781625,57220,2375687,51952,2284796,9303,121142,64257,1347422,0.160263,53762,1800285,0.214127,73964,3147707,0.37439,8407551
2,2021-04-02,112301,4893926,51732,2427419,50317,2335113,10252,131394,59974,1366197,0.162496,51904,1852189,0.220301,70679,3218386,0.382797,8407551
2,2021-04-03,77165,4971091,37928,2465347,29369,2364482,9868,141262,38178,1375847,0.163644,38765,1890954,0.224911,48415,3266801,0.388556,8407551
2,2021-04-04,29120,5000211,14988,2480335,10255,2374737,3877,145139,13049,1376842,0.163763,15957,1906911,0.226809,16952,3283753,0.390572,8407551
2,2021-04-05,79642,5079853,39011,2519346,31742,2406479,8889,154028,38357,1383740,0.164583,41090,1948001,0.231697,47988,3331741,0.39628,8407551
2,2021-04-06,104451,5184304,50886,2570232,38808,2445287,14757,168785,49412,1393567,0.165752,54743,2002744,0.238208,64570,3396311,0.40396,8407551
2,2021-04-07,111137,5295441,55449,2625681,39354,2484641,16334,185119,52163,1403634,0.166949,58658,2061402,0.245185,68725,3465036,0.412134,8407551
2,2021-04-08,119869,5415310,57698,2683379,43342,2527983,18829,203948,55587,1414671,0.168262,63897,2125299,0.252785,74934,3539970,0.421047,8407551
2,2021-04-09,119403,5534713,57424,2740803,43751,2571734,18228,222176,56410,1427523,0.169791,62598,2187897,0.26023,75450,3615420,0.430021,8407551
2,2021-04-10,87903,5622616,37911,2778714,31500,2603234,18492,240668,36189,1431414,0.170253,51441,2239338,0.266348,55332,3670752,0.436602,8407551
2,2021-04-11,44623,5667239,23144,2801858,12978,2616212,8501,249169,18246,1432649,0.1704,26221,2265559,0.269467,27456,3698208,0.439867,8407551
2,2021-04-12,80466,5747705,37449,2839307,33542,2649754,9475,258644,35787,1434494,0.17062,44392,2309951,0.274747,46237,3744445,0.445367,8407551
2,2021-04-13,102289,5849994,53099,2892406,48922,2698676,268,258912,55890,1445443,0.171922,46104,2356055,0.280231,57053,3801498,0.452153,8407551
2,2021-04-14,107179,5957173,56146,2948552,50973,2749649,60,258972,54642,1449374,0.17239,52210,2408265,0.286441,56141,3857639,0.45883,8407551
2,2021-04-15,113534,6070707,60257,3008809,53181,2802830,96,259068,59115,1455657,0.173137,54003,2462268,0.292864,60286,3917925,0.466001,8407551
2,2021-04-16,111165,6181872,57630,3066439,53476,2856306,59,259127,56344,1458471,0.173472,54444,2516712,0.299339,57258,3975183,0.472811,8407551
2,2021-04-17,83789,6265661,42624,3109063,41150,2897456,15,259142,46739,1469310,0.174761,36784,2553496,0.303715,47623,4022806,0.478475,8407551
2,2021-04-18,36033,6301694,21889,3130952,14133,2911589,11,259153,17076,1468580,0.174674,18811,2572307,0.305952,18081,4040887,0.480626,8407551
2,2021-04-19,75090,6376784,40430,3171382,34641,2946230,19,259172,34062,1462533,0.173955,40741,2613048,0.310798,34694,4075581,0.484752,8407551
2,2021-04-20,97816,6474600,49477,3220859,48311,2994541,28,259200,47174,1460207,0.173678,50276,2663324,0.316778,47950,4123531,0.490456,8407551
2,2021-04-21,104254,6578854,56464,3277323,47721,3042262,69,259269,49149,1455804,0.173154,54600,2717924,0.323272,50197,4173728,0.496426,8407551
2,2021-04-22,108738,6687592,56266,3333589,52445,3094707,27,259296,47522,1443475,0.171688,60759,2778683,0.330499,48430,4222158,0.502186,8407551
2,2021-04-23,108321,6795913,57676,3391265,50626,3145333,19,259315,49958,1436455,0.170853,57925,2836608,0.337388,50905,4273063,0.508241,8407551
2,2021-04-24,81227,6877140,47816,3439081,33368,3178701,43,259358,42226,1441040,0.171398,38629,2875237,0.341983,43214,4316277,0.513381,8407551
2,2021-04-25,36700,6913840,22593,3461674,14091,3192792,16,259374,19937,1444862,0.171853,16606,2891843,0.343958,20428,4336705,0.515811,8407551
2,2021-04-26,74566,6988406,41329,3503003,32922,3225714,315,259689,34159,1440674,0.171355,40116,2931959,0.348729,35928,4372633,0.520084,8407551
2,2021-04-27,88627,7077033,46788,3549791,40467,3266181,1372,261061,37924,1430912,0.170194,50305,2982264,0.354713,40543,4413176,0.524906,8407551
2,2021-04-28,88600,7165633,47382,3597173,39337,3305518,1881,262942,39002,1423477,0.169309,49238,3031502,0.360569,41803,4454979,0.529878,8407551
2,2021-04-29,91563,7257196,49896,3647069,39947,3345465,1720,264662,35488,1405623,0.167186,55664,3087166,0.36719,37810,4492789,0.534375,8407551
2,2021-04-30,95232,7352428,52635,3699704,40586,3386051,2011,266673,36934,1387417,0.16502,57807,3144973,0.374065,39601,4532390,0.539086,8407551
2,2021-05-01,62928,7415356,38388,3738092,22936,3408987,1604,268277,24517,1376324,0.163701,38065,3183038,0.378593,26972,4559362,0.542294,8407551
2,2021-05-02,29383,7444739,20456,3758548,7950,3416937,977,269254,11152,1370456,0.163003,18088,3201126,0.380744,12220,4571582,0.543747,8407551
2,2021-05-03,60860,7505599,36145,3794693,22647,3439584,2068,271322,20415,1353043,0.160932,40156,3241282,0.38552,22743,4594325,0.546452,8407551
2,2021-05-04,80297,7585896,47946,3842639,29943,3469527,2408,273730,26016,1327946,0.157947,53910,3295192,0.391932,28813,4623138,0.549879,8407551
2,2021-05-05,80931,7666827,48219,3890858,30349,3499876,2363,276093,25284,1300725,0.154709,55238,3350430,0.398502,28017,4651155,0.553212,8407551
2,2021-05-06,83344,7750171,50618,3941476,29790,3529666,2936,279029,25358,1272169,0.151313,57481,3407911,0.405339,28925,4680080,0.556652,8407551
2,2021-05-07,84083,7834254,48543,3990019,33108,3562774,2432,281461,25843,1243066,0.147851,57830,3465741,0.412218,28727,4708807,0.560069,8407551
2,2021-05-08,55905,7890159,33916,4023935,20262,3583036,1727,283188,17476,1224814,0.14568,38183,3503924,0.416759,19931,4728738,0.562439,8407551
2,2021-05-09,21928,7912087,15791,4039726,5387,3588423,750,283938,6342,1216644,0.144708,15491,3519415,0.418602,7321,4736059,0.56331,8407551
2,2021-05-10,50461,7962548,27510,4067236,21064,3609487,1887,285825,14212,1197368,0.142416,35976,3555391,0.422881,16700,4752759,0.565296,8407551
2,2021-05-11,66606,8029154,36114,4103350,28354,3637841,2138,287963,20036,1173986,0.139635,46247,3601638,0.428381,22865,4775624,0.568016,8407551
2,2021-05-12,65519,8094673,34921,4138271,28360,3666201,2238,290201,19254,1149948,0.136776,45942,3647580,0.433846,21904,4797528,0.570621,8407551
2,2021-05-13,71328,8166001,41453,4179724,27920,3694121,1955,292156,26079,1133782,0.134853,44939,3692519,0.439191,28773,4826301,0.574044,8407551
2,2021-05-14,80288,8246289,48142,4227866,29869,3723990,2277,294433,30826,1118446,0.133029,49080,3741599,0.445028,33744,4860045,0.578057,8407551
2,2021-05-15,66801,8313090,43889,4271755,21190,3745180,1722,296155,25898,1105830,0.131528,40638,3782237,0.449862,28022,4888067,0.58139,8407551
2,2021-05-16,31797,8344887,23793,4295548,7077,3752257,927,297082,12938,1101111,0.130967,18716,3800953,0.452088,13997,4902064,0.583055,8407551
2,2021-05-17,58243,8403130,36915,4332463,19368,3771625,1960,299042,22939,1091330,0.129804,35045,3835998,0.456256,25264,4927328,0.58606,8407551
2,2021-05-18,70419,8473549,41210,4373673,27239,3798864,1970,301012,27931,1079571,0.128405,42200,3878198,0.461276,30441,4957769,0.589681,8407551
2,2021-05-19,69175,8542724,40939,4414612,26216,3825080,2020,303032,27345,1067902,0.127017,41505,3919703,0.466212,29836,4987605,0.593229,8407551
2,2021-05-20,69908,8612632,40577,4455189,27137,3852217,2194,305226,26595,1054326,0.125402,42963,3962666,0.471322,29387,5016992,0.596725,8407551
2,2021-05-21,73477,8686109,43409,4498598,27896,3880113,2172,307398,27918,1039792,0.123674,45185,4007851,0.476697,30651,5047643,0.60037,8407551
2,2021-05-22,53876,8739985,34216,4532814,17886,3897999,1774,309172,22476,1033424,0.122916,31158,4039009,0.480403,24790,5072433,0.603319,8407551
2,2021-05-23,24450,8764435,16681,4549495,7043,3905042,726,309898,10248,1030466,0.122564,14073,4053082,0.482076,11115,5083548,0.604641,8407551
2,2021-05-24,45159,8809594,25691,4575186,17686,3922728,1782,311680,17358,1022384,0.121603,27562,4080644,0.485355,19480,5103028,0.606958,8407551
2,2021-05-25,51027,8860621,29895,4605081,19261,3941989,1871,313551,19383,1012846,0.120469,31331,4111975,0.489081,21793,5124821,0.60955,8407551
2,2021-05-26,48826,8909447,27358,4632439,19782,3961771,1686,315237,19053,1004491,0.119475,29434,4141409,0.492582,21079,5145900,0.612057,8407551
2,2021-05-27,46635,8956082,26438,4658877,18461,3980232,1736,316973,18586,997520,0.118646,27797,4169206,0.495888,20826,5166726,0.614534,8407551
2,2021-05-28,50205,9006287,27760,4686637,20468,4000700,1977,318950,21032,992053,0.117995,28911,4198117,0.499327,23444,5190170,0.617322,8407551
2,2021-05-29,29025,9035312,17399,4704036,10565,4011265,1061,320011,13227,990882,0.117856,15636,4213753,0.501187,14465,5204635,0.619043,8407551
2,2021-05-30,12687,9047999,8180,4712216,3739,4015004,768,320779,5530,990150,0.117769,7096,4220849,0.502031,6364,5210999,0.6198,8407551
2,2021-05-31,5909,9053908,3455,4715671,2150,4017154,304,321083,1837,988328,0.117552,4011,4224860,0.502508,2189,5213188,0.62006,8407551
2,2021-06-01,44852,9098760,25761,4741432,17426,4034580,1665,322748,15582,976999,0.116205,28945,4253805,0.505951,17616,5230804,0.622155,8407551
2,2021-06-02,38268,9137028,22508,4763940,14341,4048921,1419,324167,14951,970623,0.115447,23047,4276852,0.508692,16671,5247475,0.624138,8407551
2,2021-06-03,41406,9178434,26655,4790595,13276,4062197,1475,325642,13896,959118,0.114078,27262,4304114,0.511934,15757,5263232,0.626012,8407551
2,2021-06-04,48085,9226519,31421,4822016,15118,4077315,1546,327188,15478,944369,0.112324,32296,4336410,0.515776,17547,5280779,0.6281,8407551
2,2021-06-05,37920,9264439,27057,4849073,9396,4086711,1467,328655,11776,932130,0.110868,25906,4362316,0.518857,13667,5294446,0.629725,8407551
2,2021-06-06,14945,9279384,12263,4861336,2103,4088814,579,329234,4651,927325,0.110297,10228,4372544,0.520073,5423,5299869,0.63037,8407551
2,2021-06-07,33312,9312696,23304,4884640,8730,4097544,1278,330512,10803,917292,0.109103,22353,4394897,0.522732,12320,5312189,0.631835,8407551
2,2021-06-08,40653,9353349,28776,4913416,10510,4108054,1367,331879,12446,903530,0.107466,27959,4422856,0.526058,14197,5326386,0.633524,8407551
2,2021-06-09,38160,9391509,26640,4940056,10021,4118075,1499,333378,11519,890429,0.105908,26445,4449301,0.529203,13344,5339730,0.635111,8407551
2,2021-06-10,37793,9429302,26282,4966338,9980,4128055,1531,334909,11565,877968,0.104426,26032,4475333,0.532299,13571,5353301,0.636725,8407551
2,2021-06-11,41286,9470588,27408,4993746,12207,4140262,1671,336580,13165,865252,0.102914,27855,4503188,0.535612,15139,5368440,0.638526,8407551
2,2021-06-12,29501,9500089,21722,5015468,6865,4147127,914,337494,8645,854331,0.101615,20713,4523901,0.538076,9792,5378232,0.639691,8407551
2,2021-06-13,12218,9512307,8923,5024391,2677,4149804,618,338112,3091,849145,0.100998,9063,4532964,0.539154,3877,5382109,0.640152,8407551
2,2021-06-14,29919,9542226,21228,5045619,7492,4157296,1199,339311,10312,841424,0.10008,19436,4552400,0.541466,11715,5393824,0.641545,8407551
2,2021-06-15,35587,9577813,23685,5069304,9852,4167148,2050,341361,11945,832406,0.099007,23393,4575793,0.544248,14375,5408199,0.643255,8407551
2,2021-06-16,33023,9610836,22791,5092095,8436,4175584,1796,343157,11379,824422,0.098057,21474,4597267,0.546802,13490,5421689,0.644859,8407551
2,2021-06-17,30851,9641687,20615,5112710,8435,4184019,1801,344958,10890,817535,0.097238,19787,4617054,0.549156,12900,5434589,0.646394,8407551
2,2021-06-18,34776,9676463,22928,5135638,9971,4193990,1877,346835,12641,810393,0.096389,21914,4638968,0.551762,14772,5449361,0.648151,8407551
2,2021-06-19,20958,9697421,14602,5150240,5098,4199088,1258,348093,7922,806898,0.095973,12873,4651841,0.553293,9378,5458739,0.649266,8407551
2,2021-06-20,8295,9705716,5931,5156171,1899,4200987,465,348558,3068,805316,0.095785,5184,4657025,0.55391,3602,5462341,0.649695,8407551
2,2021-06-21,19350,9725066,11845,5168016,6183,4207170,1322,349880,9884,807361,0.096028,9344,4666369,0.555021,11389,5473730,0.651049,8407551
2,2021-06-22,26901,9751967,18430,5186446,7091,4214261,1380,351260,10538,803361,0.095552,16192,4682561,0.556947,12192,5485922,0.652499,8407551
2,2021-06-23,25924,9777891,17892,5204338,6404,4220665,1628,352888,10555,800610,0.095225,15228,4697789,0.558758,12477,5498399,0.653983,8407551
2,2021-06-24,25350,9803241,17257,5221595,6572,4227237,1521,354409,10449,798062,0.094922,14751,4712540,0.560513,12203,5510602,0.655435,8407551
2,2021-06-25,28754,9831995,19488,5241083,7772,4235009,1494,355903,11998,795197,0.094581,16596,4729136,0.562487,13731,5524333,0.657068,8407551
2,2021-06-26,18652,9850647,13727,5254810,3994,4239003,931,356834,7608,793039,0.094325,10954,4740090,0.56379,8796,5533129,0.658114,8407551
2,2021-06-27,8800,9859447,6719,5261529,1633,4240636,448,357282,3525,791915,0.094191,5222,4745312,0.564411,4098,5537227,0.658602,8407551
2,2021-06-28,19800,9879247,15040,5276569,3517,4244153,1243,358525,8721,791121,0.094096,10949,4756261,0.565713,10155,5547382,0.659809,8407551
2,2021-06-29,22774,9902021,15854,5292423,5847,4250000,1073,359598,9735,789261,0.093875,12901,4769162,0.567247,11041,5558423,0.661123,8407551
2,2021-06-30,22002,9924023,15593,5308016,5385,4255385,1024,360622,9797,788250,0.093755,12061,4781223,0.568682,11050,5569473,0.662437,8407551
2,2021-07-01,19883,9943906,14034,5322050,4961,4260346,888,361510,8820,787229,0.093634,10932,4792155,0.569982,9911,5579384,0.663616,8407551
2,2021-07-02,22855,9966761,15754,5337804,6076,4266422,1025,362535,10114,785988,0.093486,12581,4804736,0.571479,11340,5590724,0.664965,8407551
2,2021-07-03,12538,9979299,9027,5346831,3039,4269461,472,363007,5723,785586,0.093438,6718,4811454,0.572278,6316,5597040,0.665716,8407551
2,2021-07-04,1013,9980312,596,5347427,350,4269811,67,363074,434,785542,0.093433,568,4812022,0.572345,524,5597564,0.665778,8407551
2,2021-07-05,11058,9991370,8094,5355521,2555,4272366,409,363483,5063,785212,0.093394,5929,4817951,0.57305,5599,5603163,0.666444,8407551
2,2021-07-06,23690,10015060,17216,5372737,5495,4277861,979,364462,9166,781253,0.092923,14375,4832326,0.57476,10416,5613579,0.667683,8407551
2,2021-07-07,20552,10035612,14657,5387394,4796,4282657,1099,365561,8733,779668,0.092734,11680,4844006,0.576149,10095,5623674,0.668884,8407551
2,2021-07-08,19157,10054769,13339,5400733,4779,4287436,1039,366600,8068,777993,0.092535,10985,4854991,0.577456,9310,5632984,0.669991,8407551
2,2021-07-09,22457,10077226,15547,5416280,5659,4293095,1251,367851,9483,776089,0.092309,12836,4867827,0.578983,10932,5643916,0.671291,8407551
2,2021-07-10,14244,10091470,10497,5426777,3062,4296157,685,368536,6250,775283,0.092213,7900,4875727,0.579922,7094,5651010,0.672135,8407551
2,2021-07-11,6544,10098014,4807,5431584,1388,4297545,349,368885,3075,775353,0.092221,3425,4879152,0.58033,3495,5654505,0.672551,8407551
2,2021-07-12,18144,10116158,13336,5444920,3942,4301487,866,369751,7795,773979,0.092058,10234,4889386,0.581547,8860,5663365,0.673605,8407551
2,2021-07-13,19479,10135637,13740,5458660,4853,4306340,886,370637,8707,773136,0.091957,10630,4900016,0.582811,9787,5673152,0.674769,8407551
2,2021-07-14,18642,10154279,13299,5471959,4564,4310904,779,371416,8328,772264,0.091854,10188,4910204,0.584023,9316,5682468,0.675877,8407551
2,2021-07-15,18772,10173051,13618,5485577,4461,4315365,693,372109,8536,771586,0.091773,10122,4920326,0.585227,9444,5691912,0.677,8407551
2,2021-07-16,22763,10195814,16369,5501946,5566,4320931,828,372937,10922,771829,0.091802,11710,4932036,0.58662,11953,5703865,0.678422,8407551
2,2021-07-17,14324,10210138,10426,5512372,3365,4324296,533,373470,6904,772071,0.091831,7329,4939365,0.587492,7571,5711436,0.679322,8407551
2,2021-07-18,6974,10217112,5211,5517583,1435,4325731,328,373798,3531,772598,0.091893,3400,4942765,0.587896,3927,5715363,0.679789,8407551
2,2021-07-19,18359,10235471,13683,5531266,3937,4329668,739,374537,9117,773512,0.092002,9125,4951890,0.588981,10039,5725402,0.680983,8407551
2,2021-07-20,20811,10256282,14816,5546082,5158,4334826,837,375374,10543,774974,0.092176,10136,4962026,0.590187,11598,5737000,0.682363,8407551
2,2021-07-21,20318,10276600,14779,5560861,4774,4339600,765,376139,10529,776798,0.092393,9665,4971691,0.591336,11489,5748489,0.683729,8407551
2,2021-07-22,20230,10296830,14450,5575311,4932,4344532,848,376987,10817,779367,0.092698,9270,4980961,0.592439,11839,5760328,0.685137,8407551
2,2021-07-23,24289,10321119,17007,5592318,6243,4350775,1039,378026,13229,782928,0.093122,10903,4991864,0.593736,14464,5774792,0.686858,8407551
2,2021-07-24,14754,10335873,10628,5602946,3633,4354408,493,378519,8250,785388,0.093415,6397,4998261,0.594497,8857,5783649,0.687911,8407551
2,2021-07-25,6648,10342521,4887,5607833,1624,4356032,137,378656,4914,788788,0.093819,1691,4999952,0.594698,5091,5788740,0.688517,8407551
2,2021-07-26,18902,10361423,13335,5621168,4800,4360832,767,379423,11979,794852,0.09454,6808,5006760,0.595508,12872,5801612,0.690048,8407551
2,2021-07-27,22692,10384115,16416,5637584,5425,4366257,851,380274,13297,799908,0.095142,9242,5016002,0.596607,14298,5815910,0.691748,8407551
2,2021-07-28,22524,10406639,16094,5653678,5531,4371788,899,381173,13318,805264,0.095779,9043,5025045,0.597682,14399,5830309,0.693461,8407551
2,2021-07-29,21332,10427971,15291,5668969,5126,4376914,915,382088,12889,810915,0.096451,8301,5033346,0.59867,13952,5844261,0.69512,8407551
2,2021-07-30,26074,10454045,18574,5687543,6556,4383470,944,383032,15606,817392,0.097221,10275,5043621,0.599892,16752,5861013,0.697113,8407551
2,2021-07-31,15664,10469709,11540,5699083,3618,4387088,506,383538,9466,821424,0.097701,6072,5049693,0.600614,10104,5871117,0.698315,8407551
2,2021-08-01,7982,10477691,6142,5705225,1671,4388759,169,383707,5228,824188,0.098029,2695,5052388,0.600935,5459,5876576,0.698964,8407551
2,2021-08-02,21155,10498846,15909,5721134,4494,4393253,752,384459,13413,830867,0.098824,7600,5059988,0.601839,14279,5890855,0.700662,8407551
2,2021-08-03,23928,10522774,17438,5738572,5487,4398740,1003,385462,14882,837979,0.09967,8901,5068889,0.602897,16013,5906868,0.702567,8407551
2,2021-08-04,22556,10545330,16701,5755273,4996,4403736,859,386321,14032,844582,0.100455,8385,5077274,0.603895,14988,5921856,0.70435,8407551
2,2021-08-05,22911,10568241,16820,5772093,5197,4408933,894,387215,14165,851178,0.10124,8576,5085850,0.604915,15172,5937028,0.706154,8407551
2,2021-08-06,27403,10595644,20058,5792151,6375,4415308,970,388185,16677,858408,0.1021,10540,5096390,0.606168,17770,5954798,0.708268,8407551
2,2021-08-07,16784,10612428,12462,5804613,3735,4419043,587,388772,10304,863007,0.102647,6372,5102762,0.606926,10971,5965769,0.709573,8407551
2,2021-08-08,9322,10621750,7055,5811668,2039,4421082,228,389000,5824,865687,0.102965,3414,5106176,0.607332,6094,5971863,0.710298,8407551
2,2021-08-09,23064,10644814,17705,5829373,4614,4425696,745,389745,13966,871583,0.103667,8942,5115118,0.608396,14838,5986701,0.712062,8407551
2,2021-08-10,24130,10668944,17792,5847165,5513,4431209,825,390570,14190,876971,0.104308,9766,5124884,0.609557,15154,6001855,0.713865,8407551
2,2021-08-11,21706,10690650,16205,5863370,4622,4435831,879,391449,12611,881626,0.104861,8927,5133811,0.610619,13582,6015437,0.71548,8407551
2,2021-08-12,23435,10714085,16814,5880184,5608,4441439,1013,392462,13661,886830,0.10548,9568,5143379,0.611757,14772,6030209,0.717237,8407551
2,2021-08-13,29070,10743155,21051,5901235,7043,4448482,976,393438,16809,892829,0.106194,11914,5155293,0.613174,17913,6048122,0.719368,8407551
2,2021-08-14,18438,10761593,13586,5914821,4360,4452842,492,393930,10333,896262,0.106602,7526,5162819,0.614069,10959,6059081,0.720671,8407551
2,2021-08-15,9580,10771173,7176,5921997,2223,4455065,181,394111,5241,897825,0.106788,3928,5166747,0.614537,5491,6064572,0.721324,8407551
2,2021-08-16,10715,10781888,7683,5929680,2359,4457424,673,394784,5548,899232,0.106955,4940,5171687,0.615124,6347,6070919,0.722079,8407551
3,2020-12-15,339,339,339,339,0,0,0,0,339,339,4.2e-05,0,0,0.0,339,339,4.2e-05,8129050
3,2020-12-16,2511,2850,2511,2850,0,0,0,0,2512,2851,0.000351,0,0,0.0,2512,2851,0.000351,8129050
3,2020-12-17,7925,10775,7925,10775,0,0,0,0,7925,10776,0.001326,0,0,0.0,7925,10776,0.001326,8129050
3,2020-12-18,13553,24328,13532,24307,21,21,0,0,13550,24326,0.002992,0,0,0.0,13550,24326,0.002992,8129050
3,2020-12-19,7277,31605,7264,31571,13,34,0,0,7340,31666,0.003895,0,0,0.0,7340,31666,0.003895,8129050
3,2020-12-20,5680,37285,5667,37238,13,47,0,0,5727,37392,0.0046,1,1,0.0,5727,37393,0.0046,8129050
3,2020-12-21,14444,51729,14416,51654,28,75,0,0,14508,51899,0.006384,1,2,0.0,14508,51901,0.006385,8129050
3,2020-12-22,14920,66649,14324,65978,596,671,0,0,14957,66853,0.008224,3,5,1e-06,14957,66858,0.008225,8129050
3,2020-12-23,14955,81604,12319,78297,2636,3307,0,0,14971,81823,0.010066,2,7,1e-06,14972,81830,0.010066,8129050
3,2020-12-24,6829,88433,4888,83185,1941,5248,0,0,6826,88647,0.010905,2,9,1e-06,6826,88656,0.010906,8129050
3,2020-12-25,735,89168,674,83859,61,5309,0,0,732,89379,0.010995,0,9,1e-06,732,89388,0.010996,8129050
3,2020-12-26,4653,93821,3016,86875,1637,6946,0,0,4651,94030,0.011567,0,9,1e-06,4651,94039,0.011568,8129050
3,2020-12-27,3021,96842,1869,88744,1152,8098,0,0,3021,97051,0.011939,0,9,1e-06,3021,97060,0.01194,8129050
3,2020-12-28,13763,110605,8801,97545,4962,13060,0,0,13787,110837,0.013635,1,10,1e-06,13787,110847,0.013636,8129050
3,2020-12-29,15429,126034,8748,106293,6681,19741,0,0,15454,126289,0.015536,2,12,1e-06,15454,126301,0.015537,8129050
3,2020-12-30,18403,144437,10326,116619,8077,27818,0,0,18409,144697,0.0178,2,14,2e-06,18410,144711,0.017802,8129050
3,2020-12-31,8515,152952,3262,119881,5253,33071,0,0,8515,153210,0.018847,2,16,2e-06,8515,153226,0.018849,8129050
3,2021-01-01,1804,154756,865,120746,939,34010,0,0,1799,155008,0.019068,1,17,2e-06,1799,155025,0.01907,8129050
3,2021-01-02,4980,159736,2446,123192,2534,36544,0,0,4979,159987,0.019681,0,17,2e-06,4979,160004,0.019683,8129050
3,2021-01-03,1634,161370,861,124053,773,37317,0,0,1625,161610,0.019881,2,19,2e-06,1625,161629,0.019883,8129050
3,2021-01-04,12159,173529,6041,130094,6118,43435,0,0,12129,173731,0.021372,8,27,3e-06,12129,173758,0.021375,8129050
3,2021-01-05,15878,189407,8237,138331,7641,51076,0,0,14176,186256,0.022912,1684,1711,0.00021,14209,187967,0.023123,8129050
3,2021-01-06,20754,210161,11003,149334,9751,60827,0,0,16135,197833,0.024337,4570,6281,0.000773,16147,204114,0.025109,8129050
3,2021-01-07,26811,236972,15348,164682,11463,72290,0,0,17256,205591,0.025291,9516,15797,0.001943,17274,221388,0.027234,8129050
3,2021-01-08,30867,267839,18881,183563,11986,84276,0,0,18275,211325,0.025996,12567,28364,0.003489,18301,239689,0.029485,8129050
3,2021-01-09,12530,280369,7076,190639,5454,89730,0,0,7988,214788,0.026422,4535,32899,0.004047,7998,247687,0.030469,8129050
3,2021-01-10,7273,287642,4511,195150,2762,92492,0,0,4101,215726,0.026538,3170,36069,0.004437,4108,251795,0.030975,8129050
3,2021-01-11,29337,316979,19208,214358,10129,102621,0,0,16613,219676,0.027024,12714,48783,0.006001,16664,268459,0.033025,8129050
3,2021-01-12,32816,349795,19586,233944,13230,115851,0,0,20097,227230,0.027953,12695,61478,0.007563,20249,288708,0.035516,8129050
3,2021-01-13,34789,384584,18172,252116,16617,132468,0,0,24496,241483,0.029706,10274,71752,0.008827,24527,313235,0.038533,8129050
3,2021-01-14,34953,419537,14291,266407,20662,153130,0,0,28991,264594,0.032549,5920,77672,0.009555,29031,342266,0.042104,8129050
3,2021-01-15,39266,458803,14561,280968,24705,177835,0,0,34521,294472,0.036225,4720,82392,0.010136,34598,376864,0.04636,8129050
3,2021-01-16,22024,480827,7506,288474,14518,192353,0,0,19639,311761,0.038351,2373,84765,0.010427,19662,396526,0.048779,8129050
3,2021-01-17,13208,494035,4494,292968,8714,201067,0,0,12114,322800,0.039709,1093,85858,0.010562,12132,408658,0.050271,8129050
3,2021-01-18,24950,518985,13041,306009,11909,212976,0,0,19254,336419,0.041385,5684,91542,0.011261,19303,427961,0.052646,8129050
3,2021-01-19,41510,560495,21099,327108,20411,233387,0,0,32100,359240,0.044192,9371,100913,0.012414,32192,460153,0.056606,8129050
3,2021-01-20,46459,606954,23121,350229,23338,256725,0,0,36772,386462,0.047541,9637,110550,0.013599,36859,497012,0.06114,8129050
3,2021-01-21,48446,655400,21005,371234,27441,284166,0,0,42829,423825,0.052137,5549,116099,0.014282,42912,539924,0.066419,8129050
3,2021-01-22,50087,705487,19953,391187,30134,314300,0,0,45789,465421,0.057254,4267,120366,0.014807,45863,585787,0.072061,8129050
3,2021-01-23,30617,736104,12861,404048,17756,332056,0,0,27291,489456,0.060211,3316,123682,0.015215,27351,613138,0.075426,8129050
3,2021-01-24,18065,754169,8526,412574,9539,341595,0,0,16868,505162,0.062143,1193,124875,0.015362,16899,630037,0.077504,8129050
3,2021-01-25,41135,795304,18322,430896,22813,364408,0,0,31045,526243,0.064736,10060,134935,0.016599,31141,661178,0.081335,8129050
3,2021-01-26,47645,842949,22727,453623,24918,389326,0,0,37318,553377,0.068074,10294,145229,0.017865,37428,698606,0.085939,8129050
3,2021-01-27,51881,894830,24670,478293,27211,416537,0,0,41088,583827,0.07182,10721,155950,0.019184,41171,739777,0.091004,8129050
3,2021-01-28,52484,947314,24317,502610,28167,444704,0,0,43427,618348,0.076066,8968,164918,0.020287,43489,783266,0.096354,8129050
3,2021-01-29,51555,998869,24659,527269,26896,471600,0,0,41681,650387,0.080008,9692,174610,0.02148,41731,824997,0.101488,8129050
3,2021-01-30,37808,1036677,17810,545079,19998,491598,0,0,33056,678839,0.083508,4696,179306,0.022057,33148,858145,0.105565,8129050
3,2021-01-31,22857,1059534,12841,557920,10016,501614,0,0,21420,698863,0.085971,1420,180726,0.022232,21444,879589,0.108203,8129050
3,2021-02-01,46467,1106001,21230,579150,25237,526851,0,0,35406,723311,0.088979,10999,191725,0.023585,35447,915036,0.112564,8129050
3,2021-02-02,54891,1160892,22897,602047,31994,558845,0,0,42308,753195,0.092655,12478,204203,0.02512,42362,957398,0.117775,8129050
3,2021-02-03,60424,1221316,26833,628880,33591,592436,0,0,44909,782801,0.096297,15378,219581,0.027012,44984,1002382,0.123309,8129050
3,2021-02-04,64828,1286144,28074,656954,36754,629190,0,0,47461,813221,0.100039,17168,236749,0.029124,47588,1049970,0.129163,8129050
3,2021-02-05,70823,1356967,29905,686859,40918,670108,0,0,48891,840610,0.103408,21687,258436,0.031792,49076,1099046,0.1352,8129050
3,2021-02-06,43902,1400869,21037,707896,22865,692973,0,0,34170,865288,0.106444,9683,268119,0.032983,34361,1133407,0.139427,8129050
3,2021-02-07,19867,1420736,12631,720527,7236,700209,0,0,15241,876050,0.107768,4607,272726,0.03355,15369,1148776,0.141317,8129050
3,2021-02-08,51891,1472627,25050,745577,26841,727050,0,0,33987,892474,0.109788,17763,290489,0.035735,34187,1182963,0.145523,8129050
3,2021-02-09,59137,1531764,28649,774226,30488,757538,0,0,34545,903064,0.111091,24310,314799,0.038725,34900,1217863,0.149816,8129050
3,2021-02-10,68778,1600542,32022,806248,36756,794294,0,0,36840,908798,0.111796,31632,346431,0.042616,37366,1255229,0.154413,8129050
3,2021-02-11,71216,1671758,34984,841232,36232,830526,0,0,37795,914087,0.112447,33063,379494,0.046684,38352,1293581,0.159131,8129050
3,2021-02-12,76010,1747768,32769,874001,43241,873767,0,0,41834,922839,0.113524,33861,413355,0.050849,42613,1336194,0.164373,8129050
3,2021-02-13,45479,1793247,20596,894597,24883,898650,0,0,26055,930181,0.114427,19303,432658,0.053224,26645,1362839,0.16765,8129050
3,2021-02-14,27568,1820815,13748,908345,13820,912470,0,0,15286,933723,0.114862,12213,444871,0.054726,15755,1378594,0.169589,8129050
3,2021-02-15,40504,1861319,17454,925799,23050,935520,0,0,22341,938975,0.115509,18046,462917,0.056946,23298,1401892,0.172455,8129050
3,2021-02-16,70783,1932102,33487,959286,37296,972816,0,0,36678,942750,0.115973,33954,496871,0.061123,37729,1439621,0.177096,8129050
3,2021-02-17,72632,2004734,36679,995965,35953,1008769,0,0,34372,940184,0.115657,38013,534884,0.065799,35447,1475068,0.181456,8129050
3,2021-02-18,77758,2082492,40597,1036562,37161,1045930,0,0,35866,935726,0.115109,41680,576564,0.070926,37222,1512290,0.186035,8129050
3,2021-02-19,69838,2152330,40243,1076805,29595,1075525,0,0,35182,937111,0.115279,34481,611045,0.075168,35866,1548156,0.190447,8129050
3,2021-02-20,43458,2195788,27408,1104213,16050,1091575,0,0,22590,939494,0.115572,20741,631786,0.07772,23124,1571280,0.193292,8129050
3,2021-02-21,24459,2220247,19634,1123847,4825,1096400,0,0,11791,939138,0.115529,12562,644348,0.079265,12206,1583486,0.194793,8129050
3,2021-02-22,47920,2268167,31193,1155040,16727,1113127,0,0,22411,936705,0.115229,25348,669696,0.082383,22915,1606401,0.197612,8129050
3,2021-02-23,64017,2332184,34778,1189818,29239,1142366,0,0,27873,930696,0.11449,35896,705592,0.086799,29887,1636288,0.201289,8129050
3,2021-02-24,80215,2412399,39401,1229219,40814,1183180,0,0,35321,923941,0.113659,44627,750219,0.092289,37872,1674160,0.205948,8129050
3,2021-02-25,89944,2502343,43825,1273044,46119,1229299,0,0,44651,926244,0.113942,44972,795191,0.097821,47275,1721435,0.211763,8129050
3,2021-02-26,101014,2603357,46198,1319242,54816,1284115,0,0,53105,934118,0.114911,47467,842658,0.10366,55341,1776776,0.218571,8129050
3,2021-02-27,71620,2674977,32879,1352121,38737,1322852,4,4,37556,939193,0.115535,33816,876474,0.10782,38891,1815667,0.223355,8129050
3,2021-02-28,41764,2716741,24106,1376227,17653,1340505,5,9,21144,940914,0.115747,20401,896875,0.11033,22122,1837789,0.226077,8129050
3,2021-03-01,70625,2787366,37428,1413655,33143,1373648,54,63,39189,950362,0.116909,31174,928049,0.114165,40622,1878411,0.231074,8129050
3,2021-03-02,82017,2869383,40460,1454115,41543,1415191,14,77,47247,965172,0.118731,34588,962637,0.118419,49398,1927809,0.237151,8129050
3,2021-03-03,91986,2961369,44011,1498126,47942,1463133,33,110,51308,978409,0.12036,40420,1003057,0.123392,53657,1981466,0.243751,8129050
3,2021-03-04,96420,3057789,47154,1545280,49241,1512374,25,135,54503,993610,0.12223,41648,1044705,0.128515,56849,2038315,0.250745,8129050
3,2021-03-05,92713,3150502,45311,1590591,47103,1559477,299,434,56217,1016193,0.125008,36197,1080902,0.132968,58780,2097095,0.257975,8129050
3,2021-03-06,66387,3216889,33645,1624236,30574,1590051,2168,2602,37836,1029270,0.126616,28384,1109286,0.136459,41461,2138556,0.263076,8129050
3,2021-03-07,39441,3256330,22762,1646998,14763,1604814,1916,4518,22199,1037389,0.127615,17157,1126443,0.13857,25276,2163832,0.266185,8129050
3,2021-03-08,60584,3316914,28860,1675858,28707,1633521,3017,7535,38284,1058102,0.130163,22120,1148563,0.141291,42833,2206665,0.271454,8129050
3,2021-03-09,77822,3394736,35939,1711797,37386,1670907,4497,12032,41768,1069611,0.131579,35888,1184451,0.145706,47397,2254062,0.277285,8129050
3,2021-03-10,83934,3478670,41783,1753580,35993,1706900,6158,18190,43791,1081032,0.132984,39896,1224347,0.150614,51317,2305379,0.283598,8129050
3,2021-03-11,98191,3576861,48035,1801615,41480,1748380,8676,26866,47988,1088836,0.133944,49899,1274246,0.156752,57703,2363082,0.290696,8129050
3,2021-03-12,102959,3679820,45986,1847601,45037,1793417,11936,38802,47173,1093482,0.134515,55515,1329761,0.163581,60161,2423243,0.298097,8129050
3,2021-03-13,70980,3750800,29889,1877490,33790,1827207,7301,46103,37496,1106249,0.136086,33330,1363091,0.167681,46097,2469340,0.303767,8129050
3,2021-03-14,41537,3792337,21687,1899177,16278,1843485,3572,49675,20918,1110832,0.13665,20520,1383611,0.170206,25103,2494443,0.306855,8129050
3,2021-03-15,76326,3868663,36208,1935385,35531,1879016,4587,54262,40186,1120696,0.137863,35884,1419495,0.17462,45748,2540191,0.312483,8129050
3,2021-03-16,95719,3964382,44163,1979548,47200,1926216,4356,58618,53716,1137926,0.139983,41726,1461221,0.179753,58956,2599147,0.319736,8129050
3,2021-03-17,99121,4063503,48130,2027678,46422,1972638,4569,63187,60092,1164458,0.143247,38761,1499982,0.184521,65293,2664440,0.327768,8129050
3,2021-03-18,104387,4167890,53057,2080735,46775,2019413,4555,67742,59737,1184954,0.145768,44322,1544304,0.189973,64818,2729258,0.335741,8129050
3,2021-03-19,104004,4271894,55791,2136526,43722,2063135,4491,72233,57790,1201853,0.147847,45907,1590211,0.195621,62806,2792064,0.343467,8129050
3,2021-03-20,72461,4344355,37359,2173885,31413,2094548,3689,75922,44519,1222813,0.150425,27715,1617926,0.19903,48675,2840739,0.349455,8129050
3,2021-03-21,36572,4380927,24845,2198730,10210,2104758,1517,77439,21954,1232271,0.151589,14494,1632420,0.200813,23952,2864691,0.352402,8129050
3,2021-03-22,71091,4452018,41782,2240512,26777,2131535,2532,79971,45132,1255255,0.154416,25693,1658113,0.203974,48677,2913368,0.35839,8129050
3,2021-03-23,90515,4542533,50071,2290583,37883,2169418,2561,82532,55137,1278562,0.157283,35085,1693198,0.20829,58392,2971760,0.365573,8129050
3,2021-03-24,99511,4642044,57261,2347844,39297,2208715,2953,85485,56203,1295400,0.159354,42914,1736112,0.213569,59752,3031512,0.372923,8129050
3,2021-03-25,108191,4750235,60078,2407922,45113,2253828,3000,88485,60526,1312268,0.161429,47294,1783406,0.219387,64162,3095674,0.380816,8129050
3,2021-03-26,111615,4861850,59863,2467785,48382,2302210,3370,91855,57095,1319421,0.162309,54148,1837554,0.226048,61301,3156975,0.388357,8129050
3,2021-03-27,75179,4937029,38202,2505987,34415,2336625,2562,94417,36152,1320024,0.162384,38769,1876323,0.230817,39372,3196347,0.393201,8129050
3,2021-03-28,44721,4981750,28174,2534161,15726,2352351,821,95238,22432,1321765,0.162598,22155,1898478,0.233542,23896,3220243,0.39614,8129050
3,2021-03-29,81505,5063255,42576,2576737,37068,2389419,1861,97099,44287,1331826,0.163835,36931,1935409,0.238086,46992,3267235,0.401921,8129050
3,2021-03-30,101088,5164343,49686,2626423,47740,2437159,3662,100761,56274,1347839,0.165805,44525,1979934,0.243563,60538,3327773,0.409368,8129050
3,2021-03-31,105786,5270129,57045,2683468,43857,2481016,4884,105645,56233,1359991,0.1673,49274,2029208,0.249624,61426,3389199,0.416924,8129050
3,2021-04-01,124739,5394868,63037,2746505,51868,2532884,9834,115479,66895,1379580,0.16971,57371,2086579,0.256682,76960,3466159,0.426392,8129050
3,2021-04-02,118679,5513547,57898,2804403,50351,2583235,10430,125909,62229,1396526,0.171794,56121,2142700,0.263586,73067,3539226,0.43538,8129050
3,2021-04-03,76523,5590070,39153,2843556,28094,2611329,9276,135185,38017,1405766,0.172931,38326,2181026,0.2683,47566,3586792,0.441231,8129050
3,2021-04-04,32588,5622658,17426,2860982,10917,2622246,4245,139430,14226,1405956,0.172955,18273,2199299,0.270548,18463,3605255,0.443503,8129050
3,2021-04-05,90246,5712904,45797,2906779,35125,2657371,9324,148754,43715,1413507,0.173883,46277,2245576,0.276241,53828,3659083,0.450124,8129050
3,2021-04-06,114193,5827097,55568,2962347,43325,2700696,15300,164054,53451,1422476,0.174987,60432,2306008,0.283675,69401,3728484,0.458662,8129050
3,2021-04-07,116977,5944074,60513,3022860,40085,2740781,16379,180433,56298,1434997,0.176527,60389,2366397,0.291104,72910,3801394,0.467631,8129050
3,2021-04-08,122086,6066160,60790,3083650,41015,2781796,20281,200714,56488,1447209,0.178029,65260,2431657,0.299132,77472,3878866,0.477161,8129050
3,2021-04-09,119255,6185415,59366,3143016,40589,2822385,19300,220014,52276,1452910,0.178731,66696,2498353,0.307336,72397,3951263,0.486067,8129050
3,2021-04-10,84822,6270237,38058,3181074,31398,2853783,15366,235380,34464,1453343,0.178784,50152,2548505,0.313506,50585,4001848,0.49229,8129050
3,2021-04-11,45509,6315746,24359,3205433,13066,2866849,8084,243464,17273,1451367,0.178541,28129,2576634,0.316966,26153,4028001,0.495507,8129050
3,2021-04-12,84472,6400218,42647,3248080,32939,2899788,8886,252350,38064,1453240,0.178771,46141,2622775,0.322642,48014,4076015,0.501413,8129050
3,2021-04-13,106033,6506251,57400,3305480,48421,2948209,212,252562,55715,1460012,0.179604,50042,2672817,0.328798,56814,4132829,0.508402,8129050
3,2021-04-14,108199,6614450,59162,3364642,48928,2997137,109,252671,53686,1461057,0.179733,54187,2727004,0.335464,55232,4188061,0.515197,8129050
3,2021-04-15,119877,6734327,67406,3432048,52385,3049522,86,252757,63766,1469976,0.18083,55749,2782753,0.342322,64668,4252729,0.523152,8129050
3,2021-04-16,116085,6850412,65055,3497103,50932,3100454,98,252855,60360,1475714,0.181536,55387,2838140,0.349136,61125,4313854,0.530671,8129050
3,2021-04-17,79879,6930291,43533,3540636,36331,3136785,15,252870,44369,1485813,0.182778,35259,2873399,0.353473,45358,4359212,0.536251,8129050
3,2021-04-18,39020,6969311,23572,3564208,15438,3152223,10,252880,18258,1484331,0.182596,20632,2894031,0.356011,19150,4378362,0.538607,8129050
3,2021-04-19,79596,7048907,44283,3608491,35253,3187476,60,252940,35680,1476898,0.181682,43687,2937718,0.361385,36254,4414616,0.543067,8129050
3,2021-04-20,101250,7150157,53270,3661761,47958,3235434,22,252962,48769,1474545,0.181392,52186,2989904,0.367805,49833,4464449,0.549197,8129050
3,2021-04-21,106455,7256612,59781,3721542,46594,3282028,80,253042,50104,1469882,0.180818,55938,3045842,0.374686,51275,4515724,0.555505,8129050
3,2021-04-22,112617,7369229,63289,3784831,49299,3331327,29,253071,48254,1455154,0.179007,63971,3109813,0.382556,49243,4564967,0.561562,8129050
3,2021-04-23,106870,7476099,61146,3845977,45692,3377019,32,253103,46698,1443119,0.177526,59785,3169598,0.38991,47750,4612717,0.567436,8129050
3,2021-04-24,74364,7550463,45868,3891845,28423,3405442,73,253176,36148,1442432,0.177442,37917,3207515,0.394574,37230,4649947,0.572016,8129050
3,2021-04-25,37152,7587615,23711,3915556,13423,3418865,18,253194,18930,1443732,0.177602,18054,3225569,0.396795,19354,4669301,0.574397,8129050
3,2021-04-26,74435,7662050,42076,3957632,31942,3450807,417,253611,31681,1434724,0.176493,42459,3268028,0.402018,33451,4702752,0.578512,8129050
3,2021-04-27,91628,7753678,48104,4005736,41767,3492574,1757,255368,36251,1418465,0.174493,55042,3323070,0.408789,38783,4741535,0.583283,8129050
3,2021-04-28,87354,7841032,49655,4055391,35546,3528120,2153,257521,35572,1405274,0.172871,51458,3374528,0.41512,38267,4779802,0.58799,8129050
3,2021-04-29,89707,7930739,51275,4106666,36201,3564321,2231,259752,31953,1382558,0.170076,57384,3431912,0.422179,34668,4814470,0.592255,8129050
3,2021-04-30,91296,8022035,51527,4158193,37276,3601597,2493,262245,33923,1362458,0.167604,56980,3488892,0.429188,36880,4851350,0.596792,8129050
3,2021-05-01,55875,8077910,35030,4193223,19357,3620954,1488,263733,20118,1349097,0.16596,35456,3524348,0.43355,22095,4873445,0.59951,8129050
3,2021-05-02,27115,8105025,18513,4211736,7578,3628532,1024,264757,9924,1343071,0.165219,17074,3541422,0.43565,11048,4884493,0.600869,8129050
3,2021-05-03,60167,8165192,35327,4247063,22454,3650986,2386,267143,17538,1320795,0.162478,42380,3583802,0.440864,20104,4904597,0.603342,8129050
3,2021-05-04,78008,8243200,45097,4292160,30216,3681202,2695,269838,22634,1291344,0.158855,55053,3638855,0.447636,25602,4930199,0.606491,8129050
3,2021-05-05,79570,8322770,47767,4339927,29082,3710284,2721,272559,22001,1259160,0.154896,57204,3696059,0.454673,25020,4955219,0.609569,8129050
3,2021-05-06,83865,8406635,53082,4393009,28240,3738524,2543,275102,20701,1220287,0.150114,62658,3758717,0.462381,23785,4979004,0.612495,8129050
3,2021-05-07,82874,8489509,51632,4444641,28594,3767118,2648,277750,21980,1184697,0.145736,60518,3819235,0.469826,24928,5003932,0.615562,8129050
3,2021-05-08,52937,8542446,32818,4477459,18391,3785509,1728,279478,14001,1162038,0.142949,38652,3857887,0.47458,15993,5019925,0.617529,8129050
3,2021-05-09,21071,8563517,15399,4492858,4878,3790387,794,280272,5509,1152945,0.14183,15463,3873350,0.476482,6370,5026295,0.618313,8129050
3,2021-05-10,48421,8611938,26056,4518914,20443,3810830,1922,282194,11221,1129358,0.138929,36982,3910332,0.481032,13395,5039690,0.619961,8129050
3,2021-05-11,64483,8676421,36170,4555084,26081,3836911,2232,284426,16203,1100245,0.135347,48012,3958344,0.486938,18899,5058589,0.622285,8129050
3,2021-05-12,65189,8741610,37463,4592547,25312,3862223,2414,286840,16626,1071331,0.13179,48273,4006617,0.492876,19359,5077948,0.624667,8129050
3,2021-05-13,75832,8817442,47791,4640338,26114,3888337,1927,288767,27662,1053645,0.129615,47907,4054524,0.49877,30221,5108169,0.628384,8129050
3,2021-05-14,80792,8898234,51016,4691354,27618,3915955,2158,290925,31269,1038465,0.127747,49211,4103735,0.504823,34031,5142200,0.632571,8129050
3,2021-05-15,62505,8960739,43107,4734461,18180,3934135,1218,292143,25833,1029304,0.12662,36445,4140180,0.509307,27284,5169484,0.635927,8129050
3,2021-05-16,33322,8994061,24918,4759379,7712,3941847,692,292835,13447,1023787,0.125942,19748,4159928,0.511736,14231,5183715,0.637678,8129050
3,2021-05-17,57222,9051283,36442,4795821,18924,3960771,1856,294691,21077,1011069,0.124377,35862,4195790,0.516148,23144,5206859,0.640525,8129050
3,2021-05-18,64764,9116047,38240,4834061,24649,3985420,1875,296566,24316,997501,0.122708,40158,4235948,0.521088,26590,5233449,0.643796,8129050
3,2021-05-19,64198,9180245,39020,4873081,23420,4008840,1758,298324,24825,985253,0.121201,39112,4275060,0.525899,26864,5260313,0.647101,8129050
3,2021-05-20,62085,9242330,36333,4909414,23891,4032731,1861,300185,22284,970244,0.119355,39492,4314552,0.530757,24483,5284796,0.650112,8129050
3,2021-05-21,66391,9308721,40350,4949764,23925,4056656,2116,302301,23722,954058,0.117364,42331,4356883,0.535965,26145,5310941,0.653329,8129050
3,2021-05-22,45938,9354659,30456,4980220,14007,4070663,1475,303776,19114,948306,0.116656,26597,4383480,0.539236,20845,5331786,0.655893,8129050
3,2021-05-23,21759,9376418,15056,4995276,6049,4076712,654,304430,9191,945787,0.116347,12478,4395958,0.540771,9959,5341745,0.657118,8129050
3,2021-05-24,39847,9416265,23322,5018598,14754,4091466,1771,306201,14785,937689,0.11535,24853,4420811,0.543829,16755,5358500,0.659179,8129050
3,2021-05-25,42951,9459216,24158,5042756,17103,4108569,1690,307891,15224,927395,0.114084,27441,4448252,0.547204,17147,5375647,0.661288,8129050
3,2021-05-26,42521,9501737,24321,5067077,16463,4125032,1737,309628,15905,918864,0.113035,26306,4474558,0.55044,17775,5393422,0.663475,8129050
3,2021-05-27,39425,9541162,22103,5089180,15564,4140596,1758,311386,15418,912452,0.112246,23837,4498395,0.553373,17425,5410847,0.665619,8129050
3,2021-05-28,42962,9584124,24275,5113455,16883,4157479,1804,313190,17848,907525,0.11164,24902,4523297,0.556436,19975,5430822,0.668076,8129050
3,2021-05-29,23497,9607621,14354,5127809,8303,4165782,840,314030,10970,907084,0.111585,12384,4535681,0.55796,11943,5442765,0.669545,8129050
3,2021-05-30,10640,9618261,6900,5134709,3103,4168885,637,314667,4468,906142,0.11147,6091,4541772,0.558709,5149,5447914,0.670178,8129050
3,2021-05-31,4674,9622935,2700,5137409,1708,4170593,266,314933,1465,904743,0.111298,3160,4544932,0.559098,1761,5449675,0.670395,8129050
3,2021-06-01,37784,9660719,21745,5159154,14592,4185185,1447,316380,13184,895218,0.110126,24350,4569282,0.562093,14825,5464500,0.672219,8129050
3,2021-06-02,31526,9692245,18112,5177266,11998,4197183,1416,317796,11656,888767,0.109332,19661,4588943,0.564512,13210,5477710,0.673844,8129050
3,2021-06-03,39648,9731893,27109,5204375,11101,4208284,1438,319234,11420,873820,0.107493,28043,4616986,0.567961,13096,5490806,0.675455,8129050
3,2021-06-04,46245,9778138,32707,5237082,11988,4220272,1550,320784,13138,856073,0.10531,32857,4649843,0.572003,15110,5505916,0.677314,8129050
3,2021-06-05,34367,9812505,25896,5262978,7284,4227556,1187,321971,8698,840700,0.103419,25456,4675299,0.575135,10083,5515999,0.678554,8129050
3,2021-06-06,14670,9827175,12236,5275214,1848,4229404,586,322557,3699,834244,0.102625,10908,4686207,0.576477,4452,5520451,0.679102,8129050
3,2021-06-07,30433,9857608,22114,5297328,7032,4236436,1287,323844,8707,822784,0.101215,21576,4707783,0.579131,10116,5530567,0.680346,8129050
3,2021-06-08,34364,9891972,24672,5322000,8400,4244836,1292,325136,9934,810019,0.099645,24219,4732002,0.58211,11454,5542021,0.681755,8129050
3,2021-06-09,33003,9924975,23937,5345937,7761,4252597,1305,326441,8853,796378,0.097967,23965,4755967,0.585058,10324,5552345,0.683025,8129050
3,2021-06-10,32541,9957516,23462,5369399,7546,4260143,1533,327974,8953,783634,0.096399,23428,4779395,0.58794,10684,5563029,0.684339,8129050
3,2021-06-11,35601,9993117,25167,5394566,9060,4269203,1374,329348,10559,770904,0.094833,24840,4804235,0.590996,12110,5575139,0.685829,8129050
3,2021-06-12,25237,10018354,19024,5413590,5320,4274523,893,330241,6673,760184,0.093514,18446,4822681,0.593265,7726,5582865,0.68678,8129050
3,2021-06-13,10141,10028495,7585,5421175,2066,4276589,490,330731,2357,755376,0.092923,7731,4830412,0.594216,2923,5585788,0.687139,8129050
3,2021-06-14,25832,10054327,18505,5439680,5900,4282489,1427,332158,8069,747384,0.09194,17630,4848042,0.596385,9638,5595426,0.688325,8129050
3,2021-06-15,28756,10083083,19451,5459131,7792,4290281,1513,333671,9639,739819,0.091009,18887,4866929,0.598708,11322,5606748,0.689717,8129050
3,2021-06-16,25915,10108998,18408,5477539,6091,4296372,1416,335087,8729,733114,0.090184,17002,4883931,0.6008,10297,5617045,0.690984,8129050
3,2021-06-17,24873,10133871,17809,5495348,5771,4302143,1293,336380,8622,727073,0.089441,16095,4900026,0.60278,10054,5627099,0.692221,8129050
3,2021-06-18,28043,10161914,19804,5515152,6664,4308807,1575,337955,9817,720642,0.08865,17991,4918017,0.604993,11560,5638659,0.693643,8129050
3,2021-06-19,16036,10177950,11778,5526930,3396,4312203,862,338817,5743,717191,0.088226,10165,4928182,0.606243,6714,5645373,0.694469,8129050
3,2021-06-20,6892,10184842,5170,5532100,1420,4313623,302,339119,2608,715928,0.08807,4226,4932408,0.606763,2963,5648336,0.694833,8129050
3,2021-06-21,16247,10201089,10250,5542350,4597,4318220,1400,340519,8089,717475,0.088261,8064,4940472,0.607755,9611,5657947,0.696016,8129050
3,2021-06-22,22103,10223192,15497,5557847,5309,4323529,1297,341816,8271,713495,0.087771,13704,4954176,0.609441,9724,5667671,0.697212,8129050
3,2021-06-23,20292,10243484,14214,5572061,4738,4328267,1340,343156,8041,710883,0.08745,12134,4966310,0.610934,9522,5677193,0.698383,8129050
3,2021-06-24,19970,10263454,13899,5585960,4618,4332885,1453,344609,7796,708242,0.087125,11999,4978309,0.61241,9358,5686551,0.699535,8129050
3,2021-06-25,23306,10286760,16534,5602494,5350,4338235,1422,346031,9098,704820,0.086704,14070,4992379,0.614141,10648,5697199,0.700844,8129050
3,2021-06-26,14013,10300773,10406,5612900,2833,4341068,774,346805,5850,703545,0.086547,8058,5000437,0.615132,6783,5703982,0.701679,8129050
3,2021-06-27,6709,10307482,5193,5618093,1207,4342275,309,347114,2865,702955,0.086474,3799,5004236,0.615599,3209,5707191,0.702074,8129050
3,2021-06-28,15998,10323480,12300,5630393,2615,4344890,1083,348197,6737,701763,0.086328,9119,5013355,0.616721,7927,5715118,0.703049,8129050
3,2021-06-29,18080,10341560,12737,5643130,4336,4349226,1007,349204,7395,699759,0.086081,10538,5023893,0.618017,8534,5723652,0.704099,8129050
3,2021-06-30,17055,10358615,12085,5655215,3928,4353154,1042,350246,7332,698716,0.085953,9566,5033459,0.619194,8523,5732175,0.705147,8129050
3,2021-07-01,16326,10374941,11632,5666847,3625,4356779,1069,351315,6866,697424,0.085794,9327,5042786,0.620341,8035,5740210,0.706135,8129050
3,2021-07-02,18454,10393395,13122,5679969,4229,4361008,1103,352418,7871,696031,0.085623,10465,5053251,0.621629,9072,5749282,0.707251,8129050
3,2021-07-03,10095,10403490,7292,5687261,2364,4363372,439,352857,4327,695209,0.085522,5691,5058942,0.622329,4869,5754151,0.70785,8129050
3,2021-07-04,726,10404216,426,5687687,213,4363585,87,352944,280,695153,0.085515,439,5059381,0.622383,383,5754534,0.707897,8129050
3,2021-07-05,9526,10413742,6964,5694651,2139,4365724,423,353367,4305,694795,0.085471,5149,5064530,0.623016,4791,5759325,0.708487,8129050
3,2021-07-06,19053,10432795,13811,5708462,4125,4369849,1117,354484,6900,690958,0.084999,11978,5076508,0.62449,8141,5767466,0.709488,8129050
3,2021-07-07,15748,10448543,11179,5719641,3455,4373304,1114,355598,6350,689270,0.084791,9259,5085767,0.625629,7571,5775037,0.71042,8129050
3,2021-07-08,15309,10463852,11053,5730694,3260,4376564,996,356594,6208,687588,0.084584,8976,5094743,0.626733,7294,5782331,0.711317,8129050
3,2021-07-09,17604,10481456,12271,5742965,4114,4380678,1219,357813,7269,685987,0.084387,10201,5104944,0.627988,8600,5790931,0.712375,8129050
3,2021-07-10,10818,10492274,7963,5750928,2192,4382870,663,358476,4594,685177,0.084287,6156,5111100,0.628745,5346,5796277,0.713033,8129050
3,2021-07-11,5116,10497390,3786,5754714,1055,4383925,275,358751,2308,685021,0.084268,2759,5113859,0.629084,2603,5798880,0.713353,8129050
3,2021-07-12,14326,10511716,10447,5765161,2876,4386801,1003,359754,5717,683278,0.084054,8532,5122391,0.630134,6789,5805669,0.714188,8129050
3,2021-07-13,15111,10526827,10675,5775836,3526,4390327,910,360664,6626,682508,0.083959,8388,5130779,0.631166,7618,5813287,0.715125,8129050
3,2021-07-14,14396,10541223,10213,5786049,3260,4393587,923,361587,6415,682027,0.0839,7880,5138659,0.632135,7399,5820686,0.716035,8129050
3,2021-07-15,14705,10555928,10628,5796677,3237,4396824,840,362427,6728,681789,0.083871,7882,5146541,0.633105,7644,5828330,0.716976,8129050
3,2021-07-16,17704,10573632,12729,5809406,4086,4400910,889,363316,8459,682071,0.083905,9136,5155677,0.634229,9418,5837748,0.718134,8129050
3,2021-07-17,11258,10584890,8250,5817656,2477,4403387,531,363847,5356,682194,0.083921,5832,5161509,0.634946,5955,5843703,0.718867,8129050
3,2021-07-18,5738,10590628,4335,5821991,1152,4404539,251,364098,2823,682422,0.083949,2872,5164381,0.635299,3100,5846803,0.719248,8129050
3,2021-07-19,14849,10605477,10866,5832857,3108,4407647,875,364973,7296,683212,0.084046,7454,5171835,0.636216,8244,5855047,0.720262,8129050
3,2021-07-20,16508,10621985,11486,5844343,4119,4411766,903,365876,8499,684801,0.084241,7894,5179729,0.637187,9483,5864530,0.721429,8129050
3,2021-07-21,15938,10637923,11283,5855626,3788,4415554,867,366743,8023,685982,0.084386,7787,5187516,0.638145,8968,5873498,0.722532,8129050
3,2021-07-22,16308,10654231,11537,5867163,3812,4419366,959,367702,8474,687766,0.084606,7710,5195226,0.639094,9494,5882992,0.7237,8129050
3,2021-07-23,19210,10673441,13692,5880855,4508,4423874,1010,368712,10328,690452,0.084936,8738,5203964,0.640169,11424,5894416,0.725105,8129050
3,2021-07-24,11557,10684998,8324,5889179,2652,4426526,581,369293,6377,692343,0.085169,5102,5209066,0.640796,6993,5901409,0.725965,8129050
3,2021-07-25,5619,10690617,4209,5893388,1200,4427726,210,369503,4061,695154,0.085515,1510,5210576,0.640982,4321,5905730,0.726497,8129050
3,2021-07-26,15407,10706024,10710,5904098,3732,4431458,965,370468,9307,699500,0.086049,5989,5216565,0.641719,10335,5916065,0.727768,8129050
3,2021-07-27,17418,10723442,12320,5916418,4128,4435586,970,371438,9979,703216,0.086507,7308,5223873,0.642618,11024,5927089,0.729124,8129050
3,2021-07-28,17016,10740458,12186,5928604,3793,4439379,1037,372475,9827,707081,0.086982,7048,5230921,0.643485,10913,5938002,0.730467,8129050
3,2021-07-29,16794,10757252,12078,5940682,3685,4443064,1031,373506,9902,711369,0.087509,6717,5237638,0.644311,11005,5949007,0.731821,8129050
3,2021-07-30,19549,10776801,13806,5954488,4667,4447731,1076,374582,11343,715880,0.088064,7999,5245637,0.645295,12510,5961517,0.73336,8129050
3,2021-07-31,12179,10788980,8818,5963306,2703,4450434,658,375240,7091,718747,0.088417,4949,5250586,0.645904,7816,5969333,0.734321,8129050
3,2021-08-01,6479,10795459,4936,5968242,1286,4451720,257,375497,4198,721015,0.088696,2222,5252808,0.646177,4490,5973823,0.734873,8129050
3,2021-08-02,16574,10812033,12042,5980284,3609,4455329,923,376420,10315,726183,0.089332,6135,5258943,0.646932,11303,5985126,0.736264,8129050
3,2021-08-03,18383,10830416,13270,5993554,4014,4459343,1099,377519,10972,731074,0.089934,7232,5266175,0.647822,12123,5997249,0.737755,8129050
3,2021-08-04,17547,10847963,12608,6006162,3926,4463269,1013,378532,10458,735667,0.090499,6928,5273103,0.648674,11521,6008770,0.739172,8129050
3,2021-08-05,17883,10865846,12931,6019093,3812,4467081,1140,379672,10799,740754,0.091124,6921,5280024,0.649525,12008,6020778,0.74065,8129050
3,2021-08-06,21656,10887502,15705,6034798,4799,4471880,1152,380824,12786,746086,0.09178,8673,5288697,0.650592,14005,6034783,0.742372,8129050
3,2021-08-07,12731,10900233,9476,6044274,2637,4474517,618,381442,7458,749076,0.092148,5136,5293833,0.651224,8126,6042909,0.743372,8129050
3,2021-08-08,7564,10907797,5791,6050065,1533,4476050,240,381682,4677,751225,0.092412,2804,5296637,0.651569,4953,6047862,0.743981,8129050
3,2021-08-09,18181,10925978,13610,6063675,3523,4479573,1048,382730,10299,754923,0.092867,7720,5304357,0.652519,11418,6059280,0.745386,8129050
3,2021-08-10,18393,10944371,13471,6077146,3941,4483514,981,383711,10369,758459,0.093302,7857,5312214,0.653485,11393,6070673,0.746788,8129050
3,2021-08-11,16415,10960786,11896,6089042,3509,4487023,1010,384721,9162,761622,0.093691,7064,5319278,0.654354,10227,6080900,0.748046,8129050
3,2021-08-12,17919,10978705,12641,6101683,4223,4491246,1055,385776,9854,764720,0.094072,7860,5327138,0.655321,10958,6091858,0.749394,8129050
3,2021-08-13,22195,11000900,15783,6117466,5294,4496540,1118,386894,12113,768359,0.09452,9663,5336801,0.65651,13302,6105160,0.75103,8129050
3,2021-08-14,14522,11015422,10238,6127704,3688,4500228,596,387490,7571,770532,0.094787,6046,5342847,0.657254,8219,6113379,0.752041,8129050
3,2021-08-15,8183,11023605,5947,6133651,1957,4502185,279,387769,4095,771601,0.094919,3331,5346178,0.657663,4400,6117779,0.752582,8129050
3,2021-08-16,8450,11032055,5869,6139520,1748,4503933,833,388602,3994,772384,0.095015,4126,5350304,0.658171,4909,6122688,0.753186,8129050
4,2020-12-15,468,468,468,468,0,0,0,0,468,468,5.8e-05,0,0,0.0,468,468,5.8e-05,8037679
4,2020-12-16,3085,3553,3085,3553,0,0,0,0,3085,3553,0.000442,0,0,0.0,3085,3553,0.000442,8037679
4,2020-12-17,9061,12614,9061,12614,0,0,0,0,9062,12615,0.001569,0,0,0.0,9062,12615,0.001569,8037679
4,2020-12-18,16321,28935,16308,28922,13,13,0,0,16321,28936,0.0036,0,0,0.0,16321,28936,0.0036,8037679
4,2020-12-19,10431,39366,10421,39343,10,23,0,0,10367,39303,0.00489,0,0,0.0,10367,39303,0.00489,8037679
4,2020-12-20,7471,46837,7458,46801,13,36,0,0,7426,46729,0.005814,0,0,0.0,7426,46729,0.005814,8037679
4,2020-12-21,16509,63346,16477,63278,32,68,0,0,16441,63169,0.007859,1,1,0.0,16441,63170,0.007859,8037679
4,2020-12-22,17298,80644,16532,79810,766,834,0,0,17253,80418,0.010005,4,5,1e-06,17253,80423,0.010006,8037679
4,2020-12-23,17267,97911,14474,94284,2793,3627,0,0,17246,97662,0.012151,2,7,1e-06,17246,97669,0.012151,8037679
4,2020-12-24,8634,106545,6006,100290,2628,6255,0,0,8633,106295,0.013225,0,7,1e-06,8633,106302,0.013225,8037679
4,2020-12-25,913,107458,808,101098,105,6360,0,0,913,107208,0.013338,0,7,1e-06,913,107215,0.013339,8037679
4,2020-12-26,6244,113702,3916,105014,2328,8688,0,0,6244,113452,0.014115,0,7,1e-06,6244,113459,0.014116,8037679
4,2020-12-27,3471,117173,2007,107021,1464,10152,0,0,3471,116923,0.014547,0,7,1e-06,3471,116930,0.014548,8037679
4,2020-12-28,15302,132475,9449,116470,5853,16005,0,0,15274,132194,0.016447,3,10,1e-06,15274,132204,0.016448,8037679
4,2020-12-29,15915,148390,8938,125408,6977,22982,0,0,15882,148075,0.018423,1,11,1e-06,15882,148086,0.018424,8037679
4,2020-12-30,19472,167862,11418,136826,8054,31036,0,0,19461,167534,0.020844,2,13,2e-06,19461,167547,0.020845,8037679
4,2020-12-31,8382,176244,3384,140210,4998,36034,0,0,8369,175894,0.021884,9,22,3e-06,8369,175916,0.021886,8037679
4,2021-01-01,1810,178054,828,141038,982,37016,0,0,1803,177693,0.022108,4,26,3e-06,1803,177719,0.022111,8037679
4,2021-01-02,5788,183842,3265,144303,2523,39539,0,0,5786,183478,0.022827,1,27,3e-06,5786,183505,0.022831,8037679
4,2021-01-03,2167,186009,1278,145581,889,40428,0,0,2153,185628,0.023095,3,30,4e-06,2153,185658,0.023098,8037679
4,2021-01-04,13108,199117,7078,152659,6030,46458,0,0,13058,198658,0.024716,28,58,7e-06,13058,198716,0.024723,8037679
4,2021-01-05,17076,216193,10117,162776,6959,53417,0,0,14834,211295,0.026288,2214,2272,0.000283,14851,213567,0.026571,8037679
4,2021-01-06,21831,238024,13380,176156,8451,61868,0,0,15652,220834,0.027475,6130,8402,0.001045,15669,229236,0.02852,8037679
4,2021-01-07,28201,266225,17202,193358,10999,72867,0,0,16801,226318,0.028157,11339,19741,0.002456,16823,246059,0.030613,8037679
4,2021-01-08,33175,299400,21297,214655,11878,84745,0,0,18471,230180,0.028638,14636,34377,0.004277,18498,264557,0.032915,8037679
4,2021-01-09,16413,315813,9709,224364,6704,91449,0,0,9532,232855,0.02897,6870,41247,0.005132,9545,274102,0.034102,8037679
4,2021-01-10,8839,324652,5705,230069,3134,94583,0,0,4202,232440,0.028919,4626,45873,0.005707,4211,278313,0.034626,8037679
4,2021-01-11,33835,358487,22226,252295,11609,106192,0,0,19058,236798,0.029461,14748,60621,0.007542,19106,297419,0.037003,8037679
4,2021-01-12,38894,397381,22434,274729,16460,122652,0,0,24472,246953,0.030724,14365,74986,0.009329,24520,321939,0.040054,8037679
4,2021-01-13,39214,436595,19438,294167,19776,142428,0,0,27757,263325,0.032761,11414,86400,0.010749,27786,349725,0.043511,8037679
4,2021-01-14,39769,476364,15334,309501,24435,166863,0,0,32495,288617,0.035908,7236,93636,0.01165,32528,382253,0.047558,8037679
4,2021-01-15,45858,522222,16045,325546,29813,196676,0,0,40174,323205,0.040211,5611,99247,0.012348,40199,422452,0.052559,8037679
4,2021-01-16,29041,551263,9441,334987,19600,216276,0,0,25863,345938,0.04304,3146,102393,0.012739,25879,448331,0.055779,8037679
4,2021-01-17,19096,570359,6612,341599,12484,228760,0,0,17426,361728,0.045004,1648,104041,0.012944,17438,465769,0.057948,8037679
4,2021-01-18,29702,600061,13750,355349,15952,244712,0,0,23639,379405,0.047203,5995,110036,0.01369,23672,489441,0.060893,8037679
4,2021-01-19,46674,646735,23327,378676,23347,268059,0,0,36888,406628,0.05059,9737,119773,0.014901,36960,526401,0.065492,8037679
4,2021-01-20,53082,699817,28340,407016,24742,292801,0,0,42358,438429,0.054547,10622,130395,0.016223,42423,568824,0.07077,8037679
4,2021-01-21,58401,758218,26258,433274,32143,324944,0,0,51483,483129,0.060108,6833,137228,0.017073,51533,620357,0.077181,8037679
4,2021-01-22,55885,814103,22418,455692,33467,358411,0,0,50599,528546,0.065759,5214,142442,0.017722,50631,670988,0.08348,8037679
4,2021-01-23,39971,854074,17430,473122,22541,380952,0,0,35587,559789,0.069646,4375,146817,0.018266,35618,706606,0.087912,8037679
4,2021-01-24,24243,878317,10557,483679,13686,394638,0,0,22326,580231,0.072189,1907,148724,0.018503,22349,728955,0.090692,8037679
4,2021-01-25,48437,926754,22363,506042,26074,420712,0,0,37140,606166,0.075416,11264,159988,0.019905,37199,766154,0.09532,8037679
4,2021-01-26,57387,984141,29237,535279,28150,448862,0,0,44957,638793,0.079475,12393,172381,0.021447,45020,811174,0.100921,8037679
4,2021-01-27,56899,1041040,27021,562300,29878,478740,0,0,45656,673343,0.083773,11162,183543,0.022835,45712,856886,0.106609,8037679
4,2021-01-28,57533,1098573,25956,588256,31577,510317,0,0,47270,710501,0.088396,10161,193704,0.024099,47319,904205,0.112496,8037679
4,2021-01-29,57360,1155933,27416,615672,29944,540261,0,0,46766,746913,0.092926,10392,204096,0.025392,46804,951009,0.118319,8037679
4,2021-01-30,38689,1194622,17348,633020,21341,561602,0,0,33246,774807,0.096397,5384,209480,0.026062,33278,984287,0.122459,8037679
4,2021-01-31,24481,1219103,12754,645774,11727,573329,0,0,22754,795875,0.099018,1704,211184,0.026274,22772,1007059,0.125292,8037679
4,2021-02-01,50364,1269467,24224,669998,26140,599469,0,0,38523,822665,0.102351,11779,222963,0.02774,38569,1045628,0.130091,8037679
4,2021-02-02,56230,1325697,25821,695819,30409,629878,0,0,43140,852857,0.106107,13002,235965,0.029357,43194,1088822,0.135465,8037679
4,2021-02-03,62778,1388475,30800,726619,31978,661856,0,0,48092,886477,0.11029,14532,250497,0.031165,48152,1136974,0.141456,8037679
4,2021-02-04,68257,1456732,31691,758310,36566,698422,0,0,51238,920989,0.114584,16842,267339,0.033261,51354,1188328,0.147845,8037679
4,2021-02-05,73900,1530632,34202,792512,39698,738120,0,0,51264,950041,0.118198,22350,289689,0.036041,51402,1239730,0.15424,8037679
4,2021-02-06,49096,1579728,26353,818865,22743,760863,0,0,37435,976090,0.121439,11591,301280,0.037483,37640,1277370,0.158923,8037679
4,2021-02-07,26703,1606431,17630,836495,9073,769936,0,0,20145,989960,0.123165,6520,307800,0.038295,20390,1297760,0.16146,8037679
4,2021-02-08,59241,1665672,30428,866923,28813,798749,0,0,38427,1007980,0.125407,20670,328470,0.040866,38690,1336450,0.166273,8037679
4,2021-02-09,67910,1733582,34387,901310,33523,832272,0,0,39695,1020108,0.126916,28015,356485,0.044352,40143,1376593,0.171267,8037679
4,2021-02-10,78146,1811728,39095,940405,39051,871323,0,0,40993,1024766,0.127495,36891,393376,0.048941,41549,1418142,0.176437,8037679
4,2021-02-11,82363,1894091,42984,983389,39379,910702,0,0,41821,1027006,0.127774,40261,433637,0.053951,42501,1460643,0.181724,8037679
4,2021-02-12,85355,1979446,38266,1021655,47089,957791,0,0,43809,1030349,0.12819,41261,474898,0.059084,44604,1505247,0.187274,8037679
4,2021-02-13,59387,2038833,30037,1051692,29350,987141,0,0,30121,1032268,0.128429,29114,504012,0.062706,31033,1536280,0.191135,8037679
4,2021-02-14,37186,2076019,19323,1071015,17863,1005004,0,0,18976,1033767,0.128615,18145,522157,0.064964,19644,1555924,0.193579,8037679
4,2021-02-15,46757,2122776,21929,1092944,24828,1029832,0,0,23913,1036124,0.128908,22753,544910,0.067794,25110,1581034,0.196703,8037679
4,2021-02-16,81121,2203897,37226,1130170,43895,1073727,0,0,41116,1038617,0.129219,39848,584758,0.072752,42341,1623375,0.201971,8037679
4,2021-02-17,82477,2286374,38999,1169169,43478,1117205,0,0,39101,1035716,0.128858,43146,627904,0.07812,40245,1663620,0.206978,8037679
4,2021-02-18,84460,2370834,46507,1215676,37953,1155158,0,0,38900,1030741,0.128239,45343,673247,0.083761,40368,1703988,0.212,8037679
4,2021-02-19,83719,2454553,52742,1268418,30977,1186135,0,0,41704,1031304,0.128309,41823,715070,0.088965,42386,1746374,0.217273,8037679
4,2021-02-20,50164,2504717,33384,1301802,16780,1202915,0,0,26994,1035933,0.128885,23076,738146,0.091836,27705,1774079,0.22072,8037679
4,2021-02-21,30555,2535272,24238,1326040,6317,1209232,0,0,14644,1035071,0.128777,15818,753964,0.093804,14956,1789035,0.222581,8037679
4,2021-02-22,55967,2591239,38422,1364462,17545,1226777,0,0,26918,1033593,0.128593,28867,782831,0.097395,27389,1816424,0.225989,8037679
4,2021-02-23,77598,2668837,43036,1407498,34562,1261339,0,0,33976,1025865,0.127632,43393,826224,0.102794,35665,1852089,0.230426,8037679
4,2021-02-24,92802,2761639,49063,1456561,43739,1305078,0,0,41637,1018806,0.126754,50877,877101,0.109124,43818,1895907,0.235877,8037679
4,2021-02-25,104442,2866081,54663,1511224,49779,1354857,0,0,49615,1016416,0.126456,54580,931681,0.115914,52190,1948097,0.242371,8037679
4,2021-02-26,110511,2976592,55833,1567057,54678,1409535,0,0,56194,1020971,0.127023,53999,985680,0.122632,58554,2006651,0.249656,8037679
4,2021-02-27,80619,3057211,43832,1610889,36775,1446310,12,12,42593,1027299,0.12781,37790,1023470,0.127334,44118,2050769,0.255144,8037679
4,2021-02-28,49826,3107037,30726,1641615,19093,1465403,7,19,27133,1032873,0.128504,22476,1045946,0.13013,28050,2078819,0.258634,8037679
4,2021-03-01,81486,3188523,47685,1689300,33747,1499150,54,73,44821,1042689,0.129725,36299,1082245,0.134646,46115,2124934,0.264372,8037679
4,2021-03-02,90280,3278803,51741,1741041,38528,1537678,11,84,52724,1059910,0.131868,37339,1119584,0.139292,54560,2179494,0.27116,8037679
4,2021-03-03,104245,3383048,55365,1796406,48860,1586538,20,104,57963,1073651,0.133577,46039,1165623,0.14502,59780,2239274,0.278597,8037679
4,2021-03-04,102534,3485582,57090,1853496,45424,1631962,20,124,55755,1084706,0.134953,46517,1212140,0.150807,57572,2296846,0.28576,8037679
4,2021-03-05,98603,3584185,53203,1906699,45072,1677034,328,452,57675,1103983,0.137351,40688,1252828,0.155869,59965,2356811,0.29322,8037679
4,2021-03-06,77642,3661827,43727,1950426,31267,1708301,2648,3100,47447,1125340,0.140008,30053,1282881,0.159608,51410,2408221,0.299616,8037679
4,2021-03-07,45160,3706987,27671,1978097,15271,1723572,2218,5318,26306,1136157,0.141354,18762,1301643,0.161943,29579,2437800,0.303297,8037679
4,2021-03-08,68667,3775654,35868,2013965,29399,1752971,3400,8718,45016,1162353,0.144613,23505,1325148,0.164867,49701,2487501,0.30948,8037679
4,2021-03-09,82741,3858395,41764,2055729,35674,1788645,5303,14021,44577,1175276,0.146221,37964,1363112,0.16959,50887,2538388,0.315811,8037679
4,2021-03-10,92732,3951127,47842,2103571,37326,1825971,7564,21585,46609,1184389,0.147355,45900,1409012,0.175301,55013,2593401,0.322655,8037679
4,2021-03-11,101760,4052887,53343,2156914,39863,1865834,8554,30139,46902,1186218,0.147582,54575,1463587,0.182091,56404,2649805,0.329673,8037679
4,2021-03-12,105571,4158458,51979,2208893,43218,1909052,10374,40513,45140,1182338,0.147099,60121,1523708,0.189571,56241,2706046,0.33667,8037679
4,2021-03-13,82225,4240683,38065,2246958,35609,1944661,8551,49064,38885,1187551,0.147748,43187,1566895,0.194944,48400,2754446,0.342692,8037679
4,2021-03-14,50190,4290873,28578,2275536,17958,1962619,3654,52718,23442,1188563,0.147874,26641,1593536,0.198258,27653,2782099,0.346132,8037679
4,2021-03-15,84361,4375234,45377,2320913,34684,1997303,4300,57018,42735,1195043,0.14868,41321,1634857,0.203399,47801,2829900,0.352079,8037679
4,2021-03-16,108670,4483904,56525,2377438,48703,2046006,3442,60460,57031,1204788,0.149893,51358,1686215,0.209789,61103,2891003,0.359681,8037679
4,2021-03-17,108166,4592070,58237,2435675,46410,2092416,3519,63979,63072,1227064,0.152664,44795,1731010,0.215362,67071,2958074,0.368026,8037679
4,2021-03-18,108012,4700082,59922,2495597,44365,2136781,3725,67704,60912,1245261,0.154928,46803,1777813,0.221185,65000,3023074,0.376113,8037679
4,2021-03-19,112476,4812558,64705,2560302,42526,2179307,5245,72949,63639,1265939,0.157501,48529,1826342,0.227223,69207,3092281,0.384723,8037679
4,2021-03-20,84959,4897517,49747,2610049,32169,2211476,3043,75992,51782,1288037,0.16025,32985,1859327,0.231326,55083,3147364,0.391576,8037679
4,2021-03-21,48617,4946134,35229,2645278,11126,2222602,2262,78254,28311,1298782,0.161587,20156,1879483,0.233834,30901,3178265,0.395421,8037679
4,2021-03-22,83323,5029457,54378,2699656,26188,2248790,2757,81011,51360,1321898,0.164463,31679,1911162,0.237775,54795,3233060,0.402238,8037679
4,2021-03-23,105923,5135380,63440,2763096,40323,2289113,2160,83171,62057,1343076,0.167097,43565,1954727,0.243195,64743,3297803,0.410293,8037679
4,2021-03-24,114603,5249983,73886,2836982,38273,2327386,2444,85615,63711,1359218,0.169106,50421,2005148,0.249469,66563,3364366,0.418574,8037679
4,2021-03-25,118251,5368234,72738,2909720,43088,2370474,2425,88040,66291,1376951,0.171312,51448,2056596,0.255869,69181,3433547,0.427181,8037679
4,2021-03-26,121003,5489237,73343,2983063,44604,2415078,3056,91096,65183,1390335,0.172977,55413,2112009,0.262764,68797,3502344,0.435741,8037679
4,2021-03-27,92885,5582122,54722,3037785,36348,2451426,1815,92911,46803,1393601,0.173384,45805,2157814,0.268462,49071,3551415,0.441846,8037679
4,2021-03-28,56317,5638439,37212,3074997,18227,2469653,878,93789,29647,1398013,0.173932,26479,2184293,0.271757,30891,3582306,0.445689,8037679
4,2021-03-29,94760,5733199,56740,3131737,35914,2505567,2106,95895,50683,1407569,0.175121,43777,2228070,0.277203,53333,3635639,0.452324,8037679
4,2021-03-30,118280,5851479,64563,3196300,49532,2555099,4185,100080,69608,1433352,0.178329,48393,2276463,0.283224,74176,3709815,0.461553,8037679
4,2021-03-31,122079,5973558,72037,3268337,43707,2598806,6335,106415,68008,1454178,0.18092,53679,2330142,0.289902,74505,3784320,0.470822,8037679
4,2021-04-01,143779,6117337,81920,3350257,48470,2647276,13389,119804,84263,1492664,0.185708,58957,2389099,0.297237,97443,3881763,0.482946,8037679
4,2021-04-02,137677,6255014,73572,3423829,50449,2697725,13656,133460,79119,1527237,0.19001,58228,2447327,0.304482,92801,3974564,0.494492,8037679
4,2021-04-03,101780,6356794,54392,3478221,33883,2731608,13505,146965,53005,1545189,0.192243,48550,2495877,0.310522,66502,4041066,0.502765,8037679
4,2021-04-04,47125,6403919,24882,3503103,14694,2746302,7549,154514,20533,1546635,0.192423,26470,2522347,0.313815,27916,4068982,0.506238,8037679
4,2021-04-05,110452,6514371,61967,3565070,35555,2781857,12930,167444,57225,1564200,0.194608,52974,2575321,0.320406,70539,4139521,0.515014,8037679
4,2021-04-06,139810,6654181,78667,3643737,41241,2823098,19902,187346,72394,1589731,0.197785,67149,2642470,0.32876,92680,4232201,0.526545,8037679
4,2021-04-07,138496,6792677,78497,3722234,39167,2862265,20832,208178,71561,1615561,0.200998,66650,2709120,0.337053,92480,4324681,0.538051,8037679
4,2021-04-08,140973,6933650,78551,3800785,36830,2899095,25592,233770,70204,1641210,0.20419,70438,2779558,0.345816,96087,4420768,0.550006,8037679
4,2021-04-09,138586,7072236,75956,3876741,39452,2938547,23178,256948,66171,1659174,0.206425,72130,2851688,0.35479,90094,4510862,0.561214,8037679
4,2021-04-10,104396,7176632,51461,3928202,33921,2972468,19014,275962,47112,1669088,0.207658,57050,2908738,0.361888,66964,4577826,0.569546,8037679
4,2021-04-11,62998,7239630,38222,3966424,13515,2985983,11261,287223,27543,1673489,0.208206,35329,2944067,0.366283,39730,4617556,0.574489,8037679
4,2021-04-12,103517,7343147,62903,4029327,30326,3016309,10288,297511,52109,1685955,0.209756,51079,2995146,0.372638,63545,4681101,0.582395,8037679
4,2021-04-13,131180,7474327,82333,4111660,48678,3064987,169,297680,78353,1712834,0.213101,52505,3047651,0.379171,79384,4760485,0.592271,8037679
4,2021-04-14,136728,7611055,87243,4198903,49404,3114391,81,297761,75628,1729022,0.215115,60750,3108401,0.386729,76938,4837423,0.601843,8037679
4,2021-04-15,156840,7767895,104262,4303165,52503,3166894,75,297836,95897,1765262,0.219623,60522,3168923,0.394258,96762,4934185,0.613882,8037679
4,2021-04-16,144228,7912123,91399,4394564,52750,3219644,79,297915,83560,1789315,0.222616,60311,3229234,0.401762,84364,5018549,0.624378,8037679
4,2021-04-17,101908,8014031,63964,4458528,37916,3257560,28,297943,59552,1808009,0.224942,42053,3271287,0.406994,60747,5079296,0.631936,8037679
4,2021-04-18,57235,8071266,38722,4497250,18508,3276068,5,297948,32115,1816124,0.225951,24965,3296252,0.4101,33080,5112376,0.636051,8037679
4,2021-04-19,101631,8172897,66943,4564193,34667,3310735,21,297969,51394,1818167,0.226205,49972,3346224,0.416317,52015,5164391,0.642523,8037679
4,2021-04-20,131964,8304861,78556,4642749,53389,3364124,19,297988,68290,1824249,0.226962,63314,3409538,0.424194,69396,5233787,0.651157,8037679
4,2021-04-21,135128,8439989,88194,4730943,46873,3410997,61,298049,67901,1826540,0.227247,66789,3476327,0.432504,69080,5302867,0.659751,8037679
4,2021-04-22,142220,8582209,94366,4825309,47829,3458826,25,298074,63403,1812731,0.225529,78379,3554706,0.442255,64570,5367437,0.667784,8037679
4,2021-04-23,135638,8717847,88246,4913555,47366,3506192,26,298100,58710,1796140,0.223465,76530,3631236,0.451777,59939,5427376,0.675242,8037679
4,2021-04-24,99270,8817117,67008,4980563,32210,3538402,52,298152,45641,1789606,0.222652,53310,3684546,0.458409,46776,5474152,0.681061,8037679
4,2021-04-25,50568,8867685,35643,5016206,14899,3553301,26,298178,26375,1792431,0.223004,24034,3708580,0.461399,26859,5501011,0.684403,8037679
4,2021-04-26,92501,8960186,60691,5076897,31407,3584708,403,298581,36272,1774550,0.220779,55897,3764477,0.468354,38016,5539027,0.689133,8037679
4,2021-04-27,114355,9074541,69906,5146803,42124,3626832,2325,300906,41092,1745852,0.217208,72922,3837399,0.477426,44224,5583251,0.694635,8037679
4,2021-04-28,104921,9179462,68540,5215343,33835,3660667,2546,303452,38298,1721111,0.21413,66256,3903655,0.485669,41515,5624766,0.6998,8037679
4,2021-04-29,106327,9285789,67906,5283249,35879,3696546,2542,305994,34275,1686853,0.209868,71680,3975335,0.494587,37422,5662188,0.704456,8037679
4,2021-04-30,106061,9391850,67191,5350440,36154,3732700,2716,308710,36399,1657394,0.206203,69242,4044577,0.503202,39783,5701971,0.709405,8037679
4,2021-05-01,69994,9461844,46452,5396892,21754,3754454,1788,310498,20402,1630932,0.202911,49280,4093857,0.509333,22818,5724789,0.712244,8037679
4,2021-05-02,37829,9499673,26848,5423740,9681,3764135,1300,311798,10591,1615850,0.201034,27111,4120968,0.512706,12029,5736818,0.713741,8037679
4,2021-05-03,79614,9579287,55530,5479270,21582,3785717,2502,314300,19284,1577943,0.196318,60052,4181020,0.520178,22145,5758963,0.716496,8037679
4,2021-05-04,101820,9681107,69698,5548968,29335,3815052,2787,317087,22725,1525070,0.18974,78768,4259788,0.529977,25895,5784858,0.719717,8037679
4,2021-05-05,102686,9783793,72385,5621353,27542,3842594,2759,319846,21873,1469552,0.182833,80455,4340243,0.539987,24937,5809795,0.72282,8037679
4,2021-05-06,112482,9896275,84287,5705640,25240,3867834,2955,322801,19660,1400974,0.174301,92318,4432561,0.551473,23740,5833535,0.725774,8037679
4,2021-05-07,105389,10001664,75762,5781402,26937,3894771,2690,325491,20724,1340536,0.166781,84262,4516823,0.561956,23824,5857359,0.728738,8037679
4,2021-05-08,70170,10071834,48392,5829794,19843,3914614,1935,327426,13844,1300582,0.161811,56078,4572901,0.568933,16124,5873483,0.730744,8037679
4,2021-05-09,34479,10106313,28211,5858005,5320,3919934,948,328374,7450,1282161,0.159519,26912,4599813,0.572281,8491,5881974,0.7318,8037679
4,2021-05-10,65409,10171722,43795,5901800,19284,3939218,2330,330704,11059,1241732,0.154489,54116,4653929,0.579014,13687,5895661,0.733503,8037679
4,2021-05-11,83586,10255308,52316,5954116,29071,3968289,2199,332903,15858,1192869,0.14841,67462,4721391,0.587407,18599,5914260,0.735817,8037679
4,2021-05-12,80119,10335427,53276,6007392,24363,3992652,2480,335383,16637,1149273,0.142986,63164,4784555,0.595266,19568,5933828,0.738251,8037679
4,2021-05-13,105103,10440530,77362,6084754,26203,4018855,1538,336921,40674,1128465,0.140397,64076,4848631,0.603238,43268,5977096,0.743635,8037679
4,2021-05-14,105407,10545937,74424,6159178,28848,4047703,2135,339056,40544,1107167,0.137747,64516,4913147,0.611264,43218,6020314,0.749011,8037679
4,2021-05-15,86057,10631994,66522,6225700,18196,4065899,1339,340395,37949,1098908,0.13672,47848,4960995,0.617217,39589,6059903,0.753937,8037679
4,2021-05-16,51804,10683798,41736,6267436,9350,4075249,718,341113,21243,1090607,0.135687,30403,4991398,0.621,22102,6082005,0.756687,8037679
4,2021-05-17,71454,10755252,52185,6319621,17425,4092674,1844,342957,28207,1077871,0.134102,43026,5034424,0.626353,30290,6112295,0.760455,8037679
4,2021-05-18,82080,10837332,53348,6372969,26975,4119649,1757,344714,29293,1056882,0.131491,52412,5086836,0.632874,31423,6143718,0.764365,8037679
4,2021-05-19,77139,10914471,52133,6425102,23052,4142701,1954,346668,30954,1044209,0.129914,45866,5132702,0.63858,33193,6176911,0.768494,8037679
4,2021-05-20,69365,10983836,44592,6469694,22763,4165464,2010,348678,25700,1028904,0.12801,43362,5176064,0.643975,28057,6204968,0.771985,8037679
4,2021-05-21,74074,11057910,48830,6518524,23364,4188828,1880,350558,26098,1009494,0.125595,47655,5223719,0.649904,28245,6233213,0.775499,8037679
4,2021-05-22,50156,11108066,35181,6553705,13698,4202526,1277,351835,21775,1004576,0.124983,28208,5251927,0.653413,23290,6256503,0.778397,8037679
4,2021-05-23,23998,11132064,17112,6570817,6161,4208687,725,352560,9731,1001005,0.124539,14139,5266066,0.655172,10568,6267071,0.779712,8037679
4,2021-05-24,43260,11175324,27502,6598319,12743,4221430,3015,355575,15131,991456,0.123351,27895,5293961,0.658643,18346,6285417,0.781994,8037679
4,2021-05-25,45078,11220402,28027,6626346,14217,4235647,2834,358409,15925,981542,0.122118,28897,5322858,0.662238,18983,6304400,0.784356,8037679
4,2021-05-26,44718,11265120,26791,6653137,15315,4250962,2612,361021,15857,971551,0.120875,28631,5351489,0.6658,18640,6323040,0.786675,8037679
4,2021-05-27,38971,11304091,23359,6676496,12470,4263432,3142,364163,14647,965391,0.120108,24112,5375601,0.6688,17952,6340992,0.788908,8037679
4,2021-05-28,43435,11347526,27636,6704132,14187,4277619,1612,365775,18899,961862,0.119669,24260,5399861,0.671818,20731,6361723,0.791488,8037679
4,2021-05-29,23724,11371250,15382,6719514,7408,4285027,934,366709,10869,961097,0.119574,12701,5412562,0.673399,11936,6373659,0.792973,8037679
4,2021-05-30,12102,11383352,8497,6728011,3075,4288102,530,367239,5015,959697,0.1194,7012,5419574,0.674271,5612,6379271,0.793671,8037679
4,2021-05-31,3618,11386970,2298,6730309,1156,4289258,164,367403,1155,958630,0.119267,2407,5421981,0.67457,1340,6380611,0.793837,8037679
4,2021-06-01,39500,11426470,24535,6754844,12519,4301777,2446,369849,13003,948031,0.117948,26263,5448244,0.677838,15664,6396275,0.795786,8037679
4,2021-06-02,32660,11459130,20388,6775232,9463,4311240,2809,372658,10873,940261,0.116982,21597,5469841,0.680525,13827,6410102,0.797507,8037679
4,2021-06-03,48134,11507264,36916,6812148,8757,4319997,2461,375119,10313,915707,0.113927,37641,5507482,0.685208,13087,6423189,0.799135,8037679
4,2021-06-04,54854,11562118,44152,6856300,9372,4329369,1330,376449,12694,888630,0.110558,41913,5549395,0.690423,14836,6438025,0.800981,8037679
4,2021-06-05,44852,11606970,38398,6894698,5457,4334826,997,377446,8713,862663,0.107327,35979,5585374,0.694899,10012,6448037,0.802226,8037679
4,2021-06-06,21253,11628223,18958,6913656,1730,4336556,565,378011,3916,850314,0.105791,17229,5602603,0.697042,4880,6452917,0.802833,8037679
4,2021-06-07,38740,11666963,31338,6944994,5470,4342026,1932,379943,8380,830699,0.103351,30219,5632822,0.700802,10604,6463521,0.804153,8037679
4,2021-06-08,40637,11707600,31874,6976868,6214,4348240,2549,382492,9412,811970,0.10102,31031,5663853,0.704663,12302,6475823,0.805683,8037679
4,2021-06-09,38964,11746564,30884,7007752,5713,4353953,2367,384859,7913,791726,0.098502,30878,5694731,0.708504,10634,6486457,0.807006,8037679
4,2021-06-10,37161,11783725,29270,7037022,5266,4359219,2625,387484,8376,774368,0.096342,28622,5723353,0.712065,11264,6497721,0.808408,8037679
4,2021-06-11,38330,11822055,30067,7067089,6245,4365464,2018,389502,9848,758265,0.094339,28319,5751672,0.715589,12216,6509937,0.809927,8037679
4,2021-06-12,26583,11848638,22105,7089194,3764,4369228,714,390216,6010,744746,0.092657,20462,5772134,0.718134,6943,6516880,0.810791,8037679
4,2021-06-13,10837,11859475,8560,7097754,1800,4371028,477,390693,2267,739098,0.091954,8501,5780635,0.719192,2853,6519733,0.811146,8037679
4,2021-06-14,28581,11888056,21370,7119124,4403,4375431,2808,393501,7757,729198,0.090722,20682,5801317,0.721765,10782,6530515,0.812488,8037679
4,2021-06-15,29956,11918012,21164,7140288,5385,4380816,3407,396908,8266,719606,0.089529,21521,5822838,0.724443,11929,6542444,0.813972,8037679
4,2021-06-16,26587,11944599,20029,7160317,3933,4384749,2625,399533,7991,712021,0.088585,18410,5841248,0.726733,10825,6553269,0.815319,8037679
4,2021-06-17,25148,11969747,18560,7178877,3691,4388440,2897,402430,7598,705349,0.087755,17360,5858608,0.728893,10688,6563957,0.816648,8037679
4,2021-06-18,26761,11996508,21101,7199978,4427,4392867,1233,403663,8247,696767,0.086688,18309,5876917,0.731171,9727,6573684,0.817858,8037679
4,2021-06-19,15770,12012278,12755,7212733,2308,4395175,707,404370,5057,692138,0.086112,10564,5887481,0.732485,5935,6579619,0.818597,8037679
4,2021-06-20,7363,12019641,6061,7218794,995,4396170,307,404677,2617,690459,0.085903,4687,5892168,0.733068,3008,6582627,0.818971,8037679
4,2021-06-21,14598,12034239,10549,7229343,2909,4399079,1140,405817,7332,691918,0.086084,7174,5899342,0.733961,8633,6591260,0.820045,8037679
4,2021-06-22,20500,12054739,15962,7245305,3458,4402537,1080,406897,7107,686994,0.085472,13262,5912604,0.735611,8338,6599598,0.821083,8037679
4,2021-06-23,18414,12073153,14445,7259750,2973,4405510,996,407893,6708,683258,0.085007,11565,5924169,0.73705,7829,6607427,0.822057,8037679
4,2021-06-24,17601,12090754,13605,7273355,3005,4408515,991,408884,6566,680071,0.08461,10878,5935047,0.738403,7691,6615118,0.823013,8037679
4,2021-06-25,21573,12112327,16940,7290295,3584,4412099,1049,409933,7804,675464,0.084037,13628,5948675,0.740099,9021,6624139,0.824136,8037679
4,2021-06-26,13092,12125419,10656,7300951,1818,4413917,618,410551,4815,672855,0.083713,8153,5956828,0.741113,5544,6629683,0.824826,8037679
4,2021-06-27,6846,12132265,5544,7306495,959,4414876,343,410894,2875,672197,0.083631,3931,5960759,0.741602,3273,6632956,0.825233,8037679
4,2021-06-28,15080,12147345,12655,7319150,1568,4416444,857,411751,6044,670286,0.083393,8938,5969697,0.742714,7027,6639983,0.826107,8037679
4,2021-06-29,16476,12163821,12779,7331929,2885,4419329,812,412563,6340,667545,0.083052,10015,5979712,0.74396,7274,6647257,0.827012,8037679
4,2021-06-30,14596,12178417,11379,7343308,2480,4421809,737,413300,6051,666037,0.082864,8414,5988126,0.745007,6906,6654163,0.827871,8037679
4,2021-07-01,14471,12192888,11408,7354716,2318,4424127,745,414045,5926,664423,0.082664,8422,5996548,0.746055,6808,6660971,0.828718,8037679
4,2021-07-02,16788,12209676,13311,7368027,2712,4426839,765,414810,6859,662351,0.082406,9824,6006372,0.747277,7752,6668723,0.829683,8037679
4,2021-07-03,9179,12218855,7285,7375312,1486,4428325,408,415218,3974,661666,0.082321,5125,6011497,0.747915,4440,6673163,0.830235,8037679
4,2021-07-04,439,12219294,274,7375586,105,4428430,60,415278,194,661692,0.082324,239,6011736,0.747944,265,6673428,0.830268,8037679
4,2021-07-05,9180,12228474,7464,7383050,1300,4429730,416,415694,4159,661374,0.082284,4942,6016678,0.748559,4624,6678052,0.830843,8037679
4,2021-07-06,16475,12244949,12972,7396022,2702,4432432,801,416495,6063,658064,0.081872,10286,6026964,0.749839,6976,6685028,0.831711,8037679
4,2021-07-07,13739,12258688,10720,7406742,2240,4434672,779,417274,5182,655701,0.081578,8446,6035410,0.75089,6083,6691111,0.832468,8037679
4,2021-07-08,13209,12271897,10317,7417059,2063,4436735,829,418103,5181,653897,0.081354,7904,6043314,0.751873,6100,6697211,0.833227,8037679
4,2021-07-09,15416,12287313,11821,7428880,2658,4439393,937,419040,6266,652215,0.081145,9001,6052315,0.752993,7319,6704530,0.834138,8037679
4,2021-07-10,8838,12296151,6991,7435871,1447,4440840,400,419440,3708,651340,0.081036,5043,6057358,0.75362,4168,6708698,0.834656,8037679
4,2021-07-11,4972,12301123,3978,7439849,793,4441633,201,419641,2227,651096,0.081005,2702,6060060,0.753956,2458,6711156,0.834962,8037679
4,2021-07-12,13026,12314149,10315,7450164,1993,4443626,718,420359,5060,649089,0.080756,7888,6067948,0.754938,5881,6717037,0.835694,8037679
4,2021-07-13,12807,12326956,9802,7459966,2373,4445999,632,420991,5451,648020,0.080623,7248,6075196,0.75584,6179,6723216,0.836462,8037679
4,2021-07-14,11700,12338656,9211,7469177,1939,4447938,550,421541,5060,647151,0.080515,6547,6081743,0.756654,5678,6728894,0.837169,8037679
4,2021-07-15,12411,12351067,9861,7479038,1964,4449902,586,422127,5642,646808,0.080472,6643,6088386,0.757481,6300,6735194,0.837953,8037679
4,2021-07-16,14992,12366059,11693,7490731,2631,4452533,668,422795,6922,646536,0.080438,7969,6096355,0.758472,7697,6742891,0.83891,8037679
4,2021-07-17,9359,12375418,7397,7498128,1637,4454170,325,423120,4431,646507,0.080435,4828,6101183,0.759073,4799,6747690,0.839507,8037679
4,2021-07-18,5343,12380761,4300,7502428,843,4455013,200,423320,2526,646496,0.080433,2758,6103941,0.759416,2747,6750437,0.839849,8037679
4,2021-07-19,12805,12393566,10150,7512578,2002,4457015,653,423973,6086,646687,0.080457,6627,6110568,0.76024,6818,6757255,0.840697,8037679
4,2021-07-20,13736,12407302,10593,7523171,2479,4459494,664,424637,6772,647387,0.080544,6818,6117386,0.761089,7518,6764773,0.841633,8037679
4,2021-07-21,12817,12420119,9940,7533111,2228,4461722,649,425286,6378,648169,0.080641,6302,6123688,0.761873,7084,6771857,0.842514,8037679
4,2021-07-22,13474,12433593,10516,7543627,2302,4464024,656,425942,7022,649590,0.080818,6319,6130007,0.762659,7740,6779597,0.843477,8037679
4,2021-07-23,15689,12449282,12110,7555737,2887,4466911,692,426634,8237,651324,0.081034,7281,6137288,0.763565,9015,6788612,0.844599,8037679
4,2021-07-24,9561,12458843,7490,7563227,1745,4468656,326,426960,4924,652126,0.081134,4499,6141787,0.764124,5301,6793913,0.845258,8037679
4,2021-07-25,4755,12463598,3740,7566967,857,4469513,158,427118,3352,654305,0.081405,1346,6143133,0.764292,3525,6797438,0.845697,8037679
4,2021-07-26,12950,12476548,10137,7577104,2135,4471648,678,427796,7541,657314,0.081779,5265,6148398,0.764947,8274,6805712,0.846726,8037679
4,2021-07-27,14309,12490857,10965,7588069,2585,4474233,759,428555,7724,659407,0.082039,6430,6154828,0.765747,8523,6814235,0.847786,8037679
4,2021-07-28,13179,12504036,10059,7598128,2421,4476654,699,429254,7317,661787,0.082336,5692,6160520,0.766455,8072,6822307,0.848791,8037679
4,2021-07-29,13479,12517515,10485,7608613,2282,4478936,712,429966,7573,664472,0.08267,5679,6166199,0.767162,8364,6830671,0.849831,8037679
4,2021-07-30,15775,12533290,12099,7620712,2887,4481823,789,430755,8576,667104,0.082997,6836,6173035,0.768012,9468,6840139,0.851009,8037679
4,2021-07-31,9737,12543027,7600,7628312,1718,4483541,419,431174,5513,669051,0.083239,4026,6177061,0.768513,5973,6846112,0.851752,8037679
4,2021-08-01,5425,12548452,4484,7632796,774,4484315,167,431341,3209,670351,0.083401,2110,6179171,0.768776,3410,6849522,0.852177,8037679
4,2021-08-02,14038,12562490,11214,7644010,2086,4486401,738,432079,8200,673731,0.083822,5627,6184798,0.769476,9007,6858529,0.853297,8037679
4,2021-08-03,14665,12577155,11273,7655283,2632,4489033,760,432839,8443,677012,0.08423,5997,6190795,0.770222,9278,6867807,0.854452,8037679
4,2021-08-04,13347,12590502,10399,7665682,2258,4491291,690,433529,7552,679713,0.084566,5583,6196378,0.770916,8284,6876091,0.855482,8037679
4,2021-08-05,14315,12604817,11303,7676985,2249,4493540,763,434292,8055,682572,0.084922,6009,6202387,0.771664,8868,6884959,0.856585,8037679
4,2021-08-06,17154,12621971,13189,7690174,3105,4496645,860,435152,9572,685810,0.085324,7263,6209650,0.772568,10501,6895460,0.857892,8037679
4,2021-08-07,10163,12632134,8080,7698254,1644,4498289,439,435591,5542,687392,0.085521,4440,6214090,0.77312,6022,6901482,0.858641,8037679
4,2021-08-08,6226,12638360,4953,7703207,1072,4499361,201,435792,3594,688721,0.085687,2496,6216586,0.77343,3825,6905307,0.859117,8037679
4,2021-08-09,14527,12652887,11774,7714981,2019,4501380,734,436526,7775,690778,0.085942,6528,6223114,0.774243,8585,6913892,0.860185,8037679
4,2021-08-10,14754,12667641,11381,7726362,2635,4504015,738,437264,7815,692700,0.086182,6695,6229809,0.775076,8617,6922509,0.861257,8037679
4,2021-08-11,12512,12680153,9601,7735963,2159,4506174,752,438016,6526,694275,0.086378,5733,6235542,0.775789,7308,6929817,0.862166,8037679
4,2021-08-12,13957,12694110,10640,7746603,2584,4508758,733,438749,7202,695830,0.086571,6425,6241967,0.776588,7980,6937797,0.863159,8037679
4,2021-08-13,17448,12711558,12970,7759573,3634,4512392,844,439593,8623,697204,0.086742,8176,6250143,0.777605,9550,6947347,0.864347,8037679
4,2021-08-14,12120,12723678,8645,7768218,2979,4515371,496,440089,5512,698336,0.086883,4936,6255079,0.77822,6068,6953415,0.865102,8037679
4,2021-08-15,7361,12731039,5392,7773610,1755,4517126,214,440303,3268,698987,0.086964,2872,6257951,0.778577,3523,6956938,0.865541,8037679
4,2021-08-16,6797,12737836,4788,7778398,1282,4518408,727,441030,2864,699220,0.086993,3425,6261376,0.779003,3658,6960596,0.865996,8037679
