vemquartile,administered_date,total_doses,cumulative_total_doses,pfizer_doses,cumulative_pfizer_doses,moderna_doses,cumulative_moderna_doses,jj_doses,cumulative_jj_doses,partially_vaccinated,total_partially_vaccinated,pct_age12pop_partially_vaccinated,fully_vaccinated,cumulative_fully_vaccinated,pct_age12pop_fully_vaccinated,at_least_one_dose,cumulative_at_least_one_dose,pct_age12pop_at_least_one_dose,age12_population
1,2020-12-15,156,156,156,156,0,0,0,0,156,156,1.8e-05,0,0,0.0,156,156,1.8e-05,8700223
1,2020-12-16,1261,1417,1261,1417,0,0,0,0,1261,1417,0.000163,0,0,0.0,1261,1417,0.000163,8700223
1,2020-12-17,4164,5581,4164,5581,0,0,0,0,4166,5583,0.000642,0,0,0.0,4166,5583,0.000642,8700223
1,2020-12-18,6402,11983,6378,11959,24,24,0,0,6407,11989,0.001378,1,1,0.0,6407,11990,0.001378,8700223
1,2020-12-19,2892,14875,2889,14848,3,27,0,0,2891,14879,0.00171,1,2,0.0,2891,14881,0.00171,8700223
1,2020-12-20,2136,17011,2124,16972,12,39,0,0,2138,17017,0.001956,0,2,0.0,2138,17019,0.001956,8700223
1,2020-12-21,7696,24707,7676,24648,20,59,0,0,7744,24761,0.002846,1,3,0.0,7745,24764,0.002846,8700223
1,2020-12-22,7368,32075,7017,31665,351,410,0,0,7368,32127,0.003693,2,5,1e-06,7368,32132,0.003693,8700223
1,2020-12-23,7931,40006,6650,38315,1281,1691,0,0,7929,40055,0.004604,2,7,1e-06,7930,40062,0.004605,8700223
1,2020-12-24,3317,43323,2363,40678,954,2645,0,0,3316,43371,0.004985,0,7,1e-06,3316,43378,0.004986,8700223
1,2020-12-25,239,43562,155,40833,84,2729,0,0,239,43610,0.005013,0,7,1e-06,239,43617,0.005013,8700223
1,2020-12-26,1376,44938,978,41811,398,3127,0,0,1375,44984,0.00517,1,8,1e-06,1375,44992,0.005171,8700223
1,2020-12-27,881,45819,547,42358,334,3461,0,0,881,45864,0.005272,1,9,1e-06,881,45873,0.005273,8700223
1,2020-12-28,7141,52960,4795,47153,2346,5807,0,0,7138,53002,0.006092,0,9,1e-06,7138,53011,0.006093,8700223
1,2020-12-29,9077,62037,5055,52208,4022,9829,0,0,9072,62072,0.007135,2,11,1e-06,9072,62083,0.007136,8700223
1,2020-12-30,11770,73807,6550,58758,5220,15049,0,0,11766,73835,0.008487,3,14,2e-06,11766,73849,0.008488,8700223
1,2020-12-31,6050,79857,1967,60725,4083,19132,0,0,6047,79878,0.009181,5,19,2e-06,6048,79897,0.009183,8700223
1,2021-01-01,648,80505,264,60989,384,19516,0,0,644,80520,0.009255,2,21,2e-06,644,80541,0.009257,8700223
1,2021-01-02,2943,83448,1777,62766,1166,20682,0,0,2943,83463,0.009593,0,21,2e-06,2943,83484,0.009596,8700223
1,2021-01-03,1064,84512,557,63323,507,21189,0,0,1062,84522,0.009715,3,24,3e-06,1062,84546,0.009718,8700223
1,2021-01-04,7420,91932,3610,66933,3810,24999,0,0,7423,91943,0.010568,2,26,3e-06,7423,91969,0.010571,8700223
1,2021-01-05,10995,102927,5302,72235,5693,30692,0,0,10190,101372,0.011652,787,813,9.3e-05,10216,102185,0.011745,8700223
1,2021-01-06,14182,117109,7104,79339,7078,37770,0,0,12224,111693,0.012838,1921,2734,0.000314,12242,114427,0.013152,8700223
1,2021-01-07,17639,134748,9168,88507,8471,46241,0,0,13119,120397,0.013838,4428,7162,0.000823,13132,127559,0.014662,8700223
1,2021-01-08,20235,154983,10472,98979,9763,56004,0,0,14255,128710,0.014794,5962,13124,0.001508,14275,141834,0.016302,8700223
1,2021-01-09,6709,161692,3418,102397,3291,59295,0,0,4828,131667,0.015134,1874,14998,0.001724,4831,146665,0.016858,8700223
1,2021-01-10,3114,164806,1777,104174,1337,60632,0,0,1912,132391,0.015217,1189,16187,0.001861,1913,148578,0.017077,8700223
1,2021-01-11,18214,183020,11899,116073,6315,66947,0,0,11578,137397,0.015792,6617,22804,0.002621,11623,160201,0.018413,8700223
1,2021-01-12,19251,202271,11021,127094,8230,75177,0,0,13180,144591,0.016619,6032,28836,0.003314,13226,173427,0.019934,8700223
1,2021-01-13,19907,222178,10763,137857,9144,84321,0,0,14727,154184,0.017722,5154,33990,0.003907,14747,188174,0.021629,8700223
1,2021-01-14,22196,244374,9540,147397,12656,96977,0,0,19346,170815,0.019633,2780,36770,0.004226,19411,207585,0.02386,8700223
1,2021-01-15,25307,269681,9272,156669,16035,113012,0,0,23340,192302,0.022103,1923,38693,0.004447,23410,230995,0.02655,8700223
1,2021-01-16,13962,283643,4575,161244,9387,122399,0,0,13061,204475,0.023502,893,39586,0.00455,13066,244061,0.028052,8700223
1,2021-01-17,5211,288854,2041,163285,3170,125569,0,0,4835,208938,0.024015,375,39961,0.004593,4838,248899,0.028608,8700223
1,2021-01-18,14432,303286,8663,171948,5769,131338,0,0,11211,217001,0.024942,3207,43168,0.004962,11270,260169,0.029904,8700223
1,2021-01-19,24838,328124,12943,184891,11895,143233,0,0,19532,231312,0.026587,5279,48447,0.005568,19590,279759,0.032155,8700223
1,2021-01-20,29511,357635,14775,199666,14736,157969,0,0,23539,249008,0.028621,5887,54334,0.006245,23583,303342,0.034866,8700223
1,2021-01-21,31391,389026,14811,214477,16580,174549,0,0,27989,273774,0.031467,3329,57663,0.006628,28095,331437,0.038095,8700223
1,2021-01-22,28517,417543,11353,225830,17164,191713,0,0,26404,298160,0.03427,2048,59711,0.006863,26434,357871,0.041134,8700223
1,2021-01-23,18728,436271,8213,234043,10515,202228,0,0,16754,312981,0.035974,1944,61655,0.007087,16765,374636,0.043061,8700223
1,2021-01-24,6684,442955,4166,238209,2518,204746,0,0,6018,318346,0.036591,658,62313,0.007162,6023,380659,0.043753,8700223
1,2021-01-25,25602,468557,10578,248787,15024,219770,0,0,19733,332374,0.038203,5820,68133,0.007831,19848,400507,0.046034,8700223
1,2021-01-26,28946,497503,13580,262367,15366,235136,0,0,22120,347757,0.039971,6764,74897,0.008609,22147,422654,0.04858,8700223
1,2021-01-27,32815,530318,15629,277996,17186,252322,0,0,24571,364246,0.041866,8173,83070,0.009548,24662,447316,0.051414,8700223
1,2021-01-28,35092,565410,16533,294529,18559,270881,0,0,28002,385359,0.044293,7020,90090,0.010355,28133,475449,0.054648,8700223
1,2021-01-29,33870,599280,16560,311089,17310,288191,0,0,27134,406005,0.046666,6586,96676,0.011112,27232,502681,0.057778,8700223
1,2021-01-30,20228,619508,8755,319844,11473,299664,0,0,17994,421884,0.048491,2201,98877,0.011365,18080,520761,0.059856,8700223
1,2021-01-31,7735,627243,5030,324874,2705,302369,0,0,7009,428179,0.049215,717,99594,0.011447,7012,527773,0.060662,8700223
1,2021-02-01,29241,656484,12623,337497,16618,318987,0,0,21322,441643,0.050762,7868,107462,0.012352,21332,549105,0.063114,8700223
1,2021-02-02,32884,689368,11880,349377,21004,339991,0,0,24540,457966,0.052638,8255,115717,0.0133,24578,573683,0.065939,8700223
1,2021-02-03,39776,729144,15291,364668,24485,364476,0,0,28514,475495,0.054653,11087,126804,0.014575,28616,602299,0.069228,8700223
1,2021-02-04,44244,773388,17225,381893,27019,391495,0,0,31785,495067,0.056903,12329,139133,0.015992,31901,634200,0.072895,8700223
1,2021-02-05,47102,820490,17207,399100,29895,421390,0,0,30718,509674,0.058582,16230,155363,0.017857,30837,665037,0.076439,8700223
1,2021-02-06,26684,847174,10566,409666,16118,437508,0,0,20683,524479,0.060283,5951,161314,0.018541,20756,685793,0.078825,8700223
1,2021-02-07,6323,853497,4071,413737,2252,439760,0,0,4667,527532,0.060634,1633,162947,0.018729,4686,690479,0.079363,8700223
1,2021-02-08,31827,885324,14525,428262,17302,457062,0,0,21144,538203,0.061861,10577,173524,0.019945,21248,711727,0.081806,8700223
1,2021-02-09,38689,924013,17053,445315,21636,478698,0,0,23767,547203,0.062895,14883,188407,0.021655,23883,735610,0.084551,8700223
1,2021-02-10,47510,971523,22209,467524,25301,503999,0,0,26958,553850,0.063659,20408,208815,0.024001,27055,762665,0.08766,8700223
1,2021-02-11,52218,1023741,25533,493057,26685,530684,0,0,31033,564143,0.064842,20866,229681,0.026399,31159,793824,0.091242,8700223
1,2021-02-12,50273,1074014,21641,514698,28632,559316,0,0,28792,571772,0.065719,21308,250989,0.028849,28937,822761,0.094568,8700223
1,2021-02-13,26513,1100527,11540,526238,14973,574289,0,0,15270,575950,0.066199,11173,262162,0.030133,15351,838112,0.096332,8700223
1,2021-02-14,11808,1112335,5583,531821,6225,580514,0,0,6709,577661,0.066396,5068,267230,0.030715,6779,844891,0.097111,8700223
1,2021-02-15,24053,1136388,9450,541271,14603,595117,0,0,14602,583055,0.067016,9325,276555,0.031787,14719,859610,0.098803,8700223
1,2021-02-16,47332,1183720,22568,563839,24764,619881,0,0,27490,590921,0.06792,19749,296304,0.034057,27615,887225,0.101977,8700223
1,2021-02-17,48678,1232398,24673,588512,24005,643886,0,0,26121,594799,0.068366,22396,318700,0.036631,26274,913499,0.104997,8700223
1,2021-02-18,51313,1283711,25707,614219,25606,669492,0,0,26502,596992,0.068618,24552,343252,0.039453,26745,940244,0.108071,8700223
1,2021-02-19,46798,1330509,25373,639592,21425,690917,0,0,26116,602661,0.06927,20512,363764,0.041811,26181,966425,0.11108,8700223
1,2021-02-20,27875,1358384,16924,656516,10951,701868,0,0,15862,606667,0.06973,11943,375707,0.043184,15949,982374,0.112914,8700223
1,2021-02-21,12481,1370865,10714,667230,1767,703635,0,0,7479,609262,0.070028,4937,380644,0.043751,7532,989906,0.113779,8700223
1,2021-02-22,31731,1402596,20807,688037,10924,714559,0,0,18166,614081,0.070582,13457,394101,0.045298,18276,1008182,0.11588,8700223
1,2021-02-23,45938,1448534,22367,710404,23571,738130,0,0,25142,619101,0.071159,20494,414595,0.047653,25514,1033696,0.118813,8700223
1,2021-02-24,55948,1504482,27007,737411,28941,767071,0,0,30711,625285,0.07187,24985,439580,0.050525,31169,1064865,0.122395,8700223
1,2021-02-25,68627,1573109,33364,770775,35263,802334,0,0,42408,642220,0.073816,25977,465557,0.053511,42912,1107777,0.127327,8700223
1,2021-02-26,76703,1649812,35976,806751,40727,843061,0,0,50019,666362,0.076591,26363,491920,0.056541,50505,1158282,0.133132,8700223
1,2021-02-27,52869,1702681,24311,831062,28548,871609,10,10,34648,683288,0.078537,18004,509924,0.05861,34930,1193212,0.137147,8700223
1,2021-02-28,20335,1723016,12090,843152,8243,879852,2,12,14853,692903,0.079642,5384,515308,0.059229,14999,1208211,0.138871,8700223
1,2021-03-01,46470,1769486,21506,864658,24899,904751,65,77,29796,706549,0.08121,16466,531774,0.061122,30112,1238323,0.142332,8700223
1,2021-03-02,64953,1834439,28065,892723,36876,941627,12,89,41283,725014,0.083333,23480,555254,0.063821,41945,1280268,0.147153,8700223
1,2021-03-03,72227,1906666,34357,927080,37838,979465,32,121,43846,741360,0.085212,28144,583398,0.067056,44490,1324758,0.152267,8700223
1,2021-03-04,80173,1986839,37551,964631,42585,1022050,37,158,51314,764621,0.087885,28608,612006,0.070344,51869,1376627,0.158229,8700223
1,2021-03-05,79346,2066185,35795,1000426,43343,1065393,208,366,52832,792110,0.091045,26202,638208,0.073355,53691,1430318,0.1644,8700223
1,2021-03-06,58009,2124194,27508,1027934,29154,1094547,1347,1713,39173,814304,0.093596,18689,656897,0.075503,40883,1471201,0.169099,8700223
1,2021-03-07,21024,2145218,13061,1040995,6766,1101313,1197,2910,15538,825828,0.09492,5460,662357,0.076131,16984,1488185,0.171051,8700223
1,2021-03-08,46232,2191450,22551,1063546,21724,1123037,1957,4867,32330,846660,0.097315,13786,676143,0.077716,34618,1522803,0.17503,8700223
1,2021-03-09,67142,2258592,32533,1096079,32089,1155126,2520,7387,41281,865112,0.099436,25675,701818,0.080667,44127,1566930,0.180102,8700223
1,2021-03-10,74128,2332720,36854,1132933,32762,1187888,4512,11899,45505,886996,0.101951,28473,730291,0.083939,50357,1617287,0.18589,8700223
1,2021-03-11,90376,2423096,41467,1174400,40873,1228761,8036,19935,52443,910233,0.104622,37676,767967,0.08827,60913,1678200,0.192892,8700223
1,2021-03-12,99240,2522336,43794,1218194,43125,1271886,12321,32256,57891,939752,0.108015,41106,809073,0.092995,70625,1748825,0.201009,8700223
1,2021-03-13,65366,2587702,29406,1247600,28236,1300122,7724,39980,41504,965549,0.11098,23716,832789,0.09572,49513,1798338,0.2067,8700223
1,2021-03-14,28004,2615706,14988,1262588,9445,1309567,3571,43551,15670,972715,0.111803,12251,845040,0.097129,19417,1817755,0.208932,8700223
1,2021-03-15,65318,2681024,28787,1291375,29786,1339353,6745,50296,38418,991546,0.113968,26666,871706,0.100194,45497,1863252,0.214161,8700223
1,2021-03-16,85845,2766869,39095,1330470,41092,1380445,5658,55954,53083,1018089,0.117019,32531,904237,0.103933,59074,1922326,0.220951,8700223
1,2021-03-17,93327,2860196,45518,1375988,41260,1421705,6549,62503,59950,1051813,0.120895,33118,937355,0.107739,66842,1989168,0.228634,8700223
1,2021-03-18,98969,2959165,51012,1427000,42234,1463939,5723,68226,59712,1078848,0.124002,38875,976230,0.112207,65910,2055078,0.23621,8700223
1,2021-03-19,103903,3063068,53853,1480853,43832,1507771,6218,74444,60585,1103170,0.126798,42990,1019220,0.117149,67312,2122390,0.243947,8700223
1,2021-03-20,72814,3135882,37195,1518048,30396,1538167,5223,79667,46650,1129346,0.129807,25962,1045182,0.120133,52138,2174528,0.249939,8700223
1,2021-03-21,27430,3163312,19070,1537118,6548,1544715,1812,81479,17047,1138012,0.130803,10279,1055461,0.121314,18945,2193473,0.252117,8700223
1,2021-03-22,59346,3222658,30689,1567807,25380,1570095,3277,84756,39840,1162218,0.133585,19274,1074735,0.12353,43480,2236953,0.257114,8700223
1,2021-03-23,83643,3306301,42588,1610395,37397,1607492,3658,88414,51170,1185293,0.136237,32197,1106932,0.12723,55272,2292225,0.263467,8700223
1,2021-03-24,88597,3394898,44749,1655144,39459,1646951,4389,92803,52667,1206899,0.13872,35602,1142534,0.131322,57208,2349433,0.270043,8700223
1,2021-03-25,97585,3492483,49885,1705029,41825,1688776,5875,98678,53956,1223661,0.140647,43265,1185799,0.136295,60027,2409460,0.276942,8700223
1,2021-03-26,105951,3598434,51510,1756539,48093,1736869,6348,105026,56694,1238130,0.14231,48865,1234664,0.141912,63334,2472794,0.284222,8700223
1,2021-03-27,74602,3673036,38473,1795012,31897,1768766,4232,109258,38329,1244856,0.143083,36025,1270689,0.146052,42751,2515545,0.289136,8700223
1,2021-03-28,32911,3705947,21523,1816535,10166,1778932,1222,110480,16458,1246650,0.143289,16332,1287021,0.14793,18126,2533671,0.291219,8700223
1,2021-03-29,68789,3774736,33871,1850406,31752,1810684,3166,113646,37839,1257159,0.144497,30705,1317726,0.151459,41214,2574885,0.295956,8700223
1,2021-03-30,93760,3868496,45827,1896233,41503,1852187,6430,120076,48053,1266243,0.145541,45460,1363186,0.156684,54544,2629429,0.302225,8700223
1,2021-03-31,102161,3970657,53072,1949305,42826,1895013,6263,126339,55946,1282630,0.147425,45858,1409044,0.161955,62245,2691674,0.30938,8700223
1,2021-04-01,113776,4084433,54215,2003520,50698,1945711,8863,135202,57688,1293636,0.14869,55562,1464606,0.168341,66568,2758242,0.317031,8700223
1,2021-04-02,113010,4197443,51492,2055012,51744,1997455,9774,144976,57261,1305577,0.150062,55299,1519905,0.174697,67240,2825482,0.32476,8700223
1,2021-04-03,78584,4276027,39368,2094380,29493,2026948,9723,154699,36833,1310634,0.150644,41543,1561448,0.179472,46600,2872082,0.330116,8700223
1,2021-04-04,23812,4299839,11867,2106247,8460,2035408,3485,158184,9902,1310179,0.150591,13827,1575275,0.181061,13372,2885454,0.331653,8700223
1,2021-04-05,77788,4377627,36933,2143180,31423,2066831,9432,167616,34887,1311969,0.150797,42662,1617937,0.185965,44452,2929906,0.336762,8700223
1,2021-04-06,104832,4482459,49499,2192679,38585,2105416,16748,184364,47358,1318925,0.151597,57139,1675076,0.192533,64095,2994001,0.344129,8700223
1,2021-04-07,112972,4595431,54644,2247323,40599,2146015,17729,202093,50867,1325747,0.152381,61753,1736829,0.19963,68575,3062576,0.352011,8700223
1,2021-04-08,123402,4718833,58284,2305607,43922,2189937,21196,223289,54456,1332912,0.153204,68489,1805318,0.207502,75654,3138230,0.360707,8700223
1,2021-04-09,124448,4843281,56660,2362267,46836,2236773,20952,244241,54554,1338918,0.153895,69496,1874814,0.21549,75502,3213732,0.369385,8700223
1,2021-04-10,97074,4940355,43189,2405456,30967,2267740,22918,267159,38472,1341851,0.154232,58366,1933180,0.222199,61299,3275031,0.376431,8700223
1,2021-04-11,36783,4977138,20436,2425892,9455,2277195,6892,274051,14884,1341897,0.154237,21819,1954999,0.224707,21865,3296896,0.378944,8700223
1,2021-04-12,75338,5052476,33617,2459509,31626,2308821,10095,284146,31992,1341077,0.154143,43026,1998025,0.229652,42206,3339102,0.383795,8700223
1,2021-04-13,98391,5150867,52525,2512034,45529,2354350,337,284483,53036,1349781,0.155143,45026,2043051,0.234827,53730,3392832,0.389971,8700223
1,2021-04-14,105271,5256138,54445,2566479,50746,2405096,80,284563,53414,1352202,0.155422,51443,2094494,0.24074,53864,3446696,0.396162,8700223
1,2021-04-15,105991,5362129,57561,2624040,48338,2453434,92,284655,56075,1359254,0.156232,49296,2143790,0.246406,56348,3503044,0.402638,8700223
1,2021-04-16,111240,5473369,57013,2681053,54136,2507570,91,284746,55456,1359787,0.156293,55208,2198998,0.252752,55741,3558785,0.409045,8700223
1,2021-04-17,83539,5556908,45342,2726395,38185,2545755,12,284758,46493,1369684,0.157431,36775,2235773,0.256979,46672,3605457,0.41441,8700223
1,2021-04-18,30585,5587493,20700,2747095,9878,2555633,7,284765,15286,1369985,0.157466,15203,2250976,0.258726,15504,3620961,0.416192,8700223
1,2021-04-19,67061,5654554,33898,2780993,33149,2588782,14,284779,30144,1363751,0.156749,36521,2287497,0.262924,30287,3651248,0.419673,8700223
1,2021-04-20,88363,5742917,44430,2825423,43908,2632690,25,284804,41035,1358081,0.156097,46931,2334428,0.268318,41261,3692509,0.424415,8700223
1,2021-04-21,97864,5840781,50988,2876411,46772,2679462,104,284908,43554,1348298,0.154973,53691,2388119,0.274489,43908,3736417,0.429462,8700223
1,2021-04-22,97690,5938471,51002,2927413,46669,2726131,19,284927,44617,1340630,0.154091,52525,2440644,0.280527,44857,3781274,0.434618,8700223
1,2021-04-23,102947,6041418,53122,2980535,49796,2775927,29,284956,48819,1336155,0.153577,53563,2494207,0.286683,49088,3830362,0.44026,8700223
1,2021-04-24,76731,6118149,47504,3028039,29199,2805126,28,284984,43149,1346197,0.154731,33400,2527607,0.290522,43442,3873804,0.445253,8700223
1,2021-04-25,27446,6145595,17466,3045505,9964,2815090,16,285000,15614,1350272,0.1552,11697,2539304,0.291867,15772,3889576,0.447066,8700223
1,2021-04-26,66443,6212038,34800,3080305,31235,2846325,408,285408,31365,1347646,0.154898,34737,2574041,0.295859,32111,3921687,0.450757,8700223
1,2021-04-27,81805,6293843,43408,3123713,37090,2883415,1307,286715,35313,1338444,0.15384,46167,2620208,0.301166,36965,3958652,0.455006,8700223
1,2021-04-28,81589,6375432,43319,3167032,36758,2920173,1512,288227,35608,1330192,0.152892,45596,2665804,0.306406,37344,3995996,0.459298,8700223
1,2021-04-29,85119,6460551,46788,3213820,36700,2956873,1631,289858,34514,1316317,0.151297,50190,2715994,0.312175,36315,4032311,0.463472,8700223
1,2021-04-30,92731,6553282,50141,3263961,40688,2997561,1902,291760,38486,1303002,0.149767,53859,2769853,0.318366,40544,4072855,0.468132,8700223
1,2021-05-01,63914,6617196,41126,3305087,21353,3018914,1435,293195,26898,1294827,0.148827,36722,2806575,0.322587,28547,4101402,0.471413,8700223
1,2021-05-02,23517,6640713,16662,3321749,6272,3025186,583,293778,9432,1290905,0.148376,13966,2820541,0.324192,10044,4111446,0.472568,8700223
1,2021-05-03,56504,6697217,31267,3353016,23378,3048564,1859,295637,20438,1277466,0.146831,35787,2856328,0.328305,22348,4133794,0.475137,8700223
1,2021-05-04,75931,6773148,43676,3396692,30156,3078720,2099,297736,27128,1258307,0.144629,48465,2904793,0.333876,29306,4163100,0.478505,8700223
1,2021-05-05,78561,6851709,45512,3442204,30741,3109461,2308,300044,26520,1235560,0.142015,51655,2956448,0.339813,28908,4192008,0.481828,8700223
1,2021-05-06,80137,6931846,48674,3490878,29282,3138743,2181,302225,24876,1207936,0.13884,54835,3011283,0.346116,27211,4219219,0.484955,8700223
1,2021-05-07,83702,7015548,47632,3538510,33874,3172617,2196,304421,27766,1182516,0.135918,55449,3066732,0.352489,30029,4249248,0.488407,8700223
1,2021-05-08,57645,7073193,36191,3574701,19799,3192416,1655,306076,19531,1166036,0.134024,37752,3104484,0.356828,21272,4270520,0.490852,8700223
1,2021-05-09,18378,7091571,13189,3587890,4709,3197125,480,306556,5558,1159381,0.133259,12730,3117214,0.358291,6075,4276595,0.49155,8700223
1,2021-05-10,44441,7136012,22478,3610368,20131,3217256,1832,308388,14797,1146765,0.131809,29336,3146550,0.361663,16720,4293315,0.493472,8700223
1,2021-05-11,63013,7199025,34259,3644627,26591,3243847,2163,310551,20662,1127671,0.129614,42035,3188585,0.366495,22941,4316256,0.496109,8700223
1,2021-05-12,63168,7262193,33562,3678189,27531,3271378,2075,312626,20717,1108435,0.127403,42088,3230673,0.371332,22852,4339108,0.498735,8700223
1,2021-05-13,67451,7329644,39593,3717782,25868,3297246,1990,314616,25644,1094957,0.125854,41396,3272069,0.37609,27918,4367026,0.501944,8700223
1,2021-05-14,77101,7406745,46462,3764244,28221,3325467,2418,317034,31087,1083167,0.124499,45577,3317646,0.381329,33787,4400813,0.505828,8700223
1,2021-05-15,67014,7473759,44001,3808245,21241,3346708,1772,318806,26672,1071682,0.123179,39999,3357645,0.385926,28514,4429327,0.509105,8700223
1,2021-05-16,25161,7498920,18549,3826794,5992,3352700,620,319426,10254,1067827,0.122736,14776,3372421,0.387625,10921,4440248,0.51036,8700223
1,2021-05-17,54647,7553567,33354,3860148,19509,3372209,1784,321210,23109,1061531,0.122012,31245,3403666,0.391216,24949,4465197,0.513228,8700223
1,2021-05-18,65485,7619052,39435,3899583,24205,3396414,1845,323055,28355,1055002,0.121261,36819,3440485,0.395448,30290,4495487,0.516709,8700223
1,2021-05-19,66909,7685961,40756,3940339,24204,3420618,1949,325004,29917,1050272,0.120718,36670,3477155,0.399663,31940,4527427,0.520381,8700223
1,2021-05-20,65134,7751095,37812,3978151,25084,3445702,2238,327242,26768,1041491,0.119709,37990,3515145,0.404029,29209,4556636,0.523738,8700223
1,2021-05-21,70856,7821951,42368,4020519,26601,3472303,1887,329129,29193,1031434,0.118553,41230,3556375,0.408768,31173,4587809,0.527321,8700223
1,2021-05-22,56636,7878587,37266,4057785,17638,3489941,1732,330861,24601,1026127,0.117943,31733,3588108,0.412416,26426,4614235,0.530358,8700223
1,2021-05-23,20586,7899173,14394,4072179,5605,3495546,587,331448,9530,1025326,0.117851,10944,3599052,0.413674,10143,4624378,0.531524,8700223
1,2021-05-24,44359,7943532,24758,4096937,17747,3513293,1854,333302,17950,1019082,0.117133,26130,3625182,0.416677,19886,4644264,0.53381,8700223
1,2021-05-25,51720,7995252,29838,4126775,20156,3533449,1726,335028,21520,1012558,0.116383,29862,3655044,0.420109,23338,4667602,0.536492,8700223
1,2021-05-26,49015,8044267,27779,4154554,19301,3552750,1935,336963,20780,1007407,0.115791,27907,3682951,0.423317,22756,4690358,0.539108,8700223
1,2021-05-27,47573,8091840,26723,4181277,18920,3571670,1930,338893,20370,1002932,0.115277,26889,3709840,0.426407,22414,4712772,0.541684,8700223
1,2021-05-28,53368,8145208,29816,4211093,21689,3593359,1863,340756,23921,999765,0.114913,29077,3738917,0.42975,25910,4738682,0.544662,8700223
1,2021-05-29,30952,8176160,18750,4229843,11222,3604581,980,341736,14684,999390,0.114869,16093,3755010,0.431599,15718,4754400,0.546469,8700223
1,2021-05-30,11741,8187901,7590,4237433,3589,3608170,562,342298,5528,999372,0.114867,6134,3761144,0.432304,6116,4760516,0.547172,8700223
1,2021-05-31,5832,8193733,3320,4240753,2251,3610421,261,342559,2040,997965,0.114706,3720,3764864,0.432732,2313,4762829,0.547438,8700223
1,2021-06-01,46542,8240275,26365,4267118,18590,3629011,1587,344146,17635,988734,0.113645,28517,3793381,0.43601,19286,4782115,0.549654,8700223
1,2021-06-02,40639,8280914,23626,4290744,15492,3644503,1521,345667,16416,982860,0.11297,23894,3817275,0.438756,18020,4800135,0.551726,8700223
1,2021-06-03,42185,8323099,26463,4317207,13978,3658481,1744,347411,16112,975039,0.112071,25754,3843029,0.441716,17933,4818068,0.553787,8700223
1,2021-06-04,51061,8374160,32695,4349902,16532,3675013,1834,349245,18365,963021,0.110689,32294,3875323,0.445428,20276,4838344,0.556117,8700223
1,2021-06-05,40869,8415029,27912,4377814,10936,3685949,2021,351266,14309,953080,0.109547,26326,3901649,0.448454,16385,4854729,0.558001,8700223
1,2021-06-06,13273,8428302,10622,4388436,2132,3688081,519,351785,4562,949599,0.109147,8622,3910271,0.449445,5141,4859870,0.558591,8700223
1,2021-06-07,34398,8462700,23750,4412186,9271,3697352,1377,353162,12300,941470,0.108212,21860,3932131,0.451957,13731,4873601,0.56017,8700223
1,2021-06-08,42533,8505233,29425,4441611,11441,3708793,1667,354829,14799,930584,0.106961,27440,3959571,0.455111,16554,4890155,0.562072,8700223
1,2021-06-09,42501,8547734,29478,4471089,11363,3720156,1660,356489,13840,917808,0.105492,28333,3987904,0.458368,15557,4905712,0.56386,8700223
1,2021-06-10,39580,8587314,26687,4497776,11173,3731329,1720,358209,13564,907446,0.104301,25745,4013649,0.461327,15383,4921095,0.565629,8700223
1,2021-06-11,44882,8632196,29782,4527558,13387,3744716,1713,359922,16065,896822,0.10308,28480,4042129,0.464601,17856,4938951,0.567681,8700223
1,2021-06-12,34341,8666537,24861,4552419,8251,3752967,1229,361151,11287,886578,0.101903,22827,4064956,0.467224,12583,4951534,0.569127,8700223
1,2021-06-13,11719,8678256,8523,4560942,2714,3755681,482,361633,3414,882280,0.101409,8228,4073184,0.46817,3930,4955464,0.569579,8700223
1,2021-06-14,31460,8709716,21213,4582155,8910,3764591,1337,362970,11746,875902,0.100676,19491,4092675,0.47041,13113,4968577,0.571086,8700223
1,2021-06-15,37954,8747670,24899,4607054,11179,3775770,1876,364846,14090,868401,0.099814,23554,4116229,0.473118,16053,4984630,0.572931,8700223
1,2021-06-16,36142,8783812,24458,4631512,9826,3785596,1858,366704,13641,861759,0.09905,22198,4138427,0.475669,15556,5000186,0.574719,8700223
1,2021-06-17,34039,8817851,22517,4654029,9547,3795143,1975,368679,13285,856619,0.098459,20485,4158912,0.478024,15345,5015531,0.576483,8700223
1,2021-06-18,39988,8857839,25979,4680008,11138,3806281,2871,371550,15453,850756,0.097786,24236,4183148,0.480809,18373,5033904,0.578595,8700223
1,2021-06-19,24136,8881975,16755,4696763,6179,3812460,1202,372752,9811,847662,0.09743,14147,4197295,0.482435,11053,5044957,0.579865,8700223
1,2021-06-20,8171,8890146,5983,4702746,1910,3814370,278,373030,3224,846300,0.097273,4875,4202170,0.482996,3513,5048470,0.580269,8700223
1,2021-06-21,21128,8911274,11953,4714699,6974,3821344,2201,375231,10996,849536,0.097645,10010,4212180,0.484146,13246,5061716,0.581792,8700223
1,2021-06-22,31068,8942342,20265,4734964,8627,3829971,2176,377407,12943,846823,0.097333,17895,4230075,0.486203,15182,5076898,0.583537,8700223
1,2021-06-23,29602,8971944,19882,4754846,7884,3837855,1836,379243,12867,845042,0.097129,16509,4246584,0.488101,14728,5091626,0.585229,8700223
1,2021-06-24,28687,9000631,19120,4773966,7883,3845738,1684,380927,12135,842589,0.096847,16337,4262921,0.489978,13884,5105510,0.586825,8700223
1,2021-06-25,32081,9032712,21717,4795683,8939,3854677,1425,382352,14036,840315,0.096585,17790,4280711,0.492023,15516,5121026,0.588609,8700223
1,2021-06-26,22688,9055400,16849,4812532,4988,3859665,851,383203,9880,838424,0.096368,12669,4293380,0.493479,10778,5131804,0.589847,8700223
1,2021-06-27,9288,9064688,6926,4819458,1924,3861589,438,383641,4111,837887,0.096306,5104,4298484,0.494066,4567,5136371,0.590372,8700223
1,2021-06-28,21507,9086195,15988,4835446,4256,3865845,1263,384904,9962,837825,0.096299,11333,4309817,0.495369,11271,5147642,0.591668,8700223
1,2021-06-29,27322,9113517,18723,4854169,7198,3873043,1401,386305,12127,836415,0.096137,14999,4324816,0.497093,13589,5161231,0.59323,8700223
1,2021-06-30,26706,9140223,18509,4872678,7123,3880166,1074,387379,12758,836604,0.096159,13718,4338534,0.498669,13907,5175138,0.594828,8700223
1,2021-07-01,24411,9164634,16972,4889650,6126,3886292,1313,388692,11319,836404,0.096136,12907,4351441,0.500153,12707,5187845,0.596289,8700223
1,2021-07-02,27306,9191940,18790,4908440,7456,3893748,1060,389752,12762,835978,0.096087,14329,4365770,0.5018,13903,5201748,0.597887,8700223
1,2021-07-03,15109,9207049,10568,4919008,4081,3897829,460,390212,7203,835910,0.096079,7763,4373533,0.502692,7695,5209443,0.598771,8700223
1,2021-07-04,1305,9208354,736,4919744,501,3898330,68,390280,637,835963,0.096085,657,4374190,0.502768,710,5210153,0.598853,8700223
1,2021-07-05,11309,9219663,7829,4927573,3113,3901443,367,390647,5393,835929,0.096081,5841,4380031,0.503439,5807,5215960,0.59952,8700223
1,2021-07-06,27987,9247650,19787,4947360,7039,3908482,1161,391808,11193,831800,0.095607,16585,4396616,0.505345,12456,5228416,0.600952,8700223
1,2021-07-07,24386,9272036,17097,4964457,6110,3914592,1179,392987,10498,829872,0.095385,13690,4410306,0.506919,11762,5240178,0.602304,8700223
1,2021-07-08,23339,9295375,16191,4980648,6039,3920631,1109,394096,10046,828025,0.095173,13087,4423393,0.508423,11240,5251418,0.603596,8700223
1,2021-07-09,27598,9322973,19532,5000180,6886,3927517,1180,395276,12475,826803,0.095032,14936,4438329,0.51014,13714,5265132,0.605172,8700223
1,2021-07-10,18245,9341218,13176,5013356,4290,3931807,779,396055,8151,825821,0.09492,9960,4448289,0.511284,8978,5274110,0.606204,8700223
1,2021-07-11,6844,9348062,5003,5018359,1633,3933440,208,396263,3314,825882,0.094927,3479,4451768,0.511684,3540,5277650,0.606611,8700223
1,2021-07-12,20513,9368575,14747,5033106,4864,3938304,902,397165,9110,824736,0.094795,11253,4463021,0.512978,10107,5287757,0.607773,8700223
1,2021-07-13,22793,9391368,15911,5049017,6057,3944361,825,397990,10684,824384,0.094754,11948,4474969,0.514351,11596,5299353,0.609105,8700223
1,2021-07-14,22738,9414106,15639,5064656,6103,3950464,996,398986,10265,823446,0.094647,12309,4487278,0.515766,11371,5310724,0.610412,8700223
1,2021-07-15,22195,9436301,15735,5080391,5723,3956187,737,399723,10773,823797,0.094687,11266,4498544,0.517061,11617,5322341,0.611748,8700223
1,2021-07-16,27259,9463560,19050,5099441,7197,3963384,1012,400735,13520,824852,0.094808,13562,4512106,0.51862,14617,5336958,0.613428,8700223
1,2021-07-17,18940,9482500,13698,5113139,4534,3967918,708,401443,9348,825490,0.094881,9454,4521560,0.519706,10092,5347050,0.614588,8700223
1,2021-07-18,7539,9490039,5560,5118699,1693,3969611,286,401729,3857,826028,0.094943,3622,4525182,0.520123,4160,5351210,0.615066,8700223
1,2021-07-19,21141,9511180,15313,5134012,4986,3974597,842,402571,10600,827165,0.095074,10402,4535584,0.521318,11539,5362749,0.616392,8700223
1,2021-07-20,25337,9536517,17520,5151532,6916,3981513,901,403472,13058,829129,0.0953,12086,4547670,0.522707,14050,5376799,0.618007,8700223
1,2021-07-21,25639,9562156,18008,5169540,6409,3987922,1222,404694,13118,831239,0.095542,12347,4560017,0.524126,14457,5391256,0.619669,8700223
1,2021-07-22,24799,9586955,17568,5187108,6383,3994305,848,405542,13530,834637,0.095933,11071,4571088,0.525399,14469,5405725,0.621332,8700223
1,2021-07-23,29534,9616489,20903,5208011,7605,4001910,1026,406568,16468,839342,0.096474,12861,4583949,0.526877,17566,5423291,0.623351,8700223
1,2021-07-24,18415,9634904,13022,5221033,4815,4006725,578,407146,10824,843301,0.096929,7469,4591418,0.527736,11428,5434719,0.624664,8700223
1,2021-07-25,7610,9642514,5475,5226508,2018,4008743,117,407263,5674,847223,0.097379,1889,4593307,0.527953,5811,5440530,0.625332,8700223
1,2021-07-26,21826,9664340,15109,5241617,5951,4014694,766,408029,14122,854621,0.09823,7560,4600867,0.528822,14958,5455488,0.627052,8700223
1,2021-07-27,27490,9691830,19666,5261283,6874,4021568,950,408979,16202,860721,0.098931,11105,4611972,0.530098,17205,5472693,0.629029,8700223
1,2021-07-28,28442,9720272,20182,5281465,7375,4028943,885,409864,17459,868347,0.099807,10790,4622762,0.531338,18416,5491109,0.631146,8700223
1,2021-07-29,27049,9747321,19208,5300673,7044,4035987,797,410661,16929,876193,0.100709,9944,4632706,0.532481,17790,5508899,0.633191,8700223
1,2021-07-30,31525,9778846,22562,5323235,8049,4044036,914,411575,19275,884394,0.101652,12025,4644731,0.533863,20226,5529125,0.635515,8700223
1,2021-07-31,20050,9798896,14552,5337787,4956,4048992,542,412117,12451,889978,0.102294,7434,4652165,0.534718,13018,5542143,0.637012,8700223
1,2021-08-01,8896,9807792,6704,5344491,2066,4051058,126,412243,6090,893467,0.102695,2754,4654919,0.535034,6243,5548386,0.637729,8700223
1,2021-08-02,25131,9832923,18706,5363197,5706,4056764,719,412962,16342,901955,0.10367,8621,4663540,0.536025,17109,5565495,0.639696,8700223
1,2021-08-03,29005,9861928,21016,5384213,7034,4063798,955,413917,18199,910528,0.104656,10615,4674155,0.537245,19188,5584683,0.641901,8700223
1,2021-08-04,27818,9889746,20231,5404444,6709,4070507,878,414795,17680,919200,0.105652,9932,4684087,0.538387,18604,5603287,0.644039,8700223
1,2021-08-05,27612,9917358,20249,5424693,6446,4076953,917,415712,17404,927549,0.106612,9994,4694081,0.539536,18343,5621630,0.646148,8700223
1,2021-08-06,34087,9951445,25123,5449816,7986,4084939,978,416690,21277,937281,0.107731,12566,4706647,0.54098,22298,5643928,0.648711,8700223
1,2021-08-07,21815,9973260,16379,5466195,4867,4089806,569,417259,13590,943355,0.108429,8099,4714746,0.541911,14173,5658101,0.65034,8700223
1,2021-08-08,10535,9983795,7696,5473891,2636,4092442,203,417462,6852,946805,0.108825,3615,4718361,0.542326,7065,5665166,0.651152,8700223
1,2021-08-09,28013,10011808,21009,5494900,6190,4098632,814,418276,17319,954474,0.109707,10501,4728862,0.543533,18170,5683336,0.65324,8700223
1,2021-08-10,29493,10041301,21709,5516609,6914,4105546,870,419146,17593,961301,0.110492,11692,4740554,0.544877,18519,5701855,0.655369,8700223
1,2021-08-11,27408,10068709,20253,5536862,6233,4111779,922,420068,16229,967511,0.111205,10966,4751520,0.546138,17176,5719031,0.657343,8700223
1,2021-08-12,28963,10097672,20859,5557721,7056,4118835,1048,421116,17270,974457,0.112004,11399,4762919,0.547448,18345,5737376,0.659452,8700223
1,2021-08-13,36318,10133990,26419,5584140,8838,4127673,1061,422177,21161,981882,0.112857,14843,4777762,0.549154,22268,5759644,0.662011,8700223
1,2021-08-14,24002,10157992,18222,5602362,5221,4132894,559,422736,13720,986352,0.113371,9827,4787589,0.550283,14297,5773941,0.663654,8700223
1,2021-08-15,10601,10168593,7827,5610189,2610,4135504,164,422900,6121,988486,0.113616,4174,4791763,0.550763,6308,5780249,0.664379,8700223
1,2021-08-16,29160,10197753,20710,5630899,7657,4143161,793,423693,16064,993170,0.114155,12203,4803966,0.552166,16887,5797136,0.66632,8700223
1,2021-08-17,31800,10229553,22547,5653446,8310,4151471,943,424636,16724,996750,0.114566,14127,4818093,0.55379,17707,5814843,0.668356,8700223
1,2021-08-18,31878,10261431,22865,5676311,8118,4159589,895,425531,16231,999487,0.114881,14436,4832529,0.555449,17173,5832016,0.670329,8700223
1,2021-08-19,31103,10292534,22194,5698505,7895,4167484,1014,426545,15914,1002516,0.115229,13939,4846468,0.557051,16968,5848984,0.67228,8700223
1,2021-08-20,38264,10330798,27786,5726291,9521,4177005,957,427502,19406,1005622,0.115586,17289,4863757,0.559038,20395,5869379,0.674624,8700223
1,2021-08-21,23129,10353927,17303,5743594,5262,4182267,564,428066,11341,1006502,0.115687,11043,4874800,0.560307,11923,5881302,0.675994,8700223
1,2021-08-22,11891,10365818,8712,5752306,2977,4185244,202,428268,5983,1007182,0.115765,5519,4880319,0.560942,6199,5887501,0.676707,8700223
1,2021-08-23,31178,10396996,23133,5775439,7292,4192536,753,429021,15018,1008030,0.115863,14991,4895310,0.562665,15839,5903340,0.678527,8700223
1,2021-08-24,31855,10428851,24146,5799585,6872,4199408,837,429858,15087,1008470,0.115913,15547,4910857,0.564452,15987,5919327,0.680365,8700223
1,2021-08-25,31569,10460420,23969,5823554,6859,4206267,741,430599,14771,1008469,0.115913,15570,4926427,0.566241,15569,5934896,0.682154,8700223
1,2021-08-26,31458,10491878,23447,5847001,7118,4213385,893,431492,14880,1009149,0.115991,15140,4941567,0.567982,15820,5950716,0.683973,8700223
1,2021-08-27,38897,10530775,29853,5876854,8232,4221617,812,432304,17701,1008249,0.115888,19490,4961057,0.570222,18590,5969306,0.68611,8700223
1,2021-08-28,24738,10555513,19354,5896208,4953,4226570,431,432735,10759,1006275,0.115661,13212,4974269,0.57174,11238,5980544,0.687401,8700223
1,2021-08-29,12062,10567575,9066,5905274,2850,4229420,146,432881,5590,1006001,0.115629,6042,4980311,0.572435,5768,5986312,0.688064,8700223
1,2021-08-30,28922,10596497,21206,5926480,6793,4236213,923,433804,12478,1004277,0.115431,15181,4995492,0.57418,13457,5999769,0.689611,8700223
1,2021-08-31,29182,10625679,21799,5948279,6618,4242831,765,434569,12401,1002042,0.115174,15445,5010937,0.575955,13210,6012979,0.691129,8700223
1,2021-09-01,28637,10654316,21278,5969557,6682,4249513,677,435246,13000,1001678,0.115132,14113,5025050,0.577577,13749,6026728,0.69271,8700223
1,2021-09-02,27532,10681848,20375,5989932,6438,4255951,719,435965,11987,1000386,0.114984,14044,5039094,0.579191,12752,6039480,0.694175,8700223
1,2021-09-03,34367,10716215,25781,6015713,7930,4263881,656,436621,14317,997056,0.114601,18376,5057470,0.581303,15046,6054526,0.695905,8700223
1,2021-09-04,19697,10735912,15212,6030925,4212,4268093,273,436894,8235,994808,0.114343,10804,5068274,0.582545,8556,6063082,0.696888,8700223
1,2021-09-05,10939,10746851,8166,6039091,2699,4270792,74,436968,5108,994576,0.114316,5438,5073712,0.58317,5206,6068288,0.697486,8700223
1,2021-09-06,6546,10753397,4424,6043515,2066,4272858,56,437024,2841,993998,0.11425,3481,5077193,0.58357,2903,6071191,0.69782,8700223
1,2021-09-07,28730,10782127,21426,6064941,6690,4279548,614,437638,9946,986981,0.113443,17626,5094819,0.585596,10609,6081800,0.69904,8700223
1,2021-09-08,15286,10797413,10851,6075792,3929,4283477,506,438144,6155,985426,0.113264,8237,5103056,0.586543,6682,6088482,0.699808,8700223
2,2020-12-15,262,262,262,262,0,0,0,0,262,262,3.1e-05,0,0,0.0,262,262,3.1e-05,8407551
2,2020-12-16,2318,2580,2318,2580,0,0,0,0,2318,2580,0.000307,0,0,0.0,2318,2580,0.000307,8407551
2,2020-12-17,7256,9836,7256,9836,0,0,0,0,7255,9835,0.00117,0,0,0.0,7255,9835,0.00117,8407551
2,2020-12-18,11201,21037,11179,21015,22,22,0,0,11202,21037,0.002502,0,0,0.0,11202,21037,0.002502,8407551
2,2020-12-19,5650,26687,5642,26657,8,30,0,0,5654,26691,0.003175,0,0,0.0,5654,26691,0.003175,8407551
2,2020-12-20,4274,30961,4257,30914,17,47,0,0,4266,30956,0.003682,1,1,0.0,4266,30957,0.003682,8407551
2,2020-12-21,12919,43880,12888,43802,31,78,0,0,12876,43831,0.005213,1,2,0.0,12876,43833,0.005214,8407551
2,2020-12-22,12299,56179,11762,55564,537,615,0,0,12297,56128,0.006676,0,2,0.0,12297,56130,0.006676,8407551
2,2020-12-23,11880,68059,9583,65147,2297,2912,0,0,11879,68005,0.008089,3,5,1e-06,11880,68010,0.008089,8407551
2,2020-12-24,5931,73990,3512,68659,2419,5331,0,0,5929,73932,0.008794,4,9,1e-06,5931,73941,0.008795,8407551
2,2020-12-25,507,74497,423,69082,84,5415,0,0,510,74442,0.008854,0,9,1e-06,510,74451,0.008855,8407551
2,2020-12-26,2603,77100,1677,70759,926,6341,0,0,2603,77043,0.009164,2,11,1e-06,2603,77054,0.009165,8407551
2,2020-12-27,2238,79338,1217,71976,1021,7362,0,0,2236,79277,0.009429,2,13,2e-06,2236,79290,0.009431,8407551
2,2020-12-28,11216,90554,7275,79251,3941,11303,0,0,11214,90486,0.010762,5,18,2e-06,11214,90504,0.010765,8407551
2,2020-12-29,13058,103612,7348,86599,5710,17013,0,0,13064,103549,0.012316,1,19,2e-06,13064,103568,0.012318,8407551
2,2020-12-30,15759,119371,8824,95423,6935,23948,0,0,15753,119299,0.01419,5,24,3e-06,15755,119323,0.014192,8407551
2,2020-12-31,7635,127006,2832,98255,4803,28751,0,0,7627,126921,0.015096,5,29,3e-06,7627,126950,0.0151,8407551
2,2021-01-01,1460,128466,703,98958,757,29508,0,0,1455,128372,0.015269,4,33,4e-06,1455,128405,0.015273,8407551
2,2021-01-02,4894,133360,2785,101743,2109,31617,0,0,4889,133259,0.01585,2,35,4e-06,4889,133294,0.015854,8407551
2,2021-01-03,1443,134803,813,102556,630,32247,0,0,1436,134692,0.01602,3,38,5e-06,1436,134730,0.016025,8407551
2,2021-01-04,11866,146669,5668,108224,6198,38445,0,0,11853,146540,0.01743,5,43,5e-06,11853,146583,0.017435,8407551
2,2021-01-05,14073,160742,7061,115285,7012,45457,0,0,12822,158149,0.01881,1247,1290,0.000153,12856,159439,0.018964,8407551
2,2021-01-06,19301,180043,10657,125942,8644,54101,0,0,15273,169470,0.020157,3968,5258,0.000625,15289,174728,0.020782,8407551
2,2021-01-07,23553,203596,13278,139220,10275,64376,0,0,15751,177428,0.021103,7815,13073,0.001555,15773,190501,0.022658,8407551
2,2021-01-08,27222,230818,16446,155666,10776,75152,0,0,16625,183543,0.021831,10545,23618,0.002809,16660,207161,0.02464,8407551
2,2021-01-09,9916,240734,5810,161476,4106,79258,0,0,6305,186256,0.022153,3604,27222,0.003238,6317,213478,0.025391,8407551
2,2021-01-10,5361,246095,2992,164468,2369,81627,0,0,3095,187080,0.022251,2276,29498,0.003509,3100,216578,0.02576,8407551
2,2021-01-11,26287,272382,18179,182647,8108,89735,0,0,15077,190984,0.022716,11225,40723,0.004844,15129,231707,0.027559,8407551
2,2021-01-12,26648,299030,16559,199206,10089,99824,0,0,16915,198237,0.023578,9756,50479,0.006004,17009,248716,0.029582,8407551
2,2021-01-13,28856,327886,15307,214513,13549,113373,0,0,20774,210981,0.025094,8072,58551,0.006964,20816,269532,0.032058,8407551
2,2021-01-14,30829,358715,11816,226329,19013,132386,0,0,26478,233195,0.027736,4349,62900,0.007481,26563,296095,0.035218,8407551
2,2021-01-15,35440,394155,12894,239223,22546,154932,0,0,32100,262053,0.031169,3339,66239,0.007879,32197,328292,0.039047,8407551
2,2021-01-16,18414,412569,6147,245370,12267,167199,0,0,16987,277605,0.033019,1443,67682,0.00805,16995,345287,0.041069,8407551
2,2021-01-17,10622,423191,3601,248971,7021,174220,0,0,9854,286688,0.034099,782,68464,0.008143,9865,355152,0.042242,8407551
2,2021-01-18,19903,443094,11131,260102,8772,182992,0,0,14994,296824,0.035304,4925,73389,0.008729,15061,370213,0.044033,8407551
2,2021-01-19,33015,476109,17248,277350,15767,198759,0,0,24772,313472,0.037285,8245,81634,0.00971,24893,395106,0.046994,8407551
2,2021-01-20,37910,514019,19094,296444,18816,217575,0,0,29145,333975,0.039723,8740,90374,0.010749,29243,424349,0.050472,8407551
2,2021-01-21,41408,555427,17614,314058,23794,241369,0,0,36749,366289,0.043567,4629,95003,0.0113,36943,461292,0.054866,8407551
2,2021-01-22,39809,595236,16636,330694,23173,264542,0,0,36386,399266,0.047489,3440,98443,0.011709,36417,497709,0.059198,8407551
2,2021-01-23,24398,619634,10844,341538,13554,278096,0,0,21401,417724,0.049684,2974,101417,0.012063,21432,519141,0.061747,8407551
2,2021-01-24,12512,632146,6133,347671,6379,284475,0,0,11567,428382,0.050952,929,102346,0.012173,11587,530728,0.063125,8407551
2,2021-01-25,34241,666387,15737,363408,18504,302979,0,0,25232,444812,0.052906,8956,111302,0.013238,25386,556114,0.066145,8407551
2,2021-01-26,40683,707070,19873,383281,20810,323789,0,0,31288,466826,0.055525,9367,120669,0.014352,31381,587495,0.069877,8407551
2,2021-01-27,45996,753066,22742,406023,23254,347043,0,0,35448,491917,0.058509,10429,131098,0.015593,35520,623015,0.074102,8407551
2,2021-01-28,48410,801476,22546,428569,25864,372907,0,0,39501,522665,0.062166,8840,139938,0.016644,39588,662603,0.07881,8407551
2,2021-01-29,46056,847532,22140,450709,23916,396823,0,0,37101,551029,0.06554,8823,148761,0.017694,37187,699790,0.083234,8407551
2,2021-01-30,31538,879070,13346,464055,18192,415015,0,0,28071,575724,0.068477,3425,152186,0.018101,28120,727910,0.086578,8407551
2,2021-01-31,17299,896369,10214,474269,7085,422100,0,0,16054,590579,0.070244,1223,153409,0.018247,16078,743988,0.08849,8407551
2,2021-02-01,41687,938056,19949,494218,21738,443838,0,0,30371,609748,0.072524,11253,164662,0.019585,30422,774410,0.092109,8407551
2,2021-02-02,48314,986370,19626,513844,28688,472526,0,0,36587,634807,0.075504,11631,176293,0.020968,36690,811100,0.096473,8407551
2,2021-02-03,54428,1040798,23897,537741,30531,503057,0,0,39977,660538,0.078565,14348,190641,0.022675,40079,851179,0.10124,8407551
2,2021-02-04,56686,1097484,24263,562004,32423,535480,0,0,41128,686329,0.081632,15447,206088,0.024512,41238,892417,0.106145,8407551
2,2021-02-05,60697,1158181,26319,588323,34378,569858,0,0,40901,707870,0.084195,19565,225653,0.026839,41106,933523,0.111034,8407551
2,2021-02-06,39606,1197787,18354,606677,21252,591110,0,0,31476,731409,0.086994,8050,233703,0.027797,31589,965112,0.114791,8407551
2,2021-02-07,15809,1213596,10440,617117,5369,596479,0,0,11952,739610,0.08797,3825,237528,0.028252,12026,977138,0.116221,8407551
2,2021-02-08,43342,1256938,21913,639030,21429,617908,0,0,29581,755801,0.089895,13609,251137,0.02987,29800,1006938,0.119766,8407551
2,2021-02-09,49934,1306872,23625,662655,26309,644217,0,0,30714,767898,0.091334,18986,270123,0.032129,31083,1038021,0.123463,8407551
2,2021-02-10,59959,1366831,28011,690666,31948,676165,0,0,34516,777647,0.092494,25148,295271,0.03512,34897,1072918,0.127614,8407551
2,2021-02-11,64733,1431564,29704,720370,35029,711194,0,0,35923,785671,0.093448,28423,323694,0.0385,36447,1109365,0.131949,8407551
2,2021-02-12,66366,1497930,28607,748977,37759,748953,0,0,35383,791049,0.094088,30685,354379,0.04215,36063,1145428,0.136238,8407551
2,2021-02-13,38366,1536296,15960,764937,22406,771359,0,0,22047,797272,0.094828,16207,370586,0.044078,22430,1167858,0.138906,8407551
2,2021-02-14,20228,1556524,9409,774346,10819,782178,0,0,11207,799892,0.09514,8964,379550,0.045144,11584,1179442,0.140284,8407551
2,2021-02-15,33490,1590014,15044,789390,18446,800624,0,0,18510,804444,0.095681,14832,394382,0.046908,19384,1198826,0.142589,8407551
2,2021-02-16,56751,1646765,27755,817145,28996,829620,0,0,29784,808081,0.096114,26841,421223,0.050101,30478,1229304,0.146214,8407551
2,2021-02-17,62094,1708859,31867,849012,30227,859847,0,0,30743,808414,0.096153,31238,452461,0.053816,31571,1260875,0.149969,8407551
2,2021-02-18,66824,1775683,33646,882658,33178,893025,0,0,32426,807890,0.096091,34112,486573,0.057873,33588,1294463,0.153964,8407551
2,2021-02-19,60176,1835859,33215,915873,26961,919986,0,0,29790,808110,0.096117,30169,516742,0.061462,30389,1324852,0.157579,8407551
2,2021-02-20,38042,1873901,24643,940516,13399,933385,0,0,20607,812103,0.096592,17318,534060,0.063521,21311,1346163,0.160114,8407551
2,2021-02-21,21945,1895846,17705,958221,4240,937625,0,0,10826,812766,0.096671,11004,545064,0.06483,11667,1357830,0.161501,8407551
2,2021-02-22,39794,1935640,27145,985366,12649,950274,0,0,18837,811527,0.096524,20790,565854,0.067303,19551,1377381,0.163827,8407551
2,2021-02-23,54232,1989872,27671,1013037,26561,976835,0,0,23734,806975,0.095982,30205,596059,0.070896,25653,1403034,0.166878,8407551
2,2021-02-24,71595,2061467,36731,1049768,34864,1011699,0,0,32683,803410,0.095558,38665,634724,0.075495,35100,1438134,0.171053,8407551
2,2021-02-25,77705,2139172,36714,1086482,40991,1052690,0,0,39344,807560,0.096052,38068,672792,0.080022,42218,1480352,0.176074,8407551
2,2021-02-26,86309,2225481,36996,1123478,49313,1102003,0,0,46292,816389,0.097102,39681,712473,0.084742,48510,1528862,0.181844,8407551
2,2021-02-27,63159,2288640,29299,1152777,33851,1135854,9,9,34158,823163,0.097908,28744,741217,0.088161,35518,1564380,0.186068,8407551
2,2021-02-28,31151,2319791,18665,1171442,12485,1148339,1,10,18042,829096,0.098613,12968,754185,0.089703,18901,1583281,0.188317,8407551
2,2021-03-01,59414,2379205,30929,1202371,28403,1176742,82,92,32429,836216,0.09946,26636,780821,0.092871,33756,1617037,0.192332,8407551
2,2021-03-02,71173,2450378,34153,1236524,37004,1213746,16,108,39775,847202,0.100767,31188,812009,0.096581,42174,1659211,0.197348,8407551
2,2021-03-03,82165,2532543,39560,1276084,42584,1256330,21,129,46305,860568,0.102357,35612,847621,0.100817,48978,1708189,0.203173,8407551
2,2021-03-04,90009,2622552,44094,1320178,45881,1302211,34,163,51410,876112,0.104205,38318,885939,0.105374,53862,1762051,0.20958,8407551
2,2021-03-05,83727,2706279,39299,1359477,44101,1346312,327,490,50683,896755,0.106661,32774,918713,0.109272,53417,1815468,0.215933,8407551
2,2021-03-06,63779,2770058,31048,1390525,31001,1377313,1730,2220,38945,914178,0.108733,24681,943394,0.112208,42104,1857572,0.220941,8407551
2,2021-03-07,28950,2799008,16417,1406942,10983,1388296,1550,3770,18308,924594,0.109972,10570,953964,0.113465,20986,1878558,0.223437,8407551
2,2021-03-08,51377,2850385,23534,1430476,25252,1413548,2591,6361,32211,941994,0.112041,19040,973004,0.11573,36440,1914998,0.227771,8407551
2,2021-03-09,71304,2921689,32468,1462944,34949,1448497,3887,10248,39414,954906,0.113577,31732,1004736,0.119504,44644,1959642,0.233081,8407551
2,2021-03-10,79069,3000758,37319,1500263,35146,1483643,6604,16852,41744,967470,0.115072,37083,1041819,0.123915,49647,2009289,0.238986,8407551
2,2021-03-11,93795,3094553,43186,1543449,42185,1525828,8424,25276,48715,981222,0.116707,44745,1086564,0.129237,58497,2067786,0.245944,8407551
2,2021-03-12,94766,3189319,39077,1582526,43740,1569568,11949,37225,46906,993843,0.118208,47579,1134143,0.134896,60200,2127986,0.253104,8407551
2,2021-03-13,69578,3258897,29028,1611554,32498,1602066,8052,45277,38035,1009788,0.120105,31385,1165528,0.138629,47330,2175316,0.258734,8407551
2,2021-03-14,37213,3296110,18422,1629976,14267,1616333,4524,49801,18674,1015291,0.120759,18420,1183948,0.14082,23923,2199239,0.261579,8407551
2,2021-03-15,67885,3363995,30628,1660604,32221,1648554,5036,54837,37317,1028416,0.122321,30317,1214265,0.144426,43442,2242681,0.266746,8407551
2,2021-03-16,86790,3450785,38444,1699048,44298,1692852,4048,58885,52233,1051482,0.125064,34328,1248593,0.148509,57394,2300075,0.273573,8407551
2,2021-03-17,93484,3544269,44729,1743777,44541,1737393,4214,63099,59150,1081613,0.128648,34028,1282621,0.152556,64159,2364234,0.281204,8407551
2,2021-03-18,98851,3643120,47128,1790905,47030,1784423,4693,67792,59794,1107927,0.131778,38709,1321330,0.15716,65023,2429257,0.288938,8407551
2,2021-03-19,97957,3741077,46471,1837376,45368,1829791,6118,73910,57655,1132223,0.134667,39967,1361297,0.161914,64263,2493520,0.296581,8407551
2,2021-03-20,70319,3811396,33979,1871355,32321,1862112,4019,77929,45713,1157948,0.137727,24348,1385645,0.16481,50073,2543593,0.302537,8407551
2,2021-03-21,33909,3845305,21806,1893161,10085,1872197,2018,79947,20231,1167121,0.138818,13507,1399152,0.166416,22680,2566273,0.305234,8407551
2,2021-03-22,63337,3908642,34881,1928042,25829,1898026,2627,82574,41823,1191216,0.141684,21249,1420401,0.168943,45344,2611617,0.310628,8407551
2,2021-03-23,84446,3993088,44894,1972936,36617,1934643,2935,85509,52213,1215287,0.144547,31916,1452317,0.17274,55987,2667604,0.317287,8407551
2,2021-03-24,92606,4085694,49679,2022615,39716,1974359,3211,88720,53854,1234788,0.146867,38382,1490699,0.177305,57883,2725487,0.324171,8407551
2,2021-03-25,102303,4187997,51612,2074227,46744,2021103,3947,92667,57372,1252342,0.148954,44534,1535233,0.182602,62088,2787575,0.331556,8407551
2,2021-03-26,104401,4292398,51847,2126074,49039,2070142,3515,96182,56586,1266086,0.150589,47392,1582625,0.188239,61136,2848711,0.338828,8407551
2,2021-03-27,76231,4368629,38016,2164090,34879,2105021,3336,99518,37941,1270231,0.151082,37994,1620619,0.192758,42139,2890850,0.34384,8407551
2,2021-03-28,38127,4406756,23570,2187660,13738,2118759,819,100337,20252,1274442,0.151583,17716,1638335,0.194865,21927,2912777,0.346448,8407551
2,2021-03-29,72353,4479109,36741,2224401,33329,2152088,2283,102620,40741,1287098,0.153088,31366,1669701,0.198595,44022,2956799,0.351684,8407551
2,2021-03-30,92934,4572043,45533,2269934,42990,2195078,4411,107031,51780,1303002,0.15498,40915,1710616,0.203462,56819,3013618,0.358442,8407551
2,2021-03-31,102106,4674149,52619,2322553,44334,2239412,5153,112184,57666,1322113,0.157253,44088,1754704,0.208706,63199,3076817,0.365959,8407551
2,2021-04-01,118625,4792774,57188,2379741,52056,2291468,9381,121565,64203,1342146,0.159636,53937,1808641,0.215121,73970,3150787,0.374757,8407551
2,2021-04-02,112356,4905130,51850,2431591,50210,2341678,10296,131861,59854,1360679,0.16184,52055,1860696,0.221312,70588,3221375,0.383153,8407551
2,2021-04-03,77017,4982147,37743,2469334,29383,2371061,9891,141752,38007,1370162,0.162968,38774,1899470,0.225924,48257,3269632,0.388892,8407551
2,2021-04-04,29146,5011293,15012,2484346,10248,2381309,3886,145638,13021,1371083,0.163078,16000,1915470,0.227827,16921,3286553,0.390905,8407551
2,2021-04-05,79787,5091080,39033,2523379,31821,2413130,8933,154571,38252,1377673,0.163861,41328,1956798,0.232743,47918,3334471,0.396604,8407551
2,2021-04-06,104495,5195575,50794,2574173,38879,2452009,14822,169393,49233,1387170,0.164991,54950,2011748,0.239279,64447,3398918,0.40427,8407551
2,2021-04-07,111258,5306833,55446,2629619,39423,2491432,16389,185782,52091,1397014,0.166162,58848,2070596,0.246278,68692,3467610,0.41244,8407551
2,2021-04-08,120070,5426903,57702,2687321,43436,2534868,18932,204714,55546,1407852,0.167451,64128,2134724,0.253906,74966,3542576,0.421356,8407551
2,2021-04-09,119441,5546344,57445,2744766,43725,2578593,18271,222985,56286,1420461,0.168951,62746,2197470,0.261369,75355,3617931,0.430319,8407551
2,2021-04-10,87877,5634221,37839,2782605,31552,2610145,18486,241471,36204,1424380,0.169417,51385,2248855,0.26748,55304,3673235,0.436897,8407551
2,2021-04-11,44729,5678950,23205,2805810,13000,2623145,8524,249995,18309,1425656,0.169569,26257,2275112,0.270603,27533,3700768,0.440172,8407551
2,2021-04-12,80619,5759569,37510,2843320,33618,2656763,9491,259486,35815,1427431,0.16978,44509,2319621,0.275897,46284,3747052,0.445677,8407551
2,2021-04-13,102222,5861791,53031,2896351,48927,2705690,264,259750,55769,1438222,0.171063,46147,2365768,0.281386,56938,3803990,0.452449,8407551
2,2021-04-14,107322,5969113,56186,2952537,51074,2756764,62,259812,54566,1441886,0.171499,52409,2418177,0.28762,56073,3860063,0.459119,8407551
2,2021-04-15,113722,6082835,60348,3012885,53276,2810040,98,259910,59121,1448023,0.172229,54168,2472345,0.294062,60305,3920368,0.466291,8407551
2,2021-04-16,111254,6194089,57833,3070718,53360,2863400,61,259971,56352,1450775,0.172556,54517,2526862,0.300547,57269,3977637,0.473103,8407551
2,2021-04-17,83866,6277955,42684,3113402,41166,2904566,16,259987,46717,1461517,0.173834,36867,2563729,0.304932,47609,4025246,0.478766,8407551
2,2021-04-18,36098,6314053,21954,3135356,14132,2918698,12,259999,17011,1460597,0.173724,18938,2582667,0.307184,18018,4043264,0.480909,8407551
2,2021-04-19,74997,6389050,40294,3175650,34683,2953381,20,260019,33896,1454329,0.172979,40804,2623471,0.312037,34536,4077800,0.485016,8407551
2,2021-04-20,97663,6486713,49360,3225010,48271,3001652,32,260051,46963,1451753,0.172673,50323,2673794,0.318023,47747,4125547,0.490695,8407551
2,2021-04-21,104220,6590933,56394,3281404,47755,3049407,71,260122,48918,1446944,0.172101,54782,2728576,0.324539,49973,4175520,0.496639,8407551
2,2021-04-22,108734,6699667,56187,3337591,52518,3101925,29,260151,47423,1434457,0.170615,60822,2789398,0.331773,48335,4223855,0.502388,8407551
2,2021-04-23,108368,6808035,57751,3395342,50596,3152521,21,260172,49880,1427245,0.169758,58047,2847445,0.338677,50835,4274690,0.508435,8407551
2,2021-04-24,81227,6889262,47765,3443107,33418,3185939,44,260216,42205,1431798,0.170299,38642,2886087,0.343273,43195,4317885,0.513572,8407551
2,2021-04-25,36750,6926012,22643,3465750,14090,3200029,17,260233,19936,1435581,0.170749,16648,2902735,0.345253,20431,4338316,0.516002,8407551
2,2021-04-26,74578,7000590,41294,3507044,32965,3232994,319,260552,34174,1431437,0.170256,40104,2942839,0.350023,35960,4374276,0.520279,8407551
2,2021-04-27,88570,7089160,46695,3553739,40493,3273487,1382,261934,37889,1421704,0.169098,50262,2993101,0.356002,40529,4414805,0.5251,8407551
2,2021-04-28,88558,7177718,47292,3601031,39383,3312870,1883,263817,38897,1414127,0.168197,49280,3042381,0.361863,41703,4456508,0.53006,8407551
2,2021-04-29,91704,7269422,49866,3650897,40113,3352983,1725,265542,35516,1396221,0.166068,55761,3098142,0.368495,37855,4494363,0.534563,8407551
2,2021-04-30,95142,7364564,52555,3703452,40569,3393552,2018,267560,36827,1377911,0.16389,57814,3155956,0.375372,39504,4533867,0.539261,8407551
2,2021-05-01,63027,7427591,38369,3741821,23043,3416595,1615,269175,24548,1366829,0.162572,38115,3194071,0.379905,27033,4560900,0.542477,8407551
2,2021-05-02,29403,7456994,20477,3762298,7947,3424542,979,270154,11145,1360932,0.16187,18110,3212181,0.382059,12213,4573113,0.543929,8407551
2,2021-05-03,60876,7517870,36134,3798432,22664,3447206,2078,272232,20363,1343420,0.159787,40215,3252396,0.386842,22703,4595816,0.54663,8407551
2,2021-05-04,80223,7598093,47867,3846299,29945,3477151,2411,274643,25942,1318251,0.156794,53909,3306305,0.393254,28740,4624556,0.550048,8407551
2,2021-05-05,80976,7679069,48188,3894487,30425,3507576,2363,277006,25211,1290847,0.153534,55343,3361648,0.399837,27939,4652495,0.553371,8407551
2,2021-05-06,83429,7762498,50676,3945163,29822,3537398,2931,279937,25202,1261899,0.150091,57720,3419368,0.406702,28772,4681267,0.556793,8407551
2,2021-05-07,84233,7846731,48645,3993808,33156,3570554,2432,282369,25716,1232410,0.146584,58090,3477458,0.413611,28601,4709868,0.560195,8407551
2,2021-05-08,55945,7902676,33937,4027745,20277,3590831,1731,284100,17434,1214041,0.144399,38267,3515725,0.418163,19898,4729766,0.562562,8407551
2,2021-05-09,21968,7924644,15818,4043563,5399,3596230,751,284851,6321,1205798,0.143418,15547,3531272,0.420012,7304,4737070,0.56343,8407551
2,2021-05-10,50521,7975165,27546,4071109,21084,3617314,1891,286742,14166,1186387,0.14111,36070,3567342,0.424302,16659,4753729,0.565412,8407551
2,2021-05-11,66680,8041845,36140,4107249,28386,3645700,2154,288896,19988,1162863,0.138312,46362,3613704,0.429816,22838,4776567,0.568128,8407551
2,2021-05-12,65591,8107436,34938,4142187,28410,3674110,2243,291139,19241,1138746,0.135443,46016,3659720,0.43529,21899,4798466,0.570733,8407551
2,2021-05-13,71407,8178843,41444,4183631,28005,3702115,1958,293097,26036,1122430,0.133503,45052,3704772,0.440648,28736,4827202,0.574151,8407551
2,2021-05-14,80440,8259283,48201,4231832,29963,3732078,2276,295373,30799,1106898,0.131655,49256,3754028,0.446507,33724,4860926,0.578162,8407551
2,2021-05-15,66919,8326202,43946,4275778,21251,3753329,1722,297095,25895,1094180,0.130143,40746,3794774,0.451353,28028,4888954,0.581496,8407551
2,2021-05-16,31867,8358069,23847,4299625,7088,3760417,932,298027,12953,1089432,0.129578,18768,3813542,0.453585,14020,4902974,0.583163,8407551
2,2021-05-17,58359,8416428,36975,4336600,19418,3779835,1966,299993,22932,1079533,0.1284,35168,3848710,0.457768,25269,4928243,0.586169,8407551
2,2021-05-18,70578,8487006,41278,4377878,27330,3807165,1970,301963,27937,1067641,0.126986,42343,3891053,0.462805,30451,4958694,0.589791,8407551
2,2021-05-19,69434,8556440,41075,4418953,26289,3833454,2070,304033,27408,1055900,0.125589,41689,3932742,0.467763,29948,4988642,0.593353,8407551
2,2021-05-20,70162,8626602,40727,4459680,27238,3860692,2197,306230,26667,1042236,0.123964,43134,3975876,0.472893,29470,5018112,0.596858,8407551
2,2021-05-21,73683,8700285,43532,4503212,27970,3888662,2181,308411,27962,1027612,0.122225,45335,4021211,0.478286,30711,5048823,0.600511,8407551
2,2021-05-22,54016,8754301,34295,4537507,17943,3906605,1778,310189,22514,1021190,0.121461,31256,4052467,0.482003,24834,5073657,0.603464,8407551
2,2021-05-23,24530,8778831,16745,4554252,7061,3913666,724,310913,10284,1018232,0.121109,14110,4066577,0.483682,11152,5084809,0.604791,8407551
2,2021-05-24,45269,8824100,25742,4579994,17738,3931404,1789,312702,17342,1010027,0.120133,27680,4094257,0.486974,19475,5104284,0.607107,8407551
2,2021-05-25,51381,8875481,30101,4610095,19396,3950800,1884,314586,19535,1000466,0.118996,31518,4125775,0.490723,21957,5126241,0.609719,8407551
2,2021-05-26,49150,8924631,27556,4637651,19889,3970689,1705,316291,19210,992140,0.118006,29582,4155357,0.494241,21256,5147497,0.612247,8407551
2,2021-05-27,47110,8971741,26727,4664378,18637,3989326,1746,318037,18764,985073,0.117165,28080,4183437,0.497581,21013,5168510,0.614746,8407551
2,2021-05-28,50701,9022442,28039,4692417,20668,4009994,1994,320031,21242,979566,0.11651,29181,4212618,0.501052,23674,5192184,0.617562,8407551
2,2021-05-29,29298,9051740,17548,4709965,10678,4020672,1072,321103,13318,978334,0.116364,15807,4228425,0.502932,14575,5206759,0.619296,8407551
2,2021-05-30,12728,9064468,8201,4718166,3757,4024429,770,321873,5541,977595,0.116276,7116,4235541,0.503778,6377,5213136,0.620054,8407551
2,2021-05-31,5963,9070431,3499,4721665,2158,4026587,306,322179,1860,975773,0.116059,4037,4239578,0.504258,2215,5215351,0.620317,8407551
2,2021-06-01,45295,9115726,26023,4747688,17596,4044183,1676,323855,15732,964346,0.1147,29206,4268784,0.507732,17779,5233130,0.622432,8407551
2,2021-06-02,38650,9154376,22754,4770442,14471,4058654,1425,325280,15116,957939,0.113938,23251,4292035,0.510498,16844,5249974,0.624436,8407551
2,2021-06-03,41916,9196292,27013,4797455,13418,4072072,1485,326765,14135,946420,0.112568,27528,4319563,0.513772,16009,5265983,0.62634,8407551
2,2021-06-04,48767,9245059,31872,4829327,15327,4087399,1568,328333,15762,931597,0.110805,32680,4352243,0.517659,17857,5283840,0.628464,8407551
2,2021-06-05,38257,9283316,27319,4856646,9464,4096863,1474,329807,11899,919290,0.109341,26107,4378350,0.520764,13800,5297640,0.630105,8407551
2,2021-06-06,14988,9298304,12294,4868940,2112,4098975,582,330389,4658,914464,0.108767,10263,4388613,0.521985,5437,5303077,0.630752,8407551
2,2021-06-07,33582,9331886,23511,4892451,8783,4107758,1288,331677,10993,904565,0.10759,22417,4411030,0.524651,12518,5315595,0.632241,8407551
2,2021-06-08,40761,9372647,28833,4921284,10553,4118311,1375,333052,12488,890796,0.105952,28017,4439047,0.527983,14248,5329843,0.633935,8407551
2,2021-06-09,38283,9410930,26732,4948016,10049,4128360,1502,334554,11564,877674,0.104391,26511,4465558,0.531137,13389,5343232,0.635528,8407551
2,2021-06-10,38044,9448974,26462,4974478,10044,4138404,1538,336092,11645,865142,0.102901,26197,4491755,0.534252,13665,5356897,0.637153,8407551
2,2021-06-11,41736,9490710,27730,5002208,12325,4150729,1681,337773,13363,852399,0.101385,28092,4519847,0.537594,15349,5372246,0.638979,8407551
2,2021-06-12,29812,9520522,21967,5024175,6924,4157653,921,338694,8733,841358,0.100072,20930,4540777,0.540083,9889,5382135,0.640155,8407551
2,2021-06-13,12280,9532802,8972,5033147,2685,4160338,623,339317,3120,836179,0.099456,9091,4549868,0.541164,3912,5386047,0.64062,8407551
2,2021-06-14,30244,9563046,21469,5054616,7557,4167895,1218,340535,10441,828421,0.098533,19621,4569489,0.543498,11863,5397910,0.642031,8407551
2,2021-06-15,36053,9599099,24042,5078658,9945,4177840,2066,342601,12126,819348,0.097454,23640,4593129,0.54631,14567,5412477,0.643764,8407551
2,2021-06-16,33439,9632538,23108,5101766,8519,4186359,1812,344413,11559,811342,0.096502,21693,4614822,0.54889,13687,5426164,0.645392,8407551
2,2021-06-17,31103,9663641,20770,5122536,8524,4194883,1809,346222,10993,804429,0.095679,19922,4634744,0.55126,13009,5439173,0.646939,8407551
2,2021-06-18,34836,9698477,22962,5145498,9992,4204875,1882,348104,12609,797171,0.094816,22003,4656747,0.553877,14745,5453918,0.648693,8407551
2,2021-06-19,21018,9719495,14643,5160141,5112,4209987,1263,349367,7920,793620,0.094394,12932,4669679,0.555415,9381,5463299,0.649809,8407551
2,2021-06-20,8317,9727812,5947,5166088,1904,4211891,466,349833,3072,792031,0.094205,5197,4674876,0.556033,3608,5466907,0.650238,8407551
2,2021-06-21,19385,9747197,11871,5177959,6185,4218076,1329,351162,9880,794043,0.094444,9377,4684253,0.557148,11389,5478296,0.651592,8407551
2,2021-06-22,26936,9774133,18444,5196403,7108,4225184,1384,352546,10518,789977,0.09396,16243,4700496,0.55908,12177,5490473,0.653041,8407551
2,2021-06-23,25973,9800106,17921,5214324,6420,4231604,1632,354178,10518,787117,0.09362,15304,4715800,0.560901,12444,5502917,0.654521,8407551
2,2021-06-24,25460,9825566,17334,5231658,6595,4238199,1531,355709,10457,784489,0.093308,14847,4730647,0.562666,12219,5515136,0.655974,8407551
2,2021-06-25,28910,9854476,19590,5251248,7818,4246017,1502,357211,12012,781512,0.092954,16732,4747379,0.564657,13755,5528891,0.65761,8407551
2,2021-06-26,18766,9873242,13820,5265068,4009,4250026,937,358148,7639,779310,0.092692,11034,4758413,0.565969,8832,5537723,0.658661,8407551
2,2021-06-27,8888,9882130,6788,5271856,1649,4251675,451,358599,3571,778198,0.092559,5258,4763671,0.566594,4146,5541869,0.659154,8407551
2,2021-06-28,19998,9902128,15190,5287046,3557,4255232,1251,359850,8824,777434,0.092469,11034,4774705,0.567907,10270,5552139,0.660375,8407551
2,2021-06-29,22966,9925094,15999,5303045,5886,4261118,1081,360931,9852,775632,0.092254,12970,4787675,0.569449,11168,5563307,0.661704,8407551
2,2021-06-30,22236,9947330,15779,5318824,5425,4266543,1032,361963,9950,774710,0.092145,12133,4799808,0.570893,11211,5574518,0.663037,8407551
2,2021-07-01,20155,9967485,14251,5333075,5006,4271549,898,362861,8974,773745,0.09203,11041,4810849,0.572206,10076,5584594,0.664236,8407551
2,2021-07-02,23192,9990677,16003,5349078,6158,4277707,1031,363892,10282,772526,0.091885,12738,4823587,0.573721,11519,5596113,0.665606,8407551
2,2021-07-03,12680,10003357,9139,5358217,3063,4280770,478,364370,5810,772166,0.091842,6771,4830358,0.574526,6411,5602524,0.666368,8407551
2,2021-07-04,1019,10004376,598,5358815,354,4281124,67,364437,437,772123,0.091837,570,4830928,0.574594,527,5603051,0.666431,8407551
2,2021-07-05,11177,10015553,8184,5366999,2583,4283707,410,364847,5138,771836,0.091803,5964,4836892,0.575303,5677,5608728,0.667106,8407551
2,2021-07-06,24034,10039587,17449,5384448,5568,4289275,1017,365864,9290,767840,0.091327,14575,4851467,0.577037,10579,5619307,0.668364,8407551
2,2021-07-07,20732,10060319,14784,5399232,4837,4294112,1111,366975,8782,766192,0.091131,11802,4863269,0.578441,10154,5629461,0.669572,8407551
2,2021-07-08,19303,10079622,13443,5412675,4805,4298917,1055,368030,8096,764453,0.090925,11095,4874364,0.57976,9356,5638817,0.670685,8407551
2,2021-07-09,22742,10102364,15766,5428441,5707,4304624,1269,369299,9662,762644,0.090709,12940,4887304,0.581299,11131,5649948,0.672009,8407551
2,2021-07-10,14429,10116793,10651,5439092,3090,4307714,688,369987,6378,761912,0.090622,7955,4895259,0.582246,7223,5657171,0.672868,8407551
2,2021-07-11,6586,10123379,4844,5443936,1392,4309106,350,370337,3104,761999,0.090633,3437,4898696,0.582654,3524,5660695,0.673287,8407551
2,2021-07-12,18280,10141659,13434,5457370,3971,4313077,875,371212,7868,760655,0.090473,10289,4908985,0.583878,8945,5669640,0.674351,8407551
2,2021-07-13,19646,10161305,13876,5471246,4883,4317960,887,372099,8810,759864,0.090379,10685,4919670,0.585149,9894,5679534,0.675528,8407551
2,2021-07-14,18798,10180103,13431,5484677,4581,4322541,786,372885,8423,759042,0.090281,10243,4929913,0.586367,9421,5688955,0.676648,8407551
2,2021-07-15,18940,10199043,13728,5498405,4507,4327048,705,373590,8617,758378,0.090202,10203,4940116,0.587581,9539,5698494,0.677783,8407551
2,2021-07-16,22995,10222038,16553,5514958,5606,4332654,836,374426,11024,758609,0.090229,11836,4951952,0.588989,12067,5710561,0.679218,8407551
2,2021-07-17,14445,10236483,10528,5525486,3383,4336037,534,374960,6985,758897,0.090264,7366,4959318,0.589865,7654,5718215,0.680128,8407551
2,2021-07-18,7013,10243496,5240,5530726,1444,4337481,329,375289,3541,759410,0.090325,3428,4962746,0.590272,3941,5722156,0.680597,8407551
2,2021-07-19,18486,10261982,13773,5544499,3965,4341446,748,376037,9175,760320,0.090433,9193,4971939,0.591366,10103,5732259,0.681799,8407551
2,2021-07-20,21044,10283026,14989,5559488,5207,4346653,848,376885,10686,761855,0.090616,10219,4982158,0.592581,11754,5744013,0.683197,8407551
2,2021-07-21,20537,10303563,14956,5574444,4806,4351459,775,377660,10657,763734,0.090839,9749,4991907,0.593741,11628,5755641,0.68458,8407551
2,2021-07-22,20453,10324016,14605,5589049,4978,4356437,870,378530,10924,766321,0.091147,9380,5001287,0.594857,11967,5767608,0.686003,8407551
2,2021-07-23,24621,10348637,17252,5606301,6306,4362743,1063,379593,13402,769924,0.091575,11060,5012347,0.596172,14663,5782271,0.687747,8407551
2,2021-07-24,14918,10363555,10751,5617052,3664,4366407,503,380096,8333,772402,0.09187,6472,5018819,0.596942,8950,5791221,0.688812,8407551
2,2021-07-25,6745,10370300,4973,5622025,1629,4368036,143,380239,4986,775860,0.092281,1710,5020529,0.597145,5168,5796389,0.689427,8407551
2,2021-07-26,19243,10389543,13600,5635625,4856,4372892,787,381026,12189,782045,0.093017,6916,5027445,0.597968,13101,5809490,0.690985,8407551
2,2021-07-27,23045,10412588,16692,5652317,5486,4378378,867,381893,13489,787166,0.093626,9386,5036831,0.599084,14507,5823997,0.69271,8407551
2,2021-07-28,22774,10435362,16300,5668617,5571,4383949,903,382796,13486,792625,0.094275,9117,5045948,0.600169,14576,5838573,0.694444,8407551
2,2021-07-29,21548,10456910,15459,5684076,5175,4389124,914,383710,13025,798342,0.094955,8376,5054324,0.601165,14093,5852666,0.69612,8407551
2,2021-07-30,26362,10483272,18780,5702856,6616,4395740,966,384676,15788,804923,0.095738,10374,5064698,0.602399,16955,5869621,0.698137,8407551
2,2021-07-31,15792,10499064,11633,5714489,3650,4399390,509,385185,9561,809026,0.096226,6104,5070802,0.603125,10207,5879828,0.699351,8407551
2,2021-08-01,8071,10507135,6209,5720698,1690,4401080,172,385357,5286,811833,0.09656,2716,5073518,0.603448,5523,5885351,0.700008,8407551
2,2021-08-02,21342,10528477,16042,5736740,4532,4405612,768,386125,13523,818562,0.09736,7677,5081195,0.604361,14406,5899757,0.701721,8407551
2,2021-08-03,24196,10552673,17642,5754382,5527,4411139,1027,387152,15036,825749,0.098215,9009,5090204,0.605432,16196,5915953,0.703648,8407551
2,2021-08-04,22817,10575490,16899,5771281,5035,4416174,883,388035,14210,832479,0.099016,8460,5098664,0.606439,15190,5931143,0.705454,8407551
2,2021-08-05,23203,10598693,17006,5788287,5246,4421420,951,388986,14362,839234,0.099819,8670,5107334,0.60747,15425,5946568,0.707289,8407551
2,2021-08-06,27758,10626451,20336,5808623,6431,4427851,991,389977,16910,846601,0.100695,10662,5117996,0.608738,18029,5964597,0.709433,8407551
2,2021-08-07,16916,10643367,12580,5821203,3739,4431590,597,390574,10390,851255,0.101249,6414,5124410,0.609501,11068,5975665,0.71075,8407551
2,2021-08-08,9382,10652749,7103,5828306,2050,4433640,229,390803,5859,853948,0.101569,3437,5127847,0.60991,6130,5981795,0.711479,8407551
2,2021-08-09,23339,10676088,17895,5846201,4677,4438317,767,391570,14114,859901,0.102277,9059,5136906,0.610987,15012,5996807,0.713264,8407551
2,2021-08-10,24446,10700534,18005,5864206,5587,4443904,854,392424,14359,865349,0.102925,9905,5146811,0.612165,15353,6012160,0.715091,8407551
2,2021-08-11,22094,10722628,16491,5880697,4691,4448595,912,393336,12822,870091,0.103489,9090,5155901,0.613246,13832,6025992,0.716736,8407551
2,2021-08-12,23904,10746532,17088,5897785,5730,4454325,1086,394422,13918,875422,0.104123,9775,5165676,0.614409,15106,6041098,0.718532,8407551
2,2021-08-13,29998,10776530,21705,5919490,7245,4461570,1048,395470,17340,881650,0.104864,12295,5177971,0.615871,18523,6059621,0.720736,8407551
2,2021-08-14,18813,10795343,13877,5933367,4427,4465997,509,395979,10562,885205,0.105287,7658,5185629,0.616782,11213,6070834,0.722069,8407551
2,2021-08-15,9785,10805128,7348,5940715,2244,4468241,193,396172,5357,886832,0.10548,3995,5189624,0.617258,5622,6076456,0.722738,8407551
2,2021-08-16,24791,10829919,17544,5958259,6401,4474642,846,397018,12913,890109,0.10587,10636,5200260,0.618523,13913,6090369,0.724393,8407551
2,2021-08-17,26035,10855954,18428,5976687,6665,4481307,942,397960,12915,892434,0.106147,11663,5211923,0.61991,13988,6104357,0.726056,8407551
2,2021-08-18,26294,10882248,18674,5995361,6714,4488021,906,398866,12859,894648,0.10641,11700,5223623,0.621301,13914,6118271,0.727711,8407551
2,2021-08-19,26080,10908328,18013,6013374,7043,4495064,1024,399890,12939,897441,0.106742,11301,5234924,0.622646,14094,6132365,0.729388,8407551
2,2021-08-20,32537,10940865,22852,6036226,8638,4503702,1047,400937,15285,899093,0.106939,14832,5249756,0.62441,16484,6148849,0.731348,8407551
2,2021-08-21,19054,10959919,14058,6050284,4446,4508148,550,401487,9070,899957,0.107042,8891,5258647,0.625467,9755,6158604,0.732509,8407551
2,2021-08-22,10711,10970630,7925,6058209,2572,4510720,214,401701,5282,900680,0.107128,4851,5263498,0.626044,5574,6164178,0.733172,8407551
2,2021-08-23,26729,10997359,19551,6077760,6452,4517172,726,402427,12499,901722,0.107251,12431,5275929,0.627523,13473,6177651,0.734774,8407551
2,2021-08-24,27439,11024798,20418,6098178,6145,4523317,876,403303,12130,901510,0.107226,13435,5289364,0.629121,13223,6190874,0.736347,8407551
2,2021-08-25,26285,11051083,19927,6118105,5618,4528935,740,404043,11950,901835,0.107265,12579,5301943,0.630617,12904,6203778,0.737882,8407551
2,2021-08-26,26463,11077546,19733,6137838,5910,4534845,820,404863,11825,901955,0.107279,12720,5314663,0.63213,12840,6216618,0.739409,8407551
2,2021-08-27,32495,11110041,24142,6161980,7448,4542293,905,405768,13509,900246,0.107076,16407,5331070,0.634081,14698,6231316,0.741157,8407551
2,2021-08-28,19148,11129189,14625,6176605,4154,4546447,369,406137,8115,899090,0.106938,9827,5340897,0.63525,8671,6239987,0.742188,8407551
2,2021-08-29,11159,11140348,8533,6185138,2474,4548921,152,406289,4819,898479,0.106866,5707,5346604,0.635929,5096,6245083,0.742795,8407551
2,2021-08-30,25832,11166180,19263,6204401,5890,4554811,679,406968,10572,896749,0.10666,13242,5359846,0.637504,11512,6256595,0.744164,8407551
2,2021-08-31,25466,11191646,18558,6222959,6202,4561013,706,407674,10302,895019,0.106454,12981,5372827,0.639048,11251,6267846,0.745502,8407551
2,2021-09-01,24737,11216383,18029,6240988,6005,4567018,703,408377,10692,894831,0.106432,11811,5384638,0.640453,11623,6279469,0.746884,8407551
2,2021-09-02,23856,11240239,17150,6258138,6055,4573073,651,409028,9739,893608,0.106286,11795,5396433,0.641856,10572,6290041,0.748142,8407551
2,2021-09-03,30178,11270417,21931,6280069,7533,4580606,714,409742,11571,890343,0.105898,15775,5412208,0.643732,12510,6302551,0.74963,8407551
2,2021-09-04,16536,11286953,12539,6292608,3742,4584348,255,409997,6689,888645,0.105696,8802,5421010,0.644779,7104,6309655,0.750475,8407551
2,2021-09-05,9767,11296720,7329,6299937,2373,4586721,65,410062,4469,888521,0.105681,4746,5425756,0.645343,4622,6314277,0.751025,8407551
2,2021-09-06,5033,11301753,3423,6303360,1573,4588294,37,410099,2106,888059,0.105626,2656,5428412,0.645659,2194,6316471,0.751285,8407551
2,2021-09-07,24075,11325828,17862,6321222,5524,4593818,689,410788,8037,882702,0.104989,14317,5442729,0.647362,8960,6325431,0.752351,8407551
2,2021-09-08,12597,11338425,8883,6330105,3206,4597024,508,411296,4844,881576,0.104855,6548,5449277,0.648141,5422,6330853,0.752996,8407551
3,2020-12-15,336,336,336,336,0,0,0,0,336,336,4.1e-05,0,0,0.0,336,336,4.1e-05,8129050
3,2020-12-16,2539,2875,2539,2875,0,0,0,0,2539,2875,0.000354,0,0,0.0,2539,2875,0.000354,8129050
3,2020-12-17,7968,10843,7968,10843,0,0,0,0,7969,10844,0.001334,0,0,0.0,7969,10844,0.001334,8129050
3,2020-12-18,13596,24439,13575,24418,21,21,0,0,13592,24436,0.003006,0,0,0.0,13592,24436,0.003006,8129050
3,2020-12-19,7295,31734,7283,31701,12,33,0,0,7348,31782,0.00391,2,2,0.0,7348,31784,0.00391,8129050
3,2020-12-20,5702,37436,5687,37388,15,48,0,0,5750,37531,0.004617,1,3,0.0,5750,37534,0.004617,8129050
3,2020-12-21,14533,51969,14504,51892,29,77,0,0,14596,52126,0.006412,1,4,0.0,14596,52130,0.006413,8129050
3,2020-12-22,15025,66994,14409,66301,616,693,0,0,15059,67180,0.008264,5,9,1e-06,15059,67189,0.008265,8129050
3,2020-12-23,15061,82055,12394,78695,2667,3360,0,0,15081,82260,0.010119,2,11,1e-06,15082,82271,0.010121,8129050
3,2020-12-24,6889,88944,4923,83618,1966,5326,0,0,6885,89142,0.010966,3,14,2e-06,6885,89156,0.010968,8129050
3,2020-12-25,748,89692,686,84304,62,5388,0,0,743,89883,0.011057,2,16,2e-06,743,89899,0.011059,8129050
3,2020-12-26,4636,94328,3011,87315,1625,7013,0,0,4634,94517,0.011627,0,16,2e-06,4634,94533,0.011629,8129050
3,2020-12-27,3039,97367,1874,89189,1165,8178,0,0,3038,97555,0.012001,0,16,2e-06,3038,97571,0.012003,8129050
3,2020-12-28,13865,111232,8870,98059,4995,13173,0,0,13880,111426,0.013707,9,25,3e-06,13880,111451,0.01371,8129050
3,2020-12-29,15513,126745,8787,106846,6726,19899,0,0,15537,126960,0.015618,3,28,3e-06,15537,126988,0.015622,8129050
3,2020-12-30,18430,145175,10341,117187,8089,27988,0,0,18435,145393,0.017886,3,31,4e-06,18436,145424,0.017889,8129050
3,2020-12-31,8566,153741,3262,120449,5304,33292,0,0,8566,153957,0.018939,2,33,4e-06,8566,153990,0.018943,8129050
3,2021-01-01,1947,155688,937,121386,1010,34302,0,0,1941,155896,0.019178,2,35,4e-06,1941,155931,0.019182,8129050
3,2021-01-02,5011,160699,2471,123857,2540,36842,0,0,5008,160903,0.019794,1,36,4e-06,5008,160939,0.019798,8129050
3,2021-01-03,1643,162342,865,124722,778,37620,0,0,1634,162535,0.019994,2,38,5e-06,1634,162573,0.019999,8129050
3,2021-01-04,12211,174553,6062,130784,6149,43769,0,0,12179,174705,0.021491,9,47,6e-06,12179,174752,0.021497,8129050
3,2021-01-05,15982,190535,8304,139088,7678,51447,0,0,14264,187305,0.023041,1698,1745,0.000215,14298,189050,0.023256,8129050
3,2021-01-06,20809,211344,11031,150119,9778,61225,0,0,16144,198842,0.024461,4618,6363,0.000783,16155,205205,0.025243,8129050
3,2021-01-07,26903,238247,15380,165499,11523,72748,0,0,17302,206602,0.025415,9563,15926,0.001959,17323,222528,0.027374,8129050
3,2021-01-08,30936,269183,18864,184363,12072,84820,0,0,18284,212288,0.026115,12627,28553,0.003512,18313,240841,0.029627,8129050
3,2021-01-09,12631,281814,7132,191495,5499,90319,0,0,8043,215761,0.026542,4580,33133,0.004076,8053,248894,0.030618,8129050
3,2021-01-10,7292,289106,4522,196017,2770,93089,0,0,4096,216672,0.026654,3193,36326,0.004469,4104,252998,0.031123,8129050
3,2021-01-11,29497,318603,19286,215303,10211,103300,0,0,16679,220598,0.027137,12804,49130,0.006044,16730,269728,0.033181,8129050
3,2021-01-12,33103,351706,19680,234983,13423,116723,0,0,20281,228233,0.028076,12799,61929,0.007618,20434,290162,0.035694,8129050
3,2021-01-13,35067,386773,18292,253275,16775,133498,0,0,24668,242536,0.029836,10392,72321,0.008897,24695,314857,0.038732,8129050
3,2021-01-14,35108,421881,14355,267630,20753,154251,0,0,29120,265786,0.032696,5912,78233,0.009624,29162,344019,0.04232,8129050
3,2021-01-15,39433,461314,14672,282302,24761,179012,0,0,34674,295804,0.036389,4736,82969,0.010206,34754,378773,0.046595,8129050
3,2021-01-16,22066,483380,7527,289829,14539,193551,0,0,19676,313125,0.038519,2378,85347,0.010499,19699,398472,0.049018,8129050
3,2021-01-17,13233,496613,4505,294334,8728,202279,0,0,12135,324180,0.039879,1098,86445,0.010634,12153,410625,0.050513,8129050
3,2021-01-18,24992,521605,13051,307385,11941,214220,0,0,19287,337799,0.041555,5719,92164,0.011338,19338,429963,0.052892,8129050
3,2021-01-19,41624,563229,21224,328609,20400,234620,0,0,32177,360649,0.044365,9419,101583,0.012496,32269,462232,0.056862,8129050
3,2021-01-20,46609,609838,23210,351819,23399,258019,0,0,36842,387859,0.047713,9723,111306,0.013692,36933,499165,0.061405,8129050
3,2021-01-21,48675,658513,21156,372975,27519,285538,0,0,42989,425335,0.052323,5602,116908,0.014382,43078,542243,0.066704,8129050
3,2021-01-22,50267,708780,20043,393018,30224,315762,0,0,45925,466999,0.057448,4336,121244,0.014915,46000,588243,0.072363,8129050
3,2021-01-23,30701,739481,12905,405923,17796,333558,0,0,27364,491100,0.060413,3326,124570,0.015324,27427,615670,0.075737,8129050
3,2021-01-24,18100,757581,8557,414480,9543,343101,0,0,16900,506837,0.062349,1196,125766,0.015471,16933,632603,0.07782,8129050
3,2021-01-25,41365,798946,18429,432909,22936,366037,0,0,31177,527946,0.064946,10164,135930,0.016722,31273,663876,0.081667,8129050
3,2021-01-26,47830,846776,22853,455762,24977,391014,0,0,37429,555105,0.068287,10385,146315,0.017999,37544,701420,0.086286,8129050
3,2021-01-27,52135,898911,24821,480583,27314,418328,0,0,41243,585616,0.07204,10821,157136,0.01933,41332,742752,0.09137,8129050
3,2021-01-28,52767,951678,24450,505033,28317,446645,0,0,43593,620192,0.076293,9081,166217,0.020447,43657,786409,0.096741,8129050
3,2021-01-29,51712,1003390,24722,529755,26990,473635,0,0,41755,652242,0.080236,9762,175979,0.021648,41812,828221,0.101884,8129050
3,2021-01-30,37859,1041249,17830,547585,20029,493664,0,0,33072,680681,0.083734,4732,180711,0.02223,33171,861392,0.105965,8129050
3,2021-01-31,22965,1064214,12933,560518,10032,503696,0,0,21510,700783,0.086207,1436,182147,0.022407,21538,882930,0.108614,8129050
3,2021-02-01,46721,1110935,21365,581883,25356,529052,0,0,35564,725304,0.089224,11088,193235,0.023771,35609,918539,0.112995,8129050
3,2021-02-02,55130,1166065,22996,604879,32134,561186,0,0,42445,755218,0.092904,12586,205821,0.025319,42500,961039,0.118223,8129050
3,2021-02-03,60640,1226705,26949,631828,33691,594877,0,0,44998,784813,0.096544,15481,221302,0.027224,45076,1006115,0.123768,8129050
3,2021-02-04,65098,1291803,28156,659984,36942,631819,0,0,47560,815178,0.10028,17325,238627,0.029355,47690,1053805,0.129634,8129050
3,2021-02-05,71390,1363193,30057,690041,41333,673152,0,0,49155,842577,0.10365,21972,260599,0.032058,49371,1103176,0.135708,8129050
3,2021-02-06,44113,1407306,21097,711138,23016,696168,0,0,34291,867293,0.106691,9772,270371,0.03326,34488,1137664,0.13995,8129050
3,2021-02-07,19947,1427253,12705,723843,7242,703410,0,0,15315,878124,0.108023,4614,274985,0.033827,15445,1153109,0.14185,8129050
3,2021-02-08,52038,1479291,25111,748954,26927,730337,0,0,33985,894396,0.110025,17912,292897,0.036031,34184,1187293,0.146056,8129050
3,2021-02-09,59371,1538662,28800,777754,30571,760908,0,0,34622,904840,0.111309,24540,317437,0.03905,34984,1222277,0.150359,8129050
3,2021-02-10,69042,1607704,32117,809871,36925,797833,0,0,36855,910342,0.111986,31879,349316,0.042971,37381,1259658,0.154958,8129050
3,2021-02-11,71581,1679285,35185,845056,36396,834229,0,0,37879,915480,0.112618,33299,382615,0.047068,38437,1298095,0.159686,8129050
3,2021-02-12,76461,1755746,32924,877980,43537,877766,0,0,42036,924220,0.113693,34075,416690,0.051259,42815,1340910,0.164953,8129050
3,2021-02-13,45571,1801317,20645,898625,24926,902692,0,0,26056,931479,0.114586,19393,436083,0.053645,26652,1367562,0.168231,8129050
3,2021-02-14,27668,1828985,13812,912437,13856,916548,0,0,15318,934989,0.115018,12279,448362,0.055156,15789,1383351,0.170174,8129050
3,2021-02-15,40635,1869620,17510,929947,23125,939673,0,0,22380,940192,0.115658,18138,466500,0.057387,23341,1406692,0.173045,8129050
3,2021-02-16,71032,1940652,33622,963569,37410,977083,0,0,36708,943804,0.116103,34153,500653,0.061588,37765,1444457,0.177691,8129050
3,2021-02-17,72846,2013498,36792,1000361,36054,1013137,0,0,34362,941032,0.115762,38211,538864,0.066289,35439,1479896,0.18205,8129050
3,2021-02-18,77978,2091476,40712,1041073,37266,1050403,0,0,35892,936420,0.115194,41868,580732,0.071439,37256,1517152,0.186633,8129050
3,2021-02-19,70073,2161549,40342,1081415,29731,1080134,0,0,35272,937765,0.11536,34614,615346,0.075697,35959,1553111,0.191057,8129050
3,2021-02-20,43619,2205168,27506,1108921,16113,1096247,0,0,22664,940146,0.115653,20823,636169,0.078259,23204,1576315,0.193911,8129050
3,2021-02-21,24603,2229771,19753,1128674,4850,1101097,0,0,11799,939681,0.115595,12692,648861,0.07982,12227,1588542,0.195415,8129050
3,2021-02-22,48022,2277793,31242,1159916,16780,1117877,0,0,22413,937151,0.115284,25452,674313,0.082951,22922,1611464,0.198235,8129050
3,2021-02-23,64290,2342083,34884,1194800,29406,1147283,0,0,27935,931012,0.114529,36098,710411,0.087392,29959,1641423,0.201921,8129050
3,2021-02-24,80487,2422570,39564,1234364,40923,1188206,0,0,35343,924049,0.113672,44861,755272,0.09291,37898,1679321,0.206583,8129050
3,2021-02-25,90197,2512767,43902,1278266,46295,1234501,0,0,44718,926252,0.113943,45148,800420,0.098464,47351,1726672,0.212408,8129050
3,2021-02-26,101210,2613977,46276,1324542,54934,1289435,0,0,53155,934039,0.114901,47609,848029,0.104321,55396,1782068,0.219222,8129050
3,2021-02-27,71766,2685743,32982,1357524,38779,1328214,5,5,37617,939107,0.115525,33894,881923,0.10849,38962,1821030,0.224015,8129050
3,2021-02-28,41914,2727657,24227,1381751,17682,1345896,5,10,21176,940739,0.115726,20529,902452,0.111016,22161,1843191,0.226741,8129050
3,2021-03-01,71045,2798702,37622,1419373,33360,1379256,63,73,39441,950313,0.116903,31317,933769,0.114868,40891,1884082,0.231771,8129050
3,2021-03-02,82439,2881141,40626,1459999,41797,1421053,16,89,47450,965121,0.118725,34801,968570,0.119149,49609,1933691,0.237874,8129050
3,2021-03-03,92456,2973597,44248,1504247,48168,1469221,40,129,51544,978378,0.120356,40646,1009216,0.124149,53903,1987594,0.244505,8129050
3,2021-03-04,96875,3070472,47395,1551642,49453,1518674,27,156,54683,993497,0.122216,41915,1051131,0.129306,57034,2044628,0.251521,8129050
3,2021-03-05,93350,3163822,45582,1597224,47459,1566133,309,465,56253,1015542,0.124928,36785,1087916,0.133831,58830,2103458,0.258758,8129050
3,2021-03-06,66680,3230502,33783,1631007,30722,1596855,2175,2640,37925,1028520,0.126524,28579,1116495,0.137346,41557,2145015,0.26387,8129050
3,2021-03-07,39656,3270158,22842,1653849,14885,1611740,1929,4569,22283,1036600,0.127518,17288,1133783,0.139473,25368,2170383,0.266991,8129050
3,2021-03-08,60933,3331091,28984,1682833,28904,1640644,3045,7614,38465,1057338,0.130069,22287,1156070,0.142215,43025,2213408,0.272284,8129050
3,2021-03-09,78215,3409306,36088,1718921,37620,1678264,4507,12121,41958,1068848,0.131485,36072,1192142,0.146652,47582,2260990,0.278137,8129050
3,2021-03-10,84360,3493666,41935,1760856,36244,1714508,6181,18302,43979,1080228,0.132885,40129,1232271,0.151589,51509,2312499,0.284473,8129050
3,2021-03-11,98556,3592222,48222,1809078,41621,1756129,8713,27015,48147,1088007,0.133842,50102,1282373,0.157752,57881,2370380,0.291594,8129050
3,2021-03-12,103358,3695580,46155,1855233,45253,1801382,11950,38965,47070,1092055,0.13434,55997,1338370,0.16464,60045,2430425,0.29898,8129050
3,2021-03-13,71232,3766812,29985,1885218,33941,1835323,7306,46271,37503,1104592,0.135882,33563,1371933,0.168769,46100,2476525,0.304651,8129050
3,2021-03-14,41678,3808490,21767,1906985,16329,1851652,3582,49853,20980,1109165,0.136445,20598,1392531,0.171303,25171,2501696,0.307748,8129050
3,2021-03-15,76524,3885014,36292,1943277,35634,1887286,4598,54451,40254,1118971,0.137651,36002,1428533,0.175732,45808,2547504,0.313383,8129050
3,2021-03-16,95992,3981006,44254,1987531,47357,1934643,4381,58832,53831,1136181,0.139768,41876,1470409,0.180883,59086,2606590,0.320651,8129050
3,2021-03-17,99405,4080411,48264,2035795,46540,1981183,4601,63433,60207,1162681,0.143028,38929,1509338,0.185672,65429,2672019,0.3287,8129050
3,2021-03-18,104704,4185115,53196,2088991,46909,2028092,4599,68032,59834,1183080,0.145537,44545,1553883,0.191152,64944,2736963,0.336689,8129050
3,2021-03-19,104332,4289447,55993,2144984,43832,2071924,4507,72539,57918,1199913,0.147608,46098,1599981,0.196823,62931,2799894,0.344431,8129050
3,2021-03-20,72677,4362124,37436,2182420,31499,2103423,3742,76281,44581,1220831,0.150181,27861,1627842,0.20025,48779,2848673,0.350431,8129050
3,2021-03-21,36699,4398823,24905,2207325,10260,2113683,1534,77815,22009,1230291,0.151345,14555,1642397,0.20204,24015,2872688,0.353385,8129050
3,2021-03-22,71251,4470074,41855,2249180,26836,2140519,2560,80375,45156,1253192,0.154162,25815,1668212,0.205216,48716,2921404,0.359378,8129050
3,2021-03-23,90866,4560940,50271,2299451,38003,2178522,2592,82967,55202,1276324,0.157008,35358,1703570,0.209566,58490,2979894,0.366573,8129050
3,2021-03-24,99957,4660897,57528,2356979,39456,2217978,2973,85940,56354,1293061,0.159067,43188,1746758,0.214878,59925,3039819,0.373945,8129050
3,2021-03-25,108677,4769574,60366,2417345,45246,2263224,3065,89005,60640,1309759,0.161121,47635,1794393,0.220738,64333,3104152,0.381859,8129050
3,2021-03-26,112024,4881598,60098,2477443,48523,2311747,3403,92408,57144,1316661,0.16197,54480,1848873,0.22744,61382,3165534,0.38941,8129050
3,2021-03-27,75448,4957046,38381,2515824,34489,2346236,2578,94986,36237,1317193,0.162035,38943,1887816,0.232231,39475,3205009,0.394266,8129050
3,2021-03-28,44875,5001921,28285,2544109,15766,2362002,824,95810,22462,1318856,0.16224,22273,1910089,0.234971,23936,3228945,0.397211,8129050
3,2021-03-29,81828,5083749,42750,2586859,37208,2399210,1870,97680,44326,1328692,0.16345,37214,1947303,0.239549,47050,3275995,0.402999,8129050
3,2021-03-30,101564,5185313,49914,2636773,47923,2447133,3727,101407,56365,1344477,0.165392,44893,1992196,0.245071,60678,3336673,0.410463,8129050
3,2021-03-31,106221,5291534,57277,2694050,44036,2491169,4908,106315,56325,1356432,0.166862,49598,2041794,0.251173,61553,3398226,0.418035,8129050
3,2021-04-01,125246,5416780,63317,2757367,52038,2543207,9891,116206,67034,1375855,0.169252,57709,2099503,0.258272,77132,3475358,0.427523,8129050
3,2021-04-02,119029,5535809,58045,2815412,50499,2593706,10485,126691,62249,1392531,0.171303,56433,2155936,0.265214,73109,3548467,0.436517,8129050
3,2021-04-03,76671,5612480,39224,2854636,28137,2621843,9310,136001,38050,1401717,0.172433,38434,2194370,0.269942,47620,3596087,0.442375,8129050
3,2021-04-04,32663,5645143,17469,2872105,10938,2632781,4256,140257,14206,1401797,0.172443,18361,2212731,0.2722,18441,3614528,0.444643,8129050
3,2021-04-05,90627,5735770,45982,2918087,35268,2668049,9377,149634,43787,1409146,0.173347,46575,2259306,0.27793,53924,3668452,0.451277,8129050
3,2021-04-06,114504,5850274,55693,2973780,43468,2711517,15343,164977,53544,1418014,0.174438,60648,2319954,0.285391,69516,3737968,0.459828,8129050
3,2021-04-07,117341,5967615,60713,3034493,40202,2751719,16426,181403,56379,1430395,0.175961,60647,2380601,0.292851,73028,3810996,0.468812,8129050
3,2021-04-08,122401,6090016,60934,3095427,41123,2792842,20344,201747,56593,1442547,0.177456,65459,2446060,0.300904,77611,3888607,0.478359,8129050
3,2021-04-09,119543,6209559,59510,3154937,40686,2833528,19347,221094,52265,1447960,0.178122,66982,2513042,0.309143,72395,3961002,0.487265,8129050
3,2021-04-10,85174,6294733,38244,3193181,31487,2865015,15443,236537,34623,1448438,0.17818,50322,2563364,0.315334,50800,4011802,0.493514,8129050
3,2021-04-11,45643,6340376,24415,3217596,13115,2878130,8113,244650,17317,1446440,0.177935,28213,2591577,0.318804,26215,4038017,0.496739,8129050
3,2021-04-12,84786,6425162,42787,3260383,33073,2911203,8926,253576,38172,1448259,0.178158,46331,2637908,0.324504,48150,4086167,0.502662,8129050
3,2021-04-13,106324,6531486,57586,3317969,48525,2959728,213,253789,55752,1454831,0.178967,50285,2688193,0.33069,56857,4143024,0.509657,8129050
3,2021-04-14,108504,6639990,59354,3377323,49037,3008765,113,253902,53716,1455661,0.179069,54443,2742636,0.337387,55273,4198297,0.516456,8129050
3,2021-04-15,120176,6760166,67612,3444935,52477,3061242,87,253989,63803,1464382,0.180142,55993,2798629,0.344275,64714,4263011,0.524417,8129050
3,2021-04-16,116328,6876494,65231,3510166,50997,3112239,100,254089,60418,1470011,0.180834,55559,2854188,0.35111,61188,4324199,0.531944,8129050
3,2021-04-17,80100,6956594,43708,3553874,36377,3148616,15,254104,44455,1480076,0.182072,35393,2889581,0.355464,45458,4369657,0.537536,8129050
3,2021-04-18,39148,6995742,23686,3577560,15452,3164068,10,254114,18283,1478543,0.181884,20716,2910297,0.358012,19183,4388840,0.539896,8129050
3,2021-04-19,79628,7075370,44304,3621864,35263,3199331,61,254175,35619,1470978,0.180953,43764,2954061,0.363396,36199,4425039,0.544349,8129050
3,2021-04-20,101347,7176717,53330,3675194,47993,3247324,24,254199,48671,1468361,0.180631,52357,3006418,0.369836,49740,4474779,0.550468,8129050
3,2021-04-21,106665,7283382,59903,3735097,46679,3294003,83,254282,50090,1463496,0.180033,56135,3062553,0.376742,51270,4526049,0.556775,8129050
3,2021-04-22,112725,7396107,63340,3798437,49356,3343359,29,254311,48195,1448564,0.178196,64124,3126677,0.38463,49192,4575241,0.562826,8129050
3,2021-04-23,107038,7503145,61222,3859659,45783,3389142,33,254344,46676,1436335,0.176692,59967,3186644,0.392007,47738,4622979,0.568699,8129050
3,2021-04-24,74524,7577669,45988,3905647,28462,3417604,74,254418,36184,1435573,0.176598,38035,3224679,0.396686,37273,4660252,0.573284,8129050
3,2021-04-25,37245,7614914,23754,3929401,13473,3431077,18,254436,18958,1436845,0.176754,18107,3242786,0.398913,19379,4679631,0.575668,8129050
3,2021-04-26,74643,7689557,42217,3971618,31998,3463075,428,254864,31733,1427764,0.175637,42603,3285389,0.404154,33522,4713153,0.579791,8129050
3,2021-04-27,91801,7781358,48212,4019830,41816,3504891,1773,256637,36246,1411345,0.173617,55217,3340606,0.410947,38798,4751951,0.584564,8129050
3,2021-04-28,87639,7868997,49770,4069600,35708,3540599,2161,258798,35608,1397963,0.171971,51699,3392305,0.417306,38317,4790268,0.589278,8129050
3,2021-04-29,89997,7958994,51402,4121002,36346,3576945,2249,261047,31955,1374998,0.169146,57663,3449968,0.4244,34698,4824966,0.593546,8129050
3,2021-04-30,91511,8050505,51623,4172625,37395,3614340,2493,263540,33977,1354813,0.166663,57121,3507089,0.431427,36936,4861902,0.59809,8129050
3,2021-05-01,56130,8106635,35139,4207764,19496,3633836,1495,265035,20195,1341391,0.165012,35607,3542696,0.435807,22185,4884087,0.600819,8129050
3,2021-05-02,27160,8133795,18541,4226305,7594,3641430,1025,266060,9946,1335369,0.164271,17095,3559791,0.43791,11073,4895160,0.602181,8129050
3,2021-05-03,60369,8194164,35476,4261781,22507,3663937,2386,268446,17505,1312842,0.1615,42600,3602391,0.44315,20073,4915233,0.60465,8129050
3,2021-05-04,78127,8272291,45162,4306943,30266,3694203,2699,271145,22597,1283200,0.157854,55207,3657598,0.449942,25565,4940798,0.607795,8129050
3,2021-05-05,79675,8351966,47826,4354769,29115,3723318,2734,273879,21941,1250823,0.153871,57354,3714952,0.456997,24977,4965775,0.610868,8129050
3,2021-05-06,83952,8435918,53112,4407881,28288,3751606,2552,276431,20580,1211650,0.149052,62850,3777802,0.464729,23677,4989452,0.61378,8129050
3,2021-05-07,83012,8518930,51724,4459605,28630,3780236,2658,279089,21868,1175728,0.144633,60749,3838551,0.472202,24827,5014279,0.616835,8129050
3,2021-05-08,53058,8571988,32898,4492503,18428,3798664,1732,280821,14005,1152972,0.141834,38764,3877315,0.47697,16008,5030287,0.618804,8129050
3,2021-05-09,21128,8593116,15446,4507949,4888,3803552,794,281615,5485,1143781,0.140703,15540,3892855,0.478882,6349,5036636,0.619585,8129050
3,2021-05-10,48474,8641590,26085,4534034,20465,3824017,1924,283539,11186,1120083,0.137788,37063,3929918,0.483441,13365,5050001,0.621229,8129050
3,2021-05-11,64604,8706194,36253,4570287,26116,3850133,2235,285774,16180,1090822,0.134188,48148,3978066,0.489364,18887,5068888,0.623552,8129050
3,2021-05-12,65340,8771534,37548,4607835,25377,3875510,2415,288189,16633,1061788,0.130616,48403,4026469,0.495319,19369,5088257,0.625935,8129050
3,2021-05-13,76005,8847539,47906,4655741,26166,3901676,1933,290122,27686,1043986,0.128427,48049,4074518,0.501229,30247,5118504,0.629656,8129050
3,2021-05-14,81002,8928541,51118,4706859,27720,3929396,2164,292286,31313,1028707,0.126547,49358,4123876,0.507301,34079,5152583,0.633848,8129050
3,2021-05-15,62628,8991169,43156,4750015,18238,3947634,1234,293520,25859,1019499,0.125414,36538,4160414,0.511796,27330,5179913,0.63721,8129050
3,2021-05-16,33385,9024554,24976,4774991,7715,3955349,694,294214,13472,1013978,0.124735,19781,4180195,0.514229,14260,5194173,0.638964,8129050
3,2021-05-17,57366,9081920,36520,4811511,18980,3974329,1866,296080,21097,1001178,0.123161,35974,4216169,0.518655,23174,5217347,0.641815,8129050
3,2021-05-18,64947,9146867,38345,4849856,24719,3999048,1883,297963,24343,987490,0.121477,40310,4256479,0.523613,26622,5243969,0.64509,8129050
3,2021-05-19,64477,9211344,39192,4889048,23512,4022560,1773,299736,24923,975189,0.119963,39278,4295757,0.528445,26977,5270946,0.648409,8129050
3,2021-05-20,62243,9273587,36427,4925475,23949,4046509,1867,301603,22280,960023,0.118098,39655,4335412,0.533323,24489,5295435,0.651421,8129050
3,2021-05-21,66639,9340226,40506,4965981,24013,4070522,2120,303723,23771,943709,0.116091,42515,4377927,0.538553,26201,5321636,0.654644,8129050
3,2021-05-22,46098,9386324,30556,4996537,14062,4084584,1480,305203,19145,937880,0.115374,26710,4404637,0.541839,20881,5342517,0.657213,8129050
3,2021-05-23,21871,9408195,15136,5011673,6079,4090663,656,305859,9231,935336,0.115061,12544,4417181,0.543382,10000,5352517,0.658443,8129050
3,2021-05-24,39959,9448154,23399,5035072,14785,4105448,1775,307634,14741,927051,0.114042,25002,4442183,0.546458,16717,5369234,0.6605,8129050
3,2021-05-25,43174,9491328,24293,5059365,17183,4122631,1698,309332,15306,916719,0.112771,27570,4469753,0.549849,17238,5386472,0.66262,8129050
3,2021-05-26,42770,9534098,24467,5083832,16552,4139183,1751,311083,16015,908178,0.11172,26446,4496199,0.553103,17905,5404377,0.664823,8129050
3,2021-05-27,39713,9573811,22266,5106098,15686,4154869,1761,312844,15504,901676,0.11092,24018,4520217,0.556057,17516,5421893,0.666977,8129050
3,2021-05-28,43321,9617132,24494,5130592,17011,4171880,1816,314660,17987,896695,0.110307,25108,4545325,0.559146,20127,5442020,0.669453,8129050
3,2021-05-29,23658,9640790,14466,5145058,8352,4180232,840,315500,10998,896160,0.110242,12508,4557833,0.560685,11973,5453993,0.670926,8129050
3,2021-05-30,10688,9651478,6929,5151987,3123,4183355,636,316136,4481,895197,0.110123,6123,4563956,0.561438,5160,5459153,0.671561,8129050
3,2021-05-31,4715,9656193,2728,5154715,1720,4185075,267,316403,1475,893788,0.10995,3180,4567136,0.561829,1771,5460924,0.671779,8129050
3,2021-06-01,38094,9694287,21929,5176644,14705,4199780,1460,317863,13319,884259,0.108778,24500,4591636,0.564843,14971,5475895,0.673621,8129050
3,2021-06-02,31800,9726087,18314,5194958,12063,4211843,1423,319286,11752,877747,0.107977,19828,4611464,0.567282,13316,5489211,0.675259,8129050
3,2021-06-03,40047,9766134,27412,5222370,11187,4223030,1448,320734,11560,862696,0.106125,28298,4639762,0.570763,13247,5502458,0.676888,8129050
3,2021-06-04,46736,9812870,33077,5255447,12104,4235134,1555,322289,13310,844820,0.103926,33162,4672924,0.574843,15286,5517744,0.678769,8129050
3,2021-06-05,34643,9847513,26126,5281573,7325,4242459,1192,323481,8774,829338,0.102022,25646,4698570,0.577997,10164,5527908,0.680019,8129050
3,2021-06-06,14728,9862241,12292,5293865,1850,4244309,586,324067,3701,822839,0.101222,10957,4709527,0.579345,4458,5532366,0.680567,8129050
3,2021-06-07,30695,9892936,22308,5316173,7094,4251403,1293,325360,8873,811466,0.099823,21656,4731183,0.582009,10283,5542649,0.681832,8129050
3,2021-06-08,34465,9927401,24723,5340896,8440,4259843,1302,326662,9945,798642,0.098245,24299,4755482,0.584998,11475,5554124,0.683244,8129050
3,2021-06-09,33161,9960562,24052,5364948,7800,4267643,1309,327971,8897,784940,0.09656,24077,4779559,0.58796,10375,5564499,0.68452,8129050
3,2021-06-10,32685,9993247,23570,5388518,7575,4275218,1540,329511,8999,772162,0.094988,23518,4803077,0.590853,10740,5575239,0.685841,8129050
3,2021-06-11,35912,10029159,25403,5413921,9125,4284343,1384,330895,10677,759378,0.093415,25023,4828100,0.593932,12239,5587478,0.687347,8129050
3,2021-06-12,25507,10054666,19240,5433161,5367,4289710,900,331795,6747,748561,0.092085,18633,4846733,0.596224,7816,5595294,0.688308,8129050
3,2021-06-13,10231,10064897,7670,5440831,2067,4291777,494,332289,2385,743720,0.091489,7794,4854527,0.597183,2953,5598247,0.688672,8129050
3,2021-06-14,26091,10090988,18713,5459544,5927,4297704,1451,333740,8151,735667,0.090499,17799,4872326,0.599372,9746,5607993,0.689871,8129050
3,2021-06-15,29082,10120070,19684,5479228,7869,4305573,1529,335269,9763,728059,0.089563,19069,4891395,0.601718,11461,5619454,0.691281,8129050
3,2021-06-16,26217,10146287,18647,5497875,6137,4311710,1433,336702,8871,721357,0.088738,17155,4908550,0.603828,10453,5629907,0.692566,8129050
3,2021-06-17,25026,10171313,17911,5515786,5811,4317521,1304,338006,8682,715307,0.087994,16176,4924726,0.605818,10126,5640033,0.693812,8129050
3,2021-06-18,28088,10199401,19825,5535611,6690,4324211,1573,339579,9787,708772,0.08719,18063,4942789,0.60804,11528,5651561,0.69523,8129050
3,2021-06-19,16072,10215473,11810,5547421,3399,4327610,863,340442,5743,705288,0.086761,10199,4952988,0.609295,6715,5658276,0.696056,8129050
3,2021-06-20,6907,10222380,5184,5552605,1421,4329031,302,340744,2618,704031,0.086607,4231,4957219,0.609815,2974,5661250,0.696422,8129050
3,2021-06-21,16277,10238657,10275,5562880,4596,4333627,1406,342150,8090,705557,0.086795,8090,4965309,0.61081,9616,5670866,0.697605,8129050
3,2021-06-22,22150,10260807,15518,5578398,5322,4338949,1310,343460,8249,701506,0.086296,13765,4979074,0.612504,9714,5680580,0.6988,8129050
3,2021-06-23,20333,10281140,14232,5592630,4755,4343704,1346,344806,8035,698846,0.085969,12181,4991255,0.614002,9521,5690101,0.699971,8129050
3,2021-06-24,20046,10301186,13951,5606581,4635,4348339,1460,346266,7813,696181,0.085641,12048,5003303,0.615484,9383,5699484,0.701125,8129050
3,2021-06-25,23435,10324621,16626,5623207,5382,4353721,1427,347693,9130,692702,0.085213,14164,5017467,0.617227,10685,5710169,0.70244,8129050
3,2021-06-26,14061,10338682,10445,5633652,2842,4356563,774,348467,5868,691420,0.085055,8082,5025549,0.618221,6800,5716969,0.703276,8129050
3,2021-06-27,6767,10345449,5240,5638892,1220,4357783,307,348774,2891,690827,0.084983,3827,5029376,0.618692,3234,5720203,0.703674,8129050
3,2021-06-28,16145,10361594,12413,5651305,2644,4360427,1088,349862,6785,689599,0.084831,9207,5038583,0.619824,7979,5728182,0.704656,8129050
3,2021-06-29,18205,10379799,12820,5664125,4370,4364797,1015,350877,7476,687644,0.084591,10579,5049162,0.621126,8624,5736806,0.705717,8129050
3,2021-06-30,17274,10397073,12253,5676378,3970,4368767,1051,351928,7459,686665,0.084471,9636,5058798,0.622311,8657,5745463,0.706782,8129050
3,2021-07-01,16531,10413604,11776,5688154,3675,4372442,1080,353008,6972,685404,0.084315,9414,5068212,0.623469,8153,5753616,0.707785,8129050
3,2021-07-02,18670,10432274,13280,5701434,4282,4376724,1108,354116,7977,684017,0.084145,10568,5078780,0.624769,9181,5762797,0.708914,8129050
3,2021-07-03,10190,10442464,7368,5708802,2381,4379105,441,354557,4366,683182,0.084042,5744,5084524,0.625476,4909,5767706,0.709518,8129050
3,2021-07-04,733,10443197,432,5709234,214,4379319,87,354644,284,683129,0.084036,440,5084964,0.62553,387,5768093,0.709565,8129050
3,2021-07-05,9612,10452809,7026,5716260,2160,4381479,426,355070,4359,682800,0.083995,5179,5090143,0.626167,4850,5772943,0.710162,8129050
3,2021-07-06,19259,10472068,13951,5730211,4177,4385656,1131,356201,6971,678924,0.083518,12101,5102244,0.627656,8225,5781168,0.711174,8129050
3,2021-07-07,15861,10487929,11249,5741460,3486,4389142,1126,357327,6374,677184,0.083304,9347,5111591,0.628805,7607,5788775,0.71211,8129050
3,2021-07-08,15457,10503386,11174,5752634,3280,4392422,1003,358330,6233,675441,0.08309,9068,5120659,0.629921,7325,5796100,0.713011,8129050
3,2021-07-09,17766,10521152,12402,5765036,4139,4396561,1225,359555,7368,673886,0.082898,10258,5130917,0.631183,8703,5804803,0.714081,8129050
3,2021-07-10,10990,10532142,8100,5773136,2220,4398781,670,360225,4680,673093,0.082801,6232,5137149,0.631949,5439,5810242,0.71475,8129050
3,2021-07-11,5164,10537306,3826,5776962,1061,4399842,277,360502,2337,672952,0.082784,2775,5139924,0.632291,2634,5812876,0.715074,8129050
3,2021-07-12,14398,10551704,10511,5787473,2882,4402724,1005,361507,5759,671228,0.082572,8557,5148481,0.633344,6833,5819709,0.715915,8129050
3,2021-07-13,15222,10566926,10751,5798224,3554,4406278,917,362424,6690,670487,0.08248,8428,5156909,0.63438,7687,5827396,0.716861,8129050
3,2021-07-14,14513,10581439,10309,5808533,3278,4409556,926,363350,6487,670035,0.082425,7925,5164834,0.635355,7473,5834869,0.71778,8129050
3,2021-07-15,14834,10596273,10723,5819256,3268,4412824,843,364193,6807,669833,0.0824,7928,5172762,0.63633,7726,5842595,0.71873,8129050
3,2021-07-16,17840,10614113,12824,5832080,4122,4416946,894,365087,8520,670113,0.082434,9209,5181971,0.637463,9489,5852084,0.719898,8129050
3,2021-07-17,11336,10625449,8308,5840388,2490,4419436,538,365625,5398,670252,0.082451,5863,5187834,0.638185,6002,5858086,0.720636,8129050
3,2021-07-18,5771,10631220,4362,5844750,1158,4420594,251,365876,2843,670488,0.08248,2884,5190718,0.638539,3120,5861206,0.72102,8129050
3,2021-07-19,14952,10646172,10942,5855692,3127,4423721,883,366759,7329,671253,0.082575,7521,5198239,0.639465,8286,5869492,0.722039,8129050
3,2021-07-20,16671,10662843,11611,5867303,4151,4427872,909,367668,8570,672840,0.08277,7974,5206213,0.640445,9561,5879053,0.723215,8129050
3,2021-07-21,16059,10678902,11372,5878675,3816,4431688,871,368539,8085,674034,0.082917,7842,5214055,0.64141,9036,5888089,0.724327,8129050
3,2021-07-22,16465,10695367,11636,5890311,3863,4435551,966,369505,8541,675807,0.083135,7798,5221853,0.642369,9571,5897660,0.725504,8129050
3,2021-07-23,19366,10714733,13810,5904121,4541,4440092,1015,370520,10392,678482,0.083464,8822,5230675,0.643455,11497,5909157,0.726919,8129050
3,2021-07-24,11670,10726403,8413,5912534,2674,4442766,583,371103,6452,680417,0.083702,5139,5235814,0.644087,7074,5916231,0.727789,8129050
3,2021-07-25,5700,10732103,4273,5916807,1215,4443981,212,371315,4115,683260,0.084052,1535,5237349,0.644276,4378,5920609,0.728327,8129050
3,2021-07-26,15625,10747728,10886,5927693,3763,4447744,976,372291,9455,687706,0.084599,6047,5243396,0.64502,10493,5931102,0.729618,8129050
3,2021-07-27,17612,10765340,12461,5940154,4170,4451914,981,373272,10088,691464,0.085061,7384,5250780,0.645928,11142,5942244,0.730989,8129050
3,2021-07-28,17175,10782515,12300,5952454,3835,4455749,1040,374312,9924,695374,0.085542,7104,5257884,0.646802,11014,5953258,0.732344,8129050
3,2021-07-29,16974,10799489,12222,5964676,3715,4459464,1037,375349,10023,699739,0.086079,6766,5264650,0.647634,11131,5964389,0.733713,8129050
3,2021-07-30,19710,10819199,13921,5978597,4698,4464162,1091,376440,11435,704294,0.086639,8060,5272710,0.648626,12615,5977004,0.735265,8129050
3,2021-07-31,12258,10831457,8877,5987474,2723,4466885,658,377098,7136,707174,0.086993,4978,5277688,0.649238,7858,5984862,0.736231,8129050
3,2021-08-01,6521,10837978,4964,5992438,1295,4468180,262,377360,4212,709441,0.087272,2242,5279930,0.649514,4509,5989371,0.736786,8129050
3,2021-08-02,16642,10854620,12077,6004515,3634,4471814,931,378291,10348,714616,0.087909,6168,5286098,0.650273,11343,6000714,0.738181,8129050
3,2021-08-03,18500,10873120,13342,6017857,4040,4475854,1118,379409,11020,719507,0.088511,7299,5293397,0.65117,12190,6012904,0.739681,8129050
3,2021-08-04,17602,10890722,12653,6030510,3934,4479788,1015,380424,10475,724079,0.089073,6967,5300364,0.652027,11539,6024443,0.7411,8129050
3,2021-08-05,18010,10908732,13003,6043513,3846,4483634,1161,381585,10867,729199,0.089703,6977,5307341,0.652886,12097,6036540,0.742589,8129050
3,2021-08-06,21862,10930594,15831,6059344,4869,4488503,1162,382747,12930,734630,0.090371,8727,5316068,0.653959,14158,6050698,0.74433,8129050
3,2021-08-07,12834,10943428,9522,6068866,2679,4491182,633,383380,7502,737626,0.09074,5188,5321256,0.654598,8184,6058882,0.745337,8129050
3,2021-08-08,7599,10951027,5815,6074681,1542,4492724,242,383622,4681,739752,0.091001,2834,5324090,0.654946,4960,6063842,0.745947,8129050
3,2021-08-09,18415,10969442,13786,6088467,3531,4496255,1098,384720,10392,743457,0.091457,7861,5331951,0.655913,11566,6075408,0.74737,8129050
3,2021-08-10,18637,10988079,13638,6102105,3976,4500231,1023,385743,10493,747045,0.091898,7965,5339916,0.656893,11553,6086961,0.748791,8129050
3,2021-08-11,16661,11004740,12067,6114172,3552,4503783,1042,386785,9283,750247,0.092292,7178,5347094,0.657776,10380,6097341,0.750068,8129050
3,2021-08-12,18236,11022976,12869,6127041,4266,4508049,1101,387886,10021,753413,0.092682,8003,5355097,0.65876,11169,6108510,0.751442,8129050
3,2021-08-13,22725,11045701,16105,6143146,5440,4513489,1180,389066,12375,757135,0.093139,9902,5364999,0.659979,13624,6122134,0.753118,8129050
3,2021-08-14,14767,11060468,10377,6153523,3744,4517233,646,389712,7679,759351,0.093412,6163,5371162,0.660737,8379,6130513,0.754149,8129050
3,2021-08-15,8403,11068871,6094,6159617,2018,4519251,291,390003,4218,760490,0.093552,3398,5374560,0.661155,4537,6135050,0.754707,8129050
3,2021-08-16,20756,11089627,14324,6173941,5437,4524688,995,390998,9829,762431,0.093791,8972,5383532,0.662258,10913,6145963,0.756049,8129050
3,2021-08-17,21392,11111019,14535,6188476,5797,4530485,1060,392058,9802,764052,0.09399,9351,5392883,0.663409,10972,6156935,0.757399,8129050
3,2021-08-18,21255,11132274,14163,6202639,6075,4536560,1017,393075,9566,765663,0.094188,9063,5401946,0.664524,10674,6167609,0.758712,8129050
3,2021-08-19,21308,11153582,14067,6216706,6148,4542708,1093,394168,9255,766998,0.094353,9080,5411026,0.665641,10415,6178024,0.759993,8129050
3,2021-08-20,26841,11180423,18074,6234780,7609,4550317,1158,395326,11293,767654,0.094433,11901,5422927,0.667105,12557,6190581,0.761538,8129050
3,2021-08-21,15571,11195994,11231,6246011,3751,4554068,589,395915,6532,767672,0.094436,7177,5430104,0.667988,7195,6197776,0.762423,8129050
3,2021-08-22,8866,11204860,6320,6252331,2319,4556387,227,396142,3961,768121,0.094491,3788,5433892,0.668454,4237,6202013,0.762944,8129050
3,2021-08-23,22760,11227620,15908,6268239,5903,4562290,949,397091,9743,769057,0.094606,9941,5443833,0.669676,10877,6212890,0.764282,8129050
3,2021-08-24,22656,11250276,16314,6284553,5442,4567732,900,397991,9357,769203,0.094624,10245,5454078,0.670937,10391,6223281,0.765561,8129050
3,2021-08-25,21672,11271948,15452,6300005,5307,4573039,913,398904,8999,769541,0.094666,9701,5463779,0.67213,10039,6233320,0.766796,8129050
3,2021-08-26,22261,11294209,15673,6315678,5586,4578625,1002,399906,8908,769688,0.094684,9882,5473661,0.673346,10029,6243349,0.768029,8129050
3,2021-08-27,27202,11321411,19601,6335279,6573,4585198,1028,400934,10477,768505,0.094538,12897,5486558,0.674932,11714,6255063,0.76947,8129050
3,2021-08-28,15735,11337146,11540,6346819,3732,4588930,463,401397,6280,767776,0.094448,7591,5494149,0.675866,6862,6261925,0.770314,8129050
3,2021-08-29,9107,11346253,6765,6353584,2186,4591116,156,401553,3617,767271,0.094386,4354,5498503,0.676402,3849,6265774,0.770788,8129050
3,2021-08-30,21819,11368072,15345,6368929,5642,4596758,832,402385,8189,766111,0.094244,10344,5508847,0.677674,9184,6274958,0.771918,8129050
3,2021-08-31,20933,11389005,14460,6383389,5695,4602453,778,403163,7335,764380,0.094031,9994,5518841,0.678904,8263,6283221,0.772934,8129050
3,2021-09-01,20310,11409315,13962,6397351,5515,4607968,833,403996,7767,764094,0.093995,9050,5527891,0.680017,8764,6291985,0.774012,8129050
3,2021-09-02,19775,11429090,13368,6410719,5584,4613552,823,404819,6955,762945,0.093854,9054,5536945,0.681131,7905,6299890,0.774985,8129050
3,2021-09-03,24945,11454035,17555,6428274,6545,4620097,845,405664,8637,760275,0.093526,12348,5549293,0.68265,9678,6309568,0.776175,8129050
3,2021-09-04,12857,11466892,9468,6437742,3008,4623105,381,406045,4657,758779,0.093342,6622,5555915,0.683464,5126,6314694,0.776806,8129050
3,2021-09-05,8027,11474919,5954,6443696,1984,4625089,89,406134,3308,758446,0.093301,3781,5559696,0.683929,3448,6318142,0.77723,8129050
3,2021-09-06,3996,11478915,2678,6446374,1228,4626317,90,406224,1573,758167,0.093266,1957,5561653,0.68417,1678,6319820,0.777436,8129050
3,2021-09-07,19826,11498741,13945,6460319,5074,4631391,807,407031,6148,754273,0.092787,11009,5572662,0.685524,7115,6326935,0.778312,8129050
3,2021-09-08,10111,11508852,6703,6467022,2793,4634184,615,407646,3429,753389,0.092679,4967,5577629,0.686135,4083,6331018,0.778814,8129050
4,2020-12-15,475,475,475,475,0,0,0,0,475,475,5.9e-05,0,0,0.0,475,475,5.9e-05,8037679
4,2020-12-16,3121,3596,3121,3596,0,0,0,0,3121,3596,0.000447,0,0,0.0,3121,3596,0.000447,8037679
4,2020-12-17,9143,12739,9143,12739,0,0,0,0,9143,12739,0.001585,0,0,0.0,9143,12739,0.001585,8037679
4,2020-12-18,16452,29191,16438,29177,14,14,0,0,16451,29190,0.003632,0,0,0.0,16451,29190,0.003632,8037679
4,2020-12-19,10489,39680,10478,39655,11,25,0,0,10430,39620,0.004929,0,0,0.0,10430,39620,0.004929,8037679
4,2020-12-20,7524,47204,7508,47163,16,41,0,0,7480,47100,0.00586,0,0,0.0,7480,47100,0.00586,8037679
4,2020-12-21,16582,63786,16547,63710,35,76,0,0,16513,63611,0.007914,2,2,0.0,16513,63613,0.007914,8037679
4,2020-12-22,17381,81167,16603,80313,778,854,0,0,17338,80945,0.010071,4,6,1e-06,17338,80951,0.010071,8037679
4,2020-12-23,17336,98503,14503,94816,2833,3687,0,0,17310,98253,0.012224,2,8,1e-06,17310,98261,0.012225,8037679
4,2020-12-24,8691,107194,6011,100827,2680,6367,0,0,8689,106941,0.013305,1,9,1e-06,8689,106950,0.013306,8037679
4,2020-12-25,918,108112,812,101639,106,6473,0,0,917,107857,0.013419,1,10,1e-06,917,107867,0.01342,8037679
4,2020-12-26,6300,114412,3949,105588,2351,8824,0,0,6298,114153,0.014202,2,12,1e-06,6298,114165,0.014204,8037679
4,2020-12-27,3499,117911,2015,107603,1484,10308,0,0,3499,117652,0.014638,0,12,1e-06,3499,117664,0.014639,8037679
4,2020-12-28,15401,133312,9489,117092,5912,16220,0,0,15371,133017,0.016549,6,18,2e-06,15371,133035,0.016551,8037679
4,2020-12-29,16046,149358,9003,126095,7043,23263,0,0,16013,149029,0.018541,1,19,2e-06,16013,149048,0.018544,8037679
4,2020-12-30,19584,168942,11445,137540,8139,31402,0,0,19574,168601,0.020976,2,21,3e-06,19574,168622,0.020979,8037679
4,2020-12-31,8432,177374,3401,140941,5031,36433,0,0,8417,177008,0.022022,10,31,4e-06,8417,177039,0.022026,8037679
4,2021-01-01,1909,179283,872,141813,1037,37470,0,0,1902,178907,0.022259,3,34,4e-06,1902,178941,0.022263,8037679
4,2021-01-02,5818,185101,3283,145096,2535,40005,0,0,5816,184722,0.022982,1,35,4e-06,5816,184757,0.022986,8037679
4,2021-01-03,2183,187284,1285,146381,898,40903,0,0,2167,186885,0.023251,4,39,5e-06,2167,186924,0.023256,8037679
4,2021-01-04,13192,200476,7111,153492,6081,46984,0,0,13143,200001,0.024883,27,66,8e-06,13143,200067,0.024891,8037679
4,2021-01-05,17197,217673,10182,163674,7015,53999,0,0,14918,212686,0.026461,2251,2317,0.000288,14936,215003,0.026749,8037679
4,2021-01-06,21942,239615,13444,177118,8498,62497,0,0,15707,222223,0.027648,6190,8507,0.001058,15727,230730,0.028706,8037679
4,2021-01-07,28378,267993,17347,194465,11031,73528,0,0,16842,227619,0.028319,11473,19980,0.002486,16869,247599,0.030805,8037679
4,2021-01-08,33360,301353,21426,215891,11934,85462,0,0,18507,231371,0.028786,14786,34766,0.004325,18538,266137,0.033111,8037679
4,2021-01-09,16484,317837,9745,225636,6739,92201,0,0,9572,234056,0.02912,6902,41668,0.005184,9587,275724,0.034304,8037679
4,2021-01-10,8876,326713,5738,231374,3138,95339,0,0,4207,233621,0.029066,4650,46318,0.005763,4215,279939,0.034828,8037679
4,2021-01-11,33985,360698,22311,253685,11674,107013,0,0,19121,237969,0.029607,14825,61143,0.007607,19173,299112,0.037214,8037679
4,2021-01-12,39032,399730,22531,276216,16501,123514,0,0,24514,248092,0.030866,14442,75585,0.009404,24565,323677,0.04027,8037679
4,2021-01-13,39377,439107,19522,295738,19855,143369,0,0,27842,264482,0.032905,11475,87060,0.010831,27865,351542,0.043737,8037679
4,2021-01-14,39923,479030,15404,311142,24519,167888,0,0,32587,289854,0.036062,7249,94309,0.011733,32621,384163,0.047795,8037679
4,2021-01-15,46045,525075,16128,327270,29917,197805,0,0,40307,324530,0.040376,5657,99966,0.012437,40333,424496,0.052813,8037679
4,2021-01-16,29097,554172,9472,336742,19625,217430,0,0,25897,347279,0.043206,3166,103132,0.012831,25915,450411,0.056037,8037679
4,2021-01-17,19135,573307,6623,343365,12512,229942,0,0,17451,363082,0.045172,1661,104793,0.013038,17464,467875,0.05821,8037679
4,2021-01-18,29797,603104,13828,357193,15969,245911,0,0,23692,380800,0.047377,6011,110804,0.013786,23729,491604,0.061162,8037679
4,2021-01-19,46878,649982,23536,380729,23342,269253,0,0,36968,407996,0.05076,9847,120651,0.015011,37043,528647,0.065771,8037679
4,2021-01-20,53314,703296,28471,409200,24843,294096,0,0,42510,439870,0.054726,10701,131352,0.016342,42575,571222,0.071068,8037679
4,2021-01-21,58594,761890,26304,435504,32290,326386,0,0,51636,484672,0.0603,6887,138239,0.017199,51689,622911,0.077499,8037679
4,2021-01-22,56090,817980,22500,458004,33590,359976,0,0,50725,530168,0.06596,5263,143502,0.017854,50759,673670,0.083814,8037679
4,2021-01-23,40076,858056,17460,475464,22616,382592,0,0,35668,561471,0.069855,4400,147902,0.018401,35703,709373,0.088256,8037679
4,2021-01-24,24328,882384,10586,486050,13742,396334,0,0,22406,581991,0.072408,1909,149811,0.018639,22429,731802,0.091046,8037679
4,2021-01-25,48698,931082,22455,508505,26243,422577,0,0,37279,607950,0.075638,11378,161189,0.020054,37337,769139,0.095692,8037679
4,2021-01-26,57672,988754,29381,537886,28291,450868,0,0,45115,640628,0.079703,12505,173694,0.02161,45183,814322,0.101313,8037679
4,2021-01-27,57100,1045854,27106,564992,29994,480862,0,0,45752,675165,0.084,11274,184968,0.023013,45811,860133,0.107013,8037679
4,2021-01-28,57817,1103671,26092,591084,31725,512587,0,0,47442,712375,0.088629,10283,195251,0.024292,47493,907626,0.112921,8037679
4,2021-01-29,57563,1161234,27505,618589,30058,542645,0,0,46886,748794,0.09316,10505,205756,0.025599,46924,954550,0.118759,8037679
4,2021-01-30,38837,1200071,17440,636029,21397,564042,0,0,33357,776763,0.09664,5424,211180,0.026274,33393,987943,0.122914,8037679
4,2021-01-31,24583,1224654,12820,648849,11763,575805,0,0,22838,797900,0.09927,1721,212901,0.026488,22858,1010801,0.125758,8037679
4,2021-02-01,50590,1275244,24358,673207,26232,602037,0,0,38636,824697,0.102604,11886,224787,0.027967,38683,1049484,0.130571,8037679
4,2021-02-02,56448,1331692,25937,699144,30511,632548,0,0,43227,854844,0.106355,13136,237923,0.029601,43283,1092767,0.135956,8037679
4,2021-02-03,62936,1394628,30825,729969,32111,664659,0,0,48162,888410,0.110531,14656,252579,0.031424,48222,1140989,0.141955,8037679
4,2021-02-04,68510,1463138,31853,761822,36657,701316,0,0,51425,923028,0.114838,16931,269510,0.033531,51549,1192538,0.148368,8037679
4,2021-02-05,74119,1537257,34268,796090,39851,741167,0,0,51351,952002,0.118442,22521,292031,0.036333,51495,1244033,0.154775,8037679
4,2021-02-06,49279,1586536,26404,822494,22875,764042,0,0,37563,978123,0.121692,11646,303677,0.037782,37767,1281800,0.159474,8037679
4,2021-02-07,26771,1613307,17688,840182,9083,773125,0,0,20166,991966,0.123414,6572,310249,0.038599,20415,1302215,0.162014,8037679
4,2021-02-08,59476,1672783,30517,870699,28959,802084,0,0,38509,1009920,0.125648,20822,331071,0.04119,38776,1340991,0.166838,8037679
4,2021-02-09,68084,1740867,34585,905284,33499,835583,0,0,39763,1021908,0.12714,28224,359295,0.044701,40212,1381203,0.171841,8037679
4,2021-02-10,78447,1819314,39244,944528,39203,874786,0,0,41078,1026423,0.127701,37125,396420,0.04932,41640,1422843,0.177022,8037679
4,2021-02-11,82542,1901856,43024,987552,39518,914304,0,0,41866,1028512,0.127961,40463,436883,0.054354,42552,1465395,0.182316,8037679
4,2021-02-12,85445,1987301,38218,1025770,47227,961531,0,0,43801,1031676,0.128355,41436,478319,0.05951,44600,1509995,0.187865,8037679
4,2021-02-13,59410,2046711,30021,1055791,29389,990920,0,0,30106,1033547,0.128588,29152,507471,0.063137,31023,1541018,0.191724,8037679
4,2021-02-14,37272,2083983,19364,1075155,17908,1008828,0,0,18972,1034965,0.128764,18236,525707,0.065405,19654,1560672,0.194169,8037679
4,2021-02-15,46857,2130840,21979,1097134,24878,1033706,0,0,23911,1037221,0.129045,22852,548559,0.068248,25108,1585780,0.197293,8037679
4,2021-02-16,81324,2212164,37324,1134458,44000,1077706,0,0,41118,1039504,0.129329,40071,588630,0.073234,42354,1628134,0.202563,8037679
4,2021-02-17,82685,2294849,39097,1173555,43588,1121294,0,0,39130,1036438,0.128947,43350,631980,0.078627,40284,1668418,0.207575,8037679
4,2021-02-18,84615,2379464,46520,1220075,38095,1159389,0,0,38846,1031214,0.128297,45551,677531,0.084294,40327,1708745,0.212592,8037679
4,2021-02-19,83923,2463387,52795,1272870,31128,1190517,0,0,41674,1031520,0.128336,42057,719588,0.089527,42363,1751108,0.217862,8037679
4,2021-02-20,50355,2513742,33506,1306376,16849,1207366,0,0,27030,1036046,0.128899,23226,742814,0.092416,27752,1778860,0.221315,8037679
4,2021-02-21,30709,2544451,24337,1330713,6372,1213738,0,0,14649,1035056,0.128775,15961,758775,0.094402,14971,1793831,0.223178,8037679
4,2021-02-22,56182,2600633,38537,1369250,17645,1231383,0,0,26947,1033439,0.128574,29048,787823,0.098016,27431,1821262,0.226591,8037679
4,2021-02-23,77873,2678506,43146,1412396,34727,1266110,0,0,34035,1025565,0.127595,43604,831427,0.103441,35730,1856992,0.231036,8037679
4,2021-02-24,92993,2771499,49124,1461520,43869,1309979,0,0,41662,1018368,0.126699,51043,882470,0.109792,43846,1900838,0.236491,8037679
4,2021-02-25,104842,2876341,54892,1516412,49950,1359929,0,0,49688,1015824,0.126383,54905,937375,0.116623,52361,1953199,0.243005,8037679
4,2021-02-26,110824,2987165,55976,1572388,54848,1414777,0,0,56241,1020175,0.126924,54253,991628,0.123372,58604,2011803,0.250297,8037679
4,2021-02-27,80867,3068032,43980,1616368,36873,1451650,14,14,42668,1026406,0.127699,37964,1029592,0.128096,44195,2055998,0.255795,8037679
4,2021-02-28,50023,3118055,30854,1647222,19162,1470812,7,21,27152,1031832,0.128374,22645,1052237,0.130913,28071,2084069,0.259287,8037679
4,2021-03-01,81875,3199930,47889,1695111,33922,1504734,64,85,45047,1041751,0.129608,36448,1088685,0.135448,46367,2130436,0.265056,8037679
4,2021-03-02,90968,3290898,52104,1747215,38852,1543586,12,97,53021,1058900,0.131742,37728,1126413,0.140142,54877,2185313,0.271884,8037679
4,2021-03-03,104840,3395738,55674,1802889,49144,1592730,22,119,58223,1072579,0.133444,46370,1172783,0.145911,60049,2245362,0.279355,8037679
4,2021-03-04,103107,3498845,57398,1860287,45690,1638420,19,138,56037,1083634,0.134819,46803,1219586,0.151734,57858,2303220,0.286553,8037679
4,2021-03-05,99356,3598201,53581,1913868,45444,1683864,331,469,58042,1102923,0.137219,41056,1260642,0.156842,60345,2363565,0.294061,8037679
4,2021-03-06,78048,3676249,43933,1957801,31459,1715323,2656,3125,47671,1124315,0.139881,30228,1290870,0.160602,51620,2415185,0.300483,8037679
4,2021-03-07,45596,3721845,27858,1985659,15482,1730805,2256,5381,26609,1135326,0.14125,18891,1309761,0.162953,29902,2445087,0.304203,8037679
4,2021-03-08,69202,3791047,36088,2021747,29686,1760491,3428,8809,45349,1161654,0.144526,23704,1333465,0.165902,50032,2495119,0.310428,8037679
4,2021-03-09,83199,3874246,42006,2063753,35873,1796364,5320,14129,44787,1174540,0.146129,38202,1371667,0.170655,51088,2546207,0.316784,8037679
4,2021-03-10,93165,3967411,48009,2111762,37560,1833924,7596,21725,46800,1183612,0.147258,46137,1417804,0.176395,55209,2601416,0.323653,8037679
4,2021-03-11,102130,4069541,53505,2165267,40051,1873975,8574,30299,47066,1185371,0.147477,54772,1472576,0.183209,56531,2657947,0.330686,8037679
4,2021-03-12,106050,4175591,52143,2217410,43449,1917424,10458,40757,45327,1181397,0.146982,60409,1532985,0.190725,56435,2714382,0.337707,8037679
4,2021-03-13,82511,4258102,38176,2255586,35757,1953181,8578,49335,38990,1186504,0.147618,43365,1576350,0.19612,48472,2762854,0.343738,8037679
4,2021-03-14,50284,4308386,28636,2284222,17984,1971165,3664,52999,23483,1187490,0.14774,26691,1603041,0.199441,27677,2790531,0.347181,8037679
4,2021-03-15,84651,4393037,45520,2329742,34794,2005959,4337,57336,42903,1194020,0.148553,41435,1644476,0.204596,47965,2838496,0.353149,8037679
4,2021-03-16,109022,4502059,56748,2386490,48821,2054780,3453,60789,57258,1203859,0.149777,51479,1695955,0.211001,61318,2899814,0.360778,8037679
4,2021-03-17,108602,4610661,58427,2444917,46632,2101412,3543,64332,63361,1226273,0.152566,44942,1740897,0.216592,67356,2967170,0.369158,8037679
4,2021-03-18,108397,4719058,60108,2505025,44536,2145948,3753,68085,61114,1244494,0.154833,46984,1787881,0.222437,65205,3032375,0.37727,8037679
4,2021-03-19,112777,4831835,64878,2569903,42637,2188585,5262,73347,63787,1265161,0.157404,48676,1836557,0.228493,69343,3101718,0.385897,8037679
4,2021-03-20,85173,4917008,49873,2619776,32240,2220825,3060,76407,51866,1287230,0.160149,33100,1869657,0.232612,55169,3156887,0.392761,8037679
4,2021-03-21,48698,4965706,35297,2655073,11144,2231969,2257,78664,28375,1298005,0.16149,20172,1889829,0.235121,30947,3187834,0.396611,8037679
4,2021-03-22,83517,5049223,54482,2709555,26262,2258231,2773,81437,51454,1321117,0.164365,31779,1921608,0.239075,54891,3242725,0.40344,8037679
4,2021-03-23,106327,5155550,63685,2773240,40452,2298683,2190,83627,62142,1342087,0.166974,43877,1965485,0.244534,64847,3307572,0.411508,8037679
4,2021-03-24,115089,5270639,74214,2847454,38405,2337088,2470,86097,63918,1358176,0.168976,50692,2016177,0.250841,66781,3374353,0.419817,8037679
4,2021-03-25,118867,5389506,73125,2920579,43262,2380350,2480,88577,66484,1375727,0.17116,51866,2068043,0.257294,69417,3443770,0.428453,8037679
4,2021-03-26,121556,5511062,73698,2994277,44770,2425120,3088,91665,65335,1388896,0.172798,55803,2123846,0.264236,68972,3512742,0.437034,8037679
4,2021-03-27,93256,5604318,54950,3049227,36473,2461593,1833,93498,46927,1392052,0.173191,46053,2169899,0.269966,49209,3561951,0.443157,8037679
4,2021-03-28,56519,5660837,37352,3086579,18279,2479872,888,94386,29680,1396348,0.173725,26637,2196536,0.27328,30933,3592884,0.447005,8037679
4,2021-03-29,95200,5756037,56984,3143563,36098,2515970,2118,96504,50797,1405698,0.174889,44103,2240639,0.278767,53453,3646337,0.453655,8037679
4,2021-03-30,118844,5874881,64870,3208433,49745,2565715,4229,100733,69708,1431153,0.178056,48846,2289485,0.284844,74301,3720638,0.4629,8037679
4,2021-03-31,122602,5997483,72359,3280792,43883,2609598,6360,107093,68185,1451827,0.180628,54019,2343504,0.291565,74693,3795331,0.472192,8037679
4,2021-04-01,144330,6141813,82187,3362979,48680,2658278,13463,120556,84497,1490226,0.185405,59256,2402760,0.298937,97655,3892986,0.484342,8037679
4,2021-04-02,138119,6279932,73802,3436781,50613,2708891,13704,134260,79247,1524588,0.18968,58531,2461291,0.306219,92893,3985879,0.495899,8037679
4,2021-04-03,102012,6381944,54511,3491292,33946,2742837,13555,147815,53131,1542515,0.191911,48649,2509940,0.312272,66576,4052455,0.504182,8037679
4,2021-04-04,47240,6429184,24957,3516249,14722,2757559,7561,155376,20537,1543798,0.19207,26570,2536510,0.315577,27853,4080308,0.507648,8037679
4,2021-04-05,110981,6540165,62261,3578510,35720,2793279,13000,168376,57374,1561134,0.194227,53341,2589851,0.322214,70677,4150985,0.516441,8037679
4,2021-04-06,140287,6680452,78923,3657433,41375,2834654,19989,188365,72542,1586513,0.197384,67473,2657324,0.330608,92852,4243837,0.527993,8037679
4,2021-04-07,139088,6819540,78826,3736259,39339,2873993,20923,209288,71804,1612255,0.200587,66994,2724318,0.338943,92736,4336573,0.539531,8037679
4,2021-04-08,141527,6961067,78829,3815088,36989,2910982,25709,234997,70495,1637927,0.203781,70681,2794999,0.347737,96353,4432926,0.551518,8037679
4,2021-04-09,139058,7100125,76187,3891275,39612,2950594,23259,258256,66318,1655735,0.205997,72441,2867440,0.35675,90249,4523175,0.562746,8037679
4,2021-04-10,104745,7204870,51642,3942917,34030,2984624,19073,277329,47266,1665615,0.207226,57238,2924678,0.363871,67118,4590293,0.571097,8037679
4,2021-04-11,63183,7268053,38362,3981279,13529,2998153,11292,288621,27642,1670045,0.207777,35406,2960084,0.368276,39836,4630129,0.576053,8037679
4,2021-04-12,103871,7371924,63060,4044339,30471,3028624,10340,298961,52228,1682453,0.209321,51294,3011378,0.374658,63702,4693831,0.583978,8037679
4,2021-04-13,131507,7503431,82483,4126822,48858,3077482,166,299127,78383,1709093,0.212635,52785,3064163,0.381225,79425,4773256,0.59386,8037679
4,2021-04-14,137070,7640501,87444,4214266,49545,3127027,81,299208,75640,1725007,0.214615,61051,3125214,0.38882,76965,4850221,0.603436,8037679
4,2021-04-15,157293,7797794,104527,4318793,52683,3179710,83,299291,95977,1760994,0.219092,60884,3186098,0.396395,96871,4947092,0.615488,8037679
4,2021-04-16,144519,7942313,91589,4410382,52845,3232555,85,299376,83592,1784841,0.222059,60563,3246661,0.40393,84410,5031502,0.625989,8037679
4,2021-04-17,102111,8044424,64137,4474519,37946,3270501,28,299404,59604,1803461,0.224376,42192,3288853,0.409179,60812,5092314,0.633555,8037679
4,2021-04-18,57542,8101966,38985,4513504,18552,3289053,5,299409,32245,1811542,0.225381,25137,3313990,0.412307,33218,5125532,0.637688,8037679
4,2021-04-19,101754,8203720,67003,4580507,34729,3323782,22,299431,51354,1813407,0.225613,50119,3364109,0.418542,51984,5177516,0.644156,8037679
4,2021-04-20,132118,8335838,78660,4659167,53433,3377215,25,299456,68235,1819255,0.226341,63512,3427621,0.426444,69360,5246876,0.652785,8037679
4,2021-04-21,135439,8471277,88386,4747553,46986,3424201,67,299523,67876,1821224,0.226586,67107,3494728,0.434793,69076,5315952,0.661379,8037679
4,2021-04-22,142505,8613782,94575,4842128,47905,3472106,25,299548,63394,1807126,0.224832,78665,3573393,0.44458,64567,5380519,0.669412,8037679
4,2021-04-23,135902,8749684,88447,4930575,47429,3519535,26,299574,58682,1790232,0.22273,76820,3650213,0.454138,59926,5440445,0.676868,8037679
4,2021-04-24,99476,8849160,67142,4997717,32280,3551815,54,299628,45625,1783482,0.22189,53524,3703737,0.460797,46774,5487219,0.682687,8037679
4,2021-04-25,50678,8899838,35736,5033453,14915,3566730,27,299655,26376,1786216,0.22223,24140,3727877,0.4638,26874,5514093,0.686031,8037679
4,2021-04-26,92723,8992561,60830,5094283,31478,3598208,415,300070,36279,1768158,0.219984,56103,3783980,0.47078,38045,5552138,0.690764,8037679
4,2021-04-27,114549,9107110,70041,5164324,42177,3640385,2331,302401,41072,1739247,0.216387,73132,3857112,0.479879,44221,5596359,0.696266,8037679
4,2021-04-28,105288,9212398,68767,5233091,33965,3674350,2556,304957,38329,1714237,0.213275,66585,3923697,0.488163,41575,5637934,0.701438,8037679
4,2021-04-29,106757,9319155,68170,5301261,36040,3710390,2547,307504,34277,1679574,0.208963,72097,3995794,0.497133,37434,5675368,0.706095,8037679
4,2021-04-30,106469,9425624,67384,5368645,36355,3746745,2730,310234,36432,1649810,0.20526,69602,4065396,0.505792,39838,5715206,0.711052,8037679
4,2021-05-01,70328,9495952,46627,5415272,21905,3768650,1796,312030,20465,1623182,0.201947,49528,4114924,0.511954,22900,5738106,0.713901,8037679
4,2021-05-02,37908,9533860,26906,5442178,9697,3778347,1305,313335,10557,1607972,0.200054,27212,4142136,0.51534,12002,5750108,0.715394,8037679
4,2021-05-03,79765,9613625,55620,5497798,21637,3799984,2508,315843,19208,1569781,0.195303,60264,4202400,0.522838,22073,5772181,0.71814,8037679
4,2021-05-04,101982,9715607,69789,5567587,29397,3829381,2796,318639,22656,1516642,0.188692,78986,4281386,0.532664,25847,5798028,0.721356,8037679
4,2021-05-05,102817,9818424,72478,5640065,27578,3856959,2761,321400,21799,1460854,0.181751,80650,4362036,0.542698,24862,5822890,0.724449,8037679
4,2021-05-06,112632,9931056,84388,5724453,25282,3882241,2962,324362,19558,1391951,0.173178,92552,4454588,0.554213,23649,5846539,0.727391,8037679
4,2021-05-07,105530,10036586,75853,5800306,26985,3909226,2692,327054,20623,1331188,0.165618,84496,4539084,0.564726,23733,5870272,0.730344,8037679
4,2021-05-08,70259,10106845,48452,5848758,19866,3929092,1941,328995,13795,1291067,0.160627,56205,4595289,0.571718,16084,5886356,0.732345,8037679
4,2021-05-09,34563,10141408,28266,5877024,5345,3934437,952,329947,7349,1272364,0.1583,27096,4622385,0.57509,8393,5894749,0.733389,8037679
4,2021-05-10,65528,10206936,43851,5920875,19333,3953770,2344,332291,11050,1231818,0.153255,54236,4676621,0.581837,13690,5908439,0.735093,8037679
4,2021-05-11,83781,10290717,52448,5973323,29127,3982897,2206,334497,15815,1182690,0.147143,67694,4744315,0.590259,18566,5927005,0.737403,8037679
4,2021-05-12,80257,10370974,53359,6026682,24415,4007312,2483,336980,16621,1138935,0.141699,63310,4807625,0.598136,19555,5946560,0.739835,8037679
4,2021-05-13,105307,10476281,77456,6104138,26300,4033612,1551,338531,40681,1117959,0.13909,64266,4871891,0.606132,43290,5989850,0.745221,8037679
4,2021-05-14,105590,10581871,74484,6178622,28964,4062576,2142,340673,40550,1096497,0.13642,64689,4936580,0.61418,43227,6033077,0.750599,8037679
4,2021-05-15,86231,10668102,66629,6245251,18260,4080836,1342,342015,37965,1088116,0.135377,47996,4984576,0.620151,39615,6072692,0.755528,8037679
4,2021-05-16,51924,10720026,41814,6287065,9390,4090226,720,342735,21265,1079752,0.134336,30492,5015068,0.623945,22128,6094820,0.758281,8037679
4,2021-05-17,71570,10791596,52286,6339351,17434,4107660,1850,344585,28206,1066914,0.132739,43136,5058204,0.629312,30298,6125118,0.762051,8037679
4,2021-05-18,82273,10873869,53501,6392852,27010,4134670,1762,346347,29345,1045856,0.130119,52543,5110747,0.635849,31485,6156603,0.765968,8037679
4,2021-05-19,77429,10951298,52351,6445203,23120,4157790,1958,348305,31069,1033135,0.128536,46029,5156776,0.641575,33308,6189911,0.770112,8037679
4,2021-05-20,69529,11020827,44709,6489912,22810,4180600,2010,350315,25730,1017738,0.126621,43486,5200262,0.646986,28089,6218000,0.773606,8037679
4,2021-05-21,74259,11095086,48943,6538855,23423,4204023,1893,352208,26124,998219,0.124192,47800,5248062,0.652933,28281,6246281,0.777125,8037679
4,2021-05-22,50252,11145338,35249,6574104,13728,4217751,1275,353483,21774,993217,0.12357,28292,5276354,0.656452,23290,6269571,0.780023,8037679
4,2021-05-23,24029,11169367,17136,6591240,6167,4223918,726,354209,9735,989626,0.123123,14163,5290517,0.658215,10572,6280143,0.781338,8037679
4,2021-05-24,43361,11212728,27558,6618798,12785,4236703,3018,357227,15150,980024,0.121929,27970,5318487,0.661694,18368,6298511,0.783623,8037679
4,2021-05-25,45297,11258025,28175,6646973,14279,4250982,2843,360070,16024,970111,0.120695,29003,5347490,0.665303,19090,6317601,0.785998,8037679
4,2021-05-26,44985,11303010,26963,6673936,15404,4266386,2618,362688,15961,960081,0.119448,28782,5376272,0.668884,18752,6336353,0.788331,8037679
4,2021-05-27,39201,11342211,23508,6697444,12543,4278929,3150,365838,14727,953869,0.118675,24254,5400526,0.671901,18042,6354395,0.790576,8037679
4,2021-05-28,43718,11385929,27811,6725255,14287,4293216,1620,367458,18976,950235,0.118223,24448,5424974,0.674943,20814,6375209,0.793165,8037679
4,2021-05-29,23849,11409778,15475,6740730,7440,4300656,934,368392,10872,949362,0.118114,12816,5437790,0.676537,11943,6387152,0.794651,8037679
4,2021-05-30,12116,11421894,8508,6749238,3078,4303734,530,368922,5009,947944,0.117938,7026,5444816,0.677411,5608,6392760,0.795349,8037679
4,2021-05-31,3655,11425549,2328,6751566,1163,4304897,164,369086,1164,946868,0.117804,2425,5447241,0.677713,1349,6394109,0.795517,8037679
4,2021-06-01,39766,11465315,24709,6776275,12596,4317493,2461,371547,13084,936203,0.116477,26426,5473667,0.681001,15761,6409870,0.797478,8037679
4,2021-06-02,32928,11498243,20560,6796835,9547,4327040,2821,374368,10983,928406,0.115507,21747,5495414,0.683707,13950,6423820,0.799213,8037679
4,2021-06-03,48591,11546834,37291,6834126,8823,4335863,2477,376845,10475,903746,0.112439,37924,5533338,0.688425,13264,6437084,0.800864,8037679
4,2021-06-04,55406,11602240,44619,6878745,9452,4345315,1335,378180,12900,876547,0.109055,42249,5575587,0.693681,15050,6452134,0.802736,8037679
4,2021-06-05,45164,11647404,38682,6917427,5483,4350798,999,379179,8800,850451,0.105808,36197,5611784,0.698185,10101,6462235,0.803993,8037679
4,2021-06-06,21309,11668713,19010,6936437,1731,4352529,568,379747,3917,838056,0.104266,17279,5629063,0.700334,4884,6467119,0.8046,8037679
4,2021-06-07,38985,11707698,31539,6967976,5503,4358032,1943,381690,8517,818488,0.101831,30320,5659383,0.704107,10752,6477871,0.805938,8037679
4,2021-06-08,40756,11748454,31970,6999946,6234,4364266,2552,384242,9444,799712,0.099495,31110,5690493,0.707977,12334,6490205,0.807473,8037679
4,2021-06-09,39107,11787561,30999,7030945,5735,4370001,2373,386615,7921,779362,0.096964,31002,5721495,0.711834,10652,6500857,0.808798,8037679
4,2021-06-10,37346,11824907,29414,7060359,5305,4375306,2627,389242,8435,761948,0.094797,28738,5750233,0.71541,11324,6512181,0.810207,8037679
4,2021-06-11,38598,11863505,30283,7090642,6295,4381601,2020,391262,9961,745827,0.092791,28454,5778687,0.71895,12333,6524514,0.811741,8037679
4,2021-06-12,26820,11890325,22317,7112959,3784,4385385,719,391981,6107,732274,0.091105,20597,5799284,0.721512,7044,6531558,0.812617,8037679
4,2021-06-13,10895,11901220,8611,7121570,1804,4387189,480,392461,2282,726602,0.090399,8543,5807827,0.722575,2871,6534429,0.812975,8037679
4,2021-06-14,28797,11930017,21544,7143114,4443,4391632,2810,395271,7849,716680,0.089165,20799,5828626,0.725163,10877,6545306,0.814328,8037679
4,2021-06-15,30233,11960250,21401,7164515,5420,4397052,3412,398683,8367,707031,0.087965,21681,5850307,0.72786,12032,6557338,0.815825,8037679
4,2021-06-16,26854,11987104,20256,7184771,3971,4401023,2627,401310,8116,699443,0.087021,18542,5868849,0.730167,10954,6568292,0.817188,8037679
4,2021-06-17,25278,12012382,18672,7203443,3705,4404728,2901,404211,7665,692787,0.086192,17413,5886262,0.732334,10757,6579049,0.818526,8037679
4,2021-06-18,26804,12039186,21123,7224566,4444,4409172,1237,405448,8227,684133,0.085116,18366,5904628,0.734619,9712,6588761,0.819734,8037679
4,2021-06-19,15802,12054988,12778,7237344,2314,4411486,710,406158,5058,679473,0.084536,10595,5915223,0.735937,5935,6594696,0.820473,8037679
4,2021-06-20,7380,12062368,6073,7243417,1001,4412487,306,406464,2619,677785,0.084326,4698,5919921,0.736521,3010,6597706,0.820847,8037679
4,2021-06-21,14628,12076996,10570,7253987,2909,4415396,1149,407613,7337,679233,0.084506,7197,5927118,0.737417,8645,6606351,0.821923,8037679
4,2021-06-22,20555,12097551,16010,7269997,3463,4418859,1082,408695,7095,674241,0.083885,13321,5940439,0.739074,8329,6614680,0.822959,8037679
4,2021-06-23,18480,12116031,14499,7284496,2979,4421838,1002,409697,6713,670463,0.083415,11620,5952059,0.74052,7842,6622522,0.823935,8037679
4,2021-06-24,17671,12133702,13670,7298166,3012,4424850,989,410686,6566,667216,0.083011,10940,5962999,0.741881,7693,6630215,0.824892,8037679
4,2021-06-25,21707,12155409,17055,7315221,3599,4428449,1053,411739,7830,662541,0.082429,13728,5976727,0.743589,9053,6639268,0.826018,8037679
4,2021-06-26,13147,12168556,10705,7325926,1824,4430273,618,412357,4839,659927,0.082104,8183,5984910,0.744607,5569,6644837,0.826711,8037679
4,2021-06-27,6905,12175461,5598,7331524,965,4431238,342,412699,2904,659266,0.082022,3961,5988871,0.7451,3300,6648137,0.827121,8037679
4,2021-06-28,15218,12190679,12773,7344297,1584,4432822,861,413560,6099,657339,0.081782,9016,5997887,0.746221,7089,6655226,0.828003,8037679
4,2021-06-29,16598,12207277,12884,7357181,2898,4435720,816,414376,6421,654649,0.081448,10048,6007935,0.747471,7358,6662584,0.828919,8037679
4,2021-06-30,14730,12222007,11487,7368668,2504,4438224,739,415115,6125,653167,0.081263,8466,6016401,0.748525,6984,6669568,0.829788,8037679
4,2021-07-01,14679,12236686,11562,7380230,2366,4440590,751,415866,6033,651578,0.081065,8510,6024911,0.749583,6921,6676489,0.830649,8037679
4,2021-07-02,17022,12253708,13491,7393721,2753,4443343,778,416644,6974,649519,0.080809,9939,6034850,0.75082,7880,6684369,0.831629,8037679
4,2021-07-03,9291,12262999,7380,7401101,1497,4444840,414,417058,4012,648809,0.080721,5194,6040044,0.751466,4484,6688853,0.832187,8037679
4,2021-07-04,449,12263448,280,7401381,108,4444948,61,417119,199,648837,0.080724,243,6040287,0.751496,271,6689124,0.832221,8037679
4,2021-07-05,9277,12272725,7541,7408922,1320,4446268,416,417535,4216,648542,0.080688,4976,6045263,0.752116,4681,6693805,0.832803,8037679
4,2021-07-06,16655,12289380,13131,7422053,2713,4448981,811,418346,6143,645230,0.080276,10375,6055638,0.753406,7063,6700868,0.833682,8037679
4,2021-07-07,13831,12303211,10792,7432845,2254,4451235,785,419131,5204,642831,0.079977,8509,6064147,0.754465,6110,6706978,0.834442,8037679
4,2021-07-08,13327,12316538,10398,7443243,2084,4453319,845,419976,5233,641035,0.079754,7962,6072109,0.755456,6166,6713144,0.835209,8037679
4,2021-07-09,15552,12332090,11919,7455162,2693,4456012,940,420916,6320,639337,0.079542,9076,6081185,0.756585,7378,6720522,0.836127,8037679
4,2021-07-10,8929,12341019,7068,7462230,1457,4457469,404,421320,3771,638500,0.079438,5071,6086256,0.757216,4234,6724756,0.836654,8037679
4,2021-07-11,4997,12346016,3998,7466228,799,4458268,200,421520,2240,638257,0.079408,2713,6088969,0.757553,2470,6727226,0.836961,8037679
4,2021-07-12,13121,12359137,10390,7476618,2001,4460269,730,422250,5096,636242,0.079157,7942,6096911,0.758541,5927,6733153,0.837699,8037679
4,2021-07-13,12903,12372040,9878,7486496,2386,4462655,639,422889,5495,635170,0.079024,7302,6104213,0.75945,6230,6739383,0.838474,8037679
4,2021-07-14,11815,12383855,9289,7495785,1966,4464621,560,423449,5119,634315,0.078918,6601,6110814,0.760271,5746,6745129,0.839189,8037679
4,2021-07-15,12511,12396366,9934,7505719,1984,4466605,593,424042,5694,633991,0.078877,6687,6117501,0.761103,6363,6751492,0.83998,8037679
4,2021-07-16,15080,12411446,11760,7517479,2650,4469255,670,424712,6953,633700,0.078841,8022,6125523,0.762101,7731,6759223,0.840942,8037679
4,2021-07-17,9402,12420848,7437,7524916,1639,4470894,326,425038,4446,633660,0.078836,4857,6130380,0.762705,4817,6764040,0.841541,8037679
4,2021-07-18,5388,12426236,4339,7529255,849,4471743,200,425238,2546,633643,0.078834,2784,6133164,0.763052,2767,6766807,0.841886,8037679
4,2021-07-19,12875,12439111,10202,7539457,2015,4473758,658,425896,6116,633832,0.078858,6662,6139826,0.76388,6851,6773658,0.842738,8037679
4,2021-07-20,13934,12453045,10736,7550193,2529,4476287,669,426565,6889,634576,0.07895,6896,6146722,0.764738,7640,6781298,0.843689,8037679
4,2021-07-21,12917,12465962,10016,7560209,2246,4478533,655,427220,6435,635379,0.07905,6341,6153063,0.765527,7144,6788442,0.844577,8037679
4,2021-07-22,13610,12479572,10623,7570832,2321,4480854,666,427886,7082,636805,0.079227,6385,6159448,0.766322,7811,6796253,0.845549,8037679
4,2021-07-23,15852,12495424,12216,7583048,2928,4483782,708,428594,8294,638509,0.079439,7384,6166832,0.76724,9088,6805341,0.84668,8037679
4,2021-07-24,9660,12505084,7559,7590607,1768,4485550,333,428927,4968,639309,0.079539,4551,6171383,0.767807,5351,6810692,0.847346,8037679
4,2021-07-25,4812,12509896,3782,7594389,871,4486421,159,429086,3389,641508,0.079813,1364,6172747,0.767976,3563,6814255,0.847789,8037679
4,2021-07-26,13122,12523018,10272,7604661,2160,4488581,690,429776,7627,644543,0.08019,5335,6178082,0.76864,8370,6822625,0.84883,8037679
4,2021-07-27,14499,12537517,11116,7615777,2617,4491198,766,430542,7835,646684,0.080457,6500,6184582,0.769449,8641,6831266,0.849905,8037679
4,2021-07-28,13315,12550832,10150,7625927,2461,4493659,704,431246,7385,649080,0.080755,5749,6190331,0.770164,8145,6839411,0.850919,8037679
4,2021-07-29,13617,12564449,10578,7636505,2315,4495974,724,431970,7644,651788,0.081092,5737,6196068,0.770878,8445,6847856,0.851969,8037679
4,2021-07-30,15906,12580355,12158,7648663,2937,4498911,811,432781,8629,654434,0.081421,6897,6202965,0.771736,9543,6857399,0.853157,8037679
4,2021-07-31,9768,12590123,7617,7656280,1724,4500635,427,433208,5510,656357,0.08166,4055,6207020,0.77224,5978,6863377,0.8539,8037679
4,2021-08-01,5458,12595581,4500,7660780,788,4501423,170,433378,3220,657661,0.081822,2121,6209141,0.772504,3425,6866802,0.854326,8037679
4,2021-08-02,14136,12609717,11277,7672057,2110,4503533,749,434127,8249,661046,0.082243,5678,6214819,0.773211,9063,6875865,0.855454,8037679
4,2021-08-03,14730,12624447,11311,7683368,2653,4506186,766,434893,8468,664316,0.08265,6039,6220858,0.773962,9309,6885174,0.856612,8037679
4,2021-08-04,13404,12637851,10438,7693806,2269,4508455,697,435590,7568,667000,0.082984,5622,6226480,0.774661,8306,6893480,0.857646,8037679
4,2021-08-05,14380,12652231,11352,7705158,2260,4510715,768,436358,8074,669841,0.083338,6051,6232531,0.775414,8892,6902372,0.858752,8037679
4,2021-08-06,17295,12669526,13265,7718423,3154,4513869,876,437234,9625,673073,0.08374,7335,6239866,0.776327,10567,6912939,0.860067,8037679
4,2021-08-07,10211,12679737,8124,7726547,1645,4515514,442,437676,5567,674659,0.083937,4464,6244330,0.776882,6050,6918989,0.860819,8037679
4,2021-08-08,6252,12685989,4972,7731519,1076,4516590,204,437880,3599,675977,0.084101,2514,6246844,0.777195,3832,6922821,0.861296,8037679
4,2021-08-09,14729,12700718,11928,7743447,2052,4518642,749,438629,7892,678093,0.084364,6600,6253444,0.778016,8716,6931537,0.86238,8037679
4,2021-08-10,14898,12715616,11463,7754910,2665,4521307,770,439399,7853,679989,0.0846,6794,6260238,0.778861,8690,6940227,0.863462,8037679
4,2021-08-11,12696,12728312,9735,7764645,2185,4523492,776,440175,6621,681604,0.084801,5812,6266050,0.779585,7427,6947654,0.864386,8037679
4,2021-08-12,14233,12742545,10836,7775481,2631,4526123,766,440941,7316,683179,0.084997,6552,6272602,0.7804,8127,6955781,0.865397,8037679
4,2021-08-13,17917,12760462,13268,7788749,3740,4529863,909,441850,8825,684575,0.085171,8411,6281013,0.781446,9807,6965588,0.866617,8037679
4,2021-08-14,12308,12772770,8774,7797523,3012,4532875,522,442372,5596,685749,0.085317,5005,6286018,0.782069,6179,6971767,0.867386,8037679
4,2021-08-15,7518,12780288,5501,7803024,1793,4534668,224,442596,3327,686424,0.085401,2921,6288939,0.782432,3596,6975363,0.867833,8037679
4,2021-08-16,18179,12798467,12586,7815610,4714,4539382,879,443475,7498,687372,0.085519,7507,6296446,0.783366,8455,6983818,0.868885,8037679
4,2021-08-17,18517,12816984,12587,7828197,5067,4544449,863,444338,7326,688116,0.085611,7525,6303971,0.784302,8269,6992087,0.869914,8037679
4,2021-08-18,18096,12835080,12179,7840376,5122,4549571,795,445133,6869,688841,0.085701,7019,6310990,0.785176,7744,6999831,0.870877,8037679
4,2021-08-19,18497,12853577,12318,7852694,5383,4554954,796,445929,6827,689662,0.085804,6883,6317873,0.786032,7704,7007535,0.871836,8037679
4,2021-08-20,23344,12876921,15761,7868455,6734,4561688,849,446778,8308,689725,0.085811,9209,6327082,0.787178,9272,7016807,0.872989,8037679
4,2021-08-21,14694,12891615,10259,7878714,4031,4565719,404,447182,4949,689340,0.085764,5803,6332885,0.7879,5418,7022225,0.873663,8037679
4,2021-08-22,8688,12900303,6147,7884861,2380,4568099,161,447343,3414,689773,0.085817,3191,6336076,0.788297,3624,7025849,0.874114,8037679
4,2021-08-23,20428,12920731,14373,7899234,5348,4573447,707,448050,7424,690099,0.085858,7998,6344074,0.789292,8324,7034173,0.87515,8037679
4,2021-08-24,19816,12940547,14001,7913235,5142,4578589,673,448723,6968,690029,0.085849,7866,6351940,0.79027,7796,7041969,0.87612,8037679
4,2021-08-25,18223,12958770,12852,7926087,4742,4583331,629,449352,6544,690382,0.085893,6987,6358927,0.79114,7340,7049309,0.877033,8037679
4,2021-08-26,18755,12977525,13214,7939301,4913,4588244,628,449980,6419,690168,0.085867,7390,6366317,0.792059,7176,7056485,0.877926,8037679
4,2021-08-27,23074,13000599,16473,7955774,5925,4594169,676,450656,7665,689015,0.085723,9702,6376019,0.793266,8549,7065034,0.878989,8037679
4,2021-08-28,14255,13014854,10190,7965964,3704,4597873,361,451017,4770,688339,0.085639,5923,6381942,0.794003,5247,7070281,0.879642,8037679
4,2021-08-29,8418,13023272,6008,7971972,2304,4600177,106,451123,2920,687972,0.085593,3467,6385409,0.794434,3100,7073381,0.880028,8037679
4,2021-08-30,18930,13042202,13223,7985195,5073,4605250,634,451757,6078,687067,0.085481,7776,6393185,0.795402,6871,7080252,0.880883,8037679
4,2021-08-31,18981,13061183,12949,7998144,5484,4610734,548,452305,5624,685833,0.085327,7542,6400727,0.79634,6308,7086560,0.881667,8037679
4,2021-09-01,17218,13078401,11838,8009982,4874,4615608,506,452811,5555,685714,0.085312,6307,6407034,0.797125,6188,7092748,0.882437,8037679
4,2021-09-02,17302,13095703,11857,8021839,4933,4620541,512,453323,5299,685166,0.085244,6472,6413506,0.79793,5924,7098672,0.883174,8037679
4,2021-09-03,21197,13116900,14697,8036536,5862,4626403,638,453961,6428,683382,0.085022,9065,6422571,0.799058,7281,7105953,0.88408,8037679
4,2021-09-04,11590,13128490,8388,8044924,2921,4629324,281,454242,3648,682177,0.084872,5231,6427802,0.799709,4026,7109979,0.884581,8037679
4,2021-09-05,7553,13136043,5408,8050332,2050,4631374,95,454337,2672,681985,0.084848,3031,6430833,0.800086,2839,7112818,0.884934,8037679
4,2021-09-06,2697,13138740,1758,8052090,890,4632264,49,454386,1009,681935,0.084842,1123,6431956,0.800226,1073,7113891,0.885068,8037679
4,2021-09-07,17432,13156172,12426,8064516,4508,4636772,498,454884,4810,679170,0.084498,8205,6440161,0.801246,5440,7119331,0.885745,8037679
4,2021-09-08,8517,13164689,5716,8070232,2418,4639190,383,455267,2346,678466,0.084411,3454,6443615,0.801676,2750,7122081,0.886087,8037679
