vemquartile,administered_date,total_doses,cumulative_total_doses,pfizer_doses,cumulative_pfizer_doses,moderna_doses,cumulative_moderna_doses,jj_doses,cumulative_jj_doses,partially_vaccinated,total_partially_vaccinated,pct_age12pop_partially_vaccinated,fully_vaccinated,cumulative_fully_vaccinated,pct_age12pop_fully_vaccinated,at_least_one_dose,cumulative_at_least_one_dose,pct_age12pop_at_least_one_dose,age12_population
1,2020-12-15,150,150,150,150,0,0,0,0,150,150,1.7e-05,0,0,0.0,150,150,1.7e-05,8700223
1,2020-12-16,1176,1326,1176,1326,0,0,0,0,1176,1326,0.000152,0,0,0.0,1176,1326,0.000152,8700223
1,2020-12-17,4143,5469,4143,5469,0,0,0,0,4144,5470,0.000629,0,0,0.0,4144,5470,0.000629,8700223
1,2020-12-18,6327,11796,6307,11776,20,20,0,0,6329,11798,0.001356,1,1,0.0,6329,11799,0.001356,8700223
1,2020-12-19,2871,14667,2870,14646,1,21,0,0,2870,14667,0.001686,1,2,0.0,2870,14669,0.001686,8700223
1,2020-12-20,2124,16791,2117,16763,7,28,0,0,2125,16792,0.00193,0,2,0.0,2125,16794,0.00193,8700223
1,2020-12-21,7631,24422,7617,24380,14,42,0,0,7680,24472,0.002813,1,3,0.0,7681,24475,0.002813,8700223
1,2020-12-22,7277,31699,6938,31318,339,381,0,0,7279,31749,0.003649,2,5,1e-06,7279,31754,0.00365,8700223
1,2020-12-23,7842,39541,6588,37906,1254,1635,0,0,7836,39584,0.00455,2,7,1e-06,7837,39591,0.004551,8700223
1,2020-12-24,3301,42842,2360,40266,941,2576,0,0,3303,42887,0.004929,0,7,1e-06,3303,42894,0.00493,8700223
1,2020-12-25,236,43078,151,40417,85,2661,0,0,236,43123,0.004957,0,7,1e-06,236,43130,0.004957,8700223
1,2020-12-26,1349,44427,962,41379,387,3048,0,0,1348,44470,0.005111,1,8,1e-06,1348,44478,0.005112,8700223
1,2020-12-27,866,45293,534,41913,332,3380,0,0,866,45335,0.005211,1,9,1e-06,866,45344,0.005212,8700223
1,2020-12-28,7076,52369,4754,46667,2322,5702,0,0,7074,52409,0.006024,0,9,1e-06,7074,52418,0.006025,8700223
1,2020-12-29,8864,61233,4979,51646,3885,9587,0,0,8861,61268,0.007042,2,11,1e-06,8861,61279,0.007043,8700223
1,2020-12-30,11572,72805,6445,58091,5127,14714,0,0,11571,72839,0.008372,0,11,1e-06,11571,72850,0.008373,8700223
1,2020-12-31,5954,78759,1961,60052,3993,18707,0,0,5952,78789,0.009056,3,14,2e-06,5953,78803,0.009058,8700223
1,2021-01-01,561,79320,196,60248,365,19072,0,0,560,79348,0.00912,1,15,2e-06,560,79363,0.009122,8700223
1,2021-01-02,2897,82217,1759,62007,1138,20210,0,0,2899,82247,0.009453,0,15,2e-06,2899,82262,0.009455,8700223
1,2021-01-03,1022,83239,547,62554,475,20685,0,0,1020,83265,0.00957,2,17,2e-06,1020,83282,0.009572,8700223
1,2021-01-04,7357,90596,3582,66136,3775,24460,0,0,7360,90623,0.010416,2,19,2e-06,7360,90642,0.010418,8700223
1,2021-01-05,10785,101381,5195,71331,5590,30050,0,0,10031,99938,0.011487,738,757,8.7e-05,10053,100695,0.011574,8700223
1,2021-01-06,14022,115403,7037,78368,6985,37035,0,0,12131,110221,0.012669,1857,2614,0.0003,12140,112835,0.012969,8700223
1,2021-01-07,17437,132840,9098,87466,8339,45374,0,0,12973,118836,0.013659,4368,6982,0.000803,12983,125818,0.014461,8700223
1,2021-01-08,20104,152944,10409,97875,9695,55069,0,0,14217,127186,0.014619,5871,12853,0.001477,14221,140039,0.016096,8700223
1,2021-01-09,6688,159632,3379,101254,3309,58378,0,0,4834,130180,0.014963,1843,14696,0.001689,4837,144876,0.016652,8700223
1,2021-01-10,3073,162705,1747,103001,1326,59704,0,0,1890,130898,0.015045,1173,15869,0.001824,1891,146767,0.016869,8700223
1,2021-01-11,18047,180752,11817,114818,6230,65934,0,0,11509,135931,0.015624,6515,22384,0.002573,11548,158315,0.018197,8700223
1,2021-01-12,18851,199603,10727,125545,8124,74058,0,0,12910,142970,0.016433,5906,28290,0.003252,12945,171260,0.019685,8700223
1,2021-01-13,19712,219315,10671,136216,9041,83099,0,0,14561,152419,0.017519,5129,33419,0.003841,14578,185838,0.02136,8700223
1,2021-01-14,21843,241158,9370,145586,12473,95572,0,0,19104,168887,0.019412,2684,36103,0.00415,19152,204990,0.023561,8700223
1,2021-01-15,25105,266263,9240,154826,15865,111437,0,0,23165,190210,0.021863,1895,37998,0.004367,23218,228208,0.02623,8700223
1,2021-01-16,13860,280123,4535,159361,9325,120762,0,0,12995,202348,0.023258,861,38859,0.004466,12999,241207,0.027724,8700223
1,2021-01-17,5208,285331,2026,161387,3182,123944,0,0,4841,206830,0.023773,363,39222,0.004508,4845,246052,0.028281,8700223
1,2021-01-18,14289,299620,8595,169982,5694,129638,0,0,11121,214843,0.024694,3157,42379,0.004871,11170,257222,0.029565,8700223
1,2021-01-19,24659,324279,12866,182848,11793,141431,0,0,19464,229181,0.026342,5180,47559,0.005466,19518,276740,0.031808,8700223
1,2021-01-20,28689,352968,14038,196886,14651,156082,0,0,23030,246640,0.028349,5605,53164,0.006111,23064,299804,0.034459,8700223
1,2021-01-21,30878,383846,14373,211259,16505,172587,0,0,27706,271327,0.031186,3105,56269,0.006468,27792,327596,0.037654,8700223
1,2021-01-22,28234,412080,11208,222467,17026,189613,0,0,26235,295637,0.03398,1954,58223,0.006692,26264,353860,0.040673,8700223
1,2021-01-23,18743,430823,8217,230684,10526,200139,0,0,16808,310538,0.035693,1919,60142,0.006913,16820,370680,0.042606,8700223
1,2021-01-24,6670,437493,4164,234848,2506,202645,0,0,6013,315904,0.03631,652,60794,0.006988,6018,376698,0.043298,8700223
1,2021-01-25,25202,462695,10422,245270,14780,217425,0,0,19498,329819,0.037909,5681,66475,0.007641,19596,396294,0.04555,8700223
1,2021-01-26,28620,491315,13438,258708,15182,232607,0,0,22018,345305,0.039689,6553,73028,0.008394,22039,418333,0.048083,8700223
1,2021-01-27,32390,523705,15449,274157,16941,249548,0,0,24406,361817,0.041587,7919,80947,0.009304,24431,442764,0.050891,8700223
1,2021-01-28,34769,558474,16338,290495,18431,267979,0,0,27917,383002,0.044022,6791,87738,0.010085,27976,470740,0.054107,8700223
1,2021-01-29,33466,591940,16457,306952,17009,284988,0,0,26968,403641,0.046394,6362,94100,0.010816,27001,497741,0.05721,8700223
1,2021-01-30,20226,612166,8820,315772,11406,296394,0,0,18130,419709,0.048241,2070,96170,0.011054,18138,515879,0.059295,8700223
1,2021-01-31,7667,619833,5008,320780,2659,299053,0,0,6969,425984,0.048962,697,96867,0.011134,6972,522851,0.060096,8700223
1,2021-02-01,28681,648514,12456,333236,16225,315278,0,0,21021,439400,0.050504,7611,104478,0.012009,21027,543878,0.062513,8700223
1,2021-02-02,32177,680691,11587,344823,20590,335868,0,0,24214,455761,0.052385,7895,112373,0.012916,24256,568134,0.065301,8700223
1,2021-02-03,39215,719906,15079,359902,24136,360004,0,0,28342,473403,0.054413,10743,123116,0.014151,28385,596519,0.068564,8700223
1,2021-02-04,43597,763503,17039,376941,26558,386562,0,0,31675,493323,0.056702,11817,134933,0.015509,31737,628256,0.072211,8700223
1,2021-02-05,46661,810164,17289,394230,29372,415934,0,0,30727,508310,0.058425,15802,150735,0.017325,30789,659045,0.07575,8700223
1,2021-02-06,26555,836719,10576,404806,15979,431913,0,0,20710,523233,0.06014,5805,156540,0.017993,20728,679773,0.078133,8700223
1,2021-02-07,6295,843014,4065,408871,2230,434143,0,0,4674,526320,0.060495,1605,158145,0.018177,4692,684465,0.078672,8700223
1,2021-02-08,31372,874386,14396,423267,16976,451119,0,0,20964,537053,0.061729,10327,168472,0.019364,21060,705525,0.081093,8700223
1,2021-02-09,38158,912544,16868,440135,21290,472409,0,0,23579,546147,0.062774,14561,183033,0.021038,23655,729180,0.083812,8700223
1,2021-02-10,46726,959270,21990,462125,24736,497145,0,0,26983,553574,0.063628,19642,202675,0.023295,27069,756249,0.086923,8700223
1,2021-02-11,51365,1010635,25304,487429,26061,523206,0,0,30946,564475,0.064881,20145,222820,0.025611,31046,787295,0.090491,8700223
1,2021-02-12,49395,1060030,21369,508798,28026,551232,0,0,28487,572322,0.065782,20787,243607,0.028,28634,815929,0.093783,8700223
1,2021-02-13,25998,1086028,11348,520146,14650,565882,0,0,15054,576577,0.066272,10874,254481,0.02925,15129,831058,0.095521,8700223
1,2021-02-14,11643,1097671,5498,525644,6145,572027,0,0,6647,578321,0.066472,4968,259449,0.029821,6712,837770,0.096293,8700223
1,2021-02-15,23580,1121251,9282,534926,14298,586325,0,0,14365,583689,0.067089,9113,268562,0.030868,14481,852251,0.097957,8700223
1,2021-02-16,46408,1167659,22273,557199,24135,610460,0,0,27315,592090,0.068055,19025,287587,0.033055,27426,879677,0.10111,8700223
1,2021-02-17,47838,1215497,24228,581427,23610,634070,0,0,25912,596342,0.068543,21806,309393,0.035562,26058,905735,0.104105,8700223
1,2021-02-18,50340,1265837,25160,606587,25180,659250,0,0,26203,598828,0.068829,23940,333333,0.038313,26426,932161,0.107142,8700223
1,2021-02-19,45685,1311522,24749,631336,20936,680186,0,0,25769,604844,0.069521,19816,353149,0.040591,25832,957993,0.110111,8700223
1,2021-02-20,26989,1338511,16472,647808,10517,690703,0,0,15501,608975,0.069995,11445,364594,0.041906,15576,973569,0.111902,8700223
1,2021-02-21,11524,1350035,10274,658082,1250,691953,0,0,6836,611219,0.070253,4641,369235,0.04244,6885,980454,0.112693,8700223
1,2021-02-22,29926,1379961,19685,677767,10241,702194,0,0,17603,616655,0.070878,12267,381502,0.04385,17703,998157,0.114728,8700223
1,2021-02-23,42980,1422941,20937,698704,22043,724237,0,0,24115,622402,0.071539,18731,400233,0.046003,24478,1022635,0.117541,8700223
1,2021-02-24,52978,1475919,25697,724401,27281,751518,0,0,29687,629349,0.072337,23189,423422,0.048668,30136,1052771,0.121005,8700223
1,2021-02-25,65156,1541075,31712,756113,33444,784962,0,0,40835,646470,0.074305,24215,447637,0.051451,41336,1094107,0.125756,8700223
1,2021-02-26,73113,1614188,34359,790472,38754,823716,0,0,48258,670509,0.077068,24694,472331,0.05429,48733,1142840,0.131358,8700223
1,2021-02-27,50191,1664379,23231,813703,26953,850669,7,7,33378,687462,0.079017,16697,489028,0.056209,33650,1176490,0.135225,8700223
1,2021-02-28,19390,1683769,11504,825207,7884,858553,2,9,14291,696859,0.080097,5035,494063,0.056787,14432,1190922,0.136884,8700223
1,2021-03-01,44152,1727921,20440,845647,23675,882228,37,46,28533,710177,0.081627,15486,509549,0.058567,28804,1219726,0.140195,8700223
1,2021-03-02,61825,1789746,26914,872561,34904,917132,7,53,39899,728894,0.083779,21806,531355,0.061074,40523,1260249,0.144852,8700223
1,2021-03-03,69573,1859319,33190,905751,36363,953495,20,73,42521,745102,0.085642,26925,558280,0.064168,43133,1303382,0.14981,8700223
1,2021-03-04,77552,1936871,36424,942175,41093,994588,35,108,49950,768152,0.088291,27443,585723,0.067323,50493,1353875,0.155614,8700223
1,2021-03-05,76866,2013737,34773,976948,41887,1036475,206,314,51564,795461,0.09143,25091,610814,0.070207,52400,1406275,0.161637,8700223
1,2021-03-06,57098,2070835,27273,1004221,28485,1064960,1340,1654,38897,817928,0.094012,18136,628950,0.072291,40603,1446878,0.166304,8700223
1,2021-03-07,20152,2090987,12835,1017056,6504,1071464,813,2467,15164,829199,0.095308,4969,633919,0.072862,16240,1463118,0.16817,8700223
1,2021-03-08,45085,2136072,21911,1038967,21298,1092762,1876,4343,31680,849772,0.097672,13324,647243,0.074394,33897,1497015,0.172066,8700223
1,2021-03-09,65564,2201636,31690,1070657,31398,1124160,2476,6819,40506,868151,0.099785,24948,672191,0.077261,43327,1540342,0.177046,8700223
1,2021-03-10,72440,2274076,36149,1106806,31899,1156059,4392,11211,44990,890589,0.102364,27316,699507,0.080401,49754,1590096,0.182765,8700223
1,2021-03-11,88744,2362820,40579,1147385,40231,1196290,7934,19145,51999,914476,0.105109,36514,736021,0.084598,60401,1650497,0.189707,8700223
1,2021-03-12,97267,2460087,42612,1189997,42319,1238609,12336,31481,56964,944141,0.108519,40121,776142,0.089209,69786,1720283,0.197729,8700223
1,2021-03-13,64765,2524852,29339,1219336,27769,1266378,7657,39138,41454,970390,0.111536,23202,799344,0.091876,49451,1769734,0.203412,8700223
1,2021-03-14,27581,2552433,14857,1234193,9157,1275535,3567,42705,15678,977985,0.112409,11847,811191,0.093238,19442,1789176,0.205647,8700223
1,2021-03-15,64467,2616900,28270,1262463,29483,1305018,6714,49419,38176,997122,0.114609,26112,837303,0.096239,45249,1834425,0.210848,8700223
1,2021-03-16,84759,2701659,38421,1300884,40758,1345776,5580,54999,52802,1024089,0.117708,31779,869082,0.099892,58746,1893171,0.2176,8700223
1,2021-03-17,91575,2793234,44298,1345182,40790,1386566,6487,61486,59046,1057635,0.121564,32358,901440,0.103611,65904,1959075,0.225175,8700223
1,2021-03-18,97573,2890807,50145,1395327,41728,1428294,5700,67186,59581,1085734,0.124794,37677,939117,0.107942,65776,2024851,0.232736,8700223
1,2021-03-19,102438,2993245,52955,1448282,43343,1471637,6140,73326,60603,1111429,0.127747,41581,980698,0.112721,67276,2092127,0.240468,8700223
1,2021-03-20,71987,3065232,37068,1485350,29727,1501364,5192,78518,46492,1138076,0.13081,25325,1006023,0.115632,51972,2144099,0.246442,8700223
1,2021-03-21,26931,3092163,18804,1504154,6324,1507688,1803,80321,17368,1147859,0.131934,9483,1015506,0.116722,19266,2163365,0.248656,8700223
1,2021-03-22,58537,3150700,30136,1534290,25121,1532809,3280,83601,39719,1172594,0.134777,18632,1034138,0.118863,43367,2206732,0.253641,8700223
1,2021-03-23,82211,3232911,41699,1575989,36903,1569712,3609,87210,51084,1196821,0.137562,30924,1065062,0.122418,55151,2261883,0.25998,8700223
1,2021-03-24,87075,3319986,43913,1619902,38829,1608541,4333,91543,52654,1219792,0.140202,34190,1099252,0.126348,57161,2319044,0.26655,8700223
1,2021-03-25,95591,3415577,48603,1668505,41183,1649724,5805,97348,53763,1238025,0.142298,41550,1140802,0.131123,59783,2378827,0.273421,8700223
1,2021-03-26,103613,3519190,50458,1718963,46897,1696621,6258,103606,56266,1253798,0.144111,47054,1187856,0.136532,62827,2441654,0.280643,8700223
1,2021-03-27,73571,3592761,38049,1757012,31329,1727950,4193,107799,38078,1260985,0.144937,35287,1223143,0.140588,42474,2484128,0.285525,8700223
1,2021-03-28,32505,3625266,21289,1778301,10008,1737958,1208,109007,16495,1263210,0.145193,15912,1239055,0.142416,18137,2502265,0.287609,8700223
1,2021-03-29,66368,3691634,32936,1811237,30350,1768308,3082,112089,36985,1274271,0.146464,29214,1268269,0.145774,40275,2542540,0.292238,8700223
1,2021-03-30,91016,3782650,44732,1855969,39993,1808301,6291,118380,47167,1284134,0.147598,43691,1311960,0.150796,53554,2596094,0.298394,8700223
1,2021-03-31,99879,3882529,52241,1908210,41671,1849972,5967,124347,55156,1300885,0.149523,44449,1356409,0.155905,61200,2657294,0.305428,8700223
1,2021-04-01,110607,3993136,52946,1961156,49223,1899195,8438,132785,56801,1312759,0.150888,53437,1409846,0.162047,65311,2722605,0.312935,8700223
1,2021-04-02,109966,4103102,50192,2011348,50175,1949370,9599,142384,56314,1325634,0.152368,53270,1463116,0.16817,66145,2788750,0.320538,8700223
1,2021-04-03,77706,4180808,39095,2050443,29012,1978382,9599,151983,36438,1330648,0.152944,41104,1504220,0.172894,46118,2834868,0.325839,8700223
1,2021-04-04,23665,4204473,11775,2062218,8435,1986817,3455,155438,9928,1330343,0.152909,13681,1517901,0.174467,13376,2848244,0.327376,8700223
1,2021-04-05,75463,4279936,36168,2098386,30113,2016930,9182,164620,34186,1332793,0.153191,41096,1558997,0.17919,43546,2891790,0.332381,8700223
1,2021-04-06,102752,4382688,48733,2147119,37524,2054454,16495,181115,46662,1340162,0.154038,55840,1614837,0.185609,63209,2954999,0.339646,8700223
1,2021-04-07,110528,4493216,53451,2200570,39632,2094086,17445,198560,50286,1347944,0.154932,59991,1674828,0.192504,67773,3022772,0.347436,8700223
1,2021-04-08,121354,4614570,57360,2257930,43135,2137221,20859,219419,53804,1355500,0.155801,67190,1742018,0.200227,74746,3097518,0.356027,8700223
1,2021-04-09,121978,4736548,55768,2313698,45629,2182850,20581,240000,53908,1362344,0.156587,67727,1809745,0.208011,74571,3172089,0.364599,8700223
1,2021-04-10,95279,4831827,42395,2356093,30270,2213120,22614,262614,37267,1364395,0.156823,57829,1867574,0.214658,59880,3231969,0.371481,8700223
1,2021-04-11,36234,4868061,20261,2376354,9357,2222477,6616,269230,14848,1364638,0.156851,21333,1888907,0.21711,21576,3253545,0.373961,8700223
1,2021-04-12,73715,4941776,32839,2409193,30930,2253407,9946,279176,31347,1363987,0.156776,42108,1931015,0.22195,41457,3295002,0.378726,8700223
1,2021-04-13,96682,5038458,51654,2460847,44688,2298095,340,279516,52263,1372780,0.157787,44161,1975176,0.227026,52954,3347956,0.384813,8700223
1,2021-04-14,104320,5142778,53934,2514781,50316,2348411,70,279586,53162,1375583,0.158109,50813,2025989,0.232866,53616,3401572,0.390975,8700223
1,2021-04-15,105356,5248134,57204,2571985,48063,2396474,89,279675,56611,1384257,0.159106,48210,2074199,0.238408,56884,3458456,0.397513,8700223
1,2021-04-16,109868,5358002,56474,2628459,53307,2449781,87,279762,55236,1385619,0.159262,54151,2128350,0.244632,55513,3513969,0.403894,8700223
1,2021-04-17,82936,5440938,45087,2673546,37837,2487618,12,279774,46748,1396573,0.160522,35977,2164327,0.248767,46931,3560900,0.409288,8700223
1,2021-04-18,29188,5470126,19493,2693039,9688,2497306,7,279781,14873,1397428,0.16062,14236,2178563,0.250403,15091,3575991,0.411023,8700223
1,2021-04-19,66275,5536401,33475,2726514,32786,2530092,14,279795,30338,1392329,0.160034,35621,2214184,0.254497,30522,3606513,0.414531,8700223
1,2021-04-20,86309,5622710,42941,2769455,43347,2573439,21,279816,40959,1388541,0.159598,45064,2259248,0.259677,41276,3647789,0.419275,8700223
1,2021-04-21,93499,5716209,47478,2816933,45923,2619362,98,279914,42223,1380321,0.158654,50790,2310038,0.265515,42570,3690359,0.424168,8700223
1,2021-04-22,94338,5810547,48633,2865566,45689,2665051,16,279930,43443,1373555,0.157876,50449,2360487,0.271313,43683,3734042,0.429189,8700223
1,2021-04-23,99323,5909870,50741,2916307,48557,2713608,25,279955,47505,1369943,0.157461,51365,2411852,0.277217,47753,3781795,0.434678,8700223
1,2021-04-24,74920,5984790,46564,2962871,28330,2741938,26,279981,42533,1380457,0.158669,32298,2444150,0.28093,42812,3824607,0.439599,8700223
1,2021-04-25,26929,6011719,17155,2980026,9763,2751701,11,279992,15441,1384655,0.159152,11387,2455537,0.282238,15585,3840192,0.44139,8700223
1,2021-04-26,64658,6076377,33649,3013675,30610,2782311,399,280391,31023,1383050,0.158967,33365,2488902,0.286073,31760,3871952,0.445041,8700223
1,2021-04-27,79890,6156267,42185,3055860,36414,2818725,1291,281682,34882,1374813,0.15802,44751,2533653,0.291217,36514,3908466,0.449237,8700223
1,2021-04-28,79086,6235353,41585,3097445,36013,2854738,1488,283170,34873,1367509,0.157181,43916,2577569,0.296265,36612,3945078,0.453446,8700223
1,2021-04-29,82272,6317625,44775,3142220,35891,2890629,1606,284776,33827,1354955,0.155738,48147,2625716,0.301799,35593,3980671,0.457537,8700223
1,2021-04-30,89669,6407294,48197,3190417,39628,2930257,1844,286620,37688,1342962,0.154359,51695,2677411,0.307741,39702,4020373,0.4621,8700223
1,2021-05-01,61921,6469215,40062,3230479,20485,2950742,1374,287994,26084,1334998,0.153444,35650,2713061,0.311838,27686,4048059,0.465282,8700223
1,2021-05-02,23193,6492408,16392,3246871,6230,2956972,571,288565,9429,1331369,0.153027,13665,2726726,0.313409,10036,4058095,0.466436,8700223
1,2021-05-03,55171,6547579,30442,3277313,22904,2979876,1825,290390,20345,1318981,0.151603,34612,2761338,0.317387,22224,4080319,0.46899,8700223
1,2021-05-04,73415,6620994,41869,3319182,29472,3009348,2074,292464,26776,1301543,0.149599,46377,2807715,0.322718,28939,4109258,0.472316,8700223
1,2021-05-05,75348,6696342,43185,3362367,29883,3039231,2280,294744,25799,1280445,0.147174,49253,2856968,0.328379,28155,4137413,0.475553,8700223
1,2021-05-06,76247,6772589,45537,3407904,28551,3067782,2159,296903,23850,1254544,0.144197,52065,2909033,0.334363,26164,4163577,0.47856,8700223
1,2021-05-07,81130,6853719,45881,3453785,33083,3100865,2166,299069,27189,1230412,0.141423,53550,2962583,0.340518,29418,4192995,0.481941,8700223
1,2021-05-08,54585,6908304,34031,3487816,18989,3119854,1565,300634,18257,1214300,0.139571,36031,2998614,0.344659,19919,4212914,0.484231,8700223
1,2021-05-09,17644,6925948,12553,3500369,4617,3124471,474,301108,5427,1208094,0.138858,12143,3010757,0.346055,5937,4218851,0.484913,8700223
1,2021-05-10,42299,6968247,21138,3521507,19389,3143860,1772,302880,14197,1196290,0.137501,27868,3038625,0.349258,16064,4234915,0.486759,8700223
1,2021-05-11,60078,7028325,32109,3553616,25842,3169702,2127,305007,19805,1178318,0.135435,40024,3078649,0.353859,22052,4256967,0.489294,8700223
1,2021-05-12,60695,7089020,32132,3585748,26549,3196251,2014,307021,20402,1160786,0.13342,40019,3118668,0.358458,22487,4279454,0.491879,8700223
1,2021-05-13,64762,7153782,37583,3623331,25205,3221456,1974,308995,24766,1148153,0.131968,39654,3158322,0.363016,27021,4306475,0.494984,8700223
1,2021-05-14,73604,7227386,44179,3667510,27079,3248535,2346,311341,29889,1137310,0.130722,43355,3201677,0.367999,32512,4338987,0.498721,8700223
1,2021-05-15,64437,7291823,42207,3709717,20532,3269067,1698,313039,25464,1125825,0.129402,38717,3240394,0.37245,27232,4366219,0.501851,8700223
1,2021-05-16,24042,7315865,17541,3727258,5885,3274952,616,313655,9677,1121901,0.128951,14260,3254654,0.374089,10336,4376555,0.503039,8700223
1,2021-05-17,53646,7369511,32771,3760029,19116,3294068,1759,315414,23098,1116509,0.128331,30308,3284962,0.377572,24916,4401471,0.505903,8700223
1,2021-05-18,63987,7433498,38474,3798503,23695,3317763,1818,317232,28085,1110853,0.127681,35645,3320607,0.381669,29989,4431460,0.50935,8700223
1,2021-05-19,65632,7499130,39973,3838476,23750,3341513,1909,319141,30007,1107496,0.127295,35359,3355966,0.385733,32002,4463462,0.513028,8700223
1,2021-05-20,63230,7562360,36676,3875152,24389,3365902,2165,321306,26670,1100276,0.126465,36257,3392223,0.389901,29037,4492499,0.516366,8700223
1,2021-05-21,69203,7631563,41345,3916497,26014,3391916,1844,323150,29226,1091837,0.125495,39605,3431828,0.394453,31166,4523665,0.519948,8700223
1,2021-05-22,55062,7686625,36355,3952852,17035,3408951,1672,324822,24110,1087012,0.124941,30702,3462530,0.397982,25877,4549542,0.522922,8700223
1,2021-05-23,19451,7706076,13530,3966382,5338,3414289,583,325405,9207,1086679,0.124902,10149,3472679,0.399148,9816,4559358,0.524051,8700223
1,2021-05-24,42386,7748462,23268,3989650,17306,3431595,1812,327217,17186,1080785,0.124225,24975,3497654,0.402019,19081,4578439,0.526244,8700223
1,2021-05-25,50292,7798754,29044,4018694,19595,3451190,1653,328870,21159,1074824,0.12354,28873,3526527,0.405338,22912,4601351,0.528877,8700223
1,2021-05-26,47979,7846733,27234,4045928,18875,3470065,1870,330740,20753,1070570,0.123051,26934,3553461,0.408433,22680,4624031,0.531484,8700223
1,2021-05-27,46592,7893325,26225,4072153,18493,3488558,1874,332614,20601,1067451,0.122692,25712,3579173,0.411389,22593,4646624,0.534081,8700223
1,2021-05-28,51741,7945066,28863,4101016,21086,3509644,1792,334406,23511,1064944,0.122404,27936,3607109,0.4146,25429,4672053,0.537004,8700223
1,2021-05-29,30142,7975208,18247,4119263,10966,3520610,929,335335,14683,1065312,0.122447,15306,3622415,0.416359,15674,4687727,0.538805,8700223
1,2021-05-30,11533,7986741,7445,4126708,3539,3524149,549,335884,5622,1065664,0.122487,5844,3628259,0.417031,6196,4693923,0.539518,8700223
1,2021-05-31,5679,7992420,3228,4129936,2199,3526348,252,336136,2007,1064313,0.122332,3622,3631881,0.417447,2271,4696194,0.539779,8700223
1,2021-06-01,45156,8037576,25569,4155505,18089,3544437,1498,337634,17880,1056790,0.121467,26977,3658858,0.420548,19454,4715648,0.542015,8700223
1,2021-06-02,39575,8077151,22986,4178491,15129,3559566,1460,339094,16398,1051811,0.120895,22907,3681765,0.423181,17928,4733576,0.544075,8700223
1,2021-06-03,40855,8118006,25635,4204126,13582,3573148,1638,340732,16184,1045317,0.120148,24389,3706154,0.425984,17895,4751471,0.546132,8700223
1,2021-06-04,49374,8167380,31689,4235815,15944,3589092,1741,342473,18448,1034969,0.118959,30618,3736772,0.429503,20270,4771741,0.548462,8700223
1,2021-06-05,39616,8206996,27058,4262873,10628,3599720,1930,344403,14462,1026476,0.117983,24941,3761713,0.43237,16448,4788189,0.550352,8700223
1,2021-06-06,12875,8219871,10307,4273180,2074,3601794,494,344897,4727,1023688,0.117662,8072,3769785,0.433298,5284,4793473,0.55096,8700223
1,2021-06-07,33588,8253459,23183,4296363,9073,3610867,1332,346229,12138,1015965,0.116775,21253,3791038,0.43574,13530,4807003,0.552515,8700223
1,2021-06-08,41656,8295115,28888,4325251,11195,3622062,1573,347802,14874,1005977,0.115627,26531,3817569,0.43879,16543,4823546,0.554416,8700223
1,2021-06-09,41530,8336645,28932,4354183,11007,3633069,1591,349393,13610,993594,0.114203,27650,3845219,0.441968,15267,4838813,0.556171,8700223
1,2021-06-10,38478,8375123,26046,4380229,10814,3643883,1618,351011,13345,983749,0.113072,24913,3870132,0.444831,15068,4853881,0.557903,8700223
1,2021-06-11,43145,8418268,28635,4408864,12874,3656757,1636,352647,15409,973426,0.111885,27450,3897582,0.447986,17127,4871008,0.559872,8700223
1,2021-06-12,33029,8451297,23878,4432742,7990,3664747,1161,353808,10889,963601,0.110756,21940,3919522,0.450508,12115,4883123,0.561264,8700223
1,2021-06-13,11395,8462692,8256,4440998,2675,3667422,464,354272,3414,959603,0.110296,7915,3927437,0.451418,3917,4887040,0.561714,8700223
1,2021-06-14,30412,8493104,20511,4461509,8632,3676054,1269,355541,11812,954299,0.109687,18425,3945862,0.453536,13121,4900161,0.563222,8700223
1,2021-06-15,36737,8529841,24178,4485687,10760,3686814,1799,357340,13713,947121,0.108862,22782,3968644,0.456154,15604,4915765,0.565016,8700223
1,2021-06-16,34563,8564404,23401,4509088,9405,3696219,1757,359097,13065,940747,0.108129,21263,3989907,0.458598,14889,4930654,0.566727,8700223
1,2021-06-17,32298,8596702,21456,4530544,9081,3705300,1761,360858,12752,936022,0.107586,19326,4009233,0.46082,14601,4945255,0.568406,8700223
1,2021-06-18,37619,8634321,24385,4554929,10608,3715908,2626,363484,14660,930646,0.106968,22717,4031950,0.463431,17341,4962596,0.570399,8700223
1,2021-06-19,22765,8657086,15856,4570785,5854,3721762,1055,364539,9360,927860,0.106648,13236,4045186,0.464952,10450,4973046,0.5716,8700223
1,2021-06-20,8014,8665100,5845,4576630,1897,3723659,272,364811,3165,926519,0.106494,4788,4049974,0.465502,3447,4976493,0.571996,8700223
1,2021-06-21,11328,8676428,5709,4582339,3852,3727511,1767,366578,5341,927722,0.106632,5926,4055900,0.466183,7129,4983622,0.572815,8700223
2,2020-12-15,241,241,241,241,0,0,0,0,241,241,2.9e-05,0,0,0.0,241,241,2.9e-05,8407551
2,2020-12-16,2077,2318,2077,2318,0,0,0,0,2076,2317,0.000276,0,0,0.0,2076,2317,0.000276,8407551
2,2020-12-17,6830,9148,6830,9148,0,0,0,0,6831,9148,0.001088,0,0,0.0,6831,9148,0.001088,8407551
2,2020-12-18,11069,20217,11050,20198,19,19,0,0,11068,20216,0.002405,0,0,0.0,11068,20216,0.002405,8407551
2,2020-12-19,5626,25843,5620,25818,6,25,0,0,5627,25843,0.003074,0,0,0.0,5627,25843,0.003074,8407551
2,2020-12-20,4247,30090,4238,30056,9,34,0,0,4243,30086,0.003578,0,0,0.0,4243,30086,0.003578,8407551
2,2020-12-21,12768,42858,12743,42799,25,59,0,0,12724,42810,0.005092,0,0,0.0,12724,42810,0.005092,8407551
2,2020-12-22,12128,54986,11615,54414,513,572,0,0,12127,54937,0.006534,0,0,0.0,12127,54937,0.006534,8407551
2,2020-12-23,11684,66670,9472,63886,2212,2784,0,0,11687,66624,0.007924,1,1,0.0,11688,66625,0.007924,8407551
2,2020-12-24,5860,72530,3496,67382,2364,5148,0,0,5856,72479,0.008621,3,4,0.0,5858,72483,0.008621,8407551
2,2020-12-25,483,73013,405,67787,78,5226,0,0,484,72963,0.008678,0,4,0.0,484,72967,0.008679,8407551
2,2020-12-26,2559,75572,1664,69451,895,6121,0,0,2560,75522,0.008983,1,5,1e-06,2560,75527,0.008983,8407551
2,2020-12-27,2226,77798,1210,70661,1016,7137,0,0,2223,77743,0.009247,2,7,1e-06,2223,77750,0.009248,8407551
2,2020-12-28,10979,88777,7139,77800,3840,10977,0,0,10979,88721,0.010553,1,8,1e-06,10979,88729,0.010553,8407551
2,2020-12-29,12695,101472,7148,84948,5547,16524,0,0,12699,101420,0.012063,0,8,1e-06,12699,101428,0.012064,8407551
2,2020-12-30,15395,116867,8664,93612,6731,23255,0,0,15408,116825,0.013895,5,13,2e-06,15410,116838,0.013897,8407551
2,2020-12-31,7551,124418,2825,96437,4726,27981,0,0,7545,124366,0.014792,4,17,2e-06,7545,124383,0.014794,8407551
2,2021-01-01,1185,125603,575,97012,610,28591,0,0,1184,125547,0.014933,3,20,2e-06,1184,125567,0.014935,8407551
2,2021-01-02,4835,130438,2756,99768,2079,30670,0,0,4833,130380,0.015507,0,20,2e-06,4833,130400,0.01551,8407551
2,2021-01-03,1380,131818,785,100553,595,31265,0,0,1374,131750,0.01567,4,24,3e-06,1374,131774,0.015673,8407551
2,2021-01-04,11624,143442,5555,106108,6069,37334,0,0,11609,143353,0.017051,6,30,4e-06,11609,143383,0.017054,8407551
2,2021-01-05,13861,157303,6909,113017,6952,44286,0,0,12669,154869,0.01842,1186,1216,0.000145,12702,156085,0.018565,8407551
2,2021-01-06,18970,176273,10455,123472,8515,52801,0,0,15209,166377,0.019789,3710,4926,0.000586,15218,171303,0.020375,8407551
2,2021-01-07,23079,199352,12985,136457,10094,62895,0,0,15558,174415,0.020745,7534,12460,0.001482,15572,186875,0.022227,8407551
2,2021-01-08,26411,225763,15965,152422,10446,73341,0,0,16308,180677,0.02149,10065,22525,0.002679,16327,203202,0.024169,8407551
2,2021-01-09,9729,235492,5659,158081,4070,77411,0,0,6231,183408,0.021815,3506,26031,0.003096,6237,209439,0.024911,8407551
2,2021-01-10,5251,240743,2920,161001,2331,79742,0,0,3029,184207,0.02191,2235,28266,0.003362,3034,212473,0.025272,8407551
2,2021-01-11,25942,266685,17819,178820,8123,87865,0,0,14985,188263,0.022392,10978,39244,0.004668,15034,227507,0.02706,8407551
2,2021-01-12,26239,292924,16315,195135,9924,97789,0,0,16673,195433,0.023245,9580,48824,0.005807,16750,244257,0.029052,8407551
2,2021-01-13,28463,321387,15090,210225,13373,111162,0,0,20507,208017,0.024742,7947,56771,0.006752,20531,264788,0.031494,8407551
2,2021-01-14,30329,351716,11583,221808,18746,129908,0,0,26098,229930,0.027348,4248,61019,0.007258,26161,290949,0.034606,8407551
2,2021-01-15,34981,386697,12660,234468,22321,152229,0,0,31718,258463,0.030742,3263,64282,0.007646,31796,322745,0.038388,8407551
2,2021-01-16,17998,404695,5982,240450,12016,164245,0,0,16676,273804,0.032566,1346,65628,0.007806,16687,339432,0.040372,8407551
2,2021-01-17,10533,415228,3550,244000,6983,171228,0,0,9816,282887,0.033647,741,66369,0.007894,9824,349256,0.041541,8407551
2,2021-01-18,19680,434908,11019,255019,8661,179889,0,0,14898,293039,0.034854,4800,71169,0.008465,14952,364208,0.043319,8407551
2,2021-01-19,32515,467423,16996,272015,15519,195408,0,0,24522,309682,0.036834,7995,79164,0.009416,24638,388846,0.04625,8407551
2,2021-01-20,37175,504598,18609,290624,18566,213974,0,0,28544,329710,0.039216,8606,87770,0.010439,28634,417480,0.049655,8407551
2,2021-01-21,40649,545247,17173,307797,23476,237450,0,0,36206,361657,0.043016,4422,92192,0.010965,36369,453849,0.053981,8407551
2,2021-01-22,39374,584621,16446,324243,22928,260378,0,0,36050,394410,0.046911,3323,95515,0.011361,36076,489925,0.058272,8407551
2,2021-01-23,24102,608723,10835,335078,13267,273645,0,0,21143,412646,0.04908,2936,98451,0.01171,21172,511097,0.06079,8407551
2,2021-01-24,12428,621151,6144,341222,6284,279929,0,0,11516,423273,0.050344,900,99351,0.011817,11527,522624,0.062161,8407551
2,2021-01-25,33778,654929,15551,356773,18227,298156,0,0,24995,439672,0.052295,8725,108076,0.012855,25124,547748,0.06515,8407551
2,2021-01-26,40041,694970,19633,376406,20408,318564,0,0,31038,461811,0.054928,8978,117054,0.013922,31117,578865,0.068851,8407551
2,2021-01-27,45423,740393,22637,399043,22786,341350,0,0,35326,487223,0.057951,9974,127028,0.015109,35386,614251,0.073059,8407551
2,2021-01-28,47758,788151,22416,421459,25342,366692,0,0,39141,517874,0.061596,8557,135585,0.016127,39208,653459,0.077723,8407551
2,2021-01-29,45440,833591,22039,443498,23401,390093,0,0,36821,546245,0.064971,8511,144096,0.017139,36882,690341,0.08211,8407551
2,2021-01-30,31137,864728,13426,456924,17711,407804,0,0,27820,570817,0.067893,3278,147374,0.017529,27850,718191,0.085422,8407551
2,2021-01-31,17106,881834,10185,467109,6921,414725,0,0,15926,585596,0.069651,1166,148540,0.017667,15945,734136,0.087319,8407551
2,2021-02-01,40896,922730,19750,486859,21146,435871,0,0,30090,604964,0.071955,10764,159304,0.018948,30132,764268,0.090903,8407551
2,2021-02-02,47563,970293,19336,506195,28227,464098,0,0,36218,630011,0.074934,11273,170577,0.020289,36320,800588,0.095222,8407551
2,2021-02-03,53950,1024243,23938,530133,30012,494110,0,0,39907,656077,0.078034,13943,184520,0.021947,40009,840597,0.099981,8407551
2,2021-02-04,55885,1080128,24126,554259,31759,525869,0,0,40857,682108,0.08113,14931,199451,0.023723,40962,881559,0.104853,8407551
2,2021-02-05,59602,1139730,26158,580417,33444,559313,0,0,40338,703549,0.083681,19084,218535,0.025993,40525,922084,0.109673,8407551
2,2021-02-06,38890,1178620,18166,598583,20724,580037,0,0,30978,726777,0.086443,7844,226379,0.026926,31072,953156,0.113369,8407551
2,2021-02-07,15509,1194129,10251,608834,5258,585295,0,0,11764,734885,0.087408,3722,230101,0.027368,11830,964986,0.114776,8407551
2,2021-02-08,42700,1236829,21700,630534,21000,606295,0,0,29230,750979,0.089322,13344,243445,0.028956,29438,994424,0.118277,8407551
2,2021-02-09,49130,1285959,23236,653770,25894,632189,0,0,30535,763439,0.090804,18402,261847,0.031144,30862,1025286,0.121948,8407551
2,2021-02-10,59122,1345081,27730,681500,31392,663581,0,0,34408,773750,0.09203,24455,286302,0.034053,34766,1060052,0.126083,8407551
2,2021-02-11,63708,1408789,29334,710834,34374,697955,0,0,35807,782453,0.093066,27602,313904,0.037336,36305,1096357,0.130401,8407551
2,2021-02-12,64903,1473692,27992,738826,36911,734866,0,0,34634,787726,0.093693,30018,343922,0.040906,35291,1131648,0.134599,8407551
2,2021-02-13,37552,1511244,15704,754530,21848,756714,0,0,21712,794054,0.094445,15761,359683,0.042781,22089,1153737,0.137226,8407551
2,2021-02-14,19823,1531067,9241,763771,10582,767296,0,0,11101,796834,0.094776,8681,368364,0.043813,11461,1165198,0.138589,8407551
2,2021-02-15,32834,1563901,14793,778564,18041,785337,0,0,18249,801470,0.095327,14467,382831,0.045534,19103,1184301,0.140862,8407551
2,2021-02-16,55730,1619631,27306,805870,28424,813761,0,0,29488,805475,0.095804,26154,408985,0.048645,30159,1214460,0.144449,8407551
2,2021-02-17,61023,1680654,31328,837198,29695,843456,0,0,30473,806286,0.0959,30487,439472,0.052271,31298,1245758,0.148171,8407551
2,2021-02-18,65702,1746356,33109,870307,32593,876049,0,0,32147,806251,0.095896,33328,472800,0.056235,33293,1279051,0.152131,8407551
2,2021-02-19,58794,1805150,32620,902927,26174,902223,0,0,29304,806822,0.095964,29336,502136,0.059724,29907,1308958,0.155688,8407551
2,2021-02-20,36943,1842093,24013,926940,12930,915153,0,0,20271,811187,0.096483,16588,518724,0.061697,20953,1329911,0.158181,8407551
2,2021-02-21,20458,1862551,16994,943934,3464,918617,0,0,9970,811538,0.096525,10417,529141,0.062936,10768,1340679,0.159461,8407551
2,2021-02-22,37545,1900096,25609,969543,11936,930553,0,0,18052,810861,0.096444,19401,548542,0.065244,18724,1359403,0.161688,8407551
2,2021-02-23,51617,1951713,26376,995919,25241,955794,0,0,22874,807073,0.095994,28558,577100,0.068641,24770,1384173,0.164635,8407551
2,2021-02-24,68289,2020002,35099,1031018,33190,988984,0,0,31611,804505,0.095688,36538,613638,0.072987,33970,1418143,0.168675,8407551
2,2021-02-25,74199,2094201,34946,1065964,39253,1028237,0,0,37955,809233,0.096251,36037,649675,0.077273,40765,1458908,0.173524,8407551
2,2021-02-26,82495,2176696,35138,1101102,47357,1075594,0,0,44773,818730,0.09738,37470,687145,0.08173,46967,1505875,0.17911,8407551
2,2021-02-27,60009,2236705,27712,1128814,32290,1107884,7,7,32905,826068,0.098253,26907,714052,0.08493,34245,1540120,0.183183,8407551
2,2021-02-28,29442,2266147,17617,1146431,11824,1119708,1,8,17496,832548,0.099024,11847,725899,0.086339,18327,1558447,0.185363,8407551
2,2021-03-01,56301,2322448,29486,1175917,26780,1146488,35,43,31079,839883,0.099896,24973,750872,0.089309,32308,1590755,0.189206,8407551
2,2021-03-02,67588,2390036,32484,1208401,35097,1181585,7,50,38436,851650,0.101296,29017,779889,0.092761,40784,1631539,0.194056,8407551
2,2021-03-03,79513,2469549,38500,1246901,40999,1222584,14,64,45142,865177,0.102905,34189,814078,0.096827,47716,1679255,0.199732,8407551
2,2021-03-04,87154,2556703,42826,1289727,44299,1266883,29,93,50553,881727,0.104873,36411,850489,0.101158,52961,1732216,0.206031,8407551
2,2021-03-05,80646,2637349,38203,1327930,42139,1309022,304,397,49627,903205,0.107428,30829,881318,0.104825,52307,1784523,0.212252,8407551
2,2021-03-06,62492,2699841,30536,1358466,30268,1339290,1688,2085,38562,921081,0.109554,23818,905136,0.107658,41694,1826217,0.217212,8407551
2,2021-03-07,27445,2727286,16053,1374519,10422,1349712,970,3055,17766,931305,0.11077,9622,914758,0.108802,19846,1846063,0.219572,8407551
2,2021-03-08,49922,2777208,23067,1397586,24404,1374116,2451,5506,31640,948858,0.112858,18179,932937,0.110964,35732,1881795,0.223822,8407551
2,2021-03-09,69601,2846809,31909,1429495,33929,1408045,3763,9269,38866,962222,0.114447,30620,963557,0.114606,43984,1925779,0.229054,8407551
2,2021-03-10,77427,2924236,36787,1466282,34112,1442157,6528,15797,41393,975645,0.116044,35846,999403,0.11887,49269,1975048,0.234914,8407551
2,2021-03-11,92252,3016488,42601,1508883,41324,1483481,8327,24124,48493,990399,0.117799,43482,1042885,0.124041,58236,2033284,0.24184,8407551
2,2021-03-12,93296,3109784,38499,1547382,42835,1526316,11962,36086,46759,1004228,0.119444,46327,1089212,0.129552,60156,2093440,0.248995,8407551
2,2021-03-13,68412,3178196,28820,1576202,31609,1557925,7983,44069,37659,1020540,0.121384,30638,1119850,0.133196,46950,2140390,0.254579,8407551
2,2021-03-14,36533,3214729,18267,1594469,13745,1571670,4521,48590,18634,1026639,0.122109,17814,1137664,0.135315,23913,2164303,0.257424,8407551
2,2021-03-15,67028,3281757,30323,1624792,31710,1603380,4995,53585,37210,1040327,0.123737,29627,1167291,0.138838,43315,2207618,0.262576,8407551
2,2021-03-16,85904,3367661,38049,1662841,43858,1647238,3997,57582,52313,1064341,0.126593,33427,1200718,0.142814,57441,2265059,0.269408,8407551
2,2021-03-17,92247,3459908,44246,1707087,43829,1691067,4172,61754,58818,1094998,0.13024,33185,1233903,0.146761,63842,2328901,0.277001,8407551
2,2021-03-18,97447,3557355,46436,1753523,46431,1737498,4580,66334,59725,1122436,0.133503,37438,1271341,0.151214,64876,2393777,0.284718,8407551
2,2021-03-19,96883,3654238,45797,1799320,44971,1782469,6115,72449,57821,1148116,0.136558,38791,1310132,0.155828,64471,2458248,0.292386,8407551
2,2021-03-20,69544,3723782,33697,1833017,31894,1814363,3953,76402,45724,1174568,0.139704,23594,1333726,0.158634,50046,2508294,0.298338,8407551
2,2021-03-21,32988,3756770,21364,1854381,9637,1824000,1987,78389,20386,1184889,0.140932,12485,1346211,0.160119,22806,2531100,0.301051,8407551
2,2021-03-22,62386,3819156,34288,1888669,25458,1849458,2640,81029,41570,1209399,0.143847,20604,1366815,0.16257,45114,2576214,0.306417,8407551
2,2021-03-23,83127,3902283,44112,1932781,36107,1885565,2908,83937,52180,1234621,0.146847,30702,1397517,0.166222,55924,2632138,0.313068,8407551
2,2021-03-24,91241,3993524,49061,1981842,39022,1924587,3158,87095,53853,1255354,0.149313,37100,1434617,0.170634,57833,2689971,0.319947,8407551
2,2021-03-25,100831,4094355,50866,2032708,46064,1970651,3901,90996,57398,1274295,0.151566,43123,1477740,0.175763,62064,2752035,0.327329,8407551
2,2021-03-26,102904,4197259,51117,2083825,48296,2018947,3491,94487,56693,1289665,0.153394,45872,1523612,0.181219,61242,2813277,0.334613,8407551
2,2021-03-27,75261,4272520,37572,2121397,34387,2053334,3302,97789,37998,1294782,0.154002,37045,1560657,0.185626,42162,2855439,0.339628,8407551
2,2021-03-28,37489,4310009,23153,2144550,13527,2066861,809,98598,20235,1299489,0.154562,17139,1577796,0.187664,21846,2877285,0.342226,8407551
2,2021-03-29,70865,4380874,36113,2180663,32478,2099339,2274,100872,40582,1313138,0.156186,30104,1607900,0.191245,43753,2921038,0.34743,8407551
2,2021-03-30,91479,4472353,44828,2225491,42284,2141623,4367,105239,51628,1330077,0.1582,39662,1647562,0.195962,56601,2977639,0.354162,8407551
2,2021-03-31,100824,4573177,52040,2277531,43700,2185323,5084,110323,57501,1349973,0.160567,43041,1690603,0.201082,62937,3040576,0.361648,8407551
2,2021-04-01,117058,4690235,56620,2334151,51269,2236592,9169,119492,64045,1370959,0.163063,52671,1743274,0.207346,73657,3114233,0.370409,8407551
2,2021-04-02,111186,4801421,51360,2385511,49707,2286299,10119,129611,60081,1390880,0.165432,50760,1794034,0.213384,70681,3184914,0.378816,8407551
2,2021-04-03,76550,4877971,37542,2423053,29189,2315488,9819,139430,38110,1400972,0.166633,38245,1832279,0.217933,48337,3233251,0.384565,8407551
2,2021-04-04,28999,4906970,14913,2437966,10235,2325723,3851,143281,13092,1402139,0.166771,15819,1848098,0.219814,16986,3250237,0.386585,8407551
2,2021-04-05,78705,4985675,38651,2476617,31308,2357031,8746,152027,38248,1409596,0.167658,40307,1888405,0.224608,47764,3298001,0.392267,8407551
2,2021-04-06,103452,5089127,50421,2527038,38352,2395383,14679,166706,49238,1419965,0.168892,53969,1942374,0.231027,64338,3362339,0.399919,8407551
2,2021-04-07,110069,5199196,54966,2582004,38906,2434289,16197,182903,52056,1430761,0.170176,57751,2000125,0.237896,68547,3430886,0.408072,8407551
2,2021-04-08,119023,5318219,57300,2639304,43051,2477340,18672,201575,55365,1442066,0.17152,63339,2063464,0.24543,74644,3505530,0.41695,8407551
2,2021-04-09,118436,5436655,57084,2696388,43303,2520643,18049,219624,56140,1455197,0.173082,61950,2125414,0.252798,75081,3580611,0.42588,8407551
2,2021-04-10,87136,5523791,37767,2734155,31006,2551649,18363,237987,36068,1459494,0.173593,50820,2176234,0.258843,55117,3635728,0.432436,8407551
2,2021-04-11,44313,5568104,23048,2757203,12789,2564438,8476,246463,18236,1460991,0.173771,25947,2202181,0.261929,27444,3663172,0.4357,8407551
2,2021-04-12,79719,5647823,37161,2794364,33201,2597639,9357,255820,35747,1463378,0.174055,43725,2245906,0.26713,46112,3709284,0.441185,8407551
2,2021-04-13,101557,5749380,52703,2847067,48595,2646234,259,256079,55832,1474872,0.175422,45488,2291394,0.27254,56982,3766266,0.447962,8407551
2,2021-04-14,106528,5855908,55786,2902853,50691,2696925,51,256130,54697,1479497,0.175972,51562,2342956,0.278673,56187,3822453,0.454645,8407551
2,2021-04-15,113054,5968962,60133,2962986,52843,2749768,78,256208,59521,1486980,0.176862,53179,2396135,0.284998,60662,3883115,0.46186,8407551
2,2021-04-16,110315,6079277,57296,3020282,52968,2802736,51,256259,56373,1490612,0.177294,53642,2449777,0.291378,57274,3940389,0.468673,8407551
2,2021-04-17,83142,6162419,42329,3062611,40796,2843532,17,256276,46782,1502152,0.178667,36127,2485904,0.295675,47667,3988056,0.474342,8407551
2,2021-04-18,34366,6196785,20593,3083204,13767,2857299,6,256282,16469,1501847,0.178631,17778,2503682,0.29779,17473,4005529,0.47642,8407551
2,2021-04-19,74206,6270991,39948,3123152,34244,2891543,14,256296,34087,1496714,0.17802,39882,2543564,0.302533,34749,4040278,0.480553,8407551
2,2021-04-20,95583,6366574,47767,3170919,47790,2939333,26,256322,46684,1495635,0.177892,48603,2592167,0.308314,47524,4087802,0.486206,8407551
2,2021-04-21,99570,6466144,52708,3223627,46807,2986140,55,256377,47320,1492043,0.177465,51884,2644051,0.314485,48292,4136094,0.49195,8407551
2,2021-04-22,105612,6571756,54066,3277693,51525,3037665,21,256398,46322,1480345,0.176073,58928,2702979,0.321494,47230,4183324,0.497567,8407551
2,2021-04-23,104940,6676696,55257,3332950,49665,3087330,18,256416,48598,1473884,0.175305,55992,2758971,0.328154,49531,4232855,0.503459,8407551
2,2021-04-24,79635,6756331,47018,3379968,32578,3119908,39,256455,41609,1478743,0.175883,37718,2796689,0.33264,42577,4275432,0.508523,8407551
2,2021-04-25,36088,6792419,22290,3402258,13784,3133692,14,256469,19713,1482677,0.176351,16255,2812944,0.334574,20189,4295621,0.510924,8407551
2,2021-04-26,72506,6864925,39892,3442150,32317,3166009,297,256766,33513,1479165,0.175933,38759,2851703,0.339184,35247,4330868,0.515116,8407551
2,2021-04-27,86792,6951717,45452,3487602,39984,3205993,1356,258122,37342,1469970,0.174839,49116,2900819,0.345025,39921,4370789,0.519865,8407551
2,2021-04-28,85977,7037694,45499,3533101,38632,3244625,1846,259968,37961,1462958,0.174005,47727,2948546,0.350702,40715,4411504,0.524707,8407551
2,2021-04-29,88786,7126480,47905,3581006,39189,3283814,1692,261660,34464,1445710,0.171954,53994,3002540,0.357124,36746,4448250,0.529078,8407551
2,2021-04-30,92446,7218926,50767,3631773,39702,3323516,1977,263637,35752,1427769,0.16982,56315,3058855,0.363822,38374,4486624,0.533642,8407551
2,2021-05-01,61548,7280474,37629,3669402,22366,3345882,1553,265190,23979,1416848,0.168521,37298,3096153,0.368259,26377,4513001,0.536779,8407551
2,2021-05-02,29063,7309537,20151,3689553,7940,3353822,972,266162,11059,1411090,0.167836,17884,3114037,0.370386,12126,4525127,0.538222,8407551
2,2021-05-03,59639,7369176,35313,3724866,22288,3376110,2038,268200,20090,1394177,0.165824,39303,3153340,0.37506,22390,4547517,0.540885,8407551
2,2021-05-04,77903,7447079,46136,3771002,29404,3405514,2363,270563,25436,1370210,0.162974,52162,3205502,0.381265,28195,4575712,0.544238,8407551
2,2021-05-05,78229,7525308,46180,3817182,29709,3435223,2340,272903,24464,1343948,0.15985,53411,3258913,0.387617,27149,4602861,0.547468,8407551
2,2021-05-06,80704,7606012,48500,3865682,29300,3464523,2904,275807,24638,1316476,0.156583,55647,3314560,0.394236,28175,4631036,0.550819,8407551
2,2021-05-07,82023,7688035,47115,3912797,32483,3497006,2425,278232,25268,1288197,0.153219,56426,3370986,0.400947,28147,4659183,0.554166,8407551
2,2021-05-08,53691,7741726,32282,3945079,19715,3516721,1694,279926,16845,1270834,0.151154,36626,3407612,0.405304,19263,4678446,0.556458,8407551
2,2021-05-09,21278,7763004,15286,3960365,5253,3521974,739,280665,6385,1263368,0.150266,14819,3422431,0.407066,7353,4685799,0.557332,8407551
2,2021-05-10,48882,7811886,26504,3986869,20522,3542496,1856,282521,13968,1245102,0.148093,34695,3457126,0.411193,16429,4702228,0.559286,8407551
2,2021-05-11,63716,7875602,33854,4020723,27777,3570273,2085,284606,19348,1223103,0.145477,44106,3501232,0.416439,22107,4724335,0.561916,8407551
2,2021-05-12,63657,7939259,33840,4054563,27623,3597896,2194,286800,19535,1201370,0.142892,43847,3545079,0.421654,22114,4746449,0.564546,8407551
2,2021-05-13,69124,8008383,40061,4094624,27135,3625031,1928,288728,25662,1186478,0.141121,43203,3588282,0.426793,28311,4774760,0.567913,8407551
2,2021-05-14,77853,8086236,46504,4141128,29114,3654145,2235,290963,30235,1172321,0.139437,47278,3635560,0.432416,33121,4807881,0.571853,8407551
2,2021-05-15,65189,8151425,42779,4183907,20705,3674850,1705,292668,25236,1159894,0.137959,39735,3675295,0.437142,27308,4835189,0.575101,8407551
2,2021-05-16,30581,8182006,22768,4206675,6895,3681745,918,293586,12342,1155156,0.137395,18125,3693420,0.439298,13387,4848576,0.576693,8407551
2,2021-05-17,57302,8239308,36299,4242974,19073,3700818,1930,295516,22915,1146176,0.136327,34184,3727604,0.443364,25204,4873780,0.579691,8407551
2,2021-05-18,69242,8308550,40402,4283376,26893,3727711,1947,297463,27813,1135293,0.135033,41183,3768787,0.448262,30300,4904080,0.583295,8407551
2,2021-05-19,67949,8376499,40247,4323623,25734,3753445,1968,299431,27605,1125257,0.133839,40071,3808858,0.453028,30035,4934115,0.586867,8407551
2,2021-05-20,68215,8444714,39488,4363111,26568,3780013,2159,301590,26441,1112976,0.132378,41475,3850333,0.457961,29194,4963309,0.590339,8407551
2,2021-05-21,71680,8516394,42307,4405418,27240,3807253,2133,303723,28101,1100503,0.130895,43253,3893586,0.463106,30780,4994089,0.594,8407551
2,2021-05-22,52845,8569239,33464,4438882,17623,3824876,1758,305481,22111,1094361,0.130164,30532,3924118,0.466737,24390,5018479,0.596901,8407551
2,2021-05-23,23285,8592524,15833,4454715,6727,3831603,725,306206,10000,1092056,0.12989,13167,3937285,0.468303,10862,5029341,0.598193,8407551
2,2021-05-24,43422,8635946,24379,4479094,17300,3848903,1743,307949,16639,1084196,0.128955,26577,3963862,0.471465,18717,5048058,0.60042,8407551
2,2021-05-25,50350,8686296,29521,4508615,18974,3867877,1855,309804,19423,1075373,0.127906,30636,3994498,0.475108,21813,5069871,0.603014,8407551
2,2021-05-26,48223,8734519,27078,4535693,19483,3887360,1662,311466,19228,1067918,0.127019,28685,4023183,0.47852,21230,5091101,0.605539,8407551
2,2021-05-27,46283,8780802,26260,4561953,18309,3905669,1714,313180,18879,1061832,0.126295,27178,4050361,0.481753,21092,5112193,0.608048,8407551
2,2021-05-28,49467,8830269,27361,4589314,20159,3925828,1947,315127,21040,1057054,0.125727,28189,4078550,0.485106,23411,5135604,0.610832,8407551
2,2021-05-29,28761,8859030,17211,4606525,10505,3936333,1045,316172,13478,1056603,0.125673,15139,4093689,0.486906,14688,5150292,0.612579,8407551
2,2021-05-30,12496,8871526,8036,4614561,3704,3940037,756,316928,5589,1056154,0.12562,6863,4100552,0.487723,6414,5156706,0.613342,8407551
2,2021-05-31,5840,8877366,3411,4617972,2127,3942164,302,317230,1831,1054372,0.125408,3965,4104517,0.488194,2183,5158889,0.613602,8407551
2,2021-06-01,44275,8921641,25517,4643489,17182,3959346,1576,318806,16156,1044631,0.124249,27850,4132367,0.491507,18109,5176998,0.615756,8407551
2,2021-06-02,37856,8959497,22250,4665739,14212,3973558,1394,320200,15223,1039147,0.123597,22392,4154759,0.49417,16908,5193906,0.617767,8407551
2,2021-06-03,40992,9000489,26412,4692151,13142,3986700,1438,321638,14204,1028606,0.122343,26564,4181323,0.497329,16023,5209929,0.619673,8407551
2,2021-06-04,47485,9047974,30992,4723143,14969,4001669,1524,323162,15841,1015116,0.120739,31375,4212698,0.501061,17885,5227814,0.6218,8407551
2,2021-06-05,37372,9085346,26659,4749802,9275,4010944,1438,324600,12026,1003857,0.119399,25132,4237830,0.50405,13873,5241687,0.62345,8407551
2,2021-06-06,14621,9099967,11997,4761799,2048,4012992,576,325176,4966,999979,0.118938,9598,4247428,0.505192,5720,5247407,0.62413,8407551
2,2021-06-07,32872,9132839,23004,4784803,8604,4021596,1264,326440,10894,990529,0.117814,21844,4269272,0.50779,12394,5259801,0.625604,8407551
2,2021-06-08,40224,9173063,28553,4813356,10320,4031916,1351,327791,12685,977630,0.11628,27305,4296577,0.511038,14406,5274207,0.627318,8407551
2,2021-06-09,37702,9210765,26353,4839709,9865,4041781,1484,329275,11504,964926,0.114769,26012,4322589,0.514132,13308,5287515,0.628901,8407551
2,2021-06-10,37329,9248094,26011,4865720,9830,4051611,1488,330763,11745,953230,0.113378,25388,4347977,0.517151,13692,5301207,0.630529,8407551
2,2021-06-11,40614,9288708,26916,4892636,12054,4063665,1644,332407,13149,941090,0.111934,27219,4375196,0.520389,15079,5316286,0.632323,8407551
2,2021-06-12,29081,9317789,21418,4914054,6755,4070420,908,333315,8690,930627,0.110689,20270,4395466,0.5228,9807,5326093,0.633489,8407551
2,2021-06-13,12005,9329794,8740,4922794,2655,4073075,610,333925,3135,925730,0.110107,8809,4404275,0.523848,3912,5330005,0.633955,8407551
2,2021-06-14,29448,9359242,20919,4943713,7356,4080431,1173,335098,10587,918981,0.109304,18713,4422988,0.526073,11964,5341969,0.635378,8407551
2,2021-06-15,35208,9394450,23454,4967167,9744,4090175,2010,337108,12017,910409,0.108285,22970,4445958,0.528805,14398,5356367,0.63709,8407551
2,2021-06-16,32494,9426944,22432,4989599,8307,4098482,1755,338863,11320,902761,0.107375,21013,4466971,0.531305,13365,5369732,0.63868,8407551
2,2021-06-17,29893,9456837,20056,5009655,8151,4106633,1686,340549,10639,896198,0.106594,19087,4486058,0.533575,12524,5382256,0.640169,8407551
2,2021-06-18,33386,9490223,22049,5031704,9598,4116231,1739,342288,12282,889571,0.105806,20909,4506967,0.536062,14282,5396538,0.641868,8407551
2,2021-06-19,20231,9510454,14191,5045895,4885,4121116,1155,343443,7727,886279,0.105415,12349,4519316,0.537531,9057,5405595,0.642945,8407551
2,2021-06-20,8113,9518567,5787,5051682,1876,4122992,450,343893,3021,884765,0.105235,5049,4524365,0.538131,3535,5409130,0.643366,8407551
2,2021-06-21,9837,9528404,5688,5057370,3267,4126259,882,344775,4679,885311,0.1053,5098,4529463,0.538737,5644,5414774,0.644037,8407551
3,2020-12-15,301,301,301,301,0,0,0,0,301,301,3.7e-05,0,0,0.0,301,301,3.7e-05,8129050
3,2020-12-16,2311,2612,2311,2612,0,0,0,0,2312,2613,0.000321,0,0,0.0,2312,2613,0.000321,8129050
3,2020-12-17,7802,10414,7802,10414,0,0,0,0,7802,10415,0.001281,0,0,0.0,7802,10415,0.001281,8129050
3,2020-12-18,13382,23796,13369,23783,13,13,0,0,13382,23797,0.002927,0,0,0.0,13382,23797,0.002927,8129050
3,2020-12-19,7214,31010,7203,30986,11,24,0,0,7278,31075,0.003823,0,0,0.0,7278,31075,0.003823,8129050
3,2020-12-20,5654,36664,5647,36633,7,31,0,0,5701,36775,0.004524,1,1,0.0,5701,36776,0.004524,8129050
3,2020-12-21,14340,51004,14315,50948,25,56,0,0,14403,51177,0.006296,1,2,0.0,14403,51179,0.006296,8129050
3,2020-12-22,14767,65771,14191,65139,576,632,0,0,14806,65982,0.008117,1,3,0.0,14806,65985,0.008117,8129050
3,2020-12-23,14786,80557,12180,77319,2606,3238,0,0,14814,80796,0.009939,1,4,0.0,14815,80800,0.00994,8129050
3,2020-12-24,6791,87348,4858,82177,1933,5171,0,0,6789,87584,0.010774,1,5,1e-06,6789,87589,0.010775,8129050
3,2020-12-25,722,88070,665,82842,57,5228,0,0,721,88305,0.010863,0,5,1e-06,721,88310,0.010864,8129050
3,2020-12-26,4607,92677,2994,85836,1613,6841,0,0,4605,92910,0.011429,0,5,1e-06,4605,92915,0.01143,8129050
3,2020-12-27,2982,95659,1854,87690,1128,7969,0,0,2982,95892,0.011796,0,5,1e-06,2982,95897,0.011797,8129050
3,2020-12-28,13582,109241,8687,96377,4895,12864,0,0,13608,109499,0.01347,1,6,1e-06,13608,109505,0.013471,8129050
3,2020-12-29,15005,124246,8459,104836,6546,19410,0,0,15032,124529,0.015319,2,8,1e-06,15032,124537,0.01532,8129050
3,2020-12-30,18007,142253,10022,114858,7985,27395,0,0,17995,142524,0.017533,1,9,1e-06,17996,142533,0.017534,8129050
3,2020-12-31,8424,150677,3234,118092,5190,32585,0,0,8424,150947,0.018569,1,10,1e-06,8424,150957,0.01857,8129050
3,2021-01-01,1340,152017,619,118711,721,33306,0,0,1337,152283,0.018733,1,11,1e-06,1337,152294,0.018735,8129050
3,2021-01-02,4930,156947,2416,121127,2514,35820,0,0,4930,157213,0.01934,0,11,1e-06,4930,157224,0.019341,8129050
3,2021-01-03,1611,158558,847,121974,764,36584,0,0,1601,158811,0.019536,3,14,2e-06,1601,158825,0.019538,8129050
3,2021-01-04,11999,170557,5962,127936,6037,42621,0,0,11968,170767,0.021007,12,26,3e-06,11968,170793,0.02101,8129050
3,2021-01-05,15649,186206,8096,136032,7553,50174,0,0,14023,183202,0.022537,1614,1640,0.000202,14049,184842,0.022738,8129050
3,2021-01-06,20503,206709,10819,146851,9684,59858,0,0,16033,194814,0.023965,4429,6069,0.000747,16041,200883,0.024712,8129050
3,2021-01-07,26477,233186,15121,161972,11356,71214,0,0,17114,202610,0.024924,9334,15403,0.001895,17130,218013,0.026819,8129050
3,2021-01-08,30380,263566,18535,180507,11845,83059,0,0,18046,208365,0.025632,12313,27716,0.00341,18068,236081,0.029042,8129050
3,2021-01-09,12380,275946,6994,187501,5386,88445,0,0,7874,211749,0.026048,4499,32215,0.003963,7883,243964,0.030011,8129050
3,2021-01-10,7179,283125,4454,191955,2725,91170,0,0,4045,212667,0.026161,3132,35347,0.004348,4050,248014,0.03051,8129050
3,2021-01-11,29005,312130,18985,210940,10020,101190,0,0,16411,216534,0.026637,12587,47934,0.005897,16454,264468,0.032534,8129050
3,2021-01-12,32239,344369,19278,230218,12961,114151,0,0,19797,223994,0.027555,12423,60357,0.007425,19883,284351,0.03498,8129050
3,2021-01-13,34436,378805,17969,248187,16467,130618,0,0,24258,238093,0.029289,10178,70535,0.008677,24277,308628,0.037966,8129050
3,2021-01-14,34549,413354,14175,262362,20374,150992,0,0,28661,260931,0.032099,5858,76393,0.009398,28696,337324,0.041496,8129050
3,2021-01-15,38838,452192,14442,276804,24396,175388,0,0,34173,290514,0.035738,4655,81048,0.00997,34238,371562,0.045708,8129050
3,2021-01-16,21597,473789,7410,284214,14187,189575,0,0,19280,307512,0.037829,2303,83351,0.010253,19301,390863,0.048082,8129050
3,2021-01-17,13115,486904,4445,288659,8670,198245,0,0,12078,318574,0.03919,1035,84386,0.010381,12097,402960,0.04957,8129050
3,2021-01-18,24778,511682,12954,301613,11824,210069,0,0,19232,332285,0.040876,5563,89949,0.011065,19274,422234,0.051941,8129050
3,2021-01-19,40923,552605,20917,322530,20006,230075,0,0,31842,355157,0.04369,9056,99005,0.012179,31928,454162,0.055869,8129050
3,2021-01-20,45327,597932,22327,344857,23000,253075,0,0,35973,381902,0.04698,9311,108316,0.013325,36056,490218,0.060304,8129050
3,2021-01-21,47738,645670,20623,365480,27115,280190,0,0,42277,418860,0.051526,5387,113703,0.013987,42345,532563,0.065514,8129050
3,2021-01-22,49716,695386,19806,385286,29910,310100,0,0,45572,460357,0.056631,4145,117848,0.014497,45642,578205,0.071128,8129050
3,2021-01-23,30248,725634,12821,398107,17427,327527,0,0,26970,484113,0.059553,3269,121117,0.014899,27025,605230,0.074453,8129050
3,2021-01-24,17679,743313,8505,406612,9174,336701,0,0,16517,499502,0.061447,1159,122276,0.015042,16548,621778,0.076488,8129050
3,2021-01-25,40696,784009,18155,424767,22541,359242,0,0,30765,520443,0.064023,9910,132186,0.016261,30851,652629,0.080284,8129050
3,2021-01-26,47181,831190,22574,447341,24607,383849,0,0,37101,547578,0.067361,10070,142256,0.0175,37205,689834,0.08486,8129050
3,2021-01-27,51381,882571,24517,471858,26864,410713,0,0,40808,577963,0.071098,10504,152760,0.018792,40889,730723,0.08989,8129050
3,2021-01-28,51734,934305,24071,495929,27663,438376,0,0,42829,612030,0.075289,8819,161579,0.019877,42886,773609,0.095166,8129050
3,2021-01-29,50863,985168,24507,520436,26356,464732,0,0,41214,643831,0.079201,9461,171040,0.021041,41262,814871,0.100242,8129050
3,2021-01-30,37206,1022374,17864,538300,19342,484074,0,0,32516,671791,0.082641,4637,175677,0.021611,32597,847468,0.104252,8129050
3,2021-01-31,22302,1044676,12830,551130,9472,493546,0,0,20913,691347,0.085046,1376,177053,0.02178,20932,868400,0.106827,8129050
3,2021-02-01,45824,1090500,21000,572130,24824,518370,0,0,35066,715732,0.088046,10716,187769,0.023099,35101,903501,0.111145,8129050
3,2021-02-02,54274,1144774,22619,594749,31655,550025,0,0,41899,745398,0.091696,12288,200057,0.02461,41954,945455,0.116306,8129050
3,2021-02-03,59902,1204676,26737,621486,33165,583190,0,0,44632,775004,0.095338,15112,215169,0.026469,44718,990173,0.121807,8129050
3,2021-02-04,64223,1268899,27937,649423,36286,619476,0,0,47114,805322,0.099067,16919,232088,0.02855,47237,1037410,0.127618,8129050
3,2021-02-05,70030,1338929,29770,679193,40260,659736,0,0,48520,832743,0.10244,21287,253375,0.031169,48708,1086118,0.133609,8129050
3,2021-02-06,43368,1382297,21035,700228,22333,682069,0,0,33791,857172,0.105446,9545,262920,0.032343,33974,1120092,0.137789,8129050
3,2021-02-07,19741,1402038,12585,712813,7156,689225,0,0,15197,867964,0.106773,4529,267449,0.0329,15321,1135413,0.139674,8129050
3,2021-02-08,51438,1453476,25001,737814,26437,715662,0,0,33826,884471,0.108804,17505,284954,0.035054,34012,1169425,0.143858,8129050
3,2021-02-09,58428,1511904,28531,766345,29897,745559,0,0,34318,895203,0.110124,23935,308889,0.037998,34667,1204092,0.148122,8129050
3,2021-02-10,67944,1579848,31716,798061,36228,781787,0,0,36813,901647,0.110917,30906,339795,0.0418,37350,1241442,0.152717,8129050
3,2021-02-11,70439,1650287,34792,832853,35647,817434,0,0,37818,907722,0.111664,32279,372074,0.045771,38354,1279796,0.157435,8129050
3,2021-02-12,75233,1725520,32632,865485,42601,860035,0,0,41613,916796,0.11278,33324,405398,0.04987,42398,1322194,0.16265,8129050
3,2021-02-13,44566,1770086,20326,885811,24240,884275,0,0,25719,924348,0.113709,18748,424146,0.052177,26300,1348494,0.165886,8129050
3,2021-02-14,27124,1797210,13556,899367,13568,897843,0,0,15148,928018,0.114161,11927,436073,0.053644,15597,1364091,0.167804,8129050
3,2021-02-15,39896,1837106,17166,916533,22730,920573,0,0,22107,933353,0.114817,17705,453778,0.055822,23040,1387131,0.170639,8129050
3,2021-02-16,69774,1906880,33057,949590,36717,957290,0,0,36275,937290,0.115301,33366,487144,0.059926,37303,1424434,0.175228,8129050
3,2021-02-17,71504,1978384,36213,985803,35291,992581,0,0,34026,935125,0.115035,37264,524408,0.06451,35099,1459533,0.179545,8129050
3,2021-02-18,76644,2055028,40074,1025877,36570,1029151,0,0,35556,931085,0.114538,40939,565347,0.069547,36899,1496432,0.184084,8129050
3,2021-02-19,68507,2123535,39517,1065394,28990,1058141,0,0,34623,932622,0.114727,33780,599127,0.073702,35317,1531749,0.188429,8129050
3,2021-02-20,42203,2165738,26750,1092144,15453,1073594,0,0,22239,935485,0.115079,19873,619000,0.076147,22736,1554485,0.191226,8129050
3,2021-02-21,22931,2188669,19097,1111241,3834,1077428,0,0,10890,934793,0.114994,11964,630964,0.077618,11272,1565757,0.192613,8129050
3,2021-02-22,45490,2234159,29641,1140882,15849,1093277,0,0,21544,932953,0.114768,23867,654831,0.080554,22027,1587784,0.195322,8129050
3,2021-02-23,60956,2295115,33266,1174148,27690,1120967,0,0,26916,927959,0.114153,33896,688727,0.084724,28902,1616686,0.198878,8129050
3,2021-02-24,76847,2371962,37667,1211815,39180,1160147,0,0,34244,922275,0.113454,42440,731167,0.089945,36756,1653442,0.203399,8129050
3,2021-02-25,86216,2458178,41954,1253769,44262,1204409,0,0,43200,925284,0.113824,42783,773950,0.095208,45792,1699234,0.209032,8129050
3,2021-02-26,97151,2555329,44468,1298237,52683,1257092,0,0,51611,933896,0.114884,45200,819150,0.100768,53812,1753046,0.215652,8129050
3,2021-02-27,68462,2623791,31551,1329788,36908,1294000,3,3,36440,939813,0.115612,31835,850985,0.104684,37752,1790798,0.220296,8129050
3,2021-02-28,39434,2663225,23119,1352907,16313,1310313,2,5,20732,942943,0.115997,18552,869537,0.106967,21682,1812480,0.222963,8129050
3,2021-03-01,67778,2731003,36124,1389031,31632,1341945,22,27,37824,952351,0.117154,29778,899315,0.11063,39186,1851666,0.227784,8129050
3,2021-03-02,78094,2809097,38671,1427702,39415,1381360,8,35,45718,967896,0.119066,32249,931564,0.114597,47794,1899460,0.233663,8129050
3,2021-03-03,89016,2898113,42811,1470513,46188,1427548,17,52,49911,981176,0.1207,38913,970477,0.119384,52193,1951653,0.240084,8129050
3,2021-03-04,93128,2991241,45729,1516242,47382,1474930,17,69,53054,996650,0.122604,39871,1010348,0.124289,55345,2006998,0.246892,8129050
3,2021-03-05,89475,3080716,44005,1560247,45180,1520110,290,359,54707,1019320,0.125392,34549,1044897,0.128539,57219,2064217,0.253931,8129050
3,2021-03-06,64984,3145700,32961,1593208,29878,1549988,2145,2504,37330,1032752,0.127045,27522,1072419,0.131924,40954,2105171,0.258969,8129050
3,2021-03-07,37549,3183249,22447,1615655,13964,1563952,1138,3642,21670,1040904,0.128047,15823,1088242,0.133871,23975,2129146,0.261918,8129050
3,2021-03-08,59034,3242283,28269,1643924,27901,1591853,2864,6506,37497,1061421,0.130571,21393,1109635,0.136502,41910,2171056,0.267074,8129050
3,2021-03-09,76419,3318702,35480,1679404,36563,1628416,4376,10882,41323,1073316,0.132035,34977,1144612,0.140805,46872,2217928,0.27284,8129050
3,2021-03-10,82378,3401080,41228,1720632,35094,1663510,6056,16938,43185,1084972,0.133468,38993,1183605,0.145602,50649,2268577,0.27907,8129050
3,2021-03-11,96525,3497605,47182,1767814,40783,1704293,8560,25498,47508,1093364,0.134501,48773,1232378,0.151602,57165,2325742,0.286103,8129050
3,2021-03-12,101595,3599200,45417,1813231,44321,1748614,11857,37355,46725,1098455,0.135127,54668,1287046,0.158327,59759,2385501,0.293454,8129050
3,2021-03-13,69626,3668826,29603,1842834,32771,1781385,7252,44607,36618,1110801,0.136646,32898,1319944,0.162374,45244,2430745,0.29902,8129050
3,2021-03-14,40777,3709603,21543,1864377,15680,1797065,3554,48161,20817,1115916,0.137275,19890,1339834,0.16482,25005,2455750,0.302096,8129050
3,2021-03-15,75477,3785080,35880,1900257,35054,1832119,4543,52704,39948,1126074,0.138525,35339,1375173,0.169168,45497,2501247,0.307692,8129050
3,2021-03-16,94771,3879851,43687,1943944,46764,1878883,4320,57024,53605,1143971,0.140726,40958,1416131,0.174206,58855,2560102,0.314932,8129050
3,2021-03-17,97888,3977739,47610,1991554,45759,1924642,4519,61543,59769,1171029,0.144055,37907,1454038,0.178869,64965,2625067,0.322924,8129050
3,2021-03-18,102996,4080735,52352,2043906,46157,1970799,4487,66030,59565,1192464,0.146692,43184,1497222,0.184182,64619,2689686,0.330873,8129050
3,2021-03-19,102578,4183313,54991,2098897,43147,2013946,4440,70470,57643,1210416,0.1489,44689,1541911,0.189679,62641,2752327,0.338579,8129050
3,2021-03-20,71351,4254664,36858,2135755,30863,2044809,3630,74100,44256,1231889,0.151542,26923,1568834,0.192991,48396,2800723,0.344533,8129050
3,2021-03-21,35866,4290530,24469,2160224,9891,2054700,1506,75606,22391,1242879,0.152894,13386,1582220,0.194638,24376,2825099,0.347531,8129050
3,2021-03-22,70089,4360619,41206,2201430,26363,2081063,2520,78126,44943,1266415,0.155789,24945,1607165,0.197706,48481,2873580,0.353495,8129050
3,2021-03-23,89294,4449913,49319,2250749,37442,2118505,2533,80659,55104,1290807,0.158789,33956,1641121,0.201883,58348,2931928,0.360673,8129050
3,2021-03-24,98395,4548308,56673,2307422,38814,2157319,2908,83567,56379,1309017,0.16103,41683,1682804,0.207011,59893,2991821,0.368041,8129050
3,2021-03-25,107002,4655310,59461,2366883,44590,2201909,2951,86518,60748,1327414,0.163293,45950,1728754,0.212664,64347,3056168,0.375956,8129050
3,2021-03-26,110169,4765479,59196,2426079,47687,2249596,3286,89804,57358,1336385,0.164396,52520,1781274,0.219124,61491,3117659,0.383521,8129050
3,2021-03-27,74245,4839724,37817,2463896,33885,2283481,2543,92347,36169,1337891,0.164581,37878,1819152,0.223784,39384,3157043,0.388366,8129050
3,2021-03-28,43999,4883723,27857,2491753,15335,2298816,807,93154,22374,1340109,0.164854,21520,1840672,0.226431,23738,3180781,0.391286,8129050
3,2021-03-29,80325,4964048,42016,2533769,36473,2335289,1836,94990,44280,1351219,0.166221,35822,1876494,0.230838,46932,3227713,0.397059,8129050
3,2021-03-30,99912,5063960,49130,2582899,47154,2382443,3628,98618,56208,1368194,0.168309,43463,1919957,0.236185,60438,3288151,0.404494,8129050
3,2021-03-31,104665,5168625,56523,2639422,43323,2425766,4819,103437,56129,1381131,0.169901,48344,1968301,0.242132,61281,3349432,0.412032,8129050
3,2021-04-01,123224,5291849,62370,2701792,51174,2476940,9680,113117,66812,1401894,0.172455,56066,2024367,0.249029,76829,3426261,0.421484,8129050
3,2021-04-02,117635,5409484,57484,2759276,49855,2526795,10296,123413,62405,1420109,0.174696,54980,2079347,0.255792,73195,3499456,0.430488,8129050
3,2021-04-03,75916,5485400,38822,2798098,27870,2554665,9224,132637,37941,1429765,0.175883,37844,2117191,0.260448,47500,3546956,0.436331,8129050
3,2021-04-04,32345,5517745,17279,2815377,10865,2565530,4201,136838,14226,1430187,0.175935,18044,2135235,0.262667,18466,3565422,0.438603,8129050
3,2021-04-05,89091,5606836,45342,2860719,34637,2600167,9112,145950,43721,1438684,0.176981,45172,2180407,0.268224,53669,3619091,0.445205,8129050
3,2021-04-06,113162,5719998,55118,2915837,42889,2643056,15155,161105,53409,1448465,0.178184,59507,2239914,0.275544,69288,3688379,0.453728,8129050
3,2021-04-07,115951,5835949,60047,2975884,39636,2682692,16268,177373,56306,1461902,0.179837,59408,2299322,0.282852,72845,3761224,0.462689,8129050
3,2021-04-08,121227,5957176,60391,3036275,40735,2723427,20101,197474,56366,1474581,0.181396,64581,2363903,0.290797,77260,3838484,0.472193,8129050
3,2021-04-09,118164,6075340,58912,3095187,40140,2763567,19112,216586,52048,1480770,0.182158,65893,2429796,0.298903,72082,3910566,0.481061,8129050
3,2021-04-10,83620,6158960,37811,3132998,30589,2794156,15220,231806,34188,1481733,0.182276,49277,2479073,0.304965,50240,3960806,0.487241,8129050
3,2021-04-11,45118,6204078,24261,3157259,12872,2807028,7985,239791,17332,1480188,0.182086,27702,2506775,0.308372,26157,3986963,0.490459,8129050
3,2021-04-12,83786,6287864,42356,3199615,32670,2839698,8760,248551,38198,1482859,0.182415,45374,2552149,0.313954,48045,4035008,0.496369,8129050
3,2021-04-13,105241,6393105,57029,3256644,47999,2887697,213,248764,55788,1490508,0.183356,49241,2601390,0.320012,56890,4091898,0.503367,8129050
3,2021-04-14,107357,6500462,58719,3315363,48541,2936238,97,248861,53603,1492155,0.183558,53487,2654877,0.326591,55134,4147032,0.51015,8129050
3,2021-04-15,119234,6619696,67171,3382534,51997,2988235,66,248927,64271,1502615,0.184845,54681,2709558,0.333318,65141,4212173,0.518163,8129050
3,2021-04-16,115146,6734842,64679,3447213,50372,3038607,95,249022,60419,1509351,0.185674,54448,2764006,0.340016,61184,4273357,0.52569,8129050
3,2021-04-17,78940,6813782,43224,3490437,35704,3074311,12,249034,44097,1519796,0.186959,34639,2798645,0.344277,45084,4318441,0.531236,8129050
3,2021-04-18,37329,6851111,22153,3512590,15173,3089484,3,249037,17582,1518612,0.186813,19654,2818299,0.346695,18470,4336911,0.533508,8129050
3,2021-04-19,78637,6929748,43855,3556445,34729,3124213,53,249090,35622,1511999,0.185999,42838,2861137,0.351964,36225,4373136,0.537964,8129050
3,2021-04-20,98653,7028401,51146,3607591,47491,3171704,16,249106,48174,1510994,0.185876,50264,2911401,0.358148,49259,4422395,0.544024,8129050
3,2021-04-21,101650,7130051,55861,3663452,45722,3217426,67,249173,48239,1507205,0.18541,53112,2964513,0.364681,49323,4471718,0.550091,8129050
3,2021-04-22,109098,7239149,60761,3724213,48317,3265743,20,249193,47055,1493488,0.183722,61751,3026264,0.372278,48034,4519752,0.556,8129050
3,2021-04-23,103383,7342532,58507,3782720,44853,3310596,23,249216,45397,1482245,0.182339,57659,3083923,0.379371,46416,4566168,0.56171,8129050
3,2021-04-24,73015,7415547,45241,3827961,27711,3338307,63,249279,35640,1481802,0.182285,37129,3121052,0.383938,36686,4602854,0.566223,8129050
3,2021-04-25,36313,7451860,23379,3851340,12921,3351228,13,249292,18724,1483468,0.18249,17460,3138512,0.386086,19126,4621980,0.568576,8129050
3,2021-04-26,72517,7524377,40706,3892046,31416,3382644,395,249687,30994,1474906,0.181436,41287,3179799,0.391165,32725,4654705,0.572601,8129050
3,2021-04-27,89696,7614073,46742,3938788,41223,3423867,1731,251418,35636,1459260,0.179512,53778,3233577,0.39778,38132,4692837,0.577292,8129050
3,2021-04-28,84856,7698929,47716,3986504,35023,3458890,2117,253535,34742,1446802,0.177979,49849,3283426,0.403913,37391,4730228,0.581892,8129050
3,2021-04-29,86992,7785921,49278,4035782,35524,3494414,2190,255725,30999,1424757,0.175267,55713,3339139,0.410766,33668,4763896,0.586034,8129050
3,2021-04-30,88730,7874651,49708,4085490,36548,3530962,2474,258199,32891,1405037,0.172841,55541,3394680,0.417599,35821,4799717,0.59044,8129050
3,2021-05-01,54660,7929311,34449,4119939,18768,3549730,1443,259642,19685,1391870,0.171222,34780,3429460,0.421877,21613,4821330,0.593099,8129050
3,2021-05-02,26795,7956106,18283,4138222,7501,3557231,1011,260653,9833,1385947,0.170493,16871,3446331,0.423952,10948,4832278,0.594446,8129050
3,2021-05-03,59018,8015124,34523,4172745,22144,3579375,2351,263004,17320,1364285,0.167828,41512,3487843,0.429059,19850,4852128,0.596887,8129050
3,2021-05-04,75662,8090786,43278,4216023,29736,3609111,2648,265652,22105,1336023,0.164352,53295,3541138,0.435615,25033,4877161,0.599967,8129050
3,2021-05-05,77073,8167859,45831,4261854,28557,3637668,2685,268337,21473,1305127,0.160551,55309,3596447,0.442419,24413,4901574,0.60297,8129050
3,2021-05-06,81554,8249413,51210,4313064,27830,3665498,2514,270851,20333,1267737,0.155951,60785,3657232,0.449897,23395,4924969,0.605848,8129050
3,2021-05-07,81075,8330488,50288,4363352,28179,3693677,2608,273459,21577,1233031,0.151682,59180,3716412,0.457177,24474,4949443,0.608859,8129050
3,2021-05-08,50772,8381260,31271,4394623,17809,3711486,1692,275151,13493,1211433,0.149025,37041,3753453,0.461733,15443,4964886,0.610758,8129050
3,2021-05-09,20359,8401619,14794,4409417,4788,3716274,777,275928,5547,1203097,0.148,14727,3768180,0.463545,6391,4971277,0.611545,8129050
3,2021-05-10,46897,8448516,25012,4434429,19989,3736263,1896,277824,11117,1180772,0.145253,35597,3803777,0.467924,13272,4984549,0.613177,8129050
3,2021-05-11,61692,8510208,33872,4468301,25630,3761893,2190,280014,15725,1153386,0.141884,45752,3849529,0.473552,18366,5002915,0.615437,8129050
3,2021-05-12,63474,8573682,36416,4504717,24668,3786561,2390,282404,17153,1127127,0.138654,46098,3895627,0.479223,19839,5022754,0.617877,8129050
3,2021-05-13,73656,8647338,46439,4551156,25335,3811896,1882,284286,27338,1110861,0.136653,46093,3941720,0.484893,29827,5052581,0.621546,8129050
3,2021-05-14,78300,8725638,49438,4600594,26752,3838648,2110,286396,30810,1097135,0.134965,47244,3988964,0.490705,33518,5086099,0.62567,8129050
3,2021-05-15,61029,8786667,42003,4642597,17826,3856474,1200,287596,25196,1088087,0.133852,35652,4024616,0.495091,26604,5112703,0.628942,8129050
3,2021-05-16,31716,8818383,23760,4666357,7273,3863747,683,288279,12719,1082675,0.133186,18895,4043511,0.497415,13483,5126186,0.630601,8129050
3,2021-05-17,56273,8874656,35816,4702173,18633,3882380,1824,290103,21089,1070849,0.131731,34938,4078449,0.501713,23112,5149298,0.633444,8129050
3,2021-05-18,63652,8938308,37591,4739764,24224,3906604,1837,291940,24346,1058363,0.130195,39055,4117504,0.506517,26569,5175867,0.636712,8129050
3,2021-05-19,62913,9001221,38413,4778177,22779,3929383,1721,293661,25195,1048063,0.128928,37487,4154991,0.511129,27187,5203054,0.640057,8129050
3,2021-05-20,60431,9061652,35384,4813561,23234,3952617,1813,295474,22305,1034649,0.127278,37866,4192857,0.515787,24452,5227506,0.643065,8129050
3,2021-05-21,65037,9126689,39630,4853191,23320,3975937,2087,297561,23959,1020178,0.125498,40799,4233656,0.520806,26328,5253834,0.646304,8129050
3,2021-05-22,45075,9171764,29860,4883051,13741,3989678,1474,299035,18786,1014580,0.124809,26102,4259758,0.524017,20504,5274338,0.648826,8129050
3,2021-05-23,20562,9192326,14272,4897323,5647,3995325,643,299678,8939,1012731,0.124582,11544,4271302,0.525437,9695,5284033,0.650019,8129050
3,2021-05-24,38383,9230709,22236,4919559,14410,4009735,1737,301415,14247,1004944,0.123624,23968,4295270,0.528385,16181,5300214,0.652009,8129050
3,2021-05-25,42336,9273045,23889,4943448,16794,4026529,1653,303068,15303,995323,0.12244,26796,4322066,0.531682,17175,5317389,0.654122,8129050
3,2021-05-26,42002,9315047,24076,4967524,16212,4042741,1714,304782,16082,987607,0.121491,25644,4347710,0.534836,17928,5335317,0.656327,8129050
3,2021-05-27,38892,9353939,21747,4989271,15400,4058141,1745,306527,15446,981723,0.120767,23302,4371012,0.537703,17418,5352735,0.65847,8129050
3,2021-05-28,42355,9396294,23991,5013262,16596,4074737,1768,308295,17837,977301,0.120223,24341,4395353,0.540697,19919,5372654,0.66092,8129050
3,2021-05-29,23208,9419502,14172,5027434,8205,4082942,831,309126,11147,977451,0.120242,11948,4407301,0.542167,12098,5384752,0.662409,8129050
3,2021-05-30,10491,9429993,6799,5034233,3057,4085999,635,309761,4535,976769,0.120158,5892,4413193,0.542892,5210,5389962,0.663049,8129050
3,2021-05-31,4586,9434579,2652,5036885,1669,4087668,265,310026,1461,975424,0.119992,3097,4416290,0.543273,1752,5391714,0.663265,8129050
3,2021-06-01,37373,9471952,21547,5058432,14405,4102073,1421,311447,13791,967445,0.119011,23384,4439674,0.546149,15405,5407119,0.66516,8129050
3,2021-06-02,31312,9503264,18023,5076455,11886,4113959,1403,312850,11943,961742,0.118309,19174,4458848,0.548508,13471,5420590,0.666817,8129050
3,2021-06-03,39338,9542602,26934,5103389,10980,4124939,1424,314274,11896,948011,0.11662,27273,4486121,0.551863,13542,5434132,0.668483,8129050
3,2021-06-04,45796,9588398,32423,5135812,11843,4136782,1530,315804,13606,931585,0.114599,31968,4518089,0.555795,15542,5449674,0.670395,8129050
3,2021-06-05,34026,9622424,25663,5161475,7185,4143967,1178,316982,9004,917112,0.112819,24825,4542914,0.558849,10352,5460026,0.671668,8129050
3,2021-06-06,14330,9636754,11963,5173438,1795,4145762,572,317554,4041,911650,0.112147,10236,4553150,0.560108,4774,5464800,0.672256,8129050
3,2021-06-07,30107,9666861,21897,5195335,6947,4152709,1263,318817,8860,900774,0.110809,21117,4574267,0.562706,10241,5475041,0.673515,8129050
3,2021-06-08,34037,9700898,24477,5219812,8298,4161007,1262,320079,10155,888712,0.109325,23680,4597947,0.565619,11618,5486659,0.674945,8129050
3,2021-06-09,32335,9733233,23398,5243210,7652,4168659,1285,321364,8784,875544,0.107706,23393,4621340,0.568497,10225,5496884,0.676203,8129050
3,2021-06-10,32178,9765411,23248,5266458,7435,4176094,1495,322859,9119,863426,0.106215,22921,4644261,0.571317,10803,5507687,0.677531,8129050
3,2021-06-11,34927,9800338,24660,5291118,8922,4185016,1345,324204,10482,851163,0.104706,24259,4668520,0.574301,11996,5519683,0.679007,8129050
3,2021-06-12,24864,9825202,18758,5309876,5222,4190238,884,325088,6684,840803,0.103432,18070,4686590,0.576524,7710,5527393,0.679956,8129050
3,2021-06-13,9928,9835130,7408,5317284,2038,4192276,482,325570,2396,836263,0.102873,7485,4694075,0.577444,2945,5530338,0.680318,8129050
3,2021-06-14,25466,9860596,18258,5335542,5817,4198093,1391,326961,8345,829134,0.101996,16994,4711069,0.579535,9865,5540203,0.681531,8129050
3,2021-06-15,28493,9889089,19316,5354858,7691,4205784,1486,328447,9742,821985,0.101117,18535,4729604,0.581815,11386,5551589,0.682932,8129050
3,2021-06-16,25355,9914444,17967,5372825,6003,4211787,1385,329832,8670,815674,0.100341,16518,4746122,0.583847,10207,5561796,0.684188,8129050
3,2021-06-17,24013,9938457,17285,5390110,5610,4217397,1118,330950,8526,810106,0.099656,15343,4761465,0.585734,9775,5571571,0.68539,8129050
3,2021-06-18,26969,9965426,19135,5409245,6459,4223856,1375,332325,9569,804011,0.098906,17195,4778660,0.58785,11100,5582671,0.686756,8129050
3,2021-06-19,15434,9980860,11411,5420656,3291,4227147,732,333057,5613,800771,0.098507,9689,4788349,0.589042,6449,5589120,0.687549,8129050
3,2021-06-20,6785,9987645,5092,5425748,1391,4228538,302,333359,2598,799581,0.098361,4141,4792490,0.589551,2951,5592071,0.687912,8129050
3,2021-06-21,8179,9995824,4931,5430679,2366,4230904,882,334241,3700,799764,0.098383,4433,4796923,0.590096,4616,5596687,0.68848,8129050
4,2020-12-15,453,453,453,453,0,0,0,0,453,453,5.6e-05,0,0,0.0,453,453,5.6e-05,8037679
4,2020-12-16,3013,3466,3013,3466,0,0,0,0,3013,3466,0.000431,0,0,0.0,3013,3466,0.000431,8037679
4,2020-12-17,8916,12382,8916,12382,0,0,0,0,8916,12382,0.00154,0,0,0.0,8916,12382,0.00154,8037679
4,2020-12-18,16162,28544,16152,28534,10,10,0,0,16162,28544,0.003551,0,0,0.0,16162,28544,0.003551,8037679
4,2020-12-19,10359,38903,10350,38884,9,19,0,0,10294,38838,0.004832,0,0,0.0,10294,38838,0.004832,8037679
4,2020-12-20,7410,46313,7403,46287,7,26,0,0,7365,46203,0.005748,0,0,0.0,7365,46203,0.005748,8037679
4,2020-12-21,16381,62694,16356,62643,25,51,0,0,16315,62517,0.007778,1,1,0.0,16315,62518,0.007778,8037679
4,2020-12-22,17146,79840,16410,79053,736,787,0,0,17100,79616,0.009905,1,2,0.0,17100,79618,0.009906,8037679
4,2020-12-23,17049,96889,14341,93394,2708,3495,0,0,17018,96633,0.012023,1,3,0.0,17018,96636,0.012023,8037679
4,2020-12-24,8566,105455,5969,99363,2597,6092,0,0,8565,105197,0.013088,1,4,0.0,8565,105201,0.013088,8037679
4,2020-12-25,904,106359,799,100162,105,6197,0,0,904,106101,0.0132,0,4,0.0,904,106105,0.013201,8037679
4,2020-12-26,6179,112538,3897,104059,2282,8479,0,0,6179,112280,0.013969,0,4,0.0,6179,112284,0.01397,8037679
4,2020-12-27,3427,115965,1994,106053,1433,9912,0,0,3427,115707,0.014396,0,4,0.0,3427,115711,0.014396,8037679
4,2020-12-28,15062,131027,9303,115356,5759,15671,0,0,15034,130740,0.016266,1,5,1e-06,15034,130745,0.016267,8037679
4,2020-12-29,15374,146401,8517,123873,6857,22528,0,0,15341,146081,0.018175,0,5,1e-06,15341,146086,0.018175,8037679
4,2020-12-30,18946,165347,11081,134954,7865,30393,0,0,18935,165014,0.02053,2,7,1e-06,18935,165021,0.020531,8037679
4,2020-12-31,8273,173620,3349,138303,4924,35317,0,0,8261,173266,0.021557,9,16,2e-06,8261,173282,0.021559,8037679
4,2021-01-01,1459,175079,640,138943,819,36136,0,0,1457,174721,0.021738,2,18,2e-06,1457,174739,0.02174,8037679
4,2021-01-02,5723,180802,3234,142177,2489,38625,0,0,5722,180442,0.02245,1,19,2e-06,5722,180461,0.022452,8037679
4,2021-01-03,2139,182941,1271,143448,868,39493,0,0,2123,182561,0.022713,4,23,3e-06,2123,182584,0.022716,8037679
4,2021-01-04,12979,195920,7052,150500,5927,45420,0,0,12871,195343,0.024303,89,112,1.4e-05,12871,195455,0.024317,8037679
4,2021-01-05,16908,212828,9999,160499,6909,52329,0,0,14724,207922,0.025868,2157,2269,0.000282,14736,210191,0.026151,8037679
4,2021-01-06,21577,234405,13231,173730,8346,60675,0,0,15495,217402,0.027048,6028,8297,0.001032,15508,225699,0.02808,8037679
4,2021-01-07,27959,262364,17033,190763,10926,71601,0,0,16712,222944,0.027737,11188,19485,0.002424,16730,242429,0.030162,8037679
4,2021-01-08,32817,295181,21058,211821,11759,83360,0,0,18301,226818,0.028219,14446,33931,0.004221,18320,260749,0.032441,8037679
4,2021-01-09,16287,311468,9632,221453,6655,90015,0,0,9461,229482,0.028551,6809,40740,0.005069,9473,270222,0.033619,8037679
4,2021-01-10,8763,320231,5667,227120,3096,93111,0,0,4140,229024,0.028494,4606,45346,0.005642,4148,274370,0.034135,8037679
4,2021-01-11,33397,353628,21914,249034,11483,104594,0,0,18811,233327,0.029029,14550,59896,0.007452,18853,293223,0.036481,8037679
4,2021-01-12,38567,392195,22232,271266,16335,120929,0,0,24344,243550,0.030301,14160,74056,0.009214,24383,317606,0.039515,8037679
4,2021-01-13,38809,431004,19178,290444,19631,140560,0,0,27441,259708,0.032311,11311,85367,0.010621,27469,345075,0.042932,8037679
4,2021-01-14,39244,470248,15049,305493,24195,164755,0,0,32082,284705,0.035421,7114,92481,0.011506,32111,377186,0.046927,8037679
4,2021-01-15,45566,515814,15954,321447,29612,194367,0,0,39929,319074,0.039697,5582,98063,0.0122,39951,417137,0.051898,8037679
4,2021-01-16,28769,544583,9460,330907,19309,213676,0,0,25616,341591,0.042499,3118,101181,0.012588,25635,442772,0.055087,8037679
4,2021-01-17,19156,563739,6759,337666,12397,226073,0,0,17628,357731,0.044507,1502,102683,0.012775,17642,460414,0.057282,8037679
4,2021-01-18,29504,593243,13678,351344,15826,241899,0,0,23503,375356,0.0467,5905,108588,0.01351,23530,483944,0.060209,8037679
4,2021-01-19,46180,639423,23190,374534,22990,264889,0,0,36798,402904,0.050127,9324,117912,0.01467,36872,520816,0.064797,8037679
4,2021-01-20,51978,691401,27532,402066,24446,289335,0,0,41502,434089,0.054007,10376,128288,0.015961,41561,562377,0.069968,8037679
4,2021-01-21,57000,748401,25261,427327,31739,321074,0,0,50523,478245,0.0595,6410,134698,0.016758,50566,612943,0.076259,8037679
4,2021-01-22,55336,803737,22189,449516,33147,354221,0,0,50206,523444,0.065124,5035,139733,0.017385,50234,663177,0.082509,8037679
4,2021-01-23,39601,843338,17464,466980,22137,376358,0,0,35256,554396,0.068975,4336,144069,0.017924,35288,698465,0.086899,8037679
4,2021-01-24,23971,867309,10518,477498,13453,389811,0,0,22076,574602,0.071489,1887,145956,0.018159,22093,720558,0.089648,8037679
4,2021-01-25,48054,915363,22205,499703,25849,415660,0,0,36944,600523,0.074713,11079,157035,0.019537,37000,757558,0.094251,8037679
4,2021-01-26,57022,972385,29113,528816,27909,443569,0,0,44758,633129,0.07877,12211,169246,0.021057,44817,802375,0.099827,8037679
4,2021-01-27,56392,1028777,26875,555691,29517,473086,0,0,45387,667635,0.083063,10933,180179,0.022417,45439,847814,0.10548,8037679
4,2021-01-28,56787,1085564,25694,581385,31093,504179,0,0,46771,704519,0.087652,9932,190111,0.023652,46816,894630,0.111305,8037679
4,2021-01-29,56673,1142237,27219,608604,29454,533633,0,0,46293,740619,0.092143,10230,200341,0.024925,46330,940960,0.117069,8037679
4,2021-01-30,37933,1180170,17333,625937,20600,554233,0,0,32579,767920,0.09554,5304,205645,0.025585,32605,973565,0.121125,8037679
4,2021-01-31,24034,1204204,12677,638614,11357,565590,0,0,22402,788724,0.098128,1615,207260,0.025786,22419,995984,0.123914,8037679
4,2021-02-01,49932,1254136,24200,662814,25732,591322,0,0,38307,815487,0.101458,11583,218843,0.027227,38346,1034330,0.128685,8037679
4,2021-02-02,55564,1309700,25606,688420,29958,621280,0,0,42696,845433,0.105184,12801,231644,0.02882,42747,1077077,0.134003,8037679
4,2021-02-03,62298,1371998,30723,719143,31575,652855,0,0,47921,879152,0.109379,14267,245911,0.030595,47986,1125063,0.139974,8037679
4,2021-02-04,67602,1439600,31493,750636,36109,688964,0,0,50907,913635,0.113669,16541,262452,0.032653,51024,1176087,0.146322,8037679
4,2021-02-05,73415,1513015,34157,784793,39258,728222,0,0,51137,942904,0.11731,22019,284471,0.035392,51288,1227375,0.152703,8037679
4,2021-02-06,48532,1561547,26430,811223,22102,750324,0,0,36974,968556,0.120502,11522,295993,0.036826,37174,1264549,0.157328,8037679
4,2021-02-07,26631,1588178,17663,828886,8968,759292,0,0,20161,982512,0.122238,6444,302437,0.037627,20400,1284949,0.159866,8037679
4,2021-02-08,58746,1646924,30314,859200,28432,787724,0,0,38316,1000792,0.124513,20299,322736,0.040153,38579,1323528,0.164665,8037679
4,2021-02-09,67278,1714202,34297,893497,32981,820705,0,0,39567,1013125,0.126047,27639,350375,0.043592,39972,1363500,0.169639,8037679
4,2021-02-10,77288,1791490,38732,932229,38556,859261,0,0,41102,1018819,0.126755,35957,386332,0.048065,41651,1405151,0.17482,8037679
4,2021-02-11,81428,1872918,42597,974826,38831,898092,0,0,42060,1022412,0.127202,39144,425476,0.052935,42737,1447888,0.180138,8037679
4,2021-02-12,84274,1957192,37772,1012598,46502,944594,0,0,43461,1026069,0.127657,40610,466086,0.057988,44267,1492155,0.185645,8037679
4,2021-02-13,58544,2015736,29751,1042349,28793,973387,0,0,29843,1028242,0.127928,28571,494657,0.061542,30744,1522899,0.18947,8037679
4,2021-02-14,36737,2052473,19066,1061415,17671,991058,0,0,18889,1029993,0.128146,17796,512453,0.063756,19547,1542446,0.191902,8037679
4,2021-02-15,46124,2098597,21627,1083042,24497,1015555,0,0,23692,1032497,0.128457,22366,534819,0.066539,24870,1567316,0.194996,8037679
4,2021-02-16,80107,2178704,36749,1119791,43358,1058913,0,0,40759,1035223,0.128796,39251,574070,0.071422,41977,1609293,0.200219,8037679
4,2021-02-17,81458,2260162,38484,1158275,42974,1101887,0,0,38799,1032655,0.128477,42493,616563,0.076709,39925,1649218,0.205186,8037679
4,2021-02-18,83252,2343414,45829,1204104,37423,1139310,0,0,38471,1027988,0.127896,44617,661180,0.08226,39950,1689168,0.210156,8037679
4,2021-02-19,82532,2425946,51874,1255978,30658,1169968,0,0,41314,1028916,0.128012,41076,702256,0.08737,42004,1731172,0.215382,8037679
4,2021-02-20,49005,2474951,32695,1288673,16310,1186278,0,0,26750,1034164,0.128665,22194,724450,0.090132,27442,1758614,0.218796,8037679
4,2021-02-21,29308,2504259,23559,1312232,5749,1192027,0,0,14099,1033406,0.12857,15141,739591,0.092015,14383,1772997,0.220586,8037679
4,2021-02-22,53215,2557474,36535,1348767,16680,1208707,0,0,25842,1032414,0.128447,27277,766868,0.095409,26285,1799282,0.223856,8037679
4,2021-02-23,73982,2631456,41062,1389829,32920,1241627,0,0,32594,1025427,0.127578,41253,808121,0.100542,34266,1833548,0.228119,8037679
4,2021-02-24,88853,2720309,46943,1436772,41910,1283537,0,0,40122,1019182,0.126801,48522,856643,0.106578,42277,1875825,0.233379,8037679
4,2021-02-25,100037,2820346,52242,1489014,47795,1331332,0,0,47982,1017824,0.126632,51899,908542,0.113035,50541,1926366,0.239667,8037679
4,2021-02-26,106585,2926931,53856,1542870,52729,1384061,0,0,54600,1023020,0.127278,51756,960298,0.119475,56952,1983318,0.246753,8037679
4,2021-02-27,77231,3004162,42146,1585016,35079,1419140,6,6,41406,1030229,0.128175,35684,995982,0.123914,42893,2026211,0.252089,8037679
4,2021-02-28,47504,3051666,29548,1614564,17950,1437090,6,12,26574,1036907,0.129006,20786,1016768,0.1265,27464,2053675,0.255506,8037679
4,2021-03-01,77998,3129664,45815,1660379,32149,1469239,34,46,43019,1046427,0.13019,34723,1051491,0.13082,44243,2097918,0.26101,8037679
4,2021-03-02,85264,3214928,49077,1709456,36180,1505419,7,53,50402,1063923,0.132367,34701,1086192,0.135138,52197,2150115,0.267504,8037679
4,2021-03-03,100412,3315340,53489,1762945,46909,1552328,14,67,56113,1077718,0.134083,44099,1130291,0.140624,57894,2208009,0.274707,8037679
4,2021-03-04,97298,3412638,54029,1816974,43252,1595580,17,84,53584,1089590,0.13556,43507,1173798,0.146037,55379,2263388,0.281597,8037679
4,2021-03-05,94511,3507149,51050,1868024,43147,1638727,314,398,56113,1109752,0.138069,38196,1211994,0.150789,58358,2321746,0.288858,8037679
4,2021-03-06,76219,3583368,43016,1911040,30587,1669314,2616,3014,46871,1131352,0.140756,29235,1241229,0.154426,50835,2372581,0.295182,8037679
4,2021-03-07,42733,3626101,27316,1938356,14229,1683543,1188,4202,25622,1142202,0.142106,17047,1258276,0.156547,27897,2400478,0.298653,8037679
4,2021-03-08,66587,3692688,34970,1973326,28418,1711961,3199,7401,44013,1168299,0.145353,22457,1280733,0.159341,48554,2449032,0.304694,8037679
4,2021-03-09,81251,3773939,41187,2014513,34928,1746889,5136,12537,43936,1181330,0.146974,37156,1317889,0.163964,50187,2499219,0.310938,8037679
4,2021-03-10,91001,3864940,47036,2061549,36507,1783396,7458,19995,46015,1190958,0.148172,44820,1362709,0.16954,54448,2553667,0.317712,8037679
4,2021-03-11,100562,3965502,52802,2114351,39349,1822745,8411,28406,46601,1193352,0.14847,53742,1416451,0.176226,56136,2609803,0.324696,8037679
4,2021-03-12,104545,4070047,51593,2165944,42669,1865414,10283,38689,44767,1189849,0.148034,59536,1475987,0.183633,56033,2665836,0.331667,8037679
4,2021-03-13,81114,4151161,37753,2203697,34937,1900351,8424,47113,38145,1194722,0.14864,42844,1518831,0.188964,47717,2713553,0.337604,8037679
4,2021-03-14,49636,4200797,28413,2232110,17584,1917935,3639,50752,23324,1196095,0.148811,26225,1545056,0.192227,27598,2741151,0.341038,8037679
4,2021-03-15,83698,4284495,45057,2277167,34386,1952321,4255,55007,42784,1203290,0.149706,40694,1585750,0.19729,47889,2789040,0.346996,8037679
4,2021-03-16,107591,4392086,55899,2333066,48286,2000607,3406,58413,57093,1214212,0.151065,50282,1636032,0.203545,61204,2850244,0.35461,8037679
4,2021-03-17,106642,4498728,57469,2390535,45675,2046282,3498,61911,62626,1237136,0.153917,43768,1679800,0.208991,66692,2916936,0.362908,8037679
4,2021-03-18,106586,4605314,58996,2449531,43907,2090189,3683,65594,60568,1256070,0.156273,45762,1725562,0.214684,64696,2981632,0.370957,8037679
4,2021-03-19,110835,4716149,63667,2513198,41973,2132162,5195,70789,63190,1277444,0.158932,47416,1772978,0.220583,68790,3050422,0.379515,8037679
4,2021-03-20,83518,4799667,49025,2562223,31486,2163648,3007,73796,51292,1299964,0.161734,32095,1805073,0.224576,54615,3105037,0.38631,8037679
4,2021-03-21,47971,4847638,34782,2597005,10931,2174579,2258,76054,28408,1311537,0.163174,19452,1824525,0.226996,31025,3136062,0.39017,8037679
4,2021-03-22,81948,4929586,53537,2650542,25680,2200259,2731,78785,50928,1335109,0.166106,30806,1855331,0.230829,54378,3190440,0.396935,8037679
4,2021-03-23,104134,5033720,62253,2712795,39733,2239992,2148,80933,62052,1358029,0.168958,41823,1897154,0.236033,64743,3255183,0.40499,8037679
4,2021-03-24,113223,5146943,73197,2785992,37613,2277605,2413,83346,63969,1376025,0.171197,48847,1946001,0.24211,66843,3322026,0.413307,8037679
4,2021-03-25,116811,5263754,71979,2857971,42442,2320047,2390,85736,66961,1396466,0.17374,49394,1995395,0.248255,69835,3391861,0.421995,8037679
4,2021-03-26,119492,5383246,72624,2930595,43826,2363873,3042,88778,65487,1411926,0.175663,53672,2049067,0.254933,69132,3460993,0.430596,8037679
4,2021-03-27,91590,5474836,54281,2984876,35526,2399399,1783,90561,46493,1415821,0.176148,44868,2093935,0.260515,48763,3509756,0.436663,8037679
4,2021-03-28,55590,5530426,36733,3021609,17986,2417385,871,91432,29624,1420830,0.176771,25820,2119755,0.263727,30829,3540585,0.440498,8037679
4,2021-03-29,93374,5623800,56097,3077706,35201,2452586,2076,93508,50660,1431634,0.178115,42490,2162245,0.269014,53294,3593879,0.447129,8037679
4,2021-03-30,116896,5740696,63884,3141590,48859,2501445,4153,97661,69501,1458542,0.181463,47185,2209430,0.274884,74093,3667972,0.456347,8037679
4,2021-03-31,120801,5861497,71433,3213023,43044,2544489,6324,103985,67762,1480133,0.184149,52714,2262144,0.281442,74305,3742277,0.465592,8037679
4,2021-04-01,142276,6003773,81293,3294316,47773,2592262,13210,117195,83871,1519440,0.18904,58002,2320146,0.288659,97309,3839586,0.477698,8037679
4,2021-04-02,136361,6140134,73009,3367325,49804,2642066,13548,130743,78916,1555093,0.193475,57167,2377313,0.295771,92820,3932406,0.489246,8037679
4,2021-04-03,101079,6241213,53995,3421320,33683,2675749,13401,144144,52725,1573328,0.195744,48162,2425475,0.301763,66397,3998803,0.497507,8037679
4,2021-04-04,46883,6288096,24739,3446059,14622,2690371,7522,151666,20442,1574999,0.195952,26342,2451817,0.30504,28013,4026816,0.500992,8037679
4,2021-04-05,109154,6397250,61463,3507522,34922,2725293,12769,164435,56995,1593398,0.198241,51966,2503783,0.311506,70365,4097181,0.509747,8037679
4,2021-04-06,138649,6535899,78042,3585564,40840,2766133,19767,184202,72094,1619572,0.201497,66336,2570119,0.319759,92510,4189691,0.521256,8037679
4,2021-04-07,137301,6673200,77839,3663403,38751,2804884,20711,204913,71192,1645935,0.204777,65867,2635986,0.327954,92230,4281921,0.532731,8037679
4,2021-04-08,139872,6813072,77939,3741342,36483,2841367,25450,230363,69565,1671572,0.207967,70035,2706021,0.336667,95672,4377593,0.544634,8037679
4,2021-04-09,137545,6950617,75485,3816827,39057,2880424,23003,253366,65766,1689827,0.210238,71566,2777587,0.345571,89821,4467414,0.555809,8037679
4,2021-04-10,103304,7053921,51231,3868058,33237,2913661,18836,272202,46502,1699643,0.211459,56596,2834183,0.352612,66412,4533826,0.564072,8037679
4,2021-04-11,62409,7116330,38061,3906119,13171,2926832,11177,283379,27427,1704452,0.212058,34887,2869070,0.356953,39696,4573522,0.56901,8037679
4,2021-04-12,102643,7218973,62447,3968566,30066,2956898,10130,293509,51907,1717264,0.213652,50449,2919519,0.363229,63261,4636783,0.576881,8037679
4,2021-04-13,130233,7349206,81723,4050289,48346,3005244,164,293673,78234,1744782,0.217075,51735,2971254,0.369666,79253,4716036,0.586741,8037679
4,2021-04-14,135418,7484624,86295,4136584,49046,3054290,77,293750,75167,1761320,0.219133,59935,3031189,0.377122,76473,4792509,0.596255,8037679
4,2021-04-15,156066,7640690,103914,4240498,52089,3106379,63,293813,96329,1799074,0.22383,59397,3090586,0.384512,97151,4889660,0.608342,8037679
4,2021-04-16,143123,7783813,90874,4331372,52171,3158550,78,293891,83710,1824462,0.226989,59114,3149700,0.391867,84502,4974162,0.618856,8037679
4,2021-04-17,100854,7884667,63672,4395044,37158,3195708,24,293915,59208,1843462,0.229353,41383,3191083,0.397015,60383,5034545,0.626368,8037679
4,2021-04-18,54476,7939143,36454,4431498,18019,3213727,3,293918,30990,1852052,0.230421,23365,3214448,0.399922,31955,5066500,0.630344,8037679
4,2021-04-19,100752,8039895,66519,4498017,34215,3247942,18,293936,51650,1855446,0.230844,48880,3263328,0.406004,52274,5118774,0.636847,8037679
4,2021-04-20,127904,8167799,75117,4573134,52769,3300711,18,293954,67242,1863428,0.231837,60385,3323713,0.413517,68367,5187141,0.645353,8037679
4,2021-04-21,127915,8295714,81976,4655110,45888,3346599,51,294005,64755,1866449,0.232212,62846,3386559,0.421335,65867,5253008,0.653548,8037679
4,2021-04-22,137414,8433128,90561,4745671,46831,3393430,22,294027,61558,1853622,0.230617,75529,3462088,0.430732,62702,5315710,0.661349,8037679
4,2021-04-23,130795,8563923,84451,4830122,46321,3439751,23,294050,56790,1837904,0.228661,73689,3535777,0.4399,57971,5373681,0.668561,8037679
4,2021-04-24,97465,8661388,66088,4896210,31328,3471079,49,294099,44846,1831508,0.227865,52348,3588125,0.446413,45952,5419633,0.674278,8037679
4,2021-04-25,49591,8710979,35266,4931476,14300,3485379,25,294124,26217,1834943,0.228293,23242,3611367,0.449305,26677,5446310,0.677597,8037679
4,2021-04-26,89611,8800590,58425,4989901,30789,3516168,397,294521,35350,1818016,0.226187,53990,3665357,0.456022,37063,5483373,0.682209,8037679
4,2021-04-27,111778,8912368,67985,5057886,41483,3557651,2310,296831,40255,1790129,0.222717,71230,3736587,0.464884,43343,5526716,0.687601,8037679
4,2021-04-28,101308,9013676,65740,5123626,33064,3590715,2504,299335,37087,1766413,0.219767,63948,3800535,0.47284,40232,5566948,0.692606,8037679
4,2021-04-29,102601,9116277,65006,5188632,35081,3625796,2514,301849,33022,1733250,0.215641,69274,3869809,0.481459,36111,5603059,0.697099,8037679
4,2021-04-30,102457,9218734,64586,5253218,35195,3660991,2676,304525,34965,1704371,0.212048,67151,3936960,0.489813,38272,5641331,0.701861,8037679
4,2021-05-01,68605,9287339,45714,5298932,21135,3682126,1756,306281,19897,1678172,0.208788,48484,3985444,0.495845,22285,5663616,0.704633,8037679
4,2021-05-02,37401,9324740,26550,5325482,9571,3691697,1280,307561,10496,1663293,0.206937,26804,4012248,0.49918,11925,5675541,0.706117,8037679
4,2021-05-03,78103,9402843,54436,5379918,21204,3712901,2463,310024,19149,1626527,0.202363,58727,4070975,0.506486,21961,5697502,0.708849,8037679
4,2021-05-04,98503,9501346,66863,5446781,28891,3741792,2749,312773,22298,1575988,0.196075,75956,4146931,0.515936,25417,5722919,0.712011,8037679
4,2021-05-05,99280,9600626,69548,5516329,27014,3768806,2718,315491,21623,1523256,0.189514,77356,4224287,0.525561,24624,5747543,0.715075,8037679
4,2021-05-06,109375,9710001,81670,5597999,24779,3793585,2926,318417,19378,1457105,0.181284,89571,4313858,0.536704,23420,5770963,0.717989,8037679
4,2021-05-07,103116,9813117,73942,5671941,26495,3820080,2679,321096,20430,1398264,0.173964,82352,4396210,0.54695,23511,5794474,0.720914,8037679
4,2021-05-08,66505,9879622,45520,5717461,19062,3839142,1923,323019,13154,1360551,0.169272,53143,4449353,0.553562,15430,5809904,0.722834,8037679
4,2021-05-09,33458,9913080,27312,5744773,5204,3844346,942,323961,7810,1343846,0.167193,25551,4474904,0.556741,8846,5818750,0.723934,8037679
4,2021-05-10,63256,9976336,42065,5786838,18888,3863234,2303,326264,11102,1305592,0.162434,51970,4526874,0.563207,13716,5832466,0.725641,8037679
4,2021-05-11,79176,10055512,48449,5835287,28553,3891787,2174,328438,15613,1260478,0.156821,63353,4590227,0.571089,18239,5850705,0.72791,8037679
4,2021-05-12,78165,10133677,51941,5887228,23772,3915559,2452,330890,18056,1221511,0.151973,59851,4650078,0.578535,20884,5871589,0.730508,8037679
4,2021-05-13,102387,10236064,75240,5962468,25626,3941185,1521,332411,40371,1202687,0.149631,61714,4711792,0.586213,42890,5914479,0.735844,8037679
4,2021-05-14,102532,10338596,72263,6034731,28166,3969351,2103,334514,40298,1183659,0.147264,61956,4773748,0.593921,42928,5957407,0.741185,8037679
4,2021-05-15,84226,10422822,65062,6099793,17842,3987193,1322,335836,37135,1175517,0.146251,46882,4820630,0.599754,38740,5996147,0.746005,8037679
4,2021-05-16,49277,10472099,39997,6139790,8583,3995776,697,336533,20122,1167441,0.145246,29027,4849657,0.603365,20951,6017098,0.748611,8037679
4,2021-05-17,70076,10542175,51129,6190919,17111,4012887,1836,338369,28216,1156041,0.143828,41672,4891329,0.60855,30272,6047370,0.752378,8037679
4,2021-05-18,80914,10623089,52627,6243546,26543,4039430,1744,340113,29477,1136523,0.141399,51093,4942422,0.614907,31575,6078945,0.756306,8037679
4,2021-05-19,76023,10699112,51501,6295047,22590,4062020,1932,342045,31675,1126312,0.140129,44094,4986516,0.620393,33883,6112828,0.760522,8037679
4,2021-05-20,67551,10766663,43309,6338356,22256,4084276,1986,344031,25857,1113041,0.138478,41444,5027960,0.625549,28173,6141001,0.764027,8037679
4,2021-05-21,72900,10839563,48205,6386561,22842,4107118,1853,345884,26737,1095979,0.136355,45907,5073867,0.63126,28845,6169846,0.767615,8037679
4,2021-05-22,49256,10888819,34563,6421124,13422,4120540,1271,347155,21505,1091364,0.135781,27603,5101470,0.634694,22988,6192834,0.770475,8037679
4,2021-05-23,22692,10911511,16245,6437369,5729,4126269,718,347873,9513,1088636,0.135442,13068,5114538,0.63632,10340,6203174,0.771762,8037679
4,2021-05-24,41625,10953136,26218,6463587,12420,4138689,2987,350860,14650,1079682,0.134328,26785,5141323,0.639653,17831,6221005,0.77398,8037679
4,2021-05-25,44557,10997693,27765,6491352,13985,4152674,2807,353667,16124,1070623,0.133201,28220,5169543,0.643164,19161,6240166,0.776364,8037679
4,2021-05-26,44161,11041854,26551,6517903,15029,4167703,2581,356248,16058,1061524,0.132068,27911,5197454,0.646636,18812,6258978,0.778705,8037679
4,2021-05-27,38604,11080458,23241,6541144,12233,4179936,3130,359378,14860,1056112,0.131395,23568,5221022,0.649568,18156,6277134,0.780964,8037679
4,2021-05-28,42936,11123394,27462,6568606,13886,4193822,1588,360966,19035,1053255,0.13104,23692,5244714,0.652516,20835,6297969,0.783556,8037679
4,2021-05-29,23380,11146774,15250,6583856,7200,4201022,930,361896,11221,1053486,0.131068,12048,5256762,0.654015,12279,6310248,0.785083,8037679
4,2021-05-30,11919,11158693,8375,6592231,3019,4204041,525,362421,5091,1052396,0.130933,6774,5263536,0.654858,5684,6315932,0.785791,8037679
4,2021-05-31,3529,11162222,2243,6594474,1127,4205168,159,362580,1141,1051361,0.130804,2358,5265894,0.655151,1323,6317255,0.785955,8037679
4,2021-06-01,39131,11201353,24401,6618875,12292,4217460,2438,365018,13763,1042589,0.129713,25182,5291076,0.658284,16410,6333665,0.787997,8037679
4,2021-06-02,32295,11233648,20188,6639063,9321,4226781,2786,367804,11161,1035711,0.128857,20970,5312046,0.660893,14092,6347757,0.78975,8037679
4,2021-06-03,47695,11281343,36612,6675675,8631,4235412,2452,370256,11088,1013089,0.126042,36461,5348507,0.665429,13839,6361596,0.791472,8037679
4,2021-06-04,54368,11335711,43832,6719507,9218,4244630,1318,371574,13561,988158,0.122941,40598,5389105,0.67048,15667,6377263,0.793421,8037679
4,2021-06-05,44341,11380052,38005,6757512,5347,4249977,989,372563,9183,963587,0.119884,35014,5424119,0.674836,10443,6387706,0.79472,8037679
4,2021-06-06,20951,11401003,18688,6776200,1706,4251683,557,373120,4646,952962,0.118562,16209,5440328,0.676853,5584,6393290,0.795415,8037679
4,2021-06-07,38432,11439435,31121,6807321,5399,4257082,1912,375032,8901,934627,0.116281,29410,5469738,0.680512,11075,6404365,0.796793,8037679
4,2021-06-08,40310,11479745,31671,6838992,6116,4263198,2523,377555,9696,916735,0.114055,30442,5500180,0.6843,12550,6416915,0.798354,8037679
4,2021-06-09,38648,11518393,30646,6869638,5649,4268847,2353,379908,8011,896971,0.111596,30480,5530660,0.688092,10716,6427631,0.799687,8037679
4,2021-06-10,36870,11555263,29097,6898735,5170,4274017,2603,382511,8684,880470,0.109543,28049,5558709,0.691581,11548,6439179,0.801124,8037679
4,2021-06-11,37863,11593126,29773,6928508,6086,4280103,2004,384515,9907,864904,0.107606,27819,5586528,0.695042,12253,6451432,0.802649,8037679
4,2021-06-12,26263,11619389,21874,6950382,3682,4283785,707,385222,6104,851863,0.105984,20066,5606594,0.697539,7025,6458457,0.803523,8037679
4,2021-06-13,10711,11630100,8450,6958832,1785,4285570,476,385698,2401,846587,0.105327,8256,5614850,0.698566,2980,6461437,0.803893,8037679
4,2021-06-14,28296,11658396,21182,6980014,4324,4289894,2790,388488,8175,837769,0.10423,19996,5634846,0.701054,11178,6472615,0.805284,8037679
4,2021-06-15,29678,11688074,20998,7001012,5291,4295185,3389,391877,8314,828493,0.103076,21228,5656074,0.703695,11952,6484567,0.806771,8037679
4,2021-06-16,26201,11714275,19759,7020771,3861,4299046,2581,394458,8063,821361,0.102189,17979,5674053,0.705932,10847,6495414,0.808121,8037679
4,2021-06-17,24604,11738879,18242,7039013,3584,4302630,2778,397236,7517,814925,0.101388,16909,5690962,0.708035,10473,6505887,0.809424,8037679
4,2021-06-18,26098,11764977,20635,7059648,4309,4306939,1154,398390,8126,806668,0.100361,17782,5708744,0.710248,9525,6515412,0.810609,8037679
4,2021-06-19,15482,11780459,12564,7072212,2249,4309188,669,399059,4995,802147,0.099798,10345,5719089,0.711535,5824,6521236,0.811333,8037679
4,2021-06-20,7291,11787750,6005,7078217,984,4310172,302,399361,2626,800540,0.099598,4609,5723698,0.712108,3002,6524238,0.811707,8037679
4,2021-06-21,7435,11795185,5206,7083423,1489,4311661,740,400101,3350,800641,0.099611,4031,5727729,0.71261,4132,6528370,0.812221,8037679
