vemquartile,administered_date,total_doses,cumulative_total_doses,pfizer_doses,cumulative_pfizer_doses,moderna_doses,cumulative_moderna_doses,jj_doses,cumulative_jj_doses,partially_vaccinated,total_partially_vaccinated,pct_age12pop_partially_vaccinated,fully_vaccinated,cumulative_fully_vaccinated,pct_age12pop_fully_vaccinated,at_least_one_dose,cumulative_at_least_one_dose,pct_age12pop_at_least_one_dose,age12_population
1,2020-12-15,150,150,150,150,0,0,0,0,150,150,1.7e-05,0,0,0.0,150,150,1.7e-05,8700223
1,2020-12-16,1181,1331,1181,1331,0,0,0,0,1181,1331,0.000153,0,0,0.0,1181,1331,0.000153,8700223
1,2020-12-17,4160,5491,4160,5491,0,0,0,0,4161,5492,0.000631,0,0,0.0,4161,5492,0.000631,8700223
1,2020-12-18,6329,11820,6309,11800,20,20,0,0,6331,11822,0.001359,1,1,0.0,6331,11823,0.001359,8700223
1,2020-12-19,2873,14693,2872,14672,1,21,0,0,2872,14693,0.001689,1,2,0.0,2872,14695,0.001689,8700223
1,2020-12-20,2130,16823,2123,16795,7,28,0,0,2131,16824,0.001934,0,2,0.0,2131,16826,0.001934,8700223
1,2020-12-21,7640,24463,7626,24421,14,42,0,0,7689,24513,0.002818,1,3,0.0,7690,24516,0.002818,8700223
1,2020-12-22,7280,31743,6936,31357,344,386,0,0,7282,31793,0.003654,2,5,1e-06,7282,31798,0.003655,8700223
1,2020-12-23,7836,39579,6581,37938,1255,1641,0,0,7830,39622,0.004554,2,7,1e-06,7831,39629,0.004555,8700223
1,2020-12-24,3300,42879,2365,40303,935,2576,0,0,3302,42924,0.004934,0,7,1e-06,3302,42931,0.004934,8700223
1,2020-12-25,236,43115,152,40455,84,2660,0,0,236,43160,0.004961,0,7,1e-06,236,43167,0.004962,8700223
1,2020-12-26,1359,44474,967,41422,392,3052,0,0,1358,44517,0.005117,1,8,1e-06,1358,44525,0.005118,8700223
1,2020-12-27,870,45344,534,41956,336,3388,0,0,870,45386,0.005217,1,9,1e-06,870,45395,0.005218,8700223
1,2020-12-28,7090,52434,4765,46721,2325,5713,0,0,7088,52474,0.006031,0,9,1e-06,7088,52483,0.006032,8700223
1,2020-12-29,8875,61309,4982,51703,3893,9606,0,0,8872,61344,0.007051,2,11,1e-06,8872,61355,0.007052,8700223
1,2020-12-30,11583,72892,6446,58149,5137,14743,0,0,11582,72926,0.008382,0,11,1e-06,11582,72937,0.008383,8700223
1,2020-12-31,5947,78839,1957,60106,3990,18733,0,0,5945,78869,0.009065,3,14,2e-06,5946,78883,0.009067,8700223
1,2021-01-01,568,79407,196,60302,372,19105,0,0,567,79435,0.00913,1,15,2e-06,567,79450,0.009132,8700223
1,2021-01-02,2906,82313,1761,62063,1145,20250,0,0,2908,82343,0.009464,0,15,2e-06,2908,82358,0.009466,8700223
1,2021-01-03,1019,83332,545,62608,474,20724,0,0,1017,83358,0.009581,2,17,2e-06,1017,83375,0.009583,8700223
1,2021-01-04,7340,90672,3578,66186,3762,24486,0,0,7344,90701,0.010425,1,18,2e-06,7344,90719,0.010427,8700223
1,2021-01-05,10795,101467,5199,71385,5596,30082,0,0,10040,100023,0.011497,740,758,8.7e-05,10062,100781,0.011584,8700223
1,2021-01-06,14011,115478,7038,78423,6973,37055,0,0,12116,110289,0.012677,1859,2617,0.000301,12125,112906,0.012977,8700223
1,2021-01-07,17469,132947,9112,87535,8357,45412,0,0,12986,118901,0.013666,4385,7002,0.000805,12997,125903,0.014471,8700223
1,2021-01-08,20123,153070,10423,97958,9700,55112,0,0,14221,127244,0.014625,5884,12886,0.001481,14227,140130,0.016106,8700223
1,2021-01-09,6686,159756,3369,101327,3317,58429,0,0,4836,130249,0.014971,1835,14721,0.001692,4840,144970,0.016663,8700223
1,2021-01-10,3076,162832,1754,103081,1322,59751,0,0,1883,130954,0.015052,1179,15900,0.001828,1884,146854,0.016879,8700223
1,2021-01-11,18060,180892,11831,114912,6229,65980,0,0,11516,135992,0.015631,6517,22417,0.002577,11555,158409,0.018207,8700223
1,2021-01-12,18940,199832,10751,125663,8189,74169,0,0,12965,143059,0.016443,5933,28350,0.003259,13000,171409,0.019702,8700223
1,2021-01-13,19782,219614,10683,136346,9099,83268,0,0,14627,152575,0.017537,5130,33480,0.003848,14646,186055,0.021385,8700223
1,2021-01-14,21965,241579,9445,145791,12520,95788,0,0,19207,169135,0.01944,2699,36179,0.004158,19259,205314,0.023599,8700223
1,2021-01-15,25163,266742,9235,155026,15928,111716,0,0,23217,190511,0.021897,1897,38076,0.004376,23273,228587,0.026274,8700223
1,2021-01-16,13882,280624,4555,159581,9327,121043,0,0,13016,202668,0.023295,863,38939,0.004476,13020,241607,0.02777,8700223
1,2021-01-17,5193,285817,2001,161582,3192,124235,0,0,4823,207130,0.023807,365,39304,0.004518,4827,246434,0.028325,8700223
1,2021-01-18,14296,300113,8585,170167,5711,129946,0,0,11113,215124,0.024726,3171,42475,0.004882,11165,257599,0.029608,8700223
1,2021-01-19,24736,324849,12897,183064,11839,141785,0,0,19535,229528,0.026382,5185,47660,0.005478,19589,277188,0.03186,8700223
1,2021-01-20,28781,353630,14088,197152,14693,156478,0,0,23113,247065,0.028398,5612,53272,0.006123,23149,300337,0.034521,8700223
1,2021-01-21,30941,384571,14301,211453,16640,173118,0,0,27759,271799,0.03124,3115,56387,0.006481,27849,328186,0.037722,8700223
1,2021-01-22,28278,412849,11182,222635,17096,190214,0,0,26270,296140,0.034038,1958,58345,0.006706,26299,354485,0.040744,8700223
1,2021-01-23,18737,431586,8194,230829,10543,200757,0,0,16804,311037,0.03575,1917,60262,0.006926,16814,371299,0.042677,8700223
1,2021-01-24,6660,438246,4150,234979,2510,203267,0,0,6004,316395,0.036366,651,60913,0.007001,6009,377308,0.043368,8700223
1,2021-01-25,25311,463557,10445,245424,14866,218133,0,0,19587,330383,0.037974,5699,66612,0.007656,19687,396995,0.04563,8700223
1,2021-01-26,28578,492135,13333,258757,15245,233378,0,0,21955,345792,0.039745,6571,73183,0.008412,21980,418975,0.048157,8700223
1,2021-01-27,32316,524451,15301,274058,17015,250393,0,0,24315,362202,0.041631,7932,81115,0.009323,24342,443317,0.050955,8700223
1,2021-01-28,34711,559162,16232,290290,18479,268872,0,0,27843,383310,0.044057,6802,87917,0.010105,27910,471227,0.054163,8700223
1,2021-01-29,33428,592590,16317,306607,17111,285983,0,0,26911,403884,0.046422,6374,94291,0.010838,26948,498175,0.05726,8700223
1,2021-01-30,20097,612687,8676,315283,11421,297404,0,0,18009,419839,0.048256,2062,96353,0.011075,18017,516192,0.059331,8700223
1,2021-01-31,7532,620219,4865,320148,2667,300071,0,0,6833,425976,0.048962,698,97051,0.011155,6835,523027,0.060117,8700223
1,2021-02-01,28695,648914,12325,332473,16370,316441,0,0,20973,439284,0.050491,7671,104722,0.012037,20979,544006,0.062528,8700223
1,2021-02-02,32335,681249,11583,344056,20752,337193,0,0,24324,455710,0.052379,7936,112658,0.012949,24362,568368,0.065328,8700223
1,2021-02-03,39422,720671,15083,359139,24339,361532,0,0,28504,473468,0.05442,10783,123441,0.014188,28541,596909,0.068608,8700223
1,2021-02-04,43865,764536,17050,376189,26815,388347,0,0,31866,493498,0.056722,11885,135326,0.015554,31915,628824,0.072277,8700223
1,2021-02-05,46880,811416,17379,393568,29501,417848,0,0,30793,508393,0.058434,15954,151280,0.017388,30849,659673,0.075823,8700223
1,2021-02-06,26457,837873,10467,404035,15990,433838,0,0,20589,523167,0.060133,5833,157113,0.018059,20607,680280,0.078191,8700223
1,2021-02-07,6226,844099,3992,408027,2234,436072,0,0,4628,526233,0.060485,1580,158693,0.01824,4646,684926,0.078725,8700223
1,2021-02-08,31276,875375,14157,422184,17119,453191,0,0,20837,536795,0.061699,10369,169062,0.019432,20931,705857,0.081131,8700223
1,2021-02-09,38307,913682,16790,438974,21517,474708,0,0,23628,545780,0.062732,14719,183781,0.021124,23704,729561,0.083855,8700223
1,2021-02-10,46989,960671,22004,460978,24985,499693,0,0,27049,553064,0.063569,19847,203628,0.023405,27131,756692,0.086974,8700223
1,2021-02-11,51552,1012223,25200,486178,26352,526045,0,0,30966,563860,0.06481,20280,223908,0.025736,31076,787768,0.090546,8700223
1,2021-02-12,49830,1062053,21418,507596,28412,554457,0,0,28704,571698,0.065711,21010,244918,0.028151,28848,816616,0.093862,8700223
1,2021-02-13,26214,1088267,11453,519049,14761,569218,0,0,15154,575935,0.066198,10993,255911,0.029414,15230,831846,0.095612,8700223
1,2021-02-14,11702,1099969,5528,524577,6174,575392,0,0,6660,577647,0.066395,5014,260925,0.029991,6726,838572,0.096385,8700223
1,2021-02-15,23718,1123687,9343,533920,14375,589767,0,0,14449,583055,0.067016,9161,270086,0.031044,14569,853141,0.09806,8700223
1,2021-02-16,46714,1170401,22250,556170,24464,614231,0,0,27482,591495,0.067986,19161,289247,0.033246,27601,880742,0.101232,8700223
1,2021-02-17,47995,1218396,24229,580399,23766,637997,0,0,25983,595752,0.068475,21882,311129,0.035761,26139,906881,0.104237,8700223
1,2021-02-18,50785,1269181,25177,605576,25608,663605,0,0,26411,598235,0.068761,24158,335287,0.038538,26641,933522,0.107299,8700223
1,2021-02-19,45847,1315028,24718,630294,21129,684734,0,0,25881,604323,0.069461,19863,355150,0.040821,25951,959473,0.110281,8700223
1,2021-02-20,27050,1342078,16480,646774,10570,695304,0,0,15575,608552,0.069947,11431,366581,0.042135,15660,975133,0.112081,8700223
1,2021-02-21,11475,1353553,10221,656995,1254,696558,0,0,6852,610881,0.070214,4577,371158,0.042661,6906,982039,0.112875,8700223
1,2021-02-22,30122,1383675,19716,676711,10406,706964,0,0,17716,616348,0.070843,12351,383509,0.04408,17818,999857,0.114923,8700223
1,2021-02-23,43299,1426974,21076,697787,22223,729187,0,0,24282,622126,0.071507,18874,402383,0.04625,24652,1024509,0.117757,8700223
1,2021-02-24,53067,1480041,25683,723470,27384,756571,0,0,29736,629094,0.072308,23223,425606,0.048919,30191,1054700,0.121227,8700223
1,2021-02-25,65247,1545288,31657,755127,33590,790161,0,0,40883,646238,0.074278,24256,449862,0.051707,41400,1096100,0.125985,8700223
1,2021-02-26,73341,1618629,34401,789528,38940,829101,0,0,48352,670252,0.077038,24827,474689,0.054561,48841,1144941,0.131599,8700223
1,2021-02-27,50120,1668749,23162,812690,26950,856051,8,8,33365,687261,0.078993,16635,491324,0.056473,33644,1178585,0.135466,8700223
1,2021-02-28,19375,1688124,11484,824174,7889,863940,2,10,14307,696705,0.080079,5006,496330,0.057048,14450,1193035,0.137127,8700223
1,2021-03-01,44350,1732474,20336,844510,23975,887915,39,49,28661,710118,0.081621,15551,511881,0.058835,28964,1221999,0.140456,8700223
1,2021-03-02,62071,1794545,26963,871473,35100,923015,8,57,40086,728981,0.083789,21858,533739,0.061348,40721,1262720,0.145137,8700223
1,2021-03-03,69813,1864358,33271,904744,36520,959535,22,79,42691,745307,0.085665,26988,560727,0.06445,43314,1306034,0.150115,8700223
1,2021-03-04,78042,1942400,36657,941401,41350,1000885,35,114,50401,768782,0.088363,27480,588207,0.067608,50955,1356989,0.155972,8700223
1,2021-03-05,77049,2019449,34833,976234,42010,1042895,206,320,51680,796149,0.091509,25155,613362,0.0705,52522,1409511,0.162009,8700223
1,2021-03-06,57182,2076631,27294,1003528,28548,1071443,1340,1660,38950,818644,0.094095,18167,631529,0.072588,40662,1450173,0.166682,8700223
1,2021-03-07,20121,2096752,12821,1016349,6489,1077932,811,2471,15127,829872,0.095385,4974,636503,0.073159,16202,1466375,0.168545,8700223
1,2021-03-08,45560,2142312,22392,1038741,21297,1099229,1871,4342,32026,850676,0.097776,13449,649952,0.074705,34253,1500628,0.172482,8700223
1,2021-03-09,66270,2208582,32015,1070756,31779,1131008,2476,6818,40864,869079,0.099892,25293,675245,0.077612,43696,1544324,0.177504,8700223
1,2021-03-10,72961,2281543,36423,1107179,32152,1163160,4386,11204,45154,891339,0.10245,27667,702912,0.080792,49927,1594251,0.183243,8700223
1,2021-03-11,89593,2371136,41086,1148265,40579,1203739,7928,19132,52468,915316,0.105206,36888,739800,0.085032,60865,1655116,0.190238,8700223
1,2021-03-12,98378,2469514,43288,1191553,42730,1246469,12360,31492,57590,945160,0.108636,40600,780400,0.089699,70444,1725560,0.198335,8700223
1,2021-03-13,65121,2534635,29428,1220981,27929,1274398,7764,39256,41504,971263,0.111637,23505,803905,0.092401,49608,1775168,0.204037,8700223
1,2021-03-14,27593,2562228,14884,1235865,9138,1283536,3571,42827,15644,978781,0.112501,11894,815799,0.093768,19412,1794580,0.206268,8700223
1,2021-03-15,64957,2627185,28552,1264417,29708,1313244,6697,49524,38458,997984,0.114708,26317,842116,0.096792,45520,1840100,0.2115,8700223
1,2021-03-16,85414,2712599,38824,1303241,40980,1354224,5610,55134,53286,1025308,0.117848,31940,874056,0.100464,59264,1899364,0.218312,8700223
1,2021-03-17,92376,2804975,44887,1348128,40964,1395188,6525,61659,59652,1059316,0.121757,32549,906605,0.104205,66557,1965921,0.225962,8700223
1,2021-03-18,98438,2903413,50728,1398856,41984,1437172,5726,67385,60215,1087854,0.125037,37901,944506,0.108561,66439,2032360,0.233599,8700223
1,2021-03-19,103135,3006548,53458,1452314,43524,1480696,6153,73538,61079,1113808,0.128021,41799,986305,0.113365,67753,2100113,0.241386,8700223
1,2021-03-20,72142,3078690,37131,1489445,29763,1510459,5248,78786,46545,1140467,0.131085,25422,1011727,0.116287,52081,2152194,0.247372,8700223
1,2021-03-21,27076,3105766,18931,1508376,6331,1516790,1814,80600,17438,1150260,0.13221,9558,1021285,0.117386,19351,2171545,0.249596,8700223
1,2021-03-22,59171,3164937,30475,1538851,25422,1542212,3274,83874,40256,1175443,0.135105,18720,1040005,0.119538,43903,2215448,0.254643,8700223
1,2021-03-23,82835,3247772,42109,1580960,37110,1579322,3616,87490,51411,1199761,0.1379,31213,1071218,0.123125,55531,2270979,0.261025,8700223
1,2021-03-24,87503,3335275,44182,1625142,38963,1618285,4358,91848,52867,1222771,0.140545,34396,1105614,0.127079,57406,2328385,0.267624,8700223
1,2021-03-25,96244,3431519,49032,1674174,41389,1659674,5823,97671,54035,1240931,0.142632,41919,1147533,0.131897,60079,2388464,0.274529,8700223
1,2021-03-26,104011,3535530,50675,1724849,47039,1706713,6297,103968,56476,1256790,0.144455,47231,1194764,0.137326,63090,2451554,0.281781,8700223
1,2021-03-27,73796,3609326,38120,1762969,31496,1738209,4180,108148,38255,1264108,0.145296,35329,1230093,0.141386,42647,2494201,0.286682,8700223
1,2021-03-28,32496,3641822,21283,1784252,10007,1748216,1206,109354,16485,1266323,0.145551,15912,1246005,0.143215,18127,2512328,0.288766,8700223
1,2021-03-29,66655,3708477,33133,1817385,30437,1778653,3085,112439,37143,1277423,0.146826,29340,1275345,0.146588,40440,2552768,0.293414,8700223
1,2021-03-30,91508,3799985,45096,1862481,40104,1818757,6308,118747,47334,1287164,0.147946,44010,1319355,0.151646,53751,2606519,0.299592,8700223
1,2021-03-31,100136,3900121,52405,1914886,41789,1860546,5942,124689,55262,1303859,0.149865,44600,1363955,0.156772,61295,2667814,0.306637,8700223
1,2021-04-01,111192,4011313,53352,1968238,49374,1909920,8466,133155,57029,1315651,0.15122,53786,1417741,0.162955,65578,2733392,0.314175,8700223
1,2021-04-02,110639,4121952,50711,2018949,50331,1960251,9597,142752,56419,1328080,0.152649,53832,1471573,0.169142,66261,2799653,0.321791,8700223
1,2021-04-03,77880,4199832,39174,2058123,29089,1989340,9617,152369,36477,1333033,0.153218,41235,1512808,0.173882,46188,2845841,0.3271,8700223
1,2021-04-04,23677,4223509,11788,2069911,8430,1997770,3459,155828,9931,1332727,0.153183,13688,1526496,0.175455,13382,2859223,0.328638,8700223
1,2021-04-05,75926,4299435,36538,2106449,30214,2027984,9174,165002,34465,1335293,0.153478,41275,1567771,0.180199,43841,2903064,0.333677,8700223
1,2021-04-06,103218,4402653,48958,2155407,37731,2065715,16529,181531,46815,1342561,0.154313,56148,1623919,0.186653,63416,2966480,0.340966,8700223
1,2021-04-07,111134,4513787,53983,2209390,39700,2105415,17451,198982,50354,1349917,0.155159,60518,1684437,0.193608,67874,3034354,0.348767,8700223
1,2021-04-08,121789,4635576,57718,2267108,43228,2148643,20843,219825,53924,1357274,0.156005,67502,1751939,0.201367,74859,3109213,0.357372,8700223
1,2021-04-09,122796,4758372,56203,2323311,46025,2194668,20568,240393,54146,1363785,0.156753,68304,1820243,0.209218,74815,3184028,0.365971,8700223
1,2021-04-10,95327,4853699,42379,2365690,30316,2224984,22632,263025,37218,1365720,0.156975,57918,1878161,0.215875,59853,3243881,0.37285,8700223
1,2021-04-11,36232,4889931,20261,2385951,9337,2234321,6634,269659,14827,1365951,0.157002,21348,1899509,0.218329,21579,3265460,0.375331,8700223
1,2021-04-12,74088,4964019,33151,2419102,30975,2265296,9962,279621,31402,1365076,0.156901,42411,1941920,0.223203,41536,3306996,0.380105,8700223
1,2021-04-13,97022,5061041,51981,2471083,44702,2309998,339,279960,52462,1373958,0.157922,44291,1986211,0.228294,53173,3360169,0.386216,8700223
1,2021-04-14,104815,5165856,54308,2525391,50437,2360435,70,280030,53432,1376822,0.158251,51037,2037248,0.23416,53901,3414070,0.392412,8700223
1,2021-04-15,106000,5271856,57697,2583088,48212,2408647,91,280121,56780,1385251,0.15922,48661,2085909,0.239754,57090,3471160,0.398974,8700223
1,2021-04-16,110340,5382196,56761,2639849,53491,2462138,88,280209,55409,1386528,0.159367,54430,2140339,0.24601,55707,3526867,0.405377,8700223
1,2021-04-17,83203,5465399,45230,2685079,37961,2500099,12,280221,46876,1397494,0.160627,36114,2176453,0.250161,47080,3573947,0.410788,8700223
1,2021-04-18,29940,5495339,20241,2705320,9692,2509791,7,280228,15195,1398236,0.160713,14663,2191116,0.251846,15405,3589352,0.412559,8700223
1,2021-04-19,66958,5562297,33834,2739154,33111,2542902,13,280241,30517,1392813,0.160089,36108,2227224,0.255996,30685,3620037,0.416086,8700223
1,2021-04-20,88094,5650391,44398,2783552,43672,2586574,24,280265,41524,1388355,0.159577,46248,2273472,0.261312,41790,3661827,0.420889,8700223
1,2021-04-21,96554,5746945,50157,2833709,46299,2632873,98,280363,43577,1379817,0.158596,52460,2325932,0.267342,43922,3705749,0.425937,8700223
1,2021-04-22,96243,5843188,50218,2883927,46009,2678882,16,280379,44239,1372784,0.157787,51546,2377478,0.273266,44513,3750262,0.431054,8700223
1,2021-04-23,101041,5944229,52139,2936066,48877,2727759,25,280404,48360,1369207,0.157376,52207,2429685,0.279267,48630,3798892,0.436643,8700223
1,2021-04-24,75256,6019485,46672,2982738,28559,2756318,25,280429,42696,1379730,0.158586,32467,2462152,0.282999,42990,3841882,0.441584,8700223
1,2021-04-25,26915,6046400,17145,2999883,9757,2766075,13,280442,15420,1383911,0.159066,11391,2473543,0.284308,15572,3857454,0.443374,8700223
1,2021-04-26,65763,6112163,34540,3034423,30823,2796898,400,280842,31440,1382071,0.158855,34045,2507588,0.288221,32205,3889659,0.447076,8700223
1,2021-04-27,80971,6193134,43034,3077457,36642,2833540,1295,282137,35429,1373887,0.157914,45273,2552861,0.293425,37089,3926748,0.451339,8700223
1,2021-04-28,80421,6273555,42734,3120191,36203,2869743,1484,283621,35557,1366651,0.157082,44548,2597409,0.298545,37312,3964060,0.455627,8700223
1,2021-04-29,83542,6357097,45905,3166096,36032,2905775,1605,285226,34504,1354224,0.155654,48719,2646128,0.304145,36292,4000352,0.459799,8700223
1,2021-04-30,91271,6448368,49483,3215579,39940,2945715,1848,287074,38540,1342385,0.154293,52429,2698557,0.310171,40590,4040942,0.464464,8700223
1,2021-05-01,62012,6510380,40124,3255703,20511,2966226,1377,288451,26182,1334537,0.153391,35633,2734190,0.314267,27785,4068727,0.467658,8700223
1,2021-05-02,23177,6533557,16374,3272077,6233,2972459,570,289021,9402,1330876,0.15297,13672,2747862,0.315838,10011,4078738,0.468808,8700223
1,2021-05-03,55540,6589097,30667,3302744,23039,2995498,1834,290855,20556,1318573,0.151556,34765,2782627,0.319834,22462,4101200,0.47139,8700223
1,2021-05-04,74710,6663807,43032,3345776,29598,3025096,2080,292935,27167,1300653,0.149497,47271,2829898,0.325267,29351,4130551,0.474764,8700223
1,2021-05-05,76927,6740734,44611,3390387,30027,3055123,2289,295224,26327,1279061,0.147015,50290,2880188,0.331048,28698,4159249,0.478062,8700223
1,2021-05-06,77760,6818494,46911,3437298,28681,3083804,2168,297392,24330,1252639,0.143978,53082,2933270,0.337149,26660,4185909,0.481127,8700223
1,2021-05-07,82222,6900716,46727,3484025,33313,3117117,2182,299574,27598,1228259,0.141176,54227,2987497,0.343382,29847,4215756,0.484557,8700223
1,2021-05-08,55663,6956379,34957,3518982,19090,3136207,1616,301190,18748,1212110,0.139319,36611,3024108,0.34759,20462,4236218,0.486909,8700223
1,2021-05-09,18120,6974499,13039,3532021,4608,3140815,473,301663,5576,1205726,0.138586,12469,3036577,0.349023,6085,4242303,0.487609,8700223
1,2021-05-10,42936,7017435,21644,3553665,19511,3160326,1781,303444,14369,1193647,0.137197,28322,3064899,0.352278,16243,4258546,0.489475,8700223
1,2021-05-11,61460,7078895,33368,3587033,25964,3186290,2128,305572,20358,1175416,0.135102,40842,3105741,0.356973,22611,4281157,0.492074,8700223
1,2021-05-12,62021,7140916,33067,3620100,26948,3213238,2006,307578,20488,1156739,0.132955,41243,3146984,0.361713,22566,4303723,0.494668,8700223
1,2021-05-13,65864,7206780,38629,3658729,25259,3238497,1976,309554,25059,1143604,0.131445,40453,3187437,0.366363,27318,4331041,0.497808,8700223
1,2021-05-14,75493,7282273,45546,3704275,27565,3266062,2382,311936,30632,1132402,0.130158,44494,3231931,0.371477,33292,4364333,0.501635,8700223
1,2021-05-15,64847,7347120,42554,3746829,20603,3286665,1690,313626,25655,1120897,0.128835,38925,3270856,0.375951,27420,4391753,0.504786,8700223
1,2021-05-16,24667,7371787,18148,3764977,5899,3292564,620,314246,10111,1117225,0.128413,14448,3285304,0.377611,10776,4402529,0.506025,8700223
1,2021-05-17,53813,7425600,32933,3797910,19123,3311687,1757,316003,22935,1111345,0.127738,30633,3315937,0.381132,24753,4427282,0.50887,8700223
1,2021-05-18,64553,7490153,38945,3836855,23791,3335478,1817,317820,28116,1105185,0.12703,36179,3352116,0.385291,30019,4457301,0.51232,8700223
1,2021-05-19,65788,7555941,40119,3876974,23753,3359231,1916,319736,29473,1100612,0.126504,36049,3388165,0.389434,31476,4488777,0.515938,8700223
1,2021-05-20,63652,7619593,37000,3913974,24488,3383719,2164,321900,26325,1092292,0.125548,37011,3425176,0.393688,28691,4517468,0.519236,8700223
1,2021-05-21,69446,7689039,41492,3955466,26103,3409822,1851,323751,28778,1082739,0.12445,40281,3465457,0.398318,30728,4548196,0.522768,8700223
1,2021-05-22,55291,7744330,36460,3991926,17126,3426948,1705,325456,24175,1077844,0.123887,30871,3496328,0.401866,25976,4574172,0.525753,8700223
1,2021-05-23,20000,7764330,14055,4005981,5359,3432307,586,326042,9339,1077231,0.123816,10562,3506890,0.40308,9949,4584121,0.526897,8700223
1,2021-05-24,43347,7807677,24148,4030129,17383,3449690,1816,327858,17612,1071243,0.123128,25500,3532390,0.406011,19512,4603633,0.52914,8700223
1,2021-05-25,50448,7858125,29101,4059230,19691,3469381,1656,329514,20981,1064780,0.122385,29198,3561588,0.409367,22735,4626368,0.531753,8700223
1,2021-05-26,48141,7906266,27341,4086571,18920,3488301,1880,331394,20488,1059844,0.121818,27351,3588939,0.412511,22415,4648783,0.534329,8700223
1,2021-05-27,46613,7952879,26227,4112798,18511,3506812,1875,333269,20175,1055858,0.12136,26158,3615097,0.415518,22172,4670955,0.536878,8700223
1,2021-05-28,51978,8004857,28969,4141767,21224,3528036,1785,335054,23377,1052841,0.121013,28303,3643400,0.418771,25286,4696241,0.539784,8700223
1,2021-05-29,30187,8035044,18279,4160046,10978,3539014,930,335984,14437,1052667,0.120993,15599,3658999,0.420564,15425,4711666,0.541557,8700223
1,2021-05-30,11523,8046567,7439,4167485,3539,3542553,545,336529,5456,1052695,0.120996,5998,3664997,0.421253,6026,4717692,0.54225,8700223
1,2021-05-31,5655,8052222,3227,4170712,2182,3544735,246,336775,1981,1051313,0.120837,3622,3668619,0.42167,2240,4719932,0.542507,8700223
1,2021-06-01,45391,8097613,25700,4196412,18187,3562922,1504,338279,17379,1042559,0.119831,27714,3696333,0.424855,18960,4738892,0.544686,8700223
1,2021-06-02,39616,8137229,23023,4219435,15129,3578051,1464,339743,16038,1036836,0.119173,23298,3719631,0.427533,17575,4756467,0.546706,8700223
1,2021-06-03,40951,8178180,25695,4245130,13607,3591658,1649,341392,15764,1029429,0.118322,24894,3744525,0.430394,17487,4773954,0.548716,8700223
1,2021-06-04,49676,8227856,31912,4277042,16020,3607678,1744,343136,17892,1017675,0.116971,31468,3775993,0.434011,19714,4793668,0.550982,8700223
1,2021-06-05,39679,8267535,27108,4304150,10632,3618310,1939,345075,14199,1008605,0.115929,25264,3801257,0.436915,16194,4809862,0.552844,8700223
1,2021-06-06,12983,8280518,10396,4314546,2087,3620397,500,345575,4519,1005299,0.115549,8387,3809644,0.437879,5081,4814943,0.553428,8700223
1,2021-06-07,33699,8314217,23244,4337790,9113,3629510,1342,346917,11995,997188,0.114616,21504,3831148,0.440351,13393,4828336,0.554967,8700223
1,2021-06-08,41814,8356031,28993,4366783,11227,3640737,1594,348511,14588,986494,0.113387,26970,3858118,0.44345,16276,4844612,0.556838,8700223
1,2021-06-09,41614,8397645,28969,4395752,11046,3651783,1599,350110,13546,973912,0.111941,27791,3885909,0.446645,15209,4859821,0.558586,8700223
1,2021-06-10,38619,8436264,26118,4421870,10865,3662648,1636,351746,13314,963891,0.110789,25080,3910989,0.449527,15059,4874880,0.560317,8700223
1,2021-06-11,43200,8479464,28690,4450560,12885,3675533,1625,353371,15315,953322,0.109574,27590,3938579,0.452699,17021,4891901,0.562273,8700223
1,2021-06-12,33379,8512843,24156,4474716,8044,3683577,1179,354550,10998,943391,0.108433,22178,3960757,0.455248,12247,4904148,0.563681,8700223
1,2021-06-13,11540,8524383,8382,4483098,2683,3686260,475,355025,3398,939226,0.107954,8075,3968832,0.456176,3910,4908058,0.56413,8700223
1,2021-06-14,30478,8554861,20527,4503625,8664,3694924,1287,356312,11446,933145,0.107255,18853,3987685,0.458343,12772,4920830,0.565598,8700223
1,2021-06-15,36814,8591675,24190,4527815,10818,3705742,1806,358118,13668,925810,0.106412,22901,4010586,0.460975,15566,4936396,0.567387,8700223
1,2021-06-16,34925,8626600,23629,4551444,9506,3715248,1790,359908,13150,919281,0.105662,21534,4032120,0.46345,15005,4951401,0.569112,8700223
1,2021-06-17,32616,8659216,21627,4573071,9198,3724446,1791,361699,12847,914465,0.105108,19544,4051664,0.465697,14728,4966129,0.570805,8700223
1,2021-06-18,38269,8697485,24850,4597921,10747,3735193,2672,364371,14916,909008,0.104481,23105,4074769,0.468352,17648,4983777,0.572833,8700223
1,2021-06-19,23096,8720581,16055,4613976,5953,3741146,1088,365459,9524,906255,0.104165,13402,4088171,0.469893,10649,4994426,0.574057,8700223
1,2021-06-20,8044,8728625,5870,4619846,1903,3743049,271,365730,3190,904933,0.104013,4793,4092964,0.470444,3471,4997897,0.574456,8700223
1,2021-06-21,20339,8748964,11536,4631382,6749,3749798,2054,367784,10651,908104,0.104377,9585,4102549,0.471545,12756,5010653,0.575922,8700223
1,2021-06-22,29735,8778699,19493,4650875,8300,3758098,1942,369726,12619,905810,0.104113,16930,4119479,0.473491,14636,5025289,0.577605,8700223
1,2021-06-23,27330,8806029,18294,4669169,7393,3765491,1643,371369,11999,904337,0.103944,15149,4134628,0.475232,13676,5038965,0.579177,8700223
1,2021-06-24,25500,8831529,17081,4686250,6995,3772486,1424,372793,10739,901978,0.103673,14587,4149215,0.476909,12228,5051193,0.580582,8700223
1,2021-06-25,28429,8859958,19393,4705643,7894,3780380,1142,373935,12462,899867,0.10343,15770,4164985,0.478722,13659,5064852,0.582152,8700223
1,2021-06-26,14535,8874493,10762,4716405,3256,3783636,517,374452,5982,897907,0.103205,8483,4173468,0.479697,6523,5071375,0.582902,8700223
2,2020-12-15,241,241,241,241,0,0,0,0,241,241,2.9e-05,0,0,0.0,241,241,2.9e-05,8407551
2,2020-12-16,2078,2319,2078,2319,0,0,0,0,2077,2318,0.000276,0,0,0.0,2077,2318,0.000276,8407551
2,2020-12-17,6839,9158,6839,9158,0,0,0,0,6840,9158,0.001089,0,0,0.0,6840,9158,0.001089,8407551
2,2020-12-18,11070,20228,11050,20208,20,20,0,0,11069,20227,0.002406,0,0,0.0,11069,20227,0.002406,8407551
2,2020-12-19,5622,25850,5616,25824,6,26,0,0,5623,25850,0.003075,0,0,0.0,5623,25850,0.003075,8407551
2,2020-12-20,4251,30101,4242,30066,9,35,0,0,4247,30097,0.00358,0,0,0.0,4247,30097,0.00358,8407551
2,2020-12-21,12779,42880,12754,42820,25,60,0,0,12734,42831,0.005094,0,0,0.0,12734,42831,0.005094,8407551
2,2020-12-22,12151,55031,11638,54458,513,573,0,0,12151,54982,0.00654,0,0,0.0,12151,54982,0.00654,8407551
2,2020-12-23,11686,66717,9472,63930,2214,2787,0,0,11689,66671,0.00793,1,1,0.0,11690,66672,0.00793,8407551
2,2020-12-24,5910,72627,3500,67430,2410,5197,0,0,5906,72576,0.008632,3,4,0.0,5908,72580,0.008633,8407551
2,2020-12-25,480,73107,403,67833,77,5274,0,0,482,73058,0.00869,0,4,0.0,482,73062,0.00869,8407551
2,2020-12-26,2564,75671,1671,69504,893,6167,0,0,2565,75622,0.008995,1,5,1e-06,2565,75627,0.008995,8407551
2,2020-12-27,2221,77892,1207,70711,1014,7181,0,0,2218,77838,0.009258,2,7,1e-06,2218,77845,0.009259,8407551
2,2020-12-28,11012,88904,7174,77885,3838,11019,0,0,11012,88849,0.010568,1,8,1e-06,11012,88857,0.010569,8407551
2,2020-12-29,12710,101614,7145,85030,5565,16584,0,0,12714,101563,0.01208,0,8,1e-06,12714,101571,0.012081,8407551
2,2020-12-30,15395,117009,8661,93691,6734,23318,0,0,15409,116969,0.013912,5,13,2e-06,15411,116982,0.013914,8407551
2,2020-12-31,7566,124575,2826,96517,4740,28058,0,0,7559,124523,0.014811,5,18,2e-06,7559,124541,0.014813,8407551
2,2021-01-01,1198,125773,582,97099,616,28674,0,0,1198,125718,0.014953,3,21,2e-06,1198,125739,0.014955,8407551
2,2021-01-02,4843,130616,2764,99863,2079,30753,0,0,4838,130554,0.015528,2,23,3e-06,4838,130577,0.015531,8407551
2,2021-01-03,1385,132001,789,100652,596,31349,0,0,1380,131931,0.015692,3,26,3e-06,1380,131957,0.015695,8407551
2,2021-01-04,11639,143640,5552,106204,6087,37436,0,0,11627,143555,0.017075,3,29,3e-06,11627,143584,0.017078,8407551
2,2021-01-05,13866,157506,6921,113125,6945,44381,0,0,12671,155071,0.018444,1188,1217,0.000145,12704,156288,0.018589,8407551
2,2021-01-06,18968,176474,10455,123580,8513,52894,0,0,15206,166572,0.019812,3714,4931,0.000586,15215,171503,0.020399,8407551
2,2021-01-07,23120,199594,13021,136601,10099,62993,0,0,15570,174591,0.020766,7565,12496,0.001486,15584,187087,0.022252,8407551
2,2021-01-08,26434,226028,15983,152584,10451,73444,0,0,16333,180878,0.021514,10068,22564,0.002684,16355,203442,0.024198,8407551
2,2021-01-09,9763,235791,5679,158263,4084,77528,0,0,6262,183626,0.021841,3521,26085,0.003103,6269,209711,0.024943,8407551
2,2021-01-10,5291,241082,2926,161189,2365,79893,0,0,3074,184467,0.021941,2238,28323,0.003369,3079,212790,0.025309,8407551
2,2021-01-11,25975,267057,17854,179043,8121,88014,0,0,15007,188524,0.022423,11000,39323,0.004677,15057,227847,0.0271,8407551
2,2021-01-12,26261,293318,16364,195407,9897,97911,0,0,16649,195615,0.023267,9640,48963,0.005824,16731,244578,0.02909,8407551
2,2021-01-13,28541,321859,15148,210555,13393,111304,0,0,20588,208282,0.024773,7948,56911,0.006769,20615,265193,0.031542,8407551
2,2021-01-14,30198,352057,11465,222020,18733,130037,0,0,25962,230050,0.027362,4261,61172,0.007276,26029,291222,0.034638,8407551
2,2021-01-15,35131,387188,12830,234850,22301,152338,0,0,31863,258719,0.030772,3279,64451,0.007666,31948,323170,0.038438,8407551
2,2021-01-16,17630,404818,5629,240479,12001,164339,0,0,16305,273684,0.032552,1351,65802,0.007827,16316,339486,0.040379,8407551
2,2021-01-17,10672,415490,3630,244109,7042,171381,0,0,9958,282908,0.033649,742,66544,0.007915,9966,349452,0.041564,8407551
2,2021-01-18,19698,435188,11026,255135,8672,180053,0,0,14891,293031,0.034853,4825,71369,0.008489,14948,364400,0.043342,8407551
2,2021-01-19,32470,467658,16954,272089,15516,195569,0,0,24490,309653,0.03683,7982,79351,0.009438,24604,389004,0.046268,8407551
2,2021-01-20,37250,504908,18636,290725,18614,214183,0,0,28605,329730,0.039218,8619,87970,0.010463,28696,417700,0.049682,8407551
2,2021-01-21,40703,545611,17226,307951,23477,237660,0,0,36257,361732,0.043025,4424,92394,0.010989,36426,454126,0.054014,8407551
2,2021-01-22,39452,585063,16480,324431,22972,260632,0,0,36127,394556,0.046929,3329,95723,0.011385,36153,490279,0.058314,8407551
2,2021-01-23,24114,609177,10796,335227,13318,273950,0,0,21147,412788,0.049097,2943,98666,0.011735,21175,511454,0.060833,8407551
2,2021-01-24,12423,621600,6107,341334,6316,280266,0,0,11505,423402,0.05036,903,99569,0.011843,11517,522971,0.062203,8407551
2,2021-01-25,33867,655467,15643,356977,18224,298490,0,0,25072,439871,0.052319,8739,108308,0.012882,25208,548179,0.065201,8407551
2,2021-01-26,40440,695907,19937,376914,20503,318993,0,0,31361,462258,0.054981,9058,117366,0.01396,31445,579624,0.068941,8407551
2,2021-01-27,45858,741765,22919,399833,22939,341932,0,0,35648,487877,0.058028,10088,127454,0.015159,35707,615331,0.073188,8407551
2,2021-01-28,48153,789918,22736,422569,25417,367349,0,0,39513,518879,0.061716,8582,136036,0.01618,39584,654915,0.077896,8407551
2,2021-01-29,45693,835611,22255,444824,23438,390787,0,0,37014,547380,0.065106,8575,144611,0.0172,37076,691991,0.082306,8407551
2,2021-01-30,31594,867205,13688,458512,17906,408693,0,0,28235,572326,0.068073,3324,147935,0.017595,28270,720261,0.085668,8407551
2,2021-01-31,17480,884685,10520,469032,6960,415653,0,0,16284,587450,0.069872,1180,149115,0.017736,16304,736565,0.087608,8407551
2,2021-02-01,41049,925734,19805,488837,21244,436897,0,0,30180,606841,0.072178,10828,159943,0.019024,30219,766784,0.091202,8407551
2,2021-02-02,47807,973541,19491,508328,28316,465213,0,0,36408,632014,0.075172,11332,171275,0.020372,36505,803289,0.095544,8407551
2,2021-02-03,54291,1027832,24233,532561,30058,495271,0,0,40184,658283,0.078297,14009,185284,0.022038,40278,843567,0.100334,8407551
2,2021-02-04,56174,1084006,24315,556876,31859,527130,0,0,41111,684522,0.081418,14972,200256,0.023819,41211,884778,0.105236,8407551
2,2021-02-05,59920,1143926,26401,583277,33519,560649,0,0,40578,706118,0.083986,19157,219413,0.026097,40753,925531,0.110083,8407551
2,2021-02-06,38905,1182831,18174,601451,20731,581380,0,0,31237,729852,0.086809,7594,227007,0.027,31328,956859,0.113809,8407551
2,2021-02-07,16003,1198834,10713,612164,5290,586670,0,0,12146,738230,0.087806,3836,230843,0.027457,12214,969073,0.115262,8407551
2,2021-02-08,43416,1242250,22397,634561,21019,607689,0,0,29890,754949,0.089794,13380,244223,0.029048,30099,999172,0.118842,8407551
2,2021-02-09,49402,1291652,23534,658095,25868,633557,0,0,30719,767572,0.091296,18426,262649,0.03124,31049,1030221,0.122535,8407551
2,2021-02-10,59745,1351397,28186,686281,31559,665116,0,0,34797,778060,0.092543,24662,287311,0.034173,35150,1065371,0.126716,8407551
2,2021-02-11,64296,1415693,29781,716062,34515,699631,0,0,36141,786833,0.093586,27865,315176,0.037487,36638,1102009,0.131074,8407551
2,2021-02-12,65332,1481025,28243,744305,37089,736720,0,0,34763,791985,0.094199,30273,345449,0.041088,35425,1137434,0.135287,8407551
2,2021-02-13,37846,1518871,15900,760205,21946,758666,0,0,21902,798410,0.094963,15855,361304,0.042974,22280,1159714,0.137937,8407551
2,2021-02-14,20056,1538927,9421,769626,10635,769301,0,0,11257,801272,0.095304,8755,370059,0.044015,11617,1171331,0.139319,8407551
2,2021-02-15,33246,1572173,15087,784713,18159,787460,0,0,18400,805808,0.095843,14722,384781,0.045766,19258,1190589,0.141609,8407551
2,2021-02-16,56236,1628409,27772,812485,28464,815924,0,0,29620,809576,0.096292,26526,411307,0.048921,30294,1220883,0.145213,8407551
2,2021-02-17,61732,1690141,31936,844421,29796,845720,0,0,30595,809943,0.096335,31067,442374,0.052616,31434,1252317,0.148951,8407551
2,2021-02-18,66283,1756424,33639,878060,32644,878364,0,0,32209,809461,0.096278,33842,476216,0.056641,33360,1285677,0.152919,8407551
2,2021-02-19,59441,1815865,33181,911241,26260,904624,0,0,29409,809608,0.096295,29874,506090,0.060195,30021,1315698,0.15649,8407551
2,2021-02-20,37533,1853398,24563,935804,12970,917594,0,0,20311,813470,0.096755,17137,523227,0.062233,20999,1336697,0.158988,8407551
2,2021-02-21,20916,1874314,17433,953237,3483,921077,0,0,9992,813416,0.096748,10849,534076,0.063523,10795,1347492,0.160272,8407551
2,2021-02-22,37710,1912024,25815,979052,11895,932972,0,0,18049,812575,0.096648,19571,553647,0.065851,18730,1366222,0.162499,8407551
2,2021-02-23,51941,1963965,26642,1005694,25299,958271,0,0,22904,808546,0.096169,28841,582488,0.069282,24812,1391034,0.165451,8407551
2,2021-02-24,68555,2032520,35311,1041005,33244,991515,0,0,31566,805637,0.095823,36843,619331,0.073664,33934,1424968,0.169487,8407551
2,2021-02-25,74466,2106986,35095,1076100,39371,1030886,0,0,37961,810125,0.096357,36292,655623,0.07798,40780,1465748,0.174337,8407551
2,2021-02-26,82675,2189661,35330,1111430,47345,1078231,0,0,44715,819351,0.097454,37698,693321,0.082464,46924,1512672,0.179918,8407551
2,2021-02-27,60383,2250044,27983,1139413,32393,1110624,7,7,32978,826472,0.098301,27203,720524,0.0857,34324,1546996,0.184001,8407551
2,2021-02-28,29824,2279868,17926,1157339,11897,1122521,1,8,17522,832623,0.099033,12203,732727,0.087151,18354,1565350,0.186184,8407551
2,2021-03-01,57129,2336997,30062,1187401,27030,1149551,37,45,31060,839126,0.099806,25803,758530,0.09022,32306,1597656,0.190026,8407551
2,2021-03-02,67957,2404954,32737,1220138,35213,1184764,7,52,38501,850664,0.101179,29315,787845,0.093707,40853,1638509,0.194885,8407551
2,2021-03-03,79837,2484791,38768,1258906,41055,1225819,14,66,45144,863885,0.102751,34508,822353,0.097811,47729,1686238,0.200562,8407551
2,2021-03-04,87396,2572187,43113,1302019,44253,1270072,30,96,50445,879993,0.104667,36756,859109,0.102183,52864,1739102,0.20685,8407551
2,2021-03-05,80750,2652937,38286,1340305,42159,1312231,305,401,49597,901317,0.107203,30961,890070,0.105866,52285,1791387,0.213069,8407551
2,2021-03-06,62512,2715449,30558,1370863,30266,1342497,1688,2089,38506,919067,0.109314,23889,913959,0.108707,41639,1833026,0.218021,8407551
2,2021-03-07,27626,2743075,16185,1387048,10467,1352964,974,3063,17835,929256,0.110526,9731,923690,0.109864,19920,1852946,0.220391,8407551
2,2021-03-08,49991,2793066,23054,1410102,24468,1377432,2469,5532,31637,946760,0.112608,18251,941941,0.112035,35755,1888701,0.224643,8407551
2,2021-03-09,69944,2863010,32006,1442108,34154,1411586,3784,9316,38834,959755,0.114154,30992,972933,0.115721,43987,1932688,0.229875,8407551
2,2021-03-10,77790,2940800,36938,1479046,34304,1445890,6548,15864,41375,972818,0.115708,36219,1009152,0.120029,49282,1981970,0.235737,8407551
2,2021-03-11,92708,3033508,42853,1521899,41502,1487392,8353,24217,48511,987193,0.117417,43915,1053067,0.125253,58290,2040260,0.24267,8407551
2,2021-03-12,93647,3127155,38589,1560488,43065,1530457,11993,36210,46702,1000609,0.119013,46733,1099800,0.130811,60149,2100409,0.249824,8407551
2,2021-03-13,68651,3195806,28901,1589389,31833,1562290,7917,44127,37766,1016843,0.120944,30764,1130564,0.13447,46998,2147407,0.255414,8407551
2,2021-03-14,36590,3232396,18277,1607666,13786,1576076,4527,48654,18655,1022938,0.121669,17846,1148410,0.136593,23941,2171348,0.258262,8407551
2,2021-03-15,67200,3299596,30403,1638069,31752,1607828,5045,53699,37208,1036509,0.123283,29792,1178202,0.140136,43363,2214711,0.263419,8407551
2,2021-03-16,86101,3385697,38116,1676185,43973,1651801,4012,57711,52413,1060544,0.126142,33527,1211729,0.144124,57562,2272273,0.270266,8407551
2,2021-03-17,92370,3478067,44264,1720449,43949,1695750,4157,61868,58860,1091150,0.129782,33266,1244995,0.148081,63872,2336145,0.277863,8407551
2,2021-03-18,97788,3575855,46696,1767145,46511,1742261,4581,66449,59985,1118765,0.133067,37519,1282514,0.152543,65134,2401279,0.28561,8407551
2,2021-03-19,97190,3673045,46017,1813162,45035,1787296,6138,72587,58054,1144626,0.136143,38868,1321382,0.157166,64729,2466008,0.293309,8407551
2,2021-03-20,69526,3742571,33717,1846879,31887,1819183,3922,76509,45695,1171008,0.139281,23605,1344987,0.159974,49987,2515995,0.299254,8407551
2,2021-03-21,33187,3775758,21505,1868384,9700,1828883,1982,78491,20514,1181387,0.140515,12554,1357541,0.161467,22933,2538928,0.301982,8407551
2,2021-03-22,62654,3838412,34485,1902869,25525,1854408,2644,81135,41763,1206028,0.143446,20677,1378218,0.163926,45318,2584246,0.307372,8407551
2,2021-03-23,83583,3921995,44474,1947343,36201,1890609,2908,84043,52510,1231466,0.146471,30824,1409042,0.167592,56262,2640508,0.314064,8407551
2,2021-03-24,91358,4013353,49142,1996485,39066,1929675,3150,87193,53934,1252251,0.148944,37125,1446167,0.172008,57910,2698418,0.320952,8407551
2,2021-03-25,100952,4114305,50907,2047392,46146,1975821,3899,91092,57492,1271260,0.151205,43150,1489317,0.17714,62159,2760577,0.328345,8407551
2,2021-03-26,103039,4217344,51150,2098542,48397,2024218,3492,94584,56782,1286681,0.153039,45912,1535229,0.182601,61333,2821910,0.33564,8407551
2,2021-03-27,75253,4292597,37544,2136086,34401,2058619,3308,97892,37918,1291656,0.15363,37114,1572343,0.187016,42089,2863999,0.340646,8407551
2,2021-03-28,37509,4330106,23160,2159246,13540,2072159,809,98701,20259,1296394,0.154194,17132,1589475,0.189053,21870,2885869,0.343247,8407551
2,2021-03-29,71046,4401152,36165,2195411,32611,2104770,2270,100971,40676,1310058,0.155819,30187,1619662,0.192644,43851,2929720,0.348463,8407551
2,2021-03-30,91648,4492800,44830,2240241,42463,2147233,4355,105326,51711,1326996,0.157834,39744,1659406,0.197371,56682,2986402,0.355205,8407551
2,2021-03-31,101046,4593846,52073,2292314,43862,2191095,5111,110437,57638,1346983,0.160211,43113,1702519,0.202499,63100,3049502,0.36271,8407551
2,2021-04-01,117265,4711111,56639,2348953,51442,2242537,9184,119621,64114,1367932,0.162703,52805,1755324,0.208779,73754,3123256,0.371482,8407551
2,2021-04-02,111448,4822559,51380,2400333,49925,2292462,10143,129764,60209,1387886,0.165076,50887,1806211,0.214832,70841,3194097,0.379908,8407551
2,2021-04-03,76643,4899202,37595,2437928,29236,2321698,9812,139576,38062,1397796,0.166255,38381,1844592,0.219397,48291,3242388,0.385652,8407551
2,2021-04-04,29021,4928223,14907,2452835,10260,2331958,3854,143430,13083,1398926,0.166389,15850,1860442,0.221282,16980,3259368,0.387672,8407551
2,2021-04-05,78870,5007093,38700,2491535,31396,2363354,8774,152204,38342,1406440,0.167283,40371,1900813,0.226084,47885,3307253,0.393367,8407551
2,2021-04-06,103758,5110851,50524,2542059,38545,2401899,14689,166893,49392,1416837,0.16852,54114,1954927,0.23252,64511,3371764,0.40104,8407551
2,2021-04-07,110229,5221080,55014,2597073,38988,2440887,16227,183120,52115,1427636,0.169804,57846,2012773,0.239401,68645,3440409,0.409205,8407551
2,2021-04-08,119239,5340319,57396,2654469,43133,2484020,18710,201830,55458,1438968,0.171152,63453,2076226,0.246948,74785,3515194,0.4181,8407551
2,2021-04-09,118686,5459005,57087,2711556,43458,2527478,18141,219971,56177,1452028,0.172705,62155,2138381,0.254341,75215,3590409,0.427046,8407551
2,2021-04-10,87139,5546144,37771,2749327,31038,2558516,18330,238301,36082,1456329,0.173217,50805,2189186,0.260383,55106,3645515,0.4336,8407551
2,2021-04-11,44362,5590506,23030,2772357,12866,2571382,8466,246767,18261,1457819,0.173394,25971,2215157,0.263472,27461,3672976,0.436866,8407551
2,2021-04-12,79934,5670440,37228,2809585,33328,2604710,9378,256145,35844,1460233,0.173681,43830,2258987,0.268685,46244,3719220,0.442367,8407551
2,2021-04-13,101865,5772305,52840,2862425,48765,2653475,260,256405,55938,1471658,0.17504,45684,2304671,0.274119,57109,3776329,0.449159,8407551
2,2021-04-14,106662,5878967,55835,2918260,50776,2704251,51,256456,54690,1476163,0.175576,51684,2356355,0.280267,56189,3832518,0.455842,8407551
2,2021-04-15,113291,5992258,60203,2978463,53013,2757264,75,256531,59436,1483288,0.176423,53482,2409837,0.286628,60607,3893125,0.463051,8407551
2,2021-04-16,110608,6102866,57477,3035940,53081,2810345,50,256581,56356,1486635,0.176821,53918,2463755,0.293041,57265,3950390,0.469862,8407551
2,2021-04-17,83203,6186069,42342,3078282,40844,2851189,17,256598,46792,1498148,0.178191,36160,2499915,0.297342,47673,3998063,0.475532,8407551
2,2021-04-18,35373,6221442,21537,3099819,13830,2865019,6,256604,16915,1497724,0.17814,18321,2518236,0.299521,17897,4015960,0.477661,8407551
2,2021-04-19,74653,6296095,40222,3140041,34417,2899436,14,256618,34142,1492272,0.177492,40243,2558479,0.304307,34791,4050751,0.481799,8407551
2,2021-04-20,97299,6393394,49257,3189298,48016,2947452,26,256644,47319,1490710,0.177306,49660,2608139,0.310214,48098,4098849,0.48752,8407551
2,2021-04-21,103002,6496396,55673,3244971,47274,2994726,55,256699,48914,1486923,0.176856,53663,2661802,0.316597,49876,4148725,0.493452,8407551
2,2021-04-22,107160,6603556,55450,3300421,51689,3046415,21,256720,46990,1475057,0.175444,59792,2721594,0.323708,47926,4196651,0.499153,8407551
2,2021-04-23,106554,6710110,56664,3357085,49872,3096287,18,256738,49257,1468367,0.174649,56903,2778497,0.330476,50213,4246864,0.505125,8407551
2,2021-04-24,79606,6789716,47032,3404117,32534,3128821,40,256778,41594,1473231,0.175227,37701,2816198,0.334961,42565,4289429,0.510188,8407551
2,2021-04-25,36075,6825791,22264,3426381,13796,3142617,15,256793,19692,1477140,0.175692,16260,2832458,0.336895,20169,4309598,0.512587,8407551
2,2021-04-26,73471,6899262,40711,3467092,32457,3175074,303,257096,33876,1473448,0.175253,39342,2871800,0.341574,35650,4345248,0.516827,8407551
2,2021-04-27,87591,6986853,46153,3513245,40075,3215149,1363,258459,37668,1464150,0.174147,49573,2921373,0.34747,40275,4385523,0.521617,8407551
2,2021-04-28,87337,7074190,46684,3559929,38792,3253941,1861,260320,38590,1457095,0.173308,48438,2969811,0.353231,41383,4426906,0.526539,8407551
2,2021-04-29,90061,7164251,49027,3608956,39339,3293280,1695,262015,35036,1439759,0.171246,54679,3024490,0.359735,37343,4464249,0.530981,8407551
2,2021-04-30,93533,7257784,51694,3660650,39857,3333137,1982,263997,36374,1422039,0.169138,56750,3081240,0.366485,39030,4503279,0.535623,8407551
2,2021-05-01,61652,7319436,37645,3698295,22448,3355585,1559,265556,23996,1411081,0.167835,37370,3118610,0.37093,26412,4529691,0.538765,8407551
2,2021-05-02,29101,7348537,20190,3718485,7939,3363524,972,266528,11074,1405333,0.167151,17890,3136500,0.373058,12142,4541833,0.540209,8407551
2,2021-05-03,59791,7408328,35399,3753884,22349,3385873,2043,268571,20110,1388349,0.165131,39416,3175916,0.377746,22432,4564265,0.542877,8407551
2,2021-05-04,79275,7487603,47316,3801200,29588,3415461,2371,270942,25786,1363743,0.162205,53175,3229091,0.38407,28569,4592834,0.546275,8407551
2,2021-05-05,79659,7567262,47443,3848643,29878,3445339,2338,273280,24984,1337118,0.159038,54304,3283395,0.390529,27679,4620513,0.549567,8407551
2,2021-05-06,81814,7649076,49481,3898124,29433,3474772,2900,276180,25019,1309320,0.155731,56363,3339758,0.397233,28565,4649078,0.552965,8407551
2,2021-05-07,82882,7731958,47764,3945888,32695,3507467,2423,278603,25559,1280779,0.152337,56987,3396745,0.404011,28446,4677524,0.556348,8407551
2,2021-05-08,54856,7786814,33316,3979204,19834,3527301,1706,280309,17209,1263000,0.150222,37422,3434167,0.408462,19643,4697167,0.558684,8407551
2,2021-05-09,21677,7808491,15641,3994845,5295,3532596,741,281050,6348,1255068,0.149279,15252,3449419,0.410276,7320,4704487,0.559555,8407551
2,2021-05-10,49611,7858102,27072,4021917,20679,3553275,1860,282910,14035,1236221,0.147037,35355,3484774,0.414481,16508,4720995,0.561518,8407551
2,2021-05-11,65371,7923473,35238,4057155,28031,3581306,2102,285012,19856,1213630,0.14435,45240,3530014,0.419862,22649,4743644,0.564212,8407551
2,2021-05-12,64431,7987904,34439,4091594,27793,3609099,2199,287211,19077,1190228,0.141567,45066,3575080,0.425223,21664,4765308,0.566789,8407551
2,2021-05-13,70175,8058079,40881,4132475,27359,3636458,1935,289146,25812,1174608,0.139709,44095,3619175,0.430467,28475,4793783,0.570176,8407551
2,2021-05-14,78917,8136996,47368,4179843,29313,3665771,2236,291382,30402,1159733,0.137939,48161,3667336,0.436196,33286,4827069,0.574135,8407551
2,2021-05-15,65766,8202762,43196,4223039,20856,3686627,1714,293096,25470,1147237,0.136453,40072,3707408,0.440962,27576,4854645,0.577415,8407551
2,2021-05-16,31340,8234102,23492,4246531,6925,3693552,923,294019,12810,1142684,0.135912,18415,3725823,0.443152,13862,4868507,0.579064,8407551
2,2021-05-17,57544,8291646,36460,4282991,19142,3712694,1942,295961,22728,1133112,0.134773,34605,3760428,0.447268,25033,4893540,0.582041,8407551
2,2021-05-18,69684,8361330,40771,4323762,26952,3739646,1961,297922,27733,1121643,0.133409,41701,3802129,0.452228,30232,4923772,0.585637,8407551
2,2021-05-19,68213,8429543,40408,4364170,25822,3765468,1983,299905,27129,1110414,0.132073,40804,3842933,0.457081,29575,4953347,0.589155,8407551
2,2021-05-20,68620,8498163,39741,4403911,26705,3792173,2174,302079,26102,1097061,0.130485,42219,3885152,0.462103,28866,4982213,0.592588,8407551
2,2021-05-21,71970,8570133,42427,4446338,27412,3819585,2131,304210,27550,1083201,0.128837,44089,3929241,0.467347,30229,5012442,0.596183,8407551
2,2021-05-22,53037,8623170,33570,4479908,17707,3837292,1760,305970,22135,1076931,0.128091,30698,3959939,0.470998,24428,5036870,0.599089,8407551
2,2021-05-23,23934,8647104,16454,4496362,6758,3844050,722,306692,10117,1074210,0.127767,13694,3973633,0.472627,10973,5047843,0.600394,8407551
2,2021-05-24,44410,8691514,25239,4521601,17410,3861460,1761,308453,17124,1066355,0.126833,27078,4000711,0.475847,19223,5067066,0.60268,8407551
2,2021-05-25,50455,8741969,29566,4551167,19028,3880488,1861,310314,19223,1057032,0.125724,30949,4031660,0.479528,21626,5088692,0.605253,8407551
2,2021-05-26,48509,8790478,27215,4578382,19630,3900118,1664,311978,19018,1048886,0.124755,29173,4060833,0.482998,21027,5109719,0.607754,8407551
2,2021-05-27,46409,8836887,26278,4604660,18388,3918506,1743,313721,18631,1042212,0.123961,27550,4088383,0.486275,20876,5130595,0.610237,8407551
2,2021-05-28,49686,8886573,27435,4632095,20300,3938806,1951,315672,20928,1036997,0.123341,28516,4116899,0.489667,23301,5153896,0.613008,8407551
2,2021-05-29,28844,8915417,17252,4649347,10547,3949353,1045,316717,13226,1035961,0.123218,15473,4132372,0.491507,14437,5168333,0.614725,8407551
2,2021-05-30,12502,8927919,8045,4657392,3701,3953054,756,317473,5473,1035272,0.123136,6984,4139356,0.492338,6295,5174628,0.615474,8407551
2,2021-05-31,5863,8933782,3418,4660810,2143,3955197,302,317775,1824,1033455,0.12292,3993,4143349,0.492813,2176,5176804,0.615733,8407551
2,2021-06-01,44432,8978214,25586,4686396,17273,3972470,1573,319348,15558,1022366,0.121601,28600,4171949,0.496215,17511,5194315,0.617815,8407551
2,2021-06-02,38034,9016248,22355,4708751,14290,3986760,1389,320737,14982,1016222,0.12087,22808,4194757,0.498927,16664,5210979,0.619797,8407551
2,2021-06-03,41181,9057429,26565,4735316,13174,3999934,1442,322179,13929,1004952,0.11953,27022,4221779,0.502141,15752,5226731,0.621671,8407551
2,2021-06-04,47732,9105161,31134,4766450,15068,4015002,1530,323709,15467,990484,0.117809,31988,4253767,0.505946,17520,5244251,0.623755,8407551
2,2021-06-05,37470,9142631,26732,4793182,9302,4024304,1436,325145,11777,978631,0.116399,25477,4279244,0.508976,13624,5257875,0.625375,8407551
2,2021-06-06,14720,9157351,12054,4805236,2085,4026389,581,325726,4652,974033,0.115852,10011,4289255,0.510167,5413,5263288,0.626019,8407551
2,2021-06-07,32994,9190345,23068,4828304,8658,4035047,1268,326994,10740,964165,0.114678,22117,4311372,0.512798,12249,5275537,0.627476,8407551
2,2021-06-08,40358,9230703,28571,4856875,10428,4045475,1359,328353,12445,950661,0.113072,27675,4339047,0.516089,14171,5289708,0.629162,8407551
2,2021-06-09,37833,9268536,26459,4883334,9884,4055359,1490,329843,11492,937811,0.111544,26153,4365200,0.5192,13303,5303011,0.630744,8407551
2,2021-06-10,37476,9306012,26085,4909419,9881,4065240,1510,331353,11706,925913,0.110129,25573,4390773,0.522242,13675,5316686,0.63237,8407551
2,2021-06-11,40950,9346962,27181,4936600,12109,4077349,1660,333013,13196,913557,0.108659,27500,4418273,0.525512,15144,5331830,0.634172,8407551
2,2021-06-12,29183,9376145,21478,4958078,6794,4084143,911,333924,8690,903005,0.107404,20362,4438635,0.527934,9810,5341640,0.635338,8407551
2,2021-06-13,12071,9388216,8807,4966885,2657,4086800,607,334531,3078,897925,0.1068,8931,4447566,0.528997,3851,5345491,0.635796,8407551
2,2021-06-14,29649,9417865,21020,4987905,7452,4094252,1177,335708,10287,890386,0.105903,19208,4466774,0.531281,11669,5357160,0.637184,8407551
2,2021-06-15,35297,9453162,23512,5011417,9758,4104010,2027,337735,12009,881733,0.104874,23061,4489835,0.534024,14408,5371568,0.638898,8407551
2,2021-06-16,32674,9485836,22557,5033974,8348,4112358,1769,339504,11308,873912,0.103944,21201,4511036,0.536546,13380,5384948,0.640489,8407551
2,2021-06-17,30151,9515987,20195,5054169,8251,4120609,1705,341209,10719,867280,0.103155,19261,4530297,0.538837,12629,5397577,0.641992,8407551
2,2021-06-18,33769,9549756,22235,5076404,9732,4130341,1802,343011,12395,860568,0.102357,21171,4551468,0.541355,14459,5412036,0.643711,8407551
2,2021-06-19,20466,9570222,14294,5090698,4978,4135319,1194,344205,7783,857207,0.101957,12518,4563986,0.542844,9157,5421193,0.6448,8407551
2,2021-06-20,8170,9578392,5823,5096521,1883,4137202,464,344669,3037,855684,0.101776,5090,4569076,0.543449,3567,5424760,0.645225,8407551
2,2021-06-21,18927,9597319,11591,5108112,6084,4143286,1252,345921,9766,857836,0.102032,9045,4578121,0.544525,11197,5435957,0.646557,8407551
2,2021-06-22,26297,9623616,18042,5126154,6957,4150243,1298,347219,10382,854024,0.101578,15752,4593873,0.546398,11940,5447897,0.647977,8407551
2,2021-06-23,24648,9648264,17046,5143200,6114,4156357,1488,348707,10119,851512,0.101279,14399,4608272,0.548111,11887,5459784,0.649391,8407551
2,2021-06-24,23606,9671870,16186,5159386,6112,4162469,1308,350015,9775,849133,0.100996,13687,4621959,0.549739,11308,5471092,0.650736,8407551
2,2021-06-25,26134,9698004,17852,5177238,6988,4169457,1294,351309,10969,846592,0.100694,15022,4636981,0.551526,12481,5483573,0.65222,8407551
2,2021-06-26,11911,9709915,8593,5185831,2645,4172102,673,351982,4626,844750,0.100475,7236,4644217,0.552386,5394,5488967,0.652862,8407551
3,2020-12-15,304,304,304,304,0,0,0,0,304,304,3.7e-05,0,0,0.0,304,304,3.7e-05,8129050
3,2020-12-16,2311,2615,2311,2615,0,0,0,0,2312,2616,0.000322,0,0,0.0,2312,2616,0.000322,8129050
3,2020-12-17,7789,10404,7789,10404,0,0,0,0,7789,10405,0.00128,0,0,0.0,7789,10405,0.00128,8129050
3,2020-12-18,13388,23792,13375,23779,13,13,0,0,13388,23793,0.002927,0,0,0.0,13388,23793,0.002927,8129050
3,2020-12-19,7217,31009,7206,30985,11,24,0,0,7281,31074,0.003823,0,0,0.0,7281,31074,0.003823,8129050
3,2020-12-20,5654,36663,5647,36632,7,31,0,0,5701,36774,0.004524,1,1,0.0,5701,36775,0.004524,8129050
3,2020-12-21,14341,51004,14316,50948,25,56,0,0,14404,51177,0.006296,1,2,0.0,14404,51179,0.006296,8129050
3,2020-12-22,14776,65780,14196,65144,580,636,0,0,14814,65990,0.008118,1,3,0.0,14814,65993,0.008118,8129050
3,2020-12-23,14826,80606,12217,77361,2609,3245,0,0,14854,80844,0.009945,1,4,0.0,14855,80848,0.009946,8129050
3,2020-12-24,6782,87388,4867,82228,1915,5160,0,0,6780,87623,0.010779,1,5,1e-06,6780,87628,0.01078,8129050
3,2020-12-25,723,88111,666,82894,57,5217,0,0,721,88344,0.010868,0,5,1e-06,721,88349,0.010868,8129050
3,2020-12-26,4616,92727,2997,85891,1619,6836,0,0,4614,92958,0.011435,0,5,1e-06,4614,92963,0.011436,8129050
3,2020-12-27,2979,95706,1849,87740,1130,7966,0,0,2979,95937,0.011802,0,5,1e-06,2979,95942,0.011802,8129050
3,2020-12-28,13624,109330,8726,96466,4898,12864,0,0,13650,109586,0.013481,1,6,1e-06,13650,109592,0.013482,8129050
3,2020-12-29,15002,124332,8466,104932,6536,19400,0,0,15029,124613,0.015329,2,8,1e-06,15029,124621,0.01533,8129050
3,2020-12-30,18018,142350,10024,114956,7994,27394,0,0,18004,142616,0.017544,2,10,1e-06,18005,142626,0.017545,8129050
3,2020-12-31,8447,150797,3242,118198,5205,32599,0,0,8447,151062,0.018583,1,11,1e-06,8447,151073,0.018584,8129050
3,2021-01-01,1366,152163,636,118834,730,33329,0,0,1362,152423,0.01875,1,12,1e-06,1362,152435,0.018752,8129050
3,2021-01-02,4943,157106,2426,121260,2517,35846,0,0,4943,157366,0.019358,0,12,1e-06,4943,157378,0.01936,8129050
3,2021-01-03,1611,158717,847,122107,764,36610,0,0,1600,158962,0.019555,4,16,2e-06,1600,158978,0.019557,8129050
3,2021-01-04,11980,170697,5948,128055,6032,42642,0,0,11954,170909,0.021024,7,23,3e-06,11954,170932,0.021027,8129050
3,2021-01-05,15661,186358,8101,136156,7560,50202,0,0,14035,183359,0.022556,1612,1635,0.000201,14062,184994,0.022757,8129050
3,2021-01-06,20524,206882,10815,146971,9709,59911,0,0,16055,194994,0.023987,4428,6063,0.000746,16063,201057,0.024733,8129050
3,2021-01-07,26490,233372,15142,162113,11348,71259,0,0,17108,202767,0.024944,9351,15414,0.001896,17124,218181,0.02684,8129050
3,2021-01-08,30387,263759,18550,180663,11837,83096,0,0,18032,208489,0.025647,12332,27746,0.003413,18054,236235,0.029061,8129050
3,2021-01-09,12372,276131,6990,187653,5382,88478,0,0,7858,211848,0.026061,4508,32254,0.003968,7867,244102,0.030028,8129050
3,2021-01-10,7172,283303,4466,192119,2706,91184,0,0,4031,212745,0.026171,3139,35393,0.004354,4036,248138,0.030525,8129050
3,2021-01-11,28964,312267,18964,211083,10000,101184,0,0,16384,216599,0.026645,12573,47966,0.005901,16427,264565,0.032546,8129050
3,2021-01-12,32315,344582,19368,230451,12947,114131,0,0,19792,223974,0.027552,12504,60470,0.007439,19879,284444,0.034991,8129050
3,2021-01-13,34423,379005,17991,248442,16432,130563,0,0,24227,238025,0.029281,10196,70666,0.008693,24247,308691,0.037974,8129050
3,2021-01-14,34603,413608,14209,262651,20394,150957,0,0,28709,260903,0.032095,5867,76533,0.009415,28745,337436,0.04151,8129050
3,2021-01-15,38835,452443,14461,277112,24374,175331,0,0,34164,290474,0.035733,4659,81192,0.009988,34230,371666,0.045721,8129050
3,2021-01-16,21816,474259,7604,284716,14212,189543,0,0,19496,307685,0.03785,2307,83499,0.010272,19518,391184,0.048122,8129050
3,2021-01-17,13116,487375,4431,289147,8685,198228,0,0,12078,318746,0.039211,1036,84535,0.010399,12097,403281,0.04961,8129050
3,2021-01-18,24709,512084,12906,302053,11803,210031,0,0,19123,332311,0.040879,5601,90136,0.011088,19166,422447,0.051968,8129050
3,2021-01-19,40934,553018,20900,322953,20034,230065,0,0,31834,355158,0.04369,9074,99210,0.012204,31921,454368,0.055894,8129050
3,2021-01-20,45219,598237,22175,345128,23044,253109,0,0,35864,381792,0.046966,9312,108522,0.01335,35946,490314,0.060316,8129050
3,2021-01-21,47776,646013,20645,365773,27131,280240,0,0,42304,418770,0.051515,5397,113919,0.014014,42375,532689,0.065529,8129050
3,2021-01-22,49672,695685,19784,385557,29888,310128,0,0,45509,460188,0.05661,4164,118083,0.014526,45582,578271,0.071136,8129050
3,2021-01-23,30313,725998,12796,398353,17517,327645,0,0,27021,483978,0.059537,3283,121366,0.01493,27073,605344,0.074467,8129050
3,2021-01-24,17794,743792,8456,406809,9338,336983,0,0,16634,499486,0.061445,1157,122523,0.015072,16665,622009,0.076517,8129050
3,2021-01-25,40666,784458,18119,424928,22547,359530,0,0,30730,520390,0.064016,9912,132435,0.016292,30816,652825,0.080308,8129050
3,2021-01-26,47005,831463,22465,447393,24540,384070,0,0,36919,547340,0.067331,10075,142510,0.017531,37025,689850,0.084862,8129050
3,2021-01-27,51193,882656,24357,471750,26836,410906,0,0,40607,577513,0.071043,10516,153026,0.018825,40689,730539,0.089868,8129050
3,2021-01-28,51557,934213,23917,495667,27640,438546,0,0,42624,611348,0.075205,8847,161873,0.019913,42682,773221,0.095118,8129050
3,2021-01-29,50674,984887,24318,519985,26356,464902,0,0,41021,642950,0.079093,9467,171340,0.021077,41069,814290,0.10017,8129050
3,2021-01-30,37194,1022081,17577,537562,19617,484519,0,0,32491,670875,0.082528,4649,175989,0.021649,32574,846864,0.104177,8129050
3,2021-01-31,22248,1044329,12621,550183,9627,494146,0,0,20856,690372,0.084927,1379,177368,0.021819,20876,867740,0.106746,8129050
3,2021-02-01,45645,1089974,20815,570998,24830,518976,0,0,34850,714503,0.087895,10752,188120,0.023142,34883,902623,0.111037,8129050
3,2021-02-02,54267,1144241,22567,593565,31700,550676,0,0,41844,744062,0.091531,12334,200454,0.024659,41893,944516,0.11619,8129050
3,2021-02-03,60003,1204244,26760,620325,33243,583919,0,0,44619,773531,0.095156,15224,215678,0.026532,44693,989209,0.121688,8129050
3,2021-02-04,64280,1268524,27901,648226,36379,620298,0,0,47139,803829,0.098884,16952,232630,0.028617,47250,1036459,0.127501,8129050
3,2021-02-05,70122,1338646,29812,678038,40310,660608,0,0,48438,830990,0.102225,21450,254080,0.031256,48611,1085070,0.133481,8129050
3,2021-02-06,43523,1382169,21182,699220,22341,682949,0,0,33789,855261,0.10521,9700,263780,0.032449,33971,1119041,0.13766,8129050
3,2021-02-07,19504,1401673,12362,711582,7142,690091,0,0,15009,865916,0.106521,4481,268261,0.033,15136,1134177,0.139521,8129050
3,2021-02-08,51031,1452704,24627,736209,26404,716495,0,0,33446,882068,0.108508,17479,285740,0.03515,33631,1167808,0.143659,8129050
3,2021-02-09,58347,1511051,28383,764592,29964,746459,0,0,34211,892664,0.109812,23963,309703,0.038098,34559,1202367,0.14791,8129050
3,2021-02-10,67849,1578900,31538,796130,36311,782770,0,0,36754,899090,0.110602,30860,340563,0.041895,37286,1239653,0.152497,8129050
3,2021-02-11,70547,1649447,34783,830913,35764,818534,0,0,37711,904858,0.111312,32481,373044,0.04589,38249,1277902,0.157202,8129050
3,2021-02-12,75374,1724821,32667,863580,42707,861241,0,0,41629,913820,0.112414,33445,406489,0.050004,42407,1320309,0.162419,8129050
3,2021-02-13,44811,1769632,20443,884023,24368,885609,0,0,25778,921252,0.113328,18929,425418,0.052333,26361,1346670,0.165661,8129050
3,2021-02-14,27239,1796871,13620,897643,13619,899228,0,0,15170,924851,0.113771,12020,437438,0.053812,15619,1362289,0.167583,8129050
3,2021-02-15,39974,1836845,17187,914830,22787,922015,0,0,22133,930164,0.114425,17756,455194,0.055996,23069,1385358,0.170421,8129050
3,2021-02-16,69840,1906685,33048,947878,36792,958807,0,0,36327,934145,0.114914,33377,488571,0.060102,37358,1422716,0.175016,8129050
3,2021-02-17,71549,1978234,36229,984107,35320,994127,0,0,34057,932002,0.114651,37279,525850,0.064688,35136,1457852,0.179339,8129050
3,2021-02-18,76686,2054920,40074,1024181,36612,1030739,0,0,35543,927903,0.114147,40987,566837,0.06973,36888,1494740,0.183876,8129050
3,2021-02-19,68537,2123457,39525,1063706,29012,1059751,0,0,34644,929463,0.114338,33780,600617,0.073885,35340,1530080,0.188224,8129050
3,2021-02-20,42204,2165661,26705,1090411,15499,1075250,0,0,22294,932452,0.114706,19810,620427,0.076322,22799,1552879,0.191028,8129050
3,2021-02-21,22826,2188487,18979,1109390,3847,1079097,0,0,10894,931876,0.114635,11853,632280,0.07778,11277,1564156,0.192416,8129050
3,2021-02-22,45358,2233845,29546,1138936,15812,1094909,0,0,21498,930083,0.114415,23774,656054,0.080705,21981,1586137,0.19512,8129050
3,2021-02-23,60961,2294806,33224,1172160,27737,1122646,0,0,26889,925039,0.113794,33927,689981,0.084878,28883,1615020,0.198673,8129050
3,2021-02-24,76723,2371529,37595,1209755,39128,1161774,0,0,34245,919489,0.113111,42312,732293,0.090083,36762,1651782,0.203195,8129050
3,2021-02-25,86164,2457693,41949,1251704,44215,1205989,0,0,43205,922587,0.113493,42712,775005,0.095338,45810,1697592,0.20883,8129050
3,2021-02-26,96983,2554676,44358,1296062,52625,1258614,0,0,51549,931252,0.114559,45087,820092,0.100884,53752,1751344,0.215443,8129050
3,2021-02-27,68456,2623132,31564,1327626,36889,1295503,3,3,36415,937128,0.115281,31857,851949,0.104803,37733,1789077,0.220084,8129050
3,2021-02-28,39589,2662721,22947,1350573,16639,1312142,3,6,20717,940077,0.115644,18720,870669,0.107106,21669,1810746,0.22275,8129050
3,2021-03-01,67526,2730247,35857,1386430,31646,1343788,23,29,37785,949664,0.116823,29568,900237,0.110743,39155,1849901,0.227567,8129050
3,2021-03-02,78007,2808254,38557,1424987,39442,1383230,8,37,45691,965249,0.118741,32183,932420,0.114702,47768,1897669,0.233443,8129050
3,2021-03-03,88994,2897248,42706,1467693,46269,1429499,19,56,49950,978636,0.120387,38852,971272,0.119482,52239,1949908,0.239869,8129050
3,2021-03-04,92970,2990218,45582,1513275,47368,1476867,20,76,52949,994067,0.122286,39815,1011087,0.124379,55246,2005154,0.246665,8129050
3,2021-03-05,89382,3079600,43939,1557214,45153,1522020,290,366,54611,1016646,0.125063,34553,1045640,0.12863,57132,2062286,0.253693,8129050
3,2021-03-06,64958,3144558,32915,1590129,29898,1551918,2145,2511,37318,1030081,0.126716,27507,1073147,0.132014,40942,2103228,0.25873,8129050
3,2021-03-07,37481,3182039,22377,1612506,13959,1565877,1145,3656,21622,1038216,0.127717,15803,1088950,0.133958,23938,2127166,0.261675,8129050
3,2021-03-08,58950,3240989,28212,1640718,27875,1593752,2863,6519,37445,1058730,0.13024,21358,1110308,0.136585,41872,2169038,0.266826,8129050
3,2021-03-09,76419,3317408,35457,1676175,36594,1630346,4368,10887,41210,1070399,0.131676,35090,1145398,0.140902,46759,2215797,0.272578,8129050
3,2021-03-10,82552,3399960,41301,1717476,35176,1665522,6075,16962,43155,1081845,0.133084,39195,1184593,0.145723,50641,2266438,0.278807,8129050
3,2021-03-11,96743,3496703,47409,1764885,40782,1706304,8552,25514,47481,1089971,0.134083,49013,1233606,0.151753,57139,2323577,0.285836,8129050
3,2021-03-12,101683,3598386,45392,1810277,44445,1750749,11846,37360,46586,1094699,0.134665,54885,1288491,0.158504,59613,2383190,0.29317,8129050
3,2021-03-13,69829,3668215,29660,1839937,32942,1783691,7227,44587,36752,1107082,0.136188,32969,1321460,0.16256,45352,2428542,0.298749,8129050
3,2021-03-14,40790,3709005,21554,1861491,15676,1799367,3560,48147,20819,1112194,0.136817,19900,1341360,0.165008,25012,2453554,0.301825,8129050
3,2021-03-15,75358,3784363,35815,1897306,35007,1834374,4536,52683,39829,1122237,0.138053,35335,1376695,0.169355,45378,2498932,0.307408,8129050
3,2021-03-16,94815,3879178,43744,1941050,46754,1881128,4317,57000,53617,1140119,0.140252,40986,1417681,0.174397,58868,2557800,0.314649,8129050
3,2021-03-17,97989,3977167,47686,1988736,45800,1926928,4503,61503,59804,1167148,0.143577,37961,1455642,0.179067,64990,2622790,0.322644,8129050
3,2021-03-18,103341,4080508,52652,2041388,46192,1973120,4497,66000,59812,1188748,0.146235,43277,1498919,0.18439,64877,2687667,0.330625,8129050
3,2021-03-19,102907,4183415,55268,2096656,43199,2016319,4440,70440,57857,1206823,0.148458,44795,1543714,0.189901,62870,2750537,0.338359,8129050
3,2021-03-20,71392,4254807,36935,2133591,30843,2047162,3614,74054,44282,1228294,0.151099,26936,1570650,0.193214,48407,2798944,0.344314,8129050
3,2021-03-21,36077,4290884,24657,2158248,9918,2057080,1502,75556,22539,1239367,0.152461,13446,1584096,0.194869,24519,2823463,0.34733,8129050
3,2021-03-22,70376,4361260,41403,2199651,26458,2083538,2515,78071,45191,1263115,0.155383,24978,1609074,0.197941,48726,2872189,0.353324,8129050
3,2021-03-23,89556,4450816,49586,2249237,37455,2120993,2515,80586,55303,1287632,0.158399,34012,1643086,0.202125,58529,2930718,0.360524,8129050
3,2021-03-24,98468,4549284,56700,2305937,38880,2159873,2888,83474,56476,1305946,0.160652,41657,1684743,0.20725,59971,2990689,0.367901,8129050
3,2021-03-25,107033,4656317,59498,2365435,44592,2204465,2943,86417,60747,1324311,0.162911,45973,1730716,0.212905,64338,3055027,0.375816,8129050
3,2021-03-26,110166,4766483,59178,2424613,47727,2252192,3261,89678,57386,1333328,0.16402,52482,1783198,0.219361,61499,3116526,0.383381,8129050
3,2021-03-27,74228,4840711,37849,2462462,33836,2286028,2543,92221,36175,1334868,0.16421,37851,1821049,0.224017,39391,3155917,0.388227,8129050
3,2021-03-28,44143,4884854,27818,2490280,15514,2301542,811,93032,22529,1337258,0.164504,21508,1842557,0.226663,23898,3179815,0.391167,8129050
3,2021-03-29,80440,4965294,42035,2532315,36562,2338104,1843,94875,44338,1348383,0.165872,35871,1878428,0.231076,46996,3226811,0.396948,8129050
3,2021-03-30,99972,5065266,49125,2581440,47231,2385335,3616,98491,56238,1365350,0.167959,43493,1921921,0.236426,60460,3287271,0.404386,8129050
3,2021-03-31,104833,5170099,56552,2637992,43451,2428786,4830,103321,56175,1378238,0.169545,48457,1970378,0.242387,61345,3348616,0.411932,8129050
3,2021-04-01,123339,5293438,62400,2700392,51237,2480023,9702,113023,66796,1398890,0.172085,56186,2026564,0.249299,76838,3425454,0.421384,8129050
3,2021-04-02,117736,5411174,57513,2757905,49934,2529957,10289,123312,62463,1417125,0.174328,55017,2081581,0.256067,73252,3498706,0.430395,8129050
3,2021-04-03,75978,5487152,38844,2796749,27916,2557873,9218,132530,37943,1426717,0.175508,37901,2119482,0.260729,47493,3546199,0.436238,8129050
3,2021-04-04,32373,5519525,17296,2814045,10869,2568742,4208,136738,14226,1427119,0.175558,18068,2137550,0.262952,18470,3564669,0.43851,8129050
3,2021-04-05,88917,5608442,45147,2859192,34664,2603406,9106,145844,43554,1435455,0.176583,45161,2182711,0.268508,53497,3618166,0.445091,8129050
3,2021-04-06,113250,5721692,55121,2914313,42979,2646385,15150,160994,53458,1445249,0.177788,59540,2242251,0.275832,69334,3687500,0.45362,8129050
3,2021-04-07,116101,5837793,60105,2974418,39716,2686101,16280,177274,56375,1458700,0.179443,59485,2301736,0.283149,72936,3760436,0.462592,8129050
3,2021-04-08,121315,5959108,60393,3034811,40801,2726902,20121,197395,56375,1471334,0.180997,64653,2366389,0.291103,77287,3837723,0.4721,8129050
3,2021-04-09,118206,6077314,58946,3093757,40155,2767057,19105,216500,52030,1477452,0.18175,65945,2432334,0.299215,72063,3909786,0.480965,8129050
3,2021-04-10,83754,6161068,37845,3131602,30683,2797740,15226,231726,34181,1478279,0.181851,49414,2481748,0.305294,50241,3960027,0.487145,8129050
3,2021-04-11,45092,6206160,24268,3155870,12861,2810601,7963,239689,17281,1476635,0.181649,27726,2509474,0.308704,26082,3986109,0.490354,8129050
3,2021-04-12,83886,6290046,42404,3198274,32721,2843322,8761,248450,38207,1479244,0.18197,45457,2554931,0.314296,48066,4034175,0.496266,8129050
3,2021-04-13,105379,6395425,57099,3255373,48065,2891387,215,248665,55798,1486785,0.182898,49363,2604294,0.320369,56904,4091079,0.503267,8129050
3,2021-04-14,107570,6502995,58807,3314180,48666,2940053,97,248762,53608,1488249,0.183078,53689,2657983,0.326973,55153,4146232,0.510051,8129050
3,2021-04-15,119335,6622330,67163,3381343,52101,2992154,71,248833,64001,1498113,0.184291,55035,2713018,0.333744,64899,4211131,0.518035,8129050
3,2021-04-16,115383,6737713,64732,3446075,50556,3042710,95,248928,60364,1504518,0.185079,54730,2767748,0.340476,61135,4272266,0.525555,8129050
3,2021-04-17,78999,6816712,43249,3489324,35738,3078448,12,248940,44066,1514840,0.186349,34727,2802475,0.344748,45049,4317315,0.531097,8129050
3,2021-04-18,38472,6855184,23265,3512589,15204,3093652,3,248943,18197,1513737,0.186213,20179,2822654,0.34723,19076,4336391,0.533444,8129050
3,2021-04-19,79099,6934283,44087,3556676,34959,3128611,53,248996,35797,1506971,0.185381,43137,2865791,0.352537,36371,4372762,0.537918,8129050
3,2021-04-20,100716,7034999,52976,3609652,47724,3176335,16,249012,48966,1505472,0.185197,51514,2917305,0.358874,50015,4422777,0.544071,8129050
3,2021-04-21,105263,7140262,59064,3668716,46132,3222467,67,249079,49899,1501411,0.184697,55032,2972337,0.365644,50971,4473748,0.550341,8129050
3,2021-04-22,111041,7251303,62362,3731078,48659,3271126,20,249099,47868,1487418,0.182976,62851,3035188,0.373375,48858,4522606,0.556351,8129050
3,2021-04-23,105424,7356727,60307,3791385,45092,3316218,25,249124,46298,1475943,0.181564,58809,3093997,0.38061,47334,4569940,0.562174,8129050
3,2021-04-24,73052,7429779,45222,3836607,27766,3343984,64,249188,35665,1475523,0.181512,37141,3131138,0.385179,36721,4606661,0.566691,8129050
3,2021-04-25,36498,7466277,23390,3859997,13091,3357075,17,249205,18741,1477047,0.1817,17624,3148762,0.387347,19148,4625809,0.569047,8129050
3,2021-04-26,73374,7539651,41384,3901381,31587,3388662,403,249608,31428,1468533,0.180652,41701,3190463,0.392477,33187,4658996,0.573129,8129050
3,2021-04-27,90604,7630255,47542,3948923,41325,3429987,1737,251345,36051,1452838,0.178722,54266,3244729,0.399152,38571,4697567,0.577874,8129050
3,2021-04-28,86208,7716463,48904,3997827,35180,3465167,2124,253469,35367,1440297,0.177179,50577,3295306,0.405374,38036,4735603,0.582553,8129050
3,2021-04-29,88320,7804783,50498,4048325,35629,3500796,2193,255662,31570,1418104,0.174449,56451,3351757,0.412318,34258,4769861,0.586767,8129050
3,2021-04-30,89957,7894740,50753,4099078,36725,3537521,2479,258141,33513,1398432,0.172029,56147,3407904,0.419225,36475,4806336,0.591254,8129050
3,2021-05-01,54810,7949550,34475,4133553,18882,3556403,1453,259594,19747,1385250,0.170407,34867,3442771,0.423515,21685,4828021,0.593922,8129050
3,2021-05-02,26789,7976339,18276,4151829,7502,3563905,1011,260605,9827,1379304,0.169676,16884,3459655,0.425592,10938,4838959,0.595267,8129050
3,2021-05-03,59134,8035473,34547,4186376,22235,3586140,2352,262957,17373,1357627,0.167009,41585,3501240,0.430707,19908,4858867,0.597716,8129050
3,2021-05-04,77144,8112617,44578,4230954,29918,3616058,2648,265605,22468,1328630,0.163442,54405,3555645,0.4374,25408,4884275,0.600842,8129050
3,2021-05-05,78588,8191205,47187,4278141,28713,3644771,2688,268293,21874,1297040,0.159556,56417,3612062,0.44434,24827,4909102,0.603896,8129050
3,2021-05-06,82584,8273789,52130,4330271,27937,3672708,2517,270810,20619,1259202,0.154901,61526,3673588,0.451909,23688,4932790,0.60681,8129050
3,2021-05-07,81829,8355618,50944,4381215,28271,3700979,2614,273424,21766,1224134,0.150588,59742,3733330,0.459258,24674,4957464,0.609845,8129050
3,2021-05-08,51861,8407479,32243,4413458,17921,3718900,1697,275121,13802,1202079,0.147874,37816,3771146,0.46391,15761,4973225,0.611784,8129050
3,2021-05-09,20835,8428314,15249,4428707,4801,3723701,785,275906,5532,1193245,0.146788,15218,3786364,0.465782,6384,4979609,0.61257,8129050
3,2021-05-10,47607,8475921,25585,4454292,20124,3743825,1898,277804,11136,1170256,0.14396,36286,3822650,0.470246,13297,4992906,0.614205,8129050
3,2021-05-11,63524,8539445,35518,4489810,25800,3769625,2206,280010,16155,1141939,0.140476,47145,3869795,0.476045,18828,5011734,0.616521,8129050
3,2021-05-12,64216,8603661,36961,4526771,24864,3794489,2391,282401,16536,1113709,0.137004,47454,3917249,0.481883,19224,5030958,0.618886,8129050
3,2021-05-13,74492,8678153,47090,4573861,25509,3819998,1893,284294,27394,1096744,0.134917,46864,3964113,0.487648,29899,5060857,0.622564,8129050
3,2021-05-14,79509,8757662,50379,4624240,27007,3847005,2123,286417,30968,1082156,0.133122,48279,4012392,0.493587,33691,5094548,0.626709,8129050
3,2021-05-15,61595,8819257,42507,4666747,17884,3864889,1204,287621,25501,1073166,0.132016,35911,4048303,0.498004,26921,5121469,0.630021,8129050
3,2021-05-16,32609,8851866,24586,4691333,7337,3872226,686,288307,13282,1067998,0.13138,19222,4067525,0.500369,14054,5135523,0.631749,8129050
3,2021-05-17,56596,8908462,36021,4727354,18747,3890973,1828,290135,20929,1055543,0.129848,35414,4102939,0.504726,22959,5158482,0.634574,8129050
3,2021-05-18,64082,8972544,37928,4765282,24313,3915286,1841,291976,24221,1042392,0.12823,39603,4142542,0.509597,26452,5184934,0.637828,8129050
3,2021-05-19,63200,9035744,38526,4803808,22946,3938232,1728,293704,24674,1030770,0.126801,38294,4180836,0.514308,26672,5211606,0.641109,8129050
3,2021-05-20,60939,9096683,35717,4839525,23407,3961639,1815,295519,21988,1016234,0.125013,38686,4219522,0.519067,24150,5235756,0.64408,8129050
3,2021-05-21,65268,9161951,39704,4879229,23485,3985124,2079,297598,23439,1000503,0.123077,41543,4261065,0.524177,25812,5261568,0.647255,8129050
3,2021-05-22,45330,9207281,30039,4909268,13833,3998957,1458,299056,18939,994951,0.122394,26202,4287267,0.527401,20650,5282218,0.649795,8129050
3,2021-05-23,21229,9228510,14890,4924158,5692,4004649,647,299703,9094,992749,0.122124,12053,4299320,0.528883,9851,5292069,0.651007,8129050
3,2021-05-24,39241,9267751,22941,4947099,14562,4019211,1738,301441,14605,984835,0.12115,24463,4323783,0.531893,16549,5308618,0.653043,8129050
3,2021-05-25,42459,9310210,23911,4971010,16894,4036105,1654,303095,15134,974760,0.119911,27083,4350866,0.535224,17008,5325626,0.655135,8129050
3,2021-05-26,42082,9352292,24110,4995120,16262,4052367,1710,304805,15842,966479,0.118892,25963,4376829,0.538418,17682,5343308,0.65731,8129050
3,2021-05-27,39169,9391461,21957,5017077,15470,4067837,1742,306547,15450,960340,0.118137,23569,4400398,0.541318,17430,5360738,0.659454,8129050
3,2021-05-28,42479,9433940,24018,5041095,16680,4084517,1781,308328,17695,955541,0.117546,24599,4424997,0.544344,19800,5380538,0.66189,8129050
3,2021-05-29,23283,9457223,14211,5055306,8241,4092758,831,309159,10908,955141,0.117497,12259,4437256,0.545852,11859,5392397,0.663349,8129050
3,2021-05-30,10509,9467732,6811,5062117,3065,4095823,633,309792,4417,954206,0.117382,6025,4443281,0.546593,5090,5397487,0.663975,8129050
3,2021-05-31,4605,9472337,2654,5064771,1683,4097506,268,310060,1449,952823,0.117212,3127,4446408,0.546978,1744,5399231,0.66419,8129050
3,2021-06-01,37484,9509821,21596,5086367,14465,4111971,1423,311483,13134,943431,0.116057,24144,4470552,0.549948,14752,5413983,0.666004,8129050
3,2021-06-02,31350,9541171,17998,5104365,11938,4123909,1414,312897,11615,937047,0.115271,19536,4490088,0.552351,13152,5427135,0.667622,8129050
3,2021-06-03,39382,9580553,26937,5131302,11024,4134933,1421,314318,11477,922431,0.113473,27733,4517821,0.555762,13117,5440252,0.669236,8129050
3,2021-06-04,45923,9626476,32498,5163800,11896,4146829,1529,315847,13115,904896,0.111316,32581,4550402,0.55977,15046,5455298,0.671087,8129050
3,2021-06-05,34070,9660546,25689,5189489,7203,4154032,1178,317025,8693,889767,0.109455,25179,4575581,0.562868,10050,5465348,0.672323,8129050
3,2021-06-06,14430,9674976,12042,5201531,1810,4155842,578,317603,3699,883527,0.108688,10677,4586258,0.564181,4437,5469785,0.672869,8129050
3,2021-06-07,30167,9705143,21935,5223466,6968,4162810,1264,318867,8673,872223,0.107297,21361,4607619,0.566809,10057,5479842,0.674106,8129050
3,2021-06-08,34169,9739312,24542,5248008,8347,4171157,1280,320147,9960,859670,0.105753,23999,4631618,0.569761,11446,5491288,0.675514,8129050
3,2021-06-09,32749,9772061,23762,5271770,7705,4178862,1282,321429,8844,846211,0.104097,23742,4655360,0.572682,10283,5501571,0.676779,8129050
3,2021-06-10,32246,9804307,23278,5295048,7446,4186308,1522,322951,9006,833827,0.102574,23102,4678462,0.575524,10718,5512289,0.678098,8129050
3,2021-06-11,35175,9839482,24839,5319887,8982,4195290,1354,324305,10456,821279,0.10103,24534,4702996,0.578542,11986,5524275,0.679572,8129050
3,2021-06-12,25009,9864491,18855,5338742,5259,4200549,895,325200,6713,810848,0.099747,18184,4721180,0.580779,7753,5532028,0.680526,8129050
3,2021-06-13,10032,9874523,7490,5346232,2050,4202599,492,325692,2332,806088,0.099161,7652,4728832,0.58172,2892,5534920,0.680882,8129050
3,2021-06-14,25602,9900125,18321,5364553,5882,4208481,1399,327091,8053,798251,0.098197,17424,4746256,0.583864,9587,5544507,0.682061,8129050
3,2021-06-15,28485,9928610,19294,5383847,7708,4216189,1483,328574,9675,790971,0.097302,18595,4764851,0.586151,11315,5555822,0.683453,8129050
3,2021-06-16,25508,9954118,18067,5401914,6058,4222247,1383,329957,8665,784498,0.096505,16674,4781525,0.588202,10201,5566023,0.684708,8129050
3,2021-06-17,24339,9978457,17536,5419450,5663,4227910,1140,331097,8537,778656,0.095787,15654,4797179,0.590128,9812,5575835,0.685915,8129050
3,2021-06-18,27376,10005833,19422,5438872,6558,4234468,1396,332493,9694,772431,0.095021,17474,4814653,0.592277,11249,5587084,0.687299,8129050
3,2021-06-19,15642,10021475,11527,5450399,3354,4237822,761,333254,5666,769124,0.094614,9839,4824492,0.593488,6532,5593616,0.688102,8129050
3,2021-06-20,6825,10028300,5127,5455526,1401,4239223,297,333551,2599,767894,0.094463,4178,4828670,0.594002,2948,5596564,0.688465,8129050
3,2021-06-21,15892,10044192,10117,5465643,4530,4243753,1245,334796,8025,769499,0.09466,7785,4836455,0.594959,9390,5605954,0.68962,8129050
3,2021-06-22,21590,10065782,15260,5480903,5240,4248993,1090,335886,8201,765659,0.094188,13278,4849733,0.596593,9438,5615392,0.690781,8129050
3,2021-06-23,19390,10085172,13773,5494676,4549,4253542,1068,336954,7818,763212,0.093887,11472,4861205,0.598004,9025,5624417,0.691891,8129050
3,2021-06-24,18682,10103854,13185,5507861,4403,4257945,1094,338048,7348,760551,0.09356,11214,4872419,0.599384,8553,5632970,0.692943,8129050
3,2021-06-25,21825,10125679,15664,5523525,5007,4262952,1154,339202,8590,757289,0.093158,13124,4885543,0.600998,9862,5642832,0.694156,8129050
3,2021-06-26,8942,10134621,6576,5530101,1897,4264849,469,339671,3531,755971,0.092996,5370,4890913,0.601659,4052,5646884,0.694655,8129050
4,2020-12-15,454,454,454,454,0,0,0,0,454,454,5.6e-05,0,0,0.0,454,454,5.6e-05,8037679
4,2020-12-16,3006,3460,3006,3460,0,0,0,0,3006,3460,0.00043,0,0,0.0,3006,3460,0.00043,8037679
4,2020-12-17,8894,12354,8894,12354,0,0,0,0,8894,12354,0.001537,0,0,0.0,8894,12354,0.001537,8037679
4,2020-12-18,16115,28469,16104,28458,11,11,0,0,16115,28469,0.003542,0,0,0.0,16115,28469,0.003542,8037679
4,2020-12-19,10347,38816,10338,38796,9,20,0,0,10282,38751,0.004821,0,0,0.0,10282,38751,0.004821,8037679
4,2020-12-20,7392,46208,7385,46181,7,27,0,0,7347,46098,0.005735,0,0,0.0,7347,46098,0.005735,8037679
4,2020-12-21,16352,62560,16326,62507,26,53,0,0,16286,62383,0.007761,1,1,0.0,16286,62384,0.007761,8037679
4,2020-12-22,17164,79724,16428,78935,736,789,0,0,17116,79496,0.00989,3,4,0.0,17116,79500,0.009891,8037679
4,2020-12-23,17066,96790,14360,93295,2706,3495,0,0,17034,96528,0.012009,2,6,1e-06,17034,96534,0.01201,8037679
4,2020-12-24,8522,105312,5951,99246,2571,6066,0,0,8521,105048,0.013069,1,7,1e-06,8521,105055,0.01307,8037679
4,2020-12-25,905,106217,799,100045,106,6172,0,0,905,105953,0.013182,0,7,1e-06,905,105960,0.013183,8037679
4,2020-12-26,6164,112381,3887,103932,2277,8449,0,0,6164,112117,0.013949,0,7,1e-06,6164,112124,0.01395,8037679
4,2020-12-27,3433,115814,2000,105932,1433,9882,0,0,3433,115550,0.014376,0,7,1e-06,3433,115557,0.014377,8037679
4,2020-12-28,15078,130892,9315,115247,5763,15645,0,0,15050,130599,0.016248,1,8,1e-06,15050,130607,0.016249,8037679
4,2020-12-29,15341,146233,8499,123746,6842,22487,0,0,15307,145906,0.018153,0,8,1e-06,15307,145914,0.018154,8037679
4,2020-12-30,18911,165144,11063,134809,7848,30335,0,0,18900,164804,0.020504,2,10,1e-06,18900,164814,0.020505,8037679
4,2020-12-31,8253,173397,3340,138149,4913,35248,0,0,8241,173036,0.021528,9,19,2e-06,8241,173055,0.02153,8037679
4,2021-01-01,1476,174873,650,138799,826,36074,0,0,1474,174508,0.021711,2,21,3e-06,1474,174529,0.021714,8037679
4,2021-01-02,5711,180584,3222,142021,2489,38563,0,0,5710,180217,0.022422,1,22,3e-06,5710,180239,0.022424,8037679
4,2021-01-03,2135,182719,1264,143285,871,39434,0,0,2119,182332,0.022685,4,26,3e-06,2119,182358,0.022688,8037679
4,2021-01-04,12918,195637,6994,150279,5924,45358,0,0,12870,195173,0.024282,29,55,7e-06,12870,195228,0.024289,8037679
4,2021-01-05,16869,212506,9991,160270,6878,52236,0,0,14684,207711,0.025842,2159,2214,0.000275,14697,209925,0.026118,8037679
4,2021-01-06,21561,234067,13215,173485,8346,60582,0,0,15501,217219,0.027025,6007,8221,0.001023,15515,225440,0.028048,8037679
4,2021-01-07,27900,261967,16999,190484,10901,71483,0,0,16677,222751,0.027713,11163,19384,0.002412,16695,242135,0.030125,8037679
4,2021-01-08,32751,294718,21016,211500,11735,83218,0,0,18264,226619,0.028195,14415,33799,0.004205,18283,260418,0.0324,8037679
4,2021-01-09,16267,310985,9629,221129,6638,89856,0,0,9452,229292,0.028527,6790,40589,0.00505,9463,269881,0.033577,8037679
4,2021-01-10,8744,319729,5648,226777,3096,92952,0,0,4129,228836,0.02847,4593,45182,0.005621,4137,274018,0.034092,8037679
4,2021-01-11,33394,353123,21889,248666,11505,104457,0,0,18820,233168,0.029009,14531,59713,0.007429,18863,292881,0.036439,8037679
4,2021-01-12,38523,391646,22222,270888,16301,120758,0,0,24225,243207,0.030258,14226,73939,0.009199,24265,317146,0.039457,8037679
4,2021-01-13,38684,430330,19095,289983,19589,140347,0,0,27307,259223,0.032251,11320,85259,0.010607,27336,344482,0.042858,8037679
4,2021-01-14,39171,469501,15029,305012,24142,164489,0,0,31994,284122,0.035349,7125,92384,0.011494,32024,376506,0.046843,8037679
4,2021-01-15,45306,514807,15729,320741,29577,194066,0,0,39671,318239,0.039593,5576,97960,0.012188,39693,416199,0.051781,8037679
4,2021-01-16,28664,543471,9377,330118,19287,213353,0,0,25513,340658,0.042383,3112,101072,0.012575,25531,441730,0.054957,8037679
4,2021-01-17,19050,562521,6670,336788,12380,225733,0,0,17520,356690,0.044377,1502,102574,0.012762,17534,459264,0.057139,8037679
4,2021-01-18,29444,591965,13641,350429,15803,241536,0,0,23439,374241,0.046561,5914,108488,0.013497,23465,482729,0.060058,8037679
4,2021-01-19,46103,638068,23175,373604,22928,264464,0,0,36734,401736,0.049982,9313,117801,0.014656,36808,519537,0.064638,8037679
4,2021-01-20,51916,689984,27501,401105,24415,288879,0,0,41452,432883,0.053857,10365,128166,0.015946,41512,561049,0.069802,8037679
4,2021-01-21,56670,746654,25020,426125,31650,320529,0,0,50196,476717,0.05931,6405,134571,0.016743,50239,611288,0.076053,8037679
4,2021-01-22,55211,801865,22129,448254,33082,353611,0,0,50081,521791,0.064918,5034,139605,0.017369,50108,661396,0.082287,8037679
4,2021-01-23,39647,841512,17408,465662,22239,375850,0,0,35310,552802,0.068776,4328,143933,0.017907,35339,696735,0.086684,8037679
4,2021-01-24,23939,865451,10471,476133,13468,389318,0,0,22040,572969,0.071285,1890,145823,0.018142,22057,718792,0.089428,8037679
4,2021-01-25,47930,913381,22102,498235,25828,415146,0,0,36819,598766,0.074495,11077,156900,0.019521,36874,755666,0.094015,8037679
4,2021-01-26,56770,970151,28899,527134,27871,443017,0,0,44509,631129,0.078521,12206,169106,0.021039,44569,800235,0.09956,8037679
4,2021-01-27,56135,1026286,26686,553820,29449,472466,0,0,45140,665401,0.082785,10920,180026,0.022398,45192,845427,0.105183,8037679
4,2021-01-28,56496,1082782,25478,579298,31018,503484,0,0,46501,702038,0.087343,9909,189935,0.023631,46546,891973,0.110974,8037679
4,2021-01-29,56464,1139246,27055,606353,29409,532893,0,0,46082,737921,0.091808,10232,200167,0.024904,46115,938088,0.116711,8037679
4,2021-01-30,38002,1177248,17123,623476,20879,553772,0,0,32649,765296,0.095214,5298,205465,0.025563,32673,970761,0.120776,8037679
4,2021-01-31,23836,1201084,12473,635949,11363,565135,0,0,22211,785919,0.097779,1605,207070,0.025762,22228,992989,0.123542,8037679
4,2021-02-01,49730,1250814,24028,659977,25702,590837,0,0,38067,812407,0.101075,11619,218689,0.027208,38107,1031096,0.128283,8037679
4,2021-02-02,55482,1306296,25526,685503,29956,620793,0,0,42616,842268,0.10479,12798,231487,0.0288,42659,1073755,0.13359,8037679
4,2021-02-03,62049,1368345,30449,715952,31600,652393,0,0,47761,875909,0.108975,14175,245662,0.030564,47816,1121571,0.139539,8037679
4,2021-02-04,67626,1435971,31482,747434,36144,688537,0,0,50863,910267,0.11325,16609,262271,0.03263,50967,1172538,0.14588,8037679
4,2021-02-05,73025,1508996,33791,781225,39234,727771,0,0,50947,939528,0.11689,21822,284093,0.035345,51083,1223621,0.152236,8037679
4,2021-02-06,48212,1557208,26119,807344,22093,749864,0,0,36711,964975,0.120056,11464,295557,0.036771,36911,1260532,0.156828,8037679
4,2021-02-07,26361,1583569,17388,824732,8973,758837,0,0,19974,978826,0.12178,6359,301916,0.037563,20210,1280742,0.159342,8037679
4,2021-02-08,58465,1642034,30062,854794,28403,787240,0,0,38018,996788,0.124014,20317,322233,0.04009,38279,1319021,0.164105,8037679
4,2021-02-09,67141,1709175,34160,888954,32981,820221,0,0,39390,1008912,0.125523,27671,349904,0.043533,39795,1358816,0.169056,8037679
4,2021-02-10,77355,1786530,38665,927619,38690,858911,0,0,41030,1014401,0.126206,36087,385991,0.048023,41576,1400392,0.174228,8037679
4,2021-02-11,81199,1867729,42325,969944,38874,897785,0,0,41941,1017981,0.126651,39029,425020,0.052878,42609,1443001,0.17953,8037679
4,2021-02-12,84494,1952223,37869,1007813,46625,944410,0,0,43487,1021462,0.127084,40798,465818,0.057954,44279,1487280,0.185038,8037679
4,2021-02-13,58615,2010838,29758,1037571,28857,973267,0,0,29857,1023592,0.127349,28628,494446,0.061516,30758,1518038,0.188865,8037679
4,2021-02-14,36767,2047605,19076,1056647,17691,990958,0,0,18855,1025247,0.127555,17858,512304,0.063738,19513,1537551,0.191293,8037679
4,2021-02-15,46168,2093773,21609,1078256,24559,1015517,0,0,23743,1027812,0.127874,22356,534660,0.066519,24921,1562472,0.194393,8037679
4,2021-02-16,79955,2173728,36618,1114874,43337,1058854,0,0,40720,1030621,0.128224,39133,573793,0.071388,41942,1604414,0.199612,8037679
4,2021-02-17,81297,2255025,38384,1153258,42913,1101767,0,0,38699,1028021,0.1279,42427,616220,0.076666,39827,1644241,0.204567,8037679
4,2021-02-18,83158,2338183,45725,1198983,37433,1139200,0,0,38480,1023470,0.127334,44511,660731,0.082204,39960,1684201,0.209538,8037679
4,2021-02-19,82474,2420657,51859,1250842,30615,1169815,0,0,41279,1024391,0.127449,41049,701780,0.087311,41970,1726171,0.21476,8037679
4,2021-02-20,48977,2469634,32654,1283496,16323,1186138,0,0,26765,1029704,0.12811,22146,723926,0.090067,27459,1753630,0.218176,8037679
4,2021-02-21,29312,2498946,23543,1307039,5769,1191907,0,0,14127,1028997,0.128022,15119,739045,0.091948,14412,1768042,0.219969,8037679
4,2021-02-22,53086,2552032,36447,1343486,16639,1208546,0,0,25765,1027986,0.127896,27223,766268,0.095334,26212,1794254,0.22323,8037679
4,2021-02-23,73894,2625926,40936,1384422,32958,1241504,0,0,32553,1021010,0.127028,41203,807471,0.100461,34227,1828481,0.227489,8037679
4,2021-02-24,88615,2714541,46768,1431190,41847,1283351,0,0,40061,1014882,0.126266,48345,855816,0.106476,42217,1870698,0.232741,8037679
4,2021-02-25,99814,2814355,52096,1483286,47718,1331069,0,0,47848,1013483,0.126091,51810,907626,0.112921,50411,1921109,0.239013,8037679
4,2021-02-26,106310,2920665,53670,1536956,52640,1383709,0,0,54521,1018799,0.126753,51559,959185,0.119336,56875,1977984,0.246089,8037679
4,2021-02-27,76953,2997618,41899,1578855,35047,1418756,7,7,41330,1026131,0.127665,35482,994667,0.123751,42814,2020798,0.251416,8037679
4,2021-02-28,47367,3044985,29386,1608241,17974,1436730,7,14,26538,1032879,0.128505,20682,1015349,0.126324,27430,2048228,0.254828,8037679
4,2021-03-01,77716,3122701,45626,1653867,32053,1468783,37,51,42931,1042510,0.129703,34528,1049877,0.130619,44159,2092387,0.260322,8037679
4,2021-03-02,85088,3207789,48964,1702831,36116,1504899,8,59,50349,1060080,0.131889,34577,1084454,0.134921,52147,2144534,0.26681,8037679
4,2021-03-03,100174,3307963,53313,1756144,46847,1551746,14,73,56007,1073907,0.133609,43962,1128416,0.140391,57789,2202323,0.274,8037679
4,2021-03-04,97000,3404963,53822,1809966,43160,1594906,18,91,53406,1085724,0.135079,43383,1171799,0.145788,55200,2257523,0.280868,8037679
4,2021-03-05,94333,3499296,50924,1860890,43094,1638000,315,406,55992,1105826,0.13758,38133,1209932,0.150533,58235,2315758,0.288113,8037679
4,2021-03-06,76149,3575445,42928,1903818,30604,1668604,2617,3023,46857,1127463,0.140272,29179,1239111,0.154163,50816,2366574,0.294435,8037679
4,2021-03-07,42661,3618106,27250,1931068,14224,1682828,1187,4210,25611,1138360,0.141628,16986,1256097,0.156276,27883,2394457,0.297904,8037679
4,2021-03-08,66485,3684591,34892,1965960,28401,1711229,3192,7402,43930,1164387,0.144866,22434,1278531,0.159067,48461,2442918,0.303933,8037679
4,2021-03-09,81159,3765750,41169,2007129,34855,1746084,5135,12537,43832,1177305,0.146473,37165,1315696,0.163691,50083,2493001,0.310164,8037679
4,2021-03-10,90968,3856718,46967,2054096,36571,1782655,7430,19967,45963,1186829,0.147658,44837,1360533,0.169269,54361,2547362,0.316928,8037679
4,2021-03-11,100532,3957250,52858,2106954,39283,1821938,8391,28358,46504,1189043,0.147934,53804,1414337,0.175963,56018,2603380,0.323897,8037679
4,2021-03-12,104518,4061768,51551,2158505,42711,1864649,10256,38614,44650,1185306,0.147469,59621,1473958,0.183381,55884,2659264,0.33085,8037679
4,2021-03-13,81090,4142858,37819,2196324,34867,1899516,8404,47018,38130,1190144,0.148071,42837,1516795,0.188711,47675,2706939,0.336781,8037679
4,2021-03-14,49578,4192436,28387,2224711,17568,1917084,3623,50641,23271,1191455,0.148234,26220,1543015,0.191973,27531,2734470,0.340206,8037679
4,2021-03-15,83602,4276038,45010,2269721,34346,1951430,4246,54887,42694,1198551,0.149117,40691,1583706,0.197035,47787,2782257,0.346152,8037679
4,2021-03-16,107556,4383594,55921,2325642,48239,1999669,3396,58283,57141,1209597,0.150491,50195,1633901,0.20328,61241,2843498,0.353771,8037679
4,2021-03-17,106700,4490294,57544,2383186,45666,2045335,3490,61773,62702,1232605,0.153353,43750,1677651,0.208723,66758,2910256,0.362077,8037679
4,2021-03-18,106997,4597291,59357,2442543,43957,2089292,3683,65456,61027,1252043,0.155772,45709,1723360,0.21441,65147,2975403,0.370182,8037679
4,2021-03-19,111404,4708695,64112,2506655,42107,2131399,5185,70641,63742,1273944,0.158497,47431,1770791,0.220311,69332,3044735,0.378808,8037679
4,2021-03-20,83476,4792171,49012,2555667,31469,2162868,2995,73636,51284,1296482,0.161301,32057,1802848,0.2243,54595,3099330,0.3856,8037679
4,2021-03-21,48104,4840275,34926,2590593,10921,2173789,2257,75893,28502,1308111,0.162747,19488,1822336,0.226724,31117,3130447,0.389472,8037679
4,2021-03-22,82393,4922668,53870,2644463,25790,2199579,2733,78626,51364,1332115,0.165734,30812,1853148,0.230558,54816,3185263,0.396291,8037679
4,2021-03-23,104757,5027425,62721,2707184,39881,2239460,2155,80781,62615,1355547,0.168649,41881,1895029,0.235768,65313,3250576,0.404417,8037679
4,2021-03-24,113386,5140811,73208,2780392,37769,2277229,2409,83190,64167,1373779,0.170917,48804,1943833,0.24184,67036,3317612,0.412757,8037679
4,2021-03-25,116949,5257760,72015,2852407,42546,2319775,2388,85578,67148,1394454,0.17349,49344,1993177,0.247979,70019,3387631,0.421469,8037679
4,2021-03-26,119597,5377357,72618,2925025,43942,2363717,3037,88615,65656,1410143,0.175442,53603,2046780,0.254648,69292,3456923,0.43009,8037679
4,2021-03-27,91532,5468889,54243,2979268,35503,2399220,1786,90401,46426,1413975,0.175918,44868,2091648,0.26023,48700,3505623,0.436149,8037679
4,2021-03-28,55590,5524479,36728,3015996,17994,2417214,868,91269,29634,1419005,0.176544,25805,2117453,0.263441,30835,3536458,0.439985,8037679
4,2021-03-29,93463,5617942,56026,3072022,35360,2452574,2077,93346,50807,1430018,0.177914,42427,2159880,0.268719,53440,3589898,0.446634,8037679
4,2021-03-30,117027,5734969,63832,3135854,49033,2501607,4162,97508,69600,1457002,0.181271,47215,2207095,0.274594,74199,3664097,0.455865,8037679
4,2021-03-31,120909,5855878,71365,3207219,43222,2544829,6322,103830,67905,1478774,0.18398,52673,2259768,0.281147,74445,3738542,0.465127,8037679
4,2021-04-01,142351,5998229,81230,3288449,47917,2592746,13204,117034,83952,1518163,0.188881,57988,2317756,0.288361,97377,3835919,0.477242,8037679
4,2021-04-02,136483,6134712,72959,3361408,49983,2642729,13541,130575,79050,1553951,0.193333,57151,2374907,0.295472,92939,3928858,0.488805,8037679
4,2021-04-03,101139,6235851,54082,3415490,33672,2676401,13385,143960,52699,1572059,0.195586,48247,2423154,0.301474,66355,3995213,0.497061,8037679
4,2021-04-04,46832,6282683,24720,3440210,14597,2690998,7515,151475,20435,1573758,0.195798,26293,2449447,0.304746,27992,4023205,0.500543,8037679
4,2021-04-05,109187,6391870,61432,3501642,34985,2725983,12770,164245,57024,1592183,0.19809,51969,2501416,0.311211,70394,4093599,0.509301,8037679
4,2021-04-06,138671,6530541,78066,3579708,40885,2766868,19720,183965,72162,1618420,0.201354,66285,2567701,0.319458,92522,4186121,0.520812,8037679
4,2021-04-07,137342,6667883,77854,3657562,38801,2805669,20687,204652,71202,1644734,0.204628,65899,2633600,0.327657,92213,4278334,0.532285,8037679
4,2021-04-08,139865,6807748,77986,3735548,36468,2842137,25411,230063,69565,1670341,0.207814,70019,2703619,0.336368,95626,4373960,0.544182,8037679
4,2021-04-09,137490,6945238,75499,3811047,39057,2881194,22934,252997,65686,1688426,0.210064,71588,2775207,0.345275,89673,4463633,0.555339,8037679
4,2021-04-10,103221,7048459,51181,3862228,33213,2914407,18827,271824,46430,1698169,0.211276,56584,2831791,0.352315,66327,4529960,0.563591,8037679
4,2021-04-11,62326,7110785,38022,3900250,13147,2927554,11157,282981,27355,1702903,0.211865,34873,2866664,0.356653,39607,4569567,0.568518,8037679
4,2021-04-12,102664,7213449,62443,3962693,30094,2957648,10127,293108,51779,1715436,0.213424,50598,2917262,0.362948,63131,4632698,0.576373,8037679
4,2021-04-13,130165,7343614,81664,4044357,48337,3005985,164,293272,78007,1742586,0.216802,51882,2969144,0.369403,79032,4711730,0.586205,8037679
4,2021-04-14,135325,7478939,86240,4130597,49010,3054995,75,293347,74986,1758858,0.218827,60018,3029162,0.37687,76290,4788020,0.595697,8037679
4,2021-04-15,156042,7634981,103898,4234495,52080,3107075,64,293411,95870,1795726,0.223414,59827,3088989,0.384314,96695,4884715,0.607727,8037679
4,2021-04-16,143387,7778368,90935,4325430,52374,3159449,78,293489,83488,1820402,0.226484,59611,3148600,0.39173,84287,4969002,0.618214,8037679
4,2021-04-17,100828,7879196,63680,4389110,37124,3196573,24,293513,59206,1839422,0.22885,41358,3189958,0.396876,60378,5029380,0.625725,8037679
4,2021-04-18,56248,7935444,38234,4427344,18011,3214584,3,293516,31972,1848196,0.229942,24156,3214114,0.399881,32930,5062310,0.629822,8037679
4,2021-04-19,101261,8036705,66772,4494116,34471,3249055,18,293534,51771,1851327,0.230331,49258,3263372,0.406009,52389,5114699,0.63634,8037679
4,2021-04-20,131382,8168087,78365,4572481,53001,3302056,16,293550,68681,1858690,0.231247,62411,3325783,0.413774,69774,5184473,0.645021,8037679
4,2021-04-21,133660,8301747,87284,4659765,46323,3348379,53,293603,67606,1861713,0.231623,65693,3391476,0.421947,68716,5253189,0.65357,8037679
4,2021-04-22,140333,8442080,93200,4752965,47111,3395490,22,293625,62928,1848723,0.230007,77061,3468537,0.431535,64071,5317260,0.661542,8037679
4,2021-04-23,133872,8575952,87218,4840183,46631,3442121,23,293648,58232,1832853,0.228033,75316,3543853,0.440905,59446,5376706,0.668938,8037679
4,2021-04-24,97415,8673367,66059,4906242,31306,3473427,50,293698,44818,1826464,0.227238,52323,3596176,0.447415,45934,5422640,0.674652,8037679
4,2021-04-25,49609,8722976,35261,4941503,14323,3487750,25,293723,26195,1829847,0.227659,23279,3619455,0.450311,26662,5449302,0.67797,8037679
4,2021-04-26,91455,8814431,59961,5001464,31097,3518847,397,294120,36067,1812544,0.225506,55106,3674561,0.457167,37803,5487105,0.682673,8037679
4,2021-04-27,113245,8927676,69200,5070664,41743,3560590,2302,296422,40913,1784524,0.22202,72036,3746597,0.466129,44016,5531121,0.688149,8037679
4,2021-04-28,103468,9031144,67610,5138274,33349,3593939,2509,298931,38004,1760527,0.219034,65175,3811772,0.474238,41178,5572299,0.693272,8037679
4,2021-04-29,104927,9136071,67043,5205317,35366,3629305,2518,301449,34014,1727074,0.214872,70595,3882367,0.483021,37142,5609441,0.697893,8037679
4,2021-04-30,104532,9240603,66289,5271606,35572,3664877,2671,304120,36038,1698309,0.211293,68139,3950506,0.491498,39374,5648815,0.702792,8037679
4,2021-05-01,68778,9309381,45743,5317349,21283,3686160,1752,305872,19998,1672146,0.208038,48554,3999060,0.497539,22391,5671206,0.705578,8037679
4,2021-05-02,37389,9346770,26532,5343881,9578,3695738,1279,307151,10496,1657279,0.206189,26786,4025846,0.500872,11919,5683125,0.70706,8037679
4,2021-05-03,78164,9424934,54409,5398290,21296,3717034,2459,309610,19169,1620516,0.201615,58760,4084606,0.508182,21997,5705122,0.709797,8037679
4,2021-05-04,100654,9525588,68907,5467197,28995,3746029,2752,312362,22709,1568683,0.195166,77682,4162288,0.517847,25849,5730971,0.713013,8037679
4,2021-05-05,101351,9626939,71477,5538674,27155,3773184,2719,315081,22052,1514761,0.188458,78983,4241271,0.527674,25061,5756032,0.716131,8037679
4,2021-05-06,110921,9737860,83143,5621817,24855,3798039,2923,318004,19673,1447673,0.180111,90807,4332078,0.538971,23719,5779751,0.719082,8037679
4,2021-05-07,104056,9841916,74849,5696666,26531,3824570,2676,320680,20594,1388236,0.172716,83123,4415201,0.549313,23686,5803437,0.722029,8037679
4,2021-05-08,68658,9910574,47635,5744301,19102,3843672,1921,322601,13679,1349429,0.167888,54764,4469965,0.556126,15957,5819394,0.724014,8037679
4,2021-05-09,34041,9944615,27881,5772182,5222,3848894,938,323539,7502,1331527,0.165661,26437,4496402,0.559415,8535,5827929,0.725076,8037679
4,2021-05-10,64393,10009008,43118,5815300,18967,3867861,2308,325847,11009,1291965,0.160739,53194,4549596,0.566034,13632,5841561,0.726772,8037679
4,2021-05-11,82041,10091049,51223,5866523,28642,3896503,2176,328023,15822,1244463,0.154829,66000,4615596,0.574245,18498,5860059,0.729074,8037679
4,2021-05-12,79048,10170097,52666,5919189,23889,3920392,2493,330516,16658,1201869,0.149529,62122,4677718,0.581974,19528,5879587,0.731503,8037679
4,2021-05-13,103746,10273843,76484,5995673,25742,3946134,1520,332036,40299,1181555,0.147002,63140,4740858,0.589829,42826,5922413,0.736831,8037679
4,2021-05-14,104041,10377884,73544,6069217,28370,3974504,2127,334163,40122,1160699,0.144407,63631,4804489,0.597746,42775,5965188,0.742153,8037679
4,2021-05-15,84913,10462797,65682,6134899,17911,3992415,1320,335483,37514,1152650,0.143406,47173,4851662,0.603615,39124,6004312,0.747021,8037679
4,2021-05-16,50598,10513395,41207,6176106,8682,4001097,709,336192,20890,1144814,0.142431,29572,4881234,0.607294,21736,6026048,0.749725,8037679
4,2021-05-17,70703,10584098,51676,6227782,17185,4018282,1842,338034,27987,1132341,0.140879,42526,4923760,0.612585,30053,6056101,0.753464,8037679
4,2021-05-18,81148,10665246,52817,6280599,26589,4044871,1742,339776,29082,1111806,0.138324,51720,4975480,0.619019,31185,6087286,0.757344,8037679
4,2021-05-19,76149,10741395,51529,6332128,22678,4067549,1942,341718,30750,1099645,0.136811,45137,5020617,0.624635,32976,6120262,0.761446,8037679
4,2021-05-20,68310,10809705,43877,6376005,22446,4089995,1987,343705,25312,1084555,0.134934,42729,5063346,0.629951,27639,6147901,0.764885,8037679
4,2021-05-21,73024,10882729,48199,6424204,22965,4112960,1860,345565,25817,1065557,0.13257,46938,5110284,0.635791,27940,6175841,0.768361,8037679
4,2021-05-22,49328,10932057,34605,6458809,13444,4126404,1279,346844,21483,1060837,0.131983,27699,5137983,0.639237,22979,6198820,0.77122,8037679
4,2021-05-23,23429,10955486,16941,6475750,5770,4132174,718,347562,9676,1057705,0.131593,13634,5151617,0.640933,10502,6209322,0.772527,8037679
4,2021-05-24,42827,10998313,27268,6503018,12569,4144743,2990,350552,15026,1048323,0.130426,27599,5179216,0.644367,18217,6227539,0.774793,8037679
4,2021-05-25,44656,11042969,27764,6530782,14080,4158823,2812,353364,15865,1038657,0.129223,28575,5207791,0.647922,18909,6246448,0.777146,8037679
4,2021-05-26,44256,11087225,26587,6557369,15082,4173905,2587,355951,15761,1028879,0.128007,28299,5236090,0.651443,18521,6264969,0.77945,8037679
4,2021-05-27,38669,11125894,23247,6580616,12299,4186204,3123,359074,14584,1022850,0.127257,23905,5259995,0.654417,17876,6282845,0.781674,8037679
4,2021-05-28,43029,11168923,27446,6608062,13989,4200193,1594,360668,18797,1019464,0.126836,24001,5283996,0.657403,20615,6303460,0.784239,8037679
4,2021-05-29,23474,11192397,15275,6623337,7265,4207458,934,361602,10816,1018803,0.126753,12541,5296537,0.658963,11880,6315340,0.785717,8037679
4,2021-05-30,11919,11204316,8367,6631704,3028,4210486,524,362126,4965,1017461,0.126586,6899,5303436,0.659822,5557,6320897,0.786408,8037679
4,2021-05-31,3535,11207851,2245,6633949,1132,4211618,158,362284,1131,1016400,0.126454,2372,5305808,0.660117,1311,6322208,0.786571,8037679
4,2021-06-01,39228,11247079,24395,6658344,12394,4224012,2439,364723,13011,1006044,0.125166,26023,5331831,0.663355,15667,6337875,0.788521,8037679
4,2021-06-02,32328,11279407,20209,6678553,9340,4233352,2779,367502,10817,998442,0.12422,21346,5353177,0.66601,13744,6351619,0.79023,8037679
4,2021-06-03,47750,11327157,36637,6715190,8663,4242015,2450,369952,10378,974350,0.121223,37225,5390402,0.670642,13133,6364752,0.791864,8037679
4,2021-06-04,54436,11381593,43837,6759027,9281,4251296,1318,371270,12791,947830,0.117923,41429,5431831,0.675796,14909,6379661,0.793719,8037679
4,2021-06-05,44404,11425997,38032,6797059,5379,4256675,993,372263,8728,922295,0.114746,35530,5467361,0.680216,9995,6389656,0.794963,8037679
4,2021-06-06,21005,11447002,18742,6815801,1707,4258382,556,372819,3984,910296,0.113254,16922,5484283,0.682322,4923,6394579,0.795575,8037679
4,2021-06-07,38410,11485412,31086,6846887,5416,4263798,1908,374727,8424,891037,0.110858,29863,5514146,0.686037,10604,6405183,0.796895,8037679
4,2021-06-08,40272,11525684,31615,6878502,6130,4269928,2527,377254,9463,872729,0.10858,30631,5544777,0.689848,12323,6417506,0.798428,8037679
4,2021-06-09,38679,11564363,30675,6909177,5654,4275582,2350,379604,7942,852800,0.1061,30576,5575353,0.693652,10647,6428153,0.799752,8037679
4,2021-06-10,36886,11601249,29079,6938256,5204,4280786,2603,382207,8567,836059,0.104017,28172,5603525,0.697157,11431,6439584,0.801175,8037679
4,2021-06-11,37994,11639243,29838,6968094,6147,4286933,2009,384216,9849,820263,0.102052,27998,5631523,0.70064,12202,6451786,0.802693,8037679
4,2021-06-12,26348,11665591,21942,6990036,3699,4290632,707,384923,6091,807118,0.100417,20156,5651679,0.703148,7011,6458797,0.803565,8037679
4,2021-06-13,10725,11676316,8464,6998500,1786,4292418,475,385398,2276,801581,0.099728,8392,5660071,0.704192,2855,6461652,0.80392,8037679
4,2021-06-14,28376,11704692,21239,7019739,4346,4296764,2791,388189,7760,791861,0.098519,20487,5680558,0.706741,10767,6472419,0.80526,8037679
4,2021-06-15,29724,11734416,21034,7040773,5299,4302063,3391,391580,8289,782491,0.097353,21299,5701857,0.709391,11929,6484348,0.806744,8037679
4,2021-06-16,26300,11760716,19809,7060582,3896,4305959,2595,394175,8022,775194,0.096445,18117,5719974,0.711645,10820,6495168,0.80809,8037679
4,2021-06-17,24747,11785463,18316,7078898,3626,4309585,2805,396980,7534,768680,0.095635,17034,5737008,0.713764,10520,6505688,0.809399,8037679
4,2021-06-18,26245,11811708,20707,7099605,4351,4313936,1187,398167,8148,760360,0.094599,17903,5754911,0.715992,9583,6515271,0.810591,8037679
4,2021-06-19,15572,11827280,12616,7112221,2280,4316216,676,398843,5024,755824,0.094035,10401,5765312,0.717286,5865,6521136,0.811321,8037679
4,2021-06-20,7331,11834611,6042,7118263,983,4317199,306,399149,2625,754182,0.093831,4650,5769962,0.717864,3008,6524144,0.811695,8037679
4,2021-06-21,14333,11848944,10394,7128657,2838,4320037,1101,400250,7290,755760,0.094027,6969,5776931,0.718731,8547,6532691,0.812758,8037679
4,2021-06-22,20159,11869103,15752,7144409,3382,4323419,1025,401275,7033,750957,0.09343,13013,5789944,0.72035,8210,6540901,0.81378,8037679
4,2021-06-23,18004,11887107,14152,7158561,2905,4326324,947,402222,6604,747347,0.09298,11289,5801233,0.721755,7679,6548580,0.814735,8037679
4,2021-06-24,16876,11903983,13150,7171711,2808,4329132,918,403140,6263,744174,0.092586,10491,5811724,0.72306,7318,6555898,0.815646,8037679
4,2021-06-25,20478,11924461,16151,7187862,3383,4332515,944,404084,7443,739804,0.092042,12918,5824642,0.724667,8548,6564446,0.816709,8037679
4,2021-06-26,8480,11932941,6787,7194649,1267,4333782,426,404510,2894,737632,0.091772,5529,5830171,0.725355,3357,6567803,0.817127,8037679
