vemquartile,administered_date,total_doses,cumulative_total_doses,pfizer_doses,cumulative_pfizer_doses,moderna_doses,cumulative_moderna_doses,jj_doses,cumulative_jj_doses,partially_vaccinated,total_partially_vaccinated,pct_age16pop_partially_vaccinated,fully_vaccinated,cumulative_fully_vaccinated,pct_age16pop_fully_vaccinated,at_least_one_dose,cumulative_at_least_one_dose,pct_age16pop_at_least_one_dose,age16_population
1,2020-12-15,148,148,148,148,0,0,0,0,148,148,1.8e-05,0,0,0.0,148,148,1.8e-05,8051741
1,2020-12-16,1154,1302,1154,1302,0,0,0,0,1154,1302,0.000162,0,0,0.0,1154,1302,0.000162,8051741
1,2020-12-17,4107,5409,4107,5409,0,0,0,0,4108,5410,0.000672,0,0,0.0,4108,5410,0.000672,8051741
1,2020-12-18,6244,11653,6224,11633,20,20,0,0,6246,11656,0.001448,0,0,0.0,6246,11656,0.001448,8051741
1,2020-12-19,2865,14518,2864,14497,1,21,0,0,2863,14518,0.001803,1,1,0.0,2863,14519,0.001803,8051741
1,2020-12-20,2101,16619,2097,16594,4,25,0,0,2102,16620,0.002064,0,1,0.0,2102,16621,0.002064,8051741
1,2020-12-21,7599,24218,7588,24182,11,36,0,0,7650,24270,0.003014,0,1,0.0,7650,24271,0.003014,8051741
1,2020-12-22,7270,31488,6931,31113,339,375,0,0,7273,31542,0.003917,1,2,0.0,7273,31544,0.003918,8051741
1,2020-12-23,7775,39263,6556,37669,1219,1594,0,0,7770,39312,0.004882,0,2,0.0,7770,39314,0.004883,8051741
1,2020-12-24,3293,42556,2358,40027,935,2529,0,0,3295,42607,0.005292,0,2,0.0,3295,42609,0.005292,8051741
1,2020-12-25,232,42788,149,40176,83,2612,0,0,232,42839,0.00532,0,2,0.0,232,42841,0.005321,8051741
1,2020-12-26,1355,44143,966,41142,389,3001,0,0,1354,44192,0.005489,1,3,0.0,1354,44195,0.005489,8051741
1,2020-12-27,853,44996,527,41669,326,3327,0,0,853,45045,0.005594,0,3,0.0,853,45048,0.005595,8051741
1,2020-12-28,6999,51995,4740,46409,2259,5586,0,0,6998,52043,0.006464,0,3,0.0,6998,52046,0.006464,8051741
1,2020-12-29,8825,60820,4973,51382,3852,9438,0,0,8822,60864,0.007559,1,4,0.0,8822,60868,0.00756,8051741
1,2020-12-30,11580,72400,6471,57853,5109,14547,0,0,11580,72444,0.008997,0,4,0.0,11580,72448,0.008998,8051741
1,2020-12-31,5921,78321,1950,59803,3971,18518,0,0,5920,78363,0.009732,1,5,1e-06,5920,78368,0.009733,8051741
1,2021-01-01,526,78847,176,59979,350,18868,0,0,526,78889,0.009798,0,5,1e-06,526,78894,0.009798,8051741
1,2021-01-02,2880,81727,1744,61723,1136,20004,0,0,2882,81771,0.010156,0,5,1e-06,2882,81776,0.010156,8051741
1,2021-01-03,1015,82742,541,62264,474,20478,0,0,1014,82784,0.010282,1,6,1e-06,1014,82790,0.010282,8051741
1,2021-01-04,7307,90049,3564,65828,3743,24221,0,0,7312,90095,0.01119,1,7,1e-06,7312,90102,0.01119,8051741
1,2021-01-05,10710,100759,5158,70986,5552,29773,0,0,9967,99353,0.012339,730,737,9.2e-05,9988,100090,0.012431,8051741
1,2021-01-06,13935,114694,7020,78006,6915,36688,0,0,12069,109600,0.013612,1828,2565,0.000319,12075,112165,0.013931,8051741
1,2021-01-07,17350,132044,9069,87075,8281,44969,0,0,12930,118215,0.014682,4322,6887,0.000855,12937,125102,0.015537,8051741
1,2021-01-08,20025,152069,10387,97462,9638,54607,0,0,14178,126568,0.015719,5830,12717,0.001579,14183,139285,0.017299,8051741
1,2021-01-09,6617,158686,3352,100814,3265,57872,0,0,4784,129538,0.016088,1818,14535,0.001805,4788,144073,0.017893,8051741
1,2021-01-10,3053,161739,1737,102551,1316,59188,0,0,1866,130234,0.016175,1171,15706,0.001951,1867,145940,0.018125,8051741
1,2021-01-11,17990,179729,11781,114332,6209,65397,0,0,11482,135271,0.0168,6482,22188,0.002756,11519,157459,0.019556,8051741
1,2021-01-12,18779,198508,10622,124954,8157,73554,0,0,12828,142222,0.017664,5910,28098,0.00349,12861,170320,0.021153,8051741
1,2021-01-13,19618,218126,10562,135516,9056,82610,0,0,14493,151625,0.018831,5102,33200,0.004123,14505,184825,0.022955,8051741
1,2021-01-14,21912,240038,9462,144978,12450,95060,0,0,19183,168177,0.020887,2670,35870,0.004455,19222,204047,0.025342,8051741
1,2021-01-15,25092,265130,9287,154265,15805,110865,0,0,23177,189533,0.023539,1865,37735,0.004687,23221,227268,0.028226,8051741
1,2021-01-16,13842,278972,4540,158805,9302,120167,0,0,13002,201699,0.02505,838,38573,0.004791,13004,240272,0.029841,8051741
1,2021-01-17,5166,284138,1987,160792,3179,123346,0,0,4800,206142,0.025602,362,38935,0.004836,4805,245077,0.030438,8051741
1,2021-01-18,14170,298308,8523,169315,5647,128993,0,0,11036,214097,0.02659,3122,42057,0.005223,11077,256154,0.031813,8051741
1,2021-01-19,24523,322831,12778,182093,11745,140738,0,0,19399,228436,0.028371,5109,47166,0.005858,19448,275602,0.034229,8051741
1,2021-01-20,28293,351124,13888,195981,14405,155143,0,0,22702,245634,0.030507,5538,52704,0.006546,22736,298338,0.037053,8051741
1,2021-01-21,30539,381663,14204,210185,16335,171478,0,0,27431,270077,0.033543,3054,55758,0.006925,27497,325835,0.040468,8051741
1,2021-01-22,28010,409673,11134,221319,16876,188354,0,0,26052,294238,0.036543,1917,57675,0.007163,26078,351913,0.043706,8051741
1,2021-01-23,18618,428291,8182,229501,10436,198790,0,0,16700,309044,0.038382,1906,59581,0.0074,16712,368625,0.045782,8051741
1,2021-01-24,6646,434937,4152,233653,2494,201284,0,0,5997,314402,0.039048,643,60224,0.00748,6001,374626,0.046527,8051741
1,2021-01-25,24748,459685,10257,243910,14491,215775,0,0,19306,328369,0.040782,5423,65647,0.008153,19390,394016,0.048936,8051741
1,2021-01-26,28270,487955,13296,257206,14974,230749,0,0,21795,343747,0.042692,6433,72080,0.008952,21811,415827,0.051644,8051741
1,2021-01-27,31441,519396,15328,272534,16113,246862,0,0,23593,359579,0.044659,7785,79865,0.009919,23617,439444,0.054578,8051741
1,2021-01-28,34279,553675,16021,288555,18258,265120,0,0,27589,380577,0.047266,6636,86501,0.010743,27634,467078,0.05801,8051741
1,2021-01-29,33201,586876,16311,304866,16890,282010,0,0,26785,401101,0.049815,6292,92793,0.011525,26816,493894,0.06134,8051741
1,2021-01-30,19960,606836,8622,313488,11338,293348,0,0,17976,417123,0.051805,1961,94754,0.011768,17983,511877,0.063573,8051741
1,2021-01-31,7586,614422,4987,318475,2599,295947,0,0,6852,423245,0.052566,732,95486,0.011859,6854,518731,0.064425,8051741
1,2021-02-01,28092,642514,12127,330602,15965,311912,0,0,20727,436655,0.054231,7323,102809,0.012769,20733,539464,0.067,8051741
1,2021-02-02,31795,674309,11467,342069,20328,332240,0,0,23932,452816,0.056238,7803,110612,0.013738,23964,563428,0.069976,8051741
1,2021-02-03,38881,713190,14855,356924,24026,356266,0,0,28173,470447,0.058428,10570,121182,0.01505,28201,591629,0.073478,8051741
1,2021-02-04,43571,756761,17057,373981,26514,382780,0,0,31627,490278,0.060891,11841,133023,0.016521,31672,623301,0.077412,8051741
1,2021-02-05,46597,803358,17326,391307,29271,412051,0,0,30684,505204,0.062745,15801,148824,0.018483,30727,654028,0.081228,8051741
1,2021-02-06,26427,829785,10451,401758,15976,428027,0,0,20627,520089,0.064593,5756,154580,0.019198,20641,674669,0.083792,8051741
1,2021-02-07,6170,835955,3955,405713,2215,430242,0,0,4601,523157,0.064974,1550,156130,0.019391,4618,679287,0.084365,8051741
1,2021-02-08,30967,866922,14023,419736,16944,447186,0,0,20664,533697,0.066283,10204,166334,0.020658,20744,700031,0.086942,8051741
1,2021-02-09,37842,904764,16563,436299,21279,468465,0,0,23251,542540,0.067382,14478,180812,0.022456,23321,723352,0.089838,8051741
1,2021-02-10,46468,951232,22010,458309,24458,492923,0,0,26788,549860,0.068291,19542,200354,0.024883,26862,750214,0.093174,8051741
1,2021-02-11,50343,1001575,24766,483075,25577,518500,0,0,30658,561129,0.06969,19485,219839,0.027303,30754,780968,0.096994,8051741
1,2021-02-12,49256,1050831,21281,504356,27975,546475,0,0,28393,568915,0.070657,20735,240574,0.029879,28521,809489,0.100536,8051741
1,2021-02-13,26018,1076849,11304,515660,14714,561189,0,0,15103,573246,0.071195,10848,251422,0.031226,15179,824668,0.102421,8051741
1,2021-02-14,11577,1088426,5464,521124,6113,567302,0,0,6605,574973,0.07141,4943,256365,0.03184,6670,831338,0.103249,8051741
1,2021-02-15,23278,1111704,9211,530335,14067,581369,0,0,14177,580260,0.072066,9006,265371,0.032958,14293,845631,0.105025,8051741
1,2021-02-16,46267,1157971,22076,552411,24191,605560,0,0,27396,588951,0.073146,18811,284182,0.035294,27502,873133,0.10844,8051741
1,2021-02-17,47566,1205537,23990,576401,23576,629136,0,0,25912,593444,0.073704,21554,305736,0.037971,26047,899180,0.111675,8051741
1,2021-02-18,49961,1255498,24908,601309,25053,654189,0,0,26117,596111,0.074035,23650,329386,0.040909,26317,925497,0.114944,8051741
1,2021-02-19,45194,1300692,24478,625787,20716,674905,0,0,25643,602354,0.07481,19461,348847,0.043326,25704,951201,0.118136,8051741
1,2021-02-20,26480,1327172,16047,641834,10433,685338,0,0,15145,606277,0.075298,11298,360145,0.044729,15221,966422,0.120026,8051741
1,2021-02-21,9941,1337113,8714,650548,1227,686565,0,0,5937,608293,0.075548,3969,364114,0.045222,5985,972407,0.12077,8051741
1,2021-02-22,29679,1366792,19486,670034,10193,696758,0,0,17499,613754,0.076226,12134,376248,0.046729,17595,990002,0.122955,8051741
1,2021-02-23,41858,1408650,20098,690132,21760,718518,0,0,23292,618946,0.076871,18451,394699,0.04902,23643,1013645,0.125891,8051741
1,2021-02-24,52337,1460987,25313,715445,27024,745542,0,0,29523,626199,0.077772,22720,417419,0.051842,29973,1043618,0.129614,8051741
1,2021-02-25,63491,1524478,30481,745926,33010,778552,0,0,39586,642466,0.079792,23816,441235,0.0548,40083,1083701,0.134592,8051741
1,2021-02-26,71398,1595876,33605,779531,37793,816345,0,0,47391,666455,0.082772,23870,465105,0.057765,47859,1131560,0.140536,8051741
1,2021-02-27,48333,1644209,21618,801149,26710,843055,5,5,31932,682355,0.084746,16299,481404,0.059789,32199,1163759,0.144535,8051741
1,2021-02-28,18988,1663197,11297,812446,7691,850746,0,5,14035,691630,0.085898,4902,486306,0.060398,14177,1177936,0.146296,8051741
1,2021-03-01,43050,1706247,19654,832100,23385,874131,11,16,28080,705075,0.087568,14874,501180,0.062245,28319,1206255,0.149813,8051741
1,2021-03-02,58328,1764575,23929,856029,34394,908525,5,21,37134,721725,0.089636,21096,522276,0.064865,37746,1244001,0.154501,8051741
1,2021-03-03,67668,1832243,31777,887806,35879,944404,12,33,41070,736908,0.091522,26488,548764,0.068155,41671,1285672,0.159676,8051741
1,2021-03-04,75378,1907621,34745,922551,40600,985004,33,66,48281,758774,0.094237,26952,575716,0.071502,48818,1334490,0.165739,8051741
1,2021-03-05,73879,1981500,32830,955381,40848,1025852,201,267,49180,784274,0.097404,24511,600227,0.074546,50011,1384501,0.171951,8051741
1,2021-03-06,56168,2037668,26619,982000,28223,1054075,1326,1593,38190,806234,0.100132,17920,618147,0.076772,39880,1424381,0.176903,8051741
1,2021-03-07,19386,2057054,12228,994228,6371,1060446,787,2380,14520,816951,0.101463,4852,622999,0.077374,15569,1439950,0.178837,8051741
1,2021-03-08,43150,2100204,20421,1014649,20877,1081323,1852,4232,30142,836345,0.103871,12940,635939,0.078982,32334,1472284,0.182853,8051741
1,2021-03-09,59676,2159880,25970,1040619,31248,1112571,2458,6690,35752,851066,0.1057,23830,659769,0.081941,38551,1510835,0.187641,8051741
1,2021-03-10,70290,2230170,34543,1075162,31418,1143989,4329,11019,43414,872426,0.108352,26762,686531,0.085265,48122,1558957,0.193617,8051741
1,2021-03-11,87659,2317829,39909,1115071,39843,1183832,7907,18926,51408,896165,0.111301,36044,722575,0.089741,59783,1618740,0.201042,8051741
1,2021-03-12,94068,2411897,40741,1155812,41049,1224881,12278,31204,54433,923895,0.114745,39471,762046,0.094644,67201,1685941,0.209388,8051741
1,2021-03-13,62862,2474759,28153,1183965,27029,1251910,7680,38884,40052,949259,0.117895,22714,784760,0.097465,48078,1734019,0.21536,8051741
1,2021-03-14,26780,2501539,14260,1198225,9026,1260936,3494,42378,15857,957930,0.118972,10879,795639,0.098816,19550,1753569,0.217788,8051741
1,2021-03-15,63274,2564813,27448,1225673,29246,1290182,6580,48958,37535,976818,0.121318,25586,821225,0.101993,44474,1798043,0.223311,8051741
1,2021-03-16,83202,2648015,37233,1262906,40486,1330668,5483,54441,52342,1004311,0.124732,30706,851931,0.105807,58199,1856242,0.230539,8051741
1,2021-03-17,89486,2737501,42699,1305605,40291,1370959,6496,60937,57535,1036916,0.128782,31818,883749,0.109759,64423,1920665,0.23854,8051741
1,2021-03-18,94935,2832436,48143,1353748,41302,1412261,5490,66427,58914,1066060,0.132401,35726,919475,0.114196,64870,1985535,0.246597,8051741
1,2021-03-19,99904,2932340,51168,1404916,42677,1454938,6059,72486,59690,1092310,0.135661,39975,959450,0.119161,66225,2051760,0.254822,8051741
1,2021-03-20,69751,3002091,35910,1440826,28663,1483601,5178,77664,45891,1119910,0.139089,23728,983178,0.122108,51328,2103088,0.261197,8051741
1,2021-03-21,25796,3027887,17783,1458609,6251,1489852,1762,79426,16755,1129540,0.140285,8975,992153,0.123222,18605,2121693,0.263507,8051741
1,2021-03-22,56771,3084658,29476,1488085,24111,1513963,3184,82610,38878,1154202,0.143348,17752,1009905,0.125427,42414,2164107,0.268775,8051741
1,2021-03-23,80007,3164665,40562,1528647,35972,1549935,3473,86083,52004,1182292,0.146837,27843,1037748,0.128885,55933,2220040,0.275722,8051741
1,2021-03-24,84305,3248970,42563,1571210,37540,1587475,4202,90285,51518,1205591,0.14973,32599,1070347,0.132934,55898,2275938,0.282664,8051741
1,2021-03-25,92552,3341522,46817,1618027,40187,1627662,5548,95833,53584,1226219,0.152292,38732,1109079,0.137744,59360,2335298,0.290036,8051741
1,2021-03-26,100199,3441721,48284,1666311,45795,1673457,6120,101953,56182,1245061,0.154633,43762,1152841,0.143179,62604,2397902,0.297812,8051741
1,2021-03-27,70582,3512303,36701,1703012,30190,1703647,3691,105644,37096,1252749,0.155587,33309,1186150,0.147316,40997,2438899,0.302903,8051741
1,2021-03-28,31193,3543496,20063,1723075,9933,1713580,1197,106841,16637,1256447,0.156047,14472,1200622,0.149113,18170,2457069,0.30516,8051741
1,2021-03-29,64845,3608341,32412,1755487,29658,1743238,2775,109616,37020,1268768,0.157577,27693,1228315,0.152553,40014,2497083,0.31013,8051741
1,2021-03-30,88941,3697282,43606,1799093,39409,1782647,5926,115542,50701,1287393,0.15989,38119,1266434,0.157287,56744,2553827,0.317177,8051741
1,2021-03-31,96886,3794168,50581,1849674,40589,1823236,5716,121258,55487,1307518,0.162389,41171,1307605,0.1624,61296,2615123,0.32479,8051741
1,2021-04-01,106384,3900552,50773,1900447,47660,1870896,7951,129209,55400,1320241,0.16397,50726,1358331,0.1687,63449,2678572,0.33267,8051741
1,2021-04-02,105680,4006232,48101,1948548,48403,1919299,9176,138385,54857,1334039,0.165683,50490,1408821,0.174971,64288,2742860,0.340654,8051741
1,2021-04-03,75078,4081310,37395,1985943,28450,1947749,9233,147618,35609,1339655,0.166381,39331,1448152,0.179856,44947,2787807,0.346237,8051741
1,2021-04-04,23440,4104750,11654,1997597,8355,1956104,3431,151049,10165,1340012,0.166425,13234,1461386,0.181499,13591,2801398,0.347925,8051741
1,2021-04-05,73225,4177975,34959,2032556,29390,1985494,8876,159925,34115,1344233,0.166949,38967,1500353,0.186339,43188,2844586,0.353288,8051741
1,2021-04-06,101347,4279322,47954,2080510,37090,2022584,16303,176228,46688,1352836,0.168018,54462,1554815,0.193103,63065,2907651,0.361121,8051741
1,2021-04-07,107854,4387176,51929,2132439,38801,2061385,17124,193352,49912,1362189,0.169179,57747,1612562,0.200275,67100,2974751,0.369454,8051741
1,2021-04-08,118134,4505310,55450,2187889,42291,2103676,20393,213745,53207,1371269,0.170307,64643,1677205,0.208303,73723,3048474,0.378611,8051741
1,2021-04-09,116178,4621488,52175,2240064,43886,2147562,20117,233862,51859,1379345,0.17131,64037,1741242,0.216257,72113,3120587,0.387567,8051741
1,2021-04-10,92836,4714324,41376,2281440,29233,2176795,22227,256089,36759,1382463,0.171697,55917,1797159,0.223201,59035,3179622,0.394899,8051741
1,2021-04-11,34810,4749134,19131,2300571,9205,2186000,6474,262563,14355,1383028,0.171768,20391,1817550,0.225734,20956,3200578,0.397501,8051741
1,2021-04-12,72101,4821235,32019,2332590,30271,2216271,9811,272374,31027,1383173,0.171786,40870,1858420,0.23081,41015,3241593,0.402595,8051741
1,2021-04-13,93535,4914770,49415,2382005,43789,2260060,331,272705,50189,1390895,0.172745,43141,1901561,0.236168,50863,3292456,0.408912,8051741
1,2021-04-14,100155,5014925,51955,2433960,48136,2308196,64,272769,51306,1394062,0.173138,48566,1950127,0.242199,51733,3344189,0.415337,8051741
1,2021-04-15,101259,5116184,54825,2488785,46350,2354546,84,272853,54502,1402530,0.17419,46293,1996420,0.247949,54761,3398950,0.422139,8051741
1,2021-04-16,104329,5220513,53612,2542397,50631,2405177,86,272939,52515,1403850,0.174354,51457,2047877,0.25434,52777,3451727,0.428693,8051741
1,2021-04-17,78890,5299403,42721,2585118,36162,2441339,7,272946,44373,1414035,0.175619,34358,2082235,0.258607,44543,3496270,0.434225,8051741
1,2021-04-18,27773,5327176,18381,2603499,9386,2450725,6,272952,14547,1415627,0.175816,13159,2095394,0.260241,14751,3511021,0.436057,8051741
1,2021-04-19,63922,5391098,32661,2636160,31251,2481976,10,272962,29247,1410610,0.175193,34399,2129793,0.264513,29382,3540403,0.439707,8051741
1,2021-04-20,83803,5474901,41961,2678121,41825,2523801,17,272979,39883,1407051,0.174751,43655,2173448,0.269935,40096,3580499,0.444686,8051741
1,2021-04-21,90535,5565436,46125,2724246,44322,2568123,88,273067,41222,1399660,0.173833,48908,2222356,0.276009,41517,3622016,0.449843,8051741
1,2021-04-22,91911,5657347,47586,2771832,44306,2612429,19,273086,42881,1394123,0.173146,48647,2271003,0.282051,43110,3665126,0.455197,8051741
1,2021-04-23,94910,5752257,48709,2820541,46176,2658605,25,273111,45979,1391777,0.172854,48566,2319569,0.288083,46220,3711346,0.460937,8051741
1,2021-04-24,72233,5824490,45812,2866353,26410,2685015,11,273122,41608,1403231,0.174277,30423,2349992,0.291861,41877,3753223,0.466138,8051741
1,2021-04-25,26734,5851224,17111,2883464,9615,2694630,8,273130,15422,1407557,0.174814,11234,2361226,0.293257,15560,3768783,0.468071,8051741
1,2021-04-26,57595,5908819,30776,2914240,26471,2721101,348,273478,27305,1405472,0.174555,30067,2391293,0.296991,27982,3796765,0.471546,8051741
1,2021-04-27,72948,5981767,38610,2952850,33226,2754327,1112,274590,31350,1396945,0.173496,41323,2432616,0.302123,32796,3829561,0.475619,8051741
1,2021-04-28,76394,6058161,40628,2993478,34360,2788687,1406,275996,33424,1389290,0.172545,42711,2475327,0.307428,35056,3864617,0.479973,8051741
1,2021-04-29,78965,6137126,43608,3037086,33841,2822528,1516,277512,32057,1376408,0.170945,46618,2521945,0.313217,33736,3898353,0.484163,8051741
1,2021-04-30,84365,6221491,45545,3082631,37070,2859598,1750,279262,35332,1364889,0.169515,48773,2570718,0.319275,37254,3935607,0.48879,8051741
1,2021-05-01,60361,6281852,39179,3121810,19847,2879445,1335,280597,25753,1357761,0.168629,34451,2605169,0.323554,27323,3962930,0.492183,8051741
1,2021-05-02,22393,6304245,15677,3137487,6193,2885638,523,281120,9359,1354732,0.168253,12943,2618112,0.325161,9914,3972844,0.493414,8051741
1,2021-05-03,51682,6355927,28428,3165915,21540,2907178,1714,282834,18667,1342354,0.166716,32844,2650956,0.32924,20466,3993310,0.495956,8051741
1,2021-05-04,70581,6426508,40567,3206482,28041,2935219,1973,284807,25411,1324902,0.164549,44929,2695885,0.33482,27477,4020787,0.499369,8051741
1,2021-05-05,65937,6492445,39355,3245837,24447,2959666,2135,286942,22708,1306827,0.162304,42993,2738878,0.34016,24918,4045705,0.502463,8051741
1,2021-05-06,66372,6558817,40947,3286784,23409,2983075,2016,288958,21534,1285952,0.159711,44581,2783459,0.345697,23706,4069411,0.505408,8051741
1,2021-05-07,68411,6627228,40661,3327445,25705,3008780,2045,291003,23471,1266889,0.157343,44655,2828114,0.351243,25592,4095003,0.508586,8051741
1,2021-05-08,47122,6674350,30233,3357678,15530,3024310,1359,292362,16050,1253847,0.155724,30887,2859001,0.355079,17845,4112848,0.510802,8051741
1,2021-05-09,10217,6684567,8197,3365875,1869,3026179,151,292513,2264,1248546,0.155065,7915,2866916,0.356062,2614,4115462,0.511127,8051741
2,2020-12-15,233,233,233,233,0,0,0,0,233,233,3e-05,0,0,0.0,233,233,3e-05,7897587
2,2020-12-16,1926,2159,1926,2159,0,0,0,0,1926,2159,0.000273,0,0,0.0,1926,2159,0.000273,7897587
2,2020-12-17,6660,8819,6660,8819,0,0,0,0,6661,8820,0.001117,0,0,0.0,6661,8820,0.001117,7897587
2,2020-12-18,10829,19648,10810,19629,19,19,0,0,10830,19650,0.002488,0,0,0.0,10830,19650,0.002488,7897587
2,2020-12-19,5575,25223,5570,25199,5,24,0,0,5577,25227,0.003194,0,0,0.0,5577,25227,0.003194,7897587
2,2020-12-20,4215,29438,4207,29406,8,32,0,0,4211,29438,0.003727,0,0,0.0,4211,29438,0.003727,7897587
2,2020-12-21,12764,42202,12740,42146,24,56,0,0,12719,42157,0.005338,0,0,0.0,12719,42157,0.005338,7897587
2,2020-12-22,12047,54249,11539,53685,508,564,0,0,12047,54204,0.006863,0,0,0.0,12047,54204,0.006863,7897587
2,2020-12-23,11610,65859,9420,63105,2190,2754,0,0,11613,65817,0.008334,0,0,0.0,11613,65817,0.008334,7897587
2,2020-12-24,5837,71696,3484,66589,2353,5107,0,0,5834,71651,0.009073,0,0,0.0,5834,71651,0.009073,7897587
2,2020-12-25,478,72174,401,66990,77,5184,0,0,479,72130,0.009133,0,0,0.0,479,72130,0.009133,7897587
2,2020-12-26,2563,74737,1667,68657,896,6080,0,0,2565,74695,0.009458,0,0,0.0,2565,74695,0.009458,7897587
2,2020-12-27,2210,76947,1197,69854,1013,7093,0,0,2208,76902,0.009737,1,1,0.0,2208,76903,0.009738,7897587
2,2020-12-28,10901,87848,7082,76936,3819,10912,0,0,10901,87802,0.011118,1,2,0.0,10901,87804,0.011118,7897587
2,2020-12-29,12678,100526,7181,84117,5497,16409,0,0,12682,100484,0.012723,0,2,0.0,12682,100486,0.012724,7897587
2,2020-12-30,15328,115854,8638,92755,6690,23099,0,0,15344,115827,0.014666,1,3,0.0,15344,115830,0.014667,7897587
2,2020-12-31,7493,123347,2803,95558,4690,27789,0,0,7490,123316,0.015614,1,4,1e-06,7490,123320,0.015615,7897587
2,2021-01-01,1110,124457,534,96092,576,28365,0,0,1112,124427,0.015755,1,5,1e-06,1112,124432,0.015756,7897587
2,2021-01-02,4811,129268,2750,98842,2061,30426,0,0,4809,129236,0.016364,0,5,1e-06,4809,129241,0.016365,7897587
2,2021-01-03,1378,130646,786,99628,592,31018,0,0,1373,130606,0.016537,3,8,1e-06,1373,130614,0.016538,7897587
2,2021-01-04,11605,142251,5548,105176,6057,37075,0,0,11592,142194,0.018005,4,12,2e-06,11592,142206,0.018006,7897587
2,2021-01-05,13794,156045,6880,112056,6914,43989,0,0,12621,153678,0.019459,1166,1178,0.000149,12650,154856,0.019608,7897587
2,2021-01-06,18921,174966,10442,122498,8479,52468,0,0,15212,165232,0.020922,3663,4841,0.000613,15217,170073,0.021535,7897587
2,2021-01-07,22876,197842,12841,135339,10035,62503,0,0,15536,173423,0.021959,7358,12199,0.001545,15549,185622,0.023504,7897587
2,2021-01-08,26333,224175,15956,151295,10377,72880,0,0,16306,179749,0.02276,9996,22195,0.00281,16322,201944,0.02557,7897587
2,2021-01-09,9696,233871,5661,156956,4035,76915,0,0,6209,182454,0.023102,3508,25703,0.003255,6213,208157,0.026357,7897587
2,2021-01-10,5269,239140,2914,159870,2355,79270,0,0,3063,183292,0.023209,2229,27932,0.003537,3067,211224,0.026745,7897587
2,2021-01-11,25931,265071,17831,177701,8100,87370,0,0,15007,187387,0.023727,10958,38890,0.004924,15053,226277,0.028651,7897587
2,2021-01-12,25935,291006,16102,193803,9833,97203,0,0,16482,194456,0.024622,9481,48371,0.006125,16550,242827,0.030747,7897587
2,2021-01-13,28218,319224,14876,208679,13342,110545,0,0,20320,206906,0.026199,7892,56263,0.007124,20342,263169,0.033323,7897587
2,2021-01-14,30043,349267,11428,220107,18615,129160,0,0,25865,228614,0.028947,4205,60468,0.007657,25913,289082,0.036604,7897587
2,2021-01-15,35109,384376,12947,233054,22162,151322,0,0,31894,257345,0.032585,3227,63695,0.008065,31958,321040,0.04065,7897587
2,2021-01-16,17546,401922,5611,238665,11935,163257,0,0,16240,272263,0.034474,1332,65027,0.008234,16250,337290,0.042708,7897587
2,2021-01-17,10552,412474,3521,242186,7031,170288,0,0,9850,281394,0.03563,727,65754,0.008326,9858,347148,0.043956,7897587
2,2021-01-18,19645,432119,11004,253190,8641,178929,0,0,14923,291624,0.036926,4738,70492,0.008926,14968,362116,0.045851,7897587
2,2021-01-19,32199,464318,16792,269982,15407,194336,0,0,24233,307996,0.038999,7971,78463,0.009935,24343,386459,0.048934,7897587
2,2021-01-20,36598,500916,18214,288196,18384,212720,0,0,28099,327700,0.041494,8480,86943,0.011009,28184,414643,0.052502,7897587
2,2021-01-21,40477,541393,17235,305431,23242,235962,0,0,36078,359553,0.045527,4378,91321,0.011563,36231,450874,0.05709,7897587
2,2021-01-22,39098,580491,16373,321804,22725,258687,0,0,35811,392109,0.049649,3289,94610,0.01198,35845,486719,0.061629,7897587
2,2021-01-23,23920,604411,10821,332625,13099,271786,0,0,20966,410175,0.051937,2929,97539,0.01235,20995,507714,0.064287,7897587
2,2021-01-24,12433,616844,6155,338780,6278,278064,0,0,11524,420814,0.053284,895,98434,0.012464,11534,519248,0.065748,7897587
2,2021-01-25,33531,650375,15563,354343,17968,296032,0,0,24844,437144,0.055352,8635,107069,0.013557,24965,544213,0.068909,7897587
2,2021-01-26,40027,690402,19794,374137,20233,316265,0,0,31128,459470,0.058179,8878,115947,0.014681,31204,575417,0.07286,7897587
2,2021-01-27,44926,735328,22905,397042,22021,338286,0,0,34983,484687,0.061372,9820,125767,0.015925,35037,610454,0.077296,7897587
2,2021-01-28,47837,783165,22565,419607,25272,363558,0,0,39352,515667,0.065294,8430,134197,0.016992,39410,649864,0.082286,7897587
2,2021-01-29,45422,828587,22287,441894,23135,386693,0,0,36916,544224,0.06891,8405,142602,0.018056,36962,686826,0.086967,7897587
2,2021-01-30,31253,859840,13652,455546,17601,404294,0,0,28023,569087,0.072058,3189,145791,0.01846,28052,714878,0.090519,7897587
2,2021-01-31,17545,877385,10649,466195,6896,411190,0,0,16328,584230,0.073976,1204,146995,0.018613,16347,731225,0.092588,7897587
2,2021-02-01,40081,917466,19160,485355,20921,432111,0,0,29728,603669,0.076437,10321,157316,0.01992,29760,760985,0.096357,7897587
2,2021-02-02,47738,965204,19738,505093,28000,460111,0,0,36332,628764,0.079615,11332,168648,0.021354,36427,797412,0.100969,7897587
2,2021-02-03,53616,1018820,23865,528958,29751,489862,0,0,39716,654758,0.082906,13806,182454,0.023102,39800,837212,0.106009,7897587
2,2021-02-04,55732,1074552,24235,553193,31497,521359,0,0,40809,680821,0.086206,14833,197287,0.024981,40896,878108,0.111187,7897587
2,2021-02-05,59441,1133993,26327,579520,33114,554473,0,0,40291,702285,0.088924,18982,216269,0.027384,40446,918554,0.116308,7897587
2,2021-02-06,38760,1172753,18138,597658,20622,575095,0,0,31227,726128,0.091943,7467,223736,0.02833,31310,949864,0.120273,7897587
2,2021-02-07,15981,1188734,10731,608389,5250,580345,0,0,12125,734485,0.093001,3833,227569,0.028815,12190,962054,0.121816,7897587
2,2021-02-08,43208,1231942,22323,630712,20885,601230,0,0,29873,751317,0.095132,13230,240799,0.03049,30062,992116,0.125623,7897587
2,2021-02-09,49139,1281081,23493,654205,25646,626876,0,0,30873,764321,0.096779,18182,258981,0.032792,31186,1023302,0.129571,7897587
2,2021-02-10,59226,1340307,28036,682241,31190,658066,0,0,34609,774880,0.098116,24395,283376,0.035881,34954,1058256,0.133997,7897587
2,2021-02-11,63573,1403880,29524,711765,34049,692115,0,0,35884,783847,0.099251,27395,310771,0.03935,36362,1094618,0.138602,7897587
2,2021-02-12,64600,1468480,27952,739717,36648,728763,0,0,34536,789169,0.099925,29858,340629,0.043131,35180,1129798,0.143056,7897587
2,2021-02-13,37444,1505924,15715,755432,21729,750492,0,0,21702,795590,0.100738,15657,356286,0.045113,22078,1151876,0.145852,7897587
2,2021-02-14,19875,1525799,9319,764751,10556,761048,0,0,11204,798513,0.101108,8637,364923,0.046207,11560,1163436,0.147315,7897587
2,2021-02-15,32844,1558643,14893,779644,17951,778999,0,0,18291,803213,0.101704,14443,379366,0.048036,19143,1182579,0.149739,7897587
2,2021-02-16,55758,1614401,27580,807224,28178,807177,0,0,29409,807016,0.102185,26270,405636,0.051362,30073,1212652,0.153547,7897587
2,2021-02-17,60860,1675261,31480,838704,29380,836557,0,0,30312,807642,0.102264,30499,436135,0.055224,31125,1243777,0.157488,7897587
2,2021-02-18,65490,1740751,33319,872023,32171,868728,0,0,32038,807555,0.102253,33249,469384,0.059434,33162,1276939,0.161687,7897587
2,2021-02-19,58662,1799413,32738,904761,25924,894652,0,0,29170,807957,0.102304,29355,498739,0.063151,29757,1306696,0.165455,7897587
2,2021-02-20,36792,1836205,24034,928795,12758,907410,0,0,19988,811887,0.102802,16730,515469,0.065269,20660,1327356,0.168071,7897587
2,2021-02-21,18137,1854342,14703,943498,3434,910844,0,0,8834,812284,0.102852,9234,524703,0.066438,9631,1336987,0.169291,7897587
2,2021-02-22,37133,1891475,25511,969009,11622,922466,0,0,17822,811565,0.102761,19213,543916,0.068871,18494,1355481,0.171632,7897587
2,2021-02-23,50650,1942125,25799,994808,24851,947317,0,0,22367,807710,0.102273,28109,572025,0.07243,24254,1379735,0.174703,7897587
2,2021-02-24,67728,2009853,34874,1029682,32854,980171,0,0,31343,805159,0.10195,36255,608280,0.077021,33704,1413439,0.178971,7897587
2,2021-02-25,72891,2082744,34104,1063786,38787,1018958,0,0,37056,809362,0.102482,35643,643923,0.081534,39846,1453285,0.184016,7897587
2,2021-02-26,81113,2163857,34789,1098575,46324,1065282,0,0,44027,818704,0.103665,36859,680782,0.086201,46201,1499486,0.189866,7897587
2,2021-02-27,58777,2222634,26865,1125440,31908,1097190,4,4,31990,825410,0.104514,26611,707393,0.089571,33317,1532803,0.194085,7897587
2,2021-02-28,28971,2251605,17411,1142851,11559,1108749,1,5,16914,831171,0.105244,11977,719370,0.091087,17738,1550541,0.196331,7897587
2,2021-03-01,55215,2306820,29007,1171858,26191,1134940,17,22,30277,837901,0.106096,24741,744111,0.09422,31471,1582012,0.200316,7897587
2,2021-03-02,64465,2371285,29895,1201753,34565,1169505,5,27,36002,847878,0.107359,28357,772468,0.097811,38334,1620346,0.20517,7897587
2,2021-03-03,77682,2448967,37650,1239403,40025,1209530,7,34,43669,860239,0.108924,33853,806321,0.102097,46214,1666560,0.211021,7897587
2,2021-03-04,85968,2534935,42445,1281848,43496,1253026,27,61,49751,876326,0.110961,36052,842373,0.106662,52139,1718699,0.217623,7897587
2,2021-03-05,78348,2613283,36701,1318549,41351,1294377,296,357,47918,896616,0.11353,30266,872639,0.110494,50556,1769255,0.224025,7897587
2,2021-03-06,61277,2674560,29881,1348430,29733,1324110,1663,2020,37628,913786,0.115704,23551,896190,0.113476,40721,1809976,0.229181,7897587
2,2021-03-07,26779,2701339,15483,1363913,10349,1334459,947,2967,17144,923409,0.116923,9579,905769,0.114689,19202,1829178,0.231612,7897587
2,2021-03-08,48859,2750198,22282,1386195,24156,1358615,2421,5388,30786,940286,0.11906,17970,923739,0.116965,34847,1864025,0.236025,7897587
2,2021-03-09,63576,2813774,26347,1412542,33484,1392099,3745,9133,34002,949908,0.120278,29474,953213,0.120697,39096,1903121,0.240975,7897587
2,2021-03-10,74948,2888722,35025,1447567,33439,1425538,6484,15617,39590,962132,0.121826,35194,988407,0.125153,47418,1950539,0.246979,7897587
2,2021-03-11,91024,2979746,41849,1489416,40861,1466399,8314,23931,47896,976873,0.123693,42880,1031287,0.130583,57621,2008160,0.254275,7897587
2,2021-03-12,91604,3071350,37723,1527139,42002,1508401,11879,35810,45923,990542,0.125423,45512,1076799,0.136345,59181,2067341,0.261769,7897587
2,2021-03-13,67194,3138544,28134,1555273,31181,1539582,7879,43689,37054,1006739,0.127474,30036,1106835,0.140149,46233,2113574,0.267623,7897587
2,2021-03-14,35918,3174462,17773,1573046,13685,1553267,4460,48149,19182,1014489,0.128456,16658,1123493,0.142258,24408,2137982,0.270713,7897587
2,2021-03-15,66084,3240546,29781,1602827,31365,1584632,4938,53087,36744,1028116,0.130181,29158,1152651,0.14595,42785,2180767,0.276131,7897587
2,2021-03-16,84924,3325470,37471,1640298,43514,1628146,3939,57026,52098,1052598,0.133281,32681,1185332,0.150088,57163,2237930,0.283369,7897587
2,2021-03-17,90564,3416034,43354,1683652,43136,1671282,4074,61100,57852,1082872,0.137114,32502,1217834,0.154203,62776,2300706,0.291318,7897587
2,2021-03-18,95411,3511445,45155,1728807,45847,1717129,4409,65509,59099,1110894,0.140662,36053,1253887,0.158768,64075,2364781,0.299431,7897587
2,2021-03-19,95231,3606676,44851,1773658,44348,1761477,6032,71541,57341,1137129,0.143984,37652,1291539,0.163536,63887,2428668,0.30752,7897587
2,2021-03-20,68324,3675000,32800,1806458,31661,1793138,3863,75404,45582,1164367,0.147433,22554,1314093,0.166392,49792,2478460,0.313825,7897587
2,2021-03-21,32473,3707473,20884,1827342,9638,1802776,1951,77355,20627,1175610,0.148857,11757,1325850,0.16788,23000,2501460,0.316737,7897587
2,2021-03-22,61427,3768900,33665,1861007,25192,1827968,2570,79925,41557,1200922,0.152062,19703,1345553,0.170375,45015,2546475,0.322437,7897587
2,2021-03-23,82076,3850976,43445,1904452,35803,1863771,2828,82753,53974,1230672,0.155829,27881,1373434,0.173906,57631,2604106,0.329734,7897587
2,2021-03-24,89845,3940821,48380,1952832,38404,1902175,3061,85814,53809,1252584,0.158603,35784,1409218,0.178437,57696,2661802,0.33704,7897587
2,2021-03-25,98860,4039681,49568,2002400,45515,1947690,3777,89591,56986,1272509,0.161126,41602,1450820,0.183704,61527,2723329,0.344831,7897587
2,2021-03-26,100737,4140418,49984,2052384,47344,1995034,3409,93000,56942,1290420,0.163394,43492,1494312,0.189211,61403,2784732,0.352605,7897587
2,2021-03-27,73761,4214179,36699,2089083,33809,2028843,3253,96253,38021,1297005,0.164228,35548,1529860,0.193712,42133,2826865,0.35794,7897587
2,2021-03-28,36752,4250931,22489,2111572,13461,2042304,802,97055,20731,1303349,0.165031,15927,1545787,0.195729,22271,2849136,0.36076,7897587
2,2021-03-29,69842,4320773,35586,2147158,32070,2074374,2186,99241,40933,1318601,0.166963,28762,1574549,0.199371,44014,2893150,0.366333,7897587
2,2021-03-30,90426,4411199,44123,2191281,42043,2116417,4260,103501,55341,1343885,0.170164,34922,1609471,0.203793,60206,2953356,0.373957,7897587
2,2021-03-31,99031,4510230,50965,2242246,43075,2159492,4991,108492,58454,1367331,0.173133,40368,1649839,0.208904,63814,3017170,0.382037,7897587
2,2021-04-01,114285,4624515,54832,2297078,50586,2210078,8867,117359,62784,1388194,0.175774,51252,1701091,0.215394,72115,3089285,0.391168,7897587
2,2021-04-02,108824,4733339,50188,2347266,48852,2258930,9784,127143,59303,1408550,0.178352,49224,1750315,0.221627,69580,3158865,0.399978,7897587
2,2021-04-03,74829,4808168,36642,2383908,28695,2287625,9492,136635,37442,1418680,0.179635,37220,1787535,0.226339,47350,3206215,0.405974,7897587
2,2021-04-04,28729,4836897,14764,2398672,10158,2297783,3807,140442,13225,1420325,0.179843,15435,1802970,0.228294,17080,3223295,0.408137,7897587
2,2021-04-05,77904,4914801,38313,2436985,31019,2328802,8572,149014,38340,1428572,0.180887,39447,1842417,0.233289,47694,3270989,0.414176,7897587
2,2021-04-06,102369,5017170,49984,2486969,37940,2366742,14445,163459,49226,1439731,0.1823,52936,1895353,0.239991,64095,3335084,0.422292,7897587
2,2021-04-07,108501,5125671,54274,2541243,38267,2405009,15960,179419,51887,1451491,0.183789,56389,1951742,0.247131,68149,3403233,0.430921,7897587
2,2021-04-08,117031,5242702,56429,2597672,42189,2447198,18413,197832,54753,1463263,0.18528,62020,2013762,0.254984,73792,3477025,0.440264,7897587
2,2021-04-09,115939,5358641,55911,2653583,42302,2489500,17726,215558,55354,1476943,0.187012,60301,2074063,0.26262,73981,3551006,0.449632,7897587
2,2021-04-10,85151,5443792,36958,2690541,30407,2519907,17786,233344,35690,1481833,0.187631,49288,2123351,0.268861,54178,3605184,0.456492,7897587
2,2021-04-11,43526,5487318,22386,2712927,12660,2532567,8480,241824,17805,1483215,0.187806,25636,2148987,0.272107,27018,3632202,0.459913,7897587
2,2021-04-12,78481,5565799,36648,2749575,32618,2565185,9215,251039,35444,1486047,0.188165,42822,2191809,0.277529,45654,3677856,0.465694,7897587
2,2021-04-13,99677,5665476,51523,2801098,47912,2613097,242,251281,54759,1497205,0.189578,44724,2236533,0.283192,55882,3733738,0.472769,7897587
2,2021-04-14,104295,5769771,54769,2855867,49479,2662576,47,251328,54032,1502655,0.190268,50043,2286576,0.289528,55493,3789231,0.479796,7897587
2,2021-04-15,110432,5880203,58791,2914658,51578,2714154,63,251391,58465,1510548,0.191267,51670,2338246,0.296071,59563,3848794,0.487338,7897587
2,2021-04-16,107358,5987561,55902,2970560,51405,2765559,51,251442,54994,1514292,0.191741,52130,2390376,0.302672,55874,3904668,0.494413,7897587
2,2021-04-17,79321,6066882,40615,3011175,38693,2804252,13,251455,44036,1524062,0.192978,35124,2425500,0.307119,44894,3949562,0.500097,7897587
2,2021-04-18,33434,6100316,19968,3031143,13463,2817715,3,251458,16263,1524200,0.192996,17092,2442592,0.309283,17230,3966792,0.502279,7897587
2,2021-04-19,72744,6173060,39425,3070568,33311,2851026,8,251466,33477,1519204,0.192363,39092,2481684,0.314233,34096,4000888,0.506596,7897587
2,2021-04-20,93840,6266900,46866,3117434,46957,2897983,17,251483,45997,1518319,0.192251,47625,2529309,0.320264,46740,4047628,0.512515,7897587
2,2021-04-21,97875,6364775,51964,3169398,45858,2943841,53,251536,46788,1515224,0.191859,50796,2580105,0.326695,47701,4095329,0.518554,7897587
2,2021-04-22,103338,6468113,52525,3221923,50794,2994635,19,251555,45842,1504746,0.190532,57201,2637306,0.333938,46723,4142052,0.524471,7897587
2,2021-04-23,103140,6571253,54407,3276330,48719,3043354,14,251569,48006,1498799,0.189779,54860,2692166,0.340885,48913,4190965,0.530664,7897587
2,2021-04-24,78000,6649253,46384,3322714,31580,3074934,36,251605,41204,1504347,0.190482,36599,2728765,0.345519,42147,4233112,0.536001,7897587
2,2021-04-25,35770,6685023,22148,3344862,13608,3088542,14,251619,19565,1508273,0.190979,16104,2744869,0.347558,20030,4253142,0.538537,7897587
2,2021-04-26,65222,6750245,36202,3381064,28738,3117280,282,251901,29944,1504768,0.190535,35112,2779981,0.352004,31607,4284749,0.542539,7897587
2,2021-04-27,79682,6829927,41636,3422700,36916,3154196,1130,253031,34157,1495905,0.189413,45312,2825293,0.357741,36449,4321198,0.547154,7897587
2,2021-04-28,84041,6913968,44431,3467131,37806,3192002,1804,254835,36863,1488496,0.188475,46962,2872255,0.363688,39553,4360751,0.552162,7897587
2,2021-04-29,86314,7000282,46650,3513781,38027,3230029,1637,256472,33230,1471101,0.186272,52848,2925103,0.370379,35453,4396204,0.556652,7897587
2,2021-04-30,90174,7090456,49773,3563554,38489,3268518,1912,258384,35034,1453804,0.184082,54872,2979975,0.377327,37575,4433779,0.561409,7897587
2,2021-05-01,60178,7150634,36725,3600279,21951,3290469,1502,259886,23981,1444113,0.182855,36012,3015987,0.381887,26321,4460100,0.564742,7897587
2,2021-05-02,28673,7179307,19800,3620079,7903,3298372,970,260856,11031,1438663,0.182165,17540,3033527,0.384108,12090,4472190,0.566273,7897587
2,2021-05-03,58208,7237515,34365,3654444,21825,3320197,2018,262874,19551,1422013,0.180057,38474,3072001,0.38898,21824,4494014,0.569036,7897587
2,2021-05-04,76528,7314043,45530,3699974,28711,3348908,2287,265161,24955,1398302,0.177054,51345,3123346,0.395481,27634,4521648,0.572535,7897587
2,2021-05-05,70782,7384825,43219,3743193,25304,3374212,2259,267420,22404,1375180,0.174127,48115,3171461,0.401573,24993,4546641,0.5757,7897587
2,2021-05-06,71558,7456383,44207,3787400,24582,3398794,2769,270189,22013,1351279,0.1711,49296,3220757,0.407815,25395,4572036,0.578916,7897587
2,2021-05-07,70895,7527278,41971,3829371,26674,3425468,2250,272439,22156,1327675,0.168111,48465,3269222,0.413952,24861,4596897,0.582063,7897587
2,2021-05-08,46514,7573792,28454,3857825,16549,3442017,1511,273950,14681,1313951,0.166374,31677,3300899,0.417963,17953,4614850,0.584337,7897587
2,2021-05-09,11527,7585319,8838,3866663,2487,3444504,202,274152,2213,1307649,0.165576,9274,3310173,0.419137,2972,4617822,0.584713,7897587
3,2020-12-15,303,303,303,303,0,0,0,0,303,303,3.9e-05,0,0,0.0,303,303,3.9e-05,7688185
3,2020-12-16,2206,2509,2206,2509,0,0,0,0,2206,2509,0.000326,0,0,0.0,2206,2509,0.000326,7688185
3,2020-12-17,7602,10111,7602,10111,0,0,0,0,7602,10111,0.001315,0,0,0.0,7602,10111,0.001315,7688185
3,2020-12-18,12806,22917,12795,22906,11,11,0,0,12805,22916,0.002981,0,0,0.0,12805,22916,0.002981,7688185
3,2020-12-19,7041,29958,7030,29936,11,22,0,0,7105,30021,0.003905,0,0,0.0,7105,30021,0.003905,7688185
3,2020-12-20,5483,35441,5475,35411,8,30,0,0,5530,35550,0.004624,1,1,0.0,5530,35551,0.004624,7688185
3,2020-12-21,14262,49703,14239,49650,23,53,0,0,14327,49876,0.006487,1,2,0.0,14327,49878,0.006488,7688185
3,2020-12-22,14622,64325,14055,63705,567,620,0,0,14661,64537,0.008394,0,2,0.0,14661,64539,0.008395,7688185
3,2020-12-23,14653,78978,12070,75775,2583,3203,0,0,14680,79217,0.010304,0,2,0.0,14680,79219,0.010304,7688185
3,2020-12-24,6763,85741,4854,80629,1909,5112,0,0,6761,85977,0.011183,1,3,0.0,6761,85980,0.011183,7688185
3,2020-12-25,719,86460,663,81292,56,5168,0,0,718,86695,0.011276,0,3,0.0,718,86698,0.011277,7688185
3,2020-12-26,4594,91054,2984,84276,1610,6778,0,0,4592,91287,0.011874,0,3,0.0,4592,91290,0.011874,7688185
3,2020-12-27,2950,94004,1832,86108,1118,7896,0,0,2951,94238,0.012258,0,3,0.0,2951,94241,0.012258,7688185
3,2020-12-28,13462,107466,8607,94715,4855,12751,0,0,13490,107727,0.014012,1,4,1e-06,13490,107731,0.014013,7688185
3,2020-12-29,14899,122365,8425,103140,6474,19225,0,0,14929,122654,0.015954,2,6,1e-06,14929,122660,0.015954,7688185
3,2020-12-30,17935,140300,10049,113189,7886,27111,0,0,17925,140579,0.018285,0,6,1e-06,17925,140585,0.018286,7688185
3,2020-12-31,8316,148616,3210,116399,5106,32217,0,0,8316,148894,0.019367,1,7,1e-06,8316,148901,0.019368,7688185
3,2021-01-01,1166,149782,528,116927,638,32855,0,0,1163,150057,0.019518,0,7,1e-06,1163,150064,0.019519,7688185
3,2021-01-02,4991,154773,2473,119400,2518,35373,0,0,4991,155048,0.020167,0,7,1e-06,4991,155055,0.020168,7688185
3,2021-01-03,1593,156366,838,120238,755,36128,0,0,1584,156628,0.020373,4,11,1e-06,1584,156639,0.020374,7688185
3,2021-01-04,11964,168330,5987,126225,5977,42105,0,0,11938,168559,0.021924,7,18,2e-06,11938,168577,0.021927,7688185
3,2021-01-05,15565,183895,8029,134254,7536,49641,0,0,13965,180963,0.023538,1585,1603,0.000209,13989,182566,0.023746,7688185
3,2021-01-06,20084,203979,10504,144758,9580,59221,0,0,15844,192613,0.025053,4200,5803,0.000755,15850,198416,0.025808,7688185
3,2021-01-07,26030,230009,14822,159580,11208,70429,0,0,16991,200606,0.026093,9012,14815,0.001927,17005,215421,0.02802,7688185
3,2021-01-08,30003,260012,18340,177920,11663,82092,0,0,17921,206485,0.026857,12062,26877,0.003496,17941,233362,0.030353,7688185
3,2021-01-09,12297,272309,6953,184873,5344,87436,0,0,7818,209838,0.027294,4473,31350,0.004078,7826,241188,0.031371,7688185
3,2021-01-10,7161,279470,4462,189335,2699,90135,0,0,4024,210731,0.02741,3135,34485,0.004485,4028,245216,0.031895,7688185
3,2021-01-11,28670,308140,18759,208094,9911,100046,0,0,16220,214550,0.027906,12444,46929,0.006104,16263,261479,0.03401,7688185
3,2021-01-12,31877,340017,19068,227162,12809,112855,0,0,19508,221789,0.028848,12353,59282,0.007711,19592,281071,0.036559,7688185
3,2021-01-13,34306,374323,17981,245143,16325,129180,0,0,24230,235960,0.030691,10076,69358,0.009021,24247,305318,0.039713,7688185
3,2021-01-14,34281,408604,14118,259261,20163,149343,0,0,28425,258593,0.033635,5825,75183,0.009779,28458,333776,0.043414,7688185
3,2021-01-15,38525,447129,14404,273665,24121,173464,0,0,33931,287998,0.03746,4585,79768,0.010375,33990,367766,0.047835,7688185
3,2021-01-16,21742,468871,7609,281274,14133,187597,0,0,19439,305168,0.039693,2290,82058,0.010673,19460,387226,0.050366,7688185
3,2021-01-17,13104,481975,4466,285740,8638,196235,0,0,12081,316245,0.041134,1022,83080,0.010806,12099,399325,0.05194,7688185
3,2021-01-18,24538,506513,12771,298511,11767,208002,0,0,19054,329837,0.042902,5502,88582,0.011522,19094,418419,0.054424,7688185
3,2021-01-19,40648,547161,20764,319275,19884,227886,0,0,31622,352538,0.045855,9000,97582,0.012692,31701,450120,0.058547,7688185
3,2021-01-20,44705,591866,22033,341308,22672,250558,0,0,35437,378824,0.049274,9226,106808,0.013892,35512,485632,0.063166,7688185
3,2021-01-21,47096,638962,20311,361619,26785,277343,0,0,41701,415264,0.054013,5322,112130,0.014585,41762,527394,0.068598,7688185
3,2021-01-22,49144,688106,19602,381221,29542,306885,0,0,45043,456267,0.059347,4109,116239,0.015119,45112,572506,0.074466,7688185
3,2021-01-23,29966,718072,12712,393933,17254,324139,0,0,26655,479665,0.06239,3300,119539,0.015548,26698,599204,0.077938,7688185
3,2021-01-24,17603,735675,8485,402418,9118,333257,0,0,16460,495007,0.064385,1141,120680,0.015697,16483,615687,0.080082,7688185
3,2021-01-25,40231,775906,18004,420422,22227,355484,0,0,30428,515730,0.067081,9785,130465,0.01697,30508,646195,0.08405,7688185
3,2021-01-26,46475,822381,22175,442597,24300,379784,0,0,36568,542499,0.070563,9901,140366,0.018257,36670,682865,0.08882,7688185
3,2021-01-27,50386,872767,24472,467069,25914,405698,0,0,39905,572070,0.074409,10405,150771,0.019611,39976,722841,0.09402,7688185
3,2021-01-28,51263,924030,23795,490864,27468,433166,0,0,42477,605885,0.078807,8706,159477,0.020743,42521,765362,0.09955,7688185
3,2021-01-29,50144,974174,24156,515020,25988,459154,0,0,40738,637447,0.082913,9219,168696,0.021942,40781,806143,0.104855,7688185
3,2021-01-30,36567,1010741,17342,532362,19225,478379,0,0,32027,665061,0.086504,4491,173187,0.022526,32105,838248,0.109031,7688185
3,2021-01-31,22194,1032935,12809,545171,9385,487764,0,0,20721,684334,0.089011,1463,174650,0.022717,20736,858984,0.111728,7688185
3,2021-02-01,44779,1077714,20213,565384,24566,512330,0,0,34641,708914,0.092208,10098,184748,0.02403,34678,893662,0.116238,7688185
3,2021-02-02,54107,1131821,22824,588208,31283,543613,0,0,41414,737769,0.095961,12606,197354,0.02567,41461,935123,0.121631,7688185
3,2021-02-03,59512,1191333,26525,614733,32987,576600,0,0,44330,767135,0.099781,15027,212381,0.027624,44393,979516,0.127405,7688185
3,2021-02-04,63892,1255225,27788,642521,36104,612704,0,0,46894,797324,0.103708,16809,229190,0.029811,46998,1026514,0.133518,7688185
3,2021-02-05,69706,1324931,29693,672214,40013,652717,0,0,48236,824455,0.107237,21260,250450,0.032576,48391,1074905,0.139813,7688185
3,2021-02-06,43411,1368342,21147,693361,22264,674981,0,0,33667,848591,0.110376,9713,260163,0.033839,33849,1108754,0.144215,7688185
3,2021-02-07,19397,1387739,12280,705641,7117,682098,0,0,14922,859174,0.111753,4465,264628,0.03442,15048,1123802,0.146173,7688185
3,2021-02-08,50670,1438409,24414,730055,26256,708354,0,0,33291,875388,0.113861,17260,281888,0.036665,33474,1157276,0.150527,7688185
3,2021-02-09,58016,1496425,28236,758291,29780,738134,0,0,34093,886074,0.115251,23750,305638,0.039754,34436,1191712,0.155006,7688185
3,2021-02-10,67298,1563723,31301,789592,35997,774131,0,0,36537,892602,0.1161,30533,336171,0.043726,37061,1228773,0.159826,7688185
3,2021-02-11,69880,1633603,34473,824065,35407,809538,0,0,37651,898882,0.116917,31897,368068,0.047874,38177,1266950,0.164792,7688185
3,2021-02-12,74567,1708170,32266,856331,42301,851839,0,0,41351,908050,0.11811,32935,401003,0.052158,42103,1309053,0.170268,7688185
3,2021-02-13,44467,1752637,20197,876528,24270,876109,0,0,25673,915653,0.119099,18650,419653,0.054584,26253,1335306,0.173683,7688185
3,2021-02-14,27052,1779689,13526,890054,13526,889635,0,0,15142,919375,0.119583,11865,431518,0.056127,15587,1350893,0.17571,7688185
3,2021-02-15,39551,1819240,17082,907136,22469,912104,0,0,21920,924680,0.120273,17546,449064,0.05841,22851,1373744,0.178682,7688185
3,2021-02-16,69264,1888504,32756,939892,36508,948612,0,0,36168,928893,0.120821,32970,482034,0.062698,37183,1410927,0.183519,7688185
3,2021-02-17,70890,1959394,35929,975821,34961,983573,0,0,33786,926844,0.120554,36907,518941,0.067499,34858,1445785,0.188053,7688185
3,2021-02-18,76018,2035412,39725,1015546,36293,1019866,0,0,35549,923380,0.120104,40348,559289,0.072747,36884,1482669,0.19285,7688185
3,2021-02-19,67836,2103248,39149,1054695,28687,1048553,0,0,34429,925183,0.120338,33316,592605,0.07708,35119,1517788,0.197418,7688185
3,2021-02-20,41377,2144625,26181,1080876,15196,1063749,0,0,21936,928251,0.120737,19358,611963,0.079598,22426,1540214,0.200335,7688185
3,2021-02-21,19943,2164568,16200,1097076,3743,1067492,0,0,9294,927333,0.120618,10585,622548,0.080975,9667,1549881,0.201593,7688185
3,2021-02-22,44658,2209226,29104,1126180,15554,1083046,0,0,21177,925586,0.120391,23403,645951,0.084019,21656,1571537,0.204409,7688185
3,2021-02-23,59551,2268777,32332,1158512,27219,1110265,0,0,26309,920755,0.119762,33118,679069,0.088326,28287,1599824,0.208089,7688185
3,2021-02-24,75836,2344613,37047,1195559,38789,1149054,0,0,34038,915649,0.119098,41639,720708,0.093742,36533,1636357,0.21284,7688185
3,2021-02-25,84202,2428815,40529,1236088,43673,1192727,0,0,42234,918682,0.119493,41759,762467,0.099174,44792,1681149,0.218667,7688185
3,2021-02-26,94900,2523715,43291,1279379,51609,1244336,0,0,50701,927673,0.120662,43892,806359,0.104883,52883,1734032,0.225545,7688185
3,2021-02-27,66609,2590324,30296,1309675,36310,1280646,3,3,35261,933043,0.121361,31185,837544,0.108939,36555,1770587,0.2303,7688185
3,2021-02-28,37546,2627870,21809,1331484,15736,1296382,1,4,19500,935578,0.12169,17913,855457,0.111269,20448,1791035,0.232959,7688185
3,2021-03-01,65089,2692959,34465,1365949,30612,1326994,12,16,36469,944915,0.122905,28473,883930,0.114973,37810,1828845,0.237877,7688185
3,2021-03-02,74241,2767200,35423,1401372,38816,1365810,2,18,42929,958701,0.124698,31202,915132,0.119031,44988,1873833,0.243729,7688185
3,2021-03-03,86766,2853966,41219,1442591,45535,1411345,12,30,48399,971150,0.126317,38207,953339,0.124001,50656,1924489,0.250318,7688185
3,2021-03-04,91368,2945334,44697,1487288,46656,1458001,15,45,52042,986323,0.128291,39142,992481,0.129092,54315,1978804,0.257382,7688185
3,2021-03-05,87260,3032594,42428,1529716,44544,1502545,288,333,53175,1008127,0.131127,33874,1026355,0.133498,55678,2034482,0.264624,7688185
3,2021-03-06,63770,3096364,32040,1561756,29596,1532141,2134,2467,36539,1021154,0.132821,27111,1053466,0.137024,40138,2074620,0.269845,7688185
3,2021-03-07,36383,3132747,21487,1583243,13790,1545931,1106,3573,20845,1028770,0.133812,15492,1068958,0.139039,23108,2097728,0.272851,7688185
3,2021-03-08,57721,3190468,27357,1610600,27548,1573479,2816,6389,36588,1048683,0.136402,21034,1089992,0.141775,40947,2138675,0.278177,7688185
3,2021-03-09,70100,3260568,29729,1640329,36042,1609521,4329,10718,36441,1057073,0.137493,33560,1123552,0.14614,41950,2180625,0.283633,7688185
3,2021-03-10,79934,3340502,39366,1679695,34545,1644066,6023,16741,41402,1067530,0.138853,38373,1161925,0.151131,48830,2229455,0.289985,7688185
3,2021-03-11,95116,3435618,46350,1726045,40262,1684328,8504,25245,46854,1075967,0.139951,48042,1209967,0.15738,56479,2285934,0.297331,7688185
3,2021-03-12,100096,3535714,44556,1770601,43763,1728091,11777,37022,45925,1080814,0.140581,54000,1263967,0.164404,58847,2344781,0.304985,7688185
3,2021-03-13,68504,3604218,28954,1799555,32368,1760459,7182,44204,36072,1093115,0.142181,32341,1296308,0.16861,44642,2389423,0.310792,7688185
3,2021-03-14,40192,3644410,21123,1820678,15586,1776045,3483,47687,21863,1100823,0.143184,18274,1314582,0.170987,25982,2415405,0.314171,7688185
3,2021-03-15,74374,3718784,35259,1855937,34622,1810667,4493,52180,39592,1111276,0.144543,34633,1349215,0.175492,45086,2460491,0.320035,7688185
3,2021-03-16,93765,3812549,43190,1899127,46328,1856995,4247,56427,53532,1129931,0.14697,40052,1389267,0.180702,58707,2519198,0.327671,7688185
3,2021-03-17,96241,3908790,46758,1945885,45099,1902094,4384,60811,59008,1156935,0.150482,37054,1426321,0.185521,64058,2583256,0.336003,7688185
3,2021-03-18,100825,4009615,50810,1996695,45671,1947765,4344,65155,59130,1179463,0.153412,41501,1467822,0.190919,64029,2647285,0.344332,7688185
3,2021-03-19,100871,4110486,53815,2050510,42676,1990441,4380,69535,57415,1198561,0.155896,43244,1511066,0.196544,62342,2709627,0.35244,7688185
3,2021-03-20,70246,4180732,36199,2086709,30495,2020936,3552,73087,44434,1221382,0.158865,25663,1536729,0.199882,48484,2758111,0.358747,7688185
3,2021-03-21,35355,4216087,24031,2110740,9865,2030801,1459,74546,22992,1234000,0.160506,12303,1549032,0.201482,24921,2783032,0.361988,7688185
3,2021-03-22,68840,4284927,40371,2151111,26022,2056823,2447,76993,45134,1259046,0.163764,23544,1572576,0.204545,48590,2831622,0.368308,7688185
3,2021-03-23,88120,4373047,48440,2199551,37229,2094052,2451,79444,57200,1288682,0.167618,30717,1603293,0.20854,60353,2891975,0.376158,7688185
3,2021-03-24,97289,4470336,56158,2255709,38352,2132404,2779,82223,56864,1308791,0.170234,40140,1643433,0.213761,60249,2952224,0.383995,7688185
3,2021-03-25,104888,4575224,58259,2313968,43797,2176201,2832,85055,60571,1328795,0.172836,44053,1687486,0.219491,64057,3016281,0.392327,7688185
3,2021-03-26,108248,4683472,58048,2372016,46994,2223195,3206,88261,57782,1340410,0.174347,50222,1737708,0.226023,61837,3078118,0.40037,7688185
3,2021-03-27,73026,4756498,37012,2409028,33495,2256690,2519,90780,36613,1343970,0.17481,36245,1773953,0.230738,39805,3117923,0.405547,7688185
3,2021-03-28,43194,4799692,27119,2436147,15275,2271965,800,91580,23100,1348363,0.175381,20008,1793961,0.23334,24401,3142324,0.408721,7688185
3,2021-03-29,79384,4879076,41481,2477628,36133,2308098,1770,93350,44926,1361589,0.177101,34269,1828230,0.237797,47495,3189819,0.414899,7688185
3,2021-03-30,98582,4977658,48485,2526113,46568,2354666,3529,96879,59786,1386914,0.180396,38595,1866825,0.242817,63920,3253739,0.423213,7688185
3,2021-03-31,103269,5080927,55730,2581843,42818,2397484,4721,101600,57267,1403388,0.182538,45852,1912677,0.248781,62326,3316065,0.43132,7688185
3,2021-04-01,120495,5201422,60708,2642551,50416,2447900,9371,110971,65663,1424183,0.185243,54597,1967274,0.255883,75392,3391457,0.441126,7688185
3,2021-04-02,115582,5317004,56514,2699065,49101,2497001,9967,120938,61691,1442670,0.187648,53680,2020954,0.262865,72167,3463624,0.450513,7688185
3,2021-04-03,74584,5391588,38030,2737095,27573,2524574,8981,129919,37503,1452527,0.18893,36973,2057927,0.267674,46830,3510454,0.456604,7688185
3,2021-04-04,32073,5423661,17150,2754245,10774,2535348,4149,134068,14338,1453379,0.189041,17679,2075606,0.269973,18531,3528985,0.459014,7688185
3,2021-04-05,87763,5511424,44615,2798860,34258,2569606,8890,142958,43524,1462538,0.190232,44091,2119697,0.275708,53250,3582235,0.46594,7688185
3,2021-04-06,111878,5623302,54658,2853518,42270,2611876,14950,157908,53300,1473159,0.191613,58364,2178061,0.2833,68985,3651220,0.474913,7688185
3,2021-04-07,114532,5737834,59602,2913120,38947,2650823,15983,173891,56056,1487220,0.193442,58283,2236344,0.290881,72344,3723564,0.484323,7688185
3,2021-04-08,119621,5857455,59906,2973026,39929,2690752,19786,193677,55965,1500354,0.195151,63421,2299765,0.29913,76555,3800119,0.49428,7688185
3,2021-04-09,115801,5973256,57882,3030908,39166,2729918,18753,212430,51423,1507265,0.19605,64197,2363962,0.30748,71108,3871227,0.503529,7688185
3,2021-04-10,82242,6055498,37307,3068215,29993,2759911,14942,227372,33860,1508666,0.196232,48244,2412206,0.313755,49645,3920872,0.509987,7688185
3,2021-04-11,44307,6099805,23742,3091957,12643,2772554,7922,235294,16902,1507003,0.196015,27329,2439535,0.31731,25666,3946538,0.513325,7688185
3,2021-04-12,82564,6182369,41910,3133867,32120,2804674,8534,243828,37874,1509966,0.196401,44521,2484056,0.3231,47484,3994022,0.519501,7688185
3,2021-04-13,103529,6285898,56021,3189888,47303,2851977,205,244033,54778,1517241,0.197347,48577,2532633,0.329419,55852,4049874,0.526766,7688185
3,2021-04-14,104778,6390676,57511,3247399,47178,2899155,89,244122,52963,1520122,0.197722,51587,2584220,0.336129,54468,4104342,0.533851,7688185
3,2021-04-15,116245,6506921,65503,3312902,50689,2949844,53,244175,63078,1531095,0.199149,52945,2637165,0.343015,63918,4168260,0.542164,7688185
3,2021-04-16,112616,6619537,63171,3376073,49357,2999201,88,244263,59299,1538041,0.200053,53095,2690260,0.349921,60041,4228301,0.549974,7688185
3,2021-04-17,76205,6695742,41739,3417812,34454,3033655,12,244275,42131,1547191,0.201243,33938,2724198,0.354336,43088,4271389,0.555578,7688185
3,2021-04-18,36469,6732211,21549,3439361,14917,3048572,3,244278,17349,1546348,0.201133,19049,2743247,0.356813,18206,4289595,0.557946,7688185
3,2021-04-19,77409,6809620,43297,3482658,34062,3082634,50,244328,35176,1539998,0.200307,42096,2785343,0.362289,35746,4325341,0.562596,7688185
3,2021-04-20,97263,6906883,50364,3533022,46890,3129524,9,244337,47646,1539231,0.200207,49454,2834797,0.368721,48687,4374028,0.568929,7688185
3,2021-04-21,100095,7006978,55213,3588235,44821,3174345,61,244398,47668,1535727,0.199752,52185,2886982,0.375509,48681,4422709,0.57526,7688185
3,2021-04-22,106797,7113775,59193,3647428,47585,3221930,19,244417,46679,1523494,0.19816,59864,2946846,0.383295,47631,4470340,0.581456,7688185
3,2021-04-23,101798,7215573,57861,3705289,43917,3265847,20,244437,44876,1512741,0.196762,56639,3003485,0.390662,45886,4516226,0.587424,7688185
3,2021-04-24,72057,7287630,44762,3750051,27238,3293085,57,244494,35378,1512677,0.196753,36457,3039942,0.395404,36393,4552619,0.592158,7688185
3,2021-04-25,35927,7323557,23218,3773269,12697,3305782,12,244506,18523,1514288,0.196963,17305,3057247,0.397655,18916,4571535,0.594618,7688185
3,2021-04-26,64521,7388078,36251,3809520,27908,3333690,362,244868,27451,1506512,0.195952,36868,3094115,0.402451,29092,4600627,0.598402,7688185
3,2021-04-27,81622,7469700,42534,3852054,37703,3371393,1385,246253,32549,1492332,0.194107,48843,3142958,0.408804,34663,4635290,0.602911,7688185
3,2021-04-28,83005,7552705,46775,3898829,34179,3405572,2051,248304,33704,1479516,0.19244,49093,3192051,0.415189,36277,4671567,0.607629,7688185
3,2021-04-29,84589,7637294,48069,3946898,34383,3439955,2137,250441,29528,1456823,0.189489,54830,3246881,0.422321,32137,4703704,0.611809,7688185
3,2021-04-30,86962,7724256,48906,3995804,35657,3475612,2399,252840,32415,1437759,0.187009,54318,3301199,0.429386,35254,4738958,0.616395,7688185
3,2021-05-01,53576,7777832,33825,4029629,18380,3493992,1371,254211,19457,1425093,0.185361,33972,3335171,0.433805,21306,4760264,0.619166,7688185
3,2021-05-02,26299,7804131,17936,4047565,7358,3501350,1005,255216,9608,1419180,0.184592,16625,3351796,0.435967,10712,4770976,0.620559,7688185
3,2021-05-03,57557,7861688,33571,4081136,21692,3523042,2294,257510,16892,1398041,0.181843,40503,3392299,0.441235,19364,4790340,0.623078,7688185
3,2021-05-04,74663,7936351,42717,4123853,29389,3552431,2557,260067,21804,1370054,0.178203,52627,3444926,0.448081,24640,4814980,0.626283,7688185
3,2021-05-05,70259,8006610,42965,4166818,24760,3577191,2534,262601,19460,1341753,0.174521,50560,3495486,0.454657,22259,4837239,0.629178,7688185
3,2021-05-06,73841,8080451,47646,4214464,23834,3601025,2361,264962,18215,1307485,0.170064,55377,3550863,0.46186,21109,4858348,0.631924,7688185
3,2021-05-07,70223,8150674,44429,4258893,23405,3624430,2389,267351,18954,1278088,0.166241,51028,3601891,0.468497,21631,4879979,0.634737,7688185
3,2021-05-08,45163,8195837,27750,4286643,15929,3640359,1484,268835,12101,1259699,0.163849,32913,3634804,0.472778,14524,4894503,0.636627,7688185
3,2021-05-09,9976,8205813,7877,4294520,1941,3642300,158,268993,1376,1252831,0.162955,8574,3643378,0.473893,1706,4896209,0.636848,7688185
4,2020-12-15,444,444,444,444,0,0,0,0,444,444,5.9e-05,0,0,0.0,444,444,5.9e-05,7584050
4,2020-12-16,2956,3400,2956,3400,0,0,0,0,2956,3400,0.000448,0,0,0.0,2956,3400,0.000448,7584050
4,2020-12-17,8523,11923,8523,11923,0,0,0,0,8523,11923,0.001572,0,0,0.0,8523,11923,0.001572,7584050
4,2020-12-18,15382,27305,15373,27296,9,9,0,0,15382,27305,0.0036,0,0,0.0,15382,27305,0.0036,7584050
4,2020-12-19,10232,37537,10225,37521,7,16,0,0,10167,37472,0.004941,0,0,0.0,10167,37472,0.004941,7584050
4,2020-12-20,7355,44892,7342,44863,13,29,0,0,7310,44782,0.005905,0,0,0.0,7310,44782,0.005905,7584050
4,2020-12-21,16274,61166,16251,61114,23,52,0,0,16207,60989,0.008042,0,0,0.0,16207,60989,0.008042,7584050
4,2020-12-22,17084,78250,16353,77467,731,783,0,0,17040,78029,0.010289,0,0,0.0,17040,78029,0.010289,7584050
4,2020-12-23,16908,95158,14224,91691,2684,3467,0,0,16879,94908,0.012514,0,0,0.0,16879,94908,0.012514,7584050
4,2020-12-24,8533,103691,5953,97644,2580,6047,0,0,8533,103441,0.013639,0,0,0.0,8533,103441,0.013639,7584050
4,2020-12-25,899,104590,795,98439,104,6151,0,0,899,104340,0.013758,0,0,0.0,899,104340,0.013758,7584050
4,2020-12-26,6165,110755,3865,102304,2300,8451,0,0,6165,110505,0.014571,0,0,0.0,6165,110505,0.014571,7584050
4,2020-12-27,3415,114170,1995,104299,1420,9871,0,0,3415,113920,0.015021,0,0,0.0,3415,113920,0.015021,7584050
4,2020-12-28,14948,129118,9237,113536,5711,15582,0,0,14918,128837,0.016988,1,1,0.0,14918,128838,0.016988,7584050
4,2020-12-29,15233,144351,8432,121968,6801,22383,0,0,15199,144036,0.018992,0,1,0.0,15199,144037,0.018992,7584050
4,2020-12-30,18854,163205,11054,133022,7800,30183,0,0,18843,162877,0.021476,2,3,0.0,18843,162880,0.021477,7584050
4,2020-12-31,8187,171392,3319,136341,4868,35051,0,0,8182,171057,0.022555,2,5,1e-06,8182,171062,0.022555,7584050
4,2021-01-01,1214,172606,511,136852,703,35754,0,0,1212,172267,0.022714,2,7,1e-06,1212,172274,0.022715,7584050
4,2021-01-02,5663,178269,3203,140055,2460,38214,0,0,5662,177928,0.023461,1,8,1e-06,5662,177936,0.023462,7584050
4,2021-01-03,2118,180387,1254,141309,864,39078,0,0,2104,180028,0.023738,4,12,2e-06,2104,180040,0.023739,7584050
4,2021-01-04,12935,193322,7058,148367,5877,44955,0,0,12887,192884,0.025433,31,43,6e-06,12887,192927,0.025439,7584050
4,2021-01-05,16748,210070,9897,158264,6851,51806,0,0,14724,205616,0.027112,2003,2046,0.00027,14735,207662,0.027381,7584050
4,2021-01-06,21466,231536,13161,171425,8305,60111,0,0,15631,215475,0.028412,5783,7829,0.001032,15642,223304,0.029444,7584050
4,2021-01-07,27743,259279,16920,188345,10823,70934,0,0,16969,221738,0.029237,10719,18548,0.002446,16982,240286,0.031683,7584050
4,2021-01-08,32612,291891,20927,209272,11685,82619,0,0,18476,226164,0.029821,14067,32615,0.0043,18493,258779,0.034121,7584050
4,2021-01-09,16145,308036,9552,218824,6593,89212,0,0,9415,228882,0.030179,6708,39323,0.005185,9426,268205,0.035364,7584050
4,2021-01-10,8698,316734,5620,224444,3078,92290,0,0,4102,228417,0.030118,4575,43898,0.005788,4110,272315,0.035906,7584050
4,2021-01-11,33228,349962,21765,246209,11463,103753,0,0,18743,232753,0.03069,14445,58343,0.007693,18781,291096,0.038383,7584050
4,2021-01-12,38018,387980,21814,268023,16204,119957,0,0,24009,242841,0.03202,13960,72303,0.009534,24048,315144,0.041554,7584050
4,2021-01-13,38381,426361,18899,286922,19482,139439,0,0,27202,258942,0.034143,11126,83429,0.011001,27227,342371,0.045144,7584050
4,2021-01-14,38858,465219,14844,301766,24014,163453,0,0,31821,283801,0.037421,6989,90418,0.011922,31848,374219,0.049343,7584050
4,2021-01-15,45034,510253,15587,317353,29447,192900,0,0,39523,317888,0.041915,5456,95874,0.012642,39543,413762,0.054557,7584050
4,2021-01-16,28511,538764,9333,326686,19178,212078,0,0,25411,340249,0.044864,3064,98938,0.013046,25425,439187,0.057909,7584050
4,2021-01-17,18938,557702,6645,333331,12293,224371,0,0,17429,356208,0.046968,1484,100422,0.013241,17443,456630,0.060209,7584050
4,2021-01-18,29123,586825,13368,346699,15755,240126,0,0,23177,373569,0.049257,5848,106270,0.014012,23209,479839,0.063269,7584050
4,2021-01-19,45990,632815,23188,369887,22802,262928,0,0,36694,401093,0.052886,9241,115511,0.015231,36765,516604,0.068117,7584050
4,2021-01-20,51491,684306,27317,397204,24174,287102,0,0,41103,431953,0.056955,10293,125804,0.016588,41153,557757,0.073543,7584050
4,2021-01-21,56203,740509,24852,422056,31351,318453,0,0,49839,475529,0.062701,6305,132109,0.017419,49881,607638,0.080121,7584050
4,2021-01-22,54778,795287,22015,444071,32763,351216,0,0,49712,520300,0.068605,4971,137080,0.018075,49742,657380,0.086679,7584050
4,2021-01-23,39364,834651,17403,461474,21961,373177,0,0,35074,551120,0.072668,4282,141362,0.018639,35102,692482,0.091308,7584050
4,2021-01-24,23890,858541,10495,471969,13395,386572,0,0,22024,571301,0.075329,1858,143220,0.018884,22039,714521,0.094214,7584050
4,2021-01-25,47545,906086,21959,493928,25586,412158,0,0,36558,596955,0.078712,10958,154178,0.020329,36612,751133,0.099041,7584050
4,2021-01-26,56189,962275,28670,522598,27519,439677,0,0,44131,629140,0.082956,12003,166181,0.021912,44188,795321,0.104868,7584050
4,2021-01-27,55145,1017420,26676,549274,28469,468146,0,0,44216,662613,0.087369,10793,176974,0.023335,44266,839587,0.110704,7584050
4,2021-01-28,56037,1073457,25293,574567,30744,498890,0,0,46198,699104,0.092181,9748,186722,0.02462,46239,885826,0.116801,7584050
4,2021-01-29,55996,1129453,26925,601492,29071,527961,0,0,45753,734783,0.096885,10101,196823,0.025952,45780,931606,0.122838,7584050
4,2021-01-30,37464,1166917,17064,618556,20400,548361,0,0,32232,761851,0.100454,5187,202010,0.026636,32255,963861,0.127091,7584050
4,2021-01-31,23781,1190698,12497,631053,11284,559645,0,0,22186,782471,0.103173,1579,203589,0.026844,22199,986060,0.130018,7584050
4,2021-02-01,48130,1238828,22695,653748,25435,585080,0,0,37880,810170,0.106826,10222,213811,0.028192,37921,1023981,0.135018,7584050
4,2021-02-02,55811,1294639,26324,680072,29487,614567,0,0,42135,838803,0.110601,13543,227354,0.029978,42176,1066157,0.140579,7584050
4,2021-02-03,61708,1356347,30331,710403,31377,645944,0,0,47552,872362,0.115026,14049,241403,0.03183,47608,1113765,0.146856,7584050
4,2021-02-04,67225,1423572,31362,741765,35863,681807,0,0,50614,906623,0.119543,16455,257858,0.034,50716,1164481,0.153543,7584050
4,2021-02-05,72595,1496167,33635,775400,38960,720767,0,0,50721,935840,0.123396,21634,279492,0.036853,50851,1215332,0.160248,7584050
4,2021-02-06,47949,1544116,25959,801359,21990,742757,0,0,36536,961191,0.126738,11385,290877,0.038354,36736,1252068,0.165092,7584050
4,2021-02-07,26239,1570355,17311,818670,8928,751685,0,0,19884,974989,0.128558,6322,297199,0.039187,20120,1272188,0.167745,7584050
4,2021-02-08,58074,1628429,29807,848477,28267,779952,0,0,37836,992973,0.130929,20107,317306,0.041839,38091,1310279,0.172768,7584050
4,2021-02-09,66766,1695195,34003,882480,32763,812715,0,0,39271,1005211,0.132543,27431,344737,0.045456,39669,1349948,0.177998,7584050
4,2021-02-10,76825,1772020,38468,920948,38357,851072,0,0,40846,1010844,0.133286,35747,380484,0.050169,41380,1391328,0.183454,7584050
4,2021-02-11,80554,1852574,41998,962946,38556,889628,0,0,41777,1014714,0.133796,38565,419049,0.055254,42435,1433763,0.18905,7584050
4,2021-02-12,83724,1936298,37508,1000454,46216,935844,0,0,43233,1018407,0.134283,40320,459369,0.06057,44013,1477776,0.194853,7584050
4,2021-02-13,58282,1994580,29540,1029994,28742,964586,0,0,29803,1020731,0.134589,28368,487737,0.064311,30692,1508468,0.1989,7584050
4,2021-02-14,36611,2031191,19029,1049023,17582,982168,0,0,18814,1022443,0.134815,17757,505494,0.066652,19469,1527937,0.201467,7584050
4,2021-02-15,45795,2076986,21483,1070506,24312,1006480,0,0,23595,1025077,0.135162,22135,527629,0.069571,24769,1552706,0.204733,7584050
4,2021-02-16,79354,2156340,36314,1106820,43040,1049520,0,0,40581,1028180,0.135571,38683,566312,0.074671,41786,1594492,0.210243,7584050
4,2021-02-17,80562,2236902,37937,1144757,42625,1092145,0,0,38478,1025848,0.135264,41933,608245,0.080201,39601,1634093,0.215464,7584050
4,2021-02-18,82513,2319415,45419,1190176,37094,1129239,0,0,38356,1021654,0.134711,44019,652264,0.086005,39825,1673918,0.220716,7584050
4,2021-02-19,81547,2400962,51310,1241486,30237,1159476,0,0,40955,1022840,0.134867,40459,692723,0.091339,41645,1715563,0.226207,7584050
4,2021-02-20,48157,2449119,32148,1273634,16009,1175485,0,0,26367,1028151,0.135568,21740,714463,0.094206,27051,1742614,0.229774,7584050
4,2021-02-21,25688,2474807,20091,1293725,5597,1181082,0,0,11656,1026111,0.135299,13975,728438,0.096049,11935,1754549,0.231347,7584050
4,2021-02-22,52120,2526927,35868,1329593,16252,1197334,0,0,25366,1025240,0.135184,26672,755110,0.099566,25801,1780350,0.234749,7584050
4,2021-02-23,72287,2599214,39862,1369455,32425,1229759,0,0,31820,1018359,0.134276,40359,795469,0.104887,33478,1813828,0.239164,7584050
4,2021-02-24,87517,2686731,46077,1415532,41440,1271199,0,0,39759,1012684,0.133528,47574,843043,0.11116,41899,1855727,0.244688,7584050
4,2021-02-25,97620,2784351,50669,1466201,46951,1318150,0,0,46835,1011414,0.133361,50643,893686,0.117838,49373,1905100,0.251198,7584050
4,2021-02-26,103877,2888228,52348,1518549,51529,1369679,0,0,53739,1017559,0.134171,49925,943611,0.12442,56070,1961170,0.258591,7584050
4,2021-02-27,74701,2962929,40402,1558951,34293,1403972,6,6,39951,1024351,0.135066,34636,978247,0.128987,41428,2002598,0.264054,7584050
4,2021-02-28,44920,3007849,27838,1586789,17081,1421053,1,7,25040,1030513,0.135879,19755,998002,0.131592,25917,2028515,0.267471,7584050
4,2021-03-01,74447,3082296,43486,1630275,30948,1452001,13,20,41229,1039907,0.137118,33026,1031028,0.135947,42420,2070935,0.273065,7584050
4,2021-03-02,80462,3162758,44885,1675160,35573,1487574,4,24,47180,1055728,0.139204,33142,1064170,0.140317,48963,2119898,0.279521,7584050
4,2021-03-03,97877,3260635,51652,1726812,46214,1533788,11,35,54453,1068710,0.140915,43246,1107416,0.146019,56228,2176126,0.286935,7584050
4,2021-03-04,95401,3356036,52924,1779736,42464,1576252,13,48,52417,1080109,0.142418,42797,1150213,0.151662,54196,2230322,0.294081,7584050
4,2021-03-05,92281,3448317,49349,1829085,42622,1618874,310,358,54660,1099535,0.14498,37456,1187669,0.156601,56882,2287204,0.301581,7584050
4,2021-03-06,74806,3523123,41907,1870992,30298,1649172,2601,2959,45774,1120316,0.14772,28937,1216606,0.160416,49718,2336922,0.308136,7584050
4,2021-03-07,41351,3564474,26217,1897209,13981,1663153,1153,4112,24542,1130339,0.149042,16755,1233361,0.162626,26778,2363700,0.311667,7584050
4,2021-03-08,64974,3629448,33697,1930906,28111,1691264,3166,7278,42703,1155386,0.152344,22168,1255529,0.165549,47215,2410915,0.317893,7584050
4,2021-03-09,73618,3703066,34085,1964991,34444,1725708,5089,12367,38173,1164482,0.153544,35304,1290833,0.170204,44400,2455315,0.323747,7584050
4,2021-03-10,87965,3791031,44625,2009616,35957,1761665,7383,19750,44068,1173158,0.154688,43749,1334582,0.175972,52425,2507740,0.33066,7584050
4,2021-03-11,99551,3890582,52331,2061947,38874,1800539,8346,28096,46143,1175562,0.155005,53220,1387802,0.18299,55624,2563364,0.337994,7584050
4,2021-03-12,103248,3993830,50871,2112818,42190,1842729,10187,38283,44240,1172142,0.154554,58800,1446602,0.190743,55380,2618744,0.345296,7584050
4,2021-03-13,79784,4073614,37083,2149901,34354,1877083,8347,46630,37528,1177036,0.155199,42144,1488746,0.1963,47038,2665782,0.351498,7584050
4,2021-03-14,48986,4122600,27897,2177798,17509,1894592,3580,50210,25145,1182635,0.155937,23767,1512513,0.199433,29366,2695148,0.355371,7584050
4,2021-03-15,82870,4205470,44371,2222169,34307,1928899,4192,54402,42839,1190670,0.156997,39840,1552353,0.204687,47875,2743023,0.361683,7584050
4,2021-03-16,106512,4311982,55290,2277459,47871,1976770,3351,57753,57312,1203039,0.158628,48997,1601350,0.211147,61366,2804389,0.369775,7584050
4,2021-03-17,104976,4416958,56449,2333908,45138,2021908,3389,61142,61963,1226161,0.161676,42806,1644156,0.216791,65928,2870317,0.378468,7584050
4,2021-03-18,104988,4521946,58018,2391926,43364,2065272,3606,64748,60465,1246373,0.164341,44299,1688455,0.222632,64511,2934828,0.386974,7584050
4,2021-03-19,109072,4631018,62412,2454338,41565,2106837,5095,69843,63263,1269531,0.167395,45608,1734063,0.228646,68766,3003594,0.396041,7584050
4,2021-03-20,82226,4713244,48040,2502378,31241,2138078,2945,72788,51449,1293572,0.170565,30666,1764729,0.23269,54707,3058301,0.403254,7584050
4,2021-03-21,47275,4760519,34214,2536592,10836,2148914,2225,75013,28883,1306726,0.172299,18305,1783034,0.235103,31459,3089760,0.407402,7584050
4,2021-03-22,80746,4841265,52795,2589387,25318,2174232,2633,77646,51544,1332595,0.17571,29023,1812057,0.23893,54892,3144652,0.41464,7584050
4,2021-03-23,102979,4944244,61395,2650782,39493,2213725,2091,79737,64505,1361486,0.17952,38237,1850294,0.243972,67128,3211780,0.423491,7584050
4,2021-03-24,112033,5056277,72406,2723188,37329,2251054,2298,82035,64428,1381443,0.182151,47225,1897519,0.250199,67182,3278962,0.43235,7584050
4,2021-03-25,115142,5171419,70894,2794082,41950,2293004,2298,84333,67059,1403600,0.185073,47679,1945198,0.256485,69836,3348798,0.441558,7584050
4,2021-03-26,117891,5289310,71516,2865598,43386,2336390,2989,87322,66158,1421907,0.187487,51438,1996636,0.263268,69745,3418543,0.450754,7584050
4,2021-03-27,90037,5379347,53307,2918905,34952,2371342,1778,89100,46898,1428100,0.188303,42955,2039591,0.268932,49148,3467691,0.457235,7584050
4,2021-03-28,54877,5434224,36112,2955017,17899,2389241,866,89966,30704,1435933,0.189336,24057,2063648,0.272104,31890,3499581,0.46144,7584050
4,2021-03-29,92269,5526493,55443,3010460,34812,2424053,2014,91980,51576,1449555,0.191132,40512,2104160,0.277445,54134,3553715,0.468577,7584050
4,2021-03-30,115752,5642245,63072,3073532,48593,2472646,4087,96067,74059,1486634,0.196021,41515,2145675,0.282919,78594,3632309,0.478941,7584050
4,2021-03-31,119317,5761562,70540,3144072,42584,2515230,6193,102260,69107,1512199,0.199392,49959,2195634,0.289507,75524,3707833,0.488899,7584050
4,2021-04-01,139829,5901391,79912,3223984,47074,2562304,12843,115103,82999,1551734,0.204605,56566,2252200,0.296965,96101,3803934,0.50157,7584050
4,2021-04-02,134303,6035694,71992,3295976,49187,2611491,13124,128227,78175,1587509,0.209322,55911,2308111,0.304338,91686,3895620,0.51366,7584050
4,2021-04-03,99645,6135339,53185,3349161,33366,2644857,13094,141321,52243,1605889,0.211746,47255,2355366,0.310568,65635,3961255,0.522314,7584050
4,2021-04-04,46418,6181757,24483,3373644,14481,2659338,7454,148775,20556,1608160,0.212045,25791,2381157,0.313969,28062,3989317,0.526014,7584050
4,2021-04-05,108141,6289898,60986,3434630,34560,2693898,12595,161370,56852,1627075,0.214539,51133,2432290,0.320711,70048,4059365,0.53525,7584050
4,2021-04-06,137265,6427163,77481,3512111,40245,2734143,19539,180909,71806,1653822,0.218066,65271,2497561,0.329318,92018,4151383,0.547383,7584050
4,2021-04-07,135657,6562820,77113,3589224,38128,2772271,20416,201325,70674,1680478,0.221581,64785,2562346,0.33786,91441,4242824,0.55944,7584050
4,2021-04-08,137931,6700751,77195,3666419,35652,2807923,25084,226409,68853,1706243,0.224978,68858,2631204,0.346939,94623,4337447,0.571917,7584050
4,2021-04-09,135186,6835937,74261,3740680,38357,2846280,22568,248977,64948,1724753,0.227418,70070,2701274,0.356178,88580,4426027,0.583597,7584050
4,2021-04-10,101616,6937553,50343,3791023,32856,2879136,18417,267394,46064,1734924,0.22876,55392,2756666,0.363482,65563,4491590,0.592242,7584050
4,2021-04-11,61633,6999186,37489,3828512,13047,2892183,11097,278491,27113,1739779,0.2294,34445,2791111,0.368024,39300,4530890,0.597424,7584050
4,2021-04-12,101171,7100357,61669,3890181,29741,2921924,9761,288252,51365,1752555,0.231084,49571,2840682,0.37456,62347,4593237,0.605644,7584050
4,2021-04-13,128569,7228926,80559,3970740,47858,2969782,152,288404,77237,1779677,0.234661,51115,2891797,0.3813,78237,4671474,0.61596,7584050
4,2021-04-14,133317,7362243,84994,4055734,48255,3018037,68,288472,74437,1796748,0.236911,58631,2950428,0.389031,75702,4747176,0.625942,7584050
4,2021-04-15,153440,7515683,102351,4158085,51057,3069094,32,288504,94960,1834283,0.241861,58196,3008624,0.396704,95731,4842907,0.638565,7584050
4,2021-04-16,140991,7656674,89668,4247753,51249,3120343,74,288578,82620,1859531,0.24519,58134,3066758,0.404369,83382,4926289,0.649559,7584050
4,2021-04-17,98816,7755490,62540,4310293,36268,3156611,8,288586,58041,1878122,0.247641,40575,3107333,0.409719,59166,4985455,0.657361,7584050
4,2021-04-18,53263,7808753,35700,4345993,17560,3174171,3,288589,30406,1886707,0.248773,22760,3130093,0.412721,31345,5016800,0.661494,7584050
4,2021-04-19,99154,7907907,65522,4411515,33620,3207791,12,288601,50910,1890140,0.249226,48068,3178161,0.419059,51501,5068301,0.668284,7584050
4,2021-04-20,126172,8034079,73929,4485444,52238,3260029,5,288606,66357,1897971,0.250258,59562,3237723,0.426912,67393,5135694,0.67717,7584050
4,2021-04-21,126419,8160498,81220,4566664,45150,3305179,49,288655,64080,1901002,0.250658,62087,3299810,0.435099,65118,5200812,0.685757,7584050
4,2021-04-22,135693,8296191,89332,4655996,46343,3351522,18,288673,60984,1888648,0.249029,74433,3374243,0.444913,62079,5262891,0.693942,7584050
4,2021-04-23,129364,8425555,83820,4739816,45522,3397044,22,288695,56331,1873365,0.247014,72754,3446997,0.454506,57471,5320362,0.70152,7584050
4,2021-04-24,96291,8521846,65369,4805185,30870,3427914,52,288747,44416,1867221,0.246204,51648,3498645,0.461316,45504,5365866,0.70752,7584050
4,2021-04-25,48746,8570592,34628,4839813,14095,3442009,23,288770,25589,1870202,0.246597,23054,3521699,0.464356,26035,5391901,0.710953,7584050
4,2021-04-26,79766,8650358,52582,4892395,26825,3468834,359,289129,31176,1854608,0.244541,48383,3570082,0.470736,32789,5424690,0.715276,7584050
4,2021-04-27,101676,8752034,62148,4954543,37755,3506589,1773,290902,36594,1828857,0.241145,64830,3634912,0.479284,39079,5463769,0.720429,7584050
4,2021-04-28,98903,8850937,64194,5018737,32246,3538835,2463,293365,35371,1803994,0.237867,63310,3698222,0.487632,38447,5502216,0.725498,7584050
4,2021-04-29,100068,8951005,63418,5082155,34177,3573012,2473,295838,31282,1769776,0.233355,68536,3766758,0.496668,34318,5536534,0.730023,7584050
4,2021-04-30,100360,9051365,63115,5145270,34644,3607656,2601,298439,34214,1741321,0.229603,65869,3832627,0.505354,37414,5573948,0.734957,7584050
4,2021-05-01,67747,9119112,45156,5190426,20859,3628515,1732,300171,19741,1715562,0.226207,47854,3880481,0.511663,22095,5596043,0.73787,7584050
4,2021-05-02,37106,9156218,26290,5216716,9550,3638065,1266,301437,10488,1700932,0.224278,26519,3907000,0.51516,11889,5607932,0.739438,7584050
4,2021-05-03,76838,9233056,53682,5270398,20727,3658792,2429,303866,18967,1664977,0.219537,57681,3964681,0.522766,21726,5629658,0.742302,7584050
4,2021-05-04,97243,9330299,66035,5336433,28539,3687331,2669,306535,21984,1614944,0.21294,75042,4039723,0.53266,25009,5654667,0.7456,7584050
4,2021-05-05,94478,9424777,67084,5403517,24721,3712052,2673,309208,20456,1564574,0.206298,73772,4113495,0.542388,23402,5678069,0.748686,7584050
4,2021-05-06,103506,9528283,78482,5481999,22238,3734290,2786,311994,17775,1500720,0.197878,85438,4198933,0.553653,21584,5699653,0.751532,7584050
4,2021-05-07,87308,9615591,61924,5543923,22870,3757160,2514,314508,18412,1453402,0.191639,68630,4267563,0.562702,21312,5720965,0.754342,7584050
4,2021-05-08,57593,9673184,38018,5581941,17817,3774977,1758,316266,11668,1422107,0.187513,45794,4313357,0.568741,14499,5735464,0.756253,7584050
4,2021-05-09,15486,9688670,13139,5595080,2235,3777212,112,316378,1554,1410044,0.185922,13889,4327246,0.570572,1826,5737290,0.756494,7584050
