hpiquartile,administered_date,total_doses,cumulative_total_doses,pfizer_doses,cumulative_pfizer_doses,moderna_doses,cumulative_moderna_doses,jj_doses,cumulative_jj_doses,partially_vaccinated,total_partially_vaccinated,pct_age16pop_partially_vaccinated,fully_vaccinated,cumulative_fully_vaccinated,pct_age16pop_fully_vaccinated,at_least_one_dose,cumulative_at_least_one_dose,pct_age16pop_at_least_one_dose,age16_population
1,2020-12-15,144,144,144,144,0,0,0,0,144,144,1.8e-05,0,0,0.0,144,144,1.8e-05,8051741
1,2020-12-16,1277,1421,1277,1421,0,0,0,0,1276,1420,0.000176,0,0,0.0,1276,1420,0.000176,8051741
1,2020-12-17,4101,5522,4101,5522,0,0,0,0,4102,5522,0.000686,0,0,0.0,4102,5522,0.000686,8051741
1,2020-12-18,6073,11595,6032,11554,41,41,0,0,6078,11600,0.001441,0,0,0.0,6078,11600,0.001441,8051741
1,2020-12-19,2782,14377,2781,14335,1,42,0,0,2782,14381,0.001786,1,1,0.0,2782,14382,0.001786,8051741
1,2020-12-20,2030,16407,2027,16362,3,45,0,0,2032,16413,0.002038,0,1,0.0,2032,16414,0.002039,8051741
1,2020-12-21,7854,24261,7841,24203,13,58,0,0,7908,24321,0.003021,0,1,0.0,7908,24322,0.003021,8051741
1,2020-12-22,7388,31649,6945,31148,443,501,0,0,7391,31711,0.003938,1,2,0.0,7391,31713,0.003939,8051741
1,2020-12-23,7585,39234,6323,37471,1262,1763,0,0,7583,39294,0.00488,0,2,0.0,7583,39296,0.00488,8051741
1,2020-12-24,3267,42501,2323,39794,944,2707,0,0,3267,42561,0.005286,0,2,0.0,3267,42563,0.005286,8051741
1,2020-12-25,230,42731,147,39941,83,2790,0,0,230,42791,0.005315,0,2,0.0,230,42793,0.005315,8051741
1,2020-12-26,1328,44059,966,40907,362,3152,0,0,1328,44118,0.005479,1,3,0.0,1328,44121,0.00548,8051741
1,2020-12-27,851,44910,526,41433,325,3477,0,0,852,44970,0.005585,0,3,0.0,852,44973,0.005586,8051741
1,2020-12-28,7182,52092,4974,46407,2208,5685,0,0,7179,52149,0.006477,0,3,0.0,7179,52152,0.006477,8051741
1,2020-12-29,8727,60819,4961,51368,3766,9451,0,0,8721,60868,0.00756,2,5,1e-06,8721,60873,0.00756,8051741
1,2020-12-30,11280,72099,6253,57621,5027,14478,0,0,11300,72168,0.008963,0,5,1e-06,11300,72173,0.008964,8051741
1,2020-12-31,5759,77858,1877,59498,3882,18360,0,0,5936,78104,0.0097,0,5,1e-06,5936,78109,0.009701,8051741
1,2021-01-01,483,78341,157,59655,326,18686,0,0,480,78584,0.00976,0,5,1e-06,480,78589,0.00976,8051741
1,2021-01-02,2724,81065,1616,61271,1108,19794,0,0,2823,81407,0.01011,0,5,1e-06,2823,81412,0.010111,8051741
1,2021-01-03,995,82060,532,61803,463,20257,0,0,994,82400,0.010234,1,6,1e-06,994,82406,0.010235,8051741
1,2021-01-04,7264,89324,3534,65337,3730,23987,0,0,7289,89688,0.011139,1,7,1e-06,7289,89695,0.01114,8051741
1,2021-01-05,10863,100187,5212,70549,5651,29638,0,0,10130,99097,0.012308,782,789,9.8e-05,10191,99886,0.012406,8051741
1,2021-01-06,14010,114197,7116,77665,6894,36532,0,0,12211,109526,0.013603,1788,2577,0.00032,12217,112103,0.013923,8051741
1,2021-01-07,17672,131869,9265,86930,8407,44939,0,0,13307,118606,0.01473,4232,6809,0.000846,13312,125415,0.015576,8051741
1,2021-01-08,20066,151935,10322,97252,9744,54683,0,0,14352,127255,0.015805,5708,12517,0.001555,14357,139772,0.017359,8051741
1,2021-01-09,6488,158423,3261,100513,3227,57910,0,0,4787,130288,0.016181,1757,14274,0.001773,4790,144562,0.017954,8051741
1,2021-01-10,3001,161424,1706,102219,1295,59205,0,0,1849,130992,0.016269,1146,15420,0.001915,1850,146412,0.018184,8051741
1,2021-01-11,18324,179748,12070,114289,6254,65459,0,0,11430,135701,0.016854,6763,22183,0.002755,11472,157884,0.019609,8051741
1,2021-01-12,19193,198941,10759,125048,8434,73893,0,0,13142,142868,0.017744,6030,28213,0.003504,13197,171081,0.021248,8051741
1,2021-01-13,19783,218724,10461,135509,9322,83215,0,0,14803,152705,0.018965,4981,33194,0.004123,14818,185899,0.023088,8051741
1,2021-01-14,22287,241011,9327,144836,12960,96175,0,0,19616,169782,0.021086,2595,35789,0.004445,19672,205571,0.025531,8051741
1,2021-01-15,25328,266339,9497,154333,15831,112006,0,0,23354,191234,0.023751,1968,37757,0.004689,23420,228991,0.02844,8051741
1,2021-01-16,14118,280457,4510,158843,9608,121614,0,0,13372,203769,0.025307,839,38596,0.004793,13374,242365,0.030101,8051741
1,2021-01-17,5951,286408,1930,160773,4021,125635,0,0,5759,209166,0.025978,367,38963,0.004839,5764,248129,0.030817,8051741
1,2021-01-18,14812,301220,8974,169747,5838,131473,0,0,11491,217399,0.027,3320,42283,0.005251,11553,259682,0.032252,8051741
1,2021-01-19,24156,325376,12844,182591,11312,142785,0,0,19037,231375,0.028736,5107,47390,0.005886,19083,278765,0.034622,8051741
1,2021-01-20,27437,352813,13278,195869,14159,156944,0,0,22101,248191,0.030825,5312,52702,0.006545,22128,300893,0.03737,8051741
1,2021-01-21,30983,383796,14973,210842,16010,172954,0,0,28161,273565,0.033976,2880,55582,0.006903,28254,329147,0.040879,8051741
1,2021-01-22,27216,411012,10889,221731,16327,189281,0,0,25388,297098,0.036899,1874,57456,0.007136,25407,354554,0.044034,8051741
1,2021-01-23,18288,429300,8079,229810,10209,199490,0,0,16459,311726,0.038715,1842,59298,0.007365,16470,371024,0.04608,8051741
1,2021-01-24,6419,435719,4068,233878,2351,201841,0,0,5793,316884,0.039356,638,59936,0.007444,5796,376820,0.0468,8051741
1,2021-01-25,25332,461051,10130,244008,15202,217043,0,0,19870,331381,0.041156,5513,65449,0.008129,20010,396830,0.049285,8051741
1,2021-01-26,28307,489358,13284,257292,15023,232066,0,0,21764,346651,0.043053,6526,71975,0.008939,21796,418626,0.051992,8051741
1,2021-01-27,30801,520159,15300,272592,15501,247567,0,0,23044,361930,0.044951,7788,79763,0.009906,23067,441693,0.054857,8051741
1,2021-01-28,34257,554416,16233,288825,18024,265591,0,0,27801,383087,0.047578,6697,86460,0.010738,27854,469547,0.058316,8051741
1,2021-01-29,33579,587995,16429,305254,17150,282741,0,0,27522,404332,0.050217,6323,92783,0.011523,27568,497115,0.06174,8051741
1,2021-01-30,20508,608503,8588,313842,11920,294661,0,0,18528,420900,0.052274,1968,94751,0.011768,18536,515651,0.064042,8051741
1,2021-01-31,8382,616885,5165,319007,3217,297878,0,0,7961,428130,0.053172,733,95484,0.011859,7963,523614,0.065031,8051741
1,2021-02-01,27844,644729,12032,331039,15812,313690,0,0,20789,441682,0.054855,7241,102725,0.012758,20793,544407,0.067614,8051741
1,2021-02-02,31360,676089,11320,342359,20040,333730,0,0,23625,457594,0.056832,7745,110470,0.01372,23657,568064,0.070552,8051741
1,2021-02-03,38838,714927,14688,357047,24150,357880,0,0,28224,475242,0.059024,10605,121075,0.015037,28253,596317,0.074061,8051741
1,2021-02-04,43915,758842,16992,374039,26923,384803,0,0,32082,495427,0.06153,11942,133017,0.01652,32127,628444,0.078051,8051741
1,2021-02-05,46507,805349,17255,391294,29252,414055,0,0,30775,510488,0.063401,15761,148778,0.018478,30822,659266,0.081879,8051741
1,2021-02-06,26161,831510,10494,401788,15667,429722,0,0,20379,525141,0.065221,5740,154518,0.019191,20393,679659,0.084411,8051741
1,2021-02-07,6017,837527,3832,405620,2185,431907,0,0,4484,528125,0.065591,1519,156037,0.019379,4503,684162,0.084971,8051741
1,2021-02-08,30881,868408,14031,419651,16850,448757,0,0,20573,538392,0.066867,10382,166419,0.020669,20649,704811,0.087535,8051741
1,2021-02-09,37742,906150,16345,435996,21397,470154,0,0,22966,546598,0.067886,14841,181260,0.022512,23047,727858,0.090398,8051741
1,2021-02-10,46196,952346,21674,457670,24522,494676,0,0,26899,554172,0.068826,19402,200662,0.024922,26976,754834,0.093748,8051741
1,2021-02-11,51063,1003409,25509,483179,25554,520230,0,0,30625,564166,0.070068,20727,221389,0.027496,30721,785555,0.097563,8051741
1,2021-02-12,49284,1052693,21014,504193,28270,548500,0,0,28648,572273,0.071074,20666,242055,0.030062,28773,814328,0.101137,8051741
1,2021-02-13,26568,1079261,11005,515198,15563,564063,0,0,15194,576254,0.071569,11293,253348,0.031465,15274,829602,0.103034,8051741
1,2021-02-14,12158,1091419,5295,520493,6863,570926,0,0,6509,577212,0.071688,5622,258970,0.032163,6580,836182,0.103851,8051741
1,2021-02-15,23373,1114792,9158,529651,14215,585141,0,0,14218,582421,0.072335,9141,268111,0.033299,14350,850532,0.105633,8051741
1,2021-02-16,45233,1160025,21603,551254,23630,608771,0,0,27198,591605,0.073475,18130,286241,0.03555,27314,877846,0.109026,8051741
1,2021-02-17,47174,1207199,24037,575291,23137,631908,0,0,26318,597212,0.074172,20851,307092,0.03814,26458,904304,0.112312,8051741
1,2021-02-18,49883,1257082,24814,600105,25069,656977,0,0,26429,600426,0.074571,23432,330524,0.04105,26646,930950,0.115621,8051741
1,2021-02-19,45195,1302277,24437,624542,20758,677735,0,0,26646,608572,0.075583,18573,349097,0.043357,26719,957669,0.118939,8051741
1,2021-02-20,25527,1327804,15530,640072,9997,687732,0,0,14952,612795,0.076107,10806,359903,0.044699,15029,972698,0.120806,8051741
1,2021-02-21,9367,1337171,8292,648364,1075,688807,0,0,5842,615045,0.076387,3636,363539,0.04515,5886,978584,0.121537,8051741
1,2021-02-22,30437,1367608,20650,669014,9787,698594,0,0,19143,622600,0.077325,11681,375220,0.046601,19236,997820,0.123926,8051741
1,2021-02-23,42707,1410315,20532,689546,22175,720769,0,0,24332,628917,0.078109,18356,393576,0.048881,24673,1022493,0.12699,8051741
1,2021-02-24,54171,1464486,26932,716478,27239,748008,0,0,32389,639701,0.079449,22050,415626,0.051619,32834,1055327,0.131068,8051741
1,2021-02-25,64782,1529268,31686,748164,33096,781104,0,0,41255,657732,0.081688,23723,439349,0.054566,41754,1097081,0.136254,8051741
1,2021-02-26,72250,1601518,33694,781858,38556,819660,0,0,48858,683236,0.084856,23814,463163,0.057523,49318,1146399,0.142379,8051741
1,2021-02-27,48259,1649777,20688,802546,27569,847229,2,2,31813,698537,0.086756,16776,479939,0.059607,32077,1178476,0.146363,8051741
1,2021-02-28,18700,1668477,10865,813411,7835,855064,0,2,13819,707188,0.08783,5319,485258,0.060267,13970,1192446,0.148098,8051741
1,2021-03-01,42938,1711415,19283,832694,23649,878713,6,8,28360,720776,0.089518,15012,500270,0.062132,28600,1221046,0.15165,8051741
1,2021-03-02,57247,1768662,23327,856021,33918,912631,2,10,37060,738116,0.091672,20376,520646,0.064663,37716,1258762,0.156334,8051741
1,2021-03-03,68632,1837294,33149,889170,35472,948103,11,21,41991,754283,0.093679,26423,547069,0.067944,42590,1301352,0.161624,8051741
1,2021-03-04,75228,1912522,35154,924324,40045,988148,29,50,48569,776894,0.096488,26490,573559,0.071234,49101,1350453,0.167722,8051741
1,2021-03-05,74057,1986579,32688,957012,41175,1029323,194,244,50015,804033,0.099858,23700,597259,0.074178,50839,1401292,0.174036,8051741
1,2021-03-06,55539,2042118,27158,984170,27106,1056429,1275,1519,38719,827759,0.102805,16707,613966,0.076253,40433,1441725,0.179058,8051741
1,2021-03-07,19005,2061123,12099,996269,6118,1062547,788,2307,14304,838441,0.104132,4662,618628,0.076832,15344,1457069,0.180963,8051741
1,2021-03-08,41968,2103091,20126,1016395,19998,1082545,1844,4151,29199,857235,0.106466,12581,631209,0.078394,31375,1488444,0.18486,8051741
1,2021-03-09,58561,2161652,25427,1041822,30707,1113252,2427,6578,35908,873511,0.108487,22384,653593,0.081174,38660,1527104,0.189661,8051741
1,2021-03-10,70783,2232435,35014,1076836,31671,1144923,4098,10676,44770,896940,0.111397,25826,679419,0.084382,49255,1576359,0.195779,8051741
1,2021-03-11,86195,2318630,39919,1116755,38960,1183883,7316,17992,51706,922200,0.114534,34228,713647,0.088633,59488,1635847,0.203167,8051741
1,2021-03-12,95184,2413814,41538,1158293,40784,1224667,12862,30854,54703,949907,0.117975,40352,753999,0.093644,68059,1703906,0.21162,8051741
1,2021-03-13,62389,2476203,28781,1187074,26054,1250721,7554,38408,40132,975823,0.121194,22134,776133,0.096393,48050,1751956,0.217587,8051741
1,2021-03-14,26681,2502884,14239,1201313,8853,1259574,3589,41997,15754,984454,0.122266,10920,787053,0.097749,19551,1771507,0.220015,8051741
1,2021-03-15,65245,2568129,29622,1230935,28928,1288502,6695,48692,37917,1002456,0.124502,26990,814043,0.101101,44992,1816499,0.225603,8051741
1,2021-03-16,85061,2653190,39321,1270256,40277,1328779,5463,54155,53680,1030773,0.128019,31214,845257,0.104978,59531,1876030,0.232997,8051741
1,2021-03-17,92069,2745259,45767,1316023,39916,1368695,6386,60541,58296,1062490,0.131958,33402,878659,0.109127,65119,1941149,0.241084,8051741
1,2021-03-18,95010,2840269,49617,1365640,39703,1408398,5690,66231,57892,1089990,0.135373,36558,915217,0.113667,64058,2005207,0.24904,8051741
1,2021-03-19,102327,2942596,53149,1418789,42789,1451187,6389,72620,61025,1116918,0.138718,41003,956220,0.118759,67931,2073138,0.257477,8051741
1,2021-03-20,68185,3010781,35647,1454436,27662,1478849,4876,77496,45086,1144326,0.142122,22806,979026,0.121592,50214,2123352,0.263713,8051741
1,2021-03-21,25974,3036755,18015,1472451,6223,1485072,1736,79232,16891,1154070,0.143332,8978,988004,0.122707,18722,2142074,0.266039,8051741
1,2021-03-22,57051,3093806,29985,1502436,24156,1509228,2910,82142,39292,1179005,0.146429,17623,1005627,0.124896,42558,2184632,0.271324,8051741
1,2021-03-23,81711,3175517,41818,1544254,36584,1545812,3309,85451,54130,1209513,0.150218,27390,1033017,0.128297,57898,2242530,0.278515,8051741
1,2021-03-24,87100,3262617,45042,1589296,37940,1583752,4118,89569,53047,1233018,0.153137,33862,1066879,0.132503,57367,2299897,0.28564,8051741
1,2021-03-25,92614,3355231,47983,1637279,39331,1623083,5300,94869,53754,1253707,0.155706,38498,1105377,0.137284,59187,2359084,0.292991,8051741
1,2021-03-26,102169,3457400,49398,1686677,46667,1669750,6104,100973,57542,1273349,0.158146,44329,1149706,0.14279,63971,2423055,0.300936,8051741
1,2021-03-27,71141,3528541,37690,1724367,29844,1699594,3607,104580,36683,1279824,0.15895,34020,1183726,0.147015,40495,2463550,0.305965,8051741
1,2021-03-28,31342,3559883,20549,1744916,9584,1709178,1209,105789,17041,1284181,0.159491,14222,1197948,0.148781,18579,2482129,0.308272,8051741
1,2021-03-29,63737,3623620,32356,1777272,28850,1738028,2531,108320,36955,1297260,0.161115,26618,1224566,0.152087,39697,2521826,0.313203,8051741
1,2021-03-30,89149,3712769,44387,1821659,39314,1777342,5448,113768,52148,1318106,0.163704,36896,1261462,0.156669,57742,2579568,0.320374,8051741
1,2021-03-31,97646,3810415,52054,1873713,39913,1817255,5679,119447,56152,1338838,0.166279,41210,1302672,0.161788,61942,2641510,0.328067,8051741
1,2021-04-01,105974,3916389,51201,1924914,46954,1864209,7819,127266,56372,1353865,0.168146,49252,1351924,0.167905,64279,2705789,0.33605,8051741
1,2021-04-02,105273,4021662,47548,1972462,48737,1912946,8988,136254,54636,1367756,0.169871,49982,1401906,0.174112,63873,2769662,0.343983,8051741
1,2021-04-03,74877,4096539,38283,2010745,27797,1940743,8797,145051,36315,1374600,0.170721,38376,1440282,0.178878,45220,2814882,0.349599,8051741
1,2021-04-04,22413,4118952,11288,2022033,8062,1948805,3063,148114,9663,1374701,0.170733,12622,1452904,0.180446,12723,2827605,0.351179,8051741
1,2021-04-05,71454,4190406,35048,2057081,27789,1976594,8617,156731,34397,1381268,0.171549,36646,1489550,0.184997,43213,2870818,0.356546,8051741
1,2021-04-06,101657,4292063,49311,2106392,36613,2013207,15733,172464,47109,1390194,0.172658,53680,1543230,0.191664,62606,2933424,0.364322,8051741
1,2021-04-07,107044,4399107,51876,2158268,38703,2051910,16465,188929,49335,1399647,0.173832,56372,1599602,0.198665,65825,2999249,0.372497,8051741
1,2021-04-08,114399,4513506,54400,2212668,39718,2091628,20281,209210,51463,1410414,0.175169,60808,1660410,0.206218,71575,3070824,0.381386,8051741
1,2021-04-09,88103,4601609,36126,2248794,37496,2129124,14481,223691,38076,1415773,0.175834,46490,1706900,0.211991,51849,3122673,0.387826,8051741
1,2021-04-10,60692,4662301,23967,2272761,21917,2151041,14808,238499,23152,1417885,0.176097,35694,1742594,0.216424,37806,3160479,0.392521,8051741
1,2021-04-11,22519,4684820,11303,2284064,8124,2159165,3092,241591,4566,1417758,0.176081,6908,1749502,0.217282,6781,3167260,0.393363,8051741
1,2021-04-12,33704,4718524,13061,2297125,15103,2174268,5540,247131,0,1417758,0.176081,0,1749502,0.217282,0,3167260,0.393363,8051741
2,2020-12-15,227,227,227,227,0,0,0,0,233,233,3e-05,0,0,0.0,233,233,3e-05,7897587
2,2020-12-16,1908,2135,1908,2135,0,0,0,0,1917,2150,0.000272,0,0,0.0,1917,2150,0.000272,7897587
2,2020-12-17,6601,8736,6601,8736,0,0,0,0,6645,8795,0.001114,0,0,0.0,6645,8795,0.001114,7897587
2,2020-12-18,11015,19751,10994,19730,21,21,0,0,11076,19871,0.002516,0,0,0.0,11076,19871,0.002516,7897587
2,2020-12-19,5690,25441,5686,25416,4,25,0,0,5692,25563,0.003237,0,0,0.0,5692,25563,0.003237,7897587
2,2020-12-20,4375,29816,4369,29785,6,31,0,0,4371,29934,0.00379,0,0,0.0,4371,29934,0.00379,7897587
2,2020-12-21,12440,42256,12403,42188,37,68,0,0,12431,42365,0.005364,0,0,0.0,12431,42365,0.005364,7897587
2,2020-12-22,11825,54081,11376,53564,449,517,0,0,11827,54192,0.006862,0,0,0.0,11827,54192,0.006862,7897587
2,2020-12-23,11499,65580,9338,62902,2161,2678,0,0,11508,65700,0.008319,0,0,0.0,11508,65700,0.008319,7897587
2,2020-12-24,5770,71350,3416,66318,2354,5032,0,0,5769,71469,0.009049,0,0,0.0,5769,71469,0.009049,7897587
2,2020-12-25,477,71827,401,66719,76,5108,0,0,478,71947,0.00911,0,0,0.0,478,71947,0.00911,7897587
2,2020-12-26,2530,74357,1662,68381,868,5976,0,0,2534,74481,0.009431,0,0,0.0,2534,74481,0.009431,7897587
2,2020-12-27,2204,76561,1193,69574,1011,6987,0,0,2202,76682,0.00971,1,1,0.0,2202,76683,0.00971,7897587
2,2020-12-28,10608,87169,6910,76484,3698,10685,0,0,10606,87287,0.011052,1,2,0.0,10606,87289,0.011053,7897587
2,2020-12-29,12660,99829,7157,83641,5503,16188,0,0,12663,99950,0.012656,0,2,0.0,12663,99952,0.012656,7897587
2,2020-12-30,15466,115295,8755,92396,6711,22899,0,0,15522,115472,0.014621,0,2,0.0,15522,115474,0.014621,7897587
2,2020-12-31,7469,122764,2804,95200,4665,27564,0,0,7556,123027,0.015578,1,3,0.0,7556,123030,0.015578,7897587
2,2021-01-01,1055,123819,509,95709,546,28110,0,0,1056,124082,0.015711,1,4,1e-06,1056,124086,0.015712,7897587
2,2021-01-02,4833,128652,2791,98500,2042,30152,0,0,4828,128910,0.016323,0,4,1e-06,4828,128914,0.016323,7897587
2,2021-01-03,1403,130055,777,99277,626,30778,0,0,1383,130290,0.016497,3,7,1e-06,1383,130297,0.016498,7897587
2,2021-01-04,11589,141644,5490,104767,6099,36877,0,0,11574,141859,0.017962,5,12,2e-06,11574,141871,0.017964,7897587
2,2021-01-05,13470,155114,6815,111582,6655,43532,0,0,12351,153083,0.019384,1136,1148,0.000145,12360,154231,0.019529,7897587
2,2021-01-06,18864,173978,10533,122115,8331,51863,0,0,15071,164342,0.020809,3818,4966,0.000629,15077,169308,0.021438,7897587
2,2021-01-07,22864,196842,12818,134933,10046,61909,0,0,15542,172501,0.021842,7395,12361,0.001565,15554,184862,0.023407,7897587
2,2021-01-08,25937,222779,15922,150855,10015,71924,0,0,15962,178539,0.022607,9938,22299,0.002824,15976,200838,0.02543,7897587
2,2021-01-09,9390,232169,5387,156242,4003,75927,0,0,6135,181378,0.022966,3300,25599,0.003241,6139,206977,0.026208,7897587
2,2021-01-10,5239,237408,2905,159147,2334,78261,0,0,3035,182186,0.023069,2231,27830,0.003524,3039,210016,0.026592,7897587
2,2021-01-11,25513,262921,17550,176697,7963,86224,0,0,15024,186562,0.023623,10664,38494,0.004874,15040,225056,0.028497,7897587
2,2021-01-12,25305,288226,15827,192524,9478,95702,0,0,16120,193440,0.024494,9279,47773,0.006049,16157,241213,0.030543,7897587
2,2021-01-13,27523,315749,14586,207110,12937,108639,0,0,19807,205491,0.026019,7773,55546,0.007033,19824,261037,0.033053,7897587
2,2021-01-14,28959,344708,11236,218346,17723,126362,0,0,24938,226370,0.028663,4074,59620,0.007549,24953,285990,0.036212,7897587
2,2021-01-15,33903,378611,12520,230866,21383,147745,0,0,30778,254010,0.032163,3164,62784,0.00795,30804,316794,0.040113,7897587
2,2021-01-16,17289,395900,5545,236411,11744,159489,0,0,16059,268750,0.034029,1329,64113,0.008118,16069,332863,0.042147,7897587
2,2021-01-17,9944,405844,3507,239918,6437,165926,0,0,9270,277310,0.035113,715,64828,0.008209,9275,342138,0.043322,7897587
2,2021-01-18,18751,424595,10557,250475,8194,174120,0,0,14237,286978,0.036337,4590,69418,0.00879,14258,356396,0.045127,7897587
2,2021-01-19,31400,455995,16573,267048,14827,188947,0,0,23615,302845,0.038347,7858,77276,0.009785,23725,380121,0.048131,7897587
2,2021-01-20,36146,492141,17994,285042,18152,207099,0,0,27620,321985,0.04077,8566,85842,0.010869,27706,407827,0.051639,7897587
2,2021-01-21,39071,531212,16111,301153,22960,230059,0,0,34609,352248,0.044602,4470,90312,0.011435,34733,442560,0.056037,7897587
2,2021-01-22,38817,570029,16202,317355,22615,252674,0,0,35571,384598,0.048698,3252,93564,0.011847,35602,478162,0.060545,7897587
2,2021-01-23,23804,593833,10759,328114,13045,265719,0,0,20902,402648,0.050984,2880,96444,0.012212,20930,499092,0.063196,7897587
2,2021-01-24,12229,606062,6034,334148,6195,271914,0,0,11351,413136,0.052312,873,97317,0.012322,11361,510453,0.064634,7897587
2,2021-01-25,31889,637951,15417,349565,16472,288386,0,0,23453,428210,0.05422,8441,105758,0.013391,23515,533968,0.067612,7897587
2,2021-01-26,38912,676863,19472,369037,19440,307826,0,0,30211,449788,0.056953,8699,114457,0.014493,30277,564245,0.071445,7897587
2,2021-01-27,43900,720763,22422,391459,21478,329304,0,0,34340,474645,0.0601,9527,123984,0.015699,34384,598629,0.075799,7897587
2,2021-01-28,46719,767482,21915,413374,24804,354108,0,0,38408,504789,0.063917,8312,132296,0.016751,38456,637085,0.080668,7897587
2,2021-01-29,44105,811587,21647,435021,22458,376566,0,0,35789,532293,0.067399,8318,140614,0.017805,35822,672907,0.085204,7897587
2,2021-01-30,30715,842302,13477,448498,17238,393804,0,0,27619,556828,0.070506,3111,143725,0.018199,27646,700553,0.088705,7897587
2,2021-01-31,16796,859098,10450,458948,6346,400150,0,0,15244,570912,0.072289,1175,144900,0.018347,15259,715812,0.090637,7897587
2,2021-02-01,39396,898494,19145,478093,20251,420401,0,0,28587,589176,0.074602,10353,155253,0.019658,28617,744429,0.09426,7897587
2,2021-02-02,47161,945655,19818,497911,27343,447744,0,0,35476,613500,0.077682,11247,166500,0.021082,35571,780000,0.098764,7897587
2,2021-02-03,52802,998457,23739,521650,29063,476807,0,0,38873,639059,0.080918,13391,179891,0.022778,38950,818950,0.103696,7897587
2,2021-02-04,54843,1053300,23989,545639,30854,507661,0,0,39649,664164,0.084097,14631,194522,0.024631,39736,858686,0.108728,7897587
2,2021-02-05,58134,1111434,25680,571319,32454,540115,0,0,39799,685756,0.086831,18402,212924,0.026961,39994,898680,0.113792,7897587
2,2021-02-06,38990,1150424,18092,589411,20898,561013,0,0,31502,709935,0.089893,7402,220326,0.027898,31581,930261,0.117791,7897587
2,2021-02-07,15776,1166200,10543,599954,5233,566246,0,0,11276,717452,0.090844,3823,224149,0.028382,11340,941601,0.119226,7897587
2,2021-02-08,41977,1208177,21459,621413,20518,586764,0,0,28662,733522,0.092879,12780,236929,0.03,28850,970451,0.122879,7897587
2,2021-02-09,47863,1256040,22809,644222,25054,611818,0,0,29876,746062,0.094467,17653,254582,0.032235,30193,1000644,0.126702,7897587
2,2021-02-10,58654,1314694,27716,671938,30938,642756,0,0,34490,757096,0.095864,23805,278387,0.03525,34839,1035483,0.131114,7897587
2,2021-02-11,60340,1375034,27386,699324,32954,675710,0,0,34702,767016,0.09712,25258,303645,0.038448,35178,1070661,0.135568,7897587
2,2021-02-12,63057,1438091,27575,726899,35482,711192,0,0,33720,772470,0.097811,28908,332553,0.042108,34362,1105023,0.139919,7897587
2,2021-02-13,36675,1474766,15407,742306,21268,732460,0,0,21269,778822,0.098615,15295,347848,0.044045,21647,1126670,0.14266,7897587
2,2021-02-14,19155,1493921,9149,751455,10006,742466,0,0,11183,782385,0.099066,8006,355854,0.045059,11569,1138239,0.144125,7897587
2,2021-02-15,31927,1525848,14465,765920,17462,759928,0,0,18046,787599,0.099727,13666,369520,0.046789,18880,1157119,0.146516,7897587
2,2021-02-16,55064,1580912,27496,793416,27568,787496,0,0,29422,792307,0.100323,25417,394937,0.050007,30125,1187244,0.15033,7897587
2,2021-02-17,59799,1640711,30948,824364,28851,816347,0,0,29734,793086,0.100421,29799,424736,0.05378,30578,1217822,0.154202,7897587
2,2021-02-18,63770,1704481,32501,856865,31269,847616,0,0,31366,793401,0.100461,32213,456949,0.057859,32528,1250350,0.158321,7897587
2,2021-02-19,56682,1761163,31822,888687,24860,872476,0,0,28206,793636,0.100491,28577,485526,0.061478,28812,1279162,0.161969,7897587
2,2021-02-20,36425,1797588,23701,912388,12724,885200,0,0,20028,797982,0.101041,16369,501895,0.06355,20715,1299877,0.164592,7897587
2,2021-02-21,17352,1814940,13904,926292,3448,888648,0,0,8921,799563,0.101241,8086,509981,0.064574,9667,1309544,0.165816,7897587
2,2021-02-22,35208,1850148,24135,950427,11073,899721,0,0,17003,799075,0.10118,18205,528186,0.066879,17717,1327261,0.168059,7897587
2,2021-02-23,47969,1898117,25002,975429,22967,922688,0,0,21779,796478,0.100851,26304,554490,0.07021,23707,1350968,0.171061,7897587
2,2021-02-24,64927,1963044,32999,1008428,31928,954616,0,0,30279,794534,0.100605,34648,589138,0.074597,32704,1383672,0.175202,7897587
2,2021-02-25,70476,2033520,32479,1040907,37997,992613,0,0,36465,799760,0.101266,34114,623252,0.078917,39340,1423012,0.180183,7897587
2,2021-02-26,78464,2111984,33829,1074736,44635,1037248,0,0,42566,808510,0.102374,35984,659236,0.083473,44734,1467746,0.185847,7897587
2,2021-02-27,56985,2168969,26184,1100920,30797,1068045,4,4,31746,815904,0.103311,25680,684916,0.086725,33074,1500820,0.190035,7897587
2,2021-02-28,27635,2196604,17000,1117920,10635,1078680,0,4,17224,823321,0.10425,10704,695620,0.08808,18121,1518941,0.19233,7897587
2,2021-03-01,53385,2249989,27942,1145862,25432,1104112,11,15,30250,831476,0.105282,23323,718943,0.091033,31478,1550419,0.196316,7897587
2,2021-03-02,60526,2310515,28103,1173965,32420,1136532,3,18,35042,843425,0.106795,25606,744549,0.094276,37555,1587974,0.201071,7897587
2,2021-03-03,74673,2385188,35277,1209242,39394,1175926,2,20,41809,855158,0.108281,32733,777282,0.09842,44466,1632440,0.206701,7897587
2,2021-03-04,80451,2465639,38271,1247513,42158,1218084,22,42,47226,871723,0.110378,33080,810362,0.102609,49645,1682085,0.212987,7897587
2,2021-03-05,75288,2540927,35462,1282975,39535,1257619,291,333,45891,891154,0.112839,29190,839552,0.106305,48621,1730706,0.219144,7897587
2,2021-03-06,57954,2598881,28318,1311293,28017,1285636,1619,1952,35397,907527,0.114912,22130,861682,0.109107,38503,1769209,0.224019,7897587
2,2021-03-07,26752,2625633,15457,1326750,10365,1296001,930,2882,17430,917826,0.116216,9233,870915,0.110276,19532,1788741,0.226492,7897587
2,2021-03-08,47431,2673064,21558,1348308,23493,1319494,2380,5262,30071,934721,0.118355,17189,888104,0.112453,34084,1822825,0.230808,7897587
2,2021-03-09,61160,2734224,24662,1372970,32784,1352278,3714,8976,33049,944952,0.119651,27904,916008,0.115986,38135,1860960,0.235637,7897587
2,2021-03-10,72179,2806403,32915,1405885,33219,1385497,6045,15021,38648,957719,0.121267,33296,949304,0.120202,46063,1907023,0.241469,7897587
2,2021-03-11,88364,2894767,39937,1445822,40815,1426312,7612,22633,47442,973490,0.123264,40735,990039,0.12536,56506,1963529,0.248624,7897587
2,2021-03-12,88704,2983471,36174,1481996,41544,1467856,10986,33619,45192,987734,0.125068,43329,1033368,0.130846,57573,2021102,0.255914,7897587
2,2021-03-13,65669,3049140,27083,1509079,30815,1498671,7771,41390,36242,1003677,0.127087,29378,1062746,0.134566,45321,2066423,0.261652,7897587
2,2021-03-14,35316,3084456,17706,1526785,13260,1511931,4350,45740,18798,1011201,0.128039,16399,1079145,0.136642,23923,2090346,0.264682,7897587
2,2021-03-15,64205,3148661,28070,1554855,31357,1543288,4778,50518,36555,1026243,0.129944,27413,1106558,0.140113,42455,2132801,0.270057,7897587
2,2021-03-16,83614,3232275,36340,1591195,43341,1586629,3933,54451,52062,1052025,0.133208,31376,1137934,0.144086,57158,2189959,0.277295,7897587
2,2021-03-17,87600,3319875,41634,1632829,42110,1628739,3856,58307,57065,1083522,0.137197,30304,1168238,0.147923,61801,2251760,0.28512,7897587
2,2021-03-18,93166,3413041,43562,1676391,45337,1674076,4267,62574,59179,1113816,0.141032,33775,1202013,0.1522,64069,2315829,0.293232,7897587
2,2021-03-19,92416,3505457,43533,1719924,43125,1717201,5758,68332,56513,1140997,0.144474,35695,1237708,0.15672,62876,2378705,0.301194,7897587
2,2021-03-20,68008,3573465,32152,1752076,32018,1749219,3838,72170,45973,1169240,0.14805,21918,1259626,0.159495,50161,2428866,0.307545,7897587
2,2021-03-21,32742,3606207,21078,1773154,9693,1758912,1971,74141,21830,1182559,0.149737,10930,1270556,0.160879,24249,2453115,0.310616,7897587
2,2021-03-22,61219,3667426,33309,1806463,24867,1783779,3043,77184,41648,1208775,0.153056,19375,1289931,0.163332,45591,2498706,0.316389,7897587
2,2021-03-23,80316,3747742,42339,1848802,35031,1818810,2946,80130,53982,1240459,0.157068,26086,1316017,0.166635,57770,2556476,0.323703,7897587
2,2021-03-24,87208,3834950,46392,1895194,37551,1856361,3265,83395,54209,1266021,0.160305,32714,1348731,0.170778,58276,2614752,0.331082,7897587
2,2021-03-25,97031,3931981,48052,1943246,45342,1901703,3637,87032,57274,1288240,0.163118,39409,1388140,0.175768,61628,2676380,0.338886,7897587
2,2021-03-26,97504,4029485,47939,1991185,46208,1947911,3357,90389,55611,1306825,0.165471,41513,1429653,0.181024,60098,2736478,0.346495,7897587
2,2021-03-27,71832,4101317,35157,2026342,33502,1981413,3173,93562,37412,1314129,0.166396,34145,1463798,0.185347,41449,2777927,0.351744,7897587
2,2021-03-28,36401,4137718,22139,2048481,13486,1994899,776,94338,20608,1320522,0.167206,15720,1479518,0.187338,22113,2800040,0.354544,7897587
2,2021-03-29,68415,4206133,34866,2083347,31298,2026197,2251,96589,40840,1337198,0.169317,27338,1506856,0.1908,44014,2844054,0.360117,7897587
2,2021-03-30,88006,4294139,42490,2125837,41664,2067861,3852,100441,55125,1364109,0.172725,32672,1539528,0.194937,59583,2903637,0.367661,7897587
2,2021-03-31,96623,4390762,48884,2174721,42965,2110826,4774,105215,58208,1389327,0.175918,38125,1577653,0.199764,63343,2966980,0.375682,7897587
2,2021-04-01,111304,4502066,52561,2227282,50307,2161133,8436,113651,62518,1412336,0.178831,48380,1626033,0.20589,71389,3038369,0.384721,7897587
2,2021-04-02,104689,4606755,48506,2275788,46877,2208010,9306,122957,58247,1434305,0.181613,45991,1672024,0.211713,67960,3106329,0.393326,7897587
2,2021-04-03,72749,4679504,34485,2310273,28980,2236990,9284,132241,37292,1446052,0.1831,35260,1707284,0.216178,47007,3153336,0.399278,7897587
2,2021-04-04,28508,4708012,14199,2324472,10634,2247624,3675,135916,13112,1447627,0.1833,15235,1722519,0.218107,16810,3170146,0.401407,7897587
2,2021-04-05,75719,4783731,36712,2361184,30766,2278390,8241,144157,37477,1456137,0.184377,37998,1760517,0.222918,46508,3216654,0.407296,7897587
2,2021-04-06,98654,4882385,47705,2408889,37193,2315583,13756,157913,47774,1467582,0.185827,50489,1811006,0.229311,61934,3278588,0.415138,7897587
2,2021-04-07,104127,4986512,51554,2460443,37492,2353075,15081,172994,49739,1479568,0.187344,53074,1864080,0.236032,65060,3343648,0.423376,7897587
2,2021-04-08,111150,5097662,53347,2513790,40770,2393845,17033,190027,51641,1490756,0.188761,57717,1921797,0.24334,68905,3412553,0.432101,7897587
2,2021-04-09,89435,5187097,41378,2555168,36291,2430136,11766,201793,41573,1499859,0.189914,44431,1966228,0.248966,53534,3466087,0.438879,7897587
2,2021-04-10,59041,5246138,24348,2579516,24464,2454600,10229,212022,24892,1502841,0.190291,32544,1998772,0.253086,35526,3501613,0.443378,7897587
2,2021-04-11,32476,5278614,16481,2595997,11815,2466415,4180,216202,7771,1502903,0.190299,10241,2009013,0.254383,10303,3511916,0.444682,7897587
2,2021-04-12,36710,5315324,13841,2609838,18157,2484572,4712,220914,0,1502903,0.190299,0,2009013,0.254383,0,3511916,0.444682,7897587
3,2020-12-15,299,299,299,299,0,0,0,0,298,298,3.9e-05,0,0,0.0,298,298,3.9e-05,7688185
3,2020-12-16,2102,2401,2102,2401,0,0,0,0,2102,2400,0.000312,0,0,0.0,2102,2400,0.000312,7688185
3,2020-12-17,7472,9873,7472,9873,0,0,0,0,7472,9872,0.001284,0,0,0.0,7472,9872,0.001284,7688185
3,2020-12-18,12652,22525,12642,22515,10,10,0,0,12650,22522,0.002929,0,0,0.0,12650,22522,0.002929,7688185
3,2020-12-19,6934,29459,6923,29438,11,21,0,0,6998,29520,0.00384,0,0,0.0,6998,29520,0.00384,7688185
3,2020-12-20,5429,34888,5421,34859,8,29,0,0,5477,34996,0.004552,1,1,0.0,5477,34997,0.004552,7688185
3,2020-12-21,14020,48908,14009,48868,11,40,0,0,14084,49079,0.006384,1,2,0.0,14084,49081,0.006384,7688185
3,2020-12-22,14205,63113,13674,62542,531,571,0,0,14244,63323,0.008236,0,2,0.0,14244,63325,0.008237,7688185
3,2020-12-23,14344,77457,11792,74334,2552,3123,0,0,14373,77696,0.010106,0,2,0.0,14373,77698,0.010106,7688185
3,2020-12-24,6715,84172,4817,79151,1898,5021,0,0,6711,84406,0.010979,1,3,0.0,6711,84409,0.010979,7688185
3,2020-12-25,717,84889,663,79814,54,5075,0,0,716,85122,0.011072,0,3,0.0,716,85125,0.011072,7688185
3,2020-12-26,4567,89456,2981,82795,1586,6661,0,0,4564,89686,0.011665,0,3,0.0,4564,89689,0.011666,7688185
3,2020-12-27,2946,92402,1830,84625,1116,7777,0,0,2947,92633,0.012049,0,3,0.0,2947,92636,0.012049,7688185
3,2020-12-28,13235,105637,8468,93093,4767,12544,0,0,13262,105894,0.013774,1,4,1e-06,13262,105898,0.013774,7688185
3,2020-12-29,14717,120354,8296,101389,6421,18965,0,0,14746,120639,0.015691,1,5,1e-06,14746,120644,0.015692,7688185
3,2020-12-30,17703,138057,9918,111307,7785,26750,0,0,17689,138328,0.017992,0,5,1e-06,17689,138333,0.017993,7688185
3,2020-12-31,8003,146060,3012,114319,4991,31741,0,0,8000,146326,0.019033,2,7,1e-06,8000,146333,0.019033,7688185
3,2021-01-01,1091,147151,488,114807,603,32344,0,0,1083,147409,0.019173,0,7,1e-06,1083,147416,0.019174,7688185
3,2021-01-02,4896,152047,2409,117216,2487,34831,0,0,4897,152306,0.01981,0,7,1e-06,4897,152313,0.019811,7688185
3,2021-01-03,1550,153597,838,118054,712,35543,0,0,1556,153858,0.020012,4,11,1e-06,1556,153869,0.020014,7688185
3,2021-01-04,11722,165319,5900,123954,5822,41365,0,0,11694,165546,0.021533,6,17,2e-06,11694,165563,0.021535,7688185
3,2021-01-05,15281,180600,7877,131831,7404,48769,0,0,13758,177807,0.023127,1501,1518,0.000197,13762,179325,0.023325,7688185
3,2021-01-06,19633,200233,10245,142076,9388,58157,0,0,15509,189238,0.024614,4083,5601,0.000729,15514,194839,0.025343,7688185
3,2021-01-07,25441,225674,14514,156590,10927,69084,0,0,16556,196948,0.025617,8859,14460,0.001881,16569,211408,0.027498,7688185
3,2021-01-08,29542,255216,18110,174700,11432,80516,0,0,17598,202645,0.026358,11920,26380,0.003431,17617,229025,0.029789,7688185
3,2021-01-09,11894,267110,6686,181386,5208,85724,0,0,7663,206089,0.026806,4224,30604,0.003981,7668,236693,0.030787,7688185
3,2021-01-10,7111,274221,4439,185825,2672,88396,0,0,3987,206958,0.026919,3122,33726,0.004387,3991,240684,0.031306,7688185
3,2021-01-11,28105,302326,18328,204153,9777,98173,0,0,15947,210770,0.027415,12149,45875,0.005967,15961,256645,0.033382,7688185
3,2021-01-12,31294,333620,18635,222788,12659,110832,0,0,19197,217956,0.028349,12075,57950,0.007538,19261,275906,0.035887,7688185
3,2021-01-13,33779,367399,17733,240521,16046,126878,0,0,23915,231946,0.030169,9941,67891,0.008831,23931,299837,0.039,7688185
3,2021-01-14,33727,401126,13937,254458,19790,146668,0,0,27983,254225,0.033067,5731,73622,0.009576,28010,327847,0.042643,7688185
3,2021-01-15,37878,439004,14207,268665,23671,170339,0,0,33362,283133,0.036827,4505,78127,0.010162,33413,361260,0.046989,7688185
3,2021-01-16,21331,460335,7573,276238,13758,184097,0,0,19035,299908,0.039009,2280,80407,0.010459,19055,380315,0.049467,7688185
3,2021-01-17,12595,472930,4452,280690,8143,192240,0,0,11580,310490,0.040385,1015,81422,0.010591,11597,391912,0.050976,7688185
3,2021-01-18,24358,497288,12656,293346,11702,203942,0,0,18944,324037,0.042147,5431,86853,0.011297,18978,410890,0.053444,7688185
3,2021-01-19,39795,537083,20521,313867,19274,223216,0,0,30942,346231,0.045034,8827,95680,0.012445,31021,441911,0.057479,7688185
3,2021-01-20,43818,580901,21566,335433,22252,245468,0,0,34732,371982,0.048384,9046,104726,0.013622,34797,476708,0.062005,7688185
3,2021-01-21,45957,626858,19690,355123,26267,271735,0,0,40765,407681,0.053027,5117,109843,0.014287,40816,517524,0.067314,7688185
3,2021-01-22,48196,675054,19216,374339,28980,300715,0,0,44156,447850,0.058252,4051,113894,0.014814,44220,561744,0.073066,7688185
3,2021-01-23,29575,704629,12614,386953,16961,317676,0,0,26299,470926,0.061253,3261,117155,0.015238,26337,588081,0.076492,7688185
3,2021-01-24,17244,721873,8414,395367,8830,326506,0,0,16121,485943,0.063206,1127,118282,0.015385,16144,604225,0.078591,7688185
3,2021-01-25,39461,761334,17596,412963,21865,348371,0,0,29838,506251,0.065848,9605,127887,0.016634,29913,634138,0.082482,7688185
3,2021-01-26,45640,806974,21828,434791,23812,372183,0,0,35893,532526,0.069266,9719,137606,0.017898,35994,670132,0.087164,7688185
3,2021-01-27,49240,856214,23916,458707,25324,397507,0,0,39019,561495,0.073033,10115,147721,0.019214,39084,709216,0.092248,7688185
3,2021-01-28,50062,906276,23351,482058,26711,424218,0,0,41529,594624,0.077343,8439,156160,0.020312,41568,750784,0.097654,7688185
3,2021-01-29,49140,955416,23727,505785,25413,449631,0,0,39903,625486,0.081357,9079,165239,0.021493,39941,790725,0.102849,7688185
3,2021-01-30,35658,991074,17105,522890,18553,468184,0,0,31401,652540,0.084876,4416,169655,0.022067,31470,822195,0.106943,7688185
3,2021-01-31,21705,1012779,12743,535633,8962,477146,0,0,20586,671707,0.087369,1432,171087,0.022253,20599,842794,0.109622,7688185
3,2021-02-01,44044,1056823,19906,555539,24138,501284,0,0,34581,696441,0.090586,9882,180969,0.023539,34616,877410,0.114124,7688185
3,2021-02-02,52706,1109529,22283,577822,30423,531707,0,0,40777,724901,0.094288,12363,193332,0.025147,40823,918233,0.119434,7688185
3,2021-02-03,58724,1168253,26259,604081,32465,564172,0,0,44433,754652,0.098157,14744,208076,0.027064,44495,962728,0.125222,7688185
3,2021-02-04,62667,1230920,27414,631495,35253,599425,0,0,46702,784937,0.102097,16514,224590,0.029212,46799,1009527,0.131309,7688185
3,2021-02-05,68646,1299566,29286,660781,39360,638785,0,0,47730,811947,0.10561,20882,245472,0.031928,47892,1057419,0.137538,7688185
3,2021-02-06,43017,1342583,20928,681709,22089,660874,0,0,33373,835893,0.108724,9612,255084,0.033179,33558,1090977,0.141903,7688185
3,2021-02-07,19242,1361825,12144,693853,7098,667972,0,0,15366,846959,0.110164,4424,259508,0.033754,15490,1106467,0.143918,7688185
3,2021-02-08,49972,1411797,23955,717808,26017,693989,0,0,33434,863491,0.112314,17089,276597,0.035977,33621,1140088,0.148291,7688185
3,2021-02-09,56829,1468626,27755,745563,29074,723063,0,0,33624,873962,0.113676,23495,300092,0.039033,33966,1174054,0.152709,7688185
3,2021-02-10,65565,1534191,30838,776401,34727,757790,0,0,35810,880316,0.114502,29974,330066,0.042932,36328,1210382,0.157434,7688185
3,2021-02-11,67971,1602162,33466,809867,34505,792295,0,0,36925,886699,0.115333,31072,361138,0.046973,37455,1247837,0.162306,7688185
3,2021-02-12,73017,1675179,31633,841500,41384,833679,0,0,40682,895886,0.116528,32244,393382,0.051167,41431,1289268,0.167695,7688185
3,2021-02-13,43595,1718774,20025,861525,23570,857249,0,0,25272,903698,0.117544,18048,411430,0.053515,25860,1315128,0.171058,7688185
3,2021-02-14,26437,1745211,13406,874931,13031,870280,0,0,14956,907745,0.11807,11353,422783,0.054991,15400,1330528,0.173061,7688185
3,2021-02-15,39099,1784310,16833,891764,22266,892546,0,0,21763,913218,0.118782,17230,440013,0.057232,22703,1353231,0.176014,7688185
3,2021-02-16,67622,1851932,32300,924064,35322,927868,0,0,35479,917670,0.119361,32048,472061,0.061401,36500,1389731,0.180762,7688185
3,2021-02-17,69140,1921072,35208,959272,33932,961800,0,0,33006,915918,0.119133,35864,507925,0.066066,34112,1423843,0.185199,7688185
3,2021-02-18,73706,1994778,38700,997972,35006,996806,0,0,34329,912398,0.118675,39205,547130,0.071165,35685,1459528,0.18984,7688185
3,2021-02-19,65665,2060443,37974,1035946,27691,1024497,0,0,33649,914685,0.118973,32068,579198,0.075336,34355,1493883,0.194309,7688185
3,2021-02-20,40340,2100783,25617,1061563,14723,1039220,0,0,21524,918011,0.119405,18695,597893,0.077768,22021,1515904,0.197173,7688185
3,2021-02-21,18862,2119645,15463,1077026,3399,1042619,0,0,8772,917300,0.119313,9715,607608,0.079031,9004,1524908,0.198344,7688185
3,2021-02-22,43281,2162926,28084,1105110,15197,1057816,0,0,20302,915157,0.119034,22932,630540,0.082014,20789,1545697,0.201048,7688185
3,2021-02-23,57390,2220316,31284,1136394,26106,1083922,0,0,25111,910124,0.11838,32106,662646,0.08619,27073,1572770,0.20457,7688185
3,2021-02-24,73294,2293610,35577,1171971,37717,1121639,0,0,32387,904253,0.117616,40740,703386,0.091489,34869,1607639,0.209105,7688185
3,2021-02-25,81267,2374877,39119,1211090,42148,1163787,0,0,40549,906891,0.117959,40472,743858,0.096753,43110,1650749,0.214712,7688185
3,2021-02-26,92820,2467697,42230,1253320,50590,1214377,0,0,49240,915021,0.119017,43287,787145,0.102384,51417,1702166,0.2214,7688185
3,2021-02-27,64902,2532599,29435,1282755,35464,1249841,3,3,34585,920769,0.119764,30136,817281,0.106304,35884,1738050,0.226068,7688185
3,2021-02-28,36504,2569103,21418,1304173,15086,1264927,0,3,18978,923327,0.120097,17373,834654,0.108563,19931,1757981,0.22866,7688185
3,2021-03-01,63492,2632595,33709,1337882,29782,1294709,1,4,35514,932391,0.121276,27788,862442,0.112178,36852,1794833,0.233453,7688185
3,2021-03-02,70330,2702925,33882,1371764,36447,1331156,1,5,41181,946783,0.123148,28923,891365,0.11594,43315,1838148,0.239087,7688185
3,2021-03-03,83694,2786619,39468,1411232,44216,1375372,10,15,46116,957786,0.124579,37376,928741,0.120801,48379,1886527,0.24538,7688185
3,2021-03-04,86842,2873461,42642,1453874,44185,1419557,15,30,49529,972537,0.126498,37053,965794,0.125621,51804,1938331,0.252118,7688185
3,2021-03-05,84301,2957762,41003,1494877,43017,1462574,281,311,51573,994144,0.129308,32451,998245,0.129841,54058,1992389,0.259149,7688185
3,2021-03-06,61151,3018913,30629,1525506,28452,1491026,2070,2381,34917,1006780,0.130952,25838,1024083,0.133202,38474,2030863,0.264154,7688185
3,2021-03-07,36135,3055048,21286,1546792,13769,1504795,1080,3461,21233,1015509,0.132087,14791,1038874,0.135126,23520,2054383,0.267213,7688185
3,2021-03-08,55938,3110986,26687,1573479,26517,1531312,2734,6195,35296,1034706,0.134584,20370,1059244,0.137776,39567,2093950,0.272359,7688185
3,2021-03-09,67378,3178364,28666,1602145,34426,1565738,4286,10481,35547,1044178,0.135816,31560,1090804,0.141881,41032,2134982,0.277696,7688185
3,2021-03-10,77100,3255464,37869,1640014,33443,1599181,5788,16269,40716,1056063,0.137362,36066,1126870,0.146572,47951,2182933,0.283933,7688185
3,2021-03-11,91365,3346829,44840,1684854,38458,1637639,8067,24336,45349,1064819,0.138501,45816,1172686,0.152531,54572,2237505,0.291032,7688185
3,2021-03-12,97290,3444119,43184,1728038,42595,1680234,11511,35847,44371,1069111,0.139059,52744,1225430,0.159391,57036,2294541,0.29845,7688185
3,2021-03-13,66673,3510792,28103,1756141,31512,1711746,7058,42905,35186,1081353,0.140651,31388,1256818,0.163474,43630,2338171,0.304125,7688185
3,2021-03-14,39596,3550388,20879,1777020,15293,1727039,3424,46329,21686,1089270,0.141681,17856,1274674,0.165796,25773,2363944,0.307478,7688185
3,2021-03-15,72671,3623059,34133,1811153,34180,1761219,4358,50687,39122,1100556,0.143149,33212,1307886,0.170116,44498,2408442,0.313265,7688185
3,2021-03-16,90836,3713895,41673,1852826,45105,1806324,4058,54745,52507,1119906,0.145666,38159,1346045,0.17508,57509,2465951,0.320746,7688185
3,2021-03-17,93454,3807349,45020,1897846,44159,1850483,4275,59020,57888,1147423,0.149245,35340,1381385,0.179676,62857,2528808,0.328921,7688185
3,2021-03-18,97342,3904691,49041,1946887,44115,1894598,4186,63206,58102,1171299,0.152351,39041,1420426,0.184754,62917,2591725,0.337105,7688185
3,2021-03-19,97504,4002195,51627,1998514,41700,1936298,4177,67383,55667,1190191,0.154808,41521,1461947,0.190155,60413,2652138,0.344963,7688185
3,2021-03-20,69225,4071420,35597,2034111,30172,1966470,3456,70839,44078,1213254,0.157808,24958,1486905,0.193401,48021,2700159,0.351209,7688185
3,2021-03-21,34641,4106061,23610,2057721,9615,1976085,1416,72255,23316,1227217,0.159624,11262,1498167,0.194866,25225,2725384,0.35449,7688185
3,2021-03-22,67471,4173532,39457,2097178,25777,2001862,2237,74492,44978,1253125,0.162994,22337,1520504,0.197772,48245,2773629,0.360765,7688185
3,2021-03-23,85862,4259394,47413,2144591,36130,2037992,2319,76811,56876,1284246,0.167042,28797,1549301,0.201517,59918,2833547,0.368559,7688185
3,2021-03-24,94817,4354211,54856,2199447,37495,2075487,2466,79277,57153,1307094,0.170013,37368,1586669,0.206378,60216,2893763,0.376391,7688185
3,2021-03-25,102240,4456451,56851,2256298,42662,2118149,2727,82004,60031,1328574,0.172807,41904,1628573,0.211828,63384,2957147,0.384635,7688185
3,2021-03-26,105821,4562272,57082,2313380,45595,2163744,3144,85148,57429,1341935,0.174545,48140,1676713,0.21809,61501,3018648,0.392635,7688185
3,2021-03-27,71645,4633917,36104,2349484,33057,2196801,2484,87632,36189,1346054,0.175081,35212,1711925,0.22267,39331,3057979,0.39775,7688185
3,2021-03-28,42513,4676430,26720,2376204,15003,2211804,790,88422,22772,1350450,0.175653,19663,1731588,0.225227,24059,3082038,0.40088,7688185
3,2021-03-29,77560,4753990,40666,2416870,35205,2247009,1689,90111,45145,1365921,0.177665,32193,1763781,0.229414,47664,3129702,0.407079,7688185
3,2021-03-30,96786,4850776,47695,2464565,45838,2292847,3253,93364,60033,1393317,0.181228,36491,1800272,0.234161,63887,3193589,0.415389,7688185
3,2021-03-31,101215,4951991,54513,2519078,42040,2334887,4662,98026,57145,1411662,0.183614,43792,1844064,0.239857,62137,3255726,0.423471,7688185
3,2021-04-01,117065,5069056,59068,2578146,48832,2383719,9165,107191,65541,1435587,0.186726,51113,1895177,0.246505,75038,3330764,0.433232,7688185
3,2021-04-02,111876,5180932,54685,2632831,47556,2431275,9635,116826,60914,1456067,0.18939,50631,1945808,0.253091,71111,3401875,0.442481,7688185
3,2021-04-03,72988,5253920,36885,2669716,27298,2458573,8805,125631,37414,1467273,0.190848,35370,1981178,0.257691,46576,3448451,0.448539,7688185
3,2021-04-04,31222,5285142,16760,2686476,10587,2469160,3875,129506,13797,1467794,0.190916,17180,1998358,0.259926,17701,3466152,0.450841,7688185
3,2021-04-05,85071,5370213,43041,2729517,33452,2502612,8578,138084,42773,1477955,0.192237,42008,2040366,0.26539,52169,3518321,0.457627,7688185
3,2021-04-06,107266,5477479,52490,2782007,40392,2543004,14384,152468,51732,1489595,0.193751,55204,2095570,0.27257,66844,3585165,0.466321,7688185
3,2021-04-07,109287,5586766,56731,2838738,37705,2580709,14851,167319,53761,1503561,0.195568,54900,2150470,0.279711,68866,3654031,0.475279,7688185
3,2021-04-08,111843,5698609,56580,2895318,37228,2617937,18035,185354,52922,1517266,0.19735,57841,2208311,0.287234,71546,3725577,0.484585,7688185
3,2021-04-09,88047,5786656,43125,2938443,32493,2650430,12429,197783,38675,1523284,0.198133,45212,2253523,0.293115,51230,3776807,0.491248,7688185
3,2021-04-10,56076,5842732,23862,2962305,24439,2674869,7775,205558,24167,1525474,0.198418,30348,2283871,0.297062,32538,3809345,0.49548,7688185
3,2021-04-11,31647,5874379,16749,2979054,11769,2686638,3129,208687,7762,1524624,0.198307,10284,2294155,0.2984,9434,3818779,0.496707,7688185
3,2021-04-12,34389,5908768,13684,2992738,16717,2703355,3988,212675,0,1524624,0.198307,0,2294155,0.2984,0,3818779,0.496707,7688185
4,2020-12-15,444,444,444,444,0,0,0,0,444,444,5.9e-05,0,0,0.0,444,444,5.9e-05,7584050
4,2020-12-16,2915,3359,2915,3359,0,0,0,0,2915,3359,0.000443,0,0,0.0,2915,3359,0.000443,7584050
4,2020-12-17,8429,11788,8429,11788,0,0,0,0,8427,11786,0.001554,0,0,0.0,8427,11786,0.001554,7584050
4,2020-12-18,15247,27035,15238,27026,9,9,0,0,15244,27029,0.003564,1,1,0.0,15244,27030,0.003564,7584050
4,2020-12-19,10165,37200,10159,37185,6,15,0,0,10098,37127,0.004895,0,1,0.0,10098,37128,0.004896,7584050
4,2020-12-20,7336,44536,7324,44509,12,27,0,0,7288,44415,0.005856,0,1,0.0,7288,44416,0.005857,7584050
4,2020-12-21,16136,60672,16116,60625,20,47,0,0,16068,60483,0.007975,0,1,0.0,16068,60484,0.007975,7584050
4,2020-12-22,16941,77613,16233,76858,708,755,0,0,16898,77381,0.010203,0,1,0.0,16898,77382,0.010203,7584050
4,2020-12-23,16740,94353,14081,90939,2659,3414,0,0,16708,94089,0.012406,0,1,0.0,16708,94090,0.012406,7584050
4,2020-12-24,8481,102834,5918,96857,2563,5977,0,0,8481,102570,0.013524,0,1,0.0,8481,102571,0.013525,7584050
4,2020-12-25,896,103730,791,97648,105,6082,0,0,894,103463,0.013642,1,2,0.0,894,103465,0.013642,7584050
4,2020-12-26,6154,109884,3860,101508,2294,8376,0,0,6152,109615,0.014453,0,2,0.0,6152,109617,0.014454,7584050
4,2020-12-27,3408,113292,1991,103499,1417,9793,0,0,3408,113023,0.014903,0,2,0.0,3408,113025,0.014903,7584050
4,2020-12-28,14853,128145,9190,112689,5663,15456,0,0,14821,127843,0.016857,1,3,0.0,14821,127846,0.016857,7584050
4,2020-12-29,15137,143282,8384,121073,6753,22209,0,0,15102,142945,0.018848,0,3,0.0,15102,142948,0.018849,7584050
4,2020-12-30,18749,162031,11016,132089,7733,29942,0,0,18736,161679,0.021318,2,5,1e-06,18736,161684,0.021319,7584050
4,2020-12-31,8129,170160,3302,135391,4827,34769,0,0,8123,169800,0.022389,2,7,1e-06,8123,169807,0.02239,7584050
4,2021-01-01,1101,171261,454,135845,647,35416,0,0,1097,170897,0.022534,0,7,1e-06,1097,170904,0.022535,7584050
4,2021-01-02,5614,176875,3177,139022,2437,37853,0,0,5612,176508,0.023274,1,8,1e-06,5612,176516,0.023275,7584050
4,2021-01-03,2098,178973,1246,140268,852,38705,0,0,2083,178587,0.023548,4,12,2e-06,2083,178599,0.023549,7584050
4,2021-01-04,12863,191836,7015,147283,5848,44553,0,0,12814,191370,0.025233,31,43,6e-06,12814,191413,0.025239,7584050
4,2021-01-05,16555,208391,9796,157079,6759,51312,0,0,14564,203977,0.026896,1966,2009,0.000265,14573,205986,0.02716,7584050
4,2021-01-06,21286,229677,13063,170142,8223,59535,0,0,15504,213769,0.028187,5723,7732,0.00102,15515,221501,0.029206,7584050
4,2021-01-07,27469,257146,16736,186878,10733,70268,0,0,16911,220089,0.02902,10602,18334,0.002417,16922,238423,0.031437,7584050
4,2021-01-08,32397,289543,20790,207668,11607,81875,0,0,18370,224515,0.029604,13958,32292,0.004258,18384,256807,0.033861,7584050
4,2021-01-09,15934,305477,9399,217067,6535,88410,0,0,9343,227299,0.029971,6569,38861,0.005124,9353,266160,0.035095,7584050
4,2021-01-10,8665,314142,5600,222667,3065,91475,0,0,4076,226814,0.029907,4567,43428,0.005726,4082,270242,0.035633,7584050
4,2021-01-11,32989,347131,21563,244230,11426,102901,0,0,18631,231148,0.030478,14316,57744,0.007614,18650,288892,0.038092,7584050
4,2021-01-12,37683,384814,21561,265791,16122,119023,0,0,23824,241149,0.031797,13859,71603,0.009441,23860,312752,0.041238,7584050
4,2021-01-13,38106,422920,18743,284534,19363,138386,0,0,27030,257182,0.033911,11018,82621,0.010894,27051,339803,0.044805,7584050
4,2021-01-14,38597,461517,14728,299262,23869,162255,0,0,31589,281837,0.037162,6962,89583,0.011812,31617,371420,0.048974,7584050
4,2021-01-15,44735,506252,15497,314759,29238,191493,0,0,39266,315713,0.041629,5411,94994,0.012525,39287,410707,0.054154,7584050
4,2021-01-16,28364,534616,9286,324045,19078,210571,0,0,25262,337930,0.044558,3059,98053,0.012929,25276,435983,0.057487,7584050
4,2021-01-17,18840,553456,6620,330665,12220,222791,0,0,17337,353804,0.046651,1477,99530,0.013124,17351,453334,0.059775,7584050
4,2021-01-18,29016,582472,13329,343994,15687,238478,0,0,23086,371086,0.04893,5834,105364,0.013893,23116,476450,0.062823,7584050
4,2021-01-19,45570,628042,23097,367091,22473,260951,0,0,36344,398331,0.052522,9170,114534,0.015102,36415,512865,0.067624,7584050
4,2021-01-20,50855,678897,26896,393987,23959,284910,0,0,40579,428781,0.056537,10177,124711,0.016444,40627,553492,0.072981,7584050
4,2021-01-21,55606,734503,24541,418528,31065,315975,0,0,49348,471969,0.062232,6193,130904,0.01726,49381,602873,0.079492,7584050
4,2021-01-22,54285,788788,21817,440345,32468,348443,0,0,49257,516330,0.068081,4925,135829,0.01791,49286,652159,0.085991,7584050
4,2021-01-23,39223,828011,17362,457707,21861,370304,0,0,34961,547066,0.072134,4253,140082,0.018471,34989,687148,0.090604,7584050
4,2021-01-24,23702,851713,10402,468109,13300,383604,0,0,21854,567093,0.074774,1841,141923,0.018713,21868,709016,0.093488,7584050
4,2021-01-25,47057,898770,21735,489844,25322,408926,0,0,36164,592448,0.078118,10862,152785,0.020146,36217,745233,0.098263,7584050
4,2021-01-26,55640,954410,28432,518276,27208,436134,0,0,43688,624342,0.082323,11854,164639,0.021709,43748,788981,0.104032,7584050
4,2021-01-27,54493,1008903,26394,544670,28099,464233,0,0,43677,657406,0.086683,10659,175298,0.023114,43723,832704,0.109797,7584050
4,2021-01-28,55652,1064555,25246,569916,30406,494639,0,0,45861,693611,0.091457,9696,184994,0.024393,45901,878605,0.115849,7584050
4,2021-01-29,55536,1120091,26698,596614,28838,523477,0,0,45377,729000,0.096123,10010,195004,0.025712,45399,924004,0.121835,7584050
4,2021-01-30,37214,1157305,16947,613561,20267,543744,0,0,31997,755875,0.099666,5144,200148,0.026391,32019,956023,0.126057,7584050
4,2021-01-31,23675,1180980,12438,625999,11237,554981,0,0,22142,776473,0.102382,1553,201701,0.026595,22151,978174,0.128978,7584050
4,2021-02-01,47742,1228722,22561,648560,25181,580162,0,0,37605,803975,0.106009,10142,211843,0.027933,37644,1015818,0.133941,7584050
4,2021-02-02,55383,1284105,26314,674874,29069,609231,0,0,41803,832342,0.109749,13474,225317,0.029709,41841,1057659,0.139458,7584050
4,2021-02-03,61323,1345428,30173,705047,31150,640381,0,0,47335,865817,0.114163,13914,239231,0.031544,47389,1105048,0.145707,7584050
4,2021-02-04,66641,1412069,31125,736172,35516,675897,0,0,50190,899788,0.118642,16319,255550,0.033696,50290,1155338,0.152338,7584050
4,2021-02-05,71966,1484035,33384,769556,38582,714479,0,0,50293,928791,0.122466,21425,276975,0.036521,50428,1205766,0.158987,7584050
4,2021-02-06,47814,1531849,25882,795438,21932,736411,0,0,36458,954127,0.125807,11329,288304,0.038015,36665,1242431,0.163822,7584050
4,2021-02-07,26156,1558005,17246,812684,8910,745321,0,0,19873,967947,0.127629,6286,294590,0.038843,20106,1262537,0.166473,7584050
4,2021-02-08,57526,1615531,29548,842232,27978,773299,0,0,37443,985656,0.129964,19993,314583,0.04148,37702,1300239,0.171444,7584050
4,2021-02-09,66215,1681746,33835,876067,32380,805679,0,0,38884,997639,0.131544,27297,341880,0.045079,39280,1339519,0.176623,7584050
4,2021-02-10,76289,1758035,38231,914298,38058,843737,0,0,40809,1003677,0.132341,35299,377179,0.049733,41337,1380856,0.182074,7584050
4,2021-02-11,79631,1837666,41527,955825,38104,881841,0,0,41379,1007637,0.132863,38077,415256,0.054754,42037,1422893,0.187617,7584050
4,2021-02-12,83083,1920749,37231,993056,45852,927693,0,0,42878,1011343,0.133351,39951,455207,0.060022,43657,1466550,0.193373,7584050
4,2021-02-13,57960,1978709,29417,1022473,28543,956236,0,0,29384,1013563,0.133644,28054,483261,0.063721,30274,1496824,0.197365,7584050
4,2021-02-14,36392,2015101,18930,1041403,17462,973698,0,0,18520,1015165,0.133855,17573,500834,0.066038,19175,1515999,0.199893,7584050
4,2021-02-15,45437,2060538,21262,1062665,24175,997873,0,0,23535,1018087,0.134241,21798,522632,0.068912,24720,1540719,0.203153,7584050
4,2021-02-16,78638,2139176,36041,1098706,42597,1040470,0,0,40093,1021244,0.134657,38156,560788,0.073943,41313,1582032,0.2086,7584050
4,2021-02-17,79632,2218808,37595,1136301,42037,1082507,0,0,38038,1019344,0.134406,41066,601854,0.079358,39166,1621198,0.213764,7584050
4,2021-02-18,81665,2300473,45132,1181433,36533,1119040,0,0,37849,1015367,0.133882,43294,645148,0.085066,39317,1660515,0.218948,7584050
4,2021-02-19,80214,2380687,50538,1231971,29676,1148716,0,0,40542,1017142,0.134116,39472,684620,0.090271,41247,1701762,0.224387,7584050
4,2021-02-20,47409,2428096,31926,1263897,15483,1164199,0,0,26256,1022929,0.134879,21166,705786,0.093062,26953,1728715,0.227941,7584050
4,2021-02-21,25289,2453385,19800,1283697,5489,1169688,0,0,11345,1020840,0.134604,13689,719475,0.094867,11600,1740315,0.22947,7584050
4,2021-02-22,51572,2504957,35577,1319274,15995,1185683,0,0,25167,1020156,0.134513,26293,745768,0.098334,25609,1765924,0.232847,7584050
4,2021-02-23,71411,2576368,39555,1358829,31856,1217539,0,0,31395,1013560,0.133644,39636,785404,0.10356,33040,1798964,0.237204,7584050
4,2021-02-24,86476,2662844,45442,1404271,41034,1258573,0,0,39284,1008109,0.132925,46868,832272,0.10974,41417,1840381,0.242665,7584050
4,2021-02-25,96343,2759187,50147,1454418,46196,1304769,0,0,46167,1006894,0.132765,49922,882194,0.116322,48707,1889088,0.249087,7584050
4,2021-02-26,102696,2861883,51694,1506112,51002,1355771,0,0,53003,1012799,0.133543,49415,931609,0.122838,55320,1944408,0.256381,7584050
4,2021-02-27,74060,2935943,40116,1546228,33939,1389710,5,5,39604,1019556,0.134434,34325,965934,0.127364,41082,1985490,0.261798,7584050
4,2021-02-28,44498,2980441,27633,1573861,16864,1406574,1,6,24848,1025761,0.135252,19526,985460,0.129938,25731,2011221,0.265191,7584050
4,2021-03-01,73416,3053857,42828,1616689,30585,1437159,3,9,40686,1035138,0.136489,32491,1017951,0.134223,41868,2053089,0.270711,7584050
4,2021-03-02,76440,3130297,42791,1659480,33646,1470805,3,12,45657,1052141,0.138731,30458,1048409,0.138239,47461,2100550,0.276969,7584050
4,2021-03-03,95411,3225708,50344,1709824,45063,1515868,4,16,52543,1063826,0.140271,42626,1091035,0.143859,54311,2154861,0.284131,7584050
4,2021-03-04,92949,3318657,51715,1761539,41222,1557090,12,28,51154,1075322,0.141787,41424,1132459,0.149321,52920,2207781,0.291108,7584050
4,2021-03-05,90212,3408869,48199,1809738,41710,1598800,303,331,53628,1094791,0.144354,36381,1168840,0.154118,55850,2263631,0.298473,7584050
4,2021-03-06,72384,3481253,40691,1850429,29120,1627920,2573,2904,44201,1115519,0.147088,27423,1196263,0.157734,48151,2311782,0.304822,7584050
4,2021-03-07,40906,3522159,26010,1876439,13770,1641690,1126,4030,24859,1126756,0.148569,15892,1212155,0.15983,27129,2338911,0.308399,7584050
4,2021-03-08,63947,3586106,33158,1909597,27758,1669448,3031,7061,41865,1151288,0.151804,21709,1233864,0.162692,46241,2385152,0.314496,7584050
4,2021-03-09,72098,3658204,33318,1942915,33724,1703172,5056,12117,37614,1160896,0.153071,34249,1268113,0.167208,43857,2429009,0.320279,7584050
4,2021-03-10,86640,3744844,44094,1987009,35335,1738507,7211,19328,43647,1170115,0.154286,42653,1310766,0.172832,51872,2480881,0.327118,7584050
4,2021-03-11,97948,3842792,51590,2038599,38372,1776879,7986,27314,45698,1172937,0.154658,52038,1362804,0.179693,54860,2535741,0.334352,7584050
4,2021-03-12,101368,3944160,50000,2088599,41414,1818293,9954,37268,43340,1169381,0.15419,57818,1420622,0.187317,54262,2590003,0.341507,7584050
4,2021-03-13,78055,4022215,36419,2125018,33457,1851750,8179,45447,36465,1173751,0.154766,41443,1462065,0.192782,45813,2635816,0.347547,7584050
4,2021-03-14,48543,4070758,27795,2152813,17219,1868969,3529,48976,24862,1179182,0.155482,23612,1485677,0.195895,29043,2664859,0.351377,7584050
4,2021-03-15,82059,4152817,43857,2196670,34064,1903033,4138,53114,43249,1189098,0.156789,38355,1524032,0.200952,48271,2713130,0.357742,7584050
4,2021-03-16,104677,4257494,54416,2251086,46952,1949985,3309,56423,56974,1202632,0.158574,47485,1571517,0.207213,61019,2774149,0.365787,7584050
4,2021-03-17,102925,4360419,55454,2306540,44144,1994129,3327,59750,60421,1224746,0.16149,42227,1613744,0.212781,64341,2838490,0.374271,7584050
4,2021-03-18,102691,4463110,57057,2363597,42094,2036223,3540,63290,59974,1246301,0.164332,42449,1656193,0.218378,64004,2902494,0.38271,7584050
4,2021-03-19,106543,4569653,60933,2424530,40574,2076797,5036,68326,61426,1268431,0.16725,44756,1700949,0.22428,66886,2969380,0.39153,7584050
4,2021-03-20,81224,4650877,47493,2472023,30792,2107589,2939,71265,50765,1292201,0.170384,30242,1731191,0.228267,54012,3023392,0.398651,7584050
4,2021-03-21,46657,4697534,33741,2505764,10655,2118244,2261,73526,29507,1307335,0.17238,17026,1748217,0.230512,32160,3055552,0.402892,7584050
4,2021-03-22,79269,4776803,52139,2557903,24617,2142861,2513,76039,51392,1334315,0.175937,27687,1775904,0.234163,54667,3110219,0.4101,7584050
4,2021-03-23,100889,4877692,60209,2618112,38679,2181540,2001,78040,64351,1364956,0.179977,36287,1812191,0.238948,66928,3177147,0.418925,7584050
4,2021-03-24,109523,4987215,71043,2689155,36283,2217823,2197,80237,64063,1386600,0.182831,45076,1857267,0.244891,66720,3243867,0.427722,7584050
4,2021-03-25,112374,5099589,69032,2758187,41111,2258934,2231,82468,66062,1409798,0.18589,45549,1902816,0.250897,68747,3312614,0.436787,7584050
4,2021-03-26,115314,5214903,70079,2828266,42265,2301199,2970,85438,65304,1429161,0.188443,49631,1952447,0.257441,68994,3381608,0.445884,7584050
4,2021-03-27,88551,5303454,52375,2880641,34420,2335619,1756,87194,46105,1435264,0.189248,42219,1994666,0.263008,48322,3429930,0.452256,7584050
4,2021-03-28,54034,5357488,35492,2916133,17677,2353296,865,88059,30121,1442754,0.190235,23810,2018476,0.266148,31300,3461230,0.456383,7584050
4,2021-03-29,90731,5448219,54517,2970650,34246,2387542,1968,90027,51671,1458297,0.192285,38702,2057178,0.271251,54245,3515475,0.463535,7584050
4,2021-03-30,113569,5561788,61809,3032459,47818,2435360,3942,93969,73676,1496774,0.197358,39582,2096760,0.27647,78059,3593534,0.473828,7584050
4,2021-03-31,117310,5679098,69421,3101880,41824,2477184,6065,100034,68800,1523800,0.200922,48083,2144843,0.28281,75109,3668643,0.483731,7584050
4,2021-04-01,136699,5815797,77919,3179799,46170,2523354,12610,112644,82387,1565261,0.206389,53800,2198643,0.289904,95261,3763904,0.496292,7584050
4,2021-04-02,130936,5946733,70159,3249958,48113,2571467,12664,125308,77218,1602177,0.211256,53343,2251986,0.296937,90259,3854163,0.508193,7584050
4,2021-04-03,97427,6044160,51672,3301630,32894,2604361,12861,138169,52177,1622423,0.213926,45102,2297088,0.302884,65348,3919511,0.51681,7584050
4,2021-04-04,45129,6089289,23836,3325466,14244,2618605,7049,145218,19567,1623895,0.21412,25177,2322265,0.306204,26649,3946160,0.520324,7584050
4,2021-04-05,103927,6193216,58559,3384025,33311,2651916,12057,157275,54568,1642033,0.216511,49068,2371333,0.312674,67206,4013366,0.529185,7584050
4,2021-04-06,132604,6325820,74090,3458115,39443,2691359,19071,176346,68949,1667392,0.219855,63335,2434668,0.321025,88694,4102060,0.54088,7584050
4,2021-04-07,130748,6456568,73909,3532024,37187,2728546,19652,195998,67545,1692289,0.223138,62590,2497258,0.329278,87487,4189547,0.552416,7584050
4,2021-04-08,130691,6587259,72972,3604996,34229,2762775,23490,219488,65025,1716439,0.226322,64860,2562118,0.33783,89010,4278557,0.564152,7584050
4,2021-04-09,105439,6692698,57259,3662255,33775,2796550,14405,233893,52171,1732795,0.228479,50536,2612654,0.344493,66892,4345449,0.572972,7584050
4,2021-04-10,72303,6765001,34741,3696996,28119,2824669,9443,243336,35490,1743259,0.229859,35116,2647770,0.349123,45580,4391029,0.578982,7584050
4,2021-04-11,44904,6809905,28229,3725225,12309,2836978,4366,247702,15189,1748158,0.230505,13126,2660896,0.350854,18025,4409054,0.581359,7584050
4,2021-04-12,47398,6857303,25094,3750319,17149,2854127,5155,252857,0,1748158,0.230505,0,2660896,0.350854,0,4409054,0.581359,7584050
