hpiquartile,administered_date,total_doses,cumulative_total_doses,pfizer_doses,cumulative_pfizer_doses,moderna_doses,cumulative_moderna_doses,jj_doses,cumulative_jj_doses,partially_vaccinated,total_partially_vaccinated,pct_age16pop_partially_vaccinated,fully_vaccinated,cumulative_fully_vaccinated,pct_age16pop_fully_vaccinated,at_least_one_dose,cumulative_at_least_one_dose,pct_age16pop_at_least_one_dose,age16_population
1,2020-12-15,144,144,144,144,0,0,0,0,144,144,1.8e-05,0,0,0.0,144,144,1.8e-05,8051741
1,2020-12-16,1279,1423,1279,1423,0,0,0,0,1279,1423,0.000177,0,0,0.0,1279,1423,0.000177,8051741
1,2020-12-17,4102,5525,4102,5525,0,0,0,0,4102,5525,0.000686,0,0,0.0,4102,5525,0.000686,8051741
1,2020-12-18,6071,11596,6028,11553,43,43,0,0,6076,11601,0.001441,0,0,0.0,6076,11601,0.001441,8051741
1,2020-12-19,2782,14378,2782,14335,0,43,0,0,2782,14382,0.001786,1,1,0.0,2782,14383,0.001786,8051741
1,2020-12-20,2040,16418,2037,16372,3,46,0,0,2042,16424,0.00204,0,1,0.0,2042,16425,0.00204,8051741
1,2020-12-21,7860,24278,7847,24219,13,59,0,0,7916,24340,0.003023,0,1,0.0,7916,24341,0.003023,8051741
1,2020-12-22,7389,31667,6946,31165,443,502,0,0,7393,31732,0.003941,1,2,0.0,7393,31734,0.003941,8051741
1,2020-12-23,7589,39256,6326,37491,1263,1765,0,0,7588,39320,0.004883,0,2,0.0,7588,39322,0.004884,8051741
1,2020-12-24,3264,42520,2322,39813,942,2707,0,0,3265,42585,0.005289,0,2,0.0,3265,42587,0.005289,8051741
1,2020-12-25,230,42750,147,39960,83,2790,0,0,230,42815,0.005317,0,2,0.0,230,42817,0.005318,8051741
1,2020-12-26,1328,44078,966,40926,362,3152,0,0,1328,44142,0.005482,1,3,0.0,1328,44145,0.005483,8051741
1,2020-12-27,854,44932,529,41455,325,3477,0,0,855,44997,0.005588,0,3,0.0,855,45000,0.005589,8051741
1,2020-12-28,7186,52118,4980,46435,2206,5683,0,0,7186,52183,0.006481,0,3,0.0,7186,52186,0.006481,8051741
1,2020-12-29,8754,60872,4965,51400,3789,9472,0,0,8750,60931,0.007567,2,5,1e-06,8750,60936,0.007568,8051741
1,2020-12-30,11282,72154,6252,57652,5030,14502,0,0,11302,72233,0.008971,0,5,1e-06,11302,72238,0.008972,8051741
1,2020-12-31,5763,77917,1873,59525,3890,18392,0,0,5941,78174,0.009709,0,5,1e-06,5941,78179,0.00971,8051741
1,2021-01-01,494,78411,161,59686,333,18725,0,0,494,78668,0.00977,0,5,1e-06,494,78673,0.009771,8051741
1,2021-01-02,2732,81143,1619,61305,1113,19838,0,0,2831,81499,0.010122,0,5,1e-06,2831,81504,0.010123,8051741
1,2021-01-03,996,82139,531,61836,465,20303,0,0,997,82495,0.010246,1,6,1e-06,997,82501,0.010246,8051741
1,2021-01-04,7269,89408,3540,65376,3729,24032,0,0,7297,89791,0.011152,1,7,1e-06,7297,89798,0.011153,8051741
1,2021-01-05,10864,100272,5215,70591,5649,29681,0,0,10133,99203,0.012321,783,790,9.8e-05,10195,99993,0.012419,8051741
1,2021-01-06,14016,114288,7110,77701,6906,36587,0,0,12219,109641,0.013617,1787,2577,0.00032,12225,112218,0.013937,8051741
1,2021-01-07,17694,131982,9283,86984,8411,44998,0,0,13329,118739,0.014747,4236,6813,0.000846,13334,125552,0.015593,8051741
1,2021-01-08,20072,152054,10318,97302,9754,54752,0,0,14359,127393,0.015822,5710,12523,0.001555,14364,139916,0.017377,8051741
1,2021-01-09,6484,158538,3261,100563,3223,57975,0,0,4782,130421,0.016198,1758,14281,0.001774,4786,144702,0.017972,8051741
1,2021-01-10,3005,161543,1707,102270,1298,59273,0,0,1851,131127,0.016286,1147,15428,0.001916,1853,146555,0.018202,8051741
1,2021-01-11,18343,179886,12083,114353,6260,65533,0,0,11444,135846,0.016872,6767,22195,0.002757,11486,158041,0.019628,8051741
1,2021-01-12,19200,199086,10757,125110,8443,73976,0,0,13119,142984,0.017758,6060,28255,0.003509,13198,171239,0.021267,8051741
1,2021-01-13,19809,218895,10472,135582,9337,83313,0,0,14842,152852,0.018984,4991,33246,0.004129,14859,186098,0.023113,8051741
1,2021-01-14,22449,241344,9328,144910,13121,96434,0,0,19766,170078,0.021123,2606,35852,0.004453,19832,205930,0.025576,8051741
1,2021-01-15,25370,266714,9514,154424,15856,112290,0,0,23394,191565,0.023792,1972,37824,0.004698,23459,229389,0.028489,8051741
1,2021-01-16,14129,280843,4518,158942,9611,121901,0,0,13382,204109,0.02535,840,38664,0.004802,13384,242773,0.030152,8051741
1,2021-01-17,5951,286794,1933,160875,4018,125919,0,0,5756,209500,0.026019,370,39034,0.004848,5761,248534,0.030867,8051741
1,2021-01-18,14808,301602,8973,169848,5835,131754,0,0,11485,217723,0.02704,3323,42357,0.005261,11546,260080,0.032301,8051741
1,2021-01-19,24238,325840,12848,182696,11390,143144,0,0,19116,231773,0.028785,5110,47467,0.005895,19160,279240,0.034681,8051741
1,2021-01-20,27465,353305,13296,195992,14169,157313,0,0,22126,248609,0.030876,5318,52785,0.006556,22154,301394,0.037432,8051741
1,2021-01-21,31016,384321,14981,210973,16035,173348,0,0,28192,274009,0.034031,2886,55671,0.006914,28286,329680,0.040945,8051741
1,2021-01-22,27223,411544,10888,221861,16335,189683,0,0,25396,297552,0.036955,1873,57544,0.007147,25416,355096,0.044102,8051741
1,2021-01-23,18322,429866,8090,229951,10232,199915,0,0,16472,312171,0.038771,1864,59408,0.007378,16483,371579,0.046149,8051741
1,2021-01-24,6440,436306,4084,234035,2356,202271,0,0,5812,317347,0.039413,640,60048,0.007458,5816,377395,0.046871,8051741
1,2021-01-25,25358,461664,10149,244184,15209,217480,0,0,19898,331862,0.041216,5524,65572,0.008144,20039,397434,0.04936,8051741
1,2021-01-26,28384,490048,13320,257504,15064,232544,0,0,21837,347194,0.04312,6539,72111,0.008956,21871,419305,0.052076,8051741
1,2021-01-27,30890,520938,15333,272837,15557,248101,0,0,23122,362538,0.045026,7809,79920,0.009926,23153,442458,0.054952,8051741
1,2021-01-28,34317,555255,16267,289104,18050,266151,0,0,27849,383737,0.047659,6713,86633,0.01076,27912,470370,0.058418,8051741
1,2021-01-29,33619,588874,16444,305548,17175,283326,0,0,27551,405003,0.0503,6335,92968,0.011546,27601,497971,0.061846,8051741
1,2021-01-30,20544,609418,8604,314152,11940,295266,0,0,18566,421599,0.052361,1978,94946,0.011792,18574,516545,0.064153,8051741
1,2021-01-31,8371,617789,5153,319305,3218,298484,0,0,7941,428804,0.053256,738,95684,0.011884,7943,524488,0.06514,8051741
1,2021-02-01,27894,645683,12064,331369,15830,314314,0,0,20825,442375,0.054942,7258,102942,0.012785,20829,545317,0.067727,8051741
1,2021-02-02,31391,677074,11337,342706,20054,334368,0,0,23665,458321,0.056922,7750,110692,0.013748,23696,569013,0.07067,8051741
1,2021-02-03,38867,715941,14707,357413,24160,358528,0,0,28273,476003,0.059118,10620,121312,0.015067,28302,597315,0.074185,8051741
1,2021-02-04,43950,759891,17005,374418,26945,385473,0,0,32100,496196,0.061626,11952,133264,0.016551,32145,629460,0.078177,8051741
1,2021-02-05,46590,806481,17329,391747,29261,414734,0,0,30879,511345,0.063507,15774,149038,0.01851,30923,660383,0.082017,8051741
1,2021-02-06,26178,832659,10497,402244,15681,430415,0,0,20398,526016,0.065329,5741,154779,0.019223,20412,680795,0.084553,8051741
1,2021-02-07,6026,838685,3838,406082,2188,432603,0,0,4494,529005,0.065701,1522,156301,0.019412,4511,685306,0.085113,8051741
1,2021-02-08,30900,869585,14035,420117,16865,449468,0,0,20575,539260,0.066974,10397,166698,0.020703,20652,705958,0.087678,8051741
1,2021-02-09,37784,907369,16352,436469,21432,470900,0,0,22983,547459,0.067993,14854,181552,0.022548,23053,729011,0.090541,8051741
1,2021-02-10,46239,953608,21692,458161,24547,495447,0,0,26927,555011,0.068931,19447,200999,0.024963,26999,756010,0.093894,8051741
1,2021-02-11,51226,1004834,25509,483670,25717,521164,0,0,30668,564892,0.070158,20879,221878,0.027557,30760,786770,0.097714,8051741
1,2021-02-12,49338,1054172,21032,504702,28306,549470,0,0,28679,573001,0.071165,20696,242574,0.030127,28805,815575,0.101292,8051741
1,2021-02-13,26595,1080767,11012,515714,15583,565053,0,0,15217,576974,0.071658,11320,253894,0.031533,15293,830868,0.103191,8051741
1,2021-02-14,12168,1092935,5297,521011,6871,571924,0,0,6488,577920,0.071776,5653,259547,0.032235,6599,837467,0.104011,8051741
1,2021-02-15,23413,1116348,9182,530193,14231,586155,0,0,14232,583118,0.072421,9195,268742,0.033377,14393,851860,0.105798,8051741
1,2021-02-16,45363,1161711,21624,551817,23739,609894,0,0,27273,592346,0.073567,18233,286975,0.035641,27461,879321,0.109209,8051741
1,2021-02-17,47235,1208946,24062,575879,23173,633067,0,0,26329,597949,0.074263,20939,307914,0.038242,26542,905863,0.112505,8051741
1,2021-02-18,49905,1258851,24841,600720,25064,658131,0,0,26418,601139,0.07466,23527,331441,0.041164,26717,932580,0.115823,8051741
1,2021-02-19,45224,1304075,24449,625169,20775,678906,0,0,26642,609224,0.075664,18620,350061,0.043476,26705,959285,0.11914,8051741
1,2021-02-20,25542,1329617,15533,640702,10009,688915,0,0,14953,613415,0.076184,10838,360899,0.044822,15029,974314,0.121007,8051741
1,2021-02-21,9418,1339035,8339,649041,1079,689994,0,0,5888,615736,0.076472,3713,364612,0.045284,6034,980348,0.121756,8051741
1,2021-02-22,30458,1369493,20666,669707,9792,699786,0,0,19105,623245,0.077405,11782,376394,0.046747,19291,999639,0.124152,8051741
1,2021-02-23,42830,1412323,20567,690274,22263,722049,0,0,24350,629497,0.078181,18492,394886,0.049044,24744,1024383,0.127225,8051741
1,2021-02-24,54245,1466568,26965,717239,27280,749329,0,0,32355,640169,0.079507,22177,417063,0.051798,32849,1057232,0.131305,8051741
1,2021-02-25,64906,1531474,31762,749001,33144,782473,0,0,41293,658167,0.081742,23836,440899,0.054758,41834,1099066,0.1365,8051741
1,2021-02-26,72349,1603823,33741,782742,38608,821081,0,0,48905,683662,0.084909,23873,464772,0.057723,49368,1148434,0.142632,8051741
1,2021-02-27,48377,1652200,20779,803521,27592,848673,6,6,31977,699108,0.086827,16807,481579,0.059811,32253,1180687,0.146637,8051741
1,2021-02-28,18708,1670908,10875,814396,7833,856506,0,6,13715,707640,0.087887,5416,486995,0.060483,13948,1194635,0.14837,8051741
1,2021-03-01,43002,1713910,19297,833693,23699,880205,6,12,28320,721139,0.089563,15116,502111,0.062361,28615,1223250,0.151924,8051741
1,2021-03-02,57595,1771505,23470,857163,34122,914327,3,15,37124,738294,0.091694,20732,522843,0.064935,37887,1261137,0.156629,8051741
1,2021-03-03,69165,1840670,33372,890535,35778,950105,15,30,42237,754593,0.093718,26728,549571,0.068255,43027,1304164,0.161973,8051741
1,2021-03-04,76063,1916733,35226,925761,40805,990910,32,62,49322,777892,0.096612,26605,576176,0.071559,49904,1354068,0.168171,8051741
1,2021-03-05,74479,1991212,32906,958667,41373,1032283,200,262,50207,805081,0.099988,24041,600217,0.074545,51230,1405298,0.174533,8051741
1,2021-03-06,56095,2047307,27398,986065,27366,1059649,1331,1593,39024,828933,0.102951,17080,617297,0.076666,40932,1446230,0.179617,8051741
1,2021-03-07,19158,2066465,12226,998291,6140,1065789,792,2385,14401,839677,0.104285,4739,622036,0.077255,15483,1461713,0.18154,8051741
1,2021-03-08,42252,2108717,20282,1018573,20120,1085909,1850,4235,29443,858649,0.106641,12651,634687,0.078826,31623,1493336,0.185467,8051741
1,2021-03-09,59217,2167934,25914,1044487,30876,1116785,2427,6662,36125,874864,0.108655,23001,657688,0.081683,39216,1532552,0.190338,8051741
1,2021-03-10,70870,2238804,35125,1079612,31641,1148426,4104,10766,44709,898171,0.11155,26039,683727,0.084917,49346,1581898,0.196467,8051741
1,2021-03-11,86459,2325263,40100,1119712,38999,1187425,7360,18126,51701,923271,0.114667,34541,718268,0.089207,59641,1641539,0.203874,8051741
1,2021-03-12,95836,2421099,41768,1161480,41128,1228553,12940,31066,55000,950971,0.118107,40717,758985,0.094263,68417,1709956,0.212371,8051741
1,2021-03-13,63253,2484352,28974,1190454,26693,1255246,7586,38652,40604,976970,0.121336,22552,781537,0.097064,48551,1758507,0.218401,8051741
1,2021-03-14,26781,2511133,14283,1204737,8910,1264156,3588,42240,15805,985593,0.122407,10979,792516,0.098428,19602,1778109,0.220835,8051741
1,2021-03-15,65336,2576469,29646,1234383,28989,1293145,6701,48941,37929,1003475,0.124628,27148,819664,0.1018,45030,1823139,0.226428,8051741
1,2021-03-16,85434,2661903,39316,1273699,40658,1333803,5460,54401,53777,1031692,0.128133,31511,851175,0.105713,59728,1882867,0.233846,8051741
1,2021-03-17,93210,2755113,45891,1319590,40924,1374727,6395,60796,59353,1064218,0.132172,33731,884906,0.109902,66257,1949124,0.242075,8051741
1,2021-03-18,95285,2850398,49727,1369317,39861,1414588,5697,66493,58024,1091700,0.135586,36986,921892,0.114496,64468,2013592,0.250082,8051741
1,2021-03-19,102877,2953275,53429,1422746,43051,1457639,6397,72890,61312,1118704,0.138939,41293,963185,0.119624,68297,2081889,0.258564,8051741
1,2021-03-20,68592,3021867,35871,1458617,27777,1485416,4944,77834,45214,1145925,0.14232,23266,986451,0.122514,50487,2132376,0.264834,8051741
1,2021-03-21,26079,3047946,18084,1476701,6259,1491675,1736,79570,16809,1155512,0.143511,9179,995630,0.123654,18766,2151142,0.267165,8051741
1,2021-03-22,57489,3105435,30308,1507009,24268,1515943,2913,82483,39604,1180676,0.146636,17740,1013370,0.125857,42904,2194046,0.272493,8051741
1,2021-03-23,82024,3187459,41990,1548999,36726,1552669,3308,85791,54156,1211003,0.150403,27712,1041082,0.129299,58039,2252085,0.279702,8051741
1,2021-03-24,87365,3274824,45170,1594169,38069,1590738,4126,89917,52878,1234095,0.153271,34313,1075395,0.133561,57405,2309490,0.286831,8051741
1,2021-03-25,93082,3367906,48153,1642322,39545,1630283,5384,95301,53803,1254528,0.155808,39045,1114440,0.13841,59478,2368968,0.294218,8051741
1,2021-03-26,102567,3470473,49610,1691932,46833,1677116,6124,101425,57663,1274040,0.158232,44663,1159103,0.143957,64175,2433143,0.302188,8051741
1,2021-03-27,71526,3541999,37842,1729774,30060,1707176,3624,105049,37030,1280575,0.159043,34327,1193430,0.14822,40862,2474005,0.307263,8051741
1,2021-03-28,31461,3573460,20600,1750374,9638,1716814,1223,106272,17005,1284748,0.159562,14387,1207817,0.150007,18560,2492565,0.309568,8051741
1,2021-03-29,63880,3637340,32412,1782786,28912,1745726,2556,108828,36889,1297613,0.161159,26867,1234684,0.153344,39732,2532297,0.314503,8051741
1,2021-03-30,89489,3726829,44468,1827254,39387,1785113,5634,114462,51750,1317475,0.163626,37720,1272404,0.158028,57582,2589879,0.321655,8051741
1,2021-03-31,98399,3825228,52496,1879750,40214,1825327,5689,120151,56477,1338058,0.166182,41707,1314111,0.163208,62290,2652169,0.329391,8051741
1,2021-04-01,107171,3932399,51997,1931747,47280,1872607,7894,128045,56128,1351395,0.167839,50824,1364935,0.16952,64161,2716330,0.337359,8051741
1,2021-04-02,106751,4039150,48388,1980135,49333,1921940,9030,137075,54991,1364281,0.169439,51414,1416349,0.175906,64300,2780630,0.345345,8051741
1,2021-04-03,75991,4115141,38964,2019099,27989,1949929,9038,146113,36535,1370694,0.170236,39325,1455674,0.18079,45738,2826368,0.351026,8051741
1,2021-04-04,22862,4138003,11732,2030831,8064,1957993,3066,149179,10103,1371164,0.170294,12724,1468398,0.18237,13194,2839562,0.352664,8051741
1,2021-04-05,72913,4210916,36055,2066886,28033,1986026,8825,158004,35183,1377850,0.171124,37611,1506009,0.187041,44297,2883859,0.358166,8051741
1,2021-04-06,103505,4314421,50248,2117134,37005,2023031,16252,174256,47982,1386988,0.172259,55326,1561335,0.193913,64464,2948323,0.366172,8051741
1,2021-04-07,111399,4425820,54567,2171701,39015,2062046,17817,192073,51564,1397062,0.173511,59608,1620943,0.201316,69682,3018005,0.374826,8051741
1,2021-04-08,120586,4546406,57697,2229398,41662,2103708,21227,213300,54944,1407984,0.174867,65423,1686366,0.209441,76345,3094350,0.384308,8051741
1,2021-04-09,113062,4659468,50829,2280227,42934,2146642,19299,232599,50702,1416108,0.175876,62096,1748462,0.217153,70220,3164570,0.393029,8051741
1,2021-04-10,93737,4753205,41867,2322094,27957,2174599,23913,256512,36770,1420085,0.17637,56809,1805271,0.224209,60786,3225356,0.400579,8051741
1,2021-04-11,35660,4788865,19394,2341488,8921,2183520,7345,263857,14559,1421216,0.17651,21042,1826313,0.226822,22173,3247529,0.403333,8051741
1,2021-04-12,70586,4859451,31452,2372940,29110,2212630,10024,273881,30438,1421901,0.176595,39954,1866267,0.231784,40639,3288168,0.40838,8051741
1,2021-04-13,94042,4953493,49863,2422803,43889,2256519,290,274171,51062,1430860,0.177708,42858,1909125,0.237107,51817,3339985,0.414815,8051741
1,2021-04-14,95533,5049026,49227,2472030,46252,2302771,54,274225,48478,1433160,0.177994,46815,1955940,0.242921,49115,3389100,0.420915,8051741
1,2021-04-15,92117,5141143,50482,2522512,41579,2344350,56,274281,49556,1441113,0.178982,42247,1998187,0.248168,50200,3439300,0.42715,8051741
1,2021-04-16,100377,5241520,51255,2573767,49049,2393399,73,274354,51115,1443583,0.179288,49009,2047196,0.254255,51479,3490779,0.433543,8051741
1,2021-04-17,74119,5315639,41795,2615562,32320,2425719,4,274358,42390,1454665,0.180665,31580,2078776,0.258177,42662,3533441,0.438842,8051741
1,2021-04-18,27597,5343236,18428,2633990,9162,2434881,7,274365,14328,1456106,0.180844,13174,2091950,0.259813,14615,3548056,0.440657,8051741
1,2021-04-19,58905,5402141,30170,2664160,28708,2463589,27,274392,26802,1451137,0.180226,31962,2123912,0.263783,26993,3575049,0.444009,8051741
1,2021-04-20,40565,5442706,22245,2686405,18315,2481904,5,274397,20924,1453547,0.180526,19560,2143472,0.266212,21970,3597019,0.446738,8051741
2,2020-12-15,227,227,227,227,0,0,0,0,233,233,3e-05,0,0,0.0,233,233,3e-05,7897587
2,2020-12-16,1904,2131,1904,2131,0,0,0,0,1913,2146,0.000272,0,0,0.0,1913,2146,0.000272,7897587
2,2020-12-17,6600,8731,6600,8731,0,0,0,0,6646,8792,0.001113,0,0,0.0,6646,8792,0.001113,7897587
2,2020-12-18,10793,19524,10772,19503,21,21,0,0,10851,19643,0.002487,0,0,0.0,10851,19643,0.002487,7897587
2,2020-12-19,5553,25077,5548,25051,5,26,0,0,5555,25198,0.003191,0,0,0.0,5555,25198,0.003191,7897587
2,2020-12-20,4234,29311,4227,29278,7,33,0,0,4230,29428,0.003726,0,0,0.0,4230,29428,0.003726,7897587
2,2020-12-21,12446,41757,12408,41686,38,71,0,0,12437,41865,0.005301,0,0,0.0,12437,41865,0.005301,7897587
2,2020-12-22,11764,53521,11314,53000,450,521,0,0,11767,53632,0.006791,0,0,0.0,11767,53632,0.006791,7897587
2,2020-12-23,11505,65026,9344,62344,2161,2682,0,0,11514,65146,0.008249,0,0,0.0,11514,65146,0.008249,7897587
2,2020-12-24,5769,70795,3415,65759,2354,5036,0,0,5768,70914,0.008979,0,0,0.0,5768,70914,0.008979,7897587
2,2020-12-25,477,71272,401,66160,76,5112,0,0,478,71392,0.00904,0,0,0.0,478,71392,0.00904,7897587
2,2020-12-26,2529,73801,1663,67823,866,5978,0,0,2532,73924,0.00936,0,0,0.0,2532,73924,0.00936,7897587
2,2020-12-27,2204,76005,1193,69016,1011,6989,0,0,2203,76126,0.009639,1,1,0.0,2203,76127,0.009639,7897587
2,2020-12-28,10615,86620,6916,75932,3699,10688,0,0,10616,86741,0.010983,1,2,0.0,10616,86743,0.010983,7897587
2,2020-12-29,12635,99255,7162,83094,5473,16161,0,0,12640,99381,0.012584,0,2,0.0,12640,99383,0.012584,7897587
2,2020-12-30,15404,114659,8756,91850,6648,22809,0,0,15464,114845,0.014542,0,2,0.0,15464,114847,0.014542,7897587
2,2020-12-31,7418,122077,2805,94655,4613,27422,0,0,7506,122350,0.015492,1,3,0.0,7506,122353,0.015492,7897587
2,2021-01-01,1067,123144,514,95169,553,27975,0,0,1070,123419,0.015627,1,4,1e-06,1070,123423,0.015628,7897587
2,2021-01-02,4841,127985,2798,97967,2043,30018,0,0,4838,128257,0.01624,0,4,1e-06,4838,128261,0.016241,7897587
2,2021-01-03,1407,129392,780,98747,627,30645,0,0,1386,129640,0.016415,3,7,1e-06,1386,129647,0.016416,7897587
2,2021-01-04,11591,140983,5486,104233,6105,36750,0,0,11578,141213,0.017881,5,12,2e-06,11578,141225,0.017882,7897587
2,2021-01-05,13470,154453,6810,111043,6660,43410,0,0,12357,152446,0.019303,1133,1145,0.000145,12366,153591,0.019448,7897587
2,2021-01-06,18510,172963,10260,121303,8250,51660,0,0,14870,163657,0.020722,3665,4810,0.000609,14876,168467,0.021331,7897587
2,2021-01-07,22528,195491,12594,133897,9934,61594,0,0,15323,171714,0.021743,7278,12088,0.001531,15335,183802,0.023273,7897587
2,2021-01-08,25770,221261,15817,149714,9953,71547,0,0,15855,177703,0.022501,9881,21969,0.002782,15870,199672,0.025283,7897587
2,2021-01-09,9363,230624,5389,155103,3974,75521,0,0,6109,180517,0.022857,3299,25268,0.003199,6113,205785,0.026057,7897587
2,2021-01-10,5240,235864,2906,158009,2334,77855,0,0,3036,181327,0.02296,2230,27498,0.003482,3040,208825,0.026442,7897587
2,2021-01-11,25431,261295,17470,175479,7961,85816,0,0,14979,185695,0.023513,10628,38126,0.004828,14996,223821,0.02834,7897587
2,2021-01-12,25330,286625,15841,191320,9489,95305,0,0,16143,192591,0.024386,9284,47410,0.006003,16180,240001,0.030389,7897587
2,2021-01-13,27534,314159,14586,205906,12948,108253,0,0,19823,204660,0.025914,7772,55182,0.006987,19841,259842,0.032901,7897587
2,2021-01-14,28979,343138,11247,217153,17732,125985,0,0,24957,225555,0.02856,4078,59260,0.007504,24973,284815,0.036064,7897587
2,2021-01-15,33928,377066,12529,229682,21399,147384,0,0,30806,253222,0.032063,3167,62427,0.007905,30834,315649,0.039968,7897587
2,2021-01-16,17309,394375,5559,235241,11750,159134,0,0,16077,267978,0.033932,1331,63758,0.008073,16087,331736,0.042005,7897587
2,2021-01-17,9952,404327,3508,238749,6444,165578,0,0,9275,276542,0.035016,717,64475,0.008164,9281,341017,0.04318,7897587
2,2021-01-18,18764,423091,10562,249311,8202,173780,0,0,14252,286227,0.036242,4589,69064,0.008745,14274,355291,0.044987,7897587
2,2021-01-19,31416,454507,16586,265897,14830,188610,0,0,23628,302104,0.038253,7861,76925,0.00974,23738,379029,0.047993,7897587
2,2021-01-20,36210,490717,18027,283924,18183,206793,0,0,27677,321293,0.040682,8574,85499,0.010826,27763,406792,0.051508,7897587
2,2021-01-21,39085,529802,16124,300048,22961,229754,0,0,34617,351561,0.044515,4474,89973,0.011392,34742,441534,0.055907,7897587
2,2021-01-22,38730,568532,16221,316269,22509,252263,0,0,35481,383816,0.048599,3257,93230,0.011805,35512,477046,0.060404,7897587
2,2021-01-23,23828,592360,10767,327036,13061,265324,0,0,20916,401871,0.050885,2889,96119,0.012171,20944,497990,0.063056,7897587
2,2021-01-24,12245,604605,6039,333075,6206,271530,0,0,11349,412343,0.052211,887,97006,0.012283,11359,509349,0.064494,7897587
2,2021-01-25,31944,636549,15442,348517,16502,288032,0,0,23497,427443,0.054123,8457,105463,0.013354,23557,532906,0.067477,7897587
2,2021-01-26,39080,675629,19539,368056,19541,307573,0,0,30382,449176,0.056875,8711,114174,0.014457,30444,563350,0.071332,7897587
2,2021-01-27,44018,719647,22501,390557,21517,329090,0,0,34393,474078,0.060028,9546,123720,0.015666,34448,597798,0.075694,7897587
2,2021-01-28,46864,766511,21981,412538,24883,353973,0,0,38551,504348,0.063861,8334,132054,0.016721,38604,636402,0.080582,7897587
2,2021-01-29,44174,810685,21684,434222,22490,376463,0,0,35854,531907,0.067351,8332,140386,0.017776,35891,672293,0.085126,7897587
2,2021-01-30,30676,841361,13436,447658,17240,393703,0,0,27527,556340,0.070444,3124,143510,0.018171,27557,699850,0.088616,7897587
2,2021-01-31,16785,858146,10436,458094,6349,400052,0,0,15593,570769,0.072271,1182,144692,0.018321,15611,715461,0.090592,7897587
2,2021-02-01,39474,897620,19196,477290,20278,420330,0,0,29159,589579,0.074653,10380,155072,0.019635,29190,744651,0.094288,7897587
2,2021-02-02,47251,944871,19830,497120,27421,447751,0,0,36056,614472,0.077805,11257,166329,0.021061,36150,780801,0.098866,7897587
2,2021-02-03,52828,997699,23745,520865,29083,476834,0,0,39518,640662,0.081121,13405,179734,0.022758,39595,820396,0.103879,7897587
2,2021-02-04,54892,1052591,24006,544871,30886,507720,0,0,40346,666460,0.084388,14636,194370,0.024611,40434,860830,0.108999,7897587
2,2021-02-05,58209,1110800,25713,570584,32496,540216,0,0,39862,688094,0.087127,18412,212782,0.026943,40046,900876,0.11407,7897587
2,2021-02-06,39009,1149809,18102,588686,20907,561123,0,0,31549,712315,0.090194,7406,220188,0.02788,31627,932503,0.118074,7897587
2,2021-02-07,15770,1165579,10540,599226,5230,566353,0,0,11931,720484,0.091228,3825,224013,0.028365,11994,944497,0.119593,7897587
2,2021-02-08,41978,1207557,21447,620673,20531,586884,0,0,29199,737077,0.093329,12793,236806,0.029985,29386,973883,0.123314,7897587
2,2021-02-09,47882,1255439,22816,643489,25066,611950,0,0,30326,750035,0.09497,17678,254484,0.032223,30636,1004519,0.127193,7897587
2,2021-02-10,58710,1314149,27734,671223,30976,642926,0,0,34953,761494,0.096421,23836,278320,0.035241,35295,1039814,0.131662,7897587
2,2021-02-11,60398,1374547,27401,698624,32997,675923,0,0,35105,771788,0.097725,25283,303603,0.038443,35577,1075391,0.136167,7897587
2,2021-02-12,63128,1437675,27585,726209,35543,711466,0,0,34294,777777,0.098483,28945,332548,0.042108,34934,1110325,0.14059,7897587
2,2021-02-13,36677,1474352,15414,741623,21263,732729,0,0,21504,784292,0.099308,15363,347911,0.044053,21878,1132203,0.143361,7897587
2,2021-02-14,19167,1493519,9151,750774,10016,742745,0,0,11312,787953,0.099771,8073,355984,0.045075,11734,1143937,0.144846,7897587
2,2021-02-15,31940,1525459,14463,765237,17477,760222,0,0,18169,793250,0.100442,13710,369694,0.046811,19007,1162944,0.147253,7897587
2,2021-02-16,55077,1580536,27513,792750,27564,787786,0,0,29335,797771,0.101015,25689,395383,0.050064,30210,1193154,0.151078,7897587
2,2021-02-17,59846,1640382,30973,823723,28873,816659,0,0,29782,798514,0.101109,30192,425575,0.053887,30935,1224089,0.154995,7897587
2,2021-02-18,63714,1704096,32514,856237,31200,847859,0,0,31307,798759,0.10114,32569,458144,0.058011,32814,1256903,0.15915,7897587
2,2021-02-19,56723,1760819,31831,888068,24892,872751,0,0,28173,798885,0.101156,28747,486891,0.061651,28873,1285776,0.162806,7897587
2,2021-02-20,36424,1797243,23695,911763,12729,885480,0,0,20038,803364,0.101723,16562,503453,0.063748,21041,1306817,0.16547,7897587
2,2021-02-21,17383,1814626,13933,925696,3450,888930,0,0,8733,804715,0.101894,8797,512250,0.064862,10148,1316965,0.166755,7897587
2,2021-02-22,35260,1849886,24170,949866,11090,900020,0,0,16495,803659,0.10176,18822,531072,0.067245,17766,1334731,0.169005,7897587
2,2021-02-23,48188,1898074,25043,974909,23145,923165,0,0,21398,800576,0.10137,27244,558316,0.070695,24161,1358892,0.172064,7897587
2,2021-02-24,64970,1963044,33017,1007926,31953,955118,0,0,29457,797718,0.101008,35680,593996,0.075212,32822,1391714,0.17622,7897587
2,2021-02-25,70746,2033790,32514,1040440,38232,993350,0,0,35878,802036,0.101555,35221,629217,0.079672,39539,1431253,0.181227,7897587
2,2021-02-26,78579,2112369,33879,1074319,44700,1038050,0,0,42552,810652,0.102646,36213,665430,0.084257,44829,1476082,0.186903,7897587
2,2021-02-27,57027,2169396,26211,1100530,30812,1068862,4,4,31646,817910,0.103565,25888,691318,0.087535,33146,1509228,0.1911,7897587
2,2021-02-28,27665,2197061,17017,1117547,10647,1079509,1,5,16595,824614,0.104413,11510,702828,0.088993,18214,1527442,0.193406,7897587
2,2021-03-01,53470,2250531,27974,1145521,25482,1104991,14,19,29782,832264,0.105382,24034,726862,0.092036,31684,1559126,0.197418,7897587
2,2021-03-02,61887,2312418,28651,1174172,33233,1138224,3,22,35020,843048,0.106748,27323,754185,0.095496,38107,1597233,0.202243,7897587
2,2021-03-03,75415,2387833,35566,1209738,39846,1178070,3,25,41949,854740,0.108228,33448,787633,0.099731,45140,1642373,0.207959,7897587
2,2021-03-04,81081,2468914,38401,1248139,42658,1220728,22,47,47345,871181,0.11031,33737,821370,0.104003,50178,1692551,0.214312,7897587
2,2021-03-05,75889,2544803,35746,1283885,39853,1260581,290,337,46155,890503,0.112756,29672,851042,0.10776,48994,1741545,0.220516,7897587
2,2021-03-06,59135,2603938,28843,1312728,28641,1289222,1651,1988,36036,906888,0.114831,23029,874071,0.110676,39414,1780959,0.225507,7897587
2,2021-03-07,26813,2630751,15484,1328212,10396,1299618,933,2921,17118,916753,0.11608,9675,883746,0.111901,19540,1800499,0.227981,7897587
2,2021-03-08,47536,2678287,21604,1349816,23536,1323154,2396,5317,30315,933848,0.118245,17257,901003,0.114086,34352,1834851,0.232331,7897587
2,2021-03-09,61666,2739953,24846,1374662,33106,1356260,3714,9031,32913,943793,0.119504,28667,929670,0.117716,38612,1873463,0.23722,7897587
2,2021-03-10,72277,2812230,32953,1407615,33232,1389492,6092,15123,38231,956031,0.121054,33947,963617,0.122014,46185,1919648,0.243068,7897587
2,2021-03-11,88845,2901075,40053,1447668,41098,1430590,7694,22817,47158,971330,0.122991,41530,1005147,0.127273,56829,1976477,0.250263,7897587
2,2021-03-12,89388,2990463,36394,1484062,41920,1472510,11074,33891,45465,985505,0.124786,43763,1048910,0.132814,57938,2034415,0.2576,7897587
2,2021-03-13,66414,3056877,27367,1511429,31240,1503750,7807,41698,36623,1001459,0.126806,29792,1078702,0.136586,45746,2080161,0.263392,7897587
2,2021-03-14,35404,3092281,17721,1529150,13333,1517083,4350,46048,18835,1008972,0.127757,16460,1095162,0.13867,23973,2104134,0.266427,7897587
2,2021-03-15,64393,3156674,28104,1557254,31508,1548591,4781,50829,36358,1023446,0.12959,28001,1123163,0.142216,42475,2146609,0.271806,7897587
2,2021-03-16,83986,3240660,36344,1593598,43712,1592303,3930,54759,51686,1048477,0.132759,32191,1155354,0.146292,57222,2203831,0.279051,7897587
2,2021-03-17,87894,3328554,41631,1635229,42398,1634701,3865,58624,56891,1079559,0.136695,30857,1186211,0.150199,61939,2265770,0.286894,7897587
2,2021-03-18,93711,3422265,43584,1678813,45851,1680552,4276,62900,58627,1108841,0.140403,34945,1221156,0.154624,64227,2329997,0.295026,7897587
2,2021-03-19,92784,3515049,43613,1722426,43406,1723958,5765,68665,56474,1135727,0.143807,36155,1257311,0.159202,63041,2393038,0.303009,7897587
2,2021-03-20,68339,3583388,32235,1754661,32253,1756211,3851,72516,45931,1163821,0.147364,22289,1279600,0.162024,50383,2443421,0.309388,7897587
2,2021-03-21,32723,3616111,21038,1775699,9711,1765922,1974,74490,20988,1176111,0.14892,11754,1291354,0.163512,24044,2467465,0.312433,7897587
2,2021-03-22,61388,3677499,33318,1809017,25024,1790946,3046,77536,41333,1201807,0.152174,19942,1311296,0.166038,45638,2513103,0.318211,7897587
2,2021-03-23,80686,3758185,42406,1851423,35302,1826248,2978,80514,53417,1232363,0.156043,27084,1338380,0.169467,57640,2570743,0.32551,7897587
2,2021-03-24,87646,3845831,46516,1897939,37792,1864040,3338,83852,53338,1256537,0.159104,34106,1372486,0.173785,58280,2629023,0.332889,7897587
2,2021-03-25,97475,3943306,48124,1946063,45664,1909704,3687,87539,56888,1277801,0.161796,40374,1412860,0.178898,61638,2690661,0.340694,7897587
2,2021-03-26,97927,4041233,48145,1994208,46410,1956114,3372,90911,55376,1295658,0.164057,42263,1455123,0.184249,60120,2750781,0.348307,7897587
2,2021-03-27,72251,4113484,35349,2029557,33705,1989819,3197,94108,37631,1302921,0.164977,34444,1489567,0.18861,41707,2792488,0.353587,7897587
2,2021-03-28,36545,4150029,22187,2051744,13582,2003401,776,94884,20661,1309289,0.165783,15808,1505375,0.190612,22176,2814664,0.356395,7897587
2,2021-03-29,68558,4218587,34957,2086701,31343,2034744,2258,97142,40413,1325152,0.167792,28017,1533392,0.19416,43880,2858544,0.361952,7897587
2,2021-03-30,88272,4306859,42536,2129237,41756,2076500,3980,101122,54661,1351131,0.171081,33482,1566874,0.198399,59461,2918005,0.369481,7897587
2,2021-03-31,97173,4404032,49178,2178415,43189,2119689,4806,105928,58272,1375869,0.174214,38737,1605611,0.203304,63475,2981480,0.377518,7897587
2,2021-04-01,112184,4516216,53053,2231468,50609,2170298,8522,114450,62478,1398039,0.177021,49507,1655118,0.209573,71677,3053157,0.386594,7897587
2,2021-04-02,105912,4622128,49152,2280620,47342,2217640,9418,123868,58424,1419133,0.179692,47271,1702389,0.215558,68365,3121522,0.39525,7897587
2,2021-04-03,73287,4695415,34824,2315444,29016,2246656,9447,133315,36783,1429536,0.181009,36382,1738771,0.220165,46785,3168307,0.401174,7897587
2,2021-04-04,28573,4723988,14198,2329642,10665,2257321,3710,137025,13143,1431091,0.181206,15382,1754153,0.222113,16937,3185244,0.403319,7897587
2,2021-04-05,76771,4800759,37482,2367124,30839,2288160,8450,145475,38099,1440001,0.182334,38575,1792728,0.226997,47485,3232729,0.409331,7897587
2,2021-04-06,100167,4900926,48565,2415689,37438,2325598,14164,159639,48568,1452100,0.183866,51409,1844137,0.233506,63508,3296237,0.417373,7897587
2,2021-04-07,106166,5007092,52819,2468508,37952,2363550,15395,175034,51397,1465251,0.185531,54630,1898767,0.240424,67781,3364018,0.425955,7897587
2,2021-04-08,115010,5122102,55253,2523761,42059,2405609,17698,192732,54005,1476929,0.18701,60812,1959579,0.248124,72490,3436508,0.435134,7897587
2,2021-04-09,108667,5230769,51522,2575283,41071,2446680,16074,208806,51997,1489796,0.188639,56456,2016035,0.255272,69323,3505831,0.443912,7897587
2,2021-04-10,82004,5312773,35751,2611034,29683,2476363,16570,225376,34390,1494253,0.189204,47465,2063500,0.261282,51922,3557753,0.450486,7897587
2,2021-04-11,42644,5355417,22230,2633264,12440,2488803,7974,233350,17938,1496400,0.189476,24625,2088125,0.2644,26772,3584525,0.453876,7897587
2,2021-04-12,74934,5430351,34139,2667403,32376,2521179,8419,241769,34194,1499281,0.18984,40549,2128674,0.269535,43430,3627955,0.459375,7897587
2,2021-04-13,96499,5526850,49384,2716787,46889,2568068,226,241995,52705,1509877,0.191182,43610,2172284,0.275057,54206,3682161,0.466239,7897587
2,2021-04-14,97140,5623990,49402,2766189,47701,2615769,37,242032,49719,1514483,0.191765,47240,2219524,0.281038,51846,3734007,0.472804,7897587
2,2021-04-15,100281,5724271,52672,2818861,47561,2663330,48,242080,52258,1520868,0.192574,47777,2267301,0.287088,54162,3788169,0.479662,7897587
2,2021-04-16,101903,5826174,52649,2871510,49205,2712535,49,242129,53046,1526452,0.193281,48601,2315902,0.293242,54185,3842354,0.486523,7897587
2,2021-04-17,75761,5901935,39065,2910575,36693,2749228,3,242132,42072,1536177,0.194512,33552,2349454,0.29749,43277,3885631,0.492002,7897587
2,2021-04-18,32804,5934739,19307,2929882,13496,2762724,1,242133,16333,1537337,0.194659,16405,2365859,0.299567,17565,3903196,0.494226,7897587
2,2021-04-19,62325,5997064,32964,2962846,29356,2792080,5,242138,28142,1531906,0.193971,34059,2399918,0.30388,28628,3931824,0.497851,7897587
2,2021-04-20,42929,6039993,22998,2985844,19925,2812005,6,242144,22469,1536041,0.194495,20371,2420289,0.306459,24506,3956330,0.500954,7897587
3,2020-12-15,299,299,299,299,0,0,0,0,299,299,3.9e-05,0,0,0.0,299,299,3.9e-05,7688185
3,2020-12-16,2104,2403,2104,2403,0,0,0,0,2104,2403,0.000313,0,0,0.0,2104,2403,0.000313,7688185
3,2020-12-17,7472,9875,7472,9875,0,0,0,0,7471,9874,0.001284,0,0,0.0,7471,9874,0.001284,7688185
3,2020-12-18,12652,22527,12642,22517,10,10,0,0,12653,22527,0.00293,0,0,0.0,12653,22527,0.00293,7688185
3,2020-12-19,6931,29458,6920,29437,11,21,0,0,6995,29522,0.00384,0,0,0.0,6995,29522,0.00384,7688185
3,2020-12-20,5433,34891,5426,34863,7,28,0,0,5481,35002,0.004553,1,1,0.0,5481,35003,0.004553,7688185
3,2020-12-21,14009,48900,13998,48861,11,39,0,0,14074,49075,0.006383,1,2,0.0,14074,49077,0.006383,7688185
3,2020-12-22,14212,63112,13681,62542,531,570,0,0,14251,63326,0.008237,0,2,0.0,14251,63328,0.008237,7688185
3,2020-12-23,14354,77466,11797,74339,2557,3127,0,0,14382,77708,0.010107,0,2,0.0,14382,77710,0.010108,7688185
3,2020-12-24,6717,84183,4817,79156,1900,5027,0,0,6715,84422,0.010981,1,3,0.0,6715,84425,0.010981,7688185
3,2020-12-25,718,84901,664,79820,54,5081,0,0,717,85139,0.011074,0,3,0.0,717,85142,0.011074,7688185
3,2020-12-26,4573,89474,2981,82801,1592,6673,0,0,4571,89710,0.011669,0,3,0.0,4571,89713,0.011669,7688185
3,2020-12-27,2945,92419,1829,84630,1116,7789,0,0,2946,92656,0.012052,0,3,0.0,2946,92659,0.012052,7688185
3,2020-12-28,13255,105674,8477,93107,4778,12567,0,0,13282,105937,0.013779,1,4,1e-06,13282,105941,0.01378,7688185
3,2020-12-29,14702,120376,8294,101401,6408,18975,0,0,14733,120669,0.015695,1,5,1e-06,14733,120674,0.015696,7688185
3,2020-12-30,17714,138090,9923,111324,7791,26766,0,0,17704,138373,0.017998,0,5,1e-06,17704,138378,0.017999,7688185
3,2020-12-31,8013,146103,3017,114341,4996,31762,0,0,8012,146384,0.01904,1,6,1e-06,8012,146390,0.019041,7688185
3,2021-01-01,1104,147207,493,114834,611,32373,0,0,1101,147485,0.019183,0,6,1e-06,1101,147491,0.019184,7688185
3,2021-01-02,4898,152105,2407,117241,2491,34864,0,0,4899,152384,0.019821,0,6,1e-06,4899,152390,0.019821,7688185
3,2021-01-03,1550,153655,838,118079,712,35576,0,0,1557,153937,0.020023,4,10,1e-06,1557,153947,0.020024,7688185
3,2021-01-04,11739,165394,5908,123987,5831,41407,0,0,11714,165645,0.021545,6,16,2e-06,11714,165661,0.021547,7688185
3,2021-01-05,15273,180667,7869,131856,7404,48811,0,0,13765,177920,0.023142,1494,1510,0.000196,13769,179430,0.023338,7688185
3,2021-01-06,19641,200308,10246,142102,9395,58206,0,0,15512,189349,0.024629,4088,5598,0.000728,15517,194947,0.025357,7688185
3,2021-01-07,25474,225782,14526,156628,10948,69154,0,0,16585,197083,0.025635,8864,14462,0.001881,16598,211545,0.027516,7688185
3,2021-01-08,29560,255342,18118,174746,11442,80596,0,0,17612,202788,0.026377,11926,26388,0.003432,17631,229176,0.029809,7688185
3,2021-01-09,11903,267245,6692,181438,5211,85807,0,0,7668,206232,0.026825,4229,30617,0.003982,7673,236849,0.030807,7688185
3,2021-01-10,7118,274363,4444,185882,2674,88481,0,0,3993,207106,0.026938,3123,33740,0.004389,3997,240846,0.031327,7688185
3,2021-01-11,28123,302486,18340,204222,9783,98264,0,0,15963,210929,0.027435,12153,45893,0.005969,15976,256822,0.033405,7688185
3,2021-01-12,31299,333785,18656,222878,12643,110907,0,0,19208,218125,0.028371,12076,57969,0.00754,19272,276094,0.035911,7688185
3,2021-01-13,33816,367601,17734,240612,16082,126989,0,0,23952,232150,0.030196,9943,67912,0.008833,23968,300062,0.039029,7688185
3,2021-01-14,33762,401363,13946,254558,19816,146805,0,0,28019,254462,0.033098,5734,73646,0.009579,28046,328108,0.042677,7688185
3,2021-01-15,37946,439309,14219,268777,23727,170532,0,0,33431,283438,0.036867,4508,78154,0.010165,33484,361592,0.047032,7688185
3,2021-01-16,21361,460670,7582,276359,13779,184311,0,0,19067,300246,0.039053,2280,80434,0.010462,19088,380680,0.049515,7688185
3,2021-01-17,12600,473270,4454,280813,8146,192457,0,0,11586,310835,0.04043,1014,81448,0.010594,11603,392283,0.051024,7688185
3,2021-01-18,24368,497638,12664,293477,11704,204161,0,0,18948,324378,0.042192,5440,86888,0.011301,18983,411266,0.053493,7688185
3,2021-01-19,39823,537461,20532,314009,19291,223452,0,0,30967,346588,0.045081,8833,95721,0.01245,31043,442309,0.057531,7688185
3,2021-01-20,43854,581315,21583,335592,22271,245723,0,0,34764,372363,0.048433,9056,104777,0.013628,34831,477140,0.062061,7688185
3,2021-01-21,46017,627332,19724,355316,26293,272016,0,0,40817,408101,0.053082,5134,109911,0.014296,40872,518012,0.067378,7688185
3,2021-01-22,48221,675553,19221,374537,29000,301016,0,0,44183,448294,0.058309,4054,113965,0.014823,44247,562259,0.073133,7688185
3,2021-01-23,29574,705127,12616,387153,16958,317974,0,0,26316,471402,0.061315,3247,117212,0.015246,26355,588614,0.076561,7688185
3,2021-01-24,17278,722405,8419,395572,8859,326833,0,0,16140,486431,0.06327,1134,118346,0.015393,16163,604777,0.078663,7688185
3,2021-01-25,39511,761916,17607,413179,21904,348737,0,0,29878,506762,0.065914,9620,127966,0.016645,29951,634728,0.082559,7688185
3,2021-01-26,45724,807640,21865,435044,23859,372596,0,0,35968,533081,0.069338,9752,137718,0.017913,36071,670799,0.087251,7688185
3,2021-01-27,49377,857017,23991,459035,25386,397982,0,0,39158,562170,0.073121,10138,147856,0.019232,39227,710026,0.092353,7688185
3,2021-01-28,50181,907198,23431,482466,26750,424732,0,0,41644,595399,0.077443,8459,156315,0.020332,41688,751714,0.097775,7688185
3,2021-01-29,49228,956426,23767,506233,25461,450193,0,0,39986,626334,0.081467,9104,165419,0.021516,40039,791753,0.102983,7688185
3,2021-01-30,35679,992105,17126,523359,18553,468746,0,0,31435,653413,0.084989,4428,169847,0.022092,31507,823260,0.107081,7688185
3,2021-01-31,21731,1013836,12764,536123,8967,477713,0,0,20281,672267,0.087442,1441,171288,0.022279,20295,843555,0.109721,7688185
3,2021-02-01,44104,1057940,19941,556064,24163,501876,0,0,34160,696554,0.090601,9909,181197,0.023568,34196,877751,0.114169,7688185
3,2021-02-02,52793,1110733,22317,578381,30476,532352,0,0,40411,724638,0.094253,12375,193572,0.025178,40459,918210,0.119431,7688185
3,2021-02-03,58785,1169518,26294,604675,32491,564843,0,0,43889,753810,0.098048,14778,208350,0.0271,43950,962160,0.125148,7688185
3,2021-02-04,62758,1232276,27472,632147,35286,600129,0,0,46208,783571,0.101919,16544,224894,0.029252,46305,1008465,0.131171,7688185
3,2021-02-05,68758,1301034,29367,661514,39391,639520,0,0,47830,810667,0.105443,20898,245792,0.03197,47994,1056459,0.137413,7688185
3,2021-02-06,43056,1344090,20939,682453,22117,661637,0,0,33395,834614,0.108558,9633,255425,0.033223,33580,1090039,0.141781,7688185
3,2021-02-07,19261,1363351,12159,694612,7102,668739,0,0,14815,845119,0.109924,4435,259860,0.0338,14940,1104979,0.143724,7688185
3,2021-02-08,49985,1413336,23961,718573,26024,694763,0,0,32982,861192,0.112015,17098,276958,0.036024,33171,1138150,0.148039,7688185
3,2021-02-09,56879,1470215,27786,746359,29093,723856,0,0,33362,871390,0.113341,23504,300462,0.039081,33702,1171852,0.152422,7688185
3,2021-02-10,65619,1535834,30867,777226,34752,758608,0,0,35527,877432,0.114127,30002,330464,0.042983,36044,1207896,0.157111,7688185
3,2021-02-11,68024,1603858,33488,810714,34536,793144,0,0,36738,883589,0.114928,31108,361572,0.04703,37265,1245161,0.161958,7688185
3,2021-02-12,73095,1676953,31644,842358,41451,834595,0,0,40763,892806,0.116127,32294,393866,0.05123,41511,1286672,0.167357,7688185
3,2021-02-13,43621,1720574,20029,862387,23592,858187,0,0,25340,900578,0.117138,18148,412014,0.053591,25920,1312592,0.170728,7688185
3,2021-02-14,26482,1747056,13419,875806,13063,871250,0,0,15057,904710,0.117675,11384,423398,0.055071,15516,1328108,0.172747,7688185
3,2021-02-15,39162,1786218,16867,892673,22295,893545,0,0,21815,910191,0.118388,17287,440685,0.05732,22768,1350876,0.175708,7688185
3,2021-02-16,67650,1853868,32321,924994,35329,928874,0,0,35544,914674,0.118971,32107,472792,0.061496,36590,1387466,0.180467,7688185
3,2021-02-17,69182,1923050,35225,960219,33957,962831,0,0,33140,913005,0.118754,35908,508700,0.066166,34239,1421705,0.184921,7688185
3,2021-02-18,73781,1996831,38759,998978,35022,997853,0,0,34468,909573,0.118308,39267,547967,0.071274,35835,1457540,0.189582,7688185
3,2021-02-19,65709,2062540,37996,1036974,27713,1025566,0,0,33655,911780,0.118595,32138,580105,0.075454,34345,1491885,0.194049,7688185
3,2021-02-20,40414,2102954,25663,1062637,14751,1040317,0,0,21618,915169,0.119036,18721,598826,0.077889,22110,1513995,0.196925,7688185
3,2021-02-21,18954,2121908,15544,1078181,3410,1043727,0,0,8932,914568,0.118958,9966,608792,0.079185,9365,1523360,0.198143,7688185
3,2021-02-22,43339,2165247,28111,1106292,15228,1058955,0,0,20260,912343,0.118668,23038,631830,0.082182,20813,1544173,0.20085,7688185
3,2021-02-23,57595,2222842,31333,1137625,26262,1085217,0,0,25237,907307,0.118013,32306,664136,0.086384,27270,1571443,0.204397,7688185
3,2021-02-24,73377,2296219,35602,1173227,37775,1122992,0,0,32338,901245,0.117225,40959,705095,0.091712,34897,1606340,0.208936,7688185
3,2021-02-25,81482,2377701,39179,1212406,42303,1165295,0,0,40585,903735,0.117549,40725,745820,0.097009,43215,1649555,0.214557,7688185
3,2021-02-26,92962,2470663,42303,1254709,50659,1215954,0,0,49273,911775,0.118594,43415,789235,0.102656,51455,1701010,0.22125,7688185
3,2021-02-27,64970,2535633,29480,1284189,35487,1251441,3,3,34649,917538,0.119344,30194,819429,0.106583,35957,1736967,0.225927,7688185
3,2021-02-28,36567,2572200,21471,1305660,15096,1266537,0,3,18960,920006,0.119665,17494,836923,0.108858,19962,1756929,0.228523,7688185
3,2021-03-01,63720,2635920,33775,1339435,29941,1296478,4,7,35688,929199,0.120861,27913,864836,0.112489,37106,1794035,0.23335,7688185
3,2021-03-02,71785,2707705,34497,1373932,37287,1333765,1,8,41627,942897,0.122642,30045,894881,0.116397,43743,1837778,0.239039,7688185
3,2021-03-03,84623,2792328,39802,1413734,44810,1378575,11,19,46830,954428,0.124142,37642,932523,0.121293,49173,1886951,0.245435,7688185
3,2021-03-04,87471,2879799,42833,1456567,44622,1423197,16,35,49924,969298,0.126076,37395,969918,0.126157,52265,1939216,0.252233,7688185
3,2021-03-05,84974,2964773,41367,1497934,43325,1466522,282,317,52026,991129,0.128916,32768,1002686,0.130419,54599,1993815,0.259335,7688185
3,2021-03-06,62415,3027188,31165,1529099,29133,1495655,2117,2434,35742,1003972,0.130586,26571,1029257,0.133875,39414,2033229,0.264462,7688185
3,2021-03-07,36269,3063457,21332,1550431,13844,1509499,1093,3527,20869,1012200,0.131657,15359,1044616,0.135873,23587,2056816,0.267529,7688185
3,2021-03-08,56133,3119590,26755,1577186,26574,1536073,2804,6331,35503,1031558,0.134174,20535,1065151,0.138544,39893,2096709,0.272718,7688185
3,2021-03-09,67771,3187361,28785,1605971,34689,1570762,4297,10628,35343,1040641,0.135356,32355,1097506,0.142752,41438,2138147,0.278108,7688185
3,2021-03-10,77317,3264678,37908,1643879,33590,1604352,5819,16447,40431,1052118,0.136849,36750,1134256,0.147532,48227,2186374,0.284381,7688185
3,2021-03-11,91992,3356670,45004,1688883,38822,1643174,8166,24613,45295,1060625,0.137955,46515,1180771,0.153583,55022,2241396,0.291538,7688185
3,2021-03-12,98078,3454748,43458,1732341,43004,1686178,11616,36229,44731,1064941,0.138517,53191,1233962,0.160501,57507,2298903,0.299018,7688185
3,2021-03-13,67604,3522352,28367,1760708,32132,1718310,7105,43334,35614,1077144,0.140104,31911,1265873,0.164652,44114,2343017,0.304756,7688185
3,2021-03-14,39748,3562100,20904,1781612,15417,1733727,3427,46761,21674,1084957,0.14112,18022,1283895,0.166996,25835,2368852,0.308116,7688185
3,2021-03-15,72975,3635075,34185,1815797,34417,1768144,4373,51134,39042,1095747,0.142523,33796,1317691,0.171392,44586,2413438,0.313915,7688185
3,2021-03-16,91267,3726342,41798,1857595,45382,1813526,4087,55221,52267,1114476,0.14496,38847,1356538,0.176445,57576,2471014,0.321404,7688185
3,2021-03-17,93863,3820205,45047,1902642,44516,1858042,4300,59521,58042,1141918,0.148529,35679,1392217,0.181085,63121,2534135,0.329614,7688185
3,2021-03-18,97898,3918103,49139,1951781,44565,1902607,4194,63715,57699,1164893,0.151517,40019,1432236,0.186291,62994,2597129,0.337808,7688185
3,2021-03-19,97953,4016056,51832,2003613,41936,1944543,4185,67900,55943,1183866,0.153985,41851,1474087,0.191734,60824,2657953,0.345719,7688185
3,2021-03-20,69385,4085441,35620,2039233,30285,1974828,3480,71380,43989,1206732,0.156959,25265,1499352,0.19502,48131,2706084,0.35198,7688185
3,2021-03-21,34726,4120167,23667,2062900,9637,1984465,1422,72802,22731,1219928,0.158676,11942,1511294,0.196574,25138,2731222,0.355249,7688185
3,2021-03-22,67713,4187880,39562,2102462,25913,2010378,2238,75040,44670,1245249,0.161969,22901,1534195,0.199552,48222,2779444,0.361521,7688185
3,2021-03-23,86247,4274127,47469,2149931,36440,2046818,2338,77378,56332,1275244,0.165871,29750,1563945,0.203422,59745,2839189,0.369292,7688185
3,2021-03-24,95247,4369374,55013,2204944,37734,2084552,2500,79878,56420,1296740,0.168667,38574,1602519,0.208439,60070,2899259,0.377106,7688185
3,2021-03-25,102534,4471908,56902,2261846,42847,2127399,2785,82663,59420,1317026,0.171305,42873,1645392,0.214016,63159,2962418,0.385321,7688185
3,2021-03-26,106144,4578052,57229,2319075,45758,2173157,3157,85820,56960,1329326,0.172905,48973,1694365,0.220386,61273,3023691,0.393291,7688185
3,2021-03-27,71861,4649913,36222,2355297,33119,2206276,2520,88340,36177,1333165,0.173404,35543,1729908,0.225009,39382,3063073,0.398413,7688185
3,2021-03-28,42654,4692567,26773,2382070,15086,2221362,795,89135,22842,1337558,0.173976,19744,1749652,0.227577,24137,3087210,0.401553,7688185
3,2021-03-29,77831,4770398,40804,2422874,35330,2256692,1697,90832,44682,1352083,0.175865,32979,1782631,0.231866,47504,3134714,0.407731,7688185
3,2021-03-30,97057,4867455,47758,2470632,45947,2302639,3352,94184,59634,1378628,0.179318,37242,1819873,0.23671,63787,3198501,0.416028,7688185
3,2021-03-31,101869,4969324,54854,2525486,42323,2344962,4692,98876,57177,1396309,0.181618,44541,1864414,0.242504,62222,3260723,0.424121,7688185
3,2021-04-01,117957,5087281,59626,2585112,49063,2394025,9268,108144,65346,1419101,0.184582,52429,1916843,0.249323,75221,3335944,0.433905,7688185
3,2021-04-02,112968,5200249,55295,2640407,48013,2442038,9660,117804,60970,1438471,0.187102,51800,1968643,0.256061,71170,3407114,0.443162,7688185
3,2021-04-03,73432,5273681,37241,2677648,27353,2469391,8838,126642,36899,1448234,0.188371,36409,2005052,0.260797,46172,3453286,0.449168,7688185
3,2021-04-04,31259,5304940,16781,2694429,10597,2479988,3881,130523,13883,1448747,0.188438,17318,2022370,0.263049,17831,3471117,0.451487,7688185
3,2021-04-05,86318,5391258,43982,2738411,33594,2513582,8742,139265,43462,1459133,0.189789,42722,2065092,0.268606,53108,3524225,0.458395,7688185
3,2021-04-06,109695,5500953,53421,2791832,41496,2555078,14778,154043,52724,1470763,0.191302,56775,2121867,0.275991,68405,3592630,0.467292,7688185
3,2021-04-07,112080,5613033,58324,2850156,38376,2593454,15380,169423,55615,1486087,0.193295,56273,2178140,0.28331,71597,3664227,0.476605,7688185
3,2021-04-08,116133,5729166,58525,2908681,38536,2631990,19072,188495,55258,1500689,0.195194,60660,2238800,0.2912,75262,3739489,0.486394,7688185
3,2021-04-09,108583,5837749,53876,2962557,37542,2669532,17165,205660,48888,1508334,0.196189,59518,2298318,0.298942,67163,3806652,0.49513,7688185
3,2021-04-10,80215,5917964,36427,2998984,29422,2698954,14366,220026,33123,1509900,0.196392,46961,2345279,0.30505,48527,3855179,0.501442,7688185
3,2021-04-11,42994,5960958,23229,3022213,12345,2711299,7420,227446,16542,1508307,0.196185,26383,2371662,0.308481,24790,3879969,0.504666,7688185
3,2021-04-12,78684,6039642,39315,3061528,31389,2742688,7980,235426,36577,1511851,0.196646,41947,2413609,0.313937,45491,3925460,0.510583,7688185
3,2021-04-13,99781,6139423,53751,3115279,45839,2788527,191,235617,52883,1519357,0.197622,46731,2460340,0.320016,54237,3979697,0.517638,7688185
3,2021-04-14,97650,6237073,52309,3167588,45254,2833781,87,235704,49059,1522097,0.197979,48372,2508712,0.326307,51112,4030809,0.524286,7688185
3,2021-04-15,104998,6342071,58927,3226515,46025,2879806,46,235750,56572,1531895,0.199253,48211,2556923,0.332578,58009,4088818,0.531831,7688185
3,2021-04-16,106652,6448723,59365,3285880,47202,2927008,85,235835,55320,1537061,0.199925,51092,2608015,0.339224,56258,4145076,0.539149,7688185
3,2021-04-17,72088,6520811,40027,3325907,32052,2959060,9,235844,39975,1546243,0.201119,32011,2640026,0.343387,41193,4186269,0.544507,7688185
3,2021-04-18,35191,6556002,20951,3346858,14238,2973298,2,235846,16623,1545376,0.201007,18510,2658536,0.345795,17643,4203912,0.546802,7688185
3,2021-04-19,65750,6621752,36008,3382866,29697,3002995,45,235891,29059,1538342,0.200092,36570,2695106,0.350552,29536,4233448,0.550643,7688185
3,2021-04-20,40712,6662464,21233,3404099,19476,3022471,3,235894,20965,1541305,0.200477,19678,2714784,0.353111,22641,4256089,0.553588,7688185
4,2020-12-15,443,443,443,443,0,0,0,0,443,443,5.8e-05,0,0,0.0,443,443,5.8e-05,7584050
4,2020-12-16,2917,3360,2917,3360,0,0,0,0,2917,3360,0.000443,0,0,0.0,2917,3360,0.000443,7584050
4,2020-12-17,8433,11793,8433,11793,0,0,0,0,8433,11793,0.001555,0,0,0.0,8433,11793,0.001555,7584050
4,2020-12-18,15251,27044,15242,27035,9,9,0,0,15251,27044,0.003566,0,0,0.0,15251,27044,0.003566,7584050
4,2020-12-19,10171,37215,10164,37199,7,16,0,0,10106,37150,0.004898,0,0,0.0,10106,37150,0.004898,7584050
4,2020-12-20,7334,44549,7322,44521,12,28,0,0,7287,44437,0.005859,0,0,0.0,7287,44437,0.005859,7584050
4,2020-12-21,16148,60697,16128,60649,20,48,0,0,16081,60518,0.00798,0,0,0.0,16081,60518,0.00798,7584050
4,2020-12-22,16944,77641,16236,76885,708,756,0,0,16901,77419,0.010208,0,0,0.0,16901,77419,0.010208,7584050
4,2020-12-23,16746,94387,14082,90967,2664,3420,0,0,16717,94136,0.012412,0,0,0.0,16717,94136,0.012412,7584050
4,2020-12-24,8493,102880,5924,96891,2569,5989,0,0,8493,102629,0.013532,0,0,0.0,8493,102629,0.013532,7584050
4,2020-12-25,897,103777,792,97683,105,6094,0,0,897,103526,0.01365,0,0,0.0,897,103526,0.01365,7584050
4,2020-12-26,6154,109931,3859,101542,2295,8389,0,0,6154,109680,0.014462,0,0,0.0,6154,109680,0.014462,7584050
4,2020-12-27,3413,113344,1994,103536,1419,9808,0,0,3413,113093,0.014912,0,0,0.0,3413,113093,0.014912,7584050
4,2020-12-28,14849,128193,9190,112726,5659,15467,0,0,14820,127912,0.016866,1,1,0.0,14820,127913,0.016866,7584050
4,2020-12-29,15143,143336,8385,121111,6758,22225,0,0,15109,143021,0.018858,0,1,0.0,15109,143022,0.018858,7584050
4,2020-12-30,18760,162096,11021,132132,7739,29964,0,0,18749,161768,0.02133,2,3,0.0,18749,161771,0.02133,7584050
4,2020-12-31,8131,170227,3301,135433,4830,34794,0,0,8126,169892,0.022401,2,5,1e-06,8126,169897,0.022402,7584050
4,2021-01-01,1133,171360,469,135902,664,35458,0,0,1132,171023,0.02255,1,6,1e-06,1132,171029,0.022551,7584050
4,2021-01-02,5621,176981,3179,139081,2442,37900,0,0,5620,176642,0.023291,1,7,1e-06,5620,176649,0.023292,7584050
4,2021-01-03,2102,179083,1248,140329,854,38754,0,0,2088,178726,0.023566,4,11,1e-06,2088,178737,0.023567,7584050
4,2021-01-04,12878,191961,7026,147355,5852,44606,0,0,12830,191525,0.025254,31,42,6e-06,12830,191567,0.025259,7584050
4,2021-01-05,16564,208525,9794,157149,6770,51376,0,0,14577,204147,0.026918,1965,2007,0.000265,14587,206154,0.027183,7584050
4,2021-01-06,21298,229823,13071,170220,8227,59603,0,0,15510,213934,0.028208,5734,7741,0.001021,15521,221675,0.029229,7584050
4,2021-01-07,27519,257342,16766,186986,10753,70356,0,0,16950,220280,0.029045,10615,18356,0.00242,16961,238636,0.031466,7584050
4,2021-01-08,32410,289752,20799,207785,11611,81967,0,0,18379,224707,0.029629,13966,32322,0.004262,18393,257029,0.033891,7584050
4,2021-01-09,15947,305699,9408,217193,6539,88506,0,0,9354,227499,0.029997,6572,38894,0.005128,9364,266393,0.035125,7584050
4,2021-01-10,8668,314367,5601,222794,3067,91573,0,0,4082,227021,0.029934,4566,43460,0.00573,4088,270481,0.035664,7584050
4,2021-01-11,33001,347368,21567,244361,11434,103007,0,0,18639,231358,0.030506,14322,57782,0.007619,18659,289140,0.038125,7584050
4,2021-01-12,37712,385080,21565,265926,16147,119154,0,0,23854,241389,0.031829,13859,71641,0.009446,23890,313030,0.041275,7584050
4,2021-01-13,38152,423232,18764,284690,19388,138542,0,0,27071,257452,0.033947,11029,82670,0.010901,27092,340122,0.044847,7584050
4,2021-01-14,38608,461840,14736,299426,23872,162414,0,0,31600,282114,0.037198,6965,89635,0.011819,31627,371749,0.049017,7584050
4,2021-01-15,44759,506599,15500,314926,29259,191673,0,0,39289,316005,0.041667,5417,95052,0.012533,39308,411057,0.0542,7584050
4,2021-01-16,28411,535010,9311,324237,19100,210773,0,0,25315,338273,0.044603,3060,98112,0.012937,25328,436385,0.05754,7584050
4,2021-01-17,18845,553855,6620,330857,12225,222998,0,0,17342,354151,0.046697,1478,99590,0.013132,17356,453741,0.059828,7584050
4,2021-01-18,29033,582888,13337,344194,15696,238694,0,0,23101,371446,0.048977,5836,105426,0.013901,23131,476872,0.062878,7584050
4,2021-01-19,45593,628481,23110,367304,22483,261177,0,0,36359,398695,0.05257,9178,114604,0.015111,36427,513299,0.067681,7584050
4,2021-01-20,50897,679378,26907,394211,23990,285167,0,0,40616,429172,0.056589,10189,124793,0.016455,40666,553965,0.073043,7584050
4,2021-01-21,55645,735023,24562,418773,31083,316250,0,0,49387,472396,0.062288,6197,130990,0.017272,49421,603386,0.07956,7584050
4,2021-01-22,54305,789328,21830,440603,32475,348725,0,0,49275,516769,0.068139,4932,135922,0.017922,49305,652691,0.086061,7584050
4,2021-01-23,39227,828555,17362,457965,21865,370590,0,0,34964,547507,0.072192,4254,140176,0.018483,34992,687683,0.090675,7584050
4,2021-01-24,23752,852307,10442,468407,13310,383900,0,0,21900,567575,0.074838,1846,142022,0.018726,21914,709597,0.093564,7584050
4,2021-01-25,47145,899452,21763,490170,25382,409282,0,0,36245,592998,0.07819,10876,152898,0.02016,36299,745896,0.098351,7584050
4,2021-01-26,55715,955167,28458,518628,27257,436539,0,0,43770,624935,0.082401,11889,164787,0.021728,43826,789722,0.104129,7584050
4,2021-01-27,54629,1009796,26465,545093,28164,464703,0,0,43810,658112,0.086776,10686,175473,0.023137,43863,833585,0.109913,7584050
4,2021-01-28,55768,1065564,25319,570412,30449,495152,0,0,45936,694347,0.091554,9744,185217,0.024422,45979,879564,0.115976,7584050
4,2021-01-29,55608,1121172,26735,597147,28873,524025,0,0,45435,729782,0.096226,10033,195250,0.025745,45468,925032,0.121971,7584050
4,2021-01-30,37233,1158405,16953,614100,20280,544305,0,0,32035,756688,0.099774,5151,200401,0.026424,32057,957089,0.126198,7584050
4,2021-01-31,23685,1182090,12439,626539,11246,555551,0,0,22109,777246,0.102484,1562,201963,0.02663,22120,979209,0.129114,7584050
4,2021-02-01,47820,1229910,22601,649140,25219,580770,0,0,37638,804762,0.106112,10161,212124,0.02797,37677,1016886,0.134082,7584050
4,2021-02-02,55480,1285390,26335,675475,29145,609915,0,0,41862,833175,0.109859,13490,225614,0.029748,41903,1058789,0.139607,7584050
4,2021-02-03,61374,1346764,30200,705675,31174,641089,0,0,47326,866612,0.114268,13942,239556,0.031587,47379,1106168,0.145855,7584050
4,2021-02-04,66695,1413459,31158,736833,35537,676626,0,0,50208,900588,0.118748,16332,255888,0.03374,50308,1156476,0.152488,7584050
4,2021-02-05,72041,1485500,33429,770262,38612,715238,0,0,50359,929632,0.122577,21443,277331,0.036568,50487,1206963,0.159145,7584050
4,2021-02-06,47858,1533358,25906,796168,21952,737190,0,0,36489,954979,0.125919,11343,288674,0.038063,36690,1243653,0.163983,7584050
4,2021-02-07,26180,1559538,17263,813431,8917,746107,0,0,19853,968774,0.127738,6291,294965,0.038893,20086,1263739,0.166631,7584050
4,2021-02-08,57583,1617121,29569,843000,28014,774121,0,0,37443,986462,0.130071,20017,314982,0.041532,37705,1301444,0.171603,7584050
4,2021-02-09,66245,1683366,33839,876839,32406,806527,0,0,38843,998354,0.131639,27347,342329,0.045138,39239,1340683,0.176777,7584050
4,2021-02-10,76359,1759725,38249,915088,38110,844637,0,0,40796,1004337,0.132428,35341,377670,0.049798,41324,1382007,0.182225,7584050
4,2021-02-11,79692,1839417,41555,956643,38137,882774,0,0,41379,1008262,0.132945,38110,415780,0.054823,42035,1424042,0.187768,7584050
4,2021-02-12,83131,1922548,37240,993883,45891,928665,0,0,43005,1012066,0.133447,39977,455757,0.060094,43781,1467823,0.193541,7584050
4,2021-02-13,57998,1980546,29430,1023313,28568,957233,0,0,29708,1014432,0.133759,28227,483984,0.063816,30593,1498416,0.197575,7584050
4,2021-02-14,36432,2016978,18951,1042264,17481,974714,0,0,18804,1016272,0.134001,17635,501619,0.066141,19475,1517891,0.200143,7584050
4,2021-02-15,45510,2062488,21315,1063579,24195,998909,0,0,23565,1019149,0.134381,21883,523502,0.069027,24760,1542651,0.203407,7584050
4,2021-02-16,78664,2141152,36055,1099634,42609,1041518,0,0,40359,1022545,0.134828,38228,561730,0.074067,41624,1584275,0.208896,7584050
4,2021-02-17,79712,2220864,37648,1137282,42064,1083582,0,0,38324,1020787,0.134597,41247,602977,0.079506,39489,1623764,0.214102,7584050
4,2021-02-18,81721,2302585,45163,1182445,36558,1120140,0,0,38104,1016892,0.134083,43494,646471,0.085241,39599,1663363,0.219324,7584050
4,2021-02-19,80288,2382873,50580,1233025,29708,1149848,0,0,40572,1018566,0.134304,39590,686061,0.090461,41264,1704627,0.224765,7584050
4,2021-02-20,47436,2430309,31948,1264973,15488,1165336,0,0,26312,1024387,0.135071,21181,707242,0.093254,27002,1731629,0.228325,7584050
4,2021-02-21,25349,2455658,19859,1284832,5490,1170826,0,0,11664,1022600,0.134836,13773,721015,0.09507,11986,1743615,0.229906,7584050
4,2021-02-22,51649,2507307,35621,1320453,16028,1186854,0,0,25145,1021826,0.134734,26429,747444,0.098555,25655,1769270,0.233288,7584050
4,2021-02-23,71612,2578919,39607,1360060,32005,1218859,0,0,31520,1015094,0.133846,39985,787429,0.103827,33253,1802523,0.237673,7584050
4,2021-02-24,86579,2665498,45488,1405548,41091,1259950,0,0,39299,1009469,0.133104,47112,834541,0.110039,41487,1844010,0.243143,7584050
4,2021-02-25,96560,2762058,50172,1455720,46388,1306338,0,0,46251,1008135,0.132928,50170,884711,0.116654,48836,1892846,0.249582,7584050
4,2021-02-26,102828,2864886,51761,1507481,51067,1357405,0,0,53063,1013956,0.133696,49567,934278,0.12319,55388,1948234,0.256886,7584050
4,2021-02-27,74147,2939033,40170,1547651,33972,1391377,5,5,39674,1020698,0.134585,34418,968696,0.127728,41160,1989394,0.262313,7584050
4,2021-02-28,44557,2983590,27671,1575322,16885,1408262,1,6,24849,1026850,0.135396,19640,988336,0.130318,25792,2015186,0.265714,7584050
4,2021-03-01,73575,3057165,42911,1618233,30659,1438921,5,11,40765,1036226,0.136632,32645,1020981,0.134622,42021,2057207,0.271254,7584050
4,2021-03-02,78291,3135456,43579,1661812,34709,1473630,3,14,46213,1052335,0.138756,31951,1052932,0.138835,48060,2105267,0.277591,7584050
4,2021-03-03,96363,3231819,50618,1712430,45739,1519369,6,20,53385,1064740,0.140392,42813,1095745,0.14448,55218,2160485,0.284872,7584050
4,2021-03-04,93904,3325723,52131,1764561,41760,1561129,13,33,51734,1076291,0.141915,42010,1137755,0.150019,53561,2214046,0.291935,7584050
4,2021-03-05,91199,3416922,48754,1813315,42138,1603267,307,340,54025,1095655,0.144468,37023,1174778,0.154901,56387,2270433,0.299369,7584050
4,2021-03-06,74258,3491180,41548,1854863,30113,1633380,2597,2937,45374,1116287,0.147189,28796,1203574,0.158698,49428,2319861,0.305887,7584050
4,2021-03-07,41091,3532271,26127,1880990,13826,1647206,1138,4075,24344,1126595,0.148548,16686,1220260,0.160898,26994,2346855,0.309446,7584050
4,2021-03-08,64215,3596486,33270,1914260,27836,1675042,3109,7184,42279,1151482,0.151829,21850,1242110,0.163779,46737,2393592,0.315609,7584050
4,2021-03-09,72483,3668969,33414,1947674,34004,1709046,5065,12249,37566,1160803,0.153058,34787,1276897,0.168366,44108,2437700,0.321425,7584050
4,2021-03-10,86873,3755842,44166,1991840,35441,1744487,7266,19515,43453,1169561,0.154213,43302,1320199,0.174076,52060,2489760,0.328289,7584050
4,2021-03-11,98498,3854340,51748,2043588,38655,1783142,8095,27610,45632,1172050,0.154541,52681,1372880,0.181022,55170,2544930,0.335563,7584050
4,2021-03-12,102182,3956522,50265,2093853,41826,1824968,10091,37701,43629,1168375,0.154057,58360,1431240,0.188717,54685,2599615,0.342774,7584050
4,2021-03-13,79021,4035543,36684,2130537,34095,1859063,8242,45943,36925,1172727,0.154631,41987,1473227,0.194253,46339,2645954,0.348884,7584050
4,2021-03-14,48708,4084251,27849,2158386,17318,1876381,3541,49484,24923,1178124,0.155342,23721,1496948,0.197381,29118,2675072,0.352723,7584050
4,2021-03-15,82218,4166469,43971,2202357,34101,1910482,4146,53630,42440,1186420,0.156436,39616,1536564,0.202605,47912,2722984,0.359041,7584050
4,2021-03-16,105211,4271680,54489,2256846,47401,1957883,3321,56951,56433,1198782,0.158066,48593,1585157,0.209012,60955,2783939,0.367078,7584050
4,2021-03-17,103246,4374926,55497,2312343,44413,2002296,3336,60287,60624,1220957,0.16099,42423,1627580,0.214606,64598,2848537,0.375596,7584050
4,2021-03-18,103402,4478328,57074,2369417,42778,2045074,3550,63837,59314,1241026,0.163636,43891,1671471,0.220393,63960,2912497,0.384029,7584050
4,2021-03-19,107125,4585453,61142,2430559,40942,2086016,5041,68878,61812,1263301,0.166573,45131,1716602,0.226344,67406,2979903,0.392917,7584050
4,2021-03-20,81392,4666845,47560,2478119,30865,2116881,2967,71845,50735,1286960,0.169693,30507,1747109,0.230366,54166,3034069,0.400059,7584050
4,2021-03-21,46753,4713598,33819,2511938,10678,2127559,2256,74101,28404,1300565,0.171487,18239,1765348,0.232771,31844,3065913,0.404258,7584050
4,2021-03-22,79576,4793174,52192,2564130,24865,2152424,2519,76620,50751,1326448,0.1749,28678,1794026,0.236553,54561,3120474,0.411452,7584050
4,2021-03-23,101219,4894393,60285,2624415,38907,2191331,2027,78647,63475,1355531,0.178734,37527,1831553,0.241501,66610,3187084,0.420235,7584050
4,2021-03-24,110276,5004669,71179,2695594,36827,2228158,2270,80917,63355,1375638,0.181386,46600,1878153,0.247645,66707,3253791,0.429031,7584050
4,2021-03-25,112742,5117411,69207,2764801,41281,2269439,2254,83171,65493,1397402,0.184255,46879,1925032,0.253826,68643,3322434,0.438082,7584050
4,2021-03-26,115805,5233216,70291,2835092,42538,2311977,2976,86147,64847,1415581,0.186652,50704,1975736,0.260512,68883,3391317,0.447164,7584050
4,2021-03-27,89004,5322220,52668,2887760,34567,2346544,1769,87916,46267,1421546,0.187439,42560,2018296,0.266124,48525,3439842,0.453563,7584050
4,2021-03-28,54256,5376476,35603,2923363,17790,2364334,863,88779,30229,1429024,0.188425,23929,2042225,0.269279,31407,3471249,0.457704,7584050
4,2021-03-29,90964,5467440,54631,2977994,34359,2398693,1974,90753,50858,1442999,0.190268,39943,2082168,0.274546,53918,3525167,0.464813,7584050
4,2021-03-30,113834,5581274,61858,3039852,47928,2446621,4048,94801,73037,1480169,0.195169,40642,2122810,0.279905,77812,3602979,0.475073,7584050
4,2021-03-31,117875,5699149,69649,3109501,42081,2488702,6145,100946,68695,1506312,0.198616,48949,2171759,0.286359,75092,3678071,0.484975,7584050
4,2021-04-01,137701,5836850,78583,3188084,46410,2535112,12708,113654,82032,1546161,0.20387,55466,2227225,0.293672,95315,3773386,0.497542,7584050
4,2021-04-02,132305,5969155,70936,3259020,48479,2583591,12890,126544,77175,1581718,0.208558,54936,2282161,0.300916,90493,3863879,0.509474,7584050
4,2021-04-03,97997,6067152,52156,3311176,32913,2616504,12928,139472,51390,1599943,0.210962,46473,2328634,0.307044,64698,3928577,0.518005,7584050
4,2021-04-04,45143,6112295,23831,3335007,14248,2630752,7064,146536,19782,1601557,0.211174,25308,2353942,0.310381,26922,3955499,0.521555,7584050
4,2021-04-05,105527,6217822,59758,3394765,33460,2664212,12309,158845,55632,1620405,0.21366,49774,2403716,0.316944,68622,4024121,0.530603,7584050
4,2021-04-06,134739,6352561,75628,3470393,39751,2703963,19360,178205,70276,1646644,0.217119,64291,2468007,0.325421,90530,4114651,0.54254,7584050
4,2021-04-07,133200,6485761,75593,3545986,37578,2741541,20029,198234,69351,1672989,0.220593,63655,2531662,0.333814,90000,4204651,0.554407,7584050
4,2021-04-08,134639,6620400,75277,3621263,35014,2776555,24348,222582,67269,1698233,0.223922,67163,2598825,0.34267,92407,4297058,0.566591,7584050
4,2021-04-09,127796,6748196,69732,3690995,37302,2813857,20762,243344,61971,1716543,0.226336,65654,2664479,0.351327,83964,4381022,0.577663,7584050
4,2021-04-10,99705,6847901,49394,3740389,32393,2846250,17918,261262,45378,1726875,0.227698,54181,2718660,0.358471,64513,4445535,0.586169,7584050
4,2021-04-11,59948,6907849,36521,3776910,12794,2859044,10633,271895,26508,1731512,0.22831,33374,2752034,0.362871,38011,4483546,0.591181,7584050
4,2021-04-12,97040,7004889,58591,3835501,29183,2888227,9266,281161,49721,1744249,0.229989,47099,2799133,0.369082,59836,4543382,0.599071,7584050
4,2021-04-13,125434,7130323,78380,3913881,46903,2935130,151,281312,75655,1771677,0.233606,49573,2848706,0.375618,77001,4620383,0.609224,7584050
4,2021-04-14,125480,7255803,78508,3992389,46909,2982039,63,281375,70109,1788562,0.235832,55154,2903860,0.38289,72039,4692422,0.618722,7584050
4,2021-04-15,141333,7397136,94225,4086614,47077,3029116,31,281406,87628,1824134,0.240522,53474,2957334,0.389941,89046,4781468,0.630464,7584050
4,2021-04-16,135866,7533002,86407,4173021,49392,3078508,67,281473,80026,1849555,0.243874,55628,3012962,0.397276,81049,4862517,0.64115,7584050
4,2021-04-17,94990,7627992,60939,4233960,34047,3112555,4,281477,55755,1867675,0.246264,39039,3052001,0.402424,57159,4919676,0.648687,7584050
4,2021-04-18,51432,7679424,34405,4268365,17024,3129579,3,281480,29389,1876242,0.247393,21964,3073965,0.40532,30531,4950207,0.652713,7584050
4,2021-04-19,82315,7761739,51974,4320339,30330,3159909,11,281491,40442,1875428,0.247286,41751,3115716,0.410825,40937,4991144,0.658111,7584050
4,2021-04-20,55652,7817391,31506,4351845,24141,3184050,5,281496,30060,1882044,0.248158,25492,3141208,0.414186,32108,5023252,0.662344,7584050
