hpiquartile,administered_date,total_doses,cumulative_total_doses,pfizer_doses,cumulative_pfizer_doses,moderna_doses,cumulative_moderna_doses,jj_doses,cumulative_jj_doses,partially_vaccinated,total_partially_vaccinated,pct_age16pop_partially_vaccinated,fully_vaccinated,cumulative_fully_vaccinated,pct_age16pop_fully_vaccinated,at_least_one_dose,cumulative_at_least_one_dose,pct_age16pop_at_least_one_dose,age16_population
1,2020-12-15,144,144,144,144,0,0,0,0,144,144,1.8e-05,0,0,0.0,144,144,1.8e-05,8051741
1,2020-12-16,1281,1425,1281,1425,0,0,0,0,1280,1424,0.000177,0,0,0.0,1280,1424,0.000177,8051741
1,2020-12-17,4102,5527,4102,5527,0,0,0,0,4102,5526,0.000686,0,0,0.0,4102,5526,0.000686,8051741
1,2020-12-18,6071,11598,6028,11555,43,43,0,0,6076,11602,0.001441,0,0,0.0,6076,11602,0.001441,8051741
1,2020-12-19,2782,14380,2782,14337,0,43,0,0,2782,14383,0.001786,1,1,0.0,2782,14384,0.001786,8051741
1,2020-12-20,2040,16420,2037,16374,3,46,0,0,2042,16425,0.00204,0,1,0.0,2042,16426,0.00204,8051741
1,2020-12-21,7862,24282,7848,24222,14,60,0,0,7918,24343,0.003023,0,1,0.0,7918,24344,0.003023,8051741
1,2020-12-22,7389,31671,6946,31168,443,503,0,0,7393,31735,0.003941,1,2,0.0,7393,31737,0.003942,8051741
1,2020-12-23,7592,39263,6327,37495,1265,1768,0,0,7591,39326,0.004884,0,2,0.0,7591,39328,0.004884,8051741
1,2020-12-24,3264,42527,2322,39817,942,2710,0,0,3265,42591,0.00529,0,2,0.0,3265,42593,0.00529,8051741
1,2020-12-25,230,42757,147,39964,83,2793,0,0,230,42821,0.005318,0,2,0.0,230,42823,0.005318,8051741
1,2020-12-26,1328,44085,966,40930,362,3155,0,0,1328,44148,0.005483,1,3,0.0,1328,44151,0.005483,8051741
1,2020-12-27,854,44939,529,41459,325,3480,0,0,855,45003,0.005589,0,3,0.0,855,45006,0.00559,8051741
1,2020-12-28,7187,52126,4981,46440,2206,5686,0,0,7187,52190,0.006482,0,3,0.0,7187,52193,0.006482,8051741
1,2020-12-29,8754,60880,4965,51405,3789,9475,0,0,8750,60938,0.007568,2,5,1e-06,8750,60943,0.007569,8051741
1,2020-12-30,11284,72164,6255,57660,5029,14504,0,0,11304,72242,0.008972,0,5,1e-06,11304,72247,0.008973,8051741
1,2020-12-31,5765,77929,1873,59533,3892,18396,0,0,5943,78185,0.00971,0,5,1e-06,5943,78190,0.009711,8051741
1,2021-01-01,495,78424,162,59695,333,18729,0,0,495,78680,0.009772,0,5,1e-06,495,78685,0.009772,8051741
1,2021-01-02,2732,81156,1619,61314,1113,19842,0,0,2831,81511,0.010123,0,5,1e-06,2831,81516,0.010124,8051741
1,2021-01-03,996,82152,531,61845,465,20307,0,0,997,82507,0.010247,1,6,1e-06,997,82513,0.010248,8051741
1,2021-01-04,7269,89421,3540,65385,3729,24036,0,0,7298,89804,0.011153,1,7,1e-06,7298,89811,0.011154,8051741
1,2021-01-05,10862,100283,5215,70600,5647,29683,0,0,10132,99216,0.012322,782,789,9.8e-05,10194,100005,0.01242,8051741
1,2021-01-06,14020,114303,7112,77712,6908,36591,0,0,12223,109658,0.013619,1787,2576,0.00032,12229,112234,0.013939,8051741
1,2021-01-07,17697,132000,9284,86996,8413,45004,0,0,13331,118757,0.014749,4237,6813,0.000846,13336,125570,0.015595,8051741
1,2021-01-08,20076,152076,10320,97316,9756,54760,0,0,14363,127415,0.015825,5710,12523,0.001555,14368,139938,0.01738,8051741
1,2021-01-09,6484,158560,3261,100577,3223,57983,0,0,4782,130443,0.016201,1758,14281,0.001774,4786,144724,0.017974,8051741
1,2021-01-10,3005,161565,1707,102284,1298,59281,0,0,1851,131149,0.016288,1147,15428,0.001916,1853,146577,0.018204,8051741
1,2021-01-11,18371,179936,12082,114366,6289,65570,0,0,11471,135895,0.016878,6767,22195,0.002757,11513,158090,0.019634,8051741
1,2021-01-12,19202,199138,10758,125124,8444,74014,0,0,13122,143035,0.017764,6061,28256,0.003509,13201,171291,0.021274,8051741
1,2021-01-13,19818,218956,10480,135604,9338,83352,0,0,14850,152911,0.018991,4991,33247,0.004129,14867,186158,0.02312,8051741
1,2021-01-14,22451,241407,9329,144933,13122,96474,0,0,19766,170136,0.02113,2608,35855,0.004453,19833,205991,0.025583,8051741
1,2021-01-15,25486,266893,9514,154447,15972,112446,0,0,23501,191730,0.023812,1980,37835,0.004699,23574,229565,0.028511,8051741
1,2021-01-16,14129,281022,4518,158965,9611,122057,0,0,13382,204274,0.02537,840,38675,0.004803,13384,242949,0.030173,8051741
1,2021-01-17,5955,286977,1936,160901,4019,126076,0,0,5759,209667,0.02604,371,39046,0.004849,5764,248713,0.030889,8051741
1,2021-01-18,14807,301784,8973,169874,5834,131910,0,0,11482,217886,0.027061,3325,42371,0.005262,11544,260257,0.032323,8051741
1,2021-01-19,24242,326026,12849,182723,11393,143303,0,0,19118,231936,0.028806,5112,47483,0.005897,19162,279419,0.034703,8051741
1,2021-01-20,27469,353495,13298,196021,14171,157474,0,0,22128,248772,0.030897,5320,52803,0.006558,22156,301575,0.037455,8051741
1,2021-01-21,31017,384512,14977,210998,16040,173514,0,0,28194,274174,0.034052,2886,55689,0.006916,28288,329863,0.040968,8051741
1,2021-01-22,27226,411738,10889,221887,16337,189851,0,0,25398,297719,0.036976,1873,57562,0.007149,25418,355281,0.044125,8051741
1,2021-01-23,18324,430062,8090,229977,10234,200085,0,0,16474,312340,0.038792,1863,59425,0.00738,16484,371765,0.046172,8051741
1,2021-01-24,6440,436502,4084,234061,2356,202441,0,0,5813,317517,0.039435,640,60065,0.00746,5817,377582,0.046894,8051741
1,2021-01-25,25363,461865,10154,244215,15209,217650,0,0,19903,332036,0.041238,5525,65590,0.008146,20044,397626,0.049384,8051741
1,2021-01-26,28408,490273,13339,257554,15069,232719,0,0,21858,347385,0.043144,6543,72133,0.008959,21892,419518,0.052103,8051741
1,2021-01-27,30893,521166,15333,272887,15560,248279,0,0,23125,362731,0.04505,7811,79944,0.009929,23157,442675,0.054979,8051741
1,2021-01-28,34325,555491,16273,289160,18052,266331,0,0,27854,383931,0.047683,6717,86661,0.010763,27917,470592,0.058446,8051741
1,2021-01-29,33636,589127,16460,305620,17176,283507,0,0,27563,405205,0.050325,6339,93000,0.01155,27613,498205,0.061875,8051741
1,2021-01-30,20545,609672,8604,314224,11941,295448,0,0,18567,421802,0.052386,1978,94978,0.011796,18575,516780,0.064182,8051741
1,2021-01-31,8373,618045,5153,319377,3220,298668,0,0,7943,429009,0.053282,738,95716,0.011888,7945,524725,0.065169,8051741
1,2021-02-01,27902,645947,12068,331445,15834,314502,0,0,20830,442583,0.054967,7260,102976,0.012789,20834,545559,0.067757,8051741
1,2021-02-02,31458,677405,11340,342785,20118,334620,0,0,23732,458594,0.056956,7752,110728,0.013752,23763,569322,0.070708,8051741
1,2021-02-03,38872,716277,14710,357495,24162,358782,0,0,28270,476266,0.059151,10627,121355,0.015072,28299,597621,0.074223,8051741
1,2021-02-04,43952,760229,17006,374501,26946,385728,0,0,32105,496463,0.061659,11953,133308,0.016556,32150,629771,0.078216,8051741
1,2021-02-05,46598,806827,17334,391835,29264,414992,0,0,30882,511610,0.06354,15779,149087,0.018516,30926,660697,0.082056,8051741
1,2021-02-06,26182,833009,10498,402333,15684,430676,0,0,20400,526281,0.065362,5743,154830,0.019229,20414,681111,0.084592,8051741
1,2021-02-07,6027,839036,3839,406172,2188,432864,0,0,4494,529269,0.065733,1523,156353,0.019419,4511,685622,0.085152,8051741
1,2021-02-08,30897,869933,14032,420204,16865,449729,0,0,20547,539475,0.067001,10419,166772,0.020713,20625,706247,0.087714,8051741
1,2021-02-09,37787,907720,16353,436557,21434,471163,0,0,22987,547677,0.06802,14855,181627,0.022557,23057,729304,0.090577,8051741
1,2021-02-10,46244,953964,21694,458251,24550,495713,0,0,26928,555226,0.068957,19451,201078,0.024973,27000,756304,0.09393,8051741
1,2021-02-11,51226,1005190,25508,483759,25718,521431,0,0,30668,565106,0.070184,20880,221958,0.027566,30760,787064,0.097751,8051741
1,2021-02-12,49460,1054650,21035,504794,28425,549856,0,0,28682,573107,0.071178,20807,242765,0.030151,28808,815872,0.101329,8051741
1,2021-02-13,26599,1081249,11013,515807,15586,565442,0,0,15219,577080,0.071671,11322,254087,0.031557,15295,831167,0.103228,8051741
1,2021-02-14,12172,1093421,5297,521104,6875,572317,0,0,6492,578030,0.071789,5652,259739,0.032259,6602,837769,0.104048,8051741
1,2021-02-15,23412,1116833,9183,530287,14229,586546,0,0,14229,583224,0.072435,9196,268935,0.033401,14390,852159,0.105835,8051741
1,2021-02-16,45405,1162238,21627,551914,23778,610324,0,0,27299,592460,0.073582,18251,287186,0.035668,27487,879646,0.109249,8051741
1,2021-02-17,47237,1209475,24060,575974,23177,633501,0,0,26332,598065,0.074278,20939,308125,0.038268,26544,906190,0.112546,8051741
1,2021-02-18,49909,1259384,24843,600817,25066,658567,0,0,26418,601250,0.074673,23531,331656,0.041191,26716,932906,0.115864,8051741
1,2021-02-19,45230,1304614,24452,625269,20778,679345,0,0,26628,609303,0.075673,18638,350294,0.043505,26691,959597,0.119179,8051741
1,2021-02-20,25544,1330158,15535,640804,10009,689354,0,0,14955,613495,0.076194,10838,361132,0.044851,15030,974627,0.121045,8051741
1,2021-02-21,9423,1339581,8342,649146,1081,690435,0,0,5891,615815,0.076482,3714,364846,0.045313,6034,980661,0.121795,8051741
1,2021-02-22,30502,1370083,20668,669814,9834,700269,0,0,19139,623347,0.077418,11792,376638,0.046777,19324,999985,0.124195,8051741
1,2021-02-23,42844,1412927,20579,690393,22265,722534,0,0,24353,629591,0.078193,18503,395141,0.049075,24747,1024732,0.127268,8051741
1,2021-02-24,54254,1467181,26969,717362,27285,749819,0,0,32357,640255,0.079518,22185,417326,0.051831,32849,1057581,0.131348,8051741
1,2021-02-25,64950,1532131,31768,749130,33182,783001,0,0,41316,658257,0.081753,23855,441181,0.054793,41857,1099438,0.136547,8051741
1,2021-02-26,72360,1604491,33747,782877,38613,821614,0,0,48908,683748,0.084919,23881,465062,0.057759,49372,1148810,0.142678,8051741
1,2021-02-27,48418,1652909,20816,803693,27596,849210,6,6,32011,699221,0.086841,16813,481875,0.059847,32286,1181096,0.146688,8051741
1,2021-02-28,18713,1671622,10879,814572,7834,857044,0,6,13716,707749,0.0879,5421,487296,0.060521,13949,1195045,0.148421,8051741
1,2021-03-01,43037,1714659,19310,833882,23721,880765,6,12,28356,721284,0.089581,15116,502412,0.062398,28651,1223696,0.151979,8051741
1,2021-03-02,57886,1772545,23597,857479,34286,915051,3,15,37275,738450,0.091713,20869,523281,0.06499,38035,1261731,0.156703,8051741
1,2021-03-03,69242,1841787,33438,890917,35789,950840,15,30,42327,754832,0.093748,26734,550015,0.06831,43116,1304847,0.162058,8051741
1,2021-03-04,76164,1917951,35250,926167,40882,991722,32,62,49400,778186,0.096648,26626,576641,0.071617,49980,1354827,0.168265,8051741
1,2021-03-05,74498,1992449,32915,959082,41383,1033105,200,262,50220,805377,0.100025,24048,600689,0.074604,51239,1406066,0.174629,8051741
1,2021-03-06,56121,2048570,27403,986485,27387,1060492,1331,1593,39041,829236,0.102988,17090,617779,0.076726,40949,1447015,0.179715,8051741
1,2021-03-07,19161,2067731,12229,998714,6140,1066632,792,2385,14403,839971,0.104322,4740,622519,0.077315,15475,1462490,0.181636,8051741
1,2021-03-08,42291,2110022,20318,1019032,20123,1086755,1850,4235,29480,858980,0.106683,12651,635170,0.078886,31660,1494150,0.185569,8051741
1,2021-03-09,59316,2169338,25974,1045006,30914,1117669,2428,6663,36189,875208,0.108698,23040,658210,0.081748,39268,1533418,0.190446,8051741
1,2021-03-10,70883,2240221,35132,1080138,31647,1149316,4104,10767,44714,898503,0.111591,26044,684254,0.084982,49339,1582757,0.196573,8051741
1,2021-03-11,86504,2326725,40109,1120247,39034,1188350,7361,18128,51706,923566,0.114704,34579,718833,0.089277,59642,1642399,0.203981,8051741
1,2021-03-12,95859,2422584,41771,1162018,41135,1229485,12953,31081,55006,951268,0.118144,40734,759567,0.094336,68436,1710835,0.21248,8051741
1,2021-03-13,63271,2485855,28974,1190992,26711,1256196,7586,38667,40607,977255,0.121372,22567,782134,0.097138,48554,1759389,0.21851,8051741
1,2021-03-14,26792,2512647,14287,1205279,8917,1265113,3588,42255,15809,985875,0.122442,10986,793120,0.098503,19606,1778995,0.220945,8051741
1,2021-03-15,65368,2578015,29656,1234935,29010,1294123,6702,48957,37951,1003747,0.124662,27156,820276,0.101876,45028,1824023,0.226538,8051741
1,2021-03-16,85505,2663520,39353,1274288,40691,1334814,5461,54418,53830,1031982,0.128169,31525,851801,0.105791,59760,1883783,0.23396,8051741
1,2021-03-17,93441,2756961,45926,1320214,41017,1375831,6498,60916,59404,1064463,0.132203,33910,885711,0.110002,66391,1950174,0.242205,8051741
1,2021-03-18,95542,2852503,49937,1370151,39895,1415726,5710,66626,58170,1091955,0.135617,37097,922808,0.11461,64589,2014763,0.250227,8051741
1,2021-03-19,103005,2955508,53531,1423682,43075,1458801,6399,73025,61377,1118967,0.138972,41349,964157,0.119745,68361,2083124,0.258717,8051741
1,2021-03-20,68739,3024247,35986,1459668,27804,1486605,4949,77974,45292,1146201,0.142354,23333,987490,0.122643,50567,2133691,0.264997,8051741
1,2021-03-21,26104,3050351,18102,1477770,6264,1492869,1738,79712,16823,1155759,0.143542,9194,996684,0.123785,18752,2152443,0.267326,8051741
1,2021-03-22,57560,3107911,30351,1508121,24301,1517170,2908,82620,39669,1180949,0.14667,17742,1014426,0.125988,42932,2195375,0.272658,8051741
1,2021-03-23,82108,3190019,42024,1550145,36773,1553943,3311,85931,54109,1211033,0.150406,27838,1042264,0.129446,57922,2253297,0.279852,8051741
1,2021-03-24,87555,3277574,45316,1595461,38110,1592053,4129,90060,52950,1234028,0.153262,34432,1076696,0.133722,57427,2310724,0.286984,8051741
1,2021-03-25,93138,3370712,48187,1643648,39561,1631614,5390,95450,53806,1254365,0.155788,39098,1115794,0.138578,59435,2370159,0.294366,8051741
1,2021-03-26,102614,3473326,49639,1693287,46850,1678464,6125,101575,57657,1273788,0.1582,44712,1160506,0.144131,64135,2434294,0.302331,8051741
1,2021-03-27,71612,3544938,37855,1731142,30133,1708597,3624,105199,37108,1280395,0.159021,34333,1194839,0.148395,40940,2475234,0.307416,8051741
1,2021-03-28,31476,3576414,20608,1751750,9645,1718242,1223,106422,17007,1284561,0.159538,14396,1209235,0.150183,18562,2493796,0.309721,8051741
1,2021-03-29,63925,3640339,32439,1784189,28930,1747172,2556,108978,36889,1297322,0.161123,26910,1236145,0.153525,39671,2533467,0.314648,8051741
1,2021-03-30,89628,3729967,44508,1828697,39416,1786588,5704,114682,51683,1316948,0.163561,37925,1274070,0.158235,57551,2591018,0.321796,8051741
1,2021-03-31,98463,3828430,52537,1881234,40235,1826823,5691,120373,56466,1337449,0.166107,41778,1315848,0.163424,62279,2653297,0.329531,8051741
1,2021-04-01,107252,3935682,52064,1933298,47292,1874115,7896,128269,56142,1350714,0.167754,50889,1366737,0.169744,64154,2717451,0.337499,8051741
1,2021-04-02,106786,4042468,48396,1981694,49350,1923465,9040,137309,54988,1363568,0.169351,51450,1418187,0.176134,64304,2781755,0.345485,8051741
1,2021-04-03,76015,4118483,38964,2020658,28006,1951471,9045,146354,36536,1369964,0.170145,39347,1457534,0.181021,45743,2827498,0.351166,8051741
1,2021-04-04,22971,4141454,11840,2032498,8065,1959536,3066,149420,10209,1370539,0.170216,12726,1470260,0.182602,13301,2840799,0.352818,8051741
1,2021-04-05,72951,4214405,36082,2068580,28037,1987573,8832,158252,35183,1377193,0.171043,37649,1507909,0.187277,44303,2885102,0.35832,8051741
1,2021-04-06,103606,4318011,50277,2118857,37060,2024633,16269,174521,48006,1386286,0.172172,55401,1563310,0.194158,64494,2949596,0.36633,8051741
1,2021-04-07,111464,4429475,54578,2173435,39027,2063660,17859,192380,51569,1396344,0.173421,59665,1622975,0.201568,69723,3019319,0.37499,8051741
1,2021-04-08,120849,4550324,57898,2231333,41722,2105382,21229,213609,54999,1407111,0.174759,65633,1688608,0.20972,76400,3095719,0.384478,8051741
1,2021-04-09,113270,4663594,50884,2282217,43054,2148436,19332,232941,50754,1415158,0.175758,62254,1750862,0.217451,70301,3166020,0.393209,8051741
1,2021-04-10,93847,4757441,41945,2324162,27986,2176422,23916,256857,36813,1419108,0.176249,56875,1807737,0.224515,60825,3226845,0.400764,8051741
1,2021-04-11,35675,4793116,19407,2343569,8921,2185343,7347,264204,14561,1420238,0.176389,21053,1828790,0.22713,22183,3249028,0.403519,8051741
1,2021-04-12,70805,4863921,31610,2375179,29159,2214502,10036,274240,30557,1420970,0.17648,40054,1868844,0.232104,40786,3289814,0.408584,8051741
1,2021-04-13,94800,4958721,50583,2425762,43926,2258428,291,274531,51400,1429850,0.177583,43272,1912116,0.237479,52152,3341966,0.415061,8051741
1,2021-04-14,96303,5055024,49824,2475586,46425,2304853,54,274585,49094,1432607,0.177925,46966,1959082,0.243312,49723,3391689,0.421237,8051741
1,2021-04-15,93824,5148848,51863,2527449,41905,2346758,56,274641,50600,1440929,0.178959,42920,2002002,0.248642,51242,3442931,0.427601,8051741
1,2021-04-16,102116,5250964,52715,2580164,49328,2396086,73,274714,52317,1444054,0.179347,49544,2051546,0.254795,52669,3495600,0.434142,8051741
1,2021-04-17,74786,5325750,41985,2622149,32797,2428883,4,274718,42892,1455470,0.180765,31744,2083290,0.258738,43160,3538760,0.439502,8051741
1,2021-04-18,27782,5353532,18525,2640674,9250,2438133,7,274725,14406,1456881,0.18094,13281,2096571,0.260387,14692,3553452,0.441327,8051741
1,2021-04-19,61491,5415023,31425,2672099,30039,2468172,27,274752,27994,1451913,0.180323,33214,2129785,0.264512,28246,3581698,0.444835,8051741
1,2021-04-20,72092,5487115,35921,2708020,36159,2504331,12,274764,35017,1450626,0.180163,36830,2166615,0.269087,35543,3617241,0.44925,8051741
1,2021-04-21,40513,5527628,23138,2731158,17342,2521673,33,274797,19424,1449793,0.18006,20962,2187577,0.27169,20129,3637370,0.45175,8051741
2,2020-12-15,228,228,228,228,0,0,0,0,234,234,3e-05,0,0,0.0,234,234,3e-05,7897587
2,2020-12-16,1904,2132,1904,2132,0,0,0,0,1914,2148,0.000272,0,0,0.0,1914,2148,0.000272,7897587
2,2020-12-17,6600,8732,6600,8732,0,0,0,0,6646,8794,0.001114,0,0,0.0,6646,8794,0.001114,7897587
2,2020-12-18,10792,19524,10771,19503,21,21,0,0,10850,19644,0.002487,0,0,0.0,10850,19644,0.002487,7897587
2,2020-12-19,5553,25077,5548,25051,5,26,0,0,5555,25199,0.003191,0,0,0.0,5555,25199,0.003191,7897587
2,2020-12-20,4234,29311,4227,29278,7,33,0,0,4230,29429,0.003726,0,0,0.0,4230,29429,0.003726,7897587
2,2020-12-21,12447,41758,12409,41687,38,71,0,0,12438,41867,0.005301,0,0,0.0,12438,41867,0.005301,7897587
2,2020-12-22,11765,53523,11315,53002,450,521,0,0,11768,53635,0.006791,0,0,0.0,11768,53635,0.006791,7897587
2,2020-12-23,11506,65029,9345,62347,2161,2682,0,0,11515,65150,0.008249,0,0,0.0,11515,65150,0.008249,7897587
2,2020-12-24,5768,70797,3414,65761,2354,5036,0,0,5767,70917,0.00898,0,0,0.0,5767,70917,0.00898,7897587
2,2020-12-25,477,71274,401,66162,76,5112,0,0,478,71395,0.00904,0,0,0.0,478,71395,0.00904,7897587
2,2020-12-26,2529,73803,1663,67825,866,5978,0,0,2532,73927,0.009361,0,0,0.0,2532,73927,0.009361,7897587
2,2020-12-27,2204,76007,1193,69018,1011,6989,0,0,2203,76129,0.00964,1,1,0.0,2203,76130,0.00964,7897587
2,2020-12-28,10617,86624,6916,75934,3701,10690,0,0,10618,86746,0.010984,1,2,0.0,10618,86748,0.010984,7897587
2,2020-12-29,12639,99263,7164,83098,5475,16165,0,0,12644,99390,0.012585,0,2,0.0,12644,99392,0.012585,7897587
2,2020-12-30,15405,114668,8757,91855,6648,22813,0,0,15465,114855,0.014543,0,2,0.0,15465,114857,0.014543,7897587
2,2020-12-31,7421,122089,2807,94662,4614,27427,0,0,7509,122363,0.015494,1,3,0.0,7509,122366,0.015494,7897587
2,2021-01-01,1071,123160,515,95177,556,27983,0,0,1074,123436,0.01563,1,4,1e-06,1074,123440,0.01563,7897587
2,2021-01-02,4841,128001,2798,97975,2043,30026,0,0,4838,128274,0.016242,0,4,1e-06,4838,128278,0.016243,7897587
2,2021-01-03,1407,129408,780,98755,627,30653,0,0,1386,129657,0.016417,3,7,1e-06,1386,129664,0.016418,7897587
2,2021-01-04,11591,140999,5484,104239,6107,36760,0,0,11577,141229,0.017883,5,12,2e-06,11577,141241,0.017884,7897587
2,2021-01-05,13472,154471,6810,111049,6662,43422,0,0,12359,152464,0.019305,1133,1145,0.000145,12368,153609,0.01945,7897587
2,2021-01-06,18511,172982,10260,121309,8251,51673,0,0,14871,163674,0.020725,3667,4812,0.000609,14877,168486,0.021334,7897587
2,2021-01-07,22528,195510,12594,133903,9934,61607,0,0,15323,171731,0.021745,7278,12090,0.001531,15335,183821,0.023276,7897587
2,2021-01-08,25773,221283,15818,149721,9955,71562,0,0,15858,177722,0.022503,9881,21971,0.002782,15872,199693,0.025285,7897587
2,2021-01-09,9363,230646,5389,155110,3974,75536,0,0,6109,180536,0.02286,3299,25270,0.0032,6113,205806,0.026059,7897587
2,2021-01-10,5240,235886,2906,158016,2334,77870,0,0,3036,181346,0.022962,2230,27500,0.003482,3040,208846,0.026444,7897587
2,2021-01-11,25445,261331,17474,175490,7971,85841,0,0,14992,185726,0.023517,10629,38129,0.004828,15009,223855,0.028345,7897587
2,2021-01-12,25335,286666,15842,191332,9493,95334,0,0,16148,192626,0.02439,9284,47413,0.006003,16184,240039,0.030394,7897587
2,2021-01-13,27541,314207,14590,205922,12951,108285,0,0,19830,204702,0.02592,7772,55185,0.006988,19848,259887,0.032907,7897587
2,2021-01-14,28981,343188,11246,217168,17735,126020,0,0,24960,225601,0.028566,4077,59262,0.007504,24976,284863,0.03607,7897587
2,2021-01-15,33932,377120,12529,229697,21403,147423,0,0,30810,253271,0.032069,3168,62430,0.007905,30838,315701,0.039974,7897587
2,2021-01-16,17311,394431,5559,235256,11752,159175,0,0,16078,268027,0.033938,1332,63762,0.008074,16088,331789,0.042011,7897587
2,2021-01-17,9957,404388,3512,238768,6445,165620,0,0,9280,276596,0.035023,717,64479,0.008164,9286,341075,0.043187,7897587
2,2021-01-18,18772,423160,10565,249333,8207,173827,0,0,14260,286289,0.03625,4589,69068,0.008745,14282,355357,0.044996,7897587
2,2021-01-19,31421,454581,16586,265919,14835,188662,0,0,23632,302169,0.038261,7862,76930,0.009741,23742,379099,0.048002,7897587
2,2021-01-20,36214,490795,18028,283947,18186,206848,0,0,27678,321357,0.040691,8576,85506,0.010827,27764,406863,0.051517,7897587
2,2021-01-21,39091,529886,16129,300076,22962,229810,0,0,34620,351626,0.044523,4477,89983,0.011394,34746,441609,0.055917,7897587
2,2021-01-22,38730,568616,16222,316298,22508,252318,0,0,35481,383880,0.048607,3258,93241,0.011806,35512,477121,0.060414,7897587
2,2021-01-23,23829,592445,10768,327066,13061,265379,0,0,20918,401937,0.050894,2889,96130,0.012172,20946,498067,0.063066,7897587
2,2021-01-24,12248,604693,6042,333108,6206,271585,0,0,11352,412412,0.05222,887,97017,0.012284,11362,509429,0.064504,7897587
2,2021-01-25,31954,636647,15449,348557,16505,288090,0,0,23505,427518,0.054133,8459,105476,0.013355,23565,532994,0.067488,7897587
2,2021-01-26,39107,675754,19560,368117,19547,307637,0,0,30403,449267,0.056887,8716,114192,0.014459,30465,563459,0.071346,7897587
2,2021-01-27,44029,719783,22508,390625,21521,329158,0,0,34400,474174,0.06004,9549,123741,0.015668,34456,597915,0.075709,7897587
2,2021-01-28,46873,766656,21985,412610,24888,354046,0,0,38557,504449,0.063874,8336,132077,0.016724,38611,636526,0.080598,7897587
2,2021-01-29,44196,810852,21695,434305,22501,376547,0,0,35865,532007,0.067363,8344,140421,0.01778,35902,672428,0.085143,7897587
2,2021-01-30,30680,841532,13440,447745,17240,393787,0,0,27530,556443,0.070457,3125,143546,0.018176,27561,699989,0.088633,7897587
2,2021-01-31,16787,858319,10436,458181,6351,400138,0,0,15589,570866,0.072284,1186,144732,0.018326,15609,715598,0.09061,7897587
2,2021-02-01,39485,897804,19203,477384,20282,420420,0,0,29166,589680,0.074666,10384,155116,0.019641,29198,744796,0.094307,7897587
2,2021-02-02,47257,945061,19831,497215,27426,447846,0,0,36060,614575,0.077818,11259,166375,0.021067,36154,780950,0.098885,7897587
2,2021-02-03,52835,997896,23749,520964,29086,476932,0,0,39520,640761,0.081134,13410,179785,0.022765,39596,820546,0.103898,7897587
2,2021-02-04,54902,1052798,24007,544971,30895,507827,0,0,40350,666559,0.0844,14640,194425,0.024618,40438,860984,0.109019,7897587
2,2021-02-05,58213,1111011,25716,570687,32497,540324,0,0,39861,688187,0.087139,18418,212843,0.02695,40046,901030,0.114089,7897587
2,2021-02-06,39012,1150023,18103,588790,20909,561233,0,0,31551,712408,0.090206,7408,220251,0.027888,31629,932659,0.118094,7897587
2,2021-02-07,15771,1165794,10540,599330,5231,566464,0,0,11927,720568,0.091239,3830,224081,0.028373,11990,944649,0.119612,7897587
2,2021-02-08,41982,1207776,21451,620781,20531,586995,0,0,29194,737145,0.093338,12804,236885,0.029995,29381,974030,0.123333,7897587
2,2021-02-09,47885,1255661,22817,643598,25068,612063,0,0,30325,750100,0.094978,17680,254565,0.032233,30635,1004665,0.127212,7897587
2,2021-02-10,58994,1314655,27733,671331,31261,643324,0,0,35233,761836,0.096464,23839,278404,0.035252,35575,1040240,0.131716,7897587
2,2021-02-11,60408,1375063,27405,698736,33003,676327,0,0,35108,772126,0.097767,25290,303694,0.038454,35580,1075820,0.136221,7897587
2,2021-02-12,63136,1438199,27589,726325,35547,711874,0,0,34293,778108,0.098525,28951,332645,0.04212,34933,1110753,0.140645,7897587
2,2021-02-13,36680,1474879,15415,741740,21265,733139,0,0,21506,784624,0.09935,15364,348009,0.044065,21880,1132633,0.143415,7897587
2,2021-02-14,19171,1494050,9154,750894,10017,743156,0,0,11311,788278,0.099813,8078,356087,0.045088,11732,1144365,0.144901,7897587
2,2021-02-15,31952,1526002,14464,765358,17488,760644,0,0,18175,793573,0.100483,13717,369804,0.046825,19012,1163377,0.147308,7897587
2,2021-02-16,55150,1581152,27518,792876,27632,788276,0,0,29384,798118,0.101058,25711,395515,0.05008,30256,1193633,0.151139,7897587
2,2021-02-17,59855,1641007,30978,823854,28877,817153,0,0,29783,798851,0.101151,30197,425712,0.053904,30930,1224563,0.155055,7897587
2,2021-02-18,63725,1704732,32524,856378,31201,848354,0,0,31310,799091,0.101182,32574,458286,0.058029,32814,1257377,0.15921,7897587
2,2021-02-19,56725,1761457,31832,888210,24893,873247,0,0,28170,799205,0.101196,28754,487040,0.061669,28868,1286245,0.162866,7897587
2,2021-02-20,36433,1797890,23701,911911,12732,885979,0,0,20043,803680,0.101763,16566,503606,0.063767,21041,1307286,0.16553,7897587
2,2021-02-21,17390,1815280,13939,925850,3451,889430,0,0,8736,805020,0.101932,8796,512402,0.064881,10136,1317422,0.166813,7897587
2,2021-02-22,35269,1850549,24171,950021,11098,900528,0,0,16498,803952,0.101797,18827,531229,0.067265,17759,1335181,0.169062,7897587
2,2021-02-23,48217,1898766,25063,975084,23154,923682,0,0,21407,800851,0.101405,27263,558492,0.070717,24162,1359343,0.172121,7897587
2,2021-02-24,64979,1963745,33020,1008104,31959,955641,0,0,29457,797972,0.10104,35689,594181,0.075236,32810,1392153,0.176276,7897587
2,2021-02-25,70797,2034542,32519,1040623,38278,993919,0,0,35913,802296,0.101587,35234,629415,0.079697,39558,1431711,0.181285,7897587
2,2021-02-26,78596,2113138,33892,1074515,44704,1038623,0,0,42562,810912,0.102678,36218,665633,0.084283,44834,1476545,0.186962,7897587
2,2021-02-27,57030,2170168,26212,1100727,30814,1069437,4,4,31645,818164,0.103597,25891,691524,0.087561,33143,1509688,0.191158,7897587
2,2021-02-28,27667,2197835,17018,1117745,10648,1080085,1,5,16595,824856,0.104444,11513,703037,0.089019,18205,1527893,0.193463,7897587
2,2021-03-01,53514,2251349,28007,1145752,25493,1105578,14,19,29815,832518,0.105414,24044,727081,0.092064,31706,1559599,0.197478,7897587
2,2021-03-02,62420,2313769,28811,1174563,33606,1139184,3,22,35325,843374,0.106789,27546,754627,0.095552,38402,1598001,0.20234,7897587
2,2021-03-03,75489,2389258,35620,1210183,39866,1179050,3,25,42004,855094,0.108273,33465,788092,0.099789,45185,1643186,0.208062,7897587
2,2021-03-04,81139,2470397,38412,1248595,42705,1221755,22,47,47384,871549,0.110356,33754,821846,0.104063,50209,1693395,0.214419,7897587
2,2021-03-05,75905,2546302,35749,1284344,39866,1261621,290,337,46164,890762,0.112789,29677,851523,0.107821,48890,1742285,0.22061,7897587
2,2021-03-06,59167,2605469,28851,1313195,28665,1290286,1651,1988,36059,907040,0.11485,23034,874557,0.110737,39312,1781597,0.225588,7897587
2,2021-03-07,26819,2632288,15488,1328683,10397,1300683,934,2922,17121,916844,0.116092,9676,884233,0.111962,19480,1801077,0.228054,7897587
2,2021-03-08,47554,2679842,21612,1350295,23539,1324222,2403,5325,30326,933946,0.118257,17265,901498,0.114149,34367,1835444,0.232406,7897587
2,2021-03-09,61710,2741552,24885,1375180,33111,1357333,3714,9039,32916,943819,0.119507,28708,930206,0.117784,38581,1874025,0.237291,7897587
2,2021-03-10,72304,2813856,32961,1408141,33251,1390584,6092,15131,38109,955753,0.121018,34094,964300,0.122101,46028,1920053,0.243119,7897587
2,2021-03-11,88856,2902712,40063,1448204,41098,1431682,7695,22826,47133,970949,0.122942,41565,1005865,0.127364,56761,1976814,0.250306,7897587
2,2021-03-12,89403,2992115,36397,1484601,41930,1473612,11076,33902,45448,985079,0.124732,43793,1049658,0.132909,57923,2034737,0.25764,7897587
2,2021-03-13,66434,3058549,27372,1511973,31255,1504867,7807,41709,36629,1001026,0.126751,29804,1079462,0.136683,45751,2080488,0.263433,7897587
2,2021-03-14,35412,3093961,17728,1529701,13333,1518200,4351,46060,18835,1008532,0.127701,16466,1095928,0.138767,23972,2104460,0.266469,7897587
2,2021-03-15,64437,3158398,28122,1557823,31529,1549729,4786,50846,36379,1022812,0.129509,28020,1123948,0.142315,42300,2146760,0.271825,7897587
2,2021-03-16,84041,3242439,36365,1594188,43744,1593473,3932,54778,51655,1047559,0.132643,32276,1156224,0.146402,57023,2203783,0.279045,7897587
2,2021-03-17,88011,3330450,41669,1635857,42454,1635927,3888,58666,56930,1078553,0.136567,30931,1187155,0.150319,61925,2265708,0.286886,7897587
2,2021-03-18,93780,3424230,43631,1679488,45871,1681798,4278,62944,58672,1107566,0.140241,34969,1222124,0.154747,63982,2329690,0.294988,7897587
2,2021-03-19,92876,3517106,43674,1723162,43435,1725233,5767,68711,56525,1134383,0.143637,36195,1258319,0.15933,63012,2392702,0.302966,7897587
2,2021-03-20,68377,3585483,32250,1755412,32275,1757508,3852,72563,45944,1162432,0.147188,22298,1280617,0.162153,50347,2443049,0.309341,7897587
2,2021-03-21,32743,3618226,21048,1776460,9719,1767227,1976,74539,20999,1174582,0.148727,11761,1292378,0.163642,23911,2466960,0.312369,7897587
2,2021-03-22,61415,3679641,33328,1809788,25040,1792267,3047,77586,41344,1200109,0.151959,19960,1312338,0.166169,45487,2512447,0.318128,7897587
2,2021-03-23,80739,3760380,42426,1852214,35335,1827602,2978,80564,53419,1230328,0.155785,27133,1339471,0.169605,57352,2569799,0.32539,7897587
2,2021-03-24,87713,3848093,46566,1898780,37809,1865411,3338,83902,53359,1254256,0.158815,34152,1373623,0.173929,58080,2627879,0.332745,7897587
2,2021-03-25,97517,3945610,48142,1946922,45687,1911098,3688,87590,56859,1275156,0.161461,40427,1414050,0.179048,61327,2689206,0.34051,7897587
2,2021-03-26,97967,4043577,48170,1995092,46424,1957522,3373,90963,55363,1292685,0.163681,42315,1456365,0.184406,59844,2749050,0.348087,7897587
2,2021-03-27,72399,4115976,35368,2030460,33834,1991356,3197,94160,37771,1300078,0.164617,34452,1490817,0.188769,41845,2790895,0.353386,7897587
2,2021-03-28,36553,4152529,22195,2052655,13582,2004938,776,94936,20662,1306441,0.165423,15815,1506632,0.190771,22178,2813073,0.356194,7897587
2,2021-03-29,68578,4221107,34970,2087625,31350,2036288,2258,97194,40385,1321917,0.167382,28063,1534695,0.194325,43539,2856612,0.361707,7897587
2,2021-03-30,88336,4309443,42582,2130207,41769,2078057,3985,101179,54573,1347463,0.170617,33624,1568319,0.198582,59170,2915782,0.369199,7897587
2,2021-03-31,97252,4406695,49241,2179448,43204,2121261,4807,105986,58274,1372145,0.173742,38794,1607113,0.203494,63476,2979258,0.377236,7897587
2,2021-04-01,112202,4518897,53065,2232513,50613,2171874,8524,114510,62433,1394033,0.176514,49564,1656677,0.20977,71452,3050710,0.386284,7897587
2,2021-04-02,105952,4624849,49158,2281671,47364,2219238,9430,123940,58421,1415070,0.179178,47312,1703989,0.215761,68349,3119059,0.394938,7897587
2,2021-04-03,73314,4698163,34834,2316505,29032,2248270,9448,133388,36792,1425445,0.180491,36400,1740389,0.22037,46775,3165834,0.400861,7897587
2,2021-04-04,28577,4726740,14199,2330704,10666,2258936,3712,137100,13143,1426996,0.180688,15386,1755775,0.222318,16937,3182771,0.403006,7897587
2,2021-04-05,76789,4803529,37493,2368197,30843,2289779,8453,145553,38106,1435902,0.181815,38585,1794360,0.227204,47491,3230262,0.409019,7897587
2,2021-04-06,100220,4903749,48572,2416769,37479,2327258,14169,159722,48574,1447914,0.183336,51453,1845813,0.233719,63465,3293727,0.417055,7897587
2,2021-04-07,106189,5009938,52824,2469593,37963,2365221,15402,175124,51391,1460949,0.184987,54659,1900472,0.24064,67694,3361421,0.425626,7897587
2,2021-04-08,115078,5125016,55262,2524855,42098,2407319,17718,192842,54013,1472496,0.186449,60868,1961340,0.248347,72415,3433836,0.434796,7897587
2,2021-04-09,108776,5233792,51555,2576410,41136,2448455,16085,208927,52032,1485246,0.188063,56531,2017871,0.255505,69281,3503117,0.443568,7897587
2,2021-04-10,82126,5315918,35818,2612228,29732,2478187,16576,225503,34462,1489585,0.188613,47514,2065385,0.261521,51853,3554970,0.450134,7897587
2,2021-04-11,42831,5358749,22413,2634641,12441,2490628,7977,233480,17941,1491728,0.188884,24810,2090195,0.264662,26953,3581923,0.453547,7897587
2,2021-04-12,75238,5433987,34413,2669054,32387,2523015,8438,241918,34240,1494619,0.18925,40805,2131000,0.269829,43696,3625619,0.459079,7897587
2,2021-04-13,96807,5530794,49657,2718711,46922,2569937,228,242146,52888,1505172,0.190586,43732,2174732,0.275367,54285,3679904,0.465953,7897587
2,2021-04-14,97246,5628040,49446,2768157,47763,2617700,37,242183,49768,1509693,0.191159,47297,2222029,0.281355,51818,3731722,0.472514,7897587
2,2021-04-15,100508,5728548,52727,2820884,47733,2665433,48,242231,52358,1516005,0.191958,47898,2269927,0.28742,54210,3785932,0.479378,7897587
2,2021-04-16,102659,5831207,53117,2874001,49493,2714926,49,242280,53477,1521671,0.192675,48918,2318845,0.293614,54584,3840516,0.48629,7897587
2,2021-04-17,76373,5907580,39255,2913256,37115,2752041,3,242283,42560,1531702,0.193946,33676,2352521,0.297878,43707,3884223,0.491824,7897587
2,2021-04-18,33319,5940899,19427,2932683,13891,2765932,1,242284,16479,1532640,0.194064,16768,2369289,0.300002,17706,3901929,0.494066,7897587
2,2021-04-19,69496,6010395,37200,2969883,32291,2798223,5,242289,31955,1528081,0.193487,37387,2406676,0.304736,32828,3934757,0.498223,7897587
2,2021-04-20,77691,6088086,38539,3008422,39142,2837365,10,242299,38320,1528952,0.193597,39205,2445881,0.3097,40076,3974833,0.503297,7897587
2,2021-04-21,40088,6128174,22416,3030838,17656,2855021,16,242315,19883,1529959,0.193725,20117,2465998,0.312247,21124,3995957,0.505972,7897587
3,2020-12-15,299,299,299,299,0,0,0,0,299,299,3.9e-05,0,0,0.0,299,299,3.9e-05,7688185
3,2020-12-16,2105,2404,2105,2404,0,0,0,0,2105,2404,0.000313,0,0,0.0,2105,2404,0.000313,7688185
3,2020-12-17,7473,9877,7473,9877,0,0,0,0,7472,9876,0.001285,0,0,0.0,7472,9876,0.001285,7688185
3,2020-12-18,12653,22530,12643,22520,10,10,0,0,12654,22530,0.00293,0,0,0.0,12654,22530,0.00293,7688185
3,2020-12-19,6931,29461,6920,29440,11,21,0,0,6995,29525,0.00384,0,0,0.0,6995,29525,0.00384,7688185
3,2020-12-20,5433,34894,5426,34866,7,28,0,0,5481,35005,0.004553,1,1,0.0,5481,35006,0.004553,7688185
3,2020-12-21,14009,48903,13998,48864,11,39,0,0,14074,49078,0.006384,1,2,0.0,14074,49080,0.006384,7688185
3,2020-12-22,14213,63116,13682,62546,531,570,0,0,14252,63330,0.008237,0,2,0.0,14252,63332,0.008238,7688185
3,2020-12-23,14355,77471,11798,74344,2557,3127,0,0,14383,77713,0.010108,0,2,0.0,14383,77715,0.010108,7688185
3,2020-12-24,6718,84189,4818,79162,1900,5027,0,0,6716,84428,0.010982,1,3,0.0,6716,84431,0.010982,7688185
3,2020-12-25,718,84907,664,79826,54,5081,0,0,717,85145,0.011075,0,3,0.0,717,85148,0.011075,7688185
3,2020-12-26,4573,89480,2981,82807,1592,6673,0,0,4571,89716,0.011669,0,3,0.0,4571,89719,0.01167,7688185
3,2020-12-27,2945,92425,1829,84636,1116,7789,0,0,2946,92662,0.012053,0,3,0.0,2946,92665,0.012053,7688185
3,2020-12-28,13255,105680,8477,93113,4778,12567,0,0,13282,105943,0.01378,1,4,1e-06,13282,105947,0.01378,7688185
3,2020-12-29,14704,120384,8295,101408,6409,18976,0,0,14735,120677,0.015696,1,5,1e-06,14735,120682,0.015697,7688185
3,2020-12-30,17715,138099,9923,111331,7792,26768,0,0,17705,138382,0.017999,0,5,1e-06,17705,138387,0.018,7688185
3,2020-12-31,8015,146114,3018,114349,4997,31765,0,0,8014,146395,0.019042,1,6,1e-06,8014,146401,0.019042,7688185
3,2021-01-01,1113,147227,497,114846,616,32381,0,0,1110,147505,0.019186,0,6,1e-06,1110,147511,0.019187,7688185
3,2021-01-02,4899,152126,2408,117254,2491,34872,0,0,4900,152405,0.019823,0,6,1e-06,4900,152411,0.019824,7688185
3,2021-01-03,1550,153676,838,118092,712,35584,0,0,1557,153958,0.020025,4,10,1e-06,1557,153968,0.020027,7688185
3,2021-01-04,11739,165415,5908,124000,5831,41415,0,0,11714,165666,0.021548,6,16,2e-06,11714,165682,0.02155,7688185
3,2021-01-05,15275,180690,7870,131870,7405,48820,0,0,13766,177941,0.023145,1495,1511,0.000197,13770,179452,0.023341,7688185
3,2021-01-06,19643,200333,10247,142117,9396,58216,0,0,15513,189370,0.024631,4089,5600,0.000728,15518,194970,0.02536,7688185
3,2021-01-07,25475,225808,14527,156644,10948,69164,0,0,16586,197105,0.025637,8864,14464,0.001881,16599,211569,0.027519,7688185
3,2021-01-08,29562,255370,18119,174763,11443,80607,0,0,17613,202810,0.026379,11927,26391,0.003433,17632,229201,0.029812,7688185
3,2021-01-09,11904,267274,6693,181456,5211,85818,0,0,7669,206255,0.026828,4229,30620,0.003983,7674,236875,0.03081,7688185
3,2021-01-10,7118,274392,4444,185900,2674,88492,0,0,3993,207129,0.026941,3123,33743,0.004389,3997,240872,0.03133,7688185
3,2021-01-11,28126,302518,18341,204241,9785,98277,0,0,15965,210953,0.027439,12154,45897,0.00597,15978,256850,0.033408,7688185
3,2021-01-12,31299,333817,18656,222897,12643,110920,0,0,19207,218147,0.028374,12077,57974,0.007541,19271,276121,0.035915,7688185
3,2021-01-13,33822,367639,17739,240636,16083,127003,0,0,23957,232176,0.030199,9944,67918,0.008834,23973,300094,0.039033,7688185
3,2021-01-14,33770,401409,13948,254584,19822,146825,0,0,28026,254494,0.033102,5735,73653,0.00958,28053,328147,0.042682,7688185
3,2021-01-15,37954,439363,14220,268804,23734,170559,0,0,33439,283478,0.036872,4508,78161,0.010166,33492,361639,0.047038,7688185
3,2021-01-16,21362,460725,7582,276386,13780,184339,0,0,19067,300285,0.039058,2281,80442,0.010463,19088,380727,0.049521,7688185
3,2021-01-17,12605,473330,4458,280844,8147,192486,0,0,11591,310879,0.040436,1014,81456,0.010595,11608,392335,0.051031,7688185
3,2021-01-18,24368,497698,12664,293508,11704,204190,0,0,18948,324422,0.042197,5440,86896,0.011303,18983,411318,0.0535,7688185
3,2021-01-19,39827,537525,20532,314040,19295,223485,0,0,30971,346636,0.045087,8833,95729,0.012451,31047,442365,0.057538,7688185
3,2021-01-20,43857,581382,21585,335625,22272,245757,0,0,34766,372412,0.04844,9057,104786,0.013629,34833,477198,0.062069,7688185
3,2021-01-21,46020,627402,19726,355351,26294,272051,0,0,40817,408147,0.053088,5137,109923,0.014298,40872,518070,0.067385,7688185
3,2021-01-22,48225,675627,19224,374575,29001,301052,0,0,44186,448342,0.058316,4055,113978,0.014825,44250,562320,0.073141,7688185
3,2021-01-23,29577,705204,12617,387192,16960,318012,0,0,26317,471449,0.061321,3249,117227,0.015248,26356,588676,0.076569,7688185
3,2021-01-24,17289,722493,8429,395621,8860,326872,0,0,16150,486487,0.063277,1135,118362,0.015395,16173,604849,0.078673,7688185
3,2021-01-25,39516,762009,17610,413231,21906,348778,0,0,29883,506823,0.065922,9620,127982,0.016647,29956,634805,0.082569,7688185
3,2021-01-26,45756,807765,21892,435123,23864,372642,0,0,35987,533148,0.069346,9765,137747,0.017917,36090,670895,0.087263,7688185
3,2021-01-27,49384,857149,23994,459117,25390,398032,0,0,39164,562241,0.073131,10140,147887,0.019236,39233,710128,0.092366,7688185
3,2021-01-28,50197,907346,23438,482555,26759,424791,0,0,41656,595481,0.077454,8461,156348,0.020336,41701,751829,0.09779,7688185
3,2021-01-29,49239,956585,23773,506328,25466,450257,0,0,39996,626425,0.081479,9105,165453,0.02152,40049,791878,0.102999,7688185
3,2021-01-30,35682,992267,17129,523457,18553,468810,0,0,31437,653505,0.085001,4429,169882,0.022097,31509,823387,0.107098,7688185
3,2021-01-31,21734,1014001,12765,536222,8969,477779,0,0,20285,672363,0.087454,1441,171323,0.022284,20299,843686,0.109738,7688185
3,2021-02-01,44121,1058122,19945,556167,24176,501955,0,0,34175,696664,0.090615,9910,181233,0.023573,34211,877897,0.114188,7688185
3,2021-02-02,52805,1110927,22318,578485,30487,532442,0,0,40422,724758,0.094269,12376,193609,0.025183,40470,918367,0.119452,7688185
3,2021-02-03,58787,1169714,26294,604779,32493,564935,0,0,43889,753927,0.098063,14781,208390,0.027105,43950,962317,0.125168,7688185
3,2021-02-04,62759,1232473,27473,632252,35286,600221,0,0,46207,783686,0.101934,16545,224935,0.029257,46304,1008621,0.131191,7688185
3,2021-02-05,68761,1301234,29369,661621,39392,639613,0,0,47830,810780,0.105458,20901,245836,0.031976,47995,1056616,0.137434,7688185
3,2021-02-06,43064,1344298,20946,682567,22118,661731,0,0,33401,834731,0.108573,9635,255471,0.033229,33586,1090202,0.141802,7688185
3,2021-02-07,19263,1363561,12161,694728,7102,668833,0,0,14812,845228,0.109939,4440,259911,0.033807,14937,1105139,0.143745,7688185
3,2021-02-08,49986,1413547,23961,718689,26025,694858,0,0,32982,861301,0.112029,17098,277009,0.03603,33171,1138310,0.14806,7688185
3,2021-02-09,56880,1470427,27786,746475,29094,723952,0,0,33362,871498,0.113355,23505,300514,0.039088,33702,1172012,0.152443,7688185
3,2021-02-10,65625,1536052,30870,777345,34755,758707,0,0,35529,877537,0.114141,30006,330520,0.042991,36045,1208057,0.157132,7688185
3,2021-02-11,68030,1604082,33489,810834,34541,793248,0,0,36741,883695,0.114942,31110,361630,0.047037,37268,1245325,0.161979,7688185
3,2021-02-12,73111,1677193,31651,842485,41460,834708,0,0,40768,892907,0.11614,32305,393935,0.051239,41517,1286842,0.167379,7688185
3,2021-02-13,43624,1720817,20029,862514,23595,858303,0,0,25341,900678,0.117151,18150,412085,0.0536,25921,1312763,0.170751,7688185
3,2021-02-14,26484,1747301,13421,875935,13063,871366,0,0,15049,904792,0.117686,11394,423479,0.055082,15508,1328271,0.172768,7688185
3,2021-02-15,39166,1786467,16870,892805,22296,893662,0,0,21817,910272,0.118399,17289,440768,0.057331,22769,1351040,0.175729,7688185
3,2021-02-16,67663,1854130,32321,925126,35342,929004,0,0,35540,914736,0.118979,32122,472890,0.061509,36586,1387626,0.180488,7688185
3,2021-02-17,69189,1923319,35227,960353,33962,962966,0,0,33143,913066,0.118762,35911,508801,0.06618,34241,1421867,0.184942,7688185
3,2021-02-18,73791,1997110,38763,999116,35028,997994,0,0,34472,909633,0.118316,39273,548074,0.071288,35840,1457707,0.189604,7688185
3,2021-02-19,65714,2062824,37998,1037114,27716,1025710,0,0,33651,911828,0.118601,32147,580221,0.075469,34342,1492049,0.19407,7688185
3,2021-02-20,40418,2103242,25666,1062780,14752,1040462,0,0,21618,915214,0.119042,18725,598946,0.077905,22111,1514160,0.196946,7688185
3,2021-02-21,18962,2122204,15552,1078332,3410,1043872,0,0,8934,914606,0.118963,9972,608918,0.079202,9364,1523524,0.198164,7688185
3,2021-02-22,43355,2165559,28111,1106443,15244,1059116,0,0,20271,912388,0.118674,23042,631960,0.082199,20824,1544348,0.200873,7688185
3,2021-02-23,57617,2223176,31345,1137788,26272,1085388,0,0,25246,907348,0.118018,32320,664280,0.086403,27280,1571628,0.204421,7688185
3,2021-02-24,73397,2296573,35606,1173394,37791,1123179,0,0,32351,901290,0.117231,40966,705246,0.091731,34908,1606536,0.208962,7688185
3,2021-02-25,81519,2378092,39184,1212578,42335,1165514,0,0,40610,903789,0.117556,40737,745983,0.09703,43236,1649772,0.214585,7688185
3,2021-02-26,93001,2471093,42335,1254913,50666,1216180,0,0,49299,911846,0.118604,43427,789410,0.102678,51484,1701256,0.221282,7688185
3,2021-02-27,64977,2536070,29485,1284398,35489,1251669,3,3,34647,917601,0.119352,30199,819609,0.106606,35954,1737210,0.225958,7688185
3,2021-02-28,36571,2572641,21471,1305869,15100,1266769,0,3,18959,920063,0.119672,17498,837107,0.108882,19960,1757170,0.228555,7688185
3,2021-03-01,63817,2636458,33829,1339698,29983,1296752,5,8,35766,929317,0.120876,27930,865037,0.112515,37184,1794354,0.233391,7688185
3,2021-03-02,72398,2708856,34749,1374447,37648,1334400,1,9,41972,943095,0.122668,30314,895351,0.116458,44092,1838446,0.239126,7688185
3,2021-03-03,84737,2793593,39886,1414333,44840,1379240,11,20,46924,954700,0.124178,37662,933013,0.121357,49267,1887713,0.245534,7688185
3,2021-03-04,87534,2881127,42849,1457182,44669,1423909,16,36,49979,969617,0.126118,37401,970414,0.126221,52318,1940031,0.252339,7688185
3,2021-03-05,85011,2966138,41383,1498565,43344,1467253,284,320,52052,991456,0.128958,32779,1003193,0.130485,54618,1994649,0.259443,7688185
3,2021-03-06,62429,3028567,31171,1529736,29141,1496394,2117,2437,35752,1004307,0.13063,26573,1029766,0.133941,39424,2034073,0.264571,7688185
3,2021-03-07,36274,3064841,21335,1551071,13846,1510240,1093,3530,20868,1012486,0.131694,15365,1045131,0.13594,23544,2057617,0.267634,7688185
3,2021-03-08,56154,3120995,26769,1577840,26577,1536817,2808,6338,35517,1031852,0.134213,20541,1065672,0.138612,39907,2097524,0.272824,7688185
3,2021-03-09,67792,3188787,28792,1606632,34703,1571520,4297,10635,35357,1040901,0.13539,32360,1098032,0.142821,41409,2138933,0.27821,7688185
3,2021-03-10,77339,3266126,37910,1644542,33607,1605127,5822,16457,40439,1052331,0.136876,36763,1134795,0.147602,48193,2187126,0.284479,7688185
3,2021-03-11,92006,3358132,45009,1689551,38831,1643958,8166,24623,45304,1060805,0.137979,46520,1181315,0.153653,54994,2242120,0.291632,7688185
3,2021-03-12,98119,3456251,43460,1733011,43043,1687001,11616,36239,44763,1065144,0.138543,53198,1234513,0.160573,57537,2299657,0.299116,7688185
3,2021-03-13,67620,3523871,28371,1761382,32144,1719145,7105,43344,35619,1077340,0.140129,31922,1266435,0.164725,44118,2343775,0.304854,7688185
3,2021-03-14,39754,3563625,20910,1782292,15417,1734562,3427,46771,21679,1085155,0.141146,18023,1284458,0.167069,25838,2369613,0.308215,7688185
3,2021-03-15,73019,3636644,34210,1816502,34436,1768998,4373,51144,39064,1095786,0.142529,33818,1318276,0.171468,44449,2414062,0.313996,7688185
3,2021-03-16,91325,3727969,41816,1858318,45420,1814418,4089,55233,52294,1114358,0.144944,38878,1357154,0.176525,57450,2471512,0.321469,7688185
3,2021-03-17,93978,3821947,45101,1903419,44550,1858968,4327,59560,58092,1141768,0.148509,35743,1392897,0.181174,63153,2534665,0.329683,7688185
3,2021-03-18,97977,3919924,49188,1952607,44592,1903560,4197,63757,57739,1164484,0.151464,40056,1432953,0.186384,62772,2597437,0.337848,7688185
3,2021-03-19,98040,4017964,51883,2004490,41971,1945531,4186,67943,55998,1183473,0.153934,41887,1474840,0.191832,60876,2658313,0.345766,7688185
3,2021-03-20,69418,4087382,35637,2040127,30301,1975832,3480,71423,44006,1206302,0.156903,25279,1500119,0.19512,48108,2706421,0.352023,7688185
3,2021-03-21,34738,4122120,23669,2063796,9647,1985479,1422,72845,22740,1219353,0.158601,11943,1512062,0.196673,24994,2731415,0.355274,7688185
3,2021-03-22,67755,4189875,39582,2103378,25934,2011413,2239,75084,44669,1244453,0.161866,22942,1535004,0.199658,48042,2779457,0.361523,7688185
3,2021-03-23,86307,4276182,47487,2150865,36479,2047892,2341,77425,56303,1274012,0.16571,29848,1564852,0.20354,59407,2838864,0.36925,7688185
3,2021-03-24,95327,4371509,55060,2205925,37767,2085659,2500,79925,56431,1295181,0.168464,38643,1603495,0.208566,59812,2898676,0.37703,7688185
3,2021-03-25,102565,4474074,56913,2262838,42867,2128526,2785,82710,59421,1315142,0.17106,42913,1646408,0.214148,62874,2961550,0.385208,7688185
3,2021-03-26,106208,4580282,57271,2320109,45780,2174306,3157,85867,56938,1327066,0.172611,49059,1695467,0.220529,60983,3022533,0.39314,7688185
3,2021-03-27,71903,4652185,36235,2356344,33147,2207453,2521,88388,36207,1330924,0.173113,35554,1731021,0.225153,39412,3061945,0.398266,7688185
3,2021-03-28,42672,4694857,26775,2383119,15102,2222555,795,89183,22847,1335308,0.173683,19758,1750779,0.227723,24142,3086087,0.401406,7688185
3,2021-03-29,77853,4772710,40817,2423936,35339,2257894,1697,90880,44653,1349431,0.17552,33031,1783810,0.23202,47154,3133241,0.40754,7688185
3,2021-03-30,97115,4869825,47799,2471735,45952,2303846,3364,94244,59556,1375586,0.178922,37378,1821188,0.236881,63533,3196774,0.415803,7688185
3,2021-03-31,101923,4971748,54899,2526634,42332,2346178,4692,98936,57149,1393144,0.181206,44636,1865824,0.242687,62194,3258968,0.423893,7688185
3,2021-04-01,117989,5089737,59642,2586276,49077,2395255,9270,108206,65315,1415624,0.18413,52493,1918317,0.249515,74973,3333941,0.433645,7688185
3,2021-04-02,113015,5202752,55298,2641574,48052,2443307,9665,117871,60951,1434896,0.186637,51863,1970180,0.256261,71135,3405076,0.442897,7688185
3,2021-04-03,73449,5276201,37255,2678829,27354,2470661,8840,126711,36900,1444625,0.187902,36423,2006603,0.260998,46152,3451228,0.4489,7688185
3,2021-04-04,31259,5307460,16780,2695609,10598,2481259,3881,130592,13878,1445129,0.187968,17323,2023926,0.263251,17827,3469055,0.451219,7688185
3,2021-04-05,86330,5393790,43988,2739597,33598,2514857,8744,139336,43459,1455498,0.189316,42736,2066662,0.26881,53105,3522160,0.458126,7688185
3,2021-04-06,109740,5503530,53435,2793032,41522,2556379,14783,154119,52724,1467033,0.190817,56816,2123478,0.2762,68351,3590511,0.467017,7688185
3,2021-04-07,112120,5615650,58333,2851365,38379,2594758,15408,169527,55600,1482272,0.192799,56324,2179802,0.283526,71563,3662074,0.476325,7688185
3,2021-04-08,116212,5731862,58538,2909903,38590,2633348,19084,188611,55257,1496750,0.194682,60734,2240536,0.291426,75212,3737286,0.486108,7688185
3,2021-04-09,108677,5840539,53909,2963812,37596,2670944,17172,205783,48896,1504274,0.19566,59604,2300140,0.299179,67128,3804414,0.494839,7688185
3,2021-04-10,80288,5920827,36454,3000266,29461,2700405,14373,220156,33142,1505739,0.195851,47013,2347153,0.305294,48478,3852892,0.501145,7688185
3,2021-04-11,43168,5963995,23400,3023666,12346,2712751,7422,227578,16546,1504145,0.195644,26552,2373705,0.308747,24958,3877850,0.504391,7688185
3,2021-04-12,78924,6042919,39533,3063199,31404,2744155,7987,235565,36604,1507665,0.196102,42160,2415865,0.314231,45680,3923530,0.510332,7688185
3,2021-04-13,100194,6143113,54083,3117282,45919,2790074,192,235757,53049,1515039,0.197061,46976,2462841,0.320341,54350,3977880,0.517402,7688185
3,2021-04-14,97730,6240843,52334,3169616,45309,2835383,87,235844,49079,1517660,0.197402,48429,2511270,0.32664,51050,4028930,0.524042,7688185
3,2021-04-15,105401,6346244,59029,3228645,46326,2881709,46,235890,56736,1527361,0.198663,48449,2559719,0.332942,58150,4087080,0.531605,7688185
3,2021-04-16,107522,6453766,59997,3288642,47439,2929148,86,235976,55751,1532485,0.19933,51528,2611247,0.339644,56652,4143732,0.538974,7688185
3,2021-04-17,72454,6526220,40157,3328799,32288,2961436,9,235985,40187,1541691,0.200527,32163,2643410,0.343828,41369,4185101,0.544355,7688185
3,2021-04-18,35450,6561670,20998,3349797,14450,2975886,2,235987,16674,1540663,0.200394,18717,2662127,0.346262,17689,4202790,0.546656,7688185
3,2021-04-19,73152,6634822,40835,3390632,32271,3008157,46,236033,32951,1534372,0.199575,40051,2702178,0.351472,33760,4236550,0.551047,7688185
3,2021-04-20,78967,6713789,39924,3430556,39036,3047193,7,236040,37877,1532925,0.199387,40947,2743125,0.356797,39500,4276050,0.556185,7688185
3,2021-04-21,34724,6748513,19341,3449897,15360,3062553,23,236063,16240,1531598,0.199215,18406,2761531,0.359192,17079,4293129,0.558406,7688185
4,2020-12-15,443,443,443,443,0,0,0,0,443,443,5.8e-05,0,0,0.0,443,443,5.8e-05,7584050
4,2020-12-16,2917,3360,2917,3360,0,0,0,0,2917,3360,0.000443,0,0,0.0,2917,3360,0.000443,7584050
4,2020-12-17,8434,11794,8434,11794,0,0,0,0,8434,11794,0.001555,0,0,0.0,8434,11794,0.001555,7584050
4,2020-12-18,15251,27045,15242,27036,9,9,0,0,15251,27045,0.003566,0,0,0.0,15251,27045,0.003566,7584050
4,2020-12-19,10170,37215,10163,37199,7,16,0,0,10105,37150,0.004898,0,0,0.0,10105,37150,0.004898,7584050
4,2020-12-20,7334,44549,7322,44521,12,28,0,0,7287,44437,0.005859,0,0,0.0,7287,44437,0.005859,7584050
4,2020-12-21,16148,60697,16128,60649,20,48,0,0,16081,60518,0.00798,0,0,0.0,16081,60518,0.00798,7584050
4,2020-12-22,16945,77642,16237,76886,708,756,0,0,16902,77420,0.010208,0,0,0.0,16902,77420,0.010208,7584050
4,2020-12-23,16746,94388,14082,90968,2664,3420,0,0,16717,94137,0.012412,0,0,0.0,16717,94137,0.012412,7584050
4,2020-12-24,8493,102881,5924,96892,2569,5989,0,0,8493,102630,0.013532,0,0,0.0,8493,102630,0.013532,7584050
4,2020-12-25,897,103778,792,97684,105,6094,0,0,897,103527,0.013651,0,0,0.0,897,103527,0.013651,7584050
4,2020-12-26,6154,109932,3859,101543,2295,8389,0,0,6154,109681,0.014462,0,0,0.0,6154,109681,0.014462,7584050
4,2020-12-27,3414,113346,1995,103538,1419,9808,0,0,3414,113095,0.014912,0,0,0.0,3414,113095,0.014912,7584050
4,2020-12-28,14849,128195,9190,112728,5659,15467,0,0,14820,127914,0.016866,1,1,0.0,14820,127915,0.016866,7584050
4,2020-12-29,15146,143341,8386,121114,6760,22227,0,0,15112,143026,0.018859,0,1,0.0,15112,143027,0.018859,7584050
4,2020-12-30,18762,162103,11022,132136,7740,29967,0,0,18751,161775,0.021331,2,3,0.0,18751,161778,0.021331,7584050
4,2020-12-31,8131,170234,3301,135437,4830,34797,0,0,8126,169899,0.022402,2,5,1e-06,8126,169904,0.022403,7584050
4,2021-01-01,1142,171376,472,135909,670,35467,0,0,1141,171039,0.022552,1,6,1e-06,1141,171045,0.022553,7584050
4,2021-01-02,5621,176997,3179,139088,2442,37909,0,0,5620,176658,0.023293,1,7,1e-06,5620,176665,0.023294,7584050
4,2021-01-03,2105,179102,1249,140337,856,38765,0,0,2091,178745,0.023569,4,11,1e-06,2091,178756,0.02357,7584050
4,2021-01-04,12878,191980,7026,147363,5852,44617,0,0,12830,191544,0.025256,31,42,6e-06,12830,191586,0.025262,7584050
4,2021-01-05,16565,208545,9795,157158,6770,51387,0,0,14578,204166,0.02692,1965,2007,0.000265,14587,206173,0.027185,7584050
4,2021-01-06,21299,229844,13072,170230,8227,59614,0,0,15511,213954,0.028211,5734,7741,0.001021,15522,221695,0.029232,7584050
4,2021-01-07,27520,257364,16767,186997,10753,70367,0,0,16950,220299,0.029048,10616,18357,0.00242,16961,238656,0.031468,7584050
4,2021-01-08,32413,289777,20801,207798,11612,81979,0,0,18381,224728,0.029632,13967,32324,0.004262,18396,257052,0.033894,7584050
4,2021-01-09,15946,305723,9407,217205,6539,88518,0,0,9354,227521,0.03,6571,38895,0.005129,9364,266416,0.035128,7584050
4,2021-01-10,8670,314393,5603,222808,3067,91585,0,0,4083,227043,0.029937,4567,43462,0.005731,4089,270505,0.035668,7584050
4,2021-01-11,33002,347395,21568,244376,11434,103019,0,0,18640,231381,0.030509,14322,57784,0.007619,18660,289165,0.038128,7584050
4,2021-01-12,37715,385110,21567,265943,16148,119167,0,0,23856,241413,0.031832,13860,71644,0.009447,23892,313057,0.041278,7584050
4,2021-01-13,38156,423266,18766,284709,19390,138557,0,0,27075,257480,0.03395,11029,82673,0.010901,27096,340153,0.044851,7584050
4,2021-01-14,38611,461877,14738,299447,23873,162430,0,0,31602,282143,0.037202,6966,89639,0.011819,31629,371782,0.049022,7584050
4,2021-01-15,44764,506641,15502,314949,29262,191692,0,0,39292,316035,0.041671,5419,95058,0.012534,39311,411093,0.054205,7584050
4,2021-01-16,28415,535056,9314,324263,19101,210793,0,0,25317,338303,0.044607,3062,98120,0.012938,25330,436423,0.057545,7584050
4,2021-01-17,18849,553905,6623,330886,12226,223019,0,0,17345,354183,0.046701,1479,99599,0.013133,17359,453782,0.059834,7584050
4,2021-01-18,29035,582940,13339,344225,15696,238715,0,0,23103,371480,0.048982,5836,105435,0.013902,23133,476915,0.062884,7584050
4,2021-01-19,45598,628538,23113,367338,22485,261200,0,0,36364,398734,0.052575,9178,114613,0.015112,36432,513347,0.067688,7584050
4,2021-01-20,50897,679435,26907,394245,23990,285190,0,0,40615,429209,0.056594,10190,124803,0.016456,40665,554012,0.07305,7584050
4,2021-01-21,55649,735084,24565,418810,31084,316274,0,0,49391,472437,0.062293,6197,131000,0.017273,49425,603437,0.079567,7584050
4,2021-01-22,54307,789391,21830,440640,32477,348751,0,0,49274,516806,0.068144,4935,135935,0.017924,49304,652741,0.086068,7584050
4,2021-01-23,39230,828621,17365,458005,21865,370616,0,0,34966,547545,0.072197,4255,140190,0.018485,34994,687735,0.090682,7584050
4,2021-01-24,23758,852379,10447,468452,13311,383927,0,0,21905,567617,0.074844,1847,142037,0.018728,21919,709654,0.093572,7584050
4,2021-01-25,47152,899531,21768,490220,25384,409311,0,0,36251,593045,0.078196,10877,152914,0.020163,36305,745959,0.098359,7584050
4,2021-01-26,55767,955298,28503,518723,27264,436575,0,0,43805,625001,0.08241,11906,164820,0.021732,43862,789821,0.104142,7584050
4,2021-01-27,54636,1009934,26471,545194,28165,464740,0,0,43812,658176,0.086784,10690,175510,0.023142,43865,833686,0.109926,7584050
4,2021-01-28,55779,1065713,25327,570521,30452,495192,0,0,45946,694420,0.091563,9745,185255,0.024427,45989,879675,0.11599,7584050
4,2021-01-29,55623,1121336,26745,597266,28878,524070,0,0,45448,729866,0.096237,10035,195290,0.02575,45481,925156,0.121987,7584050
4,2021-01-30,37236,1158572,16955,614221,20281,544351,0,0,32037,756773,0.099785,5152,200442,0.026429,32059,957215,0.126214,7584050
4,2021-01-31,23689,1182261,12442,626663,11247,555598,0,0,22110,777328,0.102495,1566,202008,0.026636,22121,979336,0.129131,7584050
4,2021-02-01,47825,1230086,22603,649266,25222,580820,0,0,37643,804849,0.106124,10161,212169,0.027976,37682,1017018,0.1341,7584050
4,2021-02-02,55488,1285574,26337,675603,29151,609971,0,0,41869,833268,0.109871,13491,225660,0.029755,41910,1058928,0.139626,7584050
4,2021-02-03,61376,1346950,30201,705804,31175,641146,0,0,47325,866702,0.11428,13945,239605,0.031593,47379,1106307,0.145873,7584050
4,2021-02-04,66700,1413650,31161,736965,35539,676685,0,0,50209,900676,0.118759,16336,255941,0.033747,50310,1156617,0.152507,7584050
4,2021-02-05,72048,1485698,33431,770396,38617,715302,0,0,50363,929722,0.122589,21445,277386,0.036575,50491,1207108,0.159164,7584050
4,2021-02-06,47865,1533563,25912,796308,21953,737255,0,0,36495,955074,0.125932,11344,288730,0.038071,36696,1243804,0.164003,7584050
4,2021-02-07,26182,1559745,17263,813571,8919,746174,0,0,19854,968868,0.127751,6293,295023,0.0389,20087,1263891,0.166651,7584050
4,2021-02-08,57586,1617331,29571,843142,28015,774189,0,0,37443,986553,0.130083,20020,315043,0.04154,37705,1301596,0.171623,7584050
4,2021-02-09,66255,1683586,33844,876986,32411,806600,0,0,38850,998449,0.131651,27350,342393,0.045146,39246,1340842,0.176798,7584050
4,2021-02-10,76371,1759957,38253,915239,38118,844718,0,0,40804,1004436,0.132441,35345,377738,0.049807,41332,1382174,0.182247,7584050
4,2021-02-11,79701,1839658,41561,956800,38140,882858,0,0,41384,1008362,0.132958,38113,415851,0.054832,42039,1424213,0.187791,7584050
4,2021-02-12,83133,1922791,37240,994040,45893,928751,0,0,43006,1012167,0.13346,39978,455829,0.060104,43783,1467996,0.193564,7584050
4,2021-02-13,58001,1980792,29432,1023472,28569,957320,0,0,29705,1014526,0.133771,28231,484060,0.063826,30590,1498586,0.197597,7584050
4,2021-02-14,36434,2017226,18953,1042425,17481,974801,0,0,18803,1016362,0.134013,17638,501698,0.066152,19474,1518060,0.200165,7584050
4,2021-02-15,45512,2062738,21315,1063740,24197,998998,0,0,23564,1019234,0.134392,21885,523583,0.069037,24757,1542817,0.203429,7584050
4,2021-02-16,78682,2141420,36062,1099802,42620,1041618,0,0,40349,1022591,0.134834,38256,561839,0.074082,41613,1584430,0.208916,7584050
4,2021-02-17,79717,2221137,37651,1137453,42066,1083684,0,0,38325,1020829,0.134602,41251,603090,0.079521,39489,1623919,0.214123,7584050
4,2021-02-18,81727,2302864,45168,1182621,36559,1120243,0,0,38102,1016928,0.134088,43500,646590,0.085257,39599,1663518,0.219344,7584050
4,2021-02-19,80290,2383154,50581,1233202,29709,1149952,0,0,40566,1018590,0.134307,39596,686186,0.090478,41258,1704776,0.224784,7584050
4,2021-02-20,47441,2430595,31953,1265155,15488,1165440,0,0,26312,1024407,0.135074,21186,707372,0.093271,27003,1731779,0.228345,7584050
4,2021-02-21,25353,2455948,19862,1285017,5491,1170931,0,0,11665,1022619,0.134838,13775,721147,0.095087,11987,1743766,0.229925,7584050
4,2021-02-22,51670,2507618,35624,1320641,16046,1186977,0,0,25149,1021832,0.134734,26445,747592,0.098574,25658,1769424,0.233309,7584050
4,2021-02-23,71628,2579246,39620,1360261,32008,1218985,0,0,31529,1015103,0.133847,39992,787584,0.103847,33263,1802687,0.237695,7584050
4,2021-02-24,86591,2665837,45490,1405751,41101,1260086,0,0,39304,1009474,0.133105,47118,834702,0.11006,41489,1844176,0.243165,7584050
4,2021-02-25,96618,2762455,50178,1455929,46440,1306526,0,0,46299,1008181,0.132934,50177,884879,0.116676,48884,1893060,0.249611,7584050
4,2021-02-26,102849,2865304,51775,1507704,51074,1357600,0,0,53073,1014002,0.133702,49578,934457,0.123213,55399,1948459,0.256915,7584050
4,2021-02-27,74158,2939462,40175,1547879,33977,1391577,6,6,39678,1020740,0.13459,34425,968882,0.127753,41163,1989622,0.262343,7584050
4,2021-02-28,44564,2984026,27675,1575554,16888,1408465,1,7,24848,1026887,0.135401,19645,988527,0.130343,25792,2015414,0.265744,7584050
4,2021-03-01,73657,3057683,42978,1618532,30673,1439138,6,13,40835,1036323,0.136645,32656,1021183,0.134649,42092,2057506,0.271294,7584050
4,2021-03-02,79534,3137217,44435,1662967,35096,1474234,3,16,46789,1052342,0.138757,32616,1053799,0.138949,48635,2106141,0.277707,7584050
4,2021-03-03,96467,3233684,50711,1713678,45750,1519984,6,22,53462,1064797,0.1404,42840,1096639,0.144598,55295,2161436,0.284998,7584050
4,2021-03-04,93951,3327635,52146,1765824,41792,1561776,13,35,51768,1076369,0.141925,42022,1138661,0.150139,53594,2215030,0.292064,7584050
4,2021-03-05,91231,3418866,48762,1814586,42162,1603938,307,342,54050,1095662,0.144469,37029,1175690,0.155021,56322,2271352,0.299491,7584050
4,2021-03-06,74275,3493141,41555,1856141,30122,1634060,2598,2940,45382,1116292,0.147189,28804,1204494,0.158819,49434,2320786,0.306009,7584050
4,2021-03-07,41099,3534240,26133,1882274,13828,1647888,1138,4078,24351,1126362,0.148517,16687,1221181,0.16102,26757,2347543,0.309537,7584050
4,2021-03-08,64248,3598488,33283,1915557,27841,1675729,3124,7202,42294,1151259,0.1518,21868,1243049,0.163903,46765,2394308,0.315703,7584050
4,2021-03-09,72534,3671022,33442,1948999,34026,1709755,5066,12268,37594,1160453,0.153012,34812,1277861,0.168493,44006,2438314,0.321506,7584050
4,2021-03-10,86921,3757943,44173,1993172,35482,1745237,7266,19534,43486,1169113,0.154154,43317,1321178,0.174205,51977,2490291,0.328359,7584050
4,2021-03-11,98509,3856452,51752,2044924,38662,1783899,8095,27629,45634,1171491,0.154468,52688,1373866,0.181152,55066,2545357,0.33562,7584050
4,2021-03-12,102196,3958648,50266,2095190,41834,1825733,10096,37725,43632,1167814,0.153983,58370,1432236,0.188848,54693,2600050,0.342831,7584050
4,2021-03-13,79026,4037674,36685,2131875,34099,1859832,8242,45967,36928,1172169,0.154557,41988,1474224,0.194385,46343,2646393,0.348942,7584050
4,2021-03-14,48713,4086387,27851,2159726,17320,1877152,3542,49509,24924,1177562,0.155268,23725,1497949,0.197513,29118,2675511,0.352781,7584050
4,2021-03-15,82245,4168632,43986,2203712,34111,1911263,4148,53657,42452,1185386,0.1563,39628,1537577,0.202738,47452,2722963,0.359038,7584050
4,2021-03-16,105390,4274022,54504,2258216,47563,1958826,3323,56980,56559,1197484,0.157895,48642,1586219,0.209152,60740,2783703,0.367047,7584050
4,2021-03-17,103406,4377428,55544,2313760,44496,2003322,3366,60346,60731,1219717,0.160827,42475,1628694,0.214753,64708,2848411,0.375579,7584050
4,2021-03-18,103461,4480889,57117,2370877,42792,2046114,3552,63898,59349,1239240,0.163401,43907,1672601,0.220542,63430,2911841,0.383943,7584050
4,2021-03-19,107214,4588103,61194,2432071,40978,2087092,5042,68940,61871,1261538,0.166341,45160,1717761,0.226497,67458,2979299,0.392837,7584050
4,2021-03-20,81449,4669552,47580,2479651,30901,2117993,2968,71908,50790,1285205,0.169462,30521,1748282,0.230521,54188,3033487,0.399982,7584050
4,2021-03-21,46773,4716325,33824,2513475,10692,2128685,2257,74165,28416,1298440,0.171207,18244,1766526,0.232926,31479,3064966,0.404133,7584050
4,2021-03-22,79616,4795941,52212,2565687,24882,2153567,2522,76687,50739,1323918,0.174566,28727,1795253,0.236714,54205,3119171,0.41128,7584050
4,2021-03-23,101270,4897211,60305,2625992,38936,2192503,2029,78716,63314,1352088,0.17828,37741,1832994,0.241691,65911,3185082,0.419971,7584050
4,2021-03-24,110351,5007562,71206,2697198,36874,2229377,2271,80987,63362,1371723,0.180869,46662,1879656,0.247843,66297,3251379,0.428713,7584050
4,2021-03-25,112780,5120342,69228,2766426,41297,2270674,2255,83242,65471,1392994,0.183674,46936,1926592,0.254032,68207,3319586,0.437706,7584050
4,2021-03-26,115861,5236203,70317,2836743,42567,2313241,2977,86219,64810,1410633,0.186,50794,1977386,0.26073,68433,3388019,0.44673,7584050
4,2021-03-27,89038,5325241,52687,2889430,34582,2347823,1769,87988,46287,1416605,0.186787,42572,2019958,0.266343,48544,3436563,0.45313,7584050
4,2021-03-28,54266,5379507,35611,2925041,17792,2365615,863,88851,30229,1424074,0.187772,23938,2043896,0.269499,31407,3467970,0.457272,7584050
4,2021-03-29,90982,5470489,54643,2979684,34364,2399979,1975,90826,50811,1437403,0.18953,40004,2083900,0.274774,53333,3521303,0.464304,7584050
4,2021-03-30,113862,5584351,61880,3041564,47933,2447912,4049,94875,72919,1474028,0.194359,40795,2124695,0.280153,77420,3598723,0.474512,7584050
4,2021-03-31,117916,5702267,69683,3111247,42088,2490000,6145,101020,68649,1500038,0.197789,49035,2173730,0.286619,75045,3673768,0.484407,7584050
4,2021-04-01,137740,5840007,78599,3189846,46429,2536429,12712,113732,82014,1539551,0.202999,55516,2229246,0.293939,95029,3768797,0.496937,7584050
4,2021-04-02,132332,5972339,70941,3260787,48498,2584927,12893,126625,77148,1575004,0.207673,54988,2284234,0.301189,90441,3859238,0.508862,7584050
4,2021-04-03,98005,6070344,52158,3312945,32914,2617841,12933,139558,51388,1593202,0.210073,46483,2330717,0.307318,64681,3923919,0.517391,7584050
4,2021-04-04,45146,6115490,23832,3336777,14248,2632089,7066,146624,19781,1594815,0.210285,25310,2356027,0.310656,26923,3950842,0.520941,7584050
4,2021-04-05,105538,6221028,59762,3396539,33464,2665553,12312,158936,55628,1613625,0.212766,49789,2405816,0.31722,68599,4019441,0.529986,7584050
4,2021-04-06,134792,6355820,75632,3472171,39775,2705328,19385,178321,70277,1639754,0.216211,64342,2470158,0.325704,90471,4109912,0.541915,7584050
4,2021-04-07,133240,6489060,75596,3547767,37584,2742912,20060,198381,69334,1666020,0.219674,63708,2533866,0.334105,89974,4199886,0.553779,7584050
4,2021-04-08,134734,6623794,75287,3623054,35056,2777968,24391,222772,67270,1691151,0.222988,67255,2601121,0.342973,92386,4292272,0.56596,7584050
4,2021-04-09,127846,6751640,69745,3692799,37321,2815289,20780,243552,61970,1709353,0.225388,65702,2666823,0.351636,83904,4376176,0.577024,7584050
4,2021-04-10,99844,6851484,49447,3742246,32463,2847752,17934,261486,45416,1719555,0.226733,54280,2721103,0.358793,64482,4440658,0.585526,7584050
4,2021-04-11,60355,6911839,36921,3779167,12794,2860546,10640,272126,26526,1724206,0.227346,33761,2754864,0.363244,38412,4479070,0.590591,7584050
4,2021-04-12,97497,7009336,59028,3838195,29194,2889740,9275,281401,49757,1736947,0.229026,47520,2802384,0.36951,60261,4539331,0.598537,7584050
4,2021-04-13,125757,7135093,78665,3916860,46941,2936681,151,281552,75851,1764372,0.232642,49700,2852084,0.376063,77125,4616456,0.608706,7584050
4,2021-04-14,125561,7260654,78528,3995388,46970,2983651,63,281615,70095,1780998,0.234835,55246,2907330,0.383348,71872,4688328,0.618183,7584050
4,2021-04-15,141872,7402526,94458,4089846,47383,3031034,31,281646,87930,1816614,0.239531,53706,2961036,0.390429,89322,4777650,0.62996,7584050
4,2021-04-16,136455,7538981,86866,4176712,49522,3080556,67,281713,80250,1841838,0.242857,55988,3017024,0.397812,81212,4858862,0.640669,7584050
4,2021-04-17,95347,7634328,61073,4237785,34270,3114826,4,281717,56033,1860124,0.245268,39118,3056142,0.40297,57404,4916266,0.648238,7584050
4,2021-04-18,51739,7686067,34475,4272260,17261,3132087,3,281720,29448,1868501,0.246372,22211,3078353,0.405898,30588,4946854,0.652271,7584050
4,2021-04-19,94067,7780134,61568,4333828,32487,3164574,12,281732,47895,1871226,0.246732,46023,3124376,0.411967,48748,4995602,0.658698,7584050
4,2021-04-20,98385,7878519,55181,4389009,43199,3207773,5,281737,49659,1873826,0.247075,48566,3172942,0.41837,51166,5046768,0.665445,7584050
4,2021-04-21,40896,7919415,26947,4415956,13937,3221710,12,281749,19181,1872099,0.246847,21644,3194586,0.421224,19917,5066685,0.668071,7584050
