vemquartile,administered_date,total_doses,cumulative_total_doses,pfizer_doses,cumulative_pfizer_doses,moderna_doses,cumulative_moderna_doses,jj_doses,cumulative_jj_doses,partially_vaccinated,total_partially_vaccinated,pct_age12pop_partially_vaccinated,fully_vaccinated,cumulative_fully_vaccinated,pct_age12pop_fully_vaccinated,at_least_one_dose,cumulative_at_least_one_dose,pct_age12pop_at_least_one_dose,age12_population
1,2020-12-15,147,147,147,147,0,0,0,0,147,147,1.7e-05,0,0,0.0,147,147,1.7e-05,8700223
1,2020-12-16,1177,1324,1177,1324,0,0,0,0,1177,1324,0.000152,0,0,0.0,1177,1324,0.000152,8700223
1,2020-12-17,4127,5451,4127,5451,0,0,0,0,4128,5452,0.000627,0,0,0.0,4128,5452,0.000627,8700223
1,2020-12-18,6293,11744,6273,11724,20,20,0,0,6293,11744,0.00135,1,1,0.0,6293,11745,0.00135,8700223
1,2020-12-19,2861,14605,2860,14584,1,21,0,0,2860,14603,0.001678,1,2,0.0,2860,14605,0.001679,8700223
1,2020-12-20,2113,16718,2108,16692,5,26,0,0,2114,16717,0.001921,0,2,0.0,2114,16719,0.001922,8700223
1,2020-12-21,7624,24342,7610,24302,14,40,0,0,7674,24391,0.002803,1,3,0.0,7675,24394,0.002804,8700223
1,2020-12-22,7291,31633,6950,31252,341,381,0,0,7293,31682,0.003642,2,5,1e-06,7293,31687,0.003642,8700223
1,2020-12-23,7826,39459,6579,37831,1247,1628,0,0,7820,39501,0.00454,2,7,1e-06,7821,39508,0.004541,8700223
1,2020-12-24,3295,42754,2357,40188,938,2566,0,0,3297,42798,0.004919,0,7,1e-06,3297,42805,0.00492,8700223
1,2020-12-25,235,42989,151,40339,84,2650,0,0,235,43033,0.004946,0,7,1e-06,235,43040,0.004947,8700223
1,2020-12-26,1353,44342,964,41303,389,3039,0,0,1352,44384,0.005101,1,8,1e-06,1352,44392,0.005102,8700223
1,2020-12-27,861,45203,530,41833,331,3370,0,0,862,45246,0.005201,0,8,1e-06,862,45254,0.005201,8700223
1,2020-12-28,7057,52260,4749,46582,2308,5678,0,0,7056,52302,0.006012,0,8,1e-06,7056,52310,0.006012,8700223
1,2020-12-29,8822,61082,4955,51537,3867,9545,0,0,8819,61120,0.007025,1,9,1e-06,8819,61129,0.007026,8700223
1,2020-12-30,11564,72646,6449,57986,5115,14660,0,0,11564,72684,0.008354,0,9,1e-06,11564,72693,0.008355,8700223
1,2020-12-31,5918,78564,1952,59938,3966,18626,0,0,5917,78600,0.009034,2,11,1e-06,5918,78611,0.009036,8700223
1,2021-01-01,547,79111,190,60128,357,18983,0,0,547,79147,0.009097,0,11,1e-06,547,79158,0.009098,8700223
1,2021-01-02,2903,82014,1762,61890,1141,20124,0,0,2905,82052,0.009431,0,11,1e-06,2905,82063,0.009432,8700223
1,2021-01-03,1020,83034,547,62437,473,20597,0,0,1018,83068,0.009548,2,13,1e-06,1018,83081,0.009549,8700223
1,2021-01-04,7327,90361,3573,66010,3754,24351,0,0,7328,90392,0.01039,4,17,2e-06,7328,90409,0.010392,8700223
1,2021-01-05,10769,101130,5190,71200,5579,29930,0,0,10018,99697,0.011459,736,753,8.7e-05,10041,100450,0.011546,8700223
1,2021-01-06,13981,115111,7019,78219,6962,36892,0,0,12097,109956,0.012638,1846,2599,0.000299,12105,112555,0.012937,8700223
1,2021-01-07,17373,132484,9074,87293,8299,45191,0,0,12927,118547,0.013626,4349,6948,0.000799,12940,125495,0.014424,8700223
1,2021-01-08,20068,152552,10396,97689,9672,54863,0,0,14189,126878,0.014583,5863,12811,0.001472,14194,139689,0.016056,8700223
1,2021-01-09,6680,159232,3368,101057,3312,58175,0,0,4835,129886,0.014929,1831,14642,0.001683,4839,144528,0.016612,8700223
1,2021-01-10,3066,162298,1744,102801,1322,59497,0,0,1882,130598,0.015011,1171,15813,0.001818,1883,146411,0.016828,8700223
1,2021-01-11,18034,180332,11808,114609,6226,65723,0,0,11505,135638,0.01559,6503,22316,0.002565,11543,157954,0.018155,8700223
1,2021-01-12,18875,199207,10737,125346,8138,73861,0,0,12917,142669,0.016398,5921,28237,0.003246,12952,170906,0.019644,8700223
1,2021-01-13,19694,218901,10647,135993,9047,82908,0,0,14553,152123,0.017485,5117,33354,0.003834,14571,185477,0.021319,8700223
1,2021-01-14,21829,240730,9372,145365,12457,95365,0,0,19095,168585,0.019377,2678,36032,0.004142,19140,204617,0.023519,8700223
1,2021-01-15,25040,265770,9214,154579,15826,111191,0,0,23109,189861,0.021823,1884,37916,0.004358,23160,227777,0.026181,8700223
1,2021-01-16,13833,279603,4523,159102,9310,120501,0,0,12972,201976,0.023215,859,38775,0.004457,12974,240751,0.027672,8700223
1,2021-01-17,5190,284793,2005,161107,3185,123686,0,0,4826,206446,0.023729,361,39136,0.004498,4831,245582,0.028227,8700223
1,2021-01-18,14254,299047,8568,169675,5686,129372,0,0,11096,214449,0.024649,3146,42282,0.00486,11149,256731,0.029509,8700223
1,2021-01-19,24594,323641,12850,182525,11744,141116,0,0,19419,228760,0.026294,5160,47442,0.005453,19471,276202,0.031747,8700223
1,2021-01-20,28596,352237,14025,196550,14571,155687,0,0,22964,246182,0.028296,5578,53020,0.006094,23000,299202,0.03439,8700223
1,2021-01-21,30705,382942,14252,210802,16453,172140,0,0,27565,270747,0.03112,3083,56103,0.006448,27648,326850,0.037568,8700223
1,2021-01-22,28072,411014,11138,221940,16934,189074,0,0,26097,294937,0.0339,1934,58037,0.006671,26124,352974,0.040571,8700223
1,2021-01-23,18663,429677,8187,230127,10476,199550,0,0,16736,309771,0.035605,1913,59950,0.006891,16747,369721,0.042496,8700223
1,2021-01-24,6658,436335,4156,234283,2502,202052,0,0,6005,315134,0.036221,647,60597,0.006965,6010,375731,0.043186,8700223
1,2021-01-25,25175,461510,10432,244715,14743,216795,0,0,19507,329088,0.037825,5647,66244,0.007614,19601,395332,0.045439,8700223
1,2021-01-26,28443,489953,13360,258075,15083,231878,0,0,21884,344482,0.039595,6513,72757,0.008363,21907,417239,0.047957,8700223
1,2021-01-27,32256,522209,15397,273472,16859,248737,0,0,24311,360939,0.041486,7883,80640,0.009269,24340,441579,0.050755,8700223
1,2021-01-28,34534,556743,16227,289699,18307,267044,0,0,27760,382040,0.043912,6719,87359,0.010041,27820,469399,0.053953,8700223
1,2021-01-29,33339,590082,16392,306091,16947,283991,0,0,26894,402659,0.046281,6311,93670,0.010766,26930,496329,0.057048,8700223
1,2021-01-30,20156,610238,8790,314881,11366,295357,0,0,18063,418659,0.04812,2070,95740,0.011004,18070,514399,0.059125,8700223
1,2021-01-31,7567,617805,4953,319834,2614,297971,0,0,6925,424946,0.048843,641,96381,0.011078,6928,521327,0.059921,8700223
1,2021-02-01,28518,646323,12426,332260,16092,314063,0,0,20898,438272,0.050375,7578,103959,0.011949,20904,542231,0.062324,8700223
1,2021-02-02,32023,678346,11516,343776,20507,334570,0,0,24136,454618,0.052254,7824,111783,0.012848,24170,566401,0.065102,8700223
1,2021-02-03,39091,717437,15019,358795,24072,358642,0,0,28266,472220,0.054277,10696,122479,0.014078,28298,594699,0.068354,8700223
1,2021-02-04,43507,760944,16970,375765,26537,385179,0,0,31639,492143,0.056567,11764,134243,0.01543,31687,626386,0.071997,8700223
1,2021-02-05,46623,807567,17298,393063,29325,414504,0,0,30731,507158,0.058293,15769,150012,0.017242,30784,657170,0.075535,8700223
1,2021-02-06,26459,834026,10496,403559,15963,430467,0,0,20636,522026,0.060001,5785,155797,0.017907,20653,677823,0.077909,8700223
1,2021-02-07,6245,840271,4020,407579,2225,432692,0,0,4642,525099,0.060355,1587,157384,0.01809,4660,682483,0.078444,8700223
1,2021-02-08,31214,871485,14250,421829,16964,449656,0,0,20872,535792,0.061584,10272,167656,0.01927,20965,703448,0.080854,8700223
1,2021-02-09,38149,909634,16816,438645,21333,470989,0,0,23601,544898,0.06263,14568,182224,0.020945,23674,727122,0.083575,8700223
1,2021-02-10,46677,956311,21937,460582,24740,495729,0,0,26947,552281,0.063479,19641,201865,0.023202,27024,754146,0.086681,8700223
1,2021-02-11,51231,1007542,25206,485788,26025,521754,0,0,30889,563199,0.064734,20069,221934,0.025509,30987,785133,0.090243,8700223
1,2021-02-12,49339,1056881,21288,507076,28051,549805,0,0,28500,571101,0.065642,20734,242668,0.027892,28636,813769,0.093534,8700223
1,2021-02-13,26024,1082905,11342,518418,14682,564487,0,0,15092,575406,0.066137,10863,253531,0.029141,15168,828937,0.095278,8700223
1,2021-02-14,11603,1094508,5475,523893,6128,570615,0,0,6624,577142,0.066336,4953,258484,0.02971,6689,835626,0.096047,8700223
1,2021-02-15,23547,1118055,9263,533156,14284,584899,0,0,14357,582528,0.066956,9087,267571,0.030754,14473,850099,0.09771,8700223
1,2021-02-16,46331,1164386,22190,555346,24141,609040,0,0,27321,591017,0.067931,18943,286514,0.032932,27432,877531,0.100863,8700223
1,2021-02-17,47755,1212141,24138,579484,23617,632657,0,0,25941,595406,0.068436,21697,308211,0.035426,26086,903617,0.103861,8700223
1,2021-02-18,50165,1262306,25044,604528,25121,657778,0,0,26140,597937,0.068727,23827,332038,0.038164,26358,929975,0.106891,8700223
1,2021-02-19,45498,1307804,24657,629185,20841,678619,0,0,25773,604146,0.06944,19629,351667,0.04042,25838,955813,0.109861,8700223
1,2021-02-20,26921,1334725,16410,645595,10511,689130,0,0,15493,608325,0.069921,11389,363056,0.04173,15568,971381,0.11165,8700223
1,2021-02-21,11450,1346175,10209,655804,1241,690371,0,0,6825,610619,0.070184,4580,367636,0.042256,6874,978255,0.11244,8700223
1,2021-02-22,29882,1376057,19631,675435,10251,700622,0,0,17631,616149,0.07082,12200,379836,0.043658,17730,995985,0.114478,8700223
1,2021-02-23,42865,1418922,20933,696368,21932,722554,0,0,24025,621821,0.071472,18713,398549,0.045809,24385,1020370,0.117281,8700223
1,2021-02-24,52931,1471853,25662,722030,27269,749823,0,0,29732,628899,0.072285,23101,421650,0.048464,30179,1050549,0.12075,8700223
1,2021-02-25,65035,1536888,31658,753688,33377,783200,0,0,40776,646020,0.074253,24157,445807,0.051241,41278,1091827,0.125494,8700223
1,2021-02-26,72952,1609840,34288,787976,38664,821864,0,0,48154,670003,0.07701,24648,470455,0.054074,48631,1140458,0.131084,8700223
1,2021-02-27,50046,1659886,23126,811102,26913,848777,7,7,33334,687004,0.078964,16604,487059,0.055982,33605,1174063,0.134946,8700223
1,2021-02-28,19313,1679199,11465,822567,7847,856624,1,8,14283,696455,0.08005,4972,492031,0.056554,14423,1188486,0.136604,8700223
1,2021-03-01,43955,1723154,20304,842871,23624,880248,27,35,28499,709882,0.081594,15333,507364,0.058316,28760,1217246,0.13991,8700223
1,2021-03-02,61625,1784779,26844,869715,34769,915017,12,47,39766,728526,0.083736,21748,529112,0.060816,40392,1257638,0.144552,8700223
1,2021-03-03,68885,1853664,32654,902369,36214,951231,17,64,41990,744355,0.085556,26770,555882,0.063893,42599,1300237,0.149449,8700223
1,2021-03-04,77126,1930790,36255,938624,40838,992069,33,97,49672,767269,0.08819,27299,583181,0.067031,50213,1350450,0.15522,8700223
1,2021-03-05,76599,2007389,34722,973346,41674,1033743,203,300,51446,794601,0.091331,24949,608130,0.069898,52281,1402731,0.161229,8700223
1,2021-03-06,57014,2064403,27222,1000568,28454,1062197,1338,1638,38867,817087,0.093916,18085,626215,0.071977,40571,1443302,0.165893,8700223
1,2021-03-07,20120,2084523,12816,1013384,6493,1068690,811,2449,15127,828312,0.095206,4975,631190,0.072549,16200,1459502,0.167755,8700223
1,2021-03-08,44139,2128662,21085,1034469,21182,1089872,1872,4321,30945,848352,0.097509,13116,644306,0.074056,33156,1492658,0.171565,8700223
1,2021-03-09,65465,2194127,31593,1066062,31398,1121270,2474,6795,40451,866714,0.09962,24906,669212,0.076919,43268,1535926,0.176539,8700223
1,2021-03-10,72285,2266412,36116,1102178,31799,1153069,4370,11165,44938,889180,0.102202,27213,696425,0.080047,49679,1585605,0.182249,8700223
1,2021-03-11,88652,2355064,40463,1142641,40265,1193334,7924,19089,51974,913088,0.10495,36456,732881,0.084237,60364,1645969,0.189187,8700223
1,2021-03-12,97220,2452284,42590,1185231,42294,1235628,12336,31425,56995,942868,0.108373,40044,772925,0.08884,69824,1715793,0.197213,8700223
1,2021-03-13,64754,2517038,29308,1214539,27726,1263354,7720,39145,41417,969124,0.111391,23231,796156,0.09151,49487,1765280,0.202901,8700223
1,2021-03-14,27526,2544564,14849,1229388,9116,1272470,3561,42706,15643,976697,0.112261,11831,807987,0.09287,19404,1784684,0.205131,8700223
1,2021-03-15,64295,2608859,28130,1257518,29480,1301950,6685,49391,38086,995781,0.114455,26036,834023,0.095862,45120,1829804,0.210317,8700223
1,2021-03-16,84640,2693499,38380,1295898,40714,1342664,5546,54937,52759,1022747,0.117554,31709,865732,0.099507,58675,1888479,0.217061,8700223
1,2021-03-17,91452,2784951,44133,1340031,40793,1383457,6526,61463,58958,1056274,0.121408,32331,898063,0.103223,65858,1954337,0.224631,8700223
1,2021-03-18,97301,2882252,50038,1390069,41660,1425117,5603,67066,59565,1084476,0.124649,37427,935490,0.107525,65629,2019966,0.232174,8700223
1,2021-03-19,102429,2984681,52950,1443019,43362,1468479,6117,73183,60697,1110296,0.127617,41480,976970,0.112293,67300,2087266,0.239909,8700223
1,2021-03-20,71868,3056549,36978,1479997,29667,1498146,5223,78406,46412,1136887,0.130673,25300,1002270,0.1152,51891,2139157,0.245874,8700223
1,2021-03-21,26879,3083428,18768,1498765,6306,1504452,1805,80211,17357,1146686,0.1318,9447,1011717,0.116286,19246,2158403,0.248086,8700223
1,2021-03-22,58498,3141926,30094,1528859,25132,1529584,3272,83483,39743,1171480,0.134649,18574,1030291,0.118421,43368,2201771,0.253071,8700223
1,2021-03-23,82038,3223964,41546,1570405,36888,1566472,3604,87087,51057,1195802,0.137445,30792,1061083,0.12196,55114,2256885,0.259405,8700223
1,2021-03-24,86955,3310919,43883,1614288,38734,1605206,4338,91425,52783,1219149,0.140128,33952,1095035,0.125863,57299,2314184,0.265991,8700223
1,2021-03-25,95549,3406468,48597,1662885,41159,1646365,5793,97218,53938,1237760,0.142268,41337,1136372,0.130614,59948,2374132,0.272882,8700223
1,2021-03-26,103496,3509964,50448,1713333,46788,1693153,6260,103478,56280,1253663,0.144096,46938,1183310,0.136009,62841,2436973,0.280105,8700223
1,2021-03-27,73475,3583439,37938,1751271,31359,1724512,4178,107656,38169,1261103,0.144951,35115,1218425,0.140045,42555,2479528,0.284996,8700223
1,2021-03-28,32468,3615907,21271,1772542,9988,1734500,1209,108865,16597,1263473,0.145223,15770,1234195,0.141858,18140,2497668,0.287081,8700223
1,2021-03-29,66270,3682177,32907,1805449,30263,1764763,3100,111965,36959,1274599,0.146502,29145,1263340,0.145208,40271,2537939,0.29171,8700223
1,2021-03-30,90679,3772856,44701,1850150,39702,1804465,6276,118241,47213,1284871,0.147683,43323,1306663,0.150187,53595,2591534,0.29787,8700223
1,2021-03-31,99610,3872466,52177,1902327,41508,1845973,5925,124166,55324,1302174,0.149671,44029,1350692,0.155248,61332,2652866,0.304919,8700223
1,2021-04-01,110169,3982635,52779,1955106,48994,1894967,8396,132562,56849,1314514,0.15109,52988,1403680,0.161338,65328,2718194,0.312428,8700223
1,2021-04-02,109778,4092413,50099,2005205,50083,1945050,9596,142158,56334,1327604,0.152594,53074,1456754,0.167439,66164,2784358,0.320033,8700223
1,2021-04-03,77388,4169801,38816,2044021,28976,1974026,9596,151754,36191,1332436,0.15315,41040,1497794,0.172156,45872,2830230,0.325305,8700223
1,2021-04-04,23648,4193449,11761,2055782,8430,1982456,3457,155211,9938,1332161,0.153118,13662,1511456,0.173726,13387,2843617,0.326844,8700223
1,2021-04-05,75361,4268810,36228,2092010,30013,2012469,9120,164331,34354,1334984,0.153443,40832,1552288,0.178419,43655,2887272,0.331862,8700223
1,2021-04-06,102597,4371407,48591,2140601,37517,2049986,16489,180820,46648,1342477,0.154304,55708,1607996,0.184822,63201,2950473,0.339126,8700223
1,2021-04-07,110002,4481409,53114,2193715,39498,2089484,17390,198210,50149,1350468,0.155222,59612,1667608,0.191674,67603,3018076,0.346896,8700223
1,2021-04-08,120849,4602258,56968,2250683,43082,2132566,20799,219009,53572,1358013,0.156089,66936,1734544,0.199368,74481,3092557,0.355457,8700223
1,2021-04-09,121555,4723813,55547,2306230,45517,2178083,20491,239500,53785,1365005,0.156893,67454,1801998,0.207121,74446,3167003,0.364014,8700223
1,2021-04-10,94975,4818788,42214,2348444,30192,2208275,22569,262069,37121,1367046,0.157128,57680,1859678,0.213751,59721,3226724,0.370878,8700223
1,2021-04-11,36064,4854852,20134,2368578,9326,2217601,6604,268673,14730,1367235,0.157149,21287,1880965,0.216197,21476,3248200,0.373347,8700223
1,2021-04-12,73175,4928027,32425,2401003,30817,2248418,9933,278606,31092,1366626,0.157079,41846,1922811,0.221007,41237,3289437,0.378087,8700223
1,2021-04-13,96116,5024143,51356,2452359,44426,2292844,334,278940,51981,1375449,0.158094,43890,1966701,0.226052,52713,3342150,0.384145,8700223
1,2021-04-14,103045,5127188,53218,2505577,49758,2342602,69,279009,52548,1378348,0.158427,50172,2016873,0.231819,53071,3395221,0.390245,8700223
1,2021-04-15,104498,5231686,56689,2562266,47722,2390324,87,279096,56092,1386882,0.159408,47893,2064766,0.237323,56427,3451648,0.396731,8700223
1,2021-04-16,108397,5340083,55707,2617973,52603,2442927,87,279183,54433,1388037,0.15954,53542,2118308,0.243477,54697,3506345,0.403018,8700223
1,2021-04-17,81811,5421894,44341,2662314,37464,2480391,9,279192,45954,1398466,0.160739,35698,2154006,0.247581,46127,3552472,0.40832,8700223
1,2021-04-18,28852,5450746,19251,2681565,9594,2489985,7,279199,14648,1399184,0.160822,14135,2168141,0.249205,14853,3567325,0.410027,8700223
1,2021-04-19,64516,5515262,32913,2714478,31591,2521576,12,279211,29247,1393598,0.16018,34974,2203115,0.253225,29388,3596713,0.413405,8700223
1,2021-04-20,85720,5600982,42620,2757098,43080,2564656,20,279231,40689,1389743,0.159736,44767,2247882,0.258371,40912,3637625,0.418107,8700223
1,2021-04-21,91810,5692792,46799,2803897,44917,2609573,94,279325,41220,1381146,0.158748,50120,2298002,0.264131,41523,3679148,0.42288,8700223
1,2021-04-22,94267,5787059,48576,2852473,45675,2655248,16,279341,43425,1374389,0.157972,50415,2348417,0.269926,43658,3722806,0.427898,8700223
1,2021-04-23,97971,5885030,50305,2902778,47641,2702889,25,279366,46569,1370229,0.157494,50975,2399392,0.275785,46815,3769621,0.433279,8700223
1,2021-04-24,74637,5959667,46292,2949070,28322,2731211,23,279389,42401,1380819,0.158711,32089,2431481,0.279473,42679,3812300,0.438184,8700223
1,2021-04-25,26878,5986545,17126,2966196,9742,2740953,10,279399,15423,1385023,0.159194,11362,2442843,0.280779,15566,3827866,0.439973,8700223
1,2021-04-26,64455,6051000,33604,2999800,30452,2771405,399,279798,30917,1383402,0.159008,33278,2476121,0.284604,31657,3859523,0.443612,8700223
1,2021-04-27,77470,6128470,41230,3041030,35037,2806442,1203,281001,33407,1374536,0.157989,43815,2519936,0.28964,34949,3894472,0.447629,8700223
1,2021-04-28,77744,6206214,41178,3082208,35121,2841563,1445,282446,33975,1366689,0.157087,43495,2563431,0.29464,35648,3930120,0.451726,8700223
1,2021-04-29,80835,6287049,44251,3126459,35014,2876577,1570,284016,32712,1353294,0.155547,47839,2611270,0.300138,34444,3964564,0.455685,8700223
1,2021-04-30,88242,6375291,47754,3174213,38678,2915255,1810,285826,36657,1340613,0.154089,51316,2662586,0.306037,38635,4003199,0.460126,8700223
1,2021-05-01,61711,6437002,39960,3214173,20385,2935640,1366,287192,25962,1332587,0.153167,35584,2698170,0.310127,27558,4030757,0.463294,8700223
1,2021-05-02,23158,6460160,16371,3230544,6228,2941868,559,287751,9424,1328967,0.152751,13634,2711804,0.311694,10014,4040771,0.464445,8700223
1,2021-05-03,54029,6514189,30069,3260613,22184,2964052,1776,289527,19547,1316062,0.151268,34284,2746088,0.315634,21379,4062150,0.466902,8700223
1,2021-05-04,72185,6586374,41289,3301902,28863,2992915,2033,291560,25863,1297971,0.149188,46077,2792165,0.32093,27986,4090136,0.470119,8700223
1,2021-05-05,73838,6660212,42353,3344255,29244,3022159,2241,293801,24977,1276684,0.146742,48577,2840742,0.326514,27290,4117426,0.473255,8700223
1,2021-05-06,75814,6736026,45430,3389685,28230,3050389,2154,295955,23834,1251176,0.14381,51656,2892398,0.332451,26148,4143574,0.476261,8700223
1,2021-05-07,79262,6815288,45053,3434738,32069,3082458,2140,298095,26600,1227683,0.141109,52295,2944693,0.338462,28802,4172376,0.479571,8700223
1,2021-05-08,54031,6869319,33754,3468492,18739,3101197,1538,299633,18262,1212079,0.139316,35495,2980188,0.342542,19891,4192267,0.481857,8700223
1,2021-05-09,17651,6886970,12548,3481040,4628,3105825,475,300108,5464,1205938,0.13861,12115,2992303,0.343934,5974,4198241,0.482544,8700223
1,2021-05-10,41672,6928642,20881,3501921,19046,3124871,1745,301853,13957,1194195,0.13726,27536,3019839,0.347099,15793,4214034,0.484359,8700223
1,2021-05-11,58372,6987014,31274,3533195,25078,3149949,2020,303873,19025,1176249,0.135198,39115,3058954,0.351595,21169,4235203,0.486792,8700223
1,2021-05-12,59368,7046382,31406,3564601,25998,3175947,1964,305837,19928,1159051,0.133221,39164,3098118,0.356096,21966,4257169,0.489317,8700223
1,2021-05-13,60775,7107157,35502,3600103,23390,3199337,1883,307720,23150,1147051,0.131842,37308,3135426,0.360385,25308,4282477,0.492226,8700223
1,2021-05-14,73141,7180298,43962,3644065,26868,3226205,2311,310031,29732,1136304,0.130606,43093,3178519,0.365338,32346,4314823,0.495944,8700223
1,2021-05-15,63118,7243416,41710,3685775,19733,3245938,1675,311706,24972,1125116,0.12932,37916,3216435,0.369696,26728,4341551,0.499016,8700223
1,2021-05-16,23956,7267372,17473,3703248,5872,3251810,611,312317,9653,1121213,0.128872,14208,3230643,0.371329,10305,4351856,0.500201,8700223
1,2021-05-17,53040,7320412,32627,3735875,18704,3270514,1709,314026,23078,1116326,0.12831,29735,3260378,0.374746,24848,4376704,0.503057,8700223
1,2021-05-18,63355,7383767,38278,3774153,23309,3293823,1768,315794,28359,1111807,0.127791,34748,3295126,0.37874,30229,4406933,0.506531,8700223
1,2021-05-19,65223,7448990,39722,3813875,23593,3317416,1908,317702,29937,1108710,0.127435,35033,3330159,0.382767,31936,4438869,0.510202,8700223
1,2021-05-20,54753,7503743,31944,3845819,20774,3338190,2035,319737,23421,1103276,0.12681,31080,3361239,0.386339,25646,4464515,0.513149,8700223
1,2021-05-21,60356,7564099,36300,3882119,22304,3360494,1752,321489,26220,1097530,0.12615,33810,3395049,0.390226,28064,4492579,0.516375,8700223
1,2021-05-22,47459,7611558,31801,3913920,14080,3374574,1578,323067,21446,1094833,0.12584,25813,3420862,0.393192,23116,4515695,0.519032,8700223
1,2021-05-23,14857,7626415,11224,3925144,3132,3377706,501,323568,7638,1095857,0.125957,7142,3428004,0.394013,8166,4523861,0.519971,8700223
1,2021-05-24,42016,7668431,23244,3948388,16982,3394688,1790,325358,17141,1090211,0.125308,24664,3452668,0.396848,19018,4542879,0.522157,8700223
1,2021-05-25,49991,7718422,28959,3977347,19402,3414090,1630,326988,21328,1084848,0.124692,28421,3481089,0.400115,23058,4565937,0.524807,8700223
1,2021-05-26,47486,7765908,26956,4004303,18691,3432781,1839,328827,20671,1080892,0.124237,26532,3507621,0.403164,22576,4588513,0.527402,8700223
1,2021-05-27,46193,7812101,26018,4030321,18301,3451082,1874,330701,20480,1077906,0.123894,25454,3533075,0.40609,22468,4610981,0.529984,8700223
1,2021-05-28,51217,7863318,28589,4058910,20887,3471969,1741,332442,23353,1075556,0.123624,27582,3560657,0.40926,25232,4636213,0.532884,8700223
1,2021-05-29,29992,7893310,18210,4077120,10863,3482832,919,333361,14658,1076023,0.123678,15184,3575841,0.411006,15651,4651864,0.534683,8700223
1,2021-05-30,11519,7904829,7454,4084574,3524,3486356,541,333902,5636,1076410,0.123722,5819,3581660,0.411675,6206,4658070,0.535397,8700223
1,2021-05-31,5646,7910475,3227,4087801,2168,3488524,251,334153,1997,1075067,0.123568,3602,3585262,0.412089,2259,4660329,0.535656,8700223
1,2021-06-01,44925,7955400,25454,4113255,17983,3506507,1488,335641,18204,1068423,0.122804,26431,3611693,0.415126,19787,4680116,0.537931,8700223
1,2021-06-02,39216,7994616,22916,4136171,14849,3521356,1451,337092,16512,1064043,0.122301,22434,3634127,0.417705,18054,4698170,0.540006,8700223
1,2021-06-03,40538,8035154,25498,4161669,13438,3534794,1602,338694,16731,1058920,0.121712,23538,3657665,0.42041,18415,4716585,0.542122,8700223
1,2021-06-04,48291,8083445,31085,4192754,15539,3550333,1667,340361,18194,1049065,0.120579,29811,3687476,0.423837,19956,4736541,0.544416,8700223
1,2021-06-05,38857,8122302,26846,4219600,10469,3560802,1542,341903,14516,1041038,0.119656,24153,3711629,0.426613,16126,4752667,0.54627,8700223
1,2021-06-06,12651,8134953,10129,4229729,2053,3562855,469,342372,4678,1038348,0.119347,7907,3719536,0.427522,5217,4757884,0.546869,8700223
1,2021-06-07,32466,8167419,22655,4252384,8589,3571444,1222,343594,11786,1030917,0.118493,20508,3740044,0.429879,13077,4770961,0.548372,8700223
1,2021-06-08,22488,8189907,16454,4268838,5100,3576544,934,344528,7570,1024708,0.11778,14778,3754822,0.431578,8569,4779530,0.549357,8700223
2,2020-12-15,238,238,238,238,0,0,0,0,238,238,2.8e-05,0,0,0.0,238,238,2.8e-05,8407551
2,2020-12-16,2078,2316,2078,2316,0,0,0,0,2077,2315,0.000275,0,0,0.0,2077,2315,0.000275,8407551
2,2020-12-17,6758,9074,6758,9074,0,0,0,0,6759,9074,0.001079,0,0,0.0,6759,9074,0.001079,8407551
2,2020-12-18,10931,20005,10912,19986,19,19,0,0,10933,20007,0.00238,0,0,0.0,10933,20007,0.00238,8407551
2,2020-12-19,5590,25595,5584,25570,6,25,0,0,5591,25598,0.003045,0,0,0.0,5591,25598,0.003045,8407551
2,2020-12-20,4213,29808,4205,29775,8,33,0,0,4209,29807,0.003545,0,0,0.0,4209,29807,0.003545,8407551
2,2020-12-21,12764,42572,12739,42514,25,58,0,0,12719,42526,0.005058,0,0,0.0,12719,42526,0.005058,8407551
2,2020-12-22,12105,54677,11594,54108,511,569,0,0,12104,54630,0.006498,0,0,0.0,12104,54630,0.006498,8407551
2,2020-12-23,11702,66379,9492,63600,2210,2779,0,0,11705,66335,0.00789,1,1,0.0,11706,66336,0.00789,8407551
2,2020-12-24,5861,72240,3495,67095,2366,5145,0,0,5858,72193,0.008587,2,3,0.0,5860,72196,0.008587,8407551
2,2020-12-25,479,72719,401,67496,78,5223,0,0,480,72673,0.008644,0,3,0.0,480,72676,0.008644,8407551
2,2020-12-26,2565,75284,1670,69166,895,6118,0,0,2566,75238,0.008949,1,4,0.0,2566,75242,0.008949,8407551
2,2020-12-27,2225,77509,1209,70375,1016,7134,0,0,2223,77460,0.009213,1,5,1e-06,2223,77465,0.009214,8407551
2,2020-12-28,10980,88489,7145,77520,3835,10969,0,0,10980,88439,0.010519,1,6,1e-06,10980,88445,0.01052,8407551
2,2020-12-29,12660,101149,7131,84651,5529,16498,0,0,12665,101104,0.012025,0,6,1e-06,12665,101110,0.012026,8407551
2,2020-12-30,15349,116498,8631,93282,6718,23216,0,0,15364,116467,0.013853,3,9,1e-06,15366,116476,0.013854,8407551
2,2020-12-31,7518,124016,2815,96097,4703,27919,0,0,7515,123981,0.014746,1,10,1e-06,7515,123991,0.014748,8407551
2,2021-01-01,1153,125169,554,96651,599,28518,0,0,1153,125132,0.014883,2,12,1e-06,1153,125144,0.014885,8407551
2,2021-01-02,4825,129994,2750,99401,2075,30593,0,0,4823,129955,0.015457,0,12,1e-06,4823,129967,0.015458,8407551
2,2021-01-03,1381,131375,789,100190,592,31185,0,0,1375,131326,0.01562,4,16,2e-06,1375,131342,0.015622,8407551
2,2021-01-04,11628,143003,5560,105750,6068,37253,0,0,11612,142930,0.017,8,24,3e-06,11612,142954,0.017003,8407551
2,2021-01-05,13829,156832,6895,112645,6934,44187,0,0,12641,154420,0.018367,1182,1206,0.000143,12672,155626,0.01851,8407551
2,2021-01-06,18943,175775,10448,123093,8495,52682,0,0,15198,165929,0.019736,3697,4903,0.000583,15206,170832,0.020319,8407551
2,2021-01-07,22951,198726,12886,135979,10065,62747,0,0,15535,174049,0.020702,7429,12332,0.001467,15549,186381,0.022168,8407551
2,2021-01-08,26417,225143,15988,151967,10429,73176,0,0,16310,180310,0.021446,10071,22403,0.002665,16332,202713,0.024111,8407551
2,2021-01-09,9744,234887,5666,157633,4078,77254,0,0,6243,183046,0.021772,3515,25918,0.003083,6251,208964,0.024854,8407551
2,2021-01-10,5257,240144,2918,160551,2339,79593,0,0,3043,183864,0.021869,2230,28148,0.003348,3048,212012,0.025217,8407551
2,2021-01-11,25929,266073,17811,178362,8118,87711,0,0,14984,187922,0.022352,10975,39123,0.004653,15033,227045,0.027005,8407551
2,2021-01-12,26121,292194,16240,194602,9881,97592,0,0,16606,195064,0.023201,9537,48660,0.005788,16679,243724,0.028989,8407551
2,2021-01-13,28443,320637,15087,209689,13356,110948,0,0,20501,207657,0.024699,7935,56595,0.006731,20528,264252,0.03143,8407551
2,2021-01-14,30207,350844,11501,221190,18706,129654,0,0,25997,229481,0.027295,4231,60826,0.007235,26055,290307,0.034529,8407551
2,2021-01-15,34957,385801,12710,233900,22247,151901,0,0,31700,257993,0.030686,3261,64087,0.007623,31773,322080,0.038308,8407551
2,2021-01-16,17749,403550,5769,239669,11980,163881,0,0,16433,273095,0.032482,1342,65429,0.007782,16444,338524,0.040264,8407551
2,2021-01-17,10586,414136,3574,243243,7012,170893,0,0,9873,282238,0.03357,738,66167,0.00787,9881,348405,0.04144,8407551
2,2021-01-18,19645,433781,10992,254235,8653,179546,0,0,14869,292369,0.034775,4793,70960,0.00844,14924,363329,0.043215,8407551
2,2021-01-19,32363,466144,16914,271149,15449,194995,0,0,24412,308940,0.036746,7956,78916,0.009386,24527,387856,0.046132,8407551
2,2021-01-20,36981,503125,18522,289671,18459,213454,0,0,28396,328863,0.039115,8563,87479,0.010405,28486,416342,0.04952,8407551
2,2021-01-21,40478,543603,17121,306792,23357,236811,0,0,36051,360674,0.042899,4402,91881,0.010928,36213,452555,0.053827,8407551
2,2021-01-22,39206,582809,16389,323181,22817,259628,0,0,35909,393317,0.046781,3295,95176,0.01132,35938,488493,0.058102,8407551
2,2021-01-23,24045,606854,10807,333988,13238,272866,0,0,21105,411532,0.048948,2917,98093,0.011667,21132,509625,0.060615,8407551
2,2021-01-24,12425,619279,6146,340134,6279,279145,0,0,11512,422155,0.050211,900,98993,0.011774,11523,521148,0.061986,8407551
2,2021-01-25,33750,653029,15576,355710,18174,297319,0,0,24995,438579,0.052165,8701,107694,0.012809,25125,546273,0.064974,8407551
2,2021-01-26,40049,693078,19707,375417,20342,317661,0,0,31089,460808,0.054809,8939,116633,0.013872,31168,577441,0.068681,8407551
2,2021-01-27,45443,738521,22764,398181,22679,340340,0,0,35408,486353,0.057847,9921,126554,0.015052,35466,612907,0.0729,8407551
2,2021-01-28,47885,786406,22563,420744,25322,365662,0,0,39310,517219,0.061518,8519,135073,0.016066,39385,652292,0.077584,8407551
2,2021-01-29,45432,831838,22157,442901,23275,388937,0,0,36860,545675,0.064903,8467,143540,0.017073,36923,689215,0.081976,8407551
2,2021-01-30,31257,863095,13590,456491,17667,406604,0,0,27952,570391,0.067843,3265,146805,0.017461,27981,717196,0.085304,8407551
2,2021-01-31,17251,880346,10348,466839,6903,413507,0,0,16093,585361,0.069623,1142,147947,0.017597,16112,733308,0.08722,8407551
2,2021-02-01,40866,921212,19771,486610,21095,434602,0,0,30112,604798,0.071935,10715,158662,0.018871,30152,763460,0.090806,8407551
2,2021-02-02,47531,968743,19352,505962,28179,462781,0,0,36232,629895,0.07492,11230,169892,0.020207,36327,799787,0.095127,8407551
2,2021-02-03,53799,1022542,23952,529914,29847,492628,0,0,39828,655937,0.078018,13876,183768,0.021857,39918,839705,0.099875,8407551
2,2021-02-04,55794,1078336,24157,554071,31637,524265,0,0,40834,681998,0.081117,14868,198636,0.023626,40929,880634,0.104743,8407551
2,2021-02-05,59524,1137860,26241,580312,33283,557548,0,0,40306,703428,0.083666,19047,217683,0.025891,40477,921111,0.109558,8407551
2,2021-02-06,38866,1176726,18166,598478,20700,578248,0,0,31120,726961,0.086465,7676,225359,0.026804,31209,952320,0.11327,8407551
2,2021-02-07,15756,1192482,10503,608981,5253,583501,0,0,11966,735226,0.087448,3767,229126,0.027252,12032,964352,0.114701,8407551
2,2021-02-08,43020,1235502,22058,631039,20962,604463,0,0,29577,751688,0.089406,13310,242436,0.028836,29772,994124,0.118242,8407551
2,2021-02-09,49184,1284686,23368,654407,25816,630279,0,0,30620,764293,0.090906,18341,260777,0.031017,30946,1025070,0.121923,8407551
2,2021-02-10,59233,1343919,27920,682327,31313,661592,0,0,34541,774764,0.092151,24425,285202,0.033922,34896,1059966,0.126073,8407551
2,2021-02-11,63768,1407687,29493,711820,34275,695867,0,0,35903,783566,0.093198,27590,312792,0.037204,36392,1096358,0.130402,8407551
2,2021-02-12,64893,1472580,28041,739861,36852,732719,0,0,34646,788888,0.093831,29980,342772,0.04077,35302,1131660,0.1346,8407551
2,2021-02-13,37525,1510105,15732,755593,21793,754512,0,0,21733,795284,0.094592,15714,358486,0.042639,22110,1153770,0.13723,8407551
2,2021-02-14,19893,1529998,9298,764891,10595,765107,0,0,11173,798135,0.094931,8679,367165,0.043671,11530,1165300,0.138602,8407551
2,2021-02-15,32913,1562911,14872,779763,18041,783148,0,0,18297,802784,0.095484,14500,381665,0.045396,19149,1184449,0.140879,8407551
2,2021-02-16,55839,1618750,27537,807300,28302,811450,0,0,29482,806665,0.095945,26271,407936,0.04852,30152,1214601,0.144465,8407551
2,2021-02-17,61101,1679851,31525,838825,29576,841026,0,0,30468,807380,0.09603,30575,438511,0.052157,31290,1245891,0.148187,8407551
2,2021-02-18,65736,1745587,33292,872117,32444,873470,0,0,32151,807302,0.096021,33368,471879,0.056126,33290,1279181,0.152147,8407551
2,2021-02-19,58796,1804383,32718,904835,26078,899548,0,0,29292,807841,0.096085,29356,501235,0.059617,29895,1309076,0.155702,8407551
2,2021-02-20,37041,1841424,24165,929000,12876,912424,0,0,20243,812046,0.096585,16720,517955,0.061606,20925,1330001,0.158191,8407551
2,2021-02-21,20623,1862047,17162,946162,3461,915885,0,0,9990,812273,0.096612,10563,528518,0.062862,10790,1340791,0.159475,8407551
2,2021-02-22,37416,1899463,25623,971785,11793,927678,0,0,17933,811491,0.096519,19393,547911,0.065169,18611,1359402,0.161688,8407551
2,2021-02-23,51585,1951048,26387,998172,25198,952876,0,0,22843,807669,0.096065,28559,576470,0.068566,24737,1384139,0.16463,8407551
2,2021-02-24,68317,2019365,35177,1033349,33140,986016,0,0,31578,805003,0.095748,36604,613074,0.072919,33938,1418077,0.168667,8407551
2,2021-02-25,74074,2093439,34955,1068304,39119,1025135,0,0,37823,809584,0.096292,36045,649119,0.077207,40626,1458703,0.173499,8407551
2,2021-02-26,82387,2175826,35183,1103487,47204,1072339,0,0,44657,818953,0.097407,37484,686603,0.081665,46853,1505556,0.179072,8407551
2,2021-02-27,60108,2235934,27815,1131302,32287,1104626,6,6,32903,826176,0.098266,27013,713616,0.084878,34236,1539792,0.183144,8407551
2,2021-02-28,29602,2265536,17794,1149096,11807,1116433,1,7,17510,832515,0.09902,12002,725618,0.086306,18341,1558133,0.185325,8407551
2,2021-03-01,56387,2321923,29716,1178812,26643,1143076,28,35,30942,839466,0.099847,25212,750830,0.089304,32163,1590296,0.189151,8407551
2,2021-03-02,67532,2389455,32557,1211369,34969,1178045,6,41,38309,851035,0.101223,29090,779920,0.092764,40659,1630955,0.193987,8407551
2,2021-03-03,78929,2468384,38165,1249534,40753,1218798,11,52,44629,864103,0.102777,34129,814049,0.096824,47197,1678152,0.199601,8407551
2,2021-03-04,86855,2555239,42871,1292405,43955,1262753,29,81,50243,880327,0.104707,36426,850475,0.101156,52650,1730802,0.205863,8407551
2,2021-03-05,80306,2635545,38116,1330521,41889,1304642,301,382,49430,901743,0.107254,30692,881167,0.104807,52108,1782910,0.212061,8407551
2,2021-03-06,62443,2697988,30541,1361062,30216,1334858,1686,2068,38527,919590,0.109377,23811,904978,0.107639,41658,1824568,0.217015,8407551
2,2021-03-07,27487,2725475,16102,1377164,10415,1345273,970,3038,17751,929744,0.110584,9680,914658,0.10879,19834,1844402,0.219374,8407551
2,2021-03-08,49685,2775160,22874,1400038,24355,1369628,2456,5494,31489,947233,0.112665,18104,932762,0.110943,35593,1879995,0.223608,8407551
2,2021-03-09,69340,2844500,31782,1431820,33792,1403420,3766,9260,38687,960503,0.114243,30542,963304,0.114576,43812,1923807,0.228819,8407551
2,2021-03-10,77236,2921736,36724,1468544,33973,1437393,6539,15799,41254,973841,0.115829,35812,999116,0.118836,49150,1972957,0.234665,8407551
2,2021-03-11,92063,3013799,42533,1511077,41203,1478596,8327,24126,48412,988605,0.117585,43389,1042505,0.123996,58153,2031110,0.241582,8407551
2,2021-03-12,93069,3106868,38423,1549500,42671,1521267,11975,36101,46690,1002540,0.119243,46183,1088688,0.129489,60118,2091228,0.248732,8407551
2,2021-03-13,68273,3175141,28798,1578298,31548,1552815,7927,44028,37663,1018944,0.121194,30499,1119187,0.133117,46903,2138131,0.254311,8407551
2,2021-03-14,36521,3211662,18245,1596543,13754,1566569,4522,48550,18620,1025030,0.121918,17818,1137005,0.135236,23904,2162035,0.257154,8407551
2,2021-03-15,66786,3278448,30196,1626739,31616,1598185,4974,53524,37069,1038647,0.123537,29536,1166541,0.138749,43153,2205188,0.262287,8407551
2,2021-03-16,85665,3364113,37944,1664683,43742,1641927,3979,57503,52226,1062700,0.126398,33283,1199824,0.142708,57336,2262524,0.269106,8407551
2,2021-03-17,91765,3455878,44010,1708693,43622,1685549,4133,61636,58532,1093211,0.130027,33010,1232834,0.146634,63521,2326045,0.276661,8407551
2,2021-03-18,96981,3552859,46332,1755025,46173,1731722,4476,66112,59573,1120686,0.133295,37139,1269973,0.151051,64614,2390659,0.284347,8407551
2,2021-03-19,96753,3649612,45729,1800754,44911,1776633,6113,72225,57829,1146478,0.136363,38664,1308637,0.15565,64456,2455115,0.292013,8407551
2,2021-03-20,69331,3718943,33558,1834312,31851,1808484,3922,76147,45646,1172913,0.139507,23483,1332120,0.158443,49918,2505033,0.29795,8407551
2,2021-03-21,32962,3751905,21336,1855648,9649,1818133,1977,78124,20404,1183267,0.140739,12450,1344570,0.159924,22804,2527837,0.300663,8407551
2,2021-03-22,62281,3814186,34183,1889831,25459,1843592,2639,80763,41533,1207792,0.143656,20544,1365114,0.162368,45069,2572906,0.306023,8407551
2,2021-03-23,82985,3897171,44065,1933896,36021,1879613,2899,83662,52206,1233196,0.146677,30540,1395654,0.166,55944,2628850,0.312677,8407551
2,2021-03-24,91010,3988181,49001,1982897,38863,1918476,3146,86808,54015,1254462,0.149207,36715,1432369,0.170367,57981,2686831,0.319574,8407551
2,2021-03-25,100599,4088780,50787,2033684,45932,1964408,3880,90688,57415,1273637,0.151487,42890,1475259,0.175468,62065,2748896,0.326956,8407551
2,2021-03-26,102751,4191531,51100,2084784,48175,2012583,3476,94164,56707,1289167,0.153334,45716,1520975,0.180906,61246,2810142,0.33424,8407551
2,2021-03-27,75026,4266557,37491,2122275,34243,2046826,3292,97456,37937,1294381,0.153955,36878,1557853,0.185292,42092,2852234,0.339247,8407551
2,2021-03-28,37435,4303992,23123,2145398,13507,2060333,805,98261,20306,1299203,0.154528,17017,1574870,0.187316,21839,2874073,0.341844,8407551
2,2021-03-29,70769,4374761,36068,2181466,32446,2092779,2255,100516,40595,1312950,0.156163,30006,1604876,0.190885,43753,2917826,0.347048,8407551
2,2021-03-30,91401,4466162,44772,2226238,42295,2135074,4334,104850,51682,1330040,0.158196,39531,1644407,0.195587,56621,2974447,0.353783,8407551
2,2021-03-31,100725,4566887,51990,2278228,43662,2178736,5073,109923,57787,1350587,0.16064,42669,1687076,0.200662,63216,3037663,0.361302,8407551
2,2021-04-01,116891,4683778,56532,2334760,51218,2229954,9141,119064,64150,1371912,0.163176,52424,1739500,0.206897,73749,3111412,0.370074,8407551
2,2021-04-02,111086,4794864,51300,2386060,49694,2279648,10092,129156,60119,1391974,0.165562,50630,1790130,0.212919,70692,3182104,0.378482,8407551
2,2021-04-03,76402,4871266,37474,2423534,29169,2308817,9759,138915,38061,1402041,0.16676,38158,1828288,0.217458,48225,3230329,0.384218,8407551
2,2021-04-04,28977,4900243,14893,2438427,10244,2319061,3840,142755,13101,1403233,0.166902,15793,1844081,0.219336,16985,3247314,0.386238,8407551
2,2021-04-05,78629,4978872,38614,2477041,31296,2350357,8719,151474,38359,1410953,0.16782,40129,1884210,0.224109,47849,3295163,0.391929,8407551
2,2021-04-06,103297,5082169,50336,2527377,38304,2388661,14657,166131,49240,1421465,0.16907,53822,1938032,0.230511,64334,3359497,0.399581,8407551
2,2021-04-07,109906,5192075,54862,2582239,38886,2427547,16158,182289,52081,1432445,0.170376,57571,1995603,0.237358,68551,3428048,0.407734,8407551
2,2021-04-08,118805,5310880,57190,2639429,42985,2470532,18630,200919,55362,1443931,0.171742,63145,2058748,0.244869,74631,3502679,0.416611,8407551
2,2021-04-09,118123,5429003,56879,2696308,43247,2513779,17997,218916,56034,1457134,0.173313,61751,2120499,0.252214,74954,3577633,0.425526,8407551
2,2021-04-10,86765,5515768,37584,2733892,30912,2544691,18269,237185,36019,1461605,0.173844,50511,2171010,0.258221,54982,3632615,0.432066,8407551
2,2021-04-11,44212,5559980,22920,2756812,12782,2557473,8510,245695,18116,1463003,0.174011,25971,2196981,0.26131,27369,3659984,0.435321,8407551
2,2021-04-12,79487,5639467,37038,2793850,33129,2590602,9320,255015,35705,1465542,0.174313,43538,2240519,0.266489,46077,3706061,0.440801,8407551
2,2021-04-13,101168,5740635,52432,2846282,48478,2639080,258,255273,55606,1477009,0.175676,45342,2285861,0.271882,56809,3762870,0.447558,8407551
2,2021-04-14,105814,5846449,55378,2901660,50386,2689466,50,255323,54478,1481982,0.176268,51084,2336945,0.277958,56057,3818927,0.454226,8407551
2,2021-04-15,112217,5958666,59612,2961272,52534,2742000,71,255394,59069,1489453,0.177157,52822,2389767,0.284241,60293,3879220,0.461397,8407551
2,2021-04-16,109106,6067772,56654,3017926,52402,2794402,50,255444,55592,1492701,0.177543,53241,2443008,0.290573,56489,3935709,0.468116,8407551
2,2021-04-17,82089,6149861,41721,3059647,40352,2834754,16,255460,46088,1503875,0.178872,35796,2478804,0.294831,46970,3982679,0.473703,8407551
2,2021-04-18,34031,6183892,20374,3080021,13651,2848405,6,255466,16288,1503513,0.178829,17629,2496433,0.296927,17267,3999946,0.475756,8407551
2,2021-04-19,73590,6257482,39707,3119728,33871,2882276,12,255478,33742,1498258,0.178204,39625,2536058,0.301641,34370,4034316,0.479844,8407551
2,2021-04-20,94822,6352304,47341,3167069,47456,2929732,25,255503,46267,1497017,0.178056,48271,2584329,0.307382,47030,4081346,0.485438,8407551
2,2021-04-21,99130,6451434,52516,3219585,46559,2976291,55,255558,47013,1493197,0.177602,51771,2636100,0.31354,47951,4129297,0.491141,8407551
2,2021-04-22,105365,6556799,53988,3273573,51356,3027647,21,255579,46263,1481585,0.176221,58775,2694875,0.32053,47163,4176460,0.496751,8407551
2,2021-04-23,104644,6661443,55144,3328717,49483,3077130,17,255596,48438,1475102,0.17545,55859,2750734,0.327174,49376,4225836,0.502624,8407551
2,2021-04-24,79451,6740894,46937,3375654,32476,3109606,38,255634,41555,1480026,0.176035,37595,2788329,0.331646,42519,4268355,0.507681,8407551
2,2021-04-25,35986,6776880,22246,3397900,13726,3123332,14,255648,19681,1483992,0.176507,16190,2804519,0.333571,20156,4288511,0.510078,8407551
2,2021-04-26,72094,6848974,39700,3437600,32102,3155434,292,255940,33320,1480524,0.176095,38547,2843066,0.338156,35079,4323590,0.514251,8407551
2,2021-04-27,84854,6933828,44496,3482096,39096,3194530,1262,257202,36446,1471359,0.175004,48100,2891166,0.343877,38935,4362525,0.518882,8407551
2,2021-04-28,85778,7019606,45459,3527555,38473,3233003,1846,259048,37886,1464364,0.174172,47618,2938784,0.349541,40623,4403148,0.523714,8407551
2,2021-04-29,88560,7108166,47764,3575319,39110,3272113,1686,260734,34366,1447131,0.172123,53879,2992663,0.355949,36646,4439794,0.528072,8407551
2,2021-04-30,91998,7200164,50628,3625947,39409,3311522,1961,262695,35580,1429275,0.169999,56044,3048707,0.362615,38188,4477982,0.532614,8407551
2,2021-05-01,61351,7261515,37555,3663502,22252,3333774,1544,264239,23884,1418337,0.168698,37208,3085915,0.367041,26270,4504252,0.535739,8407551
2,2021-05-02,29028,7290543,20128,3683630,7929,3341703,971,265210,11054,1412594,0.168015,17857,3103772,0.369165,12114,4516366,0.53718,8407551
2,2021-05-03,59462,7350005,35245,3718875,22185,3363888,2032,267242,19997,1395652,0.166,39231,3143003,0.373831,22289,4538655,0.539831,8407551
2,2021-05-04,77757,7427762,46074,3764949,29321,3393209,2362,269604,25401,1371753,0.163157,52058,3195061,0.380023,28159,4566814,0.54318,8407551
2,2021-05-05,78002,7505764,46055,3811004,29617,3422826,2330,271934,24424,1345603,0.160047,53242,3248303,0.386355,27092,4593906,0.546402,8407551
2,2021-05-06,80471,7586235,48383,3859387,29187,3452013,2901,274835,24646,1318357,0.156806,55424,3303727,0.392948,28178,4622084,0.549754,8407551
2,2021-05-07,81246,7667481,46667,3906054,32166,3484179,2413,277248,25074,1290443,0.153486,55844,3359571,0.39959,27930,4650014,0.553076,8407551
2,2021-05-08,53009,7720490,32067,3938121,19291,3503470,1651,278899,16711,1273422,0.151462,36095,3395666,0.403883,19074,4669088,0.555345,8407551
2,2021-05-09,21265,7741755,15264,3953385,5263,3508733,738,279637,6386,1265970,0.150575,14802,3410468,0.405643,7350,4676438,0.556219,8407551
2,2021-05-10,48660,7790415,26359,3979744,20461,3529194,1840,281477,13891,1247781,0.148412,34521,3444989,0.409749,16332,4692770,0.558161,8407551
2,2021-05-11,62320,7852735,33103,4012847,27225,3556419,1992,283469,18870,1226098,0.145833,43197,3488186,0.414887,21514,4714284,0.56072,8407551
2,2021-05-12,62570,7915305,33194,4046041,27237,3583656,2139,285608,19135,1204589,0.143275,43179,3531365,0.420023,21670,4735954,0.563298,8407551
2,2021-05-13,65295,7980600,37967,4084008,25475,3609131,1853,287461,24059,1190175,0.14156,41015,3572380,0.424901,26601,4762555,0.566462,8407551
2,2021-05-14,77120,8057720,45985,4129993,28930,3638061,2205,289666,30060,1176340,0.139915,46749,3619129,0.430462,32914,4795469,0.570376,8407551
2,2021-05-15,64791,8122511,42537,4172530,20566,3658627,1688,291354,25141,1164106,0.13846,39435,3658564,0.435152,27201,4822670,0.573612,8407551
2,2021-05-16,30405,8152916,22594,4195124,6892,3665519,919,292273,12290,1159444,0.137905,17999,3676563,0.437293,13337,4836007,0.575198,8407551
2,2021-05-17,57096,8210012,36245,4231369,18929,3684448,1922,294195,22964,1150761,0.136872,33939,3710502,0.44133,25256,4861263,0.578202,8407551
2,2021-05-18,68941,8278953,40307,4271676,26691,3711139,1943,296138,28170,1140906,0.1357,40527,3751029,0.44615,30672,4891935,0.58185,8407551
2,2021-05-19,67713,8346666,40107,4311783,25648,3736787,1958,298096,27573,1131037,0.134526,39863,3790892,0.450891,29994,4921929,0.585418,8407551
2,2021-05-20,59073,8405739,34008,4345791,23031,3759818,2034,300130,23142,1121056,0.133339,35689,3826581,0.455136,25708,4947637,0.588475,8407551
2,2021-05-21,62416,8468155,36747,4382538,23690,3783508,1979,302109,24787,1110985,0.132141,37368,3863949,0.459581,27297,4974934,0.591722,8407551
2,2021-05-22,45396,8513551,28980,4411518,14813,3798321,1603,303712,19445,1106724,0.131635,25796,3889745,0.462649,21535,4996469,0.594284,8407551
2,2021-05-23,18076,8531627,13048,4424566,4411,3802732,617,304329,8199,1105827,0.131528,9802,3899547,0.463815,8905,5005374,0.595343,8407551
2,2021-05-24,43158,8574785,24225,4448791,17207,3819939,1726,306055,16521,1097976,0.130594,26435,3925982,0.466959,18584,5023958,0.597553,8407551
2,2021-05-25,50123,8624908,29473,4478264,18805,3838744,1845,307900,19538,1089589,0.129596,30304,3956286,0.470563,21917,5045875,0.60016,8407551
2,2021-05-26,48009,8672917,27015,4505279,19354,3858098,1640,309540,19208,1082348,0.128735,28499,3984785,0.473953,21258,5067133,0.602688,8407551
2,2021-05-27,45881,8718798,26007,4531286,18168,3876266,1706,311246,18780,1076472,0.128036,26883,4011668,0.477151,21007,5088140,0.605187,8407551
2,2021-05-28,49093,8767891,27270,4558556,19904,3896170,1919,313165,20926,1071905,0.127493,27933,4039601,0.480473,23366,5111506,0.607966,8407551
2,2021-05-29,28612,8796503,17158,4575714,10423,3906593,1031,314196,13442,1071559,0.127452,15026,4054627,0.48226,14680,5126186,0.609712,8407551
2,2021-05-30,12478,8808981,8040,4583754,3684,3910277,754,314950,5604,1071177,0.127407,6832,4061459,0.483073,6450,5132636,0.610479,8407551
2,2021-05-31,5859,8814840,3426,4587180,2131,3912408,302,315252,1858,1069435,0.127199,3964,4065423,0.483544,2222,5134858,0.610744,8407551
2,2021-06-01,44037,8858877,25427,4612607,17049,3929457,1561,316813,16353,1060357,0.12612,27415,4092838,0.486805,18337,5153195,0.612925,8407551
2,2021-06-02,37639,8896516,22143,4634750,14111,3943568,1385,318198,15334,1055344,0.125523,22068,4114906,0.48943,17055,5170250,0.614953,8407551
2,2021-06-03,40630,8937146,26195,4660945,13014,3956582,1421,319619,14779,1046322,0.12445,25638,4140544,0.492479,16616,5186866,0.616929,8407551
2,2021-06-04,46809,8983955,30578,4691523,14706,3971288,1525,321144,15660,1033183,0.122888,30894,4171438,0.496154,17755,5204621,0.619041,8407551
2,2021-06-05,36679,9020634,26390,4717913,8996,3980284,1293,322437,11789,1022037,0.121562,24696,4196134,0.499091,13550,5218171,0.620653,8407551
2,2021-06-06,14402,9035036,11791,4729704,2033,3982317,578,323015,4901,1018288,0.121116,9451,4205585,0.500215,5702,5223873,0.621331,8407551
2,2021-06-07,31941,9066977,22478,4752182,8231,3990548,1232,324247,10445,1008899,0.119999,21370,4226955,0.502757,11981,5235854,0.622756,8407551
2,2021-06-08,20763,9087740,15562,4767744,4389,3994937,812,325059,5967,1001280,0.119093,14679,4241634,0.504503,7060,5242914,0.623596,8407551
3,2020-12-15,304,304,304,304,0,0,0,0,304,304,3.7e-05,0,0,0.0,304,304,3.7e-05,8129050
3,2020-12-16,2306,2610,2306,2610,0,0,0,0,2307,2611,0.000321,0,0,0.0,2307,2611,0.000321,8129050
3,2020-12-17,7772,10382,7772,10382,0,0,0,0,7772,10383,0.001277,0,0,0.0,7772,10383,0.001277,8129050
3,2020-12-18,13308,23690,13295,23677,13,13,0,0,13307,23690,0.002914,0,0,0.0,13307,23690,0.002914,8129050
3,2020-12-19,7197,30887,7186,30863,11,24,0,0,7261,30951,0.003807,0,0,0.0,7261,30951,0.003807,8129050
3,2020-12-20,5633,36520,5626,36489,7,31,0,0,5680,36630,0.004506,1,1,0.0,5680,36631,0.004506,8129050
3,2020-12-21,14330,50850,14305,50794,25,56,0,0,14394,51023,0.006277,1,2,0.0,14394,51025,0.006277,8129050
3,2020-12-22,14752,65602,14176,64970,576,632,0,0,14792,65815,0.008096,0,2,0.0,14792,65817,0.008097,8129050
3,2020-12-23,14768,80370,12173,77143,2595,3227,0,0,14794,80609,0.009916,1,3,0.0,14795,80612,0.009917,8129050
3,2020-12-24,6777,87147,4858,82001,1919,5146,0,0,6776,87385,0.01075,0,3,0.0,6776,87388,0.01075,8129050
3,2020-12-25,721,87868,665,82666,56,5202,0,0,720,88105,0.010838,0,3,0.0,720,88108,0.010839,8129050
3,2020-12-26,4606,92474,2992,85658,1614,6816,0,0,4604,92709,0.011405,0,3,0.0,4604,92712,0.011405,8129050
3,2020-12-27,2967,95441,1842,87500,1125,7941,0,0,2967,95676,0.01177,0,3,0.0,2967,95679,0.01177,8129050
3,2020-12-28,13562,109003,8672,96172,4890,12831,0,0,13590,109265,0.013441,1,4,0.0,13590,109269,0.013442,8129050
3,2020-12-29,14950,123953,8430,104602,6520,19351,0,0,14978,124241,0.015284,2,6,1e-06,14978,124247,0.015284,8129050
3,2020-12-30,17965,141918,10004,114606,7961,27312,0,0,17953,142194,0.017492,1,7,1e-06,17954,142201,0.017493,8129050
3,2020-12-31,8393,150311,3221,117827,5172,32484,0,0,8393,150586,0.018524,1,8,1e-06,8393,150594,0.018525,8129050
3,2021-01-01,1256,151567,582,118409,674,33158,0,0,1254,151840,0.018679,0,8,1e-06,1254,151848,0.01868,8129050
3,2021-01-02,4939,156506,2417,120826,2522,35680,0,0,4939,156779,0.019286,0,8,1e-06,4939,156787,0.019287,8129050
3,2021-01-03,1601,158107,842,121668,759,36439,0,0,1590,158364,0.019481,5,13,2e-06,1590,158377,0.019483,8129050
3,2021-01-04,11988,170095,5992,127660,5996,42435,0,0,11935,170265,0.020945,34,47,6e-06,11935,170312,0.020951,8129050
3,2021-01-05,15630,185725,8086,135746,7544,49979,0,0,14018,182709,0.022476,1599,1646,0.000202,14043,184355,0.022679,8129050
3,2021-01-06,20498,206223,10815,146561,9683,59662,0,0,16034,194327,0.023905,4424,6070,0.000747,16042,200397,0.024652,8129050
3,2021-01-07,26431,232654,15094,161655,11337,70999,0,0,17125,202192,0.024873,9277,15347,0.001888,17142,217539,0.026761,8129050
3,2021-01-08,30331,262985,18504,180159,11827,82826,0,0,18021,207954,0.025582,12290,27637,0.0034,18052,235591,0.028981,8129050
3,2021-01-09,12361,275346,6988,187147,5373,88199,0,0,7853,211317,0.025995,4502,32139,0.003954,7865,243456,0.029949,8129050
3,2021-01-10,7168,282514,4454,191601,2714,90913,0,0,4033,212222,0.026107,3133,35272,0.004339,4038,247494,0.030446,8129050
3,2021-01-11,28923,311437,18952,210553,9971,100884,0,0,16327,216004,0.026572,12589,47861,0.005888,16371,263865,0.03246,8129050
3,2021-01-12,32158,343595,19233,229786,12925,113809,0,0,19753,223453,0.027488,12389,60250,0.007412,19838,283703,0.0349,8129050
3,2021-01-13,34319,377914,17927,247713,16392,130201,0,0,24177,237511,0.029218,10143,70393,0.008659,24201,307904,0.037877,8129050
3,2021-01-14,34472,412386,14165,261878,20307,150508,0,0,28601,260305,0.032022,5842,76235,0.009378,28636,336540,0.0414,8129050
3,2021-01-15,38715,451101,14377,276255,24338,174846,0,0,34090,289843,0.035655,4615,80850,0.009946,34153,370693,0.045601,8129050
3,2021-01-16,21631,472732,7486,283741,14145,188991,0,0,19319,306884,0.037752,2298,83148,0.010229,19339,390032,0.04798,8129050
3,2021-01-17,13094,485826,4428,288169,8666,197657,0,0,12061,317932,0.039111,1032,84180,0.010355,12080,402112,0.049466,8129050
3,2021-01-18,24691,510517,12899,301068,11792,209449,0,0,19157,331580,0.04079,5551,89731,0.011038,19199,421311,0.051828,8129050
3,2021-01-19,40793,551310,20851,321919,19942,229391,0,0,31758,354411,0.043598,9009,98740,0.012147,31840,453151,0.055745,8129050
3,2021-01-20,44982,596292,22152,344071,22830,252221,0,0,35694,380934,0.046861,9247,107987,0.013284,35770,488921,0.060145,8129050
3,2021-01-21,47491,643783,20540,364611,26951,279172,0,0,42068,417720,0.051386,5350,113337,0.013942,42136,531057,0.065328,8129050
3,2021-01-22,49488,693271,19731,384342,29757,308929,0,0,45366,459026,0.056467,4125,117462,0.01445,45431,576488,0.070917,8129050
3,2021-01-23,30115,723386,12756,397098,17359,326288,0,0,26848,482667,0.059376,3257,120719,0.01485,26898,603386,0.074226,8129050
3,2021-01-24,17618,741004,8473,405571,9145,335433,0,0,16469,498018,0.061264,1147,121866,0.014991,16498,619884,0.076255,8129050
3,2021-01-25,40640,781644,18157,423728,22483,357916,0,0,30725,518934,0.063837,9896,131762,0.016209,30812,650696,0.080046,8129050
3,2021-01-26,46951,828595,22476,446204,24475,382391,0,0,36924,545944,0.06716,10017,141779,0.017441,37027,687723,0.084601,8129050
3,2021-01-27,51216,879811,24446,470650,26770,409161,0,0,40690,576260,0.070889,10454,152233,0.018727,40770,728493,0.089616,8129050
3,2021-01-28,51524,931335,23949,494599,27575,436736,0,0,42657,610191,0.075063,8785,161018,0.019808,42716,771209,0.094871,8129050
3,2021-01-29,50601,981936,24359,518958,26242,462978,0,0,41037,641895,0.078963,9379,170397,0.020961,41083,812292,0.099925,8129050
3,2021-01-30,36913,1018849,17658,536616,19255,482233,0,0,32221,669556,0.082366,4641,175038,0.021532,32302,844594,0.103898,8129050
3,2021-01-31,22176,1041025,12742,549358,9434,491667,0,0,20825,689058,0.084765,1341,176379,0.021697,20843,865437,0.106462,8129050
3,2021-02-01,45589,1086614,20880,570238,24709,516376,0,0,34881,713308,0.087748,10666,187045,0.023009,34916,900353,0.110757,8129050
3,2021-02-02,54063,1140677,22522,592760,31541,547917,0,0,41705,742791,0.091375,12273,199318,0.024519,41756,942109,0.115894,8129050
3,2021-02-03,59660,1200337,26585,619345,33075,580992,0,0,44390,772139,0.094985,15113,214431,0.026378,44461,986570,0.121364,8129050
3,2021-02-04,64009,1264346,27840,647185,36169,617161,0,0,46980,802390,0.098706,16839,231270,0.02845,47090,1033660,0.127156,8129050
3,2021-02-05,69858,1334204,29699,676884,40159,657320,0,0,48370,829652,0.10206,21274,252544,0.031067,48536,1082196,0.133127,8129050
3,2021-02-06,43385,1377589,21075,697959,22310,679630,0,0,33740,853959,0.10505,9614,262158,0.03225,33921,1116117,0.1373,8129050
3,2021-02-07,19582,1397171,12443,710402,7139,686769,0,0,15071,864659,0.106367,4497,266655,0.032803,15197,1131314,0.139169,8129050
3,2021-02-08,51151,1448322,24791,735193,26360,713129,0,0,33624,881042,0.108382,17425,284080,0.034946,33808,1165122,0.143328,8129050
3,2021-02-09,58260,1506582,28411,763604,29849,742978,0,0,34236,891775,0.109702,23851,307931,0.03788,34584,1199706,0.147583,8129050
3,2021-02-10,67644,1574226,31526,795130,36118,779096,0,0,36685,898251,0.110499,30738,338669,0.041662,37214,1236920,0.15216,8129050
3,2021-02-11,70303,1644529,34729,829859,35574,814670,0,0,37723,904267,0.111239,32241,370910,0.045628,38257,1275177,0.156867,8129050
3,2021-02-12,75039,1719568,32512,862371,42527,857197,0,0,41539,913368,0.112359,33208,404118,0.049713,42309,1317486,0.162071,8129050
3,2021-02-13,44540,1764108,20259,882630,24281,881478,0,0,25727,920959,0.113292,18716,422834,0.052015,26307,1343793,0.165308,8129050
3,2021-02-14,27083,1791191,13524,896154,13559,895037,0,0,15114,924600,0.11374,11921,434755,0.053482,15562,1359355,0.167222,8129050
3,2021-02-15,39827,1831018,17167,913321,22660,917697,0,0,22086,929965,0.1144,17656,452411,0.055654,23021,1382376,0.170054,8129050
3,2021-02-16,69595,1900613,32943,946264,36652,954349,0,0,36240,934008,0.114898,33224,485635,0.059741,37267,1419643,0.174638,8129050
3,2021-02-17,71326,1971939,36126,982390,35200,989549,0,0,33994,931952,0.114645,37122,522757,0.064307,35066,1454709,0.178952,8129050
3,2021-02-18,76436,2048375,39940,1022330,36496,1026045,0,0,35496,927996,0.114158,40799,563556,0.069326,36843,1491552,0.183484,8129050
3,2021-02-19,68312,2116687,39370,1061700,28942,1054987,0,0,34590,929660,0.114363,33621,597177,0.073462,35285,1526837,0.187825,8129050
3,2021-02-20,42003,2158690,26597,1088297,15406,1070393,0,0,22227,932699,0.114737,19685,616862,0.075884,22724,1549561,0.19062,8129050
3,2021-02-21,22761,2181451,18937,1107234,3824,1074217,0,0,10835,932058,0.114658,11858,628720,0.077342,11217,1560778,0.192,8129050
3,2021-02-22,45272,2226723,29513,1136747,15759,1089976,0,0,21448,930242,0.114434,23750,652470,0.080264,21934,1582712,0.194698,8129050
3,2021-02-23,60683,2287406,33132,1169879,27551,1117527,0,0,26828,925342,0.113832,33713,686183,0.084411,28813,1611525,0.198243,8129050
3,2021-02-24,76615,2364021,37551,1207430,39064,1156591,0,0,34181,919757,0.113144,42275,728458,0.089612,36690,1648215,0.202756,8129050
3,2021-02-25,86086,2450107,41915,1249345,44171,1200762,0,0,43211,922908,0.113532,42650,771108,0.094858,45801,1694016,0.20839,8129050
3,2021-02-26,96790,2546897,44232,1293577,52558,1253320,0,0,51422,931491,0.114588,45037,816145,0.100399,53620,1747636,0.214986,8129050
3,2021-02-27,68334,2615231,31503,1325080,36828,1290148,3,3,36411,937469,0.115323,31743,847888,0.104303,37721,1785357,0.219627,8129050
3,2021-02-28,39292,2654523,23014,1348094,16276,1306424,2,5,20715,940708,0.115722,18428,866316,0.10657,21667,1807024,0.222292,8129050
3,2021-03-01,67385,2721908,35902,1383996,31462,1337886,21,26,37674,950190,0.116888,29547,895863,0.110205,39029,1846053,0.227093,8129050
3,2021-03-02,77727,2799635,38521,1422517,39201,1377087,5,31,45554,965761,0.118804,32053,927916,0.114148,47624,1893677,0.232952,8129050
3,2021-03-03,88092,2887727,42153,1464670,45922,1423009,17,48,49247,978620,0.120386,38666,966582,0.118905,51525,1945202,0.23929,8129050
3,2021-03-04,92654,2980381,45586,1510256,47053,1470062,15,63,52745,993941,0.12227,39714,1006296,0.12379,55035,2000237,0.24606,8129050
3,2021-03-05,89070,3069451,43795,1554051,44986,1515048,289,352,54467,1016532,0.125049,34388,1040684,0.12802,56979,2057216,0.25307,8129050
3,2021-03-06,64853,3134304,32868,1586919,29835,1544883,2150,2502,37271,1029977,0.126703,27451,1068135,0.131397,40896,2098112,0.258101,8129050
3,2021-03-07,37411,3171715,22350,1609269,13926,1558809,1135,3637,21582,1038088,0.127701,15775,1083910,0.133338,23886,2121998,0.261039,8129050
3,2021-03-08,58761,3230476,28071,1637340,27833,1586642,2857,6494,37344,1058563,0.13022,21280,1105190,0.135956,41755,2163753,0.266175,8129050
3,2021-03-09,76198,3306674,35399,1672739,36432,1623074,4367,10861,41214,1070447,0.131682,34871,1140061,0.140245,46755,2210508,0.271927,8129050
3,2021-03-10,82196,3388870,41188,1713927,34964,1658038,6044,16905,43093,1082072,0.133112,38918,1178979,0.145033,50543,2261051,0.278145,8129050
3,2021-03-11,96359,3485229,47105,1761032,40710,1698748,8544,25449,47446,1090492,0.134148,48681,1227660,0.151021,57101,2318152,0.285169,8129050
3,2021-03-12,101405,3586634,45320,1806352,44237,1742985,11848,37297,46630,1095568,0.134772,54591,1282251,0.157737,59667,2377819,0.292509,8129050
3,2021-03-13,69493,3656127,29591,1835943,32688,1775673,7214,44511,36590,1107955,0.136296,32795,1315046,0.161771,45182,2423001,0.298067,8129050
3,2021-03-14,40722,3696849,21511,1857454,15659,1791332,3552,48063,20803,1113094,0.136928,19856,1334902,0.164214,24995,2447996,0.301142,8129050
3,2021-03-15,75167,3772016,35730,1893184,34911,1826243,4526,52589,39769,1123179,0.138169,35218,1370120,0.168546,45303,2493299,0.306715,8129050
3,2021-03-16,94548,3866564,43614,1936798,46627,1872870,4307,56896,53504,1141070,0.140369,40851,1410971,0.173571,58742,2552041,0.313941,8129050
3,2021-03-17,97312,3963876,47269,1984067,45578,1918448,4465,61361,59442,1167985,0.14368,37666,1448637,0.178205,64581,2616622,0.321885,8129050
3,2021-03-18,102435,4066311,52072,2036139,45947,1964395,4416,65777,59335,1189425,0.146318,42868,1491505,0.183478,64308,2680930,0.329796,8129050
3,2021-03-19,102454,4168765,54937,2091076,43084,2007479,4433,70210,57708,1207595,0.148553,44509,1536014,0.188954,62679,2743609,0.337507,8129050
3,2021-03-20,71148,4239913,36760,2127836,30794,2038273,3594,73804,44164,1229036,0.151191,26820,1562834,0.192253,48261,2791870,0.343444,8129050
3,2021-03-21,35824,4275737,24444,2152280,9883,2048156,1497,75301,22402,1240063,0.152547,13346,1576180,0.193895,24373,2816243,0.346442,8129050
3,2021-03-22,69905,4345642,41095,2193375,26290,2074446,2520,77821,44853,1263595,0.155442,24854,1601034,0.196952,48386,2864629,0.352394,8129050
3,2021-03-23,89205,4434847,49277,2242652,37402,2111848,2526,80347,55116,1288092,0.158455,33854,1634888,0.201117,58351,2922980,0.359572,8129050
3,2021-03-24,98189,4533036,56604,2299256,38703,2150551,2882,83229,56582,1306884,0.160767,41282,1676170,0.206195,60074,2983054,0.366962,8129050
3,2021-03-25,106777,4639813,59333,2358589,44509,2195060,2935,86164,60691,1325375,0.163042,45788,1721958,0.211828,64279,3047333,0.37487,8129050
3,2021-03-26,109944,4749757,59042,2417631,47636,2242696,3266,89430,57319,1334466,0.16416,52342,1774300,0.218267,61433,3108766,0.382427,8129050
3,2021-03-27,73999,4823756,37667,2455298,33791,2276487,2541,91971,36215,1336298,0.164386,37595,1811895,0.222891,39427,3148193,0.387277,8129050
3,2021-03-28,43978,4867734,27829,2483127,15339,2291826,810,92781,22455,1338645,0.164674,21420,1833315,0.225526,23767,3171960,0.390201,8129050
3,2021-03-29,80263,4947997,41972,2525099,36455,2328281,1836,94617,44327,1349894,0.166058,35725,1869040,0.229921,46974,3218934,0.395979,8129050
3,2021-03-30,99734,5047731,49052,2574151,47063,2375344,3619,98236,56208,1367026,0.168166,43295,1912335,0.235247,60427,3279361,0.403413,8129050
3,2021-03-31,104556,5152287,56455,2630606,43287,2418631,4814,103050,56429,1380666,0.169843,47942,1960277,0.241145,61582,3340943,0.410988,8129050
3,2021-04-01,122983,5275270,62251,2692857,51079,2469710,9653,112703,66897,1401792,0.172442,55771,2016048,0.248005,76897,3417840,0.420448,8129050
3,2021-04-02,117452,5392722,57398,2750255,49795,2519505,10259,122962,62418,1420183,0.174705,54791,2070839,0.254746,73182,3491022,0.42945,8129050
3,2021-04-03,75805,5468527,38778,2789033,27829,2547334,9198,132160,37902,1429844,0.175893,37781,2108620,0.259393,47442,3538464,0.435286,8129050
3,2021-04-04,32316,5500843,17275,2806308,10850,2558184,4191,136351,14228,1430285,0.175947,18019,2126639,0.26161,18460,3556924,0.437557,8129050
3,2021-04-05,88783,5589626,45136,2851444,34583,2592767,9064,145415,43650,1438883,0.177005,44948,2171587,0.267139,53546,3610470,0.444144,8129050
3,2021-04-06,112865,5702491,54987,2906431,42763,2635530,15115,160530,53361,1448834,0.178229,59265,2230852,0.27443,69216,3679686,0.452659,8129050
3,2021-04-07,115805,5818296,59948,2966379,39620,2675150,16237,176767,56325,1462433,0.179902,59256,2290108,0.281719,72855,3752541,0.461621,8129050
3,2021-04-08,121074,5939370,60304,3026683,40732,2715882,20038,196805,56468,1475401,0.181497,64341,2354449,0.289634,77309,3829850,0.471131,8129050
3,2021-04-09,117801,6057171,58718,3085401,40023,2755905,19060,215865,51936,1481682,0.18227,65656,2420105,0.297711,71937,3901787,0.479981,8129050
3,2021-04-10,83348,6140519,37669,3123070,30505,2786410,15174,231039,34108,1482716,0.182397,49090,2469195,0.30375,50124,3951911,0.486147,8129050
3,2021-04-11,44978,6185497,24174,3147244,12817,2799227,7987,239026,17207,1481069,0.182195,27691,2496886,0.307156,26044,3977955,0.489351,8129050
3,2021-04-12,83525,6269022,42235,3189479,32584,2831811,8706,247732,38141,1483864,0.182538,45187,2542073,0.312715,47982,4025937,0.495253,8129050
3,2021-04-13,104817,6373839,56774,3246253,47832,2879643,211,247943,55601,1491589,0.183489,49017,2591090,0.318745,56742,4082679,0.502233,8129050
3,2021-04-14,106560,6480399,58240,3304493,48226,2927869,94,248037,53366,1493590,0.183735,52946,2644036,0.325258,54947,4137626,0.508993,8129050
3,2021-04-15,118262,6598661,66591,3371084,51607,2979476,64,248101,63771,1504036,0.18502,54246,2698282,0.331931,64692,4202318,0.516951,8129050
3,2021-04-16,113959,6712620,63967,3435051,49901,3029377,91,248192,59657,1510393,0.185802,54055,2752337,0.33858,60412,4262730,0.524382,8129050
3,2021-04-17,78018,6790638,42680,3477731,35326,3064703,12,248204,43493,1520515,0.187047,34348,2786685,0.342806,44470,4307200,0.529853,8129050
3,2021-04-18,36924,6827562,21937,3499668,14984,3079687,3,248207,17358,1519262,0.186893,19485,2806170,0.345203,18232,4325432,0.532096,8129050
3,2021-04-19,78048,6905610,43633,3543301,34364,3114051,51,248258,35277,1512502,0.186061,42623,2848793,0.350446,35863,4361295,0.536507,8129050
3,2021-04-20,97995,7003605,50773,3594074,47207,3161258,15,248273,47788,1511343,0.185919,50004,2898797,0.356597,48845,4410140,0.542516,8129050
3,2021-04-21,101133,7104738,55619,3649693,45449,3206707,65,248338,47939,1507422,0.185436,52907,2951704,0.363106,48986,4459126,0.548542,8129050
3,2021-04-22,108848,7213586,60605,3710298,48222,3254929,21,248359,46964,1493756,0.183755,61602,3013306,0.370684,47936,4507062,0.554439,8129050
3,2021-04-23,103228,7316814,58431,3768729,44774,3299703,23,248382,45300,1482455,0.182365,57621,3070927,0.377772,46320,4553382,0.560137,8129050
3,2021-04-24,72897,7389711,45186,3813915,27651,3327354,60,248442,35597,1482030,0.182313,37065,3107992,0.382332,36640,4590022,0.564644,8129050
3,2021-04-25,36225,7425936,23341,3837256,12870,3340224,14,248456,18686,1483702,0.182518,17422,3125414,0.384475,19094,4609116,0.566993,8129050
3,2021-04-26,71839,7497775,40325,3877581,31129,3371353,385,248841,30733,1475303,0.181485,40883,3166297,0.389504,32484,4641600,0.570989,8129050
3,2021-04-27,87678,7585453,45773,3923354,40310,3411663,1595,250436,34904,1460065,0.179611,52516,3218813,0.395964,37278,4678878,0.575575,8129050
3,2021-04-28,84702,7670155,47634,3970988,34952,3446615,2116,252552,34711,1447687,0.178088,49742,3268555,0.402083,37364,4716242,0.580171,8129050
3,2021-04-29,86758,7756913,49147,4020135,35426,3482041,2185,254737,30911,1425670,0.17538,55593,3324148,0.408922,33576,4749818,0.584302,8129050
3,2021-04-30,88301,7845214,49523,4069658,36319,3518360,2459,257196,32747,1406049,0.172966,55284,3379432,0.415723,35663,4785481,0.588689,8129050
3,2021-05-01,54524,7899738,34391,4104049,18695,3537055,1438,258634,19631,1392879,0.171346,34718,3414150,0.419994,21548,4807029,0.59134,8129050
3,2021-05-02,26727,7926465,18226,4122275,7490,3544545,1011,259645,9809,1386954,0.170617,16847,3430997,0.422066,10922,4817951,0.592683,8129050
3,2021-05-03,58830,7985295,34469,4156744,22021,3566566,2340,261985,17262,1365333,0.167957,41401,3472398,0.427159,19780,4837731,0.595116,8129050
3,2021-05-04,75520,8060815,43176,4199920,29707,3596273,2637,264622,22093,1337169,0.164493,53173,3525571,0.4337,25009,4862740,0.598193,8129050
3,2021-05-05,76789,8137604,45649,4245569,28470,3624743,2670,267292,21384,1306351,0.160702,55129,3580700,0.440482,24311,4887051,0.601184,8129050
3,2021-05-06,81352,8218956,51068,4296637,27770,3652513,2514,269806,20340,1269158,0.156126,60601,3641301,0.447937,23408,4910459,0.604063,8129050
3,2021-05-07,80438,8299394,49801,4346438,28029,3680542,2608,272414,21475,1234873,0.151909,58656,3699957,0.455152,24371,4934830,0.607061,8129050
3,2021-05-08,50296,8349690,31000,4377438,17665,3698207,1631,274045,13481,1213651,0.149298,36591,3736548,0.459654,15369,4950199,0.608952,8129050
3,2021-05-09,20335,8370025,14756,4392194,4796,3703003,783,274828,5571,1205386,0.148281,14686,3751234,0.46146,6421,4956620,0.609742,8129050
3,2021-05-10,46659,8416684,24857,4417051,19913,3722916,1889,276717,11086,1183218,0.145554,35399,3786633,0.465815,13231,4969851,0.611369,8129050
3,2021-05-11,60273,8476957,33116,4450167,25103,3748019,2054,278771,15302,1156233,0.142235,44776,3831409,0.471323,17791,4987642,0.613558,8129050
3,2021-05-12,61994,8538951,35336,4485503,24333,3772352,2325,281096,16768,1130605,0.139082,45015,3876424,0.476861,19387,5007029,0.615943,8129050
3,2021-05-13,69125,8608076,43570,4529073,23760,3796112,1795,282891,25373,1114804,0.137138,43546,3919970,0.482217,27745,5034774,0.619356,8129050
3,2021-05-14,78063,8686139,49275,4578348,26672,3822784,2116,285007,30780,1101252,0.135471,47041,3967011,0.488004,33489,5068263,0.623475,8129050
3,2021-05-15,60682,8746821,41762,4620110,17726,3840510,1194,286201,25116,1092375,0.134379,35397,4002408,0.492359,26520,5094783,0.626738,8129050
3,2021-05-16,31516,8778337,23592,4643702,7241,3847751,683,286884,12657,1087030,0.133722,18763,4021171,0.494667,13418,5108201,0.628388,8129050
3,2021-05-17,56117,8834454,35756,4679458,18553,3866304,1808,288692,21209,1075581,0.132313,34665,4055836,0.498931,23216,5131417,0.631244,8129050
3,2021-05-18,63363,8897817,37504,4716962,24030,3890334,1829,290521,24626,1063954,0.130883,38491,4094327,0.503666,26864,5158281,0.634549,8129050
3,2021-05-19,62600,8960417,38219,4755181,22671,3913005,1710,292231,25145,1053846,0.12964,37230,4131557,0.508246,27122,5185403,0.637885,8129050
3,2021-05-20,51512,9011929,30289,4785470,19616,3932621,1607,293838,19081,1042616,0.128258,32202,4163759,0.512207,20972,5206375,0.640465,8129050
3,2021-05-21,56290,9068219,34553,4820023,19879,3952500,1858,295696,20795,1030262,0.126738,35265,4199024,0.516545,22911,5229286,0.643284,8129050
3,2021-05-22,38367,9106586,25927,4845950,11159,3963659,1281,296977,16525,1026580,0.126285,21692,4220716,0.519214,18010,5247296,0.645499,8129050
3,2021-05-23,15756,9122342,11641,4857591,3572,3967231,543,297520,7343,1026184,0.126237,8358,4229074,0.520242,7962,5255258,0.646479,8129050
3,2021-05-24,38424,9160766,22343,4879934,14369,3981600,1712,299232,14407,1018647,0.125309,23853,4252927,0.523176,16316,5271574,0.648486,8129050
3,2021-05-25,42274,9203040,23866,4903800,16765,3998365,1643,300875,15505,1009472,0.124181,26546,4279473,0.526442,17371,5288945,0.650623,8129050
3,2021-05-26,41361,9244401,23535,4927335,16149,4014514,1677,302552,15898,1002022,0.123264,25190,4304663,0.529541,17740,5306685,0.652805,8129050
3,2021-05-27,38705,9283106,21620,4948955,15338,4029852,1747,304299,15394,996263,0.122556,23170,4327833,0.532391,17411,5324096,0.654947,8129050
3,2021-05-28,42062,9325168,23867,4972822,16451,4046303,1744,306043,17731,991924,0.122022,24162,4351995,0.535363,19823,5343919,0.657385,8129050
3,2021-05-29,23117,9348285,14127,4986949,8169,4054472,821,306864,11151,992183,0.122054,11857,4363852,0.536822,12116,5356035,0.658876,8129050
3,2021-05-30,10504,9358789,6815,4993764,3058,4057530,631,307495,4569,991560,0.121977,5875,4369727,0.537545,5252,5361287,0.659522,8129050
3,2021-05-31,4611,9363400,2670,4996434,1674,4059204,267,307762,1502,990272,0.121819,3085,4372812,0.537924,1797,5363084,0.659743,8129050
3,2021-06-01,37267,9400667,21514,5017948,14341,4073545,1412,309174,14016,982878,0.120909,23065,4395877,0.540761,15671,5378755,0.661671,8129050
3,2021-06-02,31178,9431845,17943,5035891,11829,4085374,1406,310580,12105,977665,0.120268,18889,4414766,0.543085,13676,5392431,0.663353,8129050
3,2021-06-03,38978,9470823,26650,5062541,10918,4096292,1410,311990,12824,966158,0.118853,25989,4440755,0.546282,14482,5406913,0.665135,8129050
3,2021-06-04,45188,9516011,32043,5094584,11648,4107940,1497,313487,13564,950237,0.116894,31420,4472175,0.550147,15499,5422412,0.667041,8129050
3,2021-06-05,33545,9549556,25439,5120023,6929,4114869,1177,314664,8819,935902,0.115131,24542,4496717,0.553166,10207,5432619,0.668297,8129050
3,2021-06-06,13871,9563427,11572,5131595,1754,4116623,545,315209,4001,930806,0.114504,9816,4506533,0.554374,4720,5437339,0.668878,8129050
3,2021-06-07,28901,9592328,21066,5152661,6644,4123267,1191,316400,8404,920156,0.113194,20387,4526920,0.556882,9737,5447076,0.670075,8129050
3,2021-06-08,16092,9608420,12029,5164690,3352,4126619,711,317111,4210,913433,0.112367,11767,4538687,0.558329,5044,5452120,0.670696,8129050
4,2020-12-15,449,449,449,449,0,0,0,0,449,449,5.6e-05,0,0,0.0,449,449,5.6e-05,8037679
4,2020-12-16,2999,3448,2999,3448,0,0,0,0,2999,3448,0.000429,0,0,0.0,2999,3448,0.000429,8037679
4,2020-12-17,8824,12272,8824,12272,0,0,0,0,8824,12272,0.001527,0,0,0.0,8824,12272,0.001527,8037679
4,2020-12-18,15946,28218,15937,28209,9,9,0,0,15946,28218,0.003511,0,0,0.0,15946,28218,0.003511,8037679
4,2020-12-19,10259,38477,10251,38460,8,17,0,0,10194,38412,0.004779,0,0,0.0,10194,38412,0.004779,8037679
4,2020-12-20,7372,45849,7365,45825,7,24,0,0,7327,45739,0.005691,0,0,0.0,7327,45739,0.005691,8037679
4,2020-12-21,16307,62156,16283,62108,24,48,0,0,16241,61980,0.007711,0,0,0.0,16241,61980,0.007711,8037679
4,2020-12-22,17169,79325,16435,78543,734,782,0,0,17124,79104,0.009842,0,0,0.0,17124,79104,0.009842,8037679
4,2020-12-23,17058,96383,14356,92899,2702,3484,0,0,17030,96133,0.01196,1,1,0.0,17030,96134,0.01196,8037679
4,2020-12-24,8570,104953,5979,98878,2591,6075,0,0,8569,104701,0.013026,1,2,0.0,8569,104703,0.013027,8037679
4,2020-12-25,903,105856,798,99676,105,6180,0,0,903,105604,0.013139,0,2,0.0,903,105606,0.013139,8037679
4,2020-12-26,6170,112026,3891,103567,2279,8459,0,0,6170,111774,0.013906,0,2,0.0,6170,111776,0.013907,8037679
4,2020-12-27,3431,115457,1999,105566,1432,9891,0,0,3431,115205,0.014333,0,2,0.0,3431,115207,0.014333,8037679
4,2020-12-28,15011,130468,9275,114841,5736,15627,0,0,14981,130185,0.016197,1,3,0.0,14981,130188,0.016197,8037679
4,2020-12-29,15311,145779,8473,123314,6838,22465,0,0,15277,145462,0.018098,0,3,0.0,15277,145465,0.018098,8037679
4,2020-12-30,18896,164675,11051,134365,7845,30310,0,0,18885,164345,0.020447,2,5,1e-06,18885,164350,0.020447,8037679
4,2020-12-31,8224,172899,3326,137691,4898,35208,0,0,8218,172560,0.021469,3,8,1e-06,8218,172568,0.02147,8037679
4,2021-01-01,1370,174269,601,138292,769,35977,0,0,1368,173926,0.021639,2,10,1e-06,1368,173936,0.02164,8037679
4,2021-01-02,5706,179975,3224,141516,2482,38459,0,0,5705,179630,0.022348,1,11,1e-06,5705,179641,0.02235,8037679
4,2021-01-03,2130,182105,1263,142779,867,39326,0,0,2113,181738,0.022611,5,16,2e-06,2113,181754,0.022613,8037679
4,2021-01-04,12986,195091,7076,149855,5910,45236,0,0,12910,194590,0.02421,58,74,9e-06,12910,194664,0.024219,8037679
4,2021-01-05,16864,211955,9979,159834,6885,52121,0,0,14759,207281,0.025789,2081,2155,0.000268,14772,209436,0.026057,8037679
4,2021-01-06,21521,233476,13189,173023,8332,60453,0,0,15543,216912,0.026987,5926,8081,0.001005,15557,224993,0.027992,8037679
4,2021-01-07,27901,261377,17014,190037,10887,71340,0,0,16838,222771,0.027716,11005,19086,0.002375,16864,241857,0.03009,8037679
4,2021-01-08,32822,294199,21094,211131,11728,83068,0,0,18320,226710,0.028206,14433,33519,0.00417,18372,260229,0.032376,8037679
4,2021-01-09,16249,310448,9625,220756,6624,89692,0,0,9447,229400,0.028541,6783,40302,0.005014,9473,269702,0.033555,8037679
4,2021-01-10,8741,319189,5650,226406,3091,92783,0,0,4124,228936,0.028483,4599,44901,0.005586,4135,273837,0.034069,8037679
4,2021-01-11,33338,352527,21859,248265,11479,104262,0,0,18789,233259,0.029021,14510,59411,0.007392,18833,292670,0.036412,8037679
4,2021-01-12,38357,390884,22067,270332,16290,120552,0,0,24284,243557,0.030302,14026,73437,0.009137,24324,316994,0.039438,8037679
4,2021-01-13,38602,429486,19025,289357,19577,140129,0,0,27327,259711,0.032312,11221,84658,0.010533,27375,344369,0.042844,8037679
4,2021-01-14,39030,468516,14906,304263,24124,164253,0,0,31960,284678,0.035418,7023,91681,0.011406,31990,376359,0.046824,8037679
4,2021-01-15,45231,513747,15694,319957,29537,193790,0,0,39703,318927,0.039679,5475,97156,0.012088,39724,416083,0.051767,8037679
4,2021-01-16,28612,542359,9372,329329,19240,213030,0,0,25495,341361,0.04247,3080,100236,0.012471,25514,441597,0.054941,8037679
4,2021-01-17,19073,561432,6697,336026,12376,225406,0,0,17552,357432,0.04447,1496,101732,0.012657,17567,459164,0.057126,8037679
4,2021-01-18,29420,590852,13632,349658,15788,241194,0,0,23445,375024,0.046658,5881,107613,0.013389,23473,482637,0.060047,8037679
4,2021-01-19,46060,636912,23152,372810,22908,264102,0,0,36723,402538,0.050081,9283,116896,0.014544,36797,519434,0.064625,8037679
4,2021-01-20,51704,688616,27392,400202,24312,288414,0,0,41306,433600,0.053946,10301,127197,0.015825,41363,560797,0.069771,8037679
4,2021-01-21,56542,745158,25008,425210,31534,319948,0,0,50131,477424,0.059398,6351,133548,0.016615,50175,610972,0.076013,8037679
4,2021-01-22,55019,800177,22085,447295,32934,352882,0,0,49928,522385,0.064992,4996,138544,0.017237,49957,660929,0.082229,8037679
4,2021-01-23,39470,839647,17400,464695,22070,374952,0,0,35161,553275,0.068835,4300,142844,0.017772,35190,696119,0.086607,8037679
4,2021-01-24,23928,863575,10499,475194,13429,388381,0,0,22051,573474,0.071348,1869,144713,0.018004,22068,718187,0.089353,8037679
4,2021-01-25,47952,911527,22140,497334,25812,414193,0,0,36860,599331,0.074565,11061,155774,0.01938,36918,755105,0.093946,8037679
4,2021-01-26,56744,968271,28942,526276,27802,441995,0,0,44523,631751,0.078599,12167,167941,0.020894,44587,799692,0.099493,8037679
4,2021-01-27,56161,1024432,26762,553038,29399,471394,0,0,45233,666187,0.082883,10856,178797,0.022245,45292,844984,0.105128,8037679
4,2021-01-28,56448,1080880,25520,578558,30928,502322,0,0,46524,702929,0.087454,9836,188633,0.023469,46578,891562,0.110923,8037679
4,2021-01-29,56393,1137273,27080,605638,29313,531635,0,0,46093,738899,0.091929,10158,198791,0.024732,46128,937690,0.116662,8037679
4,2021-01-30,37650,1174923,17168,622806,20482,552117,0,0,32328,765977,0.095298,5274,204065,0.025389,32352,970042,0.120687,8037679
4,2021-01-31,23900,1198823,12557,635363,11343,563460,0,0,22292,786695,0.097876,1591,205656,0.025586,22309,992351,0.123462,8037679
4,2021-02-01,49692,1248515,24077,659440,25615,589075,0,0,38086,813255,0.10118,11565,217221,0.027025,38125,1030476,0.128206,8037679
4,2021-02-02,55296,1303811,25461,684901,29835,618910,0,0,42486,843037,0.104886,12747,229968,0.028611,42529,1073005,0.133497,8037679
4,2021-02-03,61896,1365707,30446,715347,31450,650360,0,0,47642,876590,0.10906,14144,244112,0.030371,47697,1120702,0.139431,8037679
4,2021-02-04,67385,1433092,31379,746726,36006,686366,0,0,50729,910920,0.113331,16506,260618,0.032425,50836,1171538,0.145756,8037679
4,2021-02-05,72962,1506054,33863,780589,39099,725465,0,0,50904,940151,0.116968,21811,282429,0.035138,51042,1222580,0.152106,8037679
4,2021-02-06,48273,1554327,26225,806814,22048,747513,0,0,36785,965680,0.120144,11456,293885,0.036563,36985,1259565,0.156708,8037679
4,2021-02-07,26459,1580786,17502,824316,8957,756470,0,0,20047,979578,0.121873,6387,300272,0.037358,20285,1279850,0.159231,8037679
4,2021-02-08,58486,1639272,30125,854441,28361,784831,0,0,38113,997709,0.124129,20246,320518,0.039877,38377,1318227,0.164006,8037679
4,2021-02-09,67072,1706344,34175,888616,32897,817728,0,0,39401,1009912,0.125647,27601,348119,0.043311,39804,1358031,0.168958,8037679
4,2021-02-10,77089,1783433,38576,927192,38513,856241,0,0,40989,1015571,0.126351,35871,383990,0.047774,41530,1399561,0.174125,8037679
4,2021-02-11,81048,1864481,42325,969517,38723,894964,0,0,41905,1019222,0.126806,38922,422912,0.052616,42573,1442134,0.179422,8037679
4,2021-02-12,84062,1948543,37655,1007172,46407,941371,0,0,43352,1022847,0.127257,40513,463425,0.057657,44138,1486272,0.184913,8037679
4,2021-02-13,58469,2007012,29691,1036863,28778,970149,0,0,29838,1025075,0.127534,28506,491931,0.061203,30734,1517006,0.188737,8037679
4,2021-02-14,36652,2043664,19011,1055874,17641,987790,0,0,18839,1026810,0.12775,17762,509693,0.063413,19497,1536503,0.191163,8037679
4,2021-02-15,46006,2089670,21547,1077421,24459,1012249,0,0,23679,1029403,0.128072,22264,531957,0.066183,24857,1561360,0.194255,8037679
4,2021-02-16,79835,2169505,36570,1113991,43265,1055514,0,0,40696,1032275,0.128429,39043,571000,0.07104,41915,1603275,0.19947,8037679
4,2021-02-17,81190,2250695,38309,1152300,42881,1098395,0,0,38739,1029851,0.128128,42291,613291,0.076302,39867,1643142,0.20443,8037679
4,2021-02-18,82993,2333688,45662,1197962,37331,1135726,0,0,38420,1025326,0.127565,44422,657713,0.081829,39897,1683039,0.209394,8037679
4,2021-02-19,82306,2415994,51744,1249706,30562,1166288,0,0,41286,1026427,0.127702,40883,698596,0.086915,41984,1725023,0.214617,8037679
4,2021-02-20,48834,2464828,32550,1282256,16284,1182572,0,0,26704,1031748,0.128364,22076,720672,0.089662,27397,1752420,0.218026,8037679
4,2021-02-21,29161,2493989,23425,1305681,5736,1188308,0,0,14067,1031069,0.128279,15031,735703,0.091532,14352,1766772,0.219811,8037679
4,2021-02-22,52995,2546984,36388,1342069,16607,1204915,0,0,25737,1030089,0.128158,27167,762870,0.094912,26187,1792959,0.223069,8037679
4,2021-02-23,73737,2620721,40920,1382989,32817,1237732,0,0,32533,1023216,0.127302,41075,803945,0.100022,34202,1827161,0.227324,8037679
4,2021-02-24,88643,2709364,46815,1429804,41828,1279560,0,0,40066,1017066,0.126537,48371,852316,0.10604,42221,1869382,0.232577,8037679
4,2021-02-25,99807,2809171,52107,1481911,47700,1327260,0,0,47905,1015775,0.126377,51750,904066,0.112478,50459,1919841,0.238855,8037679
4,2021-02-26,106292,2915463,53646,1535557,52646,1379906,0,0,54492,1021033,0.127031,51578,955644,0.118896,56836,1976677,0.245926,8037679
4,2021-02-27,76966,2992429,41972,1577529,34988,1414894,6,6,41306,1028304,0.127935,35524,991168,0.123315,42795,2019472,0.251251,8037679
4,2021-02-28,47350,3039779,29426,1606955,17920,1432814,4,10,26542,1035057,0.128776,20673,1011841,0.125887,27426,2046898,0.254663,8037679
4,2021-03-01,77631,3117410,45614,1652569,31990,1464804,27,37,42890,1044660,0.12997,34503,1046344,0.13018,44106,2091004,0.26015,8037679
4,2021-03-02,84844,3202254,48866,1701435,35973,1500777,5,42,50236,1062233,0.132157,34458,1080802,0.134467,52031,2143035,0.266624,8037679
4,2021-03-03,99393,3301647,52761,1754196,46619,1547396,13,55,55376,1075565,0.133815,43824,1124626,0.139919,57156,2200191,0.273735,8037679
4,2021-03-04,96715,3398362,53790,1807986,42908,1590304,17,72,53214,1087264,0.135271,43306,1167932,0.145307,55005,2255196,0.280578,8037679
4,2021-03-05,94190,3492552,50897,1858883,42979,1633283,314,386,55951,1107415,0.137778,38047,1205979,0.150041,58198,2313394,0.287819,8037679
4,2021-03-06,76035,3568587,42921,1901804,30500,1663783,2614,3000,46760,1128971,0.14046,29166,1235145,0.153669,50722,2364116,0.294129,8037679
4,2021-03-07,42578,3611165,27245,1929049,14155,1677938,1178,4178,25544,1139807,0.141808,16974,1252119,0.155781,27810,2391926,0.297589,8037679
4,2021-03-08,66302,3677467,34733,1963782,28374,1706312,3195,7373,43825,1165797,0.145041,22373,1274492,0.158565,48363,2440289,0.303606,8037679
4,2021-03-09,81078,3758545,41123,2004905,34825,1741137,5130,12503,43872,1178870,0.146668,37053,1311545,0.163175,50126,2490415,0.309843,8037679
4,2021-03-10,90760,3849305,46894,2051799,36426,1777563,7440,19943,45944,1188572,0.147875,44659,1356204,0.168731,54361,2544776,0.316606,8037679
4,2021-03-11,100309,3949614,52686,2104485,39240,1816803,8383,28326,46476,1190938,0.148169,53623,1409827,0.175402,55989,2600765,0.323572,8037679
4,2021-03-12,104371,4053985,51526,2156011,42579,1859382,10266,38592,44693,1187436,0.147734,59452,1469279,0.182799,55950,2656715,0.330533,8037679
4,2021-03-13,80895,4134880,37699,2193710,34802,1894184,8394,46986,38028,1192268,0.148335,42747,1512026,0.188117,47579,2704294,0.336452,8037679
4,2021-03-14,49530,4184410,28344,2222054,17558,1911742,3628,50614,23252,1193595,0.1485,26193,1538219,0.191376,27520,2731814,0.339876,8037679
4,2021-03-15,83610,4268020,44946,2267000,34425,1946167,4239,54853,42823,1200921,0.149411,40579,1578798,0.196425,47905,2779719,0.345836,8037679
4,2021-03-16,107388,4375408,55815,2322815,48174,1994341,3399,58252,56998,1211853,0.150772,50176,1628974,0.202667,61108,2840827,0.353439,8037679
4,2021-03-17,106078,4481486,57034,2379849,45601,2039942,3443,61695,62256,1234532,0.153593,43589,1672563,0.20809,66268,2907095,0.361683,8037679
4,2021-03-18,106188,4587674,58840,2438689,43708,2083650,3640,65335,60351,1253377,0.155938,45587,1718150,0.213762,64432,2971527,0.3697,8037679
4,2021-03-19,110625,4698299,63562,2502251,41887,2125537,5176,70511,63133,1274827,0.158606,47265,1765415,0.219642,68715,3040242,0.378249,8037679
4,2021-03-20,83255,4781554,48825,2551076,31438,2156975,2992,73503,51151,1297306,0.161403,31980,1797395,0.223621,54459,3094701,0.385024,8037679
4,2021-03-21,47903,4829457,34727,2585803,10913,2167888,2263,75766,28372,1308876,0.162843,19425,1816820,0.226038,30995,3125696,0.38888,8037679
4,2021-03-22,81740,4911197,53404,2639207,25620,2193508,2716,78482,50842,1332453,0.165776,30694,1847514,0.229857,54271,3179967,0.395632,8037679
4,2021-03-23,103895,5015092,62106,2701313,39648,2233156,2141,80623,61921,1355339,0.168623,41719,1889233,0.235047,64605,3244572,0.40367,8037679
4,2021-03-24,113061,5128153,73089,2774402,37580,2270736,2392,83015,64083,1373704,0.170908,48575,1937808,0.24109,66940,3311512,0.411999,8037679
4,2021-03-25,116547,5244700,71847,2846249,42328,2313064,2372,85387,66901,1394253,0.173465,49208,1987016,0.247213,69757,3381269,0.420677,8037679
4,2021-03-26,119271,5363971,72507,2918756,43733,2356797,3031,88418,65440,1409819,0.175401,53511,2040527,0.25387,69077,3450346,0.429271,8037679
4,2021-03-27,91205,5455176,54104,2972860,35317,2392114,1784,90202,46423,1413941,0.175914,44572,2085099,0.259416,48694,3499040,0.43533,8037679
4,2021-03-28,55533,5510709,36705,3009565,17957,2410071,871,91073,29636,1419014,0.176545,25757,2110856,0.26262,30830,3529870,0.439165,8037679
4,2021-03-29,93171,5603880,55979,3065544,35120,2445191,2072,93145,50619,1429928,0.177903,42336,2153192,0.267887,53250,3583120,0.44579,8037679
4,2021-03-30,116760,5720640,63779,3129323,48835,2494026,4146,97291,69464,1456893,0.181258,47089,2200281,0.273746,74054,3657174,0.455004,8037679
4,2021-03-31,120603,5841243,71341,3200664,42953,2536979,6309,103600,68014,1479154,0.184028,52282,2252563,0.28025,74543,3731717,0.464278,8037679
4,2021-04-01,142012,5983255,81143,3281807,47691,2584670,13178,116778,83961,1518853,0.188967,57687,2310250,0.287428,97386,3829103,0.476394,8037679
4,2021-04-02,136109,6119364,72879,3354686,49697,2634367,13533,130311,78823,1554550,0.193408,57024,2367274,0.294522,92721,3921824,0.48793,8037679
4,2021-04-03,100937,6220301,53923,3408609,33641,2668008,13373,143684,52727,1572898,0.195691,48030,2415304,0.300498,66378,3988202,0.496188,8037679
4,2021-04-04,46783,6267084,24684,3433293,14591,2682599,7508,151192,20451,1574673,0.195911,26237,2441541,0.303762,28012,4016214,0.499673,8037679
4,2021-04-05,108939,6376023,61330,3494623,34864,2717463,12745,163937,56918,1593100,0.198204,51838,2493379,0.310211,70265,4086479,0.508415,8037679
4,2021-04-06,138349,6514372,77902,3572525,40734,2758197,19713,183650,71998,1619338,0.201468,66140,2559519,0.31844,92378,4178857,0.519908,8037679
4,2021-04-07,136967,6651339,77622,3650147,38693,2796890,20652,204302,71075,1645743,0.204754,65665,2625184,0.32661,92070,4270927,0.531363,8037679
4,2021-04-08,139440,6790779,77738,3727885,36356,2833246,25346,229648,69438,1671454,0.207952,69744,2694928,0.335287,95455,4366382,0.543239,8037679
4,2021-04-09,137086,6927865,75263,3803148,38950,2872196,22873,252521,65609,1689735,0.210227,71278,2766206,0.344155,89559,4455941,0.554382,8037679
4,2021-04-10,102901,7030766,50973,3854121,33142,2905338,18786,271307,46356,1699604,0.211455,56350,2822556,0.351166,66219,4522160,0.56262,8037679
4,2021-04-11,62253,7093019,37959,3892080,13127,2918465,11167,282474,27322,1704347,0.212045,34840,2857396,0.3555,39583,4561743,0.567545,8037679
4,2021-04-12,102383,7195402,62250,3954330,30039,2948504,10094,292568,51759,1717117,0.213633,50351,2907747,0.361765,63121,4624864,0.575398,8037679
4,2021-04-13,129629,7325031,81318,4035648,48152,2996656,159,292727,77861,1744525,0.217043,51515,2959262,0.368174,78923,4703787,0.585217,8037679
4,2021-04-14,134686,7459717,85847,4121495,48763,3045419,76,292803,74916,1761329,0.219134,59474,3018736,0.375573,76278,4780065,0.594707,8037679
4,2021-04-15,154967,7614684,103212,4224707,51696,3097115,59,292862,95637,1798821,0.223799,59015,3077751,0.382915,96507,4876572,0.606714,8037679
4,2021-04-16,141899,7756583,90087,4314794,51735,3148850,77,292939,82890,1823736,0.226898,58763,3136514,0.390226,83678,4960250,0.617125,8037679
4,2021-04-17,99830,7856413,63010,4377804,36799,3185649,21,292960,58541,1842381,0.229218,41056,3177570,0.395334,59701,5019951,0.624552,8037679
4,2021-04-18,53984,7910397,36099,4413903,17882,3203531,3,292963,30686,1850823,0.230268,23193,3200763,0.39822,31635,5051586,0.628488,8037679
4,2021-04-19,100142,8010539,66178,4480081,33949,3237480,15,292978,51298,1854087,0.230674,48636,3249399,0.404271,51900,5103486,0.634945,8037679
4,2021-04-20,127113,8137652,74661,4554742,52441,3289921,11,292989,66745,1861794,0.231633,60111,3309510,0.411749,67818,5171304,0.643383,8037679
4,2021-04-21,127303,8264955,81663,4636405,45589,3335510,51,293040,64341,1864526,0.231973,62673,3372183,0.419547,65405,5236709,0.65152,8037679
4,2021-04-22,137021,8401976,90270,4726675,46730,3382240,21,293061,61400,1851739,0.230382,75312,3447495,0.428917,62525,5299234,0.659299,8037679
4,2021-04-23,130441,8532417,84253,4810928,46165,3428405,23,293084,56642,1836063,0.228432,73492,3520987,0.43806,57816,5357050,0.666492,8037679
4,2021-04-24,97238,8629655,65996,4876924,31192,3459597,50,293134,44756,1829705,0.227641,52222,3573209,0.444557,45864,5402914,0.672198,8037679
4,2021-04-25,49432,8679087,35155,4912079,14252,3473849,25,293159,26136,1833131,0.228067,23173,3596382,0.44744,26599,5429513,0.675508,8037679
4,2021-04-26,88977,8768064,58075,4970154,30508,3504357,394,293553,35123,1816404,0.225986,53592,3649974,0.454108,36865,5466378,0.680094,8037679
4,2021-04-27,109187,8877251,66685,5036839,40403,3544760,2099,295652,39409,1789198,0.222601,69497,3719471,0.462754,42291,5508669,0.685356,8037679
4,2021-04-28,101058,8978309,65597,5102436,32964,3577724,2497,298149,37018,1765556,0.21966,63786,3783257,0.47069,40144,5548813,0.69035,8037679
4,2021-04-29,102427,9080736,64912,5167348,35007,3612731,2508,300657,32990,1732477,0.215544,69152,3852409,0.479294,36073,5584886,0.694838,8037679
4,2021-04-30,101611,9182347,63873,5231221,35074,3647805,2664,303321,34529,1703539,0.211944,66755,3919164,0.487599,37817,5622703,0.699543,8037679
4,2021-05-01,68474,9250821,45645,5276866,21075,3668880,1754,305075,19859,1677362,0.208687,48416,3967580,0.493623,22239,5644942,0.70231,8037679
4,2021-05-02,37359,9288180,26514,5303380,9568,3678448,1277,306352,10495,1662511,0.20684,26767,3994347,0.496953,11916,5656858,0.703792,8037679
4,2021-05-03,77800,9365980,54256,5357636,21090,3699538,2454,308806,19120,1625947,0.202291,58477,4052824,0.504228,21913,5678771,0.706519,8037679
4,2021-05-04,98247,9464227,66670,5424306,28831,3728369,2746,311552,22322,1575693,0.196038,75687,4128511,0.513645,25433,5704204,0.709683,8037679
4,2021-05-05,99022,9563249,69396,5493702,26914,3755283,2712,314264,21562,1523074,0.189492,77174,4205685,0.523246,24555,5728759,0.712738,8037679
4,2021-05-06,109087,9672336,81480,5575182,24684,3779967,2923,317187,19425,1457293,0.181308,89248,4294933,0.53435,23467,5752226,0.715658,8037679
4,2021-05-07,102734,9775070,73707,5648889,26350,3806317,2677,319864,20361,1398681,0.174016,82052,4376985,0.544558,23440,5775666,0.718574,8037679
4,2021-05-08,66018,9841088,45190,5694079,18962,3825279,1866,321730,13144,1361364,0.169373,52675,4429660,0.551112,15358,5791024,0.720485,8037679
4,2021-05-09,33256,9874344,27127,5721206,5190,3830469,939,322669,7844,1344920,0.167327,25319,4454979,0.554262,8875,5799899,0.721589,8037679
4,2021-05-10,62839,9937183,41759,5762965,18808,3849277,2272,324941,11020,1306865,0.162592,51646,4506625,0.560687,13591,5813490,0.72328,8037679
4,2021-05-11,77424,10014607,47416,5810381,27981,3877258,2027,326968,15211,1262524,0.157076,62009,4568634,0.568402,17668,5831158,0.725478,8037679
4,2021-05-12,76283,10090890,50466,5860847,23421,3900679,2396,329364,17694,1224616,0.152359,58351,4626985,0.575662,20443,5851601,0.728021,8037679
4,2021-05-13,97417,10188307,71908,5932755,24080,3924759,1429,330793,37972,1205800,0.150018,59164,4686149,0.583023,40348,5891949,0.733041,8037679
4,2021-05-14,102027,10290334,71889,6004644,28044,3952803,2094,332887,40084,1186823,0.147657,61677,4747826,0.590696,42700,5934649,0.738354,8037679
4,2021-05-15,83790,10374124,64741,6069385,17736,3970539,1313,334200,37018,1178867,0.146668,46567,4794393,0.59649,38611,5973260,0.743157,8037679
4,2021-05-16,48999,10423123,39778,6109163,8532,3979071,689,334889,20067,1170949,0.145682,28807,4823200,0.600074,20889,5994149,0.745756,8037679
4,2021-05-17,69835,10492958,50993,6160156,17009,3996080,1833,336722,28208,1159764,0.144291,41445,4864645,0.60523,30260,6024409,0.749521,8037679
4,2021-05-18,80418,10573376,52404,6212560,26269,4022349,1745,338467,29672,1141146,0.141975,50405,4915050,0.611501,31787,6056196,0.753476,8037679
4,2021-05-19,75634,10649010,51234,6263794,22471,4044820,1929,340396,31536,1131038,0.140717,43855,4958905,0.616957,33747,6089943,0.757674,8037679
4,2021-05-20,57868,10706878,37423,6301217,18749,4063569,1696,342092,22062,1119441,0.139274,35592,4994497,0.621385,23995,6113938,0.76066,8037679
4,2021-05-21,63944,10770822,42946,6344163,19359,4082928,1639,343731,23064,1103694,0.137315,40653,5035150,0.626443,24906,6138844,0.763758,8037679
4,2021-05-22,42182,10813004,30212,6374375,10874,4093802,1096,344827,18695,1100282,0.136891,23366,5058516,0.62935,19954,6158798,0.766241,8037679
4,2021-05-23,17667,10830671,13475,6387850,3643,4097445,549,345376,7692,1098716,0.136696,9885,5068401,0.63058,8319,6167117,0.767276,8037679
4,2021-05-24,41432,10872103,26122,6413972,12352,4109797,2958,348334,14638,1089889,0.135597,26616,5095017,0.633892,17789,6184906,0.769489,8037679
4,2021-05-25,44412,10916515,27673,6441645,13956,4123753,2783,351117,16308,1081312,0.13453,27896,5122913,0.637362,19319,6204225,0.771893,8037679
4,2021-05-26,43710,10960225,26235,6467880,14926,4138679,2549,353666,15893,1072333,0.133413,27639,5150552,0.640801,18660,6222885,0.774214,8037679
4,2021-05-27,38418,10998643,23145,6491025,12153,4150832,3120,356786,14843,1067105,0.132763,23408,5173960,0.643713,18180,6241065,0.776476,8037679
4,2021-05-28,42639,11041282,27265,6518290,13790,4164622,1584,358370,18913,1064331,0.132418,23528,5197488,0.64664,20754,6261819,0.779058,8037679
4,2021-05-29,23331,11064613,15230,6533520,7175,4171797,926,359296,11239,1064657,0.132458,11983,5209471,0.648131,12309,6274128,0.78059,8037679
4,2021-05-30,11908,11076521,8369,6541889,3014,4174811,525,359821,5117,1063645,0.132332,6740,5216211,0.64897,5728,6279856,0.781302,8037679
4,2021-05-31,3558,11080079,2279,6544168,1124,4175935,155,359976,1190,1062676,0.132212,2343,5218554,0.649261,1374,6281230,0.781473,8037679
4,2021-06-01,39050,11119129,24396,6568564,12235,4188170,2419,362395,13978,1054419,0.131185,24894,5243448,0.652358,16637,6297867,0.783543,8037679
4,2021-06-02,32128,11151257,20116,6588680,9244,4197414,2768,365163,11277,1047943,0.130379,20696,5264144,0.654933,14220,6312087,0.785312,8037679
4,2021-06-03,47156,11198413,36181,6624861,8531,4205945,2444,367607,12234,1028166,0.127918,34788,5298932,0.659261,15011,6327098,0.78718,8037679
4,2021-06-04,53722,11252135,43417,6668278,8998,4214943,1307,368914,13709,1004199,0.124936,39826,5338758,0.664216,15859,6342957,0.789153,8037679
4,2021-06-05,43203,11295338,36943,6705221,5280,4220223,980,369894,9232,980887,0.122036,33827,5372585,0.668425,10515,6353472,0.790461,8037679
4,2021-06-06,20071,11315409,17823,6723044,1693,4221916,555,370449,4657,971199,0.120831,15324,5387909,0.670331,5636,6359108,0.791162,8037679
4,2021-06-07,36944,11352353,29894,6752938,5188,4227104,1862,372311,8574,953638,0.118646,28260,5416169,0.673847,10699,6369807,0.792493,8037679
4,2021-06-08,20516,11372869,16297,6769235,2256,4229360,1963,374274,4120,943518,0.117387,16317,5432486,0.675877,6197,6376004,0.793264,8037679
