vemquartile,administered_date,total_doses,cumulative_total_doses,pfizer_doses,cumulative_pfizer_doses,moderna_doses,cumulative_moderna_doses,jj_doses,cumulative_jj_doses,partially_vaccinated,total_partially_vaccinated,pct_age12pop_partially_vaccinated,fully_vaccinated,cumulative_fully_vaccinated,pct_age12pop_fully_vaccinated,at_least_one_dose,cumulative_at_least_one_dose,pct_age12pop_at_least_one_dose,age12_population
1,2020-12-15,156,156,156,156,0,0,0,0,156,156,1.8e-05,0,0,0.0,156,156,1.8e-05,8700223
1,2020-12-16,1226,1382,1226,1382,0,0,0,0,1226,1382,0.000159,0,0,0.0,1226,1382,0.000159,8700223
1,2020-12-17,4183,5565,4183,5565,0,0,0,0,4184,5566,0.00064,0,0,0.0,4184,5566,0.00064,8700223
1,2020-12-18,6379,11944,6356,11921,23,23,0,0,6381,11946,0.001373,1,1,0.0,6381,11947,0.001373,8700223
1,2020-12-19,2877,14821,2874,14795,3,26,0,0,2876,14821,0.001704,1,2,0.0,2876,14823,0.001704,8700223
1,2020-12-20,2128,16949,2119,16914,9,35,0,0,2129,16950,0.001948,0,2,0.0,2129,16952,0.001948,8700223
1,2020-12-21,7652,24601,7631,24545,21,56,0,0,7701,24651,0.002833,1,3,0.0,7702,24654,0.002834,8700223
1,2020-12-22,7315,31916,6971,31516,344,400,0,0,7316,31965,0.003674,2,5,1e-06,7316,31970,0.003675,8700223
1,2020-12-23,7838,39754,6579,38095,1259,1659,0,0,7833,39797,0.004574,2,7,1e-06,7834,39804,0.004575,8700223
1,2020-12-24,3304,43058,2362,40457,942,2601,0,0,3306,43103,0.004954,0,7,1e-06,3306,43110,0.004955,8700223
1,2020-12-25,239,43297,155,40612,84,2685,0,0,239,43342,0.004982,0,7,1e-06,239,43349,0.004983,8700223
1,2020-12-26,1364,44661,972,41584,392,3077,0,0,1363,44704,0.005138,1,8,1e-06,1363,44712,0.005139,8700223
1,2020-12-27,872,45533,539,42123,333,3410,0,0,872,45575,0.005238,1,9,1e-06,872,45584,0.005239,8700223
1,2020-12-28,7094,52627,4752,46875,2342,5752,0,0,7092,52667,0.006054,0,9,1e-06,7092,52676,0.006055,8700223
1,2020-12-29,8907,61534,4979,51854,3928,9680,0,0,8903,61568,0.007077,2,11,1e-06,8903,61579,0.007078,8700223
1,2020-12-30,11574,73108,6443,58297,5131,14811,0,0,11573,73140,0.008407,1,12,1e-06,11573,73152,0.008408,8700223
1,2020-12-31,5980,79088,1953,60250,4027,18838,0,0,5978,79115,0.009093,4,16,2e-06,5979,79131,0.009095,8700223
1,2021-01-01,592,79680,226,60476,366,19204,0,0,589,79702,0.009161,2,18,2e-06,589,79720,0.009163,8700223
1,2021-01-02,2919,82599,1767,62243,1152,20356,0,0,2919,82621,0.009496,0,18,2e-06,2919,82639,0.009498,8700223
1,2021-01-03,1039,83638,549,62792,490,20846,0,0,1037,83655,0.009615,3,21,2e-06,1037,83676,0.009618,8700223
1,2021-01-04,7385,91023,3591,66383,3794,24640,0,0,7389,91043,0.010464,1,22,3e-06,7389,91065,0.010467,8700223
1,2021-01-05,10868,101891,5248,71631,5620,30260,0,0,10071,100357,0.011535,779,801,9.2e-05,10093,101158,0.011627,8700223
1,2021-01-06,14083,115974,7067,78698,7016,37276,0,0,12159,110641,0.012717,1888,2689,0.000309,12172,113330,0.013026,8700223
1,2021-01-07,17538,133512,9172,87870,8366,45642,0,0,13018,119242,0.013706,4427,7116,0.000818,13028,126358,0.014524,8700223
1,2021-01-08,20212,153724,10499,98369,9713,55355,0,0,14263,127582,0.014664,5932,13048,0.0015,14272,140630,0.016164,8700223
1,2021-01-09,6693,160417,3397,101766,3296,58651,0,0,4839,130573,0.015008,1851,14899,0.001712,4842,145472,0.01672,8700223
1,2021-01-10,3096,163513,1767,103533,1329,59980,0,0,1908,131298,0.015091,1184,16083,0.001849,1909,147381,0.01694,8700223
1,2021-01-11,18072,181585,11846,115379,6226,66206,0,0,11526,136331,0.01567,6536,22619,0.0026,11569,158950,0.01827,8700223
1,2021-01-12,19135,200720,10963,126342,8172,74378,0,0,13141,143546,0.016499,5967,28586,0.003286,13182,172132,0.019785,8700223
1,2021-01-13,19858,220578,10747,137089,9111,83489,0,0,14696,153119,0.017599,5141,33727,0.003877,14714,186846,0.021476,8700223
1,2021-01-14,22038,242616,9452,146541,12586,96075,0,0,19285,169766,0.019513,2697,36424,0.004187,19344,206190,0.023699,8700223
1,2021-01-15,25196,267812,9249,155790,15947,112022,0,0,23250,191169,0.021973,1908,38332,0.004406,23311,229501,0.026379,8700223
1,2021-01-16,13891,281703,4543,160333,9348,121370,0,0,13014,203312,0.023369,874,39206,0.004506,13017,242518,0.027875,8700223
1,2021-01-17,5221,286924,2038,162371,3183,124553,0,0,4852,207799,0.023884,368,39574,0.004549,4855,247373,0.028433,8700223
1,2021-01-18,14339,301263,8606,170977,5733,130286,0,0,11157,215842,0.024809,3169,42743,0.004913,11212,258585,0.029722,8700223
1,2021-01-19,24693,325956,12769,183746,11924,142210,0,0,19534,230292,0.02647,5138,47881,0.005503,19588,278173,0.031973,8700223
1,2021-01-20,29451,355407,14731,198477,14720,156930,0,0,23523,248006,0.028506,5849,53730,0.006176,23563,301736,0.034681,8700223
1,2021-01-21,31247,386654,14666,213143,16581,173511,0,0,27967,272854,0.031362,3215,56945,0.006545,28063,329799,0.037907,8700223
1,2021-01-22,28414,415068,11291,224434,17123,190634,0,0,26345,297229,0.034163,2003,58948,0.006775,26378,356177,0.040939,8700223
1,2021-01-23,18733,433801,8196,232630,10537,201171,0,0,16772,312080,0.03587,1931,60879,0.006997,16782,372959,0.042868,8700223
1,2021-01-24,6687,440488,4159,236789,2528,203699,0,0,6028,317460,0.036489,654,61533,0.007073,6034,378993,0.043561,8700223
1,2021-01-25,25459,465947,10499,247288,14960,218659,0,0,19661,331478,0.0381,5750,67283,0.007733,19768,398761,0.045833,8700223
1,2021-01-26,28837,494784,13487,260775,15350,234009,0,0,22138,347001,0.039884,6637,73920,0.008496,22160,420921,0.04838,8700223
1,2021-01-27,32686,527470,15564,276339,17122,251131,0,0,24563,363541,0.041785,8058,81978,0.009423,24598,445519,0.051208,8700223
1,2021-01-28,35020,562490,16425,292764,18595,269726,0,0,28044,384747,0.044223,6907,88885,0.010216,28113,473632,0.054439,8700223
1,2021-01-29,33730,596220,16482,309246,17248,286974,0,0,27127,405454,0.046603,6460,95345,0.010959,27167,500799,0.057562,8700223
1,2021-01-30,20180,616400,8713,317959,11467,298441,0,0,18040,421396,0.048435,2110,97455,0.011201,18052,518851,0.059637,8700223
1,2021-01-31,7702,624102,5017,322976,2685,301126,0,0,6988,427678,0.049157,709,98164,0.011283,6991,525842,0.06044,8700223
1,2021-02-01,29041,653143,12544,335520,16497,317623,0,0,21195,441083,0.050698,7795,105959,0.012179,21200,547042,0.062877,8700223
1,2021-02-02,32769,685912,11834,347354,20935,338558,0,0,24494,457421,0.052576,8193,114152,0.013121,24531,571573,0.065696,8700223
1,2021-02-03,39688,725600,15272,362626,24416,362974,0,0,28571,475081,0.054606,10949,125101,0.014379,28609,600182,0.068985,8700223
1,2021-02-04,44071,769671,17151,379777,26920,389894,0,0,31765,494715,0.056862,12181,137282,0.015779,31815,631997,0.072641,8700223
1,2021-02-05,46815,816486,17168,396945,29647,419541,0,0,30668,509439,0.058555,15997,153279,0.017618,30721,662718,0.076173,8700223
1,2021-02-06,26557,843043,10489,407434,16068,435609,0,0,20638,524222,0.060254,5871,159150,0.018293,20654,683372,0.078546,8700223
1,2021-02-07,6272,849315,4035,411469,2237,437846,0,0,4625,527238,0.060601,1627,160777,0.01848,4643,688015,0.07908,8700223
1,2021-02-08,31627,880942,14438,425907,17189,455035,0,0,21067,537939,0.06183,10463,171240,0.019682,21164,709179,0.081513,8700223
1,2021-02-09,38608,919550,16983,442890,21625,476660,0,0,23804,547101,0.062884,14722,185962,0.021374,23884,733063,0.084258,8700223
1,2021-02-10,47383,966933,22261,465151,25122,501782,0,0,26973,553871,0.063662,20284,206246,0.023706,27054,760117,0.087368,8700223
1,2021-02-11,51857,1018790,25438,490589,26419,528201,0,0,30957,564352,0.064866,20583,226829,0.026072,31064,791181,0.090938,8700223
1,2021-02-12,50050,1068840,21529,512118,28521,556722,0,0,28710,572018,0.065748,21184,248013,0.028507,28850,820031,0.094254,8700223
1,2021-02-13,26388,1095228,11537,523655,14851,571573,0,0,15267,576310,0.066241,11051,259064,0.029777,15343,835374,0.096018,8700223
1,2021-02-14,11797,1107025,5568,529223,6229,577802,0,0,6716,578042,0.06644,5050,264114,0.030357,6782,842156,0.096797,8700223
1,2021-02-15,23944,1130969,9401,538624,14543,592345,0,0,14572,583483,0.067065,9247,273361,0.03142,14688,856844,0.098485,8700223
1,2021-02-16,47229,1178198,22523,561147,24706,617051,0,0,27537,591527,0.06799,19607,292968,0.033674,27651,884495,0.101663,8700223
1,2021-02-17,48570,1226768,24592,585739,23978,641029,0,0,26132,595525,0.068449,22281,315249,0.036235,26279,910774,0.104684,8700223
1,2021-02-18,51210,1277978,25617,611356,25593,666622,0,0,26512,597816,0.068713,24454,339703,0.039045,26745,937519,0.107758,8700223
1,2021-02-19,46664,1324642,25306,636662,21358,687980,0,0,26116,603606,0.069378,20389,360092,0.041389,26179,963698,0.110767,8700223
1,2021-02-20,27668,1352310,16862,653524,10806,698786,0,0,15785,607649,0.069843,11820,371912,0.042747,15863,979561,0.11259,8700223
1,2021-02-21,12376,1364686,10656,664180,1720,700506,0,0,7432,610248,0.070142,4882,376794,0.043309,7481,987042,0.11345,8700223
1,2021-02-22,31634,1396320,20833,685013,10801,711307,0,0,18189,615190,0.07071,13348,390142,0.044843,18290,1005332,0.115552,8700223
1,2021-02-23,45908,1442228,22277,707290,23631,734938,0,0,25206,620350,0.071303,20409,410551,0.047189,25569,1030901,0.118491,8700223
1,2021-02-24,55917,1498145,26994,734284,28923,763861,0,0,30747,626588,0.07202,24963,435514,0.050058,31201,1062102,0.122078,8700223
1,2021-02-25,68566,1566711,33289,767573,35277,799138,0,0,42391,643479,0.073961,26002,461516,0.053046,42893,1104995,0.127008,8700223
1,2021-02-26,76622,1643333,35886,803459,40736,839874,0,0,50050,667679,0.076743,26327,487843,0.056072,50527,1155522,0.132815,8700223
1,2021-02-27,52800,1696133,24215,827674,28576,868450,9,9,34631,684561,0.078683,18025,505868,0.058144,34907,1190429,0.136827,8700223
1,2021-02-28,20225,1716358,12000,839674,8223,876673,2,11,14822,694211,0.079792,5314,511182,0.058755,14964,1205393,0.138547,8700223
1,2021-03-01,46063,1762421,21317,860991,24696,901369,50,61,29582,707784,0.081352,16297,527479,0.060628,29870,1235263,0.141981,8700223
1,2021-03-02,64767,1827188,28003,888994,36755,938124,9,70,41190,726211,0.08347,23393,550872,0.063317,41820,1277083,0.146787,8700223
1,2021-03-03,71987,1899175,34232,923226,37729,975853,26,96,43748,742507,0.085343,28071,578943,0.066543,44367,1321450,0.151887,8700223
1,2021-03-04,80004,1979179,37516,960742,42452,1018305,36,132,51341,765929,0.088036,28470,607413,0.069816,51892,1373342,0.157851,8700223
1,2021-03-05,78999,2058178,35593,996335,43199,1061504,207,339,52676,793366,0.091189,26075,633488,0.072813,53512,1426854,0.164002,8700223
1,2021-03-06,58004,2116182,27577,1023912,29077,1090581,1350,1689,39274,815705,0.093757,18648,652136,0.074956,40987,1467841,0.168713,8700223
1,2021-03-07,20942,2137124,13032,1036944,6718,1097299,1192,2881,15501,827234,0.095082,5414,657550,0.075579,16943,1484784,0.17066,8700223
1,2021-03-08,46007,2183131,22480,1059424,21569,1118868,1958,4839,32226,848078,0.097478,13676,671226,0.07715,34520,1519304,0.174628,8700223
1,2021-03-09,66708,2249839,32256,1091680,31944,1150812,2508,7347,41026,866419,0.099586,25528,696754,0.080085,43869,1563173,0.17967,8700223
1,2021-03-10,73728,2323567,36716,1128396,32514,1183326,4498,11845,45366,888397,0.102112,28251,725005,0.083332,50229,1613402,0.185444,8700223
1,2021-03-11,90173,2413740,41450,1169846,40713,1224039,8010,19855,52504,911919,0.104816,37436,762441,0.087635,60958,1674360,0.19245,8700223
1,2021-03-12,98931,2512671,43591,1213437,42931,1266970,12409,32264,57808,941670,0.108235,40911,803352,0.092337,70662,1745022,0.200572,8700223
1,2021-03-13,65309,2577980,29539,1242976,28098,1295068,7672,39936,41663,967808,0.111239,23511,826863,0.095039,49649,1794671,0.206279,8700223
1,2021-03-14,27904,2605884,14922,1257898,9410,1304478,3572,43508,15628,974991,0.112065,12202,839065,0.096442,19385,1814056,0.208507,8700223
1,2021-03-15,65251,2671135,28772,1286670,29729,1334207,6750,50258,38344,993755,0.114222,26684,865749,0.099509,45448,1859504,0.213731,8700223
1,2021-03-16,85816,2756951,39126,1325796,41047,1375254,5643,55901,53180,1020523,0.117298,32408,898157,0.103234,59176,1918680,0.220532,8700223
1,2021-03-17,93079,2850030,45373,1371169,41163,1416417,6543,62444,59803,1054188,0.121168,33035,931192,0.107031,66700,1985380,0.228199,8700223
1,2021-03-18,98841,2948871,50958,1422127,42161,1458578,5722,68166,59731,1081378,0.124293,38749,969941,0.111485,65939,2051319,0.235778,8700223
1,2021-03-19,103724,3052595,53722,1475849,43700,1502278,6302,74468,60587,1105948,0.127117,42835,1012776,0.116408,67405,2118724,0.243525,8700223
1,2021-03-20,72517,3125112,37289,1513138,30012,1532290,5216,79684,46491,1132099,0.130123,25837,1038613,0.119378,51988,2170712,0.249501,8700223
1,2021-03-21,27258,3152370,19032,1532170,6419,1538709,1807,81491,16958,1140749,0.131117,10206,1048819,0.120551,18856,2189568,0.251668,8700223
1,2021-03-22,59276,3211646,30628,1562798,25342,1564051,3306,84797,39862,1165106,0.133917,19184,1068003,0.122756,43541,2233109,0.256673,8700223
1,2021-03-23,83410,3295056,42440,1605238,37330,1601381,3640,88437,51190,1188426,0.136597,31963,1099966,0.12643,55283,2288392,0.263027,8700223
1,2021-03-24,88309,3383365,44648,1649886,39293,1640674,4368,92805,52623,1210191,0.139099,35391,1135357,0.130497,57156,2345548,0.269596,8700223
1,2021-03-25,97156,3480521,49656,1699542,41665,1682339,5835,98640,53806,1227020,0.141033,43014,1178371,0.135441,59843,2405391,0.276475,8700223
1,2021-03-26,104879,3585400,51139,1750681,47419,1729758,6321,104961,55983,1241097,0.142651,48521,1226892,0.141018,62598,2467989,0.28367,8700223
1,2021-03-27,74253,3659653,38373,1789054,31663,1761421,4217,109178,38063,1247615,0.1434,35956,1262848,0.145151,42474,2510463,0.288552,8700223
1,2021-03-28,32808,3692461,21484,1810538,10104,1771525,1220,110398,16429,1249445,0.143611,16267,1279115,0.147021,18097,2528560,0.290632,8700223
1,2021-03-29,67405,3759866,33485,1844023,30750,1802275,3170,113568,36993,1259617,0.14478,30192,1309307,0.150491,40364,2568924,0.295271,8700223
1,2021-03-30,92294,3852160,45461,1889484,40439,1842714,6394,119962,47172,1268369,0.145786,44896,1354203,0.155652,53648,2622572,0.301437,8700223
1,2021-03-31,101125,3953285,52800,1942284,42117,1884831,6208,126170,55253,1284348,0.147622,45545,1399748,0.160886,61524,2684096,0.308509,8700223
1,2021-04-01,112810,4066095,54027,1996311,49989,1934820,8794,134964,57285,1295393,0.148892,55074,1454822,0.167217,66119,2750215,0.316109,8700223
1,2021-04-02,111537,4177632,51038,2047349,50775,1985595,9724,144688,56370,1306957,0.150221,54731,1509553,0.173507,66295,2816510,0.323728,8700223
1,2021-04-03,78165,4255797,39354,2086703,29144,2014739,9667,154355,36467,1311638,0.150759,41508,1551061,0.178278,46189,2862699,0.329037,8700223
1,2021-04-04,23795,4279592,11837,2098540,8488,2023227,3470,157825,9948,1311264,0.150716,13778,1564839,0.179862,13404,2876103,0.330578,8700223
1,2021-04-05,76503,4356095,36723,2135263,30411,2053638,9369,167194,34270,1313030,0.150919,42022,1606861,0.184692,43788,2919891,0.335611,8700223
1,2021-04-06,104373,4460468,49319,2184582,38442,2092080,16612,183806,47222,1320049,0.151726,56839,1663700,0.191225,63858,2983749,0.342951,8700223
1,2021-04-07,112069,4572537,54464,2239046,40016,2132096,17589,201395,50458,1326809,0.152503,61296,1724996,0.19827,68056,3051805,0.350773,8700223
1,2021-04-08,122539,4695076,58084,2297130,43444,2175540,21011,222406,54118,1334001,0.15333,67985,1792981,0.206084,75177,3126982,0.359414,8700223
1,2021-04-09,124360,4819436,56696,2353826,46753,2222293,20911,243317,54627,1340202,0.154042,69367,1862348,0.214058,75568,3202550,0.3681,8700223
1,2021-04-10,96226,4915662,42625,2396451,30855,2253148,22746,266063,37758,1342416,0.154297,58248,1920596,0.220753,60462,3263012,0.375049,8700223
1,2021-04-11,36702,4952364,20398,2416849,9435,2262583,6869,272932,14855,1342459,0.154302,21781,1942377,0.223256,21824,3284836,0.377558,8700223
1,2021-04-12,74580,5026944,33321,2450170,31209,2293792,10050,282982,31575,1341516,0.154193,42708,1985085,0.228165,41765,3326601,0.382358,8700223
1,2021-04-13,98290,5125234,52550,2502720,45400,2339192,340,283322,53127,1350475,0.155223,44853,2029938,0.23332,53812,3380413,0.388543,8700223
1,2021-04-14,105103,5230337,54474,2557194,50555,2389747,74,283396,53393,1352988,0.155512,51324,2081262,0.239219,53837,3434250,0.394731,8700223
1,2021-04-15,105966,5336303,57529,2614723,48347,2438094,90,283486,56272,1360428,0.156367,49098,2130360,0.244863,56538,3490788,0.40123,8700223
1,2021-04-16,110813,5447116,56810,2671533,53915,2492009,88,283574,55326,1361085,0.156443,54941,2185301,0.251178,55598,3546386,0.40762,8700223
1,2021-04-17,83447,5530563,45307,2716840,38129,2530138,11,283585,46614,1371279,0.157614,36594,2221895,0.255384,46788,3593174,0.412998,8700223
1,2021-04-18,30302,5560865,20452,2737292,9843,2539981,7,283592,15249,1371778,0.157672,14959,2236854,0.257103,15458,3608632,0.414775,8700223
1,2021-04-19,67160,5628025,33981,2771273,33167,2573148,12,283604,30342,1365811,0.156986,36449,2273303,0.261292,30482,3639114,0.418278,8700223
1,2021-04-20,88543,5716568,44557,2815830,43963,2617111,23,283627,41433,1360726,0.156401,46743,2320046,0.266665,41658,3680772,0.423066,8700223
1,2021-04-21,97828,5814396,51037,2866867,46690,2663801,101,283728,43739,1351286,0.155316,53516,2373562,0.272816,44076,3724848,0.428132,8700223
1,2021-04-22,97633,5912029,51012,2917879,46604,2710405,17,283745,44705,1343822,0.154458,52404,2425966,0.27884,44940,3769788,0.433298,8700223
1,2021-04-23,102580,6014609,52974,2970853,49579,2759984,27,283772,48995,1340015,0.154021,53056,2479022,0.284938,49249,3819037,0.438959,8700223
1,2021-04-24,76379,6090988,47368,3018221,28984,2788968,27,283799,43154,1350381,0.155212,33071,2512093,0.288739,43437,3862474,0.443951,8700223
1,2021-04-25,27335,6118323,17424,3035645,9897,2798865,14,283813,15619,1354559,0.155692,11596,2523689,0.290072,15774,3878248,0.445764,8700223
1,2021-04-26,66447,6184770,34852,3070497,31194,2830059,401,284214,31754,1352678,0.155476,34377,2558066,0.294023,32496,3910744,0.449499,8700223
1,2021-04-27,81757,6266527,43470,3113967,36979,2867038,1308,285522,35684,1344242,0.154507,45768,2603834,0.299284,37332,3948076,0.45379,8700223
1,2021-04-28,81525,6348052,43367,3157334,36648,2903686,1510,287032,35927,1336670,0.153636,45238,2649072,0.304483,37666,3985742,0.45812,8700223
1,2021-04-29,84959,6433011,46750,3204084,36579,2940265,1630,288662,34873,1323635,0.152138,49701,2698773,0.310196,36666,4022408,0.462334,8700223
1,2021-04-30,92524,6525535,50145,3254229,40496,2980761,1883,290545,38912,1311337,0.150725,53258,2752031,0.316317,40960,4063368,0.467042,8700223
1,2021-05-01,63153,6588688,40790,3295019,20937,3001698,1426,291971,26627,1303340,0.149805,36265,2788296,0.320486,28268,4091636,0.470291,8700223
1,2021-05-02,23430,6612118,16582,3311601,6269,3007967,579,292550,9471,1299567,0.149372,13850,2802146,0.322077,10077,4101713,0.471449,8700223
1,2021-05-03,56271,6668389,31198,3342799,23228,3031195,1845,294395,20733,1286920,0.147918,35281,2837427,0.326133,22634,4124347,0.474051,8700223
1,2021-05-04,75805,6744194,43650,3386449,30057,3061252,2098,296493,27227,1268066,0.145751,48262,2885689,0.33168,29408,4153755,0.477431,8700223
1,2021-05-05,78311,6822505,45397,3431846,30610,3091862,2304,298797,26675,1245854,0.143198,51272,2936961,0.337573,29060,4182815,0.480771,8700223
1,2021-05-06,79829,6902334,48500,3480346,29149,3121011,2180,300977,24935,1218632,0.140069,54490,2991451,0.343836,27268,4210083,0.483905,8700223
1,2021-05-07,83345,6985679,47440,3527786,33708,3154719,2197,303174,27865,1193739,0.137208,55019,3046470,0.35016,30126,4240209,0.487368,8700223
1,2021-05-08,57177,7042856,35855,3563641,19677,3174396,1645,304819,19451,1177546,0.135347,37383,3083853,0.354457,21190,4261399,0.489803,8700223
1,2021-05-09,18249,7061105,13076,3576717,4694,3179090,479,305298,5566,1171021,0.134597,12604,3096457,0.355905,6079,4267478,0.490502,8700223
1,2021-05-10,44275,7105380,22376,3599093,20068,3199158,1831,307129,14914,1158786,0.13319,29072,3125529,0.359247,16837,4284315,0.492437,8700223
1,2021-05-11,62565,7167945,33982,3633075,26427,3225585,2156,309285,20584,1139960,0.131027,41684,3167213,0.364038,22858,4307173,0.495065,8700223
1,2021-05-12,62710,7230655,33329,3666404,27322,3252907,2059,311344,20606,1120920,0.128838,41771,3208984,0.368839,22731,4329904,0.497677,8700223
1,2021-05-13,66775,7297430,39142,3705546,25642,3278549,1991,313335,25432,1107670,0.127315,40947,3249931,0.373546,27697,4357601,0.500861,8700223
1,2021-05-14,76416,7373846,46073,3751619,27948,3306497,2395,315730,30868,1096075,0.125982,45134,3295065,0.378733,33539,4391140,0.504716,8700223
1,2021-05-15,66510,7440356,43640,3795259,21112,3327609,1758,317488,26486,1084674,0.124672,39709,3334774,0.383298,28308,4419448,0.50797,8700223
1,2021-05-16,24993,7465349,18405,3813664,5967,3333576,621,318109,10191,1080847,0.124232,14686,3349460,0.384986,10859,4430307,0.509218,8700223
1,2021-05-17,54096,7519445,33062,3846726,19268,3352844,1766,319875,22931,1074701,0.123526,30898,3380358,0.388537,24752,4455059,0.512063,8700223
1,2021-05-18,64929,7584374,39124,3885850,23974,3376818,1831,321706,28151,1068275,0.122787,36495,3416853,0.392732,30069,4485128,0.515519,8700223
1,2021-05-19,66274,7650648,40349,3926199,24000,3400818,1925,323631,29594,1063488,0.122237,36388,3453241,0.396914,31601,4516729,0.519151,8700223
1,2021-05-20,64470,7715118,37344,3963543,24911,3425729,2215,325846,26494,1054773,0.121235,37628,3490869,0.401239,28913,4545642,0.522474,8700223
1,2021-05-21,69881,7784999,41765,4005308,26260,3451989,1856,327702,28812,1044876,0.120098,40661,3531530,0.405913,30764,4576406,0.52601,8700223
1,2021-05-22,55904,7840903,36713,4042021,17468,3469457,1723,329425,24314,1039690,0.119502,31319,3562849,0.409512,26133,4602539,0.529014,8700223
1,2021-05-23,20481,7861384,14315,4056336,5580,3475037,586,330011,9488,1038898,0.119411,10889,3573738,0.410764,10097,4612636,0.530174,8700223
1,2021-05-24,43728,7905112,24368,4080704,17522,3492559,1838,331849,17681,1032704,0.118699,25794,3599532,0.413729,19600,4632236,0.532427,8700223
1,2021-05-25,50836,7955948,29239,4109943,19904,3512463,1693,333542,21074,1026093,0.117939,29477,3629009,0.417117,22866,4655102,0.535055,8700223
1,2021-05-26,48461,8004409,27466,4137409,19103,3531566,1892,335434,20504,1020879,0.117339,27656,3656665,0.420296,22442,4677544,0.537635,8700223
1,2021-05-27,46990,8051399,26351,4163760,18725,3550291,1914,337348,20141,1016492,0.116835,26558,3683223,0.423348,22171,4699715,0.540183,8700223
1,2021-05-28,52487,8103886,29289,4193049,21371,3571662,1827,339175,23530,1013346,0.116474,28626,3711849,0.426638,25480,4725195,0.543112,8700223
1,2021-05-29,30668,8134554,18575,4211624,11130,3582792,963,340138,14620,1013093,0.116444,15890,3727739,0.428465,15637,4740832,0.544909,8700223
1,2021-05-30,11674,8146228,7530,4219154,3589,3586381,555,340693,5525,1013120,0.116448,6077,3733816,0.429163,6104,4746936,0.545611,8700223
1,2021-05-31,5726,8151954,3255,4222409,2217,3588598,254,340947,1992,1011703,0.116285,3676,3737492,0.429586,2259,4749195,0.54587,8700223
1,2021-06-01,45872,8197826,25927,4248336,18375,3606973,1570,342517,17375,1002560,0.115234,28161,3765653,0.432823,19018,4768213,0.548056,8700223
1,2021-06-02,40008,8237834,23196,4271532,15299,3622272,1513,344030,16131,996706,0.114561,23577,3789230,0.435533,17723,4785936,0.550093,8700223
1,2021-06-03,41393,8279227,25925,4297457,13780,3636052,1688,345718,15802,988983,0.113673,25285,3814515,0.438439,17562,4803498,0.552112,8700223
1,2021-06-04,50202,8329429,32102,4329559,16290,3652342,1810,347528,17962,976956,0.112291,31878,3846393,0.442103,19851,4823349,0.554394,8700223
1,2021-06-05,40360,8369789,27515,4357074,10839,3663181,2006,349534,14187,967246,0.111175,25955,3872348,0.445086,16245,4839594,0.556261,8700223
1,2021-06-06,13201,8382990,10562,4367636,2126,3665307,513,350047,4584,963870,0.110787,8533,3880881,0.446067,5157,4844751,0.556854,8700223
1,2021-06-07,34015,8417005,23422,4391058,9237,3674544,1356,351403,12099,955676,0.109845,21700,3902581,0.448561,13506,4858257,0.558406,8700223
1,2021-06-08,42268,8459273,29246,4420304,11366,3685910,1656,353059,14731,944894,0.108606,27259,3929840,0.451694,16477,4874734,0.5603,8700223
1,2021-06-09,42201,8501474,29262,4449566,11291,3697201,1648,354707,13757,932223,0.107149,28134,3957974,0.454928,15463,4890197,0.562077,8700223
1,2021-06-10,39132,8540606,26338,4475904,11093,3708294,1701,356408,13373,921892,0.105962,25508,3983482,0.45786,15177,4905374,0.563822,8700223
1,2021-06-11,44012,8584618,29191,4505095,13137,3721431,1684,358092,15691,911330,0.104748,28013,4011495,0.46108,17451,4922825,0.565827,8700223
1,2021-06-12,33764,8618382,24401,4529496,8150,3729581,1213,359305,11112,901291,0.103594,22432,4033927,0.463658,12393,4935218,0.567252,8700223
1,2021-06-13,11624,8630006,8442,4537938,2702,3732283,480,359785,3385,897020,0.103103,8169,4042096,0.464597,3898,4939116,0.5677,8700223
1,2021-06-14,30936,8660942,20827,4558765,8804,3741087,1305,361090,11590,890797,0.102388,19147,4061243,0.466798,12924,4952040,0.569185,8700223
1,2021-06-15,37257,8698199,24424,4583189,10975,3752062,1858,362948,13813,883386,0.101536,23174,4084417,0.469461,15763,4967803,0.570997,8700223
1,2021-06-16,35448,8733647,23923,4607112,9688,3761750,1837,364785,13288,876672,0.100764,21895,4106312,0.471978,15181,4982984,0.572742,8700223
1,2021-06-17,33591,8767238,22200,4629312,9445,3771195,1946,366731,13120,871602,0.100182,20232,4126544,0.474303,15162,4998146,0.574485,8700223
1,2021-06-18,39643,8806881,25743,4655055,11040,3782235,2860,369591,15411,865981,0.099535,23949,4150493,0.477056,18328,5016474,0.576591,8700223
1,2021-06-19,24026,8830907,16678,4671733,6147,3788382,1201,370792,9803,862970,0.099189,14053,4164546,0.478671,11042,5027516,0.577861,8700223
1,2021-06-20,8154,8839061,5972,4677705,1906,3790288,276,371068,3240,861648,0.099037,4849,4169395,0.479229,3527,5031043,0.578266,8700223
1,2021-06-21,20957,8860018,11857,4689562,6916,3797204,2184,373252,10929,864899,0.099411,9913,4179308,0.480368,13164,5044207,0.579779,8700223
1,2021-06-22,30805,8890823,20103,4709665,8562,3805766,2140,375392,12908,862328,0.099116,17683,4196991,0.4824,15112,5059319,0.581516,8700223
1,2021-06-23,29375,8920198,19713,4729378,7845,3813611,1817,377209,12826,860660,0.098924,16333,4213324,0.484278,14665,5073984,0.583202,8700223
1,2021-06-24,28389,8948587,18911,4748289,7807,3821418,1671,378880,12045,858306,0.098653,16139,4229463,0.486133,13785,5087769,0.584786,8700223
1,2021-06-25,31688,8980275,21472,4769761,8821,3830239,1395,380275,13951,856207,0.098412,17496,4246959,0.488144,15397,5103166,0.586556,8700223
1,2021-06-26,22218,9002493,16476,4786237,4915,3835154,827,381102,9704,854394,0.098204,12394,4259353,0.489568,10581,5113747,0.587772,8700223
1,2021-06-27,9150,9011643,6802,4793039,1916,3837070,432,381534,4057,853872,0.098144,5026,4264379,0.490146,4504,5118251,0.58829,8700223
1,2021-06-28,21106,9032749,15661,4808700,4195,3841265,1250,382784,9787,853833,0.098139,11126,4275505,0.491425,11087,5129338,0.589564,8700223
1,2021-06-29,26560,9059309,18157,4826857,7027,3848292,1376,384160,11698,852283,0.097961,14681,4290186,0.493112,13131,5142469,0.591073,8700223
1,2021-06-30,25863,9085172,17883,4844740,6929,3855221,1051,385211,12300,852360,0.09797,13346,4303532,0.494646,13423,5155892,0.592616,8700223
1,2021-07-01,23635,9108807,16435,4861175,5934,3861155,1266,386477,10945,852110,0.097941,12541,4316073,0.496088,12291,5168183,0.594029,8700223
1,2021-07-02,26333,9135140,18071,4879246,7223,3868378,1039,387516,12311,851712,0.097895,13831,4329904,0.497677,13433,5181616,0.595573,8700223
1,2021-07-03,14592,9149732,10203,4889449,3948,3872326,441,387957,6928,851582,0.09788,7532,4337436,0.498543,7402,5189018,0.596424,8700223
1,2021-07-04,1262,9150994,707,4890156,490,3872816,65,388022,606,851613,0.097884,647,4338083,0.498617,678,5189696,0.596501,8700223
1,2021-07-05,11006,9162000,7582,4897738,3060,3875876,364,388386,5221,851528,0.097874,5715,4343798,0.499274,5630,5195326,0.597149,8700223
1,2021-07-06,27079,9189079,19127,4916865,6818,3882694,1134,389520,10806,847480,0.097409,16088,4359886,0.501123,12040,5207366,0.598532,8700223
1,2021-07-07,23597,9212676,16544,4933409,5926,3888620,1127,390647,10154,845593,0.097192,13255,4373141,0.502647,11368,5218734,0.599839,8700223
1,2021-07-08,22675,9235351,15645,4949054,5945,3894565,1085,391732,9797,843823,0.096989,12743,4385884,0.504112,10973,5229707,0.6011,8700223
1,2021-07-09,26761,9262112,18933,4967987,6675,3901240,1153,392885,12068,842587,0.096847,14518,4400402,0.50578,13282,5242989,0.602627,8700223
1,2021-07-10,17650,9279762,12737,4980724,4156,3905396,757,393642,7846,841559,0.096728,9681,4410083,0.506893,8653,5251642,0.603622,8700223
1,2021-07-11,6741,9286503,4923,4985647,1617,3907013,201,393843,3248,841585,0.096731,3441,4413524,0.507289,3467,5255109,0.60402,8700223
1,2021-07-12,20063,9306566,14397,5000044,4788,3911801,878,394721,8888,840409,0.096596,11036,4424560,0.508557,9860,5264969,0.605153,8700223
1,2021-07-13,22071,9328637,15407,5015451,5869,3917670,795,395516,10311,839984,0.096547,11619,4436179,0.509893,11194,5276163,0.60644,8700223
1,2021-07-14,22075,9350712,15141,5030592,5961,3923631,973,396489,9919,838993,0.096434,11996,4448175,0.511271,11005,5287168,0.607705,8700223
1,2021-07-15,21485,9372197,15285,5045877,5480,3929111,720,397209,10311,839097,0.096445,11031,4459206,0.512539,11135,5298303,0.608985,8700223
1,2021-07-16,26470,9398667,18519,5064396,6965,3936076,986,398195,13050,839962,0.096545,13258,4472464,0.514063,14123,5312426,0.610608,8700223
1,2021-07-17,18379,9417046,13253,5077649,4424,3940500,702,398897,9012,840467,0.096603,9243,4481707,0.515126,9748,5322174,0.611728,8700223
1,2021-07-18,7425,9424471,5478,5083127,1661,3942161,286,399183,3799,841000,0.096664,3569,4485276,0.515536,4102,5326276,0.6122,8700223
1,2021-07-19,20737,9445208,15039,5098166,4876,3947037,822,400005,10407,842133,0.096794,10197,4495473,0.516708,11330,5337606,0.613502,8700223
1,2021-07-20,24429,9469637,16914,5115080,6657,3953694,858,400863,12556,843951,0.097003,11688,4507161,0.518051,13506,5351112,0.615055,8700223
1,2021-07-21,24812,9494449,17455,5132535,6165,3959859,1192,402055,12684,845966,0.097235,11978,4519139,0.519428,13993,5365105,0.616663,8700223
1,2021-07-22,23990,9518439,16946,5149481,6220,3966079,824,402879,13095,849263,0.097614,10710,4529849,0.520659,14007,5379112,0.618273,8700223
1,2021-07-23,28275,9546714,19940,5169421,7337,3973416,998,403877,15727,853684,0.098122,12369,4542218,0.522081,16790,5395902,0.620203,8700223
1,2021-07-24,17882,9564596,12630,5182051,4698,3978114,554,404431,10546,857587,0.098571,7222,4549440,0.522911,11125,5407027,0.621481,8700223
1,2021-07-25,7365,9571961,5286,5187337,1972,3980086,107,404538,5501,861387,0.099007,1827,4551267,0.523121,5627,5412654,0.622128,8700223
1,2021-07-26,20840,9592801,14382,5201719,5727,3985813,731,405269,13429,868323,0.099805,7293,4558560,0.523959,14229,5426883,0.623764,8700223
1,2021-07-27,26237,9619038,18680,5220399,6646,3992459,911,406180,15508,874236,0.100484,10563,4569123,0.525173,16476,5443359,0.625657,8700223
1,2021-07-28,26938,9645976,19050,5239449,7041,3999500,847,407027,16569,881534,0.101323,10187,4579310,0.526344,17485,5460844,0.627667,8700223
1,2021-07-29,25098,9671074,17785,5257234,6615,4006115,698,407725,15751,888847,0.102164,9192,4588502,0.527401,16505,5477349,0.629564,8700223
1,2021-07-30,27871,9698945,19867,5277101,7241,4013356,763,408488,17111,896190,0.103008,10583,4599085,0.528617,17926,5495275,0.631625,8700223
1,2021-07-31,12061,9711006,8758,5285859,2942,4016298,361,408849,7445,899478,0.103386,4535,4603620,0.529138,7823,5503098,0.632524,8700223
2,2020-12-15,249,249,249,249,0,0,0,0,249,249,3e-05,0,0,0.0,249,249,3e-05,8407551
2,2020-12-16,2121,2370,2121,2370,0,0,0,0,2120,2369,0.000282,0,0,0.0,2120,2369,0.000282,8407551
2,2020-12-17,6932,9302,6932,9302,0,0,0,0,6933,9302,0.001106,0,0,0.0,6933,9302,0.001106,8407551
2,2020-12-18,11105,20407,11085,20387,20,20,0,0,11105,20407,0.002427,0,0,0.0,11105,20407,0.002427,8407551
2,2020-12-19,5629,26036,5623,26010,6,26,0,0,5630,26037,0.003097,0,0,0.0,5630,26037,0.003097,8407551
2,2020-12-20,4260,30296,4249,30259,11,37,0,0,4255,30291,0.003603,1,1,0.0,4255,30292,0.003603,8407551
2,2020-12-21,12805,43101,12776,43035,29,66,0,0,12760,43051,0.005121,0,1,0.0,12760,43052,0.005121,8407551
2,2020-12-22,12163,55264,11645,54680,518,584,0,0,12161,55212,0.006567,0,1,0.0,12161,55213,0.006567,8407551
2,2020-12-23,11729,66993,9504,64184,2225,2809,0,0,11732,66944,0.007962,1,2,0.0,11733,66946,0.007963,8407551
2,2020-12-24,5909,72902,3497,67681,2412,5221,0,0,5904,72846,0.008664,4,6,1e-06,5906,72852,0.008665,8407551
2,2020-12-25,488,73390,409,68090,79,5300,0,0,490,73336,0.008723,0,6,1e-06,490,73342,0.008723,8407551
2,2020-12-26,2559,75949,1661,69751,898,6198,0,0,2560,75895,0.009027,1,7,1e-06,2560,75902,0.009028,8407551
2,2020-12-27,2233,78182,1214,70965,1019,7217,0,0,2230,78123,0.009292,2,9,1e-06,2230,78132,0.009293,8407551
2,2020-12-28,11039,89221,7173,78138,3866,11083,0,0,11038,89159,0.010605,2,11,1e-06,11038,89170,0.010606,8407551
2,2020-12-29,12740,101961,7161,85299,5579,16662,0,0,12745,101904,0.012121,0,11,1e-06,12745,101915,0.012122,8407551
2,2020-12-30,15471,117432,8675,93974,6796,23458,0,0,15465,117366,0.01396,5,16,2e-06,15467,117382,0.013961,8407551
2,2020-12-31,7588,125020,2831,96805,4757,28215,0,0,7581,124942,0.014861,5,21,2e-06,7581,124963,0.014863,8407551
2,2021-01-01,1253,126273,621,97426,632,28847,0,0,1252,126190,0.015009,4,25,3e-06,1252,126215,0.015012,8407551
2,2021-01-02,4854,131127,2768,100194,2086,30933,0,0,4851,131039,0.015586,2,27,3e-06,4851,131066,0.015589,8407551
2,2021-01-03,1413,132540,795,100989,618,31551,0,0,1405,132440,0.015753,4,31,4e-06,1405,132471,0.015756,8407551
2,2021-01-04,11698,144238,5561,106550,6137,37688,0,0,11688,144125,0.017142,3,34,4e-06,11688,144159,0.017146,8407551
2,2021-01-05,13895,158133,6948,113498,6947,44635,0,0,12670,155613,0.018509,1217,1251,0.000149,12705,156864,0.018658,8407551
2,2021-01-06,19047,177180,10503,124001,8544,53179,0,0,15215,167066,0.019871,3773,5024,0.000598,15226,172090,0.020469,8407551
2,2021-01-07,23324,200504,13147,137148,10177,63356,0,0,15623,175001,0.020815,7704,12728,0.001514,15639,187729,0.022329,8407551
2,2021-01-08,26921,227425,16229,153377,10692,74048,0,0,16577,181316,0.021566,10288,23016,0.002738,16603,204332,0.024303,8407551
2,2021-01-09,9880,237305,5782,159159,4098,78146,0,0,6292,184036,0.021889,3579,26595,0.003163,6299,210631,0.025053,8407551
2,2021-01-10,5317,242622,2972,162131,2345,80491,0,0,3048,184821,0.021983,2269,28864,0.003433,3054,213685,0.025416,8407551
2,2021-01-11,26048,268670,18009,180140,8039,88530,0,0,14929,188686,0.022442,11115,39979,0.004755,14980,228665,0.027198,8407551
2,2021-01-12,26387,295057,16382,196522,10005,98535,0,0,16767,195921,0.023303,9621,49600,0.005899,16856,245521,0.029202,8407551
2,2021-01-13,28594,323651,15164,211686,13430,111965,0,0,20574,208525,0.024802,8001,57601,0.006851,20605,266126,0.031653,8407551
2,2021-01-14,30617,354268,11667,223353,18950,130915,0,0,26315,230608,0.027429,4309,61910,0.007364,26392,292518,0.034792,8407551
2,2021-01-15,35112,389380,12699,236052,22413,153328,0,0,31812,259221,0.030832,3291,65201,0.007755,31904,324422,0.038587,8407551
2,2021-01-16,18119,407499,5998,242050,12121,165449,0,0,16779,274657,0.032668,1355,66556,0.007916,16791,341213,0.040584,8407551
2,2021-01-17,10548,418047,3555,245605,6993,172442,0,0,9815,283734,0.033748,748,67304,0.008005,9825,351038,0.041753,8407551
2,2021-01-18,19772,437819,11050,256655,8722,181164,0,0,14952,293908,0.034958,4839,72143,0.008581,15013,366051,0.043538,8407551
2,2021-01-19,32635,470454,16961,273616,15674,196838,0,0,24589,310569,0.036939,8044,80187,0.009537,24705,390756,0.046477,8407551
2,2021-01-20,37650,508104,18987,292603,18663,215501,0,0,29022,331085,0.039379,8597,88784,0.01056,29113,419869,0.04994,8407551
2,2021-01-21,41026,549130,17435,310038,23591,239092,0,0,36509,363287,0.04321,4485,93269,0.011093,36687,456556,0.054303,8407551
2,2021-01-22,39635,588765,16566,326604,23069,262161,0,0,36273,396209,0.047125,3379,96648,0.011495,36301,492857,0.058621,8407551
2,2021-01-23,24148,612913,10791,337395,13357,275518,0,0,21169,414449,0.049295,2959,99607,0.011847,21199,514056,0.061142,8407551
2,2021-01-24,12446,625359,6107,343502,6339,281857,0,0,11526,425085,0.05056,904,100511,0.011955,11540,525596,0.062515,8407551
2,2021-01-25,33933,659292,15608,359110,18325,300182,0,0,25086,441517,0.052514,8795,109306,0.013001,25227,550823,0.065515,8407551
2,2021-01-26,40412,699704,19785,378895,20627,320809,0,0,31170,463557,0.055136,9217,118523,0.014097,31257,582080,0.069233,8407551
2,2021-01-27,45683,745387,22662,401557,23021,343830,0,0,35326,488716,0.058128,10229,128752,0.015314,35388,617468,0.073442,8407551
2,2021-01-28,47939,793326,22374,423931,25565,369395,0,0,39188,519295,0.061765,8684,137436,0.016347,39263,656731,0.078112,8407551
2,2021-01-29,45596,838922,21998,445929,23598,392993,0,0,36825,547540,0.065125,8644,146080,0.017375,36889,693620,0.0825,8407551
2,2021-01-30,31290,870212,13317,459246,17973,410966,0,0,27884,572088,0.068045,3368,149448,0.017775,27916,721536,0.08582,8407551
2,2021-01-31,17167,887379,10214,469460,6953,417919,0,0,15955,586875,0.069803,1190,150638,0.017917,15977,737513,0.08772,8407551
2,2021-02-01,41104,928483,19697,489157,21407,439326,0,0,29968,605805,0.072055,11077,161715,0.019234,30007,767520,0.091289,8407551
2,2021-02-02,47930,976413,19470,508627,28460,467786,0,0,36381,630819,0.07503,11462,173177,0.020598,36476,803996,0.095628,8407551
2,2021-02-03,54048,1030461,23798,532425,30250,498036,0,0,39787,656545,0.07809,14157,187334,0.022282,39883,843879,0.100372,8407551
2,2021-02-04,56246,1086707,24160,556585,32086,530122,0,0,40949,682406,0.081166,15187,202521,0.024088,41048,884927,0.105254,8407551
2,2021-02-05,60144,1146851,26220,582805,33924,564046,0,0,40563,703785,0.083709,19371,221892,0.026392,40750,925677,0.110101,8407551
2,2021-02-06,39368,1186219,18360,601165,21008,585054,0,0,31371,727329,0.086509,7921,229813,0.027334,31465,957142,0.113843,8407551
2,2021-02-07,15724,1201943,10441,611606,5283,590337,0,0,11937,735577,0.08749,3758,233571,0.027781,12006,969148,0.115271,8407551
2,2021-02-08,43086,1245029,21886,633492,21200,611537,0,0,29483,751810,0.089421,13459,247030,0.029382,29692,998840,0.118803,8407551
2,2021-02-09,49637,1294666,23429,656921,26208,637745,0,0,30652,764126,0.090886,18682,265712,0.031604,30998,1029838,0.12249,8407551
2,2021-02-10,59631,1354297,27907,684828,31724,669469,0,0,34393,773927,0.092051,24948,290660,0.034571,34749,1064587,0.126623,8407551
2,2021-02-11,64311,1418608,29538,714366,34773,704242,0,0,35803,782091,0.093022,28143,318803,0.037919,36307,1100894,0.130941,8407551
2,2021-02-12,65617,1484225,28207,742573,37410,741652,0,0,34837,787122,0.093621,30467,349270,0.041542,35498,1136392,0.135163,8407551
2,2021-02-13,38130,1522355,15908,758481,22222,763874,0,0,22001,793479,0.094377,16025,365295,0.043448,22382,1158774,0.137825,8407551
2,2021-02-14,20148,1542503,9358,767839,10790,774664,0,0,11195,796137,0.094693,8902,374197,0.044507,11560,1170334,0.1392,8407551
2,2021-02-15,33299,1575802,15002,782841,18297,792961,0,0,18455,800743,0.095241,14705,388902,0.046256,19311,1189645,0.141497,8407551
2,2021-02-16,56545,1632347,27716,810557,28829,821790,0,0,29768,804527,0.095691,26657,415559,0.049427,30441,1220086,0.145118,8407551
2,2021-02-17,61864,1694211,31820,842377,30044,851834,0,0,30705,804999,0.095747,31059,446618,0.053121,31531,1251617,0.148868,8407551
2,2021-02-18,66505,1760716,33511,875888,32994,884828,0,0,32374,804661,0.095707,33862,480480,0.057149,33524,1285141,0.152856,8407551
2,2021-02-19,59864,1820580,33143,909031,26721,911549,0,0,29714,805028,0.095751,29953,510433,0.060711,30320,1315461,0.156462,8407551
2,2021-02-20,37852,1858432,24561,933592,13291,924840,0,0,20562,809090,0.096234,17183,527616,0.062755,21245,1336706,0.158989,8407551
2,2021-02-21,21755,1880187,17601,951193,4154,928994,0,0,10787,809801,0.096318,10877,538493,0.064049,11588,1348294,0.160367,8407551
2,2021-02-22,39502,1919689,26981,978174,12521,941515,0,0,18681,808495,0.096163,20665,559158,0.066507,19359,1367653,0.16267,8407551
2,2021-02-23,53927,1973616,27517,1005691,26410,967925,0,0,23618,803971,0.095625,30041,589199,0.07008,25517,1393170,0.165705,8407551
2,2021-02-24,71243,2044859,36683,1042374,34560,1002485,0,0,32656,800632,0.095228,38368,627567,0.074643,35029,1428199,0.169871,8407551
2,2021-02-25,77326,2122185,36553,1078927,40773,1043258,0,0,39244,804898,0.095735,37802,665369,0.079139,42068,1470267,0.174875,8407551
2,2021-02-26,85943,2208128,36813,1115740,49130,1092388,0,0,46213,813895,0.096805,39412,704781,0.083827,48409,1518676,0.180632,8407551
2,2021-02-27,63015,2271143,29289,1145029,33718,1126106,8,8,34128,820725,0.097618,28641,733422,0.087234,35471,1554147,0.184851,8407551
2,2021-02-28,30983,2302126,18573,1163602,12409,1138515,1,9,18018,826747,0.098334,12834,746256,0.08876,18856,1573003,0.187094,8407551
2,2021-03-01,58757,2360883,30677,1194279,28030,1166545,50,59,32019,833606,0.09915,26413,772669,0.091902,33272,1606275,0.191051,8407551
2,2021-03-02,70363,2431246,33752,1228031,36600,1203145,11,70,39364,844513,0.100447,30806,803475,0.095566,41713,1647988,0.196013,8407551
2,2021-03-03,81443,2512689,39249,1267280,42179,1245324,15,85,46023,857936,0.102044,35202,838677,0.099753,48625,1696613,0.201796,8407551
2,2021-03-04,89122,2601811,43621,1310901,45470,1290794,31,116,51371,874227,0.103981,37495,876172,0.104213,53786,1750399,0.208194,8407551
2,2021-03-05,82820,2684631,38876,1349777,43635,1334429,309,425,50472,895286,0.106486,32115,908287,0.108032,53174,1803573,0.214518,8407551
2,2021-03-06,63321,2747952,30908,1380685,30711,1365140,1702,2127,38837,912913,0.108583,24344,932631,0.110928,41971,1845544,0.21951,8407551
2,2021-03-07,28618,2776570,16256,1396941,10820,1375960,1542,3669,18141,923300,0.109818,10406,943037,0.112165,20793,1866337,0.221983,8407551
2,2021-03-08,50871,2827441,23325,1420266,24979,1400939,2567,6236,31955,940651,0.111882,18808,961845,0.114403,36159,1902496,0.226284,8407551
2,2021-03-09,70720,2898161,32210,1452476,34654,1435593,3856,10092,39129,953526,0.113413,31446,993291,0.118143,44321,1946817,0.231556,8407551
2,2021-03-10,78573,2976734,37162,1489638,34854,1470447,6557,16649,41689,966437,0.114949,36655,1029946,0.122502,49566,1996383,0.237451,8407551
2,2021-03-11,93386,3070120,43071,1532709,41936,1512383,8379,25028,48719,980588,0.116632,44336,1074282,0.127776,58487,2054870,0.244408,8407551
2,2021-03-12,94257,3164377,38755,1571464,43530,1555913,11972,37000,46882,993736,0.118196,47107,1121389,0.133379,60255,2115125,0.251574,8407551
2,2021-03-13,69329,3233706,29005,1600469,32314,1588227,8010,45010,38071,1009990,0.120129,31117,1152506,0.13708,47371,2162496,0.257209,8407551
2,2021-03-14,37062,3270768,18325,1618794,14216,1602443,4521,49531,18597,1015491,0.120783,18357,1170863,0.139263,23858,2186354,0.260046,8407551
2,2021-03-15,67540,3338308,30479,1649273,32045,1634488,5016,54547,37181,1028650,0.122348,30129,1200992,0.142847,43288,2229642,0.265195,8407551
2,2021-03-16,86454,3424762,38260,1687533,44167,1678655,4027,58574,52244,1052051,0.125132,33994,1234986,0.14689,57395,2287037,0.272022,8407551
2,2021-03-17,93034,3517796,44566,1732099,44271,1722926,4197,62771,58924,1082161,0.128713,33826,1268812,0.150913,63936,2350973,0.279626,8407551
2,2021-03-18,98384,3616180,46930,1779029,46855,1769781,4599,67370,59704,1108669,0.131866,38352,1307164,0.155475,64860,2415833,0.287341,8407551
2,2021-03-19,97700,3713880,46229,1825258,45334,1815115,6137,73507,57706,1133348,0.134801,39676,1346840,0.160194,64355,2480188,0.294995,8407551
2,2021-03-20,70075,3783955,33969,1859227,32138,1847253,3968,77475,45678,1159200,0.137876,24155,1370995,0.163067,50007,2530195,0.300943,8407551
2,2021-03-21,33461,3817416,21612,1880839,9850,1857103,1999,79474,19950,1168220,0.138949,13359,1384354,0.164656,22379,2552574,0.303605,8407551
2,2021-03-22,62978,3880394,34666,1915505,25677,1882780,2635,82109,41680,1192374,0.141822,21055,1405409,0.16716,45209,2597783,0.308982,8407551
2,2021-03-23,84088,3964482,44682,1960187,36488,1919268,2918,85027,52272,1216883,0.144737,31521,1436930,0.170909,56030,2653813,0.315646,8407551
2,2021-03-24,92035,4056517,49413,2009600,39446,1958714,3176,88203,53714,1236614,0.147084,37974,1474904,0.175426,57705,2711518,0.32251,8407551
2,2021-03-25,101676,4158193,51261,2060861,46517,2005231,3898,92101,57265,1254511,0.149212,44026,1518930,0.180663,61923,2773441,0.329875,8407551
2,2021-03-26,103748,4261941,51411,2112272,48837,2054068,3500,95601,56401,1268515,0.150878,46940,1565870,0.186246,60944,2834385,0.337124,8407551
2,2021-03-27,75914,4337855,37851,2150123,34755,2088823,3308,98909,37839,1272718,0.151378,37802,1603672,0.190742,42005,2876390,0.34212,8407551
2,2021-03-28,37825,4375680,23354,2173477,13660,2102483,811,99720,20141,1276967,0.151883,17549,1621221,0.192829,21798,2898188,0.344713,8407551
2,2021-03-29,71601,4447281,36387,2209864,32937,2135420,2277,101997,40532,1289836,0.153414,30843,1652064,0.196498,43712,2941900,0.349912,8407551
2,2021-03-30,92242,4539523,45199,2255063,42657,2178077,4386,106383,51624,1306049,0.155342,40400,1692464,0.201303,56613,2998513,0.356645,8407551
2,2021-03-31,101445,4640968,52289,2307352,44041,2222118,5115,111498,57348,1325085,0.157607,43773,1736237,0.206509,62809,3061322,0.364116,8407551
2,2021-04-01,117873,4758841,56918,2364270,51701,2273819,9254,120752,63999,1345292,0.16001,53447,1789684,0.212866,73654,3134976,0.372876,8407551
2,2021-04-02,111839,4870680,51513,2415783,50110,2323929,10216,130968,59878,1364288,0.162269,51558,1841242,0.218999,70554,3205530,0.381268,8407551
2,2021-04-03,76920,4947600,37780,2453563,29306,2353235,9834,140802,38037,1373867,0.163409,38669,1879911,0.223598,48248,3253778,0.387007,8407551
2,2021-04-04,29026,4976626,14934,2468497,10231,2363466,3861,144663,13019,1374878,0.163529,15896,1895807,0.225489,16907,3270685,0.389018,8407551
2,2021-04-05,79242,5055868,38843,2507340,31544,2395010,8855,153518,38169,1381757,0.164347,40881,1936688,0.230351,47760,3318445,0.394698,8407551
2,2021-04-06,104125,5159993,50689,2558029,38709,2433719,14727,168245,49292,1391620,0.16552,54541,1991229,0.236838,64404,3382849,0.402358,8407551
2,2021-04-07,110683,5270676,55205,2613234,39189,2472908,16289,184534,52014,1401813,0.166733,58359,2049588,0.243779,68552,3451401,0.410512,8407551
2,2021-04-08,119521,5390197,57534,2670768,43223,2516131,18764,203298,55410,1412803,0.16804,63728,2113316,0.251359,74718,3526119,0.419399,8407551
2,2021-04-09,119086,5509283,57305,2728073,43641,2559772,18140,221438,56289,1425654,0.169568,62409,2175725,0.258782,75260,3601379,0.428351,8407551
2,2021-04-10,87733,5597016,37852,2765925,31437,2591209,18444,239882,36116,1429532,0.17003,51351,2227076,0.26489,55229,3656608,0.43492,8407551
2,2021-04-11,44519,5641535,23089,2789014,12950,2604159,8480,248362,18218,1430795,0.17018,26151,2253227,0.268,27414,3684022,0.43818,8407551
2,2021-04-12,80159,5721694,37306,2826320,33411,2637570,9442,257804,35657,1432660,0.170402,44223,2297450,0.27326,46088,3730110,0.443662,8407551
2,2021-04-13,102152,5823846,53003,2879323,48888,2686458,261,258065,55897,1443736,0.171719,45976,2343426,0.278729,57052,3787162,0.450448,8407551
2,2021-04-14,106905,5930751,55999,2935322,50852,2737310,54,258119,54542,1447724,0.172193,52044,2395470,0.284919,56032,3843194,0.457112,8407551
2,2021-04-15,113288,6044039,60122,2995444,53080,2790390,86,258205,58995,1453989,0.172938,53885,2449355,0.291328,60150,3903344,0.464266,8407551
2,2021-04-16,110935,6154974,57493,3052937,53387,2843777,55,258260,56252,1456826,0.173276,54320,2503675,0.297789,57157,3960501,0.471065,8407551
2,2021-04-17,83628,6238602,42531,3095468,41083,2884860,14,258274,46709,1467754,0.174576,36663,2540338,0.30215,47591,4008092,0.476725,8407551
2,2021-04-18,35726,6274328,21656,3117124,14063,2898923,7,258281,17018,1467192,0.174509,18570,2558908,0.304358,18008,4026100,0.478867,8407551
2,2021-04-19,74949,6349277,40326,3157450,34605,2933528,18,258299,34079,1461318,0.17381,40591,2599499,0.309186,34717,4060817,0.482996,8407551
2,2021-04-20,97744,6447021,49465,3206915,48252,2981780,27,258326,47238,1459177,0.173556,50150,2649649,0.315151,48009,4108826,0.488707,8407551
2,2021-04-21,103945,6550966,56257,3263172,47628,3029408,60,258386,49000,1454751,0.173029,54458,2704107,0.321628,50032,4158858,0.494657,8407551
2,2021-04-22,108453,6659419,56072,3319244,52356,3081764,25,258411,47391,1442441,0.171565,60620,2764727,0.328839,48310,4207168,0.500404,8407551
2,2021-04-23,108044,6767463,57470,3376714,50555,3132319,19,258430,49909,1435588,0.17075,57702,2822429,0.335702,50849,4258017,0.506452,8407551
2,2021-04-24,81055,6848518,47726,3424440,33289,3165608,40,258470,42209,1440285,0.171309,38483,2860912,0.340279,43180,4301197,0.511587,8407551
2,2021-04-25,36617,6885135,22544,3446984,14058,3179666,15,258485,19911,1444125,0.171765,16552,2877464,0.342248,20392,4321589,0.514013,8407551
2,2021-04-26,74363,6959498,41185,3488169,32870,3212536,308,258793,34203,1440205,0.171299,39878,2917342,0.346991,35958,4357547,0.51829,8407551
2,2021-04-27,88446,7047944,46651,3534820,40429,3252965,1366,260159,37940,1430642,0.170162,50110,2967452,0.352951,40547,4398094,0.523112,8407551
2,2021-04-28,88326,7136270,47200,3582020,39254,3292219,1872,262031,38983,1423421,0.169303,48988,3016440,0.358777,41767,4439861,0.52808,8407551
2,2021-04-29,91307,7227577,49724,3631744,39867,3332086,1716,263747,35451,1405740,0.1672,55450,3071890,0.365373,37769,4477630,0.532572,8407551
2,2021-04-30,95044,7322621,52524,3684268,40512,3372598,2008,265755,36951,1387744,0.165059,57610,3129500,0.372225,39614,4517244,0.537284,8407551
2,2021-05-01,62574,7385195,38168,3722436,22818,3395416,1588,267343,24381,1376700,0.163746,37863,3167363,0.376728,26819,4544063,0.540474,8407551
2,2021-05-02,29263,7414458,20347,3742783,7937,3403353,979,268322,11112,1370861,0.163051,18017,3185380,0.378871,12178,4556241,0.541922,8407551
2,2021-05-03,60686,7475144,36020,3778803,22603,3425956,2063,270385,20423,1353631,0.161002,39982,3225362,0.383627,22752,4578993,0.544629,8407551
2,2021-05-04,80069,7555213,47811,3826614,29870,3455826,2388,272773,26008,1328720,0.158039,53702,3279064,0.390014,28791,4607784,0.548053,8407551
2,2021-05-05,80683,7635896,48058,3874672,30276,3486102,2349,275122,25268,1301686,0.154823,55017,3334081,0.396558,27983,4635767,0.551381,8407551
2,2021-05-06,83168,7719064,50510,3925182,29730,3515832,2928,278050,25340,1273257,0.151442,57334,3391415,0.403377,28905,4664672,0.554819,8407551
2,2021-05-07,83813,7802877,48391,3973573,32992,3548824,2430,280480,25763,1244258,0.147993,57650,3449065,0.410234,28651,4693323,0.558227,8407551
2,2021-05-08,55620,7858497,33696,4007269,20204,3569028,1720,282200,17445,1226224,0.145848,37929,3486994,0.414746,19895,4713218,0.560593,8407551
2,2021-05-09,21851,7880348,15721,4022990,5380,3574408,750,282950,6359,1218160,0.144889,15404,3502398,0.416578,7340,4720558,0.561466,8407551
2,2021-05-10,50304,7930652,27409,4050399,21016,3595424,1879,284829,14199,1199003,0.14261,35841,3538239,0.420841,16684,4737242,0.563451,8407551
2,2021-05-11,66248,7996900,35858,4086257,28267,3623691,2123,286952,19969,1175816,0.139852,45967,3584206,0.426308,22780,4760022,0.56616,8407551
2,2021-05-12,65103,8062003,34706,4120963,28177,3651868,2220,289172,19186,1152007,0.137021,45603,3629809,0.431732,21794,4781816,0.568753,8407551
2,2021-05-13,70863,8132866,41177,4162140,27740,3679608,1946,291118,25945,1136008,0.135118,44627,3674436,0.43704,28628,4810444,0.572158,8407551
2,2021-05-14,79778,8212644,47814,4209954,29702,3709310,2262,293380,30620,1120750,0.133303,48785,3723221,0.442843,33527,4843971,0.576145,8407551
2,2021-05-15,66357,8279001,43592,4253546,21046,3730356,1719,295099,25705,1108167,0.131806,40398,3763619,0.447647,27815,4871786,0.579454,8407551
2,2021-05-16,31610,8310611,23636,4277182,7047,3737403,927,296026,12852,1103450,0.131245,18624,3782243,0.449863,13907,4885693,0.581108,8407551
2,2021-05-17,57983,8368594,36731,4313913,19312,3756715,1940,297966,22844,1093699,0.130085,34895,3817138,0.454013,25144,4910837,0.584098,8407551
2,2021-05-18,70102,8438696,41025,4354938,27110,3783825,1967,299933,27836,1082051,0.1287,41991,3859129,0.459008,30343,4941180,0.587707,8407551
2,2021-05-19,68788,8507484,40698,4395636,26081,3809906,2009,301942,27193,1070440,0.127319,41281,3900410,0.463917,29670,4970850,0.591236,8407551
2,2021-05-20,69429,8576913,40246,4435882,26997,3836903,2186,304128,26370,1056861,0.125704,42723,3943133,0.468999,29144,4999994,0.594703,8407551
2,2021-05-21,72790,8649703,42951,4478833,27680,3864583,2159,306287,27606,1042357,0.123979,44823,3987956,0.47433,30319,5030313,0.598309,8407551
2,2021-05-22,53390,8703093,33819,4512652,17796,3882379,1775,308062,22274,1036062,0.12323,30881,4018837,0.478003,24586,5054899,0.601233,8407551
2,2021-05-23,24408,8727501,16651,4529303,7032,3889411,725,308787,10253,1033153,0.122884,14027,4032864,0.479672,11118,5066017,0.602556,8407551
2,2021-05-24,44749,8772250,25411,4554714,17570,3906981,1768,310555,17160,1025053,0.121921,27369,4060233,0.482927,19269,5085286,0.604847,8407551
2,2021-05-25,50720,8822970,29686,4584400,19169,3926150,1865,312420,19252,1015548,0.12079,31160,4091393,0.486633,21655,5106941,0.607423,8407551
2,2021-05-26,48660,8871630,27240,4611640,19734,3945884,1686,314106,18977,1007200,0.119797,29353,4120746,0.490124,21005,5127946,0.609921,8407551
2,2021-05-27,46535,8918165,26362,4638002,18436,3964320,1737,315843,18551,1000251,0.118971,27739,4148485,0.493424,20790,5148736,0.612394,8407551
2,2021-05-28,49986,8968151,27601,4665603,20410,3984730,1975,317818,20963,994855,0.118329,28762,4177247,0.496845,23366,5172102,0.615173,8407551
2,2021-05-29,28962,8997113,17351,4682954,10553,3995283,1058,318876,13238,993754,0.118198,15567,4192814,0.498696,14466,5186568,0.616894,8407551
2,2021-05-30,12650,9009763,8148,4691102,3737,3999020,765,319641,5523,993036,0.118112,7072,4199886,0.499537,6354,5192922,0.61765,8407551
2,2021-05-31,5878,9015641,3434,4694536,2141,4001161,303,319944,1822,991214,0.117896,3996,4203882,0.500013,2174,5195096,0.617908,8407551
2,2021-06-01,44729,9060370,25685,4720221,17382,4018543,1662,321606,15564,979951,0.116556,28865,4232747,0.503446,17602,5212698,0.620002,8407551
2,2021-06-02,38178,9098548,22461,4742682,14309,4032852,1408,323014,14933,973611,0.115802,22982,4255729,0.506179,16642,5229340,0.621981,8407551
2,2021-06-03,41347,9139895,26616,4769298,13265,4046117,1466,324480,13904,962160,0.11444,27204,4282933,0.509415,15753,5245093,0.623855,8407551
2,2021-06-04,47970,9187865,31332,4800630,15100,4061217,1538,326018,15496,947541,0.112701,32176,4315109,0.513242,17557,5262650,0.625943,8407551
2,2021-06-05,37837,9225702,26978,4827608,9395,4070612,1464,327482,11806,935425,0.11126,25804,4340913,0.516311,13688,5276338,0.627571,8407551
2,2021-06-06,14892,9240594,12217,4839825,2096,4072708,579,328061,4669,930704,0.110699,10158,4351071,0.517519,5437,5281775,0.628218,8407551
2,2021-06-07,33241,9273835,23253,4863078,8714,4081422,1274,329335,10788,920706,0.109509,22305,4373376,0.520172,12307,5294082,0.629682,8407551
2,2021-06-08,40600,9314435,28731,4891809,10498,4091920,1371,330706,12459,907015,0.107881,27893,4401269,0.52349,14202,5308284,0.631371,8407551
2,2021-06-09,38116,9352551,26607,4918416,10013,4101933,1496,332202,11524,893959,0.106328,26399,4427668,0.52663,13343,5321627,0.632958,8407551
2,2021-06-10,37733,9390284,26232,4944648,9976,4111909,1525,333727,11585,881593,0.104857,25947,4453615,0.529716,13581,5335208,0.634573,8407551
2,2021-06-11,41218,9431502,27346,4971994,12205,4124114,1667,335394,13206,869015,0.103361,27748,4481363,0.533016,15170,5350378,0.636378,8407551
2,2021-06-12,29370,9460872,21605,4993599,6853,4130967,912,336306,8662,858241,0.10208,20570,4501933,0.535463,9796,5360174,0.637543,8407551
2,2021-06-13,12208,9473080,8911,5002510,2679,4133646,618,336924,3102,853086,0.101467,9042,4510975,0.536539,3887,5364061,0.638005,8407551
2,2021-06-14,29853,9502933,21183,5023693,7475,4141121,1195,338119,10347,845495,0.100564,19340,4530315,0.538839,11749,5375810,0.639403,8407551
2,2021-06-15,35507,9538440,23625,5047318,9837,4150958,2045,340164,11930,836505,0.099494,23340,4553655,0.541615,14350,5390160,0.641109,8407551
2,2021-06-16,32885,9571325,22669,5069987,8427,4159385,1789,341953,11301,828492,0.098541,21414,4575069,0.544162,13401,5403561,0.642703,8407551
2,2021-06-17,30775,9602100,20543,5090530,8438,4167823,1794,343747,10875,821642,0.097727,19725,4594794,0.546508,12875,5416436,0.644235,8407551
2,2021-06-18,34666,9636766,22842,5113372,9954,4177777,1870,345617,12644,814610,0.09689,21802,4616596,0.549101,14770,5431206,0.645991,8407551
2,2021-06-19,20902,9657668,14547,5127919,5096,4182873,1259,346876,7899,811118,0.096475,12843,4629439,0.550629,9351,5440557,0.647104,8407551
2,2021-06-20,8266,9665934,5907,5133826,1895,4184768,464,347340,3058,809541,0.096287,5166,4634605,0.551243,3589,5444146,0.647531,8407551
2,2021-06-21,19294,9685228,11807,5145633,6170,4190938,1317,348657,9865,811590,0.096531,9314,4643919,0.552351,11363,5455509,0.648882,8407551
2,2021-06-22,26834,9712062,18378,5164011,7082,4198020,1374,350031,10524,807613,0.096058,16146,4660065,0.554271,12169,5467678,0.650329,8407551
2,2021-06-23,25856,9737918,17853,5181864,6386,4204406,1617,351648,10534,804877,0.095733,15180,4675245,0.556077,12444,5480122,0.65181,8407551
2,2021-06-24,25292,9763210,17213,5199077,6566,4210972,1513,353161,10446,802364,0.095434,14699,4689944,0.557825,12186,5492308,0.653259,8407551
2,2021-06-25,28643,9791853,19421,5218498,7740,4218712,1482,354643,11969,799528,0.095096,16514,4706458,0.559789,13678,5505986,0.654886,8407551
2,2021-06-26,18474,9810327,13612,5232110,3936,4222648,926,355569,7523,797358,0.094838,10864,4717322,0.561082,8694,5514680,0.65592,8407551
2,2021-06-27,8764,9819091,6687,5238797,1631,4224279,446,356015,3513,796238,0.094705,5202,4722524,0.5617,4082,5518762,0.656405,8407551
2,2021-06-28,19706,9838797,14969,5253766,3497,4227776,1240,357255,8677,795445,0.094611,10898,4733422,0.562997,10105,5528867,0.657607,8407551
2,2021-06-29,22587,9861384,15741,5269507,5773,4233549,1073,358328,9613,793527,0.094383,12840,4746262,0.564524,10922,5539789,0.658906,8407551
2,2021-06-30,21832,9883216,15480,5284987,5330,4238879,1022,359350,9718,792518,0.094263,11977,4758239,0.565948,10968,5550757,0.660211,8407551
2,2021-07-01,19701,9902917,13922,5298909,4906,4243785,873,360223,8754,791520,0.094144,10828,4769067,0.567236,9830,5560587,0.66138,8407551
2,2021-07-02,22639,9925556,15616,5314525,6000,4249785,1023,361246,9991,790240,0.093992,12492,4781559,0.568722,11212,5571799,0.662714,8407551
2,2021-07-03,12431,9937987,8962,5323487,3000,4252785,469,361715,5681,789852,0.093946,6658,4788217,0.569514,6270,5578069,0.663459,8407551
2,2021-07-04,986,9938973,581,5324068,338,4253123,67,361782,421,789809,0.09394,554,4788771,0.56958,511,5578580,0.66352,8407551
2,2021-07-05,10972,9949945,8028,5332096,2536,4255659,408,362190,5039,789508,0.093905,5874,4794645,0.570278,5573,5584153,0.664183,8407551
2,2021-07-06,23499,9973444,17098,5349194,5433,4261092,968,363158,9086,785564,0.093436,14274,4808919,0.571976,10330,5594483,0.665412,8407551
2,2021-07-07,20404,9993848,14556,5363750,4753,4265845,1095,364253,8664,783981,0.093247,11605,4820524,0.573356,10022,5604505,0.666604,8407551
2,2021-07-08,18989,10012837,13230,5376980,4734,4270579,1025,365278,8016,782359,0.093054,10870,4831394,0.574649,9248,5613753,0.667704,8407551
2,2021-07-09,22293,10035130,15439,5392419,5628,4276207,1226,366504,9417,780467,0.092829,12742,4844136,0.576165,10850,5624603,0.668994,8407551
2,2021-07-10,14084,10049214,10383,5402802,3015,4279222,686,367190,6166,779650,0.092732,7825,4851961,0.577096,7008,5631611,0.669828,8407551
2,2021-07-11,6534,10055748,4799,5407601,1386,4280608,349,367539,3082,779742,0.092743,3407,4855368,0.577501,3499,5635110,0.670244,8407551
2,2021-07-12,18078,10073826,13286,5420887,3928,4284536,864,368403,7779,778401,0.092584,10189,4865557,0.578713,8848,5643958,0.671296,8407551
2,2021-07-13,19308,10093134,13621,5434508,4807,4289343,880,369283,8634,777577,0.092486,10534,4876091,0.579966,9710,5653668,0.672451,8407551
2,2021-07-14,18453,10111587,13181,5447689,4496,4293839,776,370059,8240,776703,0.092382,10095,4886186,0.581166,9221,5662889,0.673548,8407551
2,2021-07-15,18594,10130181,13505,5461194,4409,4298248,680,370739,8455,776022,0.092301,10028,4896214,0.582359,9347,5672236,0.67466,8407551
2,2021-07-16,22520,10152701,16210,5477404,5489,4303737,821,371560,10765,776188,0.09232,11624,4907838,0.583742,11790,5684026,0.676062,8407551
2,2021-07-17,14158,10166859,10328,5487732,3322,4307059,508,372068,6854,776466,0.092353,7215,4915053,0.5846,7493,5691519,0.676953,8407551
2,2021-07-18,6961,10173820,5203,5492935,1434,4308493,324,372392,3533,777007,0.092418,3385,4918438,0.585002,3926,5695445,0.67742,8407551
2,2021-07-19,18188,10192008,13562,5506497,3900,4312393,726,373118,9025,777896,0.092523,9050,4927488,0.586079,9939,5705384,0.678602,8407551
2,2021-07-20,20529,10212537,14639,5521136,5067,4317460,823,373941,10399,779334,0.092695,10001,4937489,0.587268,11439,5716823,0.679963,8407551
2,2021-07-21,20077,10232614,14608,5535744,4715,4322175,754,374695,10401,781132,0.092908,9550,4947039,0.588404,11348,5728171,0.681313,8407551
2,2021-07-22,19996,10252610,14286,5550030,4872,4327047,838,375533,10696,783679,0.093211,9156,4956195,0.589493,11703,5739874,0.682705,8407551
2,2021-07-23,23925,10276535,16753,5566783,6153,4333200,1019,376552,13057,787222,0.093633,10720,4966915,0.590768,14263,5754137,0.684401,8407551
2,2021-07-24,14580,10291115,10516,5577299,3573,4336773,491,377043,8145,789636,0.09392,6330,4973245,0.591521,8744,5762881,0.685441,8407551
2,2021-07-25,6575,10297690,4824,5582123,1615,4338388,136,377179,4861,793000,0.09432,1672,4974917,0.59172,5036,5767917,0.68604,8407551
2,2021-07-26,18594,10316284,13137,5595260,4708,4343096,749,377928,11777,798944,0.095027,6702,4981619,0.592517,12646,5780563,0.687544,8407551
2,2021-07-27,22196,10338480,16052,5611312,5314,4348410,830,378758,13016,803900,0.095616,9033,4990652,0.593592,13989,5794552,0.689208,8407551
2,2021-07-28,22102,10360582,15847,5627159,5386,4353796,869,379627,13088,809173,0.096244,8863,4999515,0.594646,14136,5808688,0.690889,8407551
2,2021-07-29,20592,10381174,14827,5641986,4950,4358746,815,380442,12471,814604,0.09689,7992,5007507,0.595596,13423,5822111,0.692486,8407551
2,2021-07-30,24230,10405404,17370,5659356,6045,4364791,815,381257,14548,820658,0.09761,9505,5017012,0.596727,15559,5837670,0.694337,8407551
2,2021-07-31,9158,10414562,6636,5665992,2142,4366933,380,381637,5465,822977,0.097885,3617,5020629,0.597157,5936,5843606,0.695043,8407551
3,2020-12-15,321,321,321,321,0,0,0,0,321,321,3.9e-05,0,0,0.0,321,321,3.9e-05,8129050
3,2020-12-16,2462,2783,2462,2783,0,0,0,0,2463,2784,0.000342,0,0,0.0,2463,2784,0.000342,8129050
3,2020-12-17,7850,10633,7850,10633,0,0,0,0,7850,10634,0.001308,0,0,0.0,7850,10634,0.001308,8129050
3,2020-12-18,13448,24081,13430,24063,18,18,0,0,13447,24081,0.002962,0,0,0.0,13447,24081,0.002962,8129050
3,2020-12-19,7265,31346,7252,31315,13,31,0,0,7328,31409,0.003864,0,0,0.0,7328,31409,0.003864,8129050
3,2020-12-20,5670,37016,5660,36975,10,41,0,0,5717,37125,0.004567,1,1,0.0,5717,37126,0.004567,8129050
3,2020-12-21,14384,51400,14358,51333,26,67,0,0,14448,51572,0.006344,1,2,0.0,14448,51574,0.006344,8129050
3,2020-12-22,14843,66243,14264,65597,579,646,0,0,14880,66449,0.008174,3,5,1e-06,14880,66454,0.008175,8129050
3,2020-12-23,14845,81088,12243,77840,2602,3248,0,0,14861,81309,0.010002,2,7,1e-06,14862,81316,0.010003,8129050
3,2020-12-24,6788,87876,4869,82709,1919,5167,0,0,6785,88092,0.010837,2,9,1e-06,6785,88101,0.010838,8129050
3,2020-12-25,724,88600,666,83375,58,5225,0,0,722,88814,0.010926,0,9,1e-06,722,88823,0.010927,8129050
3,2020-12-26,4623,93223,2999,86374,1624,6849,0,0,4621,93435,0.011494,0,9,1e-06,4621,93444,0.011495,8129050
3,2020-12-27,2986,96209,1856,88230,1130,7979,0,0,2986,96421,0.011861,0,9,1e-06,2986,96430,0.011862,8129050
3,2020-12-28,13644,109853,8727,96957,4917,12896,0,0,13669,110089,0.013543,1,10,1e-06,13669,110099,0.013544,8129050
3,2020-12-29,15044,124897,8469,105426,6575,19471,0,0,15071,125158,0.015396,2,12,1e-06,15071,125170,0.015398,8129050
3,2020-12-30,18060,142957,10072,115498,7988,27459,0,0,18065,143222,0.017619,2,14,2e-06,18066,143236,0.01762,8129050
3,2020-12-31,8458,151415,3247,118745,5211,32670,0,0,8457,151677,0.018659,2,16,2e-06,8457,151693,0.018661,8129050
3,2021-01-01,1587,153002,754,119499,833,33503,0,0,1584,153260,0.018853,1,17,2e-06,1584,153277,0.018855,8129050
3,2021-01-02,4941,157943,2424,121923,2517,36020,0,0,4941,158201,0.019461,0,17,2e-06,4941,158218,0.019463,8129050
3,2021-01-03,1618,159561,850,122773,768,36788,0,0,1609,159808,0.019659,2,19,2e-06,1609,159827,0.019661,8129050
3,2021-01-04,12057,171618,5973,128746,6084,42872,0,0,12028,171828,0.021138,8,27,3e-06,12028,171855,0.021141,8129050
3,2021-01-05,15750,187368,8154,136900,7596,50468,0,0,14076,184274,0.022669,1659,1686,0.000207,14105,185960,0.022876,8129050
3,2021-01-06,20624,207992,10911,147811,9713,60181,0,0,16067,195839,0.024091,4511,6197,0.000762,16076,202036,0.024854,8129050
3,2021-01-07,26670,234662,15245,163056,11425,71606,0,0,17192,203607,0.025047,9441,15638,0.001924,17209,219245,0.026971,8129050
3,2021-01-08,30691,265353,18753,181809,11938,83544,0,0,18199,209359,0.025754,12470,28108,0.003458,18222,237467,0.029212,8129050
3,2021-01-09,12467,277820,7049,188858,5418,88962,0,0,7932,212772,0.026174,4528,32636,0.004015,7941,245408,0.030189,8129050
3,2021-01-10,7229,285049,4486,193344,2743,91705,0,0,4071,213693,0.026288,3156,35792,0.004403,4077,249485,0.030691,8129050
3,2021-01-11,29168,314217,19097,212441,10071,101776,0,0,16507,217592,0.026767,12654,48446,0.00596,16553,266038,0.032727,8129050
3,2021-01-12,32647,346864,19496,231937,13151,114927,0,0,19998,225111,0.027692,12627,61073,0.007513,20146,286184,0.035205,8129050
3,2021-01-13,34587,381451,18053,249990,16534,131461,0,0,24354,239268,0.029434,10218,71291,0.00877,24375,310559,0.038204,8129050
3,2021-01-14,34778,416229,14221,264211,20557,152018,0,0,28845,262259,0.032262,5892,77183,0.009495,28883,339442,0.041757,8129050
3,2021-01-15,39026,455255,14453,278664,24573,176591,0,0,34336,291996,0.03592,4671,81854,0.010069,34408,373850,0.045989,8129050
3,2021-01-16,21799,477054,7432,286096,14367,190958,0,0,19463,309155,0.038031,2325,84179,0.010355,19484,393334,0.048386,8129050
3,2021-01-17,13158,490212,4462,290558,8696,199654,0,0,12116,320250,0.039396,1041,85220,0.010483,12136,405470,0.049879,8129050
3,2021-01-18,24810,515022,12963,303521,11847,211501,0,0,19193,333881,0.041073,5605,90825,0.011173,19236,424706,0.052245,8129050
3,2021-01-19,41152,556174,20906,324427,20246,231747,0,0,32016,356884,0.043902,9100,99925,0.012292,32103,456809,0.056195,8129050
3,2021-01-20,46254,602428,23040,347467,23214,254961,0,0,36667,384095,0.04725,9540,109465,0.013466,36751,493560,0.060716,8129050
3,2021-01-21,48126,650554,20876,368343,27250,282211,0,0,42599,421313,0.051828,5459,114924,0.014137,42677,536237,0.065966,8129050
3,2021-01-22,49839,700393,19855,388198,29984,312195,0,0,45605,462786,0.05693,4205,119129,0.014655,45678,581915,0.071585,8129050
3,2021-01-23,30385,730778,12804,401002,17581,329776,0,0,27084,486632,0.059863,3293,122422,0.01506,27139,609054,0.074923,8129050
3,2021-01-24,17902,748680,8494,409496,9408,339184,0,0,16712,502188,0.061777,1187,123609,0.015206,16743,625797,0.076983,8129050
3,2021-01-25,40919,789599,18235,427731,22684,361868,0,0,30916,523219,0.064364,9975,133584,0.016433,31006,656803,0.080797,8129050
3,2021-01-26,47424,837023,22636,450367,24788,386656,0,0,37221,550376,0.067705,10170,143754,0.017684,37327,694130,0.085389,8129050
3,2021-01-27,51551,888574,24542,474909,27009,413665,0,0,40860,580698,0.071435,10620,154374,0.01899,40942,735072,0.090425,8129050
3,2021-01-28,52021,940595,24133,499042,27888,441553,0,0,43055,614931,0.075646,8881,163255,0.020083,43114,778186,0.095729,8129050
3,2021-01-29,51122,991717,24523,523565,26599,468152,0,0,41335,646707,0.079555,9609,172864,0.021265,41385,819571,0.10082,8129050
3,2021-01-30,37420,1029137,17760,541325,19660,487812,0,0,32692,674812,0.083012,4673,177537,0.02184,32778,852349,0.104852,8129050
3,2021-01-31,22497,1051634,12794,554119,9703,497515,0,0,21073,694497,0.085434,1409,178946,0.022013,21094,873443,0.107447,8129050
3,2021-02-01,46017,1097651,21039,575158,24978,522493,0,0,35071,718706,0.088412,10895,189841,0.023353,35104,908547,0.111765,8129050
3,2021-02-02,54588,1152239,22766,597924,31822,554315,0,0,42087,748439,0.09207,12405,202246,0.024879,42138,950685,0.116949,8129050
3,2021-02-03,60198,1212437,26712,624636,33486,587801,0,0,44755,777954,0.0957,15313,217559,0.026763,44828,995513,0.122464,8129050
3,2021-02-04,64551,1276988,27928,652564,36623,624424,0,0,47260,808233,0.099425,17095,234654,0.028866,47374,1042887,0.128291,8129050
3,2021-02-05,70522,1347510,29795,682359,40727,665151,0,0,48688,835513,0.102781,21590,256244,0.031522,48870,1091757,0.134303,8129050
3,2021-02-06,43748,1391258,20973,703332,22775,687926,0,0,34082,860158,0.105813,9620,265864,0.032705,34265,1126022,0.138518,8129050
3,2021-02-07,19757,1411015,12565,715897,7192,695118,0,0,15158,870862,0.10713,4580,270444,0.033269,15284,1141306,0.140398,8129050
3,2021-02-08,51636,1462651,24944,740841,26692,721810,0,0,33839,887235,0.109144,17657,288101,0.035441,34030,1175336,0.144585,8129050
3,2021-02-09,58887,1521538,28515,769356,30372,752182,0,0,34431,897836,0.110448,24178,312279,0.038415,34779,1210115,0.148863,8129050
3,2021-02-10,68483,1590021,31872,801228,36611,788793,0,0,36706,903571,0.111153,31479,343758,0.042288,37214,1247329,0.153441,8129050
3,2021-02-11,70883,1660904,34865,836093,36018,824811,0,0,37650,908877,0.111806,32886,376644,0.046333,38192,1285521,0.158139,8129050
3,2021-02-12,75797,1736701,32690,868783,43107,867918,0,0,41753,917671,0.112888,33733,410377,0.050483,42527,1328048,0.163371,8129050
3,2021-02-13,45303,1782004,20524,889307,24779,892697,0,0,26071,925209,0.113815,19116,429493,0.052834,26654,1354702,0.166649,8129050
3,2021-02-14,27446,1809450,13723,903030,13723,906420,0,0,15225,928728,0.114248,12159,441652,0.05433,15678,1370380,0.168578,8129050
3,2021-02-15,40334,1849784,17367,920397,22967,929387,0,0,22269,933984,0.114895,17954,459606,0.056539,23210,1393590,0.171433,8129050
3,2021-02-16,70539,1920323,33376,953773,37163,966550,0,0,36601,937825,0.115367,33790,493396,0.060695,37631,1431221,0.176063,8129050
3,2021-02-17,72400,1992723,36567,990340,35833,1002383,0,0,34277,935292,0.115056,37883,531279,0.065356,35350,1466571,0.180411,8129050
3,2021-02-18,77498,2070221,40472,1030812,37026,1039409,0,0,35803,930944,0.114521,41495,572774,0.07046,37147,1503718,0.184981,8129050
3,2021-02-19,69598,2139819,40110,1070922,29488,1068897,0,0,35101,932415,0.114702,34329,607103,0.074683,35800,1539518,0.189385,8129050
3,2021-02-20,43277,2183096,27315,1098237,15962,1084859,0,0,22604,934974,0.115016,20550,627653,0.077211,23109,1562627,0.192228,8129050
3,2021-02-21,24292,2207388,19530,1117767,4762,1089621,0,0,11822,934815,0.114997,12373,640026,0.078733,12214,1574841,0.19373,8129050
3,2021-02-22,47581,2254969,30964,1148731,16617,1106238,0,0,22223,932313,0.114689,25208,665234,0.081834,22706,1597547,0.196523,8129050
3,2021-02-23,63610,2318579,34554,1183285,29056,1135294,0,0,27696,926319,0.113952,35683,700917,0.086224,29689,1627236,0.200175,8129050
3,2021-02-24,79860,2398439,39234,1222519,40626,1175920,0,0,35255,919752,0.113144,44343,745260,0.091679,37776,1665012,0.204822,8129050
3,2021-02-25,89544,2487983,43586,1266105,45958,1221878,0,0,44547,922217,0.113447,44683,789943,0.097175,47148,1712160,0.210622,8129050
3,2021-02-26,100584,2588567,46015,1312120,54569,1276447,0,0,53080,930437,0.114458,47069,837012,0.102966,55289,1767449,0.217424,8129050
3,2021-02-27,71348,2659915,32782,1344902,38562,1315009,4,4,37675,936002,0.115143,33428,870440,0.107078,38993,1806442,0.222221,8129050
3,2021-02-28,41563,2701478,24006,1368908,17553,1332562,4,8,21322,938247,0.115419,20034,890474,0.109542,22279,1828721,0.224961,8129050
3,2021-03-01,70046,2771524,37172,1406080,32835,1365397,39,47,38870,947574,0.116566,30923,921397,0.113346,40250,1868971,0.229913,8129050
3,2021-03-02,81102,2852626,40000,1446080,41094,1406491,8,55,46748,962226,0.118369,34185,955582,0.117551,48837,1917808,0.23592,8129050
3,2021-03-03,91253,2943879,43650,1489730,47580,1454071,23,78,50910,975337,0.119982,40097,995679,0.122484,53208,1971016,0.242466,8129050
3,2021-03-04,95377,3039256,46602,1536332,48754,1502825,21,99,53924,990367,0.121831,41194,1036873,0.127552,56224,2027240,0.249382,8129050
3,2021-03-05,91777,3131033,44925,1581257,46560,1549385,292,391,55813,1013028,0.124618,35681,1072554,0.131941,58342,2085582,0.256559,8129050
3,2021-03-06,66144,3197177,33509,1614766,30473,1579858,2162,2553,37744,1026155,0.126233,28241,1100795,0.135415,41368,2126950,0.261648,8129050
3,2021-03-07,39250,3236427,22692,1637458,14663,1594521,1895,4448,22068,1034182,0.127221,17098,1117893,0.137518,25125,2152075,0.264739,8129050
3,2021-03-08,60227,3296654,28699,1666157,28523,1623044,3005,7453,38095,1054849,0.129763,21963,1139856,0.14022,42630,2194705,0.269983,8129050
3,2021-03-09,77477,3374131,35769,1701926,37222,1660266,4486,11939,41595,1066339,0.131176,35726,1175582,0.144615,47216,2241921,0.275791,8129050
3,2021-03-10,83356,3457487,41481,1743407,35740,1696006,6135,18074,43535,1077797,0.132586,39584,1215166,0.149484,51042,2292963,0.28207,8129050
3,2021-03-11,97651,3555138,47678,1791085,41319,1737325,8654,26728,47859,1085857,0.133577,49501,1264667,0.155574,57561,2350524,0.289151,8129050
3,2021-03-12,102371,3657509,45578,1836663,44880,1782205,11913,38641,46955,1090658,0.134168,55161,1319828,0.162359,59962,2410486,0.296527,8129050
3,2021-03-13,70763,3728272,29779,1866442,33694,1815899,7290,45931,37397,1103454,0.135742,33222,1353050,0.166446,46018,2456504,0.302188,8129050
3,2021-03-14,41412,3769684,21630,1888072,16217,1832116,3565,49496,20846,1108007,0.136302,20476,1373526,0.168965,25029,2481533,0.305267,8129050
3,2021-03-15,76037,3845721,36048,1924120,35420,1867536,4569,54065,40034,1117837,0.137511,35759,1409285,0.173364,45589,2527122,0.310875,8129050
3,2021-03-16,95433,3941154,43996,1968116,47093,1914629,4344,58409,53661,1135225,0.13965,41510,1450795,0.17847,58898,2586020,0.318121,8129050
3,2021-03-17,98746,4039900,47967,2016083,46221,1960850,4558,62967,59918,1161766,0.142915,38573,1489368,0.183216,65114,2651134,0.326131,8129050
3,2021-03-18,104083,4143983,52896,2068979,46656,2007506,4531,67498,59652,1182365,0.145449,44115,1533483,0.188642,64714,2715848,0.334092,8129050
3,2021-03-19,103639,4247622,55565,2124544,43597,2051103,4477,71975,57616,1199268,0.147529,45726,1579209,0.194267,62629,2778477,0.341796,8129050
3,2021-03-20,72202,4319824,37215,2161759,31316,2082419,3671,75646,44389,1220227,0.150107,27597,1606806,0.197662,48556,2827033,0.347769,8129050
3,2021-03-21,36409,4356233,24751,2186510,10149,2092568,1509,77155,21857,1229629,0.151264,14440,1621246,0.199439,23842,2850875,0.350702,8129050
3,2021-03-22,70825,4427058,41634,2228144,26662,2119230,2529,79684,45023,1252645,0.154095,25548,1646794,0.202581,48564,2899439,0.356676,8129050
3,2021-03-23,90211,4517269,49903,2278047,37765,2156995,2543,82227,55157,1276275,0.157002,34769,1681563,0.206858,58399,2957838,0.36386,8129050
3,2021-03-24,99249,4616518,57099,2335146,39216,2196211,2934,85161,56210,1293363,0.159104,42656,1724219,0.212106,59744,3017582,0.37121,8129050
3,2021-03-25,107920,4724438,59910,2395056,45026,2241237,2984,88145,60586,1310593,0.161223,46974,1771193,0.217884,64204,3081786,0.379108,8129050
3,2021-03-26,111246,4835684,59659,2454715,48235,2289472,3352,91497,57084,1318066,0.162143,53800,1824993,0.224503,61273,3143059,0.386645,8129050
3,2021-03-27,75005,4910689,38114,2492829,34335,2323807,2556,94053,36130,1318795,0.162232,38619,1863612,0.229253,39348,3182407,0.391486,8129050
3,2021-03-28,44583,4955272,28087,2520916,15683,2339490,813,94866,22412,1320616,0.162456,22044,1885656,0.231965,23865,3206272,0.394421,8129050
3,2021-03-29,81017,5036289,42306,2563222,36850,2376340,1861,96727,44156,1330860,0.163717,36584,1922240,0.236466,46828,3253100,0.400182,8129050
3,2021-03-30,100723,5137012,49493,2612715,47581,2423921,3649,100376,56229,1347112,0.165716,44225,1966465,0.241906,60477,3313577,0.407622,8129050
3,2021-03-31,105398,5242410,56842,2669557,43691,2467612,4865,105241,56086,1359330,0.167219,49048,2015513,0.24794,61266,3374843,0.415158,8129050
3,2021-04-01,124108,5366518,62741,2732298,51580,2519192,9787,115028,66697,1379116,0.169653,56972,2072485,0.254948,76758,3451601,0.424601,8129050
3,2021-04-02,118243,5484761,57696,2789994,50179,2569371,10368,125396,62224,1396460,0.171786,55703,2128188,0.2618,73047,3524648,0.433587,8129050
3,2021-04-03,76301,5561062,39037,2829031,28005,2597376,9259,134655,37870,1405606,0.172911,38270,2166458,0.266508,47416,3572064,0.43942,8129050
3,2021-04-04,32496,5593558,17387,2846418,10877,2608253,4232,138887,14179,1405797,0.172935,18236,2184694,0.268751,18427,3590491,0.441686,8129050
3,2021-04-05,89771,5683329,45573,2891991,34932,2643185,9266,148153,43527,1413391,0.173869,45999,2230693,0.27441,53593,3644084,0.448279,8129050
3,2021-04-06,113821,5797150,55339,2947330,43245,2686430,15237,163390,53332,1422443,0.174983,60193,2290886,0.281815,69245,3713329,0.456797,8129050
3,2021-04-07,116612,5913762,60303,3007633,39965,2726395,16344,179734,56172,1435040,0.176532,60160,2351046,0.289215,72757,3786086,0.465748,8129050
3,2021-04-08,121701,6035463,60582,3068215,40904,2767299,20215,199949,56288,1447195,0.178028,65083,2416129,0.297222,77238,3863324,0.475249,8129050
3,2021-04-09,118914,6154377,59210,3127425,40486,2807785,19218,219167,52132,1452896,0.178729,66511,2482640,0.305403,72212,3935536,0.484132,8129050
3,2021-04-10,84632,6239009,37939,3165364,31363,2839148,15330,234497,34356,1453297,0.178778,50074,2532714,0.311563,50475,3986011,0.490342,8129050
3,2021-04-11,45413,6284422,24324,3189688,13053,2852201,8036,242533,17241,1451312,0.178534,28070,2560784,0.315016,26085,4012096,0.49355,8129050
3,2021-04-12,84196,6368618,42529,3232217,32823,2885024,8844,251377,37996,1453285,0.178777,45946,2606730,0.320668,47919,4060015,0.499445,8129050
3,2021-04-13,105833,6474451,57287,3289504,48337,2933361,209,251586,55670,1460153,0.179622,49896,2656626,0.326806,56764,4116779,0.506428,8129050
3,2021-04-14,107889,6582340,58954,3348458,48832,2982193,103,251689,53573,1461260,0.179758,54006,2710632,0.33345,55113,4171892,0.513208,8129050
3,2021-04-15,119587,6701927,67207,3415665,52301,3034494,79,251768,63664,1470232,0.180861,55578,2766210,0.340287,64550,4236442,0.521148,8129050
3,2021-04-16,115869,6817796,64950,3480615,50826,3085320,93,251861,60282,1476015,0.181573,55260,2821470,0.347085,61043,4297485,0.528658,8129050
3,2021-04-17,79735,6897531,43423,3524038,36297,3121617,15,251876,44332,1486175,0.182823,35156,2856626,0.35141,45316,4342801,0.534232,8129050
3,2021-04-18,38847,6936378,23429,3547467,15411,3137028,7,251883,18192,1484718,0.182643,20529,2877155,0.353935,19072,4361873,0.536578,8129050
3,2021-04-19,79408,7015786,44166,3591633,35186,3172214,56,251939,35665,1477422,0.181746,43524,2920679,0.359289,36228,4398101,0.541035,8129050
3,2021-04-20,101144,7116930,53196,3644829,47930,3220144,18,251957,48844,1475284,0.181483,52024,2972703,0.365689,49886,4447987,0.547172,8129050
3,2021-04-21,106179,7223109,59621,3704450,46485,3266629,73,252030,50014,1470675,0.180916,55779,3028482,0.372551,51170,4499157,0.553467,8129050
3,2021-04-22,112337,7335446,63095,3767545,49215,3315844,27,252057,48188,1456068,0.179119,63779,3092261,0.380396,49172,4548329,0.559515,8129050
3,2021-04-23,106697,7442143,61015,3828560,45652,3361496,30,252087,46712,1444214,0.177661,59606,3151867,0.387729,47752,4596081,0.56539,8129050
3,2021-04-24,74190,7516333,45814,3874374,28304,3389800,72,252159,36079,1443542,0.177578,37817,3189684,0.392381,37145,4633226,0.569959,8129050
3,2021-04-25,37058,7553391,23651,3898025,13390,3403190,17,252176,18905,1444873,0.177742,17998,3207682,0.394595,19329,4652555,0.572337,8129050
3,2021-04-26,74259,7627650,41996,3940021,31855,3435045,408,252584,31681,1436013,0.176652,42293,3249975,0.399798,33433,4685988,0.57645,8129050
3,2021-04-27,91426,7719076,47973,3987994,41704,3476749,1749,254333,36238,1419900,0.17467,54866,3304841,0.406547,38753,4724741,0.581217,8129050
3,2021-04-28,87111,7806187,49501,4037495,35466,3512215,2144,256477,35540,1406851,0.173065,51259,3356100,0.412853,38210,4762951,0.585917,8129050
3,2021-04-29,89408,7895595,51101,4088596,36085,3548300,2222,258699,31886,1384275,0.170287,57172,3413272,0.419886,34596,4797547,0.590173,8129050
3,2021-04-30,91084,7986679,51391,4139987,37208,3585508,2485,261184,33921,1364361,0.167838,56785,3470057,0.426871,36871,4834418,0.594709,8129050
3,2021-05-01,55538,8042217,34850,4174837,19211,3604719,1477,262661,20009,1351081,0.166204,35257,3505314,0.431208,21977,4856395,0.597412,8129050
3,2021-05-02,27043,8069260,18470,4193307,7556,3612275,1017,263678,9904,1345069,0.165464,17029,3522343,0.433303,11017,4867412,0.598768,8129050
3,2021-05-03,60046,8129306,35236,4228543,22432,3634707,2378,266056,17549,1322925,0.16274,42256,3564599,0.438501,20112,4887524,0.601242,8129050
3,2021-05-04,77887,8207193,45029,4273572,30169,3664876,2689,268745,22657,1293628,0.159136,54924,3619523,0.445258,25627,4913151,0.604394,8129050
3,2021-05-05,79391,8286584,47682,4321254,28999,3693875,2710,271455,22049,1261682,0.155207,56991,3676514,0.452269,25045,4938196,0.607475,8129050
3,2021-05-06,83719,8370303,52986,4374240,28200,3722075,2533,273988,20749,1223030,0.150452,62481,3738995,0.459955,23829,4962025,0.610407,8129050
3,2021-05-07,82617,8452920,51474,4425714,28512,3750587,2631,276619,21908,1187531,0.146085,60342,3799337,0.467378,24843,4986868,0.613463,8129050
3,2021-05-08,52629,8505549,32599,4458313,18311,3768898,1719,278338,13941,1165043,0.143318,38409,3837746,0.472103,15921,5002789,0.615421,8129050
3,2021-05-09,20995,8526544,15340,4473653,4867,3773765,788,279126,5528,1156055,0.142213,15370,3853116,0.473993,6382,5009171,0.616206,8129050
3,2021-05-10,48251,8574795,25926,4499579,20409,3794174,1916,281042,11204,1132602,0.139328,36835,3889951,0.478525,13382,5022553,0.617852,8129050
3,2021-05-11,64215,8639010,35956,4535535,26036,3820210,2223,283265,16165,1103669,0.135769,47795,3937746,0.484404,18862,5041415,0.620173,8129050
3,2021-05-12,64910,8703920,37283,4572818,25227,3845437,2400,285665,16586,1074894,0.132229,48061,3985807,0.490316,19286,5060701,0.622545,8129050
3,2021-05-13,75449,8779369,47540,4620358,25997,3871434,1912,287577,27570,1057361,0.130072,47627,4033434,0.496175,30094,5090795,0.626247,8129050
3,2021-05-14,80402,8859771,50800,4671158,27466,3898900,2136,289713,31148,1042289,0.128218,48956,4082390,0.502198,33884,5124679,0.630415,8129050
3,2021-05-15,62151,8921922,42875,4714033,18067,3916967,1209,290922,25706,1033184,0.127098,36238,4118628,0.506656,27133,5151812,0.633753,8129050
3,2021-05-16,33166,8955088,24796,4738829,7679,3924646,691,291613,13384,1027688,0.126422,19658,4138286,0.509074,14162,5165974,0.635495,8129050
3,2021-05-17,56911,9011999,36261,4775090,18812,3943458,1838,293451,20976,1015047,0.124867,35659,4173945,0.51346,23018,5188992,0.638327,8129050
3,2021-05-18,64508,9076507,38075,4813165,24574,3968032,1859,295310,24226,1001530,0.123204,40001,4213946,0.518381,26484,5215476,0.641585,8129050
3,2021-05-19,63888,9140395,38840,4852005,23304,3991336,1744,297054,24727,989364,0.121707,38910,4252856,0.523168,26744,5242220,0.644875,8129050
3,2021-05-20,61715,9202110,36108,4888113,23767,4015103,1840,298894,22156,974424,0.119869,39276,4292132,0.527999,24336,5266556,0.647869,8129050
3,2021-05-21,65840,9267950,39993,4928106,23750,4038853,2097,300991,23521,958346,0.117892,41999,4334131,0.533166,25921,5292477,0.651057,8129050
3,2021-05-22,45660,9313610,30258,4958364,13928,4052781,1474,302465,19046,952723,0.1172,26400,4360531,0.536413,20777,5313254,0.653613,8129050
3,2021-05-23,21738,9335348,15044,4973408,6043,4058824,651,303116,9192,950219,0.116892,12458,4372989,0.537946,9954,5323208,0.654838,8129050
3,2021-05-24,39490,9374838,23097,4996505,14637,4073461,1756,304872,14627,942144,0.115898,24663,4397652,0.54098,16588,5339796,0.656878,8129050
3,2021-05-25,42708,9417546,24018,5020523,17014,4090475,1676,306548,15149,931906,0.114639,27289,4424941,0.544337,17051,5356847,0.658976,8129050
3,2021-05-26,42396,9459942,24263,5044786,16415,4106890,1718,308266,15863,923386,0.113591,26235,4451176,0.547564,17715,5374562,0.661155,8129050
3,2021-05-27,39344,9499286,22066,5066852,15527,4122417,1751,310017,15433,917058,0.112812,23750,4474926,0.550486,17422,5391984,0.663298,8129050
3,2021-05-28,42759,9542045,24161,5091013,16803,4139220,1795,311812,17784,912189,0.112213,24770,4499696,0.553533,19901,5411885,0.665746,8129050
3,2021-05-29,23470,9565515,14333,5105346,8299,4147519,838,312650,10996,911809,0.112167,12340,4512036,0.555051,11960,5423845,0.667218,8129050
3,2021-05-30,10598,9576113,6871,5112217,3091,4150610,636,313286,4451,910868,0.112051,6069,4518105,0.555797,5128,5428973,0.667848,8129050
3,2021-05-31,4632,9580745,2677,5114894,1690,4152300,265,313551,1456,909481,0.11188,3137,4521242,0.556183,1750,5430723,0.668064,8129050
3,2021-06-01,37688,9618433,21689,5136583,14562,4166862,1437,314988,13171,900003,0.110714,24280,4545522,0.55917,14802,5445525,0.669885,8129050
3,2021-06-02,31474,9649907,18082,5154665,11983,4178845,1409,316397,11645,893574,0.109924,19621,4565143,0.561584,13192,5458717,0.671507,8129050
3,2021-06-03,39581,9689488,27073,5181738,11075,4189920,1433,317830,11429,878688,0.108092,27971,4593114,0.565025,13085,5471802,0.673117,8129050
3,2021-06-04,46160,9735648,32653,5214391,11961,4201881,1546,319376,13135,860984,0.105914,32786,4625900,0.569058,15082,5486884,0.674972,8129050
3,2021-06-05,34316,9769964,25867,5240258,7262,4209143,1187,320563,8715,845679,0.104032,25391,4651291,0.572181,10086,5496970,0.676213,8129050
3,2021-06-06,14625,9784589,12205,5252463,1839,4210982,581,321144,3730,839319,0.103249,10834,4662125,0.573514,4474,5501444,0.676763,8129050
3,2021-06-07,30372,9814961,22079,5274542,7012,4217994,1281,322425,8709,827913,0.101846,21515,4683640,0.576161,10109,5511553,0.678007,8129050
3,2021-06-08,34292,9849253,24627,5299169,8380,4226374,1285,323710,9949,815224,0.100285,24134,4707774,0.57913,11445,5522998,0.679415,8129050
3,2021-06-09,32957,9882210,23908,5323077,7750,4234124,1299,325009,8869,801639,0.098614,23910,4731684,0.582071,10325,5533323,0.680685,8129050
3,2021-06-10,32444,9914654,23396,5346473,7522,4241646,1526,326535,8941,788949,0.097053,23351,4755035,0.584944,10661,5543984,0.681997,8129050
3,2021-06-11,35535,9950189,25124,5371597,9044,4250690,1367,327902,10581,776314,0.095499,24757,4779792,0.587989,12122,5556106,0.683488,8129050
3,2021-06-12,25141,9975330,18941,5390538,5309,4255999,891,328793,6695,765720,0.094196,18331,4798123,0.590244,7737,5563843,0.68444,8129050
3,2021-06-13,10136,9985466,7584,5398122,2062,4258061,490,329283,2365,760930,0.093606,7716,4805839,0.591193,2926,5566769,0.684799,8129050
3,2021-06-14,25778,10011244,18474,5416596,5886,4263947,1418,330701,8079,752999,0.092631,17567,4823406,0.593354,9636,5576405,0.685985,8129050
3,2021-06-15,28697,10039941,19411,5436007,7785,4271732,1501,332202,9646,745492,0.091707,18822,4842228,0.59567,11315,5587720,0.687377,8129050
3,2021-06-16,25848,10065789,18348,5454355,6089,4277821,1411,333613,8711,738815,0.090886,16954,4859182,0.597755,10277,5597997,0.688641,8129050
3,2021-06-17,24822,10090611,17778,5472133,5757,4283578,1287,334900,8613,732793,0.090145,16057,4875239,0.59973,10035,5608032,0.689875,8129050
3,2021-06-18,27966,10118577,19753,5491886,6644,4290222,1569,336469,9796,726386,0.089357,17941,4893180,0.601937,11534,5619566,0.691294,8129050
3,2021-06-19,16012,10134589,11766,5503652,3389,4293611,857,337326,5727,722922,0.088931,10157,4903337,0.603187,6693,5626259,0.692118,8129050
3,2021-06-20,6861,10141450,5142,5508794,1419,4295030,300,337626,2601,721668,0.088776,4207,4907544,0.603704,2953,5629212,0.692481,8129050
3,2021-06-21,16214,10157664,10225,5519019,4592,4299622,1397,339023,8088,723238,0.08897,8033,4915577,0.604693,9603,5638815,0.693662,8129050
3,2021-06-22,22062,10179726,15467,5534486,5301,4304923,1294,340317,8262,719265,0.088481,13682,4929259,0.606376,9709,5648524,0.694857,8129050
3,2021-06-23,20227,10199953,14172,5548658,4726,4309649,1329,341646,8016,716647,0.088159,12100,4941359,0.607864,9482,5658006,0.696023,8129050
3,2021-06-24,19933,10219886,13870,5562528,4614,4314263,1449,343095,7786,714013,0.087835,11978,4953337,0.609338,9344,5667350,0.697172,8129050
3,2021-06-25,23257,10243143,16497,5579025,5338,4319601,1422,344517,9094,710622,0.087418,14032,4967369,0.611064,10641,5677991,0.698481,8129050
3,2021-06-26,13869,10257012,10287,5589312,2810,4322411,772,345289,5795,709339,0.08726,8004,4975373,0.612049,6721,5684712,0.699308,8129050
3,2021-06-27,6690,10263702,5171,5594483,1211,4323622,308,345597,2864,708754,0.087188,3789,4979162,0.612515,3204,5687916,0.699702,8129050
3,2021-06-28,15847,10279549,12176,5606659,2595,4326217,1076,346673,6685,707558,0.087041,9053,4988215,0.613628,7857,5695773,0.700669,8129050
3,2021-06-29,17932,10297481,12634,5619293,4306,4330523,992,347665,7340,705550,0.086794,10470,4998685,0.614916,8462,5704235,0.70171,8129050
3,2021-06-30,16942,10314423,11988,5631281,3916,4334439,1038,348703,7291,704503,0.086665,9517,5008202,0.616087,8470,5712705,0.702752,8129050
3,2021-07-01,16149,10330572,11509,5642790,3580,4338019,1060,349763,6791,703197,0.086504,9259,5017461,0.617226,7953,5720658,0.70373,8129050
3,2021-07-02,18350,10348922,13065,5655855,4187,4342206,1098,350861,7819,701793,0.086331,10420,5027881,0.618508,9016,5729674,0.704839,8129050
3,2021-07-03,9986,10358908,7223,5663078,2335,4344541,428,351289,4277,700953,0.086228,5647,5033528,0.619202,4807,5734481,0.705431,8129050
3,2021-07-04,703,10359611,407,5663485,209,4344750,87,351376,267,700894,0.086221,429,5033957,0.619255,370,5734851,0.705476,8129050
3,2021-07-05,9475,10369086,6926,5670411,2126,4346876,423,351799,4288,700543,0.086178,5123,5039080,0.619885,4772,5739623,0.706063,8129050
3,2021-07-06,18903,10387989,13712,5684123,4079,4350955,1112,352911,6851,696712,0.085706,11913,5050993,0.621351,8082,5747705,0.707057,8129050
3,2021-07-07,15565,10403554,11040,5695163,3419,4354374,1106,354017,6286,695029,0.085499,9178,5060171,0.62248,7495,5755200,0.707979,8129050
3,2021-07-08,15220,10418774,10989,5706152,3240,4357614,991,355008,6183,693353,0.085293,8937,5069108,0.623579,7261,5762461,0.708873,8129050
3,2021-07-09,17444,10436218,12172,5718324,4071,4361685,1201,356209,7191,691715,0.085092,10138,5079246,0.624827,8500,5770961,0.709918,8129050
3,2021-07-10,10760,10446978,7915,5726239,2182,4363867,663,356872,4574,690920,0.084994,6119,5085365,0.625579,5324,5776285,0.710573,8129050
3,2021-07-11,5082,10452060,3759,5729998,1047,4364914,276,357148,2289,690759,0.084974,2746,5088111,0.625917,2585,5778870,0.710891,8129050
3,2021-07-12,14275,10466335,10401,5740399,2874,4367788,1000,358148,5690,689013,0.084759,8507,5096618,0.626964,6761,5785631,0.711723,8129050
3,2021-07-13,15023,10481358,10607,5751006,3510,4371298,906,359054,6573,688219,0.084662,8351,5104969,0.627991,7557,5793188,0.712653,8129050
3,2021-07-14,14295,10495653,10140,5761146,3236,4374534,919,359973,6358,687721,0.0846,7837,5112806,0.628955,7339,5800527,0.713555,8129050
3,2021-07-15,14547,10510200,10513,5771659,3206,4377740,828,360801,6669,687503,0.084574,7787,5120593,0.629913,7569,5808096,0.714486,8129050
3,2021-07-16,17562,10527762,12635,5784294,4046,4381786,881,361682,8383,687761,0.084605,9077,5129670,0.631029,9335,5817431,0.715635,8129050
3,2021-07-17,11145,10538907,8164,5792458,2451,4384237,530,362212,5299,687881,0.08462,5777,5135447,0.63174,5897,5823328,0.71636,8129050
3,2021-07-18,5708,10544615,4306,5796764,1151,4385388,251,362463,2797,688085,0.084645,2870,5138317,0.632093,3074,5826402,0.716738,8129050
3,2021-07-19,14763,10559378,10786,5807550,3106,4388494,871,363334,7239,688845,0.084739,7425,5145742,0.633007,8185,5834587,0.717745,8129050
3,2021-07-20,16321,10575699,11352,5818902,4072,4392566,897,364231,8387,690385,0.084928,7824,5153566,0.633969,9364,5843951,0.718897,8129050
3,2021-07-21,15812,10591511,11190,5830092,3760,4396326,862,365093,7949,691533,0.085069,7738,5161304,0.634921,8886,5852837,0.71999,8129050
3,2021-07-22,16152,10607663,11414,5841506,3789,4400115,949,366042,8382,693274,0.085284,7655,5168959,0.635863,9396,5862233,0.721146,8129050
3,2021-07-23,18983,10626646,13536,5855042,4453,4404568,994,367036,10198,695904,0.085607,8644,5177603,0.636926,11274,5873507,0.722533,8129050
3,2021-07-24,11470,10638116,8255,5863297,2639,4407207,576,367612,6337,697796,0.08584,5056,5182659,0.637548,6948,5880455,0.723388,8129050
3,2021-07-25,5555,10643671,4168,5867465,1182,4408389,205,367817,4020,700582,0.086183,1490,5184149,0.637731,4276,5884731,0.723914,8129050
3,2021-07-26,15210,10658881,10582,5878047,3691,4412080,937,368754,9193,704873,0.08671,5911,5190060,0.638458,10202,5894933,0.725169,8129050
3,2021-07-27,17025,10675906,12045,5890092,4041,4416121,939,369693,9780,708546,0.087162,7122,5197182,0.639334,10795,5905728,0.726497,8129050
3,2021-07-28,16742,10692648,12026,5902118,3703,4419824,1013,370706,9692,712376,0.087633,6917,5204099,0.640185,10747,5916475,0.727819,8129050
3,2021-07-29,16291,10708939,11728,5913846,3584,4423408,979,371685,9602,716507,0.088142,6517,5210616,0.640987,10648,5927123,0.729129,8129050
3,2021-07-30,18472,10727411,13176,5927022,4390,4427798,906,372591,10772,720777,0.088667,7515,5218131,0.641912,11785,5938908,0.730578,8129050
3,2021-07-31,7219,10734630,5159,5932181,1617,4429415,443,373034,4224,722574,0.088888,2916,5221047,0.64227,4713,5943621,0.731158,8129050
4,2020-12-15,453,453,453,453,0,0,0,0,453,453,5.6e-05,0,0,0.0,453,453,5.6e-05,8037679
4,2020-12-16,3053,3506,3053,3506,0,0,0,0,3053,3506,0.000436,0,0,0.0,3053,3506,0.000436,8037679
4,2020-12-17,8973,12479,8973,12479,0,0,0,0,8973,12479,0.001553,0,0,0.0,8973,12479,0.001553,8037679
4,2020-12-18,16223,28702,16211,28690,12,12,0,0,16223,28702,0.003571,0,0,0.0,16223,28702,0.003571,8037679
4,2020-12-19,10387,39089,10378,39068,9,21,0,0,10323,39025,0.004855,0,0,0.0,10323,39025,0.004855,8037679
4,2020-12-20,7429,46518,7422,46490,7,28,0,0,7384,46409,0.005774,0,0,0.0,7384,46409,0.005774,8037679
4,2020-12-21,16423,62941,16397,62887,26,54,0,0,16356,62764,0.007809,1,1,0.0,16356,62765,0.007809,8037679
4,2020-12-22,17224,80165,16474,79361,750,804,0,0,17179,79939,0.009946,4,5,1e-06,17179,79944,0.009946,8037679
4,2020-12-23,17146,97311,14412,93773,2734,3538,0,0,17124,97060,0.012076,3,8,1e-06,17124,97068,0.012077,8037679
4,2020-12-24,8573,105884,5980,99753,2593,6131,0,0,8572,105632,0.013142,0,8,1e-06,8572,105640,0.013143,8037679
4,2020-12-25,905,106789,800,100553,105,6236,0,0,905,106537,0.013255,0,8,1e-06,905,106545,0.013256,8037679
4,2020-12-26,6183,112972,3902,104455,2281,8517,0,0,6183,112720,0.014024,0,8,1e-06,6183,112728,0.014025,8037679
4,2020-12-27,3429,116401,1993,106448,1436,9953,0,0,3429,116149,0.014451,0,8,1e-06,3429,116157,0.014452,8037679
4,2020-12-28,15179,131580,9383,115831,5796,15749,0,0,15150,131296,0.016335,3,11,1e-06,15150,131307,0.016336,8037679
4,2020-12-29,15444,147024,8544,124375,6900,22649,0,0,15410,146705,0.018252,1,12,1e-06,15410,146717,0.018254,8037679
4,2020-12-30,19015,166039,11098,135473,7917,30566,0,0,19004,165707,0.020616,2,14,2e-06,19004,165721,0.020618,8037679
4,2020-12-31,8320,174359,3369,138842,4951,35517,0,0,8307,174005,0.021649,9,23,3e-06,8307,174028,0.021652,8037679
4,2021-01-01,1655,176014,750,139592,905,36422,0,0,1651,175653,0.021854,3,26,3e-06,1651,175679,0.021857,8037679
4,2021-01-02,5739,181753,3241,142833,2498,38920,0,0,5737,181389,0.022567,1,27,3e-06,5737,181416,0.022571,8037679
4,2021-01-03,2149,183902,1270,144103,879,39799,0,0,2135,183521,0.022833,3,30,4e-06,2135,183551,0.022836,8037679
4,2021-01-04,13004,196906,7041,151144,5963,45762,0,0,12956,196449,0.024441,28,58,7e-06,12956,196507,0.024448,8037679
4,2021-01-05,16982,213888,10065,161209,6917,52679,0,0,14764,209038,0.026007,2189,2247,0.00028,14778,211285,0.026287,8037679
4,2021-01-06,21696,235584,13298,174507,8398,61077,0,0,15574,218553,0.027191,6073,8320,0.001035,15588,226873,0.028226,8037679
4,2021-01-07,28054,263638,17104,191611,10950,72027,0,0,16751,224083,0.027879,11242,19562,0.002434,16772,243645,0.030313,8037679
4,2021-01-08,33021,296659,21197,212808,11824,83851,0,0,18407,227963,0.028362,14548,34110,0.004244,18428,262073,0.032606,8037679
4,2021-01-09,16342,313001,9671,222479,6671,90522,0,0,9490,230624,0.028693,6841,40951,0.005095,9502,271575,0.033788,8037679
4,2021-01-10,8800,321801,5684,228163,3116,93638,0,0,4177,230197,0.02864,4612,45563,0.005669,4185,275760,0.034308,8037679
4,2021-01-11,33627,355428,22085,250248,11542,105180,0,0,18931,234507,0.029176,14668,60231,0.007494,18978,294738,0.03667,8037679
4,2021-01-12,38702,394130,22326,272574,16376,121556,0,0,24356,244613,0.030433,14291,74522,0.009272,24397,319135,0.039705,8037679
4,2021-01-13,39037,433167,19336,291910,19701,141257,0,0,27622,260888,0.032458,11374,85896,0.010687,27649,346784,0.043145,8037679
4,2021-01-14,39579,472746,15238,307148,24341,165598,0,0,32336,286048,0.035588,7205,93101,0.011583,32365,379149,0.047171,8037679
4,2021-01-15,45619,518365,15948,323096,29671,195269,0,0,40017,320557,0.039882,5534,98635,0.012272,40043,419192,0.052153,8037679
4,2021-01-16,28872,547237,9424,332520,19448,214717,0,0,25738,343211,0.0427,3102,101737,0.012658,25756,444948,0.055358,8037679
4,2021-01-17,19188,566425,6757,339277,12431,227148,0,0,17654,359367,0.04471,1512,103249,0.012846,17668,462616,0.057556,8037679
4,2021-01-18,29563,595988,13684,352961,15879,243027,0,0,23561,377020,0.046907,5934,109183,0.013584,23587,486203,0.06049,8037679
4,2021-01-19,46284,642272,23131,376092,23153,266180,0,0,36864,404585,0.050336,9372,118555,0.01475,36937,523140,0.065086,8037679
4,2021-01-20,52848,695120,28284,404376,24564,290744,0,0,42243,436383,0.054292,10507,129062,0.016057,42305,565445,0.070349,8037679
4,2021-01-21,58054,753174,26162,430538,31892,322636,0,0,51250,480957,0.059838,6722,135784,0.016893,51296,616741,0.076731,8037679
4,2021-01-22,55631,808805,22351,452889,33280,355916,0,0,50434,526290,0.065478,5128,140912,0.017531,50461,667202,0.083009,8037679
4,2021-01-23,39795,848600,17463,470352,22332,378248,0,0,35432,557399,0.069348,4353,145265,0.018073,35462,702664,0.087421,8037679
4,2021-01-24,24071,872671,10517,480869,13554,391802,0,0,22160,577677,0.071871,1902,147167,0.01831,22180,724844,0.090181,8037679
4,2021-01-25,48220,920891,22311,503180,25909,417711,0,0,37017,603581,0.075094,11171,158338,0.019699,37075,761919,0.094793,8037679
4,2021-01-26,57224,978115,29192,532372,28032,445743,0,0,44869,636194,0.079151,12318,170656,0.021232,44931,806850,0.100383,8037679
4,2021-01-27,56533,1034648,26902,559274,29631,475374,0,0,45399,670593,0.083431,11054,181710,0.022607,45453,852303,0.106038,8037679
4,2021-01-28,57017,1091665,25773,585047,31244,506618,0,0,46930,707579,0.088033,9991,191701,0.02385,46977,899280,0.111883,8037679
4,2021-01-29,56919,1148584,27306,612353,29613,536231,0,0,46396,743687,0.092525,10323,202024,0.025135,46431,945711,0.11766,8037679
4,2021-01-30,38266,1186850,17297,629650,20969,557200,0,0,32870,771245,0.095954,5339,207363,0.025799,32897,978608,0.121753,8037679
4,2021-01-31,24103,1210953,12707,642357,11396,568596,0,0,22388,791955,0.09853,1695,209058,0.02601,22405,1001013,0.12454,8037679
4,2021-02-01,49918,1260871,24055,666412,25863,594459,0,0,38182,818503,0.101833,11679,220737,0.027463,38227,1039240,0.129296,8037679
4,2021-02-02,55829,1316700,25674,692086,30155,624614,0,0,42839,848479,0.105563,12908,233645,0.029069,42884,1082124,0.134631,8037679
4,2021-02-03,62504,1379204,30689,722775,31815,656429,0,0,47906,881990,0.109732,14448,248093,0.030866,47959,1130083,0.140598,8037679
4,2021-02-04,67887,1447091,31479,754254,36408,692837,0,0,50966,916317,0.114003,16747,264840,0.03295,51074,1181157,0.146952,8037679
4,2021-02-05,73700,1520791,34160,788414,39540,732377,0,0,51144,945324,0.117612,22272,287112,0.035721,51279,1232436,0.153332,8037679
4,2021-02-06,48973,1569764,26346,814760,22627,755004,0,0,37304,971232,0.120835,11600,298712,0.037164,37508,1269944,0.157999,8037679
4,2021-02-07,26634,1596398,17609,832369,9025,764029,0,0,20110,985090,0.122559,6491,305203,0.037972,20349,1290293,0.160531,8037679
4,2021-02-08,59045,1655443,30393,862762,28652,792681,0,0,38335,1003120,0.124802,20570,325773,0.040531,38600,1328893,0.165333,8037679
4,2021-02-09,67675,1723118,34287,897049,33388,826069,0,0,39610,1015302,0.126318,27872,353645,0.043998,40054,1368947,0.170316,8037679
4,2021-02-10,77882,1801000,38991,936040,38891,864960,0,0,40898,1020014,0.126904,36731,390376,0.048568,41443,1410390,0.175472,8037679
4,2021-02-11,81998,1882998,42876,978916,39122,904082,0,0,41642,1022256,0.127183,40077,430453,0.053554,42319,1452709,0.180737,8037679
4,2021-02-12,85077,1968075,38164,1017080,46913,950995,0,0,43657,1025572,0.127596,41131,471584,0.058672,44447,1497156,0.186267,8037679
4,2021-02-13,59271,2027346,30039,1047119,29232,980227,0,0,30148,1027648,0.127854,28975,500559,0.062277,31051,1528207,0.19013,8037679
4,2021-02-14,37115,2064461,19304,1066423,17811,998038,0,0,18990,1029229,0.128051,18067,518626,0.064524,19648,1547855,0.192575,8037679
4,2021-02-15,46605,2111066,21877,1088300,24728,1022766,0,0,23843,1031582,0.128343,22673,541299,0.067345,25026,1572881,0.195688,8037679
4,2021-02-16,80881,2191947,37132,1125432,43749,1066515,0,0,41050,1034166,0.128665,39685,580984,0.072283,42269,1615150,0.200947,8037679
4,2021-02-17,82208,2274155,38885,1164317,43323,1109838,0,0,39030,1031361,0.128316,42962,623946,0.077628,40157,1655307,0.205943,8037679
4,2021-02-18,84076,2358231,46297,1210614,37779,1147617,0,0,38781,1026531,0.127715,45091,669037,0.083238,40261,1695568,0.210952,8037679
4,2021-02-19,83469,2441700,52616,1263230,30853,1178470,0,0,41613,1027165,0.127794,41673,710710,0.088422,42307,1737875,0.216216,8037679
4,2021-02-20,49986,2491686,33296,1296526,16690,1195160,0,0,27021,1032004,0.128396,22877,733587,0.091269,27716,1765591,0.219664,8037679
4,2021-02-21,30350,2522036,24100,1320626,6250,1201410,0,0,14640,1031308,0.128309,15622,749209,0.093212,14926,1780517,0.221521,8037679
4,2021-02-22,55581,2577617,38202,1358828,17379,1218789,0,0,26713,1029768,0.128118,28704,777913,0.096783,27164,1807681,0.224901,8037679
4,2021-02-23,76879,2654496,42577,1401405,34302,1253091,0,0,33575,1021927,0.127142,43091,821004,0.102144,35250,1842931,0.229286,8037679
4,2021-02-24,92162,2746658,48688,1450093,43474,1296565,0,0,41365,1014936,0.126272,50515,871519,0.108429,43524,1886455,0.234701,8037679
4,2021-02-25,103801,2850459,54274,1504367,49527,1346092,0,0,49431,1012794,0.126006,54129,925648,0.115164,51987,1938442,0.241169,8037679
4,2021-02-26,110101,2960560,55634,1560001,54467,1400559,0,0,56152,1017673,0.126613,53633,979281,0.121836,58512,1996954,0.248449,8037679
4,2021-02-27,80277,3040837,43702,1603703,36565,1437124,10,10,42750,1024620,0.127477,37302,1016583,0.126477,44249,2041203,0.253954,8037679
4,2021-02-28,49608,3090445,30644,1634347,18957,1456081,7,17,27307,1030721,0.128236,22099,1038682,0.129227,28200,2069403,0.257463,8037679
4,2021-03-01,80843,3171288,47353,1681700,33445,1489526,45,62,44466,1040394,0.12944,36033,1074715,0.13371,45706,2115109,0.263149,8037679
4,2021-03-02,88285,3259573,50690,1732390,37586,1527112,9,71,51573,1057255,0.131537,36510,1111225,0.138252,53371,2168480,0.269789,8037679
4,2021-03-03,102919,3362492,54589,1786979,48314,1575426,16,87,57247,1070853,0.133229,45438,1156663,0.143905,59036,2227516,0.277134,8037679
4,2021-03-04,99880,3462372,55336,1842315,44527,1619953,17,104,54399,1081814,0.134593,45230,1201893,0.149532,56191,2283707,0.284125,8037679
4,2021-03-05,96838,3559210,52341,1894656,44176,1664129,321,425,56952,1101371,0.137026,39656,1241549,0.154466,59213,2342920,0.291492,8037679
4,2021-03-06,77364,3636574,43589,1938245,31130,1695259,2645,3070,47313,1122749,0.139686,29905,1271454,0.158187,51283,2394203,0.297872,8037679
4,2021-03-07,44918,3681492,27577,1965822,15147,1710406,2194,5264,26108,1133412,0.141012,18721,1290175,0.160516,29384,2423587,0.301528,8037679
4,2021-03-08,68225,3749717,35660,2001482,29189,1739595,3376,8640,44756,1159520,0.144261,23332,1313507,0.163419,49440,2473027,0.307679,8037679
4,2021-03-09,82247,3831964,41507,2042989,35458,1775053,5282,13922,44302,1172420,0.145865,37749,1351256,0.168115,50649,2523676,0.313981,8037679
4,2021-03-10,91807,3923771,47322,2090311,36949,1812002,7536,21458,46271,1181795,0.147032,45323,1396579,0.173754,54698,2578374,0.320786,8037679
4,2021-03-11,101266,4025037,53059,2143370,39689,1851691,8518,29976,46704,1183763,0.147277,54287,1450866,0.180508,56255,2634629,0.327785,8037679
4,2021-03-12,105007,4130044,51709,2195079,42965,1894656,10333,40309,44897,1180027,0.146812,59807,1510673,0.187949,56071,2690700,0.334761,8037679
4,2021-03-13,81931,4211975,37926,2233005,35475,1930131,8530,48839,38693,1185206,0.147456,43087,1553760,0.19331,48266,2738966,0.340766,8037679
4,2021-03-14,50062,4262037,28497,2261502,17916,1948047,3649,52488,23359,1186203,0.14758,26598,1580358,0.196619,27595,2766561,0.344199,8037679
4,2021-03-15,84049,4346086,45225,2306727,34558,1982605,4266,56754,42597,1192713,0.14839,41175,1621533,0.201741,47685,2814246,0.350132,8037679
4,2021-03-16,108307,4454393,56308,2363035,48572,2031177,3427,60181,57057,1202895,0.149657,50976,1672509,0.208084,61158,2875404,0.357741,8037679
4,2021-03-17,107723,4562116,58023,2421058,46192,2077369,3508,63689,62953,1225395,0.152456,44481,1716990,0.213618,66981,2942385,0.366074,8037679
4,2021-03-18,107674,4669790,59744,2480802,44220,2121589,3710,67399,60842,1243810,0.154747,46540,1763530,0.219408,64955,3007340,0.374155,8037679
4,2021-03-19,112168,4781958,64521,2545323,42418,2164007,5229,72628,63542,1264615,0.157336,48328,1811858,0.225421,69133,3076473,0.382756,8037679
4,2021-03-20,84495,4866453,49424,2594747,32050,2196057,3021,75649,51600,1286811,0.160097,32720,1844578,0.229491,54916,3131389,0.389589,8037679
4,2021-03-21,48440,4914893,35098,2629845,11081,2207138,2261,77910,28198,1297513,0.161429,20101,1864679,0.231992,30803,3162192,0.393421,8037679
4,2021-03-22,82960,4997853,54218,2684063,26003,2233141,2739,80649,51187,1320640,0.164306,31499,1896178,0.235911,54626,3216818,0.400217,8037679
4,2021-03-23,105544,5103397,63181,2747244,40212,2273353,2151,82800,62381,1342842,0.167068,42871,1939049,0.241245,65073,3281891,0.408313,8037679
4,2021-03-24,114343,5217740,73738,2820982,38175,2311528,2430,85230,63961,1359746,0.169171,49924,1988973,0.247456,66828,3348719,0.416628,8037679
4,2021-03-25,117894,5335634,72501,2893483,42981,2354509,2412,87642,66926,1379086,0.171578,50464,2039437,0.253735,69804,3418523,0.425312,8037679
4,2021-03-26,120643,5456277,73153,2966636,44441,2398950,3049,90691,65510,1393486,0.173369,54738,2094175,0.260545,69138,3487661,0.433914,8037679
4,2021-03-27,92635,5548912,54575,3021211,36263,2435213,1797,92488,46857,1397101,0.173819,45512,2139687,0.266207,49127,3536788,0.440026,8037679
4,2021-03-28,56057,5604969,36994,3058205,18188,2453401,875,93363,29598,1401673,0.174388,26270,2165957,0.269475,30842,3567630,0.443863,8037679
4,2021-03-29,94218,5699187,56452,3114657,35676,2489077,2090,95453,50561,1411492,0.175609,43366,2209323,0.274871,53185,3620815,0.45048,8037679
4,2021-03-30,117811,5816998,64306,3178963,49340,2538417,4165,99618,69689,1437887,0.178893,47858,2257181,0.280825,74253,3695068,0.459718,8037679
4,2021-03-31,121688,5938686,71813,3250776,43552,2581969,6323,105941,67870,1458830,0.181499,53437,2310618,0.287473,74380,3769448,0.468972,8037679
4,2021-04-01,143106,6081792,81602,3332378,48195,2630164,13309,119250,83950,1497472,0.186307,58636,2369254,0.294768,97278,3866726,0.481075,8037679
4,2021-04-02,137202,6218994,73302,3405680,50277,2680441,13623,132873,79010,1532443,0.190657,57869,2427123,0.301968,92840,3959566,0.492626,8037679
4,2021-04-03,101504,6320498,54227,3459907,33800,2714241,13477,146350,52723,1550225,0.19287,48561,2475684,0.30801,66343,4025909,0.50088,8037679
4,2021-04-04,46993,6367491,24803,3484710,14657,2728898,7533,153883,20399,1551637,0.193045,26478,2502162,0.311304,27890,4053799,0.504349,8037679
4,2021-04-05,109906,6477397,61714,3546424,35313,2764211,12879,166762,56905,1569156,0.195225,52763,2554925,0.317869,70282,4124081,0.513094,8037679
4,2021-04-06,139345,6616742,78390,3624814,41117,2805328,19838,186600,72191,1594793,0.198415,66893,2621818,0.326191,92530,4216611,0.524606,8037679
4,2021-04-07,138069,6754811,78234,3703048,39053,2844381,20782,207382,71334,1620649,0.201631,66462,2688280,0.33446,92318,4308929,0.536091,8037679
4,2021-04-08,140534,6895345,78291,3781339,36694,2881075,25549,232931,69815,1646116,0.2048,70397,2758677,0.343218,95864,4404793,0.548018,8037679
4,2021-04-09,138247,7033592,75768,3857107,39353,2920428,23126,256057,65864,1663930,0.207016,72114,2830791,0.35219,89928,4494721,0.559206,8037679
4,2021-04-10,104106,7137698,51319,3908426,33841,2954269,18946,275003,46897,1673760,0.208239,56984,2887775,0.35928,66814,4561535,0.567519,8037679
4,2021-04-11,62837,7200535,38143,3946569,13495,2967764,11199,286202,27407,1678081,0.208777,35308,2923083,0.363673,39629,4601164,0.572449,8037679
4,2021-04-12,103179,7303714,62714,4009283,30231,2997995,10234,296436,51947,1690555,0.210329,50910,2973993,0.370006,63384,4664548,0.580335,8037679
4,2021-04-13,130876,7434590,82103,4091386,48604,3046599,169,296605,78221,1717468,0.213677,52339,3026332,0.376518,79252,4743800,0.590195,8037679
4,2021-04-14,135937,7570527,86591,4177977,49268,3095867,78,296683,75022,1733233,0.215638,60565,3086897,0.384053,76330,4820130,0.599692,8037679
4,2021-04-15,156457,7726984,104012,4281989,52375,3148242,70,296753,95727,1769476,0.220148,60323,3147220,0.391558,96566,4916696,0.611706,8037679
4,2021-04-16,143910,7870894,91223,4373212,52608,3200850,79,296832,83428,1793566,0.223145,60139,3207359,0.39904,84229,5000925,0.622185,8037679
4,2021-04-17,101773,7972667,63908,4437120,37841,3238691,24,296856,59558,1812378,0.225485,41920,3249279,0.404256,60732,5061657,0.629741,8037679
4,2021-04-18,56927,8029594,38458,4475578,18466,3257157,3,296859,32028,1820617,0.22651,24753,3274032,0.407336,32992,5094649,0.633846,8037679
4,2021-04-19,101524,8131118,66878,4542456,34628,3291785,18,296877,51536,1823044,0.226812,49729,3323761,0.413522,52156,5146805,0.640335,8037679
4,2021-04-20,131865,8262983,78545,4621001,53304,3345089,16,296893,68423,1829456,0.22761,63099,3386860,0.421373,69511,5216316,0.648983,8037679
4,2021-04-21,134904,8397887,88055,4709056,46793,3391882,56,296949,67884,1831921,0.227917,66587,3453447,0.429657,69052,5285368,0.657574,8037679
4,2021-04-22,141944,8539831,94200,4803256,47720,3439602,24,296973,63353,1818255,0.226216,78175,3531622,0.439383,64509,5349877,0.6656,8037679
4,2021-04-23,135431,8675262,88127,4891383,47280,3486882,24,296997,58752,1801920,0.224184,76303,3607925,0.448876,59968,5409845,0.673061,8037679
4,2021-04-24,99098,8774360,66887,4958270,32161,3519043,50,297047,45621,1795505,0.223386,53161,3661086,0.45549,46746,5456591,0.678876,8037679
4,2021-04-25,50458,8824818,35569,4993839,14862,3533905,27,297074,26351,1798384,0.223744,23952,3685038,0.45847,26831,5483422,0.682215,8037679
4,2021-04-26,92273,8917091,60520,5054359,31355,3565260,398,297472,36330,1780818,0.221559,55630,3740668,0.465392,38064,5521486,0.68695,8037679
4,2021-04-27,114098,9031189,69735,5124094,42044,3607304,2319,299791,41101,1752376,0.21802,72658,3813326,0.474431,44216,5565702,0.692451,8037679
4,2021-04-28,104616,9135805,68365,5192459,33717,3641021,2534,302325,38281,1727874,0.214972,65978,3879304,0.48264,41476,5607178,0.697612,8037679
4,2021-04-29,105989,9241794,67703,5260162,35752,3676773,2534,304859,34272,1693930,0.210749,71354,3950658,0.491517,37410,5644588,0.702266,8037679
4,2021-04-30,105721,9347515,66992,5327154,36025,3712798,2704,307563,36364,1664711,0.207113,68951,4019609,0.500096,39732,5684320,0.707209,8037679
4,2021-05-01,69567,9417082,46176,5373330,21615,3734413,1776,309339,20272,1638393,0.203839,49009,4068618,0.506193,22691,5707011,0.710032,8037679
4,2021-05-02,37703,9454785,26754,5400084,9657,3744070,1292,310631,10585,1623424,0.201977,26993,4095611,0.509551,12024,5719035,0.711528,8037679
4,2021-05-03,79416,9534201,55415,5455499,21508,3765578,2493,313124,19341,1585821,0.197298,59807,4155418,0.516992,22204,5741239,0.714291,8037679
4,2021-05-04,101607,9635808,69561,5525060,29276,3794854,2770,315894,22806,1533300,0.190764,78496,4233914,0.526758,25975,5767214,0.717522,8037679
4,2021-05-05,102484,9738292,72266,5597326,27477,3822331,2741,318635,22238,1478691,0.18397,79894,4313808,0.536698,25285,5792499,0.720668,8037679
4,2021-05-06,112277,9850569,84133,5681459,25199,3847530,2945,321580,19780,1410532,0.17549,92005,4405813,0.548145,23846,5816345,0.723635,8037679
4,2021-05-07,105009,9955578,75485,5756944,26840,3874370,2684,324264,20752,1350516,0.168023,83872,4489685,0.55858,23856,5840201,0.726603,8037679
4,2021-05-08,69802,10025380,48081,5805025,19791,3894161,1930,326194,13835,1310927,0.163098,55711,4545396,0.565511,16122,5856323,0.728609,8037679
4,2021-05-09,34286,10059666,28038,5833063,5301,3899462,947,327141,7526,1292843,0.160848,26650,4572046,0.568827,8566,5864889,0.729674,8037679
4,2021-05-10,65255,10124921,43688,5876751,19241,3918703,2326,329467,11071,1252594,0.15584,53958,4626004,0.57554,13709,5878598,0.73138,8037679
4,2021-05-11,83203,10208124,52027,5928778,28984,3947687,2192,331659,15884,1204116,0.149809,67058,4693062,0.583883,18580,5897178,0.733692,8037679
4,2021-05-12,79725,10287849,53007,5981785,24246,3971933,2472,334131,16681,1160899,0.144432,62745,4755807,0.591689,19528,5916706,0.736121,8037679
4,2021-05-13,104610,10392459,76993,6058778,26081,3998014,1536,335667,40548,1140270,0.141866,63729,4819536,0.599618,43100,5959806,0.741483,8037679
4,2021-05-14,105032,10497491,74179,6132957,28724,4026738,2129,337796,40459,1119152,0.139238,64243,4883779,0.607611,43125,6002931,0.746849,8037679
4,2021-05-15,85707,10583198,66261,6199218,18117,4044855,1329,339125,37819,1110959,0.138219,47635,4931414,0.613537,39442,6042373,0.751756,8037679
4,2021-05-16,51594,10634792,41586,6240804,9296,4054151,712,339837,21152,1102671,0.137188,30290,4961704,0.617306,22002,6064375,0.754493,8037679
4,2021-05-17,71153,10705945,51965,6292769,17346,4071497,1842,341679,28125,1090051,0.135618,42819,5004523,0.622633,30199,6094574,0.75825,8037679
4,2021-05-18,81739,10787684,53148,6345917,26837,4098334,1754,343433,29196,1069189,0.133022,52181,5056704,0.629125,31319,6125893,0.762147,8037679
4,2021-05-19,76827,10864511,51920,6397837,22965,4121299,1942,345375,30848,1056590,0.131455,45678,5102382,0.634808,33079,6158972,0.766262,8037679
4,2021-05-20,69090,10933601,44422,6442259,22672,4143971,1996,347371,25606,1041349,0.129558,43187,5145569,0.640181,27946,6186918,0.769739,8037679
4,2021-05-21,73593,11007194,48530,6490789,23202,4167173,1861,349232,25953,1022088,0.127162,47340,5192909,0.646071,28079,6214997,0.773233,8037679
4,2021-05-22,49838,11057032,34924,6525713,13640,4180813,1274,350506,21665,1017251,0.12656,28006,5220915,0.649555,23169,6238166,0.776115,8037679
4,2021-05-23,23976,11081008,17106,6542819,6147,4186960,723,351229,9757,1013747,0.126124,14094,5235009,0.651309,10590,6248756,0.777433,8037679
4,2021-05-24,43062,11124070,27388,6570207,12673,4199633,3001,354230,15061,1004229,0.12494,27778,5262787,0.654765,18260,6267016,0.779705,8037679
4,2021-05-25,44881,11168951,27879,6598086,14175,4213808,2827,357057,15859,994362,0.123713,28783,5291570,0.658346,18916,6285932,0.782058,8037679
4,2021-05-26,44603,11213554,26716,6624802,15283,4229091,2604,359661,15836,984431,0.122477,28545,5320115,0.661897,18614,6304546,0.784374,8037679
4,2021-05-27,38903,11252457,23327,6648129,12437,4241528,3139,362800,14643,978327,0.121718,24053,5344168,0.664889,17949,6322495,0.786607,8037679
4,2021-05-28,43269,11295726,27551,6675680,14113,4255641,1605,364405,18851,974857,0.121286,24151,5368319,0.667894,20681,6343176,0.78918,8037679
4,2021-05-29,23689,11319415,15368,6691048,7387,4263028,934,365339,10898,974174,0.121201,12645,5380964,0.669467,11962,6355138,0.790668,8037679
4,2021-05-30,12089,11331504,8497,6699545,3066,4266094,526,365865,5027,972805,0.121031,6991,5387955,0.670337,5622,6360760,0.791368,8037679
4,2021-05-31,3576,11335080,2273,6701818,1142,4267236,161,366026,1140,971742,0.120898,2384,5390339,0.670634,1321,6362081,0.791532,8037679
4,2021-06-01,39435,11374515,24506,6726324,12488,4279724,2441,368467,13016,961215,0.119589,26198,5416537,0.673893,15671,6377752,0.793482,8037679
4,2021-06-02,32611,11407126,20368,6746692,9448,4289172,2795,371262,10880,953493,0.118628,21548,5438085,0.676574,13826,6391578,0.795202,8037679
4,2021-06-03,48042,11455168,36855,6783547,8734,4297906,2453,373715,10343,929067,0.115589,37528,5475613,0.681243,13102,6404680,0.796832,8037679
4,2021-06-04,54801,11509969,44111,6827658,9363,4307269,1327,375042,12731,902096,0.112233,41832,5517445,0.686448,14861,6419541,0.798681,8037679
4,2021-06-05,44797,11554766,38355,6866013,5446,4312715,996,376038,8748,876226,0.109015,35893,5553338,0.690913,10023,6429564,0.799928,8037679
4,2021-06-06,21232,11575998,18947,6884960,1721,4314436,564,376602,3949,863953,0.107488,17182,5570520,0.693051,4909,6434473,0.800539,8037679
4,2021-06-07,38699,11614697,31322,6916282,5458,4319894,1919,378521,8420,844437,0.10506,30142,5600662,0.696801,10626,6445099,0.801861,8037679
4,2021-06-08,40592,11655289,31842,6948124,6206,4326100,2544,381065,9444,825803,0.102741,30957,5631619,0.700652,12323,6457422,0.803394,8037679
4,2021-06-09,38932,11694221,30860,6978984,5710,4331810,2362,383427,7932,805620,0.10023,30829,5662448,0.704488,10646,6468068,0.804718,8037679
4,2021-06-10,37137,11731358,29257,7008241,5255,4337065,2625,386052,8415,788362,0.098083,28562,5691010,0.708041,11304,6479372,0.806125,8037679
4,2021-06-11,38288,11769646,30046,7038287,6230,4343295,2012,388064,9892,772380,0.096095,28238,5719248,0.711555,12256,6491628,0.80765,8037679
4,2021-06-12,26543,11796189,22079,7060366,3751,4347046,713,388777,6039,758952,0.094424,20398,5739646,0.714092,6970,6498598,0.808517,8037679
4,2021-06-13,10833,11807022,8559,7068925,1798,4348844,476,389253,2278,753324,0.093724,8489,5748135,0.715149,2861,6501459,0.808873,8037679
4,2021-06-14,28588,11835610,21379,7090304,4400,4353244,2809,392062,7803,743510,0.092503,20645,5768780,0.717717,10831,6512290,0.81022,8037679
4,2021-06-15,29941,11865551,21166,7111470,5372,4358616,3403,395465,8286,733962,0.091315,21493,5790273,0.720391,11945,6524235,0.811706,8037679
4,2021-06-16,26564,11892115,20020,7131490,3922,4362538,2622,398087,7998,726398,0.090374,18390,5808663,0.722679,10826,6535061,0.813053,8037679
4,2021-06-17,25125,11917240,18550,7150040,3682,4366220,2893,400980,7605,719754,0.089547,17333,5825996,0.724836,10689,6545750,0.814383,8037679
4,2021-06-18,26760,11944000,21106,7171146,4421,4370641,1233,402213,8259,711201,0.088483,18297,5844293,0.727112,9744,6555494,0.815595,8037679
4,2021-06-19,15739,11959739,12728,7183874,2310,4372951,701,402914,5057,706594,0.08791,10535,5854828,0.728423,5928,6561422,0.816333,8037679
4,2021-06-20,7362,11967101,6066,7189940,990,4373941,306,403220,2619,704917,0.087702,4685,5859513,0.729006,3008,6564430,0.816707,8037679
4,2021-06-21,14572,11981673,10532,7200472,2902,4376843,1138,404358,7338,706408,0.087887,7148,5866661,0.729895,8639,6573069,0.817782,8037679
4,2021-06-22,20464,12002137,15959,7216431,3428,4380271,1077,405435,7113,701526,0.08728,13225,5879886,0.73154,8343,6581412,0.81882,8037679
4,2021-06-23,18390,12020527,14435,7230866,2968,4383239,987,406422,6711,697801,0.086816,11543,5891429,0.732976,7818,6589230,0.819793,8037679
4,2021-06-24,17573,12038100,13588,7244454,2997,4386236,988,407410,6550,694616,0.08642,10863,5902292,0.734328,7678,6596908,0.820748,8037679
4,2021-06-25,21537,12059637,16928,7261382,3565,4389801,1044,408454,7806,690037,0.08585,13594,5915886,0.736019,9015,6605923,0.821869,8037679
4,2021-06-26,13026,12072663,10597,7271979,1812,4391613,617,409071,4797,687429,0.085526,8126,5924012,0.73703,5518,6611441,0.822556,8037679
4,2021-06-27,6835,12079498,5535,7277514,957,4392570,343,409414,2879,686786,0.085446,3918,5927930,0.737518,3275,6614716,0.822963,8037679
4,2021-06-28,15026,12094524,12616,7290130,1558,4394128,852,410266,6038,684892,0.08521,8906,5936836,0.738626,7012,6621728,0.823836,8037679
4,2021-06-29,16439,12110963,12760,7302890,2879,4397007,800,411066,6359,682202,0.084875,9970,5946806,0.739866,7280,6629008,0.824742,8037679
4,2021-06-30,14525,12125488,11321,7314211,2467,4399474,737,411803,6037,680709,0.08469,8378,5955184,0.740908,6885,6635893,0.825598,8037679
4,2021-07-01,14418,12139906,11374,7325585,2302,4401776,742,412545,5899,679082,0.084487,8407,5963591,0.741954,6780,6642673,0.826442,8037679
4,2021-07-02,16728,12156634,13282,7338867,2686,4404462,760,413305,6831,677002,0.084229,9800,5973391,0.743174,7720,6650393,0.827402,8037679
4,2021-07-03,9147,12165781,7265,7346132,1472,4405934,410,413715,3961,676317,0.084143,5113,5978504,0.74381,4428,6654821,0.827953,8037679
4,2021-07-04,427,12166208,262,7346394,106,4406040,59,413774,188,676340,0.084146,235,5978739,0.743839,258,6655079,0.827985,8037679
4,2021-07-05,9185,12175393,7476,7353870,1295,4407335,414,414188,4168,676034,0.084108,4937,5983676,0.744453,4631,6659710,0.828561,8037679
4,2021-07-06,16434,12191827,12953,7366823,2681,4410016,800,414988,6051,672731,0.083697,10265,5993941,0.74573,6962,6666672,0.829428,8037679
4,2021-07-07,13676,12205503,10674,7377497,2227,4412243,775,415763,5168,670372,0.083404,8419,6002360,0.746778,6060,6672732,0.830181,8037679
4,2021-07-08,13173,12218676,10308,7387805,2039,4414282,826,416589,5150,668532,0.083175,7908,6010268,0.747762,6068,6678800,0.830936,8037679
4,2021-07-09,15347,12234023,11786,7399591,2627,4416909,934,417523,6241,666853,0.082966,8969,6019237,0.748878,7290,6686090,0.831843,8037679
4,2021-07-10,8799,12242822,6958,7406549,1443,4418352,398,417921,3696,665987,0.082858,5019,6024256,0.749502,4153,6690243,0.83236,8037679
4,2021-07-11,4973,12247795,3984,7410533,788,4419140,201,418122,2236,665756,0.082829,2697,6026953,0.749837,2466,6692709,0.832667,8037679
4,2021-07-12,12991,12260786,10300,7420833,1976,4421116,715,418837,5037,663741,0.082579,7874,6034827,0.750817,5859,6698568,0.833396,8037679
4,2021-07-13,12680,12273466,9710,7430543,2340,4423456,630,419467,5386,662668,0.082445,7189,6042016,0.751712,6116,6704684,0.834157,8037679
4,2021-07-14,11661,12285127,9187,7439730,1930,4425386,544,420011,5055,661817,0.082339,6522,6048538,0.752523,5671,6710355,0.834862,8037679
4,2021-07-15,12381,12297508,9834,7449564,1965,4427351,582,420593,5652,661524,0.082303,6602,6055140,0.753344,6309,6716664,0.835647,8037679
4,2021-07-16,14884,12312392,11604,7461168,2613,4429964,667,421260,6853,661222,0.082265,7929,6063069,0.754331,7627,6724291,0.836596,8037679
4,2021-07-17,9287,12321679,7339,7468507,1625,4431589,323,421583,4382,661164,0.082258,4805,6067874,0.754929,4747,6729038,0.837187,8037679
4,2021-07-18,5346,12327025,4303,7472810,843,4432432,200,421783,2524,661148,0.082256,2763,6070637,0.755272,2747,6731785,0.837528,8037679
4,2021-07-19,12720,12339745,10100,7482910,1978,4434410,642,422425,6031,661317,0.082277,6597,6077234,0.756093,6766,6738551,0.83837,8037679
4,2021-07-20,13644,12353389,10532,7493442,2461,4436871,651,423076,6731,662011,0.082363,6770,6084004,0.756935,7464,6746015,0.839299,8037679
4,2021-07-21,12727,12366116,9882,7503324,2214,4439085,631,423707,6333,662771,0.082458,6263,6090267,0.757715,7023,6753038,0.840173,8037679
4,2021-07-22,13370,12379486,10443,7513767,2282,4441367,645,424352,6957,664149,0.082629,6285,6096552,0.758497,7663,6760701,0.841126,8037679
4,2021-07-23,15540,12395026,12010,7525777,2854,4444221,676,425028,8157,665851,0.082841,7221,6103773,0.759395,8923,6769624,0.842236,8037679
4,2021-07-24,9549,12404575,7480,7533257,1743,4445964,326,425354,4907,666627,0.082938,4506,6108279,0.759956,5282,6774906,0.842893,8037679
4,2021-07-25,4741,12409316,3736,7536993,852,4446816,153,425507,3348,668806,0.083209,1337,6109616,0.760122,3516,6778422,0.843331,8037679
4,2021-07-26,12816,12422132,10066,7547059,2103,4448919,647,426154,7466,671764,0.083577,5211,6114827,0.76077,8169,6786591,0.844347,8037679
4,2021-07-27,14095,12436227,10829,7557888,2527,4451446,739,426893,7607,673814,0.083832,6339,6121166,0.761559,8389,6794980,0.845391,8037679
4,2021-07-28,12938,12449165,9922,7567810,2351,4453797,665,427558,7194,676154,0.084123,5577,6126743,0.762253,7917,6802897,0.846376,8037679
4,2021-07-29,13149,12462314,10244,7578054,2234,4456031,671,428229,7398,678763,0.084448,5547,6132290,0.762943,8156,6811053,0.847391,8037679
4,2021-07-30,15150,12477464,11717,7589771,2741,4458772,692,428921,8251,681260,0.084758,6563,6138853,0.763759,9060,6820113,0.848518,8037679
4,2021-07-31,5798,12483262,4315,7594086,1156,4459928,327,429248,3234,682388,0.084899,2455,6141308,0.764065,3583,6823696,0.848963,8037679
