vemquartile,administered_date,total_doses,cumulative_total_doses,pfizer_doses,cumulative_pfizer_doses,moderna_doses,cumulative_moderna_doses,jj_doses,cumulative_jj_doses,partially_vaccinated,total_partially_vaccinated,pct_age12pop_partially_vaccinated,fully_vaccinated,cumulative_fully_vaccinated,pct_age12pop_fully_vaccinated,at_least_one_dose,cumulative_at_least_one_dose,pct_age12pop_at_least_one_dose,age12_population
1,2020-12-15,156,156,156,156,0,0,0,0,156,156,1.8e-05,0,0,0.0,156,156,1.8e-05,8700223
1,2020-12-16,1226,1382,1226,1382,0,0,0,0,1226,1382,0.000159,0,0,0.0,1226,1382,0.000159,8700223
1,2020-12-17,4187,5569,4187,5569,0,0,0,0,4189,5571,0.00064,0,0,0.0,4189,5571,0.00064,8700223
1,2020-12-18,6378,11947,6355,11924,23,23,0,0,6381,11951,0.001374,1,1,0.0,6381,11952,0.001374,8700223
1,2020-12-19,2890,14837,2887,14811,3,26,0,0,2889,14839,0.001706,1,2,0.0,2889,14841,0.001706,8700223
1,2020-12-20,2136,16973,2126,16937,10,36,0,0,2137,16976,0.001951,0,2,0.0,2137,16978,0.001951,8700223
1,2020-12-21,7660,24633,7639,24576,21,57,0,0,7708,24684,0.002837,1,3,0.0,7709,24687,0.002838,8700223
1,2020-12-22,7327,31960,6983,31559,344,401,0,0,7328,32010,0.003679,2,5,1e-06,7328,32015,0.00368,8700223
1,2020-12-23,7845,39805,6584,38143,1261,1662,0,0,7841,39850,0.00458,2,7,1e-06,7842,39857,0.004581,8700223
1,2020-12-24,3300,43105,2357,40500,943,2605,0,0,3302,43152,0.00496,0,7,1e-06,3302,43159,0.004961,8700223
1,2020-12-25,240,43345,156,40656,84,2689,0,0,240,43392,0.004987,0,7,1e-06,240,43399,0.004988,8700223
1,2020-12-26,1367,44712,974,41630,393,3082,0,0,1366,44757,0.005144,1,8,1e-06,1366,44765,0.005145,8700223
1,2020-12-27,877,45589,542,42172,335,3417,0,0,877,45633,0.005245,1,9,1e-06,877,45642,0.005246,8700223
1,2020-12-28,7092,52681,4749,46921,2343,5760,0,0,7089,52722,0.00606,0,9,1e-06,7089,52731,0.006061,8700223
1,2020-12-29,8988,61669,4993,51914,3995,9755,0,0,8984,61704,0.007092,2,11,1e-06,8984,61715,0.007093,8700223
1,2020-12-30,11656,73325,6457,58371,5199,14954,0,0,11655,73358,0.008432,1,12,1e-06,11655,73370,0.008433,8700223
1,2020-12-31,6014,79339,1957,60328,4057,19011,0,0,6012,79367,0.009122,4,16,2e-06,6013,79383,0.009124,8700223
1,2021-01-01,596,79935,234,60562,362,19373,0,0,593,79958,0.00919,2,18,2e-06,593,79976,0.009192,8700223
1,2021-01-02,2921,82856,1769,62331,1152,20525,0,0,2921,82879,0.009526,0,18,2e-06,2921,82897,0.009528,8700223
1,2021-01-03,1041,83897,550,62881,491,21016,0,0,1039,83915,0.009645,3,21,2e-06,1039,83936,0.009648,8700223
1,2021-01-04,7392,91289,3596,66477,3796,24812,0,0,7395,91308,0.010495,2,23,3e-06,7395,91331,0.010498,8700223
1,2021-01-05,10915,102204,5249,71726,5666,30478,0,0,10115,100663,0.01157,782,805,9.3e-05,10137,101468,0.011663,8700223
1,2021-01-06,14103,116307,7064,78790,7039,37517,0,0,12178,110967,0.012755,1889,2694,0.00031,12193,113661,0.013064,8700223
1,2021-01-07,17536,133843,9168,87958,8368,45885,0,0,13014,119563,0.013743,4429,7123,0.000819,13025,126686,0.014561,8700223
1,2021-01-08,20222,154065,10502,98460,9720,55605,0,0,14259,127888,0.014699,5946,13069,0.001502,14271,140957,0.016202,8700223
1,2021-01-09,6706,160771,3405,101865,3301,58906,0,0,4845,130878,0.015043,1858,14927,0.001716,4848,145805,0.016759,8700223
1,2021-01-10,3109,163880,1771,103636,1338,60244,0,0,1915,131604,0.015127,1190,16117,0.001852,1916,147721,0.016979,8700223
1,2021-01-11,18098,181978,11853,115489,6245,66489,0,0,11539,136637,0.015705,6549,22666,0.002605,11582,159303,0.01831,8700223
1,2021-01-12,19162,201140,10975,126464,8187,74676,0,0,13154,143852,0.016534,5981,28647,0.003293,13196,172499,0.019827,8700223
1,2021-01-13,19871,221011,10743,137207,9128,83804,0,0,14707,153435,0.017636,5142,33789,0.003884,14725,187224,0.021519,8700223
1,2021-01-14,22058,243069,9449,146656,12609,96413,0,0,19293,170084,0.019549,2706,36495,0.004195,19355,206579,0.023744,8700223
1,2021-01-15,25232,268301,9246,155902,15986,112399,0,0,23289,191532,0.022015,1904,38399,0.004414,23352,229931,0.026428,8700223
1,2021-01-16,13891,282192,4549,160451,9342,121741,0,0,13015,203677,0.023411,873,39272,0.004514,13018,242949,0.027924,8700223
1,2021-01-17,5226,287418,2037,162488,3189,124930,0,0,4851,208157,0.023925,374,39646,0.004557,4854,247803,0.028482,8700223
1,2021-01-18,14345,301763,8612,171100,5733,130663,0,0,11155,216191,0.024849,3176,42822,0.004922,11210,259013,0.029771,8700223
1,2021-01-19,24707,326470,12781,183881,11926,142589,0,0,19535,230630,0.026509,5150,47972,0.005514,19589,278602,0.032022,8700223
1,2021-01-20,29459,355929,14741,198622,14718,157307,0,0,23521,248335,0.028544,5857,53829,0.006187,23562,302164,0.034731,8700223
1,2021-01-21,31262,387191,14677,213299,16585,173892,0,0,27968,273174,0.031399,3228,57057,0.006558,28067,330231,0.037957,8700223
1,2021-01-22,28426,415617,11290,224589,17136,191028,0,0,26348,297543,0.034199,2011,59068,0.006789,26380,356611,0.040989,8700223
1,2021-01-23,18737,434354,8197,232786,10540,201568,0,0,16776,312398,0.035907,1931,60999,0.007011,16786,373397,0.042918,8700223
1,2021-01-24,6694,441048,4159,236945,2535,204103,0,0,6033,317781,0.036526,656,61655,0.007087,6039,379436,0.043612,8700223
1,2021-01-25,25490,466538,10511,247456,14979,219082,0,0,19667,331782,0.038135,5774,67429,0.00775,19775,399211,0.045885,8700223
1,2021-01-26,28861,495399,13494,260950,15367,234449,0,0,22132,347272,0.039915,6665,74094,0.008516,22155,421366,0.048432,8700223
1,2021-01-27,32729,528128,15573,276523,17156,251605,0,0,24578,363802,0.041815,8086,82180,0.009446,24616,445982,0.051261,8700223
1,2021-01-28,35020,563148,16432,292955,18588,270193,0,0,28038,384995,0.044251,6914,89094,0.01024,28107,474089,0.054492,8700223
1,2021-01-29,33774,596922,16488,309443,17286,287479,0,0,27147,405702,0.046631,6482,95576,0.010985,27189,501278,0.057617,8700223
1,2021-01-30,20200,617122,8728,318171,11472,298951,0,0,18053,421650,0.048464,2117,97693,0.011229,18065,519343,0.059693,8700223
1,2021-01-31,7698,624820,5013,323184,2685,301636,0,0,6984,427931,0.049186,706,98399,0.01131,6987,526330,0.060496,8700223
1,2021-02-01,29062,653882,12543,335727,16519,318155,0,0,21209,441345,0.050728,7800,106199,0.012206,21214,547544,0.062934,8700223
1,2021-02-02,32795,686677,11840,347567,20955,339110,0,0,24495,457661,0.052603,8216,114415,0.013151,24532,572076,0.065754,8700223
1,2021-02-03,39693,726370,15276,362843,24417,363527,0,0,28567,475312,0.054632,10956,125371,0.01441,28607,600683,0.069042,8700223
1,2021-02-04,44110,770480,17158,380001,26952,390479,0,0,31775,494926,0.056887,12210,137581,0.015814,31824,632507,0.0727,8700223
1,2021-02-05,46809,817289,17162,397163,29647,420126,0,0,30655,509635,0.058577,16002,153583,0.017653,30711,663218,0.07623,8700223
1,2021-02-06,26552,843841,10492,407655,16060,436186,0,0,20627,524402,0.060275,5877,159460,0.018328,20644,683862,0.078603,8700223
1,2021-02-07,6283,850124,4040,411695,2243,438429,0,0,4631,527419,0.060621,1632,161092,0.018516,4649,688511,0.079137,8700223
1,2021-02-08,31649,881773,14445,426140,17204,455633,0,0,21079,538123,0.061852,10473,171565,0.01972,21177,709688,0.081571,8700223
1,2021-02-09,38623,920396,16971,443111,21652,477285,0,0,23793,547250,0.062901,14747,186312,0.021415,23874,733562,0.084315,8700223
1,2021-02-10,47387,967783,22220,465331,25167,502452,0,0,26963,553997,0.063676,20298,206610,0.023748,27045,760607,0.087424,8700223
1,2021-02-11,51917,1019700,25471,490802,26446,528898,0,0,30982,564471,0.06488,20616,227226,0.026117,31090,791697,0.090997,8700223
1,2021-02-12,50100,1069800,21532,512334,28568,557466,0,0,28723,572119,0.065759,21216,248442,0.028556,28864,820561,0.094315,8700223
1,2021-02-13,26391,1096191,11537,523871,14854,572320,0,0,15258,576393,0.06625,11060,259502,0.029827,15334,835895,0.096077,8700223
1,2021-02-14,11802,1107993,5569,529440,6233,578553,0,0,6716,578121,0.066449,5055,264557,0.030408,6783,842678,0.096857,8700223
1,2021-02-15,23977,1131970,9414,538854,14563,593116,0,0,14590,583566,0.067075,9262,273819,0.031473,14707,857385,0.098547,8700223
1,2021-02-16,47236,1179206,22525,561379,24711,617827,0,0,27528,591587,0.067997,19623,293442,0.033728,27644,885029,0.101725,8700223
1,2021-02-17,48601,1227807,24609,585988,23992,641819,0,0,26143,595579,0.068456,22298,315740,0.036291,26290,911319,0.104747,8700223
1,2021-02-18,51249,1279056,25629,611617,25620,667439,0,0,26517,597848,0.068716,24484,340224,0.039105,26753,938072,0.107822,8700223
1,2021-02-19,46695,1325751,25308,636925,21387,688826,0,0,26122,603621,0.06938,20412,360636,0.041451,26185,964257,0.110831,8700223
1,2021-02-20,27697,1353448,16879,653804,10818,699644,0,0,15793,607656,0.069844,11837,372473,0.042812,15872,980129,0.112656,8700223
1,2021-02-21,12395,1365843,10664,664468,1731,701375,0,0,7438,610249,0.070142,4894,377367,0.043374,7487,987616,0.113516,8700223
1,2021-02-22,31668,1397511,20853,685321,10815,712190,0,0,18218,615215,0.070713,13354,390721,0.044909,18320,1005936,0.115622,8700223
1,2021-02-23,45967,1443478,22320,707641,23647,735837,0,0,25229,620366,0.071305,20441,411162,0.047259,25592,1031528,0.118563,8700223
1,2021-02-24,56036,1499514,27075,734716,28961,764798,0,0,30814,626619,0.072023,25015,436177,0.050134,31268,1062796,0.122157,8700223
1,2021-02-25,68622,1568136,33321,768037,35301,800099,0,0,42429,643537,0.073968,26015,462192,0.053124,42933,1105729,0.127092,8700223
1,2021-02-26,76678,1644814,35889,803926,40789,840888,0,0,50074,667736,0.076749,26352,488544,0.056153,50551,1156280,0.132902,8700223
1,2021-02-27,52812,1697626,24229,828155,28574,869462,9,9,34636,684621,0.07869,18028,506572,0.058225,34913,1191193,0.136915,8700223
1,2021-02-28,20242,1717868,12017,840172,8223,877685,2,11,14826,694264,0.079798,5327,511899,0.058837,14970,1206163,0.138636,8700223
1,2021-03-01,46201,1764069,21369,861541,24778,902463,54,65,29674,707897,0.081365,16338,528237,0.060715,29971,1236134,0.142081,8700223
1,2021-03-02,64856,1828925,28036,889577,36811,939274,9,74,41252,726377,0.083489,23416,551653,0.063407,41896,1278030,0.146896,8700223
1,2021-03-03,72115,1901040,34284,923861,37804,977078,27,101,43840,742747,0.085371,28107,579760,0.066637,44477,1322507,0.152008,8700223
1,2021-03-04,80112,1981152,37560,961421,42516,1019594,36,137,51417,766215,0.088068,28501,608261,0.069913,51969,1374476,0.157982,8700223
1,2021-03-05,79130,2060282,35662,997083,43262,1062856,206,343,52767,793713,0.091229,26113,634374,0.072915,53611,1428087,0.164144,8700223
1,2021-03-06,58034,2118316,27594,1024677,29090,1091946,1350,1693,39286,816053,0.093797,18664,653038,0.07506,41004,1469091,0.168857,8700223
1,2021-03-07,20969,2139285,13042,1037719,6736,1098682,1191,2884,15530,827613,0.095125,5411,658449,0.075682,16971,1486062,0.170807,8700223
1,2021-03-08,46089,2185374,22509,1060228,21618,1120300,1962,4846,32291,848507,0.097527,13692,672141,0.077256,34586,1520648,0.174783,8700223
1,2021-03-09,66827,2252201,32334,1092562,31982,1152282,2511,7357,41104,866888,0.09964,25566,697707,0.080194,43947,1564595,0.179834,8700223
1,2021-03-10,74138,2326339,36949,1129511,32693,1184975,4496,11853,45677,889078,0.10219,28346,726053,0.083452,50536,1615131,0.185642,8700223
1,2021-03-11,90326,2416665,41557,1171068,40763,1225738,8006,19859,52605,912648,0.104899,37482,763535,0.08776,61052,1676183,0.19266,8700223
1,2021-03-12,99098,2515763,43718,1214786,42976,1268714,12404,32263,57919,942443,0.108324,40961,804496,0.092468,70756,1746939,0.200792,8700223
1,2021-03-13,65339,2581102,29549,1244335,28119,1296833,7671,39934,41685,968585,0.111329,23517,828013,0.095171,49659,1796598,0.2065,8700223
1,2021-03-14,27927,2609029,14936,1259271,9422,1306255,3569,43503,15644,975775,0.112155,12207,840220,0.096575,19397,1815995,0.20873,8700223
1,2021-03-15,65318,2674347,28806,1288077,29757,1336012,6755,50258,38397,994578,0.114316,26696,866916,0.099643,45499,1861494,0.213959,8700223
1,2021-03-16,85836,2760183,39133,1327210,41057,1377069,5646,55904,53183,1021321,0.11739,32422,899338,0.10337,59165,1920659,0.22076,8700223
1,2021-03-17,93176,2853359,45411,1372621,41225,1418294,6540,62444,59872,1055020,0.121264,33058,932396,0.107169,66757,1987416,0.228433,8700223
1,2021-03-18,98859,2952218,50971,1423592,42169,1460463,5719,68163,59736,1082200,0.124388,38757,971153,0.111624,65937,2053353,0.236012,8700223
1,2021-03-19,103776,3055994,53771,1477363,43707,1504170,6298,74461,60612,1106766,0.127211,42855,1014008,0.11655,67421,2120774,0.243761,8700223
1,2021-03-20,72888,3128882,37327,1514690,30344,1534514,5217,79678,46823,1133212,0.130251,25872,1039880,0.119523,52318,2173092,0.249774,8700223
1,2021-03-21,27307,3156189,19052,1533742,6448,1540962,1807,81485,16987,1141871,0.131246,10224,1050104,0.120699,18883,2191975,0.251945,8700223
1,2021-03-22,59303,3215492,30648,1564390,25350,1566312,3305,84790,39876,1166223,0.134045,19198,1069302,0.122905,43550,2235525,0.25695,8700223
1,2021-03-23,83438,3298930,42453,1606843,37346,1603658,3639,88429,51178,1189495,0.13672,31996,1101298,0.126583,55268,2290793,0.263303,8700223
1,2021-03-24,88365,3387295,44692,1651535,39306,1642964,4367,92796,52625,1211207,0.139216,35441,1136739,0.130656,57153,2347946,0.269872,8700223
1,2021-03-25,97215,3484510,49686,1701221,41684,1684648,5845,98641,53797,1227970,0.141142,43082,1179821,0.135608,59845,2407791,0.27675,8700223
1,2021-03-26,105527,3590037,51181,1752402,48024,1732672,6322,104963,56523,1242482,0.14281,48625,1228446,0.141197,63137,2470928,0.284007,8700223
1,2021-03-27,74282,3664319,38387,1790789,31681,1764353,4214,109177,38071,1248987,0.143558,35975,1264421,0.145332,42480,2513408,0.28889,8700223
1,2021-03-28,32830,3697149,21497,1812286,10109,1774462,1224,110401,16435,1250811,0.143768,16282,1280703,0.147203,18106,2531514,0.290971,8700223
1,2021-03-29,68661,3765810,33832,1846118,31659,1806121,3170,113571,37839,1261435,0.144989,30586,1311289,0.150719,41210,2572724,0.295708,8700223
1,2021-03-30,93440,3859250,45662,1891780,41372,1847493,6406,119977,48040,1270793,0.146064,45163,1356452,0.15591,54521,2627245,0.301974,8700223
1,2021-03-31,102061,3961311,53108,1944888,42710,1890203,6243,126220,55895,1287169,0.147947,45825,1402277,0.161177,62201,2689446,0.309124,8700223
1,2021-04-01,113370,4074681,54067,1998955,50506,1940709,8797,135017,57624,1298353,0.149232,55274,1457551,0.16753,66458,2755904,0.316762,8700223
1,2021-04-02,112850,4187531,51388,2050343,51731,1992440,9731,144748,57312,1310505,0.150629,55087,1512638,0.173862,67239,2823143,0.324491,8700223
1,2021-04-03,78761,4266292,39624,2089967,29465,2021905,9672,154420,37017,1315696,0.151226,41547,1554185,0.178637,46738,2869881,0.329863,8700223
1,2021-04-04,23805,4290097,11838,2101805,8490,2030395,3477,157897,9939,1315299,0.15118,13797,1567982,0.180223,13400,2883281,0.331403,8700223
1,2021-04-05,77652,4367749,37010,2138815,31247,2061642,9395,167292,34983,1317373,0.151418,42447,1610429,0.185102,44521,2927802,0.33652,8700223
1,2021-04-06,104795,4472544,49617,2188432,38486,2100128,16692,183984,47415,1324423,0.152229,57065,1667494,0.191661,64115,2991917,0.34389,8700223
1,2021-04-07,112832,4585376,54676,2243108,40477,2140605,17679,201663,50962,1331516,0.153044,61550,1729044,0.198736,68643,3060560,0.351779,8700223
1,2021-04-08,123303,4708679,58376,2301484,43810,2184415,21117,222780,54615,1339029,0.153907,68247,1797291,0.20658,75760,3136320,0.360487,8700223
1,2021-04-09,124453,4833132,56756,2358240,46780,2231195,20917,243697,54663,1345215,0.154618,69421,1866712,0.214559,75607,3211927,0.369178,8700223
1,2021-04-10,97328,4930460,43410,2401650,30868,2262063,23050,266747,38528,1348152,0.154956,58575,1925287,0.221292,61512,3273439,0.376248,8700223
1,2021-04-11,36750,4967210,20410,2422060,9439,2271502,6901,273648,14857,1348179,0.154959,21826,1947113,0.2238,21853,3295292,0.378759,8700223
1,2021-04-12,74992,5042202,33463,2455523,31474,2302976,10055,283703,31846,1347373,0.154866,42844,1989957,0.228725,42038,3337330,0.383591,8700223
1,2021-04-13,98332,5140534,52558,2508081,45434,2348410,340,284043,53136,1356316,0.155894,44880,2034837,0.233883,53823,3391153,0.389778,8700223
1,2021-04-14,105190,5245724,54518,2562599,50597,2399007,75,284118,53423,1358808,0.156181,51376,2086213,0.239788,53868,3445021,0.395969,8700223
1,2021-04-15,105976,5351700,57530,2620129,48357,2447364,89,284207,56218,1366136,0.157023,49156,2135369,0.245438,56484,3501505,0.402462,8700223
1,2021-04-16,110872,5462572,56837,2676966,53947,2501311,88,284295,55302,1366691,0.157087,55020,2190389,0.251762,55575,3557080,0.408849,8700223
1,2021-04-17,83509,5546081,45335,2722301,38163,2539474,11,284306,46535,1376672,0.158234,36728,2227117,0.255984,46709,3603789,0.414218,8700223
1,2021-04-18,30519,5576600,20652,2742953,9861,2549335,6,284312,15320,1377097,0.158283,15104,2242221,0.25772,15529,3619318,0.416003,8700223
1,2021-04-19,67233,5643833,34037,2776990,33184,2582519,12,284324,30323,1371030,0.157586,36531,2278752,0.261919,30464,3649782,0.419504,8700223
1,2021-04-20,88508,5732341,44535,2821525,43949,2626468,24,284348,41293,1365701,0.156973,46848,2325600,0.267303,41519,3691301,0.424277,8700223
1,2021-04-21,97940,5830281,51118,2872643,46720,2673188,102,284450,43760,1356204,0.155882,53595,2379195,0.273464,44098,3735399,0.429345,8700223
1,2021-04-22,97785,5928066,51127,2923770,46640,2719828,18,284468,44755,1348700,0.155019,52497,2431692,0.279498,44993,3780392,0.434517,8700223
1,2021-04-23,102743,6030809,53064,2976834,49652,2769480,27,284495,48782,1344317,0.154515,53422,2485114,0.285638,49039,3829431,0.440153,8700223
1,2021-04-24,76504,6107313,47453,3024287,29024,2798504,27,284522,43056,1354368,0.15567,33291,2518405,0.289464,43342,3872773,0.445135,8700223
1,2021-04-25,27395,6134708,17447,3041734,9934,2808438,14,284536,15618,1358488,0.156144,11653,2530058,0.290804,15773,3888546,0.446948,8700223
1,2021-04-26,66537,6201245,34914,3076648,31219,2839657,404,284940,31423,1355859,0.155842,34795,2564853,0.294803,32166,3920712,0.450645,8700223
1,2021-04-27,81883,6283128,43544,3120192,37031,2876688,1308,286248,35327,1346590,0.154776,46245,2611098,0.300119,36976,3957688,0.454895,8700223
1,2021-04-28,81674,6364802,43462,3163654,36696,2913384,1516,287764,35675,1338373,0.153832,45633,2656731,0.305364,37416,3995104,0.459196,8700223
1,2021-04-29,85083,6449885,46839,3210493,36613,2949997,1631,289395,34618,1324708,0.152261,50076,2706807,0.311119,36411,4031515,0.463381,8700223
1,2021-04-30,92778,6542663,50252,3260745,40639,2990636,1887,291282,38547,1311429,0.150735,53873,2760680,0.317311,40594,4072109,0.468047,8700223
1,2021-05-01,63931,6606594,41242,3301987,21261,3011897,1428,292710,26907,1303224,0.149792,36755,2797435,0.321536,28550,4100659,0.471328,8700223
1,2021-05-02,23531,6630125,16665,3318652,6287,3018184,579,293289,9472,1299354,0.149347,13948,2811383,0.323139,10078,4110737,0.472486,8700223
1,2021-05-03,56433,6686558,31309,3349961,23278,3041462,1846,295135,20450,1285989,0.147811,35717,2847100,0.327244,22352,4133089,0.475056,8700223
1,2021-05-04,76041,6762599,43826,3393787,30114,3071576,2101,297236,27222,1266891,0.145616,48502,2895602,0.332819,29404,4162493,0.478435,8700223
1,2021-05-05,78463,6841062,45489,3439276,30669,3102245,2305,299541,26567,1244318,0.143021,51525,2947127,0.338742,28952,4191445,0.481763,8700223
1,2021-05-06,79969,6921031,48570,3487846,29214,3131459,2185,301726,24938,1216972,0.139878,54622,3001749,0.34502,27276,4218721,0.484898,8700223
1,2021-05-07,83582,7004613,47569,3535415,33813,3165272,2200,303926,27907,1191935,0.137001,55206,3056955,0.351365,30169,4248890,0.488366,8700223
1,2021-05-08,57467,7062080,36059,3571474,19760,3185032,1648,305574,19522,1175600,0.135123,37598,3094553,0.355687,21263,4270153,0.49081,8700223
1,2021-05-09,18343,7080423,13161,3584635,4703,3189735,479,306053,5573,1168996,0.134364,12690,3107243,0.357145,6086,4276239,0.491509,8700223
1,2021-05-10,44342,7124765,22426,3607061,20084,3209819,1832,307885,14816,1156504,0.132928,29233,3136476,0.360505,16741,4292980,0.493433,8700223
1,2021-05-11,62891,7187656,34208,3641269,26524,3236343,2159,310044,20666,1137523,0.130746,41923,3178399,0.365324,22942,4315922,0.49607,8700223
1,2021-05-12,63014,7250670,33481,3674750,27467,3263810,2066,312110,20691,1118365,0.128544,41984,3220383,0.370149,22826,4338748,0.498694,8700223
1,2021-05-13,67278,7317948,39480,3714230,25805,3289615,1993,314103,25636,1105038,0.127013,41236,3261619,0.374889,27909,4366657,0.501902,8700223
1,2021-05-14,76860,7394808,46361,3760591,28093,3317708,2406,316509,31061,1093404,0.125675,45378,3306997,0.380105,33744,4400401,0.50578,8700223
1,2021-05-15,66823,7461631,43880,3804471,21173,3338881,1770,318279,26634,1082008,0.124366,39864,3346861,0.384687,28468,4428869,0.509052,8700223
1,2021-05-16,25119,7486750,18516,3822987,5982,3344863,621,318900,10246,1078176,0.123925,14746,3361607,0.386382,10914,4439783,0.510307,8700223
1,2021-05-17,54402,7541152,33254,3856241,19369,3364232,1779,320679,23070,1072025,0.123218,31056,3392663,0.389951,24905,4464688,0.513169,8700223
1,2021-05-18,65222,7606374,39315,3895556,24066,3388298,1841,322520,28291,1065605,0.12248,36643,3429306,0.394163,30223,4494911,0.516643,8700223
1,2021-05-19,66576,7672950,40554,3936110,24090,3412388,1932,324452,29775,1060893,0.121939,36499,3465805,0.398358,31787,4526698,0.520297,8700223
1,2021-05-20,64843,7737793,37619,3973729,25003,3437391,2221,326673,26670,1052171,0.120936,37816,3503621,0.402705,29094,4555792,0.523641,8700223
1,2021-05-21,70438,7808231,42132,4015861,26438,3463829,1868,328541,29069,1042250,0.119796,40952,3544573,0.407412,31031,4586823,0.527208,8700223
1,2021-05-22,56359,7864590,37049,4052910,17581,3481410,1729,330270,24523,1037046,0.119198,31554,3576127,0.411039,26350,4613173,0.530236,8700223
1,2021-05-23,20509,7885099,14341,4067251,5581,3486991,587,330857,9500,1036252,0.119106,10905,3587032,0.412292,10111,4623284,0.531398,8700223
1,2021-05-24,44012,7929111,24559,4091810,17610,3504601,1843,332700,17819,1030063,0.118395,25932,3612964,0.415273,19743,4643027,0.533668,8700223
1,2021-05-25,50911,7980022,29288,4121098,19924,3524525,1699,334399,21109,1023455,0.117635,29513,3642477,0.418665,22905,4665932,0.5363,8700223
1,2021-05-26,48518,8028540,27507,4148605,19114,3543639,1897,336296,20523,1018234,0.117035,27686,3670163,0.421847,22465,4688397,0.538882,8700223
1,2021-05-27,47046,8075586,26394,4174999,18738,3562377,1914,338210,20149,1013814,0.116527,26600,3696763,0.424904,22180,4710577,0.541432,8700223
1,2021-05-28,52554,8128140,29318,4204317,21404,3583781,1832,340042,23523,1010601,0.116158,28691,3725454,0.428202,25478,4736055,0.54436,8700223
1,2021-05-29,30688,8158828,18585,4222902,11137,3594918,966,341008,14605,1010301,0.116124,15926,3741380,0.430033,15626,4751681,0.546156,8700223
1,2021-05-30,11711,8170539,7562,4230464,3592,3598510,557,341565,5528,1010300,0.116123,6110,3747490,0.430735,6109,4757790,0.546858,8700223
1,2021-05-31,5757,8176296,3278,4233742,2222,3600732,257,341822,2006,1008884,0.115961,3691,3751181,0.431159,2275,4760065,0.54712,8700223
1,2021-06-01,45958,8222254,25981,4259723,18400,3619132,1577,343399,17376,999678,0.114903,28229,3779410,0.434404,19023,4779088,0.549306,8700223
1,2021-06-02,40071,8262325,23246,4282969,15311,3634443,1514,344913,16146,993798,0.114227,23619,3803029,0.437119,17739,4796827,0.551345,8700223
1,2021-06-03,41549,8303874,26016,4308985,13810,3648253,1723,346636,15830,986015,0.113332,25410,3828439,0.440039,17627,4814454,0.553371,8700223
1,2021-06-04,50292,8354166,32185,4341170,16294,3664547,1813,348449,17966,973917,0.111942,31957,3860396,0.443712,19859,4834313,0.555654,8700223
1,2021-06-05,40420,8394586,27578,4368748,10833,3675380,2009,350458,14167,964110,0.110814,26033,3886429,0.446705,16226,4850539,0.557519,8700223
1,2021-06-06,13246,8407832,10605,4379353,2126,3677506,515,350973,4568,960660,0.110418,8593,3895022,0.447692,5143,4855682,0.55811,8700223
1,2021-06-07,34048,8441880,23445,4402798,9236,3686742,1367,352340,12072,952388,0.109467,21762,3916784,0.450194,13490,4869172,0.559661,8700223
1,2021-06-08,42319,8484199,29282,4432080,11376,3698118,1661,354001,14715,941531,0.108219,27323,3944107,0.453334,16466,4885638,0.561553,8700223
1,2021-06-09,42240,8526439,29303,4461383,11290,3709408,1647,355648,13741,928792,0.106755,28185,3972292,0.456574,15446,4901084,0.563329,8700223
1,2021-06-10,39200,8565639,26388,4487771,11106,3720514,1706,357354,13359,918377,0.105558,25583,3997875,0.459514,15168,4916252,0.565072,8700223
1,2021-06-11,44151,8609790,29270,4517041,13191,3733705,1690,359044,15688,907681,0.104328,28153,4026028,0.46275,17457,4933709,0.567078,8700223
1,2021-06-12,33856,8643646,24466,4541507,8172,3741877,1218,360262,11113,897552,0.103164,22525,4048553,0.465339,12396,4946105,0.568503,8700223
1,2021-06-13,11645,8655291,8462,4549969,2703,3744580,480,360742,3386,893266,0.102672,8185,4056738,0.46628,3899,4950004,0.568951,8700223
1,2021-06-14,31049,8686340,20896,4570865,8833,3753413,1320,362062,11586,886945,0.101945,19256,4075994,0.468493,12935,4962939,0.570438,8700223
1,2021-06-15,37382,8723722,24493,4595358,11027,3764440,1862,363924,13856,879508,0.10109,23246,4099240,0.471165,15809,4978748,0.572255,8700223
1,2021-06-16,35612,8759334,24059,4619417,9710,3774150,1843,365767,13383,872834,0.100323,21955,4121195,0.473688,15281,4994029,0.574012,8700223
1,2021-06-17,33751,8793085,22312,4641729,9481,3783631,1958,367725,13173,867724,0.099736,20334,4141529,0.476026,15224,5009253,0.575761,8700223
1,2021-06-18,39846,8832931,25877,4667606,11105,3794736,2864,370589,15487,862066,0.099086,24066,4165595,0.478792,18408,5027661,0.577877,8700223
1,2021-06-19,24103,8857034,16721,4684327,6181,3800917,1201,371790,9817,859011,0.098734,14112,4179707,0.480414,11057,5038718,0.579148,8700223
1,2021-06-20,8161,8865195,5980,4690307,1905,3802822,276,372066,3237,857678,0.098581,4857,4184564,0.480972,3524,5042242,0.579553,8700223
1,2021-06-21,21039,8886234,11902,4702209,6942,3809764,2195,374261,10964,860927,0.098955,9959,4194523,0.482117,13208,5055450,0.581071,8700223
1,2021-06-22,30913,8917147,20182,4722391,8582,3818346,2149,376410,12946,858336,0.098657,17751,4212274,0.484157,15160,5070610,0.582814,8700223
1,2021-06-23,29506,8946653,19822,4742213,7866,3826212,1818,378228,12880,856657,0.098464,16402,4228676,0.486042,14723,5085333,0.584506,8700223
1,2021-06-24,28506,8975159,18980,4761193,7846,3834058,1680,379908,12099,854303,0.098193,16202,4244878,0.487905,13848,5099181,0.586098,8700223
1,2021-06-25,31851,9007010,21563,4782756,8881,3842939,1407,381315,14004,852165,0.097947,17605,4262483,0.489928,15467,5114648,0.587876,8700223
1,2021-06-26,22289,9029299,16542,4799298,4916,3847855,831,382146,9718,850318,0.097735,12449,4274932,0.491359,10602,5125250,0.589094,8700223
1,2021-06-27,9167,9038466,6818,4806116,1917,3849772,432,382578,4065,849797,0.097675,5033,4279965,0.491937,4512,5129762,0.589613,8700223
1,2021-06-28,21190,9059656,15733,4821849,4204,3853976,1253,383831,9828,849757,0.097671,11170,4291135,0.493221,11130,5140892,0.590892,8700223
1,2021-06-29,26672,9086328,18240,4840089,7046,3861022,1386,385217,11746,848206,0.097492,14738,4305873,0.494915,13187,5154079,0.592408,8700223
1,2021-06-30,25975,9112303,17963,4858052,6954,3867976,1058,386275,12334,848249,0.097497,13420,4319293,0.496458,13463,5167542,0.593955,8700223
1,2021-07-01,23736,9136039,16497,4874549,5969,3873945,1270,387545,10973,847969,0.097465,12606,4331899,0.497907,12326,5179868,0.595372,8700223
1,2021-07-02,26490,9162529,18185,4892734,7261,3881206,1044,388589,12367,847531,0.097415,13931,4345830,0.499508,13493,5193361,0.596923,8700223
1,2021-07-03,14623,9177152,10218,4902952,3965,3885171,440,389029,6948,847410,0.097401,7542,4353372,0.500375,7421,5200782,0.597776,8700223
1,2021-07-04,1268,9178420,709,4903661,493,3885664,66,389095,611,847446,0.097405,647,4354019,0.500449,683,5201465,0.597854,8700223
1,2021-07-05,11025,9189445,7606,4911267,3054,3888718,365,389460,5231,847363,0.097396,5726,4359745,0.501107,5643,5207108,0.598503,8700223
1,2021-07-06,27223,9216668,19238,4930505,6843,3895561,1142,390602,10862,843291,0.096928,16178,4375923,0.502967,12106,5219214,0.599894,8700223
1,2021-07-07,23730,9240398,16604,4947109,5967,3901528,1159,391761,10203,841399,0.09671,13341,4389264,0.5045,11449,5230663,0.60121,8700223
1,2021-07-08,22757,9263155,15704,4962813,5959,3907487,1094,392855,9819,839598,0.096503,12804,4402068,0.505972,11003,5241666,0.602475,8700223
1,2021-07-09,26855,9290010,18991,4981804,6703,3914190,1161,394016,12076,838290,0.096353,14604,4416672,0.50765,13296,5254962,0.604003,8700223
1,2021-07-10,17725,9307735,12789,4994593,4176,3918366,760,394776,7867,837231,0.096231,9733,4426405,0.508769,8674,5263636,0.605,8700223
1,2021-07-11,6745,9314480,4934,4999527,1610,3919976,201,394977,3251,837259,0.096234,3442,4429847,0.509165,3470,5267106,0.605399,8700223
1,2021-07-12,20205,9334685,14506,5014033,4813,3924789,886,395863,8965,836102,0.096101,11100,4440947,0.510441,9943,5277049,0.606542,8700223
1,2021-07-13,22173,9356858,15491,5029524,5882,3930671,800,396663,10363,835687,0.096054,11665,4452612,0.511781,11250,5288299,0.607835,8700223
1,2021-07-14,22244,9379102,15285,5044809,5981,3936652,978,397641,9987,834663,0.095936,12100,4464712,0.513172,11076,5299375,0.609108,8700223
1,2021-07-15,21663,9400765,15372,5060181,5561,3942213,730,398371,10427,834834,0.095955,11090,4475802,0.514447,11261,5310636,0.610402,8700223
1,2021-07-16,26642,9427407,18652,5078833,6995,3949208,995,399366,13139,835717,0.096057,13338,4489140,0.51598,14221,5324857,0.612037,8700223
1,2021-07-17,18447,9445854,13320,5092153,4426,3953634,701,400067,9057,836246,0.096118,9264,4498404,0.517045,9793,5334650,0.613162,8700223
1,2021-07-18,7440,9453294,5490,5097643,1664,3955298,286,400353,3805,836777,0.096179,3576,4501980,0.517456,4107,5338757,0.613635,8700223
1,2021-07-19,20838,9474132,15102,5112745,4905,3960203,831,401184,10456,837914,0.096309,10250,4512230,0.518634,11387,5350144,0.614943,8700223
1,2021-07-20,24563,9498695,16994,5129739,6690,3966893,879,402063,12615,839740,0.096519,11761,4523991,0.519986,13587,5363731,0.616505,8700223
1,2021-07-21,24907,9523602,17514,5147253,6191,3973084,1202,403265,12716,841736,0.096749,12039,4536030,0.521369,14035,5377766,0.618118,8700223
1,2021-07-22,24107,9547709,17016,5164269,6258,3979342,833,404098,13138,845012,0.097125,10782,4546812,0.522609,14058,5391824,0.619734,8700223
1,2021-07-23,28565,9576274,20156,5184425,7402,3986744,1007,405105,15860,849426,0.097633,12523,4559335,0.524048,16937,5408761,0.621681,8700223
1,2021-07-24,17939,9594213,12651,5197076,4731,3991475,557,405662,10572,853332,0.098082,7250,4566585,0.524881,11156,5419917,0.622963,8700223
1,2021-07-25,7369,9601582,5288,5202364,1973,3993448,108,405770,5501,857133,0.098519,1829,4568414,0.525092,5630,5425547,0.62361,8700223
1,2021-07-26,21078,9622660,14563,5216927,5775,3999223,740,406510,13587,864159,0.099326,7373,4575787,0.525939,14399,5439946,0.625265,8700223
1,2021-07-27,26645,9649305,19004,5235931,6707,4005930,934,407444,15701,870073,0.100006,10779,4586566,0.527178,16693,5456639,0.627184,8700223
1,2021-07-28,27612,9676917,19564,5255495,7182,4013112,866,408310,16964,877510,0.100861,10463,4597029,0.528381,17900,5474539,0.629241,8700223
1,2021-07-29,26271,9703188,18670,5274165,6842,4019954,759,409069,16467,885157,0.10174,9640,4606669,0.529489,17287,5491826,0.631228,8700223
1,2021-07-30,30659,9733847,21960,5296125,7801,4027755,898,409967,18781,893202,0.102664,11672,4618341,0.53083,19717,5511543,0.633494,8700223
1,2021-07-31,19644,9753491,14283,5310408,4825,4032580,536,410503,12229,898732,0.1033,7259,4625600,0.531665,12789,5524332,0.634964,8700223
1,2021-08-01,8726,9762217,6598,5317006,2005,4034585,123,410626,5962,902126,0.10369,2720,4628320,0.531977,6114,5530446,0.635667,8700223
1,2021-08-02,24588,9786805,18337,5335343,5553,4040138,698,411324,15957,910352,0.104635,8477,4636797,0.532952,16703,5547149,0.637587,8700223
1,2021-08-03,27982,9814787,20233,5355576,6856,4046994,893,412217,17518,918522,0.105575,10278,4647075,0.534133,18448,5565597,0.639707,8700223
1,2021-08-04,26915,9841702,19528,5375104,6560,4053554,827,413044,17096,926869,0.106534,9620,4656695,0.535239,17967,5583564,0.641773,8700223
1,2021-08-05,26427,9868129,19296,5394400,6273,4059827,858,413902,16690,934899,0.107457,9542,4666237,0.536335,17572,5601136,0.643792,8700223
1,2021-08-06,32401,9900530,23815,5418215,7674,4067501,912,414814,20114,943908,0.108492,12062,4678299,0.537722,21071,5622207,0.646214,8700223
1,2021-08-07,20932,9921462,15660,5433875,4738,4072239,534,415348,13023,949698,0.109158,7779,4686078,0.538616,13569,5635776,0.647774,8700223
1,2021-08-08,8388,9929850,5748,5439623,2473,4074712,167,415515,5440,952425,0.109471,2887,4688965,0.538948,5614,5641390,0.648419,8700223
1,2021-08-09,21700,9951550,15306,5454929,5677,4080389,717,416232,13354,958343,0.110152,8189,4697154,0.539889,14107,5655497,0.65004,8700223
1,2021-08-10,14476,9966026,10879,5465808,2883,4083272,714,416946,8572,961864,0.110556,5807,4702961,0.540556,9328,5664825,0.651113,8700223
2,2020-12-15,249,249,249,249,0,0,0,0,249,249,3e-05,0,0,0.0,249,249,3e-05,8407551
2,2020-12-16,2144,2393,2144,2393,0,0,0,0,2143,2392,0.000285,0,0,0.0,2143,2392,0.000285,8407551
2,2020-12-17,6927,9320,6927,9320,0,0,0,0,6927,9319,0.001108,0,0,0.0,6927,9319,0.001108,8407551
2,2020-12-18,11109,20429,11089,20409,20,20,0,0,11108,20427,0.00243,0,0,0.0,11108,20427,0.00243,8407551
2,2020-12-19,5629,26058,5623,26032,6,26,0,0,5630,26057,0.003099,0,0,0.0,5630,26057,0.003099,8407551
2,2020-12-20,4262,30320,4251,30283,11,37,0,0,4257,30313,0.003605,1,1,0.0,4257,30314,0.003606,8407551
2,2020-12-21,12820,43140,12792,43075,28,65,0,0,12777,43090,0.005125,0,1,0.0,12777,43091,0.005125,8407551
2,2020-12-22,12172,55312,11655,54730,517,582,0,0,12170,55260,0.006573,0,1,0.0,12170,55261,0.006573,8407551
2,2020-12-23,11743,67055,9511,64241,2232,2814,0,0,11744,67004,0.00797,1,2,0.0,11745,67006,0.00797,8407551
2,2020-12-24,5915,72970,3501,67742,2414,5228,0,0,5911,72914,0.008672,3,5,1e-06,5913,72919,0.008673,8407551
2,2020-12-25,489,73459,409,68151,80,5308,0,0,491,73405,0.008731,0,5,1e-06,491,73410,0.008731,8407551
2,2020-12-26,2563,76022,1661,69812,902,6210,0,0,2564,75968,0.009036,1,6,1e-06,2564,75974,0.009036,8407551
2,2020-12-27,2240,78262,1218,71030,1022,7232,0,0,2237,78203,0.009302,2,8,1e-06,2237,78211,0.009302,8407551
2,2020-12-28,11055,89317,7187,78217,3868,11100,0,0,11055,89256,0.010616,2,10,1e-06,11055,89266,0.010617,8407551
2,2020-12-29,12815,102132,7201,85418,5614,16714,0,0,12821,102077,0.012141,0,10,1e-06,12821,102087,0.012142,8407551
2,2020-12-30,15570,117702,8695,94113,6875,23589,0,0,15564,117638,0.013992,5,15,2e-06,15566,117653,0.013994,8407551
2,2020-12-31,7596,125298,2836,96949,4760,28349,0,0,7588,125221,0.014894,5,20,2e-06,7588,125241,0.014896,8407551
2,2021-01-01,1278,126576,634,97583,644,28993,0,0,1277,126494,0.015045,4,24,3e-06,1277,126518,0.015048,8407551
2,2021-01-02,4860,131436,2773,100356,2087,31080,0,0,4857,131349,0.015623,2,26,3e-06,4857,131375,0.015626,8407551
2,2021-01-03,1414,132850,795,101151,619,31699,0,0,1406,132751,0.015789,4,30,4e-06,1406,132781,0.015793,8407551
2,2021-01-04,11705,144555,5560,106711,6145,37844,0,0,11695,144443,0.01718,3,33,4e-06,11695,144476,0.017184,8407551
2,2021-01-05,13927,158482,6956,113667,6971,44815,0,0,12700,155959,0.01855,1219,1252,0.000149,12735,157211,0.018699,8407551
2,2021-01-06,19085,177567,10522,124189,8563,53378,0,0,15226,167397,0.01991,3799,5051,0.000601,15237,172448,0.020511,8407551
2,2021-01-07,23359,200926,13154,137343,10205,63583,0,0,15657,175365,0.020858,7705,12756,0.001517,15673,188121,0.022375,8407551
2,2021-01-08,26968,227894,16242,153585,10726,74309,0,0,16616,181713,0.021613,10294,23050,0.002742,16642,204763,0.024355,8407551
2,2021-01-09,9884,237778,5787,159372,4097,78406,0,0,6287,184420,0.021935,3587,26637,0.003168,6294,211057,0.025103,8407551
2,2021-01-10,5328,243106,2968,162340,2360,80766,0,0,3067,185232,0.022032,2261,28898,0.003437,3073,214130,0.025469,8407551
2,2021-01-11,26064,269170,18015,180355,8049,88815,0,0,14942,189107,0.022493,11118,40016,0.00476,14993,229123,0.027252,8407551
2,2021-01-12,26400,295570,16379,196734,10021,98836,0,0,16776,196346,0.023354,9627,49643,0.005905,16866,245989,0.029258,8407551
2,2021-01-13,28654,324224,15185,211919,13469,112305,0,0,20619,208981,0.024856,8015,57658,0.006858,20650,266639,0.031714,8407551
2,2021-01-14,30623,354847,11680,223599,18943,131248,0,0,26314,231057,0.027482,4317,61975,0.007371,26393,293032,0.034853,8407551
2,2021-01-15,35140,389987,12711,236310,22429,153677,0,0,31822,259663,0.030884,3308,65283,0.007765,31914,324946,0.038649,8407551
2,2021-01-16,18142,408129,6002,242312,12140,165817,0,0,16799,275116,0.032722,1357,66640,0.007926,16810,341756,0.040649,8407551
2,2021-01-17,10569,418698,3565,245877,7004,172821,0,0,9820,284182,0.033801,764,67404,0.008017,9830,351586,0.041818,8407551
2,2021-01-18,19796,438494,11060,256937,8736,181557,0,0,14964,294357,0.035011,4851,72255,0.008594,15026,366612,0.043605,8407551
2,2021-01-19,32671,471165,16982,273919,15689,197246,0,0,24587,310976,0.036988,8084,80339,0.009556,24703,391315,0.046543,8407551
2,2021-01-20,37687,508852,19001,292920,18686,215932,0,0,29049,331508,0.03943,8609,88948,0.01058,29141,420456,0.050009,8407551
2,2021-01-21,41090,549942,17448,310368,23642,239574,0,0,36553,363738,0.043263,4504,93452,0.011115,36734,457190,0.054378,8407551
2,2021-01-22,39649,589591,16576,326944,23073,262647,0,0,36283,396665,0.04718,3384,96836,0.011518,36311,493501,0.058697,8407551
2,2021-01-23,24174,613765,10798,337742,13376,276023,0,0,21184,414912,0.04935,2969,99805,0.011871,21216,514717,0.061221,8407551
2,2021-01-24,12458,626223,6109,343851,6349,282372,0,0,11536,425557,0.050616,906,100711,0.011979,11551,526268,0.062595,8407551
2,2021-01-25,33974,660197,15618,359469,18356,300728,0,0,25110,441998,0.052572,8812,109523,0.013027,25253,551521,0.065598,8407551
2,2021-01-26,40439,700636,19784,379253,20655,321383,0,0,31163,463995,0.055188,9252,118775,0.014127,31249,582770,0.069315,8407551
2,2021-01-27,45718,746354,22660,401913,23058,344441,0,0,35303,489074,0.058171,10287,129062,0.015351,35366,618136,0.073522,8407551
2,2021-01-28,47972,794326,22390,424303,25582,370023,0,0,39195,519638,0.061806,8708,137770,0.016386,39272,657408,0.078193,8407551
2,2021-01-29,45657,839983,22008,446311,23649,393672,0,0,36842,547857,0.065162,8689,146459,0.01742,36908,694316,0.082582,8407551
2,2021-01-30,31313,871296,13325,459636,17988,411660,0,0,27894,572406,0.068082,3380,149839,0.017822,27929,722245,0.085904,8407551
2,2021-01-31,17182,888478,10216,469852,6966,418626,0,0,15963,587195,0.069841,1197,151036,0.017964,15986,738231,0.087806,8407551
2,2021-02-01,41161,929639,19725,489577,21436,440062,0,0,29999,606130,0.072094,11102,162138,0.019285,30037,768268,0.091378,8407551
2,2021-02-02,47961,977600,19478,509055,28483,468545,0,0,36375,631108,0.075064,11493,173631,0.020652,36471,804739,0.095716,8407551
2,2021-02-03,54090,1031690,23804,532859,30286,498831,0,0,39796,656814,0.078122,14189,187820,0.022339,39895,844634,0.100461,8407551
2,2021-02-04,56308,1087998,24153,557012,32155,530986,0,0,40954,682624,0.081192,15243,203063,0.024152,41053,885687,0.105344,8407551
2,2021-02-05,60244,1148242,26231,583243,34013,564999,0,0,40603,703987,0.083733,19428,222491,0.026463,40791,926478,0.110196,8407551
2,2021-02-06,39378,1187620,18365,601608,21013,586012,0,0,31376,727527,0.086533,7927,230418,0.027406,31467,957945,0.113939,8407551
2,2021-02-07,15737,1203357,10452,612060,5285,591297,0,0,11928,735748,0.08751,3777,234195,0.027855,11998,969943,0.115366,8407551
2,2021-02-08,43120,1246477,21887,633947,21233,612530,0,0,29486,751957,0.089438,13489,247684,0.02946,29698,999641,0.118898,8407551
2,2021-02-09,49655,1296132,23429,657376,26226,638756,0,0,30637,764231,0.090898,18715,266399,0.031686,30989,1030630,0.122584,8407551
2,2021-02-10,59671,1355803,27920,685296,31751,670507,0,0,34399,774010,0.092061,24977,291376,0.034656,34756,1065386,0.126718,8407551
2,2021-02-11,64365,1420168,29556,714852,34809,705316,0,0,35812,782143,0.093029,28181,319557,0.038008,36314,1101700,0.131037,8407551
2,2021-02-12,65669,1485837,28226,743078,37443,742759,0,0,34856,787165,0.093626,30499,350056,0.041636,35521,1137221,0.135262,8407551
2,2021-02-13,38149,1523986,15911,758989,22238,764997,0,0,21996,793495,0.094379,16047,366103,0.043545,22377,1159598,0.137923,8407551
2,2021-02-14,20170,1544156,9371,768360,10799,775796,0,0,11195,796136,0.094693,8921,375024,0.044606,11562,1171160,0.139299,8407551
2,2021-02-15,33339,1577495,15010,783370,18329,794125,0,0,18473,800738,0.09524,14728,389752,0.046357,19330,1190490,0.141598,8407551
2,2021-02-16,56586,1634081,27716,811086,28870,822995,0,0,29777,804509,0.095689,26686,416438,0.049531,30457,1220947,0.14522,8407551
2,2021-02-17,61911,1695992,31839,842925,30072,853067,0,0,30722,804969,0.095744,31089,447527,0.053229,31549,1252496,0.148973,8407551
2,2021-02-18,66551,1762543,33522,876447,33029,886096,0,0,32379,804605,0.0957,33901,481428,0.057261,33537,1286033,0.152962,8407551
2,2021-02-19,59926,1822469,33159,909606,26767,912863,0,0,29737,804957,0.095742,29990,511418,0.060828,30342,1316375,0.156571,8407551
2,2021-02-20,37876,1860345,24571,934177,13305,926168,0,0,20570,809016,0.096225,17197,528615,0.062874,21256,1337631,0.159099,8407551
2,2021-02-21,21794,1882139,17638,951815,4156,930324,0,0,10787,809699,0.096306,10909,539524,0.064171,11592,1349223,0.160478,8407551
2,2021-02-22,39673,1921812,27134,978949,12539,942863,0,0,18812,808498,0.096163,20703,560227,0.066634,19502,1368725,0.162797,8407551
2,2021-02-23,54023,1975835,27577,1006526,26446,969309,0,0,23667,803983,0.095626,30085,590312,0.070212,25570,1394295,0.165838,8407551
2,2021-02-24,71395,2047230,36745,1043271,34650,1003959,0,0,32715,800623,0.095227,38456,628768,0.074786,35096,1429391,0.170013,8407551
2,2021-02-25,77398,2124628,36592,1079863,40806,1044765,0,0,39268,804876,0.095733,37847,666615,0.079288,42100,1471491,0.17502,8407551
2,2021-02-26,86011,2210639,36842,1116705,49169,1093934,0,0,46240,813861,0.096801,39452,706067,0.08398,48437,1519928,0.180781,8407551
2,2021-02-27,63068,2273707,29307,1146012,33753,1127687,8,8,34162,820707,0.097615,28661,734728,0.087389,35507,1555435,0.185005,8407551
2,2021-02-28,31009,2304716,18585,1164597,12423,1140110,1,9,18019,826709,0.098329,12855,747583,0.088918,18857,1574292,0.187247,8407551
2,2021-03-01,58807,2363523,30699,1195296,28050,1168160,58,67,32047,833585,0.099147,26432,774015,0.092062,33308,1607600,0.191209,8407551
2,2021-03-02,70617,2434140,33861,1229157,36745,1204905,11,78,39519,844556,0.100452,30902,804917,0.095737,41873,1649473,0.196189,8407551
2,2021-03-03,81608,2515748,39333,1268490,42259,1247164,16,94,46102,857981,0.102049,35286,840203,0.099934,48711,1698184,0.201983,8407551
2,2021-03-04,89526,2605274,43827,1312317,45668,1292832,31,125,51545,874220,0.10398,37725,877928,0.104421,53964,1752148,0.208402,8407551
2,2021-03-05,83147,2688421,38991,1351308,43840,1336672,316,441,50595,895212,0.106477,32318,910246,0.108265,53310,1805458,0.214742,8407551
2,2021-03-06,63417,2751838,30961,1382269,30751,1367423,1705,2146,38879,912822,0.108572,24395,934641,0.111167,42005,1847463,0.219739,8407551
2,2021-03-07,28685,2780523,16294,1398563,10848,1378271,1543,3689,18182,923229,0.10981,10430,945071,0.112407,20837,1868300,0.222217,8407551
2,2021-03-08,50952,2831475,23356,1421919,25029,1403300,2567,6256,31994,940572,0.111872,18847,963918,0.114649,36190,1904490,0.226521,8407551
2,2021-03-09,70833,2902308,32251,1454170,34721,1438021,3861,10117,39184,953446,0.113404,31503,995421,0.118396,44377,1948867,0.2318,8407551
2,2021-03-10,78799,2981107,37285,1491455,34952,1472973,6562,16679,41780,966315,0.114934,36788,1032209,0.122772,49657,1998524,0.237706,8407551
2,2021-03-11,93524,3074631,43162,1534617,41974,1514947,8388,25067,48748,980382,0.116607,44445,1076654,0.128058,58512,2057036,0.244665,8407551
2,2021-03-12,94461,3169092,38877,1573494,43604,1558551,11980,37047,46999,993553,0.118174,47192,1123846,0.133671,60363,2117399,0.251845,8407551
2,2021-03-13,69386,3238478,29026,1602520,32346,1590897,8014,45061,38097,1009792,0.120105,31146,1154992,0.137376,47385,2164784,0.257481,8407551
2,2021-03-14,37082,3275560,18328,1620848,14230,1605127,4524,49585,18614,1015306,0.120761,18357,1173349,0.139559,23871,2188655,0.26032,8407551
2,2021-03-15,67580,3343140,30499,1651347,32070,1637197,5011,54596,37201,1028458,0.122326,30145,1203494,0.143144,43297,2231952,0.26547,8407551
2,2021-03-16,86537,3429677,38308,1689655,44196,1681393,4033,58629,52166,1051612,0.125079,34154,1237648,0.147207,57308,2289260,0.272286,8407551
2,2021-03-17,93134,3522811,44611,1734266,44320,1725713,4203,62832,58938,1081655,0.128653,33907,1271555,0.15124,63950,2353210,0.279892,8407551
2,2021-03-18,98449,3621260,46961,1781227,46886,1772599,4602,67434,59716,1108122,0.131801,38395,1309950,0.155806,64862,2418072,0.287607,8407551
2,2021-03-19,97727,3718987,46241,1827468,45338,1817937,6148,73582,57679,1132734,0.134728,39722,1349672,0.160531,64334,2482406,0.295259,8407551
2,2021-03-20,70219,3789206,34011,1861479,32225,1850162,3983,77565,45748,1158594,0.137804,24226,1373898,0.163412,50086,2532492,0.301216,8407551
2,2021-03-21,33573,3822779,21660,1883139,9908,1860070,2005,79570,20029,1167671,0.138884,13385,1387283,0.165004,22462,2554954,0.303888,8407551
2,2021-03-22,63031,3885810,34687,1917826,25708,1885778,2636,82206,41689,1191794,0.141753,21096,1408379,0.167514,45219,2600173,0.309266,8407551
2,2021-03-23,84130,3969940,44703,1962529,36507,1922285,2920,85126,52207,1216137,0.144648,31622,1440001,0.171275,55965,2656138,0.315923,8407551
2,2021-03-24,92105,4062045,49465,2011994,39463,1961748,3177,88303,53683,1235733,0.146979,38074,1478075,0.175803,57670,2713808,0.322782,8407551
2,2021-03-25,101741,4163786,51291,2063285,46552,2008300,3898,92201,57175,1253385,0.149078,44181,1522256,0.181058,61833,2775641,0.330137,8407551
2,2021-03-26,103861,4267647,51442,2114727,48917,2057217,3502,95703,56430,1267330,0.150737,47023,1569279,0.186651,60968,2836609,0.337388,8407551
2,2021-03-27,75972,4343619,37894,2152621,34769,2091986,3309,99012,37830,1271461,0.151228,37865,1607144,0.191155,41996,2878605,0.342383,8407551
2,2021-03-28,37892,4381511,23411,2176032,13671,2105657,810,99822,20163,1275687,0.151731,17594,1624738,0.193247,21820,2900425,0.344979,8407551
2,2021-03-29,71872,4453383,36484,2212516,33109,2138766,2279,102101,40651,1288530,0.153259,30990,1655728,0.196933,43833,2944258,0.350192,8407551
2,2021-03-30,92428,4545811,45258,2257774,42791,2181557,4379,106480,51670,1304642,0.155175,40535,1696263,0.201755,56647,3000905,0.35693,8407551
2,2021-03-31,101619,4647430,52360,2310134,44135,2225692,5124,111604,57439,1323703,0.157442,43849,1740112,0.20697,62910,3063815,0.364412,8407551
2,2021-04-01,118057,4765487,56968,2367102,51820,2277512,9269,120873,64060,1343864,0.15984,53554,1793666,0.21334,73715,3137530,0.37318,8407551
2,2021-04-02,112059,4877546,51591,2418693,50233,2327745,10235,131108,59860,1362614,0.16207,51787,1845453,0.219499,70537,3208067,0.38157,8407551
2,2021-04-03,77023,4954569,37848,2456541,29326,2357071,9849,140957,38115,1372247,0.163216,38693,1884146,0.224102,48326,3256393,0.387318,8407551
2,2021-04-04,29048,4983617,14946,2471487,10239,2367310,3863,144820,13011,1373223,0.163332,15924,1900070,0.225996,16900,3273293,0.389328,8407551
2,2021-04-05,79440,5063057,38910,2510397,31671,2398981,8859,153679,38264,1380088,0.164149,40986,1941056,0.230871,47851,3321144,0.395019,8407551
2,2021-04-06,104212,5167269,50746,2561143,38733,2437714,14733,168412,49305,1389897,0.165315,54612,1995668,0.237366,64421,3385565,0.402681,8407551
2,2021-04-07,110793,5278062,55249,2616392,39235,2476949,16309,184721,52054,1400067,0.166525,58425,2054093,0.244315,68595,3454160,0.41084,8407551
2,2021-04-08,119678,5397740,57593,2673985,43296,2520245,18789,203510,55515,1411108,0.167838,63779,2117872,0.251901,74820,3528980,0.419739,8407551
2,2021-04-09,119195,5516935,57324,2731309,43698,2563943,18173,221683,56334,1423957,0.169366,62470,2180342,0.259331,75319,3604299,0.428698,8407551
2,2021-04-10,87788,5604723,37870,2769179,31455,2595398,18463,240146,36140,1427836,0.169828,51377,2231719,0.265442,55256,3659555,0.43527,8407551
2,2021-04-11,44558,5649281,23115,2792294,12959,2608357,8484,248630,18221,1429067,0.169974,26184,2257903,0.268557,27415,3686970,0.438531,8407551
2,2021-04-12,80315,5729596,37384,2829678,33482,2641839,9449,258079,35738,1430940,0.170197,44297,2302200,0.273825,46170,3733140,0.444022,8407551
2,2021-04-13,102157,5831753,53041,2882719,48851,2690690,265,258344,55848,1441926,0.171504,46022,2348222,0.279299,57008,3790148,0.450803,8407551
2,2021-04-14,107010,5938763,56060,2938779,50895,2741585,55,258399,54566,1445863,0.171972,52123,2400345,0.285499,56060,3846208,0.457471,8407551
2,2021-04-15,113331,6052094,60149,2998928,53095,2794680,87,258486,59007,1452110,0.172715,53915,2454260,0.291911,60162,3906370,0.464626,8407551
2,2021-04-16,111032,6163126,57554,3056482,53423,2848103,55,258541,56293,1454946,0.173052,54366,2508626,0.298378,57202,3963572,0.47143,8407551
2,2021-04-17,83670,6246796,42551,3099033,41105,2889208,14,258555,46669,1465755,0.174338,36741,2545367,0.302748,47550,4011122,0.477086,8407551
2,2021-04-18,35945,6282741,21840,3120873,14098,2903306,7,258562,17062,1465067,0.174256,18739,2564106,0.304977,18051,4029173,0.479233,8407551
2,2021-04-19,75011,6357752,40386,3161259,34606,2937912,19,258581,34055,1459091,0.173545,40672,2604778,0.309814,34696,4063869,0.483359,8407551
2,2021-04-20,97688,6455440,49413,3210672,48248,2986160,27,258608,47134,1456807,0.173274,50190,2654968,0.315784,47906,4111775,0.489057,8407551
2,2021-04-21,104102,6559542,56388,3267060,47653,3033813,61,258669,49108,1452450,0.172755,54496,2709464,0.322266,50139,4161914,0.495021,8407551
2,2021-04-22,108597,6668139,56177,3323237,52394,3086207,26,258695,47470,1440161,0.171294,60679,2770143,0.329483,48390,4210304,0.500777,8407551
2,2021-04-23,108203,6776342,57610,3380847,50574,3136781,19,258714,49938,1433213,0.170467,57831,2827974,0.336361,50883,4261187,0.506829,8407551
2,2021-04-24,81122,6857464,47767,3428614,33314,3170095,41,258755,42185,1437807,0.171014,38569,2866543,0.340949,43163,4304350,0.511962,8407551
2,2021-04-25,36663,6894127,22572,3451186,14076,3184171,15,258770,19919,1441621,0.171467,16587,2883130,0.342921,20401,4324751,0.514389,8407551
2,2021-04-26,74463,6968590,41268,3492454,32884,3217055,311,259081,34160,1437525,0.17098,40017,2923147,0.347681,35921,4360672,0.518661,8407551
2,2021-04-27,88508,7057098,46711,3539165,40429,3257484,1368,260449,37893,1427813,0.169825,50216,2973363,0.353654,40504,4401176,0.523479,8407551
2,2021-04-28,88465,7145563,47305,3586470,39285,3296769,1875,262324,38979,1420452,0.16895,49129,3022492,0.359497,41768,4442944,0.528447,8407551
2,2021-04-29,91465,7237028,49835,3636305,39911,3336680,1719,264043,35472,1402659,0.166833,55583,3078075,0.366108,37790,4480734,0.532942,8407551
2,2021-04-30,95106,7332134,52583,3688888,40514,3377194,2009,266052,36894,1384495,0.164673,57726,3135801,0.372974,39562,4520296,0.537647,8407551
2,2021-05-01,62762,7394896,38302,3727190,22867,3400061,1593,267645,24436,1373385,0.163351,37988,3173789,0.377493,26878,4547174,0.540844,8407551
2,2021-05-02,29354,7424250,20441,3747631,7936,3407997,977,268622,11140,1367515,0.162653,18075,3191864,0.379643,12205,4559379,0.542296,8407551
2,2021-05-03,60796,7485046,36117,3783748,22615,3430612,2064,270686,20399,1350127,0.160585,40113,3231977,0.384414,22725,4582104,0.544999,8407551
2,2021-05-04,80220,7565266,47917,3831665,29908,3460520,2395,273081,26031,1325126,0.157611,53822,3285799,0.390815,28821,4610925,0.548427,8407551
2,2021-05-05,80821,7646087,48149,3879814,30319,3490839,2353,275434,25253,1297939,0.154378,55161,3340960,0.397376,27974,4638899,0.551754,8407551
2,2021-05-06,83267,7729354,50564,3930378,29772,3520611,2931,278365,25353,1269442,0.150988,57415,3398375,0.404205,28918,4667817,0.555193,8407551
2,2021-05-07,84028,7813382,48521,3978899,33077,3553688,2430,280795,25832,1240376,0.147531,57786,3456161,0.411078,28720,4696537,0.558609,8407551
2,2021-05-08,55890,7869272,33908,4012807,20257,3573945,1725,282520,17518,1222223,0.145372,38127,3494288,0.415613,19974,4716511,0.560985,8407551
2,2021-05-09,21921,7891193,15786,4028593,5385,3579330,750,283270,6344,1214065,0.144402,15483,3509771,0.417455,7325,4723836,0.561856,8407551
2,2021-05-10,50398,7941591,27479,4056072,21034,3600364,1885,285155,14190,1194806,0.142111,35940,3545711,0.421729,16681,4740517,0.56384,8407551
2,2021-05-11,66548,8008139,36091,4092163,28325,3628689,2132,287287,20031,1171456,0.139334,46202,3591913,0.427225,22852,4763369,0.566558,8407551
2,2021-05-12,65437,8073576,34893,4127056,28312,3657001,2232,289519,19237,1147455,0.136479,45884,3637797,0.432682,21883,4785252,0.569161,8407551
2,2021-05-13,71276,8144852,41436,4168492,27885,3684886,1955,291474,26089,1131361,0.134565,44880,3682677,0.43802,28786,4814038,0.572585,8407551
2,2021-05-14,80209,8225061,48101,4216593,29841,3714727,2267,293741,30806,1116049,0.132744,49029,3731706,0.443852,33717,4847755,0.576595,8407551
2,2021-05-15,66695,8291756,43840,4260433,21134,3735861,1721,295462,25862,1103458,0.131246,40571,3772277,0.448677,27980,4875735,0.579923,8407551
2,2021-05-16,31759,8323515,23760,4284193,7074,3742935,925,296387,12900,1098696,0.13068,18717,3790994,0.450903,13955,4889690,0.581583,8407551
2,2021-05-17,58213,8381728,36893,4321086,19368,3762303,1952,298339,22937,1088929,0.129518,35020,3826014,0.455069,25253,4914943,0.584587,8407551
2,2021-05-18,70363,8452091,41179,4362265,27218,3789521,1966,300305,27927,1077212,0.128124,42151,3868165,0.460082,30434,4945377,0.588207,8407551
2,2021-05-19,69109,8521200,40901,4403166,26193,3815714,2015,302320,27338,1065582,0.126741,41452,3909617,0.465013,29822,4975199,0.591754,8407551
2,2021-05-20,69795,8590995,40504,4443670,27101,3842815,2190,304510,26544,1052000,0.125126,42905,3952522,0.470116,29323,5004522,0.595241,8407551
2,2021-05-21,73332,8664327,43313,4486983,27851,3870666,2168,306678,27845,1037451,0.123395,45117,3997639,0.475482,30568,5035090,0.598877,8407551
2,2021-05-22,53683,8718010,34044,4521027,17865,3888531,1774,308452,22371,1031061,0.122635,31073,4028712,0.479178,24683,5059773,0.601813,8407551
2,2021-05-23,24431,8742441,16667,4537694,7039,3895570,725,309177,10242,1028108,0.122284,14060,4042772,0.48085,11107,5070880,0.603134,8407551
2,2021-05-24,44951,8787392,25560,4563254,17617,3913187,1774,310951,17265,1020031,0.121323,27457,4070229,0.484116,19380,5090260,0.605439,8407551
2,2021-05-25,50777,8838169,29723,4592977,19189,3932376,1865,312816,19274,1010516,0.120191,31195,4101424,0.487826,21680,5111940,0.608018,8407551
2,2021-05-26,48715,8886884,27288,4620265,19742,3952118,1685,314501,18999,1002158,0.119197,29383,4130807,0.491321,21025,5132965,0.610518,8407551
2,2021-05-27,46589,8933473,26411,4646676,18445,3970563,1733,316234,18575,995206,0.11837,27765,4158572,0.494623,20813,5153778,0.612994,8407551
2,2021-05-28,50056,8983529,27654,4674330,20429,3990992,1973,318207,20983,989781,0.117725,28811,4187383,0.49805,23386,5177164,0.615776,8407551
2,2021-05-29,29005,9012534,17385,4691715,10559,4001551,1061,319268,13223,988615,0.117587,15622,4203005,0.499908,14456,5191620,0.617495,8407551
2,2021-05-30,12683,9025217,8174,4699889,3743,4005294,766,320034,5528,987880,0.117499,7095,4210100,0.500752,6360,5197980,0.618251,8407551
2,2021-05-31,5895,9031112,3444,4703333,2148,4007442,303,320337,1831,986059,0.117283,4004,4214104,0.501228,2183,5200163,0.618511,8407551
2,2021-06-01,44812,9075924,25736,4729069,17414,4024856,1662,321999,15567,974737,0.115936,28928,4243032,0.504669,17606,5217769,0.620605,8407551
2,2021-06-02,38240,9114164,22491,4751560,14340,4039196,1409,323408,14947,968368,0.115178,23026,4266058,0.507408,16657,5234426,0.622586,8407551
2,2021-06-03,41405,9155569,26655,4778215,13279,4052475,1471,324879,13897,956857,0.113809,27262,4293320,0.51065,15751,5250177,0.62446,8407551
2,2021-06-04,48050,9203619,31408,4809623,15102,4067577,1540,326419,15477,942132,0.112058,32267,4325587,0.514488,17542,5267719,0.626546,8407551
2,2021-06-05,37900,9241519,27035,4836658,9401,4076978,1464,327883,11773,929899,0.110603,25890,4351477,0.517568,13657,5281376,0.628171,8407551
2,2021-06-06,14919,9256438,12239,4848897,2102,4079080,578,328461,4649,925111,0.110033,10204,4361681,0.518781,5416,5286792,0.628815,8407551
2,2021-06-07,33298,9289736,23295,4872192,8726,4087806,1277,329738,10788,915067,0.108839,22355,4384036,0.52144,12311,5299103,0.630279,8407551
2,2021-06-08,40633,9330369,28757,4900949,10508,4098314,1368,331106,12445,901317,0.107203,27943,4411979,0.524764,14193,5313296,0.631967,8407551
2,2021-06-09,38166,9368535,26654,4927603,10016,4108330,1496,332602,11517,888204,0.105644,26454,4438433,0.52791,13341,5326637,0.633554,8407551
2,2021-06-10,37773,9406308,26268,4953871,9979,4118309,1526,334128,11568,875761,0.104164,26008,4464441,0.531004,13565,5340202,0.635167,8407551
2,2021-06-11,41274,9447582,27402,4981273,12202,4130511,1670,335798,13173,863067,0.102654,27836,4492277,0.534315,15142,5355344,0.636968,8407551
2,2021-06-12,29425,9477007,21650,5002923,6862,4137373,913,336711,8653,852231,0.101365,20631,4512908,0.536768,9795,5365139,0.638133,8407551
2,2021-06-13,12214,9489221,8917,5011840,2679,4140052,618,337329,3095,847055,0.100749,9057,4521965,0.537846,3881,5369020,0.638595,8407551
2,2021-06-14,29917,9519138,21230,5033070,7488,4147540,1199,338528,10330,839374,0.099836,19416,4541381,0.540155,11735,5380755,0.639991,8407551
2,2021-06-15,35576,9554714,23674,5056744,9856,4157396,2046,340574,11949,830362,0.098764,23384,4564765,0.542936,14372,5395127,0.6417,8407551
2,2021-06-16,33013,9587727,22782,5079526,8439,4165835,1792,342366,11387,822393,0.097816,21458,4586223,0.545489,13489,5408616,0.643305,8407551
2,2021-06-17,30831,9618558,20595,5100121,8440,4174275,1796,344162,10889,815520,0.096999,19768,4605991,0.54784,12895,5421511,0.644838,8407551
2,2021-06-18,34740,9653298,22899,5123020,9967,4184242,1874,346036,12653,808436,0.096156,21870,4627861,0.550441,14786,5436297,0.646597,8407551
2,2021-06-19,20934,9674232,14578,5137598,5099,4189341,1257,347293,7904,804929,0.095739,12866,4640727,0.551971,9359,5445656,0.64771,8407551
2,2021-06-20,8289,9682521,5924,5143522,1900,4191241,465,347758,3063,803343,0.09555,5183,4645910,0.552588,3597,5449253,0.648138,8407551
2,2021-06-21,19338,9701859,11829,5155351,6186,4197427,1323,349081,9880,805388,0.095793,9337,4655247,0.553698,11382,5460635,0.649492,8407551
2,2021-06-22,26886,9728745,18409,5173760,7098,4204525,1379,350460,10535,801394,0.095318,16182,4671429,0.555623,12188,5472823,0.650941,8407551
2,2021-06-23,25892,9754637,17872,5191632,6397,4210922,1623,352083,10536,798633,0.09499,15217,4686646,0.557433,12456,5485279,0.652423,8407551
2,2021-06-24,25326,9779963,17240,5208872,6569,4217491,1517,353600,10443,796090,0.094688,14736,4701382,0.559186,12193,5497472,0.653873,8407551
2,2021-06-25,28739,9808702,19474,5228346,7771,4225262,1494,355094,11995,793232,0.094348,16583,4717965,0.561158,13725,5511197,0.655506,8407551
2,2021-06-26,18514,9827216,13641,5241987,3944,4229206,929,356023,7532,791052,0.094088,10892,4728857,0.562454,8712,5519909,0.656542,8407551
2,2021-06-27,8787,9836003,6707,5248694,1632,4230838,448,356471,3521,789930,0.093955,5214,4734071,0.563074,4092,5524001,0.657029,8407551
2,2021-06-28,19741,9855744,14996,5263690,3503,4234341,1242,357713,8692,789135,0.09386,10919,4744990,0.564372,10124,5534125,0.658233,8407551
2,2021-06-29,22631,9878375,15770,5279460,5788,4240129,1073,358786,9640,787228,0.093633,12856,4757846,0.565902,10949,5545074,0.659535,8407551
2,2021-06-30,21856,9900231,15492,5294952,5341,4245470,1023,359809,9711,786184,0.093509,12004,4769850,0.567329,10960,5556034,0.660839,8407551
2,2021-07-01,19736,9919967,13940,5308892,4918,4250388,878,360687,8762,785177,0.09339,10851,4780701,0.56862,9844,5565878,0.662009,8407551
2,2021-07-02,22674,9942641,15641,5324533,6008,4256396,1025,361712,10008,783901,0.093238,12509,4793210,0.570108,11233,5577111,0.663345,8407551
2,2021-07-03,12455,9955096,8982,5333515,3003,4259399,470,362182,5691,783515,0.093192,6668,4799878,0.570901,6282,5583393,0.664093,8407551
2,2021-07-04,997,9956093,587,5334102,343,4259742,67,362249,430,783479,0.093188,556,4800434,0.570967,520,5583913,0.664155,8407551
2,2021-07-05,11003,9967096,8050,5342152,2545,4262287,408,362657,5040,783154,0.093149,5899,4806333,0.571669,5574,5589487,0.664817,8407551
2,2021-07-06,23548,9990644,17123,5359275,5450,4267737,975,363632,9086,779171,0.092675,14321,4820654,0.573372,10338,5599825,0.666047,8407551
2,2021-07-07,20443,10011087,14585,5373860,4761,4272498,1097,364729,8669,777568,0.092484,11634,4832288,0.574756,10031,5609856,0.66724,8407551
2,2021-07-08,19028,10030115,13256,5387116,4742,4277240,1030,365759,8023,775922,0.092289,10904,4843192,0.576053,9258,5619114,0.668341,8407551
2,2021-07-09,22333,10052448,15459,5402575,5627,4282867,1247,367006,9417,774008,0.092061,12784,4855976,0.577573,10870,5629984,0.669634,8407551
2,2021-07-10,14103,10066551,10400,5412975,3019,4285886,684,367690,6176,773192,0.091964,7835,4863811,0.578505,7019,5637003,0.670469,8407551
2,2021-07-11,6542,10073093,4802,5417777,1391,4287277,349,368039,3081,773275,0.091974,3417,4867228,0.578912,3500,5640503,0.670885,8407551
2,2021-07-12,18104,10091197,13315,5431092,3924,4291201,865,368904,7785,771916,0.091812,10209,4877437,0.580126,8850,5649353,0.671938,8407551
2,2021-07-13,19347,10110544,13649,5444741,4815,4296016,883,369787,8644,771079,0.091713,10562,4887999,0.581382,9725,5659078,0.673095,8407551
2,2021-07-14,18502,10129046,13221,5457962,4502,4300518,779,370566,8252,770198,0.091608,10126,4898125,0.582586,9245,5668323,0.674194,8407551
2,2021-07-15,18637,10147683,13531,5471493,4412,4304930,694,371260,8465,769511,0.091526,10061,4908186,0.583783,9374,5677697,0.675309,8407551
2,2021-07-16,22580,10170263,16253,5487746,5500,4310430,827,372087,10790,769672,0.091545,11660,4919846,0.58517,11821,5689518,0.676715,8407551
2,2021-07-17,14202,10184465,10346,5498092,3325,4313755,531,372618,6856,769939,0.091577,7256,4927102,0.586033,7523,5697041,0.67761,8407551
2,2021-07-18,6955,10191420,5195,5503287,1434,4315189,326,372944,3521,770463,0.091639,3392,4930494,0.586436,3916,5700957,0.678076,8407551
2,2021-07-19,18245,10209665,13601,5516888,3914,4319103,730,373674,9051,771348,0.091745,9081,4939575,0.587517,9966,5710923,0.679261,8407551
2,2021-07-20,20588,10230253,14675,5531563,5080,4324183,833,374507,10412,772768,0.091914,10046,4949621,0.588711,11466,5722389,0.680625,8407551
2,2021-07-21,20127,10250380,14641,5546204,4727,4328910,759,375266,10411,774542,0.092125,9591,4959212,0.589852,11365,5733754,0.681977,8407551
2,2021-07-22,20058,10270438,14316,5560520,4895,4333805,847,376113,10708,777064,0.092425,9207,4968419,0.590947,11729,5745483,0.683372,8407551
2,2021-07-23,24079,10294517,16855,5577375,6190,4339995,1034,377147,13119,780603,0.092845,10811,4979230,0.592233,14350,5759833,0.685079,8407551
2,2021-07-24,14599,10309116,10528,5587903,3580,4343575,491,377638,8146,783006,0.093131,6348,4985578,0.592988,8751,5768584,0.686119,8407551
2,2021-07-25,6589,10315705,4838,5592741,1615,4345190,136,377774,4869,786373,0.093532,1677,4987255,0.593188,5044,5773628,0.686719,8407551
2,2021-07-26,18705,10334410,13211,5605952,4739,4349929,755,378529,11838,792343,0.094242,6751,4994006,0.593991,12721,5786349,0.688232,8407551
2,2021-07-27,22416,10356826,16222,5622174,5356,4355285,838,379367,13141,797346,0.094837,9126,5003132,0.595076,14129,5800478,0.689913,8407551
2,2021-07-28,22329,10379155,15989,5638163,5452,4360737,888,380255,13202,802654,0.095468,8967,5012099,0.596143,14275,5814753,0.691611,8407551
2,2021-07-29,21122,10400277,15144,5653307,5078,4365815,900,381155,12734,808186,0.096126,8252,5020351,0.597124,13784,5828537,0.69325,8407551
2,2021-07-30,25717,10425994,18338,5671645,6456,4372271,923,382078,15422,814626,0.096892,10107,5030458,0.598326,16547,5845084,0.695218,8407551
2,2021-07-31,15498,10441492,11440,5683085,3567,4375838,491,382569,9375,818623,0.097368,6001,5036459,0.59904,9998,5855082,0.696408,8407551
2,2021-08-01,7900,10449392,6092,5689177,1642,4377480,166,382735,5159,821324,0.097689,2685,5039144,0.599359,5386,5860468,0.697048,8407551
2,2021-08-02,20973,10470365,15796,5704973,4435,4381915,742,383477,13289,827926,0.098474,7543,5046687,0.600256,14145,5874613,0.698731,8407551
2,2021-08-03,23679,10494044,17275,5722248,5414,4387329,990,384467,14731,834970,0.099312,8802,5055489,0.601303,15846,5890459,0.700615,8407551
2,2021-08-04,22316,10516360,16559,5738807,4931,4392260,826,385293,13902,841520,0.100091,8277,5063766,0.602288,14827,5905286,0.702379,8407551
2,2021-08-05,22576,10538936,16606,5755413,5094,4397354,876,386169,13976,848048,0.100867,8436,5072202,0.603291,14964,5920250,0.704159,8407551
2,2021-08-06,26829,10565765,19621,5775034,6258,4403612,950,387119,16371,855213,0.10172,10278,5082480,0.604514,17443,5937693,0.706233,8407551
2,2021-08-07,16511,10582276,12277,5787311,3657,4407269,577,387696,10105,859675,0.10225,6300,5088780,0.605263,10762,5948455,0.707513,8407551
2,2021-08-08,7633,10589909,5502,5792813,1918,4409187,213,387909,4716,861791,0.102502,2852,5091632,0.605602,4968,5953423,0.708104,8407551
2,2021-08-09,18343,10608252,13467,5806280,4189,4413376,687,388596,11110,866591,0.103073,7115,5098747,0.606449,11915,5965338,0.709521,8407551
2,2021-08-10,12006,10620258,9045,5815325,2269,4415645,692,389288,6871,869242,0.103388,5048,5103795,0.607049,7699,5973037,0.710437,8407551
3,2020-12-15,322,322,322,322,0,0,0,0,322,322,4e-05,0,0,0.0,322,322,4e-05,8129050
3,2020-12-16,2470,2792,2470,2792,0,0,0,0,2471,2793,0.000344,0,0,0.0,2471,2793,0.000344,8129050
3,2020-12-17,7868,10660,7868,10660,0,0,0,0,7868,10661,0.001311,0,0,0.0,7868,10661,0.001311,8129050
3,2020-12-18,13482,24142,13463,24123,19,19,0,0,13481,24142,0.00297,0,0,0.0,13481,24142,0.00297,8129050
3,2020-12-19,7274,31416,7261,31384,13,32,0,0,7337,31479,0.003872,0,0,0.0,7337,31479,0.003872,8129050
3,2020-12-20,5667,37083,5657,37041,10,42,0,0,5714,37192,0.004575,1,1,0.0,5714,37193,0.004575,8129050
3,2020-12-21,14378,51461,14352,51393,26,68,0,0,14442,51633,0.006352,1,2,0.0,14442,51635,0.006352,8129050
3,2020-12-22,14847,66308,14264,65657,583,651,0,0,14884,66514,0.008182,3,5,1e-06,14884,66519,0.008183,8129050
3,2020-12-23,14871,81179,12264,77921,2607,3258,0,0,14887,81400,0.010013,2,7,1e-06,14888,81407,0.010014,8129050
3,2020-12-24,6811,87990,4883,82804,1928,5186,0,0,6808,88206,0.010851,2,9,1e-06,6808,88215,0.010852,8129050
3,2020-12-25,723,88713,665,83469,58,5244,0,0,721,88927,0.010939,0,9,1e-06,721,88936,0.010941,8129050
3,2020-12-26,4625,93338,3002,86471,1623,6867,0,0,4623,93550,0.011508,0,9,1e-06,4623,93559,0.011509,8129050
3,2020-12-27,2989,96327,1855,88326,1134,8001,0,0,2989,96539,0.011876,0,9,1e-06,2989,96548,0.011877,8129050
3,2020-12-28,13662,109989,8733,97059,4929,12930,0,0,13686,110224,0.013559,1,10,1e-06,13686,110234,0.013561,8129050
3,2020-12-29,15162,125151,8549,105608,6613,19543,0,0,15187,125409,0.015427,2,12,1e-06,15187,125421,0.015429,8129050
3,2020-12-30,18167,143318,10125,115733,8042,27585,0,0,18173,143581,0.017663,2,14,2e-06,18174,143595,0.017664,8129050
3,2020-12-31,8462,151780,3244,118977,5218,32803,0,0,8462,152041,0.018703,2,16,2e-06,8462,152057,0.018705,8129050
3,2021-01-01,1643,153423,784,119761,859,33662,0,0,1639,153679,0.018905,1,17,2e-06,1639,153696,0.018907,8129050
3,2021-01-02,4948,158371,2427,122188,2521,36183,0,0,4948,158627,0.019514,0,17,2e-06,4948,158644,0.019516,8129050
3,2021-01-03,1621,159992,852,123040,769,36952,0,0,1612,160237,0.019712,2,19,2e-06,1612,160256,0.019714,8129050
3,2021-01-04,12068,172060,5976,129016,6092,43044,0,0,12039,172268,0.021192,8,27,3e-06,12039,172295,0.021195,8129050
3,2021-01-05,15777,187837,8163,137179,7614,50658,0,0,14100,184737,0.022726,1661,1688,0.000208,14130,186425,0.022933,8129050
3,2021-01-06,20652,208489,10928,148107,9724,60382,0,0,16074,196290,0.024147,4531,6219,0.000765,16084,202509,0.024912,8129050
3,2021-01-07,26688,235177,15262,163369,11426,71808,0,0,17195,204047,0.025101,9455,15674,0.001928,17212,219721,0.027029,8129050
3,2021-01-08,30731,265908,18785,182154,11946,83754,0,0,18205,209769,0.025805,12506,28180,0.003467,18228,237949,0.029271,8129050
3,2021-01-09,12471,278379,7047,189201,5424,89178,0,0,7941,213195,0.026226,4524,32704,0.004023,7950,245899,0.030249,8129050
3,2021-01-10,7243,285622,4494,193695,2749,91927,0,0,4076,214112,0.026339,3165,35869,0.004412,4082,249981,0.030752,8129050
3,2021-01-11,29213,314835,19110,212805,10103,102030,0,0,16547,218048,0.026823,12658,48527,0.00597,16594,266575,0.032793,8129050
3,2021-01-12,32687,347522,19515,232320,13172,115202,0,0,20027,225586,0.027751,12637,61164,0.007524,20175,286750,0.035275,8129050
3,2021-01-13,34625,382147,18071,250391,16554,131756,0,0,24382,239763,0.029495,10227,71391,0.008782,24404,311154,0.038277,8129050
3,2021-01-14,34829,416976,14235,264626,20594,152350,0,0,28885,262784,0.032327,5902,77293,0.009508,28923,340077,0.041835,8129050
3,2021-01-15,39079,456055,14481,279107,24598,176948,0,0,34366,292533,0.035986,4691,81984,0.010085,34440,374517,0.046071,8129050
3,2021-01-16,21822,477877,7445,286552,14377,191325,0,0,19481,309707,0.038099,2330,84314,0.010372,19504,394021,0.048471,8129050
3,2021-01-17,13170,491047,4471,291023,8699,200024,0,0,12085,320729,0.039455,1084,85398,0.010505,12106,406127,0.04996,8129050
3,2021-01-18,24822,515869,12967,303990,11855,211879,0,0,19203,334368,0.041132,5608,91006,0.011195,19247,425374,0.052328,8129050
3,2021-01-19,41193,557062,20923,324913,20270,232149,0,0,31988,357277,0.043951,9167,100173,0.012323,32076,457450,0.056273,8129050
3,2021-01-20,46304,603366,23057,347970,23247,255396,0,0,36704,384515,0.047301,9552,109725,0.013498,36790,494240,0.060799,8129050
3,2021-01-21,48195,651561,20906,368876,27289,282685,0,0,42647,421760,0.051883,5480,115205,0.014172,42725,536965,0.066055,8129050
3,2021-01-22,49882,701443,19880,388756,30002,312687,0,0,45639,463261,0.056988,4214,119419,0.01469,45715,582680,0.071679,8129050
3,2021-01-23,30417,731860,12826,401582,17591,330278,0,0,27112,487131,0.059925,3297,122716,0.015096,27167,609847,0.075021,8129050
3,2021-01-24,17909,749769,8501,410083,9408,339686,0,0,16717,502690,0.061839,1189,123905,0.015242,16748,626595,0.077081,8129050
3,2021-01-25,40966,790735,18249,428332,22717,362403,0,0,30944,523730,0.064427,9994,133899,0.016472,31034,657629,0.080899,8129050
3,2021-01-26,47477,838212,22649,450981,24828,387231,0,0,37225,550842,0.067762,10219,144118,0.017729,37331,694960,0.085491,8129050
3,2021-01-27,51592,889804,24548,475529,27044,414275,0,0,40850,581104,0.071485,10670,154788,0.019041,40932,735892,0.090526,8129050
3,2021-01-28,52080,941884,24152,499681,27928,442203,0,0,43084,615337,0.075696,8910,163698,0.020137,43143,779035,0.095833,8129050
3,2021-01-29,51205,993089,24555,524236,26650,468853,0,0,41389,647142,0.079609,9637,173335,0.021323,41442,820477,0.100931,8129050
3,2021-01-30,37446,1030535,17775,542011,19671,488524,0,0,32715,675269,0.083069,4675,178010,0.021898,32802,853279,0.104967,8129050
3,2021-01-31,22522,1053057,12810,554821,9712,498236,0,0,21097,694978,0.085493,1410,179420,0.022071,21119,874398,0.107565,8129050
3,2021-02-01,46090,1099147,21082,575903,25008,523244,0,0,35123,719223,0.088476,10912,190332,0.023414,35157,909555,0.111889,8129050
3,2021-02-02,54642,1153789,22778,598681,31864,555108,0,0,42108,748945,0.092132,12435,202767,0.024944,42157,951712,0.117075,8129050
3,2021-02-03,60244,1214033,26734,625415,33510,588618,0,0,44773,778452,0.095762,15339,218106,0.02683,44846,996558,0.122592,8129050
3,2021-02-04,64616,1278649,27967,653382,36649,625267,0,0,47298,808748,0.099489,17118,235224,0.028936,47414,1043972,0.128425,8129050
3,2021-02-05,70596,1349245,29823,683205,40773,666040,0,0,48719,836017,0.102843,21632,256856,0.031597,48901,1092873,0.13444,8129050
3,2021-02-06,43783,1393028,20991,704196,22792,688832,0,0,34090,860647,0.105873,9646,266502,0.032784,34276,1127149,0.138657,8129050
3,2021-02-07,19787,1412815,12586,716782,7201,696033,0,0,15169,871344,0.107189,4598,271100,0.03335,15295,1142444,0.140538,8129050
3,2021-02-08,51691,1464506,24959,741741,26732,722765,0,0,33850,887687,0.109199,17700,288800,0.035527,34043,1176487,0.144726,8129050
3,2021-02-09,58948,1523454,28542,770283,30406,753171,0,0,34444,898258,0.1105,24225,313025,0.038507,34796,1211283,0.149007,8129050
3,2021-02-10,68559,1592013,31920,802203,36639,789810,0,0,36726,903957,0.111201,31535,344560,0.042386,37234,1248517,0.153587,8129050
3,2021-02-11,71001,1663014,34888,837091,36113,825923,0,0,37700,909251,0.111852,32950,377510,0.04644,38244,1286761,0.158292,8129050
3,2021-02-12,75824,1738838,32699,869790,43125,869048,0,0,41746,918009,0.112929,33763,411273,0.050593,42521,1329282,0.163522,8129050
3,2021-02-13,45354,1784192,20551,890341,24803,893851,0,0,26080,925516,0.113853,19156,430429,0.052949,26663,1355945,0.166802,8129050
3,2021-02-14,27457,1811649,13720,904061,13737,907588,0,0,15217,929017,0.114284,12171,442600,0.054447,15672,1371617,0.16873,8129050
3,2021-02-15,40359,1852008,17381,921442,22978,930566,0,0,22262,934240,0.114926,17983,460583,0.056659,23206,1394823,0.171585,8129050
3,2021-02-16,70597,1922605,33399,954841,37198,967764,0,0,36611,938049,0.115395,33837,494420,0.060821,37646,1432469,0.176216,8129050
3,2021-02-17,72460,1995065,36593,991434,35867,1003631,0,0,34305,935516,0.115083,37913,532333,0.065485,35380,1467849,0.180568,8129050
3,2021-02-18,77562,2072627,40498,1031932,37064,1040695,0,0,35821,931148,0.114546,41533,573866,0.070594,37165,1505014,0.18514,8129050
3,2021-02-19,69681,2142308,40153,1072085,29528,1070223,0,0,35134,932604,0.114725,34378,608244,0.074824,35834,1540848,0.189548,8129050
3,2021-02-20,43318,2185626,27340,1099425,15978,1086201,0,0,22611,935140,0.115037,20582,628826,0.077355,23118,1563966,0.192392,8129050
3,2021-02-21,24324,2209950,19558,1118983,4766,1090967,0,0,11833,934971,0.115016,12394,641220,0.07888,12225,1576191,0.193896,8129050
3,2021-02-22,47754,2257704,31099,1150082,16655,1107622,0,0,22340,932537,0.114717,25260,666480,0.081987,22826,1599017,0.196704,8129050
3,2021-02-23,63794,2321498,34666,1184748,29128,1136750,0,0,27789,926553,0.11398,35770,702250,0.086388,29786,1628803,0.200368,8129050
3,2021-02-24,80040,2401538,39333,1224081,40707,1177457,0,0,35332,919967,0.11317,44442,746692,0.091855,37856,1666659,0.205025,8129050
3,2021-02-25,89726,2491264,43705,1267786,46021,1223478,0,0,44640,922444,0.113475,44768,791460,0.097362,47245,1713904,0.210837,8129050
3,2021-02-26,100709,2591973,46067,1313853,54642,1278120,0,0,53115,930616,0.11448,47153,838613,0.103162,55325,1769229,0.217643,8129050
3,2021-02-27,71452,2663425,32815,1346668,38633,1316753,4,4,37706,936137,0.115159,33501,872114,0.107284,39022,1808251,0.222443,8129050
3,2021-02-28,41601,2705026,24030,1370698,17567,1334320,4,8,21324,938355,0.115432,20065,892179,0.109752,22283,1830534,0.225184,8129050
3,2021-03-01,70170,2775196,37234,1407932,32893,1367213,43,51,38938,947704,0.116582,30976,923155,0.113562,40325,1870859,0.230145,8129050
3,2021-03-02,81703,2856899,40297,1448229,41398,1408611,8,59,47086,962441,0.118395,34441,957596,0.117799,49178,1920037,0.236195,8129050
3,2021-03-03,91668,2948567,43866,1492095,47776,1456387,26,85,51165,975651,0.12002,40253,997849,0.122751,53463,1973500,0.242771,8129050
3,2021-03-04,96127,3044694,47000,1539095,49106,1505493,21,106,54355,990797,0.121883,41510,1039359,0.127857,56656,2030156,0.249741,8129050
3,2021-03-05,92400,3137094,45161,1584256,46945,1552438,294,400,56051,1013319,0.124654,36061,1075420,0.132293,58583,2088739,0.256947,8129050
3,2021-03-06,66249,3203343,33573,1617829,30506,1582944,2170,2570,37779,1026412,0.126265,28309,1103729,0.135776,41402,2130141,0.262041,8129050
3,2021-03-07,39290,3242633,22710,1640539,14680,1597624,1900,4470,22089,1034444,0.127253,17117,1120846,0.137882,25149,2155290,0.265134,8129050
3,2021-03-08,60365,3302998,28753,1669292,28605,1626229,3007,7477,38170,1055121,0.129796,22023,1142869,0.140591,42700,2197990,0.270387,8129050
3,2021-03-09,77617,3380615,35829,1705121,37299,1663528,4489,11966,41661,1066599,0.131208,35797,1178666,0.144994,47275,2245265,0.276203,8129050
3,2021-03-10,83715,3464330,41692,1746813,35880,1699408,6143,18109,43685,1078004,0.132611,39789,1218455,0.149889,51194,2296459,0.2825,8129050
3,2021-03-11,97951,3562281,47896,1794709,41388,1740796,8667,26776,47906,1085862,0.133578,49746,1268201,0.156009,57604,2354063,0.289586,8129050
3,2021-03-12,102591,3664872,45708,1840417,44960,1785756,11923,38699,47046,1090611,0.134162,55282,1323483,0.162809,60031,2414094,0.296971,8129050
3,2021-03-13,70847,3735719,29823,1870240,33725,1819481,7299,45998,37435,1103389,0.135734,33263,1356746,0.166901,46041,2460135,0.302635,8129050
3,2021-03-14,41449,3777168,21645,1891885,16235,1835716,3569,49567,20866,1107946,0.136295,20491,1377237,0.169422,25048,2485183,0.305716,8129050
3,2021-03-15,76107,3853275,36089,1927974,35442,1871158,4576,54143,40064,1117761,0.137502,35795,1413032,0.173825,45610,2530793,0.311327,8129050
3,2021-03-16,95503,3948778,44036,1972010,47120,1918278,4347,58490,53578,1134907,0.139611,41655,1454687,0.178949,58801,2589594,0.31856,8129050
3,2021-03-17,98874,4047652,48007,2020017,46308,1964586,4559,63049,59934,1161349,0.142864,38680,1493367,0.183707,65122,2654716,0.326571,8129050
3,2021-03-18,104202,4151854,52952,2072969,46705,2011291,4545,67594,59650,1181835,0.145384,44232,1537599,0.189149,64718,2719434,0.334533,8129050
3,2021-03-19,103765,4255619,55633,2128602,43651,2054942,4481,72075,57666,1198710,0.14746,45796,1583395,0.194782,62671,2782105,0.342242,8129050
3,2021-03-20,72316,4327935,37286,2165888,31349,2086291,3681,75756,44420,1219619,0.150032,27677,1611072,0.198187,48586,2830691,0.348219,8129050
3,2021-03-21,36450,4364385,24772,2190660,10164,2096455,1514,77270,21877,1229026,0.151189,14460,1625532,0.199966,23867,2854558,0.351155,8129050
3,2021-03-22,70904,4435289,41685,2232345,26691,2123146,2528,79798,45038,1251992,0.154015,25609,1651141,0.203116,48575,2903133,0.357131,8129050
3,2021-03-23,90297,4525586,49934,2282279,37810,2160956,2553,82351,55015,1275258,0.156877,34991,1686132,0.207421,58257,2961390,0.364297,8129050
3,2021-03-24,99328,4624914,57143,2339422,39242,2200198,2943,85294,56132,1292117,0.158951,42807,1728939,0.212686,59666,3021056,0.371637,8129050
3,2021-03-25,108013,4732927,59978,2399400,45043,2245241,2992,88286,60443,1308976,0.161024,47204,1776143,0.218493,64063,3085119,0.379518,8129050
3,2021-03-26,111416,4844343,59743,2459143,48310,2293551,3363,91649,57005,1316134,0.161905,54039,1830182,0.225141,61197,3146316,0.387046,8129050
3,2021-03-27,75056,4919399,38132,2497275,34365,2327916,2559,94208,36091,1316731,0.161978,38711,1868893,0.229903,39308,3185624,0.391881,8129050
3,2021-03-28,44621,4964020,28120,2525395,15688,2343604,813,95021,22400,1318488,0.162195,22094,1890987,0.232621,23851,3209475,0.394816,8129050
3,2021-03-29,81277,5045297,42446,2567841,36969,2380573,1862,96883,44201,1328570,0.163435,36795,1927782,0.237147,46877,3256352,0.400582,8129050
3,2021-03-30,100858,5146155,49556,2617397,47650,2428223,3652,100535,56174,1344587,0.165405,44405,1972187,0.24261,60422,3316774,0.408015,8129050
3,2021-03-31,105564,5251719,56914,2674311,43774,2471997,4876,105411,56131,1356746,0.166901,49163,2021350,0.248658,61322,3378096,0.415559,8129050
3,2021-04-01,124318,5376037,62821,2737132,51699,2523696,9798,115209,66669,1376252,0.1693,57192,2078542,0.255693,76698,3454794,0.424994,8129050
3,2021-04-02,118439,5494476,57772,2794904,50274,2573970,10393,125602,62127,1393195,0.171385,55991,2134533,0.262581,72934,3527728,0.433966,8129050
3,2021-04-03,76381,5570857,39089,2833993,28031,2602001,9261,134863,37939,1402393,0.172516,38272,2172805,0.267289,47470,3575198,0.439805,8129050
3,2021-04-04,32516,5603373,17393,2851386,10884,2612885,4239,139102,14191,1402582,0.172539,18242,2191047,0.269533,18431,3593629,0.442072,8129050
3,2021-04-05,89983,5693356,45654,2897040,35036,2647921,9293,148395,43584,1410089,0.173463,46150,2237197,0.27521,53657,3647286,0.448673,8129050
3,2021-04-06,113938,5807294,55399,2952439,43260,2691181,15279,163674,53328,1419021,0.174562,60308,2297505,0.282629,69240,3716526,0.457191,8129050
3,2021-04-07,116735,5924029,60370,3012809,40007,2731188,16358,180032,56228,1431603,0.17611,60226,2357731,0.290038,72808,3789334,0.466147,8129050
3,2021-04-08,121870,6045899,60666,3073475,40959,2772147,20245,200277,56388,1443776,0.177607,65153,2422884,0.298053,77326,3866660,0.47566,8129050
3,2021-04-09,119055,6164954,59251,3132726,40541,2812688,19263,219540,52179,1449453,0.178305,66602,2489486,0.306246,72279,3938939,0.484551,8129050
3,2021-04-10,84709,6249663,37990,3170716,31366,2844054,15353,234893,34404,1449871,0.178357,50103,2539589,0.312409,50521,3989460,0.490766,8129050
3,2021-04-11,45427,6295090,24330,3195046,13055,2857109,8042,242935,17246,1447878,0.178112,28076,2567665,0.315863,26083,4015543,0.493974,8129050
3,2021-04-12,84333,6379423,42591,3237637,32885,2889994,8857,251792,38018,1449772,0.178345,46054,2613719,0.321528,47948,4063491,0.499873,8129050
3,2021-04-13,105908,6485331,57325,3294962,48375,2938369,208,252000,55692,1456611,0.179186,49946,2663665,0.327672,56785,4120276,0.506858,8129050
3,2021-04-14,108041,6593372,59072,3354034,48868,2987237,101,252101,53631,1457690,0.179319,54092,2717757,0.334327,55171,4175447,0.513645,8129050
3,2021-04-15,119651,6713023,67266,3421300,52304,3039541,81,252182,63665,1466610,0.180416,55632,2773389,0.34117,64552,4239999,0.521586,8129050
3,2021-04-16,115964,6828987,64999,3486299,50871,3090412,94,252276,60310,1472364,0.181124,55318,2828707,0.347975,61072,4301071,0.529099,8129050
3,2021-04-17,79772,6908759,43452,3529751,36305,3126717,15,252291,44333,1482496,0.18237,35189,2863896,0.352304,45321,4346392,0.534674,8129050
3,2021-04-18,38941,6947700,23517,3553268,15415,3142132,9,252300,18215,1480994,0.182185,20600,2884496,0.354838,19098,4365490,0.537023,8129050
3,2021-04-19,79476,7027176,44203,3597471,35216,3177348,57,252357,35645,1473595,0.181275,43609,2928105,0.360203,36210,4401700,0.541478,8129050
3,2021-04-20,101115,7128291,53174,3650645,47923,3225271,18,252375,48743,1471297,0.180992,52084,2980189,0.36661,49786,4451486,0.547602,8129050
3,2021-04-21,106292,7234583,59675,3710320,46542,3271813,75,252450,50048,1466661,0.180422,55841,3036030,0.373479,51205,4502691,0.553901,8129050
3,2021-04-22,112452,7347035,63181,3773501,49244,3321057,27,252477,48220,1452015,0.178621,63852,3099882,0.381334,49206,4551897,0.559954,8129050
3,2021-04-23,106739,7453774,61060,3834561,45648,3366705,31,252508,46684,1440066,0.177151,59675,3159557,0.388675,47726,4599623,0.565825,8129050
3,2021-04-24,74280,7528054,45833,3880394,28375,3395080,72,252580,36106,1439365,0.177064,37873,3197430,0.393334,37172,4636795,0.570398,8129050
3,2021-04-25,37106,7565160,23688,3904082,13401,3408481,17,252597,18909,1440660,0.177224,18037,3215467,0.395553,19332,4656127,0.572776,8129050
3,2021-04-26,74323,7639483,42028,3946110,31884,3440365,411,253008,31670,1431721,0.176124,42364,3257831,0.400764,33425,4689552,0.576888,8129050
3,2021-04-27,91491,7730974,48018,3994128,41716,3482081,1757,254765,36228,1415538,0.174133,54933,3312764,0.407522,38750,4728302,0.581655,8129050
3,2021-04-28,87221,7818195,49581,4043709,35491,3517572,2149,256914,35547,1402405,0.172518,51360,3364124,0.41384,38227,4766529,0.586357,8129050
3,2021-04-29,89553,7907748,51195,4094904,36134,3553706,2224,259138,31912,1379751,0.169731,57279,3421403,0.420886,34625,4801154,0.590617,8129050
3,2021-04-30,91129,7998877,51432,4146336,37211,3590917,2486,261624,33873,1359709,0.167265,56869,3478272,0.427882,36827,4837981,0.595147,8129050
3,2021-05-01,55669,8054546,34932,4181268,19258,3610175,1479,263103,20035,1346366,0.165624,35345,3513617,0.43223,22002,4859983,0.597854,8129050
3,2021-05-02,27074,8081620,18497,4199765,7558,3617733,1019,264122,9915,1340350,0.164884,17045,3530662,0.434327,11029,4871012,0.59921,8129050
3,2021-05-03,60094,8141714,35285,4235050,22426,3640159,2383,266505,17514,1318093,0.162146,42337,3572999,0.439535,20080,4891092,0.601681,8129050
3,2021-05-04,77945,8219659,45069,4280119,30187,3670346,2689,269194,22629,1288687,0.158529,55005,3628004,0.446301,25599,4916691,0.60483,8129050
3,2021-05-05,79468,8299127,47720,4327839,29036,3699382,2712,271906,21983,1256544,0.154575,57124,3685128,0.453328,24981,4941672,0.607903,8129050
3,2021-05-06,83786,8382913,53044,4380883,28206,3727588,2536,274442,20710,1217764,0.149804,62573,3747701,0.461026,23793,4965465,0.61083,8129050
3,2021-05-07,82817,8465730,51603,4432486,28574,3756162,2640,277082,21962,1182177,0.145426,60482,3808183,0.468466,24895,4990360,0.613892,8129050
3,2021-05-08,52881,8518611,32787,4465273,18370,3774532,1724,278806,14005,1159572,0.142645,38594,3846777,0.473214,15989,5006349,0.615859,8129050
3,2021-05-09,21042,8539653,15378,4480651,4874,3779406,790,279596,5512,1150504,0.14153,15435,3862212,0.475112,6367,5012716,0.616642,8129050
3,2021-05-10,48352,8588005,26002,4506653,20431,3799837,1919,281515,11209,1126964,0.138634,36929,3899141,0.479655,13389,5026105,0.618289,8129050
3,2021-05-11,64430,8652435,36132,4542785,26070,3825907,2228,283743,16189,1097870,0.135055,47976,3947117,0.485557,18882,5044987,0.620612,8129050
3,2021-05-12,65147,8717582,37441,4580226,25296,3851203,2410,286153,16627,1068988,0.131502,48239,3995356,0.491491,19357,5064344,0.622993,8129050
3,2021-05-13,75779,8793361,47759,4627985,26097,3877300,1923,288076,27657,1051331,0.12933,47864,4043220,0.497379,30207,5094551,0.626709,8129050
3,2021-05-14,80703,8874064,50959,4678944,27597,3904897,2147,290223,31248,1036177,0.127466,49147,4092367,0.503425,33993,5128544,0.630891,8129050
3,2021-05-15,62415,8936479,43055,4721999,18149,3923046,1211,291434,25797,1027020,0.126339,36400,4128767,0.507903,27243,5155787,0.634242,8129050
3,2021-05-16,33287,8969766,24884,4746883,7711,3930757,692,292126,13423,1021487,0.125659,19738,4148505,0.510331,14205,5169992,0.63599,8129050
3,2021-05-17,57167,9026933,36406,4783289,18914,3949671,1847,293973,21061,1008781,0.124096,35824,4184329,0.514738,23118,5193110,0.638834,8129050
3,2021-05-18,64723,9091656,38204,4821493,24647,3974318,1872,295845,24299,995213,0.122427,40135,4224464,0.519675,26567,5219677,0.642102,8129050
3,2021-05-19,64140,9155796,38990,4860483,23397,3997715,1753,297598,24812,982988,0.120923,39066,4263530,0.524481,26841,5246518,0.645404,8129050
3,2021-05-20,62002,9217798,36277,4896760,23869,4021584,1856,299454,22263,968004,0.11908,39438,4302968,0.529332,24454,5270972,0.648412,8129050
3,2021-05-21,66263,9284061,40254,4937014,23902,4045486,2107,301561,23681,951840,0.117091,42252,4345220,0.53453,26088,5297060,0.651621,8129050
3,2021-05-22,45832,9329893,30381,4967395,13977,4059463,1474,303035,19087,946132,0.116389,26524,4371744,0.537793,20816,5317876,0.654182,8129050
3,2021-05-23,21745,9351638,15051,4982446,6041,4065504,653,303688,9184,943607,0.116078,12472,4384216,0.539327,9947,5327823,0.655405,8129050
3,2021-05-24,39675,9391313,23199,5005645,14707,4080211,1769,305457,14700,935509,0.115082,24771,4408987,0.542374,16673,5344496,0.657456,8129050
3,2021-05-25,42753,9434066,24038,5029683,17031,4097242,1684,307141,15154,925251,0.11382,27322,4436309,0.545735,17064,5361560,0.659556,8129050
3,2021-05-26,42439,9476505,24277,5053960,16430,4113672,1732,308873,15874,916724,0.112771,26266,4462575,0.548966,17739,5379299,0.661738,8129050
3,2021-05-27,39370,9515875,22070,5076030,15541,4129213,1759,310632,15409,910343,0.111986,23795,4486370,0.551894,17414,5396713,0.66388,8129050
3,2021-05-28,42821,9558696,24194,5100224,16827,4146040,1800,312432,17788,905428,0.111382,24825,4511195,0.554947,19910,5416623,0.666329,8129050
3,2021-05-29,23468,9582164,14338,5114562,8291,4154331,839,313271,10976,905014,0.111331,12355,4523550,0.556467,11941,5428564,0.667798,8129050
3,2021-05-30,10624,9592788,6890,5121452,3097,4157428,637,313908,4458,904064,0.111214,6087,4529637,0.557216,5137,5433701,0.66843,8129050
3,2021-05-31,4658,9597446,2688,5124140,1705,4159133,265,314173,1461,902667,0.111042,3152,4532789,0.557604,1755,5435456,0.668646,8129050
3,2021-06-01,37726,9635172,21714,5145854,14574,4173707,1438,315611,13167,893153,0.109872,24316,4557105,0.560595,14802,5450258,0.670467,8129050
3,2021-06-02,31497,9666669,18093,5163947,11994,4185701,1410,317021,11640,886693,0.109077,19649,4576754,0.563012,13189,5463447,0.672089,8129050
3,2021-06-03,39632,9706301,27104,5191051,11092,4196793,1436,318457,11417,871732,0.107237,28038,4604792,0.566461,13077,5476524,0.673698,8129050
3,2021-06-04,46201,9752502,32678,5223729,11975,4208768,1548,320005,13120,853976,0.105052,32835,4637627,0.5705,15079,5491603,0.675553,8129050
3,2021-06-05,34345,9786847,25884,5249613,7275,4216043,1186,321191,8689,838593,0.10316,25447,4663074,0.573631,10064,5501667,0.676791,8129050
3,2021-06-06,14642,9801489,12218,5261831,1841,4217884,583,321774,3697,832156,0.102368,10881,4673955,0.574969,4444,5506111,0.677338,8129050
3,2021-06-07,30416,9831905,22104,5283935,7026,4224910,1286,323060,8704,820701,0.100959,21564,4695519,0.577622,10109,5516220,0.678581,8129050
3,2021-06-08,34333,9866238,24659,5308594,8385,4233295,1289,324349,9930,807951,0.099391,24193,4719712,0.580598,11443,5527663,0.679989,8129050
3,2021-06-09,32996,9899234,23936,5332530,7757,4241052,1303,325652,8843,794292,0.09771,23970,4743682,0.583547,10311,5537974,0.681257,8129050
3,2021-06-10,32514,9931748,23443,5355973,7539,4248591,1532,327184,8948,781561,0.096144,23407,4767089,0.586426,10676,5548650,0.682571,8129050
3,2021-06-11,35581,9967329,25155,5381128,9054,4257645,1372,328556,10559,768842,0.09458,24823,4791912,0.58948,12104,5560754,0.68406,8129050
3,2021-06-12,25161,9992490,18952,5400080,5316,4262961,893,329449,6679,758203,0.093271,18364,4810276,0.591739,7725,5568479,0.68501,8129050
3,2021-06-13,10133,10002623,7580,5407660,2064,4265025,489,329938,2359,753402,0.09268,7721,4817997,0.592689,2920,5571399,0.685369,8129050
3,2021-06-14,25813,10028436,18491,5426151,5896,4270921,1426,331364,8065,745414,0.091698,17615,4835612,0.594856,9627,5581026,0.686553,8129050
3,2021-06-15,28742,10057178,19451,5445602,7785,4278706,1506,332870,9644,737863,0.090769,18869,4854481,0.597177,11318,5592344,0.687946,8129050
3,2021-06-16,25881,10083059,18378,5463980,6087,4284793,1416,334286,8720,731173,0.089946,16978,4871459,0.599265,10288,5602632,0.689211,8129050
3,2021-06-17,24852,10107911,17799,5481779,5764,4290557,1289,335575,8613,725126,0.089202,16085,4887544,0.601244,10038,5612670,0.690446,8129050
3,2021-06-18,28023,10135934,19787,5501566,6662,4297219,1574,337149,9807,718692,0.08841,17983,4905527,0.603456,11549,5624219,0.691867,8129050
3,2021-06-19,16022,10151956,11771,5513337,3390,4300609,861,338010,5728,715224,0.087984,10166,4915693,0.604707,6698,5630917,0.692691,8129050
3,2021-06-20,6873,10158829,5156,5518493,1418,4302027,299,338309,2603,713963,0.087829,4216,4919909,0.605226,2955,5633872,0.693054,8129050
3,2021-06-21,16237,10175066,10243,5528736,4594,4306621,1400,339709,8087,715512,0.088019,8057,4927966,0.606217,9606,5643478,0.694236,8129050
3,2021-06-22,22096,10197162,15491,5544227,5308,4311929,1297,341006,8266,711524,0.087529,13705,4941671,0.607903,9717,5653195,0.695431,8129050
3,2021-06-23,20261,10217423,14190,5558417,4738,4316667,1333,342339,8031,708912,0.087207,12113,4953784,0.609393,9501,5662696,0.6966,8129050
3,2021-06-24,19967,10237390,13895,5572312,4617,4321284,1455,343794,7794,706274,0.086883,11998,4965782,0.610869,9360,5672056,0.697751,8129050
3,2021-06-25,23284,10260674,16514,5588826,5348,4326632,1422,345216,9096,702866,0.086463,14054,4979836,0.612598,10646,5682702,0.699061,8129050
3,2021-06-26,13879,10274553,10291,5599117,2816,4329448,772,345988,5786,701564,0.086303,8019,4987855,0.613584,6717,5689419,0.699887,8129050
3,2021-06-27,6691,10281244,5171,5604288,1211,4330659,309,346297,2859,700970,0.08623,3795,4991650,0.614051,3201,5692620,0.700281,8129050
3,2021-06-28,15872,10297116,12190,5616478,2603,4333262,1079,347376,6681,699753,0.086081,9080,5000730,0.615168,7863,5700483,0.701248,8129050
3,2021-06-29,17958,10315074,12652,5629130,4311,4337573,995,348371,7348,697740,0.085833,10487,5011217,0.616458,8474,5708957,0.702291,8129050
3,2021-06-30,16959,10332033,11998,5641128,3920,4341493,1041,349412,7296,696696,0.085704,9529,5020746,0.61763,8485,5717442,0.703335,8129050
3,2021-07-01,16205,10348238,11539,5652667,3604,4345097,1062,350474,6809,695376,0.085542,9294,5030040,0.618773,7974,5725416,0.704316,8129050
3,2021-07-02,18375,10366613,13078,5665745,4194,4349291,1103,351577,7830,693973,0.08537,10433,5040473,0.620057,9030,5734446,0.705426,8129050
3,2021-07-03,10014,10376627,7229,5672974,2352,4351643,433,352010,4291,693137,0.085267,5660,5046133,0.620753,4824,5739270,0.70602,8129050
3,2021-07-04,710,10377337,416,5673390,207,4351850,87,352097,274,693084,0.08526,430,5046563,0.620806,377,5739647,0.706066,8129050
3,2021-07-05,9502,10386839,6944,5680334,2135,4353985,423,352520,4302,692737,0.085217,5133,5051696,0.621437,4786,5744433,0.706655,8129050
3,2021-07-06,18952,10405791,13728,5694062,4108,4358093,1116,353636,6862,688892,0.084744,11945,5063641,0.622907,8100,5752533,0.707651,8129050
3,2021-07-07,15597,10421388,11048,5705110,3444,4361537,1105,354741,6291,687191,0.084535,9203,5072844,0.624039,7502,5760035,0.708574,8129050
3,2021-07-08,15250,10436638,11002,5716112,3251,4364788,997,355738,6192,685513,0.084329,8953,5081797,0.62514,7275,5767310,0.709469,8129050
3,2021-07-09,17493,10454131,12194,5728306,4086,4368874,1213,356951,7223,683908,0.084131,10153,5091950,0.626389,8548,5775858,0.710521,8129050
3,2021-07-10,10767,10464898,7919,5736225,2185,4371059,663,357614,4569,683096,0.084031,6132,5098082,0.627144,5320,5781178,0.711175,8129050
3,2021-07-11,5090,10469988,3765,5739990,1049,4372108,276,357890,2295,682940,0.084012,2747,5100829,0.627482,2591,5783769,0.711494,8129050
3,2021-07-12,14301,10484289,10424,5750414,2876,4374984,1001,358891,5705,681197,0.083798,8517,5109346,0.628529,6774,5790543,0.712327,8129050
3,2021-07-13,15022,10499311,10613,5761027,3500,4378484,909,359800,6566,680393,0.083699,8358,5117704,0.629557,7554,5798097,0.713256,8129050
3,2021-07-14,14312,10513623,10147,5771174,3241,4381725,924,360724,6363,679895,0.083638,7851,5125555,0.630523,7353,5805450,0.714161,8129050
3,2021-07-15,14571,10528194,10521,5781695,3215,4384940,835,361559,6667,679662,0.083609,7809,5133364,0.631484,7576,5813026,0.715093,8129050
3,2021-07-16,17605,10545799,12656,5794351,4060,4389000,889,362448,8401,679925,0.083641,9097,5142461,0.632603,9360,5822386,0.716244,8129050
3,2021-07-17,11160,10556959,8178,5802529,2451,4391451,531,362979,5300,680037,0.083655,5790,5148251,0.633315,5902,5828288,0.71697,8129050
3,2021-07-18,5720,10562679,4319,5806848,1150,4392601,251,363230,2809,680254,0.083682,2869,5151120,0.633668,3086,5831374,0.71735,8129050
3,2021-07-19,14807,10577486,10817,5817665,3113,4395714,877,364107,7262,681020,0.083776,7446,5158566,0.634584,8212,5839586,0.71836,8129050
3,2021-07-20,16377,10593863,11389,5829054,4087,4399801,901,365008,8420,682577,0.083968,7845,5166411,0.635549,9402,5848988,0.719517,8129050
3,2021-07-21,15850,10609713,11215,5840269,3771,4403572,864,365872,7972,683738,0.08411,7753,5174164,0.636503,8914,5857902,0.720613,8129050
3,2021-07-22,16185,10625898,11438,5851707,3793,4407365,954,366826,8397,685483,0.084325,7669,5181833,0.637446,9414,5867316,0.721771,8129050
3,2021-07-23,19080,10644978,13587,5865294,4487,4411852,1006,367832,10233,688099,0.084647,8705,5190538,0.638517,11321,5878637,0.723164,8129050
3,2021-07-24,11480,10656458,8267,5873561,2637,4414489,576,368408,6334,689975,0.084878,5070,5195608,0.639141,6946,5885583,0.724019,8129050
3,2021-07-25,5562,10662020,4170,5877731,1184,4415673,208,368616,4021,692759,0.08522,1496,5197104,0.639325,4280,5889863,0.724545,8129050
3,2021-07-26,15307,10677327,10648,5888379,3705,4419378,954,369570,9240,697059,0.085749,5960,5203064,0.640058,10260,5900123,0.725807,8129050
3,2021-07-27,17289,10694616,12239,5900618,4084,4423462,966,370536,9915,700770,0.086206,7246,5210310,0.640949,10957,5911080,0.727155,8129050
3,2021-07-28,16912,10711528,12124,5912742,3757,4427219,1031,371567,9775,704624,0.08668,6999,5217309,0.64181,10853,5921933,0.72849,8129050
3,2021-07-29,16611,10728139,11957,5924699,3645,4430864,1009,372576,9771,708812,0.087195,6664,5223973,0.64263,10852,5932785,0.729825,8129050
3,2021-07-30,19368,10747507,13686,5938385,4617,4435481,1065,373641,11249,713306,0.087748,7913,5231886,0.643604,12407,5945192,0.731351,8129050
3,2021-07-31,12027,10759534,8732,5947117,2674,4438155,621,374262,7005,716115,0.088093,4885,5236771,0.644205,7694,5952886,0.732298,8129050
3,2021-08-01,6431,10765965,4897,5952014,1277,4439432,257,374519,4166,718366,0.08837,2207,5238978,0.644476,4458,5957344,0.732846,8129050
3,2021-08-02,16460,10782425,11994,5964008,3569,4443001,897,375416,10254,723498,0.089002,6083,5245061,0.645224,11215,5968559,0.734226,8129050
3,2021-08-03,18195,10800620,13135,5977143,3975,4446976,1085,376501,10852,728323,0.089595,7166,5252227,0.646106,11991,5980550,0.735701,8129050
3,2021-08-04,17361,10817981,12466,5989609,3898,4450874,997,377498,10349,732869,0.090154,6853,5259080,0.646949,11399,5991949,0.737103,8129050
3,2021-08-05,17740,10835721,12840,6002449,3774,4454648,1126,378624,10700,737884,0.090771,6879,5265959,0.647795,11894,6003843,0.738566,8129050
3,2021-08-06,21366,10857087,15527,6017976,4717,4459365,1122,379746,12633,743160,0.09142,8545,5274504,0.648846,13821,6017664,0.740267,8129050
3,2021-08-07,12606,10869693,9390,6027366,2608,4461973,608,380354,7381,746111,0.091783,5089,5279593,0.649472,8040,6025704,0.741256,8129050
3,2021-08-08,6342,10876035,4640,6032006,1469,4463442,233,380587,3872,747850,0.091997,2396,5281989,0.649767,4135,6029839,0.741764,8129050
3,2021-08-09,14973,10891008,10728,6042734,3273,4466715,972,381559,8377,750813,0.092362,6459,5288448,0.650562,9422,6039261,0.742923,8129050
3,2021-08-10,8863,10899871,6379,6049113,1661,4468376,823,382382,4785,752469,0.092565,4004,5292452,0.651054,5660,6044921,0.74362,8129050
4,2020-12-15,456,456,456,456,0,0,0,0,456,456,5.7e-05,0,0,0.0,456,456,5.7e-05,8037679
4,2020-12-16,3066,3522,3066,3522,0,0,0,0,3066,3522,0.000438,0,0,0.0,3066,3522,0.000438,8037679
4,2020-12-17,9000,12522,9000,12522,0,0,0,0,9000,12522,0.001558,0,0,0.0,9000,12522,0.001558,8037679
4,2020-12-18,16258,28780,16246,28768,12,12,0,0,16258,28780,0.003581,0,0,0.0,16258,28780,0.003581,8037679
4,2020-12-19,10402,39182,10393,39161,9,21,0,0,10338,39118,0.004867,0,0,0.0,10338,39118,0.004867,8037679
4,2020-12-20,7446,46628,7438,46599,8,29,0,0,7401,46519,0.005788,0,0,0.0,7401,46519,0.005788,8037679
4,2020-12-21,16441,63069,16413,63012,28,57,0,0,16373,62891,0.007825,1,1,0.0,16373,62892,0.007825,8037679
4,2020-12-22,17232,80301,16480,79492,752,809,0,0,17187,80074,0.009962,4,5,1e-06,17187,80079,0.009963,8037679
4,2020-12-23,17163,97464,14421,93913,2742,3551,0,0,17142,97213,0.012095,3,8,1e-06,17142,97221,0.012096,8037679
4,2020-12-24,8582,106046,5978,99891,2604,6155,0,0,8581,105794,0.013162,0,8,1e-06,8581,105802,0.013163,8037679
4,2020-12-25,908,106954,803,100694,105,6260,0,0,908,106702,0.013275,0,8,1e-06,908,106710,0.013276,8037679
4,2020-12-26,6188,113142,3899,104593,2289,8549,0,0,6188,112890,0.014045,0,8,1e-06,6188,112898,0.014046,8037679
4,2020-12-27,3431,116573,1995,106588,1436,9985,0,0,3431,116321,0.014472,0,8,1e-06,3431,116329,0.014473,8037679
4,2020-12-28,15201,131774,9394,115982,5807,15792,0,0,15173,131491,0.016359,3,11,1e-06,15173,131502,0.016361,8037679
4,2020-12-29,15737,147511,8795,124777,6942,22734,0,0,15704,147194,0.018313,1,12,1e-06,15704,147206,0.018314,8037679
4,2020-12-30,19286,166797,11279,136056,8007,30741,0,0,19275,166467,0.020711,2,14,2e-06,19275,166481,0.020713,8037679
4,2020-12-31,8336,175133,3372,139428,4964,35705,0,0,8323,174781,0.021745,9,23,3e-06,8323,174804,0.021748,8037679
4,2021-01-01,1697,176830,772,140200,925,36630,0,0,1693,176471,0.021955,3,26,3e-06,1693,176497,0.021959,8037679
4,2021-01-02,5746,182576,3244,143444,2502,39132,0,0,5744,182214,0.02267,1,27,3e-06,5744,182241,0.022673,8037679
4,2021-01-03,2153,184729,1273,144717,880,40012,0,0,2139,184350,0.022936,3,30,4e-06,2139,184380,0.022939,8037679
4,2021-01-04,13027,197756,7048,151765,5979,45991,0,0,12979,197301,0.024547,28,58,7e-06,12979,197359,0.024554,8037679
4,2021-01-05,17020,214776,10083,161848,6937,52928,0,0,14798,209920,0.026117,2193,2251,0.00028,14812,212171,0.026397,8037679
4,2021-01-06,21743,236519,13330,175178,8413,61341,0,0,15595,219431,0.0273,6099,8350,0.001039,15610,227781,0.028339,8037679
4,2021-01-07,28111,264630,17142,192320,10969,72310,0,0,16768,224939,0.027986,11282,19632,0.002442,16790,244571,0.030428,8037679
4,2021-01-08,33040,297670,21201,213521,11839,84149,0,0,18404,228795,0.028465,14570,34202,0.004255,18426,262997,0.032721,8037679
4,2021-01-09,16371,314041,9684,223205,6687,90836,0,0,9506,231460,0.028797,6854,41056,0.005108,9519,272516,0.033905,8037679
4,2021-01-10,8819,322860,5694,228899,3125,93961,0,0,4187,231034,0.028744,4621,45677,0.005683,4195,276711,0.034427,8037679
4,2021-01-11,33690,356550,22124,251023,11566,105527,0,0,18970,235361,0.029282,14692,60369,0.007511,19019,295730,0.036793,8037679
4,2021-01-12,38730,395280,22340,273363,16390,121917,0,0,24371,245470,0.03054,14304,74673,0.00929,24413,320143,0.03983,8037679
4,2021-01-13,39083,434363,19353,292716,19730,141647,0,0,27663,261783,0.032569,11378,86051,0.010706,27691,347834,0.043275,8037679
4,2021-01-14,39624,473987,15261,307977,24363,166010,0,0,32370,286967,0.035703,7216,93267,0.011604,32400,380234,0.047306,8037679
4,2021-01-15,45664,519651,15961,323938,29703,195713,0,0,40023,321446,0.039992,5569,98836,0.012297,40048,420282,0.052289,8037679
4,2021-01-16,28883,548534,9417,333355,19466,215179,0,0,25752,344116,0.042813,3100,101936,0.012682,25770,446052,0.055495,8037679
4,2021-01-17,19191,567725,6751,340106,12440,227619,0,0,17531,360022,0.044792,1638,103574,0.012886,17544,463596,0.057678,8037679
4,2021-01-18,29583,597308,13694,353800,15889,243508,0,0,23576,377685,0.046989,5939,109513,0.013625,23602,487198,0.060614,8037679
4,2021-01-19,46366,643674,23172,376972,23194,266702,0,0,36750,404942,0.05038,9568,119081,0.014815,36825,524023,0.065196,8037679
4,2021-01-20,52891,696565,28307,405279,24584,291286,0,0,42246,436703,0.054332,10547,129628,0.016128,42308,566331,0.07046,8037679
4,2021-01-21,58126,754691,26181,431460,31945,323231,0,0,51286,481281,0.059878,6756,136384,0.016968,51334,617665,0.076846,8037679
4,2021-01-22,55693,810384,22372,453832,33321,356552,0,0,50479,526642,0.065522,5145,141529,0.017608,50506,668171,0.08313,8037679
4,2021-01-23,39836,850220,17473,471305,22363,378915,0,0,35465,557775,0.069395,4362,145891,0.018151,35495,703666,0.087546,8037679
4,2021-01-24,24091,874311,10529,481834,13562,392477,0,0,22180,578074,0.071921,1902,147793,0.018388,22201,725867,0.090308,8037679
4,2021-01-25,48296,922607,22334,504168,25962,418439,0,0,37052,603973,0.075143,11212,159005,0.019782,37111,762978,0.094925,8037679
4,2021-01-26,57283,979890,29228,533396,28055,446494,0,0,44863,636515,0.079191,12383,171388,0.021323,44925,807903,0.100514,8037679
4,2021-01-27,56609,1036499,26947,560343,29662,476156,0,0,45412,670865,0.083465,11116,182504,0.022706,45466,853369,0.106171,8037679
4,2021-01-28,57081,1093580,25800,586143,31281,507437,0,0,46934,707800,0.08806,10046,192550,0.023956,46981,900350,0.112016,8037679
4,2021-01-29,56983,1150563,27327,613470,29656,537093,0,0,46426,743908,0.092553,10354,202904,0.025244,46462,946812,0.117797,8037679
4,2021-01-30,38307,1188870,17319,630789,20988,558081,0,0,32893,771475,0.095982,5356,208260,0.02591,32923,979735,0.121893,8037679
4,2021-01-31,24137,1213007,12727,643516,11410,569491,0,0,22415,792207,0.098562,1700,209960,0.026122,22432,1002167,0.124684,8037679
4,2021-02-01,49999,1263006,24094,667610,25905,595396,0,0,38235,818784,0.101868,11704,221664,0.027578,38281,1040448,0.129446,8037679
4,2021-02-02,55900,1318906,25702,693312,30198,625594,0,0,42875,848769,0.105599,12939,234603,0.029188,42924,1083372,0.134787,8037679
4,2021-02-03,62553,1381459,30714,724026,31839,657433,0,0,47924,882270,0.109767,14478,249081,0.030989,47979,1131351,0.140756,8037679
4,2021-02-04,67935,1449394,31511,755537,36424,693857,0,0,50977,916572,0.114034,16783,265864,0.033077,51085,1182436,0.147112,8037679
4,2021-02-05,73739,1523133,34173,789710,39566,733423,0,0,51161,945573,0.117643,22296,288160,0.035851,51297,1233733,0.153494,8037679
4,2021-02-06,49022,1572155,26363,816073,22659,756082,0,0,37334,971494,0.120867,11618,299778,0.037297,37539,1271272,0.158164,8037679
4,2021-02-07,26647,1598802,17614,833687,9033,765115,0,0,20108,985337,0.12259,6504,306282,0.038106,20347,1291619,0.160696,8037679
4,2021-02-08,59148,1657950,30411,864098,28737,793852,0,0,38364,1003325,0.124828,20643,326925,0.040674,38631,1330250,0.165502,8037679
4,2021-02-09,67739,1725689,34313,898411,33426,827278,0,0,39612,1015453,0.126337,27932,354857,0.044149,40060,1370310,0.170486,8037679
4,2021-02-10,77964,1803653,39028,937439,38936,866214,0,0,40907,1020103,0.126915,36802,391659,0.048728,41452,1411762,0.175643,8037679
4,2021-02-11,82221,1885874,42931,980370,39290,905504,0,0,41763,1022366,0.127197,40179,431838,0.053727,42442,1454204,0.180923,8037679
4,2021-02-12,85209,1971083,38211,1018581,46998,952502,0,0,43741,1025715,0.127613,41182,473020,0.05885,44531,1498735,0.186464,8037679
4,2021-02-13,59312,2030395,30045,1048626,29267,981769,0,0,30159,1027772,0.127869,29005,502025,0.062459,31062,1529797,0.190328,8037679
4,2021-02-14,37142,2067537,19318,1067944,17824,999593,0,0,18988,1029325,0.128062,18094,520119,0.06471,19647,1549444,0.192773,8037679
4,2021-02-15,46626,2114163,21893,1089837,24733,1024326,0,0,23855,1031684,0.128356,22681,542800,0.067532,25040,1574484,0.195888,8037679
4,2021-02-16,80972,2195135,37169,1127006,43803,1068129,0,0,41072,1034229,0.128673,39749,582549,0.072477,42294,1616778,0.20115,8037679
4,2021-02-17,82296,2277431,38922,1165928,43374,1111503,0,0,39052,1031386,0.128319,43022,625571,0.07783,40179,1656957,0.206149,8037679
4,2021-02-18,84225,2361656,46390,1212318,37835,1149338,0,0,38844,1026536,0.127715,45174,670745,0.08345,40324,1697281,0.211166,8037679
4,2021-02-19,83572,2445228,52680,1264998,30892,1180230,0,0,41666,1027179,0.127795,41717,712462,0.08864,42360,1739641,0.216436,8037679
4,2021-02-20,50044,2495272,33339,1298337,16705,1196935,0,0,27042,1032006,0.128396,22912,735374,0.091491,27739,1767380,0.219887,8037679
4,2021-02-21,30403,2525675,24142,1322479,6261,1203196,0,0,14658,1031295,0.128308,15656,751030,0.093439,14945,1782325,0.221746,8037679
4,2021-02-22,55770,2581445,38326,1360805,17444,1220640,0,0,26827,1029802,0.128122,28772,779802,0.097018,27279,1809604,0.22514,8037679
4,2021-02-23,77356,2658801,42910,1403715,34446,1255086,0,0,33890,1022119,0.127166,43248,823050,0.102399,35565,1845169,0.229565,8037679
4,2021-02-24,92587,2751388,48968,1452683,43619,1298705,0,0,41623,1015222,0.126308,50679,873729,0.108704,43782,1888951,0.235012,8037679
4,2021-02-25,104113,2855501,54465,1507148,49648,1348353,0,0,49594,1013098,0.126044,54278,928007,0.115457,52154,1941105,0.241501,8037679
4,2021-02-26,110245,2965746,55727,1562875,54518,1402871,0,0,56230,1017987,0.126652,53701,981708,0.122138,58590,1999695,0.24879,8037679
4,2021-02-27,80432,3046178,43741,1606616,36681,1439552,10,10,42802,1024891,0.127511,37398,1019106,0.126791,44302,2043997,0.254302,8037679
4,2021-02-28,49649,3095827,30670,1637286,18972,1458524,7,17,27317,1030976,0.128268,22126,1041232,0.129544,28211,2072208,0.257812,8037679
4,2021-03-01,81064,3176891,47495,1684781,33517,1492041,52,69,44600,1040710,0.129479,36113,1077345,0.134037,45847,2118055,0.263516,8037679
4,2021-03-02,89854,3266745,51537,1736318,38308,1530349,9,78,52572,1058004,0.131631,37076,1114421,0.13865,54370,2172425,0.27028,8037679
4,2021-03-03,103873,3370618,55202,1791520,48655,1579004,16,94,57819,1071796,0.133346,45818,1160239,0.14435,59610,2232035,0.277696,8037679
4,2021-03-04,102206,3472824,56905,1848425,45283,1624287,18,112,55645,1082927,0.134731,46305,1206544,0.150111,57436,2289471,0.284842,8037679
4,2021-03-05,98315,3571139,53075,1901500,44915,1669202,325,437,57535,1102175,0.137126,40548,1247092,0.155156,59796,2349267,0.292282,8037679
4,2021-03-06,77468,3648607,43645,1945145,31179,1700381,2644,3081,47382,1123567,0.139787,29942,1277034,0.158881,51334,2400601,0.298668,8037679
4,2021-03-07,45011,3693618,27622,1972767,15182,1715563,2207,5288,26193,1134297,0.141122,18729,1295763,0.161211,29459,2430060,0.302334,8037679
4,2021-03-08,68430,3762048,35757,2008524,29284,1744847,3389,8677,44872,1160420,0.144373,23417,1319180,0.164124,49540,2479600,0.308497,8037679
4,2021-03-09,82507,3844555,41642,2050166,35567,1780414,5298,13975,44430,1173294,0.145974,37881,1357061,0.168837,50755,2530355,0.314812,8037679
4,2021-03-10,92512,3937067,47750,2097916,37201,1817615,7561,21536,46482,1182378,0.147104,45812,1402873,0.174537,54896,2585251,0.321641,8037679
4,2021-03-11,101511,4038578,53199,2151115,39786,1857401,8526,30062,46777,1184200,0.147331,54454,1457327,0.181312,56276,2641527,0.328643,8037679
4,2021-03-12,105339,4143917,51886,2203001,43112,1900513,10341,40403,45015,1180308,0.146847,60019,1517346,0.188779,56127,2697654,0.335626,8037679
4,2021-03-13,82053,4225970,37991,2240992,35527,1936040,8535,48938,38768,1185477,0.14749,43133,1560479,0.194145,48302,2745956,0.341635,8037679
4,2021-03-14,50097,4276067,28532,2269524,17919,1953959,3646,52584,23387,1186469,0.147613,26604,1587083,0.197455,27596,2773552,0.345069,8037679
4,2021-03-15,84151,4360218,45272,2314796,34599,1988558,4280,56864,42637,1192942,0.148419,41229,1628312,0.202585,47702,2821254,0.351004,8037679
4,2021-03-16,108479,4468697,56419,2371215,48630,2037188,3430,60294,56912,1202640,0.149625,51291,1679603,0.208966,60989,2882243,0.358591,8037679
4,2021-03-17,107952,4576649,58137,2429352,46304,2083492,3511,63805,62938,1224862,0.15239,44720,1724323,0.21453,66942,2949185,0.36692,8037679
4,2021-03-18,107832,4684481,59831,2489183,44284,2127776,3717,67522,60818,1243060,0.154654,46719,1771042,0.220342,64917,3014102,0.374997,8037679
4,2021-03-19,112293,4796774,64592,2553775,42468,2170244,5233,72755,63544,1263728,0.157225,48448,1819490,0.22637,69116,3083218,0.383596,8037679
4,2021-03-20,84779,4881553,49641,2603416,32104,2202348,3034,75789,51661,1285761,0.159967,32935,1852425,0.230468,54968,3138186,0.390434,8037679
4,2021-03-21,48498,4930051,35147,2638563,11091,2213439,2260,78049,28239,1296484,0.161301,20110,1872535,0.23297,30833,3169019,0.39427,8037679
4,2021-03-22,83095,5013146,54290,2692853,26055,2239494,2750,80799,51202,1319504,0.164165,31613,1904148,0.236903,54633,3223652,0.401068,8037679
4,2021-03-23,105728,5118874,63317,2756170,40257,2279751,2154,82953,61968,1340685,0.1668,43465,1947613,0.24231,64646,3288298,0.40911,8037679
4,2021-03-24,114439,5233313,73801,2829971,38203,2317954,2435,85388,63634,1356831,0.168809,50348,1997961,0.248574,66494,3354792,0.417383,8037679
4,2021-03-25,118029,5351342,72599,2902570,43016,2360970,2414,87802,66206,1374595,0.171019,51317,2049278,0.254959,69081,3423873,0.425978,8037679
4,2021-03-26,120805,5472147,73224,2975794,44534,2405504,3047,90849,65139,1388084,0.172697,55267,2104545,0.261835,68756,3492629,0.434532,8037679
4,2021-03-27,92707,5564854,54616,3030410,36286,2441790,1805,92654,46703,1391321,0.1731,45732,2150277,0.267525,48969,3541598,0.440624,8037679
4,2021-03-28,56199,5621053,37130,3067540,18191,2459981,878,93532,29603,1395757,0.173652,26407,2176684,0.27081,30843,3572441,0.444462,8037679
4,2021-03-29,94504,5715557,56639,3124179,35769,2495750,2096,95628,50580,1405338,0.174844,43631,2220315,0.276238,53212,3625653,0.451082,8037679
4,2021-03-30,118044,5833601,64423,3188602,49446,2545196,4175,99803,69533,1431187,0.17806,48239,2268554,0.28224,74088,3699741,0.4603,8037679
4,2021-03-31,121841,5955442,71893,3260495,43618,2588814,6330,106133,67909,1452052,0.180656,53542,2322096,0.288901,74407,3774148,0.469557,8037679
4,2021-04-01,143366,6098808,81718,3342213,48298,2637112,13350,119483,84011,1490442,0.185432,58816,2380912,0.296219,97206,3871354,0.481651,8037679
4,2021-04-02,137433,6236241,73415,3415628,50372,2687484,13646,133129,78945,1524942,0.189724,58162,2439074,0.303455,92662,3964016,0.493179,8037679
4,2021-04-03,101628,6337869,54286,3469914,33838,2721322,13504,146633,52865,1542811,0.191947,48537,2487611,0.309494,66406,4030422,0.501441,8037679
4,2021-04-04,47041,6384910,24829,3494743,14659,2735981,7553,154186,20463,1544250,0.192126,26459,2514070,0.312786,27898,4058320,0.504912,8037679
4,2021-04-05,110205,6495115,61848,3556591,35451,2771432,12906,167092,57089,1561790,0.194309,52873,2566943,0.319364,70413,4128733,0.513672,8037679
4,2021-04-06,139547,6634662,78495,3635086,41165,2812597,19887,186979,72277,1587348,0.197488,67006,2633949,0.3277,92564,4221297,0.525189,8037679
4,2021-04-07,138235,6772897,78310,3713396,39106,2851703,20819,207798,71437,1613198,0.200704,66516,2700465,0.335976,92366,4313663,0.53668,8037679
4,2021-04-08,140755,6913652,78397,3791793,36770,2888473,25588,233386,70011,1638733,0.203881,70417,2770882,0.344737,95952,4409615,0.548618,8037679
4,2021-04-09,138407,7052059,75840,3867633,39401,2927874,23166,256552,66023,1656633,0.206108,72108,2842990,0.353708,90008,4499623,0.559816,8037679
4,2021-04-10,104215,7156274,51390,3919023,33870,2961744,18955,275507,47014,1666527,0.207339,56969,2899959,0.360796,66863,4566486,0.568135,8037679
4,2021-04-11,62904,7219178,38187,3957210,13498,2975242,11219,286726,27482,1670899,0.207883,35296,2935255,0.365187,39668,4606154,0.57307,8037679
4,2021-04-12,103324,7322502,62804,4020014,30274,3005516,10246,296972,52031,1683382,0.209436,50967,2986222,0.371528,63450,4669604,0.580964,8037679
4,2021-04-13,131053,7453555,82257,4102271,48626,3054142,170,297142,78321,1710326,0.212789,52412,3038634,0.378049,79356,4748960,0.590837,8037679
4,2021-04-14,136564,7590119,87163,4189434,49323,3103465,78,297220,75565,1726548,0.214807,60652,3099286,0.385595,76874,4825834,0.600401,8037679
4,2021-04-15,156636,7746755,104153,4293587,52413,3155878,70,297290,95816,1762804,0.219318,60403,3159689,0.39311,96659,4922493,0.612427,8037679
4,2021-04-16,144079,7890834,91313,4384900,52687,3208565,79,297369,83500,1786881,0.222313,60227,3219916,0.400603,84304,5006797,0.622916,8037679
4,2021-04-17,101766,7992600,63876,4448776,37865,3246430,25,297394,59492,1805577,0.224639,41973,3261889,0.405825,60669,5067466,0.630464,8037679
4,2021-04-18,57114,8049714,38621,4487397,18490,3264920,3,297397,32068,1813718,0.225652,24892,3286781,0.408922,33033,5100499,0.634574,8037679
4,2021-04-19,101550,8151264,66904,4554301,34628,3299548,18,297415,51421,1815896,0.225923,49866,3336647,0.415126,52044,5152543,0.641049,8037679
4,2021-04-20,131831,8283095,78479,4632780,53336,3352884,16,297431,68272,1822050,0.226689,63209,3399856,0.42299,69363,5221906,0.649678,8037679
4,2021-04-21,135040,8418135,88148,4720928,46834,3399718,58,297489,67919,1824457,0.226988,66684,3466540,0.431286,69091,5290997,0.658274,8037679
4,2021-04-22,142105,8560240,94300,4815228,47781,3447499,24,297513,63375,1810696,0.225276,78301,3544841,0.441028,64540,5355537,0.666304,8037679
4,2021-04-23,135545,8695785,88205,4903433,47316,3494815,24,297537,58753,1794266,0.223232,76401,3621242,0.450533,59971,5415508,0.673765,8037679
4,2021-04-24,99196,8794981,66971,4970404,32174,3526989,51,297588,45636,1787791,0.222426,53241,3674483,0.457157,46766,5462274,0.679583,8037679
4,2021-04-25,50550,8845531,35638,5006042,14886,3541875,26,297614,26378,1790636,0.22278,24014,3698497,0.460145,26859,5489133,0.682925,8037679
4,2021-04-26,92414,8937945,60641,5066683,31373,3573248,400,298014,36325,1772935,0.220578,55768,3754265,0.467083,38067,5527200,0.687661,8037679
4,2021-04-27,114265,9052210,69867,5136550,42078,3615326,2320,300334,41106,1744341,0.21702,72819,3827084,0.476143,44225,5571425,0.693163,8037679
4,2021-04-28,104751,9156961,68445,5204995,33765,3649091,2541,302875,38281,1719714,0.213957,66108,3893192,0.484368,41481,5612906,0.698324,8037679
4,2021-04-29,106150,9263111,67814,5272809,35800,3684891,2536,305411,34266,1685605,0.209713,71515,3964707,0.493265,37406,5650312,0.702978,8037679
4,2021-04-30,105886,9368997,67108,5339917,36066,3720957,2712,308123,36381,1656271,0.206063,69094,4033801,0.501861,39760,5690072,0.707925,8037679
4,2021-05-01,69790,9438787,46342,5386259,21664,3742621,1784,309907,20309,1629830,0.202774,49175,4082976,0.507979,22734,5712806,0.710753,8037679
4,2021-05-02,37815,9476602,26850,5413109,9670,3752291,1295,311202,10609,1614798,0.200904,27080,4110056,0.511349,12048,5724854,0.712252,8037679
4,2021-05-03,79522,9556124,55493,5468602,21534,3773825,2495,313697,19303,1577025,0.196204,59944,4170000,0.518806,22171,5747025,0.715011,8037679
4,2021-05-04,101741,9657865,69665,5538267,29299,3803124,2777,316474,22744,1524261,0.189639,78679,4248679,0.528595,25915,5772940,0.718235,8037679
4,2021-05-05,102628,9760493,72376,5610643,27503,3830627,2749,319223,21863,1468772,0.182736,80410,4329089,0.538599,24921,5797861,0.721335,8037679
4,2021-05-06,112451,9872944,84281,5694924,25219,3855846,2951,322174,19703,1400299,0.174217,92250,4421339,0.550077,23777,5821638,0.724293,8037679
4,2021-05-07,105310,9978254,75713,5770637,26909,3882755,2688,324862,20728,1339952,0.166709,84182,4505521,0.56055,23835,5845473,0.727259,8037679
4,2021-05-08,70142,10048396,48381,5819018,19825,3902580,1936,326798,13876,1300105,0.161751,56017,4561538,0.567519,16170,5861643,0.729271,8037679
4,2021-05-09,34451,10082847,28195,5847213,5309,3907889,947,327745,7477,1281762,0.159469,26859,4588397,0.570861,8516,5870159,0.73033,8037679
4,2021-05-10,65353,10148200,43761,5890974,19264,3927153,2328,330073,11049,1241380,0.154445,54071,4642468,0.577588,13689,5883848,0.732033,8037679
4,2021-05-11,83544,10231744,52287,5943261,29060,3956213,2197,332270,15874,1192589,0.148375,67405,4709873,0.585974,18614,5902462,0.734349,8037679
4,2021-05-12,80051,10311795,53234,5996495,24341,3980554,2476,334746,16633,1149054,0.142958,63103,4772976,0.593825,19568,5922030,0.736784,8037679
4,2021-05-13,105021,10416816,77314,6073809,26172,4006726,1535,336281,40668,1128316,0.140378,64004,4836980,0.601788,43266,5965296,0.742166,8037679
4,2021-05-14,105365,10522181,74399,6148208,28832,4035558,2134,338415,40559,1107087,0.137737,64463,4901443,0.609808,43234,6008530,0.747545,8037679
4,2021-05-15,85964,10608145,66478,6214686,18153,4053711,1333,339748,37913,1098840,0.136711,47799,4949242,0.615755,39552,6048082,0.752466,8037679
4,2021-05-16,51776,10659921,41720,6256406,9340,4063051,716,340464,21183,1090446,0.135667,30434,4979676,0.619542,22040,6070122,0.755208,8037679
4,2021-05-17,71445,10731366,52182,6308588,17419,4080470,1844,342308,28213,1077729,0.134085,43012,5022688,0.624893,30295,6100417,0.758977,8037679
4,2021-05-18,82032,10813398,53320,6361908,26956,4107426,1756,344064,29270,1056734,0.131473,52390,5075078,0.631411,31395,6131812,0.762883,8037679
4,2021-05-19,77110,10890508,52121,6414029,23038,4130464,1951,346015,30954,1044089,0.129899,45838,5120916,0.637114,33193,6165005,0.767013,8037679
4,2021-05-20,69325,10959833,44574,6458603,22745,4153209,2006,348021,25688,1028797,0.127997,43336,5164252,0.642505,28044,6193049,0.770502,8037679
4,2021-05-21,73998,11033831,48784,6507387,23344,4176553,1870,349891,26081,1009417,0.125586,47600,5211852,0.648427,28220,6221269,0.774013,8037679
4,2021-05-22,50021,11083852,35075,6542462,13669,4190222,1277,351168,21719,1004519,0.124976,28129,5239981,0.651927,23231,6244500,0.776903,8037679
4,2021-05-23,24006,11107858,17128,6559590,6154,4196376,724,351892,9745,1000965,0.124534,14134,5254115,0.653686,10580,6255080,0.77822,8037679
4,2021-05-24,43165,11151023,27464,6587054,12696,4209072,3005,354897,15105,991446,0.12335,27829,5281944,0.657148,18310,6273390,0.780498,8037679
4,2021-05-25,44933,11195956,27913,6614967,14194,4223266,2826,357723,15869,981557,0.122119,28811,5310755,0.660732,18922,6292312,0.782852,8037679
4,2021-05-26,44653,11240609,26755,6641722,15294,4238560,2604,360327,15838,971585,0.120879,28588,5339343,0.664289,18616,6310928,0.785168,8037679
4,2021-05-27,38956,11279565,23358,6665080,12460,4251020,3138,363465,14649,965443,0.120115,24097,5363440,0.667287,17955,6328883,0.787402,8037679
4,2021-05-28,43322,11322887,27582,6692662,14136,4265156,1604,365069,18859,961943,0.119679,24190,5387630,0.670297,20690,6349573,0.789976,8037679
4,2021-05-29,23721,11346608,15391,6708053,7397,4272553,933,366002,10888,961215,0.119589,12682,5400312,0.671875,11954,6361527,0.791463,8037679
4,2021-05-30,12108,11358716,8509,6716562,3071,4275624,528,366530,5023,959824,0.119416,7013,5407325,0.672747,5622,6367149,0.792163,8037679
4,2021-05-31,3596,11362312,2286,6718848,1148,4276772,162,366692,1144,958753,0.119282,2396,5409721,0.673045,1325,6368474,0.792327,8037679
4,2021-06-01,39500,11401812,24554,6743402,12503,4289275,2443,369135,13022,948185,0.117968,26248,5435969,0.676311,15680,6384154,0.794278,8037679
4,2021-06-02,32662,11434474,20404,6763806,9455,4298730,2803,371938,10889,940443,0.117004,21583,5457552,0.678996,13841,6397995,0.796,8037679
4,2021-06-03,48118,11482592,36916,6800722,8748,4307478,2454,374392,10331,915925,0.113954,37612,5495164,0.683675,13094,6411089,0.797629,8037679
4,2021-06-04,54855,11537447,44162,6844884,9366,4316844,1327,375719,12699,888853,0.110586,41910,5537074,0.68889,14838,6425927,0.799475,8037679
4,2021-06-05,44833,11582280,38388,6883272,5449,4322293,996,376715,8719,862909,0.107358,35956,5573030,0.693363,10012,6435939,0.800721,8037679
4,2021-06-06,21257,11603537,18967,6902239,1726,4324019,564,377279,3929,850579,0.105824,17221,5590251,0.695506,4891,6440830,0.80133,8037679
4,2021-06-07,38737,11642274,31353,6933592,5465,4329484,1919,379198,8398,830986,0.103386,30197,5620448,0.699263,10604,6451434,0.802649,8037679
4,2021-06-08,40632,11682906,31873,6965465,6213,4335697,2546,381744,9418,812274,0.101058,31018,5651466,0.703122,12306,6463740,0.80418,8037679
4,2021-06-09,38975,11721881,30901,6996366,5711,4341408,2363,384107,7919,792026,0.098539,30885,5682351,0.706964,10637,6474377,0.805503,8037679
4,2021-06-10,37169,11759050,29286,7025652,5259,4346667,2624,386731,8395,774696,0.096383,28613,5710964,0.710524,11283,6485660,0.806907,8037679
4,2021-06-11,38334,11797384,30074,7055726,6242,4352909,2018,388749,9859,758609,0.094382,28313,5739277,0.714047,12226,6497886,0.808428,8037679
4,2021-06-12,26591,11823975,22118,7077844,3759,4356668,714,389463,6028,745117,0.092703,20454,5759731,0.716591,6962,6504848,0.809294,8037679
4,2021-06-13,10849,11834824,8571,7086415,1801,4358469,477,389940,2280,739481,0.092002,8500,5768231,0.717649,2864,6507712,0.809651,8037679
4,2021-06-14,28594,11863418,21390,7107805,4397,4362866,2807,392747,7785,729622,0.090775,20669,5788900,0.72022,10810,6518522,0.810996,8037679
4,2021-06-15,29971,11893389,21186,7128991,5379,4368245,3406,396153,8280,720039,0.089583,21524,5810424,0.722898,11941,6530463,0.812481,8037679
4,2021-06-16,26594,11919983,20044,7149035,3926,4372171,2624,398777,8001,712458,0.08864,18411,5828835,0.725189,10830,6541293,0.813829,8037679
4,2021-06-17,25151,11945134,18571,7167606,3684,4375855,2896,401673,7608,705798,0.087811,17354,5846189,0.727348,10694,6551987,0.815159,8037679
4,2021-06-18,26780,11971914,21125,7188731,4422,4380277,1233,402906,8261,697229,0.086745,18314,5864503,0.729626,9745,6561732,0.816371,8037679
4,2021-06-19,15764,11987678,12752,7201483,2306,4382583,706,403612,5055,692601,0.086169,10561,5875064,0.73094,5933,6567665,0.81711,8037679
4,2021-06-20,7369,11995047,6071,7207554,992,4383575,306,403918,2621,690923,0.085961,4689,5879753,0.731524,3011,6570676,0.817484,8037679
4,2021-06-21,14587,12009634,10543,7218097,2906,4386481,1138,405056,7333,692392,0.086143,7165,5886918,0.732415,8634,6579310,0.818558,8037679
4,2021-06-22,20512,12030146,15980,7234077,3454,4389935,1078,406134,7113,687468,0.085531,13269,5900187,0.734066,8345,6587655,0.819597,8037679
4,2021-06-23,18412,12048558,14449,7248526,2970,4392905,993,407127,6708,683728,0.085065,11563,5911750,0.735505,7823,6595478,0.82057,8037679
4,2021-06-24,17587,12066145,13597,7262123,3001,4395906,989,408116,6552,680530,0.084667,10880,5922630,0.736858,7682,6603160,0.821526,8037679
4,2021-06-25,21565,12087710,16942,7279065,3574,4399480,1049,409165,7811,675943,0.084097,13615,5936245,0.738552,9028,6612188,0.822649,8037679
4,2021-06-26,13026,12100736,10599,7289664,1811,4401291,616,409781,4789,673324,0.083771,8133,5944378,0.739564,5514,6617702,0.823335,8037679
4,2021-06-27,6841,12107577,5542,7295206,957,4402248,342,410123,2877,672675,0.08369,3923,5948301,0.740052,3274,6620976,0.823742,8037679
4,2021-06-28,15065,12122642,12646,7307852,1564,4403812,855,410978,6039,670757,0.083452,8938,5957239,0.741164,7020,6627996,0.824616,8037679
4,2021-06-29,16456,12139098,12767,7320619,2882,4406694,807,411785,6340,668021,0.083111,10007,5967246,0.742409,7271,6635267,0.82552,8037679
4,2021-06-30,14551,12153649,11336,7331955,2477,4409171,738,412523,6033,666506,0.082923,8404,5975650,0.743455,6889,6642156,0.826377,8037679
4,2021-07-01,14447,12168096,11394,7343349,2310,4411481,743,413266,5915,664887,0.082721,8417,5984067,0.744502,6798,6648954,0.827223,8037679
4,2021-07-02,16767,12184863,13309,7356658,2694,4414175,764,414030,6847,662805,0.082462,9821,5993888,0.745724,7739,6656693,0.828186,8037679
4,2021-07-03,9162,12194025,7271,7363929,1483,4415658,408,414438,3966,662115,0.082376,5122,5999010,0.746361,4432,6661125,0.828737,8037679
4,2021-07-04,435,12194460,269,7364198,106,4415764,60,414498,192,662141,0.08238,237,5999247,0.74639,263,6661388,0.82877,8037679
4,2021-07-05,9197,12203657,7479,7371677,1302,4417066,416,414914,4173,661833,0.082341,4946,6004193,0.747006,4638,6666026,0.829347,8037679
4,2021-07-06,16465,12220122,12977,7384654,2688,4419754,800,415714,6059,658517,0.081929,10287,6014480,0.748286,6971,6672997,0.830214,8037679
4,2021-07-07,13699,12233821,10688,7395342,2234,4421988,777,416491,5170,656149,0.081634,8437,6022917,0.749335,6069,6679066,0.830969,8037679
4,2021-07-08,13200,12247021,10318,7405660,2055,4424043,827,417318,5175,654331,0.081408,7910,6030827,0.750319,6092,6685158,0.831727,8037679
4,2021-07-09,15398,12262419,11812,7417472,2650,4426693,936,418254,6263,652654,0.081199,8992,6039819,0.751438,7315,6692473,0.832638,8037679
4,2021-07-10,8823,12271242,6978,7424450,1447,4428140,398,418652,3710,651794,0.081092,5028,6044847,0.752064,4168,6696641,0.833156,8037679
4,2021-07-11,4972,12276214,3981,7428431,790,4428930,201,418853,2225,651544,0.081061,2706,6047553,0.7524,2456,6699097,0.833462,8037679
4,2021-07-12,13032,12289246,10328,7438759,1987,4430917,717,419570,5063,649538,0.080812,7888,6055441,0.753382,5882,6704979,0.834193,8037679
4,2021-07-13,12783,12302029,9787,7448546,2365,4433282,631,420201,5453,648495,0.080682,7223,6062664,0.75428,6180,6711159,0.834962,8037679
4,2021-07-14,11679,12313708,9198,7457744,1933,4435215,548,420749,5049,647628,0.080574,6540,6069204,0.755094,5673,6716832,0.835668,8037679
4,2021-07-15,12390,12326098,9838,7467582,1966,4437181,586,421335,5642,647314,0.080535,6622,6075826,0.755918,6308,6723140,0.836453,8037679
4,2021-07-16,14932,12341030,11646,7479228,2619,4439800,667,422002,6887,647030,0.0805,7945,6083771,0.756906,7661,6730801,0.837406,8037679
4,2021-07-17,9326,12350356,7369,7486597,1632,4441432,325,422327,4409,646988,0.080494,4818,6088589,0.757506,4776,6735577,0.838,8037679
4,2021-07-18,5342,12355698,4299,7490896,843,4442275,200,422527,2520,646969,0.080492,2762,6091351,0.757849,2743,6738320,0.838342,8037679
4,2021-07-19,12773,12368471,10132,7501028,1989,4444264,652,423179,6051,647125,0.080511,6629,6097980,0.758674,6785,6745105,0.839186,8037679
4,2021-07-20,13691,12382162,10553,7511581,2474,4446738,664,423843,6738,647805,0.080596,6808,6104788,0.759521,7488,6752593,0.840117,8037679
4,2021-07-21,12774,12394936,9900,7521481,2225,4448963,649,424492,6348,648571,0.080691,6290,6111078,0.760304,7056,6759649,0.840995,8037679
4,2021-07-22,13419,12408355,10474,7531955,2294,4451257,651,425143,6984,649963,0.080865,6303,6117381,0.761088,7695,6767344,0.841953,8037679
4,2021-07-23,15626,12423981,12056,7544011,2881,4454138,689,425832,8187,651659,0.081076,7270,6124651,0.761992,8966,6776310,0.843068,8037679
4,2021-07-24,9549,12433530,7477,7551488,1745,4455883,327,426159,4902,652432,0.081172,4507,6129158,0.762553,5280,6781590,0.843725,8037679
4,2021-07-25,4741,12438271,3736,7555224,852,4456735,153,426312,3347,654609,0.081443,1338,6130496,0.76272,3515,6785105,0.844162,8037679
4,2021-07-26,12859,12451130,10096,7565320,2103,4458838,660,426972,7479,657566,0.08181,5238,6135734,0.763371,8195,6793300,0.845182,8037679
4,2021-07-27,14211,12465341,10908,7576228,2551,4461389,752,427724,7660,659620,0.082066,6398,6142132,0.764167,8452,6801752,0.846233,8037679
4,2021-07-28,13111,12478452,10042,7586270,2390,4463779,679,428403,7283,661977,0.082359,5663,6147795,0.764872,8020,6809772,0.847231,8037679
4,2021-07-29,13415,12491867,10454,7596724,2259,4466038,702,429105,7540,664646,0.082691,5653,6153448,0.765575,8322,6818094,0.848267,8037679
4,2021-07-30,15704,12507571,12076,7608800,2860,4468898,768,429873,8540,667259,0.083016,6800,6160248,0.766421,9413,6827507,0.849438,8037679
4,2021-07-31,9671,12517242,7573,7616373,1704,4470602,394,430267,5482,669182,0.083256,3994,6164242,0.766918,5917,6833424,0.850174,8037679
4,2021-08-01,5398,12522640,4466,7620839,771,4471373,161,430428,3189,670462,0.083415,2104,6166346,0.76718,3384,6836808,0.850595,8037679
4,2021-08-02,13940,12536580,11172,7632011,2057,4473430,711,431139,8151,673812,0.083832,5581,6171927,0.767874,8931,6845739,0.851706,8037679
4,2021-08-03,14588,12551168,11231,7643242,2602,4476032,755,431894,8390,677060,0.084236,5973,6177900,0.768617,9221,6854960,0.852853,8037679
4,2021-08-04,13230,12564398,10339,7653581,2230,4478262,661,432555,7500,679744,0.08457,5520,6183420,0.769304,8204,6863164,0.853874,8037679
4,2021-08-05,14192,12578590,11222,7664803,2213,4480475,757,433312,7966,682540,0.084918,5977,6189397,0.770048,8773,6871937,0.854965,8037679
4,2021-08-06,16993,12595583,13095,7677898,3058,4483533,840,434152,9495,685761,0.085318,7183,6196580,0.770941,10404,6882341,0.85626,8037679
4,2021-08-07,10091,12605674,8042,7685940,1626,4485159,423,434575,5508,687325,0.085513,4408,6200988,0.77149,5972,6888313,0.857003,8037679
4,2021-08-08,5179,12610853,3947,7689887,1042,4486201,190,434765,2985,688453,0.085653,2074,6203062,0.771748,3202,6891515,0.857401,8037679
4,2021-08-09,11853,12622706,9229,7699116,1923,4488124,701,435466,6284,690128,0.085862,5377,6208439,0.772417,7052,6898567,0.858278,8037679
4,2021-08-10,7204,12629910,5547,7704663,1033,4489157,624,436090,3644,690979,0.085967,3485,6211924,0.77285,4336,6902903,0.858818,8037679
