vemquartile,administered_date,total_doses,cumulative_total_doses,pfizer_doses,cumulative_pfizer_doses,moderna_doses,cumulative_moderna_doses,jj_doses,cumulative_jj_doses,partially_vaccinated,total_partially_vaccinated,pct_age12pop_partially_vaccinated,fully_vaccinated,cumulative_fully_vaccinated,pct_age12pop_fully_vaccinated,at_least_one_dose,cumulative_at_least_one_dose,pct_age12pop_at_least_one_dose,age12_population
1,2020-12-15,154,154,154,154,0,0,0,0,154,154,1.8e-05,0,0,0.0,154,154,1.8e-05,8700223
1,2020-12-16,1227,1381,1227,1381,0,0,0,0,1227,1381,0.000159,0,0,0.0,1227,1381,0.000159,8700223
1,2020-12-17,4180,5561,4180,5561,0,0,0,0,4181,5562,0.000639,0,0,0.0,4181,5562,0.000639,8700223
1,2020-12-18,6376,11937,6354,11915,22,22,0,0,6378,11939,0.001372,1,1,0.0,6378,11940,0.001372,8700223
1,2020-12-19,2875,14812,2872,14787,3,25,0,0,2874,14812,0.001702,1,2,0.0,2874,14814,0.001703,8700223
1,2020-12-20,2124,16936,2116,16903,8,33,0,0,2125,16937,0.001947,0,2,0.0,2125,16939,0.001947,8700223
1,2020-12-21,7645,24581,7624,24527,21,54,0,0,7694,24631,0.002831,1,3,0.0,7695,24634,0.002831,8700223
1,2020-12-22,7308,31889,6966,31493,342,396,0,0,7309,31938,0.003671,2,5,1e-06,7309,31943,0.003672,8700223
1,2020-12-23,7831,39720,6574,38067,1257,1653,0,0,7826,39763,0.00457,2,7,1e-06,7827,39770,0.004571,8700223
1,2020-12-24,3299,43019,2361,40428,938,2591,0,0,3301,43064,0.00495,0,7,1e-06,3301,43071,0.004951,8700223
1,2020-12-25,237,43256,153,40581,84,2675,0,0,237,43301,0.004977,0,7,1e-06,237,43308,0.004978,8700223
1,2020-12-26,1362,44618,970,41551,392,3067,0,0,1361,44661,0.005133,1,8,1e-06,1361,44669,0.005134,8700223
1,2020-12-27,871,45489,539,42090,332,3399,0,0,871,45531,0.005233,1,9,1e-06,871,45540,0.005234,8700223
1,2020-12-28,7095,52584,4755,46845,2340,5739,0,0,7093,52624,0.006049,0,9,1e-06,7093,52633,0.00605,8700223
1,2020-12-29,8907,61491,4980,51825,3927,9666,0,0,8903,61524,0.007072,3,12,1e-06,8903,61536,0.007073,8700223
1,2020-12-30,11572,73063,6443,58268,5129,14795,0,0,11572,73096,0.008402,0,12,1e-06,11572,73108,0.008403,8700223
1,2020-12-31,5984,79047,1956,60224,4028,18823,0,0,5982,79076,0.009089,3,15,2e-06,5983,79091,0.009091,8700223
1,2021-01-01,598,79645,218,60442,380,19203,0,0,596,79670,0.009157,2,17,2e-06,596,79687,0.009159,8700223
1,2021-01-02,2913,82558,1765,62207,1148,20351,0,0,2913,82583,0.009492,0,17,2e-06,2913,82600,0.009494,8700223
1,2021-01-03,1040,83598,551,62758,489,20840,0,0,1038,83618,0.009611,3,20,2e-06,1038,83638,0.009613,8700223
1,2021-01-04,7375,90973,3584,66342,3791,24631,0,0,7379,90996,0.010459,1,21,2e-06,7379,91017,0.010461,8700223
1,2021-01-05,10866,101839,5250,71592,5616,30247,0,0,10071,100312,0.01153,777,798,9.2e-05,10093,101110,0.011622,8700223
1,2021-01-06,14081,115920,7067,78659,7014,37261,0,0,12158,110596,0.012712,1887,2685,0.000309,12171,113281,0.01302,8700223
1,2021-01-07,17524,133444,9165,87824,8359,45620,0,0,13008,119189,0.0137,4425,7110,0.000817,13018,126299,0.014517,8700223
1,2021-01-08,20179,153623,10481,98305,9698,55318,0,0,14235,127505,0.014655,5928,13038,0.001499,14244,140543,0.016154,8700223
1,2021-01-09,6684,160307,3396,101701,3288,58606,0,0,4832,130491,0.014999,1849,14887,0.001711,4835,145378,0.01671,8700223
1,2021-01-10,3093,163400,1763,103464,1330,59936,0,0,1908,131219,0.015082,1181,16068,0.001847,1909,147287,0.016929,8700223
1,2021-01-11,18074,181474,11845,115309,6229,66165,0,0,11531,136260,0.015662,6533,22601,0.002598,11574,158861,0.018259,8700223
1,2021-01-12,19113,200587,10953,126262,8160,74325,0,0,13125,143465,0.01649,5961,28562,0.003283,13166,172027,0.019773,8700223
1,2021-01-13,19841,220428,10737,136999,9104,83429,0,0,14688,153038,0.01759,5133,33695,0.003873,14706,186733,0.021463,8700223
1,2021-01-14,22033,242461,9453,146452,12580,96009,0,0,19281,169679,0.019503,2698,36393,0.004183,19339,206072,0.023686,8700223
1,2021-01-15,25183,267644,9246,155698,15937,111946,0,0,23237,191070,0.021962,1907,38300,0.004402,23298,229370,0.026364,8700223
1,2021-01-16,13876,281520,4532,160230,9344,121290,0,0,13006,203212,0.023357,867,39167,0.004502,13009,242379,0.027859,8700223
1,2021-01-17,5220,286740,2036,162266,3184,124474,0,0,4852,207699,0.023873,368,39535,0.004544,4855,247234,0.028417,8700223
1,2021-01-18,14337,301077,8608,170874,5729,130203,0,0,11155,215740,0.024797,3169,42704,0.004908,11210,258444,0.029705,8700223
1,2021-01-19,24690,325767,12762,183636,11928,142131,0,0,19533,230188,0.026458,5139,47843,0.005499,19587,278031,0.031957,8700223
1,2021-01-20,29440,355207,14720,198356,14720,156851,0,0,23519,247902,0.028494,5844,53687,0.006171,23558,301589,0.034665,8700223
1,2021-01-21,31220,386427,14649,213005,16571,173422,0,0,27948,272739,0.031349,3206,56893,0.006539,28043,329632,0.037888,8700223
1,2021-01-22,28387,414814,11278,224283,17109,190531,0,0,26318,297087,0.034147,2003,58896,0.006769,26351,355983,0.040917,8700223
1,2021-01-23,18734,433548,8197,232480,10537,201068,0,0,16773,311938,0.035854,1932,60828,0.006992,16783,372766,0.042846,8700223
1,2021-01-24,6688,440236,4162,236642,2526,203594,0,0,6029,317319,0.036473,654,61482,0.007067,6035,378801,0.043539,8700223
1,2021-01-25,25442,465678,10490,247132,14952,218546,0,0,19654,331338,0.038084,5741,67223,0.007727,19760,398561,0.04581,8700223
1,2021-01-26,28829,494507,13485,260617,15344,233890,0,0,22135,346860,0.039868,6634,73857,0.008489,22156,420717,0.048357,8700223
1,2021-01-27,32674,527181,15553,276170,17121,251011,0,0,24551,363388,0.041768,8056,81913,0.009415,24584,445301,0.051183,8700223
1,2021-01-28,35000,562181,16408,292578,18592,269603,0,0,28037,384597,0.044205,6894,88807,0.010207,28103,473404,0.054413,8700223
1,2021-01-29,33681,595862,16448,309026,17233,286836,0,0,27100,405300,0.046585,6436,95243,0.010947,27139,500543,0.057532,8700223
1,2021-01-30,20206,616068,8739,317765,11467,298303,0,0,18071,421277,0.048421,2105,97348,0.011189,18082,518625,0.059611,8700223
1,2021-01-31,7649,623717,4973,322738,2676,300979,0,0,6937,427508,0.049138,709,98057,0.011271,6940,525565,0.060408,8700223
1,2021-02-01,29008,652725,12532,335270,16476,317455,0,0,21176,440907,0.050678,7782,105839,0.012165,21181,546746,0.062843,8700223
1,2021-02-02,32752,685477,11825,347095,20927,338382,0,0,24484,457243,0.052555,8185,114024,0.013106,24521,571267,0.065661,8700223
1,2021-02-03,39687,725164,15263,362358,24424,362806,0,0,28582,474922,0.054587,10940,124964,0.014363,28619,599886,0.068951,8700223
1,2021-02-04,44027,769191,17134,379492,26893,389699,0,0,31752,494570,0.056846,12152,137116,0.01576,31800,631686,0.072606,8700223
1,2021-02-05,46792,815983,17168,396660,29624,419323,0,0,30664,509310,0.05854,15977,153093,0.017596,30717,662403,0.076136,8700223
1,2021-02-06,26547,842530,10490,407150,16057,435380,0,0,20635,524096,0.060239,5865,158958,0.018271,20651,683054,0.07851,8700223
1,2021-02-07,6266,848796,4031,411181,2235,437615,0,0,4622,527111,0.060586,1625,160583,0.018457,4640,687694,0.079043,8700223
1,2021-02-08,31616,880412,14436,425617,17180,454795,0,0,21066,537818,0.061817,10455,171038,0.019659,21162,708856,0.081476,8700223
1,2021-02-09,38475,918887,16877,442494,21598,476393,0,0,23685,546880,0.062858,14701,185739,0.021349,23763,732619,0.084207,8700223
1,2021-02-10,47239,966126,22146,464640,25093,501486,0,0,26851,553546,0.063624,20264,206003,0.023678,26930,759549,0.087302,8700223
1,2021-02-11,51792,1017918,25429,490069,26363,527849,0,0,30923,564021,0.064828,20552,226555,0.02604,31027,790576,0.090868,8700223
1,2021-02-12,50010,1067928,21519,511588,28491,556340,0,0,28690,571687,0.065709,21163,247718,0.028473,28829,819405,0.094182,8700223
1,2021-02-13,26382,1094310,11533,523121,14849,571189,0,0,15260,575972,0.066202,11051,258769,0.029743,15336,834741,0.095945,8700223
1,2021-02-14,11787,1106097,5562,528683,6225,577414,0,0,6705,577691,0.0664,5051,263820,0.030323,6770,841511,0.096723,8700223
1,2021-02-15,23897,1129994,9385,538068,14512,591926,0,0,14543,583115,0.067023,9234,273054,0.031385,14658,856169,0.098408,8700223
1,2021-02-16,47154,1177148,22514,560582,24640,616566,0,0,27524,591204,0.067953,19547,292601,0.033631,27636,883805,0.101584,8700223
1,2021-02-17,48508,1225656,24572,585154,23936,640502,0,0,26120,595237,0.068416,22235,314836,0.036187,26268,910073,0.104603,8700223
1,2021-02-18,51153,1276809,25592,610746,25561,666063,0,0,26502,597561,0.068683,24409,339245,0.038993,26733,936806,0.107676,8700223
1,2021-02-19,46606,1323415,25283,636029,21323,687386,0,0,26095,603364,0.06935,20355,359600,0.041332,26158,962964,0.110683,8700223
1,2021-02-20,27639,1351054,16840,652869,10799,698185,0,0,15773,607409,0.069815,11805,371405,0.042689,15850,978814,0.112504,8700223
1,2021-02-21,12337,1363391,10621,663490,1716,699901,0,0,7426,610033,0.070117,4851,376256,0.043247,7475,986289,0.113364,8700223
1,2021-02-22,31564,1394955,20788,684278,10776,710677,0,0,18155,614974,0.070685,13315,389571,0.044777,18256,1004545,0.115462,8700223
1,2021-02-23,45691,1440646,22129,706407,23562,734239,0,0,25071,620078,0.071272,20329,409900,0.047114,25433,1029978,0.118385,8700223
1,2021-02-24,55757,1496403,26927,733334,28830,763069,0,0,30664,626308,0.071988,24886,434786,0.049974,31116,1061094,0.121962,8700223
1,2021-02-25,68373,1564776,33204,766538,35169,798238,0,0,42257,643117,0.07392,25948,460734,0.052957,42757,1103851,0.126876,8700223
1,2021-02-26,76338,1641114,35789,802327,40549,838787,0,0,49870,667234,0.076692,26228,486962,0.055971,50345,1154196,0.132663,8700223
1,2021-02-27,52582,1693696,24154,826481,28419,867206,9,9,34483,684038,0.078623,17954,504916,0.058035,34758,1188954,0.136658,8700223
1,2021-02-28,20130,1713826,11946,838427,8182,875388,2,11,14754,693644,0.079727,5290,510206,0.058643,14896,1203850,0.13837,8700223
1,2021-03-01,45620,1759446,21112,859539,24463,899851,45,56,29285,707053,0.081268,16159,526365,0.0605,29568,1233418,0.141769,8700223
1,2021-03-02,63585,1823031,27559,887098,36017,935868,9,65,40539,725351,0.083372,22867,549232,0.063128,41165,1274583,0.1465,8700223
1,2021-03-03,70415,1893446,33728,920826,36661,972529,26,91,43089,741894,0.085273,27165,576397,0.066251,43708,1318291,0.151524,8700223
1,2021-03-04,78648,1972094,37155,957981,41457,1013986,36,127,50744,765470,0.087983,27715,604112,0.069436,51291,1369582,0.157419,8700223
1,2021-03-05,77946,2050040,35347,993328,42392,1056378,207,334,52212,793026,0.09115,25488,629600,0.072366,53044,1422626,0.163516,8700223
1,2021-03-06,57483,2107523,27488,1020816,28643,1085021,1352,1686,39101,815537,0.093737,18302,647902,0.07447,40813,1463439,0.168207,8700223
1,2021-03-07,20932,2128455,13025,1033841,6717,1091738,1190,2876,15496,827066,0.095063,5410,653312,0.075091,16939,1480378,0.170154,8700223
1,2021-03-08,45965,2174420,22474,1056315,21535,1113273,1956,4832,32204,847906,0.097458,13656,666968,0.076661,34496,1514874,0.174119,8700223
1,2021-03-09,66652,2241072,32243,1088558,31906,1145179,2503,7335,40991,866230,0.099564,25507,692475,0.079593,43831,1558705,0.179157,8700223
1,2021-03-10,73629,2314701,36675,1125233,32469,1177648,4485,11820,45309,888178,0.102087,28212,720687,0.082835,50160,1608865,0.184922,8700223
1,2021-03-11,90095,2404796,41401,1166634,40687,1218335,8007,19827,52445,911662,0.104786,37418,758105,0.087136,60902,1669767,0.191922,8700223
1,2021-03-12,98831,2503627,43565,1210199,42858,1261193,12408,32235,57745,941391,0.108203,40875,798980,0.091834,70604,1740371,0.200038,8700223
1,2021-03-13,65283,2568910,29531,1239730,28080,1289273,7672,39907,41646,967524,0.111207,23504,822484,0.094536,49637,1790008,0.205743,8700223
1,2021-03-14,27886,2596796,14912,1254642,9404,1298677,3570,43477,15618,974705,0.112032,12196,834680,0.095938,19377,1809385,0.20797,8700223
1,2021-03-15,65232,2662028,28769,1283411,29714,1328391,6749,50226,38354,993507,0.114193,26657,861337,0.099002,45459,1854844,0.213195,8700223
1,2021-03-16,85774,2747802,39106,1322517,41026,1369417,5642,55868,53173,1020310,0.117274,32373,893710,0.102723,59176,1914020,0.219997,8700223
1,2021-03-17,92963,2840765,45336,1367853,41086,1410503,6541,62409,59744,1053966,0.121142,32988,926698,0.106514,66644,1980664,0.227657,8700223
1,2021-03-18,98737,2939502,50902,1418755,42117,1452620,5718,68127,59707,1081205,0.124273,38673,965371,0.110959,65912,2046576,0.235233,8700223
1,2021-03-19,103617,3043119,53662,1472417,43654,1496274,6301,74428,60569,1105840,0.127105,42753,1008124,0.115873,67388,2113964,0.242978,8700223
1,2021-03-20,72489,3115608,37279,1509696,29996,1526270,5214,79642,46503,1132041,0.130116,25797,1033921,0.118838,51998,2165962,0.248955,8700223
1,2021-03-21,27238,3142846,19021,1528717,6409,1532679,1808,81450,16961,1140719,0.131114,10182,1044103,0.120009,18860,2184822,0.251123,8700223
1,2021-03-22,59191,3202037,30580,1559297,25324,1558003,3287,84737,39895,1165207,0.133928,19069,1063172,0.122201,43557,2228379,0.256129,8700223
1,2021-03-23,83064,3285101,42284,1601581,37161,1595164,3619,88356,51124,1188715,0.13663,31692,1094864,0.125843,55200,2283579,0.262474,8700223
1,2021-03-24,87908,3373009,44507,1646088,39059,1634223,4342,92698,52532,1210671,0.139154,35086,1129950,0.129876,57042,2340621,0.26903,8700223
1,2021-03-25,96726,3469735,49470,1695558,41433,1675656,5823,98521,53680,1227669,0.141108,42713,1172663,0.134785,59711,2400332,0.275893,8700223
1,2021-03-26,104442,3574177,50949,1746507,47179,1722835,6314,104835,55898,1241998,0.142755,48176,1220839,0.140323,62505,2462837,0.283077,8700223
1,2021-03-27,73970,3648147,38230,1784737,31527,1754362,4213,109048,37956,1248583,0.143512,35784,1256623,0.144436,42369,2505206,0.287947,8700223
1,2021-03-28,32685,3680832,21402,1806139,10066,1764428,1217,110265,16367,1250409,0.143721,16207,1272830,0.146299,18033,2523239,0.29002,8700223
1,2021-03-29,67175,3748007,33370,1839509,30645,1795073,3160,113425,36959,1260730,0.144908,30002,1302832,0.149747,40323,2563562,0.294655,8700223
1,2021-03-30,92008,3840015,45331,1884840,40305,1835378,6372,119797,47218,1269821,0.145953,44580,1347412,0.154871,53671,2617233,0.300824,8700223
1,2021-03-31,100855,3940870,52666,1937506,41994,1877372,6195,125992,55292,1286129,0.147827,45241,1392653,0.160071,61549,2678782,0.307898,8700223
1,2021-04-01,111960,4052830,53591,1991097,49580,1926952,8789,134781,57018,1297476,0.149131,54505,1447158,0.166336,65852,2744634,0.315467,8700223
1,2021-04-02,111292,4164122,50927,2042024,50664,1977616,9701,144482,56408,1309331,0.150494,54455,1501613,0.172595,66310,2810944,0.323089,8700223
1,2021-04-03,78045,4242167,39302,2081326,29105,2006721,9638,154120,36502,1314172,0.15105,41357,1542970,0.177348,46198,2857142,0.328399,8700223
1,2021-04-04,23776,4265943,11830,2093156,8478,2015199,3468,157588,9948,1313816,0.151009,13762,1556732,0.17893,13406,2870548,0.32994,8700223
1,2021-04-05,76363,4342306,36667,2129823,30377,2045576,9319,166907,34225,1315586,0.151213,41931,1598663,0.18375,43701,2914249,0.334963,8700223
1,2021-04-06,103658,4445964,49251,2179074,37816,2083392,16591,183498,46762,1322371,0.151993,56597,1655260,0.190255,63382,2977631,0.342248,8700223
1,2021-04-07,111866,4557830,54387,2233461,39930,2123322,17549,201047,50377,1329136,0.15277,61183,1716443,0.197287,67948,3045579,0.350058,8700223
1,2021-04-08,122396,4680226,57986,2291447,43431,2166753,20979,222026,54074,1336347,0.153599,67902,1784345,0.205092,75113,3120692,0.358691,8700223
1,2021-04-09,123662,4803888,56480,2347927,46359,2213112,20823,242849,54253,1342410,0.154296,69057,1853402,0.213029,75120,3195812,0.367325,8700223
1,2021-04-10,95750,4899638,42542,2390469,30500,2243612,22708,265557,37398,1344341,0.154518,58138,1911540,0.219712,60069,3255881,0.37423,8700223
1,2021-04-11,36564,4936202,20357,2410826,9419,2253031,6788,272345,14820,1344369,0.154521,21681,1933221,0.222204,21709,3277590,0.376725,8700223
1,2021-04-12,74376,5010578,33253,2444079,31135,2284166,9988,282333,31499,1343419,0.154412,42584,1975805,0.227098,41634,3319224,0.38151,8700223
1,2021-04-13,97324,5107902,52122,2496201,44863,2329029,339,282672,52495,1352067,0.155406,44532,2020337,0.232217,53180,3372404,0.387623,8700223
1,2021-04-14,105014,5212916,54439,2550640,50502,2379531,73,282745,53457,1354788,0.155719,51181,2071518,0.238099,53902,3426306,0.393818,8700223
1,2021-04-15,106067,5318983,57660,2608300,48318,2427849,89,282834,56558,1362689,0.156627,48921,2120439,0.243722,56822,3483128,0.400349,8700223
1,2021-04-16,110810,5429793,56824,2665124,53898,2481747,88,282922,55441,1363567,0.156728,54835,2175274,0.250025,55713,3538841,0.406753,8700223
1,2021-04-17,83432,5513225,45306,2710430,38115,2519862,11,282933,46716,1373979,0.157925,36477,2211751,0.254218,46889,3585730,0.412142,8700223
1,2021-04-18,30267,5543492,20443,2730873,9817,2529679,7,282940,15277,1374563,0.157992,14902,2226653,0.255931,15486,3601216,0.413922,8700223
1,2021-04-19,67208,5610700,34054,2764927,33142,2562821,12,282952,30507,1368867,0.157337,36343,2262996,0.260108,30647,3631863,0.417445,8700223
1,2021-04-20,88639,5699339,44687,2809614,43930,2606751,22,282974,41775,1364357,0.156819,46511,2309507,0.265454,42001,3673864,0.422272,8700223
1,2021-04-21,97778,5797117,51023,2860637,46654,2653405,101,283075,43940,1355361,0.155785,53271,2362778,0.271577,44275,3718139,0.427361,8700223
1,2021-04-22,97512,5894629,50960,2911597,46535,2699940,17,283092,44862,1348324,0.154976,52134,2414912,0.277569,45097,3763236,0.432545,8700223
1,2021-04-23,102445,5997074,52943,2964540,49475,2749415,27,283119,49134,1344918,0.154584,52794,2467706,0.283637,49388,3812624,0.438221,8700223
1,2021-04-24,76341,6073415,47346,3011886,28968,2778383,27,283146,43246,1355492,0.1558,32953,2500659,0.287425,43527,3856151,0.443224,8700223
1,2021-04-25,27315,6100730,17416,3029302,9885,2788268,14,283160,15649,1359746,0.156289,11549,2512208,0.288752,15803,3871954,0.445041,8700223
1,2021-04-26,66328,6167058,34789,3064091,31138,2819406,401,283561,31768,1358002,0.156088,34251,2546459,0.292689,32507,3904461,0.448777,8700223
1,2021-04-27,81670,6248728,43443,3107534,36923,2856329,1304,284865,35736,1349745,0.155139,45638,2592097,0.297935,37381,3941842,0.453074,8700223
1,2021-04-28,81385,6330113,43296,3150830,36589,2892918,1500,286365,35961,1342365,0.154291,45072,2637169,0.303115,37692,3979534,0.457406,8700223
1,2021-04-29,84547,6414660,46503,3197333,36426,2929344,1618,287983,34864,1329693,0.152834,49318,2686487,0.308784,36646,4016180,0.461618,8700223
1,2021-04-30,92244,6506904,50039,3247372,40335,2969679,1870,289853,38949,1317730,0.151459,52951,2739438,0.31487,40988,4057168,0.466329,8700223
1,2021-05-01,62728,6569632,40495,3287867,20815,2990494,1418,291271,26489,1309868,0.150556,35985,2775423,0.319006,28123,4085291,0.469562,8700223
1,2021-05-02,23340,6592972,16513,3304380,6248,2996742,579,291850,9447,1306136,0.150127,13785,2789208,0.32059,10053,4095344,0.470717,8700223
1,2021-05-03,56014,6648986,31047,3335427,23132,3019874,1835,293685,20711,1293678,0.148695,35059,2824267,0.32462,22601,4117945,0.473315,8700223
1,2021-05-04,75299,6724285,43336,3378763,29876,3049750,2087,295772,27372,1275597,0.146617,47625,2871892,0.330094,29544,4147489,0.476711,8700223
1,2021-05-05,77647,6801932,45008,3423771,30354,3080104,2285,298057,26514,1253688,0.144098,50791,2922683,0.335932,28882,4176371,0.48003,8700223
1,2021-05-06,78941,6880873,47849,3471620,28928,3109032,2164,300221,24792,1227027,0.141034,53771,2976454,0.342112,27110,4203481,0.483146,8700223
1,2021-05-07,82703,6963576,47028,3518648,33487,3142519,2188,302409,27807,1202629,0.13823,54458,3030912,0.348372,30060,4233541,0.486601,8700223
1,2021-05-08,56768,7020344,35613,3554261,19524,3162043,1631,304040,19424,1186763,0.136406,37013,3067925,0.352626,21147,4254688,0.489032,8700223
1,2021-05-09,18206,7038550,13068,3567329,4659,3166702,479,304519,5562,1180272,0.13566,12566,3080491,0.35407,6075,4260763,0.48973,8700223
1,2021-05-10,43825,7082375,22095,3589424,19925,3186627,1805,306324,14827,1168265,0.13428,28731,3109222,0.357373,16724,4277487,0.491653,8700223
1,2021-05-11,61847,7144222,33497,3622921,26201,3212828,2149,308473,20484,1149918,0.132171,41098,3150320,0.362096,22751,4300238,0.494268,8700223
1,2021-05-12,62376,7206598,33165,3656086,27158,3239986,2053,310526,20473,1130928,0.129988,41584,3191904,0.366876,22594,4322832,0.496865,8700223
1,2021-05-13,66372,7272970,38902,3694988,25482,3265468,1988,312514,25260,1117722,0.128471,40731,3232635,0.371558,27525,4350357,0.500028,8700223
1,2021-05-14,75945,7348915,45796,3740784,27761,3293229,2388,314902,30707,1106255,0.127152,44839,3277474,0.376711,33372,4383729,0.503864,8700223
1,2021-05-15,66096,7415011,43330,3784114,21014,3314243,1752,316654,26294,1094866,0.125843,39501,3316975,0.381252,28112,4411841,0.507095,8700223
1,2021-05-16,24931,7439942,18366,3802480,5945,3320188,620,317274,10184,1091083,0.125409,14634,3331609,0.382934,10851,4422692,0.508342,8700223
1,2021-05-17,54001,7493943,33017,3835497,19218,3339406,1766,319040,22908,1084982,0.124707,30833,3362442,0.386478,24732,4447424,0.511185,8700223
1,2021-05-18,64821,7558764,39064,3874561,23929,3363335,1828,320868,28116,1078578,0.123971,36432,3398874,0.390665,30028,4477452,0.514636,8700223
1,2021-05-19,66197,7624961,40307,3914868,23967,3387302,1923,322791,29568,1073807,0.123423,36345,3435219,0.394843,31574,4509026,0.518266,8700223
1,2021-05-20,64403,7689364,37339,3952207,24858,3412160,2206,324997,26495,1065150,0.122428,37562,3472781,0.39916,28905,4537931,0.521588,8700223
1,2021-05-21,69814,7759178,41748,3993955,26224,3438384,1842,326839,28821,1055323,0.121298,40586,3513367,0.403825,30759,4568690,0.525123,8700223
1,2021-05-22,55846,7815024,36701,4030656,17426,3455810,1719,328558,24318,1050192,0.120709,31265,3544632,0.407419,26134,4594824,0.528127,8700223
1,2021-05-23,20480,7835504,14313,4044969,5581,3461391,586,329144,9497,1049419,0.12062,10879,3555511,0.408669,10106,4604930,0.529289,8700223
1,2021-05-24,43693,7879197,24358,4069327,17502,3478893,1833,330977,17693,1043274,0.119913,25752,3581263,0.411629,19607,4624537,0.531542,8700223
1,2021-05-25,50772,7929969,29222,4098549,19859,3498752,1691,332668,21078,1036730,0.119161,29413,3610676,0.41501,22869,4647406,0.534171,8700223
1,2021-05-26,48392,7978361,27434,4125983,19070,3517822,1888,334556,20502,1031577,0.118569,27591,3638267,0.418181,22438,4669844,0.53675,8700223
1,2021-05-27,46956,8025317,26349,4152332,18701,3536523,1906,336462,20161,1027251,0.118072,26510,3664777,0.421228,22184,4692028,0.5393,8700223
1,2021-05-28,52281,8077598,29141,4181473,21317,3557840,1823,338285,23388,1024021,0.117701,28567,3693344,0.424511,25337,4717365,0.542212,8700223
1,2021-05-29,30629,8108227,18553,4200026,11115,3568955,961,339246,14630,1023823,0.117678,15843,3709187,0.426332,15645,4733010,0.54401,8700223
1,2021-05-30,11670,8119897,7526,4207552,3589,3572544,555,339801,5531,1023866,0.117683,6067,3715254,0.42703,6110,4739120,0.544712,8700223
1,2021-05-31,5722,8125619,3254,4210806,2214,3574758,254,340055,1997,1022461,0.117521,3669,3718923,0.427451,2264,4741384,0.544973,8700223
1,2021-06-01,45794,8171413,25890,4236696,18337,3593095,1567,341622,17374,1013379,0.116477,28096,3747019,0.430681,19014,4760398,0.547158,8700223
1,2021-06-02,39935,8211348,23160,4259856,15267,3608362,1508,343130,16118,1007551,0.115807,23523,3770542,0.433385,17695,4778093,0.549192,8700223
1,2021-06-03,41292,8252640,25863,4285719,13744,3622106,1685,344815,15802,999926,0.114931,25186,3795728,0.436279,17561,4795654,0.55121,8700223
1,2021-06-04,50116,8302756,32050,4317769,16258,3638364,1808,346623,17963,987979,0.113558,31797,3827525,0.439934,19850,4815504,0.553492,8700223
1,2021-06-05,40286,8343042,27492,4345261,10796,3649160,1998,348621,14227,978414,0.112458,25843,3853368,0.442905,16278,4831782,0.555363,8700223
1,2021-06-06,13200,8356242,10559,4355820,2128,3651288,513,349134,4593,975057,0.112073,8523,3861891,0.443884,5166,4836948,0.555957,8700223
1,2021-06-07,33970,8390212,23415,4379235,9209,3660497,1346,350480,12109,966913,0.111137,21651,3883542,0.446373,13507,4850455,0.557509,8700223
1,2021-06-08,42221,8432433,29228,4408463,11343,3671840,1650,352130,14740,956186,0.109904,27208,3910750,0.4495,16481,4866936,0.559404,8700223
1,2021-06-09,42159,8474592,29250,4437713,11264,3683104,1645,353775,13767,943571,0.108454,28085,3938835,0.452728,15470,4882406,0.561182,8700223
1,2021-06-10,39076,8513668,26312,4464025,11064,3694168,1700,355475,13366,933282,0.107271,25459,3964294,0.455654,15170,4897576,0.562925,8700223
1,2021-06-11,43967,8557635,29181,4493206,13104,3707272,1682,357157,15692,922762,0.106062,27972,3992266,0.458869,17452,4915028,0.564931,8700223
1,2021-06-12,33709,8591344,24392,4517598,8118,3715390,1199,358356,11112,912764,0.104913,22379,4014645,0.461442,12381,4927409,0.566354,8700223
1,2021-06-13,11620,8602964,8439,4526037,2701,3718091,480,358836,3383,908492,0.104422,8168,4022813,0.46238,3896,4931305,0.566802,8700223
1,2021-06-14,30915,8633879,20820,4546857,8793,3726884,1302,360138,11593,902291,0.103709,19127,4041940,0.464579,12926,4944231,0.568288,8700223
1,2021-06-15,37209,8671088,24405,4571262,10953,3737837,1851,361989,13795,894885,0.102858,23146,4065086,0.467239,15740,4959971,0.570097,8700223
1,2021-06-16,35400,8706488,23897,4595159,9671,3747508,1832,363821,13271,888180,0.102087,21867,4086953,0.469753,15162,4975133,0.57184,8700223
1,2021-06-17,33544,8740032,22185,4617344,9415,3756923,1944,365765,13104,883123,0.101506,20202,4107155,0.472075,15145,4990278,0.57358,8700223
1,2021-06-18,39569,8779601,25695,4643039,11018,3767941,2856,368621,15412,877573,0.100868,23876,4131031,0.474819,18326,5008604,0.575687,8700223
1,2021-06-19,23922,8803523,16597,4659636,6124,3774065,1201,369822,9795,874640,0.100531,13959,4144990,0.476423,11026,5019630,0.576954,8700223
1,2021-06-20,8150,8811673,5968,4665604,1906,3775971,276,370098,3240,873321,0.100379,4846,4149836,0.47698,3527,5023157,0.57736,8700223
1,2021-06-21,20942,8832615,11855,4677459,6907,3782878,2180,372278,10925,876575,0.100753,9902,4159738,0.478119,13156,5036313,0.578872,8700223
1,2021-06-22,30769,8863384,20087,4697546,8543,3791421,2139,374417,12922,874066,0.100465,17635,4177373,0.480146,15126,5051439,0.58061,8700223
1,2021-06-23,29339,8892723,19692,4717238,7830,3799251,1817,376234,12821,872419,0.100275,16305,4193678,0.48202,14658,5066097,0.582295,8700223
1,2021-06-24,28339,8921062,18893,4736131,7786,3807037,1660,377894,12053,870121,0.100011,16079,4209757,0.483868,13781,5079878,0.583879,8700223
1,2021-06-25,31648,8952710,21463,4757594,8791,3815828,1394,379288,13940,868042,0.099772,17467,4227224,0.485875,15388,5095266,0.585648,8700223
1,2021-06-26,22193,8974903,16465,4774059,4904,3820732,824,380112,9688,866218,0.099563,12386,4239610,0.487299,10562,5105828,0.586862,8700223
1,2021-06-27,9140,8984043,6797,4780856,1911,3822643,432,380544,4054,865699,0.099503,5021,4244631,0.487876,4502,5110330,0.587379,8700223
1,2021-06-28,21066,9005109,15642,4796498,4174,3826817,1250,381794,9752,865627,0.099495,11126,4255757,0.489155,11054,5121384,0.58865,8700223
1,2021-06-29,26520,9031629,18151,4814649,7002,3833819,1367,383161,11682,864074,0.099316,14662,4270419,0.49084,13109,5134493,0.590156,8700223
1,2021-06-30,25739,9057368,17832,4832481,6860,3840679,1047,384208,12206,864082,0.099317,13320,4283739,0.492371,13328,5147821,0.591688,8700223
1,2021-07-01,23545,9080913,16403,4848884,5882,3846561,1260,385468,10911,863845,0.09929,12489,4296228,0.493807,12252,5160073,0.593097,8700223
1,2021-07-02,26281,9107194,18051,4866935,7201,3853762,1029,386497,12295,863457,0.099245,13796,4310024,0.495392,13408,5173481,0.594638,8700223
1,2021-07-03,14557,9121751,10176,4877111,3942,3857704,439,386936,6912,863326,0.09923,7516,4317540,0.496256,7385,5180866,0.595487,8700223
1,2021-07-04,1264,9123015,709,4877820,490,3858194,65,387001,608,863359,0.099234,647,4318187,0.496331,680,5181546,0.595565,8700223
1,2021-07-05,10996,9134011,7578,4885398,3055,3861249,363,387364,5218,863275,0.099224,5710,4323897,0.496987,5626,5187172,0.596211,8700223
1,2021-07-06,27025,9161036,19096,4904494,6799,3868048,1130,388494,10778,859222,0.098759,16063,4339960,0.498833,12010,5199182,0.597592,8700223
1,2021-07-07,23505,9184541,16479,4920973,5913,3873961,1113,389607,10112,857325,0.098541,13209,4353169,0.500351,11312,5210494,0.598892,8700223
1,2021-07-08,22593,9207134,15590,4936563,5929,3879890,1074,390681,9756,855543,0.098336,12703,4365872,0.501812,10921,5221415,0.600147,8700223
1,2021-07-09,26685,9233819,18886,4955449,6650,3886540,1149,391830,12043,854329,0.098196,14469,4380341,0.503475,13255,5234670,0.601671,8700223
1,2021-07-10,17629,9251448,12734,4968183,4138,3890678,757,392587,7844,853319,0.09808,9660,4390001,0.504585,8650,5243320,0.602665,8700223
1,2021-07-11,6737,9258185,4920,4973103,1616,3892294,201,392788,3251,853353,0.098084,3436,4393437,0.50498,3470,5246790,0.603064,8700223
1,2021-07-12,19979,9278164,14339,4987442,4768,3897062,872,393660,8842,852158,0.097947,11005,4404442,0.506245,9810,5256600,0.604191,8700223
1,2021-07-13,21992,9300156,15373,5002815,5835,3902897,784,394444,10289,851755,0.0979,11564,4416006,0.507574,11161,5267761,0.605474,8700223
1,2021-07-14,21957,9322113,15065,5017880,5931,3908828,961,395405,9869,850771,0.097787,11929,4427935,0.508945,10945,5278706,0.606732,8700223
1,2021-07-15,21366,9343479,15211,5033091,5435,3914263,720,396125,10270,850908,0.097803,10957,4438892,0.510204,11094,5289800,0.608007,8700223
1,2021-07-16,26251,9369730,18361,5051452,6918,3921181,972,397097,12926,851730,0.097897,13164,4452056,0.511717,13986,5303786,0.609615,8700223
1,2021-07-17,17987,9387717,12925,5064377,4367,3925548,695,397792,8807,852204,0.097952,9062,4461118,0.512759,9536,5313322,0.610711,8700223
1,2021-07-18,7094,9394811,5286,5069663,1549,3927097,259,398051,3650,852744,0.098014,3386,4464504,0.513148,3926,5317248,0.611162,8700223
1,2021-07-19,20532,9415343,14874,5084537,4852,3931949,806,398857,10299,853842,0.09814,10106,4474610,0.51431,11204,5328452,0.61245,8700223
1,2021-07-20,24166,9439509,16736,5101273,6599,3938548,831,399688,12415,855612,0.098344,11569,4486179,0.51564,13339,5341791,0.613983,8700223
1,2021-07-21,24228,9463737,17044,5118317,6018,3944566,1166,400854,12412,857619,0.098574,11673,4497852,0.516981,13680,5355471,0.615556,8700223
1,2021-07-22,23184,9486921,16411,5134728,5996,3950562,777,401631,12668,860799,0.09894,10343,4508195,0.51817,13523,5368994,0.61711,8700223
1,2021-07-23,26620,9513541,18818,5153546,6896,3957458,906,402537,14796,864914,0.099413,11650,4519845,0.519509,15765,5384759,0.618922,8700223
1,2021-07-24,11222,9524763,7836,5161382,2984,3960442,402,402939,6741,867654,0.099728,4418,4524263,0.520017,7158,5391917,0.619745,8700223
2,2020-12-15,247,247,247,247,0,0,0,0,247,247,2.9e-05,0,0,0.0,247,247,2.9e-05,8407551
2,2020-12-16,2121,2368,2121,2368,0,0,0,0,2120,2367,0.000282,0,0,0.0,2120,2367,0.000282,8407551
2,2020-12-17,6931,9299,6931,9299,0,0,0,0,6932,9299,0.001106,0,0,0.0,6932,9299,0.001106,8407551
2,2020-12-18,11099,20398,11079,20378,20,20,0,0,11099,20398,0.002426,0,0,0.0,11099,20398,0.002426,8407551
2,2020-12-19,5634,26032,5628,26006,6,26,0,0,5635,26033,0.003096,0,0,0.0,5635,26033,0.003096,8407551
2,2020-12-20,4261,30293,4250,30256,11,37,0,0,4256,30288,0.003602,1,1,0.0,4256,30289,0.003603,8407551
2,2020-12-21,12803,43096,12775,43031,28,65,0,0,12758,43046,0.00512,0,1,0.0,12758,43047,0.00512,8407551
2,2020-12-22,12162,55258,11643,54674,519,584,0,0,12160,55206,0.006566,0,1,0.0,12160,55207,0.006566,8407551
2,2020-12-23,11730,66988,9506,64180,2224,2808,0,0,11732,66938,0.007962,1,2,0.0,11733,66940,0.007962,8407551
2,2020-12-24,5908,72896,3494,67674,2414,5222,0,0,5904,72841,0.008664,3,5,1e-06,5906,72846,0.008664,8407551
2,2020-12-25,486,73382,407,68081,79,5301,0,0,488,73329,0.008722,0,5,1e-06,488,73334,0.008722,8407551
2,2020-12-26,2558,75940,1662,69743,896,6197,0,0,2559,75887,0.009026,1,6,1e-06,2559,75893,0.009027,8407551
2,2020-12-27,2231,78171,1212,70955,1019,7216,0,0,2228,78113,0.009291,2,8,1e-06,2228,78121,0.009292,8407551
2,2020-12-28,11029,89200,7170,78125,3859,11075,0,0,11028,89139,0.010602,2,10,1e-06,11028,89149,0.010603,8407551
2,2020-12-29,12731,101931,7158,85283,5573,16648,0,0,12735,101874,0.012117,0,10,1e-06,12735,101884,0.012118,8407551
2,2020-12-30,15457,117388,8673,93956,6784,23432,0,0,15451,117322,0.013954,5,15,2e-06,15453,117337,0.013956,8407551
2,2020-12-31,7584,124972,2831,96787,4753,28185,0,0,7577,124894,0.014855,5,20,2e-06,7577,124914,0.014857,8407551
2,2021-01-01,1235,126207,613,97400,622,28807,0,0,1234,126124,0.015001,4,24,3e-06,1234,126148,0.015004,8407551
2,2021-01-02,4855,131062,2768,100168,2087,30894,0,0,4852,130974,0.015578,2,26,3e-06,4852,131000,0.015581,8407551
2,2021-01-03,1412,132474,795,100963,617,31511,0,0,1404,132374,0.015745,4,30,4e-06,1404,132404,0.015748,8407551
2,2021-01-04,11695,144169,5563,106526,6132,37643,0,0,11685,144056,0.017134,3,33,4e-06,11685,144089,0.017138,8407551
2,2021-01-05,13894,158063,6951,113477,6943,44586,0,0,12671,155548,0.018501,1214,1247,0.000148,12706,156795,0.018649,8407551
2,2021-01-06,19039,177102,10499,123976,8540,53126,0,0,15208,166995,0.019863,3772,5019,0.000597,15219,172014,0.020459,8407551
2,2021-01-07,23303,200405,13149,137125,10154,63280,0,0,15603,174911,0.020804,7703,12722,0.001513,15619,187633,0.022317,8407551
2,2021-01-08,26925,227330,16258,153383,10667,73947,0,0,16593,181253,0.021558,10275,22997,0.002735,16617,204250,0.024294,8407551
2,2021-01-09,9872,237202,5779,159162,4093,78040,0,0,6282,183961,0.02188,3581,26578,0.003161,6289,210539,0.025042,8407551
2,2021-01-10,5315,242517,2973,162135,2342,80382,0,0,3045,184742,0.021973,2270,28848,0.003431,3051,213590,0.025405,8407551
2,2021-01-11,26061,268578,18030,180165,8031,88413,0,0,14943,188621,0.022435,11114,39962,0.004753,14993,228583,0.027188,8407551
2,2021-01-12,26378,294956,16383,196548,9995,98408,0,0,16767,195860,0.023296,9613,49575,0.005896,16852,245435,0.029192,8407551
2,2021-01-13,28587,323543,15161,211709,13426,111834,0,0,20574,208468,0.024795,7995,57570,0.006847,20603,266038,0.031643,8407551
2,2021-01-14,30594,354137,11658,223367,18936,130770,0,0,26293,230530,0.027419,4306,61876,0.00736,26368,292406,0.034779,8407551
2,2021-01-15,35097,389234,12691,236058,22406,153176,0,0,31802,259135,0.030822,3288,65164,0.007751,31893,324299,0.038572,8407551
2,2021-01-16,18116,407350,5991,242049,12125,165301,0,0,16780,274576,0.032658,1351,66515,0.007911,16792,341091,0.04057,8407551
2,2021-01-17,10543,417893,3551,245600,6992,172293,0,0,9810,283648,0.033737,747,67262,0.008,9819,350910,0.041737,8407551
2,2021-01-18,19760,437653,11040,256640,8720,181013,0,0,14944,293819,0.034947,4834,72096,0.008575,15005,365915,0.043522,8407551
2,2021-01-19,32612,470265,16942,273582,15670,196683,0,0,24574,310472,0.036928,8035,80131,0.009531,24688,390603,0.046459,8407551
2,2021-01-20,37629,507894,18980,292562,18649,215332,0,0,29004,330974,0.039366,8593,88724,0.010553,29095,419698,0.049919,8407551
2,2021-01-21,41015,548909,17426,309988,23589,238921,0,0,36501,363170,0.043196,4481,93205,0.011086,36677,456375,0.054282,8407551
2,2021-01-22,39631,588540,16563,326551,23068,261989,0,0,36275,396097,0.047112,3375,96580,0.011487,36302,492677,0.058599,8407551
2,2021-01-23,24138,612678,10788,337339,13350,275339,0,0,21160,414330,0.049281,2957,99537,0.011839,21190,513867,0.06112,8407551
2,2021-01-24,12439,625117,6099,343438,6340,281679,0,0,11520,424960,0.050545,903,100440,0.011946,11533,525400,0.062491,8407551
2,2021-01-25,33913,659030,15614,359052,18299,299978,0,0,25068,441373,0.052497,8794,109234,0.012992,25207,550607,0.06549,8407551
2,2021-01-26,40399,699429,19788,378840,20611,320589,0,0,31161,463406,0.055118,9213,118447,0.014088,31246,581853,0.069206,8407551
2,2021-01-27,45653,745082,22660,401500,22993,343582,0,0,35310,488562,0.05811,10215,128662,0.015303,35371,617224,0.073413,8407551
2,2021-01-28,47925,793007,22400,423900,25525,369107,0,0,39165,519108,0.061743,8693,137355,0.016337,39239,656463,0.07808,8407551
2,2021-01-29,45595,838602,22009,445909,23586,392693,0,0,36829,547361,0.065104,8641,145996,0.017365,36894,693357,0.082468,8407551
2,2021-01-30,31289,869891,13345,459254,17944,410637,0,0,27883,571907,0.068023,3368,149364,0.017765,27914,721271,0.085788,8407551
2,2021-01-31,17129,887020,10178,469432,6951,417588,0,0,15918,586657,0.069777,1190,150554,0.017907,15940,737211,0.087684,8407551
2,2021-02-01,41092,928112,19703,489135,21389,438977,0,0,29940,605542,0.072024,11095,161649,0.019227,29980,767191,0.09125,8407551
2,2021-02-02,47898,976010,19462,508597,28436,467413,0,0,36352,630526,0.074995,11463,173112,0.02059,36447,803638,0.095585,8407551
2,2021-02-03,54036,1030046,23811,532408,30225,497638,0,0,39775,656238,0.078053,14158,187270,0.022274,39870,843508,0.100327,8407551
2,2021-02-04,56185,1086231,24128,556536,32057,529695,0,0,40937,682135,0.081134,15139,202409,0.024075,41036,884544,0.105208,8407551
2,2021-02-05,60081,1146312,26214,582750,33867,563562,0,0,40528,703502,0.083675,19346,221755,0.026376,40713,925257,0.110051,8407551
2,2021-02-06,39333,1185645,18350,601100,20983,584545,0,0,31346,727030,0.086473,7912,229667,0.027317,31440,956697,0.11379,8407551
2,2021-02-07,15718,1201363,10438,611538,5280,589825,0,0,11941,735292,0.087456,3748,233415,0.027763,12010,968707,0.115219,8407551
2,2021-02-08,42990,1244353,21806,633344,21184,611009,0,0,29401,751458,0.089379,13443,246858,0.029361,29609,998316,0.11874,8407551
2,2021-02-09,49517,1293870,23349,656693,26168,637177,0,0,30587,763753,0.090841,18636,265494,0.031578,30931,1029247,0.122419,8407551
2,2021-02-10,59572,1353442,27865,684558,31707,668884,0,0,34350,773521,0.092003,24936,290430,0.034544,34704,1063951,0.126547,8407551
2,2021-02-11,64260,1417702,29515,714073,34745,703629,0,0,35779,781679,0.092973,28120,318550,0.037889,36278,1100229,0.130862,8407551
2,2021-02-12,65574,1483276,28174,742247,37400,741029,0,0,34808,786690,0.093569,30455,349005,0.041511,35466,1135695,0.13508,8407551
2,2021-02-13,38125,1521401,15910,758157,22215,763244,0,0,22004,793051,0.094326,16021,365026,0.043416,22382,1158077,0.137742,8407551
2,2021-02-14,20124,1541525,9344,767501,10780,774024,0,0,11184,795709,0.094642,8890,373916,0.044474,11548,1169625,0.139116,8407551
2,2021-02-15,33232,1574757,14964,782465,18268,792292,0,0,18422,800315,0.09519,14672,388588,0.046219,19278,1188903,0.141409,8407551
2,2021-02-16,56498,1631255,27703,810168,28795,821087,0,0,29759,804123,0.095643,26621,415209,0.049385,30429,1219332,0.145028,8407551
2,2021-02-17,61821,1693076,31810,841978,30011,851098,0,0,30704,804634,0.095704,31018,446227,0.053075,31529,1250861,0.148778,8407551
2,2021-02-18,66452,1759528,33490,875468,32962,884060,0,0,32353,804299,0.095664,33837,480064,0.057099,33502,1284363,0.152763,8407551
2,2021-02-19,59806,1819334,33119,908587,26687,910747,0,0,29676,804648,0.095705,29933,509997,0.060659,30282,1314645,0.156365,8407551
2,2021-02-20,37800,1857134,24534,933121,13266,924013,0,0,20539,808709,0.096188,17156,527153,0.0627,21217,1335862,0.158888,8407551
2,2021-02-21,21704,1878838,17561,950682,4143,928156,0,0,10768,809431,0.096274,10847,538000,0.06399,11569,1347431,0.160264,8407551
2,2021-02-22,39401,1918239,26920,977602,12481,940637,0,0,18650,808160,0.096123,20597,558597,0.06644,19326,1366757,0.162563,8407551
2,2021-02-23,53748,1971987,27407,1005009,26341,966978,0,0,23561,803689,0.095591,29925,588522,0.069999,25454,1392211,0.165591,8407551
2,2021-02-24,71079,2043066,36609,1041618,34470,1001448,0,0,32585,800365,0.095196,38280,626802,0.074552,34956,1427167,0.169748,8407551
2,2021-02-25,77106,2120172,36434,1078052,40672,1042120,0,0,39144,804639,0.095704,37685,664487,0.079035,41959,1469126,0.174739,8407551
2,2021-02-26,85659,2205831,36699,1114751,48960,1091080,0,0,46018,813527,0.096761,39327,703814,0.083712,48215,1517341,0.180474,8407551
2,2021-02-27,62676,2268507,29172,1143923,33497,1124577,7,7,33944,820324,0.09757,28491,732305,0.087101,35288,1552629,0.184671,8407551
2,2021-02-28,30886,2299393,18516,1162439,12369,1136946,1,8,17955,826313,0.098282,12802,745107,0.088624,18791,1571420,0.186906,8407551
2,2021-03-01,58122,2357515,30308,1192747,27768,1164714,46,54,31744,833236,0.099106,26062,771169,0.091723,32985,1604405,0.190829,8407551
2,2021-03-02,69344,2426859,33253,1226000,36080,1200794,11,65,38863,844144,0.100403,30301,801470,0.095327,41209,1645614,0.19573,8407551
2,2021-03-03,80047,2506906,38727,1264727,41305,1242099,15,80,45390,857687,0.102014,34443,835913,0.099424,47986,1693600,0.201438,8407551
2,2021-03-04,88114,2595020,43260,1307987,44823,1286922,31,111,50910,874051,0.10396,36956,872869,0.10382,53320,1746920,0.20778,8407551
2,2021-03-05,82196,2677216,38658,1346645,43230,1330152,308,419,50232,895244,0.106481,31733,904602,0.107594,52926,1799846,0.214075,8407551
2,2021-03-06,62978,2740194,30803,1377448,30476,1360628,1699,2118,38740,913014,0.108595,24103,928705,0.110461,41873,1841719,0.219055,8407551
2,2021-03-07,28608,2768802,16249,1393697,10816,1371444,1543,3661,18141,923413,0.109831,10395,939100,0.111697,20794,1862513,0.221529,8407551
2,2021-03-08,50792,2819594,23302,1416999,24927,1396371,2563,6224,31924,940780,0.111897,18761,957861,0.113929,36128,1898641,0.225826,8407551
2,2021-03-09,70644,2890238,32170,1449169,34630,1431001,3844,10068,39098,953657,0.113429,31403,989264,0.117664,44280,1942921,0.231092,8407551
2,2021-03-10,78499,2968737,37135,1486304,34823,1465824,6541,16609,41676,966593,0.114967,36597,1025861,0.122017,49533,1992454,0.236984,8407551
2,2021-03-11,93309,3062046,43049,1529353,41888,1507712,8372,24981,48675,980725,0.116648,44312,1070173,0.127287,58444,2050898,0.243935,8407551
2,2021-03-12,94163,3156209,38719,1568072,43475,1551187,11969,36950,46851,993901,0.118215,47051,1117224,0.132883,60227,2111125,0.251099,8407551
2,2021-03-13,69283,3225492,28998,1597070,32297,1583484,7988,44938,38061,1010159,0.120149,31081,1148305,0.13658,47339,2158464,0.256729,8407551
2,2021-03-14,37044,3262536,18312,1615382,14207,1597691,4525,49463,18581,1015655,0.120803,18357,1166662,0.138764,23853,2182317,0.259566,8407551
2,2021-03-15,67487,3330023,30445,1645827,32027,1629718,5015,54478,37178,1028856,0.122373,30084,1196746,0.142342,43285,2225602,0.264715,8407551
2,2021-03-16,86405,3416428,38243,1684070,44136,1673854,4026,58504,52227,1052270,0.125158,33970,1230716,0.146382,57384,2282986,0.27154,8407551
2,2021-03-17,92952,3509380,44531,1728601,44234,1718088,4187,62691,58888,1082393,0.128741,33783,1264499,0.1504,63906,2346892,0.279141,8407551
2,2021-03-18,98256,3607636,46858,1775459,46801,1764889,4597,67288,59650,1108924,0.131896,38280,1302779,0.154953,64811,2411703,0.28685,8407551
2,2021-03-19,97595,3705231,46182,1821641,45285,1810174,6128,73416,57705,1133702,0.134843,39575,1342354,0.159661,64353,2476056,0.294504,8407551
2,2021-03-20,70025,3775256,33944,1855585,32113,1842287,3968,77384,45697,1159642,0.137929,24089,1366443,0.162526,50029,2526085,0.300454,8407551
2,2021-03-21,33449,3808705,21606,1877191,9845,1852132,1998,79382,19962,1168693,0.139005,13339,1379782,0.164112,22390,2548475,0.303117,8407551
2,2021-03-22,62932,3871637,34633,1911824,25665,1877797,2634,82016,41709,1192951,0.14189,20982,1400764,0.166608,45240,2593715,0.308498,8407551
2,2021-03-23,83755,3955392,44500,1956324,36339,1914136,2916,84932,52194,1217626,0.144825,31273,1432037,0.170327,55948,2649663,0.315153,8407551
2,2021-03-24,91650,4047042,49237,2005561,39244,1953380,3169,88101,53639,1237581,0.147199,37668,1469705,0.174808,57623,2707286,0.322006,8407551
2,2021-03-25,101264,4148306,51098,2056659,46266,1999646,3900,92001,57171,1255689,0.149353,43719,1513424,0.180008,61827,2769113,0.32936,8407551
2,2021-03-26,103379,4251685,51270,2107929,48615,2048261,3494,95495,56329,1269911,0.151044,46648,1560072,0.185556,60870,2829983,0.3366,8407551
2,2021-03-27,75612,4327297,37730,2145659,34585,2082846,3297,98792,37775,1274265,0.151562,37576,1597648,0.190025,41930,2871913,0.341587,8407551
2,2021-03-28,37702,4364999,23285,2168944,13606,2096452,811,99603,20078,1278512,0.152067,17492,1615140,0.192106,21739,2893652,0.344173,8407551
2,2021-03-29,71332,4436331,36252,2205196,32804,2129256,2276,101879,40475,1291523,0.153615,30639,1645779,0.19575,43650,2937302,0.349365,8407551
2,2021-03-30,91919,4528250,45019,2250215,42523,2171779,4377,106256,51586,1307971,0.155571,40118,1685897,0.200522,56566,2993868,0.356093,8407551
2,2021-03-31,101195,4629445,52137,2302352,43951,2215730,5107,111363,57395,1327335,0.157874,43483,1729380,0.205694,62847,3056715,0.363568,8407551
2,2021-04-01,117600,4747045,56817,2359169,51537,2267267,9246,120609,64031,1347863,0.160316,53156,1782536,0.212016,73684,3130399,0.372332,8407551
2,2021-04-02,111668,4858713,51437,2410606,50034,2317301,10197,130806,59916,1367085,0.162602,51357,1833893,0.218125,70579,3200978,0.380727,8407551
2,2021-04-03,76848,4935561,37743,2448349,29279,2346580,9826,140632,38057,1376772,0.163754,38578,1872471,0.222713,48265,3249243,0.386467,8407551
2,2021-04-04,29011,4964572,14925,2463274,10227,2356807,3859,144491,13017,1377791,0.163875,15885,1888356,0.224602,16904,3266147,0.388478,8407551
2,2021-04-05,79163,5043735,38795,2502069,31529,2388336,8839,153330,38178,1384753,0.164703,40798,1929154,0.229455,47760,3313907,0.394158,8407551
2,2021-04-06,103923,5147658,50600,2552669,38606,2426942,14717,168047,49180,1394590,0.165874,54454,1983608,0.235932,64291,3378198,0.401805,8407551
2,2021-04-07,110519,5258177,55127,2607796,39134,2466076,16258,184305,51973,1404842,0.167093,58244,2041852,0.242859,68496,3446694,0.409952,8407551
2,2021-04-08,119362,5377539,57450,2665246,43180,2509256,18732,203037,55347,1415848,0.168402,63640,2105492,0.250429,74646,3521340,0.418831,8407551
2,2021-04-09,118898,5496437,57244,2722490,43528,2552784,18126,221163,56218,1428727,0.169934,62300,2167792,0.257839,75179,3596519,0.427772,8407551
2,2021-04-10,87617,5584054,37790,2760280,31404,2584188,18423,239586,36072,1432620,0.170397,51278,2219070,0.263938,55171,3651690,0.434335,8407551
2,2021-04-11,44492,5628546,23083,2783363,12938,2597126,8471,248057,18219,1433900,0.170549,26132,2245202,0.267046,27412,3679102,0.437595,8407551
2,2021-04-12,80029,5708575,37278,2820641,33343,2630469,9408,257465,35614,1435775,0.170772,44138,2289340,0.272296,46013,3725115,0.443068,8407551
2,2021-04-13,101891,5810466,52860,2873501,48770,2679239,261,257726,55812,1446937,0.1721,45805,2335145,0.277744,56967,3782082,0.449843,8407551
2,2021-04-14,106871,5917337,55974,2929475,50844,2730083,53,257779,54642,1451149,0.172601,51918,2387063,0.283919,56130,3838212,0.45652,8407551
2,2021-04-15,113384,6030721,60232,2989707,53066,2783149,86,257865,59273,1457865,0.173399,53711,2440774,0.290307,60427,3898639,0.463707,8407551
2,2021-04-16,110908,6141629,57482,3047189,53372,2836521,54,257919,56343,1460900,0.17376,54213,2494987,0.296755,57248,3955887,0.470516,8407551
2,2021-04-17,83633,6225262,42548,3089737,41070,2877591,15,257934,46828,1472054,0.175087,36554,2531541,0.301103,47708,4003595,0.47619,8407551
2,2021-04-18,35677,6260939,21652,3111389,14018,2891609,7,257941,17028,1471554,0.175028,18517,2550058,0.303306,18017,4021612,0.478333,8407551
2,2021-04-19,74992,6335931,40374,3151763,34601,2926210,17,257958,34235,1465945,0.174361,40482,2590540,0.308121,34873,4056485,0.482481,8407551
2,2021-04-20,97834,6433765,49602,3201365,48206,2974416,26,257984,47591,1464412,0.174178,49893,2640433,0.314055,48360,4104845,0.488233,8407551
2,2021-04-21,103792,6537557,56185,3257550,47549,3021965,58,258042,49130,1460372,0.173698,54200,2694633,0.320502,50160,4155005,0.494199,8407551
2,2021-04-22,108308,6645865,56020,3313570,52264,3074229,24,258066,47504,1448415,0.172275,60379,2755012,0.327683,48422,4203427,0.499959,8407551
2,2021-04-23,107931,6753796,57413,3370983,50500,3124729,18,258084,50038,1441921,0.171503,57470,2812482,0.334519,50976,4254403,0.506022,8407551
2,2021-04-24,80946,6834742,47657,3418640,33249,3157978,40,258124,42241,1446774,0.17208,38358,2850840,0.339081,43211,4297614,0.511161,8407551
2,2021-04-25,36558,6871300,22512,3441152,14031,3172009,15,258139,19919,1450684,0.172545,16490,2867330,0.341042,20400,4318014,0.513588,8407551
2,2021-04-26,74281,6945581,41138,3482290,32835,3204844,308,258447,34275,1446985,0.172105,39729,2907059,0.345768,36030,4354044,0.517873,8407551
2,2021-04-27,88353,7033934,46615,3528905,40373,3245217,1365,259812,38007,1437640,0.170994,49957,2957016,0.35171,40612,4394656,0.522703,8407551
2,2021-04-28,88196,7122130,47130,3576035,39197,3284414,1869,261681,39002,1430573,0.170153,48850,3005866,0.35752,41783,4436439,0.527673,8407551
2,2021-04-29,90903,7213033,49493,3625528,39700,3324114,1710,263391,35342,1413054,0.16807,55172,3061038,0.364082,37653,4474092,0.532152,8407551
2,2021-04-30,94814,7307847,52443,3677971,40373,3364487,1998,265389,36959,1395287,0.165956,57381,3118419,0.370907,39614,4513706,0.536863,8407551
2,2021-05-01,62243,7370090,37946,3715917,22719,3387206,1578,266967,24285,1384363,0.164657,37640,3156059,0.375384,26716,4540422,0.540041,8407551
2,2021-05-02,29124,7399214,20242,3736159,7908,3395114,974,267941,11072,1378581,0.163969,17917,3173976,0.377515,12135,4552557,0.541484,8407551
2,2021-05-03,60449,7459663,35877,3772036,22518,3417632,2054,269995,20356,1361436,0.16193,39822,3213798,0.382251,22677,4575234,0.544182,8407551
2,2021-05-04,79593,7539256,47501,3819537,29718,3447350,2374,272369,25927,1336810,0.159001,53323,3267121,0.388594,28697,4603931,0.547595,8407551
2,2021-05-05,80135,7619391,47715,3867252,30074,3477424,2346,274715,25122,1310017,0.155814,54625,3321746,0.395091,27832,4631763,0.550905,8407551
2,2021-05-06,82425,7701816,49960,3917212,29554,3506978,2911,277626,25200,1282020,0.152484,56746,3378492,0.40184,28749,4660512,0.554325,8407551
2,2021-05-07,83361,7785177,48096,3965308,32840,3539818,2425,280051,25662,1253250,0.149062,57314,3435806,0.408657,28544,4689056,0.55772,8407551
2,2021-05-08,55242,7840419,33454,3998762,20076,3559894,1712,281763,17340,1235365,0.146935,37667,3473473,0.413137,19782,4708838,0.560072,8407551
2,2021-05-09,21753,7862172,15699,4014461,5306,3565200,748,282511,6342,1227353,0.145982,15332,3488805,0.414961,7320,4716158,0.560943,8407551
2,2021-05-10,49917,7912089,27140,4041601,20909,3586109,1868,284379,14091,1208341,0.143721,35580,3524385,0.419193,16568,4732726,0.562914,8407551
2,2021-05-11,65638,7977727,35428,4077029,28101,3614210,2109,286488,19815,1185426,0.140995,45529,3569914,0.424608,22614,4755340,0.565603,8407551
2,2021-05-12,64808,8042535,34544,4111573,28049,3642259,2215,288703,19096,1161721,0.138176,45403,3615317,0.430008,21698,4777038,0.568184,8407551
2,2021-05-13,70521,8113056,40961,4152534,27618,3669877,1942,290645,25828,1145815,0.136284,44410,3659727,0.43529,28504,4805542,0.571575,8407551
2,2021-05-14,79402,8192458,47565,4200099,29581,3699458,2256,292901,30497,1130672,0.134483,48540,3708267,0.441064,33397,4838939,0.575547,8407551
2,2021-05-15,65969,8258427,43316,4243415,20942,3720400,1711,294612,25524,1118094,0.132987,40204,3748471,0.445846,27626,4866565,0.578833,8407551
2,2021-05-16,31500,8289927,23551,4266966,7025,3727425,924,295536,12805,1113385,0.132427,18566,3767037,0.448054,13857,4880422,0.580481,8407551
2,2021-05-17,57834,8347761,36643,4303609,19257,3746682,1934,297470,22780,1103638,0.131267,34822,3801859,0.452196,25075,4905497,0.583463,8407551
2,2021-05-18,69970,8417731,40952,4344561,27055,3773737,1963,299433,27810,1092060,0.12989,41891,3843750,0.457178,30313,4935810,0.587069,8407551
2,2021-05-19,68690,8486421,40629,4385190,26051,3799788,2010,301443,27178,1080509,0.128516,41205,3884955,0.462079,29654,4965464,0.590596,8407551
2,2021-05-20,69345,8555766,40204,4425394,26954,3826742,2187,303630,26353,1066976,0.126907,42662,3927617,0.467154,29129,4994593,0.59406,8407551
2,2021-05-21,72736,8628502,42915,4468309,27670,3854412,2151,305781,27576,1052452,0.125179,44804,3972421,0.472483,30280,5024873,0.597662,8407551
2,2021-05-22,53343,8681845,33796,4502105,17773,3872185,1774,307555,22276,1046203,0.124436,30837,4003258,0.47615,24588,5049461,0.600586,8407551
2,2021-05-23,24409,8706254,16655,4518760,7028,3879213,726,308281,10274,1043335,0.124095,14007,4017265,0.477816,11139,5060600,0.601911,8407551
2,2021-05-24,44743,8750997,25409,4544169,17566,3896779,1768,310049,17177,1035272,0.123136,27348,4044613,0.481069,19285,5079885,0.604205,8407551
2,2021-05-25,50659,8801656,29649,4573818,19148,3915927,1862,311911,19260,1025837,0.122014,31097,4075710,0.484768,21662,5101547,0.606782,8407551
2,2021-05-26,48611,8850267,27227,4601045,19698,3935625,1686,313597,18989,1017560,0.121029,29292,4105002,0.488252,21015,5122562,0.609281,8407551
2,2021-05-27,46501,8896768,26344,4627389,18418,3954043,1739,315336,18574,1010689,0.120212,27686,4132688,0.491545,20815,5143377,0.611757,8407551
2,2021-05-28,49901,8946669,27541,4654930,20386,3974429,1974,317310,20947,1005339,0.119576,28698,4161386,0.494958,23348,5166725,0.614534,8407551
2,2021-05-29,28939,8975608,17349,4672279,10536,3984965,1054,318364,13256,1004286,0.11945,15533,4176919,0.496806,14480,5181205,0.616256,8407551
2,2021-05-30,12634,8988242,8136,4680415,3735,3988700,763,319127,5529,1003590,0.119368,7054,4183973,0.497645,6358,5187563,0.617012,8407551
2,2021-05-31,5870,8994112,3425,4683840,2141,3990841,304,319431,1821,1001773,0.119152,3991,4187964,0.498119,2174,5189737,0.617271,8407551
2,2021-06-01,44679,9038791,25667,4709507,17352,4008193,1660,321091,15585,990595,0.117822,28798,4216762,0.501545,17620,5207357,0.619367,8407551
2,2021-06-02,38139,9076930,22451,4731958,14284,4022477,1404,322495,14951,984314,0.117075,22931,4239693,0.504272,16650,5224007,0.621347,8407551
2,2021-06-03,41306,9118236,26600,4758558,13241,4035718,1465,323960,13925,972941,0.115722,27144,4266837,0.507501,15771,5239778,0.623223,8407551
2,2021-06-04,47913,9166149,31301,4789859,15075,4050793,1537,325497,15506,958396,0.113992,32112,4298949,0.51132,17567,5257345,0.625312,8407551
2,2021-06-05,37764,9203913,26946,4816805,9357,4060150,1461,326958,11839,946414,0.112567,25700,4324649,0.514377,13718,5271063,0.626944,8407551
2,2021-06-06,14880,9218793,12209,4829014,2092,4062242,579,327537,4694,941754,0.112013,10122,4334771,0.515581,5462,5276525,0.627594,8407551
2,2021-06-07,33217,9252010,23246,4852260,8700,4070942,1271,328808,10802,931803,0.110829,22271,4357042,0.51823,12320,5288845,0.629059,8407551
2,2021-06-08,40553,9292563,28708,4880968,10474,4081416,1371,330179,12468,918170,0.109208,27845,4384887,0.521542,14212,5303057,0.630749,8407551
2,2021-06-09,38047,9330610,26568,4907536,9987,4091403,1492,331671,11531,905194,0.107664,26322,4411209,0.524672,13346,5316403,0.632337,8407551
2,2021-06-10,37683,9368293,26206,4933742,9952,4101355,1525,333196,11580,892867,0.106198,25902,4437111,0.527753,13575,5329978,0.633951,8407551
2,2021-06-11,41178,9409471,27336,4961078,12177,4113532,1665,334861,13209,880331,0.104707,27705,4464816,0.531048,15169,5345147,0.635756,8407551
2,2021-06-12,29338,9438809,21585,4982663,6840,4120372,913,335774,8669,869603,0.103431,20532,4485348,0.53349,9804,5354951,0.636922,8407551
2,2021-06-13,12206,9451015,8913,4991576,2676,4123048,617,336391,3102,864446,0.102818,9043,4494391,0.534566,3886,5358837,0.637384,8407551
2,2021-06-14,29842,9480857,21177,5012753,7472,4130520,1193,337584,10346,856861,0.101916,19331,4513722,0.536865,11746,5370583,0.638781,8407551
2,2021-06-15,35455,9516312,23589,5036342,9821,4140341,2045,339629,11920,847903,0.10085,23299,4537021,0.539636,14341,5384924,0.640487,8407551
2,2021-06-16,32849,9549161,22646,5058988,8414,4148755,1789,341418,11293,839909,0.099899,21388,4558409,0.54218,13394,5398318,0.64208,8407551
2,2021-06-17,30741,9579902,20519,5079507,8426,4157181,1796,343214,10879,833101,0.09909,19688,4578097,0.544522,12880,5411198,0.643612,8407551
2,2021-06-18,34580,9614482,22775,5102282,9934,4167115,1871,345085,12629,826126,0.09826,21732,4599829,0.547107,14757,5425955,0.645367,8407551
2,2021-06-19,20848,9635330,14507,5116789,5082,4172197,1259,346344,7897,822679,0.09785,12790,4612619,0.548628,9343,5435298,0.646478,8407551
2,2021-06-20,8262,9643592,5901,5122690,1897,4174094,464,346808,3058,821105,0.097663,5163,4617782,0.549242,3589,5438887,0.646905,8407551
2,2021-06-21,19264,9662856,11798,5134488,6153,4180247,1313,348121,9851,823154,0.097907,9296,4627078,0.550348,11345,5450232,0.648254,8407551
2,2021-06-22,26766,9689622,18328,5152816,7065,4187312,1373,349494,10490,819179,0.097434,16110,4643188,0.552264,12135,5462367,0.649698,8407551
2,2021-06-23,25826,9715448,17832,5170648,6379,4193691,1615,351109,10533,816468,0.097111,15152,4658340,0.554066,12441,5474808,0.651177,8407551
2,2021-06-24,25218,9740666,17178,5187826,6534,4200225,1506,352615,10433,813995,0.096817,14641,4672981,0.555808,12168,5486976,0.652625,8407551
2,2021-06-25,28614,9769280,19405,5207231,7727,4207952,1482,354097,11960,811168,0.096481,16497,4689478,0.55777,13670,5500646,0.654251,8407551
2,2021-06-26,18454,9787734,13598,5220829,3930,4211882,926,355023,7511,808992,0.096222,10857,4700335,0.559061,8681,5509327,0.655283,8407551
2,2021-06-27,8759,9796493,6686,5227515,1627,4213509,446,355469,3509,807869,0.096089,5202,4705537,0.55968,4079,5513406,0.655768,8407551
2,2021-06-28,19696,9816189,14967,5242482,3491,4217000,1238,356707,8673,807075,0.095994,10894,4716431,0.560976,10100,5523506,0.65697,8407551
2,2021-06-29,22549,9838738,15711,5258193,5768,4222768,1070,357777,9598,805161,0.095766,12818,4729249,0.5625,10904,5534410,0.658267,8407551
2,2021-06-30,21716,9860454,15421,5273614,5273,4228041,1022,358799,9627,804085,0.095638,11953,4741202,0.563922,10877,5545287,0.65956,8407551
2,2021-07-01,19634,9880088,13896,5287510,4870,4232911,868,359667,8724,803083,0.095519,10797,4751999,0.565206,9795,5555082,0.660725,8407551
2,2021-07-02,22607,9902695,15606,5303116,5984,4238895,1017,360684,9979,801804,0.095367,12473,4764472,0.56669,11194,5566276,0.662057,8407551
2,2021-07-03,12421,9915116,8961,5312077,2990,4241885,470,361154,5682,801422,0.095322,6653,4771125,0.567481,6271,5572547,0.662803,8407551
2,2021-07-04,982,9916098,577,5312654,338,4242223,67,361221,419,801378,0.095316,553,4771678,0.567547,509,5573056,0.662863,8407551
2,2021-07-05,10956,9927054,8017,5320671,2532,4244755,407,361628,5025,801062,0.095279,5874,4777552,0.568245,5558,5578614,0.663524,8407551
2,2021-07-06,23439,9950493,17046,5337717,5425,4250180,968,362596,9061,797126,0.094811,14239,4791791,0.569939,10303,5588917,0.66475,8407551
2,2021-07-07,20343,9970836,14519,5352236,4743,4254923,1081,363677,8652,795565,0.094625,11557,4803348,0.571314,9996,5598913,0.665939,8407551
2,2021-07-08,18973,9989809,13225,5365461,4726,4259649,1022,364699,8020,793963,0.094435,10851,4814199,0.572604,9249,5608162,0.667039,8407551
2,2021-07-09,22245,10012054,15407,5380868,5623,4265272,1215,365914,9404,792087,0.094211,12704,4826903,0.574115,10828,5618990,0.668327,8407551
2,2021-07-10,14064,10026118,10369,5391237,3008,4268280,687,366601,6159,791278,0.094115,7811,4834714,0.575044,7002,5625992,0.669159,8407551
2,2021-07-11,6528,10032646,4794,5396031,1384,4269664,350,366951,3078,791367,0.094126,3407,4838121,0.575449,3496,5629488,0.669575,8407551
2,2021-07-12,18025,10050671,13242,5409273,3921,4273585,862,367813,7761,790042,0.093968,10153,4848274,0.576657,8828,5638316,0.670625,8407551
2,2021-07-13,19263,10069934,13595,5422868,4798,4278383,870,368683,8633,789249,0.093874,10491,4858765,0.577905,9698,5648014,0.671779,8407551
2,2021-07-14,18394,10088328,13142,5436010,4477,4282860,775,369458,8209,788371,0.093769,10067,4868832,0.579102,9189,5657203,0.672872,8407551
2,2021-07-15,18562,10106890,13486,5449496,4397,4287257,679,370137,8438,787687,0.093688,10013,4878845,0.580293,9329,5666532,0.673981,8407551
2,2021-07-16,22425,10129315,16163,5465659,5463,4292720,799,370936,10730,787854,0.093708,11567,4890412,0.581669,11734,5678266,0.675377,8407551
2,2021-07-17,13852,10143167,10076,5475735,3279,4295999,497,371433,6698,788115,0.093739,7066,4897478,0.582509,7327,5685593,0.676248,8407551
2,2021-07-18,6698,10149865,5025,5480760,1351,4297350,322,371755,3402,788653,0.093803,3255,4900733,0.582897,3793,5689386,0.6767,8407551
2,2021-07-19,18061,10167926,13469,5494229,3874,4301224,718,372473,8947,789504,0.093904,8998,4909731,0.583967,9849,5699235,0.677871,8407551
2,2021-07-20,20327,10188253,14511,5508740,5009,4306233,807,373280,10310,790944,0.094075,9890,4919621,0.585143,11330,5710565,0.679219,8407551
2,2021-07-21,19593,10207846,14303,5523043,4565,4310798,725,374005,10199,792770,0.094293,9275,4928896,0.586246,11101,5721666,0.680539,8407551
2,2021-07-22,19352,10227198,13889,5536932,4667,4315465,796,374801,10424,795348,0.094599,8795,4937691,0.587292,11373,5733039,0.681892,8407551
2,2021-07-23,22630,10249828,16011,5552943,5770,4321235,849,375650,12418,798734,0.095002,10069,4947760,0.58849,13455,5746494,0.683492,8407551
2,2021-07-24,8616,10258444,6009,5558952,2240,4323475,367,376017,4813,800239,0.095181,3740,4951500,0.588935,5245,5751739,0.684116,8407551
3,2020-12-15,326,326,326,326,0,0,0,0,326,326,4e-05,0,0,0.0,326,326,4e-05,8129050
3,2020-12-16,2467,2793,2467,2793,0,0,0,0,2468,2794,0.000344,0,0,0.0,2468,2794,0.000344,8129050
3,2020-12-17,7855,10648,7855,10648,0,0,0,0,7855,10649,0.00131,0,0,0.0,7855,10649,0.00131,8129050
3,2020-12-18,13428,24076,13410,24058,18,18,0,0,13427,24076,0.002962,0,0,0.0,13427,24076,0.002962,8129050
3,2020-12-19,7258,31334,7245,31303,13,31,0,0,7321,31397,0.003862,0,0,0.0,7321,31397,0.003862,8129050
3,2020-12-20,5660,36994,5651,36954,9,40,0,0,5707,37103,0.004564,1,1,0.0,5707,37104,0.004564,8129050
3,2020-12-21,14392,51386,14366,51320,26,66,0,0,14456,51558,0.006342,1,2,0.0,14456,51560,0.006343,8129050
3,2020-12-22,14831,66217,14248,65568,583,649,0,0,14869,66425,0.008171,2,4,0.0,14869,66429,0.008172,8129050
3,2020-12-23,14833,81050,12231,77799,2602,3251,0,0,14850,81274,0.009998,2,6,1e-06,14851,81280,0.009999,8129050
3,2020-12-24,6783,87833,4866,82665,1917,5168,0,0,6780,88052,0.010832,2,8,1e-06,6780,88060,0.010833,8129050
3,2020-12-25,722,88555,664,83329,58,5226,0,0,720,88772,0.01092,0,8,1e-06,720,88780,0.010921,8129050
3,2020-12-26,4627,93182,3001,86330,1626,6852,0,0,4625,93397,0.011489,0,8,1e-06,4625,93405,0.01149,8129050
3,2020-12-27,2984,96166,1856,88186,1128,7980,0,0,2984,96381,0.011856,0,8,1e-06,2984,96389,0.011857,8129050
3,2020-12-28,13636,109802,8718,96904,4918,12898,0,0,13661,110041,0.013537,1,9,1e-06,13661,110050,0.013538,8129050
3,2020-12-29,15029,124831,8464,105368,6565,19463,0,0,15056,125095,0.015389,2,11,1e-06,15056,125106,0.01539,8129050
3,2020-12-30,18045,142876,10061,115429,7984,27447,0,0,18050,143144,0.017609,2,13,2e-06,18051,143157,0.017611,8129050
3,2020-12-31,8452,151328,3242,118671,5210,32657,0,0,8451,151593,0.018648,2,15,2e-06,8451,151608,0.01865,8129050
3,2021-01-01,1546,152874,734,119405,812,33469,0,0,1543,153135,0.018838,1,16,2e-06,1543,153151,0.01884,8129050
3,2021-01-02,4938,157812,2422,121827,2516,35985,0,0,4938,158073,0.019445,0,16,2e-06,4938,158089,0.019447,8129050
3,2021-01-03,1615,159427,847,122674,768,36753,0,0,1606,159677,0.019643,2,18,2e-06,1606,159695,0.019645,8129050
3,2021-01-04,12042,171469,5975,128649,6067,42820,0,0,12014,171684,0.02112,7,25,3e-06,12014,171709,0.021123,8129050
3,2021-01-05,15731,187200,8147,136796,7584,50404,0,0,14058,184112,0.022649,1658,1683,0.000207,14086,185795,0.022856,8129050
3,2021-01-06,20613,207813,10909,147705,9704,60108,0,0,16064,195682,0.024072,4503,6186,0.000761,16073,201868,0.024833,8129050
3,2021-01-07,26649,234462,15235,162940,11414,71522,0,0,17176,203439,0.025026,9436,15622,0.001922,17193,219061,0.026948,8129050
3,2021-01-08,30659,265121,18735,181675,11924,83446,0,0,18172,209169,0.025731,12465,28087,0.003455,18195,237256,0.029186,8129050
3,2021-01-09,12461,277582,7046,188721,5415,88861,0,0,7928,212580,0.026151,4526,32613,0.004012,7937,245193,0.030163,8129050
3,2021-01-10,7225,284807,4482,193203,2743,91604,0,0,4070,213503,0.026264,3153,35766,0.0044,4076,249269,0.030664,8129050
3,2021-01-11,29127,313934,19064,212267,10063,101667,0,0,16481,217389,0.026742,12639,48405,0.005955,16525,265794,0.032697,8129050
3,2021-01-12,32610,346544,19485,231752,13125,114792,0,0,19963,224873,0.027663,12627,61032,0.007508,20111,285905,0.035171,8129050
3,2021-01-13,34568,381112,18042,249794,16526,131318,0,0,24344,239028,0.029404,10209,71241,0.008764,24364,310269,0.038168,8129050
3,2021-01-14,34746,415858,14214,264008,20532,151850,0,0,28822,262004,0.032231,5884,77125,0.009488,28860,339129,0.041718,8129050
3,2021-01-15,39000,454858,14442,278450,24558,176408,0,0,34320,291732,0.035888,4663,81788,0.010061,34391,373520,0.045949,8129050
3,2021-01-16,21770,476628,7419,285869,14351,190759,0,0,19443,308880,0.037997,2316,84104,0.010346,19464,392984,0.048343,8129050
3,2021-01-17,13150,489778,4459,290328,8691,199450,0,0,12110,319970,0.039361,1039,85143,0.010474,12129,405113,0.049835,8129050
3,2021-01-18,24803,514581,12957,303285,11846,211296,0,0,19190,333602,0.041038,5601,90744,0.011163,19233,424346,0.052201,8129050
3,2021-01-19,41103,555684,20893,324178,20210,231506,0,0,31976,356574,0.043864,9091,99835,0.012281,32063,456409,0.056145,8129050
3,2021-01-20,46219,601903,23028,347206,23191,254697,0,0,36646,383778,0.047211,9526,109361,0.013453,36730,493139,0.060664,8129050
3,2021-01-21,48102,650005,20860,368066,27242,281939,0,0,42584,420988,0.051788,5452,114813,0.014124,42662,535801,0.065912,8129050
3,2021-01-22,49835,699840,19853,387919,29982,311921,0,0,45604,462462,0.05689,4202,119015,0.014641,45676,581477,0.071531,8129050
3,2021-01-23,30361,730201,12796,400715,17565,329486,0,0,27064,486291,0.059821,3289,122304,0.015045,27118,608595,0.074867,8129050
3,2021-01-24,17900,748101,8491,409206,9409,338895,0,0,16715,501855,0.061736,1182,123486,0.015191,16746,625341,0.076927,8129050
3,2021-01-25,40881,788982,18230,427436,22651,361546,0,0,30884,522861,0.06432,9968,133454,0.016417,30974,656315,0.080737,8129050
3,2021-01-26,47386,836368,22636,450072,24750,386296,0,0,37194,549999,0.067658,10158,143612,0.017667,37296,693611,0.085325,8129050
3,2021-01-27,51523,887891,24527,474599,26996,413292,0,0,40842,580313,0.071388,10610,154222,0.018972,40924,734535,0.090359,8129050
3,2021-01-28,51945,939836,24104,498703,27841,441133,0,0,42993,614498,0.075593,8867,163089,0.020062,43052,777587,0.095655,8129050
3,2021-01-29,51059,990895,24503,523206,26556,467689,0,0,41289,646244,0.079498,9592,172681,0.021242,41338,818925,0.100741,8129050
3,2021-01-30,37433,1028328,17791,540997,19642,487331,0,0,32708,674367,0.082958,4670,177351,0.021817,32793,851718,0.104775,8129050
3,2021-01-31,22449,1050777,12754,553751,9695,497026,0,0,21028,694010,0.085374,1406,178757,0.02199,21049,872767,0.107364,8129050
3,2021-02-01,45952,1096729,21002,574753,24950,521976,0,0,35033,718209,0.088351,10866,189623,0.023327,35065,907832,0.111678,8129050
3,2021-02-02,54555,1151284,22762,597515,31793,553769,0,0,42088,747973,0.092012,12374,201997,0.024849,42138,949970,0.116861,8129050
3,2021-02-03,60133,1211417,26687,624202,33446,587215,0,0,44717,777478,0.095642,15284,217281,0.026729,44789,994759,0.122371,8129050
3,2021-02-04,64494,1275911,27919,652121,36575,623790,0,0,47223,807739,0.099365,17076,234357,0.02883,47337,1042096,0.128194,8129050
3,2021-02-05,70457,1346368,29785,681906,40672,664462,0,0,48654,835014,0.10272,21560,255917,0.031482,48835,1090931,0.134202,8129050
3,2021-02-06,43718,1390086,20964,702870,22754,687216,0,0,34058,859640,0.105749,9614,265531,0.032664,34240,1125171,0.138414,8129050
3,2021-02-07,19740,1409826,12548,715418,7192,694408,0,0,15147,870337,0.107065,4574,270105,0.033227,15271,1140442,0.140292,8129050
3,2021-02-08,51621,1461447,24969,740387,26652,721060,0,0,33840,886724,0.109081,17640,287745,0.035397,34027,1174469,0.144478,8129050
3,2021-02-09,58849,1520296,28514,768901,30335,751395,0,0,34408,897314,0.110384,24165,311910,0.03837,34755,1209224,0.148753,8129050
3,2021-02-10,68433,1588729,31848,800749,36585,787980,0,0,36684,903046,0.111089,31451,343361,0.042239,37183,1246407,0.153328,8129050
3,2021-02-11,70834,1659563,34843,835592,35991,823971,0,0,37628,908356,0.111742,32858,376219,0.046281,38168,1284575,0.158023,8129050
3,2021-02-12,75758,1735321,32685,868277,43073,867044,0,0,41755,917187,0.112828,33697,409916,0.050426,42528,1327103,0.163254,8129050
3,2021-02-13,45280,1780601,20516,888793,24764,891808,0,0,26068,924739,0.113757,19098,429014,0.052775,26650,1353753,0.166533,8129050
3,2021-02-14,27435,1808036,13721,902514,13714,905522,0,0,15227,928268,0.114191,12149,441163,0.05427,15678,1369431,0.168461,8129050
3,2021-02-15,40314,1848350,17354,919868,22960,928482,0,0,22264,933533,0.114839,17938,459101,0.056477,23203,1392634,0.171316,8129050
3,2021-02-16,70463,1918813,33350,953218,37113,965595,0,0,36579,937396,0.115314,33744,492845,0.060628,37607,1430241,0.175942,8129050
3,2021-02-17,72296,1991109,36532,989750,35764,1001359,0,0,34236,934882,0.115005,37821,530666,0.06528,35307,1465548,0.180285,8129050
3,2021-02-18,77442,2068551,40443,1030193,36999,1038358,0,0,35799,930580,0.114476,41446,572112,0.070379,37144,1502692,0.184855,8129050
3,2021-02-19,69544,2138095,40096,1070289,29448,1067806,0,0,35085,932066,0.114659,34296,606408,0.074598,35782,1538474,0.189256,8129050
3,2021-02-20,43152,2181247,27264,1097553,15888,1083694,0,0,22515,934570,0.114967,20514,626922,0.077121,23018,1561492,0.192088,8129050
3,2021-02-21,24255,2205502,19499,1117052,4756,1088450,0,0,11820,934439,0.114951,12340,639262,0.078639,12209,1573701,0.19359,8129050
3,2021-02-22,47462,2252964,30911,1147963,16551,1105001,0,0,22181,931969,0.114647,25135,664397,0.081731,22665,1596366,0.196378,8129050
3,2021-02-23,63411,2316375,34444,1182407,28967,1133968,0,0,27614,926007,0.113913,35567,699964,0.086106,29605,1625971,0.20002,8129050
3,2021-02-24,79658,2396033,39129,1221536,40529,1174497,0,0,35172,919470,0.113109,44228,744192,0.091547,37691,1663662,0.204656,8129050
3,2021-02-25,89288,2485321,43478,1265014,45810,1220307,0,0,44418,921927,0.113411,44557,788749,0.097028,47014,1710676,0.21044,8129050
3,2021-02-26,100227,2585548,45876,1310890,54351,1274658,0,0,52893,930124,0.11442,46906,835655,0.102799,55103,1765779,0.217218,8129050
3,2021-02-27,71004,2656552,32635,1343525,38365,1313023,4,4,37496,935670,0.115102,33263,868918,0.10689,38809,1804588,0.221992,8129050
3,2021-02-28,41433,2697985,23926,1367451,17503,1330526,4,8,21266,937928,0.11538,19964,888882,0.109346,22222,1826810,0.224726,8129050
3,2021-03-01,69511,2767496,36885,1404336,32592,1363118,34,42,38573,947184,0.116518,30689,919571,0.113122,39945,1866755,0.22964,8129050
3,2021-03-02,79894,2847390,39492,1443828,40394,1403512,8,50,46141,961819,0.118319,33591,953162,0.117254,48226,1914981,0.235573,8129050
3,2021-03-03,89609,2936999,43013,1486841,46573,1450085,23,73,50196,975133,0.119957,39174,992336,0.122073,52488,1967469,0.242029,8129050
3,2021-03-04,94108,3031107,46079,1532920,48008,1498093,21,94,53386,990343,0.121828,40472,1032808,0.127052,55682,2023151,0.248879,8129050
3,2021-03-05,91048,3122155,44622,1577542,46134,1544227,292,386,55536,1013164,0.124635,35238,1068046,0.131386,58059,2081210,0.256021,8129050
3,2021-03-06,65558,3187713,33293,1610835,30104,1574331,2161,2547,37579,1026543,0.126281,27821,1095867,0.134809,41200,2122410,0.26109,8129050
3,2021-03-07,39226,3226939,22673,1633508,14657,1588988,1896,4443,22043,1034549,0.127266,17100,1112967,0.136912,25106,2147516,0.264178,8129050
3,2021-03-08,60033,3286972,28643,1662151,28383,1617371,3007,7450,37981,1055185,0.129804,21883,1134850,0.139604,42519,2190035,0.269408,8129050
3,2021-03-09,77300,3364272,35704,1697855,37139,1654510,4457,11907,41530,1066702,0.131221,35617,1170467,0.143986,47134,2237169,0.275207,8129050
3,2021-03-10,83161,3447433,41401,1739256,35668,1690178,6092,17999,43488,1078223,0.132638,39438,1209905,0.148837,50959,2288128,0.281475,8129050
3,2021-03-11,97533,3544966,47649,1786905,41261,1731439,8623,26622,47814,1086291,0.133631,49431,1259336,0.154918,57499,2345627,0.288549,8129050
3,2021-03-12,102232,3647198,45549,1832454,44778,1776217,11905,38527,46859,1091051,0.134216,55121,1314457,0.161699,59881,2405508,0.295915,8129050
3,2021-03-13,70697,3717895,29745,1862199,33681,1809898,7271,45798,37384,1103869,0.135793,33180,1347637,0.16578,45998,2451506,0.301573,8129050
3,2021-03-14,41398,3759293,21622,1883821,16214,1826112,3562,49360,20844,1108433,0.136355,20465,1368102,0.168298,25029,2476535,0.304652,8129050
3,2021-03-15,75985,3835278,36020,1919841,35398,1861510,4567,53927,40017,1118278,0.137566,35728,1403830,0.172693,45573,2522108,0.310259,8129050
3,2021-03-16,95367,3930645,43973,1963814,47054,1908564,4340,58267,53641,1135692,0.139708,41469,1445299,0.177794,58883,2580991,0.317502,8129050
3,2021-03-17,98643,4029288,47932,2011746,46162,1954726,4549,62816,59920,1162333,0.142985,38466,1483765,0.182526,65107,2646098,0.325511,8129050
3,2021-03-18,103973,4133261,52850,2064596,46594,2001320,4529,67345,59621,1182980,0.145525,44041,1527806,0.187944,64688,2710786,0.333469,8129050
3,2021-03-19,103507,4236768,55502,2120098,43540,2044860,4465,71810,57571,1199921,0.147609,45640,1573446,0.193558,62581,2773367,0.341167,8129050
3,2021-03-20,72135,4308903,37186,2157284,31284,2076144,3665,75475,44451,1221061,0.15021,27473,1600919,0.196938,48613,2821980,0.347148,8129050
3,2021-03-21,36398,4345301,24741,2182025,10149,2086293,1508,76983,21867,1230493,0.15137,14419,1615338,0.198712,23851,2845831,0.350082,8129050
3,2021-03-22,70763,4416064,41604,2223629,26632,2112925,2527,79510,45090,1253701,0.154225,25423,1640761,0.201839,48631,2894462,0.356064,8129050
3,2021-03-23,89897,4505961,49745,2273374,37616,2150541,2536,82046,55147,1277609,0.157166,34477,1675238,0.20608,58385,2952847,0.363246,8129050
3,2021-03-24,98812,4604773,56884,2330258,39001,2189542,2927,84973,56201,1295102,0.159318,42237,1717475,0.211276,59730,3012577,0.370594,8129050
3,2021-03-25,107462,4712235,59680,2389938,44809,2234351,2973,87946,60527,1312658,0.161477,46582,1764057,0.217007,64138,3076715,0.378484,8129050
3,2021-03-26,110760,4822995,59439,2449377,47972,2282323,3349,91295,56995,1320425,0.162433,53413,1817470,0.223577,61180,3137895,0.38601,8129050
3,2021-03-27,74704,4897699,37990,2487367,34163,2316486,2551,93846,36039,1321266,0.162536,38423,1855893,0.228304,39264,3177159,0.39084,8129050
3,2021-03-28,44411,4942110,27985,2515352,15612,2332098,814,94660,22331,1323094,0.162761,21955,1877848,0.231005,23783,3200942,0.393766,8129050
3,2021-03-29,80726,5022836,42139,2557491,36725,2368823,1862,96522,44111,1333531,0.164045,36346,1914194,0.235476,46783,3247725,0.399521,8129050
3,2021-03-30,100394,5123230,49316,2606807,47437,2416260,3641,100163,56255,1350153,0.16609,43875,1958069,0.240873,60497,3308222,0.406963,8129050
3,2021-03-31,105157,5228387,56711,2663518,43587,2459847,4859,105022,56174,1362779,0.167643,48730,2006799,0.246868,61356,3369578,0.414511,8129050
3,2021-04-01,123819,5352206,62571,2726089,51475,2511322,9773,114795,66767,1382974,0.170127,56630,2063429,0.253834,76825,3446403,0.423961,8129050
3,2021-04-02,118092,5470298,57602,2783691,50136,2561458,10354,125149,62275,1400563,0.172291,55506,2118935,0.260662,73095,3519498,0.432953,8129050
3,2021-04-03,76206,5546504,38990,2822681,27970,2589428,9246,134395,37889,1409837,0.173432,38159,2157094,0.265356,47433,3566931,0.438788,8129050
3,2021-04-04,32477,5578981,17374,2840055,10879,2600307,4224,138619,14178,1410040,0.173457,18218,2175312,0.267597,18421,3585352,0.441054,8129050
3,2021-04-05,89641,5668622,45511,2885566,34882,2635189,9248,147867,43545,1417788,0.17441,45853,2221165,0.273238,53601,3638953,0.447648,8129050
3,2021-04-06,113644,5782266,55282,2940848,43132,2678321,15230,163097,53294,1426941,0.175536,60058,2281223,0.280626,69211,3708164,0.456162,8129050
3,2021-04-07,116459,5898725,60221,3001069,39903,2718224,16335,179432,56148,1439639,0.177098,60032,2341255,0.288011,72730,3780894,0.465109,8129050
3,2021-04-08,121583,6020308,60512,3061581,40877,2759101,20194,199626,56256,1451835,0.178598,65003,2406258,0.296007,77199,3858093,0.474606,8129050
3,2021-04-09,118633,6138941,59121,3120702,40324,2799425,19188,218814,52056,1457649,0.179314,66310,2472568,0.304164,72124,3930217,0.483478,8129050
3,2021-04-10,84523,6223464,37905,3158607,31335,2830760,15283,234097,34332,1458066,0.179365,49995,2522563,0.310315,50412,3980629,0.489679,8129050
3,2021-04-11,45370,6268834,24307,3182914,13045,2843805,8018,242115,17211,1456059,0.179118,28061,2550624,0.313767,26054,4006683,0.492885,8129050
3,2021-04-12,84111,6352945,42481,3225395,32800,2876605,8830,250945,37978,1458063,0.179365,45889,2596513,0.319412,47893,4054576,0.498776,8129050
3,2021-04-13,105637,6458582,57206,3282601,48222,2924827,209,251154,55661,1465095,0.18023,49723,2646236,0.325528,56755,4111331,0.505758,8129050
3,2021-04-14,107800,6566382,58921,3341522,48778,2973605,101,251255,53614,1466362,0.180385,53884,2700120,0.332157,55151,4166482,0.512542,8129050
3,2021-04-15,119702,6686084,67328,3408850,52296,3025901,78,251333,63959,1475792,0.181545,55415,2755535,0.338974,64845,4231327,0.520519,8129050
3,2021-04-16,115811,6801895,64940,3473790,50777,3076678,94,251427,60410,1481886,0.182295,55077,2810612,0.345749,61171,4292498,0.528044,8129050
3,2021-04-17,79686,6881581,43403,3517193,36269,3112947,14,251441,44385,1492188,0.183562,35066,2845678,0.350063,45368,4337866,0.533625,8129050
3,2021-04-18,38824,6920405,23416,3540609,15402,3128349,6,251447,18228,1490825,0.183395,20472,2866150,0.352581,19109,4356975,0.535976,8129050
3,2021-04-19,79478,6999883,44251,3584860,35171,3163520,56,251503,35897,1483915,0.182545,43371,2909521,0.357916,36461,4393436,0.540461,8129050
3,2021-04-20,101223,7101106,53318,3638178,47887,3211407,18,251521,49169,1482336,0.18235,51790,2961311,0.364287,50211,4443647,0.546638,8129050
3,2021-04-21,106110,7207216,59592,3697770,46448,3257855,70,251591,50170,1478101,0.181829,55560,3016871,0.371122,51325,4494972,0.552952,8129050
3,2021-04-22,112190,7319406,63027,3760797,49136,3306991,27,251618,48334,1463924,0.180085,63494,3080365,0.378933,49317,4544289,0.559018,8129050
3,2021-04-23,106596,7426002,60979,3821776,45587,3352578,30,251648,46844,1452425,0.178671,59385,3139750,0.386238,47886,4592175,0.564909,8129050
3,2021-04-24,74069,7500071,45740,3867516,28262,3380840,67,251715,36117,1451935,0.178611,37667,3177417,0.390872,37177,4629352,0.569483,8129050
3,2021-04-25,37018,7537089,23631,3891147,13370,3394210,17,251732,18931,1453351,0.178785,17938,3195355,0.393079,19354,4648706,0.571863,8129050
3,2021-04-26,74172,7611261,41948,3933095,31815,3426025,409,252141,31731,1444670,0.177717,42165,3237520,0.398265,33484,4682190,0.575982,8129050
3,2021-04-27,91328,7702589,47941,3981036,41645,3467670,1742,253883,36320,1428807,0.175766,54692,3292212,0.404993,38829,4721019,0.580759,8129050
3,2021-04-28,86964,7789553,49424,4030460,35400,3503070,2140,256023,35602,1416018,0.174192,51060,3343272,0.411275,38271,4759290,0.585467,8129050
3,2021-04-29,89047,7878600,50892,4081352,35942,3539012,2213,258236,31794,1393601,0.171435,56911,3400183,0.418276,34494,4793784,0.58971,8129050
3,2021-04-30,90876,7969476,51289,4132641,37105,3576117,2482,260718,33898,1373827,0.169002,56619,3456802,0.425241,36845,4830629,0.594243,8129050
3,2021-05-01,55297,8024773,34704,4167345,19130,3595247,1463,262181,19946,1360640,0.16738,35086,3491888,0.429557,21899,4852528,0.596937,8129050
3,2021-05-02,26942,8051715,18388,4185733,7538,3602785,1016,263197,9875,1354670,0.166646,16957,3508845,0.431643,10987,4863515,0.598288,8129050
3,2021-05-03,59839,8111554,35113,4220846,22356,3625141,2370,265567,17531,1332671,0.163939,42080,3550925,0.436819,20081,4883596,0.600759,8129050
3,2021-05-04,77488,8189042,44800,4265646,30006,3655147,2682,268249,22580,1303599,0.160363,54614,3605539,0.443538,25542,4909138,0.603901,8129050
3,2021-05-05,78936,8267978,47435,4313081,28802,3683949,2699,270948,21919,1271821,0.156454,56681,3662220,0.45051,24903,4934041,0.606964,8129050
3,2021-05-06,83104,8351082,52524,4365605,28052,3712001,2528,273476,20649,1233567,0.151748,61977,3724197,0.458134,23723,4957764,0.609882,8129050
3,2021-05-07,82266,8433348,51265,4416870,28384,3740385,2617,276093,21881,1198324,0.147413,60036,3784233,0.46552,24793,4982557,0.612932,8129050
3,2021-05-08,52340,8485688,32418,4449288,18213,3758598,1709,277802,13892,1176003,0.144667,38183,3822416,0.470217,15862,4998419,0.614884,8129050
3,2021-05-09,20922,8506610,15309,4464597,4826,3763424,787,278589,5513,1167053,0.143566,15316,3837732,0.472101,6366,5004785,0.615667,8129050
3,2021-05-10,47892,8554502,25667,4490264,20324,3783748,1901,280490,11120,1143766,0.140701,36572,3874304,0.4766,13285,5018070,0.617301,8129050
3,2021-05-11,63675,8618177,35580,4525844,25879,3809627,2216,282706,16092,1115200,0.137187,47342,3921646,0.482424,18776,5036846,0.619611,8129050
3,2021-05-12,64627,8682804,37133,4562977,25098,3834725,2396,285102,16519,1086556,0.133663,47856,3969502,0.488311,19212,5056058,0.621974,8129050
3,2021-05-13,75107,8757911,47347,4610324,25854,3860579,1906,287008,27464,1069134,0.13152,47401,4016903,0.494142,29979,5086037,0.625662,8129050
3,2021-05-14,80064,8837975,50584,4660908,27348,3887927,2132,289140,31009,1054106,0.129671,48767,4065670,0.500141,33739,5119776,0.629812,8129050
3,2021-05-15,61871,8899846,42688,4703596,17978,3905905,1205,290345,25573,1045006,0.128552,36095,4101765,0.504581,26995,5146771,0.633133,8129050
3,2021-05-16,33074,8932920,24715,4728311,7668,3913573,691,291036,13344,1039516,0.127877,19612,4121377,0.506994,14122,5160893,0.63487,8129050
3,2021-05-17,56792,8989712,36188,4764499,18770,3932343,1834,292870,20936,1026906,0.126325,35583,4156960,0.511371,22973,5183866,0.637696,8129050
3,2021-05-18,64382,9054094,38021,4802520,24502,3956845,1859,294729,24225,1013502,0.124677,39883,4196843,0.516277,26479,5210345,0.640954,8129050
3,2021-05-19,63821,9117915,38801,4841321,23279,3980124,1741,296470,24732,1001407,0.123189,38839,4235682,0.521055,26744,5237089,0.644244,8129050
3,2021-05-20,61626,9179541,36085,4877406,23703,4003827,1838,298308,22154,986546,0.121361,39192,4274874,0.525876,24331,5261420,0.647237,8129050
3,2021-05-21,65744,9245285,39938,4917344,23708,4027535,2098,300406,23486,970486,0.119385,41946,4316820,0.531036,25886,5287306,0.650421,8129050
3,2021-05-22,45583,9290868,30242,4947586,13875,4041410,1466,301872,19067,964965,0.118706,26310,4343130,0.534273,20789,5308095,0.652979,8129050
3,2021-05-23,21728,9312596,15038,4962624,6040,4047450,650,302522,9195,962476,0.1184,12445,4355575,0.535804,9956,5318051,0.654203,8129050
3,2021-05-24,39463,9352059,23074,4985698,14633,4062083,1756,304278,14630,954428,0.11741,24639,4380214,0.538835,16591,5334642,0.656244,8129050
3,2021-05-25,42647,9394706,24006,5009704,16965,4079048,1676,305954,15160,944263,0.116159,27226,4407440,0.542184,17061,5351703,0.658343,8129050
3,2021-05-26,42327,9437033,24235,5033939,16373,4095421,1719,307673,15850,935785,0.115116,26183,4433623,0.545405,17705,5369408,0.660521,8129050
3,2021-05-27,39289,9476322,22051,5055990,15488,4110909,1750,309423,15431,929506,0.114344,23700,4457323,0.54832,17421,5386829,0.662664,8129050
3,2021-05-28,42676,9518998,24121,5080111,16759,4127668,1796,311219,17733,924617,0.113742,24740,4482063,0.551364,19851,5406680,0.665106,8129050
3,2021-05-29,23434,9542432,14325,5094436,8273,4135941,836,312055,10988,924252,0.113697,12314,4494377,0.552879,11949,5418629,0.666576,8129050
3,2021-05-30,10578,9553010,6854,5101290,3088,4139029,636,312691,4453,923332,0.113584,6049,4500426,0.553623,5129,5423758,0.667207,8129050
3,2021-05-31,4624,9557634,2673,5103963,1687,4140716,264,312955,1455,921947,0.113414,3133,4503559,0.554008,1748,5425506,0.667422,8129050
3,2021-06-01,37624,9595258,21672,5125635,14517,4155233,1435,314390,13179,912539,0.112257,24214,4527773,0.556987,14806,5440312,0.669243,8129050
3,2021-06-02,31423,9626681,18065,5143700,11952,4167185,1406,315796,11652,906163,0.111472,19566,4547339,0.559394,13190,5453502,0.670866,8129050
3,2021-06-03,39533,9666214,27064,5170764,11036,4178221,1433,317229,11446,891356,0.109651,27907,4575246,0.562827,13100,5466602,0.672477,8129050
3,2021-06-04,46090,9712304,32606,5203370,11939,4190160,1545,318774,13136,873716,0.107481,32721,4607967,0.566852,15081,5481683,0.674333,8129050
3,2021-06-05,34288,9746592,25860,5229230,7241,4197401,1187,319961,8750,858507,0.10561,25330,4633297,0.569968,10121,5491804,0.675578,8129050
3,2021-06-06,14615,9761207,12196,5241426,1838,4199239,581,320542,3756,852207,0.104835,10799,4644096,0.571296,4499,5496303,0.676131,8129050
3,2021-06-07,30363,9791570,22073,5263499,7010,4206249,1280,321822,8725,840842,0.103437,21490,4665586,0.57394,10125,5506428,0.677377,8129050
3,2021-06-08,34255,9825825,24608,5288107,8362,4214611,1285,323107,9964,828221,0.101884,24081,4689667,0.576902,11460,5517888,0.678786,8129050
3,2021-06-09,32940,9858765,23901,5312008,7741,4222352,1298,324405,8866,814646,0.100214,23897,4713564,0.579842,10322,5528210,0.680056,8129050
3,2021-06-10,32430,9891195,23392,5335400,7514,4229866,1524,325929,8955,801998,0.098658,23321,4736885,0.582711,10673,5538883,0.681369,8129050
3,2021-06-11,35478,9926673,25095,5360495,9020,4238886,1363,327292,10566,789385,0.097107,24717,4761602,0.585751,12104,5550987,0.682858,8129050
3,2021-06-12,25101,9951774,18920,5379415,5289,4244175,892,328184,6700,778841,0.09581,18287,4779889,0.588001,7743,5558730,0.683811,8129050
3,2021-06-13,10125,9961899,7573,5386988,2062,4246237,490,328674,2363,774057,0.095221,7708,4787597,0.588949,2924,5561654,0.68417,8129050
3,2021-06-14,25752,9987651,18453,5405441,5883,4252120,1416,330090,8071,766133,0.094246,17550,4805147,0.591108,9626,5571280,0.685354,8129050
3,2021-06-15,28671,10016322,19404,5424845,7767,4259887,1500,331590,9653,758662,0.093327,18792,4823939,0.59342,11321,5582601,0.686747,8129050
3,2021-06-16,25802,10042124,18314,5443159,6078,4265965,1410,333000,8695,751996,0.092507,16926,4840865,0.595502,10260,5592861,0.688009,8129050
3,2021-06-17,24797,10066921,17764,5460923,5748,4271713,1285,334285,8611,745994,0.091769,16034,4856899,0.597474,10032,5602893,0.689243,8129050
3,2021-06-18,27918,10094839,19714,5480637,6635,4278348,1569,335854,9792,739623,0.090985,17900,4874799,0.599676,11529,5614422,0.690662,8129050
3,2021-06-19,15954,10110793,11725,5492362,3375,4281723,854,336708,5706,736166,0.09056,10123,4884922,0.600922,6666,5621088,0.691482,8129050
3,2021-06-20,6854,10117647,5141,5497503,1415,4283138,298,337006,2599,734912,0.090406,4203,4889125,0.601439,2949,5624037,0.691844,8129050
3,2021-06-21,16192,10133839,10214,5507717,4581,4287719,1397,338403,8069,736464,0.090597,8032,4897157,0.602427,9584,5633621,0.693023,8129050
3,2021-06-22,22037,10155876,15455,5523172,5290,4293009,1292,339695,8260,732507,0.09011,13662,4910819,0.604107,9705,5643326,0.694217,8129050
3,2021-06-23,20194,10176070,14156,5537328,4711,4297720,1327,341022,8001,729892,0.089788,12081,4922900,0.605594,9466,5652792,0.695382,8129050
3,2021-06-24,19897,10195967,13852,5551180,4600,4302320,1445,342467,7775,727269,0.089465,11954,4934854,0.607064,9331,5662123,0.696529,8129050
3,2021-06-25,23237,10219204,16483,5567663,5331,4307651,1423,343890,9089,723885,0.089049,14020,4948874,0.608789,10636,5672759,0.697838,8129050
3,2021-06-26,13815,10233019,10256,5577919,2789,4310440,770,344660,5757,722577,0.088888,7989,4956863,0.609771,6681,5679440,0.69866,8129050
3,2021-06-27,6681,10239700,5164,5583083,1209,4311649,308,344968,2859,721988,0.088816,3787,4960650,0.610237,3198,5682638,0.699053,8129050
3,2021-06-28,15855,10255555,12180,5595263,2601,4314250,1074,346042,6698,720810,0.088671,9048,4969698,0.61135,7870,5690508,0.700021,8129050
3,2021-06-29,17896,10273451,12621,5607884,4286,4318536,989,347031,7330,718812,0.088425,10448,4980146,0.612636,8450,5698958,0.701061,8129050
3,2021-06-30,16846,10290297,11938,5619822,3874,4322410,1034,348065,7228,717728,0.088292,9489,4989635,0.613803,8405,5707363,0.702095,8129050
3,2021-07-01,16118,10306415,11495,5631317,3564,4325974,1059,349124,6773,716414,0.08813,9246,4998881,0.61494,7932,5715295,0.70307,8129050
3,2021-07-02,18287,10324702,13018,5644335,4173,4330147,1096,350220,7790,715012,0.087958,10390,5009271,0.616219,8988,5724283,0.704176,8129050
3,2021-07-03,9966,10334668,7215,5651550,2324,4332471,427,350647,4273,714182,0.087856,5630,5014901,0.616911,4800,5729083,0.704767,8129050
3,2021-07-04,702,10335370,406,5651956,209,4332680,87,350734,266,714122,0.087848,429,5015330,0.616964,369,5729452,0.704812,8129050
3,2021-07-05,9472,10344842,6924,5658880,2125,4334805,423,351157,4290,713777,0.087806,5119,5020449,0.617594,4774,5734226,0.705399,8129050
3,2021-07-06,18861,10363703,13683,5672563,4065,4338870,1113,352270,6827,709939,0.087334,11897,5032346,0.619057,8059,5742285,0.706391,8129050
3,2021-07-07,15547,10379250,11028,5683591,3413,4342283,1106,353376,6282,708265,0.087128,9166,5041512,0.620185,7492,5749777,0.707312,8129050
3,2021-07-08,15172,10394422,10955,5694546,3231,4345514,986,354362,6159,706576,0.08692,8920,5050432,0.621282,7231,5757008,0.708202,8129050
3,2021-07-09,17414,10411836,12151,5706697,4064,4349578,1199,355561,7188,704955,0.08672,10115,5060547,0.622526,8494,5765502,0.709247,8129050
3,2021-07-10,10722,10422558,7890,5714587,2171,4351749,661,356222,4561,704168,0.086624,6096,5066643,0.623276,5309,5770811,0.7099,8129050
3,2021-07-11,5082,10427640,3759,5718346,1047,4352796,276,356498,2304,704023,0.086606,2745,5069388,0.623614,2600,5773411,0.71022,8129050
3,2021-07-12,14264,10441904,10399,5728745,2871,4355667,994,357492,5695,702291,0.086393,8492,5077880,0.624658,6760,5780171,0.711051,8129050
3,2021-07-13,15005,10456909,10593,5739338,3507,4359174,905,358397,6566,701500,0.086295,8340,5086220,0.625684,7549,5787720,0.71198,8129050
3,2021-07-14,14259,10471168,10120,5749458,3222,4362396,917,359314,6342,701003,0.086234,7818,5094038,0.626646,7321,5795041,0.71288,8129050
3,2021-07-15,14488,10485656,10474,5759932,3187,4365583,827,360141,6651,700806,0.08621,7746,5101784,0.627599,7549,5802590,0.713809,8129050
3,2021-07-16,17477,10503133,12587,5772519,4023,4369606,867,361008,8355,701078,0.086244,9022,5110806,0.628709,9294,5811884,0.714952,8129050
3,2021-07-17,10944,10514077,7986,5780505,2432,4372038,526,361534,5194,701184,0.086257,5682,5116488,0.629408,5788,5817672,0.715664,8129050
3,2021-07-18,5424,10519501,4100,5784605,1084,4373122,240,361774,2660,701385,0.086281,2727,5119215,0.629743,2928,5820600,0.716025,8129050
3,2021-07-19,14685,10534186,10747,5795352,3084,4376206,854,362628,7203,702135,0.086374,7384,5126599,0.630652,8134,5828734,0.717025,8129050
3,2021-07-20,16120,10550306,11223,5806575,4028,4380234,869,363497,8295,703658,0.086561,7720,5134319,0.631601,9243,5837977,0.718162,8129050
3,2021-07-21,15586,10565892,11076,5817651,3699,4383933,811,364308,7911,704898,0.086713,7558,5141877,0.632531,8798,5846775,0.719245,8129050
3,2021-07-22,15782,10581674,11209,5828860,3677,4387610,896,365204,8203,706607,0.086924,7468,5149345,0.63345,9177,5855952,0.720373,8129050
3,2021-07-23,18177,10599851,13096,5841956,4257,4391867,824,366028,9832,709131,0.087234,8212,5157557,0.63446,10736,5866688,0.721694,8129050
3,2021-07-24,6903,10606754,4865,5846821,1717,4393584,321,366349,3881,710383,0.087388,2976,5160533,0.634826,4228,5870916,0.722214,8129050
4,2020-12-15,456,456,456,456,0,0,0,0,456,456,5.7e-05,0,0,0.0,456,456,5.7e-05,8037679
4,2020-12-16,3048,3504,3048,3504,0,0,0,0,3048,3504,0.000436,0,0,0.0,3048,3504,0.000436,8037679
4,2020-12-17,8967,12471,8967,12471,0,0,0,0,8967,12471,0.001552,0,0,0.0,8967,12471,0.001552,8037679
4,2020-12-18,16215,28686,16203,28674,12,12,0,0,16215,28686,0.003569,0,0,0.0,16215,28686,0.003569,8037679
4,2020-12-19,10391,39077,10382,39056,9,21,0,0,10327,39013,0.004854,0,0,0.0,10327,39013,0.004854,8037679
4,2020-12-20,7430,46507,7423,46479,7,28,0,0,7385,46398,0.005773,0,0,0.0,7385,46398,0.005773,8037679
4,2020-12-21,16410,62917,16384,62863,26,54,0,0,16343,62740,0.007806,1,1,0.0,16343,62741,0.007806,8037679
4,2020-12-22,17221,80138,16471,79334,750,804,0,0,17176,79912,0.009942,4,5,1e-06,17176,79917,0.009943,8037679
4,2020-12-23,17143,97281,14409,93743,2734,3538,0,0,17121,97030,0.012072,3,8,1e-06,17121,97038,0.012073,8037679
4,2020-12-24,8570,105851,5979,99722,2591,6129,0,0,8569,105599,0.013138,0,8,1e-06,8569,105607,0.013139,8037679
4,2020-12-25,907,106758,802,100524,105,6234,0,0,907,106506,0.013251,0,8,1e-06,907,106514,0.013252,8037679
4,2020-12-26,6183,112941,3901,104425,2282,8516,0,0,6183,112689,0.01402,0,8,1e-06,6183,112697,0.014021,8037679
4,2020-12-27,3425,116366,1990,106415,1435,9951,0,0,3425,116114,0.014446,0,8,1e-06,3425,116122,0.014447,8037679
4,2020-12-28,15167,131533,9381,115796,5786,15737,0,0,15138,131249,0.016329,3,11,1e-06,15138,131260,0.016331,8037679
4,2020-12-29,15437,146970,8540,124336,6897,22634,0,0,15404,146653,0.018246,0,11,1e-06,15404,146664,0.018247,8037679
4,2020-12-30,19005,165975,11091,135427,7914,30548,0,0,18994,165645,0.020609,2,13,2e-06,18994,165658,0.02061,8037679
4,2020-12-31,8314,174289,3366,138793,4948,35496,0,0,8301,173937,0.02164,9,22,3e-06,8301,173959,0.021643,8037679
4,2021-01-01,1632,175921,739,139532,893,36389,0,0,1628,175562,0.021842,3,25,3e-06,1628,175587,0.021845,8037679
4,2021-01-02,5742,181663,3244,142776,2498,38887,0,0,5740,181301,0.022556,1,26,3e-06,5740,181327,0.02256,8037679
4,2021-01-03,2147,183810,1269,144045,878,39765,0,0,2133,183431,0.022821,3,29,4e-06,2133,183460,0.022825,8037679
4,2021-01-04,12991,196801,7032,151077,5959,45724,0,0,12942,196344,0.024428,29,58,7e-06,12942,196402,0.024435,8037679
4,2021-01-05,16975,213776,10059,161136,6916,52640,0,0,14758,208927,0.025993,2188,2246,0.000279,14771,211173,0.026273,8037679
4,2021-01-06,21672,235448,13283,174419,8389,61029,0,0,15559,218436,0.027177,6064,8310,0.001034,15573,226746,0.02821,8037679
4,2021-01-07,28045,263493,17097,191516,10948,71977,0,0,16743,223958,0.027864,11242,19552,0.002433,16764,243510,0.030296,8037679
4,2021-01-08,32991,296484,21175,212691,11816,83793,0,0,18386,227827,0.028345,14538,34090,0.004241,18407,261917,0.032586,8037679
4,2021-01-09,16333,312817,9666,222357,6667,90460,0,0,9483,230483,0.028675,6839,40929,0.005092,9495,271412,0.033767,8037679
4,2021-01-10,8797,321614,5683,228040,3114,93574,0,0,4173,230051,0.028622,4613,45542,0.005666,4181,275593,0.034288,8037679
4,2021-01-11,33593,355207,22064,250104,11529,105103,0,0,18904,234341,0.029155,14661,60203,0.00749,18951,294544,0.036645,8037679
4,2021-01-12,38673,393880,22307,272411,16366,121469,0,0,24341,244446,0.030413,14277,74480,0.009266,24382,318926,0.039679,8037679
4,2021-01-13,39014,432894,19329,291740,19685,141154,0,0,27595,260690,0.032433,11378,85858,0.010682,27622,346548,0.043115,8037679
4,2021-01-14,39532,472426,15227,306967,24305,165459,0,0,32294,285814,0.035559,7199,93057,0.011578,32323,378871,0.047137,8037679
4,2021-01-15,45599,518025,15950,322917,29649,195108,0,0,39994,320297,0.039849,5537,98594,0.012266,40020,418891,0.052116,8037679
4,2021-01-16,28846,546871,9417,332334,19429,214537,0,0,25716,342931,0.042665,3100,101694,0.012652,25734,444625,0.055318,8037679
4,2021-01-17,19178,566049,6757,339091,12421,226958,0,0,17645,359079,0.044674,1511,103205,0.01284,17659,462284,0.057515,8037679
4,2021-01-18,29545,595594,13674,352765,15871,242829,0,0,23548,376723,0.04687,5930,109135,0.013578,23574,485858,0.060448,8037679
4,2021-01-19,46263,641857,23121,375886,23142,265971,0,0,36847,404277,0.050298,9368,118503,0.014743,36922,522780,0.065041,8037679
4,2021-01-20,52798,694655,28270,404156,24528,290499,0,0,42199,436038,0.054249,10500,129003,0.01605,42261,565041,0.070299,8037679
4,2021-01-21,57991,752646,26149,430305,31842,322341,0,0,51191,480556,0.059788,6718,135721,0.016886,51236,616277,0.076674,8037679
4,2021-01-22,55566,808212,22328,452633,33238,355579,0,0,50376,525839,0.065422,5120,140841,0.017523,50403,666680,0.082944,8037679
4,2021-01-23,39758,847970,17453,470086,22305,377884,0,0,35394,556908,0.069287,4354,145195,0.018064,35423,702103,0.087351,8037679
4,2021-01-24,24062,872032,10514,480600,13548,391432,0,0,22153,577180,0.071809,1900,147095,0.018301,22172,724275,0.09011,8037679
4,2021-01-25,48161,920193,22288,502888,25873,417305,0,0,36978,603064,0.07503,11151,158246,0.019688,37035,761310,0.094718,8037679
4,2021-01-26,57142,977335,29162,532050,27980,445285,0,0,44803,635627,0.079081,12302,170548,0.021219,44865,806175,0.100299,8037679
4,2021-01-27,56483,1033818,26888,558938,29595,474880,0,0,45353,669984,0.083355,11050,181598,0.022593,45407,851582,0.105949,8037679
4,2021-01-28,56912,1090730,25746,584684,31166,506046,0,0,46834,706883,0.087946,9981,191579,0.023835,46880,898462,0.111781,8037679
4,2021-01-29,56830,1147560,27283,611967,29547,535593,0,0,46322,742933,0.092431,10307,201886,0.025117,46357,944819,0.117549,8037679
4,2021-01-30,38241,1185801,17290,629257,20951,556544,0,0,32850,770476,0.095858,5334,207220,0.025781,32877,977696,0.121639,8037679
4,2021-01-31,24070,1209871,12689,641946,11381,567925,0,0,22360,791164,0.098432,1690,208910,0.025991,22378,1000074,0.124423,8037679
4,2021-02-01,49865,1259736,24039,665985,25826,593751,0,0,38146,817690,0.101732,11663,220573,0.027442,38189,1038263,0.129174,8037679
4,2021-02-02,55768,1315504,25652,691637,30116,623867,0,0,42801,847646,0.105459,12888,233461,0.029046,42844,1081107,0.134505,8037679
4,2021-02-03,62444,1377948,30673,722310,31771,655638,0,0,47867,881141,0.109626,14425,247886,0.03084,47920,1129027,0.140467,8037679
4,2021-02-04,67846,1445794,31469,753779,36377,692015,0,0,50936,915450,0.113895,16735,264621,0.032923,51044,1180071,0.146817,8037679
4,2021-02-05,73651,1519445,34151,787930,39500,731515,0,0,51104,944425,0.1175,22263,286884,0.035692,51238,1231309,0.153192,8037679
4,2021-02-06,48933,1568378,26324,814254,22609,754124,0,0,37275,970317,0.120721,11587,298471,0.037134,37479,1268788,0.157855,8037679
4,2021-02-07,26615,1594993,17600,831854,9015,763139,0,0,20088,984149,0.122442,6494,304965,0.037942,20326,1289114,0.160384,8037679
4,2021-02-08,58966,1653959,30429,862283,28537,791676,0,0,38323,1002233,0.124692,20502,325467,0.040493,38586,1327700,0.165185,8037679
4,2021-02-09,67671,1721630,34307,896590,33364,825040,0,0,39628,1014453,0.126212,27849,353316,0.043957,40069,1367769,0.17017,8037679
4,2021-02-10,77822,1799452,38962,935552,38860,863900,0,0,40863,1019154,0.126797,36707,390023,0.048524,41408,1409177,0.175321,8037679
4,2021-02-11,81935,1881387,42858,978410,39077,902977,0,0,41626,1021425,0.12708,40031,430054,0.053505,42302,1451479,0.180584,8037679
4,2021-02-12,85031,1966418,38147,1016557,46884,949861,0,0,43651,1024772,0.127496,41094,471148,0.058617,44441,1495920,0.186113,8037679
4,2021-02-13,59253,2025671,30031,1046588,29222,979083,0,0,30159,1026885,0.127759,28949,500097,0.062219,31062,1526982,0.189978,8037679
4,2021-02-14,37103,2062774,19301,1065889,17802,996885,0,0,18988,1028474,0.127957,18056,518153,0.064466,19645,1546627,0.192422,8037679
4,2021-02-15,46534,2109308,21824,1087713,24710,1021595,0,0,23824,1030860,0.128253,22621,540774,0.06728,25007,1571634,0.195533,8037679
4,2021-02-16,80814,2190122,37103,1124816,43711,1065306,0,0,41050,1033510,0.128583,39618,580392,0.072209,42268,1613902,0.200792,8037679
4,2021-02-17,82108,2272230,38840,1163656,43268,1108574,0,0,39021,1030787,0.128244,42870,623262,0.077543,40147,1654049,0.205787,8037679
4,2021-02-18,83993,2356223,46251,1209907,37742,1146316,0,0,38767,1026008,0.12765,45026,668288,0.083144,40247,1694296,0.210794,8037679
4,2021-02-19,83409,2439632,52584,1262491,30825,1177141,0,0,41599,1026670,0.127732,41629,709917,0.088324,42291,1736587,0.216056,8037679
4,2021-02-20,49931,2489563,33256,1295747,16675,1193816,0,0,27008,1031537,0.128338,22836,732753,0.091165,27703,1764290,0.219502,8037679
4,2021-02-21,30313,2519876,24072,1319819,6241,1200057,0,0,14624,1030847,0.128252,15600,748353,0.093106,14910,1779200,0.221357,8037679
4,2021-02-22,55484,2575360,38141,1357960,17343,1217400,0,0,26684,1029343,0.128065,28639,776992,0.096669,27135,1806335,0.224733,8037679
4,2021-02-23,76696,2652056,42472,1400432,34224,1251624,0,0,33541,1021612,0.127103,42944,819936,0.102012,35213,1841548,0.229114,8037679
4,2021-02-24,91946,2744002,48585,1449017,43361,1294985,0,0,41284,1014665,0.126239,50385,870321,0.10828,43438,1884986,0.234519,8037679
4,2021-02-25,103539,2847541,54167,1503184,49372,1344357,0,0,49326,1012567,0.125978,53977,924298,0.114996,51879,1936865,0.240973,8037679
4,2021-02-26,109771,2957312,55492,1558676,54279,1398636,0,0,56028,1017523,0.126594,53431,977729,0.121643,58387,1995252,0.248237,8037679
4,2021-02-27,79911,3037223,43546,1602222,36355,1434991,10,10,42571,1024474,0.127459,37116,1014845,0.126261,44067,2039319,0.25372,8037679
4,2021-02-28,49438,3086661,30552,1632774,18879,1453870,7,17,27228,1030580,0.128219,22015,1036860,0.129,28121,2067440,0.257219,8037679
4,2021-03-01,80087,3166748,46950,1679724,33092,1486962,45,62,44052,1040171,0.129412,35700,1072560,0.133442,45291,2112731,0.262853,8037679
4,2021-03-02,87055,3253803,50000,1729724,37046,1524008,9,71,50893,1056895,0.131493,35966,1108526,0.137916,52690,2165421,0.269409,8037679
4,2021-03-03,101014,3354817,53783,1783507,47215,1571223,16,87,56409,1070713,0.133212,44378,1152904,0.143437,58196,2223617,0.276649,8037679
4,2021-03-04,98403,3453220,54594,1838101,43792,1615015,17,104,53819,1081988,0.134614,44338,1197242,0.148954,55613,2279230,0.283568,8037679
4,2021-03-05,95970,3549190,51921,1890022,43729,1658744,320,424,56603,1101710,0.137068,39138,1236380,0.153823,58860,2338090,0.290891,8037679
4,2021-03-06,76854,3626044,43335,1933357,30874,1689618,2645,3069,47141,1123251,0.139748,29574,1265954,0.157502,51115,2389205,0.297251,8037679
4,2021-03-07,44895,3670939,27568,1960925,15136,1704754,2191,5260,26087,1133897,0.141073,18718,1284672,0.159831,29364,2418569,0.300904,8037679
4,2021-03-08,68000,3738939,35603,1996528,29024,1733778,3373,8633,44680,1160082,0.14433,23187,1307859,0.162716,49372,2467941,0.307046,8037679
4,2021-03-09,82070,3821009,41458,2037986,35354,1769132,5258,13891,44266,1173068,0.145946,37609,1345468,0.167395,50595,2518536,0.313341,8037679
4,2021-03-10,91603,3912612,47238,2085224,36880,1806012,7485,21376,46233,1182537,0.147124,45160,1390628,0.173014,54629,2573165,0.320138,8037679
4,2021-03-11,101145,4013757,53063,2138287,39615,1845627,8467,29843,46687,1184563,0.147376,54191,1444819,0.179756,56217,2629382,0.327132,8037679
4,2021-03-12,104878,4118635,51688,2189975,42872,1888499,10318,40161,44790,1180766,0.146904,59793,1504612,0.187195,55996,2685378,0.334099,8037679
4,2021-03-13,81842,4200477,37928,2227903,35455,1923954,8459,48620,38664,1185932,0.147547,43030,1547642,0.192548,48196,2733574,0.340095,8037679
4,2021-03-14,50043,4250520,28487,2256390,17906,1941860,3650,52270,23349,1186936,0.147671,26590,1574232,0.195857,27594,2761168,0.343528,8037679
4,2021-03-15,84010,4334530,45213,2301603,34538,1976398,4259,56529,42600,1193482,0.148486,41141,1615373,0.200975,47687,2808855,0.349461,8037679
4,2021-03-16,108256,4442786,56282,2357885,48550,2024948,3424,59953,57061,1203722,0.14976,50927,1666300,0.207311,61167,2870022,0.357071,8037679
4,2021-03-17,107563,4550349,57984,2415869,46074,2071022,3505,63458,62883,1226241,0.152562,44399,1710699,0.212835,66918,2936940,0.365397,8037679
4,2021-03-18,107573,4657922,59675,2475544,44198,2115220,3700,67158,60830,1244731,0.154862,46453,1757152,0.218614,64943,3001883,0.373476,8037679
4,2021-03-19,112030,4769952,64480,2540024,42333,2157553,5217,72375,63508,1265597,0.157458,48229,1805381,0.224615,69095,3070978,0.382073,8037679
4,2021-03-20,84448,4854400,49387,2589411,32042,2189595,3019,75394,51612,1287863,0.160228,32666,1838047,0.228679,54932,3125910,0.388907,8037679
4,2021-03-21,48420,4902820,35086,2624497,11075,2200670,2259,77653,28203,1298591,0.161563,20081,1858128,0.231177,30809,3156719,0.39274,8037679
4,2021-03-22,82859,4985679,54136,2678633,25986,2226656,2737,80390,51249,1321943,0.164468,31340,1889468,0.235076,54692,3211411,0.399545,8037679
4,2021-03-23,105191,5090870,62997,2741630,40044,2266700,2150,82540,62396,1344526,0.167278,42507,1931975,0.240365,65090,3276501,0.407643,8037679
4,2021-03-24,113855,5204725,73473,2815103,37959,2304659,2423,84963,63988,1361966,0.169448,49413,1981388,0.246512,66853,3343354,0.41596,8037679
4,2021-03-25,117397,5322122,72245,2887348,42751,2347410,2401,87364,66865,1381670,0.171899,50033,2031421,0.252737,69737,3413091,0.424636,8037679
4,2021-03-26,120091,5442213,72867,2960215,44180,2391590,3044,90408,65396,1396385,0.17373,54309,2085730,0.259494,69024,3482115,0.433224,8037679
4,2021-03-27,92277,5534490,54394,3014609,36092,2427682,1791,92199,46707,1400048,0.174186,45310,2131040,0.265131,48973,3531088,0.439317,8037679
4,2021-03-28,55882,5590372,36888,3051497,18120,2445802,874,93073,29518,1404636,0.174756,26176,2157216,0.268388,30764,3561852,0.443144,8037679
4,2021-03-29,93860,5684232,56246,3107743,35533,2481335,2081,95154,50498,1414673,0.176005,43081,2200297,0.273748,53118,3614970,0.449753,8037679
4,2021-03-30,117390,5801622,64060,3171803,49170,2530505,4160,99314,69602,1441311,0.179319,47533,2247830,0.279662,74171,3689141,0.458981,8037679
4,2021-03-31,121438,5923060,71639,3243442,43487,2573992,6312,105626,67978,1462709,0.181982,53085,2300915,0.286266,74483,3763624,0.468248,8037679
4,2021-04-01,142897,6065957,81476,3324918,48126,2622118,13295,118921,84036,1501752,0.186839,58355,2359270,0.293526,97398,3861022,0.480365,8037679
4,2021-04-02,136983,6202940,73161,3398079,50207,2672325,13615,132536,78994,1536924,0.191215,57670,2416940,0.300701,92842,3953864,0.491916,8037679
4,2021-04-03,101427,6304367,54193,3452272,33779,2706104,13455,145991,52710,1554771,0.193435,48500,2465440,0.306735,66347,4020211,0.500171,8037679
4,2021-04-04,46967,6351334,24787,3477059,14646,2720750,7534,153525,20379,1556188,0.193612,26473,2491913,0.310029,27890,4048101,0.503641,8037679
4,2021-04-05,109768,6461102,61629,3538688,35271,2756021,12868,166393,56835,1573714,0.195792,52697,2544610,0.316585,70223,4118324,0.512377,8037679
4,2021-04-06,139133,6600235,78276,3616964,41041,2797062,19816,186209,72101,1599398,0.198988,66779,2611389,0.324893,92463,4210787,0.523881,8037679
4,2021-04-07,137940,6738175,78175,3695139,38999,2836061,20766,206975,71288,1625302,0.20221,66382,2677771,0.333152,92286,4303073,0.535363,8037679
4,2021-04-08,140364,6878539,78183,3773322,36662,2872723,25519,232494,69720,1650750,0.205376,70331,2748102,0.341902,95779,4398852,0.547279,8037679
4,2021-04-09,138063,7016602,75713,3849035,39236,2911959,23114,255608,65790,1668608,0.207598,72008,2820110,0.350861,89866,4488718,0.558459,8037679
4,2021-04-10,104068,7120670,51353,3900388,33809,2945768,18906,274514,46936,1678533,0.208833,56913,2877023,0.357942,66838,4555556,0.566775,8037679
4,2021-04-11,62811,7183481,38135,3938523,13487,2959255,11189,285703,27392,1682850,0.20937,35304,2912327,0.362334,39621,4595177,0.571704,8037679
4,2021-04-12,103026,7286507,62609,4001132,30202,2989457,10215,295918,51887,1695329,0.210923,50826,2963153,0.368658,63305,4658482,0.57958,8037679
4,2021-04-13,130650,7417157,81977,4083109,48504,3037961,169,296087,78167,1722354,0.214285,52171,3015324,0.375149,79196,4737678,0.589434,8037679
4,2021-04-14,135857,7553014,86546,4169655,49235,3087196,76,296163,75136,1738422,0.216284,60373,3075697,0.38266,76441,4814119,0.598944,8037679
4,2021-04-15,156542,7709556,104100,4273755,52373,3139569,69,296232,96005,1775129,0.220851,60135,3135832,0.390141,96842,4910961,0.610992,8037679
4,2021-04-16,143842,7853398,91210,4364965,52553,3192122,79,296311,83567,1799560,0.223891,59936,3195768,0.397598,84367,4995328,0.621489,8037679
4,2021-04-17,101781,7955179,63939,4428904,37818,3229940,24,296335,59680,1818610,0.226261,41803,3237571,0.402799,60853,5056181,0.62906,8037679
4,2021-04-18,56918,8012097,38457,4467361,18458,3248398,3,296338,32082,1826965,0.2273,24692,3262263,0.405871,33047,5089228,0.633171,8037679
4,2021-04-19,101755,8113852,67103,4534464,34634,3283032,18,296356,51936,1829958,0.227672,49563,3311826,0.412038,52556,5141784,0.63971,8037679
4,2021-04-20,132089,8245941,78820,4613284,53253,3336285,16,296372,68981,1837249,0.22858,62779,3374605,0.419848,70070,5211854,0.648428,8037679
4,2021-04-21,134726,8380667,87965,4701249,46707,3382992,54,296426,68047,1840186,0.228945,66274,3440879,0.428094,69211,5281065,0.657039,8037679
4,2021-04-22,141727,8522394,94100,4795349,47604,3430596,23,296449,63487,1826984,0.227302,77840,3518719,0.437778,64638,5345703,0.66508,8037679
4,2021-04-23,135264,8657658,88072,4883421,47168,3477764,24,296473,58949,1811199,0.225339,75949,3594668,0.447227,60164,5405867,0.672566,8037679
4,2021-04-24,98910,8756568,66737,4950158,32124,3509888,49,296522,45641,1805004,0.224568,52957,3647625,0.453816,46762,5452629,0.678384,8037679
4,2021-04-25,50420,8806988,35542,4985700,14851,3524739,27,296549,26373,1807959,0.224935,23897,3671522,0.456789,26852,5479481,0.681724,8037679
4,2021-04-26,92153,8899141,60438,5046138,31317,3556056,398,296947,36403,1790655,0.222783,55442,3726964,0.463687,38138,5517619,0.686469,8037679
4,2021-04-27,113991,9013132,69687,5115825,41989,3598045,2315,299262,41219,1762547,0.219286,72440,3799404,0.472699,44332,5561951,0.691985,8037679
4,2021-04-28,104480,9117612,68300,5184125,33651,3631696,2529,301791,38373,1738355,0.216276,65758,3865162,0.48088,41566,5603517,0.697156,8037679
4,2021-04-29,105625,9223237,67498,5251623,35598,3667294,2529,304320,34213,1704644,0.212082,71057,3936219,0.489721,37346,5640863,0.701802,8037679
4,2021-04-30,105460,9328697,66868,5318491,35893,3703187,2699,307019,36346,1675640,0.208473,68713,4004932,0.49827,39709,5680572,0.706743,8037679
4,2021-05-01,69325,9398022,46019,5364510,21533,3724720,1773,308792,20213,1649429,0.205212,48839,4053771,0.504346,22628,5703200,0.709558,8037679
4,2021-05-02,37563,9435585,26656,5391166,9623,3734343,1284,310076,10557,1634530,0.203358,26885,4080656,0.507691,11986,5715186,0.711049,8037679
4,2021-05-03,79181,9514766,55261,5446427,21438,3755781,2482,312558,19298,1597057,0.198696,59622,4140278,0.515109,22149,5737335,0.713805,8037679
4,2021-05-04,101191,9615957,69297,5515724,29129,3784910,2765,315323,22767,1544850,0.192201,78134,4218412,0.52483,25927,5763262,0.717031,8037679
4,2021-05-05,101994,9717951,71979,5587703,27280,3812190,2735,318058,22159,1490551,0.185445,79497,4297909,0.53472,25198,5788460,0.720166,8037679
4,2021-05-06,111548,9829499,83577,5671280,25033,3837223,2938,320996,19706,1422956,0.177036,91358,4389267,0.546086,23763,5812223,0.723122,8037679
4,2021-05-07,104583,9934082,75217,5746497,26684,3863907,2682,323678,20685,1363206,0.169602,83533,4472800,0.556479,23783,5836006,0.726081,8037679
4,2021-05-08,69411,10003493,47834,5794331,19648,3883555,1929,325607,13775,1323878,0.164709,55390,4528190,0.56337,16062,5852068,0.728079,8037679
4,2021-05-09,34192,10037685,27958,5822289,5289,3888844,945,326552,7494,1305820,0.162462,26591,4554781,0.566679,8533,5860601,0.729141,8037679
4,2021-05-10,64791,10102476,43303,5865592,19170,3908014,2318,328870,11021,1265918,0.157498,53555,4608336,0.573342,13653,5874254,0.73084,8037679
4,2021-05-11,82358,10184834,51385,5916977,28787,3936801,2186,331056,15793,1218073,0.151545,66321,4674657,0.581593,18476,5892730,0.733138,8037679
4,2021-05-12,79415,10264249,52837,5969814,24117,3960918,2461,333517,16633,1175050,0.146193,62490,4737147,0.589368,19467,5912197,0.73556,8037679
4,2021-05-13,104216,10368465,76762,6046576,25921,3986839,1533,335050,40421,1154548,0.143642,63466,4800613,0.597264,42964,5955161,0.740906,8037679
4,2021-05-14,104589,10473054,73878,6120454,28587,4015426,2124,337174,40292,1133521,0.141026,63979,4864592,0.605223,42952,5998113,0.746249,8037679
4,2021-05-15,85273,10558327,65963,6186417,17983,4033409,1327,338501,37649,1125407,0.140016,47380,4911972,0.611118,39266,6037379,0.751135,8037679
4,2021-05-16,51465,10609792,41479,6227896,9274,4042683,712,339213,21074,1117091,0.138982,30240,4942212,0.61488,21924,6059303,0.753862,8037679
4,2021-05-17,70983,10680775,51849,6279745,17294,4059977,1840,341053,28064,1104508,0.137416,42717,4984929,0.620195,30134,6089437,0.757611,8037679
4,2021-05-18,81538,10762313,53059,6332804,26724,4086701,1755,342808,29196,1083843,0.134845,51981,5036910,0.626662,31316,6120753,0.761508,8037679
4,2021-05-19,76656,10838969,51845,6384649,22868,4109569,1943,344751,30842,1071395,0.133297,45522,5082432,0.632326,33074,6153827,0.765622,8037679
4,2021-05-20,68947,10907916,44366,6429015,22585,4132154,1996,346747,25567,1056211,0.131407,43090,5125522,0.637687,27906,6181733,0.769094,8037679
4,2021-05-21,73409,10981325,48420,6477435,23129,4155283,1860,348607,25879,1036978,0.129015,47239,5172761,0.643564,28006,6209739,0.772579,8037679
4,2021-05-22,49683,11031008,34876,6512311,13533,4168816,1274,349881,21647,1032251,0.128427,27874,5200635,0.647032,23147,6232886,0.775458,8037679
4,2021-05-23,23964,11054972,17094,6529405,6147,4174963,723,350604,9755,1028753,0.127991,14086,5214721,0.648784,10588,6243474,0.776776,8037679
4,2021-05-24,43050,11098022,27379,6556784,12669,4187632,3002,353606,15065,1019254,0.126809,27765,5242486,0.652239,18266,6261740,0.779048,8037679
4,2021-05-25,44779,11142801,27845,6584629,14110,4201742,2824,356430,15864,1009492,0.125595,28681,5271167,0.655807,18919,6280659,0.781402,8037679
4,2021-05-26,44522,11187323,26705,6611334,15216,4216958,2601,359031,15842,999650,0.12437,28461,5299628,0.659348,18619,6299278,0.783719,8037679
4,2021-05-27,38824,11226147,23322,6634656,12364,4229322,3138,362169,14638,993607,0.123619,23987,5323615,0.662332,17944,6317222,0.785951,8037679
4,2021-05-28,43168,11269315,27524,6662180,14042,4243364,1602,363771,18806,990135,0.123187,24103,5347718,0.665331,20631,6337853,0.788518,8037679
4,2021-05-29,23599,11292914,15361,6677541,7305,4250669,933,364704,10845,989432,0.123099,12612,5360330,0.6669,11909,6349762,0.789999,8037679
4,2021-05-30,12048,11304962,8463,6686004,3059,4253728,526,365230,5021,988087,0.122932,6961,5367291,0.667766,5616,6355378,0.790698,8037679
4,2021-05-31,3568,11308530,2268,6688272,1140,4254868,160,365390,1139,987028,0.1228,2379,5369670,0.668062,1320,6356698,0.790862,8037679
4,2021-06-01,39345,11347875,24484,6712756,12421,4267289,2440,367830,13010,976577,0.1215,26117,5395787,0.671312,15666,6372364,0.792811,8037679
4,2021-06-02,32543,11380418,20350,6733106,9398,4276687,2795,370625,10884,968928,0.120548,21478,5417265,0.673984,13829,6386193,0.794532,8037679
4,2021-06-03,47984,11428402,36841,6769947,8692,4285379,2451,373076,10360,944590,0.11752,37457,5454722,0.678644,13119,6399312,0.796164,8037679
4,2021-06-04,54679,11483081,44021,6813968,9330,4294709,1328,374404,12725,917724,0.114178,41723,5496445,0.683835,14857,6414169,0.798013,8037679
4,2021-06-05,44701,11527782,38303,6852271,5402,4300111,996,375400,8779,892009,0.110978,35769,5532214,0.688285,10054,6424223,0.799263,8037679
4,2021-06-06,21203,11548985,18919,6871190,1720,4301831,564,375964,3977,879819,0.109462,17126,5549340,0.690416,4936,6429159,0.799878,8037679
4,2021-06-07,38666,11587651,31296,6902486,5452,4307283,1918,377882,8448,860389,0.107044,30084,5579424,0.694159,10654,6439813,0.801203,8037679
4,2021-06-08,40479,11628130,31770,6934256,6165,4313448,2544,380426,9449,841875,0.104741,30841,5610265,0.697996,12327,6452140,0.802737,8037679
4,2021-06-09,38855,11666985,30811,6965067,5684,4319132,2360,382786,7935,821775,0.10224,30749,5641014,0.701821,10649,6462789,0.804062,8037679
4,2021-06-10,37071,11704056,29221,6994288,5225,4324357,2625,385411,8401,804553,0.100098,28512,5669526,0.705369,11290,6474079,0.805466,8037679
4,2021-06-11,38201,11742257,30003,7024291,6185,4330542,2013,387424,9877,788629,0.098117,28167,5697693,0.708873,12243,6486322,0.806989,8037679
4,2021-06-12,26470,11768727,22046,7046337,3713,4334255,711,388135,6044,775281,0.096456,20321,5718014,0.711401,6973,6493295,0.807857,8037679
4,2021-06-13,10820,11779547,8548,7054885,1796,4336051,476,388611,2278,769665,0.095757,8477,5726491,0.712456,2861,6496156,0.808213,8037679
4,2021-06-14,28569,11808116,21368,7076253,4393,4340444,2808,391419,7807,759876,0.094539,20622,5747113,0.715021,10833,6506989,0.809561,8037679
4,2021-06-15,29864,11837980,21114,7097367,5349,4345793,3401,394820,8278,750382,0.093358,21429,5768542,0.717688,11935,6518924,0.811046,8037679
4,2021-06-16,26523,11864503,19989,7117356,3914,4349707,2620,397440,7997,742850,0.092421,18354,5786896,0.719971,10822,6529746,0.812392,8037679
4,2021-06-17,25094,11889597,18534,7135890,3666,4353373,2894,400334,7603,736231,0.091597,17306,5804202,0.722124,10687,6540433,0.813722,8037679
4,2021-06-18,26709,11916306,21076,7156966,4400,4357773,1233,401567,8259,727729,0.09054,18246,5822448,0.724394,9744,6550177,0.814934,8037679
4,2021-06-19,15716,11932022,12709,7169675,2305,4360078,702,402269,5052,723136,0.089968,10517,5832965,0.725703,5924,6556101,0.815671,8037679
4,2021-06-20,7364,11939386,6067,7175742,990,4361068,307,402576,2621,721463,0.08976,4683,5837648,0.726285,3010,6559111,0.816045,8037679
4,2021-06-21,14550,11953936,10520,7186262,2891,4363959,1139,403715,7333,722962,0.089947,7135,5844783,0.727173,8634,6567745,0.81712,8037679
4,2021-06-22,20410,11974346,15920,7202182,3417,4367376,1073,404788,7104,718108,0.089343,13184,5857967,0.728813,8330,6576075,0.818156,8037679
4,2021-06-23,18365,11992711,14422,7216604,2957,4370333,986,405774,6711,714406,0.088882,11520,5869487,0.730247,7818,6583893,0.819129,8037679
4,2021-06-24,17539,12010250,13576,7230180,2976,4373309,987,406761,6553,711256,0.08849,10830,5880317,0.731594,7680,6591573,0.820084,8037679
4,2021-06-25,21494,12031744,16902,7247082,3549,4376858,1043,407804,7785,706678,0.087921,13573,5893890,0.733283,8995,6600568,0.821203,8037679
4,2021-06-26,12987,12044731,10572,7257654,1800,4378658,615,408419,4788,704087,0.087598,8099,5901989,0.73429,5508,6606076,0.821889,8037679
4,2021-06-27,6828,12051559,5531,7263185,954,4379612,343,408762,2877,703447,0.087519,3913,5905902,0.734777,3273,6609349,0.822296,8037679
4,2021-06-28,15006,12066565,12608,7275793,1546,4381158,852,409614,6023,701542,0.087282,8902,5914804,0.735885,6997,6616346,0.823166,8037679
4,2021-06-29,16395,12082960,12725,7288518,2870,4384028,800,410414,6352,698880,0.08695,9935,5924739,0.737121,7273,6623619,0.824071,8037679
4,2021-06-30,14462,12097422,11279,7299797,2449,4386477,734,411148,6002,697375,0.086763,8353,5933092,0.73816,6848,6630467,0.824923,8037679
4,2021-07-01,14385,12111807,11357,7311154,2288,4388765,740,411888,5889,695758,0.086562,8385,5941477,0.739203,6768,6637235,0.825765,8037679
4,2021-07-02,16692,12128499,13256,7324410,2679,4391444,757,412645,6826,693698,0.086306,9773,5951250,0.740419,7713,6644948,0.826725,8037679
4,2021-07-03,9117,12137616,7243,7331653,1466,4392910,408,413053,3953,693024,0.086222,5093,5956343,0.741053,4419,6649367,0.827275,8037679
4,2021-07-04,421,12138037,258,7331911,104,4393014,59,413112,183,693043,0.086224,234,5956577,0.741082,253,6649620,0.827306,8037679
4,2021-07-05,9176,12147213,7466,7339377,1296,4394310,414,413526,4167,692744,0.086187,4930,5961507,0.741695,4631,6654251,0.827882,8037679
4,2021-07-06,16408,12163621,12936,7352313,2675,4396985,797,414323,6051,689466,0.085779,10238,5971745,0.742969,6960,6661211,0.828748,8037679
4,2021-07-07,13648,12177269,10655,7362968,2220,4399205,773,415096,5158,687112,0.085486,8402,5980147,0.744014,6048,6667259,0.829501,8037679
4,2021-07-08,13109,12190378,10261,7373229,2026,4401231,822,415918,5124,685280,0.085258,7870,5988017,0.744993,6038,6673297,0.830252,8037679
4,2021-07-09,15299,12205677,11754,7384983,2614,4403845,931,416849,6217,683597,0.085049,8948,5996965,0.746107,7265,6680562,0.831156,8037679
4,2021-07-10,8751,12214428,6923,7391906,1430,4405275,398,417247,3683,682749,0.084944,4989,6001954,0.746727,4141,6684703,0.831671,8037679
4,2021-07-11,4966,12219394,3980,7395886,786,4406061,200,417447,2234,682519,0.084915,2693,6004647,0.747062,2463,6687166,0.831977,8037679
4,2021-07-12,12977,12232371,10292,7406178,1973,4408034,712,418159,5035,680509,0.084665,7864,6012511,0.748041,5854,6693020,0.832706,8037679
4,2021-07-13,12642,12245013,9685,7415863,2328,4410362,629,418788,5374,679446,0.084533,7164,6019675,0.748932,6101,6699121,0.833465,8037679
4,2021-07-14,11619,12256632,9155,7425018,1919,4412281,545,419333,5037,678601,0.084427,6498,6026173,0.74974,5653,6704774,0.834168,8037679
4,2021-07-15,12335,12268967,9803,7434821,1951,4414232,581,419914,5625,678295,0.084389,6587,6032760,0.75056,6281,6711055,0.834949,8037679
4,2021-07-16,14835,12283802,11577,7446398,2601,4416833,657,420571,6832,677991,0.084352,7901,6040661,0.751543,7597,6718652,0.835895,8037679
4,2021-07-17,9071,12292873,7134,7453532,1618,4418451,319,420890,4290,677958,0.084347,4683,6045344,0.752126,4650,6723302,0.836473,8037679
4,2021-07-18,5097,12297970,4118,7457650,781,4419232,198,421088,2408,677953,0.084347,2634,6047978,0.752453,2629,6725931,0.8368,8037679
4,2021-07-19,12651,12310621,10042,7467692,1972,4421204,637,421725,5993,678109,0.084366,6568,6054546,0.75327,6724,6732655,0.837637,8037679
4,2021-07-20,13533,12324154,10440,7478132,2449,4423653,644,422369,6668,678782,0.08445,6721,6061267,0.754107,7394,6740049,0.838557,8037679
4,2021-07-21,12577,12336731,9802,7487934,2180,4425833,595,422964,6292,679577,0.084549,6156,6067423,0.754873,6951,6747000,0.839421,8037679
4,2021-07-22,13100,12349831,10291,7498225,2197,4428030,612,423576,6835,680943,0.084719,6143,6073566,0.755637,7509,6754509,0.840356,8037679
4,2021-07-23,14917,12364748,11578,7509803,2718,4430748,621,424197,7831,682537,0.084917,6939,6080505,0.7565,8533,6763042,0.841417,8037679
4,2021-07-24,5610,12370358,4189,7513992,1185,4431933,236,424433,2830,682929,0.084966,2698,6083203,0.756836,3090,6766132,0.841802,8037679
