vemquartile,administered_date,total_doses,cumulative_total_doses,pfizer_doses,cumulative_pfizer_doses,moderna_doses,cumulative_moderna_doses,jj_doses,cumulative_jj_doses,partially_vaccinated,total_partially_vaccinated,pct_age12pop_partially_vaccinated,fully_vaccinated,cumulative_fully_vaccinated,pct_age12pop_fully_vaccinated,at_least_one_dose,cumulative_at_least_one_dose,pct_age12pop_at_least_one_dose,age12_population
1,2020-12-15,150,150,150,150,0,0,0,0,150,150,1.7e-05,0,0,0.0,150,150,1.7e-05,8700223
1,2020-12-16,1224,1374,1224,1374,0,0,0,0,1224,1374,0.000158,0,0,0.0,1224,1374,0.000158,8700223
1,2020-12-17,4176,5550,4176,5550,0,0,0,0,4177,5551,0.000638,0,0,0.0,4177,5551,0.000638,8700223
1,2020-12-18,6373,11923,6351,11901,22,22,0,0,6375,11925,0.001371,1,1,0.0,6375,11926,0.001371,8700223
1,2020-12-19,2874,14797,2871,14772,3,25,0,0,2873,14797,0.001701,1,2,0.0,2873,14799,0.001701,8700223
1,2020-12-20,2127,16924,2119,16891,8,33,0,0,2128,16925,0.001945,0,2,0.0,2128,16927,0.001946,8700223
1,2020-12-21,7649,24573,7629,24520,20,53,0,0,7698,24623,0.00283,1,3,0.0,7699,24626,0.002831,8700223
1,2020-12-22,7308,31881,6967,31487,341,394,0,0,7309,31930,0.00367,2,5,1e-06,7309,31935,0.003671,8700223
1,2020-12-23,7839,39720,6580,38067,1259,1653,0,0,7834,39763,0.00457,2,7,1e-06,7835,39770,0.004571,8700223
1,2020-12-24,3300,43020,2364,40431,936,2589,0,0,3302,43065,0.00495,0,7,1e-06,3302,43072,0.004951,8700223
1,2020-12-25,237,43257,152,40583,85,2674,0,0,237,43302,0.004977,0,7,1e-06,237,43309,0.004978,8700223
1,2020-12-26,1358,44615,966,41549,392,3066,0,0,1357,44658,0.005133,1,8,1e-06,1357,44666,0.005134,8700223
1,2020-12-27,870,45485,538,42087,332,3398,0,0,870,45527,0.005233,1,9,1e-06,870,45536,0.005234,8700223
1,2020-12-28,7095,52580,4757,46844,2338,5736,0,0,7093,52620,0.006048,0,9,1e-06,7093,52629,0.006049,8700223
1,2020-12-29,8904,61484,4980,51824,3924,9660,0,0,8900,61517,0.007071,3,12,1e-06,8900,61529,0.007072,8700223
1,2020-12-30,11573,73057,6443,58267,5130,14790,0,0,11573,73090,0.008401,0,12,1e-06,11573,73102,0.008402,8700223
1,2020-12-31,5978,79035,1954,60221,4024,18814,0,0,5976,79064,0.009088,3,15,2e-06,5977,79079,0.009089,8700223
1,2021-01-01,577,79612,208,60429,369,19183,0,0,575,79637,0.009153,2,17,2e-06,575,79654,0.009155,8700223
1,2021-01-02,2910,82522,1766,62195,1144,20327,0,0,2912,82549,0.009488,0,17,2e-06,2912,82566,0.00949,8700223
1,2021-01-03,1036,83558,547,62742,489,20816,0,0,1035,83582,0.009607,2,19,2e-06,1035,83601,0.009609,8700223
1,2021-01-04,7375,90933,3584,66326,3791,24607,0,0,7379,90960,0.010455,1,20,2e-06,7379,90980,0.010457,8700223
1,2021-01-05,10860,101793,5252,71578,5608,30215,0,0,10068,100276,0.011526,774,794,9.1e-05,10090,101070,0.011617,8700223
1,2021-01-06,14078,115871,7066,78644,7012,37227,0,0,12159,110565,0.012708,1883,2677,0.000308,12172,113242,0.013016,8700223
1,2021-01-07,17519,133390,9163,87807,8356,45583,0,0,13004,119154,0.013696,4425,7102,0.000816,13014,126256,0.014512,8700223
1,2021-01-08,20181,153571,10479,98286,9702,55285,0,0,14241,127478,0.014652,5924,13026,0.001497,14248,140504,0.016149,8700223
1,2021-01-09,6684,160255,3398,101684,3286,58571,0,0,4832,130464,0.014995,1849,14875,0.00171,4835,145339,0.016705,8700223
1,2021-01-10,3089,163344,1760,103444,1329,59900,0,0,1904,131188,0.015079,1181,16056,0.001845,1905,147244,0.016924,8700223
1,2021-01-11,18073,181417,11840,115284,6233,66133,0,0,11529,136224,0.015658,6533,22589,0.002596,11569,158813,0.018254,8700223
1,2021-01-12,19084,200501,10938,126222,8146,74279,0,0,13100,143407,0.016483,5958,28547,0.003281,13141,171954,0.019764,8700223
1,2021-01-13,19826,220327,10731,136953,9095,83374,0,0,14676,152971,0.017582,5130,33677,0.003871,14694,186648,0.021453,8700223
1,2021-01-14,22031,242358,9451,146404,12580,95954,0,0,19281,169609,0.019495,2697,36374,0.004181,19335,205983,0.023676,8700223
1,2021-01-15,25164,267522,9247,155651,15917,111871,0,0,23217,190976,0.021951,1908,38282,0.0044,23275,229258,0.026351,8700223
1,2021-01-16,13872,281394,4530,160181,9342,121213,0,0,13004,203118,0.023346,865,39147,0.0045,13007,242265,0.027846,8700223
1,2021-01-17,5214,286608,2033,162214,3181,124394,0,0,4849,207605,0.023862,365,39512,0.004541,4852,247117,0.028404,8700223
1,2021-01-18,14330,300938,8604,170818,5726,130120,0,0,11149,215640,0.024786,3168,42680,0.004906,11203,258320,0.029691,8700223
1,2021-01-19,24678,325616,12747,183565,11931,142051,0,0,19529,230091,0.026447,5132,47812,0.005495,19583,277903,0.031942,8700223
1,2021-01-20,29431,355047,14712,198277,14719,156770,0,0,23512,247797,0.028482,5845,53657,0.006167,23551,301454,0.034649,8700223
1,2021-01-21,31230,386277,14647,212924,16583,173353,0,0,27960,272649,0.031338,3202,56859,0.006535,28054,329508,0.037874,8700223
1,2021-01-22,28373,414650,11265,224189,17108,190461,0,0,26313,296998,0.034137,1996,58855,0.006765,26345,355853,0.040902,8700223
1,2021-01-23,18727,433377,8191,232380,10536,200997,0,0,16768,311846,0.035843,1929,60784,0.006986,16777,372630,0.04283,8700223
1,2021-01-24,6679,440056,4163,236543,2516,203513,0,0,6021,317220,0.036461,653,61437,0.007062,6027,378657,0.043523,8700223
1,2021-01-25,25444,465500,10486,247029,14958,218471,0,0,19659,331243,0.038073,5740,67177,0.007721,19763,398420,0.045794,8700223
1,2021-01-26,28815,494315,13472,260501,15343,233814,0,0,22128,346761,0.039857,6630,73807,0.008483,22148,420568,0.04834,8700223
1,2021-01-27,32651,526966,15535,276036,17116,250930,0,0,24533,363273,0.041754,8053,81860,0.009409,24565,445133,0.051163,8700223
1,2021-01-28,34975,561941,16402,292438,18573,269503,0,0,28031,384491,0.044193,6877,88737,0.010199,28095,473228,0.054393,8700223
1,2021-01-29,33660,595601,16448,308886,17212,286715,0,0,27086,405185,0.046572,6429,95166,0.010938,27123,500351,0.05751,8700223
1,2021-01-30,20195,615796,8738,317624,11457,298172,0,0,18072,421173,0.048409,2094,97260,0.011179,18082,518433,0.059588,8700223
1,2021-01-31,7643,623439,4969,322593,2674,300846,0,0,6934,427403,0.049126,706,97966,0.01126,6936,525369,0.060386,8700223
1,2021-02-01,28898,652337,12505,335098,16393,317239,0,0,21119,440797,0.050665,7730,105696,0.012149,21124,546493,0.062814,8700223
1,2021-02-02,32638,684975,11781,346879,20857,338096,0,0,24395,457067,0.052535,8161,113857,0.013087,24431,570924,0.065622,8700223
1,2021-02-03,39645,724620,15234,362113,24411,362507,0,0,28562,474745,0.054567,10921,124778,0.014342,28599,599523,0.068909,8700223
1,2021-02-04,44007,768627,17138,379251,26869,389376,0,0,31743,494394,0.056825,12142,136920,0.015738,31791,631314,0.072563,8700223
1,2021-02-05,46800,815427,17227,396478,29573,418949,0,0,30675,509143,0.058521,15978,152898,0.017574,30727,662041,0.076095,8700223
1,2021-02-06,26596,842023,10536,407014,16060,435009,0,0,20684,523978,0.060226,5865,158763,0.018248,20700,682741,0.078474,8700223
1,2021-02-07,6296,848319,4061,411075,2235,437244,0,0,4654,527026,0.060576,1624,160387,0.018435,4672,687413,0.079011,8700223
1,2021-02-08,31607,879926,14446,425521,17161,454405,0,0,21075,537755,0.061809,10442,170829,0.019635,21171,708584,0.081444,8700223
1,2021-02-09,38424,918350,16851,442372,21573,475978,0,0,23657,546815,0.062851,14674,185503,0.021322,23734,732318,0.084172,8700223
1,2021-02-10,47194,965544,22132,464504,25062,501040,0,0,26828,553477,0.063616,20244,205747,0.023648,26906,759224,0.087265,8700223
1,2021-02-11,51768,1017312,25419,489923,26349,527389,0,0,30907,563939,0.064819,20548,226295,0.02601,31010,790234,0.090829,8700223
1,2021-02-12,49985,1067297,21507,511430,28478,555867,0,0,28688,571622,0.065702,21144,247439,0.028441,28827,819061,0.094143,8700223
1,2021-02-13,26364,1093661,11527,522957,14837,570704,0,0,15264,575931,0.066197,11031,258470,0.029708,15340,834401,0.095906,8700223
1,2021-02-14,11778,1105439,5564,528521,6214,576918,0,0,6699,577646,0.066394,5049,263519,0.030289,6764,841165,0.096683,8700223
1,2021-02-15,23860,1129299,9376,537897,14484,591402,0,0,14512,583041,0.067014,9231,272750,0.03135,14626,855791,0.098364,8700223
1,2021-02-16,47055,1176354,22464,560361,24591,615993,0,0,27461,591099,0.067941,19514,292264,0.033593,27572,883363,0.101533,8700223
1,2021-02-17,48418,1224772,24534,584895,23884,639877,0,0,26094,595168,0.068408,22173,314437,0.036141,26242,909605,0.10455,8700223
1,2021-02-18,51114,1275886,25564,610459,25550,665427,0,0,26482,597486,0.068675,24395,338832,0.038945,26713,936318,0.10762,8700223
1,2021-02-19,46572,1322458,25263,635722,21309,686736,0,0,26096,603318,0.069345,20327,359159,0.041282,26159,962477,0.110627,8700223
1,2021-02-20,27615,1350073,16831,652553,10784,697520,0,0,15769,607378,0.069812,11785,370944,0.042636,15845,978322,0.112448,8700223
1,2021-02-21,12317,1362390,10612,663165,1705,699225,0,0,7420,610008,0.070114,4840,375784,0.043192,7470,985792,0.113307,8700223
1,2021-02-22,31457,1393847,20725,683890,10732,709957,0,0,18107,614959,0.070683,13257,389041,0.044716,18208,1004000,0.115399,8700223
1,2021-02-23,45475,1439322,21981,705871,23494,733451,0,0,24965,620059,0.071269,20227,409268,0.047041,25327,1029327,0.11831,8700223
1,2021-02-24,55548,1494870,26821,732692,28727,762178,0,0,30572,626302,0.071987,24780,434048,0.049889,31023,1060350,0.121876,8700223
1,2021-02-25,67919,1562789,32961,765653,34958,797136,0,0,41984,643017,0.073908,25769,459817,0.052851,42484,1102834,0.126759,8700223
1,2021-02-26,75582,1638371,35417,801070,40165,837301,0,0,49485,667104,0.076677,25873,485690,0.055825,49960,1152794,0.132502,8700223
1,2021-02-27,51862,1690233,23747,824817,28106,865407,9,9,34056,683768,0.078592,17666,503356,0.057856,34330,1187124,0.136448,8700223
1,2021-02-28,19657,1709890,11644,836461,8011,873418,2,11,14433,693196,0.079676,5147,508503,0.058447,14575,1201699,0.138123,8700223
1,2021-03-01,44813,1754703,20674,857135,24100,897518,39,50,28791,706413,0.081195,15850,524353,0.060269,29067,1230766,0.141464,8700223
1,2021-03-02,62535,1817238,27266,884401,35261,932779,8,58,40290,725236,0.083358,22094,546447,0.062808,40917,1271683,0.146167,8700223
1,2021-03-03,70276,1887514,33670,918071,36582,969361,24,82,43022,741779,0.08526,27095,573542,0.065923,43638,1315321,0.151182,8700223
1,2021-03-04,78574,1966088,37125,955196,41413,1010774,36,118,50710,765353,0.087969,27682,601224,0.069104,51256,1366577,0.157074,8700223
1,2021-03-05,77767,2043855,35247,990443,42314,1053088,206,324,52129,792916,0.091137,25399,626623,0.072024,52962,1419539,0.163161,8700223
1,2021-03-06,57416,2101271,27442,1017885,28625,1081713,1349,1673,39071,815428,0.093725,18269,644892,0.074124,40781,1460320,0.167849,8700223
1,2021-03-07,20913,2122184,13015,1030900,6710,1088423,1188,2861,15480,826943,0.095048,5407,650299,0.074745,16922,1477242,0.169794,8700223
1,2021-03-08,45889,2168073,22420,1053320,21514,1109937,1955,4816,32168,847781,0.097444,13620,663919,0.076311,34458,1511700,0.173754,8700223
1,2021-03-09,66591,2234664,32226,1085546,31862,1141799,2503,7319,40968,866114,0.099551,25477,689396,0.079239,43810,1555510,0.17879,8700223
1,2021-03-10,73557,2308221,36656,1122202,32426,1174225,4475,11794,45289,888084,0.102076,28160,717556,0.082476,50130,1605640,0.184552,8700223
1,2021-03-11,90028,2398249,41374,1163576,40648,1214873,8006,19800,52406,911557,0.104774,37396,754952,0.086774,60869,1666509,0.191548,8700223
1,2021-03-12,98802,2497051,43550,1207126,42843,1257716,12409,32209,57738,941307,0.108193,40855,795807,0.09147,70605,1737114,0.199663,8700223
1,2021-03-13,65245,2562296,29518,1236644,28063,1285779,7664,39873,41621,967424,0.111195,23495,819302,0.09417,49612,1786726,0.205366,8700223
1,2021-03-14,27875,2590171,14907,1251551,9395,1295174,3573,43446,15620,974627,0.112023,12183,831485,0.095571,19386,1806112,0.207594,8700223
1,2021-03-15,65174,2655345,28737,1280288,29672,1324846,6765,50211,38320,993436,0.114185,26639,858124,0.098632,45448,1851560,0.212818,8700223
1,2021-03-16,85614,2740959,39066,1319354,40923,1365769,5625,55836,53102,1020230,0.117265,32292,890416,0.102344,59086,1910646,0.219609,8700223
1,2021-03-17,92825,2833784,45264,1364618,41022,1406791,6539,62375,59679,1053892,0.121134,32922,923338,0.106128,66584,1977230,0.227262,8700223
1,2021-03-18,98537,2932321,50816,1415434,42000,1448791,5721,68096,59683,1081285,0.124282,38503,961841,0.110554,65896,2043126,0.234836,8700223
1,2021-03-19,103515,3035836,53616,1469050,43599,1492390,6300,74396,60627,1106129,0.127138,42605,1004446,0.115451,67449,2110575,0.242589,8700223
1,2021-03-20,72377,3108213,37190,1506240,29972,1522362,5215,79611,46540,1132510,0.13017,25653,1030099,0.118399,52034,2162609,0.248569,8700223
1,2021-03-21,27224,3135437,19012,1525252,6402,1528764,1810,81421,17079,1141439,0.131197,10054,1040153,0.119555,18983,2181592,0.250751,8700223
1,2021-03-22,59137,3194574,30549,1555801,25305,1554069,3283,84704,40003,1166184,0.134041,18915,1059068,0.121729,43660,2225252,0.25577,8700223
1,2021-03-23,82975,3277549,42255,1598056,37107,1591176,3613,88317,51200,1189925,0.136769,31535,1090603,0.125353,55276,2280528,0.262123,8700223
1,2021-03-24,87876,3365425,44520,1642576,39015,1630191,4341,92658,52593,1212033,0.139311,34994,1125597,0.129376,57102,2337630,0.268686,8700223
1,2021-03-25,96625,3462050,49421,1691997,41386,1671577,5818,98476,53722,1229206,0.141284,42578,1168175,0.13427,59751,2397381,0.275554,8700223
1,2021-03-26,104380,3566430,50933,1742930,47141,1718718,6306,104782,56014,1243815,0.142964,48009,1216184,0.139788,62618,2459999,0.282751,8700223
1,2021-03-27,73930,3640360,38201,1781131,31519,1750237,4210,108992,38060,1250643,0.143748,35643,1251827,0.143884,42471,2502470,0.287633,8700223
1,2021-03-28,32656,3673016,21379,1802510,10060,1760297,1217,110209,16424,1252607,0.143974,16126,1267953,0.145738,18090,2520560,0.289712,8700223
1,2021-03-29,67109,3740125,33329,1835839,30619,1790916,3161,113370,37108,1263279,0.145201,29801,1297754,0.149163,40473,2561033,0.294364,8700223
1,2021-03-30,91940,3832065,45309,1881148,40260,1831176,6371,119741,47312,1272625,0.146275,44428,1342182,0.15427,53774,2614807,0.300545,8700223
1,2021-03-31,100778,3932843,52656,1933804,41933,1873109,6189,125930,55319,1289053,0.148163,45145,1387327,0.159459,61573,2676380,0.307622,8700223
1,2021-04-01,111806,4044649,53518,1987322,49515,1922624,8773,134703,57011,1300515,0.149481,54375,1441702,0.165709,65837,2742217,0.315189,8700223
1,2021-04-02,111232,4155881,50908,2038230,50623,1973247,9701,144404,56447,1312513,0.15086,54356,1496058,0.171956,66354,2808571,0.322816,8700223
1,2021-04-03,77974,4233855,39259,2077489,29088,2002335,9627,154031,36472,1317359,0.151417,41321,1537379,0.176706,46167,2854738,0.328122,8700223
1,2021-04-04,23746,4257601,11818,2089307,8466,2010801,3462,157493,9936,1317003,0.151376,13745,1551124,0.178286,13389,2868127,0.329661,8700223
1,2021-04-05,76288,4333889,36647,2125954,30340,2041141,9301,166794,34221,1318829,0.151586,41868,1592992,0.183098,43694,2911821,0.334683,8700223
1,2021-04-06,103606,4437495,49256,2175210,37772,2078913,16578,183372,46788,1325700,0.152375,56533,1649525,0.189596,63404,2975225,0.341971,8700223
1,2021-04-07,111798,4549293,54366,2229576,39898,2118811,17534,200906,50394,1332550,0.153163,61106,1710631,0.196619,67956,3043181,0.349782,8700223
1,2021-04-08,122206,4671499,57890,2287466,43344,2162155,20972,221878,53984,1339769,0.153992,67807,1778438,0.204413,75026,3118207,0.358405,8700223
1,2021-04-09,123439,4794938,56383,2343849,46257,2208412,20799,242677,54184,1345922,0.1547,68884,1847322,0.21233,75037,3193244,0.36703,8700223
1,2021-04-10,95658,4890596,42503,2386352,30461,2238873,22694,265371,37370,1347882,0.154925,58080,1905402,0.219006,60040,3253284,0.373931,8700223
1,2021-04-11,36418,4927014,20322,2406674,9413,2248286,6683,272054,14819,1347952,0.154933,21539,1926941,0.221482,21609,3274893,0.376415,8700223
1,2021-04-12,74297,5001311,33238,2439912,31076,2279362,9983,282037,31456,1346992,0.154823,42554,1969495,0.226373,41594,3316487,0.381196,8700223
1,2021-04-13,97234,5098545,52073,2491985,44821,2324183,340,282377,52510,1355752,0.15583,44434,2013929,0.23148,53194,3369681,0.38731,8700223
1,2021-04-14,104898,5203443,54360,2546345,50467,2374650,71,282448,53415,1358492,0.156145,51118,2065047,0.237356,53858,3423539,0.3935,8700223
1,2021-04-15,106107,5309550,57751,2604096,48267,2422917,89,282537,56740,1366710,0.157089,48784,2113831,0.242963,57002,3480541,0.400052,8700223
1,2021-04-16,110684,5420234,56800,2660896,53796,2476713,88,282625,55412,1367650,0.157197,54744,2168575,0.249255,55684,3536225,0.406452,8700223
1,2021-04-17,83363,5503597,45272,2706168,38080,2514793,11,282636,46728,1378148,0.158404,36403,2204978,0.253439,46901,3583126,0.411843,8700223
1,2021-04-18,30201,5533798,20421,2726589,9773,2524566,7,282643,15251,1378747,0.158473,14861,2219839,0.255147,15460,3598586,0.41362,8700223
1,2021-04-19,67126,5600924,34004,2760593,33109,2557675,13,282656,30497,1373109,0.157825,36277,2256116,0.259317,30639,3629225,0.417142,8700223
1,2021-04-20,88454,5689378,44625,2805218,43808,2601483,21,282677,41705,1368629,0.15731,46410,2302526,0.264651,41930,3671155,0.421961,8700223
1,2021-04-21,97434,5786812,50823,2856041,46512,2647995,99,282776,43832,1359740,0.156288,53054,2355580,0.270749,44165,3715320,0.427037,8700223
1,2021-04-22,96726,5883538,50492,2906533,46218,2694213,16,282792,44470,1352680,0.155476,51765,2407345,0.276699,44705,3760025,0.432176,8700223
1,2021-04-23,101354,5984892,52334,2958867,48994,2743207,26,282818,48476,1349020,0.155056,52389,2459734,0.282721,48729,3808754,0.437777,8700223
1,2021-04-24,75272,6060164,46660,3005527,28587,2771794,25,282843,42591,1359325,0.15624,32565,2492299,0.286464,42870,3851624,0.442704,8700223
1,2021-04-25,27015,6087179,17192,3022719,9809,2781603,14,282857,15444,1363461,0.156716,11461,2503760,0.287781,15597,3867221,0.444497,8700223
1,2021-04-26,65784,6152963,34501,3057220,30884,2812487,399,283256,31470,1361654,0.156508,34015,2537775,0.291691,32208,3899429,0.448199,8700223
1,2021-04-27,81127,6234090,43109,3100329,36719,2849206,1299,284555,35485,1353415,0.155561,45366,2583141,0.296905,37127,3936556,0.452466,8700223
1,2021-04-28,80788,6314878,42995,3143324,36296,2885502,1497,286052,35683,1346056,0.154715,44773,2627914,0.302051,37414,3973970,0.456766,8700223
1,2021-04-29,83871,6398749,46124,3189448,36139,2921641,1608,287660,34665,1333620,0.153286,48868,2676782,0.307668,36432,4010402,0.460954,8700223
1,2021-04-30,91268,6490017,49461,3238909,39948,2961589,1859,289519,38563,1321825,0.15193,52390,2729172,0.31369,40595,4050997,0.46562,8700223
1,2021-05-01,62388,6552405,40300,3279209,20677,2982266,1411,290930,26355,1314005,0.151031,35805,2764977,0.317805,27985,4078982,0.468836,8700223
1,2021-05-02,23275,6575680,16444,3295653,6254,2988520,577,291507,9425,1310290,0.150604,13745,2778722,0.319385,10030,4089012,0.469989,8700223
1,2021-05-03,55571,6631251,30736,3326389,23005,3011525,1830,293337,20549,1297937,0.149184,34787,2813509,0.323384,22434,4111446,0.472568,8700223
1,2021-05-04,75067,6706318,43215,3369604,29766,3041291,2086,295423,27289,1279913,0.147113,47486,2860995,0.328842,29462,4140908,0.475954,8700223
1,2021-05-05,77271,6783589,44823,3414427,30163,3071454,2285,297708,26436,1258209,0.144618,50509,2911504,0.334647,28805,4169713,0.479265,8700223
1,2021-05-06,78456,6862045,47513,3461940,28783,3100237,2160,299868,24674,1231785,0.141581,53414,2964918,0.340786,26990,4196703,0.482367,8700223
1,2021-05-07,82522,6944567,46938,3508878,33396,3133633,2188,302056,27746,1207429,0.138781,54355,3019273,0.347034,29999,4226702,0.485815,8700223
1,2021-05-08,56639,7001206,35546,3544424,19461,3153094,1632,303688,19352,1191548,0.136956,36960,3056233,0.351282,21079,4247781,0.488238,8700223
1,2021-05-09,18188,7019394,13068,3557492,4641,3157735,479,304167,5570,1185090,0.136214,12542,3068775,0.352724,6084,4253865,0.488937,8700223
1,2021-05-10,43746,7063140,22077,3579569,19865,3177600,1804,305971,14819,1173141,0.13484,28664,3097439,0.356018,16715,4270580,0.490859,8700223
1,2021-05-11,61766,7124906,33485,3613054,26132,3203732,2149,308120,20471,1154850,0.132738,41029,3138468,0.360734,22738,4293318,0.493472,8700223
1,2021-05-12,62292,7187198,33152,3646206,27092,3230824,2048,310168,20495,1135972,0.130568,41490,3179958,0.365503,22612,4315930,0.496071,8700223
1,2021-05-13,66303,7253501,38847,3685053,25469,3256293,1987,312155,25259,1122827,0.129057,40668,3220626,0.370177,27523,4343453,0.499235,8700223
1,2021-05-14,75879,7329380,45752,3730805,27739,3284032,2388,314543,30734,1111471,0.127752,44755,3265381,0.375322,33399,4376852,0.503074,8700223
1,2021-05-15,66026,7395406,43300,3774105,20980,3305012,1746,316289,26363,1100269,0.126464,39379,3304760,0.379848,28177,4405029,0.506312,8700223
1,2021-05-16,24920,7420326,18349,3792454,5951,3310963,620,316909,10232,1096589,0.126041,14578,3319338,0.381523,10898,4415927,0.507565,8700223
1,2021-05-17,53982,7474308,33007,3825461,19205,3330168,1770,318679,22959,1090608,0.125354,30769,3350107,0.38506,24788,4440715,0.510414,8700223
1,2021-05-18,64795,7539103,39052,3864513,23921,3354089,1822,320501,28144,1084276,0.124626,36383,3386490,0.389242,30051,4470766,0.513868,8700223
1,2021-05-19,66157,7605260,40288,3904801,23943,3378032,1926,322427,29573,1079556,0.124084,36306,3422796,0.393415,31586,4502352,0.517498,8700223
1,2021-05-20,64030,7669290,37093,3941894,24735,3402767,2202,324629,26351,1070966,0.123096,37348,3460144,0.397708,28758,4531110,0.520804,8700223
1,2021-05-21,69762,7739052,41711,3983605,26207,3428974,1844,326473,28885,1061319,0.121988,40475,3500619,0.40236,30828,4561938,0.524347,8700223
1,2021-05-22,55760,7794812,36649,4020254,17394,3446368,1717,328190,24362,1056355,0.121417,31141,3531760,0.405939,26177,4588115,0.527356,8700223
1,2021-05-23,20426,7815238,14262,4034516,5579,3451947,585,328775,9487,1055613,0.121332,10837,3542597,0.407185,10095,4598210,0.528516,8700223
1,2021-05-24,43645,7858883,24343,4058859,17476,3469423,1826,330601,17727,1049579,0.120638,25669,3568266,0.410135,19635,4617845,0.530773,8700223
1,2021-05-25,50709,7909592,29202,4088061,19835,3489258,1672,332273,21066,1043050,0.119888,29368,3597634,0.413511,22839,4640684,0.533398,8700223
1,2021-05-26,48341,7957933,27404,4115465,19049,3508307,1888,334161,20522,1037985,0.119306,27523,3625157,0.416674,22458,4663142,0.53598,8700223
1,2021-05-27,46901,8004834,26322,4141787,18677,3526984,1902,336063,20174,1033733,0.118817,26444,3651601,0.419713,22192,4685334,0.53853,8700223
1,2021-05-28,52219,8057053,29078,4170865,21320,3548304,1821,337884,23404,1030590,0.118456,28494,3680095,0.422989,25351,4710685,0.541444,8700223
1,2021-05-29,30601,8087654,18535,4189400,11107,3559411,959,338843,14645,1030444,0.118439,15805,3695900,0.424805,15659,4726344,0.543244,8700223
1,2021-05-30,11664,8099318,7521,4196921,3589,3563000,554,339397,5534,1030497,0.118445,6059,3701959,0.425502,6112,4732456,0.543947,8700223
1,2021-05-31,5713,8105031,3251,4200172,2209,3565209,253,339650,1992,1029091,0.118283,3664,3705623,0.425923,2258,4734714,0.544206,8700223
1,2021-06-01,45693,8150724,25839,4226011,18301,3583510,1553,341203,17354,1020042,0.117243,28034,3733657,0.429145,18985,4753699,0.546388,8700223
1,2021-06-02,39877,8190601,23124,4249135,15253,3598763,1500,342703,16093,1014206,0.116572,23502,3757159,0.431846,17666,4771365,0.548419,8700223
1,2021-06-03,41206,8231807,25819,4274954,13710,3612473,1677,344380,15796,1006640,0.115703,25111,3782270,0.434733,17545,4788910,0.550435,8700223
1,2021-06-04,50054,8281861,32026,4306980,16222,3628695,1806,346186,17935,994677,0.114328,31780,3814050,0.438385,19817,4808727,0.552713,8700223
1,2021-06-05,40246,8322107,27475,4334455,10781,3639476,1990,348176,14224,985135,0.113231,25810,3839860,0.441352,16268,4824995,0.554583,8700223
1,2021-06-06,13173,8335280,10545,4345000,2121,3641597,507,348683,4587,981784,0.112846,8506,3848366,0.44233,5155,4830150,0.555175,8700223
1,2021-06-07,33910,8369190,23382,4368382,9182,3650779,1346,350029,12068,973610,0.111906,21639,3870005,0.444817,13465,4843615,0.556723,8700223
1,2021-06-08,42166,8411356,29184,4397566,11342,3662121,1640,351669,14716,962879,0.110673,27181,3897186,0.447941,16450,4860065,0.558614,8700223
1,2021-06-09,42097,8453453,29225,4426791,11237,3673358,1635,353304,13753,950286,0.109225,28040,3925226,0.451164,15447,4875512,0.560389,8700223
1,2021-06-10,38966,8492419,26257,4453048,11017,3684375,1692,354996,13395,940154,0.108061,25324,3950550,0.454075,15192,4890704,0.562135,8700223
1,2021-06-11,43727,8536146,28950,4481998,13094,3697469,1683,356679,15493,929474,0.106833,27938,3978488,0.457286,17258,4907962,0.564119,8700223
1,2021-06-12,33649,8569795,24353,4506351,8096,3705565,1200,357879,11093,919491,0.105686,22346,4000834,0.459854,12363,4920325,0.56554,8700223
1,2021-06-13,11616,8581411,8430,4514781,2705,3708270,481,358360,3384,915226,0.105196,8165,4008999,0.460793,3900,4924225,0.565988,8700223
1,2021-06-14,30840,8612251,20760,4535541,8780,3717050,1300,359660,11554,909020,0.104482,19091,4028090,0.462987,12885,4937110,0.567469,8700223
1,2021-06-15,37107,8649358,24339,4559880,10919,3727969,1849,361509,13763,901646,0.103635,23080,4051170,0.46564,15706,4952816,0.569275,8700223
1,2021-06-16,35278,8684636,23815,4583695,9635,3737604,1828,363337,13222,894955,0.102866,21801,4072971,0.468146,15110,4967926,0.571011,8700223
1,2021-06-17,33460,8718096,22125,4605820,9392,3746996,1943,365280,13081,889933,0.102289,20143,4093114,0.470461,15121,4983047,0.572749,8700223
1,2021-06-18,39266,8757362,25472,4631292,10954,3757950,2840,368120,15233,884293,0.10164,23773,4116887,0.473193,18133,5001180,0.574834,8700223
1,2021-06-19,23762,8781124,16483,4647775,6084,3764034,1195,369315,9754,881430,0.101311,13844,4130731,0.474784,10981,5012161,0.576096,8700223
1,2021-06-20,8122,8789246,5948,4653723,1899,3765933,275,369590,3235,880127,0.101161,4824,4135555,0.475339,3521,5015682,0.5765,8700223
1,2021-06-21,20851,8810097,11818,4665541,6855,3772788,2178,371768,10870,883356,0.101533,9871,4145426,0.476474,13100,5028782,0.578006,8700223
1,2021-06-22,30652,8840749,20024,4685565,8508,3781296,2120,373888,12888,880880,0.101248,17556,4162982,0.478491,15080,5043862,0.579739,8700223
1,2021-06-23,29202,8869951,19597,4705162,7796,3789092,1809,375697,12776,879266,0.101062,16229,4179211,0.480357,14615,5058477,0.581419,8700223
1,2021-06-24,28104,8898055,18731,4723893,7729,3796821,1644,377341,11914,876896,0.10079,15995,4195206,0.482195,13625,5072102,0.582985,8700223
1,2021-06-25,31475,8929530,21329,4745222,8758,3805579,1388,378729,13826,874744,0.100543,17423,4212629,0.484198,15271,5087373,0.584741,8700223
1,2021-06-26,22119,8951649,16419,4761641,4890,3810469,810,379539,9649,872900,0.100331,12353,4224982,0.485618,10509,5097882,0.585948,8700223
1,2021-06-27,9106,8960755,6771,4768412,1908,3812377,427,379966,4052,872404,0.100274,4991,4229973,0.486191,4495,5102377,0.586465,8700223
1,2021-06-28,20965,8981720,15572,4783984,4150,3816527,1243,381209,9707,872334,0.100266,11074,4241047,0.487464,11004,5113381,0.58773,8700223
1,2021-06-29,26341,9008061,17999,4801983,6985,3823512,1357,382566,11569,870720,0.10008,14602,4255649,0.489143,12988,5126369,0.589223,8700223
1,2021-06-30,25612,9033673,17739,4819722,6836,3830348,1037,383603,12157,870740,0.100082,13247,4268896,0.490665,13267,5139636,0.590748,8700223
1,2021-07-01,23330,9057003,16252,4835974,5829,3836177,1249,384852,10789,870459,0.10005,12398,4281294,0.49209,12117,5151753,0.59214,8700223
1,2021-07-02,26075,9083078,17886,4853860,7162,3843339,1027,385879,12259,870198,0.10002,13630,4294924,0.493657,13369,5165122,0.593677,8700223
1,2021-07-03,14480,9097558,10127,4863987,3919,3847258,434,386313,6866,870045,0.100003,7489,4302413,0.494518,7336,5172458,0.59452,8700223
1,2021-07-04,1259,9098817,706,4864693,488,3847746,65,386378,607,870079,0.100007,644,4303057,0.494592,678,5173136,0.594598,8700223
1,2021-07-05,10903,9109720,7522,4872215,3021,3850767,360,386738,5190,870023,0.1,5651,4308708,0.495241,5595,5178731,0.595241,8700223
1,2021-07-06,26837,9136557,18977,4891192,6747,3857514,1113,387851,10727,866034,0.099542,15931,4324639,0.497072,11942,5190673,0.596614,8700223
1,2021-07-07,23199,9159756,16254,4907446,5865,3863379,1080,388931,9991,864154,0.099326,13039,4337678,0.498571,11159,5201832,0.597896,8700223
1,2021-07-08,21987,9181743,15230,4922676,5807,3869186,950,389881,9591,862516,0.099137,12270,4349948,0.499981,10632,5212464,0.599118,8700223
1,2021-07-09,25750,9207493,18243,4940919,6556,3875742,951,390832,11691,861345,0.099003,13886,4363834,0.501577,12715,5225179,0.60058,8700223
1,2021-07-10,15912,9223405,11535,4952454,3785,3879527,592,391424,7110,860406,0.098895,8694,4372528,0.502577,7755,5232934,0.601471,8700223
1,2021-07-11,6637,9230042,4849,4957303,1599,3881126,189,391613,3196,860417,0.098896,3392,4375920,0.502966,3403,5236337,0.601862,8700223
1,2021-07-12,19300,9249342,13936,4971239,4598,3885724,766,392379,8584,859267,0.098764,10596,4386516,0.504184,9446,5245783,0.602948,8700223
1,2021-07-13,11808,9261150,8441,4979680,2840,3888564,527,392906,5386,858898,0.098721,6340,4392856,0.504913,5971,5251754,0.603634,8700223
2,2020-12-15,245,245,245,245,0,0,0,0,245,245,2.9e-05,0,0,0.0,245,245,2.9e-05,8407551
2,2020-12-16,2125,2370,2125,2370,0,0,0,0,2124,2369,0.000282,0,0,0.0,2124,2369,0.000282,8407551
2,2020-12-17,6927,9297,6927,9297,0,0,0,0,6928,9297,0.001106,0,0,0.0,6928,9297,0.001106,8407551
2,2020-12-18,11095,20392,11075,20372,20,20,0,0,11095,20392,0.002425,0,0,0.0,11095,20392,0.002425,8407551
2,2020-12-19,5631,26023,5625,25997,6,26,0,0,5632,26024,0.003095,0,0,0.0,5632,26024,0.003095,8407551
2,2020-12-20,4253,30276,4243,30240,10,36,0,0,4248,30271,0.0036,1,1,0.0,4248,30272,0.003601,8407551
2,2020-12-21,12783,43059,12755,42995,28,64,0,0,12738,43009,0.005116,0,1,0.0,12738,43010,0.005116,8407551
2,2020-12-22,12147,55206,11633,54628,514,578,0,0,12145,55154,0.00656,0,1,0.0,12145,55155,0.00656,8407551
2,2020-12-23,11718,66924,9499,64127,2219,2797,0,0,11720,66874,0.007954,1,2,0.0,11721,66876,0.007954,8407551
2,2020-12-24,5915,72839,3499,67626,2416,5213,0,0,5911,72784,0.008657,3,5,1e-06,5913,72789,0.008658,8407551
2,2020-12-25,485,73324,407,68033,78,5291,0,0,487,73271,0.008715,0,5,1e-06,487,73276,0.008715,8407551
2,2020-12-26,2554,75878,1659,69692,895,6186,0,0,2555,75825,0.009019,1,6,1e-06,2555,75831,0.009019,8407551
2,2020-12-27,2235,78113,1215,70907,1020,7206,0,0,2232,78055,0.009284,2,8,1e-06,2232,78063,0.009285,8407551
2,2020-12-28,11026,89139,7162,78069,3864,11070,0,0,11026,89080,0.010595,1,9,1e-06,11026,89089,0.010596,8407551
2,2020-12-29,12723,101862,7154,85223,5569,16639,0,0,12727,101807,0.012109,0,9,1e-06,12727,101816,0.01211,8407551
2,2020-12-30,15445,117307,8665,93888,6780,23419,0,0,15439,117243,0.013945,5,14,2e-06,15441,117257,0.013947,8407551
2,2020-12-31,7584,124891,2830,96718,4754,28173,0,0,7577,124815,0.014846,5,19,2e-06,7577,124834,0.014848,8407551
2,2021-01-01,1211,126102,599,97317,612,28785,0,0,1211,126023,0.014989,3,22,3e-06,1211,126045,0.014992,8407551
2,2021-01-02,4847,130949,2760,100077,2087,30872,0,0,4842,130863,0.015565,2,24,3e-06,4842,130887,0.015568,8407551
2,2021-01-03,1406,132355,789,100866,617,31489,0,0,1398,132257,0.015731,4,28,3e-06,1398,132285,0.015734,8407551
2,2021-01-04,11664,144019,5563,106429,6101,37590,0,0,11653,143907,0.017116,3,31,4e-06,11653,143938,0.01712,8407551
2,2021-01-05,13902,157921,6941,113370,6961,44551,0,0,12683,155415,0.018485,1210,1241,0.000148,12718,156656,0.018633,8407551
2,2021-01-06,19023,176944,10498,123868,8525,53076,0,0,15188,166838,0.019844,3776,5017,0.000597,15199,171855,0.020441,8407551
2,2021-01-07,23288,200232,13136,137004,10152,63228,0,0,15595,174752,0.020785,7696,12713,0.001512,15610,187465,0.022297,8407551
2,2021-01-08,26791,227023,16259,153263,10532,73760,0,0,16462,180965,0.021524,10273,22986,0.002734,16486,203951,0.024258,8407551
2,2021-01-09,9855,236878,5765,159028,4090,77850,0,0,6274,183674,0.021846,3572,26558,0.003159,6281,210232,0.025005,8407551
2,2021-01-10,5307,242185,2967,161995,2340,80190,0,0,3043,184458,0.02194,2264,28822,0.003428,3048,213280,0.025368,8407551
2,2021-01-11,26168,268353,18003,179998,8165,88355,0,0,15069,188481,0.022418,11096,39918,0.004748,15119,228399,0.027166,8407551
2,2021-01-12,26358,294711,16369,196367,9989,98344,0,0,16752,195713,0.023278,9604,49522,0.00589,16836,245235,0.029168,8407551
2,2021-01-13,28574,323285,15152,211519,13422,111766,0,0,20571,208327,0.024779,7985,57507,0.00684,20599,265834,0.031618,8407551
2,2021-01-14,30576,353861,11641,223160,18935,130701,0,0,26286,230389,0.027403,4297,61804,0.007351,26359,292193,0.034754,8407551
2,2021-01-15,35071,388932,12684,235844,22387,153088,0,0,31778,258972,0.030802,3284,65088,0.007742,31867,324060,0.038544,8407551
2,2021-01-16,18113,407045,5994,241838,12119,165207,0,0,16778,274412,0.032639,1349,66437,0.007902,16789,340849,0.040541,8407551
2,2021-01-17,10547,417592,3551,245389,6996,172203,0,0,9813,283486,0.033718,748,67185,0.007991,9822,350671,0.041709,8407551
2,2021-01-18,19728,437320,11029,256418,8699,180902,0,0,14917,293634,0.034925,4830,72015,0.008566,14978,365649,0.043491,8407551
2,2021-01-19,32613,469933,16937,273355,15676,196578,0,0,24584,310305,0.036908,8026,80041,0.00952,24697,390346,0.046428,8407551
2,2021-01-20,37615,507548,18970,292325,18645,215223,0,0,28994,330800,0.039346,8590,88631,0.010542,29085,419431,0.049887,8407551
2,2021-01-21,40950,548498,17389,309714,23561,238784,0,0,36448,362952,0.04317,4471,93102,0.011074,36623,456054,0.054243,8407551
2,2021-01-22,39600,588098,16542,326256,23058,261842,0,0,36248,395857,0.047084,3369,96471,0.011474,36274,492328,0.058558,8407551
2,2021-01-23,24108,612206,10780,337036,13328,275170,0,0,21137,414073,0.04925,2951,99422,0.011825,21167,513495,0.061075,8407551
2,2021-01-24,12420,624626,6100,343136,6320,281490,0,0,11502,424685,0.050512,902,100324,0.011933,11514,525009,0.062445,8407551
2,2021-01-25,33880,658506,15601,358737,18279,299769,0,0,25036,441066,0.052461,8793,109117,0.012978,25174,550183,0.065439,8407551
2,2021-01-26,40323,698829,19727,378464,20596,320365,0,0,31138,463129,0.055085,9157,118274,0.014068,31220,581403,0.069152,8407551
2,2021-01-27,45633,744462,22652,401116,22981,343346,0,0,35305,488296,0.058078,10198,128472,0.015281,35365,616768,0.073359,8407551
2,2021-01-28,47839,792301,22392,423508,25447,368793,0,0,39129,518852,0.061713,8646,137118,0.016309,39202,655970,0.078022,8407551
2,2021-01-29,45575,837876,21987,445495,23588,392381,0,0,36826,547115,0.065074,8626,145744,0.017335,36889,692859,0.082409,8407551
2,2021-01-30,31269,869145,13338,458833,17931,410312,0,0,27869,571655,0.067993,3362,149106,0.017735,27902,720761,0.085728,8407551
2,2021-01-31,17121,886266,10173,469006,6948,417260,0,0,15916,586405,0.069747,1186,150292,0.017876,15936,736697,0.087623,8407551
2,2021-02-01,40976,927242,19683,488689,21293,438553,0,0,29924,605369,0.072003,10998,161290,0.019184,29962,766659,0.091187,8407551
2,2021-02-02,47878,975120,19429,508118,28449,467002,0,0,36332,630332,0.074972,11465,172755,0.020548,36428,803087,0.09552,8407551
2,2021-02-03,54036,1029156,23814,531932,30222,497224,0,0,39779,656052,0.078031,14154,186909,0.022231,39874,842961,0.100262,8407551
2,2021-02-04,56132,1085288,24121,556053,32011,529235,0,0,40920,681969,0.081114,15102,202011,0.024027,41019,883980,0.105141,8407551
2,2021-02-05,60094,1145382,26263,582316,33831,563066,0,0,40566,703395,0.083662,19324,221335,0.026326,40750,924730,0.109988,8407551
2,2021-02-06,39280,1184662,18322,600638,20958,584024,0,0,31297,726879,0.086455,7906,229241,0.027266,31390,956120,0.113722,8407551
2,2021-02-07,15615,1200277,10347,610985,5268,589292,0,0,11843,735046,0.087427,3745,232986,0.027712,11912,968032,0.115138,8407551
2,2021-02-08,42854,1243131,21700,632685,21154,610446,0,0,29284,751113,0.089338,13427,246413,0.029309,29494,997526,0.118646,8407551
2,2021-02-09,49358,1292489,23217,655902,26141,636587,0,0,30474,763316,0.090789,18599,265012,0.031521,30802,1028328,0.12231,8407551
2,2021-02-10,59549,1352038,27869,683771,31680,668267,0,0,34345,773092,0.091952,24923,289935,0.034485,34699,1063027,0.126437,8407551
2,2021-02-11,64229,1416267,29502,713273,34727,702994,0,0,35779,781270,0.092925,28098,318033,0.037827,36276,1099303,0.130752,8407551
2,2021-02-12,65492,1481759,28123,741396,37369,740363,0,0,34774,786282,0.093521,30417,348450,0.041445,35429,1134732,0.134966,8407551
2,2021-02-13,38091,1519850,15884,757280,22207,762570,0,0,21989,792645,0.094278,16004,364454,0.043348,22367,1157099,0.137626,8407551
2,2021-02-14,20111,1539961,9335,766615,10776,773346,0,0,11183,795312,0.094595,8877,373331,0.044404,11544,1168643,0.138999,8407551
2,2021-02-15,33158,1573119,14944,781559,18214,791560,0,0,18375,799896,0.09514,14648,387979,0.046146,19232,1187875,0.141287,8407551
2,2021-02-16,56332,1629451,27581,809140,28751,820311,0,0,29702,803748,0.095598,26519,414498,0.049301,30371,1218246,0.144899,8407551
2,2021-02-17,61738,1691189,31777,840917,29961,850272,0,0,30644,804214,0.095654,31003,445501,0.052988,31469,1249715,0.148642,8407551
2,2021-02-18,66391,1757580,33477,874394,32914,883186,0,0,32337,803902,0.095617,33798,479299,0.057008,33486,1283201,0.152625,8407551
2,2021-02-19,59757,1817337,33090,907484,26667,909853,0,0,29662,804266,0.09566,29902,509201,0.060565,30266,1313467,0.156225,8407551
2,2021-02-20,37779,1855116,24514,931998,13265,923118,0,0,20526,808320,0.096142,17151,526352,0.062605,21205,1334672,0.158747,8407551
2,2021-02-21,21681,1876797,17559,949557,4122,927240,0,0,10769,809066,0.096231,10825,537177,0.063892,11571,1346243,0.160123,8407551
2,2021-02-22,39303,1916100,26856,976413,12447,939687,0,0,18627,807836,0.096085,20529,557706,0.066334,19299,1365542,0.162419,8407551
2,2021-02-23,53588,1969688,27336,1003749,26252,965939,0,0,23508,803412,0.095558,29824,587530,0.069881,25400,1390942,0.16544,8407551
2,2021-02-24,70822,2040510,36485,1040234,34337,1000276,0,0,32481,800126,0.095168,38137,625667,0.074417,34851,1425793,0.169585,8407551
2,2021-02-25,76573,2117083,36176,1076410,40397,1040673,0,0,38888,804410,0.095677,37420,663087,0.078868,41704,1467497,0.174545,8407551
2,2021-02-26,84922,2202005,36346,1112756,48576,1089249,0,0,45662,813308,0.096735,38961,702048,0.083502,47859,1515356,0.180238,8407551
2,2021-02-27,61850,2263855,28656,1141412,33187,1122436,7,7,33591,820216,0.097557,28023,730071,0.086835,34931,1550287,0.184392,8407551
2,2021-02-28,30090,2293945,17958,1159370,12131,1134567,1,8,17660,826394,0.098292,12317,742388,0.0883,18495,1568782,0.186592,8407551
2,2021-03-01,57004,2350949,29649,1189019,27310,1161877,45,53,31305,833537,0.099141,25400,767788,0.091321,32543,1601325,0.190463,8407551
2,2021-03-02,68671,2419620,32854,1221873,35806,1197683,11,64,38643,844670,0.100466,29856,797644,0.094872,40989,1642314,0.195338,8407551
2,2021-03-03,79904,2499524,38642,1260515,41248,1238931,14,78,45348,858261,0.102082,34342,831986,0.098957,47933,1690247,0.201039,8407551
2,2021-03-04,87985,2587509,43187,1303702,44769,1283700,29,107,50876,874675,0.104034,36870,868856,0.103342,53284,1743531,0.207377,8407551
2,2021-03-05,82026,2669535,38563,1342265,43157,1326857,306,413,50189,895941,0.106564,31613,900469,0.107102,52879,1796410,0.213666,8407551
2,2021-03-06,62883,2732418,30745,1373010,30439,1357296,1699,2112,38730,913784,0.108686,24020,924489,0.109959,41863,1838273,0.218645,8407551
2,2021-03-07,28581,2760999,16233,1389243,10805,1368101,1543,3655,18132,924190,0.109924,10376,934865,0.111193,20782,1859055,0.221117,8407551
2,2021-03-08,50736,2811735,23274,1412517,24898,1392999,2564,6219,31894,941560,0.11199,18729,953594,0.113421,36099,1895154,0.225411,8407551
2,2021-03-09,70574,2882309,32125,1444642,34599,1427598,3850,10069,39082,954484,0.113527,31352,984946,0.11715,44276,1939430,0.230677,8407551
2,2021-03-10,78384,2960693,37079,1481721,34768,1462366,6537,16606,41619,967417,0.115065,36549,1021495,0.121497,49482,1988912,0.236563,8407551
2,2021-03-11,93255,3053948,43015,1524736,41868,1504234,8372,24978,48647,981544,0.116746,44297,1065792,0.126766,58424,2047336,0.243512,8407551
2,2021-03-12,94083,3148031,38675,1563411,43442,1547676,11966,36944,46806,994713,0.118312,47023,1112815,0.132359,60192,2107528,0.250671,8407551
2,2021-03-13,69243,3217274,28980,1592391,32275,1579951,7988,44932,38043,1010977,0.120246,31066,1143881,0.136054,47330,2154858,0.2563,8407551
2,2021-03-14,37021,3254295,18305,1610696,14192,1594143,4524,49456,18553,1016443,0.120896,18364,1162245,0.138238,23830,2178688,0.259135,8407551
2,2021-03-15,67444,3321739,30424,1641120,32007,1626150,5013,54469,37189,1029705,0.122474,30035,1192280,0.141811,43297,2221985,0.264284,8407551
2,2021-03-16,86270,3408009,38163,1679283,44089,1670239,4018,58487,52186,1053155,0.125263,33885,1226165,0.145841,57335,2279320,0.271104,8407551
2,2021-03-17,92771,3500780,44424,1723707,44163,1714402,4184,62671,58787,1083261,0.128844,33707,1259872,0.14985,63813,2343133,0.278694,8407551
2,2021-03-18,98151,3598931,46792,1770499,46768,1761170,4591,67262,59676,1109941,0.132017,38156,1298028,0.154388,64836,2407969,0.286406,8407551
2,2021-03-19,97494,3696425,46143,1816642,45229,1806399,6122,73384,57739,1134887,0.134984,39445,1337473,0.15908,64391,2472360,0.294064,8407551
2,2021-03-20,69941,3766366,33850,1850492,32128,1838527,3963,77347,45733,1160978,0.138088,23973,1361446,0.161931,50064,2522424,0.300019,8407551
2,2021-03-21,33405,3799771,21580,1872072,9831,1848358,1994,79341,20036,1170215,0.139186,13226,1374672,0.163504,22463,2544887,0.302691,8407551
2,2021-03-22,62864,3862635,34576,1906648,25652,1874010,2636,81977,41748,1194613,0.142088,20883,1395555,0.165988,45281,2590168,0.308076,8407551
2,2021-03-23,83731,3946366,44509,1951157,36308,1910318,2914,84891,52307,1219529,0.145052,31144,1426699,0.169693,56060,2646228,0.314744,8407551
2,2021-03-24,91594,4037960,49218,2000375,39210,1949528,3166,88057,53698,1239646,0.147444,37562,1464261,0.17416,57679,2703907,0.321605,8407551
2,2021-03-25,101181,4139141,51047,2051422,46234,1995762,3900,91957,57215,1257915,0.149617,43606,1507867,0.179347,61875,2765782,0.328964,8407551
2,2021-03-26,103303,4242444,51242,2102664,48569,2044331,3492,95449,56435,1272414,0.151342,46476,1554343,0.184875,60975,2826757,0.336216,8407551
2,2021-03-27,75563,4318007,37705,2140369,34561,2078892,3297,98746,37895,1277044,0.151893,37421,1591764,0.189326,42051,2868808,0.341218,8407551
2,2021-03-28,37675,4355682,23267,2163636,13597,2092489,811,99557,20141,1281441,0.152415,17408,1609172,0.191396,21805,2890613,0.343812,8407551
2,2021-03-29,71254,4426936,36211,2199847,32772,2125261,2271,101828,40626,1294821,0.154007,30417,1639589,0.195014,43797,2934410,0.349021,8407551
2,2021-03-30,91881,4518817,45000,2244847,42503,2167764,4378,106206,51670,1311468,0.155987,40006,1679595,0.199772,56653,2991063,0.355759,8407551
2,2021-03-31,101157,4619974,52095,2296942,43953,2211717,5109,111315,57441,1330956,0.158305,43408,1723003,0.204935,62896,3053959,0.36324,8407551
2,2021-04-01,117499,4737473,56761,2353703,51505,2263222,9233,120548,64028,1351571,0.160757,53075,1776078,0.211248,73690,3127649,0.372005,8407551
2,2021-04-02,111579,4849052,51416,2405119,49990,2313212,10173,130721,59919,1370859,0.163051,51278,1827356,0.217347,70566,3198215,0.380398,8407551
2,2021-04-03,76841,4925893,37725,2442844,29287,2342499,9829,140550,38089,1380620,0.164212,38544,1865900,0.221931,48305,3246520,0.386143,8407551
2,2021-04-04,28994,4954887,14912,2457756,10227,2352726,3855,144405,13013,1381642,0.164333,15877,1881777,0.22382,16899,3263419,0.388153,8407551
2,2021-04-05,79119,5034006,38768,2496524,31511,2384237,8840,153245,38179,1388654,0.165167,40759,1922536,0.228668,47771,3311190,0.393835,8407551
2,2021-04-06,103884,5137890,50589,2547113,38587,2422824,14708,167953,49236,1398634,0.166355,54365,1976901,0.235134,64345,3375535,0.401488,8407551
2,2021-04-07,110469,5248359,55097,2602210,39127,2461951,16245,184198,52053,1409086,0.167598,58124,2035025,0.242047,68576,3444111,0.409645,8407551
2,2021-04-08,119284,5367643,57409,2659619,43164,2505115,18711,202909,55338,1420139,0.168912,63578,2098603,0.249609,74631,3518742,0.418522,8407551
2,2021-04-09,118782,5486425,57197,2716816,43477,2548592,18108,221017,56192,1433075,0.170451,62210,2160813,0.257009,75146,3593888,0.42746,8407551
2,2021-04-10,87600,5574025,37783,2754599,31398,2579990,18419,239436,36110,1437062,0.170925,51229,2212042,0.263102,55216,3649104,0.434027,8407551
2,2021-04-11,44461,5618486,23072,2777671,12925,2592915,8464,247900,18212,1438353,0.171079,26110,2238152,0.266207,27401,3676505,0.437286,8407551
2,2021-04-12,79977,5698463,37254,2814925,33323,2626238,9400,257300,35620,1440283,0.171308,44086,2282238,0.271451,46016,3722521,0.442759,8407551
2,2021-04-13,101821,5800284,52833,2867758,48728,2674966,260,257560,55811,1451501,0.172643,45747,2327985,0.276892,56965,3779486,0.449535,8407551
2,2021-04-14,106759,5907043,55907,2923665,50800,2725766,52,257612,54639,1455805,0.173154,51819,2379804,0.283056,56123,3835609,0.45621,8407551
2,2021-04-15,113361,6020404,60254,2983919,53025,2778791,82,257694,59357,1462691,0.173973,53618,2433422,0.289433,60504,3896113,0.463406,8407551
2,2021-04-16,110803,6131207,57467,3041386,53284,2832075,52,257746,56349,1465832,0.174347,54112,2487534,0.295869,57253,3953366,0.470216,8407551
2,2021-04-17,83603,6214810,42518,3083904,41071,2873146,14,257760,46854,1477063,0.175683,36501,2524035,0.30021,47732,4001098,0.475893,8407551
2,2021-04-18,35594,6250404,21623,3105527,13965,2887111,6,257766,16973,1476534,0.17562,18490,2542525,0.30241,17961,4019059,0.47803,8407551
2,2021-04-19,74902,6325306,40314,3145841,34572,2921683,16,257782,34212,1470957,0.174957,40426,2582951,0.307218,34849,4053908,0.482175,8407551
2,2021-04-20,97637,6422943,49520,3195361,48091,2969774,26,257808,47474,1469375,0.174768,49825,2632776,0.313144,48243,4102151,0.487913,8407551
2,2021-04-21,103410,6526353,55944,3251305,47410,3017184,56,257864,48905,1465250,0.174278,54057,2686833,0.319574,49932,4152083,0.493852,8407551
2,2021-04-22,107605,6633958,55662,3306967,51920,3069104,23,257887,47155,1453273,0.172853,60046,2746879,0.326716,48069,4200152,0.499569,8407551
2,2021-04-23,106940,6740898,56843,3363810,50079,3119183,18,257905,49453,1446577,0.172057,57085,2803964,0.333505,50389,4250541,0.505562,8407551
2,2021-04-24,80074,6820972,47162,3410972,32872,3152055,40,257945,41743,1451282,0.172616,38006,2841970,0.338026,42711,4293252,0.510642,8407551
2,2021-04-25,36245,6857217,22292,3433264,13939,3165994,14,257959,19718,1455088,0.173069,16392,2858362,0.339976,20198,4313450,0.513045,8407551
2,2021-04-26,73757,6930974,40866,3474130,32583,3198577,308,258267,33991,1451326,0.172622,39506,2897868,0.344674,35744,4349194,0.517296,8407551
2,2021-04-27,87911,7018885,46337,3520467,40214,3238791,1360,259627,37802,1441989,0.171511,49741,2947609,0.350591,40404,4389598,0.522102,8407551
2,2021-04-28,87603,7106488,46819,3567286,38923,3277714,1861,261488,38697,1434875,0.170665,48582,2996191,0.356369,41468,4431066,0.527034,8407551
2,2021-04-29,90331,7196819,49205,3616491,39428,3317142,1698,263186,35139,1417495,0.168598,54816,3051007,0.362889,37436,4468502,0.531487,8407551
2,2021-04-30,94058,7290877,52022,3668513,40048,3357190,1988,265174,36642,1399795,0.166493,56985,3107992,0.369667,39285,4507787,0.536159,8407551
2,2021-05-01,61934,7352811,37758,3706271,22607,3379797,1569,266743,24161,1388900,0.165197,37475,3145467,0.374124,26580,4534367,0.539321,8407551
2,2021-05-02,29098,7381909,20190,3726461,7938,3387735,970,267713,11057,1383106,0.164508,17910,3163377,0.376254,12116,4546483,0.540762,8407551
2,2021-05-03,59930,7441839,35473,3761934,22402,3410137,2055,269768,20192,1366141,0.16249,39478,3202855,0.38095,22513,4568996,0.54344,8407551
2,2021-05-04,79379,7521218,47389,3809323,29622,3439759,2368,272136,25837,1341527,0.159562,53216,3256071,0.387279,28602,4597598,0.546842,8407551
2,2021-05-05,79862,7601080,47572,3856895,29938,3469697,2352,274488,25033,1314832,0.156387,54444,3310515,0.393755,27749,4625347,0.550142,8407551
2,2021-05-06,82095,7683175,49743,3906638,29447,3499144,2905,277393,25151,1287044,0.153082,56486,3367001,0.400473,28698,4654045,0.553555,8407551
2,2021-05-07,83163,7766338,48023,3954661,32718,3531862,2422,279815,25615,1258352,0.149669,57189,3424190,0.407276,28497,4682542,0.556945,8407551
2,2021-05-08,55173,7821511,33427,3988088,20037,3551899,1709,281524,17312,1240476,0.147543,37626,3461816,0.411751,19750,4702292,0.559294,8407551
2,2021-05-09,21712,7843223,15688,4003776,5277,3557176,747,282271,6346,1232511,0.146596,15288,3477104,0.413569,7323,4709615,0.560165,8407551
2,2021-05-10,49819,7893042,27119,4030895,20832,3578008,1868,284139,14060,1213526,0.144338,35524,3512628,0.417794,16539,4726154,0.562132,8407551
2,2021-05-11,65552,7958594,35394,4066289,28054,3606062,2104,286243,19822,1190705,0.141623,45439,3558067,0.423199,22618,4748772,0.564822,8407551
2,2021-05-12,64706,8023300,34508,4100797,27988,3634050,2210,288453,19105,1167112,0.138817,45298,3603365,0.428587,21705,4770477,0.567404,8407551
2,2021-05-13,70493,8093793,40954,4141751,27600,3661650,1939,290392,25846,1151255,0.136931,44371,3647736,0.433864,28514,4798991,0.570795,8407551
2,2021-05-14,79329,8173122,47537,4189288,29541,3691191,2251,292643,30522,1136222,0.135143,48453,3696189,0.439627,33420,4832411,0.57477,8407551
2,2021-05-15,65941,8239063,43324,4232612,20904,3712095,1713,294356,25574,1123769,0.133662,40130,3736319,0.4444,27677,4860088,0.578062,8407551
2,2021-05-16,31507,8270570,23553,4256165,7032,3719127,922,295278,12859,1119159,0.133114,18520,3754839,0.446603,13910,4873998,0.579717,8407551
2,2021-05-17,57772,8328342,36626,4292791,19210,3738337,1936,297214,22802,1109513,0.131966,34747,3789586,0.450736,25101,4899099,0.582702,8407551
2,2021-05-18,69935,8398277,40928,4333719,27048,3765385,1959,299173,27836,1098007,0.130598,41839,3831425,0.455712,30333,4929432,0.58631,8407551
2,2021-05-19,68652,8466929,40621,4374340,26025,3791410,2006,301179,27230,1086584,0.129239,41127,3872552,0.460604,29704,4959136,0.589843,8407551
2,2021-05-20,69017,8535946,39949,4414289,26884,3818294,2184,303363,26205,1073080,0.127633,42488,3915040,0.465658,28984,4988120,0.59329,8407551
2,2021-05-21,72630,8608576,42878,4457167,27613,3845907,2139,305502,27618,1058726,0.125926,44662,3959702,0.47097,30308,5018428,0.596895,8407551
2,2021-05-22,53334,8661910,33765,4490932,17794,3863701,1775,307277,22331,1052581,0.125195,30787,3990489,0.474632,24642,5043070,0.599826,8407551
2,2021-05-23,24408,8686318,16632,4507564,7050,3870751,726,308003,10279,1049724,0.124855,14000,4004489,0.476297,11143,5054213,0.601152,8407551
2,2021-05-24,44684,8731002,25379,4532943,17546,3888297,1759,309762,17232,1041815,0.123914,27240,4031729,0.479537,19331,5073544,0.603451,8407551
2,2021-05-25,50611,8781613,29634,4562577,19116,3907413,1861,311623,19289,1032471,0.122803,31031,4062760,0.483228,21687,5095231,0.60603,8407551
2,2021-05-26,48582,8830195,27222,4589799,19678,3927091,1682,313305,19030,1024296,0.12183,29228,4091988,0.486704,21053,5116284,0.608534,8407551
2,2021-05-27,46492,8876687,26332,4616131,18411,3945502,1749,315054,18589,1017466,0.121018,27669,4119657,0.489995,20839,5137123,0.611013,8407551
2,2021-05-28,49820,8926507,27525,4643656,20336,3965838,1959,317013,20951,1012186,0.12039,28616,4148273,0.493398,23336,5160459,0.613789,8407551
2,2021-05-29,28975,8955482,17355,4661011,10569,3976407,1051,318064,13278,1011137,0.120265,15548,4163821,0.495248,14499,5174958,0.615513,8407551
2,2021-05-30,12618,8968100,8130,4669141,3727,3980134,761,318825,5527,1010451,0.120184,7040,4170861,0.496085,6354,5181312,0.616269,8407551
2,2021-05-31,5862,8973962,3424,4672565,2134,3982268,304,319129,1822,1008638,0.119968,3988,4174849,0.496559,2175,5183487,0.616528,8407551
2,2021-06-01,44644,9018606,25649,4698214,17344,3999612,1651,320780,15590,997490,0.118642,28767,4203616,0.499981,17619,5201106,0.618623,8407551
2,2021-06-02,38104,9056710,22427,4720641,14279,4013891,1398,322178,14958,991246,0.117899,22893,4226509,0.502704,16649,5217755,0.620603,8407551
2,2021-06-03,41304,9098014,26594,4747235,13233,4027124,1477,323655,13936,979906,0.116551,27133,4253642,0.505931,15793,5233548,0.622482,8407551
2,2021-06-04,47870,9145884,31265,4778500,15072,4042196,1533,325188,15497,965377,0.114823,32084,4285726,0.509747,17555,5251103,0.62457,8407551
2,2021-06-05,37752,9183636,26944,4805444,9352,4051548,1456,326644,11846,953410,0.113399,25684,4311410,0.512802,13717,5264820,0.626201,8407551
2,2021-06-06,14873,9198509,12196,4817640,2097,4053645,580,327224,4693,948755,0.112846,10117,4321527,0.514005,5462,5270282,0.626851,8407551
2,2021-06-07,33175,9231684,23215,4840855,8693,4062338,1267,328491,10776,938788,0.11166,22258,4343785,0.516653,12291,5282573,0.628313,8407551
2,2021-06-08,40474,9272158,28655,4869510,10456,4072794,1363,329854,12414,925115,0.110034,27821,4371606,0.519962,14148,5296721,0.629996,8407551
2,2021-06-09,38025,9310183,26569,4896079,9965,4082759,1491,331345,11530,912158,0.108493,26302,4397908,0.52309,13345,5310066,0.631583,8407551
2,2021-06-10,37617,9347800,26171,4922250,9933,4092692,1513,332858,11662,900041,0.107052,25758,4423666,0.526154,13641,5323707,0.633205,8407551
2,2021-06-11,41113,9388913,27286,4949536,12163,4104855,1664,334522,13183,887512,0.105561,27670,4451336,0.529445,15141,5338848,0.635006,8407551
2,2021-06-12,29316,9418229,21567,4971103,6836,4111691,913,335435,8668,876795,0.104287,20517,4471853,0.531885,9800,5348648,0.636172,8407551
2,2021-06-13,12197,9430426,8910,4980013,2671,4114362,616,336051,3098,871640,0.103673,9037,4480890,0.53296,3882,5352530,0.636634,8407551
2,2021-06-14,29797,9460223,21144,5001157,7458,4121820,1195,337246,10321,864051,0.102771,19313,4500203,0.535257,11724,5364254,0.638028,8407551
2,2021-06-15,35398,9495621,23556,5024713,9808,4131628,2034,339280,11914,855124,0.101709,23254,4523457,0.538023,14327,5378581,0.639732,8407551
2,2021-06-16,32785,9528406,22634,5047347,8368,4139996,1783,341063,11277,847151,0.100761,21343,4544800,0.540562,13370,5391951,0.641322,8407551
2,2021-06-17,30667,9559073,20485,5067832,8392,4148388,1790,342853,10877,840405,0.099958,19622,4564422,0.542896,12876,5404827,0.642854,8407551
2,2021-06-18,34463,9593536,22692,5090524,9905,4158293,1866,344719,12575,833428,0.099129,21676,4586098,0.545474,14699,5419526,0.644602,8407551
2,2021-06-19,20771,9614307,14470,5104994,5047,4163340,1254,345973,7868,829998,0.098721,12743,4598841,0.546989,9313,5428839,0.64571,8407551
2,2021-06-20,8224,9622531,5878,5110872,1883,4165223,463,346436,3049,828444,0.098536,5133,4603974,0.5476,3579,5432418,0.646136,8407551
2,2021-06-21,19193,9641724,11743,5122615,6138,4171361,1312,347748,9815,830489,0.098779,9263,4613237,0.548702,11308,5443726,0.647481,8407551
2,2021-06-22,26686,9668410,18288,5140903,7034,4178395,1364,349112,10459,826520,0.098307,16063,4629300,0.550612,12094,5455820,0.648919,8407551
2,2021-06-23,25734,9694144,17775,5158678,6353,4184748,1606,350718,10487,823798,0.097983,15107,4644407,0.552409,12385,5468205,0.650392,8407551
2,2021-06-24,25144,9719288,17124,5175802,6521,4191269,1499,352217,10404,821338,0.097691,14592,4658999,0.554145,12132,5480337,0.651835,8407551
2,2021-06-25,28476,9747764,19284,5195086,7711,4198980,1481,353698,11861,818455,0.097348,16456,4675455,0.556102,13573,5493910,0.65345,8407551
2,2021-06-26,18378,9766142,13547,5208633,3914,4202894,917,354615,7484,816288,0.09709,10811,4686266,0.557388,8644,5502554,0.654478,8407551
2,2021-06-27,8723,9774865,6663,5215296,1614,4204508,446,355061,3492,815164,0.096956,5185,4691451,0.558004,4061,5506615,0.654961,8407551
2,2021-06-28,19617,9794482,14916,5230212,3469,4207977,1232,356293,8650,814396,0.096865,10842,4702293,0.559294,10074,5516689,0.656159,8407551
2,2021-06-29,22427,9816909,15612,5245824,5751,4213728,1064,357357,9536,812469,0.096636,12764,4715057,0.560812,10837,5527526,0.657448,8407551
2,2021-06-30,21629,9838538,15375,5261199,5241,4218969,1013,358370,9588,811387,0.096507,11910,4726967,0.562229,10828,5538354,0.658736,8407551
2,2021-07-01,19541,9858079,13835,5275034,4847,4223816,859,359229,8682,810380,0.096387,10749,4737716,0.563507,9742,5548096,0.659894,8407551
2,2021-07-02,22475,9880554,15526,5290560,5943,4229759,1006,360235,9911,809086,0.096233,12412,4750128,0.564984,11118,5559214,0.661217,8407551
2,2021-07-03,12340,9892894,8925,5299485,2954,4232713,461,360696,5638,808685,0.096186,6620,4756748,0.565771,6219,5565433,0.661956,8407551
2,2021-07-04,981,9893875,577,5300062,337,4233050,67,360763,418,808640,0.09618,553,4757301,0.565837,508,5565941,0.662017,8407551
2,2021-07-05,10881,9904756,7972,5308034,2509,4235559,400,361163,5001,808338,0.096144,5828,4763129,0.56653,5526,5571467,0.662674,8407551
2,2021-07-06,23314,9928070,16958,5324992,5392,4240951,964,362127,9007,804414,0.095678,14170,4777299,0.568215,10246,5581713,0.663893,8407551
2,2021-07-07,20198,9948268,14409,5339401,4706,4245657,1083,363210,8592,802858,0.095492,11496,4788795,0.569583,9940,5591653,0.665075,8407551
2,2021-07-08,18577,9966845,13028,5352429,4648,4250305,901,364111,7923,801337,0.095312,10558,4799353,0.570838,9037,5600690,0.66615,8407551
2,2021-07-09,21711,9988556,15048,5367477,5509,4255814,1154,365265,9223,799569,0.095101,12358,4811711,0.572308,10590,5611280,0.66741,8407551
2,2021-07-10,13176,10001732,9711,5377188,2839,4258653,626,365891,5758,798779,0.095007,7334,4819045,0.573181,6544,5617824,0.668188,8407551
2,2021-07-11,6439,10008171,4736,5381924,1365,4260018,338,366229,3034,798855,0.095016,3363,4822408,0.573581,3439,5621263,0.668597,8407551
2,2021-07-12,17560,10025731,12932,5394856,3806,4263824,822,367051,7622,797661,0.094874,9832,4832240,0.57475,8638,5629901,0.669624,8407551
2,2021-07-13,10461,10036192,7441,5402297,2327,4266151,693,367744,4532,797185,0.094818,5863,4838103,0.575447,5387,5635288,0.670265,8407551
3,2020-12-15,307,307,307,307,0,0,0,0,307,307,3.8e-05,0,0,0.0,307,307,3.8e-05,8129050
3,2020-12-16,2442,2749,2442,2749,0,0,0,0,2443,2750,0.000338,0,0,0.0,2443,2750,0.000338,8129050
3,2020-12-17,7856,10605,7856,10605,0,0,0,0,7856,10606,0.001305,0,0,0.0,7856,10606,0.001305,8129050
3,2020-12-18,13424,24029,13406,24011,18,18,0,0,13423,24029,0.002956,0,0,0.0,13423,24029,0.002956,8129050
3,2020-12-19,7244,31273,7231,31242,13,31,0,0,7308,31337,0.003855,0,0,0.0,7308,31337,0.003855,8129050
3,2020-12-20,5657,36930,5649,36891,8,39,0,0,5704,37040,0.004556,1,1,0.0,5704,37041,0.004557,8129050
3,2020-12-21,14383,51313,14357,51248,26,65,0,0,14447,51486,0.006334,1,2,0.0,14447,51488,0.006334,8129050
3,2020-12-22,14802,66115,14234,65482,568,633,0,0,14841,66326,0.008159,1,3,0.0,14841,66329,0.00816,8129050
3,2020-12-23,14813,80928,12217,77699,2596,3229,0,0,14830,81155,0.009983,2,5,1e-06,14831,81160,0.009984,8129050
3,2020-12-24,6781,87709,4865,82564,1916,5145,0,0,6778,87931,0.010817,2,7,1e-06,6778,87938,0.010818,8129050
3,2020-12-25,722,88431,665,83229,57,5202,0,0,720,88651,0.010905,0,7,1e-06,720,88658,0.010906,8129050
3,2020-12-26,4620,93051,2998,86227,1622,6824,0,0,4618,93269,0.011474,0,7,1e-06,4618,93276,0.011474,8129050
3,2020-12-27,2983,96034,1854,88081,1129,7953,0,0,2983,96252,0.01184,0,7,1e-06,2983,96259,0.011841,8129050
3,2020-12-28,13630,109664,8725,96806,4905,12858,0,0,13655,109906,0.01352,1,8,1e-06,13655,109914,0.013521,8129050
3,2020-12-29,15023,124687,8464,105270,6559,19417,0,0,15051,124955,0.015371,2,10,1e-06,15051,124965,0.015373,8129050
3,2020-12-30,18024,142711,10052,115322,7972,27389,0,0,18029,142983,0.017589,2,12,1e-06,18030,142995,0.017591,8129050
3,2020-12-31,8446,151157,3236,118558,5210,32599,0,0,8445,151426,0.018628,2,14,2e-06,8445,151440,0.018629,8129050
3,2021-01-01,1467,152624,684,119242,783,33382,0,0,1464,152889,0.018808,1,15,2e-06,1464,152904,0.01881,8129050
3,2021-01-02,4932,157556,2417,121659,2515,35897,0,0,4932,157821,0.019414,0,15,2e-06,4932,157836,0.019416,8129050
3,2021-01-03,1613,159169,848,122507,765,36662,0,0,1603,159421,0.019611,3,18,2e-06,1603,159439,0.019613,8129050
3,2021-01-04,12028,171197,5970,128477,6058,42720,0,0,12001,171415,0.021087,7,25,3e-06,12001,171440,0.02109,8129050
3,2021-01-05,15724,186921,8145,136622,7579,50299,0,0,14048,183830,0.022614,1661,1686,0.000207,14076,185516,0.022821,8129050
3,2021-01-06,20601,207522,10900,147522,9701,60000,0,0,16060,195404,0.024038,4495,6181,0.00076,16069,201585,0.024798,8129050
3,2021-01-07,26613,234135,15218,162740,11395,71395,0,0,17146,203136,0.024989,9431,15612,0.001921,17163,218748,0.026909,8129050
3,2021-01-08,30602,264737,18718,181458,11884,83279,0,0,18128,208835,0.02569,12451,28063,0.003452,18150,236898,0.029142,8129050
3,2021-01-09,12444,277181,7033,188491,5411,88690,0,0,7914,212236,0.026108,4523,32586,0.004009,7924,244822,0.030117,8129050
3,2021-01-10,7212,284393,4472,192963,2740,91430,0,0,4066,213163,0.026222,3144,35730,0.004395,4071,248893,0.030618,8129050
3,2021-01-11,29069,313462,19023,211986,10046,101476,0,0,16453,217049,0.0267,12610,48340,0.005947,16496,265389,0.032647,8129050
3,2021-01-12,32587,346049,19467,231453,13120,114596,0,0,19947,224524,0.02762,12619,60959,0.007499,20094,285483,0.035119,8129050
3,2021-01-13,34572,380621,18043,249496,16529,131125,0,0,24342,238670,0.02936,10216,71175,0.008756,24362,309845,0.038116,8129050
3,2021-01-14,34725,415346,14204,263700,20521,151646,0,0,28813,261647,0.032187,5874,77049,0.009478,28851,338696,0.041665,8129050
3,2021-01-15,38979,454325,14450,278150,24529,176175,0,0,34289,291333,0.035839,4673,81722,0.010053,34359,373055,0.045892,8129050
3,2021-01-16,21740,476065,7412,285562,14328,190503,0,0,19417,308459,0.037945,2312,84034,0.010337,19438,392493,0.048283,8129050
3,2021-01-17,13140,489205,4455,290017,8685,199188,0,0,12100,319539,0.039308,1039,85073,0.010465,12119,404612,0.049774,8129050
3,2021-01-18,24785,513990,12951,302968,11834,211022,0,0,19175,333158,0.040984,5598,90671,0.011154,19217,423829,0.052138,8129050
3,2021-01-19,41067,555057,20890,323858,20177,231199,0,0,31941,356096,0.043805,9089,99760,0.012272,32027,455856,0.056077,8129050
3,2021-01-20,46154,601211,22995,346853,23159,254358,0,0,36601,383272,0.047148,9508,109268,0.013442,36684,492540,0.06059,8129050
3,2021-01-21,48062,649273,20841,367694,27221,281579,0,0,42557,420464,0.051724,5441,114709,0.014111,42633,535173,0.065835,8129050
3,2021-01-22,49815,699088,19837,387531,29978,311557,0,0,45590,461931,0.056825,4197,118906,0.014627,45664,580837,0.071452,8129050
3,2021-01-23,30368,729456,12799,400330,17569,329126,0,0,27072,485771,0.059757,3287,122193,0.015032,27127,607964,0.074789,8129050
3,2021-01-24,17839,747295,8471,408801,9368,338494,0,0,16656,501277,0.061665,1181,123374,0.015177,16687,624651,0.076842,8129050
3,2021-01-25,40843,788138,18220,427021,22623,361117,0,0,30858,522269,0.064247,9955,133329,0.016402,30947,655598,0.080649,8129050
3,2021-01-26,47314,835452,22602,449623,24712,385829,0,0,37144,549379,0.067582,10137,143466,0.017649,37247,692845,0.085231,8129050
3,2021-01-27,51474,886926,24508,474131,26966,412795,0,0,40814,579683,0.07131,10589,154055,0.018951,40893,733738,0.090261,8129050
3,2021-01-28,51911,938837,24094,498225,27817,440612,0,0,42967,613851,0.075513,8858,162913,0.020041,43026,776764,0.095554,8129050
3,2021-01-29,51031,989868,24492,522717,26539,467151,0,0,41286,645615,0.079421,9569,172482,0.021218,41333,818097,0.100639,8129050
3,2021-01-30,37427,1027295,17787,540504,19640,486791,0,0,32708,673742,0.082881,4665,177147,0.021792,32792,850889,0.104673,8129050
3,2021-01-31,22440,1049735,12754,553258,9686,496477,0,0,21026,693388,0.085298,1400,178547,0.021964,21046,871935,0.107262,8129050
3,2021-02-01,45905,1095640,20965,574223,24940,521417,0,0,35017,717602,0.088276,10836,189383,0.023297,35050,906985,0.111573,8129050
3,2021-02-02,54501,1150141,22705,596928,31796,553213,0,0,42049,747344,0.091935,12358,201741,0.024817,42100,949085,0.116752,8129050
3,2021-02-03,60103,1210244,26680,623608,33423,586636,0,0,44717,776878,0.095568,15255,216996,0.026694,44789,993874,0.122262,8129050
3,2021-02-04,64458,1274702,27922,651530,36536,623172,0,0,47202,807130,0.09929,17062,234058,0.028793,47314,1041188,0.128082,8129050
3,2021-02-05,70380,1345082,29804,681334,40576,663748,0,0,48655,834478,0.102654,21482,255540,0.031435,48830,1090018,0.134089,8129050
3,2021-02-06,43731,1388813,20990,702324,22741,686489,0,0,34085,859145,0.105688,9600,265140,0.032616,34267,1124285,0.138305,8129050
3,2021-02-07,19773,1408586,12590,714914,7183,693672,0,0,15196,869906,0.107012,4559,269699,0.033177,15320,1139605,0.140189,8129050
3,2021-02-08,51642,1460228,25017,739931,26625,720297,0,0,33887,886364,0.109037,17615,287314,0.035344,34073,1173678,0.144381,8129050
3,2021-02-09,58800,1519028,28511,768442,30289,750586,0,0,34413,896995,0.110344,24113,311427,0.03831,34744,1208422,0.148655,8129050
3,2021-02-10,68391,1587419,31816,800258,36575,787161,0,0,36682,902763,0.111054,31413,342840,0.042175,37181,1245603,0.153229,8129050
3,2021-02-11,70772,1658191,34820,835078,35952,823113,0,0,37610,908091,0.111709,32820,375660,0.046212,38148,1283751,0.157921,8129050
3,2021-02-12,75719,1733910,32676,867754,43043,866156,0,0,41754,916953,0.1128,33669,409329,0.050354,42531,1326282,0.163153,8129050
3,2021-02-13,45256,1779166,20517,888271,24739,890895,0,0,26073,924539,0.113733,19070,428399,0.0527,26656,1352938,0.166432,8129050
3,2021-02-14,27415,1806581,13714,901985,13701,904596,0,0,15228,928086,0.114169,12131,440530,0.054192,15678,1368616,0.168361,8129050
3,2021-02-15,40207,1846788,17300,919285,22907,927503,0,0,22213,933350,0.114817,17887,458417,0.056392,23151,1391767,0.171209,8129050
3,2021-02-16,70316,1917104,33283,952568,37033,964536,0,0,36514,937227,0.115294,33666,492083,0.060534,37543,1429310,0.175827,8129050
3,2021-02-17,72177,1989281,36494,989062,35683,1000219,0,0,34211,934782,0.114993,37732,529815,0.065176,35287,1464597,0.180168,8129050
3,2021-02-18,77412,2066693,40442,1029504,36970,1037189,0,0,35801,930508,0.114467,41419,571234,0.070271,37145,1501742,0.184738,8129050
3,2021-02-19,69487,2136180,40032,1069536,29455,1066644,0,0,35059,931992,0.11465,34273,605507,0.074487,35757,1537499,0.189136,8129050
3,2021-02-20,43111,2179291,27235,1096771,15876,1082520,0,0,22485,934474,0.114955,20505,626012,0.077009,22987,1560486,0.191964,8129050
3,2021-02-21,24197,2203488,19496,1116267,4701,1087221,0,0,11821,934396,0.114945,12283,638295,0.07852,12205,1572691,0.193466,8129050
3,2021-02-22,47342,2250830,30855,1147122,16487,1103708,0,0,22142,931960,0.114646,25064,663359,0.081604,22628,1595319,0.196249,8129050
3,2021-02-23,63267,2314097,34400,1181522,28867,1132575,0,0,27599,926101,0.113925,35446,698805,0.085964,29587,1624906,0.199889,8129050
3,2021-02-24,79367,2393464,38972,1220494,40395,1172970,0,0,35045,919588,0.113124,44074,742879,0.091386,37561,1662467,0.204509,8129050
3,2021-02-25,88754,2482218,43253,1263747,45501,1218471,0,0,44157,922041,0.113425,44296,787175,0.096835,46749,1709216,0.21026,8129050
3,2021-02-26,99472,2581690,45519,1309266,53953,1272424,0,0,52489,930169,0.114425,46564,833739,0.102563,54692,1763908,0.216988,8129050
3,2021-02-27,70262,2651952,32218,1341484,38040,1310464,4,4,37110,935672,0.115102,32919,866658,0.106612,38422,1802330,0.221715,8129050
3,2021-02-28,40653,2692605,23459,1364943,17191,1327655,3,7,20914,937979,0.115386,19560,886218,0.109019,21867,1824197,0.224405,8129050
3,2021-03-01,68389,2760994,36303,1401246,32056,1359711,30,37,38029,947242,0.116526,30136,916354,0.112726,39399,1863596,0.229251,8129050
3,2021-03-02,79294,2840288,39169,1440415,40117,1399828,8,45,45942,962067,0.118349,33200,949554,0.11681,48025,1911621,0.235159,8129050
3,2021-03-03,89442,2929730,42937,1483352,46487,1446315,18,63,50135,975416,0.119991,39075,988629,0.121617,52424,1964045,0.241608,8129050
3,2021-03-04,93926,3023656,45983,1529335,47923,1494238,20,83,53306,990642,0.121864,40378,1029007,0.126584,55604,2019649,0.248448,8129050
3,2021-03-05,90808,3114464,44440,1573775,46077,1540315,291,374,55492,1013605,0.124689,35049,1064056,0.130895,58012,2077661,0.255585,8129050
3,2021-03-06,65378,3179842,33152,1606927,30069,1570384,2157,2531,37543,1027084,0.126347,27683,1091739,0.134301,41162,2118823,0.260648,8129050
3,2021-03-07,39159,3219001,22624,1629551,14642,1585026,1893,4424,22016,1035094,0.127333,17072,1108811,0.136401,25082,2143905,0.263734,8129050
3,2021-03-08,59925,3278926,28577,1658128,28346,1613372,3002,7426,37929,1055735,0.129872,21829,1130640,0.139086,42470,2186375,0.268958,8129050
3,2021-03-09,77183,3356109,35642,1693770,37092,1650464,4449,11875,41507,1067324,0.131298,35529,1166169,0.143457,47118,2233493,0.274754,8129050
3,2021-03-10,83080,3439189,41383,1735153,35610,1686074,6087,17962,43449,1078843,0.132715,39407,1205576,0.148305,50926,2284419,0.281019,8129050
3,2021-03-11,97440,3536629,47620,1782773,41198,1727272,8622,26584,47766,1086909,0.133707,49397,1254973,0.154381,57463,2341882,0.288088,8129050
3,2021-03-12,102186,3638815,45527,1828300,44759,1772031,11900,38484,46847,1091698,0.134296,55097,1310070,0.161159,59886,2401768,0.295455,8129050
3,2021-03-13,70645,3709460,29710,1858010,33666,1805697,7269,45753,37367,1104534,0.135875,33146,1343216,0.165237,45982,2447750,0.301111,8129050
3,2021-03-14,41382,3750842,21609,1879619,16208,1821905,3565,49318,20829,1109089,0.136435,20466,1363682,0.167754,25021,2472771,0.304189,8129050
3,2021-03-15,75878,3826720,35966,1915585,35355,1857260,4557,53875,39969,1118931,0.137646,35680,1399362,0.172143,45522,2518293,0.309789,8129050
3,2021-03-16,95203,3921923,43861,1959446,47004,1904264,4338,58213,53533,1136301,0.139783,41419,1440781,0.177239,58789,2577082,0.317021,8129050
3,2021-03-17,98392,4020315,47760,2007206,46088,1950352,4544,62757,59738,1162847,0.143048,38402,1479183,0.181963,64948,2642030,0.325011,8129050
3,2021-03-18,103791,4124106,52774,2059980,46489,1996841,4528,67285,59613,1183658,0.145608,43875,1523058,0.18736,64686,2706716,0.332968,8129050
3,2021-03-19,103413,4227519,55456,2115436,43495,2040336,4462,71747,57621,1200786,0.147715,45506,1568564,0.192958,62634,2769350,0.340673,8129050
3,2021-03-20,71979,4299498,37064,2152500,31258,2071594,3657,75404,44479,1222119,0.15034,27305,1595869,0.196317,48638,2817988,0.346656,8129050
3,2021-03-21,36370,4335868,24722,2177222,10144,2081738,1504,76908,21961,1231756,0.151525,14305,1610174,0.198077,23942,2841930,0.349602,8129050
3,2021-03-22,70636,4406504,41501,2218723,26607,2108345,2528,79436,45170,1255238,0.154414,25231,1635405,0.20118,48713,2890643,0.355594,8129050
3,2021-03-23,89860,4496364,49712,2268435,37609,2145954,2539,81975,55232,1279352,0.15738,34362,1669767,0.205407,58476,2949119,0.362788,8129050
3,2021-03-24,98768,4595132,56855,2325290,38993,2184947,2920,84895,56275,1297020,0.159554,42131,1711898,0.21059,59799,3008918,0.370144,8129050
3,2021-03-25,107361,4702493,59631,2384921,44768,2229715,2962,87857,60595,1314802,0.161741,46418,1758316,0.2163,64200,3073118,0.378041,8129050
3,2021-03-26,110674,4813167,59399,2444320,47942,2277657,3333,91190,57140,1322926,0.162741,53193,1811509,0.222844,61317,3134435,0.385584,8129050
3,2021-03-27,74649,4887816,37957,2482277,34144,2311801,2548,93738,36189,1324107,0.162886,38229,1849738,0.227547,39410,3173845,0.390432,8129050
3,2021-03-28,44367,4932183,27964,2510241,15591,2327392,812,94550,22423,1326153,0.163138,21829,1871567,0.230232,23875,3197720,0.393369,8129050
3,2021-03-29,80691,5012874,42112,2552353,36721,2364113,1858,96408,44298,1336991,0.164471,36131,1907698,0.234677,46969,3244689,0.399147,8129050
3,2021-03-30,100317,5113191,49290,2601643,47390,2411503,3637,100045,56317,1353807,0.166539,43739,1951437,0.240057,60555,3305244,0.406597,8129050
3,2021-03-31,105119,5218310,56691,2658334,43577,2455080,4851,104896,56211,1366532,0.168105,48667,2000104,0.246044,61392,3366636,0.414149,8129050
3,2021-04-01,123647,5341957,62504,2720838,51399,2506479,9744,114640,66722,1386781,0.170596,56523,2056627,0.252997,76772,3443408,0.423593,8129050
3,2021-04-02,117990,5459947,57557,2778395,50088,2556567,10345,124985,62233,1404384,0.172761,55455,2112082,0.259819,73058,3516466,0.43258,8129050
3,2021-04-03,76174,5536121,38973,2817368,27960,2584527,9241,134226,37903,1413714,0.173909,38120,2150202,0.264508,47450,3563916,0.438417,8129050
3,2021-04-04,32421,5568542,17344,2834712,10864,2595391,4213,138439,14146,1413905,0.173932,18196,2168398,0.266747,18387,3582303,0.440679,8129050
3,2021-04-05,89551,5658093,45481,2880193,34839,2630230,9231,147670,43558,1421757,0.174898,45757,2214155,0.272376,53609,3635912,0.447274,8129050
3,2021-04-06,113562,5771655,55251,2935444,43099,2673329,15212,162882,53373,1431129,0.176051,59909,2274064,0.279745,69281,3705193,0.455797,8129050
3,2021-04-07,116370,5888025,60184,2995628,39867,2713196,16319,179201,56227,1444067,0.177643,59874,2333938,0.287111,72812,3778005,0.464754,8129050
3,2021-04-08,121487,6009512,60487,3056115,40830,2754026,20170,199371,56252,1456330,0.179151,64924,2398862,0.295097,77187,3855192,0.474249,8129050
3,2021-04-09,118536,6128048,59073,3115188,40290,2794316,19173,218544,52022,1462156,0.179868,66259,2465121,0.303248,72085,3927277,0.483116,8129050
3,2021-04-10,84458,6212506,37873,3153061,31314,2825630,15271,233815,34309,1462592,0.179922,49959,2515080,0.309394,50395,3977672,0.489316,8129050
3,2021-04-11,45346,6257852,24297,3177358,13042,2838672,8007,241822,17203,1460579,0.179674,28052,2543132,0.312845,26039,4003711,0.492519,8129050
3,2021-04-12,84061,6341913,42459,3219817,32776,2871448,8826,250648,37990,1462649,0.179929,45831,2588963,0.318483,47901,4051612,0.498411,8129050
3,2021-04-13,105558,6447471,57158,3276975,48188,2919636,212,250860,55654,1469739,0.180801,49658,2638621,0.324592,56748,4108360,0.505392,8129050
3,2021-04-14,107658,6555129,58855,3335830,48705,2968341,98,250958,53578,1471067,0.180964,53784,2692405,0.331208,55112,4163472,0.512172,8129050
3,2021-04-15,119672,6674801,67376,3403206,52221,3020562,75,251033,64059,1480713,0.182151,55296,2747701,0.33801,64942,4228414,0.520161,8129050
3,2021-04-16,115714,6790515,64892,3468098,50728,3071290,94,251127,60389,1486848,0.182906,55015,2802716,0.344778,61150,4289564,0.527683,8129050
3,2021-04-17,79633,6870148,43391,3511489,36229,3107519,13,251140,44402,1497226,0.184182,35006,2837722,0.349084,45384,4334948,0.533266,8129050
3,2021-04-18,38778,6908926,23384,3534873,15389,3122908,5,251145,18209,1495859,0.184014,20454,2858176,0.3516,19087,4354035,0.535614,8129050
3,2021-04-19,79383,6988309,44218,3579091,35111,3158019,54,251199,35911,1489056,0.183177,43276,2901452,0.356924,36473,4390508,0.540101,8129050
3,2021-04-20,101081,7089390,53226,3632317,47836,3205855,19,251218,49080,1487432,0.182977,51748,2953200,0.36329,50124,4440632,0.546267,8129050
3,2021-04-21,105757,7195147,59372,3691689,46316,3252171,69,251287,49988,1483168,0.182453,55405,3008605,0.370105,51141,4491773,0.552558,8129050
3,2021-04-22,111491,7306638,62639,3754328,48828,3300999,24,251311,47951,1468896,0.180697,63204,3071809,0.37788,48932,4540705,0.558578,8129050
3,2021-04-23,105809,7412447,60499,3814827,45283,3346282,27,251338,46381,1457235,0.179263,59079,3130888,0.385148,47418,4588123,0.564411,8129050
3,2021-04-24,73455,7485902,45354,3860181,28036,3374318,65,251403,35766,1456638,0.179189,37420,3168308,0.389751,36823,4624946,0.568941,8129050
3,2021-04-25,36715,7522617,23440,3883621,13258,3387576,17,251420,18739,1457966,0.179353,17834,3186142,0.391945,19162,4644108,0.571298,8129050
3,2021-04-26,73799,7596416,41733,3925354,31658,3419234,408,251828,31506,1449192,0.178273,42030,3228172,0.397116,33256,4677364,0.575389,8129050
3,2021-04-27,90897,7687313,47688,3973042,41468,3460702,1741,253569,36104,1433316,0.17632,54487,3282659,0.403818,38611,4715975,0.580139,8129050
3,2021-04-28,86510,7773823,49135,4022177,35244,3495946,2131,255700,35375,1420501,0.174744,50850,3333509,0.410074,38035,4754010,0.584817,8129050
3,2021-04-29,88630,7862453,50653,4072830,35772,3531718,2205,257905,31655,1398200,0.172,56649,3390158,0.417042,34348,4788358,0.589043,8129050
3,2021-04-30,90321,7952774,50971,4123801,36871,3568589,2479,260384,33687,1378533,0.169581,56300,3446458,0.423968,36633,4824991,0.593549,8129050
3,2021-05-01,55075,8007849,34564,4158365,19053,3587642,1458,261842,19860,1365374,0.167962,34968,3481426,0.42827,21809,4846800,0.596232,8129050
3,2021-05-02,26882,8034731,18339,4176704,7528,3595170,1015,262857,9858,1359422,0.16723,16921,3498347,0.430351,10969,4857769,0.597581,8129050
3,2021-05-03,59293,8094024,34641,4211345,22284,3617454,2368,265225,17403,1337694,0.164557,41676,3540023,0.435478,19948,4877717,0.600035,8129050
3,2021-05-04,77286,8171310,44679,4256024,29935,3647389,2672,267897,22511,1308667,0.160986,54493,3594516,0.442182,25466,4903183,0.603168,8129050
3,2021-05-05,78730,8250040,47304,4303328,28725,3676114,2701,270598,21884,1277008,0.157092,56527,3651043,0.449135,24868,4928051,0.606227,8129050
3,2021-05-06,82827,8332867,52332,4355660,27969,3704083,2526,273124,20617,1238955,0.152411,61743,3712786,0.456731,23690,4951741,0.609141,8129050
3,2021-05-07,82128,8414995,51170,4406830,28339,3732422,2619,275743,21841,1203760,0.148081,59948,3772734,0.464105,24753,4976494,0.612186,8129050
3,2021-05-08,52284,8467279,32394,4439224,18183,3750605,1707,277450,13866,1181434,0.145335,38160,3810894,0.468799,15834,4992328,0.614134,8129050
3,2021-05-09,20892,8488171,15301,4454525,4806,3755411,785,278235,5513,1172510,0.144237,15288,3826182,0.47068,6364,4998692,0.614917,8129050
3,2021-05-10,47867,8536038,25651,4480176,20314,3775725,1902,280137,11130,1149261,0.141377,36544,3862726,0.475176,13295,5011987,0.616553,8129050
3,2021-05-11,63633,8599671,35564,4515740,25854,3801579,2215,282352,16096,1120739,0.137868,47302,3910028,0.480994,18780,5030767,0.618863,8129050
3,2021-05-12,64563,8664234,37111,4552851,25062,3826641,2390,284742,16542,1092196,0.134357,47774,3957802,0.486871,19231,5049998,0.621229,8129050
3,2021-05-13,75044,8739278,47320,4600171,25823,3852464,1901,286643,27499,1074890,0.132228,47313,4005115,0.492692,30007,5080005,0.62492,8129050
3,2021-05-14,79988,8819266,50543,4650714,27318,3879782,2127,288770,31020,1059947,0.13039,48688,4053803,0.498681,33745,5113750,0.629071,8129050
3,2021-05-15,61807,8881073,42664,4693378,17939,3897721,1204,289974,25601,1050956,0.129284,36013,4089816,0.503111,27022,5140772,0.632395,8129050
3,2021-05-16,33059,8914132,24705,4718083,7663,3905384,691,290665,13368,1045526,0.128616,19576,4109392,0.505519,14146,5154918,0.634135,8129050
3,2021-05-17,56744,8970876,36162,4754245,18752,3924136,1830,292495,20957,1032994,0.127074,35523,4144915,0.509889,22991,5177909,0.636964,8129050
3,2021-05-18,64338,9035214,38001,4792246,24487,3948623,1850,294345,24250,1019666,0.125435,39821,4184736,0.514788,26493,5204402,0.640223,8129050
3,2021-05-19,63769,9098983,38779,4831025,23252,3971875,1738,296083,24759,1007672,0.123959,38764,4223500,0.519556,26770,5231172,0.643516,8129050
3,2021-05-20,61315,9160298,35831,4866856,23651,3995526,1833,297916,22015,992839,0.122135,39028,4262528,0.524357,24195,5255367,0.646492,8129050
3,2021-05-21,65699,9225997,39922,4906778,23688,4019214,2089,300005,23534,976899,0.120174,41864,4304392,0.529507,25924,5281291,0.649681,8129050
3,2021-05-22,45549,9271546,30218,4936996,13865,4033079,1466,301471,19098,971468,0.119506,26251,4330643,0.532737,20820,5302111,0.652242,8129050
3,2021-05-23,21713,9293259,15021,4952017,6043,4039122,649,302120,9209,969017,0.119204,12419,4343062,0.534264,9968,5312079,0.653469,8129050
3,2021-05-24,39437,9332696,23059,4975076,14623,4053745,1755,303875,14684,961092,0.118229,24569,4367631,0.537287,16644,5328723,0.655516,8129050
3,2021-05-25,42596,9375292,23992,4999068,16937,4070682,1667,305542,15178,950999,0.116988,27162,4394793,0.540628,17069,5345792,0.657616,8129050
3,2021-05-26,42304,9417596,24222,5023290,16364,4087046,1718,307260,15872,942581,0.115952,26141,4420934,0.543844,17723,5363515,0.659796,8129050
3,2021-05-27,39276,9456872,22027,5045317,15497,4102543,1752,309012,15440,936332,0.115183,23679,4444613,0.546757,17430,5380945,0.66194,8129050
3,2021-05-28,42623,9499495,24086,5069403,16748,4119291,1789,310801,17733,931484,0.114587,24689,4469302,0.549794,19841,5400786,0.664381,8129050
3,2021-05-29,23423,9522918,14305,5083708,8280,4127571,838,311639,10999,931150,0.114546,12296,4481598,0.551306,11962,5412748,0.665852,8129050
3,2021-05-30,10571,9533489,6851,5090559,3083,4130654,637,312276,4459,930246,0.114435,6040,4487638,0.55205,5136,5417884,0.666484,8129050
3,2021-05-31,4613,9538102,2662,5093221,1686,4132340,265,312541,1453,928866,0.114265,3127,4490765,0.552434,1747,5419631,0.666699,8129050
3,2021-06-01,37591,9575693,21662,5114883,14496,4146836,1433,313974,13175,919474,0.11311,24195,4514960,0.555411,14803,5434434,0.66852,8129050
3,2021-06-02,31412,9607105,18059,5132942,11948,4158784,1405,315379,11655,913110,0.112327,19551,4534511,0.557816,13187,5447621,0.670142,8129050
3,2021-06-03,39508,9646613,27043,5159985,11031,4169815,1434,316813,11445,898327,0.110508,27883,4562394,0.561246,13100,5460721,0.671754,8129050
3,2021-06-04,46042,9692655,32573,5192558,11928,4181743,1541,318354,13120,880702,0.10834,32688,4595082,0.565267,15063,5475784,0.673607,8129050
3,2021-06-05,34262,9726917,25846,5218404,7230,4188973,1186,319540,8748,865509,0.106471,25310,4620392,0.56838,10117,5485901,0.674851,8129050
3,2021-06-06,14582,9741499,12168,5230572,1833,4190806,581,320121,3753,859230,0.105699,10774,4631166,0.569706,4495,5490396,0.675404,8129050
3,2021-06-07,30315,9771814,22044,5252616,6995,4197801,1276,321397,8708,847868,0.104301,21466,4652632,0.572346,10104,5500500,0.676647,8129050
3,2021-06-08,34216,9806030,24578,5277194,8352,4206153,1286,322683,9948,835254,0.102749,24058,4676690,0.575306,11444,5511944,0.678055,8129050
3,2021-06-09,32891,9838921,23869,5301063,7727,4213880,1295,323978,8861,821708,0.101083,23858,4700548,0.578241,10312,5522256,0.679324,8129050
3,2021-06-10,32400,9871321,23379,5324442,7498,4221378,1523,325501,9035,809249,0.09955,23215,4723763,0.581097,10756,5533012,0.680647,8129050
3,2021-06-11,35405,9906726,25036,5349478,9010,4230388,1359,326860,10547,796666,0.098002,24665,4748428,0.584131,12082,5545094,0.682133,8129050
3,2021-06-12,25072,9931798,18910,5368388,5274,4235662,888,327748,6683,786112,0.096704,18276,4766704,0.586379,7722,5552816,0.683083,8129050
3,2021-06-13,10112,9941910,7566,5375954,2056,4237718,490,328238,2355,781322,0.096115,7704,4774408,0.587327,2914,5555730,0.683441,8129050
3,2021-06-14,25729,9967639,18427,5394381,5887,4243605,1415,329653,8078,773434,0.095144,17521,4791929,0.589482,9633,5565363,0.684626,8129050
3,2021-06-15,28623,9996262,19388,5413769,7735,4251340,1500,331153,9633,765962,0.094225,18771,4810700,0.591791,11299,5576662,0.686016,8129050
3,2021-06-16,25785,10022047,18306,5432075,6067,4257407,1412,332565,8704,759328,0.093409,16903,4827603,0.593871,10269,5586931,0.68728,8129050
3,2021-06-17,24722,10046769,17713,5449788,5727,4263134,1282,333847,8588,753353,0.092674,15979,4843582,0.595836,10004,5596935,0.68851,8129050
3,2021-06-18,27845,10074614,19674,5469462,6606,4269740,1565,335412,9766,746989,0.091891,17860,4861442,0.598033,11496,5608431,0.689925,8129050
3,2021-06-19,15902,10090516,11675,5481137,3380,4273120,847,336259,5695,743555,0.091469,10083,4871525,0.599274,6649,5615080,0.690742,8129050
3,2021-06-20,6839,10097355,5135,5486272,1406,4274526,298,336557,2595,742308,0.091315,4193,4875718,0.599789,2946,5618026,0.691105,8129050
3,2021-06-21,16115,10113470,10187,5496459,4543,4279069,1385,337942,8033,743847,0.091505,7999,4883717,0.600773,9538,5627564,0.692278,8129050
3,2021-06-22,21977,10135447,15414,5511873,5277,4284346,1286,339228,8229,739883,0.091017,13633,4897350,0.60245,9669,5637233,0.693468,8129050
3,2021-06-23,20126,10155573,14132,5526005,4685,4289031,1309,340537,7982,737281,0.090697,12032,4909382,0.603931,9430,5646663,0.694628,8129050
3,2021-06-24,19834,10175407,13809,5539814,4588,4293619,1437,341974,7733,734629,0.090371,11934,4921316,0.605399,9282,5655945,0.695769,8129050
3,2021-06-25,23140,10198547,16418,5556232,5303,4298922,1419,343393,9054,731267,0.089957,13961,4935277,0.607116,10599,5666544,0.697073,8129050
3,2021-06-26,13755,10212302,10201,5566433,2785,4301707,769,344162,5723,729944,0.089795,7968,4943245,0.608096,6645,5673189,0.697891,8129050
3,2021-06-27,6658,10218960,5138,5571571,1212,4302919,308,344470,2847,729353,0.089722,3777,4947022,0.608561,3186,5676375,0.698283,8129050
3,2021-06-28,15758,10234718,12099,5583670,2589,4305508,1070,345540,6648,728166,0.089576,9004,4956026,0.609669,7817,5684192,0.699244,8129050
3,2021-06-29,17848,10252566,12591,5596261,4277,4309785,980,346520,7320,726185,0.089332,10413,4966439,0.610949,8432,5692624,0.700282,8129050
3,2021-06-30,16774,10269340,11888,5608149,3854,4313639,1032,347552,7192,725092,0.089198,9460,4975899,0.612113,8367,5700991,0.701311,8129050
3,2021-07-01,16074,10285414,11476,5619625,3547,4317186,1051,348603,6757,723774,0.089035,9226,4985125,0.613248,7908,5708899,0.702284,8129050
3,2021-07-02,18226,10303640,12966,5632591,4165,4321351,1095,349698,7762,722375,0.088863,10358,4995483,0.614522,8959,5717858,0.703386,8129050
3,2021-07-03,9942,10313582,7196,5639787,2322,4323673,424,350122,4261,721542,0.088761,5620,5001103,0.615214,4787,5722645,0.703975,8129050
3,2021-07-04,698,10314280,404,5640191,207,4323880,87,350209,266,721483,0.088754,428,5001531,0.615266,369,5723014,0.70402,8129050
3,2021-07-05,9450,10323730,6915,5647106,2116,4325996,419,350628,4283,721143,0.088712,5104,5006635,0.615894,4764,5727778,0.704606,8129050
3,2021-07-06,18794,10342524,13645,5660751,4051,4330047,1098,351726,6816,717328,0.088243,11847,5018482,0.617352,8032,5735810,0.705594,8129050
3,2021-07-07,15465,10357989,10973,5671724,3389,4333436,1103,352829,6256,715677,0.088039,9114,5027596,0.618473,7463,5743273,0.706512,8129050
3,2021-07-08,14940,10372929,10883,5682607,3194,4336630,863,353692,6122,714014,0.087835,8731,5036327,0.619547,7068,5750341,0.707382,8129050
3,2021-07-09,17008,10389937,11955,5694562,4002,4340632,1051,354743,7080,712430,0.08764,9823,5046150,0.620755,8239,5758580,0.708395,8129050
3,2021-07-10,10076,10400013,7450,5702012,2087,4342719,539,355282,4300,711634,0.087542,5723,5051873,0.621459,4927,5763507,0.709001,8129050
3,2021-07-11,4956,10404969,3658,5705670,1035,4343754,263,355545,2242,711478,0.087523,2682,5054555,0.621789,2526,5766033,0.709312,8129050
3,2021-07-12,13827,10418796,10194,5715864,2799,4346553,834,356379,5561,709771,0.087313,8193,5062748,0.622797,6486,5772519,0.71011,8129050
3,2021-07-13,8180,10426976,5845,5721709,1730,4348283,605,356984,3484,709301,0.087255,4648,5067396,0.623369,4178,5776697,0.710624,8129050
4,2020-12-15,456,456,456,456,0,0,0,0,456,456,5.7e-05,0,0,0.0,456,456,5.7e-05,8037679
4,2020-12-16,3041,3497,3041,3497,0,0,0,0,3041,3497,0.000435,0,0,0.0,3041,3497,0.000435,8037679
4,2020-12-17,8954,12451,8954,12451,0,0,0,0,8954,12451,0.001549,0,0,0.0,8954,12451,0.001549,8037679
4,2020-12-18,16215,28666,16203,28654,12,12,0,0,16215,28666,0.003566,0,0,0.0,16215,28666,0.003566,8037679
4,2020-12-19,10388,39054,10379,39033,9,21,0,0,10323,38989,0.004851,0,0,0.0,10323,38989,0.004851,8037679
4,2020-12-20,7422,46476,7415,46448,7,28,0,0,7377,46366,0.005769,0,0,0.0,7377,46366,0.005769,8037679
4,2020-12-21,16404,62880,16378,62826,26,54,0,0,16337,62702,0.007801,1,1,0.0,16337,62703,0.007801,8037679
4,2020-12-22,17225,80105,16473,79299,752,806,0,0,17179,79878,0.009938,3,4,0.0,17179,79882,0.009938,8037679
4,2020-12-23,17144,97249,14417,93716,2727,3533,0,0,17122,96998,0.012068,2,6,1e-06,17122,97004,0.012069,8037679
4,2020-12-24,8557,105806,5971,99687,2586,6119,0,0,8557,105555,0.013133,0,6,1e-06,8557,105561,0.013133,8037679
4,2020-12-25,906,106712,801,100488,105,6224,0,0,906,106461,0.013245,0,6,1e-06,906,106467,0.013246,8037679
4,2020-12-26,6187,112899,3905,104393,2282,8506,0,0,6187,112648,0.014015,0,6,1e-06,6187,112654,0.014016,8037679
4,2020-12-27,3430,116329,1996,106389,1434,9940,0,0,3430,116078,0.014442,0,6,1e-06,3430,116084,0.014442,8037679
4,2020-12-28,15146,131475,9366,115755,5780,15720,0,0,15118,131194,0.016322,2,8,1e-06,15118,131202,0.016323,8037679
4,2020-12-29,15428,146903,8536,124291,6892,22612,0,0,15394,146588,0.018238,0,8,1e-06,15394,146596,0.018239,8037679
4,2020-12-30,18984,165887,11082,135373,7902,30514,0,0,18973,165559,0.020598,2,10,1e-06,18973,165569,0.020599,8037679
4,2020-12-31,8308,174195,3369,138742,4939,35453,0,0,8296,173846,0.021629,9,19,2e-06,8296,173865,0.021631,8037679
4,2021-01-01,1566,175761,706,139448,860,36313,0,0,1562,175405,0.021823,3,22,3e-06,1562,175427,0.021826,8037679
4,2021-01-02,5740,181501,3246,142694,2494,38807,0,0,5738,181142,0.022537,1,23,3e-06,5738,181165,0.022539,8037679
4,2021-01-03,2149,183650,1274,143968,875,39682,0,0,2133,183271,0.022801,4,27,3e-06,2133,183298,0.022805,8037679
4,2021-01-04,12967,196617,7020,150988,5947,45629,0,0,12918,196160,0.024405,29,56,7e-06,12918,196216,0.024412,8037679
4,2021-01-05,16952,213569,10040,161028,6912,52541,0,0,14740,208729,0.025969,2184,2240,0.000279,14753,210969,0.026248,8037679
4,2021-01-06,21659,235228,13273,174301,8386,60927,0,0,15550,218234,0.027151,6059,8299,0.001033,15564,226533,0.028184,8037679
4,2021-01-07,28040,263268,17091,191392,10949,71876,0,0,16745,223766,0.02784,11234,19533,0.00243,16766,243299,0.03027,8037679
4,2021-01-08,32959,296227,21168,212560,11791,83667,0,0,18362,227617,0.028319,14531,34064,0.004238,18382,261681,0.032557,8037679
4,2021-01-09,16332,312559,9673,222233,6659,90326,0,0,9481,230271,0.028649,6839,40903,0.005089,9493,271174,0.033738,8037679
4,2021-01-10,8791,321350,5680,227913,3111,93437,0,0,4166,229831,0.028594,4614,45517,0.005663,4174,275348,0.034257,8037679
4,2021-01-11,33512,354862,21987,249900,11525,104962,0,0,18890,234173,0.029134,14593,60110,0.007479,18935,294283,0.036613,8037679
4,2021-01-12,38684,393546,22317,272217,16367,121329,0,0,24343,244279,0.030392,14278,74388,0.009255,24384,318667,0.039647,8037679
4,2021-01-13,38945,432491,19287,291504,19658,140987,0,0,27554,260508,0.032411,11352,85740,0.010667,27581,346248,0.043078,8037679
4,2021-01-14,39448,471939,15162,306666,24286,165273,0,0,32259,285643,0.035538,7153,92893,0.011557,32288,378536,0.047095,8037679
4,2021-01-15,45649,517588,15990,322656,29659,194932,0,0,39988,320046,0.039818,5610,98503,0.012255,40013,418549,0.052073,8037679
4,2021-01-16,28856,546444,9430,332086,19426,214358,0,0,25703,342645,0.04263,3123,101626,0.012644,25722,444271,0.055274,8037679
4,2021-01-17,19169,565613,6757,338843,12412,226770,0,0,17635,358782,0.044638,1512,103138,0.012832,17649,461920,0.057469,8037679
4,2021-01-18,29538,595151,13675,352518,15863,242633,0,0,23542,376421,0.046832,5929,109067,0.013569,23568,485488,0.060402,8037679
4,2021-01-19,46232,641383,23107,375625,23125,265758,0,0,36835,403982,0.050261,9349,118416,0.014733,36910,522398,0.064994,8037679
4,2021-01-20,52762,694145,28250,403875,24512,290270,0,0,42171,435719,0.05421,10494,128910,0.016038,42231,564629,0.070248,8037679
4,2021-01-21,57980,752125,26152,430027,31828,322098,0,0,51173,480210,0.059745,6726,135636,0.016875,51217,615846,0.07662,8037679
4,2021-01-22,55524,807649,22315,452342,33209,355307,0,0,50348,525480,0.065377,5105,140741,0.01751,50375,666221,0.082887,8037679
4,2021-01-23,39738,847387,17448,469790,22290,377597,0,0,35379,556540,0.069241,4349,145090,0.018051,35409,701630,0.087293,8037679
4,2021-01-24,24007,871394,10521,480311,13486,391083,0,0,22098,576757,0.071757,1899,146989,0.018287,22116,723746,0.090044,8037679
4,2021-01-25,48108,919502,22255,502566,25853,416936,0,0,36952,602640,0.074977,11126,158115,0.019672,37009,760755,0.094649,8037679
4,2021-01-26,57102,976604,29129,531695,27973,444909,0,0,44773,635180,0.079025,12294,170409,0.021201,44834,805589,0.100227,8037679
4,2021-01-27,56443,1033047,26868,558563,29575,474484,0,0,45342,669552,0.083302,11022,181431,0.022573,45394,850983,0.105874,8037679
4,2021-01-28,56889,1089936,25727,584290,31162,505646,0,0,46829,706464,0.087894,9962,191393,0.023812,46874,897857,0.111706,8037679
4,2021-01-29,56797,1146733,27263,611553,29534,535180,0,0,46307,742515,0.092379,10291,201684,0.025092,46342,944199,0.117472,8037679
4,2021-01-30,38197,1184930,17275,628828,20922,556102,0,0,32809,770018,0.095801,5332,207016,0.025756,32835,977034,0.121557,8037679
4,2021-01-31,24052,1208982,12681,641509,11371,567473,0,0,22337,790678,0.098371,1695,208711,0.025967,22355,999389,0.124338,8037679
4,2021-02-01,49876,1258858,24038,665547,25838,593311,0,0,38165,817228,0.101675,11657,220368,0.027417,38207,1037596,0.129091,8037679
4,2021-02-02,55693,1314551,25585,691132,30108,623419,0,0,42734,847124,0.105394,12881,233249,0.029019,42777,1080373,0.134414,8037679
4,2021-02-03,62415,1376966,30675,721807,31740,655159,0,0,47843,880598,0.109559,14422,247671,0.030814,47896,1128269,0.140372,8037679
4,2021-02-04,67825,1444791,31462,753269,36363,691522,0,0,50931,914919,0.113829,16717,264388,0.032894,51038,1179307,0.146722,8037679
4,2021-02-05,73650,1518441,34179,787448,39471,730993,0,0,51143,943971,0.117443,22224,286612,0.035659,51276,1230583,0.153102,8037679
4,2021-02-06,48971,1567412,26375,813823,22596,753589,0,0,37336,969941,0.120674,11566,298178,0.037098,37536,1268119,0.157772,8037679
4,2021-02-07,26701,1594113,17684,831507,9017,762606,0,0,20175,983861,0.122406,6492,304670,0.037905,20412,1288531,0.160311,8037679
4,2021-02-08,58984,1653097,30458,861965,28526,791132,0,0,38368,1002013,0.124664,20478,325148,0.040453,38630,1327161,0.165117,8037679
4,2021-02-09,67608,1720705,34294,896259,33314,824446,0,0,39656,1014316,0.126195,27762,352910,0.043907,40065,1367226,0.170102,8037679
4,2021-02-10,77760,1798465,38924,935183,38836,863282,0,0,40842,1019032,0.126782,36669,389579,0.048469,41385,1408611,0.175251,8037679
4,2021-02-11,81895,1880360,42840,978023,39055,902337,0,0,41611,1021309,0.127065,40006,429585,0.053446,42283,1450894,0.180512,8037679
4,2021-02-12,84990,1965350,38142,1016165,46848,949185,0,0,43630,1024651,0.127481,41077,470662,0.058557,44419,1495313,0.186038,8037679
4,2021-02-13,59226,2024576,30020,1046185,29206,978391,0,0,30151,1026769,0.127744,28933,499595,0.062157,31051,1526364,0.189901,8037679
4,2021-02-14,37100,2061676,19291,1065476,17809,996200,0,0,18977,1028338,0.12794,18066,517661,0.064404,19635,1545999,0.192344,8037679
4,2021-02-15,46477,2108153,21800,1087276,24677,1020877,0,0,23807,1030745,0.128239,22582,540243,0.067214,24989,1570988,0.195453,8037679
4,2021-02-16,80652,2188805,37039,1124315,43613,1064490,0,0,40950,1033351,0.128563,39562,579805,0.072136,42168,1613156,0.200699,8037679
4,2021-02-17,81994,2270799,38799,1163114,43195,1107685,0,0,38967,1030624,0.128224,42818,622623,0.077463,40091,1653247,0.205687,8037679
4,2021-02-18,83931,2354730,46221,1209335,37710,1145395,0,0,38746,1025858,0.127631,44992,667615,0.083061,40226,1693473,0.210692,8037679
4,2021-02-19,83364,2438094,52382,1261717,30982,1176377,0,0,41605,1026571,0.12772,41582,709197,0.088234,42295,1735768,0.215954,8037679
4,2021-02-20,49858,2487952,33206,1294923,16652,1193029,0,0,26989,1031470,0.128329,22784,731981,0.091069,27683,1763451,0.219398,8037679
4,2021-02-21,30209,2518161,24040,1318963,6169,1199198,0,0,14603,1030837,0.128251,15521,747502,0.093,14888,1778339,0.22125,8037679
4,2021-02-22,55379,2573540,38052,1357015,17327,1216525,0,0,26623,1029306,0.12806,28603,776105,0.096558,27072,1805411,0.224618,8037679
4,2021-02-23,76499,2650039,42375,1399390,34124,1250649,0,0,33483,1021649,0.127107,42812,818917,0.101885,35155,1840566,0.228992,8037679
4,2021-02-24,91637,2741676,48409,1447799,43228,1293877,0,0,41136,1014704,0.126243,50235,869152,0.108135,43290,1883856,0.234378,8037679
4,2021-02-25,103025,2844701,53870,1501669,49155,1343032,0,0,49042,1012546,0.125975,53758,922910,0.114823,51600,1935456,0.240798,8037679
4,2021-02-26,109100,2953801,55126,1556795,53974,1397006,0,0,55665,1017426,0.126582,53142,976052,0.121435,58022,1993478,0.248017,8037679
4,2021-02-27,79094,3032895,43098,1599893,35986,1432992,10,10,42137,1024308,0.127438,36752,1012804,0.126007,43634,2037112,0.253445,8037679
4,2021-02-28,48489,3081384,29970,1629863,18512,1451504,7,17,26810,1030503,0.128209,21508,1034312,0.128683,27703,2064815,0.256892,8037679
4,2021-03-01,78570,3159954,46096,1675959,32430,1483934,44,61,43281,1040033,0.129395,34987,1069299,0.133036,44517,2109332,0.26243,8037679
4,2021-03-02,86411,3246365,49674,1725633,36728,1520662,9,70,50600,1056810,0.131482,35620,1104919,0.137467,52397,2161729,0.268949,8037679
4,2021-03-03,100755,3347120,53618,1779251,47121,1567783,16,86,56285,1070628,0.133201,44253,1149172,0.142973,58071,2219800,0.276174,8037679
4,2021-03-04,98280,3445400,54532,1833783,43730,1611513,18,104,53776,1081929,0.134607,44269,1193441,0.148481,55570,2275370,0.283088,8037679
4,2021-03-05,95785,3541185,51788,1885571,43679,1655192,318,422,56547,1101714,0.137069,39017,1232458,0.153335,58802,2334172,0.290404,8037679
4,2021-03-06,76728,3617913,43236,1928807,30851,1686043,2641,3063,47118,1123335,0.139759,29476,1261934,0.157002,51097,2385269,0.296761,8037679
4,2021-03-07,44836,3662749,27547,1956354,15097,1701140,2192,5255,26058,1133987,0.141084,18693,1280627,0.159328,29345,2414614,0.300412,8037679
4,2021-03-08,67950,3730699,35585,1991939,28994,1730134,3371,8626,44658,1160187,0.144344,23157,1303784,0.162209,49357,2463971,0.306553,8037679
4,2021-03-09,81946,3812645,41380,2033319,35317,1765451,5249,13875,44221,1173207,0.145963,37537,1341321,0.166879,50557,2514528,0.312843,8037679
4,2021-03-10,91532,3904177,47205,2080524,36848,1802299,7479,21354,46198,1182678,0.147142,45136,1386457,0.172495,54607,2569135,0.319636,8037679
4,2021-03-11,101067,4005244,53045,2133569,39570,1841869,8452,29806,46651,1184708,0.147394,54156,1440613,0.179232,56186,2625321,0.326627,8037679
4,2021-03-12,104802,4110046,51652,2185221,42843,1884712,10307,40113,44746,1180911,0.146922,59770,1500383,0.186669,55973,2681294,0.333591,8037679
4,2021-03-13,81798,4191844,37905,2223126,35443,1920155,8450,48563,38655,1186110,0.147569,43000,1543383,0.192018,48199,2729493,0.339587,8037679
4,2021-03-14,50005,4241849,28459,2251585,17897,1938052,3649,52212,23312,1187092,0.147691,26593,1569976,0.195327,27575,2757068,0.343018,8037679
4,2021-03-15,83928,4325777,45153,2296738,34520,1972572,4255,56467,42573,1193663,0.148508,41097,1611073,0.20044,47668,2804736,0.348948,8037679
4,2021-03-16,108075,4433852,56155,2352893,48502,2021074,3418,59885,57019,1203989,0.149793,50806,1661879,0.206761,61132,2865868,0.356554,8037679
4,2021-03-17,107250,4541102,57761,2410654,45995,2067069,3494,63379,62681,1226421,0.152584,44299,1706178,0.212272,66731,2932599,0.364856,8037679
4,2021-03-18,107415,4648517,59589,2470243,44137,2111206,3689,67068,60813,1245036,0.1549,46316,1752494,0.218035,64931,2997530,0.372935,8037679
4,2021-03-19,111883,4760400,64399,2534642,42277,2153483,5207,72275,63508,1266041,0.157513,48097,1800591,0.224019,69102,3066632,0.381532,8037679
4,2021-03-20,84291,4844691,49259,2583901,32017,2185500,3015,75290,51642,1288519,0.16031,32486,1833077,0.22806,54964,3121596,0.38837,8037679
4,2021-03-21,48385,4893076,35065,2618966,11061,2196561,2259,77549,28323,1299514,0.161678,19938,1853015,0.230541,30933,3152529,0.392219,8037679
4,2021-03-22,82706,4975782,54008,2672974,25960,2222521,2738,80287,51364,1323236,0.164629,31093,1884108,0.234409,54815,3207344,0.399039,8037679
4,2021-03-23,105113,5080895,62941,2735915,40023,2262544,2149,82436,62504,1346107,0.167475,42327,1926435,0.239676,65198,3272542,0.40715,8037679
4,2021-03-24,113751,5194646,73415,2809330,37913,2300457,2423,84859,63996,1363668,0.169659,49308,1975743,0.24581,66869,3339411,0.41547,8037679
4,2021-03-25,117312,5311958,72216,2881546,42701,2343158,2395,87254,66950,1383620,0.172142,49871,2025614,0.252015,69823,3409234,0.424157,8037679
4,2021-03-26,120005,5431963,72818,2954364,44145,2387303,3042,90296,65507,1398641,0.174011,54121,2079735,0.258748,69142,3478376,0.432759,8037679
4,2021-03-27,92232,5524195,54376,3008740,36069,2423372,1787,92083,46838,1402609,0.174504,45140,2124875,0.264364,49108,3527484,0.438868,8037679
4,2021-03-28,55857,5580052,36876,3045616,18106,2441478,875,92958,29630,1407437,0.175105,26049,2150924,0.267605,30877,3558361,0.44271,8037679
4,2021-03-29,93774,5673826,56214,3101830,35482,2476960,2078,95036,50708,1417971,0.176415,42800,2193724,0.27293,53334,3611695,0.449346,8037679
4,2021-03-30,117308,5791134,64010,3165840,49139,2526099,4159,99195,69685,1444862,0.179761,47375,2241099,0.278824,74266,3685961,0.458585,8037679
4,2021-03-31,121285,5912419,71570,3237410,43409,2569508,6306,105501,67978,1466396,0.18244,52948,2294047,0.285412,74482,3760443,0.467852,8037679
4,2021-04-01,142808,6055227,81423,3318833,48102,2617610,13283,118784,84000,1505473,0.187302,58328,2352375,0.292668,97405,3857848,0.47997,8037679
4,2021-04-02,136872,6192099,73116,3391949,50153,2667763,13603,132387,78922,1540639,0.191677,57640,2410015,0.29984,92806,3950654,0.491517,8037679
4,2021-04-03,101359,6293458,54167,3446116,33759,2701522,13433,145820,52669,1558471,0.193896,48481,2458496,0.305871,66313,4016967,0.499767,8037679
4,2021-04-04,46929,6340387,24761,3470877,14637,2716159,7531,153351,20344,1559881,0.194071,26473,2484969,0.309165,27883,4044850,0.503236,8037679
4,2021-04-05,109652,6450039,61594,3532471,35217,2751376,12841,166192,56798,1577447,0.196257,52628,2537597,0.315713,70194,4115044,0.511969,8037679
4,2021-04-06,139054,6589093,78239,3610710,41015,2792391,19800,185992,72130,1603287,0.199471,66677,2604274,0.324008,92517,4207561,0.52348,8037679
4,2021-04-07,137850,6726943,78111,3688821,38994,2831385,20745,206737,71361,1629439,0.202725,66226,2670500,0.332248,92378,4299939,0.534973,8037679
4,2021-04-08,140249,6867192,78139,3766960,36620,2868005,25490,232227,69659,1654892,0.205892,70287,2740787,0.340992,95740,4395679,0.546884,8037679
4,2021-04-09,137926,7005118,75648,3842608,39198,2907203,23080,255307,65736,1672751,0.208114,71947,2812734,0.349944,89806,4485485,0.558057,8037679
4,2021-04-10,103974,7109092,51283,3893891,33799,2941002,18892,274199,46893,1682693,0.209351,56866,2869600,0.357018,66808,4552293,0.566369,8037679
4,2021-04-11,62774,7171866,38112,3932003,13472,2954474,11190,285389,27360,1687000,0.209886,35302,2904902,0.361411,39609,4591902,0.571297,8037679
4,2021-04-12,102970,7274836,62586,3994589,30185,2984659,10199,295588,51881,1699510,0.211443,50782,2955684,0.367729,63292,4655194,0.579171,8037679
4,2021-04-13,130568,7405404,81928,4076517,48473,3033132,167,295755,78148,1726568,0.214809,52116,3007800,0.374213,79174,4734368,0.589022,8037679
4,2021-04-14,135736,7541140,86481,4162998,49180,3082312,75,295830,75124,1742728,0.21682,60270,3068070,0.381711,76430,4810798,0.598531,8037679
4,2021-04-15,156512,7697652,104143,4267141,52302,3134614,67,295897,96087,1779605,0.221408,60038,3128108,0.389181,96915,4907713,0.610588,8037679
4,2021-04-16,143753,7841405,91173,4358314,52502,3187116,78,295975,83581,1804140,0.22446,59841,3187949,0.396626,84376,4992089,0.621086,8037679
4,2021-04-17,101672,7943077,63883,4422197,37765,3224881,24,295999,59673,1823270,0.22684,41713,3229662,0.401815,60843,5052932,0.628656,8037679
4,2021-04-18,56881,7999958,38437,4460634,18441,3243322,3,296002,32072,1831637,0.227881,24670,3254332,0.404885,33037,5085969,0.632766,8037679
4,2021-04-19,101686,8101644,67051,4527685,34618,3277940,17,296019,51959,1834736,0.228267,49477,3303809,0.41104,52576,5138545,0.639307,8037679
4,2021-04-20,131928,8233572,78698,4606383,53213,3331153,17,296036,68878,1841972,0.229167,62732,3366541,0.418845,69968,5208513,0.648012,8037679
4,2021-04-21,134303,8367875,87664,4694047,46586,3377739,53,296089,67817,1844855,0.229526,66097,3432638,0.427068,68980,5277493,0.656594,8037679
4,2021-04-22,141083,8508958,93694,4787741,47365,3425104,24,296113,63149,1831600,0.227877,77550,3510188,0.436717,64295,5341788,0.664593,8037679
4,2021-04-23,134348,8643306,87522,4875263,46802,3471906,24,296137,58379,1815579,0.225883,75614,3585802,0.446124,59593,5401381,0.672008,8037679
4,2021-04-24,98127,8741433,66212,4941475,31866,3503772,49,296186,45175,1809221,0.225092,52654,3638456,0.452675,46296,5447677,0.677767,8037679
4,2021-04-25,50134,8791567,35340,4976815,14767,3518539,27,296213,26227,1812164,0.225459,23762,3662218,0.455631,26705,5474382,0.68109,8037679
4,2021-04-26,91717,8883284,60160,5036975,31161,3549700,396,296609,36122,1794723,0.223289,55296,3717514,0.462511,37855,5512237,0.6858,8037679
4,2021-04-27,113579,8996863,69410,5106385,41854,3591554,2315,298924,40989,1766552,0.219784,72271,3789785,0.471502,44100,5556337,0.691286,8037679
4,2021-04-28,103846,9100709,67879,5174264,33453,3625007,2514,301438,38100,1742406,0.21678,65424,3855209,0.479642,41278,5597615,0.696422,8037679
4,2021-04-29,105137,9205846,67164,5241428,35454,3660461,2519,303957,34044,1708825,0.212602,70746,3925955,0.488444,37165,5634780,0.701046,8037679
4,2021-04-30,104911,9310757,66527,5307955,35693,3696154,2691,306648,36145,1679945,0.209009,68379,3994334,0.496951,39499,5674279,0.70596,8037679
4,2021-05-01,69057,9379814,45846,5353801,21445,3717599,1766,308414,20084,1653709,0.205745,48730,4043064,0.503014,22494,5696773,0.708758,8037679
4,2021-05-02,37509,9417323,26617,5380418,9610,3727209,1282,309696,10537,1638820,0.203892,26853,4069917,0.506355,11964,5708737,0.710247,8037679
4,2021-05-03,78423,9495746,54559,5434977,21387,3748596,2477,312173,19184,1601864,0.199294,58988,4128905,0.513694,22032,5730769,0.712988,8037679
4,2021-05-04,100915,9596661,69097,5504074,29063,3777659,2755,314928,22695,1549762,0.192812,77944,4206849,0.523391,25842,5756611,0.716203,8037679
4,2021-05-05,101696,9698357,71753,5575827,27216,3804875,2727,317655,22081,1495589,0.186072,79289,4286138,0.533256,25116,5781727,0.719328,8037679
4,2021-05-06,111209,9809566,83335,5659162,24941,3829816,2933,320588,19676,1428245,0.177694,91072,4377210,0.544586,23728,5805455,0.72228,8037679
4,2021-05-07,104427,9913993,75108,5734270,26637,3856453,2682,323270,20653,1368579,0.17027,83418,4460628,0.554965,23752,5829207,0.725235,8037679
4,2021-05-08,69357,9983350,47796,5782066,19634,3876087,1927,325197,13765,1329276,0.165381,55351,4515979,0.561851,16048,5845255,0.727232,8037679
4,2021-05-09,34174,10017524,27952,5810018,5276,3881363,946,326143,7504,1311256,0.163139,26565,4542544,0.565156,8545,5853800,0.728295,8037679
4,2021-05-10,64746,10082270,43287,5853305,19147,3900510,2312,328455,11001,1271341,0.158173,53542,4596086,0.571818,13627,5867427,0.72999,8037679
4,2021-05-11,82328,10164598,51373,5904678,28776,3929286,2179,330634,15804,1223537,0.152225,66285,4662371,0.580064,18481,5885908,0.73229,8037679
4,2021-05-12,79380,10243978,52823,5957501,24097,3953383,2460,333094,16685,1180644,0.146889,62411,4724782,0.587829,19518,5905426,0.734718,8037679
4,2021-05-13,104132,10348110,76701,6034202,25901,3979284,1530,334624,40439,1160252,0.144352,63370,4788152,0.595713,42978,5948404,0.740065,8037679
4,2021-05-14,104514,10452624,73834,6108036,28559,4007843,2121,336745,40301,1139298,0.141745,63908,4852060,0.603664,42954,5991358,0.745409,8037679
4,2021-05-15,85202,10537826,65933,6173969,17945,4025788,1324,338069,37662,1131269,0.140746,47305,4899365,0.60955,39276,6030634,0.750295,8037679
4,2021-05-16,51421,10589247,41446,6215415,9263,4035051,712,338781,21081,1123005,0.139718,30194,4929559,0.613306,21930,6052564,0.753024,8037679
4,2021-05-17,70931,10660178,51821,6267236,17275,4052326,1835,340616,28088,1110509,0.138163,42646,4972205,0.618612,30150,6082714,0.756775,8037679
4,2021-05-18,81495,10741673,53041,6320277,26702,4079028,1752,342368,29224,1089930,0.135603,51918,5024123,0.625071,31339,6114053,0.760674,8037679
4,2021-05-19,76592,10818265,51808,6372085,22845,4101873,1939,344307,30876,1077594,0.134068,45441,5069564,0.630725,33105,6147158,0.764793,8037679
4,2021-05-20,68576,10886841,44020,6416105,22562,4124435,1994,346301,25403,1062443,0.132183,42894,5112458,0.636061,27743,6174901,0.768244,8037679
4,2021-05-21,73350,10960191,48396,6464501,23096,4147531,1858,348159,25900,1043302,0.129801,47169,5159627,0.64193,28028,6202929,0.771731,8037679
4,2021-05-22,49636,11009827,34841,6499342,13521,4161052,1274,349433,21679,1038677,0.129226,27801,5187428,0.645389,23176,6226105,0.774615,8037679
4,2021-05-23,23967,11033794,17095,6516437,6149,4167201,723,350156,9782,1035227,0.128797,14065,5201493,0.647139,10615,6236720,0.775935,8037679
4,2021-05-24,43014,11076808,27367,6543804,12652,4179853,2995,353151,15111,1025843,0.127629,27689,5229182,0.650584,18305,6255025,0.778213,8037679
4,2021-05-25,44763,11121571,27837,6571641,14109,4193962,2817,355968,15892,1016143,0.126422,28641,5257823,0.654147,18941,6273966,0.780569,8037679
4,2021-05-26,44488,11166059,26682,6598323,15210,4209172,2596,358564,15847,1006333,0.125202,28428,5286251,0.657684,18618,6292584,0.782886,8037679
4,2021-05-27,38795,11204854,23306,6621629,12352,4221524,3137,361701,14645,1000327,0.124455,23956,5310207,0.660664,17950,6310534,0.785119,8037679
4,2021-05-28,43112,11247966,27495,6649124,14026,4235550,1591,363292,18800,996876,0.124025,24065,5334272,0.663658,20614,6331148,0.787684,8037679
4,2021-05-29,23577,11271543,15351,6664475,7294,4242844,932,364224,10858,996211,0.123943,12587,5346859,0.665224,11922,6343070,0.789167,8037679
4,2021-05-30,12033,11283576,8453,6672928,3054,4245898,526,364750,5015,994868,0.123776,6953,5353812,0.666089,5610,6348680,0.789865,8037679
4,2021-05-31,3556,11287132,2261,6675189,1135,4247033,160,364910,1136,993809,0.123644,2376,5356188,0.666385,1317,6349997,0.790029,8037679
4,2021-06-01,39311,11326443,24460,6699649,12410,4259443,2441,367351,13006,983381,0.122346,26093,5382281,0.669631,15665,6365662,0.791978,8037679
4,2021-06-02,32499,11358942,20327,6719976,9385,4268828,2787,370138,10874,975745,0.121396,21446,5403727,0.672299,13810,6379472,0.793696,8037679
4,2021-06-03,47936,11406878,36792,6756768,8690,4277518,2454,372592,10363,951455,0.118374,37415,5441142,0.676954,13125,6392597,0.795329,8037679
4,2021-06-04,54646,11461524,43997,6800765,9326,4286844,1323,373915,12744,924652,0.11504,41675,5482817,0.682139,14872,6407469,0.797179,8037679
4,2021-06-05,44664,11506188,38271,6839036,5399,4292243,994,374909,8773,898957,0.111843,35744,5518561,0.686586,10049,6417518,0.798429,8037679
4,2021-06-06,21189,11527377,18907,6857943,1717,4293960,565,375474,3980,886787,0.110329,17110,5535671,0.688715,4940,6422458,0.799044,8037679
4,2021-06-07,38626,11566003,31264,6889207,5447,4299407,1915,377389,8445,867384,0.107915,30052,5565723,0.692454,10649,6433107,0.800369,8037679
4,2021-06-08,40450,11606453,31757,6920964,6156,4305563,2537,379926,9448,848891,0.105614,30812,5596535,0.696287,12319,6445426,0.801901,8037679
4,2021-06-09,38822,11645275,30791,6951755,5679,4311242,2352,382278,7930,828807,0.103115,30722,5627257,0.70011,10638,6456064,0.803225,8037679
4,2021-06-10,37029,11682304,29193,6980948,5217,4316459,2619,384897,8552,811919,0.101014,28322,5655579,0.703633,11434,6467498,0.804647,8037679
4,2021-06-11,38141,11720445,29966,7010914,6164,4322623,2011,386908,9863,796022,0.099036,28121,5683700,0.707132,12224,6479722,0.806168,8037679
4,2021-06-12,26463,11746908,22038,7032952,3714,4326337,711,387619,6056,782708,0.09738,20300,5704000,0.709658,6986,6486708,0.807037,8037679
4,2021-06-13,10823,11757731,8551,7041503,1796,4328133,476,388095,2284,777103,0.096683,8472,5712472,0.710712,2867,6489575,0.807394,8037679
4,2021-06-14,28545,11786276,21350,7062853,4391,4332524,2804,390899,7803,767324,0.095466,20605,5733077,0.713275,10826,6500401,0.808741,8037679
4,2021-06-15,29850,11816126,21115,7083968,5335,4337859,3400,394299,8295,757873,0.09429,21403,5754480,0.715938,11952,6512353,0.810228,8037679
4,2021-06-16,26484,11842610,19956,7103924,3914,4341773,2614,396913,7989,750354,0.093355,18328,5772808,0.718218,10809,6523162,0.811573,8037679
4,2021-06-17,25062,11867672,18505,7122429,3667,4345440,2890,399803,7596,743746,0.092532,17283,5790091,0.720369,10675,6533837,0.812901,8037679
4,2021-06-18,26631,11894303,21010,7143439,4396,4349836,1225,401028,8242,735277,0.091479,18188,5808279,0.722631,9719,6543556,0.81411,8037679
4,2021-06-19,15699,11910002,12700,7156139,2297,4352133,702,401730,5045,730681,0.090907,10510,5818789,0.723939,5914,6549470,0.814846,8037679
4,2021-06-20,7365,11917367,6068,7162207,989,4353122,308,402038,2623,729012,0.090699,4682,5823471,0.724521,3013,6552483,0.815221,8037679
4,2021-06-21,14514,11931881,10495,7172702,2882,4356004,1137,403175,7327,730527,0.090888,7110,5830581,0.725406,8625,6561108,0.816294,8037679
4,2021-06-22,20362,11952243,15887,7188589,3413,4359417,1062,404237,7079,725656,0.090282,13165,5843746,0.727044,8294,6569402,0.817326,8037679
4,2021-06-23,18335,11970578,14391,7202980,2960,4362377,984,405221,6701,721959,0.089822,11506,5855252,0.728475,7809,6577211,0.818297,8037679
4,2021-06-24,17491,11988069,13547,7216527,2959,4365336,985,406206,6531,718810,0.08943,10805,5866057,0.72982,7656,6584867,0.81925,8037679
4,2021-06-25,21449,12009518,16862,7233389,3545,4368881,1042,407248,7760,714225,0.08886,13554,5879611,0.731506,8969,6593836,0.820366,8037679
4,2021-06-26,12970,12022488,10562,7243951,1794,4370675,614,407862,4786,711648,0.088539,8083,5887694,0.732512,5506,6599342,0.821051,8037679
4,2021-06-27,6816,12029304,5520,7249471,954,4371629,342,408204,2873,711011,0.08846,3907,5891601,0.732998,3270,6602612,0.821458,8037679
4,2021-06-28,14970,12044274,12579,7262050,1545,4373174,846,409050,6008,709108,0.088223,8881,5900482,0.734103,6978,6609590,0.822326,8037679
4,2021-06-29,16365,12060639,12706,7274756,2860,4376034,799,409849,6343,706455,0.087893,9917,5910399,0.735337,7264,6616854,0.823229,8037679
4,2021-06-30,14410,12075049,11250,7286006,2435,4378469,725,410574,5988,704957,0.087707,8324,5918723,0.736372,6826,6623680,0.824079,8037679
4,2021-07-01,14340,12089389,11331,7297337,2277,4380746,732,411306,5876,703347,0.087506,8357,5927080,0.737412,6747,6630427,0.824918,8037679
4,2021-07-02,16636,12106025,13210,7310547,2669,4383415,757,412063,6794,701276,0.087249,9750,5936830,0.738625,7679,6638106,0.825873,8037679
4,2021-07-03,9114,12115139,7241,7317788,1466,4384881,407,412470,3949,700598,0.087164,5093,5941923,0.739259,4415,6642521,0.826423,8037679
4,2021-07-04,420,12115559,257,7318045,104,4384985,59,412529,183,700617,0.087167,234,5942157,0.739288,253,6642774,0.826454,8037679
4,2021-07-05,9156,12124715,7458,7325503,1291,4386276,407,412936,4158,700312,0.087129,4924,5947081,0.7399,4619,6647393,0.827029,8037679
4,2021-07-06,16348,12141063,12893,7338396,2667,4388943,788,413724,6040,697061,0.086724,10189,5957270,0.741168,6938,6654331,0.827892,8037679
4,2021-07-07,13596,12154659,10617,7349013,2216,4391159,763,414487,5151,694733,0.086435,8362,5965632,0.742208,6034,6660365,0.828643,8037679
4,2021-07-08,12969,12167628,10198,7359211,2001,4393160,770,415257,5092,692923,0.086209,7767,5973399,0.743175,5957,6666322,0.829384,8037679
4,2021-07-09,14992,12182620,11560,7370771,2562,4395722,870,416127,6125,691291,0.086006,8744,5982143,0.744262,7112,6673434,0.830269,8037679
4,2021-07-10,8159,12190779,6405,7377176,1381,4397103,373,416500,3427,690492,0.085907,4663,5986806,0.744843,3864,6677298,0.83075,8037679
4,2021-07-11,4894,12195673,3938,7381114,763,4397866,193,416693,2206,690272,0.08588,2648,5989454,0.745172,2428,6679726,0.831052,8037679
4,2021-07-12,12676,12208349,10078,7391192,1920,4399786,678,417371,4927,688307,0.085635,7673,5997127,0.746127,5708,6685434,0.831762,8037679
4,2021-07-13,7061,12215410,5474,7396666,1112,4400898,475,417846,2888,687651,0.085553,4118,6001245,0.746639,3462,6688896,0.832192,8037679
