vemquartile,administered_date,total_doses,cumulative_total_doses,pfizer_doses,cumulative_pfizer_doses,moderna_doses,cumulative_moderna_doses,jj_doses,cumulative_jj_doses,partially_vaccinated,total_partially_vaccinated,pct_age12pop_partially_vaccinated,fully_vaccinated,cumulative_fully_vaccinated,pct_age12pop_fully_vaccinated,at_least_one_dose,cumulative_at_least_one_dose,pct_age12pop_at_least_one_dose,age12_population
1,2020-12-15,148,148,148,148,0,0,0,0,148,148,1.7e-05,0,0,0.0,148,148,1.7e-05,8700223
1,2020-12-16,1178,1326,1178,1326,0,0,0,0,1178,1326,0.000152,0,0,0.0,1178,1326,0.000152,8700223
1,2020-12-17,4129,5455,4129,5455,0,0,0,0,4130,5456,0.000627,0,0,0.0,4130,5456,0.000627,8700223
1,2020-12-18,6264,11719,6244,11699,20,20,0,0,6265,11721,0.001347,0,0,0.0,6265,11721,0.001347,8700223
1,2020-12-19,2867,14586,2866,14565,1,21,0,0,2865,14585,0.001676,1,1,0.0,2865,14586,0.001677,8700223
1,2020-12-20,2113,16699,2108,16673,5,26,0,0,2114,16699,0.001919,0,1,0.0,2114,16700,0.001919,8700223
1,2020-12-21,7626,24325,7613,24286,13,39,0,0,7678,24377,0.002802,1,2,0.0,7679,24379,0.002802,8700223
1,2020-12-22,7287,31612,6945,31231,342,381,0,0,7290,31666,0.00364,1,3,0.0,7290,31669,0.00364,8700223
1,2020-12-23,7817,39429,6582,37813,1235,1616,0,0,7811,39477,0.004537,1,4,0.0,7812,39481,0.004538,8700223
1,2020-12-24,3299,42728,2360,40173,939,2555,0,0,3301,42778,0.004917,0,4,0.0,3301,42782,0.004917,8700223
1,2020-12-25,234,42962,151,40324,83,2638,0,0,234,43012,0.004944,0,4,0.0,234,43016,0.004944,8700223
1,2020-12-26,1359,44321,968,41292,391,3029,0,0,1358,44369,0.0051,1,5,1e-06,1358,44374,0.0051,8700223
1,2020-12-27,864,45185,530,41822,334,3363,0,0,864,45233,0.005199,0,5,1e-06,864,45238,0.0052,8700223
1,2020-12-28,7023,52208,4749,46571,2274,5637,0,0,7022,52255,0.006006,0,5,1e-06,7022,52260,0.006007,8700223
1,2020-12-29,8807,61015,4946,51517,3861,9498,0,0,8804,61058,0.007018,1,6,1e-06,8804,61064,0.007019,8700223
1,2020-12-30,11565,72580,6438,57955,5127,14625,0,0,11565,72623,0.008347,0,6,1e-06,11565,72629,0.008348,8700223
1,2020-12-31,5930,78510,1952,59907,3978,18603,0,0,5929,78551,0.009029,2,8,1e-06,5930,78559,0.00903,8700223
1,2021-01-01,540,79050,185,60092,355,18958,0,0,540,79091,0.009091,0,8,1e-06,540,79099,0.009092,8700223
1,2021-01-02,2888,81938,1798,61890,1090,20048,0,0,2890,81981,0.009423,0,8,1e-06,2890,81989,0.009424,8700223
1,2021-01-03,1020,82958,593,62483,427,20475,0,0,1019,82999,0.00954,1,9,1e-06,1019,83008,0.009541,8700223
1,2021-01-04,7317,90275,3607,66090,3710,24185,0,0,7322,90320,0.010381,1,10,1e-06,7322,90330,0.010382,8700223
1,2021-01-05,10747,101022,5272,71362,5475,29660,0,0,9998,99607,0.011449,734,744,8.6e-05,10021,100351,0.011534,8700223
1,2021-01-06,13954,114976,7070,78432,6884,36544,0,0,12077,109850,0.012626,1840,2584,0.000297,12083,112434,0.012923,8700223
1,2021-01-07,17366,132342,9104,87536,8262,44806,0,0,12930,118449,0.013614,4338,6922,0.000796,12937,125371,0.01441,8700223
1,2021-01-08,20064,152406,10416,97952,9648,54454,0,0,14195,126795,0.014574,5854,12776,0.001468,14200,139571,0.016042,8700223
1,2021-01-09,6676,159082,3388,101340,3288,57742,0,0,4834,129807,0.01492,1826,14602,0.001678,4838,144409,0.016598,8700223
1,2021-01-10,3061,162143,1767,103107,1294,59036,0,0,1875,130513,0.015001,1170,15772,0.001813,1876,146285,0.016814,8700223
1,2021-01-11,18030,180173,11810,114917,6220,65256,0,0,11509,135565,0.015582,6494,22266,0.002559,11546,157831,0.018141,8700223
1,2021-01-12,18895,199068,10731,125648,8164,73420,0,0,12941,142628,0.016394,5913,28179,0.003239,12976,170807,0.019632,8700223
1,2021-01-13,19698,218766,10656,136304,9042,82462,0,0,14577,152123,0.017485,5097,33276,0.003825,14592,185399,0.02131,8700223
1,2021-01-14,21884,240650,9413,145717,12471,94933,0,0,19151,168642,0.019384,2675,35951,0.004132,19194,204593,0.023516,8700223
1,2021-01-15,25053,265703,9234,154951,15819,110752,0,0,23127,189940,0.021832,1877,37828,0.004348,23175,227768,0.02618,8700223
1,2021-01-16,13840,279543,4529,159480,9311,120063,0,0,12982,202068,0.023226,856,38684,0.004446,12984,240752,0.027672,8700223
1,2021-01-17,5176,284719,1990,161470,3186,123249,0,0,4809,206519,0.023737,363,39047,0.004488,4814,245566,0.028225,8700223
1,2021-01-18,14213,298932,8542,170012,5671,128920,0,0,11059,214481,0.024652,3142,42189,0.004849,11104,256670,0.029502,8700223
1,2021-01-19,24531,323463,12855,182867,11676,140596,0,0,19360,228736,0.026291,5156,47345,0.005442,19411,276081,0.031733,8700223
1,2021-01-20,28509,351972,14021,196888,14488,155084,0,0,22897,246109,0.028288,5559,52904,0.006081,22932,299013,0.034368,8700223
1,2021-01-21,30579,382551,14236,211124,16343,171427,0,0,27443,270553,0.031097,3078,55982,0.006435,27522,326535,0.037532,8700223
1,2021-01-22,28042,410593,11120,222244,16922,188349,0,0,26075,294727,0.033876,1927,57909,0.006656,26101,352636,0.040532,8700223
1,2021-01-23,18633,429226,8182,230426,10451,198800,0,0,16715,309547,0.035579,1904,59813,0.006875,16724,369360,0.042454,8700223
1,2021-01-24,6655,435881,4155,234581,2500,201300,0,0,6006,314915,0.036196,643,60456,0.006949,6011,375371,0.043145,8700223
1,2021-01-25,25010,460891,10395,244976,14615,215915,0,0,19379,328773,0.037789,5609,66065,0.007593,19467,394838,0.045383,8700223
1,2021-01-26,28363,489254,13309,258285,15054,230969,0,0,21817,344106,0.039551,6501,72566,0.008341,21834,416672,0.047892,8700223
1,2021-01-27,31538,520792,15319,273604,16219,247188,0,0,23620,359896,0.041366,7854,80420,0.009243,23644,440316,0.05061,8700223
1,2021-01-28,34422,555214,16166,289770,18256,265444,0,0,27666,380914,0.043782,6700,87120,0.010014,27718,468034,0.053796,8700223
1,2021-01-29,33240,588454,16313,306083,16927,282371,0,0,26819,401477,0.046146,6289,93409,0.010736,26852,494886,0.056882,8700223
1,2021-01-30,20098,608552,8744,314827,11354,293725,0,0,18010,417430,0.047979,2064,95473,0.010974,18017,512903,0.058953,8700223
1,2021-01-31,7533,616085,4927,319754,2606,296331,0,0,6892,423685,0.048698,640,96113,0.011047,6895,519798,0.059745,8700223
1,2021-02-01,28468,644553,12409,332163,16059,312390,0,0,20857,436978,0.050226,7569,103682,0.011917,20862,540660,0.062143,8700223
1,2021-02-02,31908,676461,11472,343635,20436,332826,0,0,24050,453267,0.052098,7794,111476,0.012813,24083,564743,0.064911,8700223
1,2021-02-03,39027,715488,14975,358610,24052,356878,0,0,28230,470859,0.05412,10669,122145,0.014039,28261,593004,0.06816,8700223
1,2021-02-04,43487,758975,16940,375550,26547,383425,0,0,31630,490784,0.056411,11752,133897,0.01539,31677,624681,0.071801,8700223
1,2021-02-05,46652,805627,17317,392867,29335,412760,0,0,30722,505747,0.05813,15812,149709,0.017207,30775,655456,0.075338,8700223
1,2021-02-06,26422,832049,10453,403320,15969,428729,0,0,20603,520584,0.059836,5783,155492,0.017872,20620,676076,0.077708,8700223
1,2021-02-07,6202,838251,3979,407299,2223,430952,0,0,4618,523652,0.060188,1568,157060,0.018052,4636,680712,0.078241,8700223
1,2021-02-08,31089,869340,14107,421406,16982,447934,0,0,20784,534281,0.06141,10243,167303,0.01923,20872,701584,0.08064,8700223
1,2021-02-09,38196,907536,16787,438193,21409,469343,0,0,23684,543475,0.062467,14562,181865,0.020903,23756,725340,0.08337,8700223
1,2021-02-10,46583,954119,21895,460088,24688,494031,0,0,26904,550856,0.063315,19600,201465,0.023156,26981,752321,0.086471,8700223
1,2021-02-11,51171,1005290,25115,485203,26056,520087,0,0,30841,561741,0.064566,20054,221519,0.025461,30939,783260,0.090028,8700223
1,2021-02-12,49290,1054580,21271,506474,28019,548106,0,0,28447,569572,0.065466,20748,242267,0.027846,28579,811839,0.093312,8700223
1,2021-02-13,26074,1080654,11338,517812,14736,562842,0,0,15147,573935,0.065968,10860,253127,0.029094,15223,827062,0.095062,8700223
1,2021-02-14,11586,1092240,5465,523277,6121,568963,0,0,6611,575662,0.066166,4949,258076,0.029663,6676,833738,0.095829,8700223
1,2021-02-15,23519,1115759,9249,532526,14270,583233,0,0,14356,581072,0.066788,9062,267138,0.030705,14472,848210,0.097493,8700223
1,2021-02-16,46368,1162127,22107,554633,24261,607494,0,0,27418,589714,0.067781,18888,286026,0.032876,27530,875740,0.100657,8700223
1,2021-02-17,47727,1209854,24069,578702,23658,631152,0,0,25998,594237,0.068301,21619,307645,0.035361,26142,901882,0.103662,8700223
1,2021-02-18,50149,1260003,24968,603670,25181,656333,0,0,26198,596893,0.068607,23756,331401,0.038091,26412,928294,0.106698,8700223
1,2021-02-19,45406,1305409,24567,628237,20839,677172,0,0,25759,603163,0.069327,19551,350952,0.040338,25821,954115,0.109666,8700223
1,2021-02-20,26808,1332217,16322,644559,10486,687658,0,0,15438,607345,0.069808,11332,362284,0.041641,15514,969629,0.111449,8700223
1,2021-02-21,11365,1343582,10130,654689,1235,688893,0,0,6800,609678,0.070076,4523,366807,0.042161,6856,976485,0.112237,8700223
1,2021-02-22,29878,1373460,19591,674280,10287,699180,0,0,17642,615236,0.070715,12184,378991,0.043561,17742,994227,0.114276,8700223
1,2021-02-23,42790,1416250,20878,695158,21912,721092,0,0,24032,620993,0.071377,18635,397626,0.045703,24392,1018619,0.11708,8700223
1,2021-02-24,52800,1469050,25557,720715,27243,748335,0,0,29808,628348,0.072222,22900,420526,0.048335,30255,1048874,0.120557,8700223
1,2021-02-25,64913,1533963,31543,752258,33370,781705,0,0,40937,645903,0.07424,23882,444408,0.05108,41437,1090311,0.12532,8700223
1,2021-02-26,72771,1606734,34142,786400,38629,820334,0,0,48368,670484,0.077065,24258,468666,0.053868,48839,1139150,0.130933,8700223
1,2021-02-27,49779,1656513,22967,809367,26806,847140,6,6,33196,687473,0.079018,16477,485143,0.055762,33466,1172616,0.13478,8700223
1,2021-02-28,19080,1675593,11359,820726,7720,854860,1,7,14098,696787,0.080088,4926,490069,0.056328,14240,1186856,0.136417,8700223
1,2021-03-01,43636,1719229,20075,840801,23539,878399,22,29,28343,710200,0.08163,15182,505251,0.058073,28595,1215451,0.139703,8700223
1,2021-03-02,61484,1780713,26773,867574,34706,913105,5,34,39735,728908,0.08378,21643,526894,0.060561,40351,1255802,0.144341,8700223
1,2021-03-03,68648,1849361,32481,900055,36152,949257,15,49,41829,744645,0.085589,26702,553596,0.06363,42439,1298241,0.149219,8700223
1,2021-03-04,77046,1926407,36124,936179,40889,990146,33,82,49658,767610,0.088229,27235,580831,0.06676,50200,1348441,0.154989,8700223
1,2021-03-05,76372,2002779,34676,970855,41493,1031639,203,285,51354,794975,0.091374,24822,605653,0.069614,52187,1400628,0.160988,8700223
1,2021-03-06,56935,2059714,27194,998049,28414,1060053,1327,1612,38807,817406,0.093952,18067,623720,0.07169,40498,1441126,0.165642,8700223
1,2021-03-07,20053,2079767,12801,1010850,6448,1066501,804,2416,15072,828581,0.095237,4963,628683,0.072261,16138,1457264,0.167497,8700223
1,2021-03-08,44049,2123816,21072,1031922,21123,1087624,1854,4270,30902,848601,0.097538,13074,641757,0.073763,33094,1490358,0.171301,8700223
1,2021-03-09,65488,2189304,31582,1063504,31435,1119059,2471,6741,40498,867028,0.099656,24886,666643,0.076624,43313,1533671,0.17628,8700223
1,2021-03-10,72192,2261496,36079,1099583,31748,1150807,4365,11106,44886,889472,0.102236,27178,693821,0.079747,49622,1583293,0.181983,8700223
1,2021-03-11,88608,2350104,40429,1140012,40256,1191063,7923,19029,51993,913459,0.104993,36397,730218,0.083931,60384,1643677,0.188924,8700223
1,2021-03-12,97089,2447193,42550,1182562,42206,1233269,12333,31362,56950,943285,0.108421,39963,770181,0.088524,69789,1713466,0.196945,8700223
1,2021-03-13,64304,2511497,29308,1211870,27240,1260509,7756,39118,40982,969186,0.111398,23218,793399,0.091193,49119,1762585,0.202591,8700223
1,2021-03-14,27511,2539008,14838,1226708,9106,1269615,3567,42685,15650,976793,0.112272,11811,805210,0.092551,19418,1782003,0.204823,8700223
1,2021-03-15,64261,2603269,28095,1254803,29496,1299111,6670,49355,38092,995900,0.114468,26007,831217,0.09554,45114,1827117,0.210008,8700223
1,2021-03-16,84652,2687921,38367,1293170,40738,1339849,5547,54902,52802,1022941,0.117576,31684,862901,0.099181,58725,1885842,0.216758,8700223
1,2021-03-17,91435,2779356,44101,1337271,40785,1380634,6549,61451,58975,1056532,0.121437,32302,895203,0.102894,65893,1951735,0.224332,8700223
1,2021-03-18,97374,2876730,50068,1387339,41700,1422334,5606,67057,59690,1084910,0.124699,37378,932581,0.10719,65756,2017491,0.23189,8700223
1,2021-03-19,102446,2979176,52960,1440299,43364,1465698,6122,73179,60835,1110978,0.127695,41368,973949,0.111945,67436,2084927,0.239641,8700223
1,2021-03-20,71812,3050988,36914,1477213,29664,1495362,5234,78413,46425,1137656,0.130762,25237,999186,0.114846,51915,2136842,0.245608,8700223
1,2021-03-21,26853,3077841,18752,1495965,6298,1501660,1803,80216,17402,1147566,0.131901,9381,1008567,0.115924,19291,2156133,0.247825,8700223
1,2021-03-22,58482,3136323,30066,1526031,25149,1526809,3267,83483,39798,1172477,0.134764,18510,1027077,0.118052,43421,2199554,0.252816,8700223
1,2021-03-23,81927,3218250,41535,1567566,36789,1563598,3603,87086,51012,1196816,0.137562,30734,1057811,0.121584,55073,2254627,0.259146,8700223
1,2021-03-24,86878,3305128,43845,1611411,38697,1602295,4336,91422,52823,1220318,0.140263,33836,1091647,0.125473,57338,2311965,0.265736,8700223
1,2021-03-25,95433,3400561,48522,1659933,41123,1643418,5788,97210,53922,1239018,0.142412,41239,1132886,0.130213,59939,2371904,0.272626,8700223
1,2021-03-26,103456,3504017,50485,1710418,46681,1690099,6290,103500,56271,1254975,0.144246,46908,1179794,0.135605,62865,2434769,0.279851,8700223
1,2021-03-27,73383,3577400,38135,1748553,31076,1721175,4172,107672,38240,1262639,0.145127,34952,1214746,0.139622,42616,2477385,0.28475,8700223
1,2021-03-28,32397,3609797,21221,1769774,9973,1731148,1203,108875,16664,1265205,0.145422,15633,1230379,0.141419,18199,2495584,0.286841,8700223
1,2021-03-29,66144,3675941,33226,1803000,29823,1760971,3095,111970,36960,1276449,0.146715,29030,1259409,0.144756,40274,2535858,0.29147,8700223
1,2021-03-30,90605,3766546,44680,1847680,39651,1800622,6274,118244,47215,1286798,0.147904,43253,1302662,0.149727,53602,2589460,0.297631,8700223
1,2021-03-31,99381,3865927,52066,1899746,41398,1842020,5917,124161,55221,1304127,0.149896,43908,1346570,0.154774,61237,2650697,0.30467,8700223
1,2021-04-01,109541,3975468,52827,1952573,48342,1890362,8372,132533,56700,1316762,0.151348,52536,1399106,0.160813,65171,2715868,0.312161,8700223
1,2021-04-02,109300,4084768,50033,2002606,49722,1940084,9545,142078,56214,1330072,0.152878,52725,1451831,0.166873,66035,2781903,0.319751,8700223
1,2021-04-03,77242,4162010,38688,2041294,28969,1969053,9585,151663,36108,1334866,0.153429,40985,1492816,0.171584,45779,2827682,0.325013,8700223
1,2021-04-04,23631,4185641,11765,2053059,8412,1977465,3454,155117,9950,1334629,0.153402,13636,1506452,0.173151,13399,2841081,0.326553,8700223
1,2021-04-05,75274,4260915,36262,2089321,29962,2007427,9050,164167,34411,1337623,0.153746,40690,1547142,0.177828,43684,2884765,0.331574,8700223
1,2021-04-06,102357,4363272,48488,2137809,37414,2044841,16455,180622,46535,1345127,0.154608,55599,1602741,0.184218,63103,2947868,0.338827,8700223
1,2021-04-07,109483,4472755,52864,2190673,39292,2084133,17327,197949,49929,1353218,0.155538,59333,1662074,0.191038,67424,3015292,0.346576,8700223
1,2021-04-08,119957,4592712,56532,2247205,42821,2126954,20604,218553,53095,1360630,0.15639,66555,1728629,0.198688,73967,3089259,0.355078,8700223
1,2021-04-09,120745,4713457,55296,2302501,45141,2172095,20308,238861,53440,1367692,0.157202,67006,1795635,0.20639,74068,3163327,0.363591,8700223
1,2021-04-10,93985,4807442,41929,2344430,29625,2201720,22431,261292,36872,1370143,0.157484,56954,1852589,0.212936,59405,3222732,0.370419,8700223
1,2021-04-11,35735,4843177,19949,2364379,9245,2210965,6541,267833,14556,1370229,0.157494,21136,1873725,0.215365,21222,3243954,0.372859,8700223
1,2021-04-12,72555,4915732,32225,2396604,30469,2241434,9861,277694,30827,1369577,0.157419,41505,1915230,0.220136,40853,3284807,0.377554,8700223
1,2021-04-13,95424,5011156,51030,2447634,44063,2285497,331,278025,51500,1378056,0.158393,43696,1958926,0.225158,52175,3336982,0.383551,8700223
1,2021-04-14,102373,5113529,52865,2500499,49441,2334938,67,278092,52136,1380703,0.158697,49924,2008850,0.230896,52571,3389553,0.389594,8700223
1,2021-04-15,103894,5217423,56261,2556760,47549,2382487,84,278176,55641,1388842,0.159633,47753,2056603,0.236385,55892,3445445,0.396018,8700223
1,2021-04-16,108333,5325756,55827,2612587,52417,2434904,89,278265,54422,1390029,0.159769,53501,2110104,0.242534,54688,3500133,0.402304,8700223
1,2021-04-17,81212,5406968,44095,2656682,37109,2472013,8,278273,45624,1400418,0.160963,35406,2145510,0.246604,45795,3545928,0.407567,8700223
1,2021-04-18,28597,5435565,19141,2675823,9450,2481463,6,278279,14474,1401041,0.161035,14055,2159565,0.248219,14678,3560606,0.409255,8700223
1,2021-04-19,64421,5499986,32815,2708638,31594,2513057,12,278291,29239,1395524,0.160401,34894,2194459,0.25223,29377,3589983,0.412631,8700223
1,2021-04-20,85469,5585455,42563,2751201,42887,2555944,19,278310,40591,1391712,0.159963,44621,2239080,0.257359,40809,3630792,0.417322,8700223
1,2021-04-21,91295,5676750,46509,2797710,44693,2600637,93,278403,40861,1382887,0.158948,49987,2289067,0.263104,41162,3671954,0.422053,8700223
1,2021-04-22,93922,5770672,48489,2846199,45417,2646054,16,278419,43253,1376108,0.158169,50262,2339329,0.268881,43483,3715437,0.427051,8700223
1,2021-04-23,97801,5868473,50189,2896388,47587,2693641,25,278444,46480,1371883,0.157684,50946,2390275,0.274737,46721,3762158,0.432421,8700223
1,2021-04-24,72888,5941361,45912,2942300,26963,2720604,13,278457,41171,1381738,0.158816,31583,2421858,0.278367,41438,3803596,0.437184,8700223
1,2021-04-25,26843,5968204,17123,2959423,9711,2730315,9,278466,15415,1385951,0.159301,11342,2433200,0.279671,15555,3819151,0.438972,8700223
1,2021-04-26,59892,6028096,32278,2991701,27256,2757571,358,278824,28063,1383117,0.158975,31585,2464785,0.283301,28751,3847902,0.442276,8700223
1,2021-04-27,75371,6103467,40421,3032122,33823,2791394,1127,279951,32355,1374172,0.157947,42762,2507547,0.288216,33817,3881719,0.446163,8700223
1,2021-04-28,77222,6180689,40992,3073114,34793,2826187,1437,281388,33651,1366178,0.157028,43307,2550854,0.293194,35313,3917032,0.450222,8700223
1,2021-04-29,80251,6260940,44157,3117271,34539,2860726,1555,282943,32445,1352817,0.155492,47521,2598375,0.298656,34160,3951192,0.454148,8700223
1,2021-04-30,87915,6348855,47871,3165142,38240,2898966,1804,284747,36442,1340040,0.154024,51192,2649567,0.30454,38415,3989607,0.458564,8700223
1,2021-05-01,61220,6410075,39819,3204961,20034,2919000,1367,286114,25729,1332052,0.153106,35312,2684879,0.308599,27324,4016931,0.461704,8700223
1,2021-05-02,22445,6432520,15722,3220683,6202,2925202,521,286635,9366,1328999,0.152755,12971,2697850,0.31009,9918,4026849,0.462844,8700223
1,2021-05-03,53799,6486319,30138,3250821,21889,2947091,1772,288407,19477,1316189,0.151282,34116,2731966,0.314011,21306,4048155,0.465293,8700223
1,2021-05-04,72133,6558452,41466,3292287,28654,2975745,2013,290420,25957,1298349,0.149232,45896,2777862,0.319286,28056,4076211,0.468518,8700223
1,2021-05-05,73492,6631944,42191,3334478,29074,3004819,2227,292647,24891,1277228,0.146804,48308,2826170,0.324839,27187,4103398,0.471643,8700223
1,2021-05-06,75382,6707326,45176,3379654,28070,3032889,2136,294783,23750,1251998,0.143904,51273,2877443,0.330732,26043,4129441,0.474636,8700223
1,2021-05-07,78985,6786311,45019,3424673,31835,3064724,2131,296914,26573,1228720,0.141229,52046,2929489,0.336714,28768,4158209,0.477943,8700223
1,2021-05-08,53890,6840201,33657,3458330,18702,3083426,1531,298445,18298,1213388,0.139466,35255,2964744,0.340766,19923,4178132,0.480233,8700223
1,2021-05-09,17613,6857814,12490,3470820,4652,3088078,471,298916,5442,1207276,0.138764,12058,2976802,0.342152,5946,4184078,0.480916,8700223
1,2021-05-10,41479,6899293,20809,3491629,18943,3107021,1727,300643,13853,1195610,0.137423,27339,3004141,0.345295,15673,4199751,0.482718,8700223
1,2021-05-11,57941,6957234,31090,3522719,24842,3131863,2009,302652,18877,1177786,0.135374,38835,3042976,0.349758,21011,4220762,0.485133,8700223
1,2021-05-12,57198,7014432,29938,3552657,25391,3157254,1869,304521,18830,1160455,0.133382,38106,3081082,0.354138,20775,4241537,0.48752,8700223
1,2021-05-13,59518,7073950,34574,3587231,23058,3180312,1886,306407,22458,1148363,0.131992,36717,3117799,0.358359,24625,4266162,0.490351,8700223
1,2021-05-14,72944,7146894,44025,3631256,26644,3206956,2275,308682,29719,1137742,0.130772,42921,3160720,0.363292,32300,4298462,0.494063,8700223
1,2021-05-15,62926,7209820,41642,3672898,19625,3226581,1659,310341,25147,1127074,0.129545,37555,3198275,0.367608,26887,4325349,0.497154,8700223
1,2021-05-16,23820,7233640,17382,3690280,5827,3232408,611,310952,9738,1123479,0.129132,13985,3212260,0.369216,10390,4335739,0.498348,8700223
1,2021-05-17,52600,7286240,32363,3722643,18560,3250968,1677,312629,23536,1119928,0.128724,28845,3241105,0.372531,25294,4361033,0.501255,8700223
1,2021-05-18,62890,7349130,38175,3760818,22965,3273933,1750,314379,28686,1116502,0.12833,33948,3275053,0.376433,30522,4391555,0.504763,8700223
1,2021-05-19,64789,7413919,39623,3800441,23321,3297254,1845,316224,29926,1113748,0.128014,34612,3309665,0.380412,31858,4423413,0.508425,8700223
1,2021-05-20,54056,7467975,31693,3832134,20415,3317669,1948,318172,23297,1108672,0.12743,30502,3340167,0.383917,25426,4448839,0.511348,8700223
1,2021-05-21,59298,7527273,35872,3868006,21733,3339402,1693,319865,25816,1103090,0.126789,33180,3373347,0.387731,27598,4476437,0.51452,8700223
1,2021-05-22,45777,7573050,30667,3898673,13564,3352966,1546,321411,20990,1101104,0.12656,24613,3397960,0.39056,22627,4499064,0.517121,8700223
1,2021-05-23,13828,7586878,10642,3909315,2698,3355664,488,321899,7222,1102291,0.126697,6540,3404500,0.391312,7727,4506791,0.518009,8700223
1,2021-05-24,41509,7628387,22932,3932247,16815,3372479,1762,323661,17591,1098012,0.126205,23710,3428210,0.394037,19431,4526222,0.520242,8700223
1,2021-05-25,49164,7677551,28719,3960966,18851,3391330,1594,325255,21482,1093717,0.125711,27457,3455667,0.397193,23162,4549384,0.522904,8700223
1,2021-05-26,45507,7723058,26111,3987077,17656,3408986,1740,326995,19877,1089999,0.125284,25379,3481046,0.40011,21661,4571045,0.525394,8700223
1,2021-05-27,28211,7751269,15951,4003028,10896,3419882,1364,328359,11259,1085879,0.12481,16796,3497842,0.40204,12676,4583721,0.526851,8700223
2,2020-12-15,234,234,234,234,0,0,0,0,234,234,2.8e-05,0,0,0.0,234,234,2.8e-05,8407551
2,2020-12-16,2083,2317,2083,2317,0,0,0,0,2082,2316,0.000275,0,0,0.0,2082,2316,0.000275,8407551
2,2020-12-17,6709,9026,6709,9026,0,0,0,0,6710,9026,0.001074,0,0,0.0,6710,9026,0.001074,8407551
2,2020-12-18,10843,19869,10824,19850,19,19,0,0,10845,19871,0.002363,0,0,0.0,10845,19871,0.002363,8407551
2,2020-12-19,5583,25452,5577,25427,6,25,0,0,5585,25456,0.003028,0,0,0.0,5585,25456,0.003028,8407551
2,2020-12-20,4216,29668,4207,29634,9,34,0,0,4212,29668,0.003529,0,0,0.0,4212,29668,0.003529,8407551
2,2020-12-21,12764,42432,12740,42374,24,58,0,0,12718,42386,0.005041,0,0,0.0,12718,42386,0.005041,8407551
2,2020-12-22,12084,54516,11573,53947,511,569,0,0,12084,54470,0.006479,0,0,0.0,12084,54470,0.006479,8407551
2,2020-12-23,11709,66225,9501,63448,2208,2777,0,0,11712,66182,0.007872,1,1,0.0,11713,66183,0.007872,8407551
2,2020-12-24,5853,72078,3493,66941,2360,5137,0,0,5850,72032,0.008568,2,3,0.0,5852,72035,0.008568,8407551
2,2020-12-25,479,72557,402,67343,77,5214,0,0,480,72512,0.008625,0,3,0.0,480,72515,0.008625,8407551
2,2020-12-26,2576,75133,1672,69015,904,6118,0,0,2577,75089,0.008931,0,3,0.0,2577,75092,0.008931,8407551
2,2020-12-27,2225,77358,1206,70221,1019,7137,0,0,2223,77311,0.009195,1,4,0.0,2223,77315,0.009196,8407551
2,2020-12-28,10975,88333,7148,77369,3827,10964,0,0,10975,88285,0.010501,1,5,1e-06,10975,88290,0.010501,8407551
2,2020-12-29,12636,100969,7119,84488,5517,16481,0,0,12641,100926,0.012004,0,5,1e-06,12641,100931,0.012005,8407551
2,2020-12-30,15333,116302,8629,93117,6704,23185,0,0,15350,116275,0.01383,3,8,1e-06,15352,116283,0.013831,8407551
2,2020-12-31,7506,123808,2807,95924,4699,27884,0,0,7504,123778,0.014722,1,9,1e-06,7504,123787,0.014723,8407551
2,2021-01-01,1124,124932,540,96464,584,28468,0,0,1126,124903,0.014856,1,10,1e-06,1126,124913,0.014857,8407551
2,2021-01-02,4806,129738,2794,99258,2012,30480,0,0,4804,129707,0.015427,0,10,1e-06,4804,129717,0.015429,8407551
2,2021-01-03,1380,131118,841,100099,539,31019,0,0,1375,131079,0.015591,3,13,2e-06,1375,131092,0.015592,8407551
2,2021-01-04,11614,142732,5586,105685,6028,37047,0,0,11602,142677,0.01697,4,17,2e-06,11602,142694,0.016972,8407551
2,2021-01-05,13820,156552,6981,112666,6839,43886,0,0,12638,154170,0.018337,1176,1193,0.000142,12669,155363,0.018479,8407551
2,2021-01-06,18939,175491,10491,123157,8448,52334,0,0,15217,165719,0.019711,3674,4867,0.000579,15223,170586,0.02029,8407551
2,2021-01-07,22926,198417,12909,136066,10017,62351,0,0,15560,173909,0.020685,7383,12250,0.001457,15573,186159,0.022142,8407551
2,2021-01-08,26370,224787,16001,152067,10369,72720,0,0,16324,180237,0.021438,10013,22263,0.002648,16341,202500,0.024085,8407551
2,2021-01-09,9747,234534,5684,157751,4063,76783,0,0,6255,182985,0.021764,3513,25776,0.003066,6261,208761,0.02483,8407551
2,2021-01-10,5279,239813,2973,160724,2306,79089,0,0,3068,183824,0.021864,2233,28009,0.003331,3072,211833,0.025196,8407551
2,2021-01-11,25919,265732,17807,178531,8112,87201,0,0,14990,187900,0.022349,10963,38972,0.004635,15039,226872,0.026984,8407551
2,2021-01-12,26088,291820,16241,194772,9847,97048,0,0,16619,195093,0.023204,9497,48469,0.005765,16690,243562,0.028969,8407551
2,2021-01-13,28453,320273,15100,209872,13353,110401,0,0,20540,207749,0.02471,7906,56375,0.006705,20562,264124,0.031415,8407551
2,2021-01-14,30096,350369,11435,221307,18661,129062,0,0,25900,229485,0.027295,4220,60595,0.007207,25956,290080,0.034502,8407551
2,2021-01-15,34963,385332,12765,234072,22198,151260,0,0,31729,258043,0.030692,3244,63839,0.007593,31802,321882,0.038285,8407551
2,2021-01-16,17549,402881,5600,239672,11949,163209,0,0,16241,272959,0.032466,1335,65174,0.007752,16251,338133,0.040218,8407551
2,2021-01-17,10613,413494,3585,243257,7028,170237,0,0,9909,282146,0.033559,730,65904,0.007839,9917,348050,0.041397,8407551
2,2021-01-18,19636,433130,10989,254246,8647,178884,0,0,14872,292284,0.034764,4781,70685,0.008407,14919,362969,0.043172,8407551
2,2021-01-19,32304,465434,16879,271125,15425,194309,0,0,24368,308826,0.036732,7940,78625,0.009352,24482,387451,0.046084,8407551
2,2021-01-20,36950,502384,18540,289665,18410,212719,0,0,28362,328707,0.039097,8568,87193,0.010371,28449,415900,0.049467,8407551
2,2021-01-21,40383,542767,17144,306809,23239,235958,0,0,35973,360450,0.042872,4386,91579,0.010892,36129,452029,0.053765,8407551
2,2021-01-22,39158,581925,16387,323196,22771,258729,0,0,35877,393068,0.046752,3283,94862,0.011283,35901,487930,0.058035,8407551
2,2021-01-23,23953,605878,10800,333996,13153,271882,0,0,21014,411193,0.048908,2916,97778,0.01163,21041,508971,0.060537,8407551
2,2021-01-24,12449,618327,6156,340152,6293,278175,0,0,11537,421842,0.050174,898,98676,0.011737,11547,520518,0.061911,8407551
2,2021-01-25,33649,651976,15614,355766,18035,296210,0,0,24925,438219,0.052122,8672,107348,0.012768,25049,545567,0.06489,8407551
2,2021-01-26,40093,692069,19804,375570,20289,316499,0,0,31149,460520,0.054775,8925,116273,0.01383,31226,576793,0.068604,8407551
2,2021-01-27,44936,737005,22882,398452,22054,338553,0,0,34953,485654,0.057764,9875,126148,0.015004,35009,611802,0.072768,8407551
2,2021-01-28,47946,784951,22708,421160,25238,363791,0,0,39397,516619,0.061447,8495,134643,0.016015,39460,651262,0.077462,8407551
2,2021-01-29,45444,830395,22288,443448,23156,386947,0,0,36909,545151,0.064841,8432,143075,0.017017,36964,688226,0.081858,8407551
2,2021-01-30,31369,861764,13747,457195,17622,404569,0,0,28069,569986,0.067795,3262,146337,0.017405,28097,716323,0.0852,8407551
2,2021-01-31,17398,879162,10499,467694,6899,411468,0,0,16244,585111,0.069594,1138,147475,0.017541,16263,732586,0.087134,8407551
2,2021-02-01,40913,920075,19895,487589,21018,432486,0,0,30200,604659,0.071919,10687,158162,0.018812,30235,762821,0.09073,8407551
2,2021-02-02,47452,967527,19376,506965,28076,460562,0,0,36172,629714,0.074899,11213,169375,0.020146,36268,799089,0.095044,8407551
2,2021-02-03,53931,1021458,24135,531100,29796,490358,0,0,39938,655845,0.078007,13896,183271,0.021798,40027,839116,0.099805,8407551
2,2021-02-04,55792,1077250,24223,555323,31569,521927,0,0,40871,681979,0.081115,14829,198100,0.023562,40963,880079,0.104677,8407551
2,2021-02-05,59480,1136730,26301,581624,33179,555106,0,0,40327,703487,0.083673,18982,217082,0.02582,40490,920569,0.109493,8407551
2,2021-02-06,38842,1175572,18176,599800,20666,575772,0,0,31224,727249,0.0865,7548,224630,0.026718,31310,951879,0.113217,8407551
2,2021-02-07,15942,1191514,10682,610482,5260,581032,0,0,12126,735646,0.087498,3795,228425,0.027169,12192,964071,0.114667,8407551
2,2021-02-08,43295,1234809,22387,632869,20908,601940,0,0,29875,752430,0.089495,13284,241709,0.028749,30068,994139,0.118244,8407551
2,2021-02-09,49231,1284040,23496,656365,25735,627675,0,0,30683,765136,0.091006,18293,260002,0.030925,30999,1025138,0.121931,8407551
2,2021-02-10,59328,1343368,28084,684449,31244,658919,0,0,34629,775690,0.092261,24426,284428,0.03383,34980,1060118,0.126091,8407551
2,2021-02-11,63875,1407243,29666,714115,34209,693128,0,0,36033,784626,0.093324,27583,312011,0.037111,36519,1096637,0.130435,8407551
2,2021-02-12,64815,1472058,28086,742201,36729,729857,0,0,34579,789890,0.09395,29964,341975,0.040675,35228,1131865,0.134625,8407551
2,2021-02-13,37459,1509517,15736,757937,21723,751580,0,0,21716,796318,0.094715,15664,357639,0.042538,22092,1153957,0.137252,8407551
2,2021-02-14,19914,1529431,9328,767265,10586,762166,0,0,11218,799237,0.095062,8656,366295,0.043567,11575,1165532,0.138629,8407551
2,2021-02-15,32964,1562395,14919,782184,18045,780211,0,0,18318,803874,0.095613,14533,380828,0.045296,19170,1184702,0.140909,8407551
2,2021-02-16,55897,1618292,27644,809828,28253,808464,0,0,29484,807697,0.096068,26330,407158,0.048428,30153,1214855,0.144496,8407551
2,2021-02-17,61160,1679452,31661,841489,29499,837963,0,0,30443,808295,0.096139,30663,437821,0.052075,31261,1246116,0.148214,8407551
2,2021-02-18,65717,1745169,33401,874890,32316,870279,0,0,32073,808064,0.096112,33438,471259,0.056052,33207,1279323,0.152164,8407551
2,2021-02-19,58803,1803972,32792,907682,26011,896290,0,0,29239,808482,0.096161,29421,500680,0.059551,29839,1309162,0.155713,8407551
2,2021-02-20,37013,1840985,24198,931880,12815,909105,0,0,20138,812499,0.096639,16797,517477,0.061549,20814,1329976,0.158188,8407551
2,2021-02-21,20641,1861626,17196,949076,3445,912550,0,0,9910,812557,0.096646,10662,528139,0.062817,10720,1340696,0.159463,8407551
2,2021-02-22,37253,1898879,25599,974675,11654,924204,0,0,17836,811743,0.096549,19332,547471,0.065117,18518,1359214,0.161666,8407551
2,2021-02-23,51412,1950291,26397,1001072,25015,949219,0,0,22698,807796,0.09608,28537,576008,0.068511,24590,1383804,0.164591,8407551
2,2021-02-24,68121,2018412,35145,1036217,32976,982195,0,0,31480,805129,0.095763,36504,612512,0.072853,33837,1417641,0.168615,8407551
2,2021-02-25,73616,2092028,34687,1070904,38929,1021124,0,0,37662,809841,0.096323,35752,648264,0.077105,40464,1458105,0.173428,8407551
2,2021-02-26,81773,2173801,34943,1105847,46830,1067954,0,0,44502,819505,0.097472,37028,685292,0.081509,46692,1504797,0.178982,8407551
2,2021-02-27,59684,2233485,27690,1133537,31989,1099943,5,5,32525,826393,0.098292,26971,712263,0.084717,33859,1538656,0.183009,8407551
2,2021-02-28,28964,2262449,17391,1150928,11572,1111515,1,6,16883,832108,0.098972,11996,724259,0.086144,17711,1556367,0.185115,8407551
2,2021-03-01,55948,2318397,29603,1180531,26321,1137836,24,30,30522,838642,0.099749,25198,749457,0.089141,31732,1588099,0.18889,8407551
2,2021-03-02,67461,2385858,32608,1213139,34848,1172684,5,35,38284,850210,0.101125,29058,778515,0.092597,40626,1628725,0.193722,8407551
2,2021-03-03,78757,2464615,38229,1251368,40518,1213202,10,45,44511,863200,0.10267,34082,812597,0.096651,47072,1675797,0.19932,8407551
2,2021-03-04,86747,2551362,42966,1294334,43753,1256955,28,73,50129,879292,0.104584,36438,849035,0.100985,52530,1728327,0.205568,8407551
2,2021-03-05,80241,2631603,38183,1332517,41757,1298712,301,374,49420,900728,0.107133,30643,879678,0.10463,52079,1780406,0.211763,8407551
2,2021-03-06,61917,2693520,30430,1362947,29824,1328536,1663,2037,38089,918188,0.10921,23727,903405,0.107452,41187,1821593,0.216662,8407551
2,2021-03-07,27463,2720983,16129,1379076,10385,1338921,949,2986,17721,928284,0.110411,9685,913090,0.108604,19781,1841374,0.219014,8407551
2,2021-03-08,49553,2770536,22862,1401938,24256,1363177,2435,5421,31407,945714,0.112484,18055,931145,0.110751,35485,1876859,0.223235,8407551
2,2021-03-09,69232,2839768,31764,1433702,33700,1396877,3768,9189,38655,959023,0.114067,30469,961614,0.114375,43778,1920637,0.228442,8407551
2,2021-03-10,77040,2916808,36669,1470371,33843,1430720,6528,15717,41124,972279,0.115644,35745,997359,0.118627,49001,1969638,0.23427,8407551
2,2021-03-11,91938,3008746,42462,1512833,41143,1471863,8333,24050,48353,987048,0.1174,43330,1040689,0.12378,58099,2027737,0.24118,8407551
2,2021-03-12,92700,3101446,38351,1551184,42387,1514250,11962,36012,46611,1001129,0.119075,45897,1086586,0.129239,59978,2087715,0.248314,8407551
2,2021-03-13,67971,3169417,28761,1579945,31309,1545559,7901,43913,37535,1017565,0.12103,30325,1116911,0.132846,46761,2134476,0.253876,8407551
2,2021-03-14,36482,3205899,18223,1598168,13745,1559304,4514,48427,18701,1023844,0.121777,17699,1134610,0.134951,23978,2158454,0.256728,8407551
2,2021-03-15,66673,3272572,30188,1628356,31502,1590806,4983,53410,37047,1037526,0.123404,29452,1164062,0.138454,43134,2201588,0.261858,8407551
2,2021-03-16,85582,3358154,37910,1666266,43697,1634503,3975,57385,52237,1061672,0.126276,33196,1197258,0.142403,57342,2258930,0.268679,8407551
2,2021-03-17,91595,3449749,43932,1710198,43543,1678046,4120,61505,58490,1092237,0.129911,32892,1230150,0.146315,63457,2322387,0.276226,8407551
2,2021-03-18,96863,3546612,46301,1756499,46106,1724152,4456,65961,59783,1120221,0.13324,36819,1266969,0.150694,64803,2387190,0.283934,8407551
2,2021-03-19,96584,3643196,45707,1802206,44790,1768942,6087,72048,57993,1146480,0.136363,38337,1305306,0.155254,64596,2451786,0.291617,8407551
2,2021-03-20,69053,3712249,33343,1835549,31811,1800753,3899,75947,45580,1173037,0.139522,23274,1328580,0.158022,49831,2501617,0.297544,8407551
2,2021-03-21,32930,3745179,21308,1856857,9653,1810406,1969,77916,20809,1184215,0.140851,12022,1340602,0.159452,23200,2524817,0.300304,8407551
2,2021-03-22,62171,3807350,34184,1891041,25353,1835759,2634,80550,41710,1209180,0.143821,20270,1360872,0.161863,45235,2570052,0.305684,8407551
2,2021-03-23,82998,3890348,44112,1935153,35999,1871758,2887,83437,52381,1234909,0.146881,30381,1391253,0.165477,56110,2626162,0.312358,8407551
2,2021-03-24,90894,3981242,49082,1984235,38678,1910436,3134,86571,53986,1256223,0.149416,36632,1427885,0.169834,57946,2684108,0.31925,8407551
2,2021-03-25,100548,4081790,50774,2035009,45901,1956337,3873,90444,57488,1275580,0.151718,42771,1470656,0.174921,62128,2746236,0.326639,8407551
2,2021-03-26,102655,4184445,51138,2086147,48055,2004392,3462,93906,56707,1291177,0.153573,45627,1516283,0.180348,61224,2807460,0.333921,8407551
2,2021-03-27,74742,4259187,37418,2123565,34027,2038419,3297,97203,38005,1296816,0.154244,36528,1552811,0.184692,42167,2849627,0.338937,8407551
2,2021-03-28,37387,4296574,23101,2146666,13484,2051903,802,98005,20433,1301935,0.154853,16847,1569658,0.186696,21966,2871593,0.341549,8407551
2,2021-03-29,70695,4367269,36137,2182803,32311,2084214,2247,100252,40687,1315918,0.156516,29850,1599508,0.190247,43833,2915426,0.346763,8407551
2,2021-03-30,91313,4458582,44816,2227619,42170,2126384,4327,104579,51665,1333054,0.158554,39470,1638978,0.194941,56606,2972032,0.353496,8407551
2,2021-03-31,100637,4559219,51983,2279602,43573,2169957,5081,109660,57792,1353693,0.161009,42593,1681571,0.200007,63232,3035264,0.361016,8407551
2,2021-04-01,116592,4675811,56432,2336034,51059,2221016,9101,118761,64000,1374961,0.163539,52292,1733863,0.206227,73560,3108824,0.369766,8407551
2,2021-04-02,110932,4786743,51263,2387297,49598,2270614,10071,128832,60078,1395097,0.165934,50533,1784396,0.212237,70669,3179493,0.378171,8407551
2,2021-04-03,76203,4862946,37366,2424663,29098,2299712,9739,138571,37967,1405152,0.16713,38059,1822455,0.216764,48114,3227607,0.383894,8407551
2,2021-04-04,28944,4891890,14873,2439536,10236,2309948,3835,142406,13116,1406399,0.167278,15749,1838204,0.218637,16996,3244603,0.385915,8407551
2,2021-04-05,78515,4970405,38593,2478129,31266,2341214,8656,151062,38387,1414256,0.168213,39990,1878194,0.223394,47847,3292450,0.391606,8407551
2,2021-04-06,103122,5073527,50253,2528382,38238,2379452,14631,165693,49166,1424797,0.169466,53730,1931924,0.229784,64271,3356721,0.399251,8407551
2,2021-04-07,109515,5183042,54750,2583132,38664,2418116,16101,181794,51900,1435826,0.170778,57364,1989288,0.236607,68393,3425114,0.407385,8407551
2,2021-04-08,118204,5301246,56949,2640081,42744,2460860,18511,200305,55087,1447364,0.17215,62845,2052133,0.244082,74383,3499497,0.416233,8407551
2,2021-04-09,117497,5418743,56669,2696750,42950,2503810,17878,218183,55789,1460733,0.173741,61402,2113535,0.251385,74771,3574268,0.425126,8407551
2,2021-04-10,85902,5504645,37209,2733959,30671,2534481,18022,236205,35707,1465233,0.174276,49973,2163508,0.257329,54473,3628741,0.431605,8407551
2,2021-04-11,43889,5548534,22720,2756679,12669,2547150,8500,244705,17923,1466536,0.174431,25845,2189353,0.260403,27148,3655889,0.434834,8407551
2,2021-04-12,78849,5627383,36754,2793433,32840,2579990,9255,253960,35345,1468854,0.174707,43275,2232628,0.26555,45593,3701482,0.440257,8407551
2,2021-04-13,100519,5727902,52087,2845520,48181,2628171,251,254211,55209,1480090,0.176043,45104,2277732,0.270915,56340,3757822,0.446958,8407551
2,2021-04-14,105070,5832972,55154,2900674,49867,2678038,49,254260,54100,1484924,0.176618,50728,2328460,0.276949,55562,3813384,0.453567,8407551
2,2021-04-15,111706,5944678,59512,2960186,52128,2730166,66,254326,58758,1492167,0.177479,52617,2381077,0.283207,59860,3873244,0.460686,8407551
2,2021-04-16,108976,6053654,56696,3016882,52230,2782396,50,254376,55526,1495398,0.177864,53176,2434253,0.289532,56407,3929651,0.467395,8407551
2,2021-04-17,81716,6135370,41563,3058445,40139,2822535,14,254390,45965,1506679,0.179205,35551,2469804,0.29376,46832,3976483,0.472966,8407551
2,2021-04-18,33929,6169299,20293,3078738,13631,2836166,5,254395,16227,1506278,0.179158,17596,2487400,0.295853,17195,3993678,0.475011,8407551
2,2021-04-19,73469,6242768,39658,3118396,33800,2869966,11,254406,33687,1501027,0.178533,39560,2526960,0.300558,34309,4027987,0.479092,8407551
2,2021-04-20,94750,6337518,47347,3165743,47379,2917345,24,254430,46233,1499770,0.178384,48239,2575199,0.306296,46982,4074969,0.48468,8407551
2,2021-04-21,98857,6436375,52558,3218301,46245,2963590,54,254484,46844,1495861,0.177919,51674,2626873,0.312442,47765,4122734,0.490361,8407551
2,2021-04-22,105239,6541614,53906,3272207,51313,3014903,20,254504,46245,1484327,0.176547,58667,2685540,0.31942,47133,4169867,0.495967,8407551
2,2021-04-23,104461,6646075,55120,3327327,49324,3064227,17,254521,48361,1477857,0.175777,55747,2741287,0.326051,49277,4219144,0.501828,8407551
2,2021-04-24,78924,6724999,46735,3374062,32151,3096378,38,254559,41313,1482805,0.176366,37317,2778604,0.330489,42265,4261409,0.506855,8407551
2,2021-04-25,35955,6760954,22269,3396331,13672,3110050,14,254573,19677,1486785,0.176839,16164,2794768,0.332412,20144,4281553,0.509251,8407551
2,2021-04-26,67882,6828836,37839,3434170,29754,3139804,289,254862,31064,1482925,0.17638,36597,2831365,0.336765,32737,4314290,0.513145,8407551
2,2021-04-27,82275,6911111,43355,3477525,37776,3177580,1144,256006,35306,1473841,0.1753,46701,2878066,0.342319,37617,4351907,0.517619,8407551
2,2021-04-28,85011,6996122,45076,3522601,38090,3215670,1845,257851,37246,1466308,0.174404,47510,2925576,0.34797,39977,4391884,0.522374,8407551
2,2021-04-29,87298,7083420,47064,3569665,38562,3254232,1672,259523,33575,1448708,0.17231,53434,2979010,0.354326,35834,4427718,0.526636,8407551
2,2021-04-30,91607,7175027,50553,3620218,39111,3293343,1943,261466,35444,1430902,0.170192,55824,3034834,0.360965,38018,4465736,0.531158,8407551
2,2021-05-01,60575,7235602,36948,3657166,22086,3315429,1541,263007,23820,1420571,0.168964,36527,3071361,0.36531,26196,4491932,0.534274,8407551
2,2021-05-02,28764,7264366,19865,3677031,7931,3323360,968,263975,11070,1415122,0.168316,17576,3088937,0.3674,12127,4504059,0.535716,8407551
2,2021-05-03,59146,7323512,35144,3712175,21974,3345334,2028,266003,19846,1398138,0.166296,39111,3128048,0.372052,22127,4526186,0.538348,8407551
2,2021-05-04,77500,7401012,45977,3758152,29175,3374509,2348,268351,25286,1374199,0.163448,51961,3180009,0.378232,28022,4554208,0.541681,8407551
2,2021-05-05,77656,7478668,45968,3804120,29373,3403882,2315,270666,24313,1348128,0.160347,53035,3233044,0.384541,26964,4581172,0.544888,8407551
2,2021-05-06,80046,7558714,48122,3852242,29051,3432933,2873,273539,24567,1321107,0.157133,55089,3288133,0.391093,28068,4609240,0.548226,8407551
2,2021-05-07,80735,7639449,46495,3898737,31844,3464777,2396,275935,24974,1293468,0.153846,55455,3343588,0.397689,27816,4637056,0.551535,8407551
2,2021-05-08,52871,7692320,31980,3930717,19243,3484020,1648,277583,16609,1276402,0.151816,36022,3379610,0.401973,18956,4656012,0.553789,8407551
2,2021-05-09,21167,7713487,15147,3945864,5279,3489299,741,278324,6346,1269008,0.150937,14701,3394311,0.403722,7307,4663319,0.554658,8407551
2,2021-05-10,48516,7762003,26292,3972156,20402,3509701,1822,280146,13895,1250906,0.148784,34405,3428716,0.407814,16303,4679622,0.556598,8407551
2,2021-05-11,62005,7824008,32867,4005023,27156,3536857,1982,282128,18714,1229199,0.146202,43051,3471767,0.412934,21344,4700966,0.559136,8407551
2,2021-05-12,60384,7884392,31757,4036780,26611,3563468,2016,284144,18068,1207563,0.143628,42079,3513846,0.417939,20443,4721409,0.561568,8407551
2,2021-05-13,64280,7948672,37235,4074015,25195,3588663,1850,285994,23514,1193076,0.141905,40527,3554373,0.42276,26040,4747449,0.564665,8407551
2,2021-05-14,76604,8025276,45742,4119757,28718,3617381,2144,288138,29846,1179253,0.140261,46453,3600826,0.428285,32630,4780079,0.568546,8407551
2,2021-05-15,64280,8089556,42282,4162039,20341,3637722,1657,289795,24898,1167009,0.138805,39166,3639992,0.432943,26922,4807001,0.571748,8407551
2,2021-05-16,30214,8119770,22422,4184461,6876,3644598,916,290711,12278,1162505,0.138269,17825,3657817,0.435063,13321,4820322,0.573332,8407551
2,2021-05-17,56838,8176608,36134,4220595,18803,3663401,1901,292612,23780,1155694,0.137459,32870,3690687,0.438973,26059,4846381,0.576432,8407551
2,2021-05-18,68690,8245298,40253,4260848,26500,3689901,1937,294549,28734,1147186,0.136447,39709,3730396,0.443696,31201,4877582,0.580143,8407551
2,2021-05-19,67406,8312704,40089,4300937,25405,3715306,1912,296461,28031,1138481,0.135412,39103,3769499,0.448347,30398,4907980,0.583759,8407551
2,2021-05-20,58136,8370840,33428,4334365,22756,3738062,1952,298413,22936,1128907,0.134273,34970,3804469,0.452506,25396,4933376,0.586779,8407551
2,2021-05-21,61018,8431858,35946,4370311,23130,3761192,1942,300355,24372,1119257,0.133125,36418,3840887,0.456838,26768,4960144,0.589963,8407551
2,2021-05-22,43511,8475369,27723,4398034,14213,3775405,1575,301930,18855,1115619,0.132693,24506,3865393,0.459753,20868,4981012,0.592445,8407551
2,2021-05-23,16774,8492143,12277,4410311,3905,3779310,592,302522,7666,1114911,0.132608,9043,3874436,0.460828,8335,4989347,0.593436,8407551
2,2021-05-24,42791,8534934,24044,4434355,17016,3796326,1731,304253,16930,1108243,0.131815,25664,3900100,0.463881,18996,5008343,0.595696,8407551
2,2021-05-25,49407,8584341,29054,4463409,18576,3814902,1777,306030,19542,1100491,0.130893,29601,3929701,0.467401,21849,5030192,0.598295,8407551
2,2021-05-26,45891,8630232,25855,4489264,18511,3833413,1525,307555,18372,1093415,0.130052,27252,3956953,0.470643,20176,5050368,0.600694,8407551
2,2021-05-27,25675,8655907,14392,4503656,10119,3843532,1164,308719,9411,1088180,0.129429,16145,3973098,0.472563,10910,5061278,0.601992,8407551
3,2020-12-15,304,304,304,304,0,0,0,0,304,304,3.7e-05,0,0,0.0,304,304,3.7e-05,8129050
3,2020-12-16,2309,2613,2309,2613,0,0,0,0,2310,2614,0.000322,0,0,0.0,2310,2614,0.000322,8129050
3,2020-12-17,7661,10274,7661,10274,0,0,0,0,7661,10275,0.001264,0,0,0.0,7661,10275,0.001264,8129050
3,2020-12-18,13094,23368,13081,23355,13,13,0,0,13093,23368,0.002875,0,0,0.0,13093,23368,0.002875,8129050
3,2020-12-19,7191,30559,7180,30535,11,24,0,0,7255,30623,0.003767,0,0,0.0,7255,30623,0.003767,8129050
3,2020-12-20,5634,36193,5627,36162,7,31,0,0,5681,36303,0.004466,1,1,0.0,5681,36304,0.004466,8129050
3,2020-12-21,14323,50516,14298,50460,25,56,0,0,14386,50688,0.006235,1,2,0.0,14386,50690,0.006236,8129050
3,2020-12-22,14752,65268,14178,64638,574,630,0,0,14791,65479,0.008055,0,2,0.0,14791,65481,0.008055,8129050
3,2020-12-23,14783,80051,12185,76823,2598,3228,0,0,14809,80288,0.009877,1,3,0.0,14810,80291,0.009877,8129050
3,2020-12-24,6785,86836,4870,81693,1915,5143,0,0,6783,87070,0.010711,1,4,0.0,6783,87074,0.010711,8129050
3,2020-12-25,722,87558,666,82359,56,5199,0,0,721,87791,0.0108,0,4,0.0,721,87795,0.0108,8129050
3,2020-12-26,4617,92175,2992,85351,1625,6824,0,0,4615,92406,0.011367,0,4,0.0,4615,92410,0.011368,8129050
3,2020-12-27,2964,95139,1841,87192,1123,7947,0,0,2965,95371,0.011732,0,4,0.0,2965,95375,0.011733,8129050
3,2020-12-28,13544,108683,8664,95856,4880,12827,0,0,13572,108942,0.013402,1,5,1e-06,13572,108947,0.013402,8129050
3,2020-12-29,14915,123598,8418,104274,6497,19324,0,0,14942,123882,0.015239,2,7,1e-06,14942,123889,0.01524,8129050
3,2020-12-30,17946,141544,9985,114259,7961,27285,0,0,17933,141815,0.017445,1,8,1e-06,17934,141823,0.017446,8129050
3,2020-12-31,8378,149922,3215,117474,5163,32448,0,0,8377,150191,0.018476,1,9,1e-06,8377,150200,0.018477,8129050
3,2021-01-01,1221,151143,560,118034,661,33109,0,0,1218,151409,0.018626,0,9,1e-06,1218,151418,0.018627,8129050
3,2021-01-02,4939,156082,2463,120497,2476,35585,0,0,4939,156348,0.019233,0,9,1e-06,4939,156357,0.019234,8129050
3,2021-01-03,1598,157680,882,121379,716,36301,0,0,1589,157933,0.019428,4,13,2e-06,1589,157946,0.01943,8129050
3,2021-01-04,11962,169642,6010,127389,5952,42253,0,0,11935,169861,0.020896,7,20,2e-06,11935,169881,0.020898,8129050
3,2021-01-05,15615,185257,8160,135549,7455,49708,0,0,14014,182313,0.022427,1587,1607,0.000198,14039,183920,0.022625,8129050
3,2021-01-06,20473,205730,10835,146384,9638,59346,0,0,16059,194005,0.023866,4374,5981,0.000736,16066,199986,0.024601,8129050
3,2021-01-07,26382,232112,15098,161482,11284,70630,0,0,17170,202006,0.02485,9183,15164,0.001865,17184,217170,0.026715,8129050
3,2021-01-08,30295,262407,18517,179999,11778,82408,0,0,18105,207964,0.025583,12169,27333,0.003362,18127,235297,0.028945,8129050
3,2021-01-09,12323,274730,6988,186987,5335,87743,0,0,7836,211327,0.025997,4481,31814,0.003914,7844,243141,0.02991,8129050
3,2021-01-10,7157,281887,4516,191503,2641,90384,0,0,4019,212214,0.026106,3136,34950,0.004299,4023,247164,0.030405,8129050
3,2021-01-11,28874,310761,18916,210419,9958,100342,0,0,16313,216015,0.026573,12555,47505,0.005844,16356,263520,0.032417,8129050
3,2021-01-12,32164,342925,19264,229683,12900,113242,0,0,19769,223491,0.027493,12379,59884,0.007367,19855,283375,0.03486,8129050
3,2021-01-13,34286,377211,17927,247610,16359,129601,0,0,24187,237596,0.029228,10100,69984,0.008609,24205,307580,0.037837,8129050
3,2021-01-14,34448,411659,14172,261782,20276,149877,0,0,28577,260368,0.032029,5839,75823,0.009327,28611,336191,0.041357,8129050
3,2021-01-15,38623,450282,14356,276138,24267,174144,0,0,34015,289848,0.035656,4599,80422,0.009893,34079,370270,0.045549,8129050
3,2021-01-16,21709,471991,7577,283715,14132,188276,0,0,19400,306974,0.037763,2295,82717,0.010175,19421,389691,0.047938,8129050
3,2021-01-17,13050,485041,4402,288117,8648,196924,0,0,12026,317996,0.039118,1023,83740,0.010301,12045,401736,0.04942,8129050
3,2021-01-18,24625,509666,12851,300968,11774,208698,0,0,19096,331586,0.04079,5547,89287,0.010984,19137,420873,0.051774,8129050
3,2021-01-19,40749,550415,20835,321803,19914,228612,0,0,31721,354384,0.043595,9003,98290,0.012091,31801,452674,0.055686,8129050
3,2021-01-20,44810,595225,22061,343864,22749,251361,0,0,35538,380771,0.046841,9228,107518,0.013226,35615,488289,0.060067,8129050
3,2021-01-21,47403,642628,20533,364397,26870,278231,0,0,41985,417474,0.051356,5346,112864,0.013884,42049,530338,0.06524,8129050
3,2021-01-22,49349,691977,19691,384088,29658,307889,0,0,45235,458651,0.056421,4120,116984,0.014391,45297,575635,0.070812,8129050
3,2021-01-23,30015,721992,12738,396826,17277,325166,0,0,26756,482206,0.059319,3249,120233,0.014791,26804,602439,0.074109,8129050
3,2021-01-24,17610,739602,8480,405306,9130,334296,0,0,16463,497552,0.061207,1145,121378,0.014931,16491,618930,0.076138,8129050
3,2021-01-25,40441,780043,18125,423431,22316,356612,0,0,30558,518327,0.063762,9865,131243,0.016145,30640,649570,0.079907,8129050
3,2021-01-26,46718,826761,22377,445808,24341,380953,0,0,36731,545182,0.067066,9977,141220,0.017372,36832,686402,0.084438,8129050
3,2021-01-27,50335,877096,24318,470126,26017,406970,0,0,39876,574740,0.070702,10392,151612,0.018651,39950,726352,0.089353,8129050
3,2021-01-28,51336,928432,23853,493979,27483,434453,0,0,42499,608533,0.074859,8756,160368,0.019728,42549,768901,0.094587,8129050
3,2021-01-29,50325,978757,24277,518256,26048,460501,0,0,40816,640071,0.078739,9323,169691,0.020875,40861,809762,0.099613,8129050
3,2021-01-30,36807,1015564,17559,535815,19248,479749,0,0,32125,667646,0.082131,4630,174321,0.021444,32205,841967,0.103575,8129050
3,2021-01-31,22028,1037592,12637,548452,9391,489140,0,0,20699,687042,0.084517,1319,175640,0.021606,20715,862682,0.106123,8129050
3,2021-02-01,45482,1083074,20821,569273,24661,513801,0,0,34784,711211,0.08749,10650,186290,0.022917,34819,897501,0.110407,8129050
3,2021-02-02,53773,1136847,22396,591669,31377,545178,0,0,41465,740503,0.091093,12223,198513,0.02442,41515,939016,0.115514,8129050
3,2021-02-03,59673,1196520,26626,618295,33047,578225,0,0,44398,769852,0.094704,15117,213630,0.02628,44466,983482,0.120984,8129050
3,2021-02-04,63963,1260483,27806,646101,36157,614382,0,0,46972,800124,0.098428,16805,230435,0.028347,47077,1030559,0.126775,8129050
3,2021-02-05,69749,1330232,29677,675778,40072,654454,0,0,48268,827284,0.101769,21268,251703,0.030963,48428,1078987,0.132732,8129050
3,2021-02-06,43435,1373667,21134,696912,22301,676755,0,0,33745,851550,0.104754,9660,261363,0.032152,33926,1112913,0.136906,8129050
3,2021-02-07,19438,1393105,12319,709231,7119,683874,0,0,14971,862193,0.106063,4455,265818,0.0327,15098,1128011,0.138763,8129050
3,2021-02-08,50830,1443935,24538,733769,26292,710166,0,0,33376,878406,0.108058,17348,283166,0.034834,33561,1161572,0.142891,8129050
3,2021-02-09,58161,1502096,28323,762092,29838,740004,0,0,34181,889120,0.109376,23811,306977,0.037763,34525,1196097,0.147139,8129050
3,2021-02-10,67453,1569549,31375,793467,36078,776082,0,0,36634,895684,0.110183,30595,337572,0.041527,37159,1233256,0.15171,8129050
3,2021-02-11,70146,1639695,34631,828098,35515,811597,0,0,37625,901655,0.110918,32183,369755,0.045486,38154,1271410,0.156403,8129050
3,2021-02-12,74820,1714515,32424,860522,42396,853993,0,0,41438,910754,0.112037,33098,402853,0.049557,42197,1313607,0.161594,8129050
3,2021-02-13,44579,1759094,20255,880777,24324,878317,0,0,25765,918381,0.112975,18718,421571,0.05186,26345,1339952,0.164835,8129050
3,2021-02-14,27068,1786162,13505,894282,13563,891880,0,0,15122,922051,0.113427,11900,433471,0.053324,15570,1355522,0.16675,8129050
3,2021-02-15,39755,1825917,17123,911405,22632,914512,0,0,22068,927450,0.114091,17604,451075,0.055489,23003,1378525,0.16958,8129050
3,2021-02-16,69465,1895382,32857,944262,36608,951120,0,0,36224,931587,0.1146,33112,484187,0.059563,37249,1415774,0.174162,8129050
3,2021-02-17,71190,1966572,36021,980283,35169,986289,0,0,33995,929667,0.114364,36985,521172,0.064112,35065,1450839,0.178476,8129050
3,2021-02-18,76245,2042817,39816,1020099,36429,1022718,0,0,35425,925751,0.113882,40681,561853,0.069117,36765,1487604,0.182999,8129050
3,2021-02-19,67963,2110780,39188,1059287,28775,1051493,0,0,34454,927482,0.114095,33413,595266,0.073227,35144,1522748,0.187322,8129050
3,2021-02-20,41581,2152361,26351,1085638,15230,1066723,0,0,22074,930627,0.114482,19421,614687,0.075616,22566,1545314,0.190098,8129050
3,2021-02-21,22418,2174779,18655,1104293,3763,1070486,0,0,10726,930109,0.114418,11629,626316,0.077047,11111,1556425,0.191465,8129050
3,2021-02-22,44873,2219652,29263,1133556,15610,1086096,0,0,21281,928358,0.114203,23517,649833,0.07994,21766,1578191,0.194142,8129050
3,2021-02-23,60320,2279972,32973,1166529,27347,1113443,0,0,26726,923611,0.113619,33454,683287,0.084055,28707,1606898,0.197674,8129050
3,2021-02-24,76223,2356195,37318,1203847,38905,1152348,0,0,34185,918418,0.11298,41882,725169,0.089207,36689,1643587,0.202187,8129050
3,2021-02-25,85177,2441372,41399,1245246,43778,1196126,0,0,42871,921786,0.113394,42085,767254,0.094384,45453,1689040,0.207778,8129050
3,2021-02-26,95523,2536895,43543,1288789,51980,1248106,0,0,51145,931070,0.114536,44057,811311,0.099804,53341,1742381,0.21434,8129050
3,2021-02-27,67528,2604423,31130,1319919,36395,1284501,3,3,35892,936804,0.115242,31463,842774,0.103674,37197,1779578,0.218916,8129050
3,2021-02-28,37653,2642076,21885,1341804,15767,1300268,1,4,19536,939317,0.115551,17973,860747,0.105885,20486,1800064,0.221436,8129050
3,2021-03-01,65826,2707902,35033,1376837,30775,1331043,18,22,36829,948650,0.116699,28844,889591,0.109434,38177,1838241,0.226132,8129050
3,2021-03-02,77464,2785366,38389,1415226,39071,1370114,4,26,45489,964346,0.11863,31858,921449,0.113353,47554,1885795,0.231982,8129050
3,2021-03-03,87796,2873162,41981,1457207,45800,1415914,15,41,49108,977215,0.120213,38516,959965,0.118091,51385,1937180,0.238303,8129050
3,2021-03-04,92340,2965502,45436,1502643,46889,1462803,15,56,52614,992572,0.122102,39541,999506,0.122955,54898,1992078,0.245057,8129050
3,2021-03-05,88851,3054353,43742,1546385,44819,1507622,290,346,54397,1015236,0.12489,34243,1033749,0.127167,56907,2048985,0.252057,8129050
3,2021-03-06,64587,3118940,32756,1579141,29694,1537316,2137,2483,37089,1028566,0.12653,27368,1061117,0.130534,40698,2089683,0.257064,8129050
3,2021-03-07,37254,3156194,22275,1601416,13869,1551185,1110,3593,21511,1036658,0.127525,15692,1076809,0.132464,23784,2113467,0.259989,8129050
3,2021-03-08,58508,3214702,27997,1629413,27690,1578875,2821,6414,37224,1057105,0.13004,21153,1097962,0.135066,41600,2155067,0.265107,8129050
3,2021-03-09,75972,3290674,35342,1664755,36293,1615168,4337,10751,41100,1068961,0.131499,34762,1132724,0.139343,46618,2201685,0.270842,8129050
3,2021-03-10,82053,3372727,41164,1705919,34862,1650030,6027,16778,43030,1080576,0.132928,38849,1171573,0.144122,50464,2252149,0.277049,8129050
3,2021-03-11,96113,3468840,47014,1752933,40576,1690606,8523,25301,47322,1088965,0.13396,48567,1220140,0.150096,56956,2309105,0.284056,8129050
3,2021-03-12,101174,3570014,45208,1798141,44120,1734726,11846,37147,46633,1094257,0.134611,54363,1274503,0.156784,59655,2368760,0.291394,8129050
3,2021-03-13,69282,3639296,29560,1827701,32523,1767249,7199,44346,36491,1106676,0.136138,32689,1307192,0.160805,45108,2413868,0.296943,8129050
3,2021-03-14,40673,3679969,21506,1849207,15621,1782870,3546,47892,20893,1112035,0.136798,19719,1326911,0.163231,25078,2438946,0.300028,8129050
3,2021-03-15,74957,3754926,35652,1884859,34784,1817654,4521,52413,39746,1122267,0.138056,35043,1361954,0.167542,45275,2484221,0.305598,8129050
3,2021-03-16,94352,3849278,43545,1928404,46511,1864165,4296,56709,53452,1140228,0.140266,40713,1402667,0.17255,58674,2542895,0.312816,8129050
3,2021-03-17,97039,3946317,47179,1975583,45414,1909579,4446,61155,59386,1167281,0.143594,37456,1440123,0.177158,64509,2607404,0.320751,8129050
3,2021-03-18,102253,4048570,52021,2027604,45834,1955413,4398,65553,59564,1189335,0.146307,42462,1482585,0.182381,64516,2671920,0.328688,8129050
3,2021-03-19,102284,4150854,54872,2082476,42998,1998411,4414,69967,58013,1208270,0.148636,44037,1526622,0.187798,62972,2734892,0.336434,8129050
3,2021-03-20,70965,4221819,36640,2119116,30741,2029152,3584,73551,44310,1230172,0.15133,26492,1553114,0.191057,48394,2783286,0.342388,8129050
3,2021-03-21,35766,4257585,24406,2143522,9872,2039024,1488,75039,23120,1242679,0.152869,12572,1565686,0.192604,25079,2808365,0.345473,8129050
3,2021-03-22,69813,4327398,41067,2184589,26243,2065267,2503,77542,45276,1267122,0.155876,24348,1590034,0.195599,48791,2857156,0.351475,8129050
3,2021-03-23,89002,4416400,49155,2233744,37334,2102601,2513,80055,55141,1291849,0.158918,33634,1623668,0.199737,58361,2915517,0.358654,8129050
3,2021-03-24,98041,4514441,56547,2290291,38636,2141237,2858,82913,56654,1310891,0.16126,41081,1664749,0.20479,60123,2975640,0.36605,8129050
3,2021-03-25,106608,4621049,59404,2349695,44288,2185525,2916,85829,60794,1329724,0.163577,45528,1710277,0.210391,64361,3040001,0.373968,8129050
3,2021-03-26,109816,4730865,59058,2408753,47511,2233036,3247,89076,57511,1339303,0.164755,52030,1762307,0.216791,61609,3101610,0.381546,8129050
3,2021-03-27,73770,4804635,37576,2446329,33658,2266694,2536,91612,36439,1341804,0.165063,37148,1799455,0.221361,39649,3141259,0.386424,8129050
3,2021-03-28,43875,4848510,27765,2474094,15305,2281999,805,92417,22734,1344802,0.165432,21042,1820497,0.22395,24040,3165299,0.389381,8129050
3,2021-03-29,80159,4928669,41984,2516078,36337,2318336,1838,94255,44632,1356764,0.166903,35317,1855814,0.228294,47279,3212578,0.395197,8129050
3,2021-03-30,99416,5028085,49001,2565079,46806,2365142,3609,97864,56049,1373879,0.169009,43146,1898960,0.233602,60261,3272839,0.40261,8129050
3,2021-03-31,104474,5132559,56512,2621591,43164,2408306,4798,102662,56447,1387619,0.170699,47852,1946812,0.239488,61592,3334431,0.410187,8129050
3,2021-04-01,122647,5255206,62229,2683820,50804,2459110,9614,112276,66780,1408807,0.173305,55574,2002386,0.246325,76762,3411193,0.41963,8129050
3,2021-04-02,117326,5372532,57380,2741200,49723,2508833,10223,122499,62404,1427297,0.17558,54688,2057074,0.253052,73178,3484371,0.428632,8129050
3,2021-04-03,75756,5448288,38759,2779959,27818,2536651,9179,131678,37935,1437056,0.17678,37702,2094776,0.25769,47461,3531832,0.43447,8129050
3,2021-04-04,32278,5480566,17257,2797216,10843,2547494,4178,135856,14235,1437534,0.176839,17977,2112753,0.259902,18455,3550287,0.436741,8129050
3,2021-04-05,88565,5569131,45049,2842265,34480,2581974,9036,144892,43603,1446250,0.177911,44784,2157537,0.265411,53500,3603787,0.443322,8129050
3,2021-04-06,112557,5681688,54881,2897146,42617,2624591,15059,159951,53229,1456229,0.179139,59095,2216632,0.27268,69074,3672861,0.451819,8129050
3,2021-04-07,115426,5797114,59994,2957140,39267,2663858,16165,176116,56179,1469893,0.18082,59040,2275672,0.279943,72704,3745565,0.460763,8129050
3,2021-04-08,120465,5917579,60261,3017401,40292,2704150,19912,196028,56177,1482828,0.182411,64038,2339710,0.287821,76973,3822538,0.470232,8129050
3,2021-04-09,117243,6034822,58604,3076005,39658,2743808,18981,215009,51680,1489171,0.183191,65363,2405073,0.295862,71706,3894244,0.479053,8129050
3,2021-04-10,82881,6117703,37626,3113631,30175,2773983,15080,230089,33953,1490313,0.183332,48785,2453858,0.301863,49927,3944171,0.485195,8129050
3,2021-04-11,44630,6162333,23992,3137623,12689,2786672,7949,238038,17004,1488556,0.183116,27547,2481405,0.305252,25790,3969961,0.488367,8129050
3,2021-04-12,82954,6245287,41999,3179622,32349,2819021,8606,246644,37883,1491229,0.183444,44889,2526294,0.310774,47562,4017523,0.494218,8129050
3,2021-04-13,104264,6349551,56544,3236166,47513,2866534,207,246851,55243,1498711,0.184365,48837,2575131,0.316781,56319,4073842,0.501146,8129050
3,2021-04-14,105464,6455015,57817,3293983,47556,2914090,91,246942,53089,1501178,0.184668,52134,2627265,0.323195,54601,4128443,0.507863,8129050
3,2021-04-15,117847,6572862,66414,3360397,51377,2965467,56,246998,63501,1511409,0.185927,54110,2681375,0.329851,64341,4192784,0.515778,8129050
3,2021-04-16,113801,6686663,63918,3424315,49793,3015260,90,247088,59632,1517856,0.18672,53928,2735303,0.336485,60375,4253159,0.523205,8129050
3,2021-04-17,77904,6764567,42558,3466873,35335,3050595,11,247099,43481,1528040,0.187973,34259,2769562,0.340699,44443,4297602,0.528672,8129050
3,2021-04-18,36889,6801456,21861,3488734,15025,3065620,3,247102,17364,1526818,0.187822,19447,2789009,0.343092,18225,4315827,0.530914,8129050
3,2021-04-19,77975,6879431,43672,3532406,34252,3099872,51,247153,35290,1520137,0.187001,42552,2831561,0.348326,35871,4351698,0.535327,8129050
3,2021-04-20,97819,6977250,50740,3583146,47066,3146938,13,247166,47721,1519004,0.186861,49907,2881468,0.354466,48774,4400472,0.541327,8129050
3,2021-04-21,100782,7078032,55622,3638768,45096,3192034,64,247230,47704,1514926,0.18636,52805,2934273,0.360961,48727,4449199,0.547321,8129050
3,2021-04-22,108608,7186640,60611,3699379,47976,3240010,21,247251,46918,1501381,0.184693,61420,2995693,0.368517,47875,4497074,0.55321,8129050
3,2021-04-23,103030,7289670,58460,3757839,44548,3284558,22,247273,45183,1490022,0.183296,57555,3053248,0.375597,46196,4543270,0.558893,8129050
3,2021-04-24,72679,7362349,45094,3802933,27527,3312085,58,247331,35513,1489622,0.183247,36935,3090183,0.380141,36535,4579805,0.563387,8129050
3,2021-04-25,36182,7398531,23367,3826300,12800,3324885,15,247346,18699,1491349,0.183459,17370,3107553,0.382278,19097,4598902,0.565737,8129050
3,2021-04-26,67392,7465923,37986,3864286,29026,3353911,380,247726,28727,1483275,0.182466,38465,3146018,0.387009,30391,4629293,0.569475,8129050
3,2021-04-27,84724,7550647,44441,3908727,38868,3392779,1415,249141,33914,1468780,0.180683,50554,3196572,0.393228,36059,4665352,0.573911,8129050
3,2021-04-28,83726,7634373,47217,3955944,34410,3427189,2099,251240,33963,1455831,0.17909,49537,3246109,0.399322,36588,4701940,0.578412,8129050
3,2021-04-29,85416,7719789,48503,4004447,34746,3461935,2167,253407,29872,1433046,0.176287,55296,3301405,0.406124,32511,4734451,0.582411,8129050
3,2021-04-30,88056,7807845,49515,4053962,36097,3498032,2444,255851,32708,1413533,0.173887,55110,3356515,0.412904,35597,4770048,0.58679,8129050
3,2021-05-01,54341,7862186,34364,4088326,18543,3516575,1434,257285,19581,1400407,0.172272,34616,3391131,0.417162,21490,4791538,0.589434,8129050
3,2021-05-02,26495,7888681,18014,4106340,7472,3524047,1009,258294,9795,1394659,0.171565,16650,3407781,0.41921,10902,4802440,0.590775,8129050
3,2021-05-03,58723,7947404,34531,4140871,21866,3545913,2326,260620,17231,1373063,0.168908,41327,3449108,0.424294,19731,4822171,0.593202,8129050
3,2021-05-04,75375,8022779,43140,4184011,29605,3575518,2630,263250,22044,1344927,0.165447,53085,3502193,0.430824,24949,4847120,0.596271,8129050
3,2021-05-05,76439,8099218,45623,4229634,28167,3603685,2649,265899,21121,1313905,0.161631,55050,3557243,0.437596,24028,4871148,0.599227,8129050
3,2021-05-06,80988,8180206,51078,4280712,27452,3631137,2458,268357,20279,1276860,0.157074,60330,3617573,0.445018,23285,4894433,0.602092,8129050
3,2021-05-07,79865,8260071,49553,4330265,27727,3658864,2585,270942,21399,1242963,0.152904,58170,3675743,0.452174,24273,4918706,0.605078,8129050
3,2021-05-08,50160,8310231,30977,4361242,17553,3676417,1630,272572,13415,1221813,0.150302,36449,3712192,0.456658,15299,4934005,0.60696,8129050
3,2021-05-09,20346,8330577,14716,4375958,4843,3681260,787,273359,5607,1213654,0.149298,14619,3726811,0.458456,6460,4940465,0.607754,8129050
3,2021-05-10,46606,8377183,24850,4400808,19876,3701136,1880,275239,11054,1191483,0.146571,35357,3762168,0.462805,13186,4953651,0.609376,8129050
3,2021-05-11,59911,8437094,32886,4433694,24983,3726119,2042,277281,15143,1164525,0.143255,44571,3806739,0.468288,17613,4971264,0.611543,8129050
3,2021-05-12,59611,8496705,33811,4467505,23638,3749757,2162,279443,15687,1138925,0.140106,43717,3850456,0.473666,18117,4989381,0.613772,8129050
3,2021-05-13,67929,8564634,42574,4510079,23579,3773336,1776,281219,24656,1122880,0.138132,43046,3893502,0.478962,27001,5016382,0.617093,8129050
3,2021-05-14,77790,8642424,49188,4559267,26507,3799843,2095,283314,30673,1109363,0.136469,46872,3940374,0.484727,33355,5049737,0.621196,8129050
3,2021-05-15,60449,8702873,41648,4600915,17615,3817458,1186,284500,25044,1100566,0.135387,35236,3975610,0.489062,26439,5076176,0.624449,8129050
3,2021-05-16,31040,8733913,23149,4624064,7210,3824668,681,285181,12329,1095030,0.134706,18620,3994230,0.491353,13084,5089260,0.626058,8129050
3,2021-05-17,55851,8789764,35645,4659709,18415,3843083,1791,286972,22012,1085445,0.133527,33600,4027830,0.495486,24015,5113275,0.629013,8129050
3,2021-05-18,63059,8852823,37429,4697138,23806,3866889,1824,288796,25066,1074957,0.132236,37755,4065585,0.50013,27267,5140542,0.632367,8129050
3,2021-05-19,62184,8915007,38033,4735171,22473,3889362,1678,290474,25613,1066157,0.131154,36349,4101934,0.504602,27549,5168091,0.635756,8129050
3,2021-05-20,50958,8965965,29987,4765158,19384,3908746,1587,292061,19339,1055958,0.129899,31401,4133335,0.508465,21202,5189293,0.638364,8129050
3,2021-05-21,54655,9020620,33395,4798553,19452,3928198,1808,293869,20157,1043878,0.128413,34270,4167605,0.51268,22190,5211483,0.641094,8129050
3,2021-05-22,36396,9057016,24470,4823023,10666,3938864,1260,295129,15854,1040755,0.128029,20404,4188009,0.51519,17281,5228764,0.64322,8129050
3,2021-05-23,14364,9071380,10791,4833814,3073,3941937,500,295629,6655,1040308,0.127974,7654,4195663,0.516132,7207,5235971,0.644106,8129050
3,2021-05-24,37753,9109133,21890,4855704,14180,3956117,1683,297312,14458,1033499,0.127137,23140,4218803,0.518979,16331,5252302,0.646115,8129050
3,2021-05-25,41397,9150530,23313,4879017,16477,3972594,1607,298919,15350,1024831,0.12607,25838,4244641,0.522157,17170,5269472,0.648227,8129050
3,2021-05-26,39495,9190025,22350,4901367,15555,3988149,1590,300509,15177,1017635,0.125185,24071,4268712,0.525118,16875,5286347,0.650303,8129050
3,2021-05-27,20547,9210572,11199,4912566,8345,3996494,1003,301512,7452,1013188,0.124638,12999,4281711,0.526717,8552,5294899,0.651355,8129050
4,2020-12-15,446,446,446,446,0,0,0,0,446,446,5.5e-05,0,0,0.0,446,446,5.5e-05,8037679
4,2020-12-16,2983,3429,2983,3429,0,0,0,0,2983,3429,0.000427,0,0,0.0,2983,3429,0.000427,8037679
4,2020-12-17,8549,11978,8549,11978,0,0,0,0,8549,11978,0.00149,0,0,0.0,8549,11978,0.00149,8037679
4,2020-12-18,15419,27397,15410,27388,9,9,0,0,15419,27397,0.003409,0,0,0.0,15419,27397,0.003409,8037679
4,2020-12-19,10244,37641,10237,37625,7,16,0,0,10179,37576,0.004675,0,0,0.0,10179,37576,0.004675,8037679
4,2020-12-20,7370,45011,7363,44988,7,23,0,0,7325,44901,0.005586,0,0,0.0,7325,44901,0.005586,8037679
4,2020-12-21,16332,61343,16309,61297,23,46,0,0,16266,61167,0.00761,0,0,0.0,16266,61167,0.00761,8037679
4,2020-12-22,17170,78513,16437,77734,733,779,0,0,17126,78293,0.009741,0,0,0.0,17126,78293,0.009741,8037679
4,2020-12-23,17058,95571,14362,92096,2696,3475,0,0,17030,95322,0.011859,1,1,0.0,17030,95323,0.01186,8037679
4,2020-12-24,8567,104138,5983,98079,2584,6059,0,0,8567,103889,0.012925,0,1,0.0,8567,103890,0.012925,8037679
4,2020-12-25,905,105043,800,98879,105,6164,0,0,905,104794,0.013038,0,1,0.0,905,104795,0.013038,8037679
4,2020-12-26,6227,111270,3877,102756,2350,8514,0,0,6227,111021,0.013813,0,1,0.0,6227,111022,0.013813,8037679
4,2020-12-27,3424,114694,1997,104753,1427,9941,0,0,3424,114445,0.014239,0,1,0.0,3424,114446,0.014239,8037679
4,2020-12-28,14978,129672,9256,114009,5722,15663,0,0,14948,129392,0.016098,1,2,0.0,14948,129394,0.016098,8037679
4,2020-12-29,15252,144924,8440,122449,6812,22475,0,0,15219,144611,0.017992,0,2,0.0,15219,144613,0.017992,8037679
4,2020-12-30,18853,163777,11030,133479,7823,30298,0,0,18841,163450,0.020335,2,4,0.0,18841,163454,0.020336,8037679
4,2020-12-31,8199,171976,3321,136800,4878,35176,0,0,8193,171640,0.021354,3,7,1e-06,8193,171647,0.021355,8037679
4,2021-01-01,1302,173278,560,137360,742,35918,0,0,1300,172938,0.021516,2,9,1e-06,1300,172947,0.021517,8037679
4,2021-01-02,5674,178952,3227,140587,2447,38365,0,0,5673,178610,0.022222,1,10,1e-06,5673,178620,0.022223,8037679
4,2021-01-03,2124,181076,1279,141866,845,39210,0,0,2110,180716,0.022484,4,14,2e-06,2110,180730,0.022485,8037679
4,2021-01-04,12967,194043,7084,148950,5883,45093,0,0,12919,193605,0.024087,30,44,5e-06,12919,193649,0.024093,8037679
4,2021-01-05,16801,210844,9994,158944,6807,51900,0,0,14772,206381,0.025677,2007,2051,0.000255,14783,208432,0.025932,8037679
4,2021-01-06,21476,232320,13172,172116,8304,60204,0,0,15614,216198,0.026898,5810,7861,0.000978,15627,224059,0.027876,8037679
4,2021-01-07,27786,260106,16952,189068,10834,71038,0,0,16983,222451,0.027676,10746,18607,0.002315,16999,241058,0.029991,8037679
4,2021-01-08,32651,292757,20948,210016,11703,82741,0,0,18495,226878,0.028227,14087,32694,0.004068,18514,259572,0.032294,8037679
4,2021-01-09,16171,308928,9568,219584,6603,89344,0,0,9425,229591,0.028564,6723,39417,0.004904,9436,269008,0.033468,8037679
4,2021-01-10,8716,317644,5661,225245,3055,92399,0,0,4113,229130,0.028507,4582,43999,0.005474,4121,273129,0.033981,8037679
4,2021-01-11,33294,350938,21822,247067,11472,103871,0,0,18786,233489,0.029049,14466,58465,0.007274,18825,291954,0.036323,8037679
4,2021-01-12,38274,389212,22038,269105,16236,120107,0,0,24251,243806,0.030333,13974,72439,0.009012,24291,316245,0.039345,8037679
4,2021-01-13,38459,427671,18934,288039,19525,139632,0,0,27247,259920,0.032338,11158,83597,0.010401,27272,343517,0.042738,8037679
4,2021-01-14,38972,466643,14896,302935,24076,163708,0,0,31921,284867,0.035441,7003,90600,0.011272,31950,375467,0.046713,8037679
4,2021-01-15,45112,511755,15611,318546,29501,193209,0,0,39599,319030,0.039692,5456,96056,0.011951,39619,415086,0.051643,8037679
4,2021-01-16,28532,540287,9330,327876,19202,212411,0,0,25425,341401,0.042475,3070,99126,0.012333,25441,440527,0.054808,8037679
4,2021-01-17,18966,559253,6656,334532,12310,224721,0,0,17456,357387,0.044464,1485,100611,0.012517,17471,457998,0.056981,8037679
4,2021-01-18,29379,588632,13606,348138,15773,240494,0,0,23412,374953,0.046649,5872,106483,0.013248,23438,481436,0.059897,8037679
4,2021-01-19,45948,634580,23116,371254,22832,263326,0,0,36635,402403,0.050065,9258,115741,0.0144,36708,518144,0.064464,8037679
4,2021-01-20,51606,686186,27360,398614,24246,287572,0,0,41224,433396,0.053921,10285,126026,0.015679,41278,559422,0.0696,8037679
4,2021-01-21,56293,742479,24879,423493,31414,318986,0,0,49908,477022,0.059348,6324,132350,0.016466,49950,609372,0.075814,8037679
4,2021-01-22,54861,797340,22049,445542,32812,351798,0,0,49778,521840,0.064924,4988,137338,0.017087,49806,659178,0.082011,8037679
4,2021-01-23,39375,836715,17393,462935,21982,373780,0,0,35078,552658,0.068758,4288,141626,0.01762,35106,694284,0.086379,8037679
4,2021-01-24,23909,860624,10491,473426,13418,387198,0,0,22040,572852,0.071271,1862,143488,0.017852,22056,716340,0.089123,8037679
4,2021-01-25,47702,908326,22067,495493,25635,412833,0,0,36645,598525,0.074465,11026,154514,0.019224,36699,753039,0.093689,8037679
4,2021-01-26,56323,964649,28762,524255,27561,440394,0,0,44195,630704,0.078468,12074,166588,0.020726,44253,797292,0.099194,8037679
4,2021-01-27,55101,1019750,26579,550834,28522,468916,0,0,44266,664258,0.082643,10764,177352,0.022065,44318,841610,0.104708,8037679
4,2021-01-28,56146,1075896,25379,576213,30767,499683,0,0,46277,700794,0.087189,9782,187134,0.023282,46318,887928,0.110471,8037679
4,2021-01-29,56101,1131997,27015,603228,29086,528769,0,0,45838,736539,0.091636,10123,197257,0.024542,45868,933796,0.116177,8037679
4,2021-01-30,37533,1169530,17111,620339,20422,549191,0,0,32243,763561,0.094998,5245,202502,0.025194,32267,966063,0.120192,8037679
4,2021-01-31,23783,1193313,12490,632829,11293,560484,0,0,22189,784189,0.097564,1577,204079,0.02539,22205,988268,0.122954,8037679
4,2021-02-01,49640,1242953,24111,656940,25529,586013,0,0,38069,810763,0.10087,11533,215612,0.026825,38107,1026375,0.127695,8037679
4,2021-02-02,54873,1297826,25330,682270,29543,615556,0,0,42174,840341,0.10455,12638,228250,0.028398,42216,1068591,0.132948,8037679
4,2021-02-03,61741,1359567,30330,712600,31411,646967,0,0,47562,873890,0.108724,14068,242318,0.030148,47617,1116208,0.138872,8037679
4,2021-02-04,67271,1426838,31347,743947,35924,682891,0,0,50648,908170,0.112989,16474,258792,0.032197,50754,1166962,0.145186,8037679
4,2021-02-05,72743,1499581,33710,777657,39033,721924,0,0,50804,937409,0.116627,21697,280489,0.034897,50936,1217898,0.151524,8037679
4,2021-02-06,48076,1547657,26051,803708,22025,743949,0,0,36651,962867,0.119794,11393,291882,0.036314,36851,1254749,0.156108,8037679
4,2021-02-07,26327,1573984,17383,821091,8944,752893,0,0,19941,976684,0.121513,6360,298242,0.037105,20177,1274926,0.158619,8037679
4,2021-02-08,58205,1632189,29914,851005,28291,781184,0,0,37907,994676,0.123752,20174,318416,0.039615,38166,1313092,0.163367,8037679
4,2021-02-09,66930,1699119,34105,885110,32825,814009,0,0,39317,1006848,0.125266,27545,345961,0.043042,39717,1352809,0.168308,8037679
4,2021-02-10,76880,1775999,38458,923568,38422,852431,0,0,40868,1012474,0.125966,35783,381744,0.047494,41409,1394218,0.17346,8037679
4,2021-02-11,80718,1856717,42113,965681,38605,891036,0,0,41764,1016161,0.126425,38739,420483,0.052314,42426,1436644,0.178739,8037679
4,2021-02-12,83846,1940563,37577,1003258,46269,937305,0,0,43262,1019805,0.126878,40403,460886,0.057341,44047,1480691,0.184219,8037679
4,2021-02-13,58408,1998971,29630,1032888,28778,966083,0,0,29827,1022069,0.12716,28460,489346,0.060882,30724,1511415,0.188041,8037679
4,2021-02-14,36585,2035556,18974,1051862,17611,983694,0,0,18828,1023844,0.127381,17709,507055,0.063085,19484,1530899,0.190465,8037679
4,2021-02-15,45915,2081471,21502,1073364,24413,1008107,0,0,23662,1026493,0.12771,22187,529242,0.065845,24836,1555735,0.193555,8037679
4,2021-02-16,79553,2161024,36416,1109780,43137,1051244,0,0,40642,1029535,0.128089,38816,568058,0.070674,41858,1597593,0.198763,8037679
4,2021-02-17,80933,2241957,38180,1147960,42753,1093997,0,0,38676,1027239,0.127803,42100,610158,0.075912,39804,1637397,0.203715,8037679
4,2021-02-18,82692,2324649,45501,1193461,37191,1131188,0,0,38329,1022827,0.127254,44215,654373,0.081413,39803,1677200,0.208667,8037679
4,2021-02-19,81732,2406381,51414,1244875,30318,1161506,0,0,41042,1024004,0.1274,40555,694928,0.086459,41732,1718932,0.213859,8037679
4,2021-02-20,48278,2454659,32240,1277115,16038,1177544,0,0,26441,1029347,0.128065,21785,716713,0.089169,27128,1746060,0.217234,8037679
4,2021-02-21,28798,2483457,23176,1300291,5622,1183166,0,0,13913,1028721,0.127987,14825,731538,0.091014,14199,1760259,0.219001,8037679
4,2021-02-22,52384,2535841,36091,1336382,16293,1199459,0,0,25507,1027883,0.127883,26791,758329,0.094347,25953,1786212,0.22223,8037679
4,2021-02-23,73165,2609006,40608,1376990,32557,1232016,0,0,32423,1021349,0.12707,40621,798950,0.099401,34087,1820299,0.226471,8037679
4,2021-02-24,87967,2696973,46407,1423397,41560,1273576,0,0,39978,1015690,0.126366,47788,846738,0.105346,42129,1862428,0.231712,8037679
4,2021-02-25,98220,2795193,51158,1474555,47062,1320638,0,0,47203,1014571,0.126227,50869,897607,0.111675,49750,1912178,0.237902,8037679
4,2021-02-26,104181,2899374,52548,1527103,51633,1372271,0,0,53931,1020808,0.127003,50033,947640,0.1179,56270,1968448,0.244903,8037679
4,2021-02-27,75651,2975025,41309,1568412,34336,1406607,6,6,40531,1027827,0.127876,34994,982634,0.122253,42013,2010461,0.25013,8037679
4,2021-02-28,45074,3020099,27952,1596364,17120,1423727,2,8,25110,1033985,0.128642,19832,1002466,0.124721,25990,2036451,0.253363,8037679
4,2021-03-01,75435,3095534,44310,1640674,31103,1454830,22,30,41742,1043460,0.129821,33471,1035937,0.128885,42946,2079397,0.258706,8037679
4,2021-03-02,84559,3180093,48736,1689410,35818,1490648,5,35,50287,1061411,0.132054,34126,1070063,0.133131,52077,2131474,0.265185,8037679
4,2021-03-03,98949,3279042,52516,1741926,46420,1537068,13,48,55199,1074833,0.133724,43560,1113623,0.13855,56982,2188456,0.272275,8037679
4,2021-03-04,96191,3375233,53503,1795429,42672,1579740,16,64,52943,1086504,0.135176,43057,1156680,0.143907,54728,2243184,0.279084,8037679
4,2021-03-05,93855,3469088,50738,1846167,42804,1622544,313,377,55758,1106594,0.137676,37905,1194585,0.148623,57995,2301179,0.286299,8037679
4,2021-03-06,75749,3544837,42789,1888956,30357,1652901,2603,2980,46582,1128062,0.140347,29061,1223646,0.152239,50529,2351708,0.292585,8037679
4,2021-03-07,42393,3587230,27153,1916109,14075,1666976,1165,4145,25454,1138890,0.141694,16880,1240526,0.154339,27708,2379416,0.296033,8037679
4,2021-03-08,65964,3653194,34595,1950704,28198,1695174,3171,7316,43625,1164790,0.144916,22238,1262764,0.157106,48138,2427554,0.302022,8037679
4,2021-03-09,80758,3733952,41056,1991760,34600,1729774,5102,12418,43712,1177840,0.14654,36896,1299660,0.161696,49946,2477500,0.308236,8037679
4,2021-03-10,90371,3824323,46792,2038552,36172,1765946,7407,19825,45789,1187579,0.147751,44429,1344089,0.167224,54168,2531668,0.314975,8037679
4,2021-03-11,100013,3924336,52629,2091181,39021,1804967,8363,28188,46332,1189926,0.148043,53480,1397569,0.173877,55827,2587495,0.321921,8037679
4,2021-03-12,104064,4028400,51428,2142609,42385,1847352,10251,38439,44668,1186650,0.147636,59178,1456747,0.18124,55902,2643397,0.328876,8037679
4,2021-03-13,80461,4108861,37612,2180221,34469,1881821,8380,46819,37848,1191561,0.148247,42497,1499244,0.186527,47408,2690805,0.334774,8037679
4,2021-03-14,49458,4158319,28301,2208522,17540,1899361,3617,50436,23355,1193150,0.148445,26022,1525266,0.189764,27611,2718416,0.338209,8037679
4,2021-03-15,83452,4241771,44858,2253380,34370,1933731,4224,54660,42922,1200808,0.149397,40330,1565596,0.194782,47988,2766404,0.344179,8037679
4,2021-03-16,107090,4348861,55736,2309116,47972,1981703,3382,58042,57022,1212061,0.150797,49858,1615454,0.200985,61111,2827515,0.351783,8037679
4,2021-03-17,105726,4454587,56919,2366035,45380,2027083,3427,61469,62227,1235012,0.153653,43274,1658728,0.206369,66225,2893740,0.360022,8037679
4,2021-03-18,105923,4560510,58739,2424774,43543,2070626,3641,65110,60702,1254816,0.156117,44977,1703705,0.211965,64781,2958521,0.368082,8037679
4,2021-03-19,110351,4670861,63462,2488236,41733,2112359,5156,70266,63654,1277565,0.158947,46475,1750180,0.217747,69224,3027745,0.376694,8037679
4,2021-03-20,82931,4753792,48578,2536814,31370,2143729,2983,73249,51264,1300578,0.16181,31549,1781729,0.221672,54562,3082307,0.383482,8037679
4,2021-03-21,47790,4801582,34658,2571472,10871,2154600,2261,75510,29034,1313570,0.163427,18657,1800386,0.223993,31649,3113956,0.38742,8037679
4,2021-03-22,81538,4883120,53385,2624857,25445,2180045,2708,78218,51483,1338618,0.166543,29861,1830247,0.227708,54909,3168865,0.394251,8037679
4,2021-03-23,103712,4986832,61967,2686824,39605,2219650,2140,80358,62045,1361914,0.169441,41421,1871668,0.232862,64717,3233582,0.402303,8037679
4,2021-03-24,112828,5099660,72923,2759747,37528,2257178,2377,82735,64179,1380683,0.171776,48248,1919916,0.238864,67017,3300599,0.410641,8037679
4,2021-03-25,116236,5215896,71675,2831422,42198,2299376,2363,85098,67077,1401871,0.174412,48732,1968648,0.244927,69920,3370519,0.41934,8037679
4,2021-03-26,118970,5334866,72331,2903753,43614,2342990,3025,88123,65633,1418116,0.176434,53027,2021675,0.251525,69272,3439791,0.427958,8037679
4,2021-03-27,90844,5425710,53968,2957721,35091,2378081,1785,89908,46492,1422726,0.177007,44151,2065826,0.257018,48761,3488552,0.434025,8037679
4,2021-03-28,55438,5481148,36639,2994360,17932,2396013,867,90775,30040,1428689,0.177749,25264,2091090,0.260161,31227,3519779,0.43791,8037679
4,2021-03-29,92933,5574081,55906,3050266,34954,2430967,2073,92848,50910,1440409,0.179207,41821,2132911,0.265364,53541,3573320,0.444571,8037679
4,2021-03-30,116590,5690671,63713,3113979,48737,2479704,4140,96988,69404,1467408,0.182566,46993,2179904,0.271211,73992,3647312,0.453777,8037679
4,2021-03-31,120391,5811062,71230,3185209,42871,2522575,6290,103278,68001,1489834,0.185356,52100,2232004,0.277693,74526,3721838,0.463049,8037679
4,2021-04-01,141607,5952669,80988,3266197,47462,2570037,13157,116435,83813,1529603,0.190304,57457,2289461,0.284841,97226,3819064,0.475145,8037679
4,2021-04-02,135852,6088521,72772,3338969,49592,2619629,13488,129923,78765,1565422,0.19476,56832,2346293,0.291912,92651,3911715,0.486672,8037679
4,2021-04-03,100834,6189355,53894,3392863,33590,2653219,13350,143273,52731,1583858,0.197054,47933,2394226,0.297875,66369,3978084,0.494929,8037679
4,2021-04-04,46722,6236077,24666,3417529,14561,2667780,7495,150768,20492,1585755,0.19729,26142,2420368,0.301128,28039,4006123,0.498418,8037679
4,2021-04-05,108774,6344851,61316,3478845,34747,2702527,12711,163479,56952,1604382,0.199608,51643,2472011,0.307553,70270,4076393,0.50716,8037679
4,2021-04-06,137961,6482812,77779,3556624,40542,2743069,19640,183119,71864,1630704,0.202882,65895,2537906,0.315751,92217,4168610,0.518634,8037679
4,2021-04-07,136567,6619379,77558,3634182,38418,2781487,20591,203710,70933,1657205,0.20618,65420,2603326,0.32389,91921,4260531,0.53007,8037679
4,2021-04-08,138903,6758282,77647,3711829,36013,2817500,25243,228953,69241,1683032,0.209393,69420,2672746,0.332527,95247,4355778,0.54192,8037679
4,2021-04-09,136432,6894714,74956,3786785,38759,2856259,22717,251670,65341,1701353,0.211672,70905,2743651,0.341349,89226,4445004,0.553021,8037679
4,2021-04-10,102211,6996925,50616,3837401,32991,2889250,18604,270274,46080,1711206,0.212898,55951,2799602,0.34831,65804,4510808,0.561208,8037679
4,2021-04-11,61856,7058781,37698,3875099,13052,2902302,11106,281380,27116,1715862,0.213477,34657,2834259,0.352622,39313,4550121,0.566099,8037679
4,2021-04-12,101615,7160396,61782,3936881,29828,2932130,10005,291385,51312,1728350,0.215031,50050,2884309,0.358848,62538,4612659,0.573879,8037679
4,2021-04-13,128931,7289327,80882,4017763,47894,2980024,155,291540,77361,1755389,0.218395,51326,2935635,0.365234,78365,4691024,0.583629,8037679
4,2021-04-14,133872,7423199,85302,4103065,48496,3028520,74,291614,74518,1772094,0.220473,59085,2994720,0.372585,75790,4766814,0.593059,8037679
4,2021-04-15,154255,7577454,102784,4205849,51436,3079956,35,291649,95148,1809211,0.225091,58805,3053525,0.379901,95922,4862736,0.604993,8037679
4,2021-04-16,141655,7719109,89965,4295814,51615,3131571,75,291724,82813,1834178,0.228197,58620,3112145,0.387194,83587,4946323,0.615392,8037679
4,2021-04-17,99696,7818805,62956,4358770,36732,3168303,8,291732,58556,1852941,0.230532,40921,3153066,0.392286,59684,5006007,0.622817,8037679
4,2021-04-18,53865,7872670,36010,4394780,17852,3186155,3,291735,30670,1861455,0.231591,23098,3176164,0.395159,31612,5037619,0.62675,8037679
4,2021-04-19,100030,7972700,66116,4460896,33901,3220056,13,291748,51284,1864785,0.232005,48550,3224714,0.4012,51880,5089499,0.633205,8037679
4,2021-04-20,127007,8099707,74564,4535460,52434,3272490,9,291757,66712,1872499,0.232965,60046,3284760,0.40867,67760,5157259,0.641635,8037679
4,2021-04-21,126944,8226651,81486,4616946,45407,3317897,51,291808,64164,1875201,0.233301,62511,3347271,0.416447,65213,5222472,0.649749,8037679
4,2021-04-22,136834,8363485,90154,4707100,46659,3364556,21,291829,61366,1862503,0.231721,75169,3422440,0.4258,62471,5284943,0.657521,8037679
4,2021-04-23,130187,8493672,84132,4791232,46034,3410590,21,291850,56583,1846910,0.229782,73323,3495763,0.434922,57730,5342673,0.664703,8037679
4,2021-04-24,97029,8590701,65902,4857134,31075,3441665,52,291902,44678,1840571,0.228993,52107,3547870,0.441405,45768,5388441,0.670398,8037679
4,2021-04-25,49315,8640016,35058,4892192,14233,3455898,24,291926,26061,1843942,0.229412,23139,3571009,0.444284,26510,5414951,0.673696,8037679
4,2021-04-26,83443,8723459,55219,4947411,27848,3483746,376,292302,32936,1828249,0.22746,50269,3621278,0.450538,34576,5449527,0.677998,8037679
4,2021-04-27,105710,8829169,65040,5012451,38866,3522612,1804,294106,38363,1802059,0.224201,67087,3688365,0.458884,40897,5490424,0.683086,8037679
4,2021-04-28,99414,8928583,64549,5077000,32383,3554995,2482,296588,35644,1777267,0.221117,63536,3751901,0.466789,38744,5529168,0.687906,8037679
4,2021-04-29,100652,9029235,63729,5140729,34425,3589420,2498,299086,31531,1743009,0.216855,68854,3820755,0.475356,34596,5563764,0.69221,8037679
4,2021-04-30,101382,9130617,63773,5204502,34959,3624379,2650,301736,34513,1714233,0.213275,66553,3887308,0.483636,37777,5601541,0.69691,8037679
4,2021-05-01,68259,9198876,45510,5250012,21004,3645383,1745,303481,19856,1688226,0.210039,48229,3935537,0.489636,22222,5623763,0.699675,8037679
4,2021-05-02,37159,9236035,26328,5276340,9560,3654943,1271,304752,10508,1673588,0.208218,26554,3962091,0.49294,11916,5635679,0.701158,8037679
4,2021-05-03,77580,9313615,54269,5330609,20865,3675808,2446,307198,19081,1637161,0.203686,58289,4020380,0.500192,21862,5657541,0.703877,8037679
4,2021-05-04,97993,9411608,66545,5397154,28718,3704526,2730,309928,22250,1586999,0.197445,75501,4095881,0.509585,25339,5682880,0.70703,8037679
4,2021-05-05,98729,9510337,69282,5466436,26743,3731269,2704,312632,21548,1534624,0.190929,76905,4172786,0.519153,24530,5707410,0.710082,8037679
4,2021-05-06,108840,9619177,81442,5547878,24496,3755765,2902,315534,19405,1469009,0.182765,89035,4261821,0.53023,23420,5730830,0.712996,8037679
4,2021-05-07,102430,9721607,73527,5621405,26235,3782000,2668,318202,20267,1410495,0.175485,81848,4343669,0.540413,23334,5754164,0.715899,8037679
4,2021-05-08,65908,9787515,45097,5666502,18950,3800950,1861,320063,13133,1373248,0.170851,52580,4396249,0.546955,15333,5769497,0.717806,8037679
4,2021-05-09,33208,9820723,27081,5693583,5191,3806141,936,320999,7842,1356853,0.168812,25262,4421511,0.550098,8867,5778364,0.71891,8037679
4,2021-05-10,62549,9883272,41532,5735115,18745,3824886,2272,323271,10811,1318667,0.164061,51565,4473076,0.556513,13379,5791743,0.720574,8037679
4,2021-05-11,76827,9960099,46897,5782012,27916,3852802,2014,325285,14938,1274352,0.158547,61684,4534760,0.564188,17369,5809112,0.722735,8037679
4,2021-05-12,72933,10033032,47849,5829861,22833,3875635,2251,327536,16001,1236207,0.153801,56709,4591469,0.571243,18564,5827676,0.725045,8037679
4,2021-05-13,95380,10128412,70048,5899909,23916,3899551,1416,328952,36640,1216731,0.151378,58469,4649938,0.578518,38993,5866669,0.729896,8037679
4,2021-05-14,101130,10229542,71105,5971014,27928,3927479,2097,331049,39327,1197129,0.14894,61536,4711474,0.586173,41934,5908603,0.735113,8037679
4,2021-05-15,82854,10312396,63970,6034984,17586,3945065,1298,332347,36435,1188910,0.147917,46226,4757700,0.591925,38007,5946610,0.739842,8037679
4,2021-05-16,47903,10360299,38684,6073668,8531,3953596,688,333035,19406,1180759,0.146903,28373,4786073,0.595455,20222,5966832,0.742358,8037679
4,2021-05-17,69267,10429566,50505,6124173,16941,3970537,1821,334856,28767,1171249,0.14572,40325,4826398,0.600472,30815,5997647,0.746191,8037679
4,2021-05-18,79692,10509258,51764,6175937,26186,3996723,1742,336598,30046,1154082,0.143584,49308,4875706,0.606606,32141,6029788,0.75019,8037679
4,2021-05-19,74430,10583688,50131,6226068,22401,4019124,1898,338496,31775,1145603,0.142529,42421,4918127,0.611884,33942,6063730,0.754413,8037679
4,2021-05-20,56863,10640551,36653,6262721,18540,4037664,1670,340166,22365,1135581,0.141282,34294,4952421,0.616151,24272,6088002,0.757433,8037679
4,2021-05-21,61777,10702328,41269,6303990,18944,4056608,1564,341730,22215,1120208,0.13937,39339,4991760,0.621045,23966,6111968,0.760415,8037679
4,2021-05-22,40223,10742551,28826,6332816,10333,4066941,1064,342794,17847,1116999,0.13897,22259,5014019,0.623814,19050,6131018,0.762785,8037679
4,2021-05-23,15907,10758458,12214,6345030,3176,4070117,517,343311,6720,1115164,0.138742,9128,5023147,0.62495,7293,6138311,0.763692,8037679
4,2021-05-24,40854,10799312,25589,6370619,12321,4082438,2944,346255,14934,1107486,0.137787,25751,5048898,0.628154,18073,6156384,0.765941,8037679
4,2021-05-25,43360,10842672,26849,6397468,13790,4096228,2721,348976,16216,1099696,0.136818,26955,5075853,0.631507,19165,6175549,0.768325,8037679
4,2021-05-26,42137,10884809,25118,6422586,14513,4110741,2506,351482,15473,1091306,0.135774,26499,5102352,0.634804,18109,6193658,0.770578,8037679
4,2021-05-27,20184,10904993,11627,6434213,6095,4116836,2462,353944,6926,1087562,0.135308,13177,5115529,0.636444,9433,6203091,0.771752,8037679
