vemquartile,administered_date,total_doses,cumulative_total_doses,pfizer_doses,cumulative_pfizer_doses,moderna_doses,cumulative_moderna_doses,jj_doses,cumulative_jj_doses,partially_vaccinated,total_partially_vaccinated,pct_age12pop_partially_vaccinated,fully_vaccinated,cumulative_fully_vaccinated,pct_age12pop_fully_vaccinated,at_least_one_dose,cumulative_at_least_one_dose,pct_age12pop_at_least_one_dose,age12_population
1,2020-12-15,154,154,154,154,0,0,0,0,154,154,1.8e-05,0,0,0.0,154,154,1.8e-05,8700223
1,2020-12-16,1252,1406,1252,1406,0,0,0,0,1251,1405,0.000161,0,0,0.0,1251,1405,0.000161,8700223
1,2020-12-17,4179,5585,4179,5585,0,0,0,0,4181,5586,0.000642,0,0,0.0,4181,5586,0.000642,8700223
1,2020-12-18,6403,11988,6379,11964,24,24,0,0,6407,11992,0.001378,1,1,0.0,6407,11993,0.001378,8700223
1,2020-12-19,2887,14875,2884,14848,3,27,0,0,2886,14877,0.00171,1,2,0.0,2886,14879,0.00171,8700223
1,2020-12-20,2137,17012,2126,16974,11,38,0,0,2139,17016,0.001956,0,2,0.0,2139,17018,0.001956,8700223
1,2020-12-21,7704,24716,7683,24657,21,59,0,0,7754,24770,0.002847,1,3,0.0,7755,24773,0.002847,8700223
1,2020-12-22,7374,32090,7024,31681,350,409,0,0,7374,32142,0.003694,2,5,1e-06,7374,32147,0.003695,8700223
1,2020-12-23,7921,40011,6648,38329,1273,1682,0,0,7919,40060,0.004604,2,7,1e-06,7920,40067,0.004605,8700223
1,2020-12-24,3311,43322,2367,40696,944,2626,0,0,3312,43372,0.004985,0,7,1e-06,3312,43379,0.004986,8700223
1,2020-12-25,241,43563,157,40853,84,2710,0,0,241,43613,0.005013,0,7,1e-06,241,43620,0.005014,8700223
1,2020-12-26,1374,44937,979,41832,395,3105,0,0,1373,44985,0.005171,1,8,1e-06,1373,44993,0.005171,8700223
1,2020-12-27,881,45818,547,42379,334,3439,0,0,881,45865,0.005272,1,9,1e-06,881,45874,0.005273,8700223
1,2020-12-28,7141,52959,4791,47170,2350,5789,0,0,7138,53003,0.006092,0,9,1e-06,7138,53012,0.006093,8700223
1,2020-12-29,9075,62034,5063,52233,4012,9801,0,0,9071,62072,0.007135,2,11,1e-06,9071,62083,0.007136,8700223
1,2020-12-30,11778,73812,6561,58794,5217,15018,0,0,11776,73847,0.008488,1,12,1e-06,11776,73859,0.008489,8700223
1,2020-12-31,6053,79865,1972,60766,4081,19099,0,0,6050,79893,0.009183,5,17,2e-06,6051,79910,0.009185,8700223
1,2021-01-01,631,80496,255,61021,376,19475,0,0,627,80518,0.009255,2,19,2e-06,627,80537,0.009257,8700223
1,2021-01-02,2933,83429,1774,62795,1159,20634,0,0,2933,83451,0.009592,0,19,2e-06,2933,83470,0.009594,8700223
1,2021-01-03,1058,84487,553,63348,505,21139,0,0,1056,84504,0.009713,3,22,3e-06,1056,84526,0.009715,8700223
1,2021-01-04,7416,91903,3615,66963,3801,24940,0,0,7419,91921,0.010565,2,24,3e-06,7419,91945,0.010568,8700223
1,2021-01-05,10978,102881,5286,72249,5692,30632,0,0,10176,101337,0.011648,784,808,9.3e-05,10200,102145,0.011741,8700223
1,2021-01-06,14166,117047,7099,79348,7067,37699,0,0,12214,111652,0.012833,1916,2724,0.000313,12231,114376,0.013146,8700223
1,2021-01-07,17651,134698,9181,88529,8470,46169,0,0,13118,120339,0.013832,4442,7166,0.000824,13129,127505,0.014655,8700223
1,2021-01-08,20260,154958,10498,99027,9762,55931,0,0,14280,128674,0.01479,5962,13128,0.001509,14297,141802,0.016299,8700223
1,2021-01-09,6710,161668,3412,102439,3298,59229,0,0,4835,131644,0.015131,1869,14997,0.001724,4839,146641,0.016855,8700223
1,2021-01-10,3120,164788,1779,104218,1341,60570,0,0,1923,132376,0.015215,1192,16189,0.001861,1924,148565,0.017076,8700223
1,2021-01-11,18222,183010,11911,116129,6311,66881,0,0,11593,137401,0.015793,6614,22803,0.002621,11639,160204,0.018414,8700223
1,2021-01-12,19230,202240,11009,127138,8221,75102,0,0,13185,144616,0.016622,6013,28816,0.003312,13228,173432,0.019934,8700223
1,2021-01-13,19911,222151,10774,137912,9137,84239,0,0,14732,154213,0.017725,5154,33970,0.003904,14751,188183,0.02163,8700223
1,2021-01-14,22228,244379,9559,147471,12669,96908,0,0,19385,170882,0.019641,2779,36749,0.004224,19448,207631,0.023865,8700223
1,2021-01-15,25305,269684,9272,156743,16033,112941,0,0,23345,192374,0.022111,1921,38670,0.004445,23413,231044,0.026556,8700223
1,2021-01-16,13961,283645,4569,161312,9392,122333,0,0,13060,204545,0.02351,894,39564,0.004547,13065,244109,0.028058,8700223
1,2021-01-17,5229,288874,2044,163356,3185,125518,0,0,4851,209022,0.024025,377,39941,0.004591,4854,248963,0.028616,8700223
1,2021-01-18,14405,303279,8643,171999,5762,131280,0,0,11192,217074,0.02495,3198,43139,0.004958,11250,260213,0.029909,8700223
1,2021-01-19,24863,328142,12949,184948,11914,143194,0,0,19569,231429,0.0266,5270,48409,0.005564,19625,279838,0.032164,8700223
1,2021-01-20,29529,357671,14792,199740,14737,157931,0,0,23552,249132,0.028635,5893,54302,0.006241,23596,303434,0.034877,8700223
1,2021-01-21,31416,389087,14810,214550,16606,174537,0,0,28024,273938,0.031486,3323,57625,0.006623,28129,331563,0.03811,8700223
1,2021-01-22,28498,417585,11327,225877,17171,191708,0,0,26387,298315,0.034288,2041,59666,0.006858,26418,357981,0.041146,8700223
1,2021-01-23,18742,436327,8203,234080,10539,202247,0,0,16780,313171,0.035996,1935,61601,0.00708,16791,374772,0.043076,8700223
1,2021-01-24,6680,443007,4171,238251,2509,204756,0,0,6017,318536,0.036612,657,62258,0.007156,6022,380794,0.043768,8700223
1,2021-01-25,25610,468617,10567,248818,15043,219799,0,0,19747,332583,0.038227,5813,68071,0.007824,19860,400654,0.046051,8700223
1,2021-01-26,28958,497575,13570,262388,15388,235187,0,0,22154,348025,0.040002,6740,74811,0.008599,22182,422836,0.048601,8700223
1,2021-01-27,32810,530385,15615,278003,17195,252382,0,0,24570,364512,0.041897,8172,82983,0.009538,24659,447495,0.051435,8700223
1,2021-01-28,35071,565456,16497,294500,18574,270956,0,0,27986,385611,0.044322,7014,89997,0.010344,28113,475608,0.054666,8700223
1,2021-01-29,33856,599312,16535,311035,17321,288277,0,0,27129,406258,0.046695,6580,96577,0.011101,27227,502835,0.057796,8700223
1,2021-01-30,20226,619538,8750,319785,11476,299753,0,0,17993,422137,0.04852,2200,98777,0.011353,18079,520914,0.059874,8700223
1,2021-01-31,7723,627261,5019,324804,2704,302457,0,0,7000,428425,0.049243,715,99492,0.011436,7003,527917,0.060679,8700223
1,2021-02-01,29200,656461,12595,337399,16605,319062,0,0,21307,441902,0.050792,7840,107332,0.012337,21317,549234,0.063129,8700223
1,2021-02-02,32879,689340,11879,349278,21000,340062,0,0,24544,458238,0.05267,8247,115579,0.013285,24583,573817,0.065954,8700223
1,2021-02-03,39795,729135,15306,364584,24489,364551,0,0,28546,475807,0.054689,11077,126656,0.014558,28646,602463,0.069247,8700223
1,2021-02-04,44224,773359,17230,381814,26994,391545,0,0,31778,495380,0.056939,12320,138976,0.015974,31893,634356,0.072913,8700223
1,2021-02-05,47068,820427,17199,399013,29869,421414,0,0,30703,509988,0.058618,16213,155189,0.017837,30821,665177,0.076455,8700223
1,2021-02-06,26680,847107,10554,409567,16126,437540,0,0,20691,524811,0.060322,5941,161130,0.01852,20764,685941,0.078842,8700223
1,2021-02-07,6310,853417,4057,413624,2253,439793,0,0,4652,527846,0.06067,1636,162766,0.018708,4671,690612,0.079379,8700223
1,2021-02-08,31775,885192,14489,428113,17286,457079,0,0,21137,538545,0.0619,10540,173306,0.01992,21239,711851,0.08182,8700223
1,2021-02-09,38713,923905,17069,445182,21644,478723,0,0,23799,547578,0.062938,14880,188186,0.02163,23913,735764,0.084568,8700223
1,2021-02-10,47525,971430,22223,467405,25302,504025,0,0,26982,554251,0.063705,20406,208592,0.023975,27079,762843,0.087681,8700223
1,2021-02-11,52199,1023629,25537,492942,26662,530687,0,0,31027,564544,0.064888,20857,229449,0.026373,31150,793993,0.091261,8700223
1,2021-02-12,50281,1073910,21628,514570,28653,559340,0,0,28818,572211,0.06577,21297,250746,0.028821,28964,822957,0.09459,8700223
1,2021-02-13,26541,1100451,11548,526118,14993,574333,0,0,15322,576465,0.066259,11147,261893,0.030102,15401,838358,0.096361,8700223
1,2021-02-14,11819,1112270,5585,531703,6234,580567,0,0,6715,578175,0.066455,5074,266967,0.030685,6784,845142,0.09714,8700223
1,2021-02-15,24045,1136315,9444,541147,14601,595168,0,0,14610,583593,0.067078,9309,276276,0.031755,14727,859869,0.098833,8700223
1,2021-02-16,47270,1183585,22548,563695,24722,619890,0,0,27475,591487,0.067985,19703,295979,0.03402,27597,887466,0.102005,8700223
1,2021-02-17,48639,1232224,24641,588336,23998,643888,0,0,26134,595429,0.068438,22345,318324,0.036588,26287,913753,0.105026,8700223
1,2021-02-18,51295,1283519,25663,613999,25632,669520,0,0,26496,597624,0.068691,24546,342870,0.039409,26741,940494,0.1081,8700223
1,2021-02-19,46796,1330315,25364,639363,21432,690952,0,0,26148,603357,0.06935,20479,363349,0.041763,26212,966706,0.111113,8700223
1,2021-02-20,27861,1358176,16920,656283,10941,701893,0,0,15868,607388,0.069813,11922,375271,0.043133,15953,982659,0.112946,8700223
1,2021-02-21,12462,1370638,10704,666987,1758,703651,0,0,7474,609991,0.070112,4924,380195,0.043699,7527,990186,0.113812,8700223
1,2021-02-22,31797,1402435,20880,687867,10917,714568,0,0,18261,614929,0.07068,13432,393627,0.045243,18370,1008556,0.115923,8700223
1,2021-02-23,46025,1448460,22367,710234,23658,738226,0,0,25237,620050,0.071268,20485,414112,0.047598,25606,1034162,0.118866,8700223
1,2021-02-24,56063,1504523,27106,737340,28957,767183,0,0,30818,626337,0.071991,24989,439101,0.05047,31276,1065438,0.122461,8700223
1,2021-02-25,68691,1573214,33358,770698,35333,802516,0,0,42453,643289,0.073939,26003,465104,0.053459,42955,1108393,0.127398,8700223
1,2021-02-26,76769,1649983,35942,806640,40827,843343,0,0,50104,667526,0.076725,26352,491456,0.056488,50589,1158982,0.133213,8700223
1,2021-02-27,52860,1702843,24272,830912,28577,871920,11,11,34652,684468,0.078672,17992,509448,0.058556,34934,1193916,0.137228,8700223
1,2021-02-28,20305,1723148,12056,842968,8247,880167,2,13,14852,694106,0.07978,5360,514808,0.059172,14998,1208914,0.138952,8700223
1,2021-03-01,46389,1769537,21449,864417,24877,905044,63,76,29777,707783,0.081352,16413,531221,0.061058,30090,1239004,0.142411,8700223
1,2021-03-02,65000,1834537,28107,892524,36881,941925,12,88,41336,726308,0.083482,23472,554693,0.063756,41997,1281001,0.147238,8700223
1,2021-03-03,72303,1906840,34414,926938,37858,979783,31,119,43919,742722,0.085368,28151,582844,0.066992,44565,1325566,0.15236,8700223
1,2021-03-04,80274,1987114,37666,964604,42570,1022353,38,157,51440,766142,0.08806,28577,611421,0.070276,51997,1377563,0.158337,8700223
1,2021-03-05,79294,2066408,35739,1000343,43347,1065700,208,365,52831,793678,0.091225,26153,637574,0.073282,53689,1431252,0.164508,8700223
1,2021-03-06,58111,2124519,27633,1027976,29128,1094828,1350,1715,39308,816043,0.093796,18655,656229,0.075427,41020,1472272,0.169222,8700223
1,2021-03-07,21030,2145549,13064,1041040,6769,1101597,1197,2912,15551,827585,0.095122,5451,661680,0.076053,16993,1489265,0.171175,8700223
1,2021-03-08,46192,2191741,22553,1063593,21679,1123276,1960,4872,32331,848462,0.097522,13746,675426,0.077633,34623,1523888,0.175155,8700223
1,2021-03-09,67062,2258803,32489,1096082,32058,1155334,2515,7387,41262,866949,0.099647,25618,701044,0.080578,44105,1567993,0.180224,8700223
1,2021-03-10,74315,2333118,37018,1133100,32792,1188126,4505,11892,45735,889101,0.102193,28439,729483,0.083846,50591,1618584,0.186039,8700223
1,2021-03-11,90497,2423615,41631,1174731,40840,1228966,8026,19918,52646,912613,0.104895,37595,767078,0.088168,61107,1679691,0.193063,8700223
1,2021-03-12,99381,2522996,43791,1218522,43132,1272098,12458,32376,57955,942256,0.108303,41184,808262,0.092901,70827,1750518,0.201204,8700223
1,2021-03-13,65491,2588487,29587,1248109,28196,1300294,7708,40084,41693,968294,0.111295,23652,831914,0.09562,49690,1800208,0.206915,8700223
1,2021-03-14,27972,2616459,14967,1263076,9439,1309733,3566,43650,15658,975462,0.112119,12233,844147,0.097026,19401,1819609,0.209145,8700223
1,2021-03-15,65402,2681861,28844,1291920,29804,1339537,6754,50404,38440,994257,0.114279,26730,870877,0.100098,45525,1865134,0.214378,8700223
1,2021-03-16,86018,2767879,39212,1331132,41135,1380672,5671,56075,53254,1020988,0.117352,32527,903404,0.103837,59258,1924392,0.221189,8700223
1,2021-03-17,93442,2861321,45627,1376759,41265,1421937,6550,62625,60059,1054814,0.12124,33123,936527,0.107644,66949,1991341,0.228884,8700223
1,2021-03-18,99109,2960430,51117,1427876,42270,1464207,5722,68347,59879,1082039,0.124369,38853,975380,0.11211,66078,2057419,0.236479,8700223
1,2021-03-19,104035,3064465,53856,1481732,43866,1508073,6313,74660,60678,1106501,0.127181,43034,1018414,0.117056,67496,2124915,0.244237,8700223
1,2021-03-20,72978,3137443,37392,1519124,30370,1538443,5216,79876,46866,1132939,0.13022,25912,1044326,0.120034,52350,2177265,0.250254,8700223
1,2021-03-21,27433,3164876,19090,1538214,6534,1544977,1809,81685,17069,1141641,0.13122,10262,1054588,0.121214,18964,2196229,0.252434,8700223
1,2021-03-22,59426,3224302,30681,1568895,25437,1570414,3308,84993,39923,1165966,0.134016,19270,1073858,0.123429,43595,2239824,0.257444,8700223
1,2021-03-23,83699,3308001,42638,1611533,37421,1607835,3640,88633,51293,1189212,0.136688,32135,1105993,0.127122,55381,2295205,0.26381,8700223
1,2021-03-24,88615,3396616,44836,1656369,39403,1647238,4376,93009,52754,1210944,0.139185,35551,1141544,0.131209,57283,2352488,0.270394,8700223
1,2021-03-25,97519,3494135,49916,1706285,41751,1688989,5852,98861,53943,1227712,0.141113,43226,1184770,0.136177,59994,2412482,0.27729,8700223
1,2021-03-26,105820,3599955,51395,1757680,48095,1737084,6330,105191,56699,1242300,0.142789,48731,1233501,0.141778,63319,2475801,0.284568,8700223
1,2021-03-27,74641,3674596,38558,1796238,31865,1768949,4218,109409,38341,1248992,0.143559,36058,1269559,0.145923,42750,2518551,0.289481,8700223
1,2021-03-28,32875,3707471,21501,1817739,10145,1779094,1229,110638,16438,1250789,0.143765,16319,1285878,0.147798,18116,2536667,0.291563,8700223
1,2021-03-29,68803,3776274,33894,1851633,31737,1810831,3172,113810,37900,1261410,0.144986,30660,1316538,0.151322,41281,2577948,0.296308,8700223
1,2021-03-30,93688,3869962,45802,1897435,41471,1852302,6415,120225,48093,1270630,0.146046,45354,1361892,0.156535,54574,2632522,0.302581,8700223
1,2021-03-31,102265,3972227,53238,1950673,42771,1895073,6256,126481,55997,1287008,0.147928,45916,1407808,0.161813,62294,2694816,0.309741,8700223
1,2021-04-01,113888,4086115,54387,2005060,50662,1945735,8839,135320,57791,1298069,0.1492,55591,1463399,0.168202,66652,2761468,0.317402,8700223
1,2021-04-02,113025,4199140,51449,2056509,51811,1997546,9765,145085,57332,1310123,0.150585,55234,1518633,0.174551,67288,2828756,0.325136,8700223
1,2021-04-03,78874,4278014,39667,2096176,29493,2027039,9714,154799,37021,1315251,0.151174,41651,1560284,0.179338,46779,2875535,0.330513,8700223
1,2021-04-04,23849,4301863,11864,2108040,8498,2035537,3487,158286,9935,1314823,0.151125,13836,1574120,0.180929,13408,2888943,0.332054,8700223
1,2021-04-05,77868,4379731,37082,2145122,31357,2066894,9429,167715,35048,1316845,0.151358,42591,1616711,0.185824,44613,2933556,0.337182,8700223
1,2021-04-06,105051,4484782,49763,2194885,38561,2105455,16727,184442,47540,1323922,0.152171,57183,1673894,0.192397,64260,2997816,0.344568,8700223
1,2021-04-07,113114,4597896,54845,2249730,40566,2146021,17703,202145,51002,1330827,0.152965,61776,1735670,0.199497,68681,3066497,0.352462,8700223
1,2021-04-08,123465,4721361,58432,2308162,43888,2189909,21145,223290,54604,1338171,0.153809,68415,1804085,0.207361,75759,3142256,0.36117,8700223
1,2021-04-09,124627,4845988,56808,2364970,46869,2236778,20950,244240,54719,1344319,0.154515,69518,1873603,0.215351,75666,3217922,0.369867,8700223
1,2021-04-10,97520,4943508,43501,2408471,30949,2267727,23070,267310,38620,1347260,0.154854,58658,1932261,0.222093,61599,3279521,0.376947,8700223
1,2021-04-11,36793,4980301,20429,2428900,9460,2277187,6904,274214,14874,1347286,0.154856,21843,1954104,0.224604,21869,3301390,0.37946,8700223
1,2021-04-12,75290,5055591,33658,2462558,31549,2308736,10083,284297,32018,1346552,0.154772,42956,1997060,0.229541,42222,3343612,0.384313,8700223
1,2021-04-13,98515,5154106,52646,2515204,45523,2354259,346,284643,53203,1355462,0.155796,44987,2042047,0.234712,53897,3397509,0.390508,8700223
1,2021-04-14,105491,5259597,54666,2569870,50745,2405004,80,284723,53580,1357987,0.156086,51507,2093554,0.240632,54032,3451541,0.396719,8700223
1,2021-04-15,106278,5365875,57759,2627629,48426,2453430,93,284816,56328,1365251,0.156921,49333,2142887,0.246303,56597,3508138,0.403224,8700223
1,2021-04-16,111347,5477222,57035,2684664,54221,2507651,91,284907,55617,1365989,0.157006,55161,2198048,0.252643,55899,3564037,0.409649,8700223
1,2021-04-17,83694,5560916,45485,2730149,38197,2545848,12,284919,46679,1376097,0.158168,36748,2234796,0.256867,46856,3610893,0.415035,8700223
1,2021-04-18,30612,5591528,20720,2750869,9885,2555733,7,284926,15311,1376420,0.158205,15204,2250000,0.258614,15527,3626420,0.416819,8700223
1,2021-04-19,67368,5658896,34104,2784973,33251,2588984,13,284939,30354,1370291,0.157501,36627,2286627,0.262824,30498,3656918,0.420325,8700223
1,2021-04-20,88622,5747518,44591,2829564,44007,2632991,24,284963,41291,1364864,0.156877,46943,2333570,0.26822,41516,3698434,0.425096,8700223
1,2021-04-21,98031,5845549,51114,2880678,46814,2679805,103,285066,43694,1355172,0.155763,53733,2387303,0.274396,44041,3742475,0.430159,8700223
1,2021-04-22,97946,5943495,51231,2931909,46696,2726501,19,285085,44804,1347618,0.154895,52598,2439901,0.280441,45044,3787519,0.435336,8700223
1,2021-04-23,102984,6046479,53195,2985104,49760,2776261,29,285114,48876,1343211,0.154388,53552,2493453,0.286596,49145,3836664,0.440985,8700223
1,2021-04-24,76956,6123435,47727,3032831,29202,2805463,27,285141,43300,1353319,0.15555,33481,2526934,0.290445,43589,3880253,0.445995,8700223
1,2021-04-25,27439,6150874,17467,3050298,9956,2815419,16,285157,15629,1357429,0.156022,11678,2538612,0.291787,15788,3896041,0.447809,8700223
1,2021-04-26,66681,6217555,35002,3085300,31271,2846690,408,285565,31448,1354717,0.155711,34904,2573516,0.295799,32192,3928233,0.451509,8700223
1,2021-04-27,82039,6299594,43626,3128926,37107,2883797,1306,286871,35396,1345433,0.154644,46326,2619842,0.301124,37042,3965275,0.455767,8700223
1,2021-04-28,81855,6381449,43574,3172500,36763,2920560,1518,288389,35770,1337242,0.153702,45703,2665545,0.306377,37512,4002787,0.460079,8700223
1,2021-04-29,85358,6466807,46987,3219487,36738,2957298,1633,290022,34706,1323497,0.152122,50250,2715795,0.312152,36505,4039292,0.464275,8700223
1,2021-04-30,92962,6559769,50322,3269809,40743,2998041,1897,291919,38610,1310181,0.150592,53981,2769776,0.318357,40665,4079957,0.468949,8700223
1,2021-05-01,64113,6623882,41342,3311151,21335,3019376,1436,293355,26993,1301987,0.14965,36835,2806611,0.322591,28641,4108598,0.472241,8700223
1,2021-05-02,23570,6647452,16697,3327848,6289,3025665,584,293939,9473,1298092,0.149202,13979,2820590,0.324197,10084,4118682,0.4734,8700223
1,2021-05-03,56579,6704031,31377,3359225,23345,3049010,1857,295796,20483,1284663,0.147659,35820,2856410,0.328315,22391,4141073,0.475973,8700223
1,2021-05-04,76171,6780202,43905,3403130,30164,3079174,2102,297898,27239,1265475,0.145453,48606,2905016,0.333901,29418,4170491,0.479354,8700223
1,2021-05-05,78576,6858778,45567,3448697,30702,3109876,2307,300205,26539,1242745,0.142841,51656,2956672,0.339839,28926,4199417,0.482679,8700223
1,2021-05-06,80111,6938889,48666,3497363,29260,3139136,2185,302390,24893,1215185,0.139673,54792,3011464,0.346136,27232,4226649,0.485809,8700223
1,2021-05-07,83715,7022604,47642,3545005,33872,3173008,2201,304591,27804,1189829,0.136758,55425,3066889,0.352507,30069,4256718,0.489265,8700223
1,2021-05-08,57637,7080241,36196,3581201,19786,3192794,1655,306246,19540,1173370,0.134867,37738,3104627,0.356845,21279,4277997,0.491711,8700223
1,2021-05-09,18375,7098616,13189,3594390,4708,3197502,478,306724,5568,1166728,0.134103,12722,3117349,0.358307,6080,4284077,0.49241,8700223
1,2021-05-10,44450,7143066,22511,3616901,20105,3217607,1834,308558,14835,1154179,0.132661,29308,3146657,0.361675,16759,4300836,0.494336,8700223
1,2021-05-11,63016,7206082,34273,3651174,26574,3244181,2169,310727,20691,1135128,0.130471,42018,3188675,0.366505,22967,4323803,0.496976,8700223
1,2021-05-12,63172,7269254,33583,3684757,27518,3271699,2071,312798,20733,1115907,0.128262,42086,3230761,0.371342,22865,4346668,0.499604,8700223
1,2021-05-13,67444,7336698,39588,3724345,25865,3297564,1991,314789,25678,1102500,0.126721,41358,3272119,0.376096,27951,4374619,0.502817,8700223
1,2021-05-14,77031,7413729,46446,3770791,28175,3325739,2410,317199,31079,1090746,0.12537,45520,3317639,0.381328,33766,4408385,0.506698,8700223
1,2021-05-15,66960,7480689,43977,3814768,21212,3346951,1771,318970,26650,1079266,0.12405,39969,3357608,0.385922,28489,4436874,0.509972,8700223
1,2021-05-16,25139,7505828,18532,3833300,5985,3352936,622,319592,10244,1075411,0.123607,14767,3372375,0.387619,10912,4447786,0.511227,8700223
1,2021-05-17,54519,7560347,33312,3866612,19423,3372359,1784,321376,23083,1069183,0.122891,31150,3403525,0.3912,24922,4472708,0.514091,8700223
1,2021-05-18,65373,7625720,39404,3906016,24126,3396485,1843,323219,28346,1062736,0.12215,36725,3440250,0.395421,30278,4502986,0.517571,8700223
1,2021-05-19,66762,7692482,40670,3946686,24149,3420634,1943,325162,29853,1058010,0.121607,36597,3476847,0.399627,31871,4534857,0.521235,8700223
1,2021-05-20,65097,7757579,37792,3984478,25068,3445702,2237,327399,26759,1049236,0.120599,37967,3514814,0.403991,29193,4564050,0.52459,8700223
1,2021-05-21,70768,7828347,42332,4026810,26556,3472258,1880,329279,29161,1039192,0.119444,41177,3555991,0.408724,31133,4595183,0.528168,8700223
1,2021-05-22,56616,7884963,37253,4064063,17631,3489889,1732,331011,24605,1033909,0.118837,31712,3587703,0.412369,26429,4621612,0.531206,8700223
1,2021-05-23,20566,7905529,14383,4078446,5596,3495485,587,331598,9530,1033128,0.118747,10923,3598626,0.413625,10142,4631754,0.532372,8700223
1,2021-05-24,44340,7949869,24747,4103193,17741,3513226,1852,333450,17946,1026890,0.11803,26115,3624741,0.416626,19877,4651631,0.534657,8700223
1,2021-05-25,51617,8001486,29758,4132951,20133,3533359,1726,335176,21452,1020306,0.117274,29853,3654594,0.420058,23269,4674900,0.537331,8700223
1,2021-05-26,48960,8050446,27752,4160703,19293,3552652,1915,337091,20764,1015155,0.116681,27869,3682463,0.423261,22718,4697618,0.539942,8700223
1,2021-05-27,47514,8097960,26691,4187394,18900,3571552,1923,339014,20361,1010708,0.11617,26841,3709304,0.426346,22394,4720012,0.542516,8700223
1,2021-05-28,53282,8151242,29774,4217168,21653,3593205,1855,340869,23882,1007532,0.115805,29038,3738342,0.429683,25862,4745874,0.545489,8700223
1,2021-05-29,30933,8182175,18740,4235908,11216,3604421,977,341846,14685,1007174,0.115764,16076,3754418,0.431531,15718,4761592,0.547295,8700223
1,2021-05-30,11734,8193909,7584,4243492,3590,3608011,560,342406,5529,1007159,0.115762,6129,3760547,0.432236,6114,4767706,0.547998,8700223
1,2021-05-31,5825,8199734,3314,4246806,2250,3610261,261,342667,2038,1005749,0.1156,3720,3764267,0.432663,2310,4770016,0.548264,8700223
1,2021-06-01,46501,8246235,26348,4273154,18565,3628826,1588,344255,17629,996539,0.114542,28488,3792755,0.435938,19278,4789294,0.550479,8700223
1,2021-06-02,40584,8286819,23591,4296745,15475,3644301,1518,345773,16402,990685,0.113869,23854,3816609,0.438679,18000,4807294,0.552548,8700223
1,2021-06-03,42023,8328842,26349,4323094,13936,3658237,1738,347511,16072,982940,0.112979,25629,3842238,0.441625,17884,4825178,0.554604,8700223
1,2021-06-04,50889,8379731,32598,4355692,16466,3674703,1825,349336,18265,970874,0.111592,32234,3874472,0.44533,20168,4845346,0.556922,8700223
1,2021-06-05,40733,8420464,27799,4383491,10913,3685616,2021,351357,14267,960977,0.110454,26237,3900709,0.448346,16340,4861686,0.5588,8700223
1,2021-06-06,13261,8433725,10619,4394110,2126,3687742,516,351873,4570,957523,0.110057,8601,3909310,0.449334,5147,4866833,0.559392,8700223
1,2021-06-07,34365,8468090,23712,4417822,9277,3697019,1376,353249,12300,949424,0.109126,21830,3931140,0.451844,13731,4880564,0.56097,8700223
1,2021-06-08,42499,8510589,29408,4447230,11427,3708446,1664,354913,14798,938570,0.107879,27405,3958545,0.454994,16551,4897115,0.562872,8700223
1,2021-06-09,42409,8552998,29406,4476636,11348,3719794,1655,356568,13807,925813,0.106413,28276,3986821,0.458244,15519,4912634,0.564656,8700223
1,2021-06-10,39386,8592384,26517,4503153,11151,3730945,1718,358286,13430,915376,0.105213,25685,4012506,0.461196,15248,4927882,0.566409,8700223
1,2021-06-11,44645,8637029,29632,4532785,13310,3744255,1703,359989,15927,904695,0.103985,28390,4040896,0.464459,17709,4945591,0.568444,8700223
1,2021-06-12,34098,8671127,24654,4557439,8222,3752477,1222,361211,11191,894493,0.102813,22682,4063578,0.467066,12480,4958071,0.569879,8700223
1,2021-06-13,11707,8682834,8516,4565955,2709,3755186,482,361693,3415,890207,0.10232,8216,4071794,0.46801,3930,4962001,0.57033,8700223
1,2021-06-14,31402,8714236,21173,4587128,8891,3764077,1338,363031,11727,883843,0.101589,19458,4091252,0.470247,13094,4975095,0.571835,8700223
1,2021-06-15,37897,8752133,24862,4611990,11161,3775238,1874,364905,14098,876411,0.100734,23492,4114744,0.472947,16060,4991155,0.573681,8700223
1,2021-06-16,36006,8788139,24361,4636351,9792,3785030,1853,366758,13595,869801,0.099975,22115,4136859,0.475489,15505,5006660,0.575463,8700223
1,2021-06-17,33995,8822134,22484,4658835,9540,3794570,1971,368729,13282,864691,0.099387,20447,4157306,0.477839,15337,5021997,0.577226,8700223
1,2021-06-18,39927,8862061,25944,4684779,11114,3805684,2869,371598,15459,858901,0.098722,24170,4181476,0.480617,18380,5040377,0.579339,8700223
1,2021-06-19,24119,8886180,16740,4701519,6177,3811861,1202,372800,9801,855801,0.098365,14142,4195618,0.482243,11042,5051419,0.580608,8700223
1,2021-06-20,8171,8894351,5986,4707505,1908,3813769,277,373077,3235,854460,0.098211,4863,4200481,0.482802,3522,5054941,0.581013,8700223
1,2021-06-21,21087,8915438,11937,4719442,6953,3820722,2197,375274,10976,857694,0.098583,9987,4210468,0.483949,13221,5068162,0.582532,8700223
1,2021-06-22,31017,8946455,20246,4739688,8610,3829332,2161,377435,12948,855023,0.098276,17843,4228311,0.486,15172,5083334,0.584276,8700223
1,2021-06-23,29553,8976008,19852,4759540,7870,3837202,1831,379266,12850,853254,0.098073,16475,4244786,0.487894,14706,5098040,0.585967,8700223
1,2021-06-24,28641,9004649,19088,4778628,7872,3845074,1681,380947,12125,850823,0.097793,16303,4261089,0.489768,13872,5111912,0.587561,8700223
1,2021-06-25,32011,9036660,21663,4800291,8924,3853998,1424,382371,14023,848591,0.097537,17734,4278823,0.491806,15502,5127414,0.589343,8700223
1,2021-06-26,22670,9059330,16838,4817129,4987,3858985,845,383216,9891,846729,0.097323,12646,4291469,0.49326,10784,5138198,0.590582,8700223
1,2021-06-27,9294,9068624,6927,4824056,1928,3860913,439,383655,4115,846195,0.097261,5104,4296573,0.493846,4570,5142768,0.591108,8700223
1,2021-06-28,21477,9090101,15963,4840019,4250,3865163,1264,384919,9951,846140,0.097255,11315,4307888,0.495147,11260,5154028,0.592402,8700223
1,2021-06-29,27264,9117365,18678,4858697,7185,3872348,1401,386320,12087,844705,0.09709,14981,4322869,0.496869,13546,5167574,0.593959,8700223
1,2021-06-30,26541,9143906,18382,4877079,7088,3879436,1071,387391,12684,844903,0.097113,13629,4336498,0.498435,13827,5181401,0.595548,8700223
1,2021-07-01,24309,9168215,16901,4893980,6096,3885532,1312,388703,11288,844730,0.097093,12847,4349345,0.499912,12674,5194075,0.597005,8700223
1,2021-07-02,27147,9195362,18666,4912646,7421,3892953,1060,389763,12727,844391,0.097054,14205,4363550,0.501545,13866,5207941,0.598599,8700223
1,2021-07-03,15039,9210401,10502,4923148,4079,3897032,458,390221,7196,844379,0.097053,7700,4371250,0.50243,7688,5215629,0.599482,8700223
1,2021-07-04,1296,9211697,729,4923877,499,3897531,68,390289,629,844425,0.097058,656,4371906,0.502505,702,5216331,0.599563,8700223
1,2021-07-05,11250,9222947,7800,4931677,3084,3900615,366,390655,5340,844346,0.097049,5833,4377739,0.503175,5754,5222085,0.600224,8700223
1,2021-07-06,27847,9250794,19688,4951365,7001,3907616,1158,391813,11138,840240,0.096577,16503,4394242,0.505072,12397,5234482,0.601649,8700223
1,2021-07-07,24176,9274970,16920,4968285,6084,3913700,1172,392985,10400,838313,0.096355,13583,4407825,0.506634,11656,5246138,0.602989,8700223
1,2021-07-08,23214,9298184,16091,4984376,6022,3919722,1101,394086,9974,836440,0.09614,13035,4420860,0.508132,11162,5257300,0.604272,8700223
1,2021-07-09,27387,9325571,19378,5003754,6834,3926556,1175,395261,12363,835193,0.095997,14839,4435699,0.509837,13592,5270892,0.605834,8700223
1,2021-07-10,18092,9343663,13049,5016803,4269,3930825,774,396035,8058,834169,0.095879,9902,4445601,0.510976,8878,5279770,0.606855,8700223
1,2021-07-11,6815,9350478,4986,5021789,1622,3932447,207,396242,3292,834215,0.095884,3471,4449072,0.511374,3517,5283287,0.607259,8700223
1,2021-07-12,20458,9370936,14706,5036495,4848,3937295,904,397146,9076,833053,0.095751,11234,4460306,0.512666,10072,5293359,0.608416,8700223
1,2021-07-13,22690,9393626,15834,5052329,6032,3943327,824,397970,10627,832682,0.095708,11908,4472214,0.514034,11537,5304896,0.609743,8700223
1,2021-07-14,22655,9416281,15566,5067895,6098,3949425,991,398961,10216,831721,0.095598,12277,4484491,0.515446,11316,5316212,0.611043,8700223
1,2021-07-15,22023,9438304,15609,5083504,5678,3955103,736,399697,10659,832005,0.09563,11216,4495707,0.516735,11500,5327712,0.612365,8700223
1,2021-07-16,27134,9465438,18968,5102472,7156,3962259,1010,400707,13452,833041,0.095749,13511,4509218,0.518288,14547,5342259,0.614037,8700223
1,2021-07-17,18842,9484280,13616,5116088,4520,3966779,706,401413,9279,833635,0.095818,9427,4518645,0.519371,10021,5352280,0.615189,8700223
1,2021-07-18,7512,9491792,5547,5121635,1679,3968458,286,401699,3838,834160,0.095878,3615,4522260,0.519787,4140,5356420,0.615665,8700223
1,2021-07-19,21042,9512834,15237,5136872,4968,3973426,837,402536,10549,835288,0.096008,10353,4532613,0.520977,11481,5367901,0.616984,8700223
1,2021-07-20,25100,9537934,17351,5154223,6858,3980284,891,403427,12903,837164,0.096223,12009,4544622,0.522357,13885,5381786,0.61858,8700223
1,2021-07-21,25459,9563393,17884,5172107,6359,3986643,1216,404643,13013,839226,0.09646,12283,4556905,0.523769,14345,5396131,0.620229,8700223
1,2021-07-22,24526,9587919,17345,5189452,6336,3992979,845,405488,13362,842545,0.096842,10979,4567884,0.525031,14298,5410429,0.621872,8700223
1,2021-07-23,29300,9617219,20724,5210176,7550,4000529,1026,406514,16337,847217,0.097379,12757,4580641,0.526497,17429,5427858,0.623876,8700223
1,2021-07-24,18209,9635428,12853,5223029,4787,4005316,569,407083,10710,851142,0.09783,7379,4588020,0.527345,11304,5439162,0.625175,8700223
1,2021-07-25,7539,9642967,5425,5228454,1997,4007313,117,407200,5621,855024,0.098276,1876,4589896,0.527561,5758,5444920,0.625837,8700223
1,2021-07-26,21645,9664612,14971,5243425,5910,4013223,764,407964,13999,862349,0.099118,7510,4597406,0.528424,14835,5459755,0.627542,8700223
1,2021-07-27,27176,9691788,19408,5262833,6825,4020048,943,408907,16004,868353,0.099808,10997,4608403,0.529688,17001,5476756,0.629496,8700223
1,2021-07-28,28171,9719959,19981,5282814,7312,4027360,878,409785,17282,875882,0.100674,10702,4619105,0.530918,18231,5494987,0.631592,8700223
1,2021-07-29,26800,9746759,19008,5301822,6995,4034355,797,410582,16764,883645,0.101566,9860,4628965,0.532051,17623,5512610,0.633617,8700223
1,2021-07-30,31315,9778074,22402,5324224,8009,4042364,904,411486,19163,891810,0.102504,11940,4640905,0.533424,20105,5532715,0.635928,8700223
1,2021-07-31,20013,9798087,14521,5338745,4950,4047314,542,412028,12447,897419,0.103149,7404,4648309,0.534275,13013,5545728,0.637424,8700223
1,2021-08-01,8887,9806974,6696,5345441,2064,4049378,127,412155,6090,900916,0.103551,2748,4651057,0.534591,6245,5551973,0.638141,8700223
1,2021-08-02,24972,9831946,18594,5364035,5667,4055045,711,412866,16249,909364,0.104522,8562,4659619,0.535575,17010,5568983,0.640097,8700223
1,2021-08-03,28866,9860812,20920,5384955,7009,4062054,937,413803,18127,917911,0.105504,10550,4670169,0.536787,19097,5588080,0.642292,8700223
1,2021-08-04,27718,9888530,20151,5405106,6687,4068741,880,414683,17622,926572,0.1065,9888,4680057,0.537924,18549,5606629,0.644424,8700223
1,2021-08-05,27504,9916034,20185,5425291,6418,4075159,901,415584,17364,934925,0.10746,9934,4689991,0.539066,18287,5624916,0.646525,8700223
1,2021-08-06,33905,9949939,24987,5450278,7942,4083101,976,416560,21168,944615,0.108574,12498,4702489,0.540502,22188,5647104,0.649076,8700223
1,2021-08-07,21763,9971702,16319,5466597,4876,4087977,568,417128,13553,950670,0.10927,8080,4710569,0.541431,14135,5661239,0.6507,8700223
1,2021-08-08,10515,9982217,7679,5474276,2636,4090613,200,417328,6838,954110,0.109665,3607,4714176,0.541845,7047,5668286,0.65151,8700223
1,2021-08-09,27855,10010072,20862,5495138,6179,4096792,814,418142,17212,961721,0.11054,10449,4724625,0.543046,18060,5686346,0.653586,8700223
1,2021-08-10,29323,10039395,21556,5516694,6897,4103689,870,419012,17466,968465,0.111315,11646,4736271,0.544385,18390,5704736,0.6557,8700223
1,2021-08-11,27038,10066433,19902,5536596,6219,4109908,917,419929,15943,974467,0.112005,10884,4747155,0.545636,16886,5721622,0.657641,8700223
1,2021-08-12,28736,10095169,20655,5557251,7036,4116944,1045,420974,17162,981413,0.112803,11284,4758439,0.546933,18230,5739852,0.659736,8700223
1,2021-08-13,36021,10131190,26175,5583426,8798,4125742,1048,422022,20962,988717,0.113643,14752,4773191,0.548629,22056,5761908,0.662271,8700223
1,2021-08-14,23920,10155110,18170,5601596,5194,4130936,556,422578,13695,993214,0.11416,9772,4782963,0.549752,14269,5776177,0.663911,8700223
1,2021-08-15,10557,10165667,7783,5609379,2617,4133553,157,422735,6105,995351,0.114405,4146,4787109,0.550228,6283,5782460,0.664634,8700223
1,2021-08-16,29014,10194681,20585,5629964,7640,4141193,789,423524,16014,1000061,0.114947,12124,4799233,0.551622,16834,5799294,0.666568,8700223
1,2021-08-17,31583,10226264,22402,5652366,8266,4149459,915,424439,16642,1003649,0.115359,14009,4813242,0.553232,17597,5816891,0.668591,8700223
1,2021-08-18,31430,10257694,22528,5674894,8020,4157479,882,425321,15969,1006274,0.115661,14273,4827515,0.554873,16898,5833789,0.670533,8700223
1,2021-08-19,30698,10288392,21891,5696785,7804,4165283,1003,426324,15684,1009223,0.116,13775,4841290,0.556456,16724,5850513,0.672456,8700223
1,2021-08-20,37719,10326111,27401,5724186,9381,4174664,937,427261,19136,1012277,0.116351,17051,4858341,0.558416,20105,5870618,0.674766,8700223
1,2021-08-21,22968,10349079,17173,5741359,5233,4179897,562,427823,11258,1013142,0.11645,10970,4869311,0.559677,11835,5882453,0.676127,8700223
1,2021-08-22,11863,10360942,8687,5750046,2974,4182871,202,428025,5977,1013837,0.11653,5498,4874809,0.560309,6193,5888646,0.676839,8700223
1,2021-08-23,30746,10391688,22811,5772857,7208,4190079,727,428752,14857,1014696,0.116629,14788,4889597,0.562008,15647,5904293,0.678637,8700223
1,2021-08-24,31358,10423046,23757,5796614,6781,4196860,820,429572,14864,1015128,0.116678,15316,4904913,0.563769,15748,5920041,0.680447,8700223
1,2021-08-25,30809,10453855,23393,5820007,6701,4203561,715,430287,14378,1015024,0.116666,15246,4920159,0.565521,15142,5935183,0.682187,8700223
1,2021-08-26,30173,10484028,22522,5842529,6790,4210351,861,431148,14158,1015448,0.116715,14636,4934795,0.567203,15060,5950243,0.683918,8700223
1,2021-08-27,22113,10506141,16713,5859242,4712,4215063,688,431836,9741,1014655,0.116624,11253,4946048,0.568497,10460,5960703,0.685121,8700223
2,2020-12-15,263,263,263,263,0,0,0,0,263,263,3.1e-05,0,0,0.0,263,263,3.1e-05,8407551
2,2020-12-16,2341,2604,2341,2604,0,0,0,0,2342,2605,0.00031,0,0,0.0,2342,2605,0.00031,8407551
2,2020-12-17,7026,9630,7026,9630,0,0,0,0,7025,9630,0.001145,0,0,0.0,7025,9630,0.001145,8407551
2,2020-12-18,11182,20812,11161,20791,21,21,0,0,11186,20816,0.002476,0,0,0.0,11186,20816,0.002476,8407551
2,2020-12-19,5649,26461,5642,26433,7,28,0,0,5651,26467,0.003148,0,0,0.0,5651,26467,0.003148,8407551
2,2020-12-20,4266,30727,4249,30682,17,45,0,0,4259,30725,0.003654,1,1,0.0,4259,30726,0.003655,8407551
2,2020-12-21,12898,43625,12868,43550,30,75,0,0,12853,43578,0.005183,0,1,0.0,12853,43579,0.005183,8407551
2,2020-12-22,12317,55942,11783,55333,534,609,0,0,12316,55894,0.006648,0,1,0.0,12316,55895,0.006648,8407551
2,2020-12-23,11832,67774,9566,64899,2266,2875,0,0,11833,67726,0.008055,2,3,0.0,11834,67729,0.008056,8407551
2,2020-12-24,5921,73695,3503,68402,2418,5293,0,0,5918,73643,0.008759,3,6,1e-06,5920,73649,0.00876,8407551
2,2020-12-25,504,74199,420,68822,84,5377,0,0,507,74150,0.008819,0,6,1e-06,507,74156,0.00882,8407551
2,2020-12-26,2592,76791,1676,70498,916,6293,0,0,2593,76742,0.009128,1,7,1e-06,2593,76749,0.009129,8407551
2,2020-12-27,2248,79039,1222,71720,1026,7319,0,0,2245,78985,0.009395,2,9,1e-06,2245,78994,0.009396,8407551
2,2020-12-28,11158,90197,7237,78957,3921,11240,0,0,11158,90140,0.010721,3,12,1e-06,11158,90152,0.010723,8407551
2,2020-12-29,13018,103215,7322,86279,5696,16936,0,0,13023,103163,0.01227,0,12,1e-06,13023,103175,0.012272,8407551
2,2020-12-30,15772,118987,8853,95132,6919,23855,0,0,15766,118926,0.014145,5,17,2e-06,15768,118943,0.014147,8407551
2,2020-12-31,7648,126635,2849,97981,4799,28654,0,0,7639,126559,0.015053,6,23,3e-06,7639,126582,0.015056,8407551
2,2021-01-01,1451,128086,702,98683,749,29403,0,0,1446,128001,0.015225,4,27,3e-06,1446,128028,0.015228,8407551
2,2021-01-02,4891,132977,2787,101470,2104,31507,0,0,4886,132885,0.015805,2,29,3e-06,4886,132914,0.015809,8407551
2,2021-01-03,1438,134415,814,102284,624,32131,0,0,1430,134311,0.015975,4,33,4e-06,1430,134344,0.015979,8407551
2,2021-01-04,11828,146243,5632,107916,6196,38327,0,0,11814,146121,0.01738,4,37,4e-06,11814,146158,0.017384,8407551
2,2021-01-05,14053,160296,7044,114960,7009,45336,0,0,12801,157711,0.018758,1247,1284,0.000153,12837,158995,0.018911,8407551
2,2021-01-06,19301,179597,10685,125645,8616,53952,0,0,15279,169060,0.020108,3960,5244,0.000624,15309,174304,0.020732,8407551
2,2021-01-07,23512,203109,13263,138908,10249,64201,0,0,15743,177048,0.021058,7777,13021,0.001549,15765,190069,0.022607,8407551
2,2021-01-08,27194,230303,16421,155329,10773,74974,0,0,16658,183331,0.021806,10479,23500,0.002795,16762,206831,0.024601,8407551
2,2021-01-09,9920,240223,5809,161138,4111,79085,0,0,6311,186054,0.022129,3604,27104,0.003224,6327,213158,0.025353,8407551
2,2021-01-10,5370,245593,2988,164126,2382,81467,0,0,3101,186893,0.022229,2268,29372,0.003494,3107,216265,0.025723,8407551
2,2021-01-11,26251,271844,18150,182276,8101,89568,0,0,15051,190797,0.022694,11202,40574,0.004826,15106,231371,0.027519,8407551
2,2021-01-12,26605,298449,16532,198808,10073,99641,0,0,16871,198010,0.023551,9752,50326,0.005986,16965,248336,0.029537,8407551
2,2021-01-13,28789,327238,15280,214088,13509,113150,0,0,20723,210723,0.025064,8051,58377,0.006943,20764,269100,0.032007,8407551
2,2021-01-14,30777,358015,11791,225879,18986,132136,0,0,26432,232886,0.0277,4353,62730,0.007461,26516,295616,0.035161,8407551
2,2021-01-15,35341,393356,12813,238692,22528,154664,0,0,32004,261654,0.031121,3330,66060,0.007857,32098,327714,0.038979,8407551
2,2021-01-16,18404,411760,6163,244855,12241,166905,0,0,16973,277188,0.032969,1448,67508,0.008029,16982,344696,0.040998,8407551
2,2021-01-17,10620,422380,3592,248447,7028,173933,0,0,9862,286290,0.034052,772,68280,0.008121,9874,354570,0.042173,8407551
2,2021-01-18,19901,442281,11135,259582,8766,182699,0,0,14994,296427,0.035257,4924,73204,0.008707,15061,369631,0.043964,8407551
2,2021-01-19,32956,475237,17209,276791,15747,198446,0,0,24726,313041,0.037233,8229,81433,0.009686,24843,394474,0.046919,8407551
2,2021-01-20,37862,513099,19086,295877,18776,217222,0,0,29122,333548,0.039672,8712,90145,0.010722,29219,423693,0.050394,8407551
2,2021-01-21,41365,554464,17599,313476,23766,240988,0,0,36727,365861,0.043516,4605,94750,0.01127,36918,460611,0.054785,8407551
2,2021-01-22,39842,594306,16664,330140,23178,264166,0,0,36430,398889,0.047444,3432,98182,0.011678,36460,497071,0.059122,8407551
2,2021-01-23,24365,618671,10846,340986,13519,277685,0,0,21365,417309,0.049635,2976,101158,0.012032,21396,518467,0.061667,8407551
2,2021-01-24,12518,631189,6133,347119,6385,284070,0,0,11582,427991,0.050906,920,102078,0.012141,11602,530069,0.063047,8407551
2,2021-01-25,34220,665409,15738,362857,18482,302552,0,0,25248,444472,0.052866,8918,110996,0.013202,25399,555468,0.066068,8407551
2,2021-01-26,40675,706084,19889,382746,20786,323338,0,0,31298,466514,0.055488,9348,120344,0.014314,31390,586858,0.069801,8407551
2,2021-01-27,45980,752064,22771,405517,23209,346547,0,0,35464,491653,0.058478,10393,130737,0.01555,35532,622390,0.074028,8407551
2,2021-01-28,48428,800492,22588,428105,25840,372387,0,0,39529,522436,0.062139,8830,139567,0.0166,39613,662003,0.078739,8407551
2,2021-01-29,46015,846507,22133,450238,23882,396269,0,0,37087,550808,0.065513,8798,148365,0.017647,37170,699173,0.08316,8407551
2,2021-01-30,31535,878042,13354,463592,18181,414450,0,0,28077,575516,0.068452,3414,151779,0.018053,28122,727295,0.086505,8407551
2,2021-01-31,17312,895354,10234,473826,7078,421528,0,0,16075,590399,0.070222,1215,152994,0.018197,16098,743393,0.08842,8407551
2,2021-02-01,41650,937004,19937,493763,21713,443241,0,0,30362,609587,0.072505,11224,164218,0.019532,30412,773805,0.092037,8407551
2,2021-02-02,48282,985286,19630,513393,28652,471893,0,0,36585,634677,0.075489,11597,175815,0.020912,36687,810492,0.0964,8407551
2,2021-02-03,54379,1039665,23895,537288,30484,502377,0,0,39979,660462,0.078556,14296,190111,0.022612,40081,850573,0.101168,8407551
2,2021-02-04,56626,1096291,24269,561557,32357,534734,0,0,41118,686290,0.081628,15395,205506,0.024443,41223,891796,0.106071,8407551
2,2021-02-05,60694,1156985,26354,587911,34340,569074,0,0,40933,707889,0.084197,19534,225040,0.026766,41133,932929,0.110963,8407551
2,2021-02-06,39637,1196622,18404,606315,21233,590307,0,0,31507,731456,0.087,8049,233089,0.027724,31616,964545,0.114724,8407551
2,2021-02-07,15809,1212431,10455,616770,5354,595661,0,0,11965,739683,0.087978,3811,236900,0.028177,12038,976583,0.116155,8407551
2,2021-02-08,43333,1255764,21939,638709,21394,617055,0,0,29614,755948,0.089913,13567,250467,0.029791,29832,1006415,0.119704,8407551
2,2021-02-09,49852,1305616,23595,662304,26257,643312,0,0,30714,768123,0.091361,18906,269373,0.032039,31081,1037496,0.123401,8407551
2,2021-02-10,59910,1365526,28007,690311,31903,675215,0,0,34506,777903,0.092524,25104,294477,0.035025,34884,1072380,0.12755,8407551
2,2021-02-11,64645,1430171,29682,719993,34963,710178,0,0,35927,786021,0.09349,28331,322808,0.038395,36449,1108829,0.131885,8407551
2,2021-02-12,66340,1496511,28610,748603,37730,747908,0,0,35390,791439,0.094134,30648,353456,0.04204,36066,1144895,0.136175,8407551
2,2021-02-13,38351,1534862,15964,764567,22387,770295,0,0,22074,797725,0.094882,16171,369627,0.043964,22457,1167352,0.138846,8407551
2,2021-02-14,20241,1555103,9427,773994,10814,781109,0,0,11228,800368,0.095196,8958,378585,0.045029,11601,1178953,0.140225,8407551
2,2021-02-15,33495,1588598,15064,789058,18431,799540,0,0,18517,804930,0.095739,14828,393413,0.046793,19390,1198343,0.142532,8407551
2,2021-02-16,56724,1645322,27783,816841,28941,828481,0,0,29785,808595,0.096175,26812,420225,0.049982,30477,1228820,0.146157,8407551
2,2021-02-17,62120,1707442,31921,848762,30199,858680,0,0,30756,808918,0.096213,31257,451482,0.0537,31580,1260400,0.149913,8407551
2,2021-02-18,66811,1774253,33661,882423,33150,891830,0,0,32449,808444,0.096157,34080,485562,0.057753,33606,1294006,0.15391,8407551
2,2021-02-19,60125,1834378,33200,915623,26925,918755,0,0,29777,808680,0.096185,30135,515697,0.061337,30371,1324377,0.157522,8407551
2,2021-02-20,38032,1872410,24643,940266,13389,932144,0,0,20604,812675,0.09666,17312,533009,0.063396,21307,1345684,0.160057,8407551
2,2021-02-21,21938,1894348,17717,957983,4221,936365,0,0,10815,813318,0.096737,11011,544020,0.064706,11654,1357338,0.161443,8407551
2,2021-02-22,39874,1934222,27238,985221,12636,949001,0,0,18899,812117,0.096594,20810,564830,0.067181,19609,1376947,0.163775,8407551
2,2021-02-23,54262,1988484,27668,1012889,26594,975595,0,0,23781,807616,0.096058,30199,595029,0.070773,25698,1402645,0.166832,8407551
2,2021-02-24,71639,2060123,36842,1049731,34797,1010392,0,0,32763,804155,0.095647,38636,633665,0.075369,35175,1437820,0.171015,8407551
2,2021-02-25,77694,2137817,36744,1086475,40950,1051342,0,0,39367,808358,0.096147,38033,671698,0.079892,42236,1480056,0.176039,8407551
2,2021-02-26,86304,2224121,36997,1123472,49307,1100649,0,0,46328,817259,0.097205,39643,711341,0.084607,48544,1528600,0.181813,8407551
2,2021-02-27,63168,2287289,29322,1152794,33838,1134487,8,8,34144,823992,0.098006,28769,740110,0.088029,35502,1564102,0.186035,8407551
2,2021-02-28,31168,2318457,18660,1171454,12507,1146994,1,9,18031,829882,0.098707,12997,753107,0.089575,18887,1582989,0.188282,8407551
2,2021-03-01,59355,2377812,30919,1202373,28356,1175350,80,89,32337,836868,0.099538,26675,779782,0.092748,33661,1616650,0.192285,8407551
2,2021-03-02,71060,2448872,34105,1236478,36939,1212289,16,105,39734,847878,0.100847,31121,810903,0.096449,42131,1658781,0.197297,8407551
2,2021-03-03,82095,2530967,39578,1276056,42497,1254786,20,125,46299,861296,0.102443,35554,846457,0.100678,48972,1707753,0.203121,8407551
2,2021-03-04,89959,2620926,44078,1320134,45847,1300633,34,159,51455,876971,0.104308,38232,884689,0.105226,53907,1761660,0.209533,8407551
2,2021-03-05,83637,2704563,39206,1359340,44110,1344743,321,480,50719,897759,0.10678,32655,917344,0.10911,53443,1815103,0.21589,8407551
2,2021-03-06,63702,2768265,31072,1390412,30906,1375649,1724,2204,38968,915293,0.108866,24587,941931,0.112034,42121,1857224,0.2209,8407551
2,2021-03-07,28899,2797164,16403,1406815,10941,1386590,1555,3759,18262,925677,0.110101,10554,952485,0.113289,20938,1878162,0.22339,8407551
2,2021-03-08,51284,2848448,23501,1430316,25200,1411790,2583,6342,32176,943090,0.112172,18981,971466,0.115547,36394,1914556,0.227719,8407551
2,2021-03-09,71191,2919639,32412,1462728,34897,1446687,3882,10224,39358,955992,0.113706,31678,1003144,0.119315,44580,1959136,0.233021,8407551
2,2021-03-10,79129,2998768,37388,1500116,35144,1481831,6597,16821,41875,968757,0.115225,37014,1040158,0.123717,49779,2008915,0.238942,8407551
2,2021-03-11,93858,3092626,43327,1543443,42116,1523947,8415,25236,48870,982753,0.116889,44653,1084811,0.129028,58649,2067564,0.245918,8407551
2,2021-03-12,94798,3187424,39038,1582481,43744,1567691,12016,37252,46973,995541,0.11841,47551,1132362,0.134684,60339,2127903,0.253094,8407551
2,2021-03-13,69599,3257023,29100,1611581,32467,1600158,8032,45284,38128,1011641,0.120325,31314,1163676,0.138408,47414,2175317,0.258734,8407551
2,2021-03-14,37156,3294179,18373,1629954,14262,1614420,4521,49805,18650,1017144,0.12098,18394,1182070,0.140596,23897,2199214,0.261576,8407551
2,2021-03-15,67912,3362091,30681,1660635,32203,1646623,5028,54833,37340,1030286,0.122543,30320,1212390,0.144203,43462,2242676,0.266745,8407551
2,2021-03-16,86834,3448925,38472,1699107,44323,1690946,4039,58872,52330,1053493,0.125303,34277,1246667,0.148279,57484,2300160,0.273583,8407551
2,2021-03-17,93515,3542440,44818,1743925,44488,1735434,4209,63081,59189,1083659,0.128891,34027,1280694,0.152327,64193,2364353,0.281218,8407551
2,2021-03-18,98818,3641258,47170,1791095,47014,1782448,4634,67715,59850,1110065,0.132032,38618,1319312,0.15692,65024,2429377,0.288952,8407551
2,2021-03-19,98098,3739356,46472,1837567,45453,1827901,6173,73888,57815,1134597,0.13495,39949,1359261,0.161671,64481,2493858,0.296621,8407551
2,2021-03-20,70435,3809791,34116,1871683,32307,1860208,4012,77900,45862,1160488,0.138029,24322,1383583,0.164564,50213,2544071,0.302594,8407551
2,2021-03-21,33860,3843651,21779,1893462,10071,1870279,2010,79910,20222,1169684,0.139123,13467,1397050,0.166166,22663,2566734,0.305289,8407551
2,2021-03-22,63305,3906956,34853,1928315,25807,1896086,2645,82555,41824,1193828,0.141995,21221,1418271,0.16869,45365,2612099,0.310685,8407551
2,2021-03-23,84406,3991362,44855,1973170,36614,1932700,2937,85492,52290,1218082,0.14488,31809,1450080,0.172474,56063,2668162,0.317353,8407551
2,2021-03-24,92523,4083885,49729,2022899,39609,1972309,3185,88677,53910,1237738,0.147217,38252,1488332,0.177023,57908,2726070,0.324241,8407551
2,2021-03-25,102132,4186017,51530,2074429,46670,2018979,3932,92609,57299,1255296,0.149306,44441,1532773,0.182309,61999,2788069,0.331615,8407551
2,2021-03-26,104242,4290259,51688,2126117,49053,2068032,3501,96110,56588,1269187,0.150958,47233,1580006,0.187927,61124,2849193,0.338885,8407551
2,2021-03-27,76203,4366462,38021,2164138,34857,2102889,3325,99435,37932,1273321,0.15145,37985,1617991,0.192445,42119,2891312,0.343895,8407551
2,2021-03-28,38040,4404502,23510,2187648,13717,2116606,813,100248,20210,1277523,0.151949,17674,1635665,0.194547,21876,2913188,0.346497,8407551
2,2021-03-29,72251,4476753,36729,2224377,33236,2149842,2286,102534,40745,1290284,0.153467,31262,1666927,0.198265,44023,2957211,0.351733,8407551
2,2021-03-30,92774,4569527,45447,2269824,42930,2192772,4397,106931,51761,1306289,0.155371,40778,1707705,0.203116,56783,3013994,0.358487,8407551
2,2021-03-31,101905,4671432,52525,2322349,44239,2237011,5141,112072,57519,1325286,0.15763,44041,1751746,0.208354,63038,3077032,0.365984,8407551
2,2021-04-01,118689,4790121,57336,2379685,52004,2289015,9349,121421,64305,1345414,0.160024,53909,1805655,0.214766,74037,3151069,0.37479,8407551
2,2021-04-02,112435,4902556,51797,2431482,50367,2339382,10271,131692,59974,1364082,0.162245,52023,1857678,0.220954,70691,3221760,0.383198,8407551
2,2021-04-03,77245,4979801,37967,2469449,29392,2368774,9886,141578,38198,1373711,0.16339,38815,1896493,0.22557,48444,3270204,0.38896,8407551
2,2021-04-04,29160,5008961,15006,2484455,10269,2379043,3885,145463,13068,1374709,0.163509,15971,1912464,0.22747,16969,3287173,0.390979,8407551
2,2021-04-05,79797,5088758,39077,2523532,31803,2410846,8917,154380,38362,1381491,0.164316,41231,1953695,0.232374,48013,3335186,0.396689,8407551
2,2021-04-06,104578,5193336,50923,2574455,38864,2449710,14791,169171,49401,1391202,0.165471,54872,2008567,0.2389,64583,3399769,0.404371,8407551
2,2021-04-07,111334,5304670,55556,2630011,39411,2489121,16367,185538,52173,1401113,0.166649,58842,2067409,0.245899,68753,3468522,0.412548,8407551
2,2021-04-08,120008,5424678,57749,2687760,43393,2532514,18866,204404,55624,1412109,0.167957,63993,2131402,0.25351,74989,3543511,0.421468,8407551
2,2021-04-09,119525,5544203,57477,2745237,43788,2576302,18260,222664,56399,1424849,0.169473,62723,2194125,0.260971,75463,3618974,0.430443,8407551
2,2021-04-10,88043,5632246,37974,2783211,31537,2607839,18532,241196,36222,1428693,0.16993,51541,2245666,0.267101,55385,3674359,0.437031,8407551
2,2021-04-11,44673,5676919,23159,2806370,12996,2620835,8518,249714,18266,1429931,0.170077,26247,2271913,0.270223,27485,3701844,0.4403,8407551
2,2021-04-12,80563,5757482,37511,2843881,33559,2654394,9493,259207,35815,1431755,0.170294,44458,2316371,0.275511,46282,3748126,0.445805,8407551
2,2021-04-13,102405,5859887,53164,2897045,48974,2703368,267,259474,55923,1442664,0.171591,46178,2362549,0.281003,57087,3805213,0.452595,8407551
2,2021-04-14,107405,5967292,56314,2953359,51028,2754396,63,259537,54675,1446448,0.172042,52390,2414939,0.287235,56174,3861387,0.459276,8407551
2,2021-04-15,113802,6081094,60450,3013809,53251,2807647,101,259638,59262,1452778,0.172794,54114,2469053,0.293671,60444,3921831,0.466465,8407551
2,2021-04-16,111386,6192480,57808,3071617,53519,2861166,59,259697,56474,1455634,0.173134,54533,2523586,0.300157,57389,3979220,0.473291,8407551
2,2021-04-17,83895,6276375,42704,3114321,41175,2902341,16,259713,46776,1466457,0.174421,36842,2560428,0.304539,47665,4026885,0.478961,8407551
2,2021-04-18,36069,6312444,21920,3136241,14137,2916478,12,259725,17030,1465598,0.174319,18894,2579322,0.306786,18035,4044920,0.481106,8407551
2,2021-04-19,75146,6387590,40466,3176707,34661,2951139,19,259744,34035,1459450,0.173588,40819,2620141,0.311641,34671,4079591,0.485229,8407551
2,2021-04-20,97858,6485448,49512,3226219,48317,2999456,29,259773,47141,1457023,0.173299,50345,2670486,0.317629,47918,4127509,0.490929,8407551
2,2021-04-21,104344,6589792,56506,3282725,47767,3047223,71,259844,49140,1452529,0.172765,54686,2725172,0.324134,50192,4177701,0.496899,8407551
2,2021-04-22,108877,6698669,56335,3339060,52514,3099737,28,259872,47559,1440151,0.171293,60844,2786016,0.331371,48466,4226167,0.502663,8407551
2,2021-04-23,108495,6807164,57771,3396831,50704,3150441,20,259892,50012,1433070,0.17045,58041,2844057,0.338274,50960,4277127,0.508724,8407551
2,2021-04-24,81395,6888559,47939,3444770,33412,3183853,44,259936,42288,1437615,0.170991,38732,2882789,0.342881,43277,4320404,0.513872,8407551
2,2021-04-25,36734,6925293,22623,3467393,14094,3197947,17,259953,19939,1441413,0.171443,16630,2899419,0.344859,20428,4340832,0.516302,8407551
2,2021-04-26,74646,6999939,41378,3508771,32950,3230897,318,260271,34198,1437241,0.170946,40146,2939565,0.349634,35974,4376806,0.52058,8407551
2,2021-04-27,88731,7088670,46837,3555608,40521,3271418,1373,261644,37967,1427480,0.169785,50350,2989915,0.355623,40589,4417395,0.525408,8407551
2,2021-04-28,88695,7177365,47430,3603038,39383,3310801,1882,263526,39018,1419995,0.168895,49305,3039220,0.361487,41820,4459215,0.530382,8407551
2,2021-04-29,91719,7269084,49980,3653018,40017,3350818,1722,265248,35541,1402108,0.166768,55754,3094974,0.368118,37867,4497082,0.534886,8407551
2,2021-04-30,95349,7364433,52681,3705699,40655,3391473,2013,267261,36945,1383818,0.164592,57907,3152881,0.375006,39617,4536699,0.539598,8407551
2,2021-05-01,63070,7427503,38454,3744153,23007,3414480,1609,268870,24578,1372731,0.163274,38132,3191013,0.379541,27045,4563744,0.542815,8407551
2,2021-05-02,29414,7456917,20477,3764630,7960,3422440,977,269847,11162,1366855,0.162575,18104,3209117,0.381695,12228,4575972,0.544269,8407551
2,2021-05-03,60922,7517839,36186,3800816,22668,3445108,2068,271915,20422,1349403,0.160499,40203,3249320,0.386476,22751,4598723,0.546975,8407551
2,2021-05-04,80381,7598220,47996,3848812,29976,3475084,2409,274324,26041,1324274,0.15751,53967,3303287,0.392895,28838,4627561,0.550405,8407551
2,2021-05-05,81001,7679221,48259,3897071,30376,3505460,2366,276690,25265,1296954,0.154261,55319,3358606,0.399475,27999,4655560,0.553736,8407551
2,2021-05-06,83426,7762647,50682,3947753,29808,3535268,2936,279626,25269,1268140,0.150833,57650,3416256,0.406332,28836,4684396,0.557165,8407551
2,2021-05-07,84197,7846844,48620,3996373,33142,3568410,2435,282061,25744,1238733,0.147336,58036,3474292,0.413235,28629,4713025,0.56057,8407551
2,2021-05-08,55975,7902819,33957,4030330,20290,3588700,1728,283789,17467,1220405,0.145156,38256,3512548,0.417785,19928,4732953,0.562941,8407551
2,2021-05-09,21939,7924758,15795,4046125,5396,3594096,748,284537,6324,1212188,0.144178,15519,3528067,0.419631,7302,4740255,0.563809,8407551
2,2021-05-10,50538,7975296,27566,4073691,21078,3615174,1894,286431,14217,1192857,0.141879,36043,3564110,0.423918,16712,4756967,0.565797,8407551
2,2021-05-11,66650,8041946,36133,4109824,28378,3643552,2139,288570,20045,1169456,0.139096,46274,3610384,0.429422,22873,4779840,0.568518,8407551
2,2021-05-12,65561,8107507,34955,4144779,28368,3671920,2238,290808,19255,1145390,0.136233,45971,3656355,0.434889,21905,4801745,0.571123,8407551
2,2021-05-13,71392,8178899,41480,4186259,27957,3699877,1955,292763,26076,1129157,0.134303,45003,3701358,0.440242,28770,4830515,0.574545,8407551
2,2021-05-14,80360,8259259,48180,4234439,29907,3729784,2273,295036,30813,1113722,0.132467,49162,3750520,0.446089,33727,4864242,0.578556,8407551
2,2021-05-15,66863,8326122,43925,4278364,21215,3750999,1723,296759,25895,1101049,0.13096,40695,3791215,0.45093,28022,4892264,0.581889,8407551
2,2021-05-16,31830,8357952,23824,4302188,7080,3758079,926,297685,12944,1096308,0.130396,18744,3809959,0.453159,14003,4906267,0.583555,8407551
2,2021-05-17,58264,8416216,36916,4339104,19385,3777464,1963,299648,22913,1086462,0.129225,35090,3845049,0.457333,25244,4931511,0.586557,8407551
2,2021-05-18,70477,8486693,41228,4380332,27278,3804742,1971,301619,27925,1074638,0.127818,42261,3887310,0.462359,30437,4961948,0.590178,8407551
2,2021-05-19,69236,8555929,40969,4421301,26239,3830981,2028,303647,27356,1062948,0.126428,41544,3928854,0.467301,29854,4991802,0.593728,8407551
2,2021-05-20,70021,8625950,40642,4461943,27179,3858160,2200,305847,26612,1049313,0.124806,43051,3971905,0.472421,29416,5021218,0.597227,8407551
2,2021-05-21,73594,8699544,43464,4505407,27954,3886114,2176,308023,27951,1034742,0.123073,45261,4017166,0.477805,30690,5051908,0.600877,8407551
2,2021-05-22,53972,8753516,34279,4539686,17915,3904029,1778,309801,22515,1028362,0.122314,31215,4048381,0.481517,24835,5076743,0.603831,8407551
2,2021-05-23,24515,8778031,16728,4556414,7061,3911090,726,310527,10271,1025393,0.121961,14109,4062490,0.483195,11140,5087883,0.605156,8407551
2,2021-05-24,45224,8823255,25722,4582136,17716,3928806,1786,312313,17375,1017292,0.120997,27605,4090095,0.486479,19504,5107387,0.607476,8407551
2,2021-05-25,51301,8874556,30070,4612206,19355,3948161,1876,314189,19511,1007751,0.119863,31467,4121562,0.490221,21926,5129313,0.610084,8407551
2,2021-05-26,49098,8923654,27525,4639731,19879,3968040,1694,315883,19195,999427,0.118873,29555,4151117,0.493737,21231,5150544,0.612609,8407551
2,2021-05-27,47030,8970684,26705,4666436,18582,3986622,1743,317626,18771,992447,0.118042,27997,4179114,0.497067,21017,5171561,0.615109,8407551
2,2021-05-28,50644,9021328,28015,4694451,20640,4007262,1989,319615,21232,986968,0.117391,29136,4208250,0.500532,23657,5195218,0.617923,8407551
2,2021-05-29,29260,9050588,17533,4711984,10657,4017919,1070,320685,13323,985775,0.117249,15765,4224015,0.502407,14572,5209790,0.619656,8407551
2,2021-05-30,12713,9063301,8189,4720173,3754,4021673,770,321455,5536,985040,0.117161,7107,4231122,0.503253,6372,5216162,0.620414,8407551
2,2021-05-31,5952,9069253,3490,4723663,2157,4023830,305,321760,1857,983218,0.116945,4032,4235154,0.503732,2210,5218372,0.620677,8407551
2,2021-06-01,45260,9114513,26013,4749676,17574,4041404,1673,323433,15741,971827,0.11559,29174,4264328,0.507202,17783,5236155,0.622792,8407551
2,2021-06-02,38626,9153139,22743,4772419,14456,4055860,1427,324860,15121,965448,0.114831,23226,4287554,0.509965,16847,5253002,0.624796,8407551
2,2021-06-03,41807,9194946,26945,4799364,13381,4069241,1481,326341,14099,953958,0.113464,27457,4315011,0.51323,15967,5268969,0.626695,8407551
2,2021-06-04,48652,9243598,31791,4831155,15298,4084539,1563,327904,15741,939201,0.111709,32586,4347597,0.517106,17829,5286798,0.628815,8407551
2,2021-06-05,38146,9281744,27231,4858386,9444,4093983,1471,329375,11859,926915,0.110248,26040,4373637,0.520203,13754,5300552,0.630451,8407551
2,2021-06-06,14970,9296714,12282,4870668,2109,4096092,579,329954,4662,922111,0.109677,10241,4383878,0.521422,5437,5305989,0.631098,8407551
2,2021-06-07,33561,9330275,23496,4894164,8778,4104870,1287,331241,11000,912244,0.108503,22392,4406270,0.524085,12525,5318514,0.632588,8407551
2,2021-06-08,40738,9371013,28822,4922986,10543,4115413,1373,332614,12491,898501,0.106868,27990,4434260,0.527414,14247,5332761,0.634282,8407551
2,2021-06-09,38229,9409242,26688,4949674,10039,4125452,1502,334116,11546,885394,0.105309,26482,4460742,0.530564,13375,5346136,0.635873,8407551
2,2021-06-10,37934,9447176,26384,4976058,10015,4135467,1535,335651,11620,872912,0.103825,26113,4486855,0.53367,13631,5359767,0.637494,8407551
2,2021-06-11,41597,9488773,27640,5003698,12277,4147744,1680,337331,13313,860197,0.102312,28010,4514865,0.537001,15295,5375062,0.639314,8407551
2,2021-06-12,29683,9518456,21860,5025558,6905,4154649,918,338249,8712,849237,0.101009,20825,4535690,0.539478,9865,5384927,0.640487,8407551
2,2021-06-13,12264,9530720,8961,5034519,2681,4157330,622,338871,3119,844064,0.100394,9081,4544771,0.540558,3908,5388835,0.640952,8407551
2,2021-06-14,30156,9560876,21420,5055939,7523,4164853,1213,340084,10430,836363,0.099478,19547,4564318,0.542883,11846,5400681,0.642361,8407551
2,2021-06-15,35972,9596848,23979,5079918,9932,4174785,2061,342145,12099,827305,0.0984,23596,4587914,0.54569,14538,5415219,0.64409,8407551
2,2021-06-16,33340,9630188,23040,5102958,8488,4183273,1812,343957,11538,819349,0.097454,21620,4609534,0.548261,13664,5428883,0.645715,8407551
2,2021-06-17,31043,9661231,20750,5123708,8486,4191759,1807,345764,10997,812501,0.096639,19859,4629393,0.550623,13011,5441894,0.647263,8407551
2,2021-06-18,34817,9696048,22948,5146656,9987,4201746,1882,347646,12616,805274,0.09578,21975,4651368,0.553237,14748,5456642,0.649017,8407551
2,2021-06-19,20989,9717037,14622,5161278,5106,4206852,1261,348907,7910,801729,0.095358,12914,4664282,0.554773,9369,5466011,0.650131,8407551
2,2021-06-20,8311,9725348,5944,5167222,1902,4208754,465,349372,3068,800136,0.095169,5196,4669478,0.555391,3603,5469614,0.65056,8407551
2,2021-06-21,19358,9744706,11853,5179075,6183,4214937,1322,350694,9872,802148,0.095408,9363,4678841,0.556505,11375,5480989,0.651913,8407551
2,2021-06-22,26923,9771629,18441,5197516,7099,4222036,1383,352077,10527,798111,0.094928,16220,4695061,0.558434,12183,5493172,0.653362,8407551
2,2021-06-23,25965,9797594,17918,5215434,6418,4228454,1629,353706,10531,795276,0.094591,15288,4710349,0.560252,12453,5505625,0.654843,8407551
2,2021-06-24,25446,9823040,17333,5232767,6586,4235040,1527,355233,10471,792685,0.094283,14821,4725170,0.562015,12230,5517855,0.656298,8407551
2,2021-06-25,28861,9851901,19561,5252328,7802,4242842,1498,356731,12005,789734,0.093932,16693,4741863,0.564001,13742,5531597,0.657932,8407551
2,2021-06-26,18749,9870650,13806,5266134,4005,4246847,938,357669,7644,787561,0.093673,11010,4752873,0.56531,8837,5540434,0.658983,8407551
2,2021-06-27,8887,9879537,6789,5272923,1647,4248494,451,358120,3575,786457,0.093542,5254,4758127,0.565935,4150,5544584,0.659477,8407551
2,2021-06-28,19979,9899516,15175,5288098,3554,4252048,1250,359370,8820,785698,0.093451,11020,4769147,0.567246,10261,5554845,0.660697,8407551
2,2021-06-29,22893,9922409,15944,5304042,5870,4257918,1079,360449,9817,783892,0.093237,12936,4782083,0.568784,11130,5565975,0.662021,8407551
2,2021-06-30,22154,9944563,15709,5319751,5415,4263333,1030,361479,9903,782951,0.093125,12103,4794186,0.570224,11162,5577137,0.663349,8407551
2,2021-07-01,20086,9964649,14197,5333948,4988,4268321,901,362380,8950,782001,0.093012,11004,4805190,0.571533,10054,5587191,0.664544,8407551
2,2021-07-02,23103,9987752,15932,5349880,6141,4274462,1030,363410,10260,780822,0.092872,12671,4817861,0.57304,11492,5598683,0.665911,8407551
2,2021-07-03,12642,10000394,9107,5358987,3058,4277520,477,363887,5800,780476,0.09283,6744,4824605,0.573842,6398,5605081,0.666672,8407551
2,2021-07-04,1018,10001412,597,5359584,354,4277874,67,363954,437,780434,0.092825,569,4825174,0.57391,527,5605608,0.666735,8407551
2,2021-07-05,11123,10012535,8149,5367733,2564,4280438,410,364364,5096,780112,0.092787,5956,4831130,0.574618,5634,5611242,0.667405,8407551
2,2021-07-06,23951,10036486,17391,5385124,5549,4285987,1011,365375,9264,776133,0.092314,14524,4845654,0.576345,10545,5621787,0.668659,8407551
2,2021-07-07,20640,10057126,14713,5399837,4821,4290808,1106,366481,8760,774527,0.092123,11735,4857389,0.577741,10129,5631916,0.669864,8407551
2,2021-07-08,19225,10076351,13392,5413229,4791,4295599,1042,367523,8073,772806,0.091918,11039,4868428,0.579054,9318,5641234,0.670972,8407551
2,2021-07-09,22612,10098963,15669,5428898,5689,4301288,1254,368777,9591,770970,0.0917,12880,4881308,0.580586,11044,5652278,0.672286,8407551
2,2021-07-10,14332,10113295,10570,5439468,3076,4304364,686,369463,6306,770190,0.091607,7930,4889238,0.581529,7150,5659428,0.673136,8407551
2,2021-07-11,6564,10119859,4824,5444292,1390,4305754,350,369813,3085,770261,0.091615,3435,4892673,0.581938,3506,5662934,0.673553,8407551
2,2021-07-12,18247,10138106,13424,5457716,3952,4309706,871,370684,7862,768927,0.091457,10266,4902939,0.583159,8932,5671866,0.674616,8407551
2,2021-07-13,19603,10157709,13845,5471561,4874,4314580,884,371568,8797,768148,0.091364,10656,4913595,0.584426,9877,5681743,0.67579,8407551
2,2021-07-14,18751,10176460,13386,5484947,4573,4319153,792,372360,8392,767316,0.091265,10227,4923822,0.585643,9395,5691138,0.676908,8407551
2,2021-07-15,18859,10195319,13672,5498619,4484,4323637,703,373063,8572,766637,0.091184,10168,4933990,0.586852,9489,5700627,0.678037,8407551
2,2021-07-16,22928,10218247,16500,5515119,5595,4329232,833,373896,10997,766879,0.091213,11794,4945784,0.588255,12036,5712663,0.679468,8407551
2,2021-07-17,14399,10232646,10490,5525609,3375,4332607,534,374430,6953,767144,0.091245,7357,4953141,0.58913,7622,5720285,0.680375,8407551
2,2021-07-18,6993,10239639,5222,5530831,1442,4334049,329,374759,3535,767661,0.091306,3415,4956556,0.589536,3932,5724217,0.680842,8407551
2,2021-07-19,18437,10258076,13728,5544559,3964,4338013,745,375504,9148,768564,0.091414,9173,4965729,0.590627,10076,5734293,0.682041,8407551
2,2021-07-20,20876,10278952,14864,5559423,5174,4343187,838,376342,10581,770039,0.091589,10161,4975890,0.591836,11636,5745929,0.683425,8407551
2,2021-07-21,20416,10299368,14850,5574273,4793,4347980,773,377115,10579,771876,0.091807,9710,4985600,0.592991,11547,5757476,0.684798,8407551
2,2021-07-22,20302,10319670,14508,5588781,4943,4352923,851,377966,10844,774435,0.092112,9311,4994911,0.594098,11870,5769346,0.68621,8407551
2,2021-07-23,24415,10344085,17100,5605881,6269,4359192,1046,379012,13289,778002,0.092536,10967,5005878,0.595403,14534,5783880,0.687939,8407551
2,2021-07-24,14776,10358861,10646,5616527,3635,4362827,495,379507,8255,780453,0.092828,6413,5012291,0.596165,8864,5792744,0.688993,8407551
2,2021-07-25,6704,10365565,4940,5621467,1623,4364450,141,379648,4962,783899,0.093237,1696,5013987,0.596367,5142,5797886,0.689605,8407551
2,2021-07-26,19077,10384642,13460,5634927,4837,4369287,780,380428,12086,790025,0.093966,6864,5020851,0.597184,12990,5810876,0.69115,8407551
2,2021-07-27,22833,10407475,16523,5651450,5451,4374738,859,381287,13378,795117,0.094572,9295,5030146,0.598289,14387,5825263,0.692861,8407551
2,2021-07-28,22602,10430077,16157,5667607,5542,4380280,903,382190,13364,800496,0.095212,9071,5039217,0.599368,14450,5839713,0.69458,8407551
2,2021-07-29,21389,10451466,15320,5682927,5151,4385431,918,383108,12918,806153,0.095884,8327,5047544,0.600358,13984,5853697,0.696243,8407551
2,2021-07-30,26233,10477699,18686,5701613,6588,4392019,959,384067,15711,812701,0.096663,10324,5057868,0.601586,16872,5870569,0.69825,8407551
2,2021-07-31,15741,10493440,11603,5713216,3628,4395647,510,384577,9521,816775,0.097148,6093,5063961,0.602311,10167,5880736,0.699459,8407551
2,2021-08-01,8057,10501497,6203,5719419,1682,4397329,172,384749,5288,819590,0.097483,2709,5066670,0.602633,5524,5886260,0.700116,8407551
2,2021-08-02,21282,10522779,16002,5735421,4518,4401847,762,385511,13496,826320,0.098283,7642,5074312,0.603542,14372,5900632,0.701825,8407551
2,2021-08-03,24100,10546879,17570,5752991,5514,4407361,1016,386527,14981,833481,0.099135,8967,5083279,0.604609,16128,5916760,0.703744,8407551
2,2021-08-04,22757,10569636,16869,5769860,5018,4412379,870,387397,14181,840197,0.099934,8430,5091709,0.605611,15146,5931906,0.705545,8407551
2,2021-08-05,23103,10592739,16952,5786812,5230,4417609,921,388318,14290,846881,0.100729,8640,5100349,0.606639,15324,5947230,0.707368,8407551
2,2021-08-06,27660,10620399,20253,5807065,6419,4424028,988,389306,16837,854199,0.101599,10633,5110982,0.607904,17951,5965181,0.709503,8407551
2,2021-08-07,16872,10637271,12538,5819603,3739,4427767,595,389901,10357,858828,0.10215,6405,5117387,0.608666,11034,5976215,0.710815,8407551
2,2021-08-08,9376,10646647,7102,5826705,2046,4429813,228,390129,5862,861534,0.102471,3426,5120813,0.609073,6132,5982347,0.711545,8407551
2,2021-08-09,23234,10669881,17810,5844515,4657,4434470,767,390896,14065,867485,0.103179,9009,5129822,0.610145,14960,5997307,0.713324,8407551
2,2021-08-10,24322,10694203,17916,5862431,5558,4440028,848,391744,14295,872915,0.103825,9852,5139674,0.611316,15282,6012589,0.715142,8407551
2,2021-08-11,21936,10716139,16357,5878788,4672,4444700,907,392651,12741,877638,0.104387,9021,5148695,0.612389,13744,6026333,0.716776,8407551
2,2021-08-12,23841,10739980,17050,5895838,5717,4450417,1074,393725,13901,882986,0.105023,9726,5158421,0.613546,15074,6041407,0.718569,8407551
2,2021-08-13,29755,10769735,21518,5917356,7195,4457612,1042,394767,17200,889163,0.105758,12197,5170618,0.614997,18374,6059781,0.720755,8407551
2,2021-08-14,18699,10788434,13781,5931137,4416,4462028,502,395269,10492,892674,0.106175,7620,5178238,0.615903,11131,6070912,0.722079,8407551
2,2021-08-15,9720,10798154,7291,5938428,2245,4464273,184,395453,5328,894290,0.106367,3967,5182205,0.616375,5583,6076495,0.722743,8407551
2,2021-08-16,24688,10822842,17488,5955916,6357,4470630,843,396296,12876,897583,0.106759,10572,5192777,0.617633,13865,6090360,0.724392,8407551
2,2021-08-17,25848,10848690,18323,5974239,6594,4477224,931,397227,12829,899895,0.107034,11576,5204353,0.619009,13888,6104248,0.726044,8407551
2,2021-08-18,26110,10874800,18532,5992771,6688,4483912,890,398117,12788,902116,0.107298,11606,5215959,0.62039,13827,6118075,0.727688,8407551
2,2021-08-19,25891,10900691,17882,6010653,6989,4490901,1020,399137,12852,904895,0.107629,11214,5227173,0.621724,13993,6132068,0.729352,8407551
2,2021-08-20,32268,10932959,22677,6033330,8563,4499464,1028,400165,15171,906535,0.107824,14704,5241877,0.623473,16344,6148412,0.731296,8407551
2,2021-08-21,18976,10951935,14006,6047336,4427,4503891,543,400708,9048,907409,0.107928,8852,5250729,0.624525,9726,6158138,0.732453,8407551
2,2021-08-22,10680,10962615,7905,6055241,2562,4506453,213,400921,5279,908140,0.108015,4839,5255568,0.625101,5570,6163708,0.733116,8407551
2,2021-08-23,26488,10989103,19367,6074608,6403,4512856,718,401639,12364,909117,0.108131,12347,5267915,0.626569,13324,6177032,0.734701,8407551
2,2021-08-24,27107,11016210,20170,6094778,6089,4518945,848,402487,11974,908869,0.108102,13285,5281200,0.62815,13037,6190069,0.736251,8407551
2,2021-08-25,25940,11042150,19691,6114469,5532,4524477,717,403204,11786,909157,0.108136,12424,5293624,0.629627,12712,6202781,0.737763,8407551
2,2021-08-26,25453,11067603,19004,6133473,5655,4530132,794,403998,11299,909133,0.108133,12296,5305920,0.63109,12272,6215053,0.739223,8407551
2,2021-08-27,18153,11085756,13219,6146692,4204,4534336,730,404728,7107,907842,0.107979,9248,5315168,0.63219,7957,6223010,0.740169,8407551
3,2020-12-15,342,342,342,342,0,0,0,0,342,342,4.2e-05,0,0,0.0,342,342,4.2e-05,8129050
3,2020-12-16,2525,2867,2525,2867,0,0,0,0,2525,2867,0.000353,0,0,0.0,2525,2867,0.000353,8129050
3,2020-12-17,7936,10803,7936,10803,0,0,0,0,7937,10804,0.001329,0,0,0.0,7937,10804,0.001329,8129050
3,2020-12-18,13576,24379,13555,24358,21,21,0,0,13570,24374,0.002998,0,0,0.0,13570,24374,0.002998,8129050
3,2020-12-19,7280,31659,7268,31626,12,33,0,0,7337,31709,0.003901,2,2,0.0,7337,31711,0.003901,8129050
3,2020-12-20,5692,37351,5679,37305,13,46,0,0,5740,37448,0.004607,1,3,0.0,5740,37451,0.004607,8129050
3,2020-12-21,14485,51836,14457,51762,28,74,0,0,14549,51996,0.006396,1,4,0.0,14549,52000,0.006397,8129050
3,2020-12-22,15005,66841,14393,66155,612,686,0,0,15040,67032,0.008246,4,8,1e-06,15040,67040,0.008247,8129050
3,2020-12-23,15012,81853,12355,78510,2657,3343,0,0,15034,82065,0.010095,2,10,1e-06,15035,82075,0.010097,8129050
3,2020-12-24,6842,88695,4892,83402,1950,5293,0,0,6839,88902,0.010936,2,12,1e-06,6839,88914,0.010938,8129050
3,2020-12-25,740,89435,678,84080,62,5355,0,0,737,89639,0.011027,0,12,1e-06,737,89651,0.011028,8129050
3,2020-12-26,4652,94087,3016,87096,1636,6991,0,0,4650,94289,0.011599,0,12,1e-06,4650,94301,0.0116,8129050
3,2020-12-27,3028,97115,1874,88970,1154,8145,0,0,3028,97317,0.011972,0,12,1e-06,3028,97329,0.011973,8129050
3,2020-12-28,13795,110910,8822,97792,4973,13118,0,0,13817,111132,0.013671,2,14,2e-06,13817,111146,0.013673,8129050
3,2020-12-29,15440,126350,8748,106540,6692,19810,0,0,15467,126597,0.015573,2,16,2e-06,15467,126613,0.015575,8129050
3,2020-12-30,18429,144779,10341,116881,8088,27898,0,0,18435,145031,0.017841,2,18,2e-06,18436,145049,0.017843,8129050
3,2020-12-31,8531,153310,3262,120143,5269,33167,0,0,8531,153560,0.01889,2,20,2e-06,8531,153580,0.018893,8129050
3,2021-01-01,1895,155205,909,121052,986,34153,0,0,1890,155449,0.019123,1,21,3e-06,1890,155470,0.019125,8129050
3,2021-01-02,4994,160199,2456,123508,2538,36691,0,0,4993,160442,0.019737,0,21,3e-06,4993,160463,0.019739,8129050
3,2021-01-03,1640,161839,863,124371,777,37468,0,0,1631,162071,0.019937,2,23,3e-06,1631,162094,0.01994,8129050
3,2021-01-04,12181,174020,6051,130422,6130,43598,0,0,12151,174213,0.021431,9,32,4e-06,12151,174245,0.021435,8129050
3,2021-01-05,15935,189955,8278,138700,7657,51255,0,0,14221,186773,0.022976,1695,1727,0.000212,14255,188500,0.023188,8129050
3,2021-01-06,20776,210731,11023,149723,9753,61008,0,0,16138,198332,0.024398,4590,6317,0.000777,16149,204649,0.025175,8129050
3,2021-01-07,26854,237585,15367,165090,11487,72495,0,0,17281,206101,0.025354,9534,15851,0.00195,17303,221952,0.027304,8129050
3,2021-01-08,30893,268478,18867,183957,12026,84521,0,0,18270,211801,0.026055,12599,28450,0.0035,18299,240251,0.029555,8129050
3,2021-01-09,12569,281047,7104,191061,5465,89986,0,0,8005,215260,0.02648,4556,33006,0.00406,8015,248266,0.030541,8129050
3,2021-01-10,7278,288325,4512,195573,2766,92752,0,0,4102,216196,0.026595,3174,36180,0.004451,4110,252376,0.031046,8129050
3,2021-01-11,29404,317729,19263,214836,10141,102893,0,0,16625,220105,0.027076,12766,48946,0.006021,16675,269051,0.033097,8129050
3,2021-01-12,32922,350651,19637,234473,13285,116178,0,0,20144,227643,0.028004,12759,61705,0.007591,20297,289348,0.035594,8129050
3,2021-01-13,34889,385540,18232,252705,16657,132835,0,0,24568,241926,0.029761,10316,72021,0.00886,24599,313947,0.03862,8129050
3,2021-01-14,35025,420565,14313,267018,20712,153547,0,0,29060,265096,0.032611,5933,77954,0.00959,29103,343050,0.042201,8129050
3,2021-01-15,39338,459903,14597,281615,24741,178288,0,0,34601,295060,0.036297,4717,82671,0.01017,34681,377731,0.046467,8129050
3,2021-01-16,22045,481948,7522,289137,14523,192811,0,0,19653,312356,0.038425,2381,85052,0.010463,19677,397408,0.048887,8129050
3,2021-01-17,13206,495154,4493,293630,8713,201524,0,0,12109,323387,0.039782,1096,86148,0.010598,12127,409535,0.050379,8129050
3,2021-01-18,24992,520146,13065,306695,11927,213451,0,0,19298,337028,0.04146,5709,91857,0.0113,19350,428885,0.05276,8129050
3,2021-01-19,41581,561727,21206,327901,20375,233826,0,0,32167,359901,0.044273,9385,101242,0.012454,32258,461143,0.056728,8129050
3,2021-01-20,46557,608284,23176,351077,23381,257207,0,0,36821,387122,0.047622,9687,110929,0.013646,36908,498051,0.061268,8129050
3,2021-01-21,48579,656863,21101,372178,27478,284685,0,0,42918,424548,0.052226,5579,116508,0.014332,43005,541056,0.066558,8129050
3,2021-01-22,50176,707039,20005,392183,30171,314856,0,0,45871,466193,0.057349,4302,120810,0.014862,45947,587003,0.072211,8129050
3,2021-01-23,30658,737697,12884,405067,17774,332630,0,0,27324,490256,0.060309,3323,124133,0.01527,27386,614389,0.075579,8129050
3,2021-01-24,18085,755782,8539,413606,9546,342176,0,0,16884,505976,0.062243,1197,125330,0.015418,16917,631306,0.07766,8129050
3,2021-01-25,41285,797067,18399,432005,22886,365062,0,0,31132,527073,0.064838,10130,135460,0.016664,31227,662533,0.081502,8129050
3,2021-01-26,47726,844793,22799,454804,24927,389989,0,0,37364,554201,0.068175,10348,145808,0.017937,37476,700009,0.086112,8129050
3,2021-01-27,52028,896821,24764,479568,27264,417253,0,0,41172,584676,0.071924,10784,156592,0.019263,41259,741268,0.091188,8129050
3,2021-01-28,52685,949506,24430,503998,28255,445508,0,0,43568,619282,0.076181,9023,165615,0.020373,43629,784897,0.096555,8129050
3,2021-01-29,51665,1001171,24708,528706,26957,472465,0,0,41739,651346,0.080126,9728,175343,0.02157,41792,826689,0.101696,8129050
3,2021-01-30,37836,1039007,17818,546524,20018,492483,0,0,33070,679798,0.083626,4712,180055,0.02215,33164,859853,0.105775,8129050
3,2021-01-31,22912,1061919,12884,559408,10028,502511,0,0,21461,699853,0.086093,1432,181487,0.022326,21487,881340,0.108419,8129050
3,2021-02-01,46655,1108574,21352,580760,25303,527814,0,0,35531,724368,0.089109,11059,192546,0.023686,35574,916914,0.112795,8129050
3,2021-02-02,55027,1163601,22955,603715,32072,559886,0,0,42404,754305,0.092791,12521,205067,0.025226,42458,959372,0.118018,8129050
3,2021-02-03,60573,1224174,26928,630643,33645,593531,0,0,44962,783897,0.096432,15447,220514,0.027127,45039,1004411,0.123558,8129050
3,2021-02-04,65017,1289191,28146,658789,36871,630402,0,0,47537,814297,0.100171,17265,237779,0.029251,47665,1052076,0.129422,8129050
3,2021-02-05,71271,1360462,30029,688818,41242,671644,0,0,49182,841873,0.103564,21828,259607,0.031936,49404,1101480,0.135499,8129050
3,2021-02-06,44039,1404501,21065,709883,22974,694618,0,0,34283,866647,0.106611,9708,269315,0.03313,34482,1135962,0.139741,8129050
3,2021-02-07,19921,1424422,12680,722563,7241,701859,0,0,15290,877455,0.107941,4612,273927,0.033697,15420,1151382,0.141638,8129050
3,2021-02-08,51983,1476405,25100,747663,26883,728742,0,0,34017,893851,0.109958,17825,291752,0.03589,34221,1185603,0.145848,8129050
3,2021-02-09,59293,1535698,28772,776435,30521,759263,0,0,34597,904324,0.111246,24483,316235,0.038902,34956,1220559,0.150148,8129050
3,2021-02-10,68910,1604608,32070,808505,36840,796103,0,0,36869,909988,0.111943,31735,347970,0.042806,37399,1257958,0.154748,8129050
3,2021-02-11,71447,1676055,35116,843621,36331,832434,0,0,37832,915168,0.11258,33210,381180,0.046891,38390,1296348,0.159471,8129050
3,2021-02-12,76404,1752459,32902,876523,43502,875936,0,0,42081,924059,0.113674,33971,415151,0.05107,42862,1339210,0.164744,8129050
3,2021-02-13,45560,1798019,20621,897144,24939,900875,0,0,26081,931379,0.114574,19357,434508,0.053451,26677,1365887,0.168025,8129050
3,2021-02-14,27605,1825624,13763,910907,13842,914717,0,0,15302,934919,0.11501,12233,446741,0.054956,15773,1381660,0.169966,8129050
3,2021-02-15,40574,1866198,17479,928386,23095,937812,0,0,22363,940150,0.115653,18092,464833,0.057182,23323,1404983,0.172835,8129050
3,2021-02-16,70976,1937174,33588,961974,37388,975200,0,0,36716,943829,0.116106,34092,498925,0.061376,37771,1442754,0.177481,8129050
3,2021-02-17,72729,2009903,36735,998709,35994,1011194,0,0,34344,941132,0.115774,38116,537041,0.066064,35419,1478173,0.181838,8129050
3,2021-02-18,77914,2087817,40692,1039401,37222,1048416,0,0,35893,936577,0.115214,41803,578844,0.071207,37248,1515421,0.18642,8129050
3,2021-02-19,69983,2157800,40307,1079708,29676,1078092,0,0,35254,937964,0.115384,34549,613393,0.075457,35936,1551357,0.190841,8129050
3,2021-02-20,43547,2201347,27458,1107166,16089,1094181,0,0,22640,940363,0.115679,20781,634174,0.078013,23180,1574537,0.193693,8129050
3,2021-02-21,24518,2225865,19684,1126850,4834,1099015,0,0,11787,939953,0.115629,12620,646794,0.079566,12210,1586747,0.195195,8129050
3,2021-02-22,48000,2273865,31247,1158097,16753,1115768,0,0,22427,937472,0.115324,25414,672208,0.082692,22933,1609680,0.198016,8129050
3,2021-02-23,64182,2338047,34835,1192932,29347,1145115,0,0,27899,931361,0.114572,36031,708239,0.087124,29920,1639600,0.201696,8129050
3,2021-02-24,80371,2418418,39509,1232441,40862,1185977,0,0,35320,924461,0.113723,44774,753013,0.092632,37874,1677474,0.206355,8129050
3,2021-02-25,90092,2508510,43891,1276332,46201,1232178,0,0,44682,926692,0.113998,45083,798096,0.098178,47314,1724788,0.212176,8129050
3,2021-02-26,101139,2609649,46239,1322571,54900,1287078,0,0,53142,934522,0.114961,47548,845644,0.104027,55378,1780166,0.218988,8129050
3,2021-02-27,71699,2681348,32925,1355496,38770,1325848,4,4,37581,939575,0.115582,33865,879509,0.108193,38918,1819084,0.223776,8129050
3,2021-02-28,41839,2723187,24172,1379668,17662,1343510,5,9,21151,941231,0.115786,20477,899986,0.110712,22133,1841217,0.226498,8129050
3,2021-03-01,70874,2794061,37544,1417212,33272,1376782,58,67,39337,950751,0.116957,31258,931244,0.114558,40778,1881995,0.231515,8129050
3,2021-03-02,82273,2876334,40551,1457763,41707,1418489,15,82,47368,965556,0.118778,34720,965964,0.118829,49525,1931520,0.237607,8129050
3,2021-03-03,92266,2968600,44146,1501909,48082,1466571,38,120,51449,978802,0.120408,40555,1006519,0.123818,53801,1985321,0.244225,8129050
3,2021-03-04,96664,3065264,47279,1549188,49360,1515931,25,145,54611,993983,0.122275,41778,1048297,0.128957,56959,2042280,0.251232,8129050
3,2021-03-05,93059,3158323,45444,1594632,47312,1563243,303,448,56126,1016050,0.12499,36627,1084924,0.133463,58694,2100974,0.258453,8129050
3,2021-03-06,66522,3224845,33715,1628347,30635,1593878,2172,2620,37868,1029064,0.126591,28485,1113409,0.136967,41499,2142473,0.263558,8129050
3,2021-03-07,39550,3264395,22809,1651156,14818,1608696,1923,4543,22219,1037117,0.127582,17245,1130654,0.139088,25298,2167771,0.26667,8129050
3,2021-03-08,60743,3325138,28906,1680062,28804,1637500,3033,7576,38359,1057826,0.130129,22205,1152859,0.14182,42914,2210685,0.271949,8129050
3,2021-03-09,78067,3403205,36028,1716090,37535,1675035,4504,12080,41889,1069343,0.131546,35998,1188857,0.146248,47515,2258200,0.277794,8129050
3,2021-03-10,84181,3487386,41863,1757953,36148,1711183,6170,18250,43906,1080747,0.132949,40028,1228885,0.151172,51432,2309632,0.284121,8129050
3,2021-03-11,98407,3585793,48142,1806095,41574,1752757,8691,26941,48087,1088539,0.133907,50012,1278897,0.157324,57804,2367436,0.291232,8129050
3,2021-03-12,103145,3688938,46074,1852169,45137,1797894,11934,38875,47008,1092658,0.134414,55857,1334754,0.164196,59976,2427412,0.29861,8129050
3,2021-03-13,71064,3760002,29939,1882108,33816,1831710,7309,46184,37485,1105323,0.135972,33420,1368174,0.168307,46085,2473497,0.304279,8129050
3,2021-03-14,41617,3801619,21733,1903841,16305,1848015,3579,49763,20956,1109906,0.136536,20559,1388733,0.170836,25142,2498639,0.307372,8129050
3,2021-03-15,76443,3878062,36256,1940097,35589,1883604,4598,54361,40222,1119728,0.137744,35956,1424689,0.175259,45778,2544417,0.313003,8129050
3,2021-03-16,95919,3973981,44242,1984339,47290,1930894,4387,58748,53799,1136955,0.139863,41838,1466527,0.180406,59065,2603482,0.320269,8129050
3,2021-03-17,99281,4073262,48210,2032549,46480,1977374,4591,63339,60157,1163473,0.143125,38852,1505379,0.185185,65370,2668852,0.32831,8129050
3,2021-03-18,104608,4177870,53144,2085693,46864,2024238,4600,67939,59798,1183900,0.145638,44487,1549866,0.190658,64914,2733766,0.336296,8129050
3,2021-03-19,104190,4282060,55904,2141597,43781,2068019,4505,72444,57864,1200771,0.147714,46012,1595878,0.196318,62883,2796649,0.344031,8129050
3,2021-03-20,72595,4354655,37407,2179004,31456,2099475,3732,76176,44562,1221723,0.150291,27802,1623680,0.199738,48754,2845403,0.350029,8129050
3,2021-03-21,36641,4391296,24870,2203874,10243,2109718,1528,77704,21991,1231192,0.151456,14522,1638202,0.201524,23991,2869394,0.35298,8129050
3,2021-03-22,71195,4462491,41838,2245712,26812,2136530,2545,80249,45167,1254158,0.154281,25750,1663952,0.204692,48716,2918110,0.358973,8129050
3,2021-03-23,90674,4553165,50152,2295864,37933,2174463,2589,82838,55143,1277356,0.157135,35226,1699178,0.209025,58424,2976534,0.36616,8129050
3,2021-03-24,99664,4652829,57356,2353220,39345,2213808,2963,85801,56234,1294117,0.159197,43029,1742207,0.214319,59790,3036324,0.373515,8129050
3,2021-03-25,108389,4761218,60189,2413409,45155,2258963,3045,88846,60548,1310889,0.16126,47450,1789657,0.220156,64222,3100546,0.381416,8129050
3,2021-03-26,111787,4873005,59955,2473364,48446,2307409,3386,92232,57110,1317917,0.162124,54294,1843951,0.226835,61322,3161868,0.388959,8129050
3,2021-03-27,75301,4948306,38285,2511649,34454,2341863,2562,94794,36176,1318451,0.16219,38864,1882815,0.231616,39398,3201266,0.393806,8129050
3,2021-03-28,44784,4993090,28230,2539879,15732,2357595,822,95616,22444,1320161,0.1624,22205,1905020,0.234347,23915,3225181,0.396748,8129050
3,2021-03-29,81618,5074708,42623,2582502,37127,2394722,1868,97484,44270,1330086,0.163621,37063,1942083,0.238907,46988,3272169,0.402528,8129050
3,2021-03-30,101274,5175982,49781,2632283,47774,2442496,3719,101203,56264,1345938,0.165571,44722,1986805,0.244408,60574,3332743,0.409979,8129050
3,2021-03-31,105937,5281919,57127,2689410,43911,2486407,4899,106102,56226,1357948,0.167049,49425,2036230,0.250488,61435,3394178,0.417537,8129050
3,2021-04-01,125029,5406948,63176,2752586,51978,2538385,9875,115977,66978,1377452,0.169448,57563,2093793,0.257569,77067,3471245,0.427017,8129050
3,2021-04-02,118879,5525827,57991,2810577,50429,2588814,10459,126436,62256,1394270,0.171517,56287,2150080,0.264493,73105,3544350,0.43601,8129050
3,2021-04-03,76619,5602446,39200,2849777,28120,2616934,9299,135735,38042,1403479,0.17265,38396,2188476,0.269217,47605,3591955,0.441867,8129050
3,2021-04-04,32652,5635098,17456,2867233,10943,2627877,4253,139988,14243,1403640,0.17267,18315,2206791,0.27147,18476,3610431,0.444139,8129050
3,2021-04-05,90400,5725498,45877,2913110,35174,2663051,9349,149337,43744,1411097,0.173587,46400,2253191,0.277178,53857,3664288,0.450765,8129050
3,2021-04-06,114352,5839850,55649,2968759,43380,2706431,15323,164660,53510,1420032,0.174686,60532,2313723,0.284624,69467,3733755,0.45931,8129050
3,2021-04-07,117168,5957018,60617,3029376,40144,2746575,16407,181067,56334,1432466,0.176216,60534,2374257,0.292071,72968,3806723,0.468286,8129050
3,2021-04-08,122240,6079258,60836,3090212,41082,2787657,20322,201389,56508,1444597,0.177708,65387,2439644,0.300114,77518,3884241,0.477822,8129050
3,2021-04-09,119392,6198650,59424,3149636,40652,2828309,19316,220705,52257,1450122,0.178388,66847,2506491,0.308338,72372,3956613,0.486725,8129050
3,2021-04-10,84954,6283604,38123,3187759,31441,2859750,15390,236095,34517,1450556,0.178441,50217,2556708,0.314515,50651,4007264,0.492956,8129050
3,2021-04-11,45553,6329157,24378,3212137,13079,2872829,8096,244191,17271,1448541,0.178193,28172,2584880,0.317981,26157,4033421,0.496174,8129050
3,2021-04-12,84620,6413777,42727,3254864,32986,2905815,8907,253098,38103,1450368,0.178418,46236,2631116,0.323668,48063,4081484,0.502086,8129050
3,2021-04-13,106158,6519935,57473,3312337,48472,2954287,213,253311,55739,1457066,0.179242,50143,2681259,0.329837,56841,4138325,0.509079,8129050
3,2021-04-14,108377,6628312,59263,3371600,49004,3003291,110,253421,53747,1458070,0.179365,54296,2735555,0.336516,55300,4193625,0.515881,8129050
3,2021-04-15,120082,6748394,67548,3439148,52448,3055739,86,253507,63833,1466936,0.180456,55874,2791429,0.343389,64740,4258365,0.523845,8129050
3,2021-04-16,116261,6864655,65200,3504348,50963,3106702,98,253605,60436,1472657,0.18116,55483,2846912,0.350215,61204,4319569,0.531374,8129050
3,2021-04-17,79952,6944607,43584,3547932,36352,3143054,16,253621,44371,1482692,0.182394,35329,2882241,0.354561,45364,4364933,0.536955,8129050
3,2021-04-18,39098,6983705,23639,3571571,15449,3158503,10,253631,18271,1481171,0.182207,20685,2902926,0.357105,19164,4384097,0.539312,8129050
3,2021-04-19,79644,7063349,44306,3615877,35278,3193781,60,253691,35675,1473693,0.181287,43732,2946658,0.362485,36254,4420351,0.543772,8129050
3,2021-04-20,101338,7164687,53350,3669227,47966,3241747,22,253713,48759,1471248,0.180986,52270,2998928,0.368915,49825,4470176,0.549901,8129050
3,2021-04-21,106581,7271268,59837,3729064,46661,3288408,83,253796,50125,1466519,0.180405,56031,3054959,0.375808,51302,4521478,0.556212,8129050
3,2021-04-22,112713,7383981,63347,3792411,49336,3337744,30,253826,48257,1451713,0.178583,64054,3119013,0.383687,49248,4570726,0.562271,8129050
3,2021-04-23,107013,7490994,61231,3853642,45750,3383494,32,253858,46712,1439569,0.177089,59910,3178923,0.391057,47766,4618492,0.568147,8129050
3,2021-04-24,74460,7565454,45940,3899582,28446,3411940,74,253932,36169,1438834,0.176999,37989,3216912,0.39573,37254,4655746,0.572729,8129050
3,2021-04-25,37183,7602637,23725,3923307,13440,3425380,18,253950,18927,1440099,0.177155,18084,3234996,0.397955,19349,4675095,0.57511,8129050
3,2021-04-26,74506,7677143,42114,3965421,31973,3457353,419,254369,31676,1431022,0.176038,42525,3277521,0.403186,33448,4708543,0.579224,8129050
3,2021-04-27,91741,7768884,48166,4013587,41812,3499165,1763,256132,36254,1414665,0.174026,55151,3332672,0.409971,38794,4747337,0.583997,8129050
3,2021-04-28,87545,7856429,49738,4063325,35651,3534816,2156,258288,35625,1401401,0.172394,51592,3384264,0.416317,38328,4785665,0.588711,8129050
3,2021-04-29,89847,7946276,51337,4114662,36271,3571087,2239,260527,31975,1378608,0.16959,57495,3441759,0.42339,34702,4820367,0.59298,8129050
3,2021-04-30,91407,8037683,51588,4166250,37324,3608411,2495,263022,33949,1358463,0.167112,57054,3498813,0.430409,36909,4857276,0.597521,8129050
3,2021-05-01,56043,8093726,35107,4201357,19442,3627853,1494,264516,20178,1345081,0.165466,35546,3534359,0.434781,22164,4879440,0.600247,8129050
3,2021-05-02,27155,8120881,18538,4219895,7592,3635445,1025,265541,9942,1339054,0.164725,17094,3551453,0.436884,11067,4890507,0.601609,8129050
3,2021-05-03,60222,8181103,35369,4255264,22469,3657914,2384,267925,17512,1316676,0.161972,42455,3593908,0.442107,20077,4910584,0.604078,8129050
3,2021-05-04,78086,8259189,45145,4300409,30245,3688159,2696,270621,22626,1287128,0.158337,55140,3649048,0.44889,25592,4936176,0.607227,8129050
3,2021-05-05,79631,8338820,47807,4348216,29098,3717257,2726,273347,21974,1254840,0.154365,57286,3706334,0.455937,24998,4961174,0.610302,8129050
3,2021-05-06,83945,8422765,53119,4401335,28278,3745535,2548,275895,20653,1215803,0.149563,62779,3769113,0.46366,23742,4984916,0.613222,8129050
3,2021-05-07,82959,8505724,51686,4453021,28620,3774155,2653,278548,21881,1179945,0.145152,60691,3829804,0.471126,24833,5009749,0.616277,8129050
3,2021-05-08,53013,8558737,32866,4485887,18414,3792569,1733,280281,14008,1157235,0.142358,38717,3868521,0.475888,16007,5025756,0.618246,8129050
3,2021-05-09,21095,8579832,15422,4501309,4878,3797447,795,281076,5486,1148079,0.141232,15505,3884026,0.477796,6349,5032105,0.619027,8129050
3,2021-05-10,48468,8628300,26092,4527401,20455,3817902,1921,282997,11211,1124430,0.138322,37035,3921061,0.482352,13386,5045491,0.620674,8129050
3,2021-05-11,64561,8692861,36224,4563625,26103,3844005,2234,285231,16212,1095266,0.134735,48077,3969138,0.488266,18913,5064404,0.623001,8129050
3,2021-05-12,65284,8758145,37518,4601143,25348,3869353,2418,287649,16643,1066300,0.131172,48347,4017485,0.494213,19381,5083785,0.625385,8129050
3,2021-05-13,75918,8834063,47845,4648988,26143,3895496,1930,289579,27666,1048543,0.128987,47979,4065464,0.500116,30222,5114007,0.629103,8129050
3,2021-05-14,80867,8914930,51052,4700040,27654,3923150,2161,291740,31286,1033329,0.127116,49262,4114726,0.506176,34048,5148055,0.633291,8129050
3,2021-05-15,62546,8977476,43126,4743166,18190,3941340,1230,292970,25836,1024150,0.125986,36479,4151205,0.510663,27300,5175355,0.636649,8129050
3,2021-05-16,33338,9010814,24935,4768101,7711,3949051,692,293662,13454,1018635,0.125308,19755,4170960,0.513093,14240,5189595,0.638401,8129050
3,2021-05-17,57262,9068076,36455,4804556,18945,3967996,1862,295524,21079,1005892,0.12374,35893,4206853,0.517509,23150,5212745,0.641249,8129050
3,2021-05-18,64825,9132901,38260,4842816,24685,3992681,1880,297404,24340,992311,0.12207,40195,4247048,0.522453,26614,5239359,0.644523,8129050
3,2021-05-19,64297,9197198,39073,4881889,23458,4016139,1766,299170,24861,980051,0.120562,39168,4286216,0.527271,26908,5266267,0.647833,8129050
3,2021-05-20,62157,9259355,36368,4918257,23927,4040066,1862,301032,22291,964982,0.118708,39562,4325778,0.532138,24493,5290760,0.650846,8129050
3,2021-05-21,66517,9325872,40432,4958689,23968,4064034,2117,303149,23761,948762,0.116713,42407,4368185,0.537355,26187,5316947,0.654067,8129050
3,2021-05-22,46031,9371903,30513,4989202,14042,4078076,1476,304625,19147,942995,0.116003,26646,4394831,0.540633,20879,5337826,0.656636,8129050
3,2021-05-23,21835,9393738,15104,5004306,6076,4084152,655,305280,9231,940486,0.115694,12508,4407339,0.542171,9999,5347825,0.657866,8129050
3,2021-05-24,39907,9433645,23357,5027663,14776,4098928,1774,307054,14793,932349,0.114693,24903,4432242,0.545235,16766,5364591,0.659928,8129050
3,2021-05-25,43143,9476788,24281,5051944,17166,4116094,1696,308750,15305,922043,0.113426,27539,4459781,0.548623,17233,5381824,0.662048,8129050
3,2021-05-26,42736,9519524,24457,5076401,16533,4132627,1746,310496,16008,913515,0.112377,26419,4486200,0.551873,17891,5399715,0.664249,8129050
3,2021-05-27,39672,9559196,22247,5098648,15664,4148291,1761,312257,15514,907066,0.111583,23975,4510175,0.554822,17526,5417241,0.666405,8129050
3,2021-05-28,43256,9602452,24462,5123110,16982,4165273,1812,314069,18000,902165,0.11098,25034,4535209,0.557901,20133,5437374,0.668882,8129050
3,2021-05-29,23631,9626083,14443,5137553,8347,4173620,841,314910,11008,901676,0.11092,12472,4547681,0.559436,11983,5449357,0.670356,8129050
3,2021-05-30,10666,9636749,6915,5144468,3114,4176734,637,315547,4477,900727,0.110803,6107,4553788,0.560187,5158,5454515,0.67099,8129050
3,2021-05-31,4704,9641453,2726,5147194,1711,4178445,267,315814,1472,899320,0.11063,3175,4556963,0.560578,1768,5456283,0.671208,8129050
3,2021-06-01,38067,9679520,21912,5169106,14695,4193140,1460,317274,13313,889793,0.109458,24492,4581455,0.56359,14965,5471248,0.673049,8129050
3,2021-06-02,31780,9711300,18304,5187410,12052,4205192,1424,318698,11761,883318,0.108662,19802,4601257,0.566026,13327,5484575,0.674688,8129050
3,2021-06-03,39921,9751221,27313,5214723,11164,4216356,1444,320142,11532,868331,0.106818,28203,4629460,0.569496,13216,5497791,0.676314,8129050
3,2021-06-04,46622,9797843,32985,5247708,12083,4228439,1554,321696,13292,850531,0.104629,33067,4662527,0.573564,15267,5513058,0.678192,8129050
3,2021-06-05,34548,9832391,26047,5273755,7311,4235750,1190,322886,8760,835106,0.102731,25574,4688101,0.57671,10149,5523207,0.679441,8129050
3,2021-06-06,14698,9847089,12266,5286021,1845,4237595,587,323473,3702,828632,0.101935,10931,4699032,0.578054,4457,5527664,0.679989,8129050
3,2021-06-07,30665,9877754,22287,5308308,7090,4244685,1288,324761,8883,817303,0.100541,21618,4720650,0.580714,10289,5537953,0.681255,8129050
3,2021-06-08,34450,9912204,24718,5333026,8433,4253118,1299,326060,9952,804501,0.098966,24280,4744930,0.5837,11478,5549431,0.682667,8129050
3,2021-06-09,33098,9945302,24002,5357028,7786,4260904,1310,327370,8882,790831,0.097285,24028,4768958,0.586656,10358,5559789,0.683941,8129050
3,2021-06-10,32632,9977934,23531,5380559,7563,4268467,1538,328908,8978,778058,0.095713,23490,4792448,0.589546,10717,5570506,0.685259,8129050
3,2021-06-11,35844,10013778,25351,5405910,9112,4277579,1381,330289,10657,765293,0.094143,24980,4817428,0.592619,12215,5582721,0.686762,8129050
3,2021-06-12,25414,10039192,19167,5425077,5348,4282927,899,331188,6730,754526,0.092818,18560,4835988,0.594902,7793,5590514,0.68772,8129050
3,2021-06-13,10215,10049407,7653,5432730,2070,4284997,492,331680,2390,749712,0.092226,7771,4843759,0.595858,2957,5593471,0.688084,8129050
3,2021-06-14,26027,10075434,18671,5451401,5919,4290916,1437,333117,8148,741702,0.091241,17739,4861498,0.59804,9729,5603200,0.689281,8129050
3,2021-06-15,29030,10104464,19655,5471056,7849,4298765,1526,334643,9764,734140,0.090311,19022,4880520,0.60038,11460,5614660,0.690691,8129050
3,2021-06-16,26154,10130618,18593,5489649,6132,4304897,1429,336072,8849,727452,0.089488,17117,4897637,0.602486,10429,5625089,0.691974,8129050
3,2021-06-17,25007,10155625,17905,5507554,5800,4310697,1302,337374,8684,721420,0.088746,16158,4913795,0.604473,10126,5635215,0.693219,8129050
3,2021-06-18,28071,10183696,19817,5527371,6680,4317377,1574,338948,9801,714926,0.087947,18036,4931831,0.606692,11542,5646757,0.694639,8129050
3,2021-06-19,16051,10199747,11790,5539161,3400,4320777,861,339809,5739,711453,0.08752,10182,4942013,0.607945,6709,5653466,0.695465,8129050
3,2021-06-20,6894,10206641,5170,5544331,1422,4322199,302,340111,2611,710195,0.087365,4224,4946237,0.608464,2966,5656432,0.695829,8129050
3,2021-06-21,16271,10222912,10263,5554594,4600,4326799,1408,341519,8092,711732,0.087554,8084,4954321,0.609459,9621,5666053,0.697013,8129050
3,2021-06-22,22130,10245042,15509,5570103,5320,4332119,1301,342820,8263,707716,0.08706,13734,4968055,0.611148,9718,5675771,0.698208,8129050
3,2021-06-23,20315,10265357,14220,5584323,4749,4336868,1346,344166,8022,705050,0.086732,12172,4980227,0.612646,9506,5685277,0.699378,8129050
3,2021-06-24,20019,10285376,13930,5598253,4630,4341498,1459,345625,7812,702405,0.086407,12023,4992250,0.614125,9378,5694655,0.700531,8129050
3,2021-06-25,23401,10308777,16604,5614857,5372,4346870,1425,347050,9136,698969,0.085984,14125,5006375,0.615862,10689,5705344,0.701846,8129050
3,2021-06-26,14061,10322838,10445,5625302,2841,4349711,775,347825,5870,697689,0.085827,8083,5014458,0.616857,6803,5712147,0.702683,8129050
3,2021-06-27,6761,10329599,5239,5630541,1214,4350925,308,348133,2893,697104,0.085755,3821,5018279,0.617327,3236,5715383,0.703081,8129050
3,2021-06-28,16136,10345735,12417,5642958,2634,4353559,1085,349218,6796,695902,0.085607,9190,5027469,0.618457,7988,5723371,0.704064,8129050
3,2021-06-29,18181,10363916,12811,5655769,4357,4357916,1013,350231,7462,693939,0.085365,10570,5038039,0.619757,8607,5731978,0.705123,8129050
3,2021-06-30,17190,10381106,12187,5667956,3957,4361873,1046,351277,7430,692970,0.085246,9593,5047632,0.620938,8624,5740602,0.706184,8129050
3,2021-07-01,16476,10397582,11748,5679704,3650,4365523,1078,352355,6959,691730,0.085094,9377,5057009,0.622091,8137,5748739,0.707185,8129050
3,2021-07-02,18605,10416187,13230,5692934,4270,4369793,1105,353460,7963,690373,0.084927,10520,5067529,0.623385,9163,5757902,0.708312,8129050
3,2021-07-03,10172,10426359,7355,5700289,2376,4372169,441,353901,4368,689559,0.084827,5725,5073254,0.624089,4911,5762813,0.708916,8129050
3,2021-07-04,732,10427091,430,5700719,215,4372384,87,353988,283,689505,0.08482,440,5073694,0.624144,386,5763199,0.708963,8129050
3,2021-07-05,9580,10436671,7012,5707731,2145,4374529,423,354411,4328,689139,0.084775,5180,5078874,0.624781,4814,5768013,0.709556,8129050
3,2021-07-06,19221,10455892,13934,5721665,4160,4378689,1127,355538,6954,685259,0.084298,12084,5090958,0.626267,8204,5776217,0.710565,8129050
3,2021-07-07,15802,10471694,11215,5732880,3464,4382153,1123,356661,6363,683553,0.084088,9299,5100257,0.627411,7593,5783810,0.711499,8129050
3,2021-07-08,15393,10487087,11128,5744008,3265,4385418,1000,357661,6216,681833,0.083876,9025,5109282,0.628521,7305,5791115,0.712398,8129050
3,2021-07-09,17690,10504777,12340,5756348,4128,4389546,1222,358883,7325,680263,0.083683,10227,5119509,0.629779,8657,5799772,0.713462,8129050
3,2021-07-10,10906,10515683,8034,5764382,2204,4391750,668,359551,4629,679444,0.083582,6206,5125715,0.630543,5387,5805159,0.714125,8129050
3,2021-07-11,5132,10520815,3800,5768182,1057,4392807,275,359826,2315,679287,0.083563,2767,5128482,0.630883,2610,5807769,0.714446,8129050
3,2021-07-12,14361,10535176,10480,5778662,2877,4395684,1004,360830,5741,677560,0.08335,8540,5137022,0.631934,6813,5814582,0.715284,8129050
3,2021-07-13,15193,10550369,10733,5789395,3547,4399231,913,361743,6678,676819,0.083259,8413,5145435,0.632969,7672,5822254,0.716228,8129050
3,2021-07-14,14475,10564844,10280,5799675,3274,4402505,921,362664,6474,676374,0.083205,7900,5153335,0.633941,7455,5829709,0.717145,8129050
3,2021-07-15,14763,10579607,10672,5810347,3249,4405754,842,363506,6756,676140,0.083176,7905,5161240,0.634913,7671,5837380,0.718089,8129050
3,2021-07-16,17804,10597411,12800,5823147,4108,4409862,896,364402,8504,676421,0.08321,9190,5170430,0.636044,9471,5846851,0.719254,8129050
3,2021-07-17,11300,10608711,8277,5831424,2490,4412352,533,364935,5378,676550,0.083226,5848,5176278,0.636763,5977,5852828,0.719989,8129050
3,2021-07-18,5756,10614467,4348,5835772,1157,4413509,251,365186,2829,676773,0.083254,2883,5179161,0.637118,3106,5855934,0.720371,8129050
3,2021-07-19,14916,10629383,10915,5846687,3121,4416630,880,366066,7314,677540,0.083348,7500,5186661,0.63804,8267,5864201,0.721388,8129050
3,2021-07-20,16554,10645937,11522,5858209,4129,4420759,903,366969,8509,679106,0.083541,7927,5194588,0.639015,9493,5873694,0.722556,8129050
3,2021-07-21,15988,10661925,11322,5869531,3798,4424557,868,367837,8037,680268,0.083684,7820,5202408,0.639977,8982,5882676,0.723661,8129050
3,2021-07-22,16358,10678283,11555,5881086,3838,4428395,965,368802,8483,682029,0.0839,7749,5210157,0.640931,9510,5892186,0.724831,8129050
3,2021-07-23,19286,10697569,13748,5894834,4524,4432919,1014,369816,10356,684705,0.084229,8782,5218939,0.642011,11458,5903644,0.72624,8129050
3,2021-07-24,11583,10709152,8341,5903175,2663,4435582,579,370395,6398,686615,0.084464,5104,5224043,0.642639,7014,5910658,0.727103,8129050
3,2021-07-25,5661,10714813,4243,5907418,1208,4436790,210,370605,4086,689436,0.084811,1525,5225568,0.642826,4346,5915004,0.727638,8129050
3,2021-07-26,15501,10730314,10786,5918204,3747,4440537,968,371573,9370,693817,0.08535,6018,5231586,0.643567,10399,5925403,0.728917,8129050
3,2021-07-27,17495,10747809,12369,5930573,4147,4444684,979,372552,10023,697553,0.08581,7339,5238925,0.64447,11075,5936478,0.730279,8129050
3,2021-07-28,17057,10764866,12203,5942776,3818,4448502,1036,373588,9845,701415,0.086285,7069,5245994,0.645339,10931,5947409,0.731624,8129050
3,2021-07-29,16865,10781731,12142,5954918,3690,4452192,1033,374621,9949,705731,0.086816,6739,5252733,0.646168,11055,5958464,0.732984,8129050
3,2021-07-30,19640,10801371,13861,5968779,4687,4456879,1092,375713,11395,710274,0.087375,8034,5260767,0.647156,12577,5971041,0.734531,8129050
3,2021-07-31,12226,10813597,8864,5977643,2706,4459585,656,376369,7121,713156,0.087729,4960,5265727,0.647767,7842,5978883,0.735496,8129050
3,2021-08-01,6506,10820103,4955,5982598,1291,4460876,260,376629,4205,715421,0.088008,2235,5267962,0.648042,4500,5983383,0.736049,8129050
3,2021-08-02,16601,10836704,12047,5994645,3622,4464498,932,377561,10318,720579,0.088642,6155,5274117,0.648799,11313,5994696,0.737441,8129050
3,2021-08-03,18460,10855164,13324,6007969,4024,4468522,1112,378673,10995,725452,0.089242,7286,5281403,0.649695,12159,6006855,0.738937,8129050
3,2021-08-04,17586,10872750,12632,6020601,3939,4472461,1015,379688,10476,730043,0.089807,6949,5288352,0.65055,11540,6018395,0.740356,8129050
3,2021-08-05,17973,10890723,12992,6033593,3826,4476287,1155,380843,10849,735157,0.090436,6959,5295311,0.651406,12073,6030468,0.741842,8129050
3,2021-08-06,21770,10912493,15773,6049366,4834,4481121,1163,382006,12865,740546,0.091099,8705,5304016,0.652477,14094,6044562,0.743575,8129050
3,2021-08-07,12797,10925290,9510,6058876,2655,4483776,632,382638,7486,743544,0.091468,5171,5309187,0.653113,8169,6052731,0.74458,8129050
3,2021-08-08,7579,10932869,5799,6064675,1538,4485314,242,382880,4674,745676,0.09173,2820,5312007,0.65346,4952,6057683,0.74519,8129050
3,2021-08-09,18362,10951231,13731,6078406,3535,4488849,1096,383976,10371,749387,0.092186,7829,5319836,0.654423,11540,6069223,0.746609,8129050
3,2021-08-10,18579,10969810,13596,6092002,3966,4492815,1017,384993,10468,752970,0.092627,7941,5327777,0.6554,11524,6080747,0.748027,8129050
3,2021-08-11,16579,10986389,11997,6103999,3544,4496359,1038,386031,9226,756139,0.093017,7150,5334927,0.656279,10319,6091066,0.749296,8129050
3,2021-08-12,18138,11004527,12791,6116790,4255,4500614,1092,387123,9956,759266,0.093402,7969,5342896,0.65726,11096,6102162,0.750661,8129050
3,2021-08-13,22633,11027160,16050,6132840,5404,4506018,1179,388302,12328,762978,0.093858,9865,5352761,0.658473,13577,6115739,0.752331,8129050
3,2021-08-14,14709,11041869,10356,6143196,3731,4509749,622,388924,7667,765202,0.094132,6117,5358878,0.659226,8341,6124080,0.753357,8129050
3,2021-08-15,8367,11050236,6073,6149269,2009,4511758,285,389209,4201,766336,0.094271,3379,5362257,0.659641,4513,6128593,0.753913,8129050
3,2021-08-16,20694,11070930,14264,6163533,5438,4517196,992,390201,9812,768290,0.094512,8937,5371194,0.660741,10891,6139484,0.755252,8129050
3,2021-08-17,21325,11092255,14493,6178026,5778,4522974,1054,391255,9796,769943,0.094715,9306,5380500,0.661885,10959,6150443,0.7566,8129050
3,2021-08-18,21142,11113397,14096,6192122,6035,4529009,1011,392266,9510,771525,0.09491,9029,5389529,0.662996,10611,6161054,0.757906,8129050
3,2021-08-19,21198,11134595,13992,6206114,6119,4535128,1087,393353,9215,772845,0.095072,9047,5398576,0.664109,10367,6171421,0.759181,8129050
3,2021-08-20,26660,11161255,17963,6224077,7561,4542689,1136,394489,11224,773470,0.095149,11834,5410410,0.665565,12459,6183880,0.760714,8129050
3,2021-08-21,15512,11176767,11183,6235260,3742,4546431,587,395076,6505,773476,0.09515,7157,5417567,0.666445,7163,6191043,0.761595,8129050
3,2021-08-22,8844,11185611,6316,6241576,2302,4548733,226,395302,3964,773936,0.095206,3780,5421347,0.66691,4240,6195283,0.762116,8129050
3,2021-08-23,22587,11208198,15803,6257379,5856,4554589,928,396230,9692,774872,0.095321,9863,5431210,0.668124,10799,6206082,0.763445,8129050
3,2021-08-24,22476,11230674,16194,6273573,5394,4559983,888,397118,9300,775020,0.09534,10169,5441379,0.669375,10317,6216399,0.764714,8129050
3,2021-08-25,21354,11252028,15225,6288798,5243,4565226,886,398004,8892,775367,0.095382,9555,5450934,0.67055,9902,6226301,0.765932,8129050
3,2021-08-26,21289,11273317,15001,6303799,5342,4570568,946,398950,8438,775298,0.095374,9572,5460506,0.671727,9503,6235804,0.767101,8129050
3,2021-08-27,15064,11288381,10392,6314191,3840,4574408,832,399782,5366,774308,0.095252,7270,5467776,0.672622,6280,6242084,0.767874,8129050
4,2020-12-15,473,473,473,473,0,0,0,0,473,473,5.9e-05,0,0,0.0,473,473,5.9e-05,8037679
4,2020-12-16,3102,3575,3102,3575,0,0,0,0,3102,3575,0.000445,0,0,0.0,3102,3575,0.000445,8037679
4,2020-12-17,9113,12688,9113,12688,0,0,0,0,9113,12688,0.001579,0,0,0.0,9113,12688,0.001579,8037679
4,2020-12-18,16381,29069,16368,29056,13,13,0,0,16380,29068,0.003616,0,0,0.0,16380,29068,0.003616,8037679
4,2020-12-19,10467,39536,10457,39513,10,23,0,0,10406,39474,0.004911,0,0,0.0,10406,39474,0.004911,8037679
4,2020-12-20,7510,47046,7495,47008,15,38,0,0,7465,46939,0.00584,0,0,0.0,7465,46939,0.00584,8037679
4,2020-12-21,16550,63596,16516,63524,34,72,0,0,16482,63420,0.00789,1,1,0.0,16482,63421,0.00789,8037679
4,2020-12-22,17332,80928,16562,80086,770,842,0,0,17288,80704,0.010041,4,5,1e-06,17288,80709,0.010041,8037679
4,2020-12-23,17293,98221,14483,94569,2810,3652,0,0,17264,97966,0.012188,2,7,1e-06,17264,97973,0.012189,8037679
4,2020-12-24,8674,106895,6015,100584,2659,6311,0,0,8672,106637,0.013267,1,8,1e-06,8672,106645,0.013268,8037679
4,2020-12-25,918,107813,813,101397,105,6416,0,0,917,107553,0.013381,1,9,1e-06,917,107562,0.013382,8037679
4,2020-12-26,6268,114081,3928,105325,2340,8756,0,0,6268,113821,0.014161,0,9,1e-06,6268,113830,0.014162,8037679
4,2020-12-27,3486,117567,2010,107335,1476,10232,0,0,3486,117307,0.014595,0,9,1e-06,3486,117316,0.014596,8037679
4,2020-12-28,15349,132916,9464,116799,5885,16117,0,0,15322,132626,0.016501,3,12,1e-06,15322,132638,0.016502,8037679
4,2020-12-29,15981,148897,8964,125763,7017,23134,0,0,15947,148572,0.018484,1,13,2e-06,15947,148585,0.018486,8037679
4,2020-12-30,19500,168397,11416,137179,8084,31218,0,0,19490,168060,0.020909,2,15,2e-06,19490,168075,0.020911,8037679
4,2020-12-31,8402,176799,3394,140573,5008,36226,0,0,8389,176440,0.021952,9,24,3e-06,8389,176464,0.021955,8037679
4,2021-01-01,1876,178675,863,141436,1013,37239,0,0,1869,178305,0.022184,4,28,3e-06,1869,178333,0.022187,8037679
4,2021-01-02,5805,184480,3273,144709,2532,39771,0,0,5803,184107,0.022905,1,29,4e-06,5803,184136,0.022909,8037679
4,2021-01-03,2178,186658,1282,145991,896,40667,0,0,2164,186268,0.023174,3,32,4e-06,2164,186300,0.023178,8037679
4,2021-01-04,13144,199802,7091,153082,6053,46720,0,0,13095,199336,0.0248,27,59,7e-06,13095,199395,0.024808,8037679
4,2021-01-05,17136,216938,10146,163228,6990,53710,0,0,14871,211989,0.026374,2236,2295,0.000286,14889,214284,0.02666,8037679
4,2021-01-06,21887,238825,13411,176639,8476,62186,0,0,15676,221519,0.02756,6164,8459,0.001052,15694,229978,0.028612,8037679
4,2021-01-07,28307,267132,17290,193929,11017,73203,0,0,16831,226962,0.028237,11413,19872,0.002472,16856,246834,0.03071,8037679
4,2021-01-08,33261,300393,21357,215286,11904,85107,0,0,18494,230782,0.028713,14702,34574,0.004301,18522,265356,0.033014,8037679
4,2021-01-09,16451,316844,9725,225011,6726,91833,0,0,9555,233467,0.029047,6885,41459,0.005158,9570,274926,0.034205,8037679
4,2021-01-10,8869,325713,5729,230740,3140,94973,0,0,4213,233048,0.028994,4642,46101,0.005736,4223,279149,0.03473,8037679
4,2021-01-11,33926,359639,22290,253030,11636,106609,0,0,19101,237405,0.029537,14796,60897,0.007576,19153,298302,0.037113,8037679
4,2021-01-12,38935,398574,22481,275511,16454,123063,0,0,24474,247526,0.030796,14404,75301,0.009369,24525,322827,0.040164,8037679
4,2021-01-13,39263,437837,19458,294969,19805,142868,0,0,27775,263901,0.032833,11429,86730,0.01079,27804,350631,0.043623,8037679
4,2021-01-14,39846,477683,15373,310342,24473,167341,0,0,32541,289222,0.035983,7254,93984,0.011693,32575,383206,0.047676,8037679
4,2021-01-15,45971,523654,16103,326445,29868,197209,0,0,40253,323860,0.040293,5641,99625,0.012395,40279,423485,0.052687,8037679
4,2021-01-16,29025,552679,9444,335889,19581,216790,0,0,25847,346579,0.043119,3145,102770,0.012786,25864,449349,0.055905,8037679
4,2021-01-17,19117,571796,6618,342507,12499,229289,0,0,17443,362383,0.045086,1651,104421,0.012991,17455,466804,0.058077,8037679
4,2021-01-18,29747,601543,13791,356298,15956,245245,0,0,23659,380082,0.047288,5994,110415,0.013737,23693,490497,0.061025,8037679
4,2021-01-19,46765,648308,23472,379770,23293,268538,0,0,36918,407287,0.050672,9788,120203,0.014955,36993,527490,0.065627,8037679
4,2021-01-20,53198,701506,28402,408172,24796,293334,0,0,42434,439125,0.054633,10661,130864,0.016281,42499,569989,0.070915,8037679
4,2021-01-21,58514,760020,26305,434477,32209,325543,0,0,51571,483880,0.060201,6868,137732,0.017136,51623,621612,0.077337,8037679
4,2021-01-22,55983,816003,22471,456948,33512,359055,0,0,50640,529311,0.065854,5241,142973,0.017788,50672,672284,0.083642,8037679
4,2021-01-23,40033,856036,17443,474391,22590,381645,0,0,35635,560592,0.069746,4388,147361,0.018334,35669,707953,0.088079,8037679
4,2021-01-24,24292,880328,10566,484957,13726,395371,0,0,22372,581079,0.072294,1908,149269,0.018571,22395,730348,0.090866,8037679
4,2021-01-25,48592,928920,22427,507384,26165,421536,0,0,37225,607036,0.075524,11327,160596,0.01998,37284,767632,0.095504,8037679
4,2021-01-26,57558,986478,29324,536708,28234,449770,0,0,45055,639708,0.079589,12449,173045,0.021529,45121,812753,0.101118,8037679
4,2021-01-27,56989,1043467,27058,563766,29931,479701,0,0,45704,674258,0.083887,11211,184256,0.022924,45761,858514,0.106811,8037679
4,2021-01-28,57684,1101151,26035,589801,31649,511350,0,0,47362,711440,0.088513,10229,194485,0.024197,47411,905925,0.11271,8037679
4,2021-01-29,57477,1158628,27462,617263,30015,541365,0,0,46845,747865,0.093045,10457,204942,0.025498,46882,952807,0.118543,8037679
4,2021-01-30,38757,1197385,17383,634646,21374,562739,0,0,33290,775779,0.096518,5410,210352,0.026171,33324,986131,0.122689,8037679
4,2021-01-31,24528,1221913,12790,647436,11738,574477,0,0,22790,796873,0.099142,1715,212067,0.026384,22809,1008940,0.125526,8037679
4,2021-02-01,50477,1272390,24280,671716,26197,600674,0,0,38564,823638,0.102472,11847,223914,0.027858,38612,1047552,0.13033,8037679
4,2021-02-02,56365,1328755,25886,697602,30479,631153,0,0,43203,853821,0.106227,13075,236989,0.029485,43258,1090810,0.135712,8037679
4,2021-02-03,62837,1391592,30798,728400,32039,663192,0,0,48121,887405,0.110406,14597,251586,0.031301,48181,1138991,0.141706,8037679
4,2021-02-04,68404,1459996,31786,760186,36618,699810,0,0,51373,922024,0.114713,16873,268459,0.0334,51492,1190483,0.148113,8037679
4,2021-02-05,74005,1534001,34221,794407,39784,739594,0,0,51318,951049,0.118324,22434,290893,0.036191,51459,1241942,0.154515,8037679
4,2021-02-06,49205,1583206,26379,820786,22826,762420,0,0,37519,977157,0.121572,11615,302508,0.037636,37723,1279665,0.159208,8037679
4,2021-02-07,26755,1609961,17675,838461,9080,771500,0,0,20157,991000,0.123294,6563,309071,0.038453,20406,1300071,0.161747,8037679
4,2021-02-08,59341,1669302,30456,868917,28885,800385,0,0,38468,1009005,0.125534,20728,329799,0.041032,38733,1338804,0.166566,8037679
4,2021-02-09,67999,1737301,34542,903459,33457,833842,0,0,39743,1021040,0.127032,28157,357956,0.044535,40192,1378996,0.171566,8037679
4,2021-02-10,78314,1815615,39190,942649,39124,872966,0,0,41061,1025658,0.127606,37004,394960,0.049139,41622,1420618,0.176745,8037679
4,2021-02-11,82430,1898045,42981,985630,39449,912415,0,0,41846,1027830,0.127876,40356,435316,0.054159,42528,1463146,0.182036,8037679
4,2021-02-12,85348,1983393,38200,1023830,47148,959563,0,0,43785,1031061,0.128278,41350,476666,0.059304,44581,1507727,0.187582,8037679
4,2021-02-13,59439,2042832,30029,1053859,29410,988973,0,0,30156,1033003,0.12852,29129,505795,0.062928,31071,1538798,0.191448,8037679
4,2021-02-14,37225,2080057,19339,1073198,17886,1006859,0,0,18968,1034454,0.128701,18193,523988,0.065191,19644,1558442,0.193892,8037679
4,2021-02-15,46811,2126868,21954,1095152,24857,1031716,0,0,23900,1036733,0.128984,22817,546805,0.06803,25096,1583538,0.197014,8037679
4,2021-02-16,81193,2208061,37240,1132392,43953,1075669,0,0,41089,1039088,0.129277,39965,586770,0.073002,42320,1625858,0.20228,8037679
4,2021-02-17,82577,2290638,39038,1171430,43539,1119208,0,0,39116,1036097,0.128905,43254,630024,0.078384,40263,1666121,0.207289,8037679
4,2021-02-18,84471,2375109,46448,1217878,38023,1157231,0,0,38813,1030946,0.128264,45439,675463,0.084037,40288,1706409,0.212301,8037679
4,2021-02-19,83814,2458923,52772,1270650,31042,1188273,0,0,41685,1031380,0.128318,41936,717399,0.089254,42370,1748779,0.217573,8037679
4,2021-02-20,50232,2509155,33425,1304075,16807,1205080,0,0,26999,1035960,0.128888,23137,740536,0.092133,27717,1776496,0.221021,8037679
4,2021-02-21,30645,2539800,24296,1328371,6349,1211429,0,0,14646,1035025,0.128772,15902,756438,0.094111,14967,1791463,0.222883,8037679
4,2021-02-22,56040,2595840,38464,1366835,17576,1229005,0,0,26926,1033499,0.128582,28933,785371,0.097711,27407,1818870,0.226293,8037679
4,2021-02-23,77754,2673594,43106,1409941,34648,1263653,0,0,34019,1025703,0.127612,43504,828875,0.103124,35708,1854578,0.230736,8037679
4,2021-02-24,92885,2766479,49084,1459025,43801,1307454,0,0,41631,1018549,0.126722,50969,879844,0.109465,43815,1898393,0.236187,8037679
4,2021-02-25,104693,2871172,54818,1513843,49875,1357329,0,0,49638,1016052,0.126411,54807,934651,0.116284,52310,1950703,0.242695,8037679
4,2021-02-26,110711,2981883,55922,1569765,54789,1412118,0,0,56214,1020459,0.126959,54169,988820,0.123023,58576,2009279,0.249982,8037679
4,2021-02-27,80762,3062645,43920,1613685,36828,1448946,14,14,42627,1026711,0.127737,37899,1026719,0.127738,44151,2053430,0.255475,8037679
4,2021-02-28,49913,3112558,30782,1644467,19124,1468070,7,21,27150,1032239,0.128425,22542,1049261,0.130543,28070,2081500,0.258968,8037679
4,2021-03-01,81711,3194269,47814,1692281,33840,1501910,57,78,44940,1042100,0.129652,36389,1085650,0.13507,46250,2127750,0.264722,8037679
4,2021-03-02,90634,3284903,51930,1744211,38692,1540602,12,90,52870,1059274,0.131789,37549,1123199,0.139742,54723,2182473,0.27153,8037679
4,2021-03-03,104541,3389444,55520,1799731,49000,1589602,21,111,58091,1072980,0.133494,46205,1169404,0.14549,59911,2242384,0.278984,8037679
4,2021-03-04,102838,3492282,57239,1856970,45581,1635183,18,129,55891,1084010,0.134866,46677,1216081,0.151298,57707,2300091,0.286164,8037679
4,2021-03-05,98941,3591223,53354,1910324,45257,1680440,330,459,57807,1103233,0.137258,40878,1256959,0.156383,60101,2360192,0.293641,8037679
4,2021-03-06,77820,3669043,43816,1954140,31352,1711792,2652,3111,47525,1124562,0.139911,30147,1287106,0.160134,51476,2411668,0.300045,8037679
4,2021-03-07,45356,3714399,27758,1981898,15368,1727160,2230,5341,26436,1135447,0.141266,18825,1305931,0.162476,29710,2441378,0.303742,8037679
4,2021-03-08,68885,3783284,35943,2017841,29524,1756684,3418,8759,45148,1161689,0.14453,23590,1329521,0.165411,49832,2491210,0.309941,8037679
4,2021-03-09,82962,3866246,41874,2059715,35774,1792458,5314,14073,44678,1174593,0.146136,38077,1367598,0.170148,50981,2542191,0.316284,8037679
4,2021-03-10,92944,3959190,47920,2107635,37445,1829903,7579,21652,46696,1183662,0.147264,46023,1413621,0.175874,55092,2597283,0.323138,8037679
4,2021-03-11,101926,4061116,53408,2161043,39957,1869860,8561,30213,46968,1185437,0.147485,54664,1468285,0.182675,56439,2653722,0.33016,8037679
4,2021-03-12,105781,4166897,52054,2213097,43310,1913170,10417,40630,45217,1181496,0.146995,60251,1528536,0.190171,56310,2710032,0.337166,8037679
4,2021-03-13,82369,4249266,38120,2251217,35687,1948857,8562,49192,38942,1186653,0.147636,43274,1571810,0.195555,48431,2758463,0.343191,8037679
4,2021-03-14,50240,4299506,28611,2279828,17969,1966826,3660,52852,23475,1187671,0.147763,26657,1598467,0.198872,27675,2786138,0.346635,8037679
4,2021-03-15,84478,4383984,45444,2325272,34718,2001544,4316,57168,42812,1194181,0.148573,41359,1639826,0.204017,47869,2834007,0.35259,8037679
4,2021-03-16,108835,4492819,56640,2381912,48746,2050290,3449,60617,57141,1203973,0.149791,51412,1691238,0.210414,61204,2895211,0.360205,8037679
4,2021-03-17,108418,4601237,58366,2440278,46518,2096808,3534,64151,63252,1226355,0.152576,44863,1736101,0.215995,67245,2962456,0.368571,8037679
4,2021-03-18,108213,4709450,60042,2500320,44426,2141234,3745,67896,61025,1244582,0.154843,46891,1782992,0.221829,65118,3027574,0.376673,8037679
4,2021-03-19,112684,4822134,64834,2565154,42594,2183828,5256,73152,63752,1265275,0.157418,48619,1831611,0.227878,69312,3096886,0.385296,8037679
4,2021-03-20,85090,4907224,49807,2614961,32225,2216053,3058,76210,51841,1287378,0.160168,33047,1864658,0.23199,55150,3152036,0.392157,8037679
4,2021-03-21,48685,4955909,35285,2650246,11138,2227191,2262,78472,28355,1298133,0.161506,20179,1884837,0.2345,30934,3182970,0.396006,8037679
4,2021-03-22,83409,5039318,54422,2704668,26228,2253419,2759,81231,51407,1321249,0.164382,31719,1916556,0.238446,54835,3237805,0.402828,8037679
4,2021-03-23,106088,5145406,63532,2768200,40372,2293791,2184,83415,62082,1342329,0.167005,43704,1960260,0.243884,64784,3302589,0.410888,8037679
4,2021-03-24,114794,5260200,73999,2842199,38335,2332126,2460,85875,63786,1358438,0.169009,50531,2010791,0.250171,66640,3369229,0.419179,8037679
4,2021-03-25,118459,5378659,72869,2915068,43128,2375254,2462,88337,66347,1376109,0.171207,51595,2062386,0.25659,69266,3438495,0.427797,8037679
4,2021-03-26,121157,5499816,73439,2988507,44655,2419909,3063,91400,65211,1389398,0.172861,55529,2117915,0.263498,68818,3507313,0.436359,8037679
4,2021-03-27,93026,5592842,54815,3043322,36391,2456300,1820,93220,46824,1392565,0.173255,45928,2163843,0.269212,49095,3556408,0.442467,8037679
4,2021-03-28,56387,5649229,37260,3080582,18244,2474544,883,94103,29644,1396909,0.173795,26545,2190388,0.272515,30889,3587297,0.44631,8037679
4,2021-03-29,94895,5744124,56814,3137396,35970,2510514,2111,96214,50698,1406362,0.174971,43900,2234288,0.277977,53353,3640650,0.452948,8037679
4,2021-03-30,118501,5862625,64682,3202078,49613,2560127,4206,100420,69623,1431966,0.178157,48593,2282881,0.284022,74197,3714847,0.462179,8037679
4,2021-03-31,122226,5984851,72114,3274192,43767,2603894,6345,106765,68019,1452669,0.180732,53813,2336694,0.290718,74516,3789363,0.47145,8037679
4,2021-04-01,144033,6128884,82037,3356229,48577,2652471,13419,120184,84389,1491126,0.185517,59076,2395770,0.298067,97533,3886896,0.483584,8037679
4,2021-04-02,137849,6266733,73651,3429880,50523,2702994,13675,133859,79195,1525636,0.189811,58320,2454090,0.305323,92830,3979726,0.495134,8037679
4,2021-04-03,101906,6368639,54454,3484334,33913,2736907,13539,147398,53094,1543603,0.192046,48583,2502673,0.311368,66550,4046276,0.503413,8037679
4,2021-04-04,47175,6415814,24922,3509256,14697,2751604,7556,154954,20535,1544963,0.192215,26514,2529187,0.314666,27874,4074150,0.506881,8037679
4,2021-04-05,110676,6526490,62090,3571346,35611,2787215,12975,167929,57305,1562458,0.194392,53111,2582298,0.321274,70606,4144756,0.515666,8037679
4,2021-04-06,140037,6666527,78794,3650140,41305,2828520,19938,187867,72478,1587922,0.19756,67292,2649590,0.329646,92756,4237512,0.527206,8037679
4,2021-04-07,138736,6805263,78635,3728775,39226,2867746,20875,208742,71660,1613694,0.200766,66787,2716377,0.337955,92559,4330071,0.538722,8037679
4,2021-04-08,141221,6946484,78675,3807450,36910,2904656,25636,234378,70344,1639345,0.203958,70534,2786911,0.346731,96185,4426256,0.550688,8037679
4,2021-04-09,138809,7085293,76054,3883504,39528,2944184,23227,257605,66232,1657213,0.206181,72286,2859197,0.355724,90154,4516410,0.561905,8037679
4,2021-04-10,104544,7189837,51526,3935030,33976,2978160,19042,276647,47183,1667121,0.207413,57123,2916320,0.362831,67031,4583441,0.570244,8037679
4,2021-04-11,63083,7252920,38285,3973315,13524,2991684,11274,287921,27597,1671544,0.207964,35355,2951675,0.36723,39778,4623219,0.575193,8037679
4,2021-04-12,103650,7356570,62955,4036270,30378,3022062,10317,298238,52150,1683986,0.209511,51160,3002835,0.373595,63602,4686821,0.583106,8037679
4,2021-04-13,131308,7487878,82409,4118679,48733,3070795,166,298404,78339,1710719,0.212837,52641,3055476,0.380144,79374,4766195,0.592982,8037679
4,2021-04-14,136886,7624764,87347,4206026,49458,3120253,81,298485,75609,1726734,0.21483,60911,3116387,0.387722,76926,4843121,0.602552,8037679
4,2021-04-15,157070,7781834,104410,4310436,52581,3172834,79,298564,95954,1762877,0.219327,60689,3177076,0.395273,96832,4939953,0.614599,8037679
4,2021-04-16,144414,7926248,91515,4401951,52815,3225649,84,298648,83602,1786841,0.222308,60451,3237527,0.402794,84415,5024368,0.625102,8037679
4,2021-04-17,102016,8028264,64040,4465991,37948,3263597,28,298676,59586,1805502,0.22463,42124,3279651,0.408035,60785,5085153,0.632664,8037679
4,2021-04-18,57405,8085669,38870,4504861,18530,3282127,5,298681,32188,1813602,0.225638,25059,3304710,0.411152,33159,5118312,0.63679,8037679
4,2021-04-19,101707,8187376,66968,4571829,34717,3316844,22,298703,51370,1815535,0.225878,50063,3354773,0.417381,51996,5170308,0.643259,8037679
4,2021-04-20,132011,8319387,78593,4650422,53395,3370239,23,298726,68247,1821507,0.226621,63394,3418167,0.425268,69366,5239674,0.651889,8037679
4,2021-04-21,135289,8454676,88292,4738714,46931,3417170,66,298792,67900,1823661,0.226889,66939,3485106,0.433596,69093,5308767,0.660485,8037679
4,2021-04-22,142389,8597065,94488,4833202,47876,3465046,25,298817,63426,1809738,0.225157,78520,3563626,0.443365,64597,5373364,0.668522,8037679
4,2021-04-23,135794,8732859,88355,4921557,47413,3512459,26,298843,58714,1793006,0.223075,76681,3640307,0.452905,59949,5433313,0.67598,8037679
4,2021-04-24,99388,8832247,67085,4988642,32250,3544709,53,298896,45645,1786374,0.22225,53420,3693727,0.459551,46788,5480101,0.681801,8037679
4,2021-04-25,50624,8882871,35689,5024331,14909,3559618,26,298922,26380,1789163,0.222597,24084,3717811,0.462548,26873,5506974,0.685145,8037679
4,2021-04-26,92621,8975492,60755,5085086,31459,3591077,407,299329,36274,1771184,0.22036,56011,3773822,0.469516,38032,5545006,0.689877,8037679
4,2021-04-27,114454,9089946,69977,5155063,42146,3633223,2331,301660,41083,1742383,0.216777,73027,3846849,0.478602,44226,5589232,0.695379,8037679
4,2021-04-28,105123,9195069,68646,5223709,33925,3667148,2552,304212,38340,1717543,0.213686,66407,3913256,0.486864,41567,5630799,0.70055,8037679
4,2021-04-29,106556,9301625,68054,5291763,35956,3703104,2546,306758,34293,1683108,0.209402,71882,3985138,0.495807,37447,5668246,0.705209,8037679
4,2021-04-30,106260,9407885,67281,5359044,36257,3739361,2722,309480,36415,1653499,0.205718,69414,4054552,0.504443,39805,5708051,0.710162,8037679
4,2021-05-01,70161,9478046,46543,5405587,21828,3761189,1790,311270,20448,1626981,0.202419,49389,4103941,0.510588,22871,5730922,0.713007,8037679
4,2021-05-02,37859,9515905,26875,5432462,9684,3770873,1300,312570,10588,1611870,0.200539,27138,4131079,0.513964,12027,5742949,0.714503,8037679
4,2021-05-03,79683,9595588,55558,5488020,21619,3792492,2506,315076,19256,1573843,0.195808,60144,4191223,0.521447,22117,5765066,0.717255,8037679
4,2021-05-04,101900,9697488,69743,5557763,29366,3821858,2791,317867,22694,1520845,0.189214,78870,4270093,0.531259,25872,5790938,0.720474,8037679
4,2021-05-05,102741,9800229,72417,5630180,27565,3849423,2759,320626,21833,1465198,0.182291,80541,4350634,0.54128,24894,5815832,0.723571,8037679
4,2021-05-06,112566,9912795,84340,5714520,25268,3874691,2958,323584,19614,1396456,0.173739,92437,4443071,0.55278,23695,5839527,0.726519,8037679
4,2021-05-07,105465,10018260,75813,5790333,26962,3901653,2690,326274,20662,1335823,0.166195,84396,4527467,0.56328,23763,5863290,0.729476,8037679
4,2021-05-08,70207,10088467,48421,5838754,19851,3921504,1935,328209,13820,1295782,0.161213,56141,4583608,0.570265,16100,5879390,0.731479,8037679
4,2021-05-09,34522,10122989,28239,5866993,5333,3926837,950,329159,7397,1277213,0.158903,27008,4610616,0.573625,8439,5887829,0.732529,8037679
4,2021-05-10,65459,10188448,43818,5910811,19303,3946140,2338,331497,11051,1236730,0.153867,54168,4664784,0.580365,13685,5901514,0.734231,8037679
4,2021-05-11,83697,10272145,52398,5963209,29095,3975235,2204,333701,15851,1187750,0.147773,67578,4732362,0.588772,18598,5920112,0.736545,8037679
4,2021-05-12,80177,10352322,53321,6016530,24373,3999608,2483,336184,16632,1144088,0.142341,63226,4795588,0.596638,19564,5939676,0.738979,8037679
4,2021-05-13,105199,10457521,77410,6093940,26247,4025855,1542,337726,40662,1123170,0.139738,64180,4859768,0.604623,43262,5982938,0.744361,8037679
4,2021-05-14,105531,10563052,74463,6168403,28929,4054784,2139,339865,40544,1101753,0.137074,64636,4924404,0.612665,43219,6026157,0.749738,8037679
4,2021-05-15,86114,10649166,66556,6234959,18219,4073003,1339,341204,37933,1093417,0.136036,47911,4972315,0.618626,39575,6065732,0.754662,8037679
4,2021-05-16,51882,10701048,41786,6276745,9377,4082380,719,341923,21259,1085080,0.134999,30458,5002773,0.622415,22121,6087853,0.757414,8037679
4,2021-05-17,71456,10772504,52213,6328958,17397,4099777,1846,343769,28187,1072309,0.13341,43045,5045818,0.627771,30274,6118127,0.761181,8037679
4,2021-05-18,82159,10854663,53409,6382367,26994,4126771,1756,345525,29315,1051295,0.130796,52461,5098279,0.634297,31447,6149574,0.765093,8037679
4,2021-05-19,77231,10931894,52185,6434552,23090,4149861,1956,347481,30976,1038582,0.129214,45928,5144207,0.640012,33215,6182789,0.769226,8037679
4,2021-05-20,69461,11001355,44662,6479214,22793,4172654,2006,349487,25725,1023237,0.127305,43426,5187633,0.645414,28081,6210870,0.772719,8037679
4,2021-05-21,74195,11075550,48897,6528111,23408,4196062,1890,351377,26122,1003770,0.124883,47744,5235377,0.651354,28277,6239147,0.776237,8037679
4,2021-05-22,50220,11125770,35227,6563338,13716,4209778,1277,352654,21783,998812,0.124266,28258,5263635,0.65487,23300,6262447,0.779136,8037679
4,2021-05-23,24021,11149791,17131,6580469,6165,4215943,725,353379,9733,995223,0.12382,14159,5277794,0.656632,10570,6273017,0.780451,8037679
4,2021-05-24,43327,11193118,27540,6608009,12771,4228714,3016,356395,15154,985659,0.12263,27936,5305730,0.660107,18372,6291389,0.782737,8037679
4,2021-05-25,45230,11238348,28134,6636143,14257,4242971,2839,359234,15993,975745,0.121396,28972,5334702,0.663712,19058,6310447,0.785108,8037679
4,2021-05-26,44951,11283299,26944,6663087,15392,4258363,2615,361849,15958,965738,0.120151,28752,5363454,0.667289,18745,6329192,0.78744,8037679
4,2021-05-27,39169,11322468,23494,6686581,12527,4270890,3148,364997,14739,959577,0.119385,24212,5387666,0.670301,18051,6347243,0.789686,8037679
4,2021-05-28,43681,11366149,27792,6714373,14274,4285164,1615,366612,18994,956006,0.118941,24398,5412064,0.673337,20827,6368070,0.792277,8037679
4,2021-05-29,23833,11389982,15472,6729845,7427,4292591,934,367546,10896,955195,0.11884,12777,5424841,0.674926,11966,6380036,0.793766,8037679
4,2021-05-30,12113,11402095,8507,6738352,3077,4295668,529,368075,5018,953792,0.118665,7017,5431858,0.675799,5614,6385650,0.794464,8037679
4,2021-05-31,3644,11405739,2318,6740670,1162,4296830,164,368239,1165,952725,0.118532,2417,5434275,0.6761,1350,6387000,0.794632,8037679
4,2021-06-01,39715,11445454,24689,6765359,12568,4309398,2458,370697,13081,942090,0.117209,26389,5460664,0.679383,15754,6402754,0.796592,8037679
4,2021-06-02,32912,11478366,20550,6785909,9540,4318938,2822,373519,10982,934304,0.116241,21734,5482398,0.682087,13948,6416702,0.798328,8037679
4,2021-06-03,48463,11526829,37187,6823096,8805,4327743,2471,375990,10450,909712,0.113181,37824,5520222,0.686793,13232,6429934,0.799974,8037679
4,2021-06-04,55314,11582143,44534,6867630,9444,4337187,1336,377326,12887,882581,0.109805,42170,5562392,0.69204,15039,6444973,0.801845,8037679
4,2021-06-05,45044,11627187,38572,6906202,5475,4342662,997,378323,8768,856535,0.106565,36113,5598505,0.696533,10067,6455040,0.803098,8037679
4,2021-06-06,21283,11648470,18984,6925186,1733,4344395,566,378889,3913,844156,0.105025,17257,5615762,0.69868,4878,6459918,0.803704,8037679
4,2021-06-07,38971,11687441,31529,6956715,5500,4349895,1942,380831,8527,824619,0.102594,30298,5646060,0.702449,10761,6470679,0.805043,8037679
4,2021-06-08,40735,11728176,31957,6988672,6228,4356123,2550,383381,9451,805878,0.100263,31083,5677143,0.706316,12342,6483021,0.806579,8037679
4,2021-06-09,39042,11767218,30947,7019619,5725,4361848,2370,385751,7934,785607,0.097741,30929,5708072,0.710164,10658,6493679,0.807905,8037679
4,2021-06-10,37276,11804494,29366,7048985,5282,4367130,2628,388379,8414,768222,0.095578,28691,5736763,0.713734,11306,6504985,0.809311,8037679
4,2021-06-11,38508,11843002,30211,7079196,6280,4373410,2017,390396,9924,752109,0.093573,28405,5765168,0.717268,12292,6517277,0.810841,8037679
4,2021-06-12,26743,11869745,22243,7101439,3783,4377193,717,391113,6084,738588,0.091891,20542,5785710,0.719823,7021,6524298,0.811714,8037679
4,2021-06-13,10887,11880632,8603,7110042,1804,4378997,480,391593,2283,732925,0.091186,8535,5794245,0.720885,2872,6527170,0.812071,8037679
4,2021-06-14,28762,11909394,21523,7131565,4429,4383426,2810,394403,7850,723038,0.089956,20764,5815009,0.723469,10877,6538047,0.813425,8037679
4,2021-06-15,30179,11939573,21355,7152920,5412,4388838,3412,397815,8354,713413,0.088759,21644,5836653,0.726161,12019,6550066,0.81492,8037679
4,2021-06-16,26814,11966387,20222,7173142,3965,4392803,2627,400442,8102,705830,0.087815,18522,5855175,0.728466,10939,6561005,0.816281,8037679
4,2021-06-17,25264,11991651,18665,7191807,3701,4396504,2898,403340,7672,699198,0.08699,17395,5872570,0.73063,10763,6571768,0.81762,8037679
4,2021-06-18,26781,12018432,21108,7212915,4437,4400941,1236,404576,8229,690570,0.085917,18341,5890911,0.732912,9713,6581481,0.818829,8037679
4,2021-06-19,15795,12034227,12772,7225687,2313,4403254,710,405286,5065,685933,0.08534,10580,5901491,0.734228,5943,6587424,0.819568,8037679
4,2021-06-20,7375,12041602,6070,7231757,997,4404251,308,405594,2618,684247,0.08513,4696,5906187,0.734812,3010,6590434,0.819942,8037679
4,2021-06-21,14620,12056222,10564,7242321,2909,4407160,1147,406741,7333,685695,0.08531,7193,5913380,0.735707,8641,6599075,0.821017,8037679
4,2021-06-22,20528,12076750,15986,7258307,3462,4410622,1080,407821,7099,680731,0.084692,13293,5926673,0.737361,8329,6607404,0.822054,8037679
4,2021-06-23,18451,12095201,14473,7272780,2977,4413599,1001,408822,6702,676954,0.084223,11606,5938279,0.738805,7829,6615233,0.823028,8037679
4,2021-06-24,17662,12112863,13660,7286440,3011,4416610,991,409813,6570,673719,0.08382,10932,5949211,0.740165,7697,6622930,0.823985,8037679
4,2021-06-25,21686,12134549,17041,7303481,3594,4420204,1051,410864,7833,669065,0.083241,13707,5962918,0.741871,9053,6631983,0.825112,8037679
4,2021-06-26,13132,12147681,10692,7314173,1822,4422026,618,411482,4837,666461,0.082917,8171,5971089,0.742887,5567,6637550,0.825804,8037679
4,2021-06-27,6893,12154574,5584,7319757,967,4422993,342,411824,2898,665803,0.082835,3953,5975042,0.743379,3295,6640845,0.826214,8037679
4,2021-06-28,15192,12169766,12751,7332508,1581,4424574,860,412684,6097,663895,0.082598,8992,5984034,0.744498,7084,6647929,0.827096,8037679
4,2021-06-29,16554,12186320,12845,7345353,2896,4427470,813,413497,6396,661196,0.082262,10029,5994063,0.745746,7330,6655259,0.828008,8037679
4,2021-06-30,14671,12200991,11442,7356795,2491,4429961,738,414235,6097,659711,0.082077,8439,6002502,0.746795,6954,6662213,0.828873,8037679
4,2021-07-01,14608,12215599,11513,7368308,2346,4432307,749,414984,6009,658137,0.081881,8469,6010971,0.747849,6895,6669108,0.829731,8037679
4,2021-07-02,16964,12232563,13444,7381752,2746,4435053,774,415758,6968,656123,0.081631,9884,6020855,0.749079,7870,6676978,0.83071,8037679
4,2021-07-03,9251,12241814,7346,7389098,1494,4436547,411,416169,4007,655437,0.081546,5161,6026016,0.749721,4475,6681453,0.831266,8037679
4,2021-07-04,446,12242260,280,7389378,106,4436653,60,416229,197,655463,0.081549,243,6026259,0.749751,269,6681722,0.8313,8037679
4,2021-07-05,9230,12251490,7508,7396886,1306,4437959,416,416645,4180,655140,0.081509,4968,6031227,0.750369,4645,6686367,0.831878,8037679
4,2021-07-06,16613,12268103,13092,7409978,2714,4440673,807,417452,6131,651839,0.081098,10348,6041575,0.751657,7047,6693414,0.832755,8037679
4,2021-07-07,13791,12281894,10760,7420738,2248,4442921,783,418235,5189,649446,0.0808,8487,6050062,0.752713,6094,6699508,0.833513,8037679
4,2021-07-08,13247,12295141,10342,7431080,2074,4444995,831,419066,5190,647631,0.080574,7927,6057989,0.753699,6112,6705620,0.834273,8037679
4,2021-07-09,15469,12310610,11864,7442944,2668,4447663,937,420003,6286,645939,0.080364,9032,6067021,0.754823,7340,6712960,0.835186,8037679
4,2021-07-10,8885,12319495,7031,7449975,1451,4449114,403,420406,3740,645085,0.080258,5056,6072077,0.755452,4202,6717162,0.835709,8037679
4,2021-07-11,4982,12324477,3987,7453962,795,4449909,200,420606,2231,644840,0.080227,2706,6074783,0.755788,2461,6719623,0.836015,8037679
4,2021-07-12,13087,12337564,10364,7464326,1998,4451907,725,421331,5085,642829,0.079977,7922,6082705,0.756774,5911,6725534,0.836751,8037679
4,2021-07-13,12881,12350445,9860,7474186,2380,4454287,641,421972,5486,641760,0.079844,7290,6089995,0.757681,6221,6731755,0.837525,8037679
4,2021-07-14,11794,12362239,9278,7483464,1958,4456245,558,422530,5115,640917,0.079739,6583,6096578,0.7585,5740,6737495,0.838239,8037679
4,2021-07-15,12469,12374708,9904,7493368,1976,4458221,589,423119,5677,640592,0.079699,6666,6103244,0.759329,6341,6743836,0.839028,8037679
4,2021-07-16,15058,12389766,11744,7505112,2644,4460865,670,423789,6952,640321,0.079665,8001,6111245,0.760325,7730,6751566,0.83999,8037679
4,2021-07-17,9376,12399142,7418,7512530,1634,4462499,324,424113,4435,640281,0.07966,4843,6116088,0.760927,4803,6756369,0.840587,8037679
4,2021-07-18,5372,12404514,4328,7516858,844,4463343,200,424313,2537,640263,0.079658,2776,6118864,0.761273,2758,6759127,0.84093,8037679
4,2021-07-19,12858,12417372,10187,7527045,2013,4465356,658,424971,6105,640445,0.07968,6658,6125522,0.762101,6840,6765967,0.841781,8037679
4,2021-07-20,13817,12431189,10646,7537691,2507,4467863,664,425635,6820,641161,0.079769,6850,6132372,0.762953,7566,6773533,0.842723,8037679
4,2021-07-21,12849,12444038,9962,7547653,2237,4470100,650,426285,6400,641956,0.079868,6310,6138682,0.763738,7105,6780638,0.843606,8037679
4,2021-07-22,13540,12457578,10562,7558215,2314,4472414,664,426949,7045,643371,0.080044,6356,6145038,0.764529,7771,6788409,0.844573,8037679
4,2021-07-23,15763,12473341,12149,7570364,2913,4475327,701,427650,8264,645095,0.080259,7328,6152366,0.765441,9052,6797461,0.845699,8037679
4,2021-07-24,9605,12482946,7522,7577886,1753,4477080,330,427980,4946,645898,0.080359,4523,6156889,0.766003,5326,6802787,0.846362,8037679
4,2021-07-25,4781,12487727,3758,7581644,865,4477945,158,428138,3365,648079,0.08063,1357,6158246,0.766172,3538,6806325,0.846802,8037679
4,2021-07-26,13036,12500763,10204,7591848,2147,4480092,685,428823,7588,651109,0.081007,5296,6163542,0.766831,8326,6814651,0.847838,8037679
4,2021-07-27,14392,12515155,11033,7602881,2596,4482688,763,429586,7769,653219,0.08127,6463,6170005,0.767635,8573,6823224,0.848905,8037679
4,2021-07-28,13232,12528387,10090,7612971,2439,4485127,703,430289,7342,655602,0.081566,5718,6175723,0.768347,8101,6831325,0.849913,8037679
4,2021-07-29,13515,12541902,10497,7623468,2303,4487430,715,431004,7586,658279,0.081899,5700,6181423,0.769056,8377,6839702,0.850955,8037679
4,2021-07-30,15821,12557723,12098,7635566,2918,4490348,805,431809,8582,660903,0.082226,6866,6188289,0.76991,9490,6849192,0.852136,8037679
4,2021-07-31,9768,12567491,7617,7643183,1724,4492072,427,432236,5518,662840,0.082467,4048,6192337,0.770414,5985,6855177,0.85288,8037679
4,2021-08-01,5437,12572928,4488,7647671,779,4492851,170,432406,3209,664139,0.082628,2114,6194451,0.770677,3413,6858590,0.853305,8037679
4,2021-08-02,14103,12587031,11263,7658934,2099,4494950,741,433147,8235,667528,0.08305,5657,6200108,0.77138,9046,6867636,0.85443,8037679
4,2021-08-03,14708,12601739,11304,7670238,2638,4497588,766,433913,8462,670803,0.083457,6028,6206136,0.77213,9303,6876939,0.855588,8037679
4,2021-08-04,13382,12615121,10424,7680662,2264,4499852,694,434607,7560,673488,0.083791,5611,6211747,0.772828,8296,6885235,0.85662,8037679
4,2021-08-05,14357,12629478,11336,7691998,2255,4502107,766,435373,8071,676339,0.084146,6036,6217783,0.773579,8887,6894122,0.857725,8037679
4,2021-08-06,17257,12646735,13235,7705233,3148,4505255,874,436247,9601,679558,0.084547,7323,6225106,0.77449,10542,6904664,0.859037,8037679
4,2021-08-07,10188,12656923,8097,7713330,1649,4506904,442,436689,5557,681148,0.084744,4450,6229556,0.775044,6040,6910704,0.859789,8037679
4,2021-08-08,6249,12663172,4970,7718300,1076,4507980,203,436892,3598,682464,0.084908,2515,6232071,0.775357,3831,6914535,0.860265,8037679
4,2021-08-09,14676,12677848,11889,7730189,2041,4510021,746,437638,7852,684544,0.085167,6594,6238665,0.776177,8674,6923209,0.861344,8037679
4,2021-08-10,14866,12692714,11439,7741628,2661,4512682,766,438404,7842,686444,0.085403,6773,6245438,0.77702,8673,6931882,0.862423,8037679
4,2021-08-11,12646,12705360,9701,7751329,2177,4514859,768,439172,6607,688073,0.085606,5777,6251215,0.777739,7406,6939288,0.863345,8037679
4,2021-08-12,14166,12719526,10780,7762109,2625,4517484,761,439933,7283,689634,0.0858,6528,6257743,0.778551,8089,6947377,0.864351,8037679
4,2021-08-13,17813,12737339,13182,7775291,3726,4521210,905,440838,8784,691034,0.085974,8361,6266104,0.779591,9761,6957138,0.865566,8037679
4,2021-08-14,12272,12749611,8753,7784044,3000,4524210,519,441357,5579,692203,0.08612,4992,6271096,0.780212,6161,6963299,0.866332,8037679
4,2021-08-15,7487,12757098,5475,7789519,1789,4525999,223,441580,3315,692870,0.086203,2916,6274012,0.780575,3583,6966882,0.866778,8037679
4,2021-08-16,18139,12775237,12564,7802083,4698,4530697,877,442457,7502,693840,0.086323,7489,6281501,0.781507,8459,6975341,0.86783,8037679
4,2021-08-17,18449,12793686,12543,7814626,5048,4535745,858,443315,7318,694601,0.086418,7496,6288997,0.782439,8257,6983598,0.868858,8037679
4,2021-08-18,18060,12811746,12161,7826787,5109,4540854,790,444105,6874,695354,0.086512,6990,6295987,0.783309,7743,6991341,0.869821,8037679
4,2021-08-19,18394,12830140,12252,7839039,5353,4546207,789,444894,6807,696182,0.086615,6850,6302837,0.784161,7678,6999019,0.870776,8037679
4,2021-08-20,23163,12853303,15665,7854704,6659,4552866,839,445733,8270,696246,0.086623,9160,6311997,0.785301,9224,7008243,0.871924,8037679
4,2021-08-21,14626,12867929,10211,7864915,4015,4556881,400,446133,4943,695866,0.086575,5789,6317786,0.786021,5409,7013652,0.872597,8037679
4,2021-08-22,8651,12876580,6139,7871054,2351,4559232,161,446294,3421,696315,0.086631,3183,6320969,0.786417,3632,7017284,0.873049,8037679
4,2021-08-23,20282,12896862,14253,7885307,5325,4564557,704,446998,7377,696641,0.086672,7945,6328914,0.787406,8271,7025555,0.874078,8037679
4,2021-08-24,19575,12916437,13845,7899152,5068,4569625,662,447660,6904,696561,0.086662,7790,6336704,0.788375,7710,7033265,0.875037,8037679
4,2021-08-25,17987,12934424,12678,7911830,4692,4574317,617,448277,6499,696929,0.086708,6913,6343617,0.789235,7281,7040546,0.875943,8037679
4,2021-08-26,17931,12952355,12636,7924466,4699,4579016,596,448873,6092,696609,0.086668,7136,6350753,0.790123,6816,7047362,0.876791,8037679
4,2021-08-27,12440,12964795,8493,7932959,3381,4582397,566,449439,3659,695458,0.086525,5417,6356170,0.790797,4266,7051628,0.877321,8037679
