vemquartile,administered_date,total_doses,cumulative_total_doses,pfizer_doses,cumulative_pfizer_doses,moderna_doses,cumulative_moderna_doses,jj_doses,cumulative_jj_doses,partially_vaccinated,total_partially_vaccinated,pct_age12pop_partially_vaccinated,fully_vaccinated,cumulative_fully_vaccinated,pct_age12pop_fully_vaccinated,at_least_one_dose,cumulative_at_least_one_dose,pct_age12pop_at_least_one_dose,age12_population
1,2020-12-15,150,150,150,150,0,0,0,0,150,150,1.7e-05,0,0,0.0,150,150,1.7e-05,8700223
1,2020-12-16,1182,1332,1182,1332,0,0,0,0,1182,1332,0.000153,0,0,0.0,1182,1332,0.000153,8700223
1,2020-12-17,4159,5491,4159,5491,0,0,0,0,4160,5492,0.000631,0,0,0.0,4160,5492,0.000631,8700223
1,2020-12-18,6329,11820,6309,11800,20,20,0,0,6330,11820,0.001359,2,2,0.0,6330,11822,0.001359,8700223
1,2020-12-19,2873,14693,2872,14672,1,21,0,0,2872,14691,0.001689,1,3,0.0,2872,14694,0.001689,8700223
1,2020-12-20,2131,16824,2123,16795,8,29,0,0,2132,16823,0.001934,0,3,0.0,2132,16826,0.001934,8700223
1,2020-12-21,7640,24464,7626,24421,14,43,0,0,7689,24512,0.002817,1,4,0.0,7690,24516,0.002818,8700223
1,2020-12-22,7282,31746,6938,31359,344,387,0,0,7284,31794,0.003654,2,6,1e-06,7284,31800,0.003655,8700223
1,2020-12-23,7837,39583,6582,37941,1255,1642,0,0,7831,39624,0.004554,2,8,1e-06,7832,39632,0.004555,8700223
1,2020-12-24,3301,42884,2366,40307,935,2577,0,0,3303,42927,0.004934,0,8,1e-06,3303,42935,0.004935,8700223
1,2020-12-25,236,43120,152,40459,84,2661,0,0,236,43163,0.004961,0,8,1e-06,236,43171,0.004962,8700223
1,2020-12-26,1359,44479,966,41425,393,3054,0,0,1358,44520,0.005117,1,9,1e-06,1358,44529,0.005118,8700223
1,2020-12-27,869,45348,534,41959,335,3389,0,0,869,45388,0.005217,1,10,1e-06,869,45398,0.005218,8700223
1,2020-12-28,7093,52441,4766,46725,2327,5716,0,0,7091,52479,0.006032,0,10,1e-06,7091,52489,0.006033,8700223
1,2020-12-29,8875,61316,4982,51707,3893,9609,0,0,8872,61349,0.007051,2,12,1e-06,8872,61361,0.007053,8700223
1,2020-12-30,11585,72901,6448,58155,5137,14746,0,0,11584,72933,0.008383,0,12,1e-06,11584,72945,0.008384,8700223
1,2020-12-31,5946,78847,1957,60112,3989,18735,0,0,5944,78875,0.009066,3,15,2e-06,5945,78890,0.009068,8700223
1,2021-01-01,573,79420,199,60311,374,19109,0,0,572,79446,0.009131,1,16,2e-06,572,79462,0.009133,8700223
1,2021-01-02,2907,82327,1761,62072,1146,20255,0,0,2909,82355,0.009466,0,16,2e-06,2909,82371,0.009468,8700223
1,2021-01-03,1020,83347,546,62618,474,20729,0,0,1018,83371,0.009583,2,18,2e-06,1018,83389,0.009585,8700223
1,2021-01-04,7341,90688,3577,66195,3764,24493,0,0,7345,90715,0.010427,1,19,2e-06,7345,90734,0.010429,8700223
1,2021-01-05,10798,101486,5201,71396,5597,30090,0,0,10044,100042,0.011499,739,758,8.7e-05,10066,100800,0.011586,8700223
1,2021-01-06,14013,115499,7038,78434,6975,37065,0,0,12115,110305,0.012678,1862,2620,0.000301,12125,112925,0.01298,8700223
1,2021-01-07,17481,132980,9125,87559,8356,45421,0,0,12990,118912,0.013668,4394,7014,0.000806,13001,125926,0.014474,8700223
1,2021-01-08,20126,153106,10427,97986,9699,55120,0,0,14225,127258,0.014627,5886,12900,0.001483,14232,140158,0.01611,8700223
1,2021-01-09,6682,159788,3370,101356,3312,58432,0,0,4838,130265,0.014973,1835,14735,0.001694,4842,145000,0.016666,8700223
1,2021-01-10,3078,162866,1753,103109,1325,59757,0,0,1890,130977,0.015054,1179,15914,0.001829,1891,146891,0.016884,8700223
1,2021-01-11,18050,180916,11831,114940,6219,65976,0,0,11508,136002,0.015632,6523,22437,0.002579,11548,158439,0.018211,8700223
1,2021-01-12,19090,200006,10905,125845,8185,74161,0,0,13114,143216,0.016461,5936,28373,0.003261,13150,171589,0.019722,8700223
1,2021-01-13,19870,219876,10779,136624,9091,83252,0,0,14717,152823,0.017565,5129,33502,0.003851,14736,186325,0.021416,8700223
1,2021-01-14,22078,241954,9550,146174,12528,95780,0,0,19321,169497,0.019482,2699,36201,0.004161,19373,205698,0.023643,8700223
1,2021-01-15,25150,267104,9235,155409,15915,111695,0,0,23206,190861,0.021937,1898,38099,0.004379,23262,228960,0.026317,8700223
1,2021-01-16,13900,281004,4556,159965,9344,121039,0,0,13035,203037,0.023337,863,38962,0.004478,13039,241999,0.027815,8700223
1,2021-01-17,5190,286194,2000,161965,3190,124229,0,0,4819,207495,0.023849,365,39327,0.00452,4823,246822,0.02837,8700223
1,2021-01-18,14301,300495,8586,170551,5715,129944,0,0,11117,215493,0.024769,3172,42499,0.004885,11170,257992,0.029653,8700223
1,2021-01-19,24670,325165,12828,183379,11842,141786,0,0,19521,229936,0.026429,5132,47631,0.005475,19575,277567,0.031903,8700223
1,2021-01-20,29439,354604,14744,198123,14695,156481,0,0,23524,247658,0.028466,5839,53470,0.006146,23561,301128,0.034612,8700223
1,2021-01-21,31206,385810,14569,212692,16637,173118,0,0,27940,272490,0.03132,3198,56668,0.006513,28030,329158,0.037833,8700223
1,2021-01-22,28324,414134,11218,223910,17106,190224,0,0,26309,296864,0.034121,1964,58632,0.006739,26338,355496,0.040861,8700223
1,2021-01-23,18745,432879,8195,232105,10550,200774,0,0,16808,311762,0.035834,1920,60552,0.00696,16818,372314,0.042794,8700223
1,2021-01-24,6667,439546,4158,236263,2509,203283,0,0,6010,317126,0.03645,651,61203,0.007035,6015,378329,0.043485,8700223
1,2021-01-25,25328,464874,10456,246719,14872,218155,0,0,19598,331121,0.038059,5704,66907,0.00769,19699,398028,0.045749,8700223
1,2021-01-26,28588,493462,13338,260057,15250,233405,0,0,21951,346512,0.039828,6585,73492,0.008447,21976,420004,0.048275,8700223
1,2021-01-27,32400,525862,15385,275442,17015,250420,0,0,24319,362849,0.041706,8009,81501,0.009368,24346,444350,0.051073,8700223
1,2021-01-28,34740,560602,16256,291698,18484,268904,0,0,27843,383933,0.044129,6826,88327,0.010152,27910,472260,0.054281,8700223
1,2021-01-29,33424,594026,16305,308003,17119,286023,0,0,26904,404498,0.046493,6376,94703,0.010885,26941,499201,0.057378,8700223
1,2021-01-30,20081,614107,8657,316660,11424,297447,0,0,17985,420424,0.048323,2067,96770,0.011123,17993,517194,0.059446,8700223
1,2021-01-31,7524,621631,4857,321517,2667,300114,0,0,6818,426542,0.049027,702,97472,0.011203,6820,524014,0.06023,8700223
1,2021-02-01,28726,650357,12353,333870,16373,316487,0,0,20971,439821,0.050553,7698,105170,0.012088,20977,544991,0.062641,8700223
1,2021-02-02,32359,682716,11602,345472,20757,337244,0,0,24240,456058,0.052419,8041,113211,0.013012,24278,569269,0.065432,8700223
1,2021-02-03,39555,722271,15175,360647,24380,361624,0,0,28572,473845,0.054464,10823,124034,0.014256,28610,597879,0.06872,8700223
1,2021-02-04,44055,766326,17196,377843,26859,388483,0,0,31907,493777,0.056755,12024,136058,0.015638,31956,629835,0.072393,8700223
1,2021-02-05,46870,813196,17362,395205,29508,417991,0,0,30743,508586,0.058457,15991,152049,0.017476,30800,660635,0.075933,8700223
1,2021-02-06,26483,839679,10481,405686,16002,433993,0,0,20589,523335,0.060152,5858,157907,0.01815,20607,681242,0.078302,8700223
1,2021-02-07,6227,845906,3992,409678,2235,436228,0,0,4626,526397,0.060504,1582,159489,0.018332,4644,685886,0.078835,8700223
1,2021-02-08,31288,877194,14165,423843,17123,453351,0,0,20830,536937,0.061715,10385,169874,0.019525,20925,706811,0.081241,8700223
1,2021-02-09,38321,915515,16787,440630,21534,474885,0,0,23625,545903,0.062746,14735,184609,0.021219,23701,730512,0.083965,8700223
1,2021-02-10,47035,962550,22017,462647,25018,499903,0,0,26693,552433,0.063496,20245,204854,0.023546,26775,757287,0.087042,8700223
1,2021-02-11,51563,1014113,25200,487847,26363,526266,0,0,30835,562966,0.064707,20414,225268,0.025892,30947,788234,0.090599,8700223
1,2021-02-12,49851,1063964,21423,509270,28428,554694,0,0,28655,570689,0.065595,21076,246344,0.028315,28799,817033,0.093909,8700223
1,2021-02-13,26316,1090280,11493,520763,14823,569517,0,0,15212,574945,0.066084,11032,257376,0.029583,15288,832321,0.095667,8700223
1,2021-02-14,11707,1101987,5532,526295,6175,575692,0,0,6661,576656,0.066281,5016,262392,0.030159,6727,839048,0.09644,8700223
1,2021-02-15,23740,1125727,9353,535648,14387,590079,0,0,14455,582059,0.066902,9172,271564,0.031213,14575,853623,0.098115,8700223
1,2021-02-16,46770,1172497,22280,557928,24490,614569,0,0,27493,590469,0.067868,19204,290768,0.033421,27614,881237,0.101289,8700223
1,2021-02-17,48101,1220598,24295,582223,23806,638375,0,0,26026,594714,0.068356,21939,312707,0.035942,26184,907421,0.104299,8700223
1,2021-02-18,50913,1271511,25256,607479,25657,664032,0,0,26430,597133,0.068634,24244,336951,0.038729,26663,934084,0.107363,8700223
1,2021-02-19,46049,1317560,24844,632323,21205,685237,0,0,25932,603148,0.069326,19989,356940,0.041027,26004,960088,0.110352,8700223
1,2021-02-20,27176,1344736,16561,648884,10615,695852,0,0,15605,607337,0.069807,11510,368450,0.042349,15699,975787,0.112157,8700223
1,2021-02-21,11548,1356284,10268,659152,1280,697132,0,0,6897,609700,0.070079,4598,373048,0.042878,6961,982748,0.112957,8700223
1,2021-02-22,30251,1386535,19803,678955,10448,707580,0,0,17790,615190,0.07071,12403,385451,0.044304,17893,1000641,0.115013,8700223
1,2021-02-23,43513,1430048,21181,700136,22332,729912,0,0,24325,620849,0.07136,19038,404489,0.046492,24697,1025338,0.117852,8700223
1,2021-02-24,53105,1483153,25718,725854,27387,757299,0,0,29764,627840,0.072164,23228,427717,0.049162,30219,1055557,0.121325,8700223
1,2021-02-25,65297,1548450,31702,757556,33595,790894,0,0,40909,644986,0.074134,24279,451996,0.051952,41425,1096982,0.126087,8700223
1,2021-02-26,73371,1621821,34421,791977,38950,829844,0,0,48361,668990,0.076893,24848,476844,0.054808,48852,1145834,0.131702,8700223
1,2021-02-27,50145,1671966,23181,815158,26956,856800,8,8,33381,686007,0.078849,16643,493487,0.056721,33660,1179494,0.135571,8700223
1,2021-02-28,19409,1691375,11499,826657,7908,864708,2,10,14324,695452,0.079935,5022,498509,0.057298,14467,1193961,0.137233,8700223
1,2021-03-01,44385,1735760,20361,847018,23985,888693,39,49,28690,708891,0.08148,15554,514063,0.059086,28993,1222954,0.140566,8700223
1,2021-03-02,62101,1797861,26987,874005,35106,923799,8,57,40108,727773,0.08365,21861,535924,0.061599,40743,1263697,0.145249,8700223
1,2021-03-03,69854,1867715,33304,907309,36528,960327,22,79,42713,744112,0.085528,26998,562922,0.064702,43337,1307034,0.15023,8700223
1,2021-03-04,78089,1945804,36687,943996,41367,1001694,35,114,50437,767616,0.088229,27487,590409,0.067861,50991,1358025,0.156091,8700223
1,2021-03-05,77088,2022892,34870,978866,42012,1043706,206,320,51712,795012,0.091378,25158,615567,0.070753,52554,1410579,0.162131,8700223
1,2021-03-06,57261,2080153,27367,1006233,28554,1072260,1340,1660,38991,817513,0.093965,18202,633769,0.072845,40703,1451282,0.16681,8700223
1,2021-03-07,20159,2100312,12856,1019089,6493,1078753,810,2470,15161,828771,0.095259,4977,638746,0.073417,16235,1467517,0.168676,8700223
1,2021-03-08,45591,2145903,22416,1041505,21304,1100057,1871,4341,32051,849595,0.097652,13454,652200,0.074964,34278,1501795,0.172616,8700223
1,2021-03-09,66289,2212192,32036,1073541,31778,1131835,2475,6816,40877,868005,0.099768,25298,677498,0.077871,43708,1545503,0.177639,8700223
1,2021-03-10,72999,2285191,36453,1109994,32161,1163996,4385,11201,45173,890275,0.102328,27677,705175,0.081053,49947,1595450,0.18338,8700223
1,2021-03-11,89630,2374821,41113,1151107,40588,1204584,7929,19130,52482,914255,0.105084,36900,742075,0.085294,60880,1656330,0.190378,8700223
1,2021-03-12,98414,2473235,43313,1194420,42738,1247322,12363,31493,57607,944110,0.108516,40606,782681,0.089961,70461,1726791,0.198477,8700223
1,2021-03-13,65156,2538391,29451,1223871,27940,1275262,7765,39258,41525,970235,0.111518,23506,806187,0.092663,49631,1776422,0.204181,8700223
1,2021-03-14,27602,2565993,14893,1238764,9138,1284400,3571,42829,15631,977724,0.112379,11912,818099,0.094032,19401,1795823,0.206411,8700223
1,2021-03-15,64995,2630988,28584,1267348,29714,1314114,6697,49526,38440,996866,0.114579,26361,844460,0.097062,45503,1841326,0.211641,8700223
1,2021-03-16,85461,2716449,38865,1306213,40986,1355100,5610,55136,53290,1024158,0.117716,31977,876437,0.100737,59269,1900595,0.218454,8700223
1,2021-03-17,92400,2808849,44917,1351130,40960,1396060,6523,61659,59653,1058152,0.121624,32562,908999,0.10448,66556,1967151,0.226104,8700223
1,2021-03-18,98465,2907314,50751,1401881,41988,1438048,5726,67385,60222,1086682,0.124903,37917,946916,0.108838,66447,2033598,0.233741,8700223
1,2021-03-19,103166,3010480,53487,1455368,43525,1481573,6154,73539,61092,1112637,0.127886,41810,988726,0.113644,67765,2101363,0.24153,8700223
1,2021-03-20,72165,3082645,37156,1492524,29759,1511332,5250,78789,46543,1139274,0.130948,25443,1014169,0.116568,52080,2153443,0.247516,8700223
1,2021-03-21,27091,3109736,18945,1511469,6332,1517664,1814,80603,17436,1149048,0.132071,9575,1023744,0.117669,19349,2172792,0.24974,8700223
1,2021-03-22,59215,3168951,30514,1541983,25426,1543090,3275,83878,40268,1174221,0.134964,18749,1042493,0.119824,43922,2216714,0.254788,8700223
1,2021-03-23,82876,3251827,42147,1584130,37114,1580204,3615,87493,51442,1198561,0.137762,31221,1073714,0.123412,55561,2272275,0.261174,8700223
1,2021-03-24,87551,3339378,44227,1628357,38965,1619169,4359,91852,52890,1221573,0.140407,34418,1108132,0.127368,57430,2329705,0.267775,8700223
1,2021-03-25,96322,3435700,49098,1677455,41399,1660568,5825,97677,54077,1239742,0.142495,41952,1150084,0.13219,60121,2389826,0.274686,8700223
1,2021-03-26,104071,3539771,50725,1728180,47048,1707616,6298,103975,56505,1255602,0.144318,47259,1197343,0.137622,63119,2452945,0.28194,8700223
1,2021-03-27,73844,3613615,38164,1766344,31500,1739116,4180,108155,38263,1262893,0.145156,35364,1232707,0.141687,42655,2495600,0.286843,8700223
1,2021-03-28,32531,3646146,21309,1787653,10014,1749130,1208,109363,16491,1265088,0.145409,15941,1248648,0.143519,18136,2513736,0.288928,8700223
1,2021-03-29,66678,3712824,33154,1820807,30439,1779569,3085,112448,37136,1276154,0.146681,29367,1278015,0.146895,40433,2554169,0.293575,8700223
1,2021-03-30,91533,3804357,45112,1865919,40112,1819681,6309,118757,47336,1285878,0.147798,44029,1322044,0.151955,53753,2607922,0.299753,8700223
1,2021-03-31,100176,3904533,52438,1918357,41793,1861474,5945,124702,55258,1302530,0.149712,44641,1366685,0.157086,61293,2669215,0.306798,8700223
1,2021-04-01,111246,4015779,53394,1971751,49384,1910858,8468,133170,57039,1314297,0.151065,53824,1420509,0.163273,65591,2734806,0.314337,8700223
1,2021-04-02,110782,4126561,50738,2022489,50430,1961288,9614,142784,56472,1326712,0.152492,53915,1474424,0.16947,66330,2801136,0.321961,8700223
1,2021-04-03,77909,4204470,39202,2061691,29090,1990378,9617,152401,36485,1331655,0.15306,41253,1515677,0.174211,46196,2847332,0.327271,8700223
1,2021-04-04,23697,4228167,11805,2073496,8433,1998811,3459,155860,9934,1331338,0.153023,13704,1529381,0.175786,13387,2860719,0.32881,8700223
1,2021-04-05,75975,4304142,36568,2110064,30232,2029043,9175,165035,34475,1333877,0.153315,41312,1570693,0.180535,43851,2904570,0.33385,8700223
1,2021-04-06,103257,4407399,48990,2159054,37736,2066779,16531,181566,46820,1341125,0.154148,56176,1626869,0.186992,63424,2967994,0.34114,8700223
1,2021-04-07,111213,4518612,54023,2213077,39738,2106517,17452,199018,50379,1348454,0.154991,60569,1687438,0.193953,67898,3035892,0.348944,8700223
1,2021-04-08,121851,4640463,57755,2270832,43237,2149754,20859,219877,53939,1355798,0.155835,67544,1754982,0.201717,74888,3110780,0.357552,8700223
1,2021-04-09,122841,4763304,56236,2327068,46035,2195789,20570,240447,54153,1362281,0.15658,68338,1823320,0.209572,74821,3185601,0.366152,8700223
1,2021-04-10,95379,4858683,42413,2369481,30331,2226120,22635,263082,37236,1364202,0.156801,57953,1881273,0.216233,59874,3245475,0.373034,8700223
1,2021-04-11,36250,4894933,20279,2389760,9337,2235457,6634,269716,14838,1364438,0.156828,21354,1902627,0.218687,21590,3267065,0.375515,8700223
1,2021-04-12,74123,4969056,33177,2422937,30980,2266437,9966,279682,31406,1363542,0.156725,42439,1945066,0.223565,41543,3308608,0.38029,8700223
1,2021-04-13,97044,5066100,51997,2474934,44708,2311145,339,280021,52452,1372384,0.157741,44321,1989387,0.228659,53163,3361771,0.386401,8700223
1,2021-04-14,104840,5170940,54334,2529268,50436,2361581,70,280091,53432,1375223,0.158068,51062,2040449,0.234528,53901,3415672,0.392596,8700223
1,2021-04-15,106037,5276977,57731,2586999,48215,2409796,91,280182,56783,1383626,0.159033,48691,2089140,0.240125,57094,3472766,0.399158,8700223
1,2021-04-16,110357,5387334,56777,2643776,53492,2463288,88,280270,55395,1384861,0.159175,54458,2143598,0.246384,55693,3528459,0.40556,8700223
1,2021-04-17,83221,5470555,45241,2689017,37968,2501256,12,280282,46871,1395804,0.160433,36133,2179731,0.250537,47076,3575535,0.410971,8700223
1,2021-04-18,30067,5500622,20352,2709369,9708,2510964,7,280289,15239,1396510,0.160514,14743,2194474,0.252232,15449,3590984,0.412746,8700223
1,2021-04-19,66990,5567612,33858,2743227,33119,2544083,13,280302,30484,1390995,0.15988,36170,2230644,0.256389,30655,3621639,0.41627,8700223
1,2021-04-20,88235,5655847,44532,2787759,43679,2587762,24,280326,41575,1386503,0.159364,46336,2276980,0.261715,41844,3663483,0.421079,8700223
1,2021-04-21,96805,5752652,50390,2838149,46317,2634079,98,280424,43676,1377915,0.158377,52609,2329589,0.267762,44021,3707504,0.426139,8700223
1,2021-04-22,96392,5849044,50351,2888500,46025,2680104,16,280440,44292,1370843,0.157564,51639,2381228,0.273697,44567,3752071,0.431261,8700223
1,2021-04-23,101181,5950225,52268,2940768,48888,2728992,25,280465,48423,1367255,0.157152,52281,2433509,0.279707,48693,3800764,0.436858,8700223
1,2021-04-24,75258,6025483,46673,2987441,28560,2757552,25,280490,42690,1377766,0.15836,32473,2465982,0.283439,42984,3843748,0.441799,8700223
1,2021-04-25,26911,6052394,17143,3004584,9755,2767307,13,280503,15411,1381935,0.158839,11394,2477376,0.284749,15563,3859311,0.443588,8700223
1,2021-04-26,65834,6118228,34609,3039193,30826,2798133,399,280902,31463,1380074,0.158625,34090,2511466,0.288667,32229,3891540,0.447292,8700223
1,2021-04-27,81056,6199284,43117,3082310,36644,2834777,1295,282197,35483,1371915,0.157687,45303,2556769,0.293874,37144,3928684,0.451561,8700223
1,2021-04-28,80565,6279849,42868,3125178,36213,2870990,1484,283681,35644,1364711,0.156859,44604,2601373,0.299001,37400,3966084,0.45586,8700223
1,2021-04-29,83683,6363532,46042,3171220,36036,2907026,1605,285286,34600,1352337,0.155437,48763,2650136,0.304606,36389,4002473,0.460043,8700223
1,2021-04-30,91380,6454912,49585,3220805,39947,2946973,1848,287134,38612,1340538,0.154081,52463,2702599,0.310636,40664,4043137,0.464716,8700223
1,2021-05-01,62026,6516938,40127,3260932,20522,2967495,1377,288511,26184,1332681,0.153178,35644,2738243,0.314733,27787,4070924,0.46791,8700223
1,2021-05-02,23177,6540115,16376,3277308,6231,2973726,570,289081,9392,1329000,0.152755,13682,2751925,0.316305,10001,4080925,0.46906,8700223
1,2021-05-03,55554,6595669,30679,3307987,23038,2996764,1837,290918,20556,1316686,0.151339,34778,2786703,0.320302,22464,4103389,0.471642,8700223
1,2021-05-04,74828,6670497,43141,3351128,29607,3026371,2080,292998,27207,1298732,0.149276,47346,2834049,0.325744,29392,4132781,0.47502,8700223
1,2021-05-05,77105,6747602,44776,3395904,30037,3056408,2292,295290,26401,1277115,0.146791,50392,2884441,0.331536,28775,4161556,0.478328,8700223
1,2021-05-06,77920,6825522,47064,3442968,28688,3085096,2168,297458,24397,1250668,0.143751,53173,2937614,0.337648,26726,4188282,0.481399,8700223
1,2021-05-07,82325,6907847,46827,3489795,33312,3118408,2186,299644,27655,1226305,0.140951,54272,2991886,0.343886,29909,4218191,0.484837,8700223
1,2021-05-08,56553,6964400,35507,3525302,19410,3137818,1636,301280,19341,1210476,0.139132,36900,3028786,0.348127,21071,4239262,0.487259,8700223
1,2021-05-09,18126,6982526,13043,3538345,4610,3142428,473,301753,5554,1204043,0.138392,12496,3041282,0.349564,6063,4245325,0.487956,8700223
1,2021-05-10,43003,7025529,21709,3560054,19514,3161942,1780,303533,14383,1191928,0.137,28374,3069656,0.352825,16259,4261584,0.489825,8700223
1,2021-05-11,61511,7087040,33408,3593462,25971,3187913,2132,305665,20360,1173655,0.134899,40890,3110546,0.357525,22617,4284201,0.492424,8700223
1,2021-05-12,62069,7149109,33108,3626570,26958,3214871,2003,307668,20462,1154878,0.132741,41315,3151861,0.362274,22538,4306739,0.495015,8700223
1,2021-05-13,66018,7215127,38780,3665350,25262,3240133,1976,309644,25155,1141782,0.131236,40509,3192370,0.36693,27413,4334152,0.498166,8700223
1,2021-05-14,75601,7290728,45648,3710998,27571,3267704,2382,312026,30655,1130522,0.129942,44575,3236945,0.372053,33315,4367467,0.501995,8700223
1,2021-05-15,64862,7355590,42562,3753560,20610,3288314,1690,313716,25652,1118999,0.128617,38939,3275884,0.376529,27416,4394883,0.505146,8700223
1,2021-05-16,24779,7380369,18256,3771816,5902,3294216,621,314337,10170,1115335,0.128196,14500,3290384,0.378195,10836,4405719,0.506392,8700223
1,2021-05-17,53818,7434187,32937,3804753,19127,3313343,1754,316091,22914,1109412,0.127515,30656,3321040,0.381719,24733,4430452,0.509234,8700223
1,2021-05-18,64568,7498755,38959,3843712,23792,3337135,1817,317908,28069,1103147,0.126795,36240,3357280,0.385884,29975,4460427,0.51268,8700223
1,2021-05-19,65879,7564634,40173,3883885,23786,3360921,1920,319828,29450,1098443,0.126255,36161,3393441,0.390041,31457,4491884,0.516295,8700223
1,2021-05-20,63671,7628305,37018,3920903,24489,3385410,2164,321992,26265,1089990,0.125283,37086,3430527,0.394303,28633,4520517,0.519586,8700223
1,2021-05-21,69465,7697770,41509,3962412,26107,3411517,1849,323841,28726,1080316,0.124171,40351,3470878,0.398941,30677,4551194,0.523112,8700223
1,2021-05-22,55291,7753061,36461,3998873,17127,3428644,1703,325544,24168,1075408,0.123607,30877,3501755,0.40249,25969,4577163,0.526097,8700223
1,2021-05-23,20058,7773119,14113,4012986,5359,3434003,586,326130,9351,1074763,0.123533,10607,3512362,0.403709,9962,4587125,0.527242,8700223
1,2021-05-24,43469,7816588,24266,4037252,17387,3451390,1816,327946,17676,1068786,0.122846,25556,3537918,0.406647,19579,4606704,0.529493,8700223
1,2021-05-25,50453,7867041,29100,4066352,19694,3471084,1659,329605,20942,1062245,0.122094,29242,3567160,0.410008,22701,4629405,0.532102,8700223
1,2021-05-26,48164,7915205,27356,4093708,18927,3490011,1881,331486,20452,1057215,0.121516,27413,3594573,0.413159,22383,4651788,0.534675,8700223
1,2021-05-27,46624,7961829,26231,4119939,18518,3508529,1875,333361,20112,1053097,0.121043,26232,3620805,0.416174,22114,4673902,0.537216,8700223
1,2021-05-28,51995,8013824,28978,4148917,21233,3529762,1784,335145,23355,1050023,0.120689,28342,3649147,0.419431,25268,4699170,0.540121,8700223
1,2021-05-29,30232,8044056,18319,4167236,10981,3540743,932,336077,14412,1049756,0.120659,15667,3664814,0.421232,15400,4714570,0.541891,8700223
1,2021-05-30,11525,8055581,7441,4174677,3539,3544282,545,336622,5439,1049748,0.120658,6017,3670831,0.421924,6009,4720579,0.542581,8700223
1,2021-05-31,5655,8061236,3229,4177906,2180,3546462,246,336868,1974,1048355,0.120497,3627,3674458,0.422341,2234,4722813,0.542838,8700223
1,2021-06-01,45400,8106636,25710,4203616,18186,3564648,1504,338372,17313,1039459,0.119475,27791,3702249,0.425535,18895,4741708,0.54501,8700223
1,2021-06-02,39650,8146286,23048,4226664,15136,3579784,1466,339838,16008,1033651,0.118807,23359,3725608,0.42822,17551,4759259,0.547027,8700223
1,2021-06-03,40950,8187236,25694,4252358,13609,3593393,1647,341485,15684,1026082,0.117937,24973,3750581,0.43109,17404,4776663,0.549028,8700223
1,2021-06-04,49681,8236917,31913,4284271,16023,3609416,1745,343230,17842,1014223,0.116574,31523,3782104,0.434713,19664,4796327,0.551288,8700223
1,2021-06-05,39729,8276646,27125,4311396,10664,3620080,1940,345170,14119,1004946,0.115508,25393,3807497,0.437632,16116,4812443,0.55314,8700223
1,2021-06-06,13008,8289654,10421,4321817,2087,3622167,500,345670,4511,1001600,0.115123,8419,3815916,0.4386,5073,4817516,0.553723,8700223
1,2021-06-07,33723,8323377,23263,4345080,9118,3631285,1342,347012,11999,993476,0.11419,21522,3837438,0.441074,13398,4830914,0.555263,8700223
1,2021-06-08,41836,8365213,29002,4374082,11230,3642515,1604,348616,14573,982743,0.112956,27004,3864442,0.444177,16271,4847185,0.557133,8700223
1,2021-06-09,41697,8406910,28971,4403053,11119,3653634,1607,350223,13564,970128,0.111506,27853,3892295,0.447379,15238,4862423,0.558885,8700223
1,2021-06-10,38656,8445566,26153,4429206,10864,3664498,1639,351862,13325,960107,0.110354,25104,3917399,0.450264,15083,4877506,0.560619,8700223
1,2021-06-11,43234,8488800,28712,4457918,12896,3677394,1626,353488,15321,949520,0.109137,27616,3945015,0.453438,17029,4894535,0.562576,8700223
1,2021-06-12,33472,8522272,24246,4482164,8045,3685439,1181,354669,11055,939610,0.107998,22216,3967231,0.455992,12306,4906841,0.56399,8700223
1,2021-06-13,11560,8533832,8400,4490564,2684,3688123,476,355145,3402,935433,0.107518,8091,3975322,0.456922,3914,4910755,0.56444,8700223
1,2021-06-14,30484,8564316,20535,4511099,8660,3696783,1289,356434,11392,929246,0.106807,18910,3994232,0.459095,12723,4923478,0.565903,8700223
1,2021-06-15,36909,8601225,24249,4535348,10832,3707615,1828,358262,13717,921937,0.105967,22947,4017179,0.461733,15638,4939116,0.5677,8700223
1,2021-06-16,35013,8636238,23700,4559048,9507,3717122,1806,360068,13157,915352,0.10521,21616,4038795,0.464217,15031,4954147,0.569428,8700223
1,2021-06-17,33200,8669438,21991,4581039,9285,3726407,1924,361992,13035,910463,0.104648,19937,4058732,0.466509,15048,4969195,0.571157,8700223
1,2021-06-18,38974,8708412,25300,4606339,10859,3737266,2815,364807,15121,904857,0.104004,23601,4082333,0.469222,17995,4987190,0.573226,8700223
1,2021-06-19,23583,8731995,16356,4622695,6043,3743309,1184,365991,9768,902202,0.103699,13642,4095975,0.47079,10987,4998177,0.574488,8700223
1,2021-06-20,8061,8740056,5888,4628583,1902,3745211,271,366262,3199,900883,0.103547,4799,4100774,0.471341,3480,5001657,0.574888,8700223
1,2021-06-21,20696,8760752,11704,4640287,6819,3752030,2173,368435,10778,904072,0.103914,9812,4110586,0.472469,13001,5014658,0.576383,8700223
1,2021-06-22,30366,8791118,19866,4660153,8404,3760434,2096,370531,12799,901666,0.103637,17377,4127963,0.474466,14971,5029629,0.578103,8700223
1,2021-06-23,28876,8819994,19380,4679533,7712,3768146,1784,372315,12630,900065,0.103453,16053,4144016,0.476311,14452,5044081,0.579765,8700223
1,2021-06-24,27600,8847594,18449,4697982,7545,3775691,1606,373921,11752,897824,0.103196,15667,4159683,0.478112,13426,5057507,0.581308,8700223
1,2021-06-25,30970,8878564,21138,4719120,8490,3784181,1342,375263,13642,895751,0.102957,17114,4176797,0.480079,15041,5072548,0.583037,8700223
1,2021-06-26,21580,8900144,16078,4735198,4727,3788908,775,376038,9441,894008,0.102757,12030,4188827,0.481462,10287,5082835,0.584219,8700223
1,2021-06-27,9009,8909153,6708,4741906,1887,3790795,414,376452,4030,893548,0.102704,4925,4193752,0.482028,4465,5087300,0.584732,8700223
1,2021-06-28,15641,8924794,11277,4753183,3427,3794222,937,377389,6943,892878,0.102627,8577,4202329,0.483014,7907,5095207,0.585641,8700223
2,2020-12-15,241,241,241,241,0,0,0,0,241,241,2.9e-05,0,0,0.0,241,241,2.9e-05,8407551
2,2020-12-16,2079,2320,2079,2320,0,0,0,0,2078,2319,0.000276,0,0,0.0,2078,2319,0.000276,8407551
2,2020-12-17,6840,9160,6840,9160,0,0,0,0,6840,9158,0.001089,1,1,0.0,6840,9159,0.001089,8407551
2,2020-12-18,11071,20231,11051,20211,20,20,0,0,11069,20226,0.002406,1,2,0.0,11069,20228,0.002406,8407551
2,2020-12-19,5621,25852,5615,25826,6,26,0,0,5622,25848,0.003074,0,2,0.0,5622,25850,0.003075,8407551
2,2020-12-20,4252,30104,4242,30068,10,36,0,0,4248,30096,0.00358,0,2,0.0,4248,30098,0.00358,8407551
2,2020-12-21,12778,42882,12753,42821,25,61,0,0,12733,42829,0.005094,0,2,0.0,12733,42831,0.005094,8407551
2,2020-12-22,12152,55034,11639,54460,513,574,0,0,12152,54981,0.006539,0,2,0.0,12152,54983,0.00654,8407551
2,2020-12-23,11687,66721,9471,63931,2216,2790,0,0,11690,66671,0.00793,1,3,0.0,11691,66674,0.00793,8407551
2,2020-12-24,5908,72629,3498,67429,2410,5200,0,0,5904,72574,0.008632,3,6,1e-06,5906,72580,0.008633,8407551
2,2020-12-25,480,73109,403,67832,77,5277,0,0,482,73056,0.008689,0,6,1e-06,482,73062,0.00869,8407551
2,2020-12-26,2566,75675,1672,69504,894,6171,0,0,2567,75622,0.008995,1,7,1e-06,2567,75629,0.008995,8407551
2,2020-12-27,2220,77895,1206,70710,1014,7185,0,0,2217,77837,0.009258,2,9,1e-06,2217,77846,0.009259,8407551
2,2020-12-28,11013,88908,7174,77884,3839,11024,0,0,11013,88849,0.010568,1,10,1e-06,11013,88859,0.010569,8407551
2,2020-12-29,12712,101620,7148,85032,5564,16588,0,0,12716,101565,0.01208,0,10,1e-06,12716,101575,0.012081,8407551
2,2020-12-30,15399,117019,8663,93695,6736,23324,0,0,15412,116974,0.013913,5,15,2e-06,15414,116989,0.013915,8407551
2,2020-12-31,7565,124584,2823,96518,4742,28066,0,0,7558,124527,0.014811,5,20,2e-06,7558,124547,0.014814,8407551
2,2021-01-01,1202,125786,585,97103,617,28683,0,0,1202,125726,0.014954,3,23,3e-06,1202,125749,0.014957,8407551
2,2021-01-02,4846,130632,2766,99869,2080,30763,0,0,4841,130565,0.015529,2,25,3e-06,4841,130590,0.015532,8407551
2,2021-01-03,1384,132016,788,100657,596,31359,0,0,1379,131941,0.015693,3,28,3e-06,1379,131969,0.015696,8407551
2,2021-01-04,11645,143661,5553,106210,6092,37451,0,0,11633,143571,0.017076,3,31,4e-06,11633,143602,0.01708,8407551
2,2021-01-05,13870,157531,6926,113136,6944,44395,0,0,12673,155088,0.018446,1190,1221,0.000145,12707,156309,0.018592,8407551
2,2021-01-06,18969,176500,10454,123590,8515,52910,0,0,15203,166587,0.019814,3713,4934,0.000587,15212,171521,0.020401,8407551
2,2021-01-07,23197,199697,13096,136686,10101,63011,0,0,15569,174533,0.020759,7637,12571,0.001495,15583,187104,0.022254,8407551
2,2021-01-08,26445,226142,15985,152671,10460,73471,0,0,16328,180815,0.021506,10068,22639,0.002693,16350,203454,0.024199,8407551
2,2021-01-09,9768,235910,5678,158349,4090,77561,0,0,6256,183557,0.021832,3521,26160,0.003111,6263,209717,0.024944,8407551
2,2021-01-10,5295,241205,2926,161275,2369,79930,0,0,3068,184392,0.021932,2238,28398,0.003378,3073,212790,0.025309,8407551
2,2021-01-11,26054,267259,17923,179198,8131,88061,0,0,15007,188383,0.022406,11066,39464,0.004694,15057,227847,0.0271,8407551
2,2021-01-12,26204,293463,16298,195496,9906,97967,0,0,16656,195551,0.023259,9571,49035,0.005832,16739,244586,0.029091,8407551
2,2021-01-13,28567,322030,15172,210668,13395,111362,0,0,20611,208241,0.024768,7949,56984,0.006778,20639,265225,0.031546,8407551
2,2021-01-14,30261,352291,11511,222179,18750,130112,0,0,26017,230062,0.027364,4267,61251,0.007285,26088,291313,0.034649,8407551
2,2021-01-15,35128,387419,12827,235006,22301,152413,0,0,31856,258725,0.030773,3280,64531,0.007675,31943,323256,0.038448,8407551
2,2021-01-16,17686,405105,5627,240633,12059,164472,0,0,16356,273741,0.032559,1351,65882,0.007836,16367,339623,0.040395,8407551
2,2021-01-17,10667,415772,3628,244261,7039,171511,0,0,9954,282961,0.033656,742,66624,0.007924,9962,349585,0.04158,8407551
2,2021-01-18,19682,435454,11010,255271,8672,180183,0,0,14886,293090,0.03486,4814,71438,0.008497,14943,364528,0.043357,8407551
2,2021-01-19,32461,467915,16941,272212,15520,195703,0,0,24477,309696,0.036835,7985,79423,0.009447,24591,389119,0.046282,8407551
2,2021-01-20,37615,505530,18999,291211,18616,214319,0,0,29003,330203,0.039275,8588,88011,0.010468,29095,418214,0.049743,8407551
2,2021-01-21,40889,546419,17414,308625,23475,237794,0,0,36425,362358,0.043099,4440,92451,0.010996,36595,454809,0.054095,8407551
2,2021-01-22,39530,585949,16557,325182,22973,260767,0,0,36188,395224,0.047008,3348,95799,0.011394,36214,491023,0.058403,8407551
2,2021-01-23,24113,610062,10798,335980,13315,274082,0,0,21145,413453,0.049176,2943,98742,0.011744,21172,512195,0.060921,8407551
2,2021-01-24,12428,622490,6112,342092,6316,280398,0,0,11507,424067,0.050439,905,99647,0.011852,11519,523714,0.062291,8407551
2,2021-01-25,33887,656377,15664,357756,18223,298621,0,0,25083,440539,0.052398,8747,108394,0.012892,25219,548933,0.06529,8407551
2,2021-01-26,40453,696830,19950,377706,20503,319124,0,0,31348,462889,0.055056,9083,117477,0.013973,31433,580366,0.069029,8407551
2,2021-01-27,45864,742694,22903,400609,22961,342085,0,0,35643,488489,0.058101,10101,127578,0.015174,35701,616067,0.073275,8407551
2,2021-01-28,48153,790847,22737,423346,25416,367501,0,0,39501,519468,0.061786,8594,136172,0.016196,39573,655640,0.077982,8407551
2,2021-01-29,45703,836550,22246,445592,23457,390958,0,0,37014,547961,0.065175,8584,144756,0.017217,37077,692717,0.082392,8407551
2,2021-01-30,31599,868149,13671,459263,17928,408886,0,0,28222,572881,0.068139,3337,148093,0.017614,28257,720974,0.085753,8407551
2,2021-01-31,17568,885717,10609,469872,6959,415845,0,0,16359,588073,0.069946,1187,149280,0.017755,16379,737353,0.087701,8407551
2,2021-02-01,41136,926853,19884,489756,21252,437097,0,0,30173,607368,0.072241,10917,160197,0.019054,30212,767565,0.091295,8407551
2,2021-02-02,47817,974670,19496,509252,28321,465418,0,0,36403,632524,0.075233,11344,171541,0.020403,36500,804065,0.095636,8407551
2,2021-02-03,54309,1028979,24244,533496,30065,495483,0,0,40174,658756,0.078353,14037,185578,0.022073,40269,844334,0.100426,8407551
2,2021-02-04,56196,1085175,24329,557825,31867,527350,0,0,41111,684982,0.081472,14985,200563,0.023855,41211,885545,0.105327,8407551
2,2021-02-05,59940,1145115,26414,584239,33526,560876,0,0,40586,706577,0.084041,19167,219730,0.026135,40762,926307,0.110176,8407551
2,2021-02-06,39012,1184127,18171,602410,20841,581717,0,0,31346,730426,0.086877,7588,227318,0.027037,31437,957744,0.113915,8407551
2,2021-02-07,15990,1200117,10708,613118,5282,586999,0,0,12140,738807,0.087874,3828,231146,0.027493,12209,969953,0.115367,8407551
2,2021-02-08,43417,1243534,22397,635515,21020,608019,0,0,29887,755522,0.089862,13384,244530,0.029085,30099,1000052,0.118947,8407551
2,2021-02-09,49426,1292960,23543,659058,25883,633902,0,0,30647,767983,0.091344,18517,263047,0.031287,30978,1031030,0.122631,8407551
2,2021-02-10,59792,1352752,28201,687259,31591,665493,0,0,34567,777971,0.092532,24933,287980,0.034253,34921,1065951,0.126785,8407551
2,2021-02-11,64303,1417055,29777,717036,34526,700019,0,0,35947,786361,0.09353,28055,316035,0.037589,36445,1102396,0.13112,8407551
2,2021-02-12,65355,1482410,28250,745286,37105,737124,0,0,34722,791410,0.094131,30335,346370,0.041197,35384,1137780,0.135328,8407551
2,2021-02-13,38059,1520469,15913,761199,22146,759270,0,0,22014,797854,0.094897,15948,362318,0.043094,22392,1160172,0.137992,8407551
2,2021-02-14,20086,1540555,9434,770633,10652,769922,0,0,11266,800708,0.095237,8773,371091,0.044138,11627,1171799,0.139375,8407551
2,2021-02-15,33271,1573826,15096,785729,18175,788097,0,0,18406,805235,0.095775,14736,385827,0.045891,19263,1191062,0.141666,8407551
2,2021-02-16,56346,1630172,27837,813566,28509,816606,0,0,29657,808983,0.096221,26590,412417,0.049053,30338,1221400,0.145274,8407551
2,2021-02-17,61908,1692080,32076,845642,29832,846438,0,0,30647,809294,0.096258,31176,443593,0.052761,31487,1252887,0.149019,8407551
2,2021-02-18,66368,1758448,33679,879321,32689,879127,0,0,32219,808769,0.096196,33898,477491,0.056793,33373,1286260,0.152989,8407551
2,2021-02-19,59659,1818107,33318,912639,26341,905468,0,0,29457,808831,0.096203,30012,507503,0.060363,30074,1316334,0.156566,8407551
2,2021-02-20,37714,1855821,24661,937300,13053,918521,0,0,20359,812639,0.096656,17251,524754,0.062415,21059,1337393,0.15907,8407551
2,2021-02-21,21224,1877045,17624,954924,3600,922121,0,0,10154,812609,0.096652,10990,535744,0.063722,10960,1348353,0.160374,8407551
2,2021-02-22,37903,1914948,25977,980901,11926,934047,0,0,18124,811735,0.096548,19680,555424,0.066063,18806,1367159,0.162611,8407551
2,2021-02-23,52051,1966999,26705,1007606,25346,959393,0,0,22934,807660,0.096064,28918,584342,0.069502,24843,1392002,0.165566,8407551
2,2021-02-24,68603,2035602,35356,1042962,33247,992640,0,0,31569,804714,0.095713,36885,621227,0.073889,33939,1425941,0.169602,8407551
2,2021-02-25,74477,2110079,35106,1078068,39371,1032011,0,0,37963,809198,0.096247,36299,657526,0.078207,40783,1466724,0.174453,8407551
2,2021-02-26,82684,2192763,35332,1113400,47352,1079363,0,0,44686,818361,0.097336,37733,695259,0.082695,46896,1513620,0.180031,8407551
2,2021-02-27,60453,2253216,27993,1141393,32453,1111816,7,7,33017,825493,0.098185,27231,722490,0.085933,34363,1547983,0.184118,8407551
2,2021-02-28,29953,2283169,17926,1159319,12026,1123842,1,8,17525,831524,0.098902,12326,734816,0.0874,18357,1566340,0.186302,8407551
2,2021-03-01,57140,2340309,30071,1189390,27032,1150874,37,45,31064,838025,0.099675,25809,760625,0.090469,32310,1598650,0.190145,8407551
2,2021-03-02,67975,2408284,32749,1222139,35219,1186093,7,52,38504,849557,0.101047,29325,789950,0.093957,40857,1639507,0.195004,8407551
2,2021-03-03,79853,2488137,38782,1260921,41057,1227150,14,66,45153,862784,0.10262,34512,824462,0.098062,47739,1687246,0.200682,8407551
2,2021-03-04,87410,2575547,43131,1304052,44249,1271399,30,96,50439,878876,0.104534,36765,861227,0.102435,52857,1740103,0.206969,8407551
2,2021-03-05,80868,2656415,38291,1342343,42272,1313671,305,401,49708,900306,0.107083,30965,892192,0.106118,52395,1792498,0.213201,8407551
2,2021-03-06,62521,2718936,30562,1372905,30272,1343943,1687,2088,38509,918054,0.109194,23894,916086,0.10896,41642,1834140,0.218154,8407551
2,2021-03-07,27644,2746580,16182,1389087,10486,1354429,976,3064,17831,928219,0.110403,9753,925839,0.11012,19918,1854058,0.220523,8407551
2,2021-03-08,49999,2796579,23058,1412145,24471,1378900,2470,5534,31636,945715,0.112484,18260,944099,0.112292,35756,1889814,0.224776,8407551
2,2021-03-09,69954,2866533,32010,1444155,34159,1413059,3785,9319,38831,958696,0.114028,31004,975103,0.115979,43985,1933799,0.230007,8407551
2,2021-03-10,77793,2944326,36942,1481097,34302,1447361,6549,15868,41373,971755,0.115581,36220,1011323,0.120287,49279,1983078,0.235869,8407551
2,2021-03-11,92727,3037053,42862,1523959,41511,1488872,8354,24222,48506,986112,0.117289,43930,1055253,0.125513,58287,2041365,0.242801,8407551
2,2021-03-12,93781,3130834,38595,1562554,43187,1532059,11999,36221,46802,999605,0.118894,46760,1102013,0.131074,60253,2101618,0.249968,8407551
2,2021-03-13,68868,3199702,28903,1591457,32050,1564109,7915,44136,37960,1016017,0.120846,30776,1132789,0.134735,47188,2148806,0.25558,8407551
2,2021-03-14,36592,3236294,18280,1609737,13785,1577894,4527,48663,18639,1022082,0.121567,17860,1150649,0.136859,23925,2172731,0.258426,8407551
2,2021-03-15,67206,3303500,30403,1640140,31756,1609650,5047,53710,37148,1035536,0.123167,29854,1180503,0.14041,43308,2216039,0.263577,8407551
2,2021-03-16,86111,3389611,38126,1678266,43972,1653622,4013,57723,52393,1059527,0.126021,33552,1214055,0.144401,57543,2273582,0.270421,8407551
2,2021-03-17,92389,3482000,44276,1722542,43956,1697578,4157,61880,58865,1090132,0.129661,33270,1247325,0.148358,63875,2337457,0.278019,8407551
2,2021-03-18,97798,3579798,46701,1769243,46516,1744094,4581,66461,59985,1117739,0.132945,37528,1284853,0.152821,65135,2402592,0.285766,8407551
2,2021-03-19,97244,3677042,46018,1815261,45090,1789184,6136,72597,58072,1143589,0.136019,38895,1323748,0.157448,64745,2467337,0.293467,8407551
2,2021-03-20,69538,3746580,33725,1848986,31889,1821073,3924,76521,45693,1169963,0.139156,23613,1347361,0.160256,49987,2517324,0.299412,8407551
2,2021-03-21,33193,3779773,21512,1870498,9699,1830772,1982,78503,20513,1180336,0.14039,12560,1359921,0.16175,22933,2540257,0.30214,8407551
2,2021-03-22,62658,3842431,34486,1904984,25527,1856299,2645,81148,41753,1204961,0.143319,20688,1380609,0.164211,45313,2585570,0.30753,8407551
2,2021-03-23,83593,3926024,44483,1949467,36203,1892502,2907,84055,52502,1230376,0.146342,30838,1411447,0.167878,56253,2641823,0.31422,8407551
2,2021-03-24,91371,4017395,49147,1998614,39074,1931576,3150,87205,53931,1251144,0.148812,37137,1448584,0.172296,57905,2699728,0.321108,8407551
2,2021-03-25,100949,4118344,50909,2049523,46143,1977719,3897,91102,57487,1270143,0.151072,43152,1491736,0.177428,62151,2761879,0.3285,8407551
2,2021-03-26,103041,4221385,51153,2100676,48398,2026117,3490,94592,56773,1285544,0.152904,45921,1537657,0.18289,61322,2823201,0.335794,8407551
2,2021-03-27,75270,4296655,37555,2138231,34407,2060524,3308,97900,37916,1290502,0.153493,37131,1574788,0.187306,42089,2865290,0.3408,8407551
2,2021-03-28,37512,4334167,23160,2161391,13543,2074067,809,98709,20257,1295235,0.154056,17136,1591924,0.189345,21869,2887159,0.343401,8407551
2,2021-03-29,71047,4405214,36162,2197553,32616,2106683,2269,100978,40670,1308888,0.15568,30191,1622115,0.192935,43844,2931003,0.348616,8407551
2,2021-03-30,91642,4496856,44830,2242383,42456,2149139,4356,105334,51703,1325817,0.157694,39745,1661860,0.197663,56674,2987677,0.355356,8407551
2,2021-03-31,100967,4597823,51976,2294359,43881,2193020,5110,110444,57553,1345714,0.16006,43117,1704977,0.202791,63014,3050691,0.362851,8407551
2,2021-04-01,117286,4715109,56652,2351011,51443,2244463,9191,119635,64121,1366672,0.162553,52809,1757786,0.209072,73767,3124458,0.371625,8407551
2,2021-04-02,111475,4826584,51381,2402392,49944,2294407,10150,129785,60218,1386625,0.164926,50905,1808691,0.215127,70858,3195316,0.380053,8407551
2,2021-04-03,76657,4903241,37608,2440000,29234,2323641,9815,139600,38071,1396541,0.166106,38386,1847077,0.219693,48302,3243618,0.385798,8407551
2,2021-04-04,29021,4932262,14910,2454910,10259,2333900,3852,143452,13084,1397672,0.16624,15848,1862925,0.221578,16979,3260597,0.387818,8407551
2,2021-04-05,78904,5011166,38705,2493615,31421,2365321,8778,152230,38348,1405172,0.167132,40397,1903322,0.226382,47897,3308494,0.393515,8407551
2,2021-04-06,103769,5114935,50532,2544147,38546,2403867,14691,166921,49393,1415561,0.168368,54124,1957446,0.23282,64513,3373007,0.401188,8407551
2,2021-04-07,110244,5225179,55024,2599171,38989,2442856,16231,183152,52115,1426352,0.169651,57860,2015306,0.239702,68651,3441658,0.409353,8407551
2,2021-04-08,119256,5344435,57401,2656572,43140,2485996,18715,201867,55463,1437677,0.170998,63464,2078770,0.24725,74789,3516447,0.418249,8407551
2,2021-04-09,118695,5463130,57087,2713659,43465,2529461,18143,220010,56178,1450733,0.172551,62159,2140929,0.254644,75215,3591662,0.427195,8407551
2,2021-04-10,87375,5550505,37777,2751436,31249,2560710,18349,238359,36093,1454843,0.17304,51026,2191955,0.260713,55136,3646798,0.433753,8407551
2,2021-04-11,44368,5594873,23034,2774470,12867,2573577,8467,246826,18260,1456329,0.173217,25975,2217930,0.263802,27461,3674259,0.437019,8407551
2,2021-04-12,79948,5674821,37229,2811699,33334,2606911,9385,256211,35848,1458743,0.173504,43840,2261770,0.269017,46254,3720513,0.44252,8407551
2,2021-04-13,101872,5776693,52843,2864542,48770,2655681,259,256470,55935,1470157,0.174862,45691,2307461,0.274451,57105,3777618,0.449313,8407551
2,2021-04-14,106661,5883354,55834,2920376,50775,2706456,52,256522,54686,1474658,0.175397,51684,2359145,0.280598,56185,3833803,0.455995,8407551
2,2021-04-15,113310,5996664,60214,2980590,53018,2759474,78,256600,59438,1481773,0.176243,53498,2412643,0.286961,60613,3894416,0.463205,8407551
2,2021-04-16,110590,6107254,57457,3038047,53083,2812557,50,256650,56328,1485086,0.176637,53925,2466568,0.293375,57238,3951654,0.470012,8407551
2,2021-04-17,83233,6190487,42357,3080404,40859,2853416,17,256667,46811,1496606,0.178007,36172,2502740,0.297678,47692,3999346,0.475685,8407551
2,2021-04-18,35479,6225966,21625,3102029,13848,2867264,6,256673,16963,1496173,0.177956,18379,2521119,0.299864,17946,4017292,0.47782,8407551
2,2021-04-19,74680,6300646,40243,3142272,34422,2901686,15,256688,34159,1490731,0.177309,40252,2561371,0.304651,34810,4052102,0.48196,8407551
2,2021-04-20,97407,6398053,49354,3191626,48026,2949712,27,256715,47371,1489167,0.177123,49715,2611086,0.310564,48151,4100253,0.487687,8407551
2,2021-04-21,103244,6501297,55903,3247529,47286,2996998,55,256770,49008,1485333,0.176667,53806,2664892,0.316964,49972,4150225,0.493631,8407551
2,2021-04-22,107257,6608554,55538,3303067,51698,3048696,21,256791,47037,1473469,0.175255,59839,2724731,0.324081,47975,4198200,0.499337,8407551
2,2021-04-23,106658,6715212,56758,3359825,49882,3098578,18,256809,49320,1466799,0.174462,56945,2781676,0.330854,50275,4248475,0.505317,8407551
2,2021-04-24,79617,6794829,47041,3406866,32536,3131114,40,256849,41596,1471660,0.17504,37707,2819383,0.335339,42568,4291043,0.51038,8407551
2,2021-04-25,36078,6830907,22266,3429132,13797,3144911,15,256864,19693,1475568,0.175505,16262,2835645,0.337274,20170,4311213,0.512779,8407551
2,2021-04-26,73531,6904438,40761,3469893,32467,3177378,303,257167,33900,1471868,0.175065,39377,2875022,0.341957,35677,4346890,0.517022,8407551
2,2021-04-27,87632,6992070,46199,3516092,40070,3217448,1363,258530,37693,1462579,0.17396,49588,2924610,0.347855,40299,4387189,0.521815,8407551
2,2021-04-28,87421,7079491,46750,3562842,38811,3256259,1860,260390,38625,1455512,0.17312,48484,2973094,0.353622,41417,4428606,0.526741,8407551
2,2021-04-29,90133,7169624,49096,3611938,39342,3295601,1695,262085,35080,1438194,0.17106,54706,3027800,0.360129,37388,4465994,0.531188,8407551
2,2021-04-30,93628,7263252,51771,3663709,39874,3335475,1983,264068,36434,1420504,0.168956,56781,3084581,0.366882,39091,4505085,0.535838,8407551
2,2021-05-01,61682,7324934,37657,3701366,22463,3357938,1562,265630,24013,1409559,0.167654,37377,3121958,0.371328,26432,4531517,0.538982,8407551
2,2021-05-02,29101,7354035,20190,3721556,7939,3365877,972,266602,11075,1403813,0.166971,17889,3139847,0.373456,12143,4543660,0.540426,8407551
2,2021-05-03,59812,7413847,35413,3756969,22354,3388231,2045,268647,20123,1386836,0.164951,39424,3179271,0.378145,22447,4566107,0.543096,8407551
2,2021-05-04,79329,7493176,47366,3804335,29593,3417824,2370,271017,25800,1362205,0.162022,53213,3232484,0.384474,28582,4594689,0.546496,8407551
2,2021-05-05,79770,7572946,47540,3851875,29887,3447711,2343,273360,25027,1335563,0.158853,54369,3286853,0.390941,27727,4622416,0.549793,8407551
2,2021-05-06,81945,7654891,49608,3901483,29437,3477148,2900,276260,25072,1307743,0.155544,56440,3343293,0.397654,28620,4651036,0.553197,8407551
2,2021-05-07,82974,7737865,47850,3949333,32699,3509847,2425,278685,25591,1279180,0.152147,57046,3400339,0.404439,28483,4679519,0.556585,8407551
2,2021-05-08,54993,7792858,33397,3982730,19889,3529736,1707,280392,17288,1261425,0.150035,37478,3437817,0.408896,19723,4699242,0.558931,8407551
2,2021-05-09,21678,7814536,15641,3998371,5296,3535032,741,281133,6328,1253452,0.149086,15273,3453090,0.410713,7300,4706542,0.559799,8407551
2,2021-05-10,49652,7864188,27114,4025485,20680,3555712,1858,282991,14038,1234574,0.146841,35389,3488479,0.414922,16511,4723053,0.561763,8407551
2,2021-05-11,65401,7929589,35266,4060751,28031,3583743,2104,285095,19840,1211923,0.144147,45286,3533765,0.420308,22635,4745688,0.564455,8407551
2,2021-05-12,64456,7994045,34460,4095211,27797,3611540,2199,287294,19038,1188419,0.141351,45129,3578894,0.425676,21625,4767313,0.567028,8407551
2,2021-05-13,70239,8064284,40937,4136148,27366,3638906,1936,289230,25834,1172783,0.139492,44134,3623028,0.430925,28498,4795811,0.570417,8407551
2,2021-05-14,78962,8143246,47408,4183556,29317,3668223,2237,291467,30384,1157830,0.137713,48224,3671252,0.436661,33271,4829082,0.574374,8407551
2,2021-05-15,65784,8209030,43215,4226771,20856,3689079,1713,293180,25477,1145330,0.136226,40082,3711334,0.441429,27582,4856664,0.577655,8407551
2,2021-05-16,31372,8240402,23509,4250280,6940,3696019,923,294103,12817,1140761,0.135683,18438,3729772,0.443622,13869,4870533,0.579305,8407551
2,2021-05-17,57554,8297956,36465,4286745,19149,3715168,1940,296043,22713,1131152,0.13454,34629,3764401,0.44774,25020,4895553,0.58228,8407551
2,2021-05-18,69721,8367677,40803,4327548,26957,3742125,1961,298004,27738,1119657,0.133173,41732,3806133,0.452704,30237,4925790,0.585877,8407551
2,2021-05-19,68284,8435961,40473,4368021,25829,3767954,1982,299986,27110,1108322,0.131825,40893,3847026,0.457568,29558,4955348,0.589393,8407551
2,2021-05-20,68638,8504599,39754,4407775,26710,3794664,2174,302160,26073,1094899,0.130228,42263,3889289,0.462595,28840,4984188,0.592823,8407551
2,2021-05-21,72029,8576628,42486,4450261,27411,3822075,2132,304292,27512,1080919,0.128565,44180,3933469,0.46785,30200,5014388,0.596415,8407551
2,2021-05-22,53040,8629668,33570,4483831,17708,3839783,1762,306054,22123,1074627,0.127817,30712,3964181,0.471502,24420,5038808,0.599319,8407551
2,2021-05-23,23975,8653643,16490,4500321,6763,3846546,722,306776,10136,1071904,0.127493,13716,3977897,0.473134,10993,5049801,0.600627,8407551
2,2021-05-24,44479,8698122,25306,4525627,17411,3863957,1762,308538,17147,1064031,0.126557,27124,4005021,0.47636,19251,5069052,0.602917,8407551
2,2021-05-25,50461,8748583,29566,4555193,19034,3882991,1861,310399,19211,1054684,0.125445,30964,4035985,0.480043,21617,5090669,0.605488,8407551
2,2021-05-26,48514,8797097,27216,4582409,19632,3902623,1666,312065,18995,1046493,0.124471,29200,4065185,0.483516,21009,5111678,0.607987,8407551
2,2021-05-27,46412,8843509,26281,4608690,18388,3921011,1743,313808,18588,1039736,0.123667,27596,4092781,0.486798,20839,5132517,0.610465,8407551
2,2021-05-28,49695,8893204,27439,4636129,20305,3941316,1951,315759,20918,1034499,0.123044,28531,4121312,0.490192,23294,5155811,0.613236,8407551
2,2021-05-29,28885,8922089,17288,4653417,10551,3951867,1046,316805,13228,1033429,0.122917,15510,4136822,0.492037,14440,5170251,0.614953,8407551
2,2021-05-30,12517,8934606,8050,4661467,3711,3955578,756,317561,5475,1032732,0.122834,6994,4143816,0.492868,6297,5176548,0.615702,8407551
2,2021-05-31,5867,8940473,3418,4664885,2147,3957725,302,317863,1827,1030918,0.122618,3993,4147809,0.493343,2179,5178727,0.615961,8407551
2,2021-06-01,44439,8984912,25583,4690468,17282,3975007,1574,319437,15532,1019778,0.121293,28628,4176437,0.496748,17488,5196215,0.618041,8407551
2,2021-06-02,38058,9022970,22374,4712842,14293,3989300,1391,320828,14978,1013606,0.120559,22836,4199273,0.499464,16664,5212879,0.620023,8407551
2,2021-06-03,41195,9064165,26576,4739418,13176,4002476,1443,322271,13915,1002298,0.119214,27049,4226322,0.502682,15741,5228620,0.621896,8407551
2,2021-06-04,47757,9111922,31149,4770567,15076,4017552,1532,323803,15469,987812,0.117491,32010,4258332,0.506489,17524,5246144,0.62398,8407551
2,2021-06-05,37486,9149408,26745,4797312,9305,4026857,1436,325239,11777,975943,0.116079,25493,4283825,0.509521,13624,5259768,0.6256,8407551
2,2021-06-06,14708,9164116,12043,4809355,2084,4028941,581,325820,4625,971304,0.115528,10026,4293851,0.510714,5387,5265155,0.626241,8407551
2,2021-06-07,33005,9197121,23080,4832435,8657,4037598,1268,327088,10735,961424,0.114352,22134,4315985,0.513346,12254,5277409,0.627699,8407551
2,2021-06-08,40389,9237510,28598,4861033,10431,4048029,1360,328448,12430,947861,0.112739,27722,4343707,0.516644,14159,5291568,0.629383,8407551
2,2021-06-09,37846,9275356,26467,4887500,9888,4057917,1491,329939,11492,935002,0.11121,26166,4369873,0.519756,13307,5304875,0.630966,8407551
2,2021-06-10,37487,9312843,26095,4913595,9881,4067798,1511,331450,11705,923098,0.109794,25585,4395458,0.522799,13681,5318556,0.632593,8407551
2,2021-06-11,40975,9353818,27200,4940795,12114,4079912,1661,333111,13201,910730,0.108323,27520,4422978,0.526072,15152,5333708,0.634395,8407551
2,2021-06-12,29194,9383012,21488,4962283,6794,4086706,912,334023,8696,900181,0.107068,20367,4443345,0.528495,9818,5343526,0.635563,8407551
2,2021-06-13,12100,9395112,8831,4971114,2660,4089366,609,334632,3088,895095,0.106463,8949,4452294,0.529559,3863,5347389,0.636022,8407551
2,2021-06-14,29657,9424769,21022,4992136,7456,4096822,1179,335811,10263,887505,0.10556,19238,4471532,0.531847,11648,5359037,0.637408,8407551
2,2021-06-15,35335,9460104,23531,5015667,9769,4106591,2035,337846,12017,878843,0.10453,23088,4494620,0.534593,14426,5373463,0.639123,8407551
2,2021-06-16,32718,9492822,22590,5038257,8353,4114944,1775,339621,11327,871022,0.1036,21227,4515847,0.537118,13406,5386869,0.640718,8407551
2,2021-06-17,30496,9523318,20411,5058668,8310,4123254,1775,341396,10810,864300,0.1028,19513,4535360,0.539439,12791,5399660,0.642239,8407551
2,2021-06-18,34194,9557512,22525,5081193,9808,4133062,1861,343257,12497,857426,0.101983,21492,4556852,0.541995,14618,5414278,0.643978,8407551
2,2021-06-19,20725,9578237,14437,5095630,5041,4138103,1247,344504,7884,854072,0.101584,12667,4569519,0.543502,9313,5423591,0.645086,8407551
2,2021-06-20,8181,9586418,5834,5101464,1883,4139986,464,344968,3040,852545,0.101402,5098,4574617,0.544108,3571,5427162,0.64551,8407551
2,2021-06-21,19087,9605505,11677,5113141,6114,4146100,1296,346264,9824,854698,0.101658,9146,4583763,0.545196,11299,5438461,0.646854,8407551
2,2021-06-22,26572,9632077,18225,5131366,7003,4153103,1344,347608,10475,850850,0.101201,15932,4599695,0.547091,12084,5450545,0.648292,8407551
2,2021-06-23,25565,9657642,17660,5149026,6320,4159423,1585,349193,10438,848171,0.100882,14992,4614687,0.548874,12313,5462858,0.649756,8407551
2,2021-06-24,24899,9682541,17014,5166040,6455,4165878,1430,350623,10361,845805,0.100601,14387,4629074,0.550585,12021,5474879,0.651186,8407551
2,2021-06-25,27970,9710511,19000,5185040,7545,4173423,1425,352048,11731,843101,0.100279,16085,4645159,0.552498,13381,5488260,0.652777,8407551
2,2021-06-26,18133,9728644,13405,5198445,3844,4177267,884,352932,7402,840991,0.100028,10647,4655806,0.553765,8537,5496797,0.653793,8407551
2,2021-06-27,8682,9737326,6627,5205072,1609,4178876,446,353378,3502,839922,0.099901,5136,4660942,0.554376,4067,5500864,0.654277,8407551
2,2021-06-28,13978,9751304,10435,5215507,2711,4181587,832,354210,5992,838899,0.099779,7905,4668847,0.555316,6882,5507746,0.655095,8407551
3,2020-12-15,304,304,304,304,0,0,0,0,304,304,3.7e-05,0,0,0.0,304,304,3.7e-05,8129050
3,2020-12-16,2311,2615,2311,2615,0,0,0,0,2312,2616,0.000322,0,0,0.0,2312,2616,0.000322,8129050
3,2020-12-17,7792,10407,7792,10407,0,0,0,0,7790,10405,0.00128,1,1,0.0,7790,10406,0.00128,8129050
3,2020-12-18,13390,23797,13377,23784,13,13,0,0,13390,23795,0.002927,0,1,0.0,13390,23796,0.002927,8129050
3,2020-12-19,7220,31017,7209,30993,11,24,0,0,7284,31079,0.003823,0,1,0.0,7284,31080,0.003823,8129050
3,2020-12-20,5657,36674,5650,36643,7,31,0,0,5704,36782,0.004525,1,2,0.0,5704,36784,0.004525,8129050
3,2020-12-21,14342,51016,14317,50960,25,56,0,0,14406,51187,0.006297,1,3,0.0,14406,51190,0.006297,8129050
3,2020-12-22,14774,65790,14194,65154,580,636,0,0,14812,65998,0.008119,1,4,0.0,14812,66002,0.008119,8129050
3,2020-12-23,14826,80616,12218,77372,2608,3244,0,0,14854,80852,0.009946,1,5,1e-06,14855,80857,0.009947,8129050
3,2020-12-24,6783,87399,4868,82240,1915,5159,0,0,6781,87632,0.01078,1,6,1e-06,6781,87638,0.010781,8129050
3,2020-12-25,722,88121,665,82905,57,5216,0,0,720,88352,0.010869,0,6,1e-06,720,88358,0.010869,8129050
3,2020-12-26,4616,92737,2997,85902,1619,6835,0,0,4614,92966,0.011436,0,6,1e-06,4614,92972,0.011437,8129050
3,2020-12-27,2979,95716,1849,87751,1130,7965,0,0,2979,95945,0.011803,0,6,1e-06,2979,95951,0.011803,8129050
3,2020-12-28,13624,109340,8726,96477,4898,12863,0,0,13650,109594,0.013482,1,7,1e-06,13650,109601,0.013483,8129050
3,2020-12-29,15007,124347,8470,104947,6537,19400,0,0,15034,124626,0.015331,2,9,1e-06,15034,124635,0.015332,8129050
3,2020-12-30,18014,142361,10022,114969,7992,27392,0,0,18000,142625,0.017545,2,11,1e-06,18001,142636,0.017546,8129050
3,2020-12-31,8440,150801,3234,118203,5206,32598,0,0,8440,151064,0.018583,1,12,1e-06,8440,151076,0.018585,8129050
3,2021-01-01,1371,152172,637,118840,734,33332,0,0,1367,152430,0.018751,1,13,2e-06,1367,152443,0.018753,8129050
3,2021-01-02,4941,157113,2425,121265,2516,35848,0,0,4941,157371,0.019359,0,13,2e-06,4941,157384,0.019361,8129050
3,2021-01-03,1611,158724,847,122112,764,36612,0,0,1600,158967,0.019555,4,17,2e-06,1600,158984,0.019558,8129050
3,2021-01-04,11985,170709,5948,128060,6037,42649,0,0,11959,170919,0.021026,7,24,3e-06,11959,170943,0.021029,8129050
3,2021-01-05,15659,186368,8100,136160,7559,50208,0,0,14033,183367,0.022557,1612,1636,0.000201,14060,185003,0.022758,8129050
3,2021-01-06,20531,206899,10818,146978,9713,59921,0,0,16057,195002,0.023988,4430,6066,0.000746,16065,201068,0.024735,8129050
3,2021-01-07,26531,233430,15174,162152,11357,71278,0,0,17117,202752,0.024942,9383,15449,0.0019,17133,218201,0.026842,8129050
3,2021-01-08,30395,263825,18550,180702,11845,83123,0,0,18038,208478,0.025646,12334,27783,0.003418,18060,236261,0.029064,8129050
3,2021-01-09,12386,276211,6991,187693,5395,88518,0,0,7873,211853,0.026061,4507,32290,0.003972,7882,244143,0.030033,8129050
3,2021-01-10,7175,283386,4464,192157,2711,91229,0,0,4033,212751,0.026172,3140,35430,0.004358,4038,248181,0.03053,8129050
3,2021-01-11,28973,312359,18968,211125,10005,101234,0,0,16392,216612,0.026647,12574,48004,0.005905,16435,264616,0.032552,8129050
3,2021-01-12,32353,344712,19403,230528,12950,114184,0,0,19829,224023,0.027558,12505,60509,0.007444,19916,284532,0.035002,8129050
3,2021-01-13,34446,379158,18009,248537,16437,130621,0,0,24249,238094,0.029289,10198,70707,0.008698,24269,308801,0.037987,8129050
3,2021-01-14,34668,413826,14247,262784,20421,151042,0,0,28770,261030,0.032111,5871,76578,0.00942,28807,337608,0.041531,8129050
3,2021-01-15,38842,452668,14460,277244,24382,175424,0,0,34169,290607,0.035749,4661,81239,0.009994,34238,371846,0.045743,8129050
3,2021-01-16,21901,474569,7605,284849,14296,189720,0,0,19578,307898,0.037876,2309,83548,0.010278,19600,391446,0.048154,8129050
3,2021-01-17,13118,487687,4433,289282,8685,198405,0,0,12078,318958,0.039237,1038,84586,0.010405,12098,403544,0.049642,8129050
3,2021-01-18,24693,512380,12890,302172,11803,210208,0,0,19116,332525,0.040906,5592,90178,0.011093,19159,422703,0.051999,8129050
3,2021-01-19,40926,553306,20885,323057,20041,230249,0,0,31830,355372,0.043716,9070,99248,0.012209,31917,454620,0.055925,8129050
3,2021-01-20,45864,599170,22821,345878,23043,253292,0,0,36334,382302,0.047029,9486,108734,0.013376,36416,491036,0.060405,8129050
3,2021-01-21,48004,647174,20874,366752,27130,280422,0,0,42497,419438,0.051597,5433,114167,0.014044,42569,533605,0.065642,8129050
3,2021-01-22,49693,696867,19816,386568,29877,310299,0,0,45519,460856,0.056692,4174,118341,0.014558,45592,579197,0.07125,8129050
3,2021-01-23,30316,727183,12798,399366,17518,327817,0,0,27022,484646,0.059619,3284,121625,0.014962,27074,606271,0.074581,8129050
3,2021-01-24,17814,744997,8473,407839,9341,337158,0,0,16643,500152,0.061527,1168,122793,0.015105,16674,622945,0.076632,8129050
3,2021-01-25,40681,785678,18131,425970,22550,359708,0,0,30740,521063,0.064099,9915,132708,0.016325,30826,653771,0.080424,8129050
3,2021-01-26,47025,832703,22481,448451,24544,384252,0,0,36931,548021,0.067415,10079,142787,0.017565,37037,690808,0.08498,8129050
3,2021-01-27,51201,883904,24371,472822,26830,411082,0,0,40600,578174,0.071124,10530,153317,0.01886,40683,731491,0.089985,8129050
3,2021-01-28,51564,935468,23918,496740,27646,438728,0,0,42626,612006,0.075286,8852,162169,0.019949,42684,774175,0.095236,8129050
3,2021-01-29,50663,986131,24301,521041,26362,465090,0,0,40993,643569,0.079169,9478,171647,0.021115,41041,815216,0.100284,8129050
3,2021-01-30,37216,1023347,17565,538606,19651,484741,0,0,32501,671496,0.082604,4657,176304,0.021688,32584,847800,0.104293,8129050
3,2021-01-31,22215,1045562,12591,551197,9624,494365,0,0,20807,690930,0.084995,1393,177697,0.02186,20827,868627,0.106855,8129050
3,2021-02-01,45661,1091223,20830,572027,24831,519196,0,0,34830,715011,0.087958,10783,188480,0.023186,34864,903491,0.111143,8129050
3,2021-02-02,54268,1145491,22567,594594,31701,550897,0,0,41841,744564,0.091593,12338,200818,0.024704,41891,945382,0.116297,8129050
3,2021-02-03,60039,1205530,26783,621377,33256,584153,0,0,44633,774028,0.095218,15243,216061,0.026579,44707,990089,0.121796,8129050
3,2021-02-04,64354,1269884,27959,649336,36395,620548,0,0,47175,804343,0.098947,16970,233031,0.028666,47285,1037374,0.127613,8129050
3,2021-02-05,70196,1340080,29862,679198,40334,660882,0,0,48470,831515,0.102289,21472,254503,0.031308,48644,1086018,0.133597,8129050
3,2021-02-06,43853,1383933,21183,700381,22670,683552,0,0,34107,856099,0.105314,9705,264208,0.032502,34289,1120307,0.137815,8129050
3,2021-02-07,19509,1403442,12362,712743,7147,690699,0,0,15007,866745,0.106623,4488,268696,0.033054,15134,1135441,0.139677,8129050
3,2021-02-08,51025,1454467,24608,737351,26417,717116,0,0,33428,882891,0.108609,17467,286163,0.035203,33613,1169054,0.143812,8129050
3,2021-02-09,58369,1512836,28380,765731,29989,747105,0,0,34204,893456,0.109909,23987,310150,0.038153,34552,1203606,0.148062,8129050
3,2021-02-10,67895,1580731,31547,797278,36348,783453,0,0,36461,899262,0.110623,31188,341338,0.04199,36994,1240600,0.152613,8129050
3,2021-02-11,70550,1651281,34776,832054,35774,819227,0,0,37419,904465,0.111263,32755,374093,0.046019,37958,1278558,0.157283,8129050
3,2021-02-12,75404,1726685,32674,864728,42730,861957,0,0,41589,913325,0.112353,33511,407604,0.050142,42371,1320929,0.162495,8129050
3,2021-02-13,45166,1771851,20463,885191,24703,886660,0,0,26011,920872,0.113282,19048,426652,0.052485,26595,1347524,0.165766,8129050
3,2021-02-14,27282,1799133,13641,898832,13641,900301,0,0,15187,924466,0.113724,12043,438695,0.053966,15637,1363161,0.16769,8129050
3,2021-02-15,40009,1839142,17202,916034,22807,923108,0,0,22141,929764,0.114375,17779,456474,0.056153,23077,1386238,0.170529,8129050
3,2021-02-16,69934,1909076,33096,949130,36838,959946,0,0,36360,933726,0.114863,33429,489903,0.060266,37391,1423629,0.175129,8129050
3,2021-02-17,71678,1980754,36297,985427,35381,995327,0,0,34089,931528,0.114592,37365,527268,0.064862,35167,1458796,0.179455,8129050
3,2021-02-18,76823,2057577,40149,1025576,36674,1032001,0,0,35582,927387,0.114083,41068,568336,0.069914,36927,1495723,0.183997,8129050
3,2021-02-19,68734,2126311,39630,1065206,29104,1061105,0,0,34691,928883,0.114267,33892,602228,0.074083,35388,1531111,0.188351,8129050
3,2021-02-20,42445,2168756,26803,1092009,15642,1076747,0,0,22342,931757,0.114621,19978,622206,0.076541,22852,1553963,0.191162,8129050
3,2021-02-21,23039,2191795,19036,1111045,4003,1080750,0,0,11063,931316,0.114566,11888,634094,0.078003,11447,1565410,0.19257,8129050
3,2021-02-22,45548,2237343,29680,1140725,15868,1096618,0,0,21567,929479,0.11434,23890,657984,0.080942,22053,1587463,0.195283,8129050
3,2021-02-23,61107,2298450,33314,1174039,27793,1124411,0,0,26933,924379,0.113713,34027,692011,0.085128,28927,1616390,0.198841,8129050
3,2021-02-24,76740,2375190,37607,1211646,39133,1163544,0,0,34248,918821,0.113029,42324,734335,0.090335,36766,1653156,0.203364,8129050
3,2021-02-25,86187,2461377,41964,1253610,44223,1207767,0,0,43215,921915,0.11341,42723,777058,0.09559,45817,1698973,0.209,8129050
3,2021-02-26,97000,2558377,44370,1297980,52630,1260397,0,0,51555,930579,0.114476,45094,822152,0.101138,53758,1752731,0.215613,8129050
3,2021-02-27,68551,2626928,31565,1329545,36983,1297380,3,3,36471,936475,0.115201,31893,854045,0.105061,37789,1790520,0.220262,8129050
3,2021-02-28,39841,2666769,22955,1352500,16883,1314263,3,6,20731,939204,0.115537,18954,872999,0.107392,21683,1812203,0.222929,8129050
3,2021-03-01,67552,2734321,35876,1388376,31652,1345915,24,30,37800,948801,0.116717,29575,902574,0.111031,39172,1851375,0.227748,8129050
3,2021-03-02,78032,2812353,38572,1426948,39452,1385367,8,38,45705,964392,0.118635,32193,934767,0.114991,47784,1899159,0.233626,8129050
3,2021-03-03,89008,2901361,42712,1469660,46277,1431644,19,57,49965,977798,0.120284,38847,973614,0.11977,52253,1951412,0.240054,8129050
3,2021-03-04,92990,2994351,45591,1515251,47379,1479023,20,77,52962,993241,0.122184,39817,1013431,0.124668,55260,2006672,0.246852,8129050
3,2021-03-05,89637,3083988,43951,1559202,45396,1524419,290,367,54854,1016058,0.124991,34558,1047989,0.128919,57375,2064047,0.25391,8129050
3,2021-03-06,64979,3148967,32932,1592134,29901,1554320,2146,2513,37325,1029490,0.126643,27517,1075506,0.132304,40949,2104996,0.258947,8129050
3,2021-03-07,37543,3186510,22389,1614523,14008,1568328,1146,3659,21634,1037593,0.12764,15849,1091355,0.134254,23952,2128948,0.261894,8129050
3,2021-03-08,58957,3245467,28218,1642741,27876,1596204,2863,6522,37447,1058107,0.130164,21358,1112713,0.136881,41872,2170820,0.267045,8129050
3,2021-03-09,76428,3321895,35467,1678208,36592,1632796,4369,10891,41212,1069773,0.131599,35095,1147808,0.141198,46761,2217581,0.272797,8129050
3,2021-03-10,82568,3404463,41315,1719523,35177,1667973,6076,16967,43155,1081212,0.133006,39203,1187011,0.146021,50642,2268223,0.279027,8129050
3,2021-03-11,96760,3501223,47422,1766945,40785,1708758,8553,25520,47473,1089313,0.134002,49031,1236042,0.152052,57132,2325355,0.286055,8129050
3,2021-03-12,101899,3603122,45402,1812347,44652,1753410,11845,37365,46792,1094237,0.134608,54888,1290930,0.158805,59812,2385167,0.293413,8129050
3,2021-03-13,70245,3673367,29671,1842018,33344,1786754,7230,44595,37139,1106988,0.136177,32989,1323919,0.162863,45740,2430907,0.299039,8129050
3,2021-03-14,40804,3714171,21560,1863578,15684,1802438,3560,48155,20804,1112067,0.136802,19924,1343843,0.165314,25003,2455910,0.302115,8129050
3,2021-03-15,75379,3789550,35826,1899404,35016,1837454,4537,52692,39796,1122041,0.138029,35378,1379221,0.169666,45352,2501262,0.307694,8129050
3,2021-03-16,94851,3884401,43774,1943178,46759,1884213,4318,57010,53611,1139879,0.140223,41023,1420244,0.174712,58861,2560123,0.314935,8129050
3,2021-03-17,98011,3982412,47697,1990875,45810,1930023,4504,61514,59822,1166925,0.14355,37959,1458203,0.179382,65005,2625128,0.322932,8129050
3,2021-03-18,103374,4085786,52671,2043546,46205,1976228,4498,66012,59821,1188515,0.146206,43296,1501499,0.184708,64886,2690014,0.330914,8129050
3,2021-03-19,103051,4188837,55284,2098830,43323,2019551,4444,70456,57930,1206608,0.148432,44851,1546350,0.190225,62944,2752958,0.338657,8129050
3,2021-03-20,71402,4260239,36936,2135766,30852,2050403,3614,74070,44283,1228075,0.151072,26941,1573291,0.193539,48408,2801366,0.344612,8129050
3,2021-03-21,36079,4296318,24660,2160426,9917,2060320,1502,75572,22530,1239129,0.152432,13456,1586747,0.195195,24510,2825876,0.347627,8129050
3,2021-03-22,70388,4366706,41410,2201836,26463,2086783,2515,78087,45189,1262865,0.155352,24992,1611739,0.198269,48728,2874604,0.353621,8129050
3,2021-03-23,89570,4456276,49596,2251432,37459,2124242,2515,80602,55299,1287365,0.158366,34025,1645764,0.202455,58525,2933129,0.360821,8129050
3,2021-03-24,98483,4554759,56717,2308149,38878,2163120,2888,83490,56474,1305660,0.160617,41674,1687438,0.207581,59969,2993098,0.368198,8129050
3,2021-03-25,107069,4661828,59525,2367674,44602,2207722,2942,86432,60767,1324033,0.162877,45985,1733423,0.213238,64358,3057456,0.376115,8129050
3,2021-03-26,110225,4772053,59205,2426879,47759,2255481,3261,89693,57426,1333072,0.163989,52499,1785922,0.219696,61538,3118994,0.383685,8129050
3,2021-03-27,74252,4846305,37865,2464744,33844,2289325,2543,92236,36188,1334617,0.164179,37858,1823780,0.224353,39403,3158397,0.388532,8129050
3,2021-03-28,44147,4890452,27827,2492571,15509,2304834,811,93047,22525,1336997,0.164471,21514,1845294,0.227,23894,3182291,0.391471,8129050
3,2021-03-29,80464,4970916,42051,2534622,36570,2341404,1843,94890,44346,1348118,0.16584,35883,1881177,0.231414,47004,3229295,0.397254,8129050
3,2021-03-30,100000,5070916,49145,2583767,47239,2388643,3616,98506,56248,1365080,0.167926,43508,1924685,0.236766,60470,3289765,0.404692,8129050
3,2021-03-31,104897,5175813,56569,2640336,43500,2432143,4828,103334,56217,1377989,0.169514,48476,1973161,0.24273,61385,3351150,0.412244,8129050
3,2021-04-01,123374,5299187,62410,2702746,51246,2483389,9718,113052,66802,1398638,0.172054,56211,2029372,0.249644,76860,3428010,0.421699,8129050
3,2021-04-02,117780,5416967,57527,2760273,49948,2533337,10305,123357,62469,1416862,0.174296,55052,2084424,0.256417,73276,3501286,0.430713,8129050
3,2021-04-03,75996,5492963,38854,2799127,27919,2561256,9223,132580,37944,1426443,0.175475,37916,2122340,0.261081,47497,3548783,0.436556,8129050
3,2021-04-04,32387,5525350,17308,2816435,10870,2572126,4209,136789,14230,1426839,0.175523,18077,2140417,0.263305,18473,3567256,0.438828,8129050
3,2021-04-05,88958,5614308,45166,2861601,34680,2606806,9112,145901,43563,1435161,0.176547,45190,2185607,0.268864,53512,3620768,0.445411,8129050
3,2021-04-06,113270,5727578,55135,2916736,42983,2649789,15152,161053,53463,1444952,0.177752,59551,2245158,0.276189,69342,3690110,0.453941,8129050
3,2021-04-07,116115,5843693,60123,2976859,39713,2689502,16279,177332,56377,1458396,0.179405,59495,2304653,0.283508,72939,3763049,0.462914,8129050
3,2021-04-08,121321,5965014,60394,3037253,40801,2730303,20126,197458,56366,1471012,0.180957,64668,2369321,0.291463,77284,3840333,0.472421,8129050
3,2021-04-09,118249,6083263,58962,3096215,40175,2770478,19112,216570,52055,1477145,0.181712,65960,2435281,0.299578,72093,3912426,0.481289,8129050
3,2021-04-10,84177,6167440,37852,3134067,31076,2801554,15249,231819,34189,1477590,0.181767,49823,2485104,0.305707,50268,3962694,0.487473,8129050
3,2021-04-11,45107,6212547,24279,3158346,12864,2814418,7964,239783,17278,1475931,0.181563,27742,2512846,0.309119,26083,3988777,0.490682,8129050
3,2021-04-12,83906,6296453,42414,3200760,32724,2847142,8768,248551,38210,1478533,0.181883,45472,2558318,0.314713,48074,4036851,0.496596,8129050
3,2021-04-13,105393,6401846,57107,3257867,48071,2895213,215,248766,55793,1486052,0.182808,49380,2607698,0.320788,56899,4093750,0.503595,8129050
3,2021-04-14,107589,6509435,58817,3316684,48675,2943888,97,248863,53607,1487496,0.182985,53708,2661406,0.327394,55152,4148902,0.51038,8129050
3,2021-04-15,119343,6628778,67169,3383853,52101,2995989,73,248936,63992,1497337,0.184196,55051,2716457,0.334167,64892,4213794,0.518362,8129050
3,2021-04-16,115425,6744203,64755,3448608,50575,3046564,95,249031,60371,1503715,0.18498,54764,2771221,0.340903,61142,4274936,0.525884,8129050
3,2021-04-17,79031,6823234,43268,3491876,35751,3082315,12,249043,44082,1514040,0.186251,34740,2805961,0.345177,45065,4320001,0.531428,8129050
3,2021-04-18,38525,6861759,23311,3515187,15211,3097526,3,249046,18230,1512951,0.186117,20198,2826159,0.347662,19109,4339110,0.533778,8129050
3,2021-04-19,79134,6940893,44112,3559299,34969,3132495,53,249099,35813,1506186,0.185284,43152,2869311,0.35297,36387,4375497,0.538254,8129050
3,2021-04-20,100783,7041676,53042,3612341,47725,3180220,16,249115,48987,1504664,0.185097,51559,2920870,0.359313,50037,4425534,0.54441,8129050
3,2021-04-21,105398,7147074,59182,3671523,46149,3226369,67,249182,49950,1500574,0.184594,55113,2975983,0.366092,51023,4476557,0.550686,8129050
3,2021-04-22,111135,7258209,62437,3733960,48678,3275047,20,249202,47901,1486556,0.18287,62911,3038894,0.373831,48893,4525450,0.556701,8129050
3,2021-04-23,105519,7363728,60378,3794338,45116,3320163,25,249227,46325,1475041,0.181453,58876,3097770,0.381074,47361,4572811,0.562527,8129050
3,2021-04-24,73061,7436789,45224,3839562,27773,3347936,64,249291,35666,1474616,0.181401,37148,3134918,0.385644,36723,4609534,0.567045,8129050
3,2021-04-25,36501,7473290,23391,3862953,13093,3361029,17,249308,18736,1476127,0.181587,17632,3152550,0.387813,19143,4628677,0.569399,8129050
3,2021-04-26,73405,7546695,41405,3904358,31596,3392625,404,249712,31425,1467578,0.180535,41734,3194284,0.392947,33185,4661862,0.573482,8129050
3,2021-04-27,90623,7637318,47562,3951920,41324,3433949,1737,251449,36058,1451879,0.178604,54277,3248561,0.399624,38578,4700440,0.578227,8129050
3,2021-04-28,86261,7723579,48946,4000866,35190,3469139,2125,253574,35340,1439235,0.177048,50653,3299214,0.405855,38009,4738449,0.582903,8129050
3,2021-04-29,88354,7811933,50518,4051384,35643,3504782,2193,255767,31582,1417033,0.174317,56472,3355686,0.412802,34270,4772719,0.587119,8129050
3,2021-04-30,90004,7901937,50784,4102168,36740,3541522,2480,258247,33535,1397364,0.171898,56169,3411855,0.419711,36500,4809219,0.591609,8129050
3,2021-05-01,54823,7956760,34481,4136649,18886,3560408,1456,259703,19747,1384174,0.170275,34878,3446733,0.424002,21688,4830907,0.594277,8129050
3,2021-05-02,26791,7983551,18278,4154927,7502,3567910,1011,260714,9828,1378228,0.169544,16885,3463618,0.426079,10939,4841846,0.595623,8129050
3,2021-05-03,59141,8042692,34551,4189478,22238,3590148,2352,263066,17376,1356554,0.166877,41585,3505203,0.431195,19911,4861757,0.598072,8129050
3,2021-05-04,77178,8119870,44607,4234085,29921,3620069,2650,265716,22477,1327544,0.163309,54428,3559631,0.43789,25418,4887175,0.601199,8129050
3,2021-05-05,78627,8198497,47227,4281312,28711,3648780,2689,268405,21888,1295946,0.159422,56439,3616070,0.444833,24841,4912016,0.604255,8129050
3,2021-05-06,82649,8281146,52189,4333501,27940,3676720,2520,270925,20641,1258093,0.154765,61564,3677634,0.452406,23711,4935727,0.607171,8129050
3,2021-05-07,81936,8363082,51042,4384543,28279,3704999,2615,273540,21812,1223014,0.15045,59801,3737435,0.459763,24722,4960449,0.610213,8129050
3,2021-05-08,51938,8415020,32302,4416845,17936,3722935,1700,275240,13830,1200945,0.147735,37863,3775298,0.464421,15794,4976243,0.612156,8129050
3,2021-05-09,20850,8435870,15261,4432106,4804,3727739,785,276025,5526,1192085,0.146645,15239,3790537,0.466295,6379,4982622,0.61294,8129050
3,2021-05-10,47634,8483504,25614,4457720,20122,3747861,1898,277923,11133,1169066,0.143813,36314,3826851,0.470762,13295,4995917,0.614576,8129050
3,2021-05-11,63530,8547034,35520,4493240,25804,3773665,2206,280129,16140,1140718,0.140326,47165,3874016,0.476564,18817,5014734,0.616891,8129050
3,2021-05-12,64246,8611280,36980,4530220,24876,3798541,2390,282519,16515,1112420,0.136845,47502,3921518,0.482408,19204,5033938,0.619253,8129050
3,2021-05-13,74542,8685822,47129,4577349,25519,3824060,1894,284413,27401,1095421,0.134754,46907,3968425,0.488178,29908,5063846,0.622932,8129050
3,2021-05-14,79549,8765371,50412,4627761,27014,3851074,2123,286536,30959,1080779,0.132953,48326,4016751,0.494123,33684,5097530,0.627076,8129050
3,2021-05-15,61610,8826981,42516,4670277,17890,3868964,1204,287740,25507,1071789,0.131847,35918,4052669,0.498542,26928,5124458,0.630388,8129050
3,2021-05-16,32648,8859629,24608,4694885,7354,3876318,686,288426,13303,1066628,0.131212,19239,4071908,0.500908,14078,5138536,0.63212,8129050
3,2021-05-17,56601,8916230,36025,4730910,18746,3895064,1830,290256,20926,1054166,0.129679,35422,4107330,0.505266,22960,5161496,0.634945,8129050
3,2021-05-18,64086,8980316,37930,4768840,24314,3919378,1842,292098,24203,1040980,0.128057,39624,4146954,0.51014,26438,5187934,0.638197,8129050
3,2021-05-19,63273,9043589,38595,4807435,22948,3942326,1730,293828,24677,1029300,0.12662,38360,4185314,0.514859,26680,5214614,0.641479,8129050
3,2021-05-20,60942,9104531,35720,4843155,23407,3965733,1815,295643,21972,1014731,0.124828,38705,4224019,0.51962,24136,5238750,0.644448,8129050
3,2021-05-21,65280,9169811,39714,4882869,23487,3989220,2079,297722,23424,998960,0.122888,41570,4265589,0.524734,25799,5264549,0.647622,8129050
3,2021-05-22,45338,9215149,30041,4912910,13834,4003054,1463,299185,18929,993389,0.122202,26220,4291809,0.527959,20649,5285198,0.650162,8129050
3,2021-05-23,21241,9236390,14900,4927810,5694,4008748,647,299832,9102,991192,0.121932,12058,4303867,0.529443,9861,5295059,0.651375,8129050
3,2021-05-24,39282,9275672,22981,4950791,14563,4023311,1738,301570,14628,983288,0.12096,24480,4328347,0.532454,16576,5311635,0.653414,8129050
3,2021-05-25,42465,9318137,23915,4974706,16895,4040206,1655,303225,15129,973203,0.119719,27093,4355440,0.535787,17008,5328643,0.655506,8129050
3,2021-05-26,42089,9360226,24114,4998820,16265,4056471,1710,304935,15833,964901,0.118698,25976,4381416,0.538983,17674,5346317,0.65768,8129050
3,2021-05-27,39180,9399406,21961,5020781,15475,4071946,1744,306679,15430,958716,0.117937,23601,4405017,0.541886,17416,5363733,0.659823,8129050
3,2021-05-28,42489,9441895,24021,5044802,16686,4088632,1782,308461,17686,953895,0.117344,24616,4429633,0.544914,19795,5383528,0.662258,8129050
3,2021-05-29,23298,9465193,14221,5059023,8243,4096875,834,309295,10909,953484,0.117293,12274,4441907,0.546424,11863,5395391,0.663717,8129050
3,2021-05-30,10507,9475700,6810,5065833,3064,4099939,633,309928,4415,952548,0.117178,6024,4447931,0.547165,5088,5400479,0.664343,8129050
3,2021-05-31,4607,9480307,2657,5068490,1682,4101621,268,310196,1449,951163,0.117008,3129,4451060,0.54755,1744,5402223,0.664558,8129050
3,2021-06-01,37490,9517797,21601,5090091,14464,4116085,1425,311621,13130,941761,0.115851,24154,4475214,0.550521,14752,5416975,0.666372,8129050
3,2021-06-02,31371,9549168,18017,5108108,11939,4128024,1415,313036,11622,935373,0.115065,19550,4494764,0.552926,13162,5430137,0.667992,8129050
3,2021-06-03,39390,9588558,26942,5135050,11027,4139051,1421,314457,11462,920722,0.113263,27754,4522518,0.55634,13103,5443240,0.669603,8129050
3,2021-06-04,45932,9634490,32501,5167551,11900,4150951,1531,315988,13101,903157,0.111102,32602,4555120,0.560351,15037,5458277,0.671453,8129050
3,2021-06-05,34099,9668589,25707,5193258,7211,4158162,1181,317169,8698,888013,0.109239,25202,4580322,0.563451,10058,5468335,0.672691,8129050
3,2021-06-06,14437,9683026,12050,5205308,1809,4159971,578,317747,3695,881758,0.10847,10688,4591010,0.564766,4433,5472768,0.673236,8129050
3,2021-06-07,30176,9713202,21944,5227252,6968,4166939,1264,319011,8676,870450,0.107079,21368,4612378,0.567394,10060,5482828,0.674473,8129050
3,2021-06-08,34169,9747371,24540,5251792,8349,4175288,1280,320291,9957,857894,0.105534,24002,4636380,0.570347,11446,5494274,0.675881,8129050
3,2021-06-09,32754,9780125,23764,5275556,7707,4182995,1283,321574,8842,844427,0.103878,23749,4660129,0.573269,10282,5504556,0.677146,8129050
3,2021-06-10,32267,9812392,23295,5298851,7448,4190443,1524,323098,9009,832034,0.102353,23121,4683250,0.576113,10728,5515284,0.678466,8129050
3,2021-06-11,35209,9847601,24868,5323719,8985,4199428,1356,324454,10457,819461,0.100806,24566,4707816,0.579135,11993,5527277,0.679941,8129050
3,2021-06-12,25012,9872613,18857,5342576,5260,4204688,895,325349,6710,809024,0.099523,18190,4726006,0.581372,7753,5535030,0.680895,8129050
3,2021-06-13,10063,9882676,7520,5350096,2051,4206739,492,325841,2357,804283,0.098939,7658,4733664,0.582315,2917,5537947,0.681254,8129050
3,2021-06-14,25630,9908306,18342,5368438,5882,4212621,1406,327247,8035,796392,0.097969,17469,4751133,0.584463,9578,5547525,0.682432,8129050
3,2021-06-15,28488,9936794,19287,5387725,7712,4220333,1489,328736,9663,789089,0.09707,18612,4769745,0.586753,11309,5558834,0.683823,8129050
3,2021-06-16,25637,9962431,18188,5405913,6064,4226397,1385,330121,8697,782556,0.096267,16769,4786514,0.588816,10236,5569070,0.685083,8129050
3,2021-06-17,24612,9987043,17663,5423576,5697,4232094,1252,331373,8583,776644,0.095539,15881,4802395,0.59077,9969,5579039,0.686309,8129050
3,2021-06-18,27694,10014737,19550,5443126,6589,4238683,1555,332928,9737,770350,0.094765,17747,4820142,0.592953,11453,5590492,0.687718,8129050
3,2021-06-19,15828,10030565,11600,5454726,3374,4242057,854,333782,5710,767039,0.094358,9979,4830121,0.59418,6668,5597160,0.688538,8129050
3,2021-06-20,6831,10037396,5132,5459858,1402,4243459,297,334079,2603,765813,0.094207,4180,4834301,0.594694,2954,5600114,0.688901,8129050
3,2021-06-21,16073,10053469,10170,5470028,4538,4247997,1365,335444,8051,767412,0.094404,7937,4842238,0.595671,9536,5609650,0.690074,8129050
3,2021-06-22,21844,10075313,15342,5485370,5266,4253263,1236,336680,8233,763529,0.093926,13500,4855738,0.597332,9617,5619267,0.691258,8129050
3,2021-06-23,20032,10095345,14102,5499472,4647,4257910,1283,337963,8013,761048,0.093621,11913,4867651,0.598797,9432,5628699,0.692418,8129050
3,2021-06-24,19716,10115061,13764,5513236,4536,4262446,1416,339379,7712,758453,0.093302,11839,4879490,0.600253,9244,5637943,0.693555,8129050
3,2021-06-25,22938,10137999,16282,5529518,5264,4267710,1392,340771,9013,755171,0.092898,13811,4893301,0.601952,10529,5648472,0.69485,8129050
3,2021-06-26,13635,10151634,10095,5539613,2787,4270497,753,341524,5689,753881,0.092739,7884,4901185,0.602922,6594,5655066,0.695661,8129050
3,2021-06-27,6606,10158240,5092,5544705,1206,4271703,308,341832,2852,753350,0.092674,3719,4904904,0.60338,3188,5658254,0.696054,8129050
3,2021-06-28,11548,10169788,8893,5553598,1964,4273667,691,342523,4878,752346,0.09255,6603,4911507,0.604192,5599,5663853,0.696742,8129050
4,2020-12-15,454,454,454,454,0,0,0,0,454,454,5.6e-05,0,0,0.0,454,454,5.6e-05,8037679
4,2020-12-16,3005,3459,3005,3459,0,0,0,0,3005,3459,0.00043,0,0,0.0,3005,3459,0.00043,8037679
4,2020-12-17,8895,12354,8895,12354,0,0,0,0,8895,12354,0.001537,0,0,0.0,8895,12354,0.001537,8037679
4,2020-12-18,16116,28470,16105,28459,11,11,0,0,16116,28470,0.003542,0,0,0.0,16116,28470,0.003542,8037679
4,2020-12-19,10347,38817,10338,38797,9,20,0,0,10282,38752,0.004821,0,0,0.0,10282,38752,0.004821,8037679
4,2020-12-20,7392,46209,7385,46182,7,27,0,0,7347,46099,0.005735,0,0,0.0,7347,46099,0.005735,8037679
4,2020-12-21,16353,62562,16327,62509,26,53,0,0,16286,62384,0.007761,1,1,0.0,16286,62385,0.007762,8037679
4,2020-12-22,17169,79731,16432,78941,737,790,0,0,17121,79502,0.009891,3,4,0.0,17121,79506,0.009892,8037679
4,2020-12-23,17067,96798,14361,93302,2706,3496,0,0,17035,96535,0.01201,2,6,1e-06,17035,96541,0.012011,8037679
4,2020-12-24,8523,105321,5951,99253,2572,6068,0,0,8522,105056,0.01307,1,7,1e-06,8522,105063,0.013071,8037679
4,2020-12-25,904,106225,798,100051,106,6174,0,0,904,105960,0.013183,0,7,1e-06,904,105967,0.013184,8037679
4,2020-12-26,6165,112390,3888,103939,2277,8451,0,0,6165,112125,0.01395,0,7,1e-06,6165,112132,0.013951,8037679
4,2020-12-27,3432,115822,2000,105939,1432,9883,0,0,3432,115557,0.014377,0,7,1e-06,3432,115564,0.014378,8037679
4,2020-12-28,15076,130898,9312,115251,5764,15647,0,0,15048,130604,0.016249,1,8,1e-06,15048,130612,0.01625,8037679
4,2020-12-29,15352,146250,8509,123760,6843,22490,0,0,15318,145922,0.018155,0,8,1e-06,15318,145930,0.018156,8037679
4,2020-12-30,18918,165168,11064,134824,7854,30344,0,0,18908,164828,0.020507,2,10,1e-06,18908,164838,0.020508,8037679
4,2020-12-31,8268,173436,3354,138178,4914,35258,0,0,8256,173075,0.021533,9,19,2e-06,8256,173094,0.021535,8037679
4,2021-01-01,1493,174929,660,138838,833,36091,0,0,1491,174564,0.021718,2,21,3e-06,1491,174585,0.021721,8037679
4,2021-01-02,5713,180642,3223,142061,2490,38581,0,0,5712,180275,0.022429,1,22,3e-06,5712,180297,0.022431,8037679
4,2021-01-03,2136,182778,1264,143325,872,39453,0,0,2120,182391,0.022692,4,26,3e-06,2120,182417,0.022695,8037679
4,2021-01-04,12926,195704,6996,150321,5930,45383,0,0,12878,195240,0.024291,29,55,7e-06,12878,195295,0.024297,8037679
4,2021-01-05,16870,212574,9991,160312,6879,52262,0,0,14684,207777,0.02585,2160,2215,0.000276,14697,209992,0.026126,8037679
4,2021-01-06,21564,234138,13216,173528,8348,60610,0,0,15508,217292,0.027034,6007,8222,0.001023,15522,225514,0.028057,8037679
4,2021-01-07,27913,262051,17010,190538,10903,71513,0,0,16686,222827,0.027723,11170,19392,0.002413,16705,242219,0.030135,8037679
4,2021-01-08,32761,294812,21022,211560,11739,83252,0,0,18283,226712,0.028206,14417,33809,0.004206,18302,260521,0.032412,8037679
4,2021-01-09,16269,311081,9631,221191,6638,89890,0,0,9458,229390,0.028539,6791,40600,0.005051,9469,269990,0.033591,8037679
4,2021-01-10,8753,319834,5647,226838,3106,92996,0,0,4144,228950,0.028485,4592,45192,0.005623,4152,274142,0.034107,8037679
4,2021-01-11,33393,353227,21887,248725,11506,104502,0,0,18821,233282,0.029024,14532,59724,0.007431,18864,293006,0.036454,8037679
4,2021-01-12,38535,391762,22229,270954,16306,120808,0,0,24233,243322,0.030273,14233,73957,0.009201,24273,317279,0.039474,8037679
4,2021-01-13,38764,430526,19173,290127,19591,140399,0,0,27389,259421,0.032276,11318,85275,0.010609,27417,344696,0.042885,8037679
4,2021-01-14,39277,469803,15120,305247,24157,164556,0,0,32097,284420,0.035386,7128,92403,0.011496,32127,376823,0.046882,8037679
4,2021-01-15,45311,515114,15727,320974,29584,194140,0,0,39675,318540,0.039631,5577,97980,0.01219,39697,416520,0.051821,8037679
4,2021-01-16,28687,543801,9336,330310,19351,213491,0,0,25541,340987,0.042424,3112,101092,0.012577,25559,442079,0.055001,8037679
4,2021-01-17,19050,562851,6667,336977,12383,225874,0,0,17520,357019,0.044418,1502,102594,0.012764,17534,459613,0.057182,8037679
4,2021-01-18,29437,592288,13633,350610,15804,241678,0,0,23435,374569,0.046602,5911,108505,0.0135,23461,483074,0.060101,8037679
4,2021-01-19,46093,638381,23165,373775,22928,264606,0,0,36726,402057,0.050022,9311,117816,0.014658,36799,519873,0.064679,8037679
4,2021-01-20,52595,690976,28178,401953,24417,289023,0,0,42050,433722,0.053961,10445,128261,0.015957,42110,561983,0.069919,8037679
4,2021-01-21,57539,748515,25881,427834,31658,320681,0,0,50783,477863,0.059453,6685,134946,0.016789,50826,612809,0.076242,8037679
4,2021-01-22,55324,803839,22239,450073,33085,353766,0,0,50155,522973,0.065065,5072,140018,0.01742,50182,662991,0.082485,8037679
4,2021-01-23,39645,843484,17412,467485,22233,375999,0,0,35303,553973,0.068922,4332,144350,0.017959,35332,698323,0.086881,8037679
4,2021-01-24,23941,867425,10474,477959,13467,389466,0,0,22036,574132,0.07143,1894,146244,0.018195,22053,720376,0.089625,8037679
4,2021-01-25,47936,915361,22109,500068,25827,415293,0,0,36816,599922,0.074639,11081,157325,0.019573,36871,757247,0.094212,8037679
4,2021-01-26,56774,972135,28904,528972,27870,443163,0,0,44507,632277,0.078664,12212,169537,0.021093,44567,801814,0.099757,8037679
4,2021-01-27,56138,1028273,26682,555654,29456,472619,0,0,45133,666533,0.082926,10929,180466,0.022453,45185,846999,0.105379,8037679
4,2021-01-28,56513,1084786,25485,581139,31028,503647,0,0,46509,703171,0.087484,9916,190382,0.023686,46554,893553,0.111171,8037679
4,2021-01-29,56514,1141300,27103,608242,29411,533058,0,0,46092,739058,0.091949,10239,200621,0.02496,46126,939679,0.116909,8037679
4,2021-01-30,38002,1179302,17116,625358,20886,553944,0,0,32631,766403,0.095351,5310,205931,0.025621,32655,972334,0.120972,8037679
4,2021-01-31,23872,1203174,12505,637863,11367,565311,0,0,22167,786904,0.097902,1683,207614,0.02583,22184,994518,0.123732,8037679
4,2021-02-01,49731,1252905,24021,661884,25710,591021,0,0,38044,813360,0.101193,11628,219242,0.027277,38084,1032602,0.12847,8037679
4,2021-02-02,55412,1308317,25458,687342,29954,620975,0,0,42551,843163,0.104901,12791,232033,0.028868,42594,1075196,0.133769,8037679
4,2021-02-03,62064,1370381,30450,717792,31614,652589,0,0,47754,876775,0.109083,14197,246230,0.030634,47809,1123005,0.139718,8037679
4,2021-02-04,67663,1438044,31505,749297,36158,688747,0,0,50865,911102,0.113354,16642,262872,0.032705,50969,1173974,0.146059,8037679
4,2021-02-05,73045,1511089,33793,783090,39252,727999,0,0,50913,940277,0.116984,21874,284746,0.035426,51049,1225023,0.15241,8037679
4,2021-02-06,48608,1559697,26104,809194,22504,750503,0,0,37127,966193,0.120208,11412,296158,0.036846,37328,1262351,0.157054,8037679
4,2021-02-07,26366,1586063,17391,826585,8975,759478,0,0,19974,980038,0.12193,6364,302522,0.037638,20209,1282560,0.159568,8037679
4,2021-02-08,58480,1644543,30061,856646,28419,787897,0,0,38016,997986,0.124163,20330,322852,0.040167,38278,1320838,0.164331,8037679
4,2021-02-09,67173,1711716,34167,890813,33006,820903,0,0,39373,1010050,0.125664,27715,350567,0.043615,39779,1360617,0.16928,8037679
4,2021-02-10,77424,1789140,38689,929502,38735,859638,0,0,40624,1014663,0.126238,36557,387124,0.048164,41170,1401787,0.174402,8037679
4,2021-02-11,81208,1870348,42327,971829,38881,898519,0,0,41365,1017084,0.12654,39614,426738,0.053092,42035,1443822,0.179632,8037679
4,2021-02-12,84527,1954875,37883,1009712,46644,945163,0,0,43406,1020376,0.126949,40906,467644,0.058181,44198,1488020,0.185131,8037679
4,2021-02-13,58956,2013831,29822,1039534,29134,974297,0,0,30060,1022580,0.127223,28757,496401,0.061759,30961,1518981,0.188983,8037679
4,2021-02-14,36849,2050680,19134,1058668,17715,992012,0,0,18885,1024220,0.127427,17903,514304,0.063987,19543,1538524,0.191414,8037679
4,2021-02-15,46213,2096893,21621,1080289,24592,1016604,0,0,23736,1026731,0.12774,22403,536707,0.066774,24914,1563438,0.194514,8037679
4,2021-02-16,80051,2176944,36669,1116958,43382,1059986,0,0,40749,1029512,0.128086,39191,575898,0.07165,41972,1605410,0.199736,8037679
4,2021-02-17,81402,2258346,38447,1155405,42955,1102941,0,0,38713,1026848,0.127754,42506,618404,0.076938,39842,1645252,0.204692,8037679
4,2021-02-18,83266,2341612,45791,1201196,37475,1140416,0,0,38521,1022286,0.127187,44565,662969,0.082483,40003,1685255,0.209669,8037679
4,2021-02-19,82672,2424284,51974,1253170,30698,1171114,0,0,41313,1023119,0.12729,41171,704140,0.087605,42004,1727259,0.214895,8037679
4,2021-02-20,49282,2473566,32781,1285951,16501,1187615,0,0,26828,1028286,0.127933,22362,726502,0.090387,27529,1754788,0.21832,8037679
4,2021-02-21,29539,2503105,23652,1309603,5887,1193502,0,0,14280,1027670,0.127857,15182,741684,0.092276,14566,1769354,0.220132,8037679
4,2021-02-22,53412,2556517,36701,1346304,16711,1210213,0,0,25883,1026586,0.127722,27418,769102,0.095687,26334,1795688,0.223409,8037679
4,2021-02-23,74081,2630598,41051,1387355,33030,1243243,0,0,32626,1019573,0.126849,41313,810415,0.100827,34300,1829988,0.227676,8037679
4,2021-02-24,88642,2719240,46784,1434139,41858,1285101,0,0,40062,1013423,0.126084,48369,858784,0.106845,42219,1872207,0.232929,8037679
4,2021-02-25,99830,2819070,52106,1486245,47724,1332825,0,0,47851,1012016,0.125909,51821,910605,0.113292,50414,1922621,0.239201,8037679
4,2021-02-26,106323,2925393,53682,1539927,52641,1385466,0,0,54520,1017319,0.126569,51572,962177,0.119708,56875,1979496,0.246277,8037679
4,2021-02-27,77012,3002405,41908,1581835,35097,1420563,7,7,41379,1024693,0.127486,35489,997666,0.124124,42863,2022359,0.25161,8037679
4,2021-02-28,47675,3050080,29391,1611226,18277,1438840,7,14,26540,1031144,0.128289,20981,1018647,0.126734,27432,2049791,0.255023,8037679
4,2021-03-01,77761,3127841,45665,1656891,32058,1470898,38,52,42939,1040752,0.129484,34561,1053208,0.131034,44169,2093960,0.260518,8037679
4,2021-03-02,85102,3212943,48971,1705862,36123,1507021,8,60,50352,1058314,0.131669,34587,1087795,0.135337,52149,2146109,0.267006,8037679
4,2021-03-03,100197,3313140,53323,1759185,46860,1553881,14,74,56014,1072142,0.13339,43968,1131763,0.140807,57796,2203905,0.274197,8037679
4,2021-03-04,97017,3410157,53830,1813015,43169,1597050,18,92,53408,1083950,0.134859,43394,1175157,0.146206,55202,2259107,0.281065,8037679
4,2021-03-05,94349,3504506,50923,1863938,43110,1640160,316,408,55991,1104038,0.137358,38147,1213304,0.150952,58235,2317342,0.28831,8037679
4,2021-03-06,76160,3580666,42933,1906871,30610,1670770,2617,3025,46859,1125669,0.140049,29187,1242491,0.154583,50818,2368160,0.294632,8037679
4,2021-03-07,42716,3623382,27251,1934122,14277,1685047,1188,4213,25617,1136523,0.141399,17034,1259525,0.156703,27888,2396048,0.298102,8037679
4,2021-03-08,66491,3689873,34895,1969017,28404,1713451,3192,7405,43927,1162540,0.144636,22442,1281967,0.159495,48459,2444507,0.304131,8037679
4,2021-03-09,81169,3771042,41173,2010190,34862,1748313,5134,12539,43840,1175467,0.146245,37162,1319129,0.164118,50089,2494596,0.310363,8037679
4,2021-03-10,90984,3862026,46964,2057154,36591,1784904,7429,19968,45967,1184979,0.147428,44847,1363976,0.169698,54359,2548955,0.317126,8037679
4,2021-03-11,100540,3962566,52863,2110017,39285,1824189,8392,28360,46488,1187158,0.147699,53818,1417794,0.176393,55997,2604952,0.324093,8037679
4,2021-03-12,104525,4067091,51548,2161565,42723,1866912,10254,38614,44646,1183413,0.147233,59617,1477411,0.183811,55872,2660824,0.331044,8037679
4,2021-03-13,81191,4148282,37810,2199375,34978,1901890,8403,47017,38217,1188327,0.147845,42843,1520254,0.189141,47757,2708581,0.336985,8037679
4,2021-03-14,49579,4197861,28388,2227763,17567,1919457,3624,50641,23237,1189576,0.148,26253,1546507,0.192407,27502,2736083,0.340407,8037679
4,2021-03-15,83609,4281470,45017,2272780,34345,1953802,4247,54888,42613,1196519,0.148864,40770,1587277,0.19748,47713,2783796,0.346343,8037679
4,2021-03-16,107564,4389034,55926,2328706,48241,2002043,3397,58285,57090,1207459,0.150225,50248,1637525,0.203731,61188,2844984,0.353956,8037679
4,2021-03-17,106710,4495744,57547,2386253,45671,2047714,3492,61777,62704,1230466,0.153087,43752,1681277,0.209174,66759,2911743,0.362262,8037679
4,2021-03-18,107005,4602749,59365,2445618,43957,2091671,3683,65460,61019,1249884,0.155503,45721,1726998,0.214863,65139,2976882,0.370366,8037679
4,2021-03-19,111419,4714168,64121,2509739,42113,2133784,5185,70645,63737,1271766,0.158226,47446,1774444,0.220766,69328,3046210,0.378991,8037679
4,2021-03-20,83476,4797644,49010,2558749,31471,2165255,2995,73640,51276,1294294,0.161028,32059,1806503,0.224754,54587,3100797,0.385783,8037679
4,2021-03-21,48112,4845756,34933,2593682,10923,2176178,2256,75896,28497,1305905,0.162473,19501,1826004,0.227181,31112,3131909,0.389653,8037679
4,2021-03-22,82404,4928160,53879,2647561,25792,2201970,2733,78629,51344,1329882,0.165456,30837,1856841,0.231017,54814,3186723,0.396473,8037679
4,2021-03-23,104765,5032925,62724,2710285,39885,2241855,2156,80785,62607,1353297,0.168369,41893,1898734,0.236229,65308,3252031,0.404598,8037679
4,2021-03-24,113397,5146322,73215,2783500,37772,2279627,2410,83195,64163,1371515,0.170636,48814,1947548,0.242302,67032,3319063,0.412938,8037679
4,2021-03-25,116965,5263287,72025,2855525,42551,2322178,2389,85584,67155,1392191,0.173208,49349,1996897,0.248442,70025,3389088,0.42165,8037679
4,2021-03-26,119598,5382885,72614,2928139,43946,2366124,3038,88622,65646,1407863,0.175158,53610,2050507,0.255112,69282,3458370,0.43027,8037679
4,2021-03-27,91533,5474418,54243,2982382,35503,2401627,1787,90409,46430,1411702,0.175636,44864,2095371,0.260694,48703,3507073,0.436329,8037679
4,2021-03-28,55600,5530018,36729,3019111,18001,2419628,870,91279,29638,1416744,0.176263,25799,2121170,0.263903,30841,3537914,0.440166,8037679
4,2021-03-29,93470,5623488,56025,3075136,35367,2454995,2078,93357,50802,1427742,0.177631,42435,2163605,0.269183,53433,3591347,0.446814,8037679
4,2021-03-30,117042,5740530,63841,3138977,49039,2504034,4162,97519,69604,1454722,0.180988,47221,2210826,0.275058,74201,3665548,0.456046,8037679
4,2021-03-31,120954,5861484,71362,3210339,43269,2547303,6323,103842,67941,1476523,0.1837,52679,2263505,0.281612,74480,3740028,0.465312,8037679
4,2021-04-01,142365,6003849,81233,3291572,47924,2595227,13208,117050,83968,1515925,0.188602,57981,2321486,0.288825,97383,3837411,0.477428,8037679
4,2021-04-02,136527,6140376,72965,3364537,49998,2645225,13564,130614,79060,1551709,0.193054,57182,2378668,0.29594,92966,3930377,0.488994,8037679
4,2021-04-03,101152,6241528,54084,3418621,33676,2678901,13392,144006,52699,1569808,0.195306,48260,2426928,0.301944,66359,3996736,0.49725,8037679
4,2021-04-04,46835,6288363,24718,3443339,14601,2693502,7516,151522,20441,1571514,0.195518,26289,2453217,0.305215,27995,4024731,0.500733,8037679
4,2021-04-05,109223,6397586,61441,3504780,35002,2728504,12780,164302,57036,1589935,0.19781,51988,2505205,0.311683,70409,4095140,0.509493,8037679
4,2021-04-06,138681,6536267,78078,3582858,40888,2769392,19715,184017,72175,1616180,0.201075,66279,2571484,0.319929,92524,4187664,0.521004,8037679
4,2021-04-07,137365,6673632,77869,3660727,38808,2808200,20688,204705,71219,1642501,0.20435,65903,2637387,0.328128,92224,4279888,0.532478,8037679
4,2021-04-08,139882,6813514,77992,3738719,36474,2844674,25416,230121,69576,1668110,0.207536,70025,2707412,0.33684,95634,4375522,0.544376,8037679
4,2021-04-09,137510,6951024,75505,3814224,39063,2883737,22942,253063,65702,1686212,0.209788,71590,2779002,0.345747,89692,4465214,0.555535,8037679
4,2021-04-10,103333,7054357,51178,3865402,33311,2917048,18844,271907,46435,1695867,0.21099,56689,2835691,0.3528,66344,4531558,0.563789,8037679
4,2021-04-11,62333,7116690,38025,3903427,13149,2930197,11159,283066,27363,1700607,0.211579,34872,2870563,0.357138,39612,4571170,0.568718,8037679
4,2021-04-12,102673,7219363,62452,3965879,30090,2960287,10131,293197,51777,1713132,0.213138,50606,2921169,0.363434,63131,4634301,0.576572,8037679
4,2021-04-13,130167,7349530,81665,4047544,48338,3008625,164,293361,78005,1740278,0.216515,51884,2973053,0.369889,79030,4713331,0.586404,8037679
4,2021-04-14,135338,7484868,86247,4133791,49016,3057641,75,293436,74992,1756555,0.21854,60020,3033073,0.377357,76297,4789628,0.595897,8037679
4,2021-04-15,156049,7640917,103901,4237692,52084,3109725,64,293500,95874,1793432,0.223128,59822,3092895,0.3848,96699,4886327,0.607928,8037679
4,2021-04-16,143385,7784302,90921,4328613,52386,3162111,78,293578,83476,1818093,0.226196,59615,3152510,0.392216,84276,4970603,0.618413,8037679
4,2021-04-17,100858,7885160,63698,4392311,37136,3199247,24,293602,59231,1837134,0.228565,41362,3193872,0.397362,60403,5031006,0.625928,8037679
4,2021-04-18,56330,7941490,38306,4430617,18021,3217268,3,293605,32016,1845916,0.229658,24193,3218065,0.400372,32975,5063981,0.63003,8037679
4,2021-04-19,101308,8042798,66812,4497429,34478,3251746,18,293623,51805,1849072,0.23005,49268,3267333,0.406502,52424,5116405,0.636553,8037679
4,2021-04-20,131466,8174264,78448,4575877,53002,3304748,16,293639,68701,1856396,0.230962,62472,3329805,0.414274,69796,5186201,0.645236,8037679
4,2021-04-21,133827,8308091,87425,4663302,46349,3351097,53,293692,67665,1859374,0.231332,65797,3395602,0.422461,68775,5254976,0.653793,8037679
4,2021-04-22,140431,8448522,93288,4756590,47121,3398218,22,293714,62955,1846344,0.229711,77128,3472730,0.432056,64098,5319074,0.661767,8037679
4,2021-04-23,133987,8582509,87326,4843916,46637,3444855,24,293738,58275,1830452,0.227734,75384,3548114,0.441435,59492,5378566,0.669169,8037679
4,2021-04-24,97421,8679930,66064,4909980,31307,3476162,50,293788,44812,1824048,0.226937,52336,3600450,0.447946,45932,5424498,0.674884,8037679
4,2021-04-25,49616,8729546,35265,4945245,14326,3490488,25,293813,26192,1827420,0.227357,23288,3623738,0.450844,26660,5451158,0.678201,8037679
4,2021-04-26,91495,8821041,59996,5005241,31102,3521590,397,294210,36074,1810095,0.225201,55138,3678876,0.457704,37813,5488971,0.682905,8037679
4,2021-04-27,113288,8934329,69233,5074474,41753,3563343,2302,296512,40922,1782054,0.221713,72067,3750943,0.46667,44026,5532997,0.688382,8037679
4,2021-04-28,103511,9037840,67641,5142115,33360,3596703,2510,299022,37978,1757967,0.218716,65240,3816183,0.474787,41153,5574150,0.693502,8037679
4,2021-04-29,104956,9142796,67071,5209186,35367,3632070,2518,301540,34027,1724513,0.214554,70609,3886792,0.483571,37155,5611305,0.698125,8037679
4,2021-04-30,104566,9247362,66313,5275499,35582,3667652,2671,304211,36042,1695726,0.210972,68166,3954958,0.492052,39379,5650684,0.703024,8037679
4,2021-05-01,68783,9316145,45746,5321245,21284,3688936,1753,305964,20000,1669564,0.207717,48556,4003514,0.498093,22394,5673078,0.70581,8037679
4,2021-05-02,37393,9353538,26535,5347780,9579,3698515,1279,307243,10495,1654692,0.205867,26790,4030304,0.501426,11918,5684996,0.707293,8037679
4,2021-05-03,78174,9431712,54411,5402191,21297,3719812,2466,309709,19168,1617925,0.201293,58770,4089074,0.508738,22003,5706999,0.710031,8037679
4,2021-05-04,100684,9532396,68931,5471122,28999,3748811,2754,312463,22716,1566080,0.194842,77703,4166777,0.518405,25858,5732857,0.713248,8037679
4,2021-05-05,101415,9633811,71534,5542656,27161,3775972,2720,315183,22064,1512121,0.188129,79034,4245811,0.528238,25075,5757932,0.716367,8037679
4,2021-05-06,110951,9744762,83168,5625824,24858,3800830,2925,318108,19674,1445007,0.179779,90835,4336646,0.53954,23721,5781653,0.719319,8037679
4,2021-05-07,104093,9848855,74881,5700705,26536,3827366,2676,320784,20612,1385574,0.172385,83138,4419784,0.549883,23705,5805358,0.722268,8037679
4,2021-05-08,68721,9917576,47683,5748388,19117,3846483,1921,322705,13695,1346737,0.167553,54810,4474594,0.556702,15973,5821331,0.724255,8037679
4,2021-05-09,34057,9951633,27891,5776279,5228,3851711,938,323643,7488,1328794,0.165321,26466,4501060,0.559995,8523,5829854,0.725316,8037679
4,2021-05-10,64414,10016047,43134,5819413,18972,3870683,2308,325951,11007,1289211,0.160396,53214,4554274,0.566616,13631,5843485,0.727011,8037679
4,2021-05-11,82051,10098098,51231,5870644,28644,3899327,2176,328127,15811,1241681,0.154483,66019,4620293,0.574829,18489,5861974,0.729312,8037679
4,2021-05-12,79067,10177165,52673,5923317,23901,3923228,2493,330620,16638,1199030,0.149176,62160,4682453,0.582563,19509,5881483,0.731739,8037679
4,2021-05-13,103784,10280949,76508,5999825,25756,3948984,1520,332140,40312,1178709,0.146648,63163,4745616,0.590421,42842,5924325,0.737069,8037679
4,2021-05-14,104109,10385058,73584,6073409,28394,3977378,2131,334271,40135,1157820,0.144049,63684,4809300,0.598344,42795,5967120,0.742393,8037679
4,2021-05-15,84924,10469982,65690,6139099,17914,3995292,1320,335591,37517,1149772,0.143048,47178,4856478,0.604214,39130,6006250,0.747262,8037679
4,2021-05-16,50693,10520675,41224,6180323,8760,4004052,709,336300,20910,1141888,0.142067,29646,4886124,0.607902,21762,6028012,0.749969,8037679
4,2021-05-17,70708,10591383,51680,6232003,17186,4021238,1842,338142,27983,1129404,0.140514,42536,4928660,0.613194,30052,6058064,0.753708,8037679
4,2021-05-18,81158,10672541,52828,6284831,26587,4047825,1743,339885,29086,1108869,0.137959,51726,4980386,0.61963,31191,6089255,0.757589,8037679
4,2021-05-19,76183,10748724,51566,6336397,22678,4070503,1939,341824,30752,1096681,0.136442,45167,5025553,0.625249,32979,6122234,0.761692,8037679
4,2021-05-20,68320,10817044,43885,6380282,22447,4092950,1988,343812,25300,1081564,0.134562,42748,5068301,0.630568,27631,6149865,0.765129,8037679
4,2021-05-21,73031,10890075,48200,6428482,22970,4115920,1861,345673,25810,1062547,0.132196,46952,5115253,0.636409,27935,6177800,0.768605,8037679
4,2021-05-22,49336,10939411,34613,6463095,13444,4129364,1279,346952,21485,1057830,0.131609,27703,5142956,0.639856,22986,6200786,0.771465,8037679
4,2021-05-23,23443,10962854,16957,6480052,5768,4135132,718,347670,9680,1054694,0.131219,13644,5156600,0.641553,10508,6211294,0.772772,8037679
4,2021-05-24,42848,11005702,27287,6507339,12571,4147703,2990,350660,15029,1045303,0.13005,27616,5184216,0.644989,18225,6229519,0.77504,8037679
4,2021-05-25,44668,11050370,27769,6535108,14086,4161789,2813,353473,15865,1035629,0.128847,28586,5212802,0.648546,18912,6248431,0.777392,8037679
4,2021-05-26,44265,11094635,26588,6561696,15091,4176880,2586,356059,15760,1025841,0.127629,28308,5241110,0.652068,18520,6266951,0.779697,8037679
4,2021-05-27,38674,11133309,23248,6584944,12303,4189183,3123,359182,14587,1019811,0.126879,23907,5265017,0.655042,17877,6284828,0.781921,8037679
4,2021-05-28,43044,11176353,27459,6612403,13989,4203172,1596,360778,18792,1016409,0.126456,24019,5289036,0.65803,20617,6305445,0.784486,8037679
4,2021-05-29,23489,11199842,15287,6627690,7267,4210439,935,361713,10825,1015753,0.126374,12547,5301583,0.659591,11891,6317336,0.785965,8037679
4,2021-05-30,11925,11211767,8369,6636059,3032,4213471,524,362237,4968,1014413,0.126207,6900,5308483,0.66045,5560,6322896,0.786657,8037679
4,2021-05-31,3536,11215303,2246,6638305,1132,4214603,158,362395,1132,1013353,0.126075,2372,5310855,0.660745,1312,6324208,0.78682,8037679
4,2021-06-01,39243,11254546,24401,6662706,12402,4227005,2440,364835,13005,1002977,0.124784,26040,5336895,0.663985,15664,6339872,0.788769,8037679
4,2021-06-02,32344,11286890,20224,6682930,9342,4236347,2778,367613,10820,995367,0.123838,21358,5358253,0.666642,13748,6353620,0.790479,8037679
4,2021-06-03,47764,11334654,36653,6719583,8661,4245008,2450,370063,10366,971237,0.120836,37251,5395504,0.671276,13121,6366741,0.792112,8037679
4,2021-06-04,54450,11389104,43846,6763429,9285,4254293,1319,371382,12778,944685,0.117532,41453,5436957,0.676434,14901,6381642,0.793966,8037679
4,2021-06-05,44426,11433530,38051,6801480,5381,4259674,994,372376,8736,919146,0.114355,35544,5472501,0.680856,10005,6391647,0.795211,8037679
4,2021-06-06,21004,11454534,18741,6820221,1706,4261380,557,372933,3969,907122,0.112859,16935,5489436,0.682963,4911,6396558,0.795822,8037679
4,2021-06-07,38432,11492966,31102,6851323,5421,4266801,1909,374842,8436,887869,0.110463,29872,5519308,0.686679,10619,6407177,0.797143,8037679
4,2021-06-08,40285,11533251,31620,6882943,6140,4272941,2525,377367,9459,869545,0.108184,30642,5549950,0.690492,12318,6419495,0.798675,8037679
4,2021-06-09,38688,11571939,30682,6913625,5656,4278597,2350,379717,7938,849602,0.105702,30587,5580537,0.694297,10644,6430139,0.799999,8037679
4,2021-06-10,36900,11608839,29090,6942715,5204,4283801,2606,382323,8571,832860,0.103619,28181,5608718,0.697803,11439,6441578,0.801423,8037679
4,2021-06-11,37996,11646835,29843,6972558,6145,4289946,2008,384331,9850,817066,0.101654,27999,5636717,0.701287,12205,6453783,0.802941,8037679
4,2021-06-12,26355,11673190,21947,6994505,3701,4293647,707,385038,6091,803918,0.100019,20161,5656878,0.703795,7013,6460796,0.803814,8037679
4,2021-06-13,10761,11683951,8495,7003000,1789,4295436,477,385515,2301,798399,0.099332,8402,5665280,0.70484,2883,6463679,0.804172,8037679
4,2021-06-14,28381,11712332,21238,7024238,4349,4299785,2794,388309,7753,788663,0.098121,20499,5685779,0.707391,10763,6474442,0.805511,8037679
4,2021-06-15,29741,11742073,21039,7045277,5310,4305095,3392,391701,8291,779284,0.096954,21312,5707091,0.710042,11933,6486375,0.806996,8037679
4,2021-06-16,26334,11768407,19840,7065117,3898,4308993,2596,394297,8027,771965,0.096043,18145,5725236,0.7123,10826,6497201,0.808343,8037679
4,2021-06-17,24893,11793300,18386,7083503,3641,4312634,2866,397163,7567,765434,0.095231,17146,5742382,0.714433,10615,6507816,0.809664,8037679
4,2021-06-18,26402,11819702,20812,7104315,4373,4317007,1217,398380,8192,757077,0.094191,18015,5760397,0.716674,9658,6517474,0.810865,8037679
4,2021-06-19,15640,11835342,12660,7116975,2290,4319297,690,399070,5045,752531,0.093625,10446,5770843,0.717974,5900,6523374,0.811599,8037679
4,2021-06-20,7331,11842673,6043,7123018,982,4320279,306,399376,2626,750891,0.093421,4649,5775492,0.718552,3009,6526383,0.811974,8037679
4,2021-06-21,14393,11857066,10421,7133439,2849,4323128,1123,400499,7308,752469,0.093618,7010,5782502,0.719424,8588,6534971,0.813042,8037679
4,2021-06-22,20240,11877306,15795,7149234,3393,4326521,1052,401551,7054,747655,0.093019,13071,5795573,0.721051,8257,6543228,0.814069,8037679
4,2021-06-23,18181,11895487,14271,7163505,2941,4329462,969,402520,6666,744020,0.092567,11399,5806972,0.722469,7764,6550992,0.815035,8037679
4,2021-06-24,17328,11912815,13443,7176948,2910,4332372,975,403495,6475,740901,0.092178,10706,5817678,0.723801,7587,6558579,0.815979,8037679
4,2021-06-25,21172,11933987,16668,7193616,3488,4335860,1016,404511,7671,736382,0.091616,13374,5831052,0.725465,8855,6567434,0.817081,8037679
4,2021-06-26,12838,11946825,10468,7204084,1765,4337625,605,405116,4745,733840,0.0913,7997,5839049,0.72646,5455,6572889,0.81776,8037679
4,2021-06-27,6746,11953571,5461,7209545,945,4338570,340,405456,2862,733247,0.091226,3849,5842898,0.726938,3256,6576145,0.818165,8037679
4,2021-06-28,10987,11964558,9144,7218689,1238,4339808,605,406061,4345,731657,0.091028,6583,5849481,0.727757,4993,6581138,0.818786,8037679
