vemquartile,administered_date,total_doses,cumulative_total_doses,pfizer_doses,cumulative_pfizer_doses,moderna_doses,cumulative_moderna_doses,jj_doses,cumulative_jj_doses,partially_vaccinated,total_partially_vaccinated,pct_age16pop_partially_vaccinated,fully_vaccinated,cumulative_fully_vaccinated,pct_age16pop_fully_vaccinated,at_least_one_dose,cumulative_at_least_one_dose,pct_age16pop_at_least_one_dose,age16_population
1,2020-12-15,148,148,148,148,0,0,0,0,148,148,1.8e-05,0,0,0.0,148,148,1.8e-05,8051741
1,2020-12-16,1154,1302,1154,1302,0,0,0,0,1154,1302,0.000162,0,0,0.0,1154,1302,0.000162,8051741
1,2020-12-17,4114,5416,4114,5416,0,0,0,0,4115,5417,0.000673,0,0,0.0,4115,5417,0.000673,8051741
1,2020-12-18,6248,11664,6228,11644,20,20,0,0,6250,11667,0.001449,0,0,0.0,6250,11667,0.001449,8051741
1,2020-12-19,2866,14530,2865,14509,1,21,0,0,2864,14530,0.001805,1,1,0.0,2864,14531,0.001805,8051741
1,2020-12-20,2107,16637,2102,16611,5,26,0,0,2108,16638,0.002066,0,1,0.0,2108,16639,0.002067,8051741
1,2020-12-21,7607,24244,7596,24207,11,37,0,0,7658,24296,0.003017,0,1,0.0,7658,24297,0.003018,8051741
1,2020-12-22,7269,31513,6930,31137,339,376,0,0,7272,31567,0.003921,1,2,0.0,7272,31569,0.003921,8051741
1,2020-12-23,7772,39285,6554,37691,1218,1594,0,0,7767,39334,0.004885,0,2,0.0,7767,39336,0.004885,8051741
1,2020-12-24,3293,42578,2358,40049,935,2529,0,0,3295,42629,0.005294,0,2,0.0,3295,42631,0.005295,8051741
1,2020-12-25,232,42810,149,40198,83,2612,0,0,232,42861,0.005323,0,2,0.0,232,42863,0.005323,8051741
1,2020-12-26,1355,44165,965,41163,390,3002,0,0,1354,44214,0.005491,1,3,0.0,1354,44217,0.005492,8051741
1,2020-12-27,856,45021,527,41690,329,3331,0,0,856,45070,0.005598,0,3,0.0,856,45073,0.005598,8051741
1,2020-12-28,7012,52033,4745,46435,2267,5598,0,0,7011,52081,0.006468,0,3,0.0,7011,52084,0.006469,8051741
1,2020-12-29,8829,60862,4971,51406,3858,9456,0,0,8826,60906,0.007564,1,4,0.0,8826,60910,0.007565,8051741
1,2020-12-30,11590,72452,6473,57879,5117,14573,0,0,11590,72496,0.009004,0,4,0.0,11590,72500,0.009004,8051741
1,2020-12-31,5928,78380,1951,59830,3977,18550,0,0,5927,78422,0.00974,1,5,1e-06,5927,78427,0.00974,8051741
1,2021-01-01,532,78912,179,60009,353,18903,0,0,532,78954,0.009806,0,5,1e-06,532,78959,0.009806,8051741
1,2021-01-02,2882,81794,1745,61754,1137,20040,0,0,2884,81838,0.010164,0,5,1e-06,2884,81843,0.010165,8051741
1,2021-01-03,1019,82813,545,62299,474,20514,0,0,1018,82855,0.01029,1,6,1e-06,1018,82861,0.010291,8051741
1,2021-01-04,7317,90130,3568,65867,3749,24263,0,0,7323,90177,0.0112,1,7,1e-06,7323,90184,0.011201,8051741
1,2021-01-05,10726,100856,5166,71033,5560,29823,0,0,9982,99451,0.012351,731,738,9.2e-05,10005,100189,0.012443,8051741
1,2021-01-06,13949,114805,7026,78059,6923,36746,0,0,12080,109706,0.013625,1831,2569,0.000319,12086,112275,0.013944,8051741
1,2021-01-07,17361,132166,9075,87134,8286,45032,0,0,12939,118328,0.014696,4324,6893,0.000856,12946,125221,0.015552,8051741
1,2021-01-08,20036,152202,10400,97534,9636,54668,0,0,14187,126687,0.015734,5833,12726,0.001581,14192,139413,0.017315,8051741
1,2021-01-09,6623,158825,3354,100888,3269,57937,0,0,4788,129659,0.016103,1820,14546,0.001807,4792,144205,0.01791,8051741
1,2021-01-10,3055,161880,1738,102626,1317,59254,0,0,1866,130353,0.016189,1173,15719,0.001952,1867,146072,0.018142,8051741
1,2021-01-11,18006,179886,11794,114420,6212,65466,0,0,11493,135396,0.016816,6487,22206,0.002758,11530,157602,0.019574,8051741
1,2021-01-12,18804,198690,10639,125059,8165,73631,0,0,12845,142357,0.01768,5918,28124,0.003493,12879,170481,0.021173,8051741
1,2021-01-13,19615,218305,10559,135618,9056,82687,0,0,14491,151761,0.018848,5101,33225,0.004126,14505,184986,0.022975,8051741
1,2021-01-14,21926,240231,9472,145090,12454,95141,0,0,19192,168320,0.020905,2676,35901,0.004459,19235,204221,0.025364,8051741
1,2021-01-15,25117,265348,9299,154389,15818,110959,0,0,23197,189693,0.023559,1871,37772,0.004691,23244,227465,0.02825,8051741
1,2021-01-16,13848,279196,4541,158930,9307,120266,0,0,13009,201867,0.025071,837,38609,0.004795,13011,240476,0.029866,8051741
1,2021-01-17,5173,284369,1988,160918,3185,123451,0,0,4807,206317,0.025624,362,38971,0.00484,4812,245288,0.030464,8051741
1,2021-01-18,14196,298565,8539,169457,5657,129108,0,0,11057,214289,0.026614,3127,42098,0.005228,11099,256387,0.031842,8051741
1,2021-01-19,24612,323177,12865,182322,11747,140855,0,0,19429,228599,0.028391,5168,47266,0.00587,19478,275865,0.034262,8051741
1,2021-01-20,28367,351544,13954,196276,14413,155268,0,0,22731,245782,0.030525,5582,52848,0.006564,22765,298630,0.037089,8051741
1,2021-01-21,30585,382129,14230,210506,16355,171623,0,0,27463,270250,0.033564,3066,55914,0.006944,27534,326164,0.040509,8051741
1,2021-01-22,28065,410194,11143,221649,16922,188545,0,0,26098,294448,0.036569,1926,57840,0.007184,26124,352288,0.043753,8051741
1,2021-01-23,18615,428809,8183,229832,10432,198977,0,0,16695,309248,0.038408,1907,59747,0.00742,16707,368995,0.045828,8051741
1,2021-01-24,6655,435464,4159,233991,2496,201473,0,0,6006,314615,0.039074,643,60390,0.0075,6010,375005,0.046574,8051741
1,2021-01-25,24893,460357,10379,244370,14514,215987,0,0,19338,328506,0.040799,5533,65923,0.008187,19424,394429,0.048987,8051741
1,2021-01-26,28316,488673,13333,257703,14983,230970,0,0,21813,343878,0.042709,6458,72381,0.008989,21830,416259,0.051698,8051741
1,2021-01-27,31469,520142,15334,273037,16135,247105,0,0,23611,359719,0.044676,7794,80175,0.009957,23635,439894,0.054633,8051741
1,2021-01-28,34338,554480,16065,289102,18273,265378,0,0,27631,380744,0.047287,6652,86827,0.010784,27677,467571,0.058071,8051741
1,2021-01-29,33231,587711,16328,305430,16903,282281,0,0,26794,401258,0.049835,6312,93139,0.011568,26826,494397,0.061402,8051741
1,2021-01-30,19974,607685,8626,314056,11348,293629,0,0,17988,417291,0.051826,1962,95101,0.011811,17995,512392,0.063637,8051741
1,2021-01-31,7608,615293,5004,319060,2604,296233,0,0,6873,423431,0.052589,735,95836,0.011903,6875,519267,0.064491,8051741
1,2021-02-01,28233,643526,12245,331305,15988,312221,0,0,20763,436772,0.054246,7428,103264,0.012825,20769,540036,0.067071,8051741
1,2021-02-02,31814,675340,11463,342768,20351,332572,0,0,23938,452927,0.056252,7815,111079,0.013796,23970,564006,0.070048,8051741
1,2021-02-03,38942,714282,14906,357674,24036,356608,0,0,28215,470584,0.058445,10588,121667,0.015111,28245,592251,0.073556,8051741
1,2021-02-04,43629,757911,17095,374769,26534,383142,0,0,31662,490430,0.06091,11863,133530,0.016584,31709,623960,0.077494,8051741
1,2021-02-05,46685,804596,17387,392156,29298,412440,0,0,30726,505358,0.062764,15844,149374,0.018552,30772,654732,0.081316,8051741
1,2021-02-06,26456,831052,10474,402630,15982,428422,0,0,20650,520265,0.064615,5758,155132,0.019267,20665,675397,0.083882,8051741
1,2021-02-07,6201,837253,3984,406614,2217,430639,0,0,4609,523319,0.064995,1573,156705,0.019462,4627,680024,0.084457,8051741
1,2021-02-08,31020,868273,14064,420678,16956,447595,0,0,20702,533880,0.066306,10224,166929,0.020732,20785,700809,0.087038,8051741
1,2021-02-09,38008,906281,16609,437287,21399,468994,0,0,23377,542818,0.067416,14509,181438,0.022534,23447,724256,0.08995,8051741
1,2021-02-10,46639,952920,22044,459331,24595,493589,0,0,26932,550263,0.068341,19562,201000,0.024964,27007,751263,0.093304,8051741
1,2021-02-11,50572,1003492,24966,484297,25606,519195,0,0,30763,561595,0.069748,19528,220528,0.027389,30860,782123,0.097137,8051741
1,2021-02-12,49316,1052808,21313,505610,28003,547198,0,0,28411,569366,0.070713,20769,241297,0.029968,28540,810663,0.100682,8051741
1,2021-02-13,26065,1078873,11341,516951,14724,561922,0,0,15131,573708,0.071253,10865,252162,0.031318,15207,825870,0.10257,8051741
1,2021-02-14,11598,1090471,5482,522433,6116,568038,0,0,6613,575430,0.071467,4956,257118,0.031933,6678,832548,0.1034,8051741
1,2021-02-15,23419,1113890,9242,531675,14177,582215,0,0,14285,580794,0.072133,9036,266154,0.033055,14400,846948,0.105188,8051741
1,2021-02-16,46368,1160258,22117,553792,24251,606466,0,0,27453,589504,0.073214,18851,285005,0.035397,27561,874509,0.108611,8051741
1,2021-02-17,47704,1207962,24068,577860,23636,630102,0,0,26003,594045,0.073778,21599,306604,0.038079,26140,900649,0.111858,8051741
1,2021-02-18,50113,1258075,24968,602828,25145,655247,0,0,26196,596723,0.074111,23718,330322,0.041025,26396,927045,0.115136,8051741
1,2021-02-19,45357,1303432,24557,627385,20800,676047,0,0,25754,603032,0.074895,19507,349829,0.043448,25816,952861,0.118342,8051741
1,2021-02-20,26764,1330196,16304,643689,10460,686507,0,0,15407,607198,0.075412,11317,361146,0.044853,15483,968344,0.120265,8051741
1,2021-02-21,11283,1341479,10050,653739,1233,687740,0,0,6798,609604,0.075711,4440,365586,0.045405,6846,975190,0.121115,8051741
1,2021-02-22,29841,1371320,19574,673313,10267,698007,0,0,17635,615174,0.076403,12160,377746,0.046915,17730,992920,0.123317,8051741
1,2021-02-23,42696,1414016,20852,694165,21844,719851,0,0,24005,620957,0.077121,18572,396318,0.049221,24355,1017275,0.126342,8051741
1,2021-02-24,52711,1466727,25531,719696,27180,747031,0,0,29764,628317,0.078035,22851,419169,0.052059,30211,1047486,0.130094,8051741
1,2021-02-25,64817,1531544,31510,751206,33307,780338,0,0,40837,645776,0.080203,23877,443046,0.055025,41336,1088822,0.135228,8051741
1,2021-02-26,71962,1603506,33888,785094,38074,818412,0,0,47893,670217,0.083239,23920,466966,0.057996,48361,1137183,0.141234,8051741
1,2021-02-27,48417,1651923,21674,806768,26738,845150,5,5,31970,686113,0.085213,16342,483308,0.060025,32238,1169421,0.145238,8051741
1,2021-02-28,19019,1670942,11306,818074,7713,852863,0,5,14042,695377,0.086364,4919,488227,0.060636,14183,1183604,0.147,8051741
1,2021-03-01,43137,1714079,19691,837765,23431,876294,15,20,28118,708819,0.088033,14917,503144,0.062489,28359,1211963,0.150522,8051741
1,2021-03-02,58457,1772536,23999,861764,34453,910747,5,25,37227,725532,0.090109,21126,524270,0.065113,37839,1249802,0.155221,8051741
1,2021-03-03,67901,1840437,31853,893617,36036,946783,12,37,41268,740882,0.092015,26520,550790,0.068406,41870,1291672,0.160421,8051741
1,2021-03-04,75573,1916010,34818,928435,40721,987504,34,71,48360,762718,0.094727,27063,577853,0.071767,48899,1340571,0.166495,8051741
1,2021-03-05,74213,1990223,32925,961360,41086,1028590,202,273,49471,788473,0.097926,24548,602401,0.074816,50303,1390874,0.172742,8051741
1,2021-03-06,56268,2046491,26648,988008,28293,1056883,1327,1600,38255,810469,0.100658,17950,620351,0.077046,39946,1430820,0.177703,8051741
1,2021-03-07,19442,2065933,12261,1000269,6386,1063269,795,2395,14553,821205,0.101991,4873,625224,0.077651,15609,1446429,0.179642,8051741
1,2021-03-08,43361,2109294,20535,1020804,20973,1084242,1853,4248,30322,840755,0.104419,12963,638187,0.079261,32513,1478942,0.18368,8051741
1,2021-03-09,59791,2169085,26032,1046836,31293,1115535,2466,6714,35801,855474,0.106247,23890,662077,0.082228,38609,1517551,0.188475,8051741
1,2021-03-10,70446,2239531,34583,1081419,31526,1147061,4337,11051,43473,876812,0.108897,26849,688926,0.085562,48187,1565738,0.19446,8051741
1,2021-03-11,88176,2327707,40198,1121617,40070,1187131,7908,18959,51697,900625,0.111855,36262,725188,0.090066,60075,1625813,0.201921,8051741
1,2021-03-12,95063,2422770,40940,1162557,41847,1228978,12276,31235,55236,928974,0.115376,39651,764839,0.094991,68000,1693813,0.210366,8051741
1,2021-03-13,62898,2485668,28174,1190731,27039,1256017,7685,38920,39887,953981,0.118481,22907,787746,0.097835,47914,1741727,0.216317,8051741
1,2021-03-14,26815,2512483,14284,1205015,9034,1265051,3497,42417,15161,961234,0.119382,11606,799352,0.099277,18859,1760586,0.218659,8051741
1,2021-03-15,63455,2575938,27525,1232540,29346,1294397,6584,49001,37556,979992,0.121712,25737,825089,0.102473,44495,1805081,0.224185,8051741
1,2021-03-16,83658,2659596,37627,1270167,40547,1334944,5484,54485,52168,1006690,0.125028,31328,856417,0.106364,58026,1863107,0.231392,8051741
1,2021-03-17,90226,2749822,43209,1313376,40516,1375460,6501,60986,58104,1039708,0.129128,31979,888396,0.110336,64997,1928104,0.239464,8051741
1,2021-03-18,95530,2845352,48589,1361965,41441,1416901,5500,66486,58537,1067518,0.132582,36687,925083,0.114892,64497,1992601,0.247475,8051741
1,2021-03-19,100412,2945764,51473,1413438,42871,1459772,6068,72554,59921,1093748,0.13584,40243,965326,0.11989,66473,2059074,0.25573,8051741
1,2021-03-20,69816,3015580,35930,1449368,28707,1488479,5179,77733,45903,1121322,0.139265,23768,989094,0.122842,51342,2110416,0.262107,8051741
1,2021-03-21,25828,3041408,17800,1467168,6267,1494746,1761,79494,16775,1130959,0.140461,8988,998082,0.123959,18625,2129041,0.26442,8051741
1,2021-03-22,57784,3099192,29538,1496706,25051,1519797,3195,82689,39554,1155996,0.143571,18069,1016151,0.126203,43106,2172147,0.269774,8051741
1,2021-03-23,81051,3180243,40853,1537559,36671,1556468,3527,86216,52673,1184445,0.147104,28206,1044357,0.129706,56655,2228802,0.27681,8051741
1,2021-03-24,85506,3265749,42971,1580530,38295,1594763,4240,90456,52392,1208347,0.150073,32910,1077267,0.133793,56812,2285614,0.283866,8051741
1,2021-03-25,94020,3359769,47475,1628005,40947,1635710,5598,96054,54543,1229482,0.152698,39229,1116496,0.138665,60364,2345978,0.291363,8051741
1,2021-03-26,101316,3461085,49001,1677006,46182,1681892,6133,102187,56742,1248348,0.155041,44312,1160808,0.144169,63178,2409156,0.299209,8051741
1,2021-03-27,71545,3532630,36978,1713984,30767,1712659,3800,105987,37875,1256745,0.156084,33485,1194293,0.148327,41882,2451038,0.304411,8051741
1,2021-03-28,31358,3563988,20202,1734186,9957,1722616,1199,107186,16652,1260328,0.156529,14599,1208892,0.15014,18182,2469220,0.306669,8051741
1,2021-03-29,65060,3629048,32544,1766730,29736,1752352,2780,109966,37091,1272587,0.158051,27830,1236722,0.153597,40089,2509309,0.311648,8051741
1,2021-03-30,89183,3718231,43690,1810420,39496,1791848,5997,115963,50742,1291126,0.160354,38316,1275038,0.158356,56855,2566164,0.318709,8051741
1,2021-03-31,97366,3815597,50737,1861157,40899,1832747,5730,121693,55656,1311134,0.162839,41470,1316508,0.163506,61478,2627642,0.326345,8051741
1,2021-04-01,107626,3923223,51644,1912801,47965,1880712,8017,129710,56009,1323938,0.164429,51337,1367845,0.169882,64141,2691783,0.334311,8051741
1,2021-04-02,106633,4029856,48714,1961515,48698,1929410,9221,138931,55022,1337205,0.166077,51263,1419108,0.176249,64530,2756313,0.342325,8051741
1,2021-04-03,75472,4105328,37576,1999091,28633,1958043,9263,148194,35819,1342902,0.166784,39512,1458620,0.181156,45209,2801522,0.34794,8051741
1,2021-04-04,23509,4128837,11678,2010769,8397,1966440,3434,151628,10209,1343283,0.166831,13257,1471877,0.182802,13638,2815160,0.349634,8051741
1,2021-04-05,73772,4202609,35189,2045958,29686,1996126,8897,160525,34223,1347209,0.167319,39390,1511267,0.187694,43316,2858476,0.355013,8051741
1,2021-04-06,101728,4304337,48215,2094173,37199,2033325,16314,176839,46823,1355721,0.168376,54697,1565964,0.194488,63209,2921685,0.362864,8051741
1,2021-04-07,108143,4412480,52028,2146201,38966,2072291,17149,193988,50047,1365089,0.16954,57884,1623848,0.201677,67252,2988937,0.371216,8051741
1,2021-04-08,118383,4530863,55569,2201770,42402,2114693,20412,214400,53287,1374101,0.170659,64804,1688652,0.209725,73816,3062753,0.380384,8051741
1,2021-04-09,118652,4649515,53606,2255376,44812,2159505,20234,234634,52955,1382007,0.171641,65410,1754062,0.217849,73316,3136069,0.38949,8051741
1,2021-04-10,93423,4742938,41788,2297164,29278,2188783,22357,256991,37110,1385337,0.172054,56166,1810228,0.224824,59496,3195565,0.396879,8051741
1,2021-04-11,35512,4778450,19815,2316979,9219,2198002,6478,263469,15066,1386601,0.172211,20407,1830635,0.227359,21671,3217236,0.39957,8051741
1,2021-04-12,72211,4850661,31970,2348949,30389,2228391,9852,273321,31023,1386662,0.172219,40981,1871616,0.232449,41042,3258278,0.404668,8051741
1,2021-04-13,94937,4945598,50773,2399722,43834,2272225,330,273651,51522,1395654,0.173336,43200,1914816,0.237814,52192,3310470,0.41115,8051741
1,2021-04-14,100797,5046395,52137,2451859,48595,2320820,65,273716,51526,1398640,0.173707,48972,1963788,0.243896,51958,3362428,0.417603,8051741
1,2021-04-15,103042,5149437,55596,2507455,47361,2368181,85,273801,55505,1407331,0.174786,47066,2010854,0.249742,55757,3418185,0.424527,8051741
1,2021-04-16,106108,5255545,54934,2562389,51087,2419268,87,273888,53482,1408813,0.17497,52263,2063117,0.256232,53745,3471930,0.431202,8051741
1,2021-04-17,79621,5335166,43065,2605454,36548,2455816,8,273896,44898,1419328,0.176276,34553,2097670,0.260524,45068,3516998,0.4368,8051741
1,2021-04-18,28508,5363674,19103,2624557,9399,2465215,6,273902,14764,1420613,0.176436,13683,2111353,0.262223,14968,3531966,0.438659,8051741
1,2021-04-19,64162,5427836,32774,2657331,31377,2496592,11,273913,29305,1415478,0.175798,34577,2145930,0.266518,29442,3561408,0.442315,8051741
1,2021-04-20,84131,5511967,42187,2699518,41924,2538516,20,273933,40019,1411862,0.175349,43853,2189783,0.271964,40237,3601645,0.447313,8051741
1,2021-04-21,90942,5602909,46373,2745891,44478,2582994,91,274024,41141,1403931,0.174364,49371,2239154,0.278096,41440,3643085,0.452459,8051741
1,2021-04-22,92795,5695704,48330,2794221,44446,2627440,19,274043,42939,1397647,0.173583,49455,2288609,0.284238,43171,3686256,0.457821,8051741
1,2021-04-23,96577,5792281,50092,2844313,46461,2673901,24,274067,46657,1395006,0.173255,49539,2338148,0.29039,46898,3733154,0.463646,8051741
1,2021-04-24,72653,5864934,46119,2890432,26522,2700423,12,274079,41552,1405908,0.174609,30920,2369068,0.294231,41822,3774976,0.46884,8051741
1,2021-04-25,26746,5891680,17115,2907547,9622,2710045,9,274088,15417,1410212,0.175144,11251,2380319,0.295628,15555,3790531,0.470772,8051741
1,2021-04-26,59624,5951304,32226,2939773,27046,2737091,352,274440,28001,1407514,0.174809,31384,2411703,0.299526,28686,3819217,0.474334,8051741
1,2021-04-27,74788,6026092,39981,2979754,33687,2770778,1120,275560,32161,1398783,0.173724,42349,2454052,0.304785,33618,3852835,0.47851,8051741
1,2021-04-28,76732,6102824,40733,3020487,34577,2805355,1422,276982,33466,1390892,0.172744,43005,2497057,0.310126,35114,3887949,0.482871,8051741
1,2021-04-29,79651,6182475,44056,3064543,34050,2839405,1545,278527,32290,1377833,0.171122,47056,2544113,0.315971,33997,3921946,0.487093,8051741
1,2021-04-30,86055,6268530,46984,3111527,37293,2876698,1778,280305,36019,1366042,0.169658,49759,2593872,0.32215,37968,3959914,0.491808,8051741
1,2021-05-01,61017,6329547,39706,3151233,19967,2896665,1344,281649,25769,1358300,0.168696,35087,2628959,0.326508,27345,3987259,0.495205,8051741
1,2021-05-02,22434,6351981,15712,3166945,6201,2902866,521,282170,9373,1355257,0.168319,12969,2641928,0.328119,9926,3997185,0.496437,8051741
1,2021-05-03,53467,6405448,29986,3196931,21735,2924601,1746,283916,19382,1342586,0.166745,33883,2675811,0.332327,21212,4018397,0.499072,8051741
1,2021-05-04,71607,6477055,41117,3238048,28492,2953093,1998,285914,25899,1325121,0.164576,45452,2721263,0.337972,27987,4046384,0.502548,8051741
1,2021-05-05,73155,6550210,42089,3280137,28856,2981949,2210,288124,24847,1304207,0.161978,48035,2769298,0.343938,27121,4073505,0.505916,8051741
1,2021-05-06,74857,6625067,45041,3325178,27720,3009669,2096,290220,23875,1279682,0.158932,50659,2819957,0.350229,26134,4099639,0.509162,8051741
1,2021-05-07,77770,6702837,44515,3369693,31140,3040809,2115,292335,26294,1257026,0.156119,51129,2871086,0.35658,28473,4128112,0.512698,8051741
1,2021-05-08,53667,6756504,33519,3403212,18618,3059427,1530,293865,18263,1241839,0.154232,35076,2906162,0.360936,19889,4148001,0.515168,8051741
1,2021-05-09,17687,6774191,12538,3415750,4674,3064101,475,294340,5479,1235729,0.153474,12097,2918259,0.362438,5987,4153988,0.515912,8051741
1,2021-05-10,40756,6814947,20614,3436364,18452,3082553,1690,296030,13674,1224383,0.152064,26802,2945061,0.365767,15456,4169444,0.517831,8051741
1,2021-05-11,57091,6872038,30877,3467241,24240,3106793,1974,298004,18633,1206872,0.14989,38240,2983301,0.370516,20729,4190173,0.520406,8051741
1,2021-05-12,55535,6927573,29436,3496677,24378,3131171,1721,299725,18220,1189811,0.147771,37077,3020378,0.375121,20016,4210189,0.522892,8051741
1,2021-05-13,57335,6984908,33590,3530267,22117,3153288,1628,301353,21507,1177623,0.146257,35586,3055964,0.379541,23398,4233587,0.525798,8051741
1,2021-05-14,66589,7051497,40173,3570440,24399,3177687,2017,303370,26468,1166394,0.144862,39897,3095861,0.384496,28668,4262255,0.529358,8051741
1,2021-05-15,47223,7098720,31501,3601941,14469,3192156,1253,304623,17873,1156389,0.14362,29196,3125057,0.388122,19191,4281446,0.531742,8051741
1,2021-05-16,11619,7110339,9154,3611095,2105,3194261,360,304983,4515,1154320,0.143363,7093,3132150,0.389003,5024,4286470,0.532366,8051741
2,2020-12-15,234,234,234,234,0,0,0,0,234,234,3e-05,0,0,0.0,234,234,3e-05,7897587
2,2020-12-16,1925,2159,1925,2159,0,0,0,0,1925,2159,0.000273,0,0,0.0,1925,2159,0.000273,7897587
2,2020-12-17,6662,8821,6662,8821,0,0,0,0,6664,8823,0.001117,0,0,0.0,6664,8823,0.001117,7897587
2,2020-12-18,10833,19654,10814,19635,19,19,0,0,10834,19657,0.002489,0,0,0.0,10834,19657,0.002489,7897587
2,2020-12-19,5582,25236,5577,25212,5,24,0,0,5584,25241,0.003196,0,0,0.0,5584,25241,0.003196,7897587
2,2020-12-20,4215,29451,4206,29418,9,33,0,0,4211,29452,0.003729,0,0,0.0,4211,29452,0.003729,7897587
2,2020-12-21,12760,42211,12736,42154,24,57,0,0,12715,42167,0.005339,0,0,0.0,12715,42167,0.005339,7897587
2,2020-12-22,12050,54261,11542,53696,508,565,0,0,12050,54217,0.006865,0,0,0.0,12050,54217,0.006865,7897587
2,2020-12-23,11618,65879,9428,63124,2190,2755,0,0,11621,65838,0.008336,0,0,0.0,11621,65838,0.008336,7897587
2,2020-12-24,5838,71717,3482,66606,2356,5111,0,0,5835,71673,0.009075,0,0,0.0,5835,71673,0.009075,7897587
2,2020-12-25,478,72195,401,67007,77,5188,0,0,479,72152,0.009136,0,0,0.0,479,72152,0.009136,7897587
2,2020-12-26,2564,74759,1668,68675,896,6084,0,0,2566,74718,0.009461,0,0,0.0,2566,74718,0.009461,7897587
2,2020-12-27,2212,76971,1198,69873,1014,7098,0,0,2210,76927,0.009741,1,1,0.0,2210,76928,0.009741,7897587
2,2020-12-28,10908,87879,7090,76963,3818,10916,0,0,10908,87834,0.011122,1,2,0.0,10908,87836,0.011122,7897587
2,2020-12-29,12686,100565,7180,84143,5506,16422,0,0,12690,100524,0.012728,0,2,0.0,12690,100526,0.012729,7897587
2,2020-12-30,15342,115907,8638,92781,6704,23126,0,0,15358,115881,0.014673,1,3,0.0,15358,115884,0.014673,7897587
2,2020-12-31,7494,123401,2801,95582,4693,27819,0,0,7491,123371,0.015621,1,4,1e-06,7491,123375,0.015622,7897587
2,2021-01-01,1114,124515,535,96117,579,28398,0,0,1116,124486,0.015763,1,5,1e-06,1116,124491,0.015763,7897587
2,2021-01-02,4808,129323,2745,98862,2063,30461,0,0,4806,129292,0.016371,0,5,1e-06,4806,129297,0.016372,7897587
2,2021-01-03,1379,130702,789,99651,590,31051,0,0,1374,130663,0.016545,3,8,1e-06,1374,130671,0.016546,7897587
2,2021-01-04,11605,142307,5546,105197,6059,37110,0,0,11592,142251,0.018012,4,12,2e-06,11592,142263,0.018013,7897587
2,2021-01-05,13816,156123,6894,112091,6922,44032,0,0,12638,153748,0.019468,1171,1183,0.00015,12668,154931,0.019618,7897587
2,2021-01-06,18929,175052,10443,122534,8486,52518,0,0,15219,165309,0.020932,3664,4847,0.000614,15225,170156,0.021545,7897587
2,2021-01-07,22886,197938,12850,135384,10036,62554,0,0,15541,173500,0.021969,7363,12210,0.001546,15554,185710,0.023515,7897587
2,2021-01-08,26341,224279,15954,151338,10387,72941,0,0,16313,179832,0.02277,9997,22207,0.002812,16329,202039,0.025582,7897587
2,2021-01-09,9699,233978,5664,157002,4035,76976,0,0,6213,182542,0.023114,3507,25714,0.003256,6217,208256,0.02637,7897587
2,2021-01-10,5272,239250,2916,159918,2356,79332,0,0,3065,183381,0.02322,2230,27944,0.003538,3069,211325,0.026758,7897587
2,2021-01-11,25948,265198,17841,177759,8107,87439,0,0,15023,187493,0.023741,10959,38903,0.004926,15071,226396,0.028666,7897587
2,2021-01-12,25965,291163,16125,193884,9840,97279,0,0,16507,194584,0.024638,9486,48389,0.006127,16577,242973,0.030765,7897587
2,2021-01-13,28268,319431,14912,208796,13356,110635,0,0,20361,207066,0.026219,7901,56290,0.007127,20383,263356,0.033346,7897587
2,2021-01-14,30071,349502,11444,220240,18627,129262,0,0,25886,228793,0.02897,4210,60500,0.007661,25937,289293,0.036631,7897587
2,2021-01-15,35124,384626,12953,233193,22171,151433,0,0,31899,257527,0.032608,3236,63736,0.00807,31970,321263,0.040679,7897587
2,2021-01-16,17551,402177,5615,238808,11936,163369,0,0,16242,272444,0.034497,1335,65071,0.008239,16252,337515,0.042736,7897587
2,2021-01-17,10552,412729,3524,242332,7028,170397,0,0,9849,281573,0.035653,728,65799,0.008332,9857,347372,0.043985,7897587
2,2021-01-18,19703,432432,11062,253394,8641,179038,0,0,14964,291829,0.036952,4754,70553,0.008933,15010,362382,0.045885,7897587
2,2021-01-19,32203,464635,16788,270182,15415,194453,0,0,24235,308204,0.039025,7972,78525,0.009943,24347,386729,0.048968,7897587
2,2021-01-20,36757,501392,18370,288552,18387,212840,0,0,28165,327883,0.041517,8573,87098,0.011028,28252,414981,0.052545,7897587
2,2021-01-21,40512,541904,17258,305810,23254,236094,0,0,36101,359752,0.045552,4389,91487,0.011584,36258,451239,0.057136,7897587
2,2021-01-22,39175,581079,16405,322215,22770,258864,0,0,35892,392383,0.049684,3285,94772,0.012,35916,487155,0.061684,7897587
2,2021-01-23,23940,605019,10826,333041,13114,271978,0,0,20985,410466,0.051974,2931,97703,0.012371,21014,508169,0.064345,7897587
2,2021-01-24,12435,617454,6153,339194,6282,278260,0,0,11524,421104,0.053321,896,98599,0.012485,11534,519703,0.065805,7897587
2,2021-01-25,33620,651074,15627,354821,17993,296253,0,0,24901,437459,0.055391,8669,107268,0.013582,25024,544727,0.068974,7897587
2,2021-01-26,40072,691146,19826,374647,20246,316499,0,0,31146,459775,0.058217,8907,116175,0.01471,31223,575950,0.072927,7897587
2,2021-01-27,44954,736100,22909,397556,22045,338544,0,0,35007,485012,0.061413,9824,125999,0.015954,35061,611011,0.077367,7897587
2,2021-01-28,47903,784003,22615,420171,25288,363832,0,0,39400,516023,0.065339,8449,134448,0.017024,39460,650471,0.082363,7897587
2,2021-01-29,45448,829451,22293,442464,23155,386987,0,0,36918,544564,0.068953,8428,142876,0.018091,36969,687440,0.087044,7897587
2,2021-01-30,31261,860712,13656,456120,17605,404592,0,0,28029,569429,0.072102,3192,146068,0.018495,28057,715497,0.090597,7897587
2,2021-01-31,17549,878261,10654,466774,6895,411487,0,0,16328,584571,0.074019,1205,147273,0.018648,16347,731844,0.092667,7897587
2,2021-02-01,40382,918643,19438,486212,20944,432431,0,0,29839,603930,0.07647,10511,157784,0.019979,29870,761714,0.096449,7897587
2,2021-02-02,47702,966345,19681,505893,28021,460452,0,0,36322,629046,0.07965,11302,169086,0.02141,36418,798132,0.10106,7897587
2,2021-02-03,53920,1020265,24140,530033,29780,490232,0,0,39928,655164,0.082957,13895,182981,0.023169,40013,838145,0.106127,7897587
2,2021-02-04,55761,1076026,24236,554269,31525,521757,0,0,40841,681267,0.086263,14828,197809,0.025047,40931,879076,0.111309,7897587
2,2021-02-05,59501,1135527,26359,580628,33142,554899,0,0,40333,702761,0.088984,18998,216807,0.027452,40492,919568,0.116437,7897587
2,2021-02-06,38822,1174349,18195,598823,20627,575526,0,0,31274,726633,0.092007,7486,224293,0.0284,31358,950926,0.120407,7897587
2,2021-02-07,16013,1190362,10761,609584,5252,580778,0,0,12140,734989,0.093065,3850,228143,0.028888,12206,963132,0.121953,7897587
2,2021-02-08,43288,1233650,22389,631973,20899,601677,0,0,29917,751836,0.095198,13262,241405,0.030567,30109,993241,0.125765,7897587
2,2021-02-09,49212,1282862,23507,655480,25705,627382,0,0,30896,764821,0.096842,18226,259631,0.032875,31211,1024452,0.129717,7897587
2,2021-02-10,59381,1342243,28143,683623,31238,658620,0,0,34726,775465,0.09819,24429,284060,0.035968,35073,1059525,0.134158,7897587
2,2021-02-11,63825,1406068,29669,713292,34156,692776,0,0,36093,784539,0.099339,27502,311562,0.03945,36576,1096101,0.138789,7897587
2,2021-02-12,64758,1470826,28040,741332,36718,729494,0,0,34598,789849,0.100011,29941,341503,0.043241,35251,1131352,0.143253,7897587
2,2021-02-13,37513,1508339,15776,757108,21737,751231,0,0,21761,796318,0.100831,15667,357170,0.045225,22136,1153488,0.146056,7897587
2,2021-02-14,19933,1528272,9358,766466,10575,761806,0,0,11235,799248,0.101202,8663,365833,0.046322,11593,1165081,0.147524,7897587
2,2021-02-15,32976,1561248,14946,781412,18030,779836,0,0,18336,803909,0.101792,14526,380359,0.048161,19187,1184268,0.149953,7897587
2,2021-02-16,55840,1617088,27621,809033,28219,808055,0,0,29469,807754,0.102279,26288,406647,0.05149,30133,1214401,0.153769,7897587
2,2021-02-17,61106,1678194,31644,840677,29462,837517,0,0,30416,808345,0.102353,30639,437286,0.05537,31230,1245631,0.157723,7897587
2,2021-02-18,65699,1743893,33416,874093,32283,869800,0,0,32103,808191,0.102334,33381,470667,0.059596,33227,1278858,0.16193,7897587
2,2021-02-19,58776,1802669,32800,906893,25976,895776,0,0,29226,808601,0.102386,29405,500072,0.06332,29815,1308673,0.165705,7897587
2,2021-02-20,36982,1839651,24189,931082,12793,908569,0,0,20153,812671,0.102901,16755,516827,0.065441,20825,1329498,0.168342,7897587
2,2021-02-21,20568,1860219,17129,948211,3439,912008,0,0,9895,812767,0.102913,10598,527425,0.066783,10694,1340192,0.169696,7897587
2,2021-02-22,37231,1897450,25617,973828,11614,923622,0,0,17846,811999,0.102816,19286,546711,0.069225,18518,1358710,0.172041,7897587
2,2021-02-23,51342,1948792,26386,1000214,24956,948578,0,0,22679,808087,0.102321,28481,575192,0.072831,24569,1383279,0.175152,7897587
2,2021-02-24,68068,2016860,35117,1035331,32951,981529,0,0,31430,805369,0.101977,36503,611695,0.077453,33785,1417064,0.17943,7897587
2,2021-02-25,73517,2090377,34608,1069939,38909,1020438,0,0,37617,810078,0.102573,35700,647395,0.081974,40409,1457473,0.184547,7897587
2,2021-02-26,81533,2171910,34890,1104829,46643,1067081,0,0,44353,819668,0.103787,36941,684336,0.086651,46531,1504004,0.190438,7897587
2,2021-02-27,58878,2230788,26927,1131756,31947,1099028,4,4,32010,826322,0.10463,26687,711023,0.09003,33341,1537345,0.19466,7897587
2,2021-02-28,28988,2259776,17419,1149175,11568,1110596,1,5,16890,832038,0.105353,11998,723021,0.09155,17714,1555059,0.196903,7897587
2,2021-03-01,55318,2315094,29059,1178234,26236,1136832,23,28,30287,838704,0.106198,24823,747844,0.094693,31489,1586548,0.20089,7897587
2,2021-03-02,64583,2379677,29959,1208193,34619,1171451,5,33,36051,848666,0.107459,28424,776268,0.098292,38386,1624934,0.205751,7897587
2,2021-03-03,77852,2457529,37694,1245887,40151,1211602,7,40,43766,861058,0.109028,33919,810187,0.102587,46311,1671245,0.211615,7897587
2,2021-03-04,86073,2543602,42481,1288368,43565,1255167,27,67,49649,876837,0.111026,36255,846442,0.107177,52034,1723279,0.218203,7897587
2,2021-03-05,78628,2622230,36763,1325131,41567,1296734,298,365,48137,897298,0.113617,30317,876759,0.111016,50778,1774057,0.224633,7897587
2,2021-03-06,61348,2683578,29904,1355035,29781,1326515,1663,2028,37639,914424,0.115785,23606,900365,0.114005,40732,1814789,0.22979,7897587
2,2021-03-07,26835,2710413,15511,1370546,10377,1336892,947,2975,17194,924088,0.117009,9586,909951,0.115219,19250,1834039,0.232228,7897587
2,2021-03-08,48930,2759343,22304,1392850,24202,1361094,2424,5399,30833,940996,0.11915,17990,927941,0.117497,34898,1868937,0.236647,7897587
2,2021-03-09,63677,2823020,26398,1419248,33518,1394612,3761,9160,34058,950652,0.120372,29512,957453,0.121234,39168,1908105,0.241606,7897587
2,2021-03-10,75101,2898121,35072,1454320,33521,1428133,6508,15668,39661,962897,0.121923,35268,992721,0.125699,47513,1955618,0.247622,7897587
2,2021-03-11,91592,2989713,42295,1496615,40978,1469111,8319,23987,48205,977697,0.123797,43135,1035856,0.131161,57935,2013553,0.254958,7897587
2,2021-03-12,91898,3081611,37775,1534390,42235,1511346,11888,35875,46113,991471,0.125541,45606,1081462,0.136936,59380,2072933,0.262477,7897587
2,2021-03-13,67254,3148865,28166,1562556,31208,1542554,7880,43755,36999,1007501,0.127571,30147,1111609,0.140753,46177,2119110,0.268324,7897587
2,2021-03-14,35985,3184850,17827,1580383,13700,1556254,4458,48213,18389,1013597,0.128343,17515,1129124,0.142971,23611,2142721,0.271313,7897587
2,2021-03-15,66178,3251028,29824,1610207,31411,1587665,4943,53156,36689,1027032,0.130044,29300,1158424,0.146681,42735,2185456,0.276725,7897587
2,2021-03-16,85002,3336030,37514,1647721,43552,1631217,3936,57092,51876,1050996,0.133078,32977,1191401,0.150856,56941,2242397,0.283934,7897587
2,2021-03-17,90863,3426893,43429,1691150,43353,1674570,4081,61173,57958,1081195,0.136902,32691,1224092,0.154996,62890,2305287,0.291898,7897587
2,2021-03-18,96194,3523087,45829,1736979,45946,1720516,4419,65592,59388,1109028,0.140426,36540,1260632,0.159622,64373,2369660,0.300049,7897587
2,2021-03-19,95465,3618552,44937,1781916,44486,1765002,6042,71634,57478,1135322,0.143756,37742,1298374,0.164401,64036,2433696,0.308157,7897587
2,2021-03-20,68396,3686948,32826,1814742,31703,1796705,3867,75501,45611,1162557,0.147204,22592,1320966,0.167262,49827,2483523,0.314466,7897587
2,2021-03-21,32483,3719431,20885,1835627,9649,1806354,1949,77450,20628,1173799,0.148628,11757,1332723,0.168751,22999,2506522,0.317378,7897587
2,2021-03-22,61677,3781108,33778,1869405,25313,1831667,2586,80036,41657,1199090,0.15183,19839,1352562,0.171263,45130,2551652,0.323093,7897587
2,2021-03-23,82277,3863385,43558,1912963,35892,1867559,2827,82863,54066,1228832,0.155596,27986,1380548,0.174806,57728,2609380,0.330402,7897587
2,2021-03-24,90055,3953440,48452,1961415,38535,1906094,3068,85931,53941,1250816,0.15838,35852,1416400,0.179346,57836,2667216,0.337725,7897587
2,2021-03-25,99681,4053121,50198,2011613,45699,1951793,3784,89715,57583,1271131,0.160952,41819,1458219,0.184641,62134,2729350,0.345593,7897587
2,2021-03-26,101357,4154478,50226,2061839,47713,1999506,3418,93133,57210,1288978,0.163212,43836,1502055,0.190192,61683,2791033,0.353403,7897587
2,2021-03-27,73942,4228420,36770,2098609,33901,2033407,3271,96404,38126,1295615,0.164052,35617,1537672,0.194701,42254,2833287,0.358754,7897587
2,2021-03-28,36787,4265207,22514,2121123,13471,2046878,802,97206,20718,1301890,0.164847,15968,1553640,0.196723,22243,2855530,0.36157,7897587
2,2021-03-29,69964,4335171,35617,2156740,32155,2079033,2192,99398,40989,1317138,0.166777,28822,1582462,0.200373,44070,2899600,0.36715,7897587
2,2021-03-30,90545,4425716,44198,2200938,42082,2121115,4265,103663,55364,1342360,0.169971,35015,1617477,0.204806,60237,2959837,0.374777,7897587
2,2021-03-31,99394,4525110,51099,2252037,43300,2164415,4995,108658,58602,1365758,0.172934,40564,1658041,0.209943,63962,3023799,0.382876,7897587
2,2021-04-01,115351,4640461,55671,2307708,50757,2215172,8923,117581,63570,1387202,0.175649,51525,1709566,0.216467,72969,3096768,0.392116,7897587
2,2021-04-02,109397,4749858,50393,2358101,49176,2264348,9828,127409,59503,1407462,0.178214,49587,1759153,0.222746,69847,3166615,0.40096,7897587
2,2021-04-03,75256,4825114,36786,2394887,28951,2293299,9519,136928,37755,1417823,0.179526,37329,1796482,0.227472,47690,3214305,0.406998,7897587
2,2021-04-04,28817,4853931,14800,2409687,10202,2303501,3815,140743,13263,1419473,0.179735,15482,1811964,0.229433,17132,3231437,0.409168,7897587
2,2021-04-05,78105,4932036,38364,2448051,31124,2334625,8617,149360,38414,1427709,0.180778,39567,1851531,0.234443,47803,3279240,0.41522,7897587
2,2021-04-06,102615,5034651,50052,2498103,38036,2372661,14527,163887,49290,1438841,0.182187,53107,1904638,0.241167,64239,3343479,0.423355,7897587
2,2021-04-07,108668,5143319,54341,2552444,38346,2411007,15981,179868,51938,1450561,0.183671,56500,1961138,0.248321,68220,3411699,0.431993,7897587
2,2021-04-08,117231,5260550,56524,2608968,42286,2453293,18421,198289,54859,1462346,0.185164,62114,2023252,0.256186,73899,3485598,0.44135,7897587
2,2021-04-09,116649,5377199,56263,2665231,42584,2495877,17802,216091,55667,1476028,0.186896,60682,2083934,0.26387,74364,3559962,0.450766,7897587
2,2021-04-10,85432,5462631,37130,2702361,30438,2526315,17864,233955,35795,1480946,0.187519,49433,2133367,0.270129,54351,3614313,0.457648,7897587
2,2021-04-11,43857,5506488,22691,2725052,12677,2538992,8489,242444,18083,1482592,0.187727,25656,2159023,0.273378,27302,3641615,0.461105,7897587
2,2021-04-12,78691,5585179,36696,2761748,32764,2571756,9231,251675,35571,1485490,0.188094,42895,2201918,0.278809,45793,3687408,0.466903,7897587
2,2021-04-13,100385,5685564,52008,2813756,48130,2619886,247,251922,55325,1497083,0.189562,44859,2246777,0.284489,56452,3743860,0.474051,7897587
2,2021-04-14,104690,5790254,54944,2868700,49698,2669584,48,251970,54218,1502518,0.19025,50245,2297022,0.290851,55680,3799540,0.481101,7897587
2,2021-04-15,111207,5901461,59309,2928009,51834,2721418,64,252034,58654,1510037,0.191202,52234,2349256,0.297465,59753,3859293,0.488667,7897587
2,2021-04-16,108497,6009958,56511,2984520,51936,2773354,50,252084,55588,1513862,0.191687,52642,2401898,0.304131,56467,3915760,0.495817,7897587
2,2021-04-17,81362,6091320,41468,3025988,39881,2813235,13,252097,45928,1525388,0.193146,35265,2437163,0.308596,46791,3962551,0.501742,7897587
2,2021-04-18,33794,6125114,20226,3046214,13564,2826799,4,252101,16311,1525283,0.193133,17383,2454546,0.310797,17278,3979829,0.50393,7897587
2,2021-04-19,73171,6198285,39641,3085855,33520,2860319,10,252111,33647,1520218,0.192491,39335,2493881,0.315778,34270,4014099,0.508269,7897587
2,2021-04-20,94253,6292538,47181,3133036,47051,2907370,21,252132,46147,1519233,0.192367,47879,2541760,0.32184,46894,4060993,0.514207,7897587
2,2021-04-21,98436,6390974,52425,3185461,45957,2953327,54,252186,46955,1515926,0.191948,51183,2592943,0.328321,47876,4108869,0.520269,7897587
2,2021-04-22,104668,6495642,53739,3239200,50909,3004236,20,252206,46062,1504568,0.19051,58307,2651250,0.335704,46949,4155818,0.526214,7897587
2,2021-04-23,103706,6599348,54826,3294026,48864,3053100,16,252222,48183,1498447,0.189735,55218,2706468,0.342696,49097,4204915,0.53243,7897587
2,2021-04-24,78280,6677628,46521,3340547,31723,3084823,36,252258,41276,1503878,0.190422,36791,2743259,0.347354,42222,4247137,0.537777,7897587
2,2021-04-25,35832,6713460,22201,3362748,13617,3098440,14,252272,19600,1507819,0.190921,16125,2759384,0.349396,20066,4267203,0.540317,7897587
2,2021-04-26,67399,6780859,37688,3400436,29424,3127864,287,252559,30889,1504062,0.190446,36320,2795704,0.353995,32563,4299766,0.54444,7897587
2,2021-04-27,81864,6862723,43186,3443622,37541,3165405,1137,253696,35151,1495022,0.189301,46492,2842196,0.359882,37452,4337218,0.549183,7897587
2,2021-04-28,84280,6947003,44566,3488188,37898,3203303,1816,255512,36896,1487449,0.188342,47169,2889365,0.365854,39596,4376814,0.554196,7897587
2,2021-04-29,86876,7033879,46963,3535151,38264,3241567,1649,257161,33473,1469989,0.186131,53170,2942535,0.372587,35710,4412524,0.558718,7897587
2,2021-04-30,90933,7124812,50183,3585334,38821,3280388,1929,259090,35219,1452331,0.183896,55434,2997969,0.379606,37776,4450300,0.563501,7897587
2,2021-05-01,60360,7185172,36796,3622130,22029,3302417,1535,260625,23776,1442084,0.182598,36397,3034366,0.384214,26150,4476450,0.566812,7897587
2,2021-05-02,28709,7213881,19826,3641956,7913,3310330,970,261595,11041,1436618,0.181906,17566,3051932,0.386439,12100,4488550,0.568344,7897587
2,2021-05-03,58978,7272859,35066,3677022,21890,3332220,2022,263617,19789,1419685,0.179762,39000,3090932,0.391377,22067,4510617,0.571139,7897587
2,2021-05-04,77159,7350018,45780,3722802,29053,3361273,2326,265943,25157,1395791,0.176736,51766,3142698,0.397931,27872,4538489,0.574668,7897587
2,2021-05-05,77481,7427499,45882,3768684,29294,3390567,2305,268248,24298,1369849,0.173452,52880,3195578,0.404627,26938,4565427,0.578079,7897587
2,2021-05-06,79601,7507100,47953,3816637,28804,3419371,2844,271092,24492,1343103,0.170065,54705,3250283,0.411554,27959,4593386,0.581619,7897587
2,2021-05-07,80225,7587325,46243,3862880,31587,3450958,2395,273487,24923,1315869,0.166617,54995,3305278,0.418517,27761,4621147,0.585134,7897587
2,2021-05-08,52710,7640035,31859,3894739,19207,3470165,1644,275131,16571,1298859,0.164463,35908,3341186,0.423064,18898,4640045,0.587527,7897587
2,2021-05-09,21195,7661230,15155,3909894,5300,3475465,740,275871,6362,1291467,0.163527,14714,3355900,0.424927,7322,4647367,0.588454,7897587
2,2021-05-10,48137,7709367,26138,3936032,20190,3495655,1809,277680,13798,1273531,0.161256,34123,3390023,0.429248,16187,4663554,0.590504,7897587
2,2021-05-11,61481,7770848,32782,3968814,26756,3522411,1943,279623,18533,1251947,0.158523,42709,3432732,0.434656,21125,4684679,0.593179,7897587
2,2021-05-12,59313,7830161,31386,4000200,25938,3548349,1989,281612,17743,1230694,0.155832,41339,3474071,0.43989,20086,4704765,0.595722,7897587
2,2021-05-13,62073,7892234,35952,4036152,24394,3572743,1727,283339,22590,1216358,0.154016,39283,3513354,0.444864,24947,4729712,0.598881,7897587
2,2021-05-14,69578,7961812,41253,4077405,26351,3599094,1974,285313,26497,1202368,0.152245,42841,3556195,0.450289,28851,4758563,0.602534,7897587
2,2021-05-15,45042,8006854,29950,4107355,13820,3612914,1272,286585,16581,1192214,0.150959,28330,3584525,0.453876,18176,4776739,0.604835,7897587
2,2021-05-16,13749,8020603,11135,4118490,2353,3615267,261,286846,5008,1189041,0.150558,8700,3593225,0.454978,5527,4782266,0.605535,7897587
3,2020-12-15,303,303,303,303,0,0,0,0,303,303,3.9e-05,0,0,0.0,303,303,3.9e-05,7688185
3,2020-12-16,2211,2514,2211,2514,0,0,0,0,2211,2514,0.000327,0,0,0.0,2211,2514,0.000327,7688185
3,2020-12-17,7605,10119,7605,10119,0,0,0,0,7605,10119,0.001316,0,0,0.0,7605,10119,0.001316,7688185
3,2020-12-18,12811,22930,12798,22917,13,13,0,0,12810,22929,0.002982,0,0,0.0,12810,22929,0.002982,7688185
3,2020-12-19,7045,29975,7034,29951,11,24,0,0,7109,30038,0.003907,0,0,0.0,7109,30038,0.003907,7688185
3,2020-12-20,5487,35462,5480,35431,7,31,0,0,5534,35571,0.004627,1,1,0.0,5534,35572,0.004627,7688185
3,2020-12-21,14270,49732,14247,49678,23,54,0,0,14335,49905,0.006491,1,2,0.0,14335,49907,0.006491,7688185
3,2020-12-22,14631,64363,14063,63741,568,622,0,0,14670,64575,0.008399,0,2,0.0,14670,64577,0.0084,7688185
3,2020-12-23,14663,79026,12075,75816,2588,3210,0,0,14689,79264,0.01031,0,2,0.0,14689,79266,0.01031,7688185
3,2020-12-24,6766,85792,4857,80673,1909,5119,0,0,6764,86027,0.01119,1,3,0.0,6764,86030,0.01119,7688185
3,2020-12-25,719,86511,663,81336,56,5175,0,0,718,86745,0.011283,0,3,0.0,718,86748,0.011283,7688185
3,2020-12-26,4598,91109,2986,84322,1612,6787,0,0,4596,91341,0.011881,0,3,0.0,4596,91344,0.011881,7688185
3,2020-12-27,2951,94060,1832,86154,1119,7906,0,0,2952,94293,0.012265,0,3,0.0,2952,94296,0.012265,7688185
3,2020-12-28,13476,107536,8616,94770,4860,12766,0,0,13504,107796,0.014021,1,4,1e-06,13504,107800,0.014022,7688185
3,2020-12-29,14911,122447,8431,103201,6480,19246,0,0,14940,122734,0.015964,2,6,1e-06,14940,122740,0.015965,7688185
3,2020-12-30,17939,140386,10046,113247,7893,27139,0,0,17929,140663,0.018296,0,6,1e-06,17929,140669,0.018297,7688185
3,2020-12-31,8323,148709,3214,116461,5109,32248,0,0,8323,148985,0.019378,1,7,1e-06,8323,148992,0.019379,7688185
3,2021-01-01,1179,149888,535,116996,644,32892,0,0,1176,150161,0.019531,0,7,1e-06,1176,150168,0.019532,7688185
3,2021-01-02,4998,154886,2478,119474,2520,35412,0,0,4998,155159,0.020181,0,7,1e-06,4998,155166,0.020182,7688185
3,2021-01-03,1595,156481,839,120313,756,36168,0,0,1586,156741,0.020387,4,11,1e-06,1586,156752,0.020389,7688185
3,2021-01-04,11967,168448,5988,126301,5979,42147,0,0,11940,168674,0.021939,7,18,2e-06,11940,168692,0.021942,7688185
3,2021-01-05,15585,184033,8044,134345,7541,49688,0,0,13986,181100,0.023556,1584,1602,0.000208,14010,182702,0.023764,7688185
3,2021-01-06,20103,204136,10513,144858,9590,59278,0,0,15858,192759,0.025072,4205,5807,0.000755,15864,198566,0.025827,7688185
3,2021-01-07,26045,230181,14833,159691,11212,70490,0,0,17000,200756,0.026112,9017,14824,0.001928,17014,215580,0.02804,7688185
3,2021-01-08,30026,260207,18347,178038,11679,82169,0,0,17937,206644,0.026878,12069,26893,0.003498,17957,233537,0.030376,7688185
3,2021-01-09,12309,272516,6959,184997,5350,87519,0,0,7827,210003,0.027315,4476,31369,0.00408,7835,241372,0.031395,7688185
3,2021-01-10,7157,279673,4460,189457,2697,90216,0,0,4020,210892,0.027431,3135,34504,0.004488,4024,245396,0.031919,7688185
3,2021-01-11,28702,308375,18780,208237,9922,100138,0,0,16240,214718,0.027928,12457,46961,0.006108,16283,261679,0.034037,7688185
3,2021-01-12,31909,340284,19090,227327,12819,112957,0,0,19533,221975,0.028872,12360,59321,0.007716,19617,281296,0.036588,7688185
3,2021-01-13,34309,374593,17951,245278,16358,129315,0,0,24231,236147,0.030716,10078,69399,0.009027,24250,305546,0.039742,7688185
3,2021-01-14,34321,408914,14133,259411,20188,149503,0,0,28458,258807,0.033663,5831,75230,0.009785,28491,334037,0.043448,7688185
3,2021-01-15,38544,447458,14408,273819,24136,173639,0,0,33941,288214,0.037488,4595,79825,0.010383,34002,368039,0.047871,7688185
3,2021-01-16,21741,469199,7603,281422,14138,187777,0,0,19436,305380,0.039721,2291,82116,0.010681,19457,387496,0.050401,7688185
3,2021-01-17,13110,482309,4466,285888,8644,196421,0,0,12086,316461,0.041162,1023,83139,0.010814,12104,399600,0.051976,7688185
3,2021-01-18,24573,506882,12805,298693,11768,208189,0,0,19071,330055,0.04293,5520,88659,0.011532,19114,418714,0.054462,7688185
3,2021-01-19,40676,547558,20779,319472,19897,228086,0,0,31642,352769,0.045885,9008,97667,0.012704,31722,450436,0.058588,7688185
3,2021-01-20,44780,592338,22089,341561,22691,250777,0,0,35479,379066,0.049305,9258,106925,0.013908,35555,485991,0.063213,7688185
3,2021-01-21,47140,639478,20346,361907,26794,277571,0,0,41731,415522,0.054047,5337,112262,0.014602,41793,527784,0.068649,7688185
3,2021-01-22,49245,688723,19674,381581,29571,307142,0,0,45143,456618,0.059392,4109,116371,0.015136,45205,572989,0.074529,7688185
3,2021-01-23,30004,718727,12740,394321,17264,324406,0,0,26687,480046,0.062439,3306,119677,0.015566,26734,599723,0.078006,7688185
3,2021-01-24,17607,736334,8486,402807,9121,333527,0,0,16463,495390,0.064435,1142,120819,0.015715,16486,616209,0.08015,7688185
3,2021-01-25,40308,776642,18065,420872,22243,355770,0,0,30459,516100,0.067129,9831,130650,0.016994,30541,646750,0.084123,7688185
3,2021-01-26,46623,823265,22315,443187,24308,380078,0,0,36693,542973,0.070624,9924,140574,0.018284,36797,683547,0.088909,7688185
3,2021-01-27,50322,873587,24382,467569,25940,406018,0,0,39831,572464,0.07446,10414,150988,0.019639,39905,723452,0.094099,7688185
3,2021-01-28,51324,924911,23843,491412,27481,433499,0,0,42505,606276,0.078858,8738,159726,0.020776,42550,766002,0.099634,7688185
3,2021-01-29,50191,975102,24171,515583,26020,459519,0,0,40767,637849,0.082965,9238,168964,0.021977,40811,806813,0.104942,7688185
3,2021-01-30,36590,1011692,17363,532946,19227,478746,0,0,32043,665472,0.086558,4498,173462,0.022562,32121,838934,0.10912,7688185
3,2021-01-31,22211,1033903,12824,545770,9387,488133,0,0,20727,684745,0.089065,1472,174934,0.022754,20745,859679,0.111818,7688185
3,2021-02-01,45027,1078930,20430,566200,24597,512730,0,0,34696,709190,0.092244,10289,185223,0.024092,34734,894413,0.116336,7688185
3,2021-02-02,54030,1132960,22725,588925,31305,544035,0,0,41404,738104,0.096005,12538,197761,0.025723,41452,935865,0.121728,7688185
3,2021-02-03,59612,1192572,26609,615534,33003,577038,0,0,44387,767491,0.099827,15067,212828,0.027682,44454,980319,0.12751,7688185
3,2021-02-04,63959,1256531,27826,643360,36133,613171,0,0,46924,797675,0.103753,16844,229672,0.029873,47028,1027347,0.133627,7688185
3,2021-02-05,69755,1326286,29724,673084,40031,653202,0,0,48257,824805,0.107282,21287,250959,0.032642,48417,1075764,0.139924,7688185
3,2021-02-06,43443,1369729,21161,694245,22282,675484,0,0,33699,848970,0.110425,9715,260674,0.033906,33880,1109644,0.144331,7688185
3,2021-02-07,19437,1389166,12317,706562,7120,682604,0,0,14951,859571,0.111804,4476,265150,0.034488,15077,1124721,0.146292,7688185
3,2021-02-08,50735,1439901,24469,731031,26266,708870,0,0,33306,875752,0.113909,17309,282459,0.036739,33490,1158211,0.150648,7688185
3,2021-02-09,58081,1497982,28266,759297,29815,738685,0,0,34108,886401,0.115294,23803,306262,0.039835,34452,1192663,0.155129,7688185
3,2021-02-10,67357,1565339,31335,790632,36022,774707,0,0,36589,892977,0.116149,30540,336802,0.043808,37116,1229779,0.159957,7688185
3,2021-02-11,70083,1635422,34625,825257,35458,810165,0,0,37762,899287,0.11697,31982,368784,0.047968,38292,1268071,0.164938,7688185
3,2021-02-12,74678,1710100,32358,857615,42320,852485,0,0,41387,908421,0.118158,33007,401791,0.052261,42141,1310212,0.170419,7688185
3,2021-02-13,44533,1754633,20246,877861,24287,876772,0,0,25715,916043,0.119149,18672,420463,0.05469,26294,1336506,0.173839,7688185
3,2021-02-14,27093,1781726,13556,891417,13537,890309,0,0,15173,919786,0.119636,11875,432338,0.056234,15618,1352124,0.17587,7688185
3,2021-02-15,39695,1821421,17128,908545,22567,912876,0,0,22008,925126,0.120331,17599,449937,0.058523,22939,1375063,0.178854,7688185
3,2021-02-16,69405,1890826,32824,941369,36581,949457,0,0,36232,929334,0.120878,33043,482980,0.062821,37251,1412314,0.183699,7688185
3,2021-02-17,71117,1961943,36023,977392,35094,984551,0,0,33920,927344,0.120619,36981,519961,0.067631,34991,1447305,0.188251,7688185
3,2021-02-18,76156,2038099,39796,1017188,36360,1020911,0,0,35598,923851,0.120165,40427,560388,0.07289,36934,1484239,0.193055,7688185
3,2021-02-19,67939,2106038,39198,1056386,28741,1049652,0,0,34478,925652,0.120399,33366,593754,0.077229,35167,1519406,0.197629,7688185
3,2021-02-20,41551,2147589,26344,1082730,15207,1064859,0,0,22086,928849,0.120815,19380,613134,0.07975,22577,1541983,0.200565,7688185
3,2021-02-21,22276,2169865,18525,1101255,3751,1068610,0,0,10681,928380,0.120754,11526,624660,0.081249,11057,1553040,0.202003,7688185
3,2021-02-22,44805,2214670,29233,1130488,15572,1084182,0,0,21273,926676,0.120532,23456,648116,0.0843,21752,1574792,0.204833,7688185
3,2021-02-23,60265,2274935,32961,1163449,27304,1111486,0,0,26741,922006,0.119925,33391,681507,0.088643,28721,1603513,0.208568,7688185
3,2021-02-24,76154,2351089,37310,1200759,38844,1150330,0,0,34165,916850,0.119254,41818,723325,0.094083,36662,1640175,0.213337,7688185
3,2021-02-25,84933,2436022,41203,1241962,43730,1194060,0,0,42887,920474,0.119726,41832,765157,0.099524,45456,1685631,0.21925,7688185
3,2021-02-26,95313,2531335,43433,1285395,51880,1245940,0,0,51034,929739,0.120931,43954,809111,0.105241,53219,1738850,0.226172,7688185
3,2021-02-27,66671,2598006,30328,1315723,36340,1282280,3,3,35287,935108,0.121629,31214,840325,0.109301,36583,1775433,0.23093,7688185
3,2021-02-28,37590,2635596,21836,1337559,15753,1298033,1,4,19501,937618,0.121956,17940,858265,0.111634,20450,1795883,0.23359,7688185
3,2021-03-01,65191,2700787,34518,1372077,30659,1328692,14,18,36516,946950,0.12317,28525,886790,0.115345,37857,1833740,0.238514,7688185
3,2021-03-02,74392,2775179,35475,1407552,38914,1367606,3,21,43000,960729,0.124962,31279,918069,0.119413,45058,1878798,0.244375,7688185
3,2021-03-03,86903,2862082,41271,1448823,45618,1413224,14,35,48469,973193,0.126583,38268,956337,0.12439,50732,1929530,0.250973,7688185
3,2021-03-04,91490,2953572,44747,1493570,46728,1459952,15,50,51957,988081,0.128519,39340,995677,0.129507,54228,1983758,0.258027,7688185
3,2021-03-05,87455,3041027,42465,1536035,44701,1504653,289,339,53303,1009951,0.131364,33938,1029615,0.133922,55808,2039566,0.265286,7688185
3,2021-03-06,63842,3104869,32068,1568103,29638,1534291,2136,2475,36533,1022902,0.133049,27185,1056800,0.137458,40136,2079702,0.270506,7688185
3,2021-03-07,36475,3141344,21535,1589638,13831,1548122,1109,3584,20903,1030549,0.134043,15524,1072324,0.139477,23171,2102873,0.27352,7688185
3,2021-03-08,57813,3199157,27391,1617029,27604,1575726,2818,6402,36648,1050504,0.136639,21054,1093378,0.142215,41009,2143882,0.278854,7688185
3,2021-03-09,70197,3269354,29776,1646805,36086,1611812,4335,10737,36499,1058929,0.137735,33590,1126968,0.146584,42015,2185897,0.284319,7688185
3,2021-03-10,80069,3349423,39439,1686244,34609,1646421,6021,16758,41447,1069347,0.13909,38456,1165424,0.151586,48874,2234771,0.290676,7688185
3,2021-03-11,95713,3445136,46844,1733088,40362,1686783,8507,25265,47183,1077862,0.140197,48293,1213717,0.157868,56808,2291579,0.298065,7688185
3,2021-03-12,100331,3545467,44603,1777691,43942,1730725,11786,37051,46099,1082832,0.140844,54059,1267776,0.164899,59029,2350608,0.305743,7688185
3,2021-03-13,68665,3614132,29075,1806766,32401,1763126,7189,44240,36072,1094983,0.142424,32493,1300269,0.169126,44644,2395252,0.31155,7688185
3,2021-03-14,40218,3654350,21144,1827910,15592,1778718,3482,47722,20625,1100195,0.143102,19533,1319802,0.171666,24745,2419997,0.314768,7688185
3,2021-03-15,74452,3728802,35292,1863202,34665,1813383,4495,52217,39474,1110346,0.144422,34822,1354624,0.176196,44973,2464970,0.320618,7688185
3,2021-03-16,93890,3822692,43235,1906437,46403,1859786,4252,56469,53183,1128184,0.146743,40523,1395147,0.181466,58361,2523331,0.328209,7688185
3,2021-03-17,96453,3919145,46811,1953248,45250,1905036,4392,60861,59033,1155042,0.150236,37236,1432383,0.18631,64094,2587425,0.336546,7688185
3,2021-03-18,101682,4020827,51583,2004831,45738,1950774,4361,65222,59317,1177116,0.153107,42160,1474543,0.191793,64234,2651659,0.344901,7688185
3,2021-03-19,101131,4121958,53967,2058798,42780,1993554,4384,69606,57529,1196190,0.155588,43381,1517924,0.197436,62455,2714114,0.353024,7688185
3,2021-03-20,70328,4192286,36214,2095012,30557,2024111,3557,73163,44474,1219022,0.158558,25698,1543622,0.200778,48530,2762644,0.359336,7688185
3,2021-03-21,35377,4227663,24044,2119056,9872,2033983,1461,74624,22998,1231639,0.160199,12310,1555932,0.20238,24927,2787571,0.362579,7688185
3,2021-03-22,69301,4296964,40698,2159754,26138,2060121,2465,77089,45236,1256457,0.163427,23891,1579823,0.205487,48709,2836280,0.368914,7688185
3,2021-03-23,88561,4385525,48822,2208576,37289,2097410,2450,79539,57237,1285734,0.167235,31112,1610935,0.209534,60389,2896669,0.376769,7688185
3,2021-03-24,97489,4483014,56213,2264789,38489,2135899,2787,82326,56971,1305869,0.169854,40227,1651162,0.214766,60362,2957031,0.38462,7688185
3,2021-03-25,105840,4588854,58873,2323662,44123,2180022,2844,85170,61089,1325979,0.17247,44474,1695636,0.220551,64584,3021615,0.393021,7688185
3,2021-03-26,108751,4697605,58280,2381942,47262,2227284,3209,88379,58019,1337582,0.173979,50474,1746110,0.227116,62077,3083692,0.401095,7688185
3,2021-03-27,73146,4770751,37048,2418990,33573,2260857,2525,90904,36640,1341091,0.174435,36331,1782441,0.231842,39840,3123532,0.406277,7688185
3,2021-03-28,43266,4814017,27164,2446154,15298,2276155,804,91708,23100,1345418,0.174998,20073,1802514,0.234452,24400,3147932,0.409451,7688185
3,2021-03-29,79517,4893534,41519,2487673,36227,2312382,1771,93479,44976,1358619,0.176715,34348,1836862,0.23892,47549,3195481,0.415635,7688185
3,2021-03-30,98748,4992282,48544,2536217,46648,2359030,3556,97035,59790,1383816,0.179993,38753,1875615,0.243961,63950,3259431,0.423953,7688185
3,2021-03-31,103575,5095857,55877,2592094,42973,2402003,4725,101760,57409,1400280,0.182134,46005,1921620,0.249945,62469,3321900,0.432079,7688185
3,2021-04-01,121601,5217458,61587,2653681,50607,2452610,9407,111167,66454,1421630,0.184911,54893,1976513,0.257084,76243,3398143,0.441995,7688185
3,2021-04-02,116015,5333473,56653,2710334,49342,2501952,10020,121187,61832,1440046,0.187306,53969,2030482,0.264104,72385,3470528,0.451411,7688185
3,2021-04-03,74943,5408416,38230,2748564,27711,2529663,9002,130189,37725,1450017,0.188603,37108,2067590,0.268931,47079,3517607,0.457534,7688185
3,2021-04-04,32145,5440561,17185,2765749,10814,2540477,4146,134335,14368,1450858,0.188713,17718,2085308,0.271235,18559,3536166,0.459948,7688185
3,2021-04-05,87941,5528502,44697,2810446,34317,2574794,8927,143262,43557,1459952,0.189896,44227,2129535,0.276988,53321,3589487,0.466884,7688185
3,2021-04-06,112095,5640597,54700,2865146,42412,2617206,14983,158245,53366,1470522,0.19127,58511,2188046,0.284599,69081,3658568,0.475869,7688185
3,2021-04-07,114712,5755309,59683,2924829,38995,2656201,16034,174279,56113,1484569,0.193097,58398,2246444,0.292194,72445,3731013,0.485292,7688185
3,2021-04-08,119783,5875092,59988,2984817,40001,2696202,19794,194073,56047,1497706,0.194806,63500,2309944,0.300454,76637,3807650,0.49526,7688185
3,2021-04-09,116524,5991616,58244,3043061,39437,2735639,18843,212916,51690,1504517,0.195692,64643,2374587,0.308862,71454,3879104,0.504554,7688185
3,2021-04-10,82515,6074131,37459,3080520,30045,2765684,15011,227927,33960,1505911,0.195873,48412,2422999,0.315159,49806,3928910,0.511032,7688185
3,2021-04-11,44570,6118701,23964,3104484,12673,2778357,7933,235860,17137,1504460,0.195685,27357,2450356,0.318717,25906,3954816,0.514402,7688185
3,2021-04-12,82796,6201497,41972,3146456,32254,2810611,8570,244430,38031,1507541,0.196085,44590,2494946,0.324517,47671,4002487,0.520602,7688185
3,2021-04-13,104149,6305646,56530,3202986,47413,2858024,206,244636,55352,1515343,0.1971,48623,2543569,0.330841,56425,4058912,0.527942,7688185
3,2021-04-14,105229,6410875,57771,3260757,47367,2905391,91,244727,53114,1518080,0.197456,51884,2595453,0.33759,54621,4113533,0.535046,7688185
3,2021-04-15,117436,6528311,66125,3326882,51255,2956646,56,244783,63346,1528400,0.198799,53863,2649316,0.344596,64183,4177716,0.543394,7688185
3,2021-04-16,113472,6641783,63788,3390670,49595,3006241,89,244872,59712,1535329,0.1997,53526,2702842,0.351558,60455,4238171,0.551258,7688185
3,2021-04-17,77587,6719370,42428,3433098,35147,3041388,12,244884,43407,1545657,0.201043,34039,2736881,0.355985,44367,4282538,0.557028,7688185
3,2021-04-18,36786,6756156,21807,3454905,14976,3056364,3,244887,17436,1544670,0.200915,19279,2756160,0.358493,18292,4300830,0.559408,7688185
3,2021-04-19,77835,6833991,43600,3498505,34183,3090547,52,244939,35378,1538308,0.200087,42315,2798475,0.363997,35953,4336783,0.564084,7688185
3,2021-04-20,97516,6931507,50607,3549112,46899,3137446,10,244949,47716,1537446,0.199975,49624,2848099,0.370451,48762,4385545,0.570427,7688185
3,2021-04-21,100418,7031925,55462,3604574,44895,3182341,61,245010,47782,1533862,0.199509,52384,2900483,0.377265,48800,4434345,0.576774,7688185
3,2021-04-22,108270,7140195,60515,3665089,47736,3230077,19,245029,46915,1520645,0.19779,61087,2961570,0.385211,47870,4482215,0.583,7688185
3,2021-04-23,102457,7242652,58342,3723431,44093,3274170,22,245051,45151,1509790,0.196378,57018,3018588,0.392627,46163,4528378,0.589005,7688185
3,2021-04-24,72312,7314964,44892,3768323,27363,3301533,57,245108,35445,1509618,0.196356,36635,3055223,0.397392,36463,4564841,0.593748,7688185
3,2021-04-25,36088,7351052,23314,3791637,12760,3314293,14,245122,18628,1511287,0.196573,17354,3072577,0.399649,19023,4583864,0.596222,7688185
3,2021-04-26,67087,7418139,37911,3829548,28804,3343097,372,245494,28595,1503251,0.195527,38288,3110865,0.404629,30252,4614116,0.600157,7688185
3,2021-04-27,84175,7502314,44278,3873826,38502,3381599,1395,246889,33674,1488794,0.193647,50261,3161126,0.411167,35804,4649920,0.604814,7688185
3,2021-04-28,83301,7585615,46940,3920766,34287,3415886,2074,248963,33738,1475786,0.191955,49343,3210469,0.417585,36335,4686255,0.60954,7688185
3,2021-04-29,85158,7670773,48447,3969213,34566,3450452,2145,251108,29775,1453032,0.188995,55149,3265618,0.424758,32395,4718650,0.613753,7688185
3,2021-04-30,87497,7758270,49267,4018480,35801,3486253,2429,253537,32554,1433756,0.186488,54701,3320319,0.431873,35425,4754075,0.618361,7688185
3,2021-05-01,54088,7812358,34200,4052680,18461,3504714,1427,254964,19465,1420649,0.184783,34477,3354796,0.436357,21370,4775445,0.621141,7688185
3,2021-05-02,26371,7838729,17998,4070678,7366,3512080,1007,255971,9650,1414754,0.184017,16651,3371447,0.438523,10756,4786201,0.62254,7688185
3,2021-05-03,58524,7897253,34398,4105076,21802,3533882,2324,258295,17124,1393143,0.181206,41237,3412684,0.443887,19626,4805827,0.625093,7688185
3,2021-05-04,75167,7972420,43014,4148090,29542,3563424,2611,260906,21977,1365061,0.177553,52950,3465634,0.450774,24868,4830695,0.628327,7688185
3,2021-05-05,76057,8048477,45423,4193513,28001,3591425,2633,263539,20919,1333994,0.173512,54880,3520514,0.457912,23813,4854508,0.631424,7688185
3,2021-05-06,80614,8129091,50949,4244462,27236,3618661,2429,265968,20257,1297243,0.168732,59984,3580498,0.465714,23233,4877741,0.634446,7688185
3,2021-05-07,79208,8208299,49153,4293615,27496,3646157,2559,268527,21252,1263661,0.164364,57683,3638181,0.473217,24101,4901842,0.637581,7688185
3,2021-05-08,49971,8258270,30889,4324504,17455,3663612,1627,270154,13388,1242633,0.161629,36286,3674467,0.477937,15258,4917100,0.639566,7688185
3,2021-05-09,20346,8278616,14723,4339227,4834,3668446,789,270943,5600,1234461,0.160566,14628,3689095,0.47984,6456,4923556,0.640406,7688185
3,2021-05-10,46049,8324665,24728,4363955,19448,3687894,1873,272816,10984,1212692,0.157734,34879,3723974,0.484376,13110,4936666,0.642111,7688185
3,2021-05-11,59152,8383817,32604,4396559,24549,3712443,1999,274815,15004,1186156,0.154283,43965,3767939,0.490095,17429,4954095,0.644378,7688185
3,2021-05-12,58397,8442214,33312,4429871,22982,3735425,2103,276918,15362,1161038,0.151016,42845,3810784,0.495668,17727,4971822,0.646683,7688185
3,2021-05-13,65093,8507307,40869,4470740,22528,3757953,1696,278614,23333,1145000,0.14893,41586,3852370,0.501077,25548,4997370,0.650006,7688185
3,2021-05-14,70324,8577631,44153,4514893,24244,3782197,1927,280541,26984,1130971,0.147105,43134,3895504,0.506687,29105,5026475,0.653792,7688185
3,2021-05-15,40528,8618159,27314,4542207,12388,3794585,826,281367,15828,1123176,0.146091,24590,3920094,0.509885,16795,5043270,0.655977,7688185
3,2021-05-16,14927,8633086,11916,4554123,2823,3797408,188,281555,5674,1120126,0.145694,9200,3929294,0.511082,6150,5049420,0.656777,7688185
4,2020-12-15,444,444,444,444,0,0,0,0,444,444,5.9e-05,0,0,0.0,444,444,5.9e-05,7584050
4,2020-12-16,2958,3402,2958,3402,0,0,0,0,2958,3402,0.000449,0,0,0.0,2958,3402,0.000449,7584050
4,2020-12-17,8526,11928,8526,11928,0,0,0,0,8526,11928,0.001573,0,0,0.0,8526,11928,0.001573,7584050
4,2020-12-18,15388,27316,15379,27307,9,9,0,0,15388,27316,0.003602,0,0,0.0,15388,27316,0.003602,7584050
4,2020-12-19,10232,37548,10225,37532,7,16,0,0,10167,37483,0.004942,0,0,0.0,10167,37483,0.004942,7584050
4,2020-12-20,7352,44900,7345,44877,7,23,0,0,7307,44790,0.005906,0,0,0.0,7307,44790,0.005906,7584050
4,2020-12-21,16276,61176,16253,61130,23,46,0,0,16209,60999,0.008043,0,0,0.0,16209,60999,0.008043,7584050
4,2020-12-22,17091,78267,16361,77491,730,776,0,0,17047,78046,0.010291,0,0,0.0,17047,78046,0.010291,7584050
4,2020-12-23,16922,95189,14235,91726,2687,3463,0,0,16894,94940,0.012518,0,0,0.0,16894,94940,0.012518,7584050
4,2020-12-24,8539,103728,5957,97683,2582,6045,0,0,8539,103479,0.013644,0,0,0.0,8539,103479,0.013644,7584050
4,2020-12-25,900,104628,796,98479,104,6149,0,0,900,104379,0.013763,0,0,0.0,900,104379,0.013763,7584050
4,2020-12-26,6166,110794,3865,102344,2301,8450,0,0,6166,110545,0.014576,0,0,0.0,6166,110545,0.014576,7584050
4,2020-12-27,3415,114209,1996,104340,1419,9869,0,0,3415,113960,0.015026,0,0,0.0,3415,113960,0.015026,7584050
4,2020-12-28,14956,129165,9243,113583,5713,15582,0,0,14926,128885,0.016994,1,1,0.0,14926,128886,0.016994,7584050
4,2020-12-29,15230,144395,8427,122010,6803,22385,0,0,15197,144082,0.018998,0,1,0.0,15197,144083,0.018998,7584050
4,2020-12-30,18867,163262,11051,133061,7816,30201,0,0,18856,162936,0.021484,2,3,0.0,18856,162939,0.021484,7584050
4,2020-12-31,8192,171454,3323,136384,4869,35070,0,0,8187,171121,0.022563,2,5,1e-06,8187,171126,0.022564,7584050
4,2021-01-01,1238,172692,527,136911,711,35781,0,0,1236,172355,0.022726,2,7,1e-06,1236,172362,0.022727,7584050
4,2021-01-02,5662,178354,3196,140107,2466,38247,0,0,5661,178015,0.023472,1,8,1e-06,5661,178023,0.023473,7584050
4,2021-01-03,2125,180479,1259,141366,866,39113,0,0,2111,180122,0.02375,4,12,2e-06,2111,180134,0.023752,7584050
4,2021-01-04,12949,193428,7063,148429,5886,44999,0,0,12901,192993,0.025447,30,42,6e-06,12901,193035,0.025453,7584050
4,2021-01-05,16768,210196,9917,158346,6851,51850,0,0,14743,205743,0.027128,2004,2046,0.00027,14754,207789,0.027398,7584050
4,2021-01-06,21472,231668,13159,171505,8313,60163,0,0,15629,215594,0.028427,5791,7837,0.001033,15642,223431,0.029461,7584050
4,2021-01-07,27754,259422,16922,188427,10832,70995,0,0,16976,221860,0.029253,10723,18560,0.002447,16989,240420,0.031701,7584050
4,2021-01-08,32611,292033,20922,209349,11689,82684,0,0,18473,226282,0.029837,14069,32629,0.004302,18491,258911,0.034139,7584050
4,2021-01-09,16153,308186,9556,218905,6597,89281,0,0,9420,229002,0.030195,6711,39340,0.005187,9431,268342,0.035382,7584050
4,2021-01-10,8706,316892,5623,224528,3083,92364,0,0,4108,228541,0.030134,4577,43917,0.005791,4116,272458,0.035925,7584050
4,2021-01-11,33264,350156,21803,246331,11461,103825,0,0,18771,232899,0.030709,14452,58369,0.007696,18810,291268,0.038405,7584050
4,2021-01-12,38087,388243,21877,268208,16210,120035,0,0,24075,243050,0.032048,13963,72332,0.009537,24114,315382,0.041585,7584050
4,2021-01-13,38416,426659,18910,287118,19506,139541,0,0,27230,259173,0.034173,11132,83464,0.011005,27255,342637,0.045179,7584050
4,2021-01-14,38878,465537,14862,301980,24016,163557,0,0,31837,284043,0.037453,6994,90458,0.011927,31864,374501,0.04938,7584050
4,2021-01-15,45053,510590,15596,317576,29457,193014,0,0,39539,318144,0.041949,5458,95916,0.012647,39559,414060,0.054596,7584050
4,2021-01-16,28529,539119,9342,326918,19187,212201,0,0,25427,340519,0.044899,3066,98982,0.013051,25441,439501,0.057951,7584050
4,2021-01-17,18946,558065,6650,333568,12296,224497,0,0,17436,356485,0.047005,1485,100467,0.013247,17451,456952,0.060252,7584050
4,2021-01-18,29424,587489,13665,347233,15759,240256,0,0,23475,374139,0.049332,5852,106319,0.014019,23506,480458,0.063351,7584050
4,2021-01-19,45760,633249,22946,370179,22814,263070,0,0,36451,401408,0.052928,9254,115573,0.015239,36523,516981,0.068167,7584050
4,2021-01-20,51543,684792,27355,397534,24188,287258,0,0,41152,432318,0.057004,10296,125869,0.016597,41206,558187,0.0736,7584050
4,2021-01-21,56288,741080,24918,422452,31370,318628,0,0,49909,475949,0.062757,6320,132189,0.01743,49951,608138,0.080186,7584050
4,2021-01-22,54785,795865,22007,444459,32778,351406,0,0,49713,520710,0.068659,4978,137167,0.018086,49739,657877,0.086745,7584050
4,2021-01-23,39373,835238,17405,461864,21968,373374,0,0,35081,551536,0.072723,4284,141451,0.018651,35110,692987,0.091374,7584050
4,2021-01-24,23897,859135,10494,472358,13403,386777,0,0,22027,571718,0.075384,1862,143313,0.018897,22044,715031,0.094281,7584050
4,2021-01-25,47605,906740,22002,494360,25603,412380,0,0,36580,597357,0.078765,10995,154308,0.020346,36634,751665,0.099111,7584050
4,2021-01-26,56277,963017,28743,523103,27534,439914,0,0,44176,629543,0.083009,12048,166356,0.021935,44234,795899,0.104944,7584050
4,2021-01-27,55142,1018159,26651,549754,28491,468405,0,0,44237,663061,0.087428,10772,177128,0.023355,44290,840189,0.110784,7584050
4,2021-01-28,56086,1074245,25320,575074,30766,499171,0,0,46236,699579,0.092243,9759,186887,0.024642,46277,886466,0.116886,7584050
4,2021-01-29,56028,1130273,26947,602021,29081,528252,0,0,45775,735269,0.096949,10112,196999,0.025975,45802,932268,0.122925,7584050
4,2021-01-30,37495,1167768,17086,619107,20409,548661,0,0,32256,762355,0.100521,5194,202193,0.02666,32280,964548,0.127181,7584050
4,2021-01-31,23800,1191568,12512,631619,11288,559949,0,0,22198,782981,0.10324,1587,203780,0.02687,22213,986761,0.13011,7584050
4,2021-02-01,48261,1239829,22807,654426,25454,585403,0,0,37915,810622,0.106885,10316,214096,0.02823,37957,1024718,0.135115,7584050
4,2021-02-02,55822,1295651,26324,680750,29498,614901,0,0,42086,839151,0.110647,13598,227694,0.030023,42127,1066845,0.14067,7584050
4,2021-02-03,61796,1357447,30407,711157,31389,646290,0,0,47591,872703,0.115071,14096,241790,0.031881,47648,1114493,0.146952,7584050
4,2021-02-04,67270,1424717,31377,742534,35893,682183,0,0,50635,906963,0.119588,16480,258270,0.034054,50740,1165233,0.153643,7584050
4,2021-02-05,72677,1497394,33691,776225,38986,721169,0,0,50785,936228,0.123447,21652,279922,0.036909,50917,1216150,0.160356,7584050
4,2021-02-06,48018,1545412,26012,802237,22006,743175,0,0,36596,961633,0.126797,11392,291314,0.038411,36797,1252947,0.165208,7584050
4,2021-02-07,26282,1571694,17349,819586,8933,752108,0,0,19915,975443,0.128618,6341,297655,0.039247,20151,1273098,0.167865,7584050
4,2021-02-08,58125,1629819,29849,849435,28276,780384,0,0,37867,993436,0.13099,20131,317786,0.041902,38124,1311222,0.172892,7584050
4,2021-02-09,66877,1696696,34082,883517,32795,813179,0,0,39288,1005598,0.132594,27525,345311,0.045531,39687,1350909,0.178125,7584050
4,2021-02-10,76842,1773538,38470,921987,38372,851551,0,0,40861,1011246,0.133339,35749,381060,0.050245,41397,1392306,0.183583,7584050
4,2021-02-11,80660,1854198,42086,964073,38574,890125,0,0,41827,1015115,0.133849,38617,419677,0.055337,42486,1434792,0.189185,7584050
4,2021-02-12,83762,1937960,37538,1001611,46224,936349,0,0,43247,1018801,0.134335,40344,460021,0.060656,44030,1478822,0.194991,7584050
4,2021-02-13,58336,1996296,29582,1031193,28754,965103,0,0,29818,1021111,0.134639,28404,488425,0.064402,30714,1509536,0.199041,7584050
4,2021-02-14,36637,2032933,19046,1050239,17591,982694,0,0,18834,1022841,0.134867,17758,506183,0.066743,19488,1529024,0.20161,7584050
4,2021-02-15,45885,2078818,21510,1071749,24375,1007069,0,0,23647,1025492,0.135217,22170,528353,0.069666,24821,1553845,0.204883,7584050
4,2021-02-16,79487,2158305,36388,1108137,43099,1050168,0,0,40659,1028622,0.13563,38735,567088,0.074774,41865,1595710,0.210403,7584050
4,2021-02-17,80792,2239097,38100,1146237,42692,1092860,0,0,38623,1026361,0.135332,42008,609096,0.080313,39747,1635457,0.215644,7584050
4,2021-02-18,82646,2321743,45502,1191739,37144,1130004,0,0,38418,1022179,0.13478,44069,653165,0.086124,39887,1675344,0.220904,7584050
4,2021-02-19,81621,2403364,51351,1243090,30270,1160274,0,0,41005,1023396,0.134941,40478,693643,0.091461,41695,1717039,0.226401,7584050
4,2021-02-20,48257,2451621,32235,1275325,16022,1176296,0,0,26424,1028729,0.135644,21776,715419,0.094332,27109,1744148,0.229976,7584050
4,2021-02-21,28699,2480320,23089,1298414,5610,1181906,0,0,13887,1028146,0.135567,14750,730169,0.096277,14167,1758315,0.231844,7584050
4,2021-02-22,52305,2532625,36051,1334465,16254,1198160,0,0,25490,1027343,0.135461,26729,756898,0.099801,25926,1784241,0.235262,7584050
4,2021-02-23,73090,2605715,40575,1375040,32515,1230675,0,0,32418,1020861,0.134606,40559,797457,0.105149,34077,1818318,0.239756,7584050
4,2021-02-24,87885,2693600,46384,1421424,41501,1272176,0,0,39962,1015236,0.133865,47730,845187,0.111443,42105,1860423,0.245307,7584050
4,2021-02-25,98049,2791649,51049,1472473,47000,1319176,0,0,47188,1014244,0.133734,50716,895903,0.11813,49724,1910147,0.251864,7584050
4,2021-02-26,104029,2895678,52452,1524925,51577,1370753,0,0,53820,1020412,0.134547,49983,945886,0.12472,56151,1966298,0.259268,7584050
4,2021-02-27,74763,2970441,40444,1565369,34313,1405066,6,6,39955,1027155,0.135436,34689,980575,0.129294,41432,2007730,0.264731,7584050
4,2021-02-28,44976,3015417,27869,1593238,17105,1422171,2,8,25050,1033290,0.136245,19795,1000370,0.131904,25930,2033660,0.26815,7584050
4,2021-03-01,74564,3089981,43547,1636785,31002,1453173,15,23,41289,1042700,0.137486,33072,1033442,0.136265,42482,2076142,0.273751,7584050
4,2021-03-02,80655,3170636,44952,1681737,35699,1488872,4,27,47310,1058592,0.139581,33202,1066644,0.140643,49094,2125236,0.280224,7584050
4,2021-03-03,98036,3268672,51716,1733453,46308,1535180,12,39,54550,1071621,0.141299,43300,1109944,0.146352,56329,2181565,0.287652,7584050
4,2021-03-04,95515,3364187,52972,1786425,42529,1577709,14,53,52431,1082938,0.142792,42895,1152839,0.152008,54212,2235777,0.2948,7584050
4,2021-03-05,92375,3456562,49379,1835804,42684,1620393,312,365,54690,1102342,0.14535,37511,1190350,0.156954,56915,2292692,0.302304,7584050
4,2021-03-06,74872,3531434,41946,1877750,30326,1650719,2600,2965,45802,1123115,0.148089,28970,1219320,0.160774,49743,2342435,0.308863,7584050
4,2021-03-07,41475,3572909,26275,1904025,14041,1664760,1159,4124,24634,1133205,0.14942,16786,1236106,0.162988,26876,2369311,0.312407,7584050
4,2021-03-08,65056,3637965,33747,1937772,28140,1692900,3169,7293,42755,1158274,0.152725,22199,1258305,0.165915,47268,2416579,0.31864,7584050
4,2021-03-09,73750,3711715,34178,1971950,34478,1727378,5094,12387,38249,1167396,0.153928,35352,1293657,0.170576,44474,2461053,0.324504,7584050
4,2021-03-10,88116,3799831,44689,2016639,36037,1763415,7390,19777,44085,1175978,0.155059,43868,1337525,0.17636,52450,2513503,0.33142,7584050
4,2021-03-11,99800,3899631,52503,2069142,38948,1802363,8349,28126,46248,1178353,0.155373,53355,1390880,0.183395,55730,2569233,0.338768,7584050
4,2021-03-12,103368,4002999,50898,2120040,42276,1844639,10194,38320,44305,1174955,0.154924,58848,1449728,0.191155,55450,2624683,0.346079,7584050
4,2021-03-13,79881,4082880,37152,2157192,34377,1879016,8352,46672,37519,1179738,0.155555,42248,1491976,0.196725,47031,2671714,0.352281,7584050
4,2021-03-14,49017,4131897,27911,2185103,17521,1896537,3585,50257,23107,1181232,0.155752,25834,1517810,0.200132,27328,2699042,0.355884,7584050
4,2021-03-15,82930,4214827,44407,2229510,34328,1930865,4195,54452,42677,1188891,0.156762,40055,1557865,0.205413,47714,2746756,0.362175,7584050
4,2021-03-16,106588,4321415,55342,2284852,47892,1978757,3354,57806,56790,1200145,0.158246,49592,1607457,0.211952,60846,2807602,0.370198,7584050
4,2021-03-17,105125,4426540,56494,2341346,45237,2023994,3394,61200,61846,1222903,0.161247,43057,1650514,0.21763,65815,2873417,0.378876,7584050
4,2021-03-18,105324,4531864,58308,2399654,43405,2067399,3611,64811,60428,1242723,0.16386,44660,1695174,0.223518,64480,2937897,0.387378,7584050
4,2021-03-19,109242,4641106,62514,2462168,41616,2109015,5112,69923,63316,1265843,0.166909,45717,1740891,0.229546,68837,3006734,0.396455,7584050
4,2021-03-20,82330,4723436,48074,2510242,31309,2140324,2947,72870,51506,1289896,0.17008,30712,1771603,0.233596,54765,3061499,0.403676,7584050
4,2021-03-21,47313,4770749,34236,2544478,10850,2151174,2227,75097,28887,1303032,0.171812,18332,1789935,0.236013,31468,3092967,0.407825,7584050
4,2021-03-22,81035,4851784,52977,2597455,25411,2176585,2647,77744,51641,1328822,0.175213,29212,1819147,0.239865,55002,3147969,0.415078,7584050
4,2021-03-23,103184,4954968,61519,2658974,39571,2216156,2094,79838,64561,1357628,0.179011,38380,1857527,0.244925,67186,3215155,0.423936,7584050
4,2021-03-24,112188,5067156,72464,2731438,37420,2253576,2304,82142,64501,1377593,0.181643,47299,1904826,0.251162,67264,3282419,0.432806,7584050
4,2021-03-25,115563,5182719,71173,2802611,42090,2295666,2300,84442,67285,1399793,0.184571,47866,1952692,0.257474,70066,3352485,0.442044,7584050
4,2021-03-26,118081,5300800,71637,2874248,43453,2339119,2991,87433,66258,1418121,0.186987,51522,2004214,0.264267,69850,3422335,0.451254,7584050
4,2021-03-27,90144,5390944,53366,2927614,34999,2374118,1779,89212,46923,1424275,0.187799,43031,2047245,0.269941,49185,3471520,0.45774,7584050
4,2021-03-28,54935,5445879,36141,2963755,17928,2392046,866,90078,30672,1431998,0.188817,24137,2071382,0.273123,31860,3503380,0.461941,7584050
4,2021-03-29,92365,5538244,55477,3019232,34873,2426919,2015,92093,51578,1445543,0.190603,40592,2111974,0.278476,54137,3557517,0.469079,7584050
4,2021-03-30,115895,5654139,63157,3082389,48647,2475566,4091,96184,74026,1482420,0.195465,41686,2153660,0.283972,78563,3636080,0.479438,7584050
4,2021-03-31,119572,5773711,70656,3153045,42717,2518283,6199,102383,69210,1507972,0.198835,50093,2203753,0.290577,75645,3711725,0.489412,7584050
4,2021-04-01,140586,5914297,80457,3233502,47252,2565535,12877,115260,83541,1547919,0.204102,56756,2260509,0.298061,96703,3808428,0.502163,7584050
4,2021-04-02,134631,6048928,72134,3305636,49319,2614854,13178,128438,78325,1583751,0.208827,56075,2316584,0.305455,91907,3900335,0.514281,7584050
4,2021-04-03,99998,6148926,53373,3359009,33481,2648335,13144,141582,52457,1602280,0.21127,47384,2363968,0.311703,65913,3966248,0.522972,7584050
4,2021-04-04,46559,6195485,24565,3383574,14532,2662867,7462,149044,20622,1604572,0.211572,25858,2389826,0.315112,28150,3994398,0.526684,7584050
4,2021-04-05,108271,6303756,61035,3444609,34602,2697469,12634,161678,56880,1623456,0.214062,51227,2441053,0.321867,70111,4064509,0.535929,7584050
4,2021-04-06,137493,6441249,77562,3522171,40370,2737839,19561,181239,71884,1650159,0.217583,65420,2506473,0.330493,92123,4156632,0.548076,7584050
4,2021-04-07,135849,6577098,77195,3599366,38201,2776040,20453,201692,70773,1676855,0.221103,64875,2571348,0.339047,91571,4248203,0.56015,7584050
4,2021-04-08,138123,6715221,77296,3676662,35727,2811767,25100,226792,68968,1702672,0.224507,68926,2640274,0.348135,94743,4342946,0.572642,7584050
4,2021-04-09,135647,6850868,74536,3751198,38494,2850261,22617,249409,65192,1721264,0.226958,70279,2710553,0.357402,88871,4431817,0.58436,7584050
4,2021-04-10,101853,6952721,50470,3801668,32876,2883137,18507,267916,46138,1731430,0.228299,55548,2766101,0.364726,65714,4497531,0.593025,7584050
4,2021-04-11,61834,7014555,37693,3839361,13041,2896178,11100,279016,27282,1736429,0.228958,34476,2800577,0.369272,39475,4537006,0.59823,7584050
4,2021-04-12,101432,7115987,61713,3901074,29802,2925980,9917,288933,51423,1749221,0.230645,49764,2850341,0.375834,62556,4599562,0.606478,7584050
4,2021-04-13,128807,7244794,80799,3981873,47856,2973836,152,289085,77437,1776514,0.234243,51146,2901487,0.382578,78439,4678001,0.616821,7584050
4,2021-04-14,133640,7378434,85208,4067081,48361,3022197,71,289156,74599,1793593,0.236495,58789,2960276,0.390329,75868,4753869,0.626825,7584050
4,2021-04-15,154086,7532520,102684,4169765,51368,3073565,34,289190,95228,1831019,0.24143,58570,3018846,0.398052,95996,4849865,0.639482,7584050
4,2021-04-16,141397,7673917,89867,4259632,51456,3125021,74,289264,82836,1856266,0.244759,58360,3077206,0.405747,83607,4933472,0.650506,7584050
4,2021-04-17,99484,7773401,62848,4322480,36628,3161649,8,289272,58537,1875186,0.247254,40746,3117952,0.41112,59666,4993138,0.658374,7584050
4,2021-04-18,53610,7827011,35921,4358401,17686,3179335,3,289275,30535,1883680,0.248374,22981,3140933,0.41415,31475,5024613,0.662524,7584050
4,2021-04-19,99766,7926777,65998,4424399,33756,3213091,12,289287,51186,1887065,0.24882,48395,3189328,0.420531,51780,5076393,0.669351,7584050
4,2021-04-20,126624,8053401,74345,4498744,52274,3265365,5,289292,66516,1894781,0.249838,59842,3249170,0.428421,67558,5143951,0.678259,7584050
4,2021-04-21,126660,8180061,81384,4580128,45227,3310592,49,289341,64187,1897806,0.250236,62208,3311378,0.436624,65233,5209184,0.68686,7584050
4,2021-04-22,136424,8316485,89971,4670099,46434,3357026,19,289360,61236,1885247,0.248581,74898,3386276,0.4465,62339,5271523,0.69508,7584050
4,2021-04-23,129831,8446316,84053,4754152,45757,3402783,21,289381,56547,1869931,0.246561,73006,3459282,0.456126,57690,5329213,0.702687,7584050
4,2021-04-24,96705,8543021,65662,4819814,30991,3433774,52,289433,44676,1863905,0.245766,51793,3511075,0.462955,45767,5374980,0.708722,7584050
4,2021-04-25,49116,8592137,34955,4854769,14137,3447911,24,289457,25886,1867122,0.246191,23119,3534194,0.466004,26336,5401316,0.712194,7584050
4,2021-04-26,83129,8675266,55078,4909847,27682,3475593,369,289826,32786,1851419,0.24412,50122,3584316,0.472612,34419,5435735,0.716732,7584050
4,2021-04-27,105285,8780551,64869,4974716,38630,3514223,1786,291612,38157,1825222,0.240666,66866,3651182,0.481429,40669,5476404,0.722095,7584050
4,2021-04-28,99065,8879616,64301,5039017,32297,3546520,2467,294079,35416,1800299,0.23738,63421,3714603,0.489791,38498,5514902,0.727171,7584050
4,2021-04-29,100380,8979996,63623,5102640,34280,3580800,2477,296556,31413,1766048,0.232863,68707,3783310,0.498851,34456,5549358,0.731714,7584050
4,2021-04-30,100962,9080958,63554,5166194,34782,3615582,2626,299182,34433,1737473,0.229096,66243,3849553,0.507585,37668,5587026,0.736681,7584050
4,2021-05-01,68070,9149028,45371,5211565,20948,3636530,1751,300933,19795,1711523,0.225674,48119,3897672,0.51393,22169,5609195,0.739604,7584050
4,2021-05-02,37137,9186165,26307,5237872,9561,3646091,1269,302202,10495,1696879,0.223743,26544,3924216,0.51743,11900,5621095,0.741173,7584050
4,2021-05-03,77477,9263642,54257,5292129,20778,3666869,2442,304644,19078,1660542,0.218952,58195,3982411,0.525103,21858,5642953,0.744055,7584050
4,2021-05-04,97837,9361479,66464,5358593,28657,3695526,2716,307360,22221,1610453,0.212347,75381,4057792,0.535043,25292,5668245,0.74739,7584050
4,2021-05-05,98571,9460050,69185,5427778,26680,3722206,2706,310066,21523,1558181,0.205455,76773,4134565,0.545166,24501,5692746,0.750621,7584050
4,2021-05-06,108396,9568446,81128,5508906,24382,3746588,2886,312952,19321,1492805,0.196835,88692,4223257,0.55686,23316,5716062,0.753695,7584050
4,2021-05-07,101984,9670430,73187,5582093,26138,3772726,2659,315611,20186,1434560,0.189155,81485,4304742,0.567605,23240,5739302,0.75676,7584050
4,2021-05-08,65798,9736228,45025,5627118,18921,3791647,1852,317463,13109,1397353,0.184249,52497,4357239,0.574527,15290,5754592,0.758776,7584050
4,2021-05-09,33151,9769379,27032,5654150,5185,3796832,934,318397,7824,1380973,0.182089,25226,4382465,0.577853,8846,5763438,0.759942,7584050
4,2021-05-10,61661,9831040,40991,5695141,18413,3815245,2257,320654,10750,1343531,0.177152,50748,4433213,0.584544,13306,5776744,0.761696,7584050
4,2021-05-11,75604,9906644,46175,5741316,27463,3842708,1966,322620,14768,1300047,0.171419,60639,4493852,0.59254,17155,5793899,0.763958,7584050
4,2021-05-12,71406,9978050,46933,5788249,22295,3865003,2178,324798,15527,1262377,0.166452,55670,4549522,0.59988,18000,5811899,0.766332,7584050
4,2021-05-13,91234,10069284,66711,5854960,23154,3888157,1369,326167,34647,1242598,0.163844,56373,4605895,0.607313,36594,5848493,0.771157,7584050
4,2021-05-14,91065,10160349,62926,5917886,26188,3914345,1951,328118,33853,1221620,0.161078,56986,4662881,0.614827,36008,5884501,0.775905,7584050
4,2021-05-15,53555,10213904,39725,5957611,12970,3927315,860,328978,22183,1213578,0.160017,31240,4694121,0.618946,23198,5907699,0.778964,7584050
4,2021-05-16,23505,10237409,18973,5976584,4337,3931652,195,329173,9084,1208916,0.159402,14370,4708491,0.620841,9708,5917407,0.780244,7584050
