vemquartile,administered_date,total_doses,cumulative_total_doses,pfizer_doses,cumulative_pfizer_doses,moderna_doses,cumulative_moderna_doses,jj_doses,cumulative_jj_doses,partially_vaccinated,total_partially_vaccinated,pct_age12pop_partially_vaccinated,fully_vaccinated,cumulative_fully_vaccinated,pct_age12pop_fully_vaccinated,at_least_one_dose,cumulative_at_least_one_dose,pct_age12pop_at_least_one_dose,age12_population
1,2020-12-15,156,156,156,156,0,0,0,0,156,156,1.8e-05,0,0,0.0,156,156,1.8e-05,8700223
1,2020-12-16,1240,1396,1240,1396,0,0,0,0,1239,1395,0.00016,0,0,0.0,1239,1395,0.00016,8700223
1,2020-12-17,4191,5587,4191,5587,0,0,0,0,4194,5589,0.000642,0,0,0.0,4194,5589,0.000642,8700223
1,2020-12-18,6402,11989,6378,11965,24,24,0,0,6406,11994,0.001379,1,1,0.0,6406,11995,0.001379,8700223
1,2020-12-19,2892,14881,2889,14854,3,27,0,0,2891,14884,0.001711,1,2,0.0,2891,14886,0.001711,8700223
1,2020-12-20,2144,17025,2134,16988,10,37,0,0,2145,17029,0.001957,0,2,0.0,2145,17031,0.001958,8700223
1,2020-12-21,7705,24730,7684,24672,21,58,0,0,7754,24783,0.002849,1,3,0.0,7755,24786,0.002849,8700223
1,2020-12-22,7367,32097,7022,31694,345,403,0,0,7367,32148,0.003695,2,5,1e-06,7367,32153,0.003696,8700223
1,2020-12-23,7910,40007,6643,38337,1267,1670,0,0,7907,40054,0.004604,2,7,1e-06,7908,40061,0.004605,8700223
1,2020-12-24,3316,43323,2371,40708,945,2615,0,0,3318,43372,0.004985,0,7,1e-06,3318,43379,0.004986,8700223
1,2020-12-25,242,43565,158,40866,84,2699,0,0,242,43614,0.005013,0,7,1e-06,242,43621,0.005014,8700223
1,2020-12-26,1376,44941,981,41847,395,3094,0,0,1375,44988,0.005171,1,8,1e-06,1375,44996,0.005172,8700223
1,2020-12-27,879,45820,545,42392,334,3428,0,0,879,45866,0.005272,1,9,1e-06,879,45875,0.005273,8700223
1,2020-12-28,7144,52964,4797,47189,2347,5775,0,0,7141,53007,0.006093,0,9,1e-06,7141,53016,0.006094,8700223
1,2020-12-29,9076,62040,5069,52258,4007,9782,0,0,9072,62077,0.007135,2,11,1e-06,9072,62088,0.007136,8700223
1,2020-12-30,11782,73822,6559,58817,5223,15005,0,0,11780,73856,0.008489,1,12,1e-06,11780,73868,0.00849,8700223
1,2020-12-31,6046,79868,1973,60790,4073,19078,0,0,6044,79897,0.009183,4,16,2e-06,6045,79913,0.009185,8700223
1,2021-01-01,620,80488,249,61039,371,19449,0,0,616,80511,0.009254,2,18,2e-06,616,80529,0.009256,8700223
1,2021-01-02,2932,83420,1773,62812,1159,20608,0,0,2932,83443,0.009591,0,18,2e-06,2932,83461,0.009593,8700223
1,2021-01-03,1057,84477,552,63364,505,21113,0,0,1055,84495,0.009712,3,21,2e-06,1055,84516,0.009714,8700223
1,2021-01-04,7429,91906,3622,66986,3807,24920,0,0,7431,91924,0.010566,2,23,3e-06,7431,91947,0.010568,8700223
1,2021-01-05,10978,102884,5288,72274,5690,30610,0,0,10175,101337,0.011648,785,808,9.3e-05,10198,102145,0.011741,8700223
1,2021-01-06,14162,117046,7100,79374,7062,37672,0,0,12218,111664,0.012835,1908,2716,0.000312,12235,114380,0.013147,8700223
1,2021-01-07,17661,134707,9198,88572,8463,46135,0,0,13116,120339,0.013832,4452,7168,0.000824,13127,127507,0.014656,8700223
1,2021-01-08,20265,154972,10516,99088,9749,55884,0,0,14287,128680,0.01479,5962,13130,0.001509,14303,141810,0.0163,8700223
1,2021-01-09,6711,161683,3412,102500,3299,59183,0,0,4836,131652,0.015132,1868,14998,0.001724,4840,146650,0.016856,8700223
1,2021-01-10,3116,164799,1774,104274,1342,60525,0,0,1923,132387,0.015217,1189,16187,0.001861,1924,148574,0.017077,8700223
1,2021-01-11,18228,183027,11907,116181,6321,66846,0,0,11609,137434,0.015797,6608,22795,0.00262,11655,160229,0.018417,8700223
1,2021-01-12,19214,202241,10999,127180,8215,75061,0,0,13187,144666,0.016628,5998,28793,0.003309,13230,173459,0.019937,8700223
1,2021-01-13,19928,222169,10785,137965,9143,84204,0,0,14751,154282,0.017733,5154,33947,0.003902,14770,188229,0.021635,8700223
1,2021-01-14,22242,244411,9564,147529,12678,96882,0,0,19397,170957,0.01965,2783,36730,0.004222,19458,207687,0.023871,8700223
1,2021-01-15,25306,269717,9270,156799,16036,112918,0,0,23348,192452,0.02212,1920,38650,0.004442,23415,231102,0.026563,8700223
1,2021-01-16,13963,283680,4573,161372,9390,122308,0,0,13063,204623,0.023519,896,39546,0.004545,13067,244169,0.028065,8700223
1,2021-01-17,5230,288910,2042,163414,3188,125496,0,0,4853,209103,0.024034,376,39922,0.004589,4856,249025,0.028623,8700223
1,2021-01-18,14404,303314,8640,172054,5764,131260,0,0,11189,217148,0.024959,3201,43123,0.004957,11246,260271,0.029915,8700223
1,2021-01-19,24893,328207,12897,184951,11996,143256,0,0,19598,231530,0.026612,5272,48395,0.005563,19654,279925,0.032174,8700223
1,2021-01-20,29521,357728,14779,199730,14742,157998,0,0,23554,249243,0.028648,5885,54280,0.006239,23598,303523,0.034887,8700223
1,2021-01-21,31404,389132,14791,214521,16613,174611,0,0,28034,274075,0.031502,3305,57585,0.006619,28137,331660,0.038121,8700223
1,2021-01-22,28496,417628,11319,225840,17177,191788,0,0,26399,298476,0.034307,2028,59613,0.006852,26429,358089,0.041159,8700223
1,2021-01-23,18758,436386,8208,234048,10550,202338,0,0,16794,313345,0.036016,1935,61548,0.007074,16804,374893,0.04309,8700223
1,2021-01-24,6712,443098,4175,238223,2537,204875,0,0,6048,318741,0.036636,658,62206,0.00715,6054,380947,0.043786,8700223
1,2021-01-25,25637,468735,10563,248786,15074,219949,0,0,19776,332819,0.038254,5810,68016,0.007818,19888,400835,0.046072,8700223
1,2021-01-26,28970,497705,13563,262349,15407,235356,0,0,22178,348296,0.040033,6729,74745,0.008591,22206,423041,0.048624,8700223
1,2021-01-27,32793,530498,15605,277954,17188,252544,0,0,24566,364791,0.041929,8161,82906,0.009529,24656,447697,0.051458,8700223
1,2021-01-28,35123,565621,16504,294458,18619,271163,0,0,28046,385955,0.044362,7008,89914,0.010335,28172,475869,0.054696,8700223
1,2021-01-29,33870,599491,16528,310986,17342,288505,0,0,27153,406633,0.046738,6572,96486,0.01109,27250,503119,0.057828,8700223
1,2021-01-30,20213,619704,8746,319732,11467,299972,0,0,17983,422504,0.048562,2198,98684,0.011343,18069,521188,0.059905,8700223
1,2021-01-31,7728,627432,5025,324757,2703,302675,0,0,7004,428795,0.049286,716,99400,0.011425,7007,528195,0.060711,8700223
1,2021-02-01,29175,656607,12581,337338,16594,319269,0,0,21299,442281,0.050836,7822,107222,0.012324,21308,549503,0.06316,8700223
1,2021-02-02,32871,689478,11869,349207,21002,340271,0,0,24547,458631,0.052715,8236,115458,0.013271,24586,574089,0.065986,8700223
1,2021-02-03,39793,729271,15308,364515,24485,364756,0,0,28558,476224,0.054737,11065,126523,0.014543,28658,602747,0.069279,8700223
1,2021-02-04,44209,773480,17214,381729,26995,391751,0,0,31774,495800,0.056987,12312,138835,0.015958,31888,634635,0.072945,8700223
1,2021-02-05,47062,820542,17206,398935,29856,421607,0,0,30716,510443,0.05867,16190,155025,0.017819,30833,665468,0.076489,8700223
1,2021-02-06,26664,847206,10545,409480,16119,437726,0,0,20680,525256,0.060373,5939,160964,0.018501,20752,686220,0.078874,8700223
1,2021-02-07,6305,853511,4052,413532,2253,439979,0,0,4647,528285,0.060721,1637,162601,0.018689,4666,690886,0.07941,8700223
1,2021-02-08,31767,885278,14486,428018,17281,457260,0,0,21142,539002,0.061953,10527,173128,0.019899,21244,712130,0.081852,8700223
1,2021-02-09,38682,923960,17002,445020,21680,478940,0,0,23800,548115,0.063,14800,187928,0.0216,23913,736043,0.0846,8700223
1,2021-02-10,47530,971490,22242,467262,25288,504228,0,0,27004,554824,0.063771,20392,208320,0.023944,27101,763144,0.087715,8700223
1,2021-02-11,52172,1023662,25516,492778,26656,530884,0,0,31020,565133,0.064956,20835,229155,0.026339,31144,794288,0.091295,8700223
1,2021-02-12,50259,1073921,21627,514405,28632,559516,0,0,28828,572844,0.065842,21262,250417,0.028783,28973,823261,0.094625,8700223
1,2021-02-13,26543,1100464,11557,525962,14986,574502,0,0,15330,577114,0.066333,11139,261556,0.030063,15409,838670,0.096396,8700223
1,2021-02-14,11818,1112282,5580,531542,6238,580740,0,0,6714,578823,0.06653,5073,266629,0.030646,6782,845452,0.097176,8700223
1,2021-02-15,24024,1136306,9438,540980,14586,595326,0,0,14600,584241,0.067152,9298,275927,0.031715,14716,860168,0.098867,8700223
1,2021-02-16,47292,1183598,22548,563528,24744,620070,0,0,27497,592154,0.068062,19704,295631,0.03398,27617,887785,0.102042,8700223
1,2021-02-17,48627,1232225,24629,588157,23998,644068,0,0,26130,596099,0.068515,22337,317968,0.036547,26282,914067,0.105062,8700223
1,2021-02-18,51316,1283541,25669,613826,25647,669715,0,0,26514,598311,0.06877,24547,342515,0.039369,26759,940826,0.108138,8700223
1,2021-02-19,46753,1330294,25340,639166,21413,691128,0,0,26147,604079,0.069433,20440,362955,0.041718,26208,967034,0.11115,8700223
1,2021-02-20,27837,1358131,16904,656070,10933,702061,0,0,15862,608120,0.069897,11906,374861,0.043086,15947,982981,0.112983,8700223
1,2021-02-21,12449,1370580,10704,666774,1745,703806,0,0,7468,610723,0.070196,4917,379778,0.043652,7520,990501,0.113848,8700223
1,2021-02-22,31780,1402360,20880,687654,10900,714706,0,0,18254,615661,0.070764,13424,393202,0.045194,18362,1008863,0.115958,8700223
1,2021-02-23,46013,1448373,22354,710008,23659,738365,0,0,25236,620792,0.071354,20472,413674,0.047548,25603,1034466,0.118901,8700223
1,2021-02-24,56066,1504439,27091,737099,28975,767340,0,0,30808,627059,0.072074,25000,438674,0.050421,31267,1065733,0.122495,8700223
1,2021-02-25,68703,1573142,33354,770453,35349,802689,0,0,42457,644006,0.074022,26012,464686,0.053411,42959,1108692,0.127433,8700223
1,2021-02-26,76750,1649892,35935,806388,40815,843504,0,0,50100,668248,0.076808,26343,491029,0.056439,50585,1159277,0.133247,8700223
1,2021-02-27,52830,1702722,24250,830638,28569,872073,11,11,34646,685209,0.078758,17967,508996,0.058504,34928,1194205,0.137261,8700223
1,2021-02-28,20290,1723012,12045,842683,8243,880316,2,13,14850,694857,0.079867,5348,514344,0.059118,14996,1209201,0.138985,8700223
1,2021-03-01,46346,1769358,21431,864114,24854,905170,61,74,29751,708517,0.081437,16400,530744,0.061003,30060,1239261,0.14244,8700223
1,2021-03-02,64953,1834311,28089,892203,36852,942022,12,86,41300,727016,0.083563,23461,554205,0.0637,41960,1281221,0.147263,8700223
1,2021-03-03,72239,1906550,34365,926568,37843,979865,31,117,43910,743471,0.085454,28100,582305,0.06693,44555,1325776,0.152384,8700223
1,2021-03-04,80227,1986777,37636,964204,42554,1022419,37,154,51407,766868,0.088143,28564,610869,0.070213,51961,1377737,0.158357,8700223
1,2021-03-05,79269,2066046,35733,999937,43328,1065747,208,362,52830,794426,0.091311,26130,636999,0.073216,53688,1431425,0.164527,8700223
1,2021-03-06,58101,2124147,27624,1027561,29127,1094874,1350,1712,39317,816817,0.093885,18638,655637,0.075359,41029,1472454,0.169243,8700223
1,2021-03-07,21015,2145162,13060,1040621,6758,1101632,1197,2909,15540,828350,0.09521,5448,661085,0.075985,16981,1489435,0.171195,8700223
1,2021-03-08,46160,2191322,22538,1063159,21661,1123293,1961,4870,32326,849245,0.097612,13724,674809,0.077562,34619,1524054,0.175174,8700223
1,2021-03-09,66935,2258257,32379,1095538,32040,1155333,2516,7386,41174,867684,0.099731,25581,700390,0.080503,44020,1568074,0.180234,8700223
1,2021-03-10,74280,2332537,37013,1132551,32765,1188098,4502,11888,45738,889873,0.102282,28405,728795,0.083767,50594,1618668,0.186049,8700223
1,2021-03-11,90470,2423007,41622,1174173,40833,1228931,8015,19903,52654,913424,0.104989,37561,766356,0.088085,61112,1679780,0.193073,8700223
1,2021-03-12,99359,2522366,43789,1217962,43118,1272049,12452,32355,57965,943107,0.1084,41155,807511,0.092815,70838,1750618,0.201215,8700223
1,2021-03-13,65480,2587846,29577,1247539,28198,1300247,7705,40060,41693,969153,0.111394,23645,831156,0.095533,49691,1800309,0.206927,8700223
1,2021-03-14,27955,2615801,14951,1262490,9437,1309684,3567,43627,15656,976333,0.112219,12221,843377,0.096937,19401,1819710,0.209157,8700223
1,2021-03-15,65392,2681193,28844,1291334,29793,1339477,6755,50382,38441,995147,0.114382,26718,870095,0.100008,45532,1865242,0.21439,8700223
1,2021-03-16,85959,2767152,39176,1330510,41120,1380597,5663,56045,53231,1021881,0.117455,32495,902590,0.103743,59229,1924471,0.221198,8700223
1,2021-03-17,93394,2860546,45588,1376098,41260,1421857,6546,62591,60063,1055757,0.121348,33074,935664,0.107545,66950,1991421,0.228893,8700223
1,2021-03-18,99071,2959617,51107,1427205,42238,1464095,5726,68317,59871,1083008,0.12448,38826,974490,0.112007,66077,2057498,0.236488,8700223
1,2021-03-19,103979,3063596,53825,1481030,43849,1507944,6305,74622,60671,1107496,0.127295,42993,1017483,0.116949,67481,2124979,0.244244,8700223
1,2021-03-20,72965,3136561,37369,1518399,30375,1538319,5221,79843,46869,1133957,0.130337,25897,1043380,0.119926,52358,2177337,0.250262,8700223
1,2021-03-21,27396,3163957,19089,1537488,6497,1544816,1810,81653,17044,1142645,0.131335,10252,1053632,0.121104,18940,2196277,0.252439,8700223
1,2021-03-22,59400,3223357,30676,1568164,25417,1570233,3307,84960,39929,1167011,0.134136,19236,1072868,0.123315,43602,2239879,0.257451,8700223
1,2021-03-23,83638,3306995,42595,1610759,37408,1607641,3635,88595,51265,1190256,0.136808,32106,1104974,0.127005,55351,2295230,0.263813,8700223
1,2021-03-24,88587,3395582,44822,1655581,39391,1647032,4374,92969,52758,1212021,0.139309,35521,1140495,0.131088,57286,2352516,0.270397,8700223
1,2021-03-25,97472,3493054,49883,1705464,41738,1688770,5851,98820,53946,1228841,0.141242,43181,1183676,0.136051,60001,2412517,0.277294,8700223
1,2021-03-26,105665,3598719,51267,1756731,48068,1736838,6330,105150,56591,1243361,0.142911,48690,1232366,0.141648,63210,2475727,0.284559,8700223
1,2021-03-27,74467,3673186,38521,1795252,31732,1768570,4214,109364,38202,1249944,0.143668,36026,1268392,0.145788,42609,2518336,0.289456,8700223
1,2021-03-28,32869,3706055,21508,1816760,10133,1778703,1228,110592,16442,1251751,0.143876,16313,1284705,0.147663,18120,2536456,0.291539,8700223
1,2021-03-29,68774,3774829,33878,1850638,31726,1810429,3170,113762,37906,1262406,0.1451,30629,1315334,0.151184,41284,2577740,0.296284,8700223
1,2021-03-30,93571,3868400,45726,1896364,41431,1851860,6414,120176,48076,1271709,0.14617,45256,1360590,0.156386,54559,2632299,0.302555,8700223
1,2021-03-31,102166,3970566,53157,1949521,42757,1894617,6252,126428,55931,1288049,0.148048,45887,1406477,0.16166,62227,2694526,0.309708,8700223
1,2021-04-01,113815,4084381,54368,2003889,50615,1945232,8832,135260,57777,1299139,0.149322,55549,1462026,0.168045,66639,2761165,0.317367,8700223
1,2021-04-02,112987,4197368,51451,2055340,51783,1997015,9753,145013,57348,1311249,0.150714,55185,1517211,0.174388,67295,2828460,0.325102,8700223
1,2021-04-03,78840,4276208,39643,2094983,29487,2026502,9710,154723,37018,1316400,0.151306,41621,1558832,0.179171,46772,2875232,0.330478,8700223
1,2021-04-04,23822,4300030,11848,2106831,8495,2034997,3479,158202,9939,1315997,0.15126,13808,1572640,0.180759,13405,2888637,0.332019,8700223
1,2021-04-05,77785,4377815,37059,2143890,31320,2066317,9406,167608,35033,1318051,0.151496,42524,1615164,0.185646,44578,2933215,0.337143,8700223
1,2021-04-06,105005,4482820,49750,2193640,38544,2104861,16711,184319,47534,1325145,0.152312,57146,1672310,0.192215,64240,2997455,0.344526,8700223
1,2021-04-07,113073,4595893,54826,2248466,40556,2145417,17691,202010,51001,1332082,0.153109,61742,1734052,0.199311,68679,3066134,0.35242,8700223
1,2021-04-08,123410,4719303,58407,2306873,43865,2189282,21138,223148,54585,1339443,0.153955,68379,1802431,0.207171,75740,3141874,0.361126,8700223
1,2021-04-09,124553,4843856,56784,2363657,46840,2236122,20929,244077,54700,1345606,0.154663,69473,1871904,0.215156,75636,3217510,0.369819,8700223
1,2021-04-10,97467,4941323,43455,2407112,30950,2267072,23062,267139,38581,1348511,0.154997,58653,1930557,0.221897,61558,3279068,0.376895,8700223
1,2021-04-11,36779,4978102,20419,2427531,9460,2276532,6900,274039,14868,1348531,0.155,21838,1952395,0.224407,21858,3300926,0.379407,8700223
1,2021-04-12,75105,5053207,33522,2461053,31519,2308051,10064,284103,31886,1347696,0.154904,42913,1995308,0.22934,42078,3343004,0.384243,8700223
1,2021-04-13,98416,5151623,52587,2513640,45486,2353537,343,284446,53154,1356596,0.155927,44944,2040252,0.234506,53844,3396848,0.390432,8700223
1,2021-04-14,105334,5256957,54532,2568172,50723,2404260,79,284525,53481,1359074,0.156211,51453,2091705,0.24042,53931,3450779,0.396631,8700223
1,2021-04-15,106086,5363043,57583,2625755,48410,2452670,93,284618,56182,1366231,0.157034,49294,2140999,0.246086,56451,3507230,0.40312,8700223
1,2021-04-16,111151,5474194,56862,2682617,54199,2506869,90,284708,55465,1366847,0.157105,55129,2196128,0.252422,55745,3562975,0.409527,8700223
1,2021-04-17,83586,5557780,45380,2727997,38194,2545063,12,284720,46574,1376845,0.158254,36752,2232880,0.256646,46750,3609725,0.4149,8700223
1,2021-04-18,30590,5588370,20706,2748703,9877,2554940,7,284727,15322,1377210,0.158296,15172,2248052,0.25839,15537,3625262,0.416686,8700223
1,2021-04-19,67311,5655681,34060,2782763,33238,2588178,13,284740,30321,1371067,0.15759,36607,2284659,0.262598,30464,3655726,0.420188,8700223
1,2021-04-20,88589,5744270,44571,2827334,43994,2632172,24,284764,41300,1365682,0.156971,46910,2331569,0.26799,41525,3697251,0.42496,8700223
1,2021-04-21,98066,5842336,51150,2878484,46812,2678984,104,284868,43760,1356080,0.155867,53708,2385277,0.274163,44106,3741357,0.43003,8700223
1,2021-04-22,97939,5940275,51208,2929692,46712,2725696,19,284887,44805,1348530,0.154999,52594,2437871,0.280208,45044,3786401,0.435207,8700223
1,2021-04-23,102913,6043188,53154,2982846,49731,2775427,28,284915,48840,1344112,0.154492,53525,2491396,0.28636,49107,3835508,0.440852,8700223
1,2021-04-24,76604,6119792,47508,3030354,29069,2804496,27,284942,43099,1354158,0.155646,33341,2524737,0.290192,43387,3878895,0.445839,8700223
1,2021-04-25,27418,6147210,17455,3047809,9949,2814445,14,284956,15627,1358278,0.15612,11664,2536401,0.291533,15784,3894679,0.447653,8700223
1,2021-04-26,66624,6213834,34967,3082776,31250,2845695,407,285363,31421,1355565,0.155808,34877,2571278,0.295542,32164,3926843,0.45135,8700223
1,2021-04-27,81967,6295801,43574,3126350,37087,2882782,1306,286669,35351,1346259,0.154738,46302,2617580,0.300864,36996,3963839,0.455602,8700223
1,2021-04-28,81779,6377580,43510,3169860,36751,2919533,1518,288187,35715,1338025,0.153792,45689,2663269,0.306115,37455,4001294,0.459907,8700223
1,2021-04-29,85220,6462800,46888,3216748,36700,2956233,1632,289819,34660,1324316,0.152216,50166,2713435,0.311881,36457,4037751,0.464097,8700223
1,2021-04-30,92867,6555667,50279,3267027,40695,2996928,1893,291712,38581,1311027,0.150689,53922,2767357,0.318079,40633,4078384,0.468768,8700223
1,2021-05-01,64045,6619712,41289,3308316,21321,3018249,1435,293147,26957,1302823,0.149746,36810,2804167,0.32231,28606,4106990,0.472056,8700223
1,2021-05-02,23546,6643258,16678,3324994,6287,3024536,581,293728,9473,1298944,0.1493,13960,2818127,0.323914,10081,4117071,0.473214,8700223
1,2021-05-03,56519,6699777,31341,3356335,23325,3047861,1853,295581,20456,1285514,0.147756,35790,2853917,0.328028,22360,4139431,0.475784,8700223
1,2021-05-04,76108,6775885,43852,3400187,30153,3078014,2103,297684,27224,1266356,0.145554,48561,2902478,0.33361,29403,4168834,0.479164,8700223
1,2021-05-05,78524,6854409,45516,3445703,30702,3108716,2306,299990,26577,1243746,0.142956,51573,2954051,0.339537,28963,4197797,0.482493,8700223
1,2021-05-06,80036,6934445,48597,3494300,29252,3137968,2187,302177,24956,1216378,0.13981,54664,3008715,0.34582,27296,4225093,0.48563,8700223
1,2021-05-07,83620,7018065,47577,3541877,33846,3171814,2197,304374,27902,1191303,0.136928,55237,3063952,0.352169,30162,4255255,0.489097,8700223
1,2021-05-08,57518,7075583,36092,3577969,19773,3191587,1653,306027,19532,1174939,0.135047,37633,3101585,0.356495,21269,4276524,0.491542,8700223
1,2021-05-09,18368,7093951,13178,3591147,4711,3196298,479,306506,5568,1168304,0.134284,12716,3114301,0.357956,6081,4282605,0.492241,8700223
1,2021-05-10,44368,7138319,22442,3613589,20093,3216391,1833,308339,14824,1155805,0.132848,29245,3143546,0.361318,16746,4299351,0.494166,8700223
1,2021-05-11,62942,7201261,34228,3647817,26550,3242941,2164,310503,20675,1136791,0.130662,41961,3185507,0.366141,22947,4322298,0.496803,8700223
1,2021-05-12,63074,7264335,33522,3681339,27484,3270425,2068,312571,20714,1117620,0.128459,42016,3227523,0.37097,22845,4345143,0.499429,8700223
1,2021-05-13,67322,7331657,39499,3720838,25831,3296256,1992,314563,25624,1104224,0.126919,41294,3268817,0.375716,27898,4373041,0.502636,8700223
1,2021-05-14,76914,7408571,46378,3767216,28129,3324385,2407,316970,31046,1092512,0.125573,45441,3314258,0.380939,33729,4406770,0.506512,8700223
1,2021-05-15,66887,7475458,43925,3811141,21193,3345578,1769,318739,26626,1081055,0.124256,39920,3354178,0.385528,28463,4435233,0.509784,8700223
1,2021-05-16,25129,7500587,18527,3829668,5981,3351559,621,319360,10242,1077202,0.123813,14762,3368940,0.387225,10909,4446142,0.511038,8700223
1,2021-05-17,54474,7555061,33293,3862961,19398,3370957,1783,321143,23083,1071013,0.123102,31111,3400051,0.3908,24922,4471064,0.513902,8700223
1,2021-05-18,65302,7620363,39351,3902312,24109,3395066,1842,322985,28316,1064566,0.122361,36693,3436744,0.395018,30246,4501310,0.517379,8700223
1,2021-05-19,66691,7687054,40617,3942929,24133,3419199,1941,324926,29832,1059861,0.12182,36553,3473297,0.399219,31848,4533158,0.521039,8700223
1,2021-05-20,64995,7752049,37717,3980646,25044,3444243,2234,327160,26730,1051120,0.120815,37903,3511200,0.403576,29162,4562320,0.524391,8700223
1,2021-05-21,70653,7822702,42259,4022905,26516,3470759,1878,329038,29125,1041110,0.119665,41105,3552305,0.4083,31095,4593415,0.527965,8700223
1,2021-05-22,56547,7879249,37203,4060108,17612,3488371,1732,330770,24583,1035841,0.119059,31676,3583981,0.411941,26407,4619822,0.531,8700223
1,2021-05-23,20538,7899787,14366,4074474,5585,3493956,587,331357,9514,1035053,0.118969,10914,3594895,0.413196,10126,4629948,0.532164,8700223
1,2021-05-24,44295,7944082,24720,4099194,17726,3511682,1849,333206,17932,1028818,0.118252,26095,3620990,0.416195,19860,4649808,0.534447,8700223
1,2021-05-25,51384,7995466,29601,4128795,20070,3531752,1713,334919,21323,1022191,0.11749,29758,3650748,0.419615,23131,4672939,0.537106,8700223
1,2021-05-26,48813,8044279,27673,4156468,19231,3550983,1909,336828,20696,1017043,0.116898,27792,3678540,0.42281,22644,4695583,0.539708,8700223
1,2021-05-27,47267,8091546,26524,4182992,18824,3569807,1919,338747,20261,1012634,0.116392,26702,3705242,0.425879,22293,4717876,0.542271,8700223
1,2021-05-28,52995,8144541,29608,4212600,21543,3591350,1844,340591,23727,1009415,0.116022,28913,3734155,0.429202,25694,4743570,0.545224,8700223
1,2021-05-29,30785,8175326,18640,4231240,11177,3602527,968,341559,14628,1009070,0.115982,15996,3750151,0.431041,15651,4759221,0.547023,8700223
1,2021-05-30,11733,8187059,7585,4238825,3588,3606115,560,342119,5533,1009064,0.115981,6124,3756275,0.431745,6118,4765339,0.547726,8700223
1,2021-05-31,5811,8192870,3307,4242132,2244,3608359,260,342379,2032,1007653,0.115819,3714,3759989,0.432172,2303,4767642,0.547991,8700223
1,2021-06-01,46237,8239107,26163,4268295,18487,3626846,1587,343966,17497,998432,0.114759,28368,3788357,0.435432,19147,4786789,0.550192,8700223
1,2021-06-02,40211,8279318,23338,4291633,15356,3642202,1517,345483,16201,992531,0.114081,23699,3812056,0.438156,17798,4804587,0.552237,8700223
1,2021-06-03,41732,8321050,26146,4317779,13860,3656062,1726,347209,15924,984761,0.113188,25494,3837550,0.441086,17724,4822311,0.554274,8700223
1,2021-06-04,50425,8371475,32261,4350040,16345,3672407,1819,349028,18029,972669,0.111798,32017,3869567,0.444766,19925,4842236,0.556565,8700223
1,2021-06-05,40543,8412018,27663,4377703,10867,3683274,2013,351041,14215,962843,0.110669,26105,3895672,0.447767,16279,4858515,0.558436,8700223
1,2021-06-06,13261,8425279,10618,4388321,2128,3685402,515,351556,4574,959393,0.110272,8601,3904273,0.448756,5151,4863666,0.559028,8700223
1,2021-06-07,34094,8459373,23495,4411816,9229,3694631,1370,352926,12087,951116,0.109321,21786,3926059,0.45126,13509,4877175,0.56058,8700223
1,2021-06-08,42363,8501736,29310,4441126,11391,3706022,1662,354588,14731,940252,0.108072,27347,3953406,0.454403,16483,4893658,0.562475,8700223
1,2021-06-09,42306,8544042,29335,4470461,11323,3717345,1648,356236,13770,927508,0.106607,28216,3981622,0.457646,15472,4909130,0.564253,8700223
1,2021-06-10,39279,8583321,26446,4496907,11121,3728466,1712,357948,13390,917084,0.105409,25627,4007249,0.460592,15203,4924333,0.566001,8700223
1,2021-06-11,44330,8627651,29407,4526314,13225,3741691,1698,359646,15755,906361,0.104177,28255,4035504,0.463839,17532,4941865,0.568016,8700223
1,2021-06-12,33970,8661621,24568,4550882,8182,3749873,1220,360866,11136,896169,0.103005,22614,4058118,0.466438,12422,4954287,0.569444,8700223
1,2021-06-13,11660,8673281,8478,4559360,2700,3752573,482,361348,3395,891888,0.102513,8191,4066309,0.46738,3910,4958197,0.569893,8700223
1,2021-06-14,31086,8704367,20926,4580286,8836,3761409,1324,362672,11572,885509,0.10178,19303,4085612,0.469599,12924,4971121,0.571379,8700223
1,2021-06-15,37655,8742022,24694,4604980,11094,3772503,1867,364539,13985,878078,0.100926,23371,4108983,0.472285,15940,4987061,0.573211,8700223
1,2021-06-16,35711,8777733,24131,4629111,9735,3782238,1845,366384,13424,871393,0.100158,22009,4130992,0.474814,15324,5002385,0.574972,8700223
1,2021-06-17,33932,8811665,22443,4651554,9522,3791760,1967,368351,13275,866322,0.099575,20397,4151389,0.477159,15326,5017711,0.576734,8700223
1,2021-06-18,39872,8851537,25905,4677459,11099,3802859,2868,371219,15456,860577,0.098914,24121,4175510,0.479931,18376,5036087,0.578846,8700223
1,2021-06-19,24111,8875648,16731,4694190,6178,3809037,1202,372421,9805,857493,0.09856,14129,4189639,0.481555,11045,5047132,0.580115,8700223
1,2021-06-20,8171,8883819,5986,4700176,1908,3810945,277,372698,3241,856165,0.098407,4857,4194496,0.482114,3529,5050661,0.580521,8700223
1,2021-06-21,21062,8904881,11917,4712093,6947,3817892,2198,374896,10964,859395,0.098779,9980,4204476,0.483261,13210,5063871,0.582039,8700223
1,2021-06-22,30967,8935848,20215,4732308,8594,3826486,2158,377054,12966,856801,0.09848,17780,4222256,0.485304,15186,5079057,0.583785,8700223
1,2021-06-23,29527,8965375,19832,4752140,7870,3834356,1825,378879,12871,855089,0.098284,16432,4238688,0.487193,14720,5093777,0.585477,8700223
1,2021-06-24,28529,8993904,18994,4771134,7853,3842209,1682,380561,12089,852698,0.098009,16230,4254918,0.489058,13839,5107616,0.587067,8700223
1,2021-06-25,31914,9025818,21595,4792729,8903,3851112,1416,381977,14017,850537,0.09776,17650,4272568,0.491087,15489,5123105,0.588848,8700223
1,2021-06-26,22570,9048388,16766,4809495,4963,3856075,841,382818,9856,848697,0.097549,12586,4285154,0.492534,10746,5133851,0.590083,8700223
1,2021-06-27,9211,9057599,6861,4816356,1915,3857990,435,383253,4076,848159,0.097487,5064,4290218,0.493116,4526,5138377,0.590603,8700223
1,2021-06-28,21321,9078920,15842,4832198,4221,3862211,1258,384511,9875,848094,0.09748,11245,4301463,0.494408,11180,5149557,0.591888,8700223
1,2021-06-29,27035,9105955,18498,4850696,7142,3869353,1395,385906,11915,846533,0.0973,14928,4316391,0.496124,13367,5162924,0.593424,8700223
1,2021-06-30,26278,9132233,18182,4868878,7033,3876386,1063,386969,12483,846582,0.097306,13569,4329960,0.497684,13618,5176542,0.59499,8700223
1,2021-07-01,24124,9156357,16761,4885639,6057,3882443,1306,388275,11163,846331,0.097277,12795,4342755,0.499154,12544,5189086,0.596431,8700223
1,2021-07-02,26807,9183164,18413,4904052,7344,3889787,1050,389325,12524,845905,0.097228,14081,4356836,0.500773,13655,5202741,0.598001,8700223
1,2021-07-03,14887,9198051,10394,4914446,4039,3893826,454,389779,7086,845815,0.097218,7664,4364500,0.501654,7574,5210315,0.598871,8700223
1,2021-07-04,1291,9199342,727,4915173,497,3894323,67,389846,624,845855,0.097222,656,4365156,0.501729,696,5211011,0.598951,8700223
1,2021-07-05,11159,9210501,7727,4922900,3068,3897391,364,390210,5295,845768,0.097212,5795,4370951,0.502395,5708,5216719,0.599608,8700223
1,2021-07-06,27546,9238047,19466,4942366,6930,3904321,1150,391360,10996,841651,0.096739,16364,4387315,0.504276,12247,5228966,0.601015,8700223
1,2021-07-07,24067,9262114,16834,4959200,6066,3910387,1167,392527,10358,839741,0.096519,13519,4400834,0.50583,11609,5240575,0.60235,8700223
1,2021-07-08,23026,9285140,15916,4975116,6013,3916400,1097,393624,9940,837918,0.09631,12948,4413782,0.507318,11125,5251700,0.603628,8700223
1,2021-07-09,27227,9312367,19254,4994370,6801,3923201,1172,394796,12255,836608,0.096159,14792,4428574,0.509018,13482,5265182,0.605178,8700223
1,2021-07-10,17986,9330353,12982,5007352,4232,3927433,772,395568,7998,835564,0.096039,9861,4438435,0.510152,8817,5273999,0.606191,8700223
1,2021-07-11,6803,9337156,4979,5012331,1619,3929052,205,395773,3282,835601,0.096044,3468,4441903,0.51055,3505,5277504,0.606594,8700223
1,2021-07-12,20335,9357491,14609,5026940,4829,3933881,897,396670,9006,834410,0.095907,11186,4453089,0.511836,9995,5287499,0.607743,8700223
1,2021-07-13,22506,9379997,15710,5042650,5978,3939859,818,397488,10518,833995,0.095859,11838,4464927,0.513197,11423,5298922,0.609056,8700223
1,2021-07-14,22525,9402522,15470,5058120,6066,3945925,989,398477,10125,832977,0.095742,12243,4477170,0.514604,11225,5310147,0.610346,8700223
1,2021-07-15,21943,9424465,15552,5073672,5657,3951582,734,399211,10601,833223,0.09577,11194,4488364,0.515891,11440,5321587,0.611661,8700223
1,2021-07-16,27000,9451465,18878,5092550,7117,3958699,1005,400216,13360,834201,0.095883,13472,4501836,0.517439,14450,5336037,0.613322,8700223
1,2021-07-17,18748,9470213,13541,5106091,4502,3963201,705,400921,9211,834749,0.095946,9404,4511240,0.51852,9952,5345989,0.614466,8700223
1,2021-07-18,7496,9477709,5532,5111623,1678,3964879,286,401207,3838,835291,0.096008,3598,4514838,0.518934,4140,5350129,0.614942,8700223
1,2021-07-19,20934,9498643,15165,5126788,4936,3969815,833,402040,10494,836409,0.096137,10304,4525142,0.520118,11422,5361551,0.616254,8700223
1,2021-07-20,24997,9523640,17288,5144076,6821,3976636,888,402928,12841,838258,0.096349,11971,4537113,0.521494,13820,5375371,0.617843,8700223
1,2021-07-21,25372,9549012,17823,5161899,6338,3982974,1211,404139,12973,840322,0.096586,12237,4549350,0.5229,14301,5389672,0.619487,8700223
1,2021-07-22,24467,9573479,17296,5179195,6327,3989301,844,404983,13341,843654,0.096969,10944,4560294,0.524158,14276,5403948,0.621128,8700223
1,2021-07-23,29126,9602605,20582,5199777,7521,3996822,1023,406006,16240,848298,0.097503,12684,4572978,0.525616,17328,5421276,0.623119,8700223
1,2021-07-24,18196,9620801,12837,5212614,4791,4001613,568,406574,10712,852239,0.097956,7365,4580343,0.526463,11306,5432582,0.624419,8700223
1,2021-07-25,7498,9628299,5391,5218005,1990,4003603,117,406691,5594,856104,0.0984,1867,4582210,0.526677,5732,5438314,0.625078,8700223
1,2021-07-26,21450,9649749,14838,5232843,5849,4009452,763,407454,13869,863346,0.099233,7461,4589671,0.527535,14703,5453017,0.626767,8700223
1,2021-07-27,27101,9676850,19345,5252188,6815,4016267,941,408395,15974,869357,0.099924,10959,4600630,0.528794,16970,5469987,0.628718,8700223
1,2021-07-28,28119,9704969,19952,5272140,7294,4023561,873,409268,17263,876896,0.10079,10667,4611297,0.530021,18206,5488193,0.630811,8700223
1,2021-07-29,26759,9731728,18992,5291132,6973,4030534,794,410062,16746,884660,0.101682,9838,4621135,0.531151,17602,5505795,0.632834,8700223
1,2021-07-30,31249,9762977,22356,5313488,7989,4038523,904,410966,19128,892821,0.10262,11908,4633043,0.53252,20069,5525864,0.635141,8700223
1,2021-07-31,20006,9782983,14521,5328009,4944,4043467,541,411507,12462,898462,0.103269,7386,4640429,0.533369,13027,5538891,0.636638,8700223
1,2021-08-01,8885,9791868,6697,5334706,2061,4045528,127,411634,6096,901972,0.103672,2742,4643171,0.533684,6252,5545143,0.637356,8700223
1,2021-08-02,24898,9816766,18535,5353241,5657,4051185,706,412340,16212,910408,0.104642,8531,4651702,0.534665,16967,5562110,0.639307,8700223
1,2021-08-03,28588,9845354,20675,5373916,7000,4058185,913,413253,17913,918785,0.105605,10486,4662188,0.53587,18863,5580973,0.641475,8700223
1,2021-08-04,27633,9872987,20072,5393988,6681,4064866,880,414133,17562,927407,0.106596,9865,4672053,0.537004,18487,5599460,0.6436,8700223
1,2021-08-05,27312,9900299,20010,5413998,6403,4071269,899,415032,17221,935659,0.107544,9891,4681944,0.538141,18143,5617603,0.645685,8700223
1,2021-08-06,33759,9934058,24853,5438851,7931,4079200,975,416007,21058,945268,0.108649,12470,4694414,0.539574,22079,5639682,0.648223,8700223
1,2021-08-07,21726,9955784,16288,5455139,4869,4084069,569,416576,13550,951357,0.109349,8043,4702457,0.540498,14132,5653814,0.649847,8700223
1,2021-08-08,10515,9966299,7679,5462818,2636,4086705,200,416776,6842,954807,0.109745,3601,4706058,0.540912,7051,5660865,0.650657,8700223
1,2021-08-09,27824,9994123,20847,5483665,6171,4092876,806,417582,17211,962439,0.110622,10419,4716477,0.54211,18051,5678916,0.652732,8700223
1,2021-08-10,29231,10023354,21492,5505157,6872,4099748,867,418449,17427,969190,0.111398,11596,4728073,0.543443,18347,5697263,0.654841,8700223
1,2021-08-11,26872,10050226,19788,5524945,6173,4105921,911,419360,15845,975155,0.112084,10818,4738891,0.544686,16783,5714046,0.65677,8700223
1,2021-08-12,28516,10078742,20506,5545451,6978,4112899,1032,420392,17038,982055,0.112877,11191,4750082,0.545972,18091,5732137,0.658849,8700223
1,2021-08-13,35750,10114492,26005,5571456,8710,4121609,1035,421427,20833,989354,0.113716,14615,4764697,0.547652,21914,5754051,0.661368,8700223
1,2021-08-14,23673,10138165,17983,5589439,5146,4126755,544,421971,13575,993842,0.114232,9649,4774346,0.548761,14137,5768188,0.662993,8700223
1,2021-08-15,10459,10148624,7706,5597145,2606,4129361,147,422118,6042,995937,0.114473,4115,4778461,0.549234,6210,5774398,0.663707,8700223
1,2021-08-16,28669,10177293,20334,5617479,7555,4136916,780,422898,15869,1000668,0.115016,11946,4790407,0.550607,16677,5791075,0.665624,8700223
1,2021-08-17,31172,10208465,22122,5639601,8161,4145077,889,423787,16429,1004199,0.115422,13826,4804233,0.552197,17357,5808432,0.667619,8700223
1,2021-08-18,30950,10239415,22219,5661820,7873,4152950,858,424645,15747,1006815,0.115723,14035,4818268,0.55381,16651,5825083,0.669533,8700223
1,2021-08-19,29884,10269299,21364,5683184,7570,4160520,950,425595,15243,1009604,0.116043,13441,4831709,0.555355,16230,5841313,0.671398,8700223
1,2021-08-20,35912,10305211,26191,5709375,8851,4169371,870,426465,18162,1012384,0.116363,16285,4847994,0.557226,19065,5860378,0.673589,8700223
1,2021-08-21,14052,10319263,10267,5719642,3280,4172651,505,426970,6411,1012205,0.116342,7099,4855093,0.558042,6920,5867298,0.674385,8700223
2,2020-12-15,262,262,262,262,0,0,0,0,262,262,3.1e-05,0,0,0.0,262,262,3.1e-05,8407551
2,2020-12-16,2265,2527,2265,2527,0,0,0,0,2265,2527,0.000301,0,0,0.0,2265,2527,0.000301,8407551
2,2020-12-17,6991,9518,6991,9518,0,0,0,0,6989,9516,0.001132,0,0,0.0,6989,9516,0.001132,8407551
2,2020-12-18,11172,20690,11151,20669,21,21,0,0,11175,20691,0.002461,0,0,0.0,11175,20691,0.002461,8407551
2,2020-12-19,5642,26332,5635,26304,7,28,0,0,5643,26334,0.003132,0,0,0.0,5643,26334,0.003132,8407551
2,2020-12-20,4262,30594,4248,30552,14,42,0,0,4257,30590,0.003638,1,1,0.0,4257,30591,0.003639,8407551
2,2020-12-21,12886,43480,12856,43408,30,72,0,0,12842,43432,0.005166,0,1,0.0,12842,43433,0.005166,8407551
2,2020-12-22,12257,55737,11730,55138,527,599,0,0,12256,55688,0.006624,0,1,0.0,12256,55689,0.006624,8407551
2,2020-12-23,11820,67557,9571,64709,2249,2848,0,0,11821,67508,0.008029,2,3,0.0,11822,67511,0.00803,8407551
2,2020-12-24,5932,73489,3508,68217,2424,5272,0,0,5928,73435,0.008734,3,6,1e-06,5930,73441,0.008735,8407551
2,2020-12-25,502,73991,418,68635,84,5356,0,0,505,73940,0.008794,0,6,1e-06,505,73946,0.008795,8407551
2,2020-12-26,2587,76578,1672,70307,915,6271,0,0,2588,76527,0.009102,1,7,1e-06,2588,76534,0.009103,8407551
2,2020-12-27,2247,78825,1221,71528,1026,7297,0,0,2244,78769,0.009369,2,9,1e-06,2244,78778,0.00937,8407551
2,2020-12-28,11160,89985,7244,78772,3916,11213,0,0,11160,89926,0.010696,3,12,1e-06,11160,89938,0.010697,8407551
2,2020-12-29,12993,102978,7312,86084,5681,16894,0,0,12999,102925,0.012242,0,12,1e-06,12999,102937,0.012243,8407551
2,2020-12-30,15754,118732,8848,94932,6906,23800,0,0,15749,118671,0.014115,5,17,2e-06,15751,118688,0.014117,8407551
2,2020-12-31,7635,126367,2846,97778,4789,28589,0,0,7627,126293,0.015021,5,22,3e-06,7627,126315,0.015024,8407551
2,2021-01-01,1422,127789,685,98463,737,29326,0,0,1418,127707,0.01519,4,26,3e-06,1418,127733,0.015193,8407551
2,2021-01-02,4892,132681,2787,101250,2105,31431,0,0,4888,132593,0.015771,2,28,3e-06,4888,132621,0.015774,8407551
2,2021-01-03,1431,134112,809,102059,622,32053,0,0,1423,134012,0.015939,4,32,4e-06,1423,134044,0.015943,8407551
2,2021-01-04,11814,145926,5628,107687,6186,38239,0,0,11801,145809,0.017343,4,36,4e-06,11801,145845,0.017347,8407551
2,2021-01-05,14035,159961,7036,114723,6999,45238,0,0,12789,157393,0.01872,1240,1276,0.000152,12824,158669,0.018872,8407551
2,2021-01-06,19256,179217,10651,125374,8605,53843,0,0,15299,168809,0.020078,3896,5172,0.000615,15312,173981,0.020693,8407551
2,2021-01-07,23469,202686,13227,138601,10242,64085,0,0,15735,176824,0.021032,7738,12910,0.001536,15753,189734,0.022567,8407551
2,2021-01-08,27118,229804,16354,154955,10764,74849,0,0,16683,183162,0.021785,10376,23286,0.00277,16714,206448,0.024555,8407551
2,2021-01-09,9909,239713,5798,160753,4111,78960,0,0,6317,185902,0.022111,3588,26874,0.003196,6328,212776,0.025308,8407551
2,2021-01-10,5368,245081,2990,163743,2378,81338,0,0,3094,186730,0.02221,2272,29146,0.003467,3100,215876,0.025676,8407551
2,2021-01-11,26216,271297,18129,181872,8087,89425,0,0,15028,190627,0.022673,11185,40331,0.004797,15082,230958,0.02747,8407551
2,2021-01-12,26582,297879,16519,198391,10063,99488,0,0,16861,197859,0.023533,9723,50054,0.005953,16955,247913,0.029487,8407551
2,2021-01-13,28778,326657,15275,213666,13503,112991,0,0,20709,210559,0.025044,8050,58104,0.006911,20750,268663,0.031955,8407551
2,2021-01-14,30759,357416,11777,225443,18982,131973,0,0,26424,232726,0.027681,4339,62443,0.007427,26506,295169,0.035108,8407551
2,2021-01-15,35283,392699,12780,238223,22503,154476,0,0,31949,261444,0.031096,3325,65768,0.007822,32043,327212,0.038919,8407551
2,2021-01-16,18404,411103,6153,244376,12251,166727,0,0,16979,276993,0.032946,1440,67208,0.007994,16989,344201,0.04094,8407551
2,2021-01-17,10611,421714,3583,247959,7028,173755,0,0,9857,286092,0.034028,769,67977,0.008085,9868,354069,0.042113,8407551
2,2021-01-18,19892,441606,11127,259086,8765,182520,0,0,14998,296245,0.035236,4911,72888,0.008669,15064,369133,0.043905,8407551
2,2021-01-19,32911,474517,17119,276205,15792,198312,0,0,24693,312838,0.037209,8216,81104,0.009647,24809,393942,0.046856,8407551
2,2021-01-20,37817,512334,19058,295263,18759,217071,0,0,29098,333340,0.039648,8691,89795,0.01068,29193,423135,0.050328,8407551
2,2021-01-21,41338,553672,17593,312856,23745,240816,0,0,36726,365679,0.043494,4578,94373,0.011225,36917,460052,0.054719,8407551
2,2021-01-22,39840,593512,16646,329502,23194,264010,0,0,36429,398705,0.047422,3431,97804,0.011633,36457,496509,0.059055,8407551
2,2021-01-23,24332,617844,10828,340330,13504,277514,0,0,21332,417092,0.049609,2977,100781,0.011987,21364,517873,0.061596,8407551
2,2021-01-24,12516,630360,6129,346459,6387,283901,0,0,11583,427777,0.05088,917,101698,0.012096,11602,529475,0.062976,8407551
2,2021-01-25,34181,664541,15718,362177,18463,302364,0,0,25228,444255,0.05284,8900,110598,0.013155,25378,554853,0.065995,8407551
2,2021-01-26,40646,705187,19884,382061,20762,323126,0,0,31286,466301,0.055462,9331,119929,0.014264,31377,586230,0.069727,8407551
2,2021-01-27,45967,751154,22780,404841,23187,346313,0,0,35475,491475,0.058456,10368,130297,0.015498,35542,621772,0.073954,8407551
2,2021-01-28,48382,799536,22578,427419,25804,372117,0,0,39514,522272,0.062119,8798,139095,0.016544,39595,661367,0.078663,8407551
2,2021-01-29,46004,845540,22130,449549,23874,395991,0,0,37097,550670,0.065497,8779,147874,0.017588,37177,698544,0.083085,8407551
2,2021-01-30,31534,877074,13360,462909,18174,414165,0,0,28087,575395,0.068438,3406,151280,0.017993,28131,726675,0.086431,8407551
2,2021-01-31,17322,894396,10232,473141,7090,421255,0,0,16090,590299,0.070211,1210,152490,0.018137,16114,742789,0.088348,8407551
2,2021-02-01,41624,936020,19934,493075,21690,442945,0,0,30352,609489,0.072493,11209,163699,0.01947,30399,773188,0.091964,8407551
2,2021-02-02,48260,984280,19626,512701,28634,471579,0,0,36581,634591,0.075479,11580,175279,0.020848,36682,809870,0.096327,8407551
2,2021-02-03,54360,1038640,23906,536607,30454,502033,0,0,39978,660393,0.078548,14278,189557,0.022546,40080,849950,0.101094,8407551
2,2021-02-04,56569,1095209,24272,560879,32297,534330,0,0,41115,686270,0.081625,15343,204900,0.024371,41220,891170,0.105996,8407551
2,2021-02-05,60643,1155852,26341,587220,34302,568632,0,0,40912,707869,0.084194,19512,224412,0.026692,41111,932281,0.110886,8407551
2,2021-02-06,39627,1195479,18435,605655,21192,589824,0,0,31504,731440,0.086998,8043,232455,0.027648,31614,963895,0.114646,8407551
2,2021-02-07,15784,1211263,10448,616103,5336,595160,0,0,11950,739663,0.087976,3800,236255,0.0281,12023,975918,0.116076,8407551
2,2021-02-08,43309,1254572,21944,638047,21365,616525,0,0,29611,755945,0.089913,13546,249801,0.029712,29828,1005746,0.119624,8407551
2,2021-02-09,49846,1304418,23529,661576,26317,642842,0,0,30744,768259,0.091377,18795,268596,0.031947,31109,1036855,0.123324,8407551
2,2021-02-10,59868,1364286,27998,689574,31870,674712,0,0,34502,778068,0.092544,25069,293665,0.034929,34878,1071733,0.127473,8407551
2,2021-02-11,64613,1428899,29690,719264,34923,709635,0,0,35921,786202,0.093511,28311,321976,0.038296,36445,1108178,0.131807,8407551
2,2021-02-12,66310,1495209,28598,747862,37712,747347,0,0,35392,791672,0.094162,30598,352574,0.041935,36068,1144246,0.136097,8407551
2,2021-02-13,38304,1533513,15948,763810,22356,769703,0,0,22052,797963,0.09491,16144,368718,0.043856,22435,1166681,0.138766,8407551
2,2021-02-14,20215,1553728,9411,773221,10804,780507,0,0,11213,800606,0.095225,8944,377662,0.044919,11587,1178268,0.140144,8407551
2,2021-02-15,33478,1587206,15053,788274,18425,798932,0,0,18520,805184,0.095769,14812,392474,0.046681,19390,1197658,0.14245,8407551
2,2021-02-16,56692,1643898,27767,816041,28925,827857,0,0,29778,808864,0.096207,26789,419263,0.049867,30469,1228127,0.146074,8407551
2,2021-02-17,62089,1705987,31923,847964,30166,858023,0,0,30751,809205,0.096247,31233,450496,0.053582,31574,1259701,0.14983,8407551
2,2021-02-18,66727,1772714,33628,881592,33099,891122,0,0,32417,808745,0.096193,34033,484529,0.05763,33573,1293274,0.153823,8407551
2,2021-02-19,60095,1832809,33222,914814,26873,917995,0,0,29769,808990,0.096222,30117,514646,0.061212,30362,1323636,0.157434,8407551
2,2021-02-20,38035,1870844,24648,939462,13387,931382,0,0,20610,812991,0.096698,17311,531957,0.063271,21312,1344948,0.159969,8407551
2,2021-02-21,21920,1892764,17708,957170,4212,935594,0,0,10806,813631,0.096774,11004,542961,0.06458,11644,1356592,0.161354,8407551
2,2021-02-22,39835,1932599,27216,984386,12619,948213,0,0,18863,812399,0.096627,20806,563767,0.067055,19574,1376166,0.163682,8407551
2,2021-02-23,54219,1986818,27665,1012051,26554,974767,0,0,23759,807895,0.096092,30179,593946,0.070644,25675,1401841,0.166736,8407551
2,2021-02-24,71618,2058436,36839,1048890,34779,1009546,0,0,32772,804466,0.095684,38612,632558,0.075237,35183,1437024,0.170921,8407551
2,2021-02-25,77648,2136084,36722,1085612,40926,1050472,0,0,39346,808661,0.096183,38014,670572,0.079758,42209,1479233,0.175941,8407551
2,2021-02-26,86260,2222344,36972,1122584,49288,1099760,0,0,46311,817564,0.097242,39619,710191,0.084471,48522,1527755,0.181712,8407551
2,2021-02-27,63172,2285516,29334,1151918,33830,1133590,8,8,34138,824278,0.09804,28778,738969,0.087893,35492,1563247,0.185934,8407551
2,2021-02-28,31133,2316649,18628,1170546,12504,1146094,1,9,18013,830164,0.09874,12982,751951,0.089438,18868,1582115,0.188178,8407551
2,2021-03-01,59301,2375950,30898,1201444,28327,1174421,76,85,32305,837126,0.099568,26659,778610,0.092608,33621,1615736,0.192177,8407551
2,2021-03-02,70956,2446906,34066,1235510,36875,1211296,15,100,39695,848152,0.10088,31059,809669,0.096303,42085,1657821,0.197182,8407551
2,2021-03-03,82024,2528930,39529,1275039,42476,1253772,19,119,46251,861543,0.102473,35532,845201,0.100529,48923,1706744,0.203001,8407551
2,2021-03-04,89844,2618774,44025,1319064,45786,1299558,33,152,51402,877215,0.104337,38176,883377,0.105069,53848,1760592,0.209406,8407551
2,2021-03-05,83510,2702284,39143,1358207,44046,1343604,321,473,50646,897975,0.106806,32608,915985,0.108948,53368,1813960,0.215754,8407551
2,2021-03-06,63625,2765909,31051,1389258,30858,1374462,1716,2189,38974,915587,0.108901,24507,940492,0.111863,42119,1856079,0.220763,8407551
2,2021-03-07,28845,2794754,16371,1405629,10923,1385385,1551,3740,18244,925982,0.110137,10521,951013,0.113114,20916,1876995,0.223251,8407551
2,2021-03-08,51201,2845955,23466,1429095,25159,1410544,2576,6316,32142,943399,0.112209,18935,969948,0.115366,36352,1913347,0.227575,8407551
2,2021-03-09,71121,2917076,32373,1461468,34872,1445416,3876,10192,39339,956325,0.113746,31628,1001576,0.119128,44554,1957901,0.232874,8407551
2,2021-03-10,79071,2996147,37381,1498849,35092,1480508,6598,16790,41891,969183,0.115275,36944,1038520,0.123522,49802,2007703,0.238798,8407551
2,2021-03-11,93767,3089914,43276,1542125,42083,1522591,8408,25198,48854,983230,0.116946,44582,1083102,0.128825,58629,2066332,0.245771,8407551
2,2021-03-12,94735,3184649,39014,1581139,43718,1566309,12003,37201,46985,996093,0.118476,47479,1130581,0.134472,60342,2126674,0.252948,8407551
2,2021-03-13,69563,3254212,29097,1610236,32438,1598747,8028,45229,38138,1012242,0.120397,31273,1161854,0.138192,47422,2174096,0.258588,8407551
2,2021-03-14,37142,3291354,18366,1628602,14254,1613001,4522,49751,18650,1017763,0.121053,18381,1180235,0.140378,23902,2197998,0.261431,8407551
2,2021-03-15,67829,3359183,30633,1659235,32175,1645176,5021,54772,37326,1030943,0.122621,30262,1210497,0.143977,43442,2241440,0.266598,8407551
2,2021-03-16,86798,3445981,38448,1697683,44311,1689487,4039,58811,52325,1054171,0.125384,34253,1244750,0.148051,57481,2298921,0.273435,8407551
2,2021-03-17,93429,3539410,44774,1742457,44444,1733931,4211,63022,59145,1084334,0.128971,33990,1278740,0.152094,64153,2363074,0.281066,8407551
2,2021-03-18,98740,3638150,47119,1789576,46991,1780922,4630,67652,59840,1110791,0.132118,38555,1317295,0.15668,65012,2428086,0.288798,8407551
2,2021-03-19,98024,3736174,46430,1836006,45426,1826348,6168,73820,57812,1135380,0.135043,39883,1357178,0.161424,64472,2492558,0.296467,8407551
2,2021-03-20,70405,3806579,34093,1870099,32306,1858654,4006,77826,45852,1161276,0.138123,24302,1381480,0.164314,50198,2542756,0.302437,8407551
2,2021-03-21,33784,3840363,21750,1891849,10026,1868680,2008,79834,20182,1170463,0.139216,13435,1394915,0.165912,22622,2565378,0.305128,8407551
2,2021-03-22,63256,3903619,34824,1926673,25786,1894466,2646,82480,41800,1194606,0.142087,21198,1416113,0.168433,45341,2610719,0.310521,8407551
2,2021-03-23,84360,3987979,44832,1971505,36594,1931060,2934,85414,52287,1218896,0.144976,31768,1447881,0.172212,56058,2666777,0.317188,8407551
2,2021-03-24,92372,4080351,49632,2021137,39558,1970618,3182,88596,53824,1238529,0.147312,38188,1486069,0.176754,57821,2724598,0.324066,8407551
2,2021-03-25,102053,4182404,51474,2072611,46646,2017264,3933,92529,57290,1256146,0.149407,44373,1530442,0.182032,61990,2786588,0.331439,8407551
2,2021-03-26,104105,4286509,51594,2124205,49011,2066275,3500,96029,56526,1270043,0.15106,47165,1577607,0.187642,61062,2847650,0.338701,8407551
2,2021-03-27,76136,4362645,37998,2162203,34822,2101097,3316,99345,37908,1274183,0.151552,37948,1615555,0.192155,42088,2889738,0.343707,8407551
2,2021-03-28,38017,4400662,23489,2185692,13715,2114812,813,100158,20222,1278422,0.152056,17650,1633205,0.194255,21889,2911627,0.346311,8407551
2,2021-03-29,72182,4472844,36669,2222361,33229,2148041,2284,102442,40741,1291230,0.15358,31203,1664408,0.197966,44011,2955638,0.351546,8407551
2,2021-03-30,92701,4565545,45408,2267769,42903,2190944,4390,106832,51763,1307307,0.155492,40704,1705112,0.202807,56781,3012419,0.358299,8407551
2,2021-03-31,101822,4667367,52485,2320254,44202,2235146,5135,111967,57498,1326330,0.157755,43988,1749100,0.208039,63011,3075430,0.365794,8407551
2,2021-04-01,118573,4785940,57268,2377522,51971,2287117,9334,121301,64285,1346515,0.160155,53826,1802926,0.214441,74011,3149441,0.374597,8407551
2,2021-04-02,112362,4898302,51759,2429281,50341,2337458,10262,131563,59984,1365260,0.162385,51952,1854878,0.22062,70697,3220138,0.383005,8407551
2,2021-04-03,77206,4975508,37943,2467224,29378,2366836,9885,141448,38188,1374901,0.163532,38793,1893671,0.225235,48434,3268572,0.388766,8407551
2,2021-04-04,29139,5004647,14996,2482220,10260,2377096,3883,145331,13058,1375899,0.16365,15964,1909635,0.227133,16962,3285534,0.390784,8407551
2,2021-04-05,79704,5084351,39038,2521258,31762,2408858,8904,154235,38359,1382752,0.164465,41148,1950783,0.232027,48001,3333535,0.396493,8407551
2,2021-04-06,104519,5188870,50910,2572168,38834,2447692,14775,169010,49407,1392519,0.165627,54813,2005596,0.238547,64580,3398115,0.404174,8407551
2,2021-04-07,111259,5300129,55518,2627686,39389,2487081,16352,185362,52168,1402482,0.166812,58775,2064371,0.245538,68738,3466853,0.41235,8407551
2,2021-04-08,119923,5420052,57716,2685402,43364,2530445,18843,204205,55601,1413500,0.168123,63937,2128308,0.253142,74955,3541808,0.421265,8407551
2,2021-04-09,119478,5539530,57453,2742855,43785,2574230,18240,222445,56398,1426263,0.169641,62683,2190991,0.260598,75446,3617254,0.430239,8407551
2,2021-04-10,87940,5627470,37924,2780779,31513,2605743,18503,240948,36197,1430135,0.170101,51469,2242460,0.26672,55341,3672595,0.436821,8407551
2,2021-04-11,44638,5672108,23149,2803928,12985,2618728,8504,249452,18255,1431374,0.170249,26225,2268685,0.269839,27464,3700059,0.440088,8407551
2,2021-04-12,80500,5752608,37477,2841405,33542,2652270,9481,258933,35812,1433242,0.170471,44398,2313083,0.27512,46266,3746325,0.445591,8407551
2,2021-04-13,102340,5854948,53131,2894536,48942,2701212,267,259200,55902,1444167,0.17177,46140,2359223,0.280608,57065,3803390,0.452378,8407551
2,2021-04-14,107256,5962204,56195,2950731,51001,2752213,60,259260,54641,1448023,0.172229,52283,2411506,0.286826,56139,3859529,0.459055,8407551
2,2021-04-15,113612,6075816,60302,3011033,53212,2805425,98,259358,59149,1454299,0.172975,54047,2465553,0.293255,60323,3919852,0.46623,8407551
2,2021-04-16,111227,6187043,57661,3068694,53507,2858932,59,259417,56369,1457100,0.173308,54482,2520035,0.299735,57283,3977135,0.473043,8407551
2,2021-04-17,83834,6270877,42650,3111344,41168,2900100,16,259433,46759,1467942,0.174598,36803,2556838,0.304112,47645,4024780,0.47871,8407551
2,2021-04-18,36060,6306937,21912,3133256,14137,2914237,11,259444,17057,1467145,0.174503,18858,2575696,0.306355,18061,4042841,0.480858,8407551
2,2021-04-19,75127,6382064,40451,3173707,34657,2948894,19,259463,34069,1461077,0.173782,40771,2616467,0.311204,34703,4077544,0.484986,8407551
2,2021-04-20,97839,6479903,49494,3223201,48317,2997211,28,259491,47165,1458712,0.1735,50305,2666772,0.317188,47940,4125484,0.490688,8407551
2,2021-04-21,104295,6584198,56482,3279683,47743,3044954,70,259561,49156,1454288,0.172974,54631,2721403,0.323686,50207,4175691,0.49666,8407551
2,2021-04-22,108817,6693015,56300,3335983,52489,3097443,28,259589,47556,1441952,0.171507,60800,2782203,0.330917,48464,4224155,0.502424,8407551
2,2021-04-23,108411,6801426,57724,3393707,50668,3148111,19,259608,49994,1434917,0.17067,57977,2840180,0.337813,50942,4275097,0.508483,8407551
2,2021-04-24,81259,6882685,47833,3441540,33383,3181494,43,259651,42232,1439481,0.171213,38656,2878836,0.342411,43220,4318317,0.513624,8407551
2,2021-04-25,36728,6919413,22613,3464153,14098,3195592,17,259668,19943,1443287,0.171666,16626,2895462,0.344388,20432,4338749,0.516054,8407551
2,2021-04-26,74601,6994014,41346,3505499,32938,3228530,317,259985,34169,1439092,0.171167,40136,2935598,0.349162,35941,4374690,0.520329,8407551
2,2021-04-27,88672,7082686,46815,3552314,40483,3269013,1374,261359,37940,1429328,0.170005,50327,2985925,0.355148,40563,4415253,0.525153,8407551
2,2021-04-28,88641,7171327,47400,3599714,39361,3308374,1880,263239,39003,1421852,0.169116,49280,3035205,0.361009,41804,4457057,0.530125,8407551
2,2021-04-29,91637,7262964,49937,3649651,39980,3348354,1720,264959,35519,1403992,0.166992,55703,3090908,0.367635,37843,4494900,0.534627,8407551
2,2021-04-30,95275,7358239,52639,3702290,40623,3388977,2013,266972,36934,1385747,0.164822,57851,3148759,0.374516,39606,4534506,0.539337,8407551
2,2021-05-01,62994,7421233,38423,3740713,22967,3411944,1604,268576,24542,1374646,0.163501,38101,3186860,0.379047,27000,4561506,0.542549,8407551
2,2021-05-02,29396,7450629,20466,3761179,7953,3419897,977,269553,11157,1368777,0.162803,18092,3204952,0.381199,12223,4573729,0.544003,8407551
2,2021-05-03,60876,7511505,36155,3797334,22655,3442552,2066,271619,20405,1351332,0.160728,40179,3245131,0.385978,22734,4596463,0.546707,8407551
2,2021-05-04,80327,7591832,47960,3845294,29958,3472510,2409,274028,26024,1326221,0.157742,53933,3299064,0.392393,28822,4625285,0.550135,8407551
2,2021-05-05,80964,7672796,48243,3893537,30357,3502867,2364,276392,25294,1298989,0.154503,55258,3354322,0.398965,28026,4653311,0.553468,8407551
2,2021-05-06,83364,7756160,50631,3944168,29798,3532665,2935,279327,25343,1270382,0.1511,57516,3411838,0.405806,28909,4682220,0.556907,8407551
2,2021-05-07,84142,7840302,48582,3992750,33123,3565788,2437,281764,25847,1241236,0.147633,57879,3469717,0.412691,28733,4710953,0.560324,8407551
2,2021-05-08,55924,7896226,33922,4026672,20273,3586061,1729,283493,17473,1222963,0.14546,38204,3507921,0.417235,19931,4730884,0.562695,8407551
2,2021-05-09,21931,7918157,15791,4042463,5391,3591452,749,284242,6330,1214767,0.144485,15505,3523426,0.419079,7309,4738193,0.563564,8407551
2,2021-05-10,50503,7968660,27533,4069996,21078,3612530,1892,286134,14220,1195477,0.142191,36005,3559431,0.423361,16715,4754908,0.565552,8407551
2,2021-05-11,66622,8035282,36116,4106112,28367,3640897,2139,288273,20044,1172096,0.13941,46254,3605685,0.428863,22873,4777781,0.568273,8407551
2,2021-05-12,65532,8100814,34930,4141042,28364,3669261,2238,290511,19253,1148048,0.13655,45951,3651636,0.434328,21903,4799684,0.570878,8407551
2,2021-05-13,71354,8172168,41455,4182497,27946,3697207,1953,292464,26072,1131841,0.134622,44971,3696607,0.439677,28764,4828448,0.574299,8407551
2,2021-05-14,80324,8252492,48152,4230649,29896,3727103,2276,294740,30827,1116468,0.132793,49117,3745724,0.445519,33744,4862192,0.578313,8407551
2,2021-05-15,66829,8319321,43899,4274548,21207,3748310,1723,296463,25894,1103819,0.131289,40669,3786393,0.450356,28020,4890212,0.581645,8407551
2,2021-05-16,31818,8351139,23813,4298361,7079,3755389,926,297389,12944,1099090,0.130727,18731,3805124,0.452584,14002,4904214,0.583311,8407551
2,2021-05-17,58273,8409412,36926,4335287,19384,3774773,1963,299352,22937,1089280,0.12956,35076,3840200,0.456756,25266,4929480,0.586316,8407551
2,2021-05-18,70442,8479854,41212,4376499,27259,3802032,1971,301323,27919,1077475,0.128156,42235,3882435,0.46178,30430,4959910,0.589935,8407551
2,2021-05-19,69198,8549052,40951,4417450,26226,3828258,2021,303344,27354,1065805,0.126768,41516,3923951,0.466717,29846,4989756,0.593485,8407551
2,2021-05-20,69937,8618989,40595,4458045,27146,3855404,2196,305540,26588,1052191,0.125148,43001,3966952,0.471832,29387,5019143,0.59698,8407551
2,2021-05-21,73509,8692498,43417,4501462,27920,3883324,2172,307712,27933,1037655,0.123419,45202,4012154,0.477208,30666,5049809,0.600628,8407551
2,2021-05-22,53912,8746410,34234,4535696,17904,3901228,1774,309486,22495,1031292,0.122663,31173,4043327,0.480916,24810,5074619,0.603579,8407551
2,2021-05-23,24471,8770881,16696,4552392,7049,3908277,726,310212,10259,1028336,0.122311,14082,4057409,0.482591,11126,5085745,0.604902,8407551
2,2021-05-24,45218,8816099,25717,4578109,17712,3925989,1789,312001,17376,1020242,0.121348,27601,4085010,0.485874,19507,5105252,0.607222,8407551
2,2021-05-25,51158,8867257,29980,4608089,19304,3945293,1874,313875,19441,1010694,0.120213,31401,4116411,0.489609,21853,5127105,0.609821,8407551
2,2021-05-26,49025,8916282,27488,4635577,19845,3965138,1692,315567,19163,1002371,0.119223,29518,4145929,0.49312,21195,5148300,0.612342,8407551
2,2021-05-27,46812,8963094,26550,4662127,18525,3983663,1737,317304,18672,995397,0.118393,27887,4173816,0.496437,20913,5169213,0.61483,8407551
2,2021-05-28,50448,9013542,27902,4690029,20566,4004229,1980,319284,21150,989934,0.117743,29028,4202844,0.499889,23565,5192778,0.617633,8407551
2,2021-05-29,29126,9042668,17454,4707483,10609,4014838,1063,320347,13268,988751,0.117603,15693,4218537,0.501756,14510,5207288,0.619358,8407551
2,2021-05-30,12702,9055370,8185,4715668,3749,4018587,768,321115,5534,988017,0.117515,7102,4225639,0.5026,6368,5213656,0.620116,8407551
2,2021-05-31,5948,9061318,3488,4719156,2155,4020742,305,321420,1855,986195,0.117299,4030,4229669,0.50308,2208,5215864,0.620379,8407551
2,2021-06-01,45080,9106398,25901,4745057,17511,4038253,1668,323088,15666,974817,0.115945,29081,4258750,0.506539,17703,5233567,0.622484,8407551
2,2021-06-02,38351,9144749,22551,4767608,14378,4052631,1422,324510,14985,968433,0.115186,23093,4281843,0.509285,16709,5250276,0.624472,8407551
2,2021-06-03,41544,9186293,26752,4794360,13315,4065946,1477,325987,13973,956948,0.11382,27322,4309165,0.512535,15837,5266113,0.626355,8407551
2,2021-06-04,48209,9234502,31492,4825852,15172,4081118,1545,327532,15522,942168,0.112062,32371,4341536,0.516385,17591,5283704,0.628447,8407551
2,2021-06-05,38012,9272514,27134,4852986,9408,4090526,1470,329002,11821,929931,0.110607,25952,4367488,0.519472,13715,5297419,0.630079,8407551
2,2021-06-06,14952,9287466,12269,4865255,2104,4092630,579,329581,4653,925124,0.110035,10233,4377721,0.520689,5426,5302845,0.630724,8407551
2,2021-06-07,33368,9320834,23350,4888605,8737,4101367,1281,330862,10849,915132,0.108846,22362,4400083,0.523349,12370,5315215,0.632195,8407551
2,2021-06-08,40669,9361503,28776,4917381,10522,4111889,1371,332233,12454,901376,0.10721,27965,4428048,0.526675,14209,5329424,0.633885,8407551
2,2021-06-09,38180,9399683,26658,4944039,10023,4121912,1499,333732,11529,888278,0.105652,26453,4454501,0.529821,13355,5342779,0.635474,8407551
2,2021-06-10,37830,9437513,26311,4970350,9988,4131900,1531,335263,11582,875818,0.10417,26048,4480549,0.53292,13588,5356367,0.63709,8407551
2,2021-06-11,41404,9478917,27503,4997853,12226,4144126,1675,336938,13223,863105,0.102658,27914,4508463,0.53624,15201,5371568,0.638898,8407551
2,2021-06-12,29560,9508477,21770,5019623,6874,4151000,916,337854,8665,852167,0.101357,20751,4529214,0.538708,9813,5381381,0.640065,8407551
2,2021-06-13,12235,9520712,8937,5028560,2679,4153679,619,338473,3101,846985,0.100741,9070,4538284,0.539787,3888,5385269,0.640528,8407551
2,2021-06-14,29951,9550663,21256,5049816,7493,4161172,1202,339675,10326,839265,0.099823,19451,4557735,0.5421,11731,5397000,0.641923,8407551
2,2021-06-15,35783,9586446,23834,5073650,9894,4171066,2055,341730,12016,830210,0.098746,23506,4581241,0.544896,14451,5411451,0.643642,8407551
2,2021-06-16,33106,9619552,22858,5096508,8442,4179508,1806,343536,11406,822212,0.097794,21524,4602765,0.547456,13526,5424977,0.645251,8407551
2,2021-06-17,30959,9650511,20686,5117194,8469,4187977,1804,345340,10951,815347,0.096978,19828,4622593,0.549814,12963,5437940,0.646792,8407551
2,2021-06-18,34800,9685311,22934,5140128,9986,4197963,1880,347220,12631,808165,0.096124,21946,4644539,0.552425,14764,5452704,0.648548,8407551
2,2021-06-19,20980,9706291,14617,5154745,5103,4203066,1260,348480,7916,804640,0.095704,12899,4657438,0.553959,9374,5462078,0.649663,8407551
2,2021-06-20,8299,9714590,5935,5160680,1899,4204965,465,348945,3066,803051,0.095515,5190,4662628,0.554576,3601,5465679,0.650092,8407551
2,2021-06-21,19350,9733940,11841,5172521,6186,4211151,1323,350268,9870,805068,0.095755,9357,4671985,0.555689,11374,5477053,0.651445,8407551
2,2021-06-22,26913,9760853,18437,5190958,7095,4218246,1381,351649,10532,801046,0.095277,16208,4688193,0.557617,12186,5489239,0.652894,8407551
2,2021-06-23,25941,9786794,17906,5208864,6407,4224653,1628,353277,10553,798276,0.094948,15245,4703438,0.55943,12475,5501714,0.654378,8407551
2,2021-06-24,25368,9812162,17266,5226130,6580,4231233,1522,354799,10443,795702,0.094641,14772,4718210,0.561187,12198,5513912,0.655829,8407551
2,2021-06-25,28787,9840949,19506,5245636,7787,4239020,1494,356293,12002,792814,0.094298,16623,4734833,0.563164,13735,5527647,0.657462,8407551
2,2021-06-26,18665,9859614,13739,5259375,3994,4243014,932,357225,7603,790635,0.094039,10971,4745804,0.564469,8792,5536439,0.658508,8407551
2,2021-06-27,8806,9868420,6723,5266098,1634,4244648,449,357674,3525,789506,0.093904,5227,4751031,0.565091,4098,5540537,0.658995,8407551
2,2021-06-28,19824,9888244,15056,5281154,3524,4248172,1244,358918,8737,788720,0.093811,10957,4761988,0.566394,10171,5550708,0.660205,8407551
2,2021-06-29,22777,9911021,15851,5297005,5851,4254023,1075,359993,9729,786847,0.093588,12910,4774898,0.56793,11037,5561745,0.661518,8407551
2,2021-06-30,22003,9933024,15593,5312598,5387,4259410,1023,361016,9788,785818,0.093466,12070,4786968,0.569365,11041,5572786,0.662831,8407551
2,2021-07-01,19919,9952943,14061,5326659,4969,4264379,889,361905,8841,784803,0.093345,10948,4797916,0.570667,9933,5582719,0.664013,8407551
2,2021-07-02,22887,9975830,15769,5342428,6092,4270471,1026,362931,10123,783553,0.093196,12601,4810517,0.572166,11351,5594070,0.665363,8407551
2,2021-07-03,12536,9988366,9021,5351449,3041,4273512,474,363405,5725,783159,0.093149,6714,4817231,0.572965,6320,5600390,0.666114,8407551
2,2021-07-04,1013,9989379,596,5352045,350,4273862,67,363472,434,783116,0.093144,567,4817798,0.573032,524,5600914,0.666177,8407551
2,2021-07-05,11057,10000436,8094,5360139,2554,4276416,409,363881,5060,782781,0.093105,5932,4823730,0.573738,5597,5606511,0.666842,8407551
2,2021-07-06,23736,10024172,17227,5377366,5507,4281923,1002,364883,9165,778799,0.092631,14420,4838150,0.575453,10438,5616949,0.668084,8407551
2,2021-07-07,20570,10044742,14664,5392030,4803,4286726,1103,365986,8734,777204,0.092441,11694,4849844,0.576844,10099,5627048,0.669285,8407551
2,2021-07-08,19159,10063901,13340,5405370,4779,4291505,1040,367026,8059,775507,0.092239,10999,4860843,0.578152,9302,5636350,0.670391,8407551
2,2021-07-09,22480,10086381,15559,5420929,5668,4297173,1253,368279,9496,773609,0.092014,12846,4873689,0.57968,10948,5647298,0.671694,8407551
2,2021-07-10,14259,10100640,10510,5431439,3065,4300238,684,368963,6255,772796,0.091917,7911,4881600,0.580621,7098,5654396,0.672538,8407551
2,2021-07-11,6544,10107184,4811,5436250,1384,4301622,349,369312,3075,772866,0.091925,3425,4885025,0.581028,3495,5657891,0.672954,8407551
2,2021-07-12,18157,10125341,13345,5449595,3942,4305564,870,370182,7803,771498,0.091763,10240,4895265,0.582246,8872,5666763,0.674009,8407551
2,2021-07-13,19485,10144826,13748,5463343,4856,4310420,881,371063,8710,770654,0.091662,10629,4905894,0.58351,9785,5676548,0.675173,8407551
2,2021-07-14,18648,10163474,13301,5476644,4560,4314980,787,371850,8314,769762,0.091556,10204,4916098,0.584724,9312,5685860,0.67628,8407551
2,2021-07-15,18790,10182264,13621,5490265,4470,4319450,699,372549,8528,769062,0.091473,10142,4926240,0.58593,9442,5695302,0.677403,8407551
2,2021-07-16,22823,10205087,16417,5506682,5577,4325027,829,373378,10932,769268,0.091497,11760,4938000,0.587329,11966,5707268,0.678826,8407551
2,2021-07-17,14341,10219428,10441,5517123,3367,4328394,533,373911,6919,769522,0.091527,7332,4945332,0.588201,7586,5714854,0.679729,8407551
2,2021-07-18,6974,10226402,5206,5522329,1440,4329834,328,374239,3528,770043,0.091589,3403,4948735,0.588606,3924,5718778,0.680195,8407551
2,2021-07-19,18377,10244779,13689,5536018,3947,4333781,741,374980,9130,770967,0.091699,9130,4957865,0.589692,10054,5728832,0.681391,8407551
2,2021-07-20,20824,10265603,14816,5550834,5172,4338953,836,375816,10551,772433,0.091874,10139,4968004,0.590898,11605,5740437,0.682772,8407551
2,2021-07-21,20337,10285940,14784,5565618,4785,4343738,768,376584,10544,774271,0.092092,9670,4977674,0.592048,11508,5751945,0.68414,8407551
2,2021-07-22,20245,10306185,14458,5580076,4937,4348675,850,377434,10825,776844,0.092398,9276,4986950,0.593151,11849,5763794,0.68555,8407551
2,2021-07-23,24320,10330505,17018,5597094,6257,4354932,1045,378479,13237,780400,0.092821,10925,4997875,0.594451,14481,5778275,0.687272,8407551
2,2021-07-24,14751,10345256,10626,5607720,3631,4358563,494,378973,8241,782846,0.093112,6402,5004277,0.595212,8848,5787123,0.688324,8407551
2,2021-07-25,6677,10351933,4915,5612635,1622,4360185,140,379113,4943,786276,0.09352,1692,5005969,0.595413,5122,5792245,0.688934,8407551
2,2021-07-26,18925,10370858,13354,5625989,4801,4364986,770,379883,11992,792348,0.094242,6817,5012786,0.596224,12889,5805134,0.690467,8407551
2,2021-07-27,22750,10393608,16461,5642450,5433,4370419,856,380739,13336,797433,0.094847,9258,5022044,0.597325,14343,5819477,0.692173,8407551
2,2021-07-28,22576,10416184,16142,5658592,5532,4375951,902,381641,13358,802820,0.095488,9055,5031099,0.598402,14442,5833919,0.69389,8407551
2,2021-07-29,21357,10437541,15303,5673895,5138,4381089,916,382557,12906,808477,0.096161,8311,5039410,0.599391,13968,5847887,0.695552,8407551
2,2021-07-30,26169,10463710,18640,5692535,6574,4387663,955,383512,15672,815003,0.096937,10303,5049713,0.600616,16829,5864716,0.697553,8407551
2,2021-07-31,15720,10479430,11586,5704121,3625,4391288,509,384021,9515,819083,0.097422,6079,5055792,0.601339,10159,5874875,0.698762,8407551
2,2021-08-01,8022,10487452,6174,5710295,1678,4392966,170,384191,5260,821876,0.097755,2701,5058493,0.601661,5494,5880369,0.699415,8407551
2,2021-08-02,21209,10508661,15952,5726247,4502,4397468,755,384946,13458,828595,0.098554,7609,5066102,0.602566,14328,5894697,0.701119,8407551
2,2021-08-03,24011,10532672,17491,5743738,5508,4402976,1012,385958,14936,835745,0.099404,8927,5075029,0.603628,16077,5910774,0.703032,8407551
2,2021-08-04,22642,10555314,16761,5760499,5015,4407991,866,386824,14110,842428,0.100199,8390,5083419,0.604625,15073,5925847,0.704824,8407551
2,2021-08-05,23004,10578318,16893,5777392,5215,4413206,896,387720,14239,849083,0.100991,8593,5092012,0.605647,15248,5941095,0.706638,8407551
2,2021-08-06,27587,10605905,20198,5797590,6406,4419612,983,388703,16815,856421,0.101863,10584,5102596,0.606906,17922,5959017,0.70877,8407551
2,2021-08-07,16848,10622753,12520,5810110,3740,4423352,588,389291,10357,861066,0.102416,6382,5108978,0.607665,11027,5970044,0.710081,8407551
2,2021-08-08,9358,10632111,7086,5817196,2044,4425396,228,389519,5857,863779,0.102738,3414,5112392,0.608071,6127,5976171,0.71081,8407551
2,2021-08-09,23206,10655317,17797,5834993,4650,4430046,759,390278,14066,869748,0.103448,8983,5121375,0.60914,14952,5991123,0.712588,8407551
2,2021-08-10,24253,10679570,17871,5852864,5540,4435586,842,391120,14265,875181,0.104095,9813,5131188,0.610307,15246,6006369,0.714402,8407551
2,2021-08-11,21885,10701455,16335,5869199,4654,4440240,896,392016,12721,879906,0.104657,8988,5140176,0.611376,13713,6020082,0.716033,8407551
2,2021-08-12,23746,10725201,17014,5886213,5692,4445932,1040,393056,13866,885242,0.105291,9670,5149846,0.612526,15006,6035088,0.717818,8407551
2,2021-08-13,29612,10754813,21408,5907621,7180,4453112,1024,394080,17125,891389,0.106022,12134,5161980,0.61397,18281,6053369,0.719992,8407551
2,2021-08-14,18648,10773461,13743,5921364,4405,4457517,500,394580,10470,894903,0.10644,7591,5169571,0.614872,11105,6064474,0.721313,8407551
2,2021-08-15,9680,10783141,7253,5928617,2244,4459761,183,394763,5315,896526,0.106633,3945,5173516,0.615342,5568,6070042,0.721975,8407551
2,2021-08-16,24546,10807687,17383,5946000,6330,4466091,833,395596,12814,899819,0.107025,10499,5184015,0.61659,13792,6083834,0.723615,8407551
2,2021-08-17,25662,10833349,18201,5964201,6554,4472645,907,396503,12764,902142,0.107301,11471,5195486,0.617955,13794,6097628,0.725256,8407551
2,2021-08-18,25755,10859104,18298,5982499,6615,4479260,842,397345,12619,904293,0.107557,11452,5206938,0.619317,13603,6111231,0.726874,8407551
2,2021-08-19,25390,10884494,17601,6000100,6802,4486062,987,398332,12575,906930,0.107871,11039,5217977,0.62063,13676,6124907,0.728501,8407551
2,2021-08-20,30655,10915149,21658,6021758,8057,4494119,940,399272,14387,908420,0.108048,13970,5231947,0.622291,15460,6140367,0.73034,8407551
2,2021-08-21,11434,10926583,8140,6029898,2795,4496914,499,399771,5175,908703,0.108082,5500,5237447,0.622946,5783,6146150,0.731027,8407551
3,2020-12-15,339,339,339,339,0,0,0,0,339,339,4.2e-05,0,0,0.0,339,339,4.2e-05,8129050
3,2020-12-16,2520,2859,2520,2859,0,0,0,0,2521,2860,0.000352,0,0,0.0,2521,2860,0.000352,8129050
3,2020-12-17,7938,10797,7938,10797,0,0,0,0,7938,10798,0.001328,0,0,0.0,7938,10798,0.001328,8129050
3,2020-12-18,13558,24355,13537,24334,21,21,0,0,13553,24351,0.002996,0,0,0.0,13553,24351,0.002996,8129050
3,2020-12-19,7277,31632,7264,31598,13,34,0,0,7338,31688,0.003898,1,1,0.0,7338,31689,0.003898,8129050
3,2020-12-20,5684,37316,5671,37269,13,47,0,0,5731,37418,0.004603,1,2,0.0,5731,37420,0.004603,8129050
3,2020-12-21,14461,51777,14433,51702,28,75,0,0,14525,51942,0.00639,1,3,0.0,14525,51945,0.00639,8129050
3,2020-12-22,14937,66714,14337,66039,600,675,0,0,14974,66913,0.008231,3,6,1e-06,14974,66919,0.008232,8129050
3,2020-12-23,14978,81692,12335,78374,2643,3318,0,0,14994,81906,0.010076,2,8,1e-06,14995,81914,0.010077,8129050
3,2020-12-24,6832,88524,4887,83261,1945,5263,0,0,6829,88733,0.010916,2,10,1e-06,6829,88743,0.010917,8129050
3,2020-12-25,737,89261,676,83937,61,5324,0,0,734,89467,0.011006,0,10,1e-06,734,89477,0.011007,8129050
3,2020-12-26,4648,93909,3013,86950,1635,6959,0,0,4646,94113,0.011577,0,10,1e-06,4646,94123,0.011579,8129050
3,2020-12-27,3023,96932,1870,88820,1153,8112,0,0,3023,97136,0.011949,0,10,1e-06,3023,97146,0.01195,8129050
3,2020-12-28,13776,110708,8812,97632,4964,13076,0,0,13798,110932,0.013646,2,12,1e-06,13798,110944,0.013648,8129050
3,2020-12-29,15435,126143,8743,106375,6692,19768,0,0,15461,126391,0.015548,2,14,2e-06,15461,126405,0.01555,8129050
3,2020-12-30,18414,144557,10327,116702,8087,27855,0,0,18420,144810,0.017814,2,16,2e-06,18421,144826,0.017816,8129050
3,2020-12-31,8522,153079,3259,119961,5263,33118,0,0,8522,153330,0.018862,2,18,2e-06,8522,153348,0.018864,8129050
3,2021-01-01,1833,154912,880,120841,953,34071,0,0,1828,155157,0.019087,1,19,2e-06,1828,155176,0.019089,8129050
3,2021-01-02,4984,159896,2449,123290,2535,36606,0,0,4983,160140,0.0197,0,19,2e-06,4983,160159,0.019702,8129050
3,2021-01-03,1636,161532,862,124152,774,37380,0,0,1627,161765,0.0199,2,21,3e-06,1627,161786,0.019902,8129050
3,2021-01-04,12166,173698,6046,130198,6120,43500,0,0,12136,173892,0.021391,9,30,4e-06,12136,173922,0.021395,8129050
3,2021-01-05,15901,189599,8256,138454,7645,51145,0,0,14194,186429,0.022934,1690,1720,0.000212,14227,188149,0.023145,8129050
3,2021-01-06,20760,210359,11014,149468,9746,60891,0,0,16134,197997,0.024357,4577,6297,0.000775,16145,204294,0.025131,8129050
3,2021-01-07,26845,237204,15370,164838,11475,72366,0,0,17276,205763,0.025312,9530,15827,0.001947,17296,221590,0.027259,8129050
3,2021-01-08,30895,268099,18889,183727,12006,84372,0,0,18297,211514,0.02602,12573,28400,0.003494,18324,239914,0.029513,8129050
3,2021-01-09,12553,280652,7089,190816,5464,89836,0,0,8006,214989,0.026447,4540,32940,0.004052,8015,247929,0.030499,8129050
3,2021-01-10,7273,287925,4509,195325,2764,92600,0,0,4099,215924,0.026562,3172,36112,0.004442,4107,252036,0.031004,8129050
3,2021-01-11,29363,317288,19236,214561,10127,102727,0,0,16614,219851,0.027045,12737,48849,0.006009,16664,268700,0.033054,8129050
3,2021-01-12,32846,350134,19597,234158,13249,115976,0,0,20121,227422,0.027976,12702,61551,0.007572,20273,288973,0.035548,8129050
3,2021-01-13,34828,384962,18192,252350,16636,132612,0,0,24521,241687,0.029731,10287,71838,0.008837,24552,313525,0.038568,8129050
3,2021-01-14,34979,419941,14296,266646,20683,153295,0,0,29016,264822,0.032577,5923,77761,0.009566,29058,342583,0.042143,8129050
3,2021-01-15,39322,459263,14579,281225,24743,178038,0,0,34579,294762,0.03626,4717,82478,0.010146,34657,377240,0.046406,8129050
3,2021-01-16,22033,481296,7509,288734,14524,192562,0,0,19648,312060,0.038388,2373,84851,0.010438,19671,396911,0.048826,8129050
3,2021-01-17,13214,494510,4492,293226,8722,201284,0,0,12119,323103,0.039747,1094,85945,0.010573,12137,409048,0.050319,8129050
3,2021-01-18,24987,519497,13056,306282,11931,213215,0,0,19280,336738,0.041424,5695,91640,0.011273,19330,428378,0.052697,8129050
3,2021-01-19,41536,561033,21106,327388,20430,233645,0,0,32122,359577,0.044234,9374,101014,0.012426,32213,460591,0.05666,8129050
3,2021-01-20,46528,607561,23169,350557,23359,257004,0,0,36814,386812,0.047584,9666,110680,0.013615,36901,497492,0.061199,8129050
3,2021-01-21,48512,656073,21047,371604,27465,284469,0,0,42876,424209,0.052184,5567,116247,0.0143,42964,540456,0.066485,8129050
3,2021-01-22,50140,706213,19969,391573,30171,314640,0,0,45819,465816,0.057303,4288,120535,0.014828,45895,586351,0.07213,8129050
3,2021-01-23,30637,736850,12874,404447,17763,332403,0,0,27310,489871,0.060262,3317,123852,0.015236,27372,613723,0.075498,8129050
3,2021-01-24,18071,754921,8534,412981,9537,341940,0,0,16872,505580,0.062194,1195,125047,0.015383,16904,630627,0.077577,8129050
3,2021-01-25,41239,796160,18380,431361,22859,364799,0,0,31106,526679,0.06479,10103,135150,0.016626,31202,661829,0.081415,8129050
3,2021-01-26,47691,843851,22778,454139,24913,389712,0,0,37333,553798,0.068126,10325,145475,0.017896,37444,699273,0.086021,8129050
3,2021-01-27,51957,895808,24713,478852,27244,416956,0,0,41126,584248,0.071872,10762,156237,0.01922,41212,740485,0.091091,8129050
3,2021-01-28,52598,948406,24376,503228,28222,445178,0,0,43516,618830,0.076126,8995,165232,0.020326,43577,784062,0.096452,8129050
3,2021-01-29,51625,1000031,24688,527916,26937,472115,0,0,41724,650886,0.080069,9720,174952,0.021522,41776,825838,0.101591,8129050
3,2021-01-30,37827,1037858,17813,545729,20014,492129,0,0,33068,679344,0.08357,4703,179655,0.0221,33161,858999,0.10567,8129050
3,2021-01-31,22887,1060745,12861,558590,10026,502155,0,0,21443,699386,0.086035,1426,181081,0.022276,21468,880467,0.108311,8129050
3,2021-02-01,46588,1107333,21319,579909,25269,527424,0,0,35494,723892,0.08905,11031,192112,0.023633,35537,916004,0.112683,8129050
3,2021-02-02,54987,1162320,22942,602851,32045,559469,0,0,42382,753826,0.092732,12502,204614,0.025171,42436,958440,0.117903,8129050
3,2021-02-03,60481,1222801,26861,629712,33620,593089,0,0,44939,783436,0.096375,15406,220020,0.027066,45016,1003456,0.123441,8129050
3,2021-02-04,64892,1287693,28098,657810,36794,629883,0,0,47505,813879,0.10012,17189,237209,0.02918,47632,1051088,0.1293,8129050
3,2021-02-05,71177,1358870,29979,687789,41198,671081,0,0,49160,841486,0.103516,21774,258983,0.031859,49381,1100469,0.135375,8129050
3,2021-02-06,44031,1402901,21070,708859,22961,694042,0,0,34286,866271,0.106565,9696,268679,0.033052,34481,1134950,0.139617,8129050
3,2021-02-07,19901,1422802,12662,721521,7239,701281,0,0,15273,877063,0.107892,4609,273288,0.033619,15401,1150351,0.141511,8129050
3,2021-02-08,51921,1474723,25062,746583,26859,728140,0,0,34008,893500,0.109914,17772,291060,0.035805,34209,1184560,0.145719,8129050
3,2021-02-09,59224,1533947,28672,775255,30552,758692,0,0,34594,904102,0.111219,24351,315411,0.0388,34953,1219513,0.150019,8129050
3,2021-02-10,68869,1602816,32059,807314,36810,795502,0,0,36867,909795,0.111919,31701,347112,0.0427,37394,1256907,0.154619,8129050
3,2021-02-11,71303,1674119,35014,842328,36289,831791,0,0,37831,915066,0.112567,33118,380230,0.046774,38389,1295296,0.159342,8129050
3,2021-02-12,76291,1750410,32788,875116,43503,875294,0,0,42079,924025,0.113669,33901,414131,0.050945,42860,1338156,0.164614,8129050
3,2021-02-13,45532,1795942,20609,895725,24923,900217,0,0,26081,931368,0.114573,19332,433463,0.053323,26675,1364831,0.167896,8129050
3,2021-02-14,27593,1823535,13760,909485,13833,914050,0,0,15293,934898,0.115007,12232,445695,0.054827,15762,1380593,0.169834,8129050
3,2021-02-15,40550,1864085,17473,926958,23077,937127,0,0,22353,940131,0.115651,18078,463773,0.057051,23311,1403904,0.172702,8129050
3,2021-02-16,70871,1934956,33522,960480,37349,974476,0,0,36691,943846,0.116108,34030,497803,0.061238,37745,1441649,0.177345,8129050
3,2021-02-17,72665,2007621,36687,997167,35978,1010454,0,0,34356,941216,0.115784,38060,535863,0.06592,35430,1477079,0.181704,8129050
3,2021-02-18,77832,2085453,40636,1037803,37196,1047650,0,0,35888,936733,0.115233,41728,577591,0.071053,37245,1514324,0.186285,8129050
3,2021-02-19,69897,2155350,40275,1078078,29622,1077272,0,0,35216,938121,0.115404,34507,612098,0.075298,35895,1550219,0.190701,8129050
3,2021-02-20,43488,2198838,27429,1105507,16059,1093331,0,0,22602,940500,0.115696,20760,632858,0.077851,23139,1573358,0.193548,8129050
3,2021-02-21,24480,2223318,19655,1125162,4825,1098156,0,0,11785,940115,0.115649,12589,645447,0.0794,12204,1585562,0.195049,8129050
3,2021-02-22,47963,2271281,31220,1156382,16743,1114899,0,0,22424,937664,0.115347,25379,670826,0.082522,22928,1608490,0.197869,8129050
3,2021-02-23,64110,2335391,34810,1191192,29300,1144199,0,0,27881,931583,0.114599,35979,706805,0.086948,29898,1638388,0.201547,8129050
3,2021-02-24,80304,2415695,39466,1230658,40838,1185037,0,0,35315,924735,0.113757,44719,751524,0.092449,37871,1676259,0.206206,8129050
3,2021-02-25,90047,2505742,43869,1274527,46178,1231215,0,0,44685,927010,0.114037,45038,796562,0.09799,47313,1723572,0.212026,8129050
3,2021-02-26,101071,2606813,46219,1320746,54852,1286067,0,0,53135,934889,0.115006,47492,844054,0.103832,55371,1778943,0.218838,8129050
3,2021-02-27,71681,2678494,32916,1353662,38761,1324828,4,4,37571,939934,0.115627,33861,877915,0.107997,38906,1817849,0.223624,8129050
3,2021-02-28,41806,2720300,24143,1377805,17658,1342486,5,9,21150,941623,0.115834,20440,898355,0.110512,22129,1839978,0.226346,8129050
3,2021-03-01,70732,2791032,37485,1415290,33192,1375678,55,64,39252,951101,0.117,31210,929565,0.114351,40688,1880666,0.231351,8129050
3,2021-03-02,82151,2873183,40511,1455801,41626,1417304,14,78,47301,965888,0.118819,34669,964234,0.118616,49456,1930122,0.237435,8129050
3,2021-03-03,92094,2965277,44069,1499870,47988,1465292,37,115,51357,979117,0.120447,40479,1004713,0.123595,53708,1983830,0.244042,8129050
3,2021-03-04,96561,3061838,47230,1547100,49306,1514598,25,140,54569,994309,0.122316,41723,1046436,0.128728,56915,2040745,0.251043,8129050
3,2021-03-05,92880,3154718,45359,1592459,47220,1561818,301,441,56037,1016371,0.125029,36540,1082976,0.133223,58602,2099347,0.258252,8129050
3,2021-03-06,66451,3221169,33685,1626144,30597,1592415,2169,2610,37853,1029422,0.126635,28431,1111407,0.13672,41482,2140829,0.263355,8129050
3,2021-03-07,39488,3260657,22782,1648926,14788,1607203,1918,4528,22178,1037451,0.127623,17226,1128633,0.138839,25255,2166084,0.266462,8129050
3,2021-03-08,60629,3321286,28870,1677796,28735,1635938,3024,7552,38311,1058172,0.130172,22139,1150772,0.141563,42860,2208944,0.271735,8129050
3,2021-03-09,77945,3399231,35986,1713782,37462,1673400,4497,12049,41833,1069691,0.131589,35939,1186711,0.145984,47458,2256402,0.277573,8129050
3,2021-03-10,84064,3483295,41823,1755605,36079,1709479,6162,18211,43850,1081098,0.132992,39968,1226679,0.150901,51375,2307777,0.283893,8129050
3,2021-03-11,98308,3581603,48105,1803710,41518,1750997,8685,26896,48039,1088885,0.13395,49967,1276646,0.157047,57754,2365531,0.290997,8129050
3,2021-03-12,103028,3684631,46026,1849736,45069,1796066,11933,38829,46996,1093094,0.134468,55759,1332405,0.163907,59968,2425499,0.298374,8129050
3,2021-03-13,71030,3755661,29912,1879648,33811,1829877,7307,46136,37494,1105806,0.136031,33380,1365785,0.168013,46092,2471591,0.304044,8129050
3,2021-03-14,41575,3797236,21706,1901354,16292,1846169,3577,49713,20937,1110395,0.136596,20537,1386322,0.170539,25126,2496717,0.307135,8129050
3,2021-03-15,76373,3873609,36220,1937574,35563,1881732,4590,54303,40207,1120250,0.137808,35907,1422229,0.174956,45762,2542479,0.312765,8129050
3,2021-03-16,95843,3969452,44207,1981781,47260,1928992,4376,58679,53773,1137488,0.139929,41791,1464020,0.180097,59029,2601508,0.320026,8129050
3,2021-03-17,99190,4068642,48167,2029948,46447,1975439,4576,63255,60112,1163996,0.14319,38810,1502830,0.184872,65318,2666826,0.328061,8129050
3,2021-03-18,104579,4173221,53116,2083064,46862,2022301,4601,67856,59800,1184460,0.145707,44455,1547285,0.19034,64919,2731745,0.336047,8129050
3,2021-03-19,104152,4277373,55914,2138978,43739,2066040,4499,72355,57868,1201376,0.147788,45971,1593256,0.195995,62887,2794632,0.343783,8129050
3,2021-03-20,72522,4349895,37375,2176353,31431,2097471,3716,76071,44538,1222337,0.150367,27752,1621008,0.199409,48713,2843345,0.349776,8129050
3,2021-03-21,36608,4386503,24863,2201216,10224,2107695,1521,77592,21972,1231799,0.15153,14510,1635518,0.201194,23972,2867317,0.352725,8129050
3,2021-03-22,71142,4457645,41808,2243024,26797,2134492,2537,80129,45154,1254781,0.154358,25718,1661236,0.204358,48700,2916017,0.358716,8129050
3,2021-03-23,90615,4548260,50118,2293142,37910,2172402,2587,82716,55136,1278015,0.157216,35181,1696417,0.208686,58415,2974432,0.365902,8129050
3,2021-03-24,99562,4647822,57286,2350428,39314,2211716,2962,85678,56204,1294812,0.159282,42962,1739379,0.213971,59759,3034191,0.373253,8129050
3,2021-03-25,108318,4756140,60147,2410575,45132,2256848,3039,88717,60555,1311654,0.161354,47382,1786761,0.219799,64224,3098415,0.381153,8129050
3,2021-03-26,111690,4867830,59901,2470476,48413,2305261,3376,92093,57109,1318763,0.162228,54204,1840965,0.226467,61313,3159728,0.388696,8129050
3,2021-03-27,75232,4943062,38247,2508723,34424,2339685,2561,94654,36169,1319348,0.1623,38803,1879768,0.231241,39388,3199116,0.393541,8129050
3,2021-03-28,44756,4987818,28206,2536929,15728,2355413,822,95476,22437,1321069,0.162512,22183,1901951,0.23397,23904,3223020,0.396482,8129050
3,2021-03-29,81568,5069386,42603,2579532,37099,2392512,1866,97342,44296,1331095,0.163745,36984,1938935,0.238519,47010,3270030,0.402265,8129050
3,2021-03-30,101204,5170590,49739,2629271,47757,2440269,3708,101050,56264,1347014,0.165704,44647,1983582,0.244012,60566,3330596,0.409715,8129050
3,2021-03-31,105858,5276448,57089,2686360,43875,2484144,4894,105944,56238,1359115,0.167192,49341,2032923,0.250081,61442,3392038,0.417274,8129050
3,2021-04-01,124885,5401333,63109,2749469,51912,2536056,9864,115808,66926,1378642,0.169594,57482,2090405,0.257152,77009,3469047,0.426747,8129050
3,2021-04-02,118782,5520115,57938,2807407,50396,2586452,10448,126256,62257,1395545,0.171674,56195,2146600,0.264065,73098,3542145,0.435739,8129050
3,2021-04-03,76585,5596700,39177,2846584,28113,2614565,9295,135551,38035,1404771,0.172809,38370,2184970,0.268785,47596,3589741,0.441594,8129050
3,2021-04-04,32629,5629329,17444,2864028,10936,2625501,4249,139800,14249,1404966,0.172833,18288,2203258,0.271035,18483,3608224,0.443868,8129050
3,2021-04-05,90306,5719635,45824,2909852,35144,2660645,9338,149138,43735,1412492,0.173759,46318,2249576,0.276733,53844,3662068,0.450492,8129050
3,2021-04-06,114268,5833903,55611,2965463,43347,2703992,15310,164448,53494,1421474,0.174863,60463,2310039,0.284171,69445,3731513,0.459034,8129050
3,2021-04-07,117091,5950994,60583,3026046,40115,2744107,16393,180841,56327,1433950,0.176398,60471,2370510,0.29161,72947,3804460,0.468008,8129050
3,2021-04-08,122156,6073150,60804,3086850,41046,2785153,20306,201147,56501,1446132,0.177897,65312,2435822,0.299644,77494,3881954,0.477541,8129050
3,2021-04-09,119312,6192462,59395,3146245,40607,2825760,19310,220457,52230,1451689,0.17858,66792,2502614,0.307861,72349,3954303,0.486441,8129050
3,2021-04-10,84882,6277344,38090,3184335,31412,2857172,15380,235837,34486,1452115,0.178633,50189,2552803,0.314035,50615,4004918,0.492667,8129050
3,2021-04-11,45529,6322873,24365,3208700,13073,2870245,8091,243928,17275,1450128,0.178388,28146,2580949,0.317497,26159,4031077,0.495885,8129050
3,2021-04-12,84546,6407419,42694,3251394,32963,2903208,8889,252817,38096,1451990,0.178617,46180,2627129,0.323178,48042,4079119,0.501795,8129050
3,2021-04-13,106082,6513501,57431,3308825,48438,2951646,213,253030,55711,1458708,0.179444,50094,2677223,0.32934,56812,4135931,0.508784,8129050
3,2021-04-14,108268,6621769,59198,3368023,48961,3000607,109,253139,53705,1459729,0.179569,54232,2731455,0.336012,55253,4191184,0.515581,8129050
3,2021-04-15,119970,6741739,67447,3435470,52438,3053045,85,253224,63776,1468580,0.180658,55827,2787282,0.342879,64678,4255862,0.523537,8129050
3,2021-04-16,116157,6857896,65100,3500570,50959,3104004,98,253322,60382,1474293,0.181361,55435,2842717,0.349699,61148,4317010,0.53106,8129050
3,2021-04-17,79910,6937806,43559,3544129,36336,3140340,15,253337,44371,1484365,0.1826,35289,2878006,0.35404,45361,4362371,0.53664,8129050
3,2021-04-18,39063,6976869,23611,3567740,15443,3155783,9,253346,18271,1482871,0.182416,20656,2898662,0.356581,19162,4381533,0.538997,8129050
3,2021-04-19,79619,7056488,44293,3612033,35266,3191049,60,253406,35675,1475409,0.181498,43712,2942374,0.361958,36250,4417783,0.543456,8129050
3,2021-04-20,101303,7157791,53316,3665349,47965,3239014,22,253428,48784,1473040,0.181207,52218,2994592,0.368382,49849,4467632,0.549588,8129050
3,2021-04-21,106526,7264317,59814,3725163,46631,3285645,81,253509,50129,1468361,0.180631,55981,3050573,0.375268,51302,4518934,0.555899,8129050
3,2021-04-22,112659,7376976,63318,3788481,49312,3334957,29,253538,48251,1453588,0.178814,64013,3114586,0.383143,49240,4568174,0.561957,8129050
3,2021-04-23,106961,7483937,61199,3849680,45730,3380687,32,253570,46715,1441502,0.177327,59854,3174440,0.390506,47768,4615942,0.567833,8129050
3,2021-04-24,74386,7558323,45887,3895567,28426,3409113,73,253643,36147,1440793,0.17724,37941,3212381,0.395173,37232,4653174,0.572413,8129050
3,2021-04-25,37172,7595495,23726,3919293,13428,3422541,18,253661,18924,1442064,0.177396,18077,3230458,0.397397,19348,4672522,0.574793,8129050
3,2021-04-26,74450,7669945,42078,3961371,31954,3454495,418,254079,31667,1433020,0.176284,42484,3272942,0.402623,33440,4705962,0.578907,8129050
3,2021-04-27,91665,7761610,48126,4009497,41780,3496275,1759,255838,36233,1416691,0.174275,55096,3328038,0.409401,38767,4744729,0.583676,8129050
3,2021-04-28,87456,7849066,49705,4059202,35597,3531872,2154,257992,35598,1403454,0.172647,51534,3379572,0.41574,38297,4783026,0.588387,8129050
3,2021-04-29,89777,7938843,51300,4110502,36241,3568113,2236,260228,31968,1380711,0.169849,57433,3437005,0.422805,34690,4817716,0.592654,8129050
3,2021-04-30,91352,8030195,51565,4162067,37292,3605405,2495,262723,33934,1360587,0.167373,57017,3494022,0.429819,36893,4854609,0.597193,8129050
3,2021-05-01,55951,8086146,35077,4197144,19384,3624789,1490,264213,20146,1347214,0.165728,35499,3529521,0.434186,22126,4876735,0.599915,8129050
3,2021-05-02,27127,8113273,18518,4215662,7586,3632375,1023,265236,9929,1341186,0.164987,17080,3546601,0.436287,11052,4887787,0.601274,8129050
3,2021-05-03,60186,8173459,35344,4251006,22456,3654831,2386,267622,17510,1318837,0.162238,42424,3589025,0.441506,20075,4907862,0.603744,8129050
3,2021-05-04,78053,8251512,45123,4296129,30236,3685067,2694,270316,22625,1289324,0.158607,55105,3644130,0.448285,25592,4933454,0.606892,8129050
3,2021-05-05,79592,8331104,47777,4343906,29092,3714159,2723,273039,21994,1257114,0.154645,57225,3701355,0.455324,25015,4958469,0.609969,8129050
3,2021-05-06,83907,8415011,53101,4397007,28262,3742421,2544,275583,20701,1218203,0.149858,62697,3764052,0.463037,23786,4982255,0.612895,8129050
3,2021-05-07,82909,8497920,51650,4448657,28608,3771029,2651,278234,21966,1182552,0.145472,60566,3824618,0.470488,24915,5007170,0.61596,8129050
3,2021-05-08,52962,8550882,32830,4481487,18403,3789432,1729,279963,14003,1159872,0.142682,38677,3863295,0.475246,15997,5023167,0.617928,8129050
3,2021-05-09,21080,8571962,15413,4496900,4874,3794306,793,280756,5498,1150749,0.14156,15481,3878776,0.47715,6358,5029525,0.61871,8129050
3,2021-05-10,48435,8620397,26063,4522963,20453,3814759,1919,282675,11220,1127149,0.138657,36993,3915769,0.481701,13393,5042918,0.620358,8129050
3,2021-05-11,64509,8684906,36195,4559158,26082,3840841,2232,284907,16209,1098025,0.135074,48030,3963799,0.487609,18906,5061824,0.622683,8129050
3,2021-05-12,65233,8750139,37487,4596645,25330,3866171,2416,287323,16637,1069089,0.131515,48307,4012106,0.493552,19371,5081195,0.625066,8129050
3,2021-05-13,75886,8826025,47819,4644464,26137,3892308,1930,289253,27669,1051365,0.129334,47951,4060057,0.49945,30227,5111422,0.628785,8129050
3,2021-05-14,80827,8906852,51028,4695492,27639,3919947,2160,291413,31275,1036168,0.127465,49234,4109291,0.505507,34037,5145459,0.632972,8129050
3,2021-05-15,62508,8969360,43104,4738596,18181,3938128,1223,292636,25826,1026994,0.126336,36455,4145746,0.509991,27281,5172740,0.636328,8129050
3,2021-05-16,33339,9002699,24932,4763528,7715,3945843,692,293328,13452,1021474,0.125657,19758,4165504,0.512422,14238,5186978,0.638079,8129050
3,2021-05-17,57252,9059951,36453,4799981,18938,3964781,1861,295189,21085,1008750,0.124092,35879,4201383,0.516836,23155,5210133,0.640928,8129050
3,2021-05-18,64783,9124734,38246,4838227,24662,3989443,1875,297064,24324,995176,0.122422,40172,4241555,0.521777,26598,5236731,0.6442,8129050
3,2021-05-19,64247,9188981,39045,4877272,23439,4012882,1763,298827,24838,982913,0.120914,39144,4280699,0.526593,26881,5263612,0.647506,8129050
3,2021-05-20,62098,9251079,36345,4913617,23893,4036775,1860,300687,22278,967877,0.119064,39515,4320214,0.531454,24479,5288091,0.650518,8129050
3,2021-05-21,66442,9317521,40383,4954000,23943,4060718,2116,302803,23737,951672,0.117071,42366,4362580,0.536665,26161,5314252,0.653736,8129050
3,2021-05-22,45970,9363491,30470,4984470,14024,4074742,1476,304279,19123,945914,0.116362,26614,4389194,0.539939,20856,5335108,0.656302,8129050
3,2021-05-23,21770,9385261,15066,4999536,6050,4080792,654,304933,9195,943394,0.116052,12482,4401676,0.541475,9962,5345070,0.657527,8129050
3,2021-05-24,39864,9425125,23331,5022867,14761,4095553,1772,306705,14786,935283,0.115054,24868,4426544,0.544534,16757,5361827,0.659588,8129050
3,2021-05-25,43049,9468174,24213,5047080,17145,4112698,1691,308396,15260,924970,0.113786,27498,4454042,0.547917,17185,5379012,0.661702,8129050
3,2021-05-26,42676,9510850,24426,5071506,16505,4129203,1745,310141,15987,916460,0.112739,26377,4480419,0.551161,17867,5396879,0.6639,8129050
3,2021-05-27,39549,9550399,22178,5093684,15612,4144815,1759,311900,15465,910030,0.111948,23906,4504325,0.554102,17476,5414355,0.66605,8129050
3,2021-05-28,43106,9593505,24367,5118051,16930,4161745,1809,313709,17910,905095,0.111341,24977,4529302,0.557175,20042,5434397,0.668516,8129050
3,2021-05-29,23535,9617040,14376,5132427,8318,4170063,841,314550,10979,904637,0.111284,12412,4541714,0.558702,11954,5446351,0.669986,8129050
3,2021-05-30,10655,9627695,6910,5139337,3108,4173171,637,315187,4477,903699,0.111169,6096,4547810,0.559452,5158,5451509,0.670621,8129050
3,2021-05-31,4702,9632397,2723,5142060,1712,4174883,267,315454,1472,902293,0.110996,3175,4550985,0.559842,1769,5453278,0.670838,8129050
3,2021-06-01,37926,9670323,21824,5163884,14649,4189532,1453,316907,13247,892765,0.109824,24422,4575407,0.562846,14894,5468172,0.67267,8129050
3,2021-06-02,31580,9701903,18150,5182034,12009,4201541,1421,318328,11676,886310,0.10903,19693,4595100,0.565269,13238,5481410,0.674299,8129050
3,2021-06-03,39765,9741668,27196,5209230,11126,4212667,1443,319771,11474,871361,0.107191,28105,4623205,0.568726,13156,5494566,0.675917,8129050
3,2021-06-04,46319,9787987,32761,5241991,12007,4224674,1551,321322,13154,853574,0.105003,32913,4656118,0.572775,15126,5509692,0.677778,8129050
3,2021-06-05,34433,9822420,25949,5267940,7297,4231971,1187,322509,8727,838194,0.103111,25492,4681610,0.575911,10112,5519804,0.679022,8129050
3,2021-06-06,14685,9837105,12252,5280192,1847,4233818,586,323095,3702,831731,0.102316,10918,4692528,0.577254,4455,5524259,0.67957,8129050
3,2021-06-07,30474,9867579,22147,5302339,7040,4240858,1287,324382,8737,820290,0.100908,21585,4714113,0.579909,10144,5534403,0.680818,8129050
3,2021-06-08,34390,9901969,24684,5327023,8410,4249268,1296,325678,9942,807519,0.099337,24236,4738349,0.582891,11465,5545868,0.682228,8129050
3,2021-06-09,33043,9935012,23960,5350983,7776,4257044,1307,326985,8868,793872,0.097659,23988,4762337,0.585842,10341,5556209,0.6835,8129050
3,2021-06-10,32569,9967581,23482,5374465,7552,4264596,1535,328520,8954,781107,0.096088,23453,4785790,0.588727,10688,5566897,0.684815,8129050
3,2021-06-11,35685,10003266,25235,5399700,9075,4273671,1375,329895,10590,768357,0.09452,24892,4810682,0.591789,12142,5579039,0.686309,8129050
3,2021-06-12,25288,10028554,19061,5418761,5332,4279003,895,330790,6692,757628,0.0932,18479,4829161,0.594062,7750,5586789,0.687262,8129050
3,2021-06-13,10162,10038716,7605,5426366,2066,4281069,491,331281,2368,752822,0.092609,7740,4836901,0.595014,2934,5589723,0.687623,8129050
3,2021-06-14,25863,10064579,18532,5444898,5902,4286971,1429,332710,8081,744830,0.091626,17645,4854546,0.597185,9653,5599376,0.688811,8129050
3,2021-06-15,28877,10093456,19538,5464436,7822,4294793,1517,334227,9704,737282,0.090697,18938,4873484,0.599515,11390,5610766,0.690212,8129050
3,2021-06-16,25987,10119443,18464,5482900,6102,4300895,1421,335648,8762,730576,0.089872,17041,4890525,0.601611,10335,5621101,0.691483,8129050
3,2021-06-17,24953,10144396,17866,5500766,5789,4306684,1298,336946,8666,724553,0.089131,16125,4906650,0.603595,10102,5631203,0.692726,8129050
3,2021-06-18,28064,10172460,19817,5520583,6674,4313358,1573,338519,9807,718077,0.088335,18022,4924672,0.605812,11546,5642749,0.694146,8129050
3,2021-06-19,16046,10188506,11783,5532366,3400,4316758,863,339382,5753,714640,0.087912,10162,4934834,0.607062,6725,5649474,0.694973,8129050
3,2021-06-20,6894,10195400,5171,5537537,1421,4318179,302,339684,2607,713374,0.087756,4228,4939062,0.607582,2962,5652436,0.695338,8129050
3,2021-06-21,16267,10211667,10268,5547805,4597,4322776,1402,341086,8095,714916,0.087946,8077,4947139,0.608575,9619,5662055,0.696521,8129050
3,2021-06-22,22117,10233784,15505,5563310,5314,4328090,1298,342384,8263,710910,0.087453,13723,4960862,0.610263,9717,5671772,0.697716,8129050
3,2021-06-23,20298,10254082,14213,5577523,4744,4332834,1341,343725,8031,708272,0.087129,12148,4973010,0.611758,9510,5681282,0.698886,8129050
3,2021-06-24,19983,10274065,13909,5591432,4620,4337454,1454,345179,7791,705613,0.086801,12011,4985021,0.613235,9352,5690634,0.700037,8129050
3,2021-06-25,23336,10297401,16557,5607989,5356,4342810,1423,346602,9119,702203,0.086382,14078,4999099,0.614967,10668,5701302,0.701349,8129050
3,2021-06-26,14026,10311427,10417,5618406,2834,4345644,775,347377,5855,700927,0.086225,8065,5007164,0.615959,6789,5708091,0.702184,8129050
3,2021-06-27,6707,10318134,5192,5623598,1207,4346851,308,347685,2862,700333,0.086152,3799,5010963,0.616427,3205,5711296,0.702579,8129050
3,2021-06-28,16009,10334143,12310,5635908,2615,4349466,1084,348769,6739,699137,0.086005,9126,5020089,0.617549,7930,5719226,0.703554,8129050
3,2021-06-29,18094,10352237,12746,5648654,4340,4353806,1008,349777,7398,697125,0.085757,10549,5030638,0.618847,8537,5727763,0.704604,8129050
3,2021-06-30,17069,10369306,12094,5660748,3934,4357740,1041,350818,7344,696093,0.08563,9566,5040204,0.620024,8534,5736297,0.705654,8129050
3,2021-07-01,16350,10385656,11649,5672397,3630,4361370,1071,351889,6879,694808,0.085472,9334,5049538,0.621172,8049,5744346,0.706644,8129050
3,2021-07-02,18454,10404110,13120,5685517,4231,4365601,1103,352992,7869,693409,0.0853,10467,5060005,0.62246,9068,5753414,0.70776,8129050
3,2021-07-03,10108,10414218,7302,5692819,2366,4367967,440,353432,4329,692579,0.085198,5702,5065707,0.623161,4872,5758286,0.708359,8129050
3,2021-07-04,727,10414945,427,5693246,213,4368180,87,353519,280,692522,0.085191,440,5066147,0.623215,383,5758669,0.708406,8129050
3,2021-07-05,9541,10424486,6976,5700222,2141,4370321,424,353943,4309,692159,0.085146,5159,5071306,0.62385,4796,5763465,0.708996,8129050
3,2021-07-06,19078,10443564,13832,5714054,4127,4374448,1119,355062,6899,688298,0.084671,12003,5083309,0.625326,8142,5771607,0.709998,8129050
3,2021-07-07,15746,10459310,11175,5725229,3457,4377905,1114,356176,6345,686604,0.084463,9261,5092570,0.626466,7567,5779174,0.710929,8129050
3,2021-07-08,15324,10474634,11063,5736292,3264,4381169,997,357173,6205,684904,0.084254,8992,5101562,0.627572,7292,5786466,0.711826,8129050
3,2021-07-09,17613,10492247,12276,5748568,4117,4385286,1220,358393,7278,683313,0.084058,10200,5111762,0.628826,8609,5795075,0.712885,8129050
3,2021-07-10,10855,10503102,7989,5756557,2201,4387487,665,359058,4602,682486,0.083956,6183,5117945,0.629587,5356,5800431,0.713544,8129050
3,2021-07-11,5121,10508223,3791,5760348,1055,4388542,275,359333,2310,682329,0.083937,2762,5120707,0.629927,2605,5803036,0.713864,8129050
3,2021-07-12,14326,10522549,10444,5770792,2880,4391422,1002,360335,5711,680573,0.083721,8537,5129244,0.630977,6781,5809817,0.714698,8129050
3,2021-07-13,15117,10537666,10677,5781469,3528,4394950,912,361247,6639,679823,0.083629,8382,5137626,0.632008,7632,5817449,0.715637,8129050
3,2021-07-14,14399,10552065,10219,5791688,3265,4398215,915,362162,6420,679341,0.08357,7878,5145504,0.632977,7396,5824845,0.716547,8129050
3,2021-07-15,14719,10566784,10638,5802326,3241,4401456,840,363002,6735,679104,0.08354,7886,5153390,0.633947,7649,5832494,0.717488,8129050
3,2021-07-16,17739,10584523,12747,5815073,4100,4405556,892,363894,8467,679371,0.083573,9163,5162553,0.635075,9430,5841924,0.718648,8129050
3,2021-07-17,11263,10595786,8250,5823323,2481,4408037,532,364426,5354,679487,0.083588,5837,5168390,0.635793,5953,5847877,0.71938,8129050
3,2021-07-18,5742,10601528,4337,5827660,1154,4409191,251,364677,2826,679717,0.083616,2873,5171263,0.636146,3103,5850980,0.719762,8129050
3,2021-07-19,14858,10616386,10872,5838532,3108,4412299,878,365555,7289,680488,0.083711,7469,5178732,0.637065,8240,5859220,0.720775,8129050
3,2021-07-20,16512,10632898,11492,5850024,4117,4416416,903,366458,8489,682056,0.083904,7905,5186637,0.638037,9473,5868693,0.721941,8129050
3,2021-07-21,15942,10648840,11286,5861310,3788,4420204,868,367326,8020,683227,0.084048,7794,5194431,0.638996,8965,5877658,0.723044,8129050
3,2021-07-22,16320,10665160,11529,5872839,3828,4424032,963,368289,8479,685015,0.084268,7715,5202146,0.639945,9503,5887161,0.724213,8129050
3,2021-07-23,19229,10684389,13704,5886543,4513,4428545,1012,369301,10336,687700,0.084598,8750,5210896,0.641022,11435,5898596,0.725619,8129050
3,2021-07-24,11553,10695942,8324,5894867,2651,4431196,578,369879,6370,689583,0.084829,5102,5215998,0.641649,6985,5905581,0.726479,8129050
3,2021-07-25,5635,10701577,4225,5899092,1200,4432396,210,370089,4074,692403,0.085176,1514,5217512,0.641835,4334,5909915,0.727012,8129050
3,2021-07-26,15421,10716998,10720,5909812,3735,4436131,966,371055,9314,696748,0.085711,5996,5223508,0.642573,10341,5920256,0.728284,8129050
3,2021-07-27,17444,10734442,12338,5922150,4132,4440263,974,372029,9993,700470,0.086169,7319,5230827,0.643473,11041,5931297,0.729642,8129050
3,2021-07-28,17038,10751480,12203,5934353,3797,4444060,1038,373067,9838,704338,0.086645,7057,5237884,0.644341,10925,5942222,0.730986,8129050
3,2021-07-29,16849,10768329,12129,5946482,3688,4447748,1032,374099,9940,708650,0.087175,6733,5244617,0.64517,11045,5953267,0.732345,8129050
3,2021-07-30,19591,10787920,13836,5960318,4673,4452421,1082,375181,11374,713182,0.087733,8013,5252630,0.646155,12545,5965812,0.733888,8129050
3,2021-07-31,12204,10800124,8842,5969160,2707,4455128,655,375836,7109,716059,0.088086,4952,5257582,0.646765,7829,5973641,0.734851,8129050
3,2021-08-01,6486,10806610,4942,5974102,1287,4456415,257,376093,4200,718327,0.088365,2224,5259806,0.647038,4492,5978133,0.735404,8129050
3,2021-08-02,16602,10823212,12052,5986154,3619,4460034,931,377024,10331,723510,0.089003,6144,5265950,0.647794,11327,5989460,0.736797,8129050
3,2021-08-03,18411,10841623,13284,5999438,4021,4464055,1106,378130,10984,728403,0.089605,7251,5273201,0.648686,12144,6001604,0.738291,8129050
3,2021-08-04,17570,10859193,12619,6012057,3937,4467992,1014,379144,10471,733002,0.090171,6936,5280137,0.649539,11535,6013139,0.73971,8129050
3,2021-08-05,17933,10877126,12958,6025015,3825,4471817,1150,380294,10827,738107,0.090799,6942,5287079,0.650393,12047,6025186,0.741192,8129050
3,2021-08-06,21723,10898849,15741,6040756,4826,4476643,1156,381450,12839,743482,0.09146,8687,5295766,0.651462,14062,6039248,0.742922,8129050
3,2021-08-07,12756,10911605,9486,6050242,2651,4479294,619,382069,7472,746479,0.091829,5145,5300911,0.652095,8142,6047390,0.743923,8129050
3,2021-08-08,7577,10919182,5800,6056042,1536,4480830,241,382310,4685,748633,0.092094,2808,5303719,0.65244,4962,6052352,0.744534,8129050
3,2021-08-09,18306,10937488,13699,6069741,3538,4484368,1069,383379,10365,752360,0.092552,7780,5311499,0.653397,11507,6063859,0.745949,8129050
3,2021-08-10,18515,10956003,13563,6083304,3954,4488322,998,384377,10441,755932,0.092991,7907,5319406,0.65437,11479,6075338,0.747361,8129050
3,2021-08-11,16543,10972546,11975,6095279,3542,4491864,1026,385403,9213,759096,0.093381,7131,5326537,0.655247,10295,6085633,0.748628,8129050
3,2021-08-12,18085,10990631,12761,6108040,4247,4496111,1077,386480,9934,762214,0.093764,7941,5334478,0.656224,11059,6096692,0.749988,8129050
3,2021-08-13,22543,11013174,15998,6124038,5390,4501501,1155,387635,12294,765920,0.09422,9813,5344291,0.657431,13519,6110211,0.751651,8129050
3,2021-08-14,14661,11027835,10322,6134360,3723,4505224,616,388251,7633,768109,0.094489,6112,5350403,0.658183,8301,6118512,0.752672,8129050
3,2021-08-15,8338,11036173,6045,6140405,2008,4507232,285,388536,4187,769236,0.094628,3371,5353774,0.658598,4498,6123010,0.753226,8129050
3,2021-08-16,20626,11056799,14209,6154614,5427,4512659,990,389526,9786,771195,0.094869,8903,5362677,0.659693,10862,6133872,0.754562,8129050
3,2021-08-17,21056,11077855,14277,6168891,5747,4518406,1032,390558,9675,772824,0.095069,9187,5371864,0.660823,10816,6144688,0.755893,8129050
3,2021-08-18,20925,11098780,13947,6182838,5982,4524388,996,391554,9426,774406,0.095264,8930,5380794,0.661922,10512,6155200,0.757186,8129050
3,2021-08-19,20751,11119531,13731,6196569,5986,4530374,1034,392588,9060,775709,0.095424,8850,5389644,0.66301,10153,6165353,0.758435,8129050
3,2021-08-20,25452,11144983,17240,6213809,7190,4537564,1022,393610,10679,776226,0.095488,11282,5400926,0.664398,11799,6177152,0.759886,8129050
3,2021-08-21,9375,11154358,6377,6220186,2489,4540053,509,394119,3545,775836,0.09544,4500,5405426,0.664952,4110,6181262,0.760392,8129050
4,2020-12-15,471,471,471,471,0,0,0,0,471,471,5.9e-05,0,0,0.0,471,471,5.9e-05,8037679
4,2020-12-16,3095,3566,3095,3566,0,0,0,0,3095,3566,0.000444,0,0,0.0,3095,3566,0.000444,8037679
4,2020-12-17,9080,12646,9080,12646,0,0,0,0,9081,12647,0.001573,0,0,0.0,9081,12647,0.001573,8037679
4,2020-12-18,16351,28997,16338,28984,13,13,0,0,16350,28997,0.003608,0,0,0.0,16350,28997,0.003608,8037679
4,2020-12-19,10443,39440,10433,39417,10,23,0,0,10380,39377,0.004899,0,0,0.0,10380,39377,0.004899,8037679
4,2020-12-20,7488,46928,7474,46891,14,37,0,0,7443,46820,0.005825,0,0,0.0,7443,46820,0.005825,8037679
4,2020-12-21,16514,63442,16481,63372,33,70,0,0,16446,63265,0.007871,1,1,0.0,16446,63266,0.007871,8037679
4,2020-12-22,17314,80756,16548,79920,766,836,0,0,17269,80530,0.010019,4,5,1e-06,17269,80535,0.01002,8037679
4,2020-12-23,17283,98039,14483,94403,2800,3636,0,0,17261,97789,0.012166,2,7,1e-06,17261,97796,0.012167,8037679
4,2020-12-24,8648,106687,6009,100412,2639,6275,0,0,8646,106434,0.013242,1,8,1e-06,8646,106442,0.013243,8037679
4,2020-12-25,914,107601,809,101221,105,6380,0,0,914,107348,0.013356,0,8,1e-06,914,107356,0.013357,8037679
4,2020-12-26,6253,113854,3919,105140,2334,8714,0,0,6253,113601,0.014134,0,8,1e-06,6253,113609,0.014135,8037679
4,2020-12-27,3481,117335,2012,107152,1469,10183,0,0,3481,117082,0.014567,0,8,1e-06,3481,117090,0.014568,8037679
4,2020-12-28,15327,132662,9460,116612,5867,16050,0,0,15300,132379,0.01647,3,11,1e-06,15300,132390,0.016471,8037679
4,2020-12-29,15949,148611,8950,125562,6999,23049,0,0,15915,148293,0.01845,1,12,1e-06,15915,148305,0.018451,8037679
4,2020-12-30,19486,168097,11421,136983,8065,31114,0,0,19475,167766,0.020872,2,14,2e-06,19475,167780,0.020874,8037679
4,2020-12-31,8390,176487,3388,140371,5002,36116,0,0,8377,176134,0.021914,9,23,3e-06,8377,176157,0.021916,8037679
4,2021-01-01,1833,178320,837,141208,996,37112,0,0,1826,177956,0.02214,4,27,3e-06,1826,177983,0.022144,8037679
4,2021-01-02,5793,184113,3268,144476,2525,39637,0,0,5791,183746,0.022861,1,28,3e-06,5791,183774,0.022864,8037679
4,2021-01-03,2173,186286,1279,145755,894,40531,0,0,2159,185902,0.023129,3,31,4e-06,2159,185933,0.023133,8037679
4,2021-01-04,13127,199413,7092,152847,6035,46566,0,0,13078,198953,0.024753,27,58,7e-06,13078,199011,0.02476,8037679
4,2021-01-05,17109,216522,10129,162976,6980,53546,0,0,14856,211603,0.026326,2224,2282,0.000284,14874,213885,0.02661,8037679
4,2021-01-06,21868,238390,13400,176376,8468,62014,0,0,15670,221142,0.027513,6150,8432,0.001049,15689,229574,0.028562,8037679
4,2021-01-07,28253,266643,17239,193615,11014,73028,0,0,16824,226620,0.028195,11368,19800,0.002463,16846,246420,0.030658,8037679
4,2021-01-08,33212,299855,21326,214941,11886,84914,0,0,18480,230463,0.028673,14666,34466,0.004288,18509,264929,0.032961,8037679
4,2021-01-09,16433,316288,9720,224661,6713,91627,0,0,9541,233136,0.029005,6881,41347,0.005144,9554,274483,0.03415,8037679
4,2021-01-10,8858,325146,5718,230379,3140,94767,0,0,4217,232733,0.028955,4630,45977,0.00572,4227,278710,0.034675,8037679
4,2021-01-11,33871,359017,22239,252618,11632,106399,0,0,19086,237111,0.0295,14756,60733,0.007556,19134,297844,0.037056,8037679
4,2021-01-12,38919,397936,22454,275072,16465,122864,0,0,24476,247252,0.030762,14386,75119,0.009346,24527,322371,0.040107,8037679
4,2021-01-13,39251,437187,19456,294528,19795,142659,0,0,27791,263655,0.032802,11417,86536,0.010766,27820,350191,0.043569,8037679
4,2021-01-14,39805,476992,15348,309876,24457,167116,0,0,32524,288970,0.035952,7242,93778,0.011667,32557,382748,0.047619,8037679
4,2021-01-15,45905,522897,16078,325954,29827,196943,0,0,40205,323572,0.040257,5629,99407,0.012368,40231,422979,0.052625,8037679
4,2021-01-16,29053,551950,9447,335401,19606,216549,0,0,25872,346312,0.043086,3149,102556,0.012759,25889,448868,0.055845,8037679
4,2021-01-17,19109,571059,6617,342018,12492,229041,0,0,17437,362111,0.045052,1650,104206,0.012965,17449,466317,0.058016,8037679
4,2021-01-18,29726,600785,13782,355800,15944,244985,0,0,23666,379817,0.047255,5993,110199,0.01371,23699,490016,0.060965,8037679
4,2021-01-19,46717,647502,23355,379155,23362,268347,0,0,36912,407046,0.050642,9758,119957,0.014924,36987,527003,0.065567,8037679
4,2021-01-20,53127,700629,28362,407517,24765,293112,0,0,42386,438857,0.0546,10641,130598,0.016248,42452,569455,0.070848,8037679
4,2021-01-21,58470,759099,26290,433807,32180,325292,0,0,51533,483591,0.060166,6850,137448,0.0171,51584,621039,0.077266,8037679
4,2021-01-22,55937,815036,22437,456244,33500,358792,0,0,50649,529055,0.065822,5217,142665,0.01775,50681,671720,0.083571,8037679
4,2021-01-23,39994,855030,17430,473674,22564,381356,0,0,35607,560317,0.069711,4377,147042,0.018294,35639,707359,0.088005,8037679
4,2021-01-24,24279,879309,10567,484241,13712,395068,0,0,22362,580796,0.072259,1906,148948,0.018531,22385,729744,0.09079,8037679
4,2021-01-25,48524,927833,22403,506644,26121,421189,0,0,37183,606729,0.075486,11309,160257,0.019938,37242,766986,0.095424,8037679
4,2021-01-26,57474,985307,29281,535925,28193,449382,0,0,45011,639378,0.079548,12426,172683,0.021484,45075,812061,0.101032,8037679
4,2021-01-27,56940,1042247,27039,562964,29901,479283,0,0,45683,673938,0.083847,11179,183862,0.022875,45739,857800,0.106722,8037679
4,2021-01-28,57620,1099867,26023,588987,31597,510880,0,0,47322,711114,0.088473,10195,194057,0.024143,47371,905171,0.112616,8037679
4,2021-01-29,57421,1157288,27450,616437,29971,540851,0,0,46801,747531,0.093003,10420,204477,0.02544,46837,952008,0.118443,8037679
4,2021-01-30,38724,1196012,17365,633802,21359,562210,0,0,33272,775440,0.096476,5396,209873,0.026111,33305,985313,0.122587,8037679
4,2021-01-31,24506,1220518,12773,646575,11733,573943,0,0,22773,796520,0.099098,1710,211583,0.026324,22790,1008103,0.125422,8037679
4,2021-02-01,50423,1270941,24255,670830,26168,600111,0,0,38548,823304,0.102431,11811,223394,0.027793,38595,1046698,0.130224,8037679
4,2021-02-02,56284,1327225,25844,696674,30440,630551,0,0,43165,853491,0.106186,13032,236426,0.029415,43219,1089917,0.135601,8037679
4,2021-02-03,62858,1390083,30838,727512,32020,662571,0,0,48126,887097,0.110367,14580,251006,0.031229,48186,1138103,0.141596,8037679
4,2021-02-04,68393,1458476,31795,759307,36598,699169,0,0,51354,921704,0.114673,16865,267871,0.033327,51472,1189575,0.148,8037679
4,2021-02-05,73963,1532439,34229,793536,39734,738903,0,0,51287,950738,0.118285,22392,290263,0.036113,51426,1241001,0.154398,8037679
4,2021-02-06,49182,1581621,26383,819919,22799,761702,0,0,37510,976850,0.121534,11601,301864,0.037556,37713,1278714,0.15909,8037679
4,2021-02-07,26740,1608361,17664,837583,9076,770778,0,0,20150,990697,0.123257,6553,308417,0.038371,20400,1299114,0.161628,8037679
4,2021-02-08,59321,1667682,30466,868049,28855,799633,0,0,38453,1008689,0.125495,20724,329141,0.04095,38716,1337830,0.166445,8037679
4,2021-02-09,67970,1735652,34424,902473,33546,833179,0,0,39721,1020807,0.127003,28051,357192,0.04444,40169,1377999,0.171442,8037679
4,2021-02-10,78224,1813876,39148,941621,39076,872255,0,0,41030,1025457,0.127581,36940,394132,0.049036,41590,1419589,0.176617,8037679
4,2021-02-11,82437,1896313,43030,984651,39407,911662,0,0,41848,1027681,0.127858,40306,434438,0.05405,42530,1462119,0.181908,8037679
4,2021-02-12,85388,1981701,38276,1022927,47112,958774,0,0,43814,1030995,0.12827,41294,475732,0.059188,44608,1506727,0.187458,8037679
4,2021-02-13,59404,2041105,30025,1052952,29379,988153,0,0,30129,1032912,0.128509,29124,504856,0.062811,31041,1537768,0.19132,8037679
4,2021-02-14,37205,2078310,19329,1072281,17876,1006029,0,0,18979,1034397,0.128693,18163,523019,0.065071,19648,1557416,0.193764,8037679
4,2021-02-15,46785,2125095,21952,1094233,24833,1030862,0,0,23910,1036725,0.128983,22782,545801,0.067905,25110,1582526,0.196888,8037679
4,2021-02-16,81180,2206275,37262,1131495,43918,1074780,0,0,41114,1039154,0.129285,39911,585712,0.072871,42340,1624866,0.202156,8037679
4,2021-02-17,82540,2288815,39031,1170526,43509,1118289,0,0,39116,1036219,0.12892,43197,628909,0.078245,40262,1665128,0.207165,8037679
4,2021-02-18,84523,2373338,46537,1217063,37986,1156275,0,0,38903,1031190,0.128294,45405,674314,0.083894,40376,1705504,0.212189,8037679
4,2021-02-19,83807,2457145,52785,1269848,31022,1187297,0,0,41731,1031723,0.128361,41882,716196,0.089105,42415,1747919,0.217466,8037679
4,2021-02-20,50206,2507351,33413,1303261,16793,1204090,0,0,27008,1036340,0.128935,23104,739300,0.091979,27721,1775640,0.220915,8037679
4,2021-02-21,30587,2537938,24257,1327518,6330,1210420,0,0,14640,1035442,0.128824,15854,755154,0.093952,14956,1790596,0.222775,8037679
4,2021-02-22,56003,2593941,38442,1365960,17561,1227981,0,0,26918,1033933,0.128636,28902,784056,0.097548,27393,1817989,0.226183,8037679
4,2021-02-23,77668,2671609,43068,1409028,34600,1262581,0,0,33994,1026172,0.12767,43446,827502,0.102953,35685,1853674,0.230623,8037679
4,2021-02-24,92854,2764463,49083,1458111,43771,1306352,0,0,41637,1019061,0.126785,50931,878433,0.109289,43820,1897494,0.236075,8037679
4,2021-02-25,104605,2869068,54781,1512892,49824,1356176,0,0,49638,1016638,0.126484,54726,933159,0.116098,52303,1949797,0.242582,8037679
4,2021-02-26,110610,2979678,55875,1568767,54735,1410911,0,0,56202,1021118,0.127041,54085,987244,0.122827,58565,2008362,0.249868,8037679
4,2021-02-27,80693,3060371,43884,1612651,36796,1447707,13,13,42619,1027425,0.127826,37837,1025081,0.127534,44144,2052506,0.255361,8037679
4,2021-02-28,49874,3110245,30764,1643415,19103,1466810,7,20,27142,1032972,0.128516,22514,1047595,0.130336,28061,2080567,0.258852,8037679
4,2021-03-01,81588,3191833,47743,1691158,33790,1500600,55,75,44854,1042768,0.129735,36364,1083959,0.13486,46160,2126727,0.264595,8037679
4,2021-03-02,90447,3282280,51840,1742998,38596,1539196,11,86,52774,1059939,0.131871,37455,1121414,0.13952,54626,2181353,0.271391,8037679
4,2021-03-03,104382,3386662,55442,1798440,48919,1588115,21,107,58030,1073681,0.133581,46107,1167521,0.145256,59849,2241202,0.278837,8037679
4,2021-03-04,102637,3489299,57156,1855596,45462,1633577,19,126,55790,1084704,0.134952,46583,1214104,0.151052,57606,2298808,0.286004,8037679
4,2021-03-05,98751,3588050,53267,1908863,45156,1678733,328,454,57733,1103958,0.137348,40768,1254872,0.156124,60022,2358830,0.293472,8037679
4,2021-03-06,77715,3665765,43766,1952629,31297,1710030,2652,3106,47481,1125305,0.140004,30090,1284962,0.159867,51437,2410267,0.299871,8037679
4,2021-03-07,45253,3711018,27717,1980346,15312,1725342,2224,5330,26361,1136137,0.141351,18800,1303762,0.162206,29632,2439899,0.303558,8037679
4,2021-03-08,68752,3779770,35903,2016249,29438,1754780,3411,8741,45066,1162351,0.144613,23540,1327302,0.165135,49754,2489653,0.309748,8037679
4,2021-03-09,82848,3862618,41811,2058060,35730,1790510,5307,14048,44625,1175261,0.146219,38021,1365323,0.169865,50931,2540584,0.316084,8037679
4,2021-03-10,92840,3955458,47881,2105941,37384,1827894,7575,21623,46654,1184356,0.14735,45959,1411282,0.175583,55054,2595638,0.322934,8037679
4,2021-03-11,101832,4057290,53370,2159311,39904,1867798,8558,30181,46948,1186184,0.147578,54599,1465881,0.182376,56427,2652065,0.329954,8037679
4,2021-03-12,105657,4162947,52011,2211322,43250,1911048,10396,40577,45190,1182305,0.147095,60157,1526038,0.189861,56278,2708343,0.336956,8037679
4,2021-03-13,82271,4245218,38091,2249413,35629,1946677,8551,49128,38907,1187496,0.147741,43213,1569251,0.195237,48404,2756747,0.342978,8037679
4,2021-03-14,50227,4295445,28606,2278019,17963,1964640,3658,52786,23468,1188518,0.147868,26653,1595904,0.198553,27675,2784422,0.346421,8037679
4,2021-03-15,84422,4379867,45408,2323427,34703,1999343,4311,57097,42787,1195038,0.148679,41326,1637230,0.203694,47846,2832268,0.352374,8037679
4,2021-03-16,108745,4488612,56576,2380003,48717,2048060,3452,60549,57081,1204804,0.149895,51384,1688614,0.210087,61150,2893418,0.359982,8037679
4,2021-03-17,108274,4596886,58287,2438290,46460,2094520,3527,64076,63156,1227131,0.152672,44821,1733435,0.215664,67148,2960566,0.368336,8037679
4,2021-03-18,108120,4705006,59988,2498278,44398,2138918,3734,67810,60979,1245353,0.154939,46842,1780277,0.221491,65064,3025630,0.376431,8037679
4,2021-03-19,112585,4817591,64777,2563055,42558,2181476,5250,73060,63718,1266076,0.157518,48558,1828835,0.227533,69281,3094911,0.38505,8037679
4,2021-03-20,85011,4902602,49772,2612827,32189,2213665,3050,76110,51810,1288185,0.160268,33005,1861840,0.231639,55114,3150025,0.391907,8037679
4,2021-03-21,48651,4951253,35259,2648086,11130,2224795,2262,78372,28339,1298941,0.161606,20164,1882004,0.234148,30920,3180945,0.395754,8037679
4,2021-03-22,83359,5034612,54389,2702475,26213,2251008,2757,81129,51378,1322052,0.164482,31698,1913702,0.238091,54809,3235754,0.402573,8037679
4,2021-03-23,105989,5140601,63472,2765947,40347,2291355,2170,83299,62063,1343182,0.167111,43624,1957326,0.243519,64754,3300508,0.410629,8037679
4,2021-03-24,114674,5255275,73933,2839880,38292,2329647,2449,85748,63732,1359298,0.169116,50467,2007793,0.249798,66583,3367091,0.418913,8037679
4,2021-03-25,118338,5373613,72788,2912668,43097,2372744,2453,88201,66310,1377004,0.171319,51517,2059310,0.256207,69223,3436314,0.427526,8037679
4,2021-03-26,121067,5494680,73394,2986062,44614,2417358,3059,91260,65186,1390326,0.172976,55472,2114782,0.263109,68794,3505108,0.436085,8037679
4,2021-03-27,92952,5587632,54767,3040829,36367,2453725,1818,93078,46805,1393531,0.173375,45870,2160652,0.268815,49075,3554183,0.44219,8037679
4,2021-03-28,56353,5643985,37244,3078073,18229,2471954,880,93958,29646,1397906,0.173919,26514,2187166,0.272114,30889,3585072,0.446033,8037679
4,2021-03-29,94804,5738789,56759,3134832,35933,2507887,2112,96070,50687,1407430,0.175104,43817,2230983,0.277566,53341,3638413,0.45267,8037679
4,2021-03-30,118374,5857163,64622,3199454,49548,2557435,4204,100274,69608,1433127,0.178301,48487,2279470,0.283598,74184,3712597,0.461899,8037679
4,2021-03-31,122147,5979310,72074,3271528,43734,2601169,6339,106613,68015,1453899,0.180885,53738,2333208,0.290284,74510,3787107,0.471169,8037679
4,2021-04-01,143863,6123173,81963,3353491,48493,2649662,13407,120020,84334,1492416,0.185677,58969,2392177,0.29762,97486,3884593,0.483298,8037679
4,2021-04-02,137761,6260934,73601,3427092,50494,2700156,13666,133686,79185,1527004,0.189981,58246,2450423,0.304867,92834,3977427,0.494848,8037679
4,2021-04-03,101843,6362777,54430,3481522,33894,2734050,13519,147205,53069,1544984,0.192218,48548,2498971,0.310907,66528,4043955,0.503125,8037679
4,2021-04-04,47151,6409928,24903,3506425,14697,2748747,7551,154756,20533,1546385,0.192392,26497,2525468,0.314204,27898,4071853,0.506596,8037679
4,2021-04-05,110561,6520489,62034,3568459,35577,2784324,12950,167706,57279,1563934,0.194575,53027,2578495,0.320801,70576,4142429,0.515376,8037679
4,2021-04-06,139908,6660397,78727,3647186,41263,2825587,19918,187624,72447,1589459,0.197751,67195,2645690,0.329161,92720,4235149,0.526912,8037679
4,2021-04-07,138593,6798990,78545,3725731,39197,2864784,20851,208475,71605,1615270,0.200962,66700,2712390,0.337459,92511,4327660,0.538422,8037679
4,2021-04-08,141076,6940066,78612,3804343,36857,2901641,25607,234082,70278,1640932,0.204155,70465,2782855,0.346226,96127,4423787,0.550381,8037679
4,2021-04-09,138676,7078742,75992,3880335,39484,2941125,23200,257282,66197,1658851,0.206384,72193,2855048,0.355208,90112,4513899,0.561592,8037679
4,2021-04-10,104472,7183214,51497,3931832,33947,2975072,19028,276310,47156,1668776,0.207619,57080,2912128,0.36231,67005,4580904,0.569929,8037679
4,2021-04-11,63021,7246235,38246,3970078,13515,2988587,11260,287570,27570,1673194,0.208169,35324,2947452,0.366704,39742,4620646,0.574873,8037679
4,2021-04-12,103564,7349799,62916,4032994,30343,3018930,10305,297875,52123,1685653,0.209719,51107,2998559,0.373063,63566,4684212,0.582782,8037679
4,2021-04-13,131245,7481044,82371,4115365,48704,3067634,170,298045,78364,1712495,0.213058,52557,3051116,0.379602,79399,4763611,0.59266,8037679
4,2021-04-14,136793,7617837,87288,4202653,49424,3117058,81,298126,75609,1728588,0.215061,60830,3111946,0.38717,76923,4840534,0.60223,8037679
4,2021-04-15,156921,7774758,104311,4306964,52533,3169591,77,298203,95901,1764764,0.219561,60595,3172541,0.394709,96771,4937305,0.61427,8037679
4,2021-04-16,144293,7919051,91441,4398405,52771,3222362,81,298284,83565,1788768,0.222548,60369,3232910,0.402219,84373,5021678,0.624767,8037679
4,2021-04-17,101953,8021004,64000,4462405,37925,3260287,28,298312,59565,1807445,0.224872,42084,3274994,0.407455,60761,5082439,0.632327,8037679
4,2021-04-18,57319,8078323,38797,4501202,18517,3278804,5,298317,32155,1815561,0.225881,25007,3300001,0.410566,33123,5115562,0.636448,8037679
4,2021-04-19,101677,8180000,66968,4568170,34687,3313491,22,298339,51386,1817548,0.226128,50024,3350025,0.41679,52011,5167573,0.642919,8037679
4,2021-04-20,131995,8311995,78576,4646746,53400,3366891,19,298358,68274,1823577,0.226879,63356,3413381,0.424672,69385,5236958,0.651551,8037679
4,2021-04-21,135200,8447195,88236,4734982,46901,3413792,63,298421,67907,1825826,0.227158,66846,3480227,0.432989,69095,5306053,0.660147,8037679
4,2021-04-22,142302,8589497,94425,4829407,47852,3461644,25,298446,63423,1811980,0.225436,78439,3558666,0.442748,64593,5370646,0.668184,8037679
4,2021-04-23,135720,8725217,88309,4917716,47385,3509029,26,298472,58717,1795325,0.223364,76604,3635270,0.452279,59949,5430595,0.675642,8037679
4,2021-04-24,99329,8824546,67051,4984767,32226,3541255,52,298524,45645,1788741,0.222544,53365,3688635,0.458918,46781,5477376,0.681462,8037679
4,2021-04-25,50588,8875134,35660,5020427,14902,3556157,26,298550,26377,1791554,0.222894,24050,3712685,0.46191,26863,5504239,0.684805,8037679
4,2021-04-26,92554,8967688,60722,5081149,31429,3587586,403,298953,36279,1773640,0.220666,55942,3768627,0.46887,38028,5542267,0.689536,8037679
4,2021-04-27,114410,9082098,69942,5151091,42138,3629724,2330,301283,41102,1744915,0.217092,72967,3841594,0.477948,44242,5586509,0.69504,8037679
4,2021-04-28,105022,9187120,68598,5219689,33874,3663598,2550,303833,38318,1720125,0.214008,66333,3907927,0.486201,41543,5628052,0.700209,8037679
4,2021-04-29,106439,9293559,67979,5287668,35917,3699515,2543,306376,34290,1685792,0.209736,71772,3979699,0.49513,37439,5665491,0.704867,8037679
4,2021-04-30,106149,9399708,67228,5354896,36202,3735717,2719,309095,36401,1656256,0.206061,69323,4049022,0.503755,39787,5705278,0.709817,8037679
4,2021-05-01,70066,9469774,46488,5401384,21789,3757506,1789,310884,20426,1629779,0.202767,49322,4098344,0.509891,22845,5728123,0.712659,8037679
4,2021-05-02,37847,9507621,26861,5428245,9686,3767192,1300,312184,10595,1614690,0.20089,27122,4125466,0.513266,12033,5740156,0.714156,8037679
4,2021-05-03,79652,9587273,55547,5483792,21601,3788793,2504,314688,19271,1576719,0.196166,60102,4185568,0.520743,22131,5762287,0.716909,8037679
4,2021-05-04,101851,9689124,69716,5553508,29347,3818140,2788,317476,22703,1523777,0.189579,78817,4264385,0.530549,25875,5788162,0.720129,8037679
4,2021-05-05,102720,9791844,72407,5625915,27554,3845694,2759,320235,21861,1468203,0.182665,80499,4344884,0.540565,24925,5813087,0.72323,8037679
4,2021-05-06,112517,9904361,84307,5710222,25255,3870949,2955,323190,19646,1399567,0.174126,92359,4437243,0.552055,23723,5836810,0.726181,8037679
4,2021-05-07,105425,10009786,75787,5786009,26949,3897898,2689,325879,20720,1339085,0.166601,84302,4521545,0.562544,23820,5860630,0.729145,8037679
4,2021-05-08,70188,10079974,48410,5834419,19843,3917741,1935,327814,13829,1299085,0.161624,56109,4577654,0.569524,16109,5876739,0.731149,8037679
4,2021-05-09,34495,10114469,28219,5862638,5326,3923067,950,328764,7419,1280588,0.159323,26959,4604613,0.572878,8462,5885201,0.732202,8037679
4,2021-05-10,65434,10179903,43811,5906449,19291,3942358,2332,331096,11057,1240134,0.15429,54140,4658753,0.579614,13686,5898887,0.733904,8037679
4,2021-05-11,83637,10263540,52351,5958800,29086,3971444,2200,333296,15862,1191231,0.148206,67507,4726260,0.588013,18604,5917491,0.736219,8037679
4,2021-05-12,80132,10343672,53282,6012082,24369,3995813,2481,335777,16632,1147613,0.142779,63181,4789441,0.595874,19563,5937054,0.738653,8037679
4,2021-05-13,105134,10448806,77374,6089456,26221,4022034,1539,337316,40667,1126760,0.140185,64115,4853556,0.60385,43262,5980316,0.744035,8037679
4,2021-05-14,105456,10554262,74451,6163907,28869,4050903,2136,339452,40555,1105435,0.137532,64554,4918110,0.611882,43229,6023545,0.749413,8037679
4,2021-05-15,86078,10640340,66542,6230449,18198,4069101,1338,340790,37941,1097140,0.1365,47875,4965985,0.617838,39580,6063125,0.754338,8037679
4,2021-05-16,51839,10692179,41762,6272211,9358,4078459,719,341509,21251,1088826,0.135465,30426,4996411,0.621624,22112,6085237,0.757089,8037679
4,2021-05-17,71466,10763645,52205,6324416,17416,4095875,1845,343354,28198,1076063,0.133877,43045,5039456,0.626979,30282,6115519,0.760856,8037679
4,2021-05-18,82113,10845758,53380,6377796,26977,4122852,1756,345110,29308,1055073,0.131266,52428,5091884,0.633502,31438,6146957,0.764768,8037679
4,2021-05-19,77176,10922934,52153,6429949,23070,4145922,1953,347063,30965,1042389,0.129688,45887,5137771,0.639211,33203,6180160,0.768899,8037679
4,2021-05-20,69418,10992352,44629,6474578,22783,4168705,2006,349069,25715,1027060,0.127781,43399,5181170,0.64461,28070,6208230,0.772391,8037679
4,2021-05-21,74134,11066486,48869,6523447,23381,4192086,1884,350953,26107,1007612,0.125361,47705,5228875,0.650545,28257,6236487,0.775906,8037679
4,2021-05-22,50178,11116664,35198,6558645,13703,4205789,1277,352230,21774,1002671,0.124746,28231,5257106,0.654058,23290,6259777,0.778804,8037679
4,2021-05-23,24006,11140670,17122,6575767,6159,4211948,725,352955,9735,999101,0.124302,14142,5271248,0.655817,10572,6270349,0.780119,8037679
4,2021-05-24,43292,11183962,27522,6603289,12753,4224701,3017,355972,15142,989545,0.123113,27916,5299164,0.65929,18360,6288709,0.782404,8037679
4,2021-05-25,45155,11229117,28083,6631372,14235,4238936,2837,358809,15956,979622,0.121879,28942,5328106,0.662891,19019,6307728,0.78477,8037679
4,2021-05-26,44907,11274024,26928,6658300,15366,4254302,2613,361422,15952,969641,0.120637,28718,5356824,0.666464,18737,6326465,0.787101,8037679
4,2021-05-27,39065,11313089,23423,6681723,12499,4266801,3143,364565,14705,963505,0.119874,24147,5380971,0.669468,18011,6344476,0.789342,8037679
4,2021-05-28,43584,11356673,27729,6709452,14243,4281044,1612,366177,18953,959942,0.11943,24346,5405317,0.672497,20783,6365259,0.791927,8037679
4,2021-05-29,23758,11380431,15404,6724856,7419,4288463,935,367112,10871,959151,0.119332,12730,5418047,0.674081,11939,6377198,0.793413,8037679
4,2021-05-30,12108,11392539,8501,6733357,3077,4291540,530,367642,5020,957755,0.119158,7012,5425059,0.674953,5616,6382814,0.794112,8037679
4,2021-05-31,3635,11396174,2312,6735669,1159,4292699,164,367806,1162,956688,0.119025,2414,5427473,0.675254,1347,6384161,0.794279,8037679
4,2021-06-01,39595,11435769,24599,6760268,12541,4305240,2455,370261,13028,946058,0.117703,26327,5453800,0.678529,15697,6399858,0.796232,8037679
4,2021-06-02,32709,11468478,20419,6780687,9479,4314719,2811,373072,10890,938276,0.116735,21627,5475427,0.68122,13845,6413703,0.797955,8037679
4,2021-06-03,48249,11516727,37012,6817699,8774,4323493,2463,375535,10372,913731,0.113681,37694,5513121,0.68591,13149,6426852,0.799591,8037679
4,2021-06-04,54966,11571693,44247,6861946,9389,4332882,1330,376865,12722,886604,0.110306,41992,5555113,0.691134,14865,6441717,0.80144,8037679
4,2021-06-05,44957,11616650,38497,6900443,5464,4338346,996,377861,8761,860629,0.107074,36034,5591147,0.695617,10059,6451776,0.802691,8037679
4,2021-06-06,21263,11637913,18966,6919409,1732,4340078,565,378426,3916,848272,0.105537,17237,5608384,0.697762,4880,6456656,0.803299,8037679
4,2021-06-07,38814,11676727,31400,6950809,5480,4345558,1934,380360,8432,828689,0.103101,30241,5638625,0.701524,10658,6467314,0.804625,8037679
4,2021-06-08,40674,11717401,31905,6982714,6219,4351777,2550,382910,9420,809943,0.100768,31057,5669682,0.705388,12311,6479625,0.806156,8037679
4,2021-06-09,38985,11756386,30899,7013613,5718,4357495,2368,385278,7918,789694,0.098249,30889,5700571,0.709231,10640,6490265,0.80748,8037679
4,2021-06-10,37211,11793597,29310,7042923,5274,4362769,2627,387905,8394,772329,0.096089,28649,5729220,0.712795,11284,6501549,0.808884,8037679
4,2021-06-11,38391,11831988,30127,7073050,6248,4369017,2016,389921,9874,756221,0.094084,28349,5757569,0.716322,12241,6513790,0.810407,8037679
4,2021-06-12,26620,11858608,22136,7095186,3769,4372786,715,390636,6024,742697,0.092402,20483,5778052,0.718871,6959,6520749,0.811273,8037679
4,2021-06-13,10843,11869451,8567,7103753,1799,4374585,477,391113,2267,737043,0.091698,8507,5786559,0.719929,2853,6523602,0.811628,8037679
4,2021-06-14,28618,11898069,21403,7125156,4409,4378994,2806,393919,7778,727149,0.090468,20695,5807254,0.722504,10801,6534403,0.812971,8037679
4,2021-06-15,30050,11928119,21236,7146392,5401,4384395,3413,397332,8299,717541,0.089272,21573,5828827,0.725188,11965,6546368,0.81446,8037679
4,2021-06-16,26656,11954775,20085,7166477,3946,4388341,2625,399957,8018,709941,0.088327,18452,5847279,0.727484,10852,6557220,0.81581,8037679
4,2021-06-17,25200,11979975,18603,7185080,3700,4392041,2897,402854,7627,703276,0.087497,17382,5864661,0.729646,10717,6567937,0.817143,8037679
4,2021-06-18,26771,12006746,21105,7206185,4431,4396472,1235,404089,8236,694668,0.086426,18326,5882987,0.731926,9718,6577655,0.818353,8037679
4,2021-06-19,15784,12022530,12768,7218953,2309,4398781,707,404796,5063,690037,0.08585,10572,5893559,0.733241,5941,6583596,0.819092,8037679
4,2021-06-20,7368,12029898,6065,7225018,996,4399777,307,405103,2618,688355,0.085641,4691,5898250,0.733825,3009,6586605,0.819466,8037679
4,2021-06-21,14612,12044510,10558,7235576,2911,4402688,1143,406246,7332,689805,0.085821,7186,5905436,0.734719,8636,6595241,0.82054,8037679
4,2021-06-22,20523,12065033,15983,7251559,3461,4406149,1079,407325,7113,684874,0.085208,13274,5918710,0.736371,8343,6603584,0.821578,8037679
4,2021-06-23,18435,12083468,14462,7266021,2975,4409124,998,408323,6712,681129,0.084742,11580,5930290,0.737811,7835,6611419,0.822553,8037679
4,2021-06-24,17617,12101085,13622,7279643,3005,4412129,990,409313,6569,677932,0.084344,10891,5941181,0.739166,7694,6619113,0.82351,8037679
4,2021-06-25,21612,12122697,16974,7296617,3588,4415717,1050,410363,7815,673314,0.08377,13653,5954834,0.740865,9035,6628148,0.824635,8037679
4,2021-06-26,13101,12135798,10664,7307281,1818,4417535,619,410982,4817,670702,0.083445,8158,5962992,0.74188,5546,6633694,0.825325,8037679
4,2021-06-27,6854,12142652,5551,7312832,960,4418495,343,411325,2878,670043,0.083363,3935,5966927,0.742369,3276,6636970,0.825732,8037679
4,2021-06-28,15090,12157742,12663,7325495,1568,4420063,859,412184,6042,668122,0.083124,8948,5975875,0.743483,7027,6643997,0.826606,8037679
4,2021-06-29,16491,12174233,12792,7338287,2887,4422950,812,412996,6348,665383,0.082783,10021,5985896,0.744729,7282,6651279,0.827512,8037679
4,2021-06-30,14612,12188845,11393,7349680,2481,4425431,738,413734,6061,663883,0.082596,8417,5994313,0.745777,6917,6658196,0.828373,8037679
4,2021-07-01,14510,12203355,11434,7361114,2329,4427760,747,414481,5946,662274,0.082396,8439,6002752,0.746827,6830,6665026,0.829223,8037679
4,2021-07-02,16798,12220153,13320,7374434,2713,4430473,765,415246,6860,660193,0.082137,9833,6012585,0.74805,7752,6672778,0.830187,8037679
4,2021-07-03,9184,12229337,7288,7381722,1486,4431959,410,415656,3973,659503,0.082051,5130,6017715,0.748688,4440,6677218,0.83074,8037679
4,2021-07-04,444,12229781,278,7382000,106,4432065,60,415716,196,659528,0.082055,242,6017957,0.748718,267,6677485,0.830773,8037679
4,2021-07-05,9185,12238966,7469,7389469,1300,4433365,416,416132,4160,659207,0.082015,4946,6022903,0.749334,4625,6682110,0.831348,8037679
4,2021-07-06,16476,12255442,12974,7402443,2700,4436065,802,416934,6064,655898,0.081603,10285,6033188,0.750613,6976,6689086,0.832216,8037679
4,2021-07-07,13756,12269198,10731,7413174,2245,4438310,780,417714,5186,653528,0.081308,8458,6041646,0.751665,6088,6695174,0.832974,8037679
4,2021-07-08,13210,12282408,10316,7423490,2066,4440376,828,418542,5180,651721,0.081083,7905,6049551,0.752649,6098,6701272,0.833732,8037679
4,2021-07-09,15425,12297833,11827,7435317,2662,4443038,936,419478,6266,650029,0.080873,9010,6058561,0.75377,7318,6708590,0.834643,8037679
4,2021-07-10,8840,12306673,6994,7442311,1445,4444483,401,419879,3713,649163,0.080765,5040,6063601,0.754397,4174,6712764,0.835162,8037679
4,2021-07-11,4976,12311649,3981,7446292,794,4445277,201,420080,2226,648915,0.080734,2705,6066306,0.754734,2457,6715221,0.835468,8037679
4,2021-07-12,13037,12324686,10319,7456611,1998,4447275,720,420800,5059,646897,0.080483,7899,6074205,0.755716,5881,6721102,0.836199,8037679
4,2021-07-13,12835,12337521,9823,7466434,2375,4449650,637,421437,5458,645816,0.080349,7271,6081476,0.756621,6190,6727292,0.836969,8037679
4,2021-07-14,11731,12349252,9228,7475662,1948,4451598,555,421992,5074,644948,0.080241,6565,6088041,0.757438,5697,6732989,0.837678,8037679
4,2021-07-15,12420,12361672,9864,7485526,1967,4453565,589,422581,5636,644590,0.080196,6658,6094699,0.758266,6300,6739289,0.838462,8037679
4,2021-07-16,15005,12376677,11706,7497232,2632,4456197,667,423248,6922,644307,0.080161,7980,6102679,0.759259,7697,6746986,0.83942,8037679
4,2021-07-17,9355,12386032,7398,7504630,1632,4457829,325,423573,4427,644273,0.080157,4829,6107508,0.75986,4795,6751781,0.840016,8037679
4,2021-07-18,5352,12391384,4310,7508940,841,4458670,201,423774,2526,644254,0.080154,2767,6110275,0.760204,2748,6754529,0.840358,8037679
4,2021-07-19,12817,12404201,10153,7519093,2008,4460678,656,424430,6087,644437,0.080177,6638,6116913,0.76103,6821,6761350,0.841207,8037679
4,2021-07-20,13768,12417969,10610,7529703,2494,4463172,664,425094,6793,645146,0.080265,6830,6123743,0.76188,7539,6768889,0.842145,8037679
4,2021-07-21,12827,12430796,9948,7539651,2230,4465402,649,425743,6385,645932,0.080363,6305,6130048,0.762664,7091,6775980,0.843027,8037679
4,2021-07-22,13493,12444289,10529,7550180,2306,4467708,658,426401,7029,647353,0.08054,6329,6136377,0.763451,7750,6783730,0.843991,8037679
4,2021-07-23,15718,12460007,12131,7562311,2894,4470602,693,427094,8250,649086,0.080755,7298,6143675,0.764359,9031,6792761,0.845115,8037679
4,2021-07-24,9581,12469588,7504,7569815,1750,4472352,327,427421,4940,649899,0.080857,4504,6148179,0.76492,5317,6798078,0.845776,8037679
4,2021-07-25,4766,12474354,3749,7573564,859,4473211,158,427579,3358,652080,0.081128,1350,6149529,0.765088,3531,6801609,0.846216,8037679
4,2021-07-26,12975,12487329,10159,7583723,2135,4475346,681,428260,7556,655097,0.081503,5275,6154804,0.765744,8292,6809901,0.847247,8037679
4,2021-07-27,14335,12501664,10990,7594713,2586,4477932,759,429019,7746,657209,0.081766,6433,6161237,0.766544,8545,6818446,0.84831,8037679
4,2021-07-28,13217,12514881,10085,7604798,2429,4480361,703,429722,7336,659594,0.082063,5710,6166947,0.767255,8095,6826541,0.849317,8037679
4,2021-07-29,13484,12528365,10486,7615284,2284,4482645,714,430436,7571,662270,0.082396,5687,6172634,0.767962,8363,6834904,0.850358,8037679
4,2021-07-30,15793,12544158,12105,7627389,2890,4485535,798,431234,8579,664899,0.082723,6850,6179484,0.768814,9479,6844383,0.851537,8037679
4,2021-07-31,9761,12553919,7619,7635008,1718,4487253,424,431658,5524,666849,0.082965,4038,6183522,0.769317,5988,6850371,0.852282,8037679
4,2021-08-01,5428,12559347,4483,7639491,777,4488030,168,431826,3210,668148,0.083127,2113,6185635,0.76958,3412,6853783,0.852707,8037679
4,2021-08-02,14058,12573405,11225,7650716,2094,4490124,739,432565,8209,671526,0.083547,5639,6191274,0.770281,9017,6862800,0.853829,8037679
4,2021-08-03,14677,12588082,11282,7661998,2633,4492757,762,433327,8447,674805,0.083955,6005,6197279,0.771028,9284,6872084,0.854984,8037679
4,2021-08-04,13374,12601456,10419,7672417,2266,4495023,689,434016,7569,677511,0.084292,5593,6202872,0.771724,8299,6880383,0.856016,8037679
4,2021-08-05,14341,12615797,11321,7683738,2254,4497277,766,434782,8067,680373,0.084648,6021,6208893,0.772473,8883,6889266,0.857121,8037679
4,2021-08-06,17218,12633015,13219,7696957,3132,4500409,867,435649,9599,683609,0.085051,7299,6216192,0.773381,10535,6899801,0.858432,8037679
4,2021-08-07,10177,12643192,8092,7705049,1645,4502054,440,436089,5553,685199,0.085248,4444,6220636,0.773934,6034,6905835,0.859183,8037679
4,2021-08-08,6240,12649432,4962,7710011,1076,4503130,202,436291,3603,686533,0.085414,2501,6223137,0.774246,3835,6909670,0.85966,8037679
4,2021-08-09,14612,12664044,11837,7721848,2033,4505163,742,437033,7821,688611,0.085673,6563,6229700,0.775062,8641,6918311,0.860735,8037679
4,2021-08-10,14817,12678861,11414,7733262,2647,4507810,756,437789,7832,690526,0.085911,6738,6236438,0.7759,8653,6926964,0.861811,8037679
4,2021-08-11,12580,12691441,9645,7742907,2171,4509981,764,438553,6557,692116,0.086109,5762,6242200,0.776617,7352,6934316,0.862726,8037679
4,2021-08-12,14124,12705565,10763,7753670,2606,4512587,755,439308,7276,693684,0.086304,6509,6248709,0.777427,8077,6942393,0.863731,8037679
4,2021-08-13,17731,12723296,13145,7766815,3693,4516280,893,440201,8741,695061,0.086475,8328,6257037,0.778463,9705,6952098,0.864938,8037679
4,2021-08-14,12253,12735549,8750,7775565,2998,4519278,505,440706,5582,696235,0.086621,4977,6262014,0.779082,6151,6958249,0.865704,8037679
4,2021-08-15,7469,12743018,5459,7781024,1788,4521066,222,440928,3307,696894,0.086703,2914,6264928,0.779445,3573,6961822,0.866148,8037679
4,2021-08-16,18073,12761091,12521,7793545,4697,4525763,855,441783,7491,697878,0.086826,7443,6272371,0.780371,8427,6970249,0.867197,8037679
4,2021-08-17,18341,12779432,12483,7806028,5015,4530778,843,442626,7287,698641,0.086921,7447,6279818,0.781297,8210,6978459,0.868218,8037679
4,2021-08-18,17856,12797288,12005,7818033,5081,4535859,770,443396,6807,699379,0.087013,6915,6286733,0.782158,7653,6986112,0.86917,8037679
4,2021-08-19,18126,12815414,12095,7830128,5276,4541135,755,444151,6748,700219,0.087117,6745,6293478,0.782997,7585,6993697,0.870114,8037679
4,2021-08-20,22433,12837847,15255,7845383,6405,4547540,773,444924,8021,700241,0.08712,8889,6302367,0.784103,8911,7002608,0.871223,8037679
4,2021-08-21,8603,12846450,5663,7851046,2583,4550123,357,445281,2632,699712,0.087054,3565,6305932,0.784546,3036,7005644,0.8716,8037679
