vemquartile,administered_date,total_doses,cumulative_total_doses,pfizer_doses,cumulative_pfizer_doses,moderna_doses,cumulative_moderna_doses,jj_doses,cumulative_jj_doses,partially_vaccinated,total_partially_vaccinated,pct_age12pop_partially_vaccinated,fully_vaccinated,cumulative_fully_vaccinated,pct_age12pop_fully_vaccinated,at_least_one_dose,cumulative_at_least_one_dose,pct_age12pop_at_least_one_dose,age12_population
1,2020-12-15,150,150,150,150,0,0,0,0,150,150,1.7e-05,0,0,0.0,150,150,1.7e-05,8700223
1,2020-12-16,1226,1376,1226,1376,0,0,0,0,1226,1376,0.000158,0,0,0.0,1226,1376,0.000158,8700223
1,2020-12-17,4183,5559,4183,5559,0,0,0,0,4184,5560,0.000639,0,0,0.0,4184,5560,0.000639,8700223
1,2020-12-18,6364,11923,6343,11902,21,21,0,0,6366,11925,0.001371,1,1,0.0,6366,11926,0.001371,8700223
1,2020-12-19,2882,14805,2879,14781,3,24,0,0,2881,14805,0.001702,1,2,0.0,2881,14807,0.001702,8700223
1,2020-12-20,2131,16936,2123,16904,8,32,0,0,2132,16937,0.001947,0,2,0.0,2132,16939,0.001947,8700223
1,2020-12-21,7663,24599,7647,24551,16,48,0,0,7712,24649,0.002833,1,3,0.0,7713,24652,0.002833,8700223
1,2020-12-22,7297,31896,6953,31504,344,392,0,0,7298,31945,0.003672,2,5,1e-06,7298,31950,0.003672,8700223
1,2020-12-23,7838,39734,6579,38083,1259,1651,0,0,7833,39777,0.004572,2,7,1e-06,7834,39784,0.004573,8700223
1,2020-12-24,3304,43038,2368,40451,936,2587,0,0,3306,43083,0.004952,0,7,1e-06,3306,43090,0.004953,8700223
1,2020-12-25,237,43275,153,40604,84,2671,0,0,237,43320,0.004979,0,7,1e-06,237,43327,0.00498,8700223
1,2020-12-26,1364,44639,969,41573,395,3066,0,0,1363,44682,0.005136,1,8,1e-06,1363,44690,0.005137,8700223
1,2020-12-27,872,45511,536,42109,336,3402,0,0,872,45553,0.005236,1,9,1e-06,872,45562,0.005237,8700223
1,2020-12-28,7099,52610,4762,46871,2337,5739,0,0,7097,52650,0.006052,0,9,1e-06,7097,52659,0.006053,8700223
1,2020-12-29,8900,61510,4986,51857,3914,9653,0,0,8896,61543,0.007074,3,12,1e-06,8896,61555,0.007075,8700223
1,2020-12-30,11584,73094,6446,58303,5138,14791,0,0,11584,73127,0.008405,0,12,1e-06,11584,73139,0.008407,8700223
1,2020-12-31,5971,79065,1954,60257,4017,18808,0,0,5969,79094,0.009091,3,15,2e-06,5970,79109,0.009093,8700223
1,2021-01-01,577,79642,205,60462,372,19180,0,0,576,79669,0.009157,1,16,2e-06,576,79685,0.009159,8700223
1,2021-01-02,2911,82553,1763,62225,1148,20328,0,0,2913,82582,0.009492,0,16,2e-06,2913,82598,0.009494,8700223
1,2021-01-03,1033,83586,545,62770,488,20816,0,0,1032,83612,0.00961,2,18,2e-06,1032,83630,0.009612,8700223
1,2021-01-04,7355,90941,3586,66356,3769,24585,0,0,7359,90970,0.010456,1,19,2e-06,7359,90989,0.010458,8700223
1,2021-01-05,10867,101808,5255,71611,5612,30197,0,0,10077,100295,0.011528,774,793,9.1e-05,10099,101088,0.011619,8700223
1,2021-01-06,14067,115875,7071,78682,6996,37193,0,0,12146,110569,0.012709,1883,2676,0.000308,12157,113245,0.013016,8700223
1,2021-01-07,17535,133410,9166,87848,8369,45562,0,0,13015,119167,0.013697,4427,7103,0.000816,13025,126270,0.014513,8700223
1,2021-01-08,20204,153614,10486,98334,9718,55280,0,0,14261,127508,0.014656,5928,13031,0.001498,14269,140539,0.016153,8700223
1,2021-01-09,6688,160302,3391,101725,3297,58577,0,0,4838,130507,0.015,1843,14874,0.00171,4842,145381,0.01671,8700223
1,2021-01-10,3089,163391,1763,103488,1326,59903,0,0,1896,131219,0.015082,1185,16059,0.001846,1897,147278,0.016928,8700223
1,2021-01-11,18093,181484,11854,115342,6239,66142,0,0,11542,136265,0.015662,6536,22595,0.002597,11582,158860,0.018259,8700223
1,2021-01-12,19156,200640,10928,126270,8228,74370,0,0,13164,143511,0.016495,5959,28554,0.003282,13205,172065,0.019777,8700223
1,2021-01-13,19882,220522,10744,137014,9138,83508,0,0,14723,153116,0.017599,5136,33690,0.003872,14741,186806,0.021471,8700223
1,2021-01-14,22152,242674,9526,146540,12626,96134,0,0,19391,169857,0.019523,2704,36394,0.004183,19445,206251,0.023706,8700223
1,2021-01-15,25232,267906,9253,155793,15979,112113,0,0,23283,191290,0.021987,1908,38302,0.004402,23341,229592,0.026389,8700223
1,2021-01-16,13899,281805,4546,160339,9353,121466,0,0,13032,203460,0.023386,865,39167,0.004502,13035,242627,0.027887,8700223
1,2021-01-17,5193,286998,2003,162342,3190,124656,0,0,4826,207925,0.023899,365,39532,0.004544,4830,247457,0.028443,8700223
1,2021-01-18,14323,301321,8589,170931,5734,130390,0,0,11138,215944,0.024821,3172,42704,0.004908,11191,258648,0.029729,8700223
1,2021-01-19,24745,326066,12774,183705,11971,142361,0,0,19594,230458,0.026489,5134,47838,0.005498,19648,278296,0.031987,8700223
1,2021-01-20,29516,355582,14755,198460,14761,157122,0,0,23595,248245,0.028533,5846,53684,0.00617,23633,301929,0.034704,8700223
1,2021-01-21,31273,386855,14578,213038,16695,173817,0,0,28002,273135,0.031394,3205,56889,0.006539,28095,330024,0.037933,8700223
1,2021-01-22,28399,415254,11239,224277,17160,190977,0,0,26337,297508,0.034195,1996,58885,0.006768,26369,356393,0.040964,8700223
1,2021-01-23,18751,434005,8207,232484,10544,201521,0,0,16790,312378,0.035905,1930,60815,0.00699,16800,373193,0.042895,8700223
1,2021-01-24,6675,440680,4158,236642,2517,204038,0,0,6020,317754,0.036523,650,61465,0.007065,6026,379219,0.043587,8700223
1,2021-01-25,25484,466164,10486,247128,14998,219036,0,0,19710,331837,0.038141,5730,67195,0.007723,19813,399032,0.045865,8700223
1,2021-01-26,28729,494893,13365,260493,15364,234400,0,0,22043,347275,0.039916,6625,73820,0.008485,22063,421095,0.0484,8700223
1,2021-01-27,32571,527464,15426,275919,17145,251545,0,0,24440,363683,0.041802,8064,81884,0.009412,24472,445567,0.051213,8700223
1,2021-01-28,34887,562351,16299,292218,18588,270133,0,0,27945,384819,0.044231,6874,88758,0.010202,28010,473577,0.054433,8700223
1,2021-01-29,33592,595943,16327,308545,17265,287398,0,0,27028,405467,0.046604,6417,95175,0.010939,27065,500642,0.057544,8700223
1,2021-01-30,20089,616032,8658,317203,11431,298829,0,0,17981,421377,0.048433,2081,97256,0.011179,17991,518633,0.059611,8700223
1,2021-01-31,7540,623572,4859,322062,2681,301510,0,0,6832,427506,0.049137,705,97961,0.01126,6834,525467,0.060397,8700223
1,2021-02-01,28923,652495,12469,334531,16454,317964,0,0,21152,440943,0.050682,7720,105681,0.012147,21157,546624,0.062829,8700223
1,2021-02-02,32613,685108,11726,346257,20887,338851,0,0,24387,457222,0.052553,8144,113825,0.013083,24423,571047,0.065636,8700223
1,2021-02-03,39530,724638,15081,361338,24449,363300,0,0,28466,474824,0.054576,10901,124726,0.014336,28503,599550,0.068912,8700223
1,2021-02-04,44038,768676,17095,378433,26943,390243,0,0,31782,494521,0.05684,12133,136859,0.015731,31830,631380,0.072571,8700223
1,2021-02-05,46958,815634,17333,395766,29625,419868,0,0,30738,509241,0.058532,16076,152935,0.017578,30796,662176,0.07611,8700223
1,2021-02-06,26548,842182,10483,406249,16065,435933,0,0,20642,524035,0.060232,5865,158800,0.018252,20659,682835,0.078485,8700223
1,2021-02-07,6238,848420,4000,410249,2238,438171,0,0,4628,527092,0.060584,1589,160389,0.018435,4646,687481,0.079019,8700223
1,2021-02-08,31386,879806,14198,424447,17188,455359,0,0,20870,537618,0.061794,10440,170829,0.019635,20966,708447,0.081429,8700223
1,2021-02-09,38474,918280,16774,441221,21700,477059,0,0,23702,546654,0.062832,14743,185572,0.02133,23779,732226,0.084162,8700223
1,2021-02-10,47176,965456,22058,463279,25118,502177,0,0,26776,553212,0.063586,20296,205868,0.023662,26854,759080,0.087248,8700223
1,2021-02-11,51743,1017199,25268,488547,26475,528652,0,0,30895,563693,0.064791,20518,226386,0.026021,30999,790079,0.090811,8700223
1,2021-02-12,50129,1067328,21459,510006,28670,557322,0,0,28789,571415,0.065678,21206,247592,0.028458,28928,819007,0.094136,8700223
1,2021-02-13,26352,1093680,11527,521533,14825,572147,0,0,15233,575674,0.066168,11050,258642,0.029728,15309,834316,0.095896,8700223
1,2021-02-14,11748,1105428,5540,527073,6208,578355,0,0,6681,577381,0.066364,5039,263681,0.030307,6746,841062,0.096671,8700223
1,2021-02-15,23844,1129272,9370,536443,14474,592829,0,0,14505,582778,0.066984,9222,272903,0.031367,14619,855681,0.098352,8700223
1,2021-02-16,47139,1176411,22323,558766,24816,617645,0,0,27563,590958,0.067924,19494,292397,0.033608,27674,883355,0.101532,8700223
1,2021-02-17,48380,1224791,24389,583155,23991,641636,0,0,26130,595138,0.068405,22098,314495,0.036148,26278,909633,0.104553,8700223
1,2021-02-18,51214,1276005,25425,608580,25789,667425,0,0,26606,597602,0.068688,24370,338865,0.038949,26834,936467,0.107637,8700223
1,2021-02-19,46511,1322516,25082,633662,21429,688854,0,0,26143,603588,0.069376,20220,359085,0.041273,26206,962673,0.110649,8700223
1,2021-02-20,27508,1350024,16734,650396,10774,699628,0,0,15759,607734,0.069853,11689,370774,0.042617,15835,978508,0.112469,8700223
1,2021-02-21,12221,1362245,10519,660915,1702,701330,0,0,7423,610465,0.070167,4742,375516,0.043162,7473,985981,0.113328,8700223
1,2021-02-22,31496,1393741,20670,681585,10826,712156,0,0,18154,615463,0.070741,13257,388773,0.044685,18255,1004236,0.115426,8700223
1,2021-02-23,45431,1439172,21877,703462,23554,735710,0,0,24971,620620,0.071334,20176,408949,0.047004,25333,1029569,0.118338,8700223
1,2021-02-24,55376,1494548,26721,730183,28655,764365,0,0,30545,626980,0.072065,24637,433586,0.049836,30997,1060566,0.121901,8700223
1,2021-02-25,67514,1562062,32692,762875,34822,799187,0,0,41852,643823,0.074001,25509,459095,0.052768,42352,1102918,0.126769,8700223
1,2021-02-26,75062,1637124,35126,798001,39936,839123,0,0,49234,667909,0.076769,25623,484718,0.055713,49709,1152627,0.132482,8700223
1,2021-02-27,51100,1688224,23363,821364,27728,866851,9,9,33706,684633,0.078691,17256,501974,0.057697,33980,1186607,0.136388,8700223
1,2021-02-28,19475,1707699,11520,832884,7953,874804,2,11,14326,694023,0.079771,5078,507052,0.05828,14468,1201075,0.138051,8700223
1,2021-03-01,44658,1752357,20450,853334,24169,898973,39,50,28822,707449,0.081314,15670,522722,0.060081,29096,1230171,0.141395,8700223
1,2021-03-02,62595,1814952,27240,880574,35347,934320,8,58,40378,726383,0.08349,22070,544792,0.062618,41004,1271175,0.146108,8700223
1,2021-03-03,70308,1885260,33600,914174,36685,971005,23,81,43083,743017,0.085402,27066,571858,0.065729,43700,1314875,0.151131,8700223
1,2021-03-04,78671,1963931,37045,951219,41591,1012596,35,116,50849,766771,0.088132,27641,599499,0.068906,51395,1366270,0.157039,8700223
1,2021-03-05,77827,2041758,35267,986486,42354,1054950,206,322,52201,794414,0.09131,25391,624890,0.071825,53034,1419304,0.163134,8700223
1,2021-03-06,57416,2099174,27440,1013926,28624,1083574,1352,1674,39064,816915,0.093896,18277,643167,0.073925,40778,1460082,0.167821,8700223
1,2021-03-07,20839,2120013,12960,1026886,6695,1090269,1184,2858,15409,828356,0.095211,5406,648573,0.074547,16847,1476929,0.169758,8700223
1,2021-03-08,45942,2165955,22484,1049370,21506,1111775,1952,4810,32235,849269,0.097615,13609,662182,0.076111,34522,1511451,0.173726,8700223
1,2021-03-09,66707,2232662,32200,1081570,32006,1143781,2501,7311,41065,867678,0.099731,25498,687680,0.079042,43907,1555358,0.178772,8700223
1,2021-03-10,73591,2306253,36658,1118228,32465,1176246,4468,11779,45319,889663,0.102257,28169,715849,0.082279,50154,1605512,0.184537,8700223
1,2021-03-11,90165,2396418,41335,1159563,40822,1217068,8008,19787,52539,913271,0.104971,37399,753248,0.086578,61007,1666519,0.191549,8700223
1,2021-03-12,98897,2495315,43562,1203125,42909,1259977,12426,32213,57771,943015,0.10839,40917,794165,0.091281,70661,1737180,0.199671,8700223
1,2021-03-13,65312,2560627,29501,1232626,28042,1288019,7769,39982,41577,969085,0.111386,23605,817770,0.093994,49675,1786855,0.20538,8700223
1,2021-03-14,27863,2588490,14914,1247540,9375,1297394,3574,43556,15601,976260,0.112211,12193,829963,0.095396,19368,1806223,0.207607,8700223
1,2021-03-15,65307,2653797,28765,1276305,29805,1327199,6737,50293,38438,995145,0.114382,26655,856618,0.098459,45540,1851763,0.212841,8700223
1,2021-03-16,85803,2739600,39069,1315374,41085,1368284,5649,55942,53200,1021975,0.117465,32380,888998,0.102181,59210,1910973,0.219646,8700223
1,2021-03-17,92941,2832541,45286,1360660,41084,1409368,6571,62513,59764,1055717,0.121344,32957,921955,0.105969,66699,1977672,0.227313,8700223
1,2021-03-18,98819,2931360,50908,1411568,42171,1451539,5740,68253,59902,1083284,0.124512,38569,960524,0.110402,66136,2043808,0.234914,8700223
1,2021-03-19,103617,3034977,53666,1465234,43643,1495182,6308,74561,60724,1108220,0.127378,42610,1003134,0.1153,67546,2111354,0.242678,8700223
1,2021-03-20,72436,3107413,37186,1502420,29985,1525167,5265,79826,46649,1134814,0.130435,25599,1028733,0.118242,52193,2163547,0.248677,8700223
1,2021-03-21,27206,3134619,18998,1521418,6392,1531559,1816,81642,17108,1143826,0.131471,10009,1038742,0.119393,19021,2182568,0.250863,8700223
1,2021-03-22,59273,3193892,30562,1551980,25435,1556994,3276,84918,40116,1168657,0.134325,18937,1057679,0.121569,43768,2226336,0.255894,8700223
1,2021-03-23,83077,3276969,42265,1594245,37191,1594185,3621,88539,51259,1192418,0.137056,31582,1089261,0.125199,55343,2281679,0.262255,8700223
1,2021-03-24,87965,3364934,44548,1638793,39055,1633240,4362,92901,52698,1214667,0.139613,34980,1124241,0.12922,57229,2338908,0.268833,8700223
1,2021-03-25,96753,3461687,49437,1688230,41485,1674725,5831,98732,53914,1232107,0.141618,42516,1166757,0.134107,59956,2398864,0.275724,8700223
1,2021-03-26,104525,3566212,51020,1739250,47165,1721890,6340,105072,56149,1246878,0.143316,48017,1214774,0.139626,62788,2461652,0.282941,8700223
1,2021-03-27,74026,3640238,38217,1777467,31618,1753508,4191,109263,38243,1253956,0.144129,35558,1250332,0.143713,42636,2504288,0.287842,8700223
1,2021-03-28,32632,3672870,21369,1798836,10049,1763557,1214,110477,16473,1256037,0.144368,16055,1266387,0.145558,18136,2522424,0.289926,8700223
1,2021-03-29,67047,3739917,33302,1832138,30579,1794136,3166,113643,37141,1266836,0.14561,29713,1296100,0.148973,40512,2562936,0.294583,8700223
1,2021-03-30,91872,3831789,45279,1877417,40211,1834347,6382,120025,47320,1276271,0.146694,44356,1340456,0.154071,53791,2616727,0.300766,8700223
1,2021-03-31,100643,3932432,52602,1930019,41882,1876229,6159,126184,55264,1292688,0.148581,45072,1385528,0.159252,61489,2678216,0.307833,8700223
1,2021-04-01,111719,4044151,53491,1983510,49452,1925681,8776,134960,56993,1304202,0.149904,54308,1439836,0.165494,65822,2744038,0.315399,8700223
1,2021-04-02,111183,4155334,50899,2034409,50598,1976279,9686,144646,56497,1316340,0.1513,54249,1494085,0.17173,66387,2810425,0.323029,8700223
1,2021-04-03,77992,4233326,39250,2073659,29108,2005387,9634,154280,36487,1321204,0.151859,41326,1535411,0.176479,46190,2856615,0.328338,8700223
1,2021-04-04,23752,4257078,11828,2085487,8460,2013847,3464,157744,9939,1320849,0.151818,13749,1549160,0.17806,13394,2870009,0.329878,8700223
1,2021-04-05,76411,4333489,36820,2122307,30316,2044163,9275,167019,34404,1322894,0.152053,41809,1590969,0.182865,43854,2913863,0.334918,8700223
1,2021-04-06,103676,4437165,49220,2171527,37850,2082013,16606,183625,46813,1329774,0.152844,56579,1647548,0.189368,63459,2977322,0.342212,8700223
1,2021-04-07,111723,4548888,54346,2225873,39855,2121868,17522,201147,50393,1336690,0.153639,61028,1708576,0.196383,67944,3045266,0.350022,8700223
1,2021-04-08,122107,4670995,57860,2283733,43302,2165170,20945,222092,53962,1343930,0.154471,67734,1776310,0.204168,74974,3120240,0.358639,8700223
1,2021-04-09,123433,4794428,56453,2340186,46222,2211392,20758,242850,54241,1350162,0.155187,68824,1845134,0.212079,75056,3195296,0.367266,8700223
1,2021-04-10,95516,4889944,42469,2382655,30352,2241744,22695,265545,37277,1352081,0.155408,58032,1903166,0.218749,59951,3255247,0.374157,8700223
1,2021-04-11,36366,4926310,20312,2402967,9371,2251115,6683,272228,14796,1352159,0.155417,21509,1924675,0.221221,21587,3276834,0.376638,8700223
1,2021-04-12,74254,5000564,33226,2436193,31048,2282163,9980,282208,31414,1351155,0.155301,42553,1967228,0.226112,41549,3318383,0.381414,8700223
1,2021-04-13,97147,5097711,52042,2488235,44766,2326929,339,282547,52460,1359902,0.156307,44397,2011625,0.231215,53144,3371527,0.387522,8700223
1,2021-04-14,104922,5202633,54374,2542609,50477,2377406,71,282618,53415,1362609,0.156618,51151,2062776,0.237095,53858,3425385,0.393712,8700223
1,2021-04-15,106175,5308808,57768,2600377,48316,2425722,91,282709,56752,1370780,0.157557,48844,2111620,0.242709,57015,3482400,0.400266,8700223
1,2021-04-16,110568,5419376,56792,2657169,53688,2479410,88,282797,55433,1371874,0.157683,54611,2166231,0.248986,55705,3538105,0.406668,8700223
1,2021-04-17,83462,5502838,45323,2702492,38128,2517538,11,282808,46838,1382490,0.158903,36395,2202626,0.253169,47011,3585116,0.412072,8700223
1,2021-04-18,30145,5532983,20400,2722892,9738,2527276,7,282815,15220,1383080,0.158971,14838,2217464,0.254874,15428,3600544,0.413845,8700223
1,2021-04-19,67149,5600132,33994,2756886,33142,2560418,13,282828,30535,1377491,0.158328,36265,2253729,0.259043,30676,3631220,0.417371,8700223
1,2021-04-20,88380,5688512,44551,2801437,43805,2604223,24,282852,41641,1372959,0.157807,46399,2300128,0.264376,41867,3673087,0.422183,8700223
1,2021-04-21,97265,5785777,50723,2852160,46445,2650668,97,282949,43752,1364070,0.156786,52971,2353099,0.270464,44082,3717169,0.42725,8700223
1,2021-04-22,96727,5882504,50455,2902615,46256,2696924,16,282965,44463,1356986,0.155971,51782,2404881,0.276416,44698,3761867,0.432387,8700223
1,2021-04-23,101302,5983806,52302,2954917,48974,2745898,26,282991,48461,1353346,0.155553,52354,2457235,0.282434,48714,3810581,0.437987,8700223
1,2021-04-24,75365,6059171,46728,3001645,28612,2774510,25,283016,42660,1363689,0.156742,32595,2489830,0.28618,42938,3853519,0.442922,8700223
1,2021-04-25,26960,6086131,17163,3018808,9783,2784293,14,283030,15412,1367816,0.157216,11438,2501268,0.287495,15565,3869084,0.444711,8700223
1,2021-04-26,65955,6152086,34647,3053455,30908,2815201,400,283430,31501,1365898,0.156996,34157,2535425,0.291421,32239,3901323,0.448416,8700223
1,2021-04-27,81191,6233277,43144,3096599,36749,2851950,1298,284728,35540,1357707,0.156054,45372,2580797,0.296636,37181,3938504,0.45269,8700223
1,2021-04-28,80754,6314031,42990,3139589,36275,2888225,1489,286217,35711,1350423,0.155217,44713,2625510,0.301775,37429,3975933,0.456992,8700223
1,2021-04-29,83812,6397843,46119,3185708,36088,2924313,1605,287822,34660,1338028,0.153792,48819,2674329,0.307386,36424,4012357,0.461179,8700223
1,2021-04-30,91441,6489284,49599,3235307,39984,2964297,1858,289680,38658,1326242,0.152438,52471,2726800,0.313417,40685,4053042,0.465855,8700223
1,2021-05-01,62229,6551513,40211,3275518,20601,2984898,1417,291097,26258,1318386,0.151535,35750,2762550,0.317526,27894,4080936,0.469061,8700223
1,2021-05-02,23226,6574739,16404,3291922,6246,2991144,576,291673,9394,1314660,0.151106,13725,2776275,0.319104,9999,4090935,0.47021,8700223
1,2021-05-03,55583,6630322,30738,3322660,23009,3014153,1836,293509,20564,1302329,0.149689,34787,2811062,0.323102,22456,4113391,0.472791,8700223
1,2021-05-04,74982,6705304,43170,3365830,29728,3043881,2084,295593,27276,1284358,0.147624,47420,2858482,0.328553,29449,4142840,0.476176,8700223
1,2021-05-05,77216,6782520,44801,3410631,30125,3074006,2290,297883,26437,1262711,0.145135,50457,2908939,0.334352,28810,4171650,0.479488,8700223
1,2021-05-06,78385,6860905,47469,3458100,28750,3102756,2166,300049,24633,1236277,0.142097,53389,2962328,0.340489,26955,4198605,0.482586,8700223
1,2021-05-07,82490,6943395,46916,3505016,33381,3136137,2193,302242,27739,1211941,0.1393,54334,3016662,0.346734,29998,4228603,0.486034,8700223
1,2021-05-08,56622,7000017,35533,3540549,19453,3155590,1636,303878,19362,1196098,0.137479,36935,3053597,0.350979,21092,4249695,0.488458,8700223
1,2021-05-09,18151,7018168,13054,3553603,4622,3160212,475,304353,5556,1189644,0.136737,12520,3066117,0.352418,6066,4255761,0.489155,8700223
1,2021-05-10,43701,7061869,22084,3575687,19812,3180024,1805,306158,14832,1177768,0.135372,28607,3094724,0.355706,16731,4272492,0.491078,8700223
1,2021-05-11,61676,7123545,33463,3609150,26072,3206096,2141,308299,20458,1159533,0.133276,40952,3135676,0.360413,22717,4295209,0.49369,8700223
1,2021-05-12,62174,7185719,33119,3642269,27044,3233140,2011,310310,20482,1140710,0.131113,41387,3177063,0.36517,22564,4317773,0.496283,8700223
1,2021-05-13,66218,7251937,38839,3681108,25395,3258535,1984,312294,25237,1127600,0.129606,40609,3217672,0.369838,27499,4345272,0.499444,8700223
1,2021-05-14,75828,7327765,45724,3726832,27720,3286255,2384,314678,30740,1116299,0.128307,44702,3262374,0.374976,33401,4378673,0.503283,8700223
1,2021-05-15,65927,7393692,43271,3770103,20918,3307173,1738,316416,26324,1105108,0.127021,39322,3301696,0.379496,28131,4406804,0.506516,8700223
1,2021-05-16,24846,7418538,18293,3788396,5933,3313106,620,317036,10198,1101431,0.126598,14541,3316237,0.381167,10864,4417668,0.507765,8700223
1,2021-05-17,53911,7472449,32978,3821374,19173,3332279,1760,318796,22950,1095491,0.125915,30710,3346947,0.384697,24770,4442438,0.510612,8700223
1,2021-05-18,64737,7537186,39022,3860396,23898,3356177,1817,320613,28123,1089171,0.125189,36345,3383292,0.388874,30025,4472463,0.514063,8700223
1,2021-05-19,66099,7603285,40269,3900665,23908,3380085,1922,322535,29536,1084430,0.124644,36286,3419578,0.393045,31545,4504008,0.517689,8700223
1,2021-05-20,63907,7667192,37084,3937749,24638,3404723,2185,324720,26305,1075857,0.123659,37267,3456845,0.397328,28694,4532702,0.520987,8700223
1,2021-05-21,69671,7736863,41641,3979390,26182,3430905,1848,326568,28825,1066184,0.122547,40446,3497291,0.401977,30773,4563475,0.524524,8700223
1,2021-05-22,55642,7792505,36597,4015987,17331,3448236,1714,328282,24335,1061281,0.121983,31051,3528342,0.405546,26148,4589623,0.527529,8700223
1,2021-05-23,20209,7812714,14244,4030231,5376,3453612,589,328871,9485,1060753,0.121923,10626,3538968,0.406768,10098,4599721,0.52869,8700223
1,2021-05-24,43549,7856263,24316,4054547,17416,3471028,1817,330688,17689,1054729,0.12123,25613,3564581,0.409711,19589,4619310,0.530942,8700223
1,2021-05-25,50649,7906912,29159,4083706,19819,3490847,1671,332359,21024,1048175,0.120477,29350,3593931,0.413085,22796,4642106,0.533562,8700223
1,2021-05-26,48275,7955187,27386,4111092,19000,3509847,1889,334248,20505,1043144,0.119899,27473,3621404,0.416243,22442,4664548,0.536141,8700223
1,2021-05-27,46807,8001994,26282,4137374,18633,3528480,1892,336140,20124,1038875,0.119408,26403,3647807,0.419277,22134,4686682,0.538685,8700223
1,2021-05-28,52183,8054177,29049,4166423,21327,3549807,1807,337947,23392,1035726,0.119046,28474,3676281,0.42255,25325,4712007,0.541596,8700223
1,2021-05-29,30556,8084733,18510,4184933,11083,3560890,963,338910,14635,1035608,0.119032,15771,3692052,0.424363,15653,4727660,0.543395,8700223
1,2021-05-30,11595,8096328,7481,4192414,3565,3564455,549,339459,5489,1035632,0.119035,6038,3698090,0.425057,6062,4733722,0.544092,8700223
1,2021-05-31,5689,8102017,3247,4195661,2192,3566647,250,339709,1988,1034240,0.118875,3643,3701733,0.425476,2251,4735973,0.544351,8700223
1,2021-06-01,45661,8147678,25811,4221472,18292,3584939,1558,341267,17350,1025218,0.117838,28007,3729740,0.428695,18985,4754958,0.546533,8700223
1,2021-06-02,39828,8187506,23113,4244585,15211,3600150,1504,342771,16071,1019397,0.117169,23469,3753209,0.431392,17648,4772606,0.548561,8700223
1,2021-06-03,41180,8228686,25794,4270379,13698,3613848,1688,344459,15789,1011850,0.116302,25096,3778305,0.434277,17549,4790155,0.550578,8700223
1,2021-06-04,49991,8278677,32005,4302384,16187,3630035,1799,346258,17923,999917,0.11493,31732,3810037,0.437924,19799,4809954,0.552854,8700223
1,2021-06-05,40206,8318883,27450,4329834,10766,3640801,1990,348248,14198,990362,0.113832,25798,3835835,0.440889,16243,4826197,0.554721,8700223
1,2021-06-06,13137,8332020,10522,4340356,2113,3642914,502,348750,4579,987026,0.113448,8478,3844313,0.441864,5142,4831339,0.555312,8700223
1,2021-06-07,33898,8365918,23388,4363744,9165,3652079,1345,350095,12075,978874,0.112511,21622,3865935,0.444349,13470,4844809,0.55686,8700223
1,2021-06-08,42125,8408043,29158,4392902,11328,3663407,1639,351734,14699,968143,0.111278,27162,3893097,0.447471,16431,4861240,0.558749,8700223
1,2021-06-09,42047,8450090,29187,4422089,11234,3674641,1626,353360,13751,955587,0.109835,27995,3921092,0.450689,15439,4876679,0.560523,8700223
1,2021-06-10,38904,8488994,26237,4448326,10992,3685633,1675,355035,13395,945497,0.108675,25265,3946357,0.453593,15175,4891854,0.562268,8700223
1,2021-06-11,43562,8532556,28852,4477178,13050,3698683,1660,356695,15436,934843,0.10745,27831,3974188,0.456792,17177,4909031,0.564242,8700223
1,2021-06-12,33620,8566176,24332,4501510,8093,3706776,1195,357890,11087,924871,0.106304,22324,3996512,0.459357,12352,4921383,0.565662,8700223
1,2021-06-13,11621,8577797,8431,4509941,2707,3709483,483,358373,3384,920604,0.105814,8170,4004682,0.460296,3903,4925286,0.56611,8700223
1,2021-06-14,30794,8608591,20739,4530680,8758,3718241,1297,359670,11542,914419,0.105103,19057,4023739,0.462487,12872,4938158,0.56759,8700223
1,2021-06-15,37080,8645671,24321,4555001,10909,3729150,1850,361520,13755,907050,0.104256,23066,4046805,0.465138,15697,4953855,0.569394,8700223
1,2021-06-16,35250,8680921,23798,4578799,9618,3738768,1834,363354,13217,900380,0.103489,21781,4068586,0.467642,15111,4968966,0.571131,8700223
1,2021-06-17,33422,8714343,22088,4600887,9375,3748143,1959,365313,13080,895405,0.102917,20108,4088694,0.469953,15133,4984099,0.57287,8700223
1,2021-06-18,39213,8753556,25453,4626340,10922,3759065,2838,368151,15220,889789,0.102272,23733,4112427,0.472681,18117,5002216,0.574953,8700223
1,2021-06-19,23716,8777272,16440,4642780,6079,3765144,1197,369348,9738,886947,0.101945,13814,4126241,0.474268,10972,5013188,0.576214,8700223
1,2021-06-20,8109,8785381,5936,4648716,1898,3767042,275,369623,3227,885638,0.101795,4821,4131062,0.474823,3512,5016700,0.576617,8700223
1,2021-06-21,20825,8806206,11801,4660517,6844,3773886,2180,371803,10865,888879,0.102167,9852,4140914,0.475955,13093,5029793,0.578122,8700223
1,2021-06-22,30568,8836774,19971,4680488,8479,3782365,2118,373921,12861,886421,0.101885,17510,4158424,0.477968,15052,5044845,0.579852,8700223
1,2021-06-23,29173,8865947,19578,4700066,7783,3790148,1812,375733,12763,884810,0.1017,16217,4174641,0.479831,14606,5059451,0.581531,8700223
1,2021-06-24,27984,8893931,18658,4718724,7679,3797827,1647,377380,11882,882485,0.101432,15919,4190560,0.481661,13594,5073045,0.583094,8700223
1,2021-06-25,31443,8925374,21313,4740037,8727,3806554,1403,378783,13822,880365,0.101189,17399,4207959,0.483661,15279,5088324,0.58485,8700223
1,2021-06-26,22122,8947496,16422,4756459,4887,3811441,813,379596,9655,878532,0.100978,12351,4220310,0.485081,10518,5098842,0.586059,8700223
1,2021-06-27,9099,8956595,6765,4763224,1906,3813347,428,380024,4059,878058,0.100924,4977,4225287,0.485653,4503,5103345,0.586576,8700223
1,2021-06-28,20918,8977513,15538,4778762,4122,3817469,1258,381282,9716,878038,0.100921,11045,4236332,0.486922,11025,5114370,0.587844,8700223
1,2021-06-29,26322,9003835,17994,4796756,6966,3824435,1362,382644,11580,876468,0.100741,14573,4250905,0.488597,13003,5127373,0.589338,8700223
1,2021-06-30,25508,9029343,17669,4814425,6809,3831244,1030,383674,12110,876473,0.100741,13205,4264110,0.490115,13210,5140583,0.590856,8700223
1,2021-07-01,23278,9052621,16203,4830628,5826,3837070,1249,384923,10763,876189,0.100709,12371,4276481,0.491537,12087,5152670,0.592246,8700223
1,2021-07-02,25983,9078604,17833,4848461,7129,3844199,1021,385944,12233,875959,0.100682,13563,4290044,0.493096,13333,5166003,0.593778,8700223
1,2021-07-03,14435,9093039,10087,4858548,3916,3848115,432,386376,6847,875811,0.100665,7463,4297507,0.493954,7315,5173318,0.594619,8700223
1,2021-07-04,1258,9094297,707,4859255,486,3848601,65,386441,606,875844,0.100669,644,4298151,0.494028,677,5173995,0.594697,8700223
1,2021-07-05,10910,9105207,7525,4866780,3023,3851624,362,386803,5196,875792,0.100663,5653,4303804,0.494677,5601,5179596,0.595341,8700223
1,2021-07-06,26665,9131872,18862,4885642,6695,3858319,1108,387911,10649,871814,0.100206,15839,4319643,0.496498,11861,5191457,0.596704,8700223
1,2021-07-07,22996,9154868,16158,4901800,5791,3864110,1047,388958,9915,869942,0.099991,12919,4332562,0.497983,11047,5202504,0.597974,8700223
1,2021-07-08,20980,9175848,14590,4916390,5486,3869596,904,389862,9097,868249,0.099796,11758,4344320,0.499334,10065,5212569,0.599131,8700223
1,2021-07-09,17605,9193453,12512,4928902,4379,3873975,714,390576,7813,867118,0.099666,9666,4353986,0.500445,8535,5221104,0.600112,8700223
2,2020-12-15,242,242,242,242,0,0,0,0,242,242,2.9e-05,0,0,0.0,242,242,2.9e-05,8407551
2,2020-12-16,2129,2371,2129,2371,0,0,0,0,2128,2370,0.000282,0,0,0.0,2128,2370,0.000282,8407551
2,2020-12-17,6856,9227,6856,9227,0,0,0,0,6857,9227,0.001097,0,0,0.0,6857,9227,0.001097,8407551
2,2020-12-18,11102,20329,11082,20309,20,20,0,0,11102,20329,0.002418,0,0,0.0,11102,20329,0.002418,8407551
2,2020-12-19,5621,25950,5615,25924,6,26,0,0,5622,25951,0.003087,0,0,0.0,5622,25951,0.003087,8407551
2,2020-12-20,4258,30208,4248,30172,10,36,0,0,4253,30203,0.003592,1,1,0.0,4253,30204,0.003592,8407551
2,2020-12-21,12783,42991,12757,42929,26,62,0,0,12738,42941,0.005107,0,1,0.0,12738,42942,0.005108,8407551
2,2020-12-22,12155,55146,11643,54572,512,574,0,0,12154,55095,0.006553,0,1,0.0,12154,55096,0.006553,8407551
2,2020-12-23,11713,66859,9495,64067,2218,2792,0,0,11715,66810,0.007946,1,2,0.0,11716,66812,0.007947,8407551
2,2020-12-24,5913,72772,3504,67571,2409,5201,0,0,5909,72718,0.008649,3,5,1e-06,5911,72723,0.00865,8407551
2,2020-12-25,484,73256,406,67977,78,5279,0,0,486,73204,0.008707,0,5,1e-06,486,73209,0.008708,8407551
2,2020-12-26,2562,75818,1668,69645,894,6173,0,0,2563,75766,0.009012,1,6,1e-06,2563,75772,0.009012,8407551
2,2020-12-27,2227,78045,1211,70856,1016,7189,0,0,2224,77988,0.009276,2,8,1e-06,2224,77996,0.009277,8407551
2,2020-12-28,11034,89079,7171,78027,3863,11052,0,0,11034,89021,0.010588,1,9,1e-06,11034,89030,0.010589,8407551
2,2020-12-29,12728,101807,7151,85178,5577,16629,0,0,12732,101753,0.012103,0,9,1e-06,12732,101762,0.012104,8407551
2,2020-12-30,15436,117243,8662,93840,6774,23403,0,0,15431,117181,0.013938,5,14,2e-06,15433,117195,0.013939,8407551
2,2020-12-31,7590,124833,2833,96673,4757,28160,0,0,7584,124760,0.014839,5,19,2e-06,7584,124779,0.014841,8407551
2,2021-01-01,1200,126033,593,97266,607,28767,0,0,1201,125958,0.014982,3,22,3e-06,1201,125980,0.014984,8407551
2,2021-01-02,4850,130883,2766,100032,2084,30851,0,0,4845,130801,0.015558,2,24,3e-06,4845,130825,0.01556,8407551
2,2021-01-03,1408,132291,793,100825,615,31466,0,0,1401,132199,0.015724,3,27,3e-06,1401,132226,0.015727,8407551
2,2021-01-04,11666,143957,5560,106385,6106,37572,0,0,11655,143851,0.01711,3,30,4e-06,11655,143881,0.017113,8407551
2,2021-01-05,13886,157843,6926,113311,6960,44532,0,0,12676,155358,0.018478,1204,1234,0.000147,12711,156592,0.018625,8407551
2,2021-01-06,19008,176851,10485,123796,8523,53055,0,0,15220,166855,0.019846,3733,4967,0.000591,15230,171822,0.020437,8407551
2,2021-01-07,23259,200110,13118,136914,10141,63196,0,0,15612,174829,0.020794,7653,12620,0.001501,15627,187449,0.022295,8407551
2,2021-01-08,26767,226877,16243,153157,10524,73720,0,0,16465,181065,0.021536,10253,22873,0.002721,16489,203938,0.024257,8407551
2,2021-01-09,9847,236724,5748,158905,4099,77819,0,0,6292,183802,0.021862,3562,26435,0.003144,6299,210237,0.025006,8407551
2,2021-01-10,5339,242063,2970,161875,2369,80188,0,0,3084,184627,0.02196,2264,28699,0.003413,3089,213326,0.025373,8407551
2,2021-01-11,26152,268215,17997,179872,8155,88343,0,0,15074,188664,0.02244,11087,39786,0.004732,15124,228450,0.027172,8407551
2,2021-01-12,26319,294534,16352,196224,9967,98310,0,0,16741,195899,0.0233,9590,49376,0.005873,16825,245275,0.029173,8407551
2,2021-01-13,28628,323162,15186,211410,13442,111752,0,0,20648,208609,0.024812,7967,57343,0.00682,20677,265952,0.031633,8407551
2,2021-01-14,30405,353567,11502,222912,18903,130655,0,0,26135,230531,0.02742,4283,61626,0.00733,26205,292157,0.034749,8407551
2,2021-01-15,35203,388770,12832,235744,22371,153026,0,0,31921,259257,0.030836,3284,64910,0.00772,32010,324167,0.038557,8407551
2,2021-01-16,17741,406511,5648,241392,12093,165119,0,0,16406,274322,0.032628,1352,66262,0.007881,16417,340584,0.040509,8407551
2,2021-01-17,10680,417191,3631,245023,7049,172168,0,0,9949,283532,0.033723,748,67010,0.00797,9958,350542,0.041694,8407551
2,2021-01-18,19737,436928,11025,256048,8712,180880,0,0,14933,293701,0.034933,4824,71834,0.008544,14993,365535,0.043477,8407551
2,2021-01-19,32525,469453,16859,272907,15666,196546,0,0,24533,310357,0.036914,7990,79824,0.009494,24646,390181,0.046408,8407551
2,2021-01-20,37674,507127,18994,291901,18680,215226,0,0,29059,330921,0.03936,8586,88410,0.010516,29150,419331,0.049876,8407551
2,2021-01-21,40975,548102,17431,309332,23544,238770,0,0,36491,363131,0.043191,4453,92863,0.011045,36663,455994,0.054236,8407551
2,2021-01-22,39633,587735,16557,325889,23076,261846,0,0,36289,396081,0.04711,3365,96228,0.011445,36315,492309,0.058556,8407551
2,2021-01-23,24133,611868,10784,336673,13349,275195,0,0,21160,414318,0.049279,2953,99181,0.011797,21190,513499,0.061076,8407551
2,2021-01-24,12435,624303,6108,342781,6327,281522,0,0,11513,424938,0.050542,905,100086,0.011904,11525,525024,0.062447,8407551
2,2021-01-25,33952,658255,15688,358469,18264,299786,0,0,25127,441428,0.052504,8775,108861,0.012948,25265,550289,0.065452,8407551
2,2021-01-26,40601,698856,19972,378441,20629,320415,0,0,31447,463829,0.055168,9129,117990,0.014034,31530,581819,0.069202,8407551
2,2021-01-27,45990,744846,22967,401408,23023,343438,0,0,35684,489389,0.058208,10184,128174,0.015245,35744,617563,0.073453,8407551
2,2021-01-28,48220,793066,22725,424133,25495,368933,0,0,39517,520336,0.061889,8642,136816,0.016273,39589,657152,0.078162,8407551
2,2021-01-29,45864,838930,22266,446399,23598,392531,0,0,37100,548851,0.065281,8649,145465,0.017302,37164,694316,0.082582,8407551
2,2021-01-30,31653,870583,13686,460085,17967,410498,0,0,28247,573763,0.068244,3368,148833,0.017702,28280,722596,0.085946,8407551
2,2021-01-31,17569,888152,10595,470680,6974,417472,0,0,16363,588961,0.070051,1185,150018,0.017843,16383,738979,0.087895,8407551
2,2021-02-01,41188,929340,19860,490540,21328,438800,0,0,30137,608134,0.072332,11002,161020,0.019152,30175,769154,0.091484,8407551
2,2021-02-02,48096,977436,19622,510162,28474,467274,0,0,36561,633333,0.075329,11457,172477,0.020515,36656,805810,0.095844,8407551
2,2021-02-03,54323,1031759,24135,534297,30188,497462,0,0,40043,659293,0.078417,14177,186654,0.022201,40137,845947,0.100618,8407551
2,2021-02-04,56236,1087995,24245,558542,31991,529453,0,0,41053,685369,0.081518,15076,201730,0.023994,41152,887099,0.105512,8407551
2,2021-02-05,60352,1148347,26620,585162,33732,563185,0,0,40846,707084,0.084101,19307,221037,0.02629,41022,928121,0.110391,8407551
2,2021-02-06,39228,1187575,18280,603442,20948,584133,0,0,31506,731043,0.086951,7639,228676,0.027199,31598,959719,0.11415,8407551
2,2021-02-07,16035,1203610,10741,614183,5294,589427,0,0,12163,739429,0.087948,3846,232522,0.027656,12232,971951,0.115605,8407551
2,2021-02-08,43538,1247148,22399,636582,21139,610566,0,0,29958,756174,0.08994,13423,245945,0.029253,30168,1002119,0.119193,8407551
2,2021-02-09,49542,1296690,23487,660069,26055,636621,0,0,30660,768627,0.091421,18535,264480,0.031457,30988,1033107,0.122878,8407551
2,2021-02-10,59930,1356620,28240,688309,31690,668311,0,0,34658,778668,0.092615,24971,289451,0.034428,35012,1068119,0.127043,8407551
2,2021-02-11,64535,1421155,29857,718166,34678,702989,0,0,36061,787079,0.093616,28147,317598,0.037775,36558,1104677,0.131391,8407551
2,2021-02-12,65591,1486746,28239,746405,37352,740341,0,0,34807,792090,0.094212,30452,348050,0.041397,35463,1140140,0.135609,8407551
2,2021-02-13,38136,1524882,15948,762353,22188,762529,0,0,22066,798563,0.094982,15971,364021,0.043297,22444,1162584,0.138279,8407551
2,2021-02-14,20207,1545089,9432,771785,10775,773304,0,0,11282,801333,0.095311,8873,372894,0.044352,11643,1174227,0.139663,8407551
2,2021-02-15,33342,1578431,15101,786886,18241,791545,0,0,18440,805864,0.09585,14766,387660,0.046109,19297,1193524,0.141959,8407551
2,2021-02-16,56610,1635041,27937,814823,28673,820218,0,0,29735,809501,0.096283,26768,414428,0.049292,30405,1223929,0.145575,8407551
2,2021-02-17,62179,1697220,32192,847015,29987,850205,0,0,30726,809692,0.096305,31362,445790,0.053023,31553,1255482,0.149328,8407551
2,2021-02-18,66641,1763861,33809,880824,32832,883037,0,0,32329,809109,0.096236,34059,479849,0.057074,33476,1288958,0.15331,8407551
2,2021-02-19,60067,1823928,33449,914273,26618,909655,0,0,29669,809179,0.096244,30203,510052,0.060666,30273,1319231,0.15691,8407551
2,2021-02-20,38082,1862010,24816,939089,13266,922921,0,0,20501,812877,0.096684,17483,527535,0.062745,21181,1340412,0.15943,8407551
2,2021-02-21,22108,1884118,17982,957071,4126,927047,0,0,10793,813246,0.096728,11227,538762,0.064081,11596,1352008,0.160809,8407551
2,2021-02-22,39369,1923487,27005,984076,12364,939411,0,0,18613,811911,0.096569,20620,559382,0.066533,19285,1371293,0.163103,8407551
2,2021-02-23,53736,1977223,27493,1011569,26243,965654,0,0,23434,807194,0.096008,30044,589426,0.070107,25327,1396620,0.166115,8407551
2,2021-02-24,70938,2048161,36675,1048244,34263,999917,0,0,32368,803558,0.095576,38373,627799,0.074671,34737,1431357,0.170247,8407551
2,2021-02-25,76412,2124573,36142,1084386,40270,1040187,0,0,38715,807653,0.096063,37435,665234,0.079123,41530,1472887,0.175186,8407551
2,2021-02-26,84484,2209057,36275,1120661,48209,1088396,0,0,45356,816372,0.0971,38831,704065,0.083742,47550,1520437,0.180842,8407551
2,2021-02-27,61449,2270506,28399,1149060,33043,1121439,7,7,33364,823227,0.097915,27849,731914,0.087054,34704,1555141,0.18497,8407551
2,2021-02-28,30055,2300561,17954,1167014,12100,1133539,1,8,17541,829197,0.098625,12405,744319,0.08853,18375,1573516,0.187155,8407551
2,2021-03-01,57352,2357913,30117,1197131,27192,1160731,43,51,31183,835734,0.099403,25882,770201,0.091608,32419,1605935,0.191011,8407551
2,2021-03-02,68899,2426812,33062,1230193,35828,1196559,9,60,38648,846642,0.1007,30084,800285,0.095186,40992,1646927,0.195887,8407551
2,2021-03-03,80107,2506919,38866,1269059,41227,1237786,14,74,45297,859924,0.10228,34599,834884,0.099302,47881,1694808,0.201582,8407551
2,2021-03-04,88161,2595080,43459,1312518,44672,1282458,30,104,50791,875993,0.104191,37130,872014,0.103718,53199,1748007,0.207909,8407551
2,2021-03-05,82067,2677147,38646,1351164,43115,1325573,306,410,50223,897278,0.106723,31624,903638,0.107479,52909,1800916,0.214202,8407551
2,2021-03-06,62836,2739983,30751,1381915,30387,1355960,1698,2108,38653,915011,0.108832,24053,927691,0.11034,41786,1842702,0.219172,8407551
2,2021-03-07,28688,2768671,16315,1398230,10831,1366791,1542,3650,18139,925322,0.110058,10478,938169,0.111586,20789,1863491,0.221645,8407551
2,2021-03-08,50787,2819458,23285,1421515,24920,1391711,2582,6232,31899,942665,0.112121,18775,956944,0.11382,36118,1899609,0.225941,8407551
2,2021-03-09,70550,2890008,32118,1453633,34564,1426275,3868,10100,39041,955548,0.113654,31371,988315,0.117551,44254,1943863,0.231204,8407551
2,2021-03-10,78329,2968337,37058,1490691,34719,1460994,6552,16652,41556,968423,0.115185,36559,1024874,0.121899,49434,1993297,0.237084,8407551
2,2021-03-11,93232,3061569,43006,1533697,41850,1502844,8376,25028,48638,982551,0.116865,44287,1069161,0.127167,58415,2051712,0.244032,8407551
2,2021-03-12,94008,3155577,38661,1572358,43361,1546205,11986,37014,46790,995783,0.118439,46970,1116131,0.132753,60202,2111914,0.251193,8407551
2,2021-03-13,69211,3224788,28953,1601311,32342,1578547,7916,44930,38106,1012128,0.120383,30973,1147104,0.136437,47318,2159232,0.256821,8407551
2,2021-03-14,37035,3261823,18305,1619616,14205,1592752,4525,49455,18574,1017625,0.121037,18356,1165460,0.138621,23853,2183085,0.259658,8407551
2,2021-03-15,67486,3329309,30448,1650064,31979,1624731,5059,54514,37180,1030875,0.122613,30085,1195545,0.142199,43335,2226420,0.264812,8407551
2,2021-03-16,86259,3415568,38154,1688218,44092,1668823,4013,58527,52211,1054370,0.125408,33860,1229405,0.146226,57355,2283775,0.271634,8407551
2,2021-03-17,92660,3508228,44352,1732570,44145,1712968,4163,62690,58784,1084557,0.128998,33605,1263010,0.150223,63792,2347567,0.279221,8407551
2,2021-03-18,98036,3606264,46772,1779342,46677,1759645,4587,67277,59704,1111400,0.132191,38015,1301025,0.154745,64858,2412425,0.286936,8407551
2,2021-03-19,97438,3703702,46105,1825447,45195,1804840,6138,73415,57814,1136558,0.135183,39323,1340348,0.159422,64481,2476906,0.294605,8407551
2,2021-03-20,69822,3773524,33776,1859223,32119,1836959,3927,77342,45740,1162754,0.138299,23840,1364188,0.162257,50036,2526942,0.300556,8407551
2,2021-03-21,33398,3806922,21560,1880783,9851,1846810,1987,79329,20102,1172118,0.139413,13157,1377345,0.163822,22521,2549463,0.303235,8407551
2,2021-03-22,62787,3869709,34540,1915323,25606,1872416,2641,81970,41707,1196509,0.142314,20853,1398198,0.166303,45244,2594707,0.308616,8407551
2,2021-03-23,83681,3953390,44519,1959842,36252,1908668,2910,84880,52349,1221551,0.145292,31055,1429253,0.169996,56097,2650804,0.315288,8407551
2,2021-03-24,91533,4044923,49196,2009038,39175,1947843,3162,88042,53710,1241744,0.147694,37494,1466747,0.174456,57687,2708491,0.32215,8407551
2,2021-03-25,101091,4146014,50988,2060026,46213,1994056,3890,91932,57220,1260095,0.149877,43520,1510267,0.179632,61871,2770362,0.329509,8407551
2,2021-03-26,103294,4249308,51221,2111247,48578,2042634,3495,95427,56521,1274770,0.151622,46388,1556655,0.18515,61063,2831425,0.336772,8407551
2,2021-03-27,75496,4324804,37627,2148874,34560,2077194,3309,98736,37884,1279453,0.152179,37369,1594024,0.189594,42052,2873477,0.341773,8407551
2,2021-03-28,37655,4362459,23246,2172120,13600,2090794,809,99545,20191,1283964,0.152716,17340,1611364,0.191657,21851,2895328,0.344372,8407551
2,2021-03-29,71264,4433723,36208,2208328,32790,2123584,2266,101811,40670,1297409,0.154315,30392,1641756,0.195272,43837,2939165,0.349586,8407551
2,2021-03-30,91869,4525592,44984,2253312,42526,2166110,4359,106170,51697,1314101,0.1563,39967,1681723,0.200025,56659,2995824,0.356325,8407551
2,2021-03-31,101171,4626763,52082,2305394,43965,2210075,5124,111294,57475,1333662,0.158627,43385,1725108,0.205186,62946,3058770,0.363812,8407551
2,2021-04-01,117455,4744218,56688,2362082,51543,2261618,9224,120518,63996,1354241,0.161074,53072,1778180,0.211498,73651,3132421,0.372572,8407551
2,2021-04-02,111603,4855821,51390,2413472,50036,2311654,10177,130695,59947,1373565,0.163373,51277,1829457,0.217597,70601,3203022,0.38097,8407551
2,2021-04-03,76771,4932592,37688,2451160,29262,2340916,9821,140516,38044,1383299,0.164531,38520,1867977,0.222178,48254,3251276,0.386709,8407551
2,2021-04-04,28988,4961580,14896,2466056,10241,2351157,3851,144367,13007,1384310,0.164651,15879,1883856,0.224067,16890,3268166,0.388718,8407551
2,2021-04-05,79150,5040730,38770,2504826,31535,2382692,8845,153212,38214,1391365,0.16549,40756,1924612,0.228915,47811,3315977,0.394405,8407551
2,2021-04-06,103941,5144671,50590,2555416,38648,2421340,14703,167915,49271,1401355,0.166678,54389,1979001,0.235384,64379,3380356,0.402062,8407551
2,2021-04-07,110452,5255123,55085,2610501,39122,2460462,16245,184160,52051,1411817,0.167923,58115,2037116,0.242296,68577,3448933,0.410219,8407551
2,2021-04-08,119306,5374429,57404,2667905,43183,2503645,18719,202879,55351,1422884,0.169239,63590,2100706,0.249859,74657,3523590,0.419098,8407551
2,2021-04-09,118828,5493257,57118,2725023,43522,2547167,18188,221067,56173,1435809,0.170776,62280,2162986,0.257267,75205,3598795,0.428043,8407551
2,2021-04-10,87527,5580784,37761,2762784,31386,2578553,18380,239447,36120,1439853,0.171257,51143,2214129,0.26335,55187,3653982,0.434607,8407551
2,2021-04-11,44473,5625257,23050,2785834,12956,2591509,8467,247914,18210,1441129,0.171409,26126,2240255,0.266457,27402,3681384,0.437866,8407551
2,2021-04-12,80003,5705260,37246,2823080,33353,2624862,9404,257318,35679,1443156,0.17165,44050,2284305,0.271697,46077,3727461,0.443347,8407551
2,2021-04-13,101928,5807188,52864,2875944,48803,2673665,261,257579,55882,1454410,0.172989,45781,2330086,0.277142,57035,3784496,0.450131,8407551
2,2021-04-14,106744,5913932,55857,2931801,50835,2724500,52,257631,54661,1458779,0.173508,51777,2381863,0.2833,56146,3840642,0.456809,8407551
2,2021-04-15,113417,6027349,60255,2992056,53084,2777584,78,257709,59425,1465748,0.174337,53602,2435465,0.289676,60571,3901213,0.464013,8407551
2,2021-04-16,110663,6138012,57466,3049522,53146,2830730,51,257760,56304,1468958,0.174719,53994,2489459,0.296098,57204,3958417,0.470817,8407551
2,2021-04-17,83433,6221445,42456,3091978,40963,2871693,14,257774,46820,1480297,0.176068,36358,2525817,0.300422,47697,4006114,0.47649,8407551
2,2021-04-18,35576,6257021,21628,3113606,13942,2885635,6,257780,16949,1479745,0.176002,18488,2544305,0.302621,17936,4024050,0.478623,8407551
2,2021-04-19,74913,6331934,40342,3153948,34555,2920190,16,257796,34216,1474182,0.17534,40417,2584722,0.307429,34854,4058904,0.482769,8407551
2,2021-04-20,97600,6429534,49499,3203447,48075,2968265,26,257822,47458,1472604,0.175153,49803,2634525,0.313352,48225,4107129,0.488505,8407551
2,2021-04-21,103389,6532923,55963,3259410,47370,3015635,56,257878,48945,1468571,0.174673,54005,2688530,0.319776,49972,4157101,0.494449,8407551
2,2021-04-22,107368,6640291,55568,3314978,51777,3067412,23,257901,47101,1456717,0.173263,59869,2748399,0.326897,48015,4205116,0.500159,8407551
2,2021-04-23,106729,6747020,56768,3371746,49943,3117355,18,257919,49328,1449995,0.172463,56986,2805385,0.333674,50264,4255380,0.506138,8407551
2,2021-04-24,79708,6826728,47066,3418812,32602,3149957,40,257959,41631,1454839,0.17304,37754,2843139,0.338165,42598,4297978,0.511205,8407551
2,2021-04-25,36191,6862919,22274,3441086,13903,3163860,14,257973,19708,1458675,0.173496,16352,2859491,0.34011,20188,4318166,0.513606,8407551
2,2021-04-26,73648,6936567,40836,3481922,32508,3196368,304,258277,33943,1454926,0.17305,39442,2898933,0.344801,35693,4353859,0.517851,8407551
2,2021-04-27,87792,7024359,46272,3528194,40159,3236527,1361,259638,37744,1445586,0.171939,49683,2948616,0.35071,40343,4394202,0.522649,8407551
2,2021-04-28,87522,7111881,46806,3575000,38854,3275381,1862,261500,38667,1438498,0.171096,48528,2997144,0.356482,41440,4435642,0.527578,8407551
2,2021-04-29,90206,7202087,49119,3624119,39389,3314770,1698,263198,35101,1421164,0.169034,54733,3051877,0.362992,37399,4473041,0.532027,8407551
2,2021-04-30,93862,7295949,51902,3676021,39969,3354739,1991,265189,36538,1403468,0.166929,56880,3108757,0.369758,39184,4512225,0.536687,8407551
2,2021-05-01,61794,7357743,37737,3713758,22493,3377232,1564,266753,24052,1392495,0.165624,37438,3146195,0.374211,26465,4538690,0.539835,8407551
2,2021-05-02,29102,7386845,20191,3733949,7937,3385169,974,267727,11077,1386746,0.164941,17887,3164082,0.376338,12138,4550828,0.541279,8407551
2,2021-05-03,59934,7446779,35471,3769420,22410,3407579,2053,269780,20167,1369735,0.162917,39497,3203579,0.381036,22486,4573314,0.543953,8407551
2,2021-05-04,79399,7526178,47397,3816817,29631,3437210,2371,272151,25806,1345042,0.15998,53267,3256846,0.387372,28574,4601888,0.547352,8407551
2,2021-05-05,79835,7606013,47571,3864388,29918,3467128,2346,274497,25033,1318372,0.156808,54413,3311259,0.393843,27743,4629631,0.550652,8407551
2,2021-05-06,82103,7688116,49742,3914130,29461,3496589,2900,277397,25146,1290554,0.153499,56505,3367764,0.400564,28687,4658318,0.554064,8407551
2,2021-05-07,83171,7771287,48008,3962138,32741,3529330,2422,279819,25620,1261857,0.150086,57196,3424960,0.407367,28499,4686817,0.557453,8407551
2,2021-05-08,55141,7826428,33387,3995525,20042,3549372,1712,281531,17286,1243962,0.147958,37623,3462583,0.411842,19728,4706545,0.5598,8407551
2,2021-05-09,21707,7848135,15655,4011180,5304,3554676,748,282279,6331,1235976,0.147008,15297,3477880,0.413661,7311,4713856,0.560669,8407551
2,2021-05-10,49805,7897940,27127,4038307,20816,3575492,1862,284141,14048,1216968,0.144747,35530,3513410,0.417887,16522,4730378,0.562634,8407551
2,2021-05-11,65488,7963428,35339,4073646,28045,3603537,2104,286245,19808,1194185,0.142037,45387,3558797,0.423286,22604,4752982,0.565323,8407551
2,2021-05-12,64703,8028131,34499,4108145,27999,3631536,2205,288450,19071,1170523,0.139223,45329,3604126,0.428677,21667,4774649,0.5679,8407551
2,2021-05-13,70557,8098688,40984,4149129,27636,3659172,1937,290387,25860,1154628,0.137332,44422,3648548,0.433961,28527,4803176,0.571293,8407551
2,2021-05-14,79272,8177960,47530,4196659,29503,3688675,2239,292626,30501,1139598,0.135545,48416,3696964,0.439719,33386,4836562,0.575264,8407551
2,2021-05-15,65917,8243877,43315,4239974,20885,3709560,1717,294343,25569,1127160,0.134065,40115,3737079,0.444491,27677,4864239,0.578556,8407551
2,2021-05-16,31509,8275386,23547,4263521,7038,3716598,924,295267,12857,1122540,0.133516,18529,3755608,0.446695,13909,4878148,0.58021,8407551
2,2021-05-17,57701,8333087,36604,4300125,19158,3735756,1939,297206,22789,1112940,0.132374,34691,3790299,0.450821,25091,4903239,0.583195,8407551
2,2021-05-18,69861,8402948,40879,4341004,27019,3762775,1963,299169,27786,1101408,0.131002,41818,3832117,0.455795,30286,4933525,0.586797,8407551
2,2021-05-19,68591,8471539,40608,4381612,25996,3788771,1987,301156,27229,1090021,0.129648,41072,3873189,0.46068,29685,4963210,0.590328,8407551
2,2021-05-20,68833,8540372,39876,4421488,26780,3815551,2177,303333,26172,1076618,0.128054,42347,3915536,0.465717,28944,4992154,0.59377,8407551
2,2021-05-21,72359,8612731,42724,4464212,27499,3843050,2136,305469,27562,1062417,0.126365,44451,3959987,0.471004,30250,5022404,0.597368,8407551
2,2021-05-22,53315,8666046,33762,4497974,17788,3860838,1765,307234,22337,1056291,0.125636,30763,3990750,0.474663,24637,5047041,0.600299,8407551
2,2021-05-23,24186,8690232,16630,4514604,6834,3867672,722,307956,10275,1053639,0.125321,13783,4004533,0.476302,11131,5058172,0.601623,8407551
2,2021-05-24,44574,8734806,25352,4539956,17453,3885125,1769,309725,17197,1045779,0.124386,27166,4031699,0.479533,19306,5077478,0.603919,8407551
2,2021-05-25,50542,8785348,29623,4569579,19056,3904181,1863,311588,19262,1036450,0.123276,30993,4062692,0.483219,21664,5099142,0.606496,8407551
2,2021-05-26,48571,8833919,27236,4596815,19659,3923840,1676,313264,19015,1028251,0.122301,29233,4091925,0.486696,21034,5120176,0.608997,8407551
2,2021-05-27,46501,8880420,26336,4623151,18413,3942253,1752,315016,18611,1021461,0.121493,27654,4119579,0.489986,20864,5141040,0.611479,8407551
2,2021-05-28,49799,8930219,27527,4650678,20315,3962568,1957,316973,20947,1016192,0.120867,28599,4148178,0.493387,23330,5164370,0.614254,8407551
2,2021-05-29,28972,8959191,17356,4668034,10569,3973137,1047,318020,13291,1015166,0.120745,15533,4163711,0.495235,14507,5178877,0.615979,8407551
2,2021-05-30,12598,8971789,8116,4676150,3721,3976858,761,318781,5520,1014487,0.120664,7026,4170737,0.49607,6347,5185224,0.616734,8407551
2,2021-05-31,5871,8977660,3423,4679573,2146,3979004,302,319083,1826,1012668,0.120447,3996,4174733,0.496546,2177,5187401,0.616993,8407551
2,2021-06-01,44582,9022242,25623,4705196,17315,3996319,1644,320727,15573,1001542,0.119124,28721,4203454,0.499962,17595,5204996,0.619086,8407551
2,2021-06-02,38082,9060324,22402,4727598,14287,4010606,1393,322120,14969,995334,0.118386,22863,4226317,0.502681,16655,5221651,0.621067,8407551
2,2021-06-03,41293,9101617,26601,4754199,13218,4023824,1474,323594,13945,984019,0.11704,27114,4253431,0.505906,15799,5237450,0.622946,8407551
2,2021-06-04,47868,9149485,31251,4785450,15077,4038901,1540,325134,15502,969507,0.115314,32078,4285509,0.509721,17566,5255016,0.625035,8407551
2,2021-06-05,37724,9187209,26935,4812385,9340,4048241,1449,326583,11832,957533,0.11389,25669,4311178,0.512775,13695,5268711,0.626664,8407551
2,2021-06-06,14867,9202076,12186,4824571,2099,4050340,582,327165,4700,952896,0.113338,10107,4321285,0.513977,5470,5274181,0.627315,8407551
2,2021-06-07,33166,9235242,23197,4847768,8699,4059039,1270,328435,10761,942910,0.11215,22262,4343547,0.516625,12276,5286457,0.628775,8407551
2,2021-06-08,40448,9275690,28631,4876399,10454,4069493,1363,329798,12428,929289,0.11053,27783,4371330,0.519929,14162,5300619,0.630459,8407551
2,2021-06-09,38000,9313690,26559,4902958,9947,4079440,1494,331292,11512,916318,0.108988,26299,4397629,0.523057,13328,5313947,0.632045,8407551
2,2021-06-10,37635,9351325,26188,4929146,9932,4089372,1515,332807,11721,904297,0.107558,25720,4423349,0.526116,13699,5327646,0.633674,8407551
2,2021-06-11,41145,9392470,27309,4956455,12167,4101539,1669,334476,13247,891864,0.106079,27638,4450987,0.529404,15205,5342851,0.635482,8407551
2,2021-06-12,29297,9421767,21566,4978021,6817,4108356,914,335390,8673,881173,0.104807,20494,4471481,0.531841,9803,5352654,0.636648,8407551
2,2021-06-13,12178,9433945,8899,4986920,2667,4111023,612,336002,3089,876016,0.104194,9027,4480508,0.532915,3870,5356524,0.637109,8407551
2,2021-06-14,29780,9463725,21133,5008053,7456,4118479,1191,337193,10332,868459,0.103295,19289,4499797,0.535209,11732,5368256,0.638504,8407551
2,2021-06-15,35403,9499128,23573,5031626,9793,4128272,2037,339230,11970,859640,0.102246,23203,4523000,0.537969,14384,5382640,0.640215,8407551
2,2021-06-16,32780,9531908,22631,5054257,8364,4136636,1785,341015,11303,851720,0.101304,21313,4544313,0.540504,13393,5396033,0.641808,8407551
2,2021-06-17,30670,9562578,20489,5074746,8388,4145024,1793,342808,10884,844988,0.100503,19616,4563929,0.542837,12884,5408917,0.64334,8407551
2,2021-06-18,34397,9596975,22658,5097404,9873,4154897,1866,344674,12565,838055,0.099679,21622,4585551,0.545409,14689,5423606,0.645087,8407551
2,2021-06-19,20765,9617740,14464,5111868,5050,4159947,1251,345925,7877,834638,0.099272,12730,4598281,0.546923,9313,5432919,0.646195,8407551
2,2021-06-20,8213,9625953,5867,5117735,1882,4161829,464,346389,3046,833089,0.099088,5126,4603407,0.547532,3577,5436496,0.646621,8407551
2,2021-06-21,19193,9645146,11738,5129473,6147,4167976,1308,347697,9833,835166,0.099335,9244,4612651,0.548632,11321,5447817,0.647967,8407551
2,2021-06-22,26690,9671836,18296,5147769,7041,4175017,1353,349050,10499,831265,0.098871,16023,4628674,0.550538,12122,5459939,0.649409,8407551
2,2021-06-23,25748,9697584,17776,5165545,6362,4181379,1610,350660,10496,828550,0.098548,15113,4643787,0.552335,12398,5472337,0.650884,8407551
2,2021-06-24,25129,9722713,17126,5182671,6522,4187901,1481,352141,10415,826105,0.098258,14570,4658357,0.554068,12125,5484462,0.652326,8407551
2,2021-06-25,28456,9751169,19278,5201949,7707,4195608,1471,353612,11870,823244,0.097917,16427,4674784,0.556022,13566,5498028,0.653939,8407551
2,2021-06-26,18348,9769517,13516,5215465,3917,4199525,915,354527,7482,821093,0.097661,10783,4685567,0.557305,8632,5506660,0.654966,8407551
2,2021-06-27,8727,9778244,6661,5222126,1617,4201142,449,354976,3503,819984,0.097529,5180,4690747,0.557921,4071,5510731,0.65545,8407551
2,2021-06-28,19579,9797823,14888,5237014,3466,4204608,1225,356201,8668,819264,0.097444,10798,4701545,0.559205,10078,5520809,0.656649,8407551
2,2021-06-29,22398,9820221,15595,5252609,5747,4210355,1056,357257,9546,817370,0.097219,12725,4714270,0.560719,10831,5531640,0.657937,8407551
2,2021-06-30,21623,9841844,15362,5267971,5242,4215597,1019,358276,9609,816328,0.097095,11890,4726160,0.562133,10848,5542488,0.659227,8407551
2,2021-07-01,19510,9861354,13818,5281789,4835,4220432,857,359133,8682,815344,0.096978,10718,4736878,0.563408,9734,5552222,0.660385,8407551
2,2021-07-02,22462,9883816,15523,5297312,5938,4226370,1001,360134,9915,814057,0.096825,12397,4749275,0.564882,11110,5563332,0.661707,8407551
2,2021-07-03,12315,9896131,8913,5306225,2942,4229312,460,360594,5642,813681,0.09678,6590,4755865,0.565666,6214,5569546,0.662446,8407551
2,2021-07-04,980,9897111,577,5306802,338,4229650,65,360659,418,813635,0.096774,552,4756417,0.565732,506,5570052,0.662506,8407551
2,2021-07-05,10881,9907992,7966,5314768,2515,4232165,400,361059,4997,813321,0.096737,5832,4762249,0.566425,5518,5575570,0.663162,8407551
2,2021-07-06,23219,9931211,16906,5331674,5371,4237536,942,362001,8995,809436,0.096275,14090,4776339,0.568101,10205,5585775,0.664376,8407551
2,2021-07-07,20004,9951215,14280,5345954,4660,4242196,1064,363065,8556,807966,0.0961,11340,4787679,0.56945,9870,5595645,0.66555,8407551
2,2021-07-08,16808,9968023,12002,5357956,3983,4246179,823,363888,7249,806732,0.095953,9469,4797148,0.570576,8235,5603880,0.666529,8407551
2,2021-07-09,13623,9981646,9543,5367499,3354,4249533,726,364614,5773,805568,0.095815,7768,4804916,0.5715,6604,5610484,0.667315,8407551
3,2020-12-15,309,309,309,309,0,0,0,0,309,309,3.8e-05,0,0,0.0,309,309,3.8e-05,8129050
3,2020-12-16,2441,2750,2441,2750,0,0,0,0,2442,2751,0.000338,0,0,0.0,2442,2751,0.000338,8129050
3,2020-12-17,7810,10560,7810,10560,0,0,0,0,7810,10561,0.001299,0,0,0.0,7810,10561,0.001299,8129050
3,2020-12-18,13421,23981,13403,23963,18,18,0,0,13420,23981,0.00295,0,0,0.0,13420,23981,0.00295,8129050
3,2020-12-19,7249,31230,7236,31199,13,31,0,0,7313,31294,0.00385,0,0,0.0,7313,31294,0.00385,8129050
3,2020-12-20,5652,36882,5644,36843,8,39,0,0,5699,36992,0.004551,1,1,0.0,5699,36993,0.004551,8129050
3,2020-12-21,14372,51254,14347,51190,25,64,0,0,14436,51427,0.006326,1,2,0.0,14436,51429,0.006327,8129050
3,2020-12-22,14797,66051,14225,65415,572,636,0,0,14835,66261,0.008151,1,3,0.0,14835,66264,0.008152,8129050
3,2020-12-23,14813,80864,12214,77629,2599,3235,0,0,14839,81099,0.009976,2,5,1e-06,14840,81104,0.009977,8129050
3,2020-12-24,6786,87650,4872,82501,1914,5149,0,0,6783,87880,0.010811,2,7,1e-06,6783,87887,0.010811,8129050
3,2020-12-25,721,88371,664,83165,57,5206,0,0,719,88599,0.010899,0,7,1e-06,719,88606,0.0109,8129050
3,2020-12-26,4619,92990,2996,86161,1623,6829,0,0,4617,93216,0.011467,0,7,1e-06,4617,93223,0.011468,8129050
3,2020-12-27,2981,95971,1852,88013,1129,7958,0,0,2981,96197,0.011834,0,7,1e-06,2981,96204,0.011835,8129050
3,2020-12-28,13621,109592,8719,96732,4902,12860,0,0,13646,109842,0.013512,1,8,1e-06,13646,109850,0.013513,8129050
3,2020-12-29,15017,124609,8468,105200,6549,19409,0,0,15045,124885,0.015363,2,10,1e-06,15045,124895,0.015364,8129050
3,2020-12-30,18012,142621,10039,115239,7973,27382,0,0,18016,142900,0.017579,2,12,1e-06,18017,142912,0.01758,8129050
3,2020-12-31,8459,151080,3238,118477,5221,32603,0,0,8458,151356,0.018619,2,14,2e-06,8458,151370,0.018621,8129050
3,2021-01-01,1441,152521,669,119146,772,33375,0,0,1438,152793,0.018796,1,15,2e-06,1438,152808,0.018798,8129050
3,2021-01-02,4944,157465,2424,121570,2520,35895,0,0,4944,157737,0.019404,0,15,2e-06,4944,157752,0.019406,8129050
3,2021-01-03,1613,159078,847,122417,766,36661,0,0,1602,159335,0.019601,4,19,2e-06,1602,159354,0.019603,8129050
3,2021-01-04,12005,171083,5957,128374,6048,42709,0,0,11978,171306,0.021073,7,26,3e-06,11978,171332,0.021077,8129050
3,2021-01-05,15715,186798,8139,136513,7576,50285,0,0,14044,183722,0.022601,1656,1682,0.000207,14072,185404,0.022808,8129050
3,2021-01-06,20583,207381,10874,147387,9709,59994,0,0,16064,195320,0.024027,4475,6157,0.000757,16073,201477,0.024785,8129050
3,2021-01-07,26590,233971,15218,162605,11372,71366,0,0,17139,203058,0.024979,9416,15573,0.001916,17154,218631,0.026895,8129050
3,2021-01-08,30577,264548,18704,181309,11873,83239,0,0,18107,208740,0.025678,12447,28020,0.003447,18129,236760,0.029125,8129050
3,2021-01-09,12439,276987,7034,188343,5405,88644,0,0,7901,212119,0.026094,4532,32552,0.004004,7911,244671,0.030098,8129050
3,2021-01-10,7194,284181,4474,192817,2720,91364,0,0,4046,213024,0.026205,3146,35698,0.004391,4051,248722,0.030597,8129050
3,2021-01-11,29010,313191,18988,211805,10022,101386,0,0,16411,216887,0.02668,12591,48289,0.00594,16454,265176,0.032621,8129050
3,2021-01-12,32531,345722,19454,231259,13077,114463,0,0,19901,224329,0.027596,12608,60897,0.007491,20050,285226,0.035087,8129050
3,2021-01-13,34514,380236,18031,249290,16483,130946,0,0,24311,238458,0.029334,10202,71099,0.008746,24331,309557,0.03808,8129050
3,2021-01-14,34764,415000,14240,263530,20524,151470,0,0,28861,261482,0.032166,5875,76974,0.009469,28899,338456,0.041635,8129050
3,2021-01-15,38924,453924,14457,277987,24467,175937,0,0,34248,291135,0.035814,4665,81639,0.010043,34318,372774,0.045857,8129050
3,2021-01-16,21925,475849,7593,285580,14332,190269,0,0,19598,308440,0.037943,2315,83954,0.010328,19620,392394,0.048271,8129050
3,2021-01-17,13142,488991,4444,290024,8698,198967,0,0,12103,319524,0.039306,1038,84992,0.010455,12122,404516,0.049762,8129050
3,2021-01-18,24697,513688,12889,302913,11808,210775,0,0,19114,333083,0.040974,5597,90589,0.011144,19156,423672,0.052118,8129050
3,2021-01-19,41037,554725,20856,323769,20181,230956,0,0,31922,356005,0.043794,9087,99676,0.012262,32009,455681,0.056056,8129050
3,2021-01-20,45966,600691,22832,346601,23134,254090,0,0,36429,383023,0.047118,9494,109170,0.01343,36512,492193,0.060547,8129050
3,2021-01-21,48085,648776,20887,367488,27198,281288,0,0,42574,420237,0.051696,5435,114605,0.014098,42649,534842,0.065794,8129050
3,2021-01-22,49723,698499,19798,387286,29925,311213,0,0,45529,461644,0.056789,4196,118801,0.014614,45603,580445,0.071404,8129050
3,2021-01-23,30343,728842,12793,400079,17550,328763,0,0,27040,485443,0.059717,3295,122096,0.01502,27094,607539,0.074737,8129050
3,2021-01-24,17812,746654,8470,408549,9342,338105,0,0,16637,500939,0.061623,1172,123268,0.015164,16668,624207,0.076787,8129050
3,2021-01-25,40775,787429,18175,426724,22600,360705,0,0,30806,521887,0.0642,9945,133213,0.016387,30893,655100,0.080588,8129050
3,2021-01-26,47135,834564,22500,449224,24635,385340,0,0,36995,548863,0.067519,10125,143338,0.017633,37101,692201,0.085152,8129050
3,2021-01-27,51304,885868,24378,473602,26926,412266,0,0,40647,579006,0.071227,10583,153921,0.018935,40726,732927,0.090161,8129050
3,2021-01-28,51720,937588,23941,497543,27779,440045,0,0,42760,612957,0.075403,8867,162788,0.020025,42818,775745,0.095429,8129050
3,2021-01-29,50855,988443,24353,521896,26502,466547,0,0,41116,644580,0.079293,9540,172328,0.021199,41163,816908,0.100492,8129050
3,2021-01-30,37230,1025673,17559,539455,19671,486218,0,0,32502,672493,0.082727,4673,177001,0.021774,32586,849494,0.104501,8129050
3,2021-01-31,22211,1047884,12565,552020,9646,495864,0,0,20803,691919,0.085117,1397,178398,0.021946,20823,870317,0.107063,8129050
3,2021-02-01,45712,1093596,20837,572857,24875,520739,0,0,34852,715996,0.088079,10809,189207,0.023275,34886,905203,0.111354,8129050
3,2021-02-02,54350,1147946,22582,595439,31768,552507,0,0,41894,745578,0.091718,12363,201570,0.024796,41945,947148,0.116514,8129050
3,2021-02-03,60055,1208001,26666,622105,33389,585896,0,0,44570,774898,0.095325,15322,216892,0.026681,44642,991790,0.122006,8129050
3,2021-02-04,64339,1272340,27873,649978,36466,622362,0,0,47101,805082,0.099038,17028,233920,0.028776,47212,1039002,0.127813,8129050
3,2021-02-05,70367,1342707,29827,679805,40540,662902,0,0,48540,832232,0.102378,21563,255483,0.031428,48713,1087715,0.133806,8129050
3,2021-02-06,43921,1386628,21191,700996,22730,685632,0,0,34133,856807,0.105401,9741,265224,0.032627,34316,1122031,0.138027,8129050
3,2021-02-07,19562,1406190,12398,713394,7164,692796,0,0,15044,867477,0.106713,4500,269724,0.03318,15170,1137201,0.139893,8129050
3,2021-02-08,51200,1457390,24665,738059,26535,719331,0,0,33539,883680,0.108706,17522,287246,0.035336,33725,1170926,0.144042,8129050
3,2021-02-09,58541,1515931,28351,766410,30190,749521,0,0,34293,894329,0.110016,23974,311220,0.038285,34623,1205549,0.148301,8129050
3,2021-02-10,68040,1583971,31546,797956,36494,786015,0,0,36504,900101,0.110726,31230,342450,0.042127,37002,1242551,0.152853,8129050
3,2021-02-11,70678,1654649,34792,832748,35886,821901,0,0,37464,905282,0.111364,32821,375271,0.046164,38002,1280553,0.157528,8129050
3,2021-02-12,75605,1730254,32665,865413,42940,864841,0,0,41668,914131,0.112452,33600,408871,0.050298,42449,1323002,0.16275,8129050
3,2021-02-13,45226,1775480,20496,885909,24730,889571,0,0,26022,921643,0.113376,19093,427964,0.052646,26605,1349607,0.166023,8129050
3,2021-02-14,27392,1802872,13677,899586,13715,903286,0,0,15194,925143,0.113807,12143,440107,0.05414,15643,1365250,0.167947,8129050
3,2021-02-15,40097,1842969,17231,916817,22866,926152,0,0,22173,930435,0.114458,17819,457926,0.056332,23111,1388361,0.17079,8129050
3,2021-02-16,70180,1913149,33187,950004,36993,963145,0,0,36456,934348,0.114939,33571,491497,0.060462,37484,1425845,0.175401,8129050
3,2021-02-17,71979,1985128,36373,986377,35606,998751,0,0,34185,932063,0.114658,37546,529043,0.065081,35261,1461106,0.179739,8129050
3,2021-02-18,77143,2062271,40284,1026661,36859,1035610,0,0,35697,927851,0.11414,41254,570297,0.070155,37042,1498148,0.184296,8129050
3,2021-02-19,69253,2131524,39856,1066517,29397,1065007,0,0,34967,929383,0.114329,34133,604430,0.074354,35665,1533813,0.188683,8129050
3,2021-02-20,42869,2174393,27012,1093529,15857,1080864,0,0,22472,932076,0.11466,20280,624710,0.076849,22973,1556786,0.191509,8129050
3,2021-02-21,23992,2198385,19292,1112821,4700,1085564,0,0,11795,932150,0.114669,12104,636814,0.078338,12178,1568964,0.193007,8129050
3,2021-02-22,47079,2245464,30679,1143500,16400,1101964,0,0,22074,929842,0.114385,24869,661683,0.081397,22561,1591525,0.195782,8129050
3,2021-02-23,62900,2308364,34215,1177715,28685,1130649,0,0,27508,924163,0.113686,35174,696857,0.085724,29495,1621020,0.199411,8129050
3,2021-02-24,78983,2387347,38779,1216494,40204,1170853,0,0,34955,917845,0.112909,43787,740644,0.091111,37469,1658489,0.20402,8129050
3,2021-02-25,88196,2475543,43009,1259503,45187,1216040,0,0,43986,920515,0.113238,43908,784552,0.096512,46578,1705067,0.20975,8129050
3,2021-02-26,98503,2574046,45020,1304523,53483,1269523,0,0,52117,928850,0.114263,45985,830537,0.102169,54320,1759387,0.216432,8129050
3,2021-02-27,69544,2643590,31874,1336397,37666,1307189,4,4,36768,934373,0.114942,32555,863092,0.106174,38078,1797465,0.221116,8129050
3,2021-02-28,40091,2683681,23019,1359416,17069,1324258,3,7,20759,936927,0.115257,19159,882251,0.108531,21713,1819178,0.223787,8129050
3,2021-03-01,67861,2751542,35940,1395356,31890,1356148,31,38,37905,946462,0.11643,29740,911991,0.112189,39275,1858453,0.228619,8129050
3,2021-03-02,79043,2830585,39011,1434367,40024,1396172,8,46,45845,961343,0.11826,33046,945037,0.116254,47927,1906380,0.234514,8129050
3,2021-03-03,89281,2919866,42783,1477150,46479,1442651,19,65,50119,974814,0.119917,38936,983973,0.121044,52407,1958787,0.240961,8129050
3,2021-03-04,93705,3013571,45844,1522994,47841,1490492,20,85,53232,990107,0.121799,40236,1024209,0.125994,55529,2014316,0.247792,8129050
3,2021-03-05,90610,3104181,44337,1567331,45982,1536474,291,376,55371,1013019,0.124617,34977,1059186,0.130296,57889,2072205,0.254914,8129050
3,2021-03-06,65282,3169463,33076,1600407,30050,1566524,2156,2532,37510,1026528,0.126279,27621,1086807,0.133694,41130,2113335,0.259973,8129050
3,2021-03-07,39062,3208525,22545,1622952,14619,1581143,1898,4430,21969,1034547,0.127265,17023,1103830,0.135788,25042,2138377,0.263054,8129050
3,2021-03-08,59811,3268336,28505,1651457,28307,1609450,2999,7429,37846,1055132,0.129798,21799,1125629,0.13847,42384,2180761,0.268268,8129050
3,2021-03-09,77034,3345370,35567,1687024,37032,1646482,4435,11864,41427,1066696,0.13122,35460,1161089,0.142832,47024,2227785,0.274052,8129050
3,2021-03-10,83038,3428408,41398,1728422,35544,1682026,6096,17960,43395,1078153,0.13263,39422,1200511,0.147682,50879,2278664,0.280311,8129050
3,2021-03-11,97290,3525698,47579,1776001,41107,1723133,8604,26564,47662,1086138,0.133612,49355,1249866,0.153753,57340,2336004,0.287365,8129050
3,2021-03-12,102083,3627781,45468,1821469,44732,1767865,11883,38447,46785,1090886,0.134196,55059,1304925,0.160526,59807,2395811,0.294722,8129050
3,2021-03-13,70602,3698383,29698,1851167,33657,1801522,7247,45694,37359,1103726,0.135776,33115,1338040,0.1646,45955,2441766,0.300375,8129050
3,2021-03-14,41371,3739754,21602,1872769,16200,1817722,3569,49263,20833,1108303,0.136339,20452,1358492,0.167116,25029,2466795,0.303454,8129050
3,2021-03-15,75694,3815448,35891,1908660,35261,1852983,4542,53805,39857,1118086,0.137542,35613,1394105,0.171497,45396,2512191,0.309039,8129050
3,2021-03-16,95072,3910520,43810,1952470,46937,1899920,4325,58130,53467,1135436,0.139676,41360,1435465,0.176585,58710,2570901,0.316261,8129050
3,2021-03-17,98298,4008818,47742,2000212,46039,1945959,4517,62647,59718,1162006,0.142945,38328,1473793,0.1813,64898,2635799,0.324244,8129050
3,2021-03-18,103646,4112464,52714,2052926,46408,1992367,4524,67171,59582,1182889,0.145514,43770,1517563,0.186684,64653,2700452,0.332198,8129050
3,2021-03-19,103328,4215792,55421,2108347,43451,2035818,4456,71627,57665,1200195,0.147643,45376,1562939,0.192266,62682,2763134,0.339909,8129050
3,2021-03-20,71925,4287717,37057,2145404,31229,2067047,3639,75266,44583,1221769,0.150297,27152,1590091,0.195606,48726,2811860,0.345903,8129050
3,2021-03-21,36358,4324075,24726,2170130,10133,2077180,1499,76765,22012,1231513,0.151495,14243,1604334,0.197358,23987,2835847,0.348853,8129050
3,2021-03-22,70521,4394596,41442,2211572,26558,2103738,2521,79286,45129,1255018,0.154387,25161,1629495,0.200453,48666,2884513,0.35484,8129050
3,2021-03-23,89745,4484341,49664,2261236,37558,2141296,2523,81809,55216,1279201,0.157362,34260,1663755,0.204668,58443,2942956,0.36203,8129050
3,2021-03-24,98663,4583004,56795,2318031,38972,2180268,2896,84705,56294,1296984,0.159549,42011,1705766,0.209836,59794,3002750,0.369385,8129050
3,2021-03-25,107236,4690240,59586,2377617,44699,2224967,2951,87656,60548,1314783,0.161739,46343,1752109,0.215537,64142,3066892,0.377276,8129050
3,2021-03-26,110555,4800795,59304,2436921,47946,2272913,3305,90961,57228,1323170,0.162771,52989,1805098,0.222055,61376,3128268,0.384826,8129050
3,2021-03-27,74509,4875304,37919,2474840,34045,2306958,2545,93506,36258,1324618,0.162949,38027,1843125,0.226733,39475,3167743,0.389682,8129050
3,2021-03-28,44366,4919670,27940,2502780,15612,2322570,814,94320,22475,1326770,0.163213,21779,1864904,0.229412,23931,3191674,0.392626,8129050
3,2021-03-29,80672,5000342,42080,2544860,36731,2359301,1861,96181,44325,1337682,0.164556,36085,1900989,0.233851,46997,3238671,0.398407,8129050
3,2021-03-30,100191,5100533,49229,2594089,47336,2406637,3626,99807,56285,1354548,0.166631,43648,1944637,0.239221,60514,3299185,0.405851,8129050
3,2021-03-31,105114,5205647,56675,2650764,43594,2450231,4845,104652,56198,1367237,0.168191,48683,1993320,0.245209,61372,3360557,0.413401,8129050
3,2021-04-01,123597,5329244,62479,2713243,51367,2501598,9751,114403,66693,1387483,0.170682,56505,2049825,0.25216,76751,3437308,0.422843,8129050
3,2021-04-02,117970,5447214,57574,2770817,50061,2551659,10335,124738,62252,1405131,0.172853,55420,2105245,0.258978,73068,3510376,0.431831,8129050
3,2021-04-03,76127,5523341,38923,2809740,27971,2579630,9233,133971,37924,1414544,0.174011,38051,2143296,0.263659,47464,3557840,0.43767,8129050
3,2021-04-04,32427,5555768,17353,2827093,10862,2590492,4212,138183,14147,1414730,0.174034,18202,2161498,0.265898,18388,3576228,0.439932,8129050
3,2021-04-05,89271,5645039,45242,2872335,34830,2625322,9199,147382,43347,1422411,0.174979,45686,2207184,0.271518,53367,3629595,0.446497,8129050
3,2021-04-06,113465,5758504,55192,2927527,43092,2668414,15181,162563,53338,1431780,0.176131,59848,2267032,0.27888,69217,3698812,0.455012,8129050
3,2021-04-07,116360,5874864,60174,2987701,39867,2708281,16319,178882,56250,1444773,0.17773,59845,2326877,0.286242,72838,3771650,0.463972,8129050
3,2021-04-08,121440,5996304,60429,3048130,40848,2749129,20163,199045,56224,1457017,0.179236,64906,2391783,0.294227,77150,3848800,0.473462,8129050
3,2021-04-09,118453,6114757,59036,3107166,40261,2789390,19156,218201,51974,1462822,0.17995,66222,2458005,0.302373,72027,3920827,0.482323,8129050
3,2021-04-10,84430,6199187,37874,3145040,31283,2820673,15273,233474,34296,1463256,0.180003,49951,2507956,0.308518,50385,3971212,0.488521,8129050
3,2021-04-11,45263,6244450,24279,3169319,13005,2833678,7979,241453,17146,1461187,0.179749,28027,2535983,0.311965,25958,3997170,0.491714,8129050
3,2021-04-12,84018,6328468,42448,3211767,32765,2866443,8805,250258,38017,1463328,0.180012,45762,2581745,0.317595,47903,4045073,0.497607,8129050
3,2021-04-13,105572,6434040,57184,3268951,48174,2914617,214,250472,55694,1470481,0.180892,49638,2631383,0.323701,56791,4101864,0.504593,8129050
3,2021-04-14,107687,6541727,58867,3327818,48722,2963339,98,250570,53590,1471801,0.181054,53803,2685186,0.33032,55123,4156987,0.511374,8129050
3,2021-04-15,119534,6661261,67281,3395099,52178,3015517,75,250645,63979,1481422,0.182238,55239,2740425,0.337115,64860,4221847,0.519353,8129050
3,2021-04-16,115627,6776888,64844,3459943,50689,3066206,94,250739,60364,1487591,0.182997,54955,2795380,0.343875,61124,4282971,0.526872,8129050
3,2021-04-17,79506,6856394,43365,3503308,36128,3102334,13,250752,44321,1497929,0.184269,34964,2830344,0.348176,45302,4328273,0.532445,8129050
3,2021-04-18,38746,6895140,23365,3526673,15378,3117712,3,250755,18198,1496567,0.184101,20437,2850781,0.350691,19075,4347348,0.534792,8129050
3,2021-04-19,79345,6974485,44217,3570890,35074,3152786,54,250809,35895,1489749,0.183262,43275,2894056,0.356014,36457,4383805,0.539276,8129050
3,2021-04-20,100933,7075418,53128,3624018,47787,3200573,18,250827,48993,1488093,0.183059,51692,2945748,0.362373,50036,4433841,0.545432,8129050
3,2021-04-21,105634,7181052,59282,3683300,46284,3246857,68,250895,49924,1483813,0.182532,55354,3001102,0.369182,51074,4484915,0.551715,8129050
3,2021-04-22,111323,7292375,62535,3745835,48765,3295622,23,250918,47873,1469551,0.180778,63115,3064217,0.376947,48853,4533768,0.557724,8129050
3,2021-04-23,105658,7398033,60453,3806288,45178,3340800,27,250945,46322,1457905,0.179345,59006,3123223,0.384205,47360,4581128,0.56355,8129050
3,2021-04-24,73217,7471250,45278,3851566,27876,3368676,63,251008,35722,1457452,0.179289,37231,3160454,0.388785,36778,4617906,0.568074,8129050
3,2021-04-25,36673,7507923,23414,3874980,13242,3381918,17,251025,18721,1458781,0.179453,17815,3178269,0.390977,19144,4637050,0.57043,8129050
3,2021-04-26,73562,7581485,41512,3916492,31643,3413561,407,251432,31474,1450171,0.178394,41832,3220101,0.396123,33222,4670272,0.574516,8129050
3,2021-04-27,90802,7672287,47656,3964148,41408,3454969,1738,253170,36079,1434329,0.176445,54429,3274530,0.402818,38587,4708859,0.579263,8129050
3,2021-04-28,86453,7758740,49094,4013242,35231,3490200,2128,255298,35368,1421549,0.174873,50805,3325335,0.409068,38025,4746884,0.583941,8129050
3,2021-04-29,88511,7847251,50569,4063811,35738,3525938,2204,257502,31623,1399295,0.172135,56567,3381902,0.416027,34313,4781197,0.588162,8129050
3,2021-04-30,90163,7937414,50877,4114688,36806,3562744,2480,259982,33604,1379606,0.169713,56240,3438142,0.422945,36551,4817748,0.592658,8129050
3,2021-05-01,54908,7992322,34526,4149214,18925,3581669,1457,261439,19735,1366342,0.168081,34941,3473083,0.427243,21677,4839425,0.595325,8129050
3,2021-05-02,26839,8019161,18309,4167523,7517,3589186,1013,262452,9839,1360379,0.167348,16911,3489994,0.429324,10948,4850373,0.596672,8129050
3,2021-05-03,59243,8078404,34606,4202129,22275,3611461,2362,264814,17386,1338651,0.164675,41654,3531648,0.434448,19926,4870299,0.599123,8129050
3,2021-05-04,77296,8155700,44689,4246818,29946,3641407,2661,267475,22511,1309597,0.161101,54508,3586156,0.441153,25454,4895753,0.602254,8129050
3,2021-05-05,78731,8234431,47305,4294123,28732,3670139,2694,270169,21872,1277901,0.157202,56547,3642703,0.448109,24851,4920604,0.605311,8129050
3,2021-05-06,82732,8317163,52232,4346355,27975,3698114,2525,272694,20607,1239916,0.152529,61664,3704367,0.455695,23679,4944283,0.608224,8129050
3,2021-05-07,82056,8399219,51125,4397480,28314,3726428,2617,275311,21829,1204764,0.148205,59891,3764258,0.463062,24739,4969022,0.611267,8129050
3,2021-05-08,52210,8451429,32341,4429821,18165,3744593,1704,277015,13860,1182496,0.145465,38096,3802354,0.467749,15828,4984850,0.613214,8129050
3,2021-05-09,20888,8472317,15292,4445113,4807,3749400,789,277804,5527,1173606,0.144372,15272,3817626,0.469628,6382,4991232,0.613999,8129050
3,2021-05-10,47831,8520148,25622,4470735,20305,3769705,1904,279708,11115,1150365,0.141513,36523,3854149,0.47412,13282,5004514,0.615633,8129050
3,2021-05-11,63595,8583743,35540,4506275,25846,3795551,2209,281917,16113,1121897,0.138011,47259,3901408,0.479934,18791,5023305,0.617945,8129050
3,2021-05-12,64489,8648232,37046,4543321,25055,3820606,2388,284305,16520,1093378,0.134503,47726,3949134,0.485805,19207,5042512,0.620308,8129050
3,2021-05-13,74921,8723153,47211,4590532,25813,3846419,1897,286202,27469,1076136,0.132382,47217,3996351,0.491614,29975,5072487,0.623995,8129050
3,2021-05-14,79955,8803108,50520,4641052,27305,3873724,2130,288332,31010,1061211,0.130546,48662,4045013,0.4976,33737,5106224,0.628145,8129050
3,2021-05-15,61731,8864839,42621,4683673,17906,3891630,1204,289536,25587,1052263,0.129445,35954,4080967,0.502023,27006,5133230,0.631467,8129050
3,2021-05-16,33017,8897856,24677,4708350,7653,3899283,687,290223,13358,1046854,0.128779,19542,4100509,0.504427,14133,5147363,0.633206,8129050
3,2021-05-17,56727,8954583,36129,4744479,18770,3918053,1828,292051,20955,1034337,0.12724,35505,4136014,0.508794,22988,5170351,0.636034,8129050
3,2021-05-18,64286,9018869,37996,4782475,24449,3942502,1841,293892,24239,1021030,0.125603,39780,4175794,0.513688,26473,5196824,0.63929,8129050
3,2021-05-19,63666,9082535,38733,4821208,23202,3965704,1731,295623,24722,1009055,0.12413,38701,4214495,0.518449,26726,5223550,0.642578,8129050
3,2021-05-20,61121,9143656,35795,4857003,23505,3989209,1821,297444,22002,994377,0.122324,38847,4253342,0.523227,24169,5247719,0.645551,8129050
3,2021-05-21,65379,9209035,39803,4896806,23496,4012705,2080,299524,23452,978580,0.120381,41630,4294972,0.528349,25833,5273552,0.648729,8129050
3,2021-05-22,45554,9254589,30210,4927016,13880,4026585,1464,300988,19101,973148,0.119712,26253,4321225,0.531578,20821,5294373,0.65129,8129050
3,2021-05-23,21416,9276005,14999,4942015,5770,4032355,647,301635,9197,970966,0.119444,12137,4333362,0.533071,9955,5304328,0.652515,8129050
3,2021-05-24,39365,9315370,23051,4965066,14567,4046922,1747,303382,14661,963059,0.118471,24519,4357881,0.536087,16612,5320940,0.654559,8129050
3,2021-05-25,42541,9357911,23955,4989021,16920,4063842,1666,305048,15145,952951,0.117228,27144,4385025,0.539427,17036,5337976,0.656654,8129050
3,2021-05-26,42189,9400100,24183,5013204,16298,4080140,1708,306756,15855,944603,0.116201,26044,4411069,0.54263,17696,5355672,0.658831,8129050
3,2021-05-27,39257,9439357,22018,5035222,15495,4095635,1744,308500,15447,938381,0.115436,23651,4434720,0.54554,17429,5373101,0.660975,8129050
3,2021-05-28,42594,9481951,24071,5059293,16731,4112366,1792,310292,17723,933543,0.11484,24671,4459391,0.548575,19833,5392934,0.663415,8129050
3,2021-05-29,23422,9505373,14302,5073595,8284,4120650,836,311128,10991,933192,0.114797,12303,4471694,0.550088,11952,5404886,0.664885,8129050
3,2021-05-30,10565,9515938,6851,5080446,3080,4123730,634,311762,4453,932279,0.114685,6040,4477734,0.550831,5127,5410013,0.665516,8129050
3,2021-05-31,4618,9520556,2664,5083110,1687,4125417,267,312029,1455,930896,0.114515,3133,4480867,0.551217,1750,5411763,0.665731,8129050
3,2021-06-01,37582,9558138,21660,5104770,14488,4139905,1434,313463,13176,921516,0.113361,24185,4505052,0.554192,14805,5426568,0.667553,8129050
3,2021-06-02,31429,9589567,18065,5122835,11953,4151858,1411,314874,11652,915132,0.112576,19573,4524625,0.556599,13189,5439757,0.669175,8129050
3,2021-06-03,39485,9629052,27018,5149853,11041,4162899,1426,316300,11468,900412,0.110765,27835,4552460,0.560024,13115,5452872,0.670788,8129050
3,2021-06-04,46038,9675090,32559,5182412,11940,4174839,1539,317839,13129,882801,0.108598,32680,4585140,0.564044,15069,5467941,0.672642,8129050
3,2021-06-05,34220,9709310,25811,5208223,7223,4182062,1186,319025,8734,867620,0.106731,25284,4610424,0.567154,10103,5478044,0.673885,8129050
3,2021-06-06,14599,9723909,12178,5220401,1839,4183901,582,319607,3754,861328,0.105957,10789,4621213,0.568481,4497,5482541,0.674438,8129050
3,2021-06-07,30303,9754212,22040,5242441,6988,4190889,1275,320882,8691,849941,0.104556,21470,4642683,0.571122,10083,5492624,0.675678,8129050
3,2021-06-08,34235,9788447,24598,5267039,8351,4199240,1286,322168,9969,837353,0.103007,24054,4666737,0.574081,11466,5504090,0.677089,8129050
3,2021-06-09,32874,9821321,23857,5290896,7727,4206967,1290,323458,8875,823845,0.101346,23828,4690565,0.577013,10320,5514410,0.678358,8129050
3,2021-06-10,32376,9853697,23356,5314252,7492,4214459,1528,324986,9029,811396,0.099814,23203,4713768,0.579867,10754,5525164,0.679681,8129050
3,2021-06-11,35378,9889075,25018,5339270,8996,4223455,1364,326350,10541,798829,0.098268,24648,4738416,0.582899,12081,5537245,0.681168,8129050
3,2021-06-12,25072,9914147,18911,5358181,5271,4228726,890,327240,6679,788270,0.09697,18277,4756693,0.585147,7718,5544963,0.682117,8129050
3,2021-06-13,10107,9924254,7563,5365744,2052,4230778,492,327732,2354,783484,0.096381,7701,4764394,0.586095,2915,5547878,0.682476,8129050
3,2021-06-14,25697,9949951,18410,5384154,5883,4236661,1404,329136,8075,775611,0.095412,17491,4781885,0.588246,9618,5557496,0.683659,8129050
3,2021-06-15,28564,9978515,19348,5403502,7724,4244385,1492,330628,9634,768190,0.094499,18710,4800595,0.590548,11289,5568785,0.685047,8129050
3,2021-06-16,25768,10004283,18297,5421799,6072,4250457,1399,332027,8722,761597,0.093688,16867,4817462,0.592623,10274,5579059,0.686311,8129050
3,2021-06-17,24698,10028981,17714,5439513,5725,4256182,1259,333286,8594,755634,0.092955,15949,4833411,0.594585,9986,5589045,0.68754,8129050
3,2021-06-18,27820,10056801,19653,5459166,6609,4262791,1558,334844,9768,749290,0.092174,17834,4851245,0.596779,11490,5600535,0.688953,8129050
3,2021-06-19,15862,10072663,11640,5470806,3376,4266167,846,335690,5682,745869,0.091754,10056,4861301,0.598016,6635,5607170,0.689769,8129050
3,2021-06-20,6840,10079503,5140,5475946,1404,4267571,296,335986,2601,744633,0.091601,4186,4865487,0.598531,2950,5610120,0.690132,8129050
3,2021-06-21,16100,10095603,10179,5486125,4544,4272115,1377,337363,8028,746172,0.091791,7986,4873473,0.599513,9525,5619645,0.691304,8129050
3,2021-06-22,21913,10117516,15384,5501509,5269,4277384,1260,338623,8227,742241,0.091307,13571,4887044,0.601183,9640,5629285,0.69249,8129050
3,2021-06-23,20098,10137614,14128,5515637,4670,4282054,1300,339923,7977,739645,0.090988,12009,4899053,0.60266,9413,5638698,0.693648,8129050
3,2021-06-24,19810,10157424,13795,5529432,4581,4286635,1434,341357,7734,737015,0.090664,11911,4910964,0.604125,9281,5647979,0.69479,8129050
3,2021-06-25,23135,10180559,16408,5545840,5315,4291950,1412,342769,9053,733649,0.09025,13958,4924922,0.605842,10592,5658571,0.696093,8129050
3,2021-06-26,13749,10194308,10193,5556033,2791,4294741,765,343534,5736,732352,0.090091,7949,4932871,0.60682,6652,5665223,0.696911,8129050
3,2021-06-27,6667,10200975,5143,5561176,1215,4295956,309,343843,2850,731758,0.090018,3783,4936654,0.607285,3189,5668412,0.697303,8129050
3,2021-06-28,15748,10216723,12096,5573272,2591,4298547,1061,344904,6654,730580,0.089873,8991,4945645,0.608392,7813,5676225,0.698264,8129050
3,2021-06-29,17836,10234559,12579,5585851,4278,4302825,979,345883,7315,728595,0.089629,10408,4956053,0.609672,8423,5684648,0.6993,8129050
3,2021-06-30,16779,10251338,11893,5597744,3850,4306675,1036,346919,7211,727533,0.089498,9448,4965501,0.610834,8386,5693034,0.700332,8129050
3,2021-07-01,16047,10267385,11469,5609213,3539,4310214,1039,347958,6753,726216,0.089336,9206,4974707,0.611967,7889,5700923,0.701302,8129050
3,2021-07-02,18196,10285581,12943,5622156,4163,4314377,1090,349048,7757,724824,0.089165,10337,4985044,0.613238,8945,5709868,0.702403,8129050
3,2021-07-03,9929,10295510,7178,5629334,2330,4316707,421,349469,4274,724021,0.089066,5594,4990638,0.613926,4791,5714659,0.702992,8129050
3,2021-07-04,700,10296210,404,5629738,208,4316915,88,349557,267,723964,0.089059,429,4991067,0.613979,372,5715031,0.703038,8129050
3,2021-07-05,9428,10305638,6903,5636641,2108,4319023,417,349974,4275,723625,0.089017,5091,4996158,0.614605,4752,5719783,0.703623,8129050
3,2021-07-06,18721,10324359,13608,5650249,4032,4323055,1081,351055,6811,719856,0.088554,11778,5007936,0.616054,8009,5727792,0.704608,8129050
3,2021-07-07,15332,10339691,10885,5661134,3360,4326415,1087,352142,6209,718219,0.088352,9030,5016966,0.617165,7393,5735185,0.705517,8129050
3,2021-07-08,13845,10353536,10196,5671330,2852,4329267,797,352939,5684,716705,0.088166,8082,5025048,0.618159,6568,5741753,0.706325,8129050
3,2021-07-09,11247,10364783,7924,5679254,2605,4331872,718,353657,4645,715659,0.088037,6535,5031583,0.618963,5489,5747242,0.707,8129050
4,2020-12-15,456,456,456,456,0,0,0,0,456,456,5.7e-05,0,0,0.0,456,456,5.7e-05,8037679
4,2020-12-16,3028,3484,3028,3484,0,0,0,0,3028,3484,0.000433,0,0,0.0,3028,3484,0.000433,8037679
4,2020-12-17,8921,12405,8921,12405,0,0,0,0,8921,12405,0.001543,0,0,0.0,8921,12405,0.001543,8037679
4,2020-12-18,16151,28556,16139,28544,12,12,0,0,16151,28556,0.003553,0,0,0.0,16151,28556,0.003553,8037679
4,2020-12-19,10364,38920,10355,38899,9,21,0,0,10299,38855,0.004834,0,0,0.0,10299,38855,0.004834,8037679
4,2020-12-20,7404,46324,7397,46296,7,28,0,0,7359,46214,0.00575,0,0,0.0,7359,46214,0.00575,8037679
4,2020-12-21,16363,62687,16337,62633,26,54,0,0,16296,62509,0.007777,1,1,0.0,16296,62510,0.007777,8037679
4,2020-12-22,17196,79883,16445,79078,751,805,0,0,17150,79656,0.00991,3,4,0.0,17150,79660,0.009911,8037679
4,2020-12-23,17102,96985,14382,93460,2720,3525,0,0,17071,96725,0.012034,2,6,1e-06,17071,96731,0.012035,8037679
4,2020-12-24,8533,105518,5950,99410,2583,6108,0,0,8533,105258,0.013096,0,6,1e-06,8533,105264,0.013096,8037679
4,2020-12-25,904,106422,799,100209,105,6213,0,0,904,106162,0.013208,0,6,1e-06,904,106168,0.013209,8037679
4,2020-12-26,6172,112594,3895,104104,2277,8490,0,0,6172,112334,0.013976,0,6,1e-06,6172,112340,0.013977,8037679
4,2020-12-27,3435,116029,2000,106104,1435,9925,0,0,3435,115769,0.014403,0,6,1e-06,3435,115775,0.014404,8037679
4,2020-12-28,15113,131142,9339,115443,5774,15699,0,0,15085,130852,0.01628,2,8,1e-06,15085,130860,0.016281,8037679
4,2020-12-29,15380,146522,8510,123953,6870,22569,0,0,15346,146198,0.018189,0,8,1e-06,15346,146206,0.01819,8037679
4,2020-12-30,18950,165472,11069,135022,7881,30450,0,0,18939,165135,0.020545,2,10,1e-06,18939,165145,0.020546,8037679
4,2020-12-31,8278,173750,3357,138379,4921,35371,0,0,8265,173391,0.021572,9,19,2e-06,8265,173410,0.021575,8037679
4,2021-01-01,1549,175299,692,139071,857,36228,0,0,1544,174932,0.021764,3,22,3e-06,1544,174954,0.021767,8037679
4,2021-01-02,5727,181026,3234,142305,2493,38721,0,0,5725,180656,0.022476,1,23,3e-06,5725,180679,0.022479,8037679
4,2021-01-03,2146,183172,1269,143574,877,39598,0,0,2130,182782,0.022741,4,27,3e-06,2130,182809,0.022744,8037679
4,2021-01-04,12950,196122,7016,150590,5934,45532,0,0,12901,195654,0.024342,29,56,7e-06,12901,195710,0.024349,8037679
4,2021-01-05,16904,213026,10019,160609,6885,52417,0,0,14703,208195,0.025902,2175,2231,0.000278,14716,210426,0.02618,8037679
4,2021-01-06,21611,234637,13231,173840,8380,60797,0,0,15539,217723,0.027088,6024,8255,0.001027,15552,225978,0.028115,8037679
4,2021-01-07,27965,262602,17045,190885,10920,71717,0,0,16707,223252,0.027776,11199,19454,0.00242,16728,242706,0.030196,8037679
4,2021-01-08,32830,295432,21076,211961,11754,83471,0,0,18300,227105,0.028255,14466,33920,0.00422,18319,261025,0.032475,8037679
4,2021-01-09,16282,311714,9642,221603,6640,90111,0,0,9456,229765,0.028586,6807,40727,0.005067,9467,270492,0.033653,8037679
4,2021-01-10,8768,320482,5659,227262,3109,93220,0,0,4149,229319,0.02853,4603,45330,0.00564,4157,274649,0.03417,8037679
4,2021-01-11,33453,353935,21929,249191,11524,104744,0,0,18871,233686,0.029074,14548,59878,0.00745,18915,293564,0.036523,8037679
4,2021-01-12,38596,392531,22274,271465,16322,121066,0,0,24278,243756,0.030327,14249,74127,0.009222,24319,317883,0.039549,8037679
4,2021-01-13,38794,431325,19181,290646,19613,140679,0,0,27412,259867,0.032331,11328,85455,0.010632,27439,345322,0.042963,8037679
4,2021-01-14,39332,470657,15118,305764,24214,164893,0,0,32156,284923,0.035448,7129,92584,0.011519,32185,377507,0.046967,8037679
4,2021-01-15,45385,516042,15758,321522,29627,194520,0,0,39730,319082,0.039698,5595,98179,0.012215,39754,417261,0.051913,8037679
4,2021-01-16,28760,544802,9361,330883,19399,213919,0,0,25609,341591,0.042499,3118,101297,0.012603,25627,442888,0.055101,8037679
4,2021-01-17,19067,563869,6673,337556,12394,226313,0,0,17535,357631,0.044494,1509,102806,0.012791,17549,460437,0.057285,8037679
4,2021-01-18,29477,593346,13639,351195,15838,242151,0,0,23464,375202,0.04668,5919,108725,0.013527,23490,483927,0.060207,8037679
4,2021-01-19,46148,639494,23091,374286,23057,265208,0,0,36767,402719,0.050104,9324,118049,0.014687,36841,520768,0.064791,8037679
4,2021-01-20,52663,692157,28201,402487,24462,289670,0,0,42097,434410,0.054047,10466,128515,0.015989,42157,562925,0.070036,8037679
4,2021-01-21,57592,749749,25884,428371,31708,321378,0,0,50814,478558,0.059539,6710,135225,0.016824,50858,613783,0.076363,8037679
4,2021-01-22,55379,805128,22260,450631,33119,354497,0,0,50186,523678,0.065153,5093,140318,0.017458,50213,663996,0.08261,8037679
4,2021-01-23,39659,844787,17407,468038,22252,376749,0,0,35310,554679,0.06901,4339,144657,0.017997,35340,699336,0.087007,8037679
4,2021-01-24,23950,868737,10497,478535,13453,390202,0,0,22058,574873,0.071522,1882,146539,0.018232,22076,721412,0.089754,8037679
4,2021-01-25,47957,916694,22134,500669,25823,416025,0,0,36799,600607,0.074724,11121,157660,0.019615,36855,758267,0.094339,8037679
4,2021-01-26,56826,973520,28909,529578,27917,443942,0,0,44500,632894,0.078741,12274,169934,0.021142,44561,802828,0.099883,8037679
4,2021-01-27,56181,1029701,26689,556267,29492,473434,0,0,45108,667059,0.082991,10994,180928,0.02251,45159,847987,0.105501,8037679
4,2021-01-28,56595,1086296,25501,581768,31094,504528,0,0,46565,703731,0.087554,9938,190866,0.023746,46610,894597,0.1113,8037679
4,2021-01-29,56575,1142871,27115,608883,29460,533988,0,0,46135,739643,0.092022,10257,201123,0.025023,46169,940766,0.117044,8037679
4,2021-01-30,38010,1180881,17115,625998,20895,554883,0,0,32633,766980,0.095423,5320,206443,0.025684,32657,973423,0.121107,8037679
4,2021-01-31,23864,1204745,12500,638498,11364,566247,0,0,22155,787463,0.097971,1689,208132,0.025895,22172,995595,0.123866,8037679
4,2021-02-01,49709,1254454,23947,662445,25762,592009,0,0,38002,813854,0.101255,11653,219785,0.027344,38044,1033639,0.128599,8037679
4,2021-02-02,55468,1309922,25445,687890,30023,622032,0,0,42543,843593,0.104955,12847,232632,0.028943,42586,1076225,0.133897,8037679
4,2021-02-03,61986,1371908,30287,718177,31699,653731,0,0,47592,876963,0.109106,14276,246908,0.030719,47646,1123871,0.139825,8037679
4,2021-02-04,67653,1439561,31370,749547,36283,690014,0,0,50779,911136,0.113358,16713,263621,0.032798,50886,1174757,0.146156,8037679
4,2021-02-05,73127,1512688,33763,783310,39364,729378,0,0,50908,940217,0.116976,21961,285582,0.03553,51042,1225799,0.152507,8037679
4,2021-02-06,48675,1561363,26114,809424,22561,751939,0,0,37137,966082,0.120194,11471,297053,0.036958,37336,1263135,0.157152,8037679
4,2021-02-07,26471,1587834,17465,826889,9006,760945,0,0,20034,979950,0.12192,6401,303454,0.037754,20269,1283404,0.159673,8037679
4,2021-02-08,58601,1646435,30141,857030,28460,789405,0,0,38071,997887,0.124151,20396,323850,0.040291,38333,1321737,0.164443,8037679
4,2021-02-09,67275,1713710,34095,891125,33180,822585,0,0,39418,1010044,0.125664,27668,351518,0.043734,39825,1361562,0.169397,8037679
4,2021-02-10,77508,1791218,38724,929849,38784,861369,0,0,40662,1014644,0.126236,36605,388123,0.048288,41205,1402767,0.174524,8037679
4,2021-02-11,81308,1872526,42377,972226,38931,900300,0,0,41384,1017000,0.126529,39699,427822,0.053227,42055,1444822,0.179756,8037679
4,2021-02-12,84667,1957193,37904,1010130,46763,947063,0,0,43477,1020307,0.126941,40960,468782,0.058323,44267,1489089,0.185264,8037679
4,2021-02-13,59062,2016255,29906,1040036,29156,976219,0,0,30063,1022411,0.127202,28859,497641,0.061914,30963,1520052,0.189116,8037679
4,2021-02-14,37012,2053267,19222,1059258,17790,994009,0,0,18910,1023932,0.127392,18047,515688,0.064159,19568,1539620,0.19155,8037679
4,2021-02-15,46313,2099580,21670,1080928,24643,1018652,0,0,23765,1026416,0.127701,22462,538150,0.066953,24946,1564566,0.194654,8037679
4,2021-02-16,80163,2179743,36719,1117647,43444,1062096,0,0,40799,1029188,0.128045,39245,577395,0.071836,42017,1606583,0.199881,8037679
4,2021-02-17,81555,2261298,38514,1156161,43041,1105137,0,0,38779,1026504,0.127711,42590,619985,0.077135,39906,1646489,0.204846,8037679
4,2021-02-18,83530,2344828,45954,1202115,37576,1142713,0,0,38645,1021932,0.127143,44698,664683,0.082696,40126,1686615,0.209839,8037679
4,2021-02-19,83036,2427864,52172,1254287,30864,1173577,0,0,41480,1022718,0.12724,41385,706068,0.087845,42171,1728786,0.215085,8037679
4,2021-02-20,49572,2477436,32947,1287234,16625,1190202,0,0,26901,1027725,0.127863,22589,728657,0.090655,27596,1756382,0.218519,8037679
4,2021-02-21,30011,2507447,23856,1311090,6155,1196357,0,0,14577,1027235,0.127802,15352,744009,0.092565,14862,1771244,0.220368,8037679
4,2021-02-22,55138,2562585,37900,1348990,17238,1213595,0,0,26531,1025753,0.127618,28461,772470,0.096106,26979,1798223,0.223724,8037679
4,2021-02-23,76091,2638676,42145,1391135,33946,1247541,0,0,33361,1018253,0.126685,42533,815003,0.101398,35033,1833256,0.228083,8037679
4,2021-02-24,91076,2729752,48084,1439219,42992,1290533,0,0,40982,1011548,0.125851,49840,864843,0.107599,43135,1876391,0.233449,8037679
4,2021-02-25,102215,2831967,53437,1492656,48778,1339311,0,0,48744,1009592,0.125607,53259,918102,0.114225,51303,1927694,0.239832,8037679
4,2021-02-26,107920,2939887,54453,1547109,53467,1392778,0,0,55219,1014743,0.126248,52423,970525,0.120747,57574,1985268,0.246995,8037679
4,2021-02-27,77946,3017833,42351,1589460,35585,1428363,10,10,41689,1021865,0.127134,36063,1006588,0.125234,43185,2028453,0.252368,8037679
4,2021-02-28,47801,3065634,29441,1618901,18352,1446715,8,18,26547,1028214,0.127924,21089,1027677,0.127857,27438,2055891,0.255782,8037679
4,2021-03-01,78026,3143660,45785,1664686,32199,1478914,42,60,43095,1037892,0.129128,34650,1062327,0.132168,44328,2100219,0.261297,8037679
4,2021-03-02,86115,3229775,49514,1714200,36592,1515506,9,69,50517,1054789,0.131231,35417,1097744,0.136575,52314,2152533,0.267805,8037679
4,2021-03-03,100390,3330165,53400,1767600,46976,1562482,14,83,56142,1068684,0.132959,44031,1141775,0.142053,57926,2210459,0.275012,8037679
4,2021-03-04,97874,3428039,54285,1821885,43571,1606053,18,101,53610,1080057,0.134374,44031,1185806,0.147531,55404,2265863,0.281905,8037679
4,2021-03-05,95508,3523547,51610,1873495,43581,1649634,317,418,56410,1099843,0.136836,38877,1224683,0.152368,58663,2324526,0.289204,8037679
4,2021-03-06,76580,3600127,43127,1916622,30813,1680447,2640,3058,47065,1121496,0.13953,29384,1254067,0.156024,51037,2375563,0.295553,8037679
4,2021-03-07,44735,3644862,27464,1944086,15082,1695529,2189,5247,26031,1132188,0.14086,18622,1272689,0.15834,29314,2404877,0.2992,8037679
4,2021-03-08,67778,3712640,35464,1979550,28955,1724484,3359,8606,44535,1158298,0.144109,23114,1295803,0.161216,49224,2454101,0.305325,8037679
4,2021-03-09,81723,3794363,41330,2020880,35149,1759633,5244,13850,44099,1171289,0.145725,37444,1333247,0.165875,50435,2504536,0.311599,8037679
4,2021-03-10,91297,3885660,47073,2067953,36775,1796408,7449,21299,46130,1180822,0.146911,44977,1378224,0.17147,54510,2559046,0.318381,8037679
4,2021-03-11,100805,3986465,52968,2120921,39415,1835823,8422,29721,46512,1182800,0.147157,54044,1432268,0.178194,56022,2615068,0.325351,8037679
4,2021-03-12,104622,4091087,51567,2172488,42789,1878612,10266,39987,44654,1178968,0.14668,59684,1491952,0.18562,55852,2670920,0.3323,8037679
4,2021-03-13,81564,4172651,37846,2210334,35293,1913905,8425,48412,38524,1184112,0.14732,42900,1534852,0.190957,48044,2718964,0.338277,8037679
4,2021-03-14,49918,4222569,28408,2238742,17880,1931785,3630,52042,23264,1185064,0.147439,26557,1561409,0.194261,27509,2746473,0.3417,8037679
4,2021-03-15,83717,4306286,45073,2283815,34401,1966186,4243,56285,42442,1191561,0.148247,41025,1602434,0.199365,47522,2793995,0.347612,8037679
4,2021-03-16,107751,4414037,56037,2339852,48313,2014499,3401,59686,56877,1201908,0.149534,50626,1653060,0.205664,60973,2854968,0.355198,8037679
4,2021-03-17,107036,4521073,57670,2397522,45873,2060372,3493,63179,62576,1224342,0.152325,44194,1697254,0.211162,66628,2921596,0.363488,8037679
4,2021-03-18,107150,4628223,59459,2456981,44002,2104374,3689,66868,60710,1243014,0.154648,46157,1743411,0.216905,64829,2986425,0.371553,8037679
4,2021-03-19,111663,4739886,64295,2521276,42175,2146549,5193,72061,63516,1264238,0.157289,47877,1791288,0.222861,69101,3055526,0.38015,8037679
4,2021-03-20,84076,4823962,49094,2570370,31977,2178526,3005,75066,51680,1286999,0.160121,32233,1823521,0.226872,54994,3110520,0.386992,8037679
4,2021-03-21,48307,4872269,35018,2605388,11032,2189558,2257,77323,28378,1298180,0.161512,19806,1843327,0.229336,30987,3141507,0.390848,8037679
4,2021-03-22,82567,4954836,53968,2659356,25863,2215421,2736,80059,51312,1321928,0.164466,31014,1874341,0.233194,54762,3196269,0.397661,8037679
4,2021-03-23,104922,5059758,62833,2722189,39937,2255358,2152,82211,62413,1344803,0.167312,42235,1916576,0.238449,65110,3261379,0.405761,8037679
4,2021-03-24,113546,5173304,73303,2795492,37832,2293190,2411,84622,63913,1362386,0.1695,49191,1965767,0.244569,66774,3328153,0.414069,8037679
4,2021-03-25,117100,5290404,72119,2867611,42591,2335781,2390,87012,66913,1382464,0.171998,49701,2015468,0.250752,69779,3397932,0.42275,8037679
4,2021-03-26,119757,5410161,72668,2940279,44049,2379830,3040,90052,65468,1397646,0.173887,53918,2069386,0.257461,69100,3467032,0.431347,8037679
4,2021-03-27,92063,5502224,54292,2994571,35986,2415816,1785,91837,46793,1401686,0.174389,45019,2114405,0.263062,49059,3516091,0.437451,8037679
4,2021-03-28,55791,5558015,36840,3031411,18077,2433893,874,92711,29647,1406610,0.175002,25968,2140373,0.266292,30892,3546983,0.441294,8037679
4,2021-03-29,93602,5651617,56101,3087512,35423,2469316,2078,94789,50711,1417308,0.176333,42639,2183012,0.271597,53337,3600320,0.44793,8037679
4,2021-03-30,117179,5768796,63915,3151427,49101,2518417,4163,98952,69606,1444173,0.179675,47327,2230339,0.277485,74192,3674512,0.457161,8037679
4,2021-03-31,121124,5889920,71478,3222905,43342,2561759,6304,105256,67915,1465743,0.182359,52853,2283192,0.284061,74423,3748935,0.46642,8037679
4,2021-04-01,142545,6032465,81292,3304197,47999,2609758,13254,118510,83843,1504746,0.187212,58235,2341427,0.291306,97238,3846173,0.478518,8037679
4,2021-04-02,136643,6169108,73008,3377205,50053,2659811,13582,132092,78789,1539852,0.191579,57550,2398977,0.298466,92656,3938829,0.490046,8037679
4,2021-04-03,101231,6270339,54102,3431307,33719,2693530,13410,145502,52635,1557723,0.193803,48391,2447368,0.304487,66262,4005091,0.498289,8037679
4,2021-04-04,46872,6317211,24740,3456047,14612,2708142,7520,153022,20335,1559163,0.193982,26426,2473794,0.307775,27866,4032957,0.501756,8037679
4,2021-04-05,109510,6426721,61528,3517575,35149,2743291,12833,165855,56715,1576697,0.196163,52572,2526366,0.314315,70106,4103063,0.510479,8037679
4,2021-04-06,138825,6565546,78158,3595733,40918,2784209,19749,185604,72047,1602544,0.199379,66539,2592905,0.322594,92386,4195449,0.521973,8037679
4,2021-04-07,137637,6703183,77985,3673718,38951,2823160,20701,206305,71263,1628668,0.202629,66117,2659022,0.33082,92241,4287690,0.533449,8037679
4,2021-04-08,140003,6843186,78057,3751775,36510,2859670,25436,231741,69561,1654118,0.205795,70144,2729166,0.339547,95594,4383284,0.545342,8037679
4,2021-04-09,137666,6980852,75558,3827333,39121,2898791,22987,254728,65632,1671940,0.208013,71796,2800962,0.348479,89618,4472902,0.556492,8037679
4,2021-04-10,103837,7084689,51226,3878559,33749,2932540,18862,273590,46850,1681903,0.209252,56775,2857737,0.355543,66738,4539640,0.564795,8037679
4,2021-04-11,62674,7147363,38068,3916627,13432,2945972,11174,284764,27309,1686193,0.209786,35253,2892990,0.359929,39543,4579183,0.569715,8037679
4,2021-04-12,102790,7250153,62491,3979118,30126,2976098,10173,294937,51765,1698623,0.211333,50723,2943713,0.366239,63153,4642336,0.577572,8037679
4,2021-04-13,130255,7380408,81726,4060844,48363,3024461,166,295103,77956,1725604,0.214689,52000,2995713,0.372709,78981,4721317,0.587398,8037679
4,2021-04-14,135425,7515833,86313,4147157,49037,3073498,75,295178,74962,1741748,0.216698,60123,3055836,0.380189,76267,4797584,0.596887,8037679
4,2021-04-15,156188,7672021,103994,4251151,52130,3125628,64,295242,95879,1778517,0.221272,59934,3115770,0.387645,96703,4894287,0.608918,8037679
4,2021-04-16,143531,7815552,91022,4342173,52431,3178059,78,295320,83463,1803013,0.22432,59762,3175532,0.395081,84258,4978545,0.619401,8037679
4,2021-04-17,101450,7917002,63791,4405964,37635,3215694,24,295344,59615,1822239,0.226712,41558,3217090,0.400251,60784,5039329,0.626963,8037679
4,2021-04-18,56764,7973766,38357,4444321,18404,3234098,3,295347,32009,1830590,0.227751,24623,3241713,0.403315,32974,5072303,0.631066,8037679
4,2021-04-19,101472,8075238,66890,4511211,34565,3268663,17,295364,51835,1833650,0.228132,49391,3291104,0.409459,52451,5124754,0.637591,8037679
4,2021-04-20,131693,8206931,78589,4589800,53089,3321752,15,295379,68754,1840868,0.22903,62623,3353727,0.417251,69841,5194595,0.64628,8037679
4,2021-04-21,134040,8340971,87535,4677335,46450,3368202,55,295434,67685,1843747,0.229388,65969,3419696,0.425458,68848,5263443,0.654846,8037679
4,2021-04-22,140640,8481611,93401,4770736,47216,3415418,23,295457,62982,1830593,0.227751,77279,3496975,0.435073,64125,5327568,0.662824,8037679
4,2021-04-23,134067,8615678,87369,4858105,46674,3462092,24,295481,58259,1814605,0.225762,75460,3572435,0.444461,59472,5387040,0.670223,8037679
4,2021-04-24,97723,8713401,66095,4924200,31578,3493670,50,295531,45042,1808375,0.224987,52392,3624827,0.450979,46162,5433202,0.675967,8037679
4,2021-04-25,50072,8763473,35289,4959489,14758,3508428,25,295556,26190,1811303,0.225351,23737,3648564,0.453933,26665,5459867,0.679284,8037679
4,2021-04-26,91622,8855095,60104,5019593,31121,3539549,397,295953,36098,1793902,0.223187,55229,3703793,0.460804,37828,5497695,0.68399,8037679
4,2021-04-27,113404,8968499,69293,5088886,41804,3581353,2307,298260,40941,1765800,0.21969,72145,3775938,0.46978,44043,5541738,0.68947,8037679
4,2021-04-28,103651,9072150,67746,5156632,33393,3614746,2512,300772,38006,1741650,0.216686,65331,3841269,0.477908,41181,5582919,0.694593,8037679
4,2021-04-29,105042,9177192,67131,5223763,35390,3650136,2521,303293,34028,1708125,0.212515,70673,3911942,0.4867,37148,5620067,0.699215,8037679
4,2021-04-30,104719,9281911,66401,5290164,35639,3685775,2679,305972,36069,1679265,0.208924,68271,3980213,0.495194,39411,5659478,0.704118,8037679
4,2021-05-01,68879,9350790,45790,5335954,21331,3707106,1758,307730,19990,1653004,0.205657,48651,4028864,0.501247,22390,5681868,0.706904,8037679
4,2021-05-02,37445,9388235,26570,5362524,9598,3716704,1277,309007,10514,1638127,0.203806,26813,4055677,0.504583,11936,5693804,0.708389,8037679
4,2021-05-03,78268,9466503,54463,5416987,21334,3738038,2471,311478,19171,1601291,0.199223,58846,4114523,0.511904,22010,5715814,0.711127,8037679
4,2021-05-04,100745,9567248,68978,5485965,29011,3767049,2756,314234,22701,1549370,0.192763,77769,4192292,0.52158,25848,5741662,0.714343,8037679
4,2021-05-05,101493,9668741,71593,5557558,27174,3794223,2726,316960,22036,1495308,0.186037,79130,4271422,0.531425,25068,5766730,0.717462,8037679
4,2021-05-06,111044,9779785,83232,5640790,24884,3819107,2928,319888,19670,1428106,0.177676,90920,4362342,0.542737,23718,5790448,0.720413,8037679
4,2021-05-07,104202,9883987,74962,5715752,26563,3845670,2677,322565,20607,1368571,0.170269,83237,4445579,0.553092,23702,5814150,0.723362,8037679
4,2021-05-08,69253,9953240,47740,5763492,19589,3865259,1924,324489,13746,1329323,0.165386,55272,4500851,0.559969,16024,5830174,0.725355,8037679
4,2021-05-09,34095,9987335,27906,5791398,5248,3870507,941,325430,7493,1311354,0.163151,26498,4527349,0.563266,8529,5838703,0.726417,8037679
4,2021-05-10,64524,10051859,43165,5834563,19047,3889554,2312,327742,10976,1271609,0.158206,53346,4580695,0.569903,13601,5852304,0.728109,8037679
4,2021-05-11,82128,10133987,51278,5885841,28671,3918225,2179,329921,15778,1223951,0.152277,66111,4646806,0.578128,18453,5870757,0.730405,8037679
4,2021-05-12,79207,10213194,52725,5938566,23982,3942207,2500,332421,16669,1181235,0.146962,62258,4709064,0.585874,19542,5890299,0.732836,8037679
4,2021-05-13,103954,10317148,76616,6015182,25814,3968021,1524,333945,40392,1160920,0.144435,63241,4772305,0.593742,42926,5933225,0.738176,8037679
4,2021-05-14,104354,10421502,73740,6088922,28486,3996507,2128,336073,40253,1140034,0.141836,63798,4836103,0.601679,42912,5976137,0.743515,8037679
4,2021-05-15,85079,10506581,65824,6154746,17935,4014442,1320,337393,37615,1132040,0.140842,47220,4883323,0.607554,39226,6015363,0.748396,8037679
4,2021-05-16,51343,10557924,41375,6196121,9259,4023701,709,338102,21054,1123797,0.139816,30143,4913466,0.611304,21900,6037263,0.75112,8037679
4,2021-05-17,70828,10628752,51789,6247910,17199,4040900,1840,339942,28051,1111333,0.138265,42581,4956047,0.616602,30117,6067380,0.754867,8037679
4,2021-05-18,81321,10710073,52943,6300853,26632,4067532,1746,341688,29190,1090851,0.135717,51780,5007827,0.623044,31298,6098678,0.758761,8037679
4,2021-05-19,76447,10786520,51759,6352612,22749,4090281,1939,343627,30862,1078632,0.134197,45310,5053137,0.628681,33091,6131769,0.762878,8037679
4,2021-05-20,68463,10854983,43959,6396571,22512,4112793,1992,345619,25377,1063536,0.132319,42808,5095945,0.634007,27712,6159481,0.766326,8037679
4,2021-05-21,73167,10928150,48310,6444881,22995,4135788,1862,347481,25885,1044542,0.129956,47007,5142952,0.639855,28013,6187494,0.769811,8037679
4,2021-05-22,49552,10977702,34788,6479669,13484,4149272,1280,348761,21656,1039957,0.129385,27743,5170695,0.643307,23158,6210652,0.772692,8037679
4,2021-05-23,23815,11001517,17084,6496753,6009,4155281,722,349483,9782,1036657,0.128975,13912,5184607,0.645038,10612,6221264,0.774012,8037679
4,2021-05-24,42919,11044436,27332,6524085,12592,4167873,2995,352478,15062,1027268,0.127807,27645,5212252,0.648477,18256,6239520,0.776284,8037679
4,2021-05-25,44729,11089165,27815,6551900,14100,4181973,2814,355292,15890,1017593,0.126603,28610,5240862,0.652037,18935,6258455,0.77864,8037679
4,2021-05-26,44360,11133525,26647,6578547,15120,4197093,2593,357885,15831,1007869,0.125393,28324,5269186,0.655561,18600,6277055,0.780954,8037679
4,2021-05-27,38741,11172266,23293,6601840,12318,4209411,3130,361015,14622,1001858,0.124645,23930,5293116,0.658538,17919,6294974,0.783183,8037679
4,2021-05-28,43104,11215370,27489,6629329,14018,4223429,1597,362612,18810,998439,0.12422,24049,5317165,0.66153,20630,6315604,0.78575,8037679
4,2021-05-29,23577,11238947,15348,6644677,7296,4230725,933,363545,10861,997780,0.124138,12586,5329751,0.663096,11927,6327531,0.787234,8037679
4,2021-05-30,12008,11250955,8432,6653109,3051,4233776,525,364070,5008,996447,0.123972,6935,5336686,0.663959,5602,6333133,0.787931,8037679
4,2021-05-31,3546,11254501,2257,6655366,1130,4234906,159,364229,1135,995391,0.123841,2371,5339057,0.664254,1315,6334448,0.788094,8037679
4,2021-06-01,39286,11293787,24429,6679795,12418,4247324,2439,366668,13002,984972,0.122544,26076,5365133,0.667498,15657,6350105,0.790042,8037679
4,2021-06-02,32439,11326226,20292,6700087,9366,4256690,2781,369449,10857,977351,0.121596,21407,5386540,0.670161,13786,6363891,0.791757,8037679
4,2021-06-03,47865,11374091,36729,6736816,8685,4265375,2451,371900,10358,953116,0.118581,37352,5423892,0.674808,13117,6377008,0.793389,8037679
4,2021-06-04,54589,11428680,43966,6780782,9303,4274678,1320,373220,12759,926396,0.115257,41605,5465497,0.679984,14885,6391893,0.795241,8037679
4,2021-06-05,44598,11473278,38207,6818989,5396,4280074,995,374215,8760,900740,0.112065,35691,5501188,0.684425,10035,6401928,0.79649,8037679
4,2021-06-06,21174,11494452,18899,6837888,1713,4281787,562,374777,3986,888591,0.110553,17089,5518277,0.686551,4940,6406868,0.797104,8037679
4,2021-06-07,38573,11533025,31226,6869114,5436,4287223,1911,376688,8449,869239,0.108146,29997,5548274,0.690283,10645,6417513,0.798429,8037679
4,2021-06-08,40418,11573443,31732,6900846,6156,4293379,2530,379218,9457,850782,0.105849,30774,5579048,0.694112,12317,6429830,0.799961,8037679
4,2021-06-09,38802,11612245,30777,6931623,5674,4299053,2351,381569,7933,830719,0.103353,30703,5609751,0.697932,10640,6440470,0.801285,8037679
4,2021-06-10,36979,11649224,29155,6960778,5208,4304261,2616,384185,8557,813885,0.101259,28269,5638020,0.701449,11435,6451905,0.802707,8037679
4,2021-06-11,38108,11687332,29929,6990707,6171,4310432,2008,386193,9859,798007,0.099283,28093,5666113,0.704944,12215,6464120,0.804227,8037679
4,2021-06-12,26429,11713761,22015,7012722,3704,4314136,710,386903,6044,784698,0.097627,20281,5686394,0.707467,6972,6471092,0.805095,8037679
4,2021-06-13,10816,11724577,8545,7021267,1795,4315931,476,387379,2284,779100,0.096931,8465,5694859,0.70852,2867,6473959,0.805451,8037679
4,2021-06-14,28508,11753085,21325,7042592,4378,4320309,2805,390184,7789,769327,0.095715,20583,5715442,0.711081,10810,6484769,0.806796,8037679
4,2021-06-15,29842,11782927,21115,7063707,5330,4325639,3397,393581,8310,759907,0.094543,21381,5736823,0.713741,11961,6496730,0.808284,8037679
4,2021-06-16,26468,11809395,19955,7083662,3911,4329550,2602,396183,8028,752467,0.093617,18277,5755100,0.716015,10837,6507567,0.809633,8037679
4,2021-06-17,25003,11834398,18466,7102128,3664,4333214,2873,399056,7586,745877,0.092798,17234,5772334,0.718159,10644,6518211,0.810957,8037679
4,2021-06-18,26575,11860973,20959,7123087,4392,4337606,1224,400280,8229,737434,0.091747,18146,5790480,0.720417,9703,6527914,0.812164,8037679
4,2021-06-19,15690,11876663,12701,7135788,2295,4339901,694,400974,5052,732849,0.091177,10496,5800976,0.721723,5911,6533825,0.812899,8037679
4,2021-06-20,7355,11884018,6059,7141847,989,4340890,307,401281,2621,731182,0.090969,4675,5805651,0.722304,3008,6536833,0.813274,8037679
4,2021-06-21,14475,11898493,10465,7152312,2873,4343763,1137,402418,7329,732740,0.091163,7069,5812720,0.723184,8627,6545460,0.814347,8037679
4,2021-06-22,20361,11918854,15888,7168200,3406,4347169,1067,403485,7082,727881,0.090559,13159,5825879,0.724821,8300,6553760,0.81538,8037679
4,2021-06-23,18310,11937164,14369,7182569,2959,4350128,982,404467,6699,724202,0.090101,11484,5837363,0.72625,7805,6561565,0.816351,8037679
4,2021-06-24,17477,11954641,13529,7196098,2959,4353087,989,405456,6529,721062,0.08971,10798,5848161,0.727593,7658,6569223,0.817303,8037679
4,2021-06-25,21443,11976084,16860,7212958,3542,4356629,1041,406497,7758,716477,0.08914,13550,5861711,0.729279,8965,6578188,0.818419,8037679
4,2021-06-26,12960,11989044,10553,7223511,1792,4358421,615,407112,4785,713906,0.08882,8074,5869785,0.730284,5503,6583691,0.819103,8037679
4,2021-06-27,6809,11995853,5516,7229027,952,4359373,341,407453,2875,713278,0.088742,3898,5873683,0.730769,3270,6586961,0.81951,8037679
4,2021-06-28,14964,12010817,12575,7241602,1548,4360921,841,408294,6022,711398,0.088508,8863,5882546,0.731871,6983,6593944,0.820379,8037679
4,2021-06-29,16361,12027178,12697,7254299,2865,4363786,799,409093,6350,708761,0.08818,9905,5892451,0.733104,7268,6601212,0.821283,8037679
4,2021-06-30,14406,12041584,11243,7265542,2441,4366227,722,409815,5981,707244,0.087991,8328,5900779,0.73414,6811,6608023,0.822131,8037679
4,2021-07-01,14265,12055849,11267,7276809,2274,4368501,724,410539,5847,705639,0.087791,8311,5909090,0.735174,6706,6614729,0.822965,8037679
4,2021-07-02,16547,12072396,13153,7289962,2652,4371153,742,411281,6765,703582,0.087535,9690,5918780,0.736379,7633,6622362,0.823915,8037679
4,2021-07-03,9092,12081488,7220,7297182,1465,4372618,407,411688,3941,702907,0.087451,5080,5923860,0.737011,4405,6626767,0.824463,8037679
4,2021-07-04,419,12081907,255,7297437,104,4372722,60,411748,183,702928,0.087454,233,5924093,0.73704,254,6627021,0.824494,8037679
4,2021-07-05,9141,12091048,7450,7304887,1286,4374008,405,412153,4158,702635,0.087418,4909,5929002,0.737651,4616,6631637,0.825069,8037679
4,2021-07-06,16273,12107321,12848,7317735,2640,4376648,785,412938,6013,699395,0.087015,10143,5939145,0.738913,6903,6638540,0.825927,8037679
4,2021-07-07,13408,12120729,10468,7328203,2187,4378835,753,413691,5102,697145,0.086735,8225,5947370,0.739936,5975,6644515,0.826671,8037679
4,2021-07-08,12055,12132784,9511,7337714,1815,4380650,729,414420,4750,695522,0.086533,7207,5954577,0.740833,5584,6650099,0.827366,8037679
4,2021-07-09,9854,12142638,7489,7345203,1708,4382358,657,415077,3950,694443,0.086398,5819,5960396,0.741557,4740,6654839,0.827955,8037679
