vemquartile,administered_date,total_doses,cumulative_total_doses,pfizer_doses,cumulative_pfizer_doses,moderna_doses,cumulative_moderna_doses,jj_doses,cumulative_jj_doses,partially_vaccinated,total_partially_vaccinated,pct_age16pop_partially_vaccinated,fully_vaccinated,cumulative_fully_vaccinated,pct_age16pop_fully_vaccinated,at_least_one_dose,cumulative_at_least_one_dose,pct_age16pop_at_least_one_dose,age16_population
1,2020-12-15,148,148,148,148,0,0,0,0,148,148,1.8e-05,0,0,0.0,148,148,1.8e-05,8051741
1,2020-12-16,1154,1302,1154,1302,0,0,0,0,1154,1302,0.000162,0,0,0.0,1154,1302,0.000162,8051741
1,2020-12-17,4107,5409,4107,5409,0,0,0,0,4108,5410,0.000672,0,0,0.0,4108,5410,0.000672,8051741
1,2020-12-18,6244,11653,6224,11633,20,20,0,0,6246,11656,0.001448,0,0,0.0,6246,11656,0.001448,8051741
1,2020-12-19,2865,14518,2864,14497,1,21,0,0,2863,14518,0.001803,1,1,0.0,2863,14519,0.001803,8051741
1,2020-12-20,2101,16619,2097,16594,4,25,0,0,2102,16620,0.002064,0,1,0.0,2102,16621,0.002064,8051741
1,2020-12-21,7598,24217,7587,24181,11,36,0,0,7649,24269,0.003014,0,1,0.0,7649,24270,0.003014,8051741
1,2020-12-22,7270,31487,6931,31112,339,375,0,0,7273,31541,0.003917,1,2,0.0,7273,31543,0.003918,8051741
1,2020-12-23,7774,39261,6555,37667,1219,1594,0,0,7769,39310,0.004882,0,2,0.0,7769,39312,0.004882,8051741
1,2020-12-24,3293,42554,2358,40025,935,2529,0,0,3295,42605,0.005291,0,2,0.0,3295,42607,0.005292,8051741
1,2020-12-25,232,42786,149,40174,83,2612,0,0,232,42837,0.00532,0,2,0.0,232,42839,0.00532,8051741
1,2020-12-26,1355,44141,966,41140,389,3001,0,0,1354,44190,0.005488,1,3,0.0,1354,44193,0.005489,8051741
1,2020-12-27,853,44994,527,41667,326,3327,0,0,853,45043,0.005594,0,3,0.0,853,45046,0.005595,8051741
1,2020-12-28,6999,51993,4740,46407,2259,5586,0,0,6998,52041,0.006463,0,3,0.0,6998,52044,0.006464,8051741
1,2020-12-29,8824,60817,4973,51380,3851,9437,0,0,8821,60861,0.007559,1,4,0.0,8821,60865,0.007559,8051741
1,2020-12-30,11580,72397,6471,57851,5109,14546,0,0,11580,72441,0.008997,0,4,0.0,11580,72445,0.008997,8051741
1,2020-12-31,5921,78318,1950,59801,3971,18517,0,0,5920,78360,0.009732,1,5,1e-06,5920,78365,0.009733,8051741
1,2021-01-01,526,78844,176,59977,350,18867,0,0,526,78886,0.009797,0,5,1e-06,526,78891,0.009798,8051741
1,2021-01-02,2880,81724,1744,61721,1136,20003,0,0,2882,81768,0.010155,0,5,1e-06,2882,81773,0.010156,8051741
1,2021-01-03,1015,82739,541,62262,474,20477,0,0,1014,82781,0.010281,1,6,1e-06,1014,82787,0.010282,8051741
1,2021-01-04,7306,90045,3564,65826,3742,24219,0,0,7311,90091,0.011189,1,7,1e-06,7311,90098,0.01119,8051741
1,2021-01-05,10710,100755,5158,70984,5552,29771,0,0,9968,99350,0.012339,729,736,9.1e-05,9988,100086,0.01243,8051741
1,2021-01-06,13935,114690,7020,78004,6915,36686,0,0,12069,109597,0.013612,1828,2564,0.000318,12075,112161,0.01393,8051741
1,2021-01-07,17348,132038,9069,87073,8279,44965,0,0,12928,118211,0.014681,4321,6885,0.000855,12935,125096,0.015537,8051741
1,2021-01-08,20025,152063,10387,97460,9638,54603,0,0,14178,126564,0.015719,5830,12715,0.001579,14183,139279,0.017298,8051741
1,2021-01-09,6617,158680,3352,100812,3265,57868,0,0,4784,129534,0.016088,1818,14533,0.001805,4788,144067,0.017893,8051741
1,2021-01-10,3052,161732,1736,102548,1316,59184,0,0,1865,130229,0.016174,1171,15704,0.00195,1866,145933,0.018124,8051741
1,2021-01-11,17990,179722,11781,114329,6209,65393,0,0,11482,135266,0.0168,6482,22186,0.002755,11519,157452,0.019555,8051741
1,2021-01-12,18777,198499,10620,124949,8157,73550,0,0,12826,142215,0.017663,5910,28096,0.003489,12859,170311,0.021152,8051741
1,2021-01-13,19613,218112,10557,135506,9056,82606,0,0,14489,151615,0.01883,5101,33197,0.004123,14501,184812,0.022953,8051741
1,2021-01-14,21912,240024,9462,144968,12450,95056,0,0,19183,168167,0.020886,2670,35867,0.004455,19222,204034,0.02534,8051741
1,2021-01-15,25091,265115,9286,154254,15805,110861,0,0,23176,189522,0.023538,1865,37732,0.004686,23220,227254,0.028224,8051741
1,2021-01-16,13842,278957,4540,158794,9302,120163,0,0,13002,201688,0.025049,838,38570,0.00479,13004,240258,0.029839,8051741
1,2021-01-17,5166,284123,1987,160781,3179,123342,0,0,4800,206131,0.025601,362,38932,0.004835,4805,245063,0.030436,8051741
1,2021-01-18,14170,298293,8523,169304,5647,128989,0,0,11036,214086,0.026589,3122,42054,0.005223,11077,256140,0.031812,8051741
1,2021-01-19,24524,322817,12779,182083,11745,140734,0,0,19400,228426,0.02837,5109,47163,0.005857,19449,275589,0.034227,8051741
1,2021-01-20,28290,351107,13885,195968,14405,155139,0,0,22700,245623,0.030506,5537,52700,0.006545,22734,298323,0.037051,8051741
1,2021-01-21,30537,381644,14202,210170,16335,171474,0,0,27429,270064,0.033541,3054,55754,0.006924,27495,325818,0.040466,8051741
1,2021-01-22,28010,409654,11134,221304,16876,188350,0,0,26052,294225,0.036542,1917,57671,0.007163,26078,351896,0.043704,8051741
1,2021-01-23,18618,428272,8182,229486,10436,198786,0,0,16700,309031,0.038381,1906,59577,0.007399,16712,368608,0.04578,8051741
1,2021-01-24,6650,434922,4156,233642,2494,201280,0,0,6002,314394,0.039047,643,60220,0.007479,6006,374614,0.046526,8051741
1,2021-01-25,24748,459670,10257,243899,14491,215771,0,0,19306,328361,0.040781,5423,65643,0.008153,19390,394004,0.048934,8051741
1,2021-01-26,28266,487936,13292,257191,14974,230745,0,0,21791,343735,0.042691,6433,72076,0.008952,21807,415811,0.051642,8051741
1,2021-01-27,31440,519376,15327,272518,16113,246858,0,0,23591,359565,0.044657,7785,79861,0.009918,23615,439426,0.054575,8051741
1,2021-01-28,34277,553653,16019,288537,18258,265116,0,0,27588,380563,0.047265,6635,86496,0.010743,27633,467059,0.058007,8051741
1,2021-01-29,33201,586854,16311,304848,16890,282006,0,0,26785,401087,0.049814,6292,92788,0.011524,26816,493875,0.061338,8051741
1,2021-01-30,19960,606814,8622,313470,11338,293344,0,0,17976,417109,0.051804,1961,94749,0.011768,17983,511858,0.063571,8051741
1,2021-01-31,7586,614400,4987,318457,2599,295943,0,0,6852,423231,0.052564,732,95481,0.011858,6854,518712,0.064422,8051741
1,2021-02-01,28092,642492,12127,330584,15965,311908,0,0,20727,436641,0.054229,7323,102804,0.012768,20733,539445,0.066997,8051741
1,2021-02-02,31794,674286,11466,342050,20328,332236,0,0,23933,452805,0.056237,7801,110605,0.013737,23965,563410,0.069974,8051741
1,2021-02-03,38881,713167,14855,356905,24026,356262,0,0,28173,470437,0.058427,10570,121175,0.01505,28202,591612,0.073476,8051741
1,2021-02-04,43568,756735,17058,373963,26510,382772,0,0,31625,490268,0.06089,11840,133015,0.01652,31671,623283,0.07741,8051741
1,2021-02-05,46597,803332,17326,391289,29271,412043,0,0,30685,505196,0.062744,15800,148815,0.018482,30728,654011,0.081226,8051741
1,2021-02-06,26426,829758,10450,401739,15976,428019,0,0,20626,520080,0.064592,5756,154571,0.019197,20640,674651,0.083789,8051741
1,2021-02-07,6170,835928,3955,405694,2215,430234,0,0,4603,523150,0.064974,1550,156121,0.01939,4620,679271,0.084363,8051741
1,2021-02-08,30966,866894,14023,419717,16943,447177,0,0,20664,533690,0.066283,10203,166324,0.020657,20743,700014,0.086939,8051741
1,2021-02-09,37843,904737,16564,436281,21279,468456,0,0,23253,542534,0.067381,14478,180802,0.022455,23322,723336,0.089836,8051741
1,2021-02-10,46467,951204,22010,458291,24457,492913,0,0,26789,549856,0.06829,19541,200343,0.024882,26863,750199,0.093172,8051741
1,2021-02-11,50343,1001547,24766,483057,25577,518490,0,0,30658,561126,0.06969,19485,219828,0.027302,30755,780954,0.096992,8051741
1,2021-02-12,49256,1050803,21281,504338,27975,546465,0,0,28393,568912,0.070657,20735,240563,0.029877,28521,809475,0.100534,8051741
1,2021-02-13,25991,1076794,11304,515642,14687,561152,0,0,15076,573216,0.071192,10848,251411,0.031224,15152,824627,0.102416,8051741
1,2021-02-14,11577,1088371,5464,521106,6113,567265,0,0,6606,574983,0.071411,4943,256354,0.031838,6710,831337,0.103249,8051741
1,2021-02-15,23286,1111657,9219,530325,14067,581332,0,0,14178,580305,0.072072,9014,265368,0.032958,14336,845673,0.10503,8051741
1,2021-02-16,46294,1157951,22103,552428,24191,605523,0,0,27399,589052,0.073158,18836,284204,0.035297,27583,873256,0.108456,8051741
1,2021-02-17,47580,1205531,24004,576432,23576,629099,0,0,25914,593600,0.073723,21567,305771,0.037976,26115,899371,0.111699,8051741
1,2021-02-18,49987,1255518,24934,601366,25053,654152,0,0,26118,596329,0.074062,23676,329447,0.040916,26405,925776,0.114978,8051741
1,2021-02-19,45190,1300708,24474,625840,20716,674868,0,0,25643,602576,0.074838,19457,348904,0.043333,25704,951480,0.118171,8051741
1,2021-02-20,26471,1327179,16040,641880,10431,685299,0,0,15144,606507,0.075326,11290,360194,0.044735,15221,966701,0.120061,8051741
1,2021-02-21,9950,1337129,8723,650603,1227,686526,0,0,5938,608601,0.075586,3977,364171,0.045229,6071,972772,0.120815,8051741
1,2021-02-22,29711,1366840,19518,670121,10193,696719,0,0,17499,614113,0.076271,12167,376338,0.04674,17679,990451,0.123011,8051741
1,2021-02-23,41851,1408691,20091,690212,21760,718479,0,0,23292,619356,0.076922,18444,394782,0.049031,23687,1014138,0.125953,8051741
1,2021-02-24,52323,1461014,25300,715512,27023,745502,0,0,29523,626664,0.07783,22706,417488,0.051851,30014,1044152,0.12968,8051741
1,2021-02-25,63492,1524506,30482,745994,33010,778512,0,0,39586,642972,0.079855,23817,441305,0.054809,40125,1084277,0.134664,8051741
1,2021-02-26,71396,1595902,33604,779598,37792,816304,0,0,47389,666960,0.082834,23870,465175,0.057773,47858,1132135,0.140607,8051741
1,2021-02-27,48125,1644027,21410,801008,26710,843014,5,5,31903,683012,0.084828,16121,481296,0.059775,32173,1164308,0.144603,8051741
1,2021-02-28,18901,1662928,11210,812218,7691,850705,0,5,14019,692427,0.085997,4831,486127,0.060375,14246,1178554,0.146373,8051741
1,2021-03-01,43048,1705976,19654,831872,23383,874088,11,16,28078,705924,0.087673,14875,501002,0.062223,28372,1206926,0.149896,8051741
1,2021-03-02,58327,1764303,23928,855800,34394,908482,5,21,37134,722714,0.089759,21096,522098,0.064843,37886,1244812,0.154602,8051741
1,2021-03-03,67666,1831969,31775,887575,35879,944361,12,33,41072,738081,0.091667,26487,548585,0.068132,41854,1286666,0.1598,8051741
1,2021-03-04,75376,1907345,34745,922320,40598,984959,33,66,48283,760003,0.09439,26948,575533,0.071479,48870,1335536,0.165869,8051741
1,2021-03-05,73889,1981234,32827,955147,40861,1025820,201,267,49189,785685,0.09758,24522,600055,0.074525,50204,1385740,0.172104,8051741
1,2021-03-06,56177,2037411,26618,981765,28233,1054053,1326,1593,38192,807840,0.100331,17930,617985,0.076752,40085,1425825,0.177083,8051741
1,2021-03-07,19386,2056797,12228,993993,6371,1060424,787,2380,14520,818583,0.101665,4852,622837,0.077354,15595,1441420,0.17902,8051741
1,2021-03-08,43148,2099945,20420,1014413,20876,1081300,1852,4232,30142,837978,0.104074,12940,635777,0.078961,32335,1473755,0.183036,8051741
1,2021-03-09,59681,2159626,25968,1040381,31255,1112555,2458,6690,35767,852994,0.105939,23838,659615,0.081922,38854,1512609,0.187861,8051741
1,2021-03-10,70199,2229825,34545,1074926,31419,1143974,4235,10925,43416,874484,0.108608,26675,686290,0.085235,48165,1560774,0.193843,8051741
1,2021-03-11,87563,2317388,39910,1114836,39843,1183817,7810,18735,51410,898321,0.111569,35947,722237,0.089699,59784,1620558,0.201268,8051741
1,2021-03-12,94013,2411401,40716,1155552,41049,1224866,12248,30983,54408,926026,0.115009,39441,761678,0.094598,67146,1687704,0.209607,8051741
1,2021-03-13,62841,2474242,28154,1183706,27027,1251893,7660,38643,40061,951417,0.118163,22684,784362,0.097415,48075,1735779,0.215578,8051741
1,2021-03-14,26762,2501004,14261,1197967,9026,1260919,3475,42118,15856,960091,0.11924,10860,795222,0.098764,19534,1755313,0.218004,8051741
1,2021-03-15,63259,2564263,27434,1225401,29245,1290164,6580,48698,37519,978966,0.121584,25587,820809,0.101942,44462,1799775,0.223526,8051741
1,2021-03-16,83198,2647461,37232,1262633,40486,1330650,5480,54178,52341,1006542,0.125009,30703,851512,0.105755,58279,1858054,0.230764,8051741
1,2021-03-17,89476,2736937,42699,1305332,40285,1370935,6492,60670,57528,1039214,0.129067,31814,883326,0.109706,64486,1922540,0.238773,8051741
1,2021-03-18,94640,2831577,47847,1353179,41304,1412239,5489,66159,58636,1068320,0.132682,35728,919054,0.114144,64834,1987374,0.246825,8051741
1,2021-03-19,99867,2931444,51162,1404341,42647,1454886,6058,72217,59652,1094605,0.135946,39977,959031,0.119109,66262,2053636,0.255055,8051741
1,2021-03-20,69751,3001195,35911,1440252,28662,1483548,5178,77395,45890,1122274,0.139383,23729,982760,0.122056,51398,2105034,0.261438,8051741
1,2021-03-21,25795,3026990,17782,1458034,6251,1489799,1762,79157,16755,1132003,0.140591,8975,991735,0.12317,18704,2123738,0.263761,8051741
1,2021-03-22,56717,3083707,29431,1487465,24102,1513901,3184,82341,38824,1156614,0.143648,17752,1009487,0.125375,42363,2166101,0.269023,8051741
1,2021-03-23,79979,3163686,40561,1528026,35970,1549871,3448,85789,52002,1184745,0.147141,27817,1037304,0.12883,55948,2222049,0.275971,8051741
1,2021-03-24,84264,3247950,42562,1570588,37518,1587389,4184,89973,51498,1208181,0.150052,32578,1069882,0.132876,56014,2278063,0.282928,8051741
1,2021-03-25,92549,3340499,46817,1617405,40185,1627574,5547,95520,53575,1228806,0.152614,38736,1108618,0.137687,59361,2337424,0.2903,8051741
1,2021-03-26,100197,3440696,48285,1665690,45792,1673366,6120,101640,56179,1247674,0.154957,43763,1152381,0.143122,62631,2400055,0.298079,8051741
1,2021-03-27,70581,3511277,36700,1702390,30189,1703555,3692,105332,37097,1255365,0.155912,33309,1185690,0.147259,41000,2441055,0.303171,8051741
1,2021-03-28,31193,3542470,20064,1722454,9932,1713487,1197,106529,16637,1259067,0.156372,14472,1200162,0.149056,18174,2459229,0.305428,8051741
1,2021-03-29,64838,3607308,32412,1754866,29651,1743138,2775,109304,37017,1271391,0.157903,27690,1227852,0.152495,40014,2499243,0.310398,8051741
1,2021-03-30,88929,3696237,43605,1798471,39407,1782545,5917,115221,50697,1290038,0.160219,38112,1265964,0.157229,56759,2556002,0.317447,8051741
1,2021-03-31,96871,3793108,50579,1849050,40578,1823123,5714,120935,55477,1310170,0.162719,41166,1307130,0.162341,61298,2617300,0.32506,8051741
1,2021-04-01,106368,3899476,50772,1899822,47659,1870782,7937,128872,55400,1322898,0.1643,50708,1357838,0.168639,63436,2680736,0.332939,8051741
1,2021-04-02,105669,4005145,48094,1947916,48404,1919186,9171,138043,54851,1336692,0.166013,50485,1408323,0.174909,64279,2745015,0.340922,8051741
1,2021-04-03,75061,4080206,37393,1985309,28444,1947630,9224,147267,35603,1342345,0.166715,39319,1447642,0.179792,44972,2789987,0.346507,8051741
1,2021-04-04,23432,4103638,11653,1996962,8355,1955985,3424,150691,10164,1342713,0.166761,13228,1460870,0.181435,13596,2803583,0.348196,8051741
1,2021-04-05,73211,4176849,34958,2031920,29384,1985369,8869,159560,34110,1346991,0.167292,38958,1499828,0.186274,43236,2846819,0.353566,8051741
1,2021-04-06,101319,4278168,47943,2079863,37088,2022457,16288,175848,46673,1355683,0.168371,54450,1554278,0.193036,63142,2909961,0.361408,8051741
1,2021-04-07,107841,4386009,51924,2131787,38801,2061258,17116,192964,49908,1365230,0.169557,57738,1612016,0.200207,67285,2977246,0.369764,8051741
1,2021-04-08,118113,4504122,55452,2187239,42288,2103546,20373,213337,53205,1374314,0.170685,64626,1676642,0.208233,73710,3050956,0.378919,8051741
1,2021-04-09,116145,4620267,52175,2239414,43880,2147426,20090,233427,51854,1382433,0.171694,64009,1740651,0.216183,72128,3123084,0.387877,8051741
1,2021-04-10,92697,4712964,41378,2280792,29105,2176531,22214,255641,36632,1385444,0.172068,55900,1796551,0.223126,58911,3181995,0.395193,8051741
1,2021-04-11,34792,4747756,19129,2299921,9203,2185734,6460,262101,14351,1386137,0.172154,20377,1816928,0.225657,21070,3203065,0.39781,8051741
1,2021-04-12,72088,4819844,32019,2331940,30269,2216003,9800,271901,31065,1386368,0.172182,40818,1857746,0.230726,41049,3244114,0.402908,8051741
1,2021-04-13,93534,4913378,49415,2381355,43788,2259791,331,272232,50190,1394200,0.173155,43139,1900885,0.236084,50971,3295085,0.409239,8051741
1,2021-04-14,100108,5013486,51952,2433307,48092,2307883,64,272296,51262,1397498,0.173565,48562,1949447,0.242115,51860,3346945,0.41568,8051741
1,2021-04-15,101156,5114642,54730,2488037,46342,2354225,84,272380,54408,1406110,0.174634,46287,1995734,0.247864,54899,3401844,0.422498,8051741
1,2021-04-16,104228,5218870,53529,2541566,50613,2404838,86,272466,52425,1407401,0.174795,51449,2047183,0.254253,52740,3454584,0.429048,8051741
1,2021-04-17,78797,5297667,42644,2584210,36146,2440984,7,272473,44284,1417584,0.176059,34348,2081531,0.258519,44531,3499115,0.434579,8051741
1,2021-04-18,27725,5325392,18333,2602543,9386,2450370,6,272479,14545,1419294,0.176272,13112,2094643,0.260148,14822,3513937,0.43642,8051741
1,2021-04-19,63726,5389118,32577,2635120,31139,2481509,10,272489,29108,1414308,0.175652,34343,2128986,0.264413,29357,3543294,0.440066,8051741
1,2021-04-20,83763,5472881,41937,2677057,41809,2523318,17,272506,39862,1411052,0.175248,43637,2172623,0.269833,40381,3583675,0.445081,8051741
1,2021-04-21,90509,5563390,46115,2723172,44306,2567624,88,272594,41223,1404275,0.174406,48881,2221504,0.275904,42104,3625779,0.45031,8051741
1,2021-04-22,91896,5655286,47584,2770756,44293,2611917,19,272613,42880,1399275,0.173785,48633,2270137,0.281944,43633,3669412,0.455729,8051741
1,2021-04-23,94840,5750126,48692,2819448,46123,2658040,25,272638,45916,1397277,0.173537,48561,2318698,0.287975,46563,3715975,0.461512,8051741
1,2021-04-24,72210,5822336,45810,2865258,26389,2684429,11,272649,41599,1408992,0.174992,30409,2349107,0.291751,42124,3758099,0.466744,8051741
1,2021-04-25,26731,5849067,17108,2882366,9615,2694044,8,272657,15422,1413394,0.175539,11231,2360338,0.293146,15633,3773732,0.468685,8051741
1,2021-04-26,57471,5906538,30771,2913137,26352,2720396,348,273005,27287,1411695,0.175328,29963,2390301,0.296868,28264,3801996,0.472196,8051741
1,2021-04-27,72883,5979421,38607,2951744,33164,2753560,1112,274117,31340,1403378,0.174295,41269,2431570,0.301993,32952,3834948,0.476288,8051741
1,2021-04-28,76272,6055693,40623,2992367,34244,2787804,1405,275522,33398,1396199,0.173403,42616,2474186,0.307286,35437,3870385,0.480689,8051741
1,2021-04-29,78915,6134608,43585,3035952,33820,2821624,1510,277032,32032,1383700,0.171851,46597,2520783,0.313073,34098,3904483,0.484924,8051741
1,2021-04-30,84019,6218627,45494,3081446,36784,2858408,1741,278773,35276,1372987,0.170521,48488,2569271,0.319095,37775,3942258,0.489616,8051741
1,2021-05-01,59960,6278587,38906,3120352,19729,2878137,1325,280098,25381,1365830,0.169632,34424,2603695,0.32337,27267,3969525,0.493002,8051741
1,2021-05-02,22374,6300961,15677,3136029,6188,2884325,509,280607,9355,1362926,0.169271,12928,2616623,0.324976,10024,3979549,0.494247,8051741
1,2021-05-03,51314,6352275,28197,3164226,21445,2905770,1672,282279,18584,1351135,0.167807,32560,2649183,0.32902,20769,4000318,0.496826,8051741
1,2021-05-04,69728,6422003,40063,3204289,27709,2933479,1956,284235,25041,1334609,0.165754,44452,2693635,0.334541,27926,4028244,0.500295,8051741
1,2021-05-05,52371,6474374,30934,3235223,19790,2953269,1647,285882,17610,1319873,0.163924,34553,2728188,0.338832,19817,4048061,0.502756,8051741
1,2021-05-06,53842,6528216,33646,3268869,18696,2971965,1500,287382,16620,1301660,0.161662,37002,2765190,0.343428,18789,4066850,0.50509,8051741
1,2021-05-07,47461,6575677,30724,3299593,15354,2987319,1383,288765,14490,1285397,0.159642,32771,2797961,0.347498,16508,4083358,0.50714,8051741
2,2020-12-15,233,233,233,233,0,0,0,0,233,233,3e-05,0,0,0.0,233,233,3e-05,7897587
2,2020-12-16,1926,2159,1926,2159,0,0,0,0,1926,2159,0.000273,0,0,0.0,1926,2159,0.000273,7897587
2,2020-12-17,6660,8819,6660,8819,0,0,0,0,6661,8820,0.001117,0,0,0.0,6661,8820,0.001117,7897587
2,2020-12-18,10829,19648,10810,19629,19,19,0,0,10830,19650,0.002488,0,0,0.0,10830,19650,0.002488,7897587
2,2020-12-19,5575,25223,5570,25199,5,24,0,0,5577,25227,0.003194,0,0,0.0,5577,25227,0.003194,7897587
2,2020-12-20,4215,29438,4207,29406,8,32,0,0,4211,29438,0.003727,0,0,0.0,4211,29438,0.003727,7897587
2,2020-12-21,12764,42202,12740,42146,24,56,0,0,12719,42157,0.005338,0,0,0.0,12719,42157,0.005338,7897587
2,2020-12-22,12047,54249,11539,53685,508,564,0,0,12047,54204,0.006863,0,0,0.0,12047,54204,0.006863,7897587
2,2020-12-23,11610,65859,9420,63105,2190,2754,0,0,11613,65817,0.008334,0,0,0.0,11613,65817,0.008334,7897587
2,2020-12-24,5837,71696,3484,66589,2353,5107,0,0,5834,71651,0.009073,0,0,0.0,5834,71651,0.009073,7897587
2,2020-12-25,478,72174,401,66990,77,5184,0,0,479,72130,0.009133,0,0,0.0,479,72130,0.009133,7897587
2,2020-12-26,2563,74737,1667,68657,896,6080,0,0,2565,74695,0.009458,0,0,0.0,2565,74695,0.009458,7897587
2,2020-12-27,2210,76947,1197,69854,1013,7093,0,0,2208,76902,0.009737,1,1,0.0,2208,76903,0.009738,7897587
2,2020-12-28,10901,87848,7082,76936,3819,10912,0,0,10901,87802,0.011118,1,2,0.0,10901,87804,0.011118,7897587
2,2020-12-29,12678,100526,7181,84117,5497,16409,0,0,12682,100484,0.012723,0,2,0.0,12682,100486,0.012724,7897587
2,2020-12-30,15327,115853,8637,92754,6690,23099,0,0,15343,115826,0.014666,1,3,0.0,15343,115829,0.014666,7897587
2,2020-12-31,7493,123346,2803,95557,4690,27789,0,0,7490,123315,0.015614,1,4,1e-06,7490,123319,0.015615,7897587
2,2021-01-01,1110,124456,534,96091,576,28365,0,0,1112,124426,0.015755,1,5,1e-06,1112,124431,0.015756,7897587
2,2021-01-02,4811,129267,2750,98841,2061,30426,0,0,4809,129235,0.016364,0,5,1e-06,4809,129240,0.016364,7897587
2,2021-01-03,1378,130645,786,99627,592,31018,0,0,1373,130605,0.016537,3,8,1e-06,1373,130613,0.016538,7897587
2,2021-01-04,11605,142250,5548,105175,6057,37075,0,0,11592,142193,0.018005,4,12,2e-06,11592,142205,0.018006,7897587
2,2021-01-05,13794,156044,6880,112055,6914,43989,0,0,12621,153677,0.019459,1166,1178,0.000149,12650,154855,0.019608,7897587
2,2021-01-06,18921,174965,10442,122497,8479,52468,0,0,15212,165231,0.020922,3663,4841,0.000613,15217,170072,0.021535,7897587
2,2021-01-07,22875,197840,12840,135337,10035,62503,0,0,15536,173424,0.021959,7356,12197,0.001544,15549,185621,0.023504,7897587
2,2021-01-08,26333,224173,15956,151293,10377,72880,0,0,16306,179750,0.02276,9996,22193,0.00281,16322,201943,0.02557,7897587
2,2021-01-09,9696,233869,5661,156954,4035,76915,0,0,6209,182455,0.023103,3508,25701,0.003254,6213,208156,0.026357,7897587
2,2021-01-10,5269,239138,2914,159868,2355,79270,0,0,3063,183293,0.023209,2229,27930,0.003537,3067,211223,0.026745,7897587
2,2021-01-11,25929,265067,17830,177698,8099,87369,0,0,15006,187388,0.023727,10957,38887,0.004924,15052,226275,0.028651,7897587
2,2021-01-12,25935,291002,16102,193800,9833,97202,0,0,16482,194457,0.024622,9481,48368,0.006124,16550,242825,0.030747,7897587
2,2021-01-13,28218,319220,14876,208676,13342,110544,0,0,20320,206907,0.026199,7892,56260,0.007124,20342,263167,0.033322,7897587
2,2021-01-14,30042,349262,11427,220103,18615,129159,0,0,25864,228614,0.028947,4205,60465,0.007656,25912,289079,0.036603,7897587
2,2021-01-15,35100,384362,12938,233041,22162,151321,0,0,31886,257337,0.032584,3226,63691,0.008065,31949,321028,0.040649,7897587
2,2021-01-16,17546,401908,5611,238652,11935,163256,0,0,16240,272255,0.034473,1332,65023,0.008233,16250,337278,0.042706,7897587
2,2021-01-17,10552,412460,3521,242173,7031,170287,0,0,9850,281386,0.035629,727,65750,0.008325,9858,347136,0.043955,7897587
2,2021-01-18,19645,432105,11004,253177,8641,178928,0,0,14923,291616,0.036925,4738,70488,0.008925,14968,362104,0.04585,7897587
2,2021-01-19,32197,464302,16790,269967,15407,194335,0,0,24232,307988,0.038998,7970,78458,0.009934,24342,386446,0.048932,7897587
2,2021-01-20,36598,500900,18214,288181,18384,212719,0,0,28099,327692,0.041493,8480,86938,0.011008,28184,414630,0.052501,7897587
2,2021-01-21,40475,541375,17234,305415,23241,235960,0,0,36076,359543,0.045526,4378,91316,0.011563,36229,450859,0.057088,7897587
2,2021-01-22,39098,580473,16373,321788,22725,258685,0,0,35812,392100,0.049648,3288,94604,0.011979,35845,486704,0.061627,7897587
2,2021-01-23,23919,604392,10820,332608,13099,271784,0,0,20965,410165,0.051935,2929,97533,0.01235,20994,507698,0.064285,7897587
2,2021-01-24,12434,616826,6157,338765,6277,278061,0,0,11525,420805,0.053283,895,98428,0.012463,11535,519233,0.065746,7897587
2,2021-01-25,33532,650358,15564,354329,17968,296029,0,0,24845,437135,0.05535,8636,107064,0.013557,24966,544199,0.068907,7897587
2,2021-01-26,40055,690413,19822,374151,20233,316262,0,0,31157,459490,0.058181,8878,115942,0.014681,31233,575432,0.072862,7897587
2,2021-01-27,44934,735347,22913,397064,22021,338283,0,0,34994,484719,0.061376,9819,125761,0.015924,35048,610480,0.0773,7897587
2,2021-01-28,47835,783182,22563,419627,25272,363555,0,0,39350,515697,0.065298,8430,134191,0.016991,39408,649888,0.082289,7897587
2,2021-01-29,45422,828604,22287,441914,23135,386690,0,0,36916,544254,0.068914,8405,142596,0.018056,36962,686850,0.08697,7897587
2,2021-01-30,31253,859857,13652,455566,17601,404291,0,0,28023,569117,0.072062,3189,145785,0.018459,28052,714902,0.090522,7897587
2,2021-01-31,17543,877400,10647,466213,6896,411187,0,0,16327,584260,0.07398,1203,146988,0.018612,16346,731248,0.092591,7897587
2,2021-02-01,40079,917479,19159,485372,20920,432107,0,0,29727,603699,0.076441,10320,157308,0.019918,29759,761007,0.096359,7897587
2,2021-02-02,47738,965217,19738,505110,28000,460107,0,0,36332,628794,0.079618,11332,168640,0.021353,36427,797434,0.100972,7897587
2,2021-02-03,53611,1018828,23862,528972,29749,489856,0,0,39714,654786,0.08291,13806,182446,0.023101,39798,837232,0.106011,7897587
2,2021-02-04,55731,1074559,24235,553207,31496,521352,0,0,40811,680852,0.08621,14832,197278,0.02498,40898,878130,0.11119,7897587
2,2021-02-05,59440,1133999,26326,579533,33114,554466,0,0,40298,702330,0.08893,18975,216253,0.027382,40453,918583,0.116312,7897587
2,2021-02-06,38760,1172759,18138,597671,20622,575088,0,0,31227,726173,0.091949,7467,223720,0.028328,31310,949893,0.120276,7897587
2,2021-02-07,15981,1188740,10731,608402,5250,580338,0,0,12124,734529,0.093007,3833,227553,0.028813,12189,962082,0.12182,7897587
2,2021-02-08,43208,1231948,22323,630725,20885,601223,0,0,29871,751359,0.095138,13230,240783,0.030488,30060,992142,0.125626,7897587
2,2021-02-09,49139,1281087,23493,654218,25646,626869,0,0,30877,764370,0.096785,18178,258961,0.03279,31189,1023331,0.129575,7897587
2,2021-02-10,59223,1340310,28034,682252,31189,658058,0,0,34606,774926,0.098122,24395,283356,0.035879,34951,1058282,0.134001,7897587
2,2021-02-11,63573,1403883,29523,711775,34050,692108,0,0,35885,783896,0.099258,27394,310750,0.039347,36364,1094646,0.138605,7897587
2,2021-02-12,64599,1468482,27952,739727,36647,728755,0,0,34535,789216,0.099931,29859,340609,0.043128,35179,1129825,0.14306,7897587
2,2021-02-13,37431,1505913,15715,755442,21716,750471,0,0,21690,795627,0.100743,15656,356265,0.045111,22067,1151892,0.145854,7897587
2,2021-02-14,19875,1525788,9319,764761,10556,761027,0,0,11204,798617,0.101122,8635,364900,0.046204,11625,1163517,0.147326,7897587
2,2021-02-15,32843,1558631,14893,779654,17950,778977,0,0,18290,803342,0.10172,14442,379342,0.048033,19167,1182684,0.149753,7897587
2,2021-02-16,55785,1614416,27607,807261,28178,807155,0,0,29409,807317,0.102223,26299,405641,0.051363,30274,1212958,0.153586,7897587
2,2021-02-17,60951,1675367,31571,838832,29380,836535,0,0,30317,808183,0.102333,30587,436228,0.055236,31453,1244411,0.157569,7897587
2,2021-02-18,65579,1740946,33409,872241,32170,868705,0,0,32037,808374,0.102357,33339,469567,0.059457,33530,1277941,0.161814,7897587
2,2021-02-19,58701,1799647,32777,905018,25924,894629,0,0,29170,808851,0.102417,29394,498961,0.063179,29871,1307812,0.165596,7897587
2,2021-02-20,36852,1836499,24095,929113,12757,907386,0,0,19986,813026,0.102946,16793,515754,0.065305,20968,1328780,0.168251,7897587
2,2021-02-21,18133,1854632,14700,943813,3433,910819,0,0,8837,813996,0.103069,9229,524983,0.066474,10199,1338979,0.169543,7897587
2,2021-02-22,37122,1891754,25500,969313,11622,922441,0,0,17823,813845,0.10305,19201,544184,0.068905,19050,1358029,0.171955,7897587
2,2021-02-23,50683,1942437,25833,995146,24850,947291,0,0,22368,810782,0.102662,28141,572325,0.072468,25078,1383107,0.17513,7897587
2,2021-02-24,67759,2010196,34905,1030051,32854,980145,0,0,31345,809132,0.102453,36286,608611,0.077063,34636,1417743,0.179516,7897587
2,2021-02-25,72910,2083106,34122,1064173,38788,1018933,0,0,37061,814138,0.103087,35657,644268,0.081578,40663,1458406,0.184665,7897587
2,2021-02-26,81128,2164234,34802,1098975,46326,1065259,0,0,44028,823556,0.104279,36873,681141,0.086247,46291,1504697,0.190526,7897587
2,2021-02-27,58546,2222780,26633,1125608,31909,1097168,4,4,31964,830612,0.105173,26405,707546,0.08959,33461,1538158,0.194763,7897587
2,2021-02-28,28884,2251664,17324,1142932,11559,1108727,1,5,16899,837176,0.106004,11904,719450,0.091097,18468,1556626,0.197101,7897587
2,2021-03-01,55209,2306873,29001,1171933,26191,1134918,17,22,30273,844583,0.106942,24740,744190,0.09423,32147,1588773,0.201172,7897587
2,2021-03-02,64464,2371337,29895,1201828,34564,1169482,5,27,36002,855274,0.108296,28358,772548,0.097821,39049,1627822,0.206116,7897587
2,2021-03-03,77682,2449019,37650,1239478,40025,1209507,7,34,43670,868241,0.109938,33853,806401,0.102107,46820,1674642,0.212045,7897587
2,2021-03-04,85967,2534986,42445,1281923,43495,1253002,27,61,49752,884766,0.11203,36050,842451,0.106672,52575,1727217,0.218702,7897587
2,2021-03-05,78337,2613323,36699,1318622,41342,1294344,296,357,47912,905165,0.114613,30258,872709,0.110503,50657,1777874,0.225116,7897587
2,2021-03-06,61269,2674592,29879,1348501,29727,1324071,1663,2020,37625,922498,0.116808,23544,896253,0.113484,40877,1818751,0.230292,7897587
2,2021-03-07,26783,2701375,15489,1363990,10347,1334418,947,2967,17146,932400,0.118061,9582,905835,0.114698,19484,1838235,0.232759,7897587
2,2021-03-08,48856,2750231,22280,1386270,24155,1358573,2421,5388,30789,949287,0.1202,17969,923804,0.116973,34856,1873091,0.237173,7897587
2,2021-03-09,63562,2813793,26346,1412616,33473,1392046,3743,9131,33984,959484,0.121491,29462,953266,0.120703,39659,1912750,0.242194,7897587
2,2021-03-10,74854,2888647,35021,1447637,33438,1425484,6395,15526,39585,972175,0.123098,35102,988368,0.125148,47793,1960543,0.248246,7897587
2,2021-03-11,90915,2979562,41847,1489484,40860,1466344,8208,23734,47897,987413,0.125027,42773,1031141,0.130564,58011,2018554,0.255591,7897587
2,2021-03-12,91571,3071133,37723,1527207,42001,1508345,11847,35581,45923,1001085,0.126758,45479,1076620,0.136323,59151,2077705,0.263081,7897587
2,2021-03-13,67134,3138267,28137,1555344,31180,1539525,7817,43398,37057,1017295,0.128811,29973,1106593,0.140118,46183,2123888,0.268929,7897587
2,2021-03-14,35902,3174169,17774,1573118,13685,1553210,4443,47841,19182,1025057,0.129794,16642,1123235,0.142225,24404,2148292,0.272019,7897587
2,2021-03-15,66078,3240247,29775,1602893,31365,1584575,4938,52779,36737,1038705,0.131522,29159,1152394,0.145917,42807,2191099,0.277439,7897587
2,2021-03-16,84922,3325169,37471,1640364,43513,1628088,3938,56717,52094,1063469,0.134657,32683,1185077,0.150056,57447,2248546,0.284713,7897587
2,2021-03-17,90558,3415727,43354,1683718,43136,1671224,4068,60785,57852,1093987,0.138522,32497,1217574,0.15417,63015,2311561,0.292692,7897587
2,2021-03-18,95388,3511115,45136,1728854,45846,1717070,4406,65191,59081,1122441,0.142125,36049,1253623,0.158735,64503,2376064,0.300859,7897587
2,2021-03-19,95222,3606337,44852,1773706,44338,1761408,6032,71223,57336,1148871,0.145471,37648,1291271,0.163502,64078,2440142,0.308973,7897587
2,2021-03-20,68321,3674658,32799,1806505,31659,1793067,3863,75086,45583,1176306,0.148945,22552,1313823,0.166358,49987,2490129,0.315303,7897587
2,2021-03-21,32472,3707130,20884,1827389,9637,1802704,1951,77037,20627,1188047,0.150432,11758,1325581,0.167846,23499,2513628,0.318278,7897587
2,2021-03-22,61420,3768550,33661,1861050,25189,1827893,2570,79607,41552,1213563,0.153663,19702,1345283,0.170341,45218,2558846,0.324004,7897587
2,2021-03-23,82047,3850597,43444,1904494,35802,1863695,2801,82408,53974,1243439,0.157445,27852,1373135,0.173868,57728,2616574,0.331313,7897587
2,2021-03-24,89825,3940422,48377,1952871,38392,1902087,3056,85464,53797,1265872,0.160286,35776,1408911,0.178398,58209,2674783,0.338684,7897587
2,2021-03-25,98859,4039281,49568,2002439,45516,1947603,3775,89239,56988,1285809,0.16281,41601,1450512,0.183665,61538,2736321,0.346476,7897587
2,2021-03-26,100736,4140017,49982,2052421,47345,1994948,3409,92648,56939,1303760,0.165083,43494,1494006,0.189172,61445,2797766,0.354256,7897587
2,2021-03-27,73759,4213776,36697,2089118,33809,2028757,3253,95901,38019,1310360,0.165919,35547,1529553,0.193673,42147,2839913,0.359592,7897587
2,2021-03-28,36751,4250527,22489,2111607,13460,2042217,802,96703,20730,1316710,0.166723,15927,1545480,0.19569,22277,2862190,0.362413,7897587
2,2021-03-29,69824,4320351,35586,2147193,32052,2074269,2186,98889,40925,1331966,0.168655,28753,1574233,0.199331,44009,2906199,0.367986,7897587
2,2021-03-30,90410,4410761,44121,2191314,42038,2116307,4251,103140,55334,1357259,0.171857,34912,1609145,0.203751,60205,2966404,0.375609,7897587
2,2021-03-31,99011,4509772,50965,2242279,43069,2159376,4977,108117,58451,1380727,0.174829,40352,1649497,0.208861,63820,3030224,0.38369,7897587
2,2021-04-01,114255,4624027,54830,2297109,50585,2209961,8840,116957,62781,1401601,0.177472,51225,1700722,0.215347,72099,3102323,0.392819,7897587
2,2021-04-02,108773,4732800,50189,2347298,48851,2258812,9733,126690,59304,1421961,0.18005,49170,1749892,0.221573,69530,3171853,0.401623,7897587
2,2021-04-03,74791,4807591,36643,2383941,28682,2287494,9466,136156,37438,1432195,0.181346,37188,1787080,0.226282,47422,3219275,0.407628,7897587
2,2021-04-04,28703,4836294,14763,2398704,10158,2297652,3782,139938,13226,1433879,0.181559,15408,1802488,0.228233,17092,3236367,0.409792,7897587
2,2021-04-05,77857,4914151,38310,2437014,31013,2328665,8534,148472,38336,1442256,0.18262,39404,1841892,0.233222,47781,3284148,0.415842,7897587
2,2021-04-06,102310,5016461,49966,2486980,37942,2366607,14402,162874,49208,1453677,0.184066,52894,1894786,0.23992,64315,3348463,0.423986,7897587
2,2021-04-07,108452,5124913,54273,2541253,38261,2404868,15918,178792,51884,1465995,0.185626,56345,1951131,0.247054,68663,3417126,0.43268,7897587
2,2021-04-08,116979,5241892,56425,2597678,42182,2447050,18372,197164,54746,1477793,0.18712,61979,2013110,0.254902,73777,3490903,0.442021,7897587
2,2021-04-09,115900,5357792,55909,2653587,42294,2489344,17697,214861,55344,1491698,0.18888,60274,2073384,0.262534,74179,3565082,0.451414,7897587
2,2021-04-10,85066,5442858,36956,2690543,30360,2519704,17750,232611,35656,1496650,0.189507,49243,2122627,0.268769,54195,3619277,0.458276,7897587
2,2021-04-11,43484,5486342,22385,2712928,12649,2532353,8450,241061,17795,1498310,0.189717,25605,2148232,0.272011,27265,3646542,0.461729,7897587
2,2021-04-12,78453,5564795,36646,2749574,32617,2564970,9190,250251,35446,1501161,0.190078,42795,2191027,0.27743,45646,3692188,0.467508,7897587
2,2021-04-13,99679,5664474,51524,2801098,47913,2612883,242,250493,54761,1512599,0.191527,44724,2235751,0.283093,56162,3748350,0.47462,7897587
2,2021-04-14,104274,5768748,54760,2855858,49467,2662350,47,250540,54019,1518602,0.192287,50036,2285787,0.289429,56039,3804389,0.481715,7897587
2,2021-04-15,110384,5879132,58759,2914617,51562,2713912,63,250603,58421,1527073,0.193359,51665,2337452,0.29597,60136,3864525,0.48933,7897587
2,2021-04-16,107196,5986328,55859,2970476,51286,2765198,51,250654,54950,1531060,0.193864,52010,2389462,0.302556,55997,3920522,0.49642,7897587
2,2021-04-17,79120,6065448,40559,3011035,38548,2803746,13,250667,43979,1541182,0.195146,34980,2424442,0.306985,45102,3965624,0.502131,7897587
2,2021-04-18,33403,6098851,19955,3030990,13445,2817191,3,250670,16267,1541597,0.195198,17057,2441499,0.309145,17472,3983096,0.504343,7897587
2,2021-04-19,72695,6171546,39401,3070391,33286,2850477,8,250678,33458,1536965,0.194612,39062,2480561,0.314091,34430,4017526,0.508703,7897587
2,2021-04-20,93826,6265372,46856,3117247,46954,2897431,16,250694,45994,1537063,0.194624,47615,2528176,0.32012,47713,4065239,0.514744,7897587
2,2021-04-21,97853,6363225,51953,3169200,45847,2943278,53,250747,46787,1535037,0.194368,50777,2578953,0.326549,48751,4113990,0.520917,7897587
2,2021-04-22,103293,6466518,52481,3221681,50793,2994071,19,250766,45830,1526026,0.193227,57169,2636122,0.333788,48158,4162148,0.527015,7897587
2,2021-04-23,103119,6569637,54393,3276074,48712,3042783,14,250780,47992,1521832,0.192696,54856,2690978,0.340734,50662,4212810,0.53343,7897587
2,2021-04-24,77972,6647609,46378,3322452,31558,3074341,36,250816,41195,1528704,0.193566,36581,2727559,0.345366,43453,4256263,0.538932,7897587
2,2021-04-25,35767,6683376,22147,3344599,13606,3087947,14,250830,19564,1532956,0.194104,16102,2743661,0.347405,20354,4276617,0.541509,7897587
2,2021-04-26,65171,6748547,36182,3380781,28707,3116654,282,251112,29922,1530778,0.193829,35083,2778744,0.351847,32905,4309522,0.545676,7897587
2,2021-04-27,79588,6828135,41633,3422414,36826,3153480,1129,252241,34154,1523649,0.192926,45221,2823965,0.357573,38092,4347614,0.550499,7897587
2,2021-04-28,83995,6912130,44406,3466820,37787,3191267,1802,254043,36849,1518414,0.192263,46931,2870896,0.363516,41696,4389310,0.555779,7897587
2,2021-04-29,86234,6998364,46582,3513402,38018,3229285,1634,255677,33184,1503159,0.190331,52817,2923713,0.370203,37562,4426872,0.560535,7897587
2,2021-04-30,89887,7088251,49713,3563115,38269,3267554,1905,257582,34987,1488218,0.18844,54639,2978352,0.377122,39698,4466570,0.565561,7897587
2,2021-05-01,60116,7148367,36710,3599825,21930,3289484,1476,259058,23956,1479613,0.18735,35976,3014328,0.381677,27371,4493941,0.569027,7897587
2,2021-05-02,28571,7176938,19725,3619550,7894,3297378,952,260010,11019,1474631,0.186719,17451,3031779,0.383887,12469,4506410,0.570606,7897587
2,2021-05-03,58042,7234980,34273,3653823,21773,3319151,1996,262006,19521,1459114,0.184754,38345,3070124,0.388742,22828,4529238,0.573496,7897587
2,2021-05-04,75608,7310588,44869,3698692,28475,3347626,2264,264270,24570,1437807,0.182056,50815,3120939,0.395176,29508,4558746,0.577233,7897587
2,2021-05-05,54744,7365332,33077,3731769,20161,3367787,1506,265776,16641,1419834,0.179781,37892,3158831,0.399974,19919,4578665,0.579755,7897587
2,2021-05-06,54544,7419876,33584,3765353,19082,3386869,1878,267654,15771,1401073,0.177405,38579,3197410,0.404859,19818,4598483,0.582264,7897587
2,2021-05-07,46707,7466583,29803,3795156,15710,3402579,1194,268848,12295,1382434,0.175045,34256,3231666,0.409197,15617,4614100,0.584242,7897587
3,2020-12-15,303,303,303,303,0,0,0,0,303,303,3.9e-05,0,0,0.0,303,303,3.9e-05,7688185
3,2020-12-16,2206,2509,2206,2509,0,0,0,0,2206,2509,0.000326,0,0,0.0,2206,2509,0.000326,7688185
3,2020-12-17,7602,10111,7602,10111,0,0,0,0,7602,10111,0.001315,0,0,0.0,7602,10111,0.001315,7688185
3,2020-12-18,12806,22917,12795,22906,11,11,0,0,12805,22916,0.002981,0,0,0.0,12805,22916,0.002981,7688185
3,2020-12-19,7041,29958,7030,29936,11,22,0,0,7105,30021,0.003905,0,0,0.0,7105,30021,0.003905,7688185
3,2020-12-20,5483,35441,5475,35411,8,30,0,0,5530,35550,0.004624,1,1,0.0,5530,35551,0.004624,7688185
3,2020-12-21,14262,49703,14239,49650,23,53,0,0,14327,49876,0.006487,1,2,0.0,14327,49878,0.006488,7688185
3,2020-12-22,14621,64324,14054,63704,567,620,0,0,14660,64536,0.008394,0,2,0.0,14660,64538,0.008394,7688185
3,2020-12-23,14653,78977,12070,75774,2583,3203,0,0,14680,79216,0.010304,0,2,0.0,14680,79218,0.010304,7688185
3,2020-12-24,6763,85740,4854,80628,1909,5112,0,0,6761,85976,0.011183,1,3,0.0,6761,85979,0.011183,7688185
3,2020-12-25,719,86459,663,81291,56,5168,0,0,718,86694,0.011276,0,3,0.0,718,86697,0.011277,7688185
3,2020-12-26,4594,91053,2984,84275,1610,6778,0,0,4592,91286,0.011874,0,3,0.0,4592,91289,0.011874,7688185
3,2020-12-27,2950,94003,1832,86107,1118,7896,0,0,2951,94237,0.012257,0,3,0.0,2951,94240,0.012258,7688185
3,2020-12-28,13462,107465,8607,94714,4855,12751,0,0,13490,107726,0.014012,1,4,1e-06,13490,107730,0.014012,7688185
3,2020-12-29,14896,122361,8424,103138,6472,19223,0,0,14926,122650,0.015953,2,6,1e-06,14926,122656,0.015954,7688185
3,2020-12-30,17936,140297,10050,113188,7886,27109,0,0,17926,140576,0.018285,0,6,1e-06,17926,140582,0.018285,7688185
3,2020-12-31,8316,148613,3210,116398,5106,32215,0,0,8316,148891,0.019366,1,7,1e-06,8316,148898,0.019367,7688185
3,2021-01-01,1166,149779,528,116926,638,32853,0,0,1163,150054,0.019517,0,7,1e-06,1163,150061,0.019518,7688185
3,2021-01-02,4991,154770,2473,119399,2518,35371,0,0,4991,155045,0.020167,0,7,1e-06,4991,155052,0.020168,7688185
3,2021-01-03,1593,156363,838,120237,755,36126,0,0,1584,156625,0.020372,4,11,1e-06,1584,156636,0.020374,7688185
3,2021-01-04,11964,168327,5987,126224,5977,42103,0,0,11938,168556,0.021924,7,18,2e-06,11938,168574,0.021926,7688185
3,2021-01-05,15565,183892,8029,134253,7536,49639,0,0,13965,180960,0.023537,1585,1603,0.000209,13989,182563,0.023746,7688185
3,2021-01-06,20084,203976,10504,144757,9580,59219,0,0,15844,192610,0.025053,4200,5803,0.000755,15850,198413,0.025808,7688185
3,2021-01-07,26027,230003,14819,159576,11208,70427,0,0,16988,200600,0.026092,9012,14815,0.001927,17002,215415,0.028019,7688185
3,2021-01-08,30003,260006,18340,177916,11663,82090,0,0,17921,206479,0.026857,12062,26877,0.003496,17941,233356,0.030353,7688185
3,2021-01-09,12297,272303,6953,184869,5344,87434,0,0,7818,209832,0.027293,4473,31350,0.004078,7826,241182,0.03137,7688185
3,2021-01-10,7161,279464,4462,189331,2699,90133,0,0,4024,210725,0.027409,3135,34485,0.004485,4028,245210,0.031894,7688185
3,2021-01-11,28670,308134,18759,208090,9911,100044,0,0,16221,214546,0.027906,12443,46928,0.006104,16264,261474,0.03401,7688185
3,2021-01-12,31853,339987,19044,227134,12809,112853,0,0,19484,221761,0.028844,12353,59281,0.007711,19568,281042,0.036555,7688185
3,2021-01-13,34306,374293,17981,245115,16325,129178,0,0,24230,235932,0.030688,10076,69357,0.009021,24247,305289,0.039709,7688185
3,2021-01-14,34281,408574,14118,259233,20163,149341,0,0,28425,258565,0.033631,5825,75182,0.009779,28458,333747,0.04341,7688185
3,2021-01-15,38524,447098,14403,273636,24121,173462,0,0,33931,287970,0.037456,4584,79766,0.010375,33989,367736,0.047831,7688185
3,2021-01-16,21742,468840,7609,281245,14133,187595,0,0,19439,305140,0.039689,2290,82056,0.010673,19460,387196,0.050362,7688185
3,2021-01-17,13104,481944,4466,285711,8638,196233,0,0,12081,316217,0.04113,1022,83078,0.010806,12099,399295,0.051936,7688185
3,2021-01-18,24538,506482,12771,298482,11767,208000,0,0,19054,329809,0.042898,5502,88580,0.011522,19094,418389,0.05442,7688185
3,2021-01-19,40647,547129,20763,319245,19884,227884,0,0,31621,352509,0.045851,9000,97580,0.012692,31700,450089,0.058543,7688185
3,2021-01-20,44705,591834,22033,341278,22672,250556,0,0,35437,378794,0.04927,9226,106806,0.013892,35511,485600,0.063162,7688185
3,2021-01-21,47093,638927,20309,361587,26784,277340,0,0,41699,415233,0.054009,5321,112127,0.014584,41760,527360,0.068594,7688185
3,2021-01-22,49141,688068,19601,381188,29540,306880,0,0,45040,456233,0.059342,4109,116236,0.015119,45109,572469,0.074461,7688185
3,2021-01-23,29966,718034,12712,393900,17254,324134,0,0,26655,479631,0.062385,3300,119536,0.015548,26698,599167,0.077933,7688185
3,2021-01-24,17597,735631,8480,402380,9117,333251,0,0,16453,494966,0.06438,1141,120677,0.015696,16476,615643,0.080077,7688185
3,2021-01-25,40230,775861,18004,420384,22226,355477,0,0,30427,515688,0.067075,9785,130462,0.016969,30507,646150,0.084045,7688185
3,2021-01-26,46460,822321,22160,442544,24300,379777,0,0,36553,542442,0.070555,9901,140363,0.018257,36655,682805,0.088812,7688185
3,2021-01-27,50381,872702,24467,467011,25914,405691,0,0,39900,572008,0.074401,10405,150768,0.01961,39971,722776,0.094011,7688185
3,2021-01-28,51262,923964,23795,490806,27467,433158,0,0,42479,605828,0.0788,8703,159471,0.020742,42523,765299,0.099542,7688185
3,2021-01-29,50141,974105,24156,514962,25985,459143,0,0,40736,637389,0.082905,9218,168689,0.021941,40779,806078,0.104846,7688185
3,2021-01-30,36567,1010672,17342,532304,19225,478368,0,0,32027,665003,0.086497,4491,173180,0.022525,32105,838183,0.109022,7688185
3,2021-01-31,22195,1032867,12810,545114,9385,487753,0,0,20722,684277,0.089004,1463,174643,0.022716,20737,858920,0.111719,7688185
3,2021-02-01,44778,1077645,20213,565327,24565,512318,0,0,34640,708856,0.092201,10098,184741,0.024029,34677,893597,0.11623,7688185
3,2021-02-02,54107,1131752,22824,588151,31283,543601,0,0,41422,737727,0.095956,12598,197339,0.025668,41469,935066,0.121624,7688185
3,2021-02-03,59512,1191264,26525,614676,32987,576588,0,0,44330,767093,0.099776,15027,212366,0.027622,44393,979459,0.127398,7688185
3,2021-02-04,63892,1255156,27788,642464,36104,612692,0,0,46893,797281,0.103702,16809,229175,0.029809,46997,1026456,0.133511,7688185
3,2021-02-05,69705,1324861,29693,672157,40012,652704,0,0,48235,824411,0.107231,21260,250435,0.032574,48390,1074846,0.139805,7688185
3,2021-02-06,43411,1368272,21147,693304,22264,674968,0,0,33667,848547,0.11037,9713,260148,0.033837,33849,1108695,0.144208,7688185
3,2021-02-07,19397,1387669,12280,705584,7117,682085,0,0,14921,859129,0.111747,4465,264613,0.034418,15047,1123742,0.146165,7688185
3,2021-02-08,50669,1438338,24413,729997,26256,708341,0,0,33293,875346,0.113856,17259,281872,0.036663,33476,1157218,0.150519,7688185
3,2021-02-09,58017,1496355,28237,758234,29780,738121,0,0,34094,886033,0.115246,23750,305622,0.039752,34437,1191655,0.154998,7688185
3,2021-02-10,67297,1563652,31301,789535,35996,774117,0,0,36536,892560,0.116095,30533,336155,0.043724,37060,1228715,0.159819,7688185
3,2021-02-11,69879,1633531,34472,824007,35407,809524,0,0,37651,898840,0.116912,31896,368051,0.047872,38176,1266891,0.164784,7688185
3,2021-02-12,74566,1708097,32266,856273,42300,851824,0,0,41351,908009,0.118104,32935,400986,0.052156,42104,1308995,0.170261,7688185
3,2021-02-13,44445,1752542,20197,876470,24248,876072,0,0,25652,915592,0.119091,18649,419635,0.054582,26232,1335227,0.173673,7688185
3,2021-02-14,27052,1779594,13526,889996,13526,889598,0,0,15142,919331,0.119577,11865,431500,0.056125,15604,1350831,0.175702,7688185
3,2021-02-15,39549,1819143,17080,907076,22469,912067,0,0,21921,924659,0.12027,17543,449043,0.058407,22871,1373702,0.178677,7688185
3,2021-02-16,69233,1888376,32725,939801,36508,948575,0,0,36168,928935,0.120826,32939,481982,0.062691,37215,1410917,0.183518,7688185
3,2021-02-17,70837,1959213,35876,975677,34961,983536,0,0,33786,926972,0.120571,36854,518836,0.067485,34891,1445808,0.188056,7688185
3,2021-02-18,75957,2035170,39664,1015341,36293,1019829,0,0,35550,923601,0.120133,40286,559122,0.072725,36915,1482723,0.192857,7688185
3,2021-02-19,67817,2102987,39130,1054471,28687,1048516,0,0,34430,925425,0.12037,33296,592418,0.077056,35120,1517843,0.197425,7688185
3,2021-02-20,41348,2144335,26154,1080625,15194,1063710,0,0,21934,928524,0.120773,19331,611749,0.07957,22430,1540273,0.200343,7688185
3,2021-02-21,19942,2164277,16199,1096824,3743,1067453,0,0,9294,927661,0.120661,10584,622333,0.080947,9721,1549994,0.201607,7688185
3,2021-02-22,44650,2208927,29096,1125920,15554,1083007,0,0,21177,925991,0.120443,23395,645728,0.08399,21725,1571719,0.204433,7688185
3,2021-02-23,59537,2268464,32317,1158237,27220,1110227,0,0,26309,921230,0.119824,33104,678832,0.088295,28343,1600062,0.20812,7688185
3,2021-02-24,75825,2344289,37036,1195273,38789,1149016,0,0,34040,916199,0.11917,41627,720459,0.09371,36596,1636658,0.21288,7688185
3,2021-02-25,84181,2428470,40509,1235782,43672,1192688,0,0,42232,919311,0.119575,41741,762200,0.099139,44853,1681511,0.218714,7688185
3,2021-02-26,94888,2523358,43280,1279062,51608,1244296,0,0,50700,928317,0.120746,43882,806082,0.104847,52888,1734399,0.225593,7688185
3,2021-02-27,66349,2589707,30037,1309099,36309,1280605,3,3,35225,933888,0.121471,30961,837043,0.108874,36532,1770931,0.230344,7688185
3,2021-02-28,37421,2627128,21685,1330784,15735,1296340,1,4,19478,936554,0.121817,17810,854853,0.11119,20476,1791407,0.233008,7688185
3,2021-03-01,65086,2692214,34463,1365247,30611,1326951,12,16,36468,945971,0.123042,28472,883325,0.114894,37889,1829296,0.237936,7688185
3,2021-03-02,74234,2766448,35419,1400666,38813,1365764,2,18,42926,959814,0.124843,31198,914523,0.118952,45041,1874337,0.243794,7688185
3,2021-03-03,86765,2853213,41218,1441884,45535,1411299,12,30,48398,972347,0.126473,38207,952730,0.123921,50740,1925077,0.250394,7688185
3,2021-03-04,91365,2944578,44695,1486579,46655,1457954,15,45,52042,987591,0.128456,39140,991870,0.129012,54384,1979461,0.257468,7688185
3,2021-03-05,87256,3031834,42426,1529005,44542,1502496,288,333,53174,1009463,0.131301,33872,1025742,0.133418,55744,2035205,0.264719,7688185
3,2021-03-06,63768,3095602,32039,1561044,29595,1532091,2134,2467,36539,1022582,0.133007,27109,1052851,0.136944,40228,2075433,0.269951,7688185
3,2021-03-07,36381,3131983,21483,1582527,13792,1545883,1106,3573,20846,1030608,0.134051,15490,1068341,0.138959,23516,2098949,0.27301,7688185
3,2021-03-08,57721,3189704,27357,1609884,27548,1573431,2816,6389,36588,1050574,0.136648,21034,1089375,0.141695,41000,2139949,0.278343,7688185
3,2021-03-09,70090,3259794,29729,1639613,36041,1609472,4320,10709,36442,1059521,0.137812,33550,1122925,0.146059,42497,2182446,0.28387,7688185
3,2021-03-10,79827,3339621,39365,1678978,34542,1644014,5920,16629,41402,1070475,0.139236,38267,1161192,0.151036,49221,2231667,0.290272,7688185
3,2021-03-11,95031,3434652,46349,1725327,40263,1684277,8419,25048,46854,1079295,0.140384,47957,1209149,0.157274,56777,2288444,0.297657,7688185
3,2021-03-12,100068,3534720,44556,1769883,43761,1728038,11751,36799,45923,1084142,0.141014,53974,1263123,0.164294,58821,2347265,0.305308,7688185
3,2021-03-13,68439,3603159,28950,1798833,32366,1760404,7123,43922,36076,1096459,0.142616,32272,1295395,0.168492,44589,2391854,0.311108,7688185
3,2021-03-14,40179,3643338,21121,1819954,15585,1775989,3473,47395,21865,1104251,0.14363,18261,1313656,0.170867,26053,2417907,0.314496,7688185
3,2021-03-15,74371,3717709,35257,1855211,34621,1810610,4493,51888,39590,1114706,0.144989,34633,1348289,0.175372,45088,2462995,0.320361,7688185
3,2021-03-16,93756,3811465,43191,1898402,46328,1856938,4237,56125,53533,1133495,0.147433,40044,1388333,0.18058,58833,2521828,0.328013,7688185
3,2021-03-17,96232,3907697,46758,1945160,45099,1902037,4375,60500,59010,1160571,0.150955,37045,1425378,0.185399,64121,2585949,0.336354,7688185
3,2021-03-18,100789,4008486,50792,1995952,45670,1947707,4327,64827,59099,1183346,0.153917,41480,1466858,0.190794,64255,2650204,0.344711,7688185
3,2021-03-19,100862,4109348,53810,2049762,42672,1990379,4380,69207,57408,1202571,0.156418,43242,1510100,0.196418,62467,2712671,0.352836,7688185
3,2021-03-20,70245,4179593,36199,2085961,30495,2020874,3551,72758,44436,1225520,0.159403,25660,1535760,0.199756,48609,2761280,0.359159,7688185
3,2021-03-21,35354,4214947,24030,2109991,9865,2030739,1459,74217,22993,1238482,0.161089,12301,1548061,0.201356,25263,2786543,0.362445,7688185
3,2021-03-22,68817,4283764,40367,2150358,26003,2056742,2447,76664,45114,1263629,0.16436,23541,1571602,0.204418,48688,2835231,0.368778,7688185
3,2021-03-23,88081,4371845,48440,2198798,37229,2093971,2412,79076,57200,1293330,0.168223,30678,1602280,0.208408,60379,2895610,0.376631,7688185
3,2021-03-24,97240,4469085,56159,2254957,38334,2132305,2747,81823,56848,1313693,0.170872,40108,1642388,0.213625,60471,2956081,0.384497,7688185
3,2021-03-25,104882,4573967,58256,2313213,43796,2176101,2830,84653,60570,1333717,0.173476,44048,1686436,0.219354,64072,3020153,0.39283,7688185
3,2021-03-26,108232,4682199,58044,2371257,46994,2223095,3194,87847,57781,1345372,0.174992,50208,1736644,0.225885,61863,3082016,0.400877,7688185
3,2021-03-27,73023,4755222,37011,2408268,33493,2256588,2519,90366,36611,1348941,0.175456,36244,1772888,0.230599,39813,3121829,0.406055,7688185
3,2021-03-28,43194,4798416,27119,2435387,15275,2271863,800,91166,23100,1353339,0.176028,20008,1792896,0.233201,24406,3146235,0.40923,7688185
3,2021-03-29,79367,4877783,41479,2476866,36118,2307981,1770,92936,44915,1366562,0.177748,34263,1827159,0.237658,47486,3193721,0.415406,7688185
3,2021-03-30,98575,4976358,48483,2525349,46566,2354547,3526,96462,59782,1391890,0.181043,38592,1865751,0.242678,63920,3257641,0.42372,7688185
3,2021-03-31,103244,5079602,55730,2581079,42804,2397351,4710,101172,57253,1408363,0.183185,45839,1911590,0.24864,62312,3319953,0.431825,7688185
3,2021-04-01,120423,5200025,60708,2641787,50414,2447765,9301,110473,65661,1429161,0.185891,54527,1966117,0.255732,75325,3395278,0.441623,7688185
3,2021-04-02,115528,5315553,56514,2698301,49097,2496862,9917,120390,61688,1447649,0.188295,53630,2019747,0.262708,72118,3467396,0.451003,7688185
3,2021-04-03,74547,5390100,38030,2736331,27572,2524434,8945,129335,37501,1457559,0.189584,36939,2056686,0.267513,46849,3514245,0.457097,7688185
3,2021-04-04,32036,5422136,17150,2753481,10772,2535206,4114,133449,14334,1458422,0.189697,17646,2074332,0.269808,18509,3532754,0.459504,7688185
3,2021-04-05,87729,5509865,44610,2798091,34253,2569459,8866,142315,43520,1467630,0.190894,44060,2118392,0.275539,53268,3586022,0.466433,7688185
3,2021-04-06,111803,5621668,54645,2852736,42270,2611729,14888,157203,53288,1478338,0.192287,58300,2176692,0.283122,69008,3655030,0.475409,7688185
3,2021-04-07,114477,5736145,59600,2912336,38946,2650675,15931,173134,56052,1492628,0.194146,58231,2234923,0.290696,72521,3727551,0.484841,7688185
3,2021-04-08,119562,5855707,59906,2972242,39922,2690597,19734,192868,55954,1505792,0.195858,63372,2298295,0.298939,76536,3804087,0.494796,7688185
3,2021-04-09,115747,5971454,57876,3030118,39161,2729758,18710,211578,51410,1512805,0.19677,64153,2362448,0.307283,71166,3875253,0.504053,7688185
3,2021-04-10,82170,6053624,37307,3067425,29954,2759712,14909,226487,33832,1514285,0.196963,48199,2410647,0.313552,49679,3924932,0.510515,7688185
3,2021-04-11,44274,6097898,23741,3091166,12642,2772354,7891,234378,16897,1512740,0.196762,27297,2437944,0.317103,25752,3950684,0.513864,7688185
3,2021-04-12,82511,6180409,41907,3133073,32119,2804473,8485,242863,37870,1515706,0.197147,44471,2482415,0.322887,47437,3998121,0.520034,7688185
3,2021-04-13,103526,6283935,56018,3189091,47303,2851776,205,243068,54777,1523211,0.198124,48575,2530990,0.329205,56080,4054201,0.527329,7688185
3,2021-04-14,104735,6388670,57473,3246564,47173,2898949,89,243157,52923,1526488,0.19855,51583,2582573,0.335915,54860,4109061,0.534464,7688185
3,2021-04-15,116163,6504833,65463,3312027,50648,2949597,52,243209,62999,1537801,0.200021,52942,2635515,0.342801,64255,4173316,0.542822,7688185
3,2021-04-16,112507,6617340,63146,3375173,49273,2998870,88,243297,59282,1544943,0.20095,53003,2688518,0.349695,60145,4233461,0.550645,7688185
3,2021-04-17,76074,6693414,41698,3416871,34364,3033234,12,243309,42081,1554332,0.202172,33853,2722371,0.354098,43242,4276703,0.55627,7688185
3,2021-04-18,36453,6729867,21541,3438412,14909,3048143,3,243312,17368,1553690,0.202088,19012,2741383,0.356571,18370,4295073,0.558659,7688185
3,2021-04-19,77390,6807257,43288,3481700,34052,3082195,50,243362,35178,1547679,0.201306,42075,2783458,0.362044,36064,4331137,0.56335,7688185
3,2021-04-20,97256,6904513,50358,3532058,46890,3129085,8,243370,47646,1547508,0.201284,49448,2832906,0.368475,49277,4380414,0.569759,7688185
3,2021-04-21,100051,7004564,55176,3587234,44814,3173899,61,243431,47628,1544590,0.200904,52181,2885087,0.375262,49263,4429677,0.576167,7688185
3,2021-04-22,106752,7111316,59150,3646384,47583,3221482,19,243450,46638,1533271,0.199432,59859,2944946,0.383048,48540,4478217,0.58248,7688185
3,2021-04-23,101794,7213110,57860,3704244,43914,3265396,20,243470,44881,1524297,0.198265,56633,3001579,0.390415,47659,4525876,0.588679,7688185
3,2021-04-24,72037,7285147,44748,3748992,27232,3292628,57,243527,35366,1525264,0.198391,36450,3038029,0.395156,37417,4563293,0.593546,7688185
3,2021-04-25,35911,7321058,23202,3772194,12697,3305325,12,243539,18509,1527087,0.198628,17304,3055333,0.397406,19127,4582420,0.596034,7688185
3,2021-04-26,64458,7385516,36198,3808392,27898,3333223,362,243901,27419,1520320,0.197748,36840,3092173,0.402198,30073,4612493,0.599946,7688185
3,2021-04-27,81595,7467111,42521,3850913,37689,3370912,1385,245286,32540,1507642,0.196099,48830,3141003,0.408549,36152,4648645,0.604648,7688185
3,2021-04-28,82876,7549987,46672,3897585,34164,3405076,2040,247326,33623,1496269,0.194619,49046,3190049,0.414929,37673,4686318,0.609548,7688185
3,2021-04-29,84497,7634484,47990,3945575,34378,3439454,2129,249455,29461,1475225,0.191882,54808,3244857,0.422058,33764,4720082,0.61394,7688185
3,2021-04-30,86753,7721237,48865,3994440,35517,3474971,2371,251826,32383,1457699,0.189602,54143,3299000,0.4291,36617,4756699,0.618702,7688185
3,2021-05-01,53474,7774711,33759,4028199,18364,3493335,1351,253177,19393,1445620,0.188031,33937,3332937,0.433514,21858,4778557,0.621546,7688185
3,2021-05-02,26181,7800892,17849,4046048,7355,3500690,977,254154,9603,1439932,0.187292,16512,3349449,0.435662,10824,4789381,0.622953,7688185
3,2021-05-03,57301,7858193,33448,4079496,21594,3522284,2259,256413,16829,1419494,0.184633,40315,3389764,0.440906,19877,4809258,0.625539,7688185
3,2021-05-04,73825,7932018,42219,4121715,29082,3551366,2524,258937,21455,1393140,0.181205,52143,3441907,0.447688,25789,4835047,0.628893,7688185
3,2021-05-05,53323,7985341,32344,4154059,19492,3570858,1487,260424,14008,1370770,0.178296,39130,3481037,0.452777,16760,4851807,0.631073,7688185
3,2021-05-06,54508,8039849,35007,4189066,18205,3589063,1296,261720,12164,1343535,0.174753,42152,3523189,0.45826,14917,4866724,0.633013,7688185
3,2021-05-07,44352,8084201,29815,4218881,13520,3602583,1017,262737,9620,1321133,0.171839,34586,3557775,0.462759,12184,4878908,0.634598,7688185
4,2020-12-15,444,444,444,444,0,0,0,0,444,444,5.9e-05,0,0,0.0,444,444,5.9e-05,7584050
4,2020-12-16,2956,3400,2956,3400,0,0,0,0,2956,3400,0.000448,0,0,0.0,2956,3400,0.000448,7584050
4,2020-12-17,8523,11923,8523,11923,0,0,0,0,8523,11923,0.001572,0,0,0.0,8523,11923,0.001572,7584050
4,2020-12-18,15382,27305,15373,27296,9,9,0,0,15382,27305,0.0036,0,0,0.0,15382,27305,0.0036,7584050
4,2020-12-19,10232,37537,10225,37521,7,16,0,0,10167,37472,0.004941,0,0,0.0,10167,37472,0.004941,7584050
4,2020-12-20,7355,44892,7342,44863,13,29,0,0,7310,44782,0.005905,0,0,0.0,7310,44782,0.005905,7584050
4,2020-12-21,16274,61166,16251,61114,23,52,0,0,16207,60989,0.008042,0,0,0.0,16207,60989,0.008042,7584050
4,2020-12-22,17084,78250,16353,77467,731,783,0,0,17040,78029,0.010289,0,0,0.0,17040,78029,0.010289,7584050
4,2020-12-23,16908,95158,14224,91691,2684,3467,0,0,16879,94908,0.012514,0,0,0.0,16879,94908,0.012514,7584050
4,2020-12-24,8533,103691,5953,97644,2580,6047,0,0,8533,103441,0.013639,0,0,0.0,8533,103441,0.013639,7584050
4,2020-12-25,899,104590,795,98439,104,6151,0,0,899,104340,0.013758,0,0,0.0,899,104340,0.013758,7584050
4,2020-12-26,6165,110755,3865,102304,2300,8451,0,0,6165,110505,0.014571,0,0,0.0,6165,110505,0.014571,7584050
4,2020-12-27,3415,114170,1995,104299,1420,9871,0,0,3415,113920,0.015021,0,0,0.0,3415,113920,0.015021,7584050
4,2020-12-28,14948,129118,9237,113536,5711,15582,0,0,14918,128837,0.016988,1,1,0.0,14918,128838,0.016988,7584050
4,2020-12-29,15232,144350,8432,121968,6800,22382,0,0,15198,144035,0.018992,0,1,0.0,15198,144036,0.018992,7584050
4,2020-12-30,18854,163204,11054,133022,7800,30182,0,0,18843,162876,0.021476,2,3,0.0,18843,162879,0.021477,7584050
4,2020-12-31,8186,171390,3318,136340,4868,35050,0,0,8181,171055,0.022555,2,5,1e-06,8181,171060,0.022555,7584050
4,2021-01-01,1214,172604,511,136851,703,35753,0,0,1212,172265,0.022714,2,7,1e-06,1212,172272,0.022715,7584050
4,2021-01-02,5663,178267,3203,140054,2460,38213,0,0,5662,177926,0.023461,1,8,1e-06,5662,177934,0.023462,7584050
4,2021-01-03,2118,180385,1254,141308,864,39077,0,0,2104,180026,0.023737,4,12,2e-06,2104,180038,0.023739,7584050
4,2021-01-04,12934,193319,7058,148366,5876,44953,0,0,12886,192881,0.025432,31,43,6e-06,12886,192924,0.025438,7584050
4,2021-01-05,16747,210066,9897,158263,6850,51803,0,0,14723,205612,0.027111,2003,2046,0.00027,14734,207658,0.027381,7584050
4,2021-01-06,21466,231532,13161,171424,8305,60108,0,0,15631,215471,0.028411,5783,7829,0.001032,15642,223300,0.029443,7584050
4,2021-01-07,27743,259275,16920,188344,10823,70931,0,0,16969,221734,0.029237,10719,18548,0.002446,16982,240282,0.031683,7584050
4,2021-01-08,32612,291887,20927,209271,11685,82616,0,0,18476,226160,0.02982,14067,32615,0.0043,18493,258775,0.034121,7584050
4,2021-01-09,16145,308032,9552,218823,6593,89209,0,0,9415,228878,0.030179,6708,39323,0.005185,9426,268201,0.035364,7584050
4,2021-01-10,8698,316730,5620,224443,3078,92287,0,0,4102,228413,0.030118,4575,43898,0.005788,4110,272311,0.035906,7584050
4,2021-01-11,33229,349959,21765,246208,11464,103751,0,0,18744,232750,0.030689,14445,58343,0.007693,18782,291093,0.038382,7584050
4,2021-01-12,38011,387970,21807,268015,16204,119955,0,0,24002,242831,0.032019,13960,72303,0.009534,24041,315134,0.041552,7584050
4,2021-01-13,38381,426351,18899,286914,19482,139437,0,0,27202,258932,0.034142,11126,83429,0.011001,27227,342361,0.045142,7584050
4,2021-01-14,38857,465208,14843,301757,24014,163451,0,0,31820,283790,0.037419,6989,90418,0.011922,31847,374208,0.049341,7584050
4,2021-01-15,45034,510242,15587,317344,29447,192898,0,0,39523,317877,0.041914,5456,95874,0.012642,39543,413751,0.054555,7584050
4,2021-01-16,28511,538753,9333,326677,19178,212076,0,0,25411,340238,0.044862,3064,98938,0.013046,25425,439176,0.057908,7584050
4,2021-01-17,18938,557691,6645,333322,12293,224369,0,0,17429,356197,0.046967,1484,100422,0.013241,17443,456619,0.060208,7584050
4,2021-01-18,29123,586814,13368,346690,15755,240124,0,0,23177,373558,0.049256,5848,106270,0.014012,23209,479828,0.063268,7584050
4,2021-01-19,45989,632803,23187,369877,22802,262926,0,0,36693,401081,0.052885,9241,115511,0.015231,36764,516592,0.068116,7584050
4,2021-01-20,51491,684294,27317,397194,24174,287100,0,0,41103,431941,0.056954,10293,125804,0.016588,41153,557745,0.073542,7584050
4,2021-01-21,56202,740496,24851,422045,31351,318451,0,0,49839,475518,0.0627,6304,132108,0.017419,49881,607626,0.080119,7584050
4,2021-01-22,54777,795273,22014,444059,32763,351214,0,0,49711,520288,0.068603,4971,137079,0.018075,49741,657367,0.086678,7584050
4,2021-01-23,39364,834637,17403,461462,21961,373175,0,0,35074,551108,0.072667,4282,141361,0.018639,35102,692469,0.091306,7584050
4,2021-01-24,23890,858527,10495,471957,13395,386570,0,0,22024,571289,0.075328,1858,143219,0.018884,22039,714508,0.094212,7584050
4,2021-01-25,47544,906071,21959,493916,25585,412155,0,0,36557,596942,0.07871,10958,154177,0.020329,36611,751119,0.099039,7584050
4,2021-01-26,56179,962250,28661,522577,27518,439673,0,0,44122,629119,0.082953,12002,166179,0.021912,44179,795298,0.104865,7584050
4,2021-01-27,55141,1017391,26672,549249,28469,468142,0,0,44212,662588,0.087366,10793,176972,0.023335,44262,839560,0.110701,7584050
4,2021-01-28,56036,1073427,25292,574541,30744,498886,0,0,46198,699079,0.092178,9748,186720,0.02462,46239,885799,0.116798,7584050
4,2021-01-29,55996,1129423,26925,601466,29071,527957,0,0,45753,734758,0.096882,10101,196821,0.025952,45780,931579,0.122834,7584050
4,2021-01-30,37464,1166887,17064,618530,20400,548357,0,0,32232,761826,0.100451,5187,202008,0.026636,32255,963834,0.127087,7584050
4,2021-01-31,23781,1190668,12497,631027,11284,559641,0,0,22186,782446,0.10317,1579,203587,0.026844,22199,986033,0.130014,7584050
4,2021-02-01,48128,1238796,22695,653722,25433,585074,0,0,37880,810146,0.106822,10221,213808,0.028192,37921,1023954,0.135014,7584050
4,2021-02-02,55810,1294606,26324,680046,29486,614560,0,0,42138,838786,0.110599,13539,227347,0.029977,42179,1066133,0.140576,7584050
4,2021-02-03,61707,1356313,30331,710377,31376,645936,0,0,47551,872344,0.115024,14049,241396,0.031829,47607,1113740,0.146853,7584050
4,2021-02-04,67225,1423538,31362,741739,35863,681799,0,0,50614,906605,0.119541,16455,257851,0.033999,50716,1164456,0.15354,7584050
4,2021-02-05,72595,1496133,33635,775374,38960,720759,0,0,50721,935822,0.123393,21634,279485,0.036852,50851,1215307,0.160245,7584050
4,2021-02-06,47949,1544082,25959,801333,21990,742749,0,0,36536,961173,0.126736,11385,290870,0.038353,36736,1252043,0.165089,7584050
4,2021-02-07,26238,1570320,17311,818644,8927,751676,0,0,19883,974970,0.128555,6322,297192,0.039186,20119,1272162,0.167742,7584050
4,2021-02-08,58073,1628393,29806,848450,28267,779943,0,0,37835,992953,0.130926,20107,317299,0.041838,38090,1310252,0.172764,7584050
4,2021-02-09,66766,1695159,34003,882453,32763,812706,0,0,39270,1005189,0.13254,27432,344731,0.045455,39668,1349920,0.177995,7584050
4,2021-02-10,76826,1771985,38469,920922,38357,851063,0,0,40847,1010823,0.133283,35747,380478,0.050168,41381,1391301,0.183451,7584050
4,2021-02-11,80552,1852537,41997,962919,38555,889618,0,0,41776,1014693,0.133793,38564,419042,0.055253,42434,1433735,0.189046,7584050
4,2021-02-12,83724,1936261,37508,1000427,46216,935834,0,0,43234,1018388,0.13428,40319,459361,0.060569,44014,1477749,0.19485,7584050
4,2021-02-13,58265,1994526,29540,1029967,28725,964559,0,0,29786,1020695,0.134584,28368,487729,0.06431,30675,1508424,0.198894,7584050
4,2021-02-14,36611,2031137,19029,1048996,17582,982141,0,0,18814,1022422,0.134812,17757,505486,0.066651,19484,1527908,0.201463,7584050
4,2021-02-15,45790,2076927,21478,1070474,24312,1006453,0,0,23594,1025078,0.135162,22130,527616,0.069569,24786,1552694,0.204732,7584050
4,2021-02-16,79329,2156256,36289,1106763,43040,1049493,0,0,40580,1028254,0.135581,38659,566275,0.074667,41835,1594529,0.210248,7584050
4,2021-02-17,80511,2236767,37886,1144649,42625,1092118,0,0,38479,1026017,0.135286,41881,608156,0.080189,39644,1634173,0.215475,7584050
4,2021-02-18,82457,2319224,45363,1190012,37094,1129212,0,0,38358,1021913,0.134745,43961,652117,0.085985,39857,1674030,0.22073,7584050
4,2021-02-19,81530,2400754,51293,1241305,30237,1159449,0,0,40953,1023116,0.134904,40444,692561,0.091318,41647,1715677,0.226222,7584050
4,2021-02-20,48129,2448883,32122,1273427,16007,1175456,0,0,26366,1028462,0.135609,21713,714274,0.094181,27059,1742736,0.22979,7584050
4,2021-02-21,25680,2474563,20084,1293511,5596,1181052,0,0,11653,1026464,0.135345,13970,728244,0.096023,11972,1754708,0.231368,7584050
4,2021-02-22,52106,2526669,35854,1329365,16252,1197304,0,0,25367,1025679,0.135242,26657,754901,0.099538,25872,1780580,0.23478,7584050
4,2021-02-23,72269,2598938,39846,1369211,32423,1229727,0,0,31818,1018878,0.134345,40343,795244,0.104857,33542,1814122,0.239202,7584050
4,2021-02-24,87508,2686446,46068,1415279,41440,1271167,0,0,39760,1013248,0.133602,47564,842808,0.111129,41934,1856056,0.244732,7584050
4,2021-02-25,97620,2784066,50669,1465948,46951,1318118,0,0,46835,1012024,0.133441,50643,893451,0.117807,49419,1905475,0.251248,7584050
4,2021-02-26,103870,2887936,52344,1518292,51526,1369644,0,0,53736,1018175,0.134252,49921,943372,0.124389,56072,1961547,0.258641,7584050
4,2021-02-27,74668,2962604,40369,1558661,34293,1403937,6,6,39943,1024991,0.135151,34611,977983,0.128953,41427,2002974,0.264103,7584050
4,2021-02-28,44898,3007502,27816,1586477,17081,1421018,1,7,25025,1031206,0.13597,19748,997731,0.131556,25963,2028937,0.267527,7584050
4,2021-03-01,74443,3081945,43482,1629959,30948,1451966,13,20,41226,1040670,0.137218,33025,1030756,0.135911,42489,2071426,0.273129,7584050
4,2021-03-02,80457,3162402,44882,1674841,35571,1487537,4,24,47180,1056565,0.139314,33137,1063893,0.14028,49032,2120458,0.279594,7584050
4,2021-03-03,97874,3260276,51650,1726491,46213,1533750,11,35,54451,1069611,0.141034,43246,1107139,0.145983,56292,2176750,0.287017,7584050
4,2021-03-04,95401,3355677,52924,1779415,42464,1576214,13,48,52417,1081062,0.142544,42797,1149936,0.151626,54248,2230998,0.29417,7584050
4,2021-03-05,92273,3447950,49346,1828761,42617,1618831,310,358,54657,1100542,0.145113,37451,1187387,0.156564,56931,2287929,0.301676,7584050
4,2021-03-06,74802,3522752,41907,1870668,30294,1649125,2601,2959,45773,1121429,0.147867,28934,1216321,0.160379,49821,2337750,0.308246,7584050
4,2021-03-07,41347,3564099,26215,1896883,13980,1663105,1152,4111,24543,1131633,0.149212,16750,1233071,0.162587,26954,2364704,0.3118,7584050
4,2021-03-08,64974,3629073,33697,1930580,28111,1691216,3166,7277,42703,1156682,0.152515,22168,1255239,0.16551,47217,2411921,0.318025,7584050
4,2021-03-09,73615,3702688,34085,1964665,34443,1725659,5087,12364,38174,1165977,0.153741,35300,1290539,0.170165,44595,2456516,0.323906,7584050
4,2021-03-10,87927,3790615,44624,2009289,35957,1761616,7346,19710,44067,1174880,0.154915,43713,1334252,0.175929,52616,2509132,0.330843,7584050
4,2021-03-11,99528,3890143,52331,2061620,38874,1800490,8323,28033,46145,1177474,0.155257,53196,1387448,0.182943,55790,2564922,0.3382,7584050
4,2021-03-12,103240,3993383,50870,2112490,42190,1842680,10180,38213,44238,1174054,0.154806,58794,1446242,0.190695,55374,2620296,0.345501,7584050
4,2021-03-13,79744,4073127,37082,2149572,34354,1877034,8308,46521,37528,1178952,0.155452,42104,1488346,0.196247,47002,2667298,0.351698,7584050
4,2021-03-14,48980,4122107,27894,2177466,17509,1894543,3577,50098,25146,1184562,0.156191,23761,1512107,0.19938,29371,2696669,0.355571,7584050
4,2021-03-15,82867,4204974,44368,2221834,34307,1928850,4192,54290,42836,1192599,0.157251,39840,1551947,0.204633,47877,2744546,0.361884,7584050
4,2021-03-16,106511,4311485,55290,2277124,47871,1976721,3350,57640,57311,1205119,0.158902,48997,1600944,0.211094,61517,2806063,0.369995,7584050
4,2021-03-17,104967,4416452,56449,2333573,45138,2021859,3380,61020,61963,1228288,0.161957,42797,1643741,0.216737,65966,2872029,0.378693,7584050
4,2021-03-18,104981,4521433,58014,2391587,43363,2065222,3604,64624,60460,1248576,0.164632,44297,1688038,0.222577,64585,2936614,0.387209,7584050
4,2021-03-19,109070,4630503,62412,2453999,41563,2106785,5095,69719,63262,1271857,0.167702,45606,1733644,0.228591,68887,3005501,0.396292,7584050
4,2021-03-20,82223,4712726,48039,2502038,31241,2138026,2943,72662,51448,1296010,0.170886,30664,1764308,0.232634,54817,3060318,0.40352,7584050
4,2021-03-21,47274,4760000,34214,2536252,10835,2148861,2225,74887,28883,1309601,0.172678,18305,1782613,0.235048,31896,3092214,0.407726,7584050
4,2021-03-22,80723,4840723,52789,2589041,25301,2174162,2633,77520,51524,1335674,0.176116,29021,1811634,0.238874,55094,3147308,0.41499,7584050
4,2021-03-23,102961,4943684,61395,2650436,39493,2213655,2073,79593,64507,1364606,0.179931,38217,1849851,0.243913,67149,3214457,0.423844,7584050
4,2021-03-24,112018,5055702,72408,2722844,37319,2250974,2291,81884,64419,1384752,0.182587,47219,1897070,0.250139,67365,3281822,0.432727,7584050
4,2021-03-25,115137,5170839,70892,2793736,41950,2292924,2295,84179,67058,1406915,0.18551,47675,1944745,0.256426,69838,3351660,0.441935,7584050
4,2021-03-26,117889,5288728,71516,2865252,43384,2336308,2989,87168,66158,1425268,0.18793,51435,1996180,0.263208,69788,3421448,0.451137,7584050
4,2021-03-27,90037,5378765,53307,2918559,34952,2371260,1778,88946,46896,1431469,0.188747,42954,2039134,0.268871,49155,3470603,0.457619,7584050
4,2021-03-28,54876,5433641,36111,2954670,17899,2389159,866,89812,30704,1439304,0.18978,24056,2063190,0.272043,31891,3502494,0.461824,7584050
4,2021-03-29,92253,5525894,55443,3010113,34796,2423955,2014,91826,51567,1452925,0.191576,40505,2103695,0.277384,54126,3556620,0.468961,7584050
4,2021-03-30,115732,5641626,63071,3073184,48590,2472545,4071,95897,74056,1490006,0.196466,41499,2145194,0.282856,78580,3635200,0.479322,7584050
4,2021-03-31,119280,5760906,70540,3143724,42568,2515113,6172,102069,69093,1515565,0.199836,49936,2195130,0.28944,75495,3710695,0.489276,7584050
4,2021-04-01,139757,5900663,79911,3223635,47072,2562185,12774,114843,82995,1555110,0.20505,56499,2251629,0.29689,96044,3806739,0.50194,7584050
4,2021-04-02,134224,6034887,71989,3295624,49188,2611373,13047,127890,78172,1590885,0.209767,55835,2307464,0.304252,91610,3898349,0.514019,7584050
4,2021-04-03,99585,6134472,53185,3348809,33362,2644735,13038,140928,52236,1609313,0.212197,47201,2354665,0.310476,65629,3963978,0.522673,7584050
4,2021-04-04,46357,6180829,24483,3373292,14481,2659216,7393,148321,20557,1611603,0.212499,25730,2380395,0.313869,28020,3991998,0.526368,7584050
4,2021-04-05,108074,6288903,60978,3434270,34558,2693774,12538,160859,56839,1630543,0.214996,51079,2431474,0.320604,70019,4062017,0.5356,7584050
4,2021-04-06,137210,6426113,77471,3511741,40236,2734010,19503,180362,71785,1657368,0.218533,65238,2496712,0.329206,92063,4154080,0.547739,7584050
4,2021-04-07,135620,6561733,77110,3588851,38117,2772127,20393,200755,70659,1684215,0.222073,64762,2561474,0.337745,91609,4245689,0.559818,7584050
4,2021-04-08,137896,6699629,77194,3666045,35643,2807770,25059,225814,68840,1709984,0.225471,68832,2630306,0.346821,94601,4340290,0.572292,7584050
4,2021-04-09,135136,6834765,74259,3740304,38337,2846107,22540,248354,64925,1728535,0.227917,70042,2700348,0.356056,88593,4428883,0.583973,7584050
4,2021-04-10,101692,6936457,50341,3790645,32953,2879060,18398,266752,46172,1738868,0.22928,55358,2755706,0.363355,65691,4494574,0.592635,7584050
4,2021-04-11,61597,6998054,37490,3828135,13043,2892103,11064,277816,27107,1743848,0.229936,34416,2790122,0.367893,39396,4533970,0.59783,7584050
4,2021-04-12,101140,7099194,61664,3889799,29739,2921842,9737,287553,51361,1756627,0.231621,49544,2839666,0.374426,62323,4596293,0.606047,7584050
4,2021-04-13,128562,7227756,80556,3970355,47854,2969696,152,287705,77232,1784019,0.235233,51114,2890780,0.381166,78506,4674799,0.616399,7584050
4,2021-04-14,133267,7361023,84948,4055303,48251,3017947,68,287773,74388,1801529,0.237542,58631,2949411,0.388897,76141,4750940,0.626438,7584050
4,2021-04-15,153259,7514282,102236,4157539,50993,3068940,30,287803,94790,1839402,0.242536,58186,3007597,0.396569,96059,4846999,0.639104,7584050
4,2021-04-16,140815,7655097,89643,4247182,51099,3120039,73,287876,82590,1864942,0.245903,57984,3065581,0.404214,83524,4930523,0.650117,7584050
4,2021-04-17,98622,7753719,62484,4309666,36130,3156169,8,287884,57979,1883841,0.248395,40442,3106023,0.409547,59341,4989864,0.657942,7584050
4,2021-04-18,53245,7806964,35683,4345349,17559,3173728,3,287887,30452,1892722,0.249566,22694,3128717,0.412539,31575,5021439,0.662105,7584050
4,2021-04-19,99150,7906114,65519,4410868,33619,3207347,12,287899,50941,1896619,0.25008,48033,3176750,0.418873,51930,5073369,0.668952,7584050
4,2021-04-20,126168,8032282,73926,4484794,52237,3259584,5,287904,66354,1905003,0.251185,59561,3236311,0.426726,67945,5141314,0.677911,7584050
4,2021-04-21,126240,8158522,81045,4565839,45146,3304730,49,287953,63907,1908435,0.251638,62081,3298392,0.434912,65513,5206827,0.68655,7584050
4,2021-04-22,135503,8294025,89142,4654981,46343,3351073,18,287971,60798,1896992,0.250129,74429,3372821,0.444726,62986,5269813,0.694855,7584050
4,2021-04-23,129361,8423386,83818,4738799,45521,3396594,22,287993,56338,1885009,0.248549,72746,3445567,0.454318,60763,5330576,0.702867,7584050
4,2021-04-24,96167,8519553,65254,4804053,30861,3427455,52,288045,44305,1880277,0.247925,51636,3497203,0.461126,46904,5377480,0.709051,7584050
4,2021-04-25,48741,8568294,34623,4838676,14095,3441550,23,288068,25585,1883607,0.248364,23053,3520256,0.464166,26383,5403863,0.71253,7584050
4,2021-04-26,79601,8647895,52420,4891096,26822,3468372,359,288427,31110,1869546,0.24651,48285,3568541,0.470532,34224,5438087,0.717043,7584050
4,2021-04-27,101618,8749513,62107,4953203,37738,3506110,1773,290200,36572,1846266,0.243441,64796,3633337,0.479076,41516,5479603,0.722517,7584050
4,2021-04-28,98333,8847846,63646,5016849,32233,3538343,2454,292654,35106,1822905,0.24036,63010,3696347,0.487384,39649,5519252,0.727745,7584050
4,2021-04-29,99857,8947703,63228,5080077,34156,3572499,2473,295127,31104,1790954,0.236147,68504,3764851,0.496417,36553,5555805,0.732564,7584050
4,2021-04-30,100177,9047880,63039,5143116,34552,3607051,2586,297713,34154,1763843,0.232573,65751,3830602,0.505087,38640,5594445,0.737659,7584050
4,2021-05-01,67593,9115473,45026,5188142,20847,3627898,1720,299433,19666,1738630,0.229248,47777,3878379,0.511386,22564,5617009,0.740634,7584050
4,2021-05-02,36761,9152234,25983,5214125,9535,3637433,1243,300676,10470,1724414,0.227374,26196,3904575,0.51484,11980,5628989,0.742214,7584050
4,2021-05-03,76283,9228517,53221,5267346,20669,3658102,2393,303069,18894,1689284,0.222742,57203,3961778,0.522383,22073,5651062,0.745125,7584050
4,2021-05-04,96217,9324734,65231,5332577,28340,3686442,2646,305715,21487,1640173,0.216266,74516,4036294,0.532208,25405,5676467,0.748474,7584050
4,2021-05-05,72900,9397634,52746,5385323,18911,3705353,1243,306958,14521,1598716,0.2108,58187,4094481,0.539881,16730,5693197,0.75068,7584050
4,2021-05-06,67582,9465216,50501,5435824,15803,3721156,1278,308236,10868,1555620,0.205117,56514,4150995,0.547332,13418,5706615,0.75245,7584050
4,2021-05-07,54374,9519590,40014,5475838,13447,3734603,913,309149,9336,1522363,0.200732,44898,4195893,0.553252,11641,5718256,0.753984,7584050
