vemquartile,administered_date,total_doses,cumulative_total_doses,pfizer_doses,cumulative_pfizer_doses,moderna_doses,cumulative_moderna_doses,jj_doses,cumulative_jj_doses,partially_vaccinated,total_partially_vaccinated,pct_age12pop_partially_vaccinated,fully_vaccinated,cumulative_fully_vaccinated,pct_age12pop_fully_vaccinated,at_least_one_dose,cumulative_at_least_one_dose,pct_age12pop_at_least_one_dose,age12_population
1,2020-12-15,154,154,154,154,0,0,0,0,154,154,1.8e-05,0,0,0.0,154,154,1.8e-05,8700223
1,2020-12-16,1226,1380,1226,1380,0,0,0,0,1226,1380,0.000159,0,0,0.0,1226,1380,0.000159,8700223
1,2020-12-17,4180,5560,4180,5560,0,0,0,0,4181,5561,0.000639,0,0,0.0,4181,5561,0.000639,8700223
1,2020-12-18,6376,11936,6353,11913,23,23,0,0,6378,11938,0.001372,1,1,0.0,6378,11939,0.001372,8700223
1,2020-12-19,2876,14812,2873,14786,3,26,0,0,2875,14812,0.001702,1,2,0.0,2875,14814,0.001703,8700223
1,2020-12-20,2126,16938,2117,16903,9,35,0,0,2127,16939,0.001947,0,2,0.0,2127,16941,0.001947,8700223
1,2020-12-21,7649,24587,7628,24531,21,56,0,0,7698,24637,0.002832,1,3,0.0,7699,24640,0.002832,8700223
1,2020-12-22,7310,31897,6968,31499,342,398,0,0,7311,31946,0.003672,2,5,1e-06,7311,31951,0.003672,8700223
1,2020-12-23,7835,39732,6578,38077,1257,1655,0,0,7830,39775,0.004572,2,7,1e-06,7831,39782,0.004573,8700223
1,2020-12-24,3300,43032,2360,40437,940,2595,0,0,3302,43077,0.004951,0,7,1e-06,3302,43084,0.004952,8700223
1,2020-12-25,237,43269,153,40590,84,2679,0,0,237,43314,0.004978,0,7,1e-06,237,43321,0.004979,8700223
1,2020-12-26,1362,44631,970,41560,392,3071,0,0,1361,44674,0.005135,1,8,1e-06,1361,44682,0.005136,8700223
1,2020-12-27,872,45503,539,42099,333,3404,0,0,872,45545,0.005235,1,9,1e-06,872,45554,0.005236,8700223
1,2020-12-28,7095,52598,4754,46853,2341,5745,0,0,7093,52638,0.00605,0,9,1e-06,7093,52647,0.006051,8700223
1,2020-12-29,8903,61501,4979,51832,3924,9669,0,0,8900,61536,0.007073,2,11,1e-06,8900,61547,0.007074,8700223
1,2020-12-30,11571,73072,6441,58273,5130,14799,0,0,11571,73107,0.008403,0,11,1e-06,11571,73118,0.008404,8700223
1,2020-12-31,5981,79053,1954,60227,4027,18826,0,0,5979,79083,0.00909,4,15,2e-06,5980,79098,0.009091,8700223
1,2021-01-01,586,79639,222,60449,364,19190,0,0,584,79665,0.009157,2,17,2e-06,584,79682,0.009159,8700223
1,2021-01-02,2914,82553,1765,62214,1149,20339,0,0,2914,82579,0.009492,0,17,2e-06,2914,82596,0.009494,8700223
1,2021-01-03,1039,83592,550,62764,489,20828,0,0,1037,83613,0.00961,3,20,2e-06,1037,83633,0.009613,8700223
1,2021-01-04,7381,90973,3586,66350,3795,24623,0,0,7385,90997,0.010459,1,21,2e-06,7385,91018,0.010462,8700223
1,2021-01-05,10872,101845,5250,71600,5622,30245,0,0,10076,100317,0.01153,778,799,9.2e-05,10098,101116,0.011622,8700223
1,2021-01-06,14075,115920,7063,78663,7012,37257,0,0,12155,110601,0.012712,1884,2683,0.000308,12168,113284,0.013021,8700223
1,2021-01-07,17530,133450,9168,87831,8362,45619,0,0,13013,119199,0.013701,4425,7108,0.000817,13023,126307,0.014518,8700223
1,2021-01-08,20193,153643,10495,98326,9698,55317,0,0,14246,127524,0.014658,5930,13038,0.001499,14255,140562,0.016156,8700223
1,2021-01-09,6688,160331,3398,101724,3290,58607,0,0,4833,130508,0.015001,1852,14890,0.001711,4836,145398,0.016712,8700223
1,2021-01-10,3095,163426,1766,103490,1329,59936,0,0,1907,131232,0.015084,1184,16074,0.001848,1908,147306,0.016931,8700223
1,2021-01-11,18074,181500,11845,115335,6229,66165,0,0,11533,136277,0.015664,6531,22605,0.002598,11576,158882,0.018262,8700223
1,2021-01-12,19125,200625,10958,126293,8167,74332,0,0,13135,143490,0.016493,5963,28568,0.003284,13176,172058,0.019776,8700223
1,2021-01-13,19850,220475,10745,137038,9105,83437,0,0,14688,153055,0.017592,5141,33709,0.003874,14706,186764,0.021467,8700223
1,2021-01-14,22036,242511,9453,146491,12583,96020,0,0,19283,169698,0.019505,2699,36408,0.004185,19342,206106,0.02369,8700223
1,2021-01-15,25196,267707,9247,155738,15949,111969,0,0,23250,191101,0.021965,1908,38316,0.004404,23311,229417,0.026369,8700223
1,2021-01-16,13875,281582,4531,160269,9344,121313,0,0,13005,203242,0.023361,867,39183,0.004504,13008,242425,0.027864,8700223
1,2021-01-17,5221,286803,2038,162307,3183,124496,0,0,4853,207730,0.023876,368,39551,0.004546,4856,247281,0.028422,8700223
1,2021-01-18,14336,301139,8607,170914,5729,130225,0,0,11154,215770,0.024801,3169,42720,0.00491,11209,258490,0.029711,8700223
1,2021-01-19,24686,325825,12764,183678,11922,142147,0,0,19530,230218,0.026461,5136,47856,0.005501,19584,278074,0.031962,8700223
1,2021-01-20,29443,355268,14723,198401,14720,156867,0,0,23523,247937,0.028498,5843,53699,0.006172,23562,301636,0.03467,8700223
1,2021-01-21,31227,386495,14656,213057,16571,173438,0,0,27953,272777,0.031353,3208,56907,0.006541,28048,329684,0.037894,8700223
1,2021-01-22,28397,414892,11284,224341,17113,190551,0,0,26325,297129,0.034152,2006,58913,0.006771,26358,356042,0.040923,8700223
1,2021-01-23,18732,433624,8196,232537,10536,201087,0,0,16772,311980,0.035859,1931,60844,0.006993,16782,372824,0.042852,8700223
1,2021-01-24,6685,440309,4158,236695,2527,203614,0,0,6026,317358,0.036477,654,61498,0.007069,6032,378856,0.043546,8700223
1,2021-01-25,25446,465755,10491,247186,14955,218569,0,0,19654,331374,0.038088,5745,67243,0.007729,19761,398617,0.045817,8700223
1,2021-01-26,28826,494581,13485,260671,15341,233910,0,0,22132,346895,0.039872,6632,73875,0.008491,22153,420770,0.048363,8700223
1,2021-01-27,32680,527261,15560,276231,17120,251030,0,0,24557,363430,0.041772,8056,81931,0.009417,24591,445361,0.05119,8700223
1,2021-01-28,35007,562268,16418,292649,18589,269619,0,0,28037,384633,0.04421,6901,88832,0.01021,28104,473465,0.05442,8700223
1,2021-01-29,33692,595960,16456,309105,17236,286855,0,0,27102,405329,0.046588,6445,95277,0.010951,27141,500606,0.057539,8700223
1,2021-01-30,20206,616166,8743,317848,11463,298318,0,0,18069,421302,0.048424,2107,97384,0.011193,18080,518686,0.059618,8700223
1,2021-01-31,7651,623817,4974,322822,2677,300995,0,0,6938,427534,0.049141,709,98093,0.011275,6941,525627,0.060415,8700223
1,2021-02-01,29025,652842,12541,335363,16484,317479,0,0,21183,440930,0.05068,7792,105885,0.01217,21188,546815,0.062851,8700223
1,2021-02-02,32762,685604,11832,347195,20930,338409,0,0,24492,457271,0.052559,8188,114073,0.013112,24529,571344,0.06567,8700223
1,2021-02-03,39692,725296,15271,362466,24421,362830,0,0,28581,474946,0.05459,10943,125016,0.014369,28618,599962,0.068959,8700223
1,2021-02-04,44053,769349,17143,379609,26910,389740,0,0,31760,494585,0.056847,12170,137186,0.015768,31809,631771,0.072615,8700223
1,2021-02-05,46800,816149,17168,396777,29632,419372,0,0,30667,509323,0.058541,15982,153168,0.017605,30720,662491,0.076146,8700223
1,2021-02-06,26546,842695,10487,407264,16059,435431,0,0,20628,524097,0.060239,5870,159038,0.01828,20644,683135,0.078519,8700223
1,2021-02-07,6269,848964,4032,411296,2237,437668,0,0,4622,527110,0.060586,1627,160665,0.018467,4640,687775,0.079053,8700223
1,2021-02-08,31622,880586,14437,425733,17185,454853,0,0,21070,537820,0.061817,10457,171122,0.019669,21167,708942,0.081485,8700223
1,2021-02-09,38480,919066,16880,442613,21600,476453,0,0,23689,546881,0.062858,14707,185829,0.021359,23768,732710,0.084217,8700223
1,2021-02-10,47248,966314,22152,464765,25096,501549,0,0,26856,553549,0.063625,20267,206096,0.023689,26935,759645,0.087313,8700223
1,2021-02-11,51797,1018111,25432,490197,26365,527914,0,0,30913,563999,0.064826,20567,226663,0.026053,31017,790662,0.090878,8700223
1,2021-02-12,50025,1068136,21525,511722,28500,556414,0,0,28693,571656,0.065706,21175,247838,0.028486,28832,819494,0.094192,8700223
1,2021-02-13,26383,1094519,11533,523255,14850,571264,0,0,15262,575944,0.066199,11050,258888,0.029756,15338,834832,0.095955,8700223
1,2021-02-14,11784,1106303,5559,528814,6225,577489,0,0,6706,577668,0.066397,5047,263935,0.030337,6771,841603,0.096733,8700223
1,2021-02-15,23907,1130210,9387,538201,14520,592009,0,0,14548,583096,0.067021,9235,273170,0.031398,14663,856266,0.098419,8700223
1,2021-02-16,47170,1177380,22518,560719,24652,616661,0,0,27530,591181,0.06795,19557,292727,0.033646,27642,883908,0.101596,8700223
1,2021-02-17,48516,1225896,24574,585293,23942,640603,0,0,26122,595212,0.068413,22239,314966,0.036202,26270,910178,0.104615,8700223
1,2021-02-18,51173,1277069,25598,610891,25575,666178,0,0,26501,597517,0.068678,24429,339395,0.03901,26734,936912,0.107688,8700223
1,2021-02-19,46616,1323685,25288,636179,21328,687506,0,0,26091,603302,0.069343,20369,359764,0.041351,26154,963066,0.110694,8700223
1,2021-02-20,27651,1351336,16850,653029,10801,698307,0,0,15774,607340,0.069807,11814,371578,0.042709,15852,978918,0.112516,8700223
1,2021-02-21,12356,1363692,10639,663668,1717,700024,0,0,7427,609947,0.070107,4869,376447,0.043269,7476,986394,0.113376,8700223
1,2021-02-22,31584,1395276,20801,684469,10783,710807,0,0,18164,614888,0.070675,13324,389771,0.0448,18265,1004659,0.115475,8700223
1,2021-02-23,45694,1440970,22139,706608,23555,734362,0,0,25076,620001,0.071263,20326,410097,0.047136,25439,1030098,0.118399,8700223
1,2021-02-24,55770,1496740,26934,733542,28836,763198,0,0,30674,626239,0.07198,24889,434986,0.049997,31127,1061225,0.121977,8700223
1,2021-02-25,68415,1565155,33232,766774,35183,798381,0,0,42289,643072,0.073914,25956,460942,0.05298,42789,1104014,0.126895,8700223
1,2021-02-26,76409,1641564,35812,802586,40597,838978,0,0,49904,667190,0.076687,26263,487205,0.055999,50381,1154395,0.132686,8700223
1,2021-02-27,52601,1694165,24154,826740,28438,867416,9,9,34492,683993,0.078618,17964,505169,0.058064,34767,1189162,0.136682,8700223
1,2021-02-28,20151,1714316,11957,838697,8192,875608,2,11,14762,693596,0.079722,5301,510470,0.058673,14904,1204066,0.138395,8700223
1,2021-03-01,45761,1760077,21183,859880,24530,900138,48,59,29372,707045,0.081267,16209,526679,0.060536,29658,1233724,0.141804,8700223
1,2021-03-02,63863,1823940,27661,887541,36193,936331,9,68,40660,725311,0.083367,23022,549701,0.063182,41288,1275012,0.146549,8700223
1,2021-03-03,70438,1894378,33741,921282,36671,973002,26,94,43103,741859,0.085269,27173,576874,0.066306,43721,1318733,0.151575,8700223
1,2021-03-04,78669,1973047,37167,958449,41466,1014468,36,130,50754,765433,0.087979,27726,604600,0.069492,51300,1370033,0.157471,8700223
1,2021-03-05,78004,2051051,35365,993814,42432,1056900,207,337,52257,793020,0.091149,25502,630102,0.072424,53089,1423122,0.163573,8700223
1,2021-03-06,57498,2108549,27493,1021307,28653,1085553,1352,1689,39110,815534,0.093737,18308,648410,0.074528,40822,1463944,0.168265,8700223
1,2021-03-07,20941,2129490,13031,1034338,6721,1092274,1189,2878,15501,827064,0.095062,5413,653823,0.07515,16943,1480887,0.170213,8700223
1,2021-03-08,45987,2175477,22479,1056817,21550,1113824,1958,4836,32216,847909,0.097458,13665,667488,0.076721,34510,1515397,0.174179,8700223
1,2021-03-09,66669,2242146,32246,1089063,31917,1145741,2506,7342,40999,866236,0.099565,25516,693004,0.079654,43843,1559240,0.179218,8700223
1,2021-03-10,73658,2315804,36687,1125750,32483,1178224,4488,11830,45324,888188,0.102088,28225,721229,0.082898,50177,1609417,0.184986,8700223
1,2021-03-11,90123,2405927,41407,1167157,40706,1218930,8010,19840,52468,911691,0.104789,37422,758651,0.087199,60925,1670342,0.191988,8700223
1,2021-03-12,98859,2504786,43573,1210730,42873,1261803,12413,32253,57755,941413,0.108206,40894,799545,0.091899,70616,1740958,0.200105,8700223
1,2021-03-13,65301,2570087,29534,1240264,28094,1289897,7673,39926,41660,967555,0.11121,23508,823053,0.094601,49650,1790608,0.205812,8700223
1,2021-03-14,27900,2597987,14922,1255186,9406,1299303,3572,43498,15625,974736,0.112036,12204,835257,0.096004,19385,1809993,0.20804,8700223
1,2021-03-15,65251,2663238,28778,1283964,29723,1329026,6750,50248,38357,993527,0.114196,26671,861928,0.09907,45462,1855455,0.213265,8700223
1,2021-03-16,85805,2749043,39115,1323079,41049,1370075,5641,55889,53191,1020333,0.117277,32386,894314,0.102792,59192,1914647,0.220069,8700223
1,2021-03-17,93026,2842069,45350,1368429,41137,1411212,6539,62428,59794,1054026,0.121149,32997,927311,0.106585,66690,1981337,0.227734,8700223
1,2021-03-18,98820,2940889,50942,1419371,42157,1453369,5721,68149,59754,1081276,0.124281,38709,966020,0.111034,65959,2047296,0.235315,8700223
1,2021-03-19,103689,3044578,53702,1473073,43686,1497055,6301,74450,60608,1105916,0.127114,42785,1008805,0.115952,67425,2114721,0.243065,8700223
1,2021-03-20,72501,3117079,37283,1510356,30004,1527059,5214,79664,46509,1132117,0.130125,25804,1034609,0.118918,52005,2166726,0.249043,8700223
1,2021-03-21,27248,3144327,19025,1529381,6415,1533474,1808,81472,16970,1140802,0.131123,10184,1044793,0.120088,18869,2185595,0.251211,8700223
1,2021-03-22,59230,3203557,30611,1559992,25331,1558805,3288,84760,39902,1165265,0.133935,19100,1063893,0.122283,43563,2229158,0.256218,8700223
1,2021-03-23,83372,3286929,42435,1602427,37315,1596120,3622,88382,51323,1188869,0.136648,31799,1095692,0.125938,55403,2284561,0.262586,8700223
1,2021-03-24,88279,3375208,44655,1647082,39271,1635391,4353,92735,52793,1210988,0.13919,35193,1130885,0.129983,57312,2341873,0.269174,8700223
1,2021-03-25,97128,3472336,49641,1696723,41653,1677044,5834,98569,53958,1228147,0.141163,42837,1173722,0.134907,59996,2401869,0.27607,8700223
1,2021-03-26,104855,3577191,51123,1747846,47411,1724455,6321,104890,56160,1242600,0.142824,48322,1222044,0.140461,62775,2464644,0.283285,8700223
1,2021-03-27,74238,3651429,38361,1786207,31659,1756114,4218,109108,38130,1249271,0.143591,35876,1257920,0.144585,42547,2507191,0.288175,8700223
1,2021-03-28,32805,3684234,21488,1807695,10099,1766213,1218,110326,16448,1251141,0.143806,16244,1274164,0.146452,18114,2525305,0.290258,8700223
1,2021-03-29,67375,3751609,33479,1841174,30727,1796940,3169,113495,37061,1261477,0.144994,30098,1304262,0.149911,40434,2565739,0.294905,8700223
1,2021-03-30,92278,3843887,45456,1886630,40430,1837370,6392,119887,47385,1270662,0.146049,44674,1348936,0.155046,53859,2619598,0.301096,8700223
1,2021-03-31,101066,3944953,52778,1939408,42080,1879450,6208,126095,55432,1287054,0.147933,45311,1394247,0.160254,61703,2681301,0.308188,8700223
1,2021-04-01,112045,4056998,53630,1993038,49623,1929073,8792,134887,57075,1298429,0.149241,54534,1448781,0.166522,65909,2747210,0.315763,8700223
1,2021-04-02,111430,4168428,51003,2044041,50722,1979795,9705,144592,56481,1310299,0.150605,54519,1503300,0.172789,66389,2813599,0.323394,8700223
1,2021-04-03,78114,4246542,39339,2083380,29136,2008931,9639,154231,36550,1315166,0.151165,41379,1544679,0.177545,46246,2859845,0.328709,8700223
1,2021-04-04,23787,4270329,11835,2095215,8483,2017414,3469,157700,9951,1314806,0.151123,13768,1558447,0.179127,13408,2873253,0.330251,8700223
1,2021-04-05,76440,4346769,36713,2131928,30403,2047817,9324,167024,34280,1316612,0.151331,41952,1600399,0.183949,43758,2917011,0.33528,8700223
1,2021-04-06,103778,4450547,49307,2181235,37870,2085687,16601,183625,46832,1323426,0.152114,56645,1657044,0.19046,63459,2980470,0.342574,8700223
1,2021-04-07,112038,4562585,54459,2235694,40010,2125697,17569,201194,50468,1330224,0.152895,61257,1718301,0.197501,68055,3048525,0.350396,8700223
1,2021-04-08,122519,4685104,58062,2293756,43458,2169155,20999,222193,54124,1337439,0.153725,67965,1786266,0.205313,75180,3123705,0.359037,8700223
1,2021-04-09,123775,4808879,56546,2350302,46391,2215546,20838,243031,54297,1343495,0.154421,69119,1855385,0.213257,75175,3198880,0.367678,8700223
1,2021-04-10,95871,4904750,42625,2392927,30516,2246062,22730,265761,37461,1345457,0.154646,58192,1913577,0.219946,60154,3259034,0.374592,8700223
1,2021-04-11,36682,4941432,20398,2413325,9431,2255493,6853,272614,14855,1345502,0.154651,21763,1935340,0.222447,21808,3280842,0.377099,8700223
1,2021-04-12,74500,5015932,33299,2446624,31200,2286693,10001,282615,31567,1344575,0.154545,42639,1977979,0.227348,41712,3322554,0.381893,8700223
1,2021-04-13,97432,5113364,52179,2498803,44914,2331607,339,282954,52488,1353105,0.155525,44643,2022622,0.232479,53173,3375727,0.388005,8700223
1,2021-04-14,105072,5218436,54471,2553274,50527,2382134,74,283028,53389,1355636,0.155816,51303,2073925,0.238376,53834,3429561,0.394192,8700223
1,2021-04-15,105955,5324391,57533,2610807,48332,2430466,90,283118,56316,1363170,0.156682,49047,2122972,0.244014,56581,3486142,0.400696,8700223
1,2021-04-16,110777,5435168,56791,2667598,53898,2484364,88,283206,55327,1363854,0.156761,54915,2177887,0.250325,55599,3541741,0.407086,8700223
1,2021-04-17,83447,5518615,45311,2712909,38125,2522489,11,283217,46634,1374088,0.157937,36573,2214460,0.254529,46807,3588548,0.412466,8700223
1,2021-04-18,30275,5548890,20446,2733355,9822,2532311,7,283224,15232,1374575,0.157993,14954,2229414,0.256248,15441,3603989,0.414241,8700223
1,2021-04-19,67204,5616094,34040,2767395,33152,2565463,12,283236,30415,1368703,0.157318,36427,2265841,0.260435,30555,3634544,0.417753,8700223
1,2021-04-20,88617,5704711,44640,2812035,43955,2609418,22,283258,41535,1363739,0.156748,46725,2312566,0.265805,41761,3676305,0.422553,8700223
1,2021-04-21,97825,5802536,51038,2863073,46686,2656104,101,283359,43738,1354297,0.155662,53516,2366082,0.271956,44074,3720379,0.427619,8700223
1,2021-04-22,97549,5900085,50974,2914047,46558,2702662,17,283376,44704,1346908,0.154813,52328,2418410,0.277971,44939,3765318,0.432784,8700223
1,2021-04-23,102477,6002562,52953,2967000,49497,2752159,27,283403,48961,1343124,0.154378,52999,2471409,0.284063,49215,3814533,0.438441,8700223
1,2021-04-24,76370,6078932,47363,3014363,28980,2781139,27,283430,43172,1353525,0.155574,33053,2504462,0.287862,43454,3857987,0.443435,8700223
1,2021-04-25,27329,6106261,17426,3031789,9889,2791028,14,283444,15627,1357721,0.156056,11585,2516047,0.289193,15781,3873768,0.445249,8700223
1,2021-04-26,66393,6172654,34823,3066612,31169,2822197,401,283845,31738,1355855,0.155841,34344,2550391,0.293141,32478,3906246,0.448982,8700223
1,2021-04-27,81708,6254362,43452,3110064,36952,2859149,1304,285149,35668,1347428,0.154873,45740,2596131,0.298398,37313,3943559,0.453271,8700223
1,2021-04-28,81446,6335808,43330,3153394,36617,2895766,1499,286648,35909,1339886,0.154006,45181,2641312,0.303591,37639,3981198,0.457597,8700223
1,2021-04-29,84791,6420599,46646,3200040,36523,2932289,1622,288270,34936,1327123,0.152539,49485,2690797,0.309279,36722,4017920,0.461818,8700223
1,2021-04-30,92426,6513025,50111,3250151,40440,2972729,1875,290145,38938,1314965,0.151142,53139,2743936,0.315387,40981,4058901,0.466528,8700223
1,2021-05-01,63033,6576058,40718,3290869,20893,2993622,1422,291567,26576,1306979,0.150224,36200,2780136,0.319548,28214,4087115,0.469771,8700223
1,2021-05-02,23397,6599455,16558,3307427,6260,2999882,579,292146,9457,1303211,0.149791,13831,2793967,0.321137,10063,4097178,0.470928,8700223
1,2021-05-03,56156,6655611,31126,3338553,23193,3023075,1837,293983,20724,1290646,0.148346,35181,2829148,0.325181,22616,4119794,0.473527,8700223
1,2021-05-04,75566,6731177,43493,3382046,29986,3053061,2087,296070,27441,1272442,0.146254,47817,2876965,0.330677,29613,4149407,0.476931,8700223
1,2021-05-05,78020,6809197,45226,3427272,30501,3083562,2293,298363,26587,1250321,0.143711,51082,2928047,0.336548,28961,4178368,0.48026,8700223
1,2021-05-06,79516,6888713,48308,3475580,29039,3112601,2169,300532,24882,1223286,0.140604,54241,2982288,0.342783,27206,4205574,0.483387,8700223
1,2021-05-07,83084,6971797,47284,3522864,33605,3146206,2195,302727,27908,1198731,0.137782,54722,3037010,0.349073,30167,4235741,0.486854,8700223
1,2021-05-08,56842,7028639,35654,3558518,19557,3165763,1631,304358,19437,1182819,0.135953,37072,3074082,0.353334,21160,4256901,0.489286,8700223
1,2021-05-09,18217,7046856,13068,3571586,4670,3170433,479,304837,5561,1176314,0.135205,12579,3086661,0.35478,6074,4262975,0.489985,8700223
1,2021-05-10,43969,7090825,22191,3593777,19968,3190401,1810,306647,14857,1164237,0.133817,28836,3115497,0.358094,16759,4279734,0.491911,8700223
1,2021-05-11,62077,7152902,33672,3627449,26253,3216654,2152,308799,20522,1145756,0.131693,41273,3156770,0.362838,22792,4302526,0.494531,8700223
1,2021-05-12,62464,7215366,33218,3660667,27192,3243846,2054,310853,20504,1126746,0.129508,41636,3198406,0.367623,22626,4325152,0.497131,8700223
1,2021-05-13,66402,7281768,38913,3699580,25501,3269347,1988,312841,25264,1113522,0.127988,40750,3239156,0.372307,27526,4352678,0.500295,8700223
1,2021-05-14,75975,7357743,45807,3745387,27782,3297129,2386,315227,30714,1102041,0.126668,44858,3284014,0.377463,33377,4386055,0.504131,8700223
1,2021-05-15,66114,7423857,43343,3788730,21020,3318149,1751,316978,26294,1090634,0.125357,39518,3323532,0.382005,28111,4414166,0.507362,8700223
1,2021-05-16,24936,7448793,18368,3807098,5948,3324097,620,317598,10179,1086837,0.124921,14643,3338175,0.383688,10846,4425012,0.508609,8700223
1,2021-05-17,54005,7502798,33019,3840117,19222,3343319,1764,319362,22903,1080721,0.124218,30841,3369016,0.387233,24725,4449737,0.511451,8700223
1,2021-05-18,64846,7567644,39066,3879183,23950,3367269,1830,321192,28125,1074318,0.123482,36443,3405459,0.391422,30040,4479777,0.514904,8700223
1,2021-05-19,66206,7633850,40315,3919498,23967,3391236,1924,323116,29567,1069537,0.122932,36354,3441813,0.395601,31573,4511350,0.518533,8700223
1,2021-05-20,64423,7698273,37341,3956839,24875,3416111,2207,325323,26489,1060849,0.121934,37588,3479401,0.399921,28900,4540250,0.521854,8700223
1,2021-05-21,69831,7768104,41762,3998601,26227,3442338,1842,327165,28818,1051000,0.120802,40605,3520006,0.404588,30756,4571006,0.52539,8700223
1,2021-05-22,55866,7823970,36708,4035309,17435,3459773,1723,328888,24305,1045832,0.120207,31292,3551298,0.408185,26124,4597130,0.528392,8700223
1,2021-05-23,20481,7844451,14314,4049623,5581,3465354,586,329474,9490,1045044,0.120117,10887,3562185,0.409436,10099,4607229,0.529553,8700223
1,2021-05-24,43714,7888165,24365,4073988,17514,3482868,1835,331309,17692,1038879,0.119408,25773,3587958,0.412398,19608,4626837,0.531807,8700223
1,2021-05-25,50798,7938963,29225,4103213,19881,3502749,1692,333001,21074,1032304,0.118653,29440,3617398,0.415782,22865,4649702,0.534435,8700223
1,2021-05-26,48430,7987393,27454,4130667,19087,3521836,1889,334890,20510,1027131,0.118058,27619,3645017,0.418957,22446,4672148,0.537015,8700223
1,2021-05-27,46973,8034366,26352,4157019,18708,3540544,1913,336803,20143,1022760,0.117556,26543,3671560,0.422008,22172,4694320,0.539563,8700223
1,2021-05-28,52329,8086695,29159,4186178,21347,3561891,1823,338626,23415,1019539,0.117185,28585,3700145,0.425293,25364,4719684,0.542479,8700223
1,2021-05-29,30658,8117353,18574,4204752,11123,3573014,961,339587,14637,1019327,0.117161,15864,3716009,0.427117,15652,4735336,0.544278,8700223
1,2021-05-30,11671,8129024,7526,4212278,3590,3576604,555,340142,5529,1019364,0.117165,6071,3722080,0.427814,6108,4741444,0.54498,8700223
1,2021-05-31,5727,8134751,3256,4215534,2217,3578821,254,340396,1997,1017955,0.117003,3674,3725754,0.428237,2265,4743709,0.54524,8700223
1,2021-06-01,45842,8180593,25914,4241448,18361,3597182,1567,341963,17382,1008848,0.115957,28130,3753884,0.43147,19023,4762732,0.547426,8700223
1,2021-06-02,39958,8220551,23174,4264622,15277,3612459,1507,343470,16127,1003015,0.115286,23535,3777419,0.434175,17702,4780434,0.549461,8700223
1,2021-06-03,41345,8261896,25891,4290513,13770,3626229,1684,345154,15818,995370,0.114407,25221,3802640,0.437074,17576,4798010,0.551481,8700223
1,2021-06-04,50178,8312074,32082,4322595,16288,3642517,1808,346962,17980,983398,0.113031,31839,3834479,0.440733,19867,4817877,0.553765,8700223
1,2021-06-05,40342,8352416,27509,4350104,10835,3653352,1998,348960,14229,973782,0.111926,25896,3860375,0.44371,16280,4834157,0.555636,8700223
1,2021-06-06,13203,8365619,10563,4360667,2127,3655479,513,349473,4592,970421,0.11154,8526,3868901,0.44469,5165,4839322,0.55623,8700223
1,2021-06-07,33978,8399597,23419,4384086,9212,3664691,1347,350820,12105,962265,0.110602,21660,3890561,0.447179,13504,4852826,0.557782,8700223
1,2021-06-08,42249,8441846,29237,4413323,11361,3676052,1651,352471,14744,951521,0.109367,27230,3917791,0.450309,16486,4869312,0.559677,8700223
1,2021-06-09,42173,8484019,29253,4442576,11273,3687325,1647,354118,13763,938885,0.107915,28103,3945894,0.453539,15467,4884779,0.561454,8700223
1,2021-06-10,39108,8523127,26324,4468900,11084,3698409,1700,355818,13368,928567,0.106729,25490,3971384,0.456469,15172,4899951,0.563198,8700223
1,2021-06-11,43992,8567119,29185,4498085,13124,3711533,1683,357501,15694,918028,0.105518,27993,3999377,0.459687,17454,4917405,0.565204,8700223
1,2021-06-12,33735,8600854,24402,4522487,8134,3719667,1199,358700,11116,908013,0.104367,22400,4021777,0.462261,12385,4929790,0.566628,8700223
1,2021-06-13,11625,8612479,8444,4530931,2701,3722368,480,359180,3387,903744,0.103876,8169,4029946,0.4632,3900,4933690,0.567076,8700223
1,2021-06-14,30924,8643403,20826,4551757,8795,3731163,1303,360483,11592,897533,0.103162,19136,4049082,0.4654,12925,4946615,0.568562,8700223
1,2021-06-15,37228,8680631,24412,4576169,10965,3742128,1851,362334,13809,890135,0.102312,23151,4072233,0.468061,15753,4962368,0.570373,8700223
1,2021-06-16,35416,8716047,23905,4600074,9680,3751808,1831,364165,13269,883413,0.101539,21881,4094114,0.470576,15159,4977527,0.572115,8700223
1,2021-06-17,33570,8749617,22193,4622267,9434,3761242,1943,366108,13112,878347,0.100957,20219,4114333,0.4729,15153,4992680,0.573857,8700223
1,2021-06-18,39619,8789236,25728,4647995,11034,3772276,2857,368965,15425,872774,0.100316,23913,4138246,0.475648,18340,5011020,0.575965,8700223
1,2021-06-19,23991,8813227,16663,4664658,6128,3778404,1200,370165,9795,869773,0.099971,14026,4152272,0.47726,11025,5022045,0.577232,8700223
1,2021-06-20,8152,8821379,5968,4670626,1908,3780312,276,370441,3240,868453,0.09982,4847,4157119,0.477818,3527,5025572,0.577637,8700223
1,2021-06-21,20941,8842320,11855,4682481,6905,3787217,2181,372622,10921,871701,0.100193,9905,4167024,0.478956,13153,5038725,0.579149,8700223
1,2021-06-22,30782,8873102,20090,4702571,8553,3795770,2139,374761,12907,869148,0.0999,17664,4184688,0.480986,15111,5053836,0.580886,8700223
1,2021-06-23,29355,8902457,19699,4722270,7838,3803608,1818,376579,12817,867478,0.099708,16325,4201013,0.482863,14655,5068491,0.58257,8700223
1,2021-06-24,28351,8930808,18901,4741171,7790,3811398,1660,378239,12037,865135,0.099438,16109,4217122,0.484714,13766,5082257,0.584152,8700223
1,2021-06-25,31656,8962464,21460,4762631,8801,3820199,1395,379634,13931,863029,0.099196,17485,4234607,0.486724,15379,5097636,0.58592,8700223
1,2021-06-26,22204,8984668,16469,4779100,4911,3825110,824,380458,9699,861217,0.098988,12385,4246992,0.488147,10573,5108209,0.587135,8700223
1,2021-06-27,9145,8993813,6799,4785899,1914,3827024,432,380890,4056,860696,0.098928,5024,4252016,0.488725,4503,5112712,0.587653,8700223
1,2021-06-28,21065,9014878,15643,4801542,4175,3831199,1247,382137,9758,860633,0.098921,11118,4263134,0.490003,11055,5123767,0.588924,8700223
1,2021-06-29,26540,9041418,18156,4819698,7017,3838216,1367,383504,11688,859073,0.098741,14675,4277809,0.49169,13115,5136882,0.590431,8700223
1,2021-06-30,25839,9067257,17872,4837570,6920,3845136,1047,384551,12285,859141,0.098749,13339,4291148,0.493223,13407,5150289,0.591972,8700223
1,2021-07-01,23590,9090847,16422,4853992,5905,3851041,1263,385814,10925,858891,0.098721,12518,4303666,0.494662,12268,5162557,0.593382,8700223
1,2021-07-02,26307,9117154,18068,4872060,7207,3858248,1032,386846,12298,858484,0.098674,13820,4317486,0.49625,13413,5175970,0.594924,8700223
1,2021-07-03,14572,9131726,10189,4882249,3944,3862192,439,387285,6914,858344,0.098658,7527,4325013,0.497115,7387,5183357,0.595773,8700223
1,2021-07-04,1262,9132988,707,4882956,490,3862682,65,387350,606,858375,0.098661,647,4325660,0.49719,678,5184035,0.595851,8700223
1,2021-07-05,11000,9143988,7583,4890539,3055,3865737,362,387712,5221,858293,0.098652,5710,4331370,0.497846,5628,5189663,0.596498,8700223
1,2021-07-06,27056,9171044,19117,4909656,6809,3872546,1130,388842,10794,854242,0.098186,16077,4347447,0.499694,12026,5201689,0.59788,8700223
1,2021-07-07,23547,9194591,16504,4926160,5920,3878466,1123,389965,10133,852356,0.097969,13229,4360676,0.501214,11343,5213032,0.599184,8700223
1,2021-07-08,22638,9217229,15620,4941780,5938,3884404,1080,391045,9771,850567,0.097764,12731,4373407,0.502678,10942,5223974,0.600441,8700223
1,2021-07-09,26729,9243958,18917,4960697,6662,3891066,1150,392195,12051,849328,0.097621,14503,4387910,0.504345,13264,5237238,0.601966,8700223
1,2021-07-10,17658,9261616,12746,4973443,4155,3895221,757,392952,7855,848312,0.097505,9677,4397587,0.505457,8661,5245899,0.602961,8700223
1,2021-07-11,6740,9268356,4922,4978365,1617,3896838,201,393153,3250,848342,0.097508,3439,4401026,0.505852,3469,5249368,0.60336,8700223
1,2021-07-12,20035,9288391,14379,4992744,4782,3901620,874,394027,8875,847165,0.097373,11022,4412048,0.507119,9845,5259213,0.604492,8700223
1,2021-07-13,22052,9310443,15402,5008146,5860,3907480,790,394817,10313,846756,0.097326,11599,4423647,0.508452,11190,5270403,0.605778,8700223
1,2021-07-14,22024,9332467,15107,5023253,5947,3913427,970,395787,9899,845775,0.097213,11965,4435612,0.509827,10984,5281387,0.60704,8700223
1,2021-07-15,21425,9353892,15251,5038504,5455,3918882,719,396506,10300,845915,0.097229,10983,4446595,0.51109,11123,5292510,0.608319,8700223
1,2021-07-16,26349,9380241,18429,5056933,6942,3925824,978,397484,12993,846782,0.097329,13192,4459787,0.512606,14059,5306569,0.609935,8700223
1,2021-07-17,18001,9398242,12932,5069865,4372,3930196,697,398181,8814,847259,0.097384,9068,4468855,0.513648,9545,5316114,0.611032,8700223
1,2021-07-18,7103,9405345,5290,5075155,1554,3931750,259,398440,3653,847796,0.097445,3392,4472247,0.514038,3929,5320043,0.611484,8700223
1,2021-07-19,20581,9425926,14912,5090067,4857,3936607,812,399252,10329,848916,0.097574,10122,4482369,0.515202,11242,5331285,0.612776,8700223
1,2021-07-20,24246,9450172,16778,5106845,6616,3943223,852,400104,12447,850690,0.097778,11617,4493986,0.516537,13391,5344676,0.614315,8700223
1,2021-07-21,24430,9474602,17182,5124027,6075,3949298,1173,401277,12495,852676,0.098006,11789,4505775,0.517892,13775,5358451,0.615898,8700223
1,2021-07-22,23524,9498126,16630,5140657,6107,3955405,787,402064,12843,855886,0.098375,10505,4516280,0.519099,13715,5372166,0.617475,8700223
1,2021-07-23,27727,9525853,19556,5160213,7206,3962611,965,403029,15416,860194,0.09887,12136,4528416,0.520494,16444,5388610,0.619365,8700223
1,2021-07-24,17653,9543506,12436,5172649,4667,3967278,550,403579,10417,864054,0.099314,7128,4535544,0.521314,10988,5399598,0.620628,8700223
1,2021-07-25,7255,9550761,5189,5177838,1964,3969242,102,403681,5403,867758,0.09974,1819,4537363,0.521523,5523,5405121,0.621262,8700223
1,2021-07-26,20153,9570914,13977,5191815,5542,3974784,634,404315,13016,874457,0.10051,7022,4544385,0.52233,13721,5418842,0.622839,8700223
1,2021-07-27,12206,9583120,9077,5200892,2452,3977236,677,404992,7113,877277,0.100834,5020,4549405,0.522907,7840,5426682,0.623741,8700223
2,2020-12-15,247,247,247,247,0,0,0,0,247,247,2.9e-05,0,0,0.0,247,247,2.9e-05,8407551
2,2020-12-16,2122,2369,2122,2369,0,0,0,0,2121,2368,0.000282,0,0,0.0,2121,2368,0.000282,8407551
2,2020-12-17,6931,9300,6931,9300,0,0,0,0,6932,9300,0.001106,0,0,0.0,6932,9300,0.001106,8407551
2,2020-12-18,11101,20401,11081,20381,20,20,0,0,11101,20401,0.002427,0,0,0.0,11101,20401,0.002427,8407551
2,2020-12-19,5630,26031,5624,26005,6,26,0,0,5631,26032,0.003096,0,0,0.0,5631,26032,0.003096,8407551
2,2020-12-20,4261,30292,4250,30255,11,37,0,0,4256,30287,0.003602,1,1,0.0,4256,30288,0.003602,8407551
2,2020-12-21,12809,43101,12780,43035,29,66,0,0,12764,43051,0.005121,0,1,0.0,12764,43052,0.005121,8407551
2,2020-12-22,12166,55267,11647,54682,519,585,0,0,12164,55215,0.006567,0,1,0.0,12164,55216,0.006567,8407551
2,2020-12-23,11731,66998,9506,64188,2225,2810,0,0,11733,66948,0.007963,1,2,0.0,11734,66950,0.007963,8407551
2,2020-12-24,5908,72906,3495,67683,2413,5223,0,0,5904,72851,0.008665,3,5,1e-06,5906,72856,0.008666,8407551
2,2020-12-25,486,73392,407,68090,79,5302,0,0,488,73339,0.008723,0,5,1e-06,488,73344,0.008724,8407551
2,2020-12-26,2557,75949,1661,69751,896,6198,0,0,2558,75896,0.009027,1,6,1e-06,2558,75902,0.009028,8407551
2,2020-12-27,2231,78180,1212,70963,1019,7217,0,0,2228,78122,0.009292,2,8,1e-06,2228,78130,0.009293,8407551
2,2020-12-28,11034,89214,7173,78136,3861,11078,0,0,11033,89153,0.010604,2,10,1e-06,11033,89163,0.010605,8407551
2,2020-12-29,12735,101949,7159,85295,5576,16654,0,0,12739,101892,0.012119,0,10,1e-06,12739,101902,0.01212,8407551
2,2020-12-30,15464,117413,8676,93971,6788,23442,0,0,15458,117347,0.013957,5,15,2e-06,15460,117362,0.013959,8407551
2,2020-12-31,7588,125001,2831,96802,4757,28199,0,0,7581,124923,0.014858,5,20,2e-06,7581,124943,0.014861,8407551
2,2021-01-01,1244,126245,615,97417,629,28828,0,0,1243,126162,0.015006,4,24,3e-06,1243,126186,0.015009,8407551
2,2021-01-02,4856,131101,2769,100186,2087,30915,0,0,4853,131013,0.015583,2,26,3e-06,4853,131039,0.015586,8407551
2,2021-01-03,1412,132513,795,100981,617,31532,0,0,1404,132413,0.015749,4,30,4e-06,1404,132443,0.015753,8407551
2,2021-01-04,11700,144213,5565,106546,6135,37667,0,0,11690,144100,0.017139,3,33,4e-06,11690,144133,0.017143,8407551
2,2021-01-05,13891,158104,6949,113495,6942,44609,0,0,12667,155587,0.018506,1215,1248,0.000148,12702,156835,0.018654,8407551
2,2021-01-06,19046,177150,10500,123995,8546,53155,0,0,15215,167041,0.019868,3772,5020,0.000597,15226,172061,0.020465,8407551
2,2021-01-07,23318,200468,13153,137148,10165,63320,0,0,15615,174965,0.02081,7707,12727,0.001514,15631,187692,0.022324,8407551
2,2021-01-08,26888,227356,16218,153366,10670,73990,0,0,16549,181257,0.021559,10283,23010,0.002737,16575,204267,0.024296,8407551
2,2021-01-09,9873,237229,5780,159146,4093,78083,0,0,6286,183972,0.021882,3578,26588,0.003162,6293,210560,0.025044,8407551
2,2021-01-10,5315,242544,2972,162118,2343,80426,0,0,3045,184753,0.021975,2270,28858,0.003432,3051,213611,0.025407,8407551
2,2021-01-11,26066,268610,18034,180152,8032,88458,0,0,14943,188628,0.022436,11119,39977,0.004755,14994,228605,0.02719,8407551
2,2021-01-12,26367,294977,16382,196534,9985,98443,0,0,16751,195847,0.023294,9618,49595,0.005899,16837,245442,0.029193,8407551
2,2021-01-13,28591,323568,15160,211694,13431,111874,0,0,20577,208459,0.024794,7995,57590,0.00685,20607,266049,0.031644,8407551
2,2021-01-14,30604,354172,11663,223357,18941,130815,0,0,26301,230528,0.027419,4309,61899,0.007362,26378,292427,0.034781,8407551
2,2021-01-15,35100,389272,12697,236054,22403,153218,0,0,31803,259134,0.030822,3288,65187,0.007753,31894,324321,0.038575,8407551
2,2021-01-16,18119,407391,5994,242048,12125,165343,0,0,16781,274574,0.032658,1353,66540,0.007914,16793,341114,0.040572,8407551
2,2021-01-17,10546,417937,3551,245599,6995,172338,0,0,9813,283649,0.033737,747,67287,0.008003,9822,350936,0.041741,8407551
2,2021-01-18,19766,437703,11046,256645,8720,181058,0,0,14949,293823,0.034948,4836,72123,0.008578,15010,365946,0.043526,8407551
2,2021-01-19,32628,470331,16951,273596,15677,196735,0,0,24587,310487,0.03693,8038,80161,0.009534,24702,390648,0.046464,8407551
2,2021-01-20,37641,507972,18987,292583,18654,215389,0,0,29012,330992,0.039368,8598,88759,0.010557,29103,419751,0.049925,8407551
2,2021-01-21,41014,548986,17429,310012,23585,238974,0,0,36500,363186,0.043198,4482,93241,0.01109,36676,456427,0.054288,8407551
2,2021-01-22,39632,588618,16564,326576,23068,262042,0,0,36274,396111,0.047114,3376,96617,0.011492,36301,492728,0.058605,8407551
2,2021-01-23,24139,612757,10788,337364,13351,275393,0,0,21160,414343,0.049282,2958,99575,0.011844,21190,513918,0.061126,8407551
2,2021-01-24,12443,625200,6103,343467,6340,281733,0,0,11523,424976,0.050547,904,100479,0.011951,11537,525455,0.062498,8407551
2,2021-01-25,33923,659123,15610,359077,18313,300046,0,0,25078,441399,0.0525,8794,109273,0.012997,25217,550672,0.065497,8407551
2,2021-01-26,40408,699531,19787,378864,20621,320667,0,0,31167,463437,0.055122,9216,118489,0.014093,31254,581926,0.069215,8407551
2,2021-01-27,45662,745193,22659,401523,23003,343670,0,0,35312,488588,0.058113,10222,128711,0.015309,35373,617299,0.073422,8407551
2,2021-01-28,47920,793113,22376,423899,25544,369214,0,0,39173,519156,0.061749,8680,137391,0.016341,39248,656547,0.07809,8407551
2,2021-01-29,45576,838689,21991,445890,23585,392799,0,0,36827,547425,0.065111,8623,146014,0.017367,36892,693439,0.082478,8407551
2,2021-01-30,31296,869985,13347,459237,17949,410748,0,0,27888,571975,0.068031,3370,149384,0.017768,27920,721359,0.085799,8407551
2,2021-01-31,17136,887121,10184,469421,6952,417700,0,0,15925,586732,0.069786,1190,150574,0.017909,15947,737306,0.087696,8407551
2,2021-02-01,41106,928227,19703,489124,21403,439103,0,0,29954,605632,0.072034,11094,161668,0.019229,29994,767300,0.091263,8407551
2,2021-02-02,47912,976139,19468,508592,28444,467547,0,0,36370,630640,0.075009,11457,173125,0.020592,36465,803765,0.0956,8407551
2,2021-02-03,54036,1030175,23800,532392,30236,497783,0,0,39777,656357,0.078068,14156,187281,0.022275,39873,843638,0.100343,8407551
2,2021-02-04,56213,1086388,24146,556538,32067,529850,0,0,40939,682232,0.081145,15163,202444,0.024079,41038,884676,0.105224,8407551
2,2021-02-05,60094,1146482,26214,582752,33880,563730,0,0,40524,703581,0.083684,19362,221806,0.026382,40711,925387,0.110066,8407551
2,2021-02-06,39347,1185829,18355,601107,20992,584722,0,0,31359,727120,0.086484,7914,229720,0.027323,31453,956840,0.113807,8407551
2,2021-02-07,15717,1201546,10435,611542,5282,590004,0,0,11940,735381,0.087467,3748,233468,0.027769,12009,968849,0.115236,8407551
2,2021-02-08,43031,1244577,21848,633390,21183,611187,0,0,29441,751585,0.089394,13445,246913,0.029368,29649,998498,0.118762,8407551
2,2021-02-09,49579,1294156,23407,656797,26172,637359,0,0,30626,763901,0.090859,18653,265566,0.031587,30969,1029467,0.122446,8407551
2,2021-02-10,59581,1353737,27862,684659,31719,669078,0,0,34350,773658,0.092019,24947,290513,0.034554,34704,1064171,0.126573,8407551
2,2021-02-11,64282,1418019,29530,714189,34752,703830,0,0,35794,781826,0.092991,28126,318639,0.037899,36294,1100465,0.13089,8407551
2,2021-02-12,65580,1483599,28180,742369,37400,741230,0,0,34814,786843,0.093588,30455,349094,0.041521,35472,1135937,0.135109,8407551
2,2021-02-13,38124,1521723,15906,758275,22218,763448,0,0,22001,793200,0.094344,16022,365116,0.043427,22379,1158316,0.137771,8407551
2,2021-02-14,20129,1541852,9346,767621,10783,774231,0,0,11187,795858,0.09466,8892,374008,0.044485,11550,1169866,0.139145,8407551
2,2021-02-15,33243,1575095,14967,782588,18276,792507,0,0,18427,800463,0.095208,14678,388686,0.046231,19283,1189149,0.141438,8407551
2,2021-02-16,56509,1631604,27712,810300,28797,821304,0,0,29760,804263,0.09566,26631,415317,0.049398,30431,1219580,0.145058,8407551
2,2021-02-17,61820,1693424,31807,842107,30013,851317,0,0,30701,804767,0.09572,31020,446337,0.053088,31524,1251104,0.148807,8407551
2,2021-02-18,66471,1759895,33499,875606,32972,884289,0,0,32363,804435,0.09568,33844,480181,0.057113,33512,1284616,0.152793,8407551
2,2021-02-19,59819,1819714,33127,908733,26692,910981,0,0,29681,804781,0.095721,29940,510121,0.060674,30286,1314902,0.156395,8407551
2,2021-02-20,37817,1857531,24550,933283,13267,924248,0,0,20540,808827,0.096202,17172,527293,0.062717,21218,1336120,0.158919,8407551
2,2021-02-21,21728,1879259,17583,950866,4145,928393,0,0,10770,809530,0.096286,10868,538161,0.064009,11571,1347691,0.160295,8407551
2,2021-02-22,39418,1918677,26932,977798,12486,940879,0,0,18648,808239,0.096133,20616,558777,0.066461,19325,1367016,0.162594,8407551
2,2021-02-23,53781,1972458,27421,1005219,26360,967239,0,0,23568,803754,0.095599,29949,588726,0.070023,25464,1392480,0.165623,8407551
2,2021-02-24,71091,2043549,36614,1041833,34477,1001716,0,0,32587,800425,0.095203,38288,627014,0.074577,34959,1427439,0.169781,8407551
2,2021-02-25,77163,2120712,36461,1078294,40702,1042418,0,0,39160,804676,0.095709,37727,664741,0.079065,41978,1469417,0.174773,8407551
2,2021-02-26,85727,2206439,36727,1115021,49000,1091418,0,0,46064,813589,0.096769,39349,704090,0.083745,48262,1517679,0.180514,8407551
2,2021-02-27,62724,2269163,29182,1144203,33535,1124953,7,7,33961,820371,0.097576,28522,732612,0.087137,35304,1552983,0.184713,8407551
2,2021-02-28,30895,2300058,18521,1162724,12373,1137326,1,8,17965,826371,0.098289,12801,745413,0.08866,18801,1571784,0.186949,8407551
2,2021-03-01,58372,2358430,30481,1193205,27844,1165170,47,55,31818,833201,0.099102,26234,771647,0.09178,33064,1604848,0.190882,8407551
2,2021-03-02,69650,2428080,33429,1226634,36210,1201380,11,66,38984,844051,0.100392,30480,802127,0.095406,41330,1646178,0.195798,8407551
2,2021-03-03,80084,2508164,38742,1265376,41327,1242707,15,81,45405,857588,0.102002,34464,836591,0.099505,48001,1694179,0.201507,8407551
2,2021-03-04,88154,2596318,43279,1308655,44844,1287551,31,112,50925,873944,0.103948,36980,873571,0.103903,53336,1747515,0.207851,8407551
2,2021-03-05,82219,2678537,38666,1347321,43244,1330795,309,421,50245,895141,0.106469,31742,905313,0.107679,52939,1800454,0.214147,8407551
2,2021-03-06,63000,2741537,30808,1378129,30492,1361287,1700,2121,38745,912901,0.108581,24118,929431,0.110547,41878,1842332,0.219128,8407551
2,2021-03-07,28608,2770145,16250,1394379,10815,1372102,1543,3664,18141,923297,0.109818,10396,939827,0.111784,20792,1863124,0.221601,8407551
2,2021-03-08,50808,2820953,23309,1417688,24935,1397037,2564,6228,31929,940659,0.111883,18771,958598,0.114016,36133,1899257,0.225899,8407551
2,2021-03-09,70675,2891628,32183,1449871,34649,1431686,3843,10071,39122,953552,0.113416,31409,990007,0.117752,44302,1943559,0.231168,8407551
2,2021-03-10,78508,2970136,37133,1487004,34835,1466521,6540,16611,41687,966500,0.114956,36593,1026600,0.122105,49541,1993100,0.237061,8407551
2,2021-03-11,93351,3063487,43059,1530063,41918,1508439,8374,24985,48710,980658,0.11664,44317,1070917,0.127376,58475,2051575,0.244016,8407551
2,2021-03-12,94191,3157678,38738,1568801,43487,1551926,11966,36951,46855,993814,0.118205,47072,1117989,0.132974,60228,2111803,0.251179,8407551
2,2021-03-13,69299,3226977,29005,1597806,32305,1584231,7989,44940,38067,1010070,0.120138,31091,1149080,0.136672,47347,2159150,0.256811,8407551
2,2021-03-14,37056,3264033,18317,1616123,14218,1598449,4521,49461,18589,1015566,0.120792,18360,1167440,0.138856,23856,2183006,0.259648,8407551
2,2021-03-15,67511,3331544,30456,1646579,32040,1630489,5015,54476,37191,1028769,0.122363,30094,1197534,0.142436,43297,2226303,0.264798,8407551
2,2021-03-16,86437,3417981,38255,1684834,44153,1674642,4029,58505,52248,1052196,0.125149,33976,1231510,0.146477,57403,2283706,0.271626,8407551
2,2021-03-17,92991,3510972,44551,1729385,44251,1718893,4189,62694,58911,1082324,0.128732,33798,1265308,0.150497,63926,2347632,0.279229,8407551
2,2021-03-18,98319,3609291,46895,1776280,46828,1765721,4596,67290,59687,1108858,0.131888,38309,1303617,0.155053,64843,2412475,0.286941,8407551
2,2021-03-19,97665,3706956,46216,1822496,45315,1811036,6134,73424,57729,1133620,0.134834,39620,1343237,0.159766,64382,2476857,0.294599,8407551
2,2021-03-20,70055,3777011,33959,1856455,32127,1843163,3969,77393,45712,1159562,0.137919,24104,1367341,0.162632,50046,2526903,0.300552,8407551
2,2021-03-21,33450,3810461,21603,1878058,9849,1853012,1998,79391,19963,1168613,0.138996,13338,1380679,0.164219,22389,2549292,0.303215,8407551
2,2021-03-22,62962,3873423,34659,1912717,25669,1878681,2634,82025,41711,1192843,0.141878,21009,1401688,0.166718,45239,2594531,0.308595,8407551
2,2021-03-23,84053,3957476,44659,1957376,36474,1915155,2920,84945,52358,1217558,0.144817,31403,1433091,0.170453,56118,2650649,0.31527,8407551
2,2021-03-24,92003,4049479,49397,2006773,39432,1954587,3174,88119,53882,1237649,0.147207,37779,1470870,0.174946,57870,2708519,0.322153,8407551
2,2021-03-25,101655,4151134,51260,2058033,46491,2001078,3904,92023,57427,1255890,0.149376,43849,1514719,0.180162,62090,2770609,0.329538,8407551
2,2021-03-26,103727,4254861,51406,2109439,48822,2049900,3499,95522,56543,1270202,0.151079,46778,1561497,0.185726,61090,2831699,0.336804,8407551
2,2021-03-27,75880,4330741,37829,2147268,34747,2084647,3304,98826,37945,1274640,0.151607,37668,1599165,0.190206,42106,2873805,0.341812,8407551
2,2021-03-28,37817,4368558,23348,2170616,13658,2098305,811,99637,20155,1278928,0.152117,17528,1616693,0.192291,21816,2895621,0.344407,8407551
2,2021-03-29,71581,4440139,36375,2206991,32929,2131234,2277,101914,40638,1292019,0.153674,30725,1647418,0.195945,43816,2939437,0.349619,8407551
2,2021-03-30,92215,4532354,45184,2252175,42648,2173882,4383,106297,51786,1308576,0.155643,40213,1687631,0.200728,56770,2996207,0.356371,8407551
2,2021-03-31,101426,4633780,52282,2304457,44030,2217912,5114,111411,57560,1328051,0.157959,43544,1731175,0.205907,63019,3059226,0.363866,8407551
2,2021-04-01,117712,4751492,56863,2361320,51600,2269512,9249,120660,64111,1348635,0.160408,53183,1784358,0.212233,73767,3132993,0.37264,8407551
2,2021-04-02,111786,4863278,51497,2412817,50081,2319593,10208,130868,59993,1367901,0.162699,51397,1835755,0.218346,70663,3203656,0.381045,8407551
2,2021-04-03,76903,4940181,37770,2450587,29305,2348898,9828,140696,38091,1377605,0.163853,38598,1874353,0.222937,48302,3251958,0.38679,8407551
2,2021-04-04,29031,4969212,14935,2465522,10233,2359131,3863,144559,13026,1378629,0.163975,15894,1890247,0.224827,16918,3268876,0.388802,8407551
2,2021-04-05,79222,5048434,38837,2504359,31539,2390670,8846,153405,38216,1385613,0.164806,40819,1931066,0.229682,47803,3316679,0.394488,8407551
2,2021-04-06,104046,5152480,50683,2555042,38639,2429309,14724,168129,49264,1395496,0.165981,54492,1985558,0.236164,64375,3381054,0.402145,8407551
2,2021-04-07,110645,5263125,55191,2610233,39185,2468494,16269,184398,52040,1405766,0.167203,58299,2043857,0.243098,68569,3449623,0.410301,8407551
2,2021-04-08,119469,5382594,57508,2667741,43217,2511711,18744,203142,55416,1416806,0.168516,63673,2107530,0.250671,74713,3524336,0.419187,8407551
2,2021-04-09,118954,5501548,57277,2725018,43541,2555252,18136,221278,56245,1429695,0.170049,62324,2169854,0.258084,75213,3599549,0.428133,8407551
2,2021-04-10,87692,5589240,37834,2762852,31420,2586672,18438,239716,36104,1433587,0.170512,51320,2221174,0.264188,55212,3654761,0.4347,8407551
2,2021-04-11,44515,5633755,23081,2785933,12955,2599627,8479,248195,18221,1434857,0.170663,26150,2247324,0.267298,27420,3682181,0.437961,8407551
2,2021-04-12,80141,5713896,37316,2823249,33402,2633029,9423,257618,35665,1436735,0.170886,44199,2291523,0.272555,46077,3728258,0.443442,8407551
2,2021-04-13,101960,5815856,52905,2876154,48794,2681823,261,257879,55788,1447780,0.1722,45897,2337420,0.278014,56942,3785200,0.450214,8407551
2,2021-04-14,106896,5922752,55991,2932145,50852,2732675,53,257932,54560,1451808,0.172679,52020,2389440,0.284202,56048,3841248,0.456881,8407551
2,2021-04-15,113306,6036058,60130,2992275,53090,2785765,86,258018,59058,1458176,0.173436,53846,2443286,0.290606,60214,3901462,0.464043,8407551
2,2021-04-16,110901,6146959,57477,3049752,53369,2839134,55,258073,56249,1461035,0.173777,54295,2497581,0.297064,57154,3958616,0.470841,8407551
2,2021-04-17,83638,6230597,42545,3092297,41078,2880212,15,258088,46758,1472047,0.175086,36627,2534208,0.30142,47639,4006255,0.476507,8407551
2,2021-04-18,35687,6266284,21656,3113953,14024,2894236,7,258095,16995,1471473,0.175018,18558,2552766,0.303628,17984,4024239,0.478646,8407551
2,2021-04-19,74966,6341250,40351,3154304,34598,2928834,17,258112,34123,1465663,0.174327,40570,2593336,0.308453,34760,4058999,0.48278,8407551
2,2021-04-20,97858,6439108,49581,3203885,48251,2977085,26,258138,47384,1463693,0.174093,50123,2643459,0.314415,48153,4107152,0.488508,8407551
2,2021-04-21,103899,6543007,56239,3260124,47600,3024685,60,258198,48985,1459277,0.173567,54433,2697892,0.320889,50017,4157169,0.494457,8407551
2,2021-04-22,108372,6651379,56040,3316164,52307,3076992,25,258223,47363,1446982,0.172105,60577,2758469,0.328094,48282,4205451,0.500199,8407551
2,2021-04-23,107993,6759372,57438,3373602,50537,3127529,18,258241,49891,1440136,0.171291,57675,2816144,0.334954,50829,4256280,0.506245,8407551
2,2021-04-24,81024,6840396,47709,3421311,33275,3160804,40,258281,42198,1444836,0.17185,38468,2854612,0.33953,43168,4299448,0.511379,8407551
2,2021-04-25,36591,6876987,22530,3443841,14046,3174850,15,258296,19904,1448684,0.172307,16537,2871149,0.341496,20385,4319833,0.513804,8407551
2,2021-04-26,74324,6951311,41156,3484997,32860,3207710,308,258604,34203,1444802,0.171846,39840,2910989,0.346235,35958,4355791,0.518081,8407551
2,2021-04-27,88410,7039721,46629,3531626,40415,3248125,1366,259970,37930,1435251,0.17071,50088,2961077,0.352193,40537,4396328,0.522902,8407551
2,2021-04-28,88270,7127991,47171,3578797,39229,3287354,1870,261840,38957,1428026,0.16985,48964,3010041,0.358016,41739,4438067,0.527867,8407551
2,2021-04-29,91153,7219144,49628,3628425,39814,3327168,1711,263551,35407,1410394,0.167753,55351,3065392,0.3646,37719,4475786,0.532353,8407551
2,2021-04-30,94957,7314101,52485,3680910,40470,3367638,2002,265553,36943,1392456,0.16562,57540,3122932,0.371444,39602,4515388,0.537063,8407551
2,2021-05-01,62473,7376574,38099,3719009,22790,3390428,1584,267137,24342,1381426,0.164308,37809,3160741,0.375941,26779,4542167,0.540249,8407551
2,2021-05-02,29214,7405788,20306,3739315,7933,3398361,975,268112,11087,1375585,0.163613,17992,3178733,0.378081,12151,4554318,0.541694,8407551
2,2021-05-03,60573,7466361,35951,3775266,22564,3420925,2058,270170,20375,1358361,0.161564,39924,3218657,0.382829,22700,4577018,0.544394,8407551
2,2021-05-04,79781,7546142,47609,3822875,29794,3450719,2378,272548,25942,1333589,0.158618,53488,3272145,0.389191,28716,4605734,0.547809,8407551
2,2021-05-05,80496,7626638,47934,3870809,30212,3480931,2350,274898,25211,1306619,0.15541,54896,3327041,0.395721,27926,4633660,0.551131,8407551
2,2021-05-06,82938,7709576,50370,3921179,29645,3510576,2923,277821,25268,1278263,0.152037,57184,3384225,0.402522,28828,4662488,0.55456,8407551
2,2021-05-07,83619,7793195,48265,3969444,32930,3543506,2424,280245,25709,1249340,0.148597,57514,3441739,0.409363,28591,4691079,0.55796,8407551
2,2021-05-08,55327,7848522,33511,4002955,20102,3563608,1714,281959,17366,1231427,0.146467,37723,3479462,0.41385,19810,4710889,0.560316,8407551
2,2021-05-09,21772,7870294,15702,4018657,5322,3568930,748,282707,6343,1223400,0.145512,15348,3494810,0.415675,7321,4718210,0.561187,8407551
2,2021-05-10,50066,7920360,27246,4045903,20951,3589881,1869,284576,14133,1204325,0.143243,35685,3530495,0.41992,16610,4734820,0.563163,8407551
2,2021-05-11,65777,7986137,35524,4081427,28141,3618022,2112,286688,19838,1181325,0.140508,45639,3576134,0.425348,22639,4757459,0.565856,8407551
2,2021-05-12,64883,8051020,34588,4116015,28079,3646101,2216,288904,19112,1157577,0.137683,45463,3621597,0.430755,21715,4779174,0.568438,8407551
2,2021-05-13,70549,8121569,40971,4156986,27637,3673738,1941,290845,25826,1141641,0.135788,44437,3666034,0.436041,28501,4807675,0.571828,8407551
2,2021-05-14,79456,8201025,47594,4204580,29602,3703340,2260,293105,30500,1126458,0.133982,48587,3714621,0.44182,33404,4841079,0.575801,8407551
2,2021-05-15,65989,8267014,43319,4247899,20958,3724298,1712,294817,25522,1113862,0.132484,40223,3754844,0.446604,27627,4868706,0.579087,8407551
2,2021-05-16,31509,8298523,23559,4271458,7026,3731324,924,295741,12808,1109150,0.131923,18572,3773416,0.448813,13860,4882566,0.580736,8407551
2,2021-05-17,57839,8356362,36644,4308102,19259,3750583,1936,297677,22778,1099399,0.130763,34826,3808242,0.452955,25075,4907641,0.583718,8407551
2,2021-05-18,70016,8426378,40978,4349080,27074,3777657,1964,299641,27809,1087778,0.129381,41934,3850176,0.457943,30313,4937954,0.587324,8407551
2,2021-05-19,68752,8495130,40678,4389758,26065,3803722,2009,301650,27174,1076159,0.127999,41269,3891445,0.462851,29650,4967604,0.59085,8407551
2,2021-05-20,69406,8564536,40240,4429998,26980,3830702,2186,303836,26368,1062600,0.126386,42702,3934147,0.46793,29143,4996747,0.594317,8407551
2,2021-05-21,72781,8637317,42949,4472947,27681,3858383,2151,305987,27612,1048105,0.124662,44812,3978959,0.47326,30317,5027064,0.597923,8407551
2,2021-05-22,53379,8690696,33812,4506759,17792,3876175,1775,307762,22283,1041835,0.123917,30866,4009825,0.476931,24596,5051660,0.600848,8407551
2,2021-05-23,24408,8715104,16653,4523412,7029,3883204,726,308488,10263,1038946,0.123573,14017,4023842,0.478599,11128,5062788,0.602172,8407551
2,2021-05-24,44747,8759851,25412,4548824,17567,3900771,1768,310256,17170,1030867,0.122612,27357,4051199,0.481852,19278,5082066,0.604464,8407551
2,2021-05-25,50701,8810552,29672,4578496,19166,3919937,1863,312119,19257,1021387,0.121484,31139,4082338,0.485556,21659,5103725,0.607041,8407551
2,2021-05-26,48650,8859202,27237,4605733,19726,3939663,1687,313806,18979,1013053,0.120493,29342,4111680,0.489046,21008,5124733,0.609539,8407551
2,2021-05-27,46532,8905734,26357,4632090,18436,3958099,1739,315545,18558,1006123,0.119669,27730,4139410,0.492344,20800,5145533,0.612013,8407551
2,2021-05-28,49925,8955659,27551,4659641,20401,3978500,1973,317518,20939,1000735,0.119028,28728,4168138,0.495761,23340,5168873,0.614789,8407551
2,2021-05-29,28954,8984613,17348,4676989,10551,3989051,1055,318573,13255,999670,0.118901,15545,4183683,0.49761,14480,5183353,0.616512,8407551
2,2021-05-30,12636,8997249,8138,4685127,3735,3992786,763,319336,5524,998962,0.118817,7061,4190744,0.49845,6353,5189706,0.617267,8407551
2,2021-05-31,5870,9003119,3426,4688553,2141,3994927,303,319639,1820,997141,0.118601,3993,4194737,0.498925,2172,5191878,0.617526,8407551
2,2021-06-01,44707,9047826,25675,4714228,17372,4012299,1660,321299,15578,985928,0.117267,28832,4223569,0.502354,17619,5209497,0.619621,8407551
2,2021-06-02,38169,9085995,22455,4736683,14309,4026608,1405,322704,14948,979615,0.116516,22961,4246530,0.505085,16648,5226145,0.621601,8407551
2,2021-06-03,41330,9127325,26605,4763288,13260,4039868,1465,324169,13921,968212,0.11516,27171,4273701,0.508317,15768,5241913,0.623477,8407551
2,2021-06-04,47949,9175274,31319,4794607,15093,4054961,1537,325706,15515,953651,0.113428,32137,4305838,0.512139,17576,5259489,0.625567,8407551
2,2021-06-05,37826,9213100,26969,4821576,9395,4064356,1462,327168,11846,941623,0.111997,25754,4331592,0.515203,13726,5273215,0.6272,8407551
2,2021-06-06,14886,9227986,12212,4833788,2095,4066451,579,327747,4694,936957,0.111442,10128,4341720,0.516407,5462,5278677,0.62785,8407551
2,2021-06-07,33224,9261210,23247,4857035,8704,4075155,1273,329020,10800,926997,0.110258,22279,4363999,0.519057,12319,5290996,0.629315,8407551
2,2021-06-08,40592,9301802,28725,4885760,10496,4085651,1371,330391,12462,913326,0.108632,27883,4391882,0.522374,14212,5305208,0.631005,8407551
2,2021-06-09,38102,9339904,26597,4912357,10010,4095661,1495,331886,11529,900295,0.107082,26380,4418262,0.525511,13349,5318557,0.632593,8407551
2,2021-06-10,37731,9377635,26230,4938587,9976,4105637,1525,333411,11589,887937,0.105612,25942,4444204,0.528597,13584,5332141,0.634209,8407551
2,2021-06-11,41193,9418828,27337,4965924,12191,4117828,1665,335076,13206,875381,0.104118,27724,4471928,0.531894,15168,5347309,0.636013,8407551
2,2021-06-12,29362,9448190,21599,4987523,6851,4124679,912,335988,8660,864610,0.102837,20565,4492493,0.53434,9794,5357103,0.637178,8407551
2,2021-06-13,12206,9460396,8910,4996433,2678,4127357,618,336606,3102,859455,0.102224,9042,4501535,0.535416,3887,5360990,0.63764,8407551
2,2021-06-14,29844,9490240,21178,5017611,7473,4134830,1193,337799,10344,851864,0.101321,19335,4520870,0.537715,11744,5372734,0.639037,8407551
2,2021-06-15,35489,9525729,23610,5041221,9834,4144664,2045,339844,11920,842873,0.100252,23332,4544202,0.540491,14341,5387075,0.640742,8407551
2,2021-06-16,32875,9558604,22663,5063884,8424,4153088,1788,341632,11295,834857,0.099298,21411,4565613,0.543037,13395,5400470,0.642336,8407551
2,2021-06-17,30774,9589378,20542,5084426,8436,4161524,1796,343428,10876,828009,0.098484,19725,4585338,0.545383,12877,5413347,0.643867,8407551
2,2021-06-18,34625,9624003,22811,5107237,9943,4171467,1871,345299,12637,821006,0.097651,21768,4607106,0.547972,14765,5428112,0.645623,8407551
2,2021-06-19,20882,9644885,14543,5121780,5081,4176548,1258,346557,7897,817523,0.097237,12825,4619931,0.549498,9342,5437454,0.646735,8407551
2,2021-06-20,8260,9653145,5902,5127682,1894,4178442,464,347021,3056,815946,0.097049,5164,4625095,0.550112,3587,5441041,0.647161,8407551
2,2021-06-21,19281,9672426,11807,5139489,6159,4184601,1315,348336,9860,817998,0.097293,9304,4634399,0.551219,11356,5452397,0.648512,8407551
2,2021-06-22,26807,9699233,18358,5157847,7076,4191677,1373,349709,10514,814029,0.096821,16128,4650527,0.553137,12159,5464556,0.649958,8407551
2,2021-06-23,25847,9725080,17846,5175693,6385,4198062,1616,351325,10528,811289,0.096495,15177,4665704,0.554942,12437,5476993,0.651437,8407551
2,2021-06-24,25269,9750349,17202,5192895,6561,4204623,1506,352831,10439,808778,0.096197,14683,4680387,0.556689,12172,5489165,0.652885,8407551
2,2021-06-25,28627,9778976,19409,5212304,7737,4212360,1481,354312,11965,805949,0.09586,16503,4696890,0.558651,13674,5502839,0.654512,8407551
2,2021-06-26,18467,9797443,13606,5225910,3934,4216294,927,355239,7518,803775,0.095602,10863,4707753,0.559943,8689,5511528,0.655545,8407551
2,2021-06-27,8761,9806204,6689,5232599,1626,4217920,446,355685,3512,802655,0.095468,5201,4712954,0.560562,4081,5515609,0.65603,8407551
2,2021-06-28,19696,9825900,14963,5247562,3496,4221416,1237,356922,8675,801864,0.095374,10892,4723846,0.561858,10101,5525710,0.657232,8407551
2,2021-06-29,22572,9848472,15728,5263290,5773,4227189,1071,357993,9607,799948,0.095146,12829,4736675,0.563383,10913,5536623,0.65853,8407551
2,2021-06-30,21805,9870277,15468,5278758,5314,4232503,1023,359016,9700,798929,0.095025,11970,4748645,0.564807,10951,5547574,0.659832,8407551
2,2021-07-01,19669,9889946,13906,5292664,4895,4237398,868,359884,8735,797918,0.094905,10817,4759462,0.566094,9806,5557380,0.660999,8407551
2,2021-07-02,22613,9912559,15609,5308273,5986,4243384,1018,360902,9978,796632,0.094752,12480,4771942,0.567578,11194,5568574,0.66233,8407551
2,2021-07-03,12423,9924982,8958,5317231,2996,4246380,469,361371,5678,796243,0.094706,6656,4778598,0.56837,6267,5574841,0.663075,8407551
2,2021-07-04,987,9925969,581,5317812,339,4246719,67,361438,422,796201,0.094701,554,4779152,0.568436,512,5575353,0.663136,8407551
2,2021-07-05,10956,9936925,8015,5325827,2534,4249253,407,361845,5028,795891,0.094664,5870,4785022,0.569134,5560,5580913,0.663798,8407551
2,2021-07-06,23480,9960405,17080,5342907,5432,4254685,968,362813,9084,791961,0.094196,14256,4799278,0.570829,10326,5591239,0.665026,8407551
2,2021-07-07,20364,9980769,14529,5357436,4755,4259440,1080,363893,8659,790392,0.09401,11571,4810849,0.572206,10002,5601241,0.666216,8407551
2,2021-07-08,18985,9999754,13233,5370669,4728,4264168,1024,364917,8020,788780,0.093818,10863,4821712,0.573498,9251,5610492,0.667316,8407551
2,2021-07-09,22270,10022024,15426,5386095,5628,4269796,1216,366133,9404,786881,0.093592,12728,4834440,0.575012,10829,5621321,0.668604,8407551
2,2021-07-10,14082,10036106,10381,5396476,3014,4272810,687,366820,6166,786067,0.093495,7823,4842263,0.575942,7009,5628330,0.669438,8407551
2,2021-07-11,6530,10042636,4795,5401271,1385,4274195,350,367170,3078,786154,0.093506,3409,4845672,0.576348,3496,5631826,0.669853,8407551
2,2021-07-12,18064,10060700,13276,5414547,3925,4278120,863,368033,7774,784817,0.093347,10179,4855851,0.577558,8842,5640668,0.670905,8407551
2,2021-07-13,19295,10079995,13610,5428157,4807,4282927,878,368911,8636,784008,0.09325,10519,4866370,0.578809,9710,5650378,0.67206,8407551
2,2021-07-14,18413,10098408,13155,5441312,4483,4287410,775,369686,8224,783141,0.093147,10071,4876441,0.580007,9204,5659582,0.673155,8407551
2,2021-07-15,18579,10116987,13499,5454811,4401,4291811,679,370365,8448,782459,0.093066,10020,4886461,0.581199,9338,5668920,0.674265,8407551
2,2021-07-16,22464,10139451,16182,5470993,5472,4297283,810,371175,10749,782636,0.093087,11587,4898048,0.582577,11764,5680684,0.675665,8407551
2,2021-07-17,13888,10153339,10095,5481088,3288,4300571,505,371680,6712,782896,0.093118,7088,4905136,0.58342,7348,5688032,0.676539,8407551
2,2021-07-18,6707,10160046,5031,5486119,1353,4301924,323,372003,3403,783428,0.093181,3264,4908400,0.583809,3796,5691828,0.67699,8407551
2,2021-07-19,18111,10178157,13500,5499619,3892,4305816,719,372722,8972,784282,0.093283,9025,4917425,0.584882,9879,5701707,0.678165,8407551
2,2021-07-20,20378,10198535,14538,5514157,5028,4310844,812,373534,10322,785703,0.093452,9930,4927355,0.586063,11351,5713058,0.679515,8407551
2,2021-07-21,19695,10218230,14359,5528516,4607,4315451,729,374263,10221,787482,0.093664,9351,4936706,0.587175,11130,5724188,0.680839,8407551
2,2021-07-22,19657,10237887,14080,5542596,4757,4320208,820,375083,10538,790013,0.093965,8984,4945690,0.588244,11515,5735703,0.682209,8407551
2,2021-07-23,23401,10261288,16440,5559036,5960,4326168,1001,376084,12781,793501,0.09438,10475,4956165,0.58949,13963,5749666,0.683869,8407551
2,2021-07-24,14361,10275649,10362,5569398,3512,4329680,487,376571,8005,795833,0.094657,6251,4962416,0.590233,8583,5758249,0.68489,8407551
2,2021-07-25,6546,10282195,4797,5574195,1613,4331293,136,376707,4842,799184,0.095056,1662,4964078,0.590431,5013,5763262,0.685486,8407551
2,2021-07-26,17930,10300125,12725,5586920,4554,4335847,651,377358,11427,804976,0.095744,6395,4970473,0.591192,12187,5775449,0.686936,8407551
2,2021-07-27,9963,10310088,7389,5594309,1947,4337794,627,377985,5688,807227,0.096012,4211,4974684,0.591692,6462,5781911,0.687705,8407551
3,2020-12-15,326,326,326,326,0,0,0,0,326,326,4e-05,0,0,0.0,326,326,4e-05,8129050
3,2020-12-16,2467,2793,2467,2793,0,0,0,0,2468,2794,0.000344,0,0,0.0,2468,2794,0.000344,8129050
3,2020-12-17,7853,10646,7853,10646,0,0,0,0,7853,10647,0.00131,0,0,0.0,7853,10647,0.00131,8129050
3,2020-12-18,13431,24077,13413,24059,18,18,0,0,13430,24077,0.002962,0,0,0.0,13430,24077,0.002962,8129050
3,2020-12-19,7261,31338,7248,31307,13,31,0,0,7324,31401,0.003863,0,0,0.0,7324,31401,0.003863,8129050
3,2020-12-20,5664,37002,5655,36962,9,40,0,0,5711,37111,0.004565,1,1,0.0,5711,37112,0.004565,8129050
3,2020-12-21,14391,51393,14365,51327,26,66,0,0,14455,51565,0.006343,1,2,0.0,14455,51567,0.006344,8129050
3,2020-12-22,14833,66226,14250,65577,583,649,0,0,14871,66434,0.008172,2,4,0.0,14871,66438,0.008173,8129050
3,2020-12-23,14841,81067,12240,77817,2601,3250,0,0,14857,81290,0.01,2,6,1e-06,14858,81296,0.010001,8129050
3,2020-12-24,6784,87851,4867,82684,1917,5167,0,0,6781,88069,0.010834,2,8,1e-06,6781,88077,0.010835,8129050
3,2020-12-25,724,88575,667,83351,57,5224,0,0,722,88791,0.010923,0,8,1e-06,722,88799,0.010924,8129050
3,2020-12-26,4626,93201,3001,86352,1625,6849,0,0,4624,93415,0.011492,0,8,1e-06,4624,93423,0.011492,8129050
3,2020-12-27,2984,96185,1855,88207,1129,7978,0,0,2984,96399,0.011859,0,8,1e-06,2984,96407,0.01186,8129050
3,2020-12-28,13635,109820,8718,96925,4917,12895,0,0,13660,110058,0.013539,1,9,1e-06,13660,110067,0.01354,8129050
3,2020-12-29,15038,124858,8468,105393,6570,19465,0,0,15065,125121,0.015392,2,11,1e-06,15065,125132,0.015393,8129050
3,2020-12-30,18049,142907,10064,115457,7985,27450,0,0,18054,143174,0.017613,2,13,2e-06,18055,143187,0.017614,8129050
3,2020-12-31,8453,151360,3245,118702,5208,32658,0,0,8452,151624,0.018652,2,15,2e-06,8452,151639,0.018654,8129050
3,2021-01-01,1556,152916,738,119440,818,33476,0,0,1553,153176,0.018843,1,16,2e-06,1553,153192,0.018845,8129050
3,2021-01-02,4936,157852,2421,121861,2515,35991,0,0,4936,158112,0.01945,0,16,2e-06,4936,158128,0.019452,8129050
3,2021-01-03,1618,159470,848,122709,770,36761,0,0,1609,159719,0.019648,2,18,2e-06,1609,159737,0.01965,8129050
3,2021-01-04,12058,171528,5977,128686,6081,42842,0,0,12029,171740,0.021127,8,26,3e-06,12029,171766,0.02113,8129050
3,2021-01-05,15743,187271,8149,136835,7594,50436,0,0,14069,184179,0.022657,1659,1685,0.000207,14098,185864,0.022864,8129050
3,2021-01-06,20616,207887,10912,147747,9704,60140,0,0,16061,195740,0.024079,4509,6194,0.000762,16070,201934,0.024841,8129050
3,2021-01-07,26655,234542,15240,162987,11415,71555,0,0,17178,203495,0.025033,9440,15634,0.001923,17195,219129,0.026956,8129050
3,2021-01-08,30681,265223,18752,181739,11929,83484,0,0,18194,209248,0.025741,12464,28098,0.003456,18217,237346,0.029197,8129050
3,2021-01-09,12465,277688,7051,188790,5414,88898,0,0,7929,212657,0.02616,4529,32627,0.004014,7938,245284,0.030174,8129050
3,2021-01-10,7226,284914,4483,193273,2743,91641,0,0,4070,213579,0.026274,3154,35781,0.004402,4076,249360,0.030675,8129050
3,2021-01-11,29139,314053,19071,212344,10068,101709,0,0,16487,217465,0.026752,12645,48426,0.005957,16531,265891,0.032709,8129050
3,2021-01-12,32626,346679,19493,231837,13133,114842,0,0,19978,224963,0.027674,12628,61054,0.007511,20126,286017,0.035185,8129050
3,2021-01-13,34574,381253,18047,249884,16527,131369,0,0,24348,239120,0.029415,10211,71265,0.008767,24368,310385,0.038182,8129050
3,2021-01-14,34761,416014,14219,264103,20542,151911,0,0,28836,262110,0.032244,5884,77149,0.009491,28874,339259,0.041734,8129050
3,2021-01-15,39008,455022,14450,278553,24558,176469,0,0,34323,291837,0.035901,4668,81817,0.010065,34395,373654,0.045965,8129050
3,2021-01-16,21779,476801,7420,285973,14359,190828,0,0,19451,308992,0.038011,2317,84134,0.01035,19472,393126,0.048361,8129050
3,2021-01-17,13152,489953,4459,290432,8693,199521,0,0,12111,320082,0.039375,1040,85174,0.010478,12130,405256,0.049853,8129050
3,2021-01-18,24801,514754,12957,303389,11844,211365,0,0,19190,333716,0.041052,5599,90773,0.011166,19233,424489,0.052219,8129050
3,2021-01-19,41115,555869,20898,324287,20217,231582,0,0,31983,356690,0.043878,9096,99869,0.012285,32070,456559,0.056164,8129050
3,2021-01-20,46229,602098,23033,347320,23196,254778,0,0,36654,383901,0.047226,9527,109396,0.013457,36738,493297,0.060683,8129050
3,2021-01-21,48110,650208,20863,368183,27247,282025,0,0,42590,421116,0.051804,5453,114849,0.014128,42668,535965,0.065932,8129050
3,2021-01-22,49830,700038,19846,388029,29984,312009,0,0,45602,462591,0.056906,4199,119048,0.014645,45674,581639,0.071551,8129050
3,2021-01-23,30373,730411,12800,400829,17573,329582,0,0,27074,486428,0.059838,3291,122339,0.01505,27128,608767,0.074888,8129050
3,2021-01-24,17902,748313,8494,409323,9408,338990,0,0,16714,501988,0.061752,1185,123524,0.015195,16745,625512,0.076948,8129050
3,2021-01-25,40903,789216,18233,427556,22670,361660,0,0,30904,523012,0.064339,9970,133494,0.016422,30994,656506,0.08076,8129050
3,2021-01-26,47389,836605,22629,450185,24760,386420,0,0,37195,550150,0.067677,10160,143654,0.017672,37298,693804,0.085349,8129050
3,2021-01-27,51541,888146,24533,474718,27008,413428,0,0,40858,580477,0.071408,10613,154267,0.018977,40940,734744,0.090385,8129050
3,2021-01-28,51966,940112,24119,498837,27847,441275,0,0,43006,614667,0.075614,8875,163142,0.020069,43065,777809,0.095683,8129050
3,2021-01-29,51078,991190,24505,523342,26573,467848,0,0,41299,646415,0.079519,9601,172743,0.02125,41349,819158,0.100769,8129050
3,2021-01-30,37442,1028632,17795,541137,19647,487495,0,0,32716,674545,0.08298,4671,177414,0.021825,32801,851959,0.104804,8129050
3,2021-01-31,22452,1051084,12755,553892,9697,497192,0,0,21029,694187,0.085396,1408,178822,0.021998,21050,873009,0.107394,8129050
3,2021-02-01,45967,1097051,21012,574904,24955,522147,0,0,35042,718390,0.088373,10872,189694,0.023335,35075,908084,0.111709,8129050
3,2021-02-02,54555,1151606,22762,597666,31793,553940,0,0,42077,748133,0.092032,12384,202078,0.024859,42127,950211,0.116891,8129050
3,2021-02-03,60153,1211759,26699,624365,33454,587394,0,0,44725,777633,0.095661,15297,217375,0.026741,44797,995008,0.122402,8129050
3,2021-02-04,64498,1276257,27922,652287,36576,623970,0,0,47222,807889,0.099383,17080,234455,0.028842,47336,1042344,0.128225,8129050
3,2021-02-05,70484,1346741,29793,682080,40691,664661,0,0,48663,835157,0.102737,21577,256032,0.031496,48845,1091189,0.134233,8129050
3,2021-02-06,43728,1390469,20970,703050,22758,687419,0,0,34066,859790,0.105768,9616,265648,0.032679,34249,1125438,0.138446,8129050
3,2021-02-07,19748,1410217,12556,715606,7192,694611,0,0,15153,870491,0.107084,4576,270224,0.033242,15277,1140715,0.140326,8129050
3,2021-02-08,51607,1461824,24950,740556,26657,721268,0,0,33822,886855,0.109097,17645,287869,0.035412,34009,1174724,0.144509,8129050
3,2021-02-09,58847,1520671,28501,769057,30346,751614,0,0,34404,897439,0.110399,24167,312036,0.038385,34751,1209475,0.148784,8129050
3,2021-02-10,68441,1589112,31854,800911,36587,788201,0,0,36672,903148,0.111101,31469,343505,0.042256,37178,1246653,0.153358,8129050
3,2021-02-11,70844,1659956,34855,835766,35989,824190,0,0,37627,908448,0.111753,32869,376374,0.0463,38169,1284822,0.158053,8129050
3,2021-02-12,75764,1735720,32681,868447,43083,867273,0,0,41751,917267,0.112838,33705,410079,0.050446,42524,1327346,0.163284,8129050
3,2021-02-13,45290,1781010,20519,888966,24771,892044,0,0,26067,924807,0.113766,19109,429188,0.052797,26649,1353995,0.166563,8129050
3,2021-02-14,27440,1808450,13724,902690,13716,905760,0,0,15228,928335,0.1142,12152,441340,0.054292,15680,1369675,0.168491,8129050
3,2021-02-15,40314,1848764,17356,920046,22958,928718,0,0,22263,933598,0.114847,17941,459281,0.056499,23204,1392879,0.171346,8129050
3,2021-02-16,70484,1919248,33358,953404,37126,965844,0,0,36583,937450,0.115321,33759,493040,0.060652,37611,1430490,0.175973,8129050
3,2021-02-17,72323,1991571,36544,989948,35779,1001623,0,0,34250,934938,0.115012,37834,530874,0.065306,35322,1465812,0.180318,8129050
3,2021-02-18,77453,2069024,40451,1030399,37002,1038625,0,0,35797,930618,0.114481,41461,572335,0.070406,37141,1502953,0.184887,8129050
3,2021-02-19,69558,2138582,40098,1070497,29460,1068085,0,0,35090,932102,0.114663,34305,606640,0.074626,35789,1538742,0.189289,8129050
3,2021-02-20,43179,2181761,27284,1097781,15895,1083980,0,0,22517,934584,0.114968,20539,627179,0.077153,23021,1561763,0.192121,8129050
3,2021-02-21,24277,2206038,19521,1117302,4756,1088736,0,0,11821,934434,0.11495,12360,639539,0.078673,12210,1573973,0.193623,8129050
3,2021-02-22,47487,2253525,30927,1148229,16560,1105296,0,0,22190,931956,0.114645,25151,664690,0.081767,22673,1596646,0.196412,8129050
3,2021-02-23,63434,2316959,34442,1182671,28992,1134288,0,0,27622,925986,0.113911,35583,700273,0.086145,29613,1626259,0.200055,8129050
3,2021-02-24,79684,2396643,39142,1221813,40542,1174830,0,0,35185,919451,0.113107,44239,744512,0.091587,37704,1663963,0.204693,8129050
3,2021-02-25,89326,2485969,43502,1265315,45824,1220654,0,0,44439,921913,0.11341,44574,789086,0.09707,47036,1710999,0.21048,8129050
3,2021-02-26,100310,2586279,45908,1311223,54402,1275056,0,0,52928,930098,0.114417,46953,836039,0.102846,55138,1766137,0.217262,8129050
3,2021-02-27,71049,2657328,32650,1343873,38395,1313451,4,4,37516,935639,0.115098,33289,869328,0.106941,38830,1804967,0.222039,8129050
3,2021-02-28,41467,2698795,23953,1367826,17510,1330961,4,8,21281,937895,0.115376,19981,889309,0.109399,22237,1827204,0.224775,8129050
3,2021-03-01,69680,2768475,36974,1404800,32668,1363629,38,46,38655,947152,0.116514,30775,920084,0.113185,40032,1867236,0.229699,8129050
3,2021-03-02,80137,2848612,39609,1444409,40520,1404149,8,54,46278,961819,0.118319,33697,953781,0.11733,48364,1915600,0.235649,8129050
3,2021-03-03,89650,2938262,43038,1487447,46589,1450738,23,77,50216,975134,0.119957,39193,992974,0.122151,52508,1968108,0.242108,8129050
3,2021-03-04,94135,3032397,46092,1533539,48022,1498760,21,98,53398,990341,0.121827,40487,1033461,0.127132,55694,2023802,0.248959,8129050
3,2021-03-05,91081,3123478,44643,1578182,46146,1544906,292,390,55550,1013161,0.124635,35255,1068716,0.131469,58075,2081877,0.256103,8129050
3,2021-03-06,65574,3189052,33300,1611482,30114,1575020,2160,2550,37585,1026536,0.12628,27831,1096547,0.134892,41206,2123083,0.261172,8129050
3,2021-03-07,39236,3228288,22681,1634163,14658,1589678,1897,4447,22057,1034555,0.127266,17097,1113644,0.136996,25116,2148199,0.264262,8129050
3,2021-03-08,60078,3288366,28659,1662822,28413,1618091,3006,7453,38007,1055196,0.129806,21902,1135546,0.13969,42543,2190742,0.269495,8129050
3,2021-03-09,77326,3365692,35713,1698535,37152,1655243,4461,11914,41543,1066716,0.131223,35629,1171175,0.144073,47149,2237891,0.275296,8129050
3,2021-03-10,83183,3448875,41411,1739946,35678,1690921,6094,18008,43497,1078235,0.13264,39451,1210626,0.148926,50970,2288861,0.281566,8129050
3,2021-03-11,97569,3546444,47665,1787611,41278,1732199,8626,26634,47840,1086320,0.133634,49439,1260065,0.155008,57524,2346385,0.288642,8129050
3,2021-03-12,102276,3648720,45568,1833179,44802,1777001,11906,38540,46886,1091085,0.13422,55138,1315203,0.16179,59903,2406288,0.296011,8129050
3,2021-03-13,70717,3719437,29759,1862938,33687,1810688,7271,45811,37390,1103897,0.135797,33189,1348392,0.165873,46001,2452289,0.30167,8129050
3,2021-03-14,41405,3760842,21627,1884565,16214,1826902,3564,49375,20847,1108458,0.136358,20469,1368861,0.168391,25030,2477319,0.304749,8129050
3,2021-03-15,75995,3836837,36030,1920595,35399,1862301,4566,53941,40021,1118300,0.137568,35733,1404594,0.172787,45575,2522894,0.310355,8129050
3,2021-03-16,95397,3932234,43984,1964579,47073,1909374,4340,58281,53665,1135733,0.139713,41473,1446067,0.177889,58906,2581800,0.317602,8129050
3,2021-03-17,98684,4030918,47953,2012532,46179,1955553,4552,62833,59941,1162375,0.14299,38488,1484555,0.182623,65130,2646930,0.325614,8129050
3,2021-03-18,104031,4134949,52888,2065420,46612,2002165,4531,67364,59642,1183006,0.145528,44077,1528632,0.188046,64708,2711638,0.333574,8129050
3,2021-03-19,103602,4238551,55548,2120968,43582,2045747,4472,71836,57633,1199977,0.147616,45675,1574307,0.193664,62646,2774284,0.34128,8129050
3,2021-03-20,72164,4310715,37201,2158169,31295,2077042,3668,75504,44462,1221114,0.150216,27490,1601797,0.197046,48627,2822911,0.347262,8129050
3,2021-03-21,36406,4347121,24747,2182916,10151,2087193,1508,77012,21868,1230539,0.151375,14427,1616224,0.198821,23852,2846763,0.350196,8129050
3,2021-03-22,70806,4417927,41628,2224544,26650,2113843,2528,79540,45103,1253732,0.154229,25451,1641675,0.201952,48644,2895407,0.35618,8129050
3,2021-03-23,90159,4508086,49886,2274430,37733,2151576,2540,82080,55279,1277651,0.157171,34601,1676276,0.206208,58520,2953927,0.363379,8129050
3,2021-03-24,99199,4607285,57079,2331509,39188,2190764,2932,85012,56446,1295255,0.159337,42374,1718650,0.211421,59978,3013905,0.370757,8129050
3,2021-03-25,107855,4715140,59896,2391405,44982,2235746,2977,87989,60801,1312973,0.161516,46696,1765346,0.217165,64414,3078319,0.378681,8129050
3,2021-03-26,111193,4826333,59649,2451054,48193,2283939,3351,91340,57268,1320860,0.162486,53568,1818914,0.223755,61455,3139774,0.386241,8129050
3,2021-03-27,74975,4901308,38097,2489151,34320,2318259,2558,93898,36218,1321795,0.162601,38509,1857423,0.228492,39444,3179218,0.391093,8129050
3,2021-03-28,44573,4945881,28078,2517229,15681,2333940,814,94712,22440,1323682,0.162834,22007,1879430,0.231199,23894,3203112,0.394033,8129050
3,2021-03-29,80986,5026867,42286,2559515,36838,2370778,1862,96574,44258,1334161,0.164123,36453,1915883,0.235684,46932,3250044,0.399806,8129050
3,2021-03-30,100660,5127527,49461,2608976,47552,2418330,3647,100221,56429,1350874,0.166179,43964,1959847,0.241092,60677,3310721,0.40727,8129050
3,2021-03-31,105355,5232882,56829,2665805,43661,2461991,4865,105086,56303,1363568,0.16774,48794,2008641,0.247094,61488,3372209,0.414834,8129050
3,2021-04-01,123931,5356813,62649,2728454,51498,2513489,9784,114870,66841,1383807,0.17023,56664,2065305,0.254065,76903,3449112,0.424295,8129050
3,2021-04-02,118209,5475022,57687,2786141,50160,2563649,10362,125232,62353,1401443,0.172399,55542,2120847,0.260897,73178,3522290,0.433297,8129050
3,2021-04-03,76255,5551277,39009,2825150,27989,2591638,9257,134489,37922,1410738,0.173543,38175,2159022,0.265593,47470,3569760,0.439136,8129050
3,2021-04-04,32482,5583759,17379,2842529,10876,2602514,4227,138716,14178,1410937,0.173567,18223,2177245,0.267835,18422,3588182,0.441402,8129050
3,2021-04-05,89732,5673491,45562,2888091,34912,2637426,9258,147974,43603,1418717,0.174524,45886,2223131,0.27348,53666,3641848,0.448004,8129050
3,2021-04-06,113751,5787242,55331,2943422,43182,2680608,15238,163212,53359,1427901,0.175654,60097,2283228,0.280873,69281,3711129,0.456527,8129050
3,2021-04-07,116583,5903825,60290,3003712,39950,2720558,16343,179555,56218,1440623,0.177219,60083,2343311,0.288264,72805,3783934,0.465483,8129050
3,2021-04-08,121687,6025512,60575,3064287,40900,2761458,20212,199767,56302,1452821,0.17872,65061,2408372,0.296267,77259,3861193,0.474987,8129050
3,2021-04-09,118723,6144235,59168,3123455,40348,2801806,19207,218974,52080,1458606,0.179431,66375,2474747,0.304432,72160,3933353,0.483864,8129050
3,2021-04-10,84573,6228808,37922,3161377,31346,2833152,15305,234279,34333,1458999,0.17948,50038,2524785,0.310588,50431,3983784,0.490068,8129050
3,2021-04-11,45407,6274215,24323,3185700,13054,2846206,8030,242309,17228,1456997,0.179233,28080,2552865,0.314042,26078,4009862,0.493276,8129050
3,2021-04-12,84176,6358391,42518,3228218,32820,2879026,8838,251147,38019,1459027,0.179483,45909,2598774,0.31969,47939,4057801,0.499173,8129050
3,2021-04-13,105705,6464096,57247,3285465,48249,2927275,209,251356,55627,1465927,0.180332,49821,2648595,0.325819,56721,4114522,0.50615,8129050
3,2021-04-14,107846,6571942,58937,3344402,48808,2976083,101,251457,53559,1467042,0.180469,53982,2702577,0.332459,55097,4169619,0.512928,8129050
3,2021-04-15,119603,6691545,67217,3411619,52308,3028391,78,251535,63735,1476129,0.181587,55534,2758111,0.339291,64621,4234240,0.520878,8129050
3,2021-04-16,115827,6807372,64942,3476561,50791,3079182,94,251629,60279,1481947,0.182303,55223,2813334,0.346084,61041,4295281,0.528387,8129050
3,2021-04-17,79704,6887076,43408,3519969,36282,3115464,14,251643,44332,1492128,0.183555,35134,2848468,0.350406,45315,4340596,0.533961,8129050
3,2021-04-18,38835,6925911,23424,3543393,15404,3130868,7,251650,18185,1490668,0.183375,20526,2868994,0.352931,19066,4359662,0.536306,8129050
3,2021-04-19,79479,7005390,44236,3587629,35187,3166055,56,251706,35775,1483518,0.182496,43488,2912482,0.358281,36338,4396000,0.540777,8129050
3,2021-04-20,101240,7106630,53301,3640930,47921,3213976,18,251724,48989,1481566,0.182256,51983,2964465,0.364675,50031,4446031,0.546931,8129050
3,2021-04-21,106168,7212798,59618,3700548,46479,3260455,71,251795,50033,1476999,0.181694,55754,3020219,0.371534,51187,4497218,0.553228,8129050
3,2021-04-22,112259,7325057,63048,3763596,49184,3309639,27,251822,48162,1462412,0.179899,63734,3083953,0.379374,49147,4546365,0.559274,8129050
3,2021-04-23,106637,7431694,60995,3824591,45612,3355251,30,251852,46704,1450594,0.178446,59564,3143517,0.386702,47746,4594111,0.565147,8129050
3,2021-04-24,74126,7505820,45779,3870370,28275,3383526,72,251924,36047,1449912,0.178362,37794,3181311,0.391351,37112,4631223,0.569713,8129050
3,2021-04-25,37039,7542859,23647,3894017,13375,3396901,17,251941,18900,1451251,0.178527,17985,3199296,0.393563,19324,4650547,0.57209,8129050
3,2021-04-26,74224,7617083,41977,3935994,31838,3428739,409,252350,31671,1442403,0.177438,42271,3241567,0.398763,33423,4683970,0.576201,8129050
3,2021-04-27,91380,7708463,47951,3983945,41684,3470423,1745,254095,36245,1426344,0.175463,54816,3296383,0.405507,38757,4722727,0.580969,8129050
3,2021-04-28,87050,7795513,49461,4033406,35447,3505870,2142,256237,35548,1413365,0.173866,51196,3347579,0.411804,38217,4760944,0.58567,8129050
3,2021-04-29,89260,7884773,51011,4084417,36033,3541903,2216,258453,31839,1390830,0.171094,57079,3404658,0.418826,34544,4795488,0.58992,8129050
3,2021-04-30,90977,7975750,51332,4135749,37162,3579065,2483,260936,33887,1370941,0.168647,56722,3461380,0.425804,36833,4832321,0.594451,8129050
3,2021-05-01,55442,8031192,34794,4170543,19173,3598238,1475,262411,19974,1357685,0.167016,35196,3496576,0.430133,21940,4854261,0.59715,8129050
3,2021-05-02,26991,8058183,18433,4188976,7542,3605780,1016,263427,9891,1351698,0.16628,16990,3513566,0.432223,11003,4865264,0.598503,8129050
3,2021-05-03,59946,8118129,35181,4224157,22390,3628170,2375,265802,17533,1329607,0.163562,42179,3555745,0.437412,20088,4885352,0.600975,8129050
3,2021-05-04,77691,8195820,44903,4269060,30104,3658274,2684,268486,22597,1300377,0.159967,54791,3610536,0.444152,25561,4910913,0.604119,8129050
3,2021-05-05,79199,8275019,47549,4316609,28943,3687217,2707,271193,21989,1268492,0.156044,56867,3667403,0.451148,24982,4935895,0.607192,8129050
3,2021-05-06,83527,8358546,52851,4369460,28145,3715362,2531,273724,20715,1229956,0.151304,62327,3729730,0.458815,23791,4959686,0.610119,8129050
3,2021-05-07,82476,8441022,51391,4420851,28464,3743826,2621,276345,21906,1194568,0.146951,60209,3789939,0.466222,24821,4984507,0.613172,8129050
3,2021-05-08,52417,8493439,32465,4453316,18234,3762060,1718,278063,13898,1172195,0.144198,38250,3828189,0.470927,15877,5000384,0.615125,8129050
3,2021-05-09,20938,8514377,15318,4468634,4832,3766892,788,278851,5512,1163229,0.143095,15331,3843520,0.472813,6365,5006749,0.615908,8129050
3,2021-05-10,47992,8562369,25740,4494374,20352,3787244,1900,280751,11145,1139892,0.140225,36644,3880164,0.477321,13307,5020056,0.617545,8129050
3,2021-05-11,63808,8626177,35660,4530034,25930,3813174,2218,282969,16102,1111218,0.136697,47462,3927626,0.483159,18788,5038844,0.619856,8129050
3,2021-05-12,64722,8690899,37184,4567218,25141,3838315,2397,285366,16533,1082513,0.133166,47932,3975558,0.489056,19227,5058071,0.622222,8129050
3,2021-05-13,75136,8766035,47355,4614573,25874,3864189,1907,287273,27468,1065073,0.131021,47425,4022983,0.49489,29985,5088056,0.62591,8129050
3,2021-05-14,80146,8846181,50638,4665211,27376,3891565,2132,289405,31045,1050040,0.129171,48809,4071792,0.500894,33776,5121832,0.630065,8129050
3,2021-05-15,61907,8908088,42688,4707899,18011,3909576,1208,290613,25568,1040898,0.128047,36135,4107927,0.505339,26993,5148825,0.633386,8129050
3,2021-05-16,33081,8941169,24722,4732621,7668,3917244,691,291304,13348,1035410,0.127372,19614,4127541,0.507752,14126,5162951,0.635124,8129050
3,2021-05-17,56817,8997986,36207,4768828,18775,3936019,1835,293139,20945,1022796,0.12582,35598,4163139,0.512131,22984,5185935,0.637951,8129050
3,2021-05-18,64453,9062439,38049,4806877,24545,3960564,1859,294998,24220,1009311,0.124161,39959,4203098,0.517047,26474,5212409,0.641208,8129050
3,2021-05-19,63882,9126321,38834,4845711,23307,3983871,1741,296739,24733,997162,0.122666,38895,4241993,0.521831,26746,5239155,0.644498,8129050
3,2021-05-20,61687,9188008,36100,4881811,23748,4007619,1839,298578,22153,982241,0.120831,39252,4281245,0.52666,24331,5263486,0.647491,8129050
3,2021-05-21,65817,9253825,39976,4921787,23742,4031361,2099,300677,23517,966175,0.118855,41984,4323229,0.531825,25918,5289404,0.650679,8129050
3,2021-05-22,45640,9299465,30251,4952038,13917,4045278,1472,302149,19055,960584,0.118167,26374,4349603,0.535069,20783,5310187,0.653236,8129050
3,2021-05-23,21732,9321197,15039,4967077,6043,4051321,650,302799,9190,958080,0.117859,12455,4362058,0.536601,9951,5320138,0.65446,8129050
3,2021-05-24,39478,9360675,23088,4990165,14634,4065955,1756,304555,14632,950023,0.116868,24650,4386708,0.539634,16593,5336731,0.656501,8129050
3,2021-05-25,42700,9403375,24015,5014180,17009,4082964,1676,306231,15156,939800,0.11561,27281,4413989,0.54299,17058,5353789,0.6586,8129050
3,2021-05-26,42387,9445762,24260,5038440,16408,4099372,1719,307950,15863,931290,0.114563,26228,4440217,0.546216,17718,5371507,0.660779,8129050
3,2021-05-27,39331,9485093,22060,5060500,15521,4114893,1750,309700,15441,924991,0.113788,23729,4463946,0.549135,17430,5388937,0.662923,8129050
3,2021-05-28,42714,9527807,24126,5084626,16792,4131685,1796,311496,17758,920114,0.113188,24753,4488699,0.55218,19876,5408813,0.665368,8129050
3,2021-05-29,23464,9551271,14329,5098955,8298,4139983,837,312333,11008,919761,0.113145,12324,4501023,0.553696,11971,5420784,0.666841,8129050
3,2021-05-30,10579,9561850,6853,5105808,3090,4143073,636,312969,4453,918841,0.113032,6049,4507072,0.55444,5129,5425913,0.667472,8129050
3,2021-05-31,4626,9566476,2673,5108481,1689,4144762,264,313233,1455,917456,0.112861,3133,4510205,0.554826,1748,5427661,0.667687,8129050
3,2021-06-01,37663,9604139,21676,5130157,14551,4159313,1436,314669,13184,908022,0.111701,24246,4534451,0.557808,14812,5442473,0.669509,8129050
3,2021-06-02,31456,9635595,18071,5148228,11978,4171291,1407,316076,11651,901615,0.110913,19598,4554049,0.560219,13191,5455664,0.671132,8129050
3,2021-06-03,39568,9675163,27069,5175297,11066,4182357,1433,317509,11440,886762,0.109086,27947,4581996,0.563657,13094,5468758,0.672743,8129050
3,2021-06-04,46136,9721299,32635,5207932,11955,4194312,1546,319055,13140,869090,0.106912,32759,4614755,0.567687,15087,5483845,0.674599,8129050
3,2021-06-05,34313,9755612,25868,5233800,7259,4201571,1186,320241,8746,853846,0.105036,25360,4640115,0.570807,10116,5493961,0.675843,8129050
3,2021-06-06,14620,9770232,12200,5246000,1839,4203410,581,320822,3756,847542,0.104261,10804,4650919,0.572136,4500,5498461,0.676397,8129050
3,2021-06-07,30367,9800599,22078,5268078,7007,4210417,1282,322104,8719,836162,0.102861,21500,4672419,0.57478,10120,5508581,0.677641,8129050
3,2021-06-08,34290,9834889,24625,5292703,8381,4218798,1284,323388,9966,823509,0.101304,24114,4696533,0.577747,11461,5520042,0.679051,8129050
3,2021-06-09,32959,9867848,23910,5316613,7751,4226549,1298,324686,8871,809926,0.099634,23909,4720442,0.580688,10326,5530368,0.680322,8129050
3,2021-06-10,32445,9900293,23399,5340012,7521,4234070,1525,326211,8948,797251,0.098074,23342,4743784,0.583559,10667,5541035,0.681634,8129050
3,2021-06-11,35516,9935809,25113,5365125,9040,4243110,1363,327574,10582,784633,0.096522,24738,4768522,0.586603,12120,5553155,0.683125,8129050
3,2021-06-12,25136,9960945,18938,5384063,5306,4248416,892,328466,6698,774052,0.09522,18323,4786845,0.588857,7742,5560897,0.684077,8129050
3,2021-06-13,10131,9971076,7578,5391641,2063,4250479,490,328956,2366,769268,0.094632,7711,4794556,0.589805,2927,5563824,0.684437,8129050
3,2021-06-14,25757,9996833,18455,5410096,5886,4256365,1416,330372,8073,761343,0.093657,17553,4812109,0.591964,9628,5573452,0.685622,8129050
3,2021-06-15,28695,10025528,19414,5429510,7781,4264146,1500,331872,9651,753845,0.092735,18817,4830926,0.594279,11319,5584771,0.687014,8129050
3,2021-06-16,25831,10051359,18331,5447841,6090,4270236,1410,333282,8703,747167,0.091913,16946,4847872,0.596364,10268,5595039,0.688277,8129050
3,2021-06-17,24817,10076176,17775,5465616,5756,4275992,1286,334568,8614,741149,0.091173,16053,4863925,0.598339,10035,5605074,0.689512,8129050
3,2021-06-18,27935,10104111,19724,5485340,6642,4282634,1569,336137,9793,734764,0.090387,17915,4881840,0.600542,11530,5616604,0.69093,8129050
3,2021-06-19,15987,10120098,11748,5497088,3382,4286016,857,336994,5715,731295,0.089961,10146,4891986,0.601791,6677,5623281,0.691751,8129050
3,2021-06-20,6857,10126955,5141,5502229,1417,4287433,299,337293,2600,730041,0.089806,4205,4896191,0.602308,2951,5626232,0.692114,8129050
3,2021-06-21,16197,10143152,10213,5512442,4587,4292020,1397,338690,8073,731596,0.089998,8033,4904224,0.603296,9588,5635820,0.693294,8129050
3,2021-06-22,22058,10165210,15469,5527911,5297,4297317,1292,339982,8263,727625,0.089509,13679,4917903,0.604979,9708,5645528,0.694488,8129050
3,2021-06-23,20214,10185424,14166,5542077,4720,4302037,1328,341310,8010,725008,0.089187,12092,4929995,0.606466,9475,5655003,0.695654,8129050
3,2021-06-24,19905,10205329,13861,5555938,4601,4306638,1443,342753,7776,722377,0.088864,11961,4941956,0.607938,9330,5664333,0.696801,8129050
3,2021-06-25,23251,10228580,16495,5572433,5333,4311971,1423,344176,9094,718990,0.088447,14027,4955983,0.609663,10640,5674973,0.69811,8129050
3,2021-06-26,13828,10242408,10255,5582688,2802,4314773,771,344947,5759,717674,0.088285,8000,4963983,0.610647,6684,5681657,0.698932,8129050
3,2021-06-27,6682,10249090,5164,5587852,1210,4315983,308,345255,2859,717085,0.088213,3788,4967771,0.611113,3199,5684856,0.699326,8129050
3,2021-06-28,15846,10264936,12177,5600029,2595,4318578,1074,346329,6688,715896,0.088066,9049,4976820,0.612227,7860,5692716,0.700293,8129050
3,2021-06-29,17921,10282857,12632,5612661,4300,4322878,989,347318,7336,713885,0.087819,10467,4987287,0.613514,8456,5701172,0.701333,8129050
3,2021-06-30,16926,10299783,11985,5624646,3907,4326785,1034,348352,7289,712843,0.087691,9508,4996795,0.614684,8466,5709638,0.702375,8129050
3,2021-07-01,16130,10315913,11498,5636144,3574,4330359,1058,349410,6777,711526,0.087529,9254,5006049,0.615822,7937,5717575,0.703351,8129050
3,2021-07-02,18319,10334232,13044,5649188,4179,4334538,1096,350506,7796,710107,0.087354,10413,5016462,0.617103,8994,5726569,0.704457,8129050
3,2021-07-03,9984,10344216,7225,5656413,2332,4336870,427,350933,4275,709265,0.087251,5646,5022108,0.617798,4804,5731373,0.705048,8129050
3,2021-07-04,702,10344918,406,5656819,209,4337079,87,351020,266,709205,0.087243,429,5022537,0.61785,369,5731742,0.705094,8129050
3,2021-07-05,9478,10354396,6929,5663748,2126,4339205,423,351443,4294,708863,0.087201,5120,5027657,0.61848,4778,5736520,0.705681,8129050
3,2021-07-06,18887,10373283,13700,5677448,4076,4343281,1111,352554,6835,705013,0.086728,11915,5039572,0.619946,8065,5744585,0.706674,8129050
3,2021-07-07,15562,10388845,11041,5688489,3415,4346696,1106,353660,6291,703343,0.086522,9171,5048743,0.621074,7501,5752086,0.707596,8129050
3,2021-07-08,15187,10404032,10965,5699454,3236,4349932,986,354646,6166,701655,0.086315,8927,5057670,0.622172,7239,5759325,0.708487,8129050
3,2021-07-09,17431,10421463,12161,5711615,4071,4354003,1199,355845,7191,700024,0.086114,10128,5067798,0.623418,8497,5767822,0.709532,8129050
3,2021-07-10,10742,10432205,7900,5719515,2181,4356184,661,356506,4568,699231,0.086016,6109,5073907,0.62417,5316,5773138,0.710186,8129050
3,2021-07-11,5085,10437290,3761,5723276,1048,4357232,276,356782,2306,699087,0.085999,2746,5076653,0.624508,2602,5775740,0.710506,8129050
3,2021-07-12,14267,10451557,10399,5733675,2872,4360104,996,357778,5694,697353,0.085785,8495,5085148,0.625553,6761,5782501,0.711338,8129050
3,2021-07-13,15018,10466575,10605,5744280,3508,4363612,905,358683,6572,696561,0.085688,8347,5093495,0.626579,7555,5790056,0.712267,8129050
3,2021-07-14,14284,10480859,10137,5754417,3230,4366842,917,359600,6358,696071,0.085628,7827,5101322,0.627542,7337,5797393,0.71317,8129050
3,2021-07-15,14507,10495366,10482,5764899,3197,4370039,828,360428,6656,695867,0.085602,7759,5109081,0.628497,7555,5804948,0.714099,8129050
3,2021-07-16,17511,10512877,12602,5777501,4034,4374073,875,361303,8366,696136,0.085636,9043,5118124,0.629609,9312,5814260,0.715245,8129050
3,2021-07-17,10959,10523836,7997,5785498,2435,4376508,527,361830,5202,696244,0.085649,5689,5123813,0.630309,5797,5820057,0.715958,8129050
3,2021-07-18,5440,10529276,4110,5789608,1087,4377595,243,362073,2668,696448,0.085674,2735,5126548,0.630645,2939,5822996,0.716319,8129050
3,2021-07-19,14709,10543985,10754,5800362,3098,4380693,857,362930,7215,697200,0.085766,7397,5133945,0.631555,8149,5831145,0.717322,8129050
3,2021-07-20,16183,10560168,11270,5811632,4036,4384729,877,363807,8324,698726,0.085954,7754,5141699,0.632509,9280,5840425,0.718463,8129050
3,2021-07-21,15628,10575796,11095,5822727,3712,4388441,821,364628,7893,699897,0.086098,7615,5149314,0.633446,8786,5849211,0.719544,8129050
3,2021-07-22,15993,10591789,11325,5834052,3747,4392188,921,365549,8322,701650,0.086314,7559,5156873,0.634376,9312,5858523,0.72069,8129050
3,2021-07-23,18738,10610527,13392,5847444,4371,4396559,975,366524,10083,704267,0.086636,8517,5165390,0.635424,11134,5869657,0.722059,8129050
3,2021-07-24,11358,10621885,8157,5855601,2630,4399189,571,367095,6273,706130,0.086865,5010,5170400,0.63604,6873,5876530,0.722905,8129050
3,2021-07-25,5503,10627388,4134,5859735,1174,4400363,195,367290,3993,708897,0.087205,1468,5171868,0.63622,4235,5880765,0.723426,8129050
3,2021-07-26,14501,10641889,10199,5869934,3544,4403907,758,368048,8857,713044,0.087716,5545,5177413,0.636903,9692,5890457,0.724618,8129050
3,2021-07-27,7362,10649251,5244,5875178,1471,4405378,647,368695,4160,714768,0.087928,3158,5180571,0.637291,4882,5895339,0.725219,8129050
4,2020-12-15,456,456,456,456,0,0,0,0,456,456,5.7e-05,0,0,0.0,456,456,5.7e-05,8037679
4,2020-12-16,3050,3506,3050,3506,0,0,0,0,3050,3506,0.000436,0,0,0.0,3050,3506,0.000436,8037679
4,2020-12-17,8966,12472,8966,12472,0,0,0,0,8966,12472,0.001552,0,0,0.0,8966,12472,0.001552,8037679
4,2020-12-18,16215,28687,16203,28675,12,12,0,0,16215,28687,0.003569,0,0,0.0,16215,28687,0.003569,8037679
4,2020-12-19,10394,39081,10385,39060,9,21,0,0,10330,39017,0.004854,0,0,0.0,10330,39017,0.004854,8037679
4,2020-12-20,7429,46510,7422,46482,7,28,0,0,7384,46401,0.005773,0,0,0.0,7384,46401,0.005773,8037679
4,2020-12-21,16414,62924,16388,62870,26,54,0,0,16347,62747,0.007807,1,1,0.0,16347,62748,0.007807,8037679
4,2020-12-22,17220,80144,16469,79339,751,805,0,0,17175,79918,0.009943,4,5,1e-06,17175,79923,0.009944,8037679
4,2020-12-23,17141,97285,14405,93744,2736,3541,0,0,17120,97035,0.012073,3,8,1e-06,17120,97043,0.012074,8037679
4,2020-12-24,8572,105857,5978,99722,2594,6135,0,0,8571,105606,0.013139,0,8,1e-06,8571,105614,0.01314,8037679
4,2020-12-25,907,106764,801,100523,106,6241,0,0,907,106513,0.013252,0,8,1e-06,907,106521,0.013253,8037679
4,2020-12-26,6181,112945,3900,104423,2281,8522,0,0,6181,112694,0.014021,0,8,1e-06,6181,112702,0.014022,8037679
4,2020-12-27,3427,116372,1992,106415,1435,9957,0,0,3427,116121,0.014447,0,8,1e-06,3427,116129,0.014448,8037679
4,2020-12-28,15173,131545,9382,115797,5791,15748,0,0,15144,131262,0.016331,3,11,1e-06,15144,131273,0.016332,8037679
4,2020-12-29,15440,146985,8540,124337,6900,22648,0,0,15406,146667,0.018247,1,12,1e-06,15406,146679,0.018249,8037679
4,2020-12-30,19011,165996,11094,135431,7917,30565,0,0,19000,165665,0.020611,2,14,2e-06,19000,165679,0.020613,8037679
4,2020-12-31,8316,174312,3367,138798,4949,35514,0,0,8303,173959,0.021643,9,23,3e-06,8303,173982,0.021646,8037679
4,2021-01-01,1638,175950,742,139540,896,36410,0,0,1634,175590,0.021846,3,26,3e-06,1634,175616,0.021849,8037679
4,2021-01-02,5740,181690,3243,142783,2497,38907,0,0,5738,181327,0.02256,1,27,3e-06,5738,181354,0.022563,8037679
4,2021-01-03,2148,183838,1271,144054,877,39784,0,0,2134,183458,0.022825,3,30,4e-06,2134,183488,0.022828,8037679
4,2021-01-04,12994,196832,7034,151088,5960,45744,0,0,12945,196374,0.024432,29,59,7e-06,12945,196433,0.024439,8037679
4,2021-01-05,16979,213811,10061,161149,6918,52662,0,0,14762,208962,0.025998,2188,2247,0.00028,14776,211209,0.026277,8037679
4,2021-01-06,21686,235497,13293,174442,8393,61055,0,0,15570,218479,0.027182,6067,8314,0.001034,15584,226793,0.028216,8037679
4,2021-01-07,28041,263538,17096,191538,10945,72000,0,0,16742,224004,0.027869,11238,19552,0.002433,16763,243556,0.030302,8037679
4,2021-01-08,33000,296538,21186,212724,11814,83814,0,0,18393,227878,0.028351,14540,34092,0.004242,18414,261970,0.032593,8037679
4,2021-01-09,16336,312874,9667,222391,6669,90483,0,0,9486,230537,0.028682,6839,40931,0.005092,9498,271468,0.033774,8037679
4,2021-01-10,8800,321674,5684,228075,3116,93599,0,0,4177,230110,0.028629,4612,45543,0.005666,4185,275653,0.034295,8037679
4,2021-01-11,33598,355272,22067,250142,11531,105130,0,0,18909,234405,0.029163,14661,60204,0.00749,18956,294609,0.036653,8037679
4,2021-01-12,38682,393954,22308,272450,16374,121504,0,0,24347,244513,0.030421,14280,74484,0.009267,24388,318997,0.039688,8037679
4,2021-01-13,39013,432967,19327,291777,19686,141190,0,0,27597,260762,0.032442,11375,85859,0.010682,27624,346621,0.043125,8037679
4,2021-01-14,39546,472513,15227,307004,24319,165509,0,0,32307,285898,0.03557,7200,93059,0.011578,32336,378957,0.047148,8037679
4,2021-01-15,45604,518117,15947,322951,29657,195166,0,0,40002,320392,0.039861,5534,98593,0.012266,40028,418985,0.052128,8037679
4,2021-01-16,28854,546971,9418,332369,19436,214602,0,0,25726,343038,0.042679,3098,101691,0.012652,25744,444729,0.055331,8037679
4,2021-01-17,19188,566159,6759,339128,12429,227031,0,0,17654,359194,0.044689,1512,103203,0.01284,17668,462397,0.057529,8037679
4,2021-01-18,29555,595714,13682,352810,15873,242904,0,0,23554,376841,0.046884,5933,109136,0.013578,23580,485977,0.060462,8037679
4,2021-01-19,46276,641990,23125,375935,23151,266055,0,0,36857,404402,0.050313,9371,118507,0.014744,36932,522909,0.065057,8037679
4,2021-01-20,52807,694797,28276,404211,24531,290586,0,0,42206,436167,0.054265,10503,129010,0.016051,42268,565177,0.070316,8037679
4,2021-01-21,58016,752813,26156,430367,31860,322446,0,0,51214,480706,0.059807,6720,135730,0.016887,51259,616436,0.076693,8037679
4,2021-01-22,55593,808406,22343,452710,33250,355696,0,0,50396,526001,0.065442,5128,140858,0.017525,50423,666859,0.082967,8037679
4,2021-01-23,39764,848170,17453,470163,22311,378007,0,0,35403,557082,0.069309,4351,145209,0.018066,35432,702291,0.087375,8037679
4,2021-01-24,24065,872235,10516,480679,13549,391556,0,0,22155,577355,0.071831,1901,147110,0.018303,22174,724465,0.090134,8037679
4,2021-01-25,48186,920421,22298,502977,25888,417444,0,0,36991,603241,0.075052,11163,158273,0.019691,37049,761514,0.094743,8037679
4,2021-01-26,57167,977588,29176,532153,27991,445435,0,0,44821,635815,0.079104,12309,170582,0.021223,44883,806397,0.100327,8037679
4,2021-01-27,56491,1034079,26894,559047,29597,475032,0,0,45358,670173,0.083379,11053,181635,0.022598,45411,851808,0.105977,8037679
4,2021-01-28,56931,1091010,25760,584807,31171,506203,0,0,46847,707079,0.087971,9987,191622,0.02384,46893,898701,0.111811,8037679
4,2021-01-29,56854,1147864,27297,612104,29557,535760,0,0,46339,743139,0.092457,10314,201936,0.025124,46374,945075,0.117581,8037679
4,2021-01-30,38247,1186111,17296,629400,20951,556711,0,0,32856,770688,0.095884,5334,207270,0.025787,32883,977958,0.121672,8037679
4,2021-01-31,24069,1210180,12686,642086,11383,568094,0,0,22360,791377,0.098458,1689,208959,0.025997,22378,1000336,0.124456,8037679
4,2021-02-01,49879,1260059,24044,666130,25835,593929,0,0,38155,817909,0.101759,11667,220626,0.027449,38199,1038535,0.129208,8037679
4,2021-02-02,55786,1315845,25661,691791,30125,624054,0,0,42811,847869,0.105487,12895,233521,0.029053,42855,1081390,0.13454,8037679
4,2021-02-03,62450,1378295,30675,722466,31775,655829,0,0,47870,881364,0.109654,14428,247949,0.030848,47923,1129313,0.140502,8037679
4,2021-02-04,67852,1446147,31470,753936,36382,692211,0,0,50940,915674,0.113923,16738,264687,0.032931,51048,1180361,0.146853,8037679
4,2021-02-05,73660,1519807,34150,788086,39510,731721,0,0,51113,944659,0.117529,22263,286950,0.035701,51248,1231609,0.153229,8037679
4,2021-02-06,48949,1568756,26332,814418,22617,754338,0,0,37286,970556,0.120751,11593,298543,0.037143,37490,1269099,0.157894,8037679
4,2021-02-07,26629,1595385,17609,832027,9020,763358,0,0,20101,984400,0.122473,6495,305038,0.037951,20339,1289438,0.160424,8037679
4,2021-02-08,58948,1654333,30406,862433,28542,791900,0,0,38299,1002455,0.124719,20508,325546,0.040502,38563,1328001,0.165222,8037679
4,2021-02-09,67648,1721981,34275,896708,33373,825273,0,0,39595,1014633,0.126235,27859,353405,0.043969,40037,1368038,0.170203,8037679
4,2021-02-10,77836,1799817,38963,935671,38873,864146,0,0,40872,1019338,0.12682,36712,390117,0.048536,41417,1409455,0.175356,8037679
4,2021-02-11,81974,1881791,42873,978544,39101,903247,0,0,41639,1021596,0.127101,40057,430174,0.05352,42315,1451770,0.180621,8037679
4,2021-02-12,85047,1966838,38160,1016704,46887,950134,0,0,43649,1024924,0.127515,41111,471285,0.058634,44439,1496209,0.186149,8037679
4,2021-02-13,59259,2026097,30034,1046738,29225,979359,0,0,30150,1027015,0.127775,28962,500247,0.062238,31053,1527262,0.190013,8037679
4,2021-02-14,37108,2063205,19300,1066038,17808,997167,0,0,18988,1028599,0.127972,18061,518308,0.064485,19645,1546907,0.192457,8037679
4,2021-02-15,46548,2109753,21835,1087873,24713,1021880,0,0,23826,1030976,0.128268,22632,540940,0.067301,25009,1571916,0.195568,8037679
4,2021-02-16,80835,2190588,37110,1124983,43725,1065605,0,0,41044,1033595,0.128594,39644,580584,0.072233,42263,1614179,0.200827,8037679
4,2021-02-17,82146,2272734,38859,1163842,43287,1108892,0,0,39033,1030858,0.128253,42896,623480,0.07757,40159,1654338,0.205823,8037679
4,2021-02-18,84036,2356770,46271,1210113,37765,1146657,0,0,38766,1026036,0.127653,45067,668547,0.083177,40245,1694583,0.21083,8037679
4,2021-02-19,83438,2440208,52601,1262714,30837,1177494,0,0,41602,1026675,0.127733,41655,710202,0.088359,42294,1736877,0.216092,8037679
4,2021-02-20,49958,2490166,33274,1295988,16684,1194178,0,0,27015,1031529,0.128337,22856,733058,0.091203,27710,1764587,0.219539,8037679
4,2021-02-21,30326,2520492,24083,1320071,6243,1200421,0,0,14626,1030829,0.12825,15612,748670,0.093145,14912,1779499,0.221395,8037679
4,2021-02-22,55509,2576001,38159,1358230,17350,1217771,0,0,26691,1029315,0.128061,28656,777326,0.09671,27142,1806641,0.224771,8037679
4,2021-02-23,76714,2652715,42487,1400717,34227,1251998,0,0,33548,1021580,0.127099,42955,820281,0.102054,35220,1841861,0.229153,8037679
4,2021-02-24,91980,2744695,48609,1449326,43371,1295369,0,0,41306,1014646,0.126236,50394,870675,0.108324,43460,1885321,0.23456,8037679
4,2021-02-25,103570,2848265,54179,1503505,49391,1344760,0,0,49341,1012550,0.125975,53991,924666,0.115041,51895,1937216,0.241017,8037679
4,2021-02-26,109842,2958107,55527,1559032,54315,1399075,0,0,56061,1017501,0.126591,53469,978135,0.121694,58420,1995636,0.248285,8037679
4,2021-02-27,79972,3038079,43561,1602593,36401,1435476,10,10,42603,1024455,0.127457,37145,1015280,0.126315,44099,2039735,0.253772,8037679
4,2021-02-28,49489,3087568,30585,1633178,18897,1454373,7,17,27247,1030552,0.128215,22043,1037323,0.129058,28140,2067875,0.257273,8037679
4,2021-03-01,80400,3167968,47110,1680288,33244,1487617,46,63,44244,1040219,0.129418,35817,1073140,0.133514,45484,2113359,0.262932,8037679
4,2021-03-02,87409,3255377,50209,1730497,37191,1524808,9,72,51104,1057015,0.131507,36105,1109245,0.138006,52901,2166260,0.269513,8037679
4,2021-03-03,101044,3356421,53801,1784298,47227,1572035,16,88,56425,1070838,0.133227,44391,1153636,0.143528,58214,2224474,0.276756,8037679
4,2021-03-04,98435,3454856,54606,1838904,43812,1615847,17,105,53835,1082112,0.13463,44354,1197990,0.149047,55628,2280102,0.283677,8037679
4,2021-03-05,95998,3550854,51935,1890839,43743,1659590,320,425,56605,1101812,0.137081,39164,1237154,0.153919,58864,2338966,0.291,8037679
4,2021-03-06,76870,3627724,43339,1934178,30885,1690475,2646,3071,47153,1123361,0.139762,29577,1266731,0.157599,51126,2390092,0.297361,8037679
4,2021-03-07,44904,3672628,27569,1961747,15143,1705618,2192,5263,26094,1134012,0.141087,18721,1285452,0.159928,29372,2419464,0.301015,8037679
4,2021-03-08,68043,3740671,35617,1997364,29051,1734669,3375,8638,44704,1160198,0.144345,23206,1308658,0.162815,49392,2468856,0.30716,8037679
4,2021-03-09,82101,3822772,41470,2038834,35377,1770046,5254,13892,44284,1173183,0.14596,37623,1346281,0.167496,50608,2519464,0.313457,8037679
4,2021-03-10,91648,3914420,47256,2086090,36903,1806949,7489,21381,46256,1182650,0.147138,45181,1391462,0.173117,54648,2574112,0.320256,8037679
4,2021-03-11,101179,4015599,53064,2139154,39646,1846595,8469,29850,46713,1184686,0.147392,54196,1445658,0.17986,56232,2630344,0.327252,8037679
4,2021-03-12,104906,4120505,51697,2190851,42890,1889485,10319,40169,44816,1180897,0.14692,59792,1505450,0.187299,56003,2686347,0.334219,8037679
4,2021-03-13,81854,4202359,37921,2228772,35470,1924955,8463,48632,38677,1186071,0.147564,43028,1548478,0.192652,48202,2734549,0.340216,8037679
4,2021-03-14,50057,4252416,28492,2257264,17914,1942869,3651,52283,23357,1187074,0.147689,26595,1575073,0.195961,27598,2762147,0.34365,8037679
4,2021-03-15,84019,4336435,45217,2302481,34542,1977411,4260,56543,42602,1193618,0.148503,41145,1616218,0.20108,47689,2809836,0.349583,8037679
4,2021-03-16,108284,4444719,56301,2358782,48558,2025969,3425,59968,57078,1203865,0.149778,50935,1667153,0.207417,61182,2871018,0.357195,8037679
4,2021-03-17,107626,4552345,58006,2416788,46110,2072079,3510,63478,62922,1226401,0.152581,44421,1711574,0.212944,66957,2937975,0.365525,8037679
4,2021-03-18,107638,4659983,59732,2476520,44203,2116282,3703,67181,60862,1244892,0.154882,46483,1758057,0.218727,64974,3002949,0.373609,8037679
4,2021-03-19,112145,4772128,64526,2541046,42392,2158674,5227,72408,63570,1265775,0.15748,48281,1806338,0.224734,69164,3072113,0.382214,8037679
4,2021-03-20,84491,4856619,49416,2590462,32057,2190731,3018,75426,51643,1288060,0.160253,32675,1839013,0.228799,54960,3127073,0.389052,8037679
4,2021-03-21,48438,4905057,35097,2625559,11080,2201811,2261,77687,28213,1298793,0.161588,20084,1859097,0.231298,30817,3157890,0.392886,8037679
4,2021-03-22,82940,4987997,54206,2679765,25996,2227807,2738,80425,51258,1322086,0.164486,31409,1890506,0.235205,54702,3212592,0.399692,8037679
4,2021-03-23,105528,5093525,63176,2742941,40204,2268011,2148,82573,62543,1344623,0.16729,42696,1933202,0.240517,65233,3277825,0.407807,8037679
4,2021-03-24,114318,5207843,73730,2816671,38164,2306175,2424,84997,64272,1362170,0.169473,49590,1982792,0.246687,67137,3344962,0.41616,8037679
4,2021-03-25,117865,5325708,72490,2889161,42968,2349143,2407,87404,67197,1382078,0.17195,50165,2032957,0.252928,70073,3415035,0.424878,8037679
4,2021-03-26,120624,5446332,73145,2962306,44429,2393572,3050,90454,65736,1396950,0.1738,54497,2087454,0.259709,69369,3484404,0.433509,8037679
4,2021-03-27,92614,5538946,54570,3016876,36247,2429819,1797,92251,46927,1400726,0.17427,45423,2132877,0.26536,49199,3533603,0.43963,8037679
4,2021-03-28,56043,5594989,36984,3053860,18184,2448003,875,93126,29620,1405361,0.174847,26232,2159109,0.268623,30867,3564470,0.44347,8037679
4,2021-03-29,94191,5689180,56444,3110304,35663,2483666,2084,95210,50668,1415413,0.176097,43237,2202346,0.274003,53289,3617759,0.4501,8037679
4,2021-03-30,117772,5806952,64294,3174598,49312,2532978,4166,99376,69855,1442184,0.179428,47659,2250005,0.279932,74430,3692189,0.45936,8037679
4,2021-03-31,121669,5928621,71804,3246402,43545,2576523,6320,105696,68152,1463709,0.182106,53139,2303144,0.286543,74664,3766853,0.468649,8037679
4,2021-04-01,142999,6071620,81542,3327944,48155,2624678,13302,118998,84115,1502801,0.18697,58376,2361520,0.293806,97468,3864321,0.480776,8037679
4,2021-04-02,137156,6208776,73283,3401227,50258,2674936,13615,132613,79145,1538095,0.191361,57691,2419211,0.300984,92985,3957306,0.492344,8037679
4,2021-04-03,101489,6310265,54221,3455448,33796,2708732,13472,146085,52765,1555994,0.193587,48506,2467717,0.307019,66405,4023711,0.500606,8037679
4,2021-04-04,46985,6357250,24798,3480246,14652,2723384,7535,153620,20394,1557417,0.193765,26476,2494193,0.310313,27899,4051610,0.504077,8037679
4,2021-04-05,109879,6467129,61702,3541948,35305,2758689,12872,166492,56927,1575016,0.195954,52714,2546907,0.316871,70313,4121923,0.512825,8037679
4,2021-04-06,139270,6606399,78366,3620314,41079,2799768,19825,186317,72212,1600779,0.199159,66801,2613708,0.325182,92564,4214487,0.524341,8037679
4,2021-04-07,138032,6744431,78211,3698525,39046,2838814,20775,207092,71344,1626701,0.202384,66417,2680125,0.333445,92339,4306826,0.53583,8037679
4,2021-04-08,140499,6884930,78273,3776798,36680,2875494,25546,232638,69793,1652179,0.205554,70389,2750514,0.342203,95867,4402693,0.547757,8037679
4,2021-04-09,138095,7023025,75726,3852524,39251,2914745,23118,255756,65805,1670032,0.207775,72023,2822537,0.351163,89876,4492569,0.558939,8037679
4,2021-04-10,104066,7127091,51311,3903835,33831,2948576,18924,274680,46882,1679860,0.208998,56965,2879502,0.35825,66793,4559362,0.567249,8037679
4,2021-04-11,62832,7189923,38142,3941977,13493,2962069,11197,285877,27395,1684171,0.209534,35318,2914820,0.362644,39629,4598991,0.572179,8037679
4,2021-04-12,103149,7293072,62702,4004679,30227,2992296,10220,296097,51958,1696678,0.211091,50875,2965695,0.368974,63382,4662373,0.580065,8037679
4,2021-04-13,130780,7423852,82069,4086748,48542,3040838,169,296266,78182,1723605,0.214441,52285,3017980,0.375479,79212,4741585,0.58992,8037679
4,2021-04-14,135892,7559744,86573,4173321,49243,3090081,76,296342,75038,1739441,0.216411,60507,3078487,0.383007,76343,4817928,0.599418,8037679
4,2021-04-15,156481,7716225,104026,4277347,52385,3142466,70,296412,95792,1775785,0.220933,60286,3138773,0.390507,96630,4914558,0.61144,8037679
4,2021-04-16,143870,7860095,91214,4368561,52577,3195043,79,296491,83418,1799892,0.223932,60111,3198884,0.397986,84218,4998776,0.621918,8037679
4,2021-04-17,101804,7961899,63945,4432506,37835,3232878,24,296515,59589,1818736,0.226276,41918,3240802,0.403201,60762,5059538,0.629477,8037679
4,2021-04-18,56930,8018829,38464,4470970,18463,3251341,3,296518,32045,1827003,0.227305,24742,3265544,0.406279,33009,5092547,0.633584,8037679
4,2021-04-19,101702,8120531,67043,4538013,34641,3285982,18,296536,51726,1829631,0.227632,49718,3315262,0.412465,52346,5144893,0.640097,8037679
4,2021-04-20,132138,8252669,78804,4616817,53318,3339300,16,296552,68715,1836352,0.228468,63083,3378345,0.420314,69804,5214697,0.648781,8037679
4,2021-04-21,134865,8387534,88034,4704851,46777,3386077,54,296606,67879,1838835,0.228777,66563,3444908,0.428595,69046,5283743,0.657372,8037679
4,2021-04-22,141858,8529392,94155,4799006,47680,3433757,23,296629,63313,1825165,0.227076,78136,3523044,0.438316,64466,5348209,0.665392,8037679
4,2021-04-23,135367,8664759,88096,4887102,47247,3481004,24,296653,58724,1808831,0.225044,76272,3599316,0.447805,59938,5408147,0.672849,8037679
4,2021-04-24,99046,8763805,66859,4953961,32138,3513142,49,296702,45614,1802446,0.22425,53119,3652435,0.454414,46734,5454881,0.678664,8037679
4,2021-04-25,50453,8814258,35568,4989529,14858,3528000,27,296729,26350,1805326,0.224608,23950,3676385,0.457394,26830,5481711,0.682002,8037679
4,2021-04-26,92216,8906474,60485,5050014,31333,3559333,398,297127,36301,1787757,0.222422,55604,3731989,0.464312,38035,5519746,0.686734,8037679
4,2021-04-27,114061,9020535,69711,5119725,42033,3601366,2317,299444,41098,1759342,0.218887,72628,3804617,0.473348,44213,5563959,0.692235,8037679
4,2021-04-28,104580,9125115,68348,5188073,33702,3635068,2530,301974,38272,1734850,0.21584,65958,3870575,0.481554,41466,5605425,0.697393,8037679
4,2021-04-29,105851,9230966,67617,5255690,35702,3670770,2532,304506,34229,1700956,0.211623,71260,3941835,0.49042,37366,5642791,0.702042,8037679
4,2021-04-30,105598,9336564,66911,5322601,35983,3706753,2704,307210,36315,1671756,0.20799,68882,4010717,0.498989,39682,5682473,0.706979,8037679
4,2021-05-01,69493,9406057,46125,5368726,21595,3728348,1773,308983,20256,1645470,0.20472,48957,4059674,0.50508,22671,5705144,0.7098,8037679
4,2021-05-02,37638,9443695,26713,5395439,9639,3737987,1286,310269,10569,1630524,0.20286,26947,4086621,0.508433,12001,5717145,0.711293,8037679
4,2021-05-03,79319,9523014,55355,5450794,21478,3759465,2486,312755,19310,1592943,0.198184,59746,4146367,0.515866,22165,5739310,0.714051,8037679
4,2021-05-04,101398,9624412,69405,5520199,29225,3788690,2768,315523,22748,1540500,0.19166,78354,4224721,0.525615,25911,5765221,0.717274,8037679
4,2021-05-05,102353,9726765,72171,5592370,27444,3816134,2738,318261,22213,1485957,0.184874,79798,4304519,0.535543,25255,5790476,0.720416,8037679
4,2021-05-06,112135,9838900,84037,5676407,25157,3841291,2941,321202,19758,1417889,0.176405,91887,4396406,0.546975,23819,5814295,0.72338,8037679
4,2021-05-07,104832,9943732,75368,5751775,26782,3868073,2682,323884,20719,1357971,0.168951,83736,4480142,0.557393,23818,5838113,0.726343,8037679
4,2021-05-08,69551,10013283,47911,5799686,19710,3887783,1930,325814,13785,1318528,0.164043,55516,4535658,0.564299,16073,5854186,0.728343,8037679
4,2021-05-09,34199,10047482,27962,5827648,5291,3893074,946,326760,7492,1300461,0.161796,26599,4562257,0.567609,8532,5862718,0.729404,8037679
4,2021-05-10,64919,10112401,43397,5871045,19201,3912275,2321,329081,11044,1260480,0.156821,53659,4615916,0.574285,13678,5876396,0.731106,8037679
4,2021-05-11,82580,10194981,51533,5922578,28862,3941137,2185,331266,15811,1212453,0.150846,66523,4682439,0.582561,18496,5894892,0.733407,8037679
4,2021-05-12,79535,10274516,52882,5975460,24189,3965326,2464,333730,16637,1169325,0.14548,62604,4745043,0.59035,19476,5914368,0.73583,8037679
4,2021-05-13,104283,10378799,76773,6052233,25976,3991302,1534,335264,40418,1148753,0.142921,63536,4808579,0.598255,42964,5957332,0.741176,8037679
4,2021-05-14,104739,10483538,73956,6126189,28659,4019961,2124,337388,40335,1127666,0.140297,64083,4872662,0.606227,42996,6000328,0.746525,8037679
4,2021-05-15,85352,10568890,65974,6192163,18051,4038012,1327,338715,37643,1119467,0.139277,47459,4920121,0.612132,39260,6039588,0.751409,8037679
4,2021-05-16,51497,10620387,41507,6233670,9279,4047291,711,339426,21098,1111169,0.138245,30246,4950367,0.615895,21948,6061536,0.75414,8037679
4,2021-05-17,71009,10691396,51866,6285536,17301,4064592,1842,341268,28074,1098583,0.136679,42732,4993099,0.621212,30146,6091682,0.757891,8037679
4,2021-05-18,81662,10773058,53111,6338647,26796,4091388,1755,343023,29178,1077760,0.134088,52122,5045221,0.627696,31299,6122981,0.761785,8037679
4,2021-05-19,76813,10849871,51911,6390558,22959,4114347,1943,344966,30846,1065167,0.132522,45671,5090892,0.633378,33078,6156059,0.7659,8037679
4,2021-05-20,69067,10918938,44413,6434971,22658,4137005,1996,346962,25600,1049932,0.130626,43175,5134067,0.63875,27940,6183999,0.769376,8037679
4,2021-05-21,73574,10992512,48519,6483490,23196,4160201,1859,348821,25964,1030707,0.128234,47315,5181382,0.644637,28090,6212089,0.772871,8037679
4,2021-05-22,49828,11042340,34924,6518414,13631,4173832,1273,350094,21675,1025893,0.127635,27988,5209370,0.648119,23174,6235263,0.775754,8037679
4,2021-05-23,23969,11066309,17101,6535515,6145,4179977,723,350817,9759,1022399,0.127201,14086,5223456,0.649871,10592,6245855,0.777072,8037679
4,2021-05-24,43049,11109358,27378,6562893,12669,4192646,3002,353819,15059,1012890,0.126018,27769,5251225,0.653326,18260,6264115,0.779344,8037679
4,2021-05-25,44872,11154230,27877,6590770,14170,4206816,2825,356644,15866,1003040,0.124792,28772,5279997,0.656906,18922,6283037,0.781698,8037679
4,2021-05-26,44594,11198824,26714,6617484,15279,4222095,2601,359245,15836,993115,0.123557,28537,5308534,0.660456,18612,6301649,0.784014,8037679
4,2021-05-27,38901,11237725,23327,6640811,12435,4234530,3139,362384,14644,987013,0.122798,24053,5332587,0.663449,17951,6319600,0.786247,8037679
4,2021-05-28,43249,11280974,27543,6668354,14103,4248633,1603,363987,18855,983565,0.122369,24129,5356716,0.666451,20681,6340281,0.78882,8037679
4,2021-05-29,23686,11304660,15368,6683722,7385,4256018,933,364920,10909,982907,0.122287,12630,5369346,0.668022,11972,6352253,0.790309,8037679
4,2021-05-30,12055,11316715,8465,6692187,3064,4259082,526,365446,5021,981555,0.122119,6968,5376314,0.668889,5616,6357869,0.791008,8037679
4,2021-05-31,3571,11320286,2269,6694456,1141,4260223,161,365607,1139,980493,0.121987,2382,5378696,0.669185,1320,6359189,0.791172,8037679
4,2021-06-01,39432,11359718,24505,6718961,12487,4272710,2440,368047,13029,969996,0.120681,26182,5404878,0.672443,15685,6374874,0.793124,8037679
4,2021-06-02,32598,11392316,20361,6739322,9442,4282152,2795,370842,10875,962276,0.119721,21540,5426418,0.675123,13820,6388694,0.794843,8037679
4,2021-06-03,48035,11440351,36849,6776171,8734,4290886,2452,373294,10363,937895,0.116687,37502,5463920,0.679788,13121,6401815,0.796476,8037679
4,2021-06-04,54788,11495139,44105,6820276,9355,4300241,1328,374622,12759,910989,0.11334,41796,5505716,0.684988,14890,6416705,0.798328,8037679
4,2021-06-05,44790,11539929,38349,6858625,5445,4305686,996,375618,8783,885194,0.110131,35853,5541569,0.689449,10058,6426763,0.799579,8037679
4,2021-06-06,21220,11561149,18936,6877561,1720,4307406,564,376182,3973,872979,0.108611,17147,5558716,0.691582,4932,6431695,0.800193,8037679
4,2021-06-07,38678,11599827,31305,6908866,5455,4312861,1918,378100,8447,853536,0.106192,30095,5588811,0.695326,10652,6442347,0.801518,8037679
4,2021-06-08,40580,11640407,31831,6940697,6205,4319066,2544,380644,9446,834915,0.103875,30945,5619756,0.699176,12324,6454671,0.803052,8037679
4,2021-06-09,38930,11679337,30857,6971554,5712,4324778,2361,383005,7939,814748,0.101366,30820,5650576,0.703011,10653,6465324,0.804377,8037679
4,2021-06-10,37126,11716463,29253,7000807,5248,4330026,2625,385630,8410,797492,0.099219,28555,5679131,0.706564,11299,6476623,0.805783,8037679
4,2021-06-11,38283,11754746,30042,7030849,6228,4336254,2013,387643,9895,781521,0.097232,28232,5707363,0.710076,12261,6488884,0.807308,8037679
4,2021-06-12,26540,11781286,22078,7052927,3750,4340004,712,388355,6044,768106,0.095563,20389,5727752,0.712613,6974,6495858,0.808176,8037679
4,2021-06-13,10832,11792118,8559,7061486,1797,4341801,476,388831,2280,762482,0.094863,8487,5736239,0.713669,2863,6498721,0.808532,8037679
4,2021-06-14,28577,11820695,21375,7082861,4393,4346194,2809,391640,7805,752682,0.093644,20632,5756871,0.716235,10832,6509553,0.80988,8037679
4,2021-06-15,29932,11850627,21160,7104021,5370,4351564,3402,395042,8283,743131,0.092456,21491,5778362,0.718909,11940,6521493,0.811365,8037679
4,2021-06-16,26573,11877200,20029,7124050,3923,4355487,2621,397663,8002,735563,0.091514,18397,5796759,0.721198,10829,6532322,0.812712,8037679
4,2021-06-17,25121,11902321,18547,7142597,3680,4359167,2894,400557,7606,728924,0.090688,17330,5814089,0.723354,10691,6543013,0.814043,8037679
4,2021-06-18,26761,11929082,21104,7163701,4424,4363591,1233,401790,8260,720374,0.089625,18296,5832385,0.72563,9746,6552759,0.815255,8037679
4,2021-06-19,15733,11944815,12724,7176425,2307,4365898,702,402492,5050,715761,0.089051,10535,5842920,0.726941,5922,6558681,0.815992,8037679
4,2021-06-20,7367,11952182,6070,7182495,990,4366888,307,402799,2622,714087,0.088842,4685,5847605,0.727524,3011,6561692,0.816367,8037679
4,2021-06-21,14566,11966748,10529,7193024,2899,4369787,1138,403937,7342,715589,0.089029,7140,5854745,0.728412,8642,6570334,0.817442,8037679
4,2021-06-22,20451,11987199,15953,7208977,3426,4373213,1072,405009,7109,710707,0.088422,13216,5867961,0.730057,8334,6578668,0.818479,8037679
4,2021-06-23,18390,12005589,14436,7223413,2968,4376181,986,405995,6713,706984,0.087959,11543,5879504,0.731493,7820,6586488,0.819451,8037679
4,2021-06-24,17569,12023158,13586,7236999,2996,4379177,987,406982,6553,703806,0.087563,10858,5890362,0.732844,7680,6594168,0.820407,8037679
4,2021-06-25,21518,12044676,16917,7253916,3558,4382735,1043,408025,7790,699214,0.086992,13592,5903954,0.734535,9000,6603168,0.821527,8037679
4,2021-06-26,13005,12057681,10580,7264496,1810,4384545,615,408640,4790,696609,0.086668,8115,5912069,0.735544,5510,6608678,0.822212,8037679
4,2021-06-27,6837,12064518,5535,7270031,959,4385504,343,408983,2882,695970,0.086588,3917,5915986,0.736032,3278,6611956,0.82262,8037679
4,2021-06-28,15016,12079534,12611,7282642,1553,4387057,852,409835,6029,694068,0.086352,8905,5924891,0.73714,7003,6618959,0.823491,8037679
4,2021-06-29,16433,12095967,12752,7295394,2881,4389938,800,410635,6357,691378,0.086017,9968,5934859,0.73838,7278,6626237,0.824397,8037679
4,2021-06-30,14523,12110490,11315,7306709,2469,4392407,739,411374,6034,689883,0.085831,8379,5943238,0.739422,6884,6633121,0.825253,8037679
4,2021-07-01,14411,12124901,11370,7318079,2299,4394706,742,412116,5893,688251,0.085628,8406,5951644,0.740468,6774,6639895,0.826096,8037679
4,2021-07-02,16728,12141629,13281,7331360,2690,4397396,757,412873,6835,686174,0.08537,9799,5961443,0.741687,7722,6647617,0.827057,8037679
4,2021-07-03,9146,12150775,7264,7338624,1473,4398869,409,413282,3962,685491,0.085285,5111,5966554,0.742323,4428,6652045,0.827608,8037679
4,2021-07-04,425,12151200,262,7338886,104,4398973,59,413341,187,685514,0.085288,234,5966788,0.742352,257,6652302,0.82764,8037679
4,2021-07-05,9180,12160380,7473,7346359,1293,4400266,414,413755,4164,685205,0.085249,4936,5971724,0.742966,4627,6656929,0.828215,8037679
4,2021-07-06,16435,12176815,12956,7359315,2681,4402947,798,414553,6057,681910,0.084839,10260,5981984,0.744243,6965,6663894,0.829082,8037679
4,2021-07-07,13661,12190476,10664,7369979,2224,4405171,773,415326,5155,679537,0.084544,8418,5990402,0.74529,6045,6669939,0.829834,8037679
4,2021-07-08,13153,12203629,10295,7380274,2034,4407205,824,416150,5136,677688,0.084314,7901,5998303,0.746273,6052,6675991,0.830587,8037679
4,2021-07-09,15315,12218944,11760,7392034,2624,4409829,931,417081,6218,675991,0.084103,8963,6007266,0.747388,7266,6683257,0.831491,8037679
4,2021-07-10,8784,12227728,6943,7398977,1443,4411272,398,417479,3683,675113,0.083994,5019,6012285,0.748013,4141,6687398,0.832006,8037679
4,2021-07-11,4967,12232695,3979,7402956,787,4412059,201,417680,2233,674881,0.083965,2695,6014980,0.748348,2463,6689861,0.832313,8037679
4,2021-07-12,12982,12245677,10298,7413254,1972,4414031,712,418392,5034,672864,0.083714,7870,6022850,0.749327,5853,6695714,0.833041,8037679
4,2021-07-13,12667,12258344,9705,7422959,2333,4416364,629,419021,5383,671797,0.083581,7179,6030029,0.75022,6112,6701826,0.833801,8037679
4,2021-07-14,11643,12269987,9171,7432130,1927,4418291,545,419566,5050,670953,0.083476,6510,6036539,0.75103,5666,6707492,0.834506,8037679
4,2021-07-15,12352,12282339,9816,7441946,1955,4420246,581,420147,5633,670647,0.083438,6595,6043134,0.751851,6289,6713781,0.835289,8037679
4,2021-07-16,14858,12297197,11586,7453532,2611,4422857,661,420808,6842,670344,0.0834,7914,6051048,0.752835,7611,6721392,0.836235,8037679
4,2021-07-17,9094,12306291,7154,7460686,1622,4424479,318,421126,4301,670311,0.083396,4694,6055742,0.753419,4661,6726053,0.836815,8037679
4,2021-07-18,5111,12311402,4127,7464813,786,4425265,198,421324,2411,670299,0.083395,2644,6058386,0.753748,2632,6728685,0.837143,8037679
4,2021-07-19,12672,12324074,10061,7474874,1974,4427239,637,421961,6001,670449,0.083413,6581,6064967,0.754567,6731,6735416,0.83798,8037679
4,2021-07-20,13551,12337625,10452,7485326,2451,4429690,648,422609,6674,671118,0.083496,6734,6071701,0.755405,7403,6742819,0.838901,8037679
4,2021-07-21,12641,12350266,9842,7495168,2189,4431879,610,423219,6304,671883,0.083592,6207,6077908,0.756177,6972,6749791,0.839769,8037679
4,2021-07-22,13238,12363504,10386,7505554,2227,4434106,625,423844,6912,673280,0.083765,6201,6084109,0.756948,7598,6757389,0.840714,8037679
4,2021-07-23,15384,12378888,11910,7517464,2812,4436918,662,424506,8086,674970,0.083976,7142,6091251,0.757837,8832,6766221,0.841813,8037679
4,2021-07-24,9499,12388387,7441,7524905,1740,4438658,318,424824,4885,675740,0.084072,4479,6095730,0.758394,5249,6771470,0.842466,8037679
4,2021-07-25,4733,12393120,3733,7528638,852,4439510,148,424972,3347,677920,0.084343,1330,6097060,0.75856,3510,6774980,0.842903,8037679
4,2021-07-26,12351,12405471,9718,7538356,2048,4441558,585,425557,7207,680748,0.084695,5015,6102075,0.759184,7843,6782823,0.843878,8037679
4,2021-07-27,6105,12411576,4575,7542931,944,4442502,586,426143,3129,681595,0.0848,2925,6105000,0.759548,3772,6786595,0.844348,8037679
