vemquartile,administered_date,total_doses,cumulative_total_doses,pfizer_doses,cumulative_pfizer_doses,moderna_doses,cumulative_moderna_doses,jj_doses,cumulative_jj_doses,partially_vaccinated,total_partially_vaccinated,pct_age16pop_partially_vaccinated,fully_vaccinated,cumulative_fully_vaccinated,pct_age16pop_fully_vaccinated,at_least_one_dose,cumulative_at_least_one_dose,pct_age16pop_at_least_one_dose,age16_population
1,2020-12-15,147,147,147,147,0,0,0,0,147,147,1.8e-05,0,0,0.0,147,147,1.8e-05,8051741
1,2020-12-16,1154,1301,1154,1301,0,0,0,0,1154,1301,0.000162,0,0,0.0,1154,1301,0.000162,8051741
1,2020-12-17,4106,5407,4106,5407,0,0,0,0,4107,5408,0.000672,0,0,0.0,4107,5408,0.000672,8051741
1,2020-12-18,6247,11654,6227,11634,20,20,0,0,6249,11657,0.001448,0,0,0.0,6249,11657,0.001448,8051741
1,2020-12-19,2866,14520,2865,14499,1,21,0,0,2864,14520,0.001803,1,1,0.0,2864,14521,0.001803,8051741
1,2020-12-20,2081,16601,2077,16576,4,25,0,0,2082,16602,0.002062,0,1,0.0,2082,16603,0.002062,8051741
1,2020-12-21,7594,24195,7583,24159,11,36,0,0,7645,24247,0.003011,0,1,0.0,7645,24248,0.003012,8051741
1,2020-12-22,7269,31464,6930,31089,339,375,0,0,7272,31518,0.003914,1,2,0.0,7272,31520,0.003915,8051741
1,2020-12-23,7778,39242,6560,37649,1218,1593,0,0,7774,39292,0.00488,0,2,0.0,7774,39294,0.00488,8051741
1,2020-12-24,3291,42533,2354,40003,937,2530,0,0,3293,42585,0.005289,0,2,0.0,3293,42587,0.005289,8051741
1,2020-12-25,232,42765,149,40152,83,2613,0,0,232,42817,0.005318,0,2,0.0,232,42819,0.005318,8051741
1,2020-12-26,1354,44119,965,41117,389,3002,0,0,1353,44169,0.005486,1,3,0.0,1353,44172,0.005486,8051741
1,2020-12-27,853,44972,527,41644,326,3328,0,0,853,45022,0.005592,0,3,0.0,853,45025,0.005592,8051741
1,2020-12-28,6995,51967,4739,46383,2256,5584,0,0,6994,52016,0.00646,0,3,0.0,6994,52019,0.006461,8051741
1,2020-12-29,8824,60791,4973,51356,3851,9435,0,0,8821,60836,0.007556,1,4,0.0,8821,60840,0.007556,8051741
1,2020-12-30,11562,72353,6467,57823,5095,14530,0,0,11562,72398,0.008992,0,4,0.0,11562,72402,0.008992,8051741
1,2020-12-31,5916,78269,1952,59775,3964,18494,0,0,5915,78312,0.009726,1,5,1e-06,5915,78317,0.009727,8051741
1,2021-01-01,517,78786,174,59949,343,18837,0,0,517,78829,0.00979,0,5,1e-06,517,78834,0.009791,8051741
1,2021-01-02,2876,81662,1743,61692,1133,19970,0,0,2878,81707,0.010148,0,5,1e-06,2878,81712,0.010148,8051741
1,2021-01-03,1007,82669,539,62231,468,20438,0,0,1006,82712,0.010273,1,6,1e-06,1006,82718,0.010273,8051741
1,2021-01-04,7284,89953,3548,65779,3736,24174,0,0,7289,90000,0.011178,1,7,1e-06,7289,90007,0.011179,8051741
1,2021-01-05,10689,100642,5153,70932,5536,29710,0,0,9948,99240,0.012325,728,735,9.1e-05,9968,99975,0.012417,8051741
1,2021-01-06,13817,114459,6961,77893,6856,36566,0,0,11954,109375,0.013584,1825,2560,0.000318,11960,111935,0.013902,8051741
1,2021-01-07,17338,131797,9068,86961,8270,44836,0,0,12926,117994,0.014654,4313,6873,0.000854,12932,124867,0.015508,8051741
1,2021-01-08,20000,151797,10390,97351,9610,54446,0,0,14152,126320,0.015689,5831,12704,0.001578,14157,139024,0.017266,8051741
1,2021-01-09,6600,158397,3341,100692,3259,57705,0,0,4775,129290,0.016057,1809,14513,0.001802,4779,143803,0.01786,8051741
1,2021-01-10,3023,161420,1716,102408,1307,59012,0,0,1854,129992,0.016145,1153,15666,0.001946,1855,145658,0.01809,8051741
1,2021-01-11,18002,179422,11790,114198,6212,65224,0,0,11490,135033,0.016771,6485,22151,0.002751,11526,157184,0.019522,8051741
1,2021-01-12,18771,198193,10615,124813,8156,73380,0,0,12823,141982,0.017634,5906,28057,0.003485,12855,170039,0.021118,8051741
1,2021-01-13,19609,217802,10561,135374,9048,82428,0,0,14487,151380,0.018801,5099,33156,0.004118,14497,184536,0.022919,8051741
1,2021-01-14,21837,239639,9402,144776,12435,94863,0,0,19110,167861,0.020848,2667,35823,0.004449,19148,203684,0.025297,8051741
1,2021-01-15,25060,264699,9280,154056,15780,110643,0,0,23147,189189,0.023497,1862,37685,0.00468,23190,226874,0.028177,8051741
1,2021-01-16,13835,278534,4537,158593,9298,119941,0,0,12996,201350,0.025007,837,38522,0.004784,12998,239872,0.029791,8051741
1,2021-01-17,5160,283694,1984,160577,3176,123117,0,0,4794,205787,0.025558,362,38884,0.004829,4799,244671,0.030387,8051741
1,2021-01-18,14149,297843,8508,169085,5641,128758,0,0,11024,213734,0.026545,3113,41997,0.005216,11060,255731,0.031761,8051741
1,2021-01-19,24508,322351,12771,181856,11737,140495,0,0,19383,228056,0.028324,5110,47107,0.005851,19432,275163,0.034174,8051741
1,2021-01-20,27918,350269,13514,195370,14404,154899,0,0,22522,245235,0.030457,5375,52482,0.006518,22554,297717,0.036975,8051741
1,2021-01-21,30349,380618,14031,209401,16318,171217,0,0,27289,269579,0.033481,3006,55488,0.006891,27350,325067,0.040372,8051741
1,2021-01-22,27976,408594,11105,220506,16871,188088,0,0,26026,293722,0.036479,1908,57396,0.007128,26051,351118,0.043608,8051741
1,2021-01-23,18610,427204,8176,228682,10434,198522,0,0,16691,308520,0.038317,1904,59300,0.007365,16702,367820,0.045682,8051741
1,2021-01-24,6645,433849,4155,232837,2490,201012,0,0,5999,313881,0.038983,642,59942,0.007445,6003,373823,0.046428,8051741
1,2021-01-25,24718,458567,10248,243085,14470,215482,0,0,19289,327837,0.040716,5413,65355,0.008117,19369,393192,0.048833,8051741
1,2021-01-26,28257,486824,13286,256371,14971,230453,0,0,21787,343211,0.042626,6429,71784,0.008915,21803,414995,0.051541,8051741
1,2021-01-27,31330,518154,15308,271679,16022,246475,0,0,23570,359101,0.044599,7703,79487,0.009872,23593,438588,0.054471,8051741
1,2021-01-28,34235,552389,16002,287681,18233,264708,0,0,27565,380093,0.047206,6614,86101,0.010693,27606,466194,0.0579,8051741
1,2021-01-29,33181,585570,16308,303989,16873,281581,0,0,26771,400611,0.049755,6284,92385,0.011474,26802,492996,0.061228,8051741
1,2021-01-30,19961,605531,8626,312615,11335,292916,0,0,17977,416635,0.051745,1960,94345,0.011717,17984,510980,0.063462,8051741
1,2021-01-31,7584,613115,4985,317600,2599,295515,0,0,6853,422760,0.052505,730,95075,0.011808,6855,517835,0.064313,8051741
1,2021-02-01,28063,641178,12104,329704,15959,311474,0,0,20703,436152,0.054169,7316,102391,0.012717,20708,538543,0.066885,8051741
1,2021-02-02,31766,672944,11453,341157,20313,331787,0,0,23924,452324,0.056177,7784,110175,0.013683,23956,562499,0.069861,8051741
1,2021-02-03,38831,711775,14823,355980,24008,355795,0,0,28204,470048,0.058378,10507,120682,0.014988,28231,590730,0.073367,8051741
1,2021-02-04,43530,755305,17030,373010,26500,382295,0,0,31659,489985,0.060855,11769,132451,0.01645,31706,622436,0.077305,8051741
1,2021-02-05,46565,801870,17309,390319,29256,411551,0,0,30694,504962,0.062715,15759,148210,0.018407,30736,653172,0.081122,8051741
1,2021-02-06,26410,828280,10444,400763,15966,427517,0,0,20623,519857,0.064565,5743,153953,0.01912,20638,673810,0.083685,8051741
1,2021-02-07,6153,834433,3943,404706,2210,429727,0,0,4598,522933,0.064947,1539,155492,0.019312,4615,678425,0.084258,8051741
1,2021-02-08,30955,865388,14015,418721,16940,446667,0,0,20674,533500,0.066259,10183,165675,0.020576,20750,699175,0.086835,8051741
1,2021-02-09,37832,903220,16557,435278,21275,467942,0,0,23255,542357,0.067359,14467,180142,0.022373,23324,722499,0.089732,8051741
1,2021-02-10,46433,949653,21983,457261,24450,492392,0,0,26907,549946,0.068302,19392,199534,0.024781,26981,749480,0.093083,8051741
1,2021-02-11,50285,999938,24741,482002,25544,517936,0,0,30738,561422,0.069727,19356,218890,0.027185,30832,780312,0.096912,8051741
1,2021-02-12,49209,1049147,21264,503266,27945,545881,0,0,28407,569284,0.070703,20675,239565,0.029753,28537,808849,0.100456,8051741
1,2021-02-13,25981,1075128,11296,514562,14685,560566,0,0,15071,573587,0.071238,10844,250409,0.0311,15147,823996,0.102338,8051741
1,2021-02-14,11566,1086694,5460,520022,6106,566672,0,0,6603,575361,0.071458,4935,255344,0.031713,6709,830705,0.103171,8051741
1,2021-02-15,23257,1109951,9214,529236,14043,580715,0,0,14173,580696,0.072121,8998,264342,0.03283,14333,845038,0.104951,8051741
1,2021-02-16,46250,1156201,22085,551321,24165,604880,0,0,27393,589478,0.073211,18798,283140,0.035165,27580,872618,0.108376,8051741
1,2021-02-17,47430,1203631,23983,575304,23447,628327,0,0,25885,594120,0.073788,21448,304588,0.037829,26090,898708,0.111617,8051741
1,2021-02-18,49898,1253529,24925,600229,24973,653300,0,0,26106,596912,0.074135,23605,328193,0.040761,26397,925105,0.114895,8051741
1,2021-02-19,45166,1298695,24463,624692,20703,674003,0,0,25639,603174,0.074912,19437,347630,0.043175,25699,950804,0.118087,8051741
1,2021-02-20,26361,1325056,15946,640638,10415,684418,0,0,15105,607134,0.075404,11221,358851,0.044568,15181,965985,0.119972,8051741
1,2021-02-21,9602,1334658,8384,649022,1218,685636,0,0,5852,609410,0.075687,3713,362564,0.045029,5989,971974,0.120716,8051741
1,2021-02-22,29670,1364328,19503,668525,10167,695803,0,0,17489,614942,0.076374,12138,374702,0.046537,17670,989644,0.122911,8051741
1,2021-02-23,41799,1406127,20065,688590,21734,717537,0,0,23274,620191,0.077026,18417,393119,0.048824,23666,1013310,0.12585,8051741
1,2021-02-24,52183,1458310,25194,713784,26989,744526,0,0,29422,627433,0.077925,22672,415791,0.05164,29914,1043224,0.129565,8051741
1,2021-02-25,63410,1521720,30441,744225,32969,777495,0,0,39567,643782,0.079956,23756,439547,0.05459,40105,1083329,0.134546,8051741
1,2021-02-26,71295,1593015,33552,777777,37743,815238,0,0,47340,667769,0.082935,23821,463368,0.057549,47808,1131137,0.140484,8051741
1,2021-02-27,48071,1641086,21375,799152,26690,841928,6,6,31874,683816,0.084928,16099,479467,0.059548,32146,1163283,0.144476,8051741
1,2021-02-28,18864,1659950,11190,810342,7674,849602,0,6,13991,693211,0.086095,4825,484292,0.060147,14220,1177503,0.146242,8051741
1,2021-03-01,42914,1702864,19565,829907,23341,872943,8,14,27979,706635,0.087762,14845,499137,0.061991,28269,1205772,0.149753,8051741
1,2021-03-02,58201,1761065,23888,853795,34308,907251,5,19,37047,723375,0.089841,21062,520199,0.064607,37802,1243574,0.154448,8051741
1,2021-03-03,67506,1828571,31722,885517,35773,943024,11,30,40944,738657,0.091739,26446,546645,0.067892,41728,1285302,0.15963,8051741
1,2021-03-04,75070,1903641,34605,920122,40433,983457,32,62,48065,760443,0.094445,26864,573509,0.071228,48650,1333952,0.165672,8051741
1,2021-03-05,73665,1977306,32765,952887,40701,1024158,199,261,49013,785994,0.097618,24478,597987,0.074268,50029,1383981,0.171886,8051741
1,2021-03-06,56053,2033359,26526,979413,28202,1052360,1325,1586,38090,808069,0.10036,17909,615896,0.076492,39984,1423965,0.176852,8051741
1,2021-03-07,19351,2052710,12212,991625,6354,1058714,785,2371,14491,818789,0.101691,4846,620742,0.077094,15566,1439531,0.178785,8051741
1,2021-03-08,42896,2095606,20253,1011878,20793,1079507,1850,4221,29910,837965,0.104073,12922,633664,0.078699,32098,1471629,0.182772,8051741
1,2021-03-09,59451,2155057,25838,1037716,31156,1110663,2457,6678,35639,852961,0.105935,23736,657400,0.081647,38732,1510361,0.187582,8051741
1,2021-03-10,69942,2224999,34348,1072064,31367,1142030,4227,10905,43211,874280,0.108583,26631,684031,0.084954,47950,1558311,0.193537,8051741
1,2021-03-11,87012,2312011,39501,1111565,39726,1181756,7785,18690,50999,897816,0.111506,35815,719846,0.089403,59351,1617662,0.200908,8051741
1,2021-03-12,93398,2405409,40161,1151726,41001,1222757,12236,30926,53848,925003,0.114882,39389,759235,0.094295,66576,1684238,0.209177,8051741
1,2021-03-13,62792,2468201,28117,1179843,27016,1249773,7659,38585,40035,950387,0.118035,22663,781898,0.097109,48047,1732285,0.215144,8051741
1,2021-03-14,26707,2494908,14237,1194080,9009,1258782,3461,42046,15832,959055,0.119112,10830,792728,0.098454,19498,1751783,0.217566,8051741
1,2021-03-15,63133,2558041,27366,1221446,29194,1287976,6573,48619,37429,977865,0.121448,25562,818290,0.101629,44372,1796155,0.223077,8051741
1,2021-03-16,83045,2641086,37154,1258600,40413,1328389,5478,54097,52228,1005362,0.124863,30669,848959,0.105438,58166,1854321,0.230301,8051741
1,2021-03-17,89267,2730353,42638,1301238,40134,1368523,6495,60592,57366,1037917,0.128906,31773,880732,0.109384,64328,1918649,0.23829,8051741
1,2021-03-18,94479,2824832,47734,1348972,41255,1409778,5490,66082,58539,1066987,0.132516,35668,916400,0.113814,64738,1983387,0.24633,8051741
1,2021-03-19,99638,2924470,51111,1400083,42470,1452248,6057,72139,59511,1093208,0.135773,39897,956297,0.118769,66118,2049505,0.254542,8051741
1,2021-03-20,69675,2994145,35869,1435952,28636,1480884,5170,77309,45880,1120915,0.139214,23664,979961,0.121708,51371,2100876,0.260922,8051741
1,2021-03-21,25764,3019909,17767,1453719,6239,1487123,1758,79067,16751,1130658,0.140424,8953,988914,0.12282,18696,2119572,0.263244,8051741
1,2021-03-22,56649,3076558,29406,1483125,24069,1511192,3174,82241,38790,1155254,0.143479,17723,1006637,0.125021,42319,2161891,0.2685,8051741
1,2021-03-23,79814,3156372,40448,1523573,35927,1547119,3439,85680,51938,1183410,0.146976,27719,1034356,0.128464,55875,2217766,0.275439,8051741
1,2021-03-24,83907,3240279,42266,1565839,37456,1584575,4185,89865,51393,1206995,0.149905,32330,1066686,0.132479,55915,2273681,0.282384,8051741
1,2021-03-25,91950,3332229,46309,1612148,40106,1624681,5535,95400,53416,1227881,0.152499,38303,1104989,0.137236,59189,2332870,0.289735,8051741
1,2021-03-26,100021,3432250,48186,1660334,45717,1670398,6118,101518,56106,1246776,0.154846,43664,1148653,0.142659,62559,2395429,0.297504,8051741
1,2021-03-27,70457,3502707,36600,1696934,30171,1700569,3686,105204,37046,1254477,0.155802,33242,1181895,0.146788,40943,2436372,0.302589,8051741
1,2021-03-28,31149,3533856,20039,1716973,9913,1710482,1197,106401,16624,1258184,0.156262,14445,1196340,0.148582,18152,2454524,0.304844,8051741
1,2021-03-29,64515,3598371,32185,1749158,29560,1740042,2770,109171,36952,1270697,0.157816,27434,1223774,0.151989,39947,2494471,0.309805,8051741
1,2021-03-30,88284,3686655,43071,1792229,39325,1779367,5888,115059,50482,1289523,0.160155,37696,1261470,0.15667,56522,2550993,0.316825,8051741
1,2021-03-31,96440,3783095,50287,1842516,40464,1819831,5689,120748,55304,1309707,0.162661,40916,1302386,0.161752,61100,2612093,0.324413,8051741
1,2021-04-01,105680,3888775,50698,1893214,47050,1866881,7932,128680,55202,1322708,0.164276,50239,1352625,0.167992,63240,2675333,0.332268,8051741
1,2021-04-02,105414,3994189,48009,1941223,48258,1915139,9147,137827,54805,1336647,0.166007,50279,1402904,0.174236,64218,2739551,0.340243,8051741
1,2021-04-03,74827,4069016,37244,1978467,28377,1943516,9206,147033,35482,1342272,0.166706,39213,1442117,0.179106,44838,2784389,0.345812,8051741
1,2021-04-04,23403,4092419,11630,1990097,8350,1951866,3423,150456,10148,1342649,0.166753,13210,1455327,0.180747,13587,2797976,0.3475,8051741
1,2021-04-05,72983,4165402,34898,2024995,29245,1981111,8840,159296,34075,1347054,0.1673,38774,1494101,0.185562,43179,2841155,0.352862,8051741
1,2021-04-06,100789,4266191,47593,2072588,36935,2018046,16261,175557,46346,1355605,0.168362,54254,1548355,0.192301,62805,2903960,0.360662,8051741
1,2021-04-07,107503,4373694,51805,2124393,38605,2056651,17093,192650,49713,1365099,0.169541,57592,1605947,0.199453,67086,2971046,0.368994,8051741
1,2021-04-08,117890,4491584,55408,2179801,42161,2098812,20321,212971,53107,1374183,0.170669,64499,1670446,0.207464,73583,3044629,0.378133,8051741
1,2021-04-09,115599,4607183,52131,2231932,43487,2142299,19981,232952,51669,1382380,0.171687,63650,1734096,0.215369,71847,3116476,0.387056,8051741
1,2021-04-10,92191,4699374,41314,2273246,28720,2171019,22157,255109,36338,1385273,0.172046,55691,1789787,0.222286,58584,3175060,0.394332,8051741
1,2021-04-11,34696,4734070,19055,2292301,9186,2180205,6455,261564,14271,1385906,0.172125,20363,1810150,0.224815,20996,3196056,0.39694,8051741
1,2021-04-12,71794,4805864,31986,2324287,30056,2210261,9752,271316,30928,1386115,0.172151,40666,1850816,0.229865,40875,3236931,0.402016,8051741
1,2021-04-13,93275,4899139,49268,2373555,43677,2253938,330,271646,50106,1394039,0.173135,42964,1893780,0.235201,50888,3287819,0.408336,8051741
1,2021-04-14,99188,4998327,51310,2424865,47816,2301754,62,271708,50660,1397059,0.17351,48240,1942020,0.241193,51260,3339079,0.414703,8051741
1,2021-04-15,100019,5098346,53994,2478859,45945,2347699,80,271788,53548,1405123,0.174512,46015,1988035,0.246907,54079,3393158,0.421419,8051741
1,2021-04-16,103585,5201931,53359,2532218,50140,2397839,86,271874,52219,1406659,0.174702,51026,2039061,0.253245,52562,3445720,0.427947,8051741
1,2021-04-17,77592,5279523,42545,2574763,35040,2432879,7,271881,43588,1416646,0.175943,33851,2072912,0.257449,43838,3489558,0.433392,8051741
1,2021-04-18,27708,5307231,18318,2593081,9384,2442263,6,271887,14543,1418372,0.176157,13096,2086008,0.259075,14822,3504380,0.435233,8051741
1,2021-04-19,63548,5370779,32486,2625567,31038,2473301,24,271911,29014,1413382,0.175537,34267,2120275,0.263331,29277,3533657,0.438869,8051741
1,2021-04-20,83545,5454324,41876,2667443,41653,2514954,16,271927,39855,1410327,0.175158,43437,2163712,0.268726,40382,3574039,0.443884,8051741
1,2021-04-21,90072,5544396,46053,2713496,43931,2558885,88,272015,41131,1403807,0.174348,48544,2212256,0.274755,42024,3616063,0.449103,8051741
1,2021-04-22,90728,5635124,47238,2760734,43471,2602356,19,272034,42405,1399022,0.173754,47948,2260204,0.28071,43163,3659226,0.454464,8051741
1,2021-04-23,93564,5728688,48065,2808799,45474,2647830,25,272059,45090,1396647,0.173459,48118,2308322,0.286686,45743,3704969,0.460145,8051741
1,2021-04-24,71843,5800531,45707,2854506,26125,2673955,11,272070,41449,1408415,0.174921,30210,2338532,0.290438,41978,3746947,0.465359,8051741
1,2021-04-25,26673,5827204,17095,2871601,9570,2683525,8,272078,15392,1412809,0.175466,11209,2349741,0.29183,15603,3762550,0.467296,8051741
1,2021-04-26,57062,5884266,30611,2902212,26107,2709632,344,272422,27063,1411070,0.17525,29784,2379525,0.295529,28045,3790595,0.47078,8051741
1,2021-04-27,72158,5956424,38362,2940574,32688,2742320,1108,273530,31042,1402880,0.174233,40846,2420371,0.300602,32656,3823251,0.474835,8051741
1,2021-04-28,70790,6027214,37312,2977886,32134,2774454,1344,274874,31041,1396391,0.173427,39514,2459885,0.30551,33025,3856276,0.478937,8051741
1,2021-04-29,61143,6088357,32479,3010365,27438,2801892,1226,276100,24731,1386723,0.172226,36207,2496092,0.310006,26539,3882815,0.482233,8051741
1,2021-04-30,56847,6145204,31496,3041861,24264,2826156,1087,277187,22532,1376827,0.170997,34161,2530253,0.314249,24265,3907080,0.485247,8051741
2,2020-12-15,232,232,232,232,0,0,0,0,232,232,2.9e-05,0,0,0.0,232,232,2.9e-05,7897587
2,2020-12-16,1925,2157,1925,2157,0,0,0,0,1925,2157,0.000273,0,0,0.0,1925,2157,0.000273,7897587
2,2020-12-17,6659,8816,6659,8816,0,0,0,0,6660,8817,0.001116,0,0,0.0,6660,8817,0.001116,7897587
2,2020-12-18,10826,19642,10807,19623,19,19,0,0,10827,19644,0.002487,0,0,0.0,10827,19644,0.002487,7897587
2,2020-12-19,5572,25214,5567,25190,5,24,0,0,5574,25218,0.003193,0,0,0.0,5574,25218,0.003193,7897587
2,2020-12-20,4216,29430,4209,29399,7,31,0,0,4213,29431,0.003727,0,0,0.0,4213,29431,0.003727,7897587
2,2020-12-21,12762,42192,12739,42138,23,54,0,0,12717,42148,0.005337,0,0,0.0,12717,42148,0.005337,7897587
2,2020-12-22,12036,54228,11529,53667,507,561,0,0,12036,54184,0.006861,0,0,0.0,12036,54184,0.006861,7897587
2,2020-12-23,11604,65832,9416,63083,2188,2749,0,0,11606,65790,0.00833,0,0,0.0,11606,65790,0.00833,7897587
2,2020-12-24,5841,71673,3488,66571,2353,5102,0,0,5838,71628,0.00907,0,0,0.0,5838,71628,0.00907,7897587
2,2020-12-25,477,72150,401,66972,76,5178,0,0,478,72106,0.00913,0,0,0.0,478,72106,0.00913,7897587
2,2020-12-26,2565,74715,1669,68641,896,6074,0,0,2567,74673,0.009455,0,0,0.0,2567,74673,0.009455,7897587
2,2020-12-27,2210,76925,1196,69837,1014,7088,0,0,2208,76880,0.009735,1,1,0.0,2208,76881,0.009735,7897587
2,2020-12-28,10901,87826,7083,76920,3818,10906,0,0,10901,87780,0.011115,1,2,0.0,10901,87782,0.011115,7897587
2,2020-12-29,12680,100506,7185,84105,5495,16401,0,0,12684,100464,0.012721,0,2,0.0,12684,100466,0.012721,7897587
2,2020-12-30,15315,115821,8632,92737,6683,23084,0,0,15331,115794,0.014662,1,3,0.0,15331,115797,0.014662,7897587
2,2020-12-31,7495,123316,2801,95538,4694,27778,0,0,7492,123285,0.01561,1,4,1e-06,7492,123289,0.015611,7897587
2,2021-01-01,1092,124408,526,96064,566,28344,0,0,1093,124377,0.015749,1,5,1e-06,1093,124382,0.015749,7897587
2,2021-01-02,4805,129213,2751,98815,2054,30398,0,0,4803,129180,0.016357,0,5,1e-06,4803,129185,0.016358,7897587
2,2021-01-03,1380,130593,789,99604,591,30989,0,0,1375,130552,0.016531,3,8,1e-06,1375,130560,0.016532,7897587
2,2021-01-04,11487,142080,5433,105037,6054,37043,0,0,11474,142022,0.017983,4,12,2e-06,11474,142034,0.017984,7897587
2,2021-01-05,13763,155843,6870,111907,6893,43936,0,0,12590,153475,0.019433,1166,1178,0.000149,12619,154653,0.019582,7897587
2,2021-01-06,18845,174688,10421,122328,8424,52360,0,0,15138,164956,0.020887,3662,4840,0.000613,15143,169796,0.0215,7897587
2,2021-01-07,22825,197513,12831,135159,9994,62354,0,0,15556,173233,0.021935,7292,12132,0.001536,15569,185365,0.023471,7897587
2,2021-01-08,26256,223769,15949,151108,10307,72661,0,0,16234,179491,0.022727,9991,22123,0.002801,16249,201614,0.025529,7897587
2,2021-01-09,9544,233313,5546,156654,3998,76659,0,0,6173,182276,0.02308,3392,25515,0.003231,6177,207791,0.026311,7897587
2,2021-01-10,5257,238570,2913,159567,2344,79003,0,0,3050,183100,0.023184,2230,27745,0.003513,3054,210845,0.026697,7897587
2,2021-01-11,25905,264475,17813,177380,8092,87095,0,0,14990,187187,0.023702,10949,38694,0.004899,15036,225881,0.028601,7897587
2,2021-01-12,25927,290402,16102,193482,9825,96920,0,0,16478,194253,0.024597,9479,48173,0.0061,16545,242426,0.030696,7897587
2,2021-01-13,28210,318612,14866,208348,13344,110264,0,0,20314,206699,0.026172,7890,56063,0.007099,20336,262762,0.033271,7897587
2,2021-01-14,29985,348597,11382,219730,18603,128867,0,0,25810,228352,0.028914,4202,60265,0.007631,25855,288617,0.036545,7897587
2,2021-01-15,35074,383671,12924,232654,22150,151017,0,0,31862,257050,0.032548,3225,63490,0.008039,31923,320540,0.040587,7897587
2,2021-01-16,17540,401211,5609,238263,11931,162948,0,0,16232,271958,0.034436,1334,64824,0.008208,16242,336782,0.042644,7897587
2,2021-01-17,10547,411758,3517,241780,7030,169978,0,0,9845,281084,0.035591,727,65551,0.0083,9853,346635,0.043891,7897587
2,2021-01-18,19619,431377,10982,252762,8637,178615,0,0,14899,291290,0.036883,4736,70287,0.0089,14942,361577,0.045783,7897587
2,2021-01-19,32179,463556,16780,269542,15399,194014,0,0,24219,307653,0.038955,7965,78252,0.009908,24328,385905,0.048864,7897587
2,2021-01-20,36362,499918,17982,287524,18380,212394,0,0,27879,327154,0.041425,8463,86715,0.01098,27964,413869,0.052404,7897587
2,2021-01-21,40372,540290,17157,304681,23215,235609,0,0,36006,358965,0.045452,4345,91060,0.01153,36156,450025,0.056983,7897587
2,2021-01-22,38994,579284,16283,320964,22711,258320,0,0,35718,391436,0.049564,3279,94339,0.011945,35750,485775,0.061509,7897587
2,2021-01-23,23896,603180,10807,331771,13089,271409,0,0,20950,409494,0.051851,2921,97260,0.012315,20979,506754,0.064166,7897587
2,2021-01-24,12429,615609,6156,337927,6273,277682,0,0,11516,420120,0.053196,900,98160,0.012429,11526,518280,0.065625,7897587
2,2021-01-25,33451,649060,15494,353421,17957,295639,0,0,24779,436366,0.055253,8650,106810,0.013524,24896,543176,0.068777,7897587
2,2021-01-26,40017,689077,19798,373219,20219,315858,0,0,31134,458714,0.058083,8862,115672,0.014646,31210,574386,0.072729,7897587
2,2021-01-27,44757,733834,22844,396063,21913,337771,0,0,34939,483981,0.061282,9725,125397,0.015878,34992,609378,0.07716,7897587
2,2021-01-28,47719,781553,22499,418562,25220,362991,0,0,39250,514870,0.065193,8418,133815,0.016944,39307,648685,0.082137,7897587
2,2021-01-29,45251,826804,22133,440695,23118,386109,0,0,36752,543266,0.068789,8402,142217,0.018008,36798,685483,0.086797,7897587
2,2021-01-30,31085,857889,13494,454189,17591,403700,0,0,27871,567989,0.071919,3175,145392,0.01841,27898,713381,0.090329,7897587
2,2021-01-31,17538,875427,10641,464830,6897,410597,0,0,16328,583145,0.073838,1192,146584,0.018561,16348,729729,0.092399,7897587
2,2021-02-01,40047,915474,19138,483968,20909,431506,0,0,29717,602593,0.076301,10300,156884,0.019865,29748,759477,0.096166,7897587
2,2021-02-02,47683,963157,19717,503685,27966,459472,0,0,36297,627673,0.079477,11312,168196,0.021297,36392,795869,0.100774,7897587
2,2021-02-03,53487,1016644,23754,527439,29733,489205,0,0,39742,653840,0.08279,13657,181853,0.023026,39824,835693,0.105816,7897587
2,2021-02-04,55671,1072315,24204,551643,31467,520672,0,0,40815,679975,0.086099,14768,196621,0.024896,40903,876596,0.110995,7897587
2,2021-02-05,59379,1131694,26302,577945,33077,553749,0,0,40322,701596,0.088837,18891,215512,0.027288,40512,917108,0.116125,7897587
2,2021-02-06,38744,1170438,18133,596078,20611,574360,0,0,31237,725472,0.09186,7440,222952,0.02823,31316,948424,0.12009,7897587
2,2021-02-07,15885,1186323,10643,606721,5242,579602,0,0,12035,733744,0.092907,3827,226779,0.028715,12099,960523,0.121622,7897587
2,2021-02-08,42920,1229243,22053,628774,20867,600469,0,0,29610,750341,0.095009,13206,239985,0.030387,29803,990326,0.125396,7897587
2,2021-02-09,48984,1278227,23368,652142,25616,626085,0,0,30818,763390,0.096661,18084,258069,0.032677,31133,1021459,0.129338,7897587
2,2021-02-10,59171,1337398,27993,680135,31178,657263,0,0,34729,774227,0.098033,24233,282302,0.035745,35070,1056529,0.133779,7897587
2,2021-02-11,63401,1400799,29411,709546,33990,691253,0,0,35856,783294,0.099181,27264,309566,0.039198,36331,1092860,0.138379,7897587
2,2021-02-12,64504,1465303,27922,737468,36582,727835,0,0,34543,788719,0.099868,29766,339332,0.042967,35191,1128051,0.142835,7897587
2,2021-02-13,37367,1502670,15687,753155,21680,749515,0,0,21657,795127,0.10068,15626,354958,0.044945,22034,1150085,0.145625,7897587
2,2021-02-14,19861,1522531,9313,762468,10548,760063,0,0,11200,798123,0.101059,8624,363582,0.046037,11620,1161705,0.147096,7897587
2,2021-02-15,32733,1555264,14794,777262,17939,778002,0,0,18276,802887,0.101662,14351,377933,0.047854,19115,1180820,0.149517,7897587
2,2021-02-16,55701,1610965,27577,804839,28124,806126,0,0,29400,806933,0.102175,26225,404158,0.051175,30271,1211091,0.153349,7897587
2,2021-02-17,60852,1671817,31533,836372,29319,835445,0,0,30282,807831,0.102288,30524,434682,0.05504,31422,1242513,0.157328,7897587
2,2021-02-18,65380,1737197,33293,869665,32087,867532,0,0,32039,808221,0.102338,33144,467826,0.059237,33534,1276047,0.161574,7897587
2,2021-02-19,58523,1795720,32616,902281,25907,893439,0,0,29137,808790,0.10241,29269,497095,0.062943,29838,1305885,0.165352,7897587
2,2021-02-20,36717,1832437,23979,926260,12738,906177,0,0,19957,813045,0.102949,16692,513787,0.065056,20947,1326832,0.168005,7897587
2,2021-02-21,17790,1850227,14370,940630,3420,909597,0,0,8742,814179,0.103092,8987,522774,0.066194,10121,1336953,0.169286,7897587
2,2021-02-22,37052,1887279,25456,966086,11596,921193,0,0,17804,814066,0.103078,19158,541932,0.06862,19045,1355998,0.171698,7897587
2,2021-02-23,50616,1937895,25792,991878,24824,946017,0,0,22334,811011,0.102691,28120,570052,0.072181,25065,1381063,0.174872,7897587
2,2021-02-24,67676,2005571,34845,1026723,32831,978848,0,0,31309,809393,0.102486,36240,606292,0.076769,34622,1415685,0.179255,7897587
2,2021-02-25,72805,2078376,34060,1060783,38745,1017593,0,0,36995,814386,0.103118,35617,641909,0.081279,40610,1456295,0.184397,7897587
2,2021-02-26,81029,2159405,34729,1095512,46300,1063893,0,0,43988,823817,0.104312,36823,678732,0.085942,46254,1502549,0.190254,7897587
2,2021-02-27,58483,2217888,26600,1122112,31879,1095772,4,4,31927,830860,0.105204,26383,705115,0.089282,33426,1535975,0.194487,7897587
2,2021-02-28,28826,2246714,17290,1139402,11535,1107307,1,5,16863,837425,0.106036,11886,717001,0.090787,18451,1554426,0.196823,7897587
2,2021-03-01,55060,2301774,28899,1168301,26146,1133453,15,20,30182,844790,0.106968,24692,741693,0.093914,32057,1586483,0.200882,7897587
2,2021-03-02,64312,2366086,29802,1198103,34505,1167958,5,25,35925,855488,0.108323,28290,769983,0.097496,38988,1625471,0.205819,7897587
2,2021-03-03,77444,2443530,37470,1235573,39968,1207926,6,31,43586,868524,0.109973,33703,803686,0.101763,46739,1672210,0.211737,7897587
2,2021-03-04,85252,2528782,41782,1277355,43444,1251370,26,57,49271,884797,0.112034,35825,839511,0.1063,52098,1724308,0.218334,7897587
2,2021-03-05,78233,2607015,36654,1314009,41285,1292655,294,351,47850,905165,0.114613,30220,869731,0.110126,50588,1774896,0.224739,7897587
2,2021-03-06,61127,2668142,29782,1343791,29690,1322345,1655,2006,37529,922440,0.1168,23503,893234,0.113102,40778,1815674,0.229902,7897587
2,2021-03-07,26746,2694888,15472,1359263,10335,1332680,939,2945,17130,932351,0.118055,9561,902795,0.114313,19472,1835146,0.232368,7897587
2,2021-03-08,48744,2743632,22214,1381477,24111,1356791,2419,5364,30726,949215,0.120191,17922,920717,0.116582,34786,1869932,0.236773,7897587
2,2021-03-09,62986,2806618,25822,1407299,33426,1390217,3738,9102,33605,959231,0.121459,29269,949986,0.120288,39285,1909217,0.241747,7897587
2,2021-03-10,74485,2881103,34912,1442211,33394,1423611,6179,15281,39489,971882,0.123061,34835,984821,0.124699,47486,1956703,0.24776,7897587
2,2021-03-11,90495,2971598,41529,1483740,40821,1464432,8145,23426,47617,986924,0.124965,42640,1027461,0.130098,57682,2014385,0.255063,7897587
2,2021-03-12,91392,3062990,37609,1521349,41964,1506396,11819,35245,45837,1000573,0.126694,45391,1072852,0.135846,59040,2073425,0.262539,7897587
2,2021-03-13,67065,3130055,28090,1549439,31172,1537568,7803,43048,37048,1016815,0.12875,29917,1102769,0.139634,46159,2119584,0.268384,7897587
2,2021-03-14,35858,3165913,17749,1567188,13678,1551246,4431,47479,19176,1024597,0.129735,16608,1119377,0.141737,24390,2143974,0.271472,7897587
2,2021-03-15,65982,3231895,29724,1596912,31323,1582569,4935,52414,36689,1038241,0.131463,29112,1148489,0.145423,42756,2186730,0.276886,7897587
2,2021-03-16,84836,3316731,37417,1634329,43486,1626055,3933,56347,52037,1062981,0.134596,32659,1181148,0.149558,57399,2244129,0.284154,7897587
2,2021-03-17,90295,3407026,43282,1677611,43060,1669115,3953,60300,57728,1093399,0.138447,32365,1213513,0.153656,62783,2306912,0.292103,7897587
2,2021-03-18,94978,3502004,44771,1722382,45807,1714922,4400,64700,58779,1121657,0.142025,35945,1249458,0.158208,64203,2371115,0.300233,7897587
2,2021-03-19,95068,3597072,44784,1767166,44269,1759191,6015,70715,57292,1148131,0.145377,37548,1287006,0.162962,64022,2435137,0.308339,7897587
2,2021-03-20,68245,3665317,32740,1799906,31644,1790835,3861,74576,45558,1175580,0.148853,22509,1309515,0.165812,49958,2485095,0.314665,7897587
2,2021-03-21,32426,3697743,20842,1820748,9633,1800468,1951,76527,20607,1187327,0.15034,11735,1321250,0.167298,23482,2508577,0.317638,7897587
2,2021-03-22,61329,3759072,33612,1854360,25170,1825638,2547,79074,41538,1212873,0.153575,19634,1340884,0.169784,45180,2553757,0.323359,7897587
2,2021-03-23,81505,3840577,42942,1897302,35761,1861399,2802,81876,53798,1242930,0.157381,27493,1368377,0.173265,57550,2611307,0.330646,7897587
2,2021-03-24,89674,3930251,48268,1945570,38357,1899756,3049,84925,53744,1265403,0.160227,35684,1404061,0.177784,58157,2669464,0.33801,7897587
2,2021-03-25,98462,4028713,49293,1994863,45438,1945194,3731,88656,56790,1285290,0.162745,41409,1445470,0.183027,61296,2730760,0.345771,7897587
2,2021-03-26,100574,4129287,49917,2044780,47256,1992450,3401,92057,56868,1303253,0.165019,43408,1488878,0.188523,61371,2792131,0.353542,7897587
2,2021-03-27,73680,4202967,36640,2081420,33790,2026240,3250,95307,38012,1309902,0.165861,35485,1524363,0.193016,42134,2834265,0.358877,7897587
2,2021-03-28,36725,4239692,22468,2103888,13454,2039694,803,96110,20740,1316287,0.16667,15896,1540259,0.195029,22281,2856546,0.361699,7897587
2,2021-03-29,69665,4309357,35521,2139409,31969,2071663,2175,98285,40866,1331569,0.168605,28656,1568915,0.198658,43938,2900484,0.367262,7897587
2,2021-03-30,89463,4398820,43536,2182945,41928,2113591,3999,102284,55107,1357086,0.171836,34204,1603119,0.202988,59721,2960205,0.374824,7897587
2,2021-03-31,98684,4497504,50791,2233736,43014,2156605,4879,107163,58350,1380575,0.17481,40130,1643249,0.20807,63619,3023824,0.382879,7897587
2,2021-04-01,113765,4611269,54754,2288490,50403,2207008,8608,115771,62664,1401459,0.177454,50873,1694122,0.214511,71757,3095581,0.391965,7897587
2,2021-04-02,108585,4719854,50133,2338623,48776,2255784,9676,125447,59267,1421870,0.180039,49027,1743149,0.220719,69438,3165019,0.400758,7897587
2,2021-04-03,74601,4794455,36606,2375229,28575,2284359,9420,134867,37380,1432138,0.181339,37058,1780207,0.225412,47326,3212345,0.40675,7897587
2,2021-04-04,28599,4823054,14707,2389936,10122,2294481,3770,138637,13162,1433783,0.181547,15371,1795578,0.227358,17016,3229361,0.408905,7897587
2,2021-04-05,77628,4900682,38232,2428168,30922,2325403,8474,147111,38246,1442151,0.182607,39271,1834849,0.23233,47639,3277000,0.414937,7897587
2,2021-04-06,101529,5002211,49573,2477741,37772,2363175,14184,161295,48901,1453537,0.184048,52416,1887265,0.238967,63802,3340802,0.423016,7897587
2,2021-04-07,108182,5110393,54209,2531950,38170,2401345,15803,177098,51829,1465907,0.185615,56142,1943407,0.246076,68512,3409314,0.431691,7897587
2,2021-04-08,116659,5227052,56390,2588340,42130,2443475,18139,195237,54732,1477758,0.187115,61691,2005098,0.253887,73542,3482856,0.441003,7897587
2,2021-04-09,115624,5342676,55904,2644244,42165,2485640,17555,212792,55334,1491771,0.188889,60023,2065121,0.261488,74036,3556892,0.450377,7897587
2,2021-04-10,84205,5426881,36857,2681101,29697,2515337,17651,230443,35023,1496221,0.189453,49027,2114148,0.267695,53477,3610369,0.457148,7897587
2,2021-04-11,43395,5470276,22325,2703426,12651,2527988,8419,238862,17757,1497870,0.189662,25555,2139703,0.270931,27204,3637573,0.460593,7897587
2,2021-04-12,78173,5548449,36464,2739890,32550,2560538,9159,248021,35269,1500617,0.19001,42697,2182400,0.276338,45444,3683017,0.466347,7897587
2,2021-04-13,99286,5647735,51216,2791106,47833,2608371,237,248258,54621,1512158,0.191471,44476,2226876,0.281969,56017,3739034,0.47344,7897587
2,2021-04-14,103708,5751443,54431,2845537,49231,2657602,46,248304,53689,1518060,0.192218,49818,2276694,0.288277,55720,3794754,0.480495,7897587
2,2021-04-15,109333,5860776,58132,2903669,51137,2708739,64,248368,57669,1526115,0.193238,51373,2328067,0.294782,59428,3854182,0.48802,7897587
2,2021-04-16,106842,5967618,55653,2959322,51139,2759878,50,248418,54721,1530009,0.193731,51893,2379960,0.301353,55787,3909969,0.495084,7897587
2,2021-04-17,78824,6046442,40525,2999847,38286,2798164,13,248431,43859,1540197,0.195021,34808,2414768,0.30576,44996,3954965,0.500781,7897587
2,2021-04-18,33351,6079793,19919,3019766,13429,2811593,3,248434,16239,1540610,0.195074,17036,2431804,0.307917,17449,3972414,0.502991,7897587
2,2021-04-19,72536,6152329,39327,3059093,33201,2844794,8,248442,33386,1535996,0.194489,38975,2470779,0.312852,34361,4006775,0.507342,7897587
2,2021-04-20,93609,6245938,46745,3105838,46849,2891643,15,248457,45960,1536271,0.194524,47426,2518205,0.318858,47701,4054476,0.513382,7897587
2,2021-04-21,97376,6343314,51735,3157573,45589,2937232,52,248509,46518,1534195,0.194261,50580,2568785,0.325262,48504,4102980,0.519523,7897587
2,2021-04-22,101920,6445234,52246,3209819,49656,2986888,18,248527,45516,1525942,0.193216,56119,2624904,0.332368,47866,4150846,0.525584,7897587
2,2021-04-23,102095,6547329,53905,3263724,48175,3035063,15,248542,47223,1521262,0.192624,54607,2679511,0.339282,49927,4200773,0.531906,7897587
2,2021-04-24,77579,6624908,46193,3309917,31350,3066413,36,248578,41032,1528227,0.193506,36357,2715868,0.343886,43322,4244095,0.537391,7897587
2,2021-04-25,35708,6660616,22087,3332004,13607,3080020,14,248592,19505,1532430,0.194038,16100,2731968,0.345924,20303,4264398,0.539962,7897587
2,2021-04-26,64512,6725128,35801,3367805,28440,3108460,271,248863,29553,1530195,0.193755,34794,2766762,0.35033,32559,4296957,0.544085,7897587
2,2021-04-27,79082,6804210,41442,3409247,36535,3144995,1105,249968,33981,1523241,0.192874,44885,2811647,0.356013,37931,4334888,0.548888,7897587
2,2021-04-28,78326,6882536,40853,3450100,35749,3180744,1724,251692,34029,1517944,0.192204,44095,2855742,0.361597,38798,4373686,0.5538,7897587
2,2021-04-29,67792,6950328,35735,3485835,30694,3211438,1363,253055,25807,1506109,0.190705,41812,2897554,0.366891,29977,4403663,0.557596,7897587
2,2021-04-30,58434,7008762,32829,3518664,24700,3236138,905,253960,21139,1493443,0.189101,37120,2934674,0.371591,24454,4428117,0.560692,7897587
3,2020-12-15,303,303,303,303,0,0,0,0,303,303,3.9e-05,0,0,0.0,303,303,3.9e-05,7688185
3,2020-12-16,2205,2508,2205,2508,0,0,0,0,2205,2508,0.000326,0,0,0.0,2205,2508,0.000326,7688185
3,2020-12-17,7601,10109,7601,10109,0,0,0,0,7601,10109,0.001315,0,0,0.0,7601,10109,0.001315,7688185
3,2020-12-18,12806,22915,12795,22904,11,11,0,0,12805,22914,0.00298,0,0,0.0,12805,22914,0.00298,7688185
3,2020-12-19,7039,29954,7028,29932,11,22,0,0,7103,30017,0.003904,0,0,0.0,7103,30017,0.003904,7688185
3,2020-12-20,5487,35441,5479,35411,8,30,0,0,5533,35549,0.004624,1,1,0.0,5533,35550,0.004624,7688185
3,2020-12-21,14254,49695,14232,49643,22,52,0,0,14319,49867,0.006486,1,2,0.0,14319,49869,0.006486,7688185
3,2020-12-22,14622,64317,14054,63697,568,620,0,0,14661,64528,0.008393,0,2,0.0,14661,64530,0.008393,7688185
3,2020-12-23,14649,78966,12067,75764,2582,3202,0,0,14676,79204,0.010302,0,2,0.0,14676,79206,0.010302,7688185
3,2020-12-24,6757,85723,4851,80615,1906,5108,0,0,6755,85958,0.011181,1,3,0.0,6755,85961,0.011181,7688185
3,2020-12-25,718,86441,663,81278,55,5163,0,0,717,86675,0.011274,0,3,0.0,717,86678,0.011274,7688185
3,2020-12-26,4594,91035,2983,84261,1611,6774,0,0,4592,91267,0.011871,0,3,0.0,4592,91270,0.011871,7688185
3,2020-12-27,2950,93985,1832,86093,1118,7892,0,0,2951,94218,0.012255,0,3,0.0,2951,94221,0.012255,7688185
3,2020-12-28,13456,107441,8602,94695,4854,12746,0,0,13484,107701,0.014009,1,4,1e-06,13484,107705,0.014009,7688185
3,2020-12-29,14886,122327,8419,103114,6467,19213,0,0,14916,122615,0.015948,2,6,1e-06,14916,122621,0.015949,7688185
3,2020-12-30,17924,140251,10040,113154,7884,27097,0,0,17914,140529,0.018279,0,6,1e-06,17914,140535,0.018279,7688185
3,2020-12-31,8306,148557,3204,116358,5102,32199,0,0,8306,148834,0.019359,1,7,1e-06,8306,148841,0.01936,7688185
3,2021-01-01,1149,149706,520,116878,629,32828,0,0,1146,149980,0.019508,0,7,1e-06,1146,149987,0.019509,7688185
3,2021-01-02,4978,154684,2463,119341,2515,35343,0,0,4978,154958,0.020155,0,7,1e-06,4978,154965,0.020156,7688185
3,2021-01-03,1591,156275,838,120179,753,36096,0,0,1582,156536,0.020361,4,11,1e-06,1582,156547,0.020362,7688185
3,2021-01-04,11950,168225,5985,126164,5965,42061,0,0,11924,168453,0.021911,7,18,2e-06,11924,168471,0.021913,7688185
3,2021-01-05,15555,183780,8024,134188,7531,49592,0,0,13955,180847,0.023523,1585,1603,0.000209,13979,182450,0.023731,7688185
3,2021-01-06,20036,203816,10503,144691,9533,59125,0,0,15796,192449,0.025032,4200,5803,0.000755,15802,198252,0.025787,7688185
3,2021-01-07,26000,229816,14811,159502,11189,70314,0,0,16966,200420,0.026069,9008,14811,0.001926,16979,215231,0.027995,7688185
3,2021-01-08,29895,259711,18335,177837,11560,81874,0,0,17815,206196,0.02682,12059,26870,0.003495,17835,233066,0.030315,7688185
3,2021-01-09,12011,271722,6769,184606,5242,87116,0,0,7712,209618,0.027265,4295,31165,0.004054,7717,240783,0.031319,7688185
3,2021-01-10,7151,278873,4466,189072,2685,89801,0,0,4008,210489,0.027378,3141,34306,0.004462,4012,244795,0.03184,7688185
3,2021-01-11,28618,307491,18715,207787,9903,99704,0,0,16176,214272,0.02787,12436,46742,0.00608,16219,261014,0.03395,7688185
3,2021-01-12,31847,339338,19036,226823,12811,112515,0,0,19482,221489,0.028809,12348,59090,0.007686,19565,280579,0.036495,7688185
3,2021-01-13,34259,373597,17948,244771,16311,128826,0,0,24181,235608,0.030645,10078,69168,0.008997,24197,304776,0.039642,7688185
3,2021-01-14,34242,407839,14077,258848,20165,148991,0,0,28393,258214,0.033586,5818,74986,0.009753,28424,333200,0.043339,7688185
3,2021-01-15,38502,446341,14394,273242,24108,173099,0,0,33914,287605,0.037409,4579,79565,0.010349,33970,367170,0.047758,7688185
3,2021-01-16,21735,468076,7604,280846,14131,187230,0,0,19435,304774,0.039642,2287,81852,0.010646,19456,386626,0.050288,7688185
3,2021-01-17,13101,481177,4465,285311,8636,195866,0,0,12079,315849,0.041082,1022,82874,0.010779,12097,398723,0.051862,7688185
3,2021-01-18,24519,505696,12751,298062,11768,207634,0,0,19039,329429,0.042849,5498,88372,0.011495,19078,417801,0.054343,7688185
3,2021-01-19,40634,546330,20745,318807,19889,227523,0,0,31621,352139,0.045803,8989,97361,0.012664,31699,449500,0.058466,7688185
3,2021-01-20,44515,590845,21846,340653,22669,250192,0,0,35289,378317,0.049208,9184,106545,0.013858,35362,484862,0.063066,7688185
3,2021-01-21,46901,637746,20163,360816,26738,276930,0,0,41529,414606,0.053928,5302,111847,0.014548,41591,526453,0.068476,7688185
3,2021-01-22,49092,686838,19567,380383,29525,306455,0,0,45002,455573,0.059256,4101,115948,0.015081,45068,571521,0.074338,7688185
3,2021-01-23,29944,716782,12700,393083,17244,323699,0,0,26638,478958,0.062298,3295,119243,0.01551,26680,598201,0.077808,7688185
3,2021-01-24,17598,734380,8482,401565,9116,332815,0,0,16452,494291,0.064292,1142,120385,0.015658,16475,614676,0.079951,7688185
3,2021-01-25,40186,774566,17985,419550,22201,355016,0,0,30399,515000,0.066986,9771,130156,0.016929,30480,645156,0.083915,7688185
3,2021-01-26,46438,821004,22146,441696,24292,379308,0,0,36532,541732,0.070463,9901,140057,0.018217,36633,681789,0.08868,7688185
3,2021-01-27,50305,871309,24424,466120,25881,405189,0,0,39856,571281,0.074306,10373,150430,0.019566,39922,721711,0.093873,7688185
3,2021-01-28,51218,922527,23771,489891,27447,432636,0,0,42445,605079,0.078702,8691,159121,0.020697,42489,764200,0.099399,7688185
3,2021-01-29,50084,972611,24115,514006,25969,458605,0,0,40685,636595,0.082802,9213,168334,0.021895,40729,804929,0.104697,7688185
3,2021-01-30,36563,1009174,17342,531348,19221,477826,0,0,32032,664221,0.086395,4483,172817,0.022478,32109,837038,0.108873,7688185
3,2021-01-31,22183,1031357,12805,544153,9378,487204,0,0,20716,683494,0.088902,1458,174275,0.022668,20731,857769,0.11157,7688185
3,2021-02-01,44701,1076058,20153,564306,24548,511752,0,0,34614,708097,0.092102,10047,184322,0.023975,34650,892419,0.116077,7688185
3,2021-02-02,54022,1130080,22805,587111,31217,542969,0,0,41361,736929,0.095852,12576,196898,0.02561,41408,933827,0.121463,7688185
3,2021-02-03,59462,1189542,26496,613607,32966,575935,0,0,44379,766437,0.09969,14932,211830,0.027553,44440,978267,0.127243,7688185
3,2021-02-04,63864,1253406,27769,641376,36095,612030,0,0,46917,796698,0.103626,16758,228588,0.029732,47019,1025286,0.133359,7688185
3,2021-02-05,69655,1323061,29680,671056,39975,652005,0,0,48301,824024,0.107181,21146,249734,0.032483,48472,1073758,0.139663,7688185
3,2021-02-06,43389,1366450,21129,692185,22260,674265,0,0,33701,848250,0.110332,9660,259394,0.033739,33886,1107644,0.144071,7688185
3,2021-02-07,19383,1385833,12265,704450,7118,681383,0,0,14920,858843,0.111709,4452,263846,0.034318,15045,1122689,0.146028,7688185
3,2021-02-08,50634,1436467,24389,728839,26245,707628,0,0,33306,875121,0.113827,17211,281057,0.036557,33489,1156178,0.150384,7688185
3,2021-02-09,57956,1494423,28210,757049,29746,737374,0,0,34097,885867,0.115224,23691,304748,0.039638,34437,1190615,0.154863,7688185
3,2021-02-10,67238,1561661,31285,788334,35953,773327,0,0,36585,892547,0.116093,30424,335172,0.043596,37104,1227719,0.159689,7688185
3,2021-02-11,69806,1631467,34429,822763,35377,808704,0,0,37760,899117,0.116948,31715,366887,0.047721,38285,1266004,0.164669,7688185
3,2021-02-12,74478,1705945,32224,854987,42254,850958,0,0,41332,908330,0.118146,32872,399759,0.051997,42085,1308089,0.170143,7688185
3,2021-02-13,44411,1750356,20183,875170,24228,875186,0,0,25634,915913,0.119133,18632,418391,0.05442,26215,1334304,0.173553,7688185
3,2021-02-14,27037,1777393,13516,888686,13521,888707,0,0,15136,919653,0.119619,11857,430248,0.055962,15597,1349901,0.175581,7688185
3,2021-02-15,39529,1816922,17070,905756,22459,911166,0,0,21917,924989,0.120313,17530,447778,0.058242,22866,1372767,0.178555,7688185
3,2021-02-16,69072,1885994,32690,938446,36382,947548,0,0,36138,929360,0.120882,32811,480589,0.06251,37182,1409949,0.183392,7688185
3,2021-02-17,70699,1956693,35857,974303,34842,982390,0,0,33784,927525,0.120643,36722,517311,0.067286,34887,1444836,0.187929,7688185
3,2021-02-18,75793,2032486,39651,1013954,36142,1018532,0,0,35583,924381,0.120234,40093,557404,0.072501,36949,1481785,0.192735,7688185
3,2021-02-19,67757,2100243,39102,1053056,28655,1047187,0,0,34413,926231,0.120475,33255,590659,0.076827,35105,1516890,0.197301,7688185
3,2021-02-20,41188,2141431,26010,1079066,15178,1062365,0,0,21895,929412,0.120888,19210,609869,0.079325,22391,1539281,0.200214,7688185
3,2021-02-21,19509,2160940,15784,1094850,3725,1066090,0,0,9213,928819,0.120811,10234,620103,0.080657,9641,1548922,0.201468,7688185
3,2021-02-22,44606,2205546,29069,1123919,15537,1081627,0,0,21174,927184,0.120599,23356,643459,0.083695,21721,1570643,0.204293,7688185
3,2021-02-23,59457,2265003,32277,1156196,27180,1108807,0,0,26279,922438,0.119981,33058,676517,0.087994,28312,1598955,0.207976,7688185
3,2021-02-24,75691,2340694,36945,1193141,38746,1147553,0,0,33943,917344,0.119319,41592,718109,0.093404,36498,1635453,0.212723,7688185
3,2021-02-25,84055,2424749,40420,1233561,43635,1191188,0,0,42188,920495,0.119729,41661,759770,0.098823,44812,1680265,0.218552,7688185
3,2021-02-26,94662,2519411,43104,1276665,51558,1242746,0,0,50538,929398,0.120887,43822,803592,0.104523,52725,1732990,0.22541,7688185
3,2021-02-27,66279,2585690,29991,1306656,36285,1279031,3,3,35177,934940,0.121607,30944,834536,0.108548,36486,1769476,0.230155,7688185
3,2021-02-28,37366,2623056,21657,1328313,15708,1294739,1,4,19443,937593,0.121952,17790,852326,0.110862,20443,1789919,0.232814,7688185
3,2021-03-01,64892,2687948,34335,1362648,30547,1325286,10,14,36330,946921,0.123166,28422,880748,0.114559,37750,1827669,0.237724,7688185
3,2021-03-02,74099,2762047,35341,1397989,38756,1364042,2,16,42885,960817,0.124973,31105,911853,0.118604,45001,1872670,0.243578,7688185
3,2021-03-03,86611,2848658,41127,1439116,45472,1409514,12,28,48306,973319,0.126599,38147,950000,0.123566,50649,1923319,0.250166,7688185
3,2021-03-04,91175,2939833,44567,1483683,46593,1456107,15,43,51955,988570,0.128583,39044,989044,0.128645,54295,1977614,0.257228,7688185
3,2021-03-05,87082,3026915,42334,1526017,44461,1500568,287,330,53105,1010465,0.131431,33776,1022820,0.133038,55671,2033285,0.264469,7688185
3,2021-03-06,63707,3090622,31999,1558016,29576,1530144,2132,2462,36512,1023584,0.133137,27078,1049898,0.13656,40197,2073482,0.269697,7688185
3,2021-03-07,36324,3126946,21446,1579462,13775,1543919,1103,3565,20822,1031616,0.134182,15460,1065358,0.138571,23492,2096974,0.272753,7688185
3,2021-03-08,57607,3184553,27286,1606748,27512,1571431,2809,6374,36518,1051547,0.136774,20993,1086351,0.141301,40924,2137898,0.278076,7688185
3,2021-03-09,69941,3254494,29629,1636377,35998,1607429,4314,10688,36375,1060508,0.13794,33474,1119825,0.145655,42435,2180333,0.283595,7688185
3,2021-03-10,79702,3334196,39288,1675665,34509,1641938,5905,16593,41325,1071425,0.13936,38221,1158046,0.150627,49138,2229471,0.289987,7688185
3,2021-03-11,94821,3429017,46227,1721892,40188,1682126,8406,24999,46743,1080219,0.140504,47866,1205912,0.156853,56660,2286131,0.297356,7688185
3,2021-03-12,99979,3528996,44516,1766408,43720,1725846,11743,36742,45882,1085070,0.141135,53926,1259838,0.163867,58777,2344908,0.305002,7688185
3,2021-03-13,68354,3597350,28890,1795298,32350,1758196,7114,43856,36057,1097426,0.142742,32208,1292046,0.168056,44564,2389472,0.310798,7688185
3,2021-03-14,40139,3637489,21096,1816394,15582,1773778,3461,47317,21864,1105248,0.143759,18223,1310269,0.170426,26045,2415517,0.314186,7688185
3,2021-03-15,74258,3711747,35213,1851607,34580,1808358,4465,51782,39528,1115660,0.145114,34585,1344854,0.174925,44997,2460514,0.320038,7688185
3,2021-03-16,93636,3805383,43103,1894710,46302,1854660,4231,56013,53460,1134418,0.147553,39999,1384853,0.180127,58757,2519271,0.327681,7688185
3,2021-03-17,96119,3901502,46697,1941407,45052,1899712,4370,60383,58949,1161472,0.151072,37002,1421855,0.18494,64056,2583327,0.336013,7688185
3,2021-03-18,100630,4002132,50675,1992082,45632,1945344,4323,64706,59050,1184302,0.154042,41376,1463231,0.190322,64206,2647533,0.344364,7688185
3,2021-03-19,100571,4102703,53580,2045662,42614,1987958,4377,69083,57343,1203681,0.156562,43028,1506259,0.195919,62407,2709940,0.352481,7688185
3,2021-03-20,70160,4172863,36153,2081815,30462,2018420,3545,72628,44412,1226655,0.159551,25603,1531862,0.199249,48577,2758517,0.3588,7688185
3,2021-03-21,35308,4208171,23992,2105807,9859,2028279,1457,74085,22982,1239637,0.161239,12273,1544135,0.200845,25255,2783772,0.362084,7688185
3,2021-03-22,68687,4276858,40290,2146097,25969,2054248,2428,76513,45056,1264767,0.164508,23481,1567616,0.203899,48611,2832383,0.368407,7688185
3,2021-03-23,87975,4364833,48362,2194459,37202,2091450,2411,78924,57178,1294521,0.168378,30600,1598216,0.207879,60354,2892737,0.376257,7688185
3,2021-03-24,97097,4461930,56059,2250518,38299,2129749,2739,81663,56820,1314961,0.171037,39998,1638214,0.213082,60438,2953175,0.384119,7688185
3,2021-03-25,104698,4566628,58154,2308672,43717,2173466,2827,84490,60503,1335019,0.173646,43941,1682155,0.218797,63999,3017174,0.392443,7688185
3,2021-03-26,108006,4674634,57963,2366635,46860,2220326,3183,87673,57683,1346687,0.175163,50088,1732243,0.225312,61756,3078930,0.400476,7688185
3,2021-03-27,72934,4747568,36967,2403602,33450,2253776,2517,90190,36579,1350274,0.17563,36192,1768435,0.23002,39779,3118709,0.40565,7688185
3,2021-03-28,43159,4790727,27102,2430704,15257,2269033,800,90990,23095,1354683,0.176203,19986,1788421,0.232619,24395,3143104,0.408823,7688185
3,2021-03-29,79286,4870013,41502,2472206,36021,2305054,1763,92753,44961,1368067,0.177944,34139,1822560,0.23706,47523,3190627,0.415004,7688185
3,2021-03-30,98187,4968200,48312,2520518,46382,2351436,3493,96246,59598,1393382,0.181237,38387,1860947,0.242053,63702,3254329,0.42329,7688185
3,2021-03-31,103011,5071211,55596,2576114,42708,2394144,4707,100953,57143,1409863,0.18338,45721,1906668,0.248,62202,3316531,0.43138,7688185
3,2021-04-01,120282,5191493,60649,2636763,50348,2444492,9285,110238,65701,1430857,0.186111,54363,1961031,0.255071,75357,3391888,0.441182,7688185
3,2021-04-02,115364,5306857,56458,2693221,49019,2493511,9887,120125,61658,1449418,0.188525,53500,2014531,0.262029,72061,3463949,0.450555,7688185
3,2021-04-03,74431,5381288,37996,2731217,27503,2521014,8932,129057,37421,1459276,0.189808,36905,2051436,0.26683,46763,3510712,0.456637,7688185
3,2021-04-04,31975,5413263,17086,2748303,10778,2531792,4111,133168,14292,1460113,0.189916,17631,2069067,0.269123,18468,3529180,0.459039,7688185
3,2021-04-05,87580,5500843,44506,2792809,34216,2566008,8858,142026,43468,1469355,0.191119,43967,2113034,0.274842,53209,3582389,0.46596,7688185
3,2021-04-06,111530,5612373,54496,2847305,42172,2608180,14862,156888,53173,1480087,0.192514,58149,2171183,0.282405,68881,3651270,0.47492,7688185
3,2021-04-07,114190,5726563,59410,2906715,38874,2647054,15906,172794,55901,1494349,0.19437,58088,2229271,0.289961,72350,3723620,0.48433,7688185
3,2021-04-08,119259,5845822,59828,2966543,39840,2686894,19591,192385,55908,1507585,0.196091,63119,2292390,0.298171,76355,3799975,0.494262,7688185
3,2021-04-09,115382,5961204,57726,3024269,39032,2725926,18624,211009,51274,1514614,0.197005,63923,2356313,0.306485,70952,3870927,0.50349,7688185
3,2021-04-10,81777,6042981,37160,3061429,29719,2755645,14898,225907,33510,1515837,0.197164,48129,2404442,0.312745,49352,3920279,0.50991,7688185
3,2021-04-11,44116,6087097,23613,3085042,12631,2768276,7872,233779,16769,1514193,0.196951,27269,2431711,0.316292,25625,3945904,0.513243,7688185
3,2021-04-12,82313,6169410,41819,3126861,32027,2800303,8467,242246,37764,1517127,0.197332,44381,2476092,0.322065,47315,3993219,0.519397,7688185
3,2021-04-13,103351,6272761,55894,3182755,47254,2847557,203,242449,54705,1524658,0.198312,48476,2524568,0.32837,56007,4049226,0.526682,7688185
3,2021-04-14,104214,6376975,57076,3239831,47049,2894606,89,242538,52665,1527951,0.19874,51316,2575884,0.335044,54609,4103835,0.533785,7688185
3,2021-04-15,115134,6492109,64831,3304662,50251,2944857,52,242590,62292,1538920,0.200167,52612,2628496,0.341888,63581,4167416,0.542055,7688185
3,2021-04-16,112261,6604370,63019,3367681,49154,2994011,88,242678,59137,1546042,0.201093,52893,2681389,0.348767,60015,4227431,0.549861,7688185
3,2021-04-17,75927,6680297,41678,3409359,34238,3028249,11,242689,42039,1555495,0.202323,33755,2715144,0.353158,43208,4270639,0.555481,7688185
3,2021-04-18,36442,6716739,21532,3430891,14906,3043155,4,242693,17374,1554878,0.202243,18997,2734141,0.355629,18380,4289019,0.557871,7688185
3,2021-04-19,77286,6794025,43299,3474190,33937,3077092,50,242743,35169,1549001,0.201478,41983,2776124,0.36109,36106,4325125,0.562568,7688185
3,2021-04-20,97111,6891136,50295,3524485,46808,3123900,8,242751,47523,1548839,0.201457,49430,2825554,0.367519,49268,4374393,0.568976,7688185
3,2021-04-21,99759,6990895,55033,3579518,44667,3168567,59,242810,47483,1545976,0.201085,52035,2877589,0.374287,49172,4423565,0.575372,7688185
3,2021-04-22,104981,7095876,58565,3638083,46398,3214965,18,242828,46259,1535688,0.199746,58471,2936060,0.381892,48183,4471748,0.581639,7688185
3,2021-04-23,101134,7197010,57443,3695526,43671,3258636,20,242848,44471,1526601,0.198565,56385,2992445,0.389226,47298,4519046,0.587791,7688185
3,2021-04-24,71472,7268482,44470,3739996,26946,3285582,56,242904,34974,1527362,0.198664,36288,3028733,0.393946,37049,4556095,0.59261,7688185
3,2021-04-25,35634,7304116,22944,3762940,12677,3298259,13,242917,18252,1528952,0.19887,17285,3046018,0.396195,18875,4574970,0.595065,7688185
3,2021-04-26,63495,7367611,35458,3798398,27691,3325950,346,243263,26846,1522015,0.197968,36461,3082479,0.400937,29524,4604494,0.598905,7688185
3,2021-04-27,80805,7448416,42107,3840505,37333,3363283,1365,244628,32233,1509519,0.196343,48358,3130837,0.407227,35862,4640356,0.60357,7688185
3,2021-04-28,76615,7525031,42368,3882873,32296,3395579,1951,246579,30770,1498591,0.194921,45661,3176498,0.413166,34733,4675089,0.608087,7688185
3,2021-04-29,65805,7590836,36263,3919136,27689,3423268,1853,248432,22446,1481897,0.19275,43191,3219689,0.418784,26497,4701586,0.611534,7688185
3,2021-04-30,52062,7642898,29452,3948588,21661,3444929,949,249381,18530,1469548,0.191144,33406,3253095,0.423129,21057,4722643,0.614273,7688185
4,2020-12-15,444,444,444,444,0,0,0,0,444,444,5.9e-05,0,0,0.0,444,444,5.9e-05,7584050
4,2020-12-16,2955,3399,2955,3399,0,0,0,0,2955,3399,0.000448,0,0,0.0,2955,3399,0.000448,7584050
4,2020-12-17,8519,11918,8519,11918,0,0,0,0,8519,11918,0.001571,0,0,0.0,8519,11918,0.001571,7584050
4,2020-12-18,15372,27290,15363,27281,9,9,0,0,15372,27290,0.003598,0,0,0.0,15372,27290,0.003598,7584050
4,2020-12-19,10229,37519,10222,37503,7,16,0,0,10164,37454,0.004939,0,0,0.0,10164,37454,0.004939,7584050
4,2020-12-20,7361,44880,7349,44852,12,28,0,0,7316,44770,0.005903,0,0,0.0,7316,44770,0.005903,7584050
4,2020-12-21,16272,61152,16249,61101,23,51,0,0,16205,60975,0.00804,0,0,0.0,16205,60975,0.00804,7584050
4,2020-12-22,17087,78239,16355,77456,732,783,0,0,17043,78018,0.010287,0,0,0.0,17043,78018,0.010287,7584050
4,2020-12-23,16895,95134,14213,91669,2682,3465,0,0,16866,94884,0.012511,0,0,0.0,16866,94884,0.012511,7584050
4,2020-12-24,8530,103664,5953,97622,2577,6042,0,0,8530,103414,0.013636,0,0,0.0,8530,103414,0.013636,7584050
4,2020-12-25,897,104561,793,98415,104,6146,0,0,897,104311,0.013754,0,0,0.0,897,104311,0.013754,7584050
4,2020-12-26,6161,110722,3861,102276,2300,8446,0,0,6161,110472,0.014566,0,0,0.0,6161,110472,0.014566,7584050
4,2020-12-27,3414,114136,1996,104272,1418,9864,0,0,3414,113886,0.015017,0,0,0.0,3414,113886,0.015017,7584050
4,2020-12-28,14945,129081,9231,113503,5714,15578,0,0,14915,128800,0.016983,1,1,0.0,14915,128801,0.016983,7584050
4,2020-12-29,15221,144302,8426,121929,6795,22373,0,0,15187,143987,0.018986,0,1,0.0,15187,143988,0.018986,7584050
4,2020-12-30,18853,163155,11060,132989,7793,30166,0,0,18842,162827,0.02147,2,3,0.0,18842,162830,0.02147,7584050
4,2020-12-31,8179,171334,3314,136303,4865,35031,0,0,8174,170999,0.022547,2,5,1e-06,8174,171004,0.022548,7584050
4,2021-01-01,1193,172527,500,136803,693,35724,0,0,1191,172188,0.022704,2,7,1e-06,1191,172195,0.022705,7584050
4,2021-01-02,5645,178172,3188,139991,2457,38181,0,0,5644,177831,0.023448,1,8,1e-06,5644,177839,0.023449,7584050
4,2021-01-03,2107,180279,1249,141240,858,39039,0,0,2093,179920,0.023723,4,12,2e-06,2093,179932,0.023725,7584050
4,2021-01-04,12926,193205,7051,148291,5875,44914,0,0,12877,192765,0.025417,32,44,6e-06,12877,192809,0.025423,7584050
4,2021-01-05,16700,209905,9861,158152,6839,51753,0,0,14677,205451,0.02709,2002,2046,0.00027,14688,207497,0.02736,7584050
4,2021-01-06,21447,231352,13156,171308,8291,60044,0,0,15614,215296,0.028388,5780,7826,0.001032,15625,223122,0.02942,7584050
4,2021-01-07,27726,259078,16911,188219,10815,70859,0,0,16959,221556,0.029213,10712,18538,0.002444,16972,240094,0.031658,7584050
4,2021-01-08,32553,291631,20909,209128,11644,82503,0,0,18428,225942,0.029792,14057,32595,0.004298,18443,258537,0.03409,7584050
4,2021-01-09,16030,307661,9469,218597,6561,89064,0,0,9380,228704,0.030156,6629,39224,0.005172,9391,267928,0.035328,7584050
4,2021-01-10,8698,316359,5625,224222,3073,92137,0,0,4093,228221,0.030092,4584,43808,0.005776,4101,272029,0.035869,7584050
4,2021-01-11,33219,349578,21758,245980,11461,103598,0,0,18743,232565,0.030665,14436,58244,0.00768,18780,290809,0.038345,7584050
4,2021-01-12,37989,387567,21799,267779,16190,119788,0,0,23977,242617,0.03199,13963,72207,0.009521,24015,314824,0.041511,7584050
4,2021-01-13,38343,425910,18872,286651,19471,139259,0,0,27175,258702,0.034111,11114,83321,0.010986,27199,342023,0.045098,7584050
4,2021-01-14,38775,464685,14772,301423,24003,163262,0,0,31743,283486,0.037379,6985,90306,0.011907,31769,373792,0.049287,7584050
4,2021-01-15,45016,509701,15583,317006,29433,192695,0,0,39510,317564,0.041873,5451,95757,0.012626,39529,413321,0.054499,7584050
4,2021-01-16,28503,538204,9327,326333,19176,211871,0,0,25406,339923,0.044821,3061,98818,0.01303,25420,438741,0.05785,7584050
4,2021-01-17,18931,557135,6639,332972,12292,224163,0,0,17423,355877,0.046924,1483,100301,0.013225,17437,456178,0.06015,7584050
4,2021-01-18,29109,586244,13365,346337,15744,239907,0,0,23163,373223,0.049212,5848,106149,0.013996,23194,479372,0.063208,7584050
4,2021-01-19,45947,632191,23163,369500,22784,262691,0,0,36661,400726,0.052838,9229,115378,0.015213,36732,516104,0.068051,7584050
4,2021-01-20,51173,683364,27023,396523,24150,286841,0,0,40833,431363,0.056878,10246,125624,0.016564,40883,556987,0.073442,7584050
4,2021-01-21,55947,739311,24677,421200,31270,318111,0,0,49643,474804,0.062606,6243,131867,0.017387,49684,606671,0.079993,7584050
4,2021-01-22,54711,794022,21952,443152,32759,350870,0,0,49653,519526,0.068502,4961,136828,0.018042,49683,656354,0.086544,7584050
4,2021-01-23,39346,833368,17394,460546,21952,372822,0,0,35065,550344,0.072566,4275,141103,0.018605,35093,691447,0.091171,7584050
4,2021-01-24,23874,857242,10482,471028,13392,386214,0,0,22013,570519,0.075226,1853,142956,0.01885,22028,713475,0.094076,7584050
4,2021-01-25,47509,904751,21955,492983,25554,411768,0,0,36528,596148,0.078605,10954,153910,0.020294,36583,750058,0.098899,7584050
4,2021-01-26,56149,960900,28649,521632,27500,439268,0,0,44129,628368,0.082854,11965,165875,0.021872,44185,794243,0.104725,7584050
4,2021-01-27,55073,1015973,26626,548258,28447,467715,0,0,44167,661814,0.087264,10771,176646,0.023292,44217,838460,0.110556,7584050
4,2021-01-28,56014,1071987,25282,573540,30732,498447,0,0,46184,698298,0.092075,9741,186387,0.024576,46225,884685,0.116651,7584050
4,2021-01-29,55963,1127950,26904,600444,29059,527506,0,0,45735,733975,0.096779,10084,196471,0.025906,45761,930446,0.122685,7584050
4,2021-01-30,37444,1165394,17049,617493,20395,547901,0,0,32220,761042,0.100348,5177,201648,0.026588,32244,962690,0.126936,7584050
4,2021-01-31,23761,1189155,12483,629976,11278,559179,0,0,22171,781653,0.103065,1574,203222,0.026796,22185,984875,0.129861,7584050
4,2021-02-01,48078,1237233,22678,652654,25400,584579,0,0,37840,809320,0.106713,10213,213435,0.028143,37880,1022755,0.134856,7584050
4,2021-02-02,55749,1292982,26302,678956,29447,614026,0,0,42099,837942,0.110487,13518,226953,0.029925,42140,1064895,0.140412,7584050
4,2021-02-03,61658,1354640,30299,709255,31359,645385,0,0,47532,871513,0.114914,14016,240969,0.031773,47587,1112482,0.146687,7584050
4,2021-02-04,67124,1421764,31295,740550,35829,681214,0,0,50587,905821,0.119438,16381,257350,0.033933,50689,1163171,0.153371,7584050
4,2021-02-05,72530,1494294,33615,774165,38915,720129,0,0,50712,935088,0.123297,21576,278926,0.036778,50843,1214014,0.160075,7584050
4,2021-02-06,47921,1542215,25941,800106,21980,742109,0,0,36532,960460,0.126642,11361,290287,0.038276,36733,1250747,0.164918,7584050
4,2021-02-07,26226,1568441,17300,817406,8926,751035,0,0,19881,974264,0.128462,6311,296598,0.039108,20115,1270862,0.16757,7584050
4,2021-02-08,58035,1626476,29793,847199,28242,779277,0,0,37823,992260,0.130835,20083,316681,0.041756,38079,1308941,0.172591,7584050
4,2021-02-09,66732,1693208,33984,881183,32748,812025,0,0,39267,1004523,0.132452,27402,344083,0.045369,39665,1348606,0.177821,7584050
4,2021-02-10,76785,1769993,38451,919634,38334,850359,0,0,41042,1010585,0.133251,35514,379597,0.050052,41576,1390182,0.183303,7584050
4,2021-02-11,80500,1850493,41972,961606,38528,888887,0,0,41833,1014618,0.133783,38457,418054,0.055123,42490,1432672,0.188906,7584050
4,2021-02-12,83668,1934161,37488,999094,46180,935067,0,0,43271,1018438,0.134287,40232,458286,0.060428,44052,1476724,0.194714,7584050
4,2021-02-13,58237,1992398,29528,1028622,28709,963776,0,0,29776,1020751,0.134592,28350,486636,0.064166,30663,1507387,0.198758,7584050
4,2021-02-14,36570,2028968,19011,1047633,17559,981335,0,0,18797,1022484,0.13482,17734,504370,0.066504,19467,1526854,0.201324,7584050
4,2021-02-15,45761,2074729,21460,1069093,24301,1005636,0,0,23604,1025190,0.135177,22091,526461,0.069417,24797,1551651,0.204594,7584050
4,2021-02-16,79227,2153956,36244,1105337,42983,1048619,0,0,40555,1028418,0.135603,38585,565046,0.074505,41813,1593464,0.210107,7584050
4,2021-02-17,80180,2234136,37862,1143199,42318,1090937,0,0,38470,1026492,0.135349,41560,606606,0.079984,39634,1633098,0.215333,7584050
4,2021-02-18,82294,2316430,45344,1188543,36950,1127887,0,0,38370,1022567,0.134831,43791,650397,0.085759,39866,1672964,0.22059,7584050
4,2021-02-19,81469,2397899,51252,1239795,30217,1158104,0,0,40927,1023774,0.13499,40413,690810,0.091087,41620,1714584,0.226078,7584050
4,2021-02-20,48082,2445981,32091,1271886,15991,1174095,0,0,26360,1029149,0.135699,21677,712487,0.093945,27052,1741636,0.229645,7584050
4,2021-02-21,25554,2471535,19979,1291865,5575,1179670,0,0,11610,1027189,0.135441,13890,726377,0.095777,11930,1753566,0.231218,7584050
4,2021-02-22,52047,2523582,35816,1327681,16231,1195901,0,0,25358,1026446,0.135343,26609,752986,0.099285,25866,1779432,0.234628,7584050
4,2021-02-23,72203,2595785,39808,1367489,32395,1228296,0,0,31800,1019675,0.13445,40299,793285,0.104599,33528,1812960,0.239049,7584050
4,2021-02-24,87321,2683106,45907,1413396,41414,1269710,0,0,39633,1013979,0.133699,47508,840793,0.110863,41812,1854772,0.244562,7584050
4,2021-02-25,97537,2780643,50629,1464025,46908,1316618,0,0,46822,1012810,0.133545,50572,891365,0.117532,49403,1904175,0.251076,7584050
4,2021-02-26,103707,2884350,52231,1516256,51476,1368094,0,0,53634,1018916,0.13435,49862,941227,0.124106,55968,1960143,0.258456,7584050
4,2021-02-27,74609,2958959,40327,1556583,34276,1402370,6,6,39912,1025724,0.135248,34587,975814,0.128667,41395,2001538,0.263914,7584050
4,2021-02-28,44830,3003789,27768,1584351,17061,1419431,1,7,25016,1031985,0.136073,19696,995510,0.131264,25957,2027495,0.267337,7584050
4,2021-03-01,74283,3078072,43363,1627714,30910,1450341,10,17,41138,1041422,0.137317,32960,1028470,0.13561,42397,2069892,0.272927,7584050
4,2021-03-02,80300,3158372,44780,1672494,35517,1485858,3,20,47132,1057362,0.139419,33035,1061505,0.139965,48975,2118867,0.279385,7584050
4,2021-03-03,97724,3256096,51558,1724052,46160,1532018,6,26,54385,1070411,0.14114,43169,1104674,0.145658,56218,2175085,0.286797,7584050
4,2021-03-04,95258,3351354,52833,1776885,42413,1574431,12,38,52357,1081876,0.142651,42717,1147391,0.15129,54182,2229267,0.293941,7584050
4,2021-03-05,92159,3443513,49293,1826178,42558,1616989,308,346,54607,1101363,0.145221,37390,1184781,0.15622,56877,2286144,0.301441,7584050
4,2021-03-06,74719,3518232,41855,1868033,30265,1647254,2599,2945,45725,1122235,0.147973,28900,1213681,0.160031,49772,2335916,0.308004,7584050
4,2021-03-07,41272,3559504,26162,1894195,13965,1661219,1145,4090,24520,1132457,0.149321,16703,1230384,0.162233,26925,2362841,0.311554,7584050
4,2021-03-08,64897,3624401,33635,1927830,28098,1689317,3164,7254,42683,1157533,0.152627,22116,1252500,0.165149,47192,2410033,0.317777,7584050
4,2021-03-09,73467,3697868,33997,1961827,34390,1723707,5080,12334,38094,1166812,0.153851,35234,1287734,0.169795,44513,2454546,0.323646,7584050
4,2021-03-10,87788,3785656,44534,2006361,35913,1759620,7341,19675,43991,1175700,0.155023,43656,1331390,0.175551,52544,2507090,0.330574,7584050
4,2021-03-11,99307,3884963,52259,2058620,38829,1798449,8219,27894,46063,1178250,0.155359,53063,1384453,0.182548,55613,2562703,0.337907,7584050
4,2021-03-12,103107,3988070,50804,2109424,42144,1840593,10159,38053,44183,1174834,0.154909,58717,1443170,0.19029,55301,2618004,0.345199,7584050
4,2021-03-13,79662,4067732,37042,2146466,34326,1874919,8294,46347,37495,1179731,0.155554,42062,1485232,0.195836,46959,2664963,0.35139,7584050
4,2021-03-14,48899,4116631,27825,2174291,17502,1892421,3572,49919,25141,1185404,0.156302,23689,1508921,0.19896,29362,2694325,0.355262,7584050
4,2021-03-15,82815,4199446,44318,2218609,34312,1926733,4185,54104,42816,1193442,0.157362,39812,1548733,0.204209,47850,2742175,0.361571,7584050
4,2021-03-16,106355,4305801,55182,2273791,47828,1974561,3345,57449,57187,1205862,0.159,48973,1597706,0.210667,61393,2803568,0.369666,7584050
4,2021-03-17,104763,4410564,56336,2330127,45058,2019619,3369,60818,61828,1228949,0.162044,42733,1640439,0.216301,65820,2869388,0.378345,7584050
4,2021-03-18,104865,4515429,57926,2388053,43337,2062956,3602,64420,60423,1249269,0.164723,44228,1684667,0.222133,64548,2933936,0.386856,7584050
4,2021-03-19,108849,4624278,62243,2450296,41515,2104471,5091,69511,63195,1272629,0.167803,45458,1730125,0.228127,68818,3002754,0.39593,7584050
4,2021-03-20,82170,4706448,48000,2498296,31226,2135697,2944,72455,51433,1296807,0.170991,30626,1760751,0.232165,54804,3057558,0.403156,7584050
4,2021-03-21,47223,4753671,34177,2532473,10819,2146516,2227,74682,28859,1310402,0.172784,18283,1779034,0.234576,31878,3089436,0.40736,7584050
4,2021-03-22,80590,4834261,52709,2585182,25254,2171770,2627,77309,51443,1336433,0.176216,28977,1808011,0.238397,55008,3144444,0.414613,7584050
4,2021-03-23,102810,4937071,61294,2646476,39447,2211217,2069,79378,64438,1365367,0.180031,38144,1846155,0.243426,67078,3211522,0.423457,7584050
4,2021-03-24,111835,5048906,72268,2718744,37278,2248495,2289,81667,64351,1385549,0.182692,47115,1893270,0.249638,67297,3278819,0.432331,7584050
4,2021-03-25,114973,5163879,70766,2789510,41913,2290408,2294,83961,67011,1407767,0.185622,47571,1940841,0.255911,69789,3348608,0.441533,7584050
4,2021-03-26,117726,5281605,71420,2860930,43320,2333728,2986,86947,66089,1426137,0.188044,51349,1992190,0.262682,69719,3418327,0.450726,7584050
4,2021-03-27,89931,5371536,53245,2914175,34909,2368637,1777,88724,46844,1432335,0.188861,42904,2035094,0.268339,49102,3467429,0.4572,7584050
4,2021-03-28,54825,5426361,36075,2950250,17885,2386522,865,89589,30685,1440172,0.189895,24030,2059124,0.271507,31867,3499296,0.461402,7584050
4,2021-03-29,92122,5518483,55380,3005630,34728,2421250,2014,91603,51520,1453822,0.191695,40430,2099554,0.276838,54080,3553376,0.468533,7584050
4,2021-03-30,115500,5633983,62913,3068543,48524,2469774,4063,95666,73980,1490969,0.196593,41349,2140903,0.28229,78496,3631872,0.478883,7584050
4,2021-03-31,119091,5753074,70433,3138976,42493,2512267,6165,101831,69017,1516559,0.199967,49829,2190732,0.28886,75419,3707291,0.488827,7584050
4,2021-04-01,139536,5892610,79812,3218788,46965,2559232,12759,114590,82872,1556057,0.205175,56423,2247155,0.2963,95921,3803212,0.501475,7584050
4,2021-04-02,134017,6026627,71871,3290659,49110,2608342,13036,127626,78034,1591741,0.20988,55781,2302936,0.303655,91465,3894677,0.513535,7584050
4,2021-04-03,99425,6126052,53110,3343769,33289,2641631,13026,140652,52143,1610129,0.212305,47136,2350072,0.30987,65524,3960201,0.522175,7584050
4,2021-04-04,46240,6172292,24401,3368170,14453,2656084,7386,148038,20491,1612391,0.212603,25687,2375759,0.313257,27949,3988150,0.52586,7584050
4,2021-04-05,107677,6279969,60753,3428923,34453,2690537,12471,160509,56639,1631255,0.21509,50894,2426653,0.319968,69758,4057908,0.535058,7584050
4,2021-04-06,136784,6416753,77197,3506120,40099,2730636,19488,179997,71531,1657989,0.218615,65079,2491732,0.328549,91813,4149721,0.547164,7584050
4,2021-04-07,135245,6551998,76842,3582962,38046,2768682,20357,200354,70452,1684756,0.222145,64606,2556338,0.337068,91373,4241094,0.559212,7584050
4,2021-04-08,137368,6689366,76992,3659954,35568,2804250,24808,225162,68692,1710509,0.22554,68460,2624798,0.346095,94213,4335307,0.571635,7584050
4,2021-04-09,134767,6824133,74027,3733981,38265,2842515,22475,247637,64737,1728997,0.227978,69865,2694663,0.355307,88353,4423660,0.583285,7584050
4,2021-04-10,101443,6925576,50198,3784179,32875,2875390,18370,266007,46012,1739231,0.229327,55272,2749935,0.362595,65506,4489166,0.591922,7584050
4,2021-04-11,61497,6987073,37411,3821590,13033,2888423,11053,277060,27041,1744185,0.229981,34380,2784315,0.367128,39334,4528500,0.597108,7584050
4,2021-04-12,101012,7088085,61580,3883170,29711,2918134,9721,286781,51299,1756956,0.231665,49479,2833794,0.373652,62250,4590750,0.605316,7584050
4,2021-04-13,128346,7216431,80393,3963563,47802,2965936,151,286932,77137,1784373,0.23528,50997,2884791,0.380376,78414,4669164,0.615656,7584050
4,2021-04-14,132905,7349336,84640,4048203,48195,3014131,70,287002,74223,1801924,0.237594,58434,2943225,0.388081,75985,4745149,0.625675,7584050
4,2021-04-15,152240,7501576,101578,4149781,50633,3064764,29,287031,94116,1839489,0.242547,57849,3001074,0.395709,95414,4840563,0.638256,7584050
4,2021-04-16,140617,7642193,89510,4239291,51037,3115801,70,287101,82499,1865058,0.245918,57870,3058944,0.403339,83439,4924002,0.649258,7584050
4,2021-04-17,98432,7740625,62470,4301761,35954,3151755,8,287109,57917,1884015,0.248418,40323,3099267,0.408656,59280,4983282,0.657074,7584050
4,2021-04-18,53230,7793855,35669,4337430,17558,3169313,3,287112,30460,1892940,0.249595,22671,3121938,0.411645,31596,5014878,0.66124,7584050
4,2021-04-19,99034,7892889,65506,4402936,33517,3202830,11,287123,50930,1896927,0.250121,47936,3169874,0.417966,51923,5066801,0.668086,7584050
4,2021-04-20,126077,8018966,73877,4476813,52194,3255024,6,287129,66382,1905474,0.251248,59447,3229321,0.425804,67994,5134795,0.677052,7584050
4,2021-04-21,126000,8144966,80892,4557705,45060,3300084,48,287177,63798,1908938,0.251704,61952,3291273,0.433973,65416,5200211,0.685677,7584050
4,2021-04-22,134628,8279594,88936,4646641,45674,3345758,18,287195,60651,1898096,0.250275,73712,3364985,0.443692,62870,5263081,0.693967,7584050
4,2021-04-23,128602,8408196,83260,4729901,45323,3391081,19,287214,55781,1885836,0.248658,72547,3437532,0.453258,60287,5323368,0.701916,7584050
4,2021-04-24,95725,8503921,64878,4794779,30795,3421876,52,287266,43986,1880928,0.248011,51526,3489058,0.460052,46618,5369986,0.708063,7584050
4,2021-04-25,48311,8552232,34190,4828969,14098,3435974,23,287289,25191,1883902,0.248403,23024,3512082,0.463088,25998,5395984,0.711491,7584050
4,2021-04-26,77891,8630123,50878,4879847,26676,3462650,337,287626,30092,1869508,0.246505,47603,3559685,0.469365,33209,5429193,0.71587,7584050
4,2021-04-27,100021,8730144,60691,4940538,37582,3500232,1748,289374,35617,1845924,0.243396,64170,3623855,0.477826,40586,5469779,0.721221,7584050
4,2021-04-28,89888,8820032,56549,4997087,30964,3531196,2375,291749,31478,1823620,0.240455,58210,3682065,0.485501,35906,5505685,0.725956,7584050
4,2021-04-29,74224,8894256,44500,5041587,27585,3558781,2139,293888,21915,1798507,0.237143,52149,3734214,0.492377,27036,5532721,0.729521,7584050
4,2021-04-30,57678,8951934,36343,5077930,20547,3579328,788,294676,18348,1779974,0.2347,39184,3773398,0.497544,20651,5553372,0.732244,7584050
