vemquartile,administered_date,total_doses,cumulative_total_doses,pfizer_doses,cumulative_pfizer_doses,moderna_doses,cumulative_moderna_doses,jj_doses,cumulative_jj_doses,partially_vaccinated,total_partially_vaccinated,pct_age12pop_partially_vaccinated,fully_vaccinated,cumulative_fully_vaccinated,pct_age12pop_fully_vaccinated,at_least_one_dose,cumulative_at_least_one_dose,pct_age12pop_at_least_one_dose,age12_population
1,2020-12-15,154,154,154,154,0,0,0,0,154,154,1.8e-05,0,0,0.0,154,154,1.8e-05,8700223
1,2020-12-16,1256,1410,1256,1410,0,0,0,0,1255,1409,0.000162,0,0,0.0,1255,1409,0.000162,8700223
1,2020-12-17,4174,5584,4174,5584,0,0,0,0,4176,5585,0.000642,0,0,0.0,4176,5585,0.000642,8700223
1,2020-12-18,6403,11987,6379,11963,24,24,0,0,6408,11992,0.001378,1,1,0.0,6408,11993,0.001378,8700223
1,2020-12-19,2889,14876,2886,14849,3,27,0,0,2888,14879,0.00171,1,2,0.0,2888,14881,0.00171,8700223
1,2020-12-20,2138,17014,2127,16976,11,38,0,0,2140,17019,0.001956,0,2,0.0,2140,17021,0.001956,8700223
1,2020-12-21,7701,24715,7681,24657,20,58,0,0,7752,24771,0.002847,1,3,0.0,7753,24774,0.002848,8700223
1,2020-12-22,7370,32085,7019,31676,351,409,0,0,7370,32139,0.003694,2,5,1e-06,7370,32144,0.003695,8700223
1,2020-12-23,7928,40013,6653,38329,1275,1684,0,0,7926,40064,0.004605,2,7,1e-06,7927,40071,0.004606,8700223
1,2020-12-24,3316,43329,2371,40700,945,2629,0,0,3317,43381,0.004986,0,7,1e-06,3317,43388,0.004987,8700223
1,2020-12-25,241,43570,157,40857,84,2713,0,0,241,43622,0.005014,0,7,1e-06,241,43629,0.005015,8700223
1,2020-12-26,1377,44947,980,41837,397,3110,0,0,1376,44997,0.005172,1,8,1e-06,1376,45005,0.005173,8700223
1,2020-12-27,882,45829,546,42383,336,3446,0,0,882,45878,0.005273,1,9,1e-06,882,45887,0.005274,8700223
1,2020-12-28,7139,52968,4792,47175,2347,5793,0,0,7136,53014,0.006093,0,9,1e-06,7136,53023,0.006094,8700223
1,2020-12-29,9077,62045,5059,52234,4018,9811,0,0,9073,62085,0.007136,2,11,1e-06,9073,62096,0.007137,8700223
1,2020-12-30,11782,73827,6561,58795,5221,15032,0,0,11780,73864,0.00849,1,12,1e-06,11780,73876,0.008491,8700223
1,2020-12-31,6051,79878,1970,60765,4081,19113,0,0,6048,79908,0.009185,5,17,2e-06,6049,79925,0.009187,8700223
1,2021-01-01,640,80518,258,61023,382,19495,0,0,636,80542,0.009257,2,19,2e-06,636,80561,0.00926,8700223
1,2021-01-02,2941,83459,1776,62799,1165,20660,0,0,2941,83483,0.009596,0,19,2e-06,2941,83502,0.009598,8700223
1,2021-01-03,1062,84521,556,63355,506,21166,0,0,1060,84540,0.009717,3,22,3e-06,1060,84562,0.00972,8700223
1,2021-01-04,7411,91932,3610,66965,3801,24967,0,0,7414,91952,0.010569,2,24,3e-06,7414,91976,0.010572,8700223
1,2021-01-05,10987,102919,5294,72259,5693,30660,0,0,10185,101378,0.011652,784,808,9.3e-05,10210,102186,0.011745,8700223
1,2021-01-06,14173,117092,7100,79359,7073,37733,0,0,12218,111694,0.012838,1919,2727,0.000313,12235,114421,0.013152,8700223
1,2021-01-07,17663,134755,9184,88543,8479,46212,0,0,13124,120382,0.013837,4447,7174,0.000825,13135,127556,0.014661,8700223
1,2021-01-08,20235,154990,10477,99020,9758,55970,0,0,14262,128706,0.014793,5955,13129,0.001509,14279,141835,0.016302,8700223
1,2021-01-09,6711,161701,3413,102433,3298,59268,0,0,4835,131674,0.015135,1871,15000,0.001724,4839,146674,0.016859,8700223
1,2021-01-10,3117,164818,1779,104212,1338,60606,0,0,1915,132400,0.015218,1190,16190,0.001861,1916,148590,0.017079,8700223
1,2021-01-11,18223,183041,11913,116125,6310,66916,0,0,11587,137413,0.015794,6620,22810,0.002622,11633,160223,0.018416,8700223
1,2021-01-12,19236,202277,11014,127139,8222,75138,0,0,13180,144622,0.016623,6016,28826,0.003313,13225,173448,0.019936,8700223
1,2021-01-13,19908,222185,10776,137915,9132,84270,0,0,14723,154206,0.017724,5158,33984,0.003906,14742,188190,0.02163,8700223
1,2021-01-14,22227,244412,9560,147475,12667,96937,0,0,19374,170859,0.019638,2785,36769,0.004226,19438,207628,0.023865,8700223
1,2021-01-15,25311,269723,9276,156751,16035,112972,0,0,23346,192349,0.022109,1924,38693,0.004447,23414,231042,0.026556,8700223
1,2021-01-16,13962,283685,4575,161326,9387,122359,0,0,13059,204517,0.023507,896,39589,0.00455,13064,244106,0.028057,8700223
1,2021-01-17,5223,288908,2043,163369,3180,125539,0,0,4845,208988,0.024021,377,39966,0.004594,4848,248954,0.028615,8700223
1,2021-01-18,14409,303317,8642,172011,5767,131306,0,0,11195,217042,0.024947,3199,43165,0.004961,11253,260207,0.029908,8700223
1,2021-01-19,24851,328168,12950,184961,11901,143207,0,0,19555,231382,0.026595,5272,48437,0.005567,19612,279819,0.032162,8700223
1,2021-01-20,29526,357694,14792,199753,14734,157941,0,0,23549,249082,0.028629,5893,54330,0.006245,23593,303412,0.034874,8700223
1,2021-01-21,31411,389105,14809,214562,16602,174543,0,0,28016,273878,0.031479,3326,57656,0.006627,28122,331534,0.038106,8700223
1,2021-01-22,28499,417604,11334,225896,17165,191708,0,0,26385,298248,0.034281,2045,59701,0.006862,26415,357949,0.041143,8700223
1,2021-01-23,18732,436336,8206,234102,10526,202234,0,0,16769,313092,0.035987,1936,61637,0.007085,16780,374729,0.043071,8700223
1,2021-01-24,6691,443027,4176,238278,2515,204749,0,0,6028,318468,0.036605,657,62294,0.00716,6033,380762,0.043765,8700223
1,2021-01-25,25596,468623,10566,248844,15030,219779,0,0,19738,332511,0.038219,5808,68102,0.007828,19851,400613,0.046046,8700223
1,2021-01-26,28955,497578,13574,262418,15381,235160,0,0,22137,347920,0.03999,6755,74857,0.008604,22164,422777,0.048594,8700223
1,2021-01-27,32810,530388,15622,278040,17188,252348,0,0,24567,364402,0.041884,8174,83031,0.009544,24656,447433,0.051428,8700223
1,2021-01-28,35072,565460,16502,294542,18570,270918,0,0,27988,385505,0.04431,7013,90044,0.01035,28116,475549,0.054659,8700223
1,2021-01-29,33851,599311,16533,311075,17318,288236,0,0,27121,406141,0.046682,6583,96627,0.011106,27219,502768,0.057788,8700223
1,2021-01-30,20230,619541,8755,319830,11475,299711,0,0,17996,422021,0.048507,2202,98829,0.011359,18082,520850,0.059866,8700223
1,2021-01-31,7721,627262,5015,324845,2706,302417,0,0,6996,428304,0.049229,716,99545,0.011442,6999,527849,0.060671,8700223
1,2021-02-01,29206,656468,12596,337441,16610,319027,0,0,21303,441767,0.050777,7850,107395,0.012344,21313,549162,0.06312,8700223
1,2021-02-02,32894,689362,11884,349325,21010,340037,0,0,24555,458109,0.052655,8251,115646,0.013292,24593,573755,0.065947,8700223
1,2021-02-03,39798,729160,15305,364630,24493,364530,0,0,28533,475648,0.054671,11094,126740,0.014567,28633,602388,0.069238,8700223
1,2021-02-04,44229,773389,17231,381861,26998,391528,0,0,31778,495220,0.05692,12321,139061,0.015984,31893,634281,0.072904,8700223
1,2021-02-05,47076,820465,17202,399063,29874,421402,0,0,30707,509829,0.0586,16216,155277,0.017847,30825,665106,0.076447,8700223
1,2021-02-06,26682,847147,10556,409619,16126,437528,0,0,20688,524645,0.060302,5946,161223,0.018531,20762,685868,0.078833,8700223
1,2021-02-07,6318,853465,4065,413684,2253,439781,0,0,4662,527693,0.060653,1633,162856,0.018719,4681,690549,0.079371,8700223
1,2021-02-08,31782,885247,14500,428184,17282,457063,0,0,21138,538389,0.061882,10545,173401,0.019931,21241,711790,0.081813,8700223
1,2021-02-09,38702,923949,17072,445256,21630,478693,0,0,23791,547420,0.06292,14874,188275,0.02164,23905,735695,0.08456,8700223
1,2021-02-10,47524,971473,22223,467479,25301,503994,0,0,26987,554106,0.063689,20399,208674,0.023985,27085,762780,0.087674,8700223
1,2021-02-11,52230,1023703,25547,493026,26683,530677,0,0,31048,564412,0.064873,20865,229539,0.026383,31171,793951,0.091256,8700223
1,2021-02-12,50272,1073975,21629,514655,28643,559320,0,0,28804,572060,0.065752,21302,250841,0.028832,28950,822901,0.094584,8700223
1,2021-02-13,26520,1100495,11549,526204,14971,574291,0,0,15293,576276,0.066237,11156,261997,0.030114,15372,838273,0.096351,8700223
1,2021-02-14,11823,1112318,5591,531795,6232,580523,0,0,6715,577982,0.066433,5078,267075,0.030697,6784,845057,0.09713,8700223
1,2021-02-15,24048,1136366,9446,541241,14602,595125,0,0,14613,583402,0.067056,9310,276385,0.031768,14730,859787,0.098824,8700223
1,2021-02-16,47318,1183684,22549,563790,24769,619894,0,0,27476,591252,0.067958,19749,296134,0.034038,27599,887386,0.101996,8700223
1,2021-02-17,48635,1232319,24640,588430,23995,643889,0,0,26105,595141,0.068405,22369,318503,0.036609,26258,913644,0.105014,8700223
1,2021-02-18,51293,1283612,25671,614101,25622,669511,0,0,26487,597323,0.068656,24549,343052,0.03943,26731,940375,0.108086,8700223
1,2021-02-19,46788,1330400,25358,639459,21430,690941,0,0,26136,603041,0.069313,20482,363534,0.041784,26200,966575,0.111098,8700223
1,2021-02-20,27868,1358268,16923,656382,10945,701886,0,0,15868,607066,0.069776,11928,375462,0.043155,15953,982528,0.112931,8700223
1,2021-02-21,12466,1370734,10708,667090,1758,703644,0,0,7477,609672,0.070075,4924,380386,0.043721,7530,990058,0.113797,8700223
1,2021-02-22,31724,1402458,20808,687898,10916,714560,0,0,18185,614533,0.070634,13434,393820,0.045266,18295,1008353,0.1159,8700223
1,2021-02-23,45941,1448399,22365,710263,23576,738136,0,0,25154,619574,0.071214,20484,414304,0.04762,25525,1033878,0.118834,8700223
1,2021-02-24,55959,1504358,27007,737270,28952,767088,0,0,30708,625743,0.071923,24997,439301,0.050493,31166,1065044,0.122416,8700223
1,2021-02-25,68655,1573013,33355,770625,35300,802388,0,0,42430,642690,0.073871,25986,465287,0.05348,42933,1107977,0.12735,8700223
1,2021-02-26,76736,1649749,35949,806574,40787,843175,0,0,50059,666873,0.07665,26361,491648,0.05651,50544,1158521,0.13316,8700223
1,2021-02-27,52860,1702609,24286,830860,28564,871739,10,10,34650,683810,0.078597,17994,509642,0.058578,34931,1193452,0.137175,8700223
1,2021-02-28,20314,1722923,12065,842925,8247,879986,2,12,14850,693437,0.079703,5369,515011,0.059195,14996,1208448,0.138899,8700223
1,2021-03-01,46399,1769322,21460,864385,24876,904862,63,75,29775,707103,0.081274,16422,531433,0.061083,30088,1238536,0.142357,8700223
1,2021-03-02,64984,1834306,28091,892476,36881,941743,12,87,41318,725606,0.083401,23476,554909,0.063781,41979,1280515,0.147182,8700223
1,2021-03-03,72267,1906573,34378,926854,37858,979601,31,118,43887,741991,0.085284,28147,583056,0.067016,44532,1325047,0.1523,8700223
1,2021-03-04,80179,1986752,37563,964417,42578,1022179,38,156,51329,765283,0.087961,28594,611650,0.070303,51886,1376933,0.158264,8700223
1,2021-03-05,79283,2066035,35759,1000176,43316,1065495,208,364,52809,792785,0.091122,26165,637815,0.07331,53667,1430600,0.164433,8700223
1,2021-03-06,57984,2124019,27494,1027670,29143,1094638,1347,1711,39179,815017,0.093678,18657,656472,0.075455,40889,1471489,0.169132,8700223
1,2021-03-07,21051,2145070,13069,1040739,6782,1101420,1200,2911,15564,826569,0.095005,5458,661930,0.076082,17010,1488499,0.171087,8700223
1,2021-03-08,46209,2191279,22553,1063292,21695,1123115,1961,4872,32324,847414,0.097401,13770,675700,0.077665,34615,1523114,0.175066,8700223
1,2021-03-09,67070,2258349,32491,1095783,32062,1155177,2517,7389,41261,865893,0.099525,25626,701326,0.08061,44105,1567219,0.180135,8700223
1,2021-03-10,74114,2332463,36848,1132631,32760,1187937,4506,11895,45533,887838,0.102048,28436,729762,0.083879,50381,1617600,0.185926,8700223
1,2021-03-11,90318,2422781,41442,1174073,40846,1228783,8030,19925,52440,911123,0.104724,37621,767383,0.088203,60906,1678506,0.192927,8700223
1,2021-03-12,99217,2521998,43777,1217850,43128,1271911,12312,32237,57919,940715,0.108125,41055,808438,0.092922,70647,1749153,0.201047,8700223
1,2021-03-13,65372,2587370,29432,1247282,28228,1300139,7712,39949,41536,966562,0.111096,23688,832126,0.095644,49535,1798688,0.20674,8700223
1,2021-03-14,27984,2615354,14980,1262262,9436,1309575,3568,43517,15667,973738,0.111921,12234,844360,0.09705,19410,1818098,0.208971,8700223
1,2021-03-15,65373,2680727,28795,1291057,29822,1339397,6756,50273,38453,992592,0.114088,26689,871049,0.100118,45543,1863641,0.214206,8700223
1,2021-03-16,85888,2766615,39103,1330160,41114,1380511,5671,55944,53119,1019182,0.117144,32534,903583,0.103857,59124,1922765,0.221002,8700223
1,2021-03-17,93348,2859963,45541,1375701,41261,1421772,6546,62490,60003,1052983,0.121029,33087,936670,0.10766,66888,1989653,0.22869,8700223
1,2021-03-18,98998,2958961,51050,1426751,42225,1463997,5723,68213,59765,1080091,0.124145,38855,975525,0.112126,65963,2055616,0.236272,8700223
1,2021-03-19,103934,3062895,53889,1480640,43812,1507809,6233,74446,60631,1104481,0.126949,42980,1018505,0.117067,67370,2122986,0.244015,8700223
1,2021-03-20,72807,3135702,37206,1517846,30383,1538192,5218,79664,46675,1130711,0.129963,25931,1044436,0.120047,52161,2175147,0.25001,8700223
1,2021-03-21,27438,3163140,19090,1536936,6539,1544731,1809,81473,17070,1139410,0.130963,10266,1054702,0.121227,18965,2194112,0.25219,8700223
1,2021-03-22,59396,3222536,30693,1567629,25398,1570129,3305,84778,39876,1163668,0.133752,19288,1073990,0.123444,43546,2237658,0.257195,8700223
1,2021-03-23,83600,3306136,42569,1610198,37384,1607513,3647,88425,51159,1186757,0.136405,32164,1106154,0.127141,55253,2292911,0.263546,8700223
1,2021-03-24,88519,3394655,44710,1654908,39430,1646943,4379,92804,52642,1208371,0.13889,35557,1141711,0.131228,57171,2350082,0.270117,8700223
1,2021-03-25,97487,3492142,49833,1704741,41794,1688737,5860,98664,53926,1225145,0.140818,43210,1184921,0.136194,59984,2410066,0.277012,8700223
1,2021-03-26,105855,3597997,51444,1756185,48075,1736812,6336,105000,56685,1239676,0.142488,48780,1233701,0.141801,63311,2473377,0.284289,8700223
1,2021-03-27,74540,3672537,38436,1794621,31881,1768693,4223,109223,38320,1246433,0.143264,35976,1269677,0.145936,42733,2516110,0.289201,8700223
1,2021-03-28,32907,3705444,21519,1816140,10156,1778849,1232,110455,16454,1248234,0.143471,16333,1286010,0.147813,18134,2534244,0.291285,8700223
1,2021-03-29,68746,3774190,33845,1849985,31724,1810573,3177,113632,37819,1258755,0.144681,30684,1316694,0.15134,41205,2575449,0.296021,8700223
1,2021-03-30,93655,3867845,45755,1895740,41477,1852050,6423,120055,48020,1267870,0.145728,45390,1362084,0.156557,54505,2629954,0.302286,8700223
1,2021-03-31,102132,3969977,53086,1948826,42798,1894848,6248,126303,55941,1284264,0.147613,45836,1407920,0.161826,62230,2692184,0.309439,8700223
1,2021-04-01,113705,4083682,54173,2002999,50687,1945535,8845,135148,57673,1295287,0.14888,55514,1463434,0.168206,66537,2758721,0.317086,8700223
1,2021-04-02,112983,4196665,51479,2054478,51731,1997266,9773,144921,57275,1307279,0.150258,55247,1518681,0.174557,67239,2825960,0.324815,8700223
1,2021-04-03,78616,4275281,39389,2093867,29511,2026777,9716,154637,36861,1312354,0.150841,41549,1560230,0.179332,46624,2872584,0.330174,8700223
1,2021-04-04,23852,4299133,11867,2105734,8498,2035275,3487,158124,9924,1311905,0.15079,13847,1574077,0.180924,13398,2885982,0.331714,8700223
1,2021-04-05,77768,4376901,36944,2142678,31395,2066670,9429,167553,34914,1313763,0.151003,42618,1616695,0.185822,44476,2930458,0.336826,8700223
1,2021-04-06,104805,4481706,49501,2192179,38558,2105228,16746,184299,47358,1320740,0.151805,57118,1673813,0.192387,64095,2994553,0.344193,8700223
1,2021-04-07,112967,4594673,54682,2246861,40558,2145786,17727,202026,50863,1327544,0.152587,61762,1735575,0.199486,68566,3063119,0.352074,8700223
1,2021-04-08,123409,4718082,58328,2305189,43915,2189701,21166,223192,54493,1334745,0.153415,68463,1804038,0.207355,75664,3138783,0.36077,8700223
1,2021-04-09,124525,4842607,56691,2361880,46864,2236565,20970,244162,54587,1340757,0.154106,69538,1873576,0.215348,75550,3214333,0.369454,8700223
1,2021-04-10,97118,4939725,43191,2405071,30971,2267536,22956,267118,38455,1343654,0.154439,58423,1931999,0.222063,61320,3275653,0.376502,8700223
1,2021-04-11,36829,4976554,20450,2425521,9463,2276999,6916,274034,14890,1343689,0.154443,21862,1953861,0.224576,21897,3297550,0.379019,8700223
1,2021-04-12,75314,5051868,33617,2459138,31600,2308599,10097,284131,31979,1342870,0.154349,43017,1996878,0.22952,42198,3339748,0.383869,8700223
1,2021-04-13,98336,5150204,52462,2511600,45528,2354127,346,284477,53077,1351715,0.155366,44927,2041805,0.234684,53772,3393520,0.39005,8700223
1,2021-04-14,105296,5255500,54446,2566046,50770,2404897,80,284557,53449,1354176,0.155648,51440,2093245,0.240597,53901,3447421,0.396245,8700223
1,2021-04-15,106054,5361554,57597,2623643,48364,2453261,93,284650,56136,1361281,0.156465,49300,2142545,0.246263,56405,3503826,0.402728,8700223
1,2021-04-16,111302,5472856,57045,2680688,54166,2507427,91,284741,55564,1361964,0.156544,55165,2197710,0.252604,55848,3559674,0.409147,8700223
1,2021-04-17,83532,5556388,45311,2725999,38209,2545636,12,284753,46552,1371980,0.157695,36713,2234423,0.256824,46729,3606403,0.414518,8700223
1,2021-04-18,30605,5586993,20712,2746711,9886,2555522,7,284760,15306,1372300,0.157732,15202,2249625,0.258571,15522,3621925,0.416303,8700223
1,2021-04-19,67142,5654135,33937,2780648,33192,2588714,13,284773,30220,1366129,0.157022,36533,2286158,0.26277,30362,3652287,0.419792,8700223
1,2021-04-20,88382,5742517,44415,2825063,43942,2632656,25,284798,41144,1360651,0.156393,46848,2333006,0.268155,41370,3693657,0.424547,8700223
1,2021-04-21,97895,5840412,50976,2876039,46816,2679472,103,284901,43612,1350938,0.155276,53674,2386680,0.274324,43961,3737618,0.4296,8700223
1,2021-04-22,97779,5938191,51057,2927096,46703,2726175,19,284920,44731,1343406,0.154411,52503,2439183,0.280359,44971,3782589,0.434769,8700223
1,2021-04-23,102964,6041155,53193,2980289,49742,2775917,29,284949,48857,1338984,0.153902,53548,2492731,0.286513,49126,3831715,0.440416,8700223
1,2021-04-24,76780,6117935,47527,3027816,29225,2805142,28,284977,43219,1349113,0.155066,33384,2526115,0.290351,43513,3875228,0.445417,8700223
1,2021-04-25,27452,6145387,17471,3045287,9965,2815107,16,284993,15630,1353212,0.155538,11690,2537805,0.291694,15789,3891017,0.447232,8700223
1,2021-04-26,66491,6211878,34836,3080123,31248,2846355,407,285400,31399,1350599,0.155237,34756,2572561,0.295689,32143,3923160,0.450926,8700223
1,2021-04-27,81846,6293724,43447,3123570,37092,2883447,1307,286707,35350,1341421,0.154182,46177,2618738,0.300997,36999,3960159,0.455179,8700223
1,2021-04-28,81686,6375410,43403,3166973,36765,2920212,1518,288225,35705,1333269,0.153245,45599,2664337,0.306238,37447,3997606,0.459483,8700223
1,2021-04-29,85199,6460609,46826,3213799,36739,2956951,1634,289859,34616,1319507,0.151664,50179,2714516,0.312005,36417,4034023,0.463669,8700223
1,2021-04-30,92760,6553369,50155,3263954,40699,2997650,1906,291765,38550,1306285,0.150144,53833,2768349,0.318193,40611,4074634,0.468337,8700223
1,2021-05-01,63940,6617309,41156,3305110,21348,3018998,1436,293201,26935,1298151,0.149209,36716,2805065,0.322413,28582,4103216,0.471622,8700223
1,2021-05-02,23577,6640886,16703,3321813,6290,3025288,584,293785,9475,1294254,0.148761,13985,2819050,0.32402,10088,4113304,0.472781,8700223
1,2021-05-03,56505,6697391,31300,3353113,23349,3048637,1856,295641,20461,1280855,0.147221,35767,2854817,0.328131,22368,4135672,0.475352,8700223
1,2021-05-04,76006,6773397,43754,3396867,30151,3078788,2101,297742,27191,1261740,0.145024,48487,2903304,0.333705,29372,4165044,0.478728,8700223
1,2021-05-05,78547,6851944,45539,3442406,30701,3109489,2307,300049,26526,1239013,0.142412,51638,2954942,0.33964,28911,4193955,0.482051,8700223
1,2021-05-06,80125,6932069,48664,3491070,29276,3138765,2185,302234,24887,1211429,0.139241,54811,3009753,0.34594,27227,4221182,0.485181,8700223
1,2021-05-07,83726,7015795,47644,3538714,33881,3172646,2201,304435,27797,1186051,0.136324,55441,3065194,0.352312,30063,4251245,0.488636,8700223
1,2021-05-08,57656,7073451,36202,3574916,19799,3192445,1655,306090,19551,1169596,0.134433,37746,3102940,0.356651,21291,4272536,0.491084,8700223
1,2021-05-09,18372,7091823,13187,3588103,4707,3197152,478,306568,5564,1162952,0.133669,12721,3115661,0.358113,6077,4278613,0.491782,8700223
1,2021-05-10,44470,7136293,22509,3610612,20127,3217279,1834,308402,14824,1150361,0.132222,29339,3145000,0.361485,16748,4295361,0.493707,8700223
1,2021-05-11,63038,7199331,34285,3644897,26585,3243864,2168,310570,20678,1131264,0.130027,42051,3187051,0.366318,22954,4318315,0.496345,8700223
1,2021-05-12,63177,7262508,33585,3678482,27519,3271383,2073,312643,20724,1112026,0.127816,42096,3229147,0.371157,22858,4341173,0.498973,8700223
1,2021-05-13,67467,7329975,39596,3718078,25878,3297261,1993,314636,25677,1098597,0.126272,41382,3270529,0.375913,27953,4369126,0.502186,8700223
1,2021-05-14,77053,7407028,46443,3764521,28199,3325460,2411,317047,31081,1086831,0.12492,45536,3316065,0.381147,33770,4402896,0.506067,8700223
1,2021-05-15,66977,7474005,43973,3808494,21232,3346692,1772,318819,26652,1075340,0.123599,39984,3356049,0.385743,28493,4431389,0.509342,8700223
1,2021-05-16,25151,7499156,18542,3827036,5987,3352679,622,319441,10252,1071490,0.123157,14770,3370819,0.387441,10920,4442309,0.510597,8700223
1,2021-05-17,54574,7553730,33329,3860365,19460,3372139,1785,321226,23087,1065220,0.122436,31197,3402016,0.391026,24927,4467236,0.513462,8700223
1,2021-05-18,65437,7619167,39414,3899779,24179,3396318,1844,323070,28349,1058721,0.121689,36781,3438797,0.395254,30282,4497518,0.516943,8700223
1,2021-05-19,66784,7685951,40671,3940450,24168,3420486,1945,325015,29860,1053988,0.121145,36612,3475409,0.399462,31879,4529397,0.520607,8700223
1,2021-05-20,65108,7751059,37794,3978244,25077,3445563,2237,327252,26759,1045205,0.120135,37976,3513385,0.403827,29193,4558590,0.523962,8700223
1,2021-05-21,70795,7821854,42345,4020589,26568,3472131,1882,329134,29169,1035153,0.11898,41196,3554581,0.408562,31144,4589734,0.527542,8700223
1,2021-05-22,56640,7878494,37270,4057859,17637,3489768,1733,330867,24602,1029842,0.11837,31738,3586319,0.41221,26427,4616161,0.53058,8700223
1,2021-05-23,20573,7899067,14386,4072245,5600,3495368,587,331454,9532,1029058,0.118279,10929,3597248,0.413466,10145,4626306,0.531746,8700223
1,2021-05-24,44345,7943412,24751,4096996,17739,3513107,1855,333309,17947,1022821,0.117563,26118,3623366,0.416468,19881,4646187,0.534031,8700223
1,2021-05-25,51655,7995067,29773,4126769,20154,3533261,1728,335037,21469,1016257,0.116808,29851,3653217,0.419899,23287,4669474,0.536707,8700223
1,2021-05-26,48989,8044056,27761,4154530,19295,3552556,1933,336970,20761,1011091,0.116214,27900,3681117,0.423106,22734,4692208,0.53932,8700223
1,2021-05-27,47535,8091591,26700,4181230,18910,3571466,1925,338895,20363,1006634,0.115702,26858,3707975,0.426193,22401,4714609,0.541895,8700223
1,2021-05-28,53335,8144926,29804,4211034,21668,3593134,1863,340758,23910,1003471,0.115339,29061,3737036,0.429533,25898,4740507,0.544872,8700223
1,2021-05-29,30941,8175867,18744,4229778,11218,3604352,979,341737,14683,1003102,0.115296,16085,3753121,0.431382,15716,4756223,0.546678,8700223
1,2021-05-30,11737,8187604,7586,4237364,3590,3607942,561,342298,5530,1003088,0.115295,6131,3759252,0.432087,6117,4762340,0.547381,8700223
1,2021-05-31,5828,8193432,3316,4240680,2251,3610193,261,342559,2040,1001682,0.115133,3719,3762971,0.432514,2313,4764653,0.547647,8700223
1,2021-06-01,46516,8239948,26352,4267032,18573,3628766,1591,344150,17623,992449,0.114072,28507,3791478,0.435791,19274,4783927,0.549863,8700223
1,2021-06-02,40620,8280568,23617,4290649,15484,3644250,1519,345669,16420,986596,0.113399,23874,3815352,0.438535,18021,4801948,0.551934,8700223
1,2021-06-03,42100,8322668,26402,4317051,13960,3658210,1738,347407,16089,978809,0.112504,25689,3841041,0.441488,17902,4819850,0.553992,8700223
1,2021-06-04,50949,8373617,32640,4349691,16483,3674693,1826,349233,18293,966747,0.111117,32258,3873299,0.445195,20196,4840046,0.556313,8700223
1,2021-06-05,40792,8414409,27845,4377536,10925,3685618,2022,351255,14284,956828,0.109977,26278,3899577,0.448216,16359,4856405,0.558193,8700223
1,2021-06-06,13265,8427674,10621,4388157,2127,3687745,517,351772,4567,953364,0.109579,8609,3908186,0.449205,5145,4861550,0.558785,8700223
1,2021-06-07,34373,8462047,23723,4411880,9274,3697019,1376,353148,12299,945256,0.108647,21837,3930023,0.451715,13729,4875279,0.560363,8700223
1,2021-06-08,42506,8504553,29407,4441287,11433,3708452,1666,354814,14802,934402,0.1074,27409,3957432,0.454866,16555,4891834,0.562265,8700223
1,2021-06-09,42455,8547008,29444,4470731,11354,3719806,1657,356471,13829,921644,0.105933,28300,3985732,0.458118,15542,4907376,0.564052,8700223
1,2021-06-10,39398,8586406,26522,4497253,11159,3730965,1717,358188,13441,911214,0.104735,25687,4011419,0.461071,15257,4922633,0.565805,8700223
1,2021-06-11,44723,8631129,29678,4526931,13336,3744301,1709,359897,15949,900507,0.103504,28444,4039863,0.46434,17737,4940370,0.567844,8700223
1,2021-06-12,34322,8665451,24852,4551783,8243,3752544,1227,361124,11277,890261,0.102326,22817,4062680,0.466963,12571,4952941,0.569289,8700223
1,2021-06-13,11721,8677172,8527,4560310,2712,3755256,482,361606,3420,885972,0.101833,8224,4070904,0.467908,3935,4956876,0.569741,8700223
1,2021-06-14,31442,8708614,21197,4581507,8908,3764164,1337,362943,11754,879622,0.101103,19470,4090374,0.470146,13120,4969996,0.571249,8700223
1,2021-06-15,37912,8746526,24873,4606380,11164,3775328,1875,364818,14103,872188,0.100249,23500,4113874,0.472847,16066,4986062,0.573096,8700223
1,2021-06-16,36101,8782627,24428,4630808,9817,3785145,1856,366674,13640,865583,0.09949,22158,4136032,0.475394,15553,5001615,0.574884,8700223
1,2021-06-17,34027,8816654,22503,4653311,9551,3794696,1973,368647,13295,860472,0.098902,20463,4156495,0.477746,15352,5016967,0.576648,8700223
1,2021-06-18,39937,8856591,25951,4679262,11117,3805813,2869,371516,15458,854668,0.098235,24182,4180677,0.480525,18378,5035345,0.57876,8700223
1,2021-06-19,24121,8880712,16744,4696006,6174,3811987,1203,372719,9800,851567,0.097879,14144,4194821,0.482151,11043,5046388,0.58003,8700223
1,2021-06-20,8175,8888887,5987,4701993,1911,3813898,277,372996,3233,850218,0.097724,4869,4199690,0.482711,3520,5049908,0.580434,8700223
1,2021-06-21,21099,8909986,11941,4713934,6961,3820859,2197,375193,10982,853452,0.098095,9994,4209684,0.483859,13228,5063136,0.581955,8700223
1,2021-06-22,31043,8941029,20250,4734184,8619,3829478,2174,377367,12943,850759,0.097786,17871,4227555,0.485913,15178,5078314,0.583699,8700223
1,2021-06-23,29571,8970600,19860,4754044,7877,3837355,1834,379201,12861,848998,0.097583,16481,4244036,0.487808,14720,5093034,0.585391,8700223
1,2021-06-24,28648,8999248,19094,4773138,7873,3845228,1681,380882,12121,846552,0.097302,16314,4260350,0.489683,13868,5106902,0.586985,8700223
1,2021-06-25,32065,9031313,21708,4794846,8932,3854160,1425,382307,14043,844310,0.097045,17765,4278115,0.491725,15523,5122425,0.588769,8700223
1,2021-06-26,22678,9053991,16845,4811691,4987,3859147,846,383153,9889,842438,0.096829,12654,4290769,0.493179,10782,5133207,0.590009,8700223
1,2021-06-27,9292,9063283,6926,4818617,1927,3861074,439,383592,4113,841902,0.096768,5104,4295873,0.493766,4568,5137775,0.590534,8700223
1,2021-06-28,21486,9084769,15971,4834588,4251,3865325,1264,384856,9956,841851,0.096762,11318,4307191,0.495067,11267,5149042,0.591829,8700223
1,2021-06-29,27311,9112080,18710,4853298,7198,3872523,1403,386259,12124,840446,0.096601,14990,4322181,0.49679,13585,5162627,0.59339,8700223
1,2021-06-30,26664,9138744,18478,4871776,7113,3879636,1073,387332,12759,840675,0.096627,13676,4335857,0.498362,13905,5176532,0.594988,8700223
1,2021-07-01,24378,9163122,16951,4888727,6113,3885749,1314,388646,11324,840512,0.096608,12876,4348733,0.499842,12713,5189245,0.59645,8700223
1,2021-07-02,27220,9190342,18728,4907455,7432,3893181,1060,389706,12748,840144,0.096566,14256,4362989,0.50148,13888,5203133,0.598046,8700223
1,2021-07-03,15059,9205401,10521,4917976,4079,3897260,459,390165,7183,840087,0.096559,7732,4370721,0.502369,7675,5210808,0.598928,8700223
1,2021-07-04,1298,9206699,731,4918707,499,3897759,68,390233,630,840133,0.096565,657,4371378,0.502444,703,5211511,0.599009,8700223
1,2021-07-05,11253,9217952,7798,4926505,3089,3900848,366,390599,5339,840048,0.096555,5838,4377216,0.503115,5753,5217264,0.59967,8700223
1,2021-07-06,27944,9245896,19761,4946266,7023,3907871,1160,391759,11186,835943,0.096083,16551,4393767,0.505018,12446,5229710,0.601101,8700223
1,2021-07-07,24317,9270213,17042,4963308,6098,3913969,1177,392936,10474,834030,0.095863,13648,4407415,0.506586,11735,5241445,0.60245,8700223
1,2021-07-08,23284,9293497,16147,4979455,6036,3920005,1101,394037,10014,832167,0.095649,13064,4420479,0.508088,11201,5252646,0.603737,8700223
1,2021-07-09,27528,9321025,19482,4998937,6869,3926874,1177,395214,12451,830959,0.09551,14892,4435371,0.5098,13684,5266330,0.60531,8700223
1,2021-07-10,18175,9339200,13123,5012060,4277,3931151,775,395989,8107,829951,0.095394,9936,4445307,0.510942,8928,5275258,0.606336,8700223
1,2021-07-11,6824,9346024,4992,5017052,1625,3932776,207,396196,3298,830001,0.0954,3473,4448780,0.511341,3523,5278781,0.606741,8700223
1,2021-07-12,20489,9366513,14732,5031784,4854,3937630,903,397099,9094,828845,0.095267,11246,4460026,0.512634,10090,5288871,0.607901,8700223
1,2021-07-13,22752,9389265,15883,5047667,6045,3943675,824,397923,10654,828471,0.095224,11939,4471965,0.514006,11565,5300436,0.60923,8700223
1,2021-07-14,22696,9411961,15602,5063269,6100,3949775,994,398917,10236,827513,0.095114,12297,4484262,0.515419,11339,5311775,0.610533,8700223
1,2021-07-15,22065,9434026,15637,5078906,5688,3955463,740,399657,10679,827801,0.095147,11237,4495499,0.516711,11525,5323300,0.611858,8700223
1,2021-07-16,27168,9461194,18988,5097894,7169,3962632,1011,400668,13463,828828,0.095265,13531,4509030,0.518266,14558,5337858,0.613531,8700223
1,2021-07-17,18868,9480062,13638,5111532,4522,3967154,708,401376,9288,829419,0.095333,9441,4518471,0.519351,10032,5347890,0.614684,8700223
1,2021-07-18,7518,9487580,5550,5117082,1682,3968836,286,401662,3844,829952,0.095394,3614,4522085,0.519767,4147,5352037,0.615161,8700223
1,2021-07-19,21090,9508670,15272,5132354,4978,3973814,840,402502,10567,831075,0.095523,10380,4532465,0.52096,11503,5363540,0.616483,8700223
1,2021-07-20,25245,9533915,17461,5149815,6886,3980700,898,403400,13001,833010,0.095746,12055,4544520,0.522345,13990,5377530,0.618091,8700223
1,2021-07-21,25514,9559429,17914,5167729,6380,3987080,1220,404620,13035,835068,0.095982,12313,4556833,0.52376,14371,5391901,0.619743,8700223
1,2021-07-22,24644,9584073,17441,5185170,6358,3993438,845,405465,13434,838420,0.096368,11018,4567851,0.525027,14370,5406271,0.621395,8700223
1,2021-07-23,29380,9613453,20790,5205960,7562,4001000,1028,406493,16378,843100,0.096906,12793,4580644,0.526497,17473,5423744,0.623403,8700223
1,2021-07-24,18325,9631778,12952,5218912,4802,4005802,571,407064,10785,847063,0.097361,7418,4588062,0.52735,11381,5435125,0.624711,8700223
1,2021-07-25,7564,9639342,5439,5224351,2008,4007810,117,407181,5638,850956,0.097809,1882,4589944,0.527566,5775,5440900,0.625375,8700223
1,2021-07-26,21735,9661077,15034,5239385,5935,4013745,766,407947,14055,858311,0.098654,7537,4597481,0.528433,14892,5455792,0.627086,8700223
1,2021-07-27,27377,9688454,19571,5258956,6854,4020599,952,408899,16131,864381,0.099352,11063,4608544,0.529704,17133,5472925,0.629056,8700223
1,2021-07-28,28256,9716710,20042,5278998,7334,4027933,880,409779,17329,871922,0.100218,10739,4619283,0.530938,18280,5491205,0.631157,8700223
1,2021-07-29,26895,9743605,19073,5298071,7024,4034957,798,410577,16827,879718,0.101114,9891,4629174,0.532075,17687,5508892,0.63319,8700223
1,2021-07-30,31409,9775014,22474,5320545,8029,4042986,906,411483,19206,887885,0.102053,11983,4641157,0.533453,20150,5529042,0.635506,8700223
1,2021-07-31,20010,9795024,14526,5335071,4942,4047928,542,412025,12437,893480,0.102696,7408,4648565,0.534304,13003,5542045,0.637,8700223
1,2021-08-01,8892,9803916,6700,5341771,2065,4049993,127,412152,6092,896976,0.103098,2751,4651316,0.53462,6247,5548292,0.637718,8700223
1,2021-08-02,25019,9828935,18625,5360396,5683,4055676,711,412863,16274,905428,0.10407,8582,4659898,0.535607,17034,5565326,0.639676,8700223
1,2021-08-03,28889,9857824,20934,5381330,7016,4062692,939,413802,18133,913970,0.105051,10564,4670462,0.536821,19106,5584432,0.641872,8700223
1,2021-08-04,27757,9885581,20191,5401521,6685,4069377,881,414683,17653,922656,0.10605,9896,4680358,0.537958,18582,5603014,0.644008,8700223
1,2021-08-05,27528,9913109,20197,5421718,6423,4075800,908,415591,17363,930992,0.107008,9956,4690314,0.539103,18292,5621306,0.646111,8700223
1,2021-08-06,33969,9947078,25041,5446759,7952,4083752,976,416567,21208,940700,0.108124,12520,4702834,0.540542,22228,5643534,0.648665,8700223
1,2021-08-07,21773,9968851,16329,5463088,4876,4088628,568,417135,13553,946745,0.108818,8090,4710924,0.541472,14135,5657669,0.65029,8700223
1,2021-08-08,10531,9979382,7693,5470781,2636,4091264,202,417337,6850,950195,0.109215,3611,4714535,0.541887,7061,5664730,0.651102,8700223
1,2021-08-09,27914,10007296,20922,5491703,6180,4097444,812,418149,17263,957846,0.110094,10459,4724994,0.543089,18110,5682840,0.653183,8700223
1,2021-08-10,29371,10036667,21602,5513305,6901,4104345,868,419017,17505,964617,0.110873,11657,4736651,0.544429,18428,5701268,0.655301,8700223
1,2021-08-11,27068,10063735,19921,5533226,6227,4110572,920,419937,15957,970622,0.111563,10898,4747549,0.545681,16903,5718171,0.657244,8700223
1,2021-08-12,28814,10092549,20724,5553950,7043,4117615,1047,420984,17209,977587,0.112363,11315,4758864,0.546982,18280,5736451,0.659345,8700223
1,2021-08-13,36101,10128650,26233,5580183,8813,4126428,1055,422039,21010,984918,0.113206,14780,4773644,0.548681,22111,5758562,0.661887,8700223
1,2021-08-14,23908,10152558,18152,5598335,5199,4131627,557,422596,13663,989366,0.113717,9790,4783434,0.549806,14238,5772800,0.663523,8700223
1,2021-08-15,10545,10163103,7776,5606111,2613,4134240,156,422752,6091,991487,0.113961,4148,4787582,0.550283,6269,5779069,0.664244,8700223
1,2021-08-16,29087,10192190,20641,5626752,7655,4141895,791,423543,16042,996194,0.114502,12157,4799739,0.55168,16864,5795933,0.666182,8700223
1,2021-08-17,31635,10223825,22398,5649150,8294,4150189,943,424486,16620,999726,0.114908,14070,4813809,0.553297,17602,5813535,0.668205,8700223
1,2021-08-18,31622,10255447,22659,5671809,8072,4158261,891,425377,16074,1002393,0.115215,14345,4828154,0.554946,17012,5830547,0.670161,8700223
1,2021-08-19,30885,10286332,22014,5693823,7861,4166122,1010,426387,15786,1005376,0.115557,13850,4842004,0.556538,16833,5847380,0.672095,8700223
1,2021-08-20,38031,10324363,27640,5721463,9448,4175570,943,427330,19288,1008451,0.115911,17188,4859192,0.558514,20263,5867643,0.674424,8700223
1,2021-08-21,23024,10347387,17208,5738671,5252,4180822,564,427894,11279,1009307,0.116009,11002,4870194,0.559778,11858,5879501,0.675787,8700223
1,2021-08-22,11871,10359258,8693,5747364,2976,4183798,202,428096,5979,1009998,0.116089,5504,4875698,0.560411,6195,5885696,0.676499,8700223
1,2021-08-23,30998,10390256,23004,5770368,7254,4191052,740,428836,14971,1010906,0.116193,14868,4890566,0.56212,15776,5901472,0.678313,8700223
1,2021-08-24,31604,10421860,23948,5794316,6828,4197880,828,429664,14992,1011372,0.116247,15418,4905984,0.563892,15884,5917356,0.680138,8700223
1,2021-08-25,31135,10452995,23614,5817930,6790,4204670,731,430395,14555,1011344,0.116243,15365,4921349,0.565658,15337,5932693,0.681901,8700223
1,2021-08-26,31050,10484045,23101,5841031,7064,4211734,885,431280,14692,1012025,0.116322,14941,4936290,0.567375,15622,5948315,0.683697,8700223
1,2021-08-27,38207,10522252,29308,5870339,8111,4219845,788,432068,17418,1011193,0.116226,19116,4955406,0.569572,18284,5966599,0.685798,8700223
1,2021-08-28,24333,10546585,18990,5889329,4921,4224766,422,432490,10498,1009085,0.115984,13073,4968479,0.571075,10965,5977564,0.687059,8700223
1,2021-08-29,11980,10558565,9006,5898335,2833,4227599,141,432631,5552,1008801,0.115951,6009,4974488,0.571766,5725,5983289,0.687717,8700223
1,2021-08-30,28319,10586884,20809,5919144,6610,4234209,900,433531,12209,1007078,0.115753,14885,4989373,0.573476,13162,5996451,0.68923,8700223
1,2021-08-31,14082,10600966,10721,5929865,2709,4236918,652,434183,5692,1005837,0.11561,7593,4996966,0.574349,6352,6002803,0.68996,8700223
2,2020-12-15,263,263,263,263,0,0,0,0,263,263,3.1e-05,0,0,0.0,263,263,3.1e-05,8407551
2,2020-12-16,2339,2602,2339,2602,0,0,0,0,2340,2603,0.00031,0,0,0.0,2340,2603,0.00031,8407551
2,2020-12-17,7255,9857,7255,9857,0,0,0,0,7254,9857,0.001172,0,0,0.0,7254,9857,0.001172,8407551
2,2020-12-18,11193,21050,11172,21029,21,21,0,0,11195,21052,0.002504,0,0,0.0,11195,21052,0.002504,8407551
2,2020-12-19,5651,26701,5644,26673,7,28,0,0,5653,26705,0.003176,0,0,0.0,5653,26705,0.003176,8407551
2,2020-12-20,4267,30968,4250,30923,17,45,0,0,4259,30963,0.003683,1,1,0.0,4259,30964,0.003683,8407551
2,2020-12-21,12911,43879,12881,43804,30,75,0,0,12864,43826,0.005213,1,2,0.0,12864,43828,0.005213,8407551
2,2020-12-22,12306,56185,11770,55574,536,611,0,0,12305,56131,0.006676,0,2,0.0,12305,56133,0.006676,8407551
2,2020-12-23,11856,68041,9578,65152,2278,2889,0,0,11857,67987,0.008086,2,4,0.0,11858,67991,0.008087,8407551
2,2020-12-24,5921,73962,3500,68652,2421,5310,0,0,5919,73905,0.00879,3,7,1e-06,5921,73912,0.008791,8407551
2,2020-12-25,506,74468,422,69074,84,5394,0,0,509,74414,0.008851,0,7,1e-06,509,74421,0.008852,8407551
2,2020-12-26,2596,77064,1673,70747,923,6317,0,0,2597,77010,0.00916,1,8,1e-06,2597,77018,0.009161,8407551
2,2020-12-27,2244,79308,1222,71969,1022,7339,0,0,2242,79250,0.009426,2,10,1e-06,2242,79260,0.009427,8407551
2,2020-12-28,11186,90494,7256,79225,3930,11269,0,0,11186,90433,0.010756,3,13,2e-06,11186,90446,0.010758,8407551
2,2020-12-29,13036,103530,7326,86551,5710,16979,0,0,13041,103474,0.012307,0,13,2e-06,13041,103487,0.012309,8407551
2,2020-12-30,15760,119290,8844,95395,6916,23895,0,0,15754,119225,0.014181,5,18,2e-06,15756,119243,0.014183,8407551
2,2020-12-31,7650,126940,2846,98241,4804,28699,0,0,7642,126862,0.015089,5,23,3e-06,7642,126885,0.015092,8407551
2,2021-01-01,1458,128398,703,98944,755,29454,0,0,1453,128311,0.015261,4,27,3e-06,1453,128338,0.015265,8407551
2,2021-01-02,4890,133288,2787,101731,2103,31557,0,0,4885,133194,0.015842,2,29,3e-06,4885,133223,0.015846,8407551
2,2021-01-03,1440,134728,814,102545,626,32183,0,0,1432,134622,0.016012,4,33,4e-06,1432,134655,0.016016,8407551
2,2021-01-04,11836,146564,5639,108184,6197,38380,0,0,11822,146440,0.017418,4,37,4e-06,11822,146477,0.017422,8407551
2,2021-01-05,14060,160624,7049,115233,7011,45391,0,0,12803,158024,0.018795,1252,1289,0.000153,12836,159313,0.018949,8407551
2,2021-01-06,19313,179937,10686,125919,8627,54018,0,0,15282,169351,0.020143,3970,5259,0.000626,15297,174610,0.020768,8407551
2,2021-01-07,23537,203474,13277,139196,10260,64278,0,0,15757,177336,0.021092,7791,13050,0.001552,15776,190386,0.022645,8407551
2,2021-01-08,27234,230708,16456,155652,10778,75056,0,0,16646,183482,0.021823,10531,23581,0.002805,16677,207063,0.024628,8407551
2,2021-01-09,9928,240636,5816,161468,4112,79168,0,0,6313,186197,0.022146,3609,27190,0.003234,6324,213387,0.02538,8407551
2,2021-01-10,5360,245996,2989,164457,2371,81539,0,0,3100,187033,0.022246,2270,29460,0.003504,3106,216493,0.02575,8407551
2,2021-01-11,26252,272248,18152,182609,8100,89639,0,0,15051,190929,0.022709,11209,40669,0.004837,15105,231598,0.027546,8407551
2,2021-01-12,26612,298860,16546,199155,10066,99705,0,0,16882,198148,0.023568,9757,50426,0.005998,16976,248574,0.029566,8407551
2,2021-01-13,28809,327669,15294,214449,13515,113220,0,0,20738,210869,0.025081,8058,58484,0.006956,20779,269353,0.032037,8407551
2,2021-01-14,30796,358465,11803,226252,18993,132213,0,0,26457,233057,0.02772,4354,62838,0.007474,26542,295895,0.035194,8407551
2,2021-01-15,35388,393853,12848,239100,22540,154753,0,0,32055,261876,0.031148,3330,66168,0.00787,32149,328044,0.039018,8407551
2,2021-01-16,18415,412268,6161,245261,12254,167007,0,0,16984,277420,0.032997,1449,67617,0.008042,16993,345037,0.041039,8407551
2,2021-01-17,10612,422880,3594,248855,7018,174025,0,0,9850,286505,0.034077,776,68393,0.008135,9861,354898,0.042212,8407551
2,2021-01-18,19913,442793,11145,260000,8768,182793,0,0,15006,296653,0.035284,4924,73317,0.00872,15072,369970,0.044004,8407551
2,2021-01-19,32983,475776,17222,277222,15761,198554,0,0,24750,313288,0.037263,8232,81549,0.009699,24867,394837,0.046962,8407551
2,2021-01-20,37899,513675,19102,296324,18797,217351,0,0,29141,333798,0.039702,8729,90278,0.010738,29239,424076,0.05044,8407551
2,2021-01-21,41362,555037,17602,313926,23760,241111,0,0,36718,366097,0.043544,4612,94890,0.011286,36911,460987,0.05483,8407551
2,2021-01-22,39834,594871,16653,330579,23181,264292,0,0,36422,399118,0.047471,3431,98321,0.011694,36452,497439,0.059166,8407551
2,2021-01-23,24377,619248,10844,341423,13533,277825,0,0,21374,417544,0.049663,2979,101300,0.012049,21405,518844,0.061712,8407551
2,2021-01-24,12511,631759,6131,347554,6380,284205,0,0,11572,428213,0.050932,923,102223,0.012158,11592,530436,0.06309,8407551
2,2021-01-25,34238,665997,15738,363292,18500,302705,0,0,25253,444684,0.052891,8932,111155,0.013221,25403,555839,0.066112,8407551
2,2021-01-26,40693,706690,19893,383185,20800,323505,0,0,31301,466714,0.055511,9363,120518,0.014334,31393,587232,0.069846,8407551
2,2021-01-27,46002,752692,22766,405951,23236,346741,0,0,35473,491850,0.058501,10405,130923,0.015572,35541,622773,0.074073,8407551
2,2021-01-28,48417,801109,22579,428530,25838,372579,0,0,39513,522612,0.06216,8835,139758,0.016623,39597,662370,0.078783,8407551
2,2021-01-29,46036,847145,22141,450671,23895,396474,0,0,37099,550987,0.065535,8807,148565,0.01767,37182,699552,0.083205,8407551
2,2021-01-30,31534,878679,13353,464024,18181,414655,0,0,28076,575694,0.068473,3414,151979,0.018076,28121,727673,0.08655,8407551
2,2021-01-31,17313,895992,10233,474257,7080,421735,0,0,16073,590572,0.070243,1218,153197,0.018221,16096,743769,0.088464,8407551
2,2021-02-01,41670,937662,19940,494197,21730,443465,0,0,30372,609760,0.072525,11235,164432,0.019558,30423,774192,0.092083,8407551
2,2021-02-02,48291,985953,19625,513822,28666,472131,0,0,36577,634825,0.075507,11615,176047,0.020939,36680,810872,0.096446,8407551
2,2021-02-03,54385,1040338,23886,537708,30499,502630,0,0,39972,660591,0.078571,14308,190355,0.022641,40074,850946,0.101212,8407551
2,2021-02-04,56649,1096987,24264,561972,32385,535015,0,0,41119,686398,0.081641,15418,205773,0.024475,41225,892171,0.106115,8407551
2,2021-02-05,60704,1157691,26345,588317,34359,569374,0,0,40934,707991,0.084209,19542,225315,0.026799,41135,933306,0.111008,8407551
2,2021-02-06,39617,1197308,18385,606702,21232,590606,0,0,31483,731531,0.087009,8053,233368,0.027757,31593,964899,0.114766,8407551
2,2021-02-07,15801,1213109,10444,617146,5357,595963,0,0,11951,739739,0.087985,3816,237184,0.028211,12024,976923,0.116196,8407551
2,2021-02-08,43349,1256458,21940,639086,21409,617372,0,0,29609,755978,0.089917,13588,250772,0.029827,29827,1006750,0.119744,8407551
2,2021-02-09,49896,1306354,23607,662693,26289,643661,0,0,30722,768126,0.091361,18941,269713,0.03208,31089,1037839,0.123441,8407551
2,2021-02-10,59921,1366275,28011,690704,31910,675571,0,0,34502,777886,0.092522,25122,294835,0.035068,34882,1072721,0.12759,8407551
2,2021-02-11,64670,1430945,29683,720387,34987,710558,0,0,35919,785965,0.093483,28363,323198,0.038441,36442,1109163,0.131925,8407551
2,2021-02-12,66358,1497303,28608,748995,37750,748308,0,0,35391,791368,0.094126,30665,353863,0.042089,36068,1145231,0.136215,8407551
2,2021-02-13,38359,1535662,15955,764950,22404,770712,0,0,22074,797648,0.094873,16177,370040,0.044013,22457,1167688,0.138886,8407551
2,2021-02-14,20237,1555899,9416,774366,10821,781533,0,0,11227,800297,0.095188,8953,378993,0.045078,11602,1179290,0.140266,8407551
2,2021-02-15,33505,1589404,15062,789428,18443,799976,0,0,18522,804860,0.095731,14834,393827,0.046842,19397,1198687,0.142573,8407551
2,2021-02-16,56757,1646161,27793,817221,28964,828940,0,0,29797,808515,0.096165,26834,420661,0.050034,30489,1229176,0.146199,8407551
2,2021-02-17,62102,1708263,31901,849122,30201,859141,0,0,30741,808830,0.096203,31251,451912,0.053751,31566,1260742,0.149954,8407551
2,2021-02-18,66816,1775079,33665,882787,33151,892292,0,0,32439,808334,0.096144,34094,486006,0.057806,33598,1294340,0.15395,8407551
2,2021-02-19,60130,1835209,33210,915997,26920,919212,0,0,29762,808534,0.096168,30156,516162,0.061393,30356,1324696,0.15756,8407551
2,2021-02-20,38026,1873235,24640,940637,13386,932598,0,0,20600,812527,0.096643,17311,533473,0.063452,21304,1346000,0.160094,8407551
2,2021-02-21,21951,1895186,17718,958355,4233,936831,0,0,10823,813173,0.096719,11016,544489,0.064762,11662,1357662,0.161481,8407551
2,2021-02-22,39789,1934975,27139,985494,12650,949481,0,0,18810,811884,0.096566,20809,565298,0.067237,19520,1377182,0.163803,8407551
2,2021-02-23,54205,1989180,27664,1013158,26541,976022,0,0,23724,807326,0.096024,30195,595493,0.070828,25637,1402819,0.166852,8407551
2,2021-02-24,71546,2060726,36743,1049901,34803,1010825,0,0,32674,803784,0.095603,38628,634121,0.075423,35086,1437905,0.171025,8407551
2,2021-02-25,77696,2138422,36722,1086623,40974,1051799,0,0,39352,807956,0.096099,38050,672171,0.079948,42222,1480127,0.176047,8407551
2,2021-02-26,86269,2224691,37002,1123625,49267,1101066,0,0,46294,816823,0.097153,39642,711813,0.084664,48509,1528636,0.181817,8407551
2,2021-02-27,63177,2287868,29318,1152943,33851,1134917,8,8,34168,823594,0.097959,28754,740567,0.088084,35525,1564161,0.186042,8407551
2,2021-02-28,31168,2319036,18659,1171602,12508,1147425,1,9,18042,829505,0.098662,12987,753554,0.089628,18898,1583059,0.18829,8407551
2,2021-03-01,59375,2378411,30916,1202518,28379,1175804,80,89,32374,836544,0.099499,26659,780213,0.092799,33698,1616757,0.192298,8407551
2,2021-03-02,71109,2449520,34130,1236648,36963,1212767,16,105,39750,847542,0.100807,31151,811364,0.096504,42149,1658906,0.197311,8407551
2,2021-03-03,82063,2531583,39525,1276173,42518,1255285,20,125,46255,860906,0.102397,35564,846928,0.100734,48928,1707834,0.203131,8407551
2,2021-03-04,89913,2621496,44029,1320202,45850,1301135,34,159,51381,876480,0.104249,38260,885188,0.105285,53834,1761668,0.209534,8407551
2,2021-03-05,83628,2705124,39239,1359441,44065,1345200,324,483,50659,897166,0.10671,32701,917889,0.109174,53387,1815055,0.215884,8407551
2,2021-03-06,63643,2768767,30985,1390426,30930,1376130,1728,2211,38889,914609,0.108784,24604,942493,0.112101,42047,1857102,0.220885,8407551
2,2021-03-07,28925,2797692,16413,1406839,10954,1387084,1558,3769,18284,925013,0.110022,10558,953051,0.113357,20962,1878064,0.223378,8407551
2,2021-03-08,51317,2849009,23509,1430348,25220,1412304,2588,6357,32187,942423,0.112092,19002,972053,0.115617,36412,1914476,0.227709,8407551
2,2021-03-09,71246,2920255,32438,1462786,34923,1447227,3885,10242,39386,955330,0.113628,31703,1003756,0.119387,44610,1959086,0.233015,8407551
2,2021-03-10,78967,2999222,37282,1500068,35086,1482313,6599,16841,41715,967933,0.115127,37012,1040768,0.12379,49615,2008701,0.238916,8407551
2,2021-03-11,93731,3092953,43179,1543247,42139,1524452,8413,25254,48734,981779,0.116773,44662,1085430,0.129102,58508,2067209,0.245875,8407551
2,2021-03-12,94687,3187640,39040,1582287,43707,1568159,11940,37194,46915,994488,0.118285,47494,1132924,0.134751,60203,2127412,0.253036,8407551
2,2021-03-13,69544,3257184,29020,1611307,32483,1600642,8041,45235,38033,1010456,0.120184,31355,1164279,0.13848,47323,2174735,0.258665,8407551
2,2021-03-14,37177,3294361,18389,1629696,14269,1614911,4519,49754,18658,1015954,0.120838,18405,1182684,0.140669,23903,2198638,0.261508,8407551
2,2021-03-15,67846,3362207,30609,1660305,32205,1647116,5032,54786,37320,1029121,0.122404,30275,1212959,0.14427,43442,2242080,0.266675,8407551
2,2021-03-16,86764,3448971,38424,1698729,44294,1691410,4046,58832,52237,1052218,0.125152,34299,1247258,0.14835,57396,2299476,0.273501,8407551
2,2021-03-17,93459,3542430,44745,1743474,44498,1735908,4216,63048,59142,1082356,0.128736,34015,1281273,0.152396,64153,2363629,0.281132,8407551
2,2021-03-18,98772,3641202,47116,1790590,47020,1782928,4636,67684,59800,1108710,0.131871,38621,1319894,0.156989,64975,2428604,0.28886,8407551
2,2021-03-19,97922,3739124,46475,1837065,45335,1828263,6112,73796,57684,1133093,0.134771,39903,1359797,0.161735,64286,2492890,0.296506,8407551
2,2021-03-20,70325,3809449,34004,1871069,32305,1860568,4016,77812,45745,1158866,0.137836,24329,1384126,0.164629,50102,2542992,0.302465,8407551
2,2021-03-21,33893,3843342,21793,1892862,10082,1870650,2018,79830,20232,1168058,0.13893,13488,1397614,0.166233,22680,2565672,0.305163,8407551
2,2021-03-22,63341,3906683,34873,1927735,25821,1896471,2647,82477,41831,1192184,0.141799,21245,1418859,0.16876,45371,2611043,0.310559,8407551
2,2021-03-23,84352,3991035,44834,1972569,36578,1933049,2940,85417,52184,1216291,0.144667,31853,1450712,0.172549,55960,2667003,0.317215,8407551
2,2021-03-24,92471,4083506,49615,2022184,39662,1972711,3194,88611,53841,1235879,0.146996,38261,1488973,0.177099,57849,2724852,0.324096,8407551
2,2021-03-25,102166,4185672,51527,2073711,46703,2019414,3936,92547,57316,1253446,0.149086,44454,1533427,0.182387,62021,2786873,0.331473,8407551
2,2021-03-26,104215,4289887,51738,2125449,48967,2068381,3510,96057,56510,1267215,0.150723,47284,1580711,0.188011,61053,2847926,0.338734,8407551
2,2021-03-27,76155,4366042,37961,2163410,34862,2103243,3332,99389,37934,1271410,0.151222,37931,1618642,0.192522,42126,2890052,0.343745,8407551
2,2021-03-28,38084,4404126,23538,2186948,13730,2116973,816,100205,20228,1275608,0.151722,17699,1636341,0.194628,21897,2911949,0.346349,8407551
2,2021-03-29,72248,4476374,36705,2223653,33258,2150231,2285,102490,40704,1288292,0.15323,31300,1667641,0.19835,43984,2955933,0.351581,8407551
2,2021-03-30,92816,4569190,45471,2269124,42940,2193171,4405,106895,51729,1304201,0.155123,40851,1708492,0.203209,56760,3012693,0.358332,8407551
2,2021-03-31,101953,4671143,52527,2321651,44278,2237449,5148,112043,57579,1323284,0.157392,44023,1752515,0.208445,63106,3075799,0.365838,8407551
2,2021-04-01,118558,4789701,57175,2378826,52025,2289474,9358,121401,64206,1343359,0.15978,53873,1806388,0.214853,73948,3149747,0.374633,8407551
2,2021-04-02,112311,4902012,51832,2430658,50193,2339667,10286,131687,59846,1361910,0.161987,52024,1858412,0.221041,70575,3220322,0.383027,8407551
2,2021-04-03,77059,4979071,37767,2468425,29398,2369065,9894,141581,38053,1371445,0.163121,38770,1897182,0.225652,48305,3268627,0.388773,8407551
2,2021-04-04,29156,5008227,15004,2483429,10268,2379333,3884,145465,13054,1372418,0.163236,15982,1913164,0.227553,16955,3285582,0.390789,8407551
2,2021-04-05,79756,5087983,39013,2522442,31821,2411154,8922,154387,38284,1379090,0.16403,41268,1954432,0.232462,47940,3333522,0.396491,8407551
2,2021-04-06,104426,5192409,50772,2573214,38843,2449997,14811,169198,49244,1388661,0.165168,54870,2009302,0.238988,64441,3397963,0.404156,8407551
2,2021-04-07,111186,5303595,55450,2628664,39355,2489352,16381,185579,52066,1398522,0.166341,58798,2068100,0.245981,68659,3466622,0.412322,8407551
2,2021-04-08,119964,5423559,57655,2686319,43428,2532780,18881,204460,55531,1409389,0.167634,64039,2132139,0.253598,74906,3541528,0.421232,8407551
2,2021-04-09,119435,5542994,57437,2743756,43721,2576501,18277,222737,56295,1422027,0.169137,62733,2194872,0.26106,75371,3616899,0.430196,8407551
2,2021-04-10,87811,5630805,37792,2781548,31544,2608045,18475,241212,36128,1425854,0.169592,51399,2246271,0.267173,55226,3672125,0.436765,8407551
2,2021-04-11,44714,5675519,23173,2804721,13012,2621057,8529,249741,18285,1427104,0.169741,26264,2272535,0.270297,27514,3699639,0.440038,8407551
2,2021-04-12,80562,5756081,37484,2842205,33593,2654650,9485,259226,35799,1428895,0.169954,44467,2317002,0.275586,46258,3745897,0.44554,8407551
2,2021-04-13,102209,5858290,53024,2895229,48917,2703567,268,259494,55790,1439735,0.171243,46114,2363116,0.281071,56954,3802851,0.452314,8407551
2,2021-04-14,107282,5965572,56180,2951409,51038,2754605,64,259558,54585,1443470,0.171687,52355,2415471,0.287298,56090,3858941,0.458985,8407551
2,2021-04-15,113716,6079288,60353,3011762,53262,2807867,101,259659,59139,1449645,0.172422,54146,2469617,0.293738,60321,3919262,0.46616,8407551
2,2021-04-16,111273,6190561,57831,3069593,53382,2861249,60,259719,56409,1452490,0.17276,54480,2524097,0.300218,57325,3976587,0.472978,8407551
2,2021-04-17,83799,6274360,42602,3112195,41181,2902430,16,259735,46681,1463222,0.174037,36841,2560938,0.3046,47573,4024160,0.478636,8407551
2,2021-04-18,36084,6310444,21930,3134125,14142,2916572,12,259747,17033,1462358,0.173934,18902,2579840,0.306848,18038,4042198,0.480782,8407551
2,2021-04-19,75025,6385469,40338,3174463,34668,2951240,19,259766,33954,1456170,0.173198,40777,2620617,0.311698,34589,4076787,0.484896,8407551
2,2021-04-20,97712,6483181,49414,3223877,48268,2999508,30,259796,47039,1453691,0.172903,50297,2670914,0.31768,47818,4124605,0.490583,8407551
2,2021-04-21,104251,6587432,56415,3280292,47765,3047273,71,259867,49001,1449018,0.172347,54726,2725640,0.32419,50053,4174658,0.496537,8407551
2,2021-04-22,108768,6696200,56217,3336509,52522,3099795,29,259896,47511,1436665,0.170878,60774,2786414,0.331418,48421,4223079,0.502296,8407551
2,2021-04-23,108390,6804590,57782,3394291,50588,3150383,20,259916,49954,1429572,0.170034,57996,2844410,0.338316,50903,4273982,0.50835,8407551
2,2021-04-24,81231,6885821,47769,3442060,33418,3183801,44,259960,42233,1434171,0.170581,38623,2883033,0.34291,43222,4317204,0.513491,8407551
2,2021-04-25,36747,6922568,22634,3464694,14096,3197897,17,259977,19947,1437975,0.171034,16635,2899668,0.344889,20439,4337643,0.515922,8407551
2,2021-04-26,74551,6997119,41277,3505971,32956,3230853,318,260295,34158,1433825,0.17054,40090,2939758,0.349657,35940,4373583,0.520197,8407551
2,2021-04-27,88567,7085686,46700,3552671,40491,3271344,1376,261671,37903,1424105,0.169384,50250,2990008,0.355634,40530,4414113,0.525018,8407551
2,2021-04-28,88591,7174277,47318,3599989,39392,3310736,1881,263552,38947,1416588,0.16849,49267,3039275,0.361493,41750,4455863,0.529983,8407551
2,2021-04-29,91630,7265907,49872,3649861,40036,3350772,1722,265274,35498,1398712,0.166364,55707,3094982,0.368119,37831,4493694,0.534483,8407551
2,2021-04-30,95141,7361048,52565,3702426,40563,3391335,2013,267287,36875,1380490,0.164196,57768,3152750,0.37499,39546,4533240,0.539187,8407551
2,2021-05-01,62998,7424046,38355,3740781,23030,3414365,1613,268900,24545,1369418,0.16288,38093,3190843,0.379521,27021,4560261,0.542401,8407551
2,2021-05-02,29414,7453460,20479,3761260,7956,3422321,979,269879,11163,1363545,0.162181,18104,3208947,0.381674,12231,4572492,0.543855,8407551
2,2021-05-03,60872,7514332,36134,3797394,22665,3444986,2073,271952,20406,1346113,0.160108,40171,3249118,0.386452,22739,4595231,0.54656,8407551
2,2021-05-04,80228,7594560,47890,3845284,29928,3474914,2410,274362,25993,1321044,0.157126,53861,3302979,0.392859,28792,4624023,0.549985,8407551
2,2021-05-05,80980,7675540,48229,3893513,30387,3505301,2364,276726,25246,1293709,0.153875,55313,3358292,0.399438,27978,4652001,0.553312,8407551
2,2021-05-06,83437,7758977,50685,3944198,29815,3535116,2937,279663,25257,1264862,0.150444,57674,3415966,0.406297,28827,4680828,0.556741,8407551
2,2021-05-07,84227,7843204,48638,3992836,33151,3568267,2438,282101,25747,1235437,0.146944,58060,3474026,0.413203,28635,4709463,0.560147,8407551
2,2021-05-08,55981,7899185,33964,4026800,20287,3588554,1730,283831,17464,1217096,0.144762,38268,3512294,0.417755,19927,4729390,0.562517,8407551
2,2021-05-09,21950,7921135,15803,4042603,5397,3593951,750,284581,6322,1208870,0.143784,15529,3527823,0.419602,7303,4736693,0.563386,8407551
2,2021-05-10,50554,7971689,27576,4070179,21085,3615036,1893,286474,14203,1189496,0.141479,36072,3563895,0.423892,16698,4753391,0.565372,8407551
2,2021-05-11,66684,8038373,36161,4106340,28380,3643416,2143,288617,20042,1166063,0.138692,46309,3610204,0.4294,22876,4776267,0.568093,8407551
2,2021-05-12,65589,8103962,34959,4141299,28390,3671806,2240,290857,19258,1141982,0.135828,45993,3656197,0.434871,21912,4798179,0.570699,8407551
2,2021-05-13,71405,8175367,41478,4182777,27973,3699779,1954,292811,26071,1125728,0.133895,45019,3701216,0.440225,28765,4826944,0.57412,8407551
2,2021-05-14,80397,8255764,48192,4230969,29927,3729706,2278,295089,30812,1110262,0.132055,49200,3750416,0.446077,33734,4860678,0.578132,8407551
2,2021-05-15,66887,8322651,43933,4274902,21232,3750938,1722,296811,25888,1097553,0.130544,40724,3791140,0.450921,28015,4888693,0.581465,8407551
2,2021-05-16,31847,8354498,23832,4298734,7088,3758026,927,297738,12950,1092812,0.12998,18754,3809894,0.453151,14013,4902706,0.583131,8407551
2,2021-05-17,58277,8412775,36914,4335648,19398,3777424,1965,299703,22912,1082950,0.128807,35107,3845001,0.457327,25245,4927951,0.586134,8407551
2,2021-05-18,70505,8483280,41232,4376880,27302,3804726,1971,301674,27938,1071130,0.127401,42272,3887273,0.462355,30452,4958403,0.589756,8407551
2,2021-05-19,69255,8552535,40983,4417863,26242,3830968,2030,303704,27357,1059426,0.126009,41562,3928835,0.467298,29858,4988261,0.593307,8407551
2,2021-05-20,70026,8622561,40645,4458508,27180,3858148,2201,305905,26613,1045795,0.124388,43051,3971886,0.472419,29420,5017681,0.596806,8407551
2,2021-05-21,73625,8696186,43486,4501994,27961,3886109,2178,308083,27960,1031218,0.122654,45278,4017164,0.477804,30701,5048382,0.600458,8407551
2,2021-05-22,53993,8750179,34289,4536283,17924,3904033,1780,309863,22515,1024823,0.121893,31234,4048398,0.481519,24839,5073221,0.603412,8407551
2,2021-05-23,24521,8774700,16736,4553019,7060,3911093,725,310588,10279,1021865,0.121541,14105,4062503,0.483197,11147,5084368,0.604738,8407551
2,2021-05-24,45237,8819937,25724,4578743,17727,3928820,1786,312374,17373,1013750,0.120576,27617,4090120,0.486482,19502,5103870,0.607058,8407551
2,2021-05-25,51330,8871267,30084,4608827,19369,3948189,1877,314251,19526,1004214,0.119442,31478,4121598,0.490226,21942,5125812,0.609668,8407551
2,2021-05-26,49115,8920382,27529,4636356,19888,3968077,1698,315949,19198,995887,0.118451,29565,4151163,0.493742,21238,5147050,0.612194,8407551
2,2021-05-27,47034,8967416,26709,4663065,18582,3986659,1743,317692,18766,988895,0.11762,28004,4179167,0.497073,21012,5168062,0.614693,8407551
2,2021-05-28,50690,9018106,28044,4691109,20656,4007315,1990,319682,21250,983410,0.116967,29160,4208327,0.500541,23675,5191737,0.617509,8407551
2,2021-05-29,29278,9047384,17543,4708652,10666,4017981,1069,320751,13325,982206,0.116824,15780,4224107,0.502418,14576,5206313,0.619243,8407551
2,2021-05-30,12713,9060097,8189,4716841,3754,4021735,770,321521,5535,981469,0.116737,7108,4231215,0.503264,6371,5212684,0.62,8407551
2,2021-05-31,5956,9066053,3494,4720335,2157,4023892,305,321826,1858,979646,0.11652,4034,4235249,0.503743,2211,5214895,0.620263,8407551
2,2021-06-01,45277,9111330,26027,4746362,17576,4041468,1674,323500,15745,968248,0.115164,29186,4264435,0.507215,17788,5232683,0.622379,8407551
2,2021-06-02,38646,9149976,22752,4769114,14466,4055934,1428,324928,15124,961860,0.114404,23239,4287674,0.509979,16851,5249534,0.624383,8407551
2,2021-06-03,41857,9191833,26981,4796095,13392,4069326,1484,326412,14125,950376,0.113038,27480,4315154,0.513247,15996,5265530,0.626286,8407551
2,2021-06-04,48706,9240539,31827,4827922,15313,4084639,1566,327978,15752,935591,0.11128,32627,4347781,0.517128,17842,5283372,0.628408,8407551
2,2021-06-05,38197,9278736,27272,4855194,9452,4094091,1473,329451,11874,923286,0.109816,26077,4373858,0.52023,13772,5297144,0.630046,8407551
2,2021-06-06,14980,9293716,12288,4867482,2110,4096201,582,330033,4659,918468,0.109243,10254,4384112,0.521449,5436,5302580,0.630693,8407551
2,2021-06-07,33571,9327287,23498,4890980,8784,4104985,1289,331322,11001,908595,0.108069,22400,4406512,0.524114,12527,5315107,0.632183,8407551
2,2021-06-08,40751,9368038,28830,4919810,10546,4115531,1375,332697,12494,894847,0.106434,28000,4434512,0.527444,14252,5329359,0.633878,8407551
2,2021-06-09,38256,9406294,26711,4946521,10044,4125575,1501,334198,11559,881740,0.104875,26494,4461006,0.530595,13387,5342746,0.63547,8407551
2,2021-06-10,37953,9444247,26393,4972914,10025,4135600,1535,335733,11625,869252,0.103389,26125,4487131,0.533703,13637,5356383,0.637092,8407551
2,2021-06-11,41650,9485897,27676,5000590,12294,4147894,1680,337413,13336,856531,0.101876,28040,4515171,0.537038,15319,5371702,0.638914,8407551
2,2021-06-12,29794,9515691,21954,5022544,6921,4154815,919,338332,8735,845509,0.100565,20911,4536082,0.539525,9889,5381591,0.64009,8407551
2,2021-06-13,12270,9527961,8965,5031509,2682,4157497,623,338955,3121,840337,0.09995,9084,4545166,0.540605,3912,5385503,0.640555,8407551
2,2021-06-14,30219,9558180,21464,5052973,7540,4165037,1215,340170,10458,832632,0.099034,19581,4564747,0.542934,11876,5397379,0.641968,8407551
2,2021-06-15,35998,9594178,24000,5076973,9934,4174971,2064,342234,12103,823562,0.097955,23614,4588361,0.545743,14544,5411923,0.643698,8407551
2,2021-06-16,33387,9627565,23073,5100046,8499,4183470,1815,344049,11558,815603,0.097008,21646,4610007,0.548317,13687,5425610,0.645326,8407551
2,2021-06-17,31060,9658625,20767,5120813,8487,4191957,1806,345855,11000,808743,0.096192,19873,4629880,0.550681,13013,5438623,0.646874,8407551
2,2021-06-18,34825,9693450,22952,5143765,9991,4201948,1882,347737,12618,801514,0.095333,21979,4651859,0.553295,14750,5453373,0.648628,8407551
2,2021-06-19,21000,9714450,14628,5158393,5110,4207058,1262,348999,7913,797966,0.094911,12921,4664780,0.554832,9373,5462746,0.649743,8407551
2,2021-06-20,8310,9722760,5943,5164336,1902,4208960,465,349464,3068,796373,0.094721,5196,4669976,0.55545,3603,5466349,0.650171,8407551
2,2021-06-21,19380,9742140,11870,5176206,6186,4215146,1324,350788,9886,798392,0.094961,9372,4679348,0.556565,11391,5477740,0.651526,8407551
2,2021-06-22,26930,9769070,18446,5194652,7100,4222246,1384,352172,10524,794343,0.09448,16231,4695579,0.558495,12182,5489922,0.652975,8407551
2,2021-06-23,25971,9795041,17921,5212573,6422,4228668,1628,353800,10533,791508,0.094143,15289,4710868,0.560314,12454,5502376,0.654456,8407551
2,2021-06-24,25452,9820493,17338,5229911,6585,4235253,1529,355329,10464,788901,0.093832,14833,4725701,0.562078,12226,5514602,0.655911,8407551
2,2021-06-25,28903,9849396,19588,5249499,7816,4243069,1499,356828,12020,785940,0.09348,16719,4742420,0.564067,13758,5528360,0.657547,8407551
2,2021-06-26,18756,9868152,13810,5263309,4008,4247077,938,357766,7640,783752,0.09322,11022,4753442,0.565378,8834,5537194,0.658598,8407551
2,2021-06-27,8887,9877039,6789,5270098,1647,4248724,451,358217,3575,782648,0.093089,5254,4758696,0.566003,4150,5541344,0.659091,8407551
2,2021-06-28,19992,9897031,15187,5285285,3555,4252279,1250,359467,8830,781896,0.092999,11023,4769719,0.567314,10271,5551615,0.660313,8407551
2,2021-06-29,22950,9919981,15988,5301273,5881,4258160,1081,360548,9854,780109,0.092787,12956,4782675,0.568855,11169,5562784,0.661641,8407551
2,2021-06-30,22217,9942198,15760,5317033,5427,4263587,1030,361578,9948,779197,0.092678,12119,4794794,0.570296,11207,5573991,0.662974,8407551
2,2021-07-01,20137,9962335,14235,5331268,5000,4268587,902,362480,8975,778253,0.092566,11024,4805818,0.571607,10080,5584071,0.664173,8407551
2,2021-07-02,23172,9985507,15988,5347256,6153,4274740,1031,363511,10290,777070,0.092425,12707,4818525,0.573119,11524,5595595,0.665544,8407551
2,2021-07-03,12652,9998159,9115,5356371,3060,4277800,477,363988,5800,776715,0.092383,6754,4825279,0.573922,6399,5601994,0.666305,8407551
2,2021-07-04,1018,9999177,597,5356968,354,4278154,67,364055,436,776671,0.092378,570,4825849,0.57399,526,5602520,0.666368,8407551
2,2021-07-05,11130,10010307,8154,5365122,2566,4280720,410,364465,5096,776344,0.092339,5961,4831810,0.574699,5634,5608154,0.667038,8407551
2,2021-07-06,24007,10034314,17426,5382548,5567,4286287,1014,365479,9294,772377,0.091867,14546,4846356,0.576429,10579,5618733,0.668296,8407551
2,2021-07-07,20691,10055005,14750,5397298,4834,4291121,1107,366586,8778,770758,0.091674,11766,4858122,0.577828,10147,5628880,0.669503,8407551
2,2021-07-08,19265,10074270,13422,5410720,4802,4295923,1041,367627,8094,769038,0.09147,11058,4869180,0.579144,9338,5638218,0.670614,8407551
2,2021-07-09,22703,10096973,15743,5426463,5703,4301626,1257,368884,9646,767224,0.091254,12916,4882096,0.58068,11102,5649320,0.671934,8407551
2,2021-07-10,14378,10111351,10610,5437073,3081,4304707,687,369571,6340,766466,0.091164,7942,4890038,0.581625,7184,5656504,0.672789,8407551
2,2021-07-11,6569,10117920,4831,5441904,1388,4306095,350,369921,3090,766542,0.091173,3435,4893473,0.582033,3511,5660015,0.673206,8407551
2,2021-07-12,18276,10136196,13442,5455346,3961,4310056,873,370794,7873,765205,0.091014,10282,4903755,0.583256,8945,5668960,0.67427,8407551
2,2021-07-13,19624,10155820,13858,5469204,4880,4314936,886,371680,8807,764427,0.090921,10666,4914421,0.584525,9888,5678848,0.675446,8407551
2,2021-07-14,18774,10174594,13402,5482606,4580,4319516,792,372472,8408,763604,0.090824,10234,4924655,0.585742,9411,5688259,0.676566,8407551
2,2021-07-15,18872,10193466,13685,5496291,4484,4324000,703,373175,8582,762933,0.090744,10171,4934826,0.586952,9500,5697759,0.677695,8407551
2,2021-07-16,22952,10216418,16519,5512810,5599,4329599,834,374009,11014,763186,0.090774,11801,4946627,0.588355,12054,5709813,0.679129,8407551
2,2021-07-17,14399,10230817,10489,5523299,3377,4332976,533,374542,6952,763449,0.090805,7357,4953984,0.58923,7620,5717433,0.680035,8407551
2,2021-07-18,6998,10237815,5228,5528527,1441,4334417,329,374871,3536,763965,0.090867,3419,4957403,0.589637,3935,5721368,0.680504,8407551
2,2021-07-19,18451,10256266,13742,5542269,3963,4338380,746,375617,9154,764867,0.090974,9180,4966583,0.590729,10082,5731450,0.681703,8407551
2,2021-07-20,20978,10277244,14943,5557212,5191,4343571,844,376461,10650,766387,0.091155,10192,4976775,0.591941,11712,5743162,0.683096,8407551
2,2021-07-21,20445,10297689,14875,5572087,4796,4348367,774,377235,10594,768227,0.091373,9723,4986498,0.593098,11563,5754725,0.684471,8407551
2,2021-07-22,20363,10318052,14552,5586639,4956,4353323,855,378090,10878,770796,0.091679,9338,4995836,0.594208,11907,5766632,0.685887,8407551
2,2021-07-23,24475,10342527,17143,5603782,6283,4359606,1049,379139,13320,774367,0.092104,10994,5006830,0.595516,14565,5781197,0.68762,8407551
2,2021-07-24,14855,10357382,10711,5614493,3647,4363253,497,379636,8308,776849,0.092399,6437,5013267,0.596281,8919,5790116,0.68868,8407551
2,2021-07-25,6722,10364104,4952,5619445,1627,4364880,143,379779,4973,780301,0.09281,1703,5014970,0.596484,5155,5795271,0.689294,8407551
2,2021-07-26,19144,10383248,13508,5632953,4852,4369732,784,380563,12126,786451,0.093541,6884,5021854,0.597303,13034,5808305,0.690844,8407551
2,2021-07-27,22952,10406200,16613,5649566,5475,4375207,864,381427,13442,791562,0.094149,9344,5031198,0.598414,14455,5822760,0.692563,8407551
2,2021-07-28,22659,10428859,16198,5665764,5556,4380763,905,382332,13399,796960,0.094791,9090,5040288,0.599495,14488,5837248,0.694286,8407551
2,2021-07-29,21457,10450316,15374,5681138,5166,4385929,917,383249,12961,802638,0.095466,8349,5048637,0.600488,14027,5851275,0.695955,8407551
2,2021-07-30,26289,10476605,18721,5699859,6604,4392533,964,384213,15745,809202,0.096247,10346,5058983,0.601719,16910,5868185,0.697966,8407551
2,2021-07-31,15759,10492364,11605,5711464,3644,4396177,510,384723,9538,813291,0.096733,6094,5065077,0.602444,10183,5878368,0.699177,8407551
2,2021-08-01,8069,10500433,6210,5717674,1687,4397864,172,384895,5295,816111,0.097069,2711,5067788,0.602766,5531,5883899,0.699835,8407551
2,2021-08-02,21298,10521731,16015,5733689,4520,4402384,763,385658,13506,822847,0.09787,7648,5075436,0.603676,14384,5898283,0.701546,8407551
2,2021-08-03,24134,10545865,17599,5751288,5516,4407900,1019,386677,15007,830031,0.098724,8973,5084409,0.604743,16157,5914440,0.703468,8407551
2,2021-08-04,22779,10568644,16888,5768176,5020,4412920,871,387548,14202,836768,0.099526,8431,5092840,0.605746,15168,5929608,0.705272,8407551
2,2021-08-05,23150,10591794,16987,5785163,5230,4418150,933,388481,14321,843477,0.100324,8658,5101498,0.606776,15367,5944975,0.707099,8407551
2,2021-08-06,27699,10619493,20286,5805449,6425,4424575,988,389469,16865,850810,0.101196,10647,5112145,0.608042,17980,5962955,0.709238,8407551
2,2021-08-07,16893,10636386,12560,5818009,3737,4428312,596,390065,10377,855458,0.101749,6406,5118551,0.608804,11054,5974009,0.710553,8407551
2,2021-08-08,9375,10645761,7101,5825110,2045,4430357,229,390294,5856,858151,0.102069,3434,5121985,0.609212,6127,5980136,0.711282,8407551
2,2021-08-09,23301,10669062,17878,5842988,4659,4435016,764,391058,14107,864117,0.102779,9033,5131018,0.610287,14999,5995135,0.713066,8407551
2,2021-08-10,24338,10693400,17927,5860915,5561,4440577,850,391908,14301,869546,0.103424,9860,5140878,0.61146,15289,6010424,0.714884,8407551
2,2021-08-11,21950,10715350,16369,5877284,4675,4445252,906,392814,12741,874255,0.103985,9034,5149912,0.612534,13743,6024167,0.716519,8407551
2,2021-08-12,23863,10739213,17066,5894350,5723,4450975,1074,393888,13915,879607,0.104621,9736,5159648,0.613692,15088,6039255,0.718313,8407551
2,2021-08-13,29773,10768986,21525,5915875,7203,4458178,1045,394933,17201,885771,0.105354,12214,5171862,0.615145,18378,6057633,0.720499,8407551
2,2021-08-14,18697,10787683,13777,5929652,4416,4462594,504,395437,10477,889257,0.105769,7632,5179494,0.616053,11118,6068751,0.721821,8407551
2,2021-08-15,9727,10797410,7298,5936950,2243,4464837,186,395623,5328,890871,0.105961,3971,5183465,0.616525,5585,6074336,0.722486,8407551
2,2021-08-16,24716,10822126,17499,5954449,6373,4471210,844,396467,12887,894163,0.106352,10586,5194051,0.617784,13878,6088214,0.724136,8407551
2,2021-08-17,25902,10848028,18359,5972808,6604,4477814,939,397406,12849,896477,0.106628,11603,5205654,0.619164,13917,6102131,0.725792,8407551
2,2021-08-18,26161,10874189,18571,5991379,6696,4484510,894,398300,12804,898689,0.106891,11636,5217290,0.620548,13848,6115979,0.727439,8407551
2,2021-08-19,25947,10900136,17921,6009300,7003,4491513,1023,399323,12867,901461,0.10722,11245,5228535,0.621886,14017,6129996,0.729106,8407551
2,2021-08-20,32397,10932533,22761,6032061,8599,4500112,1037,400360,15235,903124,0.107418,14756,5243291,0.623641,16419,6146415,0.731059,8407551
2,2021-08-21,19007,10951540,14028,6046089,4431,4504543,548,400908,9056,903998,0.107522,8866,5252157,0.624695,9740,6156155,0.732217,8407551
2,2021-08-22,10687,10962227,7915,6054004,2559,4507102,213,401121,5280,904726,0.107609,4842,5256999,0.625271,5570,6161725,0.73288,8407551
2,2021-08-23,26628,10988855,19477,6073481,6430,4513532,721,401842,12446,905743,0.10773,12395,5269394,0.626745,13412,6175137,0.734475,8407551
2,2021-08-24,27316,11016171,20351,6093832,6104,4519636,861,402703,12072,905510,0.107702,13383,5282777,0.628337,13150,6188287,0.736039,8407551
2,2021-08-25,26194,11042365,19874,6113706,5593,4525229,727,403430,11912,905829,0.10774,12529,5295306,0.629827,12848,6201135,0.737567,8407551
2,2021-08-26,26180,11068545,19518,6133224,5850,4531079,812,404242,11716,905982,0.107758,12561,5307867,0.631321,12714,6213849,0.73908,8407551
2,2021-08-27,32239,11100784,24012,6157236,7361,4538440,866,405108,13420,904258,0.107553,16284,5324151,0.633258,14560,6228409,0.740811,8407551
2,2021-08-28,19022,11119806,14542,6171778,4117,4542557,363,405471,8084,903133,0.107419,9757,5333908,0.634419,8632,6237041,0.741838,8407551
2,2021-08-29,11079,11130885,8492,6180270,2441,4544998,146,405617,4790,902514,0.107346,5678,5339586,0.635094,5059,6242100,0.74244,8407551
2,2021-08-30,25275,11156160,18849,6199119,5771,4550769,655,406272,10325,900771,0.107138,12966,5352552,0.636636,11223,6253323,0.743775,8407551
2,2021-08-31,11837,11167997,8599,6207718,2653,4553422,585,406857,4398,899721,0.107013,6125,5358677,0.637365,5075,6258398,0.744378,8407551
3,2020-12-15,342,342,342,342,0,0,0,0,342,342,4.2e-05,0,0,0.0,342,342,4.2e-05,8129050
3,2020-12-16,2533,2875,2533,2875,0,0,0,0,2533,2875,0.000354,0,0,0.0,2533,2875,0.000354,8129050
3,2020-12-17,7954,10829,7954,10829,0,0,0,0,7955,10830,0.001332,0,0,0.0,7955,10830,0.001332,8129050
3,2020-12-18,13583,24412,13562,24391,21,21,0,0,13578,24408,0.003003,0,0,0.0,13578,24408,0.003003,8129050
3,2020-12-19,7289,31701,7277,31668,12,33,0,0,7346,31752,0.003906,2,2,0.0,7346,31754,0.003906,8129050
3,2020-12-20,5700,37401,5687,37355,13,46,0,0,5749,37500,0.004613,1,3,0.0,5749,37503,0.004613,8129050
3,2020-12-21,14501,51902,14472,51827,29,75,0,0,14565,52064,0.006405,1,4,0.0,14565,52068,0.006405,8129050
3,2020-12-22,15015,66917,14402,66229,613,688,0,0,15050,67110,0.008256,4,8,1e-06,15050,67118,0.008257,8129050
3,2020-12-23,15027,81944,12370,78599,2657,3345,0,0,15049,82158,0.010107,2,10,1e-06,15050,82168,0.010108,8129050
3,2020-12-24,6856,88800,4904,83503,1952,5297,0,0,6852,89008,0.010949,2,12,1e-06,6852,89020,0.010951,8129050
3,2020-12-25,742,89542,680,84183,62,5359,0,0,739,89747,0.01104,0,12,1e-06,739,89759,0.011042,8129050
3,2020-12-26,4651,94193,3016,87199,1635,6994,0,0,4649,94396,0.011612,0,12,1e-06,4649,94408,0.011614,8129050
3,2020-12-27,3033,97226,1876,89075,1157,8151,0,0,3032,97428,0.011985,0,12,1e-06,3032,97440,0.011987,8129050
3,2020-12-28,13819,111045,8838,97913,4981,13132,0,0,13841,111267,0.013688,2,14,2e-06,13841,111281,0.013689,8129050
3,2020-12-29,15467,126512,8755,106668,6712,19844,0,0,15494,126759,0.015593,2,16,2e-06,15494,126775,0.015595,8129050
3,2020-12-30,18426,144938,10330,116998,8096,27940,0,0,18432,145190,0.017861,2,18,2e-06,18433,145208,0.017863,8129050
3,2020-12-31,8543,153481,3262,120260,5281,33221,0,0,8543,153731,0.018911,2,20,2e-06,8543,153751,0.018914,8129050
3,2021-01-01,1901,155382,909,121169,992,34213,0,0,1896,155626,0.019144,1,21,3e-06,1896,155647,0.019147,8129050
3,2021-01-02,4996,160378,2457,123626,2539,36752,0,0,4994,160620,0.019759,0,21,3e-06,4994,160641,0.019761,8129050
3,2021-01-03,1640,162018,863,124489,777,37529,0,0,1631,162249,0.019959,2,23,3e-06,1631,162272,0.019962,8129050
3,2021-01-04,12203,174221,6060,130549,6143,43672,0,0,12173,174413,0.021456,9,32,4e-06,12173,174445,0.021459,8129050
3,2021-01-05,15943,190164,8280,138829,7663,51335,0,0,14229,186981,0.023002,1695,1727,0.000212,14263,188708,0.023214,8129050
3,2021-01-06,20800,210964,11037,149866,9763,61098,0,0,16144,198528,0.024422,4608,6335,0.000779,16155,204863,0.025201,8129050
3,2021-01-07,26863,237827,15368,165234,11495,72593,0,0,17283,206292,0.025377,9541,15876,0.001953,17305,222168,0.02733,8129050
3,2021-01-08,30894,268721,18862,184096,12032,84625,0,0,18253,211957,0.026074,12617,28493,0.003505,18282,240450,0.029579,8129050
3,2021-01-09,12588,281309,7118,191214,5470,90095,0,0,8010,215407,0.026498,4570,33063,0.004067,8020,248470,0.030566,8129050
3,2021-01-10,7277,288586,4506,195720,2771,92866,0,0,4101,216344,0.026614,3172,36235,0.004457,4109,252579,0.031071,8129050
3,2021-01-11,29415,318001,19272,214992,10143,103009,0,0,16622,220237,0.027093,12779,49014,0.006029,16672,269251,0.033122,8129050
3,2021-01-12,32944,350945,19647,234639,13297,116306,0,0,20154,227775,0.02802,12771,61785,0.007601,20309,289560,0.03562,8129050
3,2021-01-13,34906,385851,18239,252878,16667,132973,0,0,24571,242047,0.029776,10330,72115,0.008871,24602,314162,0.038647,8129050
3,2021-01-14,35050,420901,14325,267203,20725,153698,0,0,29078,265225,0.032627,5943,78058,0.009602,29121,343283,0.042229,8129050
3,2021-01-15,39385,460286,14633,281836,24752,178450,0,0,34638,295217,0.036316,4727,82785,0.010184,34719,378002,0.0465,8129050
3,2021-01-16,22044,482330,7521,289357,14523,192973,0,0,19652,312512,0.038444,2381,85166,0.010477,19676,397678,0.048921,8129050
3,2021-01-17,13210,495540,4496,293853,8714,201687,0,0,12113,323546,0.039801,1097,86263,0.010612,12131,409809,0.050413,8129050
3,2021-01-18,24975,520515,13051,306904,11924,213611,0,0,19282,337171,0.041477,5708,91971,0.011314,19333,429142,0.052791,8129050
3,2021-01-19,41591,562106,21208,328112,20383,233994,0,0,32168,360035,0.04429,9394,101365,0.012469,32258,461400,0.056759,8129050
3,2021-01-20,46572,608678,23186,351298,23386,257380,0,0,36829,387256,0.047639,9695,111060,0.013662,36916,498316,0.061301,8129050
3,2021-01-21,48609,657287,21123,372421,27486,284866,0,0,42937,424692,0.052244,5588,116648,0.01435,43024,541340,0.066593,8129050
3,2021-01-22,50222,707509,20018,392439,30204,315070,0,0,45907,466363,0.05737,4312,120960,0.01488,45983,587323,0.07225,8129050
3,2021-01-23,30685,738194,12899,405338,17786,332856,0,0,27354,490459,0.060334,3320,124280,0.015288,27416,614739,0.075622,8129050
3,2021-01-24,18084,756278,8542,413880,9542,342398,0,0,16883,506178,0.062268,1197,125477,0.015436,16916,631655,0.077703,8129050
3,2021-01-25,41317,797595,18406,432286,22911,365309,0,0,31147,527273,0.064863,10147,135624,0.016684,31242,662897,0.081547,8129050
3,2021-01-26,47763,845358,22811,455097,24952,390261,0,0,37389,554415,0.068202,10360,145984,0.017958,37502,700399,0.08616,8129050
3,2021-01-27,52052,897410,24771,479868,27281,417542,0,0,41184,584889,0.07195,10796,156780,0.019286,41270,741669,0.091237,8129050
3,2021-01-28,52709,950119,24439,504307,28270,445812,0,0,43568,619474,0.076205,9047,165827,0.020399,43632,785301,0.096604,8129050
3,2021-01-29,51675,1001794,24714,529021,26961,472773,0,0,41735,651520,0.080147,9742,175569,0.021598,41788,827089,0.101745,8129050
3,2021-01-30,37843,1039637,17821,546842,20022,492795,0,0,33072,679971,0.083647,4716,180285,0.022178,33167,860256,0.105825,8129050
3,2021-01-31,22927,1062564,12901,559743,10026,502821,0,0,21474,700038,0.086116,1434,181719,0.022354,21501,881757,0.10847,8129050
3,2021-02-01,46675,1109239,21362,581105,25313,528134,0,0,35536,724550,0.089131,11069,192788,0.023716,35581,917338,0.112847,8129050
3,2021-02-02,55045,1164284,22961,604066,32084,560218,0,0,42407,754474,0.092812,12537,205325,0.025258,42461,959799,0.11807,8129050
3,2021-02-03,60575,1224859,26917,630983,33658,593876,0,0,44959,784055,0.096451,15455,220780,0.027159,45036,1004835,0.12361,8129050
3,2021-02-04,65040,1289899,28152,659135,36888,630764,0,0,47542,814443,0.100189,17282,238062,0.029285,47670,1052505,0.129475,8129050
3,2021-02-05,71275,1361174,30015,689150,41260,672024,0,0,49168,841989,0.103578,21846,259908,0.031973,49392,1101897,0.135551,8129050
3,2021-02-06,44057,1405231,21068,710218,22989,695013,0,0,34290,866760,0.106625,9718,269626,0.033168,34489,1136386,0.139793,8129050
3,2021-02-07,19924,1425155,12680,722898,7244,702257,0,0,15294,877574,0.107955,4611,274237,0.033735,15425,1151811,0.141691,8129050
3,2021-02-08,51982,1477137,25096,747994,26886,729143,0,0,34011,893959,0.109971,17830,292067,0.035929,34215,1186026,0.1459,8129050
3,2021-02-09,59309,1536446,28774,776768,30535,759678,0,0,34597,904417,0.111257,24500,316567,0.038943,34958,1220984,0.1502,8129050
3,2021-02-10,68941,1605387,32080,808848,36861,796539,0,0,36870,910052,0.111951,31765,348332,0.04285,37400,1258384,0.154801,8129050
3,2021-02-11,71485,1676872,35128,843976,36357,832896,0,0,37849,915227,0.112587,33232,381564,0.046938,38407,1296791,0.159526,8129050
3,2021-02-12,76431,1753303,32918,876894,43513,876409,0,0,42079,924087,0.113677,34000,415564,0.051121,42860,1339651,0.164798,8129050
3,2021-02-13,45563,1798866,20632,897526,24931,901340,0,0,26062,931368,0.114573,19377,434941,0.053505,26658,1366309,0.168077,8129050
3,2021-02-14,27621,1826487,13779,911305,13842,915182,0,0,15307,934902,0.115008,12243,447184,0.055011,15777,1382086,0.170018,8129050
3,2021-02-15,40589,1867076,17488,928793,23101,938283,0,0,22374,940137,0.115652,18098,465282,0.057237,23333,1405419,0.172888,8129050
3,2021-02-16,71002,1938078,33603,962396,37399,975682,0,0,36718,943796,0.116102,34115,499397,0.061434,37774,1443193,0.177535,8129050
3,2021-02-17,72758,2010836,36740,999136,36018,1011700,0,0,34343,941068,0.115766,38146,537543,0.066126,35418,1478611,0.181892,8129050
3,2021-02-18,77940,2088776,40707,1039843,37233,1048933,0,0,35900,936502,0.115204,41822,579365,0.071271,37256,1515867,0.186475,8129050
3,2021-02-19,70015,2158791,40312,1080155,29703,1078636,0,0,35258,937871,0.115373,34575,613940,0.075524,35944,1551811,0.190897,8129050
3,2021-02-20,43577,2202368,27477,1107632,16100,1094736,0,0,22651,940267,0.115668,20795,634735,0.078082,23191,1575002,0.19375,8129050
3,2021-02-21,24543,2226911,19704,1127336,4839,1099575,0,0,11787,939833,0.115614,12645,647380,0.079638,12211,1587213,0.195252,8129050
3,2021-02-22,48002,2274913,31248,1158584,16754,1116329,0,0,22418,937329,0.115306,25428,672808,0.082766,22924,1610137,0.198072,8129050
3,2021-02-23,64221,2339134,34844,1193428,29377,1145706,0,0,27905,931197,0.114552,36060,708868,0.087202,29928,1640065,0.201754,8129050
3,2021-02-24,80399,2419533,39510,1232938,40889,1186595,0,0,35326,924284,0.113701,44792,753660,0.092712,37879,1677944,0.206413,8129050
3,2021-02-25,90132,2509665,43906,1276844,46226,1232821,0,0,44703,926521,0.113977,45099,798759,0.09826,47336,1725280,0.212236,8129050
3,2021-02-26,101134,2610799,46243,1323087,54891,1287712,0,0,53148,934366,0.114942,47539,846298,0.104108,55384,1780664,0.219049,8129050
3,2021-02-27,71716,2682515,32937,1356024,38775,1326487,4,4,37595,939430,0.115565,33870,880168,0.108274,38934,1819598,0.223839,8129050
3,2021-02-28,41853,2724368,24176,1380200,17672,1344159,5,9,21157,941085,0.115768,20484,900652,0.110794,22139,1841737,0.226562,8129050
3,2021-03-01,70937,2795305,37581,1417781,33297,1377456,59,68,39383,950642,0.116944,31270,931922,0.114641,40827,1882564,0.231585,8129050
3,2021-03-02,82337,2877642,40585,1458366,41737,1419193,15,83,47388,965428,0.118763,34762,966684,0.118917,49548,1932112,0.23768,8129050
3,2021-03-03,92326,2969968,44167,1502533,48121,1467314,38,121,51473,978667,0.120391,40588,1007272,0.12391,53827,1985939,0.244301,8129050
3,2021-03-04,96724,3066692,47315,1549848,49384,1516698,25,146,54639,993840,0.122258,41813,1049085,0.129054,56986,2042925,0.251312,8129050
3,2021-03-05,93143,3159835,45492,1595340,47345,1564043,306,452,56166,1015909,0.124973,36668,1085753,0.133565,58737,2101662,0.258537,8129050
3,2021-03-06,66566,3226401,33730,1629070,30663,1594706,2173,2625,37874,1028893,0.12657,28521,1114274,0.137073,41505,2143167,0.263643,8129050
3,2021-03-07,39590,3265991,22819,1651889,14844,1609550,1927,4552,22243,1036956,0.127562,17261,1131535,0.139196,25324,2168491,0.266758,8129050
3,2021-03-08,60788,3326779,28923,1680812,28831,1638381,3034,7586,38381,1057665,0.130109,22228,1153763,0.141931,42937,2211428,0.27204,8129050
3,2021-03-09,78087,3404866,36035,1716847,37551,1675932,4501,12087,41903,1069184,0.131526,36006,1189769,0.14636,47525,2258953,0.277886,8129050
3,2021-03-10,84229,3489095,41874,1758721,36174,1712106,6181,18268,43910,1080558,0.132925,40069,1229838,0.151289,51443,2310396,0.284215,8129050
3,2021-03-11,98443,3587538,48169,1806890,41580,1753686,8694,26962,48095,1088332,0.133882,50041,1279879,0.157445,57815,2368211,0.291327,8129050
3,2021-03-12,103199,3690737,46089,1852979,45178,1798864,11932,38894,47026,1092431,0.134386,55888,1335767,0.16432,59987,2428198,0.298706,8129050
3,2021-03-13,71107,3761844,29940,1882919,33858,1832722,7309,46203,37475,1105032,0.135936,33472,1369239,0.168438,46073,2474271,0.304374,8129050
3,2021-03-14,41636,3803480,21744,1904663,16313,1849035,3579,49782,20968,1109619,0.1365,20566,1389805,0.170968,25153,2499424,0.307468,8129050
3,2021-03-15,76472,3879952,36258,1940921,35619,1884654,4595,54377,40231,1119432,0.137708,35975,1425780,0.175393,45788,2545212,0.313101,8129050
3,2021-03-16,95952,3975904,44256,1985177,47312,1931966,4384,58761,53820,1136665,0.139828,41850,1467630,0.180541,59083,2604295,0.320369,8129050
3,2021-03-17,99327,4075231,48218,2033395,46515,1978481,4594,63355,60178,1163182,0.14309,38876,1506506,0.185324,65393,2669688,0.328413,8129050
3,2021-03-18,104644,4179875,53168,2086563,46876,2025357,4600,67955,59812,1183600,0.145601,44509,1551015,0.190799,64927,2734615,0.3364,8129050
3,2021-03-19,104248,4284123,55946,2142509,43798,2069155,4504,72459,57894,1200468,0.147676,46040,1597055,0.196463,62908,2797523,0.344139,8129050
3,2021-03-20,72629,4356752,37417,2179926,31479,2100634,3733,76192,44568,1221402,0.150252,27827,1624882,0.199886,48761,2846284,0.350137,8129050
3,2021-03-21,36664,4393416,24883,2204809,10252,2110886,1529,77721,22005,1230880,0.151417,14529,1639411,0.201673,24007,2870291,0.353091,8129050
3,2021-03-22,71228,4464644,41855,2246664,26822,2137708,2551,80272,45167,1253820,0.154239,25779,1665190,0.204844,48719,2919010,0.359084,8129050
3,2021-03-23,90744,4555388,50191,2296855,37963,2175671,2590,82862,55162,1276991,0.15709,35275,1700465,0.209184,58446,2977456,0.366274,8129050
3,2021-03-24,99764,4655152,57411,2354266,39386,2215057,2967,85829,56268,1293733,0.159149,43086,1743551,0.214484,59828,3037284,0.373633,8129050
3,2021-03-25,108529,4763681,60269,2414535,45204,2260261,3056,88885,60591,1310467,0.161208,47541,1791092,0.220332,64275,3101559,0.38154,8129050
3,2021-03-26,111872,4875553,60005,2474540,48471,2308732,3396,92281,57126,1317461,0.162068,54355,1845447,0.227019,61349,3162908,0.389087,8129050
3,2021-03-27,75356,4950909,38320,2512860,34465,2343197,2571,94852,36205,1318010,0.162136,38885,1884332,0.231802,39434,3202342,0.393938,8129050
3,2021-03-28,44827,4995736,28263,2541123,15742,2358939,822,95674,22466,1319722,0.162346,22225,1906557,0.234536,23937,3226279,0.396883,8129050
3,2021-03-29,81695,5077431,42668,2583791,37157,2396096,1870,97544,44295,1329627,0.163565,37112,1943669,0.239102,47017,3273296,0.402666,8129050
3,2021-03-30,101364,5178795,49828,2633619,47815,2443911,3721,101265,56299,1345465,0.165513,44771,1988440,0.244609,60609,3333905,0.410122,8129050
3,2021-03-31,106042,5284837,57178,2690797,43957,2487868,4907,106172,56278,1357486,0.166992,49476,2037916,0.250695,61497,3395402,0.417687,8129050
3,2021-04-01,125117,5409954,63229,2754026,52008,2539876,9880,116052,67000,1376956,0.169387,57622,2095538,0.257784,77092,3472494,0.427171,8129050
3,2021-04-02,118910,5528864,57996,2812022,50448,2590324,10466,126518,62239,1393714,0.171449,56331,2151869,0.264713,73089,3545583,0.436162,8129050
3,2021-04-03,76622,5605486,39200,2851222,28117,2618441,9305,135823,38043,1402929,0.172582,38396,2190265,0.269437,47611,3593194,0.442019,8129050
3,2021-04-04,32664,5638150,17465,2868687,10944,2629385,4255,140078,14228,1403054,0.172598,18338,2208603,0.271693,18463,3611657,0.44429,8129050
3,2021-04-05,90475,5728625,45905,2914592,35212,2664597,9358,149436,43763,1410488,0.173512,46450,2255053,0.277407,53884,3665541,0.450919,8129050
3,2021-04-06,114432,5843057,55678,2970270,43417,2708014,15337,164773,53534,1419404,0.174609,60586,2315639,0.28486,69502,3735043,0.459469,8129050
3,2021-04-07,117229,5960286,60650,3030920,40168,2748182,16411,181184,56349,1431814,0.176135,60573,2376212,0.292311,72983,3808026,0.468447,8129050
3,2021-04-08,122310,6082596,60869,3091789,41099,2789281,20342,201526,56540,1443952,0.177629,65423,2441635,0.300359,77561,3885587,0.477988,8129050
3,2021-04-09,119446,6202042,59455,3151244,40662,2829943,19329,220855,52257,1449436,0.178303,66896,2508531,0.308588,72380,3957967,0.486892,8129050
3,2021-04-10,85000,6287042,38135,3189379,31458,2861401,15407,236262,34521,1449852,0.178354,50252,2558783,0.31477,50668,4008635,0.493125,8129050
3,2021-04-11,45601,6332643,24395,3213774,13098,2874499,8108,244370,17294,1447841,0.178107,28198,2586981,0.318239,26187,4034822,0.496346,8129050
3,2021-04-12,84713,6417356,42751,3256525,33040,2907539,8922,253292,38150,1449686,0.178334,46280,2633261,0.323932,48125,4082947,0.502266,8129050
3,2021-04-13,106246,6523602,57531,3314056,48502,2956041,213,253505,55771,1456368,0.179156,50194,2683455,0.330107,56876,4139823,0.509263,8129050
3,2021-04-14,108410,6632012,59264,3373320,49035,3005076,111,253616,53735,1457323,0.179273,54335,2737790,0.336791,55290,4195113,0.516064,8129050
3,2021-04-15,120112,6752124,67564,3440884,52460,3057536,88,253704,63817,1466133,0.180357,55918,2793708,0.34367,64728,4259841,0.524027,8129050
3,2021-04-16,116283,6868407,65206,3506090,50978,3108514,99,253803,60438,1471840,0.181059,55501,2849209,0.350497,61208,4321049,0.531556,8129050
3,2021-04-17,79941,6948348,43571,3549661,36354,3144868,16,253819,44353,1481851,0.182291,35338,2884547,0.354844,45349,4366398,0.537135,8129050
3,2021-04-18,39126,6987474,23667,3573328,15449,3160317,10,253829,18278,1480321,0.182103,20705,2905252,0.357391,19175,4385573,0.539494,8129050
3,2021-04-19,79639,7067113,44297,3617625,35282,3195599,60,253889,35657,1472817,0.181179,43741,2948993,0.362772,36237,4421810,0.543952,8129050
3,2021-04-20,101360,7168473,53356,3670981,47980,3243579,24,253913,48741,1470319,0.180872,52307,3001300,0.369207,49809,4471619,0.550079,8129050
3,2021-04-21,106593,7275066,59851,3730832,46659,3290238,83,253996,50113,1465551,0.180286,56057,3057357,0.376103,51289,4522908,0.556388,8129050
3,2021-04-22,112743,7387809,63357,3794189,49356,3339594,30,254026,48246,1450700,0.178459,64090,3121447,0.383987,49239,4572147,0.562445,8129050
3,2021-04-23,107045,7494854,61245,3855434,45768,3385362,32,254058,46710,1438528,0.176961,59939,3181386,0.39136,47767,4619914,0.568322,8129050
3,2021-04-24,74487,7569341,45952,3901386,28461,3413823,74,254132,36162,1437758,0.176867,38019,3219405,0.396037,37249,4657163,0.572904,8129050
3,2021-04-25,37195,7606536,23731,3925117,13446,3427269,18,254150,18933,1439024,0.177022,18089,3237494,0.398262,19355,4676518,0.575285,8129050
3,2021-04-26,74511,7681047,42111,3967228,31980,3459249,420,254570,31671,1429936,0.175904,42536,3280030,0.403495,33448,4709966,0.579399,8129050
3,2021-04-27,91735,7772782,48177,4015405,41796,3501045,1762,256332,36234,1413543,0.173888,55166,3335196,0.410281,38773,4748739,0.584169,8129050
3,2021-04-28,87575,7860357,49740,4065145,35678,3536723,2157,258489,35609,1400219,0.172249,51637,3386833,0.416633,38313,4787052,0.588882,8129050
3,2021-04-29,89899,7950256,51349,4116494,36306,3573029,2244,260733,31966,1377364,0.169437,57554,3444387,0.423713,34699,4821751,0.593151,8129050
3,2021-04-30,91443,8041699,51589,4168083,37357,3610386,2497,263230,33963,1357220,0.166959,57068,3501455,0.430734,36924,4858675,0.597693,8129050
3,2021-05-01,56073,8097772,35116,4203199,19463,3629849,1494,264724,20187,1343832,0.165312,35564,3537019,0.435109,22176,4880851,0.600421,8129050
3,2021-05-02,27163,8124935,18542,4221741,7597,3637446,1024,265748,9949,1337809,0.164571,17096,3554115,0.437212,11073,4891924,0.601783,8129050
3,2021-05-03,60254,8185189,35385,4257126,22484,3659930,2385,268133,17512,1315403,0.161815,42486,3596601,0.442438,20080,4912004,0.604253,8129050
3,2021-05-04,78112,8263301,45166,4302292,30249,3690179,2697,270830,22616,1285811,0.158175,55174,3651775,0.449225,25582,4937586,0.6074,8129050
3,2021-05-05,79641,8342942,47814,4350106,29101,3719280,2726,273556,21965,1253500,0.1542,57301,3709076,0.456274,24990,4962576,0.610474,8129050
3,2021-05-06,83954,8426896,53118,4403224,28288,3747568,2548,276104,20625,1214407,0.149391,62810,3771886,0.464001,23717,4986293,0.613392,8129050
3,2021-05-07,82986,8509882,51703,4454927,28630,3776198,2653,278757,21878,1178521,0.144976,60718,3832604,0.47147,24832,5011125,0.616447,8129050
3,2021-05-08,53020,8562902,32872,4487799,18414,3794612,1734,280491,14002,1155794,0.142181,38730,3871334,0.476234,16003,5027128,0.618415,8129050
3,2021-05-09,21103,8584005,15427,4503226,4881,3799493,795,281286,5484,1146627,0.141053,15516,3886850,0.478143,6349,5033477,0.619196,8129050
3,2021-05-10,48479,8632484,26095,4529321,20462,3819955,1922,283208,11200,1122948,0.13814,37055,3923905,0.482702,13376,5046853,0.620842,8129050
3,2021-05-11,64578,8697062,36224,4565545,26120,3846075,2234,285442,16195,1093735,0.134546,48112,3972017,0.48862,18899,5065752,0.623167,8129050
3,2021-05-12,65331,8762393,37539,4603084,25375,3871450,2417,287859,16648,1064733,0.130979,48388,4020405,0.494573,19386,5085138,0.625551,8129050
3,2021-05-13,75961,8838354,47865,4650949,26165,3897615,1931,289790,27671,1046942,0.12879,48019,4068424,0.50048,30228,5115366,0.62927,8129050
3,2021-05-14,80935,8919289,51078,4702027,27694,3925309,2163,291953,31301,1031694,0.126914,49313,4117737,0.506546,34065,5149431,0.63346,8129050
3,2021-05-15,62602,8981891,43144,4745171,18228,3943537,1230,293183,25853,1022497,0.125783,36516,4154253,0.511038,27319,5176750,0.636821,8129050
3,2021-05-16,33342,9015233,24942,4770113,7708,3951245,692,293875,13453,1016977,0.125104,19759,4174012,0.513469,14239,5190989,0.638573,8129050
3,2021-05-17,57285,9072518,36463,4806576,18957,3970202,1865,295740,21085,1004229,0.123536,35908,4209920,0.517886,23160,5214149,0.641422,8129050
3,2021-05-18,64824,9137342,38251,4844827,24692,3994894,1881,297621,24339,990645,0.121865,40198,4250118,0.522831,26614,5240763,0.644696,8129050
3,2021-05-19,64329,9201671,39091,4883918,23470,4018364,1768,299389,24873,978385,0.120357,39180,4289298,0.527651,26920,5267683,0.648007,8129050
3,2021-05-20,62179,9263850,36378,4920296,23938,4042302,1863,301252,22285,963284,0.118499,39590,4328888,0.532521,24489,5292172,0.65102,8129050
3,2021-05-21,66546,9330396,40449,4960745,23977,4066279,2120,303372,23780,947077,0.116505,42416,4371304,0.537739,26209,5318381,0.654244,8129050
3,2021-05-22,46065,9376461,30533,4991278,14055,4080334,1477,304849,19154,941291,0.115793,26672,4397976,0.54102,20886,5339267,0.656813,8129050
3,2021-05-23,21855,9398316,15121,5006399,6078,4086412,656,305505,9237,938775,0.115484,12522,4410498,0.54256,10006,5349273,0.658044,8129050
3,2021-05-24,39933,9438249,23376,5029775,14781,4101193,1776,307281,14798,930627,0.114482,24921,4435419,0.545626,16773,5366046,0.660107,8129050
3,2021-05-25,43157,9481406,24290,5054065,17171,4118364,1696,308977,15308,920315,0.113213,27549,4462968,0.549015,17237,5383283,0.662228,8129050
3,2021-05-26,42748,9524154,24456,5078521,16540,4134904,1752,310729,16008,911780,0.112163,26432,4489400,0.552266,17897,5401180,0.664429,8129050
3,2021-05-27,39677,9563831,22252,5100773,15665,4150569,1760,312489,15508,905318,0.111368,23981,4513381,0.555216,17519,5418699,0.666585,8129050
3,2021-05-28,43283,9607114,24472,5125245,16998,4167567,1813,314302,17999,900390,0.110762,25063,4538444,0.558299,20135,5438834,0.669061,8129050
3,2021-05-29,23641,9630755,14447,5139692,8353,4175920,841,315143,11007,899889,0.1107,12483,4550927,0.559835,11982,5450816,0.670535,8129050
3,2021-05-30,10674,9641429,6920,5146612,3117,4179037,637,315780,4481,898939,0.110584,6111,4557038,0.560587,5161,5455977,0.67117,8129050
3,2021-05-31,4707,9646136,2727,5149339,1713,4180750,267,316047,1473,897531,0.11041,3177,4560215,0.560978,1769,5457746,0.671388,8129050
3,2021-06-01,38081,9684217,21919,5171258,14702,4195452,1460,317507,13323,888018,0.10924,24489,4584704,0.56399,14976,5472722,0.67323,8129050
3,2021-06-02,31803,9716020,18321,5189579,12058,4207510,1424,318931,11767,881532,0.108442,19817,4604521,0.566428,13331,5486053,0.67487,8129050
3,2021-06-03,39975,9755995,27355,5216934,11172,4218682,1448,320379,11547,866525,0.106596,28242,4632763,0.569902,13235,5499288,0.676498,8129050
3,2021-06-04,46687,9802682,33033,5249967,12099,4230781,1555,321934,13310,848698,0.104403,33112,4665875,0.573975,15285,5514573,0.678379,8129050
3,2021-06-05,34603,9837285,26092,5276059,7320,4238101,1191,323125,8769,833240,0.102502,25617,4691492,0.577127,10159,5524732,0.679628,8129050
3,2021-06-06,14706,9851991,12273,5288332,1847,4239948,586,323711,3702,826762,0.101705,10935,4702427,0.578472,4457,5529189,0.680177,8129050
3,2021-06-07,30682,9882673,22295,5310627,7095,4247043,1292,325003,8881,815417,0.100309,21635,4724062,0.581133,10290,5539479,0.681442,8129050
3,2021-06-08,34452,9917125,24716,5335343,8436,4255479,1300,326303,9951,802613,0.098734,24283,4748345,0.584121,11479,5550958,0.682854,8129050
3,2021-06-09,33119,9950244,24019,5359362,7792,4263271,1308,327611,8890,788937,0.097052,24041,4772386,0.587078,10365,5561323,0.68413,8129050
3,2021-06-10,32646,9982890,23541,5382903,7565,4270836,1540,329151,8984,776164,0.09548,23498,4795884,0.589969,10725,5572048,0.685449,8129050
3,2021-06-11,35891,10018781,25391,5408294,9116,4279952,1384,330535,10676,763395,0.093909,25007,4820891,0.593045,12238,5584286,0.686954,8129050
3,2021-06-12,25503,10044284,19238,5427532,5363,4285315,902,331437,6757,752600,0.092582,18620,4839511,0.595335,7825,5592111,0.687917,8129050
3,2021-06-13,10223,10054507,7663,5435195,2068,4287383,492,331929,2390,747778,0.091988,7779,4847290,0.596292,2957,5595068,0.688281,8129050
3,2021-06-14,26076,10080583,18706,5453901,5929,4293312,1441,333370,8166,739759,0.091002,17770,4865060,0.598478,9751,5604819,0.68948,8129050
3,2021-06-15,29051,10109634,19667,5473568,7858,4301170,1526,334896,9769,732186,0.09007,19038,4884098,0.60082,11465,5616284,0.690891,8129050
3,2021-06-16,26192,10135826,18624,5492192,6135,4307305,1433,336329,8877,725518,0.08925,17127,4901225,0.602927,10459,5626743,0.692177,8129050
3,2021-06-17,25017,10160843,17912,5510104,5802,4313107,1303,337632,8688,719486,0.088508,16163,4917388,0.604915,10131,5636874,0.693423,8129050
3,2021-06-18,28080,10188923,19817,5529921,6689,4319796,1574,339206,9798,712978,0.087707,18048,4935436,0.607136,11540,5648414,0.694843,8129050
3,2021-06-19,16060,10204983,11797,5541718,3402,4323198,861,340067,5742,709501,0.08728,10189,4945625,0.608389,6712,5655126,0.695669,8129050
3,2021-06-20,6901,10211884,5177,5546895,1422,4324620,302,340369,2615,708244,0.087125,4227,4949852,0.608909,2970,5658096,0.696034,8129050
3,2021-06-21,16276,10228160,10268,5557163,4601,4329221,1407,341776,8095,709781,0.087314,8085,4957937,0.609904,9622,5667718,0.697218,8129050
3,2021-06-22,22143,10250303,15513,5572676,5320,4334541,1310,343086,8249,705734,0.086816,13760,4971697,0.611596,9713,5677431,0.698413,8129050
3,2021-06-23,20322,10270625,14223,5586899,4752,4339293,1347,344433,8026,703071,0.086489,12175,4983872,0.613094,9512,5686943,0.699583,8129050
3,2021-06-24,20027,10290652,13936,5600835,4633,4343926,1458,345891,7811,700417,0.086162,12030,4995902,0.614574,9376,5696319,0.700736,8129050
3,2021-06-25,23429,10314081,16621,5617456,5380,4349306,1428,347319,9136,696956,0.085736,14152,5010054,0.616315,10691,5707010,0.702051,8129050
3,2021-06-26,14064,10328145,10449,5627905,2840,4352146,775,348094,5870,695676,0.085579,8083,5018137,0.617309,6803,5713813,0.702888,8129050
3,2021-06-27,6763,10334908,5239,5633144,1216,4353362,308,348402,2892,695087,0.085507,3824,5021961,0.61778,3235,5717048,0.703286,8129050
3,2021-06-28,16146,10351054,12418,5645562,2641,4356003,1087,349489,6798,693881,0.085358,9198,5031159,0.618911,7992,5725040,0.704269,8129050
3,2021-06-29,18221,10369275,12837,5658399,4371,4360374,1013,350502,7493,691942,0.08512,10577,5041736,0.620212,8638,5733678,0.705332,8129050
3,2021-06-30,17245,10386520,12231,5670630,3964,4364338,1050,351552,7450,690968,0.085,9622,5051358,0.621396,8648,5742326,0.706396,8129050
3,2021-07-01,16511,10403031,11769,5682399,3664,4368002,1078,352630,6976,689728,0.084847,9394,5060752,0.622551,8154,5750480,0.707399,8129050
3,2021-07-02,18651,10421682,13268,5695667,4276,4372278,1107,353737,7978,688358,0.084679,10550,5071302,0.623849,9180,5759660,0.708528,8129050
3,2021-07-03,10182,10431864,7362,5703029,2379,4374657,441,354178,4366,687530,0.084577,5737,5077039,0.624555,4909,5764569,0.709132,8129050
3,2021-07-04,732,10432596,430,5703459,215,4374872,87,354265,283,687476,0.08457,440,5077479,0.624609,386,5764955,0.709179,8129050
3,2021-07-05,9579,10442175,7011,5710470,2145,4377017,423,354688,4328,687113,0.084526,5178,5082657,0.625246,4815,5769770,0.709772,8129050
3,2021-07-06,19262,10461437,13961,5724431,4172,4381189,1129,355817,6975,683240,0.084049,12100,5094757,0.626735,8227,5777997,0.710784,8129050
3,2021-07-07,15849,10477286,11246,5735677,3479,4384668,1124,356941,6380,681522,0.083838,9330,5104087,0.627882,7612,5785609,0.71172,8129050
3,2021-07-08,15426,10492712,11153,5746830,3271,4387939,1002,357943,6226,679792,0.083625,9047,5113134,0.628995,7317,5792926,0.71262,8129050
3,2021-07-09,17750,10510462,12391,5759221,4134,4392073,1225,359168,7359,678233,0.083433,10252,5123386,0.630256,8693,5801619,0.71369,8129050
3,2021-07-10,10940,10521402,8060,5767281,2211,4394284,669,359837,4649,677424,0.083334,6217,5129603,0.631021,5408,5807027,0.714355,8129050
3,2021-07-11,5147,10526549,3811,5771092,1059,4395343,277,360114,2324,677272,0.083315,2773,5132376,0.631362,2621,5809648,0.714677,8129050
3,2021-07-12,14381,10540930,10497,5781589,2881,4398224,1003,361117,5753,675550,0.083103,8546,5140922,0.632414,6824,5816472,0.715517,8129050
3,2021-07-13,15212,10556142,10742,5792331,3554,4401778,916,362033,6685,674807,0.083012,8424,5149346,0.63345,7681,5824153,0.716462,8129050
3,2021-07-14,14488,10570630,10288,5802619,3275,4405053,925,362958,6478,674361,0.082957,7909,5157255,0.634423,7463,5831616,0.71738,8129050
3,2021-07-15,14770,10585400,10678,5813297,3250,4408303,842,363800,6763,674133,0.082929,7906,5165161,0.635395,7678,5839294,0.718324,8129050
3,2021-07-16,17828,10603228,12817,5826114,4115,4412418,896,364696,8517,674419,0.082964,9199,5174360,0.636527,9485,5848779,0.719491,8129050
3,2021-07-17,11309,10614537,8288,5834402,2488,4414906,533,365229,5381,674547,0.08298,5852,5180212,0.637247,5980,5854759,0.720227,8129050
3,2021-07-18,5760,10620297,4352,5838754,1157,4416063,251,365480,2834,674776,0.083008,2882,5183094,0.637601,3111,5857870,0.720609,8129050
3,2021-07-19,14929,10635226,10922,5849676,3125,4419188,882,366362,7320,675542,0.083102,7509,5190603,0.638525,8275,5866145,0.721627,8129050
3,2021-07-20,16629,10651855,11584,5861260,4141,4423329,904,367266,8549,677118,0.083296,7958,5198561,0.639504,9534,5875679,0.7228,8129050
3,2021-07-21,16007,10667862,11334,5872594,3804,4427133,869,368135,8047,678284,0.08344,7828,5206389,0.640467,8994,5884673,0.723907,8129050
3,2021-07-22,16411,10684273,11591,5884185,3853,4430986,967,369102,8515,680058,0.083658,7771,5214160,0.641423,9545,5894218,0.725081,8129050
3,2021-07-23,19312,10703585,13765,5897950,4532,4435518,1015,370117,10364,682728,0.083986,8798,5222958,0.642505,11468,5905686,0.726492,8129050
3,2021-07-24,11624,10715209,8374,5906324,2668,4438186,582,370699,6426,684655,0.084223,5118,5228076,0.643135,7045,5912731,0.727358,8129050
3,2021-07-25,5681,10720890,4260,5910584,1211,4439397,210,370909,4098,687481,0.084571,1532,5229608,0.643323,4358,5917089,0.727894,8129050
3,2021-07-26,15559,10736449,10835,5921419,3751,4443148,973,371882,9402,691879,0.085112,6036,5235644,0.644066,10434,5927523,0.729178,8129050
3,2021-07-27,17579,10754028,12434,5933853,4161,4447309,984,372866,10072,695638,0.085574,7369,5243013,0.644972,11128,5938651,0.730547,8129050
3,2021-07-28,17078,10771106,12220,5946073,3820,4451129,1038,373904,9854,699502,0.08605,7078,5250091,0.645843,10942,5949593,0.731893,8129050
3,2021-07-29,16908,10788014,12175,5958248,3699,4454828,1034,374938,9971,703825,0.086581,6753,5256844,0.646674,11076,5960669,0.733255,8129050
3,2021-07-30,19692,10807706,13899,5972147,4701,4459529,1092,376030,11424,708379,0.087142,8052,5264896,0.647664,12606,5973275,0.734806,8129050
3,2021-07-31,12240,10819946,8867,5981014,2718,4462247,655,376685,7129,711260,0.087496,4966,5269862,0.648275,7847,5981122,0.735771,8129050
3,2021-08-01,6509,10826455,4960,5985974,1288,4463535,261,376946,4206,713525,0.087775,2237,5272099,0.64855,4502,5985624,0.736325,8129050
3,2021-08-02,16607,10843062,12043,5998017,3632,4467167,932,377878,10321,718682,0.088409,6159,5278258,0.649308,11316,5996940,0.737717,8129050
3,2021-08-03,18481,10861543,13335,6011352,4033,4471200,1113,378991,11012,723569,0.08901,7291,5285549,0.650205,12178,6009118,0.739215,8129050
3,2021-08-04,17599,10879142,12647,6023999,3936,4475136,1016,380007,10479,728154,0.089574,6959,5292508,0.651061,11544,6020662,0.740635,8129050
3,2021-08-05,17977,10897119,12993,6036992,3829,4478965,1155,381162,10851,733265,0.090203,6963,5299471,0.651918,12074,6032736,0.742121,8129050
3,2021-08-06,21787,10918906,15791,6052783,4835,4483800,1161,382323,12874,738657,0.090866,8709,5308180,0.652989,14101,6046837,0.743855,8129050
3,2021-08-07,12801,10931707,9509,6062292,2660,4486460,632,382955,7486,741653,0.091235,5173,5313353,0.653625,8169,6055006,0.74486,8129050
3,2021-08-08,7597,10939304,5813,6068105,1541,4488001,243,383198,4685,743791,0.091498,2827,5316180,0.653973,4965,6059971,0.745471,8129050
3,2021-08-09,18389,10957693,13759,6081864,3534,4491535,1096,384294,10385,747504,0.091955,7842,5324022,0.654938,11555,6071526,0.746892,8129050
3,2021-08-10,18595,10976288,13611,6095475,3967,4495502,1017,385311,10473,751082,0.092395,7951,5331973,0.655916,11529,6083055,0.748311,8129050
3,2021-08-11,16599,10992887,12014,6107489,3547,4499049,1038,386349,9244,754266,0.092786,7153,5339126,0.656796,10337,6093392,0.749582,8129050
3,2021-08-12,18165,11011052,12808,6120297,4259,4503308,1098,387447,9967,757396,0.093172,7983,5347109,0.657778,11113,6104505,0.750949,8129050
3,2021-08-13,22655,11033707,16064,6136361,5412,4508720,1179,388626,12337,761105,0.093628,9876,5356985,0.658993,13585,6118090,0.752621,8129050
3,2021-08-14,14734,11048441,10355,6146716,3735,4512455,644,389270,7654,763304,0.093898,6154,5363139,0.65975,8353,6126443,0.753648,8129050
3,2021-08-15,8365,11056806,6069,6152785,2011,4514466,285,389555,4199,764433,0.094037,3382,5366521,0.660166,4511,6130954,0.754203,8129050
3,2021-08-16,20708,11077514,14279,6167064,5436,4519902,993,390548,9806,766365,0.094275,8954,5375475,0.661267,10886,6141840,0.755542,8129050
3,2021-08-17,21332,11098846,14492,6181556,5787,4525689,1053,391601,9786,767992,0.094475,9322,5384797,0.662414,10949,6152789,0.756889,8129050
3,2021-08-18,21163,11120009,14106,6195662,6044,4531733,1013,392614,9514,769572,0.094669,9037,5393834,0.663526,10617,6163406,0.758195,8129050
3,2021-08-19,21248,11141257,14030,6209692,6130,4537863,1088,393702,9231,770891,0.094832,9065,5402899,0.664641,10384,6173790,0.759473,8129050
3,2021-08-20,26736,11167993,18005,6227697,7588,4545451,1143,394845,11254,771533,0.094911,11858,5414757,0.6661,12500,6186290,0.76101,8129050
3,2021-08-21,15551,11183544,11214,6238911,3748,4549199,589,395434,6520,771540,0.094911,7174,5421931,0.666982,7181,6193471,0.761894,8129050
3,2021-08-22,8852,11192396,6316,6245227,2310,4551509,226,395660,3965,771998,0.094968,3783,5425714,0.667447,4241,6197712,0.762415,8129050
3,2021-08-23,22662,11215058,15854,6261081,5876,4557385,932,396592,9723,772949,0.095085,9887,5435601,0.668664,10838,6208550,0.763749,8129050
3,2021-08-24,22612,11237670,16293,6277374,5425,4562810,894,397486,9355,773113,0.095105,10214,5445815,0.66992,10378,6218928,0.765025,8129050
3,2021-08-25,21581,11259251,15369,6292743,5293,4568103,919,398405,8970,773466,0.095148,9659,5455474,0.671108,10012,6228940,0.766257,8129050
3,2021-08-26,22005,11281256,15478,6308221,5549,4573652,978,399383,8804,773586,0.095163,9780,5465254,0.672312,9900,6238840,0.767475,8129050
3,2021-08-27,26985,11308241,19469,6327690,6520,4580172,996,400379,10420,772415,0.095019,12793,5478047,0.673885,11622,6250462,0.768904,8129050
3,2021-08-28,15571,11323812,11404,6339094,3705,4583877,462,400841,6192,771638,0.094924,7546,5485593,0.674814,6769,6257231,0.769737,8129050
3,2021-08-29,9003,11332815,6704,6345798,2144,4586021,155,400996,3587,771119,0.09486,4333,5489926,0.675347,3814,6261045,0.770206,8129050
3,2021-08-30,21364,11354179,15045,6360843,5520,4591541,799,401795,8013,769948,0.094716,10138,5500064,0.676594,8967,6270012,0.771309,8129050
3,2021-08-31,9350,11363529,6311,6367154,2394,4593935,645,402440,2931,769168,0.09462,4422,5504486,0.677138,3642,6273654,0.771757,8129050
4,2020-12-15,474,474,474,474,0,0,0,0,474,474,5.9e-05,0,0,0.0,474,474,5.9e-05,8037679
4,2020-12-16,3107,3581,3107,3581,0,0,0,0,3107,3581,0.000446,0,0,0.0,3107,3581,0.000446,8037679
4,2020-12-17,9119,12700,9119,12700,0,0,0,0,9119,12700,0.00158,0,0,0.0,9119,12700,0.00158,8037679
4,2020-12-18,16412,29112,16398,29098,14,14,0,0,16411,29111,0.003622,0,0,0.0,16411,29111,0.003622,8037679
4,2020-12-19,10483,39595,10472,39570,11,25,0,0,10422,39533,0.004918,0,0,0.0,10422,39533,0.004918,8037679
4,2020-12-20,7510,47105,7495,47065,15,40,0,0,7465,46998,0.005847,0,0,0.0,7465,46998,0.005847,8037679
4,2020-12-21,16562,63667,16527,63592,35,75,0,0,16493,63489,0.007899,2,2,0.0,16493,63491,0.007899,8037679
4,2020-12-22,17348,81015,16574,80166,774,849,0,0,17304,80789,0.010051,4,6,1e-06,17304,80795,0.010052,8037679
4,2020-12-23,17296,98311,14480,94646,2816,3665,0,0,17267,98054,0.012199,2,8,1e-06,17267,98062,0.0122,8037679
4,2020-12-24,8672,106983,6009,100655,2663,6328,0,0,8670,106723,0.013278,1,9,1e-06,8670,106732,0.013279,8037679
4,2020-12-25,918,107901,812,101467,106,6434,0,0,917,107639,0.013392,1,10,1e-06,917,107649,0.013393,8037679
4,2020-12-26,6274,114175,3934,105401,2340,8774,0,0,6274,113913,0.014172,0,10,1e-06,6274,113923,0.014174,8037679
4,2020-12-27,3490,117665,2012,107413,1478,10252,0,0,3490,117403,0.014607,0,10,1e-06,3490,117413,0.014608,8037679
4,2020-12-28,15367,133032,9470,116883,5897,16149,0,0,15340,132740,0.016515,3,13,2e-06,15340,132753,0.016516,8037679
4,2020-12-29,16001,149033,8975,125858,7026,23175,0,0,15967,148706,0.018501,1,14,2e-06,15967,148720,0.018503,8037679
4,2020-12-30,19520,168553,11419,137277,8101,31276,0,0,19510,168214,0.020928,2,16,2e-06,19510,168230,0.02093,8037679
4,2020-12-31,8405,176958,3390,140667,5015,36291,0,0,8392,176597,0.021971,9,25,3e-06,8392,176622,0.021974,8037679
4,2021-01-01,1882,178840,866,141533,1016,37307,0,0,1874,178467,0.022204,4,29,4e-06,1874,178496,0.022207,8037679
4,2021-01-02,5811,184651,3277,144810,2534,39841,0,0,5809,184275,0.022926,1,30,4e-06,5809,184305,0.02293,8037679
4,2021-01-03,2177,186828,1283,146093,894,40735,0,0,2163,186435,0.023195,3,33,4e-06,2163,186468,0.023199,8037679
4,2021-01-04,13153,199981,7094,153187,6059,46794,0,0,13104,199512,0.024822,27,60,7e-06,13104,199572,0.02483,8037679
4,2021-01-05,17160,217141,10163,163350,6997,53791,0,0,14889,212177,0.026398,2242,2302,0.000286,14907,214479,0.026684,8037679
4,2021-01-06,21896,239037,13414,176764,8482,62273,0,0,15676,221698,0.027582,6173,8475,0.001054,15694,230173,0.028637,8037679
4,2021-01-07,28327,267364,17308,194072,11019,73292,0,0,16833,227126,0.028258,11431,19906,0.002477,16859,247032,0.030734,8037679
4,2021-01-08,33295,300659,21381,215453,11914,85206,0,0,18490,230906,0.028728,14739,34645,0.00431,18519,265551,0.033038,8037679
4,2021-01-09,16457,317116,9732,225185,6725,91931,0,0,9554,233582,0.029061,6892,41537,0.005168,9568,275119,0.034229,8037679
4,2021-01-10,8879,325995,5736,230921,3143,95074,0,0,4212,233155,0.029008,4649,46186,0.005746,4222,279341,0.034754,8037679
4,2021-01-11,33957,359952,22297,253218,11660,106734,0,0,19120,237525,0.029551,14803,60989,0.007588,19173,298514,0.037139,8037679
4,2021-01-12,38946,398898,22484,275702,16462,123196,0,0,24473,247635,0.030809,14414,75403,0.009381,24524,323038,0.04019,8037679
4,2021-01-13,39294,438192,19474,295176,19820,143016,0,0,27797,264023,0.032848,11438,86841,0.010804,27826,350864,0.043652,8037679
4,2021-01-14,39867,478059,15380,310556,24487,167503,0,0,32551,289347,0.035999,7261,94102,0.011708,32585,383449,0.047706,8037679
4,2021-01-15,45989,524048,16102,326658,29887,197390,0,0,40269,324001,0.04031,5641,99743,0.012409,40295,423744,0.05272,8037679
4,2021-01-16,29042,553090,9453,336111,19589,216979,0,0,25859,346728,0.043138,3149,102892,0.012801,25876,449620,0.055939,8037679
4,2021-01-17,19124,572214,6622,342733,12502,229481,0,0,17447,362533,0.045104,1654,104546,0.013007,17459,467079,0.058111,8037679
4,2021-01-18,29762,601976,13803,356536,15959,245440,0,0,23668,380237,0.047307,6000,110546,0.013753,23704,490783,0.06106,8037679
4,2021-01-19,46792,648768,23491,380027,23301,268741,0,0,36931,407440,0.050691,9803,120349,0.014973,37006,527789,0.065664,8037679
4,2021-01-20,53246,702014,28426,408453,24820,293561,0,0,42473,439309,0.054656,10669,131018,0.0163,42538,570327,0.070957,8037679
4,2021-01-21,58548,760562,26305,434758,32243,325804,0,0,51604,484097,0.060228,6869,137887,0.017155,51657,621984,0.077384,8037679
4,2021-01-22,56014,816576,22482,457240,33532,359336,0,0,50665,529549,0.065883,5247,143134,0.017808,50699,672683,0.083691,8037679
4,2021-01-23,40045,856621,17454,474694,22591,381927,0,0,35639,560827,0.069775,4396,147530,0.018355,35674,708357,0.08813,8037679
4,2021-01-24,24306,880927,10571,485265,13735,395662,0,0,22387,581330,0.072326,1907,149437,0.018592,22410,730767,0.090918,8037679
4,2021-01-25,48618,929545,22440,507705,26178,421840,0,0,37238,607287,0.075555,11340,160777,0.020003,37297,768064,0.095558,8037679
4,2021-01-26,57607,987152,29348,537053,28259,450099,0,0,45078,639956,0.07962,12475,173252,0.021555,45144,813208,0.101174,8037679
4,2021-01-27,57035,1044187,27079,564132,29956,480055,0,0,45733,674518,0.083919,11228,184480,0.022952,45790,858998,0.106871,8037679
4,2021-01-28,57728,1101915,26042,590174,31686,511741,0,0,47384,711701,0.088546,10250,194730,0.024227,47433,906431,0.112773,8037679
4,2021-01-29,57515,1159430,27481,617655,30034,541775,0,0,46870,748137,0.093079,10472,205202,0.02553,46908,953339,0.118609,8037679
4,2021-01-30,38781,1198211,17403,635058,21378,563153,0,0,33307,776060,0.096553,5418,210620,0.026204,33341,986680,0.122757,8037679
4,2021-01-31,24543,1222754,12801,647859,11742,574895,0,0,22805,797171,0.099179,1714,212334,0.026417,22825,1009505,0.125597,8037679
4,2021-02-01,50503,1273257,24299,672158,26204,601099,0,0,38580,823942,0.10251,11856,224190,0.027892,38627,1048132,0.130402,8037679
4,2021-02-02,56380,1329637,25896,698054,30484,631583,0,0,43214,854132,0.106266,13080,237270,0.02952,43270,1091402,0.135786,8037679
4,2021-02-03,62872,1392509,30810,728864,32062,663645,0,0,48135,887710,0.110444,14617,251887,0.031338,48195,1139597,0.141782,8037679
4,2021-02-04,68451,1460960,31800,760664,36651,700296,0,0,51391,922319,0.114749,16902,268789,0.033441,51511,1191108,0.148191,8037679
4,2021-02-05,74039,1534999,34233,794897,39806,740102,0,0,51336,951344,0.118361,22452,291241,0.036234,51477,1242585,0.154595,8037679
4,2021-02-06,49232,1584231,26386,821283,22846,762948,0,0,37538,977464,0.12161,11623,302864,0.037681,37743,1280328,0.159291,8037679
4,2021-02-07,26753,1610984,17674,838957,9079,772027,0,0,20156,991309,0.123333,6562,309426,0.038497,20407,1300735,0.16183,8037679
4,2021-02-08,59388,1670372,30475,869432,28913,800940,0,0,38491,1009313,0.125573,20752,330178,0.041079,38756,1339491,0.166651,8037679
4,2021-02-09,68046,1738418,34573,904005,33473,834413,0,0,39767,1021351,0.12707,28179,358357,0.044585,40217,1379708,0.171655,8037679
4,2021-02-10,78367,1816785,39209,943214,39158,873571,0,0,41072,1025936,0.127641,37047,395404,0.049194,41632,1421340,0.176835,8037679
4,2021-02-11,82451,1899236,42988,986202,39463,913034,0,0,41828,1028044,0.127903,40403,435807,0.054221,42511,1463851,0.182124,8037679
4,2021-02-12,85376,1984612,38209,1024411,47167,960201,0,0,43788,1031250,0.128302,41379,477186,0.059369,44585,1508436,0.187671,8037679
4,2021-02-13,59410,2044022,30026,1054437,29384,989585,0,0,30118,1033146,0.128538,29138,506324,0.062994,31034,1539470,0.191532,8037679
4,2021-02-14,37245,2081267,19346,1073783,17899,1007484,0,0,18972,1034587,0.128717,18209,524533,0.065259,19650,1559120,0.193976,8037679
4,2021-02-15,46823,2128090,21964,1095747,24859,1032343,0,0,23894,1036843,0.128998,22834,547367,0.0681,25090,1584210,0.197098,8037679
4,2021-02-16,81253,2209343,37279,1133026,43974,1076317,0,0,41108,1039180,0.129289,40003,587370,0.073077,42340,1626550,0.202366,8037679
4,2021-02-17,82632,2291975,39077,1172103,43555,1119872,0,0,39129,1036165,0.128913,43295,630665,0.078464,40280,1666830,0.207377,8037679
4,2021-02-18,84515,2376490,46464,1218567,38051,1157923,0,0,38823,1030993,0.12827,45471,676136,0.084121,40299,1707129,0.212391,8037679
4,2021-02-19,83853,2460343,52776,1271343,31077,1189000,0,0,41677,1031376,0.128318,41981,718117,0.089344,42364,1749493,0.217661,8037679
4,2021-02-20,50270,2510613,33449,1304792,16821,1205821,0,0,27003,1035927,0.128884,23172,741289,0.092227,27723,1777216,0.221111,8037679
4,2021-02-21,30672,2541285,24314,1329106,6358,1212179,0,0,14651,1034976,0.128766,15924,757213,0.094208,14973,1792189,0.222973,8037679
4,2021-02-22,56085,2597370,38478,1367584,17607,1229786,0,0,26924,1033406,0.12857,28975,786188,0.097813,27405,1819594,0.226383,8037679
4,2021-02-23,77793,2675163,43132,1410716,34661,1264447,0,0,34027,1025592,0.127598,43535,829723,0.103229,35721,1855315,0.230827,8037679
4,2021-02-24,92928,2768091,49104,1459820,43824,1308271,0,0,41646,1018428,0.126707,50995,880718,0.109574,43831,1899146,0.23628,8037679
4,2021-02-25,104737,2872828,54834,1514654,49903,1358174,0,0,49656,1015922,0.126395,54832,935550,0.116396,52326,1951472,0.24279,8037679
4,2021-02-26,110763,2983591,55956,1570610,54807,1412981,0,0,56235,1020316,0.126942,54201,989751,0.123139,58595,2010067,0.250081,8037679
4,2021-02-27,80807,3064398,43945,1614555,36848,1449829,14,14,42649,1026569,0.12772,37921,1027672,0.127857,44174,2054241,0.255576,8037679
4,2021-02-28,49951,3114349,30803,1645358,19141,1468970,7,21,27166,1032093,0.128407,22562,1050234,0.130664,28086,2082327,0.259071,8037679
4,2021-03-01,81793,3196142,47867,1693225,33868,1502838,58,79,44995,1041983,0.129637,36417,1086651,0.135195,46307,2128634,0.264832,8037679
4,2021-03-02,90757,3286899,51992,1745217,38753,1541591,12,91,52928,1059151,0.131773,37613,1124264,0.139874,54781,2183415,0.271647,8037679
4,2021-03-03,104628,3391527,55565,1800782,49041,1590632,22,113,58122,1072832,0.133475,46263,1170527,0.14563,59944,2243359,0.279105,8037679
4,2021-03-04,102926,3494453,57283,1858065,45625,1636257,18,131,55935,1083863,0.134848,46723,1217250,0.151443,57754,2301113,0.286291,8037679
4,2021-03-05,99096,3593549,53439,1911504,45326,1681583,331,462,57903,1103128,0.137245,40936,1258186,0.156536,60201,2361314,0.293781,8037679
4,2021-03-06,77880,3671429,43848,1955352,31381,1712964,2651,3113,47556,1124462,0.139899,30174,1288360,0.16029,51508,2412822,0.300189,8037679
4,2021-03-07,45441,3716870,27788,1983140,15412,1728376,2241,5354,26502,1135404,0.14126,18843,1307203,0.162634,29785,2442607,0.303895,8037679
4,2021-03-08,68990,3785860,35991,2019131,29574,1757950,3425,8779,45207,1161663,0.144527,23634,1330837,0.165575,49893,2492500,0.310102,8037679
4,2021-03-09,83049,3868909,41926,2061057,35805,1793755,5318,14097,44721,1174571,0.146133,38119,1368956,0.170317,51027,2543527,0.31645,8037679
4,2021-03-10,93031,3961940,47957,2109014,37490,1831245,7584,21681,46724,1183615,0.147258,46079,1415035,0.17605,55123,2598650,0.323309,8037679
4,2021-03-11,101999,4063939,53441,2162455,39991,1871236,8567,30248,47015,1185403,0.147481,54688,1469723,0.182854,56476,2655126,0.330335,8037679
4,2021-03-12,105848,4169787,52076,2214531,43342,1914578,10430,40678,45258,1181475,0.146992,60275,1529998,0.190353,56347,2711473,0.337345,8037679
4,2021-03-13,82431,4252218,38147,2252678,35718,1950296,8566,49244,38962,1186604,0.14763,43314,1573312,0.195742,48443,2759916,0.343372,8037679
4,2021-03-14,50246,4302464,28618,2281296,17969,1968265,3659,52903,23476,1187612,0.147756,26662,1599974,0.199059,27670,2787586,0.346815,8037679
4,2021-03-15,84512,4386976,45447,2326743,34739,2003004,4326,57229,42824,1194116,0.148565,41381,1641355,0.204208,47885,2835471,0.352772,8037679
4,2021-03-16,108889,4495865,56667,2383410,48773,2051777,3449,60678,57173,1203918,0.149784,51433,1692788,0.210607,61235,2896706,0.360391,8037679
4,2021-03-17,108467,4604332,58385,2441795,46547,2098324,3535,64213,63280,1226304,0.152569,44886,1737674,0.216191,67272,2963978,0.36876,8037679
4,2021-03-18,108260,4712592,60056,2501851,44455,2142779,3749,67962,61042,1244522,0.154836,46920,1784594,0.222029,65138,3029116,0.376865,8037679
4,2021-03-19,112711,4825303,64850,2566701,42601,2185380,5260,73222,63748,1265176,0.157406,48651,1833245,0.228081,69305,3098421,0.385487,8037679
4,2021-03-20,85113,4910416,49829,2616530,32225,2217605,3059,76281,51846,1287266,0.160154,33064,1866309,0.232195,55154,3153575,0.392349,8037679
4,2021-03-21,48691,4959107,35292,2651822,11137,2228742,2262,78543,28357,1298019,0.161492,20183,1886492,0.234706,30936,3184511,0.396198,8037679
4,2021-03-22,83441,5042548,54439,2706261,26242,2254984,2760,81303,51427,1321146,0.164369,31728,1918220,0.238653,54855,3239366,0.403023,8037679
4,2021-03-23,106166,5148714,63580,2769841,40400,2295384,2186,83489,62104,1342194,0.166988,43760,1961980,0.244098,64808,3304174,0.411086,8037679
4,2021-03-24,114918,5263632,74102,2843943,38349,2333733,2467,85956,63845,1358305,0.168992,50594,2012574,0.250392,66705,3370879,0.419385,8037679
4,2021-03-25,118606,5382238,72960,2916903,43178,2376911,2468,88424,66399,1375940,0.171186,51690,2064264,0.256823,69325,3440204,0.42801,8037679
4,2021-03-26,121281,5503519,73521,2990424,44692,2421603,3068,91492,65243,1389175,0.172833,55621,2119885,0.263743,68856,3509060,0.436576,8037679
4,2021-03-27,93112,5596631,54868,3045292,36418,2458021,1826,93318,46876,1392362,0.173229,45964,2165849,0.269462,49151,3558211,0.442691,8037679
4,2021-03-28,56429,5653060,37290,3082582,18255,2476276,884,94202,29652,1396682,0.173767,26579,2192428,0.272769,30899,3589110,0.446536,8037679
4,2021-03-29,94981,5748041,56866,3139448,36003,2512279,2112,96314,50722,1406098,0.174938,43963,2236391,0.278238,53379,3642489,0.453177,8037679
4,2021-03-30,118612,5866653,64755,3204203,49645,2561924,4212,100526,69641,1431637,0.178116,48683,2285074,0.284295,74222,3716711,0.462411,8037679
4,2021-03-31,122363,5989016,72200,3276403,43812,2605736,6351,106877,68087,1452344,0.180692,53880,2338954,0.290999,74587,3791298,0.471691,8037679
4,2021-04-01,144136,6133152,82080,3358483,48619,2654355,13437,120314,84431,1490792,0.185475,59133,2398087,0.298356,97581,3888879,0.483831,8037679
4,2021-04-02,137936,6271088,73699,3432182,50548,2704903,13689,134003,79221,1525276,0.189766,58379,2456466,0.305619,92863,3981742,0.495385,8037679
4,2021-04-03,101949,6373037,54483,3486665,33922,2738825,13544,147547,53112,1543232,0.192,48608,2505074,0.311666,66564,4048306,0.503666,8037679
4,2021-04-04,47195,6420232,24933,3511598,14703,2753528,7559,155106,20526,1544553,0.192164,26538,2531612,0.314968,27859,4076165,0.507132,8037679
4,2021-04-05,110765,6530997,62142,3573740,35642,2789170,12981,168087,57330,1562007,0.194336,53173,2584785,0.321584,70627,4146792,0.515919,8037679
4,2021-04-06,140118,6671115,78837,3652577,41333,2830503,19948,188035,72507,1587454,0.197502,67343,2652128,0.329962,92790,4239582,0.527463,8037679
4,2021-04-07,138842,6809957,78695,3731272,39258,2869761,20889,208924,71703,1613222,0.200707,66847,2718975,0.338279,92615,4332197,0.538986,8037679
4,2021-04-08,141314,6951271,78705,3809977,36953,2906714,25656,234580,70395,1638886,0.2039,70571,2789546,0.347059,96235,4428432,0.550959,8037679
4,2021-04-09,138908,7090179,76094,3886071,39560,2946274,23254,257834,66264,1656738,0.206121,72351,2861897,0.35606,90203,4518635,0.562182,8037679
4,2021-04-10,104603,7194782,51559,3937630,33991,2980265,19053,276887,47208,1666635,0.207353,57157,2919054,0.363171,67054,4585689,0.570524,8037679
4,2021-04-11,63129,7257911,38322,3975952,13526,2993791,11281,288168,27618,1671060,0.207903,35379,2954433,0.367573,39804,4625493,0.575476,8037679
4,2021-04-12,103721,7361632,62984,4038936,30409,3024200,10328,298496,52170,1683487,0.209449,51206,3005639,0.373944,63633,4689126,0.583393,8037679
4,2021-04-13,131376,7493008,82423,4121359,48787,3072987,166,298662,78345,1710167,0.212769,52702,3058341,0.380501,79382,4768508,0.593269,8037679
4,2021-04-14,136931,7629939,87381,4208740,49469,3122456,81,298743,75605,1726138,0.214756,60953,3119294,0.388084,76924,4845432,0.60284,8037679
4,2021-04-15,157163,7787102,104455,4313195,52628,3175084,80,298823,95969,1762227,0.219246,60763,3180057,0.395644,96852,4942284,0.614889,8037679
4,2021-04-16,144438,7931540,91528,4404723,52826,3227910,84,298907,83600,1786167,0.222224,60475,3240532,0.403168,84415,5026699,0.625392,8037679
4,2021-04-17,102034,8033574,64062,4468785,37944,3265854,28,298935,59588,1804818,0.224545,42138,3282670,0.40841,60789,5087488,0.632955,8037679
4,2021-04-18,57454,8091028,38910,4507695,18539,3284393,5,298940,32207,1812910,0.225551,25087,3307757,0.411531,33179,5120667,0.637083,8037679
4,2021-04-19,101726,8192754,66979,4574674,34724,3319117,23,298963,51363,1814812,0.225788,50090,3357847,0.417763,51992,5172659,0.643551,8037679
4,2021-04-20,132037,8324791,78603,4653277,53411,3372528,23,298986,68235,1820739,0.226525,63430,3421277,0.425655,69357,5242016,0.65218,8037679
4,2021-04-21,135299,8460090,88300,4741577,46933,3419461,66,299052,67867,1822817,0.226784,66982,3488259,0.433988,69060,5311076,0.660772,8037679
4,2021-04-22,142432,8602522,94517,4836094,47890,3467351,25,299077,63422,1808843,0.225045,78567,3566826,0.443763,64593,5375669,0.668809,8037679
4,2021-04-23,135811,8738333,88379,4924473,47406,3514757,26,299103,58702,1792074,0.222959,76712,3643538,0.453307,59943,5435612,0.676266,8037679
4,2021-04-24,99414,8837747,67100,4991573,32260,3547017,54,299157,45640,1785408,0.22213,53450,3696988,0.459957,46784,5482396,0.682087,8037679
4,2021-04-25,50643,8888390,35706,5027279,14911,3561928,26,299183,26379,1788178,0.222474,24102,3721090,0.462956,26872,5509268,0.68543,8037679
4,2021-04-26,92651,8981041,60772,5088051,31470,3593398,409,299592,36269,1770164,0.220233,56043,3777133,0.469928,38029,5547297,0.690162,8037679
4,2021-04-27,114504,9095545,70006,5158057,42163,3635561,2335,301927,41091,1741334,0.216646,73070,3850203,0.479019,44240,5591537,0.695666,8037679
4,2021-04-28,105150,9200695,68669,5226726,33928,3669489,2553,304480,38327,1716442,0.213549,66450,3916653,0.487287,41558,5633095,0.700836,8037679
4,2021-04-29,106618,9307313,68085,5294811,35986,3705475,2547,307027,34287,1681935,0.209256,71949,3988602,0.496238,37442,5670537,0.705494,8037679
4,2021-04-30,106323,9413636,67318,5362129,36281,3741756,2724,309751,36415,1652272,0.205566,69473,4058075,0.504881,39810,5710347,0.710447,8037679
4,2021-05-01,70210,9483846,46571,5408700,21849,3763605,1790,311541,20452,1625724,0.202263,49427,4107502,0.511031,22879,5733226,0.713294,8037679
4,2021-05-02,37873,9521719,26883,5435583,9689,3773294,1301,312842,10576,1610578,0.200378,27163,4134665,0.51441,12017,5745243,0.714789,8037679
4,2021-05-03,79689,9601408,55560,5491143,21623,3794917,2506,315348,19238,1572513,0.195643,60165,4194830,0.521896,22100,5767343,0.717538,8037679
4,2021-05-04,101921,9703329,69748,5560891,29380,3824297,2793,318141,22680,1519475,0.189044,78904,4273734,0.531712,25866,5793209,0.720756,8037679
4,2021-05-05,102758,9806087,72427,5633318,27568,3851865,2763,320904,21819,1463785,0.182115,80574,4354308,0.541737,24884,5818093,0.723852,8037679
4,2021-05-06,112593,9918680,84362,5717680,25272,3877137,2959,323863,19590,1394976,0.173555,92483,4446791,0.553243,23674,5841767,0.726798,8037679
4,2021-05-07,105486,10024166,75817,5793497,26977,3904114,2692,326555,20650,1334305,0.166006,84426,4531217,0.563747,23755,5865522,0.729753,8037679
4,2021-05-08,70218,10094384,48430,5841927,19850,3923964,1938,328493,13806,1294230,0.16102,56164,4587381,0.570735,16089,5881611,0.731755,8037679
4,2021-05-09,34530,10128914,28245,5870172,5335,3929299,950,329443,7378,1275614,0.158704,27036,4614417,0.574098,8420,5890031,0.732802,8037679
4,2021-05-10,65480,10194394,43829,5914001,19310,3948609,2341,331784,11043,1235097,0.153663,54196,4668613,0.580841,13679,5903710,0.734504,8037679
4,2021-05-11,83718,10278112,52410,5966411,29103,3977712,2205,333989,15834,1186064,0.147563,67614,4736227,0.589253,18581,5922291,0.736816,8037679
4,2021-05-12,80205,10358317,53332,6019743,24390,4002102,2483,336472,16625,1142367,0.142126,63255,4799482,0.597123,19558,5941849,0.739249,8037679
4,2021-05-13,105235,10463552,77418,6097161,26274,4028376,1543,338015,40667,1121426,0.139521,64209,4863691,0.605111,43268,5985117,0.744632,8037679
4,2021-05-14,105564,10569116,74473,6171634,28951,4057327,2140,340155,40561,1100009,0.136857,64651,4928342,0.613155,43234,6028351,0.750011,8037679
4,2021-05-15,86151,10655267,66580,6238214,18231,4075558,1340,341495,37939,1091653,0.135817,47941,4976283,0.619119,39585,6067936,0.754936,8037679
4,2021-05-16,51892,10707159,41793,6280007,9380,4084938,719,342214,21259,1083307,0.134779,30467,5006750,0.62291,22121,6090057,0.757689,8037679
4,2021-05-17,71484,10778643,52227,6332234,17409,4102347,1848,344062,28191,1070519,0.133188,43068,5049818,0.628268,30280,6120337,0.761456,8037679
4,2021-05-18,82189,10860832,53432,6385666,27001,4129348,1756,345818,29314,1049474,0.130569,52492,5102310,0.634799,31447,6151784,0.765368,8037679
4,2021-05-19,77242,10938074,52195,6437861,23092,4152440,1955,347773,30978,1036750,0.128986,45939,5148249,0.640514,33215,6184999,0.769501,8037679
4,2021-05-20,69490,11007564,44677,6482538,22804,4175244,2009,349782,25725,1021379,0.127074,43455,5191704,0.645921,28084,6213083,0.772995,8037679
4,2021-05-21,74219,11081783,48911,6531449,23417,4198661,1891,351673,26125,1001898,0.12465,47762,5239466,0.651863,28281,6241364,0.776513,8037679
4,2021-05-22,50226,11132009,35230,6566679,13720,4212381,1276,352949,21771,996911,0.12403,28275,5267741,0.655381,23288,6264652,0.779411,8037679
4,2021-05-23,24019,11156028,17129,6583808,6165,4218546,725,353674,9732,993322,0.123583,14157,5281898,0.657142,10568,6275220,0.780725,8037679
4,2021-05-24,43337,11199365,27548,6611356,12773,4231319,3016,356690,15158,983757,0.122393,27941,5309839,0.660618,18376,6293596,0.783012,8037679
4,2021-05-25,45255,11244620,28152,6639508,14263,4245582,2840,359530,16003,973842,0.12116,28983,5338822,0.664224,19068,6312664,0.785384,8037679
4,2021-05-26,44959,11289579,26948,6666456,15396,4260978,2615,362145,15953,963818,0.119912,28764,5367586,0.667803,18740,6331404,0.787715,8037679
4,2021-05-27,39180,11328759,23495,6689951,12537,4273515,3148,365293,14732,957635,0.119143,24227,5391813,0.670817,18044,6349448,0.78996,8037679
4,2021-05-28,43706,11372465,27806,6717757,14281,4287796,1619,366912,18998,954051,0.118697,24419,5416232,0.673855,20835,6370283,0.792553,8037679
4,2021-05-29,23840,11396305,15474,6733231,7432,4295228,934,367846,10887,953215,0.118593,12793,5429025,0.675447,11957,6382240,0.79404,8037679
4,2021-05-30,12119,11408424,8511,6741742,3078,4298306,530,368376,5019,951812,0.118419,7019,5436044,0.67632,5616,6387856,0.794739,8037679
4,2021-05-31,3649,11412073,2321,6744063,1164,4299470,164,368540,1166,950744,0.118286,2419,5438463,0.676621,1351,6389207,0.794907,8037679
4,2021-06-01,39727,11451800,24692,6768755,12575,4312045,2460,371000,13076,940094,0.116961,26400,5464863,0.679906,15750,6404957,0.796866,8037679
4,2021-06-02,32913,11484713,20550,6789305,9541,4321586,2822,373822,10981,932308,0.115992,21733,5486596,0.682609,13947,6418904,0.798602,8037679
4,2021-06-03,48534,11533247,37252,6826557,8809,4330395,2473,376295,10472,907690,0.112929,37874,5524470,0.687322,13256,6432160,0.800251,8037679
4,2021-06-04,55360,11588607,44574,6871131,9449,4339844,1337,377632,12898,880533,0.109551,42208,5566678,0.692573,15051,6447211,0.802123,8037679
4,2021-06-05,45102,11633709,38628,6909759,5477,4345321,997,378629,8788,854470,0.106308,36150,5602828,0.69707,10087,6457298,0.803378,8037679
4,2021-06-06,21290,11654999,18990,6928749,1732,4347053,568,379197,3911,842082,0.104767,17266,5620094,0.699219,4878,6462176,0.803985,8037679
4,2021-06-07,38977,11693976,31532,6960281,5502,4352555,1943,381140,8530,822547,0.102336,30300,5650394,0.702988,10765,6472941,0.805325,8037679
4,2021-06-08,40739,11734715,31959,6992240,6229,4358784,2551,383691,9449,803797,0.100004,31090,5681484,0.706856,12340,6485281,0.80686,8037679
4,2021-06-09,39076,11773791,30977,7023217,5726,4364510,2373,386064,7942,783514,0.09748,30953,5712437,0.710707,10670,6495951,0.808187,8037679
4,2021-06-10,37288,11811079,29370,7052587,5289,4369799,2629,388693,8415,766120,0.095316,28701,5741138,0.714278,11307,6507258,0.809594,8037679
4,2021-06-11,38550,11849629,30243,7082830,6287,4376086,2020,390713,9941,750003,0.093311,28430,5769568,0.717815,12313,6519571,0.811126,8037679
4,2021-06-12,26804,11876433,22301,7105131,3784,4379870,719,391432,6106,736465,0.091627,20583,5790151,0.720376,7045,6526616,0.812003,8037679
4,2021-06-13,10893,11887326,8609,7113740,1803,4381673,481,391913,2288,730807,0.090923,8536,5798687,0.721438,2878,6529494,0.812361,8037679
4,2021-06-14,28793,11916119,21542,7135282,4439,4386112,2812,394725,7860,720914,0.089692,20782,5819469,0.724024,10889,6540383,0.813715,8037679
4,2021-06-15,30201,11946320,21374,7156656,5415,4391527,3412,398137,8356,711274,0.088492,21661,5841130,0.726718,12021,6552404,0.815211,8037679
4,2021-06-16,26833,11973153,20239,7176895,3966,4395493,2628,400765,8113,703697,0.08755,18528,5859658,0.729024,10951,6563355,0.816573,8037679
4,2021-06-17,25268,11998421,18664,7195559,3703,4399196,2901,403666,7672,697066,0.086725,17395,5877053,0.731188,10764,6574119,0.817913,8037679
4,2021-06-18,26785,12025206,21110,7216669,4439,4403635,1236,404902,8223,688423,0.085649,18350,5895403,0.733471,9707,6583826,0.81912,8037679
4,2021-06-19,15797,12041003,12774,7229443,2313,4405948,710,405612,5063,683780,0.085072,10584,5905987,0.734788,5941,6589767,0.819859,8037679
4,2021-06-20,7378,12048381,6073,7235516,997,4406945,308,405920,2620,682096,0.084862,4696,5910683,0.735372,3012,6592779,0.820234,8037679
4,2021-06-21,14619,12063000,10564,7246080,2907,4409852,1148,407068,7334,683546,0.085043,7191,5917874,0.736267,8641,6601420,0.821309,8037679
4,2021-06-22,20533,12083533,15990,7262070,3463,4413315,1080,408148,7097,678577,0.084424,13297,5931171,0.737921,8328,6609748,0.822345,8037679
4,2021-06-23,18457,12101990,14478,7276548,2979,4416294,1000,409148,6705,674800,0.083955,11608,5942779,0.739365,7831,6617579,0.82332,8037679
4,2021-06-24,17667,12119657,13665,7290213,3011,4419305,991,410139,6570,671563,0.083552,10935,5953714,0.740726,7698,6625277,0.824277,8037679
4,2021-06-25,21702,12141359,17053,7307266,3598,4422903,1051,411190,7835,666898,0.082971,13720,5967434,0.742432,9055,6634332,0.825404,8037679
4,2021-06-26,13138,12154497,10698,7317964,1823,4424726,617,411807,4839,664291,0.082647,8175,5975609,0.74345,5568,6639900,0.826097,8037679
4,2021-06-27,6895,12161392,5588,7323552,965,4425691,342,412149,2901,663635,0.082566,3954,5979563,0.743942,3298,6643198,0.826507,8037679
4,2021-06-28,15208,12176600,12766,7336318,1581,4427272,861,413010,6101,661720,0.082327,9005,5988568,0.745062,7090,6650288,0.827389,8037679
4,2021-06-29,16584,12193184,12870,7349188,2899,4430171,815,413825,6413,659027,0.081992,10042,5998610,0.746311,7349,6657637,0.828303,8037679
4,2021-06-30,14702,12207886,11467,7360655,2497,4432668,738,414563,6117,657551,0.081809,8450,6007060,0.747363,6974,6664611,0.829171,8037679
4,2021-07-01,14645,12222531,11543,7372198,2351,4435019,751,415314,6025,655975,0.081612,8489,6015549,0.748419,6913,6671524,0.830031,8037679
4,2021-07-02,16999,12239530,13473,7385671,2751,4437770,775,416089,6977,653946,0.08136,9910,6025459,0.749652,7881,6679405,0.831012,8037679
4,2021-07-03,9254,12248784,7349,7393020,1494,4439264,411,416500,3999,653243,0.081273,5171,6030630,0.750295,4468,6683873,0.831568,8037679
4,2021-07-04,449,12249233,280,7393300,108,4439372,61,416561,199,653271,0.081276,243,6030873,0.750325,271,6684144,0.831601,8037679
4,2021-07-05,9237,12258470,7509,7400809,1312,4440684,416,416977,4183,652947,0.081236,4972,6035845,0.750944,4648,6688792,0.83218,8037679
4,2021-07-06,16647,12275117,13122,7413931,2716,4443400,809,417786,6145,649645,0.080825,10366,6046211,0.752233,7064,6695856,0.833058,8037679
4,2021-07-07,13814,12288931,10778,7424709,2252,4445652,784,418570,5198,647250,0.080527,8499,6054710,0.753291,6104,6701960,0.833818,8037679
4,2021-07-08,13285,12302216,10369,7435078,2079,4447731,837,419407,5209,645442,0.080302,7945,6062655,0.754279,6137,6708097,0.834581,8037679
4,2021-07-09,15526,12317742,11903,7446981,2684,4450415,939,420346,6319,643763,0.080093,9054,6071709,0.755406,7375,6715472,0.835499,8037679
4,2021-07-10,8890,12326632,7035,7454016,1450,4451865,405,420751,3746,642917,0.079988,5056,6076765,0.756035,4210,6719682,0.836023,8037679
4,2021-07-11,4989,12331621,3994,7458010,795,4452660,200,420951,2235,642673,0.079958,2709,6079474,0.756372,2465,6722147,0.836329,8037679
4,2021-07-12,13109,12344730,10381,7468391,2000,4454660,728,421679,5093,640662,0.079707,7933,6087407,0.757359,5922,6728069,0.837066,8037679
4,2021-07-13,12888,12357618,9868,7478259,2381,4457041,639,422318,5491,639595,0.079575,7293,6094700,0.758266,6226,6734295,0.837841,8037679
4,2021-07-14,11805,12369423,9283,7487542,1962,4459003,560,422878,5120,638752,0.07947,6590,6101290,0.759086,5747,6740042,0.838556,8037679
4,2021-07-15,12481,12381904,9915,7497457,1975,4460978,591,423469,5682,638428,0.079429,6672,6107962,0.759916,6348,6746390,0.839346,8037679
4,2021-07-16,15062,12396966,11748,7509205,2644,4463622,670,424139,6950,638149,0.079395,8007,6115969,0.760912,7728,6754118,0.840307,8037679
4,2021-07-17,9382,12406348,7422,7516627,1634,4465256,326,424465,4434,638104,0.079389,4849,6120818,0.761516,4804,6758922,0.840905,8037679
4,2021-07-18,5376,12411724,4331,7520958,845,4466101,200,424665,2534,638076,0.079386,2783,6123601,0.761862,2755,6761677,0.841247,8037679
4,2021-07-19,12871,12424595,10198,7531156,2015,4468116,658,425323,6114,638264,0.079409,6661,6130262,0.762691,6849,6768526,0.8421,8037679
4,2021-07-20,13898,12438493,10708,7541864,2520,4470636,670,425993,6872,639009,0.079502,6878,6137140,0.763546,7623,6776149,0.843048,8037679
4,2021-07-21,12870,12451363,9975,7551839,2242,4472878,653,426646,6408,639802,0.0796,6323,6143463,0.764333,7116,6783265,0.843933,8037679
4,2021-07-22,13572,12464935,10587,7562426,2321,4475199,664,427310,7057,641210,0.079776,6375,6149838,0.765126,7783,6791048,0.844902,8037679
4,2021-07-23,15791,12480726,12173,7574599,2916,4478115,702,428012,8272,642923,0.079989,7348,6157186,0.76604,9061,6800109,0.846029,8037679
4,2021-07-24,9626,12490352,7532,7582131,1762,4479877,332,428344,4954,643724,0.080088,4535,6161721,0.766605,5336,6805445,0.846693,8037679
4,2021-07-25,4794,12495146,3769,7585900,866,4480743,159,428503,3373,645910,0.08036,1361,6163082,0.766774,3547,6808992,0.847134,8037679
4,2021-07-26,13062,12508208,10226,7596126,2149,4482892,687,429190,7600,648944,0.080738,5306,6168388,0.767434,8340,6817332,0.848172,8037679
4,2021-07-27,14455,12522663,11080,7607206,2610,4485502,765,429955,7802,651061,0.081001,6491,6174879,0.768242,8608,6825940,0.849243,8037679
4,2021-07-28,13269,12535932,10114,7617320,2452,4487954,703,430658,7361,653449,0.081298,5732,6180611,0.768955,8120,6834060,0.850253,8037679
4,2021-07-29,13552,12549484,10529,7627849,2305,4490259,718,431376,7609,656140,0.081633,5712,6186323,0.769665,8403,6842463,0.851298,8037679
4,2021-07-30,15851,12565335,12122,7639971,2921,4493180,808,432184,8596,658765,0.08196,6881,6193204,0.770521,9506,6851969,0.852481,8037679
4,2021-07-31,9765,12575100,7613,7647584,1725,4494905,427,432611,5511,660692,0.082199,4052,6197256,0.771026,5979,6857948,0.853225,8037679
4,2021-08-01,5443,12580543,4490,7652074,783,4495688,170,432781,3208,661986,0.08236,2118,6199374,0.771289,3412,6861360,0.853649,8037679
4,2021-08-02,14111,12594654,11265,7663339,2102,4497790,744,433525,8236,665370,0.082781,5666,6205040,0.771994,9050,6870410,0.854775,8037679
4,2021-08-03,14714,12609368,11301,7674640,2645,4500435,768,434293,8458,668636,0.083188,6035,6211075,0.772745,9301,6879711,0.855933,8037679
4,2021-08-04,13389,12622757,10428,7685068,2267,4502702,694,434987,7563,671321,0.083522,5614,6216689,0.773443,8299,6888010,0.856965,8037679
4,2021-08-05,14362,12637119,11339,7696407,2256,4504958,767,435754,8070,674167,0.083876,6041,6222730,0.774195,8887,6896897,0.858071,8037679
4,2021-08-06,17272,12654391,13245,7709652,3151,4508109,876,436630,9610,677389,0.084277,7331,6230061,0.775107,10553,6907450,0.859384,8037679
4,2021-08-07,10203,12664594,8114,7717766,1647,4509756,442,437072,5571,678989,0.084476,4454,6234515,0.775661,6054,6913504,0.860137,8037679
4,2021-08-08,6249,12670843,4969,7722735,1076,4510832,204,437276,3596,680303,0.084639,2516,6237031,0.775974,3830,6917334,0.860613,8037679
4,2021-08-09,14703,12685546,11910,7734645,2046,4512878,747,438023,7872,682398,0.0849,6599,6243630,0.776795,8694,6926028,0.861695,8037679
4,2021-08-10,14872,12700418,11440,7746085,2664,4515542,768,438791,7837,684284,0.085135,6784,6250414,0.777639,8670,6934698,0.862774,8037679
4,2021-08-11,12666,12713084,9712,7755797,2183,4517725,771,439562,6614,685910,0.085337,5789,6256203,0.778359,7415,6942113,0.863696,8037679
4,2021-08-12,14173,12727257,10784,7766581,2626,4520351,763,440325,7281,687463,0.08553,6536,6262739,0.779173,8089,6950202,0.864703,8037679
4,2021-08-13,17826,12745083,13192,7779773,3729,4524080,905,441230,8785,688856,0.085703,8369,6271108,0.780214,9762,6959964,0.865917,8037679
4,2021-08-14,12271,12757354,8753,7788526,2997,4527077,521,441751,5573,690016,0.085848,4997,6276105,0.780835,6157,6966121,0.866683,8037679
4,2021-08-15,7488,12764842,5476,7794002,1789,4528866,223,441974,3314,690684,0.085931,2914,6279019,0.781198,3582,6969703,0.867129,8037679
4,2021-08-16,18173,12783015,12593,7806595,4701,4533567,879,442853,7505,691643,0.08605,7503,6286522,0.782132,8462,6978165,0.868182,8037679
4,2021-08-17,18456,12801471,12545,7819140,5052,4538619,859,443712,7311,692385,0.086142,7511,6294033,0.783066,8253,6986418,0.869208,8037679
4,2021-08-18,18071,12819542,12163,7831303,5117,4543736,791,444503,6868,693121,0.086234,7002,6301035,0.783937,7738,6994156,0.870171,8037679
4,2021-08-19,18433,12837975,12276,7843579,5367,4549103,790,445293,6821,693957,0.086338,6857,6307892,0.78479,7693,7001849,0.871128,8037679
4,2021-08-20,23275,12861250,15729,7859308,6700,4555803,846,446139,8301,694024,0.086346,9197,6317089,0.785934,9264,7011113,0.872281,8037679
4,2021-08-21,14667,12875917,10248,7869556,4017,4559820,402,446541,4942,693636,0.086298,5798,6322887,0.786656,5410,7016523,0.872954,8037679
4,2021-08-22,8666,12884583,6141,7875697,2364,4562184,161,446702,3420,694084,0.086354,3183,6326070,0.787052,3631,7020154,0.873406,8037679
4,2021-08-23,20350,12904933,14303,7890000,5341,4567525,706,447408,7409,694422,0.086396,7966,6334036,0.788043,8304,7028458,0.874439,8037679
4,2021-08-24,19723,12924656,13939,7903939,5118,4572643,666,448074,6943,694349,0.086387,7836,6341872,0.789018,7763,7036221,0.875405,8037679
4,2021-08-25,18174,12942830,12807,7916746,4739,4577382,628,448702,6547,694726,0.086434,6963,6348835,0.789884,7340,7043561,0.876318,8037679
4,2021-08-26,18475,12961305,13010,7929756,4851,4582233,614,449316,6334,694542,0.086411,7262,6356097,0.790788,7078,7050639,0.877198,8037679
4,2021-08-27,22820,12984125,16306,7946062,5846,4588079,668,449984,7622,693404,0.086269,9634,6365731,0.791986,8496,7059135,0.878255,8037679
4,2021-08-28,14117,12998242,10086,7956148,3674,4591753,357,450341,4730,692728,0.086185,5877,6371608,0.792717,5201,7064336,0.878902,8037679
4,2021-08-29,8346,13006588,5968,7962116,2276,4594029,102,450443,2903,692352,0.086138,3455,6375063,0.793147,3079,7067415,0.879286,8037679
4,2021-08-30,18417,13025005,12863,7974979,4948,4598977,606,451049,5902,691446,0.086026,7568,6382631,0.794089,6662,7074077,0.880114,8037679
4,2021-08-31,8275,13033280,5508,7980487,2295,4601272,472,451521,2042,690786,0.085943,3210,6385841,0.794488,2550,7076627,0.880432,8037679
