vemquartile,administered_date,total_doses,cumulative_total_doses,pfizer_doses,cumulative_pfizer_doses,moderna_doses,cumulative_moderna_doses,jj_doses,cumulative_jj_doses,partially_vaccinated,total_partially_vaccinated,pct_age12pop_partially_vaccinated,fully_vaccinated,cumulative_fully_vaccinated,pct_age12pop_fully_vaccinated,at_least_one_dose,cumulative_at_least_one_dose,pct_age12pop_at_least_one_dose,age12_population
1,2020-12-15,154,154,154,154,0,0,0,0,154,154,1.8e-05,0,0,0.0,154,154,1.8e-05,8700223
1,2020-12-16,1256,1410,1256,1410,0,0,0,0,1255,1409,0.000162,0,0,0.0,1255,1409,0.000162,8700223
1,2020-12-17,4164,5574,4164,5574,0,0,0,0,4165,5574,0.000641,0,0,0.0,4165,5574,0.000641,8700223
1,2020-12-18,6401,11975,6377,11951,24,24,0,0,6406,11979,0.001377,1,1,0.0,6406,11980,0.001377,8700223
1,2020-12-19,2888,14863,2885,14836,3,27,0,0,2887,14865,0.001709,1,2,0.0,2887,14867,0.001709,8700223
1,2020-12-20,2134,16997,2122,16958,12,39,0,0,2136,17001,0.001954,0,2,0.0,2136,17003,0.001954,8700223
1,2020-12-21,7691,24688,7671,24629,20,59,0,0,7740,24741,0.002844,1,3,0.0,7741,24744,0.002844,8700223
1,2020-12-22,7364,32052,7015,31644,349,408,0,0,7364,32103,0.00369,2,5,1e-06,7364,32108,0.00369,8700223
1,2020-12-23,7923,39975,6646,38290,1277,1685,0,0,7921,40023,0.0046,2,7,1e-06,7922,40030,0.004601,8700223
1,2020-12-24,3311,43286,2364,40654,947,2632,0,0,3312,43335,0.004981,0,7,1e-06,3312,43342,0.004982,8700223
1,2020-12-25,239,43525,155,40809,84,2716,0,0,239,43574,0.005008,0,7,1e-06,239,43581,0.005009,8700223
1,2020-12-26,1378,44903,980,41789,398,3114,0,0,1377,44950,0.005167,1,8,1e-06,1377,44958,0.005167,8700223
1,2020-12-27,883,45786,547,42336,336,3450,0,0,883,45832,0.005268,1,9,1e-06,883,45841,0.005269,8700223
1,2020-12-28,7135,52921,4790,47126,2345,5795,0,0,7132,52964,0.006088,0,9,1e-06,7132,52973,0.006089,8700223
1,2020-12-29,9078,61999,5056,52182,4022,9817,0,0,9074,62036,0.00713,2,11,1e-06,9074,62047,0.007132,8700223
1,2020-12-30,11775,73774,6557,58739,5218,15035,0,0,11771,73804,0.008483,3,14,2e-06,11771,73818,0.008485,8700223
1,2020-12-31,6052,79826,1970,60709,4082,19117,0,0,6049,79849,0.009178,5,19,2e-06,6050,79868,0.00918,8700223
1,2021-01-01,647,80473,263,60972,384,19501,0,0,643,80490,0.009251,2,21,2e-06,643,80511,0.009254,8700223
1,2021-01-02,2937,83410,1773,62745,1164,20665,0,0,2937,83427,0.009589,0,21,2e-06,2937,83448,0.009591,8700223
1,2021-01-03,1064,84474,557,63302,507,21172,0,0,1062,84486,0.009711,3,24,3e-06,1062,84510,0.009714,8700223
1,2021-01-04,7413,91887,3610,66912,3803,24975,0,0,7416,91900,0.010563,2,26,3e-06,7416,91926,0.010566,8700223
1,2021-01-05,10992,102879,5299,72211,5693,30668,0,0,10191,101333,0.011647,783,809,9.3e-05,10216,102142,0.01174,8700223
1,2021-01-06,14171,117050,7100,79311,7071,37739,0,0,12216,111649,0.012833,1918,2727,0.000313,12234,114376,0.013146,8700223
1,2021-01-07,17632,134682,9166,88477,8466,46205,0,0,13108,120338,0.013832,4432,7159,0.000823,13121,127497,0.014654,8700223
1,2021-01-08,20229,154911,10470,98947,9759,55964,0,0,14257,128660,0.014788,5954,13113,0.001507,14276,141773,0.016295,8700223
1,2021-01-09,6709,161620,3417,102364,3292,59256,0,0,4828,131617,0.015128,1874,14987,0.001723,4831,146604,0.016851,8700223
1,2021-01-10,3108,164728,1772,104136,1336,60592,0,0,1909,132341,0.015211,1186,16173,0.001859,1910,148514,0.01707,8700223
1,2021-01-11,18210,182938,11899,116035,6311,66903,0,0,11583,137357,0.015788,6611,22784,0.002619,11627,160141,0.018407,8700223
1,2021-01-12,19249,202187,11017,127052,8232,75135,0,0,13182,144560,0.016616,6025,28809,0.003311,13228,173369,0.019927,8700223
1,2021-01-13,19902,222089,10762,137814,9140,84275,0,0,14720,154146,0.017717,5154,33963,0.003904,14740,188109,0.021621,8700223
1,2021-01-14,22191,244280,9541,147355,12650,96925,0,0,19344,170777,0.019629,2777,36740,0.004223,19408,207517,0.023852,8700223
1,2021-01-15,25300,269580,9272,156627,16028,112953,0,0,23334,192257,0.022098,1923,38663,0.004444,23403,230920,0.026542,8700223
1,2021-01-16,13961,283541,4573,161200,9388,122341,0,0,13059,204427,0.023497,894,39557,0.004547,13064,243984,0.028043,8700223
1,2021-01-17,5218,288759,2044,163244,3174,125515,0,0,4841,208895,0.02401,376,39933,0.00459,4844,248828,0.0286,8700223
1,2021-01-18,14417,303176,8652,171896,5765,131280,0,0,11200,216951,0.024936,3203,43136,0.004958,11259,260087,0.029894,8700223
1,2021-01-19,24834,328010,12941,184837,11893,143173,0,0,19539,231280,0.026583,5268,48404,0.005564,19597,279684,0.032147,8700223
1,2021-01-20,29524,357534,14789,199626,14735,157908,0,0,23543,248971,0.028617,5896,54300,0.006241,23587,303271,0.034858,8700223
1,2021-01-21,31397,388931,14802,214428,16595,174503,0,0,27996,273744,0.031464,3329,57629,0.006624,28102,331373,0.038088,8700223
1,2021-01-22,28508,417439,11342,225770,17166,191669,0,0,26398,298129,0.034267,2043,59672,0.006859,26428,357801,0.041125,8700223
1,2021-01-23,18726,436165,8207,233977,10519,202188,0,0,16756,312953,0.035971,1943,61615,0.007082,16767,374568,0.043053,8700223
1,2021-01-24,6685,442850,4170,238147,2515,204703,0,0,6020,318321,0.036588,657,62272,0.007158,6025,380593,0.043745,8700223
1,2021-01-25,25593,468443,10568,248715,15025,219728,0,0,19730,332352,0.0382,5814,68086,0.007826,19845,400438,0.046026,8700223
1,2021-01-26,28935,497378,13567,262282,15368,235096,0,0,22114,347734,0.039968,6759,74845,0.008603,22141,422579,0.048571,8700223
1,2021-01-27,32805,530183,15625,277907,17180,252276,0,0,24563,364214,0.041863,8172,83017,0.009542,24652,447231,0.051405,8700223
1,2021-01-28,35088,565271,16522,294429,18566,270842,0,0,28007,385341,0.044291,7011,90028,0.010348,28138,475369,0.054639,8700223
1,2021-01-29,33853,599124,16549,310978,17304,288146,0,0,27114,405963,0.046661,6590,96618,0.011105,27212,502581,0.057766,8700223
1,2021-01-30,20233,619357,8757,319735,11476,299622,0,0,18000,421849,0.048487,2200,98818,0.011358,18086,520667,0.059845,8700223
1,2021-01-31,7727,627084,5022,324757,2705,302327,0,0,7001,428136,0.04921,717,99535,0.011441,7004,527671,0.06065,8700223
1,2021-02-01,29216,656300,12606,337363,16610,318937,0,0,21305,441592,0.050756,7859,107394,0.012344,21315,548986,0.0631,8700223
1,2021-02-02,32874,689174,11880,349243,20994,339931,0,0,24531,457908,0.052632,8253,115647,0.013292,24569,573555,0.065924,8700223
1,2021-02-03,39764,728938,15289,364532,24475,364406,0,0,28508,475436,0.054646,11081,126728,0.014566,28609,602164,0.069212,8700223
1,2021-02-04,44228,773166,17225,381757,27003,391409,0,0,31777,495008,0.056896,12321,139049,0.015982,31893,634057,0.072878,8700223
1,2021-02-05,47078,820244,17211,398968,29867,421276,0,0,30712,509627,0.058576,16212,155261,0.017846,30831,664888,0.076422,8700223
1,2021-02-06,26673,846917,10555,409523,16118,437394,0,0,20677,524430,0.060278,5947,161208,0.018529,20750,685638,0.078807,8700223
1,2021-02-07,6323,853240,4072,413595,2251,439645,0,0,4666,527481,0.060628,1634,162842,0.018717,4685,690323,0.079345,8700223
1,2021-02-08,31804,885044,14509,428104,17295,456940,0,0,21135,538157,0.061856,10564,173406,0.019931,21240,711563,0.081787,8700223
1,2021-02-09,38690,923734,17061,445165,21629,478569,0,0,23759,547139,0.062888,14893,188299,0.021643,23875,735438,0.084531,8700223
1,2021-02-10,47484,971218,22201,467366,25283,503852,0,0,26959,553815,0.063655,20380,208679,0.023985,27056,762494,0.087641,8700223
1,2021-02-11,52218,1023436,25533,492899,26685,530537,0,0,31040,564120,0.06484,20861,229540,0.026383,31166,793660,0.091223,8700223
1,2021-02-12,50256,1073692,21627,514526,28629,559166,0,0,28783,571745,0.065716,21303,250843,0.028832,28928,822588,0.094548,8700223
1,2021-02-13,26513,1100205,11540,526066,14973,574139,0,0,15283,575948,0.066199,11159,262002,0.030114,15362,837950,0.096314,8700223
1,2021-02-14,11819,1112024,5588,531654,6231,580370,0,0,6715,577660,0.066396,5073,267075,0.030697,6785,844735,0.097093,8700223
1,2021-02-15,24044,1136068,9453,541107,14591,594961,0,0,14604,583066,0.067017,9315,276390,0.031768,14721,859456,0.098786,8700223
1,2021-02-16,47316,1183384,22550,563657,24766,619727,0,0,27485,590938,0.067922,19738,296128,0.034037,27610,887066,0.101959,8700223
1,2021-02-17,48651,1232035,24656,588313,23995,643722,0,0,26108,594817,0.068368,22382,318510,0.036609,26261,913327,0.104977,8700223
1,2021-02-18,51301,1283336,25689,614002,25612,669334,0,0,26495,597008,0.06862,24547,343057,0.039431,26738,940065,0.108051,8700223
1,2021-02-19,46785,1330121,25366,639368,21419,690753,0,0,26124,602704,0.069275,20492,363549,0.041786,26188,966253,0.111061,8700223
1,2021-02-20,27877,1357998,16924,656292,10953,701706,0,0,15868,606720,0.069736,11938,375487,0.043158,15954,982207,0.112894,8700223
1,2021-02-21,12471,1370469,10710,667002,1761,703467,0,0,7475,609317,0.070035,4931,380418,0.043725,7528,989735,0.11376,8700223
1,2021-02-22,31717,1402186,20807,687809,10910,714377,0,0,18170,614158,0.070591,13439,393857,0.04527,18280,1008015,0.115861,8700223
1,2021-02-23,45930,1448116,22364,710173,23566,737943,0,0,25145,619191,0.07117,20484,414341,0.047624,25517,1033532,0.118794,8700223
1,2021-02-24,55955,1504071,27006,737179,28949,766892,0,0,30718,625382,0.071881,24985,439326,0.050496,31176,1064708,0.122377,8700223
1,2021-02-25,68641,1572712,33360,770539,35281,802173,0,0,42412,642309,0.073827,25989,465315,0.053483,42916,1107624,0.12731,8700223
1,2021-02-26,76701,1649413,35967,806506,40734,842907,0,0,50013,666439,0.0766,26369,491684,0.056514,50499,1158123,0.133114,8700223
1,2021-02-27,52856,1702269,24288,830794,28558,871465,10,10,34639,683361,0.078545,17999,509683,0.058583,34921,1193044,0.137128,8700223
1,2021-02-28,20326,1722595,12077,842871,8247,879712,2,12,14851,692980,0.079651,5378,515061,0.059201,14997,1208041,0.138852,8700223
1,2021-03-01,46444,1769039,21489,864360,24891,904603,64,76,29797,706651,0.081222,16441,531502,0.061091,30112,1238153,0.142313,8700223
1,2021-03-02,64945,1833984,28076,892436,36858,941461,11,87,41281,725120,0.083345,23472,554974,0.063788,41941,1280094,0.147133,8700223
1,2021-03-03,72212,1906196,34354,926790,37827,979288,31,118,43843,741475,0.085225,28133,583107,0.067022,44488,1324582,0.152247,8700223
1,2021-03-04,80132,1986328,37540,964330,42555,1021843,37,155,51294,764739,0.087899,28585,611692,0.070308,51849,1376431,0.158206,8700223
1,2021-03-05,79273,2065601,35761,1000091,43305,1065148,207,362,52796,792229,0.091058,26165,637857,0.073315,53655,1430086,0.164373,8700223
1,2021-03-06,57972,2123573,27485,1027576,29143,1094291,1344,1706,39156,814425,0.09361,18669,656526,0.075461,40865,1470951,0.16907,8700223
1,2021-03-07,21020,2144593,13060,1040636,6762,1101053,1198,2904,15532,825943,0.094934,5462,661988,0.076089,16980,1487931,0.171022,8700223
1,2021-03-08,46197,2190790,22535,1063171,21704,1122757,1958,4862,32310,846770,0.097327,13773,675761,0.077672,34600,1522531,0.174999,8700223
1,2021-03-09,67088,2257878,32509,1095680,32064,1154821,2515,7377,41265,865239,0.09945,25637,701398,0.080618,44106,1566637,0.180069,8700223
1,2021-03-10,74085,2331963,36832,1132512,32746,1187567,4507,11884,45491,887132,0.101967,28446,729844,0.083888,50339,1616976,0.185855,8700223
1,2021-03-11,90335,2422298,41452,1173964,40847,1228414,8036,19920,52433,910390,0.10464,37646,767490,0.088215,60904,1677880,0.192855,8700223
1,2021-03-12,99194,2521492,43761,1217725,43115,1271529,12318,32238,57871,939914,0.108033,41080,808570,0.092937,70604,1748484,0.20097,8700223
1,2021-03-13,65352,2586844,29406,1247131,28230,1299759,7716,39954,41501,965715,0.110999,23703,832273,0.095661,49504,1797988,0.20666,8700223
1,2021-03-14,27985,2614829,14980,1262111,9436,1309195,3569,43523,15660,972879,0.111822,12241,844514,0.097068,19405,1817393,0.20889,8700223
1,2021-03-15,65320,2680149,28785,1290896,29782,1338977,6753,50276,38409,991698,0.113985,26678,871192,0.100134,45497,1862890,0.21412,8700223
1,2021-03-16,85845,2765994,39092,1329988,41092,1380069,5661,55937,53080,1018242,0.117036,32534,903726,0.103874,59078,1921968,0.22091,8700223
1,2021-03-17,93302,2859296,45504,1375492,41252,1421321,6546,62483,59942,1051974,0.120913,33100,936826,0.107678,66832,1988800,0.228592,8700223
1,2021-03-18,98910,2958206,50987,1426479,42205,1463526,5718,68201,59682,1079000,0.12402,38849,975675,0.112144,65875,2054675,0.236163,8700223
1,2021-03-19,103866,3062072,53840,1480319,43811,1507337,6215,74416,60570,1103321,0.126815,42973,1018648,0.117083,67294,2121969,0.243898,8700223
1,2021-03-20,72801,3134873,37182,1517501,30398,1537735,5221,79637,46652,1129514,0.129826,25948,1044596,0.120065,52141,2174110,0.249891,8700223
1,2021-03-21,27414,3162287,19061,1536562,6544,1544279,1809,81446,17041,1138182,0.130822,10268,1054864,0.121246,18936,2193046,0.252068,8700223
1,2021-03-22,59348,3221635,30687,1567249,25385,1569664,3276,84722,39848,1162400,0.133606,19269,1074133,0.12346,43487,2236533,0.257066,8700223
1,2021-03-23,83638,3305273,42595,1609844,37391,1607055,3652,88374,51180,1185496,0.13626,32184,1106317,0.12716,55280,2291813,0.26342,8700223
1,2021-03-24,88554,3393827,44724,1654568,39443,1646498,4387,92761,52650,1207106,0.138744,35577,1141894,0.131249,57187,2349000,0.269993,8700223
1,2021-03-25,97534,3491361,49843,1704411,41818,1688316,5873,98634,53929,1223860,0.14067,43245,1185139,0.136219,59999,2408999,0.276889,8700223
1,2021-03-26,105920,3597281,51493,1755904,48083,1736399,6344,104978,56699,1238367,0.142337,48828,1233967,0.141832,63335,2472334,0.284169,8700223
1,2021-03-27,74575,3671856,38464,1794368,31884,1768283,4227,109205,38337,1245129,0.143115,35993,1269960,0.145969,42755,2515089,0.289083,8700223
1,2021-03-28,32909,3704765,21518,1815886,10169,1778452,1222,110427,16452,1246913,0.14332,16337,1286297,0.147846,18121,2533210,0.291166,8700223
1,2021-03-29,68761,3773526,33851,1849737,31746,1810198,3164,113591,37829,1257427,0.144528,30687,1316984,0.151374,41201,2574411,0.295902,8700223
1,2021-03-30,93703,3867229,45798,1895535,41477,1851675,6428,120019,48031,1266523,0.145574,45423,1362407,0.156594,54519,2628930,0.302168,8700223
1,2021-03-31,102107,3969336,53052,1948587,42798,1894473,6257,126276,55929,1282927,0.147459,45820,1408227,0.161861,62224,2691154,0.30932,8700223
1,2021-04-01,113737,4083073,54191,2002778,50690,1945163,8856,135132,57681,1293952,0.148726,55531,1463758,0.168244,66556,2757710,0.31697,8700223
1,2021-04-02,112981,4196054,51478,2054256,51732,1996895,9771,144903,57278,1305948,0.150105,55254,1519012,0.174595,67250,2824960,0.3247,8700223
1,2021-04-03,78568,4274622,39363,2093619,29480,2026375,9725,154628,36833,1311023,0.150688,41527,1560539,0.179368,46602,2871562,0.330056,8700223
1,2021-04-04,23816,4298438,11864,2105483,8463,2034838,3489,158117,9908,1310580,0.150638,13826,1574365,0.180957,13383,2884945,0.331594,8700223
1,2021-04-05,77769,4376207,36923,2142406,31414,2066252,9432,167549,34895,1312405,0.150847,42636,1617001,0.185857,44461,2929406,0.336705,8700223
1,2021-04-06,104804,4481011,49469,2191875,38585,2104837,16750,184299,47349,1319372,0.151648,57121,1674122,0.192423,64088,2993494,0.344071,8700223
1,2021-04-07,112938,4593949,54633,2246508,40586,2145423,17719,202018,50877,1326233,0.152437,61711,1735833,0.199516,68572,3062066,0.351953,8700223
1,2021-04-08,123340,4717289,58279,2304787,43908,2189331,21153,223171,54471,1333443,0.153265,68419,1804252,0.20738,75629,3137695,0.360645,8700223
1,2021-04-09,124421,4841710,56646,2361433,46831,2236162,20944,244115,54546,1339450,0.153956,69477,1873729,0.215366,75484,3213179,0.369321,8700223
1,2021-04-10,97055,4938765,43179,2404612,30970,2267132,22906,267021,38464,1342374,0.154292,58355,1932084,0.222073,61279,3274458,0.376365,8700223
1,2021-04-11,36760,4975525,20423,2425035,9448,2276580,6889,273910,14875,1342423,0.154298,21806,1953890,0.224579,21855,3296313,0.378877,8700223
1,2021-04-12,75291,5050816,33601,2458636,31604,2308184,10086,283996,31976,1341612,0.154204,42995,1996885,0.229521,42184,3338497,0.383725,8700223
1,2021-04-13,98381,5149197,52531,2511167,45512,2353696,338,284334,53035,1350323,0.155206,45019,2041904,0.234696,53730,3392227,0.389901,8700223
1,2021-04-14,105276,5254473,54448,2565615,50748,2404444,80,284414,53433,1352779,0.155488,51428,2093332,0.240607,53884,3446111,0.396095,8700223
1,2021-04-15,105957,5360430,57540,2623155,48325,2452769,92,284506,56078,1359871,0.156303,49259,2142591,0.246269,56351,3502462,0.402572,8700223
1,2021-04-16,111209,5471639,56990,2680145,54128,2506897,91,284597,55451,1360423,0.156366,55184,2197775,0.252611,55736,3558198,0.408978,8700223
1,2021-04-17,83457,5555096,45264,2725409,38181,2545078,12,284609,46479,1370373,0.15751,36707,2234482,0.25683,46657,3604855,0.414341,8700223
1,2021-04-18,30577,5585673,20691,2746100,9879,2554957,7,284616,15289,1370686,0.157546,15192,2249674,0.258577,15505,3620360,0.416123,8700223
1,2021-04-19,67061,5652734,33893,2779993,33154,2588111,14,284630,30148,1364459,0.15683,36518,2286192,0.262774,30291,3650651,0.419604,8700223
1,2021-04-20,88277,5741011,44348,2824341,43904,2632015,25,284655,41035,1358870,0.156188,46849,2333041,0.268159,41260,3691911,0.424347,8700223
1,2021-04-21,97846,5838857,50976,2875317,46767,2678782,103,284758,43561,1349115,0.155067,53668,2386709,0.274327,43913,3735824,0.429394,8700223
1,2021-04-22,97664,5936521,50986,2926303,46659,2725441,19,284777,44610,1341455,0.154186,52510,2439219,0.280363,44850,3780674,0.434549,8700223
1,2021-04-23,102891,6039412,53118,2979421,49744,2775185,29,284806,48775,1336946,0.153668,53553,2492772,0.286518,49044,3829718,0.440186,8700223
1,2021-04-24,76730,6116142,47505,3026926,29197,2804382,28,284834,43157,1346999,0.154824,33396,2526168,0.290357,43449,3873167,0.44518,8700223
1,2021-04-25,27440,6143582,17465,3044391,9959,2814341,16,284850,15614,1351079,0.155292,11692,2537860,0.291701,15772,3888939,0.446993,8700223
1,2021-04-26,66448,6210030,34794,3079185,31246,2845587,408,285258,31379,1348473,0.154993,34731,2572591,0.295693,32125,3921064,0.450685,8700223
1,2021-04-27,81790,6291820,43405,3122590,37079,2882666,1306,286564,35321,1339296,0.153938,46148,2618739,0.300997,36971,3958035,0.454935,8700223
1,2021-04-28,81582,6373402,43321,3165911,36752,2919418,1509,288073,35611,1331055,0.152991,45585,2664324,0.306236,37344,3995379,0.459227,8700223
1,2021-04-29,85122,6458524,46787,3212698,36704,2956122,1631,289704,34529,1317203,0.151399,50182,2714506,0.312004,36330,4031709,0.463403,8700223
1,2021-04-30,92706,6551230,50126,3262824,40679,2996801,1901,291605,38485,1303906,0.14987,53839,2768345,0.318192,40542,4072251,0.468063,8700223
1,2021-05-01,63892,6615122,41119,3303943,21338,3018139,1435,293040,26894,1295742,0.148932,36707,2805052,0.322412,28543,4100794,0.471344,8700223
1,2021-05-02,23512,6638634,16657,3320600,6272,3024411,583,293623,9431,1291823,0.148482,13962,2819014,0.324016,10043,4110837,0.472498,8700223
1,2021-05-03,56486,6695120,31251,3351851,23377,3047788,1858,295481,20429,1278382,0.146937,35779,2854793,0.328129,22338,4133175,0.475065,8700223
1,2021-05-04,75923,6771043,43674,3395525,30149,3077937,2100,297581,27124,1259220,0.144734,48465,2903258,0.333699,29303,4162478,0.478433,8700223
1,2021-05-05,78540,6849583,45504,3441029,30729,3108666,2307,299888,26512,1236474,0.14212,51644,2954902,0.339635,28898,4191376,0.481755,8700223
1,2021-05-06,80130,6929713,48667,3489696,29280,3137946,2183,302071,24871,1208849,0.138945,54833,3009735,0.345938,27208,4218584,0.484882,8700223
1,2021-05-07,83685,7013398,47625,3537321,33864,3171810,2196,304267,27770,1183455,0.136026,55427,3065162,0.352308,30033,4248617,0.488334,8700223
1,2021-05-08,57645,7071043,36189,3573510,19800,3191610,1656,305923,19544,1166996,0.134134,37743,3102905,0.356647,21284,4269901,0.490781,8700223
1,2021-05-09,18378,7089421,13189,3586699,4709,3196319,480,306403,5560,1160344,0.133369,12729,3115634,0.35811,6077,4275978,0.491479,8700223
1,2021-05-10,44432,7133853,22474,3609173,20126,3216445,1832,308235,14801,1147743,0.131921,29325,3144959,0.36148,16724,4292702,0.493401,8700223
1,2021-05-11,63021,7196874,34267,3643440,26593,3243038,2161,310396,20671,1128655,0.129727,42037,3186996,0.366312,22949,4315651,0.496039,8700223
1,2021-05-12,63165,7260039,33559,3676999,27531,3270569,2075,312471,20715,1109418,0.127516,42088,3229084,0.37115,22851,4338502,0.498666,8700223
1,2021-05-13,67441,7327480,39580,3716579,25871,3296440,1990,314461,25646,1095953,0.125968,41386,3270470,0.375906,27921,4366423,0.501875,8700223
1,2021-05-14,77093,7404573,46458,3763037,28222,3324662,2413,316874,31085,1084163,0.124613,45570,3316040,0.381144,33780,4400203,0.505757,8700223
1,2021-05-15,67012,7471585,43999,3807036,21241,3345903,1772,318646,26669,1072674,0.123293,40000,3356040,0.385742,28511,4428714,0.509035,8700223
1,2021-05-16,25156,7496741,18544,3825580,5992,3351895,620,319266,10252,1068819,0.12285,14774,3370814,0.38744,10919,4439633,0.51029,8700223
1,2021-05-17,54609,7551350,33343,3858923,19481,3371376,1785,321051,23095,1062533,0.122127,31222,3402036,0.391029,24936,4464569,0.513156,8700223
1,2021-05-18,65473,7616823,39433,3898356,24197,3395573,1843,322894,28350,1056005,0.121377,36812,3438848,0.39526,30284,4494853,0.516637,8700223
1,2021-05-19,66878,7683701,40737,3939093,24195,3419768,1946,324840,29909,1051286,0.120834,36648,3475496,0.399472,31929,4526782,0.520306,8700223
1,2021-05-20,65130,7748831,37812,3976905,25080,3444848,2238,327078,26771,1042513,0.119826,37984,3513480,0.403838,29211,4555993,0.523664,8700223
1,2021-05-21,70840,7819671,42368,4019273,26589,3471437,1883,328961,29194,1032469,0.118672,41214,3554694,0.408575,31170,4587163,0.527247,8700223
1,2021-05-22,56631,7876302,37262,4056535,17637,3489074,1732,330693,24597,1027157,0.118061,31734,3586428,0.412223,26422,4613585,0.530284,8700223
1,2021-05-23,20581,7896883,14391,4070926,5603,3494677,587,331280,9532,1026365,0.11797,10937,3597365,0.41348,10145,4623730,0.53145,8700223
1,2021-05-24,44356,7941239,24756,4095682,17746,3512423,1854,333134,17950,1020125,0.117253,26127,3623492,0.416483,19887,4643617,0.533735,8700223
1,2021-05-25,51712,7992951,29832,4125514,20153,3532576,1727,334861,21514,1013596,0.116502,29862,3653354,0.419915,23333,4666950,0.536417,8700223
1,2021-05-26,49005,8041956,27771,4153285,19302,3551878,1932,336793,20774,1008441,0.11591,27902,3681256,0.423122,22747,4689697,0.539032,8700223
1,2021-05-27,47565,8089521,26719,4180004,18916,3570794,1930,338723,20372,1003978,0.115397,26879,3708135,0.426211,22416,4712113,0.541608,8700223
1,2021-05-28,53365,8142886,29816,4209820,21685,3592479,1864,340587,23922,1000815,0.115033,29074,3737209,0.429553,25911,4738024,0.544587,8700223
1,2021-05-29,30952,8173838,18754,4228574,11219,3603698,979,341566,14684,1000437,0.11499,16095,3753304,0.431403,15717,4753741,0.546393,8700223
1,2021-05-30,11743,8185581,7592,4236166,3589,3607287,562,342128,5528,1000415,0.114987,6138,3759442,0.432109,6116,4759857,0.547096,8700223
1,2021-05-31,5831,8191412,3318,4239484,2252,3609539,261,342389,2039,999007,0.114825,3720,3763162,0.432536,2312,4762169,0.547362,8700223
1,2021-06-01,46525,8237937,26360,4265844,18577,3628116,1588,343977,17625,989772,0.113764,28511,3791673,0.435813,19276,4781445,0.549577,8700223
1,2021-06-02,40622,8278559,23614,4289458,15490,3643606,1518,345495,16408,983893,0.113088,23888,3815561,0.438559,18009,4799454,0.551647,8700223
1,2021-06-03,42182,8320741,26457,4315915,13983,3657589,1742,347237,16113,976076,0.11219,25749,3841310,0.441519,17932,4817386,0.553708,8700223
1,2021-06-04,51030,8371771,32673,4348588,16527,3674116,1830,349067,18351,964055,0.110808,32278,3873588,0.445229,20257,4837643,0.556037,8700223
1,2021-06-05,40856,8412627,27902,4376490,10933,3685049,2021,351088,14312,954131,0.109667,26311,3899899,0.448253,16387,4854030,0.55792,8700223
1,2021-06-06,13268,8425895,10618,4387108,2131,3687180,519,351607,4561,950654,0.109268,8618,3908517,0.449243,5141,4859171,0.558511,8700223
1,2021-06-07,34388,8460283,23740,4410848,9272,3696452,1376,352983,12299,942531,0.108334,21853,3930370,0.451755,13730,4872901,0.560089,8700223
1,2021-06-08,42511,8502794,29405,4440253,11439,3707891,1667,354650,14791,931650,0.107083,27426,3957796,0.454907,16545,4889446,0.561991,8700223
1,2021-06-09,42487,8545281,29474,4469727,11355,3719246,1658,356308,13836,918877,0.105615,28324,3986120,0.458163,15551,4904997,0.563778,8700223
1,2021-06-10,39471,8584752,26591,4496318,11162,3730408,1718,358026,13478,908449,0.104417,25723,4011843,0.46112,15295,4920292,0.565536,8700223
1,2021-06-11,44867,8629619,29772,4526090,13384,3743792,1711,359737,16051,897807,0.103194,28484,4040327,0.464393,17842,4938134,0.567587,8700223
1,2021-06-12,34333,8663952,24852,4550942,8252,3752044,1229,360966,11280,887557,0.102015,22826,4063153,0.467017,12576,4950710,0.569033,8700223
1,2021-06-13,11720,8675672,8525,4559467,2712,3754756,483,361449,3417,883264,0.101522,8226,4071379,0.467963,3933,4954643,0.569485,8700223
1,2021-06-14,31439,8707111,21196,4580663,8906,3763662,1337,362786,11739,876889,0.100789,19481,4090860,0.470202,13106,4967749,0.570991,8700223
1,2021-06-15,37941,8745052,24887,4605550,11177,3774839,1877,364663,14089,869401,0.099929,23542,4114402,0.472908,16054,4983803,0.572836,8700223
1,2021-06-16,36128,8781180,24449,4629999,9821,3784660,1858,366521,13638,862766,0.099166,22188,4136590,0.475458,15553,4999356,0.574624,8700223
1,2021-06-17,34038,8815218,22514,4652513,9550,3794210,1974,368495,13286,857629,0.098576,20482,4157072,0.477812,15345,5014701,0.576388,8700223
1,2021-06-18,39975,8855193,25969,4678482,11136,3805346,2870,371365,15452,851776,0.097903,24226,4181298,0.480597,18373,5033074,0.578499,8700223
1,2021-06-19,24133,8879326,16753,4695235,6178,3811524,1202,372567,9811,848685,0.097547,14144,4195442,0.482222,11053,5044127,0.57977,8700223
1,2021-06-20,8173,8887499,5984,4701219,1912,3813436,277,372844,3226,847324,0.097391,4875,4200317,0.482783,3514,5047641,0.580174,8700223
1,2021-06-21,21111,8908610,11943,4713162,6968,3820404,2200,375044,10986,850556,0.097763,10003,4210320,0.483932,13235,5060876,0.581695,8700223
1,2021-06-22,31040,8939650,20247,4733409,8617,3829021,2176,377220,12932,847849,0.097451,17878,4228198,0.485987,15171,5076047,0.583439,8700223
1,2021-06-23,29575,8969225,19858,4753267,7881,3836902,1836,379056,12861,846083,0.097248,16488,4244686,0.487882,14722,5090769,0.585131,8700223
1,2021-06-24,28646,8997871,19094,4772361,7871,3844773,1681,380737,12104,843606,0.096964,16328,4261014,0.489759,13851,5104620,0.586723,8700223
1,2021-06-25,32065,9029936,21707,4794068,8933,3853706,1425,382162,14031,841338,0.096703,17779,4278793,0.491803,15511,5120131,0.588506,8700223
1,2021-06-26,22684,9052620,16846,4810914,4988,3858694,850,383012,9883,839454,0.096486,12664,4291457,0.493258,10780,5130911,0.589745,8700223
1,2021-06-27,9290,9061910,6928,4817842,1924,3860618,438,383450,4114,838922,0.096425,5102,4296559,0.493845,4570,5135481,0.59027,8700223
1,2021-06-28,21495,9083405,15976,4833818,4255,3864873,1264,384714,9957,838862,0.096418,11327,4307886,0.495147,11267,5146748,0.591565,8700223
1,2021-06-29,27301,9110706,18704,4852522,7196,3872069,1401,386115,12116,837452,0.096256,14988,4322874,0.496869,13578,5160326,0.593126,8700223
1,2021-06-30,26699,9137405,18503,4871025,7122,3879191,1074,387189,12763,837658,0.09628,13706,4336580,0.498445,13912,5174238,0.594725,8700223
1,2021-07-01,24395,9161800,16959,4887984,6123,3885314,1313,388502,11325,837478,0.096259,12893,4349473,0.499927,12713,5186951,0.596186,8700223
1,2021-07-02,27288,9189088,18778,4906762,7450,3892764,1060,389562,12763,837072,0.096213,14309,4363782,0.501571,13903,5200854,0.597784,8700223
1,2021-07-03,15097,9204185,10557,4917319,4080,3896844,460,390022,7196,837002,0.096205,7758,4371540,0.502463,7688,5208542,0.598668,8700223
1,2021-07-04,1304,9205489,736,4918055,500,3897344,68,390090,636,837054,0.096211,657,4372197,0.502538,709,5209251,0.598749,8700223
1,2021-07-05,11308,9216797,7828,4925883,3114,3900458,366,390456,5392,837020,0.096207,5840,4378037,0.50321,5806,5215057,0.599416,8700223
1,2021-07-06,27970,9244767,19777,4945660,7034,3907492,1159,391615,11189,832897,0.095733,16572,4394609,0.505115,12449,5227506,0.600847,8700223
1,2021-07-07,24369,9269136,17084,4962744,6107,3913599,1178,392793,10493,830974,0.095512,13679,4408288,0.506687,11756,5239262,0.602199,8700223
1,2021-07-08,23299,9292435,16157,4978901,6037,3919636,1105,393898,10018,829108,0.095297,13074,4421362,0.50819,11208,5250470,0.603487,8700223
1,2021-07-09,27575,9320010,19515,4998416,6883,3926519,1177,395075,12473,827900,0.095158,14916,4436278,0.509904,13708,5264178,0.605062,8700223
1,2021-07-10,18233,9338243,13166,5011582,4290,3930809,777,395852,8146,826918,0.095046,9953,4446231,0.511048,8971,5273149,0.606094,8700223
1,2021-07-11,6839,9345082,4999,5016581,1633,3932442,207,396059,3312,826981,0.095053,3474,4449705,0.511447,3537,5276686,0.6065,8700223
1,2021-07-12,20498,9365580,14734,5031315,4860,3937302,904,396963,9098,825827,0.09492,11251,4460956,0.51274,10097,5286783,0.607661,8700223
1,2021-07-13,22790,9388370,15910,5047225,6055,3943357,825,397788,10684,825478,0.09488,11945,4472901,0.514113,11596,5298379,0.608993,8700223
1,2021-07-14,22705,9411075,15611,5062836,6100,3949457,994,398782,10247,824533,0.094771,12296,4485197,0.515527,11351,5309730,0.610298,8700223
1,2021-07-15,22116,9433191,15671,5078507,5708,3955165,737,399519,10719,824851,0.094808,11244,4496441,0.516819,11562,5321292,0.611627,8700223
1,2021-07-16,27205,9460396,19005,5097512,7189,3962354,1011,400530,13493,825905,0.094929,13535,4509976,0.518375,14589,5335881,0.613304,8700223
1,2021-07-17,18922,9479318,13681,5111193,4533,3966887,708,401238,9338,826541,0.095002,9446,4519422,0.51946,10082,5345963,0.614463,8700223
1,2021-07-18,7538,9486856,5561,5116754,1691,3968578,286,401524,3857,827080,0.095064,3621,4523043,0.519877,4160,5350123,0.614941,8700223
1,2021-07-19,21135,9507991,15307,5132061,4986,3973564,842,402366,10595,828214,0.095195,10399,4533442,0.521072,11533,5361656,0.616267,8700223
1,2021-07-20,25318,9533309,17506,5149567,6912,3980476,900,403266,13049,830176,0.09542,12079,4545521,0.52246,14041,5375697,0.61788,8700223
1,2021-07-21,25619,9558928,17996,5167563,6404,3986880,1219,404485,13111,832284,0.095662,12338,4557859,0.523878,14446,5390143,0.619541,8700223
1,2021-07-22,24741,9583669,17519,5185082,6375,3993255,847,405332,13492,835663,0.096051,11052,4568911,0.525149,14431,5404574,0.621199,8700223
1,2021-07-23,29502,9613171,20880,5205962,7597,4000852,1025,406357,16448,840359,0.096591,12849,4581760,0.526626,17545,5422119,0.623216,8700223
1,2021-07-24,18394,9631565,13002,5218964,4819,4005671,573,406930,10815,844315,0.097045,7457,4589217,0.527483,11413,5433532,0.624528,8700223
1,2021-07-25,7599,9639164,5464,5224428,2018,4007689,117,407047,5666,848231,0.097495,1887,4591104,0.5277,5803,5439335,0.625195,8700223
1,2021-07-26,21806,9660970,15095,5239523,5945,4013634,766,407813,14108,855622,0.098345,7554,4598658,0.528568,14945,5454280,0.626913,8700223
1,2021-07-27,27464,9688434,19642,5259165,6873,4020507,949,408762,16188,861718,0.099046,11094,4609752,0.529843,17190,5471470,0.628888,8700223
1,2021-07-28,28382,9716816,20140,5279305,7362,4027869,880,409642,17412,869304,0.099917,10778,4620530,0.531082,18364,5489834,0.630999,8700223
1,2021-07-29,27005,9743821,19169,5298474,7041,4034910,795,410437,16900,877136,0.100818,9927,4630457,0.532223,17759,5507593,0.63304,8700223
1,2021-07-30,31472,9775293,22523,5320997,8036,4042946,913,411350,19237,885311,0.101757,12012,4642469,0.533603,20187,5527780,0.635361,8700223
1,2021-07-31,20010,9795303,14526,5335523,4943,4047889,541,411891,12425,890882,0.102398,7420,4649889,0.534456,12991,5540771,0.636854,8700223
1,2021-08-01,8895,9804198,6706,5342229,2063,4049952,126,412017,6091,894373,0.102799,2754,4652643,0.534773,6245,5547016,0.637572,8700223
1,2021-08-02,25042,9829240,18635,5360864,5693,4055645,714,412731,16292,902841,0.103772,8586,4661229,0.53576,17054,5564070,0.639532,8700223
1,2021-08-03,28941,9858181,20972,5381836,7024,4062669,945,413676,18168,911407,0.104757,10581,4671810,0.536976,19147,5583217,0.641733,8700223
1,2021-08-04,27799,9885980,20222,5402058,6699,4069368,878,414554,17668,920077,0.105753,9924,4681734,0.538117,18594,5601811,0.64387,8700223
1,2021-08-05,27570,9913550,20221,5422279,6435,4075803,914,415468,17378,928411,0.106711,9980,4691714,0.539264,18314,5620125,0.645975,8700223
1,2021-08-06,34016,9947566,25065,5447344,7975,4083778,976,416444,21229,938117,0.107827,12543,4704257,0.540705,22249,5642374,0.648532,8700223
1,2021-08-07,21808,9969374,16373,5463717,4866,4088644,569,417013,13583,944186,0.108524,8097,4712354,0.541636,14166,5656540,0.65016,8700223
1,2021-08-08,10533,9979907,7694,5471411,2637,4091281,202,417215,6851,947637,0.108921,3612,4715966,0.542051,7063,5663603,0.650972,8700223
1,2021-08-09,27970,10007877,20968,5492379,6189,4097470,813,418028,17291,955291,0.109801,10487,4726453,0.543257,18141,5681744,0.653057,8700223
1,2021-08-10,29442,10037319,21670,5514049,6903,4104373,869,418897,17557,962095,0.110583,11676,4738129,0.544599,18480,5700224,0.655181,8700223
1,2021-08-11,27341,10064660,20195,5534244,6226,4110599,920,419817,16183,968279,0.111294,10945,4749074,0.545857,17129,5717353,0.65715,8700223
1,2021-08-12,28879,10093539,20789,5555033,7041,4117640,1049,420866,17232,975231,0.112093,11356,4760430,0.547162,18308,5735661,0.659254,8700223
1,2021-08-13,36237,10129776,26354,5581387,8826,4126466,1057,421923,21105,982618,0.112942,14820,4775250,0.548865,22207,5757868,0.661807,8700223
1,2021-08-14,23936,10153712,18174,5599561,5204,4131670,558,422481,13668,987049,0.113451,9813,4785063,0.549993,14244,5772112,0.663444,8700223
1,2021-08-15,10582,10164294,7811,5607372,2609,4134279,162,422643,6113,989182,0.113696,4165,4789228,0.550472,6298,5778410,0.664168,8700223
1,2021-08-16,29106,10193400,20656,5628028,7656,4141935,794,423437,16035,993864,0.114234,12178,4801406,0.551872,16860,5795270,0.666106,8700223
1,2021-08-17,31699,10225099,22455,5650483,8301,4150236,943,424380,16652,997402,0.114641,14097,4815503,0.553492,17635,5812905,0.668133,8700223
1,2021-08-18,31789,10256888,22797,5673280,8099,4158335,893,425273,16174,1000114,0.114953,14403,4829906,0.555147,17115,5830020,0.6701,8700223
1,2021-08-19,31040,10287928,22147,5695427,7882,4166217,1011,426284,15885,1003143,0.115301,13907,4843813,0.556746,16936,5846956,0.672047,8700223
1,2021-08-20,38196,10326124,27734,5723161,9509,4175726,953,427237,19370,1006237,0.115656,17262,4861075,0.55873,20356,5867312,0.674386,8700223
1,2021-08-21,23117,10349241,17297,5740458,5255,4180981,565,427802,11335,1007113,0.115757,11039,4872114,0.559999,11915,5879227,0.675756,8700223
1,2021-08-22,11879,10361120,8699,5749157,2978,4183959,202,428004,5978,1007794,0.115835,5513,4877627,0.560632,6194,5885421,0.676468,8700223
1,2021-08-23,31129,10392249,23101,5772258,7279,4191238,749,428753,15001,1008648,0.115934,14964,4892591,0.562352,15818,5901239,0.678286,8700223
1,2021-08-24,31852,10424101,24145,5796403,6871,4198109,836,429589,15099,1009107,0.115986,15539,4908130,0.564138,15998,5917237,0.680125,8700223
1,2021-08-25,31453,10455554,23864,5820267,6849,4204958,740,430329,14724,1009120,0.115988,15508,4923638,0.565921,15521,5932758,0.681909,8700223
1,2021-08-26,31367,10486921,23371,5843638,7108,4212066,888,431217,14841,1009800,0.116066,15095,4938733,0.567656,15775,5948533,0.683722,8700223
1,2021-08-27,38707,10525628,29708,5873346,8192,4220258,807,432024,17636,1008949,0.115968,19371,4958104,0.569882,18520,5967053,0.685851,8700223
1,2021-08-28,24709,10550337,19323,5892669,4954,4225212,432,432456,10740,1006966,0.11574,13202,4971306,0.5714,11219,5978272,0.68714,8700223
1,2021-08-29,12008,10562345,9023,5901692,2839,4228051,146,432602,5556,1006679,0.115707,6021,4977327,0.572092,5734,5984006,0.687799,8700223
1,2021-08-30,28756,10591101,21109,5922801,6730,4234781,917,433519,12404,1004954,0.115509,15103,4992430,0.573828,13378,5997384,0.689337,8700223
1,2021-08-31,29063,10620164,21721,5944522,6591,4241372,751,434270,12360,1002740,0.115255,15367,5007797,0.575594,13153,6010537,0.690849,8700223
1,2021-09-01,28363,10648527,21083,5965605,6619,4247991,661,434931,12885,1002375,0.115213,13981,5021778,0.577201,13616,6024153,0.692414,8700223
1,2021-09-02,27226,10675753,20175,5985780,6365,4254356,686,435617,11833,1001030,0.115058,13913,5035691,0.5788,12568,6036721,0.693858,8700223
1,2021-09-03,32203,10707956,24084,6009864,7506,4261862,613,436230,13338,997788,0.114685,17263,5052954,0.580784,14021,6050742,0.69547,8700223
1,2021-09-04,11553,10719509,8584,6018448,2745,4264607,224,436454,4519,995989,0.114479,6582,5059536,0.581541,4783,6055525,0.69602,8700223
2,2020-12-15,264,264,264,264,0,0,0,0,264,264,3.1e-05,0,0,0.0,264,264,3.1e-05,8407551
2,2020-12-16,2336,2600,2336,2600,0,0,0,0,2337,2601,0.000309,0,0,0.0,2337,2601,0.000309,8407551
2,2020-12-17,7257,9857,7257,9857,0,0,0,0,7257,9858,0.001173,0,0,0.0,7257,9858,0.001173,8407551
2,2020-12-18,11193,21050,11172,21029,21,21,0,0,11195,21053,0.002504,0,0,0.0,11195,21053,0.002504,8407551
2,2020-12-19,5649,26699,5641,26670,8,29,0,0,5653,26706,0.003176,0,0,0.0,5653,26706,0.003176,8407551
2,2020-12-20,4276,30975,4259,30929,17,46,0,0,4268,30973,0.003684,1,1,0.0,4268,30974,0.003684,8407551
2,2020-12-21,12906,43881,12875,43804,31,77,0,0,12861,43833,0.005214,1,2,0.0,12861,43835,0.005214,8407551
2,2020-12-22,12300,56181,11763,55567,537,614,0,0,12298,56131,0.006676,0,2,0.0,12298,56133,0.006676,8407551
2,2020-12-23,11879,68060,9588,65155,2291,2905,0,0,11879,68009,0.008089,2,4,0.0,11880,68013,0.00809,8407551
2,2020-12-24,5932,73992,3507,68662,2425,5330,0,0,5928,73935,0.008794,4,8,1e-06,5930,73943,0.008795,8407551
2,2020-12-25,506,74498,422,69084,84,5414,0,0,509,74444,0.008854,0,8,1e-06,509,74452,0.008855,8407551
2,2020-12-26,2602,77100,1674,70758,928,6342,0,0,2602,77044,0.009164,2,10,1e-06,2602,77054,0.009165,8407551
2,2020-12-27,2238,79338,1216,71974,1022,7364,0,0,2236,79278,0.009429,2,12,1e-06,2236,79290,0.009431,8407551
2,2020-12-28,11213,90551,7276,79250,3937,11301,0,0,11211,90484,0.010762,5,17,2e-06,11211,90501,0.010764,8407551
2,2020-12-29,13058,103609,7349,86599,5709,17010,0,0,13062,103545,0.012316,1,18,2e-06,13062,103563,0.012318,8407551
2,2020-12-30,15763,119372,8832,95431,6931,23941,0,0,15757,119299,0.01419,5,23,3e-06,15759,119322,0.014192,8407551
2,2020-12-31,7634,127006,2831,98262,4803,28744,0,0,7626,126920,0.015096,5,28,3e-06,7626,126948,0.015099,8407551
2,2021-01-01,1459,128465,704,98966,755,29499,0,0,1454,128370,0.015268,4,32,4e-06,1454,128402,0.015272,8407551
2,2021-01-02,4890,133355,2784,101750,2106,31605,0,0,4885,133253,0.015849,2,34,4e-06,4885,133287,0.015853,8407551
2,2021-01-03,1443,134798,814,102564,629,32234,0,0,1436,134686,0.01602,3,37,4e-06,1436,134723,0.016024,8407551
2,2021-01-04,11860,146658,5665,108229,6195,38429,0,0,11846,146527,0.017428,5,42,5e-06,11846,146569,0.017433,8407551
2,2021-01-05,14076,160734,7068,115297,7008,45437,0,0,12821,158131,0.018808,1251,1293,0.000154,12855,159424,0.018962,8407551
2,2021-01-06,19321,180055,10680,125977,8641,54078,0,0,15280,169445,0.020154,3981,5274,0.000627,15295,174719,0.020781,8407551
2,2021-01-07,23534,203589,13268,139245,10266,64344,0,0,15741,177402,0.0211,7805,13079,0.001556,15762,190481,0.022656,8407551
2,2021-01-08,27221,230810,16446,155691,10775,75119,0,0,16632,183532,0.021829,10536,23615,0.002809,16666,207147,0.024638,8407551
2,2021-01-09,9915,240725,5806,161497,4109,79228,0,0,6309,186253,0.022153,3599,27214,0.003237,6320,213467,0.02539,8407551
2,2021-01-10,5366,246091,2995,164492,2371,81599,0,0,3098,187078,0.022251,2278,29492,0.003508,3103,216570,0.025759,8407551
2,2021-01-11,26254,272345,18149,182641,8105,89704,0,0,15057,190977,0.022715,11209,40701,0.004841,15108,231678,0.027556,8407551
2,2021-01-12,26646,298991,16566,199207,10080,99784,0,0,16911,198221,0.023577,9761,50462,0.006002,17005,248683,0.029579,8407551
2,2021-01-13,28849,327840,15312,214519,13537,113321,0,0,20761,210947,0.02509,8077,58539,0.006963,20803,269486,0.032053,8407551
2,2021-01-14,30813,358653,11806,226325,19007,132328,0,0,26473,233165,0.027733,4339,62878,0.007479,26557,296043,0.035212,8407551
2,2021-01-15,35428,394081,12888,239213,22540,154868,0,0,32093,262021,0.031165,3332,66210,0.007875,32188,328231,0.03904,8407551
2,2021-01-16,18405,412486,6149,245362,12256,167124,0,0,16979,277565,0.033014,1443,67653,0.008047,16987,345218,0.04106,8407551
2,2021-01-17,10612,423098,3593,248955,7019,174143,0,0,9846,286642,0.034093,780,68433,0.008139,9857,355075,0.042233,8407551
2,2021-01-18,19910,443008,11138,260093,8772,182915,0,0,14999,296780,0.035299,4927,73360,0.008725,15065,370140,0.044025,8407551
2,2021-01-19,33005,476013,17246,277339,15759,198674,0,0,24761,313414,0.037278,8246,81606,0.009706,24880,395020,0.046984,8407551
2,2021-01-20,37903,513916,19101,296440,18802,217476,0,0,29136,333907,0.039715,8741,90347,0.010746,29234,424254,0.050461,8407551
2,2021-01-21,41370,555286,17602,314042,23768,241244,0,0,36716,366192,0.043555,4624,94971,0.011296,36909,461163,0.054851,8407551
2,2021-01-22,39806,595092,16641,330683,23165,264409,0,0,36386,399171,0.047478,3438,98409,0.011705,36417,497580,0.059183,8407551
2,2021-01-23,24394,619486,10846,341529,13548,277957,0,0,21393,417619,0.049672,2977,101386,0.012059,21425,519005,0.061731,8407551
2,2021-01-24,12520,632006,6138,347667,6382,284339,0,0,11577,428288,0.050941,928,102314,0.012169,11597,530602,0.06311,8407551
2,2021-01-25,34239,666245,15740,363407,18499,302838,0,0,25240,444736,0.052897,8946,111260,0.013233,25394,555996,0.066131,8407551
2,2021-01-26,40690,706935,19881,383288,20809,323647,0,0,31291,466751,0.055516,9370,120630,0.014348,31385,587381,0.069864,8407551
2,2021-01-27,45993,752928,22749,406037,23244,346891,0,0,35460,491869,0.058503,10413,131043,0.015586,35531,622912,0.07409,8407551
2,2021-01-28,48409,801337,22555,428592,25854,372745,0,0,39499,522613,0.06216,8841,139884,0.016638,39585,662497,0.078798,8407551
2,2021-01-29,46064,847401,22148,450740,23916,396661,0,0,37115,550996,0.065536,8818,148702,0.017687,37201,699698,0.083223,8407551
2,2021-01-30,31535,878936,13349,464089,18186,414847,0,0,28070,575693,0.068473,3422,152124,0.018094,28119,727817,0.086567,8407551
2,2021-01-31,17313,896249,10227,474316,7086,421933,0,0,16072,590569,0.070243,1219,153343,0.018239,16095,743912,0.088481,8407551
2,2021-02-01,41669,937918,19937,494253,21732,443665,0,0,30374,609760,0.072525,11233,164576,0.019575,30424,774336,0.0921,8407551
2,2021-02-02,48302,986220,19628,513881,28674,472339,0,0,36583,634822,0.075506,11624,176200,0.020957,36686,811022,0.096464,8407551
2,2021-02-03,54414,1040634,23900,537781,30514,502853,0,0,39965,660547,0.078566,14344,190544,0.022663,40069,851091,0.101229,8407551
2,2021-02-04,56671,1097305,24266,562047,32405,535258,0,0,41129,686356,0.081636,15430,205974,0.024499,41239,892330,0.106134,8407551
2,2021-02-05,60695,1158000,26326,588373,34369,569627,0,0,40906,707904,0.084199,19562,225536,0.026825,41110,933440,0.111024,8407551
2,2021-02-06,39610,1197610,18372,606745,21238,590865,0,0,31481,731448,0.086999,8049,233585,0.027783,31593,965033,0.114782,8407551
2,2021-02-07,15805,1213415,10436,617181,5369,596234,0,0,11954,739658,0.087975,3818,237403,0.028237,12028,977061,0.116212,8407551
2,2021-02-08,43339,1256754,21923,639104,21416,617650,0,0,29584,755857,0.089902,13604,251007,0.029855,29803,1006864,0.119757,8407551
2,2021-02-09,49915,1306669,23619,662723,26296,643946,0,0,30717,767978,0.091344,18964,269971,0.032111,31085,1037949,0.123454,8407551
2,2021-02-10,59932,1366601,28014,690737,31918,675864,0,0,34495,777713,0.092502,25141,295112,0.035101,34876,1072825,0.127603,8407551
2,2021-02-11,64716,1431317,29705,720442,35011,710875,0,0,35938,785778,0.093461,28395,323507,0.038478,36460,1109285,0.131939,8407551
2,2021-02-12,66355,1497672,28605,749047,37750,748625,0,0,35383,791166,0.094102,30674,354181,0.042127,36062,1145347,0.136228,8407551
2,2021-02-13,38361,1536033,15960,765007,22401,771026,0,0,22048,797396,0.094843,16202,370383,0.044054,22432,1167779,0.138896,8407551
2,2021-02-14,20232,1556265,9416,774423,10816,781842,0,0,11210,800018,0.095155,8964,379347,0.04512,11586,1179365,0.140274,8407551
2,2021-02-15,33510,1589775,15055,789478,18455,800297,0,0,18524,804581,0.095697,14836,394183,0.046884,19399,1198764,0.142582,8407551
2,2021-02-16,56752,1646527,27774,817252,28978,829275,0,0,29796,808241,0.096133,26830,421013,0.050076,30490,1229254,0.146208,8407551
2,2021-02-17,62089,1708616,31881,849133,30208,859483,0,0,30741,808577,0.096173,31233,452246,0.05379,31569,1260823,0.149963,8407551
2,2021-02-18,66811,1775427,33651,882784,33160,892643,0,0,32432,808074,0.096113,34095,486341,0.057846,33592,1294415,0.153959,8407551
2,2021-02-19,60145,1835572,33216,916000,26929,919572,0,0,29780,808297,0.096139,30151,516492,0.061432,30374,1324789,0.157571,8407551
2,2021-02-20,38041,1873613,24649,940649,13392,932964,0,0,20604,812286,0.096614,17319,533811,0.063492,21308,1346097,0.160106,8407551
2,2021-02-21,21949,1895562,17713,958362,4236,937200,0,0,10825,812940,0.096692,11011,544822,0.064802,11665,1357762,0.161493,8407551
2,2021-02-22,39776,1935338,27137,985499,12639,949839,0,0,18810,811666,0.09654,20798,565620,0.067275,19524,1377286,0.163815,8407551
2,2021-02-23,54226,1989564,27668,1013167,26558,976397,0,0,23726,807101,0.095997,30209,595829,0.070868,25644,1402930,0.166865,8407551
2,2021-02-24,71581,2061145,36736,1049903,34845,1011242,0,0,32681,803544,0.095574,38652,634481,0.075466,35095,1438025,0.17104,8407551
2,2021-02-25,77688,2138833,36712,1086615,40976,1052218,0,0,39345,807714,0.09607,38049,672530,0.079991,42219,1480244,0.176061,8407551
2,2021-02-26,86306,2225139,36999,1123614,49307,1101525,0,0,46284,816533,0.097119,39683,712213,0.084711,48502,1528746,0.18183,8407551
2,2021-02-27,63164,2288303,29314,1152928,33841,1135366,9,9,34168,823321,0.097926,28739,740952,0.088129,35527,1564273,0.186056,8407551
2,2021-02-28,31141,2319444,18658,1171586,12482,1147848,1,10,18032,829242,0.098631,12970,753922,0.089672,18891,1583164,0.188303,8407551
2,2021-03-01,59399,2378843,30930,1202516,28387,1176235,82,92,32408,836332,0.099474,26644,780566,0.092841,33734,1616898,0.192315,8407551
2,2021-03-02,71138,2449981,34137,1236653,36985,1213220,16,108,39769,847340,0.100783,31159,811725,0.096547,42167,1659065,0.19733,8407551
2,2021-03-03,82112,2532093,39543,1276196,42548,1255768,21,129,46280,860706,0.102373,35589,847314,0.10078,48955,1708020,0.203153,8407551
2,2021-03-04,89962,2622055,44068,1320264,45861,1301629,33,162,51376,876225,0.104219,38307,885621,0.105336,53826,1761846,0.209555,8407551
2,2021-03-05,83671,2705726,39269,1359533,44077,1345706,325,487,50657,896866,0.106674,32747,918368,0.109231,53388,1815234,0.215905,8407551
2,2021-03-06,63694,2769420,31008,1390541,30958,1376664,1728,2215,38910,914301,0.108748,24631,942999,0.112161,42066,1857300,0.220909,8407551
2,2021-03-07,28913,2798333,16405,1406946,10960,1387624,1548,3763,18280,924698,0.109984,10561,953560,0.113417,20958,1878258,0.223401,8407551
2,2021-03-08,51336,2849669,23526,1430472,25221,1412845,2589,6352,32190,942096,0.112054,19018,972578,0.115679,36416,1914674,0.227733,8407551
2,2021-03-09,71275,2920944,32461,1462933,34927,1447772,3887,10239,39394,954998,0.113588,31722,1004300,0.119452,44624,1959298,0.23304,8407551
2,2021-03-10,79003,2999947,37297,1500230,35107,1482879,6599,16838,41724,967581,0.115085,37039,1041339,0.123858,49622,2008920,0.238942,8407551
2,2021-03-11,93756,3093703,43180,1543410,42153,1525032,8423,25261,48706,981355,0.116723,44714,1086053,0.129176,58488,2067408,0.245899,8407551
2,2021-03-12,94699,3188402,39048,1582458,43707,1568739,11944,37205,46887,993998,0.118227,47532,1133585,0.134829,60175,2127583,0.253056,8407551
2,2021-03-13,69546,3257948,29021,1611479,32480,1601219,8045,45250,38023,1009944,0.120123,31366,1164951,0.13856,47312,2174895,0.258684,8407551
2,2021-03-14,37191,3295139,18408,1629887,14261,1615480,4522,49772,18667,1015451,0.120778,18407,1183358,0.140749,23914,2198809,0.261528,8407551
2,2021-03-15,67842,3362981,30611,1660498,32199,1647679,5032,54804,37302,1028583,0.12234,30290,1213648,0.144352,43422,2242231,0.266693,8407551
2,2021-03-16,86777,3449758,38432,1698930,44295,1691974,4050,58854,52226,1051648,0.125084,34323,1247971,0.148435,57388,2299619,0.273518,8407551
2,2021-03-17,93449,3543207,44726,1743656,44510,1736484,4213,63067,59120,1081752,0.128664,34025,1281996,0.152482,64129,2363748,0.281146,8407551
2,2021-03-18,98833,3642040,47123,1790779,47024,1783508,4686,67753,59790,1108075,0.131795,38693,1320689,0.157084,65016,2428764,0.288879,8407551
2,2021-03-19,97916,3739956,46461,1837240,45343,1828851,6112,73865,57638,1132375,0.134685,39940,1360629,0.161834,64240,2493004,0.29652,8407551
2,2021-03-20,70303,3810259,33969,1871209,32317,1861168,4017,77882,45707,1158095,0.137745,24344,1384973,0.16473,50064,2543068,0.302474,8407551
2,2021-03-21,33898,3844157,21794,1893003,10087,1871255,2017,79899,20232,1167280,0.138837,13495,1398468,0.166335,22680,2565748,0.305172,8407551
2,2021-03-22,63320,3907477,34872,1927875,25820,1897075,2628,82527,41818,1191386,0.141704,21236,1419704,0.168861,45342,2611090,0.310565,8407551
2,2021-03-23,84415,3991892,44870,1972745,36610,1933685,2935,85462,52197,1215454,0.144567,31901,1451605,0.172655,55969,2667059,0.317222,8407551
2,2021-03-24,92566,4084458,49656,2022401,39708,1973393,3202,88664,53857,1234990,0.146891,38340,1489945,0.177215,57876,2724935,0.324106,8407551
2,2021-03-25,102256,4186714,51580,2073981,46732,2020125,3944,92608,57371,1252587,0.148984,44487,1534432,0.182506,62084,2787019,0.33149,8407551
2,2021-03-26,104340,4291054,51812,2125793,49014,2069139,3514,96122,56566,1266349,0.15062,47353,1581785,0.188139,61115,2848134,0.338759,8407551
2,2021-03-27,76198,4367252,37988,2163781,34872,2104011,3338,99460,37934,1270511,0.151115,37969,1619754,0.192655,42131,2890265,0.34377,8407551
2,2021-03-28,38108,4405360,23562,2187343,13731,2117742,815,100275,20247,1274727,0.151617,17702,1637456,0.19476,21918,2912183,0.346377,8407551
2,2021-03-29,72302,4477662,36727,2224070,33295,2151037,2280,102555,40724,1287395,0.153124,31334,1668790,0.198487,44002,2956185,0.351611,8407551
2,2021-03-30,92900,4570562,45515,2269585,42981,2194018,4404,106959,51785,1303333,0.155019,40877,1709667,0.203349,56815,3013000,0.358368,8407551
2,2021-03-31,102070,4672632,52601,2322186,44317,2238335,5152,112111,57665,1322475,0.157296,44054,1753721,0.208589,63196,3076196,0.365885,8407551
2,2021-04-01,118603,4791235,57187,2379373,52042,2290377,9374,121485,64205,1342526,0.159681,53914,1807635,0.215001,73965,3150161,0.374682,8407551
2,2021-04-02,112329,4903564,51844,2431217,50197,2340574,10288,131773,59854,1361078,0.161888,52028,1859663,0.22119,70580,3220741,0.383077,8407551
2,2021-04-03,77014,4980578,37742,2468959,29380,2369954,9892,141665,38017,1370585,0.163018,38761,1898424,0.2258,48268,3269009,0.388818,8407551
2,2021-04-04,29138,5009716,15009,2483968,10247,2380201,3882,145547,13037,1371541,0.163132,15977,1914401,0.2277,16933,3285942,0.390832,8407551
2,2021-04-05,79763,5089479,39022,2522990,31814,2412015,8927,154474,38266,1378177,0.163921,41290,1955691,0.232611,47926,3333868,0.396533,8407551
2,2021-04-06,104446,5193925,50772,2573762,38860,2450875,14814,169288,49234,1387710,0.165055,54903,2010594,0.239141,64436,3398304,0.404197,8407551
2,2021-04-07,111209,5305134,55427,2629189,39406,2490281,16376,185664,52092,1397592,0.166231,58797,2069391,0.246135,68679,3466983,0.412365,8407551
2,2021-04-08,120041,5425175,57679,2686868,43435,2533716,18927,204591,55540,1408446,0.167522,64101,2133492,0.253759,74955,3541938,0.421281,8407551
2,2021-04-09,119406,5544581,57427,2744295,43712,2577428,18267,222858,56280,1421076,0.169024,62717,2196209,0.261219,75347,3617285,0.430242,8407551
2,2021-04-10,87826,5632407,37817,2782112,31538,2608966,18471,241329,36191,1425003,0.169491,51349,2247558,0.267326,55276,3672561,0.436817,8407551
2,2021-04-11,44711,5677118,23185,2805297,13002,2621968,8524,249853,18300,1426277,0.169642,26248,2273806,0.270448,27522,3700083,0.44009,8407551
2,2021-04-12,80574,5757692,37494,2842791,33598,2655566,9482,259335,35809,1428072,0.169856,44474,2318280,0.275738,46269,3746352,0.445594,8407551
2,2021-04-13,102186,5859878,53007,2895798,48917,2704483,262,259597,55757,1438871,0.17114,46125,2364405,0.281224,56924,3803276,0.452364,8407551
2,2021-04-14,107278,5967156,56186,2951984,51029,2755512,63,259660,54559,1442563,0.171579,52374,2416779,0.287453,56066,3859342,0.459033,8407551
2,2021-04-15,113713,6080869,60349,3012333,53266,2808778,98,259758,59122,1448709,0.17231,54158,2470937,0.293895,60304,3919646,0.466205,8407551
2,2021-04-16,111244,6192113,57830,3070163,53353,2862131,61,259819,56360,1451489,0.172641,54496,2525433,0.300377,57276,3976922,0.473018,8407551
2,2021-04-17,83843,6275956,42656,3112819,41171,2903302,16,259835,46710,1462240,0.17392,36851,2562284,0.30476,47602,4024524,0.47868,8407551
2,2021-04-18,36094,6312050,21948,3134767,14134,2917436,12,259847,17013,1461327,0.173811,18932,2581216,0.307012,18019,4042543,0.480823,8407551
2,2021-04-19,74998,6387048,40299,3175066,34679,2952115,20,259867,33909,1455083,0.173069,40791,2622007,0.311863,34547,4077090,0.484932,8407551
2,2021-04-20,97651,6484699,49351,3224417,48268,3000383,32,259899,46966,1452523,0.172764,50309,2672316,0.317847,47749,4124839,0.490611,8407551
2,2021-04-21,104212,6588911,56381,3280798,47760,3048143,71,259970,48915,1447716,0.172192,54775,2727091,0.324362,49968,4174807,0.496554,8407551
2,2021-04-22,108711,6697622,56177,3336975,52505,3100648,29,259999,47419,1435243,0.170709,60802,2787893,0.331594,48329,4223136,0.502303,8407551
2,2021-04-23,108347,6805969,57749,3394724,50577,3151225,21,260020,49872,1428039,0.169852,58029,2845922,0.338496,50825,4273961,0.508348,8407551
2,2021-04-24,81223,6887192,47770,3442494,33409,3184634,44,260064,42206,1432595,0.170394,38639,2884561,0.343092,43195,4317156,0.513486,8407551
2,2021-04-25,36741,6923933,22630,3465124,14094,3198728,17,260081,19930,1436373,0.170843,16644,2901205,0.345071,20422,4337578,0.515915,8407551
2,2021-04-26,74561,6998494,41292,3506416,32951,3231679,318,260399,34177,1432248,0.170353,40083,2941288,0.349839,35958,4373536,0.520191,8407551
2,2021-04-27,88566,7087060,46689,3553105,40499,3272178,1378,261777,37892,1422520,0.169196,50252,2991540,0.355816,40524,4414060,0.525011,8407551
2,2021-04-28,88521,7175581,47265,3600370,39373,3311551,1883,263660,38891,1414965,0.168297,49252,3040792,0.361674,41697,4455757,0.529971,8407551
2,2021-04-29,91667,7267248,49858,3650228,40087,3351638,1722,265382,35511,1397082,0.16617,55729,3096521,0.368302,37846,4493603,0.534472,8407551
2,2021-04-30,95123,7362371,52544,3702772,40561,3392199,2018,267400,36830,1378799,0.163995,57789,3154310,0.375176,39506,4533109,0.539171,8407551
2,2021-05-01,62991,7425362,38352,3741124,23024,3415223,1615,269015,24534,1367717,0.162677,38096,3192406,0.379707,27014,4560123,0.542384,8407551
2,2021-05-02,29395,7454757,20471,3761595,7945,3423168,979,269994,11147,1361831,0.161977,18101,3210507,0.38186,12215,4572338,0.543837,8407551
2,2021-05-03,60880,7515637,36141,3797736,22662,3445830,2077,272071,20364,1344317,0.159894,40218,3250725,0.386644,22704,4595042,0.546538,8407551
2,2021-05-04,80197,7595834,47851,3845587,29936,3475766,2410,274481,25944,1319182,0.156904,53879,3304604,0.393052,28744,4623786,0.549956,8407551
2,2021-05-05,80964,7676798,48187,3893774,30416,3506182,2361,276842,25204,1291774,0.153645,55339,3359943,0.399634,27931,4651717,0.553278,8407551
2,2021-05-06,83429,7760227,50678,3944452,29820,3536002,2931,279773,25210,1262842,0.150203,57711,3417654,0.406498,28779,4680496,0.556701,8407551
2,2021-05-07,84231,7844458,48644,3993096,33154,3569156,2433,282206,25719,1233361,0.146697,58084,3475738,0.413407,28603,4709099,0.560104,8407551
2,2021-05-08,55941,7900399,33934,4027030,20277,3589433,1730,283936,17429,1214991,0.144512,38262,3514000,0.417958,19892,4728991,0.562469,8407551
2,2021-05-09,21963,7922362,15817,4042847,5396,3594829,750,284686,6325,1206759,0.143533,15539,3529539,0.419806,7307,4736298,0.563339,8407551
2,2021-05-10,50512,7972874,27537,4070384,21085,3615914,1890,286576,14172,1187365,0.141226,36057,3565596,0.424094,16663,4752961,0.565321,8407551
2,2021-05-11,66672,8039546,36136,4106520,28389,3644303,2147,288723,20001,1163866,0.138431,46338,3611934,0.429606,22839,4775800,0.568037,8407551
2,2021-05-12,65569,8105115,34930,4141450,28397,3672700,2242,290965,19242,1139771,0.135565,45993,3657927,0.435076,21898,4797698,0.570642,8407551
2,2021-05-13,71381,8176496,41436,4182886,27991,3700691,1954,292919,26031,1123465,0.133626,45034,3702961,0.440433,28728,4826426,0.574058,8407551
2,2021-05-14,80400,8256896,48178,4231064,29946,3730637,2276,295195,30795,1107960,0.131782,49223,3752184,0.446287,33718,4860144,0.578069,8407551
2,2021-05-15,66922,8323818,43953,4275017,21248,3751885,1721,296916,25897,1095241,0.130269,40748,3792932,0.451134,28029,4888173,0.581403,8407551
2,2021-05-16,31861,8355679,23843,4298860,7087,3758972,931,297847,12952,1090497,0.129704,18763,3811695,0.453366,14019,4902192,0.58307,8407551
2,2021-05-17,58327,8414006,36952,4335812,19410,3778382,1965,299812,22910,1080584,0.128525,35159,3846854,0.457548,25246,4927438,0.586073,8407551
2,2021-05-18,70569,8484575,41269,4377081,27331,3805713,1969,301781,27933,1068693,0.127111,42337,3889191,0.462583,30446,4957884,0.589694,8407551
2,2021-05-19,69365,8553940,41054,4418135,26275,3831988,2036,303817,27391,1056954,0.125715,41636,3930827,0.467535,29897,4987781,0.59325,8407551
2,2021-05-20,70122,8624062,40713,4458848,27210,3859198,2199,306016,26646,1043289,0.12409,43116,3973943,0.472664,29451,5017232,0.596753,8407551
2,2021-05-21,73685,8697747,43533,4502381,27972,3887170,2180,308196,27966,1028668,0.12235,45332,4019275,0.478055,30711,5047943,0.600406,8407551
2,2021-05-22,54006,8751753,34290,4536671,17938,3905108,1778,309974,22515,1022257,0.121588,31247,4050522,0.481772,24836,5072779,0.60336,8407551
2,2021-05-23,24532,8776285,16744,4553415,7064,3912172,724,310698,10284,1019298,0.121236,14111,4064633,0.48345,11152,5083931,0.604686,8407551
2,2021-05-24,45261,8821546,25739,4579154,17734,3929906,1788,312486,17343,1011101,0.120261,27672,4092305,0.486742,19475,5103406,0.607003,8407551
2,2021-05-25,51357,8872903,30094,4609248,19380,3949286,1883,314369,19527,1001546,0.119125,31504,4123809,0.490489,21949,5125355,0.609613,8407551
2,2021-05-26,49136,8922039,27546,4636794,19887,3969173,1703,316072,19202,993216,0.118134,29576,4153385,0.494007,21246,5146601,0.61214,8407551
2,2021-05-27,47100,8969139,26715,4663509,18640,3987813,1745,317817,18762,986154,0.117294,28072,4181457,0.497345,21010,5167611,0.614639,8407551
2,2021-05-28,50697,9019836,28040,4691549,20664,4008477,1993,319810,21244,980654,0.11664,29175,4210632,0.500816,23675,5191286,0.617455,8407551
2,2021-05-29,29288,9049124,17543,4709092,10675,4019152,1070,320880,13324,979442,0.116496,15791,4226423,0.502694,14579,5205865,0.619189,8407551
2,2021-05-30,12721,9061845,8196,4717288,3756,4022908,769,321649,5537,978700,0.116407,7114,4233537,0.50354,6372,5212237,0.619947,8407551
2,2021-05-31,5960,9067805,3498,4720786,2156,4025064,306,321955,1858,976877,0.11619,4036,4237573,0.50402,2213,5214450,0.62021,8407551
2,2021-06-01,45288,9113093,26021,4746807,17592,4042656,1675,323630,15733,965452,0.114832,29204,4266777,0.507493,17779,5232229,0.622325,8407551
2,2021-06-02,38642,9151735,22753,4769560,14465,4057121,1424,325054,15120,959059,0.114071,23239,4290016,0.510258,16846,5249075,0.624329,8407551
2,2021-06-03,41908,9193643,27008,4796568,13414,4070535,1486,326540,14139,947555,0.112703,27515,4317531,0.51353,16011,5265086,0.626233,8407551
2,2021-06-04,48745,9242388,31855,4828423,15321,4085856,1569,328109,15752,932735,0.11094,32667,4350198,0.517416,17847,5282933,0.628356,8407551
2,2021-06-05,38242,9280630,27311,4855734,9458,4095314,1473,329582,11889,920420,0.109475,26103,4376301,0.52052,13788,5296721,0.629996,8407551
2,2021-06-06,14978,9295608,12287,4868021,2110,4097424,581,330163,4657,915599,0.108902,10254,4386555,0.52174,5433,5302154,0.630642,8407551
2,2021-06-07,33577,9329185,23504,4891525,8784,4106208,1289,331452,10995,905709,0.107726,22410,4408965,0.524405,12520,5314674,0.632131,8407551
2,2021-06-08,40747,9369932,28823,4920348,10550,4116758,1374,332826,12479,891935,0.106087,28013,4436978,0.527737,14239,5328913,0.633825,8407551
2,2021-06-09,38276,9408208,26723,4947071,10050,4126808,1503,334329,11558,878807,0.104526,26513,4463491,0.530891,13385,5342298,0.635417,8407551
2,2021-06-10,37995,9446203,26424,4973495,10036,4136844,1535,335864,11628,866285,0.103037,26165,4489656,0.534003,13643,5355941,0.637039,8407551
2,2021-06-11,41718,9487921,27720,5001215,12317,4149161,1681,337545,13355,853538,0.10152,28088,4517744,0.537344,15341,5371282,0.638864,8407551
2,2021-06-12,29802,9517723,21962,5023177,6920,4156081,920,338465,8731,842503,0.100208,20922,4538666,0.539832,9887,5381169,0.64004,8407551
2,2021-06-13,12278,9530001,8971,5032148,2684,4158765,623,339088,3121,837327,0.099592,9089,4547755,0.540913,3913,5385082,0.640505,8407551
2,2021-06-14,30232,9560233,21465,5053613,7551,4166316,1216,340304,10438,829571,0.09867,19613,4567368,0.543246,11857,5396939,0.641916,8407551
2,2021-06-15,36040,9596273,24033,5077646,9941,4176257,2066,342370,12117,820491,0.09759,23639,4591007,0.546058,14559,5411498,0.643647,8407551
2,2021-06-16,33415,9629688,23091,5100737,8511,4184768,1813,344183,11551,812494,0.096639,21677,4612684,0.548636,13680,5425178,0.645274,8407551
2,2021-06-17,31079,9660767,20764,5121501,8507,4193275,1808,345991,10993,805605,0.095819,19898,4632582,0.551003,13009,5438187,0.646822,8407551
2,2021-06-18,34832,9695599,22957,5144458,9993,4203268,1882,347873,12609,798353,0.094957,21995,4654577,0.553619,14743,5452930,0.648575,8407551
2,2021-06-19,21015,9716614,14637,5159095,5115,4208383,1263,349136,7919,794803,0.094534,12930,4667507,0.555157,9380,5462310,0.649691,8407551
2,2021-06-20,8311,9724925,5942,5165037,1903,4210286,466,349602,3069,793213,0.094345,5195,4672702,0.555774,3605,5465915,0.65012,8407551
2,2021-06-21,19379,9744304,11868,5176905,6184,4216470,1327,350929,9882,795231,0.094585,9371,4682073,0.556889,11389,5477304,0.651474,8407551
2,2021-06-22,26926,9771230,18440,5195345,7102,4223572,1384,352313,10513,791165,0.094102,16238,4698311,0.55882,12172,5489476,0.652922,8407551
2,2021-06-23,25978,9797208,17928,5213273,6419,4229991,1631,353944,10525,788312,0.093762,15303,4713614,0.560641,12450,5501926,0.654403,8407551
2,2021-06-24,25453,9822661,17333,5230606,6588,4236579,1532,355476,10449,785677,0.093449,14847,4728461,0.562406,12212,5514138,0.655855,8407551
2,2021-06-25,28909,9851570,19587,5250193,7821,4244400,1501,356977,12008,782693,0.093094,16734,4745195,0.564397,13750,5527888,0.657491,8407551
2,2021-06-26,18761,9870331,13816,5264009,4008,4248408,937,357914,7637,780491,0.092832,11031,4756226,0.565709,8829,5536717,0.658541,8407551
2,2021-06-27,8889,9879220,6788,5270797,1650,4250058,451,358365,3573,779381,0.0927,5258,4761484,0.566334,4148,5540865,0.659034,8407551
2,2021-06-28,19988,9899208,15183,5285980,3555,4253613,1250,359615,8822,778621,0.09261,11027,4772511,0.567646,10267,5551132,0.660256,8407551
2,2021-06-29,22951,9922159,15988,5301968,5882,4259495,1081,360696,9847,776822,0.092396,12962,4785473,0.569188,11163,5562295,0.661583,8407551
2,2021-06-30,22234,9944393,15779,5317747,5424,4264919,1031,361727,9947,775896,0.092286,12134,4797607,0.570631,11208,5573503,0.662916,8407551
2,2021-07-01,20155,9964548,14245,5331992,5010,4269929,900,362627,8980,774943,0.092172,11036,4808643,0.571943,10083,5583586,0.664116,8407551
2,2021-07-02,23187,9987735,16001,5347993,6155,4276084,1031,363658,10283,773732,0.092028,12730,4821373,0.573457,11519,5595105,0.665486,8407551
2,2021-07-03,12680,10000415,9141,5357134,3061,4279145,478,364136,5812,773375,0.091986,6770,4828143,0.574263,6413,5601518,0.666248,8407551
2,2021-07-04,1019,10001434,598,5357732,354,4279499,67,364203,437,773332,0.091981,570,4828713,0.574331,527,5602045,0.666311,8407551
2,2021-07-05,11170,10012604,8175,5365907,2585,4282084,410,364613,5136,773047,0.091947,5959,4834672,0.575039,5674,5607719,0.666986,8407551
2,2021-07-06,24025,10036629,17444,5383351,5566,4287650,1015,365628,9293,769062,0.091473,14565,4849237,0.576772,10580,5618299,0.668244,8407551
2,2021-07-07,20726,10057355,14778,5398129,4837,4292487,1111,366739,8781,767418,0.091277,11798,4861035,0.578175,10154,5628453,0.669452,8407551
2,2021-07-08,19271,10076626,13425,5411554,4802,4297289,1044,367783,8087,765679,0.09107,11073,4872108,0.579492,9334,5637787,0.670562,8407551
2,2021-07-09,22727,10099353,15760,5427314,5706,4302995,1261,369044,9661,763875,0.090856,12926,4885034,0.581029,11122,5648909,0.671885,8407551
2,2021-07-10,14414,10113767,10636,5437950,3089,4306084,689,369733,6368,763139,0.090768,7950,4892984,0.581975,7214,5656123,0.672743,8407551
2,2021-07-11,6583,10120350,4844,5442794,1389,4307473,350,370083,3102,763225,0.090779,3436,4896420,0.582384,3522,5659645,0.673162,8407551
2,2021-07-12,18276,10138626,13438,5456232,3964,4311437,874,370957,7870,761887,0.090619,10284,4906704,0.583607,8946,5668591,0.674226,8407551
2,2021-07-13,19635,10158261,13871,5470103,4878,4316315,886,371843,8809,761102,0.090526,10675,4917379,0.584876,9890,5678481,0.675403,8407551
2,2021-07-14,18780,10177041,13414,5483517,4580,4320895,786,372629,8405,760262,0.090426,10243,4927622,0.586095,9403,5687884,0.676521,8407551
2,2021-07-15,18910,10195951,13706,5497223,4499,4325394,705,373334,8603,759599,0.090347,10187,4937809,0.587306,9524,5697408,0.677654,8407551
2,2021-07-16,22961,10218912,16519,5513742,5607,4331001,835,374169,11020,759854,0.090378,11806,4949615,0.588711,12061,5709469,0.679088,8407551
2,2021-07-17,14434,10233346,10515,5524257,3385,4334386,534,374703,6977,760136,0.090411,7364,4956979,0.589587,7646,5717115,0.679998,8407551
2,2021-07-18,7012,10240358,5238,5529495,1445,4335831,329,375032,3543,760654,0.090473,3425,4960404,0.589994,3943,5721058,0.680467,8407551
2,2021-07-19,18474,10258832,13765,5543260,3963,4339794,746,375778,9170,761564,0.090581,9187,4969591,0.591087,10097,5731155,0.681668,8407551
2,2021-07-20,21017,10279849,14969,5558229,5202,4344996,846,376624,10672,763094,0.090763,10207,4979798,0.592301,11737,5742892,0.683064,8407551
2,2021-07-21,20517,10300366,14942,5573171,4801,4349797,774,377398,10648,764974,0.090987,9739,4989537,0.593459,11619,5754511,0.684446,8407551
2,2021-07-22,20428,10320794,14587,5587758,4973,4354770,868,378266,10910,767556,0.091294,9369,4998906,0.594573,11951,5766462,0.685867,8407551
2,2021-07-23,24591,10345385,17235,5604993,6302,4361072,1054,379320,13391,771157,0.091722,11041,5009947,0.595887,14642,5781104,0.687609,8407551
2,2021-07-24,14912,10360297,10756,5615749,3659,4364731,497,379817,8338,773643,0.092018,6463,5016410,0.596655,8949,5790053,0.688673,8407551
2,2021-07-25,6737,10367034,4964,5620713,1630,4366361,143,379960,4981,777098,0.092429,1708,5018118,0.596858,5163,5795216,0.689287,8407551
2,2021-07-26,19194,10386228,13552,5634265,4858,4371219,784,380744,12156,783262,0.093162,6900,5025018,0.597679,13064,5808280,0.690841,8407551
2,2021-07-27,23026,10409254,16674,5650939,5486,4376705,866,381610,13483,788388,0.093771,9374,5034392,0.598794,14500,5822780,0.692566,8407551
2,2021-07-28,22738,10431992,16270,5667209,5564,4382269,904,382514,13455,793820,0.094418,9113,5043505,0.599878,14545,5837325,0.694296,8407551
2,2021-07-29,21530,10453522,15442,5682651,5174,4387443,914,383428,13014,799532,0.095097,8370,5051875,0.600874,14082,5851407,0.69597,8407551
2,2021-07-30,26335,10479857,18755,5701406,6614,4394057,966,384394,15770,806103,0.095878,10365,5062240,0.602106,16936,5868343,0.697985,8407551
2,2021-07-31,15766,10495623,11614,5713020,3644,4397701,508,384902,9544,810197,0.096365,6096,5068336,0.602831,10190,5878533,0.699197,8407551
2,2021-08-01,8066,10503689,6205,5719225,1689,4399390,172,385074,5287,813006,0.0967,2714,5071050,0.603154,5523,5884056,0.699854,8407551
2,2021-08-02,21301,10524990,16016,5735241,4520,4403910,765,385839,13499,819727,0.097499,7658,5078708,0.604065,14379,5898435,0.701564,8407551
2,2021-08-03,24162,10549152,17621,5752862,5525,4409435,1016,386855,15025,826917,0.098354,8983,5087691,0.605134,16173,5914608,0.703488,8407551
2,2021-08-04,22799,10571951,16894,5769756,5032,4414467,873,387728,14208,833651,0.099155,8444,5096135,0.606138,15178,5929786,0.705293,8407551
2,2021-08-05,23175,10595126,16992,5786748,5239,4419706,944,388672,14336,840378,0.099955,8667,5104802,0.607169,15394,5945180,0.707124,8407551
2,2021-08-06,27733,10622859,20309,5807057,6435,4426141,989,389661,16894,847736,0.10083,10653,5115455,0.608436,18011,5963191,0.709266,8407551
2,2021-08-07,16901,10639760,12568,5819625,3736,4429877,597,390258,10376,852378,0.101382,6413,5121868,0.609199,11055,5974246,0.710581,8407551
2,2021-08-08,9375,10649135,7101,5826726,2045,4431922,229,390487,5856,855072,0.101703,3433,5125301,0.609607,6127,5980373,0.71131,8407551
2,2021-08-09,23302,10672437,17879,5844605,4658,4436580,765,391252,14088,861007,0.102409,9049,5134350,0.610683,14984,5995357,0.713092,8407551
2,2021-08-10,24377,10696814,17956,5862561,5567,4442147,854,392106,14313,866427,0.103053,9886,5144236,0.611859,15306,6010663,0.714912,8407551
2,2021-08-11,22052,10718866,16467,5879028,4678,4446825,907,393013,12802,871163,0.103617,9071,5153307,0.612938,13807,6024470,0.716555,8407551
2,2021-08-12,23888,10742754,17081,5896109,5729,4452554,1078,394091,13921,876509,0.104253,9755,5163062,0.614098,15101,6039571,0.718351,8407551
2,2021-08-13,29923,10772677,21649,5917758,7229,4459783,1045,395136,17305,882736,0.104993,12257,5175319,0.615556,18484,6058055,0.720549,8407551
2,2021-08-14,18703,10791380,13779,5931537,4419,4464202,505,395641,10466,886204,0.105406,7643,5182962,0.616465,11111,6069166,0.721871,8407551
2,2021-08-15,9780,10801160,7345,5938882,2245,4466447,190,395831,5360,887837,0.1056,3988,5186950,0.616939,5621,6074787,0.722539,8407551
2,2021-08-16,24755,10825915,17508,5956390,6401,4472848,846,396677,12905,891128,0.105991,10605,5197555,0.618201,13896,6088683,0.724192,8407551
2,2021-08-17,25984,10851899,18377,5974767,6665,4479513,942,397619,12888,893446,0.106267,11642,5209197,0.619586,13960,6102643,0.725853,8407551
2,2021-08-18,26240,10878139,18633,5993400,6712,4486225,895,398514,12843,895666,0.106531,11667,5220864,0.620973,13887,6116530,0.727504,8407551
2,2021-08-19,26037,10904176,17979,6011379,7035,4493260,1023,399537,12913,898447,0.106862,11286,5232150,0.622316,14067,6130597,0.729177,8407551
2,2021-08-20,32476,10936652,22813,6034192,8618,4501878,1045,400582,15264,900110,0.10706,14796,5246946,0.624075,16459,6147056,0.731135,8407551
2,2021-08-21,19031,10955683,14046,6048238,4436,4506314,549,401131,9063,900979,0.107163,8878,5255824,0.625131,9747,6156803,0.732294,8407551
2,2021-08-22,10699,10966382,7914,6056152,2571,4508885,214,401345,5278,901706,0.10725,4843,5260667,0.625707,5570,6162373,0.732957,8407551
2,2021-08-23,26700,10993082,19531,6075683,6447,4515332,722,402067,12484,902739,0.107372,12420,5273087,0.627185,13453,6175826,0.734557,8407551
2,2021-08-24,27400,11020482,20395,6096078,6134,4521466,871,402938,12113,902521,0.107346,13419,5286506,0.628781,13201,6189027,0.736127,8407551
2,2021-08-25,26261,11046743,19913,6115991,5611,4527077,737,403675,11947,902857,0.107386,12561,5299067,0.630275,12897,6201924,0.737661,8407551
2,2021-08-26,26427,11073170,19706,6135697,5902,4532979,819,404494,11816,902992,0.107403,12690,5311757,0.631784,12825,6214749,0.739187,8407551
2,2021-08-27,32458,11105628,24131,6159828,7422,4540401,905,405399,13501,901291,0.1072,16390,5328147,0.633734,14689,6229438,0.740934,8407551
2,2021-08-28,19134,11124762,14614,6174442,4151,4544552,369,405768,8120,900152,0.107065,9813,5337960,0.634901,8674,6238112,0.741965,8407551
2,2021-08-29,11155,11135917,8533,6182975,2471,4547023,151,405919,4816,899538,0.106992,5706,5343666,0.635579,5092,6243204,0.742571,8407551
2,2021-08-30,25759,11161676,19208,6202183,5877,4552900,674,406593,10539,897801,0.106785,13206,5356872,0.63715,11469,6254673,0.743935,8407551
2,2021-08-31,25378,11187054,18507,6220690,6172,4559072,699,407292,10268,896063,0.106578,12943,5369815,0.63869,11205,6265878,0.745268,8407551
2,2021-09-01,24596,11211650,17948,6238638,5950,4565022,698,407990,10644,895897,0.106559,11734,5381549,0.640085,11568,6277446,0.746644,8407551
2,2021-09-02,23642,11235292,17000,6255638,6000,4571022,642,408632,9651,894690,0.106415,11679,5393228,0.641474,10472,6287918,0.747889,8407551
2,2021-09-03,28781,11264073,20955,6276593,7163,4578185,663,409295,10971,891442,0.106029,15103,5408331,0.643271,11855,6299773,0.749299,8407551
2,2021-09-04,9372,11273445,6821,6283414,2356,4580541,195,409490,3572,890265,0.105889,5095,5413426,0.643877,3918,6303691,0.749765,8407551
3,2020-12-15,342,342,342,342,0,0,0,0,342,342,4.2e-05,0,0,0.0,342,342,4.2e-05,8129050
3,2020-12-16,2540,2882,2540,2882,0,0,0,0,2540,2882,0.000355,0,0,0.0,2540,2882,0.000355,8129050
3,2020-12-17,7964,10846,7964,10846,0,0,0,0,7965,10847,0.001334,0,0,0.0,7965,10847,0.001334,8129050
3,2020-12-18,13586,24432,13565,24411,21,21,0,0,13581,24428,0.003005,0,0,0.0,13581,24428,0.003005,8129050
3,2020-12-19,7292,31724,7280,31691,12,33,0,0,7347,31773,0.003909,2,2,0.0,7347,31775,0.003909,8129050
3,2020-12-20,5709,37433,5695,37386,14,47,0,0,5757,37529,0.004617,1,3,0.0,5757,37532,0.004617,8129050
3,2020-12-21,14518,51951,14489,51875,29,76,0,0,14581,52109,0.00641,1,4,0.0,14581,52113,0.006411,8129050
3,2020-12-22,15015,66966,14401,66276,614,690,0,0,15050,67154,0.008261,5,9,1e-06,15050,67163,0.008262,8129050
3,2020-12-23,15041,82007,12379,78655,2662,3352,0,0,15062,82215,0.010114,2,11,1e-06,15063,82226,0.010115,8129050
3,2020-12-24,6880,88887,4922,83577,1958,5310,0,0,6876,89088,0.010959,3,14,2e-06,6876,89102,0.010961,8129050
3,2020-12-25,748,89635,686,84263,62,5372,0,0,743,89829,0.01105,2,16,2e-06,743,89845,0.011052,8129050
3,2020-12-26,4639,94274,3013,87276,1626,6998,0,0,4637,94466,0.011621,0,16,2e-06,4637,94482,0.011623,8129050
3,2020-12-27,3034,97308,1875,89151,1159,8157,0,0,3033,97499,0.011994,0,16,2e-06,3033,97515,0.011996,8129050
3,2020-12-28,13852,111160,8864,98015,4988,13145,0,0,13867,111357,0.013699,9,25,3e-06,13867,111382,0.013702,8129050
3,2020-12-29,15499,126659,8783,106798,6716,19861,0,0,15525,126879,0.015608,3,28,3e-06,15525,126907,0.015612,8129050
3,2020-12-30,18429,145088,10342,117140,8087,27948,0,0,18434,145311,0.017876,3,31,4e-06,18435,145342,0.017879,8129050
3,2020-12-31,8548,153636,3261,120401,5287,33235,0,0,8548,153857,0.018927,2,33,4e-06,8548,153890,0.018931,8129050
3,2021-01-01,1927,155563,929,121330,998,34233,0,0,1921,155776,0.019163,2,35,4e-06,1921,155811,0.019167,8129050
3,2021-01-02,5007,160570,2467,123797,2540,36773,0,0,5004,160779,0.019778,1,36,4e-06,5004,160815,0.019783,8129050
3,2021-01-03,1642,162212,864,124661,778,37551,0,0,1633,162410,0.019979,2,38,5e-06,1633,162448,0.019984,8129050
3,2021-01-04,12205,174417,6060,130721,6145,43696,0,0,12174,174575,0.021475,9,47,6e-06,12174,174622,0.021481,8129050
3,2021-01-05,15966,190383,8297,139018,7669,51365,0,0,14247,187157,0.023023,1699,1746,0.000215,14281,188903,0.023238,8129050
3,2021-01-06,20808,211191,11030,150048,9778,61143,0,0,16145,198697,0.024443,4616,6362,0.000783,16156,205059,0.025225,8129050
3,2021-01-07,26887,238078,15370,165418,11517,72660,0,0,17292,206453,0.025397,9555,15917,0.001958,17311,222370,0.027355,8129050
3,2021-01-08,30904,268982,18848,184266,12056,84716,0,0,18271,212146,0.026097,12608,28525,0.003509,18301,240671,0.029606,8129050
3,2021-01-09,12618,281600,7125,191391,5493,90209,0,0,8031,215608,0.026523,4579,33104,0.004072,8041,248712,0.030595,8129050
3,2021-01-10,7288,288888,4514,195905,2774,92983,0,0,4100,216531,0.026637,3185,36289,0.004464,4108,252820,0.031101,8129050
3,2021-01-11,29496,318384,19284,215189,10212,103195,0,0,16686,220472,0.027121,12795,49084,0.006038,16736,269556,0.03316,8129050
3,2021-01-12,33077,351461,19659,234848,13418,116613,0,0,20265,228101,0.02806,12789,61873,0.007611,20418,289974,0.035671,8129050
3,2021-01-13,35052,386513,18279,253127,16773,133386,0,0,24671,242424,0.029822,10375,72248,0.008888,24698,314672,0.03871,8129050
3,2021-01-14,35092,421605,14347,267474,20745,154131,0,0,29104,265658,0.03268,5912,78160,0.009615,29146,343818,0.042295,8129050
3,2021-01-15,39408,461013,14656,282130,24752,178883,0,0,34654,295661,0.036371,4731,82891,0.010197,34734,378552,0.046568,8129050
3,2021-01-16,22051,483064,7527,289657,14524,193407,0,0,19659,312964,0.038499,2380,85271,0.01049,19683,398235,0.048989,8129050
3,2021-01-17,13226,496290,4504,294161,8722,202129,0,0,12129,324014,0.039859,1097,86368,0.010625,12147,410382,0.050483,8129050
3,2021-01-18,24990,521280,13054,307215,11936,214065,0,0,19293,337647,0.041536,5711,92079,0.011327,19344,429726,0.052863,8129050
3,2021-01-19,41602,562882,21224,328439,20378,234443,0,0,32160,360485,0.044345,9414,101493,0.012485,32252,461978,0.056831,8129050
3,2021-01-20,46597,609479,23198,351637,23399,257842,0,0,36841,387704,0.047694,9712,111205,0.01368,36931,498909,0.061374,8129050
3,2021-01-21,48646,658125,21152,372789,27494,285336,0,0,42965,425160,0.052301,5597,116802,0.014368,43053,541962,0.06667,8129050
3,2021-01-22,50258,708383,20038,392827,30220,315556,0,0,45923,466828,0.057427,4329,121131,0.014901,45997,587959,0.072328,8129050
3,2021-01-23,30691,739074,12908,405735,17783,333339,0,0,27359,490928,0.060392,3321,124452,0.01531,27421,615380,0.075701,8129050
3,2021-01-24,18102,757176,8558,414293,9544,342883,0,0,16900,506663,0.062327,1198,125650,0.015457,16933,632313,0.077784,8129050
3,2021-01-25,41339,798515,18421,432714,22918,365801,0,0,31160,527764,0.064923,10155,135805,0.016706,31256,663569,0.081629,8129050
3,2021-01-26,47799,846314,22835,455549,24964,390765,0,0,37414,554923,0.068264,10369,146174,0.017982,37528,701097,0.086246,8129050
3,2021-01-27,52111,898425,24803,480352,27308,418073,0,0,41233,585437,0.072018,10807,156981,0.019311,41321,742418,0.091329,8129050
3,2021-01-28,52721,951146,24430,504782,28291,446364,0,0,43573,620019,0.076272,9055,166036,0.020425,43637,786055,0.096697,8129050
3,2021-01-29,51687,1002833,24721,529503,26966,473330,0,0,41747,652078,0.080216,9744,175780,0.021624,41803,827858,0.101839,8129050
3,2021-01-30,37842,1040675,17818,547321,20024,493354,0,0,33060,680509,0.083713,4727,180507,0.022205,33158,861016,0.105918,8129050
3,2021-01-31,22951,1063626,12925,560246,10026,503380,0,0,21498,700600,0.086185,1434,181941,0.022382,21525,882541,0.108566,8129050
3,2021-02-01,46696,1110322,21372,581618,25324,528704,0,0,35537,725093,0.089198,11089,193030,0.023746,35582,918123,0.112943,8129050
3,2021-02-02,55101,1165423,22981,604599,32120,560824,0,0,42439,755026,0.09288,12561,205591,0.025291,42494,960617,0.118171,8129050
3,2021-02-03,60612,1226035,26933,631532,33679,594503,0,0,44984,784621,0.096521,15467,221058,0.027194,45062,1005679,0.123714,8129050
3,2021-02-04,65063,1291098,28153,659685,36910,631413,0,0,47542,814987,0.100256,17307,238365,0.029323,47673,1053352,0.129579,8129050
3,2021-02-05,71326,1362424,30034,689719,41292,672705,0,0,49131,842399,0.103628,21934,260299,0.032021,49346,1102698,0.135649,8129050
3,2021-02-06,44099,1406523,21088,710807,23011,695716,0,0,34286,867119,0.106669,9764,270063,0.033222,34484,1137182,0.139891,8129050
3,2021-02-07,19935,1426458,12694,723501,7241,702957,0,0,15299,877931,0.107999,4617,274680,0.03379,15429,1152611,0.141789,8129050
3,2021-02-08,52009,1478467,25105,748606,26904,729861,0,0,33977,894212,0.110002,17893,292573,0.035991,34174,1186785,0.145993,8129050
3,2021-02-09,59346,1537813,28789,777395,30557,760418,0,0,34619,904677,0.111289,24516,317089,0.039007,34981,1221766,0.150296,8129050
3,2021-02-10,69016,1606829,32099,809494,36917,797335,0,0,36843,910177,0.111966,31867,348956,0.042927,37367,1259133,0.154893,8129050
3,2021-02-11,71549,1678378,35170,844664,36379,833714,0,0,37863,915316,0.112598,33282,382238,0.047021,38421,1297554,0.159619,8129050
3,2021-02-12,76473,1754851,32935,877599,43538,877252,0,0,42053,924079,0.113676,34067,416305,0.051212,42830,1340384,0.164888,8129050
3,2021-02-13,45570,1800421,20640,898239,24930,902182,0,0,26058,931343,0.11457,19389,435694,0.053597,26653,1367037,0.168167,8129050
3,2021-02-14,27642,1828063,13799,912038,13843,916025,0,0,15306,934855,0.115002,12265,447959,0.055106,15777,1382814,0.170108,8129050
3,2021-02-15,40612,1868675,17498,929536,23114,939139,0,0,22378,940076,0.115644,18116,466075,0.057334,23337,1406151,0.172979,8129050
3,2021-02-16,71009,1939684,33619,963155,37390,976529,0,0,36706,943704,0.11609,34134,500209,0.061534,37762,1443913,0.177624,8129050
3,2021-02-17,72804,2012488,36765,999920,36039,1012568,0,0,34343,940933,0.115749,38191,538400,0.066232,35420,1479333,0.181981,8129050
3,2021-02-18,77940,2090428,40698,1040618,37242,1049810,0,0,35888,936346,0.115185,41834,580234,0.071378,37247,1516580,0.186563,8129050
3,2021-02-19,70054,2160482,40342,1080960,29712,1079522,0,0,35262,937687,0.11535,34606,614840,0.075635,35947,1552527,0.190985,8129050
3,2021-02-20,43590,2204072,27486,1108446,16104,1095626,0,0,22656,940081,0.115645,20802,635642,0.078194,23196,1575723,0.193839,8129050
3,2021-02-21,24582,2228654,19732,1128178,4850,1100476,0,0,11794,939626,0.115589,12676,648318,0.079753,12221,1587944,0.195342,8129050
3,2021-02-22,48034,2276688,31254,1159432,16780,1117256,0,0,22426,937111,0.115279,25450,673768,0.082884,22935,1610879,0.198163,8129050
3,2021-02-23,64269,2340957,34872,1194304,29397,1146653,0,0,27926,930974,0.114524,36086,709854,0.087323,29949,1640828,0.201847,8129050
3,2021-02-24,80446,2421403,39542,1233846,40904,1187557,0,0,35324,924013,0.113668,44839,754693,0.092839,37878,1678706,0.206507,8129050
3,2021-02-25,90167,2511570,43909,1277755,46258,1233815,0,0,44708,926226,0.11394,45128,799821,0.09839,47341,1726047,0.212331,8129050
3,2021-02-26,101169,2612739,46258,1324013,54911,1288726,0,0,53141,934024,0.1149,47583,847404,0.104244,55381,1781428,0.219143,8129050
3,2021-02-27,71725,2684464,32952,1356965,38769,1327495,4,4,37609,939113,0.115526,33862,881266,0.108409,38951,1820379,0.223935,8129050
3,2021-02-28,41890,2726354,24207,1381172,17678,1345173,5,9,21165,940747,0.115727,20515,901781,0.110933,22149,1842528,0.22666,8129050
3,2021-03-01,70979,2797333,37595,1418767,33323,1378496,61,70,39404,950307,0.116903,31290,933071,0.114782,40850,1883378,0.231685,8129050
3,2021-03-02,82398,2879731,40616,1459383,41766,1420262,16,86,47413,965083,0.11872,34797,967868,0.119063,49573,1932951,0.237783,8129050
3,2021-03-03,92396,2972127,44209,1503592,48148,1468410,39,125,51507,978327,0.120349,40620,1008488,0.12406,53864,1986815,0.244409,8129050
3,2021-03-04,96786,3068913,47344,1550936,49416,1517826,26,151,54654,993471,0.122212,41858,1050346,0.129209,57002,2043817,0.251421,8129050
3,2021-03-05,93255,3162168,45541,1596477,47407,1565233,307,458,56205,1015512,0.124924,36737,1087083,0.133728,58778,2102595,0.258652,8129050
3,2021-03-06,66619,3228787,33756,1630233,30688,1595921,2175,2633,37894,1028485,0.12652,28552,1115635,0.137241,41525,2144120,0.26376,8129050
3,2021-03-07,39623,3268410,22829,1653062,14864,1610785,1930,4563,22263,1036559,0.127513,17274,1132909,0.139365,25348,2169468,0.266878,8129050
3,2021-03-08,60870,3329280,28959,1682021,28870,1639655,3041,7604,38426,1057280,0.130062,22265,1155174,0.142104,42986,2212454,0.272166,8129050
3,2021-03-09,78149,3407429,36046,1718067,37595,1677250,4508,12112,41920,1068778,0.131476,36049,1191223,0.146539,47547,2260001,0.278015,8129050
3,2021-03-10,84259,3491688,41890,1759957,36186,1713436,6183,18295,43919,1080145,0.132875,40085,1231308,0.15147,51452,2311453,0.284345,8129050
3,2021-03-11,98492,3590180,48189,1808146,41601,1755037,8702,26997,48122,1087928,0.133832,50062,1281370,0.157629,57845,2369298,0.291461,8129050
3,2021-03-12,103261,3693441,46116,1854262,45205,1800242,11940,38937,47032,1091989,0.134332,55939,1337309,0.16451,60000,2429298,0.298842,8129050
3,2021-03-13,71173,3764614,29959,1884221,33898,1834140,7316,46253,37485,1104552,0.135877,33526,1370835,0.168634,46089,2475387,0.304511,8129050
3,2021-03-14,41659,3806273,21755,1905976,16320,1850460,3584,49837,20974,1109132,0.136441,20584,1391419,0.171166,25164,2500551,0.307607,8129050
3,2021-03-15,76504,3882777,36286,1942262,35625,1886085,4593,54430,40243,1118936,0.137647,35993,1427412,0.175594,45797,2546348,0.313241,8129050
3,2021-03-16,95961,3978738,44247,1986509,47336,1933421,4378,58808,53822,1136156,0.139765,41856,1469268,0.180743,59076,2605424,0.320508,8129050
3,2021-03-17,99347,4078085,48238,2034747,46512,1979933,4597,63405,60184,1162661,0.143025,38895,1508163,0.185528,65400,2670824,0.328553,8129050
3,2021-03-18,104646,4182731,53178,2087925,46872,2026805,4596,68001,59808,1183064,0.145535,44514,1552677,0.191003,64917,2735741,0.336539,8129050
3,2021-03-19,104285,4287016,55965,2143890,43819,2070624,4501,72502,57899,1199902,0.147607,46071,1598748,0.196671,62909,2798650,0.344278,8129050
3,2021-03-20,72651,4359667,37432,2181322,31478,2102102,3741,76243,44574,1220834,0.150182,27841,1626589,0.200096,48773,2847423,0.350277,8129050
3,2021-03-21,36687,4396354,24894,2206216,10261,2112363,1532,77775,22007,1230299,0.151346,14547,1641136,0.201885,24012,2871435,0.353231,8129050
3,2021-03-22,71223,4467577,41840,2248056,26830,2139193,2553,80328,45154,1253216,0.154165,25789,1666925,0.205058,48706,2920141,0.359223,8129050
3,2021-03-23,90806,4558383,50241,2298297,37977,2177170,2588,82916,55176,1276352,0.157011,35323,1702248,0.209403,58459,2978600,0.366414,8129050
3,2021-03-24,99907,4658290,57491,2355788,39443,2216613,2973,85889,56339,1293104,0.159072,43156,1745404,0.214712,59908,3038508,0.373784,8129050
3,2021-03-25,108616,4766906,60332,2416120,45221,2261834,3063,88952,60625,1309827,0.161129,47591,1792995,0.220566,64314,3102822,0.381696,8129050
3,2021-03-26,111971,4878877,60075,2476195,48495,2310329,3401,92353,57152,1316792,0.161986,54420,1847415,0.227261,61385,3164207,0.389247,8129050
3,2021-03-27,75410,4954287,38355,2514550,34479,2344808,2576,94929,36224,1317331,0.162052,38919,1886334,0.232049,39458,3203665,0.394101,8129050
3,2021-03-28,44863,4999150,28285,2542835,15754,2360562,824,95753,22469,1319019,0.16226,22255,1908589,0.234786,23943,3227608,0.397046,8129050
3,2021-03-29,81802,5080952,42735,2585570,37198,2397760,1869,97622,44332,1328893,0.163475,37181,1945770,0.23936,47055,3274663,0.402835,8129050
3,2021-03-30,101489,5182441,49880,2635450,47882,2445642,3727,101349,56356,1344726,0.165422,44834,1990604,0.244875,60667,3335330,0.410298,8129050
3,2021-03-31,106161,5288602,57245,2692695,44011,2489653,4905,106254,56324,1356732,0.166899,49541,2040145,0.25097,61547,3396877,0.417869,8129050
3,2021-04-01,125187,5413789,63276,2755971,52022,2541675,9889,116143,67025,1376195,0.169293,57661,2097806,0.258063,77124,3474001,0.427356,8129050
3,2021-04-02,118980,5532769,58018,2813989,50480,2592155,10482,126625,62249,1392921,0.171351,56387,2154193,0.264999,73113,3547114,0.43635,8129050
3,2021-04-03,76637,5609406,39203,2853192,28126,2620281,9308,135933,38039,1402116,0.172482,38413,2192606,0.269725,47608,3594722,0.442207,8129050
3,2021-04-04,32660,5642066,17470,2870662,10934,2631215,4256,140189,14214,1402217,0.172495,18348,2210954,0.271982,18449,3613171,0.444476,8129050
3,2021-04-05,90551,5732617,45947,2916609,35241,2666456,9363,149552,43780,1409613,0.173404,46507,2257461,0.277703,53903,3667074,0.451107,8129050
3,2021-04-06,114453,5847070,55669,2972278,43441,2709897,15343,164895,53535,1418517,0.1745,60604,2318065,0.285158,69508,3736582,0.459658,8129050
3,2021-04-07,117258,5964328,60671,3032949,40171,2750068,16416,181311,56358,1430925,0.176026,60589,2378654,0.292612,72997,3809579,0.468638,8129050
3,2021-04-08,122342,6086670,60905,3093854,41096,2791164,20341,201652,56567,1443076,0.177521,65429,2444083,0.30066,77580,3887159,0.478181,8129050
3,2021-04-09,119501,6206171,59499,3153353,40672,2831836,19330,220982,52273,1448533,0.178192,66934,2511017,0.308894,72391,3959550,0.487086,8129050
3,2021-04-10,85116,6291287,38224,3191577,31465,2863301,15427,236409,34602,1449011,0.178251,50289,2561306,0.315081,50767,4010317,0.493332,8129050
3,2021-04-11,45628,6336915,24410,3215987,13108,2876409,8110,244519,17308,1447007,0.178004,28207,2589513,0.318551,26203,4036520,0.496555,8129050
3,2021-04-12,84746,6421661,42769,3258756,33053,2909462,8924,253443,38156,1448832,0.178229,46307,2635820,0.324247,48132,4084652,0.502476,8129050
3,2021-04-13,106294,6527955,57556,3316312,48524,2957986,214,253657,55745,1455419,0.179039,50263,2686083,0.33043,56850,4141502,0.509469,8129050
3,2021-04-14,108471,6636426,59333,3375645,49025,3007011,113,253770,53720,1456289,0.179146,54408,2740491,0.337123,55278,4196780,0.516269,8129050
3,2021-04-15,120123,6756549,67583,3443228,52453,3059464,87,253857,63801,1465057,0.180225,55945,2796436,0.344005,64713,4261493,0.52423,8129050
3,2021-04-16,116299,6872848,65209,3508437,50990,3110454,100,253957,60420,1470714,0.180921,55533,2851969,0.350837,61190,4322683,0.531757,8129050
3,2021-04-17,80059,6952907,43688,3552125,36356,3146810,15,253972,44450,1480806,0.182162,35358,2887327,0.355186,45450,4368133,0.537349,8129050
3,2021-04-18,39135,6992042,23674,3575799,15451,3162261,10,253982,18275,1479265,0.181973,20715,2908042,0.357735,19174,4387307,0.539707,8129050
3,2021-04-19,79625,7071667,44297,3620096,35268,3197529,60,254042,35634,1471731,0.181046,43748,2951790,0.363116,36214,4423521,0.544162,8129050
3,2021-04-20,101328,7172995,53321,3673417,47983,3245512,24,254066,48683,1469153,0.180729,52330,3004120,0.369554,49752,4473273,0.550282,8129050
3,2021-04-21,106633,7279628,59883,3733300,46668,3292180,82,254148,50082,1464294,0.180131,56121,3060241,0.376457,51262,4524535,0.556588,8129050
3,2021-04-22,112710,7392338,63329,3796629,49352,3341532,29,254177,48202,1449391,0.178298,64102,3124343,0.384343,49199,4573734,0.562641,8129050
3,2021-04-23,107044,7499382,61230,3857859,45781,3387313,33,254210,46679,1437161,0.176793,59970,3184313,0.39172,47740,4621474,0.568513,8129050
3,2021-04-24,74507,7573889,45975,3903834,28458,3415771,74,254284,36180,1436406,0.1767,38023,3222336,0.396398,37268,4658742,0.573098,8129050
3,2021-04-25,37207,7611096,23739,3927573,13450,3429221,18,254302,18938,1437672,0.176856,18093,3240429,0.398623,19359,4678101,0.575479,8129050
3,2021-04-26,74606,7685702,42191,3969764,31993,3461214,422,254724,31729,1428611,0.175741,42572,3283001,0.40386,33511,4711612,0.579602,8129050
3,2021-04-27,91757,7777459,48192,4017956,41802,3503016,1763,256487,36246,1412224,0.173726,55174,3338175,0.410648,38787,4750399,0.584373,8129050
3,2021-04-28,87602,7865061,49747,4067703,35697,3538713,2158,258645,35605,1398866,0.172082,51668,3389843,0.417004,38310,4788709,0.589086,8129050
3,2021-04-29,89939,7955000,51371,4119074,36321,3575034,2247,260892,31948,1375941,0.169262,57613,3447456,0.424091,34688,4823397,0.593353,8129050
3,2021-04-30,91467,8046467,51595,4170669,37379,3612413,2493,263385,33953,1355751,0.166779,57102,3504558,0.431115,36912,4860309,0.597894,8129050
3,2021-05-01,56092,8102559,35122,4205791,19475,3631888,1495,264880,20186,1342347,0.16513,35580,3540138,0.435492,22176,4882485,0.600622,8129050
3,2021-05-02,27165,8129724,18549,4224340,7591,3639479,1025,265905,9947,1336321,0.164388,17099,3557237,0.437596,11073,4893558,0.601984,8129050
3,2021-05-03,60340,8190064,35464,4259804,22489,3661968,2387,268292,17502,1313815,0.16162,42576,3599813,0.442833,20070,4913628,0.604453,8129050
3,2021-05-04,78110,8268174,45149,4304953,30263,3692231,2698,270990,22599,1284193,0.157976,55189,3655002,0.449622,25567,4939195,0.607598,8129050
3,2021-05-05,79656,8347830,47820,4352773,29107,3721338,2729,273719,21952,1251849,0.153997,57326,3712328,0.456674,24982,4964177,0.610671,8129050
3,2021-05-06,83929,8431759,53103,4405876,28277,3749615,2549,276268,20589,1212709,0.149182,62822,3775150,0.464402,23682,4987859,0.613584,8129050
3,2021-05-07,82999,8514758,51718,4457594,28626,3778241,2655,278923,21870,1176798,0.144765,60736,3835886,0.471874,24825,5012684,0.616638,8129050
3,2021-05-08,53029,8567787,32879,4490473,18418,3796659,1732,280655,14000,1154059,0.141967,38741,3874627,0.47664,16002,5028686,0.618607,8129050
3,2021-05-09,21119,8588906,15438,4505911,4886,3801545,795,281450,5487,1144883,0.140838,15528,3890155,0.47855,6352,5035038,0.619388,8129050
3,2021-05-10,48475,8637381,26089,4532000,20464,3822009,1922,283372,11195,1121201,0.137925,37054,3927209,0.483108,13372,5048410,0.621033,8129050
3,2021-05-11,64594,8701975,36244,4568244,26115,3848124,2235,285607,16178,1091942,0.134326,48143,3975352,0.48903,18884,5067294,0.623356,8129050
3,2021-05-12,65323,8767298,37538,4605782,25369,3873493,2416,288023,16639,1062931,0.130757,48384,4023736,0.494982,19373,5086667,0.625739,8129050
3,2021-05-13,75973,8843271,47882,4653664,26159,3899652,1932,289955,27681,1045148,0.12857,48020,4071756,0.50089,30237,5116904,0.629459,8129050
3,2021-05-14,80975,8924246,51099,4704763,27713,3927365,2163,292118,31305,1029875,0.126691,49343,4121099,0.506959,34070,5150974,0.63365,8129050
3,2021-05-15,62605,8986851,43143,4747906,18230,3945595,1232,293350,25852,1020673,0.125559,36522,4157621,0.511452,27320,5178294,0.637011,8129050
3,2021-05-16,33369,9020220,24964,4772870,7713,3953308,692,294042,13467,1015153,0.12488,19773,4177394,0.513885,14253,5192547,0.638764,8129050
3,2021-05-17,57332,9077552,36503,4809373,18963,3972271,1866,295908,21083,1002356,0.123305,35956,4213350,0.518308,23159,5215706,0.641613,8129050
3,2021-05-18,64930,9142482,38333,4847706,24716,3996987,1881,297789,24345,988683,0.121623,40294,4253644,0.523265,26621,5242327,0.644888,8129050
3,2021-05-19,64438,9206920,39167,4886873,23503,4020490,1768,299557,24909,976388,0.120111,39253,4292897,0.528093,26958,5269285,0.648204,8129050
3,2021-05-20,62235,9269155,36422,4923295,23948,4044438,1865,301422,22281,961228,0.118246,39648,4332545,0.532971,24488,5293773,0.651217,8129050
3,2021-05-21,66615,9335770,40492,4963787,24004,4068442,2119,303541,23766,944925,0.116241,42497,4375042,0.538198,26194,5319967,0.654439,8129050
3,2021-05-22,46089,9381859,30548,4994335,14063,4082505,1478,305019,19147,939105,0.115525,26701,4401743,0.541483,20881,5340848,0.657008,8129050
3,2021-05-23,21866,9403725,15131,5009466,6079,4088584,656,305675,9242,936588,0.115215,12528,4414271,0.543024,10011,5350859,0.658239,8129050
3,2021-05-24,39944,9443669,23390,5032856,14778,4103362,1776,307451,14737,928310,0.114197,24991,4439262,0.546098,16713,5367572,0.660295,8129050
3,2021-05-25,43172,9486841,24292,5057148,17184,4120546,1696,309147,15306,917977,0.112925,27568,4466830,0.54949,17235,5384807,0.662415,8129050
3,2021-05-26,42766,9529607,24468,5081616,16547,4137093,1751,310898,16013,909436,0.111875,26445,4493275,0.552743,17904,5402711,0.664618,8129050
3,2021-05-27,39697,9569304,22258,5103874,15677,4152770,1762,312660,15502,902948,0.111077,24003,4517278,0.555696,17515,5420226,0.666772,8129050
3,2021-05-28,43295,9612599,24481,5128355,17000,4169770,1814,314474,17983,897981,0.110466,25087,4542365,0.558782,20120,5440346,0.669247,8129050
3,2021-05-29,23648,9636247,14454,5142809,8353,4178123,841,315315,11001,897462,0.110402,12496,4554861,0.560319,11977,5452323,0.670721,8129050
3,2021-05-30,10683,9646930,6927,5149736,3119,4181242,637,315952,4483,896507,0.110284,6118,4560979,0.561072,5163,5457486,0.671356,8129050
3,2021-05-31,4711,9651641,2729,5152465,1715,4182957,267,316219,1474,895098,0.110111,3179,4564158,0.561463,1770,5459256,0.671574,8129050
3,2021-06-01,38081,9689722,21920,5174385,14702,4197659,1459,317678,13319,885579,0.10894,24490,4588648,0.564475,14971,5474227,0.673415,8129050
3,2021-06-02,31798,9721520,18316,5192701,12058,4209717,1424,319102,11750,879066,0.108139,19827,4608475,0.566914,13314,5487541,0.675053,8129050
3,2021-06-03,40027,9761547,27394,5220095,11184,4220901,1449,320551,11557,864028,0.106289,28283,4636758,0.570394,13245,5500786,0.676683,8129050
3,2021-06-04,46718,9808265,33063,5253158,12101,4233002,1554,322105,13310,846170,0.104092,33143,4669901,0.574471,15285,5516071,0.678563,8129050
3,2021-06-05,34629,9842894,26115,5279273,7322,4240324,1192,323297,8772,830696,0.102189,25637,4695538,0.577624,10163,5526234,0.679813,8129050
3,2021-06-06,14720,9857614,12285,5291558,1849,4242173,586,323883,3700,824203,0.10139,10950,4706488,0.578971,4457,5530691,0.680361,8129050
3,2021-06-07,30681,9888295,22297,5313855,7092,4249265,1292,325175,8874,812845,0.099993,21641,4728129,0.581634,10283,5540974,0.681626,8129050
3,2021-06-08,34457,9922752,24720,5338575,8435,4257700,1302,326477,9947,800032,0.098416,24290,4752419,0.584622,11477,5552451,0.683038,8129050
3,2021-06-09,33139,9955891,24036,5362611,7795,4265495,1308,327785,8892,786341,0.096732,24059,4776478,0.587581,10368,5562819,0.684314,8129050
3,2021-06-10,32662,9988553,23553,5386164,7569,4273064,1540,329325,8986,773561,0.09516,23508,4799986,0.590473,10728,5573547,0.685633,8129050
3,2021-06-11,35898,10024451,25395,5411559,9120,4282184,1383,330708,10670,760773,0.093587,25019,4825005,0.593551,12231,5585778,0.687138,8129050
3,2021-06-12,25501,10049952,19235,5430794,5366,4287550,900,331608,6750,749967,0.092258,18624,4843629,0.595842,7818,5593596,0.6881,8129050
3,2021-06-13,10226,10060178,7665,5438459,2069,4289619,492,332100,2383,745126,0.091662,7791,4851420,0.5968,2950,5596546,0.688462,8129050
3,2021-06-14,26085,10086263,18708,5457167,5927,4295546,1450,333550,8151,737076,0.090672,17794,4869214,0.598989,9744,5606290,0.689661,8129050
3,2021-06-15,29063,10115326,19677,5476844,7860,4303406,1526,335076,9763,729484,0.089738,19051,4888265,0.601333,11459,5617749,0.691071,8129050
3,2021-06-16,26208,10141534,18643,5495487,6132,4309538,1433,336509,8869,722784,0.088914,17151,4905416,0.603443,10451,5628200,0.692356,8129050
3,2021-06-17,25013,10166547,17906,5513393,5804,4315342,1303,337812,8680,716741,0.08817,16165,4921581,0.605431,10122,5638322,0.693602,8129050
3,2021-06-18,28081,10194628,19819,5533212,6688,4322030,1574,339386,9789,710215,0.087368,18057,4939638,0.607653,11531,5649853,0.69502,8129050
3,2021-06-19,16067,10210695,11803,5545015,3401,4325431,863,340249,5744,706737,0.08694,10194,4949832,0.608907,6716,5656569,0.695846,8129050
3,2021-06-20,6905,10217600,5182,5550197,1421,4326852,302,340551,2617,705479,0.086785,4230,4954062,0.609427,2972,5659541,0.696212,8129050
3,2021-06-21,16276,10233876,10271,5560468,4598,4331450,1407,341958,8091,707009,0.086973,8088,4962150,0.610422,9618,5669159,0.697395,8129050
3,2021-06-22,22141,10256017,15508,5575976,5323,4336773,1310,343268,8243,702954,0.086474,13762,4975912,0.612115,9707,5678866,0.698589,8129050
3,2021-06-23,20319,10276336,14222,5590198,4753,4341526,1344,344612,8028,700294,0.086147,12172,4988084,0.613612,9512,5688378,0.699759,8129050
3,2021-06-24,20029,10296365,13937,5604135,4633,4346159,1459,346071,7808,697636,0.08582,12036,5000120,0.615093,9378,5697756,0.700913,8129050
3,2021-06-25,23428,10319793,16622,5620757,5379,4351538,1427,347498,9134,694171,0.085394,14153,5014273,0.616834,10688,5708444,0.702228,8129050
3,2021-06-26,14063,10333856,10447,5631204,2842,4354380,774,348272,5869,692889,0.085236,8083,5022356,0.617828,6801,5715245,0.703064,8129050
3,2021-06-27,6762,10340618,5238,5636442,1217,4355597,307,348579,2888,692292,0.085163,3827,5026183,0.618299,3230,5718475,0.703462,8129050
3,2021-06-28,16138,10356756,12407,5648849,2643,4358240,1088,349667,6785,691069,0.085012,9202,5035385,0.619431,7979,5726454,0.704443,8129050
3,2021-06-29,18211,10374967,12827,5661676,4369,4362609,1015,350682,7478,689113,0.084772,10582,5045967,0.620733,8626,5735080,0.705504,8129050
3,2021-06-30,17264,10392231,12246,5673922,3968,4366577,1050,351732,7455,688133,0.084651,9632,5055599,0.621918,8652,5743732,0.706569,8129050
3,2021-07-01,16523,10408754,11775,5685697,3669,4370246,1079,352811,6975,686883,0.084497,9405,5065004,0.623075,8155,5751887,0.707572,8129050
3,2021-07-02,18671,10427425,13280,5698977,4283,4374529,1108,353919,7982,685504,0.084328,10564,5075568,0.624374,9185,5761072,0.708702,8129050
3,2021-07-03,10193,10437618,7371,5706348,2381,4376910,441,354360,4369,684672,0.084225,5744,5081312,0.625081,4912,5765984,0.709306,8129050
3,2021-07-04,734,10438352,432,5706780,215,4377125,87,354447,285,684620,0.084219,440,5081752,0.625135,388,5766372,0.709354,8129050
3,2021-07-05,9606,10447958,7022,5713802,2158,4379283,426,354873,4354,684287,0.084178,5178,5086930,0.625772,4845,5771217,0.70995,8129050
3,2021-07-06,19263,10467221,13955,5727757,4177,4383460,1131,356004,6973,680409,0.083701,12104,5099034,0.627261,8226,5779443,0.710962,8129050
3,2021-07-07,15859,10483080,11249,5739006,3484,4386944,1126,357130,6375,678673,0.083487,9345,5108379,0.62841,7609,5787052,0.711898,8129050
3,2021-07-08,15431,10498511,11154,5750160,3275,4390219,1002,358132,6220,676928,0.083273,9056,5117435,0.629524,7311,5794363,0.712797,8129050
3,2021-07-09,17755,10516266,12398,5762558,4133,4394352,1224,359356,7362,675372,0.083081,10252,5127687,0.630786,8696,5803059,0.713867,8129050
3,2021-07-10,10977,10527243,8089,5770647,2218,4396570,670,360026,4671,674575,0.082983,6228,5133915,0.631552,5431,5808490,0.714535,8129050
3,2021-07-11,5163,10532406,3824,5774471,1062,4397632,277,360303,2336,674432,0.082966,2776,5136691,0.631893,2633,5811123,0.714859,8129050
3,2021-07-12,14386,10546792,10502,5784973,2882,4400514,1002,361305,5753,672704,0.082753,8551,5145242,0.632945,6823,5817946,0.715698,8129050
3,2021-07-13,15221,10562013,10749,5795722,3555,4404069,917,362222,6689,671963,0.082662,8427,5153669,0.633982,7686,5825632,0.716644,8129050
3,2021-07-14,14491,10576504,10289,5806011,3276,4407345,926,363148,6478,671515,0.082607,7912,5161581,0.634955,7464,5833096,0.717562,8129050
3,2021-07-15,14802,10591306,10704,5816715,3255,4410600,843,363991,6785,671300,0.08258,7918,5169499,0.635929,7703,5840799,0.718509,8129050
3,2021-07-16,17831,10609137,12814,5829529,4122,4414722,895,364886,8516,671582,0.082615,9204,5178703,0.637061,9486,5850285,0.719676,8129050
3,2021-07-17,11331,10620468,8305,5837834,2490,4417212,536,365422,5394,671716,0.082632,5862,5184565,0.637782,5996,5856281,0.720414,8129050
3,2021-07-18,5768,10626236,4359,5842193,1158,4418370,251,365673,2841,671951,0.08266,2883,5187448,0.638137,3118,5859399,0.720798,8129050
3,2021-07-19,14946,10641182,10936,5853129,3127,4421497,883,366556,7324,672710,0.082754,7522,5194970,0.639062,8281,5867680,0.721816,8129050
3,2021-07-20,16663,10657845,11608,5864737,4150,4425647,905,367461,8567,674296,0.082949,7968,5202938,0.640043,9554,5877234,0.722991,8129050
3,2021-07-21,16049,10673894,11367,5876104,3813,4429460,869,368330,8078,675485,0.083095,7838,5210776,0.641007,9027,5886261,0.724102,8129050
3,2021-07-22,16457,10690351,11626,5887730,3864,4433324,967,369297,8535,677256,0.083313,7795,5218571,0.641966,9566,5895827,0.725279,8129050
3,2021-07-23,19350,10709701,13797,5901527,4538,4437862,1015,370312,10384,679928,0.083642,8816,5227387,0.64305,11488,5907315,0.726692,8129050
3,2021-07-24,11668,10721369,8411,5909938,2675,4440537,582,370894,6453,681866,0.08388,5136,5232523,0.643682,7074,5914389,0.727562,8129050
3,2021-07-25,5693,10727062,4268,5914206,1214,4441751,211,371105,4109,684703,0.084229,1533,5234056,0.643871,4370,5918759,0.7281,8129050
3,2021-07-26,15593,10742655,10861,5925067,3757,4445508,975,372080,9427,689123,0.084773,6043,5240099,0.644614,10463,5929222,0.729387,8129050
3,2021-07-27,17599,10760254,12448,5937515,4169,4449677,982,373062,10081,692878,0.085235,7379,5247478,0.645522,11134,5940356,0.730756,8129050
3,2021-07-28,17149,10777403,12278,5949793,3832,4453509,1039,374101,9907,696778,0.085715,7095,5254573,0.646394,10995,5951351,0.732109,8129050
3,2021-07-29,16952,10794355,12207,5962000,3710,4457219,1035,375136,10009,701135,0.086251,6758,5261331,0.647226,11115,5962466,0.733476,8129050
3,2021-07-30,19700,10814055,13911,5975911,4699,4461918,1090,376226,11430,705689,0.086811,8055,5269386,0.648217,12609,5975075,0.735027,8129050
3,2021-07-31,12241,10826296,8863,5984774,2722,4464640,656,376882,7131,708574,0.087166,4965,5274351,0.648827,7850,5982925,0.735993,8129050
3,2021-08-01,6514,10832810,4961,5989735,1292,4465932,261,377143,4210,710841,0.087445,2239,5276590,0.649103,4506,5987431,0.736547,8129050
3,2021-08-02,16609,10849419,12045,6001780,3633,4469565,931,378074,10325,716004,0.08808,6157,5282747,0.64986,11320,5998751,0.73794,8129050
3,2021-08-03,18483,10867902,13333,6015113,4035,4473600,1115,379189,11010,720888,0.08868,7294,5290041,0.650758,12178,6010929,0.739438,8129050
3,2021-08-04,17587,10885489,12645,6027758,3927,4477527,1015,380204,10462,725449,0.089242,6965,5297006,0.651614,11526,6022455,0.740856,8129050
3,2021-08-05,17992,10903481,12996,6040754,3837,4481364,1159,381363,10860,730570,0.089872,6967,5303973,0.652471,12088,6034543,0.742343,8129050
3,2021-08-06,21809,10925290,15798,6056552,4851,4486215,1160,382523,12892,735976,0.090537,8713,5312686,0.653543,14119,6048662,0.74408,8129050
3,2021-08-07,12828,10938118,9522,6066074,2674,4488889,632,383155,7500,738973,0.090905,5186,5317872,0.654181,8183,6056845,0.745086,8129050
3,2021-08-08,7592,10945710,5810,6071884,1539,4490428,243,383398,4679,741103,0.091167,2829,5320701,0.654529,4959,6061804,0.745696,8129050
3,2021-08-09,18395,10964105,13768,6085652,3531,4493959,1096,384494,10384,744809,0.091623,7850,5328551,0.655495,11556,6073360,0.747118,8129050
3,2021-08-10,18614,10982719,13625,6099277,3966,4497925,1023,385517,10484,748397,0.092065,7956,5336507,0.656474,11544,6084904,0.748538,8129050
3,2021-08-11,16631,10999350,12041,6111318,3548,4501473,1042,386559,9261,751587,0.092457,7168,5343675,0.657355,10358,6095262,0.749812,8129050
3,2021-08-12,18205,11017555,12849,6124167,4259,4505732,1097,387656,10004,754746,0.092846,7989,5351664,0.658338,11148,6106410,0.751184,8129050
3,2021-08-13,22681,11040236,16074,6140241,5427,4511159,1180,388836,12352,758463,0.093303,9884,5361548,0.659554,13601,6120011,0.752857,8129050
3,2021-08-14,14726,11054962,10347,6150588,3734,4514893,645,389481,7642,760642,0.093571,6162,5367710,0.660312,8341,6128352,0.753883,8129050
3,2021-08-15,8392,11063354,6087,6156675,2015,4516908,290,389771,4214,761783,0.093711,3391,5371101,0.660729,4532,6132884,0.75444,8129050
3,2021-08-16,20725,11084079,14290,6170965,5440,4522348,995,390766,9813,763719,0.093949,8960,5380061,0.661831,10896,6143780,0.755781,8129050
3,2021-08-17,21364,11105443,14512,6185477,5794,4528142,1058,391824,9799,765353,0.09415,9333,5389394,0.66298,10967,6154747,0.75713,8129050
3,2021-08-18,21187,11126630,14112,6199589,6061,4534203,1014,392838,9517,766927,0.094344,9048,5398442,0.664093,10622,6165369,0.758437,8129050
3,2021-08-19,21278,11147908,14043,6213632,6143,4540346,1092,393930,9241,768251,0.094507,9076,5407518,0.665209,10400,6175769,0.759716,8129050
3,2021-08-20,26804,11174712,18056,6231688,7600,4547946,1148,395078,11281,768902,0.094587,11883,5419401,0.666671,12534,6188303,0.761258,8129050
3,2021-08-21,15560,11190272,11223,6242911,3748,4551694,589,395667,6524,768913,0.094588,7174,5426575,0.667553,7185,6195488,0.762142,8129050
3,2021-08-22,8861,11199133,6314,6249225,2320,4554014,227,395894,3962,769369,0.094644,3782,5430357,0.668019,4238,6199726,0.762663,8129050
3,2021-08-23,22720,11221853,15886,6265111,5894,4559908,940,396834,9736,770311,0.09476,9919,5440276,0.669239,10861,6210587,0.763999,8129050
3,2021-08-24,22650,11244503,16312,6281423,5436,4565344,902,397736,9360,770470,0.09478,10238,5450514,0.670498,10397,6220984,0.765278,8129050
3,2021-08-25,21647,11266150,15429,6296852,5303,4570647,915,398651,8993,770813,0.094822,9690,5460204,0.67169,10033,6231017,0.766512,8129050
3,2021-08-26,22209,11288359,15637,6312489,5583,4576230,989,399640,8890,770955,0.094839,9857,5470061,0.672903,9999,6241016,0.767742,8129050
3,2021-08-27,27165,11315524,19589,6332078,6563,4582793,1013,400653,10484,769799,0.094697,12861,5482922,0.674485,11705,6252721,0.769182,8129050
3,2021-08-28,15708,11331232,11512,6343590,3732,4586525,464,401117,6258,769050,0.094605,7590,5490512,0.675419,6841,6259562,0.770024,8129050
3,2021-08-29,9104,11340336,6764,6350354,2184,4588709,156,401273,3621,768553,0.094544,4350,5494862,0.675954,3853,6263415,0.770498,8129050
3,2021-08-30,21784,11362120,15322,6365676,5633,4594342,829,402102,8180,767398,0.094402,10327,5505189,0.677224,9172,6272587,0.771626,8129050
3,2021-08-31,20846,11382966,14405,6380081,5665,4600007,776,402878,7313,765679,0.09419,9957,5515146,0.678449,8238,6280825,0.772639,8129050
3,2021-09-01,20172,11403138,13885,6393966,5468,4605475,819,403697,7727,765392,0.094155,8999,5524145,0.679556,8712,6289537,0.773711,8129050
3,2021-09-02,19593,11422731,13266,6407232,5528,4611003,799,404496,6881,764216,0.09401,8986,5533131,0.680661,7810,6297347,0.774672,8129050
3,2021-09-03,24072,11446803,16978,6424210,6326,4617329,768,405264,8315,761570,0.093685,11926,5545057,0.682129,9280,6306627,0.775814,8129050
3,2021-09-04,7629,11454432,5252,6429462,2047,4619376,330,405594,2468,760439,0.093546,4046,5549103,0.682626,2915,6309542,0.776172,8129050
4,2020-12-15,476,476,476,476,0,0,0,0,476,476,5.9e-05,0,0,0.0,476,476,5.9e-05,8037679
4,2020-12-16,3117,3593,3117,3593,0,0,0,0,3117,3593,0.000447,0,0,0.0,3117,3593,0.000447,8037679
4,2020-12-17,9131,12724,9131,12724,0,0,0,0,9131,12724,0.001583,0,0,0.0,9131,12724,0.001583,8037679
4,2020-12-18,16436,29160,16422,29146,14,14,0,0,16435,29159,0.003628,0,0,0.0,16435,29159,0.003628,8037679
4,2020-12-19,10487,39647,10476,39622,11,25,0,0,10426,39585,0.004925,0,0,0.0,10426,39585,0.004925,8037679
4,2020-12-20,7514,47161,7498,47120,16,41,0,0,7470,47055,0.005854,0,0,0.0,7470,47055,0.005854,8037679
4,2020-12-21,16584,63745,16549,63669,35,76,0,0,16516,63569,0.007909,2,2,0.0,16516,63571,0.007909,8037679
4,2020-12-22,17377,81122,16600,80269,777,853,0,0,17333,80898,0.010065,4,6,1e-06,17333,80904,0.010066,8037679
4,2020-12-23,17330,98452,14501,94770,2829,3682,0,0,17303,98199,0.012217,2,8,1e-06,17303,98207,0.012218,8037679
4,2020-12-24,8680,107132,6009,100779,2671,6353,0,0,8678,106876,0.013297,1,9,1e-06,8678,106885,0.013298,8037679
4,2020-12-25,918,108050,812,101591,106,6459,0,0,917,107792,0.013411,1,10,1e-06,917,107802,0.013412,8037679
4,2020-12-26,6293,114343,3946,105537,2347,8806,0,0,6291,114081,0.014193,2,12,1e-06,6291,114093,0.014195,8037679
4,2020-12-27,3496,117839,2015,107552,1481,10287,0,0,3496,117577,0.014628,0,12,1e-06,3496,117589,0.01463,8037679
4,2020-12-28,15388,133227,9489,117041,5899,16186,0,0,15358,132929,0.016538,6,18,2e-06,15358,132947,0.01654,8037679
4,2020-12-29,16027,149254,8987,126028,7040,23226,0,0,15993,148921,0.018528,1,19,2e-06,15993,148940,0.01853,8037679
4,2020-12-30,19538,168792,11419,137447,8119,31345,0,0,19528,168447,0.020957,2,21,3e-06,19528,168468,0.02096,8037679
4,2020-12-31,8425,177217,3397,140844,5028,36373,0,0,8411,176849,0.022002,9,30,4e-06,8411,176879,0.022006,8037679
4,2021-01-01,1899,179116,871,141715,1028,37401,0,0,1892,178738,0.022238,3,33,4e-06,1892,178771,0.022242,8037679
4,2021-01-02,5817,184933,3280,144995,2537,39938,0,0,5815,184552,0.022961,1,34,4e-06,5815,184586,0.022965,8037679
4,2021-01-03,2179,187112,1282,146277,897,40835,0,0,2164,186712,0.02323,4,38,5e-06,2164,186750,0.023234,8037679
4,2021-01-04,13183,200295,7104,153381,6079,46914,0,0,13134,199819,0.02486,27,65,8e-06,13134,199884,0.024868,8037679
4,2021-01-05,17183,217478,10173,163554,7010,53924,0,0,14907,212496,0.026437,2248,2313,0.000288,14925,214809,0.026725,8037679
4,2021-01-06,21916,239394,13428,176982,8488,62412,0,0,15693,222031,0.027624,6176,8489,0.001056,15711,230520,0.02868,8037679
4,2021-01-07,28352,267746,17328,194310,11024,73436,0,0,16839,227447,0.028298,11450,19939,0.002481,16866,247386,0.030778,8037679
4,2021-01-08,33355,301101,21427,215737,11928,85364,0,0,18509,231206,0.028765,14779,34718,0.004319,18538,265924,0.033085,8037679
4,2021-01-09,16468,317569,9740,225477,6728,92092,0,0,9561,233884,0.029098,6897,41615,0.005177,9575,275499,0.034276,8037679
4,2021-01-10,8872,326441,5737,231214,3135,95227,0,0,4204,233447,0.029044,4649,46264,0.005756,4212,279711,0.0348,8037679
4,2021-01-11,33979,360420,22314,253528,11665,106892,0,0,19116,237790,0.029584,14825,61089,0.0076,19168,298879,0.037185,8037679
4,2021-01-12,38999,399419,22513,276041,16486,123378,0,0,24499,247913,0.030844,14427,75516,0.009395,24550,323429,0.040239,8037679
4,2021-01-13,39370,438789,19526,295567,19844,143222,0,0,27830,264285,0.032881,11481,86997,0.010824,27853,351282,0.043704,8037679
4,2021-01-14,39913,478702,15401,310968,24512,167734,0,0,32578,289649,0.036036,7248,94245,0.011725,32612,383894,0.047762,8037679
4,2021-01-15,46014,524716,16119,327087,29895,197629,0,0,40278,324297,0.040347,5656,99901,0.012429,40304,424198,0.052776,8037679
4,2021-01-16,29090,553806,9466,336553,19624,217253,0,0,25893,347046,0.043177,3162,103063,0.012822,25911,450109,0.056,8037679
4,2021-01-17,19130,572936,6620,343173,12510,229763,0,0,17449,362850,0.045144,1658,104721,0.013029,17462,467571,0.058172,8037679
4,2021-01-18,29792,602728,13828,357001,15964,245727,0,0,23683,380557,0.047347,6014,110735,0.013777,23721,491292,0.061124,8037679
4,2021-01-19,46836,649564,23513,380514,23323,269050,0,0,36952,407760,0.050731,9824,120559,0.014999,37027,528319,0.06573,8037679
4,2021-01-20,53280,702844,28436,408950,24844,293894,0,0,42498,439644,0.054698,10679,131238,0.016328,42563,570882,0.071026,8037679
4,2021-01-21,58575,761419,26302,435252,32273,326167,0,0,51626,484445,0.060272,6878,138116,0.017184,51679,622561,0.077455,8037679
4,2021-01-22,56040,817459,22485,457737,33555,359722,0,0,50686,529912,0.065928,5253,143369,0.017837,50720,673281,0.083766,8037679
4,2021-01-23,40065,857524,17456,475193,22609,382331,0,0,35658,561207,0.069822,4398,147767,0.018384,35693,708974,0.088206,8037679
4,2021-01-24,24304,881828,10572,485765,13732,396063,0,0,22388,581715,0.072374,1903,149670,0.018621,22411,731385,0.090995,8037679
4,2021-01-25,48680,930508,22458,508223,26222,422285,0,0,37275,607683,0.075604,11364,161034,0.020035,37332,768717,0.095639,8037679
4,2021-01-26,57654,988162,29369,537592,28285,450570,0,0,45106,640361,0.07967,12496,173530,0.02159,45174,813891,0.101259,8037679
4,2021-01-27,57060,1045222,27089,564681,29971,480541,0,0,45731,674895,0.083966,11255,184785,0.02299,45789,859680,0.106956,8037679
4,2021-01-28,57776,1102998,26070,590751,31706,512247,0,0,47411,712084,0.088593,10273,195058,0.024268,47462,907142,0.112861,8037679
4,2021-01-29,57550,1160548,27491,618242,30059,542306,0,0,46880,748507,0.093125,10496,205554,0.025574,46919,954061,0.118699,8037679
4,2021-01-30,38806,1199354,17418,635660,21388,563694,0,0,33329,776451,0.096601,5421,210975,0.026248,33365,987426,0.12285,8037679
4,2021-01-31,24560,1223914,12806,648466,11754,575448,0,0,22816,797567,0.099229,1720,212695,0.026462,22836,1010262,0.125691,8037679
4,2021-02-01,50573,1274487,24338,672804,26235,601683,0,0,38625,824359,0.102562,11880,224575,0.02794,38672,1048934,0.130502,8037679
4,2021-02-02,56413,1330900,25914,698718,30499,632182,0,0,43219,854524,0.106315,13110,237685,0.029571,43275,1092209,0.135886,8037679
4,2021-02-03,62910,1393810,30817,729535,32093,664275,0,0,48151,888093,0.110491,14642,252327,0.031393,48211,1140420,0.141884,8037679
4,2021-02-04,68477,1462287,31826,761361,36651,700926,0,0,51402,922700,0.114797,16919,269246,0.033498,51526,1191946,0.148295,8037679
4,2021-02-05,74076,1536363,34250,795611,39826,740752,0,0,51334,951683,0.118403,22494,291740,0.036297,51477,1243423,0.154699,8037679
4,2021-02-06,49261,1585624,26395,822006,22866,763618,0,0,37557,977810,0.121653,11634,303374,0.037744,37761,1281184,0.159397,8037679
4,2021-02-07,26769,1612393,17685,839691,9084,772702,0,0,20167,991658,0.123376,6568,309942,0.038561,20416,1301600,0.161937,8037679
4,2021-02-08,59440,1671833,30508,870199,28932,801634,0,0,38498,1009624,0.125611,20797,330739,0.041149,38763,1340363,0.16676,8037679
4,2021-02-09,68073,1739906,34584,904783,33489,835123,0,0,39761,1021619,0.127104,28214,358953,0.044659,40209,1380572,0.171763,8037679
4,2021-02-10,78413,1818319,39232,944015,39181,874304,0,0,41078,1026170,0.12767,37089,396042,0.049273,41640,1422212,0.176943,8037679
4,2021-02-11,82503,1900822,43004,987019,39499,913803,0,0,41846,1028258,0.12793,40443,436485,0.054305,42531,1464743,0.182235,8037679
4,2021-02-12,85409,1986231,38210,1025229,47199,961002,0,0,43797,1031452,0.128327,41403,477888,0.059456,44597,1509340,0.187783,8037679
4,2021-02-13,59407,2045638,30020,1055249,29387,990389,0,0,30111,1033335,0.128561,29144,507032,0.063082,31027,1540367,0.191643,8037679
4,2021-02-14,37260,2082898,19352,1074601,17908,1008297,0,0,18971,1034763,0.128739,18224,525256,0.065349,19652,1560019,0.194088,8037679
4,2021-02-15,46850,2129748,21975,1096576,24875,1033172,0,0,23905,1037013,0.129019,22851,548107,0.068192,25101,1585120,0.197211,8037679
4,2021-02-16,81300,2211048,37306,1133882,43994,1077166,0,0,41110,1039305,0.129304,40053,588160,0.073175,42345,1627465,0.202479,8037679
4,2021-02-17,82671,2293719,39089,1172971,43582,1120748,0,0,39138,1036266,0.128926,43329,631489,0.078566,40290,1667755,0.207492,8037679
4,2021-02-18,84595,2378314,46508,1219479,38087,1158835,0,0,38852,1031073,0.12828,45524,677013,0.08423,40331,1708086,0.21251,8037679
4,2021-02-19,83889,2462203,52778,1272257,31111,1189946,0,0,41688,1031440,0.128326,42009,719022,0.089456,42376,1750462,0.217782,8037679
4,2021-02-20,50317,2512520,33483,1305740,16834,1206780,0,0,27025,1035991,0.128892,23196,742218,0.092342,27747,1778209,0.221234,8037679
4,2021-02-21,30688,2543208,24323,1330063,6365,1213145,0,0,14657,1035035,0.128773,15934,758152,0.094325,14978,1793187,0.223098,8037679
4,2021-02-22,56133,2599341,38506,1368569,17627,1230772,0,0,26929,1033428,0.128573,29018,787170,0.097935,27411,1820598,0.226508,8037679
4,2021-02-23,77842,2677183,43143,1411712,34699,1265471,0,0,34037,1025586,0.127597,43574,830744,0.103356,35732,1856330,0.230953,8037679
4,2021-02-24,92949,2770132,49107,1460819,43842,1309313,0,0,41651,1018410,0.126704,51011,881755,0.109703,43835,1900165,0.236407,8037679
4,2021-02-25,104796,2874928,54859,1515678,49937,1359250,0,0,49674,1015882,0.12639,54875,936630,0.11653,52347,1952512,0.24292,8037679
4,2021-02-26,110783,2985711,55958,1571636,54825,1414075,0,0,56233,1020254,0.126934,54221,990851,0.123276,58593,2011105,0.25021,8037679
4,2021-02-27,80849,3066560,43969,1615605,36866,1450941,14,14,42663,1026492,0.12771,37952,1028803,0.127998,44190,2055295,0.255708,8037679
4,2021-02-28,50011,3116571,30855,1646460,19149,1470090,7,21,27161,1031949,0.128389,22623,1051426,0.130812,28080,2083375,0.259201,8037679
4,2021-03-01,81848,3198419,47874,1694334,33912,1504002,62,83,45037,1041873,0.129624,36430,1087856,0.135345,46354,2129729,0.264968,8037679
4,2021-03-02,90865,3289284,52033,1746367,38820,1542822,12,95,52970,1059017,0.131757,37679,1125535,0.140032,54823,2184552,0.271789,8037679
4,2021-03-03,104765,3394049,55631,1801998,49112,1591934,22,117,58187,1072695,0.133458,46333,1171868,0.145797,60011,2244563,0.279255,8037679
4,2021-03-04,103034,3497083,57354,1859352,45662,1637596,18,135,55999,1083746,0.134833,46767,1218635,0.151615,57818,2302381,0.286448,8037679
4,2021-03-05,99259,3596342,53534,1912886,45394,1682990,331,466,57999,1103045,0.137234,41002,1259637,0.156717,60301,2362682,0.293951,8037679
4,2021-03-06,77965,3674307,43884,1956770,31425,1714415,2656,3122,47608,1124393,0.13989,30208,1289845,0.160475,51556,2414238,0.300365,8037679
4,2021-03-07,45533,3719840,27832,1984602,15451,1729866,2250,5372,26561,1135369,0.141256,18874,1308719,0.162823,29850,2444088,0.304079,8037679
4,2021-03-08,69098,3788938,36040,2020642,29630,1759496,3428,8800,45279,1161661,0.144527,23670,1332389,0.165768,49962,2494050,0.310295,8037679
4,2021-03-09,83133,3872071,41979,2062621,35839,1795335,5315,14115,44751,1174538,0.146129,38172,1370561,0.170517,51049,2545099,0.316646,8037679
4,2021-03-10,93111,3965182,47987,2110608,37533,1832868,7591,21706,46767,1183593,0.147256,46117,1416678,0.176255,55172,2600271,0.32351,8037679
4,2021-03-11,102063,4067245,53481,2164089,40010,1872878,8572,30278,47036,1185356,0.147475,54734,1471412,0.183064,56497,2656768,0.330539,8037679
4,2021-03-12,105965,4173210,52117,2216206,43404,1916282,10444,40722,45297,1181397,0.146982,60353,1531765,0.190573,56394,2713162,0.337555,8037679
4,2021-03-13,82471,4255681,38172,2254378,35730,1952012,8569,49291,38976,1186514,0.147619,43339,1575104,0.195965,48456,2761618,0.343584,8037679
4,2021-03-14,50273,4305954,28632,2283010,17980,1969992,3661,52952,23482,1187507,0.147743,26683,1601787,0.199285,27676,2789294,0.347027,8037679
4,2021-03-15,84617,4390571,45503,2328513,34783,2004775,4331,57283,42894,1194050,0.148557,41410,1643197,0.204437,47953,2837247,0.352993,8037679
4,2021-03-16,108946,4499517,56719,2385232,48780,2053555,3447,60730,57208,1203861,0.149777,51451,1694648,0.210838,61262,2898509,0.360615,8037679
4,2021-03-17,108551,4608068,58404,2443636,46608,2100163,3539,64269,63333,1226266,0.152565,44918,1739566,0.216426,67323,2965832,0.368991,8037679
4,2021-03-18,108333,4716401,60081,2503717,44499,2144662,3753,68022,61080,1244482,0.154831,46957,1786523,0.222269,65173,3031005,0.3771,8037679
4,2021-03-19,112741,4829142,64863,2568580,42617,2187279,5261,73283,63764,1265138,0.157401,48666,1835189,0.228323,69322,3100327,0.385724,8037679
4,2021-03-20,85153,4914295,49859,2618439,32236,2219515,3058,76341,51862,1287219,0.160148,33086,1868275,0.23244,55167,3155494,0.392588,8037679
4,2021-03-21,48695,4962990,35297,2653736,11139,2230654,2259,78600,28368,1297982,0.161487,20176,1888451,0.23495,30939,3186433,0.396437,8037679
4,2021-03-22,83493,5046483,54473,2708209,26260,2256914,2760,81360,51458,1321112,0.164365,31752,1920203,0.2389,54882,3241315,0.403265,8037679
4,2021-03-23,106260,5152743,63630,2771839,40439,2297353,2191,83551,62134,1342130,0.16698,43823,1964026,0.244352,64841,3306156,0.411332,8037679
4,2021-03-24,115048,5267791,74196,2846035,38382,2335735,2470,86021,63907,1358239,0.168984,50661,2014687,0.250655,66770,3372926,0.419639,8037679
4,2021-03-25,118769,5386560,73064,2919099,43233,2378968,2472,88493,66454,1375818,0.171171,51800,2066487,0.2571,69379,3442305,0.428271,8037679
4,2021-03-26,121470,5508030,73644,2992743,44741,2423709,3085,91578,65303,1389006,0.172812,55749,2122236,0.264036,68937,3511242,0.436848,8037679
4,2021-03-27,93207,5601237,54928,3047671,36451,2460160,1828,93406,46931,1392210,0.17321,46004,2168240,0.269759,49208,3560450,0.44297,8037679
4,2021-03-28,56478,5657715,37322,3084993,18269,2478429,887,94293,29668,1396516,0.173746,26610,2194850,0.27307,30916,3591366,0.446816,8037679
4,2021-03-29,95116,5752831,56945,3141938,36056,2514485,2115,96408,50767,1405888,0.174912,44051,2238901,0.278551,53423,3644789,0.453463,8037679
4,2021-03-30,118786,5871617,64844,3206782,49717,2564202,4225,100633,69685,1431354,0.178081,48809,2287710,0.284623,74275,3719064,0.462704,8037679
4,2021-03-31,122526,5994143,72311,3279093,43860,2608062,6355,106988,68175,1452076,0.180659,53956,2341666,0.291336,74678,3793742,0.471995,8037679
4,2021-04-01,144250,6138393,82143,3361236,48654,2656716,13453,120441,84473,1490503,0.185439,59203,2400869,0.298702,97630,3891372,0.484141,8037679
4,2021-04-02,138026,6276419,73752,3434988,50576,2707292,13698,134139,79224,1524908,0.18972,58461,2459330,0.305975,92866,3984238,0.495695,8037679
4,2021-04-03,102006,6378425,54510,3489498,33947,2741239,13549,147688,53137,1542853,0.191953,48637,2507967,0.312026,66582,4050820,0.503979,8037679
4,2021-04-04,47215,6425640,24942,3514440,14714,2755953,7559,155247,20531,1544150,0.192114,26553,2534520,0.31533,27850,4078670,0.507444,8037679
4,2021-04-05,110901,6536541,62216,3576656,35689,2791642,12996,168243,57363,1561544,0.194278,53272,2587792,0.321958,70666,4149336,0.516236,8037679
4,2021-04-06,140222,6676763,78894,3655550,41358,2833000,19970,188213,72538,1586966,0.197441,67412,2655204,0.330345,92834,4242170,0.527785,8037679
4,2021-04-07,138990,6815753,78773,3734323,39308,2872308,20909,209122,71765,1612719,0.200645,66933,2722137,0.338672,92686,4334856,0.539317,8037679
4,2021-04-08,141433,6957186,78780,3813103,36972,2909280,25681,234803,70478,1638430,0.203844,70605,2792742,0.347456,96316,4431172,0.5513,8037679
4,2021-04-09,139004,7096190,76151,3889254,39591,2948871,23262,258065,66296,1656252,0.206061,72410,2865152,0.356465,90232,4521404,0.562526,8037679
4,2021-04-10,104703,7200893,51611,3940865,34019,2982890,19073,277138,47261,1666168,0.207295,57201,2922353,0.363582,67117,4588521,0.570876,8037679
4,2021-04-11,63152,7264045,38336,3979201,13529,2996419,11287,288425,27633,1670603,0.207846,35384,2957737,0.367984,39819,4628340,0.57583,8037679
4,2021-04-12,103824,7367869,63041,4042242,30450,3026869,10333,298758,52206,1683006,0.20939,51270,3009007,0.374363,63673,4692013,0.583752,8037679
4,2021-04-13,131467,7499336,82469,4124711,48832,3075701,166,298924,78382,1709682,0.212708,52747,3061754,0.380925,79423,4771436,0.593634,8037679
4,2021-04-14,137025,7636361,87421,4212132,49523,3125224,81,299005,75619,1725596,0.214688,61029,3122783,0.388518,76943,4848379,0.603206,8037679
4,2021-04-15,157241,7793602,104492,4316624,52667,3177891,82,299087,95982,1761640,0.219173,60827,3183610,0.396086,96871,4945250,0.615258,8037679
4,2021-04-16,144477,7938079,91562,4408186,52831,3230722,84,299171,83593,1785525,0.222144,60523,3244133,0.403616,84408,5029658,0.62576,8037679
4,2021-04-17,102102,8040181,64134,4472320,37940,3268662,28,299199,59611,1804161,0.224463,42180,3286313,0.408863,60816,5090474,0.633326,8037679
4,2021-04-18,57496,8097677,38946,4511266,18545,3287207,5,299204,32226,1812251,0.225469,25108,3311421,0.411987,33198,5123672,0.637457,8037679
4,2021-04-19,101746,8199423,66983,4578249,34741,3321948,22,299226,51363,1814139,0.225704,50103,3361524,0.418221,51991,5175663,0.643925,8037679
4,2021-04-20,132072,8331495,78625,4656874,53422,3375370,25,299251,68231,1820024,0.226437,63470,3424994,0.426117,69355,5245018,0.652554,8037679
4,2021-04-21,135382,8466877,88358,4745232,46957,3422327,67,299318,67874,1822042,0.226688,67052,3492046,0.43446,69070,5314088,0.661147,8037679
4,2021-04-22,142472,8609349,94548,4839780,47899,3470226,25,299343,63407,1807999,0.22494,78621,3570667,0.444241,64578,5378666,0.669181,8037679
4,2021-04-23,135853,8745202,88412,4928192,47415,3517641,26,299369,58690,1791166,0.222846,76765,3647432,0.453792,59932,5438598,0.676638,8037679
4,2021-04-24,99451,8844653,67127,4995319,32270,3549911,54,299423,45629,1784445,0.22201,53497,3700929,0.460447,46776,5485374,0.682457,8037679
4,2021-04-25,50661,8895314,35723,5031042,14911,3564822,27,299450,26377,1787197,0.222352,24123,3725052,0.463449,26875,5512249,0.685801,8037679
4,2021-04-26,92709,8988023,60827,5091869,31472,3596294,410,299860,36292,1769176,0.22011,56074,3781126,0.470425,38053,5550302,0.690535,8037679
4,2021-04-27,114541,9102564,70038,5161907,42172,3638466,2331,302191,41081,1740289,0.216516,73116,3854242,0.479522,44229,5594531,0.696038,8037679
4,2021-04-28,105250,9207814,68740,5230647,33957,3672423,2553,304744,38329,1715313,0.213409,66546,3920788,0.487801,41570,5636101,0.70121,8037679
4,2021-04-29,106711,9314525,68148,5298795,36016,3708439,2547,307291,34281,1680702,0.209103,72047,3992835,0.496765,37436,5673537,0.705868,8037679
4,2021-04-30,106406,9420931,67360,5366155,36318,3744757,2728,310019,36429,1650994,0.205407,69538,4062373,0.505416,39830,5713367,0.710823,8037679
4,2021-05-01,70280,9491211,46604,5412759,21883,3766640,1793,311812,20463,1624401,0.202098,49484,4111857,0.511573,22891,5736258,0.713671,8037679
4,2021-05-02,37892,9529103,26889,5439648,9698,3776338,1305,313117,10563,1609217,0.200209,27192,4139049,0.514956,12008,5748266,0.715165,8037679
4,2021-05-03,79737,9608840,55604,5495252,21627,3797965,2506,315623,19219,1571071,0.195463,60227,4199276,0.522449,22081,5770347,0.717912,8037679
4,2021-05-04,101957,9710797,69776,5565028,29386,3827351,2795,318418,22659,1517962,0.188856,78958,4278234,0.532272,25849,5796196,0.721128,8037679
4,2021-05-05,102789,9813586,72451,5637479,27574,3854925,2764,321182,21803,1462216,0.18192,80616,4358850,0.542302,24870,5821066,0.724222,8037679
4,2021-05-06,112626,9926212,84378,5721857,25285,3880210,2963,324145,19573,1393349,0.173352,92529,4451379,0.553814,23662,5844728,0.727166,8037679
4,2021-05-07,105517,10031729,75841,5797698,26983,3907193,2693,326838,20640,1332632,0.165798,84467,4535846,0.564323,23750,5868478,0.730121,8037679
4,2021-05-08,70243,10101972,48444,5846142,19860,3927053,1939,328777,13796,1292520,0.160808,56194,4592040,0.571314,16082,5884560,0.732122,8037679
4,2021-05-09,34554,10136526,28260,5874402,5342,3932395,952,329729,7368,1273863,0.158486,27069,4619109,0.574682,8412,5892972,0.733168,8037679
4,2021-05-10,65512,10202038,43845,5918247,19322,3951717,2345,332074,11047,1233329,0.153443,54222,4673331,0.581428,13688,5906660,0.734871,8037679
4,2021-05-11,83741,10285779,52419,5970666,29118,3980835,2204,334278,15815,1184236,0.147336,67656,4740987,0.589845,18563,5925223,0.737181,8037679
4,2021-05-12,80244,10366023,53348,6024014,24412,4005247,2484,336762,16619,1140491,0.141893,63299,4804286,0.597721,19554,5944777,0.739614,8037679
4,2021-05-13,105289,10471312,77448,6101462,26295,4031542,1546,338308,40675,1119519,0.139284,64253,4868539,0.605715,43281,5988058,0.744998,8037679
4,2021-05-14,105574,10576886,74477,6175939,28956,4060498,2141,340449,40559,1098091,0.136618,64662,4933201,0.613759,43234,6031292,0.750377,8037679
4,2021-05-15,86202,10663088,66614,6242553,18247,4078745,1341,341790,37958,1089723,0.135577,47975,4981176,0.619728,39607,6070899,0.755305,8037679
4,2021-05-16,51915,10715003,41806,6284359,9389,4088134,720,342510,21265,1081369,0.134537,30482,5011658,0.623521,22128,6093027,0.758058,8037679
4,2021-05-17,71531,10786534,52266,6336625,17416,4105550,1849,344359,28196,1068547,0.132942,43108,5054766,0.628884,30286,6123313,0.761826,8037679
4,2021-05-18,82265,10868799,53493,6390118,27011,4132561,1761,346120,29346,1047498,0.130323,52533,5107299,0.63542,31484,6154797,0.765743,8037679
4,2021-05-19,77398,10946197,52329,6442447,23112,4155673,1957,348077,31058,1034784,0.128742,46010,5153309,0.641144,33296,6188093,0.769886,8037679
4,2021-05-20,69520,11015717,44700,6487147,22809,4178482,2011,350088,25725,1019386,0.126826,43484,5196793,0.646554,28086,6216179,0.77338,8037679
4,2021-05-21,74244,11089961,48934,6536081,23417,4201899,1893,351981,26126,999886,0.1244,47783,5244576,0.652499,28283,6244462,0.776899,8037679
4,2021-05-22,50248,11140209,35244,6571325,13727,4215626,1277,353258,21779,994896,0.123779,28286,5272862,0.656018,23296,6267758,0.779797,8037679
4,2021-05-23,24028,11164237,17135,6588460,6166,4221792,727,353985,9737,991311,0.123333,14160,5287022,0.65778,10575,6278333,0.781113,8037679
4,2021-05-24,43354,11207591,27554,6616014,12782,4234574,3018,357003,15146,981707,0.122138,27969,5314991,0.661259,18365,6296698,0.783398,8037679
4,2021-05-25,45278,11252869,28165,6644179,14269,4248843,2844,359847,16014,971794,0.120905,28994,5343985,0.664867,19081,6315779,0.785771,8037679
4,2021-05-26,44983,11297852,26964,6671143,15401,4264244,2618,362465,15964,961770,0.119658,28778,5372763,0.668447,18754,6334533,0.788105,8037679
4,2021-05-27,39203,11337055,23512,6694655,12542,4276786,3149,365614,14732,955566,0.118886,24250,5397013,0.671464,18046,6352579,0.79035,8037679
4,2021-05-28,43725,11380780,27815,6722470,14290,4291076,1620,367234,18989,951949,0.118436,24444,5421457,0.674505,20827,6373406,0.792941,8037679
4,2021-05-29,23846,11404626,15474,6737944,7438,4298514,934,368168,10877,951089,0.118329,12808,5434265,0.676099,11948,6385354,0.794428,8037679
4,2021-05-30,12120,11416746,8512,6746456,3078,4301592,530,368698,5011,949671,0.118152,7028,5441293,0.676973,5610,6390964,0.795126,8037679
4,2021-05-31,3654,11420400,2327,6748783,1163,4302755,164,368862,1165,948598,0.118019,2423,5443716,0.677275,1350,6392314,0.795294,8037679
4,2021-06-01,39744,11460144,24701,6773484,12583,4315338,2460,371322,13077,937938,0.116693,26412,5470128,0.680561,15752,6408066,0.797253,8037679
4,2021-06-02,32924,11493068,20553,6794037,9548,4324886,2823,374145,10982,930146,0.115723,21742,5491870,0.683266,13950,6422016,0.798989,8037679
4,2021-06-03,48581,11541649,37283,6831320,8822,4333708,2476,376621,10476,905498,0.112657,37913,5529783,0.687983,13265,6435281,0.800639,8037679
4,2021-06-04,55389,11597038,44598,6875918,9454,4343162,1337,377958,12900,878318,0.109275,42233,5572016,0.693237,15053,6450334,0.802512,8037679
4,2021-06-05,45148,11642186,38669,6914587,5480,4348642,999,378957,8794,852224,0.106029,36189,5608205,0.697739,10095,6460429,0.803768,8037679
4,2021-06-06,21301,11663487,19001,6933588,1732,4350374,568,379525,3913,839829,0.104487,17275,5625480,0.699889,4880,6465309,0.804375,8037679
4,2021-06-07,38978,11702465,31534,6965122,5501,4355875,1943,381468,8520,820274,0.102054,30310,5655790,0.70366,10755,6476064,0.805713,8037679
4,2021-06-08,40750,11743215,31966,6997088,6233,4362108,2551,384019,9446,801505,0.099718,31104,5686894,0.707529,12335,6488399,0.807248,8037679
4,2021-06-09,39098,11782313,30991,7028079,5733,4367841,2374,386393,7927,781174,0.097189,30987,5717881,0.711385,10656,6499055,0.808574,8037679
4,2021-06-10,37313,11819626,29386,7057465,5299,4373140,2628,389021,8422,763768,0.095023,28718,5746599,0.714958,11312,6510367,0.809981,8037679
4,2021-06-11,38580,11858206,30266,7087731,6293,4379433,2021,391042,9960,747662,0.09302,28439,5775038,0.718496,12333,6522700,0.811515,8037679
4,2021-06-12,26813,11885019,22311,7110042,3783,4383216,719,391761,6104,734112,0.091334,20593,5795631,0.721058,7043,6529743,0.812392,8037679
4,2021-06-13,10894,11895913,8610,7118652,1803,4385019,481,392242,2282,728442,0.090628,8542,5804173,0.722121,2872,6532615,0.812749,8037679
4,2021-06-14,28797,11924710,21544,7140196,4442,4389461,2811,395053,7850,718525,0.089395,20796,5824969,0.724708,10879,6543494,0.814102,8037679
4,2021-06-15,30230,11954940,21397,7161593,5421,4394882,3412,398465,8363,708871,0.088193,21682,5846651,0.727405,12028,6555522,0.815599,8037679
4,2021-06-16,26840,11981780,20245,7181838,3968,4398850,2627,401092,8110,701282,0.087249,18536,5865187,0.729712,10947,6566469,0.816961,8037679
4,2021-06-17,25274,12007054,18669,7200507,3704,4402554,2901,403993,7664,694629,0.086422,17409,5882596,0.731877,10756,6577225,0.818299,8037679
4,2021-06-18,26802,12033856,21122,7221629,4443,4406997,1237,405230,8227,685978,0.085345,18363,5900959,0.734162,9712,6586937,0.819507,8037679
4,2021-06-19,15794,12049650,12772,7234401,2313,4409310,709,405939,5060,681329,0.084767,10585,5911544,0.735479,5936,6592873,0.820246,8037679
4,2021-06-20,7382,12057032,6075,7240476,1001,4410311,306,406245,2619,679639,0.084557,4700,5916244,0.736064,3010,6595883,0.82062,8037679
4,2021-06-21,14625,12071657,10568,7251044,2909,4413220,1148,407393,7337,681088,0.084737,7195,5923439,0.736959,8644,6604527,0.821696,8037679
4,2021-06-22,20544,12092201,16003,7267047,3459,4416679,1082,408475,7095,676106,0.084117,13311,5936750,0.738615,8329,6612856,0.822732,8037679
4,2021-06-23,18473,12110674,14491,7281538,2980,4419659,1002,409477,6708,672323,0.083646,11620,5948370,0.740061,7837,6620693,0.823707,8037679
4,2021-06-24,17669,12128343,13665,7295203,3013,4422672,991,410468,6566,669078,0.083243,10939,5959309,0.741422,7694,6628387,0.824664,8037679
4,2021-06-25,21706,12150049,17055,7312258,3598,4426270,1053,411521,7833,664407,0.082662,13726,5973035,0.743129,9055,6637442,0.825791,8037679
4,2021-06-26,13145,12163194,10703,7322961,1824,4428094,618,412139,4840,661797,0.082337,8180,5981215,0.744147,5570,6643012,0.826484,8037679
4,2021-06-27,6900,12170094,5593,7328554,965,4429059,342,412481,2902,661138,0.082255,3958,5985173,0.744639,3299,6646311,0.826894,8037679
4,2021-06-28,15209,12185303,12765,7341319,1583,4430642,861,413342,6099,659219,0.082016,9007,5994180,0.74576,7088,6653399,0.827776,8037679
4,2021-06-29,16593,12201896,12880,7354199,2899,4433541,814,414156,6422,656533,0.081682,10043,6004223,0.74701,7357,6660756,0.828691,8037679
4,2021-06-30,14726,12216622,11483,7365682,2504,4436045,739,414895,6125,655055,0.081498,8462,6012685,0.748062,6984,6667740,0.82956,8037679
4,2021-07-01,14673,12231295,11560,7377242,2361,4438406,752,415647,6038,653483,0.081302,8499,6021184,0.74912,6927,6674667,0.830422,8037679
4,2021-07-02,17017,12248312,13486,7390728,2753,4441159,778,416425,6977,651435,0.081048,9931,6031115,0.750355,7883,6682550,0.831403,8037679
4,2021-07-03,9284,12257596,7373,7398101,1497,4442656,414,416839,4010,650727,0.08096,5190,6036305,0.751001,4482,6687032,0.831961,8037679
4,2021-07-04,449,12258045,280,7398381,108,4442764,61,416900,199,650755,0.080963,243,6036548,0.751031,271,6687303,0.831994,8037679
4,2021-07-05,9275,12267320,7541,7405922,1318,4444082,416,417316,4216,650460,0.080926,4976,6041524,0.75165,4681,6691984,0.832577,8037679
4,2021-07-06,16651,12283971,13127,7419049,2715,4446797,809,418125,6144,647153,0.080515,10369,6051893,0.75294,7062,6699046,0.833455,8037679
4,2021-07-07,13823,12297794,10785,7429834,2254,4449051,784,418909,5202,644758,0.080217,8503,6060396,0.753998,6108,6705154,0.834215,8037679
4,2021-07-08,13311,12311105,10390,7440224,2083,4451134,838,419747,5230,642966,0.079994,7951,6068347,0.754987,6159,6711313,0.834981,8037679
4,2021-07-09,15546,12326651,11916,7452140,2691,4453825,939,420686,6324,641281,0.079784,9066,6077413,0.756115,7381,6718694,0.8359,8037679
4,2021-07-10,8924,12335575,7064,7459204,1456,4455281,404,421090,3766,640439,0.07968,5071,6082484,0.756746,4229,6722923,0.836426,8037679
4,2021-07-11,4994,12340569,3996,7463200,798,4456079,200,421290,2238,640195,0.079649,2712,6085196,0.757084,2468,6725391,0.836733,8037679
4,2021-07-12,13117,12353686,10387,7473587,2001,4458080,729,422019,5095,638181,0.079399,7939,6093135,0.758071,5925,6731316,0.83747,8037679
4,2021-07-13,12894,12366580,9871,7483458,2384,4460464,639,422658,5492,637111,0.079266,7297,6100432,0.758979,6227,6737543,0.838245,8037679
4,2021-07-14,11808,12378388,9283,7492741,1966,4462430,559,423217,5118,636261,0.07916,6595,6107027,0.7598,5745,6743288,0.83896,8037679
4,2021-07-15,12497,12390885,9922,7502663,1982,4464412,593,423810,5690,635941,0.07912,6678,6113705,0.760631,6358,6749646,0.839751,8037679
4,2021-07-16,15074,12405959,11756,7514419,2648,4467060,670,424480,6953,635657,0.079085,8015,6121720,0.761628,7731,6757377,0.840712,8037679
4,2021-07-17,9402,12415361,7436,7521855,1640,4468700,326,424806,4446,635617,0.07908,4857,6126577,0.762232,4817,6762194,0.841312,8037679
4,2021-07-18,5387,12420748,4339,7526194,848,4469548,200,425006,2544,635598,0.079077,2784,6129361,0.762578,2765,6764959,0.841656,8037679
4,2021-07-19,12876,12433624,10202,7536396,2014,4471562,660,425666,6118,635791,0.079101,6662,6136023,0.763407,6855,6771814,0.842509,8037679
4,2021-07-20,13920,12447544,10723,7547119,2528,4474090,669,426335,6884,636538,0.079194,6887,6142910,0.764264,7634,6779448,0.843458,8037679
4,2021-07-21,12905,12460449,10006,7557125,2246,4476336,653,426988,6429,637337,0.079294,6337,6149247,0.765053,7136,6786584,0.844346,8037679
4,2021-07-22,13603,12474052,10614,7567739,2323,4478659,666,427654,7073,638752,0.07947,6387,6155634,0.765847,7802,6794386,0.845317,8037679
4,2021-07-23,15830,12489882,12200,7579939,2925,4481584,705,428359,8286,640459,0.079682,7370,6163004,0.766764,9077,6803463,0.846446,8037679
4,2021-07-24,9652,12499534,7553,7587492,1766,4483350,333,428692,4963,641255,0.079781,4550,6167554,0.76733,5346,6808809,0.847111,8037679
4,2021-07-25,4809,12504343,3780,7591272,870,4484220,159,428851,3388,643455,0.080055,1362,6168916,0.7675,3562,6812371,0.847554,8037679
4,2021-07-26,13083,12517426,10242,7601514,2153,4486373,688,429539,7607,646487,0.080432,5316,6174232,0.768161,8348,6820719,0.848593,8037679
4,2021-07-27,14490,12531916,11111,7612625,2614,4488987,765,430304,7825,648617,0.080697,6500,6180732,0.76897,8630,6829349,0.849667,8037679
4,2021-07-28,13308,12545224,10145,7622770,2459,4491446,704,431008,7385,651020,0.080996,5742,6186474,0.769684,8145,6837494,0.85068,8037679
4,2021-07-29,13606,12558830,10569,7633339,2316,4493762,721,431729,7640,653728,0.081333,5731,6192205,0.770397,8439,6845933,0.85173,8037679
4,2021-07-30,15887,12574717,12143,7645482,2934,4496696,810,432539,8619,656370,0.081662,6890,6199095,0.771254,9532,6855465,0.852916,8037679
4,2021-07-31,9767,12584484,7617,7653099,1723,4498419,427,432966,5509,658292,0.081901,4055,6203150,0.771759,5977,6861442,0.85366,8037679
4,2021-08-01,5454,12589938,4497,7657596,787,4499206,170,433136,3219,659597,0.082063,2118,6205268,0.772022,3423,6864865,0.854085,8037679
4,2021-08-02,14119,12604057,11267,7668863,2104,4501310,748,433884,8237,662974,0.082483,5674,6210942,0.772728,9051,6873916,0.855212,8037679
4,2021-08-03,14723,12618780,11302,7680165,2652,4503962,769,434653,8462,666240,0.08289,6039,6216981,0.77348,9305,6883221,0.856369,8037679
4,2021-08-04,13400,12632180,10434,7690599,2270,4506232,696,435349,7566,668924,0.083224,5619,6222600,0.774179,8303,6891524,0.857402,8037679
4,2021-08-05,14369,12646549,11339,7701938,2262,4508494,768,436117,8071,671766,0.083577,6047,6228647,0.774931,8889,6900413,0.858508,8037679
4,2021-08-06,17288,12663837,13260,7715198,3151,4511645,877,436994,9620,674993,0.083979,7336,6235983,0.775844,10563,6910976,0.859822,8037679
4,2021-08-07,10213,12674050,8122,7723320,1648,4513293,443,437437,5572,676587,0.084177,4462,6240445,0.776399,6056,6917032,0.860576,8037679
4,2021-08-08,6253,12680303,4973,7728293,1076,4514369,204,437641,3598,677902,0.084341,2517,6242962,0.776712,3832,6920864,0.861053,8037679
4,2021-08-09,14717,12695020,11922,7740215,2046,4516415,749,438390,7879,680001,0.084602,6604,6249566,0.777534,8703,6929567,0.862135,8037679
4,2021-08-10,14882,12709902,11448,7751663,2664,4519079,770,439160,7848,681902,0.084838,6783,6256349,0.778378,8684,6938251,0.863216,8037679
4,2021-08-11,12681,12722583,9722,7761385,2184,4521263,775,439935,6618,683525,0.08504,5801,6262150,0.779099,7424,6945675,0.864139,8037679
4,2021-08-12,14203,12736786,10811,7772196,2629,4523892,763,440698,7299,685089,0.085235,6543,6268693,0.779913,8107,6953782,0.865148,8037679
4,2021-08-13,17883,12754669,13237,7785433,3739,4527631,907,441605,8808,686481,0.085408,8396,6277089,0.780958,9788,6963570,0.866366,8037679
4,2021-08-14,12276,12766945,8754,7794187,3000,4530631,522,442127,5569,687630,0.085551,5003,6282092,0.78158,6152,6969722,0.867131,8037679
4,2021-08-15,7498,12774443,5482,7799669,1792,4532423,224,442351,3315,688296,0.085634,2918,6285010,0.781943,3584,6973306,0.867577,8037679
4,2021-08-16,18188,12792631,12599,7812268,4709,4537132,880,443231,7508,689256,0.085753,7506,6292516,0.782877,8466,6981772,0.86863,8037679
4,2021-08-17,18495,12811126,12568,7824836,5065,4542197,862,444093,7322,690001,0.085846,7519,6300035,0.783813,8264,6990036,0.869659,8037679
4,2021-08-18,18090,12829216,12173,7837009,5123,4547320,794,444887,6869,690731,0.085937,7013,6307048,0.784685,7743,6997779,0.870622,8037679
4,2021-08-19,18479,12847695,12310,7849319,5377,4552697,792,445679,6822,691547,0.086038,6879,6313927,0.785541,7695,7005474,0.871579,8037679
4,2021-08-20,23313,12871008,15738,7865057,6726,4559423,849,446528,8304,691617,0.086047,9198,6323125,0.786685,9268,7014742,0.872732,8037679
4,2021-08-21,14687,12885695,10258,7875315,4026,4563449,403,446931,4951,691235,0.085999,5801,6328926,0.787407,5419,7020161,0.873406,8037679
4,2021-08-22,8685,12894380,6147,7881462,2377,4565826,161,447092,3418,691674,0.086054,3189,6332115,0.787804,3628,7023789,0.873858,8037679
4,2021-08-23,20408,12914788,14359,7895821,5341,4571167,708,447800,7425,692010,0.086096,7989,6340104,0.788798,8325,7032114,0.874894,8037679
4,2021-08-24,19794,12934582,13989,7909810,5134,4576301,671,448471,6971,691952,0.086089,7856,6347960,0.789775,7798,7039912,0.875864,8037679
4,2021-08-25,18208,12952790,12841,7922651,4739,4581040,628,449099,6548,692314,0.086134,6981,6354941,0.790644,7343,7047255,0.876777,8037679
4,2021-08-26,18721,12971511,13190,7935841,4902,4585942,629,449728,6407,692104,0.086107,7375,6362316,0.791561,7165,7054420,0.877669,8037679
4,2021-08-27,23051,12994562,16459,7952300,5920,4591862,672,450400,7659,690944,0.085963,9698,6372014,0.792768,8538,7062958,0.878731,8037679
4,2021-08-28,14240,13008802,10175,7962475,3704,4595566,361,450761,4763,690263,0.085878,5918,6377932,0.793504,5237,7068195,0.879383,8037679
4,2021-08-29,8412,13017214,6003,7968478,2303,4597869,106,450867,2918,689894,0.085832,3467,6381399,0.793936,3098,7071293,0.879768,8037679
4,2021-08-30,18901,13036115,13207,7981685,5064,4602933,630,451497,6069,688983,0.085719,7769,6389168,0.794902,6858,7078151,0.880621,8037679
4,2021-08-31,18890,13055005,12907,7994592,5441,4608374,542,452039,5611,687764,0.085567,7507,6396675,0.795836,6288,7084439,0.881404,8037679
4,2021-09-01,17099,13072104,11767,8006359,4830,4613204,502,452541,5540,687654,0.085554,6277,6402952,0.796617,6167,7090606,0.882171,8037679
4,2021-09-02,17096,13089200,11717,8018076,4879,4618083,500,453041,5226,687105,0.085485,6388,6409340,0.797412,5839,7096445,0.882897,8037679
4,2021-09-03,20705,13109905,14388,8032464,5713,4623796,604,453645,6270,685345,0.085267,8849,6418189,0.798513,7089,7103534,0.883779,8037679
4,2021-09-04,6992,13116897,4728,8037192,2027,4625823,237,453882,1942,684451,0.085155,3161,6421350,0.798906,2267,7105801,0.884061,8037679
