vemquartile,administered_date,total_doses,cumulative_total_doses,pfizer_doses,cumulative_pfizer_doses,moderna_doses,cumulative_moderna_doses,jj_doses,cumulative_jj_doses,partially_vaccinated,total_partially_vaccinated,pct_age12pop_partially_vaccinated,fully_vaccinated,cumulative_fully_vaccinated,pct_age12pop_fully_vaccinated,at_least_one_dose,cumulative_at_least_one_dose,pct_age12pop_at_least_one_dose,age12_population
1,2020-12-15,150,150,150,150,0,0,0,0,150,150,1.7e-05,0,0,0.0,150,150,1.7e-05,8700223
1,2020-12-16,1181,1331,1181,1331,0,0,0,0,1181,1331,0.000153,0,0,0.0,1181,1331,0.000153,8700223
1,2020-12-17,4161,5492,4161,5492,0,0,0,0,4162,5493,0.000631,0,0,0.0,4162,5493,0.000631,8700223
1,2020-12-18,6323,11815,6303,11795,20,20,0,0,6325,11817,0.001358,1,1,0.0,6325,11818,0.001358,8700223
1,2020-12-19,2875,14690,2874,14669,1,21,0,0,2874,14690,0.001688,1,2,0.0,2874,14692,0.001689,8700223
1,2020-12-20,2133,16823,2125,16794,8,29,0,0,2134,16824,0.001934,0,2,0.0,2134,16826,0.001934,8700223
1,2020-12-21,7640,24463,7625,24419,15,44,0,0,7689,24513,0.002818,1,3,0.0,7690,24516,0.002818,8700223
1,2020-12-22,7288,31751,6944,31363,344,388,0,0,7289,31800,0.003655,2,5,1e-06,7289,31805,0.003656,8700223
1,2020-12-23,7837,39588,6580,37943,1257,1645,0,0,7832,39631,0.004555,2,7,1e-06,7833,39638,0.004556,8700223
1,2020-12-24,3301,42889,2366,40309,935,2580,0,0,3303,42934,0.004935,0,7,1e-06,3303,42941,0.004936,8700223
1,2020-12-25,236,43125,152,40461,84,2664,0,0,236,43170,0.004962,0,7,1e-06,236,43177,0.004963,8700223
1,2020-12-26,1361,44486,967,41428,394,3058,0,0,1360,44529,0.005118,1,8,1e-06,1360,44537,0.005119,8700223
1,2020-12-27,870,45356,534,41962,336,3394,0,0,870,45398,0.005218,1,9,1e-06,870,45407,0.005219,8700223
1,2020-12-28,7097,52453,4764,46726,2333,5727,0,0,7095,52493,0.006034,0,9,1e-06,7095,52502,0.006035,8700223
1,2020-12-29,8886,61339,4985,51711,3901,9628,0,0,8883,61374,0.007054,2,11,1e-06,8883,61385,0.007056,8700223
1,2020-12-30,11594,72933,6451,58162,5143,14771,0,0,11594,72968,0.008387,0,11,1e-06,11594,72979,0.008388,8700223
1,2020-12-31,5949,78882,1956,60118,3993,18764,0,0,5947,78913,0.00907,3,14,2e-06,5948,78927,0.009072,8700223
1,2021-01-01,580,79462,200,60318,380,19144,0,0,579,79491,0.009137,1,15,2e-06,579,79506,0.009138,8700223
1,2021-01-02,2906,82368,1761,62079,1145,20289,0,0,2908,82399,0.009471,0,15,2e-06,2908,82414,0.009473,8700223
1,2021-01-03,1018,83386,544,62623,474,20763,0,0,1017,83414,0.009588,2,17,2e-06,1017,83431,0.00959,8700223
1,2021-01-04,7342,90728,3581,66204,3761,24524,0,0,7346,90759,0.010432,1,18,2e-06,7346,90777,0.010434,8700223
1,2021-01-05,10819,101547,5219,71423,5600,30124,0,0,10060,100097,0.011505,744,762,8.8e-05,10082,100859,0.011593,8700223
1,2021-01-06,14023,115570,7047,78470,6976,37100,0,0,12122,110366,0.012685,1864,2626,0.000302,12133,112992,0.012987,8700223
1,2021-01-07,17478,133048,9129,87599,8349,45449,0,0,12987,118966,0.013674,4397,7023,0.000807,12997,125989,0.014481,8700223
1,2021-01-08,20162,153210,10458,98057,9704,55153,0,0,14244,127313,0.014633,5904,12927,0.001486,14251,140240,0.016119,8700223
1,2021-01-09,6695,159905,3390,101447,3305,58458,0,0,4844,130316,0.014978,1845,14772,0.001698,4848,145088,0.016676,8700223
1,2021-01-10,3086,162991,1760,103207,1326,59784,0,0,1894,131027,0.01506,1184,15956,0.001834,1895,146983,0.016894,8700223
1,2021-01-11,18072,181063,11840,115047,6232,66016,0,0,11529,136070,0.01564,6525,22481,0.002584,11568,158551,0.018224,8700223
1,2021-01-12,19103,200166,10907,125954,8196,74212,0,0,13130,143300,0.016471,5937,28418,0.003266,13167,171718,0.019737,8700223
1,2021-01-13,19864,220030,10746,136700,9118,83330,0,0,14708,152895,0.017574,5131,33549,0.003856,14726,186444,0.02143,8700223
1,2021-01-14,22090,242120,9521,146221,12569,95899,0,0,19330,169576,0.019491,2701,36250,0.004167,19382,205826,0.023658,8700223
1,2021-01-15,25185,267305,9246,155467,15939,111838,0,0,23238,190967,0.02195,1905,38155,0.004386,23296,229122,0.026335,8700223
1,2021-01-16,13917,281222,4561,160028,9356,121194,0,0,13052,203158,0.023351,864,39019,0.004485,13055,242177,0.027836,8700223
1,2021-01-17,5190,286412,2000,162028,3190,124384,0,0,4823,207620,0.023864,365,39384,0.004527,4827,247004,0.028391,8700223
1,2021-01-18,14314,300726,8586,170614,5728,130112,0,0,11126,215624,0.024784,3175,42559,0.004892,11179,258183,0.029675,8700223
1,2021-01-19,24681,325407,12771,183385,11910,142022,0,0,19533,230080,0.026445,5131,47690,0.005481,19587,277770,0.031927,8700223
1,2021-01-20,29478,354885,14750,198135,14728,156750,0,0,23559,247832,0.028486,5845,53535,0.006153,23597,301367,0.034639,8700223
1,2021-01-21,31228,386113,14581,212716,16647,173397,0,0,27958,272676,0.031341,3205,56740,0.006522,28049,329416,0.037863,8700223
1,2021-01-22,28359,414472,11220,223936,17139,190536,0,0,26310,297036,0.034141,1980,58720,0.006749,26340,355756,0.04089,8700223
1,2021-01-23,18788,433260,8203,232139,10585,201121,0,0,16829,311948,0.035855,1927,60647,0.006971,16839,372595,0.042826,8700223
1,2021-01-24,6671,439931,4157,236296,2514,203635,0,0,6015,317318,0.036472,651,61298,0.007046,6021,378616,0.043518,8700223
1,2021-01-25,25422,465353,10473,246769,14949,218584,0,0,19655,331351,0.038085,5723,67021,0.007703,19756,398372,0.045789,8700223
1,2021-01-26,28641,493994,13359,260128,15282,233866,0,0,21969,346733,0.039853,6607,73628,0.008463,21989,420361,0.048316,8700223
1,2021-01-27,32494,526488,15413,275541,17081,250947,0,0,24368,363077,0.041732,8056,81684,0.009389,24400,444761,0.051121,8700223
1,2021-01-28,34822,561310,16286,291827,18536,269483,0,0,27898,384188,0.044158,6850,88534,0.010176,27961,472722,0.054334,8700223
1,2021-01-29,33530,594840,16322,308149,17208,286691,0,0,26987,404814,0.046529,6398,94932,0.010911,27024,499746,0.057441,8700223
1,2021-01-30,20095,614935,8652,316801,11443,298134,0,0,17994,420744,0.04836,2074,97006,0.01115,18004,517750,0.05951,8700223
1,2021-01-31,7524,622459,4850,321651,2674,300808,0,0,6822,426868,0.049064,700,97706,0.01123,6824,524574,0.060294,8700223
1,2021-02-01,28927,651386,12495,334146,16432,317240,0,0,21163,440324,0.050611,7712,105418,0.012117,21168,545742,0.062727,8700223
1,2021-02-02,32489,683875,11639,345785,20850,338090,0,0,24307,456567,0.052478,8100,113518,0.013048,24343,570085,0.065525,8700223
1,2021-02-03,39636,723511,15193,360978,24443,362533,0,0,28588,474308,0.054517,10884,124402,0.014299,28625,598710,0.068815,8700223
1,2021-02-04,44127,767638,17228,378206,26899,389432,0,0,31943,494236,0.056807,12062,136464,0.015685,31990,630700,0.072492,8700223
1,2021-02-05,46942,814580,17405,395611,29537,418969,0,0,30782,509052,0.05851,16023,152487,0.017527,30839,661539,0.076037,8700223
1,2021-02-06,26516,841096,10487,406098,16029,434998,0,0,20612,523818,0.060207,5863,158350,0.018201,20629,682168,0.078408,8700223
1,2021-02-07,6237,847333,4000,410098,2237,437235,0,0,4631,526882,0.06056,1585,159935,0.018383,4649,686817,0.078942,8700223
1,2021-02-08,31324,878657,14175,424273,17149,454384,0,0,20845,537417,0.06177,10405,170340,0.019579,20940,707757,0.081349,8700223
1,2021-02-09,38387,917044,16759,441032,21628,476012,0,0,23661,546452,0.062809,14703,185043,0.021269,23738,731495,0.084078,8700223
1,2021-02-10,47095,964139,22042,463074,25053,501065,0,0,26736,553006,0.063562,20261,205304,0.023598,26815,758310,0.08716,8700223
1,2021-02-11,51677,1015816,25267,488341,26410,527475,0,0,30895,563544,0.064774,20461,225765,0.025949,30999,789309,0.090723,8700223
1,2021-02-12,50054,1065870,21440,509781,28614,556089,0,0,28773,571304,0.065665,21152,246917,0.028381,28912,818221,0.094046,8700223
1,2021-02-13,26336,1092206,11523,521304,14813,570902,0,0,15218,575548,0.066153,11049,257966,0.029651,15293,833514,0.095804,8700223
1,2021-02-14,11713,1103919,5536,526840,6177,577079,0,0,6670,577266,0.066351,5017,262983,0.030227,6735,840249,0.096578,8700223
1,2021-02-15,23760,1127679,9360,536200,14400,591479,0,0,14455,582645,0.066969,9193,272176,0.031284,14572,854821,0.098253,8700223
1,2021-02-16,46852,1174531,22320,558520,24532,616011,0,0,27519,591020,0.067932,19254,291430,0.033497,27629,882450,0.101428,8700223
1,2021-02-17,48230,1222761,24360,582880,23870,639881,0,0,26083,595243,0.068417,22008,313438,0.036026,26231,908681,0.104443,8700223
1,2021-02-18,51104,1273865,25386,608266,25718,665599,0,0,26564,597725,0.068702,24310,337748,0.038821,26792,935473,0.107523,8700223
1,2021-02-19,46418,1320283,25053,633319,21365,686964,0,0,26118,603738,0.069393,20168,357916,0.041139,26181,961654,0.110532,8700223
1,2021-02-20,27415,1347698,16673,649992,10742,697706,0,0,15705,607866,0.069868,11652,369568,0.042478,15780,977434,0.112346,8700223
1,2021-02-21,12153,1359851,10458,660450,1695,699401,0,0,7396,610611,0.070183,4701,374269,0.043018,7446,984880,0.113202,8700223
1,2021-02-22,31086,1390937,20401,680851,10685,710086,0,0,17937,615577,0.070754,13072,387341,0.044521,18038,1002918,0.115275,8700223
1,2021-02-23,44830,1435767,21670,702521,23160,733246,0,0,24751,620886,0.071364,19804,407145,0.046797,25113,1028031,0.118161,8700223
1,2021-02-24,54182,1489949,26122,728643,28060,761306,0,0,30119,627561,0.072132,23894,431039,0.049543,30569,1058600,0.121675,8700223
1,2021-02-25,65582,1555531,31874,760517,33708,795014,0,0,41058,644714,0.074103,24406,455445,0.052349,41559,1100159,0.126452,8700223
1,2021-02-26,73493,1629024,34470,794987,39023,834037,0,0,48369,668620,0.076851,24939,480384,0.055215,48845,1149004,0.132066,8700223
1,2021-02-27,50210,1679234,23208,818195,26993,861030,9,9,33421,685656,0.078809,16660,497044,0.05713,33696,1182700,0.135939,8700223
1,2021-02-28,19451,1698685,11508,829703,7941,868971,2,11,14324,695058,0.07989,5064,502108,0.057712,14466,1197166,0.137602,8700223
1,2021-03-01,44504,1743189,20401,850104,24063,893034,40,51,28733,708452,0.081429,15614,517722,0.059507,29008,1226174,0.140936,8700223
1,2021-03-02,62314,1805503,27130,877234,35176,928210,8,59,40262,727426,0.08361,21912,539634,0.062025,40886,1267060,0.145635,8700223
1,2021-03-03,70178,1875681,33569,910803,36587,964797,22,81,42980,743977,0.085512,27047,566681,0.065134,43598,1310658,0.150646,8700223
1,2021-03-04,78459,1954140,36991,947794,41432,1006229,36,117,50717,767673,0.088236,27567,594248,0.068303,51263,1361921,0.156539,8700223
1,2021-03-05,77549,2031689,35158,982952,42185,1048414,206,323,52022,795224,0.091403,25304,619552,0.071211,52855,1414776,0.162614,8700223
1,2021-03-06,57328,2089017,27391,1010343,28591,1077005,1346,1669,39022,817720,0.093988,18235,637787,0.073307,40731,1455507,0.167295,8700223
1,2021-03-07,20200,2109217,12866,1023209,6522,1083527,812,2481,15177,828972,0.095282,5000,642787,0.073882,16252,1471759,0.169163,8700223
1,2021-03-08,45737,2154954,22477,1045686,21388,1104915,1872,4353,32141,849820,0.097678,13501,656288,0.075433,34349,1506108,0.173111,8700223
1,2021-03-09,66575,2221529,32189,1077875,31910,1136825,2476,6829,41004,868194,0.09979,25449,681737,0.078359,43823,1549931,0.178148,8700223
1,2021-03-10,73451,2294980,36614,1114489,32377,1169202,4460,11289,45258,890184,0.102317,28097,709834,0.081588,50087,1600018,0.183905,8700223
1,2021-03-11,90055,2385035,41299,1155788,40754,1209956,8002,19291,52504,913820,0.105034,37335,747169,0.085879,60971,1660989,0.190913,8700223
1,2021-03-12,98844,2483879,43543,1199331,42876,1252832,12425,31716,57757,943583,0.108455,40887,788056,0.090579,70650,1731639,0.199034,8700223
1,2021-03-13,65282,2549161,29471,1228802,28043,1280875,7768,39484,41581,969691,0.111456,23573,811629,0.093288,49681,1781320,0.204744,8700223
1,2021-03-14,27847,2577008,14919,1243721,9355,1290230,3573,43057,15610,976899,0.112284,12169,823798,0.094687,19377,1800697,0.206971,8700223
1,2021-03-15,65273,2642281,28760,1272481,29774,1320004,6739,49796,38530,995998,0.11448,26537,850335,0.097737,45636,1846333,0.212217,8700223
1,2021-03-16,85742,2728023,39053,1311534,41038,1361042,5651,55447,53273,1023025,0.117586,32260,882595,0.101445,59287,1905620,0.219031,8700223
1,2021-03-17,92865,2820888,45274,1356808,41023,1402065,6568,62015,59886,1057068,0.121499,32782,915377,0.105213,66825,1972445,0.226712,8700223
1,2021-03-18,98742,2919630,50893,1407701,42107,1444172,5742,67757,60170,1085250,0.124738,38236,953613,0.109608,66418,2038863,0.234346,8700223
1,2021-03-19,103496,3023126,53610,1461311,43583,1487755,6303,74060,61052,1110948,0.127692,42175,995788,0.114455,67873,2106736,0.242147,8700223
1,2021-03-20,72392,3095518,37179,1498490,29946,1517701,5267,79327,46693,1137675,0.130764,25514,1021302,0.117388,52241,2158977,0.248152,8700223
1,2021-03-21,27180,3122698,18984,1517474,6381,1524082,1815,81142,17096,1146687,0.1318,9997,1031299,0.118537,19009,2177986,0.250337,8700223
1,2021-03-22,59212,3181910,30549,1548023,25389,1549471,3274,84416,40160,1171652,0.134669,18844,1050143,0.120703,43809,2221795,0.255372,8700223
1,2021-03-23,83000,3264910,42246,1590269,37135,1586606,3619,88035,51331,1195628,0.137425,31443,1081586,0.124317,55419,2277214,0.261742,8700223
1,2021-03-24,87845,3352755,44501,1634770,38982,1625588,4362,92397,52791,1218173,0.140016,34783,1116369,0.128315,57328,2334542,0.268331,8700223
1,2021-03-25,96672,3449427,49399,1684169,41445,1667033,5828,98225,54078,1236002,0.142066,42289,1158658,0.133176,60118,2394660,0.275241,8700223
1,2021-03-26,104414,3553841,51008,1735177,47068,1714101,6338,104563,56486,1251528,0.14385,47599,1206257,0.138647,63125,2457785,0.282497,8700223
1,2021-03-27,73899,3627740,38210,1773387,31496,1745597,4193,108756,38264,1258775,0.144683,35411,1241668,0.142717,42658,2500443,0.2874,8700223
1,2021-03-28,32586,3660326,21337,1794724,10036,1755633,1213,109969,16496,1260944,0.144932,15989,1257657,0.144555,18158,2518601,0.289487,8700223
1,2021-03-29,66997,3727323,33282,1828006,30550,1786183,3165,113134,37132,1271767,0.146176,29678,1287335,0.147966,40501,2559102,0.294142,8700223
1,2021-03-30,91796,3819119,45269,1873275,40155,1826338,6372,119506,47343,1281297,0.147272,44276,1331611,0.153055,53806,2612908,0.300327,8700223
1,2021-03-31,100559,3919678,52582,1925857,41835,1868173,6142,125648,55303,1297853,0.149175,44958,1376569,0.158222,61514,2674422,0.307397,8700223
1,2021-04-01,111633,4031311,53443,1979300,49400,1917573,8790,134438,57030,1309527,0.150516,54203,1430772,0.164452,65877,2740299,0.314969,8700223
1,2021-04-02,111120,4142431,50885,2030185,50549,1968122,9686,144124,56554,1321834,0.151931,54140,1484912,0.170675,66447,2806746,0.322606,8700223
1,2021-04-03,77973,4220404,39236,2069421,29104,1997226,9633,153757,36504,1326749,0.152496,41292,1526204,0.175421,46207,2852953,0.327917,8700223
1,2021-04-04,23710,4244114,11809,2081230,8439,2005665,3462,157219,9936,1326430,0.152459,13708,1539912,0.176997,13389,2866342,0.329456,8700223
1,2021-04-05,76258,4320372,36805,2118035,30219,2035884,9234,166453,34463,1328699,0.15272,41601,1581513,0.181778,43870,2910212,0.334499,8700223
1,2021-04-06,103583,4423955,49211,2167246,37765,2073649,16607,183060,46862,1335752,0.153531,56457,1637970,0.188268,63510,2973722,0.341798,8700223
1,2021-04-07,111652,4535607,54304,2221550,39832,2113481,17516,200576,50398,1342739,0.154334,60958,1698928,0.195274,67945,3041667,0.349608,8700223
1,2021-04-08,121982,4657589,57797,2279347,43259,2156740,20926,221502,53933,1350017,0.15517,67649,1766577,0.20305,74927,3116594,0.35822,8700223
1,2021-04-09,123319,4780908,56414,2335761,46156,2202896,20749,242251,54216,1356297,0.155892,68745,1835322,0.210951,75025,3191619,0.366843,8700223
1,2021-04-10,95481,4876389,42445,2378206,30349,2233245,22687,264938,37266,1358222,0.156113,58016,1893338,0.217619,59941,3251560,0.373733,8700223
1,2021-04-11,36290,4912679,20294,2398500,9366,2242611,6630,271568,14784,1358300,0.156122,21446,1914784,0.220084,21524,3273084,0.376207,8700223
1,2021-04-12,74189,4986868,33204,2431704,31010,2273621,9975,281543,31405,1357334,0.156011,42502,1957286,0.22497,41536,3314620,0.380981,8700223
1,2021-04-13,97091,5083959,52021,2483725,44731,2318352,339,281882,52458,1366123,0.157022,44351,2001637,0.230067,53140,3367760,0.387089,8700223
1,2021-04-14,104856,5188815,54332,2538057,50453,2368805,71,281953,53402,1368872,0.157338,51096,2052733,0.23594,53845,3421605,0.393278,8700223
1,2021-04-15,106100,5294915,57745,2595802,48264,2417069,91,282044,56763,1377129,0.158287,48766,2101499,0.241545,57023,3478628,0.399832,8700223
1,2021-04-16,110495,5405410,56775,2652577,53632,2470701,88,282132,55419,1378263,0.158417,54556,2156055,0.247816,55690,3534318,0.406233,8700223
1,2021-04-17,83377,5488787,45305,2697882,38060,2508761,12,282144,46822,1388927,0.159643,36333,2192388,0.251992,46997,3581315,0.411635,8700223
1,2021-04-18,30124,5518911,20379,2718261,9738,2518499,7,282151,15220,1389537,0.159713,14818,2207206,0.253695,15428,3596743,0.413408,8700223
1,2021-04-19,67055,5585966,33968,2752229,33074,2551573,13,282164,30504,1383975,0.159074,36207,2243413,0.257857,30645,3627388,0.41693,8700223
1,2021-04-20,88374,5674340,44547,2796776,43803,2595376,24,282188,41649,1379459,0.158554,46391,2289804,0.263189,41875,3669263,0.421744,8700223
1,2021-04-21,97189,5771529,50686,2847462,46406,2641782,97,282285,43761,1370654,0.157542,52896,2342700,0.269269,44091,3713354,0.426811,8700223
1,2021-04-22,96650,5868179,50414,2897876,46220,2688002,16,282301,44443,1363596,0.156731,51735,2394435,0.275215,44677,3758031,0.431947,8700223
1,2021-04-23,101236,5969415,52284,2950160,48927,2736929,25,282326,48437,1359973,0.156315,52310,2446745,0.281228,48687,3806718,0.437543,8700223
1,2021-04-24,75296,6044711,46688,2996848,28583,2765512,25,282351,42714,1370486,0.157523,32478,2479223,0.284961,42991,3849709,0.442484,8700223
1,2021-04-25,26953,6071664,17157,3014005,9783,2775295,13,282364,15418,1374629,0.157999,11426,2490649,0.286274,15569,3865278,0.444273,8700223
1,2021-04-26,65923,6137587,34638,3048643,30885,2806180,400,282764,31483,1372700,0.157778,34151,2524800,0.290199,32222,3897500,0.447977,8700223
1,2021-04-27,81107,6218694,43136,3091779,36672,2842852,1299,284063,35503,1364517,0.156837,45327,2570127,0.295409,37144,3934644,0.452246,8700223
1,2021-04-28,80679,6299373,42916,3134695,36278,2879130,1485,285548,35701,1357281,0.156005,44650,2614777,0.300541,37414,3972058,0.456547,8700223
1,2021-04-29,83758,6383131,46082,3180777,36068,2915198,1608,287156,34661,1344937,0.154586,48773,2663550,0.306147,36429,4008487,0.460734,8700223
1,2021-04-30,91360,6474491,49548,3230325,39959,2955157,1853,289009,38633,1333173,0.153234,52418,2715968,0.312172,40654,4049141,0.465407,8700223
1,2021-05-01,62163,6536654,40173,3270498,20580,2975737,1410,290419,26233,1325317,0.152331,35721,2751689,0.316278,27865,4077006,0.468609,8700223
1,2021-05-02,23213,6559867,16404,3286902,6234,2981971,575,290994,9398,1321610,0.151905,13708,2765397,0.317854,10001,4087007,0.469759,8700223
1,2021-05-03,55553,6615420,30712,3317614,23003,3004974,1838,292832,20552,1309278,0.150488,34777,2800174,0.321851,22445,4109452,0.472339,8700223
1,2021-05-04,74949,6690369,43159,3360773,29709,3034683,2081,294913,27265,1291307,0.148422,47406,2847580,0.3273,29435,4138887,0.475722,8700223
1,2021-05-05,77155,6767524,44769,3405542,30092,3064775,2294,297207,26415,1269680,0.145936,50420,2898000,0.333095,28793,4167680,0.479031,8700223
1,2021-05-06,78336,6845860,47434,3452976,28735,3093510,2167,299374,24627,1243278,0.142902,53350,2951350,0.339227,26948,4194628,0.482129,8700223
1,2021-05-07,82367,6928227,46818,3499794,33357,3126867,2192,301566,27717,1219012,0.140113,54242,3005592,0.345461,29976,4224604,0.485574,8700223
1,2021-05-08,56595,6984822,35505,3535299,19455,3146322,1635,303201,19354,1203168,0.138292,36927,3042519,0.349706,21083,4245687,0.487997,8700223
1,2021-05-09,18136,7002958,13050,3548349,4613,3150935,473,303674,5553,1196725,0.137551,12505,3055024,0.351143,6062,4251749,0.488694,8700223
1,2021-05-10,43677,7046635,22078,3570427,19797,3170732,1802,305476,14826,1184853,0.136187,28595,3083619,0.35443,16723,4268472,0.490616,8700223
1,2021-05-11,61628,7108263,33443,3603870,26050,3196782,2135,307611,20446,1166641,0.134093,40915,3124534,0.359133,22703,4291175,0.493226,8700223
1,2021-05-12,62136,7170399,33111,3636981,27016,3223798,2009,309620,20482,1147847,0.131933,41355,3165889,0.363886,22561,4313736,0.495819,8700223
1,2021-05-13,66127,7236526,38797,3675778,25351,3249149,1979,311599,25210,1134757,0.130428,40559,3206448,0.368548,27469,4341205,0.498976,8700223
1,2021-05-14,75768,7312294,45688,3721466,27696,3276845,2384,313983,30728,1123489,0.129133,44659,3251107,0.373681,33391,4374596,0.502814,8700223
1,2021-05-15,65889,7378183,43251,3764717,20904,3297749,1734,315717,26318,1112322,0.12785,39292,3290399,0.378197,28125,4402721,0.506047,8700223
1,2021-05-16,24827,7403010,18279,3782996,5927,3303676,621,316338,10187,1108645,0.127427,14530,3304929,0.379867,10853,4413574,0.507294,8700223
1,2021-05-17,53869,7456879,32964,3815960,19147,3322823,1758,318096,22942,1102728,0.126747,30677,3335606,0.383393,24760,4438334,0.51014,8700223
1,2021-05-18,64695,7521574,38994,3854954,23883,3346706,1818,319914,28112,1096425,0.126023,36318,3371924,0.387568,30015,4468349,0.51359,8700223
1,2021-05-19,65988,7587562,40193,3895147,23876,3370582,1919,321833,29490,1091698,0.125479,36225,3408149,0.391731,31498,4499847,0.517211,8700223
1,2021-05-20,63847,7651409,37073,3932220,24597,3395179,2177,324010,26294,1083143,0.124496,37228,3445377,0.39601,28673,4528520,0.520506,8700223
1,2021-05-21,69600,7721009,41592,3973812,26160,3421339,1848,325858,28790,1073464,0.123384,40416,3485793,0.400656,30737,4559257,0.524039,8700223
1,2021-05-22,55518,7776527,36509,4010321,17300,3438639,1709,327567,24251,1068508,0.122814,31013,3516806,0.40422,26057,4585314,0.527034,8700223
1,2021-05-23,20145,7796672,14186,4024507,5372,3444011,587,328154,9419,1067913,0.122745,10625,3527431,0.405441,10030,4595344,0.528187,8700223
1,2021-05-24,43525,7840197,24297,4048804,17410,3461421,1818,329972,17686,1061904,0.122055,25596,3553027,0.408383,19587,4614931,0.530438,8700223
1,2021-05-25,50605,7890802,29151,4077955,19784,3481205,1670,331642,21009,1055359,0.121303,29325,3582352,0.411754,22780,4637711,0.533057,8700223
1,2021-05-26,48264,7939066,27386,4105341,18986,3500191,1892,333534,20493,1050322,0.120724,27468,3609820,0.414911,22431,4660142,0.535635,8700223
1,2021-05-27,46762,7985828,26281,4131622,18599,3518790,1882,335416,20119,1046080,0.120236,26360,3636180,0.417941,22118,4682260,0.538177,8700223
1,2021-05-28,52149,8037977,29016,4160638,21329,3540119,1804,337220,23385,1042938,0.119875,28456,3664636,0.421212,25314,4707574,0.541087,8700223
1,2021-05-29,30399,8068376,18388,4179026,11051,3551170,960,338180,14495,1042701,0.119848,15748,3680384,0.423022,15511,4723085,0.542869,8700223
1,2021-05-30,11577,8079953,7474,4186500,3555,3554725,548,338728,5475,1042717,0.119849,6031,3686415,0.423715,6047,4729132,0.543564,8700223
1,2021-05-31,5680,8085633,3238,4189738,2192,3556917,250,338978,1988,1041332,0.11969,3636,3690051,0.424133,2251,4731383,0.543823,8700223
1,2021-06-01,45624,8131257,25795,4215533,18272,3575189,1557,340535,17334,1032311,0.118653,27989,3718040,0.42735,18968,4750351,0.546003,8700223
1,2021-06-02,39810,8171067,23108,4238641,15201,3590390,1501,342036,16060,1026479,0.117983,23466,3741506,0.430047,17634,4767985,0.54803,8700223
1,2021-06-03,41132,8212199,25764,4264405,13683,3604073,1685,343721,15764,1018929,0.117115,25074,3766580,0.432929,17524,4785509,0.550044,8700223
1,2021-06-04,49924,8262123,31967,4296372,16159,3620232,1798,345519,17893,1006993,0.115743,31705,3798285,0.436573,19769,4805278,0.552317,8700223
1,2021-06-05,40135,8302258,27401,4323773,10744,3630976,1990,347509,14140,997400,0.114641,25778,3824063,0.439536,16185,4821463,0.554177,8700223
1,2021-06-06,13068,8315326,10469,4334242,2099,3633075,500,348009,4542,994055,0.114256,8448,3832511,0.440507,5103,4826566,0.554763,8700223
1,2021-06-07,33836,8349162,23349,4357591,9143,3642218,1344,349353,12035,985890,0.113318,21598,3854109,0.44299,13433,4839999,0.556307,8700223
1,2021-06-08,42071,8391233,29126,4386717,11310,3653528,1635,350988,14657,975122,0.11208,27154,3881263,0.446111,16386,4856385,0.558191,8700223
1,2021-06-09,41935,8433168,29111,4415828,11200,3664728,1624,352612,13690,962551,0.110635,27951,3909214,0.449323,15380,4871765,0.559959,8700223
1,2021-06-10,38832,8472000,26221,4442049,10941,3675669,1670,354282,13372,952475,0.109477,25227,3934441,0.452223,15151,4886916,0.5617,8700223
1,2021-06-11,43467,8515467,28796,4470845,13015,3688684,1656,355938,15407,941854,0.108256,27766,3962207,0.455414,17145,4904061,0.563671,8700223
1,2021-06-12,33571,8549038,24297,4495142,8082,3696766,1192,357130,11068,931886,0.107111,22298,3984505,0.457977,12330,4916391,0.565088,8700223
1,2021-06-13,11609,8560647,8424,4503566,2703,3699469,482,357612,3404,927669,0.106626,8138,3992643,0.458913,3921,4920312,0.565539,8700223
1,2021-06-14,30667,8591314,20657,4524223,8718,3708187,1292,358904,11464,921448,0.105911,19015,4011658,0.461098,12794,4933106,0.567009,8700223
1,2021-06-15,36984,8628298,24254,4548477,10880,3719067,1850,360754,13693,914048,0.10506,23036,4034694,0.463746,15636,4948742,0.568806,8700223
1,2021-06-16,35183,8663481,23751,4572228,9601,3728668,1831,362585,13182,907372,0.104293,21755,4056449,0.466247,15079,4963821,0.57054,8700223
1,2021-06-17,33308,8696789,22023,4594251,9327,3737995,1958,364543,13030,902403,0.103722,20051,4076500,0.468551,15082,4978903,0.572273,8700223
1,2021-06-18,39075,8735864,25324,4619575,10913,3748908,2838,367381,15154,896793,0.103077,23661,4100161,0.471271,18051,4996954,0.574348,8700223
1,2021-06-19,23694,8759558,16418,4635993,6079,3754987,1197,368578,9799,894093,0.102767,13730,4113891,0.472849,11030,5007984,0.575616,8700223
1,2021-06-20,8082,8767640,5907,4641900,1900,3756887,275,368853,3214,892786,0.102616,4806,4118697,0.473401,3499,5011483,0.576018,8700223
1,2021-06-21,20744,8788384,11738,4653638,6830,3763717,2176,371029,10813,895996,0.102985,9827,4128524,0.474531,13037,5024520,0.577516,8700223
1,2021-06-22,30513,8818897,19942,4673580,8458,3772175,2113,373142,12847,893560,0.102705,17471,4145995,0.476539,15035,5039555,0.579244,8700223
1,2021-06-23,29118,8848015,19545,4693125,7764,3779939,1809,374951,12732,891943,0.10252,16190,4162185,0.4784,14573,5054128,0.580919,8700223
1,2021-06-24,27925,8875940,18628,4711753,7658,3787597,1639,376590,11871,889645,0.102255,15873,4178058,0.480224,13575,5067703,0.58248,8700223
1,2021-06-25,31329,8907269,21284,4733037,8651,3796248,1394,377984,13786,887553,0.102015,17326,4195384,0.482216,15234,5082937,0.584231,8700223
1,2021-06-26,22102,8929371,16414,4749451,4883,3801131,805,378789,9652,885723,0.101805,12336,4207720,0.483634,10506,5093443,0.585438,8700223
1,2021-06-27,9067,8938438,6749,4756200,1901,3803032,417,379206,4059,885265,0.101752,4951,4212671,0.484203,4493,5097936,0.585955,8700223
1,2021-06-28,20825,8959263,15475,4771675,4093,3807125,1257,380463,9666,885236,0.101749,11003,4223674,0.485467,10974,5108910,0.587216,8700223
1,2021-06-29,26182,8985445,17914,4789589,6925,3814050,1343,381806,11528,883682,0.10157,14486,4238160,0.487132,12932,5121842,0.588702,8700223
1,2021-06-30,25079,9010524,17414,4807003,6643,3820693,1022,382828,11897,883671,0.101569,13001,4251161,0.488627,12990,5134832,0.590195,8700223
1,2021-07-01,22910,9033434,15963,4822966,5723,3826416,1224,384052,10609,883419,0.10154,12162,4263323,0.490025,11910,5146742,0.591564,8700223
1,2021-07-02,25280,9058714,17419,4840385,6896,3833312,965,385017,11864,883090,0.101502,13237,4276560,0.491546,12908,5159650,0.593048,8700223
1,2021-07-03,14213,9072927,9955,4850340,3858,3837170,400,385417,6731,882898,0.10148,7361,4283921,0.492392,7169,5166819,0.593872,8700223
1,2021-07-04,937,9073864,455,4850795,434,3837604,48,385465,457,882936,0.101484,473,4284394,0.492446,511,5167330,0.593931,8700223
2,2020-12-15,242,242,242,242,0,0,0,0,242,242,2.9e-05,0,0,0.0,242,242,2.9e-05,8407551
2,2020-12-16,2092,2334,2092,2334,0,0,0,0,2091,2333,0.000277,0,0,0.0,2091,2333,0.000277,8407551
2,2020-12-17,6841,9175,6841,9175,0,0,0,0,6842,9175,0.001091,0,0,0.0,6842,9175,0.001091,8407551
2,2020-12-18,11078,20253,11058,20233,20,20,0,0,11078,20253,0.002409,0,0,0.0,11078,20253,0.002409,8407551
2,2020-12-19,5616,25869,5610,25843,6,26,0,0,5617,25870,0.003077,0,0,0.0,5617,25870,0.003077,8407551
2,2020-12-20,4257,30126,4247,30090,10,36,0,0,4252,30121,0.003583,1,1,0.0,4252,30122,0.003583,8407551
2,2020-12-21,12775,42901,12750,42840,25,61,0,0,12730,42851,0.005097,0,1,0.0,12730,42852,0.005097,8407551
2,2020-12-22,12156,55057,11644,54484,512,573,0,0,12156,55007,0.006543,0,1,0.0,12156,55008,0.006543,8407551
2,2020-12-23,11695,66752,9480,63964,2215,2788,0,0,11697,66704,0.007934,1,2,0.0,11698,66706,0.007934,8407551
2,2020-12-24,5909,72661,3496,67460,2413,5201,0,0,5905,72608,0.008636,3,5,1e-06,5907,72613,0.008637,8407551
2,2020-12-25,482,73143,404,67864,78,5279,0,0,484,73092,0.008694,0,5,1e-06,484,73097,0.008694,8407551
2,2020-12-26,2562,75705,1669,69533,893,6172,0,0,2563,75654,0.008998,1,6,1e-06,2563,75660,0.008999,8407551
2,2020-12-27,2224,77929,1209,70742,1015,7187,0,0,2221,77873,0.009262,2,8,1e-06,2221,77881,0.009263,8407551
2,2020-12-28,11025,88954,7165,77907,3860,11047,0,0,11025,88897,0.010573,1,9,1e-06,11025,88906,0.010575,8407551
2,2020-12-29,12729,101683,7151,85058,5578,16625,0,0,12733,101630,0.012088,0,9,1e-06,12733,101639,0.012089,8407551
2,2020-12-30,15431,117114,8663,93721,6768,23393,0,0,15426,117053,0.013922,5,14,2e-06,15428,117067,0.013924,8407551
2,2020-12-31,7573,124687,2830,96551,4743,28136,0,0,7566,124614,0.014822,5,19,2e-06,7566,124633,0.014824,8407551
2,2021-01-01,1212,125899,589,97140,623,28759,0,0,1214,125825,0.014966,3,22,3e-06,1214,125847,0.014968,8407551
2,2021-01-02,4850,130749,2770,99910,2080,30839,0,0,4845,130668,0.015542,2,24,3e-06,4845,130692,0.015545,8407551
2,2021-01-03,1387,132136,792,100702,595,31434,0,0,1380,132045,0.015706,3,27,3e-06,1380,132072,0.015709,8407551
2,2021-01-04,11665,143801,5560,106262,6105,37539,0,0,11653,143695,0.017091,3,30,4e-06,11653,143725,0.017095,8407551
2,2021-01-05,13876,157677,6924,113186,6952,44491,0,0,12677,155214,0.018461,1192,1222,0.000145,12711,156436,0.018607,8407551
2,2021-01-06,18970,176647,10456,123642,8514,53005,0,0,15199,166704,0.019828,3718,4940,0.000588,15208,171644,0.020415,8407551
2,2021-01-07,23233,199880,13112,136754,10121,63126,0,0,15600,174679,0.020776,7640,12580,0.001496,15615,187259,0.022273,8407551
2,2021-01-08,26672,226552,16214,152968,10458,73584,0,0,16396,180870,0.021513,10228,22808,0.002713,16419,203678,0.024226,8407551
2,2021-01-09,9834,236386,5742,158710,4092,77676,0,0,6277,183591,0.021836,3563,26371,0.003137,6284,209962,0.024973,8407551
2,2021-01-10,5338,241724,2971,161681,2367,80043,0,0,3084,184416,0.021935,2264,28635,0.003406,3089,213051,0.02534,8407551
2,2021-01-11,26131,267855,17992,179673,8139,88182,0,0,15067,188450,0.022414,11083,39718,0.004724,15117,228168,0.027138,8407551
2,2021-01-12,26238,294093,16322,195995,9916,98098,0,0,16686,195645,0.02327,9573,49291,0.005863,16768,244936,0.029133,8407551
2,2021-01-13,28595,322688,15174,211169,13421,111519,0,0,20634,208353,0.024782,7953,57244,0.006809,20661,265597,0.03159,8407551
2,2021-01-14,30315,353003,11486,222655,18829,130348,0,0,26061,230209,0.027381,4275,61519,0.007317,26131,291728,0.034698,8407551
2,2021-01-15,35181,388184,12834,235489,22347,152695,0,0,31905,258923,0.030796,3279,64798,0.007707,31993,323721,0.038504,8407551
2,2021-01-16,17715,405899,5622,241111,12093,164788,0,0,16384,273969,0.032586,1349,66147,0.007868,16395,340116,0.040454,8407551
2,2021-01-17,10683,416582,3633,244744,7050,171838,0,0,9956,283188,0.033683,745,66892,0.007956,9964,350080,0.041639,8407551
2,2021-01-18,19712,436294,11019,255763,8693,180531,0,0,14913,293342,0.03489,4817,71709,0.008529,14971,365051,0.043419,8407551
2,2021-01-19,32491,468785,16876,272639,15615,196146,0,0,24498,309962,0.036867,7991,79700,0.00948,24611,389662,0.046347,8407551
2,2021-01-20,37639,506424,18989,291628,18650,214796,0,0,29027,330497,0.03931,8583,88283,0.0105,29118,418780,0.04981,8407551
2,2021-01-21,40924,547348,17422,309050,23502,238298,0,0,36446,362665,0.043136,4449,92732,0.01103,36617,455397,0.054165,8407551
2,2021-01-22,39571,586919,16545,325595,23026,261324,0,0,36232,395562,0.047048,3361,96093,0.011429,36258,491655,0.058478,8407551
2,2021-01-23,24115,611034,10789,336384,13326,274650,0,0,21139,413774,0.049215,2957,99050,0.011781,21169,512824,0.060996,8407551
2,2021-01-24,12439,623473,6112,342496,6327,280977,0,0,11516,424396,0.050478,906,99956,0.011889,11528,524352,0.062367,8407551
2,2021-01-25,33925,657398,15682,358178,18243,299220,0,0,25110,440877,0.052438,8766,108722,0.012931,25247,549599,0.06537,8407551
2,2021-01-26,40525,697923,19938,378116,20587,319807,0,0,31378,463210,0.055095,9127,117849,0.014017,31460,581059,0.069112,8407551
2,2021-01-27,45931,743854,22918,401034,23013,342820,0,0,35676,488809,0.058139,10135,127984,0.015223,35734,616793,0.073362,8407551
2,2021-01-28,48243,792097,22754,423788,25489,368309,0,0,39550,519797,0.061825,8634,136618,0.016249,39622,656415,0.078074,8407551
2,2021-01-29,45843,837940,22300,446088,23543,391852,0,0,37085,548302,0.065215,8644,145262,0.017278,37149,693564,0.082493,8407551
2,2021-01-30,31649,869589,13697,459785,17952,409804,0,0,28247,573218,0.068179,3365,148627,0.017678,28281,721845,0.085857,8407551
2,2021-01-31,17579,887168,10610,470395,6969,416773,0,0,16369,588418,0.069987,1189,149816,0.017819,16389,738234,0.087806,8407551
2,2021-02-01,41214,928382,19894,490289,21320,438093,0,0,30177,607642,0.072273,10990,160806,0.019126,30214,768448,0.0914,8407551
2,2021-02-02,48059,976441,19628,509917,28431,466524,0,0,36539,632832,0.075269,11444,172250,0.020488,36634,805082,0.095757,8407551
2,2021-02-03,54441,1030882,24273,534190,30168,496692,0,0,40190,658966,0.078378,14148,186398,0.02217,40282,845364,0.100548,8407551
2,2021-02-04,56319,1087201,24375,558565,31944,528636,0,0,41184,685221,0.081501,15028,201426,0.023958,41283,886647,0.105458,8407551
2,2021-02-05,60051,1147252,26456,585021,33595,562231,0,0,40648,706838,0.084072,19207,220633,0.026242,40824,927471,0.110314,8407551
2,2021-02-06,39064,1186316,18198,603219,20866,583097,0,0,31379,730707,0.086911,7602,228235,0.027146,31471,958942,0.114057,8407551
2,2021-02-07,16011,1202327,10719,613938,5292,588389,0,0,12153,739097,0.087909,3832,232067,0.027602,12222,971164,0.115511,8407551
2,2021-02-08,43517,1245844,22410,636348,21107,609496,0,0,29953,755845,0.089901,13414,245481,0.029198,30162,1001326,0.119098,8407551
2,2021-02-09,49477,1295321,23472,659820,26005,635501,0,0,30669,768378,0.091391,18465,263946,0.031394,30998,1032324,0.122785,8407551
2,2021-02-10,59843,1355164,28220,688040,31623,667124,0,0,34604,778391,0.092582,24945,288891,0.034361,34958,1067282,0.126943,8407551
2,2021-02-11,64441,1419605,29853,717893,34588,701712,0,0,36021,786804,0.093583,28104,316995,0.037704,36517,1103799,0.131287,8407551
2,2021-02-12,65507,1485112,28225,746118,37282,738994,0,0,34781,791840,0.094182,30401,347396,0.04132,35437,1139236,0.135502,8407551
2,2021-02-13,38101,1523213,15935,762053,22166,761160,0,0,22045,798306,0.094951,15956,363352,0.043217,22422,1161658,0.138168,8407551
2,2021-02-14,20090,1543303,9436,771489,10654,771814,0,0,11268,801165,0.095291,8770,372122,0.04426,11629,1173287,0.139552,8407551
2,2021-02-15,33277,1576580,15092,786581,18185,789999,0,0,18407,805691,0.095829,14738,386860,0.046013,19264,1192551,0.141843,8407551
2,2021-02-16,56464,1633044,27859,814440,28605,818604,0,0,29716,809430,0.096274,26647,413507,0.049183,30386,1222937,0.145457,8407551
2,2021-02-17,62056,1695100,32156,846596,29900,848504,0,0,30701,809687,0.096305,31272,444779,0.052902,31529,1254466,0.149207,8407551
2,2021-02-18,66553,1761653,33794,880390,32759,881263,0,0,32305,809138,0.096239,34001,478780,0.056946,33452,1287918,0.153186,8407551
2,2021-02-19,60057,1821710,33523,913913,26534,907797,0,0,29642,809160,0.096242,30222,509002,0.060541,30244,1318162,0.156783,8407551
2,2021-02-20,38029,1859739,24792,938705,13237,921034,0,0,20474,812856,0.096682,17459,526461,0.062618,21155,1339317,0.159299,8407551
2,2021-02-21,22024,1881763,17914,956619,4110,925144,0,0,10750,813221,0.096725,11188,537649,0.063948,11553,1350870,0.160673,8407551
2,2021-02-22,38958,1920721,26723,983342,12235,937379,0,0,18440,811939,0.096573,20394,558043,0.066374,19112,1369982,0.162947,8407551
2,2021-02-23,53258,1973979,27288,1010630,25970,963349,0,0,23288,807392,0.096032,29730,587773,0.06991,25183,1395165,0.165942,8407551
2,2021-02-24,69625,2043604,35867,1046497,33758,997107,0,0,31972,804248,0.095658,37484,625257,0.074369,34340,1429505,0.170026,8407551
2,2021-02-25,74818,2118422,35309,1081806,39509,1036616,0,0,38105,808685,0.096186,36481,661738,0.078708,40918,1470423,0.174893,8407551
2,2021-02-26,82776,2201198,35350,1117156,47426,1084042,0,0,44676,817733,0.097262,37822,699560,0.083206,46870,1517293,0.180468,8407551
2,2021-02-27,60561,2261759,28066,1145222,32488,1116530,7,7,33080,824892,0.098113,27262,726822,0.086449,34421,1551714,0.184562,8407551
2,2021-02-28,29972,2291731,17929,1163151,12042,1128572,1,8,17526,830909,0.098829,12342,739164,0.087917,18359,1570073,0.186746,8407551
2,2021-03-01,57260,2348991,30107,1193258,27114,1155686,39,47,31119,837399,0.099601,25861,765025,0.090993,32351,1602424,0.190593,8407551
2,2021-03-02,68098,2417089,32755,1226013,35334,1191020,9,56,38535,848872,0.100965,29407,794432,0.09449,40880,1643304,0.195456,8407551
2,2021-03-03,79976,2497065,38838,1264851,41124,1232144,14,70,45204,862091,0.102538,34567,828999,0.098602,47786,1691090,0.201139,8407551
2,2021-03-04,87761,2584826,43284,1308135,44447,1276591,30,100,50560,878088,0.10444,36970,865969,0.102999,52967,1744057,0.207439,8407551
2,2021-03-05,81348,2666174,38315,1346450,42726,1319317,307,407,49778,899188,0.10695,31360,897329,0.106729,52460,1796517,0.213679,8407551
2,2021-03-06,62587,2728761,30594,1377044,30306,1349623,1687,2094,38539,916927,0.10906,23921,921250,0.109574,41660,1838177,0.218634,8407551
2,2021-03-07,27773,2756534,16187,1393231,10608,1360231,978,3072,17849,927003,0.110258,9859,931109,0.110747,19935,1858112,0.221005,8407551
2,2021-03-08,50343,2806877,23139,1416370,24733,1384964,2471,5543,31728,944335,0.11232,18503,949612,0.112948,35835,1893947,0.225267,8407551
2,2021-03-09,70272,2877149,32081,1448451,34401,1419365,3790,9333,38952,957230,0.113854,31194,980806,0.116658,44089,1938036,0.230511,8407551
2,2021-03-10,78193,2955342,37005,1485456,34637,1454002,6551,15884,41510,970146,0.11539,36477,1017283,0.120996,49393,1987429,0.236386,8407551
2,2021-03-11,93094,3048436,42975,1528431,41757,1495759,8362,24246,48598,984316,0.117075,44193,1061476,0.126253,58363,2045792,0.243328,8407551
2,2021-03-12,93947,3142383,38638,1567069,43313,1539072,11996,36242,46769,997579,0.118653,46934,1108410,0.131835,60197,2105989,0.250488,8407551
2,2021-03-13,69172,3211555,28927,1595996,32330,1571402,7915,44157,38106,1013961,0.120601,30937,1139347,0.135515,47319,2153308,0.256116,8407551
2,2021-03-14,37018,3248573,18286,1614282,14207,1585609,4525,48682,18592,1019510,0.121261,18322,1157669,0.137694,23871,2177179,0.258955,8407551
2,2021-03-15,67433,3316006,30427,1644709,31955,1617564,5051,53733,37236,1032915,0.122856,29979,1187648,0.14126,43384,2220563,0.264115,8407551
2,2021-03-16,86207,3402213,38159,1682868,44034,1661598,4014,57747,52269,1056563,0.125668,33765,1221413,0.145276,57413,2277976,0.270944,8407551
2,2021-03-17,92559,3494772,44320,1727188,44080,1705678,4159,61906,58864,1087000,0.129289,33435,1254848,0.149252,63872,2341848,0.278541,8407551
2,2021-03-18,97927,3592699,46741,1773929,46600,1752278,4586,66492,59905,1114338,0.13254,37719,1292567,0.153739,65057,2406905,0.286279,8407551
2,2021-03-19,97378,3690077,46100,1820029,45138,1797416,6140,72632,58065,1140055,0.135599,39024,1331591,0.15838,64741,2471646,0.293979,8407551
2,2021-03-20,69803,3759880,33761,1853790,32116,1829532,3926,76558,45847,1166484,0.138742,23714,1355305,0.161201,50143,2521789,0.299943,8407551
2,2021-03-21,33339,3793219,21534,1875324,9821,1839353,1984,78542,20065,1175826,0.139854,13140,1368445,0.162764,22482,2544271,0.302617,8407551
2,2021-03-22,62751,3855970,34530,1909854,25574,1864927,2647,81189,41750,1200343,0.14277,20778,1389223,0.165235,45295,2589566,0.308005,8407551
2,2021-03-23,83654,3939624,44515,1954369,36230,1901157,2909,84098,52431,1225566,0.14577,30955,1420178,0.168917,56178,2645744,0.314687,8407551
2,2021-03-24,91462,4031086,49191,2003560,39114,1940271,3157,87255,53815,1246028,0.148203,37328,1457506,0.173357,57790,2703534,0.32156,8407551
2,2021-03-25,101077,4132163,50988,2054548,46195,1986466,3894,91149,57447,1264835,0.15044,43297,1500803,0.178507,62104,2765638,0.328947,8407551
2,2021-03-26,103197,4235360,51210,2105758,48490,2034956,3497,94646,56804,1280151,0.152262,46032,1546835,0.183982,61348,2826986,0.336244,8407551
2,2021-03-27,75443,4310803,37588,2143346,34547,2069503,3308,97954,38029,1285170,0.152859,37175,1584010,0.188403,42194,2869180,0.341262,8407551
2,2021-03-28,37617,4348420,23225,2166571,13583,2083086,809,98763,20261,1289855,0.153416,17237,1601247,0.190453,21922,2891102,0.34387,8407551
2,2021-03-29,71213,4419633,36195,2202766,32748,2115834,2270,101033,40679,1303364,0.155023,30339,1631586,0.194062,43848,2934950,0.349085,8407551
2,2021-03-30,91775,4511408,44914,2247680,42504,2158338,4357,105390,51724,1320198,0.157025,39849,1671435,0.198802,56683,2991633,0.355827,8407551
2,2021-03-31,101094,4612502,52045,2299725,43929,2202267,5120,110510,57543,1339963,0.159376,43245,1714680,0.203945,63010,3054643,0.363321,8407551
2,2021-04-01,117398,4729900,56702,2356427,51484,2253751,9212,119722,64116,1360819,0.161857,52907,1767587,0.210238,73763,3128406,0.372095,8407551
2,2021-04-02,111555,4841455,51396,2407823,49995,2303746,10164,129886,60210,1380697,0.164221,50973,1818560,0.216301,70851,3199257,0.380522,8407551
2,2021-04-03,76716,4918171,37646,2445469,29254,2333000,9816,139702,38107,1390609,0.1654,38404,1856964,0.220869,48316,3247573,0.386269,8407551
2,2021-04-04,29032,4947203,14914,2460383,10267,2343267,3851,143553,13093,1391745,0.165535,15843,1872807,0.222753,16979,3264552,0.388288,8407551
2,2021-04-05,78992,5026195,38746,2499129,31453,2374720,8793,152346,38339,1399150,0.166416,40481,1913288,0.227568,47886,3312438,0.393984,8407551
2,2021-04-06,103857,5130052,50575,2549704,38583,2413303,14699,167045,49354,1409369,0.167631,54241,1967529,0.234019,64460,3376898,0.401651,8407551
2,2021-04-07,110402,5240454,55067,2604771,39102,2452405,16233,183278,52078,1419917,0.168886,58050,2025579,0.240924,68598,3445496,0.40981,8407551
2,2021-04-08,119331,5359785,57433,2662204,43171,2495576,18727,202005,55422,1431088,0.170215,63566,2089145,0.248484,74737,3520233,0.418699,8407551
2,2021-04-09,118821,5478606,57160,2719364,43494,2539070,18167,220172,56202,1444064,0.171758,62252,2151397,0.255889,75228,3595461,0.427647,8407551
2,2021-04-10,87552,5566158,37790,2757154,31391,2570461,18371,238543,36177,1448183,0.172248,51113,2202510,0.261968,55232,3650693,0.434216,8407551
2,2021-04-11,44467,5610625,23050,2780204,12951,2583412,8466,247009,18217,1449480,0.172402,26116,2228626,0.265074,27413,3678106,0.437477,8407551
2,2021-04-12,79978,5690603,37254,2817458,33331,2616743,9393,256402,35698,1451554,0.172649,44015,2272641,0.27031,46089,3724195,0.442958,8407551
2,2021-04-13,101917,5792520,52869,2870327,48789,2665532,259,256661,55916,1462873,0.173995,45749,2318390,0.275751,57068,3781263,0.449746,8407551
2,2021-04-14,106725,5899245,55863,2926190,50810,2716342,52,256713,54690,1467309,0.174523,51737,2370127,0.281905,56173,3837436,0.456427,8407551
2,2021-04-15,113380,6012625,60261,2986451,53041,2769383,78,256791,59421,1474302,0.175355,53576,2423703,0.288277,60569,3898005,0.463631,8407551
2,2021-04-16,110674,6123299,57489,3043940,53135,2822518,50,256841,56338,1477550,0.175741,53988,2477691,0.294698,57236,3955241,0.470439,8407551
2,2021-04-17,83414,6206713,42444,3086384,40953,2863471,17,256858,46865,1489000,0.177103,36295,2513986,0.299015,47745,4002986,0.476118,8407551
2,2021-04-18,35572,6242285,21627,3108011,13939,2877410,6,256864,16952,1488454,0.177038,18485,2532471,0.301214,17939,4020925,0.478252,8407551
2,2021-04-19,74857,6317142,40328,3148339,34513,2911923,16,256880,34203,1482918,0.176379,40377,2572848,0.306016,34841,4055766,0.482396,8407551
2,2021-04-20,97566,6414708,49467,3197806,48073,2959996,26,256906,47477,1481406,0.176199,49756,2622604,0.311934,48244,4104010,0.488134,8407551
2,2021-04-21,103328,6518036,55963,3253769,47309,3007305,56,256962,48936,1477410,0.175724,53957,2676561,0.318352,49961,4153971,0.494076,8407551
2,2021-04-22,107367,6625403,55572,3309341,51772,3059077,23,256985,47079,1465508,0.174309,59897,2736458,0.325476,47995,4201966,0.499785,8407551
2,2021-04-23,106763,6732166,56785,3366126,49960,3109037,18,257003,49341,1458771,0.173507,57016,2793474,0.332258,50279,4252245,0.505765,8407551
2,2021-04-24,79736,6811902,47080,3413206,32616,3141653,40,257043,41661,1463644,0.174087,37757,2831231,0.336749,42630,4294875,0.510835,8407551
2,2021-04-25,36208,6848110,22283,3435489,13910,3155563,15,257058,19704,1467451,0.17454,16377,2847608,0.338696,20184,4315059,0.513236,8407551
2,2021-04-26,73602,6921712,40815,3476304,32484,3188047,303,257361,33913,1463684,0.174092,39430,2887038,0.343386,35663,4350722,0.517478,8407551
2,2021-04-27,87737,7009449,46243,3522547,40133,3228180,1361,258722,37716,1454330,0.172979,49664,2936702,0.349293,40310,4391032,0.522272,8407551
2,2021-04-28,87491,7096940,46766,3569313,38863,3267043,1862,260584,38639,1447206,0.172132,48535,2985237,0.355066,41411,4432443,0.527198,8407551
2,2021-04-29,90201,7187141,49122,3618435,39383,3306426,1696,262280,35094,1429847,0.170067,54748,3039985,0.361578,37389,4469832,0.531645,8407551
2,2021-04-30,93817,7280958,51888,3670323,39943,3346369,1986,264266,36518,1412134,0.16796,56870,3096855,0.368342,39157,4508989,0.536302,8407551
2,2021-05-01,61776,7342734,37734,3708057,22478,3368847,1564,265830,24035,1401134,0.166652,37445,3134300,0.372796,26445,4535434,0.539448,8407551
2,2021-05-02,29109,7371843,20193,3728250,7944,3376791,972,266802,11074,1395369,0.165966,17900,3152200,0.374925,12135,4547569,0.540891,8407551
2,2021-05-03,59902,7431745,35466,3763716,22390,3399181,2046,268848,20154,1378357,0.163943,39480,3191680,0.379621,22468,4570037,0.543563,8407551
2,2021-05-04,79401,7511146,47398,3811114,29635,3428816,2368,271216,25813,1353670,0.161006,53265,3244945,0.385956,28578,4598615,0.546962,8407551
2,2021-05-05,79823,7590969,47570,3858684,29909,3458725,2344,273560,25030,1326991,0.157833,54415,3299360,0.392428,27736,4626351,0.550261,8407551
2,2021-05-06,82076,7673045,49725,3908409,29453,3488178,2898,276458,25147,1299191,0.154527,56487,3355847,0.399147,28687,4655038,0.553673,8407551
2,2021-05-07,83075,7756120,47933,3956342,32717,3520895,2425,278883,25600,1270543,0.151119,57131,3412978,0.405942,28483,4683521,0.557061,8407551
2,2021-05-08,55136,7811256,33400,3989742,20028,3540923,1708,280591,17276,1252627,0.148988,37630,3450608,0.410418,19714,4703235,0.559406,8407551
2,2021-05-09,21694,7832950,15656,4005398,5298,3546221,740,281331,6338,1244657,0.14804,15280,3465888,0.412235,7310,4710545,0.560276,8407551
2,2021-05-10,49792,7882742,27117,4032515,20814,3567035,1861,283192,14052,1225667,0.145782,35514,3501402,0.416459,16524,4727069,0.562241,8407551
2,2021-05-11,65439,7948181,35308,4067823,28028,3595063,2103,285295,19792,1202887,0.143072,45366,3546768,0.421855,22586,4749655,0.564927,8407551
2,2021-05-12,64660,8012841,34498,4102321,27959,3623022,2203,287498,19057,1179224,0.140258,45310,3592078,0.427244,21647,4771302,0.567502,8407551
2,2021-05-13,70531,8083372,40976,4143297,27617,3650639,1938,289436,25865,1163363,0.138371,44393,3636471,0.432524,28532,4799834,0.570896,8407551
2,2021-05-14,79271,8162643,47505,4190802,29527,3680166,2239,291675,30494,1148320,0.136582,48423,3684894,0.438284,33380,4833214,0.574866,8407551
2,2021-05-15,65898,8228541,43314,4234116,20870,3701036,1714,293389,25553,1135862,0.1351,40116,3725010,0.443055,27658,4860872,0.578156,8407551
2,2021-05-16,31507,8260048,23554,4257670,7030,3708066,923,294312,12860,1131248,0.134551,18527,3743537,0.445259,13913,4874785,0.57981,8407551
2,2021-05-17,57651,8317699,36563,4294233,19149,3727215,1939,296251,22782,1121678,0.133413,34653,3778190,0.449381,25083,4899868,0.582794,8407551
2,2021-05-18,69818,8387517,40846,4335079,27012,3754227,1960,298211,27773,1110159,0.132043,41790,3819980,0.454351,30271,4930139,0.586394,8407551
2,2021-05-19,68433,8455950,40518,4375597,25928,3780155,1987,300198,27194,1098850,0.130698,40958,3860938,0.459223,29649,4959788,0.589921,8407551
2,2021-05-20,68732,8524682,39826,4415423,26736,3806891,2170,302368,26134,1085462,0.129106,42287,3903225,0.464252,28899,4988687,0.593358,8407551
2,2021-05-21,72274,8596956,42653,4458076,27487,3834378,2134,304502,27562,1071342,0.127426,44365,3947590,0.469529,30245,5018932,0.596955,8407551
2,2021-05-22,53204,8650160,33682,4491758,17758,3852136,1764,306266,22238,1065123,0.126686,30756,3978346,0.473187,24537,5043469,0.599874,8407551
2,2021-05-23,24109,8674269,16563,4508321,6822,3858958,724,306990,10217,1062429,0.126366,13768,3992114,0.474825,11074,5054543,0.601191,8407551
2,2021-05-24,44560,8718829,25343,4533664,17446,3876404,1771,308761,17188,1054567,0.125431,27160,4019274,0.478055,19298,5073841,0.603486,8407551
2,2021-05-25,50508,8769337,29602,4563266,19046,3895450,1860,310621,19240,1045230,0.12432,30979,4050253,0.48174,21642,5095483,0.60606,8407551
2,2021-05-26,48540,8817877,27228,4590494,19642,3915092,1670,312291,19008,1037042,0.123347,29213,4079466,0.485215,21025,5116508,0.608561,8407551
2,2021-05-27,46470,8864347,26312,4616806,18414,3933506,1744,314035,18600,1030247,0.122538,27639,4107105,0.488502,20844,5137352,0.61104,8407551
2,2021-05-28,49749,8914096,27495,4644301,20297,3953803,1957,315992,20936,1025000,0.121914,28565,4135670,0.491899,23318,5160670,0.613814,8407551
2,2021-05-29,28900,8942996,17292,4661593,10560,3964363,1048,317040,13235,1023934,0.121787,15518,4151188,0.493745,14452,5175122,0.615533,8407551
2,2021-05-30,12582,8955578,8104,4669697,3717,3968080,761,317801,5512,1023252,0.121706,7021,4158209,0.49458,6339,5181461,0.616287,8407551
2,2021-05-31,5878,8961456,3427,4673124,2149,3970229,302,318103,1827,1021430,0.12149,4000,4162209,0.495056,2178,5183639,0.616546,8407551
2,2021-06-01,44467,9005923,25591,4698715,17304,3987533,1572,319675,15555,1010303,0.120166,28634,4190843,0.498462,17507,5201146,0.618628,8407551
2,2021-06-02,38079,9044002,22397,4721112,14288,4001821,1394,321069,14977,1004117,0.11943,22850,4213693,0.50118,16664,5217810,0.62061,8407551
2,2021-06-03,41250,9085252,26595,4747707,13203,4015024,1452,322521,13939,992810,0.118086,27078,4240771,0.5044,15771,5233581,0.622486,8407551
2,2021-06-04,47825,9133077,31222,4778929,15063,4030087,1540,324061,15478,978289,0.116358,32064,4272835,0.508214,17543,5251124,0.624572,8407551
2,2021-06-05,37672,9170749,26899,4805828,9326,4039413,1447,325508,11801,966298,0.114932,25653,4298488,0.511265,13662,5264786,0.626197,8407551
2,2021-06-06,14796,9185545,12117,4817945,2097,4041510,582,326090,4655,961633,0.114377,10083,4308571,0.512464,5418,5270204,0.626842,8407551
2,2021-06-07,33117,9218662,23170,4841115,8678,4050188,1269,327359,10734,951638,0.113188,22244,4330815,0.51511,12249,5282453,0.628299,8407551
2,2021-06-08,40423,9259085,28625,4869740,10436,4060624,1362,328721,12418,938023,0.111569,27763,4358578,0.518412,14148,5296601,0.629981,8407551
2,2021-06-09,37931,9297016,26525,4896265,9914,4070538,1492,330213,11487,925073,0.110029,26254,4384832,0.521535,13304,5309905,0.631564,8407551
2,2021-06-10,37569,9334585,26155,4922420,9897,4080435,1517,331730,11702,913089,0.108603,25669,4410501,0.524588,13685,5323590,0.633192,8407551
2,2021-06-11,41084,9375669,27266,4949686,12150,4092585,1668,333398,13222,900666,0.107126,27604,4438105,0.527871,15181,5338771,0.634997,8407551
2,2021-06-12,29263,9404932,21543,4971229,6806,4099391,914,334312,8689,890035,0.105861,20446,4458551,0.530303,9815,5348586,0.636165,8407551
2,2021-06-13,12155,9417087,8879,4980108,2666,4102057,610,334922,3088,884897,0.10525,9003,4467554,0.531374,3865,5352451,0.636624,8407551
2,2021-06-14,29727,9446814,21093,5001201,7446,4109503,1188,336110,10291,877309,0.104348,19278,4486832,0.533667,11690,5364141,0.638015,8407551
2,2021-06-15,35381,9482195,23562,5024763,9785,4119288,2034,338144,11963,868512,0.103301,23184,4510016,0.536424,14387,5378528,0.639726,8407551
2,2021-06-16,32740,9514935,22597,5047360,8359,4127647,1784,339928,11276,860581,0.102358,21300,4531316,0.538958,13369,5391897,0.641316,8407551
2,2021-06-17,30551,9545486,20448,5067808,8324,4135971,1779,341707,10830,853850,0.101558,19548,4550864,0.541283,12817,5404714,0.64284,8407551
2,2021-06-18,34318,9579804,22590,5090398,9863,4145834,1865,343572,12530,846925,0.100734,21581,4572445,0.54385,14656,5419370,0.644584,8407551
2,2021-06-19,20729,9600533,14442,5104840,5039,4150873,1248,344820,7900,843585,0.100337,12673,4585118,0.545357,9333,5428703,0.645694,8407551
2,2021-06-20,8199,9608732,5848,5110688,1887,4152760,464,345284,3036,842031,0.100152,5121,4590239,0.545966,3567,5432270,0.646118,8407551
2,2021-06-21,19149,9627881,11710,5122398,6136,4158896,1303,346587,9824,844129,0.100401,9209,4599448,0.547062,11307,5443577,0.647463,8407551
2,2021-06-22,26656,9654537,18284,5140682,7027,4165923,1345,347932,10495,840242,0.099939,15995,4615443,0.548964,12108,5455685,0.648903,8407551
2,2021-06-23,25684,9680221,17728,5158410,6348,4172271,1608,349540,10461,837515,0.099615,15085,4630528,0.550758,12358,5468043,0.650373,8407551
2,2021-06-24,25055,9705276,17100,5175510,6507,4178778,1448,350988,10402,835078,0.099325,14516,4645044,0.552485,12079,5480122,0.65181,8407551
2,2021-06-25,28327,9733603,19213,5194723,7656,4186434,1458,352446,11814,832218,0.098985,16356,4661400,0.55443,13496,5493618,0.653415,8407551
2,2021-06-26,18291,9751894,13480,5208203,3920,4190354,891,353337,7458,830054,0.098727,10748,4672148,0.555709,8584,5502202,0.654436,8407551
2,2021-06-27,8714,9760608,6649,5214852,1615,4191969,450,353787,3505,828963,0.098597,5165,4677313,0.556323,4074,5506276,0.65492,8407551
2,2021-06-28,19461,9780069,14822,5229674,3462,4195431,1177,354964,8632,828237,0.098511,10721,4688034,0.557598,9995,5516271,0.656109,8407551
2,2021-06-29,22259,9802328,15518,5245192,5708,4201139,1033,355997,9488,826339,0.098285,12647,4700681,0.559102,10749,5527020,0.657388,8407551
2,2021-06-30,21384,9823712,15223,5260415,5156,4206295,1005,357002,9473,825239,0.098155,11796,4712477,0.560505,10696,5537716,0.65866,8407551
2,2021-07-01,19214,9842926,13643,5274058,4731,4211026,840,357842,8523,824209,0.098032,10584,4723061,0.561764,9554,5547270,0.659796,8407551
2,2021-07-02,22020,9864946,15321,5289379,5746,4216772,953,358795,9733,822945,0.097882,12143,4735204,0.563208,10879,5558149,0.66109,8407551
2,2021-07-03,12151,9877097,8818,5298197,2895,4219667,438,359233,5562,822547,0.097834,6510,4741714,0.563983,6112,5564261,0.661817,8407551
2,2021-07-04,852,9877949,466,5298663,322,4219989,64,359297,352,822490,0.097828,492,4742206,0.564041,435,5564696,0.661869,8407551
3,2020-12-15,307,307,307,307,0,0,0,0,307,307,3.8e-05,0,0,0.0,307,307,3.8e-05,8129050
3,2020-12-16,2319,2626,2319,2626,0,0,0,0,2320,2627,0.000323,0,0,0.0,2320,2627,0.000323,8129050
3,2020-12-17,7789,10415,7789,10415,0,0,0,0,7789,10416,0.001281,0,0,0.0,7789,10416,0.001281,8129050
3,2020-12-18,13389,23804,13375,23790,14,14,0,0,13388,23804,0.002928,0,0,0.0,13388,23804,0.002928,8129050
3,2020-12-19,7227,31031,7216,31006,11,25,0,0,7291,31095,0.003825,0,0,0.0,7291,31095,0.003825,8129050
3,2020-12-20,5650,36681,5642,36648,8,33,0,0,5697,36791,0.004526,1,1,0.0,5697,36792,0.004526,8129050
3,2020-12-21,14348,51029,14323,50971,25,58,0,0,14412,51202,0.006299,1,2,0.0,14412,51204,0.006299,8129050
3,2020-12-22,14782,65811,14201,65172,581,639,0,0,14820,66021,0.008122,1,3,0.0,14820,66024,0.008122,8129050
3,2020-12-23,14821,80632,12212,77384,2609,3248,0,0,14847,80867,0.009948,2,5,1e-06,14848,80872,0.009949,8129050
3,2020-12-24,6791,87423,4872,82256,1919,5167,0,0,6788,87653,0.010783,2,7,1e-06,6788,87660,0.010784,8129050
3,2020-12-25,722,88145,665,82921,57,5224,0,0,720,88373,0.010871,0,7,1e-06,720,88380,0.010872,8129050
3,2020-12-26,4614,92759,2993,85914,1621,6845,0,0,4612,92985,0.011439,0,7,1e-06,4612,92992,0.011439,8129050
3,2020-12-27,2983,95742,1853,87767,1130,7975,0,0,2983,95968,0.011806,0,7,1e-06,2983,95975,0.011806,8129050
3,2020-12-28,13628,109370,8718,96485,4910,12885,0,0,13654,109621,0.013485,1,8,1e-06,13654,109629,0.013486,8129050
3,2020-12-29,15018,124388,8467,104952,6551,19436,0,0,15045,124664,0.015336,2,10,1e-06,15045,124674,0.015337,8129050
3,2020-12-30,18006,142394,10031,114983,7975,27411,0,0,18010,142673,0.017551,2,12,1e-06,18011,142685,0.017552,8129050
3,2020-12-31,8443,150837,3233,118216,5210,32621,0,0,8442,151113,0.018589,2,14,2e-06,8442,151127,0.018591,8129050
3,2021-01-01,1400,152237,648,118864,752,33373,0,0,1397,152509,0.018761,1,15,2e-06,1397,152524,0.018763,8129050
3,2021-01-02,4942,157179,2423,121287,2519,35892,0,0,4942,157451,0.019369,0,15,2e-06,4942,157466,0.019371,8129050
3,2021-01-03,1611,158790,847,122134,764,36656,0,0,1600,159047,0.019565,4,19,2e-06,1600,159066,0.019568,8129050
3,2021-01-04,11991,170781,5948,128082,6043,42699,0,0,11964,171004,0.021036,7,26,3e-06,11964,171030,0.021039,8129050
3,2021-01-05,15659,186440,8102,136184,7557,50256,0,0,14031,183450,0.022567,1613,1639,0.000202,14059,185089,0.022769,8129050
3,2021-01-06,20545,206985,10829,147013,9716,59972,0,0,16068,195090,0.023999,4436,6075,0.000747,16076,201165,0.024746,8129050
3,2021-01-07,26536,233521,15175,162188,11361,71333,0,0,17117,202834,0.024952,9388,15463,0.001902,17132,218297,0.026854,8129050
3,2021-01-08,30501,264022,18638,180826,11863,83196,0,0,18080,208538,0.025653,12398,27861,0.003427,18102,236399,0.029081,8129050
3,2021-01-09,12425,276447,7029,187855,5396,88592,0,0,7892,211912,0.026068,4527,32388,0.003984,7901,244300,0.030053,8129050
3,2021-01-10,7192,283639,4473,192328,2719,91311,0,0,4043,212813,0.026179,3147,35535,0.004371,4048,248348,0.030551,8129050
3,2021-01-11,28994,312633,18988,211316,10006,101317,0,0,16406,216681,0.026655,12581,48116,0.005919,16449,264797,0.032574,8129050
3,2021-01-12,32387,345020,19419,230735,12968,114285,0,0,19856,224113,0.027569,12511,60627,0.007458,19943,284740,0.035027,8129050
3,2021-01-13,34471,379491,18015,248750,16456,130741,0,0,24272,238205,0.029303,10200,70827,0.008713,24292,309032,0.038016,8129050
3,2021-01-14,34687,414178,14232,262982,20455,151196,0,0,28788,261159,0.032127,5872,76699,0.009435,28826,337858,0.041562,8129050
3,2021-01-15,38881,453059,14465,277447,24416,175612,0,0,34206,290772,0.035769,4663,81362,0.010009,34276,372134,0.045778,8129050
3,2021-01-16,21916,474975,7594,285041,14322,189934,0,0,19593,308077,0.037898,2310,83672,0.010293,19615,391749,0.048191,8129050
3,2021-01-17,13133,488108,4437,289478,8696,198630,0,0,12092,319149,0.03926,1039,84711,0.010421,12111,403860,0.049681,8129050
3,2021-01-18,24707,512815,12896,302374,11811,210441,0,0,19127,332723,0.04093,5595,90306,0.011109,19169,423029,0.052039,8129050
3,2021-01-19,40960,553775,20833,323207,20127,230568,0,0,31860,355594,0.043744,9076,99382,0.012226,31947,454976,0.055969,8129050
3,2021-01-20,45877,599652,22826,346033,23051,253619,0,0,36337,382517,0.047056,9497,108879,0.013394,36420,491396,0.060449,8129050
3,2021-01-21,48012,647664,20873,366906,27139,280758,0,0,42501,419656,0.051624,5436,114315,0.014063,42575,533971,0.065687,8129050
3,2021-01-22,49682,697346,19801,386707,29881,310639,0,0,45502,461048,0.056716,4183,118498,0.014577,45575,579546,0.071293,8129050
3,2021-01-23,30331,727677,12794,399501,17537,328176,0,0,27033,484843,0.059643,3291,121789,0.014982,27086,606632,0.074625,8129050
3,2021-01-24,17823,745500,8475,407976,9348,337524,0,0,16650,500354,0.061551,1170,122959,0.015126,16681,623313,0.076677,8129050
3,2021-01-25,40719,786219,18151,426127,22568,360092,0,0,30764,521271,0.064124,9933,132892,0.016348,30850,654163,0.080472,8129050
3,2021-01-26,47070,833289,22498,448625,24572,384664,0,0,36952,548225,0.06744,10104,142996,0.017591,37058,691221,0.085031,8129050
3,2021-01-27,51286,884575,24379,473004,26907,411571,0,0,40648,578389,0.071151,10564,153560,0.01889,40728,731949,0.090041,8129050
3,2021-01-28,51628,936203,23923,496927,27705,439276,0,0,42677,612262,0.075318,8862,162422,0.01998,42735,774684,0.095298,8129050
3,2021-01-29,50743,986946,24320,521247,26423,465699,0,0,41036,643836,0.079202,9509,171931,0.02115,41083,815767,0.100352,8129050
3,2021-01-30,37248,1024194,17577,538824,19671,485370,0,0,32520,671768,0.082638,4672,176603,0.021725,32604,848371,0.104363,8129050
3,2021-01-31,22207,1046401,12568,551392,9639,495009,0,0,20804,691200,0.085028,1391,177994,0.021896,20823,869194,0.106924,8129050
3,2021-02-01,45712,1092113,20858,572250,24854,519863,0,0,34866,715302,0.087993,10798,188792,0.023224,34900,904094,0.111218,8129050
3,2021-02-02,54316,1146429,22570,594820,31746,551609,0,0,41863,744855,0.091629,12361,201153,0.024745,41914,946008,0.116374,8129050
3,2021-02-03,60131,1206560,26774,621594,33357,584966,0,0,44678,774317,0.095253,15288,216441,0.026626,44750,990758,0.121879,8129050
3,2021-02-04,64394,1270954,27974,649568,36420,621386,0,0,47198,804642,0.098984,16983,233424,0.028715,47308,1038066,0.127698,8129050
3,2021-02-05,70339,1341293,29887,679455,40452,661838,0,0,48565,831862,0.102332,21516,254940,0.031362,48736,1086802,0.133694,8129050
3,2021-02-06,43897,1385190,21197,700652,22700,684538,0,0,34130,856455,0.105357,9719,264659,0.032557,34312,1121114,0.137915,8129050
3,2021-02-07,19521,1404711,12367,713019,7154,691692,0,0,15014,867105,0.106667,4490,269149,0.03311,15140,1136254,0.139777,8129050
3,2021-02-08,51111,1455822,24635,737654,26476,718168,0,0,33495,883301,0.10866,17484,286633,0.03526,33680,1169934,0.14392,8129050
3,2021-02-09,58423,1514245,28324,765978,30099,748267,0,0,34238,893952,0.10997,23936,310569,0.038205,34587,1204521,0.148175,8129050
3,2021-02-10,67948,1582193,31561,797539,36387,784654,0,0,36466,899727,0.11068,31224,341793,0.042046,36999,1241520,0.152726,8129050
3,2021-02-11,70608,1652801,34793,832332,35815,820469,0,0,37450,904937,0.111321,32778,374571,0.046078,37988,1279508,0.157399,8129050
3,2021-02-12,75538,1728339,32676,865008,42862,863331,0,0,41664,913834,0.112416,33548,408119,0.050205,42445,1321953,0.162621,8129050
3,2021-02-13,45198,1773537,20479,885487,24719,888050,0,0,26012,921353,0.113341,19077,427196,0.052552,26596,1348549,0.165893,8129050
3,2021-02-14,27303,1800840,13665,899152,13638,901688,0,0,15184,924920,0.11378,12065,439261,0.054036,15632,1364181,0.167816,8129050
3,2021-02-15,40049,1840889,17215,916367,22834,924522,0,0,22148,930199,0.114429,17805,457066,0.056226,23084,1387265,0.170655,8129050
3,2021-02-16,70068,1910957,33163,949530,36905,961427,0,0,36397,934098,0.114909,33525,490591,0.06035,37424,1424689,0.175259,8129050
3,2021-02-17,71774,1982731,36343,985873,35431,996858,0,0,34130,931887,0.114637,37417,528008,0.064953,35206,1459895,0.17959,8129050
3,2021-02-18,76978,2059709,40229,1026102,36749,1033607,0,0,35644,927715,0.114123,41160,569168,0.070017,36988,1496883,0.18414,8129050
3,2021-02-19,69113,2128822,39814,1065916,29299,1062906,0,0,34908,929253,0.114313,34066,603234,0.074207,35604,1532487,0.18852,8129050
3,2021-02-20,42819,2171641,26985,1092901,15834,1078740,0,0,22462,931975,0.114647,20240,623474,0.076697,22962,1555449,0.191344,8129050
3,2021-02-21,23945,2195586,19254,1112155,4691,1083431,0,0,11795,932094,0.114662,12057,635531,0.07818,12176,1567625,0.192842,8129050
3,2021-02-22,46619,2242205,30402,1142557,16217,1099648,0,0,21872,929826,0.114383,24627,660158,0.08121,22359,1589984,0.195593,8129050
3,2021-02-23,62324,2304529,33975,1176532,28349,1127997,0,0,27340,924352,0.11371,34801,694959,0.085491,29327,1619311,0.199201,8129050
3,2021-02-24,77762,2382291,38107,1214639,39655,1167652,0,0,34583,918473,0.112987,42975,737934,0.090777,37096,1656407,0.203764,8129050
3,2021-02-25,86471,2468762,42117,1256756,44354,1212006,0,0,43304,921462,0.113354,42907,780841,0.096056,45896,1702303,0.20941,8129050
3,2021-02-26,97073,2565835,44401,1301157,52672,1264678,0,0,51527,930010,0.114406,45182,826023,0.101614,53730,1756033,0.216019,8129050
3,2021-02-27,68658,2634493,31603,1332760,37052,1301730,3,3,36532,935923,0.115133,31928,857951,0.105541,37841,1793874,0.220674,8129050
3,2021-02-28,39917,2674410,22974,1355734,16940,1318670,3,6,20732,938588,0.115461,19020,876971,0.107881,21685,1815559,0.223342,8129050
3,2021-03-01,67651,2742061,35904,1391638,31721,1350391,26,32,37816,948122,0.116634,29647,906618,0.111528,39181,1854740,0.228162,8129050
3,2021-03-02,78141,2820202,38598,1430236,39535,1389926,8,40,45726,963649,0.118544,32275,938893,0.115498,47802,1902542,0.234042,8129050
3,2021-03-03,89172,2909374,42780,1473016,46374,1436300,18,58,50055,977088,0.120197,38901,977794,0.120284,52340,1954882,0.240481,8129050
3,2021-03-04,93186,3002560,45629,1518645,47536,1483836,21,79,52990,992400,0.122081,39975,1017769,0.125201,55287,2010169,0.247282,8129050
3,2021-03-05,89795,3092355,43977,1562622,45528,1529364,290,369,54878,1015112,0.124875,34684,1052453,0.129468,57396,2067565,0.254343,8129050
3,2021-03-06,65023,3157378,32943,1595565,29931,1559295,2149,2518,37336,1028526,0.126525,27541,1079994,0.132856,40955,2108520,0.259381,8129050
3,2021-03-07,37860,3195238,22400,1617965,14308,1573603,1152,3670,21640,1036330,0.127485,16152,1096146,0.134843,23956,2132476,0.262328,8129050
3,2021-03-08,59231,3254469,28344,1646309,28020,1601623,2867,6537,37573,1056812,0.130004,21502,1117648,0.137488,41984,2174460,0.267493,8129050
3,2021-03-09,76763,3331232,35513,1681822,36879,1638502,4371,10908,41327,1068371,0.131426,35304,1152952,0.141831,46863,2221323,0.273257,8129050
3,2021-03-10,82912,3414144,41371,1723193,35452,1673954,6089,16997,43346,1079852,0.132839,39348,1192300,0.146672,50829,2272152,0.27951,8129050
3,2021-03-11,97094,3511238,47509,1770702,41009,1714963,8576,25573,47598,1087873,0.133825,49234,1241534,0.152728,57255,2329407,0.286553,8129050
3,2021-03-12,101974,3613212,45421,1816123,44693,1759656,11860,37433,46770,1092672,0.134416,54970,1296504,0.15949,59769,2389176,0.293906,8129050
3,2021-03-13,70559,3683771,29687,1845810,33632,1793288,7240,44673,37344,1105516,0.135996,33094,1329598,0.163561,45938,2435114,0.299557,8129050
3,2021-03-14,41327,3725098,21574,1867384,16187,1809475,3566,48239,20798,1110065,0.136555,20444,1350042,0.166076,24993,2460107,0.302632,8129050
3,2021-03-15,75638,3800736,35846,1903230,35246,1844721,4546,52785,39897,1119987,0.137776,35524,1385566,0.170446,45446,2505553,0.308222,8129050
3,2021-03-16,95036,3895772,43822,1947052,46891,1891612,4323,57108,53536,1137502,0.13993,41264,1426830,0.175522,58779,2564332,0.315453,8129050
3,2021-03-17,98168,3993940,47704,1994756,45954,1937566,4510,61618,59786,1164321,0.14323,38147,1464977,0.180215,64966,2629298,0.323445,8129050
3,2021-03-18,103545,4097485,52705,2047461,46324,1983890,4516,66134,59781,1185687,0.145858,43490,1508467,0.185565,64856,2694154,0.331423,8129050
3,2021-03-19,103229,4200714,55393,2102854,43379,2027269,4457,70591,57912,1203582,0.148059,45038,1553505,0.191105,62933,2757087,0.339165,8129050
3,2021-03-20,71824,4272538,37009,2139863,31182,2058451,3633,74224,44604,1225294,0.15073,27033,1580538,0.194431,48745,2805832,0.345161,8129050
3,2021-03-21,36296,4308834,24699,2164562,10094,2068545,1503,75727,21967,1235010,0.151926,14231,1594769,0.196181,23947,2829779,0.348107,8129050
3,2021-03-22,70424,4379258,41424,2205986,26485,2095030,2515,78242,45136,1258609,0.154829,25069,1619838,0.199265,48668,2878447,0.354094,8129050
3,2021-03-23,89621,4468879,49632,2255618,37468,2132498,2521,80763,55213,1282898,0.157816,34151,1653989,0.203466,58440,2936887,0.361283,8129050
3,2021-03-24,98578,4567457,56769,2312387,38913,2171411,2896,83659,56393,1300953,0.160038,41839,1695828,0.208613,59894,2996781,0.368651,8129050
3,2021-03-25,107142,4674599,59545,2371932,44650,2216061,2947,86606,60741,1319214,0.162284,46068,1741896,0.21428,64329,3061110,0.376564,8129050
3,2021-03-26,110390,4784989,59250,2431182,47837,2263898,3303,89909,57443,1328170,0.163386,52635,1794531,0.220755,61591,3122701,0.384141,8129050
3,2021-03-27,74442,4859431,37885,2469067,34012,2297910,2545,92454,36340,1329835,0.16359,37892,1832423,0.225417,39557,3162258,0.389007,8129050
3,2021-03-28,44327,4903758,27920,2496987,15594,2313504,813,93267,22520,1332114,0.163871,21695,1854118,0.228085,23974,3186232,0.391956,8129050
3,2021-03-29,80611,4984369,42071,2539058,36679,2350183,1861,95128,44357,1343138,0.165227,36005,1890123,0.232515,47029,3233261,0.397742,8129050
3,2021-03-30,100078,5084447,49186,2588244,47265,2397448,3627,98755,56254,1360044,0.167307,43577,1933700,0.237875,60483,3293744,0.405182,8129050
3,2021-03-31,105005,5189452,56619,2644863,43547,2440995,4839,103594,56199,1372826,0.168879,48586,1982286,0.243852,61368,3355112,0.412731,8129050
3,2021-04-01,123465,5312917,62447,2707310,51279,2492274,9739,113333,66812,1393414,0.171412,56280,2038566,0.250775,76868,3431980,0.422187,8129050
3,2021-04-02,117864,5430781,57548,2764858,49996,2542270,10320,123653,62499,1411630,0.173653,55087,2093653,0.257552,73303,3505283,0.431205,8129050
3,2021-04-03,76061,5506842,38864,2803722,27964,2570234,9233,132886,38001,1421260,0.174837,37918,2131571,0.262216,47548,3552831,0.437054,8129050
3,2021-04-04,32402,5539244,17325,2821047,10865,2581099,4212,137098,14232,1421647,0.174885,18088,2149659,0.264442,18475,3571306,0.439326,8129050
3,2021-04-05,89049,5628293,45202,2866249,34717,2615816,9130,146228,43544,1429859,0.175895,45288,2194947,0.270013,53500,3624806,0.445908,8129050
3,2021-04-06,113361,5741654,55172,2921421,43009,2658825,15180,161408,53401,1439453,0.177075,59694,2254641,0.277356,69288,3694094,0.454431,8129050
3,2021-04-07,116305,5857959,60159,2981580,39846,2698671,16300,177708,56288,1452550,0.178686,59766,2314407,0.284708,72863,3766957,0.463394,8129050
3,2021-04-08,121368,5979327,60416,3041996,40803,2739474,20149,197857,56262,1464919,0.180208,64811,2379218,0.292681,77180,3844137,0.472889,8129050
3,2021-04-09,118304,6097631,58973,3100969,40195,2779669,19136,216993,51953,1470798,0.180931,66109,2445327,0.300813,71988,3916125,0.481744,8129050
3,2021-04-10,84396,6182027,37871,3138840,31264,2810933,15261,232254,34334,1471319,0.180995,49892,2495219,0.306951,50413,3966538,0.487946,8129050
3,2021-04-11,45263,6227290,24290,3163130,13005,2823938,7968,240222,17179,1469306,0.180748,27994,2523213,0.310395,25981,3992519,0.491142,8129050
3,2021-04-12,83947,6311237,42429,3205559,32743,2856681,8775,248997,38036,1471519,0.18102,45682,2568895,0.316014,47895,4040414,0.497034,8129050
3,2021-04-13,105502,6416739,57152,3262711,48135,2904816,215,249212,55719,1478777,0.181913,49557,2618452,0.32211,56815,4097229,0.504023,8129050
3,2021-04-14,107636,6524375,58850,3321561,48689,2953505,97,249309,53606,1480171,0.182084,53745,2672197,0.328722,55139,4152368,0.510806,8129050
3,2021-04-15,119407,6643782,67203,3388764,52130,3005635,74,249383,63967,1489887,0.183279,55131,2727328,0.335504,64847,4217215,0.518783,8129050
3,2021-04-16,115516,6759298,64798,3453562,50623,3056258,95,249478,60396,1496224,0.184059,54819,2782147,0.342247,61156,4278371,0.526306,8129050
3,2021-04-17,79429,6838727,43331,3496893,36084,3092342,14,249492,44324,1506639,0.18534,34889,2817036,0.346539,45304,4323675,0.531879,8129050
3,2021-04-18,38717,6877444,23342,3520235,15372,3107714,3,249495,18219,1505340,0.18518,20395,2837431,0.349048,19096,4342771,0.534229,8129050
3,2021-04-19,79251,6956695,44167,3564402,35031,3142745,53,249548,35861,1498543,0.184344,43218,2880649,0.354365,36421,4379192,0.538709,8129050
3,2021-04-20,100882,7057577,53112,3617514,47753,3190498,17,249565,49044,1497033,0.184158,51597,2932246,0.360712,50087,4429279,0.54487,8129050
3,2021-04-21,105548,7163125,59248,3676762,46232,3236730,68,249633,49929,1492844,0.183643,55270,2987516,0.367511,51081,4480360,0.551154,8129050
3,2021-04-22,111256,7274381,62503,3739265,48732,3285462,21,249654,47912,1478727,0.181906,63010,3050526,0.375262,48893,4529253,0.557169,8129050
3,2021-04-23,105600,7379981,60416,3799681,45158,3330620,26,249680,46331,1467146,0.180482,58948,3109474,0.382514,47367,4576620,0.562996,8129050
3,2021-04-24,73152,7453133,45248,3844929,27841,3358461,63,249743,35719,1466741,0.180432,37179,3146653,0.387087,36774,4613394,0.567519,8129050
3,2021-04-25,36658,7489791,23400,3868329,13241,3371702,17,249760,18716,1468076,0.180596,17804,3164457,0.389278,19139,4632533,0.569874,8129050
3,2021-04-26,73476,7563267,41455,3909784,31616,3403318,405,250165,31435,1459466,0.179537,41791,3206248,0.394419,33181,4665714,0.573956,8129050
3,2021-04-27,90693,7653960,47601,3957385,41355,3444673,1737,251902,36060,1443687,0.177596,54345,3260593,0.401104,38566,4704280,0.5787,8129050
3,2021-04-28,86318,7740278,48986,4006371,35204,3479877,2128,254030,35322,1430950,0.176029,50717,3311310,0.407343,37980,4742260,0.583372,8129050
3,2021-04-29,88452,7828730,50559,4056930,35698,3515575,2195,256225,31608,1408707,0.173293,56532,3367842,0.414297,34289,4776549,0.58759,8129050
3,2021-04-30,90103,7918833,50831,4107761,36794,3552369,2478,258703,33579,1389014,0.17087,56218,3424060,0.421213,36525,4813074,0.592083,8129050
3,2021-05-01,54876,7973709,34508,4142269,18907,3571276,1461,260164,19731,1375760,0.16924,34929,3458989,0.42551,21675,4834749,0.59475,8129050
3,2021-05-02,26815,8000524,18293,4160562,7511,3578787,1011,261175,9836,1369808,0.168508,16896,3475885,0.427588,10944,4845693,0.596096,8129050
3,2021-05-03,59226,8059750,34590,4195152,22273,3601060,2363,263538,17384,1348084,0.165835,41650,3517535,0.432712,19926,4865619,0.598547,8129050
3,2021-05-04,77236,8136986,44640,4239792,29942,3631002,2654,266192,22491,1319045,0.162263,54469,3572004,0.439412,25430,4891049,0.601675,8129050
3,2021-05-05,78705,8215691,47288,4287080,28727,3659729,2690,268882,21869,1287356,0.158365,56533,3628537,0.446367,24844,4915893,0.604732,8129050
3,2021-05-06,82699,8298390,52211,4339291,27966,3687695,2522,271404,20635,1249447,0.153701,61612,3690149,0.453946,23703,4939596,0.607647,8129050
3,2021-05-07,82027,8380417,51100,4390391,28309,3716004,2618,274022,21823,1214306,0.149379,59875,3750024,0.461311,24734,4964330,0.61069,8129050
3,2021-05-08,52176,8432593,32325,4422716,18149,3734153,1702,275724,13851,1192046,0.14664,38075,3788099,0.465995,15815,4980145,0.612636,8129050
3,2021-05-09,20864,8453457,15273,4437989,4806,3738959,785,276509,5522,1183162,0.145547,15258,3803357,0.467872,6374,4986519,0.61342,8129050
3,2021-05-10,47805,8501262,25611,4463600,20293,3759252,1901,278410,11116,1159943,0.142691,36499,3839856,0.472362,13280,4999799,0.615053,8129050
3,2021-05-11,63586,8564848,35546,4499146,25834,3785086,2206,280616,16121,1131500,0.139192,47237,3887093,0.478173,18794,5018593,0.617365,8129050
3,2021-05-12,64455,8629303,37017,4536163,25049,3810135,2389,283005,16523,1103015,0.135688,47696,3934789,0.48404,19211,5037804,0.619729,8129050
3,2021-05-13,74930,8704233,47226,4583389,25809,3835944,1895,284900,27478,1085781,0.133568,47216,3982005,0.489849,29982,5067786,0.623417,8129050
3,2021-05-14,79908,8784141,50498,4633887,27282,3863226,2128,287028,31024,1070920,0.13174,48610,4030615,0.495829,33749,5101535,0.627568,8129050
3,2021-05-15,61690,8845831,42586,4676473,17900,3881126,1204,288232,25572,1061984,0.130641,35929,4066544,0.500248,26993,5128528,0.630889,8129050
3,2021-05-16,33013,8878844,24666,4701139,7660,3888786,687,288919,13362,1056576,0.129975,19543,4086087,0.502652,14135,5142663,0.632628,8129050
3,2021-05-17,56664,8935508,36101,4737240,18734,3907520,1829,290748,20948,1044102,0.128441,35456,4121543,0.507014,22982,5165645,0.635455,8129050
3,2021-05-18,64241,8999749,37981,4775221,24419,3931939,1841,292589,24235,1030831,0.126808,39741,4161284,0.511903,26470,5192115,0.638711,8129050
3,2021-05-19,63486,9063235,38662,4813883,23092,3955031,1732,294321,24727,1019043,0.125358,38518,4199802,0.516641,26730,5218845,0.641999,8129050
3,2021-05-20,61005,9124240,35765,4849648,23422,3978453,1818,296139,21998,1004468,0.123565,38736,4238538,0.521406,24161,5243006,0.644972,8129050
3,2021-05-21,65364,9189604,39778,4889426,23504,4001957,2082,298221,23460,988696,0.121625,41612,4280150,0.526525,25840,5268846,0.64815,8129050
3,2021-05-22,45454,9235058,30133,4919559,13856,4015813,1465,299686,19021,983198,0.120949,26240,4306390,0.529753,20742,5289588,0.650702,8129050
3,2021-05-23,21365,9256423,14958,4934517,5758,4021571,649,300335,9155,980984,0.120676,12128,4318518,0.531245,9914,5299502,0.651921,8129050
3,2021-05-24,39318,9295741,23019,4957536,14555,4036126,1744,302079,14645,973084,0.119705,24495,4343013,0.534258,16595,5316097,0.653963,8129050
3,2021-05-25,42504,9338245,23928,4981464,16913,4053039,1663,303742,15136,962984,0.118462,27122,4370135,0.537595,17022,5333119,0.656057,8129050
3,2021-05-26,42139,9380384,24150,5005614,16281,4069320,1708,305450,15837,954641,0.117436,26019,4396154,0.540796,17676,5350795,0.658231,8129050
3,2021-05-27,39231,9419615,22003,5027617,15488,4084808,1740,307190,15454,948448,0.116674,23626,4419780,0.543702,17433,5368228,0.660376,8129050
3,2021-05-28,42553,9462168,24041,5051658,16722,4101530,1790,308980,17709,943617,0.11608,24649,4444429,0.546734,19818,5388046,0.662814,8129050
3,2021-05-29,23342,9485510,14249,5065907,8257,4109787,836,309816,10933,943220,0.116031,12289,4456718,0.548246,11892,5399938,0.664277,8129050
3,2021-05-30,10538,9496048,6830,5072737,3075,4112862,633,310449,4438,942301,0.115918,6030,4462748,0.548988,5111,5405049,0.664905,8129050
3,2021-05-31,4609,9500657,2658,5075395,1683,4114545,268,310717,1449,940915,0.115747,3130,4465878,0.549373,1744,5406793,0.66512,8129050
3,2021-06-01,37561,9538218,21652,5097047,14477,4129022,1432,312149,13165,931523,0.114592,24184,4490062,0.552348,14792,5421585,0.66694,8129050
3,2021-06-02,31409,9569627,18049,5115096,11947,4140969,1413,313562,11633,925121,0.113804,19575,4509637,0.554756,13173,5434758,0.66856,8129050
3,2021-06-03,39469,9609096,27012,5142108,11035,4152004,1422,314984,11474,910421,0.111996,27816,4537453,0.558178,13116,5447874,0.670174,8129050
3,2021-06-04,46015,9655111,32553,5174661,11929,4163933,1533,316517,13109,892793,0.109827,32674,4570127,0.562197,15046,5462920,0.672024,8129050
3,2021-06-05,34177,9689288,25771,5200432,7218,4171151,1188,317705,8696,877579,0.107956,25280,4595407,0.565307,10066,5472986,0.673263,8129050
3,2021-06-06,14530,9703818,12128,5212560,1822,4172973,580,318285,3715,871274,0.10718,10760,4606167,0.56663,4455,5477441,0.673811,8129050
3,2021-06-07,30271,9734089,22016,5234576,6982,4179955,1273,319558,8667,859863,0.105777,21468,4627635,0.569271,10057,5487498,0.675048,8129050
3,2021-06-08,34223,9768312,24590,5259166,8348,4188303,1285,320843,9970,847286,0.104229,24043,4651678,0.572229,11466,5498964,0.676458,8129050
3,2021-06-09,32834,9801146,23830,5282996,7716,4196019,1288,322131,8854,833770,0.102567,23814,4675492,0.575158,10298,5509262,0.677725,8129050
3,2021-06-10,32325,9833471,23338,5306334,7459,4203478,1528,323659,9012,821331,0.101037,23174,4698666,0.578009,10735,5519997,0.679046,8129050
3,2021-06-11,35333,9868804,24990,5331324,8983,4212461,1360,325019,10514,808747,0.099489,24635,4723301,0.58104,12051,5532048,0.680528,8129050
3,2021-06-12,25056,9893860,18898,5350222,5268,4217729,890,325909,6700,798242,0.098196,18243,4741544,0.583284,7738,5539786,0.68148,8129050
3,2021-06-13,10096,9903956,7557,5357779,2047,4219776,492,326401,2359,793474,0.09761,7687,4749231,0.58423,2919,5542705,0.681839,8129050
3,2021-06-14,25646,9929602,18366,5376145,5874,4225650,1406,327807,8040,785578,0.096638,17477,4766708,0.586379,9581,5552286,0.683018,8129050
3,2021-06-15,28545,9958147,19336,5395481,7717,4233367,1492,329299,9646,778208,0.095732,18679,4785387,0.588677,11309,5563595,0.684409,8129050
3,2021-06-16,25718,9983865,18253,5413734,6071,4239438,1394,330693,8698,771607,0.09492,16845,4802232,0.590749,10244,5573839,0.685669,8129050
3,2021-06-17,24647,10008512,17676,5431410,5715,4245153,1256,331949,8558,765618,0.094183,15936,4818168,0.59271,9947,5583786,0.686893,8129050
3,2021-06-18,27748,10036260,19590,5451000,6601,4251754,1557,333506,9735,759276,0.093403,17798,4835966,0.594899,11456,5595242,0.688302,8129050
3,2021-06-19,15850,10052110,11627,5462627,3371,4255125,852,334358,5720,755942,0.092993,10009,4845975,0.596131,6675,5601917,0.689123,8129050
3,2021-06-20,6834,10058944,5136,5467763,1402,4256527,296,334654,2602,754713,0.092841,4180,4850155,0.596645,2951,5604868,0.689486,8129050
3,2021-06-21,16089,10075033,10177,5477940,4537,4261064,1375,336029,8031,756266,0.093033,7972,4858127,0.597625,9525,5614393,0.690658,8129050
3,2021-06-22,21891,10096924,15376,5493316,5261,4266325,1254,337283,8227,752349,0.092551,13549,4871676,0.599292,9632,5624025,0.691843,8129050
3,2021-06-23,20063,10116987,14102,5507418,4663,4270988,1298,338581,7980,749789,0.092236,11973,4883649,0.600765,9413,5633438,0.693001,8129050
3,2021-06-24,19799,10136786,13790,5521208,4579,4275567,1430,340011,7730,747152,0.091911,11908,4895557,0.60223,9271,5642709,0.694141,8129050
3,2021-06-25,23108,10159894,16394,5537602,5306,4280873,1408,341419,9048,743795,0.091498,13940,4909497,0.603945,10583,5653292,0.695443,8129050
3,2021-06-26,13714,10173608,10164,5547766,2785,4283658,765,342184,5725,742510,0.09134,7926,4917423,0.60492,6641,5659933,0.69626,8129050
3,2021-06-27,6651,10180259,5127,5552893,1215,4284873,309,342493,2851,741935,0.09127,3765,4921188,0.605383,3190,5663123,0.696652,8129050
3,2021-06-28,15708,10195967,12069,5564962,2584,4287457,1055,343548,6643,740763,0.091125,8968,4930156,0.606486,7796,5670919,0.697612,8129050
3,2021-06-29,17789,10213756,12554,5577516,4263,4291720,972,344520,7299,738783,0.090882,10380,4940536,0.607763,8400,5679319,0.698645,8129050
3,2021-06-30,16635,10230391,11826,5589342,3780,4295500,1029,345549,7140,737704,0.090749,9387,4949923,0.608918,8308,5687627,0.699667,8129050
3,2021-07-01,15899,10246290,11373,5600715,3500,4299000,1026,346575,6712,736440,0.090594,9099,4959022,0.610037,7835,5695462,0.700631,8129050
3,2021-07-02,17847,10264137,12760,5613475,4035,4303035,1052,347627,7637,735114,0.09043,10111,4969133,0.611281,8785,5704247,0.701711,8129050
3,2021-07-03,9765,10273902,7076,5620551,2283,4305318,406,348033,4199,734308,0.090331,5505,4974638,0.611958,4699,5708946,0.702289,8129050
3,2021-07-04,563,10274465,281,5620832,198,4305516,84,348117,205,734255,0.090325,356,4974994,0.612002,303,5709249,0.702327,8129050
4,2020-12-15,454,454,454,454,0,0,0,0,454,454,5.6e-05,0,0,0.0,454,454,5.6e-05,8037679
4,2020-12-16,3012,3466,3012,3466,0,0,0,0,3012,3466,0.000431,0,0,0.0,3012,3466,0.000431,8037679
4,2020-12-17,8906,12372,8906,12372,0,0,0,0,8906,12372,0.001539,0,0,0.0,8906,12372,0.001539,8037679
4,2020-12-18,16122,28494,16111,28483,11,11,0,0,16122,28494,0.003545,0,0,0.0,16122,28494,0.003545,8037679
4,2020-12-19,10354,38848,10345,38828,9,20,0,0,10289,38783,0.004825,0,0,0.0,10289,38783,0.004825,8037679
4,2020-12-20,7394,46242,7387,46215,7,27,0,0,7349,46132,0.005739,0,0,0.0,7349,46132,0.005739,8037679
4,2020-12-21,16360,62602,16334,62549,26,53,0,0,16293,62424,0.007766,1,1,0.0,16293,62425,0.007767,8037679
4,2020-12-22,17177,79779,16439,78988,738,791,0,0,17130,79551,0.009897,3,4,0.0,17130,79555,0.009898,8037679
4,2020-12-23,17086,96865,14379,93367,2707,3498,0,0,17055,96604,0.012019,2,6,1e-06,17055,96610,0.01202,8037679
4,2020-12-24,8522,105387,5948,99315,2574,6072,0,0,8522,105126,0.013079,0,6,1e-06,8522,105132,0.01308,8037679
4,2020-12-25,904,106291,799,100114,105,6177,0,0,904,106030,0.013192,0,6,1e-06,904,106036,0.013192,8037679
4,2020-12-26,6173,112464,3895,104009,2278,8455,0,0,6173,112203,0.01396,0,6,1e-06,6173,112209,0.01396,8037679
4,2020-12-27,3435,115899,2000,106009,1435,9890,0,0,3435,115638,0.014387,0,6,1e-06,3435,115644,0.014388,8037679
4,2020-12-28,15092,130991,9326,115335,5766,15656,0,0,15064,130701,0.016261,1,7,1e-06,15064,130708,0.016262,8037679
4,2020-12-29,15364,146355,8505,123840,6859,22515,0,0,15330,146031,0.018168,0,7,1e-06,15330,146038,0.018169,8037679
4,2020-12-30,18932,165287,11067,134907,7865,30380,0,0,18921,164950,0.020522,2,9,1e-06,18921,164959,0.020523,8037679
4,2020-12-31,8269,173556,3356,138263,4913,35293,0,0,8257,173198,0.021548,9,18,2e-06,8257,173216,0.02155,8037679
4,2021-01-01,1523,175079,679,138942,844,36137,0,0,1518,174714,0.021737,2,20,2e-06,1518,174734,0.021739,8037679
4,2021-01-02,5720,180799,3229,142171,2491,38628,0,0,5719,180432,0.022448,1,21,3e-06,5719,180453,0.022451,8037679
4,2021-01-03,2140,182939,1267,143438,873,39501,0,0,2124,182552,0.022712,4,25,3e-06,2124,182577,0.022715,8037679
4,2021-01-04,12936,195875,7005,150443,5931,45432,0,0,12888,195411,0.024312,29,54,7e-06,12888,195465,0.024319,8037679
4,2021-01-05,16877,212752,9999,160442,6878,52310,0,0,14689,207951,0.025872,2162,2216,0.000276,14702,210167,0.026148,8037679
4,2021-01-06,21586,234338,13227,173669,8359,60669,0,0,15528,217480,0.027058,6011,8227,0.001024,15540,225707,0.028081,8037679
4,2021-01-07,27938,262276,17025,190694,10913,71582,0,0,16696,223012,0.027746,11185,19412,0.002415,16717,242424,0.030161,8037679
4,2021-01-08,32804,295080,21061,211755,11743,83325,0,0,18297,226883,0.028227,14445,33857,0.004212,18316,260740,0.03244,8037679
4,2021-01-09,16287,311367,9644,221399,6643,89968,0,0,9468,229562,0.028561,6800,40657,0.005058,9479,270219,0.033619,8037679
4,2021-01-10,8767,320134,5658,227057,3109,93077,0,0,4149,229118,0.028505,4601,45258,0.005631,4157,274376,0.034136,8037679
4,2021-01-11,33440,353574,21915,248972,11525,104602,0,0,18857,233476,0.029048,14543,59801,0.00744,18901,293277,0.036488,8037679
4,2021-01-12,38565,392139,22251,271223,16314,120916,0,0,24253,243528,0.030298,14240,74041,0.009212,24292,317569,0.03951,8037679
4,2021-01-13,38788,430927,19179,290402,19609,140525,0,0,27402,259628,0.032301,11329,85370,0.010621,27429,344998,0.042923,8037679
4,2021-01-14,39301,470228,15108,305510,24193,164718,0,0,32124,284654,0.035415,7127,92497,0.011508,32153,377151,0.046923,8037679
4,2021-01-15,45350,515578,15738,321248,29612,194330,0,0,39708,318801,0.039663,5583,98080,0.012203,39730,416881,0.051866,8037679
4,2021-01-16,28747,544325,9355,330603,19392,213722,0,0,25595,341296,0.042462,3118,101198,0.01259,25613,442494,0.055052,8037679
4,2021-01-17,19063,563388,6670,337273,12393,226115,0,0,17535,357340,0.044458,1505,102703,0.012778,17549,460043,0.057236,8037679
4,2021-01-18,29472,592860,13638,350911,15834,241949,0,0,23467,374920,0.046645,5913,108616,0.013513,23493,483536,0.060159,8037679
4,2021-01-19,46113,638973,23078,373989,23035,264984,0,0,36740,402417,0.050066,9316,117932,0.014672,36813,520349,0.064739,8037679
4,2021-01-20,52626,691599,28194,402183,24432,289416,0,0,42077,434105,0.054009,10449,128381,0.015972,42137,562486,0.069981,8037679
4,2021-01-21,57563,749162,25879,428062,31684,321100,0,0,50803,478261,0.059502,6690,135071,0.016805,50846,613332,0.076307,8037679
4,2021-01-22,55341,804503,22253,450315,33088,354188,0,0,50160,523366,0.065114,5082,140153,0.017437,50187,663519,0.082551,8037679
4,2021-01-23,39652,844155,17402,467717,22250,376438,0,0,35308,554370,0.068971,4334,144487,0.017976,35338,698857,0.086948,8037679
4,2021-01-24,23943,868098,10490,478207,13453,389891,0,0,22050,574556,0.071483,1882,146369,0.01821,22068,720925,0.089693,8037679
4,2021-01-25,47973,916071,22132,500339,25841,415732,0,0,36829,600333,0.07469,11108,157477,0.019592,36885,757810,0.094282,8037679
4,2021-01-26,56817,972888,28911,529250,27906,443638,0,0,44507,632643,0.07871,12258,169735,0.021117,44568,802378,0.099827,8037679
4,2021-01-27,56222,1029110,26696,555946,29526,473164,0,0,45166,666883,0.08297,10978,180713,0.022483,45218,847596,0.105453,8037679
4,2021-01-28,56584,1085694,25496,581442,31088,504252,0,0,46578,703590,0.087536,9916,190629,0.023717,46623,894219,0.111253,8037679
4,2021-01-29,56565,1142259,27105,608547,29460,533712,0,0,46133,739509,0.092005,10248,200877,0.024992,46167,940386,0.116997,8037679
4,2021-01-30,38023,1180282,17117,625664,20906,554618,0,0,32650,766867,0.095409,5316,206193,0.025653,32674,973060,0.121062,8037679
4,2021-01-31,23868,1204150,12500,638164,11368,565986,0,0,22163,787363,0.097959,1685,207878,0.025863,22181,995241,0.123822,8037679
4,2021-02-01,49713,1253863,23967,662131,25746,591732,0,0,38014,813770,0.101244,11648,219526,0.027312,38055,1033296,0.128557,8037679
4,2021-02-02,55443,1309306,25452,687583,29991,621723,0,0,42548,843539,0.104948,12822,232348,0.028907,42591,1075887,0.133855,8037679
4,2021-02-03,62119,1371425,30468,718051,31651,653374,0,0,47774,877139,0.109128,14228,246576,0.030678,47828,1123715,0.139806,8037679
4,2021-02-04,67721,1439146,31536,749587,36185,689559,0,0,50888,911460,0.113398,16673,263249,0.032752,50994,1174709,0.14615,8037679
4,2021-02-05,73172,1512318,33855,783442,39317,728876,0,0,50984,940648,0.11703,21931,285180,0.03548,51119,1225828,0.15251,8037679
4,2021-02-06,48674,1560992,26145,809587,22529,751405,0,0,37165,966572,0.120255,11442,296622,0.036904,37366,1263194,0.157159,8037679
4,2021-02-07,26419,1587411,17425,827012,8994,760399,0,0,20005,980431,0.121979,6381,303003,0.037698,20240,1283434,0.159677,8037679
4,2021-02-08,58519,1645930,30093,857105,28426,788825,0,0,38033,998375,0.124212,20351,323354,0.04023,38295,1321729,0.164442,8037679
4,2021-02-09,67213,1713143,34069,891174,33144,821969,0,0,39385,1010526,0.125724,27641,350995,0.043669,39792,1361521,0.169392,8037679
4,2021-02-10,77422,1790565,38697,929871,38725,860694,0,0,40606,1015097,0.126292,36580,387575,0.04822,41151,1402672,0.174512,8037679
4,2021-02-11,81246,1871811,42360,972231,38886,899580,0,0,41354,1017456,0.126586,39666,427241,0.053155,42025,1444697,0.179741,8037679
4,2021-02-12,84642,1956453,37903,1010134,46739,946319,0,0,43479,1020788,0.127,40936,468177,0.058248,44268,1488965,0.185248,8037679
4,2021-02-13,59054,2015507,29901,1040035,29153,975472,0,0,30077,1022926,0.127266,28840,497017,0.061836,30978,1519943,0.189102,8037679
4,2021-02-14,36930,2052437,19198,1059233,17732,993204,0,0,18888,1024488,0.127461,17984,515001,0.064073,19546,1539489,0.191534,8037679
4,2021-02-15,46233,2098670,21622,1080855,24611,1017815,0,0,23727,1026965,0.127769,22429,537430,0.066864,24906,1564395,0.194633,8037679
4,2021-02-16,80111,2178781,36697,1117552,43414,1061229,0,0,40774,1029735,0.128113,39222,576652,0.071744,41992,1606387,0.199857,8037679
4,2021-02-17,81480,2260261,38497,1156049,42983,1104212,0,0,38743,1027051,0.12778,42555,619207,0.077038,39871,1646258,0.204818,8037679
4,2021-02-18,83471,2343732,45923,1201972,37548,1141760,0,0,38640,1022522,0.127216,44650,663857,0.082593,40121,1686379,0.209809,8037679
4,2021-02-19,82976,2426708,52150,1254122,30826,1172586,0,0,41458,1023322,0.127316,41348,705205,0.087737,42148,1728527,0.215053,8037679
4,2021-02-20,49527,2476235,32909,1287031,16618,1189204,0,0,26895,1028363,0.127943,22550,727755,0.090543,27591,1756118,0.218486,8037679
4,2021-02-21,29947,2506182,23807,1310838,6140,1195344,0,0,14562,1027905,0.127886,15305,743060,0.092447,14847,1770965,0.220333,8037679
4,2021-02-22,54724,2560906,37601,1348439,17123,1212467,0,0,26398,1026566,0.127719,28185,771245,0.095954,26846,1797811,0.223673,8037679
4,2021-02-23,75494,2636400,41851,1390290,33643,1246110,0,0,33173,1019274,0.126812,42137,813382,0.101196,34845,1832656,0.228008,8037679
4,2021-02-24,89841,2726241,47409,1437699,42432,1288542,0,0,40530,1012881,0.126017,49075,862457,0.107302,42682,1875338,0.233318,8037679
4,2021-02-25,100184,2826425,52299,1489998,47885,1336427,0,0,47971,1011373,0.125829,52038,914495,0.113776,50530,1925868,0.239605,8037679
4,2021-02-26,106411,2932836,53718,1543716,52693,1389120,0,0,54511,1016581,0.126477,51656,966151,0.120203,56864,1982732,0.24668,8037679
4,2021-02-27,77053,3009889,41924,1585640,35120,1424240,9,9,41366,1023904,0.127388,35533,1001684,0.124624,42856,2025588,0.252012,8037679
4,2021-02-28,47709,3057598,29403,1615043,18299,1442539,7,16,26538,1030322,0.128187,21013,1022697,0.127238,27431,2053019,0.255424,8037679
4,2021-03-01,77896,3135494,45745,1660788,32110,1474649,41,57,43009,1039945,0.129384,34616,1057313,0.131545,44239,2097258,0.260928,8037679
4,2021-03-02,85229,3220723,49030,1709818,36190,1510839,9,66,50420,1057526,0.131571,34635,1091948,0.135854,52216,2149474,0.267425,8037679
4,2021-03-03,100282,3321005,53371,1763189,46897,1557736,14,80,56070,1071379,0.133295,43998,1135946,0.141328,57851,2207325,0.274622,8037679
4,2021-03-04,97134,3418139,53861,1817050,43255,1600991,18,98,53420,1083099,0.134753,43493,1179439,0.146739,55213,2262538,0.281491,8037679
4,2021-03-05,94418,3512557,50938,1867988,43163,1644154,317,415,56006,1103153,0.137248,38198,1217637,0.151491,58252,2320790,0.288739,8037679
4,2021-03-06,76219,3588776,42939,1910927,30660,1674814,2620,3035,46870,1124751,0.139935,29227,1246864,0.155127,50825,2371615,0.295062,8037679
4,2021-03-07,43122,3631898,27272,1938199,14661,1689475,1189,4224,25647,1135261,0.141242,17403,1264267,0.157293,27913,2399528,0.298535,8037679
4,2021-03-08,66610,3698508,34961,1973160,28456,1717931,3193,7417,43989,1161276,0.144479,22498,1286765,0.160092,48513,2448041,0.304571,8037679
4,2021-03-09,81302,3779810,41218,2014378,34952,1752883,5132,12549,43897,1174174,0.146084,37233,1323998,0.164724,50131,2498172,0.310808,8037679
4,2021-03-10,91162,3870972,47034,2061412,36696,1789579,7432,19981,46079,1183727,0.147272,44906,1368904,0.170311,54459,2552631,0.317583,8037679
4,2021-03-11,100644,3971616,52919,2114331,39333,1828912,8392,28373,46462,1185742,0.147523,53939,1422843,0.177022,55954,2608585,0.324545,8037679
4,2021-03-12,104550,4076166,51556,2165887,42745,1871657,10249,38622,44625,1181910,0.147046,59648,1482491,0.184443,55816,2664401,0.331489,8037679
4,2021-03-13,81521,4157687,37820,2203707,35286,1906943,8415,47037,38498,1187045,0.147685,42885,1525376,0.189778,48020,2712421,0.337463,8037679
4,2021-03-14,49880,4207567,28388,2232095,17866,1924809,3626,50663,23244,1187992,0.147803,26545,1551921,0.193081,27492,2739913,0.340884,8037679
4,2021-03-15,83680,4291247,45051,2277146,34381,1959190,4248,54911,42460,1194560,0.14862,40981,1592902,0.198179,47549,2787462,0.346799,8037679
4,2021-03-16,107671,4398918,55989,2333135,48282,2007472,3400,58311,56918,1205056,0.149926,50518,1643420,0.204464,61014,2848476,0.35439,8037679
4,2021-03-17,106910,4505828,57597,2390732,45816,2053288,3497,61808,62644,1227761,0.152751,44005,1687425,0.209939,66710,2915186,0.36269,8037679
4,2021-03-18,107084,4612912,59408,2450140,43985,2097273,3691,65499,60930,1246950,0.155138,45877,1733302,0.215647,65066,2980252,0.370785,8037679
4,2021-03-19,111586,4724498,64255,2514395,42142,2139415,5189,70688,63794,1268783,0.157854,47544,1780846,0.221562,69377,3049629,0.379417,8037679
4,2021-03-20,84035,4808533,49059,2563454,31974,2171389,3002,73690,51786,1291780,0.160716,32104,1812950,0.225556,55101,3104730,0.386272,8037679
4,2021-03-21,48244,4856777,34974,2598428,11017,2182406,2253,75943,28336,1302938,0.162104,19788,1832738,0.228018,30946,3135676,0.390122,8037679
4,2021-03-22,82491,4939268,53921,2652349,25834,2208240,2736,78679,51315,1326759,0.165067,30947,1863685,0.231869,54768,3190444,0.396936,8037679
4,2021-03-23,104834,5044102,62780,2715129,39900,2248140,2154,80833,62479,1349851,0.16794,42083,1905768,0.237104,65175,3255619,0.405045,8037679
4,2021-03-24,113482,5157584,73269,2788398,37804,2285944,2409,83242,64027,1367714,0.170163,49028,1954796,0.243204,66891,3322510,0.413367,8037679
4,2021-03-25,117045,5274629,72077,2860475,42579,2328523,2389,85631,67141,1388290,0.172723,49433,2004229,0.249354,70009,3392519,0.422077,8037679
4,2021-03-26,119660,5394289,72627,2933102,43992,2372515,3041,88672,65649,1403917,0.174667,53657,2057886,0.25603,69284,3461803,0.430697,8037679
4,2021-03-27,91985,5486274,54242,2987344,35957,2408472,1786,90458,46867,1408177,0.175197,44878,2102764,0.261613,49138,3510941,0.43681,8037679
4,2021-03-28,55751,5542025,36801,3024145,18078,2426550,872,91330,29660,1413158,0.175817,25923,2128687,0.264839,30904,3541845,0.440655,8037679
4,2021-03-29,93554,5635579,56058,3080203,35420,2461970,2076,93406,50808,1424085,0.177176,42505,2171192,0.270127,53432,3595277,0.447303,8037679
4,2021-03-30,117100,5752679,63879,3144082,49058,2511028,4163,97569,69613,1451030,0.180528,47257,2218449,0.276006,74202,3669479,0.456535,8037679
4,2021-03-31,121031,5873710,71410,3215492,43299,2554327,6322,103891,67912,1472698,0.183224,52772,2271221,0.282572,74440,3743919,0.465796,8037679
4,2021-04-01,142471,6016181,81252,3296744,47969,2602296,13250,117141,84023,1512120,0.188129,58014,2329235,0.28979,97436,3841355,0.477918,8037679
4,2021-04-02,136579,6152760,72977,3369721,50022,2652318,13580,130721,79094,1547902,0.192581,57193,2386428,0.296905,92975,3934330,0.489486,8037679
4,2021-04-03,101213,6253973,54102,3423823,33708,2686026,13403,144124,52771,1566066,0.194841,48239,2434667,0.302907,66403,4000733,0.497747,8037679
4,2021-04-04,46863,6300836,24738,3448561,14604,2700630,7521,151645,20482,1567810,0.195058,26274,2460941,0.306176,28018,4028751,0.501233,8037679
4,2021-04-05,109291,6410127,61477,3510038,35024,2735654,12790,164435,57078,1586234,0.19735,52006,2512947,0.312646,70430,4099181,0.509996,8037679
4,2021-04-06,138742,6548869,78118,3588156,40892,2776546,19732,184167,72202,1612460,0.200613,66307,2579254,0.320895,92533,4191714,0.521508,8037679
4,2021-04-07,137561,6686430,77938,3666094,38926,2815472,20697,204864,71278,1638689,0.203876,66034,2645288,0.329111,92263,4283977,0.532987,8037679
4,2021-04-08,139931,6826361,78019,3744113,36490,2851962,25422,230286,69601,1664273,0.207059,70046,2715334,0.337826,95630,4379607,0.544885,8037679
4,2021-04-09,137609,6963970,75549,3819662,39085,2891047,22975,253261,65665,1682211,0.209291,71717,2787051,0.346748,89655,4469262,0.556039,8037679
4,2021-04-10,103768,7067738,51192,3870854,33732,2924779,18844,272105,46846,1692228,0.210537,56713,2843764,0.353804,66730,4535992,0.564341,8037679
4,2021-04-11,62593,7130331,38031,3908885,13399,2938178,11163,283268,27309,1696589,0.211079,35179,2878943,0.358181,39540,4575532,0.56926,8037679
4,2021-04-12,102720,7233051,62478,3971363,30104,2968282,10138,293406,51772,1709064,0.212632,50655,2929598,0.364483,63130,4638662,0.577115,8037679
4,2021-04-13,130218,7363269,81693,4053056,48361,3016643,164,293570,77979,1736121,0.215998,51944,2981542,0.370946,79001,4717663,0.586943,8037679
4,2021-04-14,135374,7498643,86273,4139329,49026,3065669,75,293645,74992,1752366,0.218019,60051,3041593,0.378417,76296,4793959,0.596436,8037679
4,2021-04-15,156096,7654739,103935,4243264,52097,3117766,64,293709,95862,1789183,0.222599,59869,3101462,0.385865,96686,4890645,0.608465,8037679
4,2021-04-16,143450,7798189,90964,4334228,52407,3170173,79,293788,83471,1813766,0.225658,59683,3161145,0.393291,84266,4974911,0.618949,8037679
4,2021-04-17,101390,7899579,63749,4397977,37617,3207790,24,293812,59620,1833056,0.228058,41500,3202645,0.398454,60790,5035701,0.626512,8037679
4,2021-04-18,56736,7956315,38337,4436314,18396,3226186,3,293815,32029,1841471,0.229105,24579,3227224,0.401512,32994,5068695,0.630617,8037679
4,2021-04-19,101457,8057772,66889,4503203,34550,3260736,18,293833,51858,1844591,0.229493,49354,3276578,0.407652,52474,5121169,0.637145,8037679
4,2021-04-20,131630,8189402,78564,4581767,53051,3313787,15,293848,68807,1851966,0.230411,62518,3339096,0.41543,69893,5191062,0.645841,8037679
4,2021-04-21,133973,8323375,87512,4669279,46407,3360194,54,293902,67675,1854884,0.230774,65918,3405014,0.423631,68836,5259898,0.654405,8037679
4,2021-04-22,140560,8463935,93362,4762641,47175,3407369,23,293925,62968,1841769,0.229142,77226,3482240,0.433239,64111,5324009,0.662381,8037679
4,2021-04-23,134018,8597953,87343,4849984,46651,3454020,24,293949,58259,1825819,0.227157,75421,3557661,0.442623,59471,5383480,0.66978,8037679
4,2021-04-24,97702,8695655,66097,4916081,31555,3485575,50,293999,45045,1819610,0.226385,52373,3610034,0.449139,46164,5429644,0.675524,8037679
4,2021-04-25,50052,8745707,35283,4951364,14744,3500319,25,294024,26192,1822556,0.226752,23722,3633756,0.45209,26668,5456312,0.678842,8037679
4,2021-04-26,91593,8837300,60077,5011441,31119,3531438,397,294421,36093,1805168,0.224588,55211,3688967,0.458959,37823,5494135,0.683547,8037679
4,2021-04-27,113348,8950648,69274,5080715,41770,3573208,2304,296725,40938,1777100,0.221096,72105,3761072,0.46793,44037,5538172,0.689026,8037679
4,2021-04-28,103583,9054231,67694,5148409,33379,3606587,2510,299235,37985,1752959,0.218093,65298,3826370,0.476054,41157,5579329,0.694147,8037679
4,2021-04-29,105006,9159237,67092,5215501,35394,3641981,2520,301755,34027,1719455,0.213924,70652,3897022,0.484844,37148,5616477,0.698769,8037679
4,2021-04-30,104663,9263900,66365,5281866,35624,3677605,2674,304429,36055,1690607,0.210335,68237,3965259,0.493334,39389,5655866,0.703669,8037679
4,2021-05-01,68854,9332754,45787,5327653,21311,3698916,1756,306185,19999,1664381,0.207072,48622,4013881,0.499383,22396,5678262,0.706455,8037679
4,2021-05-02,37424,9370178,26561,5354214,9583,3708499,1280,307465,10509,1649513,0.205223,26802,4040683,0.502718,11934,5690196,0.70794,8037679
4,2021-05-03,78239,9448417,54447,5408661,21326,3729825,2466,309931,19181,1612715,0.200644,58812,4099495,0.510035,22014,5712210,0.710679,8037679
4,2021-05-04,100732,9549149,68976,5477637,29000,3758825,2756,312687,22713,1560819,0.194188,77752,4177247,0.519708,25856,5738066,0.713896,8037679
4,2021-05-05,101470,9650619,71571,5549208,27176,3786001,2723,315410,22045,1506792,0.187466,79105,4256352,0.52955,25078,5763144,0.717016,8037679
4,2021-05-06,111000,9761619,83203,5632411,24869,3810870,2928,318338,19681,1439649,0.179113,90873,4347225,0.540856,23730,5786874,0.719968,8037679
4,2021-05-07,104165,9865784,74927,5707338,26561,3837431,2677,321015,20625,1380178,0.171714,83188,4430413,0.551206,23717,5810591,0.722919,8037679
4,2021-05-08,69206,9934990,47714,5755052,19569,3857000,1923,322938,13743,1340956,0.166834,55242,4485655,0.558078,16020,5826611,0.724912,8037679
4,2021-05-09,34062,9969052,27896,5782948,5228,3862228,938,323876,7488,1323006,0.164601,26471,4512126,0.561372,8521,5835132,0.725972,8037679
4,2021-05-10,64509,10033561,43154,5826102,19046,3881274,2309,326185,10983,1283281,0.159658,53330,4565456,0.568007,13605,5848737,0.727665,8037679
4,2021-05-11,82112,10115673,51279,5877381,28654,3909928,2179,328364,15790,1235649,0.153732,66098,4631554,0.57623,18466,5867203,0.729962,8037679
4,2021-05-12,79167,10194840,52718,5930099,23956,3933884,2493,330857,16650,1192923,0.148416,62245,4693799,0.583974,19519,5886722,0.732391,8037679
4,2021-05-13,103937,10298777,76602,6006701,25817,3959701,1518,332375,40393,1172613,0.14589,63231,4757030,0.591841,42921,5929643,0.737731,8037679
4,2021-05-14,104312,10403089,73707,6080408,28476,3988177,2129,334504,40234,1151726,0.143291,63782,4820812,0.599777,42895,5972538,0.743067,8037679
4,2021-05-15,85052,10488141,65810,6146218,17920,4006097,1322,335826,37613,1143750,0.142299,47201,4868013,0.605649,39225,6011763,0.747948,8037679
4,2021-05-16,51318,10539459,41363,6187581,9247,4015344,708,336534,21039,1135503,0.141272,30132,4898145,0.609398,21885,6033648,0.75067,8037679
4,2021-05-17,70818,10610277,51769,6239350,17209,4032553,1840,338374,28061,1123065,0.139725,42564,4940709,0.614693,30126,6063774,0.754419,8037679
4,2021-05-18,81308,10691585,52939,6292289,26624,4059177,1745,340119,29185,1102583,0.137177,51775,4992484,0.621135,31293,6095067,0.758312,8037679
4,2021-05-19,76342,10767927,51687,6343976,22717,4081894,1938,342057,30843,1090429,0.135665,45226,5037710,0.626762,33072,6128139,0.762426,8037679
4,2021-05-20,68410,10836337,43960,6387936,22458,4104352,1992,344049,25366,1075360,0.13379,42768,5080478,0.632083,27699,6155838,0.765873,8037679
4,2021-05-21,73121,10909458,48271,6436207,22989,4127341,1861,345910,25854,1056343,0.131424,46996,5127474,0.63793,27979,6183817,0.769354,8037679
4,2021-05-22,49473,10958931,34727,6470934,13467,4140808,1279,347189,21582,1051688,0.130845,27737,5155211,0.641381,23082,6206899,0.772225,8037679
4,2021-05-23,23775,10982706,17058,6487992,5998,4146806,719,347908,9770,1048399,0.130436,13886,5169097,0.643108,10597,6217496,0.773544,8037679
4,2021-05-24,42903,11025609,27327,6515319,12582,4159388,2994,350902,15067,1039028,0.12927,27631,5196728,0.646546,18260,6235756,0.775816,8037679
4,2021-05-25,44717,11070326,27810,6543129,14094,4173482,2813,353715,15887,1029356,0.128066,28604,5225332,0.650105,18932,6254688,0.778171,8037679
4,2021-05-26,44321,11114647,26631,6569760,15097,4188579,2593,356308,15807,1019618,0.126855,28314,5253646,0.653627,18576,6273264,0.780482,8037679
4,2021-05-27,38715,11153362,23280,6593040,12308,4200887,3127,359435,14610,1013602,0.126106,23920,5277566,0.656603,17904,6291168,0.78271,8037679
4,2021-05-28,43089,11196451,27494,6620534,13998,4214885,1597,361032,18812,1010196,0.125683,24040,5301606,0.659594,20634,6311802,0.785277,8037679
4,2021-05-29,23551,11220002,15334,6635868,7284,4222169,933,361965,10857,1009546,0.125602,12572,5314178,0.661158,11922,6323724,0.78676,8037679
4,2021-05-30,11999,11232001,8428,6644296,3045,4225214,526,362491,5012,1008225,0.125437,6928,5321106,0.66202,5607,6329331,0.787458,8037679
4,2021-05-31,3542,11235543,2252,6646548,1132,4226346,158,362649,1134,1007167,0.125306,2372,5323478,0.662315,1314,6330645,0.787621,8037679
4,2021-06-01,39266,11274809,24415,6670963,12411,4238757,2440,365089,12989,996738,0.124008,26074,5349552,0.665559,15645,6346290,0.789567,8037679
4,2021-06-02,32412,11307221,20273,6691236,9360,4248117,2779,367868,10841,989104,0.123058,21402,5370954,0.668222,13768,6360058,0.79128,8037679
4,2021-06-03,47839,11355060,36715,6727951,8674,4256791,2450,370318,10354,964879,0.120044,37335,5408289,0.672867,13110,6373168,0.792911,8037679
4,2021-06-04,54555,11409615,43936,6771887,9299,4266090,1320,371638,12755,938178,0.116723,41578,5449867,0.67804,14877,6388045,0.794762,8037679
4,2021-06-05,44539,11454154,38160,6810047,5384,4271474,995,372633,8727,912512,0.113529,35667,5485534,0.682477,10001,6398046,0.796007,8037679
4,2021-06-06,21109,11475263,18843,6828890,1708,4273182,558,373191,3953,900355,0.112017,17055,5502589,0.684599,4898,6402944,0.796616,8037679
4,2021-06-07,38553,11513816,31209,6860099,5435,4278617,1909,375100,8439,880995,0.109608,29986,5532575,0.68833,10626,6413570,0.797938,8037679
4,2021-06-08,40392,11554208,31718,6891817,6146,4284763,2528,377628,9454,862553,0.107314,30755,5563330,0.692156,12313,6425883,0.79947,8037679
4,2021-06-09,38771,11592979,30753,6922570,5666,4290429,2352,379980,7930,842512,0.10482,30675,5594005,0.695973,10634,6436517,0.800793,8037679
4,2021-06-10,36965,11629944,29151,6951721,5201,4295630,2613,382593,8553,825676,0.102726,28262,5622267,0.699489,11426,6447943,0.802215,8037679
4,2021-06-11,38074,11668018,29906,6981627,6159,4301789,2009,384602,9858,809821,0.100753,28068,5650335,0.702981,12213,6460156,0.803734,8037679
4,2021-06-12,26420,11694438,22006,7003633,3704,4305493,710,385312,6051,796535,0.0991,20264,5670599,0.705502,6978,6467134,0.804602,8037679
4,2021-06-13,10800,11705238,8532,7012165,1791,4307284,477,385789,2282,790943,0.098404,8456,5679055,0.706554,2864,6469998,0.804958,8037679
4,2021-06-14,28461,11733699,21290,7033455,4371,4311655,2800,388589,7757,781142,0.097185,20572,5699627,0.709114,10771,6480769,0.806299,8037679
4,2021-06-15,29777,11763476,21066,7054521,5317,4316972,3394,391983,8284,771721,0.096013,21350,5720977,0.71177,11929,6492698,0.807783,8037679
4,2021-06-16,26398,11789874,19898,7074419,3901,4320873,2599,394582,8019,764327,0.095093,18216,5739193,0.714036,10822,6503520,0.809129,8037679
4,2021-06-17,24956,11814830,18433,7092852,3654,4324527,2869,397451,7564,757734,0.094273,17211,5756404,0.716177,10618,6514138,0.81045,8037679
4,2021-06-18,26552,11841382,20946,7113798,4382,4328909,1224,398675,8217,749286,0.093222,18138,5774542,0.718434,9690,6523828,0.811656,8037679
4,2021-06-19,15702,11857084,12710,7126508,2298,4331207,694,399369,5057,744699,0.092651,10500,5785042,0.71974,5913,6529741,0.812391,8037679
4,2021-06-20,7348,11864432,6055,7132563,986,4332193,307,399676,2616,743027,0.092443,4674,5789716,0.720322,3002,6532743,0.812765,8037679
4,2021-06-21,14457,11878889,10454,7143017,2871,4335064,1132,400808,7330,744597,0.092638,7051,5796767,0.721199,8621,6541364,0.813837,8037679
4,2021-06-22,20341,11899230,15874,7158891,3403,4338467,1064,401872,7086,739756,0.092036,13140,5809907,0.722834,8299,6549663,0.81487,8037679
4,2021-06-23,18284,11917514,14356,7173247,2951,4341418,977,402849,6698,736090,0.09158,11466,5821373,0.72426,7800,6557463,0.81584,8037679
4,2021-06-24,17457,11934971,13537,7186784,2933,4344351,987,403836,6528,732965,0.091191,10781,5832154,0.725602,7656,6565119,0.816793,8037679
4,2021-06-25,21372,11956343,16806,7203590,3530,4347881,1036,404872,7743,728409,0.090624,13501,5845655,0.727281,8945,6574064,0.817906,8037679
4,2021-06-26,12957,11969300,10557,7214147,1788,4349669,612,405484,4794,725855,0.090307,8063,5853718,0.728285,5509,6579573,0.818591,8037679
4,2021-06-27,6806,11976106,5514,7219661,951,4350620,341,405825,2878,725235,0.090229,3893,5857611,0.728769,3273,6582846,0.818998,8037679
4,2021-06-28,14958,11991064,12573,7232234,1547,4352167,838,406663,6027,723370,0.089997,8849,5866460,0.72987,6984,6589830,0.819867,8037679
4,2021-06-29,16254,12007318,12629,7244863,2843,4355010,782,407445,6338,720794,0.089677,9815,5876275,0.731091,7239,6597069,0.820768,8037679
4,2021-06-30,14238,12021556,11130,7255993,2397,4357407,711,408156,5908,719275,0.089488,8243,5884518,0.732117,6724,6603793,0.821604,8037679
4,2021-07-01,14125,12035681,11160,7267153,2252,4359659,713,408869,5794,717681,0.08929,8232,5892750,0.733141,6638,6610431,0.82243,8037679
4,2021-07-02,16228,12051909,12907,7280060,2594,4362253,727,409596,6645,715670,0.089039,9498,5902248,0.734322,7487,6617918,0.823362,8037679
4,2021-07-03,8878,12060787,7059,7287119,1436,4363689,383,409979,3872,715043,0.088961,4940,5907188,0.734937,4313,6622231,0.823898,8037679
4,2021-07-04,317,12061104,173,7287292,94,4363783,50,410029,134,715054,0.088963,182,5907370,0.73496,193,6622424,0.823922,8037679
