vemquartile,administered_date,total_doses,cumulative_total_doses,pfizer_doses,cumulative_pfizer_doses,moderna_doses,cumulative_moderna_doses,jj_doses,cumulative_jj_doses,partially_vaccinated,total_partially_vaccinated,pct_age12pop_partially_vaccinated,fully_vaccinated,cumulative_fully_vaccinated,pct_age12pop_fully_vaccinated,at_least_one_dose,cumulative_at_least_one_dose,pct_age12pop_at_least_one_dose,age12_population
1,2020-12-15,153,153,153,153,0,0,0,0,153,153,1.8e-05,0,0,0.0,153,153,1.8e-05,8700223
1,2020-12-16,1227,1380,1227,1380,0,0,0,0,1227,1380,0.000159,0,0,0.0,1227,1380,0.000159,8700223
1,2020-12-17,4179,5559,4179,5559,0,0,0,0,4180,5560,0.000639,0,0,0.0,4180,5560,0.000639,8700223
1,2020-12-18,6376,11935,6354,11913,22,22,0,0,6378,11937,0.001372,1,1,0.0,6378,11938,0.001372,8700223
1,2020-12-19,2875,14810,2872,14785,3,25,0,0,2874,14810,0.001702,1,2,0.0,2874,14812,0.001702,8700223
1,2020-12-20,2124,16934,2116,16901,8,33,0,0,2125,16935,0.001947,0,2,0.0,2125,16937,0.001947,8700223
1,2020-12-21,7644,24578,7623,24524,21,54,0,0,7693,24628,0.002831,1,3,0.0,7694,24631,0.002831,8700223
1,2020-12-22,7307,31885,6965,31489,342,396,0,0,7308,31934,0.00367,2,5,1e-06,7308,31939,0.003671,8700223
1,2020-12-23,7833,39718,6576,38065,1257,1653,0,0,7828,39761,0.00457,2,7,1e-06,7829,39768,0.004571,8700223
1,2020-12-24,3299,43017,2361,40426,938,2591,0,0,3301,43062,0.00495,0,7,1e-06,3301,43069,0.00495,8700223
1,2020-12-25,237,43254,153,40579,84,2675,0,0,237,43299,0.004977,0,7,1e-06,237,43306,0.004978,8700223
1,2020-12-26,1362,44616,970,41549,392,3067,0,0,1361,44659,0.005133,1,8,1e-06,1361,44667,0.005134,8700223
1,2020-12-27,871,45487,539,42088,332,3399,0,0,871,45529,0.005233,1,9,1e-06,871,45538,0.005234,8700223
1,2020-12-28,7096,52583,4755,46843,2341,5740,0,0,7094,52623,0.006048,0,9,1e-06,7094,52632,0.00605,8700223
1,2020-12-29,8909,61492,4982,51825,3927,9667,0,0,8905,61525,0.007072,3,12,1e-06,8905,61537,0.007073,8700223
1,2020-12-30,11572,73064,6442,58267,5130,14797,0,0,11572,73097,0.008402,0,12,1e-06,11572,73109,0.008403,8700223
1,2020-12-31,5984,79048,1955,60222,4029,18826,0,0,5982,79077,0.009089,3,15,2e-06,5983,79092,0.009091,8700223
1,2021-01-01,594,79642,215,60437,379,19205,0,0,592,79667,0.009157,2,17,2e-06,592,79684,0.009159,8700223
1,2021-01-02,2913,82555,1765,62202,1148,20353,0,0,2915,82582,0.009492,0,17,2e-06,2915,82599,0.009494,8700223
1,2021-01-03,1040,83595,551,62753,489,20842,0,0,1038,83617,0.009611,3,20,2e-06,1038,83637,0.009613,8700223
1,2021-01-04,7375,90970,3584,66337,3791,24633,0,0,7379,90995,0.010459,1,21,2e-06,7379,91016,0.010461,8700223
1,2021-01-05,10864,101834,5251,71588,5613,30246,0,0,10069,100309,0.011529,777,798,9.2e-05,10091,101107,0.011621,8700223
1,2021-01-06,14079,115913,7065,78653,7014,37260,0,0,12157,110593,0.012712,1886,2684,0.000308,12170,113277,0.01302,8700223
1,2021-01-07,17520,133433,9164,87817,8356,45616,0,0,13005,119184,0.013699,4424,7108,0.000817,13015,126292,0.014516,8700223
1,2021-01-08,20178,153611,10481,98298,9697,55313,0,0,14233,127497,0.014654,5929,13037,0.001498,14242,140534,0.016153,8700223
1,2021-01-09,6683,160294,3395,101693,3288,58601,0,0,4832,130484,0.014998,1848,14885,0.001711,4835,145369,0.016709,8700223
1,2021-01-10,3091,163385,1761,103454,1330,59931,0,0,1906,131210,0.015081,1181,16066,0.001847,1907,147276,0.016928,8700223
1,2021-01-11,18075,181460,11844,115298,6231,66162,0,0,11533,136255,0.015661,6531,22597,0.002597,11576,158852,0.018258,8700223
1,2021-01-12,19113,200573,10951,126249,8162,74324,0,0,13125,143460,0.016489,5961,28558,0.003282,13166,172018,0.019772,8700223
1,2021-01-13,19841,220414,10738,136987,9103,83427,0,0,14688,153033,0.01759,5133,33691,0.003872,14706,186724,0.021462,8700223
1,2021-01-14,22031,242445,9453,146440,12578,96005,0,0,19279,169672,0.019502,2698,36389,0.004183,19337,206061,0.023685,8700223
1,2021-01-15,25187,267632,9251,155691,15936,111941,0,0,23239,191061,0.02196,1909,38298,0.004402,23298,229359,0.026362,8700223
1,2021-01-16,13873,281505,4531,160222,9342,121283,0,0,13003,203200,0.023356,867,39165,0.004502,13006,242365,0.027857,8700223
1,2021-01-17,5221,286726,2036,162258,3185,124468,0,0,4853,207688,0.023872,368,39533,0.004544,4856,247221,0.028415,8700223
1,2021-01-18,14335,301061,8607,170865,5728,130196,0,0,11153,215727,0.024796,3169,42702,0.004908,11208,258429,0.029704,8700223
1,2021-01-19,24687,325748,12760,183625,11927,142123,0,0,19532,230176,0.026456,5137,47839,0.005499,19586,278015,0.031955,8700223
1,2021-01-20,29436,355184,14717,198342,14719,156842,0,0,23516,247887,0.028492,5844,53683,0.00617,23555,301570,0.034662,8700223
1,2021-01-21,31219,386403,14650,212992,16569,173411,0,0,27949,272728,0.031347,3203,56886,0.006538,28044,329614,0.037886,8700223
1,2021-01-22,28380,414783,11275,224267,17105,190516,0,0,26314,297074,0.034146,2001,58887,0.006768,26347,355961,0.040914,8700223
1,2021-01-23,18729,433512,8198,232465,10531,201047,0,0,16768,311920,0.035852,1932,60819,0.006991,16778,372739,0.042842,8700223
1,2021-01-24,6689,440201,4162,236627,2527,203574,0,0,6030,317302,0.036471,654,61473,0.007066,6036,378775,0.043536,8700223
1,2021-01-25,25440,465641,10491,247118,14949,218523,0,0,19654,331322,0.038082,5740,67213,0.007725,19760,398535,0.045807,8700223
1,2021-01-26,28827,494468,13484,260602,15343,233866,0,0,22132,346840,0.039866,6635,73848,0.008488,22153,420688,0.048354,8700223
1,2021-01-27,32666,527134,15549,276151,17117,250983,0,0,24545,363364,0.041765,8054,81902,0.009414,24578,445266,0.051179,8700223
1,2021-01-28,35001,562135,16408,292559,18593,269576,0,0,28037,384572,0.044203,6895,88797,0.010206,28103,473369,0.054409,8700223
1,2021-01-29,33682,595817,16450,309009,17232,286808,0,0,27101,405277,0.046582,6435,95232,0.010946,27140,500509,0.057528,8700223
1,2021-01-30,20200,616017,8736,317745,11464,298272,0,0,18067,421251,0.048418,2104,97336,0.011188,18078,518587,0.059606,8700223
1,2021-01-31,7646,623663,4972,322717,2674,300946,0,0,6936,427482,0.049135,707,98043,0.011269,6938,525525,0.060404,8700223
1,2021-02-01,28999,652662,12523,335240,16476,317422,0,0,21167,440873,0.050674,7781,105824,0.012163,21172,546697,0.062837,8700223
1,2021-02-02,32739,685401,11819,347059,20920,338342,0,0,24472,457198,0.05255,8184,114008,0.013104,24509,571206,0.065654,8700223
1,2021-02-03,39677,725078,15261,362320,24416,362758,0,0,28574,474871,0.054581,10938,124946,0.014361,28611,599817,0.068943,8700223
1,2021-02-04,44019,769097,17133,379453,26886,389644,0,0,31747,494516,0.056839,12150,137096,0.015758,31795,631612,0.072597,8700223
1,2021-02-05,46784,815881,17169,396622,29615,419259,0,0,30657,509250,0.058533,15976,153072,0.017594,30710,662322,0.076127,8700223
1,2021-02-06,26546,842427,10491,407113,16055,435314,0,0,20636,524039,0.060233,5863,158935,0.018268,20652,682974,0.078501,8700223
1,2021-02-07,6265,848692,4030,411143,2235,437549,0,0,4621,527053,0.060579,1625,160560,0.018455,4639,687613,0.079034,8700223
1,2021-02-08,31613,880305,14434,425577,17179,454728,0,0,21062,537755,0.061809,10456,171016,0.019657,21158,708771,0.081466,8700223
1,2021-02-09,38471,918776,16875,442452,21596,476324,0,0,23676,546807,0.06285,14702,185718,0.021346,23754,732525,0.084196,8700223
1,2021-02-10,47226,966002,22138,464590,25088,501412,0,0,26841,553467,0.063615,20260,205978,0.023675,26920,759445,0.08729,8700223
1,2021-02-11,51795,1017797,25432,490022,26363,527775,0,0,30922,563937,0.064819,20556,226534,0.026038,31026,790471,0.090856,8700223
1,2021-02-12,50006,1067803,21517,511539,28489,556264,0,0,28691,571608,0.0657,21159,247693,0.02847,28830,819301,0.09417,8700223
1,2021-02-13,26381,1094184,11537,523076,14844,571108,0,0,15260,575894,0.066193,11050,258743,0.02974,15336,834637,0.095933,8700223
1,2021-02-14,11786,1105970,5562,528638,6224,577332,0,0,6704,577612,0.06639,5051,263794,0.03032,6769,841406,0.096711,8700223
1,2021-02-15,23891,1129861,9381,538019,14510,591842,0,0,14539,583033,0.067014,9232,273026,0.031381,14653,856059,0.098395,8700223
1,2021-02-16,47151,1177012,22516,560535,24635,616477,0,0,27526,591129,0.067944,19542,292568,0.033628,27638,883697,0.101572,8700223
1,2021-02-17,48507,1225519,24572,585107,23935,640412,0,0,26120,595163,0.068408,22234,314802,0.036183,26268,909965,0.104591,8700223
1,2021-02-18,51144,1276663,25586,610693,25558,665970,0,0,26500,597492,0.068675,24402,339204,0.038988,26731,936696,0.107663,8700223
1,2021-02-19,46603,1323266,25279,635972,21324,687294,0,0,26097,603302,0.069343,20350,359554,0.041327,26160,962856,0.11067,8700223
1,2021-02-20,27630,1350896,16835,652807,10795,698089,0,0,15769,607348,0.069808,11800,371354,0.042683,15846,978702,0.112492,8700223
1,2021-02-21,12336,1363232,10620,663427,1716,699805,0,0,7425,609972,0.07011,4851,376205,0.043241,7475,986177,0.113351,8700223
1,2021-02-22,31552,1394784,20780,684207,10772,710577,0,0,18149,614914,0.070678,13308,389513,0.04477,18250,1004427,0.115448,8700223
1,2021-02-23,45687,1440471,22126,706333,23561,734138,0,0,25072,620025,0.071265,20323,409836,0.047106,25434,1029861,0.118372,8700223
1,2021-02-24,55744,1496215,26919,733252,28825,762963,0,0,30659,626257,0.071982,24879,434715,0.049966,31111,1060972,0.121948,8700223
1,2021-02-25,68356,1564571,33190,766442,35166,798129,0,0,42244,643058,0.073913,25943,460658,0.052948,42744,1103716,0.126861,8700223
1,2021-02-26,76293,1640864,35775,802217,40518,838647,0,0,49847,667172,0.076684,26208,486866,0.05596,50322,1154038,0.132645,8700223
1,2021-02-27,52535,1693399,24128,826345,28398,867045,9,9,34450,683957,0.078614,17940,504806,0.058022,34725,1188763,0.136636,8700223
1,2021-02-28,20114,1713513,11939,838284,8173,875218,2,11,14747,693565,0.079718,5281,510087,0.058629,14889,1203652,0.138347,8700223
1,2021-03-01,45557,1759070,21081,859365,24432,899650,44,55,29236,706940,0.081255,16143,526230,0.060485,29518,1233170,0.14174,8700223
1,2021-03-02,63430,1822500,27513,886878,35909,935559,8,63,40503,725316,0.083368,22753,548983,0.0631,41129,1274299,0.146467,8700223
1,2021-03-03,70409,1892909,33725,920603,36658,972217,26,89,43096,741879,0.085271,27152,576135,0.066221,43715,1318014,0.151492,8700223
1,2021-03-04,78647,1971556,37159,957762,41452,1013669,36,125,50750,765466,0.087982,27710,603845,0.069406,51297,1369311,0.157388,8700223
1,2021-03-05,77883,2049439,35292,993054,42384,1056053,207,332,52154,792971,0.091144,25481,629326,0.072334,52986,1422297,0.163478,8700223
1,2021-03-06,57481,2106920,27488,1020542,28641,1084694,1352,1684,39098,815477,0.093731,18304,647630,0.074438,40810,1463107,0.168169,8700223
1,2021-03-07,20933,2127853,13025,1033567,6718,1091412,1190,2874,15496,827005,0.095056,5411,653041,0.07506,16939,1480046,0.170116,8700223
1,2021-03-08,45962,2173815,22469,1056036,21535,1112947,1958,4832,32201,847844,0.097451,13656,666697,0.07663,34495,1514541,0.174081,8700223
1,2021-03-09,66656,2240471,32247,1088283,31906,1144853,2503,7335,40992,866167,0.099557,25510,692207,0.079562,43833,1558374,0.179119,8700223
1,2021-03-10,73616,2314087,36669,1124952,32462,1177315,4485,11820,45302,888118,0.10208,28202,720409,0.082804,50153,1608527,0.184883,8700223
1,2021-03-11,90085,2404172,41396,1166348,40684,1217999,8005,19825,52438,911600,0.104779,37414,757823,0.087104,60896,1669423,0.191883,8700223
1,2021-03-12,98829,2503001,43556,1209904,42863,1260862,12410,32235,57742,941328,0.108196,40876,798699,0.091802,70604,1740027,0.199998,8700223
1,2021-03-13,65279,2568280,29532,1239436,28076,1288938,7671,39906,41641,967455,0.111199,23505,822204,0.094504,49632,1789659,0.205703,8700223
1,2021-03-14,27884,2596164,14911,1254347,9403,1298341,3570,43476,15620,974641,0.112025,12193,834397,0.095905,19379,1809038,0.20793,8700223
1,2021-03-15,65222,2661386,28764,1283111,29708,1328049,6750,50226,38344,993436,0.114185,26657,861054,0.098969,45452,1854490,0.213154,8700223
1,2021-03-16,85776,2747162,39108,1322219,41026,1369075,5642,55868,53176,1020244,0.117266,32371,893425,0.10269,59179,1913669,0.219956,8700223
1,2021-03-17,92939,2840101,45326,1367545,41072,1410147,6541,62409,59727,1053891,0.121134,32981,926406,0.106481,66628,1980297,0.227615,8700223
1,2021-03-18,98694,2938795,50868,1418413,42107,1452254,5719,68128,59693,1081147,0.124267,38644,965050,0.110922,65900,2046197,0.235189,8700223
1,2021-03-19,103596,3042391,53646,1472059,43651,1495905,6299,74427,60559,1105781,0.127098,42743,1007793,0.115835,67377,2113574,0.242933,8700223
1,2021-03-20,72490,3114881,37282,1509341,29994,1525899,5214,79641,46515,1132004,0.130112,25787,1033580,0.118799,52010,2165584,0.248911,8700223
1,2021-03-21,27240,3142121,19022,1528363,6409,1532308,1809,81450,16958,1140679,0.131109,10187,1043767,0.11997,18862,2184446,0.251079,8700223
1,2021-03-22,59188,3201309,30577,1558940,25323,1557631,3288,84738,39906,1165191,0.133927,19056,1062823,0.12216,43568,2228014,0.256087,8700223
1,2021-03-23,83064,3284373,42284,1601224,37160,1594791,3620,88358,51143,1188737,0.136633,31674,1094497,0.125801,55220,2283234,0.262434,8700223
1,2021-03-24,87911,3372284,44514,1645738,39055,1633846,4342,92700,52545,1210716,0.139159,35076,1129573,0.129833,57055,2340289,0.268992,8700223
1,2021-03-25,96708,3468992,49456,1695194,41429,1675275,5823,98523,53672,1227716,0.141113,42703,1172276,0.134741,59703,2399992,0.275854,8700223
1,2021-03-26,104435,3573427,50945,1746139,47177,1722452,6313,104836,55902,1242061,0.142762,48165,1220441,0.140277,62510,2462502,0.283039,8700223
1,2021-03-27,73966,3647393,38226,1784365,31529,1753981,4211,109047,37965,1248666,0.143521,35771,1256212,0.144388,42376,2504878,0.28791,8700223
1,2021-03-28,32684,3680077,21401,1805766,10066,1764047,1217,110264,16369,1250495,0.143731,16206,1272418,0.146251,18035,2522913,0.289983,8700223
1,2021-03-29,67163,3747240,33366,1839132,30637,1794684,3160,113424,36971,1260849,0.144921,29980,1302398,0.149697,40334,2563247,0.294619,8700223
1,2021-03-30,91993,3839233,45321,1884453,40300,1834984,6372,119796,47220,1269960,0.145969,44565,1346963,0.154819,53676,2616923,0.300788,8700223
1,2021-03-31,100842,3940075,52659,1937112,41988,1876972,6195,125991,55290,1286275,0.147844,45231,1392194,0.160018,61546,2678469,0.307862,8700223
1,2021-04-01,111939,4052014,53578,1990690,49571,1926543,8790,134781,57021,1297647,0.149151,54484,1446678,0.166281,65856,2744325,0.315432,8700223
1,2021-04-02,111290,4163304,50925,2041615,50666,1977209,9699,144480,56465,1309618,0.150527,54395,1501073,0.172533,66366,2810691,0.32306,8700223
1,2021-04-03,78040,4241344,39299,2080914,29104,2006313,9637,154117,36499,1314460,0.151083,41354,1542427,0.177286,46196,2856887,0.328369,8700223
1,2021-04-04,23772,4265116,11829,2092743,8479,2014792,3464,157581,9949,1314107,0.151043,13756,1556183,0.178867,13403,2870290,0.32991,8700223
1,2021-04-05,76342,4341458,36658,2129401,30369,2045161,9315,166896,34219,1315885,0.151247,41918,1598101,0.183685,43696,2913986,0.334932,8700223
1,2021-04-06,103652,4445110,49244,2178645,37817,2082978,16591,183487,46757,1322668,0.152027,56596,1654697,0.19019,63379,2977365,0.342217,8700223
1,2021-04-07,111868,4556978,54389,2233034,39932,2122910,17547,201034,50382,1329439,0.152805,61182,1715879,0.197222,67953,3045318,0.350028,8700223
1,2021-04-08,122391,4679369,57980,2291014,43430,2166340,20981,222015,54071,1336653,0.153634,67900,1783779,0.205027,75114,3120432,0.358661,8700223
1,2021-04-09,123619,4802988,56478,2347492,46315,2212655,20826,242841,54247,1342762,0.154337,69010,1852789,0.212959,75119,3195551,0.367295,8700223
1,2021-04-10,95739,4898727,42540,2390032,30493,2243148,22706,265547,37394,1344696,0.154559,58132,1910921,0.21964,60066,3255617,0.374199,8700223
1,2021-04-11,36542,4935269,20357,2410389,9417,2252565,6768,272315,14819,1344723,0.154562,21661,1932582,0.22213,21688,3277305,0.376692,8700223
1,2021-04-12,74368,5009637,33251,2443640,31130,2283695,9987,282302,31496,1343775,0.154453,42579,1975161,0.227024,41631,3318936,0.381477,8700223
1,2021-04-13,97319,5106956,52116,2495756,44864,2328559,339,282641,52492,1352421,0.155447,44531,2019692,0.232143,53177,3372113,0.387589,8700223
1,2021-04-14,104973,5211929,54406,2550162,50494,2379053,73,282714,53425,1355116,0.155756,51175,2070867,0.238025,53870,3425983,0.393781,8700223
1,2021-04-15,106171,5318100,57761,2607923,48321,2427374,89,282803,56669,1363134,0.156678,48915,2119782,0.243647,56933,3482916,0.400325,8700223
1,2021-04-16,110793,5428893,56830,2664753,53875,2481249,88,282891,55452,1364050,0.156783,54808,2174590,0.249946,55724,3538640,0.40673,8700223
1,2021-04-17,83418,5512311,45300,2710053,38107,2519356,11,282902,46708,1374459,0.15798,36472,2211062,0.254139,46881,3585521,0.412118,8700223
1,2021-04-18,30269,5542580,20445,2730498,9817,2529173,7,282909,15277,1375041,0.158047,14904,2225966,0.255852,15486,3601007,0.413898,8700223
1,2021-04-19,67200,5609780,34052,2764550,33135,2562308,13,282922,30500,1369339,0.157391,36343,2262309,0.260029,30641,3631648,0.41742,8700223
1,2021-04-20,88637,5698417,44690,2809240,43925,2606233,22,282944,41781,1364843,0.156874,46503,2308812,0.265374,42007,3673655,0.422248,8700223
1,2021-04-21,97766,5796183,51021,2860261,46644,2652877,101,283045,43943,1355862,0.155842,53259,2362071,0.271495,44278,3717933,0.427338,8700223
1,2021-04-22,97482,5893665,50947,2911208,46518,2699395,17,283062,44848,1348826,0.155033,52119,2414190,0.277486,45083,3763016,0.432519,8700223
1,2021-04-23,102396,5996061,52921,2964129,49448,2748843,27,283089,49102,1345400,0.15464,52782,2466972,0.283553,49356,3812372,0.438192,8700223
1,2021-04-24,76308,6072369,47331,3011460,28951,2777794,26,283115,43231,1355974,0.155855,32938,2499910,0.287339,43512,3855884,0.443194,8700223
1,2021-04-25,27295,6099664,17401,3028861,9880,2787674,14,283129,15639,1360226,0.156344,11541,2511451,0.288665,15793,3871677,0.445009,8700223
1,2021-04-26,66258,6165922,34752,3063613,31105,2818779,401,283530,31730,1358475,0.156143,34220,2545671,0.292598,32469,3904146,0.448741,8700223
1,2021-04-27,81602,6247524,43411,3107024,36887,2855666,1304,284834,35697,1350207,0.155192,45610,2591281,0.297841,37342,3941488,0.453033,8700223
1,2021-04-28,81302,6328826,43251,3150275,36552,2892218,1499,286333,35915,1342816,0.154343,45036,2636317,0.303017,37645,3979133,0.45736,8700223
1,2021-04-29,84412,6413238,46435,3196710,36361,2928579,1616,287949,34805,1330157,0.152888,49244,2685561,0.308677,36585,4015718,0.461565,8700223
1,2021-04-30,92123,6505361,49985,3246695,40270,2968849,1868,289817,38909,1318228,0.151517,52876,2738437,0.314755,40947,4056665,0.466271,8700223
1,2021-05-01,62607,6567968,40421,3287116,20772,2989621,1414,291231,26420,1310345,0.150611,35934,2774371,0.318885,28051,4084716,0.469496,8700223
1,2021-05-02,23316,6591284,16495,3303611,6245,2995866,576,291807,9440,1306620,0.150182,13769,2788140,0.320468,10044,4094760,0.47065,8700223
1,2021-05-03,55894,6647178,30966,3334577,23096,3018962,1832,293639,20651,1294158,0.14875,35001,2823141,0.324491,22539,4117299,0.473241,8700223
1,2021-05-04,75205,6722383,43282,3377859,29836,3048798,2087,295726,27325,1276077,0.146672,47578,2870719,0.329959,29497,4146796,0.476631,8700223
1,2021-05-05,77487,6799870,44900,3422759,30303,3079101,2284,298010,26458,1254209,0.144158,50693,2921412,0.335786,28825,4175621,0.479944,8700223
1,2021-05-06,78684,6878554,47633,3470392,28890,3107991,2161,300171,24721,1227656,0.141106,53591,2975003,0.341946,27038,4202659,0.483052,8700223
1,2021-05-07,82590,6961144,46957,3517349,33447,3141438,2186,302357,27769,1203288,0.138305,54389,3029392,0.348197,30021,4232680,0.486502,8700223
1,2021-05-08,56737,7017881,35585,3552934,19521,3160959,1631,303988,19413,1187432,0.136483,36992,3066384,0.352449,21136,4253816,0.488932,8700223
1,2021-05-09,18206,7036087,13068,3566002,4659,3165618,479,304467,5562,1180940,0.135737,12567,3078951,0.353893,6075,4259891,0.48963,8700223
1,2021-05-10,43820,7079907,22093,3588095,19922,3185540,1805,306272,14829,1168940,0.134357,28726,3107677,0.357195,16726,4276617,0.491553,8700223
1,2021-05-11,61842,7141749,33496,3621591,26196,3211736,2150,308422,20484,1150599,0.132249,41093,3148770,0.361918,22752,4299369,0.494168,8700223
1,2021-05-12,62370,7204119,33163,3654754,27154,3238890,2053,310475,20468,1131604,0.130066,41584,3190354,0.366698,22589,4321958,0.496764,8700223
1,2021-05-13,66367,7270486,38896,3693650,25483,3264373,1988,312463,25259,1118401,0.128549,40728,3231082,0.371379,27525,4349483,0.499928,8700223
1,2021-05-14,75941,7346427,45795,3739445,27758,3292131,2388,314851,30707,1106938,0.127231,44837,3275919,0.376533,33374,4382857,0.503764,8700223
1,2021-05-15,66094,7412521,43330,3782775,21012,3313143,1752,316603,26297,1095554,0.125923,39499,3315418,0.381073,28115,4410972,0.506995,8700223
1,2021-05-16,24932,7437453,18366,3801141,5946,3319089,620,317223,10186,1091773,0.125488,14633,3330051,0.382755,10852,4421824,0.508243,8700223
1,2021-05-17,53994,7491447,33012,3834153,19216,3338305,1766,318989,22905,1085672,0.124787,30830,3360881,0.386298,24729,4446553,0.511085,8700223
1,2021-05-18,64822,7556269,39064,3873217,23930,3362235,1828,320817,28121,1079278,0.124052,36428,3397309,0.390485,30034,4476587,0.514537,8700223
1,2021-05-19,66188,7622457,40302,3913519,23964,3386199,1922,322739,29563,1074506,0.123503,36343,3433652,0.394663,31571,4508158,0.518166,8700223
1,2021-05-20,64402,7686859,37339,3950858,24857,3411056,2206,324945,26506,1065872,0.122511,37551,3471203,0.398979,28917,4537075,0.52149,8700223
1,2021-05-21,69813,7756672,41748,3992606,26224,3437280,1841,326786,28828,1056059,0.121383,40578,3511781,0.403643,30765,4567840,0.525026,8700223
1,2021-05-22,55847,7812519,36701,4029307,17427,3454707,1719,328505,24327,1050944,0.120795,31258,3543039,0.407235,26143,4593983,0.52803,8700223
1,2021-05-23,20475,7832994,14308,4043615,5581,3460288,586,329091,9494,1050170,0.120706,10877,3553916,0.408486,10103,4604086,0.529192,8700223
1,2021-05-24,43692,7876686,24358,4067973,17502,3477790,1832,330923,17700,1044040,0.120002,25744,3579660,0.411445,19614,4623700,0.531446,8700223
1,2021-05-25,50769,7927455,29222,4097195,19856,3497646,1691,332614,21079,1037501,0.11925,29410,3609070,0.414825,22871,4646571,0.534075,8700223
1,2021-05-26,48385,7975840,27427,4124622,19070,3516716,1888,334502,20500,1032352,0.118658,27586,3636656,0.417996,22437,4669008,0.536654,8700223
1,2021-05-27,46951,8022791,26346,4150968,18698,3535414,1907,336409,20168,1028045,0.118163,26499,3663155,0.421042,22192,4691200,0.539205,8700223
1,2021-05-28,52277,8075068,29119,4180087,21335,3556749,1823,338232,23393,1024828,0.117793,28559,3691714,0.424324,25342,4716542,0.542117,8700223
1,2021-05-29,30624,8105692,18550,4198637,11113,3567862,961,339193,14633,1024640,0.117772,15836,3707550,0.426144,15648,4732190,0.543916,8700223
1,2021-05-30,11669,8117361,7527,4206164,3587,3571449,555,339748,5531,1024684,0.117777,6066,3713616,0.426841,6110,4738300,0.544618,8700223
1,2021-05-31,5722,8123083,3254,4209418,2214,3573663,254,340002,1997,1023279,0.117615,3669,3717285,0.427263,2264,4740564,0.544878,8700223
1,2021-06-01,45782,8168865,25881,4235299,18334,3591997,1567,341569,17380,1014219,0.116574,28080,3745365,0.430491,19020,4759584,0.547065,8700223
1,2021-06-02,39927,8208792,23155,4258454,15264,3607261,1508,343077,16116,1008395,0.115905,23517,3768882,0.433194,17693,4777277,0.549098,8700223
1,2021-06-03,41280,8250072,25857,4284311,13742,3621003,1681,344758,15810,1000795,0.115031,25165,3794047,0.436086,17565,4794842,0.551117,8700223
1,2021-06-04,50107,8300179,32045,4316356,16253,3637256,1809,346567,17961,988852,0.113658,31792,3825839,0.43974,19849,4814691,0.553399,8700223
1,2021-06-05,40289,8340468,27495,4343851,10796,3648052,1998,348565,14230,979292,0.112559,25841,3851680,0.44271,16281,4830972,0.55527,8700223
1,2021-06-06,13194,8353662,10555,4354406,2126,3650178,513,349078,4592,975937,0.112174,8519,3860199,0.44369,5164,4836136,0.555863,8700223
1,2021-06-07,33970,8387632,23414,4377820,9210,3659388,1346,350424,12113,967800,0.111239,21648,3881847,0.446178,13511,4849647,0.557416,8700223
1,2021-06-08,42223,8429855,29230,4407050,11342,3670730,1651,352075,14742,957076,0.110006,27208,3909055,0.449305,16484,4866131,0.559311,8700223
1,2021-06-09,42155,8472010,29246,4436296,11264,3681994,1645,353720,13766,944463,0.108556,28082,3937137,0.452533,15469,4881600,0.561089,8700223
1,2021-06-10,39090,8511100,26328,4462624,11063,3693057,1699,355419,13381,934190,0.107375,25458,3962595,0.455459,15185,4896785,0.562834,8700223
1,2021-06-11,43959,8555059,29176,4491800,13101,3706158,1682,357101,15688,923670,0.106166,27968,3990563,0.458674,17448,4914233,0.56484,8700223
1,2021-06-12,33700,8588759,24388,4516188,8113,3714271,1199,358300,11110,913676,0.105018,22373,4012936,0.461245,12379,4926612,0.566263,8700223
1,2021-06-13,11618,8600377,8437,4524625,2701,3716972,480,358780,3381,909402,0.104526,8168,4021104,0.462184,3894,4930506,0.56671,8700223
1,2021-06-14,30909,8631286,20814,4545439,8792,3725764,1303,360083,11589,903201,0.103814,19124,4040228,0.464382,12923,4943429,0.568196,8700223
1,2021-06-15,37203,8668489,24399,4569838,10953,3736717,1851,361934,13793,895798,0.102963,23141,4063369,0.467042,15738,4959167,0.570005,8700223
1,2021-06-16,35380,8703869,23881,4593719,9667,3746384,1832,363766,13254,889078,0.10219,21865,4085234,0.469555,15145,4974312,0.571745,8700223
1,2021-06-17,33525,8737394,22168,4615887,9413,3755797,1944,365710,13091,884014,0.101608,20197,4105431,0.471877,15133,4989445,0.573485,8700223
1,2021-06-18,39546,8776940,25672,4641559,11018,3766815,2856,368566,15392,878449,0.100969,23874,4129305,0.474621,18309,5007754,0.575589,8700223
1,2021-06-19,23914,8800854,16592,4658151,6122,3772937,1200,369766,9791,875515,0.100631,13955,4143260,0.476225,11021,5018775,0.576856,8700223
1,2021-06-20,8152,8809006,5970,4664121,1906,3774843,276,370042,3241,874196,0.10048,4847,4148107,0.476782,3528,5022303,0.577261,8700223
1,2021-06-21,20934,8829940,11849,4675970,6905,3781748,2180,372222,10919,877447,0.100853,9900,4158007,0.47792,13151,5035454,0.578773,8700223
1,2021-06-22,30767,8860707,20088,4696058,8540,3790288,2139,374361,12913,874929,0.100564,17642,4175649,0.479947,15124,5050578,0.580511,8700223
1,2021-06-23,29327,8890034,19683,4715741,7826,3798114,1818,376179,12812,873282,0.100375,16301,4191950,0.481821,14654,5065232,0.582196,8700223
1,2021-06-24,28286,8918320,18851,4734592,7780,3805894,1655,377834,12023,870968,0.100109,16059,4208009,0.483667,13745,5078977,0.583775,8700223
1,2021-06-25,31628,8949948,21454,4756046,8782,3814676,1392,379226,13924,868875,0.099868,17464,4225473,0.485674,15371,5094348,0.585542,8700223
1,2021-06-26,22196,8972144,16468,4772514,4904,3819580,824,380050,9691,867052,0.099659,12387,4237860,0.487098,10564,5104912,0.586756,8700223
1,2021-06-27,9140,8981284,6798,4779312,1910,3821490,432,380482,4055,866535,0.099599,5020,4242880,0.487675,4503,5109415,0.587274,8700223
1,2021-06-28,21071,9002355,15646,4794958,4175,3825665,1250,381732,9757,866468,0.099591,11126,4254006,0.488954,11059,5120474,0.588545,8700223
1,2021-06-29,26512,9028867,18144,4813102,7001,3832666,1367,383099,11675,864908,0.099412,14662,4268668,0.490639,13102,5133576,0.590051,8700223
1,2021-06-30,25739,9054606,17834,4830936,6858,3839524,1047,384146,12206,864917,0.099413,13319,4281987,0.49217,13328,5146904,0.591583,8700223
1,2021-07-01,23527,9078133,16386,4847322,5881,3845405,1260,385406,10879,864634,0.099381,12503,4294490,0.493607,12220,5159124,0.592988,8700223
1,2021-07-02,26273,9104406,18045,4865367,7200,3852605,1028,386434,12296,864252,0.099337,13789,4308279,0.495192,13407,5172531,0.594529,8700223
1,2021-07-03,14550,9118956,10171,4875538,3940,3856545,439,386873,6907,864118,0.099321,7514,4315793,0.496055,7380,5179911,0.595377,8700223
1,2021-07-04,1262,9120218,708,4876246,489,3857034,65,386938,608,864151,0.099325,646,4316439,0.49613,679,5180590,0.595455,8700223
1,2021-07-05,10997,9131215,7579,4883825,3055,3860089,363,387301,5221,864072,0.099316,5708,4322147,0.496786,5629,5186219,0.596102,8700223
1,2021-07-06,27013,9158228,19086,4902911,6799,3866888,1128,388429,10768,860010,0.098849,16060,4338207,0.498632,11998,5198217,0.597481,8700223
1,2021-07-07,23498,9181726,16473,4919384,5912,3872800,1113,389542,10112,858120,0.098632,13203,4351410,0.500149,11313,5209530,0.598781,8700223
1,2021-07-08,22216,9203942,15354,4934738,5890,3878690,972,390514,9662,856422,0.098437,12423,4363833,0.501577,10725,5220255,0.600014,8700223
1,2021-07-09,26169,9230111,18596,4953334,6601,3885291,972,391486,11918,855299,0.098308,14080,4377913,0.503195,12957,5233212,0.601503,8700223
1,2021-07-10,17160,9247271,12431,4965765,4102,3889393,627,392113,7713,854362,0.0982,9328,4387241,0.504268,8391,5241603,0.602468,8700223
1,2021-07-11,6705,9253976,4899,4970664,1615,3891008,191,392304,3234,854384,0.098203,3421,4390662,0.504661,3443,5245046,0.602863,8700223
1,2021-07-12,19731,9273707,14222,4984886,4723,3895731,786,393090,8809,853284,0.098076,10793,4401455,0.505901,9693,5254739,0.603978,8700223
1,2021-07-13,21728,9295435,15227,5000113,5812,3901543,689,393779,10240,852951,0.098038,11351,4412806,0.507206,11018,5265757,0.605244,8700223
1,2021-07-14,21706,9317141,14921,5015034,5876,3907419,909,394688,9792,852010,0.09793,11758,4424564,0.508558,10817,5276574,0.606487,8700223
1,2021-07-15,21036,9338177,14963,5029997,5407,3912826,666,395354,10104,852087,0.097939,10797,4435361,0.509799,10874,5287448,0.607737,8700223
1,2021-07-16,25847,9364024,18122,5048119,6862,3919688,863,396217,12782,852915,0.098034,12907,4448268,0.511282,13735,5301183,0.609316,8700223
1,2021-07-17,17606,9381630,12616,5060735,4346,3924034,644,396861,8639,853383,0.098087,8849,4457117,0.512299,9317,5310500,0.610387,8700223
1,2021-07-18,7092,9388722,5284,5066019,1549,3925583,259,397120,3650,853926,0.09815,3384,4460501,0.512688,3927,5314427,0.610838,8700223
1,2021-07-19,20218,9408940,14645,5080664,4811,3930394,762,397882,10190,855079,0.098282,9905,4470406,0.513827,11058,5325485,0.612109,8700223
1,2021-07-20,23753,9432693,16445,5097109,6524,3936918,784,398666,12248,856879,0.098489,11329,4481735,0.515129,13129,5338614,0.613618,8700223
1,2021-07-21,23501,9456194,16584,5113693,5824,3942742,1093,399759,12061,858837,0.098714,11301,4493036,0.516428,13259,5351873,0.615142,8700223
1,2021-07-22,15660,9471854,10953,5124646,4131,3946873,576,400335,8507,860954,0.098958,7034,4500070,0.517236,9151,5361024,0.616194,8700223
2,2020-12-15,247,247,247,247,0,0,0,0,247,247,2.9e-05,0,0,0.0,247,247,2.9e-05,8407551
2,2020-12-16,2119,2366,2119,2366,0,0,0,0,2118,2365,0.000281,0,0,0.0,2118,2365,0.000281,8407551
2,2020-12-17,6932,9298,6932,9298,0,0,0,0,6933,9298,0.001106,0,0,0.0,6933,9298,0.001106,8407551
2,2020-12-18,11098,20396,11078,20376,20,20,0,0,11098,20396,0.002426,0,0,0.0,11098,20396,0.002426,8407551
2,2020-12-19,5631,26027,5625,26001,6,26,0,0,5632,26028,0.003096,0,0,0.0,5632,26028,0.003096,8407551
2,2020-12-20,4258,30285,4247,30248,11,37,0,0,4253,30280,0.003602,1,1,0.0,4253,30281,0.003602,8407551
2,2020-12-21,12796,43081,12768,43016,28,65,0,0,12751,43031,0.005118,0,1,0.0,12751,43032,0.005118,8407551
2,2020-12-22,12159,55240,11641,54657,518,583,0,0,12157,55188,0.006564,0,1,0.0,12157,55189,0.006564,8407551
2,2020-12-23,11727,66967,9505,64162,2222,2805,0,0,11729,66917,0.007959,1,2,0.0,11730,66919,0.007959,8407551
2,2020-12-24,5909,72876,3495,67657,2414,5219,0,0,5905,72821,0.008661,3,5,1e-06,5907,72826,0.008662,8407551
2,2020-12-25,486,73362,407,68064,79,5298,0,0,488,73309,0.008719,0,5,1e-06,488,73314,0.00872,8407551
2,2020-12-26,2559,75921,1663,69727,896,6194,0,0,2560,75868,0.009024,1,6,1e-06,2560,75874,0.009025,8407551
2,2020-12-27,2231,78152,1212,70939,1019,7213,0,0,2228,78094,0.009289,2,8,1e-06,2228,78102,0.00929,8407551
2,2020-12-28,11025,89177,7168,78107,3857,11070,0,0,11025,89118,0.0106,1,9,1e-06,11025,89127,0.010601,8407551
2,2020-12-29,12730,101907,7158,85265,5572,16642,0,0,12734,101852,0.012114,0,9,1e-06,12734,101861,0.012115,8407551
2,2020-12-30,15455,117362,8672,93937,6783,23425,0,0,15449,117298,0.013952,5,14,2e-06,15451,117312,0.013953,8407551
2,2020-12-31,7583,124945,2831,96768,4752,28177,0,0,7576,124869,0.014852,5,19,2e-06,7576,124888,0.014854,8407551
2,2021-01-01,1233,126178,612,97380,621,28798,0,0,1232,126097,0.014998,4,23,3e-06,1232,126120,0.015001,8407551
2,2021-01-02,4857,131035,2769,100149,2088,30886,0,0,4852,130947,0.015575,2,25,3e-06,4852,130972,0.015578,8407551
2,2021-01-03,1412,132447,795,100944,617,31503,0,0,1404,132347,0.015741,4,29,3e-06,1404,132376,0.015745,8407551
2,2021-01-04,11686,144133,5562,106506,6124,37627,0,0,11676,144020,0.01713,3,32,4e-06,11676,144052,0.017134,8407551
2,2021-01-05,13897,158030,6950,113456,6947,44574,0,0,12675,155517,0.018497,1213,1245,0.000148,12710,156762,0.018645,8407551
2,2021-01-06,19037,177067,10499,123955,8538,53112,0,0,15207,166964,0.019859,3771,5016,0.000597,15218,171980,0.020455,8407551
2,2021-01-07,23303,200370,13150,137105,10153,63265,0,0,15602,174878,0.0208,7704,12720,0.001513,15618,187598,0.022313,8407551
2,2021-01-08,26907,227277,16258,153363,10649,73914,0,0,16577,181206,0.021553,10273,22993,0.002735,16601,204199,0.024288,8407551
2,2021-01-09,9869,237146,5777,159140,4092,78006,0,0,6282,183917,0.021875,3578,26571,0.00316,6289,210488,0.025036,8407551
2,2021-01-10,5311,242457,2971,162111,2340,80346,0,0,3041,184694,0.021968,2270,28841,0.00343,3047,213535,0.025398,8407551
2,2021-01-11,26072,268529,18019,180130,8053,88399,0,0,14964,188603,0.022433,11105,39946,0.004751,15014,228549,0.027184,8407551
2,2021-01-12,26383,294912,16390,196520,9993,98392,0,0,16770,195841,0.023293,9615,49561,0.005895,16853,245402,0.029188,8407551
2,2021-01-13,28583,323495,15158,211678,13425,111817,0,0,20572,208449,0.024793,7993,57554,0.006846,20601,266003,0.031639,8407551
2,2021-01-14,30591,354086,11658,223336,18933,130750,0,0,26290,230508,0.027417,4306,61860,0.007358,26365,292368,0.034774,8407551
2,2021-01-15,35092,389178,12686,236022,22406,153156,0,0,31799,259112,0.030819,3286,65146,0.007749,31890,324258,0.038567,8407551
2,2021-01-16,18116,407294,5994,242016,12122,165278,0,0,16778,274549,0.032655,1353,66499,0.007909,16790,341048,0.040564,8407551
2,2021-01-17,10541,417835,3550,245566,6991,172269,0,0,9808,283619,0.033734,747,67246,0.007998,9817,350865,0.041732,8407551
2,2021-01-18,19749,437584,11037,256603,8712,180981,0,0,14935,293783,0.034943,4832,72078,0.008573,14996,365861,0.043516,8407551
2,2021-01-19,32616,470200,16940,273543,15676,196657,0,0,24578,310439,0.036924,8035,80113,0.009529,24691,390552,0.046453,8407551
2,2021-01-20,37627,507827,18979,292522,18648,215305,0,0,29003,330941,0.039362,8592,88705,0.010551,29094,419646,0.049913,8407551
2,2021-01-21,41012,548839,17428,309950,23584,238889,0,0,36497,363131,0.043191,4483,93188,0.011084,36673,456319,0.054275,8407551
2,2021-01-22,39625,588464,16559,326509,23066,261955,0,0,36271,396056,0.047107,3373,96561,0.011485,36298,492617,0.058592,8407551
2,2021-01-23,24132,612596,10786,337295,13346,275301,0,0,21154,414283,0.049275,2957,99518,0.011837,21184,513801,0.061112,8407551
2,2021-01-24,12439,625035,6099,343394,6340,281641,0,0,11520,424913,0.050539,903,100421,0.011944,11533,525334,0.062484,8407551
2,2021-01-25,33908,658943,15612,359006,18296,299937,0,0,25064,441323,0.052491,8793,109214,0.01299,25203,550537,0.065481,8407551
2,2021-01-26,40398,699341,19788,378794,20610,320547,0,0,31161,463357,0.055112,9212,118426,0.014086,31246,581783,0.069198,8407551
2,2021-01-27,45654,744995,22661,401455,22993,343540,0,0,35311,488515,0.058104,10215,128641,0.015301,35373,617156,0.073405,8407551
2,2021-01-28,47923,792918,22404,423859,25519,369059,0,0,39162,519057,0.061737,8694,137335,0.016335,39236,656392,0.078072,8407551
2,2021-01-29,45597,838515,22008,445867,23589,392648,0,0,36830,547310,0.065097,8642,145977,0.017363,36895,693287,0.08246,8407551
2,2021-01-30,31290,869805,13346,459213,17944,410592,0,0,27884,571857,0.068017,3368,149345,0.017763,27915,721202,0.08578,8407551
2,2021-01-31,17129,886934,10179,469392,6950,417542,0,0,15919,586607,0.069771,1190,150535,0.017905,15940,737142,0.087676,8407551
2,2021-02-01,41087,928021,19707,489099,21380,438922,0,0,29940,605497,0.072018,11089,161624,0.019224,29979,767121,0.091242,8407551
2,2021-02-02,47900,975921,19464,508563,28436,467358,0,0,36357,630487,0.074991,11461,173085,0.020587,36451,803572,0.095577,8407551
2,2021-02-03,54024,1029945,23809,532372,30215,497573,0,0,39767,656195,0.078048,14154,187239,0.02227,39862,843434,0.100319,8407551
2,2021-02-04,56184,1086129,24128,556500,32056,529629,0,0,40934,682087,0.081128,15142,202381,0.024071,41034,884468,0.105199,8407551
2,2021-02-05,60064,1146193,26208,582708,33856,563485,0,0,40522,703459,0.08367,19335,221716,0.026371,40707,925175,0.110041,8407551
2,2021-02-06,39327,1185520,18343,601051,20984,584469,0,0,31340,726981,0.086468,7912,229628,0.027312,31434,956609,0.11378,8407551
2,2021-02-07,15713,1201233,10435,611486,5278,589747,0,0,11938,735242,0.08745,3746,233374,0.027758,12007,968616,0.115208,8407551
2,2021-02-08,42989,1244222,21805,633291,21184,610931,0,0,29403,751413,0.089374,13441,246815,0.029356,29612,998228,0.11873,8407551
2,2021-02-09,49505,1293727,23331,656622,26174,637105,0,0,30575,763691,0.090834,18641,265456,0.031574,30919,1029147,0.122407,8407551
2,2021-02-10,59566,1353293,27862,684484,31704,668809,0,0,34349,773462,0.091996,24932,290388,0.034539,34703,1063850,0.126535,8407551
2,2021-02-11,64248,1417541,29507,713991,34741,703550,0,0,35772,781617,0.092966,28115,318503,0.037883,36270,1100120,0.130849,8407551
2,2021-02-12,65570,1483111,28167,742158,37403,740953,0,0,34808,786631,0.093562,30451,348954,0.041505,35465,1135585,0.135067,8407551
2,2021-02-13,38116,1521227,15906,758064,22210,763163,0,0,21999,792991,0.094319,16017,364971,0.04341,22377,1157962,0.137729,8407551
2,2021-02-14,20122,1541349,9343,767407,10779,773942,0,0,11184,795650,0.094635,8888,373859,0.044467,11547,1169509,0.139102,8407551
2,2021-02-15,33233,1574582,14964,782371,18269,792211,0,0,18422,800256,0.095183,14673,388532,0.046212,19279,1188788,0.141395,8407551
2,2021-02-16,56491,1631073,27700,810071,28791,821002,0,0,29756,804061,0.095636,26619,415151,0.049378,30424,1219212,0.145014,8407551
2,2021-02-17,61816,1692889,31808,841879,30008,851010,0,0,30700,804569,0.095696,31017,446168,0.053068,31525,1250737,0.148764,8407551
2,2021-02-18,66444,1759333,33487,875366,32957,883967,0,0,32351,804241,0.095657,33831,479999,0.057091,33503,1284240,0.152748,8407551
2,2021-02-19,59808,1819141,33116,908482,26692,910659,0,0,29681,804597,0.095699,29930,509929,0.060651,30286,1314526,0.156351,8407551
2,2021-02-20,37800,1856941,24535,933017,13265,923924,0,0,20540,808660,0.096183,17155,527084,0.062692,21218,1335744,0.158874,8407551
2,2021-02-21,21704,1878645,17561,950578,4143,928067,0,0,10769,809385,0.096269,10846,537930,0.063982,11571,1347315,0.160251,8407551
2,2021-02-22,39403,1918048,26925,977503,12478,940545,0,0,18654,808118,0.096118,20595,558525,0.066431,19328,1366643,0.162549,8407551
2,2021-02-23,53740,1971788,27406,1004909,26334,966879,0,0,23560,803652,0.095587,29919,588444,0.06999,25453,1392096,0.165577,8407551
2,2021-02-24,71078,2042866,36610,1041519,34468,1001347,0,0,32583,800325,0.095191,38281,626725,0.074543,34954,1427050,0.169734,8407551
2,2021-02-25,77077,2119943,36418,1077937,40659,1042006,0,0,39123,804587,0.095698,37678,664403,0.079025,41940,1468990,0.174723,8407551
2,2021-02-26,85609,2205552,36680,1114617,48929,1090935,0,0,45994,813475,0.096755,39303,703706,0.083699,48191,1517181,0.180455,8407551
2,2021-02-27,62612,2268164,29121,1143738,33484,1124419,7,7,33916,820278,0.097564,28456,732162,0.087084,35259,1552440,0.184648,8407551
2,2021-02-28,30867,2299031,18500,1162238,12366,1136785,1,8,17947,826269,0.098277,12792,744954,0.088605,18783,1571223,0.186882,8407551
2,2021-03-01,58010,2357041,30262,1192500,27702,1164487,46,54,31698,833209,0.099102,25999,770953,0.091698,32939,1604162,0.1908,8407551
2,2021-03-02,69206,2426247,33168,1225668,36027,1200514,11,65,38814,844156,0.100405,30213,801166,0.095291,41160,1645322,0.195696,8407551
2,2021-03-03,80015,2506262,38716,1264384,41284,1241798,15,80,45375,857701,0.102016,34426,835592,0.099386,47971,1693293,0.201401,8407551
2,2021-03-04,88104,2594366,43256,1307640,44817,1286615,31,111,50910,874075,0.103963,36946,872538,0.10378,53320,1746613,0.207743,8407551
2,2021-03-05,82179,2676545,38649,1346289,43222,1329837,308,419,50224,895268,0.106484,31724,904262,0.107554,52917,1799530,0.214037,8407551
2,2021-03-06,62976,2739521,30800,1377089,30477,1360314,1699,2118,38739,913038,0.108597,24102,928364,0.11042,41872,1841402,0.219018,8407551
2,2021-03-07,28610,2768131,16251,1393340,10815,1371129,1544,3662,18141,923439,0.109834,10396,938760,0.111657,20797,1862199,0.221491,8407551
2,2021-03-08,50789,2818920,23300,1416640,24927,1396056,2562,6224,31922,940805,0.1119,18759,957519,0.113888,36125,1898324,0.225788,8407551
2,2021-03-09,70636,2889556,32166,1448806,34625,1430681,3845,10069,39090,953677,0.113431,31403,988922,0.117623,44275,1942599,0.231054,8407551
2,2021-03-10,78480,2968036,37129,1485935,34814,1465495,6537,16606,41666,966611,0.114969,36589,1025511,0.121975,49523,1992122,0.236944,8407551
2,2021-03-11,93304,3061340,43045,1528980,41888,1507383,8371,24977,48672,980744,0.11665,44310,1069821,0.127245,58443,2050565,0.243896,8407551
2,2021-03-12,94156,3155496,38718,1567698,43471,1550854,11967,36944,46841,993911,0.118216,47055,1116876,0.132842,60222,2110787,0.251058,8407551
2,2021-03-13,69275,3224771,28995,1596693,32293,1583147,7987,44931,38059,1010174,0.120151,31076,1147952,0.136538,47339,2158126,0.256689,8407551
2,2021-03-14,37042,3261813,18314,1615007,14204,1597351,4524,49455,18579,1015667,0.120804,18357,1166309,0.138722,23850,2181976,0.259526,8407551
2,2021-03-15,67491,3329304,30449,1645456,32027,1629378,5015,54470,37180,1028868,0.122374,30086,1196395,0.1423,43287,2225263,0.264674,8407551
2,2021-03-16,86397,3415701,38237,1683693,44133,1673511,4027,58497,52221,1052278,0.125159,33968,1230363,0.14634,57378,2282641,0.271499,8407551
2,2021-03-17,92937,3508638,44527,1728220,44223,1717734,4187,62684,58881,1082404,0.128742,33775,1264138,0.150357,63901,2346542,0.279099,8407551
2,2021-03-18,98226,3606864,46835,1775055,46796,1764530,4595,67279,59644,1108953,0.1319,38258,1302396,0.154908,64807,2411349,0.286808,8407551
2,2021-03-19,97585,3704449,46173,1821228,45285,1809815,6127,73406,57708,1133749,0.134849,39562,1341958,0.159613,64358,2475707,0.294462,8407551
2,2021-03-20,70020,3774469,33938,1855166,32114,1841929,3968,77374,45706,1159712,0.137937,24075,1366033,0.162477,50038,2525745,0.300414,8407551
2,2021-03-21,33444,3807913,21604,1876770,9844,1851773,1996,79370,19965,1168773,0.139015,13332,1379365,0.164063,22393,2548138,0.303077,8407551
2,2021-03-22,62924,3870837,34628,1911398,25662,1877435,2634,82004,41706,1193033,0.1419,20977,1400342,0.166558,45237,2593375,0.308458,8407551
2,2021-03-23,83745,3954582,44495,1955893,36335,1913770,2915,84919,52205,1217738,0.144839,31253,1431595,0.170275,55958,2649333,0.315114,8407551
2,2021-03-24,91645,4046227,49236,2005129,39240,1953010,3169,88088,53643,1237706,0.147214,37660,1469255,0.174754,57628,2706961,0.321968,8407551
2,2021-03-25,101258,4147485,51092,2056221,46266,1999276,3900,91988,57176,1255829,0.149369,43708,1512963,0.179953,61831,2768792,0.329322,8407551
2,2021-03-26,103364,4250849,51268,2107489,48600,2047876,3496,95484,56325,1270060,0.151062,46637,1559600,0.1855,60868,2829660,0.336562,8407551
2,2021-03-27,75606,4326455,37725,2145214,34583,2082459,3298,98782,37779,1274429,0.151581,37566,1597166,0.189968,41935,2871595,0.34155,8407551
2,2021-03-28,37697,4364152,23283,2168497,13603,2096062,811,99593,20073,1278671,0.152086,17492,1614658,0.192049,21734,2893329,0.344135,8407551
2,2021-03-29,71327,4435479,36243,2204740,32808,2128870,2276,101869,40492,1291719,0.153638,30618,1645276,0.19569,43666,2936995,0.349328,8407551
2,2021-03-30,91914,4527393,45013,2249753,42525,2171395,4376,106245,51598,1308197,0.155598,40102,1685378,0.20046,56580,2993575,0.356058,8407551
2,2021-03-31,101195,4628588,52134,2301887,43954,2215349,5107,111352,57408,1327588,0.157904,43469,1728847,0.20563,62860,3056435,0.363535,8407551
2,2021-04-01,117585,4746173,56813,2358700,51531,2266880,9241,120593,64034,1348134,0.160348,53140,1781987,0.211951,73686,3130121,0.372299,8407551
2,2021-04-02,111663,4857836,51438,2410138,50031,2316911,10194,130787,59921,1367370,0.162636,51346,1833333,0.218058,70582,3200703,0.380694,8407551
2,2021-04-03,76847,4934683,37737,2447875,29281,2346192,9829,140616,38057,1377059,0.163788,38579,1871912,0.222647,48268,3248971,0.386435,8407551
2,2021-04-04,29011,4963694,14926,2462801,10224,2356416,3861,144477,13015,1378075,0.163909,15888,1887800,0.224536,16904,3265875,0.388445,8407551
2,2021-04-05,79160,5042854,38796,2501597,31526,2387942,8838,153315,38177,1385038,0.164737,40797,1928597,0.229389,47760,3313635,0.394126,8407551
2,2021-04-06,103914,5146768,50597,2552194,38600,2426542,14717,168032,49179,1394881,0.165908,54447,1983044,0.235865,64290,3377925,0.401773,8407551
2,2021-04-07,110521,5257289,55126,2607320,39135,2465677,16260,184292,51976,1405143,0.167129,58244,2041288,0.242792,68506,3446431,0.409921,8407551
2,2021-04-08,119354,5376643,57448,2664768,43178,2508855,18728,203020,55349,1416158,0.168439,63631,2104919,0.250361,74646,3521077,0.418799,8407551
2,2021-04-09,118883,5495526,57246,2722014,43514,2552369,18123,221143,56212,1429041,0.169971,62289,2167208,0.257769,75172,3596249,0.42774,8407551
2,2021-04-10,87610,5583136,37788,2759802,31400,2583769,18422,239565,36068,1432936,0.170434,51274,2218482,0.263868,55169,3651418,0.434302,8407551
2,2021-04-11,44489,5627625,23080,2782882,12937,2596706,8472,248037,18217,1434217,0.170587,26130,2244612,0.266976,27411,3678829,0.437562,8407551
2,2021-04-12,80030,5707655,37276,2820158,33345,2630051,9409,257446,35623,1436108,0.170812,44131,2288743,0.272225,46022,3724851,0.443036,8407551
2,2021-04-13,101873,5809528,52856,2873014,48757,2678808,260,257706,55809,1447280,0.17214,45791,2334534,0.277671,56963,3781814,0.449812,8407551
2,2021-04-14,106860,5916388,55967,2928981,50840,2729648,53,257759,54640,1451499,0.172642,51909,2386443,0.283845,56128,3837942,0.456488,8407551
2,2021-04-15,113441,6029829,60299,2989280,53057,2782705,85,257844,59348,1458301,0.173451,53698,2440141,0.290232,60500,3898442,0.463683,8407551
2,2021-04-16,110915,6140744,57493,3046773,53369,2836074,53,257897,56355,1461351,0.173814,54209,2494350,0.29668,57259,3955701,0.470494,8407551
2,2021-04-17,83622,6224366,42538,3089311,41069,2877143,15,257912,46820,1472499,0.17514,36552,2530902,0.301027,47700,4003401,0.476167,8407551
2,2021-04-18,35676,6260042,21652,3110963,14017,2891160,7,257919,17030,1472004,0.175081,18514,2549416,0.303229,18019,4021420,0.478311,8407551
2,2021-04-19,74976,6335018,40365,3151328,34595,2925755,16,257935,34228,1466394,0.174414,40476,2589892,0.308044,34866,4056286,0.482457,8407551
2,2021-04-20,97810,6432828,49594,3200922,48190,2973945,26,257961,47580,1464864,0.174232,49879,2639771,0.313976,48349,4104635,0.488208,8407551
2,2021-04-21,103758,6536586,56171,3257093,47529,3021474,58,258019,49104,1460803,0.173749,54195,2693966,0.320422,50134,4154769,0.494171,8407551
2,2021-04-22,108279,6644865,56014,3313107,52241,3073715,24,258043,47489,1448842,0.172326,60367,2754333,0.327602,48406,4203175,0.499929,8407551
2,2021-04-23,107882,6752747,57393,3370500,50471,3124186,18,258061,50006,1442332,0.171552,57454,2811787,0.334436,50944,4254119,0.505988,8407551
2,2021-04-24,80911,6833658,47654,3418154,33217,3157403,40,258101,42228,1447193,0.17213,38337,2850124,0.338996,43198,4297317,0.511126,8407551
2,2021-04-25,36532,6870190,22503,3440657,14014,3171417,15,258116,19910,1451108,0.172596,16475,2866599,0.340955,20390,4317707,0.513551,8407551
2,2021-04-26,74218,6944408,41112,3481769,32798,3204215,308,258424,34234,1447387,0.172153,39710,2906309,0.345678,35989,4353696,0.517832,8407551
2,2021-04-27,88297,7032705,46577,3528346,40355,3244570,1365,259789,37989,1438062,0.171044,49919,2956228,0.351616,40594,4394290,0.52266,8407551
2,2021-04-28,88123,7120828,47090,3575436,39164,3283734,1869,261658,38950,1430964,0.1702,48829,3005057,0.357424,41731,4436021,0.527623,8407551
2,2021-04-29,90789,7211617,49444,3624880,39638,3323372,1707,263365,35289,1413449,0.168117,55112,3060169,0.363979,37597,4473618,0.532095,8407551
2,2021-04-30,94711,7306328,52392,3677272,40324,3363696,1995,265360,36912,1395687,0.166004,57327,3117496,0.370797,39565,4513183,0.536801,8407551
2,2021-05-01,62127,7368455,37869,3715141,22683,3386379,1575,266935,24229,1384761,0.164704,37583,3155079,0.375267,26657,4539840,0.539972,8407551
2,2021-05-02,29103,7397558,20230,3735371,7900,3394279,973,267908,11063,1378981,0.164017,17905,3172984,0.377397,12125,4551965,0.541414,8407551
2,2021-05-03,60375,7457933,35814,3771185,22508,3416787,2053,269961,20324,1361842,0.161978,39783,3212767,0.382129,22644,4574609,0.544107,8407551
2,2021-05-04,79511,7537444,47467,3818652,29671,3446458,2373,272334,25889,1337222,0.15905,53278,3266045,0.388466,28658,4603267,0.547516,8407551
2,2021-05-05,79985,7617429,47615,3866267,30024,3476482,2346,274680,25060,1310457,0.155867,54535,3320580,0.394952,27770,4631037,0.550819,8407551
2,2021-05-06,82236,7699665,49819,3916086,29506,3505988,2911,277591,25162,1282566,0.152549,56603,3377183,0.401685,28712,4659749,0.554234,8407551
2,2021-05-07,83257,7782922,48033,3964119,32799,3538787,2425,280016,25639,1253846,0.149133,57241,3434424,0.408493,28521,4688270,0.557626,8407551
2,2021-05-08,55216,7838138,33432,3997551,20074,3558861,1710,281726,17329,1235964,0.147006,37651,3472075,0.412971,19769,4708039,0.559977,8407551
2,2021-05-09,21755,7859893,15700,4013251,5307,3564168,748,282474,6343,1227952,0.146053,15333,3487408,0.414795,7321,4715360,0.560848,8407551
2,2021-05-10,49912,7909805,27137,4040388,20907,3585075,1868,284342,14092,1208944,0.143793,35577,3522985,0.419026,16569,4731929,0.562819,8407551
2,2021-05-11,65636,7975441,35426,4075814,28102,3613177,2108,286450,19818,1186037,0.141068,45524,3568509,0.424441,22617,4754546,0.565509,8407551
2,2021-05-12,64803,8040244,34541,4110355,28047,3641224,2215,288665,19096,1162336,0.138249,45399,3613908,0.429841,21698,4776244,0.56809,8407551
2,2021-05-13,70515,8110759,40960,4151315,27613,3668837,1942,290607,25828,1146435,0.136358,44405,3658313,0.435122,28504,4804748,0.57148,8407551
2,2021-05-14,79390,8190149,47560,4198875,29574,3698411,2256,292863,30493,1131297,0.134557,48531,3706844,0.440895,33393,4838141,0.575452,8407551
2,2021-05-15,65963,8256112,43313,4242188,20939,3719350,1711,294574,25521,1118720,0.133061,40201,3747045,0.445676,27624,4865765,0.578737,8407551
2,2021-05-16,31502,8287614,23553,4265741,7025,3726375,924,295498,12809,1114016,0.132502,18565,3765610,0.447884,13861,4879626,0.580386,8407551
2,2021-05-17,57831,8345445,36638,4302379,19259,3745634,1934,297432,22777,1104264,0.131342,34824,3800434,0.452026,25072,4904698,0.583368,8407551
2,2021-05-18,69963,8415408,40951,4343330,27049,3772683,1963,299395,27812,1092696,0.129966,41882,3842316,0.457008,30314,4935012,0.586974,8407551
2,2021-05-19,68686,8484094,40628,4383958,26047,3798730,2011,301406,27186,1081163,0.128594,41196,3883512,0.461908,29663,4964675,0.590502,8407551
2,2021-05-20,69335,8553429,40195,4424153,26954,3825684,2186,303592,26351,1067635,0.126985,42657,3926169,0.466981,29129,4993804,0.593967,8407551
2,2021-05-21,72730,8626159,42911,4467064,27668,3853352,2151,305743,27577,1053120,0.125259,44796,3970965,0.472309,30281,5024085,0.597568,8407551
2,2021-05-22,53341,8679500,33797,4500861,17770,3871122,1774,307517,22283,1046887,0.124517,30828,4001793,0.475976,24595,5048680,0.600494,8407551
2,2021-05-23,24405,8703905,16653,4517514,7026,3878148,726,308243,10273,1044021,0.124177,14004,4015797,0.477642,11138,5059818,0.601818,8407551
2,2021-05-24,44738,8748643,25407,4542921,17564,3895712,1767,310010,17179,1035966,0.123219,27341,4043138,0.480894,19286,5079104,0.604112,8407551
2,2021-05-25,50656,8799299,29648,4572569,19146,3914858,1862,311872,19264,1026540,0.122097,31091,4074229,0.484592,21665,5100769,0.606689,8407551
2,2021-05-26,48614,8847913,27231,4599800,19699,3934557,1684,313556,19011,1018302,0.121118,29273,4103502,0.488073,21035,5121804,0.609191,8407551
2,2021-05-27,46502,8894415,26345,4626145,18418,3952975,1739,315295,18580,1011442,0.120302,27681,4131183,0.491366,20821,5142625,0.611667,8407551
2,2021-05-28,49893,8944308,27532,4653677,20388,3973363,1973,317268,20949,1006104,0.119667,28687,4159870,0.494778,23349,5165974,0.614445,8407551
2,2021-05-29,28938,8973246,17347,4671024,10537,3983900,1054,318322,13255,1005051,0.119541,15532,4175402,0.496625,14479,5180453,0.616167,8407551
2,2021-05-30,12633,8985879,8134,4679158,3736,3987636,763,319085,5530,1004358,0.119459,7052,4182454,0.497464,6359,5186812,0.616923,8407551
2,2021-05-31,5868,8991747,3425,4682583,2139,3989775,304,319389,1821,1002542,0.119243,3990,4186444,0.497939,2174,5188986,0.617182,8407551
2,2021-06-01,44684,9036431,25672,4708255,17352,4007127,1660,321049,15591,991370,0.117914,28797,4215241,0.501364,17625,5206611,0.619278,8407551
2,2021-06-02,38135,9074566,22448,4730703,14283,4021410,1404,322453,14956,985101,0.117169,22924,4238165,0.50409,16655,5223266,0.621259,8407551
2,2021-06-03,41304,9115870,26602,4757305,13239,4034649,1463,323916,13930,973738,0.115817,27137,4265302,0.507318,15774,5239040,0.623135,8407551
2,2021-06-04,47914,9163784,31298,4788603,15079,4049728,1537,325453,15514,959207,0.114089,32106,4297408,0.511137,17575,5256615,0.625225,8407551
2,2021-06-05,37760,9201544,26944,4815547,9355,4059083,1461,326914,11840,947228,0.112664,25697,4323105,0.514193,13718,5270333,0.626857,8407551
2,2021-06-06,14880,9216424,12209,4827756,2092,4061175,579,327493,4696,942572,0.11211,10120,4333225,0.515397,5464,5275797,0.627507,8407551
2,2021-06-07,33204,9249628,23236,4850992,8697,4069872,1271,328764,10796,932621,0.110927,22265,4355490,0.518045,12314,5288111,0.628972,8407551
2,2021-06-08,40558,9290186,28714,4879706,10475,4080347,1369,330133,12473,918992,0.109306,27845,4383335,0.521357,14216,5302327,0.630662,8407551
2,2021-06-09,38049,9328235,26569,4906275,9988,4090335,1492,331625,11531,906014,0.107762,26325,4409660,0.524488,13347,5315674,0.63225,8407551
2,2021-06-10,37681,9365916,26206,4932481,9950,4100285,1525,333150,11586,893698,0.106297,25895,4435555,0.527568,13579,5329253,0.633865,8407551
2,2021-06-11,41180,9407096,27342,4959823,12174,4112459,1664,334814,13212,881165,0.104806,27704,4463259,0.530863,15171,5344424,0.63567,8407551
2,2021-06-12,29339,9436435,21587,4981410,6839,4119298,913,335727,8675,870446,0.103531,20527,4483786,0.533305,9808,5354232,0.636836,8407551
2,2021-06-13,12205,9448640,8911,4990321,2677,4121975,617,336344,3102,865290,0.102918,9042,4492828,0.53438,3886,5358118,0.637298,8407551
2,2021-06-14,29833,9478473,21169,5011490,7471,4129446,1193,337537,10345,857712,0.102017,19324,4512152,0.536679,11746,5369864,0.638695,8407551
2,2021-06-15,35452,9513925,23586,5035076,9821,4139267,2045,339582,11922,848760,0.100952,23295,4535447,0.539449,14343,5384207,0.640401,8407551
2,2021-06-16,32855,9546780,22650,5057726,8416,4147683,1789,341371,11299,840771,0.100002,21388,4556835,0.541993,13399,5397606,0.641995,8407551
2,2021-06-17,30741,9577521,20516,5078242,8429,4156112,1796,343167,10883,833971,0.099193,19684,4576519,0.544334,12884,5410490,0.643527,8407551
2,2021-06-18,34555,9612076,22759,5101001,9927,4166039,1869,345036,12614,826988,0.098363,21723,4598242,0.546918,14740,5425230,0.645281,8407551
2,2021-06-19,20842,9632918,14503,5115504,5080,4171119,1259,346295,7893,823540,0.097952,12788,4611030,0.548439,9340,5434570,0.646392,8407551
2,2021-06-20,8259,9641177,5898,5121402,1897,4173016,464,346759,3056,821965,0.097765,5162,4616192,0.549053,3587,5438157,0.646818,8407551
2,2021-06-21,19252,9660429,11789,5133191,6150,4179166,1313,348072,9845,824014,0.098009,9290,4625482,0.550158,11339,5449496,0.648167,8407551
2,2021-06-22,26761,9687190,18325,5151516,7064,4186230,1372,349444,10487,820037,0.097536,16108,4641590,0.552074,12131,5461627,0.64961,8407551
2,2021-06-23,25828,9713018,17837,5169353,6377,4192607,1614,351058,10532,817322,0.097213,15154,4656744,0.553876,12439,5474066,0.651089,8407551
2,2021-06-24,25224,9738242,17176,5186529,6541,4199148,1507,352565,10440,814859,0.09692,14639,4671383,0.555618,12176,5486242,0.652537,8407551
2,2021-06-25,28621,9766863,19405,5205934,7733,4206881,1483,354048,11964,812034,0.096584,16500,4687883,0.55758,13675,5499917,0.654164,8407551
2,2021-06-26,18450,9785313,13594,5219528,3932,4210813,924,354972,7512,809863,0.096326,10852,4698735,0.558871,8681,5508598,0.655197,8407551
2,2021-06-27,8754,9794067,6681,5226209,1627,4212440,446,355418,3505,808737,0.096192,5201,4703936,0.559489,4075,5512673,0.655681,8407551
2,2021-06-28,19694,9813761,14967,5241176,3489,4215929,1238,356656,8672,807943,0.096097,10893,4714829,0.560785,10099,5522772,0.656882,8407551
2,2021-06-29,22548,9836309,15712,5256888,5767,4221696,1069,357725,9598,806029,0.09587,12817,4727646,0.56231,10903,5533675,0.658179,8407551
2,2021-06-30,21707,9858016,15415,5272303,5270,4226966,1022,358747,9624,804955,0.095742,11948,4739594,0.563731,10874,5544549,0.659473,8407551
2,2021-07-01,19639,9877655,13901,5286204,4870,4231836,868,359615,8728,803955,0.095623,10799,4750393,0.565015,9799,5554348,0.660638,8407551
2,2021-07-02,22589,9900244,15588,5301792,5984,4237820,1017,360632,9960,802658,0.095469,12473,4762866,0.566499,11176,5565524,0.661967,8407551
2,2021-07-03,12420,9912664,8960,5310752,2990,4240810,470,361102,5682,802277,0.095423,6653,4769519,0.56729,6272,5571796,0.662713,8407551
2,2021-07-04,982,9913646,576,5311328,339,4241149,67,361169,419,802232,0.095418,554,4770073,0.567356,509,5572305,0.662774,8407551
2,2021-07-05,10956,9924602,8015,5319343,2534,4243683,407,361576,5025,801917,0.095381,5873,4775946,0.568054,5558,5577863,0.663435,8407551
2,2021-07-06,23403,9948005,17009,5336352,5425,4249108,969,362545,9027,797950,0.094909,14237,4790183,0.569748,10270,5588133,0.664656,8407551
2,2021-07-07,20340,9968345,14520,5350872,4739,4253847,1081,363626,8651,796388,0.094723,11557,4801740,0.571122,9995,5598128,0.665845,8407551
2,2021-07-08,18781,9987126,13130,5364002,4719,4258566,932,364558,7982,794812,0.094535,10699,4812439,0.572395,9123,5607251,0.66693,8407551
2,2021-07-09,22051,10009177,15267,5379269,5608,4264174,1176,365734,9343,792965,0.094316,12576,4825015,0.573891,10729,5617980,0.668206,8407551
2,2021-07-10,13924,10023101,10263,5389532,2993,4267167,668,366402,6122,792201,0.094225,7711,4832726,0.574808,6947,5624927,0.669033,8407551
2,2021-07-11,6512,10029613,4786,5394318,1385,4268552,341,366743,3071,792283,0.094235,3398,4836124,0.575212,3480,5628407,0.669447,8407551
2,2021-07-12,17929,10047542,13185,5407503,3902,4272454,842,367585,7751,791014,0.094084,10068,4846192,0.576409,8799,5637206,0.670493,8407551
2,2021-07-13,19140,10066682,13513,5421016,4778,4277232,849,368434,8601,790259,0.093994,10401,4856593,0.577647,9646,5646852,0.671641,8407551
2,2021-07-14,18288,10084970,13071,5434087,4462,4281694,755,369189,8179,789409,0.093893,9991,4866584,0.578835,9141,5655993,0.672728,8407551
2,2021-07-15,18386,10103356,13386,5447473,4362,4286056,638,369827,8368,788718,0.093811,9908,4876492,0.580013,9217,5665210,0.673824,8407551
2,2021-07-16,22259,10125615,16049,5463522,5435,4291491,775,370602,10662,788891,0.093831,11470,4887962,0.581378,11643,5676853,0.675209,8407551
2,2021-07-17,13691,10139306,9944,5473466,3262,4294753,485,371087,6623,789150,0.093862,6981,4894943,0.582208,7240,5684093,0.67607,8407551
2,2021-07-18,6688,10145994,5015,5478481,1351,4296104,322,371409,3395,789687,0.093926,3252,4898195,0.582595,3789,5687882,0.676521,8407551
2,2021-07-19,17931,10163925,13411,5491892,3845,4299949,675,372084,8917,790571,0.094031,8900,4907095,0.583653,9784,5697666,0.677684,8407551
2,2021-07-20,20106,10184031,14354,5506246,4965,4304914,787,372871,10218,792022,0.094204,9763,4916858,0.584815,11214,5708880,0.679018,8407551
2,2021-07-21,19194,10203225,14058,5520304,4452,4309366,684,373555,9994,793797,0.094415,9083,4925941,0.585895,10858,5719738,0.68031,8407551
2,2021-07-22,12722,10215947,8978,5529282,3108,4312474,636,374191,6725,795395,0.094605,5913,4931854,0.586598,7511,5727249,0.681203,8407551
3,2020-12-15,311,311,311,311,0,0,0,0,311,311,3.8e-05,0,0,0.0,311,311,3.8e-05,8129050
3,2020-12-16,2443,2754,2443,2754,0,0,0,0,2444,2755,0.000339,0,0,0.0,2444,2755,0.000339,8129050
3,2020-12-17,7854,10608,7854,10608,0,0,0,0,7854,10609,0.001305,0,0,0.0,7854,10609,0.001305,8129050
3,2020-12-18,13423,24031,13405,24013,18,18,0,0,13422,24031,0.002956,0,0,0.0,13422,24031,0.002956,8129050
3,2020-12-19,7252,31283,7239,31252,13,31,0,0,7315,31346,0.003856,0,0,0.0,7315,31346,0.003856,8129050
3,2020-12-20,5663,36946,5654,36906,9,40,0,0,5710,37055,0.004558,1,1,0.0,5710,37056,0.004558,8129050
3,2020-12-21,14382,51328,14356,51262,26,66,0,0,14446,51500,0.006335,1,2,0.0,14446,51502,0.006336,8129050
3,2020-12-22,14818,66146,14247,65509,571,637,0,0,14856,66354,0.008163,2,4,0.0,14856,66358,0.008163,8129050
3,2020-12-23,14828,80974,12227,77736,2601,3238,0,0,14845,81198,0.009989,2,6,1e-06,14846,81204,0.009989,8129050
3,2020-12-24,6783,87757,4866,82602,1917,5155,0,0,6780,87976,0.010822,2,8,1e-06,6780,87984,0.010823,8129050
3,2020-12-25,722,88479,664,83266,58,5213,0,0,720,88696,0.010911,0,8,1e-06,720,88704,0.010912,8129050
3,2020-12-26,4626,93105,3001,86267,1625,6838,0,0,4624,93320,0.01148,0,8,1e-06,4624,93328,0.011481,8129050
3,2020-12-27,2983,96088,1856,88123,1127,7965,0,0,2983,96303,0.011847,0,8,1e-06,2983,96311,0.011848,8129050
3,2020-12-28,13636,109724,8717,96840,4919,12884,0,0,13661,109963,0.013527,1,9,1e-06,13661,109972,0.013528,8129050
3,2020-12-29,15024,124748,8461,105301,6563,19447,0,0,15051,125012,0.015378,2,11,1e-06,15051,125023,0.01538,8129050
3,2020-12-30,18041,142789,10060,115361,7981,27428,0,0,18046,143057,0.017598,2,13,2e-06,18047,143070,0.0176,8129050
3,2020-12-31,8451,151240,3241,118602,5210,32638,0,0,8450,151505,0.018637,2,15,2e-06,8450,151520,0.018639,8129050
3,2021-01-01,1542,152782,733,119335,809,33447,0,0,1539,153043,0.018827,1,16,2e-06,1539,153059,0.018829,8129050
3,2021-01-02,4937,157719,2421,121756,2516,35963,0,0,4937,157980,0.019434,0,16,2e-06,4937,157996,0.019436,8129050
3,2021-01-03,1613,159332,846,122602,767,36730,0,0,1604,159582,0.019631,2,18,2e-06,1604,159600,0.019633,8129050
3,2021-01-04,12042,171374,5975,128577,6067,42797,0,0,12014,171589,0.021108,7,25,3e-06,12014,171614,0.021111,8129050
3,2021-01-05,15728,187102,8146,136723,7582,50379,0,0,14054,184012,0.022636,1659,1684,0.000207,14082,185696,0.022844,8129050
3,2021-01-06,20611,207713,10906,147629,9705,60084,0,0,16064,195584,0.02406,4501,6185,0.000761,16073,201769,0.024821,8129050
3,2021-01-07,26650,234363,15237,162866,11413,71497,0,0,17175,203338,0.025014,9438,15623,0.001922,17192,218961,0.026936,8129050
3,2021-01-08,30654,265017,18734,181600,11920,83417,0,0,18168,209066,0.025718,12464,28087,0.003455,18192,237153,0.029174,8129050
3,2021-01-09,12458,277475,7041,188641,5417,88834,0,0,7929,212483,0.026139,4522,32609,0.004011,7939,245092,0.03015,8129050
3,2021-01-10,7223,284698,4480,193121,2743,91577,0,0,4069,213405,0.026252,3152,35761,0.004399,4074,249166,0.030651,8129050
3,2021-01-11,29121,313819,19065,212186,10056,101633,0,0,16473,217280,0.026729,12642,48403,0.005954,16517,265683,0.032683,8129050
3,2021-01-12,32605,346424,19483,231669,13122,114755,0,0,19959,224761,0.027649,12626,61029,0.007508,20107,285790,0.035157,8129050
3,2021-01-13,34561,380985,18040,249709,16521,131276,0,0,24335,238905,0.029389,10211,71240,0.008764,24355,310145,0.038153,8129050
3,2021-01-14,34746,415731,14214,263923,20532,151808,0,0,28821,261879,0.032215,5885,77125,0.009488,28859,339004,0.041703,8129050
3,2021-01-15,38994,454725,14441,278364,24553,176361,0,0,34316,291605,0.035872,4661,81786,0.010061,34387,373391,0.045933,8129050
3,2021-01-16,21765,476490,7418,285782,14347,190708,0,0,19439,308750,0.037981,2315,84101,0.010346,19460,392851,0.048327,8129050
3,2021-01-17,13148,489638,4458,290240,8690,199398,0,0,12108,319838,0.039345,1039,85140,0.010474,12127,404978,0.049819,8129050
3,2021-01-18,24801,514439,12955,303195,11846,211244,0,0,19188,333468,0.041022,5601,90741,0.011163,19231,424209,0.052184,8129050
3,2021-01-19,41102,555541,20893,324088,20209,231453,0,0,31977,356442,0.043848,9089,99830,0.012281,32063,456272,0.056129,8129050
3,2021-01-20,46206,601747,23021,347109,23185,254638,0,0,36637,383641,0.047194,9522,109352,0.013452,36721,492993,0.060646,8129050
3,2021-01-21,48095,649842,20855,367964,27240,281878,0,0,42580,420850,0.051771,5449,114801,0.014122,42658,535651,0.065893,8129050
3,2021-01-22,49833,699675,19848,387812,29985,311863,0,0,45601,462322,0.056873,4203,119004,0.014639,45675,581326,0.071512,8129050
3,2021-01-23,30360,730035,12797,400609,17563,329426,0,0,27065,486154,0.059805,3287,122291,0.015044,27119,608445,0.074848,8129050
3,2021-01-24,17896,747931,8489,409098,9407,338833,0,0,16712,501715,0.061719,1181,123472,0.015189,16742,625187,0.076908,8129050
3,2021-01-25,40876,788807,18227,427325,22649,361482,0,0,30882,522722,0.064303,9965,133437,0.016415,30972,656159,0.080718,8129050
3,2021-01-26,47374,836181,22632,449957,24742,386224,0,0,37186,549856,0.067641,10154,143591,0.017664,37288,693447,0.085305,8129050
3,2021-01-27,51517,887698,24523,474480,26994,413218,0,0,40840,580172,0.07137,10606,154197,0.018969,40922,734369,0.090339,8129050
3,2021-01-28,51934,939632,24100,498580,27834,441052,0,0,42983,614348,0.075574,8866,163063,0.020059,43042,777411,0.095634,8129050
3,2021-01-29,51053,990685,24500,523080,26553,467605,0,0,41286,646093,0.07948,9590,172653,0.021239,41335,818746,0.100719,8129050
3,2021-01-30,37434,1028119,17793,540873,19641,487246,0,0,32708,674213,0.082939,4671,177324,0.021814,32791,851537,0.104752,8129050
3,2021-01-31,22447,1050566,12755,553628,9692,496938,0,0,21028,693858,0.085355,1404,178728,0.021986,21049,872586,0.107342,8129050
3,2021-02-01,45946,1096512,20995,574623,24951,521889,0,0,35029,718057,0.088332,10864,189592,0.023323,35063,907649,0.111655,8129050
3,2021-02-02,54552,1151064,22762,597385,31790,553679,0,0,42089,747826,0.091994,12370,201962,0.024844,42139,949788,0.116839,8129050
3,2021-02-03,60131,1211195,26684,624069,33447,587126,0,0,44719,777337,0.095625,15280,217242,0.026724,44791,994579,0.122349,8129050
3,2021-02-04,64488,1275683,27918,651987,36570,623696,0,0,47217,807593,0.099347,17075,234317,0.028825,47331,1041910,0.128171,8129050
3,2021-02-05,70450,1346133,29788,681775,40662,664358,0,0,48655,834876,0.102703,21552,255869,0.031476,48835,1090745,0.134179,8129050
3,2021-02-06,43710,1389843,20959,702734,22751,687109,0,0,34052,859498,0.105732,9612,265481,0.032658,34234,1124979,0.13839,8129050
3,2021-02-07,19739,1409582,12549,715283,7190,694299,0,0,15148,870198,0.107048,4572,270053,0.033221,15272,1140251,0.140269,8129050
3,2021-02-08,51622,1461204,24972,740255,26650,720949,0,0,33846,886598,0.109065,17634,287687,0.03539,34034,1174285,0.144455,8129050
3,2021-02-09,58848,1520052,28519,768774,30329,751278,0,0,34417,897205,0.11037,24156,311843,0.038362,34763,1209048,0.148732,8129050
3,2021-02-10,68424,1588476,31842,800616,36582,787860,0,0,36688,902953,0.111077,31439,343282,0.042229,37187,1246235,0.153306,8129050
3,2021-02-11,70832,1659308,34840,835456,35992,823852,0,0,37628,908267,0.111731,32856,376138,0.046271,38170,1284405,0.158002,8129050
3,2021-02-12,75748,1735056,32683,868139,43065,866917,0,0,41754,917103,0.112818,33691,409829,0.050415,42527,1326932,0.163233,8129050
3,2021-02-13,45276,1780332,20516,888655,24760,891677,0,0,26065,924653,0.113747,19097,428926,0.052765,26647,1353579,0.166511,8129050
3,2021-02-14,27434,1807766,13720,902375,13714,905391,0,0,15230,928187,0.114181,12146,441072,0.054259,15680,1369259,0.16844,8129050
3,2021-02-15,40309,1848075,17352,919727,22957,928348,0,0,22260,933449,0.114829,17937,459009,0.056465,23199,1392458,0.171294,8129050
3,2021-02-16,70454,1918529,33344,953071,37110,965458,0,0,36574,937312,0.115304,33740,492749,0.060616,37603,1430061,0.17592,8129050
3,2021-02-17,72287,1990816,36531,989602,35756,1001214,0,0,34237,934810,0.114996,37811,530560,0.065267,35309,1465370,0.180263,8129050
3,2021-02-18,77436,2068252,40441,1030043,36995,1038209,0,0,35797,930511,0.114467,41442,572002,0.070365,37143,1502513,0.184833,8129050
3,2021-02-19,69544,2137796,40074,1070117,29470,1067679,0,0,35087,932002,0.114651,34294,606296,0.074584,35785,1538298,0.189235,8129050
3,2021-02-20,43149,2180945,27261,1097378,15888,1083567,0,0,22514,934506,0.114959,20512,626808,0.077107,23016,1561314,0.192066,8129050
3,2021-02-21,24249,2205194,19494,1116872,4755,1088322,0,0,11819,934379,0.114943,12335,639143,0.078625,12208,1573522,0.193568,8129050
3,2021-02-22,47448,2252642,30903,1147775,16545,1104867,0,0,22173,931908,0.114639,25129,664272,0.081716,22658,1596180,0.196355,8129050
3,2021-02-23,63400,2316042,34440,1182215,28960,1133827,0,0,27607,925943,0.113905,35564,699836,0.086091,29599,1625779,0.199996,8129050
3,2021-02-24,79649,2395691,39123,1221338,40526,1174353,0,0,35176,919420,0.113103,44217,744053,0.09153,37694,1663473,0.204633,8129050
3,2021-02-25,89262,2484953,43469,1264807,45793,1220146,0,0,44403,921872,0.113405,44547,788600,0.09701,46999,1710472,0.210415,8129050
3,2021-02-26,100181,2585134,45857,1310664,54324,1274470,0,0,52875,930077,0.114414,46879,835479,0.102777,55084,1765556,0.217191,8129050
3,2021-02-27,70969,2656103,32617,1343281,38348,1312818,4,4,37480,935625,0.115096,33245,868724,0.106867,38793,1804349,0.221963,8129050
3,2021-02-28,41410,2697513,23912,1367193,17494,1330312,4,8,21259,937889,0.115375,19950,888674,0.109321,22214,1826563,0.224696,8129050
3,2021-03-01,69391,2766904,36829,1404022,32528,1362840,34,42,38511,947138,0.116513,30634,919308,0.113089,39883,1866446,0.229602,8129050
3,2021-03-02,79789,2846693,39438,1443460,40343,1403183,8,50,46090,961772,0.118313,33540,952848,0.117215,48174,1914620,0.235528,8129050
3,2021-03-03,89576,2936269,42995,1486455,46559,1449742,22,72,50182,975090,0.119951,39155,992003,0.122032,52473,1967093,0.241983,8129050
3,2021-03-04,94089,3030358,46068,1532523,48000,1497742,21,93,53374,990295,0.121822,40465,1032468,0.12701,55670,2022763,0.248831,8129050
3,2021-03-05,91037,3121395,44614,1577137,46131,1543873,292,385,55530,1013114,0.124629,35233,1067701,0.131344,58052,2080815,0.255973,8129050
3,2021-03-06,65552,3186947,33290,1610427,30101,1573974,2161,2546,37576,1026493,0.126275,27819,1095520,0.134766,41198,2122013,0.261041,8129050
3,2021-03-07,39222,3226169,22671,1633098,14655,1588629,1896,4442,22037,1034494,0.127259,17103,1112623,0.13687,25104,2147117,0.264129,8129050
3,2021-03-08,60020,3286189,28639,1661737,28376,1617005,3005,7447,37972,1055128,0.129797,21879,1134502,0.139561,42513,2189630,0.269359,8129050
3,2021-03-09,77292,3363481,35699,1697436,37135,1654140,4458,11905,41521,1066639,0.131213,35619,1170121,0.143943,47130,2236760,0.275156,8129050
3,2021-03-10,83144,3446625,41395,1738831,35657,1689797,6092,17997,43478,1078158,0.13263,39431,1209552,0.148794,50950,2287710,0.281424,8129050
3,2021-03-11,97528,3544153,47644,1786475,41261,1731058,8623,26620,47809,1086224,0.133623,49432,1258984,0.154875,57498,2345208,0.288497,8129050
3,2021-03-12,102223,3646376,45548,1832023,44770,1775828,11905,38525,46850,1090977,0.134207,55124,1314108,0.161656,59877,2405085,0.295863,8129050
3,2021-03-13,70693,3717069,29741,1861764,33681,1809509,7271,45796,37382,1103795,0.135784,33178,1347286,0.165737,45996,2451081,0.301521,8129050
3,2021-03-14,41399,3758468,21622,1883386,16214,1825723,3563,49359,20841,1108356,0.136345,20469,1367755,0.168255,25030,2476111,0.3046,8129050
3,2021-03-15,75970,3834438,36015,1919401,35390,1861113,4565,53924,40004,1118190,0.137555,35727,1403482,0.17265,45561,2521672,0.310205,8129050
3,2021-03-16,95363,3929801,43972,1963373,47051,1908164,4340,58264,53642,1135612,0.139698,41464,1444946,0.177751,58886,2580558,0.317449,8129050
3,2021-03-17,98627,4028428,47924,2011297,46155,1954319,4548,62812,59908,1162246,0.142974,38462,1483408,0.182482,65096,2645654,0.325457,8129050
3,2021-03-18,103930,4132358,52812,2064109,46590,2000909,4528,67340,59609,1182915,0.145517,44008,1527416,0.187896,64677,2710331,0.333413,8129050
3,2021-03-19,103495,4235853,55496,2119605,43531,2044440,4468,71808,57567,1199864,0.147602,45633,1573049,0.19351,62582,2772913,0.341112,8129050
3,2021-03-20,72122,4307975,37176,2156781,31282,2075722,3664,75472,44450,1221012,0.150204,27463,1600512,0.196888,48611,2821524,0.347091,8129050
3,2021-03-21,36392,4344367,24740,2181521,10144,2085866,1508,76980,21864,1230442,0.151364,14418,1614930,0.198662,23848,2845372,0.350025,8129050
3,2021-03-22,70757,4415124,41598,2223119,26634,2112500,2525,79505,45107,1253689,0.154223,25401,1640331,0.201786,48648,2894020,0.35601,8129050
3,2021-03-23,89882,4505006,49736,2272855,37610,2150110,2536,82041,55153,1277623,0.157168,34458,1674789,0.206025,58392,2952412,0.363193,8129050
3,2021-03-24,98815,4603821,56880,2329735,39008,2189118,2927,84968,56214,1295140,0.159322,42226,1717015,0.21122,59743,3012155,0.370542,8129050
3,2021-03-25,107449,4711270,59673,2389408,44803,2233921,2973,87941,60522,1312701,0.161483,46574,1763589,0.216949,64135,3076290,0.378432,8129050
3,2021-03-26,110736,4822006,59434,2448842,47969,2281890,3333,91274,57000,1320489,0.162441,53384,1816973,0.223516,61172,3137462,0.385957,8129050
3,2021-03-27,74692,4896698,37987,2486829,34155,2316045,2550,93824,36041,1321342,0.162546,38412,1855385,0.228241,39265,3176727,0.390787,8129050
3,2021-03-28,44407,4941105,27982,2514811,15611,2331656,814,94638,22331,1323172,0.162771,21953,1877338,0.230942,23783,3200510,0.393713,8129050
3,2021-03-29,80719,5021824,42133,2556944,36723,2368379,1863,96501,44117,1333632,0.164058,36333,1913671,0.235411,46793,3247303,0.399469,8129050
3,2021-03-30,100387,5122211,49315,2606259,47431,2415810,3641,100142,56272,1350295,0.166107,43851,1957522,0.240806,60514,3307817,0.406913,8129050
3,2021-03-31,105142,5227353,56702,2662961,43584,2459394,4856,104998,56173,1362933,0.167662,48716,2006238,0.246799,61354,3369171,0.414461,8129050
3,2021-04-01,123804,5351157,62566,2725527,51470,2510864,9768,114766,66759,1383131,0.170147,56624,2062862,0.253764,76822,3445993,0.423911,8129050
3,2021-04-02,118076,5469233,57595,2783122,50127,2560991,10354,125120,62269,1400727,0.172311,55497,2118359,0.260591,73093,3519086,0.432902,8129050
3,2021-04-03,76197,5545430,38985,2822107,27967,2588958,9245,134365,37884,1410003,0.173452,38155,2156514,0.265285,47431,3566517,0.438737,8129050
3,2021-04-04,32474,5577904,17373,2839480,10879,2599837,4222,138587,14177,1410205,0.173477,18218,2174732,0.267526,18420,3584937,0.441003,8129050
3,2021-04-05,89622,5667526,45502,2884982,34872,2634709,9248,147835,43542,1417965,0.174432,45839,2220571,0.273165,53599,3638536,0.447597,8129050
3,2021-04-06,113635,5781161,55278,2940260,43131,2677840,15226,163061,53299,1427133,0.17556,60045,2280616,0.280551,69213,3707749,0.456111,8129050
3,2021-04-07,116442,5897603,60215,3000475,39896,2717736,16331,179392,56141,1439834,0.177122,60024,2340640,0.287935,72725,3780474,0.465057,8129050
3,2021-04-08,121571,6019174,60506,3060981,40875,2758611,20190,199582,56251,1452034,0.178623,64997,2405637,0.295931,77197,3857671,0.474554,8129050
3,2021-04-09,118627,6137801,59119,3120100,40321,2798932,19187,218769,52057,1457859,0.179339,66303,2471940,0.304087,72128,3929799,0.483427,8129050
3,2021-04-10,84515,6222316,37904,3158004,31331,2830263,15280,234049,34317,1458261,0.179389,50002,2521942,0.310238,50404,3980203,0.489627,8129050
3,2021-04-11,45367,6267683,24305,3182309,13046,2843309,8016,242065,17211,1456254,0.179142,28060,2550002,0.31369,26053,4006256,0.492832,8129050
3,2021-04-12,84099,6351782,42478,3224787,32792,2876101,8829,250894,37978,1458269,0.17939,45878,2595880,0.319334,47893,4054149,0.498724,8129050
3,2021-04-13,105631,6457413,57203,3281990,48219,2924320,209,251103,55659,1465302,0.180255,49720,2645600,0.32545,56753,4110902,0.505705,8129050
3,2021-04-14,107797,6565210,58921,3340911,48776,2973096,100,251203,53626,1466594,0.180414,53871,2699471,0.332077,55163,4166065,0.512491,8129050
3,2021-04-15,119763,6684973,67395,3408306,52292,3025388,76,251279,64032,1476108,0.181584,55402,2754873,0.338892,64916,4230981,0.520477,8129050
3,2021-04-16,115800,6800773,64940,3473246,50766,3076154,94,251373,60414,1482217,0.182336,55066,2809939,0.345666,61175,4292156,0.528002,8129050
3,2021-04-17,79683,6880456,43405,3516651,36264,3112418,14,251387,44384,1492522,0.183603,35063,2845002,0.34998,45368,4337524,0.533583,8129050
3,2021-04-18,38816,6919272,23412,3540063,15399,3127817,5,251392,18228,1491163,0.183436,20466,2865468,0.352497,19107,4356631,0.535934,8129050
3,2021-04-19,79472,6998744,44245,3584308,35171,3162988,56,251448,35895,1484253,0.182586,43368,2908836,0.357832,36458,4393089,0.540418,8129050
3,2021-04-20,101196,7099940,53300,3637608,47878,3210866,18,251466,49150,1482664,0.182391,51781,2960617,0.364202,50192,4443281,0.546593,8129050
3,2021-04-21,106065,7206005,59570,3697178,46425,3257291,70,251536,50142,1478417,0.181868,55545,3016162,0.371035,51298,4494579,0.552903,8129050
3,2021-04-22,112157,7318162,63012,3760190,49118,3306409,27,251563,48319,1464240,0.180124,63478,3079640,0.378844,49301,4543880,0.558968,8129050
3,2021-04-23,106550,7424712,60953,3821143,45568,3351977,29,251592,46819,1452732,0.178709,59368,3139008,0.386147,47860,4591740,0.564856,8129050
3,2021-04-24,74034,7498746,45726,3866869,28241,3380218,67,251659,36100,1452241,0.178648,37651,3176659,0.390779,37160,4628900,0.569427,8129050
3,2021-04-25,37004,7535750,23627,3890496,13360,3393578,17,251676,18922,1453655,0.178822,17931,3194590,0.392984,19345,4648245,0.571807,8129050
3,2021-04-26,74119,7609869,41914,3932410,31796,3425374,409,252085,31697,1444956,0.177752,42148,3236738,0.398169,33449,4681694,0.575921,8129050
3,2021-04-27,91279,7701148,47914,3980324,41623,3466997,1742,253827,36292,1429086,0.1758,54671,3291409,0.404895,38801,4720495,0.580695,8129050
3,2021-04-28,86899,7788047,49383,4029707,35377,3502374,2139,255966,35560,1416274,0.174224,51039,3342448,0.411173,38227,4758722,0.585397,8129050
3,2021-04-29,88965,7877012,50848,4080555,35905,3538279,2212,258178,31762,1393875,0.171468,56861,3399309,0.418168,34462,4793184,0.589636,8129050
3,2021-04-30,90790,7967802,51230,4131785,37080,3575359,2480,260658,33858,1374105,0.169036,56573,3455882,0.425127,36803,4829987,0.594164,8129050
3,2021-05-01,55219,8023021,34652,4166437,19105,3594464,1462,262120,19899,1360900,0.167412,35056,3490938,0.42944,21851,4851838,0.596852,8129050
3,2021-05-02,26926,8049947,18377,4184814,7534,3601998,1015,263135,9874,1354942,0.166679,16943,3507881,0.431524,10985,4862823,0.598203,8129050
3,2021-05-03,59763,8109710,35061,4219875,22332,3624330,2370,265505,17505,1332961,0.163975,42036,3549917,0.436695,20055,4882878,0.60067,8129050
3,2021-05-04,77422,8187132,44759,4264634,29983,3654313,2680,268185,22542,1303879,0.160397,54586,3604503,0.44341,25504,4908382,0.603808,8129050
3,2021-05-05,78827,8265959,47365,4311999,28764,3683077,2698,270883,21893,1272154,0.156495,56601,3661104,0.450373,24876,4933258,0.606868,8129050
3,2021-05-06,82925,8348884,52380,4364379,28021,3711098,2524,273407,20623,1234017,0.151803,61831,3722935,0.457979,23694,4956952,0.609782,8129050
3,2021-05-07,82185,8431069,51199,4415578,28368,3739466,2618,276025,21853,1198795,0.14747,59987,3782922,0.465358,24765,4981717,0.612829,8129050
3,2021-05-08,52328,8483397,32412,4447990,18208,3757674,1708,277733,13891,1176481,0.144726,38175,3821097,0.470055,15861,4997578,0.61478,8129050
3,2021-05-09,20921,8504318,15309,4463299,4826,3762500,786,278519,5513,1167531,0.143625,15315,3836412,0.471939,6365,5003943,0.615563,8129050
3,2021-05-10,47889,8552207,25664,4488963,20324,3782824,1901,280420,11119,1144244,0.14076,36571,3872983,0.476437,13284,5017227,0.617197,8129050
3,2021-05-11,63672,8615879,35579,4524542,25877,3808701,2216,282636,16093,1115682,0.137246,47338,3920321,0.482261,18776,5036003,0.619507,8129050
3,2021-05-12,64626,8680505,37135,4561677,25096,3833797,2395,285031,16516,1087033,0.133722,47857,3968178,0.488148,19208,5055211,0.62187,8129050
3,2021-05-13,75103,8755608,47346,4609023,25851,3859648,1906,286937,27466,1069619,0.13158,47396,4015574,0.493978,29982,5085193,0.625558,8129050
3,2021-05-14,80046,8835654,50578,4659601,27340,3886988,2128,289065,31006,1054597,0.129732,48754,4064328,0.499976,33732,5118925,0.629708,8129050
3,2021-05-15,61862,8897516,42683,4702284,17974,3904962,1205,290270,25574,1045505,0.128613,36088,4100416,0.504415,26996,5145921,0.633029,8129050
3,2021-05-16,33070,8930586,24712,4726996,7667,3912629,691,290961,13341,1040014,0.127938,19610,4120026,0.506827,14119,5160040,0.634765,8129050
3,2021-05-17,56783,8987369,36187,4763183,18763,3931392,1833,292794,20933,1027404,0.126387,35579,4155605,0.511204,22969,5183009,0.637591,8129050
3,2021-05-18,64373,9051742,38018,4801201,24498,3955890,1857,294651,24229,1014013,0.124739,39872,4195477,0.516109,26481,5209490,0.640849,8129050
3,2021-05-19,63813,9115555,38801,4840002,23272,3979162,1740,296391,24739,1001943,0.123255,38825,4234302,0.520885,26755,5236245,0.64414,8129050
3,2021-05-20,61617,9177172,36082,4876084,23699,4002861,1836,298227,22160,987106,0.121429,39179,4273481,0.525705,24342,5260587,0.647134,8129050
3,2021-05-21,65745,9242917,39936,4916020,23712,4026573,2097,300324,23491,971054,0.119455,41942,4315423,0.530864,25890,5286477,0.650319,8129050
3,2021-05-22,45577,9288494,30239,4946259,13872,4040445,1466,301790,19074,965553,0.118778,26297,4341720,0.534099,20796,5307273,0.652877,8129050
3,2021-05-23,21729,9310223,15040,4961299,6040,4046485,649,302439,9199,963070,0.118473,12442,4354162,0.53563,9959,5317232,0.654103,8129050
3,2021-05-24,39449,9349672,23059,4984358,14633,4061118,1757,304196,14627,955026,0.117483,24632,4378794,0.53866,16588,5333820,0.656143,8129050
3,2021-05-25,42636,9392308,24000,5008358,16961,4078079,1675,305871,15165,944877,0.116235,27212,4406006,0.542007,17063,5350883,0.658242,8129050
3,2021-05-26,42326,9434634,24237,5032595,16370,4094449,1719,307590,15853,936406,0.115193,26179,4432185,0.545228,17708,5368591,0.66042,8129050
3,2021-05-27,39289,9473923,22050,5054645,15489,4109938,1750,309340,15437,930139,0.114422,23694,4455879,0.548143,17427,5386018,0.662564,8129050
3,2021-05-28,42660,9516583,24107,5078752,16757,4126695,1796,311136,17724,925248,0.11382,24733,4480612,0.551185,19842,5405860,0.665005,8129050
3,2021-05-29,23435,9540018,14326,5093078,8272,4134967,837,311973,10992,924890,0.113776,12312,4492924,0.5527,11954,5417814,0.666476,8129050
3,2021-05-30,10577,9550595,6855,5099933,3086,4138053,636,312609,4456,923976,0.113663,6046,4498970,0.553444,5132,5422946,0.667107,8129050
3,2021-05-31,4621,9555216,2670,5102603,1687,4139740,264,312873,1455,922594,0.113493,3130,4502100,0.553829,1748,5424694,0.667322,8129050
3,2021-06-01,37619,9592835,21668,5124271,14517,4154257,1434,314307,13180,913191,0.112337,24209,4526309,0.556807,14806,5439500,0.669143,8129050
3,2021-06-02,31422,9624257,18066,5142337,11950,4166207,1406,315713,11653,906818,0.111553,19564,4545873,0.559213,13191,5452691,0.670766,8129050
3,2021-06-03,39536,9663793,27065,5169402,11038,4177245,1433,317146,11449,892012,0.109731,27909,4573782,0.562647,13103,5465794,0.672378,8129050
3,2021-06-04,46074,9709867,32591,5201993,11939,4189184,1544,318690,13130,874374,0.107562,32713,4606495,0.566671,15075,5480869,0.674232,8129050
3,2021-06-05,34280,9744147,25852,5227845,7241,4196425,1187,319877,8748,859168,0.105691,25325,4631820,0.569786,10119,5490988,0.675477,8129050
3,2021-06-06,14618,9758765,12199,5240044,1838,4198263,581,320458,3762,852876,0.104917,10796,4642616,0.571114,4504,5495492,0.676031,8129050
3,2021-06-07,30361,9789126,22072,5262116,7009,4205272,1280,321738,8724,841510,0.103519,21490,4664106,0.573758,10124,5505616,0.677277,8129050
3,2021-06-08,34244,9823370,24600,5286716,8359,4213631,1285,323023,9955,828882,0.101965,24079,4688185,0.57672,11451,5517067,0.678685,8129050
3,2021-06-09,32934,9856304,23897,5310613,7739,4221370,1298,324321,8865,815310,0.100296,23892,4712077,0.579659,10320,5527387,0.679955,8129050
3,2021-06-10,32431,9888735,23391,5334004,7515,4228885,1525,325846,8955,802665,0.09874,23322,4735399,0.582528,10677,5538064,0.681268,8129050
3,2021-06-11,35484,9924219,25097,5359101,9024,4237909,1363,327209,10573,790059,0.09719,24716,4760115,0.585568,12110,5550174,0.682758,8129050
3,2021-06-12,25097,9949316,18921,5378022,5285,4243194,891,328100,6698,779514,0.095892,18285,4778400,0.587818,7740,5557914,0.68371,8129050
3,2021-06-13,10123,9959439,7572,5385594,2061,4245255,490,328590,2362,774729,0.095304,7707,4786107,0.588766,2922,5560836,0.68407,8129050
3,2021-06-14,25750,9985189,18454,5404048,5880,4251135,1416,330006,8084,766832,0.094332,17536,4803643,0.590923,9639,5570475,0.685255,8129050
3,2021-06-15,28667,10013856,19402,5423450,7765,4258900,1500,331506,9651,759360,0.093413,18791,4822434,0.593235,11319,5581794,0.686648,8129050
3,2021-06-16,25801,10039657,18315,5441765,6077,4264977,1409,332915,8698,752700,0.092594,16922,4839356,0.595316,10262,5592056,0.68791,8129050
3,2021-06-17,24791,10064448,17759,5459524,5747,4270724,1285,334200,8609,746699,0.091856,16030,4855386,0.597288,10029,5602085,0.689144,8129050
3,2021-06-18,27914,10092362,19713,5479237,6632,4277356,1569,335769,9794,740334,0.091073,17894,4873280,0.599489,11529,5613614,0.690562,8129050
3,2021-06-19,15946,10108308,11717,5490954,3375,4280731,854,336623,5700,736874,0.090647,10121,4883401,0.600735,6661,5620275,0.691382,8129050
3,2021-06-20,6852,10115160,5140,5496094,1415,4282146,297,336920,2598,735620,0.090493,4202,4887603,0.601251,2948,5623223,0.691744,8129050
3,2021-06-21,16184,10131344,10214,5506308,4576,4286722,1394,338314,8068,737175,0.090684,8026,4895629,0.602239,9581,5632804,0.692923,8129050
3,2021-06-22,22036,10153380,15455,5521763,5288,4292010,1293,339607,8262,733224,0.090198,13659,4909288,0.603919,9708,5642512,0.694117,8129050
3,2021-06-23,20188,10173568,14155,5535918,4708,4296718,1325,340932,8002,730615,0.089877,12075,4921363,0.605404,9466,5651978,0.695281,8129050
3,2021-06-24,19877,10193445,13840,5549758,4596,4301314,1441,342373,7762,727981,0.089553,11948,4933311,0.606874,9314,5661292,0.696427,8129050
3,2021-06-25,23220,10216665,16477,5566235,5321,4306635,1422,343795,9082,724601,0.089137,14009,4947320,0.608598,10629,5671921,0.697735,8129050
3,2021-06-26,13800,10230465,10242,5576477,2787,4309422,771,344566,5747,723289,0.088976,7984,4955304,0.60958,6672,5678593,0.698556,8129050
3,2021-06-27,6684,10237149,5166,5581643,1210,4310632,308,344874,2861,722700,0.088903,3789,4959093,0.610046,3200,5681793,0.698949,8129050
3,2021-06-28,15840,10252989,12169,5593812,2599,4313231,1072,345946,6686,721511,0.088757,9045,4968138,0.611158,7856,5689649,0.699916,8129050
3,2021-06-29,17886,10270875,12613,5606425,4286,4317517,987,346933,7327,719516,0.088512,10440,4978578,0.612443,8445,5698094,0.700954,8129050
3,2021-06-30,16837,10287712,11930,5618355,3872,4321389,1035,347968,7223,718431,0.088378,9486,4988064,0.61361,8401,5706495,0.701988,8129050
3,2021-07-01,16108,10303820,11486,5629841,3563,4324952,1059,349027,6766,717111,0.088216,9244,4997308,0.614747,7924,5714419,0.702963,8129050
3,2021-07-02,18273,10322093,13004,5642845,4173,4329125,1096,350123,7779,715704,0.088043,10385,5007693,0.616024,8978,5723397,0.704067,8129050
3,2021-07-03,9954,10332047,7203,5650048,2324,4331449,427,350550,4263,714869,0.08794,5628,5013321,0.616717,4793,5728190,0.704657,8129050
3,2021-07-04,702,10332749,406,5650454,209,4331658,87,350637,266,714809,0.087933,429,5013750,0.616769,369,5728559,0.704702,8129050
3,2021-07-05,9469,10342218,6926,5657380,2120,4333778,423,351060,4286,714460,0.08789,5119,5018869,0.617399,4770,5733329,0.705289,8129050
3,2021-07-06,18839,10361057,13664,5671044,4062,4337840,1113,352173,6816,710622,0.087418,11886,5030755,0.618861,8048,5741377,0.706279,8129050
3,2021-07-07,15549,10376606,11030,5682074,3413,4341253,1106,353279,6284,708950,0.087212,9166,5039921,0.619989,7494,5748871,0.707201,8129050
3,2021-07-08,15025,10391631,10919,5692993,3220,4344473,886,354165,6142,707273,0.087006,8791,5048712,0.62107,7114,5755985,0.708076,8129050
3,2021-07-09,17216,10408847,12081,5705074,4059,4348532,1076,355241,7157,705664,0.086808,9948,5058660,0.622294,8339,5764324,0.709102,8129050
3,2021-07-10,10570,10419417,7842,5712916,2166,4350698,562,355803,4542,704891,0.086713,5964,5064624,0.623028,5191,5769515,0.70974,8129050
3,2021-07-11,5055,10424472,3737,5716653,1047,4351745,271,356074,2295,704750,0.086695,2727,5067351,0.623363,2586,5772101,0.710058,8129050
3,2021-07-12,14117,10438589,10372,5727025,2864,4354609,881,356955,5690,703039,0.086485,8354,5075705,0.624391,6643,5778744,0.710876,8129050
3,2021-07-13,14861,10453450,10576,5737601,3506,4358115,779,357734,6564,702264,0.086389,8199,5083904,0.6254,7424,5786168,0.711789,8129050
3,2021-07-14,14063,10467513,10096,5747697,3210,4361325,757,358491,6329,701777,0.08633,7636,5091540,0.626339,7149,5793317,0.712668,8129050
3,2021-07-15,14275,10481788,10445,5758142,3176,4364501,654,359145,6631,701581,0.086305,7554,5099094,0.627268,7358,5800675,0.713574,8129050
3,2021-07-16,17330,10499118,12561,5770703,4012,4368513,757,359902,8347,701874,0.086341,8883,5107977,0.628361,9176,5809851,0.714702,8129050
3,2021-07-17,10748,10509866,7939,5778642,2429,4370942,380,360282,5168,701978,0.086354,5513,5113490,0.629039,5617,5815468,0.715393,8129050
3,2021-07-18,5418,10515284,4096,5782738,1082,4372024,240,360522,2655,702174,0.086378,2727,5116217,0.629375,2923,5818391,0.715753,8129050
3,2021-07-19,14475,10529759,10706,5793444,3072,4375096,697,361219,7175,702922,0.08647,7204,5123421,0.630261,7952,5826343,0.716731,8129050
3,2021-07-20,15839,10545598,11128,5804572,3985,4379081,726,361945,8227,704448,0.086658,7509,5130930,0.631184,9035,5835378,0.717843,8129050
3,2021-07-21,15179,10560777,10896,5815468,3603,4382684,680,362625,7749,705634,0.086804,7318,5138248,0.632085,8504,5843882,0.718889,8129050
3,2021-07-22,10604,10571381,7533,5823001,2467,4385151,604,363229,5534,706843,0.086953,5002,5143250,0.6327,6211,5850093,0.719653,8129050
4,2020-12-15,454,454,454,454,0,0,0,0,454,454,5.6e-05,0,0,0.0,454,454,5.6e-05,8037679
4,2020-12-16,3046,3500,3046,3500,0,0,0,0,3046,3500,0.000435,0,0,0.0,3046,3500,0.000435,8037679
4,2020-12-17,8965,12465,8965,12465,0,0,0,0,8965,12465,0.001551,0,0,0.0,8965,12465,0.001551,8037679
4,2020-12-18,16210,28675,16198,28663,12,12,0,0,16210,28675,0.003568,0,0,0.0,16210,28675,0.003568,8037679
4,2020-12-19,10390,39065,10381,39044,9,21,0,0,10326,39001,0.004852,0,0,0.0,10326,39001,0.004852,8037679
4,2020-12-20,7430,46495,7423,46467,7,28,0,0,7385,46386,0.005771,0,0,0.0,7385,46386,0.005771,8037679
4,2020-12-21,16407,62902,16381,62848,26,54,0,0,16340,62725,0.007804,1,1,0.0,16340,62726,0.007804,8037679
4,2020-12-22,17220,80122,16470,79318,750,804,0,0,17175,79896,0.00994,4,5,1e-06,17175,79901,0.009941,8037679
4,2020-12-23,17143,97265,14410,93728,2733,3537,0,0,17121,97014,0.01207,3,8,1e-06,17121,97022,0.012071,8037679
4,2020-12-24,8567,105832,5977,99705,2590,6127,0,0,8566,105580,0.013136,0,8,1e-06,8566,105588,0.013137,8037679
4,2020-12-25,907,106739,802,100507,105,6232,0,0,907,106487,0.013248,0,8,1e-06,907,106495,0.013249,8037679
4,2020-12-26,6183,112922,3901,104408,2282,8514,0,0,6183,112670,0.014018,0,8,1e-06,6183,112678,0.014019,8037679
4,2020-12-27,3425,116347,1990,106398,1435,9949,0,0,3425,116095,0.014444,0,8,1e-06,3425,116103,0.014445,8037679
4,2020-12-28,15166,131513,9382,115780,5784,15733,0,0,15137,131229,0.016327,3,11,1e-06,15137,131240,0.016328,8037679
4,2020-12-29,15436,146949,8539,124319,6897,22630,0,0,15403,146632,0.018243,0,11,1e-06,15403,146643,0.018244,8037679
4,2020-12-30,18999,165948,11089,135408,7910,30540,0,0,18988,165618,0.020605,2,13,2e-06,18988,165631,0.020607,8037679
4,2020-12-31,8313,174261,3368,138776,4945,35485,0,0,8301,173910,0.021637,9,22,3e-06,8301,173932,0.02164,8037679
4,2021-01-01,1631,175892,739,139515,892,36377,0,0,1627,175534,0.021839,3,25,3e-06,1627,175559,0.021842,8037679
4,2021-01-02,5741,181633,3244,142759,2497,38874,0,0,5739,181272,0.022553,1,26,3e-06,5739,181298,0.022556,8037679
4,2021-01-03,2146,183779,1269,144028,877,39751,0,0,2132,183401,0.022818,3,29,4e-06,2132,183430,0.022821,8037679
4,2021-01-04,12988,196767,7031,151059,5957,45708,0,0,12939,196311,0.024424,29,58,7e-06,12939,196369,0.024431,8037679
4,2021-01-05,16976,213743,10058,161117,6918,52626,0,0,14758,208893,0.025989,2189,2247,0.00028,14771,211140,0.026269,8037679
4,2021-01-06,21671,235414,13282,174399,8389,61015,0,0,15558,218400,0.027172,6065,8312,0.001034,15572,226712,0.028206,8037679
4,2021-01-07,28044,263458,17095,191494,10949,71964,0,0,16743,223923,0.027859,11241,19553,0.002433,16764,243476,0.030292,8037679
4,2021-01-08,32983,296441,21169,212663,11814,83778,0,0,18382,227792,0.028341,14534,34087,0.004241,18403,261879,0.032581,8037679
4,2021-01-09,16334,312775,9669,222332,6665,90443,0,0,9482,230445,0.028671,6841,40928,0.005092,9494,271373,0.033763,8037679
4,2021-01-10,8800,321575,5685,228017,3115,93558,0,0,4176,230016,0.028617,4613,45541,0.005666,4184,275557,0.034283,8037679
4,2021-01-11,33585,355160,22060,250077,11525,105083,0,0,18900,234305,0.029151,14657,60198,0.007489,18946,294503,0.03664,8037679
4,2021-01-12,38670,393830,22306,272383,16364,121447,0,0,24338,244407,0.030408,14277,74475,0.009266,24379,318882,0.039673,8037679
4,2021-01-13,39014,432844,19330,291713,19684,141131,0,0,27595,260652,0.032429,11378,85853,0.010681,27623,346505,0.04311,8037679
4,2021-01-14,39523,472367,15223,306936,24300,165431,0,0,32286,285769,0.035554,7198,93051,0.011577,32315,378820,0.047131,8037679
4,2021-01-15,45599,517966,15948,322884,29651,195082,0,0,39995,320254,0.039844,5536,98587,0.012266,40021,418841,0.05211,8037679
4,2021-01-16,28847,546813,9417,332301,19430,214512,0,0,25718,342891,0.04266,3099,101686,0.012651,25736,444577,0.055312,8037679
4,2021-01-17,19180,565993,6758,339059,12422,226934,0,0,17647,359041,0.04467,1511,103197,0.012839,17661,462238,0.057509,8037679
4,2021-01-18,29546,595539,13678,352737,15868,242802,0,0,23548,376684,0.046865,5931,109128,0.013577,23574,485812,0.060442,8037679
4,2021-01-19,46258,641797,23121,375858,23137,265939,0,0,36845,404240,0.050293,9365,118493,0.014742,36921,522733,0.065035,8037679
4,2021-01-20,52795,694592,28268,404126,24527,290466,0,0,42195,435996,0.054244,10501,128994,0.016049,42257,564990,0.070293,8037679
4,2021-01-21,57989,752581,26148,430274,31841,322307,0,0,51187,480509,0.059782,6720,135714,0.016885,51233,616223,0.076667,8037679
4,2021-01-22,55561,808142,22327,452601,33234,355541,0,0,50371,525787,0.065415,5120,140834,0.017522,50398,666621,0.082937,8037679
4,2021-01-23,39754,847896,17453,470054,22301,377842,0,0,35390,556852,0.06928,4354,145188,0.018063,35419,702040,0.087344,8037679
4,2021-01-24,24062,871958,10514,480568,13548,391390,0,0,22155,577127,0.071803,1898,147086,0.0183,22173,724213,0.090102,8037679
4,2021-01-25,48154,920112,22285,502853,25869,417259,0,0,36975,603013,0.075023,11147,158233,0.019686,37033,761246,0.09471,8037679
4,2021-01-26,57137,977249,29155,532008,27982,445241,0,0,44800,635575,0.079074,12300,170533,0.021217,44862,806108,0.100291,8037679
4,2021-01-27,56482,1033731,26891,558899,29591,474832,0,0,45355,669936,0.083349,11047,181580,0.022591,45408,851516,0.105941,8037679
4,2021-01-28,56908,1090639,25745,584644,31163,505995,0,0,46833,706837,0.08794,9978,191558,0.023833,46879,898395,0.111773,8037679
4,2021-01-29,56820,1147459,27279,611923,29541,535536,0,0,46317,742887,0.092426,10302,201860,0.025114,46352,944747,0.11754,8037679
4,2021-01-30,38238,1185697,17289,629212,20949,556485,0,0,32849,770433,0.095853,5332,207192,0.025778,32878,977625,0.12163,8037679
4,2021-01-31,24067,1209764,12687,641899,11380,567865,0,0,22356,791116,0.098426,1691,208883,0.025988,22374,999999,0.124414,8037679
4,2021-02-01,49863,1259627,24038,665937,25825,593690,0,0,38144,817641,0.101726,11662,220545,0.027439,38187,1038186,0.129165,8037679
4,2021-02-02,55767,1315394,25650,691587,30117,623807,0,0,42798,847593,0.105452,12890,233435,0.029043,42842,1081028,0.134495,8037679
4,2021-02-03,62430,1377824,30670,722257,31760,655567,0,0,47853,881074,0.109618,14425,247860,0.030837,47906,1128934,0.140455,8037679
4,2021-02-04,67842,1445666,31466,753723,36376,691943,0,0,50935,915387,0.113887,16731,264591,0.032919,51044,1179978,0.146806,8037679
4,2021-02-05,73653,1519319,34152,787875,39501,731444,0,0,51106,944364,0.117492,22263,286854,0.035689,51240,1231218,0.153181,8037679
4,2021-02-06,48934,1568253,26328,814203,22606,754050,0,0,37277,970258,0.120714,11586,298440,0.03713,37480,1268698,0.157844,8037679
4,2021-02-07,26615,1594868,17599,831802,9016,763066,0,0,20086,984086,0.122434,6496,304936,0.037938,20324,1289022,0.160372,8037679
4,2021-02-08,58959,1653827,30423,862225,28536,791602,0,0,38317,1002166,0.124684,20501,325437,0.040489,38581,1327603,0.165172,8037679
4,2021-02-09,67679,1721506,34317,896542,33362,824964,0,0,39644,1014410,0.126207,27841,353278,0.043953,40085,1367688,0.17016,8037679
4,2021-02-10,77809,1799315,38953,935495,38856,863820,0,0,40855,1019108,0.126791,36702,389980,0.048519,41400,1409088,0.17531,8037679
4,2021-02-11,81925,1881240,42850,978345,39075,902895,0,0,41623,1021383,0.127074,40024,430004,0.053499,42299,1451387,0.180573,8037679
4,2021-02-12,85026,1966266,38148,1016493,46878,949773,0,0,43654,1024740,0.127492,41086,471090,0.05861,44443,1495830,0.186102,8037679
4,2021-02-13,59249,2025515,30028,1046521,29221,978994,0,0,30158,1026853,0.127755,28947,500037,0.062212,31060,1526890,0.189967,8037679
4,2021-02-14,37103,2062618,19301,1065822,17802,996796,0,0,18986,1028438,0.127952,18058,518095,0.064458,19643,1546533,0.19241,8037679
4,2021-02-15,46534,2109152,21824,1087646,24710,1021506,0,0,23824,1030824,0.128249,22621,540716,0.067273,25007,1571540,0.195522,8037679
4,2021-02-16,80805,2189957,37098,1124744,43707,1065213,0,0,41046,1033475,0.128579,39613,580329,0.072201,42264,1613804,0.20078,8037679
4,2021-02-17,82110,2272067,38837,1163581,43273,1108486,0,0,39023,1030753,0.12824,42870,623199,0.077535,40148,1653952,0.205775,8037679
4,2021-02-18,83988,2356055,46251,1209832,37737,1146223,0,0,38767,1025979,0.127646,45021,668220,0.083136,40247,1694199,0.210782,8037679
4,2021-02-19,83387,2439442,52388,1262220,30999,1177222,0,0,41582,1026628,0.127727,41624,709844,0.088315,42273,1736472,0.216041,8037679
4,2021-02-20,49918,2489360,33248,1295468,16670,1193892,0,0,27006,1031504,0.128334,22824,732668,0.091154,27700,1764172,0.219488,8037679
4,2021-02-21,30308,2519668,24069,1319537,6239,1200131,0,0,14621,1030813,0.128248,15598,748266,0.093095,14907,1779079,0.221342,8037679
4,2021-02-22,55470,2575138,38130,1357667,17340,1217471,0,0,26672,1029297,0.128059,28639,776905,0.096658,27123,1806202,0.224717,8037679
4,2021-02-23,76680,2651818,42462,1400129,34218,1251689,0,0,33535,1021569,0.127098,42934,819839,0.101999,35206,1841408,0.229097,8037679
4,2021-02-24,91932,2743750,48575,1448704,43357,1295046,0,0,41279,1014626,0.126234,50376,870215,0.108267,43433,1884841,0.234501,8037679
4,2021-02-25,103531,2847281,54166,1502870,49365,1344411,0,0,49322,1012525,0.125972,53974,924189,0.114982,51873,1936714,0.240954,8037679
4,2021-02-26,109744,2957025,55484,1558354,54260,1398671,0,0,56019,1017490,0.12659,53413,977602,0.121627,58378,1995092,0.248217,8037679
4,2021-02-27,79882,3036907,43529,1601883,36343,1435014,10,10,42558,1024443,0.127455,37102,1014704,0.126243,44055,2039147,0.253698,8037679
4,2021-02-28,49414,3086321,30534,1632417,18873,1453887,7,17,27221,1030558,0.128216,21999,1036703,0.12898,28114,2067261,0.257196,8037679
4,2021-03-01,79859,3166180,46853,1679270,32961,1486848,45,62,43948,1040163,0.129411,35582,1072285,0.133407,45187,2112448,0.262818,8037679
4,2021-03-02,86932,3253112,49939,1729209,36984,1523832,9,71,50818,1056860,0.131488,35918,1108203,0.137876,52615,2165063,0.269364,8037679
4,2021-03-03,100914,3354026,53707,1782916,47191,1571023,16,87,56362,1070681,0.133208,44327,1152530,0.143391,58148,2223211,0.276599,8037679
4,2021-03-04,98392,3452418,54582,1837498,43793,1614816,17,104,53814,1081957,0.134611,44332,1196862,0.148906,55608,2278819,0.283517,8037679
4,2021-03-05,95953,3548371,51915,1889413,43718,1658534,320,424,56587,1101662,0.137062,39138,1236000,0.153776,58843,2337662,0.290838,8037679
4,2021-03-06,76844,3625215,43331,1932744,30869,1689403,2644,3068,47136,1123206,0.139743,29569,1265569,0.157455,51113,2388775,0.297197,8037679
4,2021-03-07,44888,3670103,27564,1960308,15134,1704537,2190,5258,26081,1133846,0.141066,18718,1284287,0.159783,29358,2418133,0.30085,8037679
4,2021-03-08,67998,3738101,35606,1995914,29020,1733557,3372,8630,44680,1160034,0.144324,23185,1307472,0.162668,49373,2467506,0.306992,8037679
4,2021-03-09,82062,3820163,41455,2037369,35351,1768908,5256,13886,44260,1173018,0.14594,37607,1345079,0.167347,50591,2518097,0.313287,8037679
4,2021-03-10,91593,3911756,47231,2084600,36876,1805784,7486,21372,46225,1182487,0.147118,45158,1390237,0.172965,54627,2572724,0.320083,8037679
4,2021-03-11,101135,4012891,53056,2137656,39612,1845396,8467,29839,46673,1184502,0.147369,54195,1444432,0.179708,56210,2628934,0.327076,8037679
4,2021-03-12,104863,4117754,51676,2189332,42869,1888265,10318,40157,44779,1180710,0.146897,59789,1504221,0.187146,55997,2684931,0.334043,8037679
4,2021-03-13,81838,4199592,37926,2227258,35454,1923719,8458,48615,38654,1185868,0.147539,43037,1547258,0.192501,48195,2733126,0.340039,8037679
4,2021-03-14,50037,4249629,28484,2255742,17903,1941622,3650,52265,23340,1186865,0.147663,26593,1573851,0.195809,27590,2760716,0.343472,8037679
4,2021-03-15,84004,4333633,45207,2300949,34539,1976161,4258,56523,42595,1193408,0.148477,41143,1614994,0.200928,47686,2808402,0.349405,8037679
4,2021-03-16,108248,4441881,56281,2357230,48544,2024705,3423,59946,57058,1203651,0.149751,50923,1665917,0.207263,61166,2869568,0.357015,8037679
4,2021-03-17,107542,4549423,57969,2415199,46071,2070776,3502,63448,62873,1226170,0.152553,44388,1710305,0.212786,66907,2936475,0.365339,8037679
4,2021-03-18,107527,4656950,59636,2474835,44192,2114968,3699,67147,60798,1244643,0.154851,46440,1756745,0.218564,64913,3001388,0.373415,8037679
4,2021-03-19,112013,4768963,64468,2539303,42329,2157297,5216,72363,63496,1265508,0.157447,48224,1804969,0.224563,69089,3070477,0.38201,8037679
4,2021-03-20,84442,4853405,49383,2588686,32040,2189337,3019,75382,51610,1287776,0.160217,32663,1837632,0.228627,54931,3125408,0.388845,8037679
4,2021-03-21,48407,4901812,35076,2623762,11073,2200410,2258,77640,28202,1298512,0.161553,20071,1857703,0.231124,30807,3156215,0.392677,8037679
4,2021-03-22,82849,4984661,54129,2677891,25982,2226392,2738,80378,51258,1321894,0.164462,31323,1889026,0.235021,54705,3210920,0.399483,8037679
4,2021-03-23,105189,5089850,62996,2740887,40043,2266435,2150,82528,62419,1344526,0.167278,42482,1931508,0.240307,65114,3276034,0.407585,8037679
4,2021-03-24,113834,5203684,73462,2814349,37951,2304386,2421,84949,63979,1361968,0.169448,49402,1980910,0.246453,66844,3342878,0.415901,8037679
4,2021-03-25,117385,5321069,72238,2886587,42747,2347133,2400,87349,66873,1381697,0.171902,50016,2030926,0.252676,69745,3412623,0.424578,8037679
4,2021-03-26,120080,5441149,72857,2959444,44180,2391313,3043,90392,65398,1396431,0.173736,54297,2085223,0.259431,69031,3481654,0.433167,8037679
4,2021-03-27,92279,5533428,54390,3013834,36098,2427411,1791,92183,46713,1400108,0.174193,45306,2130529,0.265068,48983,3530637,0.439261,8037679
4,2021-03-28,55880,5589308,36885,3050719,18121,2445532,874,93057,29523,1404708,0.174765,26169,2156698,0.268323,30769,3561406,0.443089,8037679
4,2021-03-29,93849,5683157,56240,3106959,35529,2481061,2080,95137,50528,1414814,0.176023,43041,2199739,0.273678,53147,3614553,0.449701,8037679
4,2021-03-30,117384,5800541,64052,3171011,49171,2530232,4161,99298,69623,1441504,0.179343,47507,2247246,0.279589,74197,3688750,0.458932,8037679
4,2021-03-31,121423,5921964,71628,3242639,43482,2573714,6313,105611,67989,1462941,0.18201,53059,2300305,0.28619,74496,3763246,0.468201,8037679
4,2021-04-01,142887,6064851,81467,3324106,48123,2621837,13297,118908,84016,1501970,0.186866,58368,2358673,0.293452,97397,3860643,0.480318,8037679
4,2021-04-02,136970,6201821,73156,3397262,50199,2672036,13615,132523,78974,1537134,0.191241,57679,2416352,0.300628,92843,3953486,0.491869,8037679
4,2021-04-03,101419,6303240,54187,3451449,33779,2705815,13453,145976,52699,1554974,0.193461,48504,2464856,0.306663,66344,4019830,0.500123,8037679
4,2021-04-04,46968,6350208,24786,3476235,14646,2720461,7536,153512,20372,1556386,0.193636,26481,2491337,0.309957,27893,4047723,0.503594,8037679
4,2021-04-05,109749,6459957,61623,3537858,35260,2755721,12866,166378,56824,1573918,0.195817,52689,2544026,0.316513,70221,4117944,0.51233,8037679
4,2021-04-06,139118,6599075,78274,3616132,41030,2796751,19814,186192,72083,1599594,0.199012,66781,2610807,0.324821,92457,4210401,0.523833,8037679
4,2021-04-07,137924,6736999,78163,3694295,38997,2835748,20764,206956,71276,1625497,0.202235,66379,2677186,0.333079,92282,4302683,0.535314,8037679
4,2021-04-08,140350,6877349,78175,3772470,36656,2872404,25519,232475,69709,1650950,0.205401,70329,2747515,0.341829,95782,4398465,0.547231,8037679
4,2021-04-09,138048,7015397,75703,3848173,39235,2911639,23110,255585,65764,1668787,0.207621,72020,2819535,0.35079,89857,4488322,0.55841,8037679
4,2021-04-10,104059,7119456,51341,3899514,33811,2945450,18907,274492,46929,1678716,0.208856,56912,2876447,0.35787,66841,4555163,0.566726,8037679
4,2021-04-11,62803,7182259,38130,3937644,13485,2958935,11188,285680,27389,1683037,0.209393,35299,2911746,0.362262,39620,4594783,0.571655,8037679
4,2021-04-12,103031,7285290,62611,4000255,30205,2989140,10215,295895,51893,1695525,0.210947,50825,2962571,0.368585,63313,4658096,0.579532,8037679
4,2021-04-13,130631,7415921,81965,4082220,48500,3037640,166,296061,78156,1722545,0.214309,52163,3014734,0.375075,79183,4737279,0.589384,8037679
4,2021-04-14,135846,7551767,86536,4168756,49234,3086874,76,296137,75141,1738633,0.21631,60358,3075092,0.382585,76446,4813725,0.598895,8037679
4,2021-04-15,156592,7708359,104158,4272914,52366,3139240,68,296205,96072,1775418,0.220887,60120,3135212,0.390064,96905,4910630,0.610951,8037679
4,2021-04-16,143843,7852202,91213,4364127,52551,3191791,79,296284,83575,1799863,0.223928,59929,3195141,0.39752,84374,4995004,0.621449,8037679
4,2021-04-17,101769,7953971,63934,4428061,37811,3229602,24,296308,59677,1818919,0.226299,41794,3236935,0.40272,60850,5055854,0.629019,8037679
4,2021-04-18,56912,8010883,38455,4466516,18454,3248056,3,296311,32079,1827274,0.227339,24689,3261624,0.405792,33044,5088898,0.63313,8037679
4,2021-04-19,101746,8112629,67096,4533612,34633,3282689,17,296328,51932,1830265,0.227711,49560,3311184,0.411958,52551,5141449,0.639668,8037679
4,2021-04-20,132077,8244706,78811,4612423,53250,3335939,16,296344,68981,1837567,0.228619,62768,3373952,0.419767,70070,5211519,0.648386,8037679
4,2021-04-21,134649,8379355,87919,4700342,46676,3382615,54,296398,67993,1840470,0.22898,66254,3440206,0.42801,69157,5280676,0.65699,8037679
4,2021-04-22,141678,8521033,94064,4794406,47591,3430206,23,296421,63460,1827262,0.227337,77819,3518025,0.437692,64611,5345287,0.665029,8037679
4,2021-04-23,135221,8656254,88050,4882456,47147,3477353,24,296445,58923,1811468,0.225372,75932,3593957,0.447139,60138,5405425,0.672511,8037679
4,2021-04-24,98877,8755131,66716,4949172,32112,3509465,49,296494,45625,1805273,0.224601,52941,3646898,0.453725,46746,5452171,0.678327,8037679
4,2021-04-25,50397,8805528,35539,4984711,14831,3524296,27,296521,26364,1808233,0.22497,23883,3670781,0.456697,26843,5479014,0.681666,8037679
4,2021-04-26,92095,8897623,60388,5045099,31309,3555605,398,296919,36355,1790890,0.222812,55433,3726214,0.463593,38090,5517104,0.686405,8037679
4,2021-04-27,113951,9011574,69665,5114764,41971,3597576,2315,299234,41193,1762770,0.219313,72426,3798640,0.472604,44306,5561410,0.691917,8037679
4,2021-04-28,104403,9115977,68248,5183012,33627,3631203,2528,301762,38334,1738575,0.216303,65722,3864362,0.480781,41527,5602937,0.697084,8037679
4,2021-04-29,105546,9221523,67443,5250455,35578,3666781,2525,304287,34182,1704874,0.21211,71010,3935372,0.489615,37309,5640246,0.701726,8037679
4,2021-04-30,105369,9326892,66815,5317270,35856,3702637,2698,306985,36305,1675876,0.208502,68665,4004037,0.498158,39667,5679913,0.706661,8037679
4,2021-05-01,69242,9396134,45959,5363229,21511,3724148,1772,308757,20164,1649645,0.205239,48809,4052846,0.504231,22578,5702491,0.70947,8037679
4,2021-05-02,37548,9433682,26646,5389875,9619,3733767,1283,310040,10551,1634747,0.203385,26877,4079723,0.507575,11979,5714470,0.71096,8037679
4,2021-05-03,79135,9512817,55223,5445098,21431,3755198,2481,312521,19287,1597297,0.198726,59587,4139310,0.514988,22137,5736607,0.713714,8037679
4,2021-05-04,101135,9613952,69262,5514360,29109,3784307,2764,315285,22744,1545100,0.192232,78100,4217410,0.524705,25903,5762510,0.716937,8037679
4,2021-05-05,101774,9715726,71803,5586163,27238,3811545,2733,318018,22102,1490901,0.185489,79339,4296749,0.534576,25140,5787650,0.720065,8037679
4,2021-05-06,111328,9827054,83391,5669554,25001,3836546,2936,320954,19679,1423463,0.177099,91172,4387921,0.545919,23734,5811384,0.723018,8037679
4,2021-05-07,104486,9931540,75146,5744700,26658,3863204,2682,323636,20653,1363745,0.169669,83470,4471391,0.556304,23752,5835136,0.725973,8037679
4,2021-05-08,69395,10000935,47819,5792519,19647,3882851,1929,325565,13767,1324418,0.164776,55382,4526773,0.563194,16055,5851191,0.72797,8037679
4,2021-05-09,34190,10035125,27955,5820474,5289,3888140,946,326511,7492,1306359,0.162529,26591,4553364,0.566502,8532,5859723,0.729032,8037679
4,2021-05-10,64786,10099911,43299,5863773,19169,3907309,2318,328829,11015,1266450,0.157564,53556,4606920,0.573165,13647,5873370,0.73073,8037679
4,2021-05-11,82352,10182263,51383,5915156,28785,3936094,2184,331013,15792,1218605,0.151612,66317,4673237,0.581416,18472,5891842,0.733028,8037679
4,2021-05-12,79414,10261677,52838,5967994,24115,3960209,2461,333474,16637,1175590,0.14626,62485,4735722,0.58919,19470,5911312,0.73545,8037679
4,2021-05-13,104213,10365890,76762,6044756,25918,3986127,1533,335007,40423,1155094,0.14371,63462,4799184,0.597086,42966,5954278,0.740796,8037679
4,2021-05-14,104584,10470474,73873,6118629,28587,4014714,2124,337131,40296,1134077,0.141095,63972,4863156,0.605045,42955,5997233,0.74614,8037679
4,2021-05-15,85264,10555738,65956,6184585,17981,4032695,1327,338458,37646,1125965,0.140086,47374,4910530,0.610939,39262,6036495,0.751025,8037679
4,2021-05-16,51458,10607196,41474,6226059,9272,4041967,712,339170,21068,1117644,0.139051,30239,4940769,0.614701,21918,6058413,0.753752,8037679
4,2021-05-17,70985,10678181,51850,6277909,17294,4059261,1841,341011,28070,1105072,0.137486,42713,4983482,0.620015,30141,6088554,0.757502,8037679
4,2021-05-18,81539,10759720,53056,6330965,26726,4085987,1757,342768,29199,1084413,0.134916,51979,5035461,0.626482,31320,6119874,0.761398,8037679
4,2021-05-19,76654,10836374,51840,6382805,22871,4108858,1943,344711,30847,1071977,0.133369,45516,5080977,0.632145,33080,6152954,0.765514,8037679
4,2021-05-20,68942,10905316,44363,6427168,22583,4131441,1996,346707,25571,1056807,0.131482,43082,5124059,0.637505,27912,6180866,0.768986,8037679
4,2021-05-21,73401,10978717,48416,6475584,23125,4154566,1860,348567,25876,1037576,0.129089,47235,5171294,0.643382,28004,6208870,0.772471,8037679
4,2021-05-22,49678,11028395,34871,6510455,13533,4168099,1274,349841,21657,1032871,0.128504,27860,5199154,0.646848,23155,6232025,0.775351,8037679
4,2021-05-23,23962,11052357,17093,6527548,6146,4174245,723,350564,9758,1029379,0.128069,14083,5213237,0.6486,10591,6242616,0.776669,8037679
4,2021-05-24,43046,11095403,27377,6554925,12668,4186913,3001,353565,15069,1019890,0.126889,27759,5240996,0.652053,18270,6260886,0.778942,8037679
4,2021-05-25,44776,11140179,27841,6582766,14113,4201026,2822,356387,15867,1010135,0.125675,28675,5269671,0.655621,18920,6279806,0.781296,8037679
4,2021-05-26,44521,11184700,26702,6609468,15217,4216243,2602,358989,15844,1000300,0.124451,28458,5298129,0.659162,18623,6298429,0.783613,8037679
4,2021-05-27,38820,11223520,23318,6632786,12364,4228607,3138,362127,14638,994260,0.1237,23984,5322113,0.662146,17944,6316373,0.785845,8037679
4,2021-05-28,43164,11266684,27519,6660305,14043,4242650,1602,363729,18809,990796,0.123269,24098,5346211,0.665144,20634,6337007,0.788413,8037679
4,2021-05-29,23594,11290278,15358,6675663,7304,4249954,932,364661,10845,990098,0.123182,12607,5358818,0.666712,11909,6348916,0.789894,8037679
4,2021-05-30,12045,11302323,8461,6684124,3058,4253012,526,365187,5020,988753,0.123015,6960,5365778,0.667578,5615,6354531,0.790593,8037679
4,2021-05-31,3566,11305889,2267,6686391,1139,4254151,160,365347,1139,987694,0.122883,2379,5368157,0.667874,1320,6355851,0.790757,8037679
4,2021-06-01,39335,11345224,24477,6710868,12418,4266569,2440,367787,13006,977244,0.121583,26113,5394270,0.671123,15663,6371514,0.792706,8037679
4,2021-06-02,32545,11377769,20351,6731219,9399,4275968,2795,370582,10886,969596,0.120631,21480,5415750,0.673795,13832,6385346,0.794427,8037679
4,2021-06-03,47981,11425750,36836,6768055,8693,4284661,2452,373034,10366,945272,0.117605,37450,5453200,0.678455,13126,6398472,0.79606,8037679
4,2021-06-04,54676,11480426,44019,6812074,9330,4293991,1327,374361,12727,918409,0.114263,41720,5494920,0.683645,14857,6413329,0.797908,8037679
4,2021-06-05,44694,11525120,38298,6850372,5400,4299391,996,375357,8776,892694,0.111064,35766,5530686,0.688095,10051,6423380,0.799159,8037679
4,2021-06-06,21199,11546319,18916,6869288,1719,4301110,564,375921,3978,880509,0.109548,17122,5547808,0.690225,4937,6428317,0.799773,8037679
4,2021-06-07,38668,11584987,31298,6900586,5452,4306562,1918,377839,8456,861093,0.107132,30078,5577886,0.693967,10662,6438979,0.801099,8037679
4,2021-06-08,40472,11625459,31766,6932352,6162,4312724,2544,380383,9449,842586,0.10483,30834,5608720,0.697803,12327,6451306,0.802633,8037679
4,2021-06-09,38853,11664312,30809,6963161,5684,4318408,2360,382743,7939,822498,0.10233,30743,5639463,0.701628,10655,6461961,0.803959,8037679
4,2021-06-10,37064,11701376,29215,6992376,5224,4323632,2625,385368,8398,805277,0.100188,28508,5667971,0.705175,11287,6473248,0.805363,8037679
4,2021-06-11,38190,11739566,29994,7022370,6183,4329815,2013,387381,9871,789353,0.098207,28161,5696132,0.708679,12237,6485485,0.806885,8037679
4,2021-06-12,26467,11766033,22043,7044413,3713,4333528,711,388092,6045,776011,0.096547,20316,5716448,0.711206,6974,6492459,0.807753,8037679
4,2021-06-13,10820,11776853,8548,7052961,1796,4335324,476,388568,2279,770397,0.095848,8476,5724924,0.712261,2862,6495321,0.808109,8037679
4,2021-06-14,28573,11805426,21370,7074331,4396,4339720,2807,391375,7809,760606,0.09463,20625,5745549,0.714827,10834,6506155,0.809457,8037679
4,2021-06-15,29866,11835292,21116,7095447,5349,4345069,3401,394776,8284,751122,0.09345,21426,5766975,0.717493,11942,6518097,0.810943,8037679
4,2021-06-16,26522,11861814,19988,7115435,3914,4348983,2620,397396,7998,743593,0.092513,18352,5785327,0.719776,10823,6528920,0.812289,8037679
4,2021-06-17,25090,11886904,18531,7133966,3665,4352648,2894,400290,7601,736974,0.09169,17304,5802631,0.721929,10685,6539605,0.813619,8037679
4,2021-06-18,26703,11913607,21065,7155031,4405,4357053,1233,401523,8257,728475,0.090633,18242,5820873,0.724198,9743,6549348,0.814831,8037679
4,2021-06-19,15718,11929325,12709,7167740,2307,4359360,702,402225,5057,723888,0.090062,10514,5831387,0.725506,5927,6555275,0.815568,8037679
4,2021-06-20,7367,11936692,6070,7173810,990,4360350,307,402532,2624,722218,0.089854,4683,5836070,0.726089,3013,6558288,0.815943,8037679
4,2021-06-21,14550,11951242,10522,7184332,2889,4363239,1139,403671,7336,723720,0.090041,7134,5843204,0.726977,8636,6566924,0.817017,8037679
4,2021-06-22,20410,11971652,15921,7200253,3418,4366657,1071,404742,7104,718864,0.089437,13184,5856388,0.728617,8328,6575252,0.818054,8037679
4,2021-06-23,18361,11990013,14419,7214672,2956,4369613,986,405728,6707,715156,0.088975,11522,5867910,0.73005,7814,6583066,0.819026,8037679
4,2021-06-24,17532,12007545,13578,7228250,2968,4372581,986,406714,6544,711995,0.088582,10832,5878742,0.731398,7671,6590737,0.81998,8037679
4,2021-06-25,21486,12029031,16897,7245147,3546,4376127,1043,407757,7778,707410,0.088012,13572,5892314,0.733087,8987,6599724,0.821098,8037679
4,2021-06-26,12980,12042011,10568,7255715,1797,4377924,615,408372,4783,704817,0.087689,8096,5900410,0.734094,5503,6605227,0.821783,8037679
4,2021-06-27,6828,12048839,5531,7261246,954,4378878,343,408715,2876,704176,0.087609,3914,5904324,0.734581,3273,6608500,0.82219,8037679
4,2021-06-28,15002,12063841,12604,7273850,1546,4380424,852,409567,6020,702268,0.087372,8901,5913225,0.735688,6993,6615493,0.82306,8037679
4,2021-06-29,16394,12080235,12724,7286574,2869,4383293,801,410368,6354,699612,0.087042,9932,5923157,0.736924,7276,6622769,0.823965,8037679
4,2021-06-30,14457,12094692,11275,7297849,2448,4385741,734,411102,6001,698107,0.086854,8352,5931509,0.737963,6847,6629616,0.824817,8037679
4,2021-07-01,14373,12109065,11348,7309197,2286,4388027,739,411841,5880,696484,0.086652,8382,5939891,0.739006,6759,6636375,0.825658,8037679
4,2021-07-02,16674,12125739,13238,7322435,2678,4390705,758,412599,6811,694413,0.086395,9770,5949661,0.740221,7699,6644074,0.826616,8037679
4,2021-07-03,9121,12134860,7247,7329682,1466,4392171,408,413007,3954,693738,0.086311,5095,5954756,0.740855,4420,6648494,0.827166,8037679
4,2021-07-04,421,12135281,258,7329940,104,4392275,59,413066,183,693757,0.086313,234,5954990,0.740884,253,6648747,0.827197,8037679
4,2021-07-05,9175,12144456,7467,7337407,1294,4393569,414,413480,4167,693458,0.086276,4930,5959920,0.741498,4631,6653378,0.827774,8037679
4,2021-07-06,16389,12160845,12919,7350326,2674,4396243,796,414276,6043,690182,0.085868,10227,5970147,0.74277,6951,6660329,0.828638,8037679
4,2021-07-07,13644,12174489,10652,7360978,2219,4398462,773,415049,5157,687830,0.085576,8399,5978546,0.743815,6047,6666376,0.829391,8037679
4,2021-07-08,13054,12187543,10251,7371229,2022,4400484,781,415830,5120,686004,0.085349,7819,5986365,0.744788,5993,6672369,0.830136,8037679
4,2021-07-09,15222,12202765,11724,7382953,2610,4403094,888,416718,6201,684321,0.085139,8889,5995254,0.745894,7206,6679575,0.831033,8037679
4,2021-07-10,8709,12211474,6894,7389847,1427,4404521,388,417106,3672,683484,0.085035,4958,6000212,0.746511,4121,6683696,0.831546,8037679
4,2021-07-11,4962,12216436,3978,7393825,786,4405307,198,417304,2232,683253,0.085006,2690,6002902,0.746845,2459,6686155,0.831851,8037679
4,2021-07-12,12961,12229397,10287,7404112,1972,4407279,702,418006,5035,681249,0.084757,7848,6010750,0.747822,5844,6691999,0.832579,8037679
4,2021-07-13,12613,12242010,9667,7413779,2324,4409603,622,418628,5364,680188,0.084625,7145,6017895,0.748711,6084,6698083,0.833335,8037679
4,2021-07-14,11597,12253607,9140,7422919,1918,4411521,539,419167,5034,679352,0.084521,6479,6024374,0.749517,5643,6703726,0.834038,8037679
4,2021-07-15,12315,12265922,9794,7432713,1941,4413462,580,419747,5610,679034,0.084481,6582,6030956,0.750336,6264,6709990,0.834817,8037679
4,2021-07-16,14780,12280702,11536,7444249,2600,4416062,644,420391,6819,678744,0.084445,7861,6038817,0.751314,7571,6717561,0.835759,8037679
4,2021-07-17,9034,12289736,7117,7451366,1612,4417674,305,420696,4280,678715,0.084442,4656,6043473,0.751893,4627,6722188,0.836334,8037679
4,2021-07-18,5081,12294817,4104,7455470,780,4418454,197,420893,2404,678713,0.084441,2624,6046097,0.752219,2622,6724810,0.836661,8037679
4,2021-07-19,12606,12307423,10017,7465487,1968,4420422,621,421514,5987,678883,0.084463,6529,6052626,0.753032,6699,6731509,0.837494,8037679
4,2021-07-20,13424,12320847,10360,7475847,2436,4422858,628,422142,6611,679534,0.084544,6671,6059297,0.753862,7322,6738831,0.838405,8037679
4,2021-07-21,12330,12333177,9611,7485458,2147,4425005,572,422714,6173,680311,0.08464,6032,6065329,0.754612,6809,6745640,0.839252,8037679
4,2021-07-22,8906,12342083,6854,7492312,1525,4426530,527,423241,4539,681142,0.084744,4285,6069614,0.755145,5116,6750756,0.839889,8037679
