vemquartile,administered_date,total_doses,cumulative_total_doses,pfizer_doses,cumulative_pfizer_doses,moderna_doses,cumulative_moderna_doses,jj_doses,cumulative_jj_doses,partially_vaccinated,total_partially_vaccinated,pct_age16pop_partially_vaccinated,fully_vaccinated,cumulative_fully_vaccinated,pct_age16pop_fully_vaccinated,at_least_one_dose,cumulative_at_least_one_dose,pct_age16pop_at_least_one_dose,age16_population
1,2020-12-15,147,147,147,147,0,0,0,0,147,147,1.8e-05,0,0,0.0,147,147,1.8e-05,8051741
1,2020-12-16,1155,1302,1155,1302,0,0,0,0,1155,1302,0.000162,0,0,0.0,1155,1302,0.000162,8051741
1,2020-12-17,4104,5406,4104,5406,0,0,0,0,4105,5407,0.000672,0,0,0.0,4105,5407,0.000672,8051741
1,2020-12-18,6249,11655,6229,11635,20,20,0,0,6251,11658,0.001448,0,0,0.0,6251,11658,0.001448,8051741
1,2020-12-19,2868,14523,2867,14502,1,21,0,0,2866,14523,0.001804,1,1,0.0,2866,14524,0.001804,8051741
1,2020-12-20,2077,16600,2073,16575,4,25,0,0,2078,16601,0.002062,0,1,0.0,2078,16602,0.002062,8051741
1,2020-12-21,7594,24194,7582,24157,12,37,0,0,7646,24247,0.003011,0,1,0.0,7646,24248,0.003012,8051741
1,2020-12-22,7271,31465,6931,31088,340,377,0,0,7274,31520,0.003915,1,2,0.0,7274,31522,0.003915,8051741
1,2020-12-23,7797,39262,6577,37665,1220,1597,0,0,7794,39314,0.004883,0,2,0.0,7794,39316,0.004883,8051741
1,2020-12-24,3289,42551,2354,40019,935,2532,0,0,3291,42605,0.005291,0,2,0.0,3291,42607,0.005292,8051741
1,2020-12-25,232,42783,149,40168,83,2615,0,0,232,42837,0.00532,0,2,0.0,232,42839,0.00532,8051741
1,2020-12-26,1354,44137,966,41134,388,3003,0,0,1353,44189,0.005488,1,3,0.0,1353,44192,0.005489,8051741
1,2020-12-27,853,44990,527,41661,326,3329,0,0,853,45042,0.005594,0,3,0.0,853,45045,0.005594,8051741
1,2020-12-28,6993,51983,4739,46400,2254,5583,0,0,6992,52034,0.006462,0,3,0.0,6992,52037,0.006463,8051741
1,2020-12-29,8824,60807,4976,51376,3848,9431,0,0,8821,60854,0.007558,1,4,0.0,8821,60858,0.007558,8051741
1,2020-12-30,11561,72368,6468,57844,5093,14524,0,0,11561,72415,0.008994,0,4,0.0,11561,72419,0.008994,8051741
1,2020-12-31,5916,78284,1950,59794,3966,18490,0,0,5917,78332,0.009729,0,4,0.0,5917,78336,0.009729,8051741
1,2021-01-01,512,78796,172,59966,340,18830,0,0,512,78844,0.009792,0,4,0.0,512,78848,0.009793,8051741
1,2021-01-02,2872,81668,1741,61707,1131,19961,0,0,2874,81718,0.010149,0,4,0.0,2874,81722,0.01015,8051741
1,2021-01-03,1001,82669,535,62242,466,20427,0,0,1000,82717,0.010273,1,5,1e-06,1000,82722,0.010274,8051741
1,2021-01-04,7279,89948,3543,65785,3736,24163,0,0,7284,90000,0.011178,1,6,1e-06,7284,90006,0.011178,8051741
1,2021-01-05,10685,100633,5148,70933,5537,29700,0,0,9942,99233,0.012324,730,736,9.1e-05,9963,99969,0.012416,8051741
1,2021-01-06,13806,114439,6962,77895,6844,36544,0,0,11940,109354,0.013581,1825,2561,0.000318,11946,111915,0.013899,8051741
1,2021-01-07,17344,131783,9071,86966,8273,44817,0,0,12933,117983,0.014653,4310,6871,0.000853,12939,124854,0.015506,8051741
1,2021-01-08,19992,151775,10397,97363,9595,54412,0,0,14144,126301,0.015686,5831,12702,0.001578,14149,139003,0.017264,8051741
1,2021-01-09,6599,158374,3340,100703,3259,57671,0,0,4773,129267,0.016055,1811,14513,0.001802,4777,143780,0.017857,8051741
1,2021-01-10,3022,161396,1717,102420,1305,58976,0,0,1853,129968,0.016142,1153,15666,0.001946,1854,145634,0.018087,8051741
1,2021-01-11,17992,179388,11780,114200,6212,65188,0,0,11482,135001,0.016767,6483,22149,0.002751,11516,157150,0.019518,8051741
1,2021-01-12,18781,198169,10613,124813,8168,73356,0,0,12836,141966,0.017632,5903,28052,0.003484,12868,170018,0.021116,8051741
1,2021-01-13,19575,217744,10525,135338,9050,82406,0,0,14484,151390,0.018802,5070,33122,0.004114,14494,184512,0.022916,8051741
1,2021-01-14,21830,239574,9401,144739,12429,94835,0,0,19099,167857,0.020847,2670,35792,0.004445,19137,203649,0.025293,8051741
1,2021-01-15,25060,264634,9277,154016,15783,110618,0,0,23145,189182,0.023496,1862,37654,0.004677,23187,226836,0.028172,8051741
1,2021-01-16,13847,278481,4541,158557,9306,119924,0,0,13010,201356,0.025008,838,38492,0.004781,13012,239848,0.029788,8051741
1,2021-01-17,5159,283640,1981,160538,3178,123102,0,0,4794,205794,0.025559,361,38853,0.004825,4799,244647,0.030384,8051741
1,2021-01-18,14145,297785,8504,169042,5641,128743,0,0,11021,213739,0.026546,3112,41965,0.005212,11057,255704,0.031758,8051741
1,2021-01-19,24508,322293,12773,181815,11735,140478,0,0,19381,228053,0.028323,5113,47078,0.005847,19427,275131,0.03417,8051741
1,2021-01-20,27881,350174,13483,195298,14398,154876,0,0,22487,245197,0.030453,5373,52451,0.006514,22517,297648,0.036967,8051741
1,2021-01-21,30354,380528,14029,209327,16325,171201,0,0,27295,269547,0.033477,3006,55457,0.006888,27356,325004,0.040364,8051741
1,2021-01-22,27941,408469,11091,220418,16850,188051,0,0,25994,293661,0.036472,1905,57362,0.007124,26019,351023,0.043596,8051741
1,2021-01-23,18606,427075,8170,228588,10436,198487,0,0,16693,308464,0.03831,1901,59263,0.00736,16704,367727,0.04567,8051741
1,2021-01-24,6644,433719,4156,232744,2488,200975,0,0,6002,313832,0.038977,638,59901,0.00744,6006,373733,0.046416,8051741
1,2021-01-25,24700,458419,10237,242981,14463,215438,0,0,19279,327788,0.04071,5405,65306,0.008111,19361,393094,0.048821,8051741
1,2021-01-26,28241,486660,13278,256259,14963,230401,0,0,21781,343167,0.04262,6419,71725,0.008908,21798,414892,0.051528,8051741
1,2021-01-27,31315,517975,15306,271565,16009,246410,0,0,23556,359051,0.044593,7704,79429,0.009865,23588,438480,0.054458,8051741
1,2021-01-28,34230,552205,15997,287562,18233,264643,0,0,27553,380033,0.047199,6622,86051,0.010687,27604,466084,0.057886,8051741
1,2021-01-29,33180,585385,16303,303865,16877,281520,0,0,26766,400552,0.049747,6286,92337,0.011468,26805,492889,0.061215,8051741
1,2021-01-30,19952,605337,8624,312489,11328,292848,0,0,17969,416572,0.051737,1958,94295,0.011711,17978,510867,0.063448,8051741
1,2021-01-31,7584,612921,4983,317472,2601,295449,0,0,6855,422700,0.052498,728,95023,0.011802,6856,517723,0.0643,8051741
1,2021-02-01,28036,640957,12097,329569,15939,311388,0,0,20689,436090,0.054161,7304,102327,0.012709,20694,538417,0.06687,8051741
1,2021-02-02,31765,672722,11445,341014,20320,331708,0,0,23930,452277,0.056171,7775,110102,0.013674,23962,562379,0.069846,8051741
1,2021-02-03,38812,711534,14805,355819,24007,355715,0,0,28192,469996,0.058372,10500,120602,0.014978,28219,590598,0.07335,8051741
1,2021-02-04,43528,755062,17024,372843,26504,382219,0,0,31666,489946,0.06085,11761,132363,0.016439,31711,622309,0.077289,8051741
1,2021-02-05,46524,801586,17285,390128,29239,411458,0,0,30675,504929,0.062711,15734,148097,0.018393,30717,653026,0.081104,8051741
1,2021-02-06,26405,827991,10447,400575,15958,427416,0,0,20621,519825,0.064561,5740,153837,0.019106,20636,673662,0.083667,8051741
1,2021-02-07,6143,834134,3936,404511,2207,429623,0,0,4590,522895,0.064942,1537,155374,0.019297,4607,678269,0.084239,8051741
1,2021-02-08,30947,865081,14020,418531,16927,446550,0,0,20672,533470,0.066255,10173,165547,0.02056,20748,699017,0.086816,8051741
1,2021-02-09,37818,902899,16558,435089,21260,467810,0,0,23244,542312,0.067353,14470,180017,0.022358,23312,722329,0.089711,8051741
1,2021-02-10,46439,949338,21982,457071,24457,492267,0,0,26933,549944,0.068301,19375,199392,0.024764,27007,749336,0.093065,8051741
1,2021-02-11,50245,999583,24729,481800,25516,517783,0,0,30714,561407,0.069725,19343,218735,0.027166,30806,780142,0.096891,8051741
1,2021-02-12,49166,1048749,21250,503050,27916,545699,0,0,28397,569283,0.070703,20648,239383,0.029731,28524,808666,0.100434,8051741
1,2021-02-13,25980,1074729,11295,514345,14685,560384,0,0,15068,573579,0.071237,10847,250230,0.031078,15143,823809,0.102314,8051741
1,2021-02-14,11561,1086290,5454,519799,6107,566491,0,0,6599,575349,0.071456,4936,255166,0.031691,6706,830515,0.103147,8051741
1,2021-02-15,23256,1109546,9215,529014,14041,580532,0,0,14171,580681,0.072119,8999,264165,0.032808,14331,844846,0.104927,8051741
1,2021-02-16,46233,1155779,22074,551088,24159,604691,0,0,27387,589466,0.07321,18789,282954,0.035142,27574,872420,0.108352,8051741
1,2021-02-17,47413,1203192,23980,575068,23433,628124,0,0,25883,594123,0.073788,21434,304388,0.037804,26091,898511,0.111592,8051741
1,2021-02-18,49866,1253058,24922,599990,24944,653068,0,0,26087,596912,0.074135,23592,327980,0.040734,26381,924892,0.114869,8051741
1,2021-02-19,44791,1297849,24176,624166,20615,673683,0,0,25545,603371,0.074937,19146,347126,0.043112,25605,950497,0.118049,8051741
1,2021-02-20,26203,1324052,15940,640106,10263,683946,0,0,15091,607458,0.075444,11079,358205,0.044488,15166,965663,0.119932,8051741
1,2021-02-21,9584,1333636,8371,648477,1213,685159,0,0,5845,609741,0.075728,3703,361908,0.044948,5986,971649,0.120676,8051741
1,2021-02-22,29668,1363304,19503,667980,10165,695324,0,0,17494,615287,0.076417,12130,374038,0.046454,17676,989325,0.122871,8051741
1,2021-02-23,41748,1405052,20034,688014,21714,717038,0,0,23249,620541,0.077069,18388,392426,0.048738,23642,1012967,0.125807,8051741
1,2021-02-24,52150,1457202,25183,713197,26967,744005,0,0,29426,627824,0.077974,22636,415062,0.051549,29919,1042886,0.129523,8051741
1,2021-02-25,63381,1520583,30435,743632,32946,776951,0,0,39557,644183,0.080005,23735,438797,0.054497,40094,1082980,0.134503,8051741
1,2021-02-26,71239,1591822,33548,777180,37691,814642,0,0,47320,668182,0.082986,23787,462584,0.057451,47786,1130766,0.140437,8051741
1,2021-02-27,48011,1639833,21338,798518,26667,841309,6,6,31826,684191,0.084974,16090,478674,0.05945,32099,1162865,0.144424,8051741
1,2021-02-28,18863,1658696,11190,809708,7673,848982,0,6,13997,693599,0.086143,4819,483493,0.060048,14227,1177092,0.146191,8051741
1,2021-03-01,42907,1701603,19564,829272,23336,872318,7,13,27990,707046,0.087813,14833,498326,0.06189,28280,1205372,0.149703,8051741
1,2021-03-02,58149,1759752,23873,853145,34270,906588,6,19,37007,723757,0.089888,21054,519380,0.064505,37765,1243137,0.154394,8051741
1,2021-03-03,67437,1827189,31734,884879,35692,942280,11,30,40881,738980,0.091779,26442,545822,0.067789,41665,1284802,0.159568,8051741
1,2021-03-04,75003,1902192,34572,919451,40400,982680,31,61,48025,760752,0.094483,26837,572659,0.071122,48609,1333411,0.165605,8051741
1,2021-03-05,73594,1975786,32758,952209,40638,1023318,198,259,48965,786274,0.097653,24458,597117,0.07416,49980,1383391,0.171813,8051741
1,2021-03-06,55985,2031771,26464,978673,28195,1051513,1326,1585,38036,808315,0.10039,17894,615011,0.076382,39935,1423326,0.176772,8051741
1,2021-03-07,19348,2051119,12218,990891,6346,1057859,784,2369,14499,819052,0.101724,4838,619849,0.076983,15575,1438901,0.178707,8051741
1,2021-03-08,42797,2093916,20193,1011084,20749,1078608,1855,4224,29823,838152,0.104096,12913,632762,0.078587,32013,1470914,0.182683,8051741
1,2021-03-09,59401,2153317,25814,1036898,31130,1109738,2457,6681,35613,853156,0.105959,23713,656475,0.081532,38717,1509631,0.187491,8051741
1,2021-03-10,69919,2223236,34337,1071235,31360,1141098,4222,10903,43224,874518,0.108612,26596,683071,0.084835,47958,1557589,0.193447,8051741
1,2021-03-11,86793,2310029,39388,1110623,39658,1180756,7747,18650,50995,898226,0.111557,35603,718674,0.089257,59311,1616900,0.200814,8051741
1,2021-03-12,93356,2403385,40164,1150787,40977,1221733,12215,30865,53879,925493,0.114943,39318,757992,0.09414,66585,1683485,0.209083,8051741
1,2021-03-13,62747,2466132,28091,1178878,27012,1248745,7644,38509,40023,950889,0.118097,22629,780621,0.096951,48025,1731510,0.215048,8051741
1,2021-03-14,26702,2492834,14229,1193107,9014,1257759,3459,41968,15827,959549,0.119173,10830,791451,0.098296,19490,1751000,0.217468,8051741
1,2021-03-15,63076,2555910,27348,1220455,29165,1286924,6563,48531,37396,978337,0.121506,25543,816994,0.101468,44331,1795331,0.222974,8051741
1,2021-03-16,82986,2638896,37081,1257536,40424,1327348,5484,54015,52156,1005752,0.124911,30699,847693,0.105281,58114,1853445,0.230192,8051741
1,2021-03-17,89168,2728064,42559,1300095,40111,1367459,6498,60513,57272,1038219,0.128943,31771,879464,0.109227,64238,1917683,0.23817,8051741
1,2021-03-18,93426,2821490,47509,1347604,40420,1407879,5497,66010,57778,1066817,0.132495,35385,914849,0.113621,63983,1981666,0.246116,8051741
1,2021-03-19,99388,2920878,50997,1398601,42336,1450215,6055,72065,59353,1092966,0.135743,39814,954663,0.118566,65963,2047629,0.254309,8051741
1,2021-03-20,69343,2990221,35619,1434220,28613,1478828,5111,77176,45662,1120510,0.139164,23552,978215,0.121491,51096,2098725,0.260655,8051741
1,2021-03-21,25724,3015945,17753,1451973,6215,1485043,1756,78932,16715,1130217,0.140369,8951,987166,0.122603,18658,2117383,0.262972,8051741
1,2021-03-22,56598,3072543,29391,1481364,24061,1509104,3146,82078,38788,1154826,0.143426,17681,1004847,0.124799,42290,2159673,0.268224,8051741
1,2021-03-23,79753,3152296,40420,1521784,35900,1545004,3433,85511,51935,1183034,0.146929,27661,1032508,0.128234,55869,2215542,0.275163,8051741
1,2021-03-24,83912,3236208,42310,1564094,37419,1582423,4183,89694,51424,1206671,0.149865,32309,1064817,0.132247,55946,2271488,0.282111,8051741
1,2021-03-25,91809,3328017,46229,1610323,40052,1622475,5528,95222,53355,1227561,0.152459,38230,1103047,0.136995,59120,2330608,0.289454,8051741
1,2021-03-26,99934,3427951,48085,1658408,45738,1668213,6111,101333,56056,1246439,0.154804,43630,1146677,0.142414,62508,2393116,0.297217,8051741
1,2021-03-27,70271,3498222,36350,1694758,30244,1698457,3677,105010,36944,1254123,0.155758,33149,1179826,0.146531,40833,2433949,0.302289,8051741
1,2021-03-28,31139,3529361,20022,1714780,9921,1708378,1196,106206,16612,1257812,0.156216,14449,1194275,0.148325,18138,2452087,0.304541,8051741
1,2021-03-29,64477,3593838,32141,1746921,29585,1737963,2751,108957,36998,1270431,0.157783,27357,1221632,0.151723,39976,2492063,0.309506,8051741
1,2021-03-30,88141,3681979,42981,1789902,39308,1777271,5852,114809,50424,1289254,0.160121,37607,1259239,0.156393,56430,2548493,0.316515,8051741
1,2021-03-31,96363,3778342,50251,1840153,40425,1817696,5687,120496,55312,1309535,0.16264,40828,1300067,0.161464,61109,2609602,0.324104,8051741
1,2021-04-01,105307,3883649,50434,1890587,46965,1864661,7908,128404,54938,1322356,0.164232,50134,1350201,0.167691,62955,2672557,0.331923,8051741
1,2021-04-02,104696,3988345,47412,1937999,48146,1912807,9138,137542,54174,1335746,0.165895,50192,1400393,0.173924,63582,2736139,0.33982,8051741
1,2021-04-03,74485,4062830,36947,1974946,28369,1941176,9169,146711,35460,1341633,0.166626,38897,1439290,0.178755,44784,2780923,0.345382,8051741
1,2021-04-04,23397,4086227,11637,1986583,8349,1949525,3411,150122,10165,1342036,0.166676,13192,1452482,0.180394,13595,2794518,0.34707,8051741
1,2021-04-05,71855,4158082,34786,2021369,28270,1977795,8799,158921,33975,1347339,0.167335,37749,1490231,0.185082,43052,2837570,0.352417,8051741
1,2021-04-06,100538,4258620,47390,2068759,36894,2014689,16254,175175,46149,1355755,0.16838,54194,1544425,0.191813,62610,2900180,0.360193,8051741
1,2021-04-07,107573,4366193,51930,2120689,38543,2053232,17100,192275,49773,1365313,0.169567,57599,1602024,0.198966,67157,2967337,0.368534,8051741
1,2021-04-08,117551,4483744,55158,2175847,42097,2095329,20296,212571,52984,1374472,0.170705,64285,1666309,0.20695,73444,3040781,0.377655,8051741
1,2021-04-09,115476,4599220,52064,2227911,43435,2138764,19977,232548,51620,1382691,0.171726,63585,1729894,0.214847,71804,3112585,0.386573,8051741
1,2021-04-10,92088,4691308,41236,2269147,28685,2167449,22167,254715,36455,1385940,0.172129,55469,1785363,0.221736,58718,3171303,0.393866,8051741
1,2021-04-11,34669,4725977,19059,2288206,9188,2176637,6422,261137,14275,1386578,0.172208,20333,1805696,0.224262,20971,3192274,0.39647,8051741
1,2021-04-12,71543,4797520,32029,2320235,30037,2206674,9477,270614,30971,1386853,0.172243,40366,1846062,0.229275,40641,3232915,0.401518,8051741
1,2021-04-13,93281,4890801,49307,2369542,43650,2250324,324,270938,50140,1394936,0.173247,42939,1889001,0.234608,51022,3283937,0.407854,8051741
1,2021-04-14,98991,4989792,51282,2420824,47649,2297973,60,270998,50566,1397974,0.173624,48129,1937130,0.240585,51167,3335104,0.414209,8051741
1,2021-04-15,99645,5089437,53890,2474714,45687,2343660,68,271066,53406,1406115,0.174635,45787,1982917,0.246272,53928,3389032,0.420907,8051741
1,2021-04-16,103411,5192848,53243,2527957,50083,2393743,85,271151,52137,1407705,0.174832,50936,2033853,0.252598,52526,3441558,0.42743,8051741
1,2021-04-17,77396,5270244,42430,2570387,34959,2428702,7,271158,43480,1417681,0.176071,33756,2067609,0.25679,43732,3485290,0.432862,8051741
1,2021-04-18,27623,5297867,18232,2588619,9385,2438087,6,271164,14520,1419449,0.176291,13032,2080641,0.258409,14800,3500090,0.4347,8051741
1,2021-04-19,63481,5361348,32438,2621057,31014,2469101,29,271193,28968,1414450,0.17567,34238,2114879,0.262661,29239,3529329,0.438331,8051741
1,2021-04-20,83168,5444516,41667,2662724,41485,2510586,16,271209,39766,1411607,0.175317,43139,2158018,0.268019,40296,3569625,0.443336,8051741
1,2021-04-21,89686,5534202,45936,2708660,43663,2554249,87,271296,40970,1405170,0.174518,48312,2206330,0.274019,41875,3611500,0.448537,8051741
1,2021-04-22,89675,5623877,46885,2755545,42777,2597026,13,271309,42002,1400635,0.173954,47317,2253647,0.279896,42782,3654282,0.45385,8051741
1,2021-04-23,87201,5711078,44822,2800367,42350,2639376,29,271338,41574,1397612,0.173579,45262,2298909,0.285517,42239,3696521,0.459096,8051741
1,2021-04-24,63009,5774087,40489,2840856,22507,2661883,13,271351,36987,1409270,0.175027,25878,2324787,0.288731,37536,3734057,0.463758,8051741
1,2021-04-25,21118,5795205,13024,2853880,8090,2669973,4,271355,12027,1412458,0.175423,9048,2333835,0.289855,12236,3746293,0.465277,8051741
1,2021-04-26,50066,5845271,26546,2880426,23234,2693207,286,271641,23983,1411511,0.175305,25895,2359730,0.293071,24948,3771241,0.468376,8051741
1,2021-04-27,58839,5904110,31019,2911445,26837,2720044,983,272624,25054,1404203,0.174397,33615,2393345,0.297246,26307,3797548,0.471643,8051741
1,2021-04-28,35852,5939962,19795,2931240,15386,2735430,671,273295,14460,1398766,0.173722,21289,2414634,0.29989,15852,3813400,0.473612,8051741
2,2020-12-15,232,232,232,232,0,0,0,0,232,232,2.9e-05,0,0,0.0,232,232,2.9e-05,7897587
2,2020-12-16,1924,2156,1924,2156,0,0,0,0,1924,2156,0.000273,0,0,0.0,1924,2156,0.000273,7897587
2,2020-12-17,6659,8815,6659,8815,0,0,0,0,6660,8816,0.001116,0,0,0.0,6660,8816,0.001116,7897587
2,2020-12-18,10826,19641,10807,19622,19,19,0,0,10826,19642,0.002487,0,0,0.0,10826,19642,0.002487,7897587
2,2020-12-19,5571,25212,5566,25188,5,24,0,0,5573,25215,0.003193,0,0,0.0,5573,25215,0.003193,7897587
2,2020-12-20,4220,29432,4213,29401,7,31,0,0,4217,29432,0.003727,0,0,0.0,4217,29432,0.003727,7897587
2,2020-12-21,12775,42207,12751,42152,24,55,0,0,12729,42161,0.005338,0,0,0.0,12729,42161,0.005338,7897587
2,2020-12-22,12036,54243,11528,53680,508,563,0,0,12036,54197,0.006862,0,0,0.0,12036,54197,0.006862,7897587
2,2020-12-23,11598,65841,9409,63089,2189,2752,0,0,11600,65797,0.008331,0,0,0.0,11600,65797,0.008331,7897587
2,2020-12-24,5846,71687,3490,66579,2356,5108,0,0,5843,71640,0.009071,0,0,0.0,5843,71640,0.009071,7897587
2,2020-12-25,477,72164,401,66980,76,5184,0,0,478,72118,0.009132,0,0,0.0,478,72118,0.009132,7897587
2,2020-12-26,2560,74724,1666,68646,894,6078,0,0,2562,74680,0.009456,0,0,0.0,2562,74680,0.009456,7897587
2,2020-12-27,2209,76933,1196,69842,1013,7091,0,0,2207,76886,0.009735,1,1,0.0,2207,76887,0.009736,7897587
2,2020-12-28,10892,87825,7076,76918,3816,10907,0,0,10892,87777,0.011114,1,2,0.0,10892,87779,0.011115,7897587
2,2020-12-29,12674,100499,7185,84103,5489,16396,0,0,12678,100455,0.01272,0,2,0.0,12678,100457,0.01272,7897587
2,2020-12-30,15309,115808,8627,92730,6682,23078,0,0,15325,115779,0.01466,1,3,0.0,15325,115782,0.01466,7897587
2,2020-12-31,7444,123252,2754,95484,4690,27768,0,0,7441,123219,0.015602,1,4,1e-06,7441,123223,0.015603,7897587
2,2021-01-01,1087,124339,525,96009,562,28330,0,0,1088,124306,0.01574,1,5,1e-06,1088,124311,0.01574,7897587
2,2021-01-02,4807,129146,2753,98762,2054,30384,0,0,4805,129111,0.016348,0,5,1e-06,4805,129116,0.016349,7897587
2,2021-01-03,1380,130526,787,99549,593,30977,0,0,1375,130483,0.016522,3,8,1e-06,1375,130491,0.016523,7897587
2,2021-01-04,11474,142000,5426,104975,6048,37025,0,0,11463,141942,0.017973,4,12,2e-06,11463,141954,0.017974,7897587
2,2021-01-05,13750,155750,6866,111841,6884,43909,0,0,12580,153386,0.019422,1165,1177,0.000149,12609,154563,0.019571,7897587
2,2021-01-06,18813,174563,10393,122234,8420,52329,0,0,15127,164875,0.020877,3643,4820,0.00061,15132,169695,0.021487,7897587
2,2021-01-07,22816,197379,12829,135063,9987,62316,0,0,15553,173151,0.021925,7289,12109,0.001533,15565,185260,0.023458,7897587
2,2021-01-08,26185,223564,15945,151008,10240,72556,0,0,16160,179331,0.022707,9995,22104,0.002799,16175,201435,0.025506,7897587
2,2021-01-09,9540,233104,5546,156554,3994,76550,0,0,6169,182113,0.023059,3391,25495,0.003228,6173,207608,0.026288,7897587
2,2021-01-10,5253,238357,2911,159465,2342,78892,0,0,3047,182935,0.023163,2229,27724,0.00351,3051,210659,0.026674,7897587
2,2021-01-11,25903,264260,17819,177284,8084,86976,0,0,14981,187001,0.023678,10956,38680,0.004898,15022,225681,0.028576,7897587
2,2021-01-12,25933,290193,16107,193391,9826,96802,0,0,16478,194062,0.024572,9484,48164,0.006099,16545,242226,0.030671,7897587
2,2021-01-13,28160,318353,14835,208226,13325,110127,0,0,20291,206512,0.026149,7863,56027,0.007094,20313,262539,0.033243,7897587
2,2021-01-14,29957,348310,11361,219587,18596,128723,0,0,25802,228176,0.028892,4182,60209,0.007624,25846,288385,0.036516,7897587
2,2021-01-15,35052,383362,12917,232504,22135,150858,0,0,31848,256862,0.032524,3219,63428,0.008031,31905,320290,0.040555,7897587
2,2021-01-16,17524,400886,5603,238107,11921,162779,0,0,16219,271761,0.034411,1330,64758,0.0082,16229,336519,0.04261,7897587
2,2021-01-17,10550,411436,3524,241631,7026,169805,0,0,9848,280889,0.035566,727,65485,0.008292,9855,346374,0.043858,7897587
2,2021-01-18,19610,431046,10983,252614,8627,178432,0,0,14890,291086,0.036858,4736,70221,0.008891,14933,361307,0.045749,7897587
2,2021-01-19,32141,463187,16766,269380,15375,193807,0,0,24189,307427,0.038927,7957,78178,0.009899,24298,385605,0.048826,7897587
2,2021-01-20,36319,499506,17944,287324,18375,212182,0,0,27848,326905,0.041393,8453,86631,0.010969,27931,413536,0.052362,7897587
2,2021-01-21,40336,539842,17129,304453,23207,235389,0,0,35970,358680,0.045416,4345,90976,0.011519,36120,449656,0.056936,7897587
2,2021-01-22,38882,578724,16179,320632,22703,258092,0,0,35619,391063,0.049517,3266,94242,0.011933,35649,485305,0.06145,7897587
2,2021-01-23,23890,602614,10805,331437,13085,271177,0,0,20946,409118,0.051803,2919,97161,0.012303,20974,506279,0.064106,7897587
2,2021-01-24,12417,615031,6153,337590,6264,277441,0,0,11509,419742,0.053148,895,98056,0.012416,11519,517798,0.065564,7897587
2,2021-01-25,33434,648465,15480,353070,17954,295395,0,0,24777,436002,0.055207,8635,106691,0.013509,24895,542693,0.068716,7897587
2,2021-01-26,39996,688461,19787,372857,20209,315604,0,0,31125,458350,0.058037,8851,115542,0.01463,31199,573892,0.072667,7897587
2,2021-01-27,44731,733192,22833,395690,21898,337502,0,0,34939,483653,0.061241,9702,125244,0.015859,35005,608897,0.077099,7897587
2,2021-01-28,47582,780774,22384,418074,25198,362700,0,0,39127,514444,0.065139,8407,133651,0.016923,39198,648095,0.082062,7897587
2,2021-01-29,45228,826002,22126,440200,23102,385802,0,0,36736,542839,0.068735,8399,142050,0.017987,36794,684889,0.086721,7897587
2,2021-01-30,31068,857070,13486,453686,17582,403384,0,0,27858,567558,0.071865,3173,145223,0.018388,27892,712781,0.090253,7897587
2,2021-01-31,17534,874604,10643,464329,6891,410275,0,0,16322,582706,0.073783,1194,146417,0.018539,16342,729123,0.092322,7897587
2,2021-02-01,40029,914633,19131,483460,20898,431173,0,0,29706,602151,0.076245,10295,156712,0.019843,29740,758863,0.096088,7897587
2,2021-02-02,47630,962263,19728,503188,27902,459075,0,0,36252,627190,0.079415,11307,168019,0.021275,36346,795209,0.10069,7897587
2,2021-02-03,53489,1015752,23761,526949,29728,488803,0,0,39758,653385,0.082732,13644,181663,0.023002,39839,835048,0.105735,7897587
2,2021-02-04,55671,1071423,24206,551155,31465,520268,0,0,40818,679525,0.086042,14766,196429,0.024872,40906,875954,0.110914,7897587
2,2021-02-05,59287,1130710,26295,577450,32992,553260,0,0,40303,701193,0.088786,18820,215249,0.027255,40488,916442,0.116041,7897587
2,2021-02-06,38722,1169432,18119,595569,20603,573863,0,0,31226,725069,0.091809,7428,222677,0.028196,31304,947746,0.120005,7897587
2,2021-02-07,15897,1185329,10656,606225,5241,579104,0,0,12042,733342,0.092856,3832,226509,0.028681,12105,959851,0.121537,7897587
2,2021-02-08,42879,1228208,22048,628273,20831,599935,0,0,29615,749988,0.094964,13166,239675,0.030348,29812,989663,0.125312,7897587
2,2021-02-09,48903,1277111,23362,651635,25541,625476,0,0,30778,763040,0.096617,18041,257716,0.032632,31093,1020756,0.129249,7897587
2,2021-02-10,59074,1336185,27937,679572,31137,656613,0,0,34688,773893,0.097991,24177,281893,0.035694,35030,1055786,0.133685,7897587
2,2021-02-11,63264,1399449,29322,708894,33942,690555,0,0,35764,782912,0.099133,27221,309114,0.03914,36240,1092026,0.138273,7897587
2,2021-02-12,64311,1463760,27748,736642,36563,727118,0,0,34450,788327,0.099819,29674,338788,0.042898,35089,1127115,0.142716,7897587
2,2021-02-13,37359,1501119,15686,752328,21673,748791,0,0,21657,794741,0.100631,15619,354407,0.044875,22033,1149148,0.145506,7897587
2,2021-02-14,19858,1520977,9319,761647,10539,759330,0,0,11205,797750,0.101012,8617,363024,0.045966,11626,1160774,0.146978,7897587
2,2021-02-15,32707,1553684,14788,776435,17919,777249,0,0,18284,802549,0.10162,14323,377347,0.04778,19122,1179896,0.1494,7897587
2,2021-02-16,55604,1609288,27569,804004,28035,805284,0,0,29329,806548,0.102126,26200,403547,0.051098,30199,1210095,0.153223,7897587
2,2021-02-17,60748,1670036,31511,835515,29237,834521,0,0,30198,807384,0.102232,30503,434050,0.05496,31339,1241434,0.157192,7897587
2,2021-02-18,65141,1735177,33236,868751,31905,866426,0,0,31952,807830,0.102288,33004,467054,0.059139,33450,1274884,0.161427,7897587
2,2021-02-19,58310,1793487,32473,901224,25837,892263,0,0,29086,808509,0.102374,29108,496162,0.062825,29787,1304671,0.165199,7897587
2,2021-02-20,36673,1830160,23968,925192,12705,904968,0,0,19957,812808,0.102919,16652,512814,0.064933,20951,1325622,0.167852,7897587
2,2021-02-21,17775,1847935,14357,939549,3418,908386,0,0,8735,813945,0.103062,8986,521800,0.066071,10123,1335745,0.169133,7897587
2,2021-02-22,36996,1884931,25444,964993,11552,919938,0,0,17770,813828,0.103048,19140,540940,0.068494,19023,1354768,0.171542,7897587
2,2021-02-23,50515,1935446,25773,990766,24742,944680,0,0,22244,810701,0.102652,28108,569048,0.072053,24981,1379749,0.174705,7897587
2,2021-02-24,67570,2003016,34809,1025575,32761,977441,0,0,31219,809024,0.102439,36228,605276,0.076641,34551,1414300,0.17908,7897587
2,2021-02-25,72694,2075710,34037,1059612,38657,1016098,0,0,36906,813961,0.103065,35597,640873,0.081148,40534,1454834,0.184212,7897587
2,2021-02-26,80925,2156635,34713,1094325,46212,1062310,0,0,43908,823339,0.104252,36798,677671,0.085807,46176,1501010,0.190059,7897587
2,2021-02-27,58449,2215084,26586,1120911,31859,1094169,4,4,31904,830366,0.105142,26376,704047,0.089147,33403,1534413,0.194289,7897587
2,2021-02-28,28814,2243898,17282,1138193,11530,1105699,2,6,16853,836931,0.105973,11887,715934,0.090652,18452,1552865,0.196625,7897587
2,2021-03-01,54982,2298880,28860,1167053,26107,1131806,15,21,30122,844253,0.1069,24684,740618,0.093778,32006,1584871,0.200678,7897587
2,2021-03-02,64217,2363097,29775,1196828,34438,1166244,4,25,35889,854979,0.108258,28232,768850,0.097353,38958,1623829,0.205611,7897587
2,2021-03-03,77342,2440439,37415,1234243,39921,1206165,6,31,43526,868007,0.109908,33664,802514,0.101615,46692,1670521,0.211523,7897587
2,2021-03-04,84995,2525434,41560,1275803,43409,1249574,26,57,49231,884451,0.11199,35619,838133,0.106125,52063,1722584,0.218115,7897587
2,2021-03-05,78048,2603482,36529,1312332,41225,1290799,294,351,47808,904918,0.114582,30076,868209,0.109933,50543,1773127,0.224515,7897587
2,2021-03-06,61006,2664488,29699,1342031,29655,1320454,1652,2003,37436,922128,0.116761,23480,891689,0.112907,40690,1813817,0.229667,7897587
2,2021-03-07,26707,2691195,15460,1357491,10311,1330765,936,2939,17095,932009,0.118012,9557,901246,0.114117,19438,1833255,0.232128,7897587
2,2021-03-08,48678,2739873,22206,1379697,24057,1354822,2415,5354,30661,948807,0.120139,17925,919171,0.116386,34723,1867978,0.236525,7897587
2,2021-03-09,62729,2802602,25753,1405450,33241,1388063,3735,9089,33403,958676,0.121388,29218,948389,0.120086,39087,1907065,0.241474,7897587
2,2021-03-10,74394,2876996,34884,1440334,33354,1421417,6156,15245,39460,971341,0.122992,34771,983160,0.124489,47436,1954501,0.247481,7897587
2,2021-03-11,90307,2967303,41437,1481771,40733,1462150,8137,23382,47570,986471,0.124908,42502,1025662,0.12987,57632,2012133,0.254778,7897587
2,2021-03-12,91270,3058573,37561,1519332,41941,1504091,11768,35150,45796,1000109,0.126635,45314,1070976,0.135608,58952,2071085,0.262243,7897587
2,2021-03-13,66965,3125538,28014,1547346,31159,1535250,7792,42942,36998,1016336,0.128689,29870,1100846,0.13939,46097,2117182,0.26808,7897587
2,2021-03-14,35815,3161353,17743,1565089,13646,1548896,4426,47368,19142,1024088,0.129671,16600,1117446,0.141492,24352,2141534,0.271163,7897587
2,2021-03-15,65901,3227254,29667,1594756,31310,1580206,4924,52292,36637,1037694,0.131394,29089,1146535,0.145175,42695,2184229,0.276569,7897587
2,2021-03-16,84670,3311924,37284,1632040,43460,1623666,3926,56218,51993,1062507,0.134536,32537,1179072,0.149295,57350,2241579,0.283831,7897587
2,2021-03-17,90175,3402099,43184,1675224,43041,1666707,3950,60168,57691,1092971,0.138393,32285,1211357,0.153383,62749,2304328,0.291776,7897587
2,2021-03-18,94750,3496849,44670,1719894,45695,1712402,4385,64553,58628,1121145,0.14196,35868,1247225,0.157925,64042,2368370,0.299885,7897587
2,2021-03-19,94929,3591778,44637,1764531,44293,1756695,5999,70552,57210,1147576,0.145307,37496,1284721,0.162673,63927,2432297,0.30798,7897587
2,2021-03-20,68184,3659962,32663,1797194,31634,1788329,3887,74439,45489,1174979,0.148777,22516,1307237,0.165524,49919,2482216,0.314301,7897587
2,2021-03-21,32407,3692369,20829,1818023,9627,1797956,1951,76390,20601,1186733,0.150265,11724,1318961,0.167008,23478,2505694,0.317273,7897587
2,2021-03-22,61286,3753655,33576,1851599,25162,1823118,2548,78938,41558,1212360,0.15351,19575,1338536,0.169487,45202,2550896,0.322997,7897587
2,2021-03-23,81411,3835066,42891,1894490,35720,1858838,2800,81738,53822,1242551,0.157333,27381,1365917,0.172954,57572,2608468,0.330287,7897587
2,2021-03-24,89545,3924611,48188,1942678,38305,1897143,3052,84790,53729,1265129,0.160192,35580,1401497,0.177459,58158,2666626,0.337651,7897587
2,2021-03-25,98328,4022939,49181,1991859,45423,1942566,3724,88514,56814,1285189,0.162732,41255,1442752,0.182683,61315,2727941,0.345414,7897587
2,2021-03-26,100235,4123174,49612,2041471,47218,1989784,3405,91919,56645,1303045,0.164993,43298,1486050,0.188165,61154,2789095,0.353158,7897587
2,2021-03-27,73511,4196685,36510,2077981,33767,2023551,3234,95153,37995,1309807,0.165849,35342,1521392,0.19264,42104,2831199,0.358489,7897587
2,2021-03-28,36690,4233375,22444,2100425,13443,2036994,803,95956,20724,1316196,0.166658,15876,1537268,0.19465,22265,2853464,0.361308,7897587
2,2021-03-29,69500,4302875,35392,2135817,31931,2068925,2177,98133,40764,1331436,0.168588,28598,1565866,0.198271,43838,2897302,0.366859,7897587
2,2021-03-30,89247,4392122,43334,2179151,41920,2110845,3993,102126,55036,1357017,0.171827,34061,1599927,0.202584,59642,2956944,0.374411,7897587
2,2021-03-31,98501,4490623,50630,2229781,43013,2153858,4858,106984,58317,1380593,0.174812,39984,1639911,0.207647,63560,3020504,0.382459,7897587
2,2021-04-01,113474,4604097,54659,2284440,50234,2204092,8581,115565,62505,1401424,0.17745,50747,1690658,0.214073,71578,3092082,0.391522,7897587
2,2021-04-02,108142,4712239,49962,2334402,48528,2252620,9652,125217,58976,1421678,0.180014,48872,1739530,0.220261,69126,3161208,0.400275,7897587
2,2021-04-03,74229,4786468,36324,2370726,28542,2281162,9363,134580,37279,1432063,0.181329,36782,1776312,0.224918,47167,3208375,0.406248,7897587
2,2021-04-04,28569,4815037,14691,2385417,10106,2291268,3772,138352,13151,1433712,0.181538,15359,1791671,0.226863,17008,3225383,0.408401,7897587
2,2021-04-05,77164,4892201,38171,2423588,30558,2321826,8435,146787,38214,1442444,0.182644,38838,1830509,0.231781,47570,3272953,0.414424,7897587
2,2021-04-06,101262,4993463,49486,2473074,37600,2359426,14176,160963,48842,1453960,0.184102,52219,1882728,0.238393,63735,3336688,0.422495,7897587
2,2021-04-07,107920,5101383,54104,2527178,38035,2397461,15781,176744,51675,1466265,0.18566,56036,1938764,0.245488,68341,3405029,0.431148,7897587
2,2021-04-08,116322,5217705,56229,2583407,41982,2439443,18111,194855,54640,1478240,0.187176,61453,2000217,0.253269,73428,3478457,0.440446,7897587
2,2021-04-09,115375,5333080,55794,2639201,42085,2481528,17496,212351,55230,1492251,0.18895,59880,2060097,0.260851,73891,3552348,0.449802,7897587
2,2021-04-10,83979,5417059,36717,2675918,29623,2511151,17639,229990,35035,1496948,0.189545,48789,2108886,0.267029,53486,3605834,0.456574,7897587
2,2021-04-11,43211,5460270,22283,2698201,12605,2523756,8323,238313,17711,1498604,0.189755,25417,2134303,0.270247,27073,3632907,0.460002,7897587
2,2021-04-12,78113,5538383,36485,2734686,32548,2556304,9080,247393,35299,1501392,0.190108,42609,2176912,0.275643,45397,3678304,0.46575,7897587
2,2021-04-13,99092,5637475,51216,2785902,47637,2603941,239,247632,54520,1512967,0.191573,44372,2221284,0.281261,55947,3734251,0.472834,7897587
2,2021-04-14,103471,5740946,54271,2840173,49158,2653099,42,247674,53614,1518963,0.192333,49649,2270933,0.287548,55645,3789896,0.47988,7897587
2,2021-04-15,108793,5849739,57915,2898088,50816,2703915,62,247736,57374,1526971,0.193347,51132,2322065,0.294022,59140,3849036,0.487369,7897587
2,2021-04-16,106629,5956368,55556,2953644,51025,2754940,48,247784,54635,1531116,0.193871,51763,2373828,0.300576,55908,3904944,0.494448,7897587
2,2021-04-17,78549,6034917,40382,2994026,38157,2793097,10,247794,43658,1541184,0.195146,34727,2408555,0.304974,44795,3949739,0.50012,7897587
2,2021-04-18,33277,6068194,19845,3013871,13430,2806527,2,247796,16203,1541599,0.195199,17000,2425555,0.307126,17415,3967154,0.502325,7897587
2,2021-04-19,72314,6140508,39169,3053040,33139,2839666,6,247802,33246,1536931,0.194608,38896,2464451,0.312051,34228,4001382,0.506659,7897587
2,2021-04-20,93273,6233781,46458,3099498,46801,2886467,14,247816,45830,1537307,0.194655,47209,2511660,0.318029,47585,4048967,0.512684,7897587
2,2021-04-21,97096,6330877,51488,3150986,45551,2932018,57,247873,46450,1535404,0.194414,50361,2562021,0.324406,48458,4097425,0.51882,7897587
2,2021-04-22,100222,6431099,51350,3202336,48857,2980875,15,247888,44629,1527121,0.193366,55318,2617339,0.33141,47035,4144460,0.524775,7897587
2,2021-04-23,95887,6526986,50731,3253067,45143,3026018,13,247901,44032,1522285,0.192753,51612,2668951,0.337945,46776,4191236,0.530698,7897587
2,2021-04-24,68341,6595327,40526,3293593,27782,3053800,33,247934,36759,1529922,0.19372,31446,2700397,0.341927,39083,4230319,0.535647,7897587
2,2021-04-25,28974,6624301,17331,3310924,11635,3065435,8,247942,15747,1533313,0.19415,13162,2713559,0.343593,16553,4246872,0.537743,7897587
2,2021-04-26,56212,6680513,30815,3341739,25152,3090587,245,248187,26045,1532379,0.194031,30017,2743576,0.347394,29083,4275955,0.541426,7897587
2,2021-04-27,60074,6740587,31391,3373130,27757,3118344,926,249113,25239,1525946,0.193217,34665,2778241,0.351784,28232,4304187,0.545,7897587
2,2021-04-28,35513,6776100,19663,3392793,15302,3133646,548,249661,14130,1521183,0.192614,21293,2799534,0.35448,16530,4320717,0.547093,7897587
3,2020-12-15,303,303,303,303,0,0,0,0,303,303,3.9e-05,0,0,0.0,303,303,3.9e-05,7688185
3,2020-12-16,2204,2507,2204,2507,0,0,0,0,2204,2507,0.000326,0,0,0.0,2204,2507,0.000326,7688185
3,2020-12-17,7604,10111,7604,10111,0,0,0,0,7604,10111,0.001315,0,0,0.0,7604,10111,0.001315,7688185
3,2020-12-18,12805,22916,12794,22905,11,11,0,0,12805,22916,0.002981,0,0,0.0,12805,22916,0.002981,7688185
3,2020-12-19,7034,29950,7023,29928,11,22,0,0,7098,30014,0.003904,0,0,0.0,7098,30014,0.003904,7688185
3,2020-12-20,5478,35428,5470,35398,8,30,0,0,5524,35537,0.004622,1,1,0.0,5524,35538,0.004622,7688185
3,2020-12-21,14257,49685,14236,49634,21,51,0,0,14322,49858,0.006485,1,2,0.0,14322,49860,0.006485,7688185
3,2020-12-22,14607,64292,14042,63676,565,616,0,0,14646,64504,0.00839,0,2,0.0,14646,64506,0.00839,7688185
3,2020-12-23,14646,78938,12065,75741,2581,3197,0,0,14672,79176,0.010298,0,2,0.0,14672,79178,0.010299,7688185
3,2020-12-24,6757,85695,4854,80595,1903,5100,0,0,6755,85930,0.011177,1,3,0.0,6755,85933,0.011177,7688185
3,2020-12-25,718,86413,663,81258,55,5155,0,0,717,86647,0.01127,0,3,0.0,717,86650,0.011271,7688185
3,2020-12-26,4595,91008,2983,84241,1612,6767,0,0,4593,91240,0.011868,0,3,0.0,4593,91243,0.011868,7688185
3,2020-12-27,2950,93958,1832,86073,1118,7885,0,0,2951,94191,0.012251,0,3,0.0,2951,94194,0.012252,7688185
3,2020-12-28,13460,107418,8606,94679,4854,12739,0,0,13488,107678,0.014006,1,4,1e-06,13488,107682,0.014006,7688185
3,2020-12-29,14881,122299,8411,103090,6470,19209,0,0,14911,122587,0.015945,2,6,1e-06,14911,122593,0.015946,7688185
3,2020-12-30,17920,140219,10034,113124,7886,27095,0,0,17910,140497,0.018274,0,6,1e-06,17910,140503,0.018275,7688185
3,2020-12-31,8258,148477,3166,116290,5092,32187,0,0,8258,148754,0.019348,1,7,1e-06,8258,148761,0.019349,7688185
3,2021-01-01,1141,149618,517,116807,624,32811,0,0,1138,149892,0.019496,0,7,1e-06,1138,149899,0.019497,7688185
3,2021-01-02,4975,154593,2462,119269,2513,35324,0,0,4975,154867,0.020144,0,7,1e-06,4975,154874,0.020144,7688185
3,2021-01-03,1590,156183,840,120109,750,36074,0,0,1581,156444,0.020349,4,11,1e-06,1581,156455,0.02035,7688185
3,2021-01-04,11935,168118,5978,126087,5957,42031,0,0,11908,168345,0.021897,7,18,2e-06,11908,168363,0.021899,7688185
3,2021-01-05,15534,183652,8013,134100,7521,49552,0,0,13936,180720,0.023506,1583,1601,0.000208,13958,182321,0.023714,7688185
3,2021-01-06,20013,203665,10487,144587,9526,59078,0,0,15779,192310,0.025014,4195,5796,0.000754,15785,198106,0.025768,7688185
3,2021-01-07,25992,229657,14808,159395,11184,70262,0,0,16955,200268,0.026049,9010,14806,0.001926,16968,215074,0.027975,7688185
3,2021-01-08,29858,259515,18311,177706,11547,81809,0,0,17791,206032,0.026799,12047,26853,0.003493,17811,232885,0.030291,7688185
3,2021-01-09,12006,271521,6765,184471,5241,87050,0,0,7708,209452,0.027243,4293,31146,0.004051,7713,240598,0.031295,7688185
3,2021-01-10,7147,278668,4465,188936,2682,89732,0,0,4006,210323,0.027357,3139,34285,0.004459,4010,244608,0.031816,7688185
3,2021-01-11,28596,307264,18705,207641,9891,99623,0,0,16158,214085,0.027846,12432,46717,0.006076,16194,260802,0.033922,7688185
3,2021-01-12,31834,339098,19021,226662,12813,112436,0,0,19480,221310,0.028786,12338,59055,0.007681,19563,280365,0.036467,7688185
3,2021-01-13,34218,373316,17915,244577,16303,128739,0,0,24157,235422,0.030621,10062,69117,0.00899,24174,304539,0.039611,7688185
3,2021-01-14,34242,407558,14070,258647,20172,148911,0,0,28394,258028,0.033562,5819,74936,0.009747,28425,332964,0.043309,7688185
3,2021-01-15,38499,446057,14382,273029,24117,173028,0,0,33910,287415,0.037384,4579,79515,0.010342,33966,366930,0.047726,7688185
3,2021-01-16,21730,467787,7602,280631,14128,187156,0,0,19430,304580,0.039617,2286,81801,0.01064,19451,386381,0.050256,7688185
3,2021-01-17,13092,480879,4461,285092,8631,195787,0,0,12071,315648,0.041056,1021,82822,0.010773,12089,398470,0.051829,7688185
3,2021-01-18,24510,505389,12748,297840,11762,207549,0,0,19032,329222,0.042822,5496,88318,0.011487,19070,417540,0.054309,7688185
3,2021-01-19,40608,545997,20745,318585,19863,227412,0,0,31600,351915,0.045773,8983,97301,0.012656,31676,449216,0.058429,7688185
3,2021-01-20,44496,590493,21824,340409,22672,250084,0,0,35297,378124,0.049182,9158,106459,0.013847,35367,484583,0.06303,7688185
3,2021-01-21,46895,637388,20159,360568,26736,276820,0,0,41532,414424,0.053904,5293,111752,0.014536,41593,526176,0.06844,7688185
3,2021-01-22,49030,686418,19526,380094,29504,306324,0,0,44946,455339,0.059226,4096,115848,0.015068,45011,571187,0.074294,7688185
3,2021-01-23,29927,716345,12691,392785,17236,323560,0,0,26628,478720,0.062267,3288,119136,0.015496,26669,597856,0.077763,7688185
3,2021-01-24,17585,733930,8474,401259,9111,332671,0,0,16442,494046,0.06426,1139,120275,0.015644,16465,614321,0.079905,7688185
3,2021-01-25,40172,774102,17978,419237,22194,354865,0,0,30398,514766,0.066955,9758,130033,0.016913,30478,644799,0.083869,7688185
3,2021-01-26,46424,820526,22126,441363,24298,379163,0,0,36529,541505,0.070433,9891,139924,0.0182,36630,681429,0.088633,7688185
3,2021-01-27,50284,870810,24408,465771,25876,405039,0,0,39846,571061,0.074278,10361,150285,0.019548,39917,721346,0.093825,7688185
3,2021-01-28,51172,921982,23746,489517,27426,432465,0,0,42413,604851,0.078673,8678,158963,0.020676,42468,763814,0.099349,7688185
3,2021-01-29,50035,972017,24084,513601,25951,458416,0,0,40660,636382,0.082774,9188,168151,0.021871,40719,804533,0.104645,7688185
3,2021-01-30,36540,1008557,17327,530928,19213,477629,0,0,32018,664005,0.086367,4478,172629,0.022454,32101,836634,0.108821,7688185
3,2021-01-31,22174,1030731,12801,543729,9373,487002,0,0,20712,683277,0.088874,1454,174083,0.022643,20726,857360,0.111517,7688185
3,2021-02-01,44681,1075412,20130,563859,24551,511553,0,0,34613,707897,0.092076,10030,184113,0.023948,34650,892010,0.116023,7688185
3,2021-02-02,53956,1129368,22803,586662,31153,542706,0,0,41319,736709,0.095824,12553,196666,0.02558,41365,933375,0.121404,7688185
3,2021-02-03,59423,1188791,26480,613142,32943,575649,0,0,44357,766219,0.099662,14908,211574,0.027519,44418,977793,0.127181,7688185
3,2021-02-04,63816,1252607,27755,640897,36061,611710,0,0,46886,796462,0.103596,16742,228316,0.029697,46985,1024778,0.133293,7688185
3,2021-02-05,69611,1322218,29671,670568,39940,651650,0,0,48285,823794,0.107151,21120,249436,0.032444,48452,1073230,0.139595,7688185
3,2021-02-06,43367,1365585,21117,691685,22250,673900,0,0,33680,847999,0.110299,9660,259096,0.033701,33865,1107095,0.144,7688185
3,2021-02-07,19366,1384951,12247,703932,7119,681019,0,0,14909,858586,0.111676,4447,263543,0.034279,15034,1122129,0.145955,7688185
3,2021-02-08,50562,1435513,24348,728280,26214,707233,0,0,33255,874838,0.11379,17186,280729,0.036514,33438,1155567,0.150304,7688185
3,2021-02-09,57930,1493443,28202,756482,29728,736961,0,0,34078,885570,0.115186,23687,304416,0.039595,34419,1189986,0.154781,7688185
3,2021-02-10,67145,1560588,31203,787685,35942,772903,0,0,36522,892217,0.11605,30391,334807,0.043548,37038,1227024,0.159599,7688185
3,2021-02-11,69627,1630215,34302,821987,35325,808228,0,0,37628,898702,0.116894,31669,366476,0.047667,38154,1265178,0.164561,7688185
3,2021-02-12,74229,1704444,32045,854032,42184,850412,0,0,41175,907829,0.118081,32797,399273,0.051933,41924,1307102,0.170014,7688185
3,2021-02-13,44385,1748829,20173,874205,24212,874624,0,0,25625,915419,0.119068,18614,417887,0.054354,26204,1333306,0.173423,7688185
3,2021-02-14,27026,1775855,13512,887717,13514,888138,0,0,15135,919168,0.119556,11847,429734,0.055895,15596,1348902,0.175451,7688185
3,2021-02-15,39479,1815334,17058,904775,22421,910559,0,0,21902,924522,0.120252,17497,447231,0.058171,22851,1371753,0.178424,7688185
3,2021-02-16,68874,1884208,32671,937446,36203,946762,0,0,35982,928778,0.120806,32769,480000,0.062433,37025,1408778,0.183239,7688185
3,2021-02-17,70521,1954729,35839,973285,34682,981444,0,0,33627,926805,0.120549,36703,516703,0.067207,34730,1443508,0.187757,7688185
3,2021-02-18,75578,2030307,39543,1012828,36035,1017479,0,0,35472,923651,0.120139,39991,556694,0.072409,36837,1480345,0.192548,7688185
3,2021-02-19,67276,2097583,38836,1051664,28440,1045919,0,0,34260,925672,0.120402,32931,589625,0.076692,34952,1515297,0.197094,7688185
3,2021-02-20,41011,2138594,25985,1077649,15026,1060945,0,0,21874,928985,0.120833,19055,608680,0.079171,22368,1537665,0.200004,7688185
3,2021-02-21,19492,2158086,15768,1093417,3724,1064669,0,0,9205,928395,0.120756,10224,618904,0.080501,9634,1547299,0.201257,7688185
3,2021-02-22,44478,2202564,29041,1122458,15437,1080106,0,0,21069,926680,0.120533,23334,642238,0.083536,21619,1568918,0.204069,7688185
3,2021-02-23,59263,2261827,32258,1154716,27005,1107111,0,0,26100,921767,0.119894,33045,675283,0.087834,28132,1597050,0.207728,7688185
3,2021-02-24,75511,2337338,36892,1191608,38619,1145730,0,0,33798,916561,0.119217,41560,716843,0.09324,36354,1633404,0.212456,7688185
3,2021-02-25,83872,2421210,40381,1231989,43491,1189221,0,0,42074,919662,0.11962,41596,758439,0.09865,44697,1678101,0.21827,7688185
3,2021-02-26,94409,2515619,43021,1275010,51388,1240609,0,0,50325,928390,0.120755,43784,802223,0.104345,52512,1730613,0.2251,7688185
3,2021-02-27,66221,2581840,29954,1304964,36264,1276873,3,3,35138,933911,0.121474,30926,833149,0.108367,36447,1767060,0.229841,7688185
3,2021-02-28,37334,2619174,21631,1326595,15703,1292576,0,3,19439,936580,0.121821,17769,850918,0.110679,20438,1787498,0.232499,7688185
3,2021-03-01,64764,2683938,34278,1360873,30477,1323053,9,12,36225,945824,0.123023,28400,879318,0.114373,37644,1825142,0.237396,7688185
3,2021-03-02,73994,2757932,35320,1396193,38672,1361725,2,14,42852,959760,0.124836,31033,910351,0.118409,44969,1870111,0.243245,7688185
3,2021-03-03,86425,2844357,41015,1437208,45398,1407123,12,26,48238,972307,0.126468,38031,948382,0.123356,50578,1920689,0.249823,7688185
3,2021-03-04,90837,2935194,44318,1481526,46504,1453627,15,41,51854,987695,0.128469,38807,987189,0.128403,54195,1974884,0.256873,7688185
3,2021-03-05,86892,3022086,42175,1523701,44431,1498058,286,327,53063,1009691,0.13133,33633,1020822,0.132778,55629,2030513,0.264108,7688185
3,2021-03-06,63583,3085669,31926,1555627,29531,1527589,2126,2453,36424,1022749,0.133029,27044,1047866,0.136296,40102,2070615,0.269324,7688185
3,2021-03-07,36285,3121954,21439,1577066,13743,1541332,1103,3556,20789,1030762,0.134071,15454,1063320,0.138306,23467,2094082,0.272377,7688185
3,2021-03-08,57444,3179398,27255,1604321,27387,1568719,2802,6358,36393,1050593,0.13665,20959,1084279,0.141032,40790,2134872,0.277682,7688185
3,2021-03-09,69831,3249229,29556,1633877,35964,1604683,4311,10669,36317,1059557,0.137816,33422,1117701,0.145379,42386,2177258,0.283195,7688185
3,2021-03-10,79582,3328811,39224,1673101,34472,1639155,5886,16555,41248,1070429,0.13923,38185,1155886,0.150346,49057,2226315,0.289576,7688185
3,2021-03-11,94594,3423405,46096,1719197,40108,1679263,8390,24945,46705,1079360,0.140392,47677,1203563,0.156547,56608,2282923,0.296939,7688185
3,2021-03-12,99882,3523287,44489,1763686,43682,1722945,11711,36656,45853,1084210,0.141023,53866,1257429,0.163553,58716,2341639,0.304576,7688185
3,2021-03-13,68208,3591495,28788,1792474,32320,1755265,7100,43756,35989,1096563,0.14263,32130,1289559,0.167733,44483,2386122,0.310362,7688185
3,2021-03-14,40182,3631677,21072,1813546,15650,1770915,3460,47216,21913,1104440,0.143654,18216,1307775,0.170102,26093,2412215,0.313756,7688185
3,2021-03-15,74158,3705835,35168,1848714,34542,1805457,4448,51664,39460,1114797,0.145001,34553,1342328,0.174596,44910,2457125,0.319598,7688185
3,2021-03-16,93497,3799332,43001,1891715,46269,1851726,4227,55891,53500,1133764,0.147468,39824,1382152,0.179776,58791,2515916,0.327244,7688185
3,2021-03-17,95996,3895328,46621,1938336,45011,1896737,4364,60255,59005,1161042,0.151016,36830,1418982,0.184567,64108,2580024,0.335583,7688185
3,2021-03-18,100432,3995760,50601,1988937,45514,1942251,4317,64572,58934,1183836,0.153981,41291,1460273,0.189937,64085,2644109,0.343918,7688185
3,2021-03-19,100175,4095935,53185,2042122,42602,1984853,4388,68960,57207,1203339,0.156518,42773,1503046,0.195501,62276,2706385,0.352019,7688185
3,2021-03-20,70034,4165969,36038,2078160,30432,2015285,3564,72524,44305,1226244,0.159497,25585,1528631,0.198829,48490,2754875,0.358326,7688185
3,2021-03-21,35306,4201275,23985,2102145,9863,2025148,1458,73982,22988,1239249,0.161189,12265,1540896,0.200424,25270,2780145,0.361613,7688185
3,2021-03-22,68567,4269842,40204,2142349,25939,2051087,2424,76406,45050,1264484,0.164471,23368,1564264,0.203463,48603,2828748,0.367934,7688185
3,2021-03-23,87881,4357723,48293,2190642,37177,2088264,2411,78817,57308,1294584,0.168386,30382,1594646,0.207415,60482,2889230,0.375801,7688185
3,2021-03-24,96971,4454694,56022,2246664,38220,2126484,2729,81546,56851,1315197,0.171067,39847,1634493,0.212598,60460,2949690,0.383665,7688185
3,2021-03-25,104469,4559163,57965,2304629,43684,2170168,2820,84366,60407,1335282,0.17368,43811,1678304,0.218297,63896,3013586,0.391976,7688185
3,2021-03-26,107768,4666931,57869,2362498,46718,2216886,3181,87547,57627,1347074,0.175214,49903,1728207,0.224787,61695,3075281,0.400001,7688185
3,2021-03-27,72752,4739683,36849,2399347,33381,2250267,2522,90069,36497,1350678,0.175682,36096,1764303,0.229482,39700,3114981,0.405165,7688185
3,2021-03-28,43121,4782804,27074,2426421,15248,2265515,799,90868,23075,1355086,0.176256,19966,1784269,0.232079,24374,3139355,0.408335,7688185
3,2021-03-29,79124,4861928,41410,2467831,35960,2301475,1754,92622,44908,1368512,0.178002,34036,1818305,0.236506,47462,3186817,0.414508,7688185
3,2021-03-30,97973,4959901,48158,2515989,46347,2347822,3468,96090,59527,1393870,0.1813,38249,1856554,0.241481,63607,3250424,0.422782,7688185
3,2021-03-31,102838,5062739,55498,2571487,42642,2390464,4698,100788,57109,1410439,0.183455,45582,1902136,0.24741,62151,3312575,0.430866,7688185
3,2021-04-01,120013,5182752,60480,2631967,50251,2440715,9282,110070,65545,1431384,0.18618,54259,1956395,0.254468,75204,3387779,0.440647,7688185
3,2021-04-02,114882,5297634,56152,2688119,48861,2489576,9869,119939,61329,1449746,0.188568,53350,2009745,0.261407,71712,3459491,0.449975,7688185
3,2021-04-03,74182,5371816,37780,2725899,27479,2517055,8923,128862,37382,1459757,0.18987,36702,2046447,0.266181,46713,3506204,0.456051,7688185
3,2021-04-04,31924,5403740,17058,2742957,10757,2527812,4109,132971,14264,1460591,0.189979,17604,2064051,0.268471,18438,3524642,0.458449,7688185
3,2021-04-05,86970,5490710,44377,2787334,33764,2561576,8829,141800,43447,1470375,0.191251,43382,2107433,0.274113,53166,3577808,0.465364,7688185
3,2021-04-06,111365,5602075,54411,2841745,42096,2603672,14858,156658,53122,1481159,0.192654,58037,2165470,0.281662,68821,3646629,0.474316,7688185
3,2021-04-07,113847,5715922,59220,2900965,38733,2642405,15894,172552,55736,1495423,0.194509,57913,2223383,0.289195,72177,3718806,0.483704,7688185
3,2021-04-08,118843,5834765,59605,2960570,39685,2682090,19553,192105,55720,1508662,0.196231,62897,2286280,0.297376,76136,3794942,0.493607,7688185
3,2021-04-09,115189,5949954,57618,3018188,38977,2721067,18594,210699,51243,1515795,0.197159,63760,2350040,0.305669,70893,3865835,0.502828,7688185
3,2021-04-10,81557,6031511,36975,3055163,29696,2750763,14886,225585,33447,1517105,0.197329,47971,2398011,0.311909,49281,3915116,0.509238,7688185
3,2021-04-11,43974,6075485,23582,3078745,12623,2763386,7769,233354,16751,1515463,0.197116,27149,2425160,0.31544,25507,3940623,0.512556,7688185
3,2021-04-12,82289,6157774,41869,3120614,32004,2795390,8416,241770,37836,1518522,0.197514,44280,2469440,0.321199,47339,3987962,0.518713,7688185
3,2021-04-13,103276,6261050,55923,3176537,47156,2842546,197,241967,54699,1526155,0.198507,48399,2517839,0.327495,56032,4043994,0.526001,7688185
3,2021-04-14,104098,6365148,57053,3233590,46959,2889505,86,242053,52697,1529628,0.198958,51171,2569010,0.33415,54644,4098638,0.533109,7688185
3,2021-04-15,114669,6479817,64629,3298219,49988,2939493,52,242105,62177,1540842,0.200417,52261,2621271,0.340948,63475,4162113,0.541365,7688185
3,2021-04-16,112050,6591867,62866,3361085,49096,2988589,88,242193,59047,1548015,0.20135,52770,2674041,0.347812,59943,4222056,0.549162,7688185
3,2021-04-17,75761,6667628,41566,3402651,34184,3022773,11,242204,41951,1557468,0.202579,33678,2707719,0.352192,43131,4265187,0.554772,7688185
3,2021-04-18,36361,6703989,21451,3424102,14906,3037679,4,242208,17318,1556820,0.202495,18972,2726691,0.35466,18324,4283511,0.557155,7688185
3,2021-04-19,77147,6781136,43201,3467303,33896,3071575,50,242258,35101,1550942,0.201731,41909,2768600,0.360111,36031,4319542,0.561842,7688185
3,2021-04-20,96677,6877813,49923,3517226,46746,3118321,8,242266,47306,1550776,0.201709,49212,2817812,0.366512,49046,4368588,0.568221,7688185
3,2021-04-21,98760,6976573,54437,3571663,44265,3162586,58,242324,47012,1547989,0.201346,51502,2869314,0.373211,48715,4417303,0.574557,7688185
3,2021-04-22,101975,7078548,56901,3628564,45057,3207643,17,242341,44636,1537489,0.199981,57097,2926411,0.380637,46597,4463900,0.580618,7688185
3,2021-04-23,94224,7172772,53947,3682511,40260,3247903,17,242358,41183,1528764,0.198846,52772,2979183,0.387501,44047,4507947,0.586347,7688185
3,2021-04-24,60903,7233675,37371,3719882,23489,3271392,43,242401,30056,1530205,0.199033,30708,3009891,0.391496,32149,4540096,0.590529,7688185
3,2021-04-25,28755,7262430,18060,3737942,10683,3282075,12,242413,14519,1531171,0.199159,14173,3024064,0.393339,15139,4555235,0.592498,7688185
3,2021-04-26,54206,7316636,29584,3767526,24326,3306401,296,242709,23068,1525921,0.198476,30980,3055044,0.397369,25730,4580965,0.595845,7688185
3,2021-04-27,61252,7377888,32105,3799631,27970,3334371,1177,243886,23159,1514192,0.196951,37927,3092971,0.402302,26198,4607163,0.599252,7688185
3,2021-04-28,34483,7412371,20066,3819697,13943,3348314,474,244360,12703,1507185,0.196039,21677,3114648,0.405121,14670,4621833,0.60116,7688185
4,2020-12-15,444,444,444,444,0,0,0,0,444,444,5.9e-05,0,0,0.0,444,444,5.9e-05,7584050
4,2020-12-16,2956,3400,2956,3400,0,0,0,0,2956,3400,0.000448,0,0,0.0,2956,3400,0.000448,7584050
4,2020-12-17,8517,11917,8517,11917,0,0,0,0,8517,11917,0.001571,0,0,0.0,8517,11917,0.001571,7584050
4,2020-12-18,15366,27283,15356,27273,10,10,0,0,15366,27283,0.003597,0,0,0.0,15366,27283,0.003597,7584050
4,2020-12-19,10231,37514,10224,37497,7,17,0,0,10166,37449,0.004938,0,0,0.0,10166,37449,0.004938,7584050
4,2020-12-20,7361,44875,7349,44846,12,29,0,0,7316,44765,0.005903,0,0,0.0,7316,44765,0.005903,7584050
4,2020-12-21,16268,61143,16244,61090,24,53,0,0,16201,60966,0.008039,0,0,0.0,16201,60966,0.008039,7584050
4,2020-12-22,17092,78235,16361,77451,731,784,0,0,17048,78014,0.010287,0,0,0.0,17048,78014,0.010287,7584050
4,2020-12-23,16883,95118,14206,91657,2677,3461,0,0,16854,94868,0.012509,0,0,0.0,16854,94868,0.012509,7584050
4,2020-12-24,8524,103642,5948,97605,2576,6037,0,0,8524,103392,0.013633,0,0,0.0,8524,103392,0.013633,7584050
4,2020-12-25,898,104540,793,98398,105,6142,0,0,898,104290,0.013751,0,0,0.0,898,104290,0.013751,7584050
4,2020-12-26,6161,110701,3859,102257,2302,8444,0,0,6161,110451,0.014564,0,0,0.0,6161,110451,0.014564,7584050
4,2020-12-27,3418,114119,1997,104254,1421,9865,0,0,3418,113869,0.015014,0,0,0.0,3418,113869,0.015014,7584050
4,2020-12-28,14945,129064,9232,113486,5713,15578,0,0,14915,128783,0.016981,1,1,0.0,14915,128784,0.016981,7584050
4,2020-12-29,15213,144277,8419,121905,6794,22372,0,0,15179,143962,0.018982,0,1,0.0,15179,143963,0.018982,7584050
4,2020-12-30,18850,163127,11064,132969,7786,30158,0,0,18839,162799,0.021466,2,3,0.0,18839,162802,0.021466,7584050
4,2020-12-31,8180,171307,3310,136279,4870,35028,0,0,8175,170972,0.022544,2,5,1e-06,8175,170977,0.022544,7584050
4,2021-01-01,1176,172483,491,136770,685,35713,0,0,1174,172144,0.022698,2,7,1e-06,1174,172151,0.022699,7584050
4,2021-01-02,5642,178125,3187,139957,2455,38168,0,0,5641,177784,0.023442,1,8,1e-06,5641,177792,0.023443,7584050
4,2021-01-03,2107,180232,1249,141206,858,39026,0,0,2093,179873,0.023717,4,12,2e-06,2093,179885,0.023719,7584050
4,2021-01-04,12918,193150,7044,148250,5874,44900,0,0,12870,192712,0.02541,31,43,6e-06,12870,192755,0.025416,7584050
4,2021-01-05,16672,209822,9849,158099,6823,51723,0,0,14648,205369,0.027079,2002,2045,0.00027,14659,207414,0.027349,7584050
4,2021-01-06,21423,231245,13146,171245,8277,60000,0,0,15591,215192,0.028374,5779,7824,0.001032,15602,223016,0.029406,7584050
4,2021-01-07,27712,258957,16902,188147,10810,70810,0,0,16947,221442,0.029198,10710,18534,0.002444,16960,239976,0.031642,7584050
4,2021-01-08,32555,291512,20914,209061,11641,82451,0,0,18430,225831,0.029777,14056,32590,0.004297,18445,258421,0.034074,7584050
4,2021-01-09,16027,307539,9467,218528,6560,89011,0,0,9380,228595,0.030142,6627,39217,0.005171,9391,267812,0.035313,7584050
4,2021-01-10,8695,316234,5623,224151,3072,92083,0,0,4092,228112,0.030078,4582,43799,0.005775,4099,271911,0.035853,7584050
4,2021-01-11,33198,349432,21741,245892,11457,103540,0,0,18732,232449,0.03065,14427,58226,0.007677,18764,290675,0.038327,7584050
4,2021-01-12,37983,387415,21795,267687,16188,119728,0,0,23970,242493,0.031974,13963,72189,0.009519,24007,314682,0.041493,7584050
4,2021-01-13,38323,425738,18855,286542,19468,139196,0,0,27164,258577,0.034095,11104,83293,0.010983,27188,341870,0.045077,7584050
4,2021-01-14,38757,464495,14769,301311,23988,163184,0,0,31725,283344,0.037361,6984,90277,0.011904,31751,373621,0.049264,7584050
4,2021-01-15,44991,509486,15577,316888,29414,192598,0,0,39486,317400,0.041851,5450,95727,0.012622,39506,413127,0.054473,7584050
4,2021-01-16,28491,537977,9325,326213,19166,211764,0,0,25392,339743,0.044797,3063,98790,0.013026,25406,438533,0.057823,7584050
4,2021-01-17,18935,556912,6637,332850,12298,224062,0,0,17427,355701,0.046901,1483,100273,0.013222,17441,455974,0.060123,7584050
4,2021-01-18,29101,586013,13360,346210,15741,239803,0,0,23155,373039,0.049187,5848,106121,0.013993,23186,479160,0.06318,7584050
4,2021-01-19,45911,631924,23155,369365,22756,262559,0,0,36633,400522,0.052811,9221,115342,0.015208,36704,515864,0.06802,7584050
4,2021-01-20,51112,683036,26980,396345,24132,286691,0,0,40778,431110,0.056844,10240,125582,0.016559,40828,556692,0.073403,7584050
4,2021-01-21,55913,738949,24646,420991,31267,317958,0,0,49617,474530,0.062569,6234,131816,0.017381,49654,606346,0.07995,7584050
4,2021-01-22,54684,793633,21952,442943,32732,350690,0,0,49621,519217,0.068462,4964,136780,0.018035,49651,655997,0.086497,7584050
4,2021-01-23,39343,832976,17396,460339,21947,372637,0,0,35060,550031,0.072525,4274,141054,0.018599,35088,691085,0.091123,7584050
4,2021-01-24,23878,856854,10482,470821,13396,386033,0,0,22015,570206,0.075185,1855,142909,0.018843,22030,713115,0.094028,7584050
4,2021-01-25,47493,904347,21943,492764,25550,411583,0,0,36526,595846,0.078566,10940,153849,0.020286,36580,749695,0.098852,7584050
4,2021-01-26,56119,960466,28630,521394,27489,439072,0,0,44119,628075,0.082815,11945,165794,0.021861,44174,793869,0.104676,7584050
4,2021-01-27,55047,1015513,26614,548008,28433,467505,0,0,44162,661544,0.087228,10750,176544,0.023278,44219,838088,0.110507,7584050
4,2021-01-28,55988,1071501,25270,573278,30718,498223,0,0,46165,698030,0.092039,9735,186279,0.024562,46221,884309,0.116601,7584050
4,2021-01-29,55938,1127439,26893,600171,29045,527268,0,0,45714,733700,0.096743,10086,196365,0.025892,45756,930065,0.122634,7584050
4,2021-01-30,37434,1164873,17035,617206,20399,547667,0,0,32211,760765,0.100311,5175,201540,0.026574,32240,962305,0.126885,7584050
4,2021-01-31,23754,1188627,12479,629685,11275,558942,0,0,22167,781372,0.103028,1571,203111,0.026781,22178,984483,0.12981,7584050
4,2021-02-01,48038,1236665,22656,652341,25382,584324,0,0,37813,809025,0.106675,10199,213310,0.028126,37852,1022335,0.134801,7584050
4,2021-02-02,55662,1292327,26279,678620,29383,613707,0,0,42039,837614,0.110444,13491,226801,0.029905,42080,1064415,0.140349,7584050
4,2021-02-03,61638,1353965,30290,708910,31348,645055,0,0,47533,871201,0.114873,14001,240802,0.031751,47588,1112003,0.146624,7584050
4,2021-02-04,67093,1421058,31282,740192,35811,680866,0,0,50568,905498,0.119395,16372,257174,0.03391,50669,1162672,0.153305,7584050
4,2021-02-05,72498,1493556,33598,773790,38900,719766,0,0,50706,934781,0.123256,21551,278725,0.036751,50834,1213506,0.160008,7584050
4,2021-02-06,47926,1541482,25945,799735,21981,741747,0,0,36541,960165,0.126603,11357,290082,0.038249,36741,1250247,0.164852,7584050
4,2021-02-07,26210,1567692,17287,817022,8923,750670,0,0,19874,973970,0.128423,6302,296384,0.03908,20107,1270354,0.167503,7584050
4,2021-02-08,58019,1625711,29790,846812,28229,778899,0,0,37823,991978,0.130798,20071,316455,0.041726,38079,1308433,0.172524,7584050
4,2021-02-09,66702,1692413,33976,880788,32726,811625,0,0,39250,1004233,0.132414,27391,343846,0.045338,39646,1348079,0.177752,7584050
4,2021-02-10,76715,1769128,38393,919181,38322,849947,0,0,41030,1010328,0.133217,35464,379310,0.050014,41559,1389638,0.183232,7584050
4,2021-02-11,80412,1849540,41926,961107,38486,888433,0,0,41809,1014394,0.133754,38400,417710,0.055077,42466,1432104,0.188831,7584050
4,2021-02-12,83566,1933106,37442,998549,46124,934557,0,0,43224,1018214,0.134257,40183,457893,0.060376,44003,1476107,0.194633,7584050
4,2021-02-13,58230,1991336,29527,1028076,28703,963260,0,0,29775,1020529,0.134563,28346,486239,0.064113,30661,1506768,0.198676,7584050
4,2021-02-14,36559,2027895,19000,1047076,17559,980819,0,0,18787,1022250,0.134789,17735,503974,0.066452,19456,1526224,0.201241,7584050
4,2021-02-15,45706,2073601,21452,1068528,24254,1005073,0,0,23590,1024985,0.13515,22049,526023,0.069359,24784,1551008,0.204509,7584050
4,2021-02-16,79173,2152774,36255,1104783,42918,1047991,0,0,40513,1028183,0.135572,38576,564599,0.074446,41774,1592782,0.210017,7584050
4,2021-02-17,80120,2232894,37853,1142636,42267,1090258,0,0,38430,1026234,0.135315,41545,606144,0.079924,39596,1632378,0.215238,7584050
4,2021-02-18,82196,2315090,45336,1187972,36860,1127118,0,0,38346,1022353,0.134803,43723,649867,0.085689,39842,1672220,0.220492,7584050
4,2021-02-19,80891,2395981,50874,1238846,30017,1157135,0,0,40801,1023884,0.135005,39962,689829,0.090958,41493,1713713,0.225963,7584050
4,2021-02-20,47681,2443662,32075,1270921,15606,1172741,0,0,26319,1029577,0.135756,21317,711146,0.093769,27010,1740723,0.229524,7584050
4,2021-02-21,25527,2469189,19955,1290876,5572,1178313,0,0,11596,1027612,0.135496,13882,725028,0.095599,11917,1752640,0.231096,7584050
4,2021-02-22,51984,2521173,35787,1326663,16197,1194510,0,0,25308,1026832,0.135394,26596,751624,0.099106,25816,1778456,0.2345,7584050
4,2021-02-23,72120,2593293,39786,1366449,32334,1226844,0,0,31751,1020049,0.134499,40264,791888,0.104415,33481,1811937,0.238914,7584050
4,2021-02-24,87253,2680546,45886,1412335,41367,1268211,0,0,39581,1014319,0.133744,47492,839380,0.110677,41762,1853699,0.244421,7584050
4,2021-02-25,97397,2777943,50588,1462923,46809,1315020,0,0,46772,1013188,0.133595,50484,889864,0.117334,49353,1903052,0.250928,7584050
4,2021-02-26,103624,2881567,52210,1515133,51414,1366434,0,0,53578,1019256,0.134395,49840,939704,0.123905,55908,1958960,0.2583,7584050
4,2021-02-27,74581,2956148,40305,1555438,34270,1400704,6,6,39895,1026057,0.135291,34575,974279,0.128464,41376,2000336,0.263756,7584050
4,2021-02-28,44803,3000951,27755,1583193,17047,1417751,1,7,25006,1032321,0.136117,19684,993963,0.13106,25948,2026284,0.267177,7584050
4,2021-03-01,74220,3075171,43324,1626517,30886,1448637,10,17,41099,1041740,0.137359,32942,1026905,0.135403,42361,2068645,0.272763,7584050
4,2021-03-02,80184,3155355,44734,1671251,35447,1484084,3,20,47079,1057688,0.139462,32975,1059880,0.139751,48923,2117568,0.279213,7584050
4,2021-03-03,97644,3252999,51524,1722775,46114,1530198,6,26,54368,1070784,0.141189,43105,1102985,0.145435,56201,2173769,0.286624,7584050
4,2021-03-04,95084,3348083,52742,1775517,42330,1572528,12,38,52304,1082310,0.142709,42601,1145586,0.151052,54127,2227896,0.293761,7584050
4,2021-03-05,92062,3440145,49221,1824738,42533,1615061,308,346,54587,1101852,0.145285,37314,1182900,0.155972,56856,2284752,0.301258,7584050
4,2021-03-06,74639,3514784,41784,1866522,30254,1645315,2601,2947,45647,1122650,0.148028,28898,1211798,0.159782,49696,2334448,0.30781,7584050
4,2021-03-07,41233,3556017,26147,1892669,13943,1659258,1143,4090,24497,1132868,0.149375,16687,1228485,0.161983,26905,2361353,0.311358,7584050
4,2021-03-08,64822,3620839,33619,1926288,28039,1687297,3164,7254,42623,1157898,0.152675,22102,1250587,0.164897,47132,2408485,0.317572,7584050
4,2021-03-09,73320,3694159,33910,1960198,34334,1721631,5076,12330,37998,1167127,0.153892,35186,1285773,0.169536,44415,2452900,0.323429,7584050
4,2021-03-10,87710,3781869,44527,2004725,35866,1757497,7317,19647,43964,1176013,0.155064,43612,1329385,0.175287,52498,2505398,0.330351,7584050
4,2021-03-11,99182,3881051,52196,2056921,38769,1796266,8217,27864,45977,1178509,0.155393,53029,1382414,0.182279,55525,2560923,0.337672,7584050
4,2021-03-12,103019,3984070,50758,2107679,42118,1838384,10143,38007,44150,1175095,0.154943,58664,1441078,0.190014,55250,2616173,0.344957,7584050
4,2021-03-13,79551,4063621,36947,2144626,34331,1872715,8273,46280,37425,1179941,0.155582,42021,1483099,0.195555,46867,2663040,0.351137,7584050
4,2021-03-14,48903,4112524,27810,2172436,17522,1890237,3571,49851,25159,1185645,0.156334,23676,1506775,0.198677,29380,2692420,0.355011,7584050
4,2021-03-15,82767,4195291,44285,2216721,34303,1924540,4179,54030,42810,1193707,0.157397,39776,1546551,0.203922,47838,2740258,0.361319,7584050
4,2021-03-16,106234,4301525,55087,2271808,47806,1972346,3341,57371,57147,1206153,0.159038,48898,1595449,0.210369,61344,2801602,0.369407,7584050
4,2021-03-17,104628,4406153,56252,2328060,45009,2017355,3367,60738,61753,1229219,0.162079,42676,1638125,0.215996,65742,2867344,0.378076,7584050
4,2021-03-18,104641,4510794,57827,2385887,43221,2060576,3593,64331,60259,1249423,0.164744,44171,1682296,0.22182,64375,2931719,0.386564,7584050
4,2021-03-19,108635,4619429,62080,2447967,41471,2102047,5084,69415,63021,1272639,0.167805,45423,1727719,0.22781,68639,3000358,0.395614,7584050
4,2021-03-20,82022,4701451,47851,2495818,31216,2133263,2955,72370,51303,1296715,0.170979,30610,1758329,0.231846,54686,3055044,0.402825,7584050
4,2021-03-21,47195,4748646,34162,2529980,10805,2144068,2228,74598,28844,1310310,0.172772,18270,1776599,0.234255,31865,3086909,0.407026,7584050
4,2021-03-22,80557,4829203,52692,2582672,25237,2169305,2628,77226,51462,1336408,0.176213,28928,1805527,0.238069,55026,3141935,0.414282,7584050
4,2021-03-23,102714,4931917,61232,2643904,39414,2208719,2068,79294,64464,1365485,0.180047,38022,1843549,0.243082,67099,3209034,0.423129,7584050
4,2021-03-24,111785,5043702,72249,2716153,37241,2245960,2295,81589,64348,1385714,0.182714,47071,1890620,0.249289,67300,3276334,0.432003,7584050
4,2021-03-25,114795,5158497,70617,2786770,41885,2287845,2293,83882,66925,1407931,0.185644,47486,1938106,0.25555,69703,3346037,0.441194,7584050
4,2021-03-26,117527,5276024,71355,2858125,43188,2331033,2984,86866,65980,1426274,0.188062,51266,1989372,0.26231,69609,3415646,0.450372,7584050
4,2021-03-27,89825,5365849,53140,2911265,34912,2365945,1773,88639,46836,1432558,0.188891,42808,2032180,0.267954,49092,3464738,0.456845,7584050
4,2021-03-28,54787,5420636,36050,2947315,17872,2383817,865,89504,30662,1440378,0.189922,24021,2056201,0.271122,31841,3496579,0.461044,7584050
4,2021-03-29,92050,5512686,55340,3002655,34708,2418525,2002,91506,51512,1454070,0.191727,40367,2096568,0.276444,54059,3550638,0.468172,7584050
4,2021-03-30,115222,5627908,62725,3065380,48439,2466964,4058,95564,73846,1491211,0.196625,41210,2137778,0.281878,78351,3628989,0.478503,7584050
4,2021-03-31,118970,5746878,70372,3135752,42435,2509399,6163,101727,68981,1516831,0.200003,49751,2187529,0.288438,75371,3704360,0.488441,7584050
4,2021-04-01,139362,5886240,79771,3215523,46849,2556248,12742,114469,82810,1556359,0.205215,56317,2243846,0.295864,95845,3800205,0.501079,7584050
4,2021-04-02,133642,6019882,71725,3287248,48891,2605139,13026,127495,77719,1591787,0.209886,55709,2299555,0.303209,91137,3891342,0.513096,7584050
4,2021-04-03,99173,6119055,52876,3340124,33276,2638415,13021,140516,52131,1610395,0.21234,46899,2346454,0.309393,65507,3956849,0.521733,7584050
4,2021-04-04,46220,6165275,24395,3364519,14440,2652855,7385,147901,20485,1612666,0.212639,25673,2372127,0.312778,27944,3984793,0.525418,7584050
4,2021-04-05,106760,6272035,60706,3425225,33637,2686492,12417,160318,56539,1632192,0.215214,50085,2422212,0.319382,69611,4054404,0.534596,7584050
4,2021-04-06,136649,6408684,77116,3502341,40057,2726549,19476,179794,71502,1658997,0.218748,64977,2487189,0.32795,91782,4146186,0.546698,7584050
4,2021-04-07,135041,6543725,76746,3579087,37951,2764500,20344,200138,70354,1685765,0.222278,64498,2551687,0.336454,91266,4237452,0.558732,7584050
4,2021-04-08,136957,6680682,76706,3655793,35483,2799983,24768,224906,68538,1711591,0.225683,68200,2619887,0.345447,94026,4331478,0.57113,7584050
4,2021-04-09,134584,6815266,73944,3729737,38178,2838161,22462,247368,64656,1730098,0.228123,69755,2689642,0.354645,88262,4419740,0.582768,7584050
4,2021-04-10,101346,6916612,50152,3779889,32836,2870997,18358,265726,46061,1740517,0.229497,55127,2744769,0.361913,65546,4485286,0.59141,7584050
4,2021-04-11,61443,6978055,37398,3817287,13036,2884033,11009,276735,27032,1745470,0.23015,34335,2779104,0.366441,39288,4524574,0.596591,7584050
4,2021-04-12,101004,7079059,61596,3878883,29710,2913743,9698,286433,51350,1758330,0.231846,49419,2828523,0.372957,62279,4586853,0.604803,7584050
4,2021-04-13,128260,7207319,80447,3959330,47664,2961407,149,286582,77145,1785916,0.235483,50901,2879424,0.379668,78487,4665340,0.615152,7584050
4,2021-04-14,132859,7340178,84627,4043957,48164,3009571,68,286650,74268,1803616,0.237817,58334,2937758,0.38736,76034,4741374,0.625177,7584050
4,2021-04-15,151864,7492042,101425,4145382,50410,3059981,29,286679,94041,1841410,0.2428,57547,2995305,0.394948,95341,4836715,0.637748,7584050
4,2021-04-16,140530,7632572,89442,4234824,51019,3111000,69,286748,82500,1867081,0.246185,57778,3053083,0.402566,83449,4920164,0.648752,7584050
4,2021-04-17,98021,7730593,62140,4296964,35875,3146875,6,286754,57722,1886064,0.248688,40107,3093190,0.407855,59090,4979254,0.656543,7584050
4,2021-04-18,53079,7783672,35520,4332484,17556,3164431,3,286757,30364,1894945,0.249859,22620,3115810,0.410837,31501,5010755,0.660696,7584050
4,2021-04-19,98865,7882537,65384,4397868,33470,3197901,11,286768,50818,1898876,0.250378,47884,3163694,0.417151,51815,5062570,0.667529,7584050
4,2021-04-20,125245,8007782,73251,4471119,51988,3249889,6,286774,65704,1906896,0.251435,59309,3223003,0.424971,67329,5129899,0.676406,7584050
4,2021-04-21,124989,8132771,80199,4551318,44743,3294632,47,286821,62935,1909642,0.251797,61808,3284811,0.433121,64554,5194453,0.684918,7584050
4,2021-04-22,130810,8263581,85804,4637122,44987,3339619,19,286840,58368,1898079,0.250272,72182,3356993,0.442639,60619,5255072,0.692911,7584050
4,2021-04-23,121797,8385378,79155,4716277,42620,3382239,22,286862,52529,1886136,0.248698,69016,3426009,0.451739,57073,5312145,0.700436,7584050
4,2021-04-24,80894,8466272,54184,4770461,26665,3408904,45,286907,37147,1882340,0.248197,43596,3469605,0.457487,39800,5351945,0.705684,7584050
4,2021-04-25,39827,8506099,27712,4798173,12109,3421013,6,286913,20433,1884231,0.248447,19327,3488932,0.460035,21218,5373163,0.708482,7584050
4,2021-04-26,63292,8569391,38923,4837096,24083,3445096,286,287199,24402,1873002,0.246966,38730,3527662,0.465142,27501,5400664,0.712108,7584050
4,2021-04-27,74556,8643947,43644,4880740,29394,3474490,1518,288717,24906,1852929,0.244319,49481,3577143,0.471667,29408,5430072,0.715986,7584050
4,2021-04-28,42287,8686234,28761,4909501,12952,3487442,574,289291,13271,1839624,0.242565,28903,3606046,0.475478,15598,5445670,0.718042,7584050
