vemquartile,administered_date,total_doses,cumulative_total_doses,pfizer_doses,cumulative_pfizer_doses,moderna_doses,cumulative_moderna_doses,jj_doses,cumulative_jj_doses,partially_vaccinated,total_partially_vaccinated,pct_age16pop_partially_vaccinated,fully_vaccinated,cumulative_fully_vaccinated,pct_age16pop_fully_vaccinated,at_least_one_dose,cumulative_at_least_one_dose,pct_age16pop_at_least_one_dose,age16_population
1,2020-12-15,148,148,148,148,0,0,0,0,148,148,1.8e-05,0,0,0.0,148,148,1.8e-05,8051741
1,2020-12-16,1154,1302,1154,1302,0,0,0,0,1154,1302,0.000162,0,0,0.0,1154,1302,0.000162,8051741
1,2020-12-17,4114,5416,4114,5416,0,0,0,0,4115,5417,0.000673,0,0,0.0,4115,5417,0.000673,8051741
1,2020-12-18,6248,11664,6228,11644,20,20,0,0,6250,11667,0.001449,0,0,0.0,6250,11667,0.001449,8051741
1,2020-12-19,2866,14530,2865,14509,1,21,0,0,2864,14530,0.001805,1,1,0.0,2864,14531,0.001805,8051741
1,2020-12-20,2106,16636,2101,16610,5,26,0,0,2107,16637,0.002066,0,1,0.0,2107,16638,0.002066,8051741
1,2020-12-21,7607,24243,7596,24206,11,37,0,0,7658,24295,0.003017,0,1,0.0,7658,24296,0.003017,8051741
1,2020-12-22,7269,31512,6930,31136,339,376,0,0,7272,31566,0.00392,1,2,0.0,7272,31568,0.003921,8051741
1,2020-12-23,7772,39284,6554,37690,1218,1594,0,0,7767,39333,0.004885,0,2,0.0,7767,39335,0.004885,8051741
1,2020-12-24,3293,42577,2358,40048,935,2529,0,0,3295,42628,0.005294,0,2,0.0,3295,42630,0.005295,8051741
1,2020-12-25,232,42809,149,40197,83,2612,0,0,232,42860,0.005323,0,2,0.0,232,42862,0.005323,8051741
1,2020-12-26,1355,44164,965,41162,390,3002,0,0,1354,44213,0.005491,1,3,0.0,1354,44216,0.005491,8051741
1,2020-12-27,856,45020,527,41689,329,3331,0,0,856,45069,0.005597,0,3,0.0,856,45072,0.005598,8051741
1,2020-12-28,7010,52030,4743,46432,2267,5598,0,0,7009,52078,0.006468,0,3,0.0,7009,52081,0.006468,8051741
1,2020-12-29,8831,60861,4973,51405,3858,9456,0,0,8828,60905,0.007564,1,4,0.0,8828,60909,0.007565,8051741
1,2020-12-30,11588,72449,6473,57878,5115,14571,0,0,11588,72493,0.009003,0,4,0.0,11588,72497,0.009004,8051741
1,2020-12-31,5928,78377,1951,59829,3977,18548,0,0,5927,78419,0.009739,1,5,1e-06,5927,78424,0.00974,8051741
1,2021-01-01,532,78909,179,60008,353,18901,0,0,532,78951,0.009805,0,5,1e-06,532,78956,0.009806,8051741
1,2021-01-02,2885,81794,1748,61756,1137,20038,0,0,2887,81838,0.010164,0,5,1e-06,2887,81843,0.010165,8051741
1,2021-01-03,1019,82813,545,62301,474,20512,0,0,1018,82855,0.01029,1,6,1e-06,1018,82861,0.010291,8051741
1,2021-01-04,7317,90130,3568,65869,3749,24261,0,0,7323,90177,0.0112,1,7,1e-06,7323,90184,0.011201,8051741
1,2021-01-05,10720,100850,5160,71029,5560,29821,0,0,9976,99445,0.012351,731,738,9.2e-05,9999,100183,0.012442,8051741
1,2021-01-06,13946,114796,7023,78052,6923,36744,0,0,12076,109695,0.013624,1832,2570,0.000319,12082,112265,0.013943,8051741
1,2021-01-07,17360,132156,9074,87126,8286,45030,0,0,12938,118316,0.014694,4324,6894,0.000856,12945,125210,0.015551,8051741
1,2021-01-08,20029,152185,10393,97519,9636,54666,0,0,14180,126668,0.015732,5833,12727,0.001581,14185,139395,0.017312,8051741
1,2021-01-09,6623,158808,3354,100873,3269,57935,0,0,4788,129640,0.016101,1820,14547,0.001807,4792,144187,0.017908,8051741
1,2021-01-10,3054,161862,1738,102611,1316,59251,0,0,1865,130333,0.016187,1173,15720,0.001952,1866,146053,0.018139,8051741
1,2021-01-11,17994,179856,11782,114393,6212,65463,0,0,11481,135364,0.016812,6487,22207,0.002758,11518,157571,0.01957,8051741
1,2021-01-12,18794,198650,10629,125022,8165,73628,0,0,12835,142315,0.017675,5918,28125,0.003493,12869,170440,0.021168,8051741
1,2021-01-13,19613,218263,10557,135579,9056,82684,0,0,14491,151721,0.018843,5099,33224,0.004126,14505,184945,0.02297,8051741
1,2021-01-14,21917,240180,9463,145042,12454,95138,0,0,19183,168271,0.020899,2676,35900,0.004459,19226,204171,0.025357,8051741
1,2021-01-15,25117,265297,9299,154341,15818,110956,0,0,23197,189644,0.023553,1871,37771,0.004691,23244,227415,0.028244,8051741
1,2021-01-16,13849,279146,4542,158883,9307,120263,0,0,13010,201819,0.025065,837,38608,0.004795,13012,240427,0.02986,8051741
1,2021-01-17,5173,284319,1988,160871,3185,123448,0,0,4807,206269,0.025618,362,38970,0.00484,4812,245239,0.030458,8051741
1,2021-01-18,14185,298504,8528,169399,5657,129105,0,0,11049,214236,0.026607,3124,42094,0.005228,11091,256330,0.031835,8051741
1,2021-01-19,24535,323039,12788,182187,11747,140852,0,0,19404,228573,0.028388,5116,47210,0.005863,19453,275783,0.034251,8051741
1,2021-01-20,28318,351357,13905,196092,14413,155265,0,0,22718,245779,0.030525,5546,52756,0.006552,22752,298535,0.037077,8051741
1,2021-01-21,30571,381928,14216,210308,16355,171620,0,0,27450,270235,0.033562,3065,55821,0.006933,27521,326056,0.040495,8051741
1,2021-01-22,28060,409988,11138,221446,16922,188542,0,0,26093,294428,0.036567,1926,57747,0.007172,26119,352175,0.043739,8051741
1,2021-01-23,18614,428602,8183,229629,10431,198973,0,0,16694,309226,0.038405,1908,59655,0.007409,16706,368881,0.045814,8051741
1,2021-01-24,6656,435258,4160,233789,2496,201469,0,0,6007,314594,0.039072,643,60298,0.007489,6011,374892,0.04656,8051741
1,2021-01-25,24784,460042,10271,244060,14513,215982,0,0,19324,328564,0.040807,5440,65738,0.008164,19410,394302,0.048971,8051741
1,2021-01-26,28299,488341,13316,257376,14983,230965,0,0,21814,343952,0.042718,6442,72180,0.008965,21830,416132,0.051682,8051741
1,2021-01-27,31477,519818,15343,272719,16134,247099,0,0,23610,359785,0.044684,7802,79982,0.009934,23635,439767,0.054618,8051741
1,2021-01-28,34309,554127,16037,288756,18272,265371,0,0,27606,380789,0.047293,6648,86630,0.010759,27652,467419,0.058052,8051741
1,2021-01-29,33221,587348,16318,305074,16903,282274,0,0,26793,401311,0.049842,6303,92933,0.011542,26825,494244,0.061383,8051741
1,2021-01-30,19967,607315,8621,313695,11346,293620,0,0,17983,417340,0.051832,1961,94894,0.011786,17990,512234,0.063618,8051741
1,2021-01-31,7598,614913,4994,318689,2604,296224,0,0,6861,423468,0.052593,735,95629,0.011877,6863,519097,0.06447,8051741
1,2021-02-01,28130,643043,12145,330834,15985,312209,0,0,20752,436890,0.05426,7336,102965,0.012788,20758,539855,0.067048,8051741
1,2021-02-02,31827,674870,11476,342310,20351,332560,0,0,23947,453051,0.056267,7818,110783,0.013759,23979,563834,0.070026,8051741
1,2021-02-03,38914,713784,14878,357188,24036,356596,0,0,28195,470695,0.058459,10581,121364,0.015073,28225,592059,0.073532,8051741
1,2021-02-04,43615,757399,17081,374269,26534,383130,0,0,31662,490555,0.060925,11849,133213,0.016545,31709,623768,0.07747,8051741
1,2021-02-05,46674,804073,17378,391647,29296,412426,0,0,30717,505475,0.062778,15843,149056,0.018512,30763,654531,0.081291,8051741
1,2021-02-06,26450,830523,10468,402115,15982,428408,0,0,20645,520376,0.064629,5758,154814,0.019227,20659,675190,0.083856,8051741
1,2021-02-07,6184,836707,3967,406082,2217,430625,0,0,4610,523450,0.065011,1554,156368,0.01942,4628,679818,0.084431,8051741
1,2021-02-08,31005,867712,14050,420132,16955,447580,0,0,20689,534002,0.066321,10219,166587,0.02069,20771,700589,0.087011,8051741
1,2021-02-09,37983,905695,16586,436718,21397,468977,0,0,23370,542946,0.067432,14496,181083,0.02249,23440,724029,0.089922,8051741
1,2021-02-10,46615,952310,22020,458738,24595,493572,0,0,26916,550375,0.068355,19562,200645,0.024919,26991,751020,0.093274,8051741
1,2021-02-11,50383,1002693,24779,483517,25604,519176,0,0,30674,561643,0.069754,19503,220148,0.027342,30771,781791,0.097096,8051741
1,2021-02-12,49295,1051988,21292,504809,28003,547179,0,0,28407,569424,0.070721,20755,240903,0.029919,28536,810327,0.10064,8051741
1,2021-02-13,26037,1078025,11313,516122,14724,561903,0,0,15110,573752,0.071258,10858,251761,0.031268,15186,825513,0.102526,8051741
1,2021-02-14,11590,1089615,5474,521596,6116,568019,0,0,6607,575470,0.071471,4954,256715,0.031883,6672,832185,0.103355,8051741
1,2021-02-15,23308,1112923,9222,530818,14086,582105,0,0,14192,580759,0.072128,9018,265733,0.033003,14307,846492,0.105132,8051741
1,2021-02-16,46310,1159233,22092,552910,24218,606323,0,0,27403,589426,0.073205,18844,284577,0.035344,27511,874003,0.108548,8051741
1,2021-02-17,47609,1206842,24015,576925,23594,629917,0,0,25924,593904,0.073761,21583,306160,0.038024,26061,900064,0.111785,8051741
1,2021-02-18,50019,1256861,24934,601859,25085,655002,0,0,26133,596549,0.074089,23688,329848,0.040966,26333,926397,0.115055,8051741
1,2021-02-19,45260,1302121,24500,626359,20760,675762,0,0,25667,602781,0.074863,19497,349345,0.043388,25729,952126,0.118251,8051741
1,2021-02-20,26693,1328814,16237,642596,10456,686218,0,0,15338,606880,0.075373,11315,360660,0.044793,15414,967540,0.120165,8051741
1,2021-02-21,9974,1338788,8742,651338,1232,687450,0,0,5941,608877,0.075621,3992,364652,0.045289,5989,973529,0.120909,8051741
1,2021-02-22,29756,1368544,19504,670842,10252,697702,0,0,17557,614376,0.076303,12153,376805,0.046798,17652,991181,0.123101,8051741
1,2021-02-23,41940,1410484,20132,690974,21808,719510,0,0,23340,619582,0.07695,18484,395289,0.049094,23690,1014871,0.126044,8051741
1,2021-02-24,52517,1463001,25374,716348,27143,746653,0,0,29651,626910,0.07786,22770,418059,0.051922,30098,1044969,0.129782,8051741
1,2021-02-25,64009,1527010,30711,747059,33298,779951,0,0,40058,643616,0.079935,23850,441909,0.054884,40556,1085525,0.134819,8051741
1,2021-02-26,71713,1598723,33644,780703,38069,818020,0,0,47662,667844,0.082944,23902,465811,0.057852,48130,1133655,0.140796,8051741
1,2021-02-27,48413,1647136,21672,802375,26736,844756,5,5,31976,683755,0.08492,16333,482144,0.059881,32244,1165899,0.144801,8051741
1,2021-02-28,19019,1666155,11306,813681,7713,852469,0,5,14042,693019,0.086071,4919,487063,0.060492,14183,1180082,0.146562,8051741
1,2021-03-01,43133,1709288,19690,833371,23428,875897,15,20,28125,706479,0.087742,14906,501969,0.062343,28366,1208448,0.150085,8051741
1,2021-03-02,58454,1767742,23998,857369,34451,910348,5,25,37229,723199,0.089819,21121,523090,0.064966,37841,1246289,0.154785,8051741
1,2021-03-03,67899,1835641,31852,889221,36035,946383,12,37,41268,738550,0.091726,26519,549609,0.06826,41870,1288159,0.159985,8051741
1,2021-03-04,75572,1911213,34817,924038,40721,987104,34,71,48438,760543,0.094457,26984,576593,0.071611,48977,1337136,0.166068,8051741
1,2021-03-05,74211,1985424,32925,956963,41084,1028188,202,273,49474,786306,0.097657,24543,601136,0.074659,50306,1387442,0.172316,8051741
1,2021-03-06,56262,2041686,26645,983608,28290,1056478,1327,1600,38267,808331,0.100392,17933,619069,0.076886,39958,1427400,0.177278,8051741
1,2021-03-07,19441,2061127,12260,995868,6386,1062864,795,2395,14559,819080,0.101727,4866,623935,0.077491,15615,1443015,0.179218,8051741
1,2021-03-08,43359,2104486,20534,1016402,20972,1083836,1853,4248,30326,838640,0.104156,12957,636892,0.0791,32517,1475532,0.183256,8051741
1,2021-03-09,59786,2164272,26028,1042430,31292,1115128,2466,6714,35803,853368,0.105986,23883,660775,0.082066,38611,1514143,0.188052,8051741
1,2021-03-10,70444,2234716,34582,1077012,31525,1146653,4337,11051,43499,874759,0.108642,26822,687597,0.085397,48213,1562356,0.19404,8051741
1,2021-03-11,88175,2322891,40198,1117210,40069,1186722,7908,18959,51715,898608,0.111604,36244,723841,0.089899,60093,1622449,0.201503,8051741
1,2021-03-12,95032,2417923,40938,1158148,41818,1228540,12276,31235,55239,926994,0.11513,39617,763458,0.094819,68003,1690452,0.209949,8051741
1,2021-03-13,62898,2480821,28174,1186322,27039,1255579,7685,38920,39936,952099,0.118248,22858,786316,0.097658,47963,1738415,0.215905,8051741
1,2021-03-14,26812,2507633,14281,1200603,9034,1264613,3497,42417,15862,960755,0.119323,10904,797220,0.099012,19560,1757975,0.218335,8051741
1,2021-03-15,63453,2571086,27525,1228128,29344,1293957,6584,49001,37678,979760,0.121683,25613,822833,0.102193,44618,1802593,0.223876,8051741
1,2021-03-16,83656,2654742,37626,1265754,40546,1334503,5484,54485,52747,1007615,0.125143,30750,853583,0.106012,58605,1861198,0.231155,8051741
1,2021-03-17,90220,2744962,43204,1308958,40516,1375019,6500,60985,58233,1040895,0.129276,31845,885428,0.109967,65125,1926323,0.239243,8051741
1,2021-03-18,95525,2840487,48588,1357546,41438,1416457,5499,66484,59274,1070182,0.132913,35948,921376,0.114432,65235,1991558,0.247345,8051741
1,2021-03-19,100412,2940899,51474,1409020,42870,1459327,6068,72552,60120,1096809,0.13622,40045,961421,0.119405,66672,2058230,0.255625,8051741
1,2021-03-20,69813,3010712,35929,1444949,28705,1488032,5179,77731,45912,1124403,0.139647,23757,985178,0.122356,51351,2109581,0.262003,8051741
1,2021-03-21,25827,3036539,17799,1462748,6267,1494299,1761,79492,16774,1134039,0.140844,8988,994166,0.123472,18624,2128205,0.264316,8051741
1,2021-03-22,57784,3094323,29538,1492286,25051,1519350,3195,82687,39566,1159100,0.143956,18057,1012223,0.125715,43118,2171323,0.269671,8051741
1,2021-03-23,81049,3175372,40853,1533139,36669,1556019,3527,86214,52683,1187570,0.147492,28195,1040418,0.129217,56665,2227988,0.276709,8051741
1,2021-03-24,85482,3260854,42947,1576086,38295,1594314,4240,90454,52383,1211477,0.150461,32896,1073314,0.133302,56803,2284791,0.283764,8051741
1,2021-03-25,94013,3354867,47472,1623558,40943,1635257,5598,96052,54546,1232626,0.153088,39218,1112532,0.138173,60367,2345158,0.291261,8051741
1,2021-03-26,101312,3456179,48999,1672557,46180,1681437,6133,102185,56747,1251505,0.155433,44303,1156835,0.143675,63182,2408340,0.299108,8051741
1,2021-03-27,71543,3527722,36977,1709534,30766,1712203,3800,105985,37878,1259909,0.156477,33481,1190316,0.147833,41885,2450225,0.30431,8051741
1,2021-03-28,31357,3559079,20201,1729735,9957,1722160,1199,107184,16652,1263492,0.156922,14599,1204915,0.149647,18182,2468407,0.306568,8051741
1,2021-03-29,65057,3624136,32542,1762277,29735,1751895,2780,109964,37090,1275753,0.158444,27827,1232742,0.153103,40088,2508495,0.311547,8051741
1,2021-03-30,89178,3713314,43687,1805964,39494,1791389,5997,115961,50744,1294300,0.160748,38310,1271052,0.157861,56857,2565352,0.318608,8051741
1,2021-03-31,97322,3810636,50732,1856696,40860,1832249,5730,121691,55653,1314346,0.163237,41430,1312482,0.163006,61476,2626828,0.326243,8051741
1,2021-04-01,107606,3918242,51636,1908332,47954,1880203,8016,129707,55994,1327139,0.164826,51331,1363813,0.169381,64124,2690952,0.334207,8051741
1,2021-04-02,106615,4024857,48701,1957033,48695,1928898,9219,138926,55011,1340393,0.166472,51258,1415071,0.175747,64512,2755464,0.34222,8051741
1,2021-04-03,75471,4100328,37576,1994609,28632,1957530,9263,148189,35822,1346095,0.167181,39510,1454581,0.180654,45212,2800676,0.347835,8051741
1,2021-04-04,23508,4123836,11678,2006287,8397,1965927,3433,151622,10209,1346476,0.167228,13257,1467838,0.182301,13638,2814314,0.349529,8051741
1,2021-04-05,73754,4197590,35188,2041475,29669,1995596,8897,160519,34221,1350418,0.167718,39374,1507212,0.187191,43316,2857630,0.354908,8051741
1,2021-04-06,101724,4299314,48212,2089687,37198,2032794,16314,176833,46821,1358930,0.168775,54696,1561908,0.193984,63208,2920838,0.362759,8051741
1,2021-04-07,108141,4407455,52029,2141716,38963,2071757,17149,193982,50047,1368294,0.169938,57888,1619796,0.201173,67252,2988090,0.371111,8051741
1,2021-04-08,118383,4525838,55570,2197286,42401,2114158,20412,214394,53292,1377313,0.171058,64803,1684599,0.209222,73822,3061912,0.380279,8051741
1,2021-04-09,118644,4644482,53606,2250892,44808,2158966,20230,234624,52952,1385216,0.172039,65406,1750005,0.217345,73309,3135221,0.389384,8051741
1,2021-04-10,93417,4737899,41786,2292678,29275,2188241,22356,256980,37107,1388544,0.172453,56167,1806172,0.224321,59495,3194716,0.396773,8051741
1,2021-04-11,35510,4773409,19814,2312492,9218,2197459,6478,263458,15063,1389806,0.172609,20406,1826578,0.226855,21668,3216384,0.399464,8051741
1,2021-04-12,72211,4845620,31970,2344462,30389,2227848,9852,273310,31022,1389865,0.172617,40983,1867561,0.231945,41042,3257426,0.404562,8051741
1,2021-04-13,94934,4940554,50772,2395234,43832,2271680,330,273640,51521,1398858,0.173734,43198,1910759,0.23731,52191,3309617,0.411044,8051741
1,2021-04-14,100724,5041278,52066,2447300,48593,2320273,65,273705,51515,1401892,0.17411,48913,1959672,0.243385,51947,3361564,0.417495,8051741
1,2021-04-15,103035,5144313,55595,2502895,47355,2367628,85,273790,55496,1410573,0.175189,47069,2006741,0.249231,55750,3417314,0.424419,8051741
1,2021-04-16,106100,5250413,54932,2557827,51081,2418709,87,273877,53482,1412063,0.175374,52255,2058996,0.255721,53745,3471059,0.431094,8051741
1,2021-04-17,79613,5330026,43066,2600893,36539,2455248,8,273885,44893,1422573,0.176679,34553,2093549,0.260012,45063,3516122,0.436691,8051741
1,2021-04-18,28505,5358531,19104,2619997,9395,2464643,6,273891,14759,1423854,0.176838,13682,2107231,0.261711,14963,3531085,0.438549,8051741
1,2021-04-19,64155,5422686,32769,2652766,31375,2496018,11,273902,29305,1418724,0.176201,34572,2141803,0.266005,29442,3560527,0.442206,8051741
1,2021-04-20,84119,5506805,42177,2694943,41922,2537940,20,273922,40015,1415112,0.175752,43845,2185648,0.27145,40233,3600760,0.447203,8051741
1,2021-04-21,90892,5597697,46338,2741281,44463,2582403,91,274013,41133,1407212,0.174771,49330,2234978,0.277577,41430,3642190,0.452348,8051741
1,2021-04-22,92791,5690488,48332,2789613,44440,2626843,19,274032,42944,1400937,0.173992,49449,2284427,0.283718,43174,3685364,0.45771,8051741
1,2021-04-23,96564,5787052,50086,2839699,46454,2673297,24,274056,46655,1398305,0.173665,49528,2333955,0.28987,46896,3732260,0.463535,8051741
1,2021-04-24,72630,5859682,46099,2885798,26519,2699816,12,274068,41515,1409174,0.175015,30916,2364871,0.293709,41785,3774045,0.468724,8051741
1,2021-04-25,26744,5886426,17113,2902911,9622,2709438,9,274077,15412,1413474,0.175549,11250,2376121,0.295106,15550,3789595,0.470655,8051741
1,2021-04-26,59616,5946042,32222,2935133,27042,2736480,352,274429,28001,1410782,0.175215,31377,2407498,0.299003,28685,3818280,0.474218,8051741
1,2021-04-27,74675,6020717,39875,2975008,33680,2770160,1120,275549,32093,1402024,0.174127,42305,2449803,0.304258,33547,3851827,0.478384,8051741
1,2021-04-28,76670,6097387,40733,3015741,34517,2804677,1420,276969,33449,1394159,0.17315,42960,2492763,0.309593,35095,3886922,0.482743,8051741
1,2021-04-29,79630,6177017,44051,3059792,34034,2838711,1545,278514,32277,1381092,0.171527,47051,2539814,0.315437,33984,3920906,0.486964,8051741
1,2021-04-30,86024,6263041,46964,3106756,37283,2875994,1777,280291,36010,1369311,0.170064,49739,2589553,0.321614,37958,3958864,0.491678,8051741
1,2021-05-01,61013,6324054,39703,3146459,19966,2895960,1344,281635,25775,1361584,0.169104,35078,2624631,0.325971,27351,3986215,0.495075,8051741
1,2021-05-02,22434,6346488,15711,3162170,6201,2902161,522,282157,9374,1358543,0.168727,12969,2637600,0.327581,9928,3996143,0.496308,8051741
1,2021-05-03,53415,6399903,29986,3192156,21686,2923847,1743,283900,19344,1345844,0.167149,33870,2671470,0.331788,21171,4017314,0.498937,8051741
1,2021-05-04,71564,6471467,41112,3233268,28462,2952309,1990,285890,25867,1328349,0.164977,45443,2716913,0.337432,27948,4045262,0.502408,8051741
1,2021-05-05,73101,6544568,42089,3275357,28809,2981118,2203,288093,24834,1307456,0.162382,47994,2764907,0.343392,27101,4072363,0.505774,8051741
1,2021-05-06,74791,6619359,45039,3320396,27662,3008780,2090,290183,23847,1282933,0.159336,50623,2815530,0.34968,26100,4098463,0.509016,8051741
1,2021-05-07,77717,6697076,44511,3364907,31098,3039878,2108,292291,26267,1260264,0.156521,51108,2866638,0.356027,28439,4126902,0.512548,8051741
1,2021-05-08,53647,6750723,33509,3398416,18608,3058486,1530,293821,18244,1245058,0.154632,35076,2901714,0.360383,19870,4146772,0.515016,8051741
1,2021-05-09,17687,6768410,12538,3410954,4674,3063160,475,294296,5479,1238947,0.153873,12098,2913812,0.361886,5987,4152759,0.515759,8051741
1,2021-05-10,40705,6809115,20607,3431561,18411,3081571,1687,295983,13641,1227583,0.152462,26784,2940596,0.365212,15420,4168179,0.517674,8051741
1,2021-05-11,57022,6866137,30868,3462429,24207,3105778,1947,297930,18603,1210053,0.150285,38201,2978797,0.369957,20671,4188850,0.520242,8051741
1,2021-05-12,55337,6921474,29340,3491769,24291,3130069,1706,299636,18142,1193018,0.148169,36958,3015755,0.374547,19923,4208773,0.522716,8051741
1,2021-05-13,56627,6978101,33345,3525114,21710,3151779,1572,301208,21164,1180791,0.14665,35226,3050981,0.378922,22999,4231772,0.525572,8051741
1,2021-05-14,51347,7029448,32175,3557289,17485,3169264,1687,302895,18686,1168840,0.145166,32484,3083465,0.382956,20533,4252305,0.528122,8051741
2,2020-12-15,234,234,234,234,0,0,0,0,234,234,3e-05,0,0,0.0,234,234,3e-05,7897587
2,2020-12-16,1925,2159,1925,2159,0,0,0,0,1925,2159,0.000273,0,0,0.0,1925,2159,0.000273,7897587
2,2020-12-17,6662,8821,6662,8821,0,0,0,0,6664,8823,0.001117,0,0,0.0,6664,8823,0.001117,7897587
2,2020-12-18,10833,19654,10814,19635,19,19,0,0,10834,19657,0.002489,0,0,0.0,10834,19657,0.002489,7897587
2,2020-12-19,5582,25236,5577,25212,5,24,0,0,5584,25241,0.003196,0,0,0.0,5584,25241,0.003196,7897587
2,2020-12-20,4215,29451,4206,29418,9,33,0,0,4211,29452,0.003729,0,0,0.0,4211,29452,0.003729,7897587
2,2020-12-21,12760,42211,12736,42154,24,57,0,0,12715,42167,0.005339,0,0,0.0,12715,42167,0.005339,7897587
2,2020-12-22,12050,54261,11542,53696,508,565,0,0,12050,54217,0.006865,0,0,0.0,12050,54217,0.006865,7897587
2,2020-12-23,11618,65879,9428,63124,2190,2755,0,0,11621,65838,0.008336,0,0,0.0,11621,65838,0.008336,7897587
2,2020-12-24,5838,71717,3482,66606,2356,5111,0,0,5835,71673,0.009075,0,0,0.0,5835,71673,0.009075,7897587
2,2020-12-25,478,72195,401,67007,77,5188,0,0,479,72152,0.009136,0,0,0.0,479,72152,0.009136,7897587
2,2020-12-26,2564,74759,1668,68675,896,6084,0,0,2566,74718,0.009461,0,0,0.0,2566,74718,0.009461,7897587
2,2020-12-27,2212,76971,1198,69873,1014,7098,0,0,2210,76927,0.009741,1,1,0.0,2210,76928,0.009741,7897587
2,2020-12-28,10906,87877,7088,76961,3818,10916,0,0,10906,87832,0.011121,1,2,0.0,10906,87834,0.011122,7897587
2,2020-12-29,12690,100567,7184,84145,5506,16422,0,0,12694,100526,0.012729,0,2,0.0,12694,100528,0.012729,7897587
2,2020-12-30,15345,115912,8642,92787,6703,23125,0,0,15361,115886,0.014674,1,3,0.0,15361,115889,0.014674,7897587
2,2020-12-31,7494,123406,2801,95588,4693,27818,0,0,7491,123376,0.015622,1,4,1e-06,7491,123380,0.015622,7897587
2,2021-01-01,1114,124520,535,96123,579,28397,0,0,1116,124491,0.015763,1,5,1e-06,1116,124496,0.015764,7897587
2,2021-01-02,4813,129333,2750,98873,2063,30460,0,0,4811,129302,0.016372,0,5,1e-06,4811,129307,0.016373,7897587
2,2021-01-03,1379,130712,789,99662,590,31050,0,0,1374,130673,0.016546,3,8,1e-06,1374,130681,0.016547,7897587
2,2021-01-04,11608,142320,5549,105211,6059,37109,0,0,11595,142264,0.018014,4,12,2e-06,11595,142276,0.018015,7897587
2,2021-01-05,13806,156126,6885,112096,6921,44030,0,0,12629,153752,0.019468,1170,1182,0.00015,12658,154934,0.019618,7897587
2,2021-01-06,18929,175055,10443,122539,8486,52516,0,0,15219,165313,0.020932,3664,4846,0.000614,15225,170159,0.021546,7897587
2,2021-01-07,22885,197940,12850,135389,10035,62551,0,0,15540,173503,0.021969,7363,12209,0.001546,15553,185712,0.023515,7897587
2,2021-01-08,26345,224285,15959,151348,10386,72937,0,0,16317,179839,0.022771,9997,22206,0.002812,16333,202045,0.025583,7897587
2,2021-01-09,9699,233984,5664,157012,4035,76972,0,0,6213,182549,0.023115,3507,25713,0.003256,6217,208262,0.02637,7897587
2,2021-01-10,5272,239256,2916,159928,2356,79328,0,0,3065,183388,0.023221,2230,27943,0.003538,3069,211331,0.026759,7897587
2,2021-01-11,25947,265203,17840,177768,8107,87435,0,0,15022,187499,0.023741,10959,38902,0.004926,15070,226401,0.028667,7897587
2,2021-01-12,25954,291157,16114,193882,9840,97275,0,0,16496,194579,0.024638,9486,48388,0.006127,16566,242967,0.030765,7897587
2,2021-01-13,28243,319400,14887,208769,13356,110631,0,0,20336,207036,0.026215,7901,56289,0.007127,20358,263325,0.033342,7897587
2,2021-01-14,30063,349463,11436,220205,18627,129258,0,0,25878,228756,0.028965,4209,60498,0.00766,25929,289254,0.036626,7897587
2,2021-01-15,35125,384588,12954,233159,22171,151429,0,0,31900,257491,0.032604,3236,63734,0.00807,31971,321225,0.040674,7897587
2,2021-01-16,17551,402139,5615,238774,11936,163365,0,0,16242,272408,0.034493,1335,65069,0.008239,16252,337477,0.042732,7897587
2,2021-01-17,10560,412699,3532,242306,7028,170393,0,0,9857,281545,0.035649,728,65797,0.008331,9865,347342,0.043981,7897587
2,2021-01-18,19655,432354,11015,253321,8640,179033,0,0,14928,291777,0.036945,4742,70539,0.008932,14974,362316,0.045877,7897587
2,2021-01-19,32221,464575,16805,270126,15416,194449,0,0,24251,308165,0.03902,7974,78513,0.009941,24362,386678,0.048962,7897587
2,2021-01-20,36640,501215,18253,288379,18387,212836,0,0,28125,327878,0.041516,8496,87009,0.011017,28209,414887,0.052533,7897587
2,2021-01-21,40496,541711,17242,305621,23254,236090,0,0,36090,359741,0.045551,4384,91393,0.011572,36247,451134,0.057123,7897587
2,2021-01-22,39161,580872,16391,322012,22770,258860,0,0,35867,392347,0.049679,3296,94689,0.01199,35902,487036,0.061669,7897587
2,2021-01-23,23940,604812,10826,332838,13114,271974,0,0,20982,410426,0.051969,2932,97621,0.012361,21011,508047,0.064329,7897587
2,2021-01-24,12441,617253,6159,338997,6282,278256,0,0,11530,421070,0.053316,896,98517,0.012474,11540,519587,0.065791,7897587
2,2021-01-25,33580,650833,15587,354584,17993,296249,0,0,24879,437423,0.055387,8649,107166,0.013569,25002,544589,0.068956,7897587
2,2021-01-26,40052,690885,19806,374390,20246,316495,0,0,31140,459750,0.058214,8890,116056,0.014695,31217,575806,0.072909,7897587
2,2021-01-27,44969,735854,22925,397315,22044,338539,0,0,35006,484971,0.061407,9839,125895,0.015941,35060,610866,0.077348,7897587
2,2021-01-28,47867,783721,22579,419894,25288,363827,0,0,39376,515970,0.065333,8437,134332,0.017009,39436,650302,0.082342,7897587
2,2021-01-29,45445,829166,22292,442186,23153,386980,0,0,36917,544511,0.068947,8426,142758,0.018076,36967,687269,0.087023,7897587
2,2021-01-30,31260,860426,13655,455841,17605,404585,0,0,28027,569374,0.072095,3192,145950,0.01848,28055,715324,0.090575,7897587
2,2021-01-31,17547,877973,10652,466493,6895,411480,0,0,16328,584516,0.074012,1205,147155,0.018633,16347,731671,0.092645,7897587
2,2021-02-01,40133,918106,19189,485682,20944,432424,0,0,29762,603971,0.076475,10339,157494,0.019942,29794,761465,0.096417,7897587
2,2021-02-02,47783,965889,19762,505444,28021,460445,0,0,36352,629064,0.079653,11355,168849,0.02138,36448,797913,0.101033,7897587
2,2021-02-03,53661,1019550,23883,529327,29778,490223,0,0,39749,655080,0.082947,13817,182666,0.023129,39833,837746,0.106076,7897587
2,2021-02-04,55821,1075371,24297,553624,31524,521747,0,0,40870,681181,0.086252,14858,197524,0.025011,40959,878705,0.111262,7897587
2,2021-02-05,59509,1134880,26368,579992,33141,554888,0,0,40340,702681,0.088974,18998,216522,0.027416,40498,919203,0.11639,7897587
2,2021-02-06,38808,1173688,18181,598173,20627,575515,0,0,31268,726557,0.091997,7476,223998,0.028363,31352,950555,0.12036,7897587
2,2021-02-07,16008,1189696,10756,608929,5252,580767,0,0,12145,734928,0.093057,3840,227838,0.028849,12211,962766,0.121906,7897587
2,2021-02-08,43253,1232949,22354,631283,20899,601666,0,0,29891,751758,0.095188,13252,241090,0.030527,30082,992848,0.125715,7897587
2,2021-02-09,49198,1282147,23494,654777,25704,627370,0,0,30887,764743,0.096832,18217,259307,0.032834,31202,1024050,0.129666,7897587
2,2021-02-10,59364,1341511,28128,682905,31236,658606,0,0,34716,775383,0.09818,24422,283729,0.035926,35062,1059112,0.134106,7897587
2,2021-02-11,63700,1405211,29599,712504,34101,692707,0,0,35956,784381,0.099319,27439,311168,0.0394,36437,1095549,0.138719,7897587
2,2021-02-12,64687,1469898,28002,740506,36685,729392,0,0,34577,789722,0.099995,29890,341058,0.043185,35231,1130780,0.14318,7897587
2,2021-02-13,37484,1507382,15748,756254,21736,751128,0,0,21735,796169,0.100812,15663,356721,0.045168,22110,1152890,0.14598,7897587
2,2021-02-14,19930,1527312,9355,765609,10575,761703,0,0,11231,799094,0.101182,8664,365385,0.046265,11589,1164479,0.147447,7897587
2,2021-02-15,32873,1560185,14903,780512,17970,779673,0,0,18296,803777,0.101775,14464,379849,0.048097,19147,1183626,0.149872,7897587
2,2021-02-16,55792,1615977,27594,808106,28198,807871,0,0,29420,807573,0.102256,26288,406137,0.051425,30084,1213710,0.153681,7897587
2,2021-02-17,60962,1676939,31533,839639,29429,837300,0,0,30347,808170,0.102331,30564,436701,0.055295,31161,1244871,0.157627,7897587
2,2021-02-18,65599,1742538,33343,872982,32256,869556,0,0,32069,808047,0.102316,33315,470016,0.059514,33192,1278063,0.16183,7897587
2,2021-02-19,58714,1801252,32761,905743,25953,895509,0,0,29172,808411,0.102362,29397,499413,0.063236,29761,1307824,0.165598,7897587
2,2021-02-20,36931,1838183,24139,929882,12792,908301,0,0,20109,812444,0.102872,16748,516161,0.065357,20781,1328605,0.168229,7897587
2,2021-02-21,18173,1856356,14734,944616,3439,911740,0,0,8836,812815,0.102919,9264,525425,0.06653,9635,1338240,0.169449,7897587
2,2021-02-22,37152,1893508,25538,970154,11614,923354,0,0,17808,812050,0.102823,19245,544670,0.068967,18480,1356720,0.171789,7897587
2,2021-02-23,50684,1944192,25818,995972,24866,948220,0,0,22362,808161,0.10233,28140,572810,0.07253,24251,1380971,0.17486,7897587
2,2021-02-24,67764,2011956,34883,1030855,32881,981101,0,0,31343,805573,0.102002,36286,609096,0.077124,33698,1414669,0.179127,7897587
2,2021-02-25,73356,2085312,34450,1065305,38906,1020007,0,0,37478,810163,0.102584,35679,644775,0.081642,40269,1454938,0.184226,7897587
2,2021-02-26,81462,2166774,34834,1100139,46628,1066635,0,0,44314,819741,0.103796,36911,681686,0.086316,46489,1501427,0.190112,7897587
2,2021-02-27,58875,2225649,26926,1127065,31945,1098580,4,4,32012,826399,0.104639,26682,708368,0.089694,33340,1534767,0.194334,7897587
2,2021-02-28,28987,2254636,17419,1144484,11567,1110147,1,5,16894,832123,0.105364,11994,720362,0.091213,17718,1552485,0.196577,7897587
2,2021-03-01,55314,2309950,29057,1173541,26234,1136381,23,28,30296,838811,0.106211,24810,745172,0.094354,31498,1583983,0.200565,7897587
2,2021-03-02,64581,2374531,29958,1203499,34618,1170999,5,33,36057,848787,0.107474,28416,773588,0.097952,38392,1622375,0.205427,7897587
2,2021-03-03,77851,2452382,37693,1241192,40151,1211150,7,40,43773,861194,0.109045,33911,807499,0.102246,46318,1668693,0.211291,7897587
2,2021-03-04,86069,2538451,42479,1283671,43563,1254713,27,67,49777,877232,0.111076,36124,843623,0.10682,52162,1720855,0.217896,7897587
2,2021-03-05,78626,2617077,36761,1320432,41567,1296280,298,365,48146,897712,0.113669,30307,873930,0.110658,50787,1771642,0.224327,7897587
2,2021-03-06,61346,2678423,29903,1350335,29780,1326060,1663,2028,37655,914872,0.115842,23588,897518,0.113645,40748,1812390,0.229487,7897587
2,2021-03-07,26835,2705258,15511,1365846,10377,1336437,947,2975,17197,924542,0.117066,9583,907101,0.114858,19253,1831643,0.231924,7897587
2,2021-03-08,48929,2754187,22303,1388149,24202,1360639,2424,5399,30835,941454,0.119208,17988,925089,0.117136,34900,1866543,0.236343,7897587
2,2021-03-09,63677,2817864,26399,1414548,33517,1394156,3761,9160,34058,951110,0.12043,29512,954601,0.120872,39168,1905711,0.241303,7897587
2,2021-03-10,75099,2892963,35072,1449620,33519,1427675,6508,15668,39690,963415,0.121989,35237,989838,0.125334,47542,1953253,0.247323,7897587
2,2021-03-11,91591,2984554,42295,1491915,40977,1468652,8319,23987,48215,978235,0.123865,43125,1032963,0.130795,57945,2011198,0.25466,7897587
2,2021-03-12,91894,3076448,37773,1529688,42234,1510886,11887,35874,46125,992036,0.125613,45590,1078553,0.136567,59391,2070589,0.26218,7897587
2,2021-03-13,67249,3143697,28163,1557851,31207,1542093,7879,43753,37022,1008117,0.127649,30120,1108673,0.140381,46201,2116790,0.26803,7897587
2,2021-03-14,35978,3179675,17820,1575671,13700,1555793,4458,48211,19188,1015819,0.128624,16709,1125382,0.142497,24411,2141201,0.271121,7897587
2,2021-03-15,66175,3245850,29821,1605492,31411,1587204,4943,53154,36803,1029484,0.130354,29184,1154566,0.146192,42849,2184050,0.276546,7897587
2,2021-03-16,85001,3330851,37512,1643004,43553,1630757,3936,57090,52148,1053993,0.133458,32704,1187270,0.150333,57213,2241263,0.283791,7897587
2,2021-03-17,90853,3421704,43419,1686423,43353,1674110,4081,61171,58092,1084469,0.137316,32548,1219818,0.154455,63024,2304287,0.291771,7897587
2,2021-03-18,96193,3517897,45829,1732252,45945,1720055,4419,65590,59539,1112605,0.140879,36388,1256206,0.159062,64524,2368811,0.299941,7897587
2,2021-03-19,95463,3613360,44936,1777188,44485,1764540,6042,71632,57523,1138991,0.14422,37695,1293901,0.163835,64081,2432892,0.308055,7897587
2,2021-03-20,68397,3681757,32826,1810014,31704,1796244,3867,75499,45614,1166231,0.147669,22590,1316491,0.166695,49830,2482722,0.314365,7897587
2,2021-03-21,32483,3714240,20885,1830899,9649,1805893,1949,77448,20630,1177476,0.149093,11756,1328247,0.168184,23001,2505723,0.317277,7897587
2,2021-03-22,61675,3775915,33777,1864676,25312,1831205,2586,80034,41661,1202777,0.152297,19833,1348080,0.170695,45134,2550857,0.322992,7897587
2,2021-03-23,82274,3858189,43554,1908230,35893,1867098,2827,82861,54071,1232532,0.156064,27978,1376058,0.174238,57733,2608590,0.330302,7897587
2,2021-03-24,90052,3948241,48449,1956679,38535,1905633,3068,85929,53950,1254536,0.158851,35841,1411899,0.178776,57845,2666435,0.337627,7897587
2,2021-03-25,99681,4047922,50198,2006877,45699,1951332,3784,89713,57588,1274857,0.161424,41818,1453717,0.184071,62139,2728574,0.345495,7897587
2,2021-03-26,101355,4149277,50225,2057102,47712,1999044,3418,93131,57210,1292706,0.163684,43834,1497551,0.189621,61683,2790257,0.353305,7897587
2,2021-03-27,73939,4223216,36768,2093870,33900,2032944,3271,96402,38123,1299336,0.164523,35621,1533172,0.194132,42251,2832508,0.358655,7897587
2,2021-03-28,36785,4260001,22513,2116383,13470,2046414,802,97204,20718,1305613,0.165318,15966,1549138,0.196153,22243,2854751,0.361471,7897587
2,2021-03-29,69961,4329962,35617,2152000,32152,2078566,2192,99396,40991,1320865,0.167249,28819,1577957,0.199802,44071,2898822,0.367052,7897587
2,2021-03-30,90547,4420509,44198,2196198,42084,2120650,4265,103661,55366,1346089,0.170443,35015,1612972,0.204236,60239,2959061,0.374679,7897587
2,2021-03-31,99370,4519879,51094,2247292,43281,2163931,4995,108656,58600,1369503,0.173408,40544,1653516,0.20937,63958,3023019,0.382778,7897587
2,2021-04-01,115340,4635219,55666,2302958,50757,2214688,8917,117573,63570,1390949,0.176123,51514,1705030,0.215893,72960,3095979,0.392016,7897587
2,2021-04-02,109379,4744598,50382,2353340,49169,2263857,9828,127401,59490,1411197,0.178687,49583,1754613,0.222171,69831,3165810,0.400858,7897587
2,2021-04-03,75252,4819850,36784,2390124,28949,2292806,9519,136920,37751,1421553,0.179998,37332,1791945,0.226898,47688,3213498,0.406896,7897587
2,2021-04-04,28816,4848666,14799,2404923,10202,2303008,3815,140735,13264,1423206,0.180208,15480,1807425,0.228858,17133,3230631,0.409066,7897587
2,2021-04-05,78102,4926768,38363,2443286,31122,2334130,8617,149352,38414,1431444,0.181251,39565,1846990,0.233868,47803,3278434,0.415118,7897587
2,2021-04-06,102615,5029383,50052,2493338,38036,2372166,14527,163879,49292,1442578,0.182661,53107,1900097,0.240592,64241,3342675,0.423253,7897587
2,2021-04-07,108664,5138047,54339,2547677,38344,2410510,15981,179860,51937,1454301,0.184145,56498,1956595,0.247746,68221,3410896,0.431891,7897587
2,2021-04-08,117224,5255271,56522,2604199,42281,2452791,18421,198281,54851,1466079,0.185636,62115,2018710,0.255611,73893,3484789,0.441247,7897587
2,2021-04-09,116644,5371915,56259,2660458,42583,2495374,17802,216083,55663,1479759,0.187368,60683,2079393,0.263295,74363,3559152,0.450663,7897587
2,2021-04-10,85426,5457341,37127,2697585,30435,2525809,17864,233947,35788,1484672,0.187991,49433,2128826,0.269554,54346,3613498,0.457545,7897587
2,2021-04-11,43859,5501200,22691,2720276,12679,2538488,8489,242436,18088,1486323,0.1882,25656,2154482,0.272803,27307,3640805,0.461002,7897587
2,2021-04-12,78688,5579888,36693,2756969,32764,2571252,9231,251667,35567,1489217,0.188566,42896,2197378,0.278234,45790,3686595,0.4668,7897587
2,2021-04-13,100380,5680268,52005,2808974,48128,2619380,247,251914,55324,1500812,0.190034,44856,2242234,0.283914,56451,3743046,0.473948,7897587
2,2021-04-14,104660,5784928,54919,2863893,49693,2669073,48,251962,54208,1506253,0.190723,50229,2292463,0.290274,55670,3798716,0.480997,7897587
2,2021-04-15,111205,5896133,59308,2923201,51833,2720906,64,252026,58654,1513773,0.191675,52233,2344696,0.296888,59753,3858469,0.488563,7897587
2,2021-04-16,108485,6004618,56507,2979708,51928,2772834,50,252076,55579,1517592,0.192159,52639,2397335,0.303553,56458,3914927,0.495712,7897587
2,2021-04-17,81328,6085946,41461,3021169,39854,2812688,13,252089,45905,1529100,0.193616,35258,2432593,0.308017,46766,3961693,0.501633,7897587
2,2021-04-18,33784,6119730,20223,3041392,13557,2826245,4,252093,16312,1528996,0.193603,17383,2449976,0.310218,17279,3978972,0.503821,7897587
2,2021-04-19,73098,6192828,39633,3081025,33455,2859700,10,252103,33636,1523975,0.192967,39278,2489254,0.315192,34257,4013229,0.508159,7897587
2,2021-04-20,94151,6286979,47111,3128136,47019,2906719,21,252124,46107,1523008,0.192845,47820,2537074,0.321247,46853,4060082,0.514091,7897587
2,2021-04-21,98401,6385380,52400,3180536,45947,2952666,54,252178,46946,1519705,0.192426,51162,2588236,0.327725,47859,4107941,0.520151,7897587
2,2021-04-22,104650,6490030,53732,3234268,50899,3003565,19,252197,46051,1508340,0.190987,58300,2646536,0.335107,46935,4154876,0.526094,7897587
2,2021-04-23,103677,6593707,54819,3289087,48842,3052407,16,252213,48168,1502203,0.19021,55216,2701752,0.342098,49079,4203955,0.532309,7897587
2,2021-04-24,78221,6671928,46465,3335552,31720,3084127,36,252249,41238,1507600,0.190894,36785,2738537,0.346756,42182,4246137,0.53765,7897587
2,2021-04-25,35809,6707737,22180,3357732,13615,3097742,14,252263,19582,1511523,0.19139,16123,2754660,0.348798,20046,4266183,0.540188,7897587
2,2021-04-26,67351,6775088,37641,3395373,29423,3127165,287,252550,30856,1507745,0.190912,36308,2790968,0.353395,32530,4298713,0.544307,7897587
2,2021-04-27,81686,6856774,43016,3438389,37533,3164698,1137,253687,35039,1498656,0.189761,46427,2837395,0.359274,37338,4336051,0.549035,7897587
2,2021-04-28,84279,6941053,44565,3482954,37898,3202596,1816,255503,36896,1491082,0.188802,47169,2884564,0.365246,39595,4375646,0.554048,7897587
2,2021-04-29,86874,7027927,46963,3529917,38262,3240858,1649,257152,33478,1473635,0.186593,53161,2937725,0.371978,35714,4411360,0.558571,7897587
2,2021-04-30,90886,7118813,50137,3580054,38820,3279678,1929,259081,35213,1456011,0.184362,55394,2993119,0.378992,37770,4449130,0.563353,7897587
2,2021-05-01,60355,7179168,36794,3616848,22026,3301704,1535,260616,23784,1445785,0.183067,36384,3029503,0.383599,26158,4475288,0.566665,7897587
2,2021-05-02,28709,7207877,19826,3636674,7913,3309617,970,261586,11041,1440319,0.182375,17566,3047069,0.385823,12100,4487388,0.568197,7897587
2,2021-05-03,58944,7266821,35064,3671738,21858,3331475,2022,263608,19762,1423365,0.180228,38994,3086063,0.39076,22040,4509428,0.570988,7897587
2,2021-05-04,77137,7343958,45775,3717513,29038,3360513,2324,265932,25145,1399465,0.177202,51758,3137821,0.397314,27858,4537286,0.574515,7897587
2,2021-05-05,77446,7421404,45882,3763395,29259,3389772,2305,268237,24279,1373519,0.173916,52865,3190686,0.404008,26919,4564205,0.577924,7897587
2,2021-05-06,79563,7500967,47951,3811346,28769,3418541,2843,271080,24481,1346786,0.170531,54680,3245366,0.410931,27947,4592152,0.581463,7897587
2,2021-05-07,80198,7581165,46239,3857585,31565,3450106,2394,273474,24905,1319540,0.167081,54988,3300354,0.417894,27742,4619894,0.584975,7897587
2,2021-05-08,52688,7633853,31850,3889435,19194,3469300,1644,275118,16553,1302514,0.164926,35906,3336260,0.42244,18880,4638774,0.587366,7897587
2,2021-05-09,21121,7654974,15081,3904516,5300,3474600,740,275858,6362,1295196,0.163999,14640,3350900,0.424294,7322,4646096,0.588293,7897587
2,2021-05-10,48121,7703095,26136,3930652,20176,3494776,1809,277667,13788,1277255,0.161727,34118,3385018,0.428614,16177,4662273,0.590341,7897587
2,2021-05-11,61424,7764519,32763,3963415,26722,3521498,1939,279606,18531,1255715,0.159,42657,3427675,0.434015,21117,4683390,0.593015,7897587
2,2021-05-12,59103,7823622,31292,3994707,25843,3547341,1968,281574,17673,1234511,0.156315,41199,3468874,0.439232,19995,4703385,0.595547,7897587
2,2021-05-13,60190,7883812,34720,4029427,23803,3571144,1667,283241,21733,1220259,0.15451,38270,3507144,0.444078,24018,4727403,0.598588,7897587
2,2021-05-14,50916,7934728,30965,4060392,18438,3589582,1513,284754,17192,1205741,0.152672,33542,3540686,0.448325,19024,4746427,0.600997,7897587
3,2020-12-15,303,303,303,303,0,0,0,0,303,303,3.9e-05,0,0,0.0,303,303,3.9e-05,7688185
3,2020-12-16,2210,2513,2210,2513,0,0,0,0,2210,2513,0.000327,0,0,0.0,2210,2513,0.000327,7688185
3,2020-12-17,7605,10118,7605,10118,0,0,0,0,7605,10118,0.001316,0,0,0.0,7605,10118,0.001316,7688185
3,2020-12-18,12811,22929,12798,22916,13,13,0,0,12810,22928,0.002982,0,0,0.0,12810,22928,0.002982,7688185
3,2020-12-19,7045,29974,7034,29950,11,24,0,0,7109,30037,0.003907,0,0,0.0,7109,30037,0.003907,7688185
3,2020-12-20,5486,35460,5479,35429,7,31,0,0,5533,35569,0.004626,1,1,0.0,5533,35570,0.004627,7688185
3,2020-12-21,14270,49730,14247,49676,23,54,0,0,14335,49903,0.006491,1,2,0.0,14335,49905,0.006491,7688185
3,2020-12-22,14631,64361,14063,63739,568,622,0,0,14670,64573,0.008399,0,2,0.0,14670,64575,0.008399,7688185
3,2020-12-23,14663,79024,12075,75814,2588,3210,0,0,14689,79262,0.01031,0,2,0.0,14689,79264,0.01031,7688185
3,2020-12-24,6766,85790,4857,80671,1909,5119,0,0,6764,86025,0.011189,1,3,0.0,6764,86028,0.01119,7688185
3,2020-12-25,719,86509,663,81334,56,5175,0,0,718,86743,0.011283,0,3,0.0,718,86746,0.011283,7688185
3,2020-12-26,4598,91107,2986,84320,1612,6787,0,0,4596,91339,0.01188,0,3,0.0,4596,91342,0.011881,7688185
3,2020-12-27,2951,94058,1832,86152,1119,7906,0,0,2952,94291,0.012264,0,3,0.0,2952,94294,0.012265,7688185
3,2020-12-28,13472,107530,8612,94764,4860,12766,0,0,13500,107790,0.01402,1,4,1e-06,13500,107794,0.014021,7688185
3,2020-12-29,14913,122443,8433,103197,6480,19246,0,0,14942,122730,0.015963,2,6,1e-06,14942,122736,0.015964,7688185
3,2020-12-30,17939,140382,10046,113243,7893,27139,0,0,17929,140659,0.018295,0,6,1e-06,17929,140665,0.018296,7688185
3,2020-12-31,8323,148705,3214,116457,5109,32248,0,0,8323,148981,0.019378,1,7,1e-06,8323,148988,0.019379,7688185
3,2021-01-01,1179,149884,535,116992,644,32892,0,0,1176,150157,0.019531,0,7,1e-06,1176,150164,0.019532,7688185
3,2021-01-02,4998,154882,2479,119471,2519,35411,0,0,4998,155155,0.020181,0,7,1e-06,4998,155162,0.020182,7688185
3,2021-01-03,1595,156477,839,120310,756,36167,0,0,1586,156737,0.020387,4,11,1e-06,1586,156748,0.020388,7688185
3,2021-01-04,11970,168447,5991,126301,5979,42146,0,0,11943,168673,0.021939,7,18,2e-06,11943,168691,0.021942,7688185
3,2021-01-05,15571,184018,8030,134331,7541,49687,0,0,13972,181085,0.023554,1584,1602,0.000208,13996,182687,0.023762,7688185
3,2021-01-06,20106,204124,10516,144847,9590,59277,0,0,15862,192749,0.025071,4204,5806,0.000755,15868,198555,0.025826,7688185
3,2021-01-07,26044,230168,14832,159679,11212,70489,0,0,16999,200745,0.026111,9017,14823,0.001928,17013,215568,0.028039,7688185
3,2021-01-08,30032,260200,18354,178033,11678,82167,0,0,17943,206639,0.026877,12069,26892,0.003498,17963,233531,0.030375,7688185
3,2021-01-09,12309,272509,6959,184992,5350,87517,0,0,7827,209998,0.027314,4476,31368,0.00408,7835,241366,0.031394,7688185
3,2021-01-10,7157,279666,4460,189452,2697,90214,0,0,4020,210887,0.02743,3135,34503,0.004488,4024,245390,0.031918,7688185
3,2021-01-11,28694,308360,18772,208224,9922,100136,0,0,16233,214707,0.027927,12456,46959,0.006108,16276,261666,0.034035,7688185
3,2021-01-12,31902,340262,19083,227307,12819,112955,0,0,19526,221957,0.02887,12360,59319,0.007716,19610,281276,0.036585,7688185
3,2021-01-13,34301,374563,17943,245250,16358,129313,0,0,24223,236121,0.030712,10078,69397,0.009026,24242,305518,0.039739,7688185
3,2021-01-14,34308,408871,14120,259370,20188,149501,0,0,28445,258768,0.033658,5831,75228,0.009785,28478,333996,0.043443,7688185
3,2021-01-15,38551,447422,14416,273786,24135,173636,0,0,33948,288182,0.037484,4595,79823,0.010383,34009,368005,0.047866,7688185
3,2021-01-16,21743,469165,7605,281391,14138,187774,0,0,19438,305350,0.039717,2291,82114,0.010681,19459,387464,0.050397,7688185
3,2021-01-17,13112,482277,4468,285859,8644,196418,0,0,12088,316433,0.041158,1023,83137,0.010814,12106,399570,0.051972,7688185
3,2021-01-18,24541,506818,12773,298632,11768,208186,0,0,19053,330022,0.042926,5506,88643,0.01153,19095,418665,0.054456,7688185
3,2021-01-19,40680,547498,20784,319416,19896,228082,0,0,31650,352748,0.045882,9004,97647,0.012701,31730,450395,0.058583,7688185
3,2021-01-20,44742,592240,22051,341467,22691,250773,0,0,35461,379045,0.049302,9239,106886,0.013903,35536,485931,0.063205,7688185
3,2021-01-21,47121,639361,20328,361795,26793,277566,0,0,41715,415490,0.054043,5334,112220,0.014596,41779,527710,0.068639,7688185
3,2021-01-22,49188,688549,19617,381412,29571,307137,0,0,45079,456522,0.05938,4116,116336,0.015132,45148,572858,0.074511,7688185
3,2021-01-23,29988,718537,12724,394136,17264,324401,0,0,26671,479933,0.062425,3306,119642,0.015562,26717,599575,0.077987,7688185
3,2021-01-24,17613,736150,8492,402628,9121,333522,0,0,16469,495283,0.064421,1142,120784,0.01571,16492,616067,0.080132,7688185
3,2021-01-25,40267,776417,18024,420652,22243,355765,0,0,30453,516022,0.067119,9796,130580,0.016985,30535,646602,0.084103,7688185
3,2021-01-26,46497,822914,22189,442841,24308,380073,0,0,36586,542806,0.070603,9905,140485,0.018273,36689,683291,0.088875,7688185
3,2021-01-27,50425,873339,24486,467327,25939,406012,0,0,39917,572366,0.074447,10430,150915,0.019629,39990,723281,0.094077,7688185
3,2021-01-28,51298,924637,23817,491144,27481,433493,0,0,42498,606190,0.078847,8719,159634,0.020764,42543,765824,0.099611,7688185
3,2021-01-29,50188,974825,24169,515313,26019,459512,0,0,40765,637761,0.082953,9237,168871,0.021965,40808,806632,0.104918,7688185
3,2021-01-30,36588,1011413,17361,532674,19227,478739,0,0,32041,665382,0.086546,4498,173369,0.02255,32119,838751,0.109096,7688185
3,2021-01-31,22211,1033624,12824,545498,9387,488126,0,0,20727,684655,0.089053,1472,174841,0.022742,20745,859496,0.111794,7688185
3,2021-02-01,44840,1078464,20243,565741,24597,512723,0,0,34675,709244,0.092251,10123,184964,0.024058,34712,894208,0.116309,7688185
3,2021-02-02,54137,1132601,22832,588573,31305,544028,0,0,41428,738099,0.096004,12621,197585,0.0257,41476,935684,0.121704,7688185
3,2021-02-03,59547,1192148,26544,615117,33003,577031,0,0,44358,767490,0.099827,15032,212617,0.027655,44423,980107,0.127482,7688185
3,2021-02-04,63952,1256100,27819,642936,36133,613164,0,0,46928,797689,0.103755,16833,229450,0.029844,47032,1027139,0.1336,7688185
3,2021-02-05,69751,1325851,29721,672657,40030,653194,0,0,48264,824836,0.107286,21276,250726,0.032612,48423,1075562,0.139898,7688185
3,2021-02-06,43453,1369304,21171,693828,22282,675476,0,0,33696,848987,0.110427,9727,260453,0.033877,33878,1109440,0.144305,7688185
3,2021-02-07,19430,1388734,12310,706138,7120,682596,0,0,14951,859595,0.111807,4469,264922,0.034458,15077,1124517,0.146266,7688185
3,2021-02-08,50702,1439436,24436,730574,26266,708862,0,0,33308,875812,0.113917,17274,282196,0.036705,33491,1158008,0.150622,7688185
3,2021-02-09,58064,1497500,28250,758824,29814,738676,0,0,34105,886473,0.115303,23788,305984,0.039799,34449,1192457,0.155103,7688185
3,2021-02-10,67347,1564847,31325,790149,36022,774698,0,0,36583,893046,0.116158,30536,336520,0.043771,37109,1229566,0.159929,7688185
3,2021-02-11,69941,1634788,34496,824645,35445,810143,0,0,37671,899314,0.116974,31932,368452,0.047924,38200,1267766,0.164898,7688185
3,2021-02-12,74615,1709403,32297,856942,42318,852461,0,0,41362,908460,0.118163,32970,401422,0.052213,42116,1309882,0.170376,7688185
3,2021-02-13,44503,1753906,20216,877158,24287,876748,0,0,25694,916070,0.119153,18664,420086,0.05464,26274,1336156,0.173793,7688185
3,2021-02-14,27080,1780986,13543,890701,13537,890285,0,0,15162,919804,0.119639,11873,431959,0.056185,15607,1351763,0.175823,7688185
3,2021-02-15,39595,1820581,17099,907800,22496,912781,0,0,21941,925108,0.120329,17567,449526,0.05847,22871,1374634,0.178798,7688185
3,2021-02-16,69325,1889906,32782,940582,36543,949324,0,0,36180,929292,0.120873,33015,482541,0.062764,37199,1411833,0.183637,7688185
3,2021-02-17,71027,1960933,35956,976538,35071,984395,0,0,33868,927288,0.120612,36943,519484,0.067569,34939,1446772,0.188181,7688185
3,2021-02-18,76078,2037011,39754,1016292,36324,1020719,0,0,35559,923793,0.120157,40390,559874,0.072823,36895,1483667,0.19298,7688185
3,2021-02-19,67898,2104909,39174,1055466,28724,1049443,0,0,34445,925569,0.120388,33359,593233,0.077162,35135,1518802,0.19755,7688185
3,2021-02-20,41526,2146435,26320,1081786,15206,1064649,0,0,22063,928745,0.120802,19378,612611,0.079682,22554,1541356,0.200484,7688185
3,2021-02-21,19995,2166430,16244,1098030,3751,1068400,0,0,9303,927798,0.120678,10625,623236,0.081064,9678,1551034,0.201743,7688185
3,2021-02-22,44712,2211142,29144,1127174,15568,1083968,0,0,21195,926032,0.120449,23440,646676,0.084113,21674,1572708,0.204562,7688185
3,2021-02-23,59613,2270755,32377,1159551,27236,1111204,0,0,26320,921171,0.119816,33161,679837,0.088426,28300,1601008,0.208243,7688185
3,2021-02-24,75903,2346658,37100,1196651,38803,1150007,0,0,34046,916027,0.119147,41687,721524,0.093848,36543,1637551,0.212996,7688185
3,2021-02-25,84674,2431332,40947,1237598,43727,1193734,0,0,42636,919407,0.119587,41824,763348,0.099288,45204,1682755,0.218875,7688185
3,2021-02-26,95210,2526542,43334,1280932,51876,1245610,0,0,50942,928588,0.120781,43946,807294,0.105004,53127,1735882,0.225786,7688185
3,2021-02-27,66671,2593213,30328,1311260,36340,1281950,3,3,35288,933958,0.12148,31214,838508,0.109064,36584,1772466,0.230544,7688185
3,2021-02-28,37589,2630802,21836,1333096,15752,1297702,1,4,19500,936467,0.121806,17940,856448,0.111398,20449,1792915,0.233204,7688185
3,2021-03-01,65188,2695990,34517,1367613,30657,1328359,14,18,36521,945812,0.123021,28517,884965,0.115107,37862,1830777,0.238129,7688185
3,2021-03-02,74390,2770380,35474,1403087,38913,1367272,3,21,43010,959614,0.124817,31267,916232,0.119174,45069,1875846,0.243991,7688185
3,2021-03-03,86902,2857282,41271,1444358,45617,1412889,14,35,48478,972097,0.12644,38258,954490,0.12415,50741,1926587,0.250591,7688185
3,2021-03-04,91489,2948771,44746,1489104,46728,1459617,15,50,52083,987237,0.12841,39214,993704,0.129251,54354,1980941,0.25766,7688185
3,2021-03-05,87455,3036226,42465,1531569,44701,1504318,289,339,53317,1009136,0.131258,33924,1027628,0.133663,55823,2036764,0.264921,7688185
3,2021-03-06,63838,3100064,32064,1563633,29638,1533956,2136,2475,36552,1022129,0.132948,27162,1054790,0.137196,40155,2076919,0.270144,7688185
3,2021-03-07,36475,3136539,21535,1585168,13831,1547787,1109,3584,20911,1029792,0.133945,15516,1070306,0.139214,23179,2100098,0.273159,7688185
3,2021-03-08,57811,3194350,27391,1612559,27603,1575390,2817,6401,36652,1049756,0.136541,21048,1091354,0.141952,41012,2141110,0.278494,7688185
3,2021-03-09,70193,3264543,29772,1642331,36086,1611476,4335,10736,36505,1058196,0.137639,33581,1124935,0.14632,42021,2183131,0.283959,7688185
3,2021-03-10,80067,3344610,39436,1681767,34610,1646086,6021,16757,41468,1068658,0.139,38433,1163368,0.151319,48895,2232026,0.290319,7688185
3,2021-03-11,95710,3440320,46841,1728608,40362,1686448,8507,25264,47194,1077197,0.140111,48280,1211648,0.157599,56819,2288845,0.297709,7688185
3,2021-03-12,100327,3540647,44601,1773209,43940,1730388,11786,37050,46106,1082185,0.140759,54048,1265696,0.164629,59036,2347881,0.305388,7688185
3,2021-03-13,68661,3609308,29073,1802282,32401,1762789,7187,44237,36098,1094390,0.142347,32464,1298160,0.168851,44669,2392550,0.311198,7688185
3,2021-03-14,40217,3649525,21143,1823425,15592,1778381,3482,47719,21859,1102070,0.143346,18299,1316459,0.171231,25979,2418529,0.314577,7688185
3,2021-03-15,74450,3723975,35291,1858716,34665,1813046,4494,52213,39620,1112512,0.144704,34676,1351135,0.175742,45118,2463647,0.320446,7688185
3,2021-03-16,93889,3817864,43235,1901951,46402,1859448,4252,56465,53572,1131129,0.147126,40133,1391268,0.180962,58750,2522397,0.328087,7688185
3,2021-03-17,96450,3914314,46809,1948760,45249,1904697,4392,60857,59161,1158246,0.150653,37105,1428373,0.185788,64222,2586619,0.336441,7688185
3,2021-03-18,101683,4015997,51582,2000342,45740,1950437,4361,65218,59568,1180820,0.153589,41911,1470284,0.191239,64485,2651104,0.344828,7688185
3,2021-03-19,101128,4117125,53963,2054305,42781,1993218,4384,69602,57617,1200073,0.156093,43290,1513574,0.19687,62543,2713647,0.352963,7688185
3,2021-03-20,70329,4187454,36214,2090519,30558,2023776,3557,73159,44482,1222920,0.159065,25691,1539265,0.200212,48538,2762185,0.359277,7688185
3,2021-03-21,35377,4222831,24044,2114563,9872,2033648,1461,74620,23001,1235542,0.160707,12308,1551573,0.201813,24930,2787115,0.362519,7688185
3,2021-03-22,69301,4292132,40697,2155260,26139,2059787,2465,77085,45244,1260375,0.163937,23883,1575456,0.204919,48716,2835831,0.368856,7688185
3,2021-03-23,88560,4380692,48822,2204082,37288,2097075,2450,79535,57246,1289670,0.167747,31103,1606559,0.208965,60398,2896229,0.376712,7688185
3,2021-03-24,97487,4478179,56211,2260293,38489,2135564,2787,82322,56974,1309813,0.170367,40222,1646781,0.214196,60365,2956594,0.384563,7688185
3,2021-03-25,105839,4584018,58873,2319166,44123,2179687,2843,85165,61092,1329926,0.172983,44473,1691254,0.219981,64586,3021180,0.392964,7688185
3,2021-03-26,108748,4692766,58279,2377445,47260,2226947,3209,88374,58024,1341539,0.174494,50468,1741722,0.226545,62081,3083261,0.401039,7688185
3,2021-03-27,73144,4765910,37047,2414492,33572,2260519,2525,90899,36640,1345049,0.17495,36330,1778052,0.231271,39840,3123101,0.406221,7688185
3,2021-03-28,43266,4809176,27164,2441656,15298,2275817,804,91703,23102,1349380,0.175513,20071,1798123,0.233881,24402,3147503,0.409395,7688185
3,2021-03-29,79516,4888692,41520,2483176,36225,2312042,1771,93474,44979,1362587,0.177231,34344,1832467,0.238348,47551,3195054,0.41558,7688185
3,2021-03-30,98746,4987438,48542,2531718,46648,2358690,3556,97030,59790,1387786,0.180509,38751,1871218,0.243389,63950,3259004,0.423898,7688185
3,2021-03-31,103572,5091010,55875,2587593,42972,2401662,4725,101755,57414,1404263,0.182652,45997,1917215,0.249372,62474,3321478,0.432024,7688185
3,2021-04-01,121585,5212595,61579,2649172,50600,2452262,9406,111161,66445,1425607,0.185428,54887,1972102,0.256511,76231,3397709,0.441939,7688185
3,2021-04-02,115999,5328594,56643,2705815,49337,2501599,10019,121180,61827,1444022,0.187824,53958,2026060,0.263529,72373,3470082,0.451353,7688185
3,2021-04-03,74941,5403535,38228,2744043,27711,2529310,9002,130182,37726,1453997,0.189121,37105,2063165,0.268355,47080,3517162,0.457476,7688185
3,2021-04-04,32145,5435680,17185,2761228,10814,2540124,4146,134328,14367,1454837,0.18923,17720,2080885,0.27066,18560,3535722,0.45989,7688185
3,2021-04-05,87939,5523619,44697,2805925,34315,2574439,8927,143255,43556,1463930,0.190413,44228,2125113,0.276413,53321,3589043,0.466826,7688185
3,2021-04-06,112093,5635712,54700,2860625,42411,2616850,14982,158237,53368,1474503,0.191788,58509,2183622,0.284023,69082,3658125,0.475811,7688185
3,2021-04-07,114708,5750420,59680,2920305,38993,2655843,16035,174272,56109,1488547,0.193615,58399,2242021,0.291619,72443,3730568,0.485234,7688185
3,2021-04-08,119783,5870203,59988,2980293,40001,2695844,19794,194066,56048,1501685,0.195324,63501,2305522,0.299879,76639,3807207,0.495202,7688185
3,2021-04-09,116522,5986725,58242,3038535,39437,2735281,18843,212909,51691,1508499,0.19621,64642,2370164,0.308287,71456,3878663,0.504497,7688185
3,2021-04-10,82515,6069240,37459,3075994,30045,2765326,15011,227920,33960,1509894,0.196391,48412,2418576,0.314583,49807,3928470,0.510975,7688185
3,2021-04-11,44568,6113808,23964,3099958,12671,2777997,7933,235853,17136,1508442,0.196203,27357,2445933,0.318142,25905,3954375,0.514344,7688185
3,2021-04-12,82788,6196596,41968,3141926,32250,2810247,8570,244423,38022,1511514,0.196602,44592,2490525,0.323942,47664,4002039,0.520544,7688185
3,2021-04-13,104148,6300744,56529,3198455,47413,2857660,206,244629,55353,1519317,0.197617,48623,2539148,0.330266,56426,4058465,0.527883,7688185
3,2021-04-14,105169,6405913,57715,3256170,47363,2905023,91,244720,53108,1522099,0.197979,51832,2590980,0.337008,54614,4113079,0.534987,7688185
3,2021-04-15,117427,6523340,66124,3322294,51247,2956270,56,244776,63338,1532410,0.19932,53864,2644844,0.344014,64175,4177254,0.543334,7688185
3,2021-04-16,113466,6636806,63781,3386075,49596,3005866,89,244865,59710,1539337,0.200221,53524,2698368,0.350976,60451,4237705,0.551197,7688185
3,2021-04-17,77561,6714367,42423,3428498,35126,3040992,12,244877,43383,1549644,0.201562,34036,2732404,0.355403,44343,4282048,0.556965,7688185
3,2021-04-18,36764,6751131,21802,3450300,14959,3055951,3,244880,17415,1548639,0.201431,19276,2751680,0.35791,18271,4300319,0.559341,7688185
3,2021-04-19,77819,6828950,43593,3493893,34174,3090125,52,244932,35375,1542285,0.200605,42303,2793983,0.363413,35949,4336268,0.564017,7688185
3,2021-04-20,97464,6926414,50556,3544449,46898,3137023,10,244942,47703,1541446,0.200495,49585,2843568,0.369862,48746,4385014,0.570358,7688185
3,2021-04-21,100401,7026815,55448,3599897,44892,3181915,61,245003,47779,1537865,0.20003,52371,2895939,0.376674,48790,4433804,0.576704,7688185
3,2021-04-22,108233,7135048,60503,3660400,47711,3229626,19,245022,46886,1524625,0.198308,61079,2957018,0.384618,47839,4481643,0.582926,7688185
3,2021-04-23,102439,7237487,58328,3718728,44089,3273715,22,245044,45123,1513744,0.196892,57015,3014033,0.392034,46134,4527777,0.588927,7688185
3,2021-04-24,72294,7309781,44874,3763602,27363,3301078,57,245101,35434,1513563,0.196869,36632,3050665,0.396799,36451,4564228,0.593668,7688185
3,2021-04-25,36044,7345825,23269,3786871,12761,3313839,14,245115,18584,1515188,0.19708,17354,3068019,0.399056,18979,4583207,0.596136,7688185
3,2021-04-26,67065,7412890,37891,3824762,28803,3342642,371,245486,28587,1507156,0.196035,38275,3106294,0.404035,30243,4613450,0.60007,7688185
3,2021-04-27,84014,7496904,44128,3868890,38491,3381133,1395,246881,33598,1492705,0.194156,50177,3156471,0.410561,35726,4649176,0.604717,7688185
3,2021-04-28,83282,7580186,46939,3915829,34270,3415403,2073,248954,33737,1479713,0.192466,49325,3205796,0.416977,36333,4685509,0.609443,7688185
3,2021-04-29,85150,7665336,48445,3964274,34560,3449963,2145,251099,29773,1456963,0.189507,55143,3260939,0.424149,32393,4717902,0.613656,7688185
3,2021-04-30,87467,7752803,49239,4013513,35801,3485764,2427,253526,32553,1437713,0.187003,54673,3315612,0.431261,35423,4753325,0.618264,7688185
3,2021-05-01,54088,7806891,34200,4047713,18461,3504225,1427,254953,19466,1424607,0.185298,34476,3350088,0.435745,21370,4774695,0.621043,7688185
3,2021-05-02,26370,7833261,17998,4065711,7366,3511591,1006,255959,9650,1418712,0.184531,16650,3366738,0.437911,10755,4785450,0.622442,7688185
3,2021-05-03,58513,7891774,34398,4100109,21791,3533382,2324,258283,17115,1397094,0.18172,41235,3407973,0.443274,19617,4805067,0.624994,7688185
3,2021-05-04,75158,7966932,43014,4143123,29533,3562915,2611,260894,21971,1369008,0.178066,52948,3460921,0.450161,24862,4829929,0.628227,7688185
3,2021-05-05,76019,8042951,45420,4188543,27969,3590884,2630,263524,20905,1337946,0.174026,54858,3515779,0.457296,23796,4853725,0.631323,7688185
3,2021-05-06,80600,8123551,50948,4239491,27224,3618108,2428,265952,20251,1301196,0.169246,59976,3575755,0.465097,23226,4876951,0.634344,7688185
3,2021-05-07,79187,8202738,49147,4288638,27481,3645589,2559,268511,21240,1267611,0.164878,57674,3633429,0.472599,24089,4901040,0.637477,7688185
3,2021-05-08,49952,8252690,30886,4319524,17439,3663028,1627,270138,13371,1246567,0.162141,36286,3669715,0.477319,15242,4916282,0.639459,7688185
3,2021-05-09,20324,8273014,14702,4334226,4833,3667861,789,270927,5599,1238414,0.16108,14608,3684323,0.479219,6455,4922737,0.640299,7688185
3,2021-05-10,46037,8319051,24725,4358951,19441,3687302,1871,272798,10976,1216639,0.158248,34875,3719198,0.483755,13100,4935837,0.642003,7688185
3,2021-05-11,59126,8378177,32588,4391539,24540,3711842,1998,274796,15008,1190132,0.1548,43936,3763134,0.48947,17429,4953266,0.64427,7688185
3,2021-05-12,58183,8436360,33201,4424740,22888,3734730,2094,276890,15279,1165052,0.151538,42715,3805849,0.495026,17635,4970901,0.646564,7688185
3,2021-05-13,61633,8497993,38056,4462796,21928,3756658,1649,278539,21538,1148814,0.149426,39933,3845782,0.50022,23695,4994596,0.649646,7688185
3,2021-05-14,47501,8545494,29919,4492715,16159,3772817,1423,279962,15973,1134931,0.14762,31383,3877165,0.504302,17500,5012096,0.651922,7688185
4,2020-12-15,444,444,444,444,0,0,0,0,444,444,5.9e-05,0,0,0.0,444,444,5.9e-05,7584050
4,2020-12-16,2958,3402,2958,3402,0,0,0,0,2958,3402,0.000449,0,0,0.0,2958,3402,0.000449,7584050
4,2020-12-17,8526,11928,8526,11928,0,0,0,0,8526,11928,0.001573,0,0,0.0,8526,11928,0.001573,7584050
4,2020-12-18,15388,27316,15379,27307,9,9,0,0,15388,27316,0.003602,0,0,0.0,15388,27316,0.003602,7584050
4,2020-12-19,10232,37548,10225,37532,7,16,0,0,10167,37483,0.004942,0,0,0.0,10167,37483,0.004942,7584050
4,2020-12-20,7352,44900,7345,44877,7,23,0,0,7307,44790,0.005906,0,0,0.0,7307,44790,0.005906,7584050
4,2020-12-21,16275,61175,16252,61129,23,46,0,0,16208,60998,0.008043,0,0,0.0,16208,60998,0.008043,7584050
4,2020-12-22,17091,78266,16361,77490,730,776,0,0,17047,78045,0.010291,0,0,0.0,17047,78045,0.010291,7584050
4,2020-12-23,16922,95188,14235,91725,2687,3463,0,0,16894,94939,0.012518,0,0,0.0,16894,94939,0.012518,7584050
4,2020-12-24,8539,103727,5957,97682,2582,6045,0,0,8539,103478,0.013644,0,0,0.0,8539,103478,0.013644,7584050
4,2020-12-25,900,104627,796,98478,104,6149,0,0,900,104378,0.013763,0,0,0.0,900,104378,0.013763,7584050
4,2020-12-26,6167,110794,3865,102343,2302,8451,0,0,6167,110545,0.014576,0,0,0.0,6167,110545,0.014576,7584050
4,2020-12-27,3415,114209,1996,104339,1419,9870,0,0,3415,113960,0.015026,0,0,0.0,3415,113960,0.015026,7584050
4,2020-12-28,14954,129163,9242,113581,5712,15582,0,0,14924,128883,0.016994,1,1,0.0,14924,128884,0.016994,7584050
4,2020-12-29,15236,144399,8433,122014,6803,22385,0,0,15203,144086,0.018999,0,1,0.0,15203,144087,0.018999,7584050
4,2020-12-30,18872,163271,11057,133071,7815,30200,0,0,18861,162945,0.021485,2,3,0.0,18861,162948,0.021486,7584050
4,2020-12-31,8192,171463,3323,136394,4869,35069,0,0,8187,171130,0.022564,2,5,1e-06,8187,171135,0.022565,7584050
4,2021-01-01,1237,172700,527,136921,710,35779,0,0,1235,172363,0.022727,2,7,1e-06,1235,172370,0.022728,7584050
4,2021-01-02,5671,178371,3205,140126,2466,38245,0,0,5670,178032,0.023475,1,8,1e-06,5670,178040,0.023476,7584050
4,2021-01-03,2125,180496,1259,141385,866,39111,0,0,2111,180139,0.023752,4,12,2e-06,2111,180151,0.023754,7584050
4,2021-01-04,12947,193443,7061,148446,5886,44997,0,0,12899,193008,0.025449,30,42,6e-06,12899,193050,0.025455,7584050
4,2021-01-05,16757,210200,9906,158352,6851,51848,0,0,14732,205747,0.027129,2004,2046,0.00027,14743,207793,0.027399,7584050
4,2021-01-06,21476,231676,13163,171515,8313,60161,0,0,15633,215602,0.028428,5791,7837,0.001033,15646,223439,0.029462,7584050
4,2021-01-07,27754,259430,16922,188437,10832,70993,0,0,16976,221868,0.029255,10723,18560,0.002447,16989,240428,0.031702,7584050
4,2021-01-08,32622,292052,20933,209370,11689,82682,0,0,18484,226301,0.029839,14069,32629,0.004302,18502,258930,0.034141,7584050
4,2021-01-09,16153,308205,9556,218926,6597,89279,0,0,9420,229021,0.030198,6711,39340,0.005187,9431,268361,0.035385,7584050
4,2021-01-10,8706,316911,5623,224549,3083,92362,0,0,4108,228560,0.030137,4577,43917,0.005791,4116,272477,0.035928,7584050
4,2021-01-11,33241,350152,21780,246329,11461,103823,0,0,18748,232895,0.030709,14452,58369,0.007696,18787,291264,0.038405,7584050
4,2021-01-12,38031,388183,21821,268150,16210,120033,0,0,24019,242990,0.03204,13963,72332,0.009537,24058,315322,0.041577,7584050
4,2021-01-13,38406,426589,18900,287050,19506,139539,0,0,27220,259103,0.034164,11132,83464,0.011005,27245,342567,0.045169,7584050
4,2021-01-14,38875,465464,14859,301909,24016,163555,0,0,31834,283970,0.037443,6994,90458,0.011927,31861,374428,0.04937,7584050
4,2021-01-15,45054,510518,15597,317506,29457,193012,0,0,39540,318072,0.04194,5458,95916,0.012647,39560,413988,0.054587,7584050
4,2021-01-16,28527,539045,9340,326846,19187,212199,0,0,25425,340445,0.04489,3066,98982,0.013051,25439,439427,0.057941,7584050
4,2021-01-17,18941,557986,6645,333491,12296,224495,0,0,17431,356406,0.046994,1485,100467,0.013247,17446,456873,0.060241,7584050
4,2021-01-18,29131,587117,13372,346863,15759,240254,0,0,23183,373769,0.049284,5851,106318,0.014019,23214,480087,0.063302,7584050
4,2021-01-19,46012,633129,23200,370063,22812,263066,0,0,36710,401303,0.052914,9247,115565,0.015238,36781,516868,0.068152,7584050
4,2021-01-20,51524,684653,27337,397400,24187,287253,0,0,41136,432196,0.056987,10293,125858,0.016595,41186,558054,0.073583,7584050
4,2021-01-21,56247,740900,24877,422277,31370,318623,0,0,49872,475794,0.062736,6316,132174,0.017428,49914,607968,0.080164,7584050
4,2021-01-22,54802,795702,22024,444301,32778,351401,0,0,49726,520568,0.06864,4982,137156,0.018085,49756,657724,0.086725,7584050
4,2021-01-23,39379,835081,17411,461712,21968,373369,0,0,35085,551395,0.072705,4286,141442,0.01865,35113,692837,0.091354,7584050
4,2021-01-24,23897,858978,10494,472206,13403,386772,0,0,22027,571577,0.075366,1862,143304,0.018895,22044,714881,0.094261,7584050
4,2021-01-25,47567,906545,21964,494170,25603,412375,0,0,36567,597228,0.078748,10970,154274,0.020342,36621,751502,0.09909,7584050
4,2021-01-26,56235,962780,28702,522872,27533,439908,0,0,44170,629446,0.082996,12010,166284,0.021925,44228,795730,0.104922,7584050
4,2021-01-27,55179,1017959,26690,549562,28489,468397,0,0,44244,662939,0.087412,10801,177085,0.02335,44294,840024,0.110762,7584050
4,2021-01-28,56074,1074033,25309,574871,30765,499162,0,0,46227,699451,0.092227,9756,186841,0.024636,46268,886292,0.116863,7584050
4,2021-01-29,56028,1130061,26947,601818,29081,528243,0,0,45778,735146,0.096933,10109,196950,0.025969,45804,932096,0.122902,7584050
4,2021-01-30,37483,1167544,17074,618892,20409,548652,0,0,32244,762220,0.100503,5194,202144,0.026654,32268,964364,0.127157,7584050
4,2021-01-31,23794,1191338,12506,631398,11288,559940,0,0,22193,782841,0.103222,1586,203730,0.026863,22207,986571,0.130085,7584050
4,2021-02-01,48183,1239521,22729,654127,25454,585394,0,0,37911,810551,0.106876,10243,213973,0.028214,37953,1024524,0.135089,7584050
4,2021-02-02,55836,1295357,26338,680465,29498,614892,0,0,42149,839188,0.110652,13553,227526,0.030001,42190,1066714,0.140652,7584050
4,2021-02-03,61736,1357093,30348,710813,31388,646280,0,0,47560,872737,0.115075,14067,241593,0.031855,47616,1114330,0.146931,7584050
4,2021-02-04,67278,1424371,31386,742199,35892,682172,0,0,50638,906996,0.119593,16485,258078,0.034029,50744,1165074,0.153622,7584050
4,2021-02-05,72671,1497042,33685,775884,38986,721158,0,0,50777,936251,0.12345,21654,279732,0.036884,50909,1215983,0.160334,7584050
4,2021-02-06,48013,1545055,26007,801891,22006,743164,0,0,36591,961651,0.126799,11392,291124,0.038386,36792,1252775,0.165185,7584050
4,2021-02-07,26274,1571329,17341,819232,8933,752097,0,0,19909,975465,0.128621,6331,297455,0.039221,20145,1272920,0.167842,7584050
4,2021-02-08,58095,1629424,29819,849051,28276,780373,0,0,37856,993467,0.130994,20109,317564,0.041873,38111,1311031,0.172867,7584050
4,2021-02-09,66815,1696239,34020,883071,32795,813168,0,0,39295,1005704,0.132608,27456,345020,0.045493,39693,1350724,0.178101,7584050
4,2021-02-10,76863,1773102,38491,921562,38372,851540,0,0,40848,1011304,0.133346,35782,380802,0.050211,41382,1392106,0.183557,7584050
4,2021-02-11,80597,1853699,42026,963588,38571,890111,0,0,41794,1015168,0.133856,38589,419391,0.055299,42453,1434559,0.189155,7584050
4,2021-02-12,83749,1937448,37525,1001113,46224,936335,0,0,43236,1018845,0.13434,40342,459733,0.060618,44019,1478578,0.194959,7584050
4,2021-02-13,58309,1995757,29555,1030668,28754,965089,0,0,29808,1021155,0.134645,28386,488119,0.064361,30696,1509274,0.199006,7584050
4,2021-02-14,36631,2032388,19040,1049708,17591,982680,0,0,18830,1022882,0.134873,17757,505876,0.066703,19484,1528758,0.201575,7584050
4,2021-02-15,45809,2078197,21491,1071199,24318,1006998,0,0,23600,1025514,0.13522,22142,528018,0.069622,24774,1553532,0.204842,7584050
4,2021-02-16,79414,2157611,36356,1107555,43058,1050056,0,0,40597,1028593,0.135626,38724,566742,0.074728,41803,1595335,0.210354,7584050
4,2021-02-17,80661,2238272,38001,1145556,42660,1092716,0,0,38524,1026263,0.135319,41978,608720,0.080263,39648,1634983,0.215582,7584050
4,2021-02-18,82571,2320843,45442,1190998,37129,1129845,0,0,38372,1022064,0.134765,44040,652760,0.08607,39841,1674824,0.220835,7584050
4,2021-02-19,81587,2402430,51336,1242334,30251,1160096,0,0,40970,1023245,0.134921,40479,693239,0.091407,41660,1716484,0.226328,7584050
4,2021-02-20,48232,2450662,32210,1274544,16022,1176118,0,0,26411,1028577,0.135624,21764,715003,0.094277,27096,1743580,0.229901,7584050
4,2021-02-21,25748,2476410,20139,1294683,5609,1181727,0,0,11671,1026511,0.135351,14017,729020,0.096125,11951,1755531,0.231477,7584050
4,2021-02-22,52155,2528565,35902,1330585,16253,1197980,0,0,25359,1025595,0.135231,26711,755731,0.099647,25795,1781326,0.234878,7584050
4,2021-02-23,72347,2600912,39900,1370485,32447,1230427,0,0,31844,1018706,0.134322,40391,796122,0.104973,33502,1814828,0.239295,7584050
4,2021-02-24,87563,2688475,46107,1416592,41456,1271883,0,0,39763,1013005,0.13357,47607,843729,0.11125,41906,1856734,0.244821,7584050
4,2021-02-25,97869,2786344,50871,1467463,46998,1318881,0,0,47023,1011863,0.13342,50701,894430,0.117936,49559,1906293,0.251356,7584050
4,2021-02-26,103960,2890304,52384,1519847,51576,1370457,0,0,53769,1017998,0.134229,49965,944395,0.124524,56100,1962393,0.258753,7584050
4,2021-02-27,74763,2965067,40444,1560291,34313,1404770,6,6,39964,1024758,0.13512,34681,979076,0.129097,41441,2003834,0.264217,7584050
4,2021-02-28,44975,3010042,27869,1588160,17105,1421875,1,7,25056,1030905,0.135931,19788,998864,0.131706,25935,2029769,0.267637,7584050
4,2021-03-01,74564,3084606,43547,1631707,31002,1452877,15,22,41296,1040328,0.137173,33066,1031930,0.136066,42489,2072258,0.273239,7584050
4,2021-03-02,80653,3165259,44950,1676657,35699,1488576,4,26,47314,1056230,0.13927,33196,1065126,0.140443,49098,2121356,0.279713,7584050
4,2021-03-03,98032,3263291,51713,1728370,46308,1534884,11,37,54555,1069272,0.14099,43291,1108417,0.146151,56333,2177689,0.287141,7584050
4,2021-03-04,95511,3358802,52970,1781340,42527,1577411,14,51,52465,1080660,0.142491,42858,1151275,0.151802,54246,2231935,0.294293,7584050
4,2021-03-05,92374,3451176,49379,1830719,42683,1620094,312,363,54698,1100082,0.145052,37502,1188777,0.156747,56924,2288859,0.301799,7584050
4,2021-03-06,74872,3526048,41946,1872665,30326,1650420,2600,2963,45810,1120871,0.147793,28963,1217740,0.160566,49752,2338611,0.308359,7584050
4,2021-03-07,41474,3567522,26274,1898939,14041,1664461,1159,4122,24637,1130968,0.149125,16782,1234522,0.162779,26879,2365490,0.311903,7584050
4,2021-03-08,65053,3632575,33745,1932684,28139,1692600,3169,7291,42756,1156043,0.152431,22195,1256717,0.165705,47270,2412760,0.318136,7584050
4,2021-03-09,73747,3706322,34175,1966859,34478,1727078,5094,12385,38249,1165168,0.153634,35349,1292066,0.170366,44474,2457234,0.324,7584050
4,2021-03-10,88114,3794436,44687,2011546,36037,1763115,7390,19775,44128,1173839,0.154777,43823,1335889,0.176145,52494,2509728,0.330922,7584050
4,2021-03-11,99797,3894233,52501,2064047,38947,1802062,8349,28124,46285,1176289,0.1551,53316,1389205,0.183175,55766,2565494,0.338275,7584050
4,2021-03-12,103368,3997601,50898,2114945,42276,1844338,10194,38318,44317,1172916,0.154656,58837,1448042,0.190933,55464,2620958,0.345588,7584050
4,2021-03-13,79877,4077478,37152,2152097,34377,1878715,8348,46666,37566,1177794,0.155299,42197,1490239,0.196496,47075,2668033,0.351795,7584050
4,2021-03-14,49016,4126494,27910,2180007,17521,1896236,3585,50251,25142,1183358,0.156032,23800,1514039,0.199635,29364,2697397,0.355667,7584050
4,2021-03-15,82926,4209420,44403,2224410,34328,1930564,4195,54446,42865,1191395,0.157092,39865,1553904,0.204891,47902,2745299,0.361983,7584050
4,2021-03-16,106586,4316006,55342,2279752,47890,1978454,3354,57800,57339,1203749,0.158721,49041,1602945,0.211357,61395,2806694,0.370079,7584050
4,2021-03-17,105121,4421127,56492,2336244,45235,2023689,3394,61194,62070,1226957,0.161781,42831,1645776,0.217005,66039,2872733,0.378786,7584050
4,2021-03-18,105324,4526451,58308,2394552,43405,2067094,3611,64805,60598,1247116,0.164439,44491,1690267,0.222871,64650,2937383,0.387311,7584050
4,2021-03-19,109242,4635693,62514,2457066,41616,2108710,5112,69917,63379,1270361,0.167504,45656,1735923,0.228891,68901,3006284,0.396396,7584050
4,2021-03-20,82330,4718023,48074,2505140,31309,2140019,2947,72864,51510,1294422,0.170677,30708,1766631,0.23294,54769,3061053,0.403617,7584050
4,2021-03-21,47312,4765335,34235,2539375,10850,2150869,2227,75091,28886,1307556,0.172409,18333,1784964,0.235358,31467,3092520,0.407766,7584050
4,2021-03-22,81034,4846369,52976,2592351,25411,2176280,2647,77738,51645,1333355,0.17581,29207,1814171,0.239209,55006,3147526,0.415019,7584050
4,2021-03-23,103185,4949554,61519,2653870,39572,2215852,2094,79832,64568,1362174,0.17961,38375,1852546,0.244269,67194,3214720,0.423879,7584050
4,2021-03-24,112182,5061736,72461,2726331,37417,2253269,2304,82136,64499,1382140,0.182243,47295,1899841,0.250505,67261,3281981,0.432748,7584050
4,2021-03-25,115560,5177296,71170,2797501,42090,2295359,2300,84436,67282,1404336,0.18517,47868,1947709,0.256816,70064,3352045,0.441986,7584050
4,2021-03-26,118078,5295374,71636,2869137,43452,2338811,2990,87426,66259,1422669,0.187587,51518,1999227,0.263609,69851,3421896,0.451196,7584050
4,2021-03-27,90143,5385517,53365,2922502,34999,2373810,1779,89205,46923,1428824,0.188399,43030,2042257,0.269283,49185,3471081,0.457682,7584050
4,2021-03-28,54933,5440450,36140,2958642,17927,2391737,866,90071,30684,1436572,0.18942,24125,2066382,0.272464,31873,3502954,0.461884,7584050
4,2021-03-29,92363,5532813,55477,3014119,34871,2426608,2015,92086,51579,1450120,0.191207,40589,2106971,0.277816,54137,3557091,0.469023,7584050
4,2021-03-30,115897,5648710,63159,3077278,48647,2475255,4091,96177,74032,1487007,0.19607,41682,2148653,0.283312,78569,3635660,0.479382,7584050
4,2021-03-31,119570,5768280,70652,3147930,42719,2517974,6199,102376,69203,1512547,0.199438,50099,2198752,0.289918,75639,3711299,0.489356,7584050
4,2021-04-01,140568,5908848,80447,3228377,47250,2565224,12871,115247,83531,1552484,0.204704,56749,2255501,0.297401,96686,3807985,0.502104,7584050
4,2021-04-02,134618,6043466,72125,3300502,49320,2614544,13173,128420,78318,1588310,0.209428,56069,2311570,0.304794,91895,3899880,0.514221,7584050
4,2021-04-03,100000,6143466,53376,3353878,33481,2648025,13143,141563,52459,1606840,0.211871,47385,2358955,0.311042,65915,3965795,0.522913,7584050
4,2021-04-04,46561,6190027,24566,3378444,14533,2662558,7462,149025,20624,1609132,0.212173,25860,2384815,0.314451,28152,3993947,0.526625,7584050
4,2021-04-05,108265,6298292,61033,3439477,34598,2697156,12634,161659,56876,1628013,0.214663,51227,2436042,0.321206,70108,4064055,0.535869,7584050
4,2021-04-06,137491,6435783,77561,3517038,40369,2737525,19561,181220,71886,1654721,0.218184,65417,2501459,0.329832,92125,4156180,0.548016,7584050
4,2021-04-07,135843,6571626,77191,3594229,38199,2775724,20453,201673,70767,1681412,0.221704,64875,2566334,0.338386,91566,4247746,0.560089,7584050
4,2021-04-08,138119,6709745,77293,3671522,35727,2811451,25099,226772,68964,1707227,0.225108,68926,2635260,0.347474,94741,4342487,0.572582,7584050
4,2021-04-09,135616,6845361,74519,3746041,38488,2849939,22609,249381,65173,1725802,0.227557,70269,2705529,0.356739,88844,4431331,0.584296,7584050
4,2021-04-10,101846,6947207,50467,3796508,32872,2882811,18507,267888,46127,1735958,0.228896,55553,2761082,0.364064,65709,4497040,0.59296,7584050
4,2021-04-11,61831,7009038,37690,3834198,13041,2895852,11100,278988,27281,1740958,0.229555,34474,2795556,0.36861,39474,4536514,0.598165,7584050
4,2021-04-12,101425,7110463,61712,3895910,29796,2925648,9917,288905,51416,1753742,0.231241,49765,2845321,0.375172,62549,4599063,0.606413,7584050
4,2021-04-13,128806,7239269,80800,3976710,47854,2973502,152,289057,77436,1781033,0.234839,51147,2896468,0.381916,78438,4677501,0.616755,7584050
4,2021-04-14,133606,7372875,85179,4061889,48356,3021858,71,289128,74590,1798130,0.237094,58762,2955230,0.389664,75859,4753360,0.626757,7584050
4,2021-04-15,154071,7526946,102678,4164567,51359,3073217,34,289162,95217,1835548,0.242027,58567,3013797,0.397386,95985,4849345,0.639414,7584050
4,2021-04-16,141385,7668331,89864,4254431,51447,3124664,74,289236,82824,1860788,0.245355,58356,3072153,0.405081,83596,4932941,0.650436,7584050
4,2021-04-17,99464,7767795,62838,4317269,36618,3161282,8,289244,58510,1879683,0.247847,40743,3112896,0.410453,59638,4992579,0.6583,7584050
4,2021-04-18,53566,7821361,35912,4353181,17651,3178933,3,289247,30486,1888130,0.248961,22978,3135874,0.413483,31425,5024004,0.662443,7584050
4,2021-04-19,99753,7921114,65992,4419173,33749,3212682,12,289259,51179,1891510,0.249406,48392,3184266,0.419864,51772,5075776,0.66927,7584050
4,2021-04-20,126568,8047682,74297,4493470,52266,3264948,5,289264,66491,1899231,0.250424,59810,3244076,0.42775,67531,5143307,0.678174,7584050
4,2021-04-21,126645,8174327,81376,4574846,45220,3310168,49,289313,64180,1902252,0.250823,62202,3306278,0.435952,65223,5208530,0.686774,7584050
4,2021-04-22,136401,8310728,89962,4664808,46420,3356588,19,289332,61216,1889673,0.249164,74894,3381172,0.445827,62315,5270845,0.694991,7584050
4,2021-04-23,129811,8440539,84034,4748842,45756,3402344,21,289353,56530,1874344,0.247143,73002,3454174,0.455452,57673,5328518,0.702595,7584050
4,2021-04-24,96686,8537225,65644,4814486,30990,3433334,52,289405,44660,1868304,0.246346,51789,3505963,0.462281,45749,5374267,0.708628,7584050
4,2021-04-25,48883,8586108,34722,4849208,14137,3447471,24,289429,25666,1871305,0.246742,23114,3529077,0.465329,26115,5400382,0.712071,7584050
4,2021-04-26,83110,8669218,55061,4904269,27680,3475151,369,289798,32773,1855596,0.244671,50115,3579192,0.471937,34406,5434788,0.716608,7584050
4,2021-04-27,105171,8774389,64771,4969040,38614,3513765,1786,291584,38094,1829386,0.241215,66814,3646006,0.480747,40604,5475392,0.721961,7584050
4,2021-04-28,99063,8873452,64300,5033340,32296,3546061,2467,294051,35416,1804463,0.237929,63421,3709427,0.489109,38498,5513890,0.727038,7584050
4,2021-04-29,100376,8973828,63620,5096960,34279,3580340,2477,296528,31414,1770217,0.233413,68703,3778130,0.498168,34457,5548347,0.731581,7584050
4,2021-04-30,100824,9074652,63418,5160378,34780,3615120,2626,299154,34410,1741731,0.229657,66128,3844258,0.506887,37642,5585989,0.736544,7584050
4,2021-05-01,68070,9142722,45371,5205749,20948,3636068,1751,300905,19796,1715782,0.226236,48118,3892376,0.513232,22169,5608158,0.739467,7584050
4,2021-05-02,37136,9179858,26307,5232056,9560,3645628,1269,302174,10496,1701140,0.224305,26542,3918918,0.516732,11900,5620058,0.741037,7584050
4,2021-05-03,77469,9257327,54257,5286313,20770,3666398,2442,304616,19070,1664793,0.219512,58196,3977114,0.524405,21849,5641907,0.743917,7584050
4,2021-05-04,97831,9355158,66461,5352774,28654,3695052,2716,307332,22218,1614702,0.212908,75380,4052494,0.534344,25289,5667196,0.747252,7584050
4,2021-05-05,98557,9453715,69185,5421959,26667,3721719,2705,310037,21520,1562436,0.206016,76763,4129257,0.544466,24497,5691693,0.750482,7584050
4,2021-05-06,108378,9562093,81126,5503085,24367,3746086,2885,312922,19320,1497073,0.197398,88677,4217934,0.556159,23314,5715007,0.753556,7584050
4,2021-05-07,101937,9664030,73157,5576242,26124,3772210,2656,315578,20166,1438830,0.189718,81460,4299394,0.566899,23217,5738224,0.756617,7584050
4,2021-05-08,65795,9729825,45022,5621264,18921,3791131,1852,317430,13110,1401627,0.184812,52494,4351888,0.573821,15291,5753515,0.758634,7584050
4,2021-05-09,33131,9762956,27012,5648276,5185,3796316,934,318364,7819,1385256,0.182654,25212,4377100,0.577145,8841,5762356,0.759799,7584050
4,2021-05-10,61643,9824599,40981,5689257,18406,3814722,2256,320620,10742,1347814,0.177717,50739,4427839,0.583836,13297,5775653,0.761553,7584050
4,2021-05-11,75452,9900051,46048,5735305,27439,3842161,1965,322585,14760,1304460,0.172,60498,4488337,0.591813,17144,5792797,0.763813,7584050
4,2021-05-12,70918,9970969,46490,5781795,22260,3864421,2168,324753,15412,1267032,0.167065,55298,4543635,0.599104,17870,5810667,0.766169,7584050
4,2021-05-13,79410,10050379,56127,5837922,21969,3886390,1314,326067,29034,1247651,0.16451,50189,4593824,0.605722,30808,5841475,0.770232,7584050
4,2021-05-14,58304,10108683,39961,5877883,16986,3903376,1357,327424,20104,1231171,0.162337,38043,4631867,0.610738,21563,5863038,0.773075,7584050
