vemquartile,administered_date,total_doses,cumulative_total_doses,pfizer_doses,cumulative_pfizer_doses,moderna_doses,cumulative_moderna_doses,jj_doses,cumulative_jj_doses,partially_vaccinated,total_partially_vaccinated,pct_age12pop_partially_vaccinated,fully_vaccinated,cumulative_fully_vaccinated,pct_age12pop_fully_vaccinated,at_least_one_dose,cumulative_at_least_one_dose,pct_age12pop_at_least_one_dose,age12_population
1,2020-12-15,150,150,150,150,0,0,0,0,150,150,1.7e-05,0,0,0.0,150,150,1.7e-05,8700223
1,2020-12-16,1226,1376,1226,1376,0,0,0,0,1226,1376,0.000158,0,0,0.0,1226,1376,0.000158,8700223
1,2020-12-17,4184,5560,4184,5560,0,0,0,0,4185,5561,0.000639,0,0,0.0,4185,5561,0.000639,8700223
1,2020-12-18,6365,11925,6344,11904,21,21,0,0,6367,11927,0.001371,1,1,0.0,6367,11928,0.001371,8700223
1,2020-12-19,2883,14808,2880,14784,3,24,0,0,2882,14808,0.001702,1,2,0.0,2882,14810,0.001702,8700223
1,2020-12-20,2135,16943,2127,16911,8,32,0,0,2136,16944,0.001948,0,2,0.0,2136,16946,0.001948,8700223
1,2020-12-21,7661,24604,7645,24556,16,48,0,0,7710,24654,0.002834,1,3,0.0,7711,24657,0.002834,8700223
1,2020-12-22,7296,31900,6952,31508,344,392,0,0,7297,31949,0.003672,2,5,1e-06,7297,31954,0.003673,8700223
1,2020-12-23,7835,39735,6576,38084,1259,1651,0,0,7830,39778,0.004572,2,7,1e-06,7831,39785,0.004573,8700223
1,2020-12-24,3304,43039,2368,40452,936,2587,0,0,3306,43084,0.004952,0,7,1e-06,3306,43091,0.004953,8700223
1,2020-12-25,237,43276,153,40605,84,2671,0,0,237,43321,0.004979,0,7,1e-06,237,43328,0.00498,8700223
1,2020-12-26,1365,44641,970,41575,395,3066,0,0,1364,44684,0.005136,1,8,1e-06,1364,44692,0.005137,8700223
1,2020-12-27,872,45513,536,42111,336,3402,0,0,872,45555,0.005236,1,9,1e-06,872,45564,0.005237,8700223
1,2020-12-28,7098,52611,4762,46873,2336,5738,0,0,7096,52651,0.006052,0,9,1e-06,7096,52660,0.006053,8700223
1,2020-12-29,8899,61510,4983,51856,3916,9654,0,0,8895,61543,0.007074,3,12,1e-06,8895,61555,0.007075,8700223
1,2020-12-30,11584,73094,6445,58301,5139,14793,0,0,11584,73127,0.008405,0,12,1e-06,11584,73139,0.008407,8700223
1,2020-12-31,5971,79065,1954,60255,4017,18810,0,0,5969,79094,0.009091,3,15,2e-06,5970,79109,0.009093,8700223
1,2021-01-01,579,79644,206,60461,373,19183,0,0,577,79669,0.009157,2,17,2e-06,577,79686,0.009159,8700223
1,2021-01-02,2913,82557,1764,62225,1149,20332,0,0,2915,82584,0.009492,0,17,2e-06,2915,82601,0.009494,8700223
1,2021-01-03,1033,83590,545,62770,488,20820,0,0,1032,83614,0.009611,2,19,2e-06,1032,83633,0.009613,8700223
1,2021-01-04,7362,90952,3586,66356,3776,24596,0,0,7366,90979,0.010457,1,20,2e-06,7366,90999,0.010459,8700223
1,2021-01-05,10872,101824,5257,71613,5615,30211,0,0,10079,100305,0.011529,775,795,9.1e-05,10101,101100,0.01162,8700223
1,2021-01-06,14065,115889,7068,78681,6997,37208,0,0,12144,110577,0.01271,1883,2678,0.000308,12155,113255,0.013017,8700223
1,2021-01-07,17537,133426,9169,87850,8368,45576,0,0,13014,119172,0.013698,4429,7107,0.000817,13024,126279,0.014514,8700223
1,2021-01-08,20204,153630,10490,98340,9714,55290,0,0,14256,127504,0.014655,5932,13039,0.001499,14264,140543,0.016154,8700223
1,2021-01-09,6687,160317,3391,101731,3296,58586,0,0,4836,130500,0.015,1844,14883,0.001711,4840,145383,0.01671,8700223
1,2021-01-10,3091,163408,1765,103496,1326,59912,0,0,1896,131210,0.015081,1187,16070,0.001847,1897,147280,0.016928,8700223
1,2021-01-11,18093,181501,11853,115349,6240,66152,0,0,11543,136258,0.015661,6535,22605,0.002598,11583,158863,0.01826,8700223
1,2021-01-12,19148,200649,10932,126281,8216,74368,0,0,13155,143494,0.016493,5960,28565,0.003283,13196,172059,0.019776,8700223
1,2021-01-13,19883,220532,10746,137027,9137,83505,0,0,14724,153100,0.017597,5136,33701,0.003874,14742,186801,0.021471,8700223
1,2021-01-14,22149,242681,9524,146551,12625,96130,0,0,19388,169838,0.019521,2704,36405,0.004184,19442,206243,0.023705,8700223
1,2021-01-15,25231,267912,9250,155801,15981,112111,0,0,23284,191274,0.021985,1906,38311,0.004403,23342,229585,0.026388,8700223
1,2021-01-16,13904,281816,4549,160350,9355,121466,0,0,13035,203446,0.023384,866,39177,0.004503,13038,242623,0.027887,8700223
1,2021-01-17,5194,287010,2004,162354,3190,124656,0,0,4827,207912,0.023897,365,39542,0.004545,4831,247454,0.028442,8700223
1,2021-01-18,14330,301340,8593,170947,5737,130393,0,0,11144,215937,0.02482,3173,42715,0.00491,11198,258652,0.029729,8700223
1,2021-01-19,24749,326089,12776,183723,11973,142366,0,0,19599,230458,0.026489,5132,47847,0.0055,19653,278305,0.031988,8700223
1,2021-01-20,29513,355602,14753,198476,14760,157126,0,0,23592,248242,0.028533,5846,53693,0.006171,23630,301935,0.034704,8700223
1,2021-01-21,31283,386885,14585,213061,16698,173824,0,0,28009,273137,0.031394,3207,56900,0.00654,28102,330037,0.037934,8700223
1,2021-01-22,28408,415293,11243,224304,17165,190989,0,0,26345,297518,0.034197,1996,58896,0.006769,26377,356414,0.040966,8700223
1,2021-01-23,18752,434045,8209,232513,10543,201532,0,0,16792,312390,0.035906,1930,60826,0.006991,16802,373216,0.042897,8700223
1,2021-01-24,6677,440722,4160,236673,2517,204049,0,0,6022,317768,0.036524,650,61476,0.007066,6028,379244,0.04359,8700223
1,2021-01-25,25487,466209,10485,247158,15002,219051,0,0,19706,331842,0.038142,5736,67212,0.007725,19810,399054,0.045867,8700223
1,2021-01-26,28739,494948,13373,260531,15366,234417,0,0,22053,347290,0.039917,6625,73837,0.008487,22073,421127,0.048404,8700223
1,2021-01-27,32588,527536,15424,275955,17164,251581,0,0,24455,363711,0.041805,8066,81903,0.009414,24487,445614,0.051219,8700223
1,2021-01-28,34893,562429,16300,292255,18593,270174,0,0,27950,384850,0.044234,6876,88779,0.010204,28015,473629,0.054439,8700223
1,2021-01-29,33605,596034,16327,308582,17278,287452,0,0,27039,405508,0.046609,6418,95197,0.010942,27076,500705,0.057551,8700223
1,2021-01-30,20099,616133,8655,317237,11444,298896,0,0,17991,421428,0.048439,2081,97278,0.011181,18001,518706,0.05962,8700223
1,2021-01-31,7541,623674,4860,322097,2681,301577,0,0,6832,427556,0.049143,706,97984,0.011262,6834,525540,0.060405,8700223
1,2021-02-01,28933,652607,12475,334572,16458,318035,0,0,21155,440989,0.050687,7727,105711,0.01215,21160,546700,0.062837,8700223
1,2021-02-02,32618,685225,11726,346298,20892,338927,0,0,24383,457256,0.052557,8152,113863,0.013087,24419,571119,0.065644,8700223
1,2021-02-03,39534,724759,15083,361381,24451,363378,0,0,28467,474855,0.05458,10905,124768,0.014341,28504,599623,0.06892,8700223
1,2021-02-04,44017,768776,17083,378464,26934,390312,0,0,31764,494538,0.056842,12129,136897,0.015735,31812,631435,0.072577,8700223
1,2021-02-05,46942,815718,17311,395775,29631,419943,0,0,30721,509242,0.058532,16075,152972,0.017583,30779,662214,0.076115,8700223
1,2021-02-06,26506,842224,10442,406217,16064,436007,0,0,20594,523982,0.060226,5871,158843,0.018257,20611,682825,0.078484,8700223
1,2021-02-07,6233,848457,3999,410216,2234,438241,0,0,4620,527028,0.060576,1592,160435,0.01844,4638,687463,0.079017,8700223
1,2021-02-08,31393,879850,14199,424415,17194,455435,0,0,20876,537559,0.061787,10441,170876,0.01964,20972,708435,0.081427,8700223
1,2021-02-09,38481,918331,16781,441196,21700,477135,0,0,23707,546599,0.062826,14744,185620,0.021335,23784,732219,0.084161,8700223
1,2021-02-10,47182,965513,22060,463256,25122,502257,0,0,26778,553155,0.063579,20300,205920,0.023668,26856,759075,0.087248,8700223
1,2021-02-11,51757,1017270,25273,488529,26484,528741,0,0,30895,563623,0.064783,20532,226452,0.026028,31000,790075,0.090811,8700223
1,2021-02-12,50141,1067411,21461,509990,28680,557421,0,0,28793,571341,0.06567,21214,247666,0.028467,28932,819007,0.094136,8700223
1,2021-02-13,26360,1093771,11529,521519,14831,572252,0,0,15232,575590,0.066158,11059,258725,0.029738,15308,834315,0.095896,8700223
1,2021-02-14,11753,1105524,5542,527061,6211,578463,0,0,6682,577295,0.066354,5042,263767,0.030317,6747,841062,0.096671,8700223
1,2021-02-15,23840,1129364,9368,536429,14472,592935,0,0,14506,582699,0.066975,9216,272983,0.031377,14620,855682,0.098352,8700223
1,2021-02-16,47153,1176517,22326,558755,24827,617762,0,0,27562,590863,0.067914,19509,292492,0.033619,27673,883355,0.101532,8700223
1,2021-02-17,48396,1224913,24403,583158,23993,641755,0,0,26136,595041,0.068394,22106,314598,0.03616,26284,909639,0.104554,8700223
1,2021-02-18,51221,1276134,25430,608588,25791,667546,0,0,26606,597500,0.068676,24377,338975,0.038962,26836,936475,0.107638,8700223
1,2021-02-19,46523,1322657,25089,633677,21434,688980,0,0,26148,603485,0.069364,20226,359201,0.041286,26211,962686,0.110651,8700223
1,2021-02-20,27516,1350173,16738,650415,10778,699758,0,0,15760,607626,0.06984,11695,370896,0.042631,15836,978522,0.112471,8700223
1,2021-02-21,12227,1362400,10522,660937,1705,701463,0,0,7423,610351,0.070153,4748,375644,0.043176,7473,985995,0.11333,8700223
1,2021-02-22,31527,1393927,20686,681623,10841,712304,0,0,18165,615343,0.070727,13274,388918,0.044702,18266,1004261,0.115429,8700223
1,2021-02-23,45475,1439402,21901,703524,23574,735878,0,0,24991,620498,0.07132,20198,409116,0.047024,25353,1029614,0.118343,8700223
1,2021-02-24,55491,1494893,26754,730278,28737,764615,0,0,30598,626848,0.07205,24700,433816,0.049863,31050,1060664,0.121912,8700223
1,2021-02-25,67808,1562701,32827,763105,34981,799596,0,0,41991,643677,0.073984,25661,459477,0.052812,42490,1103154,0.126796,8700223
1,2021-02-26,75439,1638140,35272,798377,40167,839763,0,0,49429,667783,0.076755,25798,485275,0.055777,49904,1153058,0.132532,8700223
1,2021-02-27,51454,1689594,23528,821905,27917,867680,9,9,33898,684535,0.07868,17420,502695,0.05778,34172,1187230,0.13646,8700223
1,2021-02-28,19538,1709132,11566,833471,7970,875650,2,11,14378,693967,0.079764,5088,507783,0.058364,14520,1201750,0.138129,8700223
1,2021-03-01,44713,1753845,20475,853946,24199,899849,39,50,28854,707406,0.081309,15689,523472,0.060168,29128,1230878,0.141477,8700223
1,2021-03-02,62603,1816448,27242,881188,35353,935202,8,58,40381,726339,0.083485,22075,545547,0.062705,41008,1271886,0.14619,8700223
1,2021-03-03,70307,1886755,33599,914787,36685,971887,23,81,43074,742958,0.085395,27072,572619,0.065817,43691,1315577,0.151212,8700223
1,2021-03-04,78711,1965466,37058,951845,41618,1013505,35,116,50883,766741,0.088129,27646,600265,0.068994,51429,1367006,0.157123,8700223
1,2021-03-05,77886,2043352,35271,987116,42409,1055914,206,322,52249,794423,0.091311,25401,625666,0.071914,53083,1420089,0.163224,8700223
1,2021-03-06,57470,2100822,27445,1014561,28673,1084587,1352,1674,39112,816967,0.093902,18282,643948,0.074015,40826,1460915,0.167917,8700223
1,2021-03-07,20843,2121665,12961,1027522,6697,1091284,1185,2859,15411,828409,0.095217,5408,649356,0.074637,16850,1477765,0.169854,8700223
1,2021-03-08,45951,2167616,22502,1050024,21498,1112782,1951,4810,32245,849332,0.097622,13608,662964,0.076201,34531,1512296,0.173823,8700223
1,2021-03-09,66721,2234337,32204,1082228,32015,1144797,2502,7312,41075,867748,0.099739,25502,688466,0.079132,43918,1556214,0.178871,8700223
1,2021-03-10,73631,2307968,36662,1118890,32501,1177298,4468,11780,45338,889732,0.102265,28188,716654,0.082372,50172,1606386,0.184637,8700223
1,2021-03-11,90169,2398137,41339,1160229,40823,1218121,8007,19787,52543,913345,0.104979,37397,754051,0.08667,61010,1667396,0.19165,8700223
1,2021-03-12,98910,2497047,43568,1203797,42915,1261036,12427,32214,57785,943101,0.1084,40915,794966,0.091373,70671,1738067,0.199773,8700223
1,2021-03-13,65313,2562360,29500,1233297,28043,1289079,7770,39984,41576,969167,0.111396,23608,818574,0.094087,49674,1787741,0.205482,8700223
1,2021-03-14,27869,2590229,14917,1248214,9377,1298456,3575,43559,15603,976342,0.11222,12196,830770,0.095488,19371,1807112,0.207709,8700223
1,2021-03-15,65315,2655544,28766,1276980,29814,1328270,6735,50294,38443,995226,0.114391,26658,857428,0.098552,45542,1852654,0.212943,8700223
1,2021-03-16,85805,2741349,39072,1316052,41085,1369355,5648,55942,53191,1022034,0.117472,32392,889820,0.102276,59200,1911854,0.219748,8700223
1,2021-03-17,92972,2834321,45307,1361359,41095,1410450,6570,62512,59770,1055759,0.121348,32980,922800,0.106066,66705,1978559,0.227415,8700223
1,2021-03-18,98828,2933149,50909,1412268,42179,1452629,5740,68252,59880,1083276,0.124511,38597,961397,0.110503,66114,2044673,0.235014,8700223
1,2021-03-19,103628,3036777,53675,1465943,43645,1496274,6308,74560,60692,1108140,0.127369,42650,1004047,0.115405,67514,2112187,0.242774,8700223
1,2021-03-20,72425,3109202,37180,1503123,29981,1526255,5264,79824,46571,1134580,0.130408,25674,1029721,0.118356,52114,2164301,0.248764,8700223
1,2021-03-21,27212,3136414,19001,1522124,6393,1532648,1818,81642,17078,1143529,0.131437,10044,1039765,0.11951,18993,2183294,0.250947,8700223
1,2021-03-22,59279,3195693,30563,1552687,25439,1558087,3277,84919,40114,1168351,0.13429,18944,1058709,0.121688,43766,2227060,0.255977,8700223
1,2021-03-23,83083,3278776,42264,1594951,37198,1595285,3621,88540,51255,1192102,0.13702,31588,1090297,0.125318,55339,2282399,0.262338,8700223
1,2021-03-24,87971,3366747,44542,1639493,39067,1634352,4362,92902,52666,1214281,0.139569,35018,1125315,0.129343,57197,2339596,0.268912,8700223
1,2021-03-25,96774,3463521,49439,1688932,41500,1675852,5835,98737,53866,1231612,0.141561,42581,1167896,0.134237,59912,2399508,0.275798,8700223
1,2021-03-26,104532,3568053,51020,1739952,47171,1723023,6341,105078,56101,1246277,0.143247,48076,1215972,0.139763,62741,2462249,0.28301,8700223
1,2021-03-27,74024,3642077,38215,1778167,31617,1754640,4192,109270,38203,1253279,0.144051,35596,1251568,0.143855,42598,2504847,0.287906,8700223
1,2021-03-28,32634,3674711,21367,1799534,10053,1764693,1214,110484,16459,1255330,0.144287,16071,1267639,0.145702,18122,2522969,0.289989,8700223
1,2021-03-29,67070,3741781,33325,1832859,30578,1795271,3167,113651,37130,1266087,0.145524,29745,1297384,0.149121,40502,2563471,0.294644,8700223
1,2021-03-30,91885,3833666,45290,1878149,40213,1835484,6382,120033,47311,1275492,0.146605,44378,1341762,0.154222,53783,2617254,0.300826,8700223
1,2021-03-31,100641,3934307,52600,1930749,41883,1877367,6158,126191,55261,1291904,0.148491,45073,1386835,0.159402,61485,2678739,0.307893,8700223
1,2021-04-01,111742,4046049,53503,1984252,49459,1926826,8780,134971,56996,1303408,0.149813,54324,1441159,0.165646,65828,2744567,0.315459,8700223
1,2021-04-02,111200,4157249,50905,2035157,50608,1977434,9687,144658,56451,1315426,0.151195,54324,1495483,0.17189,66342,2810909,0.323085,8700223
1,2021-04-03,77999,4235248,39251,2074408,29115,2006549,9633,154291,36482,1320273,0.151752,41336,1536819,0.176641,46183,2857092,0.328393,8700223
1,2021-04-04,23753,4259001,11829,2086237,8460,2015009,3464,157755,9941,1319920,0.151711,13748,1550567,0.178222,13395,2870487,0.329933,8700223
1,2021-04-05,76416,4335417,36824,2123061,30318,2045327,9274,167029,34400,1321951,0.151944,41818,1592385,0.183028,43849,2914336,0.334973,8700223
1,2021-04-06,103681,4439098,49221,2172282,37855,2083182,16605,183634,46810,1328818,0.152734,56586,1648971,0.189532,63453,2977789,0.342266,8700223
1,2021-04-07,111728,4550826,54346,2226628,39859,2123041,17523,201157,50359,1335661,0.15352,61065,1710036,0.196551,67908,3045697,0.350071,8700223
1,2021-04-08,122145,4672971,57865,2284493,43335,2166376,20945,222102,53971,1342881,0.15435,67762,1777798,0.204339,74982,3120679,0.35869,8700223
1,2021-04-09,123449,4796420,56460,2340953,46231,2212607,20758,242860,54242,1349100,0.155065,68838,1846636,0.212252,75057,3195736,0.367317,8700223
1,2021-04-10,95516,4891936,42469,2383422,30352,2242959,22695,265555,37275,1351013,0.155285,58034,1904670,0.218922,59947,3255683,0.374207,8700223
1,2021-04-11,36408,4928344,20315,2403737,9388,2252347,6705,272260,14815,1351108,0.155296,21532,1926202,0.221397,21627,3277310,0.376693,8700223
1,2021-04-12,74257,5002601,33228,2436965,31048,2283395,9981,282241,31411,1350096,0.155179,42559,1968761,0.226289,41547,3318857,0.381468,8700223
1,2021-04-13,97158,5099759,52045,2489010,44774,2328169,339,282580,52465,1358842,0.156185,44402,2013163,0.231392,53148,3372005,0.387577,8700223
1,2021-04-14,104913,5204672,54362,2543372,50480,2378649,71,282651,53405,1361542,0.156495,51148,2064311,0.237271,53848,3425853,0.393766,8700223
1,2021-04-15,106177,5310849,57764,2601136,48322,2426971,91,282742,56750,1369712,0.157434,48842,2113153,0.242885,57012,3482865,0.400319,8700223
1,2021-04-16,110640,5421489,56794,2657930,53758,2480729,88,282830,55433,1370733,0.157551,54684,2167837,0.24917,55705,3538570,0.406722,8700223
1,2021-04-17,83489,5504978,45325,2703255,38153,2518882,11,282841,46834,1381315,0.158768,36425,2204262,0.253357,47007,3585577,0.412125,8700223
1,2021-04-18,30154,5535132,20398,2723653,9749,2528631,7,282848,15225,1381907,0.158836,14841,2219103,0.255063,15433,3601010,0.413899,8700223
1,2021-04-19,67167,5602299,34010,2757663,33144,2561775,13,282861,30543,1376318,0.158193,36273,2255376,0.259232,30684,3631694,0.417425,8700223
1,2021-04-20,88398,5690697,44564,2802227,43810,2605585,24,282885,41645,1371776,0.157671,46413,2301789,0.264567,41871,3673565,0.422238,8700223
1,2021-04-21,97310,5788007,50744,2852971,46468,2652053,98,282983,43772,1362887,0.15665,52992,2354781,0.270658,44103,3717668,0.427307,8700223
1,2021-04-22,96765,5884772,50471,2903442,46278,2698331,16,282999,44471,1355786,0.155833,51807,2406588,0.276612,44706,3762374,0.432446,8700223
1,2021-04-23,101392,5986164,52316,2955758,49050,2747381,26,283025,48514,1352163,0.155417,52390,2458978,0.282634,48767,3811141,0.438051,8700223
1,2021-04-24,75450,6061614,46738,3002496,28687,2776068,25,283050,42677,1362458,0.1566,32661,2491639,0.286388,42956,3854097,0.442988,8700223
1,2021-04-25,26989,6088603,17184,3019680,9791,2785859,14,283064,15422,1366577,0.157074,11456,2503095,0.287705,15575,3869672,0.444778,8700223
1,2021-04-26,65976,6154579,34661,3054341,30914,2816773,401,283465,31502,1364641,0.156851,34177,2537272,0.291633,32241,3901913,0.448484,8700223
1,2021-04-27,81199,6235778,43149,3097490,36753,2853526,1297,284762,35540,1356441,0.155909,45380,2582652,0.296849,37180,3939093,0.452758,8700223
1,2021-04-28,80778,6316556,42989,3140479,36298,2889824,1491,286253,35714,1349142,0.15507,44733,2627385,0.301991,37434,3976527,0.45706,8700223
1,2021-04-29,83868,6400424,46148,3186627,36115,2925939,1605,287858,34676,1336729,0.153643,48853,2676238,0.307606,36440,4012967,0.461249,8700223
1,2021-04-30,91483,6491907,49621,3236248,40004,2965943,1858,289716,38680,1324945,0.152289,52490,2728728,0.313639,40706,4053673,0.465927,8700223
1,2021-05-01,62303,6554210,40224,3276472,20662,2986605,1417,291133,26319,1317139,0.151391,35760,2764488,0.317749,27954,4081627,0.469141,8700223
1,2021-05-02,23246,6577456,16423,3292895,6246,2992851,577,291710,9405,1313415,0.150963,13735,2778223,0.319328,10011,4091638,0.470291,8700223
1,2021-05-03,55599,6633055,30747,3323642,23016,3015867,1836,293546,20572,1301084,0.149546,34795,2813018,0.323327,22464,4114102,0.472873,8700223
1,2021-05-04,75002,6708057,43176,3366818,29742,3045609,2084,295630,27281,1283103,0.147479,47434,2860452,0.328779,29453,4143555,0.476258,8700223
1,2021-05-05,77249,6785306,44811,3411629,30148,3075757,2290,297920,26449,1261449,0.14499,50476,2910928,0.334581,28822,4172377,0.479571,8700223
1,2021-05-06,78422,6863728,47484,3459113,28771,3104528,2167,300087,24647,1235010,0.141952,53409,2964337,0.34072,26970,4199347,0.482671,8700223
1,2021-05-07,82510,6946238,46919,3506032,33395,3137923,2196,302283,27742,1210662,0.139153,54351,3018688,0.346967,30003,4229350,0.48612,8700223
1,2021-05-08,56636,7002874,35553,3541585,19448,3157371,1635,303918,19366,1194812,0.137331,36945,3055633,0.351213,21095,4250445,0.488544,8700223
1,2021-05-09,18165,7021039,13062,3554647,4626,3161997,477,304395,5562,1188358,0.136589,12528,3068161,0.352653,6074,4256519,0.489243,8700223
1,2021-05-10,43754,7064793,22093,3576740,19854,3181851,1807,306202,14843,1176453,0.135221,28647,3096808,0.355946,16742,4273261,0.491167,8700223
1,2021-05-11,61720,7126513,33478,3610218,26100,3207951,2142,308344,20465,1158190,0.133122,40988,3137796,0.360657,22725,4295986,0.493779,8700223
1,2021-05-12,62225,7188738,33144,3643362,27069,3235020,2012,310356,20492,1139337,0.130955,41427,3179223,0.365419,22574,4318560,0.496373,8700223
1,2021-05-13,66272,7255010,38871,3682233,25414,3260434,1987,312343,25259,1126221,0.129447,40640,3219863,0.37009,27524,4346084,0.499537,8700223
1,2021-05-14,75852,7330862,45724,3727957,27743,3288177,2385,314728,30731,1114881,0.128144,44735,3264598,0.375232,33395,4379479,0.503375,8700223
1,2021-05-15,65924,7396786,43267,3771224,20919,3309096,1738,316466,26319,1103685,0.126857,39322,3303920,0.379751,28126,4407605,0.506608,8700223
1,2021-05-16,24878,7421664,18321,3789545,5937,3315033,620,317086,10218,1100018,0.126436,14551,3318471,0.381424,10884,4418489,0.507859,8700223
1,2021-05-17,53905,7475569,32973,3822518,19171,3334204,1761,318847,22942,1094069,0.125752,30711,3349182,0.384954,24762,4443251,0.510705,8700223
1,2021-05-18,64740,7540309,39020,3861538,23902,3358106,1818,320665,28123,1087747,0.125025,36348,3385530,0.389131,30026,4473277,0.514157,8700223
1,2021-05-19,66100,7606409,40266,3901804,23911,3382017,1923,322588,29539,1083011,0.124481,36285,3421815,0.393302,31549,4504826,0.517783,8700223
1,2021-05-20,63939,7670348,37092,3938896,24662,3406679,2185,324773,26319,1074433,0.123495,37286,3459101,0.397588,28708,4533534,0.521083,8700223
1,2021-05-21,69736,7740084,41693,3980589,26194,3432873,1849,326622,28862,1064773,0.122385,40471,3499572,0.402239,30811,4564345,0.524624,8700223
1,2021-05-22,55656,7795740,36607,4017196,17334,3450207,1715,328337,24341,1059868,0.121821,31059,3530631,0.405809,26154,4590499,0.52763,8700223
1,2021-05-23,20406,7816146,14244,4031440,5574,3455781,588,328925,9479,1059134,0.121736,10825,3541456,0.407053,10091,4600590,0.52879,8700223
1,2021-05-24,43568,7859714,24325,4055765,17423,3473204,1820,330745,17700,1053116,0.121045,25621,3567077,0.409998,19603,4620193,0.531043,8700223
1,2021-05-25,50677,7910391,29177,4084942,19827,3493031,1673,332418,21040,1046571,0.120292,29357,3596434,0.413373,22812,4643005,0.533665,8700223
1,2021-05-26,48280,7958671,27385,4112327,19004,3512035,1891,334309,20513,1041554,0.119716,27469,3623903,0.41653,22452,4665457,0.536246,8700223
1,2021-05-27,46821,8005492,26280,4138607,18645,3530680,1896,336205,20126,1037278,0.119224,26415,3650318,0.419566,22139,4687596,0.53879,8700223
1,2021-05-28,52186,8057678,29053,4167660,21326,3552006,1807,338012,23389,1034120,0.118861,28479,3678797,0.422839,25321,4712917,0.541701,8700223
1,2021-05-29,30563,8088241,18515,4186175,11085,3563091,963,338975,14633,1033991,0.118846,15780,3694577,0.424653,15651,4728568,0.5435,8700223
1,2021-05-30,11608,8099849,7487,4193662,3571,3566662,550,339525,5496,1034019,0.11885,6042,3700619,0.425348,6070,4734638,0.544197,8700223
1,2021-05-31,5691,8105540,3247,4196909,2194,3568856,250,339775,1989,1032626,0.11869,3645,3704264,0.425767,2252,4736890,0.544456,8700223
1,2021-06-01,45684,8151224,25828,4222737,18298,3587154,1558,341333,17354,1023590,0.117651,28026,3732290,0.428988,18990,4755880,0.546639,8700223
1,2021-06-02,39845,8191069,23121,4245858,15220,3602374,1504,342837,16079,1017767,0.116982,23479,3755769,0.431687,17656,4773536,0.548668,8700223
1,2021-06-03,41201,8232270,25812,4271670,13701,3616075,1688,344525,15789,1010200,0.116112,25116,3780885,0.434573,17549,4791085,0.550685,8700223
1,2021-06-04,50004,8282274,32012,4303682,16192,3632267,1800,346325,17919,998247,0.114738,31749,3812634,0.438223,19796,4810881,0.552961,8700223
1,2021-06-05,40214,8322488,27453,4331135,10772,3643039,1989,348314,14205,988700,0.113641,25797,3838431,0.441188,16250,4827131,0.554828,8700223
1,2021-06-06,13138,8335626,10522,4341657,2114,3645153,502,348816,4576,985357,0.113257,8482,3846913,0.442163,5139,4832270,0.555419,8700223
1,2021-06-07,33904,8369530,23390,4365047,9168,3654321,1346,350162,12075,977201,0.112319,21629,3868542,0.444649,13473,4845743,0.556968,8700223
1,2021-06-08,42137,8411667,29171,4394218,11327,3665648,1639,351801,14700,966468,0.111085,27169,3895711,0.447771,16436,4862179,0.558857,8700223
1,2021-06-09,42072,8453739,29201,4423419,11245,3676893,1626,353427,13763,953914,0.109642,28007,3923718,0.450991,15453,4877632,0.560633,8700223
1,2021-06-10,38921,8492660,26247,4449666,10999,3687892,1675,355102,13388,943801,0.10848,25287,3949005,0.453897,15174,4892806,0.562377,8700223
1,2021-06-11,43585,8536245,28876,4478542,13049,3700941,1660,356762,15427,933112,0.107252,27863,3976868,0.4571,17174,4909980,0.564351,8700223
1,2021-06-12,33623,8569868,24342,4502884,8087,3709028,1194,357956,11089,923142,0.106106,22325,3999193,0.459666,12355,4922335,0.565771,8700223
1,2021-06-13,11624,8581492,8433,4511317,2708,3711736,483,358439,3388,918880,0.105616,8169,4007362,0.460605,3907,4926242,0.56622,8700223
1,2021-06-14,30819,8612311,20751,4532068,8771,3720507,1297,359736,11547,912688,0.104904,19077,4026439,0.462797,12885,4939127,0.567701,8700223
1,2021-06-15,37090,8649401,24332,4556400,10910,3731417,1848,361584,13753,905318,0.104057,23075,4049514,0.465449,15705,4954832,0.569506,8700223
1,2021-06-16,35265,8684666,23808,4580208,9622,3741039,1835,363419,13211,898628,0.103288,21800,4071314,0.467955,15110,4969942,0.571243,8700223
1,2021-06-17,33437,8718103,22093,4602301,9385,3750424,1959,365378,13070,893626,0.102713,20132,4091446,0.470269,15130,4985072,0.572982,8700223
1,2021-06-18,39232,8757335,25464,4627765,10928,3761352,2840,368218,15219,887995,0.102066,23752,4115198,0.472999,18121,5003193,0.575065,8700223
1,2021-06-19,23753,8781088,16478,4644243,6078,3767430,1197,369415,9750,885135,0.101737,13840,4129038,0.47459,10980,5014173,0.576327,8700223
1,2021-06-20,8116,8789204,5942,4650185,1899,3769329,275,369690,3227,883822,0.101586,4826,4133864,0.475145,3513,5017686,0.576731,8700223
1,2021-06-21,20851,8810055,11820,4662005,6848,3776177,2183,371873,10868,887058,0.101958,9873,4143737,0.476279,13109,5030795,0.578237,8700223
1,2021-06-22,30603,8840658,19995,4682000,8489,3784666,2119,373992,12859,884574,0.101673,17541,4161278,0.478296,15057,5045852,0.579968,8700223
1,2021-06-23,29186,8869844,19591,4701591,7783,3792449,1812,375804,12766,882960,0.101487,16225,4177503,0.48016,14611,5060463,0.581648,8700223
1,2021-06-24,28071,8897915,18724,4720315,7700,3800149,1647,377451,11901,880597,0.101215,15977,4193480,0.481997,13614,5074077,0.583212,8700223
1,2021-06-25,31471,8929386,21337,4741652,8730,3808879,1404,378855,13833,878475,0.100972,17413,4210893,0.483998,15291,5089368,0.58497,8700223
1,2021-06-26,22126,8951512,16426,4758078,4888,3813767,812,379667,9655,876637,0.10076,12355,4223248,0.485418,10517,5099885,0.586179,8700223
1,2021-06-27,9099,8960611,6765,4764843,1905,3815672,429,380096,4055,876156,0.100705,4981,4228229,0.485991,4500,5104385,0.586696,8700223
1,2021-06-28,20970,8981581,15567,4780410,4141,3819813,1262,381358,9708,876102,0.100699,11079,4239308,0.487264,11025,5115410,0.587963,8700223
1,2021-06-29,26336,9007917,18002,4798412,6972,3826785,1362,382720,11584,874526,0.100518,14583,4253891,0.48894,13007,5128417,0.589458,8700223
1,2021-06-30,25555,9033472,17702,4816114,6823,3833608,1030,383750,12126,874530,0.100518,13222,4267113,0.49046,13226,5141643,0.590978,8700223
1,2021-07-01,23313,9056785,16233,4832347,5830,3839438,1250,385000,10789,874264,0.100488,12380,4279493,0.491883,12114,5153757,0.592371,8700223
1,2021-07-02,26039,9082824,17868,4850215,7147,3846585,1024,386024,12254,874022,0.10046,13600,4293093,0.493446,13358,5167115,0.593906,8700223
1,2021-07-03,14452,9097276,10103,4860318,3917,3850502,432,386456,6846,873854,0.10044,7481,4300574,0.494306,7313,5174428,0.594747,8700223
1,2021-07-04,1258,9098534,707,4861025,486,3850988,65,386521,606,873887,0.100444,644,4301218,0.49438,677,5175105,0.594824,8700223
1,2021-07-05,10909,9109443,7526,4868551,3021,3854009,362,386883,5197,873838,0.100439,5651,4306869,0.49503,5602,5180707,0.595468,8700223
1,2021-07-06,26735,9136178,18897,4887448,6719,3860728,1119,388002,10683,869869,0.099982,15874,4322743,0.496854,11905,5192612,0.596837,8700223
1,2021-07-07,23075,9159253,16189,4903637,5820,3866548,1066,389068,9935,867989,0.099766,12971,4335714,0.498345,11091,5203703,0.598111,8700223
1,2021-07-08,21250,9180503,14732,4918369,5593,3872141,925,389993,9227,866310,0.099573,11895,4347609,0.499712,10216,5213919,0.599286,8700223
1,2021-07-09,24448,9204951,17357,4935726,6221,3878362,870,390863,11133,865176,0.099443,13151,4360760,0.501224,12017,5225936,0.600667,8700223
1,2021-07-10,15140,9220091,10947,4946673,3636,3881998,557,391420,6756,864252,0.099337,8279,4369039,0.502176,7355,5233291,0.601512,8700223
1,2021-07-11,6364,9226455,4623,4951296,1558,3883556,183,391603,3048,864223,0.099333,3268,4372307,0.502551,3239,5236530,0.601885,8700223
1,2021-07-12,13924,9240379,9568,4960864,3807,3887363,549,392152,5885,862719,0.099161,7947,4380254,0.503465,6443,5242973,0.602625,8700223
2,2020-12-15,244,244,244,244,0,0,0,0,244,244,2.9e-05,0,0,0.0,244,244,2.9e-05,8407551
2,2020-12-16,2129,2373,2129,2373,0,0,0,0,2128,2372,0.000282,0,0,0.0,2128,2372,0.000282,8407551
2,2020-12-17,6852,9225,6852,9225,0,0,0,0,6853,9225,0.001097,0,0,0.0,6853,9225,0.001097,8407551
2,2020-12-18,11098,20323,11078,20303,20,20,0,0,11098,20323,0.002417,0,0,0.0,11098,20323,0.002417,8407551
2,2020-12-19,5623,25946,5617,25920,6,26,0,0,5624,25947,0.003086,0,0,0.0,5624,25947,0.003086,8407551
2,2020-12-20,4255,30201,4245,30165,10,36,0,0,4250,30196,0.003592,1,1,0.0,4250,30197,0.003592,8407551
2,2020-12-21,12787,42988,12760,42925,27,63,0,0,12742,42938,0.005107,0,1,0.0,12742,42939,0.005107,8407551
2,2020-12-22,12158,55146,11646,54571,512,575,0,0,12157,55095,0.006553,0,1,0.0,12157,55096,0.006553,8407551
2,2020-12-23,11716,66862,9498,64069,2218,2793,0,0,11718,66813,0.007947,1,2,0.0,11719,66815,0.007947,8407551
2,2020-12-24,5907,72769,3498,67567,2409,5202,0,0,5903,72715,0.008649,3,5,1e-06,5905,72720,0.008649,8407551
2,2020-12-25,484,73253,406,67973,78,5280,0,0,486,73201,0.008707,0,5,1e-06,486,73206,0.008707,8407551
2,2020-12-26,2561,75814,1668,69641,893,6173,0,0,2562,75762,0.009011,1,6,1e-06,2562,75768,0.009012,8407551
2,2020-12-27,2229,78043,1213,70854,1016,7189,0,0,2226,77986,0.009276,2,8,1e-06,2226,77994,0.009277,8407551
2,2020-12-28,11035,89078,7172,78026,3863,11052,0,0,11035,89020,0.010588,1,9,1e-06,11035,89029,0.010589,8407551
2,2020-12-29,12727,101805,7147,85173,5580,16632,0,0,12731,101751,0.012102,0,9,1e-06,12731,101760,0.012103,8407551
2,2020-12-30,15433,117238,8658,93831,6775,23407,0,0,15428,117176,0.013937,5,14,2e-06,15430,117190,0.013939,8407551
2,2020-12-31,7586,124824,2827,96658,4759,28166,0,0,7580,124751,0.014838,5,19,2e-06,7580,124770,0.01484,8407551
2,2021-01-01,1205,126029,597,97255,608,28774,0,0,1206,125954,0.014981,3,22,3e-06,1206,125976,0.014984,8407551
2,2021-01-02,4850,130879,2767,100022,2083,30857,0,0,4845,130797,0.015557,2,24,3e-06,4845,130821,0.01556,8407551
2,2021-01-03,1407,132286,792,100814,615,31472,0,0,1400,132194,0.015723,3,27,3e-06,1400,132221,0.015726,8407551
2,2021-01-04,11667,143953,5557,106371,6110,37582,0,0,11657,143848,0.017109,3,30,4e-06,11657,143878,0.017113,8407551
2,2021-01-05,13903,157856,6946,113317,6957,44539,0,0,12683,155355,0.018478,1211,1241,0.000148,12718,156596,0.018626,8407551
2,2021-01-06,19026,176882,10502,123819,8524,53063,0,0,15226,166847,0.019845,3744,4985,0.000593,15236,171832,0.020438,8407551
2,2021-01-07,23275,200157,13129,136948,10146,63209,0,0,15622,174825,0.020794,7659,12644,0.001504,15637,187469,0.022298,8407551
2,2021-01-08,26804,226961,16277,153225,10527,73736,0,0,16481,181059,0.021535,10271,22915,0.002726,16505,203974,0.024261,8407551
2,2021-01-09,9879,236840,5779,159004,4100,77836,0,0,6299,183781,0.021859,3584,26499,0.003152,6306,210280,0.025011,8407551
2,2021-01-10,5336,242176,2967,161971,2369,80205,0,0,3085,184610,0.021958,2261,28760,0.003421,3090,213370,0.025378,8407551
2,2021-01-11,26176,268352,18025,179996,8151,88356,0,0,15076,188627,0.022435,11109,39869,0.004742,15126,228496,0.027177,8407551
2,2021-01-12,26330,294682,16372,196368,9958,98314,0,0,16736,195841,0.023293,9606,49475,0.005885,16820,245316,0.029178,8407551
2,2021-01-13,28641,323323,15202,211570,13439,111753,0,0,20646,208534,0.024803,7982,57457,0.006834,20675,265991,0.031637,8407551
2,2021-01-14,30418,353741,11513,223083,18905,130658,0,0,26134,230444,0.027409,4296,61753,0.007345,26206,292197,0.034754,8407551
2,2021-01-15,35216,388957,12847,235930,22369,153027,0,0,31923,259163,0.030825,3293,65046,0.007737,32012,324209,0.038562,8407551
2,2021-01-16,17739,406696,5648,241578,12091,165118,0,0,16405,274227,0.032617,1352,66398,0.007897,16416,340625,0.040514,8407551
2,2021-01-17,10680,417376,3631,245209,7049,172167,0,0,9949,283437,0.033712,748,67146,0.007986,9958,350583,0.041699,8407551
2,2021-01-18,19745,437121,11035,256244,8710,180877,0,0,14933,293598,0.034921,4832,71978,0.008561,14993,365576,0.043482,8407551
2,2021-01-19,32542,469663,16872,273116,15670,196547,0,0,24538,310247,0.036901,8002,79980,0.009513,24651,390227,0.046414,8407551
2,2021-01-20,37676,507339,19004,292120,18672,215219,0,0,29051,330793,0.039345,8596,88576,0.010535,29142,419369,0.04988,8407551
2,2021-01-21,40989,548328,17441,309561,23548,238767,0,0,36496,363000,0.043175,4462,93038,0.011066,36669,456038,0.054241,8407551
2,2021-01-22,39650,587978,16565,326126,23085,261852,0,0,36302,395959,0.047096,3369,96407,0.011467,36328,492366,0.058562,8407551
2,2021-01-23,24136,612114,10789,336915,13347,275199,0,0,21162,414197,0.049265,2954,99361,0.011818,21192,513558,0.061083,8407551
2,2021-01-24,12440,624554,6107,343022,6333,281532,0,0,11519,424824,0.050529,904,100265,0.011926,11531,525089,0.062454,8407551
2,2021-01-25,33954,658508,15688,358710,18266,299798,0,0,25125,441307,0.052489,8780,109045,0.01297,25263,550352,0.065459,8407551
2,2021-01-26,40667,699175,20023,378733,20644,320442,0,0,31473,463694,0.055152,9169,118214,0.01406,31556,581908,0.069213,8407551
2,2021-01-27,46001,745176,22976,401709,23025,343467,0,0,35688,489251,0.058192,10191,128405,0.015273,35748,617656,0.073464,8407551
2,2021-01-28,48227,793403,22726,424435,25501,368968,0,0,39522,520202,0.061873,8643,137048,0.016301,39594,657250,0.078174,8407551
2,2021-01-29,45851,839254,22263,446698,23588,392556,0,0,37086,548702,0.065263,8650,145698,0.017329,37150,694400,0.082592,8407551
2,2021-01-30,31641,870895,13678,460376,17963,410519,0,0,28232,573596,0.068224,3371,149069,0.01773,28265,722665,0.085954,8407551
2,2021-01-31,17563,888458,10591,470967,6972,417491,0,0,16357,588788,0.070031,1185,150254,0.017871,16377,739042,0.087902,8407551
2,2021-02-01,41190,929648,19863,490830,21327,438818,0,0,30132,607951,0.07231,11007,161261,0.01918,30170,769212,0.091491,8407551
2,2021-02-02,48097,977745,19619,510449,28478,467296,0,0,36545,633119,0.075304,11472,172733,0.020545,36640,805852,0.095849,8407551
2,2021-02-03,54321,1032066,24133,534582,30188,497484,0,0,40041,659077,0.078391,14177,186910,0.022231,40135,845987,0.100622,8407551
2,2021-02-04,56238,1088304,24240,558822,31998,529482,0,0,41052,685149,0.081492,15079,201989,0.024025,41151,887138,0.105517,8407551
2,2021-02-05,60338,1148642,26594,585416,33744,563226,0,0,40815,706821,0.08407,19319,221308,0.026323,40991,928129,0.110392,8407551
2,2021-02-06,39325,1187967,18372,603788,20953,584179,0,0,31602,730872,0.08693,7643,228951,0.027232,31694,959823,0.114162,8407551
2,2021-02-07,16084,1204051,10787,614575,5297,589476,0,0,12207,739297,0.087933,3851,232802,0.02769,12276,972099,0.115622,8407551
2,2021-02-08,43552,1247603,22404,636979,21148,610624,0,0,29967,756048,0.089925,13426,246228,0.029287,30177,1002276,0.119211,8407551
2,2021-02-09,49548,1297151,23491,660470,26057,636681,0,0,30659,768493,0.091405,18542,264770,0.031492,30987,1033263,0.122897,8407551
2,2021-02-10,59930,1357081,28242,688712,31688,668369,0,0,34658,778534,0.092599,24971,289741,0.034462,35012,1068275,0.127061,8407551
2,2021-02-11,64540,1421621,29855,718567,34685,703054,0,0,36058,786938,0.093599,28151,317892,0.03781,36555,1104830,0.131409,8407551
2,2021-02-12,65603,1487224,28243,746810,37360,740414,0,0,34806,791935,0.094193,30465,348357,0.041434,35462,1140292,0.135627,8407551
2,2021-02-13,38140,1525364,15954,762764,22186,762600,0,0,22066,798405,0.094963,15974,364331,0.043334,22444,1162736,0.138297,8407551
2,2021-02-14,20205,1545569,9430,772194,10775,773375,0,0,11281,801175,0.095292,8872,373203,0.044389,11642,1174378,0.139681,8407551
2,2021-02-15,33333,1578902,15098,787292,18235,791610,0,0,18433,805701,0.095831,14764,387967,0.046145,19290,1193668,0.141976,8407551
2,2021-02-16,56609,1635511,27929,815221,28680,820290,0,0,29735,809340,0.096263,26766,414733,0.049329,30405,1224073,0.145592,8407551
2,2021-02-17,62174,1697685,32189,847410,29985,850275,0,0,30726,809537,0.096287,31356,446089,0.053058,31553,1255626,0.149345,8407551
2,2021-02-18,66661,1764346,33828,881238,32833,883108,0,0,32329,808939,0.096216,34077,480166,0.057111,33479,1289105,0.153327,8407551
2,2021-02-19,60090,1824436,33434,914672,26656,909764,0,0,29697,809042,0.096228,30198,510364,0.060703,30301,1319406,0.156931,8407551
2,2021-02-20,38090,1862526,24825,939497,13265,923029,0,0,20513,812756,0.09667,17479,527843,0.062782,21193,1340599,0.159452,8407551
2,2021-02-21,22106,1884632,17978,957475,4128,927157,0,0,10794,813131,0.096714,11222,539065,0.064117,11597,1352196,0.160831,8407551
2,2021-02-22,39425,1924057,27052,984527,12373,939530,0,0,18617,811754,0.096551,20666,559731,0.066575,19289,1371485,0.163125,8407551
2,2021-02-23,53783,1977840,27512,1012039,26271,965801,0,0,23463,807048,0.095991,30062,589793,0.07015,25356,1396841,0.166141,8407551
2,2021-02-24,71067,2048907,36738,1048777,34329,1000130,0,0,32417,803391,0.095556,38444,628237,0.074723,34787,1431628,0.170279,8407551
2,2021-02-25,76613,2125520,36247,1085024,40366,1040496,0,0,38798,807453,0.096039,37551,665788,0.079189,41613,1473241,0.175228,8407551
2,2021-02-26,84879,2210399,36467,1121491,48412,1088908,0,0,45513,816097,0.097067,39063,704851,0.083835,47707,1520948,0.180903,8407551
2,2021-02-27,61945,2272344,28777,1150268,33161,1122069,7,7,33523,822776,0.097862,28184,733035,0.087188,34863,1555811,0.185049,8407551
2,2021-02-28,30239,2302583,18129,1168397,12109,1134178,1,8,17598,828677,0.098563,12531,745566,0.088678,18432,1574243,0.187242,8407551
2,2021-03-01,57414,2359997,30148,1198545,27222,1161400,44,52,31223,835237,0.099344,25900,771466,0.091759,32460,1606703,0.191102,8407551
2,2021-03-02,68926,2428923,33078,1231623,35839,1197239,9,61,38656,846138,0.10064,30099,801565,0.095339,41000,1647703,0.195979,8407551
2,2021-03-03,80121,2509044,38877,1270500,41230,1238469,14,75,45311,859434,0.102222,34599,836164,0.099454,47895,1695598,0.201676,8407551
2,2021-03-04,88169,2597213,43458,1313958,44681,1283150,30,105,50792,875497,0.104132,37137,873301,0.103871,53200,1748798,0.208003,8407551
2,2021-03-05,82072,2679285,38643,1352601,43123,1326273,306,411,50232,896794,0.106665,31621,904922,0.107632,52918,1801716,0.214297,8407551
2,2021-03-06,62849,2742134,30753,1383354,30398,1356671,1698,2109,38659,914526,0.108774,24059,928981,0.110494,41791,1843507,0.219268,8407551
2,2021-03-07,28699,2770833,16319,1399673,10839,1367510,1541,3650,18149,924847,0.110002,10477,939458,0.11174,20798,1864305,0.221742,8407551
2,2021-03-08,50803,2821636,23286,1422959,24935,1392445,2582,6232,31912,942199,0.112066,18778,958236,0.113973,36130,1900435,0.226039,8407551
2,2021-03-09,70558,2892194,32124,1455083,34565,1427010,3869,10101,39043,955081,0.113598,31375,989611,0.117705,44257,1944692,0.231303,8407551
2,2021-03-10,78342,2970536,37052,1492135,34736,1461746,6554,16655,41559,967953,0.115129,36566,1026177,0.122054,49438,1994130,0.237183,8407551
2,2021-03-11,93239,3063775,43011,1535146,41851,1503597,8377,25032,48632,982066,0.116808,44298,1070475,0.127323,58411,2052541,0.244131,8407551
2,2021-03-12,94012,3157787,38667,1573813,43359,1546956,11986,37018,46795,995304,0.118382,46969,1117444,0.13291,60207,2112748,0.251292,8407551
2,2021-03-13,69208,3226995,28956,1602769,32337,1579293,7915,44933,38095,1011630,0.120324,30980,1148424,0.136594,47306,2160054,0.256918,8407551
2,2021-03-14,37042,3264037,18308,1621077,14209,1593502,4525,49458,18575,1017123,0.120977,18361,1166785,0.138778,23854,2183908,0.259756,8407551
2,2021-03-15,67490,3331527,30455,1651532,31976,1625478,5059,54517,37180,1030369,0.122553,30089,1196874,0.142357,43335,2227243,0.26491,8407551
2,2021-03-16,86269,3417796,38158,1689690,44096,1669574,4015,58532,52200,1053834,0.125344,33881,1230755,0.146387,57346,2284589,0.271731,8407551
2,2021-03-17,92691,3510487,44355,1734045,44173,1713747,4163,62695,58762,1083946,0.128925,33657,1264412,0.15039,63769,2348358,0.279315,8407551
2,2021-03-18,98063,3608550,46775,1780820,46703,1760450,4585,67280,59679,1110710,0.132109,38067,1302479,0.154918,64831,2413189,0.287026,8407551
2,2021-03-19,97441,3705991,46107,1826927,45196,1805646,6138,73418,57771,1135777,0.13509,39370,1341849,0.1596,64437,2477626,0.294691,8407551
2,2021-03-20,69811,3775802,33760,1860687,32122,1837768,3929,77347,45687,1161872,0.138194,23889,1365738,0.162442,49984,2527610,0.300636,8407551
2,2021-03-21,33403,3809205,21563,1882250,9853,1847621,1987,79334,20070,1171168,0.1393,13193,1378931,0.164011,22489,2550099,0.303311,8407551
2,2021-03-22,62789,3871994,34540,1916790,25607,1873228,2642,81976,41690,1195525,0.142197,20871,1399802,0.166493,45228,2595327,0.30869,8407551
2,2021-03-23,83694,3955688,44528,1961318,36256,1909484,2910,84886,52341,1220539,0.145172,31075,1430877,0.17019,56089,2651416,0.315361,8407551
2,2021-03-24,91542,4047230,49202,2010520,39178,1948662,3162,88048,53684,1240672,0.147566,37528,1468405,0.174653,57661,2709077,0.32222,8407551
2,2021-03-25,101101,4148331,50995,2061515,46215,1994877,3891,91939,57197,1258971,0.149743,43549,1511954,0.179833,61848,2770925,0.329576,8407551
2,2021-03-26,103296,4251627,51221,2112736,48582,2043459,3493,95432,56465,1273535,0.151475,46442,1558396,0.185357,61006,2831931,0.336832,8407551
2,2021-03-27,75496,4327123,37632,2150368,34555,2078014,3309,98741,37837,1278126,0.152021,37414,1595810,0.189807,42005,2873936,0.341828,8407551
2,2021-03-28,37653,4364776,23251,2173619,13593,2091607,809,99550,20176,1282610,0.152555,17352,1613162,0.191871,21836,2895772,0.344425,8407551
2,2021-03-29,71285,4436061,36223,2209842,32796,2124403,2266,101816,40653,1296003,0.154148,30427,1643589,0.19549,43820,2939592,0.349637,8407551
2,2021-03-30,91875,4527936,44983,2254825,42532,2166935,4360,106176,51692,1312680,0.156131,39979,1683568,0.200245,56656,2996248,0.356376,8407551
2,2021-03-31,101189,4629125,52093,2306918,43971,2210906,5125,111301,57479,1332232,0.158457,43398,1726966,0.205407,62950,3059198,0.363863,8407551
2,2021-04-01,117486,4746611,56715,2363633,51552,2262458,9219,120520,64012,1352810,0.160904,53084,1780050,0.21172,73662,3132860,0.372625,8407551
2,2021-04-02,111613,4858224,51394,2415027,50041,2312499,10178,130698,59944,1372120,0.163201,51288,1831338,0.217821,70598,3203458,0.381022,8407551
2,2021-04-03,76777,4935001,37696,2452723,29260,2341759,9821,140519,38039,1381838,0.164357,38530,1869868,0.222403,48248,3251706,0.38676,8407551
2,2021-04-04,28986,4963987,14892,2467615,10242,2352001,3852,144371,13001,1382841,0.164476,15882,1885750,0.224292,16885,3268591,0.388769,8407551
2,2021-04-05,79149,5043136,38766,2506381,31538,2383539,8845,153216,38211,1389891,0.165315,40757,1926507,0.22914,47807,3316398,0.394455,8407551
2,2021-04-06,103948,5147084,50595,2556976,38648,2422187,14705,167921,49276,1399882,0.166503,54390,1980897,0.235609,64381,3380779,0.402112,8407551
2,2021-04-07,110455,5257539,55086,2612062,39122,2461309,16247,184168,52048,1410337,0.167746,58119,2039016,0.242522,68574,3449353,0.410268,8407551
2,2021-04-08,119316,5376855,57414,2669476,43182,2504491,18720,202888,55359,1421409,0.169063,63591,2102607,0.250086,74663,3524016,0.419149,8407551
2,2021-04-09,118846,5495701,57121,2726597,43532,2548023,18193,221081,56180,1434337,0.170601,62285,2164892,0.257494,75213,3599229,0.428095,8407551
2,2021-04-10,87527,5583228,37764,2764361,31383,2579406,18380,239461,36125,1438388,0.171083,51140,2216032,0.263576,55191,3654420,0.434659,8407551
2,2021-04-11,44501,5627729,23051,2787412,12984,2592390,8466,247927,18240,1439694,0.171238,26124,2242156,0.266684,27430,3681850,0.437922,8407551
2,2021-04-12,80006,5707735,37249,2824661,33352,2625742,9405,257332,35683,1441727,0.17148,44050,2286206,0.271923,46083,3727933,0.443403,8407551
2,2021-04-13,101931,5809666,52874,2877535,48796,2674538,261,257593,55887,1452985,0.172819,45782,2331988,0.277368,57040,3784973,0.450187,8407551
2,2021-04-14,106751,5916417,55865,2933400,50834,2725372,52,257645,54673,1457369,0.17334,51773,2383761,0.283526,56157,3841130,0.456867,8407551
2,2021-04-15,113434,6029851,60262,2993662,53094,2778466,78,257723,59427,1464326,0.174168,53616,2437377,0.289903,60573,3901703,0.464071,8407551
2,2021-04-16,110792,6140643,57470,3051132,53271,2831737,51,257774,56315,1467428,0.174537,54114,2491491,0.29634,57216,3958919,0.470877,8407551
2,2021-04-17,83538,6224181,42458,3093590,41066,2872803,14,257788,46834,1478691,0.175877,36448,2527939,0.300675,47711,4006630,0.476551,8407551
2,2021-04-18,35594,6259775,21631,3115221,13957,2886760,6,257794,16959,1478141,0.175811,18496,2546435,0.302875,17946,4024576,0.478686,8407551
2,2021-04-19,74905,6334680,40317,3155538,34572,2921332,16,257810,34196,1472547,0.175146,40428,2586863,0.307683,34834,4059410,0.482829,8407551
2,2021-04-20,97592,6432272,49488,3205026,48078,2969410,26,257836,47448,1470957,0.174957,49805,2636668,0.313607,48215,4107625,0.488564,8407551
2,2021-04-21,103465,6535737,55984,3261010,47425,3016835,56,257892,48954,1466872,0.174471,54066,2690734,0.320038,49981,4157606,0.494509,8407551
2,2021-04-22,107465,6643202,55617,3316627,51825,3068660,23,257915,47121,1454965,0.173055,59942,2750676,0.327167,48035,4205641,0.500222,8407551
2,2021-04-23,106880,6750082,56792,3373419,50070,3118730,18,257933,49372,1448183,0.172248,57090,2807766,0.333958,50308,4255949,0.506206,8407551
2,2021-04-24,79919,6830001,47074,3420493,32805,3151535,40,257973,41644,1452845,0.172802,37949,2845715,0.338471,42611,4298560,0.511274,8407551
2,2021-04-25,36219,6866220,22263,3442756,13942,3165477,14,257987,19706,1456649,0.173255,16382,2862097,0.34042,20186,4318746,0.513675,8407551
2,2021-04-26,73704,6939924,40850,3483606,32550,3198027,304,258291,33940,1452839,0.172802,39500,2901597,0.345118,35690,4354436,0.51792,8407551
2,2021-04-27,87827,7027751,46283,3529889,40183,3238210,1361,259652,37745,1443469,0.171687,49715,2951312,0.351031,40345,4394781,0.522718,8407551
2,2021-04-28,87585,7115336,46831,3576720,38891,3277101,1863,261515,38685,1436356,0.170841,48571,2999883,0.356808,41458,4436239,0.527649,8407551
2,2021-04-29,90251,7205587,49130,3625850,39423,3316524,1698,263213,35088,1418953,0.168771,54789,3054672,0.363325,37386,4473625,0.532096,8407551
2,2021-04-30,93936,7299523,51920,3677770,40026,3356550,1990,265203,36571,1401247,0.166665,56921,3111593,0.370095,39215,4512840,0.53676,8407551
2,2021-05-01,61903,7361426,37752,3715522,22586,3379136,1565,266768,24129,1390322,0.165366,37468,3149061,0.374552,26543,4539383,0.539917,8407551
2,2021-05-02,29112,7390538,20201,3735723,7939,3387075,972,267740,11073,1384556,0.16468,17898,3166959,0.37668,12132,4551515,0.54136,8407551
2,2021-05-03,59958,7450496,35483,3771206,22421,3409496,2054,269794,20178,1367543,0.162657,39511,3206470,0.38138,22498,4574013,0.544036,8407551
2,2021-05-04,79417,7529913,47413,3818619,29634,3439130,2370,272164,25802,1342824,0.159716,53288,3259758,0.387718,28569,4602582,0.547434,8407551
2,2021-05-05,79847,7609760,47581,3866200,29922,3469052,2344,274508,25031,1316136,0.156542,54428,3314186,0.394192,27740,4630322,0.550734,8407551
2,2021-05-06,82126,7691886,49759,3915959,29468,3498520,2899,277407,25141,1288290,0.15323,56527,3370713,0.400915,28681,4659003,0.554145,8407551
2,2021-05-07,83197,7775083,48032,3963991,32746,3531266,2419,279826,25623,1259572,0.149814,57218,3427931,0.407721,28500,4687503,0.557535,8407551
2,2021-05-08,55168,7830251,33398,3997389,20057,3551323,1713,281539,17291,1241660,0.147684,37645,3465576,0.412198,19733,4707236,0.559882,8407551
2,2021-05-09,21739,7851990,15683,4013072,5308,3556631,748,282287,6338,1233656,0.146732,15321,3480897,0.41402,7317,4714553,0.560752,8407551
2,2021-05-10,49858,7901848,27125,4040197,20871,3577502,1862,284149,14050,1214605,0.144466,35575,3516472,0.418252,16524,4731077,0.562718,8407551
2,2021-05-11,65539,7967387,35343,4075540,28093,3605595,2103,286252,19814,1191786,0.141752,45429,3561901,0.423655,22610,4753687,0.565407,8407551
2,2021-05-12,64764,8032151,34527,4110067,28031,3633626,2206,288458,19102,1168127,0.138938,45356,3607257,0.42905,21697,4775384,0.567988,8407551
2,2021-05-13,70594,8102745,40990,4151057,27667,3661293,1937,290395,25862,1152196,0.137043,44458,3651715,0.434338,28527,4803911,0.571381,8407551
2,2021-05-14,79274,8182019,47508,4198565,29526,3690819,2240,292635,30502,1137166,0.135255,48417,3700132,0.440096,33387,4837298,0.575352,8407551
2,2021-05-15,65891,8247910,43289,4241854,20886,3711705,1716,294351,25554,1124724,0.133775,40103,3740235,0.444866,27661,4864959,0.578642,8407551
2,2021-05-16,31482,8279392,23520,4265374,7039,3718744,923,295274,12850,1120118,0.133228,18507,3758742,0.447067,13901,4878860,0.580295,8407551
2,2021-05-17,57703,8337095,36599,4301973,19167,3737911,1937,297211,22797,1110530,0.132087,34685,3793427,0.451193,25097,4903957,0.58328,8407551
2,2021-05-18,69853,8406948,40876,4342849,27017,3764928,1960,299171,27783,1098998,0.130716,41812,3835239,0.456166,30280,4934237,0.586882,8407551
2,2021-05-19,68578,8475526,40600,4383449,25992,3790920,1986,301157,27221,1087607,0.129361,41067,3876306,0.461051,29676,4963913,0.590411,8407551
2,2021-05-20,68867,8544393,39871,4423320,26819,3817739,2177,303334,26179,1074188,0.127765,42369,3918675,0.46609,28950,4992863,0.593855,8407551
2,2021-05-21,72495,8616888,42790,4466110,27570,3845309,2135,305469,27591,1059907,0.126066,44558,3963233,0.47139,30277,5023140,0.597456,8407551
2,2021-05-22,53296,8670184,33748,4499858,17783,3863092,1765,307234,22315,1053757,0.125335,30765,3993998,0.475049,24615,5047755,0.600384,8407551
2,2021-05-23,24404,8694588,16637,4516495,7045,3870137,722,307956,10277,1050892,0.124994,13999,4007997,0.476714,11134,5058889,0.601708,8407551
2,2021-05-24,44616,8739204,25358,4541853,17492,3887629,1766,309722,17211,1043018,0.124057,27191,4035188,0.479948,19317,5078206,0.604005,8407551
2,2021-05-25,50544,8789748,29621,4571474,19060,3906689,1863,311585,19272,1033704,0.122949,30988,4066176,0.483634,21674,5099880,0.606583,8407551
2,2021-05-26,48578,8838326,27241,4598715,19659,3926348,1678,313263,19025,1025521,0.121976,29228,4095404,0.48711,21045,5120925,0.609086,8407551
2,2021-05-27,46495,8884821,26332,4625047,18413,3944761,1750,315013,18608,1018728,0.121168,27652,4123056,0.490399,20859,5141784,0.611567,8407551
2,2021-05-28,49799,8934620,27527,4652574,20315,3965076,1957,316970,20950,1013464,0.120542,28596,4151652,0.4938,23332,5165116,0.614343,8407551
2,2021-05-29,28970,8963590,17357,4669931,10565,3975641,1048,318018,13290,1012441,0.12042,15530,4167182,0.495648,14507,5179623,0.616068,8407551
2,2021-05-30,12599,8976189,8116,4678047,3721,3979362,762,318780,5512,1011746,0.120338,7035,4174217,0.496484,6340,5185963,0.616822,8407551
2,2021-05-31,5872,8982061,3423,4681470,2146,3981508,303,319083,1824,1009925,0.120121,3997,4178214,0.49696,2176,5188139,0.617081,8407551
2,2021-06-01,44584,9026645,25627,4707097,17315,3998823,1642,320725,15575,998798,0.118798,28722,4206936,0.500376,17595,5205734,0.619174,8407551
2,2021-06-02,38078,9064723,22397,4729494,14288,4013111,1393,322118,14960,992578,0.118058,22867,4229803,0.503096,16647,5222381,0.621154,8407551
2,2021-06-03,41290,9106013,26599,4756093,13216,4026327,1475,323593,13915,981211,0.116706,27139,4256942,0.506324,15772,5238153,0.62303,8407551
2,2021-06-04,47867,9153880,31257,4787350,15073,4041400,1537,325130,15488,966670,0.114976,32091,4289033,0.510141,17550,5255703,0.625117,8407551
2,2021-06-05,37702,9191582,26915,4814265,9339,4050739,1448,326578,11817,954692,0.113552,25662,4314695,0.513193,13684,5269387,0.626745,8407551
2,2021-06-06,14867,9206449,12184,4826449,2101,4052840,582,327160,4698,950057,0.113,10109,4324804,0.514395,5474,5274861,0.627396,8407551
2,2021-06-07,33176,9239625,23206,4849655,8700,4061540,1270,328430,10767,940074,0.111813,22266,4347070,0.517044,12283,5287144,0.628857,8407551
2,2021-06-08,40463,9280088,28639,4878294,10460,4072000,1364,329794,12419,926432,0.11019,27806,4374876,0.520351,14164,5301308,0.630541,8407551
2,2021-06-09,38005,9318093,26566,4904860,9945,4081945,1494,331288,11514,913464,0.108648,26298,4401174,0.523479,13330,5314638,0.632127,8407551
2,2021-06-10,37662,9355755,26204,4931064,9940,4091885,1518,332806,11702,901409,0.107214,25765,4426939,0.526543,13710,5328348,0.633757,8407551
2,2021-06-11,41162,9396917,27322,4958386,12171,4104056,1669,334475,13216,888912,0.105728,27684,4454623,0.529836,15187,5343535,0.635564,8407551
2,2021-06-12,29305,9426222,21566,4979952,6825,4110881,914,335389,8675,878223,0.104456,20498,4475121,0.532274,9809,5353344,0.63673,8407551
2,2021-06-13,12180,9438402,8898,4988850,2670,4113551,612,336001,3091,873067,0.103843,9028,4484149,0.533348,3872,5357216,0.637191,8407551
2,2021-06-14,29798,9468200,21143,5009993,7463,4121014,1192,337193,10324,865491,0.102942,19314,4503463,0.535645,11738,5368954,0.638587,8407551
2,2021-06-15,35398,9503598,23568,5033561,9790,4130804,2040,339233,11915,856601,0.101885,23253,4526716,0.538411,14363,5383317,0.640295,8407551
2,2021-06-16,32794,9536392,22640,5056201,8368,4139172,1786,341019,11289,848649,0.100939,21341,4548057,0.540949,13389,5396706,0.641888,8407551
2,2021-06-17,30694,9567086,20512,5076713,8389,4147561,1793,342812,10893,841917,0.100138,19632,4567689,0.543284,12900,5409606,0.643422,8407551
2,2021-06-18,34410,9601496,22670,5099383,9873,4157434,1867,344679,12556,834963,0.099311,21644,4589333,0.545858,14690,5424296,0.64517,8407551
2,2021-06-19,20779,9622275,14471,5113854,5055,4162489,1253,345932,7881,831543,0.098904,12739,4602072,0.547374,9319,5433615,0.646278,8407551
2,2021-06-20,8222,9630497,5878,5119732,1880,4164369,464,346396,3051,829996,0.09872,5129,4607201,0.547984,3582,5437197,0.646704,8407551
2,2021-06-21,19191,9649688,11738,5131470,6143,4170512,1310,347706,9814,832047,0.098964,9263,4616464,0.549085,11314,5448511,0.64805,8407551
2,2021-06-22,26704,9676392,18303,5149773,7045,4177557,1356,349062,10487,828114,0.098496,16049,4632513,0.550994,12116,5460627,0.649491,8407551
2,2021-06-23,25748,9702140,17776,5167549,6362,4183919,1610,350672,10493,825395,0.098173,15116,4647629,0.552792,12397,5473024,0.650965,8407551
2,2021-06-24,25148,9727288,17135,5184684,6529,4190448,1484,352156,10416,822944,0.097882,14583,4662212,0.554527,12132,5485156,0.652408,8407551
2,2021-06-25,28465,9755753,19283,5203967,7711,4198159,1471,353627,11866,820070,0.09754,16439,4678651,0.556482,13565,5498721,0.654022,8407551
2,2021-06-26,18342,9774095,13511,5217478,3915,4202074,916,354543,7478,817918,0.097284,10781,4689432,0.557764,8629,5507350,0.655048,8407551
2,2021-06-27,8727,9782822,6661,5224139,1617,4203691,449,354992,3498,816803,0.097151,5184,4694616,0.558381,4069,5511419,0.655532,8407551
2,2021-06-28,19601,9802423,14902,5239041,3471,4207162,1228,356220,8664,816068,0.097064,10812,4705428,0.559667,10077,5521496,0.656731,8407551
2,2021-06-29,22406,9824829,15599,5254640,5749,4212911,1058,357278,9547,814170,0.096838,12733,4718161,0.561181,10835,5532331,0.658019,8407551
2,2021-06-30,21633,9846462,15370,5270010,5246,4218157,1017,358295,9610,813124,0.096714,11893,4730054,0.562596,10847,5543178,0.659309,8407551
2,2021-07-01,19517,9865979,13820,5283830,4840,4222997,857,359152,8683,812136,0.096596,10723,4740777,0.563871,9735,5552913,0.660467,8407551
2,2021-07-02,22471,9888450,15527,5299357,5943,4228940,1001,360153,9911,810833,0.096441,12409,4753186,0.565347,11106,5564019,0.661788,8407551
2,2021-07-03,12340,9900790,8930,5308287,2950,4231890,460,360613,5646,810441,0.096394,6611,4759797,0.566134,6219,5570238,0.662528,8407551
2,2021-07-04,980,9901770,577,5308864,338,4232228,65,360678,418,810395,0.096389,552,4760349,0.566199,506,5570744,0.662588,8407551
2,2021-07-05,10888,9912658,7971,5316835,2517,4234745,400,361078,5004,810088,0.096352,5832,4766181,0.566893,5525,5576269,0.663245,8407551
2,2021-07-06,23296,9935954,16962,5333797,5380,4240125,954,362032,9015,806181,0.095888,14146,4780327,0.568575,10239,5586508,0.664463,8407551
2,2021-07-07,20081,9956035,14340,5348137,4672,4244797,1069,363101,8582,804696,0.095711,11393,4791720,0.569931,9908,5596416,0.665642,8407551
2,2021-07-08,16991,9973026,12099,5360236,4057,4248854,835,363936,7318,803436,0.095561,9581,4801301,0.57107,8321,5604737,0.666631,8407551
2,2021-07-09,18847,9991873,13279,5373515,4642,4253496,926,364862,8168,802093,0.095402,10564,4811865,0.572327,9221,5613958,0.667728,8407551
2,2021-07-10,11307,10003180,8331,5381846,2475,4255971,501,365363,4972,801384,0.095317,6255,4818120,0.573071,5546,5619504,0.668388,8407551
2,2021-07-11,5558,10008738,4051,5385897,1210,4257181,297,365660,2673,801526,0.095334,2845,4820965,0.573409,2987,5622491,0.668743,8407551
2,2021-07-12,11527,10020265,8174,5394071,2799,4259980,554,366214,4719,800121,0.095167,6730,4827695,0.574209,5325,5627816,0.669376,8407551
3,2020-12-15,310,310,310,310,0,0,0,0,310,310,3.8e-05,0,0,0.0,310,310,3.8e-05,8129050
3,2020-12-16,2441,2751,2441,2751,0,0,0,0,2442,2752,0.000339,0,0,0.0,2442,2752,0.000339,8129050
3,2020-12-17,7811,10562,7811,10562,0,0,0,0,7811,10563,0.001299,0,0,0.0,7811,10563,0.001299,8129050
3,2020-12-18,13425,23987,13407,23969,18,18,0,0,13424,23987,0.002951,0,0,0.0,13424,23987,0.002951,8129050
3,2020-12-19,7247,31234,7234,31203,13,31,0,0,7311,31298,0.00385,0,0,0.0,7311,31298,0.00385,8129050
3,2020-12-20,5653,36887,5645,36848,8,39,0,0,5700,36997,0.004551,1,1,0.0,5700,36998,0.004551,8129050
3,2020-12-21,14375,51262,14350,51198,25,64,0,0,14439,51435,0.006327,1,2,0.0,14439,51437,0.006328,8129050
3,2020-12-22,14799,66061,14227,65425,572,636,0,0,14837,66271,0.008152,1,3,0.0,14837,66274,0.008153,8129050
3,2020-12-23,14812,80873,12213,77638,2599,3235,0,0,14838,81108,0.009978,2,5,1e-06,14839,81113,0.009978,8129050
3,2020-12-24,6788,87661,4872,82510,1916,5151,0,0,6785,87891,0.010812,2,7,1e-06,6785,87898,0.010813,8129050
3,2020-12-25,721,88382,664,83174,57,5208,0,0,719,88610,0.0109,0,7,1e-06,719,88617,0.010901,8129050
3,2020-12-26,4624,93006,2998,86172,1626,6834,0,0,4622,93232,0.011469,0,7,1e-06,4622,93239,0.01147,8129050
3,2020-12-27,2978,95984,1849,88021,1129,7963,0,0,2978,96210,0.011835,0,7,1e-06,2978,96217,0.011836,8129050
3,2020-12-28,13624,109608,8721,96742,4903,12866,0,0,13649,109858,0.013514,1,8,1e-06,13649,109866,0.013515,8129050
3,2020-12-29,15017,124625,8465,105207,6552,19418,0,0,15045,124901,0.015365,2,10,1e-06,15045,124911,0.015366,8129050
3,2020-12-30,18019,142644,10041,115248,7978,27396,0,0,18023,142923,0.017582,2,12,1e-06,18024,142935,0.017583,8129050
3,2020-12-31,8459,151103,3237,118485,5222,32618,0,0,8458,151379,0.018622,2,14,2e-06,8458,151393,0.018624,8129050
3,2021-01-01,1460,152563,680,119165,780,33398,0,0,1457,152835,0.018801,1,15,2e-06,1457,152850,0.018803,8129050
3,2021-01-02,4944,157507,2424,121589,2520,35918,0,0,4944,157779,0.019409,0,15,2e-06,4944,157794,0.019411,8129050
3,2021-01-03,1613,159120,847,122436,766,36684,0,0,1602,159377,0.019606,4,19,2e-06,1602,159396,0.019608,8129050
3,2021-01-04,12007,171127,5960,128396,6047,42731,0,0,11980,171350,0.021079,7,26,3e-06,11980,171376,0.021082,8129050
3,2021-01-05,15719,186846,8144,136540,7575,50306,0,0,14046,183766,0.022606,1658,1684,0.000207,14074,185450,0.022813,8129050
3,2021-01-06,20591,207437,10882,147422,9709,60015,0,0,16069,195368,0.024033,4476,6160,0.000758,16078,201528,0.024791,8129050
3,2021-01-07,26594,234031,15220,162642,11374,71389,0,0,17139,203104,0.024985,9419,15579,0.001916,17155,218683,0.026901,8129050
3,2021-01-08,30594,264625,18718,181360,11876,83265,0,0,18115,208786,0.025684,12455,28034,0.003449,18137,236820,0.029133,8129050
3,2021-01-09,12445,277070,7038,188398,5407,88672,0,0,7905,212169,0.0261,4532,32566,0.004006,7915,244735,0.030106,8129050
3,2021-01-10,7197,284267,4476,192874,2721,91393,0,0,4048,213075,0.026212,3147,35713,0.004393,4053,248788,0.030605,8129050
3,2021-01-11,29020,313287,18994,211868,10026,101419,0,0,16417,216940,0.026687,12595,48308,0.005943,16460,265248,0.03263,8129050
3,2021-01-12,32574,345861,19469,231337,13105,114524,0,0,19934,224405,0.027605,12618,60926,0.007495,20083,285331,0.0351,8129050
3,2021-01-13,34522,380383,18032,249369,16490,131014,0,0,24319,238542,0.029344,10202,71128,0.00875,24339,309670,0.038094,8129050
3,2021-01-14,34768,415151,14243,263612,20525,151539,0,0,28864,261568,0.032177,5876,77004,0.009473,28902,338572,0.04165,8129050
3,2021-01-15,38935,454086,14458,278070,24477,176016,0,0,34258,291230,0.035826,4666,81670,0.010047,34328,372900,0.045873,8129050
3,2021-01-16,21932,476018,7597,285667,14335,190351,0,0,19605,308542,0.037955,2315,83985,0.010331,19627,392527,0.048287,8129050
3,2021-01-17,13140,489158,4442,290109,8698,199049,0,0,12101,319624,0.039319,1038,85023,0.010459,12120,404647,0.049778,8129050
3,2021-01-18,24693,513851,12886,302995,11807,210856,0,0,19113,333185,0.040987,5594,90617,0.011147,19155,423802,0.052134,8129050
3,2021-01-19,41044,554895,20864,323859,20180,231036,0,0,31926,356108,0.043807,9090,99707,0.012266,32013,455815,0.056072,8129050
3,2021-01-20,45976,600871,22836,346695,23140,254176,0,0,36435,383128,0.047131,9498,109205,0.013434,36518,492333,0.060565,8129050
3,2021-01-21,48084,648955,20885,367580,27199,281375,0,0,42569,420334,0.051708,5438,114643,0.014103,42644,534977,0.065811,8129050
3,2021-01-22,49722,698677,19795,387375,29927,311302,0,0,45525,461734,0.0568,4199,118842,0.014619,45599,580576,0.07142,8129050
3,2021-01-23,30338,729015,12789,400164,17549,328851,0,0,27032,485523,0.059727,3297,122139,0.015025,27086,607662,0.074752,8129050
3,2021-01-24,17814,746829,8469,408633,9345,338196,0,0,16634,501010,0.061632,1178,123317,0.01517,16665,624327,0.076802,8129050
3,2021-01-25,40777,787606,18183,426816,22594,360790,0,0,30807,521959,0.064209,9946,133263,0.016393,30895,655222,0.080603,8129050
3,2021-01-26,47134,834740,22500,449316,24634,385424,0,0,36989,548924,0.067526,10130,143393,0.01764,37095,692317,0.085166,8129050
3,2021-01-27,51311,886051,24385,473701,26926,412350,0,0,40642,579050,0.071232,10595,153988,0.018943,40721,733038,0.090175,8129050
3,2021-01-28,51730,937781,23950,497651,27780,440130,0,0,42765,613002,0.075409,8871,162859,0.020034,42823,775861,0.095443,8129050
3,2021-01-29,50867,988648,24363,522014,26504,466634,0,0,41122,644626,0.079299,9545,172404,0.021208,41169,817030,0.100507,8129050
3,2021-01-30,37225,1025873,17557,539571,19668,486302,0,0,32497,672534,0.082732,4673,177077,0.021783,32581,849611,0.104515,8129050
3,2021-01-31,22210,1048083,12564,552135,9646,495948,0,0,20801,691957,0.085122,1398,178475,0.021955,20821,870432,0.107077,8129050
3,2021-02-01,45726,1093809,20848,572983,24878,520826,0,0,34862,716040,0.088084,10813,189288,0.023285,34896,905328,0.111369,8129050
3,2021-02-02,54354,1148163,22587,595570,31767,552593,0,0,41897,745624,0.091723,12364,201652,0.024806,41948,947276,0.11653,8129050
3,2021-02-03,60061,1208224,26667,622237,33394,585987,0,0,44569,774937,0.095329,15328,216980,0.026692,44641,991917,0.122021,8129050
3,2021-02-04,64331,1272555,27861,650098,36470,622457,0,0,47090,805107,0.099041,17031,234011,0.028787,47201,1039118,0.127828,8129050
3,2021-02-05,70361,1342916,29808,679906,40553,663010,0,0,48526,832235,0.102378,21571,255582,0.031441,48699,1087817,0.133818,8129050
3,2021-02-06,43871,1386787,21139,701045,22732,685742,0,0,34079,856753,0.105394,9744,265326,0.032639,34262,1122079,0.138033,8129050
3,2021-02-07,19537,1406324,12376,713421,7161,692903,0,0,15023,867403,0.106704,4499,269825,0.033193,15149,1137228,0.139897,8129050
3,2021-02-08,51241,1457565,24666,738087,26575,719478,0,0,33538,883563,0.108692,17564,287389,0.035353,33724,1170952,0.144045,8129050
3,2021-02-09,58619,1516184,28361,766448,30258,749736,0,0,34304,894157,0.109995,24040,311429,0.038311,34634,1205586,0.148306,8129050
3,2021-02-10,68042,1584226,31541,797989,36501,786237,0,0,36504,899928,0.110705,31232,342661,0.042153,37003,1242589,0.152858,8129050
3,2021-02-11,70670,1654896,34785,832774,35885,822122,0,0,37452,905093,0.111341,32826,375487,0.046191,37991,1280580,0.157531,8129050
3,2021-02-12,75605,1730501,32656,865430,42949,865071,0,0,41666,913941,0.112429,33599,409086,0.050324,42447,1323027,0.162753,8129050
3,2021-02-13,45237,1775738,20498,885928,24739,889810,0,0,26023,921446,0.113352,19102,428188,0.052674,26607,1349634,0.166026,8129050
3,2021-02-14,27389,1803127,13677,899605,13712,903522,0,0,15195,924952,0.113784,12138,440326,0.054167,15644,1365278,0.16795,8129050
3,2021-02-15,40103,1843230,17234,916839,22869,926391,0,0,22168,930229,0.114433,17829,458155,0.05636,23106,1388384,0.170793,8129050
3,2021-02-16,70182,1913412,33192,950031,36990,963381,0,0,36460,934149,0.114915,33568,491723,0.06049,37488,1425872,0.175405,8129050
3,2021-02-17,72010,1985422,36395,986426,35615,998996,0,0,34193,931850,0.114632,37568,529291,0.065111,35269,1461141,0.179743,8129050
3,2021-02-18,77151,2062573,40279,1026705,36872,1035868,0,0,35696,927628,0.114113,41263,570554,0.070187,37041,1498182,0.1843,8129050
3,2021-02-19,69261,2131834,39861,1066566,29400,1065268,0,0,34971,929161,0.114301,34136,604690,0.074386,35669,1533851,0.188688,8129050
3,2021-02-20,42880,2174714,27018,1093584,15862,1081130,0,0,22476,931854,0.114633,20284,624974,0.076882,22977,1556828,0.191514,8129050
3,2021-02-21,23983,2198697,19283,1112867,4700,1085830,0,0,11794,931936,0.114643,12095,637069,0.078369,12177,1569005,0.193012,8129050
3,2021-02-22,47119,2245816,30699,1143566,16420,1102250,0,0,22076,929593,0.114354,24906,661975,0.081433,22563,1591568,0.195788,8129050
3,2021-02-23,62971,2308787,34246,1177812,28725,1130975,0,0,27528,923884,0.113652,35224,697199,0.085766,29515,1621083,0.199419,8129050
3,2021-02-24,79114,2387901,38832,1216644,40282,1171257,0,0,35008,917545,0.112872,43860,741059,0.091162,37521,1658604,0.204034,8129050
3,2021-02-25,88474,2476375,43161,1259805,45313,1216570,0,0,44104,920175,0.113196,44066,785125,0.096583,46696,1705300,0.209779,8129050
3,2021-02-26,98926,2575301,45216,1305021,53710,1270280,0,0,52291,928446,0.114213,46223,831348,0.102269,54494,1759794,0.216482,8129050
3,2021-02-27,69891,2645192,32064,1337085,37823,1308103,4,4,36953,933997,0.114896,32714,864062,0.106293,38265,1798059,0.221189,8129050
3,2021-02-28,40224,2685416,23124,1360209,17097,1325200,3,7,20815,936531,0.115208,19234,883296,0.108659,21768,1819827,0.223867,8129050
3,2021-03-01,67923,2753339,35967,1396176,31925,1357125,31,38,37933,946062,0.11638,29772,913068,0.112322,39303,1859130,0.228702,8129050
3,2021-03-02,79052,2832391,39016,1435192,40028,1397153,8,46,45847,960937,0.11821,33054,946122,0.116388,47929,1907059,0.234598,8129050
3,2021-03-03,89295,2921686,42793,1477985,46483,1443636,19,65,50126,974410,0.119868,38941,985063,0.121178,52414,1959473,0.241046,8129050
3,2021-03-04,93694,3015380,45839,1523824,47835,1491471,20,85,53224,989700,0.121749,40230,1025293,0.126127,55520,2014993,0.247876,8129050
3,2021-03-05,90645,3106025,44348,1568172,46006,1537477,291,376,55388,1012615,0.124567,34991,1060284,0.130431,57906,2072899,0.254999,8129050
3,2021-03-06,65282,3171307,33077,1601249,30049,1567526,2156,2532,37508,1026120,0.126229,27622,1087906,0.133829,41127,2114026,0.260058,8129050
3,2021-03-07,39062,3210369,22543,1623792,14620,1582146,1899,4431,21969,1034138,0.127215,17024,1104930,0.135924,25042,2139068,0.263139,8129050
3,2021-03-08,59809,3270178,28503,1652295,28307,1610453,2999,7430,37850,1054734,0.129749,21792,1126722,0.138604,42388,2181456,0.268353,8129050
3,2021-03-09,77054,3347232,35576,1687871,37043,1647496,4435,11865,41435,1066292,0.131171,35473,1162195,0.142968,47031,2228487,0.274139,8129050
3,2021-03-10,83062,3430294,41405,1729276,35561,1683057,6096,17961,43410,1077756,0.132581,39429,1201624,0.147819,50893,2279380,0.280399,8129050
3,2021-03-11,97298,3527592,47578,1776854,41113,1724170,8607,26568,47667,1085749,0.133564,49356,1250980,0.15389,57349,2336729,0.287454,8129050
3,2021-03-12,102092,3629684,45468,1822322,44741,1768911,11883,38451,46788,1090496,0.134148,55063,1306043,0.160664,59810,2396539,0.294812,8129050
3,2021-03-13,70612,3700296,29706,1852028,33659,1802570,7247,45698,37367,1103339,0.135728,33117,1339160,0.164738,45960,2442499,0.300465,8129050
3,2021-03-14,41381,3741677,21609,1873637,16202,1818772,3570,49268,20837,1107915,0.136291,20458,1359618,0.167254,25034,2467533,0.303545,8129050
3,2021-03-15,75694,3817371,35889,1909526,35260,1854032,4545,53813,39858,1117702,0.137495,35612,1395230,0.171635,45399,2512932,0.30913,8129050
3,2021-03-16,95084,3912455,43820,1953346,46940,1900972,4324,58137,53469,1135046,0.139628,41366,1436596,0.176724,58710,2571642,0.316352,8129050
3,2021-03-17,98305,4010760,47742,2001088,46046,1947018,4517,62654,59707,1161589,0.142894,38345,1474941,0.181441,64888,2636530,0.324334,8129050
3,2021-03-18,103650,4114410,52722,2053810,46404,1993422,4524,67178,59531,1182369,0.14545,43821,1518762,0.186831,64601,2701131,0.332281,8129050
3,2021-03-19,103332,4217742,55428,2109238,43447,2036869,4457,71635,57612,1199566,0.147565,45431,1564193,0.19242,62628,2763759,0.339985,8129050
3,2021-03-20,71935,4289677,37063,2146301,31231,2068100,3641,75276,44513,1220993,0.150201,27229,1591422,0.19577,48656,2812415,0.345971,8129050
3,2021-03-21,36362,4326039,24727,2171028,10137,2078237,1498,76774,21985,1230678,0.151393,14274,1605696,0.197526,23959,2836374,0.348918,8129050
3,2021-03-22,70533,4396572,41452,2212480,26559,2104796,2522,79296,45123,1254163,0.154282,25176,1630872,0.200623,48661,2885035,0.354904,8129050
3,2021-03-23,89754,4486326,49670,2262150,37562,2142358,2522,81818,55204,1278312,0.157252,34281,1665153,0.20484,58430,2943465,0.362092,8129050
3,2021-03-24,98679,4585005,56806,2318956,38976,2181334,2897,84715,56284,1296060,0.159436,42038,1707191,0.210011,59786,3003251,0.369447,8129050
3,2021-03-25,107250,4692255,59591,2378547,44707,2226041,2952,87667,60525,1313805,0.161619,46377,1753568,0.215716,64122,3067373,0.377335,8129050
3,2021-03-26,110552,4802807,59314,2437861,47932,2273973,3306,90973,57161,1322062,0.162634,53053,1806621,0.222243,61310,3128683,0.384877,8129050
3,2021-03-27,74523,4877330,37924,2475785,34053,2308026,2546,93519,36223,1323428,0.162802,38074,1844695,0.226926,39440,3168123,0.389729,8129050
3,2021-03-28,44366,4921696,27939,2503724,15611,2323637,816,94335,22460,1325551,0.163063,21794,1866489,0.229607,23917,3192040,0.392671,8129050
3,2021-03-29,80683,5002379,42089,2545813,36732,2360369,1862,96197,44313,1336431,0.164402,36106,1902595,0.234049,46986,3239026,0.398451,8129050
3,2021-03-30,100209,5102588,49241,2595054,47342,2407711,3626,99823,56298,1353304,0.166478,43653,1946248,0.239419,60526,3299552,0.405896,8129050
3,2021-03-31,105124,5207712,56686,2651740,43588,2451299,4850,104673,56192,1365977,0.168036,48697,1994945,0.245409,61370,3360922,0.413446,8129050
3,2021-04-01,123606,5331318,62484,2714224,51367,2502666,9755,114428,66699,1386229,0.170528,56506,2051451,0.25236,76758,3437680,0.422888,8129050
3,2021-04-02,117964,5449282,57565,2771789,50065,2552731,10334,124762,62237,1403857,0.172696,55425,2106876,0.259179,73053,3510733,0.431875,8129050
3,2021-04-03,76149,5525431,38949,2810738,27964,2580695,9236,133998,37913,1413227,0.173849,38085,2144961,0.263864,47455,3558188,0.437713,8129050
3,2021-04-04,32437,5557868,17360,2828098,10863,2591558,4214,138212,14153,1413417,0.173872,18206,2163167,0.266103,18396,3576584,0.439976,8129050
3,2021-04-05,89286,5647154,45252,2873350,34829,2626387,9205,147417,43356,1421103,0.174818,45694,2208861,0.271724,53380,3629964,0.446542,8129050
3,2021-04-06,113478,5760632,55193,2928543,43103,2669490,15182,162599,53339,1430462,0.175969,59858,2268719,0.279088,69217,3699181,0.455057,8129050
3,2021-04-07,116375,5877007,60181,2988724,39875,2709365,16319,178918,56259,1443455,0.177567,59850,2328569,0.28645,72843,3772024,0.464018,8129050
3,2021-04-08,121446,5998453,60427,3049151,40854,2750219,20165,199083,56224,1455694,0.179073,64912,2393481,0.294436,77151,3849175,0.473509,8129050
3,2021-04-09,118450,6116903,59043,3108194,40255,2790474,19152,218235,51983,1461510,0.179789,66211,2459692,0.30258,72027,3921202,0.482369,8129050
3,2021-04-10,84456,6201359,37884,3146078,31294,2821768,15278,233513,34308,1461949,0.179843,49961,2509653,0.308726,50400,3971602,0.488569,8129050
3,2021-04-11,45284,6246643,24282,3170360,13021,2834789,7981,241494,17164,1459896,0.17959,28030,2537683,0.312175,25977,3997579,0.491765,8129050
3,2021-04-12,84038,6330681,42453,3212813,32777,2867566,8808,250302,38022,1462033,0.179853,45775,2583458,0.317806,47912,4045491,0.497659,8129050
3,2021-04-13,105574,6436255,57184,3269997,48176,2915742,214,250516,55688,1469174,0.180731,49644,2633102,0.323913,56785,4102276,0.504644,8129050
3,2021-04-14,107700,6543955,58869,3328866,48733,2964475,98,250614,53590,1470484,0.180892,53814,2686916,0.330533,55124,4157400,0.511425,8129050
3,2021-04-15,119532,6663487,67282,3396148,52175,3016650,75,250689,63977,1480104,0.182076,55238,2742154,0.337328,64858,4222258,0.519404,8129050
3,2021-04-16,115680,6779167,64851,3460999,50735,3067385,94,250783,60372,1486239,0.182831,54997,2797151,0.344093,61132,4283390,0.526924,8129050
3,2021-04-17,79576,6858743,43371,3504370,36192,3103577,13,250796,44337,1496539,0.184098,35018,2832169,0.348401,45318,4328708,0.532499,8129050
3,2021-04-18,38763,6897506,23373,3527743,15386,3118963,4,250800,18205,1495176,0.18393,20445,2852614,0.350916,19082,4347790,0.534846,8129050
3,2021-04-19,79378,6976884,44237,3571980,35087,3154050,54,250854,35920,1488375,0.183093,43283,2895897,0.356241,36482,4384272,0.539334,8129050
3,2021-04-20,100969,7077853,53153,3625133,47798,3201848,18,250872,49019,1486737,0.182892,51700,2947597,0.3626,50062,4434334,0.545492,8129050
3,2021-04-21,105709,7183562,59318,3684451,46322,3248170,69,250941,49967,1482475,0.182368,55380,3002977,0.369413,51118,4485452,0.551781,8129050
3,2021-04-22,111396,7294958,62579,3747030,48794,3296964,23,250964,47894,1468183,0.180609,63166,3066143,0.377183,48874,4534326,0.557793,8129050
3,2021-04-23,105752,7400710,60476,3807506,45249,3342213,27,250991,46359,1456516,0.179174,59064,3125207,0.384449,47397,4581723,0.563623,8129050
3,2021-04-24,73436,7474146,45316,3852822,28057,3370270,63,251054,35758,1455920,0.179101,37411,3162618,0.389051,36815,4618538,0.568152,8129050
3,2021-04-25,36728,7510874,23448,3876270,13263,3383533,17,251071,18752,1457260,0.179266,17835,3180453,0.391245,19175,4637713,0.570511,8129050
3,2021-04-26,73604,7584478,41534,3917804,31663,3415196,407,251478,31486,1448634,0.178205,41860,3222313,0.396395,33234,4670947,0.574599,8129050
3,2021-04-27,90832,7675310,47663,3965467,41431,3456627,1738,253216,36082,1432770,0.176253,54453,3276766,0.403093,38589,4709536,0.579346,8129050
3,2021-04-28,86480,7761790,49115,4014582,35237,3491864,2128,255344,35376,1419978,0.174679,50825,3327591,0.409346,38033,4747569,0.584025,8129050
3,2021-04-29,88546,7850336,50583,4065165,35758,3527622,2205,257549,31627,1397698,0.171939,56598,3384189,0.416308,34318,4781887,0.588247,8129050
3,2021-04-30,90205,7940541,50901,4116066,36824,3564446,2480,260029,33630,1378020,0.169518,56255,3440444,0.423228,36577,4818464,0.592746,8129050
3,2021-05-01,55066,7995607,34555,4150621,19053,3583499,1458,261487,19867,1364870,0.1679,34961,3475405,0.427529,21811,4840275,0.595429,8129050
3,2021-05-02,26861,8022468,18322,4168943,7525,3591024,1014,262501,9851,1358910,0.167167,16921,3492326,0.429611,10961,4851236,0.596778,8129050
3,2021-05-03,59260,8081728,34622,4203565,22277,3613301,2361,264862,17391,1337175,0.164493,41665,3533991,0.434736,19930,4871166,0.599229,8129050
3,2021-05-04,77322,8159050,44702,4248267,29957,3643258,2663,267525,22515,1308107,0.160918,54528,3588519,0.441444,25460,4896626,0.602361,8129050
3,2021-05-05,78744,8237794,47309,4295576,28737,3671995,2698,270223,21866,1276390,0.157016,56565,3645084,0.448402,24848,4921474,0.605418,8129050
3,2021-05-06,82760,8320554,52254,4347830,27980,3699975,2526,272749,20623,1238411,0.152344,61675,3706759,0.455989,23696,4945170,0.608333,8129050
3,2021-05-07,82093,8402647,51143,4398973,28331,3728306,2619,275368,21837,1203242,0.148018,59918,3766677,0.46336,24749,4969919,0.611378,8129050
3,2021-05-08,52234,8454881,32357,4431330,18171,3746477,1706,277074,13861,1180954,0.145276,38118,3804795,0.468049,15830,4985749,0.613325,8129050
3,2021-05-09,20898,8475779,15300,4446630,4806,3751283,792,277866,5526,1172056,0.144181,15282,3820077,0.469929,6384,4992133,0.61411,8129050
3,2021-05-10,47873,8523652,25645,4472275,20323,3771606,1905,279771,11120,1148784,0.141318,36560,3856637,0.474427,13288,5005421,0.615745,8129050
3,2021-05-11,63624,8587276,35551,4507826,25863,3797469,2210,281981,16116,1120297,0.137814,47282,3903919,0.480243,18795,5024216,0.618057,8129050
3,2021-05-12,64534,8651810,37078,4544904,25068,3822537,2388,284369,16531,1091759,0.134303,47756,3951675,0.486118,19218,5043434,0.620421,8129050
3,2021-05-13,74965,8726775,47243,4592147,25824,3848361,1898,286267,27487,1074510,0.132181,47242,3998917,0.491929,29993,5073427,0.624111,8129050
3,2021-05-14,79978,8806753,50528,4642675,27321,3875682,2129,288396,31024,1059588,0.130346,48672,4047589,0.497917,33750,5107177,0.628262,8129050
3,2021-05-15,61755,8868508,42638,4685313,17911,3893593,1206,289602,25591,1050628,0.129244,35974,4083563,0.502342,27014,5134191,0.631586,8129050
3,2021-05-16,33063,8901571,24720,4710033,7655,3901248,688,290290,13377,1045213,0.128578,19568,4103131,0.504749,14153,5148344,0.633327,8129050
3,2021-05-17,56744,8958315,36139,4746172,18775,3920023,1830,292120,20959,1032689,0.127037,35517,4138648,0.509118,22993,5171337,0.636155,8129050
3,2021-05-18,64285,9022600,37999,4784171,24446,3944469,1840,293960,24234,1019373,0.125399,39784,4178432,0.514012,26468,5197805,0.639411,8129050
3,2021-05-19,63687,9086287,38738,4822909,23218,3967687,1731,295691,24726,1007385,0.123924,38718,4217150,0.518775,26730,5224535,0.642699,8129050
3,2021-05-20,61232,9147519,35801,4858710,23608,3991295,1823,297514,22003,992600,0.122105,38957,4256107,0.523568,24172,5248707,0.645673,8129050
3,2021-05-21,65620,9213139,39865,4898575,23675,4014970,2080,299594,23485,976632,0.120141,41834,4297941,0.528714,25866,5274573,0.648855,8129050
3,2021-05-22,45570,9258709,30224,4928799,13882,4028852,1464,301058,19105,971191,0.119472,26266,4324207,0.531945,20825,5295398,0.651417,8129050
3,2021-05-23,21708,9280417,15014,4943813,6045,4034897,649,301707,9209,968745,0.119171,12415,4336622,0.533472,9969,5305367,0.652643,8129050
3,2021-05-24,39422,9319839,23059,4966872,14613,4049510,1750,303457,14685,960832,0.118197,24552,4361174,0.536492,16639,5322006,0.65469,8129050
3,2021-05-25,42548,9362387,23960,4990832,16922,4066432,1666,305123,15150,950729,0.116955,27143,4388317,0.539831,17040,5339046,0.656786,8129050
3,2021-05-26,42197,9404584,24190,5015022,16297,4082729,1710,306833,15858,942380,0.115927,26050,4414367,0.543036,17701,5356747,0.658963,8129050
3,2021-05-27,39264,9443848,22022,5037044,15497,4098226,1745,308578,15449,936156,0.115162,23656,4438023,0.545946,17432,5374179,0.661108,8129050
3,2021-05-28,42596,9486444,24072,5061116,16732,4114958,1792,310370,17724,931317,0.114567,24673,4462696,0.548981,19834,5394013,0.663548,8129050
3,2021-05-29,23427,9509871,14304,5075420,8288,4123246,835,311205,10992,930961,0.114523,12308,4475004,0.550495,11952,5405965,0.665018,8129050
3,2021-05-30,10577,9520448,6858,5082278,3084,4126330,635,311840,4457,930045,0.11441,6048,4481052,0.551239,5132,5411097,0.665649,8129050
3,2021-05-31,4617,9525065,2664,5084942,1686,4128016,267,312107,1452,928658,0.114239,3134,4484186,0.551625,1747,5412844,0.665864,8129050
3,2021-06-01,37585,9562650,21661,5106603,14489,4142505,1435,313542,13171,919265,0.113084,24194,4508380,0.554601,14801,5427645,0.667685,8129050
3,2021-06-02,31433,9594083,18068,5124671,11954,4154459,1411,314953,11658,912889,0.1123,19571,4527951,0.557009,13195,5440840,0.669308,8129050
3,2021-06-03,39492,9633575,27027,5151698,11039,4165498,1426,316379,11453,898131,0.110484,27858,4555809,0.560436,13100,5453940,0.67092,8129050
3,2021-06-04,46042,9679617,32557,5184255,11945,4177443,1540,317919,13112,880489,0.108314,32696,4588505,0.564458,15054,5468994,0.672772,8129050
3,2021-06-05,34234,9713851,25822,5210077,7226,4184669,1186,319105,8732,865293,0.106445,25300,4613805,0.56757,10104,5479098,0.674015,8129050
3,2021-06-06,14615,9728466,12195,5222272,1838,4186507,582,319687,3761,858999,0.10567,10798,4624603,0.568898,4504,5483602,0.674569,8129050
3,2021-06-07,30310,9758776,22043,5244315,6992,4193499,1275,320962,8698,847619,0.10427,21470,4646073,0.571539,10090,5493692,0.67581,8129050
3,2021-06-08,34242,9793018,24604,5268919,8352,4201851,1286,322248,9963,835020,0.10272,24068,4670141,0.5745,11469,5505161,0.677221,8129050
3,2021-06-09,32883,9825901,23862,5292781,7730,4209581,1291,323539,8878,821511,0.101059,23833,4693974,0.577432,10324,5515485,0.678491,8129050
3,2021-06-10,32394,9858295,23376,5316157,7489,4217070,1529,325068,9040,809070,0.099528,23209,4717183,0.580287,10768,5526253,0.679815,8129050
3,2021-06-11,35381,9893676,25020,5341177,8997,4226067,1364,326432,10528,796488,0.09798,24663,4741846,0.583321,12081,5538334,0.681302,8129050
3,2021-06-12,25076,9918752,18917,5360094,5269,4231336,890,327322,6678,785921,0.096681,18285,4760131,0.58557,7718,5546052,0.682251,8129050
3,2021-06-13,10111,9928863,7565,5367659,2054,4233390,492,327814,2353,781131,0.096091,7705,4767836,0.586518,2915,5548967,0.68261,8129050
3,2021-06-14,25724,9954587,18428,5386087,5890,4239280,1406,329220,8075,773241,0.095121,17517,4785353,0.588673,9627,5558594,0.683794,8129050
3,2021-06-15,28565,9983152,19352,5405439,7721,4247001,1492,330712,9605,765772,0.094202,18741,4804094,0.590979,11272,5569866,0.68518,8129050
3,2021-06-16,25771,10008923,18299,5423738,6072,4253073,1400,332112,8712,759161,0.093389,16880,4820974,0.593055,10269,5580135,0.686444,8129050
3,2021-06-17,24726,10033649,17737,5441475,5728,4258801,1261,333373,8605,753196,0.092655,15966,4836940,0.595019,10001,5590136,0.687674,8129050
3,2021-06-18,27851,10061500,19681,5461156,6611,4265412,1559,334932,9781,746856,0.091875,17850,4854790,0.597215,11510,5601646,0.68909,8129050
3,2021-06-19,15882,10077382,11661,5472817,3375,4268787,846,335778,5688,743429,0.091453,10070,4864860,0.598454,6643,5608289,0.689907,8129050
3,2021-06-20,6839,10084221,5139,5477956,1404,4270191,296,336074,2598,742186,0.0913,4190,4869050,0.598969,2947,5611236,0.69027,8129050
3,2021-06-21,16117,10100338,10194,5488150,4545,4274736,1378,337452,8036,743729,0.09149,7994,4877044,0.599953,9537,5620773,0.691443,8129050
3,2021-06-22,21928,10122266,15392,5503542,5274,4280010,1262,338714,8214,739759,0.091002,13599,4890643,0.601625,9629,5630402,0.692627,8129050
3,2021-06-23,20106,10142372,14133,5517675,4672,4284682,1301,340015,7980,737165,0.090683,12014,4902657,0.603103,9420,5639822,0.693786,8129050
3,2021-06-24,19827,10162199,13812,5531487,4581,4289263,1434,341449,7735,734522,0.090358,11927,4914584,0.604571,9284,5649106,0.694928,8129050
3,2021-06-25,23131,10185330,16406,5547893,5314,4294577,1411,342860,9050,731153,0.089943,13958,4928542,0.606288,10589,5659695,0.696231,8129050
3,2021-06-26,13754,10199084,10198,5558091,2791,4297368,765,343625,5739,729857,0.089784,7951,4936493,0.607266,6655,5666350,0.697049,8129050
3,2021-06-27,6667,10205751,5144,5563235,1214,4298582,309,343934,2849,729261,0.08971,3784,4940277,0.607731,3188,5669538,0.697442,8129050
3,2021-06-28,15747,10221498,12096,5575331,2590,4301172,1061,344995,6651,728078,0.089565,8993,4949270,0.608837,7810,5677348,0.698402,8129050
3,2021-06-29,17848,10239346,12589,5587920,4279,4305451,980,345975,7318,726089,0.08932,10416,4959686,0.610119,8427,5685775,0.699439,8129050
3,2021-06-30,16779,10256125,11893,5599813,3856,4309307,1030,347005,7208,725018,0.089189,9449,4969135,0.611281,8378,5694153,0.70047,8129050
3,2021-07-01,16054,10272179,11470,5611283,3542,4312849,1042,348047,6754,723699,0.089026,9212,4978347,0.612414,7893,5702046,0.701441,8129050
3,2021-07-02,18213,10290392,12956,5624239,4165,4317014,1092,349139,7761,722306,0.088855,10346,4988693,0.613687,8953,5710999,0.702542,8129050
3,2021-07-03,9948,10300340,7196,5631435,2329,4319343,423,349562,4280,721498,0.088756,5607,4994300,0.614377,4799,5715798,0.703132,8129050
3,2021-07-04,701,10301041,405,5631840,208,4319551,88,349650,267,721440,0.088748,430,4994730,0.61443,372,5716170,0.703178,8129050
3,2021-07-05,9430,10310471,6905,5638745,2108,4321659,417,350067,4272,721094,0.088706,5096,4999826,0.615057,4750,5720920,0.703762,8129050
3,2021-07-06,18762,10329233,13631,5652376,4040,4325699,1091,351158,6829,717330,0.088243,11801,5011627,0.616508,8037,5728957,0.704751,8129050
3,2021-07-07,15400,10344633,10938,5663314,3369,4329068,1093,352251,6232,715680,0.08804,9074,5020701,0.617625,7424,5736381,0.705664,8129050
3,2021-07-08,14034,10358667,10304,5673618,2924,4331992,806,353057,5772,714167,0.087854,8180,5028881,0.618631,6667,5743048,0.706485,8129050
3,2021-07-09,15362,10374029,11002,5684620,3512,4335504,848,353905,6450,712772,0.087682,8815,5037696,0.619715,7420,5750468,0.707397,8129050
3,2021-07-10,8963,10382992,6745,5691365,1868,4337372,350,354255,3880,712043,0.087592,5031,5042727,0.620334,4302,5754770,0.707927,8129050
3,2021-07-11,4445,10387437,3358,5694723,923,4338295,164,354419,2037,711880,0.087572,2376,5045103,0.620626,2213,5756983,0.708199,8129050
3,2021-07-12,9568,10397005,6907,5701630,2152,4340447,509,354928,3753,710440,0.087395,5761,5050864,0.621335,4321,5761304,0.70873,8129050
4,2020-12-15,455,455,455,455,0,0,0,0,455,455,5.7e-05,0,0,0.0,455,455,5.7e-05,8037679
4,2020-12-16,3029,3484,3029,3484,0,0,0,0,3029,3484,0.000433,0,0,0.0,3029,3484,0.000433,8037679
4,2020-12-17,8922,12406,8922,12406,0,0,0,0,8922,12406,0.001543,0,0,0.0,8922,12406,0.001543,8037679
4,2020-12-18,16156,28562,16144,28550,12,12,0,0,16156,28562,0.003554,0,0,0.0,16156,28562,0.003554,8037679
4,2020-12-19,10366,38928,10357,38907,9,21,0,0,10301,38863,0.004835,0,0,0.0,10301,38863,0.004835,8037679
4,2020-12-20,7403,46331,7396,46303,7,28,0,0,7358,46221,0.005751,0,0,0.0,7358,46221,0.005751,8037679
4,2020-12-21,16368,62699,16342,62645,26,54,0,0,16301,62521,0.007778,1,1,0.0,16301,62522,0.007779,8037679
4,2020-12-22,17199,79898,16448,79093,751,805,0,0,17153,79671,0.009912,3,4,0.0,17153,79675,0.009913,8037679
4,2020-12-23,17100,96998,14380,93473,2720,3525,0,0,17069,96738,0.012036,2,6,1e-06,17069,96744,0.012036,8037679
4,2020-12-24,8537,105535,5952,99425,2585,6110,0,0,8537,105275,0.013098,0,6,1e-06,8537,105281,0.013098,8037679
4,2020-12-25,905,106440,800,100225,105,6215,0,0,905,106180,0.01321,0,6,1e-06,905,106186,0.013211,8037679
4,2020-12-26,6171,112611,3894,104119,2277,8492,0,0,6171,112351,0.013978,0,6,1e-06,6171,112357,0.013979,8037679
4,2020-12-27,3436,116047,2001,106120,1435,9927,0,0,3436,115787,0.014406,0,6,1e-06,3436,115793,0.014406,8037679
4,2020-12-28,15113,131160,9338,115458,5775,15702,0,0,15085,130870,0.016282,2,8,1e-06,15085,130878,0.016283,8037679
4,2020-12-29,15385,146545,8512,123970,6873,22575,0,0,15351,146221,0.018192,0,8,1e-06,15351,146229,0.018193,8037679
4,2020-12-30,18945,165490,11067,135037,7878,30453,0,0,18934,165153,0.020547,2,10,1e-06,18934,165163,0.020549,8037679
4,2020-12-31,8277,173767,3357,138394,4920,35373,0,0,8264,173408,0.021574,9,19,2e-06,8264,173427,0.021577,8037679
4,2021-01-01,1554,175321,697,139091,857,36230,0,0,1549,174954,0.021767,3,22,3e-06,1549,174976,0.021769,8037679
4,2021-01-02,5725,181046,3233,142324,2492,38722,0,0,5723,180676,0.022479,1,23,3e-06,5723,180699,0.022481,8037679
4,2021-01-03,2147,183193,1270,143594,877,39599,0,0,2131,182803,0.022743,4,27,3e-06,2131,182830,0.022747,8037679
4,2021-01-04,12957,196150,7020,150614,5937,45536,0,0,12907,195681,0.024345,29,56,7e-06,12907,195737,0.024352,8037679
4,2021-01-05,16909,213059,10021,160635,6888,52424,0,0,14706,208224,0.025906,2176,2232,0.000278,14719,210456,0.026184,8037679
4,2021-01-06,21624,234683,13244,173879,8380,60804,0,0,15543,217750,0.027091,6031,8263,0.001028,15557,226013,0.028119,8037679
4,2021-01-07,27966,262649,17049,190928,10917,71721,0,0,16705,223275,0.027779,11201,19464,0.002422,16726,242739,0.0302,8037679
4,2021-01-08,32852,295501,21095,212023,11757,83478,0,0,18307,227124,0.028257,14477,33941,0.004223,18326,261065,0.03248,8037679
4,2021-01-09,16286,311787,9646,221669,6640,90118,0,0,9456,229781,0.028588,6810,40751,0.00507,9467,270532,0.033658,8037679
4,2021-01-10,8767,320554,5658,227327,3109,93227,0,0,4150,229338,0.028533,4601,45352,0.005642,4158,274690,0.034175,8037679
4,2021-01-11,33468,354022,21942,249269,11526,104753,0,0,18874,233697,0.029075,14560,59912,0.007454,18919,293609,0.036529,8037679
4,2021-01-12,38597,392619,22277,271546,16320,121073,0,0,24276,243762,0.030327,14252,74164,0.009227,24317,317926,0.039554,8037679
4,2021-01-13,38800,431419,19185,290731,19615,140688,0,0,27417,259877,0.032332,11329,85493,0.010637,27444,345370,0.042969,8037679
4,2021-01-14,39344,470763,15122,305853,24222,164910,0,0,32166,284940,0.035451,7132,92625,0.011524,32195,377565,0.046974,8037679
4,2021-01-15,45386,516149,15762,321615,29624,194534,0,0,39726,319092,0.0397,5599,98224,0.01222,39751,417316,0.05192,8037679
4,2021-01-16,28763,544912,9359,330974,19404,213938,0,0,25611,341602,0.0425,3119,101343,0.012608,25629,442945,0.055109,8037679
4,2021-01-17,19068,563980,6673,337647,12395,226333,0,0,17535,357641,0.044496,1510,102853,0.012796,17549,460494,0.057292,8037679
4,2021-01-18,29480,593460,13641,351288,15839,242172,0,0,23465,375211,0.046682,5921,108774,0.013533,23491,483985,0.060215,8037679
4,2021-01-19,46150,639610,23091,374379,23059,265231,0,0,36762,402716,0.050104,9331,118105,0.014694,36836,520821,0.064797,8037679
4,2021-01-20,52672,692282,28207,402586,24465,289696,0,0,42101,434406,0.054046,10471,128576,0.015997,42161,562982,0.070043,8037679
4,2021-01-21,57601,749883,25889,428475,31712,321408,0,0,50821,478559,0.059539,6712,135288,0.016832,50865,613847,0.076371,8037679
4,2021-01-22,55379,805262,22266,450741,33113,354521,0,0,50184,523676,0.065153,5094,140382,0.017465,50211,664058,0.082618,8037679
4,2021-01-23,39659,844921,17408,468149,22251,376772,0,0,35312,554681,0.06901,4337,144719,0.018005,35342,699400,0.087015,8037679
4,2021-01-24,23976,868897,10498,478647,13478,390250,0,0,22069,574871,0.071522,1897,146616,0.018241,22087,721487,0.089763,8037679
4,2021-01-25,47942,916839,22139,500786,25803,416053,0,0,36789,600600,0.074723,11116,157732,0.019624,36845,758332,0.094347,8037679
4,2021-01-26,56829,973668,28913,529699,27916,443969,0,0,44500,632884,0.07874,12277,170009,0.021152,44561,802893,0.099891,8037679
4,2021-01-27,56182,1029850,26697,556396,29485,473454,0,0,45110,667051,0.082991,10994,181003,0.022519,45161,848054,0.10551,8037679
4,2021-01-28,56588,1086438,25497,581893,31091,504545,0,0,46560,703720,0.087553,9936,190939,0.023755,46605,894659,0.111308,8037679
4,2021-01-29,56573,1143011,27120,609013,29453,533998,0,0,46126,739614,0.092018,10266,201205,0.025033,46160,940819,0.117051,8037679
4,2021-01-30,38005,1181016,17116,626129,20889,554887,0,0,32628,766946,0.095419,5320,206525,0.025695,32652,973471,0.121113,8037679
4,2021-01-31,23873,1204889,12504,638633,11369,566256,0,0,22163,787436,0.097968,1690,208215,0.025905,22180,995651,0.123873,8037679
4,2021-02-01,49708,1254597,23950,662583,25758,592014,0,0,37999,813821,0.101251,11656,219871,0.027355,38041,1033692,0.128606,8037679
4,2021-02-02,55460,1310057,25441,688024,30019,622033,0,0,42537,843557,0.10495,12844,232715,0.028953,42580,1076272,0.133903,8037679
4,2021-02-03,61990,1372047,30290,718314,31700,653733,0,0,47592,876923,0.109102,14280,246995,0.03073,47646,1123918,0.139831,8037679
4,2021-02-04,67634,1439681,31354,749668,36280,690013,0,0,50758,911073,0.11335,16715,263710,0.032809,50865,1174783,0.146159,8037679
4,2021-02-05,73105,1512786,33735,783403,39370,729383,0,0,50876,940113,0.116963,21969,285679,0.035542,51009,1225792,0.152506,8037679
4,2021-02-06,48619,1561405,26057,809460,22562,751945,0,0,37076,965916,0.120173,11473,297152,0.03697,37276,1263068,0.157143,8037679
4,2021-02-07,26446,1587851,17439,826899,9007,760952,0,0,20007,979754,0.121895,6404,303556,0.037767,20242,1283310,0.159662,8037679
4,2021-02-08,58624,1646475,30154,857053,28470,789422,0,0,38084,997695,0.124127,20405,323961,0.040305,38346,1321656,0.164433,8037679
4,2021-02-09,67298,1713773,34100,891153,33198,822620,0,0,39433,1009860,0.125641,27675,351636,0.043748,39840,1361496,0.169389,8037679
4,2021-02-10,77515,1791288,38729,929882,38786,861406,0,0,40659,1014448,0.126212,36614,388250,0.048304,41202,1402698,0.174515,8037679
4,2021-02-11,81325,1872613,42384,972266,38941,900347,0,0,41385,1016792,0.126503,39712,427962,0.053244,42056,1444754,0.179748,8037679
4,2021-02-12,84680,1957293,37914,1010180,46766,947113,0,0,43479,1020091,0.126914,40970,468932,0.058342,44269,1489023,0.185255,8037679
4,2021-02-13,59060,2016353,29904,1040084,29156,976269,0,0,30060,1022190,0.127175,28860,497792,0.061932,30959,1519982,0.189107,8037679
4,2021-02-14,37010,2053363,19224,1059308,17786,994055,0,0,18907,1023708,0.127364,18047,515839,0.064178,19565,1539547,0.191541,8037679
4,2021-02-15,46319,2099682,21671,1080979,24648,1018703,0,0,23766,1026189,0.127672,22466,538305,0.066973,24947,1564494,0.194645,8037679
4,2021-02-16,80175,2179857,36723,1117702,43452,1062155,0,0,40798,1028950,0.128016,39255,577560,0.071857,42016,1606510,0.199872,8037679
4,2021-02-17,81579,2261436,38522,1156224,43057,1105212,0,0,38785,1026256,0.127681,42606,620166,0.077157,39912,1646422,0.204838,8037679
4,2021-02-18,83536,2344972,45955,1202179,37581,1142793,0,0,38643,1021677,0.127111,44703,664869,0.082719,40124,1686546,0.20983,8037679
4,2021-02-19,83054,2428026,52194,1254373,30860,1173653,0,0,41491,1022468,0.127209,41391,706260,0.087869,42182,1728728,0.215078,8037679
4,2021-02-20,49596,2477622,32970,1287343,16626,1190279,0,0,26916,1027482,0.127833,22596,728856,0.09068,27610,1756338,0.218513,8037679
4,2021-02-21,30006,2507628,23852,1311195,6154,1196433,0,0,14572,1026986,0.127771,15353,744209,0.09259,14857,1771195,0.220361,8037679
4,2021-02-22,55160,2562788,37918,1349113,17242,1213675,0,0,26538,1025499,0.127586,28473,772682,0.096132,26986,1798181,0.223719,8037679
4,2021-02-23,76156,2638944,42176,1391289,33980,1247655,0,0,33397,1018010,0.126655,42558,815240,0.101427,35069,1833250,0.228082,8037679
4,2021-02-24,91194,2730138,48133,1439422,43061,1290716,0,0,41026,1011280,0.125817,49910,865150,0.107637,43180,1876430,0.233454,8037679
4,2021-02-25,102533,2832671,53608,1493030,48925,1339641,0,0,48855,1009234,0.125563,53460,918610,0.114288,51414,1927844,0.239851,8037679
4,2021-02-26,108425,2941096,54715,1547745,53710,1393351,0,0,55419,1014287,0.126192,52721,971331,0.120847,57774,1985618,0.247039,8037679
4,2021-02-27,78344,3019440,42598,1590343,35736,1429087,10,10,41895,1021427,0.12708,36251,1007582,0.125357,43391,2029009,0.252437,8037679
4,2021-02-28,48080,3067520,29647,1619990,18426,1447513,7,17,26656,1027717,0.127862,21257,1028839,0.128002,27547,2056556,0.255864,8037679
4,2021-03-01,78106,3145626,45825,1665815,32238,1479751,43,60,43126,1037385,0.129065,34693,1063532,0.132318,44361,2100917,0.261384,8037679
4,2021-03-02,86119,3231745,49516,1715331,36594,1516345,9,69,50518,1054281,0.131167,35419,1098951,0.136725,52315,2153232,0.267892,8037679
4,2021-03-03,100402,3332147,53396,1768727,46991,1563336,15,84,56142,1068167,0.132895,44041,1142992,0.142204,57927,2211159,0.275099,8037679
4,2021-03-04,97894,3430041,54296,1823023,43580,1606916,18,102,53619,1079539,0.13431,44041,1187033,0.147684,55413,2266572,0.281993,8037679
4,2021-03-05,95529,3525570,51621,1874644,43589,1650505,319,421,56417,1099320,0.136771,38891,1225924,0.152522,58672,2325244,0.289293,8037679
4,2021-03-06,76601,3602171,43142,1917786,30819,1681324,2640,3061,47076,1120977,0.139465,29392,1255316,0.156179,51049,2376293,0.295644,8037679
4,2021-03-07,44733,3646904,27467,1945253,15078,1696402,2188,5249,26031,1131672,0.140796,18619,1273935,0.158495,29314,2405607,0.299291,8037679
4,2021-03-08,67792,3714696,35467,1980720,28964,1725366,3361,8610,44541,1157782,0.144044,23119,1297054,0.161372,49229,2454836,0.305416,8037679
4,2021-03-09,81747,3796443,41335,2022055,35167,1760533,5245,13855,44111,1170775,0.145661,37451,1334505,0.166031,50444,2505280,0.311692,8037679
4,2021-03-10,91305,3887748,47077,2069132,36778,1797311,7450,21305,46130,1180301,0.146846,44983,1379488,0.171628,54509,2559789,0.318474,8037679
4,2021-03-11,100822,3988570,52972,2122104,39429,1836740,8421,29726,46526,1182290,0.147093,54043,1433531,0.178351,56032,2615821,0.325445,8037679
4,2021-03-12,104633,4093203,51577,2173681,42787,1879527,10269,39995,44669,1178468,0.146618,59680,1493211,0.185776,55858,2671679,0.332394,8037679
4,2021-03-13,81575,4174778,37853,2211534,35297,1914824,8425,48420,38533,1183615,0.147258,42902,1536113,0.191114,48049,2719728,0.338372,8037679
4,2021-03-14,49912,4224690,28401,2239935,17880,1932704,3631,52051,23260,1184567,0.147377,26554,1562667,0.194418,27506,2747234,0.341794,8037679
4,2021-03-15,83729,4308419,45084,2285019,34403,1967107,4242,56293,42445,1191061,0.148185,41030,1603697,0.199522,47524,2794758,0.347707,8037679
4,2021-03-16,107767,4416186,56040,2341059,48324,2015431,3403,59696,56871,1201385,0.149469,50644,1654341,0.205823,60968,2855726,0.355292,8037679
4,2021-03-17,107044,4523230,57668,2398727,45883,2061314,3493,63189,62564,1223787,0.152256,44213,1698554,0.211324,66615,2922341,0.36358,8037679
4,2021-03-18,107166,4630396,59464,2458191,44013,2105327,3689,66878,60684,1242391,0.154571,46197,1744751,0.217071,64801,2987142,0.371642,8037679
4,2021-03-19,111668,4742064,64288,2522479,42187,2147514,5193,72071,63465,1263510,0.157198,47931,1792682,0.223035,69050,3056192,0.380233,8037679
4,2021-03-20,84089,4826153,49099,2571578,31985,2179499,3005,75076,51582,1286060,0.160004,32345,1825027,0.227059,54895,3111087,0.387063,8037679
4,2021-03-21,48303,4874456,35013,2606591,11032,2190531,2258,77334,28319,1297128,0.161381,19860,1844887,0.22953,30928,3142015,0.390911,8037679
4,2021-03-22,82562,4957018,53963,2660554,25864,2216395,2735,80069,51305,1320866,0.164334,31015,1875902,0.233389,54753,3196768,0.397723,8037679
4,2021-03-23,104928,5061946,62836,2723390,39940,2256335,2152,82221,62387,1343686,0.167173,42265,1918167,0.238647,65085,3261853,0.40582,8037679
4,2021-03-24,113545,5175491,73301,2796691,37833,2294168,2411,84632,63890,1361224,0.169355,49212,1967379,0.24477,66750,3328603,0.414125,8037679
4,2021-03-25,117115,5292606,72123,2868814,42601,2336769,2391,87023,66879,1381220,0.171843,49749,2017128,0.250959,69745,3398348,0.422802,8037679
4,2021-03-26,119777,5412383,72676,2941490,44061,2380830,3040,90063,65424,1396296,0.173719,53981,2071109,0.257675,69057,3467405,0.431394,8037679
4,2021-03-27,92073,5504456,54299,2995789,35989,2416819,1785,91848,46765,1400270,0.174213,45056,2116165,0.263281,49030,3516435,0.437494,8037679
4,2021-03-28,55801,5560257,36843,3032632,18085,2434904,873,92721,29636,1405162,0.174822,25988,2142153,0.266514,30880,3547315,0.441336,8037679
4,2021-03-29,93611,5653868,56107,3088739,35427,2470331,2077,94798,50691,1415815,0.176147,42663,2184816,0.271822,53316,3600631,0.447969,8037679
4,2021-03-30,117183,5771051,63919,3152658,49099,2519430,4165,98963,69597,1442662,0.179487,47338,2232154,0.277711,74185,3674816,0.457199,8037679
4,2021-03-31,121138,5892189,71486,3224144,43349,2562779,6303,105266,67920,1464226,0.18217,52858,2285012,0.284288,74422,3749238,0.466458,8037679
4,2021-04-01,142565,6034754,81300,3305444,48005,2610784,13260,118526,83860,1503239,0.187024,58235,2343247,0.291533,97248,3846486,0.478557,8037679
4,2021-04-02,136661,6171415,73017,3378461,50058,2660842,13586,132112,78790,1538334,0.19139,57564,2400811,0.298695,92659,3939145,0.490085,8037679
4,2021-04-03,101262,6272677,54123,3432584,33727,2694569,13412,145524,52645,1556192,0.193612,48412,2449223,0.304718,66270,4005415,0.49833,8037679
4,2021-04-04,46869,6319546,24735,3457319,14613,2709182,7521,153045,20334,1557633,0.193791,26424,2475647,0.308005,27865,4033280,0.501797,8037679
4,2021-04-05,109528,6429074,61536,3518855,35155,2744337,12837,165882,56717,1575155,0.195971,52586,2528233,0.314548,70108,4103388,0.510519,8037679
4,2021-04-06,138824,6567898,78157,3597012,40913,2785250,19754,185636,72043,1600999,0.199187,66540,2594773,0.322826,92384,4195772,0.522013,8037679
4,2021-04-07,137634,6705532,77987,3674999,38948,2824198,20699,206335,71258,1627114,0.202436,66117,2660890,0.331052,92232,4288004,0.533488,8037679
4,2021-04-08,140017,6845549,78066,3753065,36514,2860712,25437,231772,69571,1652569,0.205603,70145,2731035,0.339779,95600,4383604,0.545382,8037679
4,2021-04-09,137675,6983224,75558,3828623,39121,2899833,22996,254768,65632,1670388,0.20782,71805,2802840,0.348713,89624,4473228,0.556532,8037679
4,2021-04-10,103836,7087060,51224,3879847,33748,2933581,18864,273632,46845,1680343,0.209058,56778,2859618,0.355777,66733,4539961,0.564835,8037679
4,2021-04-11,62684,7149744,38067,3917914,13443,2947024,11174,284806,27320,1684644,0.209593,35252,2894870,0.360162,39553,4579514,0.569756,8037679
4,2021-04-12,102788,7252532,62487,3980401,30125,2977149,10176,294982,51760,1697067,0.211139,50726,2945596,0.366473,63149,4642663,0.577612,8037679
4,2021-04-13,130268,7382800,81734,4062135,48368,3025517,166,295148,77960,1724045,0.214495,52007,2997603,0.372944,78985,4721648,0.587439,8037679
4,2021-04-14,135436,7518236,86320,4148455,49041,3074558,75,295223,74964,1740181,0.216503,60132,3057735,0.380425,76268,4797916,0.596928,8037679
4,2021-04-15,156197,7674433,103998,4252453,52133,3126691,66,295289,95877,1776941,0.221076,59942,3117677,0.387883,96702,4894618,0.608959,8037679
4,2021-04-16,143560,7817993,91033,4343486,52449,3179140,78,295367,83470,1801424,0.224122,59782,3177459,0.39532,84265,4978883,0.619443,8037679
4,2021-04-17,101490,7919483,63801,4407287,37665,3216805,24,295391,59627,1820636,0.226513,41585,3219044,0.400494,60797,5039680,0.627007,8037679
4,2021-04-18,56777,7976260,38369,4445656,18405,3235210,3,295394,32015,1828986,0.227552,24630,3243674,0.403559,32980,5072660,0.63111,8037679
4,2021-04-19,101512,8077772,66924,4512580,34571,3269781,17,295411,51862,1832063,0.227934,49401,3293075,0.409705,52478,5125138,0.637639,8037679
4,2021-04-20,131723,8209495,78606,4591186,53102,3322883,15,295426,68772,1839287,0.228833,62636,3355711,0.417498,69860,5194998,0.646331,8037679
4,2021-04-21,134090,8343585,87570,4678756,46466,3369349,54,295480,67705,1842154,0.22919,66000,3421711,0.425709,68867,5263865,0.654899,8037679
4,2021-04-22,140762,8484347,93484,4772240,47254,3416603,24,295504,63035,1828988,0.227552,77347,3499058,0.435332,64181,5328046,0.662884,8037679
4,2021-04-23,134131,8618478,87405,4859645,46702,3463305,24,295528,58286,1812990,0.225561,75497,3574555,0.444725,59499,5387545,0.670286,8037679
4,2021-04-24,97926,8716404,66131,4925776,31745,3495050,50,295578,45080,1806639,0.224771,52550,3627105,0.451263,46199,5433744,0.676034,8037679
4,2021-04-25,50107,8766511,35317,4961093,14765,3509815,25,295603,26205,1809562,0.225135,23757,3650862,0.454218,26680,5460424,0.679353,8037679
4,2021-04-26,91648,8858159,60120,5021213,31131,3540946,397,296000,36107,1792153,0.222969,55246,3706108,0.461092,37837,5498261,0.684061,8037679
4,2021-04-27,113449,8971608,69314,5090527,41827,3582773,2308,298308,40957,1764039,0.219471,72174,3778282,0.470071,44060,5542321,0.689542,8037679
4,2021-04-28,103665,9075273,67753,5158280,33400,3616173,2512,300820,38009,1739882,0.216466,65340,3843622,0.4782,41183,5583504,0.694666,8037679
4,2021-04-29,105083,9180356,67155,5225435,35408,3651581,2520,303340,34045,1706354,0.212294,70694,3914316,0.486996,37166,5620670,0.69929,8037679
4,2021-04-30,104747,9285103,66411,5291846,35653,3687234,2683,306023,36080,1677494,0.208704,68286,3982602,0.495492,39426,5660096,0.704195,8037679
4,2021-05-01,69002,9354105,45809,5337655,21436,3708670,1757,307780,20084,1651299,0.205445,48679,4031281,0.501548,22484,5682580,0.706993,8037679
4,2021-05-02,37468,9391573,26589,5364244,9601,3718271,1278,309058,10524,1636421,0.203594,26825,4058106,0.504885,11947,5694527,0.708479,8037679
4,2021-05-03,78282,9469855,54476,5418720,21335,3739606,2471,311529,19172,1599574,0.199009,58859,4116965,0.512208,22012,5716539,0.711218,8037679
4,2021-05-04,100763,9570618,68990,5487710,29017,3768623,2756,314285,22710,1547654,0.19255,77778,4194743,0.521885,25858,5742397,0.714435,8037679
4,2021-05-05,101514,9672132,71613,5559323,27175,3795798,2726,317011,22045,1493589,0.185823,79142,4273885,0.531731,25077,5767474,0.717555,8037679
4,2021-05-06,111063,9783195,83245,5642568,24890,3820688,2928,319939,19671,1426371,0.177461,90937,4364822,0.543045,23719,5791193,0.720506,8037679
4,2021-05-07,104221,9887416,74975,5717543,26568,3847256,2678,322617,20612,1366827,0.170052,83251,4448073,0.553403,23707,5814900,0.723455,8037679
4,2021-05-08,69272,9956688,47756,5765299,19592,3866848,1924,324541,13753,1327576,0.165169,55282,4503355,0.560281,16031,5830931,0.72545,8037679
4,2021-05-09,34116,9990804,27924,5793223,5251,3872099,941,325482,7499,1309597,0.162932,26513,4529868,0.563579,8534,5839465,0.726511,8037679
4,2021-05-10,64595,10055399,43199,5836422,19085,3891184,2311,327793,10982,1269793,0.15798,53410,4583278,0.570224,13606,5853071,0.728204,8037679
4,2021-05-11,82210,10137609,51307,5887729,28726,3919910,2177,329970,15777,1222050,0.15204,66193,4649471,0.578459,18450,5871521,0.7305,8037679
4,2021-05-12,79293,10216902,52756,5940485,24038,3943948,2499,332469,16682,1179275,0.146718,62328,4711799,0.586214,19553,5891074,0.732932,8037679
4,2021-05-13,103973,10320875,76623,6017108,25826,3969774,1524,333993,40398,1158954,0.14419,63253,4775052,0.594083,42932,5934006,0.738274,8037679
4,2021-05-14,104426,10425301,73765,6090873,28533,3998307,2128,336121,40268,1138028,0.141587,63854,4838906,0.602028,42928,5976934,0.743614,8037679
4,2021-05-15,85117,10510418,65857,6156730,17938,4016245,1322,337443,37631,1130032,0.140592,47239,4886145,0.607905,39243,6016177,0.748497,8037679
4,2021-05-16,51362,10561780,41394,6198124,9259,4025504,709,338152,21058,1121778,0.139565,30158,4916303,0.611657,21904,6038081,0.751222,8037679
4,2021-05-17,70854,10632634,51791,6249915,17224,4042728,1839,339991,28061,1109308,0.138013,42597,4958900,0.616957,30127,6068208,0.75497,8037679
4,2021-05-18,81331,10713965,52950,6302865,26631,4069359,1750,341741,29191,1088822,0.135465,51789,5010689,0.6234,31303,6099511,0.758865,8037679
4,2021-05-19,76486,10790451,51762,6354627,22784,4092143,1940,343681,30884,1076610,0.133945,45326,5056015,0.629039,33114,6132625,0.762985,8037679
4,2021-05-20,68489,10858940,43971,6398598,22526,4114669,1992,345673,25372,1061480,0.132063,42837,5098852,0.634369,27707,6160332,0.766432,8037679
4,2021-05-21,73220,10932160,48330,6446928,23028,4137697,1862,347535,25897,1042459,0.129697,47047,5145899,0.640222,28026,6188358,0.769919,8037679
4,2021-05-22,49571,10981731,34806,6481734,13486,4151183,1279,348814,21663,1037870,0.129126,27754,5173653,0.643675,23165,6211523,0.772801,8037679
4,2021-05-23,23958,11005689,17089,6498823,6146,4157329,723,349537,9779,1034422,0.128697,14058,5187711,0.645424,10610,6222133,0.774121,8037679
4,2021-05-24,42938,11048627,27339,6526162,12604,4169933,2995,352532,15067,1025025,0.127527,27658,5215369,0.648865,18261,6240394,0.776393,8037679
4,2021-05-25,44750,11093377,27828,6553990,14108,4184041,2814,355346,15892,1015334,0.126322,28628,5243997,0.652427,18937,6259331,0.778749,8037679
4,2021-05-26,44368,11137745,26652,6580642,15124,4199165,2592,357938,15827,1005595,0.12511,28334,5272331,0.655952,18595,6277926,0.781062,8037679
4,2021-05-27,38750,11176495,23296,6603938,12322,4211487,3132,361070,14624,999582,0.124362,23937,5296268,0.65893,17924,6295850,0.783292,8037679
4,2021-05-28,43104,11219599,27486,6631424,14022,4225509,1596,362666,18805,996155,0.123936,24051,5320319,0.661922,20624,6316474,0.785858,8037679
4,2021-05-29,23580,11243179,15350,6646774,7297,4232806,933,363599,10857,995485,0.123852,12593,5332912,0.663489,11923,6328397,0.787341,8037679
4,2021-05-30,12012,11255191,8435,6655209,3052,4235858,525,364124,5002,994136,0.123684,6945,5339857,0.664353,5596,6333993,0.788038,8037679
4,2021-05-31,3550,11258741,2260,6657469,1131,4236989,159,364283,1136,993082,0.123553,2370,5342227,0.664648,1316,6335309,0.788201,8037679
4,2021-06-01,39299,11298040,24438,6681907,12421,4249410,2440,366723,13003,982657,0.122256,26084,5368311,0.667893,15659,6350968,0.790149,8037679
4,2021-06-02,32466,11330506,20317,6702224,9368,4258778,2781,369504,10868,975034,0.121308,21420,5389731,0.670558,13797,6364765,0.791866,8037679
4,2021-06-03,47887,11378393,36749,6738973,8686,4267464,2452,371956,10363,950790,0.118292,37368,5427099,0.675207,13124,6377889,0.793499,8037679
4,2021-06-04,54601,11432994,43972,6782945,9308,4276772,1321,373277,12750,924045,0.114964,41626,5468725,0.680386,14881,6392770,0.79535,8037679
4,2021-06-05,44625,11477619,38233,6821178,5396,4282168,996,374273,8765,898374,0.11177,35713,5504438,0.684829,10042,6402812,0.7966,8037679
4,2021-06-06,21172,11498791,18897,6840075,1713,4283881,562,374835,3982,886220,0.110258,17092,5521530,0.686956,4938,6407750,0.797214,8037679
4,2021-06-07,38572,11537363,31226,6871301,5435,4289316,1911,376746,8443,866858,0.107849,30002,5551532,0.690688,10640,6418390,0.798538,8037679
4,2021-06-08,40420,11577783,31736,6903037,6155,4295471,2529,379275,9452,848390,0.105552,30781,5582313,0.694518,12313,6430703,0.80007,8037679
4,2021-06-09,38811,11616594,30788,6933825,5672,4301143,2351,381626,7926,828307,0.103053,30716,5613029,0.69834,10633,6441336,0.801393,8037679
4,2021-06-10,37001,11653595,29169,6962994,5216,4306359,2616,384242,8561,811464,0.100958,28285,5641314,0.701859,11442,6452778,0.802816,8037679
4,2021-06-11,38122,11691717,29943,6992937,6170,4312529,2009,386251,9859,795576,0.098981,28107,5669421,0.705355,12219,6464997,0.804336,8037679
4,2021-06-12,26449,11718166,22024,7014961,3715,4316244,710,386961,6052,782269,0.097325,20290,5689711,0.70788,6983,6471980,0.805205,8037679
4,2021-06-13,10813,11728979,8548,7023509,1789,4318033,476,387437,2278,776662,0.096628,8468,5698179,0.708933,2861,6474841,0.805561,8037679
4,2021-06-14,28518,11757497,21333,7044842,4381,4322414,2804,390241,7791,766887,0.095411,20590,5718769,0.711495,10815,6485656,0.806907,8037679
4,2021-06-15,29855,11787352,21126,7065968,5331,4327745,3398,393639,8309,757457,0.094238,21394,5740163,0.714157,11964,6497620,0.808395,8037679
4,2021-06-16,26478,11813830,19959,7085927,3913,4331658,2606,396245,7989,749940,0.093303,18325,5758488,0.716437,10808,6508428,0.80974,8037679
4,2021-06-17,25017,11838847,18479,7104406,3662,4335320,2876,399121,7582,743339,0.092482,17252,5775740,0.718583,10651,6519079,0.811065,8037679
4,2021-06-18,26581,11865428,20961,7125367,4393,4339713,1227,400348,8222,734883,0.09143,18159,5793899,0.720842,9703,6528782,0.812272,8037679
4,2021-06-19,15689,11881117,12699,7138066,2295,4342008,695,401043,5043,730286,0.090858,10501,5804400,0.722149,5904,6534686,0.813007,8037679
4,2021-06-20,7354,11888471,6058,7144124,989,4342997,307,401350,2620,728617,0.09065,4675,5809075,0.72273,3006,6537692,0.813381,8037679
4,2021-06-21,14492,11902963,10479,7154603,2875,4345872,1138,402488,7311,730147,0.090841,7104,5816179,0.723614,8634,6546326,0.814455,8037679
4,2021-06-22,20370,11923333,15890,7170493,3412,4349284,1068,403556,7079,725274,0.090234,13171,5829350,0.725253,8298,6554624,0.815487,8037679
4,2021-06-23,18320,11941653,14379,7184872,2959,4352243,982,404538,6700,721588,0.089776,11492,5840842,0.726683,7806,6562430,0.816458,8037679
4,2021-06-24,17490,11959143,13541,7198413,2961,4355204,988,405526,6531,718445,0.089385,10804,5851646,0.728027,7661,6570091,0.817411,8037679
4,2021-06-25,21451,11980594,16867,7215280,3543,4358747,1041,406567,7759,713857,0.088814,13556,5865202,0.729713,8968,6579059,0.818527,8037679
4,2021-06-26,12957,11993551,10552,7225832,1790,4360537,615,407182,4779,711279,0.088493,8077,5873279,0.730718,5499,6584558,0.819211,8037679
4,2021-06-27,6805,12000356,5512,7231344,952,4361489,341,407523,2870,710645,0.088414,3899,5877178,0.731203,3265,6587823,0.819618,8037679
4,2021-06-28,14962,12015318,12573,7243917,1547,4363036,842,408365,6017,708760,0.08818,8865,5886043,0.732306,6980,6594803,0.820486,8037679
4,2021-06-29,16367,12031685,12702,7256619,2864,4365900,801,409166,6351,706121,0.087851,9910,5895953,0.733539,7271,6602074,0.821391,8037679
4,2021-06-30,14409,12046094,11244,7267863,2442,4368342,723,409889,5982,704605,0.087663,8329,5904282,0.734575,6813,6608887,0.822238,8037679
4,2021-07-01,14320,12060414,11314,7279177,2276,4370618,730,410619,5869,702995,0.087462,8344,5912626,0.735614,6734,6615621,0.823076,8037679
4,2021-07-02,16600,12077014,13184,7292361,2658,4373276,758,411377,6782,700934,0.087206,9726,5922352,0.736824,7665,6623286,0.82403,8037679
4,2021-07-03,9099,12086113,7226,7299587,1465,4374741,408,411785,3939,700250,0.087121,5088,5927440,0.737457,4404,6627690,0.824578,8037679
4,2021-07-04,419,12086532,255,7299842,104,4374845,60,411845,183,700271,0.087124,233,5927673,0.737486,254,6627944,0.824609,8037679
4,2021-07-05,9138,12095670,7446,7307288,1286,4376131,406,412251,4153,699972,0.087086,4911,5932584,0.738097,4612,6632556,0.825183,8037679
4,2021-07-06,16341,12112011,12891,7320179,2663,4378794,787,413038,6033,696706,0.08668,10191,5942775,0.739365,6925,6639481,0.826045,8037679
4,2021-07-07,13511,12125522,10549,7330728,2200,4380994,762,413800,5135,694429,0.086397,8295,5951070,0.740397,6018,6645499,0.826793,8037679
4,2021-07-08,12230,12137752,9648,7340376,1844,4382838,738,414538,4828,692800,0.086194,7298,5958368,0.741305,5669,6651168,0.827499,8037679
4,2021-07-09,13705,12151457,10678,7351054,2263,4385101,764,415302,5645,691408,0.086021,7939,5966307,0.742292,6547,6657715,0.828313,8037679
4,2021-07-10,7462,12158919,5871,7356925,1257,4386358,334,415636,3148,690698,0.085933,4243,5970550,0.74282,3533,6661248,0.828753,8037679
4,2021-07-11,4509,12163428,3658,7360583,678,4387036,173,415809,2028,690459,0.085903,2442,5972992,0.743124,2203,6663451,0.829027,8037679
4,2021-07-12,8992,12172420,6925,7367508,1563,4388599,504,416313,3283,688651,0.085678,5649,5978641,0.743827,3841,6667292,0.829505,8037679
