vemquartile,administered_date,total_doses,cumulative_total_doses,pfizer_doses,cumulative_pfizer_doses,moderna_doses,cumulative_moderna_doses,jj_doses,cumulative_jj_doses,partially_vaccinated,total_partially_vaccinated,pct_age12pop_partially_vaccinated,fully_vaccinated,cumulative_fully_vaccinated,pct_age12pop_fully_vaccinated,at_least_one_dose,cumulative_at_least_one_dose,pct_age12pop_at_least_one_dose,age12_population
1,2020-12-15,148,148,148,148,0,0,0,0,148,148,1.7e-05,0,0,0.0,148,148,1.7e-05,8700223
1,2020-12-16,1152,1300,1152,1300,0,0,0,0,1152,1300,0.000149,0,0,0.0,1152,1300,0.000149,8700223
1,2020-12-17,4112,5412,4112,5412,0,0,0,0,4113,5413,0.000622,0,0,0.0,4113,5413,0.000622,8700223
1,2020-12-18,6247,11659,6227,11639,20,20,0,0,6249,11662,0.00134,0,0,0.0,6249,11662,0.00134,8700223
1,2020-12-19,2866,14525,2865,14504,1,21,0,0,2864,14525,0.001669,1,1,0.0,2864,14526,0.00167,8700223
1,2020-12-20,2107,16632,2102,16606,5,26,0,0,2108,16633,0.001912,0,1,0.0,2108,16634,0.001912,8700223
1,2020-12-21,7607,24239,7596,24202,11,37,0,0,7658,24291,0.002792,0,1,0.0,7658,24292,0.002792,8700223
1,2020-12-22,7268,31507,6929,31131,339,376,0,0,7271,31561,0.003628,1,2,0.0,7271,31563,0.003628,8700223
1,2020-12-23,7769,39276,6551,37682,1218,1594,0,0,7764,39325,0.00452,0,2,0.0,7764,39327,0.00452,8700223
1,2020-12-24,3293,42569,2358,40040,935,2529,0,0,3295,42620,0.004899,0,2,0.0,3295,42622,0.004899,8700223
1,2020-12-25,232,42801,149,40189,83,2612,0,0,232,42852,0.004925,0,2,0.0,232,42854,0.004926,8700223
1,2020-12-26,1355,44156,965,41154,390,3002,0,0,1354,44205,0.005081,1,3,0.0,1354,44208,0.005081,8700223
1,2020-12-27,857,45013,527,41681,330,3332,0,0,857,45062,0.005179,0,3,0.0,857,45065,0.00518,8700223
1,2020-12-28,7014,52027,4746,46427,2268,5600,0,0,7013,52075,0.005985,0,3,0.0,7013,52078,0.005986,8700223
1,2020-12-29,8832,60859,4974,51401,3858,9458,0,0,8829,60903,0.007,1,4,0.0,8829,60907,0.007001,8700223
1,2020-12-30,11597,72456,6471,57872,5126,14584,0,0,11597,72500,0.008333,0,4,0.0,11597,72504,0.008334,8700223
1,2020-12-31,5930,78386,1952,59824,3978,18562,0,0,5929,78428,0.009014,1,5,1e-06,5929,78433,0.009015,8700223
1,2021-01-01,532,78918,179,60003,353,18915,0,0,532,78960,0.009076,0,5,1e-06,532,78965,0.009076,8700223
1,2021-01-02,2883,81801,1745,61748,1138,20053,0,0,2885,81845,0.009407,0,5,1e-06,2885,81850,0.009408,8700223
1,2021-01-03,1019,82820,545,62293,474,20527,0,0,1018,82862,0.009524,1,6,1e-06,1018,82868,0.009525,8700223
1,2021-01-04,7321,90141,3568,65861,3753,24280,0,0,7326,90187,0.010366,1,7,1e-06,7326,90194,0.010367,8700223
1,2021-01-05,10733,100874,5167,71028,5566,29846,0,0,9991,99473,0.011433,728,735,8.4e-05,10014,100208,0.011518,8700223
1,2021-01-06,13954,114828,7021,78049,6933,36779,0,0,12087,109737,0.012613,1829,2564,0.000295,12093,112301,0.012908,8700223
1,2021-01-07,17365,132193,9076,87125,8289,45068,0,0,12943,118363,0.013605,4324,6888,0.000792,12950,125251,0.014396,8700223
1,2021-01-08,20051,152244,10387,97512,9664,54732,0,0,14202,126737,0.014567,5833,12721,0.001462,14207,139458,0.016029,8700223
1,2021-01-09,6625,158869,3354,100866,3271,58003,0,0,4790,129711,0.014909,1820,14541,0.001671,4794,144252,0.01658,8700223
1,2021-01-10,3058,161927,1740,102606,1318,59321,0,0,1869,130408,0.014989,1173,15714,0.001806,1870,146122,0.016795,8700223
1,2021-01-11,18010,179937,11796,114402,6214,65535,0,0,11497,135455,0.015569,6487,22201,0.002552,11534,157656,0.018121,8700223
1,2021-01-12,18805,198742,10636,125038,8169,73704,0,0,12847,142419,0.01637,5917,28118,0.003232,12881,170537,0.019601,8700223
1,2021-01-13,19614,218356,10554,135592,9060,82764,0,0,14491,151824,0.017451,5100,33218,0.003818,14505,185042,0.021269,8700223
1,2021-01-14,21943,240299,9476,145068,12467,95231,0,0,19210,168401,0.019356,2676,35894,0.004126,19253,204295,0.023482,8700223
1,2021-01-15,25124,265423,9300,154368,15824,111055,0,0,23203,189779,0.021813,1872,37766,0.004341,23250,227545,0.026154,8700223
1,2021-01-16,13848,279271,4541,158909,9307,120362,0,0,13007,201950,0.023212,838,38604,0.004437,13009,240554,0.027649,8700223
1,2021-01-17,5173,284444,1988,160897,3185,123547,0,0,4806,206398,0.023723,363,38967,0.004479,4811,245365,0.028202,8700223
1,2021-01-18,14196,298640,8539,169436,5657,129204,0,0,11057,214370,0.02464,3127,42094,0.004838,11099,256464,0.029478,8700223
1,2021-01-19,24606,323246,12860,182296,11746,140950,0,0,19421,228671,0.026283,5170,47264,0.005433,19471,275935,0.031716,8700223
1,2021-01-20,28360,351606,13941,196237,14419,155369,0,0,22728,245854,0.028258,5579,52843,0.006074,22762,298697,0.034332,8700223
1,2021-01-21,30611,382217,14248,210485,16363,171732,0,0,27484,270342,0.031073,3071,55914,0.006427,27559,326256,0.0375,8700223
1,2021-01-22,28080,410297,11152,221637,16928,188660,0,0,26112,294553,0.033856,1927,57841,0.006648,26138,352394,0.040504,8700223
1,2021-01-23,18639,428936,8196,229833,10443,199103,0,0,16717,309370,0.035559,1909,59750,0.006868,16726,369120,0.042426,8700223
1,2021-01-24,6666,435602,4162,233995,2504,201607,0,0,6017,314748,0.036177,643,60393,0.006942,6021,375141,0.043119,8700223
1,2021-01-25,24903,460505,10380,244375,14523,216130,0,0,19346,328645,0.037774,5534,65927,0.007578,19431,394572,0.045352,8700223
1,2021-01-26,28326,488831,13337,257712,14989,231119,0,0,21821,344022,0.039542,6461,72388,0.00832,21838,416410,0.047862,8700223
1,2021-01-27,31477,520308,15337,273049,16140,247259,0,0,23615,359863,0.041363,7798,80186,0.009217,23639,440049,0.050579,8700223
1,2021-01-28,34339,554647,16063,289112,18276,265535,0,0,27636,380899,0.04378,6647,86833,0.009981,27683,467732,0.053761,8700223
1,2021-01-29,33232,587879,16324,305436,16908,282443,0,0,26801,401426,0.04614,6306,93139,0.010705,26833,494565,0.056845,8700223
1,2021-01-30,19976,607855,8626,314062,11350,293793,0,0,17989,417459,0.047983,1963,95102,0.010931,17996,512561,0.058914,8700223
1,2021-01-31,7611,615466,5005,319067,2606,296399,0,0,6876,423602,0.048689,735,95837,0.011015,6878,519439,0.059704,8700223
1,2021-02-01,28288,643754,12255,331322,16033,312432,0,0,20812,436986,0.050227,7434,103271,0.01187,20818,540257,0.062097,8700223
1,2021-02-02,31863,675617,11470,342792,20393,332825,0,0,23984,453185,0.052089,7817,111088,0.012768,24016,564273,0.064857,8700223
1,2021-02-03,38950,714567,14906,357698,24044,356869,0,0,28223,470850,0.054119,10588,121676,0.013985,28253,592526,0.068105,8700223
1,2021-02-04,43632,758199,17093,374791,26539,383408,0,0,31667,490703,0.056401,11861,133537,0.015349,31714,624240,0.07175,8700223
1,2021-02-05,46695,804894,17386,392177,29309,412717,0,0,30727,505626,0.058116,15851,149388,0.017171,30774,655014,0.075287,8700223
1,2021-02-06,26447,831341,10476,402653,15971,428688,0,0,20658,520538,0.05983,5761,155149,0.017833,20673,675687,0.077663,8700223
1,2021-02-07,6204,837545,3985,406638,2219,430907,0,0,4613,523597,0.060182,1572,156721,0.018013,4631,680318,0.078195,8700223
1,2021-02-08,31031,868576,14069,420707,16962,447869,0,0,20739,534187,0.061399,10234,166955,0.01919,20824,701142,0.080589,8700223
1,2021-02-09,38005,906581,16602,437309,21403,469272,0,0,23596,543349,0.062452,14504,181459,0.020857,23666,724808,0.083309,8700223
1,2021-02-10,46645,953226,22039,459348,24606,493878,0,0,26997,550862,0.063316,19561,201020,0.023105,27074,751882,0.086421,8700223
1,2021-02-11,50579,1003805,24967,484315,25612,519490,0,0,30775,562192,0.064618,19542,220562,0.025351,30872,782754,0.089969,8700223
1,2021-02-12,49314,1053119,21308,505623,28006,547496,0,0,28465,570005,0.065516,20781,241343,0.02774,28594,811348,0.093256,8700223
1,2021-02-13,26080,1079199,11342,516965,14738,562234,0,0,15149,574364,0.066017,10866,252209,0.028989,15225,826573,0.095006,8700223
1,2021-02-14,11601,1090800,5483,522448,6118,568352,0,0,6611,576077,0.066214,4963,257172,0.029559,6676,833249,0.095773,8700223
1,2021-02-15,23421,1114221,9243,531691,14178,582530,0,0,14284,581437,0.06683,9039,266211,0.030598,14399,847648,0.097428,8700223
1,2021-02-16,46375,1160596,22120,553811,24255,606785,0,0,27458,590150,0.067832,18853,285064,0.032765,27566,875214,0.100597,8700223
1,2021-02-17,47722,1208318,24073,577884,23649,630434,0,0,26014,594697,0.068354,21604,306668,0.035248,26151,901365,0.103603,8700223
1,2021-02-18,50140,1258458,24977,602861,25163,655597,0,0,26197,597358,0.06866,23739,330407,0.037977,26400,927765,0.106637,8700223
1,2021-02-19,45365,1303823,24553,627414,20812,676409,0,0,25746,603646,0.069383,19520,349927,0.04022,25808,953573,0.109603,8700223
1,2021-02-20,26778,1330601,16313,643727,10465,686874,0,0,15408,607801,0.06986,11329,361256,0.041523,15484,969057,0.111383,8700223
1,2021-02-21,11322,1341923,10088,653815,1234,688108,0,0,6810,610192,0.070135,4467,365723,0.042036,6858,975915,0.112171,8700223
1,2021-02-22,29848,1371771,19579,673394,10269,698377,0,0,17629,615745,0.070773,12171,377894,0.043435,17724,993639,0.114208,8700223
1,2021-02-23,42712,1414483,20854,694248,21858,720235,0,0,24008,621521,0.071437,18585,396479,0.045571,24361,1018000,0.117008,8700223
1,2021-02-24,52726,1467209,25534,719782,27192,747427,0,0,29771,628881,0.072283,22858,419337,0.048198,30218,1048218,0.120482,8700223
1,2021-02-25,64838,1532047,31520,751302,33318,780745,0,0,40845,646338,0.07429,23888,443225,0.050944,41345,1089563,0.125234,8700223
1,2021-02-26,72227,1604274,34136,785438,38091,818836,0,0,48130,670989,0.077123,23948,467173,0.053697,48599,1138162,0.13082,8700223
1,2021-02-27,49676,1653950,22895,808333,26775,845611,6,6,33097,687880,0.079065,16475,483648,0.05559,33366,1171528,0.134655,8700223
1,2021-02-28,19095,1673045,11376,819709,7718,853329,1,7,14107,697199,0.080136,4930,488578,0.056157,14249,1185777,0.136293,8700223
1,2021-03-01,43523,1716568,20041,839750,23464,876793,18,25,28307,710638,0.08168,15112,503690,0.057894,28551,1214328,0.139574,8700223
1,2021-03-02,61440,1778008,26783,866533,34652,911445,5,30,39705,729326,0.083828,21629,525319,0.06038,40317,1254645,0.144208,8700223
1,2021-03-03,68571,1846579,32449,898982,36109,947554,13,43,41793,745057,0.085637,26665,551984,0.063445,42396,1297041,0.149081,8700223
1,2021-03-04,76967,1923546,36163,935145,40770,988324,34,77,49680,768142,0.08829,27135,579119,0.066564,50220,1347261,0.154854,8700223
1,2021-03-05,75839,1999385,34420,969565,41217,1029541,202,279,50964,795254,0.091406,24684,603803,0.069401,51796,1399057,0.160807,8700223
1,2021-03-06,56837,2056222,27098,996663,28412,1057953,1327,1606,38721,817615,0.093976,18051,621854,0.071476,40412,1439469,0.165452,8700223
1,2021-03-07,19867,2076089,12651,1009314,6421,1064374,795,2401,14897,828616,0.095241,4952,626806,0.072045,15953,1455422,0.167286,8700223
1,2021-03-08,43446,2119535,20575,1029889,21018,1085392,1853,4254,30404,848245,0.097497,12966,639772,0.073535,32595,1488017,0.171032,8700223
1,2021-03-09,59825,2179360,26055,1055944,31304,1116696,2466,6720,35814,862958,0.099188,23910,663682,0.076283,38623,1526640,0.175471,8700223
1,2021-03-10,70487,2249847,34598,1090542,31551,1148247,4338,11058,43488,884287,0.10164,26874,690556,0.079372,48203,1574843,0.181012,8700223
1,2021-03-11,88228,2338075,40224,1130766,40092,1188339,7912,18970,51713,908088,0.104375,36296,726852,0.083544,60097,1634940,0.187919,8700223
1,2021-03-12,95122,2433197,40948,1171714,41886,1230225,12288,31258,55276,936474,0.107638,39665,766517,0.088103,68051,1702991,0.195741,8700223
1,2021-03-13,62942,2496139,28185,1199899,27070,1257295,7687,38945,39911,961488,0.110513,22925,789442,0.090738,47939,1750930,0.201251,8700223
1,2021-03-14,26831,2522970,14297,1214196,9036,1266331,3498,42443,15169,968744,0.111347,11612,801054,0.092073,18868,1769798,0.20342,8700223
1,2021-03-15,63473,2586443,27530,1241726,29352,1295683,6591,49034,37560,987500,0.113503,25750,826804,0.095033,44506,1814304,0.208535,8700223
1,2021-03-16,83716,2670159,37654,1279380,40576,1336259,5486,54520,52207,1014223,0.116574,31343,858147,0.098635,58066,1872370,0.215209,8700223
1,2021-03-17,90275,2760434,43223,1322603,40550,1376809,6502,61022,58157,1047286,0.120375,31967,890114,0.102309,65030,1937400,0.222684,8700223
1,2021-03-18,95776,2856210,48798,1371401,41477,1418286,5501,66523,58759,1075297,0.123594,36708,926822,0.106529,64719,2002119,0.230123,8700223
1,2021-03-19,100436,2956646,51490,1422891,42876,1461162,6070,72593,59723,1101110,0.126561,40461,967283,0.111179,66274,2068393,0.23774,8700223
1,2021-03-20,69848,3026494,35934,1458825,28733,1489895,5181,77774,44958,1126770,0.12951,24737,992020,0.114022,50397,2118790,0.243533,8700223
1,2021-03-21,25941,3052435,17912,1476737,6268,1496163,1761,79535,16827,1136399,0.130617,9048,1001068,0.115062,18677,2137467,0.24568,8700223
1,2021-03-22,57802,3110237,29545,1506282,25059,1521222,3198,82733,39412,1161140,0.133461,18226,1019294,0.117157,42967,2180434,0.250618,8700223
1,2021-03-23,81077,3191314,40861,1547143,36688,1557910,3528,86261,50720,1185660,0.136279,30183,1049477,0.120626,54703,2235137,0.256906,8700223
1,2021-03-24,85579,3276893,43016,1590159,38323,1596233,4240,90501,52039,1208791,0.138938,33329,1082806,0.124457,56460,2291597,0.263395,8700223
1,2021-03-25,94068,3370961,47500,1637659,40954,1637187,5614,96115,53395,1227605,0.1411,40418,1123224,0.129103,59232,2350829,0.270203,8700223
1,2021-03-26,101327,3472288,48999,1686658,46193,1683380,6135,102250,55600,1244184,0.143006,45462,1168686,0.134328,62041,2412870,0.277334,8700223
1,2021-03-27,71655,3543943,37016,1723674,30821,1714201,3818,106068,37615,1251975,0.143901,33854,1202540,0.138219,41645,2454515,0.282121,8700223
1,2021-03-28,31369,3575312,20209,1743883,9961,1724162,1199,107267,16390,1255028,0.144252,14868,1217408,0.139928,17921,2472436,0.284181,8700223
1,2021-03-29,65183,3640495,32639,1776522,29764,1753926,2780,110047,37095,1267175,0.145649,27945,1245353,0.14314,40092,2512528,0.288789,8700223
1,2021-03-30,89211,3729706,43704,1820226,39509,1793435,5998,116045,50628,1285463,0.147751,38456,1283809,0.14756,56744,2569272,0.295311,8700223
1,2021-03-31,97517,3827223,50774,1871000,41003,1834438,5740,121785,55655,1305345,0.150036,41619,1325428,0.152344,61501,2630773,0.30238,8700223
1,2021-04-01,107822,3935045,51713,1922713,48078,1882516,8031,129816,56103,1318178,0.151511,51436,1376864,0.158256,64269,2695042,0.309767,8700223
1,2021-04-02,106780,4041825,48756,1971469,48790,1931306,9234,139050,54990,1331262,0.153015,51441,1428305,0.164169,64525,2759567,0.317183,8700223
1,2021-04-03,75621,4117446,37621,2009090,28730,1960036,9270,148320,35812,1336815,0.153653,39667,1467972,0.168728,45220,2804787,0.322381,8700223
1,2021-04-04,23578,4141024,11728,2020818,8406,1968442,3444,151764,10218,1337168,0.153694,13317,1481289,0.170259,13670,2818457,0.323952,8700223
1,2021-04-05,73874,4214898,35233,2056051,29732,1998174,8909,160673,34228,1341036,0.154138,39484,1520773,0.174797,43352,2861809,0.328935,8700223
1,2021-04-06,101864,4316762,48291,2104342,37245,2035419,16328,177001,46895,1349575,0.15512,54759,1575532,0.181091,63298,2925107,0.336211,8700223
1,2021-04-07,108735,4425497,52538,2156880,39012,2074431,17185,194186,50156,1358615,0.156159,58368,1633900,0.1878,67408,2992515,0.343958,8700223
1,2021-04-08,118882,4544379,56026,2212906,42429,2116860,20427,214613,53332,1367239,0.15715,65251,1699151,0.1953,73875,3066390,0.35245,8700223
1,2021-04-09,118988,4663367,53897,2266803,44840,2161700,20251,234864,52990,1374898,0.15803,65704,1764855,0.202852,73363,3139753,0.360882,8700223
1,2021-04-10,93474,4756841,41795,2308598,29308,2191008,22371,257235,37117,1378207,0.158411,56205,1821060,0.209312,59514,3199267,0.367722,8700223
1,2021-04-11,35693,4792534,19943,2328541,9241,2200249,6509,263744,15091,1379373,0.158545,20560,1841620,0.211675,21726,3220993,0.37022,8700223
1,2021-04-12,72446,4864980,32195,2360736,30401,2230650,9850,273594,31084,1379330,0.15854,41147,1882767,0.216404,41104,3262097,0.374944,8700223
1,2021-04-13,94995,4959975,50794,2411530,43871,2274521,330,273924,51538,1388302,0.159571,43238,1926005,0.221374,52210,3314307,0.380945,8700223
1,2021-04-14,101968,5061943,52627,2464157,49275,2323796,66,273990,52264,1391601,0.15995,49398,1975403,0.227052,52697,3367004,0.387002,8700223
1,2021-04-15,103590,5165533,56081,2520238,47424,2371220,85,274075,55775,1400290,0.160949,47335,2022738,0.232493,56024,3423028,0.393441,8700223
1,2021-04-16,107122,5272655,55218,2575456,51816,2423036,88,274163,54193,1402199,0.161168,52548,2075286,0.238533,54457,3477485,0.399701,8700223
1,2021-04-17,80566,5353221,43590,2619046,36968,2460004,8,274171,45715,1413414,0.162457,34671,2109957,0.242518,45886,3523371,0.404975,8700223
1,2021-04-18,28530,5381751,19110,2638156,9414,2469418,6,274177,14779,1414712,0.162606,13685,2123642,0.244091,14983,3538354,0.406697,8700223
1,2021-04-19,64213,5445964,32781,2670937,31421,2500839,11,274188,29324,1409571,0.162016,34602,2158244,0.248068,29461,3567815,0.410083,8700223
1,2021-04-20,84313,5530277,42278,2713215,42015,2542854,20,274208,40129,1405994,0.161604,43924,2202168,0.253116,40347,3608162,0.414721,8700223
1,2021-04-21,91096,5621373,46463,2759678,44542,2587396,91,274299,41236,1398109,0.160698,49420,2251588,0.258797,41535,3649697,0.419495,8700223
1,2021-04-22,92876,5714249,48358,2808036,44499,2631895,19,274318,42954,1391816,0.159975,49482,2301070,0.264484,43189,3692886,0.424459,8700223
1,2021-04-23,96657,5810906,50144,2858180,46489,2678384,24,274342,46665,1389148,0.159668,49574,2350644,0.270182,46906,3739792,0.42985,8700223
1,2021-04-24,72747,5883653,46151,2904331,26584,2704968,12,274354,41624,1400066,0.160923,30976,2381620,0.273742,41894,3781686,0.434665,8700223
1,2021-04-25,26789,5910442,17157,2921488,9623,2714591,9,274363,15431,1404381,0.161419,11254,2392874,0.275036,15569,3797255,0.436455,8700223
1,2021-04-26,59695,5970137,32270,2953758,27073,2741664,352,274715,28042,1401709,0.161112,31399,2424273,0.278645,28727,3825982,0.439757,8700223
1,2021-04-27,75000,6045137,40150,2993908,33728,2775392,1122,275837,32261,1392977,0.160108,42451,2466724,0.283524,33719,3859701,0.443632,8700223
1,2021-04-28,76823,6121960,40780,3034688,34613,2810005,1430,277267,33508,1385094,0.159202,43047,2509771,0.288472,35164,3894865,0.447674,8700223
1,2021-04-29,79811,6201771,44062,3078750,34198,2844203,1551,278818,32314,1371933,0.157689,47187,2556958,0.293896,34026,3928891,0.451585,8700223
1,2021-04-30,86229,6288000,47022,3125772,37420,2881623,1787,280605,36046,1360040,0.156322,49897,2606855,0.299631,38004,3966895,0.455953,8700223
1,2021-05-01,61073,6349073,39732,3165504,19978,2901601,1363,281968,25783,1352294,0.155432,35124,2641979,0.303668,27378,3994273,0.4591,8700223
1,2021-05-02,22438,6371511,15716,3181220,6201,2907802,521,282489,9372,1349247,0.155082,12972,2654951,0.305159,9925,4004198,0.460241,8700223
1,2021-05-03,53591,6425102,30085,3211305,21758,2929560,1748,284237,19419,1336506,0.153617,33967,2688918,0.309063,21226,4025424,0.462681,8700223
1,2021-05-04,71752,6496854,41218,3252523,28533,2958093,2001,286238,25937,1318980,0.151603,45554,2734472,0.314299,28028,4053452,0.465902,8700223
1,2021-05-05,73214,6570068,42135,3294658,28870,2986963,2209,288447,24839,1297998,0.149191,48096,2782568,0.319827,27114,4080566,0.469019,8700223
1,2021-05-06,74978,6645046,45105,3339763,27759,3014722,2114,290561,23705,1273039,0.146323,50941,2833509,0.325682,25982,4106548,0.472005,8700223
1,2021-05-07,77984,6723030,44606,3384369,31260,3045982,2118,292679,26340,1250268,0.143705,51295,2884804,0.331578,28524,4135072,0.475283,8700223
1,2021-05-08,53704,6776734,33543,3417912,18630,3064612,1531,294210,18271,1235066,0.141958,35100,2919904,0.335613,19898,4154970,0.477571,8700223
1,2021-05-09,17692,6794426,12542,3430454,4675,3069287,475,294685,5480,1228955,0.141256,12099,2932003,0.337003,5988,4160958,0.478259,8700223
1,2021-05-10,40860,6835286,20669,3451123,18468,3087755,1723,296408,13713,1217620,0.139953,26863,2958866,0.340091,15528,4176486,0.480044,8700223
1,2021-05-11,57496,6892782,31007,3482130,24499,3112254,1990,298398,18770,1200001,0.137928,38502,2997368,0.344516,20883,4197369,0.482444,8700223
1,2021-05-12,56050,6948832,29682,3511812,24641,3136895,1727,300125,18501,1182998,0.135973,37306,3034674,0.348804,20303,4217672,0.484777,8700223
1,2021-05-13,58355,7007187,34212,3546024,22436,3159331,1707,301832,22058,1171026,0.134597,36012,3070686,0.352943,24040,4241712,0.487541,8700223
1,2021-05-14,71526,7078713,43273,3589297,26146,3185477,2107,303939,29030,1160246,0.133358,42217,3112903,0.357796,31437,4273149,0.491154,8700223
1,2021-05-15,61712,7140425,41024,3630321,19170,3204647,1518,305457,24560,1149471,0.13212,36942,3149845,0.362042,26167,4299316,0.494162,8700223
1,2021-05-16,14936,7155361,11168,3641489,3278,3207925,490,305947,5849,1146802,0.131813,9030,3158875,0.36308,6361,4305677,0.494893,8700223
1,2021-05-17,45127,7200488,26866,3668355,16723,3224648,1538,307485,18939,1141343,0.131185,25997,3184872,0.366068,20538,4326215,0.497253,8700223
1,2021-05-18,38432,7238920,24257,3692612,12931,3237579,1244,308729,15699,1135764,0.130544,22567,3207439,0.368662,16988,4343203,0.499206,8700223
2,2020-12-15,234,234,234,234,0,0,0,0,234,234,2.8e-05,0,0,0.0,234,234,2.8e-05,8407551
2,2020-12-16,1928,2162,1928,2162,0,0,0,0,1928,2162,0.000257,0,0,0.0,1928,2162,0.000257,8407551
2,2020-12-17,6665,8827,6665,8827,0,0,0,0,6665,8827,0.00105,0,0,0.0,6665,8827,0.00105,8407551
2,2020-12-18,10836,19663,10817,19644,19,19,0,0,10836,19663,0.002339,0,0,0.0,10836,19663,0.002339,8407551
2,2020-12-19,5583,25246,5578,25222,5,24,0,0,5585,25248,0.003003,0,0,0.0,5585,25248,0.003003,8407551
2,2020-12-20,4216,29462,4207,29429,9,33,0,0,4212,29460,0.003504,0,0,0.0,4212,29460,0.003504,8407551
2,2020-12-21,12760,42222,12736,42165,24,57,0,0,12715,42175,0.005016,0,0,0.0,12715,42175,0.005016,8407551
2,2020-12-22,12055,54277,11546,53711,509,566,0,0,12055,54230,0.00645,0,0,0.0,12055,54230,0.00645,8407551
2,2020-12-23,11620,65897,9430,63141,2190,2756,0,0,11623,65853,0.007833,0,0,0.0,11623,65853,0.007833,8407551
2,2020-12-24,5838,71735,3482,66623,2356,5112,0,0,5835,71688,0.008527,0,0,0.0,5835,71688,0.008527,8407551
2,2020-12-25,478,72213,401,67024,77,5189,0,0,479,72167,0.008584,0,0,0.0,479,72167,0.008584,8407551
2,2020-12-26,2565,74778,1669,68693,896,6085,0,0,2567,74734,0.008889,0,0,0.0,2567,74734,0.008889,8407551
2,2020-12-27,2215,76993,1200,69893,1015,7100,0,0,2213,76946,0.009152,1,1,0.0,2213,76947,0.009152,8407551
2,2020-12-28,10909,87902,7091,76984,3818,10918,0,0,10909,87854,0.010449,1,2,0.0,10909,87856,0.01045,8407551
2,2020-12-29,12688,100590,7181,84165,5507,16425,0,0,12692,100546,0.011959,0,2,0.0,12692,100548,0.011959,8407551
2,2020-12-30,15346,115936,8641,92806,6705,23130,0,0,15362,115907,0.013786,1,3,0.0,15362,115910,0.013786,8407551
2,2020-12-31,7496,123432,2803,95609,4693,27823,0,0,7493,123399,0.014677,1,4,0.0,7493,123403,0.014678,8407551
2,2021-01-01,1115,124547,535,96144,580,28403,0,0,1117,124515,0.01481,1,5,1e-06,1117,124520,0.01481,8407551
2,2021-01-02,4808,129355,2745,98889,2063,30466,0,0,4806,129321,0.015382,0,5,1e-06,4806,129326,0.015382,8407551
2,2021-01-03,1379,130734,789,99678,590,31056,0,0,1374,130692,0.015545,3,8,1e-06,1374,130700,0.015546,8407551
2,2021-01-04,11610,142344,5548,105226,6062,37118,0,0,11598,142286,0.016924,4,12,1e-06,11598,142298,0.016925,8407551
2,2021-01-05,13822,156166,6899,112125,6923,44041,0,0,12641,153783,0.018291,1174,1186,0.000141,12671,154969,0.018432,8407551
2,2021-01-06,18935,175101,10449,122574,8486,52527,0,0,15223,165346,0.019666,3666,4852,0.000577,15229,170198,0.020243,8407551
2,2021-01-07,22891,197992,12852,135426,10039,62566,0,0,15543,173538,0.020641,7364,12216,0.001453,15556,185754,0.022094,8407551
2,2021-01-08,26364,224356,15971,151397,10393,72959,0,0,16333,179887,0.021396,10000,22216,0.002642,16349,202103,0.024038,8407551
2,2021-01-09,9701,234057,5664,157061,4037,76996,0,0,6215,182599,0.021718,3507,25723,0.00306,6219,208322,0.024778,8407551
2,2021-01-10,5275,239332,2917,159978,2358,79354,0,0,3067,183439,0.021818,2231,27954,0.003325,3071,211393,0.025143,8407551
2,2021-01-11,25945,265277,17842,177820,8103,87457,0,0,15020,187548,0.022307,10959,38913,0.004628,15068,226461,0.026935,8407551
2,2021-01-12,25993,291270,16133,193953,9860,97317,0,0,16530,194658,0.023153,9491,48404,0.005757,16601,243062,0.02891,8407551
2,2021-01-13,28275,319545,14919,208872,13356,110673,0,0,20367,207145,0.024638,7902,56306,0.006697,20389,263451,0.031335,8407551
2,2021-01-14,30095,349640,11446,220318,18649,129322,0,0,25908,228894,0.027225,4211,60517,0.007198,25960,289411,0.034423,8407551
2,2021-01-15,35152,384792,12958,233276,22194,151516,0,0,31927,257655,0.030646,3237,63754,0.007583,31998,321409,0.038229,8407551
2,2021-01-16,17555,402347,5617,238893,11938,163454,0,0,16246,272576,0.03242,1335,65089,0.007742,16256,337665,0.040162,8407551
2,2021-01-17,10551,412898,3523,242416,7028,170482,0,0,9849,281705,0.033506,728,65817,0.007828,9857,347522,0.041335,8407551
2,2021-01-18,19708,432606,11066,253482,8642,179124,0,0,14968,291963,0.034726,4756,70573,0.008394,15014,362536,0.04312,8407551
2,2021-01-19,32237,464843,16819,270301,15418,194542,0,0,24269,308371,0.036678,7973,78546,0.009342,24381,386917,0.04602,8407551
2,2021-01-20,36778,501621,18389,288690,18389,212931,0,0,28181,328062,0.03902,8577,87123,0.010362,28268,415185,0.049382,8407551
2,2021-01-21,40561,542182,17289,305979,23272,236203,0,0,36148,359976,0.042816,4391,91514,0.010885,36305,451490,0.053701,8407551
2,2021-01-22,39199,581381,16418,322397,22781,258984,0,0,35915,392627,0.046699,3286,94800,0.011276,35937,487427,0.057975,8407551
2,2021-01-23,23961,605342,10827,333224,13134,272118,0,0,21005,410728,0.048852,2932,97732,0.011624,21033,508460,0.060477,8407551
2,2021-01-24,12446,617788,6156,339380,6290,278408,0,0,11536,421379,0.050119,895,98627,0.011731,11546,520006,0.06185,8407551
2,2021-01-25,33630,651418,15634,355014,17996,296404,0,0,24910,437740,0.052065,8670,107297,0.012762,25031,545037,0.064827,8407551
2,2021-01-26,40080,691498,19831,374845,20249,316653,0,0,31153,460060,0.05472,8910,116207,0.013822,31230,576267,0.068542,8407551
2,2021-01-27,44969,736467,22915,397760,22054,338707,0,0,35017,485302,0.057722,9829,126036,0.014991,35071,611338,0.072713,8407551
2,2021-01-28,47922,784389,22630,420390,25292,363999,0,0,39407,516309,0.06141,8461,134497,0.015997,39468,650806,0.077407,8407551
2,2021-01-29,45475,829864,22306,442696,23169,387168,0,0,36931,544852,0.064805,8441,142938,0.017001,36984,687790,0.081806,8407551
2,2021-01-30,31269,861133,13659,456355,17610,404778,0,0,28037,569725,0.067763,3191,146129,0.017381,28064,715854,0.085144,8407551
2,2021-01-31,17551,878684,10655,467010,6896,411674,0,0,16328,584865,0.069564,1207,147336,0.017524,16347,732201,0.087088,8407551
2,2021-02-01,40443,919127,19460,486470,20983,432657,0,0,29892,604270,0.071872,10518,157854,0.018775,29923,762124,0.090648,8407551
2,2021-02-02,47736,966863,19688,506158,28048,460705,0,0,36354,629415,0.074863,11305,169159,0.02012,36450,798574,0.094983,8407551
2,2021-02-03,53940,1020803,24148,530306,29792,490497,0,0,39938,655534,0.07797,13905,183064,0.021774,40024,838598,0.099743,8407551
2,2021-02-04,55780,1076583,24249,554555,31531,522028,0,0,40849,681634,0.081074,14839,197903,0.023539,40939,879537,0.104613,8407551
2,2021-02-05,59514,1136097,26363,580918,33151,555179,0,0,40343,703133,0.083631,19003,216906,0.025799,40502,920039,0.10943,8407551
2,2021-02-06,38851,1174948,18202,599120,20649,575828,0,0,31279,727006,0.086471,7491,224397,0.02669,31364,951403,0.113161,8407551
2,2021-02-07,16017,1190965,10764,609884,5253,581081,0,0,12142,735364,0.087465,3850,228247,0.027148,12208,963611,0.114613,8407551
2,2021-02-08,43299,1234264,22395,632279,20904,601985,0,0,29882,752173,0.089464,13268,241515,0.028726,30077,993688,0.11819,8407551
2,2021-02-09,49248,1283512,23532,655811,25716,627701,0,0,30693,764933,0.090982,18248,259763,0.030896,31008,1024696,0.121878,8407551
2,2021-02-10,59408,1342920,28162,683973,31246,658947,0,0,34668,775495,0.092238,24455,284218,0.033805,35017,1059713,0.126043,8407551
2,2021-02-11,63836,1406756,29672,713645,34164,693111,0,0,36038,784472,0.093306,27545,311763,0.037081,36522,1096235,0.130387,8407551
2,2021-02-12,64787,1471543,28060,741705,36727,729838,0,0,34552,789729,0.093931,29949,341712,0.040643,35206,1131441,0.134574,8407551
2,2021-02-13,37518,1509061,15779,757484,21739,751577,0,0,21758,796191,0.0947,15672,357384,0.042508,22134,1153575,0.137207,8407551
2,2021-02-14,19937,1528998,9360,766844,10577,762154,0,0,11232,799114,0.095047,8667,366051,0.043538,11590,1165165,0.138586,8407551
2,2021-02-15,32976,1561974,14946,781790,18030,780184,0,0,18332,803767,0.095601,14530,380581,0.045267,19183,1184348,0.140867,8407551
2,2021-02-16,55858,1617832,27631,809421,28227,808411,0,0,29472,807602,0.096057,26302,406883,0.048395,30137,1214485,0.144452,8407551
2,2021-02-17,61143,1678975,31666,841087,29477,837888,0,0,30440,808205,0.096128,30651,437534,0.052041,31254,1245739,0.148169,8407551
2,2021-02-18,65716,1744691,33427,874514,32289,870177,0,0,32053,807937,0.096097,33448,470982,0.056019,33180,1278919,0.152116,8407551
2,2021-02-19,58799,1803490,32817,907331,25982,896159,0,0,29236,808341,0.096145,29421,500403,0.059518,29825,1308744,0.155663,8407551
2,2021-02-20,36989,1840479,24193,931524,12796,908955,0,0,20140,812379,0.096625,16774,517177,0.061513,20812,1329556,0.158138,8407551
2,2021-02-21,20635,1861114,17194,948718,3441,912396,0,0,9896,812409,0.096628,10665,527842,0.062782,10695,1340251,0.15941,8407551
2,2021-02-22,37240,1898354,25624,974342,11616,924012,0,0,17841,811622,0.096535,19300,547142,0.065077,18513,1358764,0.161612,8407551
2,2021-02-23,51348,1949702,26386,1000728,24962,948974,0,0,22670,807688,0.096067,28495,575637,0.068467,24561,1383325,0.164534,8407551
2,2021-02-24,68080,2017782,35123,1035851,32957,981931,0,0,31429,804960,0.095743,36516,612153,0.07281,33788,1417113,0.168552,8407551
2,2021-02-25,73562,2091344,34645,1070496,38917,1020848,0,0,37608,809614,0.096296,35753,647906,0.077062,40407,1457520,0.173358,8407551
2,2021-02-26,81639,2172983,34965,1105461,46674,1067522,0,0,44421,819245,0.097442,36970,684876,0.08146,46601,1504121,0.178901,8407551
2,2021-02-27,59609,2232592,27640,1133101,31965,1099487,4,4,32480,826118,0.098259,26943,711819,0.084664,33816,1537937,0.182923,8407551
2,2021-02-28,29043,2261635,17470,1150571,11572,1111059,1,5,16923,831847,0.09894,12018,723837,0.086094,17747,1555684,0.185034,8407551
2,2021-03-01,55924,2317559,29640,1180211,26261,1137320,23,28,30508,838356,0.099715,25203,749040,0.089091,31712,1587396,0.188806,8407551
2,2021-03-02,67351,2384910,32547,1212758,34799,1172119,5,33,38244,849944,0.101093,28993,778033,0.09254,40581,1627977,0.193633,8407551
2,2021-03-03,78677,2463587,38202,1250960,40467,1212586,8,41,44454,862894,0.102633,34053,812086,0.09659,47003,1674980,0.199223,8407551
2,2021-03-04,86672,2550259,42966,1293926,43679,1256265,27,68,50170,879127,0.104564,36331,848417,0.100911,52564,1727544,0.205475,8407551
2,2021-03-05,80054,2630313,38145,1332071,41611,1297876,298,366,49337,900569,0.107114,30541,878958,0.104544,51983,1779527,0.211658,8407551
2,2021-03-06,61915,2692228,30430,1362501,29822,1327698,1663,2029,38092,918035,0.109192,23720,902678,0.107365,41186,1820713,0.216557,8407551
2,2021-03-07,27298,2719526,15964,1378465,10386,1338084,948,2977,17581,928012,0.110378,9662,912340,0.108514,19639,1840352,0.218893,8407551
2,2021-03-08,48954,2768480,22311,1400776,24214,1362298,2429,5406,30866,944947,0.112393,18004,930344,0.110656,34939,1875291,0.223048,8407551
2,2021-03-09,63715,2832195,26424,1427200,33527,1395825,3764,9170,34079,954612,0.113542,29529,959873,0.114168,39194,1914485,0.22771,8407551
2,2021-03-10,75148,2907343,35097,1462297,33541,1429366,6510,15680,39681,966852,0.114998,35296,995169,0.118366,47536,1962021,0.233364,8407551
2,2021-03-11,91648,2998991,42322,1504619,40991,1470357,8335,24015,48208,981617,0.116754,43187,1038356,0.123503,57952,2019973,0.240257,8407551
2,2021-03-12,91963,3090954,37800,1542419,42255,1512612,11908,35923,46128,995381,0.118391,45651,1084007,0.128933,59415,2079388,0.247324,8407551
2,2021-03-13,67273,3158227,28173,1570592,31220,1543832,7880,43803,37007,1011410,0.120298,30157,1114164,0.132519,46186,2125574,0.252817,8407551
2,2021-03-14,35994,3194221,17829,1588421,13702,1557534,4463,48266,18392,1017506,0.121023,17521,1131685,0.134603,23617,2149191,0.255626,8407551
2,2021-03-15,66212,3260433,29841,1618262,31417,1588951,4954,53220,36709,1030956,0.122623,29316,1161001,0.13809,42766,2191957,0.260713,8407551
2,2021-03-16,85029,3345462,37525,1655787,43563,1632514,3941,57161,51884,1054913,0.125472,32997,1193998,0.142015,56954,2248911,0.267487,8407551
2,2021-03-17,90905,3436367,43443,1699230,43380,1675894,4082,61243,57993,1085137,0.129067,32700,1226698,0.145904,62924,2311835,0.274971,8407551
2,2021-03-18,96220,3532587,45836,1745066,45965,1721859,4419,65662,59416,1112987,0.132379,36552,1263250,0.150252,64402,2376237,0.282631,8407551
2,2021-03-19,95500,3628087,44953,1790019,44502,1766361,6045,71707,57443,1139175,0.135494,37814,1301064,0.154749,64002,2440239,0.290244,8407551
2,2021-03-20,68418,3696505,32834,1822853,31714,1798075,3870,75577,45242,1165659,0.138644,22979,1324043,0.157483,49463,2489702,0.296127,8407551
2,2021-03-21,32488,3728993,20890,1843743,9649,1807724,1949,77526,20601,1176844,0.139975,11788,1335831,0.158885,22973,2512675,0.298859,8407551
2,2021-03-22,61694,3790687,33786,1877529,25318,1833042,2590,80116,41483,1201783,0.142941,20024,1355855,0.161266,44963,2557638,0.304207,8407551
2,2021-03-23,82310,3872997,43582,1921111,35901,1868943,2827,82943,52177,1227717,0.146026,29905,1385760,0.164823,55839,2613477,0.310849,8407551
2,2021-03-24,90185,3963182,48554,1969665,38562,1907505,3069,86012,53679,1249054,0.148563,36238,1421998,0.169133,57575,2671052,0.317697,8407551
2,2021-03-25,99707,4062889,50215,2019880,45707,1953212,3785,89797,57212,1268607,0.150889,42213,1464211,0.174154,61766,2732818,0.325043,8407551
2,2021-03-26,101418,4164307,50271,2070151,47728,2000940,3419,93216,56244,1284467,0.152775,44860,1509071,0.17949,60720,2793538,0.332265,8407551
2,2021-03-27,73967,4238274,36781,2106932,33910,2034850,3276,96492,37747,1290333,0.153473,36017,1545088,0.183774,41883,2835421,0.337247,8407551
2,2021-03-28,36794,4275068,22520,2129452,13472,2048322,802,97294,20380,1295929,0.154139,16312,1561400,0.185714,21908,2857329,0.339853,8407551
2,2021-03-29,70053,4345121,35690,2165142,32171,2080493,2192,99486,40990,1311093,0.155942,28908,1590308,0.189152,44072,2901401,0.345095,8407551
2,2021-03-30,90595,4435716,44234,2209376,42093,2122586,4268,103754,55331,1336202,0.158929,35100,1625408,0.193327,60209,2961610,0.352256,8407551
2,2021-03-31,99493,4535209,51133,2260509,43358,2165944,5002,108756,58390,1359092,0.161651,40872,1666280,0.198189,63762,3025372,0.35984,8407551
2,2021-04-01,115522,4650731,55741,2316250,50848,2216792,8933,117689,63650,1380559,0.164205,51611,1717891,0.204327,73078,3098450,0.368532,8407551
2,2021-04-02,109530,4760261,50460,2366710,49233,2266025,9837,127526,59496,1400703,0.166601,49724,1767615,0.210241,69868,3168318,0.376842,8407551
2,2021-04-03,75354,4835615,36815,2403525,29008,2295033,9531,137057,37783,1411045,0.167831,37397,1805012,0.214689,47739,3216057,0.38252,8407551
2,2021-04-04,28877,4864492,14839,2418364,10213,2305246,3825,140882,13295,1412715,0.168029,15509,1820521,0.216534,17179,3233236,0.384563,8407551
2,2021-04-05,78247,4942739,38443,2456807,31175,2336421,8629,149511,38500,1421012,0.169016,39619,1860140,0.221246,47916,3281152,0.390263,8407551
2,2021-04-06,102723,5045462,50112,2506919,38078,2374499,14533,164044,49359,1432197,0.170347,53142,1913282,0.227567,64327,3345479,0.397914,8407551
2,2021-04-07,108823,5154285,54423,2561342,38400,2412899,16000,180044,52007,1443942,0.171743,56577,1969859,0.234296,68322,3413801,0.40604,8407551
2,2021-04-08,117283,5271568,56552,2617894,42303,2455202,18428,198472,54877,1455715,0.173144,62146,2032005,0.241688,73919,3487720,0.414832,8407551
2,2021-04-09,116737,5388305,56318,2674212,42610,2497812,17809,216281,55710,1469403,0.174772,60724,2092729,0.248911,74412,3562132,0.423682,8407551
2,2021-04-10,85460,5473765,37141,2711353,30452,2528264,17867,234148,35799,1474308,0.175355,49453,2142182,0.254793,54358,3616490,0.430148,8407551
2,2021-04-11,43869,5517634,22694,2734047,12683,2540947,8492,242640,18085,1475952,0.175551,25663,2167845,0.257845,27307,3643797,0.433396,8407551
2,2021-04-12,78816,5596450,36741,2770788,32839,2573786,9236,251876,35613,1478823,0.175892,42974,2210819,0.262956,45845,3689642,0.438849,8407551
2,2021-04-13,100433,5696883,52042,2822830,48142,2621928,249,252125,55358,1490437,0.177274,44874,2255693,0.268294,56488,3746130,0.445567,8407551
2,2021-04-14,104978,5801861,55137,2877967,49793,2671721,48,252173,54321,1495798,0.177911,50423,2306116,0.274291,55784,3801914,0.452202,8407551
2,2021-04-15,111361,5913222,59400,2937367,51896,2723617,65,252238,58738,1503333,0.178807,52302,2358418,0.280512,59837,3861751,0.459319,8407551
2,2021-04-16,108702,6021924,56636,2994003,52016,2775633,50,252288,55687,1507156,0.179262,52744,2411162,0.286785,56567,3918318,0.466047,8407551
2,2021-04-17,81588,6103512,41572,3035575,40003,2815636,13,252301,46118,1518842,0.180652,35296,2446458,0.290983,46982,3965300,0.471636,8407551
2,2021-04-18,33864,6137376,20242,3055817,13617,2829253,5,252306,16347,1518742,0.18064,17415,2463873,0.293055,17315,3982615,0.473695,8407551
2,2021-04-19,73291,6210667,39694,3095511,33587,2862840,10,252316,33703,1513695,0.18004,39373,2503246,0.297738,34326,4016941,0.477778,8407551
2,2021-04-20,94380,6305047,47235,3142746,47123,2909963,22,252338,46219,1512740,0.179926,47922,2551168,0.303438,46967,4063908,0.483364,8407551
2,2021-04-21,98511,6403558,52478,3195224,45979,2955942,54,252392,46996,1509445,0.179534,51212,2602380,0.309529,47917,4111825,0.489063,8407551
2,2021-04-22,104739,6508297,53774,3248998,50945,3006887,20,252412,46095,1498089,0.178184,58338,2660718,0.316468,46982,4158807,0.494651,8407551
2,2021-04-23,103893,6612190,55005,3304003,48872,3055759,16,252428,48316,1492052,0.177466,55267,2715985,0.323041,49230,4208037,0.500507,8407551
2,2021-04-24,78354,6690544,46552,3350555,31765,3087524,37,252465,41263,1497445,0.178107,36816,2752801,0.32742,42209,4250246,0.505527,8407551
2,2021-04-25,35881,6726425,22247,3372802,13620,3101144,14,252479,19641,1501424,0.17858,16129,2768930,0.329338,20108,4270354,0.507919,8407551
2,2021-04-26,67548,6793973,37792,3410594,29469,3130613,287,252766,30982,1497721,0.17814,36361,2805291,0.333663,32658,4303012,0.511803,8407551
2,2021-04-27,82023,6875996,43292,3453886,37594,3168207,1137,253903,35247,1488729,0.17707,46541,2851832,0.339199,37549,4340561,0.516269,8407551
2,2021-04-28,84399,6960395,44637,3498523,37942,3206149,1820,255723,36960,1481179,0.176172,47215,2899047,0.344815,39665,4380226,0.520987,8407551
2,2021-04-29,87028,7047423,46989,3545512,38383,3244532,1656,257379,33529,1463697,0.174093,53256,2952303,0.351149,35774,4416000,0.525242,8407551
2,2021-04-30,91117,7138540,50307,3595819,38876,3283408,1934,259313,35264,1445954,0.171983,55570,3007873,0.357759,37827,4453827,0.529741,8407551
2,2021-05-01,60400,7198940,36808,3632627,22055,3305463,1537,260850,23794,1435715,0.170765,36409,3044282,0.362089,26170,4479997,0.532854,8407551
2,2021-05-02,28712,7227652,19826,3652453,7916,3313379,970,261820,11043,1430251,0.170115,17565,3061847,0.364178,12101,4492098,0.534293,8407551
2,2021-05-03,59066,7286718,35120,3687573,21923,3335302,2023,263843,19820,1413295,0.168098,39051,3100898,0.368823,22095,4514193,0.536921,8407551
2,2021-05-04,77270,7363988,45852,3733425,29090,3364392,2328,266171,25188,1389357,0.165251,51840,3152738,0.374989,27902,4542095,0.54024,8407551
2,2021-05-05,77555,7441543,45924,3779349,29323,3393715,2308,268479,24321,1363395,0.162163,52926,3205664,0.381284,26964,4569059,0.543447,8407551
2,2021-05-06,79686,7521229,48010,3827359,28826,3422541,2850,271329,24495,1336578,0.158974,54785,3260449,0.3878,27968,4597027,0.546774,8407551
2,2021-05-07,80531,7601760,46398,3873757,31735,3454276,2398,273727,25001,1309200,0.155717,55219,3315668,0.394368,27841,4624868,0.550085,8407551
2,2021-05-08,52754,7654514,31882,3905639,19228,3473504,1644,275371,16580,1292166,0.153691,35941,3351609,0.398643,18907,4643775,0.552334,8407551
2,2021-05-09,21201,7675715,15158,3920797,5303,3478807,740,276111,6360,1284765,0.152811,14721,3366330,0.400394,7320,4651095,0.553204,8407551
2,2021-05-10,48252,7723967,26226,3947023,20215,3499022,1811,277922,13857,1266838,0.150679,34177,3400507,0.404459,16250,4667345,0.555137,8407551
2,2021-05-11,61615,7785582,32863,3979886,26793,3525815,1959,279881,18565,1245204,0.148105,42809,3443316,0.40955,21175,4688520,0.557656,8407551
2,2021-05-12,59819,7845401,31556,4011442,26256,3552071,2007,281888,17903,1223788,0.145558,41683,3484999,0.414508,20267,4708787,0.560066,8407551
2,2021-05-13,63361,7908762,36814,4048256,24787,3576858,1760,283648,23267,1209580,0.143868,39889,3524888,0.419253,25681,4734468,0.563121,8407551
2,2021-05-14,75180,7983942,44973,4093229,28121,3604979,2086,285734,29318,1196036,0.142257,45584,3570472,0.424674,32040,4766508,0.566932,8407551
2,2021-05-15,61720,8045662,41197,4134426,18988,3623967,1535,287269,24005,1184421,0.140876,37539,3608011,0.429139,25924,4792432,0.570015,8407551
2,2021-05-16,20323,8065985,15718,4150144,3946,3627913,659,287928,8085,1181069,0.140477,12178,3620189,0.430588,8826,4801258,0.571065,8407551
2,2021-05-17,49831,8115816,30696,4180840,17428,3645341,1707,289635,19546,1172522,0.139461,30137,3650326,0.434172,21590,4822848,0.573633,8407551
2,2021-05-18,39341,8155157,23338,4204178,14777,3660118,1226,290861,14087,1163093,0.138339,25129,3675455,0.437161,15700,4838548,0.5755,8407551
3,2020-12-15,303,303,303,303,0,0,0,0,303,303,3.7e-05,0,0,0.0,303,303,3.7e-05,8129050
3,2020-12-16,2211,2514,2211,2514,0,0,0,0,2211,2514,0.000309,0,0,0.0,2211,2514,0.000309,8129050
3,2020-12-17,7607,10121,7607,10121,0,0,0,0,7607,10121,0.001245,0,0,0.0,7607,10121,0.001245,8129050
3,2020-12-18,13034,23155,13021,23142,13,13,0,0,13034,23155,0.002848,0,0,0.0,13034,23155,0.002848,8129050
3,2020-12-19,7187,30342,7176,30318,11,24,0,0,7251,30406,0.00374,0,0,0.0,7251,30406,0.00374,8129050
3,2020-12-20,5628,35970,5621,35939,7,31,0,0,5675,36080,0.004438,1,1,0.0,5675,36081,0.004439,8129050
3,2020-12-21,14272,50242,14249,50188,23,54,0,0,14337,50416,0.006202,1,2,0.0,14337,50418,0.006202,8129050
3,2020-12-22,14694,64936,14125,64313,569,623,0,0,14733,65149,0.008014,0,2,0.0,14733,65151,0.008015,8129050
3,2020-12-23,14665,79601,12077,76390,2588,3211,0,0,14691,79840,0.009822,0,2,0.0,14691,79842,0.009822,8129050
3,2020-12-24,6767,86368,4858,81248,1909,5120,0,0,6765,86604,0.010654,1,3,0.0,6765,86607,0.010654,8129050
3,2020-12-25,720,87088,664,81912,56,5176,0,0,719,87323,0.010742,0,3,0.0,719,87326,0.010742,8129050
3,2020-12-26,4599,91687,2987,84899,1612,6788,0,0,4597,91920,0.011308,0,3,0.0,4597,91923,0.011308,8129050
3,2020-12-27,2951,94638,1832,86731,1119,7907,0,0,2952,94872,0.011671,0,3,0.0,2952,94875,0.011671,8129050
3,2020-12-28,13475,108113,8615,95346,4860,12767,0,0,13503,108374,0.013332,1,4,0.0,13503,108378,0.013332,8129050
3,2020-12-29,14935,123048,8432,103778,6503,19270,0,0,14963,123335,0.015172,2,6,1e-06,14963,123341,0.015173,8129050
3,2020-12-30,18003,141051,10047,113825,7956,27226,0,0,17990,141325,0.017385,0,6,1e-06,17990,141331,0.017386,8129050
3,2020-12-31,8375,149426,3213,117038,5162,32388,0,0,8375,149699,0.018415,1,7,1e-06,8375,149706,0.018416,8129050
3,2021-01-01,1185,150611,540,117578,645,33033,0,0,1182,150881,0.018561,0,7,1e-06,1182,150888,0.018562,8129050
3,2021-01-02,4994,155605,2478,120056,2516,35549,0,0,4994,155875,0.019175,0,7,1e-06,4994,155882,0.019176,8129050
3,2021-01-03,1597,157202,840,120896,757,36306,0,0,1588,157459,0.01937,4,11,1e-06,1588,157470,0.019371,8129050
3,2021-01-04,11965,169167,5989,126885,5976,42282,0,0,11938,169390,0.020838,7,18,2e-06,11938,169408,0.02084,8129050
3,2021-01-05,15587,184754,8045,134930,7542,49824,0,0,13988,181818,0.022366,1585,1603,0.000197,14013,183421,0.022564,8129050
3,2021-01-06,20470,205224,10790,145720,9680,59504,0,0,16077,193549,0.02381,4352,5955,0.000733,16083,199504,0.024542,8129050
3,2021-01-07,26354,231578,15031,160751,11323,70827,0,0,17184,201605,0.024801,9142,15097,0.001857,17198,216702,0.026658,8129050
3,2021-01-08,30232,261810,18463,179214,11769,82596,0,0,18072,207558,0.025533,12139,27236,0.00335,18092,234794,0.028883,8129050
3,2021-01-09,12333,274143,6961,186175,5372,87968,0,0,7849,210937,0.025949,4478,31714,0.003901,7857,242651,0.02985,8129050
3,2021-01-10,7159,281302,4461,190636,2698,90666,0,0,4021,211826,0.026058,3136,34850,0.004287,4025,246676,0.030345,8129050
3,2021-01-11,28785,310087,18860,209496,9925,100591,0,0,16283,215655,0.026529,12497,47347,0.005824,16326,263002,0.032353,8129050
3,2021-01-12,31999,342086,19096,228592,12903,113494,0,0,19619,222994,0.027432,12364,59711,0.007345,19703,282705,0.034777,8129050
3,2021-01-13,34319,376405,17953,246545,16366,129860,0,0,24240,237173,0.029176,10080,69791,0.008585,24259,306964,0.037761,8129050
3,2021-01-14,34404,410809,14132,260677,20272,150132,0,0,28539,259913,0.031973,5832,75623,0.009303,28572,335536,0.041276,8129050
3,2021-01-15,38655,449464,14411,275088,24244,174376,0,0,34048,289426,0.035604,4597,80220,0.009868,34110,369646,0.045472,8129050
3,2021-01-16,21728,471192,7598,282686,14130,188506,0,0,19422,306576,0.037714,2293,82513,0.01015,19443,389089,0.047864,8129050
3,2021-01-17,13111,484303,4467,287153,8644,197150,0,0,12084,317652,0.039076,1026,83539,0.010277,12102,401191,0.049353,8129050
3,2021-01-18,24576,508879,12806,299959,11770,208920,0,0,19072,331246,0.040748,5522,89061,0.010956,19116,420307,0.051704,8129050
3,2021-01-19,40766,549645,20852,320811,19914,228834,0,0,31731,354047,0.043553,9010,98071,0.012064,31811,452118,0.055618,8129050
3,2021-01-20,44806,594451,22093,342904,22713,251547,0,0,35503,380366,0.046791,9260,107331,0.013203,35579,487697,0.059994,8129050
3,2021-01-21,47291,641742,20438,363342,26853,278400,0,0,41881,416972,0.051294,5338,112669,0.01386,41944,529641,0.065154,8129050
3,2021-01-22,49398,691140,19768,383110,29630,308030,0,0,45297,458223,0.056369,4108,116777,0.014365,45359,575000,0.070734,8129050
3,2021-01-23,30018,721158,12743,395853,17275,325305,0,0,26700,481662,0.059252,3307,120084,0.014772,26746,601746,0.074024,8129050
3,2021-01-24,17619,738777,8489,404342,9130,334435,0,0,16475,497019,0.061141,1142,121226,0.014913,16499,618245,0.076054,8129050
3,2021-01-25,40376,779153,18126,422468,22250,356685,0,0,30525,517794,0.063697,9833,131059,0.016122,30608,648853,0.079819,8129050
3,2021-01-26,46636,825789,22319,444787,24317,381002,0,0,36702,544675,0.067004,9924,140983,0.017343,36805,685658,0.084347,8129050
3,2021-01-27,50335,876124,24390,469177,25945,406947,0,0,39841,574173,0.070632,10417,151400,0.018625,39915,725573,0.089257,8129050
3,2021-01-28,51335,927459,23847,493024,27488,434435,0,0,42509,607985,0.074792,8744,160144,0.0197,42556,768129,0.094492,8129050
3,2021-01-29,50200,977659,24172,517196,26028,460463,0,0,40774,639565,0.078676,9240,169384,0.020837,40820,808949,0.099513,8129050
3,2021-01-30,36601,1014260,17369,534565,19232,479695,0,0,32052,667195,0.082075,4500,173884,0.02139,32130,841079,0.103466,8129050
3,2021-01-31,22217,1036477,12828,547393,9389,489084,0,0,20731,686470,0.084447,1474,175358,0.021572,20749,861828,0.106018,8129050
3,2021-02-01,45073,1081550,20439,567832,24634,513718,0,0,34731,710939,0.087457,10300,185658,0.022839,34769,896597,0.110295,8129050
3,2021-02-02,54086,1135636,22731,590563,31355,545073,0,0,41445,739879,0.091017,12553,198211,0.024383,41493,938090,0.1154,8129050
3,2021-02-03,59629,1195265,26617,617180,33012,578085,0,0,44396,769267,0.094632,15075,213286,0.026238,44463,982553,0.120869,8129050
3,2021-02-04,63974,1259239,27834,645014,36140,614225,0,0,46935,799458,0.098346,16848,230134,0.02831,47039,1029592,0.126656,8129050
3,2021-02-05,69775,1329014,29736,674750,40039,654264,0,0,48264,826584,0.101683,21298,251432,0.03093,48424,1078016,0.132613,8129050
3,2021-02-06,43455,1372469,21170,695920,22285,676549,0,0,33711,850760,0.104657,9716,261148,0.032125,33892,1111908,0.136782,8129050
3,2021-02-07,19437,1391906,12316,708236,7121,683670,0,0,14952,861363,0.105961,4475,265623,0.032676,15078,1126986,0.138637,8129050
3,2021-02-08,50742,1442648,24472,732708,26270,709940,0,0,33308,877539,0.107951,17315,282938,0.034806,33491,1160477,0.142757,8129050
3,2021-02-09,58134,1500782,28311,761019,29823,739763,0,0,34149,888218,0.109265,23814,306752,0.037735,34493,1194970,0.147,8129050
3,2021-02-10,67371,1568153,31338,792357,36033,775796,0,0,36592,894786,0.110073,30551,337303,0.041494,37119,1232089,0.151566,8129050
3,2021-02-11,70104,1638257,34634,826991,35470,811266,0,0,37622,900794,0.110812,32143,369446,0.045448,38151,1270240,0.156259,8129050
3,2021-02-12,74697,1712954,32367,859358,42330,853596,0,0,41392,909921,0.111934,33020,402466,0.04951,42147,1312387,0.161444,8129050
3,2021-02-13,44545,1757499,20252,879610,24293,877889,0,0,25709,917522,0.11287,18688,421154,0.051809,26289,1338676,0.164678,8129050
3,2021-02-14,27096,1784595,13557,893167,13539,891428,0,0,15168,921253,0.113328,11883,433037,0.05327,15614,1354290,0.166599,8129050
3,2021-02-15,39702,1824297,17124,910291,22578,914006,0,0,22007,926587,0.113985,17607,450644,0.055436,22941,1377231,0.169421,8129050
3,2021-02-16,69416,1893713,32829,943120,36587,950593,0,0,36228,930778,0.1145,33058,483702,0.059503,37249,1414480,0.174003,8129050
3,2021-02-17,71213,1964926,36068,979188,35145,985738,0,0,34002,928859,0.114264,36992,520694,0.064053,35073,1449553,0.178318,8129050
3,2021-02-18,76168,2041094,39803,1018991,36365,1022103,0,0,35377,924914,0.113779,40659,561353,0.069055,36714,1486267,0.182834,8129050
3,2021-02-19,67973,2109067,39225,1058216,28748,1050851,0,0,34491,926709,0.114,33385,594738,0.073162,35180,1521447,0.187162,8129050
3,2021-02-20,41566,2150633,26354,1084570,15212,1066063,0,0,22081,929882,0.11439,19400,614138,0.075549,22573,1544020,0.189939,8129050
3,2021-02-21,22313,2172946,18557,1103127,3756,1069819,0,0,10678,929372,0.114327,11565,625703,0.076971,11055,1555075,0.191298,8129050
3,2021-02-22,44814,2217760,29238,1132365,15576,1085395,0,0,21266,927644,0.114115,23472,649175,0.079859,21744,1576819,0.193973,8129050
3,2021-02-23,60283,2278043,32969,1165334,27314,1112709,0,0,26730,922937,0.113536,33419,682594,0.08397,28712,1605531,0.197505,8129050
3,2021-02-24,76183,2354226,37329,1202663,38854,1151563,0,0,34181,917785,0.112902,41831,724425,0.089116,36679,1642210,0.202017,8129050
3,2021-02-25,85114,2439340,41374,1244037,43740,1195303,0,0,42860,921181,0.11332,42037,766462,0.094287,45433,1687643,0.207606,8129050
3,2021-02-26,95420,2534760,43522,1287559,51898,1247201,0,0,51113,930501,0.114466,43980,810442,0.099697,53300,1740943,0.214163,8129050
3,2021-02-27,67442,2602202,31090,1318649,36349,1283550,3,3,35855,936243,0.115172,31412,841854,0.103561,37154,1778097,0.218734,8129050
3,2021-02-28,37655,2639857,21898,1340547,15756,1299306,1,4,19545,938777,0.115484,17960,859814,0.105771,20494,1798591,0.221255,8129050
3,2021-03-01,65700,2705557,35003,1375550,30682,1329988,15,19,36773,948119,0.116633,28773,888587,0.10931,38115,1836706,0.225943,8129050
3,2021-03-02,77337,2782894,38327,1413877,39007,1368995,3,22,45416,963791,0.118561,31806,920393,0.113223,47478,1884184,0.231784,8129050
3,2021-03-03,87641,2870535,41922,1455799,45704,1414699,15,37,49061,976706,0.12015,38411,958804,0.117948,51326,1935510,0.238098,8129050
3,2021-03-04,92189,2962724,45403,1501202,46771,1461470,15,52,52568,992124,0.122047,39427,998231,0.122798,54845,1990355,0.244845,8129050
3,2021-03-05,88704,3051428,43682,1544884,44732,1506202,290,342,54327,1014799,0.124836,34158,1032389,0.127,56833,2047188,0.251836,8129050
3,2021-03-06,64436,3115864,32644,1577528,29656,1535858,2136,2478,36979,1028053,0.126467,27328,1059717,0.130362,40582,2087770,0.256828,8129050
3,2021-03-07,37010,3152874,22054,1599582,13847,1549705,1109,3587,21304,1035975,0.127441,15654,1075371,0.132287,23576,2111346,0.259729,8129050
3,2021-03-08,57831,3210705,27398,1626980,27611,1577316,2822,6409,36627,1055902,0.129892,21069,1096440,0.134879,40996,2152342,0.264772,8129050
3,2021-03-09,70239,3280944,29799,1656779,36103,1613419,4337,10746,36524,1064340,0.13093,33604,1130044,0.139013,42042,2194384,0.269943,8129050
3,2021-03-10,80123,3361067,39468,1696247,34632,1648051,6023,16769,41470,1074758,0.132212,38481,1168525,0.143747,48899,2243283,0.275959,8129050
3,2021-03-11,95781,3456848,46875,1743122,40398,1688449,8508,25277,47157,1083159,0.133245,48383,1216908,0.149699,56784,2300067,0.282944,8129050
3,2021-03-12,100395,3557243,44619,1787741,43984,1732433,11792,37069,46128,1088128,0.133857,54093,1271001,0.156353,59062,2359129,0.29021,8129050
3,2021-03-13,68683,3625926,29084,1816825,32409,1764842,7190,44259,36082,1100282,0.135352,32500,1303501,0.160351,44654,2403783,0.295703,8129050
3,2021-03-14,40226,3666152,21146,1837971,15596,1780438,3484,47743,20626,1105492,0.135993,19539,1323040,0.162755,24749,2428532,0.298747,8129050
3,2021-03-15,74476,3740628,35302,1873273,34678,1815116,4496,52239,39472,1115627,0.13724,34840,1357880,0.16704,44975,2473507,0.30428,8129050
3,2021-03-16,93906,3834534,43241,1916514,46411,1861527,4254,56493,53182,1133454,0.139433,40536,1398416,0.172027,58363,2531870,0.31146,8129050
3,2021-03-17,96494,3931028,46826,1963340,45274,1906801,4394,60887,59048,1160311,0.142736,37257,1435673,0.17661,64114,2595984,0.319347,8129050
3,2021-03-18,101715,4032743,51599,2014939,45753,1952554,4363,65250,59292,1182324,0.145444,42198,1477871,0.181801,64211,2660195,0.327245,8129050
3,2021-03-19,101256,4133999,54067,2069006,42799,1995353,4390,69640,57520,1201266,0.147774,43511,1521382,0.187154,62453,2722648,0.334928,8129050
3,2021-03-20,70360,4204359,36224,2105230,30579,2025932,3557,73197,43959,1223043,0.150453,26239,1547621,0.190382,48016,2770664,0.340835,8129050
3,2021-03-21,35407,4239766,24073,2129303,9873,2035805,1461,74658,22962,1235563,0.151994,12374,1559995,0.191904,24894,2795558,0.343897,8129050
3,2021-03-22,69327,4309093,40710,2170013,26149,2061954,2468,77126,45032,1259955,0.154994,24117,1584112,0.19487,48509,2844067,0.349865,8129050
3,2021-03-23,88572,4397665,48819,2218832,37302,2099256,2451,79577,55037,1284834,0.158055,33314,1617426,0.198969,58193,2902260,0.357023,8129050
3,2021-03-24,97459,4495124,56140,2274972,38532,2137788,2787,82364,56420,1303905,0.160401,40745,1658171,0.203981,59816,2962076,0.364382,8129050
3,2021-03-25,105876,4601000,58893,2333865,44138,2181926,2845,85209,60564,1322935,0.162742,45032,1703203,0.209521,64062,3026138,0.372262,8129050
3,2021-03-26,108786,4709786,58273,2392138,47303,2229229,3210,88419,57141,1332751,0.163949,51386,1754589,0.215842,61202,3087340,0.379791,8129050
3,2021-03-27,73162,4782948,37059,2429197,33577,2262806,2526,90945,36260,1335488,0.164286,36726,1791315,0.22036,39463,3126803,0.384646,8129050
3,2021-03-28,43274,4826222,27171,2456368,15299,2278105,804,91749,22737,1339084,0.164728,20443,1811758,0.222875,24039,3150842,0.387603,8129050
3,2021-03-29,79580,4905802,41569,2497937,36238,2314343,1773,93522,44956,1352190,0.16634,34427,1846185,0.22711,47533,3198375,0.39345,8129050
3,2021-03-30,98783,5004585,48551,2546488,46675,2361018,3557,97079,59752,1377286,0.169428,38820,1885005,0.231885,63916,3262291,0.401313,8129050
3,2021-03-31,103657,5108242,55906,2602394,43021,2404039,4730,101809,57382,1393627,0.171438,46110,1931115,0.237557,62451,3324742,0.408995,8129050
3,2021-04-01,121762,5230004,61648,2664042,50698,2454737,9416,111225,66522,1414994,0.174066,54971,1986086,0.24432,76338,3401080,0.418386,8129050
3,2021-04-02,116084,5346088,56669,2720711,49382,2504119,10033,121258,61838,1433382,0.176328,54030,2040116,0.250966,72418,3473498,0.427294,8129050
3,2021-04-03,75043,5421131,38279,2758990,27755,2531874,9009,130267,37771,1443367,0.177557,37161,2077277,0.255537,47146,3520644,0.433094,8129050
3,2021-04-04,32224,5453355,17228,2776218,10837,2542711,4159,134426,14411,1444239,0.177664,17753,2095030,0.257721,18625,3539269,0.435385,8129050
3,2021-04-05,88035,5541390,44732,2820950,34366,2577077,8937,143363,43608,1453375,0.178788,44266,2139296,0.263167,53402,3592671,0.441955,8129050
3,2021-04-06,112169,5653559,54742,2875692,42439,2619516,14988,158351,53406,1463970,0.180091,58542,2197838,0.270368,69137,3661808,0.45046,8129050
3,2021-04-07,114793,5768352,59713,2935405,39040,2658556,16040,174391,56141,1478008,0.181818,58452,2256290,0.277559,72490,3734298,0.459377,8129050
3,2021-04-08,119829,5888181,60004,2995409,40025,2698581,19800,194191,56045,1491108,0.18343,63543,2319833,0.285376,76643,3810941,0.468805,8129050
3,2021-04-09,116547,6004728,58244,3053653,39454,2738035,18849,213040,51668,1497860,0.18426,64688,2384521,0.293333,71440,3882381,0.477593,8129050
3,2021-04-10,82530,6087258,37466,3091119,30053,2768088,15011,228051,33955,1499234,0.184429,48432,2432953,0.299291,49806,3932187,0.48372,8129050
3,2021-04-11,44583,6131841,23969,3115088,12676,2780764,7938,235989,17140,1497782,0.184251,27366,2460319,0.302658,25914,3958101,0.486908,8129050
3,2021-04-12,82811,6214652,41975,3157063,32265,2813029,8571,244560,38031,1500847,0.184628,44606,2504925,0.308145,47671,4005772,0.492772,8129050
3,2021-04-13,104152,6318804,56523,3213586,47423,2860452,206,244766,55347,1508639,0.185586,48629,2553554,0.314127,56421,4062193,0.499713,8129050
3,2021-04-14,105306,6424110,57767,3271353,47448,2907900,91,244857,53161,1511397,0.185925,51910,2605464,0.320513,54668,4116861,0.506438,8129050
3,2021-04-15,117569,6541679,66223,3337576,51290,2959190,56,244913,63391,1521680,0.18719,53943,2659407,0.327149,64226,4181087,0.514339,8129050
3,2021-04-16,113545,6655224,63779,3401355,49677,3008867,89,245002,59769,1528648,0.188048,53544,2712951,0.333735,60512,4241599,0.521783,8129050
3,2021-04-17,77741,6732965,42520,3443875,35209,3044076,12,245014,43536,1539083,0.189331,34060,2747011,0.337925,44495,4286094,0.527256,8129050
3,2021-04-18,36849,6769814,21835,3465710,15011,3059087,3,245017,17483,1538132,0.189214,19292,2766303,0.340298,18341,4304435,0.529513,8129050
3,2021-04-19,77841,6847655,43582,3509292,34208,3093295,51,245068,35400,1531786,0.188434,42322,2808625,0.345505,35976,4340411,0.533938,8129050
3,2021-04-20,97611,6945266,50635,3559927,46966,3140261,10,245078,47773,1530944,0.18833,49662,2858287,0.351614,48820,4389231,0.539944,8129050
3,2021-04-21,100532,7045798,55514,3615441,44957,3185218,61,245139,47808,1527307,0.187883,52465,2910752,0.358068,48828,4438059,0.545951,8129050
3,2021-04-22,108316,7154114,60516,3675957,47779,3232997,21,245160,46964,1514107,0.186259,61121,2971873,0.365587,47921,4485980,0.551846,8129050
3,2021-04-23,102501,7256615,58348,3734305,44131,3277128,22,245182,45203,1503284,0.184927,57037,3028910,0.372603,46214,4532194,0.557531,8129050
3,2021-04-24,72365,7328980,44916,3779221,27392,3304520,57,245239,35486,1503124,0.184908,36664,3065574,0.377113,36504,4568698,0.562021,8129050
3,2021-04-25,36110,7365090,23336,3802557,12760,3317280,14,245253,18676,1504841,0.185119,17355,3082929,0.379248,19072,4587770,0.564367,8129050
3,2021-04-26,67070,7432160,37881,3840438,28814,3346094,375,245628,28595,1496805,0.18413,38290,3121219,0.383959,30254,4618024,0.568089,8129050
3,2021-04-27,84502,7516662,44322,3884760,38780,3384874,1400,247028,33904,1482474,0.182367,50369,3171588,0.390155,36038,4654062,0.572522,8129050
3,2021-04-28,83323,7599985,46936,3931696,34308,3419182,2079,249107,33738,1469451,0.180765,49363,3220951,0.396227,36340,4690402,0.576993,8129050
3,2021-04-29,85274,7685259,48454,3980150,34668,3453850,2152,251259,29817,1446674,0.177963,55221,3276172,0.40302,32444,4722846,0.580984,8129050
3,2021-04-30,87650,7772909,49346,4029496,35872,3489722,2432,253691,32572,1427295,0.17558,54826,3330998,0.409765,35447,4758293,0.585344,8129050
3,2021-05-01,54113,7827022,34211,4063707,18476,3508198,1426,255117,19471,1414181,0.173966,34490,3365488,0.414008,21376,4779669,0.587974,8129050
3,2021-05-02,26477,7853499,18005,4081712,7465,3515663,1007,256124,9748,1408376,0.173252,16659,3382147,0.416057,10854,4790523,0.589309,8129050
3,2021-05-03,58610,7912109,34451,4116163,21834,3537497,2325,258449,17152,1386737,0.17059,41292,3423439,0.421136,19653,4810176,0.591727,8129050
3,2021-05-04,75257,7987366,43068,4159231,29574,3567071,2615,261064,21997,1358606,0.16713,53020,3476459,0.427659,24889,4835065,0.594788,8129050
3,2021-05-05,76125,8063491,45446,4204677,28043,3595114,2636,263700,20944,1327528,0.163307,54918,3531377,0.434414,23840,4858905,0.597721,8129050
3,2021-05-06,80757,8144248,51040,4255717,27279,3622393,2438,266138,20262,1290660,0.158771,60117,3591494,0.44181,23249,4882154,0.600581,8129050
3,2021-05-07,79309,8223557,49199,4304916,27547,3649940,2563,268701,21282,1257045,0.154636,57751,3649245,0.448914,24136,4906290,0.60355,8129050
3,2021-05-08,50076,8273633,30916,4335832,17532,3667472,1628,270329,13401,1235942,0.15204,36377,3685622,0.453389,15274,4921564,0.605429,8129050
3,2021-05-09,20352,8293985,14727,4350559,4836,3672308,789,271118,5601,1227767,0.151034,14632,3700254,0.455189,6457,4928021,0.606223,8129050
3,2021-05-10,46093,8340078,24749,4375308,19465,3691773,1879,272997,10997,1205991,0.148356,34906,3735160,0.459483,13130,4941151,0.607839,8129050
3,2021-05-11,59369,8399447,32740,4408048,24619,3716392,2010,275007,15049,1179341,0.145077,44135,3779295,0.464912,17485,4958636,0.60999,8129050
3,2021-05-12,58788,8458235,33535,4441583,23132,3739524,2121,277128,15504,1154146,0.141978,43087,3822382,0.470213,17892,4976528,0.612191,8129050
3,2021-05-13,66390,8524625,41777,4483360,22882,3762406,1731,278859,24019,1138263,0.140024,42186,3864568,0.475402,26303,5002831,0.615426,8129050
3,2021-05-14,76097,8600722,48052,4531412,25976,3788382,2069,280928,29735,1124520,0.138334,46135,3910703,0.481077,32392,5035223,0.619411,8129050
3,2021-05-15,57539,8658261,39677,4571089,16764,3805146,1098,282026,23473,1115389,0.13721,33912,3944615,0.485249,24781,5060004,0.622459,8129050
3,2021-05-16,19600,8677861,15196,4586285,3956,3809102,448,282474,7487,1111315,0.136709,12047,3956662,0.486731,7973,5067977,0.62344,8129050
3,2021-05-17,47912,8725773,29441,4615726,16825,3825927,1646,284120,17482,1100402,0.135367,30212,3986874,0.490448,19299,5087276,0.625814,8129050
3,2021-05-18,32834,8758607,19330,4635056,12506,3838433,998,285118,11134,1091089,0.134221,21600,4008474,0.493105,12287,5099563,0.627326,8129050
4,2020-12-15,444,444,444,444,0,0,0,0,444,444,5.5e-05,0,0,0.0,444,444,5.5e-05,8037679
4,2020-12-16,2959,3403,2959,3403,0,0,0,0,2959,3403,0.000423,0,0,0.0,2959,3403,0.000423,8037679
4,2020-12-17,8530,11933,8530,11933,0,0,0,0,8531,11934,0.001485,0,0,0.0,8531,11934,0.001485,8037679
4,2020-12-18,15390,27323,15381,27314,9,9,0,0,15390,27324,0.003399,0,0,0.0,15390,27324,0.003399,8037679
4,2020-12-19,10233,37556,10226,37540,7,16,0,0,10168,37492,0.004665,0,0,0.0,10168,37492,0.004665,8037679
4,2020-12-20,7352,44908,7345,44885,7,23,0,0,7307,44799,0.005574,0,0,0.0,7307,44799,0.005574,8037679
4,2020-12-21,16276,61184,16253,61138,23,46,0,0,16209,61008,0.00759,0,0,0.0,16209,61008,0.00759,8037679
4,2020-12-22,17091,78275,16361,77499,730,776,0,0,17047,78055,0.009711,0,0,0.0,17047,78055,0.009711,8037679
4,2020-12-23,16927,95202,14239,91738,2688,3464,0,0,16899,94954,0.011814,0,0,0.0,16899,94954,0.011814,8037679
4,2020-12-24,8542,103744,5959,97697,2583,6047,0,0,8542,103496,0.012876,0,0,0.0,8542,103496,0.012876,8037679
4,2020-12-25,900,104644,796,98493,104,6151,0,0,900,104396,0.012988,0,0,0.0,900,104396,0.012988,8037679
4,2020-12-26,6168,110812,3866,102359,2302,8453,0,0,6168,110564,0.013756,0,0,0.0,6168,110564,0.013756,8037679
4,2020-12-27,3416,114228,1996,104355,1420,9873,0,0,3416,113980,0.014181,0,0,0.0,3416,113980,0.014181,8037679
4,2020-12-28,14963,129191,9249,113604,5714,15587,0,0,14933,128912,0.016038,1,1,0.0,14933,128913,0.016039,8037679
4,2020-12-29,15232,144423,8428,122032,6804,22391,0,0,15199,144111,0.017929,0,1,0.0,15199,144112,0.01793,8037679
4,2020-12-30,18868,163291,11051,133083,7817,30208,0,0,18857,162966,0.020275,2,3,0.0,18857,162969,0.020276,8037679
4,2020-12-31,8195,171486,3323,136406,4872,35080,0,0,8190,171154,0.021294,2,5,1e-06,8190,171159,0.021295,8037679
4,2021-01-01,1253,172739,534,136940,719,35799,0,0,1251,172403,0.021449,2,7,1e-06,1251,172410,0.02145,8037679
4,2021-01-02,5667,178406,3197,140137,2470,38269,0,0,5666,178068,0.022154,1,8,1e-06,5666,178076,0.022155,8037679
4,2021-01-03,2128,180534,1262,141399,866,39135,0,0,2114,180178,0.022417,4,12,1e-06,2114,180190,0.022418,8037679
4,2021-01-04,12962,193496,7067,148466,5895,45030,0,0,12914,193062,0.02402,30,42,5e-06,12914,193104,0.024025,8037679
4,2021-01-05,16773,210269,9920,158386,6853,51883,0,0,14747,205815,0.025606,2005,2047,0.000255,14758,207862,0.025861,8037679
4,2021-01-06,21477,231746,13162,171548,8315,60198,0,0,15634,215670,0.026832,5792,7839,0.000975,15647,223509,0.027808,8037679
4,2021-01-07,27764,259510,16928,188476,10836,71034,0,0,16981,221937,0.027612,10728,18567,0.00231,16995,240504,0.029922,8037679
4,2021-01-08,32618,292128,20927,209403,11691,82725,0,0,18479,226364,0.028163,14070,32637,0.004061,18497,259001,0.032223,8037679
4,2021-01-09,16165,308293,9557,218960,6608,89333,0,0,9431,229094,0.028503,6712,39349,0.004896,9442,268443,0.033398,8037679
4,2021-01-10,8707,317000,5624,224584,3083,92416,0,0,4108,228632,0.028445,4578,43927,0.005465,4116,272559,0.03391,8037679
4,2021-01-11,33271,350271,21803,246387,11468,103884,0,0,18777,232996,0.028988,14452,58379,0.007263,18816,291375,0.036251,8037679
4,2021-01-12,38125,388396,21879,268266,16246,120130,0,0,24113,243185,0.030256,13963,72342,0.009,24152,315527,0.039256,8037679
4,2021-01-13,38423,426819,18911,287177,19512,139642,0,0,27234,259309,0.032262,11135,83477,0.010386,27259,342786,0.042647,8037679
4,2021-01-14,38928,465747,14868,302045,24060,163702,0,0,31885,284225,0.035362,6996,90473,0.011256,31912,374698,0.046618,8037679
4,2021-01-15,45091,510838,15603,317648,29488,193190,0,0,39574,318360,0.039608,5459,95932,0.011935,39594,414292,0.051544,8037679
4,2021-01-16,28550,539388,9349,326997,19201,212391,0,0,25448,340756,0.042395,3066,98998,0.012317,25462,439754,0.054712,8037679
4,2021-01-17,18947,558335,6651,333648,12296,224687,0,0,17437,356723,0.044381,1485,100483,0.012501,17452,457206,0.056883,8037679
4,2021-01-18,29430,587765,13666,347314,15764,240451,0,0,23479,374373,0.046577,5860,106343,0.013231,23510,480716,0.059808,8037679
4,2021-01-19,45810,633575,22993,370307,22817,263268,0,0,36501,401692,0.049976,9254,115597,0.014382,36573,517289,0.064358,8037679
4,2021-01-20,51552,685127,27361,397668,24191,287459,0,0,41157,432604,0.053822,10299,125896,0.015663,41211,558500,0.069485,8037679
4,2021-01-21,56343,741470,24958,422626,31385,318844,0,0,49960,476283,0.059256,6323,132219,0.01645,50002,608502,0.075706,8037679
4,2021-01-22,54839,796309,22050,444676,32789,351633,0,0,49763,521091,0.064831,4982,137201,0.01707,49790,658292,0.081901,8037679
4,2021-01-23,39378,835687,17407,462083,21971,373604,0,0,35085,551919,0.068666,4285,141486,0.017603,35113,693405,0.086269,8037679
4,2021-01-24,23905,859592,10494,472577,13411,387015,0,0,22035,572108,0.071178,1862,143348,0.017835,22051,715456,0.089013,8037679
4,2021-01-25,47642,907234,22035,494612,25607,412622,0,0,36614,597778,0.074372,10998,154346,0.019203,36668,752124,0.093575,8037679
4,2021-01-26,56289,963523,28752,523364,27537,440159,0,0,44185,629970,0.078377,12051,166397,0.020702,44243,796367,0.099079,8037679
4,2021-01-27,55152,1018675,26655,550019,28497,468656,0,0,44246,663495,0.082548,10774,177171,0.022043,44299,840666,0.104591,8037679
4,2021-01-28,56097,1074772,25324,575343,30773,499429,0,0,46239,700008,0.087091,9767,186938,0.023258,46280,886946,0.110349,8037679
4,2021-01-29,56032,1130804,26950,602293,29082,528511,0,0,45776,735697,0.091531,10115,197053,0.024516,45804,932750,0.116047,8037679
4,2021-01-30,37504,1168308,17089,619382,20415,548926,0,0,32259,762780,0.094901,5200,202253,0.025163,32283,965033,0.120064,8037679
4,2021-01-31,23805,1192113,12517,631899,11288,560214,0,0,22203,783411,0.097467,1587,203840,0.025361,22218,987251,0.122828,8037679
4,2021-02-01,48304,1240417,22818,654717,25486,585700,0,0,37946,811072,0.100909,10327,214167,0.026645,37988,1025239,0.127554,8037679
4,2021-02-02,55845,1296262,26332,681049,29513,615213,0,0,42105,839617,0.10446,13602,227769,0.028338,42147,1067386,0.132798,8037679
4,2021-02-03,61804,1358066,30408,711457,31396,646609,0,0,47598,873175,0.108635,14096,241865,0.030091,47654,1115040,0.138727,8037679
4,2021-02-04,67287,1425353,31388,742845,35899,682508,0,0,50646,907440,0.112898,16486,258351,0.032142,50751,1165791,0.145041,8037679
4,2021-02-05,72693,1498046,33698,776543,38995,721503,0,0,50787,936695,0.116538,21664,280015,0.034838,50919,1216710,0.151376,8037679
4,2021-02-06,48028,1546074,26020,802563,22008,743511,0,0,36598,962096,0.119698,11397,291412,0.036256,36798,1253508,0.155954,8037679
4,2021-02-07,26287,1572361,17353,819916,8934,752445,0,0,19919,975909,0.121417,6342,297754,0.037045,20155,1273663,0.158462,8037679
4,2021-02-08,58135,1630496,29853,849769,28282,780727,0,0,37870,993899,0.123655,20137,317891,0.03955,38127,1311790,0.163205,8037679
4,2021-02-09,66897,1697393,34100,883869,32797,813524,0,0,39290,1006048,0.125166,27540,345431,0.042976,39689,1351479,0.168143,8037679
4,2021-02-10,76849,1774242,38476,922345,38373,851897,0,0,40854,1011678,0.125867,35763,381194,0.047426,41393,1392872,0.173293,8037679
4,2021-02-11,80676,1854918,42092,964437,38584,890481,0,0,41763,1015404,0.12633,38697,419891,0.05224,42423,1435295,0.178571,8037679
4,2021-02-12,83774,1938692,37542,1001979,46232,936713,0,0,43243,1019075,0.126787,40356,460247,0.057261,44027,1479322,0.184048,8037679
4,2021-02-13,58342,1997034,29585,1031564,28757,965470,0,0,29813,1021373,0.127073,28412,488659,0.060796,30710,1510032,0.187869,8037679
4,2021-02-14,36639,2033673,19047,1050611,17592,983062,0,0,18831,1023097,0.127288,17764,506423,0.063006,19488,1529520,0.190294,8037679
4,2021-02-15,45891,2079564,21513,1072124,24378,1007440,0,0,23644,1025736,0.127616,22179,528602,0.065766,24818,1554338,0.193381,8037679
4,2021-02-16,79497,2159061,36394,1108518,43103,1050543,0,0,40650,1028842,0.128002,38754,567356,0.070587,41860,1596198,0.198589,8037679
4,2021-02-17,80826,2239887,38120,1146638,42706,1093249,0,0,38642,1026591,0.127722,42023,609379,0.075815,39772,1635970,0.203538,8037679
4,2021-02-18,82660,2322547,45510,1192148,37150,1130399,0,0,38301,1022166,0.127172,44197,653576,0.081314,39772,1675742,0.208486,8037679
4,2021-02-19,81646,2404193,51372,1243520,30274,1160673,0,0,41018,1023387,0.127324,40487,694063,0.086351,41708,1717450,0.213675,8037679
4,2021-02-20,48272,2452465,32241,1275761,16031,1176704,0,0,26429,1028717,0.127987,21785,715848,0.089062,27115,1744565,0.217048,8037679
4,2021-02-21,28750,2481215,23134,1298895,5616,1182320,0,0,13889,1028090,0.127909,14798,730646,0.090903,14171,1758736,0.218811,8037679
4,2021-02-22,52318,2533533,36059,1334954,16259,1198579,0,0,25487,1027268,0.127807,26746,757392,0.09423,25924,1784660,0.222037,8037679
4,2021-02-23,73095,2606628,40575,1375529,32520,1231099,0,0,32407,1020760,0.126997,40573,797965,0.099278,34065,1818725,0.226275,8037679
4,2021-02-24,87912,2694540,46394,1421923,41518,1272617,0,0,39972,1015133,0.126297,47744,845709,0.105218,42117,1860842,0.231515,8037679
4,2021-02-25,98125,2792665,51115,1473038,47010,1319627,0,0,47170,1014039,0.126161,50806,896515,0.111539,49712,1910554,0.2377,8037679
4,2021-02-26,104121,2896786,52525,1525563,51596,1371223,0,0,53889,1020256,0.126934,50003,946518,0.11776,56220,1966774,0.244694,8037679
4,2021-02-27,75594,2972380,41266,1566829,34322,1405545,6,6,40513,1027289,0.127809,34959,981477,0.12211,41992,2008766,0.249919,8037679
4,2021-02-28,45037,3017417,27929,1594758,17106,1422651,2,8,25100,1033464,0.128577,19806,1001283,0.124574,25981,2034747,0.253151,8037679
4,2021-03-01,75280,3092697,44242,1639000,31021,1453672,17,25,41675,1042938,0.129756,33397,1034680,0.128729,42871,2077618,0.258485,8037679
4,2021-03-02,84422,3177119,48665,1687665,35753,1489425,4,29,50213,1060870,0.131987,34065,1068745,0.132967,51997,2129615,0.264954,8037679
4,2021-03-03,98847,3275966,52473,1740138,46362,1535787,12,41,55171,1074337,0.133663,43487,1112232,0.138377,56954,2186569,0.27204,8037679
4,2021-03-04,96112,3372078,53516,1793654,42581,1578368,15,56,52930,1086058,0.135121,42992,1155224,0.143726,54713,2241282,0.278847,8037679
4,2021-03-05,93691,3465769,50671,1844325,42708,1621076,312,368,55690,1106159,0.137622,37819,1193043,0.148431,57920,2299202,0.286053,8037679
4,2021-03-06,75615,3541384,42678,1887003,30335,1651411,2602,2970,46477,1127547,0.140283,29034,1222077,0.152044,50422,2349624,0.292326,8037679
4,2021-03-07,42125,3583509,26912,1913915,14052,1665463,1161,4131,25211,1138146,0.141601,16858,1238935,0.154141,27457,2377081,0.295742,8037679
4,2021-03-08,65076,3648585,33755,1947670,28151,1693614,3170,7301,42772,1163228,0.144722,22202,1261137,0.156903,47284,2424365,0.301625,8037679
4,2021-03-09,73789,3722374,34205,1981875,34486,1728100,5098,12399,38267,1172351,0.145857,35372,1296509,0.161304,44495,2468860,0.307161,8037679
4,2021-03-10,88160,3810534,44714,2026589,36053,1764153,7393,19792,44105,1180937,0.146925,43888,1340397,0.166764,52474,2521334,0.313689,8037679
4,2021-03-11,99834,3910368,52520,2079109,38959,1803112,8355,28147,46249,1183286,0.147217,53386,1393783,0.173406,55735,2577069,0.320624,8037679
4,2021-03-12,103401,4013769,50913,2130022,42292,1845404,10196,38343,44314,1179881,0.146794,58867,1452650,0.18073,55462,2632531,0.327524,8037679
4,2021-03-13,79901,4093670,37157,2167179,34389,1879793,8355,46698,37533,1184678,0.147391,42250,1494900,0.185987,47047,2679578,0.333377,8037679
4,2021-03-14,49031,4142701,27921,2195100,17522,1897315,3588,50286,23112,1186174,0.147577,25841,1520741,0.189202,27337,2706915,0.336778,8037679
4,2021-03-15,82950,4225651,44417,2239517,34337,1931652,4196,54482,42689,1193839,0.14853,40062,1560803,0.194186,47727,2754642,0.342716,8037679
4,2021-03-16,106609,4332260,55354,2294871,47900,1979552,3355,57837,56797,1205091,0.14993,49604,1610407,0.200357,60856,2815498,0.350287,8037679
4,2021-03-17,105147,4437407,56502,2351373,45250,2024802,3395,61232,61854,1227847,0.152761,43068,1653475,0.205715,65824,2881322,0.358477,8037679
4,2021-03-18,105351,4542758,58324,2409697,43415,2068217,3612,64844,60434,1247653,0.155226,44680,1698155,0.211274,64486,2945808,0.3665,8037679
4,2021-03-19,109283,4652041,62547,2472244,41622,2109839,5114,69958,63278,1270660,0.158088,45793,1743948,0.216972,68800,3014608,0.37506,8037679
4,2021-03-20,82349,4734390,48080,2520324,31321,2141160,2948,72906,51013,1293715,0.160956,31219,1775167,0.220856,54274,3068882,0.381812,8037679
4,2021-03-21,47323,4781713,34243,2554567,10853,2152013,2227,75133,28846,1306762,0.16258,18380,1793547,0.223142,31427,3100309,0.385722,8037679
4,2021-03-22,81051,4862764,52986,2607553,25417,2177430,2648,77781,51307,1331876,0.165704,29556,1823103,0.22682,54670,3154979,0.392524,8037679
4,2021-03-23,103208,4965972,61535,2669088,39578,2217008,2095,79876,61931,1355402,0.168631,41031,1864134,0.231924,64557,3219536,0.400555,8037679
4,2021-03-24,112235,5078207,72483,2741571,37448,2254456,2304,82180,63989,1374302,0.170982,47856,1911990,0.237878,66756,3286292,0.408861,8037679
4,2021-03-25,115586,5193793,71182,2812753,42101,2296557,2303,84483,66871,1395657,0.173639,48301,1960291,0.243888,69656,3355948,0.417527,8037679
4,2021-03-26,118107,5311900,71649,2884402,43467,2340024,2991,87474,65380,1412210,0.175699,52422,2012713,0.25041,68975,3424923,0.426108,8037679
4,2021-03-27,90164,5402064,53382,2937784,35003,2375027,1779,89253,46320,1417150,0.176313,43647,2056360,0.25584,48587,3473510,0.432153,8037679
4,2021-03-28,54947,5457011,36153,2973937,17928,2392955,866,90119,30146,1423812,0.177142,24672,2081032,0.25891,31334,3504844,0.436052,8037679
4,2021-03-29,92423,5549434,55525,3029462,34883,2427838,2015,92134,51568,1437283,0.178818,40657,2121689,0.263968,54128,3558972,0.442786,8037679
4,2021-03-30,115935,5665369,63180,3092642,48664,2476502,4091,96225,74018,1474108,0.1834,41732,2163421,0.26916,78557,3637529,0.45256,8037679
4,2021-03-31,119645,5785014,70686,3163328,42748,2519250,6211,102436,69201,1499590,0.18657,50170,2213591,0.275402,75652,3713181,0.461972,8037679
4,2021-04-01,140744,5925758,80526,3243854,47329,2566579,12889,115325,83595,1539526,0.191539,56850,2270441,0.282475,96786,3809967,0.474013,8037679
4,2021-04-02,134699,6060457,72169,3316023,49343,2615922,13187,128512,78350,1575365,0.195998,56108,2326549,0.289455,91947,3901914,0.485453,8037679
4,2021-04-03,100122,6160579,53447,3369470,33526,2649448,13149,141661,52528,1593939,0.198308,47434,2373983,0.295357,66008,3967922,0.493665,8037679
4,2021-04-04,46652,6207231,24626,3394096,14547,2663995,7479,149140,20670,1596263,0.198598,25902,2399885,0.298579,28226,3996148,0.497177,8037679
4,2021-04-05,108427,6315658,61126,3455222,34655,2698650,12646,161786,56975,1615219,0.200956,51286,2451171,0.30496,70242,4066390,0.505916,8037679
4,2021-04-06,137566,6453224,77603,3532825,40389,2739039,19574,181360,71910,1641928,0.204279,65465,2516636,0.313105,92174,4158564,0.517384,8037679
4,2021-04-07,135938,6589162,77243,3610068,38220,2777259,20475,201835,70810,1668642,0.207602,64923,2581559,0.321182,91637,4250201,0.528785,8037679
4,2021-04-08,138159,6727321,77314,3687382,35740,2812999,25105,226940,68976,1694444,0.210813,68950,2650509,0.32976,94752,4344953,0.540573,8037679
4,2021-04-09,135687,6863008,74551,3761933,38511,2851510,22625,249565,65191,1713008,0.213122,70318,2720827,0.338509,88882,4433835,0.551631,8037679
4,2021-04-10,101880,6964888,50482,3812415,32891,2884401,18507,268072,46132,1723144,0.214383,55578,2776405,0.345424,65714,4499549,0.559807,8037679
4,2021-04-11,61844,7026732,37701,3850116,13040,2897441,11103,279175,27280,1728131,0.215004,34486,2810891,0.349714,39473,4539022,0.564718,8037679
4,2021-04-12,101477,7128209,61745,3911861,29810,2927251,9922,289097,51442,1740929,0.216596,49785,2860676,0.355908,62583,4601605,0.572504,8037679
4,2021-04-13,128836,7257045,80821,3992682,47863,2975114,152,289249,77441,1768213,0.21999,51160,2911836,0.362273,78444,4680049,0.582264,8037679
4,2021-04-14,133814,7390859,85265,4077947,48477,3023591,72,289321,74677,1785275,0.222113,58884,2970720,0.369599,75946,4755995,0.591712,8037679
4,2021-04-15,154179,7545038,102753,4180700,51391,3074982,35,289356,95265,1822689,0.226768,58621,3029341,0.376893,96035,4852030,0.603661,8037679
4,2021-04-16,141479,7686517,89895,4270595,51510,3126492,74,289430,82881,1847951,0.229911,58390,3087731,0.384157,83652,4935682,0.614068,8037679
4,2021-04-17,99625,7786142,62957,4333552,36660,3163152,8,289438,58658,1866978,0.232278,40761,3128492,0.389228,59788,4995470,0.621507,8037679
4,2021-04-18,53764,7839906,35966,4369518,17795,3180947,3,289441,30681,1875611,0.233352,22989,3151481,0.392088,31622,5027092,0.625441,8037679
4,2021-04-19,99866,7939772,66047,4435565,33807,3214754,12,289453,51233,1878985,0.233772,48453,3199934,0.398117,51827,5078919,0.631889,8037679
4,2021-04-20,126701,8066473,74386,4509951,52310,3267064,5,289458,66577,1886736,0.234736,59868,3259802,0.405565,67619,5146538,0.640302,8037679
4,2021-04-21,126749,8193222,81443,4591394,45257,3312321,49,289507,64224,1889750,0.235111,62256,3322058,0.413311,65270,5211808,0.648422,8037679
4,2021-04-22,136509,8329731,90017,4681411,46473,3358794,19,289526,61282,1877205,0.233551,74933,3396991,0.422633,62388,5274196,0.656184,8037679
4,2021-04-23,129877,8459608,84084,4765495,45772,3404566,21,289547,56565,1861885,0.231645,73031,3470022,0.431719,57711,5331907,0.663364,8037679
4,2021-04-24,96754,8556362,65690,4831185,31012,3435578,52,289599,44694,1855851,0.230894,51821,3521843,0.438167,45787,5377694,0.669061,8037679
4,2021-04-25,49169,8605531,35008,4866193,14137,3449715,24,289623,25935,1859113,0.2313,23122,3544965,0.441043,26384,5404078,0.672343,8037679
4,2021-04-26,83191,8688722,55110,4921303,27707,3477422,374,289997,32814,1843414,0.229347,50151,3595116,0.447283,34452,5438530,0.676629,8037679
4,2021-04-27,105462,8794184,64934,4986237,38734,3516156,1794,291791,38255,1817245,0.226091,66945,3662061,0.455612,40776,5479306,0.681703,8037679
4,2021-04-28,99105,8893289,64320,5050557,32313,3548469,2472,294263,35423,1792305,0.222988,63451,3725512,0.463506,38511,5517817,0.686494,8037679
4,2021-04-29,100486,8993775,63643,5114200,34358,3582827,2485,296748,31445,1758025,0.218723,68777,3794289,0.472063,34497,5552314,0.690786,8037679
4,2021-04-30,101083,9094858,63633,5177833,34815,3617642,2635,299383,34449,1729377,0.215159,66342,3860631,0.480317,37694,5590008,0.695475,8037679
4,2021-05-01,68083,9162941,45385,5223218,20958,3638600,1740,301123,19806,1703428,0.21193,48118,3908749,0.486303,22169,5612177,0.698234,8037679
4,2021-05-02,37142,9200083,26309,5249527,9562,3648162,1271,302394,10495,1688781,0.210108,26549,3935298,0.489606,11902,5624079,0.699714,8037679
4,2021-05-03,77514,9277597,54280,5303807,20792,3668954,2442,304836,19083,1652417,0.205584,58223,3993521,0.49685,21859,5645938,0.702434,8037679
4,2021-05-04,97888,9375485,66503,5370310,28667,3697621,2718,307554,22232,1602308,0.19935,75415,4068936,0.506233,25306,5671244,0.705582,8037679
4,2021-05-05,98634,9474119,69226,5439536,26701,3724322,2707,310261,21548,1550031,0.192846,76807,4145743,0.515789,24530,5695774,0.708634,8037679
4,2021-05-06,108688,9582807,81368,5520904,24427,3748749,2893,313154,19373,1484480,0.18469,88925,4234668,0.526852,23374,5719148,0.711542,8037679
4,2021-05-07,102143,9684950,73284,5594188,26200,3774949,2659,315813,20259,1426228,0.177443,81566,4316234,0.537,23314,5742462,0.714443,8037679
4,2021-05-08,65835,9750785,45048,5639236,18930,3793879,1857,317670,13110,1388993,0.17281,52531,4368765,0.543536,15296,5757758,0.716346,8037679
4,2021-05-09,33171,9783956,27049,5666285,5188,3799067,934,318604,7834,1372614,0.170772,25236,4394001,0.546675,8857,5766615,0.717448,8037679
4,2021-05-10,61762,9845718,41079,5707364,18421,3817488,2262,320866,10761,1335097,0.166105,50838,4444839,0.553,13321,5779936,0.719105,8037679
4,2021-05-11,76168,9921886,46639,5754003,27554,3845042,1975,322841,14801,1291127,0.160634,61167,4506006,0.56061,17197,5797133,0.721245,8037679
4,2021-05-12,72044,9993930,47392,5801395,22458,3867500,2194,325035,15719,1253231,0.15592,56112,4562118,0.567591,18216,5815349,0.723511,8037679
4,2021-05-13,93163,10087093,68287,5869682,23466,3890966,1410,326445,35568,1233602,0.153477,57375,4619493,0.57473,37746,5853095,0.728207,8037679
4,2021-05-14,99181,10186274,69571,5939253,27550,3918516,2060,328505,38390,1214033,0.151043,60539,4680032,0.582262,40970,5894065,0.733304,8037679
4,2021-05-15,80220,10266494,61890,6001143,17163,3935679,1167,329672,35143,1205742,0.150011,44881,4724913,0.587845,36590,5930655,0.737857,8037679
4,2021-05-16,32111,10298605,26311,6027454,5389,3941068,411,330083,11416,1197015,0.148925,20620,4745533,0.590411,11893,5942548,0.739336,8037679
4,2021-05-17,58112,10356717,40745,6068199,15750,3956818,1617,331700,22172,1185221,0.147458,35785,4781318,0.594863,23991,5966539,0.742321,8037679
4,2021-05-18,39895,10396612,24992,6093191,14059,3970877,844,332544,12903,1172238,0.145843,26867,4808185,0.598206,13884,5980423,0.744048,8037679
