vemquartile,administered_date,total_doses,cumulative_total_doses,pfizer_doses,cumulative_pfizer_doses,moderna_doses,cumulative_moderna_doses,jj_doses,cumulative_jj_doses,partially_vaccinated,total_partially_vaccinated,pct_age12pop_partially_vaccinated,fully_vaccinated,cumulative_fully_vaccinated,pct_age12pop_fully_vaccinated,at_least_one_dose,cumulative_at_least_one_dose,pct_age12pop_at_least_one_dose,age12_population
1,2020-12-15,153,153,153,153,0,0,0,0,153,153,1.8e-05,0,0,0.0,153,153,1.8e-05,8700223
1,2020-12-16,1227,1380,1227,1380,0,0,0,0,1227,1380,0.000159,0,0,0.0,1227,1380,0.000159,8700223
1,2020-12-17,4182,5562,4182,5562,0,0,0,0,4183,5563,0.000639,0,0,0.0,4183,5563,0.000639,8700223
1,2020-12-18,6376,11938,6354,11916,22,22,0,0,6378,11940,0.001372,1,1,0.0,6378,11941,0.001372,8700223
1,2020-12-19,2874,14812,2871,14787,3,25,0,0,2873,14812,0.001702,1,2,0.0,2873,14814,0.001703,8700223
1,2020-12-20,2127,16939,2119,16906,8,33,0,0,2128,16940,0.001947,0,2,0.0,2128,16942,0.001947,8700223
1,2020-12-21,7650,24589,7630,24536,20,53,0,0,7699,24639,0.002832,1,3,0.0,7700,24642,0.002832,8700223
1,2020-12-22,7306,31895,6964,31500,342,395,0,0,7307,31944,0.003672,2,5,1e-06,7307,31949,0.003672,8700223
1,2020-12-23,7834,39729,6575,38075,1259,1654,0,0,7829,39772,0.004571,2,7,1e-06,7830,39779,0.004572,8700223
1,2020-12-24,3297,43026,2361,40436,936,2590,0,0,3299,43071,0.004951,0,7,1e-06,3299,43078,0.004951,8700223
1,2020-12-25,238,43264,153,40589,85,2675,0,0,238,43309,0.004978,0,7,1e-06,238,43316,0.004979,8700223
1,2020-12-26,1359,44623,966,41555,393,3068,0,0,1358,44666,0.005134,1,8,1e-06,1358,44674,0.005135,8700223
1,2020-12-27,870,45493,538,42093,332,3400,0,0,870,45535,0.005234,1,9,1e-06,870,45544,0.005235,8700223
1,2020-12-28,7092,52585,4753,46846,2339,5739,0,0,7090,52625,0.006049,0,9,1e-06,7090,52634,0.00605,8700223
1,2020-12-29,8906,61491,4979,51825,3927,9666,0,0,8902,61524,0.007072,3,12,1e-06,8902,61536,0.007073,8700223
1,2020-12-30,11571,73062,6442,58267,5129,14795,0,0,11571,73095,0.008402,0,12,1e-06,11571,73107,0.008403,8700223
1,2020-12-31,5981,79043,1954,60221,4027,18822,0,0,5979,79072,0.009089,3,15,2e-06,5980,79087,0.00909,8700223
1,2021-01-01,585,79628,211,60432,374,19196,0,0,583,79653,0.009155,2,17,2e-06,583,79670,0.009157,8700223
1,2021-01-02,2913,82541,1767,62199,1146,20342,0,0,2915,82568,0.00949,0,17,2e-06,2915,82585,0.009492,8700223
1,2021-01-03,1038,83579,549,62748,489,20831,0,0,1037,83603,0.009609,2,19,2e-06,1037,83622,0.009611,8700223
1,2021-01-04,7375,90954,3584,66332,3791,24622,0,0,7379,90981,0.010457,1,20,2e-06,7379,91001,0.01046,8700223
1,2021-01-05,10863,101817,5251,71583,5612,30234,0,0,10068,100294,0.011528,777,797,9.2e-05,10090,101091,0.011619,8700223
1,2021-01-06,14078,115895,7064,78647,7014,37248,0,0,12156,110577,0.01271,1886,2683,0.000308,12169,113260,0.013018,8700223
1,2021-01-07,17520,133415,9164,87811,8356,45604,0,0,13003,119164,0.013697,4426,7109,0.000817,13013,126273,0.014514,8700223
1,2021-01-08,20182,153597,10481,98292,9701,55305,0,0,14240,127485,0.014653,5926,13035,0.001498,14247,140520,0.016151,8700223
1,2021-01-09,6686,160283,3398,101690,3288,58593,0,0,4833,130471,0.014996,1850,14885,0.001711,4836,145356,0.016707,8700223
1,2021-01-10,3091,163374,1762,103452,1329,59922,0,0,1905,131195,0.015079,1182,16067,0.001847,1906,147262,0.016926,8700223
1,2021-01-11,18073,181447,11844,115296,6229,66151,0,0,11525,136225,0.015658,6537,22604,0.002598,11567,158829,0.018256,8700223
1,2021-01-12,19106,200553,10952,126248,8154,74305,0,0,13122,143431,0.016486,5957,28561,0.003283,13163,171992,0.019769,8700223
1,2021-01-13,19830,220383,10733,136981,9097,83402,0,0,14682,153003,0.017586,5128,33689,0.003872,14700,186692,0.021458,8700223
1,2021-01-14,22032,242415,9450,146431,12582,95984,0,0,19283,169644,0.019499,2696,36385,0.004182,19337,206029,0.023681,8700223
1,2021-01-15,25178,267593,9249,155680,15929,111913,0,0,23231,191026,0.021956,1908,38293,0.004401,23290,229319,0.026358,8700223
1,2021-01-16,13869,281462,4529,160209,9340,121253,0,0,13000,203163,0.023351,866,39159,0.004501,13003,242322,0.027852,8700223
1,2021-01-17,5215,286677,2033,162242,3182,124435,0,0,4849,207649,0.023867,366,39525,0.004543,4852,247174,0.02841,8700223
1,2021-01-18,14333,301010,8606,170848,5727,130162,0,0,11151,215686,0.024791,3169,42694,0.004907,11206,258380,0.029698,8700223
1,2021-01-19,24678,325688,12745,183593,11933,142095,0,0,19528,230136,0.026452,5132,47826,0.005497,19582,277962,0.031949,8700223
1,2021-01-20,29422,355110,14705,198298,14717,156812,0,0,23507,247843,0.028487,5839,53665,0.006168,23546,301508,0.034655,8700223
1,2021-01-21,31227,386337,14652,212950,16575,173387,0,0,27957,272692,0.031343,3202,56867,0.006536,28051,329559,0.037879,8700223
1,2021-01-22,28381,414718,11275,224225,17106,190493,0,0,26315,297038,0.034141,2001,58868,0.006766,26347,355906,0.040908,8700223
1,2021-01-23,18727,433445,8196,232421,10531,201024,0,0,16764,311879,0.035847,1933,60801,0.006988,16774,372680,0.042836,8700223
1,2021-01-24,6686,440131,4160,236581,2526,203550,0,0,6029,317261,0.036466,653,61454,0.007063,6035,378715,0.043529,8700223
1,2021-01-25,25442,465573,10488,247069,14954,218504,0,0,19657,331282,0.038077,5740,67194,0.007723,19761,398476,0.045801,8700223
1,2021-01-26,28835,494408,13484,260553,15351,233855,0,0,22141,346809,0.039862,6634,73828,0.008486,22161,420637,0.048348,8700223
1,2021-01-27,32659,527067,15543,276096,17116,250971,0,0,24540,363329,0.041761,8052,81880,0.009411,24572,445209,0.051172,8700223
1,2021-01-28,34982,562049,16405,292501,18577,269548,0,0,28037,384553,0.0442,6878,88758,0.010202,28102,473311,0.054402,8700223
1,2021-01-29,33659,595708,16444,308945,17215,286763,0,0,27079,405236,0.046578,6435,95193,0.010941,27118,500429,0.057519,8700223
1,2021-01-30,20198,615906,8736,317681,11462,298225,0,0,18067,421212,0.048414,2102,97295,0.011183,18078,518507,0.059597,8700223
1,2021-01-31,7646,623552,4970,322651,2676,300901,0,0,6936,427443,0.04913,707,98002,0.011264,6938,525445,0.060394,8700223
1,2021-02-01,28927,652479,12508,335159,16419,317320,0,0,21118,440807,0.050666,7759,105761,0.012156,21123,546568,0.062822,8700223
1,2021-02-02,32685,685164,11811,346970,20874,338194,0,0,24409,457059,0.052534,8194,113955,0.013098,24446,571014,0.065632,8700223
1,2021-02-03,39670,724834,15256,362226,24414,362608,0,0,28571,474731,0.054565,10936,124891,0.014355,28608,599622,0.06892,8700223
1,2021-02-04,44008,768842,17133,379359,26875,389483,0,0,31743,494380,0.056824,12142,137033,0.015751,31791,631413,0.072574,8700223
1,2021-02-05,46790,815632,17170,396529,29620,419103,0,0,30659,509109,0.058517,15982,153015,0.017587,30711,662124,0.076104,8700223
1,2021-02-06,26544,842176,10490,407019,16054,435157,0,0,20633,523894,0.060216,5864,158879,0.018261,20649,682773,0.078478,8700223
1,2021-02-07,6275,848451,4039,411058,2236,437393,0,0,4631,526918,0.060564,1625,160504,0.018448,4649,687422,0.079012,8700223
1,2021-02-08,31622,880073,14445,425503,17177,454570,0,0,21076,537636,0.061796,10454,170958,0.01965,21172,708594,0.081445,8700223
1,2021-02-09,38444,918517,16857,442360,21587,476157,0,0,23664,546690,0.062836,14687,185645,0.021338,23741,732335,0.084174,8700223
1,2021-02-10,47199,965716,22129,464489,25070,501227,0,0,26830,553353,0.063602,20246,205891,0.023665,26909,759244,0.087267,8700223
1,2021-02-11,51777,1017493,25424,489913,26353,527580,0,0,30909,563810,0.064804,20555,226446,0.026028,31012,790256,0.090832,8700223
1,2021-02-12,49994,1067487,21512,511425,28482,556062,0,0,28684,571477,0.065685,21156,247602,0.028459,28823,819079,0.094145,8700223
1,2021-02-13,26378,1093865,11535,522960,14843,570905,0,0,15268,575782,0.06618,11039,258641,0.029728,15344,834423,0.095908,8700223
1,2021-02-14,11778,1105643,5563,528523,6215,577120,0,0,6699,577497,0.066377,5049,263690,0.030308,6764,841187,0.096686,8700223
1,2021-02-15,23871,1129514,9381,537904,14490,591610,0,0,14515,582890,0.066997,9236,272926,0.03137,14629,855816,0.098367,8700223
1,2021-02-16,47109,1176623,22500,560404,24609,616219,0,0,27502,590980,0.067927,19524,292450,0.033614,27614,883430,0.101541,8700223
1,2021-02-17,48446,1225069,24546,584950,23900,640119,0,0,26099,595032,0.068393,22195,314645,0.036165,26247,909677,0.104558,8700223
1,2021-02-18,51133,1276202,25579,610529,25554,665673,0,0,26493,597356,0.06866,24400,339045,0.03897,26724,936401,0.10763,8700223
1,2021-02-19,46582,1322784,25263,635792,21319,686992,0,0,26097,603184,0.06933,20331,359376,0.041307,26159,962560,0.110636,8700223
1,2021-02-20,27625,1350409,16838,652630,10787,697779,0,0,15770,607238,0.069796,11793,371169,0.042662,15847,978407,0.112458,8700223
1,2021-02-21,12321,1362730,10615,663245,1706,699485,0,0,7420,609867,0.070098,4841,376010,0.043218,7470,985877,0.113316,8700223
1,2021-02-22,31523,1394253,20771,684016,10752,710237,0,0,18142,614823,0.070667,13287,389297,0.044746,18243,1004120,0.115413,8700223
1,2021-02-23,45636,1439889,22087,706103,23549,733786,0,0,25044,619924,0.071254,20305,409602,0.047079,25406,1029526,0.118333,8700223
1,2021-02-24,55663,1495552,26880,732983,28783,762569,0,0,30609,626136,0.071968,24849,434451,0.049936,31061,1060587,0.121903,8700223
1,2021-02-25,68185,1563737,33098,766081,35087,797656,0,0,42132,642886,0.073893,25882,460333,0.05291,42632,1103219,0.126804,8700223
1,2021-02-26,76073,1639810,35705,801786,40368,838024,0,0,49751,667022,0.076667,26089,486422,0.055909,50225,1153444,0.132576,8700223
1,2021-02-27,52369,1692179,24021,825807,28339,866363,9,9,34349,683768,0.078592,17877,504299,0.057964,34623,1188067,0.136556,8700223
1,2021-02-28,19969,1712148,11845,837652,8122,874485,2,11,14650,693327,0.079691,5234,509533,0.058566,14793,1202860,0.138256,8700223
1,2021-03-01,45100,1757248,20811,858463,24247,898732,42,53,28972,706627,0.081219,15951,525484,0.060399,29251,1232111,0.141618,8700223
1,2021-03-02,62562,1819810,27280,885743,35274,934006,8,61,40292,725431,0.083381,22115,547599,0.062941,40919,1273030,0.146322,8700223
1,2021-03-03,70316,1890126,33668,919411,36623,970629,25,86,43044,741980,0.085283,27113,574712,0.066057,43662,1316692,0.15134,8700223
1,2021-03-04,78619,1968745,37127,956538,41456,1012085,36,122,50745,765584,0.087996,27687,602399,0.069239,51291,1367983,0.157235,8700223
1,2021-03-05,77783,2046528,35256,991794,42321,1054406,206,328,52136,793151,0.091164,25403,627802,0.072159,52970,1420953,0.163324,8700223
1,2021-03-06,57429,2103957,27450,1019244,28628,1083034,1351,1679,39080,815670,0.093753,18271,646073,0.074259,40790,1461743,0.168012,8700223
1,2021-03-07,20921,2124878,13018,1032262,6714,1089748,1189,2868,15489,827197,0.095078,5405,651478,0.074881,16932,1478675,0.169958,8700223
1,2021-03-08,45934,2170812,22452,1054714,21524,1111272,1958,4826,32197,848053,0.097475,13635,665113,0.076448,34491,1513166,0.173923,8700223
1,2021-03-09,66615,2237427,32232,1086946,31880,1143152,2503,7329,40979,866386,0.099582,25487,690600,0.079377,43820,1556986,0.178959,8700223
1,2021-03-10,73570,2310997,36653,1123599,32439,1175591,4478,11807,45292,888355,0.102107,28168,718768,0.082615,50137,1607123,0.184722,8700223
1,2021-03-11,90058,2401055,41382,1164981,40671,1216262,8005,19812,52420,911826,0.104805,37410,756178,0.086915,60881,1668004,0.19172,8700223
1,2021-03-12,98821,2499876,43555,1208536,42851,1259113,12415,32227,57747,941580,0.108225,40864,797042,0.091612,70618,1738622,0.199836,8700223
1,2021-03-13,65262,2565138,29524,1238060,28071,1287184,7667,39894,41632,967703,0.111227,23499,820541,0.094313,49622,1788244,0.20554,8700223
1,2021-03-14,27874,2593012,14903,1252963,9399,1296583,3572,43466,15620,974904,0.112055,12183,832724,0.095713,19384,1807628,0.207768,8700223
1,2021-03-15,65191,2658203,28749,1281712,29691,1326274,6751,50217,38340,993721,0.114218,26635,859359,0.098774,45452,1853080,0.212992,8700223
1,2021-03-16,85656,2743859,39083,1320795,40930,1367204,5643,55860,53090,1020471,0.117293,32342,891701,0.102492,59092,1912172,0.219784,8700223
1,2021-03-17,92855,2836714,45279,1366074,41034,1408238,6542,62402,59677,1054103,0.121158,32951,924652,0.106279,66583,1978755,0.227437,8700223
1,2021-03-18,98572,2935286,50827,1416901,42024,1450262,5721,68123,59656,1081410,0.124297,38559,963211,0.110711,65866,2044621,0.235008,8700223
1,2021-03-19,103538,3038824,53637,1470538,43604,1493866,6297,74420,60553,1106083,0.127133,42698,1005909,0.115619,67371,2111992,0.242751,8700223
1,2021-03-20,72462,3111286,37271,1507809,29978,1523844,5213,79633,46534,1132368,0.130154,25741,1031650,0.118577,52026,2164018,0.248731,8700223
1,2021-03-21,27232,3138518,19017,1526826,6405,1530249,1810,81443,16992,1141116,0.131159,10148,1041798,0.119744,18896,2182914,0.250903,8700223
1,2021-03-22,59158,3197676,30565,1557391,25307,1555556,3286,84729,39957,1165756,0.133992,18978,1060776,0.121925,43618,2226532,0.255917,8700223
1,2021-03-23,83009,3280685,42265,1599656,37128,1592684,3616,88345,51179,1189426,0.136712,31586,1092362,0.125556,55256,2281788,0.262268,8700223
1,2021-03-24,87897,3368582,44506,1644162,39049,1631733,4342,92687,52572,1211475,0.139246,35034,1127396,0.129582,57083,2338871,0.268829,8700223
1,2021-03-25,96668,3465250,49432,1693594,41415,1673148,5821,98508,53692,1228551,0.141209,42645,1170041,0.134484,59721,2398592,0.275693,8700223
1,2021-03-26,104412,3569662,50936,1744530,47168,1720316,6308,104816,55935,1242980,0.142868,48110,1218151,0.140014,62539,2461131,0.282881,8700223
1,2021-03-27,73958,3643620,38217,1782747,31532,1751848,4209,109025,37990,1249638,0.143633,35741,1253892,0.144122,42399,2503530,0.287755,8700223
1,2021-03-28,32664,3676284,21387,1804134,10060,1761908,1217,110242,16377,1251502,0.143847,16179,1270071,0.145981,18043,2521573,0.289829,8700223
1,2021-03-29,67134,3743418,33352,1837486,30622,1792530,3160,113402,37034,1262006,0.145054,29894,1299965,0.149417,40398,2561971,0.294472,8700223
1,2021-03-30,91952,3835370,45318,1882804,40263,1832793,6371,119773,47284,1271287,0.146121,44462,1344427,0.154528,53743,2615714,0.300649,8700223
1,2021-03-31,100802,3936172,52657,1935461,41955,1874748,6190,125963,55305,1287669,0.148004,45179,1389606,0.159721,61561,2677275,0.307725,8700223
1,2021-04-01,111884,4048056,53549,1989010,49551,1924299,8784,134747,57015,1299077,0.149315,54440,1444046,0.165978,65848,2743123,0.315293,8700223
1,2021-04-02,111272,4159328,50920,2039930,50652,1974951,9700,144447,56469,1311076,0.150695,54374,1498420,0.172228,66373,2809496,0.322922,8700223
1,2021-04-03,77998,4237326,39274,2079204,29092,2004043,9632,154079,36484,1315929,0.151252,41331,1539751,0.176978,46184,2855680,0.328231,8700223
1,2021-04-04,23767,4261093,11828,2091032,8473,2012516,3466,157545,9945,1315574,0.151212,13756,1553507,0.178559,13401,2869081,0.329771,8700223
1,2021-04-05,76307,4337400,36652,2127684,30345,2042861,9310,166855,34229,1317402,0.151422,41878,1595385,0.183373,43706,2912787,0.334795,8700223
1,2021-04-06,103620,4441020,49256,2176940,37780,2080641,16584,183439,46778,1324248,0.152209,56549,1651934,0.189873,63395,2976182,0.342081,8700223
1,2021-04-07,111829,4552849,54374,2231314,39914,2120555,17541,200980,50392,1331071,0.152993,61135,1713069,0.196899,67958,3044140,0.349892,8700223
1,2021-04-08,122263,4675112,57927,2289241,43359,2163914,20977,221957,53988,1338246,0.153817,67858,1780927,0.204699,75033,3119173,0.358516,8700223
1,2021-04-09,123532,4798644,56432,2345673,46285,2210199,20815,242772,54212,1344369,0.154521,68957,1849884,0.212625,75080,3194253,0.367146,8700223
1,2021-04-10,95696,4894340,42525,2388198,30467,2240666,22704,265476,37375,1346309,0.154744,58111,1907995,0.219304,60051,3254304,0.374048,8700223
1,2021-04-11,36496,4930836,20348,2408546,9411,2250077,6737,272213,14818,1346350,0.154749,21616,1929611,0.221789,21657,3275961,0.376538,8700223
1,2021-04-12,74310,5005146,33239,2441785,31088,2281165,9983,282196,31457,1345379,0.154637,42563,1972174,0.226681,41592,3317553,0.381318,8700223
1,2021-04-13,97259,5102405,52095,2493880,44825,2325990,339,282535,52494,1354086,0.155638,44470,2016644,0.231792,53177,3370730,0.38743,8700223
1,2021-04-14,104944,5207349,54389,2548269,50483,2376473,72,282607,53431,1356816,0.155952,51145,2067789,0.237671,53875,3424605,0.393623,8700223
1,2021-04-15,106159,5313508,57768,2606037,48302,2424775,89,282696,56752,1365011,0.156894,48821,2116610,0.243282,57016,3481621,0.400176,8700223
1,2021-04-16,110734,5424242,56812,2662849,53834,2478609,88,282784,55436,1365953,0.157002,54766,2171376,0.249577,55708,3537329,0.406579,8700223
1,2021-04-17,83390,5507632,45297,2708146,38082,2516691,11,282795,46707,1376385,0.158201,36448,2207824,0.253766,46880,3584209,0.411967,8700223
1,2021-04-18,30235,5537867,20429,2728575,9799,2526490,7,282802,15273,1376994,0.158271,14873,2222697,0.255476,15482,3599691,0.413747,8700223
1,2021-04-19,67166,5605033,34029,2762604,33124,2559614,13,282815,30498,1371319,0.157619,36314,2259011,0.25965,30639,3630330,0.417269,8700223
1,2021-04-20,88570,5693603,44680,2807284,43868,2603482,22,282837,41772,1366868,0.157107,46449,2305460,0.264989,41998,3672328,0.422096,8700223
1,2021-04-21,97630,5791233,50922,2858206,46608,2650090,100,282937,43897,1357923,0.156079,53176,2358636,0.271101,44231,3716559,0.42718,8700223
1,2021-04-22,97266,5888499,50810,2909016,46440,2696530,16,282953,44754,1350906,0.155273,52007,2410643,0.277078,44990,3761549,0.432351,8700223
1,2021-04-23,101998,5990497,52702,2961718,49269,2745799,27,282980,48884,1347427,0.154873,52617,2463260,0.283126,49138,3810687,0.437999,8700223
1,2021-04-24,75644,6066141,46899,3008617,28719,2774518,26,283006,42806,1357803,0.156065,32710,2495970,0.286886,43086,3853773,0.442951,8700223
1,2021-04-25,27056,6093197,17224,3025841,9818,2784336,14,283020,15464,1361941,0.156541,11480,2507450,0.288205,15618,3869391,0.444746,8700223
1,2021-04-26,65870,6159067,34547,3060388,30923,2815259,400,283420,31517,1360149,0.156335,34048,2541498,0.292119,32256,3901647,0.448454,8700223
1,2021-04-27,81186,6240253,43146,3103534,36738,2851997,1302,284722,35503,1351893,0.155386,45404,2586902,0.297337,37148,3938795,0.452723,8700223
1,2021-04-28,80869,6321122,43041,3146575,36330,2888327,1498,286220,35709,1344506,0.154537,44824,2631726,0.302489,37437,3976232,0.457026,8700223
1,2021-04-29,83933,6405055,46156,3192731,36165,2924492,1612,287832,34663,1332018,0.153102,48925,2680651,0.308113,36437,4012669,0.461214,8700223
1,2021-04-30,91407,6496462,49532,3242263,40016,2964508,1859,289691,38623,1320208,0.151744,52462,2733113,0.314143,40652,4053321,0.465887,8700223
1,2021-05-01,62421,6558883,40307,3282570,20700,2985208,1414,291105,26345,1312345,0.15084,35840,2768953,0.318262,27977,4081298,0.469103,8700223
1,2021-05-02,23264,6582147,16450,3299020,6237,2991445,577,291682,9428,1308647,0.150415,13731,2782684,0.319841,10033,4091331,0.470256,8700223
1,2021-05-03,55577,6637724,30740,3329760,23007,3014452,1830,293512,20547,1296286,0.148995,34793,2817477,0.32384,22432,4113763,0.472834,8700223
1,2021-05-04,75081,6712805,43225,3372985,29768,3044220,2088,295600,27286,1278248,0.146921,47498,2864975,0.329299,29460,4143223,0.47622,8700223
1,2021-05-05,77289,6790094,44833,3417818,30173,3074393,2283,297883,26419,1256492,0.144421,50541,2915516,0.335108,28785,4172008,0.479529,8700223
1,2021-05-06,78466,6868560,47515,3465333,28792,3103185,2159,300042,24674,1230059,0.141382,53422,2968938,0.341248,26989,4198997,0.482631,8700223
1,2021-05-07,82524,6951084,46939,3512272,33399,3136584,2186,302228,27741,1205695,0.138582,54357,3023295,0.347496,29993,4228990,0.486078,8700223
1,2021-05-08,56657,7007741,35565,3547837,19459,3156043,1633,303861,19353,1189799,0.136755,36974,3060269,0.351746,21078,4250068,0.488501,8700223
1,2021-05-09,18195,7025936,13073,3560910,4643,3160686,479,304340,5569,1183332,0.136012,12550,3072819,0.353189,6083,4256151,0.4892,8700223
1,2021-05-10,43752,7069688,22081,3582991,19868,3180554,1803,306143,14814,1171368,0.134637,28674,3101493,0.356484,16710,4272861,0.491121,8700223
1,2021-05-11,61783,7131471,33489,3616480,26146,3206700,2148,308291,20474,1153064,0.132533,41044,3142537,0.361202,22740,4295601,0.493735,8700223
1,2021-05-12,62337,7193808,33163,3649643,27122,3233822,2052,310343,20495,1134150,0.130359,41528,3184065,0.365975,22614,4318215,0.496334,8700223
1,2021-05-13,66331,7260139,38861,3688504,25480,3259302,1990,312333,25246,1120955,0.128842,40708,3224773,0.370654,27513,4345728,0.499496,8700223
1,2021-05-14,75905,7336044,45769,3734273,27748,3287050,2388,314721,30715,1109540,0.12753,44794,3269567,0.375803,33379,4379107,0.503333,8700223
1,2021-05-15,66047,7402091,43308,3777581,20990,3308040,1749,316470,26344,1098284,0.126236,39417,3308984,0.380333,28161,4407268,0.50657,8700223
1,2021-05-16,24920,7427011,18353,3795934,5947,3313987,620,317090,10231,1094604,0.125813,14577,3323561,0.382009,10897,4418165,0.507822,8700223
1,2021-05-17,53980,7480991,33008,3828942,19213,3333200,1759,318849,22934,1088567,0.125119,30789,3354350,0.385548,24752,4442917,0.510667,8700223
1,2021-05-18,64813,7545804,39062,3868004,23925,3357125,1826,320675,28142,1082219,0.12439,36401,3390751,0.389732,30053,4472970,0.514121,8700223
1,2021-05-19,66169,7611973,40287,3908291,23958,3381083,1924,322599,29563,1077466,0.123843,36326,3427077,0.393907,31573,4504543,0.51775,8700223
1,2021-05-20,64101,7676074,37093,3945384,24806,3405889,2202,324801,26352,1068812,0.122849,37412,3464489,0.398207,28758,4533301,0.521056,8700223
1,2021-05-21,69776,7745850,41724,3987108,26212,3432101,1840,326641,28862,1059100,0.121733,40511,3505000,0.402863,30799,4564100,0.524596,8700223
1,2021-05-22,55775,7801625,36660,4023768,17397,3449498,1718,328359,24356,1054112,0.121159,31160,3536160,0.406445,26172,4590272,0.527604,8700223
1,2021-05-23,20431,7822056,14269,4038037,5576,3455074,586,328945,9481,1053355,0.121072,10847,3547007,0.407692,10090,4600362,0.528764,8700223
1,2021-05-24,43670,7865726,24345,4062382,17492,3472566,1833,330778,17728,1047306,0.120377,25692,3572699,0.410645,19643,4620005,0.531021,8700223
1,2021-05-25,50739,7916465,29210,4091592,19843,3492409,1686,332464,21076,1040783,0.119627,29386,3602085,0.414022,22863,4642868,0.533649,8700223
1,2021-05-26,48372,7964837,27416,4119008,19066,3511475,1890,334354,20528,1035703,0.119043,27545,3629630,0.417188,22465,4665333,0.536231,8700223
1,2021-05-27,46923,8011760,26334,4145342,18688,3530163,1901,336255,20181,1031442,0.118554,26459,3656089,0.420229,22198,4687531,0.538783,8700223
1,2021-05-28,52261,8064021,29106,4174448,21333,3551496,1822,338077,23418,1028288,0.118191,28520,3684609,0.423507,25366,4712897,0.541698,8700223
1,2021-05-29,30608,8094629,18539,4192987,11109,3562605,960,339037,14643,1028133,0.118173,15813,3700422,0.425325,15658,4728555,0.543498,8700223
1,2021-05-30,11666,8106295,7524,4200511,3589,3566194,553,339590,5538,1028191,0.11818,6057,3706479,0.426021,6115,4734670,0.544201,8700223
1,2021-05-31,5718,8112013,3250,4203761,2214,3568408,254,339844,1994,1026785,0.118018,3667,3710146,0.426443,2261,4736931,0.544461,8700223
1,2021-06-01,45730,8157743,25860,4229621,18313,3586721,1557,341401,17372,1017748,0.11698,28043,3738189,0.429666,19006,4755937,0.546645,8700223
1,2021-06-02,39894,8197637,23132,4252753,15257,3601978,1505,342906,16098,1011915,0.116309,23508,3761697,0.432368,17675,4773612,0.548677,8700223
1,2021-06-03,41226,8238863,25832,4278585,13719,3615697,1675,344581,15798,1004334,0.115438,25127,3786824,0.435256,17546,4791158,0.550694,8700223
1,2021-06-04,50076,8288939,32032,4310617,16238,3631935,1806,346387,17943,992379,0.114064,31782,3818606,0.438909,19827,4810985,0.552973,8700223
1,2021-06-05,40253,8329192,27475,4338092,10787,3642722,1991,348378,14226,982837,0.112967,25812,3844418,0.441876,16270,4827255,0.554843,8700223
1,2021-06-06,13177,8342369,10547,4348639,2122,3644844,508,348886,4587,979483,0.112581,8510,3852928,0.442854,5156,4832411,0.555435,8700223
1,2021-06-07,33951,8376320,23406,4372045,9198,3654042,1347,350233,12099,971334,0.111645,21646,3874574,0.445342,13497,4845908,0.556987,8700223
1,2021-06-08,42193,8418513,29210,4401255,11342,3665384,1641,351874,14731,960605,0.110412,27193,3901767,0.448467,16464,4862372,0.558879,8700223
1,2021-06-09,42126,8460639,29229,4430484,11258,3676642,1639,353513,13761,948003,0.108963,28060,3929827,0.451693,15458,4877830,0.560656,8700223
1,2021-06-10,39016,8499655,26277,4456761,11045,3687687,1694,355207,13426,937885,0.1078,25342,3955169,0.454605,15224,4893054,0.562406,8700223
1,2021-06-11,43934,8543589,29157,4485918,13094,3700781,1683,356890,15686,927384,0.106593,27950,3983119,0.457818,17449,4910503,0.564411,8700223
1,2021-06-12,33682,8577271,24373,4510291,8108,3708889,1201,358091,11105,917397,0.105445,22363,4005482,0.460388,12376,4922879,0.565834,8700223
1,2021-06-13,11618,8588889,8435,4518726,2703,3711592,480,358571,3380,913122,0.104954,8170,4013652,0.461327,3895,4926774,0.566281,8700223
1,2021-06-14,30872,8619761,20793,4539519,8778,3720370,1301,359872,11574,906927,0.104242,19100,4032752,0.463523,12905,4939679,0.567765,8700223
1,2021-06-15,37150,8656911,24369,4563888,10934,3731304,1847,361719,13774,899534,0.103392,23109,4055861,0.466179,15716,4955395,0.569571,8700223
1,2021-06-16,35319,8692230,23846,4587734,9644,3740948,1829,363548,13242,892846,0.102623,21819,4077680,0.468687,15131,4970526,0.57131,8700223
1,2021-06-17,33494,8725724,22155,4609889,9398,3750346,1941,365489,13097,887821,0.102046,20161,4097841,0.471004,15136,4985662,0.57305,8700223
1,2021-06-18,39291,8765015,25486,4635375,10964,3761310,2841,368330,15243,882178,0.101397,23788,4121629,0.473738,18145,5003807,0.575135,8700223
1,2021-06-19,23857,8788872,16566,4651941,6092,3767402,1199,369529,9769,879254,0.101061,13923,4135552,0.475339,10999,5014806,0.5764,8700223
1,2021-06-20,8127,8796999,5953,4657894,1899,3769301,275,369804,3237,877950,0.100911,4827,4140379,0.475893,3523,5018329,0.576805,8700223
1,2021-06-21,20865,8817864,11823,4669717,6862,3776163,2180,371984,10876,881182,0.101283,9876,4150255,0.477029,13108,5031437,0.578311,8700223
1,2021-06-22,30674,8848538,20034,4689751,8514,3784677,2126,374110,12878,878672,0.100994,17586,4167841,0.47905,15076,5046513,0.580044,8700223
1,2021-06-23,29226,8877764,19621,4709372,7796,3792473,1809,375919,12778,877049,0.100808,16240,4184081,0.480917,14617,5061130,0.581724,8700223
1,2021-06-24,28201,8905965,18805,4728177,7750,3800223,1646,377565,11988,874736,0.100542,16012,4200093,0.482757,13699,5074829,0.583299,8700223
1,2021-06-25,31527,8937492,21366,4749543,8770,3808993,1391,378956,13857,872604,0.100297,17436,4217529,0.484761,15304,5090133,0.585058,8700223
1,2021-06-26,22144,8959636,16437,4765980,4894,3813887,813,379769,9669,870776,0.100087,12359,4229888,0.486182,10531,5100664,0.586268,8700223
1,2021-06-27,9117,8968753,6781,4772761,1909,3815796,427,380196,4060,870285,0.10003,4994,4234882,0.486756,4503,5105167,0.586786,8700223
1,2021-06-28,21005,8989758,15600,4788361,4160,3819956,1245,381441,9722,870205,0.100021,11100,4245982,0.488031,11020,5116187,0.588052,8700223
1,2021-06-29,26447,9016205,18089,4806450,6994,3826950,1364,382805,11642,868638,0.099841,14635,4260617,0.489714,13068,5129255,0.589554,8700223
1,2021-06-30,25662,9041867,17770,4824220,6851,3833801,1041,383846,12179,868660,0.099843,13272,4273889,0.491239,13294,5142549,0.591082,8700223
1,2021-07-01,23442,9065309,16330,4840550,5859,3839660,1253,385099,10870,868435,0.099818,12429,4286318,0.492668,12204,5154753,0.592485,8700223
1,2021-07-02,26205,9091514,18003,4858553,7177,3846837,1025,386124,12268,868061,0.099775,13750,4300068,0.494248,13376,5168129,0.594023,8700223
1,2021-07-03,14500,9106014,10140,4868693,3927,3850764,433,386557,6879,867913,0.099758,7496,4307564,0.49511,7348,5175477,0.594867,8700223
1,2021-07-04,1260,9107274,707,4869400,488,3851252,65,386622,607,867946,0.099761,645,4308209,0.495184,678,5176155,0.594945,8700223
1,2021-07-05,10906,9118180,7521,4876921,3025,3854277,360,386982,5192,867892,0.099755,5651,4313860,0.495833,5597,5181752,0.595588,8700223
1,2021-07-06,26913,9145093,19026,4895947,6767,3861044,1120,388102,10739,863862,0.099292,15992,4329852,0.497671,11962,5193714,0.596963,8700223
1,2021-07-07,23330,9168423,16352,4912299,5893,3866937,1085,389187,10033,861941,0.099071,13127,4342979,0.49918,11206,5204920,0.598251,8700223
1,2021-07-08,22120,9190543,15311,4927610,5842,3872779,967,390154,9631,860273,0.098879,12357,4355336,0.500601,10689,5215609,0.59948,8700223
1,2021-07-09,26034,9216577,18482,4946092,6583,3879362,969,391123,11840,859129,0.098748,14024,4369360,0.502212,12880,5228489,0.60096,8700223
1,2021-07-10,17009,9233586,12315,4958407,4079,3883441,615,391738,7643,858192,0.09864,9247,4378607,0.503275,8310,5236799,0.601915,8700223
1,2021-07-11,6701,9240287,4896,4963303,1614,3885055,191,391929,3234,858218,0.098643,3417,4382024,0.503668,3443,5240242,0.602311,8700223
1,2021-07-12,19589,9259876,14111,4977414,4699,3889754,779,392708,8729,857087,0.098513,10736,4392760,0.504902,9605,5249847,0.603415,8700223
1,2021-07-13,21590,9281466,15127,4992541,5780,3895534,683,393391,10184,856773,0.098477,11269,4404029,0.506197,10955,5260802,0.604674,8700223
1,2021-07-14,21512,9302978,14803,5007344,5814,3901348,895,394286,9736,855882,0.098375,11626,4415655,0.507534,10735,5271537,0.605908,8700223
1,2021-07-15,18795,9321773,13761,5021105,4388,3905736,646,394932,8977,855903,0.098377,9704,4425359,0.508649,9725,5281262,0.607026,8700223
1,2021-07-16,22017,9343790,16161,5037266,5062,3910798,794,395726,10864,856632,0.098461,11019,4436378,0.509915,11748,5293010,0.608376,8700223
1,2021-07-17,9649,9353439,7082,5044348,2071,3912869,496,396222,4692,856947,0.098497,4895,4441273,0.510478,5210,5298220,0.608975,8700223
2,2020-12-15,245,245,245,245,0,0,0,0,245,245,2.9e-05,0,0,0.0,245,245,2.9e-05,8407551
2,2020-12-16,2120,2365,2120,2365,0,0,0,0,2119,2364,0.000281,0,0,0.0,2119,2364,0.000281,8407551
2,2020-12-17,6926,9291,6926,9291,0,0,0,0,6927,9291,0.001105,0,0,0.0,6927,9291,0.001105,8407551
2,2020-12-18,11101,20392,11081,20372,20,20,0,0,11101,20392,0.002425,0,0,0.0,11101,20392,0.002425,8407551
2,2020-12-19,5628,26020,5622,25994,6,26,0,0,5629,26021,0.003095,0,0,0.0,5629,26021,0.003095,8407551
2,2020-12-20,4251,30271,4241,30235,10,36,0,0,4246,30266,0.0036,1,1,0.0,4246,30267,0.0036,8407551
2,2020-12-21,12784,43055,12756,42991,28,64,0,0,12739,43005,0.005115,0,1,0.0,12739,43006,0.005115,8407551
2,2020-12-22,12145,55200,11629,54620,516,580,0,0,12143,55148,0.006559,0,1,0.0,12143,55149,0.006559,8407551
2,2020-12-23,11722,66922,9503,64123,2219,2799,0,0,11724,66872,0.007954,1,2,0.0,11725,66874,0.007954,8407551
2,2020-12-24,5911,72833,3496,67619,2415,5214,0,0,5907,72778,0.008656,3,5,1e-06,5909,72783,0.008657,8407551
2,2020-12-25,484,73317,406,68025,78,5292,0,0,486,73264,0.008714,0,5,1e-06,486,73269,0.008715,8407551
2,2020-12-26,2557,75874,1661,69686,896,6188,0,0,2558,75821,0.009018,1,6,1e-06,2558,75827,0.009019,8407551
2,2020-12-27,2235,78109,1215,70901,1020,7208,0,0,2232,78051,0.009283,2,8,1e-06,2232,78059,0.009284,8407551
2,2020-12-28,11028,89137,7168,78069,3860,11068,0,0,11028,89078,0.010595,1,9,1e-06,11028,89087,0.010596,8407551
2,2020-12-29,12724,101861,7153,85222,5571,16639,0,0,12728,101806,0.012109,0,9,1e-06,12728,101815,0.01211,8407551
2,2020-12-30,15454,117315,8670,93892,6784,23423,0,0,15448,117251,0.013946,5,14,2e-06,15450,117265,0.013948,8407551
2,2020-12-31,7582,124897,2830,96722,4752,28175,0,0,7575,124821,0.014846,5,19,2e-06,7575,124840,0.014849,8407551
2,2021-01-01,1221,126118,604,97326,617,28792,0,0,1220,126037,0.014991,4,23,3e-06,1220,126060,0.014994,8407551
2,2021-01-02,4851,130969,2764,100090,2087,30879,0,0,4846,130881,0.015567,2,25,3e-06,4846,130906,0.01557,8407551
2,2021-01-03,1406,132375,789,100879,617,31496,0,0,1398,132275,0.015733,4,29,3e-06,1398,132304,0.015736,8407551
2,2021-01-04,11672,144047,5564,106443,6108,37604,0,0,11661,143933,0.017119,3,32,4e-06,11661,143965,0.017123,8407551
2,2021-01-05,13904,157951,6942,113385,6962,44566,0,0,12685,155443,0.018488,1210,1242,0.000148,12720,156685,0.018636,8407551
2,2021-01-06,19029,176980,10495,123880,8534,53100,0,0,15197,166878,0.019849,3773,5015,0.000596,15208,171893,0.020445,8407551
2,2021-01-07,23288,200268,13137,137017,10151,63251,0,0,15595,174793,0.02079,7695,12710,0.001512,15610,187503,0.022302,8407551
2,2021-01-08,26793,227061,16258,153275,10535,73786,0,0,16461,181002,0.021529,10276,22986,0.002734,16485,203988,0.024262,8407551
2,2021-01-09,9855,236916,5766,159041,4089,77875,0,0,6275,183713,0.021851,3571,26557,0.003159,6282,210270,0.02501,8407551
2,2021-01-10,5303,242219,2963,162004,2340,80215,0,0,3038,184492,0.021944,2265,28822,0.003428,3044,213314,0.025372,8407551
2,2021-01-11,26175,268394,18006,180010,8169,88384,0,0,15071,188512,0.022422,11101,39923,0.004748,15121,228435,0.02717,8407551
2,2021-01-12,26367,294761,16371,196381,9996,98380,0,0,16765,195759,0.023284,9602,49525,0.005891,16849,245284,0.029174,8407551
2,2021-01-13,28578,323339,15151,211532,13427,111807,0,0,20576,208379,0.024785,7984,57509,0.00684,20604,265888,0.031625,8407551
2,2021-01-14,30574,353913,11642,223174,18932,130739,0,0,26283,230439,0.027409,4298,61807,0.007351,26358,292246,0.03476,8407551
2,2021-01-15,35091,389004,12687,235861,22404,153143,0,0,31795,259037,0.03081,3288,65095,0.007742,31886,324132,0.038552,8407551
2,2021-01-16,18126,407130,5999,241860,12127,165270,0,0,16789,274487,0.032648,1351,66446,0.007903,16801,340933,0.040551,8407551
2,2021-01-17,10544,417674,3551,245411,6993,172263,0,0,9810,283558,0.033727,748,67194,0.007992,9819,350752,0.041719,8407551
2,2021-01-18,19734,437408,11029,256440,8705,180968,0,0,14922,293711,0.034934,4830,72024,0.008567,14983,365735,0.043501,8407551
2,2021-01-19,32615,470023,16943,273383,15672,196640,0,0,24586,310385,0.036917,8026,80050,0.009521,24700,390435,0.046439,8407551
2,2021-01-20,37619,507642,18978,292361,18641,215281,0,0,28990,330870,0.039354,8596,88646,0.010544,29081,419516,0.049898,8407551
2,2021-01-21,40967,548609,17401,309762,23566,238847,0,0,36459,363028,0.043179,4477,93123,0.011076,36635,456151,0.054255,8407551
2,2021-01-22,39611,588220,16547,326309,23064,261911,0,0,36258,395942,0.047094,3371,96494,0.011477,36285,492436,0.058571,8407551
2,2021-01-23,24113,612333,10777,337086,13336,275247,0,0,21140,414159,0.04926,2953,99447,0.011828,21170,513606,0.061089,8407551
2,2021-01-24,12438,624771,6098,343184,6340,281587,0,0,11521,424791,0.050525,901,100348,0.011935,11533,525139,0.06246,8407551
2,2021-01-25,33890,658661,15603,358787,18287,299874,0,0,25044,441178,0.052474,8795,109143,0.012982,25182,550321,0.065456,8407551
2,2021-01-26,40382,699043,19783,378570,20599,320473,0,0,31157,463217,0.055095,9200,118343,0.014076,31239,581560,0.069171,8407551
2,2021-01-27,45656,744699,22666,401236,22990,343463,0,0,35320,488389,0.058089,10208,128551,0.01529,35380,616940,0.073379,8407551
2,2021-01-28,47846,792545,22399,423635,25447,368910,0,0,39128,518937,0.061723,8653,137204,0.016319,39201,656141,0.078042,8407551
2,2021-01-29,45595,838140,21992,445627,23603,392513,0,0,36839,547209,0.065085,8632,145836,0.017346,36904,693045,0.082431,8407551
2,2021-01-30,31283,869423,13338,458965,17945,410458,0,0,27883,571761,0.068006,3362,149198,0.017746,27914,720959,0.085751,8407551
2,2021-01-31,17115,886538,10167,469132,6948,417406,0,0,15910,586505,0.069759,1186,150384,0.017887,15930,736889,0.087646,8407551
2,2021-02-01,41033,927571,19682,488814,21351,438757,0,0,29938,605443,0.072012,11039,161423,0.0192,29977,766866,0.091212,8407551
2,2021-02-02,47920,975491,19456,508270,28464,467221,0,0,36360,630420,0.074983,11478,172901,0.020565,36455,803321,0.095548,8407551
2,2021-02-03,54036,1029527,23814,532084,30222,497443,0,0,39763,656107,0.078038,14170,187071,0.02225,39857,843178,0.100288,8407551
2,2021-02-04,56139,1085666,24116,556200,32023,529466,0,0,40919,682014,0.081119,15112,202183,0.024048,41019,884197,0.105167,8407551
2,2021-02-05,60063,1145729,26211,582411,33852,563318,0,0,40524,703391,0.083662,19332,221515,0.026347,40709,924906,0.110009,8407551
2,2021-02-06,39323,1185052,18354,600765,20969,584287,0,0,31336,726910,0.086459,7911,229426,0.027288,31430,956336,0.113747,8407551
2,2021-02-07,15671,1200723,10395,611160,5276,589563,0,0,11894,735124,0.087436,3749,233175,0.027734,11963,968299,0.11517,8407551
2,2021-02-08,42919,1243642,21747,632907,21172,610735,0,0,29337,751235,0.089352,13437,246612,0.029332,29548,997847,0.118685,8407551
2,2021-02-09,49425,1293067,23249,656156,26176,636911,0,0,30503,763435,0.090803,18633,265245,0.031548,30833,1028680,0.122352,8407551
2,2021-02-10,59567,1352634,27869,684025,31698,668609,0,0,34347,773198,0.091965,24937,290182,0.034514,34700,1063380,0.126479,8407551
2,2021-02-11,64243,1416877,29512,713537,34731,703340,0,0,35780,781372,0.092937,28103,318285,0.037857,36277,1099657,0.130794,8407551
2,2021-02-12,65529,1482406,28137,741674,37392,740732,0,0,34778,786364,0.093531,30440,348725,0.041478,35432,1135089,0.135008,8407551
2,2021-02-13,38096,1520502,15888,757562,22208,762940,0,0,21988,792721,0.094287,16009,364734,0.043382,22366,1157455,0.137669,8407551
2,2021-02-14,20114,1540616,9338,766900,10776,773716,0,0,11180,795380,0.094603,8883,373617,0.044438,11542,1168997,0.139041,8407551
2,2021-02-15,33161,1573777,14942,781842,18219,791935,0,0,18376,799964,0.095148,14649,388266,0.046181,19233,1188230,0.141329,8407551
2,2021-02-16,56462,1630239,27686,809528,28776,820711,0,0,29743,803769,0.095601,26607,414873,0.049345,30412,1218642,0.144946,8407551
2,2021-02-17,61757,1691996,31788,841316,29969,850680,0,0,30662,804255,0.095659,31001,445874,0.053033,31487,1250129,0.148691,8407551
2,2021-02-18,66399,1758395,33475,874791,32924,883604,0,0,32335,803933,0.09562,33805,479679,0.057053,33483,1283612,0.152674,8407551
2,2021-02-19,59770,1818165,33101,907892,26669,910273,0,0,29667,804298,0.095664,29907,509586,0.060611,30272,1313884,0.156274,8407551
2,2021-02-20,37795,1855960,24529,932421,13266,923539,0,0,20538,808359,0.096147,17155,526741,0.062651,21216,1335100,0.158798,8407551
2,2021-02-21,21680,1877640,17557,949978,4123,927662,0,0,10771,809110,0.096236,10823,537564,0.063938,11574,1346674,0.160174,8407551
2,2021-02-22,39376,1917016,26902,976880,12474,940136,0,0,18655,807868,0.096088,20570,558134,0.066385,19328,1366002,0.162473,8407551
2,2021-02-23,53695,1970711,27395,1004275,26300,966436,0,0,23533,803391,0.095556,29903,588037,0.069942,25426,1391428,0.165497,8407551
2,2021-02-24,70977,2041688,36557,1040832,34420,1000856,0,0,32547,800092,0.095164,38217,626254,0.074487,34918,1426346,0.169651,8407551
2,2021-02-25,76895,2118583,36325,1077157,40570,1041426,0,0,39029,804345,0.095669,37592,663846,0.078958,41845,1468191,0.174628,8407551
2,2021-02-26,85401,2203984,36605,1113762,48796,1090222,0,0,45884,813219,0.096725,39206,703052,0.083621,48080,1516271,0.180346,8407551
2,2021-02-27,62424,2266408,29022,1142784,33395,1123617,7,7,33828,820033,0.097535,28356,731408,0.086994,35170,1551441,0.184529,8407551
2,2021-02-28,30603,2297011,18305,1161089,12297,1135914,1,8,17859,826111,0.098258,12618,744026,0.088495,18696,1570137,0.186753,8407551
2,2021-03-01,57371,2354382,29828,1190917,27499,1163413,44,52,31423,833134,0.099094,25638,769664,0.091544,32661,1602798,0.190638,8407551
2,2021-03-02,68705,2423087,32872,1223789,35822,1199235,11,63,38652,844254,0.100416,29878,799542,0.095098,40998,1643796,0.195514,8407551
2,2021-03-03,79915,2503002,38649,1262438,41251,1240486,15,78,45345,857834,0.102031,34355,833897,0.099184,47935,1691731,0.201216,8407551
2,2021-03-04,88040,2591042,43212,1305650,44798,1285284,30,108,50896,874240,0.103983,36899,870796,0.103573,53305,1745036,0.207556,8407551
2,2021-03-05,82057,2673099,38574,1344224,43175,1328459,308,416,50198,895500,0.106511,31630,902426,0.107335,52890,1797926,0.213847,8407551
2,2021-03-06,62914,2736013,30755,1374979,30460,1358919,1699,2115,38735,913325,0.108632,24044,926470,0.110195,41869,1839795,0.218827,8407551
2,2021-03-07,28582,2764595,16235,1391214,10804,1369723,1543,3658,18134,923734,0.10987,10375,936845,0.111429,20784,1860579,0.221299,8407551
2,2021-03-08,50744,2815339,23273,1414487,24907,1394630,2564,6222,31900,941106,0.111936,18736,955581,0.113657,36108,1896687,0.225593,8407551
2,2021-03-09,70583,2885922,32121,1446608,34615,1429245,3847,10069,39080,954014,0.113471,31360,986941,0.117387,44268,1940955,0.230859,8407551
2,2021-03-10,78430,2964352,37102,1483710,34792,1464037,6536,16605,41643,966949,0.11501,36565,1023506,0.121737,49500,1990455,0.236746,8407551
2,2021-03-11,93274,3057626,43021,1526731,41880,1505917,8373,24978,48664,981095,0.116692,44290,1067796,0.127004,58436,2048891,0.243697,8407551
2,2021-03-12,94114,3151740,38698,1565429,43449,1549366,11967,36945,46828,994280,0.11826,47028,1114824,0.132598,60213,2109104,0.250858,8407551
2,2021-03-13,69251,3220991,28984,1594413,32282,1581648,7985,44930,38047,1010542,0.120195,31065,1145889,0.136293,47327,2156431,0.256487,8407551
2,2021-03-14,37024,3258015,18309,1612722,14192,1595840,4523,49453,18561,1016018,0.120846,18359,1164248,0.138476,23835,2180266,0.259322,8407551
2,2021-03-15,67440,3325455,30415,1643137,32012,1627852,5013,54466,37176,1029260,0.122421,30042,1194290,0.14205,43284,2223550,0.264471,8407551
2,2021-03-16,86297,3411752,38167,1681304,44106,1671958,4024,58490,52161,1052644,0.125202,33932,1228222,0.146086,57316,2280866,0.271288,8407551
2,2021-03-17,92820,3504572,44448,1725752,44188,1716146,4184,62674,58792,1082714,0.128779,33750,1261972,0.1501,63820,2344686,0.278879,8407551
2,2021-03-18,98161,3602733,46807,1772559,46764,1762910,4590,67264,59648,1109328,0.131944,38192,1300164,0.154642,64806,2409492,0.286587,8407551
2,2021-03-19,97512,3700245,46155,1818714,45234,1808144,6123,73387,57691,1134161,0.134898,39507,1339671,0.159341,64340,2473832,0.294239,8407551
2,2021-03-20,70017,3770262,33930,1852644,32122,1840266,3965,77352,45723,1160157,0.13799,24058,1363729,0.162203,50054,2523886,0.300193,8407551
2,2021-03-21,33420,3803682,21590,1874234,9835,1850101,1995,79347,19980,1169268,0.139074,13298,1377027,0.163785,22409,2546295,0.302858,8407551
2,2021-03-22,62911,3866593,34619,1908853,25657,1875758,2635,81982,41754,1193638,0.141972,20916,1397943,0.166272,45286,2591581,0.308244,8407551
2,2021-03-23,83758,3950351,44520,1953373,36322,1912080,2916,84898,52291,1218503,0.14493,31182,1429125,0.169981,56047,2647628,0.314911,8407551
2,2021-03-24,91622,4041973,49228,2002601,39228,1951308,3166,88064,53675,1238550,0.147314,37609,1466734,0.174454,57656,2705284,0.321768,8407551
2,2021-03-25,101208,4143181,51067,2053668,46240,1997548,3901,91965,57177,1256723,0.149476,43662,1510396,0.179648,61835,2767119,0.329123,8407551
2,2021-03-26,103322,4246503,51257,2104925,48571,2046119,3494,95459,56358,1271059,0.151181,46564,1556960,0.185186,60900,2828019,0.336367,8407551
2,2021-03-27,75591,4322094,37725,2142650,34568,2080687,3298,98757,37802,1275479,0.151706,37537,1594497,0.189651,41957,2869976,0.341357,8407551
2,2021-03-28,37678,4359772,23274,2165924,13593,2094280,811,99568,20081,1279753,0.152215,17469,1611966,0.191728,21743,2891719,0.343943,8407551
2,2021-03-29,71290,4431062,36229,2202153,32785,2127065,2276,101844,40587,1293029,0.153794,30486,1642452,0.195354,43762,2935481,0.349148,8407551
2,2021-03-30,91889,4522951,45003,2247156,42509,2169574,4377,106221,51644,1309620,0.155767,40035,1682487,0.200116,56626,2992107,0.355883,8407551
2,2021-03-31,101164,4624115,52105,2299261,43950,2213524,5109,111330,57421,1329064,0.15808,43430,1725917,0.205282,62874,3054981,0.363362,8407551
2,2021-04-01,117525,4741640,56773,2356034,51518,2265042,9234,120564,64014,1349625,0.160525,53108,1779025,0.211598,73669,3128650,0.372124,8407551
2,2021-04-02,111608,4853248,51431,2407465,49998,2315040,10179,130743,59919,1368896,0.162817,51298,1830323,0.2177,70569,3199219,0.380517,8407551
2,2021-04-03,76842,4930090,37724,2445189,29290,2344330,9828,140571,38084,1378643,0.163977,38548,1868871,0.222285,48295,3247514,0.386262,8407551
2,2021-04-04,29000,4959090,14918,2460107,10223,2354553,3859,144430,13016,1379670,0.164099,15877,1884748,0.224173,16904,3264418,0.388272,8407551
2,2021-04-05,79129,5038219,38775,2498882,31512,2386065,8842,153272,38180,1386674,0.164932,40767,1925515,0.229022,47771,3312189,0.393954,8407551
2,2021-04-06,103891,5142110,50574,2549456,38605,2424670,14712,167984,49239,1396653,0.166119,54367,1979882,0.235489,64346,3376535,0.401607,8407551
2,2021-04-07,110499,5252609,55114,2604570,39131,2463801,16254,184238,52042,1407065,0.167357,58159,2038041,0.242406,68571,3445106,0.409763,8407551
2,2021-04-08,119337,5371946,57436,2662006,43175,2506976,18726,202964,55343,1418085,0.168668,63626,2101667,0.249974,74646,3519752,0.418642,8407551
2,2021-04-09,118838,5490784,57228,2719234,43490,2550466,18120,221084,56215,1431022,0.170207,62241,2163908,0.257377,75178,3594930,0.427583,8407551
2,2021-04-10,87624,5578408,37799,2757033,31401,2581867,18424,239508,36098,1434966,0.170676,51260,2215168,0.263474,55204,3650134,0.434149,8407551
2,2021-04-11,44478,5622886,23082,2780115,12924,2594791,8472,247980,18216,1436256,0.170829,26121,2241289,0.26658,27411,3677545,0.43741,8407551
2,2021-04-12,79998,5702884,37263,2817378,33331,2628122,9404,257384,35621,1438171,0.171057,44104,2285393,0.271826,46019,3723564,0.442883,8407551
2,2021-04-13,101868,5804752,52854,2870232,48754,2676876,260,257644,55833,1449390,0.172391,45770,2331163,0.27727,56989,3780553,0.449662,8407551
2,2021-04-14,106808,5911560,55939,2926171,50816,2727692,53,257697,54641,1453657,0.172899,51860,2383023,0.283438,56127,3836680,0.456337,8407551
2,2021-04-15,113406,6024966,60291,2986462,53033,2780725,82,257779,59376,1460541,0.173718,53641,2436664,0.289819,60525,3897205,0.463536,8407551
2,2021-04-16,110880,6135846,57485,3043947,53342,2834067,53,257832,56354,1463619,0.174084,54181,2490845,0.296263,57259,3954464,0.470347,8407551
2,2021-04-17,83588,6219434,42527,3086474,41046,2875113,15,257847,46800,1474758,0.175409,36540,2527385,0.300609,47679,4002143,0.476018,8407551
2,2021-04-18,35629,6255063,21632,3108106,13990,2889103,7,257854,17000,1474250,0.175348,18497,2545882,0.302809,17989,4020132,0.478157,8407551
2,2021-04-19,74948,6330011,40341,3148447,34591,2923694,16,257870,34214,1468636,0.174681,40465,2586347,0.307622,34851,4054983,0.482303,8407551
2,2021-04-20,97761,6427772,49569,3198016,48166,2971860,26,257896,47555,1467103,0.174498,49857,2636204,0.313552,48324,4103307,0.48805,8407551
2,2021-04-21,103588,6531360,56035,3254051,47495,3019355,58,257954,49003,1463006,0.174011,54129,2690333,0.31999,50032,4153339,0.494001,8407551
2,2021-04-22,108045,6639405,55917,3309968,52105,3071460,23,257977,47383,1451061,0.17259,60243,2750576,0.327155,48298,4201637,0.499746,8407551
2,2021-04-23,107474,6746879,57143,3367111,50314,3121774,17,257994,49794,1444524,0.171813,57268,2807844,0.333967,50731,4252368,0.50578,8407551
2,2021-04-24,80316,6827195,47308,3414419,32968,3154742,40,258034,41865,1449238,0.172373,38121,2845965,0.338501,42835,4295203,0.510874,8407551
2,2021-04-25,36275,6863470,22336,3436755,13925,3168667,14,258048,19736,1453051,0.172827,16403,2862368,0.340452,20216,4315419,0.513279,8407551
2,2021-04-26,73824,6937294,40893,3477648,32623,3201290,308,258356,34032,1449308,0.172382,39529,2901897,0.345154,35786,4351205,0.517535,8407551
2,2021-04-27,87967,7025261,46353,3524001,40252,3241542,1362,259718,37831,1439978,0.171272,49765,2951662,0.351073,40435,4391640,0.522345,8407551
2,2021-04-28,87751,7113012,46901,3570902,38989,3280531,1861,261579,38757,1432850,0.170424,48658,3000320,0.35686,41530,4433170,0.527284,8407551
2,2021-04-29,90365,7203377,49214,3620116,39451,3319982,1700,263279,35147,1415457,0.168355,54840,3055160,0.363383,37447,4470617,0.531738,8407551
2,2021-04-30,94193,7297570,52079,3672195,40121,3360103,1993,265272,36698,1397750,0.166249,57054,3112214,0.370169,39347,4509964,0.536418,8407551
2,2021-05-01,61957,7359527,37767,3709962,22621,3382724,1569,266841,24159,1386837,0.164951,37493,3149707,0.374628,26580,4536544,0.53958,8407551
2,2021-05-02,29056,7388583,20199,3730161,7886,3390610,971,267812,11050,1381073,0.164266,17874,3167581,0.376754,12110,4548654,0.54102,8407551
2,2021-05-03,59939,7448522,35478,3765639,22409,3413019,2052,269864,20195,1364105,0.162248,39481,3207062,0.38145,22513,4571167,0.543698,8407551
2,2021-05-04,79396,7527918,47396,3813035,29629,3442648,2371,272235,25833,1339476,0.159318,53231,3260293,0.387782,28602,4599769,0.5471,8407551
2,2021-05-05,79857,7607775,47570,3860605,29940,3472588,2347,274582,25027,1312772,0.156142,54441,3314734,0.394257,27737,4627506,0.550399,8407551
2,2021-05-06,82121,7689896,49758,3910363,29453,3502041,2910,277492,25147,1284961,0.152834,56509,3371243,0.400978,28698,4656204,0.553812,8407551
2,2021-05-07,83183,7773079,48023,3958386,32736,3534777,2424,279916,25611,1256253,0.14942,57202,3428445,0.407782,28494,4684698,0.557201,8407551
2,2021-05-08,55159,7828238,33427,3991813,20025,3554802,1707,281623,17305,1238374,0.147293,37620,3466065,0.412256,19741,4704439,0.559549,8407551
2,2021-05-09,21715,7849953,15689,4007502,5278,3560080,748,282371,6348,1230410,0.146346,15290,3481355,0.414075,7326,4711765,0.560421,8407551
2,2021-05-10,49843,7899796,27121,4034623,20854,3580934,1868,284239,14072,1211429,0.144088,35532,3516887,0.418301,16551,4728316,0.562389,8407551
2,2021-05-11,65582,7965378,35410,4070033,28066,3609000,2106,286345,19814,1188566,0.141369,45474,3562361,0.42371,22611,4750927,0.565079,8407551
2,2021-05-12,64730,8030108,34515,4104548,28000,3637000,2215,288560,19099,1164942,0.138559,45327,3607688,0.429101,21703,4772630,0.56766,8407551
2,2021-05-13,70508,8100616,40961,4145509,27606,3664606,1941,290501,25835,1149055,0.136669,44394,3652082,0.434381,28507,4801137,0.571051,8407551
2,2021-05-14,79360,8179976,47546,4193055,29561,3694167,2253,292754,30509,1133973,0.134876,48491,3700573,0.440149,33409,4834546,0.575024,8407551
2,2021-05-15,65943,8245919,43320,4236375,20911,3715078,1712,294466,25553,1121478,0.133389,40151,3740724,0.444924,27656,4862202,0.578314,8407551
2,2021-05-16,31507,8277426,23561,4259936,7023,3722101,923,295389,12856,1116863,0.13284,18522,3759246,0.447127,13907,4876109,0.579968,8407551
2,2021-05-17,57826,8335252,36642,4296578,19252,3741353,1932,297321,22823,1107203,0.131691,34778,3794024,0.451264,25118,4901227,0.582955,8407551
2,2021-05-18,69944,8405196,40937,4337515,27045,3768398,1962,299283,27822,1095670,0.13032,41857,3835881,0.456242,30324,4931551,0.586562,8407551
2,2021-05-19,68688,8473884,40635,4378150,26046,3794444,2007,301290,27229,1084213,0.128957,41161,3877042,0.461138,29704,4961255,0.590095,8407551
2,2021-05-20,69073,8542957,39971,4418121,26922,3821366,2180,303470,26211,1070658,0.127345,42539,3919581,0.466198,28984,4990239,0.593543,8407551
2,2021-05-21,72709,8615666,42902,4461023,27657,3849023,2150,305620,27615,1056234,0.125629,44741,3964322,0.471519,30317,5020556,0.597148,8407551
2,2021-05-22,53320,8668986,33779,4494802,17767,3866790,1774,307394,22309,1050068,0.124896,30788,3995110,0.475181,24622,5045178,0.600077,8407551
2,2021-05-23,24379,8693365,16630,4511432,7023,3873813,726,308120,10268,1047216,0.124557,13984,4009094,0.476844,11132,5056310,0.601401,8407551
2,2021-05-24,44727,8738092,25398,4536830,17562,3891375,1767,309887,17237,1039283,0.123613,27277,4036371,0.480089,19344,5075654,0.603702,8407551
2,2021-05-25,50631,8788723,29633,4566463,19138,3910513,1860,311747,19283,1029912,0.122498,31051,4067422,0.483782,21680,5097334,0.60628,8407551
2,2021-05-26,48600,8837323,27228,4593691,19692,3930205,1680,313427,19027,1021714,0.121523,29245,4096667,0.48726,21047,5118381,0.608784,8407551
2,2021-05-27,46493,8883816,26343,4620034,18412,3948617,1738,315165,18589,1014876,0.12071,27667,4124334,0.490551,20829,5139210,0.611261,8407551
2,2021-05-28,49871,8933687,27523,4647557,20375,3968992,1973,317138,20950,1009558,0.120078,28667,4153001,0.493961,23349,5162559,0.614038,8407551
2,2021-05-29,28949,8962636,17356,4664913,10540,3979532,1053,318191,13268,1008519,0.119954,15530,4168531,0.495808,14491,5177050,0.615762,8407551
2,2021-05-30,12621,8975257,8132,4673045,3728,3983260,761,318952,5528,1007831,0.119872,7043,4175574,0.496646,6355,5183405,0.616518,8407551
2,2021-05-31,5863,8981120,3425,4676470,2134,3985394,304,319256,1820,1006015,0.119656,3989,4179563,0.49712,2173,5185578,0.616776,8407551
2,2021-06-01,44663,9025783,25661,4702131,17351,4002745,1651,320907,15601,994874,0.118331,28771,4208334,0.500542,17630,5203208,0.618873,8407551
2,2021-06-02,38123,9063906,22441,4724572,14278,4017023,1404,322311,14961,988627,0.117588,22907,4231241,0.503267,16660,5219868,0.620855,8407551
2,2021-06-03,41299,9105205,26603,4751175,13232,4030255,1464,323775,13939,977286,0.116239,27125,4258366,0.506493,15784,5235652,0.622732,8407551
2,2021-06-04,47886,9153091,31274,4782449,15075,4045330,1537,325312,15505,962761,0.114511,32091,4290457,0.51031,17566,5253218,0.624821,8407551
2,2021-06-05,37754,9190845,26945,4809394,9352,4054682,1457,326769,11841,950785,0.113087,25689,4316146,0.513365,13713,5266931,0.626452,8407551
2,2021-06-06,14870,9205715,12197,4821591,2093,4056775,580,327349,4688,946123,0.112533,10119,4326265,0.514569,5457,5272388,0.627102,8407551
2,2021-06-07,33193,9238908,23229,4844820,8696,4065471,1268,328617,10786,936161,0.111348,22264,4348529,0.517217,12302,5284690,0.628565,8407551
2,2021-06-08,40514,9279422,28688,4873508,10463,4075934,1363,329980,12448,922516,0.109725,27827,4376356,0.520527,14182,5298872,0.630252,8407551
2,2021-06-09,38041,9317463,26573,4900081,9977,4085911,1491,331471,11536,909556,0.108183,26311,4402667,0.523656,13351,5312223,0.63184,8407551
2,2021-06-10,37657,9355120,26193,4926274,9949,4095860,1515,332986,11677,897434,0.106741,25781,4428448,0.526723,13659,5325882,0.633464,8407551
2,2021-06-11,41145,9396265,27315,4953589,12167,4108027,1663,334649,13210,884927,0.105254,27674,4456122,0.530014,15167,5341049,0.635268,8407551
2,2021-06-12,29328,9425593,21574,4975163,6840,4114867,914,335563,8677,874219,0.10398,20519,4476641,0.532455,9811,5350860,0.636435,8407551
2,2021-06-13,12202,9437795,8911,4984074,2674,4117541,617,336180,3105,869073,0.103368,9036,4485677,0.53353,3890,5354750,0.636898,8407551
2,2021-06-14,29826,9467621,21160,5005234,7472,4125013,1194,337374,10343,861496,0.102467,19322,4504999,0.535828,11745,5366495,0.638295,8407551
2,2021-06-15,35412,9503033,23575,5028809,9805,4134818,2032,339406,11925,852574,0.101406,23257,4528256,0.538594,14335,5380830,0.64,8407551
2,2021-06-16,32807,9535840,22636,5051445,8387,4143205,1784,341190,11286,844599,0.100457,21355,4549611,0.541134,13380,5394210,0.641591,8407551
2,2021-06-17,30696,9566536,20506,5071951,8400,4151605,1790,342980,10883,837837,0.099653,19643,4569254,0.54347,12881,5407091,0.643123,8407551
2,2021-06-18,34487,9601023,22705,5094656,9916,4161521,1866,344846,12590,830869,0.098824,21681,4590935,0.546049,14713,5421804,0.644873,8407551
2,2021-06-19,20781,9621804,14470,5109126,5057,4166578,1254,346100,7872,827437,0.098416,12748,4603683,0.547565,9316,5431120,0.645981,8407551
2,2021-06-20,8230,9630034,5883,5115009,1883,4168461,464,346564,3052,825883,0.098231,5137,4608820,0.548176,3583,5434703,0.646407,8407551
2,2021-06-21,19212,9649246,11757,5126766,6142,4174603,1313,347877,9830,827940,0.098476,9267,4618087,0.549278,11324,5446027,0.647754,8407551
2,2021-06-22,26715,9675961,18298,5145064,7053,4181656,1364,349241,10470,823970,0.098004,16076,4634163,0.551191,12106,5458133,0.649194,8407551
2,2021-06-23,25773,9701734,17806,5162870,6358,4188014,1609,350850,10519,821277,0.097683,15112,4649275,0.552988,12419,5470552,0.650671,8407551
2,2021-06-24,25176,9726910,17150,5180020,6525,4194539,1501,352351,10426,818827,0.097392,14605,4663880,0.554725,12155,5482707,0.652117,8407551
2,2021-06-25,28533,9755443,19335,5199355,7716,4202255,1482,353833,11904,815966,0.097052,16477,4680357,0.556685,13616,5496323,0.653737,8407551
2,2021-06-26,18400,9773843,13560,5212915,3919,4206174,921,354754,7495,813804,0.096794,10821,4691178,0.557972,8659,5504982,0.654766,8407551
2,2021-06-27,8724,9782567,6663,5219578,1616,4207790,445,355199,3488,812672,0.09666,5189,4696367,0.558589,4057,5509039,0.655249,8407551
2,2021-06-28,19638,9802205,14929,5234507,3476,4211266,1233,356432,8648,811879,0.096565,10864,4707231,0.559881,10071,5519110,0.656447,8407551
2,2021-06-29,22495,9824700,15665,5250172,5765,4217031,1065,357497,9571,809955,0.096337,12796,4720027,0.561403,10872,5529982,0.65774,8407551
2,2021-06-30,21656,9846356,15379,5265551,5256,4222287,1021,358518,9593,808867,0.096207,11929,4731956,0.562822,10841,5540823,0.659029,8407551
2,2021-07-01,19609,9865965,13878,5279429,4866,4227153,865,359383,8714,807866,0.096088,10782,4742738,0.564105,9781,5550604,0.660193,8407551
2,2021-07-02,22524,9888489,15545,5294974,5965,4233118,1014,360397,9931,806572,0.095934,12439,4755177,0.565584,11145,5561749,0.661518,8407551
2,2021-07-03,12354,9900843,8927,5303901,2966,4236084,461,360858,5645,806172,0.095887,6626,4761803,0.566372,6226,5567975,0.662259,8407551
2,2021-07-04,982,9901825,576,5304477,339,4236423,67,360925,418,806126,0.095881,554,4762357,0.566438,508,5568483,0.662319,8407551
2,2021-07-05,10887,9912712,7974,5312451,2509,4238932,404,361329,4998,805817,0.095844,5837,4768194,0.567132,5528,5574011,0.662977,8407551
2,2021-07-06,23354,9936066,16981,5329432,5408,4244340,965,362294,9016,801873,0.095375,14200,4782394,0.568821,10256,5584267,0.664197,8407551
2,2021-07-07,20261,9956327,14456,5343888,4727,4249067,1078,363372,8620,800305,0.095189,11531,4793925,0.570193,9963,5594230,0.665382,8407551
2,2021-07-08,18724,9975051,13104,5356992,4706,4253773,914,364286,7970,798743,0.095003,10654,4804579,0.57146,9092,5603322,0.666463,8407551
2,2021-07-09,21992,9997043,15218,5372210,5606,4259379,1168,365454,9322,796907,0.094785,12539,4817118,0.572951,10703,5614025,0.667736,8407551
2,2021-07-10,13830,10010873,10201,5382411,2985,4262364,644,366098,6088,796144,0.094694,7653,4824771,0.573862,6890,5620915,0.668556,8407551
2,2021-07-11,6504,10017377,4777,5387188,1387,4263751,340,366438,3068,796226,0.094704,3394,4828165,0.574265,3476,5624391,0.668969,8407551
2,2021-07-12,17841,10035218,13111,5400299,3891,4267642,839,367277,7738,795007,0.094559,9996,4838161,0.575454,8777,5633168,0.670013,8407551
2,2021-07-13,18999,10054217,13414,5413713,4742,4272384,843,368120,8537,794253,0.094469,10327,4848488,0.576683,9573,5642741,0.671152,8407551
2,2021-07-14,18115,10072332,12955,5426668,4409,4276793,751,368871,8101,793405,0.094368,9901,4858389,0.57786,9053,5651794,0.672228,8407551
2,2021-07-15,16625,10088957,12447,5439115,3604,4280397,574,369445,7487,792643,0.094278,9038,4867427,0.578935,8276,5660070,0.673213,8407551
2,2021-07-16,19463,10108420,14434,5453549,4305,4284702,724,370169,9290,792799,0.094296,10059,4877486,0.580132,10215,5670285,0.674428,8407551
2,2021-07-17,7206,10115626,5241,5458790,1510,4286212,455,370624,3374,792949,0.094314,3776,4881262,0.580581,3926,5674211,0.674895,8407551
3,2020-12-15,310,310,310,310,0,0,0,0,310,310,3.8e-05,0,0,0.0,310,310,3.8e-05,8129050
3,2020-12-16,2445,2755,2445,2755,0,0,0,0,2446,2756,0.000339,0,0,0.0,2446,2756,0.000339,8129050
3,2020-12-17,7856,10611,7856,10611,0,0,0,0,7856,10612,0.001305,0,0,0.0,7856,10612,0.001305,8129050
3,2020-12-18,13425,24036,13407,24018,18,18,0,0,13424,24036,0.002957,0,0,0.0,13424,24036,0.002957,8129050
3,2020-12-19,7250,31286,7237,31255,13,31,0,0,7314,31350,0.003857,0,0,0.0,7314,31350,0.003857,8129050
3,2020-12-20,5665,36951,5657,36912,8,39,0,0,5712,37061,0.004559,1,1,0.0,5712,37062,0.004559,8129050
3,2020-12-21,14388,51339,14362,51274,26,65,0,0,14452,51512,0.006337,1,2,0.0,14452,51514,0.006337,8129050
3,2020-12-22,14810,66149,14240,65514,570,635,0,0,14849,66360,0.008163,1,3,0.0,14849,66363,0.008164,8129050
3,2020-12-23,14817,80966,12218,77732,2599,3234,0,0,14834,81193,0.009988,2,5,1e-06,14835,81198,0.009989,8129050
3,2020-12-24,6785,87751,4868,82600,1917,5151,0,0,6782,87973,0.010822,2,7,1e-06,6782,87980,0.010823,8129050
3,2020-12-25,725,88476,667,83267,58,5209,0,0,723,88696,0.010911,0,7,1e-06,723,88703,0.010912,8129050
3,2020-12-26,4622,93098,2998,86265,1624,6833,0,0,4620,93316,0.011479,0,7,1e-06,4620,93323,0.01148,8129050
3,2020-12-27,2982,96080,1855,88120,1127,7960,0,0,2982,96298,0.011846,0,7,1e-06,2982,96305,0.011847,8129050
3,2020-12-28,13630,109710,8723,96843,4907,12867,0,0,13655,109952,0.013526,1,8,1e-06,13655,109960,0.013527,8129050
3,2020-12-29,15026,124736,8467,105310,6559,19426,0,0,15054,125004,0.015377,2,10,1e-06,15054,125014,0.015379,8129050
3,2020-12-30,18036,142772,10058,115368,7978,27404,0,0,18041,143044,0.017597,2,12,1e-06,18042,143056,0.017598,8129050
3,2020-12-31,8448,151220,3239,118607,5209,32613,0,0,8447,151489,0.018636,2,14,2e-06,8447,151503,0.018637,8129050
3,2021-01-01,1498,152718,705,119312,793,33406,0,0,1495,152983,0.018819,1,15,2e-06,1495,152998,0.018821,8129050
3,2021-01-02,4934,157652,2418,121730,2516,35922,0,0,4934,157917,0.019426,0,15,2e-06,4934,157932,0.019428,8129050
3,2021-01-03,1613,159265,848,122578,765,36687,0,0,1603,159517,0.019623,3,18,2e-06,1603,159535,0.019625,8129050
3,2021-01-04,12029,171294,5969,128547,6060,42747,0,0,12002,171512,0.021099,7,25,3e-06,12002,171537,0.021102,8129050
3,2021-01-05,15729,187023,8150,136697,7579,50326,0,0,14052,183930,0.022626,1662,1687,0.000208,14080,185617,0.022834,8129050
3,2021-01-06,20609,207632,10905,147602,9704,60030,0,0,16068,195512,0.024051,4495,6182,0.00076,16077,201694,0.024812,8129050
3,2021-01-07,26635,234267,15232,162834,11403,71433,0,0,17160,203250,0.025003,9439,15621,0.001922,17177,218871,0.026925,8129050
3,2021-01-08,30614,264881,18725,181559,11889,83322,0,0,18133,208948,0.025704,12458,28079,0.003454,18156,237027,0.029158,8129050
3,2021-01-09,12446,277327,7033,188592,5413,88735,0,0,7915,212349,0.026122,4524,32603,0.004011,7925,244952,0.030133,8129050
3,2021-01-10,7221,284548,4477,193069,2744,91479,0,0,4070,213275,0.026236,3149,35752,0.004398,4075,249027,0.030634,8129050
3,2021-01-11,29092,313640,19037,212106,10055,101534,0,0,16467,217168,0.026715,12618,48370,0.00595,16511,265538,0.032665,8129050
3,2021-01-12,32598,346238,19477,231583,13121,114655,0,0,19953,224644,0.027635,12624,60994,0.007503,20100,285638,0.035138,8129050
3,2021-01-13,34573,380811,18049,249632,16524,131179,0,0,24340,238785,0.029374,10219,71213,0.00876,24360,309998,0.038135,8129050
3,2021-01-14,34734,415545,14207,263839,20527,151706,0,0,28820,261767,0.032201,5876,77089,0.009483,28858,338856,0.041685,8129050
3,2021-01-15,38989,454534,14457,278296,24532,176238,0,0,34296,291456,0.035854,4677,81766,0.010058,34366,373222,0.045912,8129050
3,2021-01-16,21751,476285,7414,285710,14337,190575,0,0,19425,308587,0.037961,2315,84081,0.010343,19446,392668,0.048304,8129050
3,2021-01-17,13144,489429,4457,290167,8687,199262,0,0,12104,319671,0.039325,1039,85120,0.010471,12123,404791,0.049796,8129050
3,2021-01-18,24782,514211,12950,303117,11832,211094,0,0,19173,333290,0.041,5597,90717,0.01116,19216,424007,0.052159,8129050
3,2021-01-19,41081,555292,20894,324011,20187,231281,0,0,31950,356231,0.043822,9095,99812,0.012278,32036,456043,0.0561,8129050
3,2021-01-20,46180,601472,23008,347019,23172,254453,0,0,36617,383414,0.047166,9517,109329,0.013449,36700,492743,0.060615,8129050
3,2021-01-21,48069,649541,20837,367856,27232,281685,0,0,42561,420608,0.051741,5443,114772,0.014119,42637,535380,0.06586,8129050
3,2021-01-22,49818,699359,19842,387698,29976,311661,0,0,45585,462064,0.056841,4203,118975,0.014636,45659,581039,0.071477,8129050
3,2021-01-23,30358,729717,12796,400494,17562,329223,0,0,27062,485894,0.059773,3287,122262,0.01504,27117,608156,0.074813,8129050
3,2021-01-24,17885,747602,8479,408973,9406,338629,0,0,16702,501447,0.061686,1180,123442,0.015185,16733,624889,0.076871,8129050
3,2021-01-25,40851,788453,18218,427191,22633,361262,0,0,30863,522442,0.064269,9958,133400,0.01641,30953,655842,0.080679,8129050
3,2021-01-26,47342,835795,22612,449803,24730,385992,0,0,37163,549561,0.067605,10146,143546,0.017658,37265,693107,0.085263,8129050
3,2021-01-27,51492,887287,24514,474317,26978,412970,0,0,40819,579860,0.071332,10601,154147,0.018962,40900,734007,0.090294,8129050
3,2021-01-28,51922,939209,24092,498409,27830,440800,0,0,42971,614026,0.075535,8864,163011,0.020053,43030,777037,0.095588,8129050
3,2021-01-29,51044,990253,24493,522902,26551,467351,0,0,41287,645780,0.079441,9580,172591,0.021231,41334,818371,0.100672,8129050
3,2021-01-30,37426,1027679,17790,540692,19636,486987,0,0,32708,673908,0.082901,4664,177255,0.021805,32792,851163,0.104706,8129050
3,2021-01-31,22442,1050121,12752,553444,9690,496677,0,0,21026,693553,0.085318,1401,178656,0.021977,21046,872209,0.107295,8129050
3,2021-02-01,45925,1096046,20983,574427,24942,521619,0,0,35018,717752,0.088295,10853,189509,0.023313,35052,907261,0.111607,8129050
3,2021-02-02,54569,1150615,22764,597191,31805,553424,0,0,42106,747538,0.091959,12370,201879,0.024834,42156,949417,0.116793,8129050
3,2021-02-03,60118,1210733,26678,623869,33440,586864,0,0,44719,777061,0.095591,15268,217147,0.026712,44791,994208,0.122303,8129050
3,2021-02-04,64461,1275194,27916,651785,36545,623409,0,0,47194,807298,0.09931,17071,234218,0.028812,47308,1041516,0.128123,8129050
3,2021-02-05,70352,1345546,29769,681554,40583,663992,0,0,48622,834610,0.10267,21487,255705,0.031456,48799,1090315,0.134126,8129050
3,2021-02-06,43710,1389256,20959,702513,22751,686743,0,0,34060,859248,0.105701,9604,265309,0.032637,34242,1124557,0.138338,8129050
3,2021-02-07,19738,1408994,12556,715069,7182,693925,0,0,15153,869958,0.107018,4567,269876,0.033199,15277,1139834,0.140217,8129050
3,2021-02-08,51634,1460628,24991,740060,26643,720568,0,0,33868,886387,0.109039,17625,287501,0.035367,34054,1173888,0.144407,8129050
3,2021-02-09,58852,1519480,28527,768587,30325,750893,0,0,34437,897015,0.110347,24140,311641,0.038337,34768,1208656,0.148684,8129050
3,2021-02-10,68391,1587871,31824,800411,36567,787460,0,0,36679,902777,0.111056,31416,343057,0.042201,37178,1245834,0.153257,8129050
3,2021-02-11,70796,1658667,34827,835238,35969,823429,0,0,37616,908098,0.11171,32834,375891,0.04624,38155,1283989,0.157951,8129050
3,2021-02-12,75734,1734401,32684,867922,43050,866479,0,0,41756,916951,0.112799,33680,409571,0.050384,42533,1326522,0.163183,8129050
3,2021-02-13,45263,1779664,20517,888439,24746,891225,0,0,26071,924526,0.113731,19078,428649,0.052731,26653,1353175,0.166462,8129050
3,2021-02-14,27421,1807085,13718,902157,13703,904928,0,0,15228,928067,0.114167,12137,440786,0.054224,15678,1368853,0.16839,8129050
3,2021-02-15,40216,1847301,17306,919463,22910,927838,0,0,22219,933337,0.114815,17888,458674,0.056424,23158,1392011,0.171239,8129050
3,2021-02-16,70389,1917690,33326,952789,37063,964901,0,0,36554,937225,0.115293,33697,492371,0.060569,37585,1429596,0.175863,8129050
3,2021-02-17,72208,1989898,36503,989292,35705,1000606,0,0,34221,934768,0.114991,37752,530123,0.065213,35295,1464891,0.180204,8129050
3,2021-02-18,77418,2067316,40432,1029724,36986,1037592,0,0,35796,930482,0.114464,41427,571550,0.07031,37141,1502032,0.184773,8129050
3,2021-02-19,69516,2136832,40055,1069779,29461,1067053,0,0,35079,931979,0.114648,34279,605829,0.074526,35776,1537808,0.189174,8129050
3,2021-02-20,43121,2179953,27241,1097020,15880,1082933,0,0,22494,934469,0.114954,20507,626336,0.077049,22997,1560805,0.192003,8129050
3,2021-02-21,24206,2204159,19505,1116525,4701,1087634,0,0,11819,934384,0.114944,12293,638629,0.078561,12208,1573013,0.193505,8129050
3,2021-02-22,47397,2251556,30873,1147398,16524,1104158,0,0,22151,931917,0.11464,25103,663732,0.081649,22636,1595649,0.19629,8129050
3,2021-02-23,63393,2314949,34463,1181861,28930,1133088,0,0,27606,925956,0.113907,35557,699289,0.086023,29596,1625245,0.19993,8129050
3,2021-02-24,79520,2394469,39051,1220912,40469,1173557,0,0,35115,919437,0.113105,44151,743440,0.091455,37632,1662877,0.20456,8129050
3,2021-02-25,89081,2483550,43386,1264298,45695,1219252,0,0,44304,921866,0.113404,44467,787907,0.096925,46896,1709773,0.210329,8129050
3,2021-02-26,99984,2583534,45770,1310068,54214,1273466,0,0,52775,930063,0.114412,46782,834689,0.10268,54979,1764752,0.217092,8129050
3,2021-02-27,70770,2654304,32502,1342570,38264,1311730,4,4,37385,935615,0.115095,33146,867835,0.106757,38698,1803450,0.221852,8129050
3,2021-02-28,41171,2695475,23757,1366327,17411,1329141,3,7,21160,937913,0.115378,19815,887650,0.109195,22113,1825563,0.224573,8129050
3,2021-03-01,68734,2764209,36443,1402770,32258,1361399,33,40,38172,947137,0.116513,30320,917970,0.112925,39544,1865107,0.229437,8129050
3,2021-03-02,79317,2843526,39174,1441944,40135,1401534,8,48,45943,961943,0.118334,33219,951189,0.117011,48025,1913132,0.235345,8129050
3,2021-03-03,89476,2933002,42950,1484894,46505,1448039,21,69,50148,975294,0.119976,39089,990278,0.12182,52440,1965572,0.241796,8129050
3,2021-03-04,93991,3026993,46003,1530897,47968,1496007,20,89,53337,990523,0.12185,40405,1030683,0.12679,55634,2021206,0.24864,8129050
3,2021-03-05,90842,3117835,44463,1575360,46088,1542095,291,380,55511,1013493,0.124675,35061,1065744,0.131103,58031,2079237,0.255779,8129050
3,2021-03-06,65407,3183242,33166,1608526,30080,1572175,2161,2541,37552,1026970,0.126333,27699,1093443,0.134511,41176,2120413,0.260844,8129050
3,2021-03-07,39168,3222410,22628,1631154,14646,1586821,1894,4435,22022,1034989,0.12732,17068,1110511,0.13661,25087,2145500,0.26393,8129050
3,2021-03-08,59949,3282359,28589,1659743,28357,1615178,3003,7438,37943,1055636,0.12986,21837,1132348,0.139296,42484,2187984,0.269156,8129050
3,2021-03-09,77203,3359562,35653,1695396,37097,1652275,4453,11891,41509,1067214,0.131284,35542,1167890,0.143669,47120,2235104,0.274953,8129050
3,2021-03-10,83077,3442639,41377,1736773,35613,1687888,6087,17978,43440,1078724,0.1327,39407,1207297,0.148516,50917,2286021,0.281216,8129050
3,2021-03-11,97475,3540114,47630,1784403,41227,1729115,8618,26596,47787,1086797,0.133693,49404,1256701,0.154594,57477,2343498,0.288287,8129050
3,2021-03-12,102185,3642299,45522,1829925,44765,1773880,11898,38494,46832,1091554,0.134278,55108,1311809,0.161373,59865,2403363,0.295651,8129050
3,2021-03-13,70674,3712973,29728,1859653,33674,1807554,7272,45766,37380,1104393,0.135858,33161,1344970,0.165452,46000,2449363,0.30131,8129050
3,2021-03-14,41391,3754364,21614,1881267,16210,1823764,3567,49333,20835,1108956,0.136419,20466,1365436,0.16797,25029,2474392,0.304389,8129050
3,2021-03-15,75905,3830269,35972,1917239,35371,1859135,4562,53895,39975,1118793,0.137629,35694,1401130,0.172361,45531,2519923,0.30999,8129050
3,2021-03-16,95221,3925490,43871,1961110,47010,1906145,4340,58235,53523,1136128,0.139761,41442,1442572,0.177459,58777,2578700,0.31722,8129050
3,2021-03-17,98440,4023930,47783,2008893,46112,1952257,4545,62780,59746,1162642,0.143023,38438,1481010,0.182187,64952,2643652,0.32521,8129050
3,2021-03-18,103839,4127769,52784,2061677,46526,1998783,4529,67309,59580,1183342,0.14557,43950,1524960,0.187594,64650,2708302,0.333163,8129050
3,2021-03-19,103405,4231174,55450,2117127,43492,2042275,4463,71772,57546,1200332,0.14766,45570,1570530,0.1932,62560,2770862,0.340859,8129050
3,2021-03-20,72095,4303269,37165,2154292,31270,2073545,3660,75432,44466,1221529,0.150267,27429,1597959,0.196574,48626,2819488,0.346841,8129050
3,2021-03-21,36385,4339654,24735,2179027,10144,2083689,1506,76938,21897,1231032,0.151436,14377,1612336,0.198342,23880,2843368,0.349779,8129050
3,2021-03-22,70695,4410349,41566,2220593,26605,2110294,2524,79462,45170,1254461,0.154318,25282,1637618,0.201453,48711,2892079,0.355771,8129050
3,2021-03-23,89861,4500210,49720,2270313,37603,2147897,2538,82000,55198,1278506,0.157276,34394,1672012,0.205684,58439,2950518,0.36296,8129050
3,2021-03-24,98773,4598983,56863,2327176,38985,2186882,2925,84925,56225,1296079,0.159438,42180,1714192,0.210872,59753,3010271,0.37031,8129050
3,2021-03-25,107394,4706377,59649,2386825,44778,2231660,2967,87892,60544,1313737,0.16161,46498,1760690,0.216592,64156,3074427,0.378202,8129050
3,2021-03-26,110710,4817087,59421,2446246,47956,2279616,3333,91225,57036,1321620,0.16258,53327,1814017,0.223152,61210,3135637,0.385732,8129050
3,2021-03-27,74678,4891765,37975,2484221,34155,2313771,2548,93773,36092,1322586,0.162699,38349,1852366,0.22787,39315,3174952,0.390569,8129050
3,2021-03-28,44382,4936147,27972,2512193,15597,2329368,813,94586,22350,1324477,0.162931,21911,1874277,0.230565,23802,3198754,0.393497,8129050
3,2021-03-29,80694,5016841,42118,2554311,36720,2366088,1856,96442,44230,1335181,0.164248,36196,1910473,0.235018,46900,3245654,0.399266,8129050
3,2021-03-30,100337,5117178,49298,2603609,47402,2413490,3637,100079,56304,1351952,0.166311,43770,1954243,0.240402,60541,3306195,0.406714,8129050
3,2021-03-31,105124,5222302,56696,2660305,43573,2457063,4855,104934,56195,1364647,0.167873,48682,2002925,0.246391,61377,3367572,0.414264,8129050
3,2021-04-01,123733,5346035,62540,2722845,51442,2508505,9751,114685,66747,1384876,0.170361,56570,2059495,0.25335,76799,3444371,0.423711,8129050
3,2021-04-02,118013,5464048,57557,2780402,50105,2558610,10351,125036,62237,1402472,0.172526,55470,2114965,0.260174,73066,3517437,0.4327,8129050
3,2021-04-03,76174,5540222,38971,2819373,27959,2586569,9244,134280,37893,1411786,0.173672,38125,2153090,0.264864,47439,3564876,0.438535,8129050
3,2021-04-04,32432,5572654,17347,2836720,10871,2597440,4214,138494,14152,1411973,0.173695,18201,2171291,0.267103,18388,3583264,0.440797,8129050
3,2021-04-05,89579,5662233,45499,2882219,34847,2632287,9233,147727,43574,1419830,0.174661,45767,2217058,0.272733,53624,3636888,0.447394,8129050
3,2021-04-06,113586,5775819,55260,2937479,43109,2675396,15217,162944,53364,1429169,0.17581,59937,2276995,0.280106,69276,3706164,0.455916,8129050
3,2021-04-07,116394,5892213,60191,2997670,39876,2715272,16327,179271,56237,1442109,0.177402,59883,2336878,0.287472,72823,3778987,0.464874,8129050
3,2021-04-08,121522,6013735,60488,3058158,40851,2756123,20183,199454,56244,1454337,0.178906,64961,2401839,0.295464,77189,3856176,0.47437,8129050
3,2021-04-09,118583,6132318,59110,3117268,40295,2796418,19178,218632,52041,1460166,0.179623,66280,2468119,0.303617,72109,3928285,0.48324,8129050
3,2021-04-10,84484,6216802,37888,3155156,31320,2827738,15276,233908,34303,1460565,0.179672,49991,2518110,0.309767,50390,3978675,0.489439,8129050
3,2021-04-11,45354,6262156,24295,3179451,13043,2840781,8016,241924,17199,1458547,0.179424,28062,2546172,0.313219,26044,4004719,0.492643,8129050
3,2021-04-12,84082,6346238,42469,3221920,32785,2873566,8828,250752,37987,1460596,0.179676,45851,2592023,0.318859,47900,4052619,0.498535,8129050
3,2021-04-13,105595,6451833,57185,3279105,48200,2921766,210,250962,55655,1467655,0.180544,49691,2641714,0.324972,56750,4109369,0.505517,8129050
3,2021-04-14,107724,6559557,58900,3338005,48725,2970491,99,251061,53601,1468969,0.180706,53822,2695536,0.331593,55136,4164505,0.512299,8129050
3,2021-04-15,119726,6679283,67395,3405400,52255,3022746,76,251137,64066,1478586,0.181889,55333,2750869,0.3384,64950,4229455,0.520289,8129050
3,2021-04-16,115753,6795036,64912,3470312,50747,3073493,94,251231,60404,1484717,0.182643,55034,2805903,0.34517,61165,4290620,0.527813,8129050
3,2021-04-17,79635,6874671,43390,3513702,36232,3109725,13,251244,44354,1495001,0.183908,35052,2840955,0.349482,45336,4335956,0.53339,8129050
3,2021-04-18,38792,6913463,23394,3537096,15393,3125118,5,251249,18217,1493640,0.183741,20457,2861412,0.351998,19096,4355052,0.535739,8129050
3,2021-04-19,79412,6992875,44229,3581325,35128,3160246,55,251304,35892,1486779,0.182897,43315,2904727,0.357327,36454,4391506,0.540224,8129050
3,2021-04-20,101161,7094036,53275,3634600,47868,3208114,18,251322,49137,1485195,0.182702,51764,2956491,0.363695,50180,4441686,0.546397,8129050
3,2021-04-21,105897,7199933,59456,3694056,46371,3254485,70,251392,50065,1480954,0.18218,55462,3011953,0.370517,51221,4492907,0.552698,8129050
3,2021-04-22,111920,7311853,62892,3756948,49003,3303488,25,251417,48197,1466762,0.180435,63372,3075325,0.378313,49180,4542087,0.558748,8129050
3,2021-04-23,106259,7418112,60779,3817727,45452,3348940,28,251445,46671,1455239,0.179017,59231,3134556,0.385599,47708,4589795,0.564616,8129050
3,2021-04-24,73652,7491764,45485,3863212,28102,3377042,65,251510,35886,1454688,0.178949,37494,3172050,0.390212,36943,4626738,0.569161,8129050
3,2021-04-25,36769,7528533,23473,3886685,13279,3390321,17,251527,18771,1456029,0.179114,17853,3189903,0.392408,19194,4645932,0.571522,8129050
3,2021-04-26,73865,7602398,41763,3928448,31693,3422014,409,251936,31551,1447292,0.17804,42040,3231943,0.397579,33303,4679235,0.575619,8129050
3,2021-04-27,90961,7693359,47729,3976177,41492,3463506,1740,253676,36133,1431412,0.176086,54519,3286462,0.404286,38639,4717874,0.580372,8129050
3,2021-04-28,86587,7779946,49179,4025356,35273,3498779,2135,255811,35410,1418600,0.17451,50884,3337346,0.410546,38072,4755946,0.585056,8129050
3,2021-04-29,88652,7868598,50667,4076023,35779,3534558,2206,258017,31651,1396276,0.171764,56668,3394014,0.417517,34344,4790290,0.58928,8129050
3,2021-04-30,90381,7958979,50998,4127021,36904,3571462,2479,260496,33707,1376594,0.169343,56335,3450349,0.424447,36653,4826943,0.593789,8129050
3,2021-05-01,55099,8014078,34574,4161595,19066,3590528,1459,261955,19860,1363417,0.167722,34986,3485335,0.428751,21809,4848752,0.596472,8129050
3,2021-05-02,26874,8040952,18341,4179936,7518,3598046,1015,262970,9859,1357476,0.166991,16911,3502246,0.430831,10970,4859722,0.597822,8129050
3,2021-05-03,59316,8100268,34653,4214589,22293,3620339,2370,265340,17410,1335741,0.164317,41692,3543938,0.43596,19957,4879679,0.600277,8129050
3,2021-05-04,77310,8177578,44685,4259274,29946,3650285,2679,268019,22502,1306687,0.160743,54518,3598456,0.442666,25464,4905143,0.603409,8129050
3,2021-05-05,78755,8256333,47321,4306595,28736,3679021,2698,270717,21882,1275000,0.156845,56550,3655006,0.449623,24863,4930006,0.606468,8129050
3,2021-05-06,82837,8339170,52335,4358930,27979,3707000,2523,273240,20614,1236930,0.152162,61755,3716761,0.45722,23685,4953691,0.609381,8129050
3,2021-05-07,82154,8421324,51193,4410123,28344,3735344,2617,275857,21845,1201719,0.14783,59966,3776727,0.464596,24755,4978446,0.612427,8129050
3,2021-05-08,52287,8473611,32389,4442512,18190,3753534,1708,277565,13869,1179397,0.145084,38161,3814888,0.469291,15839,4994285,0.614375,8129050
3,2021-05-09,20894,8494505,15298,4457810,4810,3758344,786,278351,5515,1170476,0.143987,15288,3830176,0.471171,6367,5000652,0.615158,8129050
3,2021-05-10,47872,8542377,25662,4483472,20309,3778653,1901,280252,11119,1147203,0.141124,36556,3866732,0.475668,13283,5013935,0.616792,8129050
3,2021-05-11,63643,8606020,35567,4519039,25858,3804511,2218,282470,16092,1118667,0.137613,47312,3914044,0.481488,18776,5032711,0.619102,8129050
3,2021-05-12,64589,8670609,37120,4556159,25077,3829588,2392,284862,16538,1090094,0.134099,47802,3961846,0.487369,19229,5051940,0.621467,8129050
3,2021-05-13,75060,8745669,47324,4603483,25831,3855419,1905,286767,27471,1072727,0.131962,47352,4009198,0.493194,29985,5081925,0.625156,8129050
3,2021-05-14,80020,8825689,50567,4654050,27327,3882746,2126,288893,31012,1057740,0.130119,48723,4057921,0.499188,33736,5115661,0.629306,8129050
3,2021-05-15,61843,8887532,42686,4696736,17953,3900699,1204,290097,25605,1048724,0.129009,36041,4093962,0.503621,27025,5142686,0.632631,8129050
3,2021-05-16,33061,8920593,24703,4721439,7667,3908366,691,290788,13364,1043285,0.12834,19581,4113543,0.50603,14142,5156828,0.63437,8129050
3,2021-05-17,56758,8977351,36168,4757607,18757,3927123,1833,292621,20945,1030720,0.126795,35547,4149090,0.510403,22982,5179810,0.637197,8129050
3,2021-05-18,64354,9041705,38008,4795615,24493,3951616,1853,294474,24243,1017367,0.125152,39843,4188933,0.515304,26490,5206300,0.640456,8129050
3,2021-05-19,63780,9105485,38781,4834396,23259,3974875,1740,296214,24743,1005336,0.123672,38787,4227720,0.520076,26756,5233056,0.643748,8129050
3,2021-05-20,61341,9166826,35826,4870222,23681,3998556,1834,298048,22004,990459,0.121842,39062,4266782,0.524881,24185,5257241,0.646723,8129050
3,2021-05-21,65722,9232548,39929,4910151,23697,4022253,2096,300144,23507,974451,0.119873,41912,4308694,0.530037,25904,5283145,0.649909,8129050
3,2021-05-22,45556,9278104,30224,4940375,13867,4036120,1465,301609,19092,969002,0.119202,26263,4334957,0.533267,20814,5303959,0.65247,8129050
3,2021-05-23,21706,9299810,15025,4955400,6032,4042152,649,302258,9201,966543,0.1189,12420,4347377,0.534795,9961,5313920,0.653695,8129050
3,2021-05-24,39443,9339253,23061,4978461,14625,4056777,1757,304015,14681,958612,0.117924,24574,4371951,0.537818,16643,5330563,0.655742,8129050
3,2021-05-25,42619,9381872,24006,5002467,16945,4073722,1668,305683,15182,948507,0.116681,27180,4399131,0.541162,17075,5347638,0.657843,8129050
3,2021-05-26,42305,9424177,24223,5026690,16364,4090086,1718,307401,15868,940080,0.115645,26146,4425277,0.544378,17719,5365357,0.660023,8129050
3,2021-05-27,39288,9463465,22045,5048735,15496,4105582,1747,309148,15448,933832,0.114876,23682,4448959,0.547291,17434,5382791,0.662167,8129050
3,2021-05-28,42651,9506116,24095,5072830,16762,4122344,1794,310942,17733,928965,0.114277,24716,4473675,0.550332,19849,5402640,0.664609,8129050
3,2021-05-29,23423,9529539,14313,5087143,8273,4130617,837,311779,11000,928634,0.114236,12293,4485968,0.551844,11962,5414602,0.666081,8129050
3,2021-05-30,10577,9540116,6854,5093997,3086,4133703,637,312416,4458,927724,0.114125,6045,4492013,0.552588,5135,5419737,0.666712,8129050
3,2021-05-31,4616,9544732,2665,5096662,1687,4135390,264,312680,1452,926341,0.113954,3128,4495141,0.552972,1745,5421482,0.666927,8129050
3,2021-06-01,37607,9582339,21664,5118326,14510,4149900,1433,314113,13177,916939,0.112798,24206,4519347,0.55595,14804,5436286,0.668748,8129050
3,2021-06-02,31415,9613754,18061,5136387,11948,4161848,1406,315519,11655,910572,0.112015,19556,4538903,0.558356,13189,5449475,0.67037,8129050
3,2021-06-03,39515,9653269,27045,5163432,11037,4172885,1433,316952,11446,895783,0.110195,27890,4566793,0.561787,13101,5462576,0.671982,8129050
3,2021-06-04,46067,9699336,32588,5196020,11937,4184822,1542,318494,13136,878160,0.108027,32701,4599494,0.56581,15078,5477654,0.673837,8129050
3,2021-06-05,34272,9733608,25852,5221872,7234,4192056,1186,319680,8747,862956,0.106157,25320,4624814,0.568924,10116,5487770,0.675081,8129050
3,2021-06-06,14591,9748199,12176,5234048,1834,4193890,581,320261,3754,856673,0.105384,10779,4635593,0.57025,4496,5492266,0.675634,8129050
3,2021-06-07,30342,9778541,22059,5256107,7002,4200892,1281,321542,8719,845312,0.103987,21481,4657074,0.572893,10120,5502386,0.676879,8129050
3,2021-06-08,34229,9812770,24588,5280695,8354,4209246,1287,322829,9953,832698,0.102435,24065,4681139,0.575853,11451,5513837,0.678288,8129050
3,2021-06-09,32904,9845674,23878,5304573,7729,4216975,1297,324126,8859,819140,0.100767,23870,4705009,0.57879,10312,5524149,0.679557,8129050
3,2021-06-10,32414,9878088,23385,5327958,7506,4224481,1523,325649,9050,806696,0.099236,23215,4728224,0.581645,10771,5534920,0.680882,8129050
3,2021-06-11,35456,9913544,25083,5353041,9013,4233494,1360,327009,10585,794138,0.097691,24678,4752902,0.584681,12120,5547040,0.682372,8129050
3,2021-06-12,25087,9938631,18914,5371955,5283,4238777,890,327899,6691,783589,0.096394,18281,4771183,0.58693,7732,5554772,0.683324,8129050
3,2021-06-13,10119,9948750,7570,5379525,2059,4240836,490,328389,2359,778802,0.095805,7706,4778889,0.587878,2919,5557691,0.683683,8129050
3,2021-06-14,25745,9974495,18436,5397961,5895,4246731,1414,329803,8087,770914,0.094834,17528,4796417,0.590034,9640,5567331,0.684869,8129050
3,2021-06-15,28653,10003148,19399,5417360,7754,4254485,1500,331303,9649,763446,0.093916,18784,4815201,0.592345,11316,5578647,0.686261,8129050
3,2021-06-16,25792,10028940,18305,5435665,6077,4260562,1410,332713,8701,756800,0.093098,16912,4832113,0.594425,10266,5588913,0.687524,8129050
3,2021-06-17,24773,10053713,17749,5453414,5740,4266302,1284,333997,8604,750806,0.092361,16017,4848130,0.596396,10023,5598936,0.688756,8129050
3,2021-06-18,27883,10081596,19686,5473100,6632,4272934,1565,335562,9788,744450,0.091579,17874,4866004,0.598594,11518,5610454,0.690173,8129050
3,2021-06-19,15929,10097525,11704,5484804,3377,4276311,848,336410,5701,741003,0.091155,10103,4876107,0.599837,6656,5617110,0.690992,8129050
3,2021-06-20,6841,10104366,5134,5489938,1409,4277720,298,336708,2593,739751,0.091001,4196,4880303,0.600353,2944,5620054,0.691354,8129050
3,2021-06-21,16139,10120505,10200,5500138,4553,4282273,1386,338094,8044,741294,0.091191,8007,4888310,0.601338,9550,5629604,0.692529,8129050
3,2021-06-22,22015,10142520,15443,5515581,5283,4287556,1289,339383,8255,737346,0.090705,13645,4901955,0.603017,9697,5639301,0.693722,8129050
3,2021-06-23,20153,10162673,14150,5529731,4692,4292248,1311,340694,7994,734741,0.090385,12049,4914004,0.604499,9444,5648745,0.694884,8129050
3,2021-06-24,19862,10182535,13835,5543566,4591,4296839,1436,342130,7756,732107,0.090061,11937,4925941,0.605968,9303,5658048,0.696028,8129050
3,2021-06-25,23192,10205727,16451,5560017,5319,4302158,1422,343552,9065,728721,0.089644,13999,4939940,0.60769,10613,5668661,0.697334,8129050
3,2021-06-26,13781,10219508,10225,5570242,2785,4304943,771,344323,5735,727400,0.089482,7980,4947920,0.608671,6659,5675320,0.698153,8129050
3,2021-06-27,6667,10226175,5146,5575388,1212,4306155,309,344632,2847,726801,0.089408,3786,4951706,0.609137,3187,5678507,0.698545,8129050
3,2021-06-28,15808,10241983,12143,5587531,2594,4308749,1071,345703,6670,725612,0.089262,9029,4960735,0.610248,7840,5686347,0.699509,8129050
3,2021-06-29,17875,10259858,12606,5600137,4286,4313035,983,346686,7332,723632,0.089018,10427,4971162,0.61153,8447,5694794,0.700549,8129050
3,2021-06-30,16810,10276668,11908,5612045,3869,4316904,1033,347719,7206,722535,0.088883,9480,4980642,0.612697,8383,5703177,0.70158,8129050
3,2021-07-01,16092,10292760,11480,5623525,3557,4320461,1055,348774,6761,721214,0.088721,9237,4989879,0.613833,7916,5711093,0.702554,8129050
3,2021-07-02,18260,10311020,12990,5636515,4174,4324635,1096,349870,7775,719810,0.088548,10377,5000256,0.61511,8973,5720066,0.703657,8129050
3,2021-07-03,9952,10320972,7204,5643719,2323,4326958,425,350295,4263,718975,0.088445,5626,5005882,0.615802,4791,5724857,0.704247,8129050
3,2021-07-04,701,10321673,406,5644125,208,4327166,87,350382,266,718915,0.088438,429,5006311,0.615854,369,5725226,0.704292,8129050
3,2021-07-05,9465,10331138,6926,5651051,2118,4329284,421,350803,4285,718567,0.088395,5116,5011427,0.616484,4768,5729994,0.704879,8129050
3,2021-07-06,18818,10349956,13655,5664706,4059,4333343,1104,351907,6813,714734,0.087923,11869,5023296,0.617944,8036,5738030,0.705867,8129050
3,2021-07-07,15514,10365470,11003,5675709,3407,4336750,1104,353011,6267,713062,0.087718,9148,5032444,0.619069,7476,5745506,0.706787,8129050
3,2021-07-08,15006,10380476,10903,5686612,3220,4339970,883,353894,6134,711382,0.087511,8782,5041226,0.620149,7102,5752608,0.707661,8129050
3,2021-07-09,17172,10397648,12060,5698672,4050,4344020,1062,354956,7143,709773,0.087313,9922,5051148,0.62137,8313,5760921,0.708683,8129050
3,2021-07-10,10542,10408190,7828,5706500,2157,4346177,557,355513,4532,709005,0.087219,5945,5057093,0.622101,5177,5766098,0.70932,8129050
3,2021-07-11,5051,10413241,3733,5710233,1045,4347222,273,355786,2293,708866,0.087202,2725,5059818,0.622437,2586,5768684,0.709638,8129050
3,2021-07-12,14058,10427299,10349,5720582,2855,4350077,854,356640,5679,707174,0.086993,8305,5068123,0.623458,6613,5775297,0.710452,8129050
3,2021-07-13,14824,10442123,10550,5731132,3499,4353576,775,357415,6558,706417,0.0869,8170,5076293,0.624463,7413,5782710,0.711364,8129050
3,2021-07-14,13992,10456115,10043,5741175,3206,4356782,743,358158,6308,705940,0.086842,7592,5083885,0.625397,7115,5789825,0.712239,8129050
3,2021-07-15,12965,10469080,9716,5750891,2627,4359409,622,358780,5967,705685,0.08681,6915,5090800,0.626248,6660,5796485,0.713058,8129050
3,2021-07-16,15070,10484150,11266,5762157,3105,4362514,699,359479,7224,705914,0.086838,7768,5098568,0.627203,7997,5804482,0.714042,8129050
3,2021-07-17,5767,10489917,4218,5766375,1219,4363733,330,359809,2683,705937,0.086841,3041,5101609,0.627578,3064,5807546,0.714419,8129050
4,2020-12-15,457,457,457,457,0,0,0,0,457,457,5.7e-05,0,0,0.0,457,457,5.7e-05,8037679
4,2020-12-16,3042,3499,3042,3499,0,0,0,0,3042,3499,0.000435,0,0,0.0,3042,3499,0.000435,8037679
4,2020-12-17,8956,12455,8956,12455,0,0,0,0,8956,12455,0.00155,0,0,0.0,8956,12455,0.00155,8037679
4,2020-12-18,16220,28675,16208,28663,12,12,0,0,16220,28675,0.003568,0,0,0.0,16220,28675,0.003568,8037679
4,2020-12-19,10395,39070,10386,39049,9,21,0,0,10330,39005,0.004853,0,0,0.0,10330,39005,0.004853,8037679
4,2020-12-20,7422,46492,7415,46464,7,28,0,0,7377,46382,0.005771,0,0,0.0,7377,46382,0.005771,8037679
4,2020-12-21,16408,62900,16382,62846,26,54,0,0,16341,62722,0.007803,1,1,0.0,16341,62723,0.007804,8037679
4,2020-12-22,17237,80137,16486,79332,751,805,0,0,17191,79910,0.009942,3,4,0.0,17191,79914,0.009942,8037679
4,2020-12-23,17145,97282,14418,93750,2727,3532,0,0,17123,97031,0.012072,2,6,1e-06,17123,97037,0.012073,8037679
4,2020-12-24,8564,105846,5977,99727,2587,6119,0,0,8564,105595,0.013137,0,6,1e-06,8564,105601,0.013138,8037679
4,2020-12-25,905,106751,800,100527,105,6224,0,0,905,106500,0.01325,0,6,1e-06,905,106506,0.013251,8037679
4,2020-12-26,6187,112938,3907,104434,2280,8504,0,0,6187,112687,0.01402,0,6,1e-06,6187,112693,0.014021,8037679
4,2020-12-27,3429,116367,1995,106429,1434,9938,0,0,3429,116116,0.014446,0,6,1e-06,3429,116122,0.014447,8037679
4,2020-12-28,15155,131522,9373,115802,5782,15720,0,0,15126,131239,0.016328,3,9,1e-06,15126,131248,0.016329,8037679
4,2020-12-29,15429,146951,8537,124339,6892,22612,0,0,15395,146634,0.018243,0,9,1e-06,15395,146643,0.018244,8037679
4,2020-12-30,18987,165938,11081,135420,7906,30518,0,0,18976,165608,0.020604,2,11,1e-06,18976,165619,0.020605,8037679
4,2020-12-31,8310,174248,3366,138786,4944,35462,0,0,8298,173897,0.021635,9,20,2e-06,8298,173917,0.021638,8037679
4,2021-01-01,1608,175856,726,139512,882,36344,0,0,1604,175498,0.021834,3,23,3e-06,1604,175521,0.021837,8037679
4,2021-01-02,5742,181598,3246,142758,2496,38840,0,0,5740,181237,0.022548,1,24,3e-06,5740,181261,0.022551,8037679
4,2021-01-03,2152,183750,1275,144033,877,39717,0,0,2136,183369,0.022814,4,28,3e-06,2136,183397,0.022817,8037679
4,2021-01-04,12982,196732,7026,151059,5956,45673,0,0,12933,196273,0.024419,29,57,7e-06,12933,196330,0.024426,8037679
4,2021-01-05,16962,213694,10046,161105,6916,52589,0,0,14748,208849,0.025984,2185,2242,0.000279,14761,211091,0.026263,8037679
4,2021-01-06,21664,235358,13276,174381,8388,60977,0,0,15549,218347,0.027165,6065,8307,0.001034,15563,226654,0.028199,8037679
4,2021-01-07,28046,263404,17096,191477,10950,71927,0,0,16747,223876,0.027853,11239,19546,0.002432,16768,243422,0.030285,8037679
4,2021-01-08,32970,296374,21173,212650,11797,83724,0,0,18365,227723,0.028332,14538,34084,0.004241,18385,261807,0.032572,8037679
4,2021-01-09,16338,312712,9678,222328,6660,90384,0,0,9480,230369,0.028661,6846,40930,0.005092,9492,271299,0.033753,8037679
4,2021-01-10,8790,321502,5677,228005,3113,93497,0,0,4169,229936,0.028607,4610,45540,0.005666,4177,275476,0.034273,8037679
4,2021-01-11,33516,355018,21988,249993,11528,105025,0,0,18887,234269,0.029146,14600,60140,0.007482,18933,294409,0.036629,8037679
4,2021-01-12,38684,393702,22323,272316,16361,121386,0,0,24337,244364,0.030402,14283,74423,0.009259,24378,318787,0.039662,8037679
4,2021-01-13,38967,432669,19293,291609,19674,141060,0,0,27570,260603,0.032423,11358,85781,0.010672,27597,346384,0.043095,8037679
4,2021-01-14,39450,472119,15172,306781,24278,165338,0,0,32256,285730,0.035549,7158,92939,0.011563,32285,378669,0.047112,8037679
4,2021-01-15,45654,517773,15994,322775,29660,194998,0,0,39990,320134,0.039829,5612,98551,0.012261,40016,418685,0.05209,8037679
4,2021-01-16,28859,546632,9434,332209,19425,214423,0,0,25706,342735,0.042641,3123,101674,0.01265,25724,444409,0.055291,8037679
4,2021-01-17,19170,565802,6753,338962,12417,226840,0,0,17636,358873,0.044649,1512,103186,0.012838,17650,462059,0.057487,8037679
4,2021-01-18,29539,595341,13675,352637,15864,242704,0,0,23543,376513,0.046843,5929,109115,0.013575,23569,485628,0.060419,8037679
4,2021-01-19,46239,641580,23112,375749,23127,265831,0,0,36832,404061,0.050271,9359,118474,0.01474,36907,522535,0.065011,8037679
4,2021-01-20,52761,694341,28247,403996,24514,290345,0,0,42174,435806,0.05422,10489,128963,0.016045,42234,564769,0.070265,8037679
4,2021-01-21,57979,752320,26149,430145,31830,322175,0,0,51177,480307,0.059757,6720,135683,0.016881,51221,615990,0.076638,8037679
4,2021-01-22,55548,807868,22323,452468,33225,355400,0,0,50364,525586,0.06539,5112,140795,0.017517,50391,666381,0.082907,8037679
4,2021-01-23,39745,847613,17452,469920,22293,377693,0,0,35383,556648,0.069255,4352,145147,0.018058,35414,701795,0.087313,8037679
4,2021-01-24,24067,871680,10521,480441,13546,391239,0,0,22156,576921,0.071777,1901,147048,0.018295,22174,723969,0.090072,8037679
4,2021-01-25,48120,919800,22269,502710,25851,417090,0,0,36957,602803,0.074997,11132,158180,0.01968,37014,760983,0.094677,8037679
4,2021-01-26,57123,976923,29143,531853,27980,445070,0,0,44788,635354,0.079047,12299,170479,0.02121,44850,805833,0.100257,8037679
4,2021-01-27,56440,1033363,26869,558722,29571,474641,0,0,45329,669703,0.08332,11032,181511,0.022583,45381,851214,0.105903,8037679
4,2021-01-28,56893,1090256,25735,584457,31158,505799,0,0,46822,706598,0.087911,9973,191484,0.023823,46868,898082,0.111734,8037679
4,2021-01-29,56796,1147052,27260,611717,29536,535335,0,0,46300,742637,0.092394,10297,201781,0.025104,46336,944418,0.117499,8037679
4,2021-01-30,38224,1185276,17280,628997,20944,556279,0,0,32833,770162,0.095819,5334,207115,0.025768,32859,977277,0.121587,8037679
4,2021-01-31,24063,1209339,12693,641690,11370,567649,0,0,22346,790829,0.09839,1697,208812,0.025979,22364,999641,0.124369,8037679
4,2021-02-01,49884,1259223,24040,665730,25844,593493,0,0,38160,817363,0.101691,11668,220480,0.027431,38202,1037843,0.129122,8037679
4,2021-02-02,55756,1314979,25634,691364,30122,623615,0,0,42791,847310,0.105417,12887,233367,0.029034,42834,1080677,0.134451,8037679
4,2021-02-03,62420,1377399,30668,722032,31752,655367,0,0,47845,880784,0.109582,14424,247791,0.030829,47898,1128575,0.140411,8037679
4,2021-02-04,67832,1445231,31461,753493,36371,691738,0,0,50932,915100,0.113851,16724,264515,0.032909,51040,1179615,0.146761,8037679
4,2021-02-05,73642,1518873,34154,787647,39488,731226,0,0,51109,944094,0.117459,22249,286764,0.035677,51243,1230858,0.153136,8037679
4,2021-02-06,48929,1567802,26330,813977,22599,753825,0,0,37285,970006,0.120682,11574,298338,0.037117,37486,1268344,0.1578,8037679
4,2021-02-07,26650,1594452,17632,831609,9018,762843,0,0,20123,983873,0.122408,6493,304831,0.037925,20360,1288704,0.160333,8037679
4,2021-02-08,58991,1653443,30458,862067,28533,791376,0,0,38365,1002014,0.124665,20485,325316,0.040474,38626,1327330,0.165138,8037679
4,2021-02-09,67679,1721122,34326,896393,33353,824729,0,0,39692,1014321,0.126196,27795,353111,0.043932,40102,1367432,0.170128,8037679
4,2021-02-10,77793,1798915,38942,935335,38851,863580,0,0,40847,1019019,0.12678,36694,389805,0.048497,41392,1408824,0.175277,8037679
4,2021-02-11,81913,1880828,42845,978180,39068,902648,0,0,41626,1021308,0.127065,40009,429814,0.053475,42298,1451122,0.18054,8037679
4,2021-02-12,84994,1965822,38133,1016313,46861,949509,0,0,43635,1024658,0.127482,41074,470888,0.058585,44424,1495546,0.186067,8037679
4,2021-02-13,59230,2025052,30023,1046336,29207,978716,0,0,30150,1026771,0.127745,28938,499826,0.062185,31051,1526597,0.18993,8037679
4,2021-02-14,37094,2062146,19293,1065629,17801,996517,0,0,18975,1028343,0.12794,18060,517886,0.064432,19632,1546229,0.192373,8037679
4,2021-02-15,46497,2108643,21810,1087439,24687,1021204,0,0,23808,1030733,0.128238,22601,540487,0.067244,24991,1571220,0.195482,8037679
4,2021-02-16,80739,2189382,37077,1124516,43662,1064866,0,0,41003,1033362,0.128565,39592,580079,0.07217,42221,1613441,0.200735,8037679
4,2021-02-17,82037,2271419,38806,1163322,43231,1108097,0,0,38989,1030639,0.128226,42837,622916,0.077499,40114,1653555,0.205725,8037679
4,2021-02-18,83955,2355374,46237,1209559,37718,1145815,0,0,38749,1025860,0.127631,45009,667925,0.083099,40230,1693785,0.210731,8037679
4,2021-02-19,83367,2438741,52376,1261935,30991,1176806,0,0,41588,1026539,0.127716,41600,709525,0.088275,42279,1736064,0.215991,8037679
4,2021-02-20,49886,2488627,33226,1295161,16660,1193466,0,0,26994,1031422,0.128323,22805,732330,0.091112,27688,1763752,0.219435,8037679
4,2021-02-21,30224,2518851,24051,1319212,6173,1199639,0,0,14610,1030791,0.128245,15526,747856,0.093044,14895,1778647,0.221289,8037679
4,2021-02-22,55437,2574288,38098,1357310,17339,1216978,0,0,26648,1029258,0.128054,28631,776487,0.096606,27098,1805745,0.22466,8037679
4,2021-02-23,76634,2650922,42432,1399742,34202,1251180,0,0,33498,1021502,0.127089,42926,819413,0.101946,35170,1840915,0.229036,8037679
4,2021-02-24,91817,2742739,48500,1448242,43317,1294497,0,0,41214,1014539,0.126223,50332,869745,0.108208,43369,1884284,0.234431,8037679
4,2021-02-25,103384,2846123,54074,1502316,49310,1343807,0,0,49230,1012400,0.125957,53924,923669,0.114917,51785,1936069,0.240874,8037679
4,2021-02-26,109580,2955703,55407,1557723,54173,1397980,0,0,55923,1017330,0.12657,53351,977020,0.121555,58281,1994350,0.248125,8037679
4,2021-02-27,79675,3035378,43416,1601139,36249,1434229,10,10,42446,1024262,0.127433,37011,1014031,0.12616,43943,2038293,0.253592,8037679
4,2021-02-28,49140,3084518,30330,1631469,18803,1453032,7,17,27095,1030396,0.128196,21854,1035885,0.128879,27988,2066281,0.257074,8037679
4,2021-03-01,78923,3163441,46280,1677749,32598,1485630,45,62,43426,1039884,0.129376,35176,1071061,0.133255,44664,2110945,0.262631,8037679
4,2021-03-02,86465,3249906,49696,1727445,36760,1522390,9,71,50630,1056671,0.131465,35640,1106701,0.137689,52427,2163372,0.269154,8037679
4,2021-03-03,100799,3350705,53639,1781084,47144,1569534,16,87,56301,1070481,0.133183,44276,1150977,0.143198,58086,2221458,0.276381,8037679
4,2021-03-04,98319,3449024,54537,1835621,43764,1613298,18,105,53781,1081761,0.134586,44294,1195271,0.148708,55574,2277032,0.283295,8037679
4,2021-03-05,95803,3544827,51793,1887414,43691,1656989,319,424,56545,1101531,0.137046,39031,1234302,0.153564,58801,2335833,0.29061,8037679
4,2021-03-06,76733,3621560,43241,1930655,30851,1687840,2641,3065,47111,1123133,0.139733,29485,1263787,0.157233,51087,2386920,0.296966,8037679
4,2021-03-07,44857,3666417,27552,1958207,15112,1702952,2193,5258,26068,1133785,0.141059,18702,1282489,0.15956,29354,2416274,0.300618,8037679
4,2021-03-08,67971,3734388,35591,1993798,29008,1731960,3372,8630,44664,1159980,0.144318,23168,1305657,0.162442,49363,2465637,0.30676,8037679
4,2021-03-09,81979,3816367,41394,2035192,35331,1767291,5254,13884,44238,1173009,0.145939,37549,1343206,0.167114,50578,2516215,0.313052,8037679
4,2021-03-10,91550,3907917,47213,2082405,36851,1804142,7486,21370,46200,1182479,0.147117,45142,1388348,0.17273,54612,2570827,0.319847,8037679
4,2021-03-11,101100,4009017,53044,2135449,39593,1843735,8463,29833,46656,1184495,0.147368,54180,1442528,0.179471,56196,2627023,0.326839,8037679
4,2021-03-12,104831,4113848,51657,2187106,42862,1886597,10312,40145,44756,1180699,0.146896,59778,1502306,0.186908,55982,2683005,0.333803,8037679
4,2021-03-13,81810,4195658,37912,2225018,35444,1922041,8454,48599,38646,1185871,0.147539,43019,1545325,0.19226,48191,2731196,0.339799,8037679
4,2021-03-14,50014,4245672,28471,2253489,17895,1939936,3648,52247,23322,1186861,0.147662,26591,1571916,0.195568,27581,2758777,0.343231,8037679
4,2021-03-15,83950,4329622,45160,2298649,34534,1974470,4256,56503,42578,1193423,0.148479,41110,1613026,0.200683,47672,2806449,0.349162,8037679
4,2021-03-16,108100,4437722,56177,2354826,48504,2022974,3419,59922,56971,1203637,0.149749,50866,1663892,0.207012,61080,2867529,0.356761,8037679
4,2021-03-17,107314,4545036,57798,2412624,46021,2068995,3495,63417,62699,1226045,0.152537,44337,1708229,0.212528,66745,2934274,0.365065,8037679
4,2021-03-18,107443,4652479,59598,2472222,44153,2113148,3692,67109,60762,1244529,0.154837,46394,1754623,0.2183,64878,2999152,0.373137,8037679
4,2021-03-19,111921,4764400,64416,2536638,42292,2155440,5213,72322,63463,1265416,0.157435,48174,1802797,0.224293,69061,3068213,0.381729,8037679
4,2021-03-20,84397,4848797,49361,2585999,32021,2187461,3015,75337,51618,1287744,0.160213,32611,1835408,0.22835,54939,3123152,0.388564,8037679
4,2021-03-21,48384,4897181,35065,2621064,11062,2198523,2257,77594,28236,1298570,0.16156,20018,1855426,0.230841,30844,3153996,0.392401,8037679
4,2021-03-22,82795,4979976,54086,2675150,25968,2224491,2741,80335,51391,1322271,0.164509,31141,1886567,0.234715,54842,3208838,0.399224,8037679
4,2021-03-23,105131,5085107,62960,2738110,40023,2264514,2148,82483,62457,1345037,0.167341,42388,1928955,0.239989,65154,3273992,0.407331,8037679
4,2021-03-24,113768,5198875,73427,2811537,37920,2302434,2421,84904,63977,1362540,0.169519,49342,1978297,0.246128,66845,3340837,0.415647,8037679
4,2021-03-25,117330,5316205,72216,2883753,42716,2345150,2398,87302,66885,1382350,0.171984,49950,2028247,0.252342,69760,3410597,0.424326,8037679
4,2021-03-26,120033,5436238,72835,2956588,44158,2389308,3040,90342,65420,1397175,0.173828,54230,2082477,0.259089,69055,3479652,0.432918,8037679
4,2021-03-27,92225,5528463,54363,3010951,36073,2425381,1789,92131,46718,1400915,0.174293,45249,2127726,0.264719,48989,3528641,0.439012,8037679
4,2021-03-28,55868,5584331,36881,3047832,18112,2443493,875,93006,29541,1405559,0.174871,26142,2153868,0.267971,30786,3559427,0.442843,8037679
4,2021-03-29,93800,5678131,56228,3104060,35493,2478986,2079,95085,50643,1415941,0.176163,42885,2196753,0.273307,53267,3612694,0.44947,8037679
4,2021-03-30,117331,5795462,64030,3168090,49140,2528126,4161,99246,69669,1442777,0.179502,47412,2244165,0.279206,74248,3686942,0.458707,8037679
4,2021-03-31,121338,5916800,71587,3239677,43443,2571569,6308,105554,67986,1464284,0.182177,52985,2297150,0.285798,74492,3761434,0.467975,8037679
4,2021-04-01,142834,6059634,81453,3321130,48097,2619666,13284,118838,84005,1503350,0.187038,58338,2355488,0.293056,97404,3858838,0.480094,8037679
4,2021-04-02,136909,6196543,73130,3394260,50165,2669831,13614,132452,78918,1538484,0.191409,57677,2413165,0.300232,92811,3951649,0.491641,8037679
4,2021-04-03,101392,6297935,54178,3448438,33770,2703601,13444,145896,52689,1556332,0.19363,48489,2461654,0.306264,66337,4017986,0.499894,8037679
4,2021-04-04,46942,6344877,24764,3473202,14639,2718240,7539,153435,20344,1557732,0.193804,26486,2488140,0.30956,27886,4045872,0.503363,8037679
4,2021-04-05,109692,6454569,61604,3534806,35230,2753470,12858,166293,56805,1575285,0.195988,52656,2540796,0.316111,70209,4116081,0.512098,8037679
4,2021-04-06,139084,6593653,78261,3613067,41016,2794486,19807,186100,72136,1601104,0.1992,66698,2607494,0.324409,92517,4208598,0.523609,8037679
4,2021-04-07,137887,6731540,78139,3691206,38993,2833479,20755,206855,71377,1627259,0.202454,66243,2673737,0.33265,92398,4300996,0.535104,8037679
4,2021-04-08,140288,6871828,78154,3769360,36632,2870111,25502,232357,69670,1652698,0.205619,70311,2744048,0.341398,95750,4396746,0.547017,8037679
4,2021-04-09,137972,7009800,75669,3845029,39207,2909318,23096,255453,65746,1670555,0.20784,71973,2816021,0.350353,89830,4486576,0.558193,8037679
4,2021-04-10,104004,7113804,51305,3896334,33799,2943117,18900,274353,46901,1680486,0.209076,56887,2872908,0.35743,66818,4553394,0.566506,8037679
4,2021-04-11,62788,7176592,38121,3934455,13481,2956598,11186,285539,27372,1684795,0.209612,35303,2908211,0.361822,39612,4593006,0.571434,8037679
4,2021-04-12,103007,7279599,62604,3997059,30195,2986793,10208,295747,51889,1697296,0.211167,50807,2959018,0.368143,63308,4656314,0.579311,8037679
4,2021-04-13,130606,7410205,81951,4079010,48490,3035283,165,295912,78163,1724352,0.214534,52132,3011150,0.374629,79188,4735502,0.589163,8037679
4,2021-04-14,135786,7545991,86513,4165523,49197,3084480,76,295988,75127,1740472,0.216539,60314,3071464,0.382133,76434,4811936,0.598672,8037679
4,2021-04-15,156565,7702556,104162,4269685,52335,3136815,68,296056,96115,1777360,0.221129,60057,3131521,0.389605,96945,4908881,0.610734,8037679
4,2021-04-16,143812,7846368,91203,4360888,52531,3189346,78,296134,83590,1801859,0.224177,59886,3191407,0.397056,84385,4993266,0.621232,8037679
4,2021-04-17,101688,7948056,63893,4424781,37771,3227117,24,296158,59642,1820920,0.226548,41754,3233161,0.402251,60815,5054081,0.628799,8037679
4,2021-04-18,56901,8004957,38453,4463234,18445,3245562,3,296161,32081,1829287,0.227589,24680,3257841,0.405321,33047,5087128,0.63291,8037679
4,2021-04-19,101721,8106678,67075,4530309,34629,3280191,17,296178,51932,1832298,0.227964,49539,3307380,0.411484,52550,5139678,0.639448,8037679
4,2021-04-20,132029,8238707,78784,4609093,53229,3333420,16,296194,68957,1839595,0.228871,62749,3370129,0.419291,70046,5209724,0.648163,8037679
4,2021-04-21,134408,8373115,87736,4696829,46619,3380039,53,296247,67871,1842485,0.229231,66145,3436274,0.427521,69035,5278759,0.656752,8037679
4,2021-04-22,141454,8514569,93929,4790758,47502,3427541,23,296270,63350,1829267,0.227586,77715,3513989,0.43719,64497,5343256,0.664776,8037679
4,2021-04-23,134863,8649432,87833,4878591,47006,3474547,24,296294,58734,1813449,0.225618,75767,3589756,0.446616,59949,5403205,0.672234,8037679
4,2021-04-24,98412,8747844,66399,4944990,31964,3506511,49,296343,45321,1807104,0.224829,52787,3642543,0.453183,46442,5449647,0.678013,8037679
4,2021-04-25,50157,8798001,35358,4980348,14772,3521283,27,296370,26230,1810031,0.225193,23780,3666323,0.456142,26707,5476354,0.681335,8037679
4,2021-04-26,91781,8889782,60187,5040535,31198,3552481,396,296766,36157,1792601,0.223025,55320,3721643,0.463025,37890,5514244,0.686049,8037679
4,2021-04-27,113630,9003412,69446,5109981,41869,3594350,2315,299081,41005,1764419,0.219518,72299,3793942,0.47202,44117,5558361,0.691538,8037679
4,2021-04-28,104031,9107443,68012,5177993,33502,3627852,2517,301598,38182,1740265,0.216513,65518,3859460,0.480171,41364,5599725,0.696684,8037679
4,2021-04-29,105166,9212609,67190,5245183,35459,3663311,2517,304115,34052,1706672,0.212334,70765,3930225,0.488975,37172,5636897,0.701309,8037679
4,2021-04-30,104951,9317560,66547,5311730,35710,3699021,2694,306809,36143,1677755,0.208736,68420,3998645,0.497488,39503,5676400,0.706224,8037679
4,2021-05-01,69090,9386650,45856,5357586,21463,3720484,1771,308580,20091,1651510,0.205471,48749,4047394,0.503553,22504,5698904,0.709024,8037679
4,2021-05-02,37509,9424159,26615,5384201,9612,3730096,1282,309862,10534,1636616,0.203618,26856,4074250,0.506894,11962,5710866,0.710512,8037679
4,2021-05-03,78441,9502600,54570,5438771,21392,3751488,2479,312341,19180,1599632,0.199017,59012,4133262,0.514236,22028,5732894,0.713252,8037679
4,2021-05-04,100921,9603521,69100,5507871,29063,3780551,2758,315099,22664,1547468,0.192527,77978,4211240,0.523937,25814,5758708,0.716464,8037679
4,2021-05-05,101715,9705236,71762,5579633,27226,3807777,2727,317826,22084,1493281,0.185785,79305,4290545,0.533804,25118,5783826,0.719589,8037679
4,2021-05-06,111239,9816475,83353,5662986,24951,3832728,2935,320761,19674,1425914,0.177404,91096,4381641,0.545138,23729,5807555,0.722541,8037679
4,2021-05-07,104455,9920930,75127,5738113,26647,3859375,2681,323442,20653,1366225,0.169978,83440,4465081,0.555519,23751,5831306,0.725496,8037679
4,2021-05-08,69375,9990305,47808,5785921,19638,3879013,1929,325371,13762,1326900,0.165085,55373,4520454,0.562408,16048,5847354,0.727493,8037679
4,2021-05-09,34189,10024494,27961,5813882,5282,3884295,946,326317,7500,1308858,0.16284,26583,4547037,0.565715,8541,5855895,0.728555,8037679
4,2021-05-10,64766,10089260,43291,5857173,19159,3903454,2316,328633,11008,1268949,0.157875,53548,4600585,0.572377,13639,5869534,0.730252,8037679
4,2021-05-11,82345,10171605,51379,5908552,28783,3932237,2183,330816,15792,1221109,0.151923,66311,4666896,0.580627,18471,5888005,0.73255,8037679
4,2021-05-12,79392,10250997,52833,5961385,24099,3956336,2460,333276,16674,1178187,0.146583,62431,4729327,0.588395,19509,5907514,0.734978,8037679
4,2021-05-13,104192,10355189,76749,6038134,25911,3982247,1532,334808,40433,1157729,0.144038,63433,4792760,0.596287,42975,5950489,0.740324,8037679
4,2021-05-14,104534,10459723,73841,6111975,28573,4010820,2120,336928,40291,1136738,0.141426,63936,4856696,0.604241,42945,5993434,0.745667,8037679
4,2021-05-15,85218,10544941,65938,6177913,17955,4028775,1325,338253,37661,1128695,0.140425,47318,4904014,0.610128,39275,6032709,0.750554,8037679
4,2021-05-16,51439,10596380,41460,6219373,9267,4038042,712,338965,21085,1120424,0.139396,30206,4934220,0.613886,21935,6054644,0.753283,8037679
4,2021-05-17,70946,10667326,51833,6271206,17278,4055320,1835,340800,28086,1107913,0.13784,42659,4976879,0.619194,30148,6084792,0.757033,8037679
4,2021-05-18,81503,10748829,53041,6324247,26706,4082026,1756,342556,29221,1087326,0.135279,51927,5028806,0.625654,31340,6116132,0.760933,8037679
4,2021-05-19,76629,10825458,51827,6376074,22859,4104885,1943,344499,30868,1074947,0.133738,45480,5074286,0.631312,33101,6149233,0.765051,8037679
4,2021-05-20,68594,10894052,44033,6420107,22565,4127450,1996,346495,25391,1059759,0.131849,42921,5117207,0.636652,27733,6176966,0.768501,8037679
4,2021-05-21,73373,10967425,48403,6468510,23111,4150561,1859,348354,25890,1040581,0.129463,47197,5164404,0.642524,28019,6204985,0.771987,8037679
4,2021-05-22,49641,11017066,34844,6503354,13523,4164084,1274,349628,21676,1035946,0.128886,27807,5192211,0.645984,23172,6228157,0.77487,8037679
4,2021-05-23,23966,11041032,17093,6520447,6150,4170234,723,350351,9780,1032493,0.128457,14066,5206277,0.647734,10613,6238770,0.77619,8037679
4,2021-05-24,43030,11084062,27371,6547818,12660,4182894,2999,353350,15116,1023108,0.127289,27698,5233975,0.65118,18313,6257083,0.778469,8037679
4,2021-05-25,44758,11128820,27833,6575651,14106,4197000,2819,356169,15882,1013395,0.126081,28645,5262620,0.654744,18932,6276015,0.780824,8037679
4,2021-05-26,44512,11173332,26694,6602345,15218,4212218,2600,358769,15858,1003586,0.12486,28442,5291062,0.658282,18633,6294648,0.783142,8037679
4,2021-05-27,38799,11212131,23312,6625657,12355,4224573,3132,361901,14649,997580,0.124113,23955,5315017,0.661263,17949,6312597,0.785376,8037679
4,2021-05-28,43141,11255272,27509,6653166,14031,4238604,1601,363502,18813,994140,0.123685,24077,5339094,0.664258,20637,6333234,0.787943,8037679
4,2021-05-29,23585,11278857,15353,6668519,7300,4245904,932,364434,10855,993465,0.123601,12594,5351688,0.665825,11919,6345153,0.789426,8037679
4,2021-05-30,12041,11290898,8458,6676977,3057,4248961,526,364960,5021,992125,0.123434,6956,5358644,0.66669,5616,6350769,0.790125,8037679
4,2021-05-31,3560,11294458,2264,6679241,1136,4250097,160,365120,1138,991067,0.123303,2377,5361021,0.666986,1319,6352088,0.790289,8037679
4,2021-06-01,39327,11333785,24469,6703710,12418,4262515,2440,367560,13009,980630,0.122004,26103,5387124,0.670234,15666,6367754,0.792238,8037679
4,2021-06-02,32534,11366319,20346,6724056,9392,4271907,2796,370356,10881,972985,0.121053,21474,5408598,0.672905,13829,6381583,0.793958,8037679
4,2021-06-03,47960,11414279,36820,6760876,8693,4280600,2447,372803,10372,948685,0.11803,37427,5446025,0.677562,13127,6394710,0.795592,8037679
4,2021-06-04,54660,11468939,44008,6804884,9324,4289924,1328,374131,12739,921862,0.114693,41693,5487718,0.682749,14870,6409580,0.797442,8037679
4,2021-06-05,44675,11513614,38284,6843168,5396,4295320,995,375126,8775,896162,0.111495,35750,5523468,0.687197,10050,6419630,0.798692,8037679
4,2021-06-06,21198,11534812,18914,6862082,1720,4297040,564,375690,3982,883986,0.10998,17117,5540585,0.689326,4941,6424571,0.799307,8037679
4,2021-06-07,38648,11573460,31284,6893366,5449,4302489,1915,377605,8451,864573,0.107565,30067,5570652,0.693067,10654,6435225,0.800632,8037679
4,2021-06-08,40463,11613923,31765,6925131,6158,4308647,2540,380145,9451,846075,0.105264,30823,5601475,0.696902,12325,6447550,0.802166,8037679
4,2021-06-09,38838,11652761,30801,6955932,5680,4314327,2357,382502,7940,825999,0.102766,30728,5632203,0.700725,10652,6458202,0.803491,8037679
4,2021-06-10,37049,11689810,29207,6985139,5222,4319549,2620,385122,8553,809096,0.100663,28339,5660542,0.704251,11436,6469638,0.804914,8037679
4,2021-06-11,38172,11727982,29987,7015126,6172,4325721,2013,387135,9876,793198,0.098685,28138,5688680,0.707752,12240,6481878,0.806437,8037679
4,2021-06-12,26466,11754448,22044,7037170,3713,4329434,709,387844,6058,779881,0.097028,20302,5708982,0.710277,6985,6488863,0.807306,8037679
4,2021-06-13,10821,11765269,8549,7045719,1796,4331230,476,388320,2284,774277,0.096331,8471,5717453,0.711331,2867,6491730,0.807662,8037679
4,2021-06-14,28551,11793820,21357,7067076,4390,4335620,2804,391124,7808,764500,0.095115,20607,5738060,0.713895,10830,6502560,0.80901,8037679
4,2021-06-15,29862,11823682,21116,7088192,5345,4340965,3401,394525,8300,755050,0.093939,21408,5759468,0.716559,11958,6514518,0.810497,8037679
4,2021-06-16,26501,11850183,19967,7108159,3918,4344883,2616,397141,7996,747532,0.093003,18335,5777803,0.71884,10817,6525335,0.811843,8037679
4,2021-06-17,25068,11875251,18520,7126679,3657,4348540,2891,400032,7592,740910,0.09218,17294,5795097,0.720991,10672,6536007,0.813171,8037679
4,2021-06-18,26662,11901913,21041,7147720,4393,4352933,1228,401260,8245,732421,0.091123,18215,5813312,0.723258,9726,6545733,0.814381,8037679
4,2021-06-19,15699,11917612,12704,7160424,2293,4355226,702,401962,5045,727826,0.090552,10509,5823821,0.724565,5914,6551647,0.815117,8037679
4,2021-06-20,7367,11924979,6070,7166494,989,4356215,308,402270,2623,726156,0.090344,4683,5828504,0.725148,3013,6554660,0.815492,8037679
4,2021-06-21,14513,11939492,10495,7176989,2881,4359096,1137,403407,7324,727666,0.090532,7112,5835616,0.726032,8622,6563282,0.816564,8037679
4,2021-06-22,20393,11959885,15911,7192900,3415,4362511,1067,404474,7098,722807,0.089927,13177,5848793,0.727672,8318,6571600,0.817599,8037679
4,2021-06-23,18357,11978242,14410,7207310,2962,4365473,985,405459,6712,719113,0.089468,11514,5860307,0.729104,7820,6579420,0.818572,8037679
4,2021-06-24,17506,11995748,13562,7220872,2960,4368433,984,406443,6532,715951,0.089074,10819,5871126,0.73045,7657,6587077,0.819525,8037679
4,2021-06-25,21471,12017219,16884,7237756,3544,4371977,1043,407486,7768,711360,0.088503,13568,5884694,0.732138,8977,6596054,0.820642,8037679
4,2021-06-26,12973,12030192,10563,7248319,1795,4373772,615,408101,4781,708771,0.088181,8091,5892785,0.733145,5502,6601556,0.821326,8037679
4,2021-06-27,6823,12037015,5527,7253846,954,4374726,342,408443,2877,708137,0.088102,3908,5896693,0.733631,3274,6604830,0.821733,8037679
4,2021-06-28,14987,12052002,12593,7266439,1546,4376272,848,409291,6015,706232,0.087865,8891,5905584,0.734737,6986,6611816,0.822603,8037679
4,2021-06-29,16384,12068386,12715,7279154,2868,4379140,801,410092,6345,703567,0.087534,9933,5915517,0.735973,7268,6619084,0.823507,8037679
4,2021-06-30,14428,12082814,11260,7290414,2439,4381579,729,410821,5991,702063,0.087346,8337,5923854,0.737011,6833,6625917,0.824357,8037679
4,2021-07-01,14370,12097184,11347,7301761,2283,4383862,740,411561,5880,700444,0.087145,8380,5932234,0.738053,6761,6632678,0.825198,8037679
4,2021-07-02,16657,12113841,13227,7314988,2673,4386535,757,412318,6803,698373,0.086887,9761,5941995,0.739268,7690,6640368,0.826155,8037679
4,2021-07-03,9116,12122957,7244,7322232,1466,4388001,406,412724,3950,697694,0.086803,5094,5947089,0.739901,4415,6644783,0.826704,8037679
4,2021-07-04,421,12123378,258,7322490,104,4388105,59,412783,183,697713,0.086805,234,5947323,0.73993,253,6645036,0.826736,8037679
4,2021-07-05,9167,12132545,7465,7329955,1293,4389398,409,413192,4165,697413,0.086768,4928,5952251,0.740544,4628,6649664,0.827311,8037679
4,2021-07-06,16367,12148912,12908,7342863,2667,4392065,792,413984,6040,694147,0.086362,10209,5962460,0.741814,6943,6656607,0.828175,8037679
4,2021-07-07,13626,12162538,10642,7353505,2218,4394283,766,414750,5154,691799,0.086069,8386,5970846,0.742857,6038,6662645,0.828926,8037679
4,2021-07-08,13041,12175579,10245,7363750,2016,4396299,780,415530,5117,689980,0.085843,7812,5978658,0.743829,5993,6668638,0.829672,8037679
4,2021-07-09,15198,12190777,11709,7375459,2606,4398905,883,416413,6192,688296,0.085634,8879,5987537,0.744934,7195,6675833,0.830567,8037679
4,2021-07-10,8703,12199480,6889,7382348,1427,4400332,387,416800,3672,687464,0.08553,4953,5992490,0.74555,4121,6679954,0.83108,8037679
4,2021-07-11,4949,12204429,3968,7386316,785,4401117,196,416996,2226,687231,0.085501,2684,5995174,0.745884,2451,6682405,0.831385,8037679
4,2021-07-12,12945,12217374,10290,7396606,1960,4403077,695,417691,5048,685262,0.085256,7818,6002992,0.746856,5849,6688254,0.832113,8037679
4,2021-07-13,12582,12229956,9649,7406255,2316,4405393,617,418308,5360,684218,0.085126,7120,6010112,0.747742,6076,6694330,0.832869,8037679
4,2021-07-14,11510,12241466,9075,7415330,1906,4407299,529,418837,5007,683399,0.085024,6422,6016534,0.748541,5603,6699933,0.833566,8037679
4,2021-07-15,11390,12252856,9146,7424476,1688,4408987,556,419393,5203,683153,0.084994,6073,6022607,0.749297,5827,6705760,0.834291,8037679
4,2021-07-16,13070,12265926,10453,7434929,2044,4411031,573,419966,5979,682806,0.084951,7008,6029615,0.750169,6661,6712421,0.835119,8037679
4,2021-07-17,4831,12270757,3735,7438664,855,4411886,241,420207,2246,682776,0.084947,2533,6032148,0.750484,2503,6714924,0.835431,8037679
