vemquartile,administered_date,total_doses,cumulative_total_doses,pfizer_doses,cumulative_pfizer_doses,moderna_doses,cumulative_moderna_doses,jj_doses,cumulative_jj_doses,partially_vaccinated,total_partially_vaccinated,pct_age12pop_partially_vaccinated,fully_vaccinated,cumulative_fully_vaccinated,pct_age12pop_fully_vaccinated,at_least_one_dose,cumulative_at_least_one_dose,pct_age12pop_at_least_one_dose,age12_population
1,2020-12-15,156,156,156,156,0,0,0,0,156,156,1.8e-05,0,0,0.0,156,156,1.8e-05,8700223
1,2020-12-16,1240,1396,1240,1396,0,0,0,0,1240,1396,0.00016,0,0,0.0,1240,1396,0.00016,8700223
1,2020-12-17,4200,5596,4200,5596,0,0,0,0,4202,5598,0.000643,0,0,0.0,4202,5598,0.000643,8700223
1,2020-12-18,6408,12004,6384,11980,24,24,0,0,6412,12009,0.00138,1,1,0.0,6412,12010,0.00138,8700223
1,2020-12-19,2892,14896,2889,14869,3,27,0,0,2892,14900,0.001713,1,2,0.0,2892,14902,0.001713,8700223
1,2020-12-20,2142,17038,2132,17001,10,37,0,0,2143,17043,0.001959,0,2,0.0,2143,17045,0.001959,8700223
1,2020-12-21,7703,24741,7682,24683,21,58,0,0,7753,24796,0.00285,1,3,0.0,7754,24799,0.00285,8700223
1,2020-12-22,7374,32115,7030,31713,344,402,0,0,7374,32168,0.003697,2,5,1e-06,7374,32173,0.003698,8700223
1,2020-12-23,7909,40024,6642,38355,1267,1669,0,0,7906,40073,0.004606,2,7,1e-06,7907,40080,0.004607,8700223
1,2020-12-24,3322,43346,2374,40729,948,2617,0,0,3324,43397,0.004988,0,7,1e-06,3324,43404,0.004989,8700223
1,2020-12-25,242,43588,158,40887,84,2701,0,0,242,43639,0.005016,0,7,1e-06,242,43646,0.005017,8700223
1,2020-12-26,1375,44963,980,41867,395,3096,0,0,1374,45012,0.005174,1,8,1e-06,1374,45020,0.005175,8700223
1,2020-12-27,879,45842,545,42412,334,3430,0,0,879,45890,0.005275,1,9,1e-06,879,45899,0.005276,8700223
1,2020-12-28,7143,52985,4795,47207,2348,5778,0,0,7140,53030,0.006095,0,9,1e-06,7140,53039,0.006096,8700223
1,2020-12-29,9074,62059,5066,52273,4008,9786,0,0,9070,62098,0.007138,2,11,1e-06,9070,62109,0.007139,8700223
1,2020-12-30,11776,73835,6556,58829,5220,15006,0,0,11774,73871,0.008491,1,12,1e-06,11774,73883,0.008492,8700223
1,2020-12-31,6044,79879,1974,60803,4070,19076,0,0,6042,79910,0.009185,4,16,2e-06,6043,79926,0.009187,8700223
1,2021-01-01,618,80497,248,61051,370,19446,0,0,614,80522,0.009255,2,18,2e-06,614,80540,0.009257,8700223
1,2021-01-02,2933,83430,1773,62824,1160,20606,0,0,2933,83455,0.009592,0,18,2e-06,2933,83473,0.009594,8700223
1,2021-01-03,1057,84487,552,63376,505,21111,0,0,1055,84507,0.009713,3,21,2e-06,1055,84528,0.009716,8700223
1,2021-01-04,7430,91917,3625,67001,3805,24916,0,0,7433,91938,0.010567,2,23,3e-06,7433,91961,0.01057,8700223
1,2021-01-05,10980,102897,5287,72288,5693,30609,0,0,10174,101346,0.011649,788,811,9.3e-05,10196,102157,0.011742,8700223
1,2021-01-06,14164,117061,7103,79391,7061,37670,0,0,12219,111672,0.012836,1908,2719,0.000313,12234,114391,0.013148,8700223
1,2021-01-07,17665,134726,9203,88594,8462,46132,0,0,13117,120345,0.013832,4455,7174,0.000825,13128,127519,0.014657,8700223
1,2021-01-08,20273,154999,10521,99115,9752,55884,0,0,14295,128693,0.014792,5962,13136,0.00151,14310,141829,0.016302,8700223
1,2021-01-09,6711,161710,3410,102525,3301,59185,0,0,4838,131668,0.015134,1867,15003,0.001724,4842,146671,0.016858,8700223
1,2021-01-10,3114,164824,1773,104298,1341,60526,0,0,1921,132401,0.015218,1189,16192,0.001861,1922,148593,0.017079,8700223
1,2021-01-11,18231,183055,11913,116211,6318,66844,0,0,11613,137451,0.015799,6607,22799,0.002621,11657,160250,0.018419,8700223
1,2021-01-12,19213,202268,11000,127211,8213,75057,0,0,13184,144678,0.016629,6000,28799,0.00331,13227,173477,0.019939,8700223
1,2021-01-13,19925,222193,10783,137994,9142,84199,0,0,14748,154290,0.017734,5155,33954,0.003903,14767,188244,0.021637,8700223
1,2021-01-14,22245,244438,9564,147558,12681,96880,0,0,19401,170967,0.019651,2784,36738,0.004223,19461,207705,0.023874,8700223
1,2021-01-15,25292,269730,9261,156819,16031,112911,0,0,23341,192459,0.022121,1914,38652,0.004443,23406,231111,0.026564,8700223
1,2021-01-16,13961,283691,4572,161391,9389,122300,0,0,13062,204629,0.02352,896,39548,0.004546,13066,244177,0.028066,8700223
1,2021-01-17,5235,288926,2042,163433,3193,125493,0,0,4859,209116,0.024036,375,39923,0.004589,4862,249039,0.028624,8700223
1,2021-01-18,14399,303325,8639,172072,5760,131253,0,0,11183,217154,0.02496,3202,43125,0.004957,11240,260279,0.029916,8700223
1,2021-01-19,24884,328209,12890,184962,11994,143247,0,0,19593,231534,0.026612,5269,48394,0.005562,19649,279928,0.032175,8700223
1,2021-01-20,29518,357727,14779,199741,14739,157986,0,0,23550,249240,0.028648,5888,54282,0.006239,23594,303522,0.034887,8700223
1,2021-01-21,31407,389134,14791,214532,16616,174602,0,0,28041,274084,0.031503,3300,57582,0.006618,28144,331666,0.038122,8700223
1,2021-01-22,28490,417624,11311,225843,17179,191781,0,0,26395,298482,0.034307,2027,59609,0.006851,26425,358091,0.041159,8700223
1,2021-01-23,18765,436389,8210,234053,10555,202336,0,0,16800,313357,0.036017,1935,61544,0.007074,16810,374901,0.043091,8700223
1,2021-01-24,6710,443099,4176,238229,2534,204870,0,0,6046,318751,0.036637,658,62202,0.007149,6052,380953,0.043787,8700223
1,2021-01-25,25642,468741,10560,248789,15082,219952,0,0,19779,332829,0.038255,5813,68015,0.007818,19891,400844,0.046073,8700223
1,2021-01-26,28963,497704,13556,262345,15407,235359,0,0,22174,348305,0.040034,6726,74741,0.008591,22202,423046,0.048625,8700223
1,2021-01-27,32792,530496,15607,277952,17185,252544,0,0,24570,364808,0.041931,8157,82898,0.009528,24660,447706,0.051459,8700223
1,2021-01-28,35115,565611,16500,294452,18615,271159,0,0,28044,385974,0.044364,7004,89902,0.010333,28170,475876,0.054697,8700223
1,2021-01-29,33874,599485,16534,310986,17340,288499,0,0,27167,406676,0.046743,6562,96464,0.011088,27264,503140,0.057831,8700223
1,2021-01-30,20211,619696,8742,319728,11469,299968,0,0,17983,422549,0.048568,2196,98660,0.01134,18069,521209,0.059908,8700223
1,2021-01-31,7727,627423,5022,324750,2705,302673,0,0,7003,428839,0.049291,716,99376,0.011422,7006,528215,0.060713,8700223
1,2021-02-01,29175,656598,12582,337332,16593,319266,0,0,21294,442316,0.05084,7826,107202,0.012322,21303,549518,0.063161,8700223
1,2021-02-02,32874,689472,11865,349197,21009,340275,0,0,24550,458668,0.052719,8237,115439,0.013269,24589,574107,0.065988,8700223
1,2021-02-03,39789,729261,15299,364496,24490,364765,0,0,28561,476271,0.054742,11058,126497,0.01454,28661,602768,0.069282,8700223
1,2021-02-04,44208,773469,17218,381714,26990,391755,0,0,31781,495861,0.056994,12304,138801,0.015954,31894,634662,0.072948,8700223
1,2021-02-05,47057,820526,17201,398915,29856,421611,0,0,30713,510502,0.058677,16189,154990,0.017814,30830,665492,0.076491,8700223
1,2021-02-06,26665,847191,10539,409454,16126,437737,0,0,20678,525313,0.060379,5939,160929,0.018497,20750,686242,0.078876,8700223
1,2021-02-07,6296,853487,4049,413503,2247,439984,0,0,4643,528342,0.060727,1633,162562,0.018685,4662,690904,0.079412,8700223
1,2021-02-08,31764,885251,14485,427988,17279,457263,0,0,21142,539059,0.061959,10525,173087,0.019895,21242,712146,0.081854,8700223
1,2021-02-09,38678,923929,16998,444986,21680,478943,0,0,23802,548180,0.063008,14795,187882,0.021595,23916,736062,0.084603,8700223
1,2021-02-10,47512,971441,22241,467227,25271,504214,0,0,27001,554899,0.06378,20379,208261,0.023937,27098,763160,0.087717,8700223
1,2021-02-11,52178,1023619,25519,492746,26659,530873,0,0,31021,565205,0.064964,20839,229100,0.026333,31145,794305,0.091297,8700223
1,2021-02-12,50235,1073854,21615,514361,28620,559493,0,0,28816,572912,0.06585,21253,250353,0.028775,28960,823265,0.094626,8700223
1,2021-02-13,26526,1100380,11548,525909,14978,574471,0,0,15317,577173,0.06634,11135,261488,0.030055,15396,838661,0.096395,8700223
1,2021-02-14,11812,1112192,5578,531487,6234,580705,0,0,6711,578883,0.066537,5069,266557,0.030638,6779,845440,0.097175,8700223
1,2021-02-15,24016,1136208,9441,540928,14575,595280,0,0,14601,584311,0.06716,9289,275846,0.031706,14717,860157,0.098866,8700223
1,2021-02-16,47283,1183491,22544,563472,24739,620019,0,0,27496,592229,0.068071,19697,295543,0.03397,27615,887772,0.10204,8700223
1,2021-02-17,48624,1232115,24625,588097,23999,644018,0,0,26141,596198,0.068527,22323,317866,0.036535,26292,914064,0.105062,8700223
1,2021-02-18,51318,1283433,25667,613764,25651,669669,0,0,26525,598429,0.068783,24538,342404,0.039356,26769,940833,0.108139,8700223
1,2021-02-19,46753,1330186,25343,639107,21410,691079,0,0,26143,604189,0.069445,20444,362848,0.041706,26204,967037,0.111151,8700223
1,2021-02-20,27831,1358017,16899,656006,10932,702011,0,0,15864,608239,0.069911,11899,374747,0.043073,15949,982986,0.112984,8700223
1,2021-02-21,12433,1370450,10692,666698,1741,703752,0,0,7460,610843,0.07021,4908,379655,0.043637,7512,990498,0.113847,8700223
1,2021-02-22,31772,1402222,20875,687573,10897,714649,0,0,18256,615793,0.070779,13414,393069,0.045179,18364,1008862,0.115958,8700223
1,2021-02-23,46005,1448227,22351,709924,23654,738303,0,0,25243,620945,0.071371,20457,413526,0.047531,25609,1034471,0.118902,8700223
1,2021-02-24,56069,1504296,27084,737008,28985,767288,0,0,30811,627214,0.072092,25000,438526,0.050404,31269,1065740,0.122496,8700223
1,2021-02-25,68698,1572994,33354,770362,35344,802632,0,0,42445,644143,0.074038,26019,464545,0.053395,42948,1108688,0.127432,8700223
1,2021-02-26,76748,1649742,35927,806289,40821,843453,0,0,50107,668398,0.076825,26336,490881,0.056422,50591,1159279,0.133247,8700223
1,2021-02-27,52824,1702566,24243,830532,28572,872025,9,9,34639,685350,0.078774,17967,508848,0.058487,34919,1194198,0.137261,8700223
1,2021-02-28,20285,1722851,12043,842575,8240,880265,2,11,14846,694994,0.079882,5348,514196,0.059101,14992,1209190,0.138984,8700223
1,2021-03-01,46328,1769179,21423,863998,24845,905110,60,71,29747,708660,0.081453,16389,530585,0.060985,30055,1239245,0.142438,8700223
1,2021-03-02,64944,1834123,28077,892075,36855,941965,12,83,41293,727154,0.083579,23458,554043,0.063681,41952,1281197,0.14726,8700223
1,2021-03-03,72229,1906352,34357,926432,37842,979807,30,113,43904,743605,0.08547,28096,582139,0.066911,44547,1325744,0.15238,8700223
1,2021-03-04,80206,1986558,37626,964058,42544,1022351,36,149,51400,767004,0.088159,28552,610691,0.070193,51951,1377695,0.158352,8700223
1,2021-03-05,79220,2065778,35718,999776,43294,1065645,208,357,52812,794574,0.091328,26101,636792,0.073193,53671,1431366,0.164521,8700223
1,2021-03-06,58094,2123872,27620,1027396,29124,1094769,1350,1707,39317,816970,0.093902,18634,655426,0.075334,41030,1472396,0.169237,8700223
1,2021-03-07,21003,2144875,13056,1040452,6753,1101522,1194,2901,15531,828497,0.095227,5445,660871,0.07596,16972,1489368,0.171187,8700223
1,2021-03-08,46166,2191041,22543,1062995,21663,1123185,1960,4861,32333,849398,0.097629,13724,674595,0.077538,34625,1523993,0.175167,8700223
1,2021-03-09,66912,2257953,32371,1095366,32026,1155211,2515,7376,41160,867832,0.099748,25573,700168,0.080477,44007,1568000,0.180225,8700223
1,2021-03-10,74256,2332209,37005,1132371,32751,1187962,4500,11876,45725,890019,0.102298,28393,728561,0.08374,50580,1618580,0.186039,8700223
1,2021-03-11,90456,2422665,41626,1173997,40816,1228778,8014,19890,52650,913574,0.105006,37553,766114,0.088057,61108,1679688,0.193063,8700223
1,2021-03-12,99339,2522004,43781,1217778,43109,1271887,12449,32339,57953,943255,0.108417,41148,807262,0.092786,70829,1750517,0.201204,8700223
1,2021-03-13,65459,2587463,29574,1247352,28187,1300074,7698,40037,41689,969307,0.111412,23628,830890,0.095502,49680,1800197,0.206914,8700223
1,2021-03-14,27942,2615405,14942,1262294,9433,1309507,3567,43604,15652,976493,0.112238,12212,843102,0.096906,19398,1819595,0.209143,8700223
1,2021-03-15,65384,2680789,28842,1291136,29786,1339293,6756,50360,38427,995290,0.114398,26727,869829,0.099978,45524,1865119,0.214376,8700223
1,2021-03-16,85910,2766699,39177,1330313,41086,1380379,5647,56007,53208,1022013,0.11747,32469,902298,0.10371,59192,1924311,0.22118,8700223
1,2021-03-17,93380,2860079,45576,1375889,41259,1421638,6545,62552,60053,1055881,0.121363,33074,935372,0.107511,66942,1991253,0.228874,8700223
1,2021-03-18,98942,2959021,51004,1426893,42219,1463857,5719,68271,59778,1083068,0.124487,38791,974163,0.11197,65978,2057231,0.236457,8700223
1,2021-03-19,103954,3062975,53814,1480707,43836,1507693,6304,74575,60664,1107568,0.127303,42975,1017138,0.116909,67475,2124706,0.244213,8700223
1,2021-03-20,72948,3135923,37358,1518065,30371,1538064,5219,79794,46864,1134031,0.130345,25888,1043026,0.119885,52351,2177057,0.25023,8700223
1,2021-03-21,27363,3163286,19083,1537148,6471,1544535,1809,81603,17019,1142701,0.131342,10245,1053271,0.121063,18915,2195972,0.252404,8700223
1,2021-03-22,59387,3222673,30667,1567815,25415,1569950,3305,84908,39923,1167066,0.134142,19230,1072501,0.123273,43595,2239567,0.257415,8700223
1,2021-03-23,83621,3306294,42591,1610406,37395,1607345,3635,88543,51257,1190313,0.136814,32099,1104600,0.126962,55346,2294913,0.263776,8700223
1,2021-03-24,88516,3394810,44761,1655167,39382,1646727,4373,92916,52704,1212038,0.139311,35506,1140106,0.131043,57231,2352144,0.270354,8700223
1,2021-03-25,97378,3492188,49810,1704977,41722,1688449,5846,98762,53873,1228803,0.141238,43161,1183267,0.136004,59926,2412070,0.277242,8700223
1,2021-03-26,105647,3597835,51262,1756239,48055,1736504,6330,105092,56575,1243316,0.142906,48687,1231954,0.1416,63200,2475270,0.284507,8700223
1,2021-03-27,74453,3672288,38523,1794762,31719,1768223,4211,109303,38197,1249900,0.143663,36018,1267972,0.14574,42602,2517872,0.289403,8700223
1,2021-03-28,32861,3705149,21505,1816267,10129,1778352,1227,110530,16441,1251711,0.143871,16307,1284279,0.147614,18118,2535990,0.291486,8700223
1,2021-03-29,68774,3773923,33882,1850149,31722,1810074,3170,113700,37909,1262373,0.145097,30625,1314904,0.151135,41287,2577277,0.296231,8700223
1,2021-03-30,93550,3867473,45721,1895870,41422,1851496,6407,120107,48075,1271689,0.146167,45236,1360140,0.156334,54552,2631829,0.302501,8700223
1,2021-03-31,102150,3969623,53156,1949026,42744,1894240,6250,126357,55931,1288044,0.148047,45873,1406013,0.161607,62228,2694057,0.309654,8700223
1,2021-04-01,113782,4083405,54358,2003384,50596,1944836,8828,135185,57753,1299110,0.149319,55548,1461561,0.167991,66614,2760671,0.31731,8700223
1,2021-04-02,112961,4196366,51435,2054819,51777,1996613,9749,144934,57350,1311245,0.150714,55158,1516719,0.174331,67293,2827964,0.325045,8700223
1,2021-04-03,78835,4275201,39647,2094466,29482,2026095,9706,154640,37019,1316401,0.151307,41615,1558334,0.179114,46771,2874735,0.330421,8700223
1,2021-04-04,23817,4299018,11847,2106313,8493,2034588,3477,158117,9940,1316001,0.151261,13804,1572138,0.180701,13404,2888139,0.331961,8700223
1,2021-04-05,77769,4376787,37045,2143358,31321,2065909,9403,167520,35030,1318063,0.151498,42510,1614648,0.185587,44572,2932711,0.337085,8700223
1,2021-04-06,104983,4481770,49743,2193101,38532,2104441,16708,184228,47528,1325164,0.152314,57133,1671781,0.192154,64234,2996945,0.344468,8700223
1,2021-04-07,113057,4594827,54814,2247915,40551,2144992,17692,201920,51007,1332129,0.153114,61724,1733505,0.199248,68689,3065634,0.352363,8700223
1,2021-04-08,123365,4718192,58396,2306311,43842,2188834,21127,223047,54595,1339544,0.153967,68325,1801830,0.207102,75740,3141374,0.361068,8700223
1,2021-04-09,124532,4842724,56772,2363083,46829,2235663,20931,243978,54694,1345723,0.154677,69461,1871291,0.215085,75640,3217014,0.369762,8700223
1,2021-04-10,97444,4940168,43450,2406533,30938,2266601,23056,267034,38575,1348638,0.155012,58636,1929927,0.221825,61551,3278565,0.376837,8700223
1,2021-04-11,36772,4976940,20417,2426950,9455,2276056,6900,273934,14864,1348656,0.155014,21837,1951764,0.224335,21855,3300420,0.379349,8700223
1,2021-04-12,75074,5052014,33499,2460449,31515,2307571,10060,283994,31871,1347820,0.154918,42896,1994660,0.229265,42060,3342480,0.384183,8700223
1,2021-04-13,98397,5150411,52577,2513026,45477,2353048,343,284337,53148,1356726,0.155942,44932,2039592,0.23443,53838,3396318,0.390371,8700223
1,2021-04-14,105318,5255729,54531,2567557,50709,2403757,78,284415,53491,1359235,0.15623,51430,2091022,0.240341,53939,3450257,0.396571,8700223
1,2021-04-15,106073,5361802,57572,2625129,48408,2452165,93,284508,56240,1366520,0.157067,49224,2140246,0.245999,56509,3506766,0.403066,8700223
1,2021-04-16,111130,5472932,56848,2681977,54192,2506357,90,284598,55468,1367163,0.157141,55105,2195351,0.252333,55748,3562514,0.409474,8700223
1,2021-04-17,83577,5556509,45382,2727359,38183,2544540,12,284610,46574,1377163,0.158291,36750,2232101,0.256557,46750,3609264,0.414847,8700223
1,2021-04-18,30564,5587073,20682,2748041,9875,2554415,7,284617,15328,1377566,0.158337,15140,2247241,0.258297,15543,3624807,0.416634,8700223
1,2021-04-19,67289,5654362,34059,2782100,33217,2587632,13,284630,30322,1371446,0.157633,36585,2283826,0.262502,30465,3655272,0.420135,8700223
1,2021-04-20,88580,5742942,44573,2826673,43983,2631615,24,284654,41306,1366081,0.157017,46896,2330722,0.267892,41531,3696803,0.424909,8700223
1,2021-04-21,98041,5840983,51141,2877814,46797,2678412,103,284757,43762,1356504,0.155916,53684,2384406,0.274063,44107,3740910,0.429979,8700223
1,2021-04-22,97900,5938883,51190,2929004,46691,2725103,19,284776,44783,1348949,0.155048,52577,2436983,0.280106,45022,3785932,0.435153,8700223
1,2021-04-23,102834,6041717,53122,2982126,49684,2774787,28,284804,48812,1344552,0.154542,53476,2490459,0.286252,49079,3835011,0.440795,8700223
1,2021-04-24,76581,6118298,47496,3029622,29058,2803845,27,284831,43091,1354604,0.155698,33327,2523786,0.290083,43379,3878390,0.445781,8700223
1,2021-04-25,27412,6145710,17454,3047076,9944,2813789,14,284845,15625,1358724,0.156171,11661,2535447,0.291423,15781,3894171,0.447594,8700223
1,2021-04-26,66604,6212314,34952,3082028,31246,2845035,406,285251,31419,1356024,0.155861,34861,2570308,0.29543,32161,3926332,0.451291,8700223
1,2021-04-27,81946,6294260,43563,3125591,37077,2882112,1306,286557,35337,1346712,0.154791,46294,2616602,0.300751,36982,3963314,0.455542,8700223
1,2021-04-28,81751,6376011,43499,3169090,36734,2918846,1518,288075,35701,1338475,0.153844,45679,2662281,0.306001,37442,4000756,0.459845,8700223
1,2021-04-29,85173,6461184,46876,3215966,36665,2955511,1632,289707,34650,1324792,0.152271,50129,2712410,0.311763,36446,4037202,0.464034,8700223
1,2021-04-30,92837,6554021,50270,3266236,40677,2996188,1890,291597,38567,1311499,0.150743,53908,2766318,0.317959,40615,4077817,0.468703,8700223
1,2021-05-01,64032,6618053,41285,3307521,21312,3017500,1435,293032,26951,1303296,0.1498,36804,2803122,0.32219,28601,4106418,0.47199,8700223
1,2021-05-02,23541,6641594,16675,3324196,6286,3023786,580,293612,9471,1299415,0.149354,13959,2817081,0.323794,10078,4116496,0.473148,8700223
1,2021-05-03,56492,6698086,31330,3355526,23311,3047097,1851,295463,20455,1286004,0.147813,35769,2852850,0.327905,22358,4138854,0.475718,8700223
1,2021-05-04,76088,6774174,43848,3399374,30138,3077235,2102,297565,27225,1266866,0.145613,48543,2901393,0.333485,29405,4168259,0.479098,8700223
1,2021-05-05,78506,6852680,45506,3444880,30693,3107928,2307,299872,26567,1244254,0.143014,51565,2952958,0.339412,28953,4197212,0.482426,8700223
1,2021-05-06,80012,6932692,48587,3493467,29238,3137166,2187,302059,24956,1216909,0.139871,54640,3007598,0.345692,27295,4224507,0.485563,8700223
1,2021-05-07,83600,7016292,47572,3541039,33830,3170996,2198,304257,27895,1191839,0.136989,55225,3062823,0.35204,30155,4254662,0.489029,8700223
1,2021-05-08,57507,7073799,36081,3577120,19774,3190770,1652,305909,19530,1175479,0.135109,37626,3100449,0.356364,21266,4275928,0.491473,8700223
1,2021-05-09,18359,7092158,13170,3590290,4710,3195480,479,306388,5576,1168868,0.134349,12700,3113149,0.357824,6089,4282017,0.492173,8700223
1,2021-05-10,44359,7136517,22437,3612727,20088,3215568,1834,308222,14826,1156379,0.132914,29237,3142386,0.361185,16748,4298765,0.494098,8700223
1,2021-05-11,62928,7199445,34223,3646950,26542,3242110,2163,310385,20669,1137365,0.130728,41954,3184340,0.366007,22940,4321705,0.496735,8700223
1,2021-05-12,63047,7262492,33505,3680455,27476,3269586,2066,312451,20699,1118190,0.128524,42004,3226344,0.370835,22829,4344534,0.499359,8700223
1,2021-05-13,67308,7329800,39498,3719953,25820,3295406,1990,314441,25625,1104810,0.126986,41278,3267622,0.375579,27898,4372432,0.502566,8700223
1,2021-05-14,76906,7406706,46373,3766326,28127,3323533,2406,316847,31062,1093135,0.125644,45421,3313043,0.3808,33746,4406178,0.506444,8700223
1,2021-05-15,66872,7473578,43921,3810247,21182,3344715,1769,318616,26631,1081700,0.12433,39902,3352945,0.385386,28467,4434645,0.509716,8700223
1,2021-05-16,25129,7498707,18528,3828775,5980,3350695,621,319237,10241,1077845,0.123887,14763,3367708,0.387083,10908,4445553,0.51097,8700223
1,2021-05-17,54464,7553171,33283,3862058,19397,3370092,1784,321021,23081,1071663,0.123176,31103,3398811,0.390658,24921,4470474,0.513834,8700223
1,2021-05-18,65278,7618449,39340,3901398,24096,3394188,1842,322863,28314,1065234,0.122438,36673,3435484,0.394873,30244,4500718,0.517311,8700223
1,2021-05-19,66688,7685137,40622,3942020,24127,3418315,1939,324802,29840,1060545,0.121899,36543,3472027,0.399073,31854,4532572,0.520972,8700223
1,2021-05-20,64960,7750097,37698,3979718,25031,3443346,2231,327033,26715,1051807,0.120894,37884,3509911,0.403428,29146,4561718,0.524322,8700223
1,2021-05-21,70628,7820725,42247,4021965,26504,3469850,1877,328910,29126,1041823,0.119747,41079,3550990,0.408149,31095,4592813,0.527896,8700223
1,2021-05-22,56524,7877249,37186,4059151,17607,3487457,1731,330641,24577,1036562,0.119142,31661,3582651,0.411788,26400,4619213,0.53093,8700223
1,2021-05-23,20530,7897779,14358,4073509,5585,3493042,587,331228,9513,1035776,0.119052,10910,3593561,0.413042,10124,4629337,0.532094,8700223
1,2021-05-24,44277,7942056,24707,4098216,17721,3510763,1849,333077,17924,1029541,0.118335,26087,3619648,0.416041,19852,4649189,0.534376,8700223
1,2021-05-25,51338,7993394,29582,4127798,20046,3530809,1710,334787,21308,1022922,0.117574,29734,3649382,0.419458,23115,4672304,0.537033,8700223
1,2021-05-26,48675,8042069,27595,4155393,19174,3549983,1906,336693,20615,1017741,0.116979,27740,3677122,0.422647,22559,4694863,0.539626,8700223
1,2021-05-27,47099,8089168,26416,4181809,18765,3568748,1918,338611,20159,1013290,0.116467,26642,3703764,0.425709,22191,4717054,0.542176,8700223
1,2021-05-28,52672,8141840,29393,4211202,21441,3590189,1838,340449,23561,1010046,0.116094,28768,3732532,0.429016,25524,4742578,0.54511,8700223
1,2021-05-29,30712,8172552,18597,4229799,11148,3601337,967,341416,14605,1009723,0.116057,15950,3748482,0.430849,15627,4758205,0.546906,8700223
1,2021-05-30,11729,8184281,7580,4237379,3589,3604926,560,341976,5538,1009730,0.116058,6115,3754597,0.431552,6122,4764327,0.54761,8700223
1,2021-05-31,5772,8190053,3280,4240659,2232,3607158,260,342236,2011,1008315,0.115895,3697,3758294,0.431977,2282,4766609,0.547872,8700223
1,2021-06-01,46000,8236053,26002,4266661,18417,3625575,1581,343817,17383,999088,0.114835,28254,3786548,0.435224,19027,4785636,0.550059,8700223
1,2021-06-02,40099,8276152,23266,4289927,15318,3640893,1515,345332,16156,993204,0.114158,23636,3810184,0.437941,17752,4803388,0.552099,8700223
1,2021-06-03,41588,8317740,26049,4315976,13817,3654710,1722,347054,15846,985415,0.113263,25432,3835616,0.440864,17643,4821031,0.554127,8700223
1,2021-06-04,50335,8368075,32207,4348183,16313,3671023,1815,348869,17987,973319,0.111873,31976,3867592,0.444539,19880,4840911,0.556412,8700223
1,2021-06-05,40461,8408536,27602,4375785,10850,3681873,2009,350878,14173,963486,0.110743,26066,3893658,0.447535,16233,4857144,0.558278,8700223
1,2021-06-06,13254,8421790,10613,4386398,2126,3683999,515,351393,4568,960030,0.110345,8601,3902259,0.448524,5145,4862289,0.558869,8700223
1,2021-06-07,34048,8455838,23459,4409857,9221,3693220,1368,352761,12059,951739,0.109392,21770,3924029,0.451026,13479,4875768,0.560419,8700223
1,2021-06-08,42348,8498186,29302,4439159,11384,3704604,1662,354423,14727,940878,0.108144,27339,3951368,0.454169,16478,4892246,0.562313,8700223
1,2021-06-09,42259,8540445,29309,4468468,11301,3715905,1649,356072,13740,928120,0.106678,28202,3979570,0.45741,15444,4907690,0.564088,8700223
1,2021-06-10,39240,8579685,26415,4494883,11116,3727021,1709,357781,13374,917699,0.10548,25604,4005174,0.460353,15183,4922873,0.565833,8700223
1,2021-06-11,44178,8623863,29279,4524162,13208,3740229,1691,359472,15675,906957,0.104245,28186,4033360,0.463593,17444,4940317,0.567838,8700223
1,2021-06-12,33872,8657735,24489,4548651,8164,3748393,1219,360691,11103,896795,0.103077,22550,4055910,0.466185,12388,4952705,0.569262,8700223
1,2021-06-13,11648,8669383,8470,4557121,2698,3751091,480,361171,3388,892510,0.102585,8186,4064096,0.467125,3901,4956606,0.56971,8700223
1,2021-06-14,31048,8700431,20895,4578016,8830,3759921,1323,362494,11547,886117,0.10185,19291,4083387,0.469343,12898,4969504,0.571193,8700223
1,2021-06-15,37400,8737831,24501,4602517,11033,3770954,1866,364360,13827,878611,0.100987,23287,4106674,0.472019,15781,4985285,0.573007,8700223
1,2021-06-16,35616,8773447,24067,4626584,9706,3780660,1843,366203,13368,871904,0.100216,21973,4128647,0.474545,15266,5000551,0.574761,8700223
1,2021-06-17,33759,8807206,22316,4648900,9482,3790142,1961,368164,13162,866763,0.099625,20350,4148997,0.476884,15209,5015760,0.576509,8700223
1,2021-06-18,39867,8847073,25900,4674800,11100,3801242,2867,371031,15482,861070,0.098971,24094,4173091,0.479653,18401,5034161,0.578624,8700223
1,2021-06-19,24101,8871174,16721,4691521,6179,3807421,1201,372232,9803,857990,0.098617,14123,4187214,0.481277,11043,5045204,0.579894,8700223
1,2021-06-20,8169,8879343,5985,4697506,1907,3809328,277,372509,3241,856662,0.098464,4857,4192071,0.481835,3529,5048733,0.580299,8700223
1,2021-06-21,21053,8900396,11911,4709417,6943,3816271,2199,374708,10964,859902,0.098837,9970,4202041,0.482981,13210,5061943,0.581818,8700223
1,2021-06-22,30947,8931343,20205,4729622,8589,3824860,2153,376861,12968,857325,0.098541,17760,4219801,0.485022,15183,5077126,0.583563,8700223
1,2021-06-23,29520,8960863,19827,4749449,7868,3832728,1825,378686,12884,855645,0.098347,16413,4236214,0.486909,14733,5091859,0.585256,8700223
1,2021-06-24,28521,8989384,18987,4768436,7853,3840581,1681,380367,12097,853276,0.098075,16216,4252430,0.488773,13847,5105706,0.586848,8700223
1,2021-06-25,31873,9021257,21567,4790003,8893,3849474,1413,381780,14000,851118,0.097827,17629,4270059,0.490799,15471,5121177,0.588626,8700223
1,2021-06-26,22552,9043809,16752,4806755,4959,3854433,841,382621,9850,849283,0.097616,12576,4282635,0.492244,10741,5131918,0.589861,8700223
1,2021-06-27,9207,9053016,6857,4813612,1915,3856348,435,383056,4074,848746,0.097555,5062,4287697,0.492826,4525,5136443,0.590381,8700223
1,2021-06-28,21277,9074293,15808,4829420,4214,3860562,1255,384311,9856,848684,0.097547,11220,4298917,0.494116,11158,5147601,0.591663,8700223
1,2021-06-29,27028,9101321,18495,4847915,7138,3867700,1395,385706,11918,847136,0.097369,14918,4313835,0.49583,13370,5160971,0.5932,8700223
1,2021-06-30,26258,9127579,18165,4866080,7032,3874732,1061,386767,12480,847197,0.097376,13553,4327388,0.497388,13614,5174585,0.594765,8700223
1,2021-07-01,24084,9151663,16735,4882815,6045,3880777,1304,388071,11153,846963,0.09735,12767,4340155,0.498856,12533,5187118,0.596205,8700223
1,2021-07-02,26800,9178463,18409,4901224,7341,3888118,1050,389121,12529,846552,0.097302,14071,4354226,0.500473,13660,5200778,0.597775,8700223
1,2021-07-03,14880,9193343,10389,4911613,4037,3892155,454,389575,7086,846467,0.097293,7659,4361885,0.501353,7574,5208352,0.598646,8700223
1,2021-07-04,1291,9194634,728,4912341,496,3892651,67,389642,623,846505,0.097297,657,4362542,0.501429,695,5209047,0.598726,8700223
1,2021-07-05,11157,9205791,7726,4920067,3067,3895718,364,390006,5293,846416,0.097287,5794,4368336,0.502095,5705,5214752,0.599381,8700223
1,2021-07-06,27539,9233330,19457,4939524,6931,3902649,1151,391157,11013,842339,0.096818,16342,4384678,0.503973,12265,5227017,0.600791,8700223
1,2021-07-07,24061,9257391,16833,4956357,6060,3908709,1168,392325,10366,840452,0.096601,13505,4398183,0.505525,11618,5238635,0.602127,8700223
1,2021-07-08,23021,9280412,15911,4972268,6014,3914723,1096,393421,9951,838656,0.096395,12932,4411115,0.507012,11136,5249771,0.603406,8700223
1,2021-07-09,27208,9307620,19242,4991510,6793,3921516,1173,394594,12253,837358,0.096246,14779,4425894,0.50871,13481,5263252,0.604956,8700223
1,2021-07-10,17976,9325596,12973,5004483,4231,3925747,772,395366,7998,836323,0.096127,9852,4435746,0.509843,8817,5272069,0.605969,8700223
1,2021-07-11,6802,9332398,4980,5009463,1617,3927364,205,395571,3283,836363,0.096131,3466,4439212,0.510241,3506,5275575,0.606372,8700223
1,2021-07-12,20329,9352727,14604,5024067,4829,3932193,896,396467,9000,835166,0.095994,11186,4450398,0.511527,9989,5285564,0.607521,8700223
1,2021-07-13,22498,9375225,15705,5039772,5977,3938170,816,397283,10523,834764,0.095947,11827,4462225,0.512886,11425,5296989,0.608834,8700223
1,2021-07-14,22514,9397739,15464,5055236,6063,3944233,987,398270,10122,833747,0.095831,12235,4474460,0.514293,11218,5308207,0.610123,8700223
1,2021-07-15,21937,9419676,15546,5070782,5657,3949890,734,399004,10601,833999,0.095859,11188,4485648,0.515579,11440,5319647,0.611438,8700223
1,2021-07-16,26956,9446632,18840,5089622,7111,3957001,1005,400009,13360,835020,0.095977,13429,4499077,0.517122,14450,5334097,0.613099,8700223
1,2021-07-17,18741,9465373,13538,5103160,4498,3961499,705,400714,9211,835574,0.096041,9398,4508475,0.518202,9952,5344049,0.614243,8700223
1,2021-07-18,7489,9472862,5528,5108688,1675,3963174,286,401000,3836,836117,0.096103,3595,4512070,0.518615,4138,5348187,0.614718,8700223
1,2021-07-19,20924,9493786,15161,5123849,4930,3968104,833,401833,10497,837250,0.096233,10293,4522363,0.519799,11426,5359613,0.616032,8700223
1,2021-07-20,24987,9518773,17285,5141134,6814,3974918,888,402721,12842,839111,0.096447,11960,4534323,0.521173,13821,5373434,0.61762,8700223
1,2021-07-21,25303,9544076,17808,5158942,6285,3981203,1210,403931,12940,841174,0.096684,12204,4546527,0.522576,14267,5387701,0.61926,8700223
1,2021-07-22,24448,9568524,17287,5176229,6317,3987520,844,404775,13324,844492,0.097066,10941,4557468,0.523833,14259,5401960,0.620899,8700223
1,2021-07-23,29114,9597638,20576,5196805,7516,3995036,1022,405797,16231,849126,0.097598,12686,4570154,0.525292,17320,5419280,0.62289,8700223
1,2021-07-24,18190,9615828,12836,5209641,4788,3999824,566,406363,10710,853067,0.098051,7362,4577516,0.526138,11303,5430583,0.624189,8700223
1,2021-07-25,7502,9623330,5396,5215037,1989,4001813,117,406480,5599,856937,0.098496,1867,4579383,0.526352,5737,5436320,0.624848,8700223
1,2021-07-26,21436,9644766,14823,5229860,5850,4007663,763,407243,13862,864179,0.099328,7454,4586837,0.527209,14696,5451016,0.626538,8700223
1,2021-07-27,27084,9671850,19332,5249192,6812,4014475,940,408183,15967,870192,0.10002,10950,4597787,0.528468,16963,5467979,0.628487,8700223
1,2021-07-28,28102,9699952,19939,5269131,7290,4021765,873,409056,17255,877734,0.100886,10656,4608443,0.529693,18198,5486177,0.630579,8700223
1,2021-07-29,26712,9726664,18953,5288084,6969,4028734,790,409846,16714,885477,0.101776,9824,4618267,0.530822,17567,5503744,0.632598,8700223
1,2021-07-30,31179,9757843,22294,5310378,7981,4036715,904,410750,19079,893611,0.102711,11888,4630155,0.532188,20022,5523766,0.634899,8700223
1,2021-07-31,19982,9777825,14496,5324874,4945,4041660,541,411291,12448,899247,0.103359,7377,4637532,0.533036,13013,5536779,0.636395,8700223
1,2021-08-01,8883,9786708,6696,5331570,2060,4043720,127,411418,6096,902758,0.103763,2741,4640273,0.533351,6252,5543031,0.637114,8700223
1,2021-08-02,24889,9811597,18528,5350098,5656,4049376,705,412123,16211,911199,0.104733,8523,4648796,0.534331,16964,5559995,0.639064,8700223
1,2021-08-03,28560,9840157,20661,5370759,6987,4056363,912,413035,17893,919563,0.105694,10477,4659273,0.535535,18841,5578836,0.641229,8700223
1,2021-08-04,27590,9867747,20043,5390802,6669,4063032,878,413913,17533,928164,0.106683,9854,4669127,0.536668,18455,5597291,0.64335,8700223
1,2021-08-05,27266,9895013,19968,5410770,6399,4069431,899,414812,17205,936430,0.107633,9860,4678987,0.537801,18126,5615417,0.645434,8700223
1,2021-08-06,33670,9928683,24779,5435549,7919,4077350,972,415784,20988,945986,0.108731,12450,4691437,0.539232,22006,5637423,0.647963,8700223
1,2021-08-07,21711,9950394,16280,5451829,4862,4082212,569,416353,13539,952068,0.10943,8039,4699476,0.540156,14121,5651544,0.649586,8700223
1,2021-08-08,10513,9960907,7678,5459507,2635,4084847,200,416553,6842,955519,0.109827,3600,4703076,0.54057,7051,5658595,0.650397,8700223
1,2021-08-09,27769,9988676,20825,5480332,6147,4090994,797,417350,17192,963159,0.110705,10383,4713459,0.541763,18023,5676618,0.652468,8700223
1,2021-08-10,29187,10017863,21462,5501794,6863,4097857,862,418212,17409,969912,0.111481,11570,4725029,0.543093,18323,5694941,0.654574,8700223
1,2021-08-11,26667,10044530,19632,5521426,6136,4103993,899,419111,15729,975837,0.112162,10730,4735759,0.544326,16655,5711596,0.656488,8700223
1,2021-08-12,28307,10072837,20346,5541772,6929,4110922,1032,420143,16891,982651,0.112945,11130,4746889,0.545605,17944,5729540,0.658551,8700223
1,2021-08-13,35315,10108152,25722,5567494,8609,4119531,984,421127,20620,989903,0.113779,14398,4761287,0.54726,21650,5751190,0.661039,8700223
1,2021-08-14,23475,10131627,17825,5585319,5117,4124648,533,421660,13446,994319,0.114287,9581,4770868,0.548362,13997,5765187,0.662648,8700223
1,2021-08-15,10402,10142029,7656,5592975,2601,4127249,145,421805,6000,996383,0.114524,4102,4774970,0.548833,6166,5771353,0.663357,8700223
1,2021-08-16,28461,10170490,20177,5613152,7506,4134755,778,422583,15757,1001084,0.115064,11863,4786833,0.550197,16564,5787917,0.665261,8700223
1,2021-08-17,30519,10201009,21682,5634834,7969,4142724,868,423451,16055,1004478,0.115454,13566,4800399,0.551756,16960,5804877,0.66721,8700223
1,2021-08-18,16492,10217501,11786,5646620,3933,4146657,773,424224,8236,1005803,0.115607,7715,4808114,0.552643,9040,5813917,0.668249,8700223
2,2020-12-15,262,262,262,262,0,0,0,0,262,262,3.1e-05,0,0,0.0,262,262,3.1e-05,8407551
2,2020-12-16,2268,2530,2268,2530,0,0,0,0,2267,2529,0.000301,0,0,0.0,2267,2529,0.000301,8407551
2,2020-12-17,6981,9511,6981,9511,0,0,0,0,6980,9509,0.001131,0,0,0.0,6980,9509,0.001131,8407551
2,2020-12-18,11165,20676,11144,20655,21,21,0,0,11166,20675,0.002459,0,0,0.0,11166,20675,0.002459,8407551
2,2020-12-19,5643,26319,5636,26291,7,28,0,0,5643,26318,0.00313,0,0,0.0,5643,26318,0.00313,8407551
2,2020-12-20,4265,30584,4251,30542,14,42,0,0,4260,30577,0.003637,1,1,0.0,4260,30578,0.003637,8407551
2,2020-12-21,12889,43473,12859,43401,30,72,0,0,12844,43421,0.005165,0,1,0.0,12844,43422,0.005165,8407551
2,2020-12-22,12249,55722,11721,55122,528,600,0,0,12248,55669,0.006621,0,1,0.0,12248,55670,0.006621,8407551
2,2020-12-23,11816,67538,9571,64693,2245,2845,0,0,11816,67484,0.008027,2,3,0.0,11817,67487,0.008027,8407551
2,2020-12-24,5928,73466,3506,68199,2422,5267,0,0,5923,73406,0.008731,3,6,1e-06,5925,73412,0.008732,8407551
2,2020-12-25,501,73967,418,68617,83,5350,0,0,504,73910,0.008791,0,6,1e-06,504,73916,0.008792,8407551
2,2020-12-26,2587,76554,1672,70289,915,6265,0,0,2588,76497,0.009099,1,7,1e-06,2588,76504,0.009099,8407551
2,2020-12-27,2247,78801,1221,71510,1026,7291,0,0,2244,78739,0.009365,2,9,1e-06,2244,78748,0.009366,8407551
2,2020-12-28,11151,89952,7242,78752,3909,11200,0,0,11151,89888,0.010691,2,11,1e-06,11151,89899,0.010693,8407551
2,2020-12-29,12986,102938,7310,86062,5676,16876,0,0,12992,102880,0.012237,0,11,1e-06,12992,102891,0.012238,8407551
2,2020-12-30,15750,118688,8847,94909,6903,23779,0,0,15745,118622,0.014109,5,16,2e-06,15747,118638,0.014111,8407551
2,2020-12-31,7631,126319,2845,97754,4786,28565,0,0,7623,126240,0.015015,5,21,2e-06,7623,126261,0.015018,8407551
2,2021-01-01,1413,127732,680,98434,733,29298,0,0,1409,127645,0.015182,4,25,3e-06,1409,127670,0.015185,8407551
2,2021-01-02,4888,132620,2787,101221,2101,31399,0,0,4884,132527,0.015763,2,27,3e-06,4884,132554,0.015766,8407551
2,2021-01-03,1430,134050,808,102029,622,32021,0,0,1422,133945,0.015932,4,31,4e-06,1422,133976,0.015935,8407551
2,2021-01-04,11813,145863,5629,107658,6184,38205,0,0,11801,145742,0.017335,4,35,4e-06,11801,145777,0.017339,8407551
2,2021-01-05,14027,159890,7034,114692,6993,45198,0,0,12783,157322,0.018712,1238,1273,0.000151,12818,158595,0.018863,8407551
2,2021-01-06,19247,179137,10656,125348,8591,53789,0,0,15291,168731,0.020069,3895,5168,0.000615,15304,173899,0.020684,8407551
2,2021-01-07,23455,202592,13216,138564,10239,64028,0,0,15728,176745,0.021022,7731,12899,0.001534,15745,189644,0.022556,8407551
2,2021-01-08,27114,229706,16351,154915,10763,74791,0,0,16687,183095,0.021777,10368,23267,0.002767,16718,206362,0.024545,8407551
2,2021-01-09,9904,239610,5795,160710,4109,78900,0,0,6313,185831,0.022103,3586,26853,0.003194,6322,212684,0.025297,8407551
2,2021-01-10,5364,244974,2989,163699,2375,81275,0,0,3089,186653,0.022201,2273,29126,0.003464,3095,215779,0.025665,8407551
2,2021-01-11,26197,271171,18118,181817,8079,89354,0,0,15014,190541,0.022663,11180,40306,0.004794,15068,230847,0.027457,8407551
2,2021-01-12,26559,297730,16499,198316,10060,99414,0,0,16856,197784,0.023525,9705,50011,0.005948,16948,247795,0.029473,8407551
2,2021-01-13,28780,326510,15279,213595,13501,112915,0,0,20712,210489,0.025036,8047,58058,0.006905,20752,268547,0.031941,8407551
2,2021-01-14,30738,357248,11766,225361,18972,131887,0,0,26405,232641,0.02767,4335,62393,0.007421,26487,295034,0.035092,8407551
2,2021-01-15,35283,392531,12778,238139,22505,154392,0,0,31947,261355,0.031086,3327,65720,0.007817,32041,327075,0.038903,8407551
2,2021-01-16,18385,410916,6148,244287,12237,166629,0,0,16958,276882,0.032933,1441,67161,0.007988,16968,344043,0.040921,8407551
2,2021-01-17,10604,421520,3580,247867,7024,173653,0,0,9849,285972,0.034014,770,67931,0.00808,9860,353903,0.042093,8407551
2,2021-01-18,19880,441400,11118,258985,8762,182415,0,0,14988,296116,0.03522,4909,72840,0.008664,15053,368956,0.043884,8407551
2,2021-01-19,32908,474308,17117,276102,15791,198206,0,0,24694,312714,0.037194,8211,81051,0.00964,24809,393765,0.046835,8407551
2,2021-01-20,37816,512124,19060,295162,18756,216962,0,0,29095,333213,0.039633,8691,89742,0.010674,29190,422955,0.050307,8407551
2,2021-01-21,41314,553438,17576,312738,23738,240700,0,0,36712,365548,0.043479,4567,94309,0.011217,36902,459857,0.054696,8407551
2,2021-01-22,39835,593273,16650,329388,23185,263885,0,0,36421,398565,0.047406,3432,97741,0.011625,36449,496306,0.059031,8407551
2,2021-01-23,24316,617589,10815,340203,13501,277386,0,0,21315,416933,0.04959,2979,100720,0.01198,21347,517653,0.06157,8407551
2,2021-01-24,12510,630099,6129,346332,6381,283767,0,0,11577,427612,0.05086,917,101637,0.012089,11596,529249,0.062949,8407551
2,2021-01-25,34169,664268,15721,362053,18448,302215,0,0,25224,444093,0.052821,8892,110529,0.013146,25373,554622,0.065967,8407551
2,2021-01-26,40617,704885,19862,381915,20755,322970,0,0,31262,466119,0.055441,9326,119855,0.014256,31352,585974,0.069696,8407551
2,2021-01-27,45961,750846,22776,404691,23185,346155,0,0,35472,491297,0.058435,10362,130217,0.015488,35540,621514,0.073923,8407551
2,2021-01-28,48364,799210,22569,427260,25795,371950,0,0,39502,522089,0.062098,8791,139008,0.016534,39583,661097,0.078631,8407551
2,2021-01-29,45961,845171,22124,449384,23837,395787,0,0,37071,550478,0.065474,8762,147770,0.017576,37151,698248,0.08305,8407551
2,2021-01-30,31519,876690,13355,462739,18164,413951,0,0,28074,575192,0.068414,3405,151175,0.017981,28119,726367,0.086395,8407551
2,2021-01-31,17325,894015,10241,472980,7084,421035,0,0,16095,590103,0.070187,1208,152383,0.018125,16119,742486,0.088312,8407551
2,2021-02-01,41611,935626,19924,492904,21687,442722,0,0,30345,609292,0.07247,11202,163585,0.019457,30391,772877,0.091927,8407551
2,2021-02-02,48240,983866,19618,512522,28622,471344,0,0,36571,634394,0.075455,11570,175155,0.020833,36672,809549,0.096288,8407551
2,2021-02-03,54356,1038222,23915,536437,30441,501785,0,0,39977,660198,0.078524,14275,189430,0.022531,40079,849628,0.101055,8407551
2,2021-02-04,56554,1094776,24271,560708,32283,534068,0,0,41117,686093,0.081604,15327,204757,0.024354,41222,890850,0.105958,8407551
2,2021-02-05,60621,1155397,26335,587043,34286,568354,0,0,40897,707683,0.084172,19505,224262,0.026674,41095,931945,0.110846,8407551
2,2021-02-06,39620,1195017,18444,605487,21176,589530,0,0,31511,731273,0.086978,8031,232293,0.027629,31621,963566,0.114607,8407551
2,2021-02-07,15774,1210791,10442,615929,5332,594862,0,0,11946,739498,0.087956,3794,236087,0.02808,12019,975585,0.116037,8407551
2,2021-02-08,43299,1254090,21944,637873,21355,616217,0,0,29617,755801,0.089895,13531,249618,0.02969,29834,1005419,0.119585,8407551
2,2021-02-09,49837,1303927,23524,661397,26313,642530,0,0,30748,768129,0.091362,18785,268403,0.031924,31113,1036532,0.123286,8407551
2,2021-02-10,59861,1363788,27992,689389,31869,674399,0,0,34497,777937,0.092528,25064,293467,0.034905,34872,1071404,0.127434,8407551
2,2021-02-11,64583,1428371,29679,719068,34904,709303,0,0,35915,786085,0.093498,28290,321757,0.03827,36438,1107842,0.131768,8407551
2,2021-02-12,66291,1494662,28595,747663,37696,746999,0,0,35382,791554,0.094148,30589,352346,0.041908,36058,1143900,0.136056,8407551
2,2021-02-13,38285,1532947,15939,763602,22346,769345,0,0,22051,797863,0.094898,16125,368471,0.043826,22434,1166334,0.138725,8407551
2,2021-02-14,20211,1553158,9407,773009,10804,780149,0,0,11214,800512,0.095213,8939,377410,0.044889,11588,1177922,0.140103,8407551
2,2021-02-15,33452,1586610,15057,788066,18395,798544,0,0,18527,805123,0.095762,14780,392190,0.046647,19391,1197313,0.142409,8407551
2,2021-02-16,56683,1643293,27759,815825,28924,827468,0,0,29776,808809,0.0962,26780,418970,0.049833,30466,1227779,0.146033,8407551
2,2021-02-17,62072,1705365,31918,847743,30154,857622,0,0,30755,809177,0.096244,31212,450182,0.053545,31580,1259359,0.149789,8407551
2,2021-02-18,66724,1772089,33628,881371,33096,890718,0,0,32418,808721,0.09619,34030,484212,0.057593,33574,1292933,0.153782,8407551
2,2021-02-19,60064,1832153,33214,914585,26850,917568,0,0,29769,808994,0.096222,30090,514302,0.061171,30363,1323296,0.157394,8407551
2,2021-02-20,38016,1870169,24640,939225,13376,930944,0,0,20606,813008,0.0967,17295,531597,0.063229,21309,1344605,0.159928,8407551
2,2021-02-21,21922,1892091,17715,956940,4207,935151,0,0,10807,813646,0.096776,11005,542602,0.064537,11643,1356248,0.161313,8407551
2,2021-02-22,39838,1931929,27215,984155,12623,947774,0,0,18861,812406,0.096628,20811,563413,0.067013,19571,1375819,0.163641,8407551
2,2021-02-23,54216,1986145,27667,1011822,26549,974323,0,0,23761,807906,0.096093,30174,593587,0.070602,25674,1401493,0.166695,8407551
2,2021-02-24,71601,2057746,36836,1048658,34765,1009088,0,0,32755,804461,0.095683,38612,632199,0.075194,35167,1436660,0.170877,8407551
2,2021-02-25,77622,2135368,36713,1085371,40909,1049997,0,0,39329,808647,0.096181,38005,670204,0.079715,42191,1478851,0.175896,8407551
2,2021-02-26,86235,2221603,36961,1122332,49274,1099271,0,0,46307,817568,0.097242,39596,709800,0.084424,48517,1527368,0.181666,8407551
2,2021-02-27,63167,2284770,29340,1151672,33819,1133090,8,8,34137,824284,0.098041,28775,738575,0.087847,35491,1562859,0.185888,8407551
2,2021-02-28,31112,2315882,18617,1170289,12494,1145584,1,9,18004,830173,0.098741,12972,751547,0.08939,18861,1581720,0.188131,8407551
2,2021-03-01,59275,2375157,30884,1201173,28315,1173899,76,85,32279,837111,0.099567,26657,778204,0.09256,33595,1615315,0.192127,8407551
2,2021-03-02,70928,2446085,34053,1235226,36860,1210759,15,100,39690,848151,0.10088,31039,809243,0.096252,42079,1657394,0.197132,8407551
2,2021-03-03,81984,2528069,39517,1274743,42448,1253207,19,119,46246,861570,0.102476,35499,844742,0.100474,48918,1706312,0.20295,8407551
2,2021-03-04,89804,2617873,43998,1318741,45773,1298980,33,152,51383,877243,0.10434,38155,882897,0.105012,53828,1760140,0.209352,8407551
2,2021-03-05,83407,2701280,39122,1357863,43965,1342945,320,472,50624,898055,0.106815,32534,915431,0.108882,53346,1813486,0.215697,8407551
2,2021-03-06,63599,2764879,31039,1388902,30846,1373791,1714,2186,38958,915661,0.108909,24497,939928,0.111796,42103,1855589,0.220705,8407551
2,2021-03-07,28832,2793711,16372,1405274,10913,1384704,1547,3733,18241,926058,0.110146,10512,950440,0.113046,20909,1876498,0.223192,8407551
2,2021-03-08,51163,2844874,23449,1428723,25138,1409842,2576,6309,32118,943464,0.112216,18923,969363,0.115297,36329,1912827,0.227513,8407551
2,2021-03-09,71110,2915984,32365,1461088,34871,1444713,3874,10183,39329,956379,0.113752,31628,1000991,0.119059,44543,1957370,0.232811,8407551
2,2021-03-10,79055,2995039,37374,1498462,35085,1479798,6596,16779,41881,969233,0.115281,36939,1037930,0.123452,49793,2007163,0.238733,8407551
2,2021-03-11,93725,3088764,43255,1541717,42065,1521863,8405,25184,48835,983286,0.116953,44559,1082489,0.128752,58612,2065775,0.245705,8407551
2,2021-03-12,94704,3183468,39008,1580725,43697,1565560,11999,37183,46964,996147,0.118482,47470,1129959,0.134398,60331,2126106,0.252881,8407551
2,2021-03-13,69545,3253013,29086,1609811,32436,1597996,8023,45206,38134,1012304,0.120404,31260,1161219,0.138116,47417,2173523,0.25852,8407551
2,2021-03-14,37146,3290159,18362,1628173,14260,1612256,4524,49730,18648,1017819,0.12106,18386,1179605,0.140303,23901,2197424,0.261363,8407551
2,2021-03-15,67799,3357958,30613,1658786,32162,1644418,5024,54754,37309,1030998,0.122628,30249,1209854,0.143901,43428,2240852,0.266529,8407551
2,2021-03-16,86772,3444730,38439,1697225,44298,1688716,4035,58789,52318,1054236,0.125392,34234,1244088,0.147973,57472,2298324,0.273364,8407551
2,2021-03-17,93357,3538087,44722,1741947,44421,1733137,4214,63003,59084,1084355,0.128974,33980,1278068,0.152014,64099,2362423,0.280988,8407551
2,2021-03-18,98678,3636765,47084,1789031,46972,1780109,4622,67625,59811,1110811,0.132121,38521,1316589,0.156596,64977,2427400,0.288717,8407551
2,2021-03-19,97975,3734740,46391,1835422,45418,1825527,6166,73791,57781,1135386,0.135044,39865,1356454,0.161338,64440,2491840,0.296381,8407551
2,2021-03-20,70376,3805116,34071,1869493,32305,1857832,4000,77791,45845,1161293,0.138125,24281,1380735,0.164226,50188,2542028,0.302351,8407551
2,2021-03-21,33747,3838863,21749,1891242,9990,1867822,2008,79799,20148,1170451,0.139214,13432,1394167,0.165823,22590,2564618,0.305037,8407551
2,2021-03-22,63229,3902092,34807,1926049,25778,1893600,2644,82443,41794,1194608,0.142088,21178,1415345,0.168342,45335,2609953,0.31043,8407551
2,2021-03-23,84337,3986429,44822,1970871,36582,1930182,2933,85376,52280,1218907,0.144978,31752,1447097,0.172119,56051,2666004,0.317096,8407551
2,2021-03-24,92320,4078749,49598,2020469,39538,1969720,3184,88560,53790,1238528,0.147311,38169,1485266,0.176659,57790,2723794,0.32397,8407551
2,2021-03-25,101999,4180748,51435,2071904,46629,2016349,3935,92495,57262,1256146,0.149407,44347,1529613,0.181933,61965,2785759,0.33134,8407551
2,2021-03-26,104075,4284823,51577,2123481,48999,2065348,3499,95994,56509,1270046,0.15106,47153,1576766,0.187542,61053,2846812,0.338602,8407551
2,2021-03-27,76109,4360932,37979,2161460,34813,2100161,3317,99311,37890,1274178,0.151552,37939,1614705,0.192054,42071,2888883,0.343606,8407551
2,2021-03-28,38008,4398940,23487,2184947,13710,2113871,811,100122,20221,1278417,0.152056,17645,1632350,0.194153,21884,2910767,0.346209,8407551
2,2021-03-29,72162,4471102,36651,2221598,33228,2147099,2283,102405,40738,1291237,0.153581,31187,1663537,0.197862,44007,2954774,0.351443,8407551
2,2021-03-30,92683,4563785,45396,2266994,42895,2189994,4392,106797,51763,1307331,0.155495,40689,1704226,0.202702,56783,3011557,0.358197,8407551
2,2021-03-31,101809,4665594,52481,2319475,44193,2234187,5135,111932,57504,1326376,0.15776,43970,1748196,0.207932,63015,3074572,0.365692,8407551
2,2021-04-01,118534,4784128,57241,2376716,51970,2286157,9323,121255,64274,1346570,0.160162,53799,1801995,0.214331,73993,3148565,0.374493,8407551
2,2021-04-02,112331,4896459,51741,2428457,50329,2336486,10261,131516,59970,1365315,0.162392,51936,1853931,0.220508,70681,3219246,0.382899,8407551
2,2021-04-03,77189,4973648,37936,2466393,29376,2365862,9877,141393,38183,1374962,0.163539,38781,1892712,0.22512,48428,3267674,0.388659,8407551
2,2021-04-04,29121,5002769,14986,2481379,10257,2376119,3878,145271,13049,1375958,0.163657,15956,1908668,0.227018,16952,3284626,0.390676,8407551
2,2021-04-05,79670,5082439,39021,2520400,31748,2407867,8901,154172,38357,1382840,0.164476,41118,1949786,0.231909,48000,3332626,0.396385,8407551
2,2021-04-06,104481,5186920,50892,2571292,38822,2446689,14767,168939,49401,1392625,0.16564,54784,2004570,0.238425,64569,3397195,0.404065,8407551
2,2021-04-07,111220,5298140,55503,2626795,39379,2486068,16338,185277,52182,1402644,0.166831,58724,2063294,0.24541,68743,3465938,0.412241,8407551
2,2021-04-08,119895,5418035,57702,2684497,43356,2529424,18837,204114,55595,1413678,0.168144,63914,2127208,0.253012,74948,3540886,0.421155,8407551
2,2021-04-09,119448,5537483,57445,2741942,43769,2573193,18234,222348,56410,1426488,0.169667,62642,2189850,0.260462,75452,3616338,0.43013,8407551
2,2021-04-10,87929,5625412,37916,2779858,31511,2604704,18502,240850,36196,1430374,0.17013,51460,2241310,0.266583,55346,3671684,0.436713,8407551
2,2021-04-11,44633,5670045,23148,2803006,12981,2617685,8504,249354,18253,1431614,0.170277,26223,2267533,0.269702,27463,3699147,0.439979,8407551
2,2021-04-12,80482,5750527,37463,2840469,33541,2651226,9478,258832,35804,1433480,0.170499,44389,2311922,0.274982,46255,3745402,0.445481,8407551
2,2021-04-13,102311,5852838,53110,2893579,48933,2700159,268,259100,55888,1444404,0.171798,46127,2358049,0.280468,57051,3802453,0.452266,8407551
2,2021-04-14,107222,5960060,56176,2949755,50986,2751145,60,259160,54653,1448314,0.172263,52242,2410291,0.286682,56152,3858605,0.458945,8407551
2,2021-04-15,113577,6073637,60269,3010024,53212,2804357,96,259256,59142,1454608,0.173012,54019,2464310,0.293107,60313,3918918,0.466119,8407551
2,2021-04-16,111196,6184833,57647,3067671,53490,2857847,59,259315,56357,1457414,0.173346,54465,2518775,0.299585,57271,3976189,0.472931,8407551
2,2021-04-17,83808,6268641,42632,3110303,41161,2899008,15,259330,46742,1468245,0.174634,36797,2555572,0.303962,47628,4023817,0.478596,8407551
2,2021-04-18,36039,6304680,21895,3132198,14133,2913141,11,259341,17064,1467485,0.174544,18829,2574401,0.306201,18069,4041886,0.480745,8407551
2,2021-04-19,75107,6379787,40441,3172639,34647,2947788,19,259360,34064,1461427,0.173823,40754,2615155,0.311048,34696,4076582,0.484872,8407551
2,2021-04-20,97829,6477616,49488,3222127,48313,2996101,28,259388,47179,1459101,0.173546,50281,2665436,0.317029,47955,4124537,0.490575,8407551
2,2021-04-21,104282,6581898,56479,3278606,47734,3043835,69,259457,49156,1454688,0.173022,54619,2720055,0.323525,50206,4174743,0.496547,8407551
2,2021-04-22,108785,6690683,56282,3334888,52475,3096310,28,259485,47543,1442355,0.171555,60784,2780839,0.330755,48451,4223194,0.50231,8407551
2,2021-04-23,108375,6799058,57699,3392587,50657,3146967,19,259504,49986,1435339,0.17072,57950,2838789,0.337648,50934,4274128,0.508368,8407551
2,2021-04-24,81233,6880291,47825,3440412,33365,3180332,43,259547,42226,1439917,0.171265,38636,2877425,0.342243,43214,4317342,0.513508,8407551
2,2021-04-25,36713,6917004,22604,3463016,14093,3194425,16,259563,19943,1443739,0.171719,16612,2894037,0.344219,20434,4337776,0.515938,8407551
2,2021-04-26,74595,6991599,41342,3504358,32937,3227362,316,259879,34171,1439550,0.171221,40131,2934168,0.348992,35942,4373718,0.520213,8407551
2,2021-04-27,88652,7080251,46800,3551158,40479,3267841,1373,261252,37936,1429790,0.17006,50316,2984484,0.354977,40556,4414274,0.525037,8407551
2,2021-04-28,88618,7168869,47386,3598544,39352,3307193,1880,263132,38999,1422331,0.169173,49259,3033743,0.360836,41800,4456074,0.530009,8407551
2,2021-04-29,91602,7260471,49914,3648458,39968,3347161,1720,264852,35506,1404476,0.167049,55685,3089428,0.367459,37830,4493904,0.534508,8407551
2,2021-04-30,95253,7355724,52634,3701092,40607,3387768,2012,266864,36937,1386256,0.164882,57825,3147253,0.374336,39605,4533509,0.539219,8407551
2,2021-05-01,62962,7418686,38407,3739499,22952,3410720,1603,268467,24532,1375162,0.163563,38083,3185336,0.378866,26989,4560498,0.542429,8407551
2,2021-05-02,29390,7448076,20460,3759959,7953,3418673,977,269444,11154,1369292,0.162865,18090,3203426,0.381018,12220,4572718,0.543882,8407551
2,2021-05-03,60868,7508944,36157,3796116,22644,3441317,2067,271511,20416,1351874,0.160793,40162,3243588,0.385795,22744,4595462,0.546587,8407551
2,2021-05-04,80312,7589256,47952,3844068,29953,3471270,2407,273918,26025,1326780,0.157808,53916,3297504,0.392207,28822,4624284,0.550016,8407551
2,2021-05-05,80943,7670199,48231,3892299,30348,3501618,2364,276282,25290,1299557,0.15457,55245,3352749,0.398778,28022,4652306,0.553349,8407551
2,2021-05-06,83362,7753561,50630,3942929,29797,3531415,2935,279217,25354,1270977,0.151171,57502,3410251,0.405618,28922,4681228,0.556789,8407551
2,2021-05-07,84110,7837671,48561,3991490,33116,3564531,2433,281650,25845,1241852,0.147707,57854,3468105,0.412499,28729,4709957,0.560206,8407551
2,2021-05-08,55916,7893587,33920,4025410,20268,3584799,1728,283378,17479,1223597,0.145535,38191,3506296,0.417041,19936,4729893,0.562577,8407551
2,2021-05-09,21929,7915516,15791,4041201,5389,3590188,749,284127,6337,1215416,0.144562,15497,3521793,0.418885,7316,4737209,0.563447,8407551
2,2021-05-10,50489,7966005,27527,4068728,21073,3611261,1889,286016,14222,1196136,0.142269,35993,3557786,0.423166,16713,4753922,0.565435,8407551
2,2021-05-11,66611,8032616,36115,4104843,28358,3639619,2138,288154,20037,1172751,0.139488,46250,3604036,0.428667,22865,4776787,0.568154,8407551
2,2021-05-12,65526,8098142,34927,4139770,28360,3667979,2239,290393,19251,1148705,0.136628,45948,3649984,0.434132,21902,4798689,0.570759,8407551
2,2021-05-13,71353,8169495,41455,4181225,27942,3695921,1956,292349,26074,1132506,0.134701,44968,3694952,0.43948,28769,4827458,0.574181,8407551
2,2021-05-14,80312,8249807,48150,4229375,29884,3725805,2278,294627,30828,1117149,0.132874,49103,3744055,0.445321,33746,4861204,0.578195,8407551
2,2021-05-15,66827,8316634,43899,4273274,21205,3747010,1723,296350,25905,1104523,0.131373,40657,3784712,0.450156,28031,4889235,0.581529,8407551
2,2021-05-16,31814,8348448,23809,4297083,7078,3754088,927,297277,12942,1099795,0.13081,18729,3803441,0.452384,14001,4903236,0.583194,8407551
2,2021-05-17,58267,8406715,36930,4334013,19374,3773462,1963,299240,22946,1090007,0.129646,35062,3838503,0.456554,25274,4928510,0.5862,8407551
2,2021-05-18,70438,8477153,41213,4375226,27253,3800715,1972,301212,27924,1078217,0.128244,42226,3880729,0.461577,30436,4958946,0.589821,8407551
2,2021-05-19,69187,8546340,40941,4416167,26225,3826940,2021,303233,27350,1066546,0.126856,41513,3922242,0.466514,29842,4988788,0.59337,8407551
2,2021-05-20,69929,8616269,40591,4456758,27142,3854082,2196,305429,26594,1052950,0.125239,42986,3965228,0.471627,29390,5018178,0.596866,8407551
2,2021-05-21,73502,8689771,43412,4500170,27917,3881999,2173,307602,27927,1038411,0.123509,45200,4010428,0.477003,30661,5048839,0.600512,8407551
2,2021-05-22,53901,8743672,34229,4534399,17896,3899895,1776,309378,22492,1032053,0.122753,31166,4041594,0.48071,24808,5073647,0.603463,8407551
2,2021-05-23,24460,8768132,16689,4551088,7045,3906940,726,310104,10255,1029099,0.122402,14076,4055670,0.482384,11122,5084769,0.604786,8407551
2,2021-05-24,45207,8813339,25713,4576801,17709,3924649,1785,311889,17375,1021009,0.12144,27592,4083262,0.485666,19502,5104271,0.607106,8407551
2,2021-05-25,51128,8864467,29965,4606766,19289,3943938,1874,313763,19429,1011465,0.120304,31386,4114648,0.489399,21842,5126113,0.609703,8407551
2,2021-05-26,48895,8913362,27399,4634165,19807,3963745,1689,315452,19092,1003122,0.119312,29464,4144112,0.492904,21121,5147234,0.612216,8407551
2,2021-05-27,46662,8960024,26454,4660619,18471,3982216,1737,317189,18596,996145,0.118482,27814,4171926,0.496212,20837,5168071,0.614694,8407551
2,2021-05-28,50248,9010272,27782,4688401,20486,4002702,1980,319169,21042,990660,0.11783,28942,4200868,0.499654,23457,5191528,0.617484,8407551
2,2021-05-29,29063,9039335,17416,4705817,10586,4013288,1061,320230,13248,989494,0.117691,15652,4216520,0.501516,14486,5206014,0.619207,8407551
2,2021-05-30,12700,9052035,8185,4714002,3747,4017035,768,320998,5536,988764,0.117604,7100,4223620,0.50236,6370,5212384,0.619965,8407551
2,2021-05-31,5920,9057955,3464,4717466,2152,4019187,304,321302,1842,986942,0.117388,4016,4227636,0.502838,2194,5214578,0.620226,8407551
2,2021-06-01,44892,9102847,25774,4743240,17453,4036640,1665,322967,15593,975597,0.116038,28973,4256609,0.506284,17628,5232206,0.622322,8407551
2,2021-06-02,38298,9141145,22519,4765759,14358,4050998,1421,324388,14960,969213,0.115279,23066,4279675,0.509028,16682,5248888,0.624306,8407551
2,2021-06-03,41443,9182588,26679,4792438,13288,4064286,1476,325864,13921,957723,0.113912,27273,4306948,0.512271,15783,5264671,0.626184,8407551
2,2021-06-04,48126,9230714,31432,4823870,15148,4079434,1546,327410,15492,942962,0.112157,32322,4339270,0.516116,17561,5282232,0.628272,8407551
2,2021-06-05,37932,9268646,27060,4850930,9403,4088837,1469,328879,11778,930718,0.1107,25915,4365185,0.519198,13671,5295903,0.629898,8407551
2,2021-06-06,14951,9283597,12268,4863198,2104,4090941,579,329458,4654,925913,0.110129,10231,4375416,0.520415,5426,5301329,0.630544,8407551
2,2021-06-07,33322,9316919,23313,4886511,8730,4099671,1279,330737,10809,915884,0.108936,22357,4397773,0.523074,12328,5313657,0.63201,8407551
2,2021-06-08,40654,9357573,28769,4915280,10517,4110188,1368,332105,12447,902125,0.107299,27958,4425731,0.5264,14199,5327856,0.633699,8407551
2,2021-06-09,38167,9395740,26643,4941923,10024,4120212,1500,333605,11522,889026,0.105741,26447,4452178,0.529545,13348,5341204,0.635287,8407551
2,2021-06-10,37794,9433534,26284,4968207,9979,4130191,1531,335136,11560,876555,0.104258,26038,4478216,0.532642,13567,5354771,0.6369,8407551
2,2021-06-11,41305,9474839,27414,4995621,12220,4142411,1671,336807,13169,863828,0.102744,27870,4506086,0.535957,15143,5369914,0.638701,8407551
2,2021-06-12,29509,9504348,21728,5017349,6866,4149277,915,337722,8647,852903,0.101445,20719,4526805,0.538421,9794,5379708,0.639866,8407551
2,2021-06-13,12222,9516570,8924,5026273,2679,4151956,619,338341,3092,847716,0.100828,9066,4535871,0.5395,3879,5383587,0.640328,8407551
2,2021-06-14,29919,9546489,21228,5047501,7490,4159446,1201,339542,10309,839991,0.099909,19439,4555310,0.541812,11714,5395301,0.641721,8407551
2,2021-06-15,35602,9582091,23691,5071192,9861,4169307,2050,341592,11933,830935,0.098832,23419,4578729,0.544597,14363,5409664,0.643429,8407551
2,2021-06-16,33032,9615123,22798,5093990,8431,4177738,1803,343395,11368,822929,0.09788,21491,4600220,0.547153,13485,5423149,0.645033,8407551
2,2021-06-17,30867,9645990,20625,5114615,8438,4186176,1804,345199,10895,816038,0.09706,19797,4620017,0.549508,12906,5436055,0.646568,8407551
2,2021-06-18,34798,9680788,22935,5137550,9986,4196162,1877,347076,12646,808884,0.096209,21930,4641947,0.552116,14776,5450831,0.648326,8407551
2,2021-06-19,20972,9701760,14612,5152162,5101,4201263,1259,348335,7924,805381,0.095793,12884,4654831,0.553649,9381,5460212,0.649441,8407551
2,2021-06-20,8296,9710056,5932,5158094,1899,4203162,465,348800,3066,803795,0.095604,5187,4660018,0.554266,3601,5463813,0.64987,8407551
2,2021-06-21,19348,9729404,11842,5169936,6184,4209346,1322,350122,9878,805830,0.095846,9348,4669366,0.555378,11383,5475196,0.651224,8407551
2,2021-06-22,26907,9756311,18434,5188370,7093,4216439,1380,351502,10541,801830,0.09537,16195,4685561,0.557304,12195,5487391,0.652674,8407551
2,2021-06-23,25938,9782249,17905,5206275,6405,4222844,1628,353130,10559,799074,0.095042,15237,4700798,0.559116,12481,5499872,0.654159,8407551
2,2021-06-24,25355,9807604,17260,5223535,6574,4229418,1521,354651,10448,796521,0.094739,14755,4715553,0.560871,12202,5512074,0.65561,8407551
2,2021-06-25,28772,9836376,19494,5243029,7783,4237201,1495,356146,12003,793650,0.094397,16609,4732162,0.562847,13738,5525812,0.657244,8407551
2,2021-06-26,18659,9855035,13732,5256761,3995,4241196,932,357078,7605,791480,0.094139,10964,4743126,0.564151,8794,5534606,0.65829,8407551
2,2021-06-27,8799,9863834,6719,5263480,1632,4242828,448,357526,3524,790354,0.094005,5222,4748348,0.564772,4096,5538702,0.658777,8407551
2,2021-06-28,19805,9883639,15043,5278523,3517,4246345,1245,358771,8719,789553,0.09391,10956,4759304,0.566075,10155,5548857,0.659985,8407551
2,2021-06-29,22776,9906415,15849,5294372,5853,4252198,1074,359845,9732,787687,0.093688,12905,4772209,0.56761,11039,5559896,0.661298,8407551
2,2021-06-30,22006,9928421,15593,5309965,5390,4257588,1023,360868,9794,786666,0.093567,12068,4784277,0.569045,11047,5570943,0.662612,8407551
2,2021-07-01,19889,9948310,14039,5324004,4962,4262550,888,361756,8823,785644,0.093445,10936,4795213,0.570346,9914,5580857,0.663791,8407551
2,2021-07-02,22873,9971183,15758,5339762,6089,4268639,1026,362782,10120,784400,0.093297,12592,4807805,0.571844,11348,5592205,0.665141,8407551
2,2021-07-03,12542,9983725,9029,5348791,3038,4271677,475,363257,5724,783999,0.093249,6721,4814526,0.572643,6320,5598525,0.665892,8407551
2,2021-07-04,1012,9984737,595,5349386,350,4272027,67,363324,434,783956,0.093244,567,4815093,0.572711,524,5599049,0.665955,8407551
2,2021-07-05,11055,9995792,8093,5357479,2553,4274580,409,363733,5060,783623,0.093205,5929,4821022,0.573416,5596,5604645,0.66662,8407551
2,2021-07-06,23702,10019494,17220,5374699,5502,4280082,980,364713,9170,779661,0.092733,14383,4835405,0.575126,10421,5615066,0.66786,8407551
2,2021-07-07,20563,10040057,14659,5389358,4804,4284886,1100,365813,8737,778076,0.092545,11684,4847089,0.576516,10099,5625165,0.669061,8407551
2,2021-07-08,19162,10059219,13340,5402698,4781,4289667,1041,366854,8069,776399,0.092345,10990,4858079,0.577823,9313,5634478,0.670169,8407551
2,2021-07-09,22474,10081693,15559,5418257,5664,4295331,1251,368105,9497,774506,0.09212,12839,4870918,0.57935,10946,5645424,0.671471,8407551
2,2021-07-10,14260,10095953,10510,5428767,3066,4298397,684,368789,6260,773702,0.092025,7907,4878825,0.580291,7103,5652527,0.672316,8407551
2,2021-07-11,6545,10102498,4808,5433575,1388,4299785,349,369138,3075,773771,0.092033,3426,4882251,0.580698,3495,5656022,0.672731,8407551
2,2021-07-12,18160,10120658,13348,5446923,3942,4303727,870,370008,7804,772402,0.09187,10242,4892493,0.581917,8873,5664895,0.673787,8407551
2,2021-07-13,19481,10140139,13744,5460667,4856,4308583,881,370889,8708,771555,0.091769,10630,4903123,0.583181,9783,5674678,0.67495,8407551
2,2021-07-14,18645,10158784,13299,5473966,4561,4313144,785,371674,8321,770675,0.091665,10196,4913319,0.584394,9316,5683994,0.676058,8407551
2,2021-07-15,18770,10177554,13616,5487582,4460,4317604,694,372368,8535,770000,0.091584,10118,4923437,0.585597,9443,5693437,0.677181,8407551
2,2021-07-16,22780,10200334,16374,5503956,5577,4323181,829,373197,10929,770241,0.091613,11720,4935157,0.586991,11961,5705398,0.678604,8407551
2,2021-07-17,14336,10214670,10434,5514390,3370,4326551,532,373729,6917,770495,0.091643,7329,4942486,0.587863,7583,5712981,0.679506,8407551
2,2021-07-18,6975,10221645,5209,5519599,1438,4327989,328,374057,3530,771019,0.091706,3402,4945888,0.588267,3926,5716907,0.679973,8407551
2,2021-07-19,18368,10240013,13687,5533286,3941,4331930,740,374797,9125,771941,0.091815,9126,4955014,0.589353,10048,5726955,0.681168,8407551
2,2021-07-20,20818,10260831,14814,5548100,5168,4337098,836,375633,10548,773407,0.09199,10136,4965150,0.590558,11602,5738557,0.682548,8407551
2,2021-07-21,20325,10281156,14778,5562878,4782,4341880,765,376398,10535,775236,0.092207,9666,4974816,0.591708,11495,5750052,0.683915,8407551
2,2021-07-22,20243,10301399,14461,5577339,4932,4346812,850,377248,10821,777802,0.092512,9279,4984095,0.592812,11845,5761897,0.685324,8407551
2,2021-07-23,24306,10325705,17015,5594354,6247,4353059,1044,378292,13232,781361,0.092936,10916,4995011,0.59411,14475,5776372,0.687046,8407551
2,2021-07-24,14752,10340457,10625,5604979,3634,4356693,493,378785,8245,783813,0.093227,6400,5001411,0.594871,8852,5785224,0.688099,8407551
2,2021-07-25,6675,10347132,4912,5609891,1623,4358316,140,378925,4940,787239,0.093635,1693,5003104,0.595073,5119,5790343,0.688707,8407551
2,2021-07-26,18922,10366054,13351,5623242,4801,4363117,770,379695,11993,793315,0.094357,6813,5009917,0.595883,12889,5803232,0.69024,8407551
2,2021-07-27,22736,10388790,16453,5639695,5432,4368549,851,380546,13329,798394,0.094962,9252,5019169,0.596983,14331,5817563,0.691945,8407551
2,2021-07-28,22537,10411327,16104,5655799,5534,4374083,899,381445,13327,803755,0.095599,9047,5028216,0.59806,14408,5831971,0.693659,8407551
2,2021-07-29,21341,10432668,15292,5671091,5133,4379216,916,382361,12894,809407,0.096271,8304,5036520,0.599047,13956,5845927,0.695319,8407551
2,2021-07-30,26142,10458810,18615,5689706,6574,4385790,953,383314,15651,815914,0.097045,10299,5046819,0.600272,16806,5862733,0.697318,8407551
2,2021-07-31,15714,10474524,11582,5701288,3623,4389413,509,383823,9510,819988,0.09753,6079,5052898,0.600995,10153,5872886,0.698525,8407551
2,2021-08-01,8021,10482545,6175,5707463,1677,4391090,169,383992,5262,822783,0.097862,2699,5055597,0.601316,5494,5878380,0.699179,8407551
2,2021-08-02,21201,10503746,15951,5723414,4498,4395588,752,384744,13454,829497,0.098661,7605,5063202,0.602221,14319,5892699,0.700882,8407551
2,2021-08-03,23998,10527744,17486,5740900,5505,4401093,1007,385751,14934,836648,0.099511,8918,5072120,0.603282,16069,5908768,0.702793,8407551
2,2021-08-04,22611,10550355,16737,5757637,5011,4406104,863,386614,14082,843302,0.100303,8388,5080508,0.604279,15042,5923810,0.704582,8407551
2,2021-08-05,22978,10573333,16875,5774512,5206,4411310,897,387511,14227,849959,0.101095,8580,5089088,0.6053,15237,5939047,0.706394,8407551
2,2021-08-06,27552,10600885,20180,5794692,6398,4417708,974,388485,16797,857285,0.101966,10569,5099657,0.606557,17895,5956942,0.708523,8407551
2,2021-08-07,16848,10617733,12520,5807212,3741,4421449,587,389072,10363,861939,0.10252,6377,5106034,0.607315,11031,5967973,0.709835,8407551
2,2021-08-08,9359,10627092,7088,5814300,2043,4423492,228,389300,5859,864653,0.102842,3415,5109449,0.607721,6129,5974102,0.710564,8407551
2,2021-08-09,23150,10650242,17775,5832075,4624,4428116,751,390051,14030,870598,0.10355,8964,5118413,0.608788,14909,5989011,0.712337,8407551
2,2021-08-10,24208,10674450,17852,5849927,5523,4433639,833,390884,14248,876031,0.104196,9787,5128200,0.609952,15220,6004231,0.714147,8407551
2,2021-08-11,21836,10696286,16302,5866229,4644,4438283,890,391774,12701,880756,0.104758,8960,5137160,0.611017,13685,6017916,0.715775,8407551
2,2021-08-12,23640,10719926,16936,5883165,5677,4443960,1027,392801,13790,886032,0.105385,9640,5146800,0.612164,14916,6032832,0.717549,8407551
2,2021-08-13,29446,10749372,21303,5904468,7141,4451101,1002,393803,17041,892156,0.106114,12052,5158852,0.613597,18176,6051008,0.719711,8407551
2,2021-08-14,18588,10767960,13706,5918174,4389,4455490,493,394296,10443,895663,0.106531,7564,5166416,0.614497,11071,6062079,0.721028,8407551
2,2021-08-15,9679,10777639,7253,5925427,2243,4457733,183,394479,5316,897286,0.106724,3946,5170362,0.614966,5569,6067648,0.72169,8407551
2,2021-08-16,24396,10802035,17292,5942719,6280,4464013,824,395303,12731,900550,0.107112,10438,5180800,0.616208,13702,6081350,0.72332,8407551
2,2021-08-17,25197,10827232,17923,5960642,6385,4470398,889,396192,12514,902787,0.107378,11291,5192091,0.617551,13528,6094878,0.724929,8407551
2,2021-08-18,12986,10840218,9078,5969720,3174,4473572,734,396926,6294,903963,0.107518,5967,5198058,0.618261,7143,6102021,0.725779,8407551
3,2020-12-15,340,340,340,340,0,0,0,0,340,340,4.2e-05,0,0,0.0,340,340,4.2e-05,8129050
3,2020-12-16,2515,2855,2515,2855,0,0,0,0,2516,2856,0.000351,0,0,0.0,2516,2856,0.000351,8129050
3,2020-12-17,7935,10790,7935,10790,0,0,0,0,7935,10791,0.001327,0,0,0.0,7935,10791,0.001327,8129050
3,2020-12-18,13552,24342,13531,24321,21,21,0,0,13548,24339,0.002994,0,0,0.0,13548,24339,0.002994,8129050
3,2020-12-19,7272,31614,7259,31580,13,34,0,0,7335,31674,0.003896,0,0,0.0,7335,31674,0.003896,8129050
3,2020-12-20,5679,37293,5666,37246,13,47,0,0,5726,37399,0.004601,1,1,0.0,5726,37400,0.004601,8129050
3,2020-12-21,14443,51736,14415,51661,28,75,0,0,14507,51905,0.006385,1,2,0.0,14507,51907,0.006385,8129050
3,2020-12-22,14925,66661,14327,65988,598,673,0,0,14962,66864,0.008225,3,5,1e-06,14962,66869,0.008226,8129050
3,2020-12-23,14964,81625,12324,78312,2640,3313,0,0,14980,81843,0.010068,2,7,1e-06,14981,81850,0.010069,8129050
3,2020-12-24,6829,88454,4888,83200,1941,5254,0,0,6826,88667,0.010907,2,9,1e-06,6826,88676,0.010909,8129050
3,2020-12-25,737,89191,676,83876,61,5315,0,0,734,89401,0.010998,0,9,1e-06,734,89410,0.010999,8129050
3,2020-12-26,4649,93840,3013,86889,1636,6951,0,0,4647,94048,0.011569,0,9,1e-06,4647,94057,0.01157,8129050
3,2020-12-27,3021,96861,1868,88757,1153,8104,0,0,3021,97069,0.011941,0,9,1e-06,3021,97078,0.011942,8129050
3,2020-12-28,13773,110634,8810,97567,4963,13067,0,0,13796,110864,0.013638,1,10,1e-06,13796,110874,0.013639,8129050
3,2020-12-29,15432,126066,8747,106314,6685,19752,0,0,15458,126320,0.015539,2,12,1e-06,15458,126332,0.015541,8129050
3,2020-12-30,18408,144474,10328,116642,8080,27832,0,0,18414,144733,0.017804,2,14,2e-06,18415,144747,0.017806,8129050
3,2020-12-31,8518,152992,3261,119903,5257,33089,0,0,8518,153249,0.018852,2,16,2e-06,8518,153265,0.018854,8129050
3,2021-01-01,1821,154813,874,120777,947,34036,0,0,1816,155064,0.019075,1,17,2e-06,1816,155081,0.019077,8129050
3,2021-01-02,4985,159798,2448,123225,2537,36573,0,0,4984,160048,0.019688,0,17,2e-06,4984,160065,0.01969,8129050
3,2021-01-03,1637,161435,862,124087,775,37348,0,0,1628,161674,0.019888,2,19,2e-06,1628,161693,0.019891,8129050
3,2021-01-04,12163,173598,6043,130130,6120,43468,0,0,12132,173797,0.02138,9,28,3e-06,12132,173825,0.021383,8129050
3,2021-01-05,15885,189483,8243,138373,7642,51110,0,0,14179,186321,0.02292,1688,1716,0.000211,14212,188037,0.023131,8129050
3,2021-01-06,20755,210238,11006,149379,9749,60859,0,0,16134,197895,0.024344,4572,6288,0.000774,16146,204183,0.025118,8129050
3,2021-01-07,26828,237066,15358,164737,11470,72329,0,0,17266,205657,0.025299,9523,15811,0.001945,17285,221468,0.027244,8129050
3,2021-01-08,30877,267943,18882,183619,11995,84324,0,0,18285,211402,0.026006,12567,28378,0.003491,18312,239780,0.029497,8129050
3,2021-01-09,12536,280479,7079,190698,5457,89781,0,0,7993,214868,0.026432,4536,32914,0.004049,8002,247782,0.030481,8129050
3,2021-01-10,7275,287754,4511,195209,2764,92545,0,0,4102,215806,0.026548,3171,36085,0.004439,4109,251891,0.030987,8129050
3,2021-01-11,29343,317097,19213,214422,10130,102675,0,0,16615,219755,0.027033,12717,48802,0.006003,16666,268557,0.033037,8129050
3,2021-01-12,32827,349924,19587,234009,13240,115915,0,0,20111,227325,0.027965,12693,61495,0.007565,20263,288820,0.035529,8129050
3,2021-01-13,34813,384737,18184,252193,16629,132544,0,0,24511,241584,0.029719,10283,71778,0.00883,24542,313362,0.038548,8129050
3,2021-01-14,34980,419717,14295,266488,20685,153229,0,0,29020,264725,0.032565,5919,77697,0.009558,29060,342422,0.042123,8129050
3,2021-01-15,39275,458992,14560,281048,24715,177944,0,0,34532,294616,0.036242,4718,82415,0.010138,34609,377031,0.046381,8129050
3,2021-01-16,22026,481018,7508,288556,14518,192462,0,0,19641,311907,0.038369,2373,84788,0.01043,19664,396695,0.0488,8129050
3,2021-01-17,13209,494227,4491,293047,8718,201180,0,0,12116,322948,0.039728,1092,85880,0.010565,12133,408828,0.050292,8129050
3,2021-01-18,24967,519194,13049,306096,11918,213098,0,0,19263,336569,0.041403,5692,91572,0.011265,19313,428141,0.052668,8129050
3,2021-01-19,41521,560715,21102,327198,20419,233517,0,0,32109,359396,0.044211,9373,100945,0.012418,32200,460341,0.056629,8129050
3,2021-01-20,46504,607219,23152,350350,23352,256869,0,0,36802,386633,0.047562,9652,110597,0.013605,36889,497230,0.061167,8129050
3,2021-01-21,48485,655704,21037,371387,27448,284317,0,0,42848,423997,0.052158,5569,116166,0.01429,42933,540163,0.066448,8129050
3,2021-01-22,50129,705833,19970,391357,30159,314476,0,0,45819,465611,0.057277,4279,120445,0.014817,45893,586056,0.072094,8129050
3,2021-01-23,30620,736453,12869,404226,17751,332227,0,0,27292,489645,0.060234,3318,123763,0.015225,27352,613408,0.075459,8129050
3,2021-01-24,18072,754525,8530,412756,9542,341769,0,0,16874,505356,0.062167,1194,124957,0.015372,16905,630313,0.077538,8129050
3,2021-01-25,41224,795749,18374,431130,22850,364619,0,0,31095,526448,0.064761,10099,135056,0.016614,31191,661504,0.081375,8129050
3,2021-01-26,47673,843422,22764,453894,24909,389528,0,0,37327,553572,0.068098,10313,145369,0.017883,37437,698941,0.085981,8129050
3,2021-01-27,51920,895342,24696,478590,27224,416752,0,0,41104,584013,0.071843,10746,156115,0.019205,41187,740128,0.091047,8129050
3,2021-01-28,52586,947928,24364,502954,28222,444974,0,0,43510,618597,0.076097,8987,165102,0.02031,43571,783699,0.096407,8129050
3,2021-01-29,51609,999537,24682,527636,26927,471901,0,0,41712,650645,0.080039,9715,174817,0.021505,41763,825462,0.101545,8129050
3,2021-01-30,37836,1037373,17817,545453,20019,491920,0,0,33079,679117,0.083542,4701,179518,0.022084,33173,858635,0.105626,8129050
3,2021-01-31,22875,1060248,12853,558306,10022,501942,0,0,21431,699146,0.086006,1426,180944,0.022259,21455,880090,0.108265,8129050
3,2021-02-01,46534,1106782,21270,579576,25264,527206,0,0,35448,723613,0.089016,11023,191967,0.023615,35490,915580,0.112631,8129050
3,2021-02-02,54957,1161739,22926,602502,32031,559237,0,0,42363,753542,0.092697,12489,204456,0.025151,42418,957998,0.117849,8129050
3,2021-02-03,60473,1222212,26855,629357,33618,592855,0,0,44939,783159,0.096341,15398,219854,0.027045,45015,1003013,0.123386,8129050
3,2021-02-04,64883,1287095,28096,657453,36787,629642,0,0,47503,813609,0.100087,17180,237034,0.029159,47630,1050643,0.129245,8129050
3,2021-02-05,71108,1358203,29925,687378,41183,670825,0,0,49157,841247,0.103487,21705,258739,0.031829,49343,1099986,0.135315,8129050
3,2021-02-06,44017,1402220,21058,708436,22959,693784,0,0,34278,866028,0.106535,9690,268429,0.033021,34471,1134457,0.139556,8129050
3,2021-02-07,19897,1422117,12656,721092,7241,701025,0,0,15269,876816,0.107862,4609,273038,0.033588,15397,1149854,0.14145,8129050
3,2021-02-08,51907,1474024,25056,746148,26851,727876,0,0,33996,893243,0.109883,17770,290808,0.035774,34197,1184051,0.145657,8129050
3,2021-02-09,59205,1533229,28666,774814,30539,758415,0,0,34591,903858,0.111189,24334,315142,0.038767,34949,1219000,0.149956,8129050
3,2021-02-10,68831,1602060,32045,806859,36786,795201,0,0,36852,909564,0.111891,31673,346815,0.042664,37379,1256379,0.154554,8129050
3,2021-02-11,71275,1673335,35005,841864,36270,831471,0,0,37819,914841,0.11254,33099,379914,0.046735,38376,1294755,0.159275,8129050
3,2021-02-12,76271,1749606,32788,874652,43483,874954,0,0,42074,923811,0.113643,33883,413797,0.050903,42853,1337608,0.164547,8129050
3,2021-02-13,45523,1795129,20604,895256,24919,899873,0,0,26083,931167,0.114548,19319,433116,0.05328,26675,1364283,0.167828,8129050
3,2021-02-14,27587,1822716,13757,909013,13830,913703,0,0,15293,934703,0.114983,12226,445342,0.054784,15762,1380045,0.169767,8129050
3,2021-02-15,40529,1863245,17468,926481,23061,936764,0,0,22350,939948,0.115628,18061,463403,0.057006,23306,1403351,0.172634,8129050
3,2021-02-16,70828,1934073,33505,959986,37323,974087,0,0,36690,943703,0.11609,33988,497391,0.061187,37743,1441094,0.177277,8129050
3,2021-02-17,72643,2006716,36676,996662,35967,1010054,0,0,34363,941107,0.115771,38031,535422,0.065865,35435,1476529,0.181636,8129050
3,2021-02-18,77806,2084522,40619,1037281,37187,1047241,0,0,35878,936630,0.11522,41712,577134,0.070996,37235,1513764,0.186217,8129050
3,2021-02-19,69868,2154390,40261,1077542,29607,1076848,0,0,35194,938004,0.115389,34501,611635,0.075241,35875,1549639,0.19063,8129050
3,2021-02-20,43472,2197862,27422,1104964,16050,1092898,0,0,22595,940382,0.115682,20752,632387,0.077793,23130,1572769,0.193475,8129050
3,2021-02-21,24472,2222334,19649,1124613,4823,1097721,0,0,11792,940018,0.115637,12573,644960,0.07934,12209,1584978,0.194977,8129050
3,2021-02-22,47941,2270275,31209,1155822,16732,1114453,0,0,22418,937576,0.115336,25363,670323,0.08246,22921,1607899,0.197797,8129050
3,2021-02-23,64067,2334342,34795,1190617,29272,1143725,0,0,27898,931569,0.114598,35919,706242,0.086879,29912,1637811,0.201476,8129050
3,2021-02-24,80233,2414575,39412,1230029,40821,1184546,0,0,35312,924777,0.113762,44652,750894,0.092372,37860,1675671,0.206134,8129050
3,2021-02-25,90021,2504596,43857,1273886,46164,1230710,0,0,44677,927057,0.114042,45021,795915,0.09791,47301,1722972,0.211952,8129050
3,2021-02-26,101045,2605641,46209,1320095,54836,1285546,0,0,53114,934920,0.11501,47487,843402,0.103752,55350,1778322,0.218761,8129050
3,2021-02-27,71657,2677298,32902,1352997,38751,1324297,4,4,37563,939973,0.115631,33845,877247,0.107915,38898,1817220,0.223546,8129050
3,2021-02-28,41800,2719098,24137,1377134,17658,1341955,5,9,21151,941671,0.11584,20431,897678,0.110428,22129,1839349,0.226269,8129050
3,2021-03-01,70681,2789779,37453,1414587,33174,1375129,54,63,39218,951126,0.117003,31197,928875,0.114266,40652,1880001,0.231269,8129050
3,2021-03-02,82104,2871883,40500,1455087,41590,1416719,14,77,47288,965933,0.118825,34632,963507,0.118526,49439,1929440,0.237351,8129050
3,2021-03-03,92033,2963916,44034,1499121,47965,1464684,34,111,51324,979156,0.120451,40451,1003958,0.123503,53674,1983114,0.243954,8129050
3,2021-03-04,96498,3060414,47194,1546315,49279,1513963,25,136,54535,994342,0.12232,41694,1045652,0.128632,56880,2039994,0.250951,8129050
3,2021-03-05,92773,3153187,45330,1591645,47143,1561106,300,436,55997,1016424,0.125036,36478,1082130,0.133119,58560,2098554,0.258155,8129050
3,2021-03-06,66419,3219606,33668,1625313,30583,1591689,2168,2604,37842,1029481,0.126642,28408,1110538,0.136614,41465,2140019,0.263256,8129050
3,2021-03-07,39469,3259075,22777,1648090,14776,1606465,1916,4520,22166,1037505,0.127629,17219,1127757,0.138732,25243,2165262,0.266361,8129050
3,2021-03-08,60603,3319678,28863,1676953,28719,1635184,3021,7541,38298,1058226,0.130178,22127,1149884,0.141454,42848,2208110,0.271632,8129050
3,2021-03-09,77899,3397577,35969,1712922,37431,1672615,4499,12040,41802,1069730,0.131593,35927,1185811,0.145873,47431,2255541,0.277467,8129050
3,2021-03-10,83989,3481566,41807,1754729,36020,1708635,6162,18202,43821,1081157,0.132999,39921,1225732,0.150784,51348,2306889,0.283783,8129050
3,2021-03-11,98288,3579854,48091,1802820,41516,1750151,8681,26883,48030,1088947,0.133957,49956,1275688,0.15693,57746,2364635,0.290887,8129050
3,2021-03-12,102983,3682837,46000,1848820,45050,1795201,11933,38816,46971,1093156,0.134475,55739,1331427,0.163786,59948,2424583,0.298262,8129050
3,2021-03-13,71004,3753841,29901,1878721,33797,1828998,7306,46122,37474,1105858,0.136038,33375,1364802,0.167892,46077,2470660,0.30393,8129050
3,2021-03-14,41554,3795395,21699,1900420,16281,1845279,3574,49696,20927,1110444,0.136602,20527,1385329,0.170417,25113,2495773,0.307019,8129050
3,2021-03-15,76351,3871746,36212,1936632,35548,1880827,4591,54287,40194,1120301,0.137815,35900,1421229,0.174833,45757,2541530,0.312648,8129050
3,2021-03-16,95791,3967537,44182,1980814,47233,1928060,4376,58663,53743,1137533,0.139934,41768,1462997,0.179971,59000,2600530,0.319906,8129050
3,2021-03-17,99151,4066688,48148,2028962,46427,1974487,4576,63239,60102,1164058,0.143197,38783,1501780,0.184742,65308,2665838,0.32794,8129050
3,2021-03-18,104476,4171164,53077,2082039,46809,2021296,4590,67829,59747,1184514,0.145714,44403,1546183,0.190205,64859,2730697,0.335918,8129050
3,2021-03-19,104063,4275227,55837,2137876,43731,2065027,4495,72324,57795,1201371,0.147787,45957,1592140,0.195858,62814,2793511,0.343645,8129050
3,2021-03-20,72474,4347701,37361,2175237,31420,2096447,3693,76017,44522,1222325,0.150365,27725,1619865,0.199269,48679,2842190,0.349634,8129050
3,2021-03-21,36596,4384297,24861,2200098,10215,2106662,1520,77537,21963,1231780,0.151528,14508,1634373,0.201053,23963,2866153,0.352582,8129050
3,2021-03-22,71134,4455431,41800,2241898,26798,2133460,2536,80073,45148,1254760,0.154355,25717,1660090,0.204217,48697,2914850,0.358572,8129050
3,2021-03-23,90608,4546039,50110,2292008,37911,2171371,2587,82660,55142,1278009,0.157215,35171,1695261,0.208544,58420,2973270,0.365759,8129050
3,2021-03-24,99526,4645565,57267,2349275,39300,2210671,2959,85619,56204,1294838,0.159285,42927,1738188,0.213824,59756,3033026,0.37311,8129050
3,2021-03-25,108266,4753831,60112,2409387,45120,2255791,3034,88653,60536,1311690,0.161358,47354,1785542,0.21965,64206,3097232,0.381008,8129050
3,2021-03-26,111648,4865479,59878,2469265,48395,2304186,3375,92028,57095,1318816,0.162235,54179,1839721,0.226314,61305,3158537,0.388549,8129050
3,2021-03-27,75192,4940671,38218,2507483,34412,2338598,2562,94590,36150,1319401,0.162307,38783,1878504,0.231085,39368,3197905,0.393392,8129050
3,2021-03-28,44744,4985415,28193,2535676,15730,2354328,821,95411,22434,1321125,0.162519,22176,1900680,0.233813,23900,3221805,0.396332,8129050
3,2021-03-29,81538,5066953,42591,2578267,37082,2391410,1865,97276,44294,1331174,0.163755,36956,1937636,0.238359,47005,3268810,0.402115,8129050
3,2021-03-30,101172,5168125,49717,2627984,47747,2439157,3708,100984,56254,1347109,0.165715,44626,1982262,0.243849,60561,3329371,0.409565,8129050
3,2021-03-31,105822,5273947,57066,2685050,43866,2483023,4890,105874,56231,1359229,0.167206,49310,2031572,0.249915,61430,3390801,0.417121,8129050
3,2021-04-01,124831,5398778,63086,2748136,51888,2534911,9857,115731,66898,1378757,0.169609,57455,2089027,0.256983,76983,3467784,0.426592,8129050
3,2021-04-02,118741,5517519,57921,2806057,50377,2585288,10443,126174,62248,1395684,0.171691,56163,2145190,0.263892,73090,3540874,0.435583,8129050
3,2021-04-03,76563,5594082,39170,2845227,28105,2613393,9288,135462,38031,1404924,0.172828,38352,2183542,0.26861,47592,3588466,0.441437,8129050
3,2021-04-04,32612,5626694,17434,2862661,10927,2624320,4251,139713,14237,1405116,0.172851,18284,2201826,0.270859,18476,3606942,0.44371,8129050
3,2021-04-05,90262,5716956,45802,2908463,35132,2659452,9328,149041,43715,1412643,0.173777,46294,2248120,0.276554,53821,3660763,0.450331,8129050
3,2021-04-06,114220,5831176,55581,2964044,43331,2702783,15308,164349,53456,1421602,0.174879,60453,2308573,0.283991,69412,3730175,0.45887,8129050
3,2021-04-07,117048,5948224,60552,3024596,40108,2742891,16388,180737,56325,1434113,0.176418,60431,2369004,0.291424,72942,3803117,0.467843,8129050
3,2021-04-08,122122,6070346,60802,3085398,41029,2783920,20291,201028,56500,1446316,0.177919,65284,2434288,0.299455,77487,3880604,0.477375,8129050
3,2021-04-09,119272,6189618,59373,3144771,40599,2824519,19300,220328,52286,1452018,0.178621,66700,2500988,0.307661,72402,3953006,0.486281,8129050
3,2021-04-10,84842,6274460,38071,3182842,31401,2855920,15370,235698,34473,1452452,0.178674,50162,2551150,0.313831,50596,4003602,0.492506,8129050
3,2021-04-11,45516,6319976,24363,3207205,13065,2868985,8088,243786,17272,1450471,0.178431,28136,2579286,0.317292,26155,4029757,0.495723,8129050
3,2021-04-12,84506,6404482,42666,3249871,32957,2901942,8883,252669,38082,1452342,0.178661,46156,2625442,0.32297,48027,4077784,0.501631,8129050
3,2021-04-13,106052,6510534,57412,3307283,48428,2950370,212,252881,55697,1459062,0.179487,50077,2675519,0.329131,56797,4134581,0.508618,8129050
3,2021-04-14,108234,6618768,59179,3366462,48946,2999316,109,252990,53695,1460092,0.179614,54212,2729731,0.3358,55242,4189823,0.515414,8129050
3,2021-04-15,119909,6738677,67411,3433873,52412,3051728,86,253076,63759,1468967,0.180706,55785,2785516,0.342662,64660,4254483,0.523368,8129050
3,2021-04-16,116112,6854789,65064,3498937,50950,3102678,98,253174,60357,1474677,0.181408,55413,2840929,0.349479,61123,4315606,0.530887,8129050
3,2021-04-17,79892,6934681,43541,3542478,36336,3139014,15,253189,44370,1484766,0.182649,35271,2876200,0.353817,45360,4360966,0.536467,8129050
3,2021-04-18,39033,6973714,23584,3566062,15440,3154454,9,253198,18259,1483277,0.182466,20639,2896839,0.356356,19150,4380116,0.538823,8129050
3,2021-04-19,79613,7053327,44293,3610355,35260,3189714,60,253258,35679,1475827,0.18155,43703,2940542,0.361733,36253,4416369,0.543282,8129050
3,2021-04-20,101293,7154620,53299,3663654,47972,3237686,22,253280,48784,1473462,0.181259,52213,2992755,0.368156,49848,4466217,0.549414,8129050
3,2021-04-21,106495,7261115,59805,3723459,46609,3284295,81,253361,50120,1468794,0.180685,55960,3048715,0.37504,51292,4517509,0.555724,8129050
3,2021-04-22,112643,7373758,63309,3786768,49305,3333600,29,253390,48258,1454051,0.178871,63990,3112705,0.382911,49247,4566756,0.561782,8129050
3,2021-04-23,106915,7480673,61174,3847942,45709,3379309,32,253422,46701,1441979,0.177386,59826,3172531,0.390271,47754,4614510,0.567657,8129050
3,2021-04-24,74375,7555048,45881,3893823,28421,3407730,73,253495,36155,1441296,0.177302,37921,3210452,0.394936,37238,4651748,0.572238,8129050
3,2021-04-25,37164,7592212,23719,3917542,13427,3421157,18,253513,18930,1442586,0.177461,18064,3228516,0.397158,19354,4671102,0.574618,8129050
3,2021-04-26,74437,7666649,42073,3959615,31946,3453103,418,253931,31672,1433564,0.176351,42466,3270982,0.402382,33444,4704546,0.578733,8129050
3,2021-04-27,91646,7758295,48117,4007732,41770,3494873,1759,255690,36246,1417281,0.174348,55064,3326046,0.409156,38781,4743327,0.583503,8129050
3,2021-04-28,87402,7845697,49678,4057410,35571,3530444,2153,257843,35588,1404075,0.172723,51491,3377537,0.41549,38285,4781612,0.588213,8129050
3,2021-04-29,89747,7935444,51291,4108701,36220,3566664,2236,260079,31967,1381356,0.169928,57407,3434944,0.422552,34688,4816300,0.59248,8129050
3,2021-04-30,91332,8026776,51549,4160250,37287,3603951,2496,262575,33929,1361237,0.167453,57008,3491952,0.429565,36889,4853189,0.597018,8129050
3,2021-05-01,55917,8082693,35055,4195305,19370,3623321,1492,264067,20129,1347863,0.165808,35484,3527436,0.43393,22110,4875299,0.599738,8129050
3,2021-05-02,27118,8109811,18512,4213817,7582,3630903,1024,265091,9927,1341841,0.165067,17073,3544509,0.43603,11051,4886350,0.601097,8129050
3,2021-05-03,60167,8169978,35334,4249151,22449,3653352,2384,267475,17536,1319558,0.162326,42382,3586891,0.441244,20099,4906449,0.60357,8129050
3,2021-05-04,78033,8248011,45106,4294257,30232,3683584,2695,270170,22643,1290102,0.158703,55069,3641960,0.448018,25613,4932062,0.606721,8129050
3,2021-05-05,79584,8327595,47769,4342026,29093,3712677,2722,272892,22007,1257920,0.154744,57209,3699169,0.455056,25027,4957089,0.609799,8129050
3,2021-05-06,83886,8411481,53089,4395115,28254,3740931,2543,275435,20709,1219042,0.149961,62671,3761840,0.462765,23793,4980882,0.612726,8129050
3,2021-05-07,82888,8494369,51635,4446750,28602,3769533,2651,278086,21979,1183438,0.145581,60533,3822373,0.470212,24929,5005811,0.615793,8129050
3,2021-05-08,52939,8547308,32818,4479568,18392,3787925,1729,279815,14000,1160776,0.142794,38656,3861029,0.474967,15994,5021805,0.61776,8129050
3,2021-05-09,21075,8568383,15405,4494973,4876,3792801,794,280609,5506,1151673,0.141674,15470,3876499,0.47687,6367,5028172,0.618544,8129050
3,2021-05-10,48426,8616809,26054,4521027,20453,3813254,1919,282528,11219,1128078,0.138771,36985,3913484,0.48142,13390,5041562,0.620191,8129050
3,2021-05-11,64485,8681294,36174,4557201,26079,3839333,2232,284760,16205,1098969,0.13519,48010,3961494,0.487326,18901,5060463,0.622516,8129050
3,2021-05-12,65216,8746510,37475,4594676,25325,3864658,2416,287176,16631,1070037,0.131631,48297,4009791,0.493267,19365,5079828,0.624898,8129050
3,2021-05-13,75867,8822377,47805,4642481,26132,3890790,1930,289106,27668,1052329,0.129453,47934,4057725,0.499163,30226,5110054,0.628616,8129050
3,2021-05-14,80805,8903182,51022,4693503,27624,3918414,2159,291265,31272,1037145,0.127585,49219,4106944,0.505218,34035,5144089,0.632803,8129050
3,2021-05-15,62515,8965697,43110,4736613,18182,3936596,1223,292488,25833,1027979,0.126457,36455,4143399,0.509703,27289,5171378,0.63616,8129050
3,2021-05-16,33324,8999021,24921,4761534,7712,3944308,691,293179,13445,1022457,0.125778,19751,4163150,0.512132,14229,5185607,0.637911,8129050
3,2021-05-17,57234,9056255,36449,4797983,18925,3963233,1860,295039,21079,1009738,0.124214,35868,4199018,0.516545,23149,5208756,0.640758,8129050
3,2021-05-18,64765,9121020,38242,4836225,24649,3987882,1874,296913,24312,996158,0.122543,40165,4239183,0.521486,26585,5235341,0.644029,8129050
3,2021-05-19,64216,9185236,39030,4875255,23425,4011307,1761,298674,24832,983912,0.121037,39120,4278303,0.526298,26874,5262215,0.647335,8129050
3,2021-05-20,62088,9247324,36334,4911589,23894,4035201,1860,300534,22280,968890,0.119189,39502,4317805,0.531157,24480,5286695,0.650346,8129050
3,2021-05-21,66416,9313740,40369,4951958,23932,4059133,2115,302649,23729,952694,0.117196,42348,4360153,0.536367,26152,5312847,0.653563,8129050
3,2021-05-22,45959,9359699,30466,4982424,14018,4073151,1475,304124,19124,946946,0.116489,26604,4386757,0.53964,20856,5333703,0.656129,8129050
3,2021-05-23,21762,9381461,15058,4997482,6050,4079201,654,304778,9193,944428,0.116179,12478,4399235,0.541175,9960,5343663,0.657354,8129050
3,2021-05-24,39854,9421315,23322,5020804,14759,4093960,1773,306551,14780,936316,0.115181,24864,4424099,0.544233,16752,5360415,0.659415,8129050
3,2021-05-25,43016,9464331,24194,5044998,17132,4111092,1690,308241,15249,926009,0.113914,27479,4451578,0.547614,17172,5377587,0.661527,8129050
3,2021-05-26,42581,9506912,24355,5069353,16486,4127578,1740,309981,15941,917496,0.112866,26328,4477906,0.550852,17815,5395402,0.663719,8129050
3,2021-05-27,39447,9546359,22115,5091468,15574,4143152,1758,311739,15423,911073,0.112076,23854,4501760,0.553787,17431,5412833,0.665863,8129050
3,2021-05-28,42980,9589339,24285,5115753,16891,4160043,1804,313543,17845,906127,0.111468,24919,4526679,0.556852,19973,5432806,0.66832,8129050
3,2021-05-29,23497,9612836,14352,5130105,8305,4168348,840,314383,10968,905681,0.111413,12387,4539066,0.558376,11941,5444747,0.669789,8129050
3,2021-05-30,10646,9623482,6904,5137009,3105,4171453,637,315020,4472,904742,0.111297,6092,4545158,0.559125,5153,5449900,0.670423,8129050
3,2021-05-31,4678,9628160,2704,5139713,1707,4173160,267,315287,1465,903343,0.111125,3161,4548319,0.559514,1762,5451662,0.670639,8129050
3,2021-06-01,37810,9665970,21755,5161468,14607,4187767,1448,316735,13193,893813,0.109953,24365,4572684,0.562511,14835,5466497,0.672464,8129050
3,2021-06-02,31541,9697511,18123,5179591,12002,4199769,1416,318151,11661,887358,0.109159,19671,4592355,0.564931,13216,5479713,0.67409,8129050
3,2021-06-03,39684,9737195,27132,5206723,11113,4210882,1439,319590,11434,872405,0.107319,28064,4620419,0.568384,13111,5492824,0.675703,8129050
3,2021-06-04,46261,9783456,32716,5239439,11994,4222876,1551,321141,13138,854643,0.105134,32873,4653292,0.572428,15111,5507935,0.677562,8129050
3,2021-06-05,34373,9817829,25900,5265339,7286,4230162,1187,322328,8698,839264,0.103243,25462,4678754,0.57556,10083,5518018,0.678802,8129050
3,2021-06-06,14674,9832503,12240,5277579,1848,4232010,586,322914,3697,832801,0.102448,10913,4689667,0.576902,4450,5522468,0.67935,8129050
3,2021-06-07,30432,9862935,22111,5299690,7035,4239045,1286,324200,8705,821337,0.101037,21576,4711243,0.579556,10112,5532580,0.680594,8129050
3,2021-06-08,34372,9897307,24676,5324366,8404,4247449,1292,325492,9940,808575,0.099467,24221,4735464,0.582536,11459,5544039,0.682003,8129050
3,2021-06-09,33008,9930315,23940,5348306,7763,4255212,1305,326797,8857,794937,0.09779,23966,4759430,0.585484,10328,5554367,0.683274,8129050
3,2021-06-10,32546,9962861,23463,5371769,7548,4262760,1535,328332,8946,782176,0.09622,23440,4782870,0.588368,10679,5565046,0.684587,8129050
3,2021-06-11,35612,9998473,25169,5396938,9068,4271828,1375,329707,10558,769436,0.094653,24850,4807720,0.591425,12110,5577156,0.686077,8129050
3,2021-06-12,25239,10023712,19023,5415961,5322,4277150,894,330601,6669,758707,0.093333,18453,4826173,0.593695,7724,5584880,0.687027,8129050
3,2021-06-13,10147,10033859,7591,5423552,2066,4279216,490,331091,2358,753895,0.092741,7736,4833909,0.594646,2924,5587804,0.687387,8129050
3,2021-06-14,25838,10059697,18509,5442061,5901,4285117,1428,332519,8067,745896,0.091757,17637,4851546,0.596816,9638,5597442,0.688573,8129050
3,2021-06-15,28761,10088458,19459,5461520,7789,4292906,1513,334032,9646,738336,0.090827,18887,4870433,0.599139,11327,5608769,0.689966,8129050
3,2021-06-16,25925,10114383,18409,5479929,6096,4299002,1420,335452,8724,731616,0.09,17017,4887450,0.601233,10297,5619066,0.691233,8129050
3,2021-06-17,24878,10139261,17814,5497743,5771,4304773,1293,336745,8620,725567,0.089256,16100,4903550,0.603213,10051,5629117,0.692469,8129050
3,2021-06-18,28054,10167315,19811,5517554,6668,4311441,1575,338320,9821,719131,0.088464,17998,4921548,0.605427,11562,5640679,0.693892,8129050
3,2021-06-19,16041,10183356,11782,5529336,3397,4314838,862,339182,5753,715695,0.088042,10160,4931708,0.606677,6724,5647403,0.694719,8129050
3,2021-06-20,6893,10190249,5171,5534507,1420,4316258,302,339484,2607,714429,0.087886,4228,4935936,0.607197,2962,5650365,0.695083,8129050
3,2021-06-21,16250,10206499,10254,5544761,4595,4320853,1401,340885,8091,715978,0.088076,8065,4944001,0.608189,9614,5659979,0.696266,8129050
3,2021-06-22,22106,10228605,15497,5560258,5310,4326163,1299,342184,8265,711987,0.087586,13711,4957712,0.609876,9720,5669699,0.697461,8129050
3,2021-06-23,20286,10248891,14205,5574463,4741,4330904,1340,343524,8029,709357,0.087262,12138,4969850,0.611369,9508,5679207,0.698631,8129050
3,2021-06-24,19978,10268869,13907,5588370,4618,4335522,1453,344977,7797,706712,0.086937,12003,4981853,0.612846,9358,5688565,0.699782,8129050
3,2021-06-25,23314,10292183,16540,5604910,5352,4340874,1422,346399,9102,703289,0.086516,14074,4995927,0.614577,10651,5699216,0.701093,8129050
3,2021-06-26,14028,10306211,10418,5615328,2835,4343709,775,347174,5853,702007,0.086358,8069,5003996,0.61557,6787,5706003,0.701927,8129050
3,2021-06-27,6707,10312918,5191,5620519,1207,4344916,309,347483,2864,701417,0.086285,3798,5007794,0.616037,3208,5709211,0.702322,8129050
3,2021-06-28,16002,10328920,12303,5632822,2616,4347532,1083,348566,6741,700229,0.086139,9119,5016913,0.617159,7931,5717142,0.703298,8129050
3,2021-06-29,18086,10347006,12741,5645563,4337,4351869,1008,349574,7395,698219,0.085892,10545,5027458,0.618456,8535,5725677,0.704348,8129050
3,2021-06-30,17063,10364069,12090,5657653,3931,4355800,1042,350616,7337,697178,0.085764,9568,5037026,0.619633,8527,5734204,0.705397,8129050
3,2021-07-01,16328,10380397,11629,5669282,3627,4359427,1072,351688,6863,695884,0.085605,9328,5046354,0.62078,8034,5742238,0.706385,8129050
3,2021-07-02,18459,10398856,13125,5682407,4231,4363658,1103,352791,7872,694489,0.085433,10467,5056821,0.622068,9072,5751310,0.707501,8129050
3,2021-07-03,10101,10408957,7296,5689703,2366,4366024,439,353230,4329,693665,0.085332,5695,5062516,0.622768,4871,5756181,0.7081,8129050
3,2021-07-04,727,10409684,427,5690130,213,4366237,87,353317,280,693608,0.085325,440,5062956,0.622823,383,5756564,0.708147,8129050
3,2021-07-05,9535,10419219,6971,5697101,2140,4368377,424,353741,4308,693248,0.08528,5155,5068111,0.623457,4795,5761359,0.708737,8129050
3,2021-07-06,19066,10438285,13820,5710921,4128,4372505,1118,354859,6902,689403,0.084807,11989,5080100,0.624932,8144,5769503,0.709739,8129050
3,2021-07-07,15746,10454031,11176,5722097,3456,4375961,1114,355973,6353,687723,0.084601,9254,5089354,0.62607,7574,5777077,0.710671,8129050
3,2021-07-08,15314,10469345,11055,5733152,3263,4379224,996,356969,6211,686041,0.084394,8979,5098333,0.627175,7297,5784374,0.711568,8129050
3,2021-07-09,17608,10486953,12270,5745422,4118,4383342,1220,358189,7271,684441,0.084197,10202,5108535,0.62843,8602,5792976,0.712626,8129050
3,2021-07-10,10847,10497800,7986,5753408,2196,4385538,665,358854,4600,683617,0.084096,6178,5114713,0.62919,5354,5798330,0.713285,8129050
3,2021-07-11,5119,10502919,3789,5757197,1055,4386593,275,359129,2310,683462,0.084076,2760,5117473,0.629529,2605,5800935,0.713606,8129050
3,2021-07-12,14321,10517240,10443,5767640,2876,4389469,1002,360131,5713,681714,0.083861,8531,5126004,0.630578,6783,5807718,0.71444,8129050
3,2021-07-13,15109,10532349,10678,5778318,3521,4392990,910,361041,6637,680968,0.08377,8375,5134379,0.631609,7629,5815347,0.715378,8129050
3,2021-07-14,14390,10546739,10214,5788532,3261,4396251,915,361956,6416,680487,0.083711,7873,5142252,0.632577,7392,5822739,0.716288,8129050
3,2021-07-15,14714,10561453,10636,5799168,3239,4399490,839,362795,6730,680244,0.083681,7887,5150139,0.633547,7644,5830383,0.717228,8129050
3,2021-07-16,17711,10579164,12732,5811900,4089,4403579,890,363685,8462,680526,0.083715,9140,5159279,0.634672,9422,5839805,0.718387,8129050
3,2021-07-17,11257,10590421,8248,5820148,2477,4406056,532,364217,5353,680644,0.08373,5834,5165113,0.635389,5952,5845757,0.719119,8129050
3,2021-07-18,5743,10596164,4337,5824485,1155,4407211,251,364468,2828,680877,0.083758,2872,5167985,0.635743,3105,5848862,0.719501,8129050
3,2021-07-19,14858,10611022,10870,5835355,3111,4410322,877,365345,7291,681651,0.083854,7467,5175452,0.636661,8241,5857103,0.720515,8129050
3,2021-07-20,16511,10627533,11492,5846847,4116,4414438,903,366248,8496,683233,0.084048,7898,5183350,0.637633,9480,5866583,0.721681,8129050
3,2021-07-21,15940,10643473,11284,5858131,3789,4418227,867,367115,8019,684404,0.084192,7793,5191143,0.638592,8964,5875547,0.722784,8129050
3,2021-07-22,16308,10659781,11533,5869664,3812,4422039,963,368078,8470,686186,0.084412,7712,5198855,0.63954,9494,5885041,0.723952,8129050
3,2021-07-23,19220,10679001,13699,5883363,4510,4426549,1011,369089,10331,688870,0.084742,8745,5207600,0.640616,11429,5896470,0.725358,8129050
3,2021-07-24,11558,10690559,8326,5891689,2651,4429200,581,369670,6373,690755,0.084974,5105,5212705,0.641244,6990,5903460,0.726218,8129050
3,2021-07-25,5637,10696196,4227,5895916,1200,4430400,210,369880,4077,693579,0.085321,1513,5214218,0.64143,4337,5907797,0.726751,8129050
3,2021-07-26,15410,10711606,10713,5906629,3733,4434133,964,370844,9309,697923,0.085855,5990,5220208,0.642167,10334,5918131,0.728022,8129050
3,2021-07-27,17437,10729043,12339,5918968,4126,4438259,972,371816,9995,701653,0.086314,7311,5227519,0.643066,11041,5929172,0.729381,8129050
3,2021-07-28,17020,10746063,12188,5931156,3794,4442053,1038,372854,9826,705513,0.086789,7052,5234571,0.643934,10912,5940084,0.730723,8129050
3,2021-07-29,16819,10762882,12100,5943256,3686,4445739,1033,373887,9913,709800,0.087316,6731,5241302,0.644762,11018,5951102,0.732078,8129050
3,2021-07-30,19558,10782440,13811,5957067,4670,4450409,1077,374964,11349,714314,0.087872,8002,5249304,0.645746,12516,5963618,0.733618,8129050
3,2021-07-31,12196,10794636,8836,5965903,2705,4453114,655,375619,7104,717189,0.088225,4951,5254255,0.646355,7826,5971444,0.734581,8129050
3,2021-08-01,6482,10801118,4938,5970841,1287,4454401,257,375876,4197,719454,0.088504,2224,5256479,0.646629,4489,5975933,0.735133,8129050
3,2021-08-02,16592,10817710,12053,5982894,3614,4458015,925,376801,10328,724633,0.089141,6139,5262618,0.647384,11318,5987251,0.736525,8129050
3,2021-08-03,18398,10836108,13278,5996172,4020,4462035,1100,377901,10981,729527,0.089743,7240,5269858,0.648275,12134,5999385,0.738018,8129050
3,2021-08-04,17572,10853680,12619,6008791,3939,4465974,1014,378915,10472,734127,0.090309,6936,5276794,0.649128,11536,6010921,0.739437,8129050
3,2021-08-05,17907,10871587,12945,6021736,3815,4469789,1147,380062,10809,739219,0.090935,6934,5283728,0.649981,12026,6022947,0.740916,8129050
3,2021-08-06,21686,10893273,15723,6037459,4811,4474600,1152,381214,12811,744572,0.091594,8677,5292405,0.651048,14030,6036977,0.742642,8129050
3,2021-08-07,12748,10906021,9491,6046950,2639,4477239,618,381832,7471,747572,0.091963,5140,5297545,0.651681,8140,6045117,0.743644,8129050
3,2021-08-08,7571,10913592,5794,6052744,1536,4478775,241,382073,4681,749723,0.092228,2807,5300352,0.652026,4958,6050075,0.744254,8129050
3,2021-08-09,18251,10931843,13667,6066411,3530,4482305,1054,383127,10337,753433,0.092684,7753,5308105,0.65298,11463,6061538,0.745664,8129050
3,2021-08-10,18468,10950311,13533,6079944,3947,4486252,988,384115,10425,757012,0.093124,7876,5315981,0.653949,11455,6072993,0.747073,8129050
3,2021-08-11,16482,10966793,11935,6091879,3534,4489786,1013,385128,9191,760178,0.093514,7095,5323076,0.654821,10261,6083254,0.748335,8129050
3,2021-08-12,18023,10984816,12720,6104599,4238,4494024,1065,386193,9915,763306,0.093899,7900,5330976,0.655793,11028,6094282,0.749692,8129050
3,2021-08-13,22417,11007233,15912,6120511,5357,4499381,1148,387341,12226,766987,0.094351,9765,5340741,0.656994,13446,6107728,0.751346,8129050
3,2021-08-14,14617,11021850,10293,6130804,3717,4503098,607,387948,7624,769191,0.094622,6079,5346820,0.657742,8283,6116011,0.752365,8129050
3,2021-08-15,8319,11030169,6035,6136839,2000,4505098,284,388232,4174,770307,0.09476,3368,5350188,0.658157,4484,6120495,0.752916,8129050
3,2021-08-16,20529,11050698,14144,6150983,5401,4510499,984,389216,9732,772228,0.094996,8882,5359070,0.659249,10803,6131298,0.754245,8129050
3,2021-08-17,20535,11071233,13914,6164897,5622,4516121,999,390215,9436,773805,0.09519,8967,5368037,0.660352,10544,6141842,0.755542,8129050
3,2021-08-18,10612,11081845,6680,6171577,3060,4519181,872,391087,4776,774775,0.095309,4761,5372798,0.660938,5731,6147573,0.756247,8129050
4,2020-12-15,470,470,470,470,0,0,0,0,470,470,5.8e-05,0,0,0.0,470,470,5.8e-05,8037679
4,2020-12-16,3088,3558,3088,3558,0,0,0,0,3088,3558,0.000443,0,0,0.0,3088,3558,0.000443,8037679
4,2020-12-17,9071,12629,9071,12629,0,0,0,0,9072,12630,0.001571,0,0,0.0,9072,12630,0.001571,8037679
4,2020-12-18,16332,28961,16319,28948,13,13,0,0,16332,28962,0.003603,0,0,0.0,16332,28962,0.003603,8037679
4,2020-12-19,10437,39398,10427,39375,10,23,0,0,10373,39335,0.004894,0,0,0.0,10373,39335,0.004894,8037679
4,2020-12-20,7477,46875,7464,46839,13,36,0,0,7432,46767,0.005818,0,0,0.0,7432,46767,0.005818,8037679
4,2020-12-21,16514,63389,16482,63321,32,68,0,0,16446,63212,0.007864,1,1,0.0,16446,63213,0.007865,8037679
4,2020-12-22,17302,80691,16538,79859,764,832,0,0,17257,80465,0.010011,4,5,1e-06,17257,80470,0.010012,8037679
4,2020-12-23,17278,97969,14480,94339,2798,3630,0,0,17257,97720,0.012158,2,7,1e-06,17257,97727,0.012159,8037679
4,2020-12-24,8635,106604,6007,100346,2628,6258,0,0,8634,106354,0.013232,0,7,1e-06,8634,106361,0.013233,8037679
4,2020-12-25,912,107516,807,101153,105,6363,0,0,912,107266,0.013345,0,7,1e-06,912,107273,0.013346,8037679
4,2020-12-26,6249,113765,3918,105071,2331,8694,0,0,6249,113515,0.014123,0,7,1e-06,6249,113522,0.014124,8037679
4,2020-12-27,3478,117243,2010,107081,1468,10162,0,0,3478,116993,0.014556,0,7,1e-06,3478,117000,0.014556,8037679
4,2020-12-28,15312,132555,9454,116535,5858,16020,0,0,15285,132275,0.016457,3,10,1e-06,15285,132285,0.016458,8037679
4,2020-12-29,15928,148483,8945,125480,6983,23003,0,0,15894,148168,0.018434,1,11,1e-06,15894,148179,0.018436,8037679
4,2020-12-30,19477,167960,11418,136898,8059,31062,0,0,19466,167632,0.020856,2,13,2e-06,19466,167645,0.020857,8037679
4,2020-12-31,8383,176343,3385,140283,4998,36060,0,0,8370,175993,0.021896,9,22,3e-06,8370,176015,0.021899,8037679
4,2021-01-01,1828,178171,836,141119,992,37052,0,0,1821,177810,0.022122,4,26,3e-06,1821,177836,0.022125,8037679
4,2021-01-02,5787,183958,3264,144383,2523,39575,0,0,5785,183594,0.022842,1,27,3e-06,5785,183621,0.022845,8037679
4,2021-01-03,2171,186129,1280,145663,891,40466,0,0,2157,185748,0.02311,3,30,4e-06,2157,185778,0.023113,8037679
4,2021-01-04,13114,199243,7081,152744,6033,46499,0,0,13065,198786,0.024732,27,57,7e-06,13065,198843,0.024739,8037679
4,2021-01-05,17095,216338,10124,162868,6971,53470,0,0,14847,211431,0.026305,2219,2276,0.000283,14864,213707,0.026588,8037679
4,2021-01-06,21840,238178,13383,176251,8457,61927,0,0,15657,220971,0.027492,6134,8410,0.001046,15674,229381,0.028538,8037679
4,2021-01-07,28218,266396,17216,193467,11002,72929,0,0,16805,226446,0.028173,11352,19762,0.002459,16827,246208,0.030632,8037679
4,2021-01-08,33187,299583,21311,214778,11876,84805,0,0,18472,230299,0.028652,14647,34409,0.004281,18500,264708,0.032933,8037679
4,2021-01-09,16425,316008,9717,224495,6708,91513,0,0,9538,232974,0.028985,6876,41285,0.005136,9551,274259,0.034122,8037679
4,2021-01-10,8844,324852,5705,230200,3139,94652,0,0,4208,232566,0.028934,4625,45910,0.005712,4217,278476,0.034646,8037679
4,2021-01-11,33852,358704,22233,252433,11619,106271,0,0,19069,236929,0.029477,14754,60664,0.007547,19117,297593,0.037025,8037679
4,2021-01-12,38905,397609,22443,274876,16462,122733,0,0,24475,247080,0.03074,14373,75037,0.009336,24524,322117,0.040076,8037679
4,2021-01-13,39229,436838,19445,294321,19784,142517,0,0,27772,263467,0.032779,11414,86451,0.010756,27801,349918,0.043535,8037679
4,2021-01-14,39777,476615,15339,309660,24438,166955,0,0,32500,288761,0.035926,7239,93690,0.011656,32533,382451,0.047582,8037679
4,2021-01-15,45890,522505,16064,325724,29826,196781,0,0,40194,323358,0.04023,5623,99313,0.012356,40220,422671,0.052586,8037679
4,2021-01-16,29047,551552,9441,335165,19606,216387,0,0,25867,346093,0.043059,3148,102461,0.012748,25883,448554,0.055806,8037679
4,2021-01-17,19102,570654,6616,341781,12486,228873,0,0,17432,361889,0.045024,1648,104109,0.012953,17444,465998,0.057977,8037679
4,2021-01-18,29702,600356,13752,355533,15950,244823,0,0,23642,379571,0.047224,5993,110102,0.013698,23675,489673,0.060922,8037679
4,2021-01-19,46701,647057,23345,378878,23356,268179,0,0,36903,406797,0.050611,9750,119852,0.014911,36976,526649,0.065523,8037679
4,2021-01-20,53104,700161,28353,407231,24751,292930,0,0,42375,438608,0.054569,10629,130481,0.016234,42440,569089,0.070803,8037679
4,2021-01-21,58432,758593,26275,433506,32157,325087,0,0,51504,483321,0.060132,6842,137323,0.017085,51555,620644,0.077217,8037679
4,2021-01-22,55905,814498,22426,455932,33479,358566,0,0,50621,528762,0.065785,5212,142535,0.017733,50653,671297,0.083519,8037679
4,2021-01-23,39991,854489,17434,473366,22557,381123,0,0,35605,560021,0.069674,4377,146912,0.018278,35636,706933,0.087952,8037679
4,2021-01-24,24262,878751,10561,483927,13701,394824,0,0,22343,580479,0.07222,1908,148820,0.018515,22366,729299,0.090735,8037679
4,2021-01-25,48481,927232,22381,506308,26100,420924,0,0,37161,606411,0.075446,11288,160108,0.01992,37220,766519,0.095366,8037679
4,2021-01-26,57443,984675,29269,535577,28174,449098,0,0,44994,639056,0.079508,12412,172520,0.021464,45057,811576,0.100971,8037679
4,2021-01-27,56933,1041608,27032,562609,29901,478999,0,0,45677,673613,0.083807,11176,183696,0.022854,45733,857309,0.106661,8037679
4,2021-01-28,57586,1099194,26005,588614,31581,510580,0,0,47307,710793,0.088433,10176,193872,0.02412,47356,904665,0.112553,8037679
4,2021-01-29,57396,1156590,27431,616045,29965,540545,0,0,46789,747213,0.092964,10405,204277,0.025415,46825,951490,0.118379,8037679
4,2021-01-30,38706,1195296,17358,633403,21348,561893,0,0,33255,775108,0.096434,5393,209670,0.026086,33288,984778,0.12252,8037679
4,2021-01-31,24494,1219790,12767,646170,11727,573620,0,0,22763,796181,0.099056,1708,211378,0.026298,22781,1007559,0.125354,8037679
4,2021-02-01,50395,1270185,24244,670414,26151,599771,0,0,38541,822978,0.10239,11790,223168,0.027765,38587,1046146,0.130155,8037679
4,2021-02-02,56260,1326445,25832,696246,30428,630199,0,0,43157,853174,0.106147,13015,236183,0.029384,43211,1089357,0.135531,8037679
4,2021-02-03,62801,1389246,30810,727056,31991,662190,0,0,48095,886777,0.110327,14552,250735,0.031195,48155,1137512,0.141522,8037679
4,2021-02-04,68280,1457526,31699,758755,36581,698771,0,0,51256,921303,0.114623,16846,267581,0.033291,51372,1188884,0.147914,8037679
4,2021-02-05,73939,1531465,34218,792973,39721,738492,0,0,51284,950355,0.118237,22371,289952,0.036074,51423,1240307,0.154312,8037679
4,2021-02-06,49157,1580622,26375,819348,22782,761274,0,0,37495,976462,0.121486,11592,301544,0.037516,37699,1278006,0.159002,8037679
4,2021-02-07,26727,1607349,17653,837001,9074,770348,0,0,20160,990338,0.123212,6530,308074,0.038329,20406,1298412,0.161541,8037679
4,2021-02-08,59280,1666629,30448,867449,28832,799180,0,0,38440,1008345,0.125452,20696,328770,0.040904,38703,1337115,0.166356,8037679
4,2021-02-09,67950,1734579,34404,901853,33546,832726,0,0,39717,1020476,0.126962,28034,356804,0.044391,40165,1377280,0.171353,8037679
4,2021-02-10,78179,1812758,39112,940965,39067,871793,0,0,40999,1025108,0.127538,36924,393728,0.048985,41556,1418836,0.176523,8037679
4,2021-02-11,82413,1895171,43006,983971,39407,911200,0,0,41844,1027347,0.127816,40286,434014,0.053997,42525,1461361,0.181814,8037679
4,2021-02-12,85373,1980544,38278,1022249,47095,958295,0,0,43817,1030685,0.128232,41274,475288,0.059132,44612,1505973,0.187364,8037679
4,2021-02-13,59405,2039949,30038,1052287,29367,987662,0,0,30128,1032600,0.12847,29125,504413,0.062756,31040,1537013,0.191226,8037679
4,2021-02-14,37194,2077143,19326,1071613,17868,1005530,0,0,18978,1034095,0.128656,18151,522564,0.065014,19646,1556659,0.19367,8037679
4,2021-02-15,46770,2123913,21933,1093546,24837,1030367,0,0,23914,1036442,0.128948,22764,545328,0.067846,25111,1581770,0.196794,8037679
4,2021-02-16,81163,2205076,37252,1130798,43911,1074278,0,0,41113,1038887,0.129252,39893,585221,0.07281,42338,1624108,0.202062,8037679
4,2021-02-17,82512,2287588,39017,1169815,43495,1117773,0,0,39105,1035954,0.128887,43181,628402,0.078182,40248,1664356,0.207069,8037679
4,2021-02-18,84487,2372075,46518,1216333,37969,1155742,0,0,38897,1030948,0.128264,45374,673776,0.083827,40368,1704724,0.212092,8037679
4,2021-02-19,83753,2455828,52755,1269088,30998,1186740,0,0,41714,1031499,0.128333,41846,715622,0.089033,42397,1747121,0.217366,8037679
4,2021-02-20,50188,2506016,33401,1302489,16787,1203527,0,0,27004,1036124,0.128908,23090,738712,0.091906,27715,1774836,0.220814,8037679
4,2021-02-21,30574,2536590,24249,1326738,6325,1209852,0,0,14643,1035244,0.128799,15837,754549,0.093876,14957,1789793,0.222675,8037679
4,2021-02-22,55976,2592566,38428,1365166,17548,1227400,0,0,26907,1033738,0.128612,28887,783436,0.09747,27381,1817174,0.226082,8037679
4,2021-02-23,77637,2670203,43048,1408214,34589,1261989,0,0,33990,1025999,0.127649,43420,826856,0.102872,35681,1852855,0.230521,8037679
4,2021-02-24,92829,2763032,49071,1457285,43758,1305747,0,0,41646,1018932,0.126769,50895,877751,0.109205,43828,1896683,0.235974,8037679
4,2021-02-25,104478,2867510,54682,1511967,49796,1355543,0,0,49629,1016535,0.126471,54602,932353,0.115998,52205,1948888,0.242469,8037679
4,2021-02-26,110562,2978072,55860,1567827,54702,1410245,0,0,56207,1021066,0.127035,54037,986390,0.122721,58568,2007456,0.249756,8037679
4,2021-02-27,80671,3058743,43867,1611694,36792,1447037,12,12,42613,1027382,0.127821,37821,1024211,0.127426,44137,2051593,0.255247,8037679
4,2021-02-28,49847,3108590,30747,1642441,19093,1466130,7,19,27140,1032951,0.128514,22487,1046698,0.130224,28056,2079649,0.258738,8037679
4,2021-03-01,81535,3190125,47718,1690159,33762,1499892,55,74,44841,1042763,0.129734,36324,1083022,0.134743,46136,2125785,0.264477,8037679
4,2021-03-02,90364,3280489,51779,1741938,38574,1538466,11,85,52756,1059965,0.131875,37390,1120412,0.139395,54592,2180377,0.271269,8037679
4,2021-03-03,104323,3384812,55412,1797350,48891,1587357,20,105,58004,1073711,0.133585,46075,1166487,0.145127,59821,2240198,0.278712,8037679
4,2021-03-04,102590,3487402,57125,1854475,45445,1632802,20,125,55776,1084753,0.134958,46551,1213038,0.150919,57593,2297791,0.285877,8037679
4,2021-03-05,98661,3586063,53237,1907712,45096,1677898,328,453,57696,1104016,0.137355,40725,1253763,0.155986,59988,2357779,0.293341,8037679
4,2021-03-06,77681,3663744,43743,1951455,31286,1709184,2652,3105,47456,1125351,0.140009,30082,1283845,0.159728,51417,2409196,0.299738,8037679
4,2021-03-07,45201,3708945,27692,1979147,15289,1724473,2220,5325,26315,1136143,0.141352,18795,1302640,0.162067,29587,2438783,0.303419,8037679
4,2021-03-08,68707,3777652,35886,2015033,29417,1753890,3404,8729,45042,1162355,0.144613,23518,1326158,0.164993,49730,2488513,0.309606,8037679
4,2021-03-09,82800,3860452,41785,2056818,35710,1789600,5305,14034,44603,1175274,0.146221,37996,1364154,0.16972,50915,2539428,0.31594,8037679
4,2021-03-10,92789,3953241,47865,2104683,37354,1826954,7570,21604,46636,1184382,0.147354,45928,1410082,0.175434,55036,2594464,0.322788,8037679
4,2021-03-11,101793,4055034,53354,2158037,39882,1866836,8557,30161,46916,1186199,0.14758,54594,1464676,0.182226,56411,2650875,0.329806,8037679
4,2021-03-12,105606,4160640,51989,2210026,43234,1910070,10383,40544,45162,1182321,0.147097,60133,1524809,0.189708,56255,2707130,0.336805,8037679
4,2021-03-13,82248,4242888,38078,2248104,35618,1945688,8552,49096,38898,1187527,0.147745,43198,1568007,0.195082,48404,2755534,0.342827,8037679
4,2021-03-14,50221,4293109,28600,2276704,17965,1963653,3656,52752,23462,1188547,0.147872,26651,1594658,0.198398,27671,2783205,0.34627,8037679
4,2021-03-15,84390,4377499,45389,2322093,34698,1998351,4303,57055,42758,1195040,0.14868,41324,1635982,0.203539,47817,2831022,0.352219,8037679
4,2021-03-16,108715,4486214,56549,2378642,48716,2047067,3450,60505,57061,1204800,0.149894,51373,1687355,0.209931,61133,2892155,0.359825,8037679
4,2021-03-17,108201,4594415,58248,2436890,46436,2093503,3517,64022,63092,1227074,0.152665,44811,1732166,0.215506,67085,2959240,0.368171,8037679
4,2021-03-18,108069,4702484,59954,2496844,44381,2137884,3734,67756,60939,1245270,0.154929,46833,1778999,0.221332,65029,3024269,0.376261,8037679
4,2021-03-19,112522,4815006,64744,2561588,42532,2180416,5246,73002,63658,1265935,0.1575,48556,1827555,0.227373,69221,3093490,0.384874,8037679
4,2021-03-20,84980,4899986,49763,2611351,32173,2212589,3044,76046,51789,1288027,0.160249,32996,1860551,0.231479,55088,3148578,0.391727,8037679
4,2021-03-21,48631,4948617,35239,2646590,11131,2223720,2261,78307,28322,1298774,0.161586,20159,1880710,0.233987,30906,3179484,0.395572,8037679
4,2021-03-22,83340,5031957,54382,2700972,26200,2249920,2758,81065,51367,1321887,0.164461,31690,1912400,0.237929,54803,3234287,0.402391,8037679
4,2021-03-23,105965,5137922,63454,2764426,40344,2290264,2167,83232,62058,1343031,0.167092,43605,1956005,0.243354,64749,3299036,0.410446,8037679
4,2021-03-24,114641,5252563,73906,2838332,38286,2328550,2449,85681,63719,1359152,0.169098,50450,2006455,0.249631,66571,3365607,0.418729,8037679
4,2021-03-25,118287,5370850,72757,2911089,43086,2371636,2444,88125,66285,1376852,0.1713,51493,2057948,0.256038,69193,3434800,0.427337,8037679
4,2021-03-26,121034,5491884,73369,2984458,44610,2416246,3055,91180,65186,1390211,0.172962,55440,2113388,0.262935,68799,3503599,0.435897,8037679
4,2021-03-27,92920,5584804,54736,3039194,36367,2452613,1817,92997,46808,1393453,0.173365,45835,2159223,0.268638,49077,3552676,0.442003,8037679
4,2021-03-28,56329,5641133,37222,3076416,18229,2470842,878,93875,29642,1397843,0.173911,26494,2185717,0.271934,30884,3583560,0.445845,8037679
4,2021-03-29,94784,5735917,56750,3133166,35925,2506767,2109,95984,50684,1407380,0.175098,43800,2229517,0.277383,53337,3636897,0.452481,8037679
4,2021-03-30,118338,5854255,64595,3197761,49540,2556307,4203,100187,69601,1433104,0.178298,48458,2277975,0.283412,74182,3711079,0.46171,8037679
4,2021-03-31,122124,5976379,72062,3269823,43725,2600032,6337,106524,68014,1453896,0.180885,53717,2331692,0.290095,74509,3785588,0.47098,8037679
4,2021-04-01,143832,6120211,81944,3351767,48484,2648516,13404,119928,84300,1492403,0.185676,58971,2390663,0.297432,97478,3883066,0.483108,8037679
4,2021-04-02,137722,6257933,73592,3425359,50465,2698981,13665,133593,79150,1526985,0.189978,58242,2448905,0.304678,92824,3975890,0.494656,8037679
4,2021-04-03,101813,6359746,54410,3479769,33885,2732866,13518,147111,53032,1544949,0.192213,48555,2497460,0.310719,66519,4042409,0.502932,8037679
4,2021-04-04,47138,6406884,24896,3504665,14694,2747560,7548,154659,20530,1546369,0.19239,26486,2523946,0.314014,27906,4070315,0.506404,8037679
4,2021-04-05,110496,6517380,61990,3566655,35566,2783126,12940,167599,57241,1563919,0.194573,52999,2576945,0.320608,70549,4140864,0.515182,8037679
4,2021-04-06,139853,6657233,78691,3645346,41251,2824377,19911,187510,72403,1589427,0.197747,67183,2644128,0.328967,92691,4233555,0.526714,8037679
4,2021-04-07,138544,6795777,78519,3723865,39183,2863560,20842,208352,71591,1615260,0.200961,66667,2710795,0.337261,92500,4326055,0.538222,8037679
4,2021-04-08,141000,6936777,78563,3802428,36838,2900398,25599,233951,70223,1640910,0.204152,70446,2781241,0.346025,96096,4422151,0.550178,8037679
4,2021-04-09,138631,7075408,75972,3878400,39470,2939868,23189,257140,66201,1658878,0.206388,72144,2853385,0.355001,90112,4512263,0.561389,8037679
4,2021-04-10,104437,7179845,51483,3929883,33938,2973806,19016,276156,47138,1668803,0.207622,57064,2910449,0.362101,66989,4579252,0.569723,8037679
4,2021-04-11,63013,7242858,38237,3968120,13518,2987324,11258,287414,27559,1673211,0.208171,35328,2945777,0.366496,39736,4618988,0.574667,8037679
4,2021-04-12,103535,7346393,62908,4031028,30332,3017656,10295,297709,52111,1685670,0.209721,51093,2996870,0.372853,63552,4682540,0.582574,8037679
4,2021-04-13,131222,7477615,82357,4113385,48696,3066352,169,297878,78362,1712529,0.213063,52537,3049407,0.379389,79396,4761936,0.592452,8037679
4,2021-04-14,136772,7614387,87272,4200657,49419,3115771,81,297959,75626,1728674,0.215071,60795,3110202,0.386953,76940,4838876,0.602024,8037679
4,2021-04-15,156879,7771266,104284,4304941,52519,3168290,76,298035,95900,1764887,0.219577,60555,3170757,0.394487,96768,4935644,0.614063,8037679
4,2021-04-16,144259,7915525,91425,4396366,52753,3221043,81,298116,83578,1788949,0.22257,60322,3231079,0.401992,84384,5020028,0.624562,8037679
4,2021-04-17,101930,8017455,63987,4460353,37915,3258958,28,298144,59567,1807651,0.224897,42061,3273140,0.407225,60763,5080791,0.632122,8037679
4,2021-04-18,57274,8074729,38755,4499108,18514,3277472,5,298149,32138,1815774,0.225908,24980,3298120,0.410332,33103,5113894,0.63624,8037679
4,2021-04-19,101648,8176377,66950,4566058,34677,3312149,21,298170,51389,1817792,0.226159,49992,3348112,0.416552,52010,5165904,0.642711,8037679
4,2021-04-20,131982,8308359,78567,4644625,53396,3365545,19,298189,68284,1823847,0.226912,63337,3411449,0.424432,69392,5235296,0.651344,8037679
4,2021-04-21,135168,8443527,88214,4732839,46892,3412437,62,298251,67906,1826119,0.227195,66818,3478267,0.432745,69090,5304386,0.65994,8037679
4,2021-04-22,142264,8585791,94401,4827240,47838,3460275,25,298276,63419,1812300,0.225476,78406,3556673,0.4425,64587,5368973,0.667976,8037679
4,2021-04-23,135692,8721483,88282,4915522,47384,3507659,26,298302,58714,1795667,0.223406,76578,3633251,0.452027,59945,5428918,0.675434,8037679
4,2021-04-24,99296,8820779,67024,4982546,32220,3539879,52,298354,45644,1789113,0.222591,53334,3686585,0.458663,46780,5475698,0.681254,8037679
4,2021-04-25,50578,8871357,35651,5018197,14901,3554780,26,298380,26378,1791935,0.222942,24041,3710626,0.461654,26863,5502561,0.684596,8037679
4,2021-04-26,92527,8963884,60706,5078903,31418,3586198,403,298783,36279,1774043,0.220716,55916,3766542,0.468611,38024,5540585,0.689326,8037679
4,2021-04-27,114383,9078267,69923,5148826,42132,3628330,2328,301111,41099,1745334,0.217144,72943,3839485,0.477686,44234,5584819,0.69483,8037679
4,2021-04-28,104967,9183234,68567,5217393,33850,3662180,2550,303661,38305,1720569,0.214063,66292,3905777,0.485933,41527,5626346,0.699996,8037679
4,2021-04-29,106383,9289617,67936,5285329,35904,3698084,2543,306204,34277,1686264,0.209795,71731,3977508,0.494858,37426,5663772,0.704653,8037679
4,2021-04-30,106092,9395709,67202,5352531,36172,3734256,2718,308922,36398,1656775,0.206126,69272,4046780,0.503476,39783,5703555,0.709602,8037679
4,2021-05-01,70024,9465733,46466,5398997,21769,3756025,1789,310711,20411,1630305,0.202833,49298,4096078,0.50961,22828,5726383,0.712442,8037679
4,2021-05-02,37839,9503572,26856,5425853,9683,3765708,1300,312011,10594,1615219,0.200956,27117,4123195,0.512983,12031,5738414,0.713939,8037679
4,2021-05-03,79632,9583204,55536,5481389,21594,3787302,2502,314513,19289,1577303,0.196239,60065,4183260,0.520456,22149,5760563,0.716695,8037679
4,2021-05-04,101838,9685042,69712,5551101,29338,3816640,2788,317301,22721,1524409,0.189658,78787,4262047,0.530258,25893,5786456,0.719916,8037679
4,2021-05-05,102706,9787748,72397,5623498,27551,3844191,2758,320059,21871,1468867,0.182748,80476,4342523,0.540271,24934,5811390,0.723018,8037679
4,2021-05-06,112499,9900247,84293,5707791,25251,3869442,2955,323014,19649,1400255,0.174211,92340,4434863,0.551759,23728,5835118,0.725971,8037679
4,2021-05-07,105416,10005663,75782,5783573,26944,3896386,2690,325704,20726,1339793,0.166689,84287,4519150,0.562246,23825,5858943,0.728935,8037679
4,2021-05-08,70184,10075847,48404,5831977,19845,3916231,1935,327639,13836,1299808,0.161714,56100,4575250,0.569225,16115,5875058,0.73094,8037679
4,2021-05-09,34487,10110334,28214,5860191,5324,3921555,949,328588,7431,1281342,0.159417,26939,4602189,0.572577,8473,5883531,0.731994,8037679
4,2021-05-10,65420,10175754,43801,5903992,19288,3940843,2331,330919,11060,1240906,0.154386,54126,4656315,0.579311,13690,5897221,0.733697,8037679
4,2021-05-11,83621,10259375,52337,5956329,29084,3969927,2200,333119,15864,1192022,0.148304,67490,4723805,0.587708,18606,5915827,0.736012,8037679
4,2021-05-12,80114,10339489,53271,6009600,24363,3994290,2480,335599,16631,1148416,0.142879,63167,4786972,0.595566,19561,5935388,0.738446,8037679
4,2021-05-13,105109,10444598,77365,6086965,26206,4020496,1538,337137,40665,1127585,0.140287,64091,4851063,0.60354,43260,5978648,0.743828,8037679
4,2021-05-14,105423,10550021,74435,6161400,28853,4049349,2135,339272,40548,1106277,0.137636,64528,4915591,0.611568,43220,6021868,0.749205,8037679
4,2021-05-15,86067,10636088,66534,6227934,18195,4067544,1338,340610,37948,1098006,0.136607,47858,4963449,0.617523,39587,6061455,0.75413,8037679
4,2021-05-16,51825,10687913,41751,6269685,9355,4076899,719,341329,21247,1089697,0.135574,30417,4993866,0.621307,22108,6083563,0.756881,8037679
4,2021-05-17,71465,10759378,52195,6321880,17426,4094325,1844,343173,28202,1076941,0.133987,43041,5036907,0.626662,30285,6113848,0.760648,8037679
4,2021-05-18,82093,10841471,53360,6375240,26977,4121302,1756,344929,29298,1055951,0.131375,52419,5089326,0.633184,31429,6145277,0.764559,8037679
4,2021-05-19,77162,10918633,52145,6427385,23063,4144365,1954,346883,30961,1043273,0.129798,45878,5135204,0.638891,33200,6178477,0.768689,8037679
4,2021-05-20,69384,10988017,44605,6471990,22771,4167136,2008,348891,25699,1027949,0.127891,43380,5178584,0.644288,28056,6206533,0.77218,8037679
4,2021-05-21,74094,11062111,48839,6520829,23373,4190509,1882,350773,26106,1008536,0.125476,47668,5226252,0.650219,28255,6234788,0.775695,8037679
4,2021-05-22,50163,11112274,35186,6556015,13700,4204209,1277,352050,21772,1003605,0.124863,28219,5254471,0.65373,23288,6258076,0.778592,8037679
4,2021-05-23,24001,11136275,17115,6573130,6161,4210370,725,352775,9731,1000031,0.124418,14142,5268613,0.655489,10568,6268644,0.779907,8037679
4,2021-05-24,43282,11179557,27517,6600647,12750,4223120,3015,355790,15141,990480,0.12323,27908,5296521,0.658961,18357,6287001,0.782191,8037679
4,2021-05-25,45135,11224692,28065,6628712,14232,4237352,2838,358628,15947,980558,0.121995,28931,5325452,0.662561,19009,6306010,0.784556,8037679
4,2021-05-26,44778,11269470,26833,6655545,15333,4252685,2612,361240,15890,970573,0.120753,28659,5354111,0.666127,18674,6324684,0.786879,8037679
4,2021-05-27,38979,11308449,23365,6678910,12472,4265157,3142,364382,14651,964412,0.119986,24117,5378228,0.669127,17956,6342640,0.789113,8037679
4,2021-05-28,43444,11351893,27644,6706554,14189,4279346,1611,365993,18897,960869,0.119546,24269,5402497,0.672146,20726,6363366,0.791692,8037679
4,2021-05-29,23731,11375624,15387,6721941,7410,4286756,934,366927,10864,960089,0.119449,12712,5415209,0.673728,11932,6375298,0.793176,8037679
4,2021-05-30,12102,11387726,8497,6730438,3075,4289831,530,367457,5017,958692,0.119275,7010,5422219,0.6746,5613,6380911,0.793875,8037679
4,2021-05-31,3622,11391348,2300,6732738,1158,4290989,164,367621,1155,957624,0.119142,2408,5424627,0.6749,1340,6382251,0.794042,8037679
4,2021-06-01,39525,11430873,24554,6757292,12523,4303512,2448,370069,13005,947007,0.117821,26285,5450912,0.67817,15668,6397919,0.795991,8037679
4,2021-06-02,32672,11463545,20393,6777685,9468,4312980,2811,372880,10873,939227,0.116853,21608,5472520,0.680858,13828,6411747,0.797711,8037679
4,2021-06-03,48151,11511696,36932,6814617,8758,4321738,2461,375341,10327,914685,0.1138,37644,5510164,0.685542,13102,6424849,0.799341,8037679
4,2021-06-04,54881,11566577,44169,6858786,9382,4331120,1330,376671,12710,887615,0.110432,41923,5552087,0.690757,14853,6439702,0.801189,8037679
4,2021-06-05,44860,11611437,38410,6897196,5455,4336575,995,377666,8713,861639,0.1072,35986,5588073,0.695235,10010,6449712,0.802435,8037679
4,2021-06-06,21255,11632692,18960,6916156,1730,4338305,565,378231,3915,849287,0.105663,17231,5605304,0.697378,4879,6454591,0.803042,8037679
4,2021-06-07,38744,11671436,31340,6947496,5470,4343775,1934,380165,8379,829667,0.103222,30225,5635529,0.701139,10605,6465196,0.804361,8037679
4,2021-06-08,40664,11712100,31897,6979393,6219,4349994,2548,382713,9420,810927,0.100891,31049,5666578,0.705002,12309,6477505,0.805892,8037679
4,2021-06-09,38973,11751073,30888,7010281,5718,4355712,2367,385080,7916,790684,0.098372,30880,5697458,0.708844,10637,6488142,0.807216,8037679
4,2021-06-10,37170,11788243,29277,7039558,5267,4360979,2626,387706,8378,773324,0.096212,28628,5726086,0.712405,11268,6499410,0.808618,8037679
4,2021-06-11,38337,11826580,30073,7069631,6247,4367226,2017,389723,9851,757221,0.094209,28321,5754407,0.715929,12218,6511628,0.810138,8037679
4,2021-06-12,26590,11853170,22111,7091742,3765,4370991,714,390437,6011,743699,0.092527,20467,5774874,0.718475,6945,6518573,0.811002,8037679
4,2021-06-13,10836,11864006,8562,7100304,1797,4372788,477,390914,2263,738044,0.091823,8504,5783378,0.719533,2849,6521422,0.811356,8037679
4,2021-06-14,28594,11892600,21384,7121688,4405,4377193,2805,393719,7764,728142,0.090591,20688,5804066,0.722107,10786,6532208,0.812698,8037679
4,2021-06-15,29967,11922567,21168,7142856,5389,4382582,3410,397129,8264,718538,0.089396,21533,5825599,0.724786,11929,6544137,0.814182,8037679
4,2021-06-16,26591,11949158,20029,7162885,3937,4386519,2625,399754,7994,710954,0.088453,18412,5844011,0.727077,10828,6554965,0.81553,8037679
4,2021-06-17,25149,11974307,18558,7181443,3694,4390213,2897,402651,7592,704271,0.087621,17365,5861376,0.729237,10682,6565647,0.816859,8037679
4,2021-06-18,26766,12001073,21102,7202545,4431,4394644,1233,403884,8249,695690,0.086554,18310,5879686,0.731515,9729,6575376,0.818069,8037679
4,2021-06-19,15781,12016854,12765,7215310,2309,4396953,707,404591,5061,691058,0.085977,10571,5890257,0.732831,5939,6581315,0.818808,8037679
4,2021-06-20,7364,12024218,6062,7221372,995,4397948,307,404898,2618,689380,0.085769,4687,5894944,0.733414,3009,6584324,0.819182,8037679
4,2021-06-21,14604,12038822,10551,7231923,2911,4400859,1142,406040,7333,690838,0.08595,7178,5902122,0.734307,8636,6592960,0.820257,8037679
4,2021-06-22,20511,12059333,15971,7247894,3461,4404320,1079,407119,7116,685923,0.085338,13262,5915384,0.735957,8347,6601307,0.821295,8037679
4,2021-06-23,18427,12077760,14456,7262350,2974,4407294,997,408116,6711,682182,0.084873,11574,5926958,0.737397,7833,6609140,0.82227,8037679
4,2021-06-24,17610,12095370,13613,7275963,3006,4410300,991,409107,6569,678994,0.084476,10883,5937841,0.738751,7695,6616835,0.823227,8037679
4,2021-06-25,21585,12116955,16951,7292914,3584,4413884,1050,410157,7809,674388,0.083903,13634,5951475,0.740447,9028,6625863,0.82435,8037679
4,2021-06-26,13096,12130051,10661,7303575,1817,4415701,618,410775,4816,671777,0.083578,8156,5959631,0.741462,5545,6631408,0.82504,8037679
4,2021-06-27,6850,12136901,5547,7309122,960,4416661,343,411118,2877,671120,0.083497,3932,5963563,0.741951,3275,6634683,0.825448,8037679
4,2021-06-28,15089,12151990,12664,7321786,1568,4418229,857,411975,6043,669200,0.083258,8947,5972510,0.743064,7027,6641710,0.826322,8037679
4,2021-06-29,16488,12168478,12789,7334575,2887,4421116,812,412787,6346,666460,0.082917,10020,5982530,0.744311,7280,6648990,0.827228,8037679
4,2021-06-30,14607,12183085,11389,7345964,2481,4423597,737,413524,6055,664952,0.082729,8418,5990948,0.745358,6910,6655900,0.828087,8037679
4,2021-07-01,14486,12197571,11413,7357377,2327,4425924,746,414270,5934,663342,0.082529,8427,5999375,0.746406,6817,6662717,0.828935,8037679
4,2021-07-02,16796,12214367,13318,7370695,2713,4428637,765,415035,6861,661266,0.082271,9830,6009205,0.747629,7754,6670471,0.8299,8037679
4,2021-07-03,9182,12223549,7286,7377981,1486,4430123,410,415445,3975,660582,0.082186,5126,6014331,0.748267,4442,6674913,0.830453,8037679
4,2021-07-04,443,12223992,277,7378258,106,4430229,60,415505,195,660606,0.082189,242,6014573,0.748297,266,6675179,0.830486,8037679
4,2021-07-05,9185,12233177,7468,7385726,1301,4431530,416,415921,4164,660293,0.08215,4942,6019515,0.748912,4629,6679808,0.831062,8037679
4,2021-07-06,16471,12249648,12969,7398695,2701,4434231,801,416722,6063,656987,0.081738,10281,6029796,0.750191,6975,6686783,0.83193,8037679
4,2021-07-07,13753,12263401,10729,7409424,2244,4436475,780,417502,5190,654627,0.081445,8452,6038248,0.751243,6092,6692875,0.832688,8037679
4,2021-07-08,13210,12276611,10317,7419741,2065,4438540,828,418330,5182,652824,0.08122,7903,6046151,0.752226,6100,6698975,0.833446,8037679
4,2021-07-09,15417,12292028,11824,7431565,2657,4441197,936,419266,6261,651130,0.08101,9007,6055158,0.753347,7313,6706288,0.834356,8037679
4,2021-07-10,8838,12300866,6991,7438556,1447,4442644,400,419666,3710,650259,0.080901,5041,6060199,0.753974,4170,6710458,0.834875,8037679
4,2021-07-11,4974,12305840,3980,7442536,793,4443437,201,419867,2225,650010,0.08087,2705,6062904,0.75431,2456,6712914,0.835181,8037679
4,2021-07-12,13034,12318874,10316,7452852,1997,4445434,721,420588,5059,647996,0.08062,7896,6070800,0.755293,5882,6718796,0.835912,8037679
4,2021-07-13,12829,12331703,9819,7462671,2374,4447808,636,421224,5454,646914,0.080485,7268,6078068,0.756197,6186,6724982,0.836682,8037679
4,2021-07-14,11721,12343424,9222,7471893,1947,4449755,552,421776,5074,646053,0.080378,6555,6084623,0.757012,5694,6730676,0.83739,8037679
4,2021-07-15,12417,12355841,9863,7481756,1967,4451722,587,422363,5641,645703,0.080335,6651,6091274,0.75784,6301,6736977,0.838174,8037679
4,2021-07-16,14992,12370833,11696,7493452,2628,4454350,668,423031,6915,645421,0.080299,7973,6099247,0.758832,7691,6744668,0.839131,8037679
4,2021-07-17,9357,12380190,7398,7500850,1634,4455984,325,423356,4429,645390,0.080296,4828,6104075,0.759433,4797,6749465,0.839728,8037679
4,2021-07-18,5345,12385535,4304,7505154,840,4456824,201,423557,2522,645370,0.080293,2764,6106839,0.759776,2744,6752209,0.84007,8037679
4,2021-07-19,12816,12398351,10152,7515306,2009,4458833,655,424212,6090,645560,0.080317,6634,6113473,0.760602,6824,6759033,0.840919,8037679
4,2021-07-20,13758,12412109,10602,7525908,2492,4461325,664,424876,6788,646269,0.080405,6825,6120298,0.761451,7534,6766567,0.841856,8037679
4,2021-07-21,12821,12424930,9945,7535853,2227,4463552,649,425525,6381,647053,0.080502,6303,6126601,0.762235,7087,6773654,0.842738,8037679
4,2021-07-22,13482,12438412,10521,7546374,2303,4465855,658,426183,7027,648479,0.08068,6321,6132922,0.763022,7747,6781401,0.843701,8037679
4,2021-07-23,15697,12454109,12116,7558490,2888,4468743,693,426876,8235,650204,0.080894,7291,6140213,0.763929,9016,6790417,0.844823,8037679
4,2021-07-24,9571,12463680,7498,7565988,1747,4470490,326,427202,4934,651014,0.080995,4500,6144713,0.764488,5310,6795727,0.845484,8037679
4,2021-07-25,4758,12468438,3743,7569731,857,4471347,158,427360,3353,653193,0.081266,1347,6146060,0.764656,3526,6799253,0.845922,8037679
4,2021-07-26,12967,12481405,10154,7579885,2134,4473481,679,428039,7554,656212,0.081642,5269,6151329,0.765312,8288,6807541,0.846954,8037679
4,2021-07-27,14319,12495724,10974,7590859,2587,4476068,758,428797,7734,658315,0.081904,6429,6157758,0.766111,8532,6816073,0.848015,8037679
4,2021-07-28,13212,12508936,10086,7600945,2425,4478493,701,429498,7336,660700,0.0822,5708,6163466,0.766822,8093,6824166,0.849022,8037679
4,2021-07-29,13480,12522416,10484,7611429,2283,4480776,713,430211,7568,663374,0.082533,5685,6169151,0.767529,8359,6832525,0.850062,8037679
4,2021-07-30,15780,12538196,12102,7623531,2888,4483664,790,431001,8575,666002,0.08286,6841,6175992,0.76838,9469,6841994,0.85124,8037679
4,2021-07-31,9755,12547951,7615,7631146,1718,4485382,422,431423,5522,667952,0.083103,4034,6180026,0.768882,5984,6847978,0.851985,8037679
4,2021-08-01,5427,12553378,4483,7635629,776,4486158,168,431591,3209,669251,0.083264,2112,6182138,0.769145,3411,6851389,0.852409,8037679
4,2021-08-02,14050,12567428,11223,7646852,2087,4488245,740,432331,8206,672633,0.083685,5633,6187771,0.769845,9015,6860404,0.85353,8037679
4,2021-08-03,14674,12582102,11281,7658133,2633,4490878,760,433091,8448,675915,0.084093,6001,6193772,0.770592,9283,6869687,0.854685,8037679
4,2021-08-04,13359,12595461,10410,7668543,2259,4493137,690,433781,7560,678618,0.08443,5588,6199360,0.771287,8291,6877978,0.855717,8037679
4,2021-08-05,14332,12609793,11317,7679860,2249,4495386,766,434547,8062,681477,0.084785,6019,6205379,0.772036,8878,6886856,0.856821,8037679
4,2021-08-06,17180,12626973,13201,7693061,3118,4498504,861,435408,9580,684707,0.085187,7280,6212659,0.772942,10510,6897366,0.858129,8037679
4,2021-08-07,10173,12637146,8090,7701151,1644,4500148,439,435847,5552,686298,0.085385,4441,6217100,0.773494,6032,6903398,0.85888,8037679
4,2021-08-08,6238,12643384,4960,7706111,1076,4501224,202,436049,3604,687636,0.085552,2498,6219598,0.773805,3836,6907234,0.859357,8037679
4,2021-08-09,14554,12657938,11800,7717911,2019,4503243,735,436784,7789,689700,0.085808,6538,6226136,0.774619,8602,6915836,0.860427,8037679
4,2021-08-10,14769,12672707,11399,7729310,2631,4505874,739,437523,7816,691613,0.086046,6707,6232843,0.775453,8620,6924456,0.861499,8037679
4,2021-08-11,12553,12685260,9631,7738941,2165,4508039,757,438280,6545,693196,0.086243,5750,6238593,0.776168,7333,6931789,0.862412,8037679
4,2021-08-12,14079,12699339,10744,7749685,2596,4510635,739,439019,7264,694765,0.086439,6480,6245073,0.776975,8049,6939838,0.863413,8037679
4,2021-08-13,17661,12717000,13090,7762775,3685,4514320,886,439905,8711,696144,0.08661,8289,6253362,0.778006,9668,6949506,0.864616,8037679
4,2021-08-14,12218,12729218,8719,7771494,2995,4517315,504,440409,5566,697309,0.086755,4968,6258330,0.778624,6133,6955639,0.865379,8037679
4,2021-08-15,7451,12736669,5449,7776943,1785,4519100,217,440626,3304,697970,0.086837,2902,6261232,0.778985,3563,6959202,0.865822,8037679
4,2021-08-16,17939,12754608,12417,7789360,4682,4523782,840,441466,7435,698946,0.086959,7379,6268611,0.779903,8355,6967557,0.866862,8037679
4,2021-08-17,18039,12772647,12285,7801645,4926,4528708,828,442294,7185,699740,0.087057,7310,6275921,0.780813,8104,6975661,0.86787,8037679
4,2021-08-18,8586,12781233,5700,7807345,2217,4530925,669,442963,3233,700067,0.087098,3643,6279564,0.781266,3970,6979631,0.868364,8037679
