vemquartile,administered_date,total_doses,cumulative_total_doses,pfizer_doses,cumulative_pfizer_doses,moderna_doses,cumulative_moderna_doses,jj_doses,cumulative_jj_doses,partially_vaccinated,total_partially_vaccinated,pct_age12pop_partially_vaccinated,fully_vaccinated,cumulative_fully_vaccinated,pct_age12pop_fully_vaccinated,at_least_one_dose,cumulative_at_least_one_dose,pct_age12pop_at_least_one_dose,age12_population
1,2020-12-15,153,153,153,153,0,0,0,0,153,153,1.8e-05,0,0,0.0,153,153,1.8e-05,8700223
1,2020-12-16,1225,1378,1225,1378,0,0,0,0,1225,1378,0.000158,0,0,0.0,1225,1378,0.000158,8700223
1,2020-12-17,4180,5558,4180,5558,0,0,0,0,4181,5559,0.000639,0,0,0.0,4181,5559,0.000639,8700223
1,2020-12-18,6376,11934,6354,11912,22,22,0,0,6378,11936,0.001372,1,1,0.0,6378,11937,0.001372,8700223
1,2020-12-19,2874,14808,2871,14783,3,25,0,0,2873,14808,0.001702,1,2,0.0,2873,14810,0.001702,8700223
1,2020-12-20,2127,16935,2119,16902,8,33,0,0,2128,16936,0.001947,0,2,0.0,2128,16938,0.001947,8700223
1,2020-12-21,7650,24585,7630,24532,20,53,0,0,7699,24635,0.002832,1,3,0.0,7700,24638,0.002832,8700223
1,2020-12-22,7310,31895,6968,31500,342,395,0,0,7311,31944,0.003672,2,5,1e-06,7311,31949,0.003672,8700223
1,2020-12-23,7837,39732,6577,38077,1260,1655,0,0,7832,39775,0.004572,2,7,1e-06,7833,39782,0.004573,8700223
1,2020-12-24,3298,43030,2362,40439,936,2591,0,0,3300,43075,0.004951,0,7,1e-06,3300,43082,0.004952,8700223
1,2020-12-25,238,43268,153,40592,85,2676,0,0,238,43313,0.004978,0,7,1e-06,238,43320,0.004979,8700223
1,2020-12-26,1359,44627,966,41558,393,3069,0,0,1358,44670,0.005134,1,8,1e-06,1358,44678,0.005135,8700223
1,2020-12-27,870,45497,538,42096,332,3401,0,0,870,45539,0.005234,1,9,1e-06,870,45548,0.005235,8700223
1,2020-12-28,7092,52589,4754,46850,2338,5739,0,0,7090,52629,0.006049,0,9,1e-06,7090,52638,0.00605,8700223
1,2020-12-29,8907,61496,4980,51830,3927,9666,0,0,8903,61529,0.007072,3,12,1e-06,8903,61541,0.007073,8700223
1,2020-12-30,11574,73070,6443,58273,5131,14797,0,0,11574,73103,0.008402,0,12,1e-06,11574,73115,0.008404,8700223
1,2020-12-31,5980,79050,1954,60227,4026,18823,0,0,5978,79079,0.009089,3,15,2e-06,5979,79094,0.009091,8700223
1,2021-01-01,582,79632,211,60438,371,19194,0,0,580,79657,0.009156,2,17,2e-06,580,79674,0.009158,8700223
1,2021-01-02,2911,82543,1765,62203,1146,20340,0,0,2913,82570,0.009491,0,17,2e-06,2913,82587,0.009493,8700223
1,2021-01-03,1036,83579,547,62750,489,20829,0,0,1035,83603,0.009609,2,19,2e-06,1035,83622,0.009611,8700223
1,2021-01-04,7375,90954,3584,66334,3791,24620,0,0,7379,90981,0.010457,1,20,2e-06,7379,91001,0.01046,8700223
1,2021-01-05,10863,101817,5252,71586,5611,30231,0,0,10069,100296,0.011528,776,796,9.1e-05,10091,101092,0.011619,8700223
1,2021-01-06,14075,115892,7065,78651,7010,37241,0,0,12155,110580,0.01271,1884,2680,0.000308,12168,113260,0.013018,8700223
1,2021-01-07,17519,133411,9164,87815,8355,45596,0,0,13002,119166,0.013697,4426,7106,0.000817,13012,126272,0.014514,8700223
1,2021-01-08,20186,153597,10484,98299,9702,55298,0,0,14243,127489,0.014654,5927,13033,0.001498,14250,140522,0.016152,8700223
1,2021-01-09,6685,160282,3399,101698,3286,58584,0,0,4832,130474,0.014997,1850,14883,0.001711,4835,145357,0.016707,8700223
1,2021-01-10,3090,163372,1761,103459,1329,59913,0,0,1904,131197,0.01508,1182,16065,0.001847,1905,147262,0.016926,8700223
1,2021-01-11,18074,181446,11846,115305,6228,66141,0,0,11527,136229,0.015658,6536,22601,0.002598,11568,158830,0.018256,8700223
1,2021-01-12,19108,200554,10955,126260,8153,74294,0,0,13120,143429,0.016486,5961,28562,0.003283,13161,171991,0.019769,8700223
1,2021-01-13,19830,220384,10735,136995,9095,83389,0,0,14682,153001,0.017586,5128,33690,0.003872,14700,186691,0.021458,8700223
1,2021-01-14,22031,242415,9449,146444,12582,95971,0,0,19281,169639,0.019498,2697,36387,0.004182,19335,206026,0.023681,8700223
1,2021-01-15,25171,267586,9247,155691,15924,111895,0,0,23225,191015,0.021955,1907,38294,0.004401,23283,229309,0.026357,8700223
1,2021-01-16,13871,281457,4529,160220,9342,121237,0,0,13003,203156,0.023351,865,39159,0.004501,13006,242315,0.027852,8700223
1,2021-01-17,5214,286671,2033,162253,3181,124418,0,0,4848,207641,0.023866,366,39525,0.004543,4851,247166,0.028409,8700223
1,2021-01-18,14333,301004,8607,170860,5726,130144,0,0,11150,215676,0.02479,3170,42695,0.004907,11205,258371,0.029697,8700223
1,2021-01-19,24676,325680,12743,183603,11933,142077,0,0,19527,230126,0.026451,5131,47826,0.005497,19581,277952,0.031948,8700223
1,2021-01-20,29421,355101,14706,198309,14715,156792,0,0,23503,247826,0.028485,5842,53668,0.006169,23542,301494,0.034654,8700223
1,2021-01-21,31229,386330,14651,212960,16578,173370,0,0,27960,272679,0.031342,3201,56869,0.006536,28054,329548,0.037878,8700223
1,2021-01-22,28376,414706,11271,224231,17105,190475,0,0,26311,297022,0.03414,2000,58869,0.006766,26343,355891,0.040906,8700223
1,2021-01-23,18724,433430,8192,232423,10532,201007,0,0,16763,311863,0.035845,1931,60800,0.006988,16772,372663,0.042834,8700223
1,2021-01-24,6688,440118,4162,236585,2526,203533,0,0,6031,317247,0.036464,653,61453,0.007063,6037,378700,0.043528,8700223
1,2021-01-25,25442,465560,10487,247072,14955,218488,0,0,19657,331268,0.038076,5740,67193,0.007723,19761,398461,0.045799,8700223
1,2021-01-26,28834,494394,13484,260556,15350,233838,0,0,22140,346794,0.03986,6634,73827,0.008486,22160,420621,0.048346,8700223
1,2021-01-27,32661,527055,15541,276097,17120,250958,0,0,24540,363312,0.041759,8054,81881,0.009411,24572,445193,0.05117,8700223
1,2021-01-28,34979,562034,16403,292500,18576,269534,0,0,28036,384536,0.044198,6876,88757,0.010202,28100,473293,0.0544,8700223
1,2021-01-29,33664,595698,16444,308944,17220,286754,0,0,27084,405224,0.046576,6435,95192,0.010941,27123,500416,0.057518,8700223
1,2021-01-30,20197,615895,8736,317680,11461,298215,0,0,18070,421207,0.048413,2098,97290,0.011182,18081,518497,0.059596,8700223
1,2021-01-31,7648,623543,4973,322653,2675,300890,0,0,6939,427442,0.04913,706,97996,0.011264,6941,525438,0.060394,8700223
1,2021-02-01,28927,652470,12507,335160,16420,317310,0,0,21116,440802,0.050666,7761,105757,0.012156,21121,546559,0.062821,8700223
1,2021-02-02,32665,685135,11796,346956,20869,338179,0,0,24392,457040,0.052532,8191,113948,0.013097,24429,570988,0.065629,8700223
1,2021-02-03,39670,724805,15258,362214,24412,362591,0,0,28575,474720,0.054564,10932,124880,0.014354,28612,599600,0.068918,8700223
1,2021-02-04,44009,768814,17133,379347,26876,389467,0,0,31748,494378,0.056824,12138,137018,0.015749,31796,631396,0.072572,8700223
1,2021-02-05,46792,815606,17172,396519,29620,419087,0,0,30663,509112,0.058517,15981,152999,0.017586,30715,662111,0.076103,8700223
1,2021-02-06,26565,842171,10508,407027,16057,435144,0,0,20655,523920,0.060219,5863,158862,0.01826,20671,682782,0.078479,8700223
1,2021-02-07,6284,848455,4048,411075,2236,437380,0,0,4641,526954,0.060568,1625,160487,0.018446,4659,687441,0.079014,8700223
1,2021-02-08,31629,880084,14453,425528,17176,454556,0,0,21082,537677,0.0618,10455,170942,0.019648,21178,708619,0.081448,8700223
1,2021-02-09,38442,918526,16857,442385,21585,476141,0,0,23663,546731,0.062841,14686,185628,0.021336,23740,732359,0.084177,8700223
1,2021-02-10,47190,965716,22127,464512,25063,501204,0,0,26826,553394,0.063607,20242,205870,0.023663,26905,759264,0.087269,8700223
1,2021-02-11,51770,1017486,25422,489934,26348,527552,0,0,30904,563847,0.064808,20554,226424,0.026025,31007,790271,0.090833,8700223
1,2021-02-12,49992,1067478,21509,511443,28483,556035,0,0,28684,571516,0.06569,21154,247578,0.028457,28823,819094,0.094146,8700223
1,2021-02-13,26373,1093851,11532,522975,14841,570876,0,0,15268,575825,0.066185,11035,258613,0.029725,15344,834438,0.09591,8700223
1,2021-02-14,11779,1105630,5565,528540,6214,577090,0,0,6699,577539,0.066382,5050,263663,0.030305,6764,841202,0.096687,8700223
1,2021-02-15,23872,1129502,9381,537921,14491,591581,0,0,14516,582933,0.067002,9236,272899,0.031367,14630,855832,0.098369,8700223
1,2021-02-16,47101,1176603,22498,560419,24603,616184,0,0,27495,591016,0.067931,19523,292422,0.033611,27606,883438,0.101542,8700223
1,2021-02-17,48429,1225032,24539,584958,23890,640074,0,0,26097,595081,0.068398,22180,314602,0.03616,26245,909683,0.104559,8700223
1,2021-02-18,51127,1276159,25574,610532,25553,665627,0,0,26488,597399,0.068665,24401,339003,0.038965,26719,936402,0.10763,8700223
1,2021-02-19,46575,1322734,25260,635792,21315,686942,0,0,26092,603223,0.069334,20330,359333,0.041302,26154,962556,0.110636,8700223
1,2021-02-20,27625,1350359,16839,652631,10786,697728,0,0,15772,607280,0.069801,11792,371125,0.042657,15849,978405,0.112457,8700223
1,2021-02-21,12323,1362682,10617,663248,1706,699434,0,0,7420,609907,0.070102,4843,375968,0.043214,7470,985875,0.113316,8700223
1,2021-02-22,31513,1394195,20765,684013,10748,710182,0,0,18135,614859,0.070672,13284,389252,0.04474,18236,1004111,0.115412,8700223
1,2021-02-23,45567,1439762,22029,706042,23538,733720,0,0,25011,619963,0.071258,20269,409521,0.04707,25373,1029484,0.118328,8700223
1,2021-02-24,55656,1495418,26872,732914,28784,762504,0,0,30610,626184,0.071973,24841,434362,0.049925,31062,1060546,0.121899,8700223
1,2021-02-25,68144,1563562,33078,765992,35066,797570,0,0,42112,642931,0.073898,25865,460227,0.052898,42612,1103158,0.126797,8700223
1,2021-02-26,75963,1639525,35627,801619,40336,837906,0,0,49685,667041,0.076669,26049,486276,0.055892,50159,1153317,0.132562,8700223
1,2021-02-27,52247,1691772,23965,825584,28273,866179,9,9,34272,683754,0.07859,17833,504109,0.057942,34546,1187863,0.136532,8700223
1,2021-02-28,19867,1711639,11778,837362,8087,874266,2,11,14580,693272,0.079684,5205,509314,0.05854,14723,1202586,0.138225,8700223
1,2021-03-01,44965,1756604,20730,858092,24194,898460,41,52,28882,706524,0.081208,15908,525222,0.060369,29160,1231746,0.141576,8700223
1,2021-03-02,62556,1819160,27271,885363,35277,933737,8,60,40294,725336,0.08337,22109,547331,0.06291,40921,1272667,0.14628,8700223
1,2021-03-03,70307,1889467,33669,919032,36613,970350,25,85,43035,741876,0.085271,27113,574444,0.066026,43653,1316320,0.151297,8700223
1,2021-03-04,78589,1968056,37129,956161,41424,1011774,36,121,50725,765468,0.087983,27679,602123,0.069208,51271,1367591,0.15719,8700223
1,2021-03-05,77779,2045835,35249,991410,42324,1054098,206,327,52137,793038,0.091151,25400,627523,0.072127,52970,1420561,0.163279,8700223
1,2021-03-06,57425,2103260,27446,1018856,28627,1082725,1352,1679,39074,815551,0.093739,18273,645796,0.074228,40786,1461347,0.167967,8700223
1,2021-03-07,20921,2124181,13017,1031873,6715,1089440,1189,2868,15486,827072,0.095063,5408,651204,0.074849,16929,1478276,0.169912,8700223
1,2021-03-08,45930,2170111,22450,1054323,21523,1110963,1957,4825,32197,847929,0.097461,13632,664836,0.076416,34489,1512765,0.173877,8700223
1,2021-03-09,66610,2236721,32231,1086554,31876,1142839,2503,7328,40976,866259,0.099567,25487,690323,0.079345,43817,1556582,0.178913,8700223
1,2021-03-10,73562,2310283,36659,1123213,32426,1175265,4477,11805,45288,888226,0.102092,28165,718488,0.082583,50132,1606714,0.184675,8700223
1,2021-03-11,90042,2400325,41377,1164590,40660,1215925,8005,19810,52413,911699,0.10479,37402,755890,0.086882,60875,1667589,0.191672,8700223
1,2021-03-12,98820,2499145,43557,1208147,42849,1258774,12414,32224,57749,941459,0.108211,40861,796751,0.091578,70621,1738210,0.199789,8700223
1,2021-03-13,65257,2564402,29521,1237668,28068,1286842,7668,39892,41625,967574,0.111213,23502,820253,0.09428,49617,1787827,0.205492,8700223
1,2021-03-14,27873,2592275,14901,1252569,9400,1296242,3572,43464,15620,974776,0.11204,12182,832435,0.09568,19384,1807211,0.20772,8700223
1,2021-03-15,65193,2657468,28749,1281318,29693,1325935,6751,50215,38344,993600,0.114204,26633,859068,0.098741,45457,1852668,0.212945,8700223
1,2021-03-16,85651,2743119,39076,1320394,40932,1366867,5643,55858,53103,1020380,0.117282,32325,891393,0.102456,59105,1911773,0.219738,8700223
1,2021-03-17,92842,2835961,45274,1365668,41028,1407895,6540,62398,59669,1054007,0.121147,32948,924341,0.106243,66575,1978348,0.22739,8700223
1,2021-03-18,98566,2934527,50827,1416495,42018,1449913,5721,68119,59661,1081327,0.124287,38551,962892,0.110674,65871,2044219,0.234962,8700223
1,2021-03-19,103520,3038047,53617,1470112,43605,1493518,6298,74417,60569,1106049,0.127129,42666,1005558,0.115578,67388,2111607,0.242707,8700223
1,2021-03-20,72459,3110506,37270,1507382,29976,1523494,5213,79630,46563,1132396,0.130157,25708,1031266,0.118533,52055,2163662,0.24869,8700223
1,2021-03-21,27231,3137737,19016,1526398,6404,1529898,1811,81441,17017,1141196,0.131169,10122,1041388,0.119697,18922,2182584,0.250865,8700223
1,2021-03-22,59162,3196899,30567,1556965,25312,1555210,3283,84724,39993,1165905,0.134009,18946,1060334,0.121874,43655,2226239,0.255883,8700223
1,2021-03-23,83005,3279904,42259,1599224,37130,1592340,3616,88340,51189,1189599,0.136732,31573,1091907,0.125503,55267,2281506,0.262235,8700223
1,2021-03-24,87899,3367803,44515,1643739,39044,1631384,4340,92680,52582,1211663,0.139268,35026,1126933,0.129529,57090,2338596,0.268797,8700223
1,2021-03-25,96659,3464462,49425,1693164,41413,1672797,5821,98501,53691,1228746,0.141232,42638,1169571,0.13443,59721,2398317,0.275662,8700223
1,2021-03-26,104408,3568870,50937,1744101,47163,1719960,6308,104809,55953,1243213,0.142894,48092,1217663,0.139958,62559,2460876,0.282852,8700223
1,2021-03-27,73942,3642812,38206,1782307,31526,1751486,4210,109019,38000,1249908,0.143664,35716,1253379,0.144063,42411,2503287,0.287727,8700223
1,2021-03-28,32663,3675475,21385,1803692,10061,1761547,1217,110236,16386,1251793,0.143881,16169,1269548,0.145921,18054,2521341,0.289802,8700223
1,2021-03-29,67137,3742612,33352,1837044,30625,1792172,3160,113396,37052,1262331,0.145092,29881,1299429,0.149356,40419,2561760,0.294448,8700223
1,2021-03-30,91953,3834565,45317,1882361,40265,1832437,6371,119767,47302,1271649,0.146163,44445,1343874,0.154464,53763,2615523,0.300627,8700223
1,2021-03-31,100794,3935359,52658,1935019,41946,1874383,6190,125957,55308,1288042,0.148047,45171,1389045,0.159656,61564,2677087,0.307703,8700223
1,2021-04-01,111868,4047227,53542,1988561,49545,1923928,8781,134738,57027,1299485,0.149362,54415,1443460,0.165911,65858,2742945,0.315273,8700223
1,2021-04-02,111259,4158486,50917,2039478,50641,1974569,9701,144439,56458,1311476,0.150741,54373,1497833,0.17216,66364,2809309,0.322901,8700223
1,2021-04-03,77995,4236481,39269,2078747,29092,2003661,9634,154073,36484,1316332,0.151299,41330,1539163,0.176911,46186,2855495,0.328209,8700223
1,2021-04-04,23762,4260243,11825,2090572,8472,2012133,3465,157538,9944,1315979,0.151258,13752,1552915,0.178491,13399,2868894,0.329749,8700223
1,2021-04-05,76299,4336542,36652,2127224,30340,2042473,9307,166845,34226,1317805,0.151468,41875,1594790,0.183304,43701,2912595,0.334772,8700223
1,2021-04-06,103616,4440158,49255,2176479,37778,2080251,16583,183428,46783,1324661,0.152256,56545,1651335,0.189804,63401,2975996,0.34206,8700223
1,2021-04-07,111828,4551986,54380,2230859,39910,2120161,17538,200966,50403,1331504,0.153043,61124,1712459,0.196829,67967,3043963,0.349872,8700223
1,2021-04-08,122245,4674231,57916,2288775,43353,2163514,20976,221942,53983,1338684,0.153868,67847,1780306,0.204628,75027,3118990,0.358495,8700223
1,2021-04-09,123491,4797722,56414,2345189,46270,2209784,20807,242749,54202,1344830,0.154574,68916,1849222,0.212549,75062,3194052,0.367123,8700223
1,2021-04-10,95687,4893409,42517,2387706,30466,2240250,22704,265453,37375,1346780,0.154798,58102,1907324,0.219227,60052,3254104,0.374025,8700223
1,2021-04-11,36457,4929866,20326,2408032,9413,2249663,6718,272171,14817,1346840,0.154805,21578,1928902,0.221707,21638,3275742,0.376512,8700223
1,2021-04-12,74311,5004177,33240,2441272,31085,2280748,9986,282157,31452,1345862,0.154693,42570,1971472,0.2266,41592,3317334,0.381293,8700223
1,2021-04-13,97258,5101435,52087,2493359,44831,2325579,340,282497,52502,1354583,0.155695,44465,2015937,0.231711,53186,3370520,0.387406,8700223
1,2021-04-14,104917,5206352,54371,2547730,50474,2376053,72,282569,53416,1357311,0.156009,51133,2067070,0.237588,53861,3424381,0.393597,8700223
1,2021-04-15,106147,5312499,57758,2605488,48300,2424353,89,282658,56750,1365514,0.156952,48811,2115881,0.243198,57014,3481395,0.40015,8700223
1,2021-04-16,110732,5423231,56811,2662299,53833,2478186,88,282746,55437,1366457,0.15706,54766,2170647,0.249493,55709,3537104,0.406553,8700223
1,2021-04-17,83373,5506604,45285,2707584,38077,2516263,11,282757,46698,1376886,0.158259,36442,2207089,0.253682,46871,3583975,0.411941,8700223
1,2021-04-18,30213,5536817,20427,2728011,9779,2526042,7,282764,15254,1377479,0.158327,14870,2221959,0.255391,15463,3599438,0.413718,8700223
1,2021-04-19,67138,5603955,34013,2762024,33112,2559154,13,282777,30481,1371798,0.157674,36303,2258262,0.259564,30622,3630060,0.417238,8700223
1,2021-04-20,88553,5692508,44677,2806701,43854,2603008,22,282799,41767,1367354,0.157163,46437,2304699,0.264901,41993,3672053,0.422064,8700223
1,2021-04-21,97565,5790073,50895,2857596,46570,2649578,100,282899,43878,1358433,0.156138,53133,2357832,0.271008,44212,3716265,0.427146,8700223
1,2021-04-22,97115,5887188,50721,2908317,46378,2695956,16,282915,44702,1351461,0.155336,51909,2409741,0.276975,44937,3761202,0.432311,8700223
1,2021-04-23,101696,5988884,52518,2960835,49151,2745107,27,282942,48709,1347932,0.154931,52492,2462233,0.283008,48963,3810165,0.437939,8700223
1,2021-04-24,75475,6064359,46789,3007624,28660,2773767,26,282968,42696,1358256,0.156117,32652,2494885,0.286761,42976,3853141,0.442878,8700223
1,2021-04-25,27009,6091368,17193,3024817,9802,2783569,14,282982,15437,1362384,0.156592,11462,2506347,0.288078,15590,3868731,0.44467,8700223
1,2021-04-26,65806,6157174,34510,3059327,30896,2814465,400,283382,31473,1360568,0.156383,34028,2540375,0.29199,32212,3900943,0.448373,8700223
1,2021-04-27,81122,6238296,43103,3102430,36719,2851184,1300,284682,35477,1352319,0.155435,45370,2585745,0.297204,37121,3938064,0.452639,8700223
1,2021-04-28,80812,6319108,43003,3145433,36311,2887495,1498,286180,35684,1344936,0.154586,44795,2630540,0.302353,37412,3975476,0.45694,8700223
1,2021-04-29,83901,6403009,46138,3191571,36152,2923647,1611,287791,34656,1332465,0.153153,48900,2679440,0.307974,36429,4011905,0.461127,8700223
1,2021-04-30,91327,6494336,49473,3241044,39996,2963643,1858,289649,38591,1320663,0.151796,52421,2731861,0.313999,40619,4052524,0.465795,8700223
1,2021-05-01,62404,6556740,40300,3281344,20692,2984335,1412,291061,26339,1312800,0.150893,35833,2767694,0.318118,27970,4080494,0.46901,8700223
1,2021-05-02,23260,6580000,16447,3297791,6236,2990571,577,291638,9424,1309098,0.150467,13731,2781425,0.319696,10029,4090523,0.470163,8700223
1,2021-05-03,55573,6635573,30738,3328529,23006,3013577,1829,293467,20548,1296741,0.149047,34789,2816214,0.323694,22432,4112955,0.472741,8700223
1,2021-05-04,75079,6710652,43227,3371756,29765,3043342,2087,295554,27287,1278704,0.146974,47497,2863711,0.329154,29460,4142415,0.476127,8700223
1,2021-05-05,77283,6787935,44828,3416584,30174,3073516,2281,297835,26420,1256954,0.144474,50535,2914246,0.334962,28785,4171200,0.479436,8700223
1,2021-05-06,78460,6866395,47513,3464097,28787,3102303,2160,299995,24672,1230522,0.141436,53420,2967666,0.341102,26988,4198188,0.482538,8700223
1,2021-05-07,82520,6948915,46938,3511035,33396,3135699,2186,302181,27738,1206153,0.138635,54359,3022025,0.34735,29990,4228178,0.485985,8700223
1,2021-05-08,56651,7005566,35556,3546591,19462,3155161,1633,303814,19353,1190261,0.136808,36971,3058996,0.3516,21079,4249257,0.488408,8700223
1,2021-05-09,18191,7023757,13071,3559662,4641,3159802,479,304293,5568,1183797,0.136065,12546,3071542,0.353042,6082,4255339,0.489107,8700223
1,2021-05-10,43742,7067499,22077,3581739,19863,3179665,1802,306095,14817,1171846,0.134691,28662,3100204,0.356336,16711,4272050,0.491028,8700223
1,2021-05-11,61786,7129285,33487,3615226,26151,3205816,2148,308243,20483,1153557,0.132589,41038,3141242,0.361053,22749,4294799,0.493642,8700223
1,2021-05-12,62328,7191613,33158,3648384,27118,3232934,2052,310295,20496,1134654,0.130417,41519,3182761,0.365825,22616,4317415,0.496242,8700223
1,2021-05-13,66332,7257945,38863,3687247,25480,3258414,1989,312284,25252,1121468,0.128901,40704,3223465,0.370504,27518,4344933,0.499405,8700223
1,2021-05-14,75904,7333849,45768,3733015,27749,3286163,2387,314671,30729,1110080,0.127592,44781,3268246,0.375651,33393,4378326,0.503243,8700223
1,2021-05-15,66041,7399890,43299,3776314,20993,3307156,1749,316420,26353,1098847,0.126301,39403,3307649,0.38018,28170,4406496,0.506481,8700223
1,2021-05-16,24920,7424810,18351,3794665,5949,3313105,620,317040,10234,1095173,0.125879,14574,3322223,0.381855,10900,4417396,0.507734,8700223
1,2021-05-17,53963,7478773,33005,3827670,19200,3332305,1758,318798,22939,1089161,0.125188,30768,3352991,0.385391,24756,4442152,0.510579,8700223
1,2021-05-18,64813,7543586,39060,3866730,23927,3356232,1826,320624,28148,1082824,0.124459,36396,3389387,0.389575,30059,4472211,0.514034,8700223
1,2021-05-19,66164,7609750,40287,3907017,23954,3380186,1923,322547,29570,1078092,0.123915,36312,3425699,0.393748,31580,4503791,0.517664,8700223
1,2021-05-20,64092,7673842,37085,3944102,24805,3404991,2202,324749,26350,1069441,0.122921,37407,3463106,0.398048,28756,4532547,0.520969,8700223
1,2021-05-21,69766,7743608,41718,3985820,26208,3431199,1840,326589,28871,1059757,0.121808,40492,3503598,0.402702,30808,4563355,0.52451,8700223
1,2021-05-22,55770,7799378,36656,4022476,17396,3448595,1718,328307,24357,1054777,0.121236,31153,3534751,0.406283,26173,4589528,0.527518,8700223
1,2021-05-23,20424,7819802,14264,4036740,5574,3454169,586,328893,9484,1054033,0.12115,10838,3545589,0.407529,10094,4599622,0.528679,8700223
1,2021-05-24,43658,7863460,24342,4061082,17485,3471654,1831,330724,17727,1047992,0.120456,25681,3571270,0.41048,19640,4619262,0.530936,8700223
1,2021-05-25,50731,7914191,29201,4090283,19845,3491499,1685,332409,21072,1041467,0.119706,29383,3600653,0.413858,22858,4642120,0.533563,8700223
1,2021-05-26,48353,7962544,27406,4117689,19058,3510557,1889,334298,20521,1036391,0.119122,27533,3628186,0.417022,22457,4664577,0.536145,8700223
1,2021-05-27,46917,8009461,26332,4144021,18685,3529242,1900,336198,20184,1032140,0.118634,26451,3654637,0.420062,22200,4686777,0.538696,8700223
1,2021-05-28,52258,8061719,29103,4173124,21333,3550575,1822,338020,23420,1028992,0.118272,28516,3683153,0.42334,25368,4712145,0.541612,8700223
1,2021-05-29,30603,8092322,18539,4191663,11104,3561679,960,338980,14644,1028843,0.118255,15808,3698961,0.425157,15659,4727804,0.543412,8700223
1,2021-05-30,11665,8103987,7522,4199185,3590,3565269,553,339533,5539,1028903,0.118262,6056,3705017,0.425853,6116,4733920,0.544115,8700223
1,2021-05-31,5717,8109704,3251,4202436,2213,3567482,253,339786,1994,1027497,0.1181,3666,3708683,0.426274,2260,4736180,0.544375,8700223
1,2021-06-01,45726,8155430,25859,4228295,18310,3585792,1557,341343,17371,1018462,0.117062,28041,3736724,0.429497,19006,4755186,0.546559,8700223
1,2021-06-02,39881,8195311,23119,4251414,15257,3601049,1505,342848,16093,1012632,0.116391,23500,3760224,0.432199,17670,4772856,0.54859,8700223
1,2021-06-03,41231,8236542,25838,4277252,13718,3614767,1675,344523,15803,1005055,0.115521,25127,3785351,0.435087,17550,4790406,0.550607,8700223
1,2021-06-04,50063,8286605,32027,4309279,16228,3630995,1808,346331,17939,993106,0.114147,31773,3817124,0.438739,19824,4810230,0.552886,8700223
1,2021-06-05,40245,8326850,27472,4336751,10783,3641778,1990,348321,14225,983567,0.113051,25807,3842931,0.441705,16268,4826498,0.554756,8700223
1,2021-06-06,13174,8340024,10545,4347296,2121,3643899,508,348829,4584,980210,0.112665,8510,3851441,0.442683,5153,4831651,0.555348,8700223
1,2021-06-07,33945,8373969,23402,4370698,9196,3653095,1347,350176,12093,972055,0.111728,21646,3873087,0.445171,13491,4845142,0.556899,8700223
1,2021-06-08,42184,8416153,29203,4399901,11340,3664435,1641,351817,14726,961326,0.110494,27189,3900276,0.448296,16460,4861602,0.558791,8700223
1,2021-06-09,42118,8458271,29224,4429125,11255,3675690,1639,353456,13757,948724,0.109046,28056,3928332,0.451521,15454,4877056,0.560567,8700223
1,2021-06-10,38998,8497269,26274,4455399,11030,3686720,1694,355150,13420,938613,0.107884,25329,3953661,0.454432,15218,4892274,0.562316,8700223
1,2021-06-11,43740,8541009,28963,4484362,13094,3699814,1683,356833,15500,927934,0.106656,27942,3981603,0.457644,17263,4909537,0.5643,8700223
1,2021-06-12,33669,8574678,24359,4508721,8111,3707925,1199,358032,11099,917946,0.105508,22356,4003959,0.460213,12368,4921905,0.565722,8700223
1,2021-06-13,11617,8586295,8435,4517156,2702,3710627,480,358512,3380,913671,0.105017,8170,4012129,0.461152,3895,4925800,0.566169,8700223
1,2021-06-14,30865,8617160,20784,4537940,8780,3719407,1301,359813,11570,907475,0.104305,19097,4031226,0.463347,12901,4938701,0.567652,8700223
1,2021-06-15,37136,8654296,24357,4562297,10931,3730338,1848,361661,13771,900089,0.103456,23100,4054326,0.466003,15714,4954415,0.569458,8700223
1,2021-06-16,35306,8689602,23838,4586135,9638,3739976,1830,363491,13236,893404,0.102687,21810,4076136,0.468509,15125,4969540,0.571197,8700223
1,2021-06-17,33487,8723089,22155,4608290,9390,3749366,1942,365433,13092,888377,0.10211,20159,4096295,0.470826,15132,4984672,0.572936,8700223
1,2021-06-18,39290,8762379,25491,4633781,10957,3760323,2842,368275,15243,882737,0.101461,23786,4120081,0.47356,18146,5002818,0.575022,8700223
1,2021-06-19,23860,8786239,16571,4650352,6090,3766413,1199,369474,9774,879819,0.101126,13923,4134004,0.475161,11005,5013823,0.576287,8700223
1,2021-06-20,8123,8794362,5949,4656301,1899,3768312,275,369749,3236,878517,0.100976,4824,4138828,0.475715,3522,5017345,0.576692,8700223
1,2021-06-21,20863,8815225,11823,4668124,6860,3775172,2180,371929,10875,881747,0.101348,9877,4148705,0.47685,13107,5030452,0.578198,8700223
1,2021-06-22,30677,8845902,20037,4688161,8513,3783685,2127,374056,12885,879247,0.10106,17584,4166289,0.478872,15084,5045536,0.579932,8700223
1,2021-06-23,29226,8875128,19623,4707784,7794,3791479,1809,375865,12788,877642,0.100876,16231,4182520,0.480737,14626,5060162,0.581613,8700223
1,2021-06-24,28179,8903307,18794,4726578,7740,3799219,1645,377510,11973,875320,0.100609,16005,4198525,0.482577,13683,5073845,0.583186,8700223
1,2021-06-25,31495,8934802,21336,4747914,8770,3807989,1389,378899,13832,873166,0.100361,17432,4215957,0.48458,15278,5089123,0.584942,8700223
1,2021-06-26,22126,8956928,16421,4764335,4892,3812881,813,379712,9650,871319,0.100149,12359,4228316,0.486001,10512,5099635,0.58615,8700223
1,2021-06-27,9109,8966037,6773,4771108,1909,3814790,427,380139,4053,870822,0.100092,4993,4233309,0.486575,4496,5104131,0.586667,8700223
1,2021-06-28,20980,8987017,15583,4786691,4154,3818944,1243,381382,9711,870744,0.100083,11085,4244394,0.487849,11007,5115138,0.587932,8700223
1,2021-06-29,26409,9013426,18058,4804749,6988,3825932,1363,382745,11627,869184,0.099904,14612,4259006,0.489528,13052,5128190,0.589432,8700223
1,2021-06-30,25647,9039073,17757,4822506,6850,3832782,1040,383785,12171,869204,0.099906,13265,4272271,0.491053,13285,5141475,0.590959,8700223
1,2021-07-01,23413,9062486,16323,4838829,5838,3838620,1252,385037,10853,868971,0.099879,12418,4284689,0.49248,12185,5153660,0.59236,8700223
1,2021-07-02,26070,9088556,17871,4856700,7172,3845792,1027,386064,12245,868688,0.099847,13638,4298327,0.494048,13355,5167015,0.593895,8700223
1,2021-07-03,14487,9103043,10135,4866835,3919,3849711,433,386497,6870,868535,0.099829,7492,4305819,0.494909,7339,5174354,0.594738,8700223
1,2021-07-04,1261,9104304,707,4867542,489,3850200,65,386562,608,868569,0.099833,645,4306464,0.494983,679,5175033,0.594816,8700223
1,2021-07-05,10903,9115207,7521,4875063,3022,3853222,360,386922,5190,868513,0.099827,5651,4312115,0.495633,5595,5180628,0.595459,8700223
1,2021-07-06,26879,9142086,19005,4894068,6755,3859977,1119,388041,10738,864514,0.099367,15959,4328074,0.497467,11960,5192588,0.596834,8700223
1,2021-07-07,23332,9165418,16358,4910426,5889,3865866,1085,389126,10040,862606,0.099148,13122,4341196,0.498975,11214,5203802,0.598123,8700223
1,2021-07-08,22085,9187503,15290,4925716,5832,3871698,963,390089,9621,860948,0.098957,12333,4353529,0.500393,10675,5214477,0.59935,8700223
1,2021-07-09,26027,9213530,18480,4944196,6578,3878276,969,391058,11845,859822,0.098828,14011,4367540,0.502003,12885,5227362,0.600831,8700223
1,2021-07-10,16983,9230513,12295,4956491,4073,3882349,615,391673,7629,858880,0.098719,9235,4376775,0.503065,8293,5235655,0.601784,8700223
1,2021-07-11,6700,9237213,4896,4961387,1613,3883962,191,391864,3233,858905,0.098722,3417,4380192,0.503457,3442,5239097,0.60218,8700223
1,2021-07-12,19554,9256767,14091,4975478,4688,3888650,775,392639,8710,857766,0.098591,10722,4390914,0.50469,9583,5248680,0.603281,8700223
1,2021-07-13,21402,9278169,15043,4990521,5679,3894329,680,393319,10088,857443,0.098554,11178,4402092,0.505975,10855,5259535,0.604529,8700223
1,2021-07-14,18700,9296869,13402,5003923,4417,3898746,881,394200,8419,856697,0.098468,10144,4412236,0.507141,9398,5268933,0.605609,8700223
1,2021-07-15,14211,9311080,10066,5013989,3604,3902350,541,394741,6651,856504,0.098446,7470,4419706,0.507999,7277,5276210,0.606445,8700223
2,2020-12-15,245,245,245,245,0,0,0,0,245,245,2.9e-05,0,0,0.0,245,245,2.9e-05,8407551
2,2020-12-16,2121,2366,2121,2366,0,0,0,0,2120,2365,0.000281,0,0,0.0,2120,2365,0.000281,8407551
2,2020-12-17,6927,9293,6927,9293,0,0,0,0,6928,9293,0.001105,0,0,0.0,6928,9293,0.001105,8407551
2,2020-12-18,11095,20388,11075,20368,20,20,0,0,11095,20388,0.002425,0,0,0.0,11095,20388,0.002425,8407551
2,2020-12-19,5628,26016,5622,25990,6,26,0,0,5629,26017,0.003094,0,0,0.0,5629,26017,0.003094,8407551
2,2020-12-20,4250,30266,4240,30230,10,36,0,0,4245,30261,0.003599,1,1,0.0,4245,30262,0.003599,8407551
2,2020-12-21,12786,43052,12758,42988,28,64,0,0,12741,43002,0.005115,0,1,0.0,12741,43003,0.005115,8407551
2,2020-12-22,12144,55196,11629,54617,515,579,0,0,12142,55144,0.006559,0,1,0.0,12142,55145,0.006559,8407551
2,2020-12-23,11721,66917,9503,64120,2218,2797,0,0,11723,66867,0.007953,1,2,0.0,11724,66869,0.007953,8407551
2,2020-12-24,5912,72829,3496,67616,2416,5213,0,0,5908,72774,0.008656,3,5,1e-06,5910,72779,0.008656,8407551
2,2020-12-25,484,73313,406,68022,78,5291,0,0,486,73260,0.008714,0,5,1e-06,486,73265,0.008714,8407551
2,2020-12-26,2556,75869,1660,69682,896,6187,0,0,2557,75816,0.009018,1,6,1e-06,2557,75822,0.009018,8407551
2,2020-12-27,2235,78104,1215,70897,1020,7207,0,0,2232,78046,0.009283,2,8,1e-06,2232,78054,0.009284,8407551
2,2020-12-28,11026,89130,7163,78060,3863,11070,0,0,11026,89071,0.010594,1,9,1e-06,11026,89080,0.010595,8407551
2,2020-12-29,12722,101852,7153,85213,5569,16639,0,0,12726,101797,0.012108,0,9,1e-06,12726,101806,0.012109,8407551
2,2020-12-30,15453,117305,8670,93883,6783,23422,0,0,15447,117241,0.013945,5,14,2e-06,15449,117255,0.013946,8407551
2,2020-12-31,7583,124888,2830,96713,4753,28175,0,0,7576,124812,0.014845,5,19,2e-06,7576,124831,0.014847,8407551
2,2021-01-01,1215,126103,600,97313,615,28790,0,0,1215,126024,0.014989,3,22,3e-06,1215,126046,0.014992,8407551
2,2021-01-02,4851,130954,2764,100077,2087,30877,0,0,4846,130868,0.015566,2,24,3e-06,4846,130892,0.015568,8407551
2,2021-01-03,1406,132360,789,100866,617,31494,0,0,1398,132262,0.015731,4,28,3e-06,1398,132290,0.015735,8407551
2,2021-01-04,11672,144032,5564,106430,6108,37602,0,0,11661,143920,0.017118,3,31,4e-06,11661,143951,0.017122,8407551
2,2021-01-05,13902,157934,6939,113369,6963,44565,0,0,12683,155428,0.018487,1210,1241,0.000148,12718,156669,0.018634,8407551
2,2021-01-06,19027,176961,10495,123864,8532,53097,0,0,15195,166861,0.019847,3773,5014,0.000596,15206,171875,0.020443,8407551
2,2021-01-07,23283,200244,13133,136997,10150,63247,0,0,15591,174773,0.020788,7694,12708,0.001511,15606,187481,0.022299,8407551
2,2021-01-08,26789,227033,16255,153252,10534,73781,0,0,16460,180984,0.021526,10273,22981,0.002733,16484,203965,0.02426,8407551
2,2021-01-09,9854,236887,5765,159017,4089,77870,0,0,6274,183694,0.021849,3571,26552,0.003158,6281,210246,0.025007,8407551
2,2021-01-10,5303,242190,2963,161980,2340,80210,0,0,3039,184475,0.021942,2264,28816,0.003427,3045,213291,0.025369,8407551
2,2021-01-11,26172,268362,18004,179984,8168,88378,0,0,15069,188494,0.02242,11100,39916,0.004748,15119,228410,0.027167,8407551
2,2021-01-12,26366,294728,16372,196356,9994,98372,0,0,16763,195738,0.023281,9603,49519,0.00589,16847,245257,0.029171,8407551
2,2021-01-13,28580,323308,15151,211507,13429,111801,0,0,20576,208356,0.024782,7986,57505,0.00684,20604,265861,0.031622,8407551
2,2021-01-14,30578,353886,11644,223151,18934,130735,0,0,26287,230420,0.027406,4298,61803,0.007351,26362,292223,0.034757,8407551
2,2021-01-15,35088,388974,12686,235837,22402,153137,0,0,31793,259017,0.030808,3287,65090,0.007742,31884,324107,0.03855,8407551
2,2021-01-16,18121,407095,5998,241835,12123,165260,0,0,16785,274463,0.032645,1350,66440,0.007902,16796,340903,0.040547,8407551
2,2021-01-17,10545,417640,3551,245386,6994,172254,0,0,9811,283535,0.033724,748,67188,0.007991,9820,350723,0.041715,8407551
2,2021-01-18,19729,437369,11027,256413,8702,180956,0,0,14920,293688,0.034931,4828,72016,0.008566,14981,365704,0.043497,8407551
2,2021-01-19,32616,469985,16941,273354,15675,196631,0,0,24587,310363,0.036915,8026,80042,0.00952,24701,390405,0.046435,8407551
2,2021-01-20,37623,507608,18977,292331,18646,215277,0,0,28996,330855,0.039352,8595,88637,0.010543,29087,419492,0.049895,8407551
2,2021-01-21,40957,548565,17395,309726,23562,238839,0,0,36451,363007,0.043176,4475,93112,0.011075,36627,456119,0.054251,8407551
2,2021-01-22,39613,588178,16548,326274,23065,261904,0,0,36264,395931,0.047092,3367,96479,0.011475,36291,492410,0.058568,8407551
2,2021-01-23,24110,612288,10776,337050,13334,275238,0,0,21137,414145,0.049259,2953,99432,0.011827,21167,513577,0.061085,8407551
2,2021-01-24,12436,624724,6099,343149,6337,281575,0,0,11519,424775,0.050523,901,100333,0.011934,11531,525108,0.062457,8407551
2,2021-01-25,33890,658614,15604,358753,18286,299861,0,0,25042,441158,0.052472,8797,109130,0.01298,25180,550288,0.065452,8407551
2,2021-01-26,40382,698996,19780,378533,20602,320463,0,0,31160,463203,0.055094,9197,118327,0.014074,31242,581530,0.069168,8407551
2,2021-01-27,45652,744648,22665,401198,22987,343450,0,0,35317,488373,0.058087,10207,128534,0.015288,35377,616907,0.073375,8407551
2,2021-01-28,47843,792491,22396,423594,25447,368897,0,0,39127,518922,0.061721,8651,137185,0.016317,39200,656107,0.078038,8407551
2,2021-01-29,45580,838071,21986,445580,23594,392491,0,0,36826,547182,0.065082,8630,145815,0.017343,36890,692997,0.082426,8407551
2,2021-01-30,31281,869352,13338,458918,17943,410434,0,0,27881,571732,0.068002,3362,149177,0.017743,27912,720909,0.085745,8407551
2,2021-01-31,17113,886465,10166,469084,6947,417381,0,0,15908,586474,0.069756,1186,150363,0.017884,15928,736837,0.08764,8407551
2,2021-02-01,41023,927488,19678,488762,21345,438726,0,0,29937,605418,0.072009,11032,161395,0.019196,29976,766813,0.091205,8407551
2,2021-02-02,47898,975386,19437,508199,28461,467187,0,0,36339,630375,0.074977,11477,172872,0.020562,36434,803247,0.095539,8407551
2,2021-02-03,54041,1029427,23814,532013,30227,497414,0,0,39770,656071,0.078034,14168,187040,0.022247,39864,843111,0.10028,8407551
2,2021-02-04,56130,1085557,24112,556125,32018,529432,0,0,40910,681969,0.081114,15112,202152,0.024044,41010,884121,0.105158,8407551
2,2021-02-05,60060,1145617,26217,582342,33843,563275,0,0,40526,703353,0.083657,19327,221479,0.026343,40711,924832,0.11,8407551
2,2021-02-06,39305,1184922,18340,600682,20965,584240,0,0,31321,726860,0.086453,7907,229386,0.027283,31414,956246,0.113737,8407551
2,2021-02-07,15629,1200551,10356,611038,5273,589513,0,0,11855,735037,0.087426,3747,233133,0.027729,11924,968170,0.115155,8407551
2,2021-02-08,42885,1243436,21715,632753,21170,610683,0,0,29306,751118,0.089339,13435,246568,0.029327,29516,997686,0.118665,8407551
2,2021-02-09,49415,1292851,23247,656000,26168,636851,0,0,30498,763318,0.09079,18628,265196,0.031543,30828,1028514,0.122332,8407551
2,2021-02-10,59568,1352419,27869,683869,31699,668550,0,0,34352,773091,0.091952,24932,290128,0.034508,34705,1063219,0.12646,8407551
2,2021-02-11,64242,1416661,29509,713378,34733,703283,0,0,35784,781273,0.092925,28099,318227,0.03785,36281,1099500,0.130775,8407551
2,2021-02-12,65523,1482184,28132,741510,37391,740674,0,0,34773,786257,0.093518,30443,348670,0.041471,35427,1134927,0.134989,8407551
2,2021-02-13,38097,1520281,15884,757394,22213,762887,0,0,21991,792619,0.094275,16007,364677,0.043375,22369,1157296,0.13765,8407551
2,2021-02-14,20113,1540394,9336,766730,10777,773664,0,0,11178,795275,0.094591,8884,373561,0.044432,11540,1168836,0.139022,8407551
2,2021-02-15,33162,1573556,14943,781673,18219,791883,0,0,18378,799862,0.095136,14648,388209,0.046174,19235,1188071,0.14131,8407551
2,2021-02-16,56458,1630014,27681,809354,28777,820660,0,0,29740,803664,0.095588,26607,414816,0.049339,30409,1218480,0.144927,8407551
2,2021-02-17,61747,1691761,31783,841137,29964,850624,0,0,30654,804142,0.095645,31001,445817,0.053026,31479,1249959,0.148671,8407551
2,2021-02-18,66392,1758153,33474,874611,32918,883542,0,0,32337,803831,0.095608,33797,479614,0.057046,33486,1283445,0.152654,8407551
2,2021-02-19,59767,1817920,33101,907712,26666,910208,0,0,29667,804197,0.095652,29906,509520,0.060603,30272,1313717,0.156254,8407551
2,2021-02-20,37789,1855709,24522,932234,13267,923475,0,0,20532,808252,0.096134,17155,526675,0.062643,21210,1334927,0.158777,8407551
2,2021-02-21,21678,1877387,17557,949791,4121,927596,0,0,10771,809004,0.096224,10821,537496,0.06393,11573,1346500,0.160154,8407551
2,2021-02-22,39358,1916745,26891,976682,12467,940063,0,0,18651,807772,0.096077,20556,558052,0.066375,19324,1365824,0.162452,8407551
2,2021-02-23,53679,1970424,27388,1004070,26291,966354,0,0,23554,803352,0.095551,29866,587918,0.069927,25446,1391270,0.165479,8407551
2,2021-02-24,70963,2041387,36551,1040621,34412,1000766,0,0,32537,800046,0.095158,38214,626132,0.074473,34908,1426178,0.169631,8407551
2,2021-02-25,76803,2118190,36288,1076909,40515,1041281,0,0,38978,804287,0.095662,37554,663686,0.078939,41795,1467973,0.174602,8407551
2,2021-02-26,85281,2203471,36535,1113444,48746,1090027,0,0,45827,813168,0.096719,39145,702831,0.083595,48026,1515999,0.180314,8407551
2,2021-02-27,62243,2265714,28891,1142335,33345,1123372,7,7,33743,819989,0.09753,28263,731094,0.086957,35084,1551083,0.184487,8407551
2,2021-02-28,30392,2296106,18148,1160483,12243,1135615,1,8,17797,826145,0.098262,12478,743572,0.088441,18634,1569717,0.186703,8407551
2,2021-03-01,57234,2353340,29736,1190219,27454,1163069,44,52,31390,833238,0.099106,25534,769106,0.091478,32627,1602344,0.190584,8407551
2,2021-03-02,68697,2422037,32869,1223088,35817,1198886,11,63,38650,844363,0.100429,29872,798978,0.095031,40997,1643341,0.19546,8407551
2,2021-03-03,79921,2501958,38648,1261736,41259,1240145,14,77,45353,857950,0.102045,34353,833331,0.099117,47940,1691281,0.201162,8407551
2,2021-03-04,88011,2589969,43203,1304939,44779,1284924,29,106,50887,874363,0.103997,36883,870214,0.103504,53296,1744577,0.207501,8407551
2,2021-03-05,82045,2672014,38567,1343506,43171,1328095,307,413,50199,895636,0.106528,31618,901832,0.107265,52891,1797468,0.213792,8407551
2,2021-03-06,62896,2734910,30748,1374254,30449,1358544,1699,2112,38733,913472,0.108649,24030,925862,0.110123,41866,1839334,0.218772,8407551
2,2021-03-07,28579,2763489,16235,1390489,10800,1369344,1544,3656,18133,923883,0.109887,10373,936235,0.111356,20784,1860118,0.221244,8407551
2,2021-03-08,50738,2814227,23268,1413757,24906,1394250,2564,6220,31897,941255,0.111954,18732,954967,0.113584,36104,1896222,0.225538,8407551
2,2021-03-09,70582,2884809,32125,1445882,34610,1428860,3847,10067,39082,954169,0.11349,31357,986324,0.117314,44271,1940493,0.230804,8407551
2,2021-03-10,78419,2963228,37096,1482978,34785,1463645,6538,16605,41634,967099,0.115027,36566,1022890,0.121663,49496,1989989,0.236691,8407551
2,2021-03-11,93275,3056503,43026,1526004,41878,1505523,8371,24976,48661,981236,0.116709,44296,1067186,0.126932,58433,2048422,0.243641,8407551
2,2021-03-12,94103,3150606,38686,1564690,43448,1548971,11969,36945,46818,994412,0.118276,47029,1114215,0.132526,60205,2108627,0.250802,8407551
2,2021-03-13,69252,3219858,28981,1593671,32283,1581254,7988,44933,38045,1010674,0.12021,31069,1145284,0.136221,47331,2155958,0.256431,8407551
2,2021-03-14,37028,3256886,18313,1611984,14192,1595446,4523,49456,18562,1016150,0.120862,18361,1163645,0.138405,23837,2179795,0.259266,8407551
2,2021-03-15,67441,3324327,30413,1642397,32016,1627462,5012,54468,37180,1029397,0.122437,30040,1193685,0.141978,43287,2223082,0.264415,8407551
2,2021-03-16,86290,3410617,38167,1680564,44099,1671561,4024,58492,52165,1052793,0.12522,33924,1227609,0.146013,57320,2280402,0.271233,8407551
2,2021-03-17,92812,3503429,44447,1725011,44181,1715742,4184,62676,58788,1082861,0.128796,33748,1261357,0.150027,63816,2344218,0.278823,8407551
2,2021-03-18,98163,3601592,46804,1771815,46765,1762507,4594,67270,59655,1109490,0.131964,38188,1299545,0.154569,64817,2409035,0.286532,8407551
2,2021-03-19,97507,3699099,46156,1817971,45229,1807736,6122,73392,57705,1134357,0.134921,39488,1339033,0.159266,64355,2473390,0.294187,8407551
2,2021-03-20,70016,3769115,33924,1851895,32128,1839864,3964,77356,45755,1160419,0.138021,24023,1363056,0.162123,50085,2523475,0.300144,8407551
2,2021-03-21,33417,3802532,21587,1873482,9836,1849700,1994,79350,20002,1169575,0.13911,13273,1376329,0.163702,22429,2545904,0.302812,8407551
2,2021-03-22,62904,3865436,34615,1908097,25654,1875354,2635,81985,41756,1193956,0.14201,20909,1397238,0.166188,45290,2591194,0.308198,8407551
2,2021-03-23,83751,3949187,44515,1952612,36321,1911675,2915,84900,52294,1218831,0.144969,31174,1428412,0.169896,56049,2647243,0.314865,8407551
2,2021-03-24,91621,4040808,49232,2001844,39223,1950898,3166,88066,53687,1238900,0.147356,37599,1466011,0.174368,57668,2704911,0.321724,8407551
2,2021-03-25,101207,4142015,51062,2052906,46244,1997142,3901,91967,57194,1257107,0.149521,43646,1509657,0.17956,61853,2766764,0.329081,8407551
2,2021-03-26,103317,4245332,51251,2104157,48575,2045717,3491,95458,56372,1271473,0.15123,46547,1556204,0.185096,60913,2827677,0.336326,8407551
2,2021-03-27,75588,4320920,37720,2141877,34570,2080287,3298,98756,37833,1275956,0.151763,37505,1593709,0.189557,41988,2869665,0.34132,8407551
2,2021-03-28,37680,4358600,23274,2165151,13595,2093882,811,99567,20094,1280255,0.152274,17458,1611167,0.191633,21757,2891422,0.343908,8407551
2,2021-03-29,71278,4429878,36225,2201376,32779,2126661,2274,101841,40587,1293543,0.153855,30473,1641640,0.195258,43761,2935183,0.349113,8407551
2,2021-03-30,91893,4521771,45005,2246381,42511,2169172,4377,106218,51656,1310152,0.15583,40029,1681669,0.200019,56638,2991821,0.355849,8407551
2,2021-03-31,101162,4622933,52101,2298482,43951,2213123,5110,111328,57423,1329599,0.158143,43431,1725100,0.205185,62878,3054699,0.363328,8407551
2,2021-04-01,117513,4740446,56772,2355254,51508,2264631,9233,120561,64009,1350161,0.160589,53104,1778204,0.211501,73666,3128365,0.37209,8407551
2,2021-04-02,111602,4852048,51428,2406682,49996,2314627,10178,130739,59919,1369436,0.162882,51295,1829499,0.217602,70570,3198935,0.380484,8407551
2,2021-04-03,76841,4928889,37723,2444405,29291,2343918,9827,140566,38086,1379187,0.164041,38546,1868045,0.222187,48297,3247232,0.386228,8407551
2,2021-04-04,29001,4957890,14920,2459325,10223,2354141,3858,144424,13018,1380214,0.164164,15878,1883923,0.224075,16905,3264137,0.388239,8407551
2,2021-04-05,79122,5037012,38768,2498093,31513,2385654,8841,153265,38179,1387222,0.164997,40761,1924684,0.228923,47769,3311906,0.39392,8407551
2,2021-04-06,103886,5140898,50580,2548673,38595,2424249,14711,167976,49232,1397192,0.166183,54369,1979053,0.23539,64339,3376245,0.401573,8407551
2,2021-04-07,110481,5251379,55104,2603777,39128,2463377,16249,184225,52042,1407614,0.167423,58143,2037196,0.242306,68565,3444810,0.409728,8407551
2,2021-04-08,119317,5370696,57418,2661195,43174,2506551,18725,202950,55333,1418634,0.168733,63616,2100812,0.249872,74636,3519446,0.418605,8407551
2,2021-04-09,118817,5489513,57215,2718410,43487,2550038,18115,221065,56203,1431567,0.170272,62231,2163043,0.257274,75164,3594610,0.427545,8407551
2,2021-04-10,87616,5577129,37791,2756201,31400,2581438,18425,239490,36100,1435523,0.170742,51251,2214294,0.26337,55207,3649817,0.434112,8407551
2,2021-04-11,44472,5621601,23077,2779278,12925,2594363,8470,247960,18211,1436807,0.170895,26120,2240414,0.266476,27404,3677221,0.437371,8407551
2,2021-04-12,79999,5701600,37259,2816537,33337,2627700,9403,257363,35624,1438728,0.171123,44102,2284516,0.271722,46023,3723244,0.442845,8407551
2,2021-04-13,101848,5803448,52837,2869374,48751,2676451,260,257623,55821,1449941,0.172457,45763,2330279,0.277165,56976,3780220,0.449622,8407551
2,2021-04-14,106793,5910241,55928,2925302,50812,2727263,53,257676,54634,1454208,0.172965,51854,2382133,0.283333,56121,3836341,0.456297,8407551
2,2021-04-15,113389,6023630,60272,2985574,53035,2780298,82,257758,59368,1461092,0.173783,53633,2435766,0.289712,60517,3896858,0.463495,8407551
2,2021-04-16,110858,6134488,57473,3043047,53333,2833631,52,257810,56355,1464191,0.174152,54160,2489926,0.296154,57259,3954117,0.470305,8407551
2,2021-04-17,83581,6218069,42523,3085570,41043,2874674,15,257825,46798,1475333,0.175477,36535,2526461,0.300499,47677,4001794,0.475976,8407551
2,2021-04-18,35607,6253676,21634,3107204,13966,2888640,7,257832,16985,1474816,0.175416,18491,2544952,0.302698,17974,4019768,0.478114,8407551
2,2021-04-19,74933,6328609,40331,3147535,34586,2923226,16,257848,34203,1469193,0.174747,40465,2585417,0.307511,34842,4054610,0.482258,8407551
2,2021-04-20,97731,6426340,49551,3197086,48154,2971380,26,257874,47539,1467655,0.174564,49846,2635263,0.31344,48308,4102918,0.488004,8407551
2,2021-04-21,103531,6529871,56003,3253089,47471,3018851,57,257931,48974,1463554,0.174076,54103,2689366,0.319875,50002,4152920,0.493951,8407551
2,2021-04-22,107887,6637758,55850,3308939,52014,3070865,23,257954,47318,1451630,0.172658,60157,2749523,0.32703,48233,4201153,0.499688,8407551
2,2021-04-23,107227,6744985,56999,3365938,50210,3121075,18,257972,49638,1445028,0.171873,57177,2806700,0.333831,50575,4251728,0.505704,8407551
2,2021-04-24,80165,6825150,47229,3413167,32896,3153971,40,258012,41787,1449733,0.172432,38051,2844751,0.338357,42756,4294484,0.510789,8407551
2,2021-04-25,36215,6861365,22302,3435469,13899,3167870,14,258026,19705,1453543,0.172885,16375,2861126,0.340304,20185,4314669,0.51319,8407551
2,2021-04-26,73771,6935136,40872,3476341,32592,3200462,307,258333,33994,1449774,0.172437,39515,2900641,0.345004,35746,4350415,0.517441,8407551
2,2021-04-27,87923,7023059,46334,3522675,40229,3240691,1360,259693,37808,1440439,0.171327,49745,2950386,0.350921,40410,4390825,0.522248,8407551
2,2021-04-28,87642,7110701,46832,3569507,38949,3279640,1861,261554,38710,1433322,0.17048,48599,2998985,0.356701,41482,4432307,0.527182,8407551
2,2021-04-29,90337,7201038,49200,3618707,39439,3319079,1698,263252,35142,1415945,0.168413,54817,3053802,0.363221,37440,4469747,0.531635,8407551
2,2021-04-30,94126,7295164,52033,3670740,40104,3359183,1989,265241,36664,1398230,0.166306,57023,3110825,0.370004,39308,4509055,0.53631,8407551
2,2021-05-01,61951,7357115,37761,3708501,22621,3381804,1569,266810,24152,1387307,0.165007,37496,3148321,0.374464,26573,4535628,0.539471,8407551
2,2021-05-02,29049,7386164,20192,3728693,7886,3389690,971,267781,11048,1381546,0.164322,17869,3166190,0.376589,12108,4547736,0.540911,8407551
2,2021-05-03,59940,7446104,35477,3764170,22409,3412099,2054,269835,20193,1364575,0.162304,39484,3205674,0.381285,22513,4570249,0.543589,8407551
2,2021-05-04,79385,7525489,47388,3811558,29627,3441726,2370,272205,25835,1339959,0.159376,53219,3258893,0.387615,28603,4598852,0.546991,8407551
2,2021-05-05,79852,7605341,47566,3859124,29939,3471665,2347,274552,25026,1313258,0.1562,54438,3313331,0.39409,27737,4626589,0.55029,8407551
2,2021-05-06,82112,7687453,49752,3908876,29453,3501118,2907,277459,25151,1285461,0.152894,56497,3369828,0.40081,28700,4655289,0.553703,8407551
2,2021-05-07,83183,7770636,48024,3956900,32736,3533854,2423,279882,25613,1256754,0.149479,57203,3427031,0.407613,28496,4683785,0.557093,8407551
2,2021-05-08,55158,7825794,33429,3990329,20022,3553876,1707,281589,17305,1238877,0.147353,37618,3464649,0.412088,19741,4703526,0.559441,8407551
2,2021-05-09,21715,7847509,15693,4006022,5274,3559150,748,282337,6349,1230915,0.146406,15289,3479938,0.413906,7327,4710853,0.560312,8407551
2,2021-05-10,49843,7897352,27122,4033144,20853,3580003,1868,284205,14068,1211924,0.144147,35538,3515476,0.418133,16547,4727400,0.56228,8407551
2,2021-05-11,65573,7962925,35406,4068550,28061,3608064,2106,286311,19822,1189086,0.141431,45457,3560933,0.42354,22619,4750019,0.564971,8407551
2,2021-05-12,64721,8027646,34509,4103059,27997,3636061,2215,288526,19103,1165478,0.138623,45315,3606248,0.42893,21707,4771726,0.567552,8407551
2,2021-05-13,70508,8098154,40962,4144021,27605,3663666,1941,290467,25841,1149601,0.136734,44389,3650637,0.434209,28512,4800238,0.570944,8407551
2,2021-05-14,79356,8177510,47546,4191567,29556,3693222,2254,292721,30523,1134546,0.134944,48479,3699116,0.439975,33424,4833662,0.574919,8407551
2,2021-05-15,65946,8243456,43320,4234887,20914,3714136,1712,294433,25568,1122075,0.13346,40141,3739257,0.44475,27670,4861332,0.57821,8407551
2,2021-05-16,31507,8274963,23562,4258449,7022,3721158,923,295356,12860,1117470,0.132913,18518,3757775,0.446952,13913,4875245,0.579865,8407551
2,2021-05-17,57809,8332772,36637,4295086,19239,3740397,1933,297289,22820,1107821,0.131765,34765,3792540,0.451087,25116,4900361,0.582852,8407551
2,2021-05-18,69936,8402708,40934,4336020,27041,3767438,1961,299250,27827,1096303,0.130395,41846,3834386,0.456065,30328,4930689,0.58646,8407551
2,2021-05-19,68674,8471382,40632,4376652,26036,3793474,2006,301256,27233,1084868,0.129035,41142,3875528,0.460958,29707,4960396,0.589993,8407551
2,2021-05-20,69065,8540447,39965,4416617,26920,3820394,2180,303436,26213,1071327,0.127424,42530,3918058,0.466017,28989,4989385,0.593441,8407551
2,2021-05-21,72698,8613145,42898,4459515,27652,3848046,2148,305584,27625,1056931,0.125712,44721,3962779,0.471336,30325,5019710,0.597048,8407551
2,2021-05-22,53315,8666460,33776,4493291,17765,3865811,1774,307358,22317,1050785,0.124981,30775,3993554,0.474996,24629,5044339,0.599977,8407551
2,2021-05-23,24378,8690838,16630,4509921,7022,3872833,726,308084,10273,1047944,0.124643,13978,4007532,0.476659,11137,5055476,0.601302,8407551
2,2021-05-24,44721,8735559,25398,4535319,17557,3890390,1766,309850,17240,1040022,0.123701,27268,4034800,0.479902,19346,5074822,0.603603,8407551
2,2021-05-25,50627,8786186,29631,4564950,19136,3909526,1860,311710,19287,1030661,0.122588,31046,4065846,0.483595,21685,5096507,0.606182,8407551
2,2021-05-26,48588,8834774,27222,4592172,19686,3929212,1680,313390,19029,1022479,0.121614,29231,4095077,0.487071,21049,5117556,0.608686,8407551
2,2021-05-27,46488,8881262,26337,4618509,18414,3947626,1737,315127,18589,1015645,0.120802,27662,4122739,0.490361,20828,5138384,0.611163,8407551
2,2021-05-28,49860,8931122,27519,4646028,20369,3967995,1972,317099,20954,1010345,0.120171,28652,4151391,0.493769,23352,5161736,0.61394,8407551
2,2021-05-29,28952,8960074,17357,4663385,10543,3978538,1052,318151,13271,1009307,0.120048,15531,4166922,0.495617,14493,5176229,0.615664,8407551
2,2021-05-30,12620,8972694,8132,4671517,3727,3982265,761,318912,5528,1008620,0.119966,7042,4173964,0.496454,6355,5182584,0.61642,8407551
2,2021-05-31,5862,8978556,3425,4674942,2133,3984398,304,319216,1820,1006804,0.11975,3989,4177953,0.496929,2173,5184757,0.616679,8407551
2,2021-06-01,44652,9023208,25652,4700594,17350,4001748,1650,320866,15593,995657,0.118424,28768,4206721,0.50035,17621,5202378,0.618774,8407551
2,2021-06-02,38119,9061327,22439,4723033,14275,4016023,1405,322271,14958,989409,0.117681,22906,4229627,0.503075,16658,5219036,0.620756,8407551
2,2021-06-03,41297,9102624,26601,4749634,13232,4029255,1464,323735,13937,978065,0.116332,27126,4256753,0.506301,15782,5234818,0.622633,8407551
2,2021-06-04,47875,9150499,31267,4780901,15075,4044330,1533,325268,15498,963530,0.114603,32091,4288844,0.510118,17556,5252374,0.624721,8407551
2,2021-06-05,37754,9188253,26946,4807847,9352,4053682,1456,326724,11843,951557,0.113179,25687,4314531,0.513173,13714,5266088,0.626352,8407551
2,2021-06-06,14874,9203127,12199,4820046,2095,4055777,580,327304,4690,946895,0.112624,10121,4324652,0.514377,5459,5271547,0.627001,8407551
2,2021-06-07,33182,9236309,23221,4843267,8695,4064472,1266,328570,10783,936935,0.11144,22258,4346910,0.517025,12298,5283845,0.628464,8407551
2,2021-06-08,40498,9276807,28675,4871942,10460,4074932,1363,329933,12435,923281,0.109816,27823,4374733,0.520334,14169,5298014,0.630149,8407551
2,2021-06-09,38042,9314849,26576,4898518,9975,4084907,1491,331424,11542,910331,0.108275,26307,4401040,0.523463,13357,5311371,0.631738,8407551
2,2021-06-10,37643,9352492,26184,4924702,9944,4094851,1515,332939,11673,898215,0.106834,25771,4426811,0.526528,13655,5325026,0.633362,8407551
2,2021-06-11,41110,9393602,27282,4951984,12165,4107016,1663,334602,13181,885685,0.105344,27668,4454479,0.529819,15138,5340164,0.635163,8407551
2,2021-06-12,29328,9422930,21577,4973561,6837,4113853,914,335516,8680,874982,0.104071,20517,4474996,0.532259,9814,5349978,0.63633,8407551
2,2021-06-13,12202,9435132,8911,4982472,2674,4116527,617,336133,3104,869835,0.103459,9036,4484032,0.533334,3889,5353867,0.636793,8407551
2,2021-06-14,29820,9464952,21158,5003630,7468,4123995,1194,337327,10341,862261,0.102558,19317,4503349,0.535631,11743,5365610,0.638189,8407551
2,2021-06-15,35412,9500364,23572,5027202,9807,4133802,2033,339360,11924,853338,0.101497,23258,4526607,0.538398,14335,5379945,0.639894,8407551
2,2021-06-16,32803,9533167,22633,5049835,8387,4142189,1783,341143,11286,845365,0.100548,21352,4547959,0.540937,13379,5393324,0.641486,8407551
2,2021-06-17,30685,9563852,20503,5070338,8392,4150581,1790,342933,10878,838602,0.099744,19638,4567597,0.543273,12875,5406199,0.643017,8407551
2,2021-06-18,34476,9598328,22696,5093034,9914,4160495,1866,344799,12582,831629,0.098915,21678,4589275,0.545852,14705,5420904,0.644766,8407551
2,2021-06-19,20774,9619102,14470,5107504,5050,4165545,1254,346053,7865,828192,0.098506,12747,4602022,0.547368,9310,5430214,0.645873,8407551
2,2021-06-20,8227,9627329,5880,5113384,1883,4167428,464,346517,3051,826640,0.098321,5134,4607156,0.547978,3582,5433796,0.646299,8407551
2,2021-06-21,19203,9646532,11754,5125138,6137,4173565,1312,347829,9824,828692,0.098565,9265,4616421,0.54908,11317,5445113,0.647646,8407551
2,2021-06-22,26702,9673234,18292,5143430,7046,4180611,1364,349193,10459,824714,0.098092,16073,4632494,0.550992,12095,5457208,0.649084,8407551
2,2021-06-23,25758,9698992,17794,5161224,6355,4186966,1609,350802,10506,822010,0.09777,15111,4647605,0.552789,12407,5469615,0.65056,8407551
2,2021-06-24,25163,9724155,17141,5178365,6521,4193487,1501,352303,10416,819556,0.097479,14601,4662206,0.554526,12147,5481762,0.652005,8407551
2,2021-06-25,28495,9752650,19298,5197663,7715,4201202,1482,353785,11873,816676,0.097136,16466,4678672,0.556485,13586,5495348,0.653621,8407551
2,2021-06-26,18394,9771044,13557,5211220,3917,4205119,920,354705,7492,814512,0.096879,10819,4689491,0.557771,8655,5504003,0.65465,8407551
2,2021-06-27,8728,9779772,6666,5217886,1616,4206735,446,355151,3490,813381,0.096744,5191,4694682,0.558389,4060,5508063,0.655133,8407551
2,2021-06-28,19629,9799401,14922,5232808,3474,4210209,1233,356384,8650,812601,0.096651,10853,4705535,0.55968,10073,5518136,0.656331,8407551
2,2021-06-29,22450,9821851,15634,5248442,5751,4215960,1065,357449,9554,810688,0.096424,12768,4718303,0.561198,10855,5528991,0.657622,8407551
2,2021-06-30,21647,9843498,15381,5263823,5249,4221209,1017,358466,9590,809598,0.096294,11923,4730226,0.562616,10833,5539824,0.658911,8407551
2,2021-07-01,19595,9863093,13876,5277699,4858,4226067,861,359327,8711,808599,0.096175,10772,4740998,0.563898,9773,5549597,0.660073,8407551
2,2021-07-02,22513,9885606,15538,5293237,5959,4232026,1016,360343,9923,807302,0.096021,12437,4753435,0.565377,11140,5560737,0.661398,8407551
2,2021-07-03,12341,9897947,8924,5302161,2956,4234982,461,360804,5638,806900,0.095973,6621,4760056,0.566164,6219,5566956,0.662138,8407551
2,2021-07-04,982,9898929,577,5302738,338,4235320,67,360871,417,806852,0.095968,555,4760611,0.56623,507,5567463,0.662198,8407551
2,2021-07-05,10888,9909817,7977,5310715,2509,4237829,402,361273,5000,806544,0.095931,5836,4766447,0.566925,5528,5572991,0.662855,8407551
2,2021-07-06,23340,9933157,16979,5327694,5396,4243225,965,362238,9012,802606,0.095463,14190,4780637,0.568612,10252,5583243,0.664075,8407551
2,2021-07-07,20238,9953395,14441,5342135,4720,4247945,1077,363315,8613,801046,0.095277,11515,4792152,0.569982,9955,5593198,0.665259,8407551
2,2021-07-08,18683,9972078,13081,5355216,4692,4252637,910,364225,7959,799497,0.095093,10625,4802777,0.571246,9076,5602274,0.666338,8407551
2,2021-07-09,21895,9993973,15160,5370376,5569,4258206,1166,365391,9301,797714,0.094881,12462,4815239,0.572728,10679,5612953,0.667609,8407551
2,2021-07-10,13787,10007760,10171,5380547,2974,4261180,642,366033,6064,796941,0.094789,7634,4822873,0.573636,6861,5619814,0.668425,8407551
2,2021-07-11,6497,10014257,4771,5385318,1386,4262566,340,366373,3062,797017,0.094798,3393,4826266,0.574039,3469,5623283,0.668837,8407551
2,2021-07-12,17756,10032013,13042,5398360,3881,4266447,833,367206,7700,795800,0.094653,9950,4836216,0.575223,8733,5632016,0.669876,8407551
2,2021-07-13,18805,10050818,13291,5411651,4675,4271122,839,368045,8439,795032,0.094562,10231,4846447,0.57644,9463,5641479,0.671001,8407551
2,2021-07-14,16074,10066892,11849,5423500,3492,4274614,733,368778,7089,794157,0.094458,8890,4855337,0.577497,8015,5649494,0.671955,8407551
2,2021-07-15,12104,10078996,8831,5432331,2813,4277427,460,369238,5384,793538,0.094384,6646,4861983,0.578288,6027,5655521,0.672672,8407551
3,2020-12-15,309,309,309,309,0,0,0,0,309,309,3.8e-05,0,0,0.0,309,309,3.8e-05,8129050
3,2020-12-16,2443,2752,2443,2752,0,0,0,0,2444,2753,0.000339,0,0,0.0,2444,2753,0.000339,8129050
3,2020-12-17,7857,10609,7857,10609,0,0,0,0,7857,10610,0.001305,0,0,0.0,7857,10610,0.001305,8129050
3,2020-12-18,13429,24038,13411,24020,18,18,0,0,13428,24038,0.002957,0,0,0.0,13428,24038,0.002957,8129050
3,2020-12-19,7249,31287,7236,31256,13,31,0,0,7313,31351,0.003857,0,0,0.0,7313,31351,0.003857,8129050
3,2020-12-20,5663,36950,5655,36911,8,39,0,0,5710,37060,0.004559,1,1,0.0,5710,37061,0.004559,8129050
3,2020-12-21,14384,51334,14358,51269,26,65,0,0,14448,51507,0.006336,1,2,0.0,14448,51509,0.006336,8129050
3,2020-12-22,14807,66141,14238,65507,569,634,0,0,14846,66352,0.008162,1,3,0.0,14846,66355,0.008163,8129050
3,2020-12-23,14811,80952,12213,77720,2598,3232,0,0,14828,81179,0.009986,2,5,1e-06,14829,81184,0.009987,8129050
3,2020-12-24,6784,87736,4868,82588,1916,5148,0,0,6781,87958,0.01082,2,7,1e-06,6781,87965,0.010821,8129050
3,2020-12-25,724,88460,667,83255,57,5205,0,0,722,88680,0.010909,0,7,1e-06,722,88687,0.01091,8129050
3,2020-12-26,4620,93080,2998,86253,1622,6827,0,0,4618,93298,0.011477,0,7,1e-06,4618,93305,0.011478,8129050
3,2020-12-27,2983,96063,1854,88107,1129,7956,0,0,2983,96281,0.011844,0,7,1e-06,2983,96288,0.011845,8129050
3,2020-12-28,13633,109696,8726,96833,4907,12863,0,0,13658,109938,0.013524,1,8,1e-06,13658,109946,0.013525,8129050
3,2020-12-29,15024,124720,8466,105299,6558,19421,0,0,15052,124988,0.015375,2,10,1e-06,15052,124998,0.015377,8129050
3,2020-12-30,18031,142751,10054,115353,7977,27398,0,0,18036,143023,0.017594,2,12,1e-06,18037,143035,0.017596,8129050
3,2020-12-31,8447,151198,3238,118591,5209,32607,0,0,8446,151467,0.018633,2,14,2e-06,8446,151481,0.018635,8129050
3,2021-01-01,1489,152687,700,119291,789,33396,0,0,1486,152952,0.018815,1,15,2e-06,1486,152967,0.018817,8129050
3,2021-01-02,4932,157619,2417,121708,2515,35911,0,0,4932,157884,0.019422,0,15,2e-06,4932,157899,0.019424,8129050
3,2021-01-03,1613,159232,848,122556,765,36676,0,0,1603,159484,0.019619,3,18,2e-06,1603,159502,0.019621,8129050
3,2021-01-04,12030,171262,5970,128526,6060,42736,0,0,12003,171480,0.021095,7,25,3e-06,12003,171505,0.021098,8129050
3,2021-01-05,15727,186989,8148,136674,7579,50315,0,0,14050,183896,0.022622,1662,1687,0.000208,14078,185583,0.02283,8129050
3,2021-01-06,20605,207594,10904,147578,9701,60016,0,0,16063,195472,0.024046,4496,6183,0.000761,16072,201655,0.024807,8129050
3,2021-01-07,26629,234223,15228,162806,11401,71417,0,0,17153,203202,0.024997,9440,15623,0.001922,17170,218825,0.026919,8129050
3,2021-01-08,30608,264831,18724,181530,11884,83301,0,0,18127,208893,0.025697,12458,28081,0.003454,18149,236974,0.029151,8129050
3,2021-01-09,12445,277276,7032,188562,5413,88714,0,0,7915,212295,0.026116,4523,32604,0.004011,7925,244899,0.030126,8129050
3,2021-01-10,7218,284494,4476,193038,2742,91456,0,0,4069,213222,0.02623,3147,35751,0.004398,4074,248973,0.030628,8129050
3,2021-01-11,29078,313572,19027,212065,10051,101507,0,0,16458,217111,0.026708,12613,48364,0.00595,16502,265475,0.032658,8129050
3,2021-01-12,32587,346159,19470,231535,13117,114624,0,0,19946,224584,0.027627,12620,60984,0.007502,20093,285568,0.035129,8129050
3,2021-01-13,34571,380730,18046,249581,16525,131149,0,0,24339,238725,0.029367,10218,71202,0.008759,24359,309927,0.038126,8129050
3,2021-01-14,34731,415461,14207,263788,20524,151673,0,0,28818,261706,0.032194,5875,77077,0.009482,28856,338783,0.041676,8129050
3,2021-01-15,38985,454446,14453,278241,24532,176205,0,0,34294,291395,0.035846,4675,81752,0.010057,34364,373147,0.045903,8129050
3,2021-01-16,21747,476193,7413,285654,14334,190539,0,0,19422,308524,0.037953,2314,84066,0.010341,19443,392590,0.048295,8129050
3,2021-01-17,13142,489335,4456,290110,8686,199225,0,0,12102,319606,0.039317,1039,85105,0.010469,12121,404711,0.049786,8129050
3,2021-01-18,24787,514122,12951,303061,11836,211061,0,0,19175,333224,0.040992,5600,90705,0.011158,19218,423929,0.05215,8129050
3,2021-01-19,41075,555197,20891,323952,20184,231245,0,0,31945,356162,0.043813,9093,99798,0.012277,32031,455960,0.05609,8129050
3,2021-01-20,46172,601369,23004,346956,23168,254413,0,0,36614,383347,0.047158,9512,109310,0.013447,36697,492657,0.060604,8129050
3,2021-01-21,48070,649439,20842,367798,27228,281641,0,0,42565,420547,0.051734,5441,114751,0.014116,42641,535298,0.06585,8129050
3,2021-01-22,49816,699255,19841,387639,29975,311616,0,0,45584,462003,0.056834,4202,118953,0.014633,45658,580956,0.071467,8129050
3,2021-01-23,30360,729615,12797,400436,17563,329179,0,0,27064,485835,0.059765,3287,122240,0.015037,27119,608075,0.074803,8129050
3,2021-01-24,17880,747495,8472,408908,9408,338587,0,0,16697,501382,0.061678,1181,123421,0.015183,16728,624803,0.076861,8129050
3,2021-01-25,40847,788342,18218,427126,22629,361216,0,0,30859,522373,0.06426,9958,133379,0.016408,30949,655752,0.080668,8129050
3,2021-01-26,47333,835675,22611,449737,24722,385938,0,0,37157,549489,0.067596,10143,143522,0.017655,37259,693011,0.085251,8129050
3,2021-01-27,51485,887160,24514,474251,26971,412909,0,0,40818,579790,0.071323,10597,154119,0.018959,40898,733909,0.090282,8129050
3,2021-01-28,51913,939073,24092,498343,27821,440730,0,0,42966,613954,0.075526,8861,162980,0.020049,43025,776934,0.095575,8129050
3,2021-01-29,51034,990107,24490,522833,26544,467274,0,0,41282,645708,0.079432,9575,172555,0.021227,41329,818263,0.100659,8129050
3,2021-01-30,37429,1027536,17789,540622,19640,486914,0,0,32711,673839,0.082893,4664,177219,0.021801,32795,851058,0.104693,8129050
3,2021-01-31,22446,1049982,12754,553376,9692,496606,0,0,21031,693490,0.08531,1400,178619,0.021973,21051,872109,0.107283,8129050
3,2021-02-01,45926,1095908,20979,574355,24947,521553,0,0,35024,717699,0.088288,10848,189467,0.023307,35057,907166,0.111596,8129050
3,2021-02-02,54507,1150415,22708,597063,31799,553352,0,0,42052,747440,0.091947,12362,201829,0.024828,42103,949269,0.116775,8129050
3,2021-02-03,60111,1210526,26679,623742,33432,586784,0,0,44721,776974,0.09558,15259,217088,0.026705,44793,994062,0.122285,8129050
3,2021-02-04,64468,1274994,27922,651664,36546,623330,0,0,47201,807218,0.0993,17071,234159,0.028805,47315,1041377,0.128106,8129050
3,2021-02-05,70351,1345345,29770,681434,40581,663911,0,0,48621,834527,0.10266,21487,255646,0.031448,48796,1090173,0.134108,8129050
3,2021-02-06,43717,1389062,20967,702401,22750,686661,0,0,34068,859174,0.105692,9603,265249,0.03263,34250,1124423,0.138322,8129050
3,2021-02-07,19757,1408819,12573,714974,7184,693845,0,0,15173,869906,0.107012,4565,269814,0.033191,15297,1139720,0.140203,8129050
3,2021-02-08,51648,1460467,25008,739982,26640,720485,0,0,33887,886359,0.109036,17620,287434,0.035359,34073,1173793,0.144395,8129050
3,2021-02-09,58844,1519311,28524,768506,30320,750805,0,0,34432,896985,0.110343,24137,311571,0.038328,34763,1208556,0.148671,8129050
3,2021-02-10,68393,1587704,31826,800332,36567,787372,0,0,36678,902744,0.111052,31419,342990,0.042193,37178,1245734,0.153245,8129050
3,2021-02-11,70792,1658496,34828,835160,35964,823336,0,0,37616,908070,0.111707,32831,375821,0.046232,38157,1283891,0.157939,8129050
3,2021-02-12,75733,1734229,32684,867844,43049,866385,0,0,41756,916922,0.112796,33681,409502,0.050375,42533,1326424,0.163171,8129050
3,2021-02-13,45260,1779489,20515,888359,24745,891130,0,0,26070,924499,0.113728,19076,428578,0.052722,26653,1353077,0.16645,8129050
3,2021-02-14,27416,1806905,13713,902072,13703,904833,0,0,15228,928045,0.114164,12132,440710,0.054214,15678,1368755,0.168378,8129050
3,2021-02-15,40213,1847118,17306,919378,22907,927740,0,0,22215,933308,0.114811,17891,458601,0.056415,23154,1391909,0.171227,8129050
3,2021-02-16,70364,1917482,33317,952695,37047,964787,0,0,36537,937187,0.115289,33689,492290,0.060559,37568,1429477,0.175848,8129050
3,2021-02-17,72196,1989678,36502,989197,35694,1000481,0,0,34218,934736,0.114987,37744,530034,0.065202,35293,1464770,0.18019,8129050
3,2021-02-18,77411,2067089,40432,1029629,36979,1037460,0,0,35796,930454,0.11446,41422,571456,0.070298,37140,1501910,0.184758,8129050
3,2021-02-19,69512,2136601,40049,1069678,29463,1066923,0,0,35077,931950,0.114644,34278,605734,0.074515,35774,1537684,0.189159,8129050
3,2021-02-20,43119,2179720,27238,1096916,15881,1082804,0,0,22491,934436,0.11495,20508,626242,0.077038,22994,1560678,0.191988,8129050
3,2021-02-21,24208,2203928,19507,1116423,4701,1087505,0,0,11825,934359,0.114941,12289,638531,0.078549,12212,1572890,0.19349,8129050
3,2021-02-22,47388,2251316,30871,1147294,16517,1104022,0,0,22150,931898,0.114638,25097,663628,0.081637,22636,1595526,0.196275,8129050
3,2021-02-23,63364,2314680,34448,1181742,28916,1132938,0,0,27637,926027,0.113916,35498,699126,0.086003,29627,1625153,0.199919,8129050
3,2021-02-24,79505,2394185,39039,1220781,40466,1173404,0,0,35112,919514,0.113115,44142,743268,0.091434,37629,1662782,0.204548,8129050
3,2021-02-25,88985,2483170,43354,1264135,45631,1219035,0,0,44261,921952,0.113414,44415,787683,0.096897,46853,1709635,0.210312,8129050
3,2021-02-26,99847,2583017,45711,1309846,54136,1273171,0,0,52696,930126,0.11442,46727,834410,0.102645,54901,1764536,0.217065,8129050
3,2021-02-27,70605,2653622,32406,1342252,38195,1311366,4,4,37278,935626,0.115097,33091,867501,0.106716,38591,1803127,0.221813,8129050
3,2021-02-28,41015,2694637,23671,1365923,17341,1328707,3,7,21096,937945,0.115382,19730,887231,0.109143,22049,1825176,0.224525,8129050
3,2021-03-01,68603,2763240,36387,1402310,32184,1360891,32,39,38122,947193,0.11652,30245,917476,0.112864,39493,1864669,0.229383,8129050
3,2021-03-02,79300,2842540,39166,1441476,40126,1401017,8,47,45939,962008,0.118342,33207,950683,0.116949,48022,1912691,0.235291,8129050
3,2021-03-03,89467,2932007,42948,1484424,46498,1447515,21,68,50145,975359,0.119984,39086,989769,0.121757,52437,1965128,0.241741,8129050
3,2021-03-04,93972,3025979,46001,1530425,47951,1495466,20,88,53323,990576,0.121856,40403,1030172,0.126727,55620,2020748,0.248584,8129050
3,2021-03-05,90834,3116813,44455,1574880,46088,1541554,291,379,55505,1013541,0.124681,35060,1065232,0.13104,58025,2078773,0.255722,8129050
3,2021-03-06,65400,3182213,33164,1608044,30078,1571632,2158,2537,37554,1027022,0.12634,27692,1092924,0.134447,41173,2119946,0.260786,8129050
3,2021-03-07,39160,3221373,22626,1630670,14641,1586273,1893,4430,22014,1035033,0.127325,17069,1109993,0.136546,25080,2145026,0.263872,8129050
3,2021-03-08,59939,3281312,28584,1659254,28352,1614625,3003,7433,37932,1055669,0.129864,21838,1131831,0.139233,42474,2187500,0.269097,8129050
3,2021-03-09,77204,3358516,35648,1694902,37102,1651727,4454,11887,41508,1067244,0.131288,35545,1167376,0.143605,47120,2234620,0.274893,8129050
3,2021-03-10,83080,3441596,41379,1736281,35614,1687341,6087,17974,43449,1078766,0.132705,39404,1206780,0.148453,50926,2285546,0.281158,8129050
3,2021-03-11,97469,3539065,47626,1783907,41222,1728563,8621,26595,47778,1086830,0.133697,49409,1256189,0.154531,57473,2343019,0.288228,8129050
3,2021-03-12,102183,3641248,45522,1829429,44763,1773326,11898,38493,46836,1091596,0.134283,55103,1311292,0.161309,59869,2402888,0.295593,8129050
3,2021-03-13,70659,3711907,29717,1859146,33672,1806998,7270,45763,37372,1104430,0.135862,33154,1344446,0.165388,45988,2448876,0.30125,8129050
3,2021-03-14,41390,3753297,21613,1880759,16211,1823209,3566,49329,20831,1108984,0.136422,20470,1364916,0.167906,25024,2473900,0.304328,8129050
3,2021-03-15,75888,3829185,35967,1916726,35360,1858569,4561,53890,39970,1118826,0.137633,35684,1400600,0.172296,45526,2519426,0.309929,8129050
3,2021-03-16,95213,3924398,43868,1960594,47008,1905577,4337,58227,53527,1136175,0.139767,41431,1442031,0.177392,58780,2578206,0.31716,8129050
3,2021-03-17,98433,4022831,47779,2008373,46108,1951685,4546,62773,59743,1162692,0.143029,38435,1480466,0.18212,64952,2643158,0.32515,8129050
3,2021-03-18,103813,4126644,52780,2061153,46506,1998191,4527,67300,59583,1183425,0.14558,43921,1524387,0.187523,64654,2707812,0.333103,8129050
3,2021-03-19,103414,4230058,55455,2116608,43496,2041687,4463,71763,57574,1200461,0.147675,45552,1569939,0.193127,62588,2770400,0.340802,8129050
3,2021-03-20,72083,4302141,37157,2153765,31267,2072954,3659,75422,44497,1221730,0.150292,27389,1597328,0.196496,48658,2819058,0.346788,8129050
3,2021-03-21,36381,4338522,24730,2178495,10146,2083100,1505,76927,21914,1231268,0.151465,14358,1611686,0.198263,23896,2842954,0.349728,8129050
3,2021-03-22,70704,4409226,41566,2220061,26610,2109710,2528,79455,45198,1254749,0.154354,25262,1636948,0.20137,48743,2891697,0.355724,8129050
3,2021-03-23,89863,4499089,49721,2269782,37604,2147314,2538,81993,55208,1278811,0.157314,34388,1671336,0.2056,58450,2950147,0.362914,8129050
3,2021-03-24,98770,4597859,56862,2326644,38987,2186301,2921,84914,56230,1296392,0.159476,42174,1713510,0.210788,59755,3009902,0.370265,8129050
3,2021-03-25,107392,4705251,59647,2386291,44780,2231081,2965,87879,60573,1314107,0.161656,46467,1759977,0.216505,64182,3074084,0.37816,8129050
3,2021-03-26,110695,4815946,59412,2445703,47950,2279031,3333,91212,57055,1322042,0.162632,53295,1813272,0.223061,61230,3135314,0.385693,8129050
3,2021-03-27,74677,4890623,37977,2483680,34152,2313183,2548,93760,36129,1323083,0.16276,38313,1851585,0.227774,39354,3174668,0.390534,8129050
3,2021-03-28,44375,4934998,27967,2511647,15595,2328778,813,94573,22373,1325026,0.162999,21882,1873467,0.230466,23825,3198493,0.393465,8129050
3,2021-03-29,80692,5015690,42113,2553760,36722,2365500,1857,96430,44248,1335767,0.16432,36178,1909645,0.234916,46919,3245412,0.399236,8129050
3,2021-03-30,100321,5116011,49286,2603046,47398,2412898,3637,100067,56302,1352549,0.166385,43757,1953402,0.240299,60539,3305951,0.406684,8129050
3,2021-03-31,105129,5221140,56698,2659744,43576,2456474,4855,104922,56204,1365257,0.167948,48680,2002082,0.246287,61388,3367339,0.414235,8129050
3,2021-04-01,123711,5344851,62529,2722273,51432,2507906,9750,114672,66740,1385492,0.170437,56559,2058641,0.253245,76794,3444133,0.423682,8129050
3,2021-04-02,117994,5462845,57550,2779823,50096,2558002,10348,125020,62233,1403096,0.172603,55456,2114097,0.260067,73060,3517193,0.43267,8129050
3,2021-04-03,76176,5539021,38973,2818796,27960,2585962,9243,134263,37900,1412419,0.17375,38123,2152220,0.264757,47446,3564639,0.438506,8129050
3,2021-04-04,32425,5571446,17343,2836139,10867,2596829,4215,138478,14148,1412607,0.173773,18198,2170418,0.266995,18386,3583025,0.440768,8129050
3,2021-04-05,89568,5661014,45492,2881631,34843,2631672,9233,147711,43565,1420459,0.174739,45764,2216182,0.272625,53616,3636641,0.447364,8129050
3,2021-04-06,113578,5774592,55254,2936885,43107,2674779,15217,162928,53364,1429808,0.175889,59928,2276110,0.279997,69277,3705918,0.455886,8129050
3,2021-04-07,116390,5890982,60188,2997073,39874,2714653,16328,179256,56232,1442743,0.17748,59885,2335995,0.287364,72820,3778738,0.464844,8129050
3,2021-04-08,121513,6012495,60487,3057560,40846,2755499,20180,199436,56243,1454973,0.178984,64956,2400951,0.295354,77186,3855924,0.474339,8129050
3,2021-04-09,118570,6131065,59100,3116660,40292,2795791,19178,218614,52032,1460795,0.179701,66278,2467229,0.303508,72100,3928024,0.483208,8129050
3,2021-04-10,84467,6215532,37878,3154538,31315,2827106,15274,233888,34298,1461199,0.17975,49979,2517208,0.309656,50383,3978407,0.489406,8129050
3,2021-04-11,45352,6260884,24297,3178835,13042,2840148,8013,241901,17203,1459188,0.179503,28056,2545264,0.313107,26045,4004452,0.49261,8129050
3,2021-04-12,84077,6344961,42471,3221306,32779,2872927,8827,250728,37990,1461244,0.179756,45845,2591109,0.318747,47901,4052353,0.498503,8129050
3,2021-04-13,105576,6450537,57172,3278478,48194,2921121,210,250938,55648,1468308,0.180625,49678,2640787,0.324858,56742,4109095,0.505483,8129050
3,2021-04-14,107696,6558233,58880,3337358,48717,2969838,99,251037,53582,1469610,0.180785,53815,2694602,0.331478,55117,4164212,0.512263,8129050
3,2021-04-15,119712,6677945,67398,3404756,52238,3022076,76,251113,64072,1479250,0.181971,55315,2749917,0.338283,64955,4229167,0.520254,8129050
3,2021-04-16,115737,6793682,64905,3469661,50738,3072814,94,251207,60399,1485387,0.182726,55023,2804940,0.345051,61160,4290327,0.527777,8129050
3,2021-04-17,79627,6873309,43389,3513050,36225,3109039,13,251220,44353,1495675,0.183991,35047,2839987,0.349363,45335,4335662,0.533354,8129050
3,2021-04-18,38784,6912093,23393,3536443,15386,3124425,5,251225,18214,1494315,0.183824,20453,2860440,0.351879,19093,4354755,0.535703,8129050
3,2021-04-19,79406,6991499,44228,3580671,35123,3159548,55,251280,35884,1487439,0.182978,43322,2903762,0.357208,36446,4391201,0.540186,8129050
3,2021-04-20,101123,7092622,53245,3633916,47860,3207408,18,251298,49110,1485836,0.182781,51755,2955517,0.363575,50152,4441353,0.546356,8129050
3,2021-04-21,105839,7198461,59413,3693329,46357,3253765,69,251367,50033,1481585,0.182258,55438,3010955,0.370394,51187,4492540,0.552653,8129050
3,2021-04-22,111788,7310249,62821,3756150,48942,3302707,25,251392,48130,1467385,0.180511,63311,3074266,0.378183,49111,4541651,0.558694,8129050
3,2021-04-23,106045,7416294,60645,3816795,45372,3348079,28,251420,46539,1455809,0.179087,59152,3133418,0.385459,47576,4589227,0.564547,8129050
3,2021-04-24,73566,7489860,45431,3862226,28070,3376149,65,251485,35825,1455218,0.179015,37473,3170891,0.390069,36882,4626109,0.569084,8129050
3,2021-04-25,36709,7526569,23442,3885668,13250,3389399,17,251502,18737,1456550,0.179178,17828,3188719,0.392262,19160,4645269,0.571441,8129050
3,2021-04-26,73802,7600371,41737,3927405,31656,3421055,409,251911,31508,1447783,0.1781,42027,3230746,0.397432,33260,4678529,0.575532,8129050
3,2021-04-27,90909,7691280,47692,3975097,41476,3462531,1741,253652,36109,1431907,0.176147,54492,3285238,0.404136,38616,4717145,0.580282,8129050
3,2021-04-28,86530,7777810,49141,4024238,35255,3497786,2134,255786,35378,1419085,0.17457,50862,3336100,0.410392,38040,4755185,0.584962,8129050
3,2021-04-29,88632,7866442,50656,4074894,35771,3533557,2205,257991,31649,1396776,0.171825,56651,3392751,0.417361,34342,4789527,0.589187,8129050
3,2021-04-30,90345,7956787,50975,4125869,36892,3570449,2478,260469,33691,1377094,0.169404,56318,3449069,0.424289,36636,4826163,0.593693,8129050
3,2021-05-01,55095,8011882,34575,4160444,19061,3589510,1459,261928,19861,1363922,0.167784,34982,3484051,0.428593,21810,4847973,0.596376,8129050
3,2021-05-02,26874,8038756,18342,4178786,7517,3597027,1015,262943,9859,1357981,0.167053,16911,3500962,0.430673,10970,4858943,0.597726,8129050
3,2021-05-03,59305,8098061,34649,4213435,22286,3619313,2370,265313,17410,1336256,0.16438,41682,3542644,0.4358,19957,4878900,0.600181,8129050
3,2021-05-04,77311,8175372,44684,4258119,29948,3649261,2679,267992,22511,1307215,0.160808,54514,3597158,0.442507,25473,4904373,0.603314,8129050
3,2021-05-05,78753,8254125,47321,4305440,28732,3677993,2700,270692,21887,1275543,0.156912,56542,3653700,0.449462,24870,4929243,0.606374,8129050
3,2021-05-06,82838,8336963,52336,4357776,27977,3705970,2525,273217,20617,1237481,0.152229,61752,3715452,0.457059,23690,4952933,0.609288,8129050
3,2021-05-07,82145,8419108,51184,4408960,28345,3734315,2616,275833,21845,1202278,0.147899,59957,3775409,0.464434,24754,4977687,0.612333,8129050
3,2021-05-08,52283,8471391,32391,4441351,18184,3752499,1708,277541,13866,1179954,0.145153,38160,3813569,0.469128,15836,4993523,0.614281,8129050
3,2021-05-09,20891,8492282,15297,4456648,4808,3757307,786,278327,5512,1171030,0.144055,15288,3828857,0.471009,6364,4999887,0.615064,8129050
3,2021-05-10,47870,8540152,25658,4482306,20311,3777618,1901,280228,11121,1147761,0.141193,36554,3865411,0.475506,13285,5013172,0.616698,8129050
3,2021-05-11,63640,8603792,35565,4517871,25857,3803475,2218,282446,16092,1119230,0.137683,47309,3912720,0.481326,18778,5031950,0.619008,8129050
3,2021-05-12,64582,8668374,37117,4554988,25073,3828548,2392,284838,16542,1090673,0.13417,47790,3960510,0.487205,19233,5051183,0.621374,8129050
3,2021-05-13,75047,8743421,47321,4602309,25822,3854370,1904,286742,27477,1073329,0.132036,47334,4007844,0.493027,29990,5081173,0.625064,8129050
3,2021-05-14,80009,8823430,50559,4652868,27323,3881693,2127,288869,31024,1058377,0.130197,48700,4056544,0.499018,33748,5114921,0.629215,8129050
3,2021-05-15,61829,8885259,42679,4695547,17946,3899639,1204,290073,25603,1049370,0.129089,36031,4092575,0.503451,27024,5141945,0.632539,8129050
3,2021-05-16,33060,8918319,24704,4720251,7665,3907304,691,290764,13370,1043946,0.128422,19574,4112149,0.505858,14150,5156095,0.63428,8129050
3,2021-05-17,56747,8975066,36162,4756413,18755,3926059,1830,292594,20953,1031403,0.126879,35530,4147679,0.510229,22987,5179082,0.637108,8129050
3,2021-05-18,64346,9039412,38007,4794420,24486,3950545,1853,294447,24247,1018064,0.125238,39832,4187511,0.515129,26493,5205575,0.640367,8129050
3,2021-05-19,63779,9103191,38780,4833200,23259,3973804,1740,296187,24753,1006053,0.12376,38777,4226288,0.519899,26766,5232341,0.64366,8129050
3,2021-05-20,61337,9164528,35827,4869027,23676,3997480,1834,298021,22009,991190,0.121932,39053,4265341,0.524704,24190,5256531,0.646635,8129050
3,2021-05-21,65712,9230240,39924,4908951,23693,4021173,2095,300116,23518,975212,0.119966,41892,4307233,0.529857,25914,5282445,0.649823,8129050
3,2021-05-22,45555,9275795,30224,4939175,13866,4035039,1465,301581,19095,969769,0.119297,26259,4333492,0.533087,20816,5303261,0.652384,8129050
3,2021-05-23,21705,9297500,15024,4954199,6032,4041071,649,302230,9207,967322,0.118996,12413,4345905,0.534614,9966,5313227,0.65361,8129050
3,2021-05-24,39441,9336941,23061,4977260,14624,4055695,1756,303986,14681,959391,0.11802,24573,4370478,0.537637,16642,5329869,0.655657,8129050
3,2021-05-25,42608,9379549,24001,5001261,16939,4072634,1668,305654,15181,949293,0.116778,27171,4397649,0.540979,17073,5346942,0.657757,8129050
3,2021-05-26,42304,9421853,24222,5025483,16364,4088998,1718,307372,15867,940864,0.115741,26147,4423796,0.544196,17718,5364660,0.659937,8129050
3,2021-05-27,39285,9461138,22045,5047528,15493,4104491,1747,309119,15449,934621,0.114973,23678,4447474,0.547109,17435,5382095,0.662082,8129050
3,2021-05-28,42640,9503778,24088,5071616,16759,4121250,1793,310912,17733,929762,0.114375,24706,4472180,0.550148,19847,5401942,0.664523,8129050
3,2021-05-29,23416,9527194,14306,5085922,8273,4129523,837,311749,10997,929430,0.114334,12291,4484471,0.55166,11959,5413901,0.665994,8129050
3,2021-05-30,10576,9537770,6854,5092776,3085,4132608,637,312386,4460,928525,0.114223,6042,4490513,0.552403,5137,5419038,0.666626,8129050
3,2021-05-31,4617,9542387,2666,5095442,1687,4134295,264,312650,1454,927145,0.114053,3127,4493640,0.552788,1747,5420785,0.666841,8129050
3,2021-06-01,37607,9579994,21666,5117108,14508,4148803,1433,314083,13182,917753,0.112898,24201,4517841,0.555765,14809,5435594,0.668663,8129050
3,2021-06-02,31414,9611408,18061,5135169,11948,4160751,1405,315488,11655,911385,0.112115,19555,4537396,0.558171,13187,5448781,0.670285,8129050
3,2021-06-03,39510,9650918,27044,5162213,11034,4171785,1432,316920,11446,896599,0.110296,27885,4565281,0.561601,13099,5461880,0.671896,8129050
3,2021-06-04,46054,9696972,32577,5194790,11935,4183720,1542,318462,13125,878968,0.108127,32698,4597979,0.565623,15067,5476947,0.67375,8129050
3,2021-06-05,34271,9731243,25851,5220641,7234,4190954,1186,319648,8751,863773,0.106258,25315,4623294,0.568737,10120,5487067,0.674995,8129050
3,2021-06-06,14586,9745829,12173,5232814,1832,4192786,581,320229,3753,857491,0.105485,10777,4634071,0.570063,4495,5491562,0.675548,8129050
3,2021-06-07,30338,9776167,22054,5254868,7003,4199789,1281,321510,8719,846134,0.104088,21477,4655548,0.572705,10120,5501682,0.676793,8129050
3,2021-06-08,34225,9810392,24584,5279452,8354,4208143,1287,322797,9951,833520,0.102536,24063,4679611,0.575665,11449,5513131,0.678201,8129050
3,2021-06-09,32897,9843289,23875,5303327,7726,4215869,1296,324093,8857,819963,0.100868,23866,4703477,0.578601,10309,5523440,0.679469,8129050
3,2021-06-10,32420,9875709,23388,5326715,7509,4223378,1523,325616,9053,807519,0.099337,23218,4726695,0.581457,10774,5534214,0.680795,8129050
3,2021-06-11,35406,9911115,25036,5351751,9010,4232388,1360,326976,10544,794929,0.097789,24670,4751365,0.584492,12080,5546294,0.682281,8129050
3,2021-06-12,25081,9936196,18911,5370662,5280,4237668,890,327866,6685,784375,0.09649,18280,4769645,0.586741,7726,5554020,0.683231,8129050
3,2021-06-13,10117,9946313,7569,5378231,2058,4239726,490,328356,2359,779588,0.095901,7705,4777350,0.587689,2918,5556938,0.68359,8129050
3,2021-06-14,25738,9972051,18431,5396662,5893,4245619,1414,329770,8083,771700,0.094931,17525,4794875,0.589844,9637,5566575,0.684776,8129050
3,2021-06-15,28642,10000693,19394,5416056,7748,4253367,1500,331270,9644,764233,0.094013,18778,4813653,0.592154,11311,5577886,0.686167,8129050
3,2021-06-16,25791,10026484,18305,5434361,6074,4259441,1412,332682,8701,757591,0.093196,16910,4830563,0.594235,10268,5588154,0.68743,8129050
3,2021-06-17,24768,10051252,17750,5452111,5735,4265176,1283,333965,8596,751587,0.092457,16018,4846581,0.596205,10014,5598168,0.688662,8129050
3,2021-06-18,27861,10079113,19684,5471795,6611,4271787,1566,335531,9777,745230,0.091675,17865,4864446,0.598403,11508,5609676,0.690078,8129050
3,2021-06-19,15922,10095035,11695,5483490,3379,4275166,848,336379,5697,741782,0.091251,10100,4874546,0.599645,6652,5616328,0.690896,8129050
3,2021-06-20,6841,10101876,5135,5488625,1408,4276574,298,336677,2594,740531,0.091097,4196,4878742,0.600161,2945,5619273,0.691258,8129050
3,2021-06-21,16133,10118009,10198,5498823,4549,4281123,1386,338063,8041,742072,0.091286,8006,4886748,0.601146,9547,5628820,0.692433,8129050
3,2021-06-22,22009,10140018,15441,5514264,5279,4286402,1289,339352,8252,738124,0.090801,13642,4900390,0.602824,9694,5638514,0.693625,8129050
3,2021-06-23,20140,10160158,14145,5528409,4687,4291089,1308,340660,7990,735520,0.09048,12041,4912431,0.604306,9437,5647951,0.694786,8129050
3,2021-06-24,19854,10180012,13826,5542235,4591,4295680,1437,342097,7750,732883,0.090156,11935,4924366,0.605774,9298,5657249,0.69593,8129050
3,2021-06-25,23196,10203208,16459,5558694,5315,4300995,1422,343519,9077,729517,0.089742,13991,4938357,0.607495,10625,5667874,0.697237,8129050
3,2021-06-26,13771,10216979,10214,5568908,2786,4303781,771,344290,5728,728191,0.089579,7978,4946335,0.608476,6652,5674526,0.698055,8129050
3,2021-06-27,6669,10223648,5149,5574057,1212,4304993,308,344598,2850,727595,0.089506,3785,4950120,0.608942,3189,5677715,0.698448,8129050
3,2021-06-28,15795,10239443,12130,5586187,2594,4307587,1071,345669,6665,726408,0.08936,9022,4959142,0.610052,7835,5685550,0.699411,8129050
3,2021-06-29,17857,10257300,12596,5598783,4279,4311866,982,346651,7323,724428,0.089116,10417,4969559,0.611333,8437,5693987,0.700449,8129050
3,2021-06-30,16790,10274090,11893,5610676,3864,4315730,1033,347684,7203,723343,0.088982,9464,4979023,0.612498,8379,5702366,0.70148,8129050
3,2021-07-01,16088,10290178,11481,5622157,3554,4319284,1053,348737,6759,722020,0.08882,9235,4988258,0.613634,7912,5710278,0.702453,8129050
3,2021-07-02,18246,10308424,12981,5635138,4169,4323453,1096,349833,7772,720622,0.088648,10368,4998626,0.614909,8970,5719248,0.703557,8129050
3,2021-07-03,9946,10318370,7198,5642336,2323,4325776,425,350258,4261,719788,0.088545,5622,5004248,0.615601,4788,5724036,0.704146,8129050
3,2021-07-04,699,10319069,404,5642740,208,4325984,87,350345,266,719729,0.088538,428,5004676,0.615653,369,5724405,0.704191,8129050
3,2021-07-05,9456,10328525,6919,5649659,2117,4328101,420,350765,4282,719383,0.088495,5110,5009786,0.616282,4764,5729169,0.704777,8129050
3,2021-07-06,18812,10347337,13658,5663317,4053,4332154,1101,351866,6817,715560,0.088025,11860,5021646,0.617741,8037,5737206,0.705766,8129050
3,2021-07-07,15490,10362827,10993,5674310,3394,4335548,1103,352969,6265,713904,0.087821,9128,5030774,0.618864,7472,5744678,0.706685,8129050
3,2021-07-08,14982,10377809,10892,5685202,3211,4338759,879,353848,6124,712221,0.087614,8769,5039543,0.619942,7086,5751764,0.707557,8129050
3,2021-07-09,17147,10394956,12049,5697251,4039,4342798,1059,354907,7133,710613,0.087416,9908,5049451,0.621161,8300,5760064,0.708578,8129050
3,2021-07-10,10517,10405473,7815,5705066,2151,4344949,551,355458,4523,709843,0.087322,5931,5055382,0.621891,5161,5765225,0.709213,8129050
3,2021-07-11,5017,10410490,3706,5708772,1045,4345994,266,355724,2275,709694,0.087303,2710,5058092,0.622224,2561,5767786,0.709528,8129050
3,2021-07-12,14023,10424513,10329,5719101,2847,4348841,847,356571,5661,707993,0.087094,8289,5066381,0.623244,6588,5774374,0.710338,8129050
3,2021-07-13,14657,10439170,10443,5729544,3442,4352283,772,357343,6464,707211,0.086998,8097,5074478,0.62424,7315,5781689,0.711238,8129050
3,2021-07-14,12215,10451385,8989,5738533,2512,4354795,714,358057,5501,706852,0.086954,6634,5081112,0.625056,6275,5787964,0.71201,8129050
3,2021-07-15,9607,10460992,7015,5745548,2077,4356872,515,358572,4335,706564,0.086918,5202,5086314,0.625696,4914,5792878,0.712614,8129050
4,2020-12-15,456,456,456,456,0,0,0,0,456,456,5.7e-05,0,0,0.0,456,456,5.7e-05,8037679
4,2020-12-16,3042,3498,3042,3498,0,0,0,0,3042,3498,0.000435,0,0,0.0,3042,3498,0.000435,8037679
4,2020-12-17,8953,12451,8953,12451,0,0,0,0,8953,12451,0.001549,0,0,0.0,8953,12451,0.001549,8037679
4,2020-12-18,16220,28671,16208,28659,12,12,0,0,16220,28671,0.003567,0,0,0.0,16220,28671,0.003567,8037679
4,2020-12-19,10394,39065,10385,39044,9,21,0,0,10329,39000,0.004852,0,0,0.0,10329,39000,0.004852,8037679
4,2020-12-20,7422,46487,7415,46459,7,28,0,0,7377,46377,0.00577,0,0,0.0,7377,46377,0.00577,8037679
4,2020-12-21,16404,62891,16378,62837,26,54,0,0,16337,62713,0.007802,1,1,0.0,16337,62714,0.007803,8037679
4,2020-12-22,17231,80122,16478,79315,753,807,0,0,17185,79895,0.00994,3,4,0.0,17185,79899,0.009941,8037679
4,2020-12-23,17145,97267,14418,93733,2727,3534,0,0,17123,97016,0.01207,2,6,1e-06,17123,97022,0.012071,8037679
4,2020-12-24,8563,105830,5976,99709,2587,6121,0,0,8563,105579,0.013136,0,6,1e-06,8563,105585,0.013136,8037679
4,2020-12-25,905,106735,800,100509,105,6226,0,0,905,106484,0.013248,0,6,1e-06,905,106490,0.013249,8037679
4,2020-12-26,6187,112922,3906,104415,2281,8507,0,0,6187,112671,0.014018,0,6,1e-06,6187,112677,0.014019,8037679
4,2020-12-27,3430,116352,1996,106411,1434,9941,0,0,3430,116101,0.014445,0,6,1e-06,3430,116107,0.014445,8037679
4,2020-12-28,15154,131506,9373,115784,5781,15722,0,0,15126,131225,0.016326,2,8,1e-06,15126,131233,0.016327,8037679
4,2020-12-29,15428,146934,8536,124320,6892,22614,0,0,15394,146619,0.018241,0,8,1e-06,15394,146627,0.018242,8037679
4,2020-12-30,18987,165921,11083,135403,7904,30518,0,0,18976,165593,0.020602,2,10,1e-06,18976,165603,0.020603,8037679
4,2020-12-31,8308,174229,3367,138770,4941,35459,0,0,8296,173880,0.021633,9,19,2e-06,8296,173899,0.021635,8037679
4,2021-01-01,1595,175824,722,139492,873,36332,0,0,1591,175468,0.021831,3,22,3e-06,1591,175490,0.021833,8037679
4,2021-01-02,5741,181565,3246,142738,2495,38827,0,0,5739,181206,0.022545,1,23,3e-06,5739,181229,0.022547,8037679
4,2021-01-03,2150,183715,1275,144013,875,39702,0,0,2134,183336,0.02281,4,27,3e-06,2134,183363,0.022813,8037679
4,2021-01-04,12973,196688,7021,151034,5952,45654,0,0,12924,196231,0.024414,29,56,7e-06,12924,196287,0.024421,8037679
4,2021-01-05,16962,213650,10046,161080,6916,52570,0,0,14749,208809,0.025979,2184,2240,0.000279,14762,211049,0.026257,8037679
4,2021-01-06,21662,235312,13274,174354,8388,60958,0,0,15549,218309,0.027161,6063,8303,0.001033,15563,226612,0.028194,8037679
4,2021-01-07,28046,263358,17094,191448,10952,71910,0,0,16749,223842,0.027849,11237,19540,0.002431,16770,243382,0.03028,8037679
4,2021-01-08,32971,296329,21172,212620,11799,83709,0,0,18370,227698,0.028329,14534,34074,0.004239,18390,261772,0.032568,8037679
4,2021-01-09,16335,312664,9676,222296,6659,90368,0,0,9480,230347,0.028658,6843,40917,0.005091,9492,271264,0.033749,8037679
4,2021-01-10,8793,321457,5679,227975,3114,93482,0,0,4171,229915,0.028605,4611,45528,0.005664,4179,275443,0.034269,8037679
4,2021-01-11,33514,354971,21987,249962,11527,105009,0,0,18889,234254,0.029144,14596,60124,0.00748,18935,294378,0.036625,8037679
4,2021-01-12,38685,393656,22321,272283,16364,121373,0,0,24341,244356,0.030401,14280,74404,0.009257,24382,318760,0.039658,8037679
4,2021-01-13,38957,432613,19289,291572,19668,141041,0,0,27562,260589,0.032421,11356,85760,0.01067,27589,346349,0.043091,8037679
4,2021-01-14,39451,472064,15172,306744,24279,165320,0,0,32257,285717,0.035547,7158,92918,0.01156,32286,378635,0.047108,8037679
4,2021-01-15,45653,517717,15994,322738,29659,194979,0,0,39988,320118,0.039827,5613,98531,0.012259,40014,418649,0.052086,8037679
4,2021-01-16,28858,546575,9432,332170,19426,214405,0,0,25706,342720,0.042639,3122,101653,0.012647,25724,444373,0.055286,8037679
4,2021-01-17,19171,565746,6754,338924,12417,226822,0,0,17637,358859,0.044647,1512,103165,0.012835,17651,462024,0.057482,8037679
4,2021-01-18,29539,595285,13677,352601,15862,242684,0,0,23543,376499,0.046842,5929,109094,0.013573,23569,485593,0.060415,8037679
4,2021-01-19,46243,641528,23115,375716,23128,265812,0,0,36837,404053,0.05027,9358,118452,0.014737,36912,522505,0.065007,8037679
4,2021-01-20,52758,694286,28247,403963,24511,290323,0,0,42169,435790,0.054218,10492,128944,0.016042,42229,564734,0.070261,8037679
4,2021-01-21,57976,752262,26147,430110,31829,322152,0,0,51172,480283,0.059754,6723,135667,0.016879,51216,615950,0.076633,8037679
4,2021-01-22,55540,807802,22320,452430,33220,355372,0,0,50359,525560,0.065387,5109,140776,0.017515,50386,666336,0.082902,8037679
4,2021-01-23,39746,847548,17453,469883,22293,377665,0,0,35384,556623,0.069252,4352,145128,0.018056,35415,701751,0.087308,8037679
4,2021-01-24,24067,871615,10521,480404,13546,391211,0,0,22156,576896,0.071774,1901,147029,0.018292,22174,723925,0.090066,8037679
4,2021-01-25,48118,919733,22264,502668,25854,417065,0,0,36958,602781,0.074994,11130,158159,0.019677,37015,760940,0.094672,8037679
4,2021-01-26,57124,976857,29139,531807,27985,445050,0,0,44787,635329,0.079044,12301,170460,0.021208,44849,805789,0.100251,8037679
4,2021-01-27,56444,1033301,26871,558678,29573,474623,0,0,45336,669688,0.083319,11029,181489,0.02258,45388,851177,0.105898,8037679
4,2021-01-28,56889,1090190,25730,584408,31159,505782,0,0,46824,706590,0.08791,9967,191456,0.02382,46869,898046,0.11173,8037679
4,2021-01-29,56793,1146983,27258,611666,29535,535317,0,0,46299,742630,0.092394,10295,201751,0.025101,46335,944381,0.117494,8037679
4,2021-01-30,38219,1185202,17280,628946,20939,556256,0,0,32827,770148,0.095817,5335,207086,0.025764,32853,977234,0.121582,8037679
4,2021-01-31,24060,1209262,12691,641637,11369,567625,0,0,22343,790812,0.098388,1697,208783,0.025976,22361,999595,0.124364,8037679
4,2021-02-01,49878,1259140,24039,665676,25839,593464,0,0,38155,817341,0.101689,11668,220451,0.027427,38197,1037792,0.129116,8037679
4,2021-02-02,55709,1314849,25592,691268,30117,623581,0,0,42746,847245,0.105409,12885,233336,0.02903,42789,1080581,0.134439,8037679
4,2021-02-03,62415,1377264,30667,721935,31748,655329,0,0,47839,880713,0.109573,14425,247761,0.030825,47893,1128474,0.140398,8037679
4,2021-02-04,67828,1445092,31458,753393,36370,691699,0,0,50930,915028,0.113842,16722,264483,0.032905,51037,1179511,0.146748,8037679
4,2021-02-05,73638,1518730,34155,787548,39483,731182,0,0,51112,944031,0.117451,22242,286725,0.035673,51245,1230756,0.153123,8037679
4,2021-02-06,48949,1567679,26352,813900,22597,753779,0,0,37308,969968,0.120678,11572,298297,0.037112,37509,1268265,0.15779,8037679
4,2021-02-07,26681,1594360,17662,831562,9019,762798,0,0,20157,983872,0.122407,6490,304787,0.03792,20394,1288659,0.160327,8037679
4,2021-02-08,58994,1653354,30466,862028,28528,791326,0,0,38369,1002018,0.124665,20485,325272,0.040468,38631,1327290,0.165133,8037679
4,2021-02-09,67673,1721027,34328,896356,33345,824671,0,0,39681,1014309,0.126194,27800,353072,0.043927,40091,1367381,0.170121,8037679
4,2021-02-10,77781,1798808,38937,935293,38844,863515,0,0,40848,1019019,0.12678,36681,389753,0.048491,41391,1408772,0.175271,8037679
4,2021-02-11,81897,1880705,42838,978131,39059,902574,0,0,41610,1021292,0.127063,40009,429762,0.053468,42282,1451054,0.180531,8037679
4,2021-02-12,84991,1965696,38136,1016267,46855,949429,0,0,43637,1024649,0.127481,41069,470831,0.058578,44426,1495480,0.186059,8037679
4,2021-02-13,59230,2024926,30023,1046290,29207,978636,0,0,30145,1026752,0.127742,28943,499774,0.062179,31046,1526526,0.189921,8037679
4,2021-02-14,37097,2062023,19293,1065583,17804,996440,0,0,18975,1028321,0.127938,18064,517838,0.064426,19633,1546159,0.192364,8037679
4,2021-02-15,46489,2108512,21805,1087388,24684,1021124,0,0,23810,1030723,0.128236,22591,540429,0.067237,24993,1571152,0.195473,8037679
4,2021-02-16,80696,2189208,37069,1124457,43627,1064751,0,0,40970,1033329,0.128561,39582,580011,0.072162,42188,1613340,0.200722,8037679
4,2021-02-17,81992,2271200,38794,1163251,43198,1107949,0,0,38965,1030601,0.128221,42818,622829,0.077489,40090,1653430,0.20571,8037679
4,2021-02-18,83944,2355144,46227,1209478,37717,1145666,0,0,38746,1025827,0.127627,45001,667830,0.083087,40227,1693657,0.210715,8037679
4,2021-02-19,83364,2438508,52376,1261854,30988,1176654,0,0,41593,1026518,0.127713,41592,709422,0.088262,42283,1735940,0.215975,8037679
4,2021-02-20,49878,2488386,33220,1295074,16658,1193312,0,0,26995,1031411,0.128322,22796,732218,0.091098,27689,1763629,0.21942,8037679
4,2021-02-21,30215,2518601,24045,1319119,6170,1199482,0,0,14602,1030772,0.128242,15526,747744,0.09303,14887,1778516,0.221272,8037679
4,2021-02-22,55422,2574023,38086,1357205,17336,1216818,0,0,26643,1029242,0.128052,28623,776367,0.096591,27093,1805609,0.224643,8037679
4,2021-02-23,76601,2650624,42413,1399618,34188,1251006,0,0,33521,1021563,0.127097,42872,819239,0.101925,35193,1840802,0.229022,8037679
4,2021-02-24,91788,2742412,48480,1448098,43308,1294314,0,0,41201,1014603,0.126231,50316,869555,0.108185,43356,1884158,0.234416,8037679
4,2021-02-25,103309,2845721,54029,1502127,49280,1343594,0,0,49181,1012440,0.125962,53899,923454,0.114891,51736,1935894,0.240852,8037679
4,2021-02-26,109474,2955195,55350,1557477,54124,1397718,0,0,55869,1017362,0.126574,53305,976759,0.121523,58227,1994121,0.248097,8037679
4,2021-02-27,79556,3034751,43339,1600816,36207,1433925,10,10,42373,1024264,0.127433,36968,1013727,0.126122,43870,2037991,0.253555,8037679
4,2021-02-28,49000,3083751,30247,1631063,18746,1452671,7,17,27038,1030417,0.128198,21778,1035505,0.128831,27931,2065922,0.25703,8037679
4,2021-03-01,78784,3162535,46197,1677260,32542,1485213,45,62,43357,1039905,0.129379,35108,1070613,0.133199,44596,2110518,0.262578,8037679
4,2021-03-02,86451,3248986,49700,1726960,36742,1521955,9,71,50620,1056685,0.131466,35637,1106250,0.137633,52417,2162935,0.269099,8037679
4,2021-03-03,100778,3349764,53626,1780586,47136,1569091,16,87,56291,1070497,0.133185,44265,1150515,0.14314,58077,2221012,0.276325,8037679
4,2021-03-04,98313,3448077,54537,1835123,43758,1612849,18,105,53781,1081784,0.134589,44288,1194803,0.14865,55575,2276587,0.283239,8037679
4,2021-03-05,95798,3543875,51799,1886922,43681,1656530,318,423,56545,1101555,0.137049,39029,1233832,0.153506,58800,2335387,0.290555,8037679
4,2021-03-06,76733,3620608,43242,1930164,30850,1687380,2641,3064,47115,1123166,0.139738,29482,1263314,0.157174,51093,2386480,0.296912,8037679
4,2021-03-07,44856,3665464,27552,1957716,15111,1702491,2193,5257,26068,1133820,0.141063,18701,1282015,0.159501,29355,2415835,0.300564,8037679
4,2021-03-08,67962,3733426,35585,1993301,29005,1731496,3372,8629,44665,1160027,0.144324,23158,1305173,0.162382,49365,2465200,0.306705,8037679
4,2021-03-09,81966,3815392,41390,2034691,35324,1766820,5252,13881,44235,1173061,0.145945,37540,1342713,0.167052,50574,2515774,0.312998,8037679
4,2021-03-10,91538,3906930,47203,2081894,36853,1803673,7482,21363,46195,1182527,0.147123,45139,1387852,0.172668,54605,2570379,0.319791,8037679
4,2021-03-11,101087,4008017,53044,2134938,39584,1843257,8459,29822,46656,1184556,0.147375,54166,1442018,0.179407,56195,2626574,0.326783,8037679
4,2021-03-12,104818,4112835,51653,2186591,42854,1886111,10311,40133,44752,1180764,0.146904,59773,1501791,0.186844,55981,2682555,0.333747,8037679
4,2021-03-13,81810,4194645,37916,2224507,35443,1921554,8451,48584,38654,1185949,0.147549,43012,1544803,0.192195,48197,2730752,0.339744,8037679
4,2021-03-14,50012,4244657,28469,2252976,17895,1939449,3648,52232,23321,1186941,0.147672,26591,1571394,0.195503,27583,2758335,0.343176,8037679
4,2021-03-15,83949,4328606,45161,2298137,34533,1973982,4255,56487,42579,1193505,0.148489,41110,1612504,0.200618,47674,2806009,0.349107,8037679
4,2021-03-16,108092,4436698,56175,2354312,48498,2022480,3419,59906,57002,1203788,0.149768,50830,1663334,0.206942,61113,2867122,0.35671,8037679
4,2021-03-17,107297,4543995,57790,2412102,46013,2068493,3494,63400,62698,1226211,0.152558,44322,1707656,0.212456,66745,2933867,0.365014,8037679
4,2021-03-18,107429,4651424,59593,2471695,44146,2112639,3690,67090,60766,1244716,0.15486,46376,1754032,0.218226,64881,2998748,0.373086,8037679
4,2021-03-19,111911,4763335,64411,2536106,42289,2154928,5211,72301,63472,1265628,0.157462,48156,1802188,0.224217,69068,3067816,0.381679,8037679
4,2021-03-20,84397,4847732,49364,2585470,32018,2186946,3015,75316,51641,1288003,0.160246,32589,1834777,0.228272,54964,3122780,0.388518,8037679
4,2021-03-21,48382,4896114,35065,2620535,11059,2198005,2258,77574,28250,1298860,0.161596,20002,1854779,0.230761,30859,3153639,0.392357,8037679
4,2021-03-22,82784,4978898,54080,2674615,25965,2223970,2739,80313,51404,1322598,0.16455,31118,1885897,0.234632,54856,3208495,0.399182,8037679
4,2021-03-23,105123,5084021,62953,2737568,40021,2263991,2149,82462,62460,1345374,0.167383,42378,1928275,0.239904,65154,3273649,0.407288,8037679
4,2021-03-24,113758,5197779,73417,2810985,37919,2301910,2422,84884,63978,1362892,0.169563,49331,1977606,0.246042,66849,3340498,0.415605,8037679
4,2021-03-25,117332,5315111,72220,2883205,42716,2344626,2396,87280,66905,1382736,0.172032,49934,2027540,0.252254,69778,3410276,0.424286,8037679
4,2021-03-26,120034,5435145,72834,2956039,44158,2388784,3042,90322,65441,1397604,0.173882,54210,2081750,0.258999,69078,3479354,0.43288,8037679
4,2021-03-27,92232,5527377,54370,3010409,36074,2424858,1788,92110,46746,1401392,0.174353,45229,2126979,0.264626,49017,3528371,0.438979,8037679
4,2021-03-28,55863,5583240,36879,3047288,18109,2442967,875,92985,29558,1406072,0.174935,26123,2153102,0.267876,30803,3559174,0.442811,8037679
4,2021-03-29,93788,5677028,56225,3103513,35485,2478452,2078,95063,50662,1416503,0.176233,42856,2195958,0.273208,53287,3612461,0.449441,8037679
4,2021-03-30,117323,5794351,64023,3167536,49139,2527591,4161,99224,69673,1443357,0.179574,47401,2243359,0.279105,74255,3686716,0.458679,8037679
4,2021-03-31,121313,5915664,71580,3239116,43429,2571020,6304,105528,67984,1464877,0.182251,52967,2296326,0.285695,74487,3761203,0.467946,8037679
4,2021-04-01,142831,6058495,81442,3320558,48104,2619124,13285,118813,84007,1503952,0.187113,58334,2354660,0.292953,97409,3858612,0.480065,8037679
4,2021-04-02,136900,6195395,73126,3393684,50159,2669283,13615,132428,78918,1539098,0.191485,57667,2412327,0.300127,92813,3951425,0.491613,8037679
4,2021-04-03,101385,6296780,54179,3447863,33765,2703048,13441,145869,52683,1556937,0.193705,48491,2460818,0.30616,66330,4017755,0.499865,8037679
4,2021-04-04,46942,6343722,24765,3472628,14641,2717689,7536,153405,20341,1558332,0.193878,26489,2487307,0.309456,27884,4045639,0.503334,8037679
4,2021-04-05,109685,6453407,61603,3534231,35229,2752918,12853,166258,56801,1575884,0.196062,52653,2539960,0.316007,70205,4115844,0.512069,8037679
4,2021-04-06,139076,6592483,78251,3612482,41020,2793938,19805,186063,72130,1601705,0.199275,66695,2606655,0.324304,92516,4208360,0.523579,8037679
4,2021-04-07,137875,6730358,78130,3690612,38996,2832934,20749,206812,71368,1627853,0.202528,66241,2672896,0.332546,92389,4300749,0.535073,8037679
4,2021-04-08,140281,6870639,78153,3768765,36626,2869560,25502,232314,69661,1653286,0.205692,70314,2743210,0.341294,95747,4396496,0.546986,8037679
4,2021-04-09,137949,7008588,75659,3844424,39199,2908759,23091,255405,65739,1671145,0.207914,71959,2815169,0.350247,89818,4486314,0.55816,8037679
4,2021-04-10,104000,7112588,51305,3895729,33797,2942556,18898,274303,46895,1681068,0.209148,56889,2872058,0.357324,66812,4553126,0.566473,8037679
4,2021-04-11,62782,7175370,38120,3933849,13476,2956032,11186,285489,27369,1685377,0.209685,35300,2907358,0.361716,39609,4592735,0.571401,8037679
4,2021-04-12,102986,7278356,62592,3996441,30187,2986219,10207,295696,51878,1697874,0.211239,50799,2958157,0.368036,63296,4656031,0.579276,8037679
4,2021-04-13,130609,7408965,81954,4078395,48490,3034709,165,295861,78166,1724934,0.214606,52132,3010289,0.374522,79192,4735223,0.589128,8037679
4,2021-04-14,135767,7544732,86498,4164893,49193,3083902,76,295937,75127,1741073,0.216614,60295,3070584,0.382024,76434,4811657,0.598638,8037679
4,2021-04-15,156539,7701271,104157,4269050,52314,3136216,68,296005,96097,1777950,0.221202,60050,3130634,0.389495,96927,4908584,0.610697,8037679
4,2021-04-16,143797,7845068,91192,4360242,52527,3188743,78,296083,83592,1802467,0.224252,59870,3190504,0.396943,84387,4992971,0.621196,8037679
4,2021-04-17,101683,7946751,63895,4424137,37764,3226507,24,296107,59643,1821531,0.226624,41750,3232254,0.402138,60814,5053785,0.628762,8037679
4,2021-04-18,56891,8003642,38443,4462580,18445,3244952,3,296110,32076,1829897,0.227665,24676,3256930,0.405208,33042,5086827,0.632873,8037679
4,2021-04-19,101707,8105349,67064,4529644,34626,3279578,17,296127,51930,1832918,0.228041,49527,3306457,0.41137,52548,5139375,0.63941,8037679
4,2021-04-20,131971,8237320,78735,4608379,53220,3332798,16,296143,68901,1840158,0.228941,62750,3369207,0.419177,69990,5209365,0.648118,8037679
4,2021-04-21,134360,8371680,87706,4696085,46601,3379399,53,296196,67844,1843042,0.2293,66124,3435331,0.427403,69008,5278373,0.656704,8037679
4,2021-04-22,141330,8513010,93868,4789953,47439,3426838,23,296219,63283,1829809,0.227654,77662,3512993,0.437066,64429,5342802,0.66472,8037679
4,2021-04-23,134594,8647604,87658,4877611,46912,3473750,24,296243,58551,1813892,0.225674,75683,3588676,0.446482,59766,5402568,0.672155,8037679
4,2021-04-24,98275,8745879,66305,4943916,31921,3505671,49,296292,45252,1807543,0.224884,52722,3641398,0.453041,46373,5448941,0.677925,8037679
4,2021-04-25,50134,8796013,35343,4979259,14764,3520435,27,296319,26225,1810483,0.225249,23763,3665161,0.455997,26703,5475644,0.681247,8037679
4,2021-04-26,91732,8887745,60167,5039426,31169,3551604,396,296715,36133,1793052,0.223081,55297,3720458,0.462877,37866,5513510,0.685958,8037679
4,2021-04-27,113586,9001331,69418,5108844,41853,3593457,2315,299030,40985,1764868,0.219574,72280,3792738,0.47187,44096,5557606,0.691444,8037679
4,2021-04-28,103888,9105219,67905,5176749,33467,3626924,2516,301546,38109,1740704,0.216568,65453,3858191,0.480013,41289,5598895,0.696581,8037679
4,2021-04-29,105144,9210363,67169,5243918,35458,3662382,2517,304063,34045,1707116,0.212389,70752,3928943,0.488816,37164,5636059,0.701205,8037679
4,2021-04-30,104923,9315286,66528,5310446,35701,3698083,2694,306757,36142,1678225,0.208795,68393,3997336,0.497325,39502,5675561,0.706119,8037679
4,2021-05-01,69081,9384367,45855,5356301,21458,3719541,1768,308525,20087,1651977,0.205529,48746,4046082,0.503389,22498,5698059,0.708918,8037679
4,2021-05-02,37513,9421880,26621,5382922,9610,3729151,1282,309807,10538,1637087,0.203677,26856,4072938,0.506731,11966,5710025,0.710407,8037679
4,2021-05-03,78436,9500316,54569,5437491,21389,3750540,2478,312285,19184,1600115,0.199077,59003,4131941,0.514071,22031,5732056,0.713148,8037679
4,2021-05-04,100923,9601239,69100,5506591,29067,3779607,2756,315041,22669,1547957,0.192588,77975,4209916,0.523773,25817,5757873,0.71636,8037679
4,2021-05-05,101704,9702943,71756,5578347,27222,3806829,2726,317767,22085,1493782,0.185847,79294,4289210,0.533638,25119,5782992,0.719485,8037679
4,2021-05-06,111235,9814178,83349,5661696,24952,3831781,2934,320701,19680,1426428,0.177468,91087,4380297,0.54497,23733,5806725,0.722438,8037679
4,2021-05-07,104441,9918619,75120,5736816,26640,3858421,2681,323382,20652,1366748,0.170043,83430,4463727,0.55535,23750,5830475,0.725393,8037679
4,2021-05-08,69372,9987991,47804,5784620,19639,3878060,1929,325311,13767,1327437,0.165152,55363,4519090,0.562238,16052,5846527,0.72739,8037679
4,2021-05-09,34180,10022171,27955,5812575,5279,3883339,946,326257,7505,1309413,0.162909,26570,4545660,0.565544,8546,5855073,0.728453,8037679
4,2021-05-10,64756,10086927,43290,5855865,19150,3902489,2316,328573,11005,1269504,0.157944,53544,4599204,0.572205,13635,5868708,0.73015,8037679
4,2021-05-11,82338,10169265,51379,5907244,28777,3931266,2182,330755,15803,1221691,0.151995,66294,4665498,0.580453,18481,5887189,0.732449,8037679
4,2021-05-12,79397,10248662,52836,5960080,24102,3955368,2459,333214,16683,1178781,0.146657,62427,4727925,0.58822,19517,5906706,0.734877,8037679
4,2021-05-13,104159,10352821,76724,6036804,25903,3981271,1532,334746,40428,1158344,0.144114,63406,4791331,0.596109,42969,5949675,0.740223,8037679
4,2021-05-14,104528,10457349,73835,6110639,28572,4009843,2121,336867,40301,1137379,0.141506,63920,4855251,0.604061,42955,5992630,0.745567,8037679
4,2021-05-15,85212,10542561,65936,6176575,17951,4027794,1325,338192,37663,1129343,0.140506,47313,4902564,0.609948,39277,6031907,0.750454,8037679
4,2021-05-16,51434,10593995,41456,6218031,9266,4037060,712,338904,21084,1121076,0.139478,30202,4932766,0.613705,21935,6053842,0.753183,8037679
4,2021-05-17,70948,10664943,51836,6269867,17276,4054336,1836,340740,28097,1108586,0.137924,42650,4975416,0.619012,30160,6084002,0.756935,8037679
4,2021-05-18,81506,10746449,53042,6322909,26708,4081044,1756,342496,29223,1088000,0.135362,51928,5027344,0.625472,31342,6115344,0.760835,8037679
4,2021-05-19,76601,10823050,51819,6374728,22839,4103883,1943,344439,30875,1075660,0.133827,45448,5072792,0.631126,33108,6148452,0.764954,8037679
4,2021-05-20,68577,10891627,44026,6418754,22557,4126440,1994,346433,25401,1060504,0.131942,42897,5115689,0.636463,27741,6176193,0.768405,8037679
4,2021-05-21,73368,10964995,48404,6467158,23106,4149546,1858,348291,25899,1041348,0.129558,47183,5162872,0.642334,28027,6204220,0.771892,8037679
4,2021-05-22,49638,11014633,34844,6502002,13520,4163066,1274,349565,21677,1036717,0.128982,27804,5190676,0.645793,23173,6227393,0.774775,8037679
4,2021-05-23,23968,11038601,17096,6519098,6149,4169215,723,350288,9784,1033270,0.128553,14064,5204740,0.647543,10617,6238010,0.776096,8037679
4,2021-05-24,43029,11081630,27370,6546468,12660,4181875,2999,353287,15116,1023886,0.127386,27698,5232438,0.650989,18314,6256324,0.778374,8037679
4,2021-05-25,44761,11126391,27835,6574303,14107,4195982,2819,356106,15884,1014174,0.126177,28646,5261084,0.654553,18934,6275258,0.78073,8037679
4,2021-05-26,44506,11170897,26692,6600995,15213,4211195,2601,358707,15857,1004370,0.124958,28437,5289521,0.658091,18633,6293891,0.783048,8037679
4,2021-05-27,38796,11209693,23309,6624304,12355,4223550,3132,361839,14648,998365,0.124211,23953,5313474,0.661071,17948,6311839,0.785281,8037679
4,2021-05-28,43131,11252824,27504,6651808,14026,4237576,1601,363440,18807,994920,0.123782,24076,5337550,0.664066,20631,6332470,0.787848,8037679
4,2021-05-29,23584,11276408,15355,6667163,7297,4244873,932,364372,10859,994252,0.123699,12589,5350139,0.665632,11921,6344391,0.789331,8037679
4,2021-05-30,12039,11288447,8457,6675620,3056,4247929,526,364898,5020,992912,0.123532,6955,5357094,0.666498,5615,6350006,0.79003,8037679
4,2021-05-31,3559,11292006,2262,6677882,1137,4249066,160,365058,1137,991853,0.1234,2377,5359471,0.666793,1318,6351324,0.790194,8037679
4,2021-06-01,39324,11331330,24469,6702351,12415,4261481,2440,367498,13010,981420,0.122102,26100,5385571,0.670041,15667,6366991,0.792143,8037679
4,2021-06-02,32526,11363856,20344,6722695,9388,4270869,2794,370292,10879,973776,0.121151,21468,5407039,0.672711,13824,6380815,0.793863,8037679
4,2021-06-03,47948,11411804,36809,6759504,8692,4279561,2447,372739,10374,949490,0.11813,37415,5444454,0.677366,13129,6393944,0.795496,8037679
4,2021-06-04,54654,11466458,44008,6803512,9322,4288883,1324,374063,12742,922676,0.114794,41684,5486138,0.682553,14870,6408814,0.797346,8037679
4,2021-06-05,44667,11511125,38275,6841787,5397,4294280,995,375058,8772,896977,0.111597,35746,5521884,0.687,10047,6418861,0.798596,8037679
4,2021-06-06,21193,11532318,18910,6860697,1719,4295999,564,375622,3982,884807,0.110082,17111,5538995,0.689129,4941,6423802,0.799211,8037679
4,2021-06-07,38649,11570967,31285,6891982,5449,4301448,1915,377537,8455,865401,0.107668,30064,5569059,0.692869,10658,6434460,0.800537,8037679
4,2021-06-08,40459,11611426,31762,6923744,6157,4307605,2540,380077,9452,846909,0.105367,30818,5599877,0.696703,12326,6446786,0.802071,8037679
4,2021-06-09,38837,11650263,30798,6954542,5682,4313287,2357,382434,7939,826832,0.102869,30728,5630605,0.700526,10651,6457437,0.803396,8037679
4,2021-06-10,37040,11687303,29203,6983745,5217,4318504,2620,385054,8552,809936,0.100767,28331,5658936,0.704051,11435,6468872,0.804818,8037679
4,2021-06-11,38160,11725463,29978,7013723,6170,4324674,2012,387066,9871,794038,0.098789,28131,5687067,0.707551,12233,6481105,0.80634,8037679
4,2021-06-12,26466,11751929,22041,7035764,3715,4328389,710,387776,6058,780724,0.097133,20301,5707368,0.710077,6987,6488092,0.80721,8037679
4,2021-06-13,10822,11762751,8551,7044315,1795,4330184,476,388252,2284,775120,0.096436,8471,5715839,0.711131,2867,6490959,0.807566,8037679
4,2021-06-14,28555,11791306,21360,7065675,4391,4334575,2804,391056,7812,765347,0.09522,20608,5736447,0.713694,10835,6501794,0.808914,8037679
4,2021-06-15,29858,11821164,21116,7086791,5341,4339916,3401,394457,8299,755899,0.094044,21405,5757852,0.716358,11957,6513751,0.810402,8037679
4,2021-06-16,26495,11847659,19962,7106753,3918,4343834,2615,397072,7992,748378,0.093109,18334,5776186,0.718639,10813,6524564,0.811747,8037679
4,2021-06-17,25065,11872724,18513,7125266,3661,4347495,2891,399963,7594,741764,0.092286,17288,5793474,0.720789,10674,6535238,0.813075,8037679
4,2021-06-18,26651,11899375,21027,7146293,4397,4351892,1227,401190,8245,733286,0.091231,18203,5811677,0.723054,9725,6544963,0.814285,8037679
4,2021-06-19,15704,11915079,12706,7158999,2296,4354188,702,401892,5047,728690,0.090659,10512,5822189,0.724362,5916,6550879,0.815021,8037679
4,2021-06-20,7366,11922445,6068,7165067,990,4355178,308,402200,2621,727017,0.090451,4684,5826873,0.724945,3011,6553890,0.815396,8037679
4,2021-06-21,14511,11936956,10493,7175560,2881,4358059,1137,403337,7322,728525,0.090639,7112,5833985,0.72583,8620,6562510,0.816468,8037679
4,2021-06-22,20384,11957340,15905,7191465,3413,4361472,1066,404403,7092,723661,0.090034,13175,5847160,0.727469,8311,6570821,0.817502,8037679
4,2021-06-23,18347,11975687,14401,7205866,2962,4364434,984,405387,6704,719961,0.089573,11512,5858672,0.728901,7812,6578633,0.818474,8037679
4,2021-06-24,17495,11993182,13551,7219417,2960,4367394,984,406371,6531,716808,0.089181,10809,5869481,0.730246,7656,6586289,0.819427,8037679
4,2021-06-25,21460,12014642,16874,7236291,3544,4370938,1042,407413,7765,712222,0.08861,13560,5883041,0.731933,8974,6595263,0.820543,8037679
4,2021-06-26,12978,12027620,10568,7246859,1796,4372734,614,408027,4788,709642,0.088289,8089,5891130,0.732939,5509,6600772,0.821229,8037679
4,2021-06-27,6817,12034437,5521,7252380,954,4373688,342,408369,2872,709003,0.08821,3908,5895038,0.733425,3269,6604041,0.821635,8037679
4,2021-06-28,14980,12049417,12586,7264966,1546,4375234,848,409217,6014,707103,0.087974,8885,5903923,0.734531,6985,6611026,0.822504,8037679
4,2021-06-29,16374,12065791,12711,7277677,2863,4378097,800,410017,6342,704441,0.087642,9926,5913849,0.735766,7264,6618290,0.823408,8037679
4,2021-06-30,14426,12080217,11259,7288936,2438,4380535,729,410746,5992,702940,0.087456,8334,5922183,0.736803,6833,6625123,0.824258,8037679
4,2021-07-01,14366,12094583,11348,7300284,2282,4382817,736,411482,5881,701322,0.087254,8376,5930559,0.737845,6758,6631881,0.825099,8037679
4,2021-07-02,16657,12111240,13227,7313511,2672,4385489,758,412240,6801,699248,0.086996,9763,5940322,0.739059,7689,6639570,0.826056,8037679
4,2021-07-03,9111,12120351,7240,7320751,1465,4386954,406,412646,3948,698570,0.086912,5091,5945413,0.739693,4413,6643983,0.826605,8037679
4,2021-07-04,421,12120772,258,7321009,104,4387058,59,412705,183,698589,0.086914,234,5945647,0.739722,253,6644236,0.826636,8037679
4,2021-07-05,9160,12129932,7460,7328469,1293,4388351,407,413112,4162,698288,0.086877,4924,5950571,0.740334,4623,6648859,0.827211,8037679
4,2021-07-06,16369,12146301,12910,7341379,2666,4391017,793,413905,6043,695026,0.086471,10208,5960779,0.741605,6946,6655805,0.828075,8037679
4,2021-07-07,13611,12159912,10629,7352008,2217,4393234,765,414670,5153,692690,0.08618,8372,5969151,0.742646,6036,6661841,0.828826,8037679
4,2021-07-08,12999,12172911,10214,7362222,2009,4395243,776,415446,5102,690878,0.085955,7784,5976935,0.743615,5972,6667813,0.829569,8037679
4,2021-07-09,15111,12188022,11638,7373860,2592,4397835,881,416327,6174,689241,0.085751,8810,5985745,0.744711,7173,6674986,0.830462,8037679
4,2021-07-10,8619,12196641,6820,7380680,1415,4399250,384,416711,3649,688443,0.085652,4895,5990640,0.74532,4097,6679083,0.830972,8037679
4,2021-07-11,4946,12201587,3966,7384646,784,4400034,196,416907,2227,688216,0.085624,2679,5993319,0.745653,2452,6681535,0.831277,8037679
4,2021-07-12,12863,12214450,10226,7394872,1948,4401982,689,417596,5000,686227,0.085376,7784,6001103,0.746621,5795,6687330,0.831998,8037679
4,2021-07-13,12349,12226799,9464,7404336,2283,4404265,602,418198,5258,685194,0.085248,6992,6008095,0.747491,5959,6693289,0.832739,8037679
4,2021-07-14,10278,12237077,8275,7412611,1510,4405775,493,418691,4467,684479,0.085159,5740,6013835,0.748205,5025,6698314,0.833364,8037679
4,2021-07-15,8115,12245192,6355,7418966,1336,4407111,424,419115,3620,684205,0.085125,4414,6018249,0.748755,4140,6702454,0.833879,8037679
