vemquartile,administered_date,total_doses,cumulative_total_doses,pfizer_doses,cumulative_pfizer_doses,moderna_doses,cumulative_moderna_doses,jj_doses,cumulative_jj_doses,partially_vaccinated,total_partially_vaccinated,pct_age12pop_partially_vaccinated,fully_vaccinated,cumulative_fully_vaccinated,pct_age12pop_fully_vaccinated,at_least_one_dose,cumulative_at_least_one_dose,pct_age12pop_at_least_one_dose,age12_population
1,2020-12-15,156,156,156,156,0,0,0,0,156,156,1.8e-05,0,0,0.0,156,156,1.8e-05,8700223
1,2020-12-16,1237,1393,1237,1393,0,0,0,0,1237,1393,0.00016,0,0,0.0,1237,1393,0.00016,8700223
1,2020-12-17,4200,5593,4200,5593,0,0,0,0,4202,5595,0.000643,0,0,0.0,4202,5595,0.000643,8700223
1,2020-12-18,6407,12000,6383,11976,24,24,0,0,6411,12005,0.00138,1,1,0.0,6411,12006,0.00138,8700223
1,2020-12-19,2894,14894,2891,14867,3,27,0,0,2893,14897,0.001712,1,2,0.0,2893,14899,0.001712,8700223
1,2020-12-20,2142,17036,2132,16999,10,37,0,0,2143,17040,0.001959,0,2,0.0,2143,17042,0.001959,8700223
1,2020-12-21,7701,24737,7680,24679,21,58,0,0,7751,24791,0.002849,1,3,0.0,7752,24794,0.00285,8700223
1,2020-12-22,7368,32105,7024,31703,344,402,0,0,7368,32157,0.003696,2,5,1e-06,7368,32162,0.003697,8700223
1,2020-12-23,7907,40012,6641,38344,1266,1668,0,0,7903,40059,0.004604,2,7,1e-06,7904,40066,0.004605,8700223
1,2020-12-24,3321,43333,2374,40718,947,2615,0,0,3323,43382,0.004986,0,7,1e-06,3323,43389,0.004987,8700223
1,2020-12-25,242,43575,158,40876,84,2699,0,0,242,43624,0.005014,0,7,1e-06,242,43631,0.005015,8700223
1,2020-12-26,1373,44948,978,41854,395,3094,0,0,1372,44995,0.005172,1,8,1e-06,1372,45003,0.005173,8700223
1,2020-12-27,878,45826,543,42397,335,3429,0,0,878,45872,0.005273,1,9,1e-06,878,45881,0.005274,8700223
1,2020-12-28,7145,52971,4797,47194,2348,5777,0,0,7142,53014,0.006093,0,9,1e-06,7142,53023,0.006094,8700223
1,2020-12-29,9072,62043,5065,52259,4007,9784,0,0,9068,62080,0.007135,2,11,1e-06,9068,62091,0.007137,8700223
1,2020-12-30,11771,73814,6554,58813,5217,15001,0,0,11769,73848,0.008488,1,12,1e-06,11769,73860,0.008489,8700223
1,2020-12-31,6044,79858,1973,60786,4071,19072,0,0,6042,79887,0.009182,4,16,2e-06,6043,79903,0.009184,8700223
1,2021-01-01,618,80476,248,61034,370,19442,0,0,614,80499,0.009253,2,18,2e-06,614,80517,0.009255,8700223
1,2021-01-02,2932,83408,1773,62807,1159,20601,0,0,2932,83431,0.00959,0,18,2e-06,2932,83449,0.009592,8700223
1,2021-01-03,1057,84465,552,63359,505,21106,0,0,1055,84483,0.00971,3,21,2e-06,1055,84504,0.009713,8700223
1,2021-01-04,7428,91893,3625,66984,3803,24909,0,0,7431,91912,0.010564,2,23,3e-06,7431,91935,0.010567,8700223
1,2021-01-05,10976,102869,5285,72269,5691,30600,0,0,10170,101316,0.011645,788,811,9.3e-05,10192,102127,0.011738,8700223
1,2021-01-06,14163,117032,7104,79373,7059,37659,0,0,12220,111645,0.012832,1906,2717,0.000312,12235,114362,0.013145,8700223
1,2021-01-07,17664,134696,9202,88575,8462,46121,0,0,13117,120319,0.013829,4454,7171,0.000824,13128,127490,0.014654,8700223
1,2021-01-08,20272,154968,10521,99096,9751,55872,0,0,14295,128668,0.014789,5961,13132,0.001509,14310,141800,0.016298,8700223
1,2021-01-09,6713,161681,3412,102508,3301,59173,0,0,4838,131641,0.015131,1869,15001,0.001724,4842,146642,0.016855,8700223
1,2021-01-10,3115,164796,1774,104282,1341,60514,0,0,1922,132375,0.015215,1189,16190,0.001861,1923,148565,0.017076,8700223
1,2021-01-11,18228,183024,11915,116197,6313,66827,0,0,11610,137422,0.015795,6607,22797,0.00262,11654,160219,0.018416,8700223
1,2021-01-12,19207,202231,10993,127190,8214,75041,0,0,13184,144655,0.016627,5994,28791,0.003309,13227,173446,0.019936,8700223
1,2021-01-13,19921,222152,10782,137972,9139,84180,0,0,14748,154271,0.017732,5151,33942,0.003901,14767,188213,0.021633,8700223
1,2021-01-14,22251,244403,9563,147535,12688,96868,0,0,19406,170954,0.019649,2785,36727,0.004221,19468,207681,0.023871,8700223
1,2021-01-15,25299,269702,9264,156799,16035,112903,0,0,23349,192454,0.022121,1914,38641,0.004441,23414,231095,0.026562,8700223
1,2021-01-16,13961,283663,4570,161369,9391,122294,0,0,13063,204626,0.02352,895,39536,0.004544,13067,244162,0.028064,8700223
1,2021-01-17,5234,288897,2041,163410,3193,125487,0,0,4858,209112,0.024035,375,39911,0.004587,4861,249023,0.028623,8700223
1,2021-01-18,14393,303290,8638,172048,5755,131242,0,0,11177,217144,0.024958,3202,43113,0.004955,11234,260257,0.029914,8700223
1,2021-01-19,24880,328170,12887,184935,11993,143235,0,0,19594,231530,0.026612,5264,48377,0.00556,19650,279907,0.032172,8700223
1,2021-01-20,29521,357691,14781,199716,14740,157975,0,0,23553,249240,0.028648,5887,54264,0.006237,23597,303504,0.034885,8700223
1,2021-01-21,31403,389094,14790,214506,16613,174588,0,0,28038,274081,0.031503,3300,57564,0.006616,28141,331645,0.038119,8700223
1,2021-01-22,28489,417583,11309,225815,17180,191768,0,0,26393,298476,0.034307,2028,59592,0.006849,26423,358068,0.041156,8700223
1,2021-01-23,18758,436341,8209,234024,10549,202317,0,0,16794,313346,0.036016,1934,61526,0.007072,16804,374872,0.043088,8700223
1,2021-01-24,6710,443051,4175,238199,2535,204852,0,0,6046,318740,0.036636,658,62184,0.007147,6052,380924,0.043783,8700223
1,2021-01-25,25646,468697,10563,248762,15083,219935,0,0,19784,332823,0.038255,5813,67997,0.007816,19896,400820,0.04607,8700223
1,2021-01-26,28960,497657,13551,262313,15409,235344,0,0,22173,348300,0.040033,6724,74721,0.008588,22201,423021,0.048622,8700223
1,2021-01-27,32794,530451,15609,277922,17185,252529,0,0,24573,364807,0.041931,8156,82877,0.009526,24663,447684,0.051457,8700223
1,2021-01-28,35117,565568,16500,294422,18617,271146,0,0,28045,385974,0.044364,7004,89881,0.010331,28171,475855,0.054695,8700223
1,2021-01-29,33867,599435,16532,310954,17335,288481,0,0,27162,406673,0.046743,6560,96441,0.011085,27259,503114,0.057828,8700223
1,2021-01-30,20210,619645,8740,319694,11470,299951,0,0,17982,422545,0.048567,2196,98637,0.011337,18068,521182,0.059904,8700223
1,2021-01-31,7724,627369,5018,324712,2706,302657,0,0,6999,428830,0.04929,717,99354,0.01142,7002,528184,0.060709,8700223
1,2021-02-01,29171,656540,12581,337293,16590,319247,0,0,21290,442303,0.050838,7826,107180,0.012319,21299,549483,0.063157,8700223
1,2021-02-02,32871,689411,11864,349157,21007,340254,0,0,24548,458654,0.052717,8236,115416,0.013266,24587,574070,0.065983,8700223
1,2021-02-03,39791,729202,15300,364457,24491,364745,0,0,28560,476253,0.05474,11061,126477,0.014537,28660,602730,0.069278,8700223
1,2021-02-04,44208,773410,17216,381673,26992,391737,0,0,31781,495844,0.056992,12303,138780,0.015951,31894,634624,0.072943,8700223
1,2021-02-05,47049,820459,17198,398871,29851,421588,0,0,30707,510480,0.058674,16187,154967,0.017812,30823,665447,0.076486,8700223
1,2021-02-06,26594,847053,10513,409384,16081,437669,0,0,20663,525279,0.060375,5883,160850,0.018488,20682,686129,0.078863,8700223
1,2021-02-07,6299,853352,4050,413434,2249,439918,0,0,4645,528309,0.060724,1634,162484,0.018676,4664,690793,0.079399,8700223
1,2021-02-08,31719,885071,14465,427899,17254,457172,0,0,21106,538999,0.061952,10516,173000,0.019885,21206,711999,0.081837,8700223
1,2021-02-09,38654,923725,16989,444888,21665,478837,0,0,23807,548123,0.063001,14766,187766,0.021582,23890,735889,0.084583,8700223
1,2021-02-10,47432,971157,22245,467133,25187,504024,0,0,26977,554857,0.063775,20324,208090,0.023918,27058,762947,0.087693,8700223
1,2021-02-11,52128,1023285,25494,492627,26634,530658,0,0,31005,565174,0.064961,20804,228894,0.026309,31121,794068,0.09127,8700223
1,2021-02-12,50118,1073403,21538,514165,28580,559238,0,0,28717,572796,0.065837,21236,250130,0.02875,28858,822926,0.094587,8700223
1,2021-02-13,26485,1099888,11548,525713,14937,574175,0,0,15279,577020,0.066322,11133,261263,0.030029,15357,838283,0.096352,8700223
1,2021-02-14,11815,1111703,5578,531291,6237,580412,0,0,6715,578736,0.06652,5067,266330,0.030612,6783,845066,0.097132,8700223
1,2021-02-15,24017,1135720,9441,540732,14576,594988,0,0,14601,584163,0.067143,9290,275620,0.03168,14717,859783,0.098823,8700223
1,2021-02-16,47284,1183004,22543,563275,24741,619729,0,0,27499,592087,0.068054,19693,295313,0.033943,27617,887400,0.101997,8700223
1,2021-02-17,48622,1231626,24622,587897,24000,643729,0,0,26142,596060,0.068511,22320,317633,0.036509,26293,913693,0.105019,8700223
1,2021-02-18,51321,1282947,25665,613562,25656,669385,0,0,26534,598304,0.068769,24533,342166,0.039328,26777,940470,0.108097,8700223
1,2021-02-19,46749,1329696,25343,638905,21406,690791,0,0,26141,604065,0.069431,20441,362607,0.041678,26202,966672,0.111109,8700223
1,2021-02-20,27829,1357525,16899,655804,10930,701721,0,0,15861,608111,0.069896,11900,374507,0.043046,15946,982618,0.112942,8700223
1,2021-02-21,12427,1369952,10686,666490,1741,703462,0,0,7457,610715,0.070195,4905,379412,0.043609,7509,990127,0.113805,8700223
1,2021-02-22,31764,1401716,20868,687358,10896,714358,0,0,18257,615675,0.070765,13405,392817,0.04515,18365,1008492,0.115916,8700223
1,2021-02-23,46009,1447725,22350,709708,23659,738017,0,0,25246,620829,0.071358,20458,413275,0.047502,25612,1034104,0.118859,8700223
1,2021-02-24,56063,1503788,27080,736788,28983,767000,0,0,30811,627104,0.072079,24994,438269,0.050374,31269,1065373,0.122454,8700223
1,2021-02-25,68688,1572476,33354,770142,35334,802334,0,0,42440,644032,0.074025,26015,464284,0.053365,42943,1108316,0.127389,8700223
1,2021-02-26,76737,1649213,35921,806063,40816,843150,0,0,50106,668293,0.076813,26329,490613,0.056391,50590,1158906,0.133204,8700223
1,2021-02-27,52823,1702036,24243,830306,28571,871721,9,9,34642,685252,0.078763,17963,508576,0.058456,34922,1193828,0.137218,8700223
1,2021-02-28,20279,1722315,12040,842346,8237,879958,2,11,14840,694890,0.07987,5348,513924,0.05907,14986,1208814,0.138941,8700223
1,2021-03-01,46314,1768629,21419,863765,24836,904794,59,70,29737,708548,0.08144,16386,530310,0.060954,30044,1238858,0.142394,8700223
1,2021-03-02,64931,1833560,28070,891835,36850,941644,11,81,41283,727033,0.083565,23456,553766,0.06365,41941,1280799,0.147215,8700223
1,2021-03-03,72222,1905782,34354,926189,37838,979482,30,111,43899,743479,0.085455,28095,581861,0.066879,44541,1325340,0.152334,8700223
1,2021-03-04,80197,1985979,37618,963807,42543,1022025,36,147,51464,767015,0.08816,28479,610340,0.070152,52015,1377355,0.158313,8700223
1,2021-03-05,79209,2065188,35714,999521,43287,1065312,208,355,52809,794585,0.091329,26097,636437,0.073152,53667,1431022,0.164481,8700223
1,2021-03-06,58091,2123279,27617,1027138,29124,1094436,1350,1705,39318,816940,0.093899,18682,655119,0.075299,41037,1472059,0.169198,8700223
1,2021-03-07,21003,2144282,13057,1040195,6752,1101188,1194,2899,15555,828516,0.095229,5420,660539,0.075922,16996,1489055,0.171151,8700223
1,2021-03-08,46159,2190441,22541,1062736,21658,1122846,1960,4859,32327,849412,0.097631,13723,674262,0.077499,34619,1523674,0.17513,8700223
1,2021-03-09,66911,2257352,32369,1095105,32027,1154873,2515,7374,41161,867825,0.099747,25595,699857,0.080441,44008,1567682,0.180189,8700223
1,2021-03-10,74243,2331595,37002,1132107,32748,1187621,4493,11867,45747,890046,0.102302,28376,728233,0.083703,50597,1618279,0.186004,8700223
1,2021-03-11,90449,2422044,41622,1173729,40813,1228434,8014,19881,52659,913619,0.105011,37546,765779,0.088018,61119,1679398,0.193029,8700223
1,2021-03-12,99332,2521376,43780,1217509,43106,1271540,12446,32327,57974,943345,0.108428,41122,806901,0.092745,70848,1750246,0.201173,8700223
1,2021-03-13,65456,2586832,29572,1247081,28185,1299725,7699,40026,41733,969487,0.111432,23584,830485,0.095456,49726,1799972,0.206888,8700223
1,2021-03-14,27947,2614779,14947,1262028,9432,1309157,3568,43594,15654,976674,0.112259,12215,842700,0.09686,19402,1819374,0.209118,8700223
1,2021-03-15,65376,2680155,28832,1290860,29788,1338945,6756,50350,38429,995485,0.114421,26717,869417,0.09993,45528,1864902,0.214351,8700223
1,2021-03-16,85903,2766058,39171,1330031,41085,1380030,5647,55997,53202,1022203,0.117492,32468,901885,0.103662,59186,1924088,0.221154,8700223
1,2021-03-17,93379,2859437,45576,1375607,41258,1421288,6545,62542,60056,1056077,0.121385,33071,934956,0.107463,66945,1991033,0.228849,8700223
1,2021-03-18,98932,2958369,50998,1426605,42214,1463502,5720,68262,59772,1083263,0.12451,38789,973745,0.111922,65975,2057008,0.236432,8700223
1,2021-03-19,103949,3062318,53816,1480421,43832,1507334,6301,74563,60669,1107771,0.127327,42968,1016713,0.116861,67476,2124484,0.244187,8700223
1,2021-03-20,72942,3135260,37359,1517780,30366,1537700,5217,79780,46859,1134230,0.130368,25886,1042599,0.119836,52345,2176829,0.250204,8700223
1,2021-03-21,27358,3162618,19079,1536859,6470,1544170,1809,81589,17019,1142905,0.131365,10240,1052839,0.121013,18915,2195744,0.252378,8700223
1,2021-03-22,59382,3222000,30660,1567519,25415,1569585,3307,84896,39927,1167285,0.134167,19222,1072061,0.123222,43602,2239346,0.257389,8700223
1,2021-03-23,83610,3305610,42588,1610107,37386,1606971,3636,88532,51252,1190534,0.136839,32093,1104154,0.126911,55342,2294688,0.26375,8700223
1,2021-03-24,88496,3394106,44754,1654861,39369,1646340,4373,92905,52696,1212261,0.139337,35497,1139651,0.130991,57224,2351912,0.270328,8700223
1,2021-03-25,97359,3491465,49799,1704660,41714,1688054,5846,98751,53875,1229046,0.141266,43143,1182794,0.13595,59928,2411840,0.277216,8700223
1,2021-03-26,105640,3597105,51256,1755916,48056,1736110,6328,105079,56578,1243568,0.142935,48679,1231473,0.141545,63201,2475041,0.28448,8700223
1,2021-03-27,74441,3671546,38518,1794434,31713,1767823,4210,109289,38195,1250159,0.143693,36008,1267481,0.145684,42599,2517640,0.289376,8700223
1,2021-03-28,32863,3704409,21508,1815942,10128,1777951,1227,110516,16442,1251970,0.143901,16308,1283789,0.147558,18119,2535759,0.291459,8700223
1,2021-03-29,68767,3773176,33878,1849820,31719,1809670,3170,113686,37903,1262627,0.145126,30624,1314413,0.151078,41281,2577040,0.296204,8700223
1,2021-03-30,93543,3866719,45723,1895543,41413,1851083,6407,120093,48078,1271956,0.146198,45226,1359639,0.156276,54555,2631595,0.302474,8700223
1,2021-03-31,102146,3968865,53154,1948697,42741,1893824,6251,126344,55933,1288321,0.148079,45867,1405506,0.161548,62232,2693827,0.309627,8700223
1,2021-04-01,113772,4082637,54358,2003055,50586,1944410,8828,135172,57753,1299394,0.149352,55541,1461047,0.167932,66614,2760441,0.317284,8700223
1,2021-04-02,112954,4195591,51436,2054491,51770,1996180,9748,144920,57352,1311539,0.150748,55150,1516197,0.174271,67295,2827736,0.325019,8700223
1,2021-04-03,78832,4274423,39647,2094138,29481,2025661,9704,154624,37021,1316699,0.151341,41611,1557808,0.179054,46771,2874507,0.330395,8700223
1,2021-04-04,23817,4298240,11847,2105985,8493,2034154,3477,158101,9939,1316297,0.151295,13806,1571614,0.180641,13404,2887911,0.331935,8700223
1,2021-04-05,77765,4376005,37042,2143027,31321,2065475,9402,167503,35035,1318372,0.151533,42501,1614115,0.185526,44576,2932487,0.337059,8700223
1,2021-04-06,104969,4480974,49735,2192762,38529,2104004,16705,184208,47528,1325485,0.152351,57119,1671234,0.192091,64232,2996719,0.344442,8700223
1,2021-04-07,113046,4594020,54811,2247573,40546,2144550,17689,201897,51002,1332449,0.153151,61719,1732953,0.199185,68683,3065402,0.352336,8700223
1,2021-04-08,123350,4717370,58388,2305961,43841,2188391,21121,223018,54591,1339868,0.154004,68316,1801269,0.207037,75735,3141137,0.361041,8700223
1,2021-04-09,124532,4841902,56777,2362738,46825,2235216,20930,243948,54697,1346049,0.154714,69461,1870730,0.215021,75642,3216779,0.369735,8700223
1,2021-04-10,97435,4939337,43449,2406187,30932,2266148,23054,267002,38575,1348970,0.15505,58629,1929359,0.22176,61550,3278329,0.37681,8700223
1,2021-04-11,36765,4976102,20414,2426601,9452,2275600,6899,273901,14861,1348987,0.155052,21835,1951194,0.224269,21852,3300181,0.379321,8700223
1,2021-04-12,75067,5051169,33496,2460097,31513,2307113,10058,283959,31868,1348150,0.154956,42892,1994086,0.229199,42055,3342236,0.384155,8700223
1,2021-04-13,98392,5149561,52577,2512674,45472,2352585,343,284302,53146,1357056,0.155979,44930,2039016,0.234364,53836,3396072,0.390343,8700223
1,2021-04-14,105305,5254866,54532,2567206,50695,2403280,78,284380,53483,1359559,0.156267,51428,2090444,0.240275,53931,3450003,0.396542,8700223
1,2021-04-15,106065,5360931,57566,2624772,48406,2451686,93,284473,56240,1366852,0.157105,49215,2139659,0.245932,56508,3506511,0.403037,8700223
1,2021-04-16,111046,5471977,56850,2681622,54106,2505792,90,284563,55401,1367442,0.157173,55091,2194750,0.252264,55681,3562192,0.409437,8700223
1,2021-04-17,83571,5555548,45377,2726999,38182,2543974,12,284575,46571,1377441,0.158322,36748,2231498,0.256487,46747,3608939,0.41481,8700223
1,2021-04-18,30562,5586110,20682,2747681,9873,2553847,7,284582,15328,1377846,0.158369,15138,2246636,0.258227,15543,3624482,0.416596,8700223
1,2021-04-19,67280,5653390,34055,2781736,33212,2587059,13,284595,30321,1371731,0.157666,36579,2283215,0.262432,30464,3654946,0.420098,8700223
1,2021-04-20,88574,5741964,44575,2826311,43975,2631034,24,284619,41306,1366370,0.15705,46892,2330107,0.267822,41531,3696477,0.424872,8700223
1,2021-04-21,98040,5840004,51142,2877453,46795,2677829,103,284722,43766,1356800,0.15595,53681,2383788,0.273992,44111,3740588,0.429942,8700223
1,2021-04-22,97871,5937875,51183,2928636,46669,2724498,19,284741,44766,1349237,0.155081,52568,2436356,0.280034,45005,3785593,0.435114,8700223
1,2021-04-23,102820,6040695,53110,2981746,49682,2774180,28,284769,48801,1344828,0.154574,53477,2489833,0.28618,49068,3834661,0.440754,8700223
1,2021-04-24,76569,6117264,47489,3029235,29053,2803233,27,284796,43083,1354876,0.155729,33323,2523156,0.29001,43371,3878032,0.445739,8700223
1,2021-04-25,27414,6144678,17456,3046691,9944,2813177,14,284810,15626,1358996,0.156202,11662,2534818,0.291351,15782,3893814,0.447553,8700223
1,2021-04-26,66606,6211284,34953,3081644,31247,2844424,406,285216,31422,1356298,0.155892,34862,2569680,0.295358,32164,3925978,0.45125,8700223
1,2021-04-27,81935,6293219,43562,3125206,37066,2881490,1307,286523,35329,1346981,0.154821,46292,2615972,0.300679,36975,3962953,0.4555,8700223
1,2021-04-28,81739,6374958,43493,3168699,36728,2918218,1518,288041,35697,1338745,0.153875,45674,2661646,0.305928,37438,4000391,0.459803,8700223
1,2021-04-29,85155,6460113,46863,3215562,36660,2954878,1632,289673,34640,1325058,0.152302,50123,2711769,0.31169,36436,4036827,0.463991,8700223
1,2021-04-30,92830,6552943,50272,3265834,40669,2995547,1889,291562,38566,1311769,0.150774,53902,2765671,0.317885,40613,4077440,0.468659,8700223
1,2021-05-01,64020,6616963,41276,3307110,21309,3016856,1435,292997,26944,1303562,0.149831,36801,2802472,0.322115,28594,4106034,0.471946,8700223
1,2021-05-02,23539,6640502,16674,3323784,6285,3023141,580,293577,9473,1299687,0.149385,13955,2816427,0.323719,10080,4116114,0.473104,8700223
1,2021-05-03,56484,6696986,31326,3355110,23310,3046451,1848,295425,20454,1286281,0.147845,35761,2852188,0.327829,22355,4138469,0.475674,8700223
1,2021-05-04,76095,6773081,43848,3398958,30145,3076596,2102,297527,27228,1267143,0.145645,48547,2900735,0.333409,29409,4167878,0.479054,8700223
1,2021-05-05,78502,6851583,45503,3444461,30693,3107289,2306,299833,26567,1244533,0.143046,51563,2952298,0.339336,28953,4196831,0.482382,8700223
1,2021-05-06,80009,6931592,48585,3493046,29237,3136526,2187,302020,24954,1217185,0.139903,54641,3006939,0.345616,27293,4224124,0.485519,8700223
1,2021-05-07,83606,7015198,47581,3540627,33826,3170352,2199,304219,27895,1192110,0.137021,55231,3062170,0.351965,30156,4254280,0.488985,8700223
1,2021-05-08,57494,7072692,36073,3576700,19769,3190121,1652,305871,19525,1175753,0.135141,37618,3099788,0.356288,21261,4275541,0.491429,8700223
1,2021-05-09,18357,7091049,13169,3589869,4710,3194831,478,306349,5575,1169139,0.13438,12701,3112489,0.357748,6087,4281628,0.492129,8700223
1,2021-05-10,44358,7135407,22436,3612305,20088,3214919,1834,308183,14828,1156655,0.132945,29234,3141723,0.361108,16750,4298378,0.494054,8700223
1,2021-05-11,62923,7198330,34221,3646526,26540,3241459,2162,310345,20670,1137646,0.130761,41949,3183672,0.36593,22940,4321318,0.49669,8700223
1,2021-05-12,63034,7261364,33501,3680027,27468,3268927,2065,312410,20695,1118475,0.128557,41996,3225668,0.370757,22825,4344143,0.499314,8700223
1,2021-05-13,67303,7328667,39495,3719522,25818,3294745,1990,314400,25628,1105106,0.12702,41270,3266938,0.3755,27901,4372044,0.502521,8700223
1,2021-05-14,76901,7405568,46373,3765895,28123,3322868,2405,316805,31063,1093435,0.125679,45417,3312355,0.380721,33746,4405790,0.5064,8700223
1,2021-05-15,66864,7472432,43914,3809809,21181,3344049,1769,318574,26629,1082002,0.124365,39897,3352252,0.385306,28464,4434254,0.509671,8700223
1,2021-05-16,25126,7497558,18526,3828335,5979,3350028,621,319195,10241,1078150,0.123922,14760,3367012,0.387003,10908,4445162,0.510925,8700223
1,2021-05-17,54456,7552014,33281,3861616,19393,3369421,1782,320977,23080,1071971,0.123212,31097,3398109,0.390577,24918,4470080,0.513789,8700223
1,2021-05-18,65269,7617283,39335,3900951,24092,3393513,1842,322819,28306,1065535,0.122472,36673,3434782,0.394792,30237,4500317,0.517265,8700223
1,2021-05-19,66667,7683950,40618,3941569,24113,3417626,1936,324755,29832,1060848,0.121933,36530,3471312,0.398991,31843,4532160,0.520925,8700223
1,2021-05-20,64943,7748893,37691,3979260,25021,3442647,2231,326986,26710,1052117,0.12093,37872,3509184,0.403344,29141,4561301,0.524274,8700223
1,2021-05-21,70618,7819511,42246,4021506,26496,3469143,1876,328862,29127,1042142,0.119783,41070,3550254,0.408065,31095,4592396,0.527848,8700223
1,2021-05-22,56515,7876026,37178,4058684,17607,3486750,1730,330592,24576,1036885,0.119179,31655,3581909,0.411703,26398,4618794,0.530882,8700223
1,2021-05-23,20526,7896552,14355,4073039,5584,3492334,587,331179,9510,1036096,0.119088,10910,3592819,0.412957,10121,4628915,0.532046,8700223
1,2021-05-24,44275,7940827,24709,4097748,17718,3510052,1848,333027,17926,1029867,0.118372,26083,3618902,0.415955,19854,4648769,0.534328,8700223
1,2021-05-25,51282,7992109,29549,4127297,20023,3530075,1710,334737,21279,1023246,0.117611,29707,3648609,0.41937,23086,4671855,0.536981,8700223
1,2021-05-26,48636,8040745,27575,4154872,19157,3549232,1904,336641,20591,1018053,0.117015,27727,3676336,0.422557,22534,4694389,0.539571,8700223
1,2021-05-27,47072,8087817,26396,4181268,18757,3567989,1919,338560,20145,1013601,0.116503,26630,3702966,0.425617,22178,4716567,0.54212,8700223
1,2021-05-28,52645,8140462,29379,4210647,21430,3589419,1836,340396,23552,1010363,0.116131,28751,3731717,0.428922,25513,4742080,0.545053,8700223
1,2021-05-29,30699,8171161,18592,4229239,11140,3600559,967,341363,14599,1010040,0.116094,15945,3747662,0.430755,15622,4757702,0.546848,8700223
1,2021-05-30,11717,8182878,7569,4236808,3588,3604147,560,341923,5529,1010041,0.116094,6112,3753774,0.431457,6113,4763815,0.547551,8700223
1,2021-05-31,5768,8188646,3278,4240086,2231,3606378,259,342182,2010,1008627,0.115931,3694,3757468,0.431882,2280,4766095,0.547813,8700223
1,2021-06-01,45976,8234622,25996,4266082,18399,3624777,1581,343763,17377,999410,0.114872,28238,3785706,0.435127,19021,4785116,0.549999,8700223
1,2021-06-02,40073,8274695,23245,4289327,15313,3640090,1515,345278,16139,993517,0.114194,23628,3809334,0.437843,17735,4802851,0.552038,8700223
1,2021-06-03,41567,8316262,26033,4315360,13812,3653902,1722,347000,15835,985726,0.113299,25423,3834757,0.440765,17632,4820483,0.554064,8700223
1,2021-06-04,50302,8366564,32194,4347554,16292,3670194,1816,348816,17969,973626,0.111908,31963,3866720,0.444439,19863,4840346,0.556347,8700223
1,2021-06-05,40453,8407017,27593,4375147,10850,3681044,2010,350826,14170,963796,0.110778,26061,3892781,0.447435,16231,4856577,0.558213,8700223
1,2021-06-06,13252,8420269,10610,4385757,2127,3683171,515,351341,4567,960340,0.110381,8600,3901381,0.448423,5144,4861721,0.558804,8700223
1,2021-06-07,34044,8454313,23457,4409214,9219,3692390,1368,352709,12055,952044,0.109428,21771,3923152,0.450925,13475,4875196,0.560353,8700223
1,2021-06-08,42331,8496644,29289,4438503,11381,3703771,1661,354370,14723,941190,0.10818,27327,3950479,0.454066,16473,4891669,0.562246,8700223
1,2021-06-09,42249,8538893,29304,4467807,11296,3715067,1649,356019,13737,928436,0.106714,28195,3978674,0.457307,15441,4907110,0.564021,8700223
1,2021-06-10,39237,8578130,26413,4494220,11115,3726182,1709,357728,13373,918016,0.105516,25602,4004276,0.46025,15182,4922292,0.565766,8700223
1,2021-06-11,44163,8622293,29282,4523502,13190,3739372,1691,359419,15670,907278,0.104282,28177,4032453,0.463488,17439,4939731,0.567771,8700223
1,2021-06-12,33868,8656161,24485,4547987,8164,3747536,1219,360638,11102,897117,0.103114,22548,4055001,0.46608,12387,4952118,0.569194,8700223
1,2021-06-13,11646,8667807,8468,4556455,2698,3750234,480,361118,3386,892830,0.102622,8186,4063187,0.467021,3899,4956017,0.569643,8700223
1,2021-06-14,31047,8698854,20894,4577349,8830,3759064,1323,362441,11547,886437,0.101887,19291,4082478,0.469238,12898,4968915,0.571125,8700223
1,2021-06-15,37394,8736248,24498,4601847,11031,3770095,1865,364306,13829,878939,0.101025,23281,4105759,0.471914,15783,4984698,0.572939,8700223
1,2021-06-16,35615,8771863,24065,4625912,9706,3779801,1844,366150,13371,872240,0.100255,21969,4127728,0.474439,15270,4999968,0.574694,8700223
1,2021-06-17,33751,8805614,22315,4648227,9474,3789275,1962,368112,13164,867112,0.099665,20341,4148069,0.476777,15213,5015181,0.576443,8700223
1,2021-06-18,39862,8845476,25902,4674129,11095,3800370,2865,370977,15486,861433,0.099013,24083,4172152,0.479545,18404,5033585,0.578558,8700223
1,2021-06-19,24098,8869574,16718,4690847,6179,3806549,1201,372178,9803,858356,0.098659,14120,4186272,0.481168,11043,5044628,0.579827,8700223
1,2021-06-20,8165,8877739,5982,4696829,1906,3808455,277,372455,3240,857029,0.098507,4855,4191127,0.481726,3528,5048156,0.580233,8700223
1,2021-06-21,21044,8898783,11905,4708734,6941,3815396,2198,374653,10961,860269,0.098879,9964,4201091,0.482872,13204,5061360,0.581751,8700223
1,2021-06-22,30946,8929729,20204,4728938,8589,3823985,2153,376806,12967,857692,0.098583,17760,4218851,0.484913,15183,5076543,0.583496,8700223
1,2021-06-23,29519,8959248,19826,4748764,7869,3831854,1824,378630,12890,856023,0.098391,16407,4235258,0.486799,14738,5091281,0.58519,8700223
1,2021-06-24,28514,8987762,18986,4767750,7851,3839705,1677,380307,12097,853657,0.098119,16209,4251467,0.488662,13843,5105124,0.586781,8700223
1,2021-06-25,31863,9019625,21566,4789316,8885,3848590,1412,381719,13999,851504,0.097872,17621,4269088,0.490687,15468,5120592,0.588559,8700223
1,2021-06-26,22548,9042173,16749,4806065,4958,3853548,841,382560,9849,849670,0.097661,12574,4281662,0.492132,10740,5131332,0.589793,8700223
1,2021-06-27,9203,9051376,6853,4812918,1915,3855463,435,382995,4074,849135,0.097599,5059,4286721,0.492714,4524,5135856,0.590313,8700223
1,2021-06-28,21272,9072648,15808,4828726,4210,3859673,1254,384249,9853,849071,0.097592,11218,4297939,0.494003,11154,5147010,0.591595,8700223
1,2021-06-29,27022,9099670,18494,4847220,7133,3866806,1395,385644,11917,847527,0.097414,14913,4312852,0.495717,13369,5160379,0.593132,8700223
1,2021-06-30,26252,9125922,18160,4865380,7031,3873837,1061,386705,12478,847589,0.097422,13549,4326401,0.497275,13611,5173990,0.594696,8700223
1,2021-07-01,24075,9149997,16730,4882110,6042,3879879,1303,388008,11146,847349,0.097394,12766,4339167,0.498742,12526,5186516,0.596136,8700223
1,2021-07-02,26796,9176793,18406,4900516,7340,3887219,1050,389058,12527,846938,0.097347,14069,4353236,0.500359,13658,5200174,0.597706,8700223
1,2021-07-03,14881,9191674,10390,4910906,4037,3891256,454,389512,7088,846856,0.097337,7658,4360894,0.501239,7576,5207750,0.598577,8700223
1,2021-07-04,1289,9192963,726,4911632,496,3891752,67,389579,622,846894,0.097342,656,4361550,0.501315,694,5208444,0.598656,8700223
1,2021-07-05,11151,9204114,7722,4919354,3065,3894817,364,389943,5291,846806,0.097332,5791,4367341,0.50198,5703,5214147,0.599312,8700223
1,2021-07-06,27530,9231644,19453,4938807,6926,3901743,1151,391094,11011,842734,0.096863,16335,4383676,0.503858,12263,5226410,0.600721,8700223
1,2021-07-07,24060,9255704,16834,4955641,6059,3907802,1167,392261,10368,840853,0.096647,13501,4397177,0.50541,11620,5238030,0.602057,8700223
1,2021-07-08,23017,9278721,15908,4971549,6013,3913815,1096,393357,9950,839059,0.096441,12929,4410106,0.506896,11135,5249165,0.603337,8700223
1,2021-07-09,27208,9305929,19243,4990792,6792,3920607,1173,394530,12257,837769,0.096293,14775,4424881,0.508594,13485,5262650,0.604887,8700223
1,2021-07-10,17976,9323905,12976,5003768,4230,3924837,770,395300,8000,836736,0.096174,9850,4434731,0.509726,8817,5271467,0.6059,8700223
1,2021-07-11,6801,9330706,4979,5008747,1617,3926454,205,395505,3283,836777,0.096179,3465,4438196,0.510124,3506,5274973,0.606303,8700223
1,2021-07-12,20327,9351033,14603,5023350,4829,3931283,895,396400,9001,835583,0.096042,11183,4449379,0.51141,9989,5284962,0.607451,8700223
1,2021-07-13,22492,9373525,15704,5039054,5972,3937255,816,397216,10521,835183,0.095996,11823,4461202,0.512769,11423,5296385,0.608764,8700223
1,2021-07-14,22510,9396035,15460,5054514,6063,3943318,987,398203,10121,834167,0.095879,12233,4473435,0.514175,11217,5307602,0.610054,8700223
1,2021-07-15,21931,9417966,15545,5070059,5652,3948970,734,398937,10597,834416,0.095907,11186,4484621,0.51546,11435,5319037,0.611368,8700223
1,2021-07-16,26957,9444923,18843,5088902,7109,3956079,1005,399942,13362,835441,0.096025,13428,4498049,0.517004,14453,5333490,0.613029,8700223
1,2021-07-17,18738,9463661,13537,5102439,4496,3960575,705,400647,9211,835997,0.096089,9396,4507445,0.518084,9952,5343442,0.614173,8700223
1,2021-07-18,7491,9471152,5528,5107967,1677,3962252,286,400933,3839,836544,0.096152,3594,4511039,0.518497,4141,5347583,0.614649,8700223
1,2021-07-19,20923,9492075,15159,5123126,4931,3967183,833,401766,10497,837678,0.096282,10292,4521331,0.51968,11426,5359009,0.615962,8700223
1,2021-07-20,24982,9517057,17282,5140408,6812,3973995,888,402654,12837,839536,0.096496,11958,4533289,0.521054,13816,5372825,0.61755,8700223
1,2021-07-21,25291,9542348,17800,5158208,6281,3980276,1210,403864,12928,841587,0.096732,12204,4545493,0.522457,14255,5387080,0.619189,8700223
1,2021-07-22,24446,9566794,17287,5175495,6315,3986591,844,404708,13322,844906,0.097113,10938,4556431,0.523714,14257,5401337,0.620827,8700223
1,2021-07-23,29095,9595889,20563,5196058,7510,3994101,1022,405730,16219,849535,0.097645,12679,4569110,0.525172,17308,5418645,0.622817,8700223
1,2021-07-24,18190,9614079,12836,5208894,4788,3998889,566,406296,10710,853476,0.098098,7362,4576472,0.526018,11303,5429948,0.624116,8700223
1,2021-07-25,7493,9621572,5388,5214282,1988,4000877,117,406413,5591,857338,0.098542,1866,4578338,0.526232,5728,5435676,0.624774,8700223
1,2021-07-26,21436,9643008,14824,5229106,5849,4006726,763,407176,13866,864588,0.099375,7450,4585788,0.527089,14700,5450376,0.626464,8700223
1,2021-07-27,27072,9670080,19321,5248427,6811,4013537,940,408116,15957,870594,0.100066,10947,4596735,0.528347,16953,5467329,0.628413,8700223
1,2021-07-28,28074,9698154,19912,5268339,7289,4020826,873,408989,17231,878117,0.10093,10651,4607386,0.529571,18174,5485503,0.630501,8700223
1,2021-07-29,26702,9724856,18944,5287283,6967,4027793,791,409780,16707,885856,0.10182,9822,4617208,0.5307,17561,5503064,0.63252,8700223
1,2021-07-30,31167,9756023,22284,5309567,7979,4035772,904,410684,19070,893984,0.102754,11885,4629093,0.532066,20013,5523077,0.63482,8700223
1,2021-07-31,19975,9775998,14489,5324056,4945,4040717,541,411225,12440,899611,0.103401,7378,4636471,0.532914,13005,5536082,0.636315,8700223
1,2021-08-01,8882,9784880,6696,5330752,2059,4042776,127,411352,6096,903123,0.103805,2740,4639211,0.533229,6252,5542334,0.637034,8700223
1,2021-08-02,24874,9809754,18523,5349275,5646,4048422,705,412057,16197,911551,0.104773,8522,4647733,0.534208,16950,5559284,0.638982,8700223
1,2021-08-03,28540,9838294,20648,5369923,6983,4055405,909,412966,17887,919917,0.105735,10465,4658198,0.535411,18831,5578115,0.641146,8700223
1,2021-08-04,27585,9865879,20039,5389962,6669,4062074,877,413843,17533,928522,0.106724,9849,4668047,0.536543,18454,5596569,0.643267,8700223
1,2021-08-05,27239,9893118,19944,5409906,6396,4068470,899,414742,17184,936773,0.107672,9854,4677901,0.537676,18105,5614674,0.645348,8700223
1,2021-08-06,33627,9926745,24748,5434654,7909,4076379,970,415712,20954,946301,0.108767,12442,4690343,0.539106,21970,5636644,0.647874,8700223
1,2021-08-07,21704,9948449,16275,5450929,4862,4081241,567,416279,13535,952380,0.109466,8036,4698379,0.54003,14115,5650759,0.649496,8700223
1,2021-08-08,10514,9958963,7678,5458607,2636,4083877,200,416479,6840,955826,0.109862,3603,4701982,0.540444,7049,5657808,0.650306,8700223
1,2021-08-09,27730,9986693,20790,5479397,6143,4090020,797,417276,17164,963447,0.110738,10374,4712356,0.541636,17995,5675803,0.652374,8700223
1,2021-08-10,29171,10015864,21452,5500849,6857,4096877,862,418138,17400,970197,0.111514,11563,4723919,0.542965,18313,5694116,0.654479,8700223
1,2021-08-11,26591,10042455,19565,5520414,6128,4103005,898,419036,15668,976068,0.112189,10720,4734639,0.544197,16591,5710707,0.656386,8700223
1,2021-08-12,28253,10070708,20303,5540717,6918,4109923,1032,420068,16872,982899,0.112974,11094,4745733,0.545473,17925,5728632,0.658447,8700223
1,2021-08-13,35155,10105863,25616,5566333,8562,4118485,977,421045,20524,990108,0.113803,14337,4760070,0.54712,21546,5750178,0.660923,8700223
1,2021-08-14,23370,10129233,17740,5584073,5102,4123587,528,421573,13375,994479,0.114305,9550,4769620,0.548218,13921,5764099,0.662523,8700223
1,2021-08-15,10405,10139638,7659,5591732,2601,4126188,145,421718,6001,996542,0.114542,4104,4773724,0.54869,6167,5770266,0.663232,8700223
1,2021-08-16,28149,10167787,19971,5611703,7407,4133595,771,422489,15563,1001148,0.115072,11757,4785481,0.550041,16363,5786629,0.665113,8700223
1,2021-08-17,14352,10182139,10426,5622129,3166,4136761,760,423249,7443,1002701,0.11525,6672,4792153,0.550808,8225,5794854,0.666058,8700223
2,2020-12-15,261,261,261,261,0,0,0,0,261,261,3.1e-05,0,0,0.0,261,261,3.1e-05,8407551
2,2020-12-16,2267,2528,2267,2528,0,0,0,0,2266,2527,0.000301,0,0,0.0,2266,2527,0.000301,8407551
2,2020-12-17,6982,9510,6982,9510,0,0,0,0,6981,9508,0.001131,0,0,0.0,6981,9508,0.001131,8407551
2,2020-12-18,11168,20678,11147,20657,21,21,0,0,11168,20676,0.002459,0,0,0.0,11168,20676,0.002459,8407551
2,2020-12-19,5639,26317,5632,26289,7,28,0,0,5640,26316,0.00313,0,0,0.0,5640,26316,0.00313,8407551
2,2020-12-20,4266,30583,4252,30541,14,42,0,0,4261,30576,0.003637,1,1,0.0,4261,30577,0.003637,8407551
2,2020-12-21,12885,43468,12856,43397,29,71,0,0,12840,43416,0.005164,0,1,0.0,12840,43417,0.005164,8407551
2,2020-12-22,12248,55716,11721,55118,527,598,0,0,12247,55663,0.006621,0,1,0.0,12247,55664,0.006621,8407551
2,2020-12-23,11812,67528,9569,64687,2243,2841,0,0,11814,67477,0.008026,1,2,0.0,11815,67479,0.008026,8407551
2,2020-12-24,5928,73456,3506,68193,2422,5263,0,0,5923,73399,0.00873,3,5,1e-06,5925,73404,0.008731,8407551
2,2020-12-25,501,73957,418,68611,83,5346,0,0,504,73903,0.00879,0,5,1e-06,504,73908,0.008791,8407551
2,2020-12-26,2587,76544,1672,70283,915,6261,0,0,2588,76490,0.009098,1,6,1e-06,2588,76496,0.009098,8407551
2,2020-12-27,2245,78789,1220,71503,1025,7286,0,0,2242,78730,0.009364,2,8,1e-06,2242,78738,0.009365,8407551
2,2020-12-28,11146,89935,7241,78744,3905,11191,0,0,11146,89874,0.01069,2,10,1e-06,11146,89884,0.010691,8407551
2,2020-12-29,12984,102919,7309,86053,5675,16866,0,0,12990,102864,0.012235,0,10,1e-06,12990,102874,0.012236,8407551
2,2020-12-30,15748,118667,8845,94898,6903,23769,0,0,15743,118604,0.014107,5,15,2e-06,15745,118619,0.014109,8407551
2,2020-12-31,7628,126295,2845,97743,4783,28552,0,0,7620,126219,0.015013,5,20,2e-06,7620,126239,0.015015,8407551
2,2021-01-01,1411,127706,679,98422,732,29284,0,0,1407,127622,0.015179,4,24,3e-06,1407,127646,0.015182,8407551
2,2021-01-02,4888,132594,2786,101208,2102,31386,0,0,4884,132504,0.01576,2,26,3e-06,4884,132530,0.015763,8407551
2,2021-01-03,1430,134024,808,102016,622,32008,0,0,1422,133922,0.015929,4,30,4e-06,1422,133952,0.015932,8407551
2,2021-01-04,11806,145830,5627,107643,6179,38187,0,0,11794,145712,0.017331,4,34,4e-06,11794,145746,0.017335,8407551
2,2021-01-05,14021,159851,7029,114672,6992,45179,0,0,12778,157289,0.018708,1236,1270,0.000151,12813,158559,0.018859,8407551
2,2021-01-06,19235,179086,10648,125320,8587,53766,0,0,15284,168696,0.020065,3890,5160,0.000614,15297,173856,0.020679,8407551
2,2021-01-07,23453,202539,13215,138535,10238,64004,0,0,15728,176711,0.021018,7730,12890,0.001533,15745,189601,0.022551,8407551
2,2021-01-08,27110,229649,16348,154883,10762,74766,0,0,16688,183067,0.021774,10363,23253,0.002766,16719,206320,0.02454,8407551
2,2021-01-09,9905,239554,5795,160678,4110,78876,0,0,6314,185804,0.0221,3586,26839,0.003192,6323,212643,0.025292,8407551
2,2021-01-10,5364,244918,2987,163665,2377,81253,0,0,3090,186627,0.022198,2273,29112,0.003463,3096,215739,0.02566,8407551
2,2021-01-11,26193,271111,18115,181780,8078,89331,0,0,15011,190514,0.02266,11178,40290,0.004792,15065,230804,0.027452,8407551
2,2021-01-12,26554,297665,16496,198276,10058,99389,0,0,16855,197764,0.023522,9697,49987,0.005945,16947,247751,0.029468,8407551
2,2021-01-13,28782,326447,15280,213556,13502,112891,0,0,20713,210469,0.025033,8047,58034,0.006903,20752,268503,0.031936,8407551
2,2021-01-14,30730,357177,11762,225318,18968,131859,0,0,26399,232615,0.027667,4335,62369,0.007418,26481,294984,0.035086,8407551
2,2021-01-15,35281,392458,12773,238091,22508,154367,0,0,31945,261328,0.031083,3326,65695,0.007814,32039,327023,0.038896,8407551
2,2021-01-16,18381,410839,6148,244239,12233,166600,0,0,16953,276849,0.032929,1442,67137,0.007985,16963,343986,0.040914,8407551
2,2021-01-17,10597,421436,3577,247816,7020,173620,0,0,9843,285934,0.034009,769,67906,0.008077,9854,353840,0.042086,8407551
2,2021-01-18,19878,441314,11115,258931,8763,182383,0,0,14987,296078,0.035216,4908,72814,0.008661,15052,368892,0.043876,8407551
2,2021-01-19,32901,474215,17109,276040,15792,198175,0,0,24693,312678,0.03719,8207,81021,0.009637,24807,393699,0.046827,8407551
2,2021-01-20,37806,512021,19056,295096,18750,216925,0,0,29085,333166,0.039627,8692,89713,0.010671,29180,422879,0.050298,8407551
2,2021-01-21,41317,553338,17578,312674,23739,240664,0,0,36716,365506,0.043474,4565,94278,0.011213,36905,459784,0.054687,8407551
2,2021-01-22,39830,593168,16647,329321,23183,263847,0,0,36420,398525,0.047401,3428,97706,0.011621,36447,496231,0.059022,8407551
2,2021-01-23,24302,617470,10813,340134,13489,277336,0,0,21303,416883,0.049584,2977,100683,0.011975,21335,517566,0.06156,8407551
2,2021-01-24,12507,629977,6128,346262,6379,283715,0,0,11574,427559,0.050854,917,101600,0.012084,11593,529159,0.062939,8407551
2,2021-01-25,34164,664141,15720,361982,18444,302159,0,0,25225,444048,0.052815,8885,110485,0.013141,25374,554533,0.065957,8407551
2,2021-01-26,40609,704750,19858,381840,20751,322910,0,0,31259,466074,0.055435,9321,119806,0.01425,31347,585880,0.069685,8407551
2,2021-01-27,45957,750707,22775,404615,23182,346092,0,0,35468,491248,0.058429,10362,130168,0.015482,35536,621416,0.073912,8407551
2,2021-01-28,48357,799064,22573,427188,25784,371876,0,0,39499,522041,0.062092,8787,138955,0.016527,39580,660996,0.078619,8407551
2,2021-01-29,45963,845027,22128,449316,23835,395711,0,0,37076,550437,0.065469,8759,147714,0.017569,37155,698151,0.083039,8407551
2,2021-01-30,31518,876545,13355,462671,18163,413874,0,0,28073,575151,0.068409,3404,151118,0.017974,28118,726269,0.086383,8407551
2,2021-01-31,17319,893864,10237,472908,7082,420956,0,0,16092,590062,0.070182,1205,152323,0.018117,16116,742385,0.0883,8407551
2,2021-02-01,41607,935471,19923,492831,21684,442640,0,0,30342,609249,0.072465,11201,163524,0.01945,30388,772773,0.091914,8407551
2,2021-02-02,48239,983710,19617,512448,28622,471262,0,0,36577,634365,0.075452,11563,175087,0.020825,36679,809452,0.096277,8407551
2,2021-02-03,54351,1038061,23915,536363,30436,501698,0,0,39973,660166,0.078521,14274,189361,0.022523,40075,849527,0.101043,8407551
2,2021-02-04,56534,1094595,24262,560625,32272,533970,0,0,41107,686060,0.0816,15317,204678,0.024345,41211,890738,0.105945,8407551
2,2021-02-05,60606,1155201,26332,586957,34274,568244,0,0,40886,707643,0.084168,19501,224179,0.026664,41084,931822,0.110832,8407551
2,2021-02-06,39555,1194756,18443,605400,21112,589356,0,0,31451,731176,0.086967,8027,232206,0.027619,31560,963382,0.114585,8407551
2,2021-02-07,15774,1210530,10442,615842,5332,594688,0,0,11946,739401,0.087945,3794,236000,0.02807,12019,975401,0.116015,8407551
2,2021-02-08,43273,1253803,21942,637784,21331,616019,0,0,29593,755682,0.089881,13529,249529,0.029679,29810,1005211,0.11956,8407551
2,2021-02-09,49819,1303622,23519,661303,26300,642319,0,0,30737,768004,0.091347,18779,268308,0.031913,31101,1036312,0.12326,8407551
2,2021-02-10,59836,1363458,27987,689290,31849,674168,0,0,34481,777802,0.092512,25056,293364,0.034893,34854,1071166,0.127405,8407551
2,2021-02-11,64547,1428005,29659,718949,34888,709056,0,0,35900,785958,0.093482,28266,321630,0.038255,36422,1107588,0.131737,8407551
2,2021-02-12,65839,1493844,28289,747238,37550,746606,0,0,34942,790998,0.094082,30576,352206,0.041892,35616,1143204,0.135973,8407551
2,2021-02-13,38245,1532089,15936,763174,22309,768915,0,0,22019,797281,0.094829,16116,368322,0.043808,22399,1165603,0.138638,8407551
2,2021-02-14,20202,1552291,9406,772580,10796,779711,0,0,11212,799934,0.095145,8933,377255,0.044871,11586,1177189,0.140016,8407551
2,2021-02-15,33455,1585746,15062,787642,18393,798104,0,0,18528,804544,0.095693,14782,392037,0.046629,19392,1196581,0.142322,8407551
2,2021-02-16,56677,1642423,27754,815396,28923,827027,0,0,29778,808240,0.096133,26771,418808,0.049813,30467,1227048,0.145946,8407551
2,2021-02-17,62071,1704494,31919,847315,30152,857179,0,0,30760,808618,0.096178,31206,450014,0.053525,31584,1258632,0.149703,8407551
2,2021-02-18,66722,1771216,33628,880943,33094,890273,0,0,32422,808172,0.096125,34024,484038,0.057572,33578,1292210,0.153696,8407551
2,2021-02-19,60071,1831287,33220,914163,26851,917124,0,0,29772,808443,0.096157,30096,514134,0.061151,30367,1322577,0.157308,8407551
2,2021-02-20,38013,1869300,24638,938801,13375,930499,0,0,20605,812456,0.096634,17294,531428,0.063208,21307,1343884,0.159843,8407551
2,2021-02-21,21915,1891215,17709,956510,4206,934705,0,0,10803,813094,0.09671,11002,542430,0.064517,11640,1355524,0.161227,8407551
2,2021-02-22,39834,1931049,27212,983722,12622,947327,0,0,18868,811872,0.096565,20800,563230,0.066991,19578,1375102,0.163556,8407551
2,2021-02-23,54211,1985260,27665,1011387,26546,973873,0,0,23752,807360,0.096028,30179,593409,0.07058,25667,1400769,0.166608,8407551
2,2021-02-24,71595,2056855,36834,1048221,34761,1008634,0,0,32757,803923,0.095619,38605,632014,0.075172,35168,1435937,0.170791,8407551
2,2021-02-25,77603,2134458,36706,1084927,40897,1049531,0,0,39316,808101,0.096116,38000,670014,0.079692,42178,1478115,0.175808,8407551
2,2021-02-26,86230,2220688,36959,1121886,49271,1098802,0,0,46306,817024,0.097177,39592,709606,0.084401,48515,1526630,0.181578,8407551
2,2021-02-27,63158,2283846,29335,1151221,33815,1132617,8,8,34132,823736,0.097976,28773,738379,0.087823,35485,1562115,0.185799,8407551
2,2021-02-28,31109,2314955,18617,1169838,12491,1145108,1,9,18002,829623,0.098676,12971,751350,0.089366,18858,1580973,0.188042,8407551
2,2021-03-01,59266,2374221,30882,1200720,28309,1173417,75,84,32272,836557,0.099501,26654,778004,0.092536,33588,1614561,0.192037,8407551
2,2021-03-02,70907,2445128,34034,1234754,36858,1210275,15,99,39671,847577,0.100811,31038,809042,0.096228,42058,1656619,0.197039,8407551
2,2021-03-03,81968,2527096,39515,1274269,42434,1252709,19,118,46242,861002,0.102408,35489,844531,0.100449,48914,1705533,0.202857,8407551
2,2021-03-04,89776,2616872,43983,1318252,45760,1298469,33,151,51661,877257,0.104342,37850,882381,0.104951,54105,1759638,0.209293,8407551
2,2021-03-05,83394,2700266,39118,1357370,43956,1342425,320,471,50639,898111,0.106822,32507,914888,0.108817,53361,1812999,0.215639,8407551
2,2021-03-06,63579,2763845,31026,1388396,30839,1373264,1714,2185,38954,915730,0.108918,24481,939369,0.111729,42100,1855099,0.220647,8407551
2,2021-03-07,28822,2792667,16366,1404762,10910,1384174,1546,3731,18266,926186,0.110161,10479,949848,0.112976,20935,1876034,0.223137,8407551
2,2021-03-08,51156,2843823,23450,1428212,25129,1409303,2577,6308,32115,943595,0.112232,18919,968767,0.115226,36328,1912362,0.227458,8407551
2,2021-03-09,71074,2914897,32350,1460562,34850,1444153,3874,10182,39300,956486,0.113765,31621,1000388,0.118987,44512,1956874,0.232752,8407551
2,2021-03-10,79041,2993938,37371,1497933,35084,1479237,6586,16768,41892,969366,0.115297,36915,1037303,0.123378,49795,2006669,0.238675,8407551
2,2021-03-11,93719,3087657,43253,1541186,42063,1521300,8403,25171,48842,983437,0.116971,44547,1081850,0.128676,58618,2065287,0.245647,8407551
2,2021-03-12,94692,3182349,39000,1580186,43693,1564993,11999,37170,47092,996566,0.118532,47331,1129181,0.134306,60460,2125747,0.252838,8407551
2,2021-03-13,69535,3251884,29080,1609266,32432,1597425,8023,45193,38159,1012786,0.120461,31227,1160408,0.13802,47447,2173194,0.258481,8407551
2,2021-03-14,37148,3289032,18363,1627629,14261,1611686,4524,49717,18653,1018310,0.121119,18382,1178790,0.140206,23906,2197100,0.261325,8407551
2,2021-03-15,67794,3356826,30606,1658235,32164,1643850,5024,54741,37312,1031498,0.122687,30243,1209033,0.143803,43431,2240531,0.26649,8407551
2,2021-03-16,86759,3443585,38432,1696667,44293,1688143,4034,58775,52308,1054730,0.12545,34231,1243264,0.147875,57463,2297994,0.273325,8407551
2,2021-03-17,93338,3536923,44715,1741382,44411,1732554,4212,62987,59076,1084849,0.129033,33970,1277234,0.151915,64089,2362083,0.280948,8407551
2,2021-03-18,98657,3635580,47077,1788459,46968,1779522,4612,67599,59810,1111315,0.132181,38500,1315734,0.156494,64966,2427049,0.288675,8407551
2,2021-03-19,97956,3733536,46377,1834836,45414,1824936,6165,73764,57777,1135899,0.135105,39851,1355585,0.161234,64435,2491484,0.296339,8407551
2,2021-03-20,70365,3803901,34064,1868900,32302,1857238,3999,77763,45842,1161810,0.138186,24274,1379859,0.164121,50185,2541669,0.302308,8407551
2,2021-03-21,33746,3837647,21750,1890650,9989,1867227,2007,79770,20148,1170968,0.139276,13431,1393290,0.165719,22589,2564258,0.304995,8407551
2,2021-03-22,63221,3900868,34802,1925452,25776,1893003,2643,82413,41792,1195128,0.142149,21172,1414462,0.168237,45332,2609590,0.310386,8407551
2,2021-03-23,84319,3985187,44805,1970257,36584,1929587,2930,85343,52287,1219456,0.145043,31727,1446189,0.172011,56055,2665645,0.317054,8407551
2,2021-03-24,92323,4077510,49599,2019856,39541,1969128,3183,88526,53795,1239079,0.147377,38169,1484358,0.176551,57792,2723437,0.323928,8407551
2,2021-03-25,101948,4179458,51427,2071283,46619,2015747,3902,92428,57263,1256718,0.149475,44296,1528654,0.181819,61935,2785372,0.331294,8407551
2,2021-03-26,104072,4283530,51581,2122864,48991,2064738,3500,95928,56506,1270616,0.151128,47152,1575806,0.187427,61050,2846422,0.338555,8407551
2,2021-03-27,76102,4359632,37973,2160837,34812,2099550,3317,99245,37891,1274758,0.151621,37931,1613737,0.191939,42073,2888495,0.34356,8407551
2,2021-03-28,38002,4397634,23484,2184321,13707,2113257,811,100056,20225,1279009,0.152126,17636,1631373,0.194037,21887,2910382,0.346163,8407551
2,2021-03-29,72155,4469789,36649,2220970,33223,2146480,2283,102339,40738,1291835,0.153652,31180,1662553,0.197745,44006,2954388,0.351397,8407551
2,2021-03-30,92658,4562447,45381,2266351,42888,2189368,4389,106728,51758,1307941,0.155567,40669,1703222,0.202582,56775,3011163,0.35815,8407551
2,2021-03-31,101807,4664254,52482,2318833,44194,2233562,5131,111859,57512,1326999,0.157834,43960,1747182,0.207811,63018,3074181,0.365645,8407551
2,2021-04-01,118493,4782747,57226,2376059,51961,2285523,9306,121165,64260,1347192,0.160236,53775,1800957,0.214207,73968,3148149,0.374443,8407551
2,2021-04-02,112319,4895066,51733,2427792,50328,2335851,10258,131423,59971,1365949,0.162467,51924,1852881,0.220383,70681,3218830,0.38285,8407551
2,2021-04-03,77184,4972250,37931,2465723,29374,2365225,9879,141302,38180,1375597,0.163614,38781,1891662,0.224996,48429,3267259,0.38861,8407551
2,2021-04-04,29121,5001371,14987,2480710,10256,2375481,3878,145180,13048,1376591,0.163733,15957,1907619,0.226894,16951,3284210,0.390626,8407551
2,2021-04-05,79653,5081024,39013,2519723,31745,2407226,8895,154075,38355,1383479,0.164552,41103,1948722,0.231782,47991,3332201,0.396334,8407551
2,2021-04-06,104471,5185495,50888,2570611,38819,2446045,14764,168839,49413,1393295,0.165719,54762,2003484,0.238296,64578,3396779,0.404015,8407551
2,2021-04-07,111200,5296695,55485,2626096,39379,2485424,16336,185175,52174,1403319,0.166912,58710,2062194,0.245279,68734,3465513,0.412191,8407551
2,2021-04-08,119888,5416583,57707,2683803,43347,2528771,18834,204009,55591,1414349,0.168224,63912,2126106,0.252881,74942,3540455,0.421104,8407551
2,2021-04-09,119426,5536009,57429,2741232,43767,2572538,18230,222239,56406,1427170,0.169749,62625,2188731,0.260329,75446,3615901,0.430078,8407551
2,2021-04-10,87925,5623934,37915,2779147,31510,2604048,18500,240739,36195,1431057,0.170211,51457,2240188,0.26645,55344,3671245,0.43666,8407551
2,2021-04-11,44631,5668565,23147,2802294,12981,2617029,8503,249242,18252,1432296,0.170358,26223,2266411,0.269569,27462,3698707,0.439927,8407551
2,2021-04-12,80475,5749040,37456,2839750,33543,2650572,9476,258718,35797,1434155,0.170579,44390,2310801,0.274848,46249,3744956,0.445428,8407551
2,2021-04-13,102306,5851346,53107,2892857,48931,2699503,268,258986,55892,1445091,0.17188,46119,2356920,0.280334,57055,3802011,0.452214,8407551
2,2021-04-14,107203,5958549,56165,2949022,50978,2750481,60,259046,54649,1449012,0.172347,52227,2409147,0.286546,56148,3858159,0.458892,8407551
2,2021-04-15,113558,6072107,60256,3009278,53206,2803687,96,259142,59130,1455301,0.173095,54012,2463159,0.29297,60301,3918460,0.466064,8407551
2,2021-04-16,111183,6183290,57639,3066917,53485,2857172,59,259201,56350,1458108,0.173428,54457,2517616,0.299447,57264,3975724,0.472875,8407551
2,2021-04-17,83802,6267092,42631,3109548,41156,2898328,15,259216,46746,1468950,0.174718,36789,2554405,0.303823,47631,4023355,0.478541,8407551
2,2021-04-18,36033,6303125,21890,3131438,14132,2912460,11,259227,17062,1468192,0.174628,18825,2573230,0.306062,18067,4041422,0.48069,8407551
2,2021-04-19,75099,6378224,40436,3171874,34644,2947104,19,259246,34062,1462136,0.173907,40750,2613980,0.310909,34694,4076116,0.484816,8407551
2,2021-04-20,97823,6476047,49484,3221358,48311,2995415,28,259274,47176,1459808,0.173631,50280,2664260,0.316889,47952,4124068,0.49052,8407551
2,2021-04-21,104275,6580322,56474,3277832,47732,3043147,69,259343,49154,1455396,0.173106,54615,2718875,0.323385,50203,4174271,0.496491,8407551
2,2021-04-22,108759,6689081,56269,3334101,52462,3095609,28,259371,47530,1443062,0.171639,60772,2779647,0.330613,48438,4222709,0.502252,8407551
2,2021-04-23,108356,6797437,57689,3391790,50648,3146257,19,259390,49977,1436047,0.170804,57940,2837587,0.337505,50925,4273634,0.508309,8407551
2,2021-04-24,81229,6878666,47822,3439612,33364,3179621,43,259433,42226,1440630,0.17135,38631,2876218,0.342099,43214,4316848,0.513449,8407551
2,2021-04-25,36705,6915371,22599,3462211,14090,3193711,16,259449,19941,1444455,0.171804,16607,2892825,0.344075,20432,4337280,0.515879,8407551
2,2021-04-26,74582,6989953,41336,3503547,32931,3226642,315,259764,34169,1440272,0.171307,40121,2932946,0.348847,35938,4373218,0.520154,8407551
2,2021-04-27,88641,7078594,46794,3550341,40474,3267116,1373,261137,37934,1430518,0.170147,50308,2983254,0.35483,40554,4413772,0.524977,8407551
2,2021-04-28,88613,7167207,47383,3597724,39349,3306465,1881,263018,39000,1423066,0.16926,49253,3032507,0.360689,41801,4455573,0.529949,8407551
2,2021-04-29,91585,7258792,49902,3647626,39963,3346428,1720,264738,35499,1405214,0.167137,55675,3088182,0.367311,37823,4493396,0.534448,8407551
2,2021-04-30,95243,7354035,52630,3700256,40602,3387030,2011,266749,36937,1387001,0.164971,57816,3145998,0.374187,39603,4532999,0.539158,8407551
2,2021-05-01,62943,7416978,38394,3738650,22946,3409976,1603,268352,24525,1375909,0.163652,38072,3184070,0.378716,26980,4559979,0.542367,8407551
2,2021-05-02,29390,7446368,20461,3759111,7952,3417928,977,269329,11154,1370039,0.162953,18091,3202161,0.380867,12221,4572200,0.543821,8407551
2,2021-05-03,60869,7507237,36153,3795264,22648,3440576,2068,271397,20417,1352622,0.160882,40163,3242324,0.385644,22746,4594946,0.546526,8407551
2,2021-05-04,80310,7587547,47954,3843218,29948,3470524,2408,273805,26024,1327529,0.157897,53915,3296239,0.392057,28822,4623768,0.549954,8407551
2,2021-05-05,80938,7668485,48226,3891444,30348,3500872,2364,276169,25286,1300306,0.154659,55243,3351482,0.398628,28020,4651788,0.553287,8407551
2,2021-05-06,83349,7751834,50623,3942067,29791,3530663,2935,279104,25358,1271744,0.151262,57487,3408969,0.405465,28925,4680713,0.556727,8407551
2,2021-05-07,84090,7835924,48549,3990616,33109,3563772,2432,281536,25846,1242640,0.1478,57834,3466803,0.412344,28730,4709443,0.560144,8407551
2,2021-05-08,55914,7891838,33922,4024538,20265,3584037,1727,283263,17479,1224386,0.145629,38189,3504992,0.416886,19935,4729378,0.562516,8407551
2,2021-05-09,21926,7913764,15789,4040327,5387,3589424,750,284013,6338,1216211,0.144657,15493,3520485,0.418729,7318,4736696,0.563386,8407551
2,2021-05-10,50478,7964242,27520,4067847,21069,3610493,1889,285902,14217,1196932,0.142364,35987,3556472,0.423009,16708,4753404,0.565373,8407551
2,2021-05-11,66610,8030852,36115,4103962,28357,3638850,2138,288040,20038,1173549,0.139583,46249,3602721,0.42851,22866,4776270,0.568093,8407551
2,2021-05-12,65519,8096371,34921,4138883,28358,3667208,2240,290280,19251,1149508,0.136723,45944,3648665,0.433975,21903,4798173,0.570698,8407551
2,2021-05-13,71344,8167715,41453,4180336,27935,3695143,1956,292236,26072,1133313,0.134797,44962,3693627,0.439323,28767,4826940,0.57412,8407551
2,2021-05-14,80300,8248015,48146,4228482,29877,3725020,2277,294513,30828,1117968,0.132972,49091,3742718,0.445161,33746,4860686,0.578133,8407551
2,2021-05-15,66814,8314829,43896,4272378,21196,3746216,1722,296235,25901,1105345,0.131471,40648,3783366,0.449996,28025,4888711,0.581467,8407551
2,2021-05-16,31808,8346637,23802,4296180,7079,3753295,927,297162,12940,1100619,0.130908,18725,3802091,0.452223,13999,4902710,0.583132,8407551
2,2021-05-17,58259,8404896,36923,4333103,19374,3772669,1962,299124,22942,1090830,0.129744,35058,3837149,0.456393,25269,4927979,0.586137,8407551
2,2021-05-18,70437,8475333,41218,4374321,27247,3799916,1972,301096,27931,1079055,0.128344,42218,3879367,0.461415,30443,4958422,0.589758,8407551
2,2021-05-19,69184,8544517,40938,4415259,26224,3826140,2022,303118,27346,1067381,0.126955,41513,3920880,0.466352,29839,4988261,0.593307,8407551
2,2021-05-20,69918,8614435,40581,4455840,27141,3853281,2196,305314,26589,1053787,0.125338,42979,3963859,0.471464,29385,5017646,0.596802,8407551
2,2021-05-21,73496,8687931,43409,4499249,27915,3881196,2172,307486,27927,1039254,0.12361,45194,4009053,0.47684,30661,5048307,0.600449,8407551
2,2021-05-22,53894,8741825,34226,4533475,17893,3899089,1775,309261,22490,1032898,0.122854,31161,4040214,0.480546,24805,5073112,0.603399,8407551
2,2021-05-23,24458,8766283,16687,4550162,7045,3906134,726,309987,10254,1029944,0.122502,14075,4054289,0.48222,11121,5084233,0.604722,8407551
2,2021-05-24,45202,8811485,25710,4575872,17708,3923842,1784,311771,17373,1021853,0.12154,27589,4081878,0.485501,19498,5103731,0.607041,8407551
2,2021-05-25,51076,8862561,29932,4605804,19271,3943113,1873,313644,19402,1012306,0.120404,31361,4113239,0.489232,21814,5125545,0.609636,8407551
2,2021-05-26,48858,8911419,27381,4633185,19789,3962902,1688,315332,19066,1003947,0.11941,29453,4142692,0.492735,21094,5146639,0.612145,8407551
2,2021-05-27,46644,8958063,26446,4659631,18461,3981363,1737,317069,18588,996972,0.118581,27804,4170496,0.496042,20829,5167468,0.614622,8407551
2,2021-05-28,50214,9008277,27767,4687398,20469,4001832,1978,319047,21031,991495,0.117929,28921,4199417,0.499482,23444,5190912,0.617411,8407551
2,2021-05-29,29046,9037323,17404,4704802,10581,4012413,1061,320108,13238,990327,0.11779,15645,4215062,0.501342,14477,5205389,0.619133,8407551
2,2021-05-30,12692,9050015,8181,4712983,3743,4016156,768,320876,5530,989592,0.117703,7099,4222161,0.502187,6364,5211753,0.61989,8407551
2,2021-05-31,5912,9055927,3459,4716442,2149,4018305,304,321180,1838,987769,0.117486,4013,4226174,0.502664,2190,5213943,0.62015,8407551
2,2021-06-01,44864,9100791,25760,4742202,17439,4035744,1665,322845,15586,976437,0.116138,28953,4255127,0.506108,17621,5231564,0.622246,8407551
2,2021-06-02,38278,9139069,22511,4764713,14348,4050092,1419,324264,14953,970055,0.115379,23054,4278181,0.50885,16672,5248236,0.624229,8407551
2,2021-06-03,41410,9180479,26660,4791373,13275,4063367,1475,325739,13902,958559,0.114012,27259,4305440,0.512092,15763,5263999,0.626104,8407551
2,2021-06-04,48084,9228563,31419,4822792,15119,4078486,1546,327285,15476,943807,0.112257,32297,4337737,0.515933,17545,5281544,0.628191,8407551
2,2021-06-05,37929,9266492,27059,4849851,9401,4087887,1469,328754,11779,931567,0.110801,25912,4363649,0.519015,13672,5295216,0.629817,8407551
2,2021-06-06,14944,9281436,12263,4862114,2102,4089989,579,329333,4650,926761,0.11023,10228,4373877,0.520232,5422,5300638,0.630462,8407551
2,2021-06-07,33322,9314758,23311,4885425,8732,4098721,1279,330612,10810,916734,0.109037,22356,4396233,0.522891,12329,5312967,0.631928,8407551
2,2021-06-08,40653,9355411,28775,4914200,10510,4109231,1368,331980,12449,902980,0.107401,27955,4424188,0.526216,14201,5327168,0.633617,8407551
2,2021-06-09,38164,9393575,26643,4940843,10022,4119253,1499,333479,11523,889883,0.105843,26445,4450633,0.529361,13348,5340516,0.635205,8407551
2,2021-06-10,37793,9431368,26282,4967125,9980,4129233,1531,335010,11563,877418,0.104361,26034,4476667,0.532458,13569,5354085,0.636819,8407551
2,2021-06-11,41287,9472655,27409,4994534,12207,4141440,1671,336681,13166,864703,0.102848,27855,4504522,0.535771,15140,5369225,0.638619,8407551
2,2021-06-12,29508,9502163,21727,5016261,6867,4148307,914,337595,8648,853781,0.101549,20717,4525239,0.538235,9795,5379020,0.639784,8407551
2,2021-06-13,12223,9514386,8926,5025187,2679,4150986,618,338213,3094,848596,0.100933,9065,4534304,0.539313,3880,5382900,0.640246,8407551
2,2021-06-14,29918,9544304,21230,5046417,7489,4158475,1199,339412,10310,840871,0.100014,19438,4553742,0.541625,11713,5394613,0.641639,8407551
2,2021-06-15,35593,9579897,23690,5070107,9853,4168328,2050,341462,11940,831837,0.098939,23404,4577146,0.544409,14370,5408983,0.643348,8407551
2,2021-06-16,33023,9612920,22794,5092901,8431,4176759,1798,343260,11372,823841,0.097988,21480,4598626,0.546964,13484,5422467,0.644952,8407551
2,2021-06-17,30861,9643781,20621,5113522,8438,4185197,1802,345062,10893,816951,0.097169,19794,4618420,0.549318,12904,5435371,0.646487,8407551
2,2021-06-18,34783,9678564,22931,5136453,9975,4195172,1877,346939,12644,809807,0.096319,21918,4640338,0.551925,14774,5450145,0.648244,8407551
2,2021-06-19,20971,9699535,14612,5151065,5101,4200273,1258,348197,7927,806310,0.095903,12880,4653218,0.553457,9383,5459528,0.64936,8407551
2,2021-06-20,8296,9707831,5931,5156996,1900,4202173,465,348662,3065,804722,0.095714,5188,4658406,0.554074,3600,5463128,0.649788,8407551
2,2021-06-21,19345,9727176,11841,5168837,6183,4208356,1321,349983,9879,806760,0.095957,9345,4667751,0.555186,11383,5474511,0.651142,8407551
2,2021-06-22,26906,9754082,18436,5187273,7090,4215446,1380,351363,10542,802763,0.095481,16193,4683944,0.557112,12196,5486707,0.652593,8407551
2,2021-06-23,25931,9780013,17897,5205170,6406,4221852,1628,352991,10558,800012,0.095154,15231,4699175,0.558923,12480,5499187,0.654077,8407551
2,2021-06-24,25352,9805365,17259,5222429,6572,4228424,1521,354512,10450,797464,0.094851,14752,4713927,0.560678,12204,5511391,0.655529,8407551
2,2021-06-25,28759,9834124,19490,5241919,7774,4236198,1495,356007,11999,794597,0.09451,16600,4730527,0.562652,13733,5525124,0.657162,8407551
2,2021-06-26,18656,9852780,13730,5255649,3995,4240193,931,356938,7606,792431,0.094252,10960,4741487,0.563956,8794,5533918,0.658208,8407551
2,2021-06-27,8799,9861579,6719,5262368,1632,4241825,448,357386,3525,791307,0.094119,5221,4746708,0.564577,4097,5538015,0.658695,8407551
2,2021-06-28,19800,9881379,15039,5277407,3516,4245341,1245,358631,8719,790511,0.094024,10951,4757659,0.565879,10155,5548170,0.659903,8407551
2,2021-06-29,22775,9904154,15850,5293257,5851,4251192,1074,359705,9731,788644,0.093802,12905,4770564,0.567414,11038,5559208,0.661216,8407551
2,2021-06-30,22006,9926160,15593,5308850,5389,4256581,1024,360729,9796,787627,0.093681,12066,4782630,0.568849,11049,5570257,0.66253,8407551
2,2021-07-01,19887,9946047,14039,5322889,4960,4261541,888,361617,8823,786607,0.09356,10934,4793564,0.57015,9914,5580171,0.663709,8407551
2,2021-07-02,22863,9968910,15755,5338644,6082,4267623,1026,362643,10117,785366,0.093412,12586,4806150,0.571647,11345,5591516,0.665059,8407551
2,2021-07-03,12542,9981452,9029,5347673,3038,4270661,475,363118,5725,784967,0.093365,6720,4812870,0.572446,6321,5597837,0.665811,8407551
2,2021-07-04,1013,9982465,596,5348269,350,4271011,67,363185,434,784923,0.093359,568,4813438,0.572514,524,5598361,0.665873,8407551
2,2021-07-05,11060,9993525,8095,5356364,2556,4273567,409,363594,5062,784589,0.09332,5932,4819370,0.573219,5598,5603959,0.666539,8407551
2,2021-07-06,23694,10017219,17217,5373581,5497,4279064,980,364574,9166,780627,0.092848,14379,4833749,0.574929,10417,5614376,0.667778,8407551
2,2021-07-07,20556,10037775,14656,5388237,4800,4283864,1100,365674,8735,779043,0.09266,11681,4845430,0.576319,10097,5624473,0.668979,8407551
2,2021-07-08,19161,10056936,13341,5401578,4779,4288643,1041,366715,8070,777370,0.092461,10987,4856417,0.577626,9314,5633787,0.670087,8407551
2,2021-07-09,22464,10079400,15551,5417129,5662,4294305,1251,367966,9491,775474,0.092235,12836,4869253,0.579152,10940,5644727,0.671388,8407551
2,2021-07-10,14262,10093662,10510,5427639,3067,4297372,685,368651,6258,774666,0.092139,7910,4877163,0.580093,7102,5651829,0.672232,8407551
2,2021-07-11,6546,10100208,4809,5432448,1388,4298760,349,369000,3075,774734,0.092147,3427,4880590,0.580501,3495,5655324,0.672648,8407551
2,2021-07-12,18156,10118364,13345,5445793,3941,4302701,870,369870,7803,773366,0.091985,10240,4890830,0.581719,8872,5664196,0.673703,8407551
2,2021-07-13,19478,10137842,13743,5459536,4854,4307555,881,370751,8707,772519,0.091884,10629,4901459,0.582983,9782,5673978,0.674867,8407551
2,2021-07-14,18645,10156487,13303,5472839,4558,4312113,784,371535,8324,771643,0.09178,10194,4911653,0.584195,9318,5683296,0.675975,8407551
2,2021-07-15,18766,10175253,13615,5486454,4458,4316571,693,372228,8533,770966,0.091699,10118,4921771,0.585399,9441,5692737,0.677098,8407551
2,2021-07-16,22774,10198027,16374,5502828,5572,4322143,828,373056,10928,771210,0.091728,11715,4933486,0.586792,11959,5704696,0.678521,8407551
2,2021-07-17,14332,10212359,10428,5513256,3371,4325514,533,373589,6911,771457,0.091758,7331,4940817,0.587664,7578,5712274,0.679422,8407551
2,2021-07-18,6975,10219334,5211,5518467,1436,4326950,328,373917,3531,771983,0.09182,3401,4944218,0.588069,3927,5716201,0.679889,8407551
2,2021-07-19,18362,10237696,13683,5532150,3940,4330890,739,374656,9120,772900,0.091929,9125,4953343,0.589154,10042,5726243,0.681083,8407551
2,2021-07-20,20815,10258511,14813,5546963,5166,4336056,836,375492,10548,774367,0.092104,10135,4963478,0.59036,11602,5737845,0.682463,8407551
2,2021-07-21,20316,10278827,14772,5561735,4779,4340835,765,376257,10528,776191,0.092321,9664,4973142,0.591509,11488,5749333,0.68383,8407551
2,2021-07-22,20240,10299067,14457,5576192,4933,4345768,850,377107,10820,778758,0.092626,9277,4982419,0.592612,11844,5761177,0.685238,8407551
2,2021-07-23,24305,10323372,17016,5593208,6245,4352013,1044,378151,13236,782325,0.09305,10912,4993331,0.59391,14479,5775656,0.686961,8407551
2,2021-07-24,14756,10338128,10629,5603837,3634,4355647,493,378644,8249,784781,0.093342,6400,4999731,0.594672,8856,5784512,0.688014,8407551
2,2021-07-25,6651,10344779,4891,5608728,1623,4357270,137,378781,4918,788185,0.093747,1690,5001421,0.594873,5094,5789606,0.68862,8407551
2,2021-07-26,18915,10363694,13346,5622074,4799,4362069,770,379551,11987,794256,0.094469,6812,5008233,0.595683,12883,5802489,0.690152,8407551
2,2021-07-27,22742,10386436,16461,5638535,5430,4367499,851,380402,13337,799344,0.095075,9250,5017483,0.596783,14338,5816827,0.691857,8407551
2,2021-07-28,22529,10408965,16098,5654633,5532,4373031,899,381301,13322,804703,0.095712,9044,5026527,0.597859,14403,5831230,0.693571,8407551
2,2021-07-29,21339,10430304,15293,5669926,5131,4378162,915,382216,12893,810355,0.096384,8304,5034831,0.598846,13956,5845186,0.695231,8407551
2,2021-07-30,26139,10456443,18615,5688541,6573,4384735,951,383167,15653,816867,0.097159,10294,5045125,0.600071,16806,5861992,0.697229,8407551
2,2021-07-31,15699,10472142,11570,5700111,3622,4388357,507,383674,9499,820932,0.097642,6074,5051199,0.600793,10139,5872131,0.698435,8407551
2,2021-08-01,8018,10480160,6172,5706283,1677,4390034,169,383843,5261,823726,0.097975,2698,5053897,0.601114,5492,5877623,0.699089,8407551
2,2021-08-02,21203,10501363,15950,5722233,4501,4394535,752,384595,13455,830441,0.098773,7606,5061503,0.602019,14321,5891944,0.700792,8407551
2,2021-08-03,23983,10525346,17477,5739710,5501,4400036,1005,385600,14928,837592,0.099624,8910,5070413,0.603078,16061,5908005,0.702702,8407551
2,2021-08-04,22601,10547947,16732,5756442,5007,4405043,862,386462,14074,844238,0.100414,8387,5078800,0.604076,15033,5923038,0.70449,8407551
2,2021-08-05,22949,10570896,16849,5773291,5205,4410248,895,387357,14203,850874,0.101204,8575,5087375,0.605096,15211,5938249,0.706299,8407551
2,2021-08-06,27508,10598404,20146,5793437,6390,4416638,972,388329,16771,858189,0.102074,10551,5097926,0.606351,17866,5956115,0.708424,8407551
2,2021-08-07,16821,10615225,12492,5805929,3742,4420380,587,388916,10340,862823,0.102625,6373,5104299,0.607109,11007,5967122,0.709734,8407551
2,2021-08-08,9357,10624582,7086,5813015,2043,4422423,228,389144,5858,865537,0.102948,3414,5107713,0.607515,6128,5973250,0.710463,8407551
2,2021-08-09,23129,10647711,17761,5830776,4619,4427042,749,389893,14022,871485,0.103655,8951,5116664,0.60858,14899,5988149,0.712235,8407551
2,2021-08-10,24209,10671920,17854,5848630,5522,4432564,833,390726,14249,876920,0.104301,9786,5126450,0.609744,15221,6003370,0.714045,8407551
2,2021-08-11,21786,10693706,16267,5864897,4633,4437197,886,391612,12673,881626,0.104861,8944,5135394,0.610807,13650,6017020,0.715669,8407551
2,2021-08-12,23595,10717301,16907,5881804,5666,4442863,1022,392634,13772,886903,0.105489,9615,5145009,0.611951,14892,6031912,0.71744,8407551
2,2021-08-13,29320,10746621,21225,5903029,7096,4449959,999,393633,16966,892994,0.106213,12004,5157013,0.613379,18095,6050007,0.719592,8407551
2,2021-08-14,18555,10765176,13679,5916708,4383,4454342,493,394126,10431,896505,0.106631,7547,5164560,0.614276,11058,6061065,0.720907,8407551
2,2021-08-15,9677,10774853,7258,5923966,2237,4456579,182,394308,5314,898126,0.106824,3945,5168505,0.614746,5566,6066631,0.721569,8407551
2,2021-08-16,24135,10798988,17114,5941080,6212,4462791,809,395117,12595,901345,0.107207,10329,5178834,0.615974,13548,6080179,0.723181,8407551
2,2021-08-17,11155,10810143,8047,5949127,2331,4465122,777,395894,5449,902272,0.107317,5392,5184226,0.616615,6319,6086498,0.723932,8407551
3,2020-12-15,340,340,340,340,0,0,0,0,340,340,4.2e-05,0,0,0.0,340,340,4.2e-05,8129050
3,2020-12-16,2513,2853,2513,2853,0,0,0,0,2514,2854,0.000351,0,0,0.0,2514,2854,0.000351,8129050
3,2020-12-17,7930,10783,7930,10783,0,0,0,0,7930,10784,0.001327,0,0,0.0,7930,10784,0.001327,8129050
3,2020-12-18,13551,24334,13530,24313,21,21,0,0,13548,24332,0.002993,0,0,0.0,13548,24332,0.002993,8129050
3,2020-12-19,7278,31612,7265,31578,13,34,0,0,7341,31673,0.003896,0,0,0.0,7341,31673,0.003896,8129050
3,2020-12-20,5681,37293,5668,37246,13,47,0,0,5728,37400,0.004601,1,1,0.0,5728,37401,0.004601,8129050
3,2020-12-21,14446,51739,14418,51664,28,75,0,0,14510,51909,0.006386,1,2,0.0,14510,51911,0.006386,8129050
3,2020-12-22,14924,66663,14327,65991,597,672,0,0,14961,66867,0.008226,3,5,1e-06,14961,66872,0.008226,8129050
3,2020-12-23,14961,81624,12323,78314,2638,3310,0,0,14977,81843,0.010068,2,7,1e-06,14978,81850,0.010069,8129050
3,2020-12-24,6826,88450,4887,83201,1939,5249,0,0,6823,88664,0.010907,2,9,1e-06,6823,88673,0.010908,8129050
3,2020-12-25,735,89185,674,83875,61,5310,0,0,732,89396,0.010997,0,9,1e-06,732,89405,0.010998,8129050
3,2020-12-26,4652,93837,3015,86890,1637,6947,0,0,4650,94046,0.011569,0,9,1e-06,4650,94055,0.01157,8129050
3,2020-12-27,3020,96857,1868,88758,1152,8099,0,0,3020,97066,0.011941,0,9,1e-06,3020,97075,0.011942,8129050
3,2020-12-28,13767,110624,8806,97564,4961,13060,0,0,13791,110856,0.013637,1,10,1e-06,13791,110866,0.013638,8129050
3,2020-12-29,15427,126051,8747,106311,6680,19740,0,0,15453,126307,0.015538,2,12,1e-06,15453,126319,0.015539,8129050
3,2020-12-30,18406,144457,10324,116635,8082,27822,0,0,18412,144718,0.017803,2,14,2e-06,18413,144732,0.017804,8129050
3,2020-12-31,8515,152972,3262,119897,5253,33075,0,0,8515,153231,0.01885,2,16,2e-06,8515,153247,0.018852,8129050
3,2021-01-01,1813,154785,868,120765,945,34020,0,0,1808,155038,0.019072,1,17,2e-06,1808,155055,0.019074,8129050
3,2021-01-02,4981,159766,2445,123210,2536,36556,0,0,4980,160018,0.019685,0,17,2e-06,4980,160035,0.019687,8129050
3,2021-01-03,1635,161401,861,124071,774,37330,0,0,1626,161642,0.019884,2,19,2e-06,1626,161661,0.019887,8129050
3,2021-01-04,12163,173564,6043,130114,6120,43450,0,0,12133,173767,0.021376,8,27,3e-06,12133,173794,0.021379,8129050
3,2021-01-05,15881,189445,8239,138353,7642,51092,0,0,14177,186291,0.022917,1686,1713,0.000211,14210,188004,0.023127,8129050
3,2021-01-06,20756,210201,11006,149359,9750,60842,0,0,16133,197862,0.02434,4574,6287,0.000773,16145,204149,0.025114,8129050
3,2021-01-07,26817,237018,15353,164712,11464,72306,0,0,17258,205619,0.025294,9520,15807,0.001945,17277,221426,0.027239,8129050
3,2021-01-08,30877,267895,18886,183598,11991,84297,0,0,18283,211360,0.026001,12569,28376,0.003491,18310,239736,0.029491,8129050
3,2021-01-09,12528,280423,7075,190673,5453,89750,0,0,7987,214822,0.026426,4534,32910,0.004048,7996,247732,0.030475,8129050
3,2021-01-10,7273,287696,4512,195185,2761,92511,0,0,4099,215756,0.026541,3172,36082,0.004439,4106,251838,0.03098,8129050
3,2021-01-11,29338,317034,19209,214394,10129,102640,0,0,16613,219705,0.027027,12715,48797,0.006003,16664,268502,0.03303,8129050
3,2021-01-12,32820,349854,19586,233980,13234,115874,0,0,20103,227267,0.027957,12693,61490,0.007564,20255,288757,0.035522,8129050
3,2021-01-13,34802,384656,18175,252155,16627,132501,0,0,24503,241522,0.029711,10279,71769,0.008829,24534,313291,0.03854,8129050
3,2021-01-14,34968,419624,14296,266451,20672,153173,0,0,29005,264646,0.032556,5921,77690,0.009557,29045,342336,0.042113,8129050
3,2021-01-15,39272,458896,14560,281011,24712,177885,0,0,34528,294532,0.036232,4719,82409,0.010138,34605,376941,0.04637,8129050
3,2021-01-16,22022,480918,7507,288518,14515,192400,0,0,19637,311819,0.038359,2373,84782,0.01043,19660,396601,0.048788,8129050
3,2021-01-17,13208,494126,4494,293012,8714,201114,0,0,12114,322857,0.039716,1093,85875,0.010564,12131,408732,0.05028,8129050
3,2021-01-18,24960,519086,13044,306056,11916,213030,0,0,19261,336480,0.041392,5687,91562,0.011264,19310,428042,0.052656,8129050
3,2021-01-19,41518,560604,21105,327161,20413,233443,0,0,32102,359297,0.044199,9377,100939,0.012417,32194,460236,0.056616,8129050
3,2021-01-20,46495,607099,23146,350307,23349,256792,0,0,36796,386531,0.047549,9649,110588,0.013604,36883,497119,0.061153,8129050
3,2021-01-21,48469,655568,21030,371337,27439,284231,0,0,42835,423884,0.052144,5566,116154,0.014289,42919,540038,0.066433,8129050
3,2021-01-22,50112,705680,19962,391299,30150,314381,0,0,45806,465489,0.057262,4275,120429,0.014815,45880,585918,0.072077,8129050
3,2021-01-23,30621,736301,12866,404165,17755,332136,0,0,27295,489528,0.06022,3316,123745,0.015223,27355,613273,0.075442,8129050
3,2021-01-24,18072,754373,8528,412693,9544,341680,0,0,16875,505241,0.062153,1193,124938,0.015369,16906,630179,0.077522,8129050
3,2021-01-25,41203,795576,18363,431056,22840,364520,0,0,31080,526324,0.064746,10093,135031,0.016611,31176,661355,0.081357,8129050
3,2021-01-26,47669,843245,22757,453813,24912,389432,0,0,37327,553452,0.068083,10309,145340,0.017879,37437,698792,0.085962,8129050
3,2021-01-27,51920,895165,24691,478504,27229,416661,0,0,41104,583895,0.071828,10744,156084,0.019201,41187,739979,0.091029,8129050
3,2021-01-28,52549,947714,24357,502861,28192,444853,0,0,43476,618449,0.076079,8984,165068,0.020306,43538,783517,0.096385,8129050
3,2021-01-29,51591,999305,24672,527533,26919,471772,0,0,41701,650492,0.080021,9708,174776,0.0215,41751,825268,0.101521,8129050
3,2021-01-30,37833,1037138,17816,545349,20017,491789,0,0,33077,678963,0.083523,4700,179476,0.022078,33171,858439,0.105601,8129050
3,2021-01-31,22866,1060004,12845,558194,10021,501810,0,0,21423,698985,0.085986,1425,180901,0.022254,21447,879886,0.10824,8129050
3,2021-02-01,46515,1106519,21259,579453,25256,527066,0,0,35433,723441,0.088995,11019,191920,0.023609,35475,915361,0.112604,8129050
3,2021-02-02,54923,1161442,22916,602369,32007,559073,0,0,42330,753338,0.092672,12488,204408,0.025145,42385,957746,0.117818,8129050
3,2021-02-03,60456,1221898,26847,629216,33609,592682,0,0,44932,782959,0.096316,15387,219795,0.027038,45008,1002754,0.123354,8129050
3,2021-02-04,64857,1286755,28088,657304,36769,629451,0,0,47478,813384,0.100059,17180,236975,0.029152,47605,1050359,0.129211,8129050
3,2021-02-05,71092,1357847,29920,687224,41172,670623,0,0,49153,841028,0.10346,21694,258669,0.03182,49338,1099697,0.13528,8129050
3,2021-02-06,43924,1401771,21053,708277,22871,693494,0,0,34190,865724,0.106498,9685,268354,0.033012,34381,1134078,0.139509,8129050
3,2021-02-07,19893,1421664,12654,720931,7239,700733,0,0,15268,876514,0.107825,4606,272960,0.033578,15396,1149474,0.141403,8129050
3,2021-02-08,51893,1473557,25054,745985,26839,727572,0,0,33988,892938,0.109845,17764,290724,0.035764,34188,1183662,0.145609,8129050
3,2021-02-09,59148,1532705,28657,774642,30491,758063,0,0,34548,903523,0.111147,24318,315042,0.038755,34903,1218565,0.149903,8129050
3,2021-02-10,68803,1601508,32036,806678,36767,794830,0,0,36848,909248,0.111852,31649,346691,0.042648,37374,1255939,0.1545,8129050
3,2021-02-11,71225,1672733,34987,841665,36238,831068,0,0,37794,914526,0.112501,33073,379764,0.046717,38351,1294290,0.159218,8129050
3,2021-02-12,76026,1748759,32771,874436,43255,874323,0,0,41836,923266,0.113576,33875,413639,0.050884,42615,1336905,0.16446,8129050
3,2021-02-13,45483,1794242,20602,895038,24881,899204,0,0,26057,930608,0.114479,19305,432944,0.053259,26647,1363552,0.167738,8129050
3,2021-02-14,27580,1821822,13756,908794,13824,913028,0,0,15290,934145,0.114914,12222,445166,0.054762,15759,1379311,0.169677,8129050
3,2021-02-15,40515,1862337,17458,926252,23057,936085,0,0,22347,939398,0.115561,18051,463217,0.056983,23304,1402615,0.172544,8129050
3,2021-02-16,70802,1933139,33501,959753,37301,973386,0,0,36672,943142,0.116021,33980,497197,0.061163,37724,1440339,0.177184,8129050
3,2021-02-17,72632,2005771,36674,996427,35958,1009344,0,0,34363,940556,0.115703,38021,535218,0.06584,35435,1475774,0.181543,8129050
3,2021-02-18,77768,2083539,40599,1037026,37169,1046513,0,0,35861,936081,0.115153,41692,576910,0.070969,37217,1512991,0.186122,8129050
3,2021-02-19,69840,2153379,40246,1077272,29594,1076107,0,0,35182,937463,0.115323,34483,611393,0.075211,35865,1548856,0.190533,8129050
3,2021-02-20,43460,2196839,27415,1104687,16045,1092152,0,0,22587,939837,0.115615,20747,632140,0.077763,23121,1571977,0.193378,8129050
3,2021-02-21,24462,2221301,19638,1124325,4824,1096976,0,0,11791,939480,0.115571,12565,644705,0.079309,12208,1584185,0.194879,8129050
3,2021-02-22,47925,2269226,31201,1155526,16724,1113700,0,0,22411,937040,0.115271,25354,670059,0.082428,22914,1607099,0.197698,8129050
3,2021-02-23,64035,2333261,34789,1190315,29246,1142946,0,0,27877,931023,0.11453,35908,705967,0.086845,29891,1636990,0.201375,8129050
3,2021-02-24,80229,2413490,39410,1229725,40819,1183765,0,0,35312,924236,0.113695,44648,750615,0.092337,37861,1674851,0.206033,8129050
3,2021-02-25,89976,2503466,43840,1273565,46136,1229901,0,0,44658,926521,0.113977,44997,795612,0.097873,47282,1722133,0.211849,8129050
3,2021-02-26,101039,2604505,46205,1319770,54834,1284735,0,0,53106,934372,0.114942,47491,843103,0.103715,55342,1777475,0.218657,8129050
3,2021-02-27,71642,2676147,32894,1352664,38744,1323479,4,4,37558,939429,0.115564,33835,876938,0.107877,38892,1816367,0.223441,8129050
3,2021-02-28,41794,2717941,24132,1376796,17657,1341136,5,9,21146,941126,0.115773,20428,897366,0.11039,22125,1838492,0.226163,8129050
3,2021-03-01,70659,2788600,37446,1414242,33159,1374295,54,63,39205,950574,0.116935,31191,928557,0.114227,40639,1879131,0.231162,8129050
3,2021-03-02,82046,2870646,40472,1454714,41560,1415855,14,77,47264,965391,0.118758,34598,963155,0.118483,49415,1928546,0.237241,8129050
3,2021-03-03,92013,2962659,44025,1498739,47955,1463810,33,110,51315,978616,0.120385,40439,1003594,0.123458,53664,1982210,0.243843,8129050
3,2021-03-04,96447,3059106,47169,1545908,49253,1513063,25,135,54521,993827,0.122256,41656,1045250,0.128582,56867,2039077,0.250838,8129050
3,2021-03-05,92751,3151857,45320,1591228,47132,1560195,299,434,56001,1015940,0.124976,36451,1081701,0.133066,58564,2097641,0.258043,8129050
3,2021-03-06,66414,3218271,33668,1624896,30578,1590773,2168,2602,37851,1029021,0.126586,28395,1110096,0.136559,41476,2139117,0.263145,8129050
3,2021-03-07,39462,3257733,22775,1647671,14771,1605544,1916,4518,22215,1037151,0.127586,17162,1127258,0.13867,25292,2164409,0.266256,8129050
3,2021-03-08,60589,3318322,28858,1676529,28712,1634256,3019,7537,38289,1057866,0.130134,22122,1149380,0.141392,42837,2207246,0.271526,8129050
3,2021-03-09,77840,3396162,35948,1712477,37394,1671650,4498,12035,41774,1069371,0.131549,35898,1185278,0.145808,47403,2254649,0.277357,8129050
3,2021-03-10,83963,3480125,41795,1754272,36009,1707659,6159,18194,43806,1080793,0.132954,39910,1225188,0.150717,51332,2305981,0.283672,8129050
3,2021-03-11,98222,3578347,48047,1802319,41496,1749155,8679,26873,48008,1088605,0.133915,49912,1275100,0.156857,57724,2363705,0.290773,8129050
3,2021-03-12,102965,3681312,45990,1848309,45040,1794195,11935,38808,47171,1093240,0.134486,55522,1330622,0.163687,60157,2423862,0.298173,8129050
3,2021-03-13,70990,3752302,29893,1878202,33793,1827988,7304,46112,37497,1106001,0.136055,33339,1363961,0.167788,46100,2469962,0.303844,8129050
3,2021-03-14,41540,3793842,21687,1899889,16280,1844268,3573,49685,20919,1110583,0.136619,20522,1384483,0.170313,25104,2495066,0.306932,8129050
3,2021-03-15,76338,3870180,36211,1936100,35539,1879807,4588,54273,40194,1120449,0.137833,35888,1420371,0.174728,45754,2540820,0.312561,8129050
3,2021-03-16,95728,3965908,44169,1980269,47203,1927010,4356,58629,53719,1137675,0.139952,41731,1462102,0.179861,58957,2599777,0.319813,8129050
3,2021-03-17,99131,4065039,48141,2028410,46419,1973429,4571,63200,60093,1164200,0.143215,38771,1500873,0.184631,65296,2665073,0.327846,8129050
3,2021-03-18,104413,4169452,53069,2081479,46787,2020216,4557,67757,59746,1184690,0.145735,44338,1545211,0.190085,64828,2729901,0.33582,8129050
3,2021-03-19,104004,4273456,55785,2137264,43725,2063941,4494,72251,57790,1201594,0.147815,45904,1591115,0.195732,62808,2792709,0.343547,8129050
3,2021-03-20,72461,4345917,37357,2174621,31414,2095355,3690,75941,44521,1222559,0.150394,27713,1618828,0.199141,48678,2841387,0.349535,8129050
3,2021-03-21,36587,4382504,24857,2199478,10212,2105567,1518,77459,21962,1232020,0.151558,14500,1633328,0.200925,23961,2865348,0.352483,8129050
3,2021-03-22,71117,4453621,41792,2241270,26790,2132357,2535,79994,45143,1255005,0.154385,25706,1659034,0.204087,48691,2914039,0.358472,8129050
3,2021-03-23,90529,4544150,50079,2291349,37888,2170245,2562,82556,55137,1278300,0.157251,35097,1694131,0.208405,58392,2972431,0.365655,8129050
3,2021-03-24,99511,4643661,57263,2348612,39295,2209540,2953,85509,56201,1295135,0.159322,42915,1737046,0.213684,59750,3032181,0.373006,8129050
3,2021-03-25,108203,4751864,60088,2408700,45116,2254656,2999,88508,60529,1311999,0.161396,47300,1784346,0.219502,64164,3096345,0.380899,8129050
3,2021-03-26,111628,4863492,59870,2468570,48387,2303043,3371,91879,57093,1319137,0.162274,54163,1838509,0.226165,61301,3157646,0.38844,8129050
3,2021-03-27,75189,4938681,38214,2506784,34413,2337456,2562,94441,36151,1319727,0.162347,38780,1877289,0.230936,39370,3197016,0.393283,8129050
3,2021-03-28,44735,4983416,28185,2534969,15729,2353185,821,95262,22432,1321455,0.16256,22169,1899458,0.233663,23897,3220913,0.396223,8129050
3,2021-03-29,81520,5064936,42582,2577551,37077,2390262,1861,97123,44295,1331520,0.163798,36937,1936395,0.238207,47002,3267915,0.402005,8129050
3,2021-03-30,101101,5166037,49699,2627250,47740,2438002,3662,100785,56261,1347495,0.165763,44550,1980945,0.243687,60525,3328440,0.40945,8129050
3,2021-03-31,105799,5271836,57055,2684305,43858,2481860,4886,105671,56230,1359633,0.167256,49288,2030233,0.24975,61426,3389866,0.417006,8129050
3,2021-04-01,124763,5396599,63048,2747353,51880,2533740,9835,115506,66890,1379189,0.169662,57398,2087631,0.256811,76954,3466820,0.426473,8129050
3,2021-04-02,118719,5515318,57909,2805262,50371,2584111,10439,125945,62239,1396118,0.171744,56150,2143781,0.263719,73079,3539899,0.435463,8129050
3,2021-04-03,76550,5591868,39164,2844426,28098,2612209,9288,135233,38026,1405361,0.172881,38344,2182125,0.268435,47587,3587486,0.441317,8129050
3,2021-04-04,32601,5624469,17430,2861856,10922,2623131,4249,139482,14233,1405552,0.172905,18279,2200404,0.270684,18470,3605956,0.443589,8129050
3,2021-04-05,90259,5714728,45802,2907658,35129,2658260,9328,148810,43716,1413088,0.173832,46290,2246694,0.276378,53826,3659782,0.45021,8129050
3,2021-04-06,114204,5828932,55575,2963233,43325,2701585,15304,164114,53457,1422061,0.174936,60437,2307131,0.283813,69410,3729192,0.458749,8129050
3,2021-04-07,117020,5945952,60535,3023768,40096,2741681,16389,180503,56314,1434580,0.176476,60416,2367547,0.291245,72935,3802127,0.467721,8129050
3,2021-04-08,122116,6068068,60799,3084567,41030,2782711,20287,200790,56499,1446789,0.177978,65278,2432825,0.299275,77487,3879614,0.477253,8129050
3,2021-04-09,119269,6187337,59371,3143938,40599,2823310,19299,220089,52286,1452493,0.178679,66698,2499523,0.30748,72402,3952016,0.48616,8129050
3,2021-04-10,84825,6272162,38059,3181997,31397,2854707,15369,235458,34460,1452918,0.178732,50158,2549681,0.313651,50583,4002599,0.492382,8129050
3,2021-04-11,45513,6317675,24361,3206358,13065,2867772,8087,243545,17272,1450939,0.178488,28134,2577815,0.317111,26155,4028754,0.4956,8129050
3,2021-04-12,84497,6402172,42662,3249020,32951,2900723,8884,252429,38080,1452814,0.178719,46150,2623965,0.322789,48025,4076779,0.501507,8129050
3,2021-04-13,106038,6508210,57407,3306427,48419,2949142,212,252641,55706,1459565,0.179549,50055,2674020,0.328946,56806,4133585,0.508495,8129050
3,2021-04-14,108211,6616421,59166,3365593,48936,2998078,109,252750,53685,1460598,0.179676,54199,2728219,0.335614,55232,4188817,0.51529,8129050
3,2021-04-15,119901,6736322,67415,3433008,52400,3050478,86,252836,63766,1469495,0.180771,55771,2783990,0.342474,64668,4253485,0.523245,8129050
3,2021-04-16,116095,6852417,65059,3498067,50938,3101416,98,252934,60354,1475215,0.181474,55400,2839390,0.349289,61120,4314605,0.530764,8129050
3,2021-04-17,79889,6932306,43540,3541607,36334,3137750,15,252949,44374,1485315,0.182717,35264,2874654,0.353627,45364,4359969,0.536344,8129050
3,2021-04-18,39023,6971329,23575,3565182,15438,3153188,10,252959,18258,1483832,0.182534,20633,2895287,0.356165,19150,4379119,0.5387,8129050
3,2021-04-19,79603,7050932,44286,3609468,35257,3188445,60,253019,35677,1476387,0.181619,43696,2938983,0.361541,36251,4415370,0.543159,8129050
3,2021-04-20,101274,7152206,53284,3662752,47968,3236413,22,253041,48780,1474031,0.181329,52200,2991183,0.367962,49844,4465214,0.549291,8129050
3,2021-04-21,106479,7258685,59796,3722548,46603,3283016,80,253121,50113,1469365,0.180755,55950,3047133,0.374845,51284,4516498,0.5556,8129050
3,2021-04-22,112618,7371303,63293,3785841,49296,3332312,29,253150,48251,1454632,0.178942,63973,3111106,0.382715,49240,4565738,0.561657,8129050
3,2021-04-23,106902,7478205,61168,3847009,45702,3378014,32,253182,46704,1442578,0.17746,59810,3170916,0.390072,47756,4613494,0.567532,8129050
3,2021-04-24,74366,7552571,45876,3892885,28417,3406431,73,253255,36146,1441886,0.177374,37921,3208837,0.394737,37229,4650723,0.572112,8129050
3,2021-04-25,37160,7589731,23716,3916601,13426,3419857,18,253273,18930,1443179,0.177534,18061,3226898,0.396959,19354,4670077,0.574492,8129050
3,2021-04-26,74438,7664169,42075,3958676,31946,3451803,417,253690,31673,1434155,0.176423,42468,3269366,0.402183,33444,4703521,0.578606,8129050
3,2021-04-27,91644,7755813,48112,4006788,41774,3493577,1758,255448,36251,1417884,0.174422,55057,3324423,0.408956,38786,4742307,0.583378,8129050
3,2021-04-28,87380,7843193,49668,4056456,35559,3529136,2153,257601,35580,1404684,0.172798,51475,3375898,0.415288,38275,4780582,0.588086,8129050
3,2021-04-29,89732,7932925,51289,4107745,36208,3565344,2235,259836,31965,1381973,0.170004,57396,3433294,0.422349,34685,4815267,0.592353,8129050
3,2021-04-30,91313,8024238,51541,4159286,37279,3602623,2493,262329,33926,1361864,0.167531,56992,3490286,0.42936,36883,4852150,0.59689,8129050
3,2021-05-01,55893,8080131,35040,4194326,19363,3621986,1490,263819,20121,1348494,0.165886,35469,3525755,0.433723,22099,4874249,0.599609,8129050
3,2021-05-02,27115,8107246,18514,4212840,7577,3629563,1024,264843,9925,1342471,0.165145,17072,3542827,0.435823,11049,4885298,0.600968,8129050
3,2021-05-03,60165,8167411,35330,4248170,22449,3652012,2386,267229,17534,1320189,0.162404,42382,3585209,0.441037,20100,4905398,0.603441,8129050
3,2021-05-04,78024,8245435,45105,4293275,30224,3682236,2695,269924,22641,1290736,0.158781,55062,3640271,0.44781,25609,4931007,0.606591,8129050
3,2021-05-05,79581,8325016,47772,4341047,29088,3711324,2721,272645,22008,1258556,0.154822,57207,3697478,0.454847,25027,4956034,0.60967,8129050
3,2021-05-06,83880,8408896,53086,4394133,28251,3739575,2543,275188,20705,1219676,0.150039,62669,3760147,0.462557,23789,4979823,0.612596,8129050
3,2021-05-07,82876,8491772,51632,4445765,28595,3768170,2649,277837,21976,1184076,0.14566,60524,3820671,0.470002,24924,5004747,0.615662,8129050
3,2021-05-08,52945,8544717,32822,4478587,18394,3786564,1729,279566,14003,1161414,0.142872,38659,3859330,0.474758,15997,5020744,0.61763,8129050
3,2021-05-09,21074,8565791,15402,4493989,4878,3791442,794,280360,5508,1152316,0.141753,15467,3874797,0.47666,6369,5027113,0.618413,8129050
3,2021-05-10,48423,8614214,26052,4520041,20452,3811894,1919,282279,11222,1128729,0.138851,36980,3911777,0.48121,13393,5040506,0.620061,8129050
3,2021-05-11,64491,8678705,36174,4556215,26085,3837979,2232,284511,16207,1099617,0.13527,48015,3959792,0.487116,18903,5059409,0.622386,8129050
3,2021-05-12,65208,8743913,37473,4593688,25319,3863298,2416,286927,16633,1070699,0.131713,48286,4008078,0.493056,19368,5078777,0.624769,8129050
3,2021-05-13,75852,8819765,47804,4641492,26118,3889416,1930,288857,27668,1053006,0.129536,47920,4055998,0.498951,30227,5109004,0.628487,8129050
3,2021-05-14,80794,8900559,51016,4692508,27619,3917035,2159,291016,31265,1037821,0.127668,49214,4105212,0.505005,34029,5143033,0.632673,8129050
3,2021-05-15,62509,8963068,43107,4735615,18180,3935215,1222,292238,25833,1028660,0.126541,36449,4141661,0.509489,27288,5170321,0.63603,8129050
3,2021-05-16,33323,8996391,24919,4760534,7713,3942928,691,292929,13447,1023142,0.125862,19748,4161409,0.511918,14230,5184551,0.637781,8129050
3,2021-05-17,57227,9053618,36446,4796980,18922,3961850,1859,294788,21078,1010426,0.124298,35864,4197273,0.51633,23148,5207699,0.640628,8129050
3,2021-05-18,64767,9118385,38239,4835219,24654,3986504,1874,296662,24312,996846,0.122628,40165,4237438,0.521271,26585,5234284,0.643899,8129050
3,2021-05-19,64205,9182590,39024,4874243,23422,4009926,1759,298421,24827,984597,0.121121,39116,4276554,0.526083,26867,5261151,0.647204,8129050
3,2021-05-20,62089,9244679,36339,4910582,23890,4033816,1860,300281,22285,969586,0.119274,39496,4316050,0.530941,24485,5285636,0.650216,8129050
3,2021-05-21,66419,9311098,40372,4950954,23932,4057748,2115,302396,23735,953397,0.117283,42346,4358396,0.536151,26157,5311793,0.653433,8129050
3,2021-05-22,45949,9357047,30460,4981414,14013,4071761,1476,303872,19123,947657,0.116577,26595,4384991,0.539422,20855,5332648,0.655999,8129050
3,2021-05-23,21760,9378807,15058,4996472,6048,4077809,654,304526,9193,945140,0.116267,12477,4397468,0.540957,9960,5342608,0.657224,8129050
3,2021-05-24,39854,9418661,23324,5019796,14758,4092567,1772,306298,14787,937041,0.115271,24857,4422325,0.544015,16758,5359366,0.659286,8129050
3,2021-05-25,42972,9461633,24167,5043963,17115,4109682,1690,307988,15229,926738,0.114003,27455,4449780,0.547392,17152,5376518,0.661396,8129050
3,2021-05-26,42538,9504171,24331,5068294,16468,4126150,1739,309727,15914,918211,0.112954,26314,4476094,0.550629,17787,5394305,0.663584,8129050
3,2021-05-27,39426,9543597,22104,5090398,15564,4141714,1758,311485,15416,911794,0.112165,23840,4499934,0.553562,17423,5411728,0.665727,8129050
3,2021-05-28,42957,9586554,24274,5114672,16879,4158593,1804,313289,17842,906860,0.111558,24903,4524837,0.556626,19969,5431697,0.668183,8129050
3,2021-05-29,23498,9610052,14354,5129026,8304,4166897,840,314129,10967,906412,0.111503,12388,4537225,0.558149,11940,5443637,0.669652,8129050
3,2021-05-30,10640,9620692,6900,5135926,3103,4170000,637,314766,4468,905471,0.111387,6090,4543315,0.558899,5149,5448786,0.670286,8129050
3,2021-05-31,4677,9625369,2703,5138629,1708,4171708,266,315032,1466,904073,0.111215,3160,4546475,0.559287,1762,5450548,0.670502,8129050
3,2021-06-01,37790,9663159,21745,5160374,14596,4186304,1449,316481,13183,894543,0.110043,24356,4570831,0.562284,14826,5465374,0.672326,8129050
3,2021-06-02,31532,9694691,18116,5178490,12000,4198304,1416,317897,11656,888087,0.109249,19667,4590498,0.564703,13211,5478585,0.673951,8129050
3,2021-06-03,39662,9734353,27116,5205606,11107,4209411,1439,319336,11421,873130,0.107409,28055,4618553,0.568154,13098,5491683,0.675563,8129050
3,2021-06-04,46242,9780595,32706,5238312,11985,4221396,1551,320887,13135,855382,0.105225,32856,4651409,0.572196,15108,5506791,0.677421,8129050
3,2021-06-05,34369,9814964,25896,5264208,7286,4228682,1187,322074,8699,840009,0.103334,25457,4676866,0.575327,10084,5516875,0.678662,8129050
3,2021-06-06,14673,9829637,12239,5276447,1848,4230530,586,322660,3698,833548,0.102539,10912,4687778,0.57667,4451,5521326,0.679209,8129050
3,2021-06-07,30432,9860069,22111,5298558,7034,4237564,1287,323947,8705,822085,0.101129,21577,4709355,0.579324,10114,5531440,0.680453,8129050
3,2021-06-08,34366,9894435,24671,5323229,8403,4245967,1292,325239,9938,809325,0.09956,24217,4733572,0.582303,11457,5542897,0.681863,8129050
3,2021-06-09,33004,9927439,23937,5347166,7762,4253729,1305,326544,8853,795683,0.097881,23966,4757538,0.585251,10324,5553221,0.683133,8129050
3,2021-06-10,32544,9959983,23462,5370628,7547,4261276,1535,328079,8948,782927,0.096312,23437,4780975,0.588135,10681,5563902,0.684447,8129050
3,2021-06-11,35606,9995589,25169,5395797,9062,4270338,1375,329454,10554,770184,0.094745,24849,4805824,0.591191,12106,5576008,0.685936,8129050
3,2021-06-12,25238,10020827,19023,5414820,5321,4275659,894,330348,6668,759455,0.093425,18452,4824276,0.593461,7723,5583731,0.686886,8129050
3,2021-06-13,10143,10030970,7589,5422409,2064,4277723,490,330838,2356,754643,0.092833,7734,4832010,0.594413,2922,5586653,0.687245,8129050
3,2021-06-14,25838,10056808,18511,5440920,5899,4283622,1428,332266,8069,746648,0.091849,17635,4849645,0.596582,9640,5596293,0.688431,8129050
3,2021-06-15,28764,10085572,19459,5460379,7791,4291413,1514,333780,9643,739082,0.090919,18891,4868536,0.598906,11325,5607618,0.689825,8129050
3,2021-06-16,25918,10111490,18409,5478788,6093,4297506,1416,335196,8727,732371,0.090093,17007,4885543,0.600998,10296,5617914,0.691091,8129050
3,2021-06-17,24873,10136363,17809,5496597,5771,4303277,1293,336489,8623,726332,0.08935,16094,4901637,0.602978,10055,5627969,0.692328,8129050
3,2021-06-18,28043,10164406,19805,5516402,6663,4309940,1575,338064,9818,719901,0.088559,17991,4919628,0.605191,11560,5639529,0.69375,8129050
3,2021-06-19,16039,10180445,11780,5528182,3397,4313337,862,338926,5750,716461,0.088136,10161,4929789,0.606441,6721,5646250,0.694577,8129050
3,2021-06-20,6894,10187339,5172,5533354,1420,4314757,302,339228,2609,715198,0.087981,4227,4934016,0.606961,2964,5649214,0.694941,8129050
3,2021-06-21,16248,10203587,10253,5543607,4595,4319352,1400,340628,8090,716746,0.088171,8064,4942080,0.607953,9612,5658826,0.696124,8129050
3,2021-06-22,22101,10225688,15491,5559098,5310,4324662,1300,341928,8265,712761,0.087681,13705,4955785,0.609639,9720,5668546,0.69732,8129050
3,2021-06-23,20284,10245972,14207,5573305,4738,4329400,1339,343267,8034,710142,0.087359,12133,4967918,0.611131,9514,5678060,0.69849,8129050
3,2021-06-24,19975,10265947,13904,5587209,4618,4334018,1453,344720,7799,707503,0.087034,12000,4979918,0.612608,9361,5687421,0.699642,8129050
3,2021-06-25,23306,10289253,16536,5603745,5348,4339366,1422,346142,9100,704084,0.086613,14067,4993985,0.614338,10648,5698069,0.700951,8129050
3,2021-06-26,14025,10303278,10415,5614160,2835,4342201,775,346917,5853,702805,0.086456,8066,5002051,0.61533,6787,5704856,0.701786,8129050
3,2021-06-27,6708,10309986,5192,5619352,1207,4343408,309,347226,2864,702214,0.086383,3799,5005850,0.615798,3208,5708064,0.702181,8129050
3,2021-06-28,15998,10325984,12298,5631650,2617,4346025,1083,348309,6738,701024,0.086237,9118,5014968,0.616919,7928,5715992,0.703156,8129050
3,2021-06-29,18085,10344069,12741,5644391,4337,4350362,1007,349316,7397,699018,0.08599,10542,5025510,0.618216,8536,5724528,0.704206,8129050
3,2021-06-30,17059,10361128,12088,5656479,3929,4354291,1042,350358,7336,697978,0.085862,9566,5035076,0.619393,8526,5733054,0.705255,8129050
3,2021-07-01,16329,10377457,11630,5668109,3627,4357918,1072,351430,6864,696683,0.085703,9331,5044407,0.620541,8036,5741090,0.706244,8129050
3,2021-07-02,18455,10395912,13122,5681231,4230,4362148,1103,352533,7873,695293,0.085532,10463,5054870,0.621828,9073,5750163,0.70736,8129050
3,2021-07-03,10099,10406011,7294,5688525,2366,4364514,439,352972,4329,694471,0.085431,5693,5060563,0.622528,4871,5755034,0.707959,8129050
3,2021-07-04,726,10406737,426,5688951,213,4364727,87,353059,280,694415,0.085424,439,5061002,0.622582,383,5755417,0.708006,8129050
3,2021-07-05,9529,10416266,6966,5695917,2139,4366866,424,353483,4305,694055,0.08538,5152,5066154,0.623216,4792,5760209,0.708596,8129050
3,2021-07-06,19059,10435325,13816,5709733,4125,4370991,1118,354601,6899,690211,0.084907,11985,5078139,0.62469,8141,5768350,0.709597,8129050
3,2021-07-07,15746,10451071,11176,5720909,3456,4374447,1114,355715,6350,688525,0.084699,9257,5087396,0.625829,7571,5775921,0.710528,8129050
3,2021-07-08,15310,10466381,11053,5731962,3261,4377708,996,356711,6207,686840,0.084492,8978,5096374,0.626934,7293,5783214,0.711426,8129050
3,2021-07-09,17604,10483985,12272,5744234,4112,4381820,1220,357931,7270,685242,0.084295,10199,5106573,0.628188,8601,5791815,0.712484,8129050
3,2021-07-10,10838,10494823,7979,5752213,2194,4384014,665,358596,4597,684420,0.084194,6173,5112746,0.628948,5351,5797166,0.713142,8129050
3,2021-07-11,5119,10499942,3789,5756002,1055,4385069,275,358871,2310,684265,0.084175,2760,5115506,0.629287,2605,5799771,0.713462,8129050
3,2021-07-12,14322,10514264,10445,5766447,2875,4387944,1002,359873,5715,682520,0.083961,8530,5124036,0.630336,6785,5806556,0.714297,8129050
3,2021-07-13,15106,10529370,10675,5777122,3521,4391465,910,360783,6635,681773,0.083869,8374,5132410,0.631367,7627,5814183,0.715235,8129050
3,2021-07-14,14385,10543755,10209,5787331,3261,4394726,915,361698,6413,681291,0.083809,7871,5140281,0.632335,7389,5821572,0.716144,8129050
3,2021-07-15,14712,10558467,10632,5797963,3241,4397967,839,362537,6729,681046,0.083779,7888,5148169,0.633305,7643,5829215,0.717084,8129050
3,2021-07-16,17706,10576173,12731,5810694,4085,4402052,890,363427,8461,681331,0.083814,9136,5157305,0.634429,9421,5838636,0.718243,8129050
3,2021-07-17,11258,10587431,8250,5818944,2476,4404528,532,363959,5355,681453,0.083829,5832,5163137,0.635146,5954,5844590,0.718976,8129050
3,2021-07-18,5737,10593168,4334,5823278,1152,4405680,251,364210,2824,681684,0.083858,2870,5166007,0.635499,3101,5847691,0.719357,8129050
3,2021-07-19,14850,10608018,10867,5834145,3108,4408788,875,365085,7290,682461,0.083953,7461,5173468,0.636417,8238,5855929,0.720371,8129050
3,2021-07-20,16509,10624527,11488,5845633,4118,4412906,903,365988,8497,684047,0.084148,7895,5181363,0.637389,9481,5865410,0.721537,8129050
3,2021-07-21,15942,10640469,11287,5856920,3788,4416694,867,366855,8024,685226,0.084293,7790,5189153,0.638347,8969,5874379,0.72264,8129050
3,2021-07-22,16308,10656777,11535,5868455,3812,4420506,961,367816,8473,687011,0.084513,7710,5196863,0.639295,9495,5883874,0.723808,8129050
3,2021-07-23,19222,10675999,13703,5882158,4509,4425015,1010,368826,10339,689707,0.084845,8740,5205603,0.64037,11436,5895310,0.725215,8129050
3,2021-07-24,11557,10687556,8324,5890482,2652,4427667,581,369407,6374,691594,0.085077,5104,5210707,0.640998,6991,5902301,0.726075,8129050
3,2021-07-25,5628,10693184,4218,5894700,1200,4428867,210,369617,4070,694413,0.085424,1511,5212218,0.641184,4330,5906631,0.726608,8129050
3,2021-07-26,15409,10708593,10712,5905412,3733,4432600,964,370581,9310,698760,0.085958,5988,5218206,0.641921,10335,5916966,0.727879,8129050
3,2021-07-27,17434,10726027,12336,5917748,4126,4436726,972,371553,9991,702487,0.086417,7310,5225516,0.64282,11037,5928003,0.729237,8129050
3,2021-07-28,17018,10743045,12185,5929933,3795,4440521,1038,372591,9827,706350,0.086892,7051,5232567,0.643687,10914,5938917,0.730579,8129050
3,2021-07-29,16803,10759848,12086,5942019,3686,4444207,1031,373622,9905,710635,0.087419,6723,5239290,0.644514,11008,5949925,0.731934,8129050
3,2021-07-30,19557,10779405,13810,5955829,4670,4448877,1077,374699,11349,715149,0.087974,8002,5247292,0.645499,12516,5962441,0.733473,8129050
3,2021-07-31,12187,10791592,8824,5964653,2705,4451582,658,375357,7095,718017,0.088327,4952,5252244,0.646108,7820,5970261,0.734435,8129050
3,2021-08-01,6482,10798074,4938,5969591,1287,4452869,257,375614,4198,720284,0.088606,2223,5254467,0.646381,4490,5974751,0.734988,8129050
3,2021-08-02,16584,10814658,12049,5981640,3611,4456480,924,376538,10323,725459,0.089243,6137,5260604,0.647136,11312,5986063,0.736379,8129050
3,2021-08-03,18394,10833052,13278,5994918,4016,4460496,1100,377638,10978,730352,0.089845,7237,5267841,0.648027,12130,5998193,0.737871,8129050
3,2021-08-04,17555,10850607,12613,6007531,3929,4464425,1013,378651,10462,734946,0.09041,6931,5274772,0.648879,11525,6009718,0.739289,8129050
3,2021-08-05,17897,10868504,12938,6020469,3815,4468240,1144,379795,10805,740036,0.091036,6928,5281700,0.649732,12018,6021736,0.740767,8129050
3,2021-08-06,21675,10890179,15718,6036187,4805,4473045,1152,380947,12803,745384,0.091694,8674,5290374,0.650799,14022,6035758,0.742492,8129050
3,2021-08-07,12744,10902923,9487,6045674,2638,4475683,619,381566,7468,748382,0.092063,5139,5295513,0.651431,8137,6043895,0.743493,8129050
3,2021-08-08,7568,10910491,5792,6051466,1535,4477218,241,381807,4680,750534,0.092327,2805,5298318,0.651776,4957,6048852,0.744103,8129050
3,2021-08-09,18198,10928689,13619,6065085,3529,4480747,1050,382857,10307,754233,0.092782,7730,5306048,0.652727,11429,6060281,0.745509,8129050
3,2021-08-10,18454,10947143,13525,6078610,3944,4484691,985,383842,10422,757818,0.093223,7865,5313913,0.653694,11450,6071731,0.746918,8129050
3,2021-08-11,16441,10963584,11904,6090514,3525,4488216,1012,384854,9172,760979,0.093612,7080,5320993,0.654565,10241,6081972,0.748177,8129050
3,2021-08-12,17976,10981560,12679,6103193,4234,4492450,1063,385917,9889,764099,0.093996,7880,5328873,0.655535,11000,6092972,0.749531,8129050
3,2021-08-13,22377,11003937,15877,6119070,5355,4497805,1145,387062,12208,767778,0.094449,9745,5338618,0.656733,13424,6106396,0.751182,8129050
3,2021-08-14,14600,11018537,10287,6129357,3709,4501514,604,387666,7618,769979,0.094719,6072,5344690,0.65748,8273,6114669,0.7522,8129050
3,2021-08-15,8292,11026829,6019,6135376,1994,4503508,279,387945,4167,771096,0.094857,3355,5348045,0.657893,4472,6119141,0.75275,8129050
3,2021-08-16,20300,11047129,14013,6149389,5331,4508839,956,388901,9629,772999,0.095091,8774,5356819,0.658972,10677,6129818,0.754063,8129050
3,2021-08-17,8438,11055567,5778,6155167,1842,4510681,818,389719,3988,773789,0.095188,4098,5360917,0.659476,4888,6134706,0.754665,8129050
4,2020-12-15,469,469,469,469,0,0,0,0,469,469,5.8e-05,0,0,0.0,469,469,5.8e-05,8037679
4,2020-12-16,3085,3554,3085,3554,0,0,0,0,3085,3554,0.000442,0,0,0.0,3085,3554,0.000442,8037679
4,2020-12-17,9064,12618,9064,12618,0,0,0,0,9065,12619,0.00157,0,0,0.0,9065,12619,0.00157,8037679
4,2020-12-18,16325,28943,16312,28930,13,13,0,0,16325,28944,0.003601,0,0,0.0,16325,28944,0.003601,8037679
4,2020-12-19,10433,39376,10423,39353,10,23,0,0,10369,39313,0.004891,0,0,0.0,10369,39313,0.004891,8037679
4,2020-12-20,7472,46848,7459,46812,13,36,0,0,7427,46740,0.005815,0,0,0.0,7427,46740,0.005815,8037679
4,2020-12-21,16512,63360,16480,63292,32,68,0,0,16444,63183,0.007861,1,1,0.0,16444,63184,0.007861,8037679
4,2020-12-22,17301,80661,16535,79827,766,834,0,0,17256,80435,0.010007,4,5,1e-06,17256,80440,0.010008,8037679
4,2020-12-23,17273,97934,14477,94304,2796,3630,0,0,17252,97685,0.012153,2,7,1e-06,17252,97692,0.012154,8037679
4,2020-12-24,8635,106569,6006,100310,2629,6259,0,0,8634,106319,0.013228,0,7,1e-06,8634,106326,0.013228,8037679
4,2020-12-25,913,107482,808,101118,105,6364,0,0,913,107232,0.013341,0,7,1e-06,913,107239,0.013342,8037679
4,2020-12-26,6246,113728,3917,105035,2329,8693,0,0,6246,113478,0.014118,0,7,1e-06,6246,113485,0.014119,8037679
4,2020-12-27,3475,117203,2009,107044,1466,10159,0,0,3475,116953,0.014551,0,7,1e-06,3475,116960,0.014551,8037679
4,2020-12-28,15308,132511,9452,116496,5856,16015,0,0,15280,132230,0.016451,3,10,1e-06,15280,132240,0.016453,8037679
4,2020-12-29,15919,148430,8940,125436,6979,22994,0,0,15885,148114,0.018427,1,11,1e-06,15885,148125,0.018429,8037679
4,2020-12-30,19474,167904,11420,136856,8054,31048,0,0,19463,167575,0.020849,2,13,2e-06,19463,167588,0.02085,8037679
4,2020-12-31,8382,176286,3384,140240,4998,36046,0,0,8369,175935,0.021889,9,22,3e-06,8369,175957,0.021892,8037679
4,2021-01-01,1824,178110,836,141076,988,37034,0,0,1817,177748,0.022114,4,26,3e-06,1817,177774,0.022118,8037679
4,2021-01-02,5788,183898,3265,144341,2523,39557,0,0,5786,183533,0.022834,1,27,3e-06,5786,183560,0.022837,8037679
4,2021-01-03,2168,186066,1278,145619,890,40447,0,0,2154,185684,0.023102,3,30,4e-06,2154,185714,0.023105,8037679
4,2021-01-04,13114,199180,7081,152700,6033,46480,0,0,13064,198720,0.024724,28,58,7e-06,13064,198778,0.024731,8037679
4,2021-01-05,17090,216270,10122,162822,6968,53448,0,0,14844,211363,0.026297,2218,2276,0.000283,14861,213639,0.02658,8037679
4,2021-01-06,21835,238105,13380,176202,8455,61903,0,0,15656,220906,0.027484,6130,8406,0.001046,15673,229312,0.02853,8037679
4,2021-01-07,28207,266312,17207,193409,11000,72903,0,0,16802,226386,0.028166,11344,19750,0.002457,16824,246136,0.030623,8037679
4,2021-01-08,33177,299489,21299,214708,11878,84781,0,0,18472,230248,0.028646,14637,34387,0.004278,18499,264635,0.032924,8037679
4,2021-01-09,16421,315910,9714,224422,6707,91488,0,0,9537,232925,0.028979,6873,41260,0.005133,9550,274185,0.034112,8037679
4,2021-01-10,8841,324751,5704,230126,3137,94625,0,0,4205,232514,0.028928,4625,45885,0.005709,4214,278399,0.034637,8037679
4,2021-01-11,33844,358595,22226,252352,11618,106243,0,0,19067,236881,0.029471,14748,60633,0.007544,19115,297514,0.037015,8037679
4,2021-01-12,38905,397500,22443,274795,16462,122705,0,0,24475,247031,0.030734,14374,75007,0.009332,24524,322038,0.040066,8037679
4,2021-01-13,39226,436726,19443,294238,19783,142488,0,0,27768,263413,0.032772,11415,86422,0.010752,27797,349835,0.043524,8037679
4,2021-01-14,39770,476496,15335,309573,24435,166923,0,0,32494,288702,0.035919,7238,93660,0.011653,32527,382362,0.047571,8037679
4,2021-01-15,45864,522360,16053,325626,29811,196734,0,0,40177,323290,0.040222,5614,99274,0.012351,40202,422564,0.052573,8037679
4,2021-01-16,29045,551405,9438,335064,19607,216341,0,0,25866,346025,0.04305,3147,102421,0.012743,25882,448446,0.055793,8037679
4,2021-01-17,19100,570505,6612,341676,12488,228829,0,0,17431,361821,0.045016,1647,104068,0.012948,17443,465889,0.057963,8037679
4,2021-01-18,29701,600206,13751,355427,15950,244779,0,0,23638,379497,0.047215,5995,110063,0.013693,23671,489560,0.060908,8037679
4,2021-01-19,46688,646894,23337,378764,23351,268130,0,0,36896,406722,0.050602,9743,119806,0.014906,36968,526528,0.065507,8037679
4,2021-01-20,53103,699997,28350,407114,24753,292883,0,0,42373,438531,0.054559,10628,130434,0.016228,42437,568965,0.070787,8037679
4,2021-01-21,58429,758426,26274,433388,32155,325038,0,0,51504,483245,0.060122,6840,137274,0.017079,51554,620519,0.077201,8037679
4,2021-01-22,55904,814330,22428,455816,33476,358514,0,0,50618,528681,0.065775,5214,142488,0.017728,50650,671169,0.083503,8037679
4,2021-01-23,39982,854312,17434,473250,22548,381062,0,0,35596,559931,0.069663,4377,146865,0.018272,35627,706796,0.087935,8037679
4,2021-01-24,24253,878565,10560,483810,13693,394755,0,0,22335,580381,0.072208,1908,148773,0.018509,22358,729154,0.090717,8037679
4,2021-01-25,48467,927032,22380,506190,26087,420842,0,0,37156,606317,0.075434,11279,160052,0.019913,37215,766369,0.095347,8037679
4,2021-01-26,57432,984464,29264,535454,28168,449010,0,0,44985,638955,0.079495,12410,172462,0.021457,45048,811417,0.100952,8037679
4,2021-01-27,56919,1041383,27027,562481,29892,478902,0,0,45669,673510,0.083794,11169,183631,0.022846,45724,857141,0.10664,8037679
4,2021-01-28,57572,1098955,25993,588474,31579,510481,0,0,47300,710689,0.08842,10170,193801,0.024112,47349,904490,0.112531,8037679
4,2021-01-29,57385,1156340,27428,615902,29957,540438,0,0,46781,747106,0.09295,10402,204203,0.025406,46819,951309,0.118356,8037679
4,2021-01-30,38701,1195041,17356,633258,21345,561783,0,0,33252,774999,0.096421,5391,209594,0.026076,33284,984593,0.122497,8037679
4,2021-01-31,24490,1219531,12765,646023,11725,573508,0,0,22761,796072,0.099043,1706,211300,0.026289,22779,1007372,0.125331,8037679
4,2021-02-01,50390,1269921,24236,670259,26154,599662,0,0,38538,822868,0.102376,11788,223088,0.027755,38584,1045956,0.130132,8037679
4,2021-02-02,56246,1326167,25833,696092,30413,630075,0,0,43145,853054,0.106132,13013,236101,0.029374,43199,1089155,0.135506,8037679
4,2021-02-03,62790,1388957,30807,726899,31983,662058,0,0,48092,886662,0.110313,14544,250645,0.031184,48152,1137307,0.141497,8037679
4,2021-02-04,68271,1457228,31701,758600,36570,698628,0,0,51249,921182,0.114608,16845,267490,0.03328,51365,1188672,0.147887,8037679
4,2021-02-05,73927,1531155,34212,792812,39715,738343,0,0,51276,950232,0.118222,22365,289855,0.036062,51415,1240087,0.154284,8037679
4,2021-02-06,49106,1580261,26365,819177,22741,761084,0,0,37447,976296,0.121465,11588,301443,0.037504,37652,1277739,0.158969,8037679
4,2021-02-07,26719,1606980,17646,836823,9073,770157,0,0,20157,990174,0.123192,6524,307967,0.038315,20402,1298141,0.161507,8037679
4,2021-02-08,59259,1666239,30435,867258,28824,798981,0,0,38431,1008184,0.125432,20684,328651,0.040889,38694,1336835,0.166321,8037679
4,2021-02-09,67931,1734170,34398,901656,33533,832514,0,0,39703,1020307,0.126941,28028,356679,0.044376,40151,1376986,0.171316,8037679
4,2021-02-10,78162,1812332,39107,940763,39055,871569,0,0,40998,1024956,0.127519,36906,393585,0.048967,41555,1418541,0.176486,8037679
4,2021-02-11,82384,1894716,42996,983759,39388,910957,0,0,41827,1027188,0.127797,40275,433860,0.053978,42507,1461048,0.181775,8037679
4,2021-02-12,85356,1980072,38276,1022035,47080,958037,0,0,43807,1030523,0.128212,41267,475127,0.059112,44602,1505650,0.187324,8037679
4,2021-02-13,59397,2039469,30039,1052074,29358,987395,0,0,30123,1032437,0.12845,29121,504248,0.062736,31035,1536685,0.191185,8037679
4,2021-02-14,37197,2076666,19326,1071400,17871,1005266,0,0,18978,1033929,0.128635,18154,522402,0.064994,19646,1556331,0.193629,8037679
4,2021-02-15,46762,2123428,21929,1093329,24833,1030099,0,0,23909,1036273,0.128927,22762,545164,0.067826,25106,1581437,0.196753,8037679
4,2021-02-16,81149,2204577,37246,1130575,43903,1074002,0,0,41112,1038729,0.129232,39881,585045,0.072788,42337,1623774,0.20202,8037679
4,2021-02-17,82492,2287069,39004,1169579,43488,1117490,0,0,39093,1035794,0.128867,43171,628216,0.078159,40236,1664010,0.207026,8037679
4,2021-02-18,84483,2371552,46518,1216097,37965,1155455,0,0,38897,1030792,0.128245,45370,673586,0.083804,40368,1704378,0.212049,8037679
4,2021-02-19,83740,2455292,52748,1268845,30992,1186447,0,0,41711,1031350,0.128314,41835,715421,0.089008,42393,1746771,0.217323,8037679
4,2021-02-20,50177,2505469,33390,1302235,16787,1203234,0,0,26995,1035968,0.128889,23088,738509,0.091881,27706,1774477,0.22077,8037679
4,2021-02-21,30567,2536036,24245,1326480,6322,1209556,0,0,14642,1035092,0.12878,15831,754340,0.09385,14955,1789432,0.22263,8037679
4,2021-02-22,55975,2592011,38426,1364906,17549,1227105,0,0,26917,1033606,0.128595,28875,783215,0.097443,27389,1816821,0.226038,8037679
4,2021-02-23,77625,2669636,43050,1407956,34575,1261680,0,0,33984,1025866,0.127632,43414,826629,0.102844,35674,1852495,0.230476,8037679
4,2021-02-24,92820,2762456,49069,1457025,43751,1305431,0,0,41642,1018800,0.126753,50890,877519,0.109176,43824,1896319,0.235929,8037679
4,2021-02-25,104459,2866915,54671,1511696,49788,1355219,0,0,49618,1016398,0.126454,54594,932113,0.115968,52192,1948511,0.242422,8037679
4,2021-02-26,110543,2977458,55848,1567544,54695,1409914,0,0,56200,1020934,0.127019,54025,986138,0.122689,58561,2007072,0.249708,8037679
4,2021-02-27,80656,3058114,43858,1611402,36786,1446700,12,12,42609,1027257,0.127805,37811,1023949,0.127394,44134,2051206,0.255199,8037679
4,2021-02-28,49839,3107953,30741,1642143,19091,1465791,7,19,27136,1032825,0.128498,22485,1046434,0.130191,28053,2079259,0.258689,8037679
4,2021-03-01,81519,3189472,47704,1689847,33761,1499552,54,73,44833,1042635,0.129718,36318,1082752,0.13471,46128,2125387,0.264428,8037679
4,2021-03-02,90324,3279796,51766,1741613,38547,1538099,11,84,52743,1059850,0.13186,37364,1120116,0.139358,54579,2179966,0.271218,8037679
4,2021-03-03,104288,3384084,55386,1796999,48882,1586981,20,104,57984,1073590,0.13357,46061,1166177,0.145089,59801,2239767,0.278658,8037679
4,2021-03-04,102558,3486642,57113,1854112,45425,1632406,20,124,55765,1084641,0.134945,46531,1212708,0.150878,57582,2297349,0.285822,8037679
4,2021-03-05,98626,3585268,53217,1907329,45081,1677487,328,452,57682,1103909,0.137342,40704,1253412,0.155942,59972,2357321,0.293284,8037679
4,2021-03-06,77659,3662927,43732,1951061,31276,1708763,2651,3103,47451,1125259,0.139998,30065,1283477,0.159683,51415,2408736,0.299681,8037679
4,2021-03-07,45176,3708103,27681,1978742,15276,1724039,2219,5322,26324,1136096,0.141346,18760,1302237,0.162017,29597,2438333,0.303363,8037679
4,2021-03-08,68679,3776782,35870,2014612,29408,1753447,3401,8723,45025,1162299,0.144606,23507,1325744,0.164941,49710,2488043,0.309547,8037679
4,2021-03-09,82769,3859551,41773,2056385,35692,1789139,5304,14027,44588,1175219,0.146214,37980,1363724,0.169666,50900,2538943,0.31588,8037679
4,2021-03-10,92766,3952317,47852,2104237,37347,1826486,7567,21594,46622,1184326,0.147347,45919,1409643,0.175379,55026,2593969,0.322726,8037679
4,2021-03-11,101782,4054099,53355,2157592,39871,1866357,8556,30150,46914,1186154,0.147574,54585,1464228,0.18217,56413,2650382,0.329745,8037679
4,2021-03-12,105593,4159692,51984,2209576,43227,1909584,10382,40532,45159,1182290,0.147093,60123,1524351,0.189651,56259,2706641,0.336744,8037679
4,2021-03-13,82238,4241930,38076,2247652,35611,1945195,8551,49083,38894,1187502,0.147742,43191,1567542,0.195024,48403,2755044,0.342766,8037679
4,2021-03-14,50208,4292138,28589,2276241,17963,1963158,3656,52739,23454,1188521,0.147869,26647,1594189,0.198339,27666,2782710,0.346208,8037679
4,2021-03-15,84373,4376511,45386,2321627,34688,1997846,4299,57038,42748,1195013,0.148676,41317,1635506,0.20348,47809,2830519,0.352156,8037679
4,2021-03-16,108693,4485204,56536,2378163,48713,2046559,3444,60482,57048,1204768,0.14989,51364,1686870,0.20987,61119,2891638,0.35976,8037679
4,2021-03-17,108188,4593392,58243,2436406,46427,2092986,3518,64000,63080,1227035,0.15266,44810,1731680,0.215445,67077,2958715,0.368106,8037679
4,2021-03-18,108034,4701426,59938,2496344,44370,2137356,3726,67726,60926,1245236,0.154925,46811,1778491,0.221269,65012,3023727,0.376194,8037679
4,2021-03-19,112499,4813925,64728,2561072,42526,2179882,5245,72971,63648,1265907,0.157497,48545,1827036,0.227309,69216,3092943,0.384805,8037679
4,2021-03-20,84973,4898898,49757,2610829,32173,2212055,3043,76014,51788,1288000,0.160245,32993,1860029,0.231414,55086,3148029,0.391659,8037679
4,2021-03-21,48622,4947520,35232,2646061,11129,2223184,2261,78275,28313,1298742,0.161582,20159,1880188,0.233922,30901,3178930,0.395503,8037679
4,2021-03-22,83341,5030861,54386,2700447,26197,2249381,2758,81033,51368,1321858,0.164458,31689,1911877,0.237864,54805,3233735,0.402322,8037679
4,2021-03-23,105937,5136798,63447,2763894,40330,2289711,2160,83193,62058,1343022,0.167091,43579,1955456,0.243286,64743,3298478,0.410377,8037679
4,2021-03-24,114622,5251420,73895,2837789,38279,2327990,2448,85641,63714,1359155,0.169098,50436,2005892,0.249561,66569,3365047,0.418659,8037679
4,2021-03-25,118257,5369677,72744,2910533,43086,2371076,2427,88068,66285,1376872,0.171302,51459,2057351,0.255963,69176,3434223,0.427266,8037679
4,2021-03-26,121009,5490686,73348,2983881,44605,2415681,3056,91124,65176,1390236,0.172965,55426,2112777,0.262859,68790,3503013,0.435824,8037679
4,2021-03-27,92903,5583589,54731,3038612,36355,2452036,1817,92941,46808,1393495,0.17337,45818,2158595,0.268559,49077,3552090,0.44193,8037679
4,2021-03-28,56322,5639911,37214,3075826,18230,2470266,878,93819,29642,1397891,0.173917,26489,2185084,0.271855,30885,3582975,0.445772,8037679
4,2021-03-29,94768,5734679,56744,3132570,35916,2506182,2108,95927,50678,1407431,0.175104,43790,2228874,0.277303,53330,3636305,0.452407,8037679
4,2021-03-30,118296,5852975,64574,3197144,49538,2555720,4184,100111,69603,1433186,0.178308,48414,2277288,0.283327,74169,3710474,0.461635,8037679
4,2021-03-31,122102,5975077,72047,3269191,43717,2599437,6338,106449,68010,1453995,0.180897,53699,2330987,0.290007,74508,3784982,0.470905,8037679
4,2021-04-01,143810,6118887,81936,3351127,48480,2647917,13394,119843,84288,1492500,0.185688,58961,2389948,0.297343,97466,3882448,0.483031,8037679
4,2021-04-02,137705,6256592,73584,3424711,50460,2698377,13661,133504,79139,1527081,0.18999,58236,2448184,0.304588,92817,3975265,0.494579,8037679
4,2021-04-03,101793,6358385,54397,3479108,33882,2732259,13514,147018,53018,1545042,0.192225,48549,2496733,0.310629,66510,4041775,0.502853,8037679
4,2021-04-04,47128,6405513,24887,3503995,14693,2746952,7548,154566,20527,1546469,0.192402,26479,2523212,0.313923,27906,4069681,0.506325,8037679
4,2021-04-05,110468,6515981,61972,3565967,35558,2782510,12938,167504,57233,1564030,0.194587,52981,2576193,0.320515,70542,4140223,0.515102,8037679
4,2021-04-06,139835,6655816,78679,3644646,41248,2823758,19908,187412,72406,1589563,0.197764,67161,2643354,0.32887,92694,4232917,0.526634,8037679
4,2021-04-07,138522,6794338,78506,3723152,39180,2862938,20836,208248,71579,1615393,0.200978,66657,2710011,0.337163,92487,4325404,0.538141,8037679
4,2021-04-08,140979,6935317,78553,3801705,36831,2899769,25595,233843,70210,1641043,0.204169,70438,2780449,0.345927,96088,4421492,0.550096,8037679
4,2021-04-09,138609,7073926,75964,3877669,39461,2939230,23184,257027,66180,1659000,0.206403,72144,2852593,0.354903,90101,4511593,0.561305,8037679
4,2021-04-10,104415,7178341,51470,3929139,33930,2973160,19015,276042,47125,1668919,0.207637,57056,2909649,0.362001,66975,4578568,0.569638,8037679
4,2021-04-11,63005,7241346,38228,3967367,13518,2986678,11259,287301,27547,1673318,0.208184,35331,2944980,0.366397,39730,4618298,0.574581,8037679
4,2021-04-12,103524,7344870,62903,4030270,30330,3017008,10291,297592,52104,1685772,0.209734,51089,2996069,0.372753,63543,4681841,0.582487,8037679
4,2021-04-13,131208,7476078,82350,4112620,48689,3065697,169,297761,78360,1712640,0.213076,52526,3048595,0.379288,79394,4761235,0.592364,8037679
4,2021-04-14,136759,7612837,87262,4199882,49416,3115113,81,297842,75623,1728792,0.215086,60784,3109379,0.38685,76936,4838171,0.601936,8037679
4,2021-04-15,156859,7769696,104271,4304153,52513,3167626,75,297917,95905,1765029,0.219594,60533,3169912,0.394382,96770,4934941,0.613976,8037679
4,2021-04-16,144247,7913943,91412,4395565,52755,3220381,80,297997,83574,1789091,0.222588,60316,3230228,0.401886,84378,5019319,0.624474,8037679
4,2021-04-17,101917,8015860,63974,4459539,37915,3258296,28,298025,59560,1807793,0.224915,42054,3272282,0.407118,60756,5080075,0.632033,8037679
4,2021-04-18,57253,8073113,38740,4498279,18508,3276804,5,298030,32126,1815912,0.225925,24972,3297254,0.410225,33091,5113166,0.63615,8037679
4,2021-04-19,101648,8174761,66950,4565229,34677,3311481,21,298051,51394,1817938,0.226177,49989,3347243,0.416444,52015,5165181,0.642621,8037679
4,2021-04-20,131976,8306737,78562,4643791,53395,3364876,19,298070,68291,1824012,0.226933,63324,3410567,0.424322,69398,5234579,0.651255,8037679
4,2021-04-21,135144,8441881,88197,4731988,46885,3411761,62,298132,67900,1826291,0.227216,66803,3477370,0.432634,69082,5303661,0.65985,8037679
4,2021-04-22,142245,8584126,94389,4826377,47831,3459592,25,298157,63412,1812477,0.225498,78393,3555763,0.442387,64579,5368240,0.667884,8037679
4,2021-04-23,135666,8719792,88269,4914646,47371,3506963,26,298183,58713,1795867,0.223431,76554,3632317,0.451911,59944,5428184,0.675342,8037679
4,2021-04-24,99278,8819070,67015,4981661,32211,3539174,52,298235,45643,1789328,0.222617,53317,3685634,0.458545,46778,5474962,0.681162,8037679
4,2021-04-25,50573,8869643,35646,5017307,14901,3554075,26,298261,26378,1792155,0.222969,24036,3709670,0.461535,26863,5501825,0.684504,8037679
4,2021-04-26,92510,8962153,60695,5078002,31412,3585487,403,298664,36277,1774275,0.220745,55901,3765571,0.46849,38021,5539846,0.689235,8037679
4,2021-04-27,114367,9076520,69914,5147916,42127,3627614,2326,300990,41094,1745570,0.217173,72932,3838503,0.477564,44227,5584073,0.694737,8037679
4,2021-04-28,104938,9181458,68553,5216469,33838,3661452,2547,303537,38300,1720818,0.214094,66270,3904773,0.485809,41518,5625591,0.699902,8037679
4,2021-04-29,106350,9287808,67920,5284389,35888,3697340,2542,306079,34271,1686528,0.209828,71706,3976479,0.49473,37416,5663007,0.704557,8037679
4,2021-04-30,106079,9393887,67199,5351588,36163,3733503,2717,308796,36399,1657054,0.206161,69258,4045737,0.503346,39784,5702791,0.709507,8037679
4,2021-05-01,70008,9463895,46457,5398045,21762,3755265,1789,310585,20406,1630590,0.202868,49287,4095024,0.509478,22823,5725614,0.712347,8037679
4,2021-05-02,37834,9501729,26851,5424896,9683,3764948,1300,311885,10591,1615504,0.200991,27115,4122139,0.512852,12029,5737643,0.713843,8037679
4,2021-05-03,79624,9581353,55532,5480428,21590,3786538,2502,314387,19290,1577599,0.196275,60056,4182195,0.520324,22151,5759794,0.716599,8037679
4,2021-05-04,101827,9683180,69704,5550132,29336,3815874,2787,317174,22721,1524714,0.189696,78777,4260972,0.530125,25892,5785686,0.71982,8037679
4,2021-05-05,102692,9785872,72386,5622518,27547,3843421,2759,319933,21874,1469193,0.182788,80459,4341431,0.540135,24938,5810624,0.722923,8037679
4,2021-05-06,112494,9898366,84294,5706812,25245,3868666,2955,322888,19653,1400592,0.174253,92334,4433765,0.551623,23733,5834357,0.725876,8037679
4,2021-05-07,105405,10003771,75775,5782587,26939,3895605,2691,325579,20726,1340142,0.166732,84276,4518041,0.562108,23826,5858183,0.72884,8037679
4,2021-05-08,70175,10073946,48397,5830984,19843,3915448,1935,327514,13838,1300171,0.16176,56089,4574130,0.569086,16118,5874301,0.730845,8037679
4,2021-05-09,34485,10108431,28215,5859199,5321,3920769,949,328463,7438,1281721,0.159464,26930,4601060,0.572436,8480,5882781,0.7319,8037679
4,2021-05-10,65420,10173851,43801,5903000,19288,3940057,2331,330794,11058,1241281,0.154433,54128,4655188,0.579171,13688,5896469,0.733603,8037679
4,2021-05-11,83599,10257450,52327,5955327,29073,3969130,2199,332993,15859,1192407,0.148352,67474,4722662,0.587565,18600,5915069,0.735918,8037679
4,2021-05-12,80117,10337567,53271,6008598,24366,3993496,2480,335473,16635,1148807,0.142928,63165,4785827,0.595424,19565,5934634,0.738352,8037679
4,2021-05-13,105107,10442674,77362,6085960,26207,4019703,1538,337011,40669,1127985,0.140337,64085,4849912,0.603397,43263,5977897,0.743734,8037679
4,2021-05-14,105421,10548095,74436,6160396,28850,4048553,2135,339146,40547,1106678,0.137686,64527,4914439,0.611425,43220,6021117,0.749111,8037679
4,2021-05-15,86064,10634159,66529,6226925,18196,4066749,1339,340485,37948,1098410,0.136658,47856,4962295,0.617379,39588,6060705,0.754037,8037679
4,2021-05-16,51816,10685975,41745,6268670,9352,4076101,719,341204,21246,1090106,0.135624,30410,4992705,0.621163,22106,6082811,0.756787,8037679
4,2021-05-17,71462,10757437,52190,6320860,17427,4093528,1845,343049,28204,1077358,0.134038,43036,5035741,0.626517,30288,6113099,0.760555,8037679
4,2021-05-18,82084,10839521,53350,6374210,26977,4120505,1757,344806,29295,1056369,0.131427,52414,5088155,0.633038,31425,6144524,0.764465,8037679
4,2021-05-19,77155,10916676,52141,6426351,23060,4143565,1954,346760,30958,1043688,0.129849,45878,5134033,0.638746,33197,6177721,0.768595,8037679
4,2021-05-20,69375,10986051,44599,6470950,22769,4166334,2007,348767,25699,1028370,0.127944,43373,5177406,0.644142,28055,6205776,0.772086,8037679
4,2021-05-21,74084,11060135,48832,6519782,23370,4189704,1882,350649,26102,1008959,0.125529,47662,5225068,0.650072,28251,6234027,0.7756,8037679
4,2021-05-22,50159,11110294,35185,6554967,13697,4203401,1277,351926,21772,1004032,0.124916,28214,5253282,0.653582,23287,6257314,0.778498,8037679
4,2021-05-23,24001,11134295,17115,6572082,6161,4209562,725,352651,9733,1000462,0.124472,14140,5267422,0.655341,10570,6267884,0.779813,8037679
4,2021-05-24,43272,11177567,27508,6599590,12749,4222311,3015,355666,15133,990906,0.123283,27905,5295327,0.658813,18349,6286233,0.782096,8037679
4,2021-05-25,45099,11222666,28044,6627634,14219,4236530,2836,358502,15934,980991,0.122049,28909,5324236,0.66241,18994,6305227,0.784459,8037679
4,2021-05-26,44734,11267400,26798,6654432,15324,4251854,2612,361114,15864,970998,0.120806,28641,5352877,0.665973,18648,6323875,0.786779,8037679
4,2021-05-27,38969,11306369,23358,6677790,12469,4264323,3142,364256,14648,964841,0.12004,24110,5376987,0.668973,17953,6341828,0.789012,8037679
4,2021-05-28,43438,11349807,27640,6705430,14186,4278509,1612,365868,18895,961302,0.119599,24266,5401253,0.671992,20727,6362555,0.791591,8037679
4,2021-05-29,23725,11373532,15383,6720813,7408,4285917,934,366802,10865,960528,0.119503,12706,5413959,0.673572,11932,6374487,0.793076,8037679
4,2021-05-30,12101,11385633,8496,6729309,3075,4288992,530,367332,5015,959128,0.119329,7011,5420970,0.674445,5611,6380098,0.793774,8037679
4,2021-05-31,3620,11389253,2299,6731608,1157,4290149,164,367496,1155,958060,0.119196,2408,5423378,0.674744,1340,6381438,0.79394,8037679
4,2021-06-01,39505,11428758,24541,6756149,12518,4302667,2446,369942,13002,947455,0.117877,26267,5449645,0.678012,15662,6397100,0.795889,8037679
4,2021-06-02,32666,11461424,20392,6776541,9465,4312132,2809,372751,10875,939683,0.11691,21601,5471246,0.6807,13829,6410929,0.797609,8037679
4,2021-06-03,48134,11509558,36915,6813456,8758,4320890,2461,375212,10314,915132,0.113855,37640,5508886,0.685383,13089,6424018,0.799238,8037679
4,2021-06-04,54866,11564424,44162,6857618,9374,4330264,1330,376542,12700,888055,0.110486,41919,5550805,0.690598,14842,6438860,0.801084,8037679
4,2021-06-05,44855,11609279,38405,6896023,5455,4335719,995,377537,8712,862081,0.107255,35983,5586788,0.695075,10009,6448869,0.80233,8037679
4,2021-06-06,21256,11630535,18961,6914984,1730,4337449,565,378102,3916,849730,0.105718,17231,5604019,0.697219,4880,6453749,0.802937,8037679
4,2021-06-07,38739,11669274,31336,6946320,5470,4342919,1933,380035,8378,830113,0.103278,30220,5634239,0.700978,10603,6464352,0.804256,8037679
4,2021-06-08,40650,11709924,31886,6978206,6216,4349135,2548,382583,9415,811377,0.100947,31040,5665279,0.70484,12304,6476656,0.805787,8037679
4,2021-06-09,38970,11748894,30889,7009095,5714,4354849,2367,384950,7915,791133,0.098428,30880,5696159,0.708682,10636,6487292,0.80711,8037679
4,2021-06-10,37165,11786059,29275,7038370,5265,4360114,2625,387575,8378,773777,0.096269,28623,5724782,0.712243,11267,6498559,0.808512,8037679
4,2021-06-11,38330,11824389,30067,7068437,6246,4366360,2017,389592,9849,757676,0.094266,28317,5753099,0.715766,12216,6510775,0.810032,8037679
4,2021-06-12,26588,11850977,22110,7090547,3764,4370124,714,390306,6012,744158,0.092584,20464,5773563,0.718312,6946,6517721,0.810896,8037679
4,2021-06-13,10837,11861814,8562,7099109,1798,4371922,477,390783,2264,738504,0.09188,8504,5782067,0.71937,2850,6520571,0.81125,8037679
4,2021-06-14,28587,11890401,21374,7120483,4405,4376327,2808,393591,7759,728602,0.090648,20686,5802753,0.721944,10784,6531355,0.812592,8037679
4,2021-06-15,29959,11920360,21163,7141646,5387,4381714,3409,397000,8264,719004,0.089454,21526,5824279,0.724622,11928,6543283,0.814076,8037679
4,2021-06-16,26594,11946954,20032,7161678,3937,4385651,2625,399625,7996,711422,0.088511,18412,5842691,0.726913,10830,6554113,0.815424,8037679
4,2021-06-17,25151,11972105,18560,7180238,3694,4389345,2897,402522,7597,704747,0.08768,17362,5860053,0.729073,10687,6564800,0.816753,8037679
4,2021-06-18,26765,11998870,21104,7201342,4429,4393774,1232,403754,8251,696168,0.086613,18309,5878362,0.731351,9730,6574530,0.817964,8037679
4,2021-06-19,15777,12014647,12762,7214104,2308,4396082,707,404461,5061,691540,0.086037,10567,5888929,0.732665,5939,6580469,0.818703,8037679
4,2021-06-20,7362,12022009,6060,7220164,995,4397077,307,404768,2617,689862,0.085829,4686,5893615,0.733248,3008,6583477,0.819077,8037679
4,2021-06-21,14604,12036613,10551,7230715,2911,4399988,1142,405910,7334,691322,0.08601,7177,5900792,0.734141,8637,6592114,0.820151,8037679
4,2021-06-22,20511,12057124,15972,7246687,3459,4403447,1080,406990,7115,686406,0.085399,13263,5914055,0.735791,8347,6600461,0.82119,8037679
4,2021-06-23,18423,12075547,14454,7261141,2973,4406420,996,407986,6713,682671,0.084934,11569,5925624,0.737231,7834,6608295,0.822165,8037679
4,2021-06-24,17604,12093151,13608,7274749,3005,4409425,991,408977,6566,679481,0.084537,10881,5936505,0.738584,7691,6615986,0.823121,8037679
4,2021-06-25,21580,12114731,16946,7291695,3584,4413009,1050,410027,7806,674873,0.083964,13633,5950138,0.740281,9025,6625011,0.824244,8037679
4,2021-06-26,13096,12127827,10661,7302356,1817,4414826,618,410645,4815,672260,0.083639,8157,5958295,0.741295,5544,6630555,0.824934,8037679
4,2021-06-27,6850,12134677,5547,7307903,960,4415786,343,410988,2878,671605,0.083557,3931,5962226,0.741785,3276,6633831,0.825342,8037679
4,2021-06-28,15083,12149760,12658,7320561,1568,4417354,857,411845,6042,669688,0.083319,8942,5971168,0.742897,7025,6640856,0.826216,8037679
4,2021-06-29,16484,12166244,12785,7333346,2887,4420241,812,412657,6345,666950,0.082978,10017,5981185,0.744143,7279,6648135,0.827121,8037679
4,2021-06-30,14602,12180846,11385,7344731,2480,4422721,737,413394,6053,665442,0.08279,8416,5989601,0.74519,6908,6655043,0.827981,8037679
4,2021-07-01,14479,12195325,11410,7356141,2323,4425044,746,414140,5932,663833,0.08259,8424,5998025,0.746238,6815,6661858,0.828829,8037679
4,2021-07-02,16794,12212119,13316,7369457,2713,4427757,765,414905,6861,661759,0.082332,9828,6007853,0.747461,7754,6669612,0.829793,8037679
4,2021-07-03,9182,12221301,7287,7376744,1486,4429243,409,415314,3976,661076,0.082247,5125,6012978,0.748099,4442,6674054,0.830346,8037679
4,2021-07-04,439,12221740,274,7377018,105,4429348,60,415374,194,661102,0.08225,239,6013217,0.748129,265,6674319,0.830379,8037679
4,2021-07-05,9184,12230924,7468,7384486,1300,4430648,416,415790,4162,660786,0.082211,4943,6018160,0.748744,4627,6678946,0.830955,8037679
4,2021-07-06,16476,12247400,12973,7397459,2702,4433350,801,416591,6065,657479,0.0818,10284,6028444,0.750023,6977,6685923,0.831823,8037679
4,2021-07-07,13747,12261147,10726,7408185,2241,4435591,780,417371,5187,655118,0.081506,8450,6036894,0.751074,6089,6692012,0.83258,8037679
4,2021-07-08,13209,12274356,10316,7418501,2064,4437655,829,418200,5182,653316,0.081282,7903,6044797,0.752058,6101,6698113,0.833339,8037679
4,2021-07-09,15416,12289772,11821,7430322,2659,4440314,936,419136,6261,651623,0.081071,9006,6053803,0.753178,7313,6705426,0.834249,8037679
4,2021-07-10,8841,12298613,6995,7437317,1446,4441760,400,419536,3713,650755,0.080963,5041,6058844,0.753805,4173,6709599,0.834768,8037679
4,2021-07-11,4973,12303586,3979,7441296,793,4442553,201,419737,2226,650508,0.080932,2704,6061548,0.754142,2457,6712056,0.835074,8037679
4,2021-07-12,13031,12316617,10315,7451611,1996,4444549,720,420457,5058,648494,0.080682,7894,6069442,0.755124,5880,6717936,0.835805,8037679
4,2021-07-13,12825,12329442,9818,7461429,2373,4446922,634,421091,5455,647416,0.080548,7263,6076705,0.756027,6185,6724121,0.836575,8037679
4,2021-07-14,11722,12341164,9223,7470652,1948,4448870,551,421642,5074,646554,0.08044,6555,6083260,0.756843,5693,6729814,0.837283,8037679
4,2021-07-15,12415,12353579,9862,7480514,1966,4450836,587,422229,5643,646210,0.080398,6646,6089906,0.75767,6302,6736116,0.838067,8037679
4,2021-07-16,14993,12368572,11695,7492209,2630,4453466,668,422897,6920,645935,0.080363,7970,6097876,0.758661,7695,6743811,0.839025,8037679
4,2021-07-17,9357,12377929,7398,7499607,1634,4455100,325,423222,4429,645904,0.08036,4828,6102704,0.759262,4797,6748608,0.839621,8037679
4,2021-07-18,5346,12383275,4304,7503911,841,4455941,201,423423,2523,645885,0.080357,2764,6105468,0.759606,2745,6751353,0.839963,8037679
4,2021-07-19,12812,12396087,10152,7514063,2006,4457947,654,424077,6089,646076,0.080381,6631,6112099,0.760431,6822,6758175,0.840812,8037679
4,2021-07-20,13754,12409841,10600,7524663,2490,4460437,664,424741,6785,646784,0.080469,6823,6118922,0.76128,7531,6765706,0.841749,8037679
4,2021-07-21,12821,12422662,9943,7534606,2229,4462666,649,425390,6381,647568,0.080567,6303,6125225,0.762064,7087,6772793,0.84263,8037679
4,2021-07-22,13474,12436136,10514,7545120,2303,4464969,657,426047,7021,648989,0.080743,6319,6131544,0.76285,7740,6780533,0.843593,8037679
4,2021-07-23,15698,12451834,12116,7557236,2889,4467858,693,426740,8236,650716,0.080958,7290,6138834,0.763757,9017,6789550,0.844715,8037679
4,2021-07-24,9566,12461400,7495,7564731,1745,4469603,326,427066,4928,651520,0.081058,4500,6143334,0.764317,5304,6794854,0.845375,8037679
4,2021-07-25,4750,12466150,3735,7568466,857,4470460,158,427224,3347,653694,0.081329,1346,6144680,0.764484,3520,6798374,0.845813,8037679
4,2021-07-26,12962,12479112,10149,7578615,2135,4472595,678,427902,7551,656711,0.081704,5267,6149947,0.76514,8284,6806658,0.846844,8037679
4,2021-07-27,14304,12493416,10960,7589575,2586,4475181,758,428660,7719,658798,0.081964,6430,6156377,0.76594,8517,6815175,0.847903,8037679
4,2021-07-28,13187,12506603,10064,7599639,2423,4477604,700,429360,7319,661175,0.082259,5698,6162075,0.766649,8075,6823250,0.848908,8037679
4,2021-07-29,13479,12520082,10482,7610121,2284,4479888,713,430073,7567,663849,0.082592,5684,6167759,0.767356,8358,6831608,0.849948,8037679
4,2021-07-30,15777,12535859,12100,7622221,2887,4482775,790,430863,8575,666480,0.082919,6838,6174597,0.768206,9469,6841077,0.851126,8037679
4,2021-07-31,9744,12545603,7606,7629827,1718,4484493,420,431283,5516,668426,0.083162,4030,6178627,0.768708,5976,6847053,0.851869,8037679
4,2021-08-01,5426,12551029,4484,7634311,775,4485268,167,431450,3209,669725,0.083323,2111,6180738,0.76897,3410,6850463,0.852294,8037679
4,2021-08-02,14038,12565067,11214,7645525,2086,4487354,738,432188,8199,673103,0.083743,5628,6186366,0.769671,9006,6859469,0.853414,8037679
4,2021-08-03,14673,12579740,11281,7656806,2633,4489987,759,432947,8449,676387,0.084152,6000,6192366,0.770417,9284,6868753,0.854569,8037679
4,2021-08-04,13352,12593092,10404,7667210,2258,4492245,690,433637,7556,679089,0.084488,5585,6197951,0.771112,8287,6877040,0.8556,8037679
4,2021-08-05,14321,12607413,11306,7678516,2249,4494494,766,434403,8057,681949,0.084844,6013,6203964,0.77186,8873,6885913,0.856704,8037679
4,2021-08-06,17170,12624583,13190,7691706,3119,4497613,861,435264,9578,685185,0.085247,7272,6211236,0.772765,10508,6896421,0.858011,8037679
4,2021-08-07,10169,12634752,8084,7699790,1646,4499259,439,435703,5548,686773,0.085444,4440,6215676,0.773317,6028,6902449,0.858761,8037679
4,2021-08-08,6234,12640986,4958,7704748,1075,4500334,201,435904,3601,688108,0.08561,2497,6218173,0.773628,3832,6906281,0.859238,8037679
4,2021-08-09,14536,12655522,11782,7716530,2019,4502353,735,436639,7778,690166,0.085866,6532,6224705,0.774441,8590,6914871,0.860307,8037679
4,2021-08-10,14767,12670289,11393,7727923,2633,4504986,741,437380,7818,692086,0.086105,6703,6231408,0.775275,8623,6923494,0.86138,8037679
4,2021-08-11,12540,12682829,9622,7737545,2163,4507149,755,438135,6540,693666,0.086302,5746,6237154,0.775989,7326,6930820,0.862291,8037679
4,2021-08-12,14002,12696831,10674,7748219,2590,4509739,738,438873,7225,695232,0.086497,6443,6243597,0.776791,8009,6938829,0.863288,8037679
4,2021-08-13,17603,12714434,13062,7761281,3677,4513416,864,439737,8694,696608,0.086668,8253,6251850,0.777818,9629,6948458,0.864486,8037679
4,2021-08-14,12178,12726612,8693,7769974,2987,4516403,498,440235,5551,697768,0.086812,4952,6256802,0.778434,6112,6954570,0.865246,8037679
4,2021-08-15,7446,12734058,5445,7775419,1784,4518187,217,440452,3302,698432,0.086895,2898,6259700,0.778794,3562,6958132,0.865689,8037679
4,2021-08-16,17715,12751773,12249,7787668,4645,4522832,821,441273,7330,699391,0.087014,7277,6266977,0.7797,8236,6966368,0.866714,8037679
4,2021-08-17,6829,12758602,4655,7792323,1464,4524296,710,441983,2858,699596,0.08704,3417,6270394,0.780125,3622,6969990,0.867165,8037679
