vemquartile,administered_date,total_doses,cumulative_total_doses,pfizer_doses,cumulative_pfizer_doses,moderna_doses,cumulative_moderna_doses,jj_doses,cumulative_jj_doses,partially_vaccinated,total_partially_vaccinated,pct_age12pop_partially_vaccinated,fully_vaccinated,cumulative_fully_vaccinated,pct_age12pop_fully_vaccinated,at_least_one_dose,cumulative_at_least_one_dose,pct_age12pop_at_least_one_dose,age12_population
1,2020-12-15,148,148,148,148,0,0,0,0,148,148,1.7e-05,0,0,0.0,148,148,1.7e-05,8700223
1,2020-12-16,1178,1326,1178,1326,0,0,0,0,1178,1326,0.000152,0,0,0.0,1178,1326,0.000152,8700223
1,2020-12-17,4136,5462,4136,5462,0,0,0,0,4137,5463,0.000628,0,0,0.0,4137,5463,0.000628,8700223
1,2020-12-18,6323,11785,6303,11765,20,20,0,0,6324,11786,0.001355,1,1,0.0,6324,11787,0.001355,8700223
1,2020-12-19,2865,14650,2864,14629,1,21,0,0,2864,14649,0.001684,1,2,0.0,2864,14651,0.001684,8700223
1,2020-12-20,2118,16768,2111,16740,7,28,0,0,2119,16768,0.001927,0,2,0.0,2119,16770,0.001928,8700223
1,2020-12-21,7625,24393,7611,24351,14,42,0,0,7675,24443,0.002809,1,3,0.0,7676,24446,0.00281,8700223
1,2020-12-22,7279,31672,6939,31290,340,382,0,0,7281,31722,0.003646,2,5,1e-06,7281,31727,0.003647,8700223
1,2020-12-23,7830,39502,6579,37869,1251,1633,0,0,7823,39544,0.004545,2,7,1e-06,7824,39551,0.004546,8700223
1,2020-12-24,3299,42801,2358,40227,941,2574,0,0,3301,42845,0.004925,0,7,1e-06,3301,42852,0.004925,8700223
1,2020-12-25,237,43038,152,40379,85,2659,0,0,237,43082,0.004952,0,7,1e-06,237,43089,0.004953,8700223
1,2020-12-26,1350,44388,962,41341,388,3047,0,0,1349,44430,0.005107,1,8,1e-06,1349,44438,0.005108,8700223
1,2020-12-27,864,45252,531,41872,333,3380,0,0,864,45293,0.005206,1,9,1e-06,864,45302,0.005207,8700223
1,2020-12-28,7079,52331,4754,46626,2325,5705,0,0,7078,52371,0.00602,0,9,1e-06,7078,52380,0.006021,8700223
1,2020-12-29,8864,61195,4977,51603,3887,9592,0,0,8860,61230,0.007038,1,10,1e-06,8860,61240,0.007039,8700223
1,2020-12-30,11577,72772,6453,58056,5124,14716,0,0,11577,72807,0.008368,0,10,1e-06,11577,72817,0.00837,8700223
1,2020-12-31,5944,78716,1959,60015,3985,18701,0,0,5942,78747,0.009051,3,13,1e-06,5943,78760,0.009053,8700223
1,2021-01-01,557,79273,191,60206,366,19067,0,0,556,79302,0.009115,1,14,2e-06,556,79316,0.009117,8700223
1,2021-01-02,2898,82171,1762,61968,1136,20203,0,0,2900,82202,0.009448,0,14,2e-06,2900,82216,0.00945,8700223
1,2021-01-03,1022,83193,547,62515,475,20678,0,0,1020,83220,0.009565,2,16,2e-06,1020,83236,0.009567,8700223
1,2021-01-04,7349,90542,3577,66092,3772,24450,0,0,7353,90572,0.01041,1,17,2e-06,7353,90589,0.010412,8700223
1,2021-01-05,10783,101325,5194,71286,5589,30039,0,0,10032,99890,0.011481,736,753,8.7e-05,10054,100643,0.011568,8700223
1,2021-01-06,13999,115324,7030,78316,6969,37008,0,0,12114,110164,0.012662,1848,2601,0.000299,12122,112765,0.012961,8700223
1,2021-01-07,17367,132691,9079,87395,8288,45296,0,0,12919,118742,0.013648,4351,6952,0.000799,12929,125694,0.014447,8700223
1,2021-01-08,20079,152770,10404,97799,9675,54971,0,0,14189,127062,0.014604,5874,12826,0.001474,14194,139888,0.016079,8700223
1,2021-01-09,6680,159450,3372,101171,3308,58279,0,0,4832,130063,0.014949,1835,14661,0.001685,4836,144724,0.016635,8700223
1,2021-01-10,3069,162519,1745,102916,1324,59603,0,0,1885,130777,0.015031,1172,15833,0.00182,1886,146610,0.016851,8700223
1,2021-01-11,18022,180541,11804,114720,6218,65821,0,0,11494,135809,0.01561,6503,22336,0.002567,11535,158145,0.018177,8700223
1,2021-01-12,18863,199404,10733,125453,8130,73951,0,0,12917,142852,0.016419,5910,28246,0.003247,12953,171098,0.019666,8700223
1,2021-01-13,19718,219122,10667,136120,9051,83002,0,0,14571,152318,0.017507,5125,33371,0.003836,14591,185689,0.021343,8700223
1,2021-01-14,21852,240974,9383,145503,12469,95471,0,0,19112,168798,0.019402,2683,36054,0.004144,19163,204852,0.023546,8700223
1,2021-01-15,25108,266082,9237,154740,15871,111342,0,0,23171,190131,0.021854,1891,37945,0.004361,23224,228076,0.026215,8700223
1,2021-01-16,13863,279945,4540,159280,9323,120665,0,0,13000,202274,0.023249,859,38804,0.00446,13002,241078,0.027709,8700223
1,2021-01-17,5201,285146,2016,161296,3185,123850,0,0,4835,206752,0.023764,362,39166,0.004502,4840,245918,0.028266,8700223
1,2021-01-18,14264,299410,8582,169878,5682,129532,0,0,11102,214751,0.024683,3151,42317,0.004864,11150,257068,0.029547,8700223
1,2021-01-19,24676,324086,12877,182755,11799,141331,0,0,19475,229096,0.026332,5185,47502,0.00546,19530,276598,0.031792,8700223
1,2021-01-20,28687,352773,14044,196799,14643,155974,0,0,23032,246566,0.02834,5600,53102,0.006104,23070,299668,0.034444,8700223
1,2021-01-21,30873,383646,14339,211138,16534,172508,0,0,27698,271251,0.031177,3108,56210,0.006461,27793,327461,0.037638,8700223
1,2021-01-22,28149,411795,11179,222317,16970,189478,0,0,26161,295497,0.033964,1944,58154,0.006684,26190,353651,0.040648,8700223
1,2021-01-23,18681,430476,8201,230518,10480,199958,0,0,16753,310346,0.035671,1914,60068,0.006904,16763,370414,0.042575,8700223
1,2021-01-24,6659,437135,4156,234674,2503,202461,0,0,6003,315702,0.036287,652,60720,0.006979,6008,376422,0.043266,8700223
1,2021-01-25,25197,462332,10423,245097,14774,217235,0,0,19508,329637,0.037888,5668,66388,0.007631,19603,396025,0.045519,8700223
1,2021-01-26,28569,490901,13404,258501,15165,232400,0,0,21980,345094,0.039665,6545,72933,0.008383,22002,418027,0.048048,8700223
1,2021-01-27,32356,523257,15416,273917,16940,249340,0,0,24379,361590,0.041561,7914,80847,0.009293,24410,442437,0.050854,8700223
1,2021-01-28,34698,557955,16308,290225,18390,267730,0,0,27875,382764,0.043995,6767,87614,0.01007,27941,470378,0.054065,8700223
1,2021-01-29,33437,591392,16424,306649,17013,284743,0,0,26968,403435,0.046371,6336,93950,0.010799,27007,497385,0.057169,8700223
1,2021-01-30,20208,611600,8820,315469,11388,296131,0,0,18101,419463,0.048213,2082,96032,0.011038,18110,515495,0.059251,8700223
1,2021-01-31,7603,619203,4970,320439,2633,298764,0,0,6961,425786,0.04894,641,96673,0.011112,6964,522459,0.060051,8700223
1,2021-02-01,28532,647735,12430,332869,16102,314866,0,0,20902,439108,0.050471,7586,104259,0.011983,20908,543367,0.062454,8700223
1,2021-02-02,32056,679791,11531,344400,20525,335391,0,0,24143,455438,0.052348,7847,112106,0.012885,24177,567544,0.065233,8700223
1,2021-02-03,39113,718904,15034,359434,24079,359470,0,0,28280,473048,0.054372,10704,122810,0.014116,28314,595858,0.068488,8700223
1,2021-02-04,43550,762454,16995,376429,26555,386025,0,0,31660,492971,0.056662,11785,134595,0.01547,31708,627566,0.072132,8700223
1,2021-02-05,46621,809075,17282,393711,29339,415364,0,0,30728,507988,0.058388,15761,150356,0.017282,30778,658344,0.07567,8700223
1,2021-02-06,26493,835568,10531,404242,15962,431326,0,0,20662,522875,0.060099,5792,156148,0.017948,20679,679023,0.078047,8700223
1,2021-02-07,6268,841836,4045,408287,2223,433549,0,0,4659,525958,0.060453,1594,157742,0.018131,4677,683700,0.078584,8700223
1,2021-02-08,31287,873123,14303,422590,16984,450533,0,0,20906,536652,0.061683,10305,168047,0.019315,20999,704699,0.080998,8700223
1,2021-02-09,38149,911272,16839,439429,21310,471843,0,0,23584,545736,0.062727,14574,182621,0.02099,23658,728357,0.083717,8700223
1,2021-02-10,46661,957933,21949,461378,24712,496555,0,0,26941,553128,0.063576,19626,202247,0.023246,27018,755375,0.086822,8700223
1,2021-02-11,51295,1009228,25252,486630,26043,522598,0,0,30906,564018,0.064828,20115,222362,0.025558,31005,786380,0.090386,8700223
1,2021-02-12,49333,1058561,21308,507938,28025,550623,0,0,28469,571874,0.065731,20750,243112,0.027943,28606,814986,0.093674,8700223
1,2021-02-13,26008,1084569,11341,519279,14667,565290,0,0,15078,576168,0.066225,10860,253972,0.029191,15154,830140,0.095416,8700223
1,2021-02-14,11619,1096188,5485,524764,6134,571424,0,0,6633,577906,0.066424,4960,258932,0.029762,6698,836838,0.096186,8700223
1,2021-02-15,23570,1119758,9272,534036,14298,585722,0,0,14369,583292,0.067043,9099,268031,0.030807,14485,851323,0.097851,8700223
1,2021-02-16,46398,1166156,22247,556283,24151,609873,0,0,27329,591731,0.068013,19001,287032,0.032991,27440,878763,0.101005,8700223
1,2021-02-17,47812,1213968,24196,580479,23616,633489,0,0,25931,596043,0.068509,21764,308796,0.035493,26076,904839,0.104002,8700223
1,2021-02-18,50278,1264246,25100,605579,25178,658667,0,0,26204,598589,0.068802,23878,332674,0.038237,26424,931263,0.107039,8700223
1,2021-02-19,45542,1309788,24701,630280,20841,679508,0,0,25754,604720,0.069506,19688,352362,0.0405,25819,957082,0.110007,8700223
1,2021-02-20,26957,1336745,16450,646730,10507,690015,0,0,15503,608886,0.069985,11412,363774,0.041812,15578,972660,0.111797,8700223
1,2021-02-21,11489,1348234,10241,656971,1248,691263,0,0,6832,611157,0.070246,4610,368384,0.042342,6881,979541,0.112588,8700223
1,2021-02-22,29882,1378116,19645,676616,10237,701500,0,0,17607,616645,0.070877,12221,380605,0.043747,17709,997250,0.114623,8700223
1,2021-02-23,43007,1421123,20962,697578,22045,723545,0,0,24157,622444,0.071543,18719,399324,0.045898,24518,1021768,0.117442,8700223
1,2021-02-24,52954,1474077,25675,723253,27279,750824,0,0,29714,629467,0.072351,23140,422464,0.048558,30163,1051931,0.120909,8700223
1,2021-02-25,65114,1539191,31690,754943,33424,784248,0,0,40817,646592,0.074319,24193,446657,0.051339,41318,1093249,0.125658,8700223
1,2021-02-26,72992,1612183,34297,789240,38695,822943,0,0,48168,670567,0.077075,24670,471327,0.054174,48645,1141894,0.131249,8700223
1,2021-02-27,50095,1662278,23159,812399,26929,849872,7,7,33346,687549,0.079027,16635,487962,0.056086,33617,1175511,0.135113,8700223
1,2021-02-28,19342,1681620,11482,823881,7858,857730,2,9,14288,696984,0.080111,4993,492955,0.05666,14428,1189939,0.136771,8700223
1,2021-03-01,44026,1725646,20353,844234,23640,881370,33,42,28499,710350,0.081647,15400,508355,0.05843,28766,1218705,0.140077,8700223
1,2021-03-02,61679,1787325,26884,871118,34788,916158,7,49,39785,728981,0.083789,21779,530134,0.060933,40410,1259115,0.144722,8700223
1,2021-03-03,69414,1856739,33101,904219,36293,952451,20,69,42432,745167,0.085649,26858,556992,0.06402,43044,1302159,0.14967,8700223
1,2021-03-04,77529,1934268,36399,940618,41096,993547,34,103,49983,768300,0.088308,27390,584382,0.067169,50523,1352682,0.155477,8700223
1,2021-03-05,76696,2010964,34737,975355,41754,1035301,205,308,51472,795591,0.091445,25018,609400,0.070044,52309,1404991,0.161489,8700223
1,2021-03-06,57056,2068020,27248,1002603,28470,1063771,1338,1646,38887,818077,0.094029,18106,627506,0.072125,40592,1445583,0.166155,8700223
1,2021-03-07,20138,2088158,12823,1015426,6503,1070274,812,2458,15156,829344,0.095324,4963,632469,0.072696,16230,1461813,0.16802,8700223
1,2021-03-08,44188,2132346,21088,1036514,21225,1091499,1875,4333,30975,849397,0.097629,13137,645606,0.074206,33190,1495003,0.171835,8700223
1,2021-03-09,65544,2197890,31650,1068164,31416,1122915,2478,6811,40496,867775,0.099742,24938,670544,0.077072,43316,1538319,0.176814,8700223
1,2021-03-10,72332,2270222,36135,1104299,31824,1154739,4373,11184,44956,890230,0.102323,27245,697789,0.080204,49700,1588019,0.182526,8700223
1,2021-03-11,88667,2358889,40504,1144803,40246,1194985,7917,19101,51962,914096,0.105066,36479,734268,0.084396,60345,1648364,0.189462,8700223
1,2021-03-12,97253,2456142,42597,1187400,42316,1237301,12340,31441,56988,943833,0.108484,40083,774351,0.089004,69820,1718184,0.197487,8700223
1,2021-03-13,64772,2520914,29324,1216724,27755,1265056,7693,39134,41443,970098,0.111503,23223,797574,0.091673,49488,1767672,0.203175,8700223
1,2021-03-14,27556,2548470,14855,1231579,9136,1274192,3565,42699,15662,977687,0.112375,11839,809413,0.093034,19428,1787100,0.205409,8700223
1,2021-03-15,64340,2612810,28157,1259736,29485,1303677,6698,49397,38086,996753,0.114566,26078,835491,0.096031,45144,1832244,0.210597,8700223
1,2021-03-16,84693,2697503,38415,1298151,40742,1344419,5536,54933,52801,1023741,0.117668,31715,867206,0.099676,58703,1890947,0.217345,8700223
1,2021-03-17,91661,2789164,44302,1342453,40828,1385247,6531,61464,59108,1057369,0.121534,32387,899593,0.103399,66015,1956962,0.224932,8700223
1,2021-03-18,97301,2886465,50044,1392497,41645,1426892,5612,67076,59516,1085519,0.124769,37473,937066,0.107706,65623,2022585,0.232475,8700223
1,2021-03-19,102443,2988908,52951,1445448,43365,1470257,6127,73203,60660,1111305,0.127733,41534,978600,0.11248,67320,2089905,0.240213,8700223
1,2021-03-20,71931,3060839,37035,1482483,29693,1499950,5203,78406,46437,1137905,0.13079,25329,1003929,0.115391,51929,2141834,0.246182,8700223
1,2021-03-21,26918,3087757,18796,1501279,6319,1506269,1803,80209,17372,1147707,0.131917,9471,1013400,0.11648,19273,2161107,0.248397,8700223
1,2021-03-22,58500,3146257,30125,1531404,25097,1531366,3278,83487,39705,1172448,0.134761,18611,1032011,0.118619,43352,2204459,0.25338,8700223
1,2021-03-23,82080,3228337,41594,1572998,36877,1568243,3609,87096,50990,1196614,0.137538,30893,1062904,0.12217,55059,2259518,0.259708,8700223
1,2021-03-24,86997,3315334,43909,1616907,38755,1606998,4333,91429,52659,1219669,0.140188,34113,1097017,0.126091,57168,2316686,0.266279,8700223
1,2021-03-25,95586,3410920,48616,1665523,41160,1648158,5810,97239,53797,1237980,0.142293,41514,1138531,0.130862,59825,2376511,0.273155,8700223
1,2021-03-26,103521,3514441,50461,1715984,46811,1694969,6249,103488,56278,1253851,0.144117,46960,1185491,0.13626,62831,2439342,0.280377,8700223
1,2021-03-27,73495,3587936,37980,1753964,31332,1726301,4183,107671,38097,1261135,0.144954,35202,1220693,0.140306,42486,2481828,0.28526,8700223
1,2021-03-28,32498,3620434,21286,1775250,10002,1736303,1210,108881,16499,1263376,0.145212,15902,1236595,0.142134,18143,2499971,0.287346,8700223
1,2021-03-29,66306,3686740,32908,1808158,30307,1766610,3091,111972,36967,1274472,0.146487,29171,1265766,0.145487,40267,2540238,0.291974,8700223
1,2021-03-30,90808,3777548,44717,1852875,39807,1806417,6284,118256,47218,1284632,0.147655,43442,1309208,0.15048,53602,2593840,0.298135,8700223
1,2021-03-31,99744,3877292,52216,1905091,41593,1848010,5935,124191,55144,1301457,0.149589,44332,1353540,0.155575,61157,2654997,0.305164,8700223
1,2021-04-01,110442,3987734,52893,1957984,49140,1897150,8409,132600,56752,1313358,0.150957,53333,1406873,0.161705,65234,2720231,0.312662,8700223
1,2021-04-02,109887,4097621,50164,2008148,50122,1947272,9601,142201,56342,1326363,0.152452,53168,1460041,0.167817,66173,2786404,0.320268,8700223
1,2021-04-03,77591,4175212,38999,2047147,28998,1976270,9594,151795,36364,1331337,0.153023,41068,1501109,0.172537,46042,2832446,0.32556,8700223
1,2021-04-04,23661,4198873,11770,2058917,8436,1984706,3455,155250,9932,1331043,0.15299,13675,1514784,0.174109,13381,2845827,0.327098,8700223
1,2021-04-05,75370,4274243,36174,2095091,30062,2014768,9134,164384,34308,1333781,0.153304,40885,1555669,0.178808,43623,2889450,0.332112,8700223
1,2021-04-06,102645,4376888,48642,2143733,37496,2052264,16507,180891,46620,1341188,0.154156,55779,1611448,0.185219,63186,2952636,0.339375,8700223
1,2021-04-07,110311,4487199,53346,2197079,39557,2091821,17408,198299,50242,1349062,0.155061,59827,1671275,0.192096,67701,3020337,0.347156,8700223
1,2021-04-08,121157,4608356,57225,2254304,43114,2134935,20818,219117,53798,1356756,0.155945,67008,1738283,0.199798,74702,3095039,0.355742,8700223
1,2021-04-09,121724,4730080,55616,2309920,45586,2180521,20522,239639,53837,1363678,0.156741,67551,1805834,0.207562,74473,3169512,0.364302,8700223
1,2021-04-10,95163,4825243,42316,2352236,30251,2210772,22596,262235,37218,1365739,0.156977,57767,1863601,0.214202,59828,3229340,0.371179,8700223
1,2021-04-11,36135,4861378,20166,2372402,9344,2220116,6625,268860,14758,1365912,0.156997,21326,1884927,0.216653,21499,3250839,0.37365,8700223
1,2021-04-12,73433,4934811,32596,2404998,30902,2251018,9935,278795,31271,1365375,0.156936,41913,1926840,0.22147,41376,3292215,0.378406,8700223
1,2021-04-13,96440,5031251,51530,2456528,44576,2295594,334,279129,52174,1374252,0.157956,44012,1970852,0.226529,52889,3345104,0.384485,8700223
1,2021-04-14,103861,5135112,53644,2510172,50148,2345742,69,279198,52881,1377046,0.158277,50646,2021498,0.23235,53440,3398544,0.390627,8700223
1,2021-04-15,105051,5240163,57017,2567189,47948,2393690,86,279284,56464,1385807,0.159284,48068,2069566,0.237875,56829,3455373,0.397159,8700223
1,2021-04-16,109033,5349196,56088,2623277,52858,2446548,87,279371,54867,1387350,0.159461,53736,2123302,0.244051,55279,3510652,0.403513,8700223
1,2021-04-17,82192,5431388,44597,2667874,37585,2484133,10,279381,46221,1398016,0.160687,35786,2159088,0.248165,46452,3557104,0.408852,8700223
1,2021-04-18,28920,5460308,19299,2687173,9614,2493747,7,279388,14684,1398760,0.160773,14163,2173251,0.249793,14907,3572011,0.410565,8700223
1,2021-04-19,64662,5524970,32996,2720169,31654,2525401,12,279400,29312,1393173,0.160131,35051,2208302,0.253821,29464,3601475,0.413952,8700223
1,2021-04-20,85678,5610648,42616,2762785,43042,2568443,20,279420,40655,1389297,0.159685,44753,2253055,0.258965,40877,3642352,0.41865,8700223
1,2021-04-21,91922,5702570,46855,2809640,44973,2613416,94,279514,41265,1380679,0.158695,50186,2303241,0.264734,41568,3683920,0.423428,8700223
1,2021-04-22,94253,5796823,48591,2858231,45646,2659062,16,279530,43400,1373896,0.157915,50416,2353657,0.270528,43633,3727553,0.428443,8700223
1,2021-04-23,98041,5894864,50319,2908550,47697,2706759,25,279555,46560,1369655,0.157428,51047,2404704,0.276396,46806,3774359,0.433823,8700223
1,2021-04-24,74915,5969779,46570,2955120,28321,2735080,24,279579,42555,1380218,0.158642,32271,2436975,0.280105,42834,3817193,0.438747,8700223
1,2021-04-25,26913,5996692,17138,2972258,9764,2744844,11,279590,15423,1384390,0.159121,11395,2448370,0.281415,15567,3832760,0.440536,8700223
1,2021-04-26,64676,6061368,33666,3005924,30609,2775453,401,279991,31039,1382795,0.158938,33374,2481744,0.285251,31779,3864539,0.444188,8700223
1,2021-04-27,78876,6140244,41869,3047793,35747,2811200,1260,281251,34089,1373950,0.157921,44540,2526284,0.29037,35695,3900234,0.448291,8700223
1,2021-04-28,78977,6219221,41523,3089316,35968,2847168,1486,282737,34827,1366626,0.157079,43867,2570151,0.295412,36543,3936777,0.452492,8700223
1,2021-04-29,80927,6300148,44294,3133610,35057,2882225,1576,284313,32786,1353294,0.155547,47855,2618006,0.300913,34523,3971300,0.45646,8700223
1,2021-04-30,88293,6388441,47729,3181339,38752,2920977,1812,286125,36705,1340666,0.154096,51316,2669322,0.306811,38688,4009988,0.460906,8700223
1,2021-05-01,61810,6450251,39995,3221334,20443,2941420,1372,287497,26020,1332674,0.153177,35612,2704934,0.310904,27620,4037608,0.464081,8700223
1,2021-05-02,23168,6473419,16373,3237707,6230,2947650,565,288062,9423,1329046,0.15276,13647,2718581,0.312473,10019,4047627,0.465233,8700223
1,2021-05-03,54399,6527818,30171,3267878,22450,2970100,1778,289840,19803,1316293,0.151294,34389,2752970,0.316425,21636,4069263,0.467719,8700223
1,2021-05-04,72208,6600026,41310,3309188,28866,2998966,2032,291872,25847,1298154,0.149209,46107,2799077,0.321725,27968,4097231,0.470934,8700223
1,2021-05-05,74232,6674258,42691,3351879,29302,3028268,2239,294111,25231,1276980,0.146776,48718,2847795,0.327324,27544,4124775,0.4741,8700223
1,2021-05-06,75910,6750168,45463,3397342,28289,3056557,2158,296269,23822,1251357,0.14383,51761,2899556,0.333274,26138,4150913,0.477104,8700223
1,2021-05-07,79669,6829837,45388,3442730,32139,3088696,2142,298411,26643,1227552,0.141094,52653,2952209,0.339326,28848,4179761,0.48042,8700223
1,2021-05-08,54193,6884030,33847,3476577,18778,3107474,1568,299979,18226,1211750,0.139278,35689,2987898,0.343428,19887,4199648,0.482706,8700223
1,2021-05-09,17641,6901671,12551,3489128,4616,3112090,474,300453,5453,1205599,0.138571,12114,3000012,0.34482,5963,4205611,0.483391,8700223
1,2021-05-10,42043,6943714,21056,3510184,19222,3131312,1765,302218,14136,1193901,0.137226,27693,3027705,0.348003,15995,4221606,0.48523,8700223
1,2021-05-11,59481,7003195,31824,3542008,25556,3156868,2101,304319,19465,1175814,0.135148,39776,3067481,0.352575,21689,4243295,0.487723,8700223
1,2021-05-12,60158,7063353,31882,3573890,26266,3183134,2010,306329,20328,1158664,0.133176,39562,3107043,0.357122,22412,4265707,0.490299,8700223
1,2021-05-13,63439,7126792,36975,3610865,24540,3207674,1924,308253,24335,1146433,0.131771,38776,3145819,0.361579,26545,4292252,0.49335,8700223
1,2021-05-14,73267,7200059,44019,3654884,26939,3234613,2309,310562,29805,1135703,0.130537,43146,3188965,0.366538,32416,4324668,0.497076,8700223
1,2021-05-15,64226,7264285,42079,3696963,20451,3255064,1696,312258,25398,1124290,0.129225,38580,3227545,0.370973,27167,4351835,0.500198,8700223
1,2021-05-16,24002,7288287,17513,3714476,5874,3260938,615,312873,9672,1120389,0.128777,14231,3241776,0.372608,10330,4362165,0.501385,8700223
1,2021-05-17,53503,7341790,32703,3747179,19055,3279993,1745,314618,23093,1115113,0.128171,30178,3271954,0.376077,24902,4387067,0.504248,8700223
1,2021-05-18,63841,7405631,38432,3785611,23598,3303591,1811,316429,28158,1109740,0.127553,35429,3307383,0.380149,30056,4417123,0.507702,8700223
1,2021-05-19,65492,7471123,39934,3825545,23647,3327238,1911,318340,30051,1106604,0.127193,35185,3342568,0.384193,32049,4449172,0.511386,8700223
1,2021-05-20,63036,7534159,36615,3862160,24267,3351505,2154,320494,26661,1099570,0.126384,36080,3378648,0.38834,29046,4478218,0.514725,8700223
1,2021-05-21,69015,7603174,41271,3903431,25898,3377403,1846,322340,29362,1091610,0.125469,39286,3417934,0.392856,31326,4509544,0.518325,8700223
1,2021-05-22,54861,7658035,36261,3939692,16937,3394340,1663,324003,24079,1086930,0.124931,30542,3448476,0.396366,25862,4535406,0.521298,8700223
1,2021-05-23,19409,7677444,13510,3953202,5319,3399659,580,324583,9182,1086598,0.124893,10126,3458602,0.39753,9794,4545200,0.522423,8700223
1,2021-05-24,42259,7719703,23283,3976485,17168,3416827,1808,326391,17178,1080807,0.124228,24857,3483459,0.400387,19066,4564266,0.524615,8700223
1,2021-05-25,50131,7769834,28994,4005479,19492,3436319,1645,328036,21181,1075034,0.123564,28701,3512160,0.403686,22928,4587194,0.52725,8700223
1,2021-05-26,47801,7817635,27120,4032599,18810,3455129,1871,329907,20704,1070863,0.123085,26813,3538973,0.406768,22642,4609836,0.529853,8700223
1,2021-05-27,46411,7864046,26114,4058713,18415,3473544,1882,331789,20576,1067866,0.12274,25570,3564543,0.409707,22573,4632409,0.532447,8700223
1,2021-05-28,51395,7915441,28653,4087366,20973,3494517,1769,333558,23433,1065525,0.122471,27682,3592225,0.412889,25341,4657750,0.53536,8700223
1,2021-05-29,30058,7945499,18216,4105582,10914,3505431,928,334486,14654,1065928,0.122517,15252,3607477,0.414642,15655,4673405,0.537159,8700223
1,2021-05-30,11521,7957020,7456,4113038,3522,3508953,543,335029,5638,1066322,0.122563,5818,3613295,0.415311,6212,4679617,0.537873,8700223
1,2021-05-31,5675,7962695,3234,4116272,2189,3511142,252,335281,2010,1064982,0.122409,3614,3616909,0.415726,2274,4681891,0.538135,8700223
1,2021-06-01,45041,8007736,25540,4141812,18008,3529150,1493,336774,18010,1057841,0.121588,26741,3643650,0.4188,19600,4701491,0.540387,8700223
1,2021-06-02,39390,8047126,22933,4164745,14999,3544149,1458,338232,16408,1053091,0.121042,22708,3666358,0.42141,17958,4719449,0.542451,8700223
1,2021-06-03,40718,8087844,25573,4190318,13516,3557665,1629,339861,16270,1046898,0.12033,24175,3690533,0.424188,17982,4737431,0.544518,8700223
1,2021-06-04,49128,8136972,31637,4221955,15761,3573426,1730,341591,18502,1036905,0.119181,30319,3720852,0.427673,20326,4757757,0.546855,8700223
1,2021-06-05,39259,8176231,26991,4248946,10531,3583957,1737,343328,14413,1028480,0.118213,24638,3745490,0.430505,16213,4773970,0.548718,8700223
1,2021-06-06,12833,8189064,10275,4259221,2067,3586024,491,343819,4712,1025708,0.117894,8046,3753536,0.43143,5274,4779244,0.549324,8700223
1,2021-06-07,33426,8222490,23118,4282339,8984,3595008,1324,345143,12111,1018089,0.117019,21124,3774660,0.433858,13505,4792749,0.550877,8700223
1,2021-06-08,41358,8263848,28693,4311032,11092,3606100,1573,346716,14776,1008219,0.115884,26339,3800999,0.436885,16469,4809218,0.55277,8700223
1,2021-06-09,41318,8305166,28833,4339865,10914,3617014,1571,348287,13525,995888,0.114467,27523,3828522,0.440049,15192,4824410,0.554516,8700223
1,2021-06-10,37740,8342906,25497,4365362,10680,3627694,1563,349850,13091,986230,0.113357,24436,3852958,0.442857,14778,4839188,0.556214,8700223
1,2021-06-11,42303,8385209,28188,4393550,12542,3640236,1573,351423,15004,975870,0.112166,27031,3879989,0.445964,16671,4855859,0.55813,8700223
1,2021-06-12,32222,8417431,23257,4416807,7825,3648061,1140,352563,10344,965743,0.111002,21685,3901674,0.448457,11558,4867417,0.559459,8700223
1,2021-06-13,11078,8428509,7973,4424780,2652,3650713,453,353016,3223,961661,0.110533,7793,3909467,0.449353,3711,4871128,0.559885,8700223
1,2021-06-14,25448,8453957,16370,4441150,7982,3658695,1096,354112,9289,956062,0.109889,16010,3925477,0.451193,10411,4881539,0.561082,8700223
1,2021-06-15,15733,8469690,10620,4451770,4257,3662952,856,354968,5373,952107,0.109435,10259,3935736,0.452372,6304,4887843,0.561807,8700223
2,2020-12-15,240,240,240,240,0,0,0,0,240,240,2.9e-05,0,0,0.0,240,240,2.9e-05,8407551
2,2020-12-16,2073,2313,2073,2313,0,0,0,0,2072,2312,0.000275,0,0,0.0,2072,2312,0.000275,8407551
2,2020-12-17,6826,9139,6826,9139,0,0,0,0,6827,9139,0.001087,0,0,0.0,6827,9139,0.001087,8407551
2,2020-12-18,11055,20194,11036,20175,19,19,0,0,11055,20194,0.002402,0,0,0.0,11055,20194,0.002402,8407551
2,2020-12-19,5589,25783,5583,25758,6,25,0,0,5590,25784,0.003067,0,0,0.0,5590,25784,0.003067,8407551
2,2020-12-20,4213,29996,4204,29962,9,34,0,0,4209,29993,0.003567,0,0,0.0,4209,29993,0.003567,8407551
2,2020-12-21,12761,42757,12736,42698,25,59,0,0,12716,42709,0.00508,0,0,0.0,12716,42709,0.00508,8407551
2,2020-12-22,12122,54879,11609,54307,513,572,0,0,12121,54830,0.006522,0,0,0.0,12121,54830,0.006522,8407551
2,2020-12-23,11692,66571,9474,63781,2218,2790,0,0,11695,66525,0.007913,1,1,0.0,11696,66526,0.007913,8407551
2,2020-12-24,5862,72433,3494,67275,2368,5158,0,0,5858,72382,0.008609,3,4,0.0,5860,72386,0.00861,8407551
2,2020-12-25,480,72913,402,67677,78,5236,0,0,481,72863,0.008666,0,4,0.0,481,72867,0.008667,8407551
2,2020-12-26,2562,75475,1666,69343,896,6132,0,0,2563,75425,0.008971,1,5,1e-06,2563,75430,0.008972,8407551
2,2020-12-27,2223,77698,1207,70550,1016,7148,0,0,2220,77643,0.009235,2,7,1e-06,2220,77650,0.009236,8407551
2,2020-12-28,10988,88686,7148,77698,3840,10988,0,0,10988,88630,0.010542,1,8,1e-06,10988,88638,0.010543,8407551
2,2020-12-29,12690,101376,7150,84848,5540,16528,0,0,12695,101325,0.012052,0,8,1e-06,12695,101333,0.012053,8407551
2,2020-12-30,15375,116751,8645,93493,6730,23258,0,0,15387,116708,0.013881,6,14,2e-06,15389,116722,0.013883,8407551
2,2020-12-31,7546,124297,2827,96320,4719,27977,0,0,7540,124244,0.014778,4,18,2e-06,7540,124262,0.01478,8407551
2,2021-01-01,1165,125462,564,96884,601,28578,0,0,1164,125405,0.014916,3,21,2e-06,1164,125426,0.014918,8407551
2,2021-01-02,4826,130288,2748,99632,2078,30656,0,0,4824,130229,0.01549,0,21,2e-06,4824,130250,0.015492,8407551
2,2021-01-03,1381,131669,787,100419,594,31250,0,0,1376,131602,0.015653,3,24,3e-06,1376,131626,0.015656,8407551
2,2021-01-04,11634,143303,5557,105976,6077,37327,0,0,11623,143222,0.017035,3,27,3e-06,11623,143249,0.017038,8407551
2,2021-01-05,13841,157144,6902,112878,6939,44266,0,0,12653,154725,0.018403,1182,1209,0.000144,12685,155934,0.018547,8407551
2,2021-01-06,18961,176105,10450,123328,8511,52777,0,0,15213,166246,0.019773,3700,4909,0.000584,15221,171155,0.020357,8407551
2,2021-01-07,22966,199071,12895,136223,10071,62848,0,0,15547,174376,0.02074,7432,12341,0.001468,15562,186717,0.022208,8407551
2,2021-01-08,26397,225468,15956,152179,10441,73289,0,0,16303,180646,0.021486,10054,22395,0.002664,16324,203041,0.02415,8407551
2,2021-01-09,9738,235206,5668,157847,4070,77359,0,0,6236,183374,0.021811,3514,25909,0.003082,6242,209283,0.024892,8407551
2,2021-01-10,5260,240466,2925,160772,2335,79694,0,0,3040,184184,0.021907,2235,28144,0.003347,3045,212328,0.025254,8407551
2,2021-01-11,25947,266413,17816,178588,8131,87825,0,0,14995,188252,0.022391,10976,39120,0.004653,15044,227372,0.027044,8407551
2,2021-01-12,26210,292623,16298,194886,9912,97737,0,0,16658,195420,0.023243,9570,48690,0.005791,16738,244110,0.029035,8407551
2,2021-01-13,28477,321100,15107,209993,13370,111107,0,0,20516,208018,0.024742,7953,56643,0.006737,20551,264661,0.031479,8407551
2,2021-01-14,30288,351388,11562,221555,18726,129833,0,0,26067,229908,0.027345,4242,60885,0.007242,26132,290793,0.034587,8407551
2,2021-01-15,34995,386383,12702,234257,22293,152126,0,0,31741,258475,0.030743,3258,64143,0.007629,31825,322618,0.038372,8407551
2,2021-01-16,17881,404264,5883,240140,11998,164124,0,0,16557,273697,0.032554,1348,65491,0.00779,16570,339188,0.040343,8407551
2,2021-01-17,10565,414829,3567,243707,6998,171122,0,0,9850,282815,0.033638,740,66231,0.007878,9858,349046,0.041516,8407551
2,2021-01-18,19660,434489,11006,254713,8654,179776,0,0,14881,292953,0.034844,4796,71027,0.008448,14934,363980,0.043292,8407551
2,2021-01-19,32464,466953,16954,271667,15510,195286,0,0,24481,309565,0.03682,7985,79012,0.009398,24597,388577,0.046218,8407551
2,2021-01-20,37143,504096,18591,290258,18552,213838,0,0,28512,329565,0.039199,8606,87618,0.010421,28606,417183,0.04962,8407551
2,2021-01-21,40613,544709,17170,307428,23443,237281,0,0,36176,361496,0.042997,4414,92032,0.010946,36345,453528,0.053943,8407551
2,2021-01-22,39309,584018,16432,323860,22877,260158,0,0,35990,394194,0.046886,3318,95350,0.011341,36016,489544,0.058227,8407551
2,2021-01-23,24057,608075,10815,334675,13242,273400,0,0,21106,412400,0.049051,2928,98278,0.011689,21134,510678,0.06074,8407551
2,2021-01-24,12425,620500,6147,340822,6278,279678,0,0,11511,423021,0.050314,901,99179,0.011796,11522,522200,0.062111,8407551
2,2021-01-25,33752,654252,15562,356384,18190,297868,0,0,24978,439410,0.052264,8717,107896,0.012833,25106,547306,0.065097,8407551
2,2021-01-26,40147,694399,19720,376104,20427,318295,0,0,31146,461665,0.054911,8975,116871,0.013901,31230,578536,0.068811,8407551
2,2021-01-27,45478,739877,22727,398831,22751,341046,0,0,35404,487173,0.057945,9956,126827,0.015085,35464,614000,0.07303,8407551
2,2021-01-28,47877,787754,22517,421348,25360,366406,0,0,39268,517969,0.061608,8547,135374,0.016101,39343,653343,0.077709,8407551
2,2021-01-29,45478,833232,22095,443443,23383,389789,0,0,36866,546403,0.06499,8505,143879,0.017113,36939,690282,0.082103,8407551
2,2021-01-30,31186,864418,13492,456935,17694,407483,0,0,27868,571025,0.067918,3278,147157,0.017503,27900,718182,0.085421,8407551
2,2021-01-31,17186,881604,10277,467212,6909,414392,0,0,16024,585923,0.06969,1145,148302,0.017639,16043,734225,0.087329,8407551
2,2021-02-01,40842,922446,19721,486933,21121,435513,0,0,30062,605287,0.071993,10738,159040,0.018916,30102,764327,0.09091,8407551
2,2021-02-02,47506,969952,19335,506268,28171,463684,0,0,36199,630344,0.074974,11237,170277,0.020253,36294,800621,0.095226,8407551
2,2021-02-03,53784,1023736,23860,530128,29924,493608,0,0,39786,656319,0.078063,13902,184179,0.021906,39877,840498,0.099969,8407551
2,2021-02-04,55778,1079514,24098,554226,31680,525288,0,0,40795,682320,0.081156,14889,199068,0.023677,40890,881388,0.104833,8407551
2,2021-02-05,59577,1139091,26197,580423,33380,558668,0,0,40313,703721,0.083701,19087,218155,0.025948,40488,921876,0.109649,8407551
2,2021-02-06,38886,1177977,18157,598580,20729,579397,0,0,31066,727126,0.086485,7751,225906,0.026869,31156,953032,0.113354,8407551
2,2021-02-07,15647,1193624,10392,608972,5255,584652,0,0,11878,735326,0.08746,3745,229651,0.027315,11945,964977,0.114775,8407551
2,2021-02-08,42906,1236530,21916,630888,20990,605642,0,0,29440,751637,0.0894,13334,242985,0.028901,29645,994622,0.118301,8407551
2,2021-02-09,49165,1285695,23295,654183,25870,631512,0,0,30579,764173,0.090891,18370,261355,0.031086,30906,1025528,0.121977,8407551
2,2021-02-10,59181,1344876,27827,682010,31354,662866,0,0,34490,774589,0.09213,24430,285785,0.033991,34846,1060374,0.126122,8407551
2,2021-02-11,63744,1408620,29417,711427,34327,697193,0,0,35861,783345,0.093172,27596,313381,0.037274,36352,1096726,0.130445,8407551
2,2021-02-12,64886,1473506,28020,739447,36866,734059,0,0,34632,788637,0.093801,29997,343378,0.040842,35289,1132015,0.134643,8407551
2,2021-02-13,37550,1511056,15712,755159,21838,755897,0,0,21731,795004,0.094558,15740,359118,0.042714,22107,1154122,0.137272,8407551
2,2021-02-14,19868,1530924,9275,764434,10593,766490,0,0,11143,797823,0.094894,8683,367801,0.043747,11502,1165624,0.13864,8407551
2,2021-02-15,32875,1563799,14843,779277,18032,784522,0,0,18278,802473,0.095447,14480,382281,0.045469,19130,1184754,0.140915,8407551
2,2021-02-16,55817,1619616,27458,806735,28359,812881,0,0,29470,806355,0.095908,26261,408542,0.048592,30143,1214897,0.144501,8407551
2,2021-02-17,61101,1680717,31425,838160,29676,842557,0,0,30506,807152,0.096003,30533,439075,0.052224,31330,1246227,0.148227,8407551
2,2021-02-18,65704,1746421,33215,871375,32489,875046,0,0,32147,807108,0.095998,33335,472410,0.056189,33291,1279518,0.152187,8407551
2,2021-02-19,58746,1805167,32636,904011,26110,901156,0,0,29286,807697,0.096068,29309,501719,0.059675,29898,1309416,0.155743,8407551
2,2021-02-20,37012,1842179,24088,928099,12924,914080,0,0,20260,811973,0.096577,16669,518388,0.061657,20945,1330361,0.158234,8407551
2,2021-02-21,20555,1862734,17097,945196,3458,917538,0,0,9974,812242,0.096609,10509,528897,0.062907,10778,1341139,0.159516,8407551
2,2021-02-22,37484,1900218,25613,970809,11871,929409,0,0,18011,811552,0.096527,19380,548277,0.065212,18690,1359829,0.161739,8407551
2,2021-02-23,51608,1951826,26370,997179,25238,954647,0,0,22845,807715,0.09607,28580,576857,0.068612,24743,1384572,0.164682,8407551
2,2021-02-24,68312,2020138,35154,1032333,33158,987805,0,0,31611,805123,0.095762,36562,613419,0.07296,33970,1418542,0.168722,8407551
2,2021-02-25,74136,2094274,34935,1067268,39201,1027006,0,0,37894,809788,0.096317,36037,649456,0.077247,40702,1459244,0.173564,8407551
2,2021-02-26,82473,2176747,35167,1102435,47306,1074312,0,0,44752,819264,0.097444,37473,686929,0.081704,46949,1506193,0.179148,8407551
2,2021-02-27,60066,2236813,27781,1130216,32278,1106590,7,7,32920,826565,0.098312,26953,713882,0.08491,34254,1540447,0.183222,8407551
2,2021-02-28,29533,2266346,17724,1147940,11808,1118398,1,8,17507,832969,0.099074,11934,725816,0.086329,18338,1558785,0.185403,8407551
2,2021-03-01,56360,2322706,29617,1177557,26713,1145111,30,38,31005,840082,0.09992,25114,750930,0.089316,32227,1591012,0.189236,8407551
2,2021-03-02,67540,2390246,32517,1210074,35017,1180128,6,44,38345,851717,0.101304,29060,779990,0.092773,40695,1631707,0.194076,8407551
2,2021-03-03,79449,2469695,38515,1248589,40921,1221049,13,57,45062,865144,0.102901,34209,814199,0.096841,47636,1679343,0.199742,8407551
2,2021-03-04,87127,2556822,42870,1291459,44227,1265276,30,87,50502,881617,0.10486,36439,850638,0.101175,52912,1732255,0.206036,8407551
2,2021-03-05,80459,2637281,38111,1329570,42046,1307322,302,389,49483,902992,0.107403,30789,881427,0.104838,52164,1784419,0.21224,8407551
2,2021-03-06,62471,2699752,30535,1360105,30247,1337569,1689,2078,38539,920843,0.109526,23824,905251,0.107671,41675,1826094,0.217197,8407551
2,2021-03-07,27472,2727224,16081,1376186,10423,1347992,968,3046,17765,931039,0.110738,9650,914901,0.108819,19846,1845940,0.219557,8407551
2,2021-03-08,49735,2776959,22895,1399081,24387,1372379,2453,5499,31516,948533,0.112819,18120,933021,0.110974,35614,1881554,0.223793,8407551
2,2021-03-09,69484,2846443,31841,1430922,33880,1406259,3763,9262,38791,961867,0.114405,30580,963601,0.114611,43914,1925468,0.229017,8407551
2,2021-03-10,77326,2923769,36750,1467672,34048,1440307,6528,15790,41311,975227,0.115994,35834,999435,0.118873,49194,1974662,0.234868,8407551
2,2021-03-11,92162,3015931,42552,1510224,41281,1481588,8329,24119,48453,989979,0.117749,43444,1042879,0.124041,58196,2032858,0.24179,8407551
2,2021-03-12,93223,3109154,38465,1548689,42779,1524367,11979,36098,46727,1003844,0.119398,46295,1089174,0.129547,60160,2093018,0.248945,8407551
2,2021-03-13,68356,3177510,28811,1577500,31589,1555956,7956,44054,37661,1020200,0.121343,30577,1119751,0.133184,46933,2139951,0.254527,8407551
2,2021-03-14,36542,3214052,18263,1595763,13759,1569715,4520,48574,18630,1026283,0.122067,17830,1137581,0.135305,23913,2163864,0.257371,8407551
2,2021-03-15,66921,3280973,30246,1626009,31669,1601384,5006,53580,37139,1039943,0.123692,29597,1167178,0.138825,43257,2207121,0.262517,8407551
2,2021-03-16,85720,3366693,37993,1664002,43750,1645134,3977,57557,52249,1063991,0.126552,33310,1200488,0.142787,57358,2264479,0.269339,8407551
2,2021-03-17,92045,3458738,44211,1708213,43667,1688801,4167,61724,58676,1094558,0.130187,33132,1233620,0.146728,63699,2328178,0.276915,8407551
2,2021-03-18,97032,3555770,46333,1754546,46208,1735009,4491,66215,59575,1122019,0.133454,37185,1270805,0.15115,64646,2392824,0.284604,8407551
2,2021-03-19,96824,3652594,45763,1800309,44955,1779964,6106,72321,57819,1147747,0.136514,38736,1309541,0.155758,64464,2457288,0.292272,8407551
2,2021-03-20,69496,3722090,33679,1833988,31880,1811844,3937,76258,45699,1174180,0.139658,23572,1333113,0.158561,50005,2507293,0.298219,8407551
2,2021-03-21,32992,3755082,21360,1855348,9648,1821492,1984,78242,20397,1184510,0.140886,12484,1345597,0.160046,22814,2530107,0.300933,8407551
2,2021-03-22,62376,3817458,34242,1889590,25493,1846985,2641,80883,41592,1209071,0.143808,20579,1366176,0.162494,45140,2575247,0.306302,8407551
2,2021-03-23,83059,3900517,44087,1933677,36068,1883053,2904,83787,52187,1234375,0.146817,30628,1396804,0.166137,55932,2631179,0.312954,8407551
2,2021-03-24,91168,3991685,49039,1982716,38978,1922031,3151,86938,53967,1255398,0.149318,36918,1433722,0.170528,57941,2689120,0.319846,8407551
2,2021-03-25,100743,4092428,50822,2033538,46024,1968055,3897,90835,57395,1274412,0.151579,43045,1476767,0.175648,62059,2751179,0.327227,8407551
2,2021-03-26,102823,4195251,51107,2084645,48224,2016279,3492,94327,56696,1289870,0.153418,45790,1522557,0.181094,61248,2812427,0.334512,8407551
2,2021-03-27,75121,4270372,37541,2122186,34287,2050566,3293,97620,37967,1295053,0.154035,36941,1559498,0.185488,42124,2854551,0.339522,8407551
2,2021-03-28,37476,4307848,23146,2145332,13523,2064089,807,98427,20246,1299793,0.154598,17116,1576614,0.187524,21856,2876407,0.342122,8407551
2,2021-03-29,70816,4378664,36097,2181429,32450,2096539,2269,100696,40580,1313481,0.156226,30062,1606676,0.191099,43750,2920157,0.347326,8407551
2,2021-03-30,91440,4470104,44809,2226238,42278,2138817,4353,105049,51649,1330489,0.158249,39602,1646278,0.195809,56610,2976767,0.354059,8407551
2,2021-03-31,100758,4570862,52019,2278257,43661,2182478,5078,110127,57526,1350485,0.160628,42962,1689240,0.200919,62958,3039725,0.361547,8407551
2,2021-04-01,116980,4687842,56578,2334835,51261,2233739,9141,119268,64034,1371488,0.163126,52619,1741859,0.207178,73622,3113347,0.370304,8407551
2,2021-04-02,111140,4798982,51344,2386179,49704,2283443,10092,129360,60111,1391484,0.165504,50688,1792547,0.213207,70684,3184031,0.378711,8407551
2,2021-04-03,76464,4875446,37500,2423679,29171,2312614,9793,139153,38074,1401553,0.166702,38201,1830748,0.21775,48270,3232301,0.384452,8407551
2,2021-04-04,29001,4904447,14911,2438590,10241,2322855,3849,143002,13097,1402723,0.166841,15821,1846569,0.219632,16991,3249292,0.386473,8407551
2,2021-04-05,78687,4983134,38645,2477235,31309,2354164,8733,151735,38356,1410405,0.167755,40181,1886750,0.224411,47863,3297155,0.392166,8407551
2,2021-04-06,103354,5086488,50358,2527593,38326,2392490,14670,166405,49244,1420869,0.168999,53872,1940622,0.230819,64336,3361491,0.399818,8407551
2,2021-04-07,109988,5196476,54904,2582497,38916,2431406,16168,182573,52089,1431788,0.170298,57640,1998262,0.237675,68559,3430050,0.407973,8407551
2,2021-04-08,118971,5315447,57279,2639776,43037,2474443,18655,201228,55432,1443273,0.171664,63225,2061487,0.245195,74710,3504760,0.416859,8407551
2,2021-04-09,118252,5433699,56954,2696730,43288,2517731,18010,219238,56113,1456505,0.173238,61795,2123282,0.252545,75027,3579787,0.425782,8407551
2,2021-04-10,87024,5520723,37713,2734443,30985,2548716,18326,237564,36087,1460912,0.173762,50697,2173979,0.258575,55104,3634891,0.432336,8407551
2,2021-04-11,44213,5564936,22924,2757367,12761,2561477,8528,246092,18092,1462274,0.173924,25992,2199971,0.261666,27354,3662245,0.43559,8407551
2,2021-04-12,79585,5644521,37088,2794455,33173,2594650,9324,255416,35722,1464718,0.174215,43618,2243589,0.266854,46062,3708307,0.441069,8407551
2,2021-04-13,101450,5745971,52615,2847070,48573,2643223,262,255678,55777,1476244,0.175585,45444,2289033,0.272259,56970,3765277,0.447845,8407551
2,2021-04-14,106295,5852266,55642,2902712,50603,2693826,50,255728,54698,1481140,0.176168,51336,2340369,0.278365,56232,3821509,0.454533,8407551
2,2021-04-15,112762,5965028,59918,2962630,52768,2746594,76,255804,59410,1488769,0.177075,53013,2393382,0.284671,60642,3882151,0.461746,8407551
2,2021-04-16,109725,6074753,56923,3019553,52752,2799346,50,255854,56014,1492371,0.177504,53438,2446820,0.291026,57040,3939191,0.46853,8407551
2,2021-04-17,82451,6157204,41868,3061421,40564,2839910,19,255873,46296,1503673,0.178848,35942,2482762,0.295301,47244,3986435,0.474149,8407551
2,2021-04-18,34109,6191313,20431,3081852,13672,2853582,6,255879,16321,1503326,0.178807,17675,2500437,0.297404,17328,4003763,0.47621,8407551
2,2021-04-19,73745,6265058,39805,3121657,33928,2887510,12,255891,33821,1498089,0.178184,39699,2540136,0.302126,34462,4038225,0.480309,8407551
2,2021-04-20,94895,6359953,47391,3169048,47481,2934991,23,255914,46294,1496833,0.178034,48316,2588452,0.307872,47060,4085285,0.485907,8407551
2,2021-04-21,99169,6459122,52539,3221587,46576,2981567,54,255968,47029,1493010,0.17758,51789,2640241,0.314032,47966,4133251,0.491612,8407551
2,2021-04-22,105514,6564636,54038,3275625,51455,3033022,21,255989,46315,1481362,0.176194,58865,2699106,0.321034,47217,4180468,0.497228,8407551
2,2021-04-23,104750,6669386,55194,3330819,49539,3082561,17,256006,48464,1474826,0.175417,55938,2755044,0.327687,49402,4229870,0.503104,8407551
2,2021-04-24,79567,6748953,46979,3377798,32549,3115110,39,256045,41597,1479726,0.176,37665,2792709,0.332167,42565,4272435,0.508166,8407551
2,2021-04-25,36068,6785021,22275,3400073,13779,3128889,14,256059,19711,1483673,0.176469,16241,2808950,0.334098,20188,4292623,0.510568,8407551
2,2021-04-26,72451,6857472,39869,3439942,32286,3161175,296,256355,33495,1480215,0.176058,38720,2847670,0.338704,35262,4327885,0.514762,8407551
2,2021-04-27,86609,6944081,45342,3485284,39913,3201088,1354,257709,37229,1471001,0.174962,49054,2896724,0.344538,39840,4367725,0.5195,8407551
2,2021-04-28,85924,7030005,45476,3530760,38602,3239690,1846,259555,37979,1464058,0.174136,47664,2944388,0.350208,40721,4408446,0.524344,8407551
2,2021-04-29,88625,7118630,47805,3578565,39128,3278818,1692,261247,34367,1446782,0.172081,53931,2998319,0.356622,36655,4445101,0.528703,8407551
2,2021-04-30,92111,7210741,50656,3629221,39479,3318297,1976,263223,35605,1428878,0.169952,56132,3054451,0.363299,38228,4483329,0.53325,8407551
2,2021-05-01,61456,7272197,37600,3666821,22305,3340602,1551,264774,23922,1417929,0.168649,37265,3091716,0.367731,26316,4509645,0.53638,8407551
2,2021-05-02,29041,7301238,20128,3686949,7939,3348541,974,265748,11049,1412165,0.167964,17875,3109591,0.369857,12111,4521756,0.537821,8407551
2,2021-05-03,59526,7360764,35270,3722219,22226,3370767,2030,267778,20046,1395263,0.165954,39239,3148830,0.374524,22337,4544093,0.540478,8407551
2,2021-05-04,77785,7438549,46076,3768295,29351,3400118,2358,270136,25405,1371345,0.163109,52076,3200906,0.380718,28158,4572251,0.543827,8407551
2,2021-05-05,78050,7516599,46091,3814386,29619,3429737,2340,272476,24398,1345121,0.15999,53304,3254210,0.387058,27080,4599331,0.547048,8407551
2,2021-05-06,80564,7597163,48425,3862811,29235,3458972,2904,275380,24652,1317811,0.156741,55499,3309709,0.393659,28189,4627520,0.5504,8407551
2,2021-05-07,81613,7678776,46958,3909769,32238,3491210,2417,277797,25151,1289688,0.153396,56140,3365849,0.400336,28017,4655537,0.553733,8407551
2,2021-05-08,53334,7732110,32164,3941933,19471,3510681,1699,279496,16787,1272559,0.151359,36334,3402183,0.404658,19205,4674742,0.556017,8407551
2,2021-05-09,21272,7753382,15276,3957209,5258,3515939,738,280234,6395,1265120,0.150474,14802,3416985,0.406419,7363,4682105,0.556893,8407551
2,2021-05-10,48784,7802166,26439,3983648,20494,3536433,1851,282085,13951,1246919,0.148309,34614,3451599,0.410536,16413,4698518,0.558845,8407551
2,2021-05-11,63534,7865700,33740,4017388,27712,3564145,2082,284167,19283,1224983,0.1457,43993,3495592,0.415768,22057,4720575,0.561468,8407551
2,2021-05-12,63360,7929060,33713,4051101,27464,3591609,2183,286350,19488,1203457,0.14314,43610,3539202,0.420955,22084,4742659,0.564095,8407551
2,2021-05-13,68458,7997518,39907,4091008,26646,3618255,1905,288255,25553,1189013,0.141422,42658,3581860,0.426029,28214,4770873,0.567451,8407551
2,2021-05-14,77344,8074862,46143,4137151,28985,3647240,2216,290471,30114,1175082,0.139765,46910,3628770,0.431608,32979,4803852,0.571374,8407551
2,2021-05-15,64982,8139844,42689,4179840,20600,3667840,1693,292164,25171,1162718,0.138294,39597,3668367,0.436318,27233,4831085,0.574613,8407551
2,2021-05-16,30585,8170429,22777,4202617,6889,3674729,919,293083,12367,1158030,0.137737,18101,3686468,0.438471,13413,4844498,0.576208,8407551
2,2021-05-17,57133,8227562,36237,4238854,18968,3693697,1928,295011,22880,1149151,0.136681,34053,3720521,0.442521,25174,4869672,0.579202,8407551
2,2021-05-18,69116,8296678,40357,4279211,26810,3720507,1949,296960,27816,1138407,0.135403,41055,3761576,0.447404,30311,4899983,0.582807,8407551
2,2021-05-19,67794,8364472,40170,4319381,25656,3746163,1968,298928,27541,1128407,0.134214,39974,3801550,0.452159,29974,4929957,0.586373,8407551
2,2021-05-20,68075,8432547,39451,4358832,26470,3772633,2154,301082,26433,1116342,0.132778,41343,3842893,0.457076,29278,4959235,0.589855,8407551
2,2021-05-21,71522,8504069,42255,4401087,27139,3799772,2128,303210,28063,1104048,0.131316,43143,3886036,0.462208,30849,4990084,0.593524,8407551
2,2021-05-22,52370,8556439,33105,4434192,17548,3817320,1717,304927,21755,1097756,0.130568,30416,3916452,0.465826,24124,5014208,0.596393,8407551
2,2021-05-23,23226,8579665,15801,4449993,6705,3824025,720,305647,9979,1095516,0.130301,13139,3929591,0.467388,10899,5025107,0.59769,8407551
2,2021-05-24,43240,8622905,24281,4474274,17222,3841247,1737,307384,16518,1087598,0.12936,26512,3956103,0.470542,18594,5043701,0.599901,8407551
2,2021-05-25,50157,8673062,29475,4503749,18842,3860089,1840,309224,19374,1078854,0.12832,30496,3986599,0.474169,21752,5065453,0.602489,8407551
2,2021-05-26,48128,8721190,27034,4530783,19432,3879521,1662,310886,19189,1071481,0.127443,28636,4015235,0.477575,21263,5086716,0.605018,8407551
2,2021-05-27,46114,8767304,26149,4556932,18247,3897768,1718,312604,18814,1065470,0.126728,27076,4042311,0.480795,21065,5107781,0.607523,8407551
2,2021-05-28,49276,8816580,27330,4584262,20009,3917777,1937,314541,20998,1060885,0.126182,28041,4070352,0.484131,23456,5131237,0.610313,8407551
2,2021-05-29,28652,8845232,17159,4601421,10453,3928230,1040,315581,13414,1060450,0.126131,15098,4085450,0.485926,14663,5145900,0.612057,8407551
2,2021-05-30,12489,8857721,8047,4609468,3688,3931918,754,316335,5601,1060052,0.126083,6845,4092295,0.48674,6447,5152347,0.612824,8407551
2,2021-05-31,5866,8863587,3429,4612897,2135,3934053,302,316637,1857,1058305,0.125876,3968,4096263,0.487212,2221,5154568,0.613088,8407551
2,2021-06-01,44123,8907710,25464,4638361,17089,3951142,1570,318207,16148,1048744,0.124738,27706,4123969,0.490508,18145,5172713,0.615246,8407551
2,2021-06-02,37655,8945365,22158,4660519,14109,3965251,1388,319595,15131,1043319,0.124093,22287,4146256,0.493159,16862,5189575,0.617252,8407551
2,2021-06-03,40858,8986223,26350,4686869,13070,3978321,1438,321033,14182,1032908,0.122855,26458,4172714,0.496306,16047,5205622,0.61916,8407551
2,2021-06-04,47302,9033525,30906,4717775,14873,3993194,1523,322556,15823,1019611,0.121273,31216,4203930,0.500018,17919,5223541,0.621292,8407551
2,2021-06-05,37195,9070720,26626,4744401,9213,4002407,1356,323912,11984,1008426,0.119943,24998,4228928,0.502992,13813,5237354,0.622935,8407551
2,2021-06-06,14599,9085319,11966,4756367,2054,4004461,579,324491,4944,1004579,0.119485,9594,4238522,0.504133,5747,5243101,0.623618,8407551
2,2021-06-07,32712,9118031,22939,4779306,8517,4012978,1256,325747,10826,995211,0.118371,21756,4260278,0.50672,12388,5255489,0.625092,8407551
2,2021-06-08,40018,9158049,28409,4807715,10251,4023229,1358,327105,12630,982499,0.116859,27154,4287432,0.50995,14442,5269931,0.626809,8407551
2,2021-06-09,37395,9195444,26191,4833906,9760,4032989,1444,328549,11373,969882,0.115358,25847,4313279,0.513024,13230,5283161,0.628383,8407551
2,2021-06-10,36672,9232116,25571,4859477,9638,4042627,1463,330012,11501,958389,0.113991,24983,4338262,0.515996,13490,5296651,0.629987,8407551
2,2021-06-11,39665,9271781,26288,4885765,11762,4054389,1615,331627,12720,946359,0.112561,26704,4364966,0.519172,14674,5311325,0.631733,8407551
2,2021-06-12,28547,9300328,21016,4906781,6639,4061028,892,332519,8374,935810,0.111306,20063,4385029,0.521558,9514,5320839,0.632864,8407551
2,2021-06-13,11413,9311741,8330,4915111,2501,4063529,582,333101,2966,931151,0.110752,8387,4393416,0.522556,3728,5324567,0.633308,8407551
2,2021-06-14,22821,9334562,15490,4930601,6336,4069865,995,334096,7642,924905,0.110009,15046,4408462,0.524346,8800,5333367,0.634354,8407551
2,2021-06-15,14333,9348895,9503,4940104,3758,4073623,1072,335168,4639,921272,0.109577,9592,4418054,0.525486,5959,5339326,0.635063,8407551
3,2020-12-15,304,304,304,304,0,0,0,0,304,304,3.7e-05,0,0,0.0,304,304,3.7e-05,8129050
3,2020-12-16,2307,2611,2307,2611,0,0,0,0,2308,2612,0.000321,0,0,0.0,2308,2612,0.000321,8129050
3,2020-12-17,7796,10407,7796,10407,0,0,0,0,7796,10408,0.00128,0,0,0.0,7796,10408,0.00128,8129050
3,2020-12-18,13360,23767,13347,23754,13,13,0,0,13360,23768,0.002924,0,0,0.0,13360,23768,0.002924,8129050
3,2020-12-19,7185,30952,7174,30928,11,24,0,0,7249,31017,0.003816,0,0,0.0,7249,31017,0.003816,8129050
3,2020-12-20,5626,36578,5619,36547,7,31,0,0,5673,36689,0.004513,1,1,0.0,5673,36690,0.004513,8129050
3,2020-12-21,14326,50904,14301,50848,25,56,0,0,14389,51077,0.006283,1,2,0.0,14389,51079,0.006284,8129050
3,2020-12-22,14758,65662,14183,65031,575,631,0,0,14797,65874,0.008104,0,2,0.0,14797,65876,0.008104,8129050
3,2020-12-23,14757,80419,12163,77194,2594,3225,0,0,14783,80657,0.009922,1,3,0.0,14784,80660,0.009922,8129050
3,2020-12-24,6778,87197,4853,82047,1925,5150,0,0,6776,87432,0.010756,1,4,0.0,6776,87436,0.010756,8129050
3,2020-12-25,721,87918,665,82712,56,5206,0,0,720,88152,0.010844,0,4,0.0,720,88156,0.010845,8129050
3,2020-12-26,4597,92515,2985,85697,1612,6818,0,0,4595,92747,0.011409,0,4,0.0,4595,92751,0.01141,8129050
3,2020-12-27,2972,95487,1847,87544,1125,7943,0,0,2972,95719,0.011775,0,4,0.0,2972,95723,0.011775,8129050
3,2020-12-28,13576,109063,8683,96227,4893,12836,0,0,13602,109320,0.013448,1,5,1e-06,13602,109325,0.013449,8129050
3,2020-12-29,14977,124040,8444,104671,6533,19369,0,0,15004,124322,0.015294,2,7,1e-06,15004,124329,0.015294,8129050
3,2020-12-30,17983,142023,10015,114686,7968,27337,0,0,17971,142293,0.017504,1,8,1e-06,17972,142301,0.017505,8129050
3,2020-12-31,8419,150442,3230,117916,5189,32526,0,0,8419,150711,0.01854,1,9,1e-06,8419,150720,0.018541,8129050
3,2021-01-01,1297,151739,603,118519,694,33220,0,0,1294,152004,0.018699,1,10,1e-06,1294,152014,0.0187,8129050
3,2021-01-02,4936,156675,2420,120939,2516,35736,0,0,4936,156940,0.019306,0,10,1e-06,4936,156950,0.019307,8129050
3,2021-01-03,1606,158281,842,121781,764,36500,0,0,1596,158532,0.019502,4,14,2e-06,1596,158546,0.019504,8129050
3,2021-01-04,11977,170258,5961,127742,6016,42516,0,0,11951,170476,0.020971,7,21,3e-06,11951,170497,0.020974,8129050
3,2021-01-05,15641,185899,8089,135831,7552,50068,0,0,14028,182929,0.022503,1601,1622,0.0002,14054,184551,0.022703,8129050
3,2021-01-06,20507,206406,10819,146650,9688,59756,0,0,16045,194560,0.023934,4422,6044,0.000744,16053,200604,0.024677,8129050
3,2021-01-07,26446,232852,15090,161740,11356,71112,0,0,17136,202431,0.024902,9281,15325,0.001885,17152,217756,0.026787,8129050
3,2021-01-08,30356,263208,18524,180264,11832,82944,0,0,18032,208181,0.02561,12305,27630,0.003399,18055,235811,0.029008,8129050
3,2021-01-09,12370,275578,6985,187249,5385,88329,0,0,7869,211564,0.026026,4494,32124,0.003952,7877,243688,0.029977,8129050
3,2021-01-10,7173,282751,4452,191701,2721,91050,0,0,4042,212482,0.026139,3129,35253,0.004337,4047,247735,0.030475,8129050
3,2021-01-11,28965,311716,18970,210671,9995,101045,0,0,16374,216315,0.02661,12585,47838,0.005885,16418,264153,0.032495,8129050
3,2021-01-12,32221,343937,19279,229950,12942,113987,0,0,19782,223767,0.027527,12420,60258,0.007413,19872,284025,0.03494,8129050
3,2021-01-13,34386,378323,17950,247900,16436,130423,0,0,24226,237862,0.029261,10160,70418,0.008663,24255,308280,0.037923,8129050
3,2021-01-14,34548,412871,14180,262080,20368,150791,0,0,28667,260727,0.032073,5851,76269,0.009382,28716,336996,0.041456,8129050
3,2021-01-15,38814,451685,14435,276515,24379,175170,0,0,34169,290335,0.035716,4636,80905,0.009953,34244,371240,0.045668,8129050
3,2021-01-16,21630,473315,7448,283963,14182,189352,0,0,19314,307370,0.037811,2302,83207,0.010236,19337,390577,0.048047,8129050
3,2021-01-17,13108,486423,4436,288399,8672,198024,0,0,12074,318432,0.039172,1031,84238,0.010363,12093,402670,0.049535,8129050
3,2021-01-18,24730,511153,12927,301326,11803,209827,0,0,19186,332100,0.040853,5560,89798,0.011047,19228,421898,0.0519,8129050
3,2021-01-19,40863,552016,20883,322209,19980,229807,0,0,31812,354972,0.043667,9027,98825,0.012157,31899,453797,0.055824,8129050
3,2021-01-20,45212,597228,22271,344480,22941,252748,0,0,35883,381653,0.046949,9287,108112,0.013299,35968,489765,0.060249,8129050
3,2021-01-21,47683,644911,20616,365096,27067,279815,0,0,42247,418603,0.051495,5368,113480,0.01396,42318,532083,0.065455,8129050
3,2021-01-22,49598,694509,19773,384869,29825,309640,0,0,45464,459996,0.056587,4136,117616,0.014469,45529,577612,0.071055,8129050
3,2021-01-23,30165,724674,12796,397665,17369,327009,0,0,26896,483685,0.059501,3259,120875,0.01487,26948,604560,0.07437,8129050
3,2021-01-24,17641,742315,8484,406149,9157,336166,0,0,16485,499048,0.061391,1153,122028,0.015011,16516,621076,0.076402,8129050
3,2021-01-25,40660,782975,18136,424285,22524,358690,0,0,30735,519966,0.063964,9903,131931,0.01623,30821,651897,0.080194,8129050
3,2021-01-26,47066,830041,22513,446798,24553,383243,0,0,37009,547037,0.067294,10045,141976,0.017465,37116,689013,0.084759,8129050
3,2021-01-27,51318,881359,24470,471268,26848,410091,0,0,40751,577383,0.071027,10496,152472,0.018756,40842,729855,0.089784,8129050
3,2021-01-28,51652,933011,24016,495284,27636,437727,0,0,42760,611396,0.075211,8808,161280,0.01984,42821,772676,0.095051,8129050
3,2021-01-29,50781,983792,24462,519746,26319,464046,0,0,41161,643189,0.079122,9433,170713,0.021,41226,813902,0.100123,8129050
3,2021-01-30,37113,1020905,17784,537530,19329,483375,0,0,32405,671020,0.082546,4656,175369,0.021573,32487,846389,0.104119,8129050
3,2021-01-31,22211,1043116,12763,550293,9448,492823,0,0,20854,690545,0.084948,1347,176716,0.021739,20872,867261,0.106687,8129050
3,2021-02-01,45663,1088779,20925,571218,24738,517561,0,0,34929,714817,0.087934,10691,187407,0.023054,34963,902224,0.110988,8129050
3,2021-02-02,54120,1142899,22552,593770,31568,549129,0,0,41756,744346,0.091566,12278,199685,0.024564,41807,944031,0.116131,8129050
3,2021-02-03,59695,1202594,26592,620362,33103,582232,0,0,44431,773746,0.095183,15104,214789,0.026422,44504,988535,0.121605,8129050
3,2021-02-04,64095,1266689,27869,648231,36226,618458,0,0,47029,804009,0.098906,16876,231665,0.028498,47139,1035674,0.127404,8129050
3,2021-02-05,69915,1336604,29704,677935,40211,658669,0,0,48420,831326,0.102266,21271,252936,0.031115,48588,1084262,0.133381,8129050
3,2021-02-06,43367,1379971,21060,698995,22307,680976,0,0,33764,855700,0.105264,9572,262508,0.032293,33946,1118208,0.137557,8129050
3,2021-02-07,19649,1399620,12504,711499,7145,688121,0,0,15124,866438,0.106585,4511,267019,0.032848,15249,1133457,0.139433,8129050
3,2021-02-08,51292,1450912,24892,736391,26400,714521,0,0,33712,882860,0.108606,17474,284493,0.034997,33896,1167353,0.143603,8129050
3,2021-02-09,58330,1509242,28473,764864,29857,744378,0,0,34264,893581,0.109924,23891,308384,0.037936,34612,1201965,0.14786,8129050
3,2021-02-10,67787,1577029,31612,796476,36175,780553,0,0,36745,900039,0.110719,30818,339202,0.041727,37276,1239241,0.152446,8129050
3,2021-02-11,70385,1647414,34779,831255,35606,816159,0,0,37764,906059,0.111459,32278,371480,0.045698,38298,1277539,0.157157,8129050
3,2021-02-12,75117,1722531,32556,863811,42561,858720,0,0,41554,915114,0.112573,33271,404751,0.049791,42326,1319865,0.162364,8129050
3,2021-02-13,44564,1767095,20306,884117,24258,882978,0,0,25721,922671,0.113503,18745,423496,0.052097,26302,1346167,0.1656,8129050
3,2021-02-14,27098,1794193,13540,897657,13558,896536,0,0,15128,926326,0.113953,11921,435417,0.053563,15576,1361743,0.167516,8129050
3,2021-02-15,39880,1834073,17184,914841,22696,919232,0,0,22104,931675,0.114611,17691,453108,0.055739,23040,1384783,0.17035,8129050
3,2021-02-16,69700,1903773,33014,947855,36686,955918,0,0,36270,935677,0.115103,33297,486405,0.059835,37299,1422082,0.174938,8129050
3,2021-02-17,71410,1975183,36173,984028,35237,991155,0,0,34000,933553,0.114842,37197,523602,0.064411,35073,1457155,0.179253,8129050
3,2021-02-18,76537,2051720,40008,1024036,36529,1027684,0,0,35527,929563,0.114351,40862,564464,0.069438,36872,1494027,0.183789,8129050
3,2021-02-19,68393,2120113,39454,1063490,28939,1056623,0,0,34610,931187,0.114551,33681,598145,0.073581,35305,1529332,0.188132,8129050
3,2021-02-20,42127,2162240,26678,1090168,15449,1072072,0,0,22244,934135,0.114913,19793,617938,0.076016,22741,1552073,0.190929,8129050
3,2021-02-21,22833,2185073,19000,1109168,3833,1075905,0,0,10860,933482,0.114833,11898,629836,0.07748,11245,1563318,0.192313,8129050
3,2021-02-22,45353,2230426,29554,1138722,15799,1091704,0,0,21472,931633,0.114605,23806,653642,0.080408,21957,1585275,0.195014,8129050
3,2021-02-23,60806,2291232,33175,1171897,27631,1119335,0,0,26860,926673,0.113995,33805,687447,0.084567,28845,1614120,0.198562,8129050
3,2021-02-24,76763,2367995,37625,1209522,39138,1158473,0,0,34225,921032,0.113301,42377,729824,0.08978,36736,1650856,0.203081,8129050
3,2021-02-25,86181,2454176,41959,1251481,44222,1202695,0,0,43231,924136,0.113683,42721,772545,0.095035,45825,1696681,0.208718,8129050
3,2021-02-26,96983,2551159,44348,1295829,52635,1255330,0,0,51521,932733,0.114741,45124,817669,0.100586,53721,1750402,0.215327,8129050
3,2021-02-27,68385,2619544,31532,1327361,36850,1292180,3,3,36394,938627,0.115466,31810,849479,0.104499,37704,1788106,0.219965,8129050
3,2021-02-28,39351,2658895,23055,1350416,16294,1308474,2,5,20712,941799,0.115856,18491,867970,0.106774,21663,1809769,0.22263,8129050
3,2021-03-01,67581,2726476,36010,1386426,31550,1340024,21,26,37764,951271,0.117021,29650,897620,0.110421,39122,1848891,0.227442,8129050
3,2021-03-02,77922,2804398,38593,1425019,39322,1379346,7,33,45658,966858,0.118939,32141,929761,0.114375,47728,1896619,0.233314,8129050
3,2021-03-03,88691,2893089,42571,1467590,46102,1425448,18,51,49711,980054,0.120562,38796,968557,0.119148,51992,1948611,0.23971,8129050
3,2021-03-04,93003,2986092,45670,1513260,47317,1472765,16,67,52998,995542,0.122467,39803,1008360,0.124044,55291,2003902,0.246511,8129050
3,2021-03-05,89238,3075330,43864,1557124,45084,1517849,290,357,54546,1018126,0.125245,34476,1042836,0.128285,57060,2060962,0.25353,8129050
3,2021-03-06,64911,3140241,32907,1590031,29857,1547706,2147,2504,37312,1031593,0.126902,27467,1070303,0.131664,40934,2101896,0.258566,8129050
3,2021-03-07,37489,3177730,22407,1612438,13945,1561651,1137,3641,21636,1039737,0.127904,15798,1086101,0.133607,23942,2125838,0.261511,8129050
3,2021-03-08,58831,3236561,28115,1640553,27857,1589508,2859,6500,37381,1060225,0.130424,21307,1107408,0.136228,41795,2167633,0.266653,8129050
3,2021-03-09,76296,3312857,35442,1675995,36479,1625987,4375,10875,41256,1072101,0.131885,34928,1142336,0.140525,46804,2214437,0.27241,8129050
3,2021-03-10,82308,3395165,41206,1717201,35054,1661041,6048,16923,43150,1083738,0.133317,38969,1181305,0.145319,50606,2265043,0.278636,8129050
3,2021-03-11,96419,3491584,47133,1764334,40737,1701778,8549,25472,47449,1092115,0.134347,48730,1230035,0.151313,57107,2322150,0.285661,8129050
3,2021-03-12,101507,3593091,45396,1809730,44273,1746051,11838,37310,46695,1097220,0.134975,54619,1284654,0.158032,59724,2381874,0.293008,8129050
3,2021-03-13,69603,3662694,29605,1839335,32757,1778808,7241,44551,36626,1109602,0.136498,32867,1317521,0.162076,45249,2427123,0.298574,8129050
3,2021-03-14,40753,3703447,21527,1860862,15676,1794484,3550,48101,20821,1114746,0.137131,19864,1337385,0.164519,25008,2452131,0.30165,8129050
3,2021-03-15,75321,3778768,35794,1896656,34987,1829471,4540,52641,39876,1124914,0.138382,35258,1372643,0.168857,45426,2497557,0.307238,8129050
3,2021-03-16,94672,3873440,43654,1940310,46701,1876172,4317,56958,53556,1142800,0.140582,40916,1413559,0.17389,58802,2556359,0.314472,8129050
3,2021-03-17,97770,3971210,47577,1987887,45690,1921862,4503,61461,59723,1169872,0.143913,37838,1451397,0.178544,64910,2621269,0.322457,8129050
3,2021-03-18,102515,4073725,52098,2039985,45993,1967855,4424,65885,59347,1191286,0.146547,42934,1494331,0.183826,64348,2685617,0.330373,8129050
3,2021-03-19,102505,4176230,54967,2094952,43097,2010952,4441,70326,57661,1209341,0.148768,44608,1538939,0.189314,62663,2748280,0.338081,8129050
3,2021-03-20,71271,4247501,36815,2131767,30849,2041801,3607,73933,44216,1230787,0.151406,26889,1565828,0.192621,48335,2796615,0.344027,8129050
3,2021-03-21,35842,4283343,24450,2156217,9889,2051690,1503,75436,22396,1241803,0.152761,13363,1579191,0.194265,24379,2820994,0.347026,8129050
3,2021-03-22,70010,4353353,41163,2197380,26322,2078012,2525,77961,44897,1265333,0.155656,24914,1604105,0.19733,48444,2869438,0.352986,8129050
3,2021-03-23,89259,4442612,49304,2246684,37427,2115439,2528,80489,55111,1289777,0.158663,33909,1638014,0.201501,58353,2927791,0.360164,8129050
3,2021-03-24,98322,4540934,56638,2303322,38782,2154221,2902,83391,56575,1308446,0.160959,41418,1679432,0.206596,60087,2987878,0.367556,8129050
3,2021-03-25,106909,4647843,59420,2362742,44544,2198765,2945,86336,60719,1326874,0.163226,45889,1725321,0.212241,64317,3052195,0.375468,8129050
3,2021-03-26,110076,4757919,59137,2421879,47666,2246431,3273,89609,57346,1335899,0.164336,52443,1777764,0.218693,61468,3113663,0.383029,8129050
3,2021-03-27,74116,4832035,37743,2459622,33827,2280258,2546,92155,36203,1337600,0.164546,37722,1815486,0.223333,39423,3153086,0.387879,8129050
3,2021-03-28,44014,4876049,27865,2487487,15343,2295601,806,92961,22404,1339860,0.164824,21507,1836993,0.225979,23767,3176853,0.390802,8129050
3,2021-03-29,80313,4956362,41996,2529483,36474,2332075,1843,94804,44317,1351049,0.1662,35783,1872776,0.230381,46972,3223825,0.396581,8129050
3,2021-03-30,99864,5056226,49099,2578582,47140,2379215,3625,98429,56218,1368078,0.168295,43414,1916190,0.235721,60443,3284268,0.404016,8129050
3,2021-03-31,104593,5160819,56491,2635073,43294,2422509,4808,103237,56118,1381055,0.169891,48287,1964477,0.241661,61264,3345532,0.411553,8129050
3,2021-04-01,123111,5283930,62322,2697395,51123,2473632,9666,112903,66786,1401860,0.172451,55987,2020464,0.248549,76792,3422324,0.420999,8129050
3,2021-04-02,117564,5401494,57456,2754851,49826,2523458,10282,123185,62402,1420133,0.174699,54914,2075378,0.255304,73187,3495511,0.430002,8129050
3,2021-04-03,75868,5477362,38806,2793657,27855,2551313,9207,132392,37921,1429782,0.175885,37819,2113197,0.259956,47468,3542979,0.435842,8129050
3,2021-04-04,32340,5509702,17280,2810937,10859,2562172,4201,136593,14230,1430213,0.175939,18041,2131238,0.262176,18472,3561451,0.438114,8129050
3,2021-04-05,88931,5598633,45230,2856167,34615,2596787,9086,145679,43707,1438811,0.176996,45033,2176271,0.267715,53631,3615082,0.444711,8129050
3,2021-04-06,112948,5711581,55038,2911205,42779,2639566,15131,160810,53365,1448689,0.178211,59342,2235613,0.275015,69220,3684302,0.453227,8129050
3,2021-04-07,115885,5827466,59994,2971199,39642,2679208,16249,177059,56319,1462194,0.179873,59338,2294951,0.282315,72843,3757145,0.462187,8129050
3,2021-04-08,121147,5948613,60336,3031535,40754,2719962,20057,197116,56484,1475143,0.181466,64388,2359339,0.290236,77337,3834482,0.471701,8129050
3,2021-04-09,117938,6066551,58788,3090323,40077,2760039,19073,216189,52006,1481443,0.182241,65717,2425056,0.29832,72017,3906499,0.48056,8129050
3,2021-04-10,83539,6150090,37766,3128089,30576,2790615,15197,231386,34184,1482465,0.182366,49201,2474257,0.304372,50223,3956722,0.486739,8129050
3,2021-04-11,45031,6195121,24196,3152285,12831,2803446,8004,239390,17234,1480829,0.182165,27716,2501973,0.307782,26080,3982802,0.489947,8129050
3,2021-04-12,83693,6278814,42303,3194588,32656,2836102,8734,248124,38214,1483603,0.182506,45272,2547245,0.313351,48046,4030848,0.495857,8129050
3,2021-04-13,105140,6383954,56959,3251547,47968,2884070,213,248337,55768,1491339,0.183458,49167,2596412,0.319399,56903,4087751,0.502857,8129050
3,2021-04-14,107088,6491042,58516,3310063,48475,2932545,97,248434,53535,1493145,0.18368,53296,2649708,0.325955,55102,4142853,0.509636,8129050
3,2021-04-15,118941,6609983,66979,3377042,51895,2984440,67,248501,64147,1503697,0.184978,54531,2704239,0.332664,65083,4207936,0.517642,8129050
3,2021-04-16,114561,6724544,64299,3441341,50168,3034608,94,248595,60073,1510418,0.185805,54232,2758471,0.339335,60953,4268889,0.52514,8129050
3,2021-04-17,78296,6802840,42778,3484119,35506,3070114,12,248607,43680,1520672,0.187066,34433,2792904,0.343571,44687,4313576,0.530637,8129050
3,2021-04-18,37077,6839917,22022,3506141,15052,3085166,3,248610,17441,1519473,0.186919,19552,2812456,0.345976,18353,4331929,0.532895,8129050
3,2021-04-19,78101,6918018,43629,3549770,34420,3119586,52,248662,35276,1512681,0.186083,42667,2855123,0.351225,35875,4367804,0.537308,8129050
3,2021-04-20,98034,7016052,50793,3600563,47226,3166812,15,248677,47766,1511440,0.185931,50061,2905184,0.357383,48820,4416624,0.543314,8129050
3,2021-04-21,101194,7117246,55674,3656237,45454,3212266,66,248743,47956,1507503,0.185446,52948,2958132,0.363896,49011,4465635,0.549343,8129050
3,2021-04-22,108966,7226212,60678,3716915,48267,3260533,21,248764,47015,1493825,0.183764,61667,3019799,0.371482,47989,4513624,0.555246,8129050
3,2021-04-23,103342,7329554,58477,3775392,44842,3305375,23,248787,45363,1482539,0.182375,57667,3077466,0.378576,46381,4560005,0.560952,8129050
3,2021-04-24,72969,7402523,45223,3820615,27686,3333061,60,248847,35627,1482105,0.182322,37103,3114569,0.383141,36669,4596674,0.565463,8129050
3,2021-04-25,36314,7438837,23383,3843998,12918,3345979,13,248860,18726,1483770,0.182527,17467,3132036,0.385289,19132,4615806,0.567816,8129050
3,2021-04-26,72420,7511257,40621,3884619,31413,3377392,386,249246,30984,1475311,0.181486,41208,3173244,0.390359,32749,4648555,0.571845,8129050
3,2021-04-27,89604,7600861,46681,3931300,41193,3418585,1730,250976,35601,1459709,0.179567,53732,3226976,0.396968,38130,4686685,0.576535,8129050
3,2021-04-28,84772,7685633,47653,3978953,35005,3453590,2114,253090,34740,1447323,0.178043,49774,3276750,0.403091,37388,4724073,0.581135,8129050
3,2021-04-29,86882,7772515,49210,4028163,35487,3489077,2185,255275,30959,1425299,0.175334,55648,3332398,0.409937,33624,4757697,0.585271,8129050
3,2021-04-30,88417,7860932,49590,4077753,36363,3525440,2464,257739,32773,1405629,0.172914,55363,3387761,0.416747,35693,4793390,0.589662,8129050
3,2021-05-01,54574,7915506,34412,4112165,18717,3544157,1445,259184,19651,1392472,0.171296,34738,3422499,0.421021,21581,4814971,0.592317,8129050
3,2021-05-02,26749,7942255,18249,4130414,7492,3551649,1008,260192,9819,1386550,0.170567,16849,3439348,0.423093,10927,4825898,0.593661,8129050
3,2021-05-03,58893,8001148,34481,4164895,22068,3573717,2344,262536,17271,1364899,0.167904,41446,3480794,0.428192,19795,4845693,0.596096,8129050
3,2021-05-04,75564,8076712,43199,4208094,29722,3603439,2643,265179,22084,1336685,0.164433,53221,3534015,0.434739,25007,4870700,0.599172,8129050
3,2021-05-05,76960,8153672,45798,4253892,28484,3631923,2678,267857,21479,1305895,0.160645,55201,3589216,0.44153,24411,4895111,0.602175,8129050
3,2021-05-06,81418,8235090,51123,4305015,27783,3659706,2512,270369,20315,1268599,0.156057,60675,3649891,0.448994,23379,4918490,0.605051,8129050
3,2021-05-07,80845,8315935,50173,4355188,28066,3687772,2606,272975,21566,1234090,0.151812,58971,3708862,0.456248,24462,4942952,0.60806,8129050
3,2021-05-08,50581,8366516,31151,4386339,17741,3705513,1689,274664,13521,1212727,0.149184,36834,3745696,0.460779,15471,4958423,0.609963,8129050
3,2021-05-09,20350,8386866,14785,4401124,4787,3710300,778,275442,5571,1204444,0.148165,14698,3760394,0.462587,6415,4964838,0.610753,8129050
3,2021-05-10,46824,8433690,24962,4426086,19964,3730264,1898,277340,11102,1182159,0.145424,35544,3795938,0.46696,13259,4978097,0.612384,8129050
3,2021-05-11,61596,8495286,33812,4459898,25597,3755861,2187,279527,15718,1154855,0.142065,45669,3841607,0.472578,18365,4996462,0.614643,8129050
3,2021-05-12,62805,8558091,35844,4495742,24576,3780437,2385,281912,17105,1129170,0.138906,45481,3887088,0.478172,19796,5016258,0.617078,8129050
3,2021-05-13,72985,8631076,46078,4541820,25025,3805462,1882,283794,27255,1113418,0.136968,45510,3932598,0.483771,29758,5046016,0.620739,8129050
3,2021-05-14,78156,8709232,49329,4591149,26714,3832176,2113,285907,30804,1099824,0.135296,47106,3979704,0.489566,33512,5079528,0.624861,8129050
3,2021-05-15,60877,8770109,41913,4633062,17763,3849939,1201,287108,25150,1090833,0.134189,35551,4015255,0.493939,26560,5106088,0.628129,8129050
3,2021-05-16,31685,8801794,23741,4656803,7261,3857200,683,287791,12717,1085439,0.133526,18874,4034129,0.496261,13480,5119568,0.629787,8129050
3,2021-05-17,56179,8857973,35780,4692583,18584,3875784,1815,289606,21115,1073742,0.132087,34824,4068953,0.500545,23127,5142695,0.632632,8129050
3,2021-05-18,63594,8921567,37557,4730140,24199,3899983,1838,291444,24355,1061333,0.130561,38989,4107942,0.505341,26580,5169275,0.635901,8129050
3,2021-05-19,62749,8984316,38331,4768471,22702,3922685,1716,293160,25154,1051106,0.129302,37370,4145312,0.509938,27143,5196418,0.639241,8129050
3,2021-05-20,60301,9044617,35336,4803807,23158,3945843,1807,294967,22269,1037796,0.127665,37774,4183086,0.514585,24464,5220882,0.64225,8129050
3,2021-05-21,64945,9109562,39553,4843360,23315,3969158,2077,297044,23955,1023446,0.1259,40723,4223809,0.519594,26373,5247255,0.645494,8129050
3,2021-05-22,44776,9154338,29623,4872983,13697,3982855,1456,298500,18613,1017841,0.12521,25980,4249789,0.52279,20375,5267630,0.648001,8129050
3,2021-05-23,20505,9174843,14221,4887204,5642,3988497,642,299142,8900,1015992,0.124983,11531,4261320,0.524209,9682,5277312,0.649192,8129050
3,2021-05-24,38471,9213314,22362,4909566,14374,4002871,1735,300877,14364,1008352,0.124043,23939,4285259,0.527154,16299,5293611,0.651197,8129050
3,2021-05-25,42296,9255610,23868,4933434,16773,4019644,1655,302532,15299,998757,0.122863,26772,4312031,0.530447,17177,5310788,0.65331,8129050
3,2021-05-26,41853,9297463,23959,4957393,16195,4035839,1699,304231,15975,990998,0.121908,25600,4337631,0.533596,17841,5328629,0.655505,8129050
3,2021-05-27,38814,9336277,21684,4979077,15384,4051223,1746,305977,15423,985190,0.121194,23251,4360882,0.536457,17443,5346072,0.65765,8129050
3,2021-05-28,42150,9378427,23910,5002987,16485,4067708,1755,307732,17751,980819,0.120656,24230,4385112,0.539437,19859,5365931,0.660093,8129050
3,2021-05-29,23155,9401582,14150,5017137,8180,4075888,825,308557,11132,981008,0.120679,11912,4397024,0.540903,12101,5378032,0.661582,8129050
3,2021-05-30,10508,9412090,6813,5023950,3060,4078948,635,309192,4560,980367,0.1206,5886,4402910,0.541627,5245,5383277,0.662227,8129050
3,2021-05-31,4613,9416703,2669,5026619,1676,4080624,268,309460,1495,979067,0.120441,3092,4406002,0.542007,1792,5385069,0.662448,8129050
3,2021-06-01,37328,9454031,21547,5048166,14363,4094987,1418,310878,13822,971236,0.119477,23315,4429317,0.544875,15484,5400553,0.664352,8129050
3,2021-06-02,31246,9485277,17995,5066161,11847,4106834,1404,312282,11942,965638,0.118789,19113,4448430,0.547226,13515,5414068,0.666015,8129050
3,2021-06-03,39278,9524555,26923,5093084,10938,4117772,1417,313699,11930,952059,0.117118,27184,4475614,0.55057,13605,5427673,0.667688,8129050
3,2021-06-04,45663,9570218,32380,5125464,11767,4129539,1516,315215,13608,935792,0.115117,31836,4507450,0.554487,15569,5443242,0.669604,8129050
3,2021-06-05,33949,9604167,25612,5151076,7161,4136700,1176,316391,8996,921414,0.113348,24758,4532208,0.557532,10380,5453622,0.670881,8129050
3,2021-06-06,14287,9618454,11928,5163004,1795,4138495,564,316955,4037,915991,0.112681,10200,4542408,0.558787,4777,5458399,0.671468,8129050
3,2021-06-07,30020,9648474,21829,5184833,6933,4145428,1258,318213,8844,905199,0.111354,21048,4563456,0.561376,10256,5468655,0.67273,8129050
3,2021-06-08,33879,9682353,24351,5209184,8254,4153682,1274,319487,10107,893274,0.109887,23571,4587027,0.564276,11646,5480301,0.674163,8129050
3,2021-06-09,32073,9714426,23148,5232332,7643,4161325,1282,320769,8709,880270,0.108287,23215,4610242,0.567132,10211,5490512,0.675419,8129050
3,2021-06-10,31746,9746172,22937,5255269,7331,4168656,1478,322247,8964,868290,0.106813,22647,4632889,0.569918,10667,5501179,0.676731,8129050
3,2021-06-11,34451,9780623,24269,5279538,8853,4177509,1329,323576,10322,856191,0.105325,23934,4656823,0.572862,11835,5513014,0.678187,8129050
3,2021-06-12,24388,9805011,18441,5297979,5082,4182591,865,324441,6423,845769,0.104043,17859,4674682,0.575059,7437,5520451,0.679102,8129050
3,2021-06-13,9483,9814494,7082,5305061,1917,4184508,484,324925,2258,841398,0.103505,7183,4681865,0.575942,2812,5523263,0.679448,8129050
3,2021-06-14,20029,9834523,13824,5318885,4984,4189492,1221,326146,6122,835010,0.102719,13806,4695671,0.577641,7418,5530681,0.68036,8129050
3,2021-06-15,12318,9846841,8564,5327449,3073,4192565,681,326827,4147,831905,0.102337,8035,4703706,0.578629,4930,5535611,0.680967,8129050
4,2020-12-15,451,451,451,451,0,0,0,0,451,451,5.6e-05,0,0,0.0,451,451,5.6e-05,8037679
4,2020-12-16,3008,3459,3008,3459,0,0,0,0,3008,3459,0.00043,0,0,0.0,3008,3459,0.00043,8037679
4,2020-12-17,8840,12299,8840,12299,0,0,0,0,8840,12299,0.00153,0,0,0.0,8840,12299,0.00153,8037679
4,2020-12-18,15951,28250,15942,28241,9,9,0,0,15951,28250,0.003515,0,0,0.0,15951,28250,0.003515,8037679
4,2020-12-19,10265,38515,10256,38497,9,18,0,0,10200,38450,0.004784,0,0,0.0,10200,38450,0.004784,8037679
4,2020-12-20,7375,45890,7368,45865,7,25,0,0,7330,45780,0.005696,0,0,0.0,7330,45780,0.005696,8037679
4,2020-12-21,16297,62187,16272,62137,25,50,0,0,16231,62010,0.007715,1,1,0.0,16231,62011,0.007715,8037679
4,2020-12-22,17123,79310,16386,78523,737,787,0,0,17077,79087,0.00984,0,1,0.0,17077,79088,0.00984,8037679
4,2020-12-23,17026,96336,14321,92844,2705,3492,0,0,16996,96081,0.011954,2,3,0.0,16996,96084,0.011954,8037679
4,2020-12-24,8553,104889,5961,98805,2592,6084,0,0,8551,104631,0.013018,1,4,0.0,8551,104635,0.013018,8037679
4,2020-12-25,900,105789,795,99600,105,6189,0,0,900,105531,0.01313,0,4,0.0,900,105535,0.01313,8037679
4,2020-12-26,6151,111940,3871,103471,2280,8469,0,0,6151,111682,0.013895,0,4,0.0,6151,111686,0.013895,8037679
4,2020-12-27,3424,115364,1992,105463,1432,9901,0,0,3424,115106,0.014321,0,4,0.0,3424,115110,0.014321,8037679
4,2020-12-28,15039,130403,9288,114751,5751,15652,0,0,15011,130116,0.016188,1,5,1e-06,15011,130121,0.016189,8037679
4,2020-12-29,15352,145755,8501,123252,6851,22503,0,0,15318,145433,0.018094,1,6,1e-06,15318,145439,0.018095,8037679
4,2020-12-30,18935,164690,11070,134322,7865,30368,0,0,18924,164355,0.020448,2,8,1e-06,18924,164363,0.020449,8037679
4,2020-12-31,8267,172957,3343,137665,4924,35292,0,0,8255,172601,0.021474,9,17,2e-06,8255,172618,0.021476,8037679
4,2021-01-01,1421,174378,628,138293,793,36085,0,0,1419,174018,0.02165,2,19,2e-06,1419,174037,0.021653,8037679
4,2021-01-02,5718,180096,3230,141523,2488,38573,0,0,5717,179734,0.022361,1,20,2e-06,5717,179754,0.022364,8037679
4,2021-01-03,2136,182232,1268,142791,868,39441,0,0,2120,181850,0.022625,4,24,3e-06,2120,181874,0.022628,8037679
4,2021-01-04,12971,195203,7054,149845,5917,45358,0,0,12924,194745,0.024229,29,53,7e-06,12924,194798,0.024236,8037679
4,2021-01-05,16888,212091,9991,159836,6897,52255,0,0,14776,207445,0.025809,2088,2141,0.000266,14788,209586,0.026075,8037679
4,2021-01-06,21543,233634,13209,173045,8334,60589,0,0,15551,217072,0.027007,5938,8079,0.001005,15565,225151,0.028012,8037679
4,2021-01-07,27914,261548,17008,190053,10906,71495,0,0,16839,222914,0.027734,11017,19096,0.002376,16859,242010,0.030109,8037679
4,2021-01-08,32790,294338,21034,211087,11756,83251,0,0,18297,226809,0.028218,14422,33518,0.00417,18317,260327,0.032388,8037679
4,2021-01-09,16272,310610,9630,220717,6642,89893,0,0,9446,229462,0.028548,6804,40322,0.005017,9457,269784,0.033565,8037679
4,2021-01-10,8751,319361,5657,226374,3094,92987,0,0,4133,229003,0.028491,4600,44922,0.005589,4141,273925,0.03408,8037679
4,2021-01-11,33373,352734,21890,248264,11483,104470,0,0,18804,233315,0.029028,14533,59455,0.007397,18845,292770,0.036425,8037679
4,2021-01-12,38525,391259,22211,270475,16314,120784,0,0,24335,243595,0.030307,14124,73579,0.009154,24404,317174,0.039461,8037679
4,2021-01-13,38777,430036,19157,289632,19620,140404,0,0,27418,259810,0.032324,11303,84882,0.010561,27518,344692,0.042885,8037679
4,2021-01-14,39232,469268,15071,304703,24161,164565,0,0,32059,284860,0.035441,7127,92009,0.011447,32177,376869,0.046888,8037679
4,2021-01-15,45451,514719,15866,320569,29585,194150,0,0,39859,319269,0.039722,5538,97547,0.012136,39947,416816,0.051858,8037679
4,2021-01-16,28701,543420,9409,329978,19292,213442,0,0,25575,341782,0.042522,3091,100638,0.012521,25604,442420,0.055043,8037679
4,2021-01-17,19117,562537,6734,336712,12383,225825,0,0,17592,357891,0.044527,1498,102136,0.012707,17607,460027,0.057234,8037679
4,2021-01-18,29475,592012,13661,350373,15814,241639,0,0,23488,375514,0.046719,5891,108027,0.01344,23514,483541,0.060159,8037679
4,2021-01-19,46146,638158,23177,373550,22969,264608,0,0,36783,403066,0.050147,9305,117332,0.014598,36857,520398,0.064745,8037679
4,2021-01-20,51918,690076,27498,401048,24420,289028,0,0,41472,434257,0.054028,10347,127679,0.015885,41538,561936,0.069913,8037679
4,2021-01-21,56857,746933,25168,426216,31689,320717,0,0,50397,478318,0.059509,6392,134071,0.01668,50453,612389,0.07619,8037679
4,2021-01-22,55183,802116,22140,448356,33043,353760,0,0,50074,523407,0.065119,5015,139086,0.017304,50104,662493,0.082423,8037679
4,2021-01-23,39507,841623,17421,465777,22086,375846,0,0,35174,554286,0.068961,4324,143410,0.017842,35203,697696,0.086803,8037679
4,2021-01-24,23920,865543,10491,476268,13429,389275,0,0,22043,574477,0.071473,1869,145279,0.018075,22060,719756,0.089548,8037679
4,2021-01-25,47990,913533,22161,498429,25829,415104,0,0,36875,600326,0.074689,11083,156362,0.019454,36932,756688,0.094143,8037679
4,2021-01-26,56931,970464,29029,527458,27902,443006,0,0,44670,632858,0.078736,12207,168569,0.020972,44739,801427,0.099709,8037679
4,2021-01-27,56322,1026786,26817,554275,29505,472511,0,0,45337,667339,0.083026,10914,179483,0.02233,45395,846822,0.105357,8037679
4,2021-01-28,56644,1083430,25609,579884,31035,503546,0,0,46673,704182,0.08761,9884,189367,0.02356,46727,893549,0.11117,8037679
4,2021-01-29,56610,1140040,27186,607070,29424,532970,0,0,46257,740278,0.092101,10207,199574,0.02483,46303,939852,0.116931,8037679
4,2021-01-30,37833,1177873,17241,624311,20592,553562,0,0,32485,767490,0.095487,5299,204873,0.025489,32511,972363,0.120976,8037679
4,2021-01-31,23936,1201809,12590,636901,11346,564908,0,0,22319,788226,0.098066,1600,206473,0.025688,22336,994699,0.123755,8037679
4,2021-02-01,49716,1251525,24067,660968,25649,590557,0,0,38108,814808,0.101374,11566,218039,0.027127,38148,1032847,0.128501,8037679
4,2021-02-02,55381,1306906,25503,686471,29878,620435,0,0,42548,844631,0.105084,12768,230807,0.028716,42591,1075438,0.1338,8037679
4,2021-02-03,61986,1368892,30519,716990,31467,651902,0,0,47684,878179,0.109258,14192,244999,0.030481,47740,1123178,0.139739,8037679
4,2021-02-04,67443,1436335,31417,748407,36026,687928,0,0,50771,912535,0.113532,16521,261520,0.032537,50877,1174055,0.146069,8037679
4,2021-02-05,73150,1509485,33966,782373,39184,727112,0,0,50978,941737,0.117165,21916,283436,0.035263,51118,1225173,0.152429,8037679
4,2021-02-06,48389,1557874,26316,808689,22073,749185,0,0,36867,967316,0.120348,11488,294924,0.036693,37067,1262240,0.15704,8037679
4,2021-02-07,26540,1584414,17577,826266,8963,758148,0,0,20097,981235,0.122079,6417,301341,0.037491,20336,1282576,0.15957,8037679
4,2021-02-08,58600,1643014,30196,856462,28404,786552,0,0,38199,999427,0.124343,20273,321614,0.040013,38465,1321041,0.164356,8037679
4,2021-02-09,67172,1710186,34231,890693,32941,819493,0,0,39472,1011674,0.125866,27629,349243,0.043451,39876,1360917,0.169317,8037679
4,2021-02-10,77173,1787359,38649,929342,38524,858017,0,0,41030,1017332,0.12657,35915,385158,0.047919,41573,1402490,0.174489,8037679
4,2021-02-11,81206,1868565,42438,971780,38768,896785,0,0,41969,1020954,0.127021,39015,424173,0.052773,42637,1445127,0.179794,8037679
4,2021-02-12,84143,1952708,37705,1009485,46438,943223,0,0,43380,1024560,0.12747,40561,464734,0.057819,44167,1489294,0.185289,8037679
4,2021-02-13,58527,2011235,29726,1039211,28801,972024,0,0,29858,1026776,0.127745,28541,493275,0.06137,30757,1520051,0.189116,8037679
4,2021-02-14,36690,2047925,19032,1058243,17658,989682,0,0,18860,1028515,0.127962,17779,511054,0.063582,19518,1539569,0.191544,8037679
4,2021-02-15,46070,2093995,21588,1079831,24482,1014164,0,0,23681,1031050,0.128277,22324,533378,0.06636,24859,1564428,0.194637,8037679
4,2021-02-16,79964,2173959,36652,1116483,43312,1057476,0,0,40705,1033811,0.128621,39162,572540,0.071232,41923,1606351,0.199853,8037679
4,2021-02-17,81330,2255289,38412,1154895,42918,1100394,0,0,38758,1031287,0.128307,42410,614950,0.076508,39886,1646237,0.204815,8037679
4,2021-02-18,83100,2338389,45732,1200627,37368,1137762,0,0,38437,1026699,0.127736,44504,659454,0.082045,39916,1686153,0.209781,8037679
4,2021-02-19,82444,2420833,51828,1252455,30616,1168378,0,0,41295,1027684,0.127858,41008,700462,0.087147,41993,1728146,0.215006,8037679
4,2021-02-20,48927,2469760,32631,1285086,16296,1184674,0,0,26725,1032958,0.128514,22145,722607,0.089902,27419,1755565,0.218417,8037679
4,2021-02-21,29221,2498981,23473,1308559,5748,1190422,0,0,14079,1032245,0.128426,15076,737683,0.091778,14363,1769928,0.220204,8037679
4,2021-02-22,53090,2552071,36453,1345012,16637,1207059,0,0,25778,1031256,0.128303,27216,764899,0.095164,26227,1796155,0.223467,8037679
4,2021-02-23,73858,2625929,40988,1386000,32870,1239929,0,0,32566,1024331,0.127441,41161,806060,0.100285,34236,1830391,0.227726,8037679
4,2021-02-24,88738,2714667,46876,1432876,41862,1281791,0,0,40093,1018143,0.126671,48438,854498,0.106312,42250,1872641,0.232983,8037679
4,2021-02-25,99935,2814602,52189,1485065,47746,1329537,0,0,47952,1016821,0.126507,51831,906329,0.11276,50509,1923150,0.239267,8037679
4,2021-02-26,106466,2921068,53775,1538840,52691,1382228,0,0,54560,1022046,0.127157,51682,958011,0.11919,56907,1980057,0.246347,8037679
4,2021-02-27,77095,2998163,42061,1580901,35028,1417256,6,6,41345,1029270,0.128056,35611,993622,0.123621,42835,2022892,0.251676,8037679
4,2021-02-28,47417,3045580,29481,1610382,17930,1435186,6,12,26556,1035995,0.128892,20719,1014341,0.126198,27444,2050336,0.255091,8037679
4,2021-03-01,77813,3123393,45714,1656096,32066,1467252,33,45,42972,1045591,0.130086,34599,1048940,0.130503,44195,2094531,0.260589,8037679
4,2021-03-02,85032,3208425,48954,1705050,36071,1503323,7,52,50313,1063133,0.132269,34565,1083505,0.134803,52107,2146638,0.267072,8037679
4,2021-03-03,100137,3308562,53327,1758377,46797,1550120,13,65,55975,1076921,0.133984,43967,1127472,0.140273,57755,2204393,0.274257,8037679
4,2021-03-04,97108,3405670,53914,1812291,43177,1593297,17,82,53505,1088818,0.135464,43400,1170872,0.145673,55297,2259690,0.281137,8037679
4,2021-03-05,94294,3499964,50969,1863260,43011,1636308,314,396,55994,1108956,0.13797,38104,1208976,0.150414,58242,2317932,0.288383,8037679
4,2021-03-06,76120,3576084,42986,1906246,30520,1666828,2614,3010,46809,1130529,0.140654,29199,1238175,0.154046,50772,2368704,0.2947,8037679
4,2021-03-07,42677,3618761,27284,1933530,14211,1681039,1182,4192,25603,1141389,0.142005,17014,1255189,0.156163,27874,2396578,0.298168,8037679
4,2021-03-08,66375,3685136,34799,1968329,28380,1709419,3196,7388,43863,1167392,0.14524,22398,1277587,0.15895,48401,2444979,0.30419,8037679
4,2021-03-09,81144,3766280,41141,2009470,34872,1744291,5131,12519,43878,1180416,0.14686,37110,1314697,0.163567,50134,2495113,0.310427,8037679
4,2021-03-10,90883,3857163,46965,2056435,36467,1780758,7451,19970,45989,1190101,0.148065,44732,1359429,0.169132,54417,2549530,0.317197,8037679
4,2021-03-11,100420,3957583,52744,2109179,39286,1820044,8390,28360,46536,1192487,0.148362,53667,1413096,0.175809,56053,2605583,0.324171,8037679
4,2021-03-12,104484,4062067,51573,2160752,42637,1862681,10274,38634,44746,1188994,0.147928,59502,1472598,0.183212,56009,2661592,0.331139,8037679
4,2021-03-13,81009,4143076,37726,2198478,34878,1897559,8405,47039,38085,1193840,0.14853,42803,1515401,0.188537,47649,2709241,0.337068,8037679
4,2021-03-14,49574,4192650,28371,2226849,17565,1915124,3638,50677,23279,1195185,0.148698,26208,1541609,0.191798,27553,2736794,0.340496,8037679
4,2021-03-15,83632,4276282,44993,2271842,34392,1949516,4247,54924,42793,1202451,0.149602,40624,1582233,0.196852,47890,2784684,0.346454,8037679
4,2021-03-16,107481,4383763,55862,2327704,48220,1997736,3399,58323,57044,1213383,0.150962,50221,1632454,0.2031,61153,2845837,0.354062,8037679
4,2021-03-17,106545,4490308,57402,2385106,45649,2043385,3494,61817,62597,1236334,0.153817,43709,1676163,0.208538,66660,2912497,0.362355,8037679
4,2021-03-18,106323,4596631,58904,2444010,43770,2087155,3649,65466,60422,1255203,0.156165,45649,1721812,0.214218,64518,2977015,0.370382,8037679
4,2021-03-19,110740,4707371,63619,2507629,41933,2129088,5188,70654,63147,1276589,0.158826,47362,1769174,0.22011,68748,3045763,0.378936,8037679
4,2021-03-20,83409,4790780,48949,2556578,31462,2160550,2998,73652,51232,1299087,0.161625,32050,1801224,0.224098,54548,3100311,0.385722,8037679
4,2021-03-21,47934,4838714,34747,2591325,10925,2171475,2262,75914,28381,1310652,0.163063,19442,1820666,0.226516,31007,3131318,0.38958,8037679
4,2021-03-22,81908,4920622,53522,2644847,25663,2197138,2723,78637,50931,1334258,0.166,30767,1851433,0.230344,54373,3185691,0.396345,8037679
4,2021-03-23,103992,5024614,62151,2706998,39695,2236833,2146,80783,61959,1357132,0.168846,41775,1893208,0.235542,64649,3250340,0.404388,8037679
4,2021-03-24,113151,5137765,73135,2780133,37606,2274439,2410,83193,64009,1375275,0.171103,48741,1941949,0.241606,66884,3317224,0.412709,8037679
4,2021-03-25,116704,5254469,71934,2852067,42382,2316821,2388,85581,66926,1395740,0.17365,49331,1991280,0.247743,69796,3387020,0.421393,8037679
4,2021-03-26,119398,5373867,72568,2924635,43786,2360607,3044,88625,65480,1411279,0.175583,53589,2044869,0.25441,69128,3456148,0.429993,8037679
4,2021-03-27,91389,5465256,54209,2978844,35398,2396005,1782,90407,46458,1415292,0.176082,44716,2089585,0.259974,48729,3504877,0.436056,8037679
4,2021-03-28,55572,5520828,36738,3015582,17962,2413967,872,91279,29620,1420314,0.176707,25809,2115394,0.263185,30831,3535708,0.439892,8037679
4,2021-03-29,93283,5614111,56059,3071641,35149,2449116,2075,93354,50636,1431156,0.178056,42427,2157821,0.268463,53269,3588977,0.446519,8037679
4,2021-03-30,116808,5730919,63824,3135465,48835,2497951,4149,97503,69473,1458097,0.181408,47125,2204946,0.274326,74066,3663043,0.455734,8037679
4,2021-03-31,120692,5851611,71386,3206851,42988,2540939,6318,103821,67731,1479719,0.184098,52644,2257590,0.280876,74266,3737309,0.464974,8037679
4,2021-04-01,142175,5993786,81240,3288091,47741,2588680,13194,117015,83838,1519044,0.18899,57944,2315534,0.288085,97269,3834578,0.477075,8037679
4,2021-04-02,136258,6130044,72953,3361044,49760,2638440,13545,130560,78883,1554727,0.19343,57104,2372638,0.295189,92787,3927365,0.488619,8037679
4,2021-04-03,100982,6231026,53943,3414987,33656,2672096,13383,143943,52714,1573021,0.195706,48080,2420718,0.301171,66374,3993739,0.496877,8037679
4,2021-04-04,46827,6277853,24702,3439689,14604,2686700,7521,151464,20433,1574731,0.195919,26297,2447015,0.304443,28007,4021746,0.500362,8037679
4,2021-04-05,109000,6386853,61382,3501071,34868,2721568,12750,164214,56947,1593166,0.198212,51864,2498879,0.310896,70299,4092045,0.509108,8037679
4,2021-04-06,138484,6525337,77977,3579048,40769,2762337,19738,183952,72046,1619387,0.201474,66220,2565099,0.319134,92441,4184486,0.520609,8037679
4,2021-04-07,137127,6662464,77725,3656773,38728,2801065,20674,204626,71145,1645789,0.204759,65748,2630847,0.327314,92150,4276636,0.532074,8037679
4,2021-04-08,139641,6802105,77840,3734613,36421,2837486,25380,230006,69530,1671516,0.20796,69847,2700694,0.336004,95574,4372210,0.543964,8037679
4,2021-04-09,137292,6939397,75341,3809954,39017,2876503,22934,252940,65692,1689817,0.210237,71392,2772086,0.344886,89693,4461903,0.555123,8037679
4,2021-04-10,103167,7042564,51133,3861087,33210,2909713,18824,271764,46472,1699703,0.211467,56494,2828580,0.351915,66380,4528283,0.563382,8037679
4,2021-04-11,62301,7104865,37985,3899072,13137,2922850,11179,282943,27343,1704459,0.212059,34864,2863444,0.356253,39620,4567903,0.568311,8037679
4,2021-04-12,102500,7207365,62341,3961413,30035,2952885,10124,293067,51817,1717231,0.213648,50404,2913848,0.362524,63176,4631079,0.576171,8037679
4,2021-04-13,130018,7337383,81578,4042991,48277,3001162,163,293230,78117,1744752,0.217072,51645,2965493,0.368949,79166,4710245,0.586021,8037679
4,2021-04-14,135186,7472569,86136,4129127,48973,3050135,77,293307,75041,1761285,0.219129,59845,3025338,0.376394,76378,4786623,0.595523,8037679
4,2021-04-15,155669,7628238,103648,4232775,51959,3102094,62,293369,96078,1798997,0.22382,59267,3084605,0.383768,96979,4883602,0.607589,8037679
4,2021-04-16,142544,7770782,90501,4323276,51966,3154060,77,293446,83346,1824317,0.226971,58941,3143546,0.391101,84261,4967863,0.618072,8037679
4,2021-04-17,100139,7870921,63183,4386459,36933,3190993,23,293469,58705,1843031,0.229299,41195,3184741,0.396226,59909,5027772,0.625525,8037679
4,2021-04-18,54115,7925036,36198,4422657,17914,3208907,3,293472,30746,1851501,0.230353,23258,3207999,0.39912,31728,5059500,0.629473,8037679
4,2021-04-19,100241,8025277,66261,4488918,33964,3242871,16,293488,51305,1854688,0.230749,48723,3256722,0.405182,51910,5111410,0.635931,8037679
4,2021-04-20,127193,8152470,74725,4563643,52454,3295325,14,293502,66761,1862357,0.231703,60170,3316892,0.412668,67839,5179249,0.644371,8037679
4,2021-04-21,127447,8279917,81731,4645374,45665,3340990,51,293553,64412,1865097,0.232044,62736,3379628,0.420473,65476,5244725,0.652517,8037679
4,2021-04-22,137207,8417124,90401,4735775,46785,3387775,21,293574,61469,1852270,0.230448,75423,3455051,0.429857,62596,5307321,0.660305,8037679
4,2021-04-23,130611,8547735,84332,4820107,46256,3434031,23,293597,56699,1836547,0.228492,73601,3528652,0.439014,57878,5365199,0.667506,8037679
4,2021-04-24,97359,8645094,66028,4886135,31281,3465312,50,293647,44811,1830182,0.2277,52284,3580936,0.445519,45919,5411118,0.673219,8037679
4,2021-04-25,49544,8694638,35234,4921369,14285,3479597,25,293672,26194,1833619,0.228128,23223,3604159,0.448408,26660,5437778,0.676536,8037679
4,2021-04-26,89531,8784169,58379,4979748,30756,3510353,396,294068,35338,1816784,0.226033,53926,3658085,0.455117,37091,5474869,0.68115,8037679
4,2021-04-27,111664,8895833,67904,5047652,41457,3551810,2303,296371,40217,1788963,0.222572,71157,3729242,0.46397,43336,5518205,0.686542,8037679
4,2021-04-28,101190,8997023,65671,5113323,33017,3584827,2502,298873,37054,1765283,0.219626,63873,3793115,0.471917,40193,5558398,0.691543,8037679
4,2021-04-29,102505,9099528,64948,5178271,35046,3619873,2511,301384,32996,1732155,0.215504,69212,3862327,0.480528,36084,5594482,0.696032,8037679
4,2021-04-30,102219,9201747,64468,5242739,35082,3654955,2669,304053,34895,1703351,0.211921,66992,3929319,0.488862,38188,5632670,0.700783,8037679
4,2021-05-01,68544,9270291,45672,5288411,21117,3676072,1755,305808,19885,1677170,0.208663,48447,3977766,0.49489,22266,5654936,0.703553,8037679
4,2021-05-02,37379,9307670,26532,5314943,9567,3685639,1280,307088,10501,1662316,0.206815,26779,4004545,0.498222,11925,5666861,0.705037,8037679
4,2021-05-03,77952,9385622,54357,5369300,21138,3706777,2457,309545,19138,1625656,0.202254,58594,4063139,0.505511,21934,5688795,0.707766,8037679
4,2021-05-04,98337,9483959,66731,5436031,28860,3735637,2746,312291,22309,1575290,0.195988,75786,4138925,0.51494,25420,5714215,0.710928,8037679
4,2021-05-05,99127,9583086,69462,5505493,26951,3762588,2714,315005,21591,1522636,0.189437,77242,4216167,0.52455,24588,5738803,0.713988,8037679
4,2021-05-06,109239,9692325,81592,5587085,24723,3787311,2924,317929,19397,1456656,0.181228,89418,4305585,0.535675,23438,5762241,0.716904,8037679
4,2021-05-07,102881,9795206,73820,5660905,26386,3813697,2675,320604,20377,1397932,0.173922,82177,4387762,0.545899,23453,5785694,0.719821,8037679
4,2021-05-08,66377,9861583,45433,5706338,19027,3832724,1917,322521,13188,1360404,0.169253,52986,4440748,0.552491,15458,5801152,0.721745,8037679
4,2021-05-09,33401,9894984,27273,5733611,5188,3837912,940,323461,7833,1343795,0.167187,25475,4466223,0.555661,8866,5810018,0.722848,8037679
4,2021-05-10,63151,9958135,42002,5775613,18848,3856760,2301,325762,11080,1305595,0.162434,51891,4518114,0.562117,13691,5823709,0.724551,8037679
4,2021-05-11,78972,10037107,48294,5823907,28507,3885267,2171,327933,15593,1260657,0.156843,63171,4581285,0.569976,18233,5841942,0.72682,8037679
4,2021-05-12,77328,10114435,51167,5875074,23714,3908981,2447,330380,18031,1222488,0.152095,59042,4640327,0.577322,20873,5862815,0.729416,8037679
4,2021-05-13,101964,10216399,75024,5950098,25422,3934403,1518,331898,40291,1203941,0.149787,61378,4701705,0.584958,42831,5905646,0.734745,8037679
4,2021-05-14,102275,10318674,72082,6022180,28102,3962505,2091,333989,40245,1185041,0.147436,61757,4763462,0.592641,42857,5948503,0.740077,8037679
4,2021-05-15,84024,10402698,64951,6087131,17754,3980259,1319,335308,37058,1176937,0.146427,46763,4810225,0.598459,38659,5987162,0.744887,8037679
4,2021-05-16,49182,10451880,39958,6127089,8538,3988797,686,335994,20116,1168936,0.145432,28940,4839165,0.60206,20939,6008101,0.747492,8037679
4,2021-05-17,69972,10521852,51082,6178171,17052,4005849,1838,337832,28184,1157572,0.144018,41606,4880771,0.607236,30242,6038343,0.751255,8037679
4,2021-05-18,80784,10602636,52539,6230710,26499,4032348,1746,339578,29411,1138060,0.141591,51028,4931799,0.613585,31516,6069859,0.755176,8037679
4,2021-05-19,75838,10678474,51388,6282098,22526,4054874,1924,341502,31610,1127892,0.140326,43981,4975780,0.619057,33813,6103672,0.759382,8037679
4,2021-05-20,67418,10745892,43222,6325320,22213,4077087,1983,343485,25785,1114656,0.138679,41381,5017161,0.624205,28145,6131817,0.762884,8037679
4,2021-05-21,72785,10818677,48158,6373478,22774,4099861,1853,345338,26691,1097642,0.136562,45842,5063003,0.629909,28828,6160645,0.766471,8037679
4,2021-05-22,48924,10867601,34257,6407735,13406,4113267,1261,346599,21250,1092884,0.13597,27529,5090532,0.633334,22771,6183416,0.769304,8037679
4,2021-05-23,22622,10890223,16183,6423918,5720,4118987,719,347318,9465,1090153,0.13563,13052,5103584,0.634957,10321,6193737,0.770588,8037679
4,2021-05-24,41511,10931734,26162,6450080,12369,4131356,2980,350298,14615,1081234,0.134521,26708,5130292,0.63828,17789,6211526,0.772801,8037679
4,2021-05-25,44503,10976237,27740,6477820,13967,4145323,2796,353094,16134,1072239,0.133402,28155,5158447,0.641783,19160,6230686,0.775185,8037679
4,2021-05-26,44011,11020248,26442,6504262,14997,4160320,2572,355666,15958,1063115,0.132266,27871,5186318,0.645251,18747,6249433,0.777517,8037679
4,2021-05-27,38556,11058804,23201,6527463,12218,4172538,3137,358803,14856,1057794,0.131604,23531,5209849,0.648178,18210,6267643,0.779783,8037679
4,2021-05-28,42856,11101660,27431,6554894,13837,4186375,1588,360391,19028,1055044,0.131262,23625,5233474,0.651118,20875,6288518,0.78238,8037679
4,2021-05-29,23352,11125012,15233,6570127,7190,4193565,929,361320,11208,1055289,0.131293,12036,5245510,0.652615,12281,6300799,0.783908,8037679
4,2021-05-30,11919,11136931,8375,6578502,3020,4196585,524,361844,5102,1054238,0.131162,6764,5252274,0.653457,5713,6306512,0.784619,8037679
4,2021-05-31,3578,11140509,2291,6580793,1129,4197714,158,362002,1198,1053270,0.131042,2351,5254625,0.653749,1383,6307895,0.784791,8037679
4,2021-06-01,39146,11179655,24449,6605242,12271,4209985,2426,364428,13847,1044670,0.129972,25119,5279744,0.656874,16519,6324414,0.786846,8037679
4,2021-06-02,32203,11211858,20147,6625389,9276,4219261,2780,367208,11152,1037888,0.129128,20891,5300635,0.659473,14109,6338523,0.788601,8037679
4,2021-06-03,47608,11259466,36566,6661955,8593,4227854,2449,369657,11133,1015479,0.12634,36332,5336967,0.663994,13923,6352446,0.790333,8037679
4,2021-06-04,54312,11313778,43834,6705789,9172,4237026,1306,370963,13649,990828,0.123273,40459,5377426,0.669027,15808,6368254,0.7923,8037679
4,2021-06-05,44183,11357961,37857,6743646,5331,4242357,995,371958,9195,966483,0.120244,34841,5412267,0.673362,10496,6378750,0.793606,8037679
4,2021-06-06,20919,11378880,18666,6762312,1698,4244055,555,372513,4657,955947,0.118933,16166,5428433,0.675373,5630,6384380,0.794306,8037679
4,2021-06-07,38228,11417108,30954,6793266,5364,4249419,1910,374423,8861,937782,0.116673,29245,5457678,0.679012,11080,6395460,0.795685,8037679
4,2021-06-08,40093,11457201,31488,6824754,6082,4255501,2523,376946,9683,920122,0.114476,30242,5487920,0.682774,12582,6408042,0.79725,8037679
4,2021-06-09,38464,11495665,30518,6855272,5599,4261100,2347,379293,7987,900554,0.112042,30329,5518249,0.686548,10761,6418803,0.798589,8037679
4,2021-06-10,36445,11532110,28686,6883958,5163,4266263,2596,381889,8594,884338,0.110024,27719,5545968,0.689996,11503,6430306,0.80002,8037679
4,2021-06-11,37388,11569498,29421,6913379,5990,4272253,1977,383866,9687,868791,0.10809,27574,5573542,0.693427,12027,6442333,0.801517,8037679
4,2021-06-12,25952,11595450,21600,6934979,3658,4275911,694,384560,6159,856189,0.106522,19703,5593245,0.695878,7101,6449434,0.8024,8037679
4,2021-06-13,10245,11605695,8098,6943077,1697,4277608,450,385010,2241,851024,0.105879,7949,5601194,0.696867,2784,6452218,0.802746,8037679
4,2021-06-14,22687,11628382,16181,6959258,3848,4281456,2658,387668,5822,842827,0.104859,16765,5617959,0.698953,8568,6460786,0.803812,8037679
4,2021-06-15,14657,11643039,9759,6969017,2311,4283767,2587,390255,3566,838541,0.104326,11019,5628978,0.700324,6733,6467519,0.80465,8037679
