vemquartile,administered_date,total_doses,cumulative_total_doses,pfizer_doses,cumulative_pfizer_doses,moderna_doses,cumulative_moderna_doses,jj_doses,cumulative_jj_doses,partially_vaccinated,total_partially_vaccinated,pct_age16pop_partially_vaccinated,fully_vaccinated,cumulative_fully_vaccinated,pct_age16pop_fully_vaccinated,at_least_one_dose,cumulative_at_least_one_dose,pct_age16pop_at_least_one_dose,age16_population
1,2020-12-15,147,147,147,147,0,0,0,0,147,147,1.8e-05,0,0,0.0,147,147,1.8e-05,8051741
1,2020-12-16,1154,1301,1154,1301,0,0,0,0,1154,1301,0.000162,0,0,0.0,1154,1301,0.000162,8051741
1,2020-12-17,4106,5407,4106,5407,0,0,0,0,4107,5408,0.000672,0,0,0.0,4107,5408,0.000672,8051741
1,2020-12-18,6246,11653,6226,11633,20,20,0,0,6248,11656,0.001448,0,0,0.0,6248,11656,0.001448,8051741
1,2020-12-19,2866,14519,2865,14498,1,21,0,0,2864,14519,0.001803,1,1,0.0,2864,14520,0.001803,8051741
1,2020-12-20,2079,16598,2075,16573,4,25,0,0,2080,16599,0.002062,0,1,0.0,2080,16600,0.002062,8051741
1,2020-12-21,7594,24192,7583,24156,11,36,0,0,7645,24244,0.003011,0,1,0.0,7645,24245,0.003011,8051741
1,2020-12-22,7269,31461,6930,31086,339,375,0,0,7272,31515,0.003914,1,2,0.0,7272,31517,0.003914,8051741
1,2020-12-23,7778,39239,6560,37646,1218,1593,0,0,7774,39289,0.00488,0,2,0.0,7774,39291,0.00488,8051741
1,2020-12-24,3290,42529,2353,39999,937,2530,0,0,3292,42581,0.005288,0,2,0.0,3292,42583,0.005289,8051741
1,2020-12-25,232,42761,149,40148,83,2613,0,0,232,42813,0.005317,0,2,0.0,232,42815,0.005317,8051741
1,2020-12-26,1354,44115,965,41113,389,3002,0,0,1353,44165,0.005485,1,3,0.0,1353,44168,0.005486,8051741
1,2020-12-27,853,44968,527,41640,326,3328,0,0,853,45018,0.005591,0,3,0.0,853,45021,0.005591,8051741
1,2020-12-28,6994,51962,4739,46379,2255,5583,0,0,6993,52011,0.00646,0,3,0.0,6993,52014,0.00646,8051741
1,2020-12-29,8821,60783,4972,51351,3849,9432,0,0,8818,60828,0.007555,1,4,0.0,8818,60832,0.007555,8051741
1,2020-12-30,11561,72344,6467,57818,5094,14526,0,0,11561,72389,0.00899,0,4,0.0,11561,72393,0.008991,8051741
1,2020-12-31,5916,78260,1952,59770,3964,18490,0,0,5915,78303,0.009725,1,5,1e-06,5915,78308,0.009726,8051741
1,2021-01-01,516,78776,173,59943,343,18833,0,0,516,78819,0.009789,0,5,1e-06,516,78824,0.00979,8051741
1,2021-01-02,2876,81652,1743,61686,1133,19966,0,0,2878,81697,0.010147,0,5,1e-06,2878,81702,0.010147,8051741
1,2021-01-03,1007,82659,539,62225,468,20434,0,0,1006,82702,0.010271,1,6,1e-06,1006,82708,0.010272,8051741
1,2021-01-04,7278,89937,3542,65767,3736,24170,0,0,7283,89984,0.011176,1,7,1e-06,7283,89991,0.011177,8051741
1,2021-01-05,10682,100619,5148,70915,5534,29704,0,0,9941,99217,0.012322,728,735,9.1e-05,9961,99952,0.012414,8051741
1,2021-01-06,13810,114429,6957,77872,6853,36557,0,0,11948,109347,0.013581,1824,2559,0.000318,11954,111906,0.013898,8051741
1,2021-01-07,17335,131764,9067,86939,8268,44825,0,0,12924,117965,0.014651,4312,6871,0.000853,12930,124836,0.015504,8051741
1,2021-01-08,19987,151751,10387,97326,9600,54425,0,0,14141,126282,0.015684,5829,12700,0.001577,14146,138982,0.017261,8051741
1,2021-01-09,6600,158351,3341,100667,3259,57684,0,0,4775,129252,0.016053,1809,14509,0.001802,4779,143761,0.017855,8051741
1,2021-01-10,3021,161372,1715,102382,1306,58990,0,0,1853,129954,0.01614,1152,15661,0.001945,1854,145615,0.018085,8051741
1,2021-01-11,17996,179368,11785,114167,6211,65201,0,0,11484,134989,0.016765,6485,22146,0.00275,11520,157135,0.019516,8051741
1,2021-01-12,18770,198138,10614,124781,8156,73357,0,0,12823,141939,0.017628,5905,28051,0.003484,12855,169990,0.021112,8051741
1,2021-01-13,19608,217746,10560,135341,9048,82405,0,0,14486,151336,0.018795,5099,33150,0.004117,14496,184486,0.022913,8051741
1,2021-01-14,21835,239581,9402,144743,12433,94838,0,0,19108,167815,0.020842,2667,35817,0.004448,19146,203632,0.02529,8051741
1,2021-01-15,25053,264634,9275,154018,15778,110616,0,0,23142,189138,0.02349,1860,37677,0.004679,23183,226815,0.02817,8051741
1,2021-01-16,13834,278468,4537,158555,9297,119913,0,0,12997,201300,0.025001,837,38514,0.004783,12999,239814,0.029784,8051741
1,2021-01-17,5160,283628,1984,160539,3176,123089,0,0,4794,205737,0.025552,362,38876,0.004828,4799,244613,0.03038,8051741
1,2021-01-18,14147,297775,8507,169046,5640,128729,0,0,11022,213682,0.026539,3113,41989,0.005215,11058,255671,0.031754,8051741
1,2021-01-19,24504,322279,12770,181816,11734,140463,0,0,19381,228003,0.028317,5108,47097,0.005849,19429,275100,0.034167,8051741
1,2021-01-20,27915,350194,13513,195329,14402,154865,0,0,22519,245179,0.03045,5375,52472,0.006517,22551,297651,0.036967,8051741
1,2021-01-21,30347,380541,14030,209359,16317,171182,0,0,27289,269524,0.033474,3005,55477,0.00689,27350,325001,0.040364,8051741
1,2021-01-22,27965,408506,11095,220454,16870,188052,0,0,26016,293657,0.036471,1908,57385,0.007127,26041,351042,0.043598,8051741
1,2021-01-23,18608,427114,8174,228628,10434,198486,0,0,16691,308455,0.038309,1904,59289,0.007364,16702,367744,0.045673,8051741
1,2021-01-24,6645,433759,4155,232783,2490,200976,0,0,5999,313816,0.038975,642,59931,0.007443,6003,373747,0.046418,8051741
1,2021-01-25,24708,458467,10242,243025,14466,215442,0,0,19286,327776,0.040709,5406,65337,0.008115,19366,393113,0.048823,8051741
1,2021-01-26,28253,486720,13282,256307,14971,230413,0,0,21786,343152,0.042618,6426,71763,0.008913,21802,414915,0.051531,8051741
1,2021-01-27,31314,518034,15303,271610,16011,246424,0,0,23558,359034,0.044591,7699,79462,0.009869,23581,438496,0.05446,8051741
1,2021-01-28,34232,552266,16002,287612,18230,264654,0,0,27564,380027,0.047198,6612,86074,0.01069,27605,466101,0.057888,8051741
1,2021-01-29,33177,585443,16304,303916,16873,281527,0,0,26770,400547,0.049747,6281,92355,0.01147,26801,492902,0.061217,8051741
1,2021-01-30,19958,605401,8625,312541,11333,292860,0,0,17974,416568,0.051736,1960,94315,0.011714,17981,510883,0.06345,8051741
1,2021-01-31,7583,612984,4984,317525,2599,295459,0,0,6852,422692,0.052497,730,95045,0.011804,6854,517737,0.064301,8051741
1,2021-02-01,28051,641035,12096,329621,15955,311414,0,0,20699,436086,0.05416,7310,102355,0.012712,20704,538441,0.066873,8051741
1,2021-02-02,31758,672793,11451,341072,20307,331721,0,0,23925,452268,0.05617,7775,110130,0.013678,23957,562398,0.069848,8051741
1,2021-02-03,38826,711619,14820,355892,24006,355727,0,0,28202,469993,0.058372,10504,120634,0.014982,28229,590627,0.073354,8051741
1,2021-02-04,43526,755145,17029,372921,26497,382224,0,0,31657,489929,0.060848,11768,132402,0.016444,31704,622331,0.077291,8051741
1,2021-02-05,46545,801690,17305,390226,29240,411464,0,0,30690,504918,0.062709,15743,148145,0.018399,30732,653063,0.081108,8051741
1,2021-02-06,26409,828099,10443,400669,15966,427430,0,0,20623,519814,0.064559,5742,153887,0.019112,20638,673701,0.083671,8051741
1,2021-02-07,6149,834248,3940,404609,2209,429639,0,0,4594,522886,0.064941,1539,155426,0.019303,4611,678312,0.084244,8051741
1,2021-02-08,30949,865197,14012,418621,16937,446576,0,0,20670,533452,0.066253,10180,165606,0.020568,20746,699058,0.086821,8051741
1,2021-02-09,37829,903026,16557,435178,21272,467848,0,0,23253,542306,0.067353,14467,180073,0.022364,23321,722379,0.089717,8051741
1,2021-02-10,46432,949458,21983,457161,24449,492297,0,0,26907,549896,0.068295,19391,199464,0.024773,26981,749360,0.093068,8051741
1,2021-02-11,50274,999732,24736,481897,25538,517835,0,0,30731,561369,0.06972,19352,218816,0.027176,30825,780185,0.096896,8051741
1,2021-02-12,49185,1048917,21252,503149,27933,545768,0,0,28400,569234,0.070697,20662,239478,0.029742,28527,808712,0.100439,8051741
1,2021-02-13,25979,1074896,11295,514444,14684,560452,0,0,15069,573535,0.071231,10844,250322,0.031089,15145,823857,0.10232,8051741
1,2021-02-14,11566,1086462,5460,519904,6106,566558,0,0,6603,575310,0.071452,4935,255257,0.031702,6710,830567,0.103154,8051741
1,2021-02-15,23254,1109716,9214,529118,14040,580598,0,0,14170,580643,0.072114,8997,264254,0.032819,14330,844897,0.104933,8051741
1,2021-02-16,46248,1155964,22084,551202,24164,604762,0,0,27393,589427,0.073205,18796,283050,0.035154,27580,872477,0.108359,8051741
1,2021-02-17,47425,1203389,23982,575184,23443,628205,0,0,25881,594066,0.073781,21447,304497,0.037818,26086,898563,0.111599,8051741
1,2021-02-18,49891,1253280,24924,600108,24967,653172,0,0,26103,596860,0.074128,23601,328098,0.040749,26395,924958,0.114877,8051741
1,2021-02-19,44849,1298129,24191,624299,20658,673830,0,0,25593,603347,0.074934,19166,347264,0.043129,25653,950611,0.118063,8051741
1,2021-02-20,26206,1324335,15944,640243,10262,684092,0,0,15092,607436,0.075442,11079,358343,0.044505,15168,965779,0.119947,8051741
1,2021-02-21,9595,1333930,8381,648624,1214,685306,0,0,5849,609712,0.075724,3710,362053,0.044966,5986,971765,0.12069,8051741
1,2021-02-22,29669,1363599,19502,668126,10167,695473,0,0,17489,615245,0.076411,12137,374190,0.046473,17670,989435,0.122885,8051741
1,2021-02-23,41790,1405389,20058,688184,21732,717205,0,0,23269,620496,0.077064,18412,392602,0.04876,23663,1013098,0.125823,8051741
1,2021-02-24,52169,1457558,25186,713370,26983,744188,0,0,29415,627738,0.077963,22665,415267,0.051575,29907,1043005,0.129538,8051741
1,2021-02-25,63387,1520945,30437,743807,32950,777138,0,0,39557,644090,0.079994,23743,439010,0.054524,40095,1083100,0.134517,8051741
1,2021-02-26,71284,1592229,33548,777355,37736,814874,0,0,47335,668077,0.082973,23816,462826,0.057481,47803,1130903,0.140454,8051741
1,2021-02-27,48025,1640254,21361,798716,26658,841532,6,6,31835,684092,0.084962,16092,478918,0.05948,32107,1163010,0.144442,8051741
1,2021-02-28,18862,1659116,11189,809905,7673,849205,0,6,13992,693491,0.086129,4822,483740,0.060079,14221,1177231,0.146208,8051741
1,2021-03-01,42905,1702021,19560,829465,23337,872542,8,14,27972,706910,0.087796,14843,498583,0.061922,28262,1205493,0.149718,8051741
1,2021-03-02,58165,1760186,23883,853348,34277,906819,5,19,37017,723626,0.089872,21057,519640,0.064538,37773,1243266,0.15441,8051741
1,2021-03-03,67474,1827660,31716,885064,35747,942566,11,30,40915,738883,0.091767,26443,546083,0.067822,41700,1284966,0.159589,8051741
1,2021-03-04,75042,1902702,34598,919662,40412,982978,32,62,48043,760653,0.094471,26858,572941,0.071157,48628,1333594,0.165628,8051741
1,2021-03-05,73649,1976351,32756,952418,40695,1023673,198,260,49003,786198,0.097643,24473,597414,0.074197,50018,1383612,0.17184,8051741
1,2021-03-06,56041,2032392,26518,978936,28198,1051871,1325,1585,38082,808270,0.100385,17905,615319,0.076421,39977,1423589,0.176805,8051741
1,2021-03-07,19346,2051738,12210,991146,6353,1058224,783,2368,14489,818989,0.101716,4844,620163,0.077022,15563,1439152,0.178738,8051741
1,2021-03-08,42852,2094590,20239,1011385,20763,1078987,1850,4218,29869,838126,0.104093,12920,633083,0.078627,32057,1471209,0.182719,8051741
1,2021-03-09,59434,2154024,25831,1037216,31148,1110135,2455,6673,35628,853118,0.105954,23730,656813,0.081574,38722,1509931,0.187529,8051741
1,2021-03-10,69933,2223957,34342,1071558,31364,1141499,4227,10900,43206,874436,0.108602,26627,683440,0.084881,47945,1557876,0.193483,8051741
1,2021-03-11,86942,2310899,39484,1111042,39689,1181188,7769,18669,50983,897994,0.111528,35762,719202,0.089323,59320,1617196,0.20085,8051741
1,2021-03-12,93364,2404263,40152,1151194,40996,1222184,12216,30885,53846,925192,0.114906,39358,758560,0.094211,66556,1683752,0.209117,8051741
1,2021-03-13,62780,2467043,28116,1179310,27012,1249196,7652,38537,40032,950576,0.118058,22654,781214,0.097024,48038,1731790,0.215083,8051741
1,2021-03-14,26704,2493747,14235,1193545,9008,1258204,3461,41998,15829,959241,0.119135,10830,792044,0.098369,19495,1751285,0.217504,8051741
1,2021-03-15,63080,2556827,27335,1220880,29181,1287385,6564,48562,37388,978013,0.121466,25550,817594,0.101543,44322,1795607,0.223009,8051741
1,2021-03-16,82963,2639790,37077,1257957,40411,1327796,5475,54037,52158,1005449,0.124873,30657,848251,0.10535,58093,1853700,0.230224,8051741
1,2021-03-17,89158,2728948,42534,1300491,40129,1367925,6495,60532,57266,1037911,0.128905,31766,880017,0.109295,64228,1917928,0.2382,8051741
1,2021-03-18,94340,2823288,47635,1348126,41216,1409141,5489,66021,58413,1066867,0.132501,35655,915672,0.113723,64611,1982539,0.246225,8051741
1,2021-03-19,99533,2922821,51016,1399142,42461,1451602,6056,72077,59423,1093017,0.135749,39880,955552,0.118676,66030,2048569,0.254426,8051741
1,2021-03-20,69442,2992263,35646,1434788,28627,1480229,5169,77246,45678,1120553,0.139169,23634,979186,0.121612,51170,2099739,0.260781,8051741
1,2021-03-21,25754,3018017,17763,1452551,6233,1486462,1758,79004,16743,1130290,0.140378,8951,988137,0.122723,18688,2118427,0.263102,8051741
1,2021-03-22,56632,3074649,29400,1481951,24059,1510521,3173,82177,38783,1154886,0.143433,17715,1005852,0.124924,42311,2160738,0.268357,8051741
1,2021-03-23,79766,3154415,40443,1522394,35885,1546406,3438,85615,51931,1183075,0.146934,27679,1033531,0.128361,55868,2216606,0.275295,8051741
1,2021-03-24,83853,3238268,42266,1564660,37402,1583808,4185,89800,51362,1206651,0.149862,32309,1065840,0.132374,55885,2272491,0.282236,8051741
1,2021-03-25,91900,3330168,46305,1610965,40061,1623869,5534,95334,53389,1227531,0.152455,38281,1104121,0.137128,59161,2331652,0.289584,8051741
1,2021-03-26,99995,3430163,48176,1659141,45703,1669572,6116,101450,56097,1246432,0.154803,43647,1147768,0.142549,62548,2394200,0.297352,8051741
1,2021-03-27,70445,3500608,36593,1695734,30166,1699738,3686,105136,37044,1254141,0.15576,33233,1181001,0.146676,40942,2435142,0.302437,8051741
1,2021-03-28,31145,3531753,20036,1715770,9912,1709650,1197,106333,16625,1257853,0.156221,14441,1195442,0.14847,18153,2453295,0.304691,8051741
1,2021-03-29,64501,3596254,32182,1747952,29549,1739199,2770,109103,36942,1270360,0.157775,27430,1222872,0.151877,39937,2493232,0.309651,8051741
1,2021-03-30,88274,3684528,43066,1791018,39320,1778519,5888,114991,50481,1289196,0.160114,37687,1260559,0.156557,56523,2549755,0.316671,8051741
1,2021-03-31,96425,3780953,50284,1841302,40453,1818972,5688,120679,55296,1309382,0.162621,40905,1301464,0.161638,61091,2610846,0.324259,8051741
1,2021-04-01,105378,3886331,50422,1891724,47028,1866000,7928,128607,54974,1322223,0.164216,50171,1351635,0.167869,63012,2673858,0.332084,8051741
1,2021-04-02,105043,3991374,47716,1939440,48187,1914187,9140,137747,54459,1335837,0.165907,50253,1401888,0.17411,63867,2737725,0.340017,8051741
1,2021-04-03,74525,4065899,36954,1976394,28367,1942554,9204,146951,35435,1341673,0.166631,38956,1440844,0.178948,44792,2782517,0.34558,8051741
1,2021-04-04,23394,4089293,11629,1988023,8343,1950897,3422,150373,10148,1342055,0.166679,13204,1454048,0.180588,13586,2796103,0.347267,8051741
1,2021-04-05,71981,4161274,34889,2022912,28280,1979177,8812,159185,34022,1347338,0.167335,37824,1491872,0.185286,43107,2839210,0.352621,8051741
1,2021-04-06,100715,4261989,47543,2070455,36914,2016091,16258,175443,46290,1355851,0.168392,54236,1546108,0.192022,62749,2901959,0.360414,8051741
1,2021-04-07,107435,4369424,51791,2122246,38551,2054642,17093,192536,49658,1365303,0.169566,57578,1603686,0.199173,67030,2968989,0.368739,8051741
1,2021-04-08,117632,4487056,55179,2177425,42149,2096791,20304,212840,53049,1374513,0.17071,64300,1667986,0.207158,73510,3042499,0.377868,8051741
1,2021-04-09,115496,4602552,52065,2229490,43461,2140252,19970,232810,51607,1382681,0.171724,63609,1731595,0.215058,71777,3114276,0.386783,8051741
1,2021-04-10,92143,4694695,41310,2270800,28691,2168943,22142,254952,36458,1385849,0.172118,55524,1787119,0.221954,58692,3172968,0.394072,8051741
1,2021-04-11,34687,4729382,19052,2289852,9180,2178123,6455,261407,14265,1386478,0.172196,20362,1807481,0.224483,20991,3193959,0.396679,8051741
1,2021-04-12,71750,4801132,31984,2321836,30052,2208175,9714,271121,30927,1386691,0.172223,40623,1848104,0.229528,40836,3234795,0.401751,8051741
1,2021-04-13,93261,4894393,49261,2371097,43670,2251845,330,271451,50101,1394617,0.173207,42958,1891062,0.234864,50884,3285679,0.408071,8051741
1,2021-04-14,99172,4993565,51303,2422400,47807,2299652,62,271513,50658,1397647,0.173583,48229,1939291,0.240854,51259,3336938,0.414437,8051741
1,2021-04-15,99866,5093431,53943,2476343,45855,2345507,68,271581,53454,1405662,0.174579,45959,1985250,0.246562,53974,3390912,0.42114,8051741
1,2021-04-16,103456,5196887,53273,2529616,50099,2395606,84,271665,52125,1407133,0.174761,50995,2036245,0.252895,52466,3443378,0.427656,8051741
1,2021-04-17,77561,5274448,42524,2572140,35030,2430636,7,271672,43568,1417112,0.176001,33841,2070086,0.257098,43820,3487198,0.433099,8051741
1,2021-04-18,27705,5302153,18317,2590457,9382,2440018,6,271678,14541,1418837,0.176215,13095,2083181,0.258724,14820,3502018,0.434939,8051741
1,2021-04-19,63510,5365663,32475,2622932,31006,2471024,29,271707,28982,1413828,0.175593,34261,2117442,0.262979,29252,3531270,0.438572,8051741
1,2021-04-20,83464,5449127,41852,2664784,41596,2512620,16,271723,39809,1410760,0.175212,43403,2160845,0.26837,40335,3571605,0.443582,8051741
1,2021-04-21,89960,5539087,46045,2710829,43827,2556447,88,271811,41082,1404256,0.174404,48483,2209328,0.274391,41979,3613584,0.448795,8051741
1,2021-04-22,90538,5629625,47147,2757976,43372,2599819,19,271830,42333,1399514,0.173815,47835,2257163,0.280332,43093,3656677,0.454147,8051741
1,2021-04-23,93372,5722997,47974,2805950,45373,2645192,25,271855,44952,1397055,0.17351,48065,2305228,0.286302,45606,3702283,0.459811,8051741
1,2021-04-24,71110,5794107,45092,2851042,26008,2671200,10,271865,41310,1409271,0.175027,29622,2334850,0.289981,41838,3744121,0.465008,8051741
1,2021-04-25,26671,5820778,17095,2868137,9568,2680768,8,271873,15392,1413666,0.175573,11208,2346058,0.291373,15603,3759724,0.466945,8051741
1,2021-04-26,56907,5877685,30584,2898721,25983,2706751,340,272213,26986,1411926,0.175357,29711,2375769,0.295063,27971,3787695,0.470419,8051741
1,2021-04-27,71872,5949557,38268,2936989,32496,2739247,1108,273321,30863,1403661,0.17433,40741,2416510,0.300123,32476,3820171,0.474453,8051741
1,2021-04-28,69617,6019174,36973,2973962,31333,2770580,1311,274632,30481,1397171,0.173524,38906,2455416,0.304955,32416,3852587,0.478479,8051741
1,2021-04-29,44068,6063242,25702,2999664,17609,2788189,757,275389,16953,1388371,0.172431,26962,2482378,0.308303,18162,3870749,0.480734,8051741
2,2020-12-15,232,232,232,232,0,0,0,0,232,232,2.9e-05,0,0,0.0,232,232,2.9e-05,7897587
2,2020-12-16,1925,2157,1925,2157,0,0,0,0,1925,2157,0.000273,0,0,0.0,1925,2157,0.000273,7897587
2,2020-12-17,6657,8814,6657,8814,0,0,0,0,6658,8815,0.001116,0,0,0.0,6658,8815,0.001116,7897587
2,2020-12-18,10825,19639,10806,19620,19,19,0,0,10826,19641,0.002487,0,0,0.0,10826,19641,0.002487,7897587
2,2020-12-19,5572,25211,5567,25187,5,24,0,0,5574,25215,0.003193,0,0,0.0,5574,25215,0.003193,7897587
2,2020-12-20,4215,29426,4208,29395,7,31,0,0,4212,29427,0.003726,0,0,0.0,4212,29427,0.003726,7897587
2,2020-12-21,12762,42188,12739,42134,23,54,0,0,12717,42144,0.005336,0,0,0.0,12717,42144,0.005336,7897587
2,2020-12-22,12036,54224,11529,53663,507,561,0,0,12036,54180,0.00686,0,0,0.0,12036,54180,0.00686,7897587
2,2020-12-23,11601,65825,9413,63076,2188,2749,0,0,11603,65783,0.00833,0,0,0.0,11603,65783,0.00833,7897587
2,2020-12-24,5841,71666,3488,66564,2353,5102,0,0,5838,71621,0.009069,0,0,0.0,5838,71621,0.009069,7897587
2,2020-12-25,477,72143,401,66965,76,5178,0,0,478,72099,0.009129,0,0,0.0,478,72099,0.009129,7897587
2,2020-12-26,2565,74708,1669,68634,896,6074,0,0,2567,74666,0.009454,0,0,0.0,2567,74666,0.009454,7897587
2,2020-12-27,2210,76918,1196,69830,1014,7088,0,0,2208,76873,0.009734,1,1,0.0,2208,76874,0.009734,7897587
2,2020-12-28,10898,87816,7083,76913,3815,10903,0,0,10898,87770,0.011114,1,2,0.0,10898,87772,0.011114,7897587
2,2020-12-29,12680,100496,7186,84099,5494,16397,0,0,12684,100454,0.01272,0,2,0.0,12684,100456,0.01272,7897587
2,2020-12-30,15314,115810,8632,92731,6682,23079,0,0,15330,115783,0.014661,1,3,0.0,15330,115786,0.014661,7897587
2,2020-12-31,7494,123304,2800,95531,4694,27773,0,0,7491,123273,0.015609,1,4,1e-06,7491,123277,0.015609,7897587
2,2021-01-01,1092,124396,526,96057,566,28339,0,0,1093,124365,0.015747,1,5,1e-06,1093,124370,0.015748,7897587
2,2021-01-02,4803,129199,2750,98807,2053,30392,0,0,4801,129166,0.016355,0,5,1e-06,4801,129171,0.016356,7897587
2,2021-01-03,1380,130579,789,99596,591,30983,0,0,1375,130538,0.016529,3,8,1e-06,1375,130546,0.01653,7897587
2,2021-01-04,11483,142062,5431,105027,6052,37035,0,0,11470,142004,0.017981,4,12,2e-06,11470,142016,0.017982,7897587
2,2021-01-05,13753,155815,6865,111892,6888,43923,0,0,12580,153447,0.01943,1166,1178,0.000149,12609,154625,0.019579,7897587
2,2021-01-06,18837,174652,10415,122307,8422,52345,0,0,15130,164920,0.020882,3662,4840,0.000613,15135,169760,0.021495,7897587
2,2021-01-07,22820,197472,12829,135136,9991,62336,0,0,15553,173196,0.02193,7290,12130,0.001536,15566,185326,0.023466,7897587
2,2021-01-08,26198,223670,15947,151083,10251,72587,0,0,16177,179398,0.022716,9990,22120,0.002801,16192,201518,0.025516,7897587
2,2021-01-09,9544,233214,5546,156629,3998,76585,0,0,6173,182183,0.023068,3392,25512,0.00323,6177,207695,0.026299,7897587
2,2021-01-10,5256,238470,2912,159541,2344,78929,0,0,3050,183008,0.023173,2229,27741,0.003513,3054,210749,0.026685,7897587
2,2021-01-11,25899,264369,17810,177351,8089,87018,0,0,14985,187091,0.02369,10948,38689,0.004899,15031,225780,0.028588,7897587
2,2021-01-12,25922,290291,16100,193451,9822,96840,0,0,16472,194151,0.024584,9479,48168,0.006099,16539,242319,0.030683,7897587
2,2021-01-13,28206,318497,14861,208312,13345,110185,0,0,20313,206599,0.02616,7887,56055,0.007098,20335,262654,0.033258,7897587
2,2021-01-14,29982,348479,11382,219694,18600,128785,0,0,25807,228249,0.028901,4202,60257,0.00763,25852,288506,0.036531,7897587
2,2021-01-15,35070,383549,12923,232617,22147,150932,0,0,31860,256946,0.032535,3223,63480,0.008038,31920,320426,0.040573,7897587
2,2021-01-16,17539,401088,5609,238226,11930,162862,0,0,16230,271852,0.034422,1334,64814,0.008207,16240,336666,0.042629,7897587
2,2021-01-17,10547,411635,3517,241743,7030,169892,0,0,9845,280978,0.035578,727,65541,0.008299,9853,346519,0.043877,7897587
2,2021-01-18,19613,431248,10982,252725,8631,178523,0,0,14893,291178,0.036869,4736,70277,0.008899,14936,361455,0.045768,7897587
2,2021-01-19,32172,463420,16776,269501,15396,193919,0,0,24214,307538,0.038941,7963,78240,0.009907,24323,385778,0.048848,7897587
2,2021-01-20,36357,499777,17979,287480,18378,212297,0,0,27875,327035,0.041409,8463,86703,0.010978,27960,413738,0.052388,7897587
2,2021-01-21,40368,540145,17156,304636,23212,235509,0,0,36000,358839,0.045437,4347,91050,0.011529,36151,449889,0.056965,7897587
2,2021-01-22,38927,579072,16216,320852,22711,258220,0,0,35651,391243,0.04954,3279,94329,0.011944,35683,485572,0.061484,7897587
2,2021-01-23,23895,602967,10806,331658,13089,271309,0,0,20950,409302,0.051826,2920,97249,0.012314,20979,506551,0.06414,7897587
2,2021-01-24,12425,615392,6154,337812,6271,277580,0,0,11512,419924,0.053171,900,98149,0.012428,11522,518073,0.065599,7897587
2,2021-01-25,33445,648837,15491,353303,17954,295534,0,0,24778,436174,0.055229,8645,106794,0.013522,24895,542968,0.068751,7897587
2,2021-01-26,40007,688844,19792,373095,20215,315749,0,0,31128,458520,0.058058,8858,115652,0.014644,31204,574172,0.072702,7897587
2,2021-01-27,44735,733579,22838,395933,21897,337646,0,0,34925,483781,0.061257,9717,125369,0.015874,34978,609150,0.077131,7897587
2,2021-01-28,47716,781295,22498,418431,25218,362864,0,0,39247,514667,0.065168,8418,133787,0.01694,39304,648454,0.082108,7897587
2,2021-01-29,45247,826542,22132,440563,23115,385979,0,0,36749,543061,0.068763,8401,142188,0.018004,36795,685249,0.086767,7897587
2,2021-01-30,31082,857624,13493,454056,17589,403568,0,0,27868,567781,0.071893,3175,145363,0.018406,27895,713144,0.090299,7897587
2,2021-01-31,17536,875160,10641,464697,6895,410463,0,0,16326,582935,0.073812,1192,146555,0.018557,16346,729490,0.092369,7897587
2,2021-02-01,40038,915198,19132,483829,20906,431369,0,0,29713,602384,0.076274,10295,156850,0.01986,29744,759234,0.096135,7897587
2,2021-02-02,47678,962876,19717,503546,27961,459330,0,0,36299,627473,0.079451,11305,168155,0.021292,36394,795628,0.100743,7897587
2,2021-02-03,53482,1016358,23752,527298,29730,489060,0,0,39744,653649,0.082766,13650,181805,0.02302,39826,835454,0.105786,7897587
2,2021-02-04,55665,1072023,24204,551502,31461,520521,0,0,40812,679784,0.086075,14765,196570,0.02489,40900,876354,0.110965,7897587
2,2021-02-05,59321,1131344,26299,577801,33022,553543,0,0,40320,701453,0.088819,18835,215405,0.027275,40504,916858,0.116093,7897587
2,2021-02-06,38743,1170087,18132,595933,20611,574154,0,0,31236,725328,0.091842,7440,222845,0.028217,31315,948173,0.120059,7897587
2,2021-02-07,15884,1185971,10643,606576,5241,579395,0,0,12034,733599,0.092889,3827,226672,0.028701,12098,960271,0.12159,7897587
2,2021-02-08,42917,1228888,22052,628628,20865,600260,0,0,29611,750199,0.094991,13202,239874,0.030373,29802,990073,0.125364,7897587
2,2021-02-09,48980,1277868,23367,651995,25613,625873,0,0,30818,763252,0.096644,18080,257954,0.032662,31133,1021206,0.129306,7897587
2,2021-02-10,59168,1337036,27991,679986,31177,657050,0,0,34728,774090,0.098016,24231,282185,0.035731,35069,1056275,0.133747,7897587
2,2021-02-11,63392,1400428,29407,709393,33985,691035,0,0,35854,783162,0.099165,27257,309442,0.039182,36329,1092604,0.138347,7897587
2,2021-02-12,64427,1464855,27852,737245,36575,727610,0,0,34534,788637,0.099858,29700,339142,0.042942,35175,1127779,0.1428,7897587
2,2021-02-13,37366,1502221,15686,752931,21680,749290,0,0,21656,795044,0.100669,15626,354768,0.044921,22033,1149812,0.14559,7897587
2,2021-02-14,19858,1522079,9312,762243,10546,759836,0,0,11199,798041,0.101049,8622,363390,0.046013,11619,1161431,0.147062,7897587
2,2021-02-15,32722,1554801,14793,777036,17929,777765,0,0,18273,802808,0.101652,14344,377734,0.047829,19111,1180542,0.149481,7897587
2,2021-02-16,55693,1610494,27572,804608,28121,805886,0,0,29399,806857,0.102165,26219,403953,0.051149,30268,1210810,0.153314,7897587
2,2021-02-17,60846,1671340,31529,836137,29317,835203,0,0,30282,807761,0.102279,30518,434471,0.055013,31422,1242232,0.157293,7897587
2,2021-02-18,65373,1736713,33292,869429,32081,867284,0,0,32038,808157,0.10233,33137,467608,0.059209,33533,1275765,0.161539,7897587
2,2021-02-19,58326,1795039,32470,901899,25856,893140,0,0,29101,808850,0.102417,29109,496717,0.062895,29802,1305567,0.165312,7897587
2,2021-02-20,36670,1831709,23973,925872,12697,905837,0,0,19946,813130,0.102959,16656,513373,0.065004,20936,1326503,0.167963,7897587
2,2021-02-21,17786,1849495,14367,940239,3419,909256,0,0,8742,814272,0.103104,8983,522356,0.066141,10125,1336628,0.169245,7897587
2,2021-02-22,37008,1886503,25453,965692,11555,920811,0,0,17764,814127,0.103086,19154,541510,0.068567,19009,1355637,0.171652,7897587
2,2021-02-23,50543,1937046,25790,991482,24753,945564,0,0,22265,811007,0.10269,28116,569626,0.072127,24996,1380633,0.174817,7897587
2,2021-02-24,67608,2004654,34842,1026324,32766,978330,0,0,31248,809345,0.10248,36233,605859,0.076714,34571,1415204,0.179194,7897587
2,2021-02-25,72742,2077396,34054,1060378,38688,1017018,0,0,36948,814309,0.103109,35601,641460,0.081222,40565,1455769,0.184331,7897587
2,2021-02-26,80945,2158341,34724,1095102,46221,1063239,0,0,43907,823661,0.104293,36821,678281,0.085885,46173,1501942,0.190177,7897587
2,2021-02-27,58464,2216805,26594,1121696,31866,1095105,4,4,31915,830699,0.105184,26376,704657,0.089224,33414,1535356,0.194408,7897587
2,2021-02-28,28822,2245627,17288,1138984,11533,1106638,1,5,16861,837267,0.106016,11885,716542,0.090729,18453,1553809,0.196745,7897587
2,2021-03-01,55026,2300653,28891,1167875,26120,1132758,15,20,30155,844611,0.106945,24689,741231,0.093855,32033,1585842,0.200801,7897587
2,2021-03-02,64260,2364913,29796,1197671,34459,1167217,5,25,35879,855274,0.108296,28284,769515,0.097437,38947,1624789,0.205732,7897587
2,2021-03-03,77383,2442296,37434,1235105,39943,1207160,6,31,43560,868318,0.109947,33669,803184,0.1017,46713,1671502,0.211647,7897587
2,2021-03-04,85164,2527460,41713,1276818,43425,1250585,26,57,49258,884655,0.112016,35751,838935,0.106227,52088,1723590,0.218243,7897587
2,2021-03-05,78122,2605582,36552,1313370,41276,1291861,294,351,47841,905113,0.114606,30119,869054,0.11004,50577,1774167,0.224647,7897587
2,2021-03-06,61114,2666696,29779,1343149,29680,1321541,1655,2006,37519,922384,0.116793,23501,892555,0.113016,40772,1814939,0.229809,7897587
2,2021-03-07,26742,2693438,15469,1358618,10334,1331875,939,2945,17126,932292,0.118048,9561,902116,0.114227,19469,1834408,0.232274,7897587
2,2021-03-08,48693,2742131,22211,1380829,24064,1355939,2418,5363,30678,949110,0.120177,17919,920035,0.116496,34737,1869145,0.236673,7897587
2,2021-03-09,62916,2805047,25809,1406638,33371,1389310,3736,9099,33546,959077,0.121439,29258,949293,0.1202,39225,1908370,0.24164,7897587
2,2021-03-10,74470,2879517,34907,1441545,33385,1422695,6178,15277,39487,971740,0.123043,34822,984115,0.12461,47485,1955855,0.247652,7897587
2,2021-03-11,90470,2969987,41522,1483067,40818,1463513,8130,23407,47615,986788,0.124948,42618,1026733,0.130006,57666,2013521,0.254954,7897587
2,2021-03-12,91362,3061349,37608,1520675,41960,1505473,11794,35201,45846,1000459,0.126679,45354,1072087,0.135749,59025,2072546,0.262428,7897587
2,2021-03-13,67050,3128399,28085,1548760,31168,1536641,7797,42998,37044,1016703,0.128736,29906,1101993,0.139535,46150,2118696,0.268271,7897587
2,2021-03-14,35855,3164254,17746,1566506,13678,1550319,4431,47429,19172,1024482,0.129721,16609,1118602,0.141638,24388,2143084,0.271359,7897587
2,2021-03-15,65936,3230190,29697,1596203,31315,1581634,4924,52353,36662,1038106,0.131446,29096,1147698,0.145323,42720,2185804,0.276769,7897587
2,2021-03-16,84763,3314953,37349,1633552,43483,1625117,3931,56284,51972,1062788,0.134571,32651,1180349,0.149457,57333,2243137,0.284028,7897587
2,2021-03-17,90218,3405171,43212,1676764,43055,1668172,3951,60235,57659,1093141,0.138415,32360,1212709,0.153554,62713,2305850,0.291969,7897587
2,2021-03-18,94878,3500049,44716,1721480,45762,1713934,4400,64635,58683,1121310,0.141981,35941,1248650,0.158105,64110,2369960,0.300087,7897587
2,2021-03-19,94934,3594983,44664,1766144,44257,1758191,6013,70648,57182,1147695,0.145322,37525,1286175,0.162857,63910,2433870,0.308179,7897587
2,2021-03-20,68167,3663150,32669,1798813,31637,1789828,3861,74509,45486,1175080,0.14879,22503,1308678,0.165706,49888,2483758,0.314496,7897587
2,2021-03-21,32418,3695568,20840,1819653,9627,1799455,1951,76460,20598,1186819,0.150276,11736,1320414,0.167192,23475,2507233,0.317468,7897587
2,2021-03-22,61319,3756887,33606,1853259,25165,1824620,2548,79008,41565,1212428,0.153519,19600,1340014,0.169674,45209,2552442,0.323193,7897587
2,2021-03-23,81481,3838368,42939,1896198,35740,1860360,2802,81810,53853,1242618,0.157341,27415,1367429,0.173145,57605,2610047,0.330487,7897587
2,2021-03-24,89631,3927999,48262,1944460,38320,1898680,3049,84859,53775,1265201,0.160201,35612,1403041,0.177654,58195,2668242,0.337855,7897587
2,2021-03-25,98441,4026440,49282,1993742,45428,1944108,3731,88590,56821,1285172,0.16273,41358,1444399,0.182891,61329,2729571,0.345621,7897587
2,2021-03-26,100546,4126986,49912,2043654,47234,1991342,3400,91990,56924,1303275,0.165022,43326,1487725,0.188377,61429,2791000,0.353399,7897587
2,2021-03-27,73666,4200652,36635,2080289,33782,2025124,3249,95239,38007,1309931,0.165865,35473,1523198,0.192869,42129,2833129,0.358733,7897587
2,2021-03-28,36716,4237368,22462,2102751,13451,2038575,803,96042,20739,1316323,0.166674,15888,1539086,0.194881,22280,2855409,0.361555,7897587
2,2021-03-29,69651,4307019,35516,2138267,31960,2070535,2175,98217,40879,1331646,0.168614,28628,1567714,0.198505,43951,2899360,0.36712,7897587
2,2021-03-30,89454,4396473,43534,2181801,41921,2112456,3999,102216,55144,1357246,0.171856,34158,1601872,0.202831,59758,2959118,0.374686,7897587
2,2021-03-31,98652,4495125,50784,2232585,42996,2155452,4872,107088,58345,1380750,0.174832,40104,1641976,0.207909,63608,3022726,0.38274,7897587
2,2021-04-01,113684,4608809,54731,2287316,50364,2205816,8589,115677,62618,1401606,0.177473,50837,1692813,0.214346,71693,3094419,0.391818,7897587
2,2021-04-02,108372,4717181,50027,2337343,48683,2254499,9662,125339,59083,1421850,0.180036,48997,1741810,0.22055,69241,3163660,0.400586,7897587
2,2021-04-03,74384,4791565,36400,2373743,28565,2283064,9419,134758,37345,1432258,0.181354,36881,1778691,0.22522,47289,3210949,0.406573,7897587
2,2021-04-04,28592,4820157,14707,2388450,10115,2293179,3770,138528,13161,1433908,0.181563,15365,1794056,0.227165,17015,3227964,0.408728,7897587
2,2021-04-05,77240,4897397,38226,2426676,30587,2323766,8427,146955,38251,1442630,0.182667,38879,1832935,0.232088,47601,3275565,0.414755,7897587
2,2021-04-06,101431,4998828,49564,2476240,37685,2361451,14182,161137,48888,1454088,0.184118,52332,1885267,0.238714,63790,3339355,0.422832,7897587
2,2021-04-07,108069,5106897,54167,2530407,38099,2399550,15803,176940,51730,1466376,0.185674,56128,1941395,0.245821,68416,3407771,0.431495,7897587
2,2021-04-08,116547,5223444,56300,2586707,42114,2441664,18133,195073,54707,1478285,0.187182,61603,2002998,0.253622,73512,3481283,0.440803,7897587
2,2021-04-09,115457,5338901,55802,2642509,42135,2483799,17520,212593,55241,1492238,0.188949,59959,2062957,0.261214,73912,3555195,0.450162,7897587
2,2021-04-10,84181,5423082,36856,2679365,29674,2513473,17651,230244,35090,1496851,0.189533,48936,2111893,0.26741,53549,3608744,0.456943,7897587
2,2021-04-11,43391,5466473,22322,2701687,12650,2526123,8419,238663,17755,1498502,0.189742,25553,2137446,0.270645,27204,3635948,0.460387,7897587
2,2021-04-12,78150,5544623,36462,2738149,32544,2558667,9144,247807,35269,1501255,0.19009,42675,2180121,0.276049,45428,3681376,0.466139,7897587
2,2021-04-13,99217,5643840,51212,2789361,47769,2606436,236,248043,54615,1512853,0.191559,44413,2224534,0.281673,56011,3737387,0.473232,7897587
2,2021-04-14,103667,5747507,54425,2843786,49196,2655632,46,248089,53670,1518759,0.192307,49795,2274329,0.287978,55701,3793088,0.480284,7897587
2,2021-04-15,109008,5856515,58080,2901866,50865,2706497,63,248152,57485,1526770,0.193321,51236,2325565,0.294465,59247,3852335,0.487786,7897587
2,2021-04-16,106790,5963305,55621,2957487,51120,2757617,49,248201,54684,1530640,0.193811,51880,2377445,0.301034,55750,3908085,0.494845,7897587
2,2021-04-17,78811,6042116,40517,2998004,38281,2795898,13,248214,43855,1540832,0.195102,34799,2412244,0.305441,44991,3953076,0.500542,7897587
2,2021-04-18,33345,6075461,19917,3017921,13425,2809323,3,248217,16238,1541247,0.195154,17034,2429278,0.307597,17449,3970525,0.502752,7897587
2,2021-04-19,72491,6147952,39299,3057220,33184,2842507,8,248225,33356,1536621,0.194568,38961,2468239,0.312531,34335,4004860,0.507099,7897587
2,2021-04-20,93571,6241523,46723,3103943,46833,2889340,15,248240,45939,1536900,0.194604,47409,2515648,0.318534,47688,4052548,0.513137,7897587
2,2021-04-21,97360,6338883,51733,3155676,45575,2934915,52,248292,46509,1534826,0.194341,50575,2566223,0.324938,48501,4101049,0.519279,7897587
2,2021-04-22,101848,6440731,52223,3207899,49607,2984522,18,248310,45492,1526609,0.193301,56074,2622297,0.332038,47857,4148906,0.525338,7897587
2,2021-04-23,101947,6542678,53839,3261738,48094,3032616,14,248324,47136,1521906,0.192705,54550,2676847,0.338945,49847,4198753,0.53165,7897587
2,2021-04-24,77081,6619759,45917,3307655,31128,3063744,36,248360,40944,1529184,0.193627,35962,2712809,0.343498,43240,4241993,0.537125,7897587
2,2021-04-25,35701,6655460,22084,3329739,13603,3077347,14,248374,19503,1533392,0.19416,16095,2728904,0.345536,20303,4262296,0.539696,7897587
2,2021-04-26,64371,6719831,35744,3365483,28364,3105711,263,248637,29466,1531119,0.193872,34741,2763645,0.349935,32468,4294764,0.543807,7897587
2,2021-04-27,77560,6797391,40410,3405893,36052,3141763,1098,249735,33135,1523993,0.192969,44213,2807858,0.355534,37087,4331851,0.548503,7897587
2,2021-04-28,76428,6873819,39924,3445817,34834,3176597,1670,251405,33027,1518487,0.192272,43200,2851058,0.361004,37694,4369545,0.553276,7897587
2,2021-04-29,45756,6919575,26215,3472032,18930,3195527,611,252016,16664,1509149,0.19109,28971,2880029,0.364672,19633,4389178,0.555762,7897587
3,2020-12-15,303,303,303,303,0,0,0,0,303,303,3.9e-05,0,0,0.0,303,303,3.9e-05,7688185
3,2020-12-16,2205,2508,2205,2508,0,0,0,0,2205,2508,0.000326,0,0,0.0,2205,2508,0.000326,7688185
3,2020-12-17,7600,10108,7600,10108,0,0,0,0,7600,10108,0.001315,0,0,0.0,7600,10108,0.001315,7688185
3,2020-12-18,12806,22914,12795,22903,11,11,0,0,12805,22913,0.00298,0,0,0.0,12805,22913,0.00298,7688185
3,2020-12-19,7035,29949,7024,29927,11,22,0,0,7099,30012,0.003904,0,0,0.0,7099,30012,0.003904,7688185
3,2020-12-20,5486,35435,5478,35405,8,30,0,0,5532,35543,0.004623,1,1,0.0,5532,35544,0.004623,7688185
3,2020-12-21,14253,49688,14231,49636,22,52,0,0,14318,49860,0.006485,1,2,0.0,14318,49862,0.006486,7688185
3,2020-12-22,14619,64307,14052,63688,567,619,0,0,14658,64518,0.008392,0,2,0.0,14658,64520,0.008392,7688185
3,2020-12-23,14647,78954,12065,75753,2582,3201,0,0,14674,79192,0.0103,0,2,0.0,14674,79194,0.010301,7688185
3,2020-12-24,6756,85710,4851,80604,1905,5106,0,0,6754,85945,0.011179,1,3,0.0,6754,85948,0.011179,7688185
3,2020-12-25,718,86428,663,81267,55,5161,0,0,717,86662,0.011272,0,3,0.0,717,86665,0.011272,7688185
3,2020-12-26,4594,91022,2983,84250,1611,6772,0,0,4592,91254,0.011869,0,3,0.0,4592,91257,0.01187,7688185
3,2020-12-27,2950,93972,1832,86082,1118,7890,0,0,2951,94205,0.012253,0,3,0.0,2951,94208,0.012254,7688185
3,2020-12-28,13454,107426,8600,94682,4854,12744,0,0,13482,107686,0.014007,1,4,1e-06,13482,107690,0.014007,7688185
3,2020-12-29,14882,122308,8415,103097,6467,19211,0,0,14912,122596,0.015946,2,6,1e-06,14912,122602,0.015947,7688185
3,2020-12-30,17921,140229,10040,113137,7881,27092,0,0,17911,140507,0.018276,0,6,1e-06,17911,140513,0.018276,7688185
3,2020-12-31,8305,148534,3204,116341,5101,32193,0,0,8305,148811,0.019356,1,7,1e-06,8305,148818,0.019357,7688185
3,2021-01-01,1146,149680,519,116860,627,32820,0,0,1143,149954,0.019504,0,7,1e-06,1143,149961,0.019505,7688185
3,2021-01-02,4978,154658,2463,119323,2515,35335,0,0,4978,154932,0.020152,0,7,1e-06,4978,154939,0.020153,7688185
3,2021-01-03,1591,156249,838,120161,753,36088,0,0,1582,156510,0.020357,4,11,1e-06,1582,156521,0.020359,7688185
3,2021-01-04,11943,168192,5978,126139,5965,42053,0,0,11917,168420,0.021906,7,18,2e-06,11917,168438,0.021909,7688185
3,2021-01-05,15536,183728,8015,134154,7521,49574,0,0,13936,180795,0.023516,1585,1603,0.000209,13960,182398,0.023724,7688185
3,2021-01-06,20025,203753,10498,144652,9527,59101,0,0,15787,192390,0.025024,4198,5801,0.000755,15793,198191,0.025779,7688185
3,2021-01-07,25996,229749,14809,159461,11187,70288,0,0,16963,200359,0.026061,9007,14808,0.001926,16976,215167,0.027987,7688185
3,2021-01-08,29879,259628,18328,177789,11551,81839,0,0,17803,206126,0.026811,12056,26864,0.003494,17823,232990,0.030305,7688185
3,2021-01-09,12007,271635,6766,184555,5241,87080,0,0,7711,209550,0.027256,4292,31156,0.004052,7716,240706,0.031309,7688185
3,2021-01-10,7150,278785,4466,189021,2684,89764,0,0,4007,210420,0.027369,3141,34297,0.004461,4011,244717,0.03183,7688185
3,2021-01-11,28613,307398,18711,207732,9902,99666,0,0,16172,214200,0.027861,12435,46732,0.006078,16215,260932,0.033939,7688185
3,2021-01-12,31841,339239,19033,226765,12808,112474,0,0,19478,221414,0.028799,12347,59079,0.007684,19561,280493,0.036484,7688185
3,2021-01-13,34251,373490,17944,244709,16307,128781,0,0,24176,235530,0.030635,10076,69155,0.008995,24192,304685,0.03963,7688185
3,2021-01-14,34241,407731,14077,258786,20164,148945,0,0,28393,258137,0.033576,5817,74972,0.009752,28424,333109,0.043327,7688185
3,2021-01-15,38490,446221,14389,273175,24101,173046,0,0,33902,287516,0.037397,4579,79551,0.010347,33958,367067,0.047744,7688185
3,2021-01-16,21734,467955,7604,280779,14130,187176,0,0,19433,304683,0.03963,2287,81838,0.010645,19454,386521,0.050275,7688185
3,2021-01-17,13101,481056,4464,285243,8637,195813,0,0,12079,315758,0.041071,1022,82860,0.010778,12097,398618,0.051848,7688185
3,2021-01-18,24516,505572,12751,297994,11765,207578,0,0,19036,329335,0.042837,5498,88358,0.011493,19075,417693,0.054329,7688185
3,2021-01-19,40624,546196,20741,318735,19883,227461,0,0,31615,352043,0.04579,8985,97343,0.012661,31693,449386,0.058452,7688185
3,2021-01-20,44514,590710,21845,340580,22669,250130,0,0,35288,378220,0.049195,9184,106527,0.013856,35361,484747,0.063051,7688185
3,2021-01-21,46896,637606,20160,360740,26736,276866,0,0,41526,414508,0.053915,5300,111827,0.014545,41588,526335,0.06846,7688185
3,2021-01-22,49060,686666,19539,380279,29521,306387,0,0,44971,455445,0.05924,4100,115927,0.015079,45037,571372,0.074318,7688185
3,2021-01-23,29939,716605,12699,392978,17240,323627,0,0,26634,478827,0.062281,3294,119221,0.015507,26676,598048,0.077788,7688185
3,2021-01-24,17596,734201,8481,401459,9115,332742,0,0,16450,494158,0.064275,1142,120363,0.015656,16473,614521,0.079931,7688185
3,2021-01-25,40180,774381,17980,419439,22200,354942,0,0,30398,514871,0.066969,9766,130129,0.016926,30479,645000,0.083895,7688185
3,2021-01-26,46427,820808,22136,441575,24291,379233,0,0,36530,541610,0.070447,9892,140021,0.018212,36631,681631,0.08866,7688185
3,2021-01-27,50297,871105,24419,465994,25878,405111,0,0,39853,571162,0.074291,10367,150388,0.019561,39919,721550,0.093852,7688185
3,2021-01-28,51213,922318,23769,489763,27444,432555,0,0,42443,604961,0.078687,8688,159076,0.020691,42487,764037,0.099378,7688185
3,2021-01-29,50073,972391,24110,513873,25963,458518,0,0,40681,636480,0.082787,9206,168282,0.021888,40725,804762,0.104675,7688185
3,2021-01-30,36560,1008951,17341,531214,19219,477737,0,0,32030,664105,0.08638,4482,172764,0.022471,32107,836869,0.108851,7688185
3,2021-01-31,22181,1031132,12804,544018,9377,487114,0,0,20716,683379,0.088887,1457,174221,0.022661,20731,857600,0.111548,7688185
3,2021-02-01,44689,1075821,20141,564159,24548,511662,0,0,34609,707983,0.092087,10041,184262,0.023967,34645,892245,0.116054,7688185
3,2021-02-02,54013,1129834,22802,586961,31211,542873,0,0,41366,736833,0.09584,12563,196825,0.025601,41413,933658,0.121441,7688185
3,2021-02-03,59452,1189286,26492,613453,32960,575833,0,0,44377,766347,0.099679,14924,211749,0.027542,44438,978096,0.127221,7688185
3,2021-02-04,63836,1253122,27768,641221,36068,611901,0,0,46891,796584,0.103611,16756,228505,0.029722,46993,1025089,0.133333,7688185
3,2021-02-05,69630,1322752,29677,670898,39953,651854,0,0,48295,823921,0.107167,21127,249632,0.03247,48464,1073553,0.139637,7688185
3,2021-02-06,43386,1366138,21129,692027,22257,674111,0,0,33698,848144,0.110318,9660,259292,0.033726,33883,1107436,0.144044,7688185
3,2021-02-07,19381,1385519,12263,704290,7118,681229,0,0,14919,858737,0.111696,4451,263743,0.034305,15044,1122480,0.146001,7688185
3,2021-02-08,50604,1436123,24384,728674,26220,707449,0,0,33277,874987,0.113809,17210,280953,0.036543,33460,1155940,0.150353,7688185
3,2021-02-09,57945,1494068,28208,756882,29737,737186,0,0,34088,885726,0.115206,23689,304642,0.039625,34428,1190368,0.154831,7688185
3,2021-02-10,67233,1561301,31284,788166,35949,773135,0,0,36584,892409,0.116075,30420,335062,0.043581,37103,1227471,0.159657,7688185
3,2021-02-11,69772,1631073,34427,822593,35345,808480,0,0,37756,899002,0.116933,31688,366750,0.047703,38281,1265752,0.164636,7688185
3,2021-02-12,74408,1705481,32200,854793,42208,850688,0,0,41330,908270,0.118138,32814,399564,0.051971,42082,1307834,0.17011,7688185
3,2021-02-13,44404,1749885,20180,874973,24224,874912,0,0,25633,915857,0.119125,18626,418190,0.054394,26213,1334047,0.173519,7688185
3,2021-02-14,27037,1776922,13516,888489,13521,888433,0,0,15135,919595,0.119611,11858,430048,0.055936,15596,1349643,0.175548,7688185
3,2021-02-15,39507,1816429,17069,905558,22438,910871,0,0,21911,924941,0.120307,17514,447562,0.058214,22860,1372503,0.178521,7688185
3,2021-02-16,69063,1885492,32689,938247,36374,947245,0,0,36143,929328,0.120877,32799,480361,0.06248,37186,1409689,0.183358,7688185
3,2021-02-17,70690,1956182,35851,974098,34839,982084,0,0,33782,927498,0.120639,36715,517076,0.067256,34885,1444574,0.187895,7688185
3,2021-02-18,75767,2031949,39649,1013747,36118,1018202,0,0,35582,924378,0.120234,40068,557144,0.072468,36948,1481522,0.192701,7688185
3,2021-02-19,67375,2099324,38839,1052586,28536,1046738,0,0,34347,926477,0.120507,32940,590084,0.076752,35039,1516561,0.197259,7688185
3,2021-02-20,41049,2140373,26009,1078595,15040,1061778,0,0,21880,929767,0.120935,19086,609170,0.079235,22376,1538937,0.200169,7688185
3,2021-02-21,19503,2159876,15780,1094375,3723,1065501,0,0,9212,929178,0.120858,10230,619400,0.080565,9641,1548578,0.201423,7688185
3,2021-02-22,44508,2204384,29062,1123437,15446,1080947,0,0,21083,927459,0.120634,23349,642749,0.083602,21630,1570208,0.204237,7688185
3,2021-02-23,59290,2263674,32272,1155709,27018,1107965,0,0,26118,922558,0.119997,33052,675801,0.087901,28151,1598359,0.207898,7688185
3,2021-02-24,75586,2339260,36940,1192649,38646,1146611,0,0,33847,917377,0.119323,41584,717385,0.09331,36403,1634762,0.212633,7688185
3,2021-02-25,83945,2423205,40418,1233067,43527,1190138,0,0,42109,920478,0.119726,41632,759017,0.098725,44733,1679495,0.218451,7688185
3,2021-02-26,94538,2517743,43098,1276165,51440,1241578,0,0,50417,929263,0.120869,43819,802836,0.104425,52604,1732099,0.225294,7688185
3,2021-02-27,66262,2584005,29988,1306153,36271,1277849,3,3,35167,934801,0.121589,30937,833773,0.108449,36475,1768574,0.230038,7688185
3,2021-02-28,37353,2621358,21646,1327799,15707,1293556,0,3,19442,937461,0.121935,17781,851554,0.110761,20441,1789015,0.232697,7688185
3,2021-03-01,64844,2686202,34330,1362129,30505,1324061,9,12,36292,946759,0.123145,28414,879968,0.114457,37712,1826727,0.237602,7688185
3,2021-03-02,74026,2760228,35325,1397454,38699,1362760,2,14,42825,960607,0.124946,31093,911061,0.118501,44941,1871668,0.243447,7688185
3,2021-03-03,86490,2846718,41052,1438506,45426,1408186,12,26,48259,973136,0.126576,38073,949134,0.123454,50602,1922270,0.250029,7688185
3,2021-03-04,91004,2937722,44448,1482954,46541,1454727,15,41,51931,988510,0.128575,38897,988031,0.128513,54271,1976541,0.257088,7688185
3,2021-03-05,86930,3024652,42192,1525146,44452,1499179,286,327,53091,1010528,0.131439,33638,1021669,0.132888,55656,2032197,0.264327,7688185
3,2021-03-06,63695,3088347,31998,1557144,29565,1528744,2132,2459,36503,1023640,0.133145,27076,1048745,0.13641,40188,2072385,0.269555,7688185
3,2021-03-07,36319,3124666,21444,1578588,13772,1542516,1103,3562,20816,1031669,0.134189,15461,1064206,0.138421,23490,2095875,0.27261,7688185
3,2021-03-08,57491,3182157,27279,1605867,27403,1569919,2809,6371,36403,1051485,0.136766,20994,1085200,0.141152,40810,2136685,0.277918,7688185
3,2021-03-09,69913,3252070,29623,1635490,35977,1605896,4313,10684,36362,1060451,0.137933,33459,1118659,0.145504,42425,2179110,0.283436,7688185
3,2021-03-10,79683,3331753,39280,1674770,34499,1640395,5904,16588,41315,1071368,0.139353,38213,1156872,0.150474,49130,2228240,0.289827,7688185
3,2021-03-11,94778,3426531,46212,1720982,40168,1680563,8398,24986,46731,1080174,0.140498,47835,1204707,0.156696,56641,2284881,0.297194,7688185
3,2021-03-12,99956,3526487,44512,1765494,43710,1724273,11734,36720,45881,1085036,0.14113,53906,1258613,0.163707,58768,2343649,0.304838,7688185
3,2021-03-13,68346,3594833,28888,1794382,32349,1756622,7109,43829,36056,1097393,0.142738,32201,1290814,0.167896,44558,2388207,0.310633,7688185
3,2021-03-14,40134,3634967,21093,1815475,15580,1772202,3461,47290,21862,1105216,0.143755,18220,1309034,0.170266,26043,2414250,0.314021,7688185
3,2021-03-15,74213,3709180,35191,1850666,34569,1806771,4453,51743,39499,1115603,0.145106,34569,1343603,0.174762,44956,2459206,0.319868,7688185
3,2021-03-16,93577,3802757,43047,1893713,46299,1853070,4231,55974,53411,1134321,0.147541,39991,1383594,0.179964,58709,2517915,0.327504,7688185
3,2021-03-17,96046,3898803,46645,1940358,45034,1898104,4367,60341,58898,1161340,0.151055,36982,1420576,0.184774,64001,2581916,0.335829,7688185
3,2021-03-18,100557,3999360,50629,1990987,45605,1943709,4323,64664,58987,1184117,0.154018,41365,1461941,0.190154,64142,2646058,0.344172,7688185
3,2021-03-19,100326,4099686,53348,2044335,42601,1986310,4377,69041,57183,1203417,0.156528,42946,1504887,0.19574,62246,2708304,0.352268,7688185
3,2021-03-20,70044,4169730,36044,2080379,30455,2016765,3545,72586,44306,1226295,0.159504,25593,1530480,0.199069,48471,2756775,0.358573,7688185
3,2021-03-21,35306,4205036,23990,2104369,9859,2026624,1457,74043,22982,1239281,0.161193,12271,1542751,0.200665,25257,2782032,0.361858,7688185
3,2021-03-22,68670,4273706,40281,2144650,25962,2052586,2427,76470,45128,1264573,0.164483,23392,1566143,0.203708,48684,2830716,0.36819,7688185
3,2021-03-23,87945,4361651,48356,2193006,37178,2089764,2411,78881,57311,1294622,0.168391,30438,1596581,0.207667,60487,2891203,0.376058,7688185
3,2021-03-24,97052,4458703,56052,2249058,38261,2128025,2739,81620,56879,1315225,0.171071,39894,1636475,0.212856,60497,2951700,0.383927,7688185
3,2021-03-25,104673,4563376,58144,2307202,43703,2171728,2826,84446,60549,1335398,0.173695,43871,1680346,0.218562,64044,3015744,0.392257,7688185
3,2021-03-26,107976,4671352,57957,2365159,46837,2218565,3182,87628,57777,1347282,0.175241,49965,1730311,0.225061,61849,3077593,0.400302,7688185
3,2021-03-27,72919,4744271,36962,2402121,33439,2252004,2518,90146,36576,1350879,0.175708,36181,1766492,0.229767,39778,3117371,0.405476,7688185
3,2021-03-28,43155,4787426,27099,2429220,15256,2267260,800,90946,23093,1355290,0.176282,19982,1786474,0.232366,24393,3141764,0.408648,7688185
3,2021-03-29,79277,4866703,41499,2470719,36016,2303276,1762,92708,45000,1368758,0.178034,34094,1820568,0.236801,47562,3189326,0.414835,7688185
3,2021-03-30,98167,4964870,48306,2519025,46372,2349648,3489,96197,59639,1394169,0.181339,38329,1858897,0.241786,63740,3253066,0.423125,7688185
3,2021-03-31,102963,5067833,55590,2574615,42666,2392314,4707,100904,57164,1410738,0.183494,45654,1904551,0.247724,62223,3315289,0.431219,7688185
3,2021-04-01,120228,5188061,60631,2635246,50319,2442633,9278,110182,65684,1431750,0.186227,54325,1958876,0.25479,75337,3390626,0.441018,7688185
3,2021-04-02,115190,5303251,56365,2691611,48953,2491586,9872,120054,61512,1450176,0.188624,53473,2012349,0.261746,71899,3462525,0.45037,7688185
3,2021-04-03,74253,5377504,37831,2729442,27490,2519076,8932,128986,37381,1460133,0.189919,36765,2049114,0.266528,46722,3509247,0.456447,7688185
3,2021-04-04,31963,5409467,17085,2746527,10769,2529845,4109,133095,14287,1460970,0.190028,17624,2066738,0.26882,18461,3527708,0.458848,7688185
3,2021-04-05,87097,5496564,44501,2791028,33763,2563608,8833,141928,43534,1470806,0.191307,43421,2110159,0.274468,53257,3580965,0.465775,7688185
3,2021-04-06,111498,5608062,54483,2845511,42155,2605763,14860,156788,53164,1481549,0.192705,58128,2168287,0.282028,68871,3649836,0.474733,7688185
3,2021-04-07,114046,5722108,59297,2904808,38845,2644608,15904,172692,55818,1495788,0.194557,58028,2226315,0.289576,72267,3722103,0.484133,7688185
3,2021-04-08,119112,5841220,59716,2964524,39812,2684420,19584,192276,55871,1509086,0.196286,63013,2289328,0.297772,76311,3798414,0.494059,7688185
3,2021-04-09,115305,5956525,57677,3022201,39015,2723435,18613,210889,51247,1516130,0.197203,63873,2353201,0.30608,70917,3869331,0.503283,7688185
3,2021-04-10,81760,6038285,37152,3059353,29711,2753146,14897,225786,33568,1517489,0.197379,48055,2401256,0.312331,49414,3918745,0.50971,7688185
3,2021-04-11,44114,6082399,23613,3082966,12629,2765775,7872,233658,16768,1515847,0.197166,27268,2428524,0.315877,25626,3944371,0.513043,7688185
3,2021-04-12,82307,6164706,41817,3124783,32028,2797803,8462,242120,37773,1518800,0.19755,44367,2472891,0.321648,47320,3991691,0.519198,7688185
3,2021-04-13,103303,6268009,55890,3180673,47210,2845013,203,242323,54697,1526366,0.198534,48436,2521327,0.327948,56002,4047693,0.526482,7688185
3,2021-04-14,104186,6372195,57070,3237743,47027,2892040,89,242412,52656,1529665,0.198963,51302,2572629,0.334621,54601,4102294,0.533584,7688185
3,2021-04-15,114898,6487093,64773,3302516,50073,2942113,52,242464,62174,1540636,0.20039,52496,2625125,0.341449,63467,4165761,0.541839,7688185
3,2021-04-16,112235,6599328,63000,3365516,49147,2991260,88,242552,59126,1547762,0.201317,52880,2678005,0.348327,60006,4225767,0.549644,7688185
3,2021-04-17,75918,6675246,41674,3407190,34233,3025493,11,242563,42035,1557214,0.202546,33752,2711757,0.352717,43204,4268971,0.555264,7688185
3,2021-04-18,36440,6711686,21530,3428720,14906,3040399,4,242567,17374,1556599,0.202466,18995,2730752,0.355188,18380,4287351,0.557655,7688185
3,2021-04-19,77249,6788935,43271,3471991,33928,3074327,50,242617,35142,1550704,0.2017,41975,2772727,0.360648,36080,4323431,0.562347,7688185
3,2021-04-20,97069,6886004,50265,3522256,46796,3121123,8,242625,47498,1550529,0.201677,49413,2822140,0.367075,49238,4372669,0.568752,7688185
3,2021-04-21,99741,6985745,55029,3577285,44654,3165777,58,242683,47479,1547679,0.201306,52022,2874162,0.373841,49172,4421841,0.575148,7688185
3,2021-04-22,104892,7090637,58545,3635830,46330,3212107,17,242700,46238,1537442,0.199975,58406,2932568,0.381438,48169,4470010,0.581413,7688185
3,2021-04-23,101007,7191644,57365,3693195,43622,3255729,20,242720,44405,1528354,0.198793,56327,2988895,0.388765,47239,4517249,0.587557,7688185
3,2021-04-24,70990,7262634,44140,3737335,26800,3282529,50,242770,34873,1529368,0.198924,35932,3024827,0.393438,36946,4554195,0.592363,7688185
3,2021-04-25,35631,7298265,22941,3760276,12677,3295206,13,242783,18254,1530965,0.199132,17281,3042108,0.395686,18878,4573073,0.594818,7688185
3,2021-04-26,63341,7361606,35393,3795669,27626,3322832,322,243105,26771,1524016,0.198228,36382,3078490,0.400418,29433,4602506,0.598647,7688185
3,2021-04-27,78872,7440478,40772,3836441,36749,3359581,1351,244456,31235,1511443,0.196593,47428,3125918,0.406587,34855,4637361,0.60318,7688185
3,2021-04-28,74162,7514640,40875,3877316,31422,3391003,1865,246321,29735,1500708,0.195197,44257,3170175,0.412344,33522,4670883,0.60754,7688185
3,2021-04-29,42398,7557038,25380,3902696,16250,3407253,768,247089,13999,1489081,0.193684,28270,3198445,0.416021,16643,4687526,0.609705,7688185
4,2020-12-15,444,444,444,444,0,0,0,0,444,444,5.9e-05,0,0,0.0,444,444,5.9e-05,7584050
4,2020-12-16,2954,3398,2954,3398,0,0,0,0,2954,3398,0.000448,0,0,0.0,2954,3398,0.000448,7584050
4,2020-12-17,8518,11916,8518,11916,0,0,0,0,8518,11916,0.001571,0,0,0.0,8518,11916,0.001571,7584050
4,2020-12-18,15370,27286,15361,27277,9,9,0,0,15370,27286,0.003598,0,0,0.0,15370,27286,0.003598,7584050
4,2020-12-19,10228,37514,10221,37498,7,16,0,0,10163,37449,0.004938,0,0,0.0,10163,37449,0.004938,7584050
4,2020-12-20,7360,44874,7348,44846,12,28,0,0,7315,44764,0.005902,0,0,0.0,7315,44764,0.005902,7584050
4,2020-12-21,16270,61144,16247,61093,23,51,0,0,16203,60967,0.008039,0,0,0.0,16203,60967,0.008039,7584050
4,2020-12-22,17085,78229,16353,77446,732,783,0,0,17041,78008,0.010286,0,0,0.0,17041,78008,0.010286,7584050
4,2020-12-23,16894,95123,14213,91659,2681,3464,0,0,16865,94873,0.01251,0,0,0.0,16865,94873,0.01251,7584050
4,2020-12-24,8528,103651,5952,97611,2576,6040,0,0,8528,103401,0.013634,0,0,0.0,8528,103401,0.013634,7584050
4,2020-12-25,897,104548,793,98404,104,6144,0,0,897,104298,0.013752,0,0,0.0,897,104298,0.013752,7584050
4,2020-12-26,6161,110709,3861,102265,2300,8444,0,0,6161,110459,0.014565,0,0,0.0,6161,110459,0.014565,7584050
4,2020-12-27,3415,114124,1996,104261,1419,9863,0,0,3415,113874,0.015015,0,0,0.0,3415,113874,0.015015,7584050
4,2020-12-28,14945,129069,9230,113491,5715,15578,0,0,14915,128788,0.016981,1,1,0.0,14915,128789,0.016982,7584050
4,2020-12-29,15220,144289,8426,121917,6794,22372,0,0,15186,143974,0.018984,0,1,0.0,15186,143975,0.018984,7584050
4,2020-12-30,18849,163138,11059,132976,7790,30162,0,0,18838,162810,0.021467,2,3,0.0,18838,162813,0.021468,7584050
4,2020-12-31,8178,171316,3313,136289,4865,35027,0,0,8173,170981,0.022545,2,5,1e-06,8173,170986,0.022545,7584050
4,2021-01-01,1184,172500,497,136786,687,35714,0,0,1182,172161,0.0227,2,7,1e-06,1182,172168,0.022701,7584050
4,2021-01-02,5644,178144,3188,139974,2456,38170,0,0,5643,177803,0.023444,1,8,1e-06,5643,177811,0.023445,7584050
4,2021-01-03,2107,180251,1249,141223,858,39028,0,0,2093,179892,0.02372,4,12,2e-06,2093,179904,0.023721,7584050
4,2021-01-04,12921,193172,7046,148269,5875,44903,0,0,12873,192734,0.025413,31,43,6e-06,12873,192777,0.025419,7584050
4,2021-01-05,16685,209857,9855,158124,6830,51733,0,0,14662,205405,0.027084,2002,2045,0.00027,14673,207450,0.027353,7584050
4,2021-01-06,21435,231292,13147,171271,8288,60021,0,0,15603,215240,0.028381,5779,7824,0.001032,15614,223064,0.029412,7584050
4,2021-01-07,27720,259012,16908,188179,10812,70833,0,0,16954,221496,0.029206,10711,18535,0.002444,16967,240031,0.031649,7584050
4,2021-01-08,32552,291564,20909,209088,11643,82476,0,0,18428,225884,0.029784,14055,32590,0.004297,18443,258474,0.034081,7584050
4,2021-01-09,16029,307593,9468,218556,6561,89037,0,0,9380,228647,0.030148,6628,39218,0.005171,9391,267865,0.03532,7584050
4,2021-01-10,8697,316290,5624,224180,3073,92110,0,0,4093,228165,0.030085,4583,43801,0.005775,4101,271966,0.03586,7584050
4,2021-01-11,33214,349504,21753,245933,11461,103571,0,0,18739,232506,0.030657,14435,58236,0.007679,18776,290742,0.038336,7584050
4,2021-01-12,37986,387490,21796,267729,16190,119761,0,0,23975,242557,0.031983,13962,72198,0.00952,24013,314755,0.041502,7584050
4,2021-01-13,38339,425829,18870,286599,19469,139230,0,0,27172,258640,0.034103,11113,83311,0.010985,27196,341951,0.045088,7584050
4,2021-01-14,38771,464600,14771,301370,24000,163230,0,0,31739,283420,0.037371,6985,90296,0.011906,31765,373716,0.049277,7584050
4,2021-01-15,45011,509611,15578,316948,29433,192663,0,0,39507,317497,0.041864,5449,95745,0.012625,39526,413242,0.054488,7584050
4,2021-01-16,28499,538110,9326,326274,19173,211836,0,0,25402,339852,0.044811,3061,98806,0.013028,25416,438658,0.05784,7584050
4,2021-01-17,18931,557041,6639,332913,12292,224128,0,0,17423,355806,0.046915,1483,100289,0.013224,17437,456095,0.060139,7584050
4,2021-01-18,29109,586150,13365,346278,15744,239872,0,0,23163,373152,0.049202,5848,106137,0.013995,23194,479289,0.063197,7584050
4,2021-01-19,45943,632093,23162,369440,22781,262653,0,0,36657,400651,0.052828,9229,115366,0.015212,36728,516017,0.06804,7584050
4,2021-01-20,51168,683261,27021,396461,24147,286800,0,0,40828,431283,0.056867,10246,125612,0.016563,40878,556895,0.07343,7584050
4,2021-01-21,55940,739201,24675,421136,31265,318065,0,0,49638,474721,0.062595,6241,131853,0.017386,49679,606574,0.07998,7584050
4,2021-01-22,54709,793910,21951,443087,32758,350823,0,0,49651,519442,0.068491,4960,136813,0.01804,49681,656255,0.086531,7584050
4,2021-01-23,39344,833254,17394,460481,21950,372773,0,0,35063,550260,0.072555,4273,141086,0.018603,35091,691346,0.091158,7584050
4,2021-01-24,23872,857126,10480,470961,13392,386165,0,0,22011,570433,0.075215,1853,142939,0.018847,22026,713372,0.094062,7584050
4,2021-01-25,47501,904627,21949,492910,25552,411717,0,0,36528,596070,0.078595,10946,153885,0.020291,36583,749955,0.098886,7584050
4,2021-01-26,56138,960765,28639,521549,27499,439216,0,0,44128,628299,0.082845,11955,165840,0.021867,44184,794139,0.104712,7584050
4,2021-01-27,55062,1015827,26618,548167,28444,467660,0,0,44168,661757,0.087256,10759,176599,0.023286,44217,838356,0.110542,7584050
4,2021-01-28,56009,1071836,25278,573445,30731,498391,0,0,46182,698242,0.092067,9738,186337,0.02457,46223,884579,0.116637,7584050
4,2021-01-29,55959,1127795,26903,600348,29056,527447,0,0,45732,733918,0.096771,10082,196419,0.025899,45758,930337,0.12267,7584050
4,2021-01-30,37441,1165236,17047,617395,20394,547841,0,0,32217,760982,0.10034,5177,201596,0.026582,32241,962578,0.126921,7584050
4,2021-01-31,23759,1188995,12483,629878,11276,559117,0,0,22170,781592,0.103057,1573,203169,0.026789,22183,984761,0.129846,7584050
4,2021-02-01,48068,1237063,22671,652549,25397,584514,0,0,37835,809260,0.106706,10207,213376,0.028135,37875,1022636,0.13484,7584050
4,2021-02-02,55734,1292797,26298,678847,29436,613950,0,0,42093,837885,0.11048,13509,226885,0.029916,42134,1064770,0.140396,7584050
4,2021-02-03,61650,1354447,30296,709143,31354,645304,0,0,47528,871456,0.114906,14012,240897,0.031764,47583,1112353,0.14667,7584050
4,2021-02-04,67113,1421560,31289,740432,35824,681128,0,0,50583,905767,0.119431,16374,257271,0.033923,50685,1163038,0.153353,7584050
4,2021-02-05,72518,1494078,33608,774040,38910,720038,0,0,50708,935037,0.12329,21568,278839,0.036767,50838,1213876,0.160056,7584050
4,2021-02-06,47919,1541997,25940,799980,21979,742017,0,0,36533,960413,0.126636,11358,290197,0.038264,36734,1250610,0.1649,7584050
4,2021-02-07,26224,1568221,17299,817279,8925,750942,0,0,19881,974218,0.128456,6309,296506,0.039096,20114,1270724,0.167552,7584050
4,2021-02-08,58032,1626253,29793,847072,28239,779181,0,0,37822,992215,0.130829,20081,316587,0.041744,38078,1308802,0.172573,7584050
4,2021-02-09,66727,1692980,33982,881054,32745,811926,0,0,39263,1004475,0.132446,27401,343988,0.045357,39661,1348463,0.177802,7584050
4,2021-02-10,76776,1769756,38447,919501,38329,850255,0,0,41039,1010540,0.133245,35508,379496,0.050039,41573,1390036,0.183284,7584050
4,2021-02-11,80482,1850238,41973,961474,38509,888764,0,0,41829,1014582,0.133778,38445,417941,0.055108,42487,1432523,0.188886,7584050
4,2021-02-12,83640,1933878,37485,998959,46155,934919,0,0,43267,1018416,0.134284,40213,458154,0.06041,44047,1476570,0.194694,7584050
4,2021-02-13,58235,1992113,29527,1028486,28708,963627,0,0,29774,1020726,0.134589,28351,486505,0.064148,30661,1507231,0.198737,7584050
4,2021-02-14,36566,2028679,19009,1047495,17557,981184,0,0,18796,1022461,0.134817,17731,504236,0.066486,19466,1526697,0.201304,7584050
4,2021-02-15,45738,2074417,21458,1068953,24280,1005464,0,0,23598,1025179,0.135176,22074,526310,0.069397,24792,1551489,0.204573,7584050
4,2021-02-16,79220,2153637,36243,1105196,42977,1048441,0,0,40552,1028409,0.135602,38581,564891,0.074484,41811,1593300,0.210086,7584050
4,2021-02-17,80172,2233809,37858,1143054,42314,1090755,0,0,38467,1026485,0.135348,41555,606446,0.079963,39631,1632931,0.215311,7584050
4,2021-02-18,82285,2316094,45341,1188395,36944,1127699,0,0,38370,1022568,0.134831,43782,650228,0.085736,39865,1672796,0.220568,7584050
4,2021-02-19,80927,2397021,50888,1239283,30039,1157738,0,0,40819,1024100,0.135033,39980,690208,0.091008,41512,1714308,0.226041,7584050
4,2021-02-20,47699,2444720,32089,1271372,15610,1173348,0,0,26319,1029776,0.135782,21335,711543,0.093821,27011,1741319,0.229603,7584050
4,2021-02-21,25545,2470265,19971,1291343,5574,1178922,0,0,11606,1027815,0.135523,13887,725430,0.095652,11926,1753245,0.231175,7584050
4,2021-02-22,52016,2522281,35813,1327156,16203,1195125,0,0,25332,1027051,0.135422,26604,752034,0.09916,25840,1779085,0.234582,7584050
4,2021-02-23,72152,2594433,39803,1366959,32349,1227474,0,0,31755,1020241,0.134525,40293,792327,0.104473,33483,1812568,0.238997,7584050
4,2021-02-24,87286,2681719,45900,1412859,41386,1268860,0,0,39605,1014524,0.133771,47502,839829,0.110736,41785,1854353,0.244507,7584050
4,2021-02-25,97472,2779191,50620,1463479,46852,1315712,0,0,46793,1013362,0.133618,50537,890366,0.1174,49375,1903728,0.251017,7584050
4,2021-02-26,103657,2882848,52226,1515705,51431,1367143,0,0,53594,1019437,0.134419,49853,940219,0.123973,55928,1959656,0.258392,7584050
4,2021-02-27,74595,2957443,40320,1556025,34269,1401412,6,6,39905,1026243,0.135316,34581,974800,0.128533,41387,2001043,0.263849,7584050
4,2021-02-28,44819,3002262,27764,1583789,17054,1418466,1,7,25012,1032505,0.136142,19691,994491,0.131129,25953,2026996,0.267271,7584050
4,2021-03-01,74260,3076522,43358,1627147,30892,1449358,10,17,41122,1041931,0.137385,32955,1027446,0.135475,42381,2069377,0.272859,7584050
4,2021-03-02,80262,3156784,44766,1671913,35493,1484851,3,20,47102,1057849,0.139483,33027,1060473,0.139829,48945,2118322,0.279313,7584050
4,2021-03-03,97682,3254466,51534,1723447,46142,1530993,6,26,54371,1070912,0.141206,43141,1103614,0.145518,56204,2174526,0.286724,7584050
4,2021-03-04,95198,3349664,52784,1776231,42402,1573395,12,38,52340,1082402,0.142721,42675,1146289,0.151145,54165,2228691,0.293866,7584050
4,2021-03-05,92097,3441761,49241,1825472,42548,1615943,308,346,54598,1101932,0.145296,37338,1183627,0.156068,56868,2285559,0.301364,7584050
4,2021-03-06,74711,3516472,41851,1867323,30262,1646205,2598,2944,45721,1122803,0.148048,28896,1212523,0.159878,49767,2335326,0.307926,7584050
4,2021-03-07,41262,3557734,26161,1893484,13958,1660163,1143,4087,24515,1133025,0.149396,16698,1229221,0.16208,26920,2362246,0.311476,7584050
4,2021-03-08,64854,3622588,33631,1927115,28059,1688222,3164,7251,42646,1158069,0.152698,22112,1251333,0.164995,47156,2409402,0.317693,7584050
4,2021-03-09,73438,3696026,33986,1961101,34373,1722595,5079,12330,38077,1167343,0.153921,35222,1286555,0.16964,44496,2453898,0.32356,7584050
4,2021-03-10,87772,3783798,44532,2005633,35900,1758495,7340,19670,43984,1176235,0.155093,43648,1330203,0.175395,52540,2506438,0.330488,7584050
4,2021-03-11,99272,3883070,52252,2057885,38811,1797306,8209,27879,46049,1178783,0.155429,53042,1383245,0.182389,55590,2562028,0.337818,7584050
4,2021-03-12,103082,3986152,50797,2108682,42136,1839442,10149,38028,44186,1175384,0.154981,58693,1441938,0.190128,55294,2617322,0.345109,7584050
4,2021-03-13,79653,4065805,37040,2145722,34324,1873766,8289,46317,37495,1180285,0.155627,42053,1483991,0.195673,46954,2664276,0.3513,7584050
4,2021-03-14,48894,4114699,27822,2173544,17500,1891266,3572,49889,25141,1185963,0.156376,23684,1507675,0.198795,29362,2693638,0.355171,7584050
4,2021-03-15,82782,4197481,44298,2217842,34307,1925573,4177,54066,42799,1193989,0.157434,39799,1547474,0.204043,47825,2741463,0.361477,7584050
4,2021-03-16,106291,4303772,55125,2272967,47822,1973395,3344,57410,57132,1206362,0.159066,48965,1596439,0.2105,61338,2802801,0.369565,7584050
4,2021-03-17,104691,4408463,56277,2329244,45046,2018441,3368,60778,61762,1229388,0.162102,42727,1639166,0.216133,65753,2868554,0.378235,7584050
4,2021-03-18,104770,4513233,57859,2387103,43309,2061750,3602,64380,60337,1249631,0.164771,44220,1683386,0.221964,64463,2933017,0.386735,7584050
4,2021-03-19,108684,4621917,62143,2449246,41450,2103200,5091,69471,63056,1272875,0.167836,45436,1728822,0.227955,68680,3001697,0.395791,7584050
4,2021-03-20,82038,4703955,47870,2497116,31224,2134424,2944,72415,51320,1296961,0.171012,30607,1759429,0.231991,54693,3056390,0.403002,7584050
4,2021-03-21,47216,4751171,34174,2531290,10815,2145239,2227,74642,28855,1310556,0.172804,18281,1777710,0.234401,31876,3088266,0.407205,7584050
4,2021-03-22,80582,4831753,52706,2583996,25250,2170489,2626,77268,51462,1336632,0.176243,28951,1806661,0.238218,55027,3143293,0.414461,7584050
4,2021-03-23,102791,4934544,61289,2645285,39435,2209924,2067,79335,64485,1365675,0.180072,38080,1844741,0.24324,67123,3210416,0.423312,7584050
4,2021-03-24,111794,5046338,72257,2717542,37248,2247172,2289,81624,64346,1385889,0.182737,47079,1891820,0.249447,67293,3277709,0.432185,7584050
4,2021-03-25,114948,5161286,70755,2788297,41899,2289071,2294,83918,67020,1408145,0.185672,47542,1939362,0.255716,69798,3347507,0.441388,7584050
4,2021-03-26,117607,5278893,71413,2859710,43208,2332279,2986,86904,66019,1426494,0.188091,51300,1990662,0.26248,69649,3417156,0.450571,7584050
4,2021-03-27,89918,5368811,53238,2912948,34904,2367183,1776,88680,46839,1432692,0.188909,42898,2033560,0.268136,49096,3466252,0.457045,7584050
4,2021-03-28,54818,5423629,36070,2949018,17883,2385066,865,89545,30682,1440527,0.189942,24028,2057588,0.271305,31863,3498115,0.461246,7584050
4,2021-03-29,92102,5515731,55373,3004391,34715,2419781,2014,91559,51520,1454197,0.191744,40410,2097998,0.276633,54080,3552195,0.468377,7584050
4,2021-03-30,115471,5631202,62907,3067298,48502,2468283,4062,95621,73982,1491372,0.196646,41321,2139319,0.282081,78496,3630691,0.478727,7584050
4,2021-03-31,119040,5750242,70427,3137725,42449,2510732,6164,101785,68993,1516962,0.20002,49805,2189124,0.288648,75395,3706086,0.488668,7584050
4,2021-04-01,139497,5889739,79801,3217526,46946,2557678,12750,114535,82853,1556452,0.205227,56405,2245529,0.296086,95895,3801981,0.501313,7584050
4,2021-04-02,133776,6023515,71817,3289343,48931,2606609,13028,127563,77806,1591918,0.209903,55764,2301293,0.303439,91230,3893211,0.513342,7584050
4,2021-04-03,99190,6122705,52880,3342223,33285,2639894,13025,140588,52063,1610381,0.212338,46980,2348273,0.309633,65443,3958654,0.521971,7584050
4,2021-04-04,46222,6168927,24399,3366622,14437,2654331,7386,147974,20489,1612658,0.212638,25672,2373945,0.313018,27949,3986603,0.525656,7584050
4,2021-04-05,106798,6275725,60728,3427350,33650,2687981,12420,160394,56552,1632181,0.215212,50104,2424049,0.319625,69627,4056230,0.534837,7584050
4,2021-04-06,136753,6412478,77186,3504536,40080,2728061,19487,179881,71530,1658944,0.218741,65050,2489099,0.328202,91813,4148043,0.546943,7584050
4,2021-04-07,135143,6547621,76773,3581309,38014,2766075,20356,200237,70394,1685694,0.222268,64563,2553662,0.336715,91313,4239356,0.558983,7584050
4,2021-04-08,137133,6684754,76784,3658093,35553,2801628,24796,225033,68624,1711536,0.225676,68294,2621956,0.34572,94136,4333492,0.571395,7584050
4,2021-04-09,134625,6819379,73946,3732039,38208,2839836,22471,247504,64636,1729972,0.228107,69815,2691771,0.354925,88251,4421743,0.583032,7584050
4,2021-04-10,101428,6920807,50194,3782233,32864,2872700,18370,265874,46094,1740386,0.22948,55177,2746948,0.362201,65591,4487334,0.59168,7584050
4,2021-04-11,61494,6982301,37409,3819642,13032,2885732,11053,276927,27043,1745347,0.230134,34376,2781324,0.366733,39337,4526671,0.596867,7584050
4,2021-04-12,101002,7083303,61573,3881215,29710,2915442,9719,286646,51303,1758135,0.23182,49465,2830789,0.373256,62253,4588924,0.605076,7584050
4,2021-04-13,128267,7211570,80382,3961597,47734,2963176,151,286797,77128,1785610,0.235443,50929,2881718,0.379971,78404,4667328,0.615414,7584050
4,2021-04-14,132858,7344428,84631,4046228,48158,3011334,69,286866,74210,1803180,0.23776,58404,2940122,0.387672,75974,4743302,0.625431,7584050
4,2021-04-15,151995,7496423,101518,4147746,50448,3061782,29,286895,93983,1840725,0.24271,57737,2997859,0.395285,95282,4838584,0.637995,7584050
4,2021-04-16,140580,7637003,89477,4237223,51033,3112815,70,286965,82516,1866364,0.246091,57818,3055677,0.402908,83457,4922041,0.648999,7584050
4,2021-04-17,98424,7735427,62466,4299689,35951,3148766,7,286972,57922,1885338,0.248593,40310,3095987,0.408223,59284,4981325,0.656816,7584050
4,2021-04-18,53222,7788649,35663,4335352,17556,3166322,3,286975,30458,1894266,0.24977,22668,3118655,0.411212,31596,5012921,0.660982,7584050
4,2021-04-19,98996,7887645,65473,4400825,33512,3199834,11,286986,50904,1898238,0.250293,47926,3166581,0.417532,51898,5064819,0.667825,7584050
4,2021-04-20,125834,8013479,73648,4474473,52181,3252015,5,286991,66157,1906574,0.251393,59434,3226015,0.425368,67770,5132589,0.676761,7584050
4,2021-04-21,125974,8139453,80876,4555349,45051,3297066,47,287038,63789,1910043,0.25185,61938,3287953,0.433535,65407,5197996,0.685385,7584050
4,2021-04-22,134586,8274039,88909,4644258,45659,3342725,18,287056,60635,1899211,0.250422,73689,3361642,0.443252,62857,5260853,0.693673,7584050
4,2021-04-23,128249,8402288,82952,4727210,45279,3388004,18,287074,55567,1886876,0.248795,72415,3434057,0.4528,60080,5320933,0.701595,7584050
4,2021-04-24,95316,8497604,64662,4791872,30602,3418606,52,287126,43891,1882174,0.248175,51230,3485287,0.459555,46528,5367461,0.70773,7584050
4,2021-04-25,48303,8545907,34184,4826056,14096,3432702,23,287149,25193,1885158,0.248569,23018,3508305,0.46259,26002,5393463,0.711159,7584050
4,2021-04-26,77772,8623679,50809,4876865,26635,3459337,328,287477,30028,1870750,0.246669,47550,3555855,0.46886,33142,5426605,0.715529,7584050
4,2021-04-27,94576,8718255,55921,4932786,36914,3496251,1741,289218,33393,1848137,0.243687,60959,3616814,0.476897,38346,5464951,0.720585,7584050
4,2021-04-28,85530,8803785,53400,4986186,29800,3526051,2330,291548,29778,1826649,0.240854,55562,3672376,0.484224,34074,5499025,0.725078,7584050
4,2021-04-29,48092,8851877,31630,5017816,15871,3541922,591,292139,13647,1809164,0.238549,34335,3706711,0.488751,16850,5515875,0.727299,7584050
