vemquartile,administered_date,total_doses,cumulative_total_doses,pfizer_doses,cumulative_pfizer_doses,moderna_doses,cumulative_moderna_doses,jj_doses,cumulative_jj_doses,partially_vaccinated,total_partially_vaccinated,pct_age16pop_partially_vaccinated,fully_vaccinated,cumulative_fully_vaccinated,pct_age16pop_fully_vaccinated,at_least_one_dose,cumulative_at_least_one_dose,pct_age16pop_at_least_one_dose,age16_population
1,2020-12-15,148,148,148,148,0,0,0,0,148,148,1.8e-05,0,0,0.0,148,148,1.8e-05,8051741
1,2020-12-16,1154,1302,1154,1302,0,0,0,0,1154,1302,0.000162,0,0,0.0,1154,1302,0.000162,8051741
1,2020-12-17,4107,5409,4107,5409,0,0,0,0,4108,5410,0.000672,0,0,0.0,4108,5410,0.000672,8051741
1,2020-12-18,6248,11657,6228,11637,20,20,0,0,6250,11660,0.001448,0,0,0.0,6250,11660,0.001448,8051741
1,2020-12-19,2867,14524,2866,14503,1,21,0,0,2865,14524,0.001804,1,1,0.0,2865,14525,0.001804,8051741
1,2020-12-20,2081,16605,2077,16580,4,25,0,0,2082,16606,0.002062,0,1,0.0,2082,16607,0.002063,8051741
1,2020-12-21,7594,24199,7583,24163,11,36,0,0,7645,24251,0.003012,0,1,0.0,7645,24252,0.003012,8051741
1,2020-12-22,7269,31468,6930,31093,339,375,0,0,7272,31522,0.003915,1,2,0.0,7272,31524,0.003915,8051741
1,2020-12-23,7778,39246,6560,37653,1218,1593,0,0,7773,39295,0.00488,0,2,0.0,7773,39297,0.004881,8051741
1,2020-12-24,3291,42537,2354,40007,937,2530,0,0,3293,42588,0.005289,0,2,0.0,3293,42590,0.00529,8051741
1,2020-12-25,232,42769,149,40156,83,2613,0,0,232,42820,0.005318,0,2,0.0,232,42822,0.005318,8051741
1,2020-12-26,1354,44123,965,41121,389,3002,0,0,1353,44172,0.005486,1,3,0.0,1353,44175,0.005486,8051741
1,2020-12-27,853,44976,527,41648,326,3328,0,0,853,45025,0.005592,0,3,0.0,853,45028,0.005592,8051741
1,2020-12-28,6997,51973,4740,46388,2257,5585,0,0,6996,52021,0.006461,0,3,0.0,6996,52024,0.006461,8051741
1,2020-12-29,8824,60797,4974,51362,3850,9435,0,0,8821,60841,0.007556,1,4,0.0,8821,60845,0.007557,8051741
1,2020-12-30,11566,72363,6468,57830,5098,14533,0,0,11566,72407,0.008993,0,4,0.0,11566,72411,0.008993,8051741
1,2020-12-31,5918,78281,1952,59782,3966,18499,0,0,5916,78322,0.009727,1,5,1e-06,5916,78327,0.009728,8051741
1,2021-01-01,519,78800,174,59956,345,18844,0,0,519,78841,0.009792,0,5,1e-06,519,78846,0.009792,8051741
1,2021-01-02,2877,81677,1743,61699,1134,19978,0,0,2879,81720,0.010149,0,5,1e-06,2879,81725,0.01015,8051741
1,2021-01-03,1007,82684,539,62238,468,20446,0,0,1006,82725,0.010274,1,6,1e-06,1006,82731,0.010275,8051741
1,2021-01-04,7285,89969,3549,65787,3736,24182,0,0,7290,90014,0.011179,1,7,1e-06,7290,90021,0.01118,8051741
1,2021-01-05,10692,100661,5155,70942,5537,29719,0,0,9950,99255,0.012327,729,736,9.1e-05,9970,99991,0.012419,8051741
1,2021-01-06,13818,114479,6961,77903,6857,36576,0,0,11955,109391,0.013586,1825,2561,0.000318,11961,111952,0.013904,8051741
1,2021-01-07,17344,131823,9070,86973,8274,44850,0,0,12930,118012,0.014657,4315,6876,0.000854,12936,124888,0.015511,8051741
1,2021-01-08,20013,151836,10391,97364,9622,54472,0,0,14164,126349,0.015692,5832,12708,0.001578,14169,139057,0.01727,8051741
1,2021-01-09,6617,158453,3351,100715,3266,57738,0,0,4783,129318,0.016061,1818,14526,0.001804,4787,143844,0.017865,8051741
1,2021-01-10,3023,161476,1716,102431,1307,59045,0,0,1854,130020,0.016148,1153,15679,0.001947,1855,145699,0.018095,8051741
1,2021-01-11,18002,179478,11790,114221,6212,65257,0,0,11489,135060,0.016774,6485,22164,0.002753,11525,157224,0.019527,8051741
1,2021-01-12,18774,198252,10615,124836,8159,73416,0,0,12826,142012,0.017637,5906,28070,0.003486,12858,170082,0.021124,8051741
1,2021-01-13,19613,217865,10561,135397,9052,82468,0,0,14489,151412,0.018805,5101,33171,0.00412,14501,184583,0.022925,8051741
1,2021-01-14,21839,239704,9402,144799,12437,94905,0,0,19111,167894,0.020852,2668,35839,0.004451,19150,203733,0.025303,8051741
1,2021-01-15,25064,264768,9281,154080,15783,110688,0,0,23150,189224,0.023501,1863,37702,0.004682,23193,226926,0.028183,8051741
1,2021-01-16,13835,278603,4537,158617,9298,119986,0,0,12996,201385,0.025011,837,38539,0.004786,12998,239924,0.029798,8051741
1,2021-01-17,5161,283764,1984,160601,3177,123163,0,0,4795,205823,0.025563,362,38901,0.004831,4800,244724,0.030394,8051741
1,2021-01-18,14150,297914,8508,169109,5642,128805,0,0,11025,213771,0.02655,3113,42014,0.005218,11061,255785,0.031768,8051741
1,2021-01-19,24510,322424,12773,181882,11737,140542,0,0,19384,228093,0.028328,5111,47125,0.005853,19433,275218,0.034181,8051741
1,2021-01-20,27918,350342,13514,195396,14404,154946,0,0,22521,245271,0.030462,5376,52501,0.00652,22554,297772,0.036982,8051741
1,2021-01-21,30355,380697,14034,209430,16321,171267,0,0,27293,269618,0.033486,3007,55508,0.006894,27354,325126,0.04038,8051741
1,2021-01-22,27978,408675,11106,220536,16872,188139,0,0,26028,293763,0.036484,1908,57416,0.007131,26053,351179,0.043615,8051741
1,2021-01-23,18612,427287,8178,228714,10434,198573,0,0,16693,308563,0.038323,1904,59320,0.007367,16704,367883,0.04569,8051741
1,2021-01-24,6647,433934,4155,232869,2492,201065,0,0,6000,313925,0.038988,642,59962,0.007447,6004,373887,0.046436,8051741
1,2021-01-25,24738,458672,10249,243118,14489,215554,0,0,19301,327885,0.040722,5421,65383,0.00812,19381,393268,0.048843,8051741
1,2021-01-26,28263,486935,13289,256407,14974,230528,0,0,21792,343263,0.042632,6430,71813,0.008919,21808,415076,0.051551,8051741
1,2021-01-27,31374,518309,15309,271716,16065,246593,0,0,23604,359177,0.044609,7713,79526,0.009877,23627,438703,0.054485,8051741
1,2021-01-28,34243,552552,16003,287719,18240,264833,0,0,27567,380167,0.047216,6620,86146,0.010699,27610,466313,0.057915,8051741
1,2021-01-29,33190,585742,16311,304030,16879,281712,0,0,26778,400691,0.049765,6285,92431,0.01148,26809,493122,0.061244,8051741
1,2021-01-30,19962,605704,8626,312656,11336,293048,0,0,17977,416714,0.051755,1961,94392,0.011723,17984,511106,0.063478,8051741
1,2021-01-31,7583,613287,4984,317640,2599,295647,0,0,6852,422838,0.052515,730,95122,0.011814,6854,517960,0.064329,8051741
1,2021-02-01,28067,641354,12107,329747,15960,311607,0,0,20704,436228,0.054178,7319,102441,0.012723,20709,538669,0.066901,8051741
1,2021-02-02,31773,673127,11457,341204,20316,331923,0,0,23929,452404,0.056187,7785,110226,0.01369,23961,562630,0.069877,8051741
1,2021-02-03,38837,711964,14826,356030,24011,355934,0,0,28209,470132,0.058389,10508,120734,0.014995,28236,590866,0.073384,8051741
1,2021-02-04,43534,755498,17030,373060,26504,382438,0,0,31660,490066,0.060865,11772,132506,0.016457,31706,622572,0.077321,8051741
1,2021-02-05,46573,802071,17312,390372,29261,411699,0,0,30690,505026,0.062723,15771,148277,0.018416,30731,653303,0.081138,8051741
1,2021-02-06,26413,828484,10444,400816,15969,427668,0,0,20625,519922,0.064573,5744,154021,0.019129,20640,673943,0.083702,8051741
1,2021-02-07,6155,834639,3945,404761,2210,429878,0,0,4600,523000,0.064955,1539,155560,0.01932,4617,678560,0.084275,8051741
1,2021-02-08,30957,865596,14016,418777,16941,446819,0,0,20672,533562,0.066267,10187,165747,0.020585,20749,699309,0.086852,8051741
1,2021-02-09,37840,903436,16561,435338,21279,468098,0,0,23259,542420,0.067367,14470,180217,0.022382,23328,722637,0.089749,8051741
1,2021-02-10,46441,949877,21984,457322,24457,492555,0,0,26908,550005,0.068309,19397,199614,0.024791,26982,749619,0.0931,8051741
1,2021-02-11,50299,1000176,24744,482066,25555,518110,0,0,30738,561470,0.069733,19369,218983,0.027197,30834,780453,0.09693,8051741
1,2021-02-12,49218,1049394,21265,503331,27953,546063,0,0,28414,569337,0.07071,20677,239660,0.029765,28544,808997,0.100475,8051741
1,2021-02-13,25987,1075381,11298,514629,14689,560752,0,0,15075,573642,0.071244,10846,250506,0.031112,15151,824148,0.102356,8051741
1,2021-02-14,11569,1086950,5462,520091,6107,566859,0,0,6603,575411,0.071464,4938,255444,0.031725,6707,830855,0.103189,8051741
1,2021-02-15,23261,1110211,9213,529304,14048,580907,0,0,14174,580744,0.072127,9001,264445,0.032843,14334,845189,0.10497,8051741
1,2021-02-16,46254,1156465,22086,551390,24168,605075,0,0,27393,589521,0.073217,18801,283246,0.035178,27578,872767,0.108395,8051741
1,2021-02-17,47439,1203904,23990,575380,23449,628524,0,0,25889,594163,0.073793,21452,304698,0.037842,26094,898861,0.111636,8051741
1,2021-02-18,49938,1253842,24926,600306,25012,653536,0,0,26115,596935,0.074137,23633,328331,0.040778,26405,925266,0.114915,8051741
1,2021-02-19,45171,1299013,24466,624772,20705,674241,0,0,25641,603196,0.074915,19440,347771,0.043192,25701,950967,0.118107,8051741
1,2021-02-20,26360,1325373,15944,640716,10416,684657,0,0,15101,607150,0.075406,11223,358994,0.044586,15177,966144,0.119992,8051741
1,2021-02-21,9605,1334978,8387,649103,1218,685875,0,0,5852,609421,0.075688,3716,362710,0.045047,5987,972131,0.120736,8051741
1,2021-02-22,29674,1364652,19502,668605,10172,696047,0,0,17489,614950,0.076375,12141,374851,0.046555,17670,989801,0.12293,8051741
1,2021-02-23,41806,1406458,20068,688673,21738,717785,0,0,23273,620191,0.077026,18425,393276,0.048844,23666,1013467,0.125869,8051741
1,2021-02-24,52279,1458737,25281,713954,26998,744783,0,0,29512,627517,0.077936,22678,415954,0.05166,30004,1043471,0.129596,8051741
1,2021-02-25,63430,1522167,30449,744403,32981,777764,0,0,39573,643859,0.079965,23770,439724,0.054612,40112,1083583,0.134577,8051741
1,2021-02-26,71320,1593487,33564,777967,37756,815520,0,0,47356,667853,0.082945,23830,463554,0.057572,47824,1131407,0.140517,8051741
1,2021-02-27,48083,1641570,21382,799349,26696,842216,5,5,31880,683901,0.084938,16104,479658,0.059572,32152,1163559,0.14451,8051741
1,2021-02-28,18867,1660437,11192,810541,7675,849891,0,5,13993,693298,0.086105,4824,484482,0.060171,14221,1177780,0.146276,8051741
1,2021-03-01,42938,1703375,19574,830115,23356,873247,8,13,27996,706734,0.087774,14850,499332,0.062015,28286,1206066,0.149789,8051741
1,2021-03-02,58223,1761598,23895,854010,34323,907570,5,18,37059,723478,0.089854,21070,520402,0.064632,37814,1243880,0.154486,8051741
1,2021-03-03,67529,1829127,31735,885745,35782,943352,12,30,40968,738779,0.091754,26451,546853,0.067917,41752,1285632,0.159671,8051741
1,2021-03-04,75086,1904213,34612,920357,40442,983794,32,62,48068,760557,0.094459,26875,573728,0.071255,48653,1334285,0.165714,8051741
1,2021-03-05,73682,1977895,32770,953127,40713,1024507,199,261,49020,786105,0.097632,24487,598215,0.074296,50035,1384320,0.171928,8051741
1,2021-03-06,56100,2033995,26562,979689,28213,1052720,1325,1586,38128,808210,0.100377,17918,616133,0.076522,40023,1424343,0.176899,8051741
1,2021-03-07,19357,2053352,12213,991902,6358,1059078,786,2372,14496,818935,0.101709,4847,620980,0.077124,15572,1439915,0.178833,8051741
1,2021-03-08,42927,2096279,20271,1012173,20806,1079884,1850,4222,29934,838129,0.104093,12928,633908,0.078729,32122,1472037,0.182822,8051741
1,2021-03-09,59539,2155818,25853,1038026,31227,1111111,2459,6681,35674,853107,0.105953,23789,657697,0.081684,38767,1510804,0.187637,8051741
1,2021-03-10,69959,2225777,34359,1072385,31373,1142484,4227,10908,43220,874427,0.108601,26639,684336,0.084992,47959,1558763,0.193593,8051741
1,2021-03-11,87108,2312885,39508,1111893,39810,1182294,7790,18698,51013,897897,0.111516,35897,720233,0.089451,59367,1618130,0.200966,8051741
1,2021-03-12,93424,2406309,40172,1152065,41014,1223308,12238,30936,53866,925094,0.114894,39397,759630,0.094344,66594,1684724,0.209237,8051741
1,2021-03-13,62803,2469112,28121,1180186,27022,1250330,7660,38596,40044,950488,0.118048,22663,782293,0.097158,48057,1732781,0.215206,8051741
1,2021-03-14,26713,2495825,14238,1194424,9014,1259344,3461,42057,15835,959156,0.119124,10833,793126,0.098504,19501,1752282,0.217628,8051741
1,2021-03-15,63150,2558975,27372,1221796,29202,1288546,6576,48633,37435,977967,0.12146,25570,818696,0.101679,44381,1796663,0.22314,8051741
1,2021-03-16,83088,2642063,37176,1258972,40432,1328978,5480,54113,52259,1005484,0.124878,30680,849376,0.10549,58197,1854860,0.230368,8051741
1,2021-03-17,89289,2731352,42646,1301618,40148,1369126,6495,60608,57376,1038037,0.128921,31783,881159,0.109437,64336,1919196,0.238358,8051741
1,2021-03-18,94513,2825865,47753,1349371,41268,1410394,5492,66100,58543,1067081,0.132528,35699,916858,0.113871,64743,1983939,0.246399,8051741
1,2021-03-19,99661,2925526,51128,1400499,42474,1452868,6059,72159,59488,1093234,0.135776,39942,956800,0.118831,66095,2050034,0.254608,8051741
1,2021-03-20,69696,2995222,35881,1436380,28644,1481512,5171,77330,45873,1120907,0.139213,23692,980492,0.121774,51365,2101399,0.260987,8051741
1,2021-03-21,25773,3020995,17771,1454151,6244,1487756,1758,79088,16754,1130649,0.140423,8957,989449,0.122886,18699,2120098,0.263309,8051741
1,2021-03-22,56669,3077664,29414,1483565,24079,1511835,3176,82264,38800,1155248,0.143478,17732,1007181,0.125089,42331,2162429,0.268567,8051741
1,2021-03-23,79836,3157500,40452,1524017,35942,1547777,3442,85706,51949,1183408,0.146975,27728,1034909,0.128532,55888,2218317,0.275508,8051741
1,2021-03-24,83950,3241450,42296,1566313,37469,1585246,4185,89891,51394,1206952,0.1499,32369,1067278,0.132552,55913,2274230,0.282452,8051741
1,2021-03-25,91998,3333448,46320,1612633,40143,1625389,5535,95426,53448,1227855,0.152496,38317,1105595,0.137311,59220,2333450,0.289807,8051741
1,2021-03-26,100060,3433508,48193,1660826,45750,1671139,6117,101543,56128,1246753,0.154843,43681,1149276,0.142736,62579,2396029,0.297579,8051741
1,2021-03-27,70514,3504022,36639,1697465,30188,1701327,3687,105230,37094,1254495,0.155804,33248,1182524,0.146866,40990,2437019,0.30267,8051741
1,2021-03-28,31170,3535192,20046,1717511,9927,1711254,1197,106427,16639,1258211,0.156266,14451,1196975,0.14866,18167,2455186,0.304926,8051741
1,2021-03-29,64587,3599779,32209,1749720,29608,1740862,2770,109197,36988,1270724,0.15782,27470,1224445,0.152072,39983,2495169,0.309892,8051741
1,2021-03-30,88495,3688274,43216,1792936,39377,1780239,5902,115099,50557,1289506,0.160152,37827,1262272,0.15677,56609,2551778,0.316923,8051741
1,2021-03-31,96549,3784823,50346,1843282,40494,1820733,5709,120808,55372,1309739,0.162665,40955,1303227,0.161857,61188,2612966,0.324522,8051741
1,2021-04-01,105759,3890582,50712,1893994,47111,1867844,7936,128744,55222,1322706,0.164276,50292,1353519,0.168103,63259,2676225,0.332378,8051741
1,2021-04-02,105463,3996045,48024,1942018,48277,1916121,9162,137906,54826,1336649,0.166007,50306,1403825,0.17435,64249,2740474,0.340358,8051741
1,2021-04-03,74887,4070932,37258,1979276,28417,1944538,9212,147118,35507,1342267,0.166705,39246,1443071,0.179225,44864,2785338,0.34593,8051741
1,2021-04-04,23413,4094345,11636,1990912,8354,1952892,3423,150541,10165,1342657,0.166754,13211,1456282,0.180865,13601,2798939,0.347619,8051741
1,2021-04-05,73030,4167375,34911,2025823,29279,1982171,8840,159381,34111,1347085,0.167304,38785,1495067,0.185682,43213,2842152,0.352986,8051741
1,2021-04-06,100947,4268322,47731,2073554,36951,2019122,16265,175646,46458,1355704,0.168374,54296,1549363,0.192426,62915,2905067,0.3608,8051741
1,2021-04-07,107586,4375908,51815,2125369,38664,2057786,17107,192753,49762,1365220,0.169556,57623,1606986,0.199582,67139,2972206,0.369138,8051741
1,2021-04-08,117957,4493865,55436,2180805,42170,2099956,20351,213104,53128,1374305,0.170684,64543,1671529,0.207598,73628,3045834,0.378283,8051741
1,2021-04-09,115686,4609551,52129,2232934,43563,2143519,19994,233098,51716,1382512,0.171703,63690,1735219,0.215509,71897,3117731,0.387212,8051741
1,2021-04-10,92561,4702112,41370,2274304,29002,2172521,22189,255287,36562,1385515,0.172076,55832,1791051,0.222443,58835,3176566,0.394519,8051741
1,2021-04-11,34713,4736825,19071,2293375,9187,2181708,6455,261742,14292,1386164,0.172157,20365,1811416,0.224972,21014,3197580,0.397129,8051741
1,2021-04-12,72040,4808865,32076,2325451,30176,2211884,9788,271530,31073,1386452,0.172193,40762,1852178,0.230034,41050,3238630,0.402227,8051741
1,2021-04-13,93369,4902234,49329,2374780,43710,2255594,330,271860,50157,1394385,0.173178,43005,1895183,0.235376,50938,3289568,0.408554,8051741
1,2021-04-14,99459,5001693,51457,2426237,47940,2303534,62,271922,50749,1397315,0.173542,48420,1943603,0.241389,51350,3340918,0.414931,8051741
1,2021-04-15,100286,5101979,54114,2480351,46091,2349625,81,272003,53733,1405486,0.174557,46094,1989697,0.247114,54265,3395183,0.421671,8051741
1,2021-04-16,103794,5205773,53445,2533796,50263,2399888,86,272089,52310,1406997,0.174744,51141,2040838,0.253465,52652,3447835,0.42821,8051741
1,2021-04-17,78551,5284324,42601,2576397,35943,2435831,7,272096,44205,1417266,0.17602,34186,2075024,0.257711,44455,3492290,0.433731,8051741
1,2021-04-18,27717,5312041,18326,2594723,9385,2445216,6,272102,14546,1418988,0.176234,13102,2088126,0.259338,14824,3507114,0.435572,8051741
1,2021-04-19,63649,5375690,32525,2627248,31100,2476316,24,272126,29094,1414061,0.175622,34283,2122409,0.263596,29356,3536470,0.439218,8051741
1,2021-04-20,83656,5459346,41898,2669146,41742,2518058,16,272142,39903,1410991,0.17524,43496,2165905,0.268998,40426,3576896,0.444239,8051741
1,2021-04-21,90272,5549618,46081,2715227,44102,2562160,89,272231,41203,1404416,0.174424,48667,2214572,0.275043,42092,3618988,0.449467,8051741
1,2021-04-22,91736,5641354,47589,2762816,44128,2606288,19,272250,42816,1399446,0.173807,48543,2263115,0.281072,43573,3662561,0.454878,8051741
1,2021-04-23,94051,5735405,48271,2811087,45755,2652043,25,272275,45444,1397297,0.17354,48246,2311361,0.287064,46097,3708658,0.460603,8051741
1,2021-04-24,72036,5807441,45749,2856836,26276,2678319,11,272286,41553,1409082,0.175003,30295,2341656,0.290826,42080,3750738,0.465829,8051741
1,2021-04-25,26691,5834132,17105,2873941,9578,2687897,8,272294,15407,1413490,0.175551,11210,2352866,0.292218,15618,3766356,0.467769,8051741
1,2021-04-26,57126,5891258,30628,2904569,26152,2714049,346,272640,27082,1411725,0.175332,29826,2382692,0.295923,28061,3794417,0.471254,8051741
1,2021-04-27,72520,5963778,38395,2942964,33015,2747064,1110,273750,31145,1403383,0.174296,41102,2423794,0.301027,32760,3827177,0.475323,8051741
1,2021-04-28,72230,6036008,37925,2980889,32952,2780016,1353,275103,31577,1396546,0.173446,40407,2464201,0.306046,33570,3860747,0.479492,8051741
1,2021-04-29,68209,6104217,37039,3017928,29874,2809890,1296,276399,27576,1385593,0.172086,40410,2504611,0.311065,29457,3890204,0.483151,8051741
1,2021-04-30,64800,6169017,34894,3052822,28678,2838568,1228,277627,25731,1374434,0.1707,38878,2543489,0.315893,27719,3917923,0.486593,8051741
1,2021-05-01,45552,6214569,30088,3082910,14529,2853097,935,278562,18402,1367305,0.169815,27027,2570516,0.31925,19898,3937821,0.489065,8051741
1,2021-05-02,12935,6227504,10070,3092980,2707,2855804,158,278720,5883,1366496,0.169714,7000,2577516,0.320119,6191,3944012,0.489833,8051741
1,2021-05-03,34895,6262399,18377,3111357,15419,2871223,1099,279819,12667,1358679,0.168744,22091,2599607,0.322863,14274,3958286,0.491606,8051741
2,2020-12-15,232,232,232,232,0,0,0,0,232,232,2.9e-05,0,0,0.0,232,232,2.9e-05,7897587
2,2020-12-16,1925,2157,1925,2157,0,0,0,0,1925,2157,0.000273,0,0,0.0,1925,2157,0.000273,7897587
2,2020-12-17,6661,8818,6661,8818,0,0,0,0,6662,8819,0.001117,0,0,0.0,6662,8819,0.001117,7897587
2,2020-12-18,10828,19646,10809,19627,19,19,0,0,10829,19648,0.002488,0,0,0.0,10829,19648,0.002488,7897587
2,2020-12-19,5573,25219,5568,25195,5,24,0,0,5575,25223,0.003194,0,0,0.0,5575,25223,0.003194,7897587
2,2020-12-20,4218,29437,4210,29405,8,32,0,0,4214,29437,0.003727,0,0,0.0,4214,29437,0.003727,7897587
2,2020-12-21,12763,42200,12740,42145,23,55,0,0,12718,42155,0.005338,0,0,0.0,12718,42155,0.005338,7897587
2,2020-12-22,12036,54236,11529,53674,507,562,0,0,12036,54191,0.006862,0,0,0.0,12036,54191,0.006862,7897587
2,2020-12-23,11605,65841,9417,63091,2188,2750,0,0,11608,65799,0.008332,0,0,0.0,11608,65799,0.008332,7897587
2,2020-12-24,5841,71682,3488,66579,2353,5103,0,0,5838,71637,0.009071,0,0,0.0,5838,71637,0.009071,7897587
2,2020-12-25,477,72159,401,66980,76,5179,0,0,478,72115,0.009131,0,0,0.0,478,72115,0.009131,7897587
2,2020-12-26,2565,74724,1669,68649,896,6075,0,0,2567,74682,0.009456,0,0,0.0,2567,74682,0.009456,7897587
2,2020-12-27,2210,76934,1196,69845,1014,7089,0,0,2208,76889,0.009736,1,1,0.0,2208,76890,0.009736,7897587
2,2020-12-28,10901,87835,7083,76928,3818,10907,0,0,10901,87789,0.011116,1,2,0.0,10901,87791,0.011116,7897587
2,2020-12-29,12682,100517,7186,84114,5496,16403,0,0,12686,100475,0.012722,0,2,0.0,12686,100477,0.012722,7897587
2,2020-12-30,15315,115832,8632,92746,6683,23086,0,0,15331,115805,0.014663,1,3,0.0,15331,115808,0.014664,7897587
2,2020-12-31,7497,123329,2802,95548,4695,27781,0,0,7495,123299,0.015612,1,4,1e-06,7495,123303,0.015613,7897587
2,2021-01-01,1096,124425,529,96077,567,28348,0,0,1097,124395,0.015751,1,5,1e-06,1097,124400,0.015752,7897587
2,2021-01-02,4806,129231,2751,98828,2055,30403,0,0,4804,129199,0.016359,0,5,1e-06,4804,129204,0.01636,7897587
2,2021-01-03,1381,130612,789,99617,592,30995,0,0,1376,130572,0.016533,3,8,1e-06,1376,130580,0.016534,7897587
2,2021-01-04,11488,142100,5434,105051,6054,37049,0,0,11475,142043,0.017986,4,12,2e-06,11475,142055,0.017987,7897587
2,2021-01-05,13763,155863,6871,111922,6892,43941,0,0,12590,153496,0.019436,1166,1178,0.000149,12619,154674,0.019585,7897587
2,2021-01-06,18847,174710,10422,122344,8425,52366,0,0,15141,164980,0.02089,3662,4840,0.000613,15146,169820,0.021503,7897587
2,2021-01-07,22829,197539,12834,135178,9995,62361,0,0,15558,173257,0.021938,7294,12134,0.001536,15571,185391,0.023474,7897587
2,2021-01-08,26296,223835,15953,151131,10343,72704,0,0,16270,179547,0.022734,9995,22129,0.002802,16285,201676,0.025536,7897587
2,2021-01-09,9693,233528,5662,156793,4031,76735,0,0,6209,182255,0.023077,3505,25634,0.003246,6213,207889,0.026323,7897587
2,2021-01-10,5257,238785,2913,159706,2344,79079,0,0,3050,183079,0.023182,2230,27864,0.003528,3054,210943,0.02671,7897587
2,2021-01-11,25909,264694,17815,177521,8094,87173,0,0,14995,187171,0.0237,10949,38813,0.004915,15041,225984,0.028614,7897587
2,2021-01-12,25926,290620,16102,193623,9824,96997,0,0,16477,194236,0.024594,9479,48292,0.006115,16544,242528,0.030709,7897587
2,2021-01-13,28212,318832,14869,208492,13343,110340,0,0,20315,206681,0.02617,7892,56184,0.007114,20337,262865,0.033284,7897587
2,2021-01-14,29987,348819,11384,219876,18603,128943,0,0,25810,228332,0.028912,4205,60389,0.007647,25856,288721,0.036558,7897587
2,2021-01-15,35075,383894,12925,232801,22150,151093,0,0,31863,257031,0.032546,3226,63615,0.008055,31925,320646,0.040601,7897587
2,2021-01-16,17541,401435,5609,238410,11932,163025,0,0,16233,271940,0.034433,1334,64949,0.008224,16243,336889,0.042657,7897587
2,2021-01-17,10549,411984,3518,241928,7031,170056,0,0,9847,281068,0.035589,727,65676,0.008316,9855,346744,0.043905,7897587
2,2021-01-18,19622,431606,10984,252912,8638,178694,0,0,14902,291277,0.036882,4736,70412,0.008916,14945,361689,0.045797,7897587
2,2021-01-19,32182,463788,16783,269695,15399,194093,0,0,24220,307640,0.038954,7967,78379,0.009924,24330,386019,0.048878,7897587
2,2021-01-20,36367,500155,17985,287680,18382,212475,0,0,27883,327144,0.041423,8464,86843,0.010996,27968,413987,0.052419,7897587
2,2021-01-21,40392,540547,17160,304840,23232,235707,0,0,36024,358971,0.045453,4347,91190,0.011547,36174,450161,0.057,7897587
2,2021-01-22,39000,579547,16286,321126,22714,258421,0,0,35724,391449,0.049566,3279,94469,0.011962,35757,485918,0.061527,7897587
2,2021-01-23,23899,603446,10809,331935,13090,271511,0,0,20951,409506,0.051852,2923,97392,0.012332,20980,506898,0.064184,7897587
2,2021-01-24,12429,615875,6156,338091,6273,277784,0,0,11516,420132,0.053198,900,98292,0.012446,11526,518424,0.065643,7897587
2,2021-01-25,33467,649342,15503,353594,17964,295748,0,0,24791,436386,0.055256,8655,106947,0.013542,24909,543333,0.068797,7897587
2,2021-01-26,40018,689360,19799,373393,20219,315967,0,0,31135,458735,0.058085,8862,115809,0.014664,31211,574544,0.072749,7897587
2,2021-01-27,44782,734142,22845,396238,21937,337904,0,0,34955,484009,0.061286,9734,125543,0.015896,35008,609552,0.077182,7897587
2,2021-01-28,47723,781865,22501,418739,25222,363126,0,0,39250,514894,0.065196,8422,133965,0.016963,39307,648859,0.082159,7897587
2,2021-01-29,45325,827190,22197,440936,23128,386254,0,0,36821,543355,0.0688,8407,142372,0.018027,36868,685727,0.086827,7897587
2,2021-01-30,31087,858277,13496,454432,17591,403845,0,0,27872,568078,0.071931,3176,145548,0.018429,27899,713626,0.09036,7897587
2,2021-01-31,17544,875821,10646,465078,6898,410743,0,0,16333,583237,0.07385,1193,146741,0.01858,16352,729978,0.092431,7897587
2,2021-02-01,40059,915880,19144,484222,20915,431658,0,0,29727,602692,0.076313,10303,157044,0.019885,29758,759736,0.096198,7897587
2,2021-02-02,47698,963578,19721,503943,27977,459635,0,0,36310,627782,0.07949,11315,168359,0.021318,36405,796141,0.100808,7897587
2,2021-02-03,53490,1017068,23755,527698,29735,489370,0,0,39739,653942,0.082803,13662,182021,0.023048,39822,835963,0.10585,7897587
2,2021-02-04,55679,1072747,24209,551907,31470,520840,0,0,40815,680070,0.086111,14775,196796,0.024918,40903,876866,0.11103,7897587
2,2021-02-05,59388,1132135,26304,578211,33084,553924,0,0,40297,701628,0.088841,18925,215721,0.027315,40483,917349,0.116156,7897587
2,2021-02-06,38746,1170881,18134,596345,20612,574536,0,0,31228,725484,0.091861,7451,223172,0.028258,31307,948656,0.12012,7897587
2,2021-02-07,15889,1186770,10644,606989,5245,579781,0,0,12036,733755,0.092909,3829,227001,0.028743,12100,960756,0.121652,7897587
2,2021-02-08,42925,1229695,22057,629046,20868,600649,0,0,29609,750344,0.095009,13212,240213,0.030416,29801,990557,0.125425,7897587
2,2021-02-09,48989,1278684,23370,652416,25619,626268,0,0,30822,763393,0.096662,18085,258298,0.032706,31134,1021691,0.129367,7897587
2,2021-02-10,59179,1337863,27999,680415,31180,657448,0,0,34732,774229,0.098034,24237,282535,0.035775,35073,1056764,0.133808,7897587
2,2021-02-11,63416,1401279,29415,709830,34001,691449,0,0,35862,783298,0.099182,27270,309805,0.039228,36339,1093103,0.13841,7897587
2,2021-02-12,64524,1465803,27926,737756,36598,728047,0,0,34554,788729,0.09987,29771,339576,0.042997,35202,1128305,0.142867,7897587
2,2021-02-13,37371,1503174,15688,753444,21683,749730,0,0,21661,795140,0.100681,15626,355202,0.044976,22037,1150342,0.145657,7897587
2,2021-02-14,19866,1523040,9316,762760,10550,760280,0,0,11202,798135,0.101061,8627,363829,0.046068,11622,1161964,0.147129,7897587
2,2021-02-15,32743,1555783,14798,777558,17945,778225,0,0,18278,802894,0.101663,14358,378187,0.047886,19117,1181081,0.14955,7897587
2,2021-02-16,55714,1611497,27588,805146,28126,806351,0,0,29406,806938,0.102175,26230,404417,0.051208,30274,1211355,0.153383,7897587
2,2021-02-17,60862,1672359,31541,836687,29321,835672,0,0,30282,807825,0.102288,30532,434949,0.055074,31419,1242774,0.157361,7897587
2,2021-02-18,65421,1737780,33296,869983,32125,867797,0,0,32043,808180,0.102333,33181,468130,0.059275,33536,1276310,0.161608,7897587
2,2021-02-19,58533,1796313,32621,902604,25912,893709,0,0,29138,808743,0.102404,29276,497406,0.062982,29839,1306149,0.165386,7897587
2,2021-02-20,36724,1833037,23984,926588,12740,906449,0,0,19964,813002,0.102943,16692,514098,0.065096,20951,1327100,0.168039,7897587
2,2021-02-21,17797,1850834,14377,940965,3420,909869,0,0,8741,814124,0.103085,8994,523092,0.066234,10116,1337216,0.16932,7897587
2,2021-02-22,37064,1887898,25463,966428,11601,921470,0,0,17809,814006,0.10307,19163,542255,0.068661,19045,1356261,0.171731,7897587
2,2021-02-23,50623,1938521,25793,992221,24830,946300,0,0,22336,810945,0.102683,28123,570378,0.072222,25062,1381323,0.174904,7897587
2,2021-02-24,67717,2006238,34881,1027102,32836,979136,0,0,31345,809352,0.102481,36245,606623,0.076811,34652,1415975,0.179292,7897587
2,2021-02-25,72821,2079059,34067,1061169,38754,1017890,0,0,36999,814333,0.103112,35628,642251,0.081322,40609,1456584,0.184434,7897587
2,2021-02-26,81039,2160098,34735,1095904,46304,1064194,0,0,43991,823760,0.104305,36829,679080,0.085986,46256,1502840,0.190291,7897587
2,2021-02-27,58497,2218595,26610,1122514,31883,1096077,4,4,31936,830804,0.105197,26388,705468,0.089327,33432,1536272,0.194524,7897587
2,2021-02-28,28832,2247427,17294,1139808,11537,1107614,1,5,16866,837361,0.106027,11889,717357,0.090832,18446,1554718,0.19686,7897587
2,2021-03-01,55079,2302506,28911,1168719,26153,1133767,15,20,30193,844732,0.106961,24697,742054,0.09396,32068,1586786,0.20092,7897587
2,2021-03-02,64328,2366834,29810,1198529,34513,1168280,5,25,35922,855406,0.108312,28307,770361,0.097544,38981,1625767,0.205856,7897587
2,2021-03-03,77471,2444305,37480,1236009,39985,1208265,6,31,43599,868438,0.109962,33716,804077,0.101813,46748,1672515,0.211775,7897587
2,2021-03-04,85264,2529569,41788,1277797,43450,1251715,26,57,49277,884707,0.112022,35830,839907,0.10635,52099,1724614,0.218372,7897587
2,2021-03-05,78253,2607822,36662,1314459,41297,1293012,294,351,47858,905072,0.114601,30229,870136,0.110177,50594,1775208,0.224779,7897587
2,2021-03-06,61172,2668994,29810,1344269,29707,1322719,1655,2006,37565,922374,0.116792,23511,893647,0.113154,40813,1816021,0.229946,7897587
2,2021-03-07,26750,2695744,15474,1359743,10336,1333055,940,2946,17132,932285,0.118047,9563,903210,0.114365,19474,1835495,0.232412,7897587
2,2021-03-08,48753,2744497,22218,1381961,24116,1357171,2419,5365,30731,949150,0.120182,17925,921135,0.116635,34790,1870285,0.236817,7897587
2,2021-03-09,63012,2807509,25836,1407797,33436,1390607,3740,9105,33614,959157,0.121449,29285,950420,0.120343,39292,1909577,0.241792,7897587
2,2021-03-10,74501,2882010,34918,1442715,33404,1424011,6179,15284,39492,971798,0.12305,34846,985266,0.124755,47487,1957064,0.247805,7897587
2,2021-03-11,90514,2972524,41533,1484248,40834,1464845,8147,23431,47616,986821,0.124952,42658,1027924,0.130157,57681,2014745,0.255109,7897587
2,2021-03-12,91399,3063923,37611,1521859,41969,1506814,11819,35250,45838,1000464,0.12668,45397,1073321,0.135905,59040,2073785,0.262585,7897587
2,2021-03-13,67077,3131000,28096,1549955,31178,1537992,7803,43053,37051,1016699,0.128735,29926,1103247,0.139694,46161,2119946,0.26843,7897587
2,2021-03-14,35867,3166867,17753,1567708,13681,1551673,4433,47486,19182,1024485,0.129721,16611,1119858,0.141797,24397,2144343,0.271519,7897587
2,2021-03-15,66004,3232871,29736,1597444,31332,1583005,4936,52422,36701,1038133,0.131449,29121,1148979,0.145485,42769,2187112,0.276934,7897587
2,2021-03-16,84851,3317722,37422,1634866,43496,1626501,3933,56355,52045,1062873,0.134582,32665,1181644,0.149621,57405,2244517,0.284203,7897587
2,2021-03-17,90324,3408046,43298,1678164,43073,1669574,3953,60308,57752,1093308,0.138436,32370,1214014,0.15372,62805,2307322,0.292155,7897587
2,2021-03-18,95002,3503048,44787,1722951,45809,1715383,4406,64714,58773,1121537,0.14201,35973,1249987,0.158275,64202,2371524,0.300285,7897587
2,2021-03-19,95090,3598138,44800,1767751,44274,1759657,6016,70730,57289,1147984,0.145359,37572,1287559,0.163032,64019,2435543,0.308391,7897587
2,2021-03-20,68262,3666400,32750,1800501,31650,1791307,3862,74592,45562,1175429,0.148834,22518,1310077,0.165883,49963,2485506,0.314717,7897587
2,2021-03-21,32431,3698831,20843,1821344,9637,1800944,1951,76543,20610,1187175,0.150321,11736,1321813,0.167369,23482,2508988,0.31769,7897587
2,2021-03-22,61341,3760172,33619,1854963,25175,1826119,2547,79090,41542,1212718,0.153556,19641,1341454,0.169856,45184,2554172,0.323412,7897587
2,2021-03-23,81522,3841694,42954,1897917,35766,1861885,2802,81892,53801,1242769,0.157361,27503,1368957,0.173339,57554,2611726,0.330699,7897587
2,2021-03-24,89697,3931391,48276,1946193,38369,1900254,3052,84944,53757,1265247,0.160207,35693,1404650,0.177858,58171,2669897,0.338065,7897587
2,2021-03-25,98481,4029872,49300,1995493,45450,1945704,3731,88675,56798,1285132,0.162725,41419,1446069,0.183103,61304,2731201,0.345827,7897587
2,2021-03-26,100623,4130495,49929,2045422,47293,1992997,3401,92076,56901,1303113,0.165001,43422,1489491,0.188601,61403,2792604,0.353602,7897587
2,2021-03-27,73707,4204202,36653,2082075,33804,2026801,3250,95326,38024,1309760,0.165843,35499,1524990,0.193096,42146,2834750,0.358939,7897587
2,2021-03-28,36729,4240931,22470,2104545,13456,2040257,803,96129,20742,1316144,0.166651,15898,1540888,0.195109,22282,2857032,0.36176,7897587
2,2021-03-29,69710,4310641,35526,2140071,32008,2072265,2176,98305,40894,1331439,0.168588,28671,1569559,0.198739,43966,2900998,0.367327,7897587
2,2021-03-30,89581,4400222,43623,2183694,41956,2114221,4002,102307,55163,1356954,0.171819,34265,1603824,0.203078,59780,2960778,0.374897,7897587
2,2021-03-31,98777,4498999,50856,2234550,43036,2157257,4885,107192,58413,1380484,0.174798,40158,1643982,0.208163,63688,3024466,0.382961,7897587
2,2021-04-01,113790,4612789,54766,2289316,50416,2207673,8608,115800,62680,1401378,0.177444,50877,1694859,0.214605,71771,3096237,0.392048,7897587
2,2021-04-02,108642,4721431,50145,2339461,48798,2256471,9699,125499,59289,1421803,0.18003,49058,1743917,0.220816,69483,3165720,0.400846,7897587
2,2021-04-03,74668,4796099,36619,2376080,28622,2285093,9427,134926,37419,1432091,0.181333,37083,1781000,0.225512,47371,3213091,0.406845,7897587
2,2021-04-04,28621,4824720,14714,2390794,10136,2295229,3771,138697,13178,1433747,0.181542,15377,1796377,0.227459,17033,3230124,0.409001,7897587
2,2021-04-05,77680,4902400,38240,2429034,30961,2326190,8479,147176,38291,1442153,0.182607,39279,1835656,0.232433,47685,3277809,0.415039,7897587
2,2021-04-06,101605,5004005,49584,2478618,37833,2364023,14188,161364,48907,1453478,0.184041,52484,1888140,0.239078,63809,3341618,0.423119,7897587
2,2021-04-07,108234,5112239,54231,2532849,38189,2402212,15814,177178,51846,1465840,0.185606,56173,1944313,0.246191,68535,3410153,0.431797,7897587
2,2021-04-08,116852,5229091,56412,2589261,42140,2444352,18300,195478,54758,1477710,0.187109,61859,2006172,0.254023,73729,3483882,0.441132,7897587
2,2021-04-09,115727,5344818,55934,2645195,42196,2486548,17597,213075,55378,1491746,0.188886,60082,2066254,0.261631,74118,3558000,0.450517,7897587
2,2021-04-10,84771,5429589,36913,2682108,30197,2516745,17661,230736,35519,1496626,0.189504,49097,2115351,0.267848,53977,3611977,0.457352,7897587
2,2021-04-11,43435,5473024,22358,2704466,12655,2529400,8422,239158,17791,1498302,0.189716,25562,2140913,0.271084,27238,3639215,0.460801,7897587
2,2021-04-12,78256,5551280,36537,2741003,32576,2561976,9143,248301,35351,1501115,0.190073,42697,2183610,0.276491,45510,3684725,0.466563,7897587
2,2021-04-13,99350,5650630,51257,2792260,47855,2609831,238,248539,54651,1512652,0.191533,44508,2228118,0.282126,56045,3740770,0.47366,7897587
2,2021-04-14,103768,5754398,54463,2846723,49259,2659090,46,248585,53705,1518523,0.192277,49859,2277977,0.28844,55730,3796500,0.480716,7897587
2,2021-04-15,109629,5864027,58169,2904892,51396,2710486,64,248649,57856,1526656,0.193307,51480,2329457,0.294958,59613,3856113,0.488265,7897587
2,2021-04-16,106965,5970992,55718,2960610,51197,2761683,50,248699,54798,1530583,0.193804,51935,2381392,0.301534,55862,3911975,0.495338,7897587
2,2021-04-17,79008,6050000,40554,3001164,38441,2800124,13,248712,43939,1540745,0.195091,34912,2416304,0.305955,45074,3957049,0.501045,7897587
2,2021-04-18,33363,6083363,19928,3021092,13432,2813556,3,248715,16242,1541150,0.195142,17044,2433348,0.308113,17449,3974498,0.503255,7897587
2,2021-04-19,72574,6155937,39336,3060428,33229,2846785,9,248724,33409,1536545,0.194559,38990,2472338,0.31305,34385,4008883,0.507609,7897587
2,2021-04-20,93682,6249619,46753,3107181,46912,2893697,17,248741,45986,1536799,0.194591,47470,2519808,0.31906,47724,4056607,0.513651,7897587
2,2021-04-21,97615,6347234,51819,3159000,45744,2939441,52,248793,46668,1534777,0.194335,50666,2570474,0.325476,48644,4105251,0.519811,7897587
2,2021-04-22,103024,6450258,52398,3211398,50608,2990049,18,248811,45760,1525907,0.193212,56973,2627447,0.33269,48103,4153354,0.525902,7897587
2,2021-04-23,102391,6552649,54064,3265462,48312,3038361,15,248826,47404,1521287,0.192627,54718,2682165,0.339618,50098,4203452,0.532245,7897587
2,2021-04-24,77776,6630425,46269,3311731,31471,3069832,36,248862,41101,1528185,0.1935,36483,2718648,0.344238,43381,4246833,0.537738,7897587
2,2021-04-25,35730,6666155,22102,3333833,13614,3083446,14,248876,19523,1532401,0.194034,16104,2734752,0.346277,20320,4267153,0.540311,7897587
2,2021-04-26,64629,6730784,35843,3369676,28512,3111958,274,249150,29596,1530127,0.193746,34865,2769617,0.350692,32591,4299744,0.544438,7897587
2,2021-04-27,79325,6810109,41531,3411207,36676,3148634,1118,250268,34078,1523130,0.19286,45030,2814647,0.356393,38033,4337777,0.549253,7897587
2,2021-04-28,79967,6890076,41803,3453010,36419,3185053,1745,252013,34814,1517766,0.192181,44949,2859596,0.362085,39585,4377362,0.554266,7897587
2,2021-04-29,75163,6965239,40577,3493587,33171,3218224,1415,253428,29104,1505237,0.190595,45866,2905462,0.367892,33337,4410699,0.558487,7897587
2,2021-04-30,67671,7032910,37226,3530813,29374,3247598,1071,254499,24732,1491089,0.188803,42744,2948206,0.373305,28596,4439295,0.562108,7897587
2,2021-05-01,43864,7076774,26779,3557592,16234,3263832,851,255350,17306,1484746,0.188,26428,2974634,0.376651,20085,4459380,0.564651,7897587
2,2021-05-02,16659,7093433,12768,3570360,3508,3267340,383,255733,7053,1483097,0.187791,9550,2984184,0.37786,7901,4467281,0.565651,7897587
2,2021-05-03,36783,7130216,21060,3591420,14772,3282112,951,256684,12813,1474182,0.186662,23854,3008038,0.380881,14939,4482220,0.567543,7897587
3,2020-12-15,303,303,303,303,0,0,0,0,303,303,3.9e-05,0,0,0.0,303,303,3.9e-05,7688185
3,2020-12-16,2205,2508,2205,2508,0,0,0,0,2205,2508,0.000326,0,0,0.0,2205,2508,0.000326,7688185
3,2020-12-17,7602,10110,7602,10110,0,0,0,0,7602,10110,0.001315,0,0,0.0,7602,10110,0.001315,7688185
3,2020-12-18,12806,22916,12795,22905,11,11,0,0,12805,22915,0.002981,0,0,0.0,12805,22915,0.002981,7688185
3,2020-12-19,7041,29957,7030,29935,11,22,0,0,7105,30020,0.003905,0,0,0.0,7105,30020,0.003905,7688185
3,2020-12-20,5487,35444,5479,35414,8,30,0,0,5534,35553,0.004624,1,1,0.0,5534,35554,0.004624,7688185
3,2020-12-21,14254,49698,14232,49646,22,52,0,0,14319,49871,0.006487,1,2,0.0,14319,49873,0.006487,7688185
3,2020-12-22,14621,64319,14054,63700,567,619,0,0,14660,64531,0.008394,0,2,0.0,14660,64533,0.008394,7688185
3,2020-12-23,14650,78969,12068,75768,2582,3201,0,0,14677,79208,0.010303,0,2,0.0,14677,79210,0.010303,7688185
3,2020-12-24,6757,85726,4851,80619,1906,5107,0,0,6755,85962,0.011181,1,3,0.0,6755,85965,0.011181,7688185
3,2020-12-25,718,86444,663,81282,55,5162,0,0,717,86679,0.011274,0,3,0.0,717,86682,0.011275,7688185
3,2020-12-26,4594,91038,2983,84265,1611,6773,0,0,4592,91271,0.011872,0,3,0.0,4592,91274,0.011872,7688185
3,2020-12-27,2950,93988,1832,86097,1118,7891,0,0,2951,94222,0.012255,0,3,0.0,2951,94225,0.012256,7688185
3,2020-12-28,13459,107447,8605,94702,4854,12745,0,0,13487,107708,0.01401,1,4,1e-06,13487,107712,0.01401,7688185
3,2020-12-29,14889,122336,8420,103122,6469,19214,0,0,14919,122625,0.01595,2,6,1e-06,14919,122631,0.015951,7688185
3,2020-12-30,17926,140262,10041,113163,7885,27099,0,0,17916,140541,0.01828,0,6,1e-06,17916,140547,0.018281,7688185
3,2020-12-31,8308,148570,3204,116367,5104,32203,0,0,8308,148848,0.019361,1,7,1e-06,8308,148855,0.019362,7688185
3,2021-01-01,1155,149725,523,116890,632,32835,0,0,1152,150000,0.01951,0,7,1e-06,1152,150007,0.019511,7688185
3,2021-01-02,4982,154707,2467,119357,2515,35350,0,0,4982,154982,0.020158,0,7,1e-06,4982,154989,0.020159,7688185
3,2021-01-03,1591,156298,838,120195,753,36103,0,0,1582,156560,0.020364,4,11,1e-06,1582,156571,0.020365,7688185
3,2021-01-04,11951,168249,5985,126180,5966,42069,0,0,11925,168478,0.021914,7,18,2e-06,11925,168496,0.021916,7688185
3,2021-01-05,15558,183807,8026,134206,7532,49601,0,0,13958,180875,0.023526,1585,1603,0.000209,13982,182478,0.023735,7688185
3,2021-01-06,20038,203845,10503,144709,9535,59136,0,0,15798,192479,0.025036,4200,5803,0.000755,15804,198282,0.02579,7688185
3,2021-01-07,26003,229848,14813,159522,11190,70326,0,0,16968,200451,0.026073,9009,14812,0.001927,16981,215263,0.027999,7688185
3,2021-01-08,29975,259823,18336,177858,11639,81965,0,0,17894,206305,0.026834,12060,26872,0.003495,17914,233177,0.030329,7688185
3,2021-01-09,12291,272114,6952,184810,5339,87304,0,0,7811,209649,0.027269,4475,31347,0.004077,7819,240996,0.031346,7688185
3,2021-01-10,7151,279265,4466,189276,2685,89989,0,0,4008,210520,0.027382,3141,34488,0.004486,4012,245008,0.031868,7688185
3,2021-01-11,28623,307888,18716,207992,9907,99896,0,0,16181,214308,0.027875,12436,46924,0.006103,16224,261232,0.033978,7688185
3,2021-01-12,31848,339736,19038,227030,12810,112706,0,0,19483,221526,0.028814,12348,59272,0.007709,19566,280798,0.036523,7688185
3,2021-01-13,34264,374000,17950,244980,16314,129020,0,0,24186,235650,0.030651,10078,69350,0.00902,24202,305000,0.039671,7688185
3,2021-01-14,34244,408244,14079,259059,20165,149185,0,0,28394,258256,0.033591,5819,75169,0.009777,28425,333425,0.043368,7688185
3,2021-01-15,38507,446751,14394,273453,24113,173298,0,0,33918,287650,0.037415,4580,79749,0.010373,33974,367399,0.047787,7688185
3,2021-01-16,21735,468486,7604,281057,14131,187429,0,0,19434,304817,0.039647,2288,82037,0.010671,19455,386854,0.050318,7688185
3,2021-01-17,13102,481588,4465,285522,8637,196066,0,0,12080,315893,0.041088,1022,83059,0.010803,12098,398952,0.051892,7688185
3,2021-01-18,24524,506112,12753,298275,11771,207837,0,0,19043,329476,0.042855,5499,88558,0.011519,19082,418034,0.054374,7688185
3,2021-01-19,40643,546755,20751,319026,19892,227729,0,0,31628,352191,0.045809,8991,97549,0.012688,31706,449740,0.058498,7688185
3,2021-01-20,44520,591275,21849,340875,22671,250400,0,0,35292,378370,0.049214,9186,106735,0.013883,35365,485105,0.063097,7688185
3,2021-01-21,46940,638215,20166,361041,26774,277174,0,0,41568,414698,0.05394,5302,112037,0.014573,41630,526735,0.068512,7688185
3,2021-01-22,49098,687313,19569,380610,29529,306703,0,0,45006,455668,0.059269,4102,116139,0.015106,45072,571807,0.074375,7688185
3,2021-01-23,29946,717259,12702,393312,17244,323947,0,0,26639,479053,0.06231,3296,119435,0.015535,26681,598488,0.077845,7688185
3,2021-01-24,17600,734859,8482,401794,9118,333065,0,0,16453,494386,0.064305,1143,120578,0.015684,16476,614964,0.079988,7688185
3,2021-01-25,40203,775062,17986,419780,22217,355282,0,0,30407,515095,0.066998,9779,130357,0.016955,30488,645452,0.083954,7688185
3,2021-01-26,46443,821505,22149,441929,24294,379576,0,0,36535,541828,0.070475,9903,140260,0.018244,36636,682088,0.088719,7688185
3,2021-01-27,50316,871821,24427,466356,25889,405465,0,0,39861,571379,0.074319,10379,150639,0.019594,39930,722018,0.093913,7688185
3,2021-01-28,51223,923044,23775,490131,27448,432913,0,0,42446,605174,0.078715,8695,159334,0.020725,42490,764508,0.099439,7688185
3,2021-01-29,50089,973133,24118,514249,25971,458884,0,0,40690,636695,0.082815,9213,168547,0.021923,40734,805242,0.104738,7688185
3,2021-01-30,36565,1009698,17342,531591,19223,478107,0,0,32033,664322,0.086408,4484,173031,0.022506,32111,837353,0.108914,7688185
3,2021-01-31,22185,1031883,12806,544397,9379,487486,0,0,20715,683591,0.088914,1461,174492,0.022696,20730,858083,0.111611,7688185
3,2021-02-01,44707,1076590,20159,564556,24548,512034,0,0,34616,708193,0.092114,10050,184542,0.024003,34652,892735,0.116118,7688185
3,2021-02-02,54073,1130663,22810,587366,31263,543297,0,0,41409,737070,0.09587,12579,197121,0.025639,41456,934191,0.12151,7688185
3,2021-02-03,59475,1190138,26503,613869,32972,576269,0,0,44383,766575,0.099708,14941,212062,0.027583,44446,978637,0.127291,7688185
3,2021-02-04,63872,1254010,27773,641642,36099,612368,0,0,46917,796828,0.103643,16766,228828,0.029764,47019,1025656,0.133407,7688185
3,2021-02-05,69666,1323676,29681,671323,39985,652353,0,0,48231,823996,0.107177,21226,250054,0.032524,48394,1074050,0.139701,7688185
3,2021-02-06,43393,1367069,21130,692453,22263,674616,0,0,33656,848126,0.110316,9708,259762,0.033787,33838,1107888,0.144103,7688185
3,2021-02-07,19385,1386454,12267,704720,7118,681734,0,0,14922,858721,0.111694,4452,264214,0.034366,15047,1122935,0.14606,7688185
3,2021-02-08,50642,1437096,24392,729112,26250,707984,0,0,33302,874983,0.113809,17222,281436,0.036606,33484,1156419,0.150415,7688185
3,2021-02-09,57961,1495057,28213,757325,29748,737732,0,0,34095,885723,0.115206,23697,305133,0.039689,34437,1190856,0.154894,7688185
3,2021-02-10,67248,1562305,31287,788612,35961,773693,0,0,36584,892393,0.116073,30435,335568,0.043647,37105,1227961,0.159721,7688185
3,2021-02-11,69827,1632132,34440,823052,35387,809080,0,0,37769,898959,0.116927,31727,367295,0.047774,38293,1266254,0.164701,7688185
3,2021-02-12,74487,1706619,32228,855280,42259,851339,0,0,41334,908168,0.118125,32879,400174,0.052051,42088,1308342,0.170176,7688185
3,2021-02-13,44413,1751032,20183,875463,24230,875569,0,0,25636,915752,0.119112,18632,418806,0.054474,26216,1334558,0.173586,7688185
3,2021-02-14,27044,1778076,13519,888982,13525,889094,0,0,15139,919491,0.119598,11861,430667,0.056017,15600,1350158,0.175615,7688185
3,2021-02-15,39536,1817612,17072,906054,22464,911558,0,0,21920,924826,0.120292,17534,448201,0.058297,22869,1373027,0.178589,7688185
3,2021-02-16,69086,1886698,32701,938755,36385,947943,0,0,36146,929199,0.120861,32818,481019,0.062566,37191,1410218,0.183427,7688185
3,2021-02-17,70706,1957404,35861,974616,34845,982788,0,0,33783,927357,0.120621,36729,517748,0.067343,34887,1445105,0.187964,7688185
3,2021-02-18,75877,2033281,39653,1014269,36224,1019012,0,0,35568,924101,0.120198,40191,557939,0.072571,36935,1482040,0.192769,7688185
3,2021-02-19,67768,2101049,39104,1053373,28664,1047676,0,0,34414,925942,0.120437,33264,591203,0.076898,35105,1517145,0.197335,7688185
3,2021-02-20,41196,2142245,26017,1079390,15179,1062855,0,0,21894,929114,0.12085,19219,610422,0.079397,22391,1539536,0.200247,7688185
3,2021-02-21,19517,2161762,15791,1095181,3726,1066581,0,0,9215,928519,0.120772,10238,620660,0.080729,9643,1549179,0.201501,7688185
3,2021-02-22,44620,2206382,29077,1124258,15543,1082124,0,0,21179,926880,0.120559,23365,644025,0.083768,21726,1570905,0.204327,7688185
3,2021-02-23,59476,2265858,32284,1156542,27192,1109316,0,0,26286,922132,0.119941,33068,677093,0.088069,28320,1599225,0.208011,7688185
3,2021-02-24,75746,2341604,36989,1193531,38757,1148073,0,0,33988,917077,0.119284,41600,718693,0.09348,36545,1635770,0.212764,7688185
3,2021-02-25,84074,2425678,40433,1233964,43641,1191714,0,0,42199,920230,0.119694,41669,760362,0.0989,44822,1680592,0.218594,7688185
3,2021-02-26,94672,2520350,43108,1277072,51564,1243278,0,0,50535,929121,0.12085,43833,804195,0.104601,52724,1733316,0.225452,7688185
3,2021-02-27,66290,2586640,29996,1307068,36291,1279569,3,3,35185,934669,0.121572,30946,835141,0.108627,36494,1769810,0.230199,7688185
3,2021-02-28,37376,2624016,21662,1328730,15713,1295282,1,4,19446,937317,0.121917,17797,852938,0.110941,20445,1790255,0.232858,7688185
3,2021-03-01,64912,2688928,34346,1363076,30556,1325838,10,14,36342,946652,0.123131,28427,881365,0.114639,37762,1828017,0.23777,7688185
3,2021-03-02,74122,2763050,35356,1398432,38764,1364602,2,16,42858,960471,0.124928,31154,912519,0.118691,44973,1872990,0.243619,7688185
3,2021-03-03,86635,2849685,41139,1439571,45484,1410086,12,28,48321,972981,0.126555,38155,950674,0.123654,50665,1923655,0.250209,7688185
3,2021-03-04,91197,2940882,44578,1484149,46604,1456690,15,43,51960,988219,0.128537,39061,989735,0.128735,54299,1977954,0.257272,7688185
3,2021-03-05,87114,3027996,42353,1526502,44473,1501163,288,331,53115,1010107,0.131384,33796,1023531,0.13313,55684,2033638,0.264515,7688185
3,2021-03-06,63718,3091714,32008,1558510,29578,1530741,2132,2463,36518,1023227,0.133091,27083,1050614,0.136653,40203,2073841,0.269744,7688185
3,2021-03-07,36333,3128047,21451,1579961,13779,1544520,1103,3566,20829,1031263,0.134136,15462,1066076,0.138664,23498,2097339,0.2728,7688185
3,2021-03-08,57625,3185672,27299,1607260,27517,1572037,2809,6375,36531,1051204,0.13673,20996,1087072,0.141395,40937,2138276,0.278125,7688185
3,2021-03-09,69964,3255636,29639,1636899,36010,1608047,4315,10690,36381,1060156,0.137894,33489,1120561,0.145751,42441,2180717,0.283645,7688185
3,2021-03-10,79715,3335351,39295,1676194,34514,1642561,5906,16596,41331,1071074,0.139314,38225,1158786,0.150723,49143,2229860,0.290037,7688185
3,2021-03-11,94862,3430213,46245,1722439,40211,1682772,8406,25002,46767,1079874,0.140459,47881,1206667,0.156951,56681,2286541,0.29741,7688185
3,2021-03-12,100020,3530233,44526,1766965,43750,1726522,11744,36746,45909,1084738,0.141092,53938,1260605,0.163967,58802,2345343,0.305058,7688185
3,2021-03-13,68365,3598598,28895,1795860,32356,1758878,7114,43860,36060,1097089,0.142698,32215,1292820,0.168157,44566,2389909,0.310855,7688185
3,2021-03-14,40142,3638740,21098,1816958,15583,1774461,3461,47321,21863,1104904,0.143715,18227,1311047,0.170528,26042,2415951,0.314242,7688185
3,2021-03-15,74284,3713024,35221,1852179,34594,1809055,4469,51790,39537,1115314,0.145069,34600,1345647,0.175028,45010,2460961,0.320096,7688185
3,2021-03-16,93656,3806680,43116,1895295,46309,1855364,4231,56021,53467,1134067,0.147508,40012,1385659,0.180232,58765,2519726,0.32774,7688185
3,2021-03-17,96136,3902816,46701,1941996,45065,1900429,4370,60391,58957,1161122,0.151027,37010,1422669,0.185046,64065,2583791,0.336073,7688185
3,2021-03-18,100665,4003481,50689,1992685,45653,1946082,4323,64714,59049,1183916,0.153992,41411,1464080,0.190432,64205,2647996,0.344424,7688185
3,2021-03-19,100665,4104146,53663,2046348,42624,1988706,4378,69092,57389,1203296,0.156512,43071,1507151,0.196035,62451,2710447,0.352547,7688185
3,2021-03-20,70174,4174320,36162,2082510,30467,2019173,3545,72637,44421,1226274,0.159501,25608,1532759,0.199366,48586,2759033,0.358867,7688185
3,2021-03-21,35312,4209632,23995,2106505,9859,2029032,1458,74095,22983,1239254,0.161189,12276,1545035,0.200962,25256,2784289,0.362152,7688185
3,2021-03-22,68714,4278346,40307,2146812,25978,2055010,2429,76524,45077,1264404,0.164461,23482,1568517,0.204017,48632,2832921,0.368477,7688185
3,2021-03-23,87995,4366341,48375,2195187,37209,2092219,2411,78935,57180,1294143,0.168329,30617,1599134,0.207999,60356,2893277,0.376328,7688185
3,2021-03-24,97126,4463467,56074,2251261,38312,2130531,2740,81675,56834,1314585,0.170988,40011,1639145,0.213203,60453,2953730,0.384191,7688185
3,2021-03-25,104733,4568200,58170,2309431,43735,2174266,2828,84503,60514,1334632,0.173595,43965,1683110,0.218922,64012,3017742,0.392517,7688185
3,2021-03-26,108082,4676282,57979,2367410,46916,2221182,3187,87690,57730,1346319,0.175115,50117,1733227,0.22544,61804,3079546,0.400556,7688185
3,2021-03-27,72959,4749241,36981,2404391,33461,2254643,2517,90207,36591,1349907,0.175582,36203,1769430,0.230149,39791,3119337,0.405731,7688185
3,2021-03-28,43166,4792407,27106,2431497,15260,2269903,800,91007,23096,1354314,0.176155,19989,1789419,0.232749,24396,3143733,0.408904,7688185
3,2021-03-29,79354,4871761,41518,2473015,36073,2305976,1763,92770,45006,1367720,0.177899,34162,1823581,0.237193,47568,3191301,0.415092,7688185
3,2021-03-30,98399,4970160,48384,2521399,46495,2352471,3520,96290,59732,1393118,0.181202,38465,1862046,0.242196,63863,3255164,0.423398,7688185
3,2021-03-31,103110,5073270,55656,2577055,42747,2395218,4707,100997,57209,1409630,0.18335,45753,1907799,0.248147,62265,3317429,0.431497,7688185
3,2021-04-01,120323,5193593,60663,2637718,50370,2445588,9290,110287,65707,1430601,0.186078,54394,1962193,0.255222,75365,3392794,0.4413,7688185
3,2021-04-02,115398,5308991,56469,2694187,49039,2494627,9890,120177,61673,1449161,0.188492,53518,2015711,0.262183,72078,3464872,0.450675,7688185
3,2021-04-03,74476,5383467,38004,2732191,27532,2522159,8940,129117,37456,1459049,0.189778,36915,2052626,0.266984,46803,3511675,0.456763,7688185
3,2021-04-04,31982,5415449,17090,2749281,10781,2532940,4111,133228,14299,1459892,0.189888,17632,2070258,0.269278,18475,3530150,0.459166,7688185
3,2021-04-05,87639,5503088,44533,2793814,34244,2567184,8862,142090,43504,1469155,0.191093,43986,2114244,0.274999,53249,3583399,0.466092,7688185
3,2021-04-06,111564,5614652,54509,2848323,42185,2609369,14870,156960,53179,1479875,0.192487,58176,2172420,0.282566,68896,3652295,0.475053,7688185
3,2021-04-07,114266,5728918,59468,2907791,38887,2648256,15911,172871,55943,1494147,0.194343,58121,2230541,0.290126,72393,3724688,0.484469,7688185
3,2021-04-08,119430,5848348,59856,2967647,39861,2688117,19713,192584,55932,1507383,0.196065,63264,2293805,0.298355,76500,3801188,0.494419,7688185
3,2021-04-09,115518,5963866,57789,3025436,39094,2727211,18635,211219,51339,1514419,0.19698,63990,2357795,0.306678,71026,3872214,0.503658,7688185
3,2021-04-10,81963,6045829,37204,3062640,29857,2757068,14902,226121,33682,1515802,0.19716,48142,2405937,0.31294,49525,3921739,0.510099,7688185
3,2021-04-11,44139,6089968,23635,3086275,12631,2769699,7873,233994,16791,1514177,0.196949,27270,2433207,0.316487,25645,3947384,0.513435,7688185
3,2021-04-12,82388,6172356,41871,3128146,32045,2801744,8472,242466,37803,1517123,0.197332,44418,2477625,0.322264,47364,3994748,0.519596,7688185
3,2021-04-13,103399,6275755,55925,3184071,47271,2849015,203,242669,54724,1524643,0.19831,48505,2526130,0.328573,56025,4050773,0.526883,7688185
3,2021-04-14,104281,6380036,57115,3241186,47076,2896091,90,242759,52675,1527889,0.198732,51371,2577501,0.335255,54617,4105390,0.533987,7688185
3,2021-04-15,115397,6495433,64864,3306050,50481,2946572,52,242811,62415,1538837,0.200156,52752,2630253,0.342116,63700,4169090,0.542272,7688185
3,2021-04-16,112331,6607764,63052,3369102,49191,2995763,88,242899,59165,1545945,0.201081,52935,2683188,0.349001,60043,4229133,0.550082,7688185
3,2021-04-17,76030,6683794,41705,3410807,34313,3030076,12,242911,42097,1555417,0.202313,33793,2716981,0.353397,43265,4272398,0.55571,7688185
3,2021-04-18,36449,6720243,21536,3432343,14909,3044985,4,242915,17374,1554793,0.202231,19004,2735985,0.355869,18380,4290778,0.5581,7688185
3,2021-04-19,77323,6797566,43304,3475647,33969,3078954,50,242965,35192,1548924,0.201468,41995,2777980,0.361331,36126,4326904,0.562799,7688185
3,2021-04-20,97168,6894734,50309,3525956,46851,3125805,8,242973,47550,1548760,0.201447,49457,2827437,0.367764,49293,4376197,0.569211,7688185
3,2021-04-21,99842,6994576,55062,3581018,44721,3170526,59,243032,47515,1545878,0.201072,52084,2879521,0.374538,49202,4425399,0.57561,7688185
3,2021-04-22,106536,7101112,59070,3640088,47448,3217974,18,243050,46561,1534639,0.19961,59720,2939241,0.382306,48481,4473880,0.581916,7688185
3,2021-04-23,101365,7202477,57587,3697675,43758,3261732,20,243070,44567,1525502,0.198422,56516,2995757,0.389657,47379,4521259,0.588079,7688185
3,2021-04-24,71784,7274261,44593,3742268,27135,3288867,56,243126,35243,1526480,0.198549,36330,3032087,0.394383,37308,4558567,0.592931,7688185
3,2021-04-25,35700,7309961,23009,3765277,12678,3301545,13,243139,18316,1528131,0.198764,17287,3049374,0.396631,18938,4577505,0.595395,7688185
3,2021-04-26,63665,7373626,35582,3800859,27731,3329276,352,243491,26901,1521134,0.197853,36574,3085948,0.401388,29577,4607082,0.599242,7688185
3,2021-04-27,81035,7454661,42185,3843044,37474,3366750,1376,244867,32285,1508516,0.196212,48532,3134480,0.407701,35914,4642996,0.603913,7688185
3,2021-04-28,78761,7533422,43973,3887017,32826,3399576,1962,246829,31740,1497391,0.194765,46827,3181307,0.413792,35702,4678698,0.608557,7688185
3,2021-04-29,73876,7607298,42007,3929024,29942,3429518,1927,248756,25618,1479140,0.192391,48056,3229363,0.420042,29805,4708503,0.612434,7688185
3,2021-04-30,60581,7667879,34402,3963426,25056,3454574,1123,249879,21495,1464657,0.190508,38935,3268298,0.425107,24452,4732955,0.615614,7688185
3,2021-05-01,34981,7702860,22425,3985851,11941,3466515,615,250494,12662,1456786,0.189484,22228,3290526,0.427998,14357,4747312,0.617481,7688185
3,2021-05-02,13344,7716204,10123,3995974,2946,3469461,275,250769,5714,1455353,0.189297,7599,3298125,0.428986,6166,4753478,0.618284,7688185
3,2021-05-03,33049,7749253,17493,4013467,14691,3484152,865,251634,9975,1443908,0.187809,22982,3321107,0.431975,11537,4765015,0.619784,7688185
4,2020-12-15,444,444,444,444,0,0,0,0,444,444,5.9e-05,0,0,0.0,444,444,5.9e-05,7584050
4,2020-12-16,2956,3400,2956,3400,0,0,0,0,2956,3400,0.000448,0,0,0.0,2956,3400,0.000448,7584050
4,2020-12-17,8520,11920,8520,11920,0,0,0,0,8520,11920,0.001572,0,0,0.0,8520,11920,0.001572,7584050
4,2020-12-18,15374,27294,15365,27285,9,9,0,0,15374,27294,0.003599,0,0,0.0,15374,27294,0.003599,7584050
4,2020-12-19,10229,37523,10222,37507,7,16,0,0,10164,37458,0.004939,0,0,0.0,10164,37458,0.004939,7584050
4,2020-12-20,7363,44886,7350,44857,13,29,0,0,7318,44776,0.005904,0,0,0.0,7318,44776,0.005904,7584050
4,2020-12-21,16272,61158,16249,61106,23,52,0,0,16205,60981,0.008041,0,0,0.0,16205,60981,0.008041,7584050
4,2020-12-22,17089,78247,16357,77463,732,784,0,0,17045,78026,0.010288,0,0,0.0,17045,78026,0.010288,7584050
4,2020-12-23,16897,95144,14215,91678,2682,3466,0,0,16868,94894,0.012512,0,0,0.0,16868,94894,0.012512,7584050
4,2020-12-24,8530,103674,5953,97631,2577,6043,0,0,8530,103424,0.013637,0,0,0.0,8530,103424,0.013637,7584050
4,2020-12-25,898,104572,794,98425,104,6147,0,0,898,104322,0.013755,0,0,0.0,898,104322,0.013755,7584050
4,2020-12-26,6161,110733,3861,102286,2300,8447,0,0,6161,110483,0.014568,0,0,0.0,6161,110483,0.014568,7584050
4,2020-12-27,3414,114147,1996,104282,1418,9865,0,0,3414,113897,0.015018,0,0,0.0,3414,113897,0.015018,7584050
4,2020-12-28,14946,129093,9231,113513,5715,15580,0,0,14916,128812,0.016985,1,1,0.0,14916,128813,0.016985,7584050
4,2020-12-29,15223,144316,8426,121939,6797,22377,0,0,15189,144001,0.018987,0,1,0.0,15189,144002,0.018987,7584050
4,2020-12-30,18855,163171,11060,132999,7795,30172,0,0,18844,162843,0.021472,2,3,0.0,18844,162846,0.021472,7584050
4,2020-12-31,8180,171351,3313,136312,4867,35039,0,0,8175,171016,0.022549,2,5,1e-06,8175,171021,0.02255,7584050
4,2021-01-01,1199,172550,504,136816,695,35734,0,0,1197,172211,0.022707,2,7,1e-06,1197,172218,0.022708,7584050
4,2021-01-02,5646,178196,3188,140004,2458,38192,0,0,5645,177855,0.023451,1,8,1e-06,5645,177863,0.023452,7584050
4,2021-01-03,2108,180304,1249,141253,859,39051,0,0,2094,179945,0.023727,4,12,2e-06,2094,179957,0.023728,7584050
4,2021-01-04,12931,193235,7054,148307,5877,44928,0,0,12882,192795,0.025421,32,44,6e-06,12882,192839,0.025427,7584050
4,2021-01-05,16702,209937,9862,158169,6840,51768,0,0,14678,205481,0.027094,2003,2047,0.00027,14689,207528,0.027364,7584050
4,2021-01-06,21448,231385,13157,171326,8291,60059,0,0,15614,215325,0.028392,5781,7828,0.001032,15625,223153,0.029424,7584050
4,2021-01-07,27727,259112,16912,188238,10815,70874,0,0,16958,221582,0.029217,10714,18542,0.002445,16971,240124,0.031662,7584050
4,2021-01-08,32581,291693,20913,209151,11668,82542,0,0,18453,225990,0.029798,14060,32602,0.004299,18468,258592,0.034097,7584050
4,2021-01-09,16130,307823,9544,218695,6586,89128,0,0,9405,228703,0.030156,6703,39305,0.005183,9416,268008,0.035338,7584050
4,2021-01-10,8700,316523,5625,224320,3075,92203,0,0,4095,228222,0.030092,4584,43889,0.005787,4103,272111,0.035879,7584050
4,2021-01-11,33219,349742,21758,246078,11461,103664,0,0,18742,232564,0.030665,14437,58326,0.007691,18779,290890,0.038355,7584050
4,2021-01-12,37991,387733,21799,267877,16192,119856,0,0,23979,242618,0.031991,13963,72289,0.009532,24017,314907,0.041522,7584050
4,2021-01-13,38345,426078,18873,286750,19472,139328,0,0,27176,258703,0.034111,11115,83404,0.010997,27200,342107,0.045109,7584050
4,2021-01-14,38782,464860,14775,301525,24007,163335,0,0,31749,283493,0.03738,6985,90389,0.011918,31775,373882,0.049298,7584050
4,2021-01-15,45019,509879,15586,317111,29433,192768,0,0,39511,317571,0.041874,5452,95841,0.012637,39530,413412,0.054511,7584050
4,2021-01-16,28504,538383,9328,326439,19176,211944,0,0,25407,339931,0.044822,3061,98902,0.013041,25421,438833,0.057863,7584050
4,2021-01-17,18931,557314,6639,333078,12292,224236,0,0,17423,355885,0.046925,1483,100385,0.013236,17437,456270,0.060162,7584050
4,2021-01-18,29113,586427,13366,346444,15747,239983,0,0,23167,373235,0.049213,5848,106233,0.014007,23198,479468,0.063221,7584050
4,2021-01-19,45949,632376,23164,369608,22785,262768,0,0,36663,400740,0.05284,9229,115462,0.015224,36734,516202,0.068064,7584050
4,2021-01-20,51180,683556,27027,396635,24153,286921,0,0,40840,431384,0.05688,10246,125708,0.016575,40890,557092,0.073456,7584050
4,2021-01-21,56008,739564,24677,421312,31331,318252,0,0,49705,474886,0.062616,6244,131952,0.017399,49746,606838,0.080015,7584050
4,2021-01-22,54713,794277,21953,443265,32760,351012,0,0,49655,519609,0.068513,4962,136914,0.018053,49685,656523,0.086566,7584050
4,2021-01-23,39348,833625,17395,460660,21953,372965,0,0,35066,550427,0.072577,4276,141190,0.018617,35094,691617,0.091194,7584050
4,2021-01-24,23877,857502,10485,471145,13392,386357,0,0,22015,570603,0.075237,1854,143044,0.018861,22030,713647,0.094098,7584050
4,2021-01-25,47526,905028,21960,493105,25566,411923,0,0,36541,596240,0.078618,10958,154002,0.020306,36595,750242,0.098924,7584050
4,2021-01-26,56157,961185,28652,521757,27505,439428,0,0,44134,628462,0.082866,11968,165970,0.021884,44190,794432,0.10475,7584050
4,2021-01-27,55079,1016264,26627,548384,28452,467880,0,0,44170,661908,0.087276,10774,176744,0.023305,44220,838652,0.110581,7584050
4,2021-01-28,56021,1072285,25285,573669,30736,498616,0,0,46189,698395,0.092087,9743,186487,0.024589,46230,884882,0.116677,7584050
4,2021-01-29,55969,1128254,26906,600575,29063,527679,0,0,45738,734073,0.096792,10087,196574,0.025919,45765,930647,0.122711,7584050
4,2021-01-30,37448,1165702,17050,617625,20398,548077,0,0,32225,761145,0.100361,5176,201750,0.026602,32248,962895,0.126963,7584050
4,2021-01-31,23763,1189465,12484,630109,11279,559356,0,0,22171,781754,0.103079,1576,203326,0.02681,22185,985080,0.129888,7584050
4,2021-02-01,48092,1237557,22686,652795,25406,584762,0,0,37851,809430,0.106728,10216,213542,0.028157,37892,1022972,0.134885,7584050
4,2021-02-02,55781,1293338,26306,679101,29475,614237,0,0,42127,838076,0.110505,13522,227064,0.02994,42168,1065140,0.140445,7584050
4,2021-02-03,61664,1355002,30302,709403,31362,645599,0,0,47535,871647,0.114932,14020,241084,0.031788,47591,1112731,0.14672,7584050
4,2021-02-04,67133,1422135,31298,740701,35835,681434,0,0,50592,905956,0.119455,16386,257470,0.033949,50695,1163426,0.153404,7584050
4,2021-02-05,72544,1494679,33615,774316,38929,720363,0,0,50698,935182,0.123309,21604,279074,0.036797,50830,1214256,0.160107,7584050
4,2021-02-06,47928,1542607,25944,800260,21984,742347,0,0,36523,960529,0.126651,11377,290451,0.038298,36724,1250980,0.164949,7584050
4,2021-02-07,26228,1568835,17302,817562,8926,751273,0,0,19882,974332,0.128471,6313,296764,0.03913,20116,1271096,0.167601,7584050
4,2021-02-08,58041,1626876,29795,847357,28246,779519,0,0,37827,992329,0.130844,20085,316849,0.041778,38082,1309178,0.172623,7584050
4,2021-02-09,66738,1693614,33986,881343,32752,812271,0,0,39270,1004592,0.132461,27405,344254,0.045392,39668,1348846,0.177853,7584050
4,2021-02-10,76794,1770408,38454,919797,38340,850611,0,0,41045,1010650,0.13326,35521,379775,0.050075,41579,1390425,0.183335,7584050
4,2021-02-11,80512,1850920,41979,961776,38533,889144,0,0,41836,1014678,0.133791,38466,418241,0.055147,42494,1432919,0.188938,7584050
4,2021-02-12,83676,1934596,37491,999267,46185,935329,0,0,43273,1018497,0.134295,40236,458477,0.060453,44055,1476974,0.194747,7584050
4,2021-02-13,58238,1992834,29529,1028796,28709,964038,0,0,29777,1020811,0.1346,28350,486827,0.064191,30664,1507638,0.198791,7584050
4,2021-02-14,36572,2029406,19012,1047808,17560,981598,0,0,18797,1022542,0.134828,17735,504562,0.066529,19466,1527104,0.201357,7584050
4,2021-02-15,45766,2075172,21463,1069271,24303,1005901,0,0,23604,1025243,0.135184,22096,526658,0.069443,24797,1551901,0.204627,7584050
4,2021-02-16,79245,2154417,36261,1105532,42984,1048885,0,0,40564,1028470,0.13561,38594,565252,0.074532,41821,1593722,0.210141,7584050
4,2021-02-17,80192,2234609,37866,1143398,42326,1091211,0,0,38475,1026542,0.135355,41567,606819,0.080013,39639,1633361,0.215368,7584050
4,2021-02-18,82409,2317018,45351,1188749,37058,1128269,0,0,38354,1022471,0.134819,43920,650739,0.085804,39849,1673210,0.220622,7584050
4,2021-02-19,81477,2398495,51255,1240004,30222,1158491,0,0,40930,1023676,0.134977,40418,691157,0.091133,41623,1714833,0.22611,7584050
4,2021-02-20,48085,2446580,32093,1272097,15992,1174483,0,0,26360,1029050,0.135686,21679,712836,0.093991,27053,1741886,0.229678,7584050
4,2021-02-21,25568,2472148,19989,1292086,5579,1180062,0,0,11617,1027091,0.135428,13896,726732,0.095824,11937,1753823,0.231252,7584050
4,2021-02-22,52054,2524202,35820,1327906,16234,1196296,0,0,25360,1026344,0.135329,26613,753345,0.099333,25866,1779689,0.234662,7584050
4,2021-02-23,72217,2596419,39816,1367722,32401,1228697,0,0,31803,1019565,0.134435,40310,793655,0.104648,33531,1813220,0.239083,7584050
4,2021-02-24,87422,2683841,46005,1413727,41417,1270114,0,0,39724,1013951,0.133695,47516,841171,0.110913,41902,1855122,0.244608,7584050
4,2021-02-25,97546,2781387,50634,1464361,46912,1317026,0,0,46826,1012781,0.133541,50577,891748,0.117582,49407,1904529,0.251123,7584050
4,2021-02-26,103727,2885114,52241,1516602,51486,1368512,0,0,53638,1018878,0.134345,49876,941624,0.124158,55973,1960502,0.258503,7584050
4,2021-02-27,74618,2959732,40333,1556935,34279,1402791,6,6,39914,1025683,0.135242,34593,976217,0.12872,41398,2001900,0.263962,7584050
4,2021-02-28,44846,3004578,27777,1584712,17068,1419859,1,7,25023,1031942,0.136067,19704,995921,0.131318,25963,2027863,0.267385,7584050
4,2021-03-01,74306,3078884,43373,1628085,30921,1450780,12,19,41143,1041371,0.137311,32976,1028897,0.135666,42405,2070268,0.272977,7584050
4,2021-03-02,80324,3159208,44794,1672879,35527,1486307,3,22,47115,1057254,0.139405,33076,1061973,0.140027,48959,2119227,0.279432,7584050
4,2021-03-03,97746,3256954,51568,1724447,46169,1532476,9,31,54392,1070304,0.141126,43179,1105152,0.145721,56229,2175456,0.286846,7584050
4,2021-03-04,95282,3352236,52844,1777291,42426,1574902,12,43,52361,1081753,0.142635,42737,1147889,0.151356,54186,2229642,0.293991,7584050
4,2021-03-05,92181,3444417,49301,1826592,42572,1617474,308,351,54610,1101225,0.145203,37408,1185297,0.156288,56880,2286522,0.301491,7584050
4,2021-03-06,74735,3519152,41866,1868458,30270,1647744,2599,2950,45733,1122099,0.147955,28907,1214204,0.1601,49781,2336303,0.308055,7584050
4,2021-03-07,41283,3560435,26167,1894625,13970,1661714,1146,4096,24525,1132322,0.149303,16708,1230912,0.162303,26931,2363234,0.311606,7584050
4,2021-03-08,64914,3625349,33643,1928268,28107,1689821,3164,7260,42694,1157403,0.15261,22122,1253034,0.16522,47203,2410437,0.31783,7584050
4,2021-03-09,73491,3698840,34012,1962280,34398,1724219,5081,12341,38100,1166669,0.153832,35252,1288286,0.169868,44518,2454955,0.3237,7584050
4,2021-03-10,87808,3786648,44543,2006823,35921,1760140,7344,19685,43997,1175548,0.155003,43669,1331955,0.175626,52548,2507503,0.330628,7584050
4,2021-03-11,99331,3885979,52265,2059088,38846,1798986,8220,27905,46074,1178093,0.155338,53076,1385031,0.182624,55621,2563124,0.337962,7584050
4,2021-03-12,103121,3989100,50809,2109897,42149,1841135,10163,38068,44188,1174677,0.154888,58726,1443757,0.190368,55310,2618434,0.345255,7584050
4,2021-03-13,79676,4068776,37045,2146942,34334,1875469,8297,46365,37502,1179579,0.155534,42066,1485823,0.195914,46968,2665402,0.351448,7584050
4,2021-03-14,48909,4117685,27834,2174776,17502,1892971,3573,49938,25144,1185248,0.156282,23696,1509519,0.199039,29365,2694767,0.35532,7584050
4,2021-03-15,82825,4200510,44321,2219097,34318,1927289,4186,54124,42822,1193290,0.157342,39815,1549334,0.204288,47857,2742624,0.361631,7584050
4,2021-03-16,106372,4306882,55186,2274283,47840,1975129,3346,57470,57199,1205720,0.158981,48976,1598310,0.210746,61406,2804030,0.369727,7584050
4,2021-03-17,104790,4411672,56338,2330621,45083,2020212,3369,60839,61843,1228810,0.162026,42744,1641054,0.216382,65834,2869864,0.378408,7584050
4,2021-03-18,104884,4516556,57938,2388559,43344,2063556,3602,64441,60402,1249072,0.164697,44266,1685320,0.222219,64528,2934392,0.386916,7584050
4,2021-03-19,108916,4625472,62301,2450860,41524,2105080,5091,69532,63211,1272398,0.167773,45508,1730828,0.228219,68834,3003226,0.395992,7584050
4,2021-03-20,82180,4707652,48008,2498868,31228,2136308,2944,72476,51433,1296562,0.170959,30640,1761468,0.23226,54804,3058030,0.403219,7584050
4,2021-03-21,47234,4754886,34183,2533051,10823,2147131,2228,74704,28863,1310154,0.172751,18289,1779757,0.234671,31881,3089911,0.407422,7584050
4,2021-03-22,80617,4835503,52717,2585768,25273,2172404,2627,77331,51455,1336185,0.176184,28989,1808746,0.238493,55020,3144931,0.414677,7584050
4,2021-03-23,102839,4938342,61307,2647075,39462,2211866,2070,79401,64451,1365119,0.179999,38158,1846904,0.243525,67092,3212023,0.423523,7584050
4,2021-03-24,111867,5050209,72289,2719364,37289,2249155,2289,81690,64367,1385307,0.182661,47127,1894031,0.249739,67315,3279338,0.432399,7584050
4,2021-03-25,115003,5165212,70782,2790146,41926,2291081,2295,83985,67017,1407513,0.185589,47591,1941622,0.256014,69797,3349135,0.441602,7584050
4,2021-03-26,117766,5282978,71428,2861574,43352,2334433,2986,86971,66111,1425890,0.188012,51362,1992984,0.262786,69739,3418874,0.450798,7584050
4,2021-03-27,89958,5372936,53260,2914834,34920,2369353,1778,88749,46853,1432081,0.188828,42921,2035905,0.268446,49112,3467986,0.457274,7584050
4,2021-03-28,54832,5427768,36079,2950913,17888,2387241,865,89614,30685,1439914,0.189861,24034,2059939,0.271615,31867,3499853,0.461475,7584050
4,2021-03-29,92147,5519915,55385,3006298,34747,2421988,2015,91629,51531,1453560,0.19166,40444,2100383,0.276947,54090,3553943,0.468608,7584050
4,2021-03-30,115588,5635503,62964,3069262,48558,2470546,4066,95695,74028,1490718,0.19656,41387,2141770,0.282405,78545,3632488,0.478964,7584050
4,2021-03-31,119156,5754659,70468,3139730,42522,2513068,6166,101861,69062,1516337,0.199938,49846,2191616,0.288977,75465,3707953,0.488915,7584050
4,2021-04-01,139594,5894253,79830,3219560,47002,2560070,12762,114623,82913,1555863,0.205149,56435,2248051,0.296418,95961,3803914,0.501568,7584050
4,2021-04-02,134075,6028328,71891,3291451,49146,2609216,13038,127661,78087,1591595,0.209861,55785,2303836,0.303774,91517,3895431,0.513635,7584050
4,2021-04-03,99504,6127832,53132,3344583,33342,2642558,13030,140691,52212,1610042,0.212293,47148,2350984,0.309991,65595,3961026,0.522284,7584050
4,2021-04-04,46257,6174089,24410,3368993,14461,2657019,7386,148077,20499,1612304,0.212591,25695,2376679,0.313379,27957,3988983,0.52597,7584050
4,2021-04-05,107779,6281868,60791,3429784,34500,2691519,12488,160565,56711,1631227,0.215087,50920,2427599,0.320093,69843,4058826,0.535179,7584050
4,2021-04-06,136830,6418698,77226,3507010,40113,2731632,19491,180056,71564,1657982,0.218614,65092,2492691,0.328675,91847,4150673,0.54729,7584050
4,2021-04-07,135342,6554040,76916,3583926,38059,2769691,20367,200423,70526,1684809,0.222152,64627,2557318,0.337197,91454,4242127,0.559349,7584050
4,2021-04-08,137618,6691658,77047,3660973,35576,2805267,24995,225418,68743,1710596,0.225552,68657,2625975,0.34625,94444,4336571,0.571801,7584050
4,2021-04-09,134889,6826547,74119,3735092,38287,2843554,22483,247901,64815,1729127,0.227995,69905,2695880,0.355467,88436,4425007,0.583462,7584050
4,2021-04-10,101555,6928102,50269,3785361,32908,2876462,18378,266279,46103,1739438,0.229355,55294,2751174,0.362758,65605,4490612,0.592113,7584050
4,2021-04-11,61540,6989642,37450,3822811,13035,2889497,11055,277334,27081,1744425,0.230012,34384,2785558,0.367292,39371,4529983,0.597304,7584050
4,2021-04-12,101060,7090702,61612,3884423,29726,2919223,9722,287056,51334,1757221,0.2317,49491,2835049,0.373817,62287,4592270,0.605517,7584050
4,2021-04-13,128386,7219088,80424,3964847,47811,2967034,151,287207,77155,1784633,0.235314,51019,2886068,0.380544,78431,4670701,0.615858,7584050
4,2021-04-14,132964,7352052,84683,4049530,48211,3015245,70,287277,74241,1802158,0.237625,58475,2944543,0.388255,76000,4746701,0.625879,7584050
4,2021-04-15,152455,7504507,101598,4151128,50828,3066073,29,287306,94206,1839686,0.242573,57971,3002514,0.395898,95499,4842200,0.638472,7584050
4,2021-04-16,140659,7645166,89525,4240653,51063,3117136,71,287377,82524,1865268,0.245946,57885,3060399,0.403531,83467,4925667,0.649477,7584050
4,2021-04-17,98532,7743698,62485,4303138,36039,3153175,8,287385,57962,1884216,0.248445,40375,3100774,0.408855,59323,4984990,0.657299,7584050
4,2021-04-18,53246,7796944,35680,4338818,17563,3170738,3,287388,30464,1893136,0.249621,22680,3123454,0.411845,31600,5016590,0.661466,7584050
4,2021-04-19,99057,7896001,65516,4404334,33530,3204268,11,287399,50936,1897110,0.250145,47950,3171404,0.418168,51924,5068514,0.668312,7584050
4,2021-04-20,126134,8022135,73888,4478222,52240,3256508,6,287405,66416,1905664,0.251273,59469,3230873,0.426009,68023,5136537,0.677282,7584050
4,2021-04-21,126046,8148181,80917,4559139,45081,3301589,48,287453,63812,1909108,0.251727,61981,3292854,0.434181,65425,5201962,0.685908,7584050
4,2021-04-22,135295,8283476,89075,4648214,46202,3347791,18,287471,60733,1897757,0.25023,74294,3367148,0.443978,62943,5264905,0.694208,7584050
4,2021-04-23,128737,8412213,83332,4731546,45386,3393177,19,287490,55827,1885427,0.248604,72633,3439781,0.453555,60303,5325208,0.702159,7584050
4,2021-04-24,95848,8508061,64991,4796537,30805,3423982,52,287542,44075,1880564,0.247963,51558,3491339,0.460353,46695,5371903,0.708316,7584050
4,2021-04-25,48365,8556426,34243,4830780,14099,3438081,23,287565,25241,1883580,0.248361,23026,3514365,0.463389,26042,5397945,0.71175,7584050
4,2021-04-26,77983,8634409,50943,4881723,26693,3464774,347,287912,30134,1869185,0.246463,47647,3562012,0.469671,33252,5431197,0.716134,7584050
4,2021-04-27,100122,8734531,60732,4942455,37627,3502401,1763,289675,35633,1845532,0.243344,64252,3626264,0.478143,40599,5471796,0.721487,7584050
4,2021-04-28,94741,8829272,60941,5003396,31414,3533815,2386,292061,33118,1821684,0.240199,61412,3687676,0.486241,37564,5509360,0.72644,7584050
4,2021-04-29,87050,8916322,54674,5058070,30168,3563983,2208,294269,26529,1793167,0.236439,60321,3747997,0.494195,31804,5541164,0.730634,7584050
4,2021-04-30,69048,8985370,44601,5102671,23490,3587473,957,295226,22211,1771477,0.233579,46656,3794653,0.500347,24966,5566130,0.733926,7584050
4,2021-05-01,44877,9030247,30278,5132949,13977,3601450,622,295848,12960,1754309,0.231316,31839,3826492,0.504545,14671,5580801,0.73586,7584050
4,2021-05-02,19465,9049712,15115,5148064,4099,3605549,251,296099,6111,1747579,0.230428,13296,3839788,0.506298,6566,5587367,0.736726,7584050
4,2021-05-03,41465,9091177,27024,5175088,13718,3619267,723,296822,11024,1729614,0.228059,30340,3870128,0.510298,12375,5599742,0.738358,7584050
