hpiquartile,administered_date,total_doses,cumulative_total_doses,pfizer_doses,cumulative_pfizer_doses,moderna_doses,cumulative_moderna_doses,jj_doses,cumulative_jj_doses,partially_vaccinated,total_partially_vaccinated,pct_age16pop_partially_vaccinated,fully_vaccinated,cumulative_fully_vaccinated,pct_age16pop_fully_vaccinated,at_least_one_dose,cumulative_at_least_one_dose,pct_age16pop_at_least_one_dose,age16_population
1,2020-12-15,147,147,147,147,0,0,0,0,147,147,1.8e-05,0,0,0.0,147,147,1.8e-05,8051741
1,2020-12-16,1154,1301,1154,1301,0,0,0,0,1154,1301,0.000162,0,0,0.0,1154,1301,0.000162,8051741
1,2020-12-17,4103,5404,4103,5404,0,0,0,0,4104,5405,0.000671,0,0,0.0,4104,5405,0.000671,8051741
1,2020-12-18,6248,11652,6228,11632,20,20,0,0,6250,11655,0.001448,0,0,0.0,6250,11655,0.001448,8051741
1,2020-12-19,2868,14520,2867,14499,1,21,0,0,2866,14520,0.001803,1,1,0.0,2866,14521,0.001803,8051741
1,2020-12-20,2076,16596,2072,16571,4,25,0,0,2077,16597,0.002061,0,1,0.0,2077,16598,0.002061,8051741
1,2020-12-21,7618,24214,7603,24174,15,40,0,0,7670,24267,0.003014,0,1,0.0,7670,24268,0.003014,8051741
1,2020-12-22,7269,31483,6929,31103,340,380,0,0,7272,31538,0.003917,1,2,0.0,7272,31540,0.003917,8051741
1,2020-12-23,7796,39279,6576,37679,1220,1600,0,0,7792,39330,0.004885,0,2,0.0,7792,39332,0.004885,8051741
1,2020-12-24,3288,42567,2354,40033,934,2534,0,0,3290,42620,0.005293,0,2,0.0,3290,42622,0.005294,8051741
1,2020-12-25,232,42799,149,40182,83,2617,0,0,232,42852,0.005322,0,2,0.0,232,42854,0.005322,8051741
1,2020-12-26,1353,44152,966,41148,387,3004,0,0,1352,44203,0.00549,1,3,0.0,1352,44206,0.00549,8051741
1,2020-12-27,852,45004,527,41675,325,3329,0,0,852,45055,0.005596,0,3,0.0,852,45058,0.005596,8051741
1,2020-12-28,6991,51995,4737,46412,2254,5583,0,0,6990,52045,0.006464,0,3,0.0,6990,52048,0.006464,8051741
1,2020-12-29,8818,60813,4973,51385,3845,9428,0,0,8815,60859,0.007558,1,4,0.0,8815,60863,0.007559,8051741
1,2020-12-30,11557,72370,6467,57852,5090,14518,0,0,11557,72416,0.008994,0,4,0.0,11557,72420,0.008994,8051741
1,2020-12-31,5915,78285,1950,59802,3965,18483,0,0,5916,78332,0.009729,0,4,0.0,5916,78336,0.009729,8051741
1,2021-01-01,507,78792,170,59972,337,18820,0,0,507,78839,0.009792,0,4,0.0,507,78843,0.009792,8051741
1,2021-01-02,2870,81662,1739,61711,1131,19951,0,0,2872,81711,0.010148,0,4,0.0,2872,81715,0.010149,8051741
1,2021-01-03,1000,82662,534,62245,466,20417,0,0,999,82709,0.010272,1,5,1e-06,999,82714,0.010273,8051741
1,2021-01-04,7272,89934,3541,65786,3731,24148,0,0,7277,89985,0.011176,1,6,1e-06,7277,89991,0.011177,8051741
1,2021-01-05,10678,100612,5147,70933,5531,29679,0,0,9935,99211,0.012322,730,736,9.1e-05,9956,99947,0.012413,8051741
1,2021-01-06,13786,114398,6958,77891,6828,36507,0,0,11924,109319,0.013577,1822,2558,0.000318,11930,111877,0.013895,8051741
1,2021-01-07,17335,131733,9069,86960,8266,44773,0,0,12926,117942,0.014648,4309,6867,0.000853,12932,124809,0.015501,8051741
1,2021-01-08,19979,151712,10394,97354,9585,54358,0,0,14131,126248,0.01568,5830,12697,0.001577,14136,138945,0.017257,8051741
1,2021-01-09,6596,158308,3339,100693,3257,57615,0,0,4771,129212,0.016048,1811,14508,0.001802,4775,143720,0.01785,8051741
1,2021-01-10,3022,161330,1717,102410,1305,58920,0,0,1853,129913,0.016135,1153,15661,0.001945,1854,145574,0.01808,8051741
1,2021-01-11,17989,179319,11792,114202,6197,65117,0,0,11466,134906,0.016755,6496,22157,0.002752,11489,157063,0.019507,8051741
1,2021-01-12,18764,198083,10609,124811,8155,73272,0,0,12820,141856,0.017618,5902,28059,0.003485,12852,169915,0.021103,8051741
1,2021-01-13,19553,217636,10521,135332,9032,82304,0,0,14462,151259,0.018786,5069,33128,0.004114,14472,184387,0.0229,8051741
1,2021-01-14,21811,239447,9397,144729,12414,94718,0,0,19083,167712,0.020829,2668,35796,0.004446,19121,203508,0.025275,8051741
1,2021-01-15,25030,264477,9271,154000,15759,110477,0,0,23117,189010,0.023474,1860,37656,0.004677,23158,226666,0.028151,8051741
1,2021-01-16,13847,278324,4541,158541,9306,119783,0,0,13010,201184,0.024986,838,38494,0.004781,13012,239678,0.029767,8051741
1,2021-01-17,5156,283480,1980,160521,3176,122959,0,0,4791,205619,0.025537,361,38855,0.004826,4796,244474,0.030363,8051741
1,2021-01-18,14137,297617,8501,169022,5636,128595,0,0,11013,213556,0.026523,3112,41967,0.005212,11049,255523,0.031735,8051741
1,2021-01-19,24461,322078,12769,181791,11692,140287,0,0,19338,227831,0.028296,5109,47076,0.005847,19384,274907,0.034143,8051741
1,2021-01-20,27870,349948,13476,195267,14394,154681,0,0,22479,244970,0.030424,5370,52446,0.006514,22509,297416,0.036938,8051741
1,2021-01-21,30334,380282,14021,209288,16313,170994,0,0,27276,269302,0.033446,3005,55451,0.006887,27337,324753,0.040333,8051741
1,2021-01-22,27929,408211,11086,220374,16843,187837,0,0,25984,293407,0.03644,1904,57355,0.007123,26009,350762,0.043563,8051741
1,2021-01-23,18601,426812,8167,228541,10434,198271,0,0,16690,308209,0.038279,1899,59254,0.007359,16701,367463,0.045638,8051741
1,2021-01-24,6642,433454,4155,232696,2487,200758,0,0,6000,313575,0.038945,638,59892,0.007438,6004,373467,0.046383,8051741
1,2021-01-25,24686,458140,10233,242929,14453,215211,0,0,19269,327524,0.040677,5401,65293,0.008109,19350,392817,0.048787,8051741
1,2021-01-26,28224,486364,13269,256198,14955,230166,0,0,21770,342897,0.042587,6413,71706,0.008906,21786,414603,0.051492,8051741
1,2021-01-27,31276,517640,15296,271494,15980,246146,0,0,23531,358762,0.044557,7690,79396,0.009861,23555,438158,0.054418,8051741
1,2021-01-28,34149,551789,15965,287459,18184,264330,0,0,27480,379670,0.047154,6614,86010,0.010682,27522,465680,0.057836,8051741
1,2021-01-29,33131,584920,16284,303743,16847,281177,0,0,26728,400157,0.049698,6276,92286,0.011462,26763,492443,0.06116,8051741
1,2021-01-30,19935,604855,8617,312360,11318,292495,0,0,17956,416165,0.051686,1954,94240,0.011704,17962,510405,0.063391,8051741
1,2021-01-31,7578,612433,4979,317339,2599,295094,0,0,6848,422286,0.052447,728,94968,0.011795,6849,517254,0.064241,8051741
1,2021-02-01,28010,640443,12083,329422,15927,311021,0,0,20671,435664,0.054108,7297,102265,0.012701,20675,537929,0.066809,8051741
1,2021-02-02,31718,672161,11434,340856,20284,331305,0,0,23896,451829,0.056116,7763,110028,0.013665,23928,561857,0.069781,8051741
1,2021-02-03,38784,710945,14799,355655,23985,355290,0,0,28184,469559,0.058318,10481,120509,0.014967,28211,590068,0.073285,8051741
1,2021-02-04,43505,754450,17015,372670,26490,381780,0,0,31653,489505,0.060795,11752,132261,0.016426,31698,621766,0.077221,8051741
1,2021-02-05,46473,800923,17258,389928,29215,410995,0,0,30640,504470,0.062654,15717,147978,0.018378,30682,652448,0.081032,8051741
1,2021-02-06,26399,827322,10444,400372,15955,426950,0,0,20618,519366,0.064504,5737,153715,0.019091,20633,673081,0.083594,8051741
1,2021-02-07,6134,833456,3930,404302,2204,429154,0,0,4582,522428,0.064884,1537,155252,0.019282,4599,677680,0.084166,8051741
1,2021-02-08,30927,864383,14011,418313,16916,446070,0,0,20665,533007,0.066198,10162,165414,0.020544,20741,698421,0.086742,8051741
1,2021-02-09,37784,902167,16539,434852,21245,467315,0,0,23215,541825,0.067293,14465,179879,0.02234,23283,721704,0.089633,8051741
1,2021-02-10,46414,948581,21972,456824,24442,491757,0,0,26924,549463,0.068242,19359,199238,0.024745,26997,748701,0.092986,8051741
1,2021-02-11,50117,998698,24636,481460,25481,517238,0,0,30611,560848,0.069655,19318,218556,0.027144,30703,779404,0.096799,8051741
1,2021-02-12,49131,1047829,21244,502704,27887,545125,0,0,28391,568745,0.070636,20621,239177,0.029705,28518,807922,0.100341,8051741
1,2021-02-13,25970,1073799,11290,513994,14680,559805,0,0,15060,573035,0.071169,10845,250022,0.031052,15135,823057,0.102221,8051741
1,2021-02-14,11556,1085355,5453,519447,6103,565908,0,0,6597,574807,0.071389,4933,254955,0.031665,6705,829762,0.103054,8051741
1,2021-02-15,23248,1108603,9214,528661,14034,579942,0,0,14169,580142,0.072052,8994,263949,0.032782,14329,844091,0.104833,8051741
1,2021-02-16,46172,1154775,22064,550725,24108,604050,0,0,27343,588899,0.073139,18773,282722,0.035113,27530,871621,0.108252,8051741
1,2021-02-17,47376,1202151,23969,574694,23407,627457,0,0,25861,593550,0.073717,21418,304140,0.037773,26069,897690,0.11149,8051741
1,2021-02-18,49701,1251852,24796,599490,24905,652362,0,0,25959,596249,0.074052,23555,327695,0.040699,26254,923944,0.114751,8051741
1,2021-02-19,44733,1296585,24167,623657,20566,672928,0,0,25503,602681,0.074851,19131,346826,0.043075,25563,949507,0.117926,8051741
1,2021-02-20,26191,1322776,15932,639589,10259,683187,0,0,15083,606764,0.075358,11075,357901,0.04445,15158,964665,0.119808,8051741
1,2021-02-21,9567,1332343,8357,647946,1210,684397,0,0,5839,609054,0.075643,3692,361593,0.044909,5982,970647,0.120551,8051741
1,2021-02-22,29633,1361976,19494,667440,10139,694536,0,0,17474,614594,0.076331,12117,373710,0.046414,17657,988304,0.122744,8051741
1,2021-02-23,41676,1403652,19997,687437,21679,716215,0,0,23212,619846,0.076983,18354,392064,0.048693,23606,1011910,0.125676,8051741
1,2021-02-24,52121,1455773,25165,712602,26956,743171,0,0,29411,627125,0.077887,22625,414689,0.051503,29904,1041814,0.12939,8051741
1,2021-02-25,63321,1519094,30409,743011,32912,776083,0,0,39530,643489,0.079919,23703,438392,0.054447,40067,1081881,0.134366,8051741
1,2021-02-26,71195,1590289,33520,776531,37675,813758,0,0,47296,667482,0.082899,23768,462160,0.057399,47761,1129642,0.140298,8051741
1,2021-02-27,47975,1638264,21319,797850,26650,840408,6,6,31812,683499,0.084888,16069,478229,0.059394,32086,1161728,0.144283,8051741
1,2021-02-28,18846,1657110,11185,809035,7661,848069,0,6,13991,692911,0.086057,4810,483039,0.059992,14222,1175950,0.146049,8051741
1,2021-03-01,42818,1699928,19526,828561,23285,871354,7,13,27931,706326,0.087723,14807,497846,0.061831,28222,1204172,0.149554,8051741
1,2021-03-02,57954,1757882,23774,852335,34175,905529,5,18,36845,722902,0.089782,21030,518876,0.064443,37606,1241778,0.154225,8051741
1,2021-03-03,66972,1824854,31367,883702,35594,941123,11,29,40486,737798,0.091632,26376,545252,0.067719,41272,1283050,0.159351,8051741
1,2021-03-04,74303,1899157,34181,917883,40092,981215,30,59,47584,759382,0.094313,26581,571833,0.07102,48165,1331215,0.165333,8051741
1,2021-03-05,73389,1972546,32724,950607,40467,1021682,198,257,48791,784762,0.097465,24427,596260,0.074054,49807,1381022,0.171518,8051741
1,2021-03-06,55655,2028201,26441,977048,27891,1049573,1323,1580,37906,806872,0.100211,17694,613954,0.076251,39804,1420826,0.176462,8051741
1,2021-03-07,19329,2047530,12212,989260,6335,1055908,782,2362,14486,817600,0.101543,4832,618786,0.076851,15560,1436386,0.178394,8051741
1,2021-03-08,42695,2090225,20112,1009372,20731,1076639,1852,4214,29735,836621,0.103906,12902,631688,0.078454,31923,1468309,0.182359,8051741
1,2021-03-09,59292,2149517,25759,1035131,31079,1107718,2454,6668,35536,851576,0.105763,23685,655373,0.081395,38640,1506949,0.187158,8051741
1,2021-03-10,69812,2219329,34268,1069399,31327,1139045,4217,10885,43151,872899,0.108411,26563,681936,0.084694,47886,1554835,0.193105,8051741
1,2021-03-11,86629,2305958,39341,1108740,39563,1178608,7725,18610,50887,896535,0.111347,35547,717483,0.089109,59183,1614018,0.200456,8051741
1,2021-03-12,93081,2399039,40014,1148754,40858,1219466,12209,30819,53740,923793,0.114732,39183,756666,0.093975,66441,1680459,0.208708,8051741
1,2021-03-13,62682,2461721,28050,1176804,26993,1246459,7639,38458,39979,949161,0.117883,22609,779275,0.096783,47977,1728436,0.214666,8051741
1,2021-03-14,26599,2488320,14225,1191029,8914,1255373,3460,41918,15730,957731,0.118947,10825,790100,0.098128,19395,1747831,0.217075,8051741
1,2021-03-15,62969,2551289,27262,1218291,29146,1284519,6561,48479,37300,976433,0.12127,25534,815634,0.101299,44236,1792067,0.222569,8051741
1,2021-03-16,82884,2634173,37029,1255320,40376,1324895,5482,53961,52084,1003804,0.124669,30671,846305,0.105108,58042,1850109,0.229778,8051741
1,2021-03-17,88963,2723136,42529,1297849,39939,1364834,6495,60456,57104,1036137,0.128685,31737,878042,0.10905,64070,1914179,0.237735,8051741
1,2021-03-18,93116,2816252,47400,1345249,40224,1405058,5492,65948,57601,1064681,0.13223,35258,913300,0.113429,63802,1977981,0.245659,8051741
1,2021-03-19,98661,2914913,50920,1396169,41689,1446747,6052,72000,58912,1090672,0.135458,39535,952835,0.118339,65526,2043507,0.253797,8051741
1,2021-03-20,68890,2983803,35465,1431634,28506,1475253,4919,76919,45409,1117978,0.138849,23347,976182,0.121239,50653,2094160,0.260088,8051741
1,2021-03-21,25670,3009473,17736,1449370,6178,1481431,1756,78675,16673,1127653,0.140051,8941,985123,0.122349,18616,2112776,0.2624,8051741
1,2021-03-22,56528,3066001,29357,1478727,24032,1505463,3139,81814,38751,1152246,0.143105,17654,1002777,0.124542,42247,2155023,0.267647,8051741
1,2021-03-23,79647,3145648,40365,1519092,35860,1541323,3422,85236,51916,1180508,0.146615,27579,1030356,0.127967,55841,2210864,0.274582,8051741
1,2021-03-24,83765,3229413,42242,1561334,37342,1578665,4181,89417,51438,1204319,0.149572,32151,1062507,0.13196,55962,2266826,0.281532,8051741
1,2021-03-25,91566,3320979,46184,1607518,39932,1618597,5450,94867,53307,1225274,0.152175,38040,1100547,0.136684,58995,2325821,0.288859,8051741
1,2021-03-26,99587,3420566,47847,1655365,45635,1664232,6105,100972,55793,1243968,0.154497,43550,1144097,0.142093,62244,2388065,0.29659,8051741
1,2021-03-27,70119,3490685,36259,1691624,30191,1694423,3669,104641,36842,1251587,0.155443,33107,1177204,0.146205,40726,2428791,0.301648,8051741
1,2021-03-28,31053,3521738,20003,1711627,9855,1704278,1195,105836,16545,1255231,0.155896,14428,1191632,0.147997,18072,2446863,0.303892,8051741
1,2021-03-29,64228,3585966,32006,1743633,29521,1733799,2701,108537,36946,1267946,0.157475,27158,1218790,0.15137,39873,2486736,0.308845,8051741
1,2021-03-30,87855,3673821,42826,1786459,39206,1773005,5823,114360,50324,1286836,0.159821,37420,1256210,0.156017,56310,2543046,0.315838,8051741
1,2021-03-31,96257,3770078,50221,1836680,40364,1813369,5672,120032,55464,1307518,0.162389,40574,1296784,0.161056,61256,2604302,0.323446,8051741
1,2021-04-01,105081,3875159,50320,1887000,46873,1860242,7888,127920,54984,1320645,0.16402,49861,1346645,0.167249,62988,2667290,0.331269,8051741
1,2021-04-02,104354,3979513,47285,1934285,47995,1908237,9074,136994,54097,1334145,0.165696,49946,1396591,0.173452,63446,2730736,0.339149,8051741
1,2021-04-03,74238,4053751,36852,1971137,28279,1936516,9107,146101,35375,1340051,0.16643,38738,1435329,0.178263,44644,2775380,0.344693,8051741
1,2021-04-04,23384,4077135,11630,1982767,8344,1944860,3410,149511,10163,1340458,0.166481,13185,1448514,0.179901,13592,2788972,0.346381,8051741
1,2021-04-05,71637,4148772,34642,2017409,28212,1973072,8783,158294,33833,1345683,0.167129,37676,1486190,0.18458,42901,2831873,0.351709,8051741
1,2021-04-06,100154,4248926,47290,2064699,36654,2009726,16210,174504,46014,1354181,0.168185,53943,1540133,0.19128,62441,2894314,0.359464,8051741
1,2021-04-07,107389,4356315,51831,2116530,38477,2048203,17081,191585,49678,1363721,0.16937,57515,1597648,0.198423,67055,2961369,0.367792,8051741
1,2021-04-08,117265,4473580,55121,2171651,41863,2090066,20281,211866,52906,1372997,0.170522,64085,1661733,0.206382,73361,3034730,0.376904,8051741
1,2021-04-09,115037,4588617,51824,2223475,43287,2133353,19926,231792,51449,1381266,0.171549,63320,1725053,0.214246,71589,3106319,0.385795,8051741
1,2021-04-10,91441,4680058,40827,2264302,28522,2161875,22092,253884,36361,1384898,0.172,54921,1779974,0.221067,58553,3164872,0.393067,8051741
1,2021-04-11,34488,4714546,19049,2283351,9039,2170914,6400,260284,14259,1385666,0.172095,20168,1800142,0.223572,20936,3185808,0.395667,8051741
1,2021-04-12,71070,4785616,31914,2315265,29749,2200663,9407,269691,30745,1385886,0.172123,40127,1840269,0.228555,40347,3226155,0.400678,8051741
1,2021-04-13,92569,4878185,49051,2364316,43204,2243867,314,270005,49787,1393857,0.173112,42586,1882855,0.233844,50557,3276712,0.406957,8051741
1,2021-04-14,97966,4976151,51069,2415385,46839,2290706,58,270063,50005,1396785,0.173476,47678,1930533,0.239766,50606,3327318,0.413242,8051741
1,2021-04-15,98695,5074846,53707,2469092,44920,2335626,68,270131,53001,1405060,0.174504,45250,1975783,0.245386,53525,3380843,0.41989,8051741
1,2021-04-16,101670,5176516,52396,2521488,49190,2384816,84,270215,51612,1407285,0.17478,49729,2025512,0.251562,51954,3432797,0.426342,8051741
1,2021-04-17,75937,5252453,41739,2563227,34193,2419009,5,270220,42998,1417747,0.17608,32786,2058298,0.255634,43248,3476045,0.431713,8051741
1,2021-04-18,27390,5279843,18008,2581235,9376,2428385,6,270226,14390,1419485,0.176295,12933,2071231,0.25724,14671,3490716,0.433536,8051741
1,2021-04-19,62332,5342175,31906,2613141,30398,2458783,28,270254,28385,1414467,0.175672,33675,2104906,0.261422,28657,3519373,0.437095,8051741
1,2021-04-20,80977,5423152,40468,2653609,40495,2499278,14,270268,38862,1411989,0.175364,41870,2146776,0.266623,39392,3558765,0.441987,8051741
1,2021-04-21,87646,5510798,45329,2698938,42232,2541510,85,270353,40124,1405869,0.174604,47154,2193930,0.272479,41034,3599799,0.447083,8051741
1,2021-04-22,77603,5588401,42770,2741708,34825,2576335,8,270361,35796,1400931,0.173991,41506,2235436,0.277634,36568,3636367,0.451625,8051741
1,2021-04-23,48525,5636926,25832,2767540,22666,2599001,27,270388,24334,1401789,0.174098,23960,2259396,0.28061,24818,3661185,0.454707,8051741
2,2020-12-15,232,232,232,232,0,0,0,0,232,232,2.9e-05,0,0,0.0,232,232,2.9e-05,7897587
2,2020-12-16,1924,2156,1924,2156,0,0,0,0,1924,2156,0.000273,0,0,0.0,1924,2156,0.000273,7897587
2,2020-12-17,6659,8815,6659,8815,0,0,0,0,6660,8816,0.001116,0,0,0.0,6660,8816,0.001116,7897587
2,2020-12-18,10821,19636,10802,19617,19,19,0,0,10822,19638,0.002487,0,0,0.0,10822,19638,0.002487,7897587
2,2020-12-19,5571,25207,5566,25183,5,24,0,0,5573,25211,0.003192,0,0,0.0,5573,25211,0.003192,7897587
2,2020-12-20,4219,29426,4212,29395,7,31,0,0,4216,29427,0.003726,0,0,0.0,4216,29427,0.003726,7897587
2,2020-12-21,12775,42201,12751,42146,24,55,0,0,12729,42156,0.005338,0,0,0.0,12729,42156,0.005338,7897587
2,2020-12-22,12034,54235,11527,53673,507,562,0,0,12034,54190,0.006862,0,0,0.0,12034,54190,0.006862,7897587
2,2020-12-23,11592,65827,9407,63080,2185,2747,0,0,11594,65784,0.00833,0,0,0.0,11594,65784,0.00833,7897587
2,2020-12-24,5846,71673,3490,66570,2356,5103,0,0,5843,71627,0.009069,0,0,0.0,5843,71627,0.009069,7897587
2,2020-12-25,477,72150,401,66971,76,5179,0,0,478,72105,0.00913,0,0,0.0,478,72105,0.00913,7897587
2,2020-12-26,2560,74710,1666,68637,894,6073,0,0,2562,74667,0.009454,0,0,0.0,2562,74667,0.009454,7897587
2,2020-12-27,2208,76918,1196,69833,1012,7085,0,0,2206,76872,0.009734,1,1,0.0,2206,76873,0.009734,7897587
2,2020-12-28,10889,87807,7073,76906,3816,10901,0,0,10889,87760,0.011112,1,2,0.0,10889,87762,0.011113,7897587
2,2020-12-29,12671,100478,7184,84090,5487,16388,0,0,12675,100435,0.012717,0,2,0.0,12675,100437,0.012717,7897587
2,2020-12-30,15301,115779,8623,92713,6678,23066,0,0,15317,115751,0.014657,1,3,0.0,15317,115754,0.014657,7897587
2,2020-12-31,7435,123214,2753,95466,4682,27748,0,0,7433,123183,0.015598,1,4,1e-06,7433,123187,0.015598,7897587
2,2021-01-01,1080,124294,521,95987,559,28307,0,0,1081,124263,0.015734,1,5,1e-06,1081,124268,0.015735,7897587
2,2021-01-02,4804,129098,2753,98740,2051,30358,0,0,4802,129065,0.016342,0,5,1e-06,4802,129070,0.016343,7897587
2,2021-01-03,1378,130476,785,99525,593,30951,0,0,1373,130435,0.016516,3,8,1e-06,1373,130443,0.016517,7897587
2,2021-01-04,11454,141930,5425,104950,6029,36980,0,0,11442,141873,0.017964,4,12,2e-06,11442,141885,0.017966,7897587
2,2021-01-05,13740,155670,6863,111813,6877,43857,0,0,12570,153307,0.019412,1165,1177,0.000149,12599,154484,0.019561,7897587
2,2021-01-06,18782,174452,10393,122206,8389,52246,0,0,15095,164764,0.020863,3643,4820,0.00061,15100,169584,0.021473,7897587
2,2021-01-07,22793,197245,12825,135031,9968,62214,0,0,15531,173020,0.021908,7287,12107,0.001533,15543,185127,0.023441,7897587
2,2021-01-08,26164,223409,15940,150971,10224,72438,0,0,16145,179190,0.022689,9990,22097,0.002798,16160,201287,0.025487,7897587
2,2021-01-09,9539,232948,5546,156517,3993,76431,0,0,6168,181971,0.023041,3391,25488,0.003227,6172,207459,0.026269,7897587
2,2021-01-10,5251,238199,2911,159428,2340,78771,0,0,3045,182791,0.023145,2229,27717,0.00351,3049,210508,0.026655,7897587
2,2021-01-11,25854,264053,17812,177240,8042,86813,0,0,14937,186809,0.023654,10951,38668,0.004896,14969,225477,0.02855,7897587
2,2021-01-12,25902,289955,16106,193346,9796,96609,0,0,16448,193841,0.024544,9483,48151,0.006097,16515,241992,0.030641,7897587
2,2021-01-13,28116,318071,14832,208178,13284,109893,0,0,20250,206253,0.026116,7860,56011,0.007092,20272,262264,0.033208,7897587
2,2021-01-14,29920,347991,11359,219537,18561,128454,0,0,25766,227882,0.028855,4181,60192,0.007622,25810,288074,0.036476,7897587
2,2021-01-15,35002,382993,12911,232448,22091,150545,0,0,31798,256518,0.032481,3219,63411,0.008029,31855,319929,0.04051,7897587
2,2021-01-16,17519,400512,5599,238047,11920,162465,0,0,16214,271412,0.034366,1330,64741,0.008198,16224,336153,0.042564,7897587
2,2021-01-17,10546,411058,3522,241569,7024,169489,0,0,9845,280538,0.035522,726,65467,0.008289,9852,346005,0.043811,7897587
2,2021-01-18,19606,430664,10980,252549,8626,178115,0,0,14887,290734,0.036813,4735,70202,0.008889,14931,360936,0.045702,7897587
2,2021-01-19,32045,462709,16760,269309,15285,193400,0,0,24095,306983,0.03887,7955,78157,0.009896,24204,385140,0.048767,7897587
2,2021-01-20,36307,499016,17938,287247,18369,211769,0,0,27839,326455,0.041336,8450,86607,0.010966,27922,413062,0.052302,7897587
2,2021-01-21,40304,539320,17121,304368,23183,234952,0,0,35946,358213,0.045357,4338,90945,0.011516,36096,449158,0.056873,7897587
2,2021-01-22,38867,578187,16171,320539,22696,257648,0,0,35607,390585,0.049456,3265,94210,0.011929,35637,484795,0.061385,7897587
2,2021-01-23,23882,602069,10801,331340,13081,270729,0,0,20938,408632,0.051741,2919,97129,0.012299,20966,505761,0.06404,7897587
2,2021-01-24,12391,614460,6128,337468,6263,276992,0,0,11483,419230,0.053083,895,98024,0.012412,11493,517254,0.065495,7897587
2,2021-01-25,33415,647875,15473,352941,17942,294934,0,0,24762,435477,0.055141,8631,106655,0.013505,24878,542132,0.068645,7897587
2,2021-01-26,39988,687863,19783,372724,20205,315139,0,0,31124,457831,0.057971,8844,115499,0.014625,31198,573330,0.072596,7897587
2,2021-01-27,44676,732539,22806,395530,21870,337009,0,0,34904,483107,0.061171,9681,125180,0.01585,34957,608287,0.077022,7897587
2,2021-01-28,47474,780013,22328,417858,25146,362155,0,0,39037,513815,0.06506,8389,133569,0.016913,39097,647384,0.081972,7897587
2,2021-01-29,45191,825204,22110,439968,23081,385236,0,0,36705,542183,0.068652,8393,141962,0.017975,36761,684145,0.086627,7897587
2,2021-01-30,30993,856197,13428,453396,17565,402801,0,0,27793,566841,0.071774,3163,145125,0.018376,27821,711966,0.09015,7897587
2,2021-01-31,17527,873724,10638,464034,6889,409690,0,0,16315,581983,0.073691,1195,146320,0.018527,16337,728303,0.092218,7897587
2,2021-02-01,39986,913710,19121,483155,20865,430555,0,0,29690,601435,0.076154,10271,156591,0.019828,29723,758026,0.095982,7897587
2,2021-02-02,47536,961246,19722,502877,27814,458369,0,0,36166,626397,0.079315,11298,167889,0.021258,36260,794286,0.100573,7897587
2,2021-02-03,53428,1014674,23754,526631,29674,488043,0,0,39734,652602,0.082633,13607,181496,0.022981,39812,834098,0.105614,7897587
2,2021-02-04,55641,1070315,24203,550834,31438,519481,0,0,40804,678744,0.085943,14750,196246,0.024849,40892,874990,0.110792,7897587
2,2021-02-05,59250,1129565,26277,577111,32973,552454,0,0,40295,700429,0.088689,18794,215040,0.027229,40479,915469,0.115918,7897587
2,2021-02-06,38705,1168270,18111,595222,20594,573048,0,0,31215,724299,0.091711,7423,222463,0.028168,31293,946762,0.11988,7897587
2,2021-02-07,15889,1184159,10651,605873,5238,578286,0,0,12036,732568,0.092758,3830,226293,0.028653,12099,958861,0.121412,7897587
2,2021-02-08,42841,1227000,22038,627911,20803,599089,0,0,29604,749222,0.094867,13139,239432,0.030317,29793,988654,0.125184,7897587
2,2021-02-09,48831,1275831,23311,651222,25520,624609,0,0,30725,762237,0.096515,18023,257455,0.032599,31038,1019692,0.129114,7897587
2,2021-02-10,59044,1334875,27924,679146,31120,655729,0,0,34677,773096,0.09789,24159,281614,0.035658,35018,1054710,0.133548,7897587
2,2021-02-11,62737,1397612,28863,708009,33874,689603,0,0,35286,781681,0.098977,27174,308788,0.039099,35759,1090469,0.138076,7897587
2,2021-02-12,64230,1461842,27737,735746,36493,726096,0,0,34436,787147,0.099669,29609,338397,0.042848,35075,1125544,0.142517,7897587
2,2021-02-13,37345,1499187,15682,751428,21663,747759,0,0,21648,793557,0.100481,15614,354011,0.044825,22024,1147568,0.145306,7897587
2,2021-02-14,19856,1519043,9318,760746,10538,758297,0,0,11205,796567,0.100862,8615,362626,0.045916,11625,1159193,0.146778,7897587
2,2021-02-15,32674,1551717,14764,775510,17910,776207,0,0,18275,801380,0.101472,14300,376926,0.047727,19113,1178306,0.149198,7897587
2,2021-02-16,55471,1607188,27537,803047,27934,804141,0,0,29266,805385,0.101979,26132,403058,0.051036,30137,1208443,0.153014,7897587
2,2021-02-17,60639,1667827,31439,834486,29200,833341,0,0,30168,806276,0.102091,30425,433483,0.054888,31316,1239759,0.156979,7897587
2,2021-02-18,64683,1732510,32918,867404,31765,865106,0,0,31601,806477,0.102117,32903,466386,0.059054,33104,1272863,0.161171,7897587
2,2021-02-19,58211,1790721,32421,899825,25790,890896,0,0,29054,807192,0.102207,29042,495428,0.062732,29757,1302620,0.164939,7897587
2,2021-02-20,36622,1827343,23923,923748,12699,903595,0,0,19948,811525,0.102756,16612,512040,0.064835,20945,1323565,0.167591,7897587
2,2021-02-21,17749,1845092,14333,938081,3416,907011,0,0,8726,812675,0.102902,8968,521008,0.065971,10118,1333683,0.168872,7897587
2,2021-02-22,36862,1881954,25389,963470,11473,918484,0,0,17671,812498,0.102879,19105,540113,0.06839,18928,1352611,0.171269,7897587
2,2021-02-23,50372,1932326,25729,989199,24643,943127,0,0,22125,809278,0.102472,28089,568202,0.071946,24869,1377480,0.174418,7897587
2,2021-02-24,67513,1999839,34766,1023965,32747,975874,0,0,31186,807602,0.102259,36206,604408,0.076531,34530,1412010,0.17879,7897587
2,2021-02-25,72609,2072448,33996,1057961,38613,1014487,0,0,36868,812553,0.102886,35554,639962,0.081033,40505,1452515,0.183919,7897587
2,2021-02-26,80853,2153301,34663,1092624,46190,1060677,0,0,43869,821924,0.104073,36769,676731,0.085688,46140,1498655,0.189761,7897587
2,2021-02-27,58407,2211708,26567,1119191,31836,1092513,4,4,31894,828974,0.104965,26343,703074,0.089024,33393,1532048,0.193989,7897587
2,2021-02-28,28795,2240503,17275,1136466,11519,1104032,1,5,16849,835553,0.105799,11876,714950,0.090528,18455,1550503,0.196326,7897587
2,2021-03-01,54902,2295405,28822,1165288,26067,1130099,13,18,30068,842849,0.106722,24664,739614,0.093651,31960,1582463,0.200373,7897587
2,2021-03-02,64019,2359424,29698,1194986,34318,1164417,3,21,35774,853543,0.108076,28153,767767,0.097215,38847,1621310,0.205292,7897587
2,2021-03-03,76860,2436284,37050,1232036,39804,1204221,6,27,43156,866317,0.109694,33557,801324,0.101464,46331,1667641,0.211158,7897587
2,2021-03-04,83312,2519596,40122,1272158,43164,1247385,26,53,48409,882801,0.111781,34759,836083,0.105866,51243,1718884,0.217647,7897587
2,2021-03-05,77379,2596975,36383,1308541,40703,1288088,293,346,47238,902794,0.114313,29980,866063,0.109662,49973,1768857,0.223974,7897587
2,2021-03-06,59423,2656398,29649,1338190,28122,1316210,1652,1998,36831,920374,0.116539,22505,888568,0.112511,40085,1808942,0.22905,7897587
2,2021-03-07,26681,2683079,15449,1353639,10297,1326507,935,2933,17075,930243,0.117788,9552,898120,0.113721,19421,1828363,0.231509,7897587
2,2021-03-08,48524,2731603,22083,1375722,24027,1350534,2414,5347,30519,946911,0.119899,17913,916033,0.115989,34581,1862944,0.235888,7897587
2,2021-03-09,62508,2794111,25654,1401376,33120,1383654,3734,9081,33233,956676,0.121135,29166,945199,0.119682,38931,1901875,0.240817,7897587
2,2021-03-10,74137,2868248,34715,1436091,33281,1416935,6141,15222,39340,969345,0.122739,34637,979836,0.124068,47306,1949181,0.246807,7897587
2,2021-03-11,90074,2958322,41293,1477384,40673,1457608,8108,23330,47411,984362,0.124641,42432,1022268,0.129441,57449,2006630,0.254081,7897587
2,2021-03-12,90615,3048937,36971,1514355,41881,1499489,11763,35093,45625,998308,0.126407,44830,1067098,0.135117,58776,2065406,0.261524,7897587
2,2021-03-13,66897,3115834,27974,1542329,31134,1530623,7789,42882,36950,1014506,0.128458,29852,1096950,0.138897,46050,2111456,0.267355,7897587
2,2021-03-14,35304,3151138,17734,1560063,13146,1543769,4424,47306,18646,1021777,0.129378,16586,1113536,0.140997,23857,2135313,0.270375,7897587
2,2021-03-15,65787,3216925,29576,1589639,31296,1575065,4915,52221,36578,1035372,0.1311,29035,1142571,0.144673,42630,2177943,0.275773,7897587
2,2021-03-16,84508,3301433,37182,1626821,43406,1618471,3920,56141,51879,1060113,0.134233,32492,1175063,0.148788,57233,2235176,0.28302,7897587
2,2021-03-17,90027,3391460,43112,1669933,42971,1661442,3944,60085,57618,1090569,0.138089,32218,1207281,0.152867,62674,2297850,0.290956,7897587
2,2021-03-18,94575,3486035,44611,1714544,45582,1707024,4382,64467,58579,1118820,0.141666,35743,1243024,0.157393,63994,2361844,0.299059,7897587
2,2021-03-19,94680,3580715,44552,1759096,44133,1751157,5995,70462,57067,1145205,0.145007,37397,1280421,0.162128,63782,2425626,0.307135,7897587
2,2021-03-20,68074,3648789,32631,1791727,31588,1782745,3855,74317,45457,1172597,0.148475,22468,1302889,0.164973,49860,2475486,0.313448,7897587
2,2021-03-21,32343,3681132,20815,1812542,9577,1792322,1951,76268,20544,1184304,0.149958,11720,1314609,0.166457,23427,2498913,0.316415,7897587
2,2021-03-22,61186,3742318,33530,1846072,25113,1817435,2543,78811,41484,1209879,0.153196,19549,1334158,0.168932,45124,2544037,0.322128,7897587
2,2021-03-23,81264,3823582,42777,1888849,35689,1853124,2798,81609,53795,1240158,0.15703,27266,1361424,0.172385,57545,2601582,0.329415,7897587
2,2021-03-24,89369,3912951,48137,1936986,38181,1891305,3051,84660,53705,1262857,0.159904,35434,1396858,0.176871,58133,2659715,0.336776,7897587
2,2021-03-25,98072,4011023,49101,1986087,45255,1936560,3716,88376,56731,1282997,0.162454,41087,1437945,0.182074,61227,2720942,0.344528,7897587
2,2021-03-26,99389,4110412,48843,2034930,47150,1983710,3396,91772,55954,1300314,0.164647,43140,1481085,0.187536,60457,2781399,0.352183,7897587
2,2021-03-27,73358,4183770,36445,2071375,33710,2017420,3203,94975,37936,1307082,0.165504,35248,1516333,0.192,42016,2823415,0.357504,7897587
2,2021-03-28,36647,4220417,22433,2093808,13411,2030831,803,95778,20705,1313470,0.166313,15859,1532192,0.194008,22247,2845662,0.36032,7897587
2,2021-03-29,69276,4289693,35283,2129091,31847,2062678,2146,97924,40703,1328779,0.168251,28438,1560630,0.197608,43747,2889409,0.36586,7897587
2,2021-03-30,89032,4378725,43292,2172383,41754,2104432,3986,101910,54925,1354353,0.171489,33953,1594583,0.201908,59527,2948936,0.373397,7897587
2,2021-03-31,98354,4477079,50596,2222979,42918,2147350,4840,106750,58481,1378385,0.174532,39682,1634265,0.206932,63714,3012650,0.381465,7897587
2,2021-04-01,113059,4590138,54470,2277449,50037,2197387,8552,115302,62488,1399563,0.177214,50356,1684621,0.213308,71534,3084184,0.390522,7897587
2,2021-04-02,107469,4697607,49761,2327210,48119,2245506,9589,124891,58694,1419858,0.179784,48486,1733107,0.219448,68781,3152965,0.399231,7897587
2,2021-04-03,74010,4771617,36199,2363409,28474,2273980,9337,134228,37194,1430231,0.181097,36688,1769795,0.224093,47061,3200026,0.40519,7897587
2,2021-04-04,28552,4800169,14682,2378091,10102,2284082,3768,137996,13153,1431892,0.181308,15347,1785142,0.226036,17008,3217034,0.407344,7897587
2,2021-04-05,76929,4877098,38015,2416106,30486,2314568,8428,146424,38066,1440556,0.182405,38761,1823903,0.230944,47425,3264459,0.413349,7897587
2,2021-04-06,100912,4978010,49377,2465483,37381,2351949,14154,160578,48735,1452186,0.183877,51980,1875883,0.237526,63610,3328069,0.421403,7897587
2,2021-04-07,107608,5085618,53927,2519410,37991,2389940,15690,176268,51590,1464548,0.185442,55812,1931695,0.244593,68174,3396243,0.430036,7897587
2,2021-04-08,115724,5201342,56082,2575492,41546,2431486,18096,194364,54410,1476652,0.186975,61086,1992781,0.252328,73190,3469433,0.439303,7897587
2,2021-04-09,114935,5316277,55513,2631005,41948,2473434,17474,211838,54998,1490617,0.188743,59678,2052459,0.259884,73643,3543076,0.448628,7897587
2,2021-04-10,83093,5399370,36383,2667388,29102,2502536,17608,229446,34559,1495222,0.189326,48382,2100841,0.26601,52987,3596063,0.455337,7897587
2,2021-04-11,42395,5441765,22240,2689628,11874,2514410,8281,237727,17628,1497481,0.189612,24688,2125529,0.269137,26947,3623010,0.458749,7897587
2,2021-04-12,77866,5519631,36394,2726022,32416,2546826,9056,246783,35195,1500281,0.189967,42469,2167998,0.274514,45269,3668279,0.464481,7897587
2,2021-04-13,98371,5618002,51033,2777055,47107,2593933,231,247014,54148,1511799,0.191425,44023,2212021,0.280088,55541,3723820,0.471514,7897587
2,2021-04-14,102631,5720633,53876,2830931,48713,2642646,42,247056,53178,1517765,0.192181,49250,2261271,0.286324,55216,3779036,0.478505,7897587
2,2021-04-15,107990,5828623,57606,2888537,50322,2692968,62,247118,56982,1525792,0.193197,50727,2311998,0.292747,58754,3837790,0.485945,7897587
2,2021-04-16,104214,5932837,53959,2942496,50209,2743177,46,247164,53951,1530766,0.193827,50043,2362041,0.299084,55017,3892807,0.492911,7897587
2,2021-04-17,77375,6010212,40043,2982539,37330,2780507,2,247166,43161,1541002,0.195123,34060,2396101,0.303397,44296,3937103,0.49852,7897587
2,2021-04-18,32953,6043165,19538,3002077,13413,2793920,2,247168,15993,1541325,0.195164,16887,2412988,0.305535,17210,3954313,0.500699,7897587
2,2021-04-19,71182,6114347,38436,3040513,32740,2826660,6,247174,32626,1536546,0.194559,38391,2451379,0.310396,33612,3987925,0.504955,7897587
2,2021-04-20,91477,6205824,45374,3085887,46090,2872750,13,247187,44813,1536683,0.194576,46442,2497821,0.316276,46579,4034504,0.510853,7897587
2,2021-04-21,93447,6299271,50101,3135988,43289,2916039,57,247244,44149,1533821,0.194214,49024,2546845,0.322484,46162,4080666,0.516698,7897587
2,2021-04-22,84958,6384229,44709,3180697,40235,2956274,14,247258,37338,1526194,0.193248,47389,2594234,0.328484,39762,4120428,0.521733,7897587
2,2021-04-23,51773,6436002,29045,3209742,22710,2978984,18,247276,25178,1526965,0.193346,26453,2620687,0.331834,27224,4147652,0.52518,7897587
3,2020-12-15,302,302,302,302,0,0,0,0,302,302,3.9e-05,0,0,0.0,302,302,3.9e-05,7688185
3,2020-12-16,2204,2506,2204,2506,0,0,0,0,2204,2506,0.000326,0,0,0.0,2204,2506,0.000326,7688185
3,2020-12-17,7602,10108,7602,10108,0,0,0,0,7602,10108,0.001315,0,0,0.0,7602,10108,0.001315,7688185
3,2020-12-18,12804,22912,12793,22901,11,11,0,0,12803,22911,0.00298,0,0,0.0,12803,22911,0.00298,7688185
3,2020-12-19,7031,29943,7020,29921,11,22,0,0,7095,30006,0.003903,0,0,0.0,7095,30006,0.003903,7688185
3,2020-12-20,5476,35419,5469,35390,7,29,0,0,5522,35527,0.004621,1,1,0.0,5522,35528,0.004621,7688185
3,2020-12-21,14263,49682,14242,49632,21,50,0,0,14328,49854,0.006484,1,2,0.0,14328,49856,0.006485,7688185
3,2020-12-22,14606,64288,14041,63673,565,615,0,0,14645,64499,0.008389,0,2,0.0,14645,64501,0.00839,7688185
3,2020-12-23,14639,78927,12062,75735,2577,3192,0,0,14666,79165,0.010297,0,2,0.0,14666,79167,0.010297,7688185
3,2020-12-24,6753,85680,4852,80587,1901,5093,0,0,6751,85915,0.011175,1,3,0.0,6751,85918,0.011175,7688185
3,2020-12-25,717,86397,663,81250,54,5147,0,0,716,86631,0.011268,0,3,0.0,716,86634,0.011268,7688185
3,2020-12-26,4595,90992,2983,84233,1612,6759,0,0,4593,91224,0.011865,0,3,0.0,4593,91227,0.011866,7688185
3,2020-12-27,2950,93942,1832,86065,1118,7877,0,0,2951,94175,0.012249,0,3,0.0,2951,94178,0.01225,7688185
3,2020-12-28,13453,107395,8603,94668,4850,12727,0,0,13480,107654,0.014003,1,4,1e-06,13480,107658,0.014003,7688185
3,2020-12-29,14879,122274,8411,103079,6468,19195,0,0,14909,122561,0.015941,2,6,1e-06,14909,122567,0.015942,7688185
3,2020-12-30,17916,140190,10032,113111,7884,27079,0,0,17906,140467,0.018271,0,6,1e-06,17906,140473,0.018271,7688185
3,2020-12-31,8258,148448,3166,116277,5092,32171,0,0,8257,148723,0.019344,1,7,1e-06,8257,148730,0.019345,7688185
3,2021-01-01,1128,149576,507,116784,621,32792,0,0,1125,149848,0.019491,0,7,1e-06,1125,149855,0.019492,7688185
3,2021-01-02,4972,154548,2460,119244,2512,35304,0,0,4972,154820,0.020137,0,7,1e-06,4972,154827,0.020138,7688185
3,2021-01-03,1587,156135,840,120084,747,36051,0,0,1578,156394,0.020342,4,11,1e-06,1578,156405,0.020344,7688185
3,2021-01-04,11928,168063,5973,126057,5955,42006,0,0,11902,168289,0.021889,7,18,2e-06,11902,168307,0.021892,7688185
3,2021-01-05,15520,183583,8011,134068,7509,49515,0,0,13922,180650,0.023497,1583,1601,0.000208,13944,182251,0.023705,7688185
3,2021-01-06,19997,203580,10484,144552,9513,59028,0,0,15765,192227,0.025003,4194,5795,0.000754,15771,198022,0.025757,7688185
3,2021-01-07,25986,229566,14806,159358,11180,70208,0,0,16951,200183,0.026038,9008,14803,0.001925,16964,214986,0.027963,7688185
3,2021-01-08,29846,259412,18307,177665,11539,81747,0,0,17782,205940,0.026787,12045,26848,0.003492,17802,232788,0.030279,7688185
3,2021-01-09,12004,271416,6764,184429,5240,86987,0,0,7706,209359,0.027231,4292,31140,0.00405,7711,240499,0.031282,7688185
3,2021-01-10,7145,278561,4463,188892,2682,89669,0,0,4005,210230,0.027345,3138,34278,0.004459,4009,244508,0.031803,7688185
3,2021-01-11,28576,307137,18689,207581,9887,99556,0,0,16152,213984,0.027833,12418,46696,0.006074,16172,260680,0.033907,7688185
3,2021-01-12,31826,338963,19016,226597,12810,112366,0,0,19472,221201,0.028772,12338,59034,0.007679,19555,280235,0.03645,7688185
3,2021-01-13,34204,373167,17910,244507,16294,128660,0,0,24145,235304,0.030606,10059,69093,0.008987,24162,304397,0.039593,7688185
3,2021-01-14,34231,407398,14067,258574,20164,148824,0,0,28383,257900,0.033545,5818,74911,0.009744,28414,332811,0.043289,7688185
3,2021-01-15,38481,445879,14378,272952,24103,172927,0,0,33893,287271,0.037365,4578,79489,0.010339,33949,366760,0.047704,7688185
3,2021-01-16,21728,467607,7602,280554,14126,187053,0,0,19427,304433,0.039598,2287,81776,0.010637,19449,386209,0.050234,7688185
3,2021-01-17,13088,480695,4460,285014,8628,195681,0,0,12069,315500,0.041037,1019,82795,0.010769,12086,398295,0.051806,7688185
3,2021-01-18,24506,505201,12745,297759,11761,207442,0,0,19030,329074,0.042803,5494,88289,0.011484,19068,417363,0.054286,7688185
3,2021-01-19,40386,545587,20735,318494,19651,227093,0,0,31382,351553,0.045726,8979,97268,0.012652,31458,448821,0.058378,7688185
3,2021-01-20,44483,590070,21817,340311,22666,249759,0,0,35284,377750,0.049134,9158,106426,0.013843,35355,484176,0.062977,7688185
3,2021-01-21,46879,636949,20150,360461,26729,276488,0,0,41516,414035,0.053853,5293,111719,0.014531,41578,525754,0.068385,7688185
3,2021-01-22,48998,685947,19510,379971,29488,305976,0,0,44917,454924,0.059172,4093,115812,0.015064,44982,570736,0.074235,7688185
3,2021-01-23,29921,715868,12688,392659,17233,323209,0,0,26622,478300,0.062212,3288,119100,0.015491,26664,597400,0.077704,7688185
3,2021-01-24,17578,733446,8474,401133,9104,332313,0,0,16437,493623,0.064205,1137,120237,0.015639,16460,613860,0.079845,7688185
3,2021-01-25,40148,773594,17967,419100,22181,354494,0,0,30386,514340,0.0669,9746,129983,0.016907,30463,644323,0.083807,7688185
3,2021-01-26,46401,819995,22111,441211,24290,378784,0,0,36508,541062,0.070376,9889,139872,0.018193,36611,680934,0.088569,7688185
3,2021-01-27,50250,870245,24390,465601,25860,404644,0,0,39814,570586,0.074216,10359,150231,0.019541,39883,720817,0.093756,7688185
3,2021-01-28,51106,921351,23713,489314,27393,432037,0,0,42362,604329,0.078605,8663,158894,0.020667,42406,763223,0.099272,7688185
3,2021-01-29,49986,971337,24062,513376,25924,457961,0,0,40625,635832,0.082702,9177,168071,0.021861,40680,803903,0.104563,7688185
3,2021-01-30,36522,1007859,17312,530688,19210,477171,0,0,32010,663451,0.086295,4468,172539,0.022442,32087,835990,0.108737,7688185
3,2021-01-31,22162,1030021,12794,543482,9368,486539,0,0,20702,682716,0.088801,1452,173991,0.022631,20717,856707,0.111432,7688185
3,2021-02-01,44653,1074674,20111,563593,24542,511081,0,0,34595,707328,0.092002,10019,184010,0.023934,34631,891338,0.115936,7688185
3,2021-02-02,53897,1128571,22792,586385,31105,542186,0,0,41269,736099,0.095744,12545,196555,0.025566,41316,932654,0.12131,7688185
3,2021-02-03,59403,1187974,26476,612861,32927,575113,0,0,44354,765616,0.099583,14898,211453,0.027504,44415,977069,0.127087,7688185
3,2021-02-04,63789,1251763,27741,640602,36048,611161,0,0,46881,795875,0.103519,16721,228174,0.029679,46980,1024049,0.133198,7688185
3,2021-02-05,69571,1321334,29650,670252,39921,651082,0,0,48254,823187,0.107072,21109,249283,0.032424,48421,1072470,0.139496,7688185
3,2021-02-06,43353,1364687,21111,691363,22242,673324,0,0,33668,847382,0.110219,9658,258941,0.03368,33853,1106323,0.143899,7688185
3,2021-02-07,19358,1384045,12241,703604,7117,680441,0,0,14904,857968,0.111596,4444,263385,0.034258,15030,1121353,0.145854,7688185
3,2021-02-08,50538,1434583,24339,727943,26199,706640,0,0,33245,874220,0.11371,17177,280562,0.036493,33429,1154782,0.150202,7688185
3,2021-02-09,57867,1492450,28152,756095,29715,736355,0,0,34026,884912,0.1151,23675,304237,0.039572,34367,1189149,0.154672,7688185
3,2021-02-10,67114,1559564,31189,787284,35925,772280,0,0,36516,891573,0.115967,30371,334608,0.043522,37032,1226181,0.159489,7688185
3,2021-02-11,69341,1628905,34076,821360,35265,807545,0,0,37398,897878,0.116787,31619,366227,0.047635,37924,1264105,0.164422,7688185
3,2021-02-12,74150,1703055,32032,853392,42118,849663,0,0,41160,907046,0.117979,32742,398969,0.051894,41910,1306015,0.169873,7688185
3,2021-02-13,44373,1747428,20164,873556,24209,873872,0,0,25618,914634,0.118966,18609,417578,0.054314,26197,1332212,0.17328,7688185
3,2021-02-14,27018,1774446,13510,887066,13508,887380,0,0,15132,918385,0.119454,11842,429420,0.055855,15593,1347805,0.175309,7688185
3,2021-02-15,39439,1813885,17053,904119,22386,909766,0,0,21896,923766,0.120154,17464,446884,0.058126,22845,1370650,0.17828,7688185
3,2021-02-16,68695,1882580,32613,936732,36082,945848,0,0,35946,928130,0.120722,32627,479511,0.06237,36991,1407641,0.183091,7688185
3,2021-02-17,70386,1952966,35725,972457,34661,980509,0,0,33606,926249,0.120477,36589,516100,0.067129,34708,1442349,0.187606,7688185
3,2021-02-18,75084,2028050,39126,1011583,35958,1016467,0,0,35138,922921,0.120044,39833,555933,0.07231,36505,1478854,0.192354,7688185
3,2021-02-19,67065,2095115,38764,1050347,28301,1044768,0,0,34133,924898,0.120301,32848,588781,0.076583,34825,1513679,0.196884,7688185
3,2021-02-20,40993,2136108,25974,1076321,15019,1059787,0,0,21864,928208,0.120732,19046,607827,0.07906,22356,1536035,0.199792,7688185
3,2021-02-21,19461,2155569,15743,1092064,3718,1063505,0,0,9195,927626,0.120656,10207,618034,0.080388,9625,1545660,0.201044,7688185
3,2021-02-22,44391,2199960,28973,1121037,15418,1078923,0,0,21014,925887,0.12043,23304,641338,0.083419,21565,1567225,0.203849,7688185
3,2021-02-23,59164,2259124,32187,1153224,26977,1105900,0,0,26039,920948,0.119787,33011,674349,0.087712,28072,1595297,0.2075,7688185
3,2021-02-24,75393,2334517,36805,1190029,38588,1144488,0,0,33734,915730,0.119109,41508,715857,0.093111,36290,1631587,0.21222,7688185
3,2021-02-25,83735,2418252,40293,1230322,43442,1187930,0,0,42002,918821,0.119511,41535,757392,0.098514,44626,1676213,0.218025,7688185
3,2021-02-26,94250,2512502,42903,1273225,51347,1239277,0,0,50223,927498,0.120639,43733,801125,0.104202,52410,1728623,0.224841,7688185
3,2021-02-27,66174,2578676,29930,1303155,36241,1275518,3,3,35114,933017,0.121357,30904,832029,0.108222,36423,1765046,0.229579,7688185
3,2021-02-28,37288,2615964,21615,1324770,15673,1291191,0,3,19418,935675,0.121703,17758,849787,0.110532,20416,1785462,0.232235,7688185
3,2021-03-01,64678,2680642,34254,1359024,30418,1321609,6,9,36169,944888,0.122901,28373,878160,0.114222,37586,1823048,0.237123,7688185
3,2021-03-02,73809,2754451,35220,1394244,38588,1360197,1,10,42759,958824,0.124714,30942,909102,0.118247,44878,1867926,0.242961,7688185
3,2021-03-03,85858,2840309,40602,1434846,45244,1405441,12,22,47756,970972,0.126294,37948,947050,0.123183,50096,1918022,0.249477,7688185
3,2021-03-04,90167,2930476,43878,1478724,46274,1451715,15,37,51476,986269,0.128284,38518,985568,0.128193,53815,1971837,0.256476,7688185
3,2021-03-05,86689,3017165,42095,1520819,44309,1496024,285,322,52918,1008176,0.131133,33578,1019146,0.13256,55485,2027322,0.263693,7688185
3,2021-03-06,63393,3080558,31879,1552698,29388,1525412,2126,2448,36334,1021248,0.132833,26945,1046091,0.136065,40017,2067339,0.268898,7688185
3,2021-03-07,36235,3116793,21420,1574118,13713,1539125,1102,3550,20758,1029248,0.133874,15437,1061528,0.138073,23437,2090776,0.271947,7688185
3,2021-03-08,57120,3173913,26966,1601084,27357,1566482,2797,6347,36085,1048781,0.136415,20943,1082471,0.140797,40476,2131252,0.277211,7688185
3,2021-03-09,69607,3243520,29400,1630484,35898,1602380,4309,10656,36161,1057658,0.137569,33356,1115827,0.145135,42233,2173485,0.282705,7688185
3,2021-03-10,79372,3322892,39084,1669568,34418,1636798,5870,16526,41094,1068422,0.138969,38131,1153958,0.150095,48895,2222380,0.289064,7688185
3,2021-03-11,94312,3417204,45868,1715436,40062,1676860,8382,24908,46463,1077147,0.140104,47637,1201595,0.156291,56362,2278742,0.296395,7688185
3,2021-03-12,99630,3516834,44337,1759773,43591,1720451,11702,36610,45678,1081892,0.140721,53792,1255387,0.163288,58537,2337279,0.304009,7688185
3,2021-03-13,68154,3584988,28751,1788524,32310,1752761,7093,43703,35965,1094242,0.142328,32103,1287490,0.167463,44453,2381732,0.309791,7688185
3,2021-03-14,40133,3625121,21058,1809582,15616,1768377,3459,47162,21875,1102095,0.143349,18207,1305697,0.169832,26060,2407792,0.313181,7688185
3,2021-03-15,74029,3699150,35067,1844649,34517,1802894,4445,51607,39393,1112446,0.144696,34493,1340190,0.174318,44844,2452636,0.319014,7688185
3,2021-03-16,93303,3792453,42853,1887502,46233,1849127,4217,55824,53383,1131359,0.147156,39751,1379941,0.179489,58664,2511300,0.326644,7688185
3,2021-03-17,95808,3888261,46493,1933995,44952,1894079,4363,60187,58879,1158570,0.150695,36775,1416716,0.184272,63986,2575286,0.334967,7688185
3,2021-03-18,100241,3988502,50485,1984480,45440,1939519,4316,64503,58823,1181328,0.153655,41216,1457932,0.189633,63974,2639260,0.343288,7688185
3,2021-03-19,99927,4088429,53077,2037557,42463,1981982,4387,68890,57121,1200904,0.156201,42617,1500549,0.195176,62193,2701453,0.351377,7688185
3,2021-03-20,69951,4158380,36023,2073580,30389,2012371,3539,72429,44273,1223798,0.159179,25538,1526087,0.198498,48432,2749885,0.357677,7688185
3,2021-03-21,35280,4193660,23972,2097552,9850,2022221,1458,73887,22976,1236804,0.160871,12255,1538342,0.200092,25261,2775146,0.360962,7688185
3,2021-03-22,68342,4262002,40033,2137585,25892,2048113,2417,76304,44874,1261900,0.164135,23325,1561667,0.203126,48421,2823567,0.367261,7688185
3,2021-03-23,87675,4349677,48162,2185747,37112,2085225,2401,78705,57237,1292043,0.168056,30257,1591924,0.207061,60400,2883967,0.375117,7688185
3,2021-03-24,96829,4446506,55934,2241681,38168,2123393,2727,81432,56848,1312771,0.170752,39728,1631652,0.212229,60456,2944423,0.38298,7688185
3,2021-03-25,104276,4550782,57858,2299539,43611,2167004,2807,84239,60325,1332866,0.173365,43705,1675357,0.217913,63800,3008223,0.391279,7688185
3,2021-03-26,107531,4658313,57783,2357322,46569,2213573,3179,87418,57536,1344701,0.174905,49765,1725122,0.224386,61600,3069823,0.399291,7688185
3,2021-03-27,72638,4730951,36797,2394119,33321,2246894,2520,89938,36438,1348296,0.175372,36048,1761170,0.229075,39643,3109466,0.404447,7688185
3,2021-03-28,43076,4774027,27065,2421184,15212,2262106,799,90737,23060,1352716,0.175947,19940,1781110,0.231668,24360,3133826,0.407616,7688185
3,2021-03-29,78787,4852814,41172,2462356,35890,2297996,1725,92462,44880,1366394,0.177726,33731,1814841,0.236056,47409,3181235,0.413782,7688185
3,2021-03-30,97777,4950591,48111,2510467,46261,2344257,3405,95867,59500,1391819,0.181033,38092,1852933,0.24101,63517,3244752,0.422044,7688185
3,2021-03-31,102716,5053307,55456,2565923,42567,2386824,4693,100560,57346,1408983,0.183266,45225,1898158,0.246893,62389,3307141,0.430159,7688185
3,2021-04-01,119648,5172955,60227,2626150,50150,2436974,9271,109831,65575,1430334,0.186043,53884,1952042,0.253902,75235,3382376,0.439945,7688185
3,2021-04-02,114399,5287354,55846,2681996,48745,2485719,9808,119639,61287,1449037,0.188476,52908,2004950,0.260783,71611,3453987,0.449259,7688185
3,2021-04-03,74023,5361377,37659,2719655,27444,2513163,8920,128559,37239,1458952,0.189765,36653,2041603,0.265551,46568,3500555,0.455316,7688185
3,2021-04-04,31897,5393274,17043,2736698,10748,2523911,4106,132665,14251,1459790,0.189874,17585,2059188,0.267838,18423,3518978,0.457712,7688185
3,2021-04-05,86781,5480055,44249,2780947,33710,2557621,8822,141487,43348,1469560,0.191145,43296,2102484,0.273469,53066,3572044,0.464615,7688185
3,2021-04-06,111093,5591148,54229,2835176,42011,2599632,14853,156340,53093,1480551,0.192575,57797,2160281,0.280987,68788,3640832,0.473562,7688185
3,2021-04-07,113594,5704742,59038,2894214,38694,2638326,15862,172202,55662,1494892,0.19444,57737,2218018,0.288497,72078,3712910,0.482937,7688185
3,2021-04-08,118522,5823264,59474,2953688,39506,2677832,19542,191744,55672,1508348,0.19619,62629,2280647,0.296643,76085,3788995,0.492833,7688185
3,2021-04-09,114774,5938038,57418,3011106,38793,2716625,18563,210307,51151,1515682,0.197144,63441,2344088,0.304895,70775,3859770,0.502039,7688185
3,2021-04-10,81051,6019089,36596,3047702,29590,2746215,14865,225172,33250,1517085,0.197327,47668,2391756,0.311095,49071,3908841,0.508422,7688185
3,2021-04-11,43797,6062886,23519,3071221,12572,2758787,7706,232878,16688,1515433,0.197112,27037,2418793,0.314612,25385,3934226,0.511724,7688185
3,2021-04-12,82037,6144923,41727,3112948,31922,2790709,8388,241266,37781,1518598,0.197524,44091,2462884,0.320347,47256,3981482,0.51787,7688185
3,2021-04-13,102889,6247812,55776,3168724,46922,2837631,191,241457,54543,1526262,0.19852,48176,2511060,0.326613,55840,4037322,0.525133,7688185
3,2021-04-14,103252,6351064,56531,3225255,46637,2884268,84,241541,52518,1530222,0.199036,50510,2561570,0.333183,54470,4091792,0.532218,7688185
3,2021-04-15,114029,6465093,64294,3289549,49683,2933951,52,241593,61877,1541467,0.200498,51934,2613504,0.339938,63179,4154971,0.540436,7688185
3,2021-04-16,110689,6575782,61869,3351418,48732,2982683,88,241681,58303,1548483,0.201411,52166,2665670,0.346723,59182,4214153,0.548134,7688185
3,2021-04-17,74835,6650617,41266,3392684,33560,3016243,9,241690,41685,1558317,0.20269,33024,2698694,0.351018,42858,4257011,0.553708,7688185
3,2021-04-18,36144,6686761,21262,3413946,14879,3031122,3,241693,17188,1557624,0.2026,18889,2717583,0.353475,18196,4275207,0.556075,7688185
3,2021-04-19,76118,6762879,42515,3456461,33556,3064678,47,241740,34624,1551806,0.201843,41369,2758952,0.358856,35551,4310758,0.560699,7688185
3,2021-04-20,95242,6858121,48954,3505415,46280,3110958,8,241748,46561,1551585,0.201814,48527,2807479,0.365168,48306,4359064,0.566982,7688185
3,2021-04-21,93527,6951648,51589,3557004,41879,3152837,59,241807,43250,1546501,0.201153,50047,2857526,0.371678,44963,4404027,0.572831,7688185
3,2021-04-22,84674,7036322,48355,3605359,36304,3189141,15,241822,36211,1536394,0.199838,48266,2905792,0.377956,38159,4442186,0.577794,7688185
3,2021-04-23,45701,7082023,27407,3632766,18279,3207420,15,241837,21156,1535121,0.199673,24440,2930232,0.381134,23167,4465353,0.580807,7688185
4,2020-12-15,444,444,444,444,0,0,0,0,444,444,5.9e-05,0,0,0.0,444,444,5.9e-05,7584050
4,2020-12-16,2955,3399,2955,3399,0,0,0,0,2955,3399,0.000448,0,0,0.0,2955,3399,0.000448,7584050
4,2020-12-17,8515,11914,8515,11914,0,0,0,0,8515,11914,0.001571,0,0,0.0,8515,11914,0.001571,7584050
4,2020-12-18,15363,27277,15353,27267,10,10,0,0,15363,27277,0.003597,0,0,0.0,15363,27277,0.003597,7584050
4,2020-12-19,10229,37506,10222,37489,7,17,0,0,10164,37441,0.004937,0,0,0.0,10164,37441,0.004937,7584050
4,2020-12-20,7358,44864,7346,44835,12,29,0,0,7313,44754,0.005901,0,0,0.0,7313,44754,0.005901,7584050
4,2020-12-21,16266,61130,16242,61077,24,53,0,0,16199,60953,0.008037,0,0,0.0,16199,60953,0.008037,7584050
4,2020-12-22,17084,78214,16355,77432,729,782,0,0,17040,77993,0.010284,0,0,0.0,17040,77993,0.010284,7584050
4,2020-12-23,16872,95086,14200,91632,2672,3454,0,0,16843,94836,0.012505,0,0,0.0,16843,94836,0.012505,7584050
4,2020-12-24,8522,103608,5948,97580,2574,6028,0,0,8522,103358,0.013628,0,0,0.0,8522,103358,0.013628,7584050
4,2020-12-25,898,104506,793,98373,105,6133,0,0,898,104256,0.013747,0,0,0.0,898,104256,0.013747,7584050
4,2020-12-26,6159,110665,3858,102231,2301,8434,0,0,6159,110415,0.014559,0,0,0.0,6159,110415,0.014559,7584050
4,2020-12-27,3416,114081,1996,104227,1420,9854,0,0,3416,113831,0.015009,0,0,0.0,3416,113831,0.015009,7584050
4,2020-12-28,14943,129024,9230,113457,5713,15567,0,0,14914,128744,0.016976,1,1,0.0,14914,128745,0.016976,7584050
4,2020-12-29,15208,144232,8419,121876,6789,22356,0,0,15174,143918,0.018976,0,1,0.0,15174,143919,0.018977,7584050
4,2020-12-30,18842,163074,11057,132933,7785,30141,0,0,18831,162747,0.021459,2,3,0.0,18831,162750,0.02146,7584050
4,2020-12-31,8176,171250,3310,136243,4866,35007,0,0,8171,170916,0.022536,2,5,1e-06,8171,170921,0.022537,7584050
4,2021-01-01,1154,172404,480,136723,674,35681,0,0,1153,172068,0.022688,1,6,1e-06,1153,172074,0.022689,7584050
4,2021-01-02,5637,178041,3184,139907,2453,38134,0,0,5636,177703,0.023431,1,7,1e-06,5636,177710,0.023432,7584050
4,2021-01-03,2106,180147,1249,141156,857,38991,0,0,2092,179791,0.023706,4,11,1e-06,2092,179802,0.023708,7584050
4,2021-01-04,12911,193058,7039,148195,5872,44863,0,0,12863,192623,0.025398,31,42,6e-06,12863,192665,0.025404,7584050
4,2021-01-05,16658,209716,9846,158041,6812,51675,0,0,14635,205268,0.027066,2001,2043,0.000269,14646,207311,0.027335,7584050
4,2021-01-06,21409,231125,13139,171180,8270,59945,0,0,15579,215082,0.02836,5776,7819,0.001031,15590,222901,0.029391,7584050
4,2021-01-07,27703,258828,16896,188076,10807,70752,0,0,16943,221331,0.029184,10706,18525,0.002443,16955,239856,0.031626,7584050
4,2021-01-08,32540,291368,20903,208979,11637,82389,0,0,18418,225711,0.029761,14053,32578,0.004296,18433,258289,0.034057,7584050
4,2021-01-09,16022,307390,9466,218445,6556,88945,0,0,9376,228472,0.030125,6626,39204,0.005169,9387,267676,0.035295,7584050
4,2021-01-10,8688,316078,5619,224064,3069,92014,0,0,4086,227984,0.030061,4581,43785,0.005773,4093,271769,0.035834,7584050
4,2021-01-11,33180,349258,21730,245794,11450,103464,0,0,18723,232314,0.030632,14418,58203,0.007674,18748,290517,0.038306,7584050
4,2021-01-12,37970,387228,21788,267582,16182,119646,0,0,23963,242357,0.031956,13957,72160,0.009515,24000,314517,0.041471,7584050
4,2021-01-13,38310,425538,18849,286431,19461,139107,0,0,27158,258440,0.034077,11099,83259,0.010978,27182,341699,0.045055,7584050
4,2021-01-14,38748,464286,14767,301198,23981,163088,0,0,31716,283198,0.037341,6984,90243,0.011899,31742,373441,0.04924,7584050
4,2021-01-15,44973,509259,15570,316768,29403,192491,0,0,39469,317238,0.04183,5449,95692,0.012618,39489,412930,0.054447,7584050
4,2021-01-16,28486,537745,9322,326090,19164,211655,0,0,25387,339576,0.044775,3063,98755,0.013021,25401,438331,0.057796,7584050
4,2021-01-17,18931,556676,6633,332723,12298,223953,0,0,17425,355534,0.046879,1481,100236,0.013217,17439,455770,0.060096,7584050
4,2021-01-18,29097,585773,13359,346082,15738,239691,0,0,23151,372868,0.049165,5848,106084,0.013988,23182,478952,0.063153,7584050
4,2021-01-19,45823,631596,23149,369231,22674,262365,0,0,36553,400277,0.052779,9213,115297,0.015203,36622,515574,0.067981,7584050
4,2021-01-20,51090,682686,26969,396200,24121,286486,0,0,40766,430863,0.056812,10230,125527,0.016551,40816,556390,0.073363,7584050
4,2021-01-21,55878,738564,24625,420825,31253,317739,0,0,49589,474261,0.062534,6227,131754,0.017373,49625,606015,0.079907,7584050
4,2021-01-22,54666,793230,21943,442768,32723,350462,0,0,49610,518944,0.068426,4957,136711,0.018026,49640,655655,0.086452,7584050
4,2021-01-23,39335,832565,17392,460160,21943,372405,0,0,35055,549756,0.072488,4271,140982,0.018589,35083,690738,0.091078,7584050
4,2021-01-24,23873,856438,10478,470638,13395,385800,0,0,22011,569927,0.075148,1855,142837,0.018834,22026,712764,0.093982,7584050
4,2021-01-25,47472,903910,21935,492573,25537,411337,0,0,36512,595559,0.078528,10934,153771,0.020276,36566,749330,0.098803,7584050
4,2021-01-26,56092,960002,28614,521187,27478,438815,0,0,44098,627772,0.082775,11939,165710,0.02185,44152,793482,0.104625,7584050
4,2021-01-27,55007,1015009,26592,547779,28415,467230,0,0,44138,661220,0.087186,10737,176447,0.023266,44185,837667,0.110451,7584050
4,2021-01-28,55916,1070925,25241,573020,30675,497905,0,0,46111,697658,0.09199,9717,186164,0.024547,46155,883822,0.116537,7584050
4,2021-01-29,55902,1126827,26865,599885,29037,526942,0,0,45693,733319,0.096692,10070,196234,0.025875,45731,929553,0.122567,7584050
4,2021-01-30,37405,1164232,17010,616895,20395,547337,0,0,32190,760366,0.100259,5167,201401,0.026556,32214,961767,0.126814,7584050
4,2021-01-31,23745,1187977,12474,629369,11271,558608,0,0,22162,780971,0.102975,1568,202969,0.026763,22173,983940,0.129738,7584050
4,2021-02-01,48014,1235991,22641,652010,25373,583981,0,0,37795,808611,0.10662,10194,213163,0.028107,37834,1021774,0.134727,7584050
4,2021-02-02,55596,1291587,26265,678275,29331,613312,0,0,41986,837159,0.110384,13479,226642,0.029884,42027,1063801,0.140268,7584050
4,2021-02-03,61622,1353209,30284,708559,31338,644650,0,0,47517,870736,0.114811,13995,240637,0.031729,47572,1111373,0.146541,7584050
4,2021-02-04,67076,1420285,31278,739837,35798,680448,0,0,50554,905023,0.119332,16368,257005,0.033888,50655,1162028,0.15322,7584050
4,2021-02-05,72458,1492743,33579,773416,38879,719327,0,0,50679,934291,0.123192,21539,278544,0.036728,50807,1212835,0.159919,7584050
4,2021-02-06,47910,1540653,25935,799351,21975,741302,0,0,36531,959672,0.126538,11351,289895,0.038224,36732,1249567,0.164762,7584050
4,2021-02-07,26197,1566850,17277,816628,8920,750222,0,0,19864,973470,0.128358,6299,296194,0.039055,20097,1269664,0.167412,7584050
4,2021-02-08,57999,1624849,29780,846408,28219,778441,0,0,37807,991471,0.130731,20063,316257,0.0417,38064,1307728,0.172431,7584050
4,2021-02-09,66668,1691517,33955,880363,32713,811154,0,0,39223,1003705,0.132344,27385,343642,0.045311,39619,1347347,0.177655,7584050
4,2021-02-10,76689,1768206,38381,918744,38308,849462,0,0,41022,1009815,0.13315,35441,379083,0.049984,41551,1388898,0.183134,7584050
4,2021-02-11,80315,1848521,41858,960602,38457,887919,0,0,41739,1013838,0.13368,38371,417454,0.055044,42394,1431292,0.188724,7584050
4,2021-02-12,83528,1932049,37432,998034,46096,934015,0,0,43215,1017667,0.134185,40164,457618,0.06034,43993,1475285,0.194525,7584050
4,2021-02-13,58219,1990268,29521,1027555,28698,962713,0,0,29773,1019988,0.134491,28337,485955,0.064076,30658,1505943,0.198567,7584050
4,2021-02-14,36546,2026814,18994,1046549,17552,980265,0,0,18785,1021720,0.13472,17724,503679,0.066413,19456,1525399,0.201133,7584050
4,2021-02-15,45678,2072492,21444,1067993,24234,1004499,0,0,23579,1024461,0.135081,22032,525711,0.069318,24773,1550172,0.204399,7584050
4,2021-02-16,79076,2151568,36209,1104202,42867,1047366,0,0,40491,1027712,0.13551,38504,564215,0.074395,41755,1591927,0.209905,7584050
4,2021-02-17,80040,2231608,37788,1141990,42252,1089618,0,0,38415,1025810,0.135259,41483,605698,0.079865,39581,1631508,0.215124,7584050
4,2021-02-18,81966,2313574,45193,1187183,36773,1126391,0,0,38186,1021839,0.134735,43655,649353,0.085621,39684,1671192,0.220356,7584050
4,2021-02-19,80785,2394359,50818,1238001,29967,1156358,0,0,40757,1023388,0.13494,39900,689253,0.090882,41449,1712641,0.225821,7584050
4,2021-02-20,47662,2442021,32061,1270062,15601,1171959,0,0,26312,1029084,0.135691,21308,710561,0.093691,27004,1739645,0.229382,7584050
4,2021-02-21,25500,2467521,19934,1289996,5566,1177525,0,0,11583,1027118,0.135431,13870,724431,0.09552,11904,1751549,0.230952,7584050
4,2021-02-22,51934,2519455,35746,1325742,16188,1193713,0,0,25282,1026336,0.135328,26572,751003,0.099024,25790,1777339,0.234352,7584050
4,2021-02-23,72051,2591506,39748,1365490,32303,1226016,0,0,31718,1019552,0.134434,40232,791235,0.104329,33448,1810787,0.238763,7584050
4,2021-02-24,87179,2678685,45844,1411334,41335,1267351,0,0,39547,1013827,0.133679,47455,838690,0.110586,41730,1852517,0.244265,7584050
4,2021-02-25,97316,2776001,50559,1461893,46757,1314108,0,0,46719,1012673,0.133527,50455,889145,0.117239,49301,1901818,0.250765,7584050
4,2021-02-26,103509,2879510,52134,1514027,51375,1365483,0,0,53501,1018701,0.134322,49802,938947,0.123805,55830,1957648,0.258127,7584050
4,2021-02-27,74547,2954057,40292,1554319,34249,1399732,6,6,39881,1025508,0.135219,34557,973504,0.128362,41364,1999012,0.263581,7584050
4,2021-02-28,44752,2998809,27737,1582056,17014,1416746,1,7,24978,1031764,0.136044,19666,993170,0.130955,25922,2024934,0.266999,7584050
4,2021-03-01,74122,3072931,43281,1625337,30832,1447578,9,16,41030,1041136,0.13728,32919,1026089,0.135296,42291,2067225,0.272575,7584050
4,2021-03-02,80028,3152959,44644,1669981,35381,1482959,3,19,47022,1057125,0.139388,32877,1058966,0.139631,48866,2116091,0.279019,7584050
4,2021-03-03,97063,3250022,51044,1721025,46013,1528972,6,25,53874,1069809,0.14106,43023,1101989,0.145303,55707,2171798,0.286364,7584050
4,2021-03-04,94691,3344713,52579,1773604,42100,1571072,12,37,52059,1081237,0.142567,42455,1144444,0.150901,53883,2225681,0.293469,7584050
4,2021-03-05,91765,3436478,49078,1822682,42379,1613451,308,345,54335,1100569,0.145116,37275,1181719,0.155816,56607,2282288,0.300933,7584050
4,2021-03-06,74509,3510987,41706,1864388,30202,1643653,2601,2946,45544,1121295,0.147849,28872,1210591,0.159623,49598,2331886,0.307472,7584050
4,2021-03-07,41195,3552182,26139,1890527,13914,1657567,1142,4088,24471,1131496,0.149194,16678,1227269,0.161822,26879,2358765,0.311017,7584050
4,2021-03-08,64633,3616815,33469,1923996,28012,1685579,3152,7240,42466,1156384,0.152476,22076,1249345,0.164733,46964,2405729,0.317209,7584050
4,2021-03-09,73130,3689945,33804,1957800,34255,1719834,5071,12311,37852,1165507,0.153679,35144,1284489,0.169367,44267,2449996,0.323046,7584050
4,2021-03-10,87519,3777464,44422,2002222,35806,1755640,7291,19602,43865,1174364,0.154847,43525,1328014,0.175106,52382,2502378,0.329953,7584050
4,2021-03-11,99026,3876490,52075,2054297,38736,1794376,8215,27817,45851,1176759,0.155162,53004,1381018,0.182095,55399,2557777,0.337257,7584050
4,2021-03-12,102897,3979387,50687,2104984,42070,1836446,10140,37957,44060,1173281,0.154704,58640,1439658,0.189827,55162,2612939,0.344531,7584050
4,2021-03-13,79468,4058855,36885,2141869,34319,1870765,8264,46221,37362,1178075,0.155336,42002,1481660,0.195365,46796,2659735,0.350701,7584050
4,2021-03-14,48853,4107708,27789,2169658,17494,1888259,3570,49791,25123,1183754,0.156085,23664,1505324,0.198486,29343,2689078,0.35457,7584050
4,2021-03-15,82691,4190399,44228,2213886,34285,1922544,4178,53969,42781,1191826,0.157149,39737,1545061,0.203725,47809,2736887,0.360874,7584050
4,2021-03-16,106089,4296488,54975,2268861,47774,1970318,3340,57309,57047,1204214,0.158782,48858,1593919,0.210167,61246,2798133,0.36895,7584050
4,2021-03-17,104529,4401017,56195,2325056,44967,2015285,3367,60676,61681,1227232,0.161817,42653,1636572,0.215791,65671,2863804,0.377609,7584050
4,2021-03-18,104523,4505540,57765,2382821,43169,2058454,3589,64265,60203,1247436,0.164482,44112,1680684,0.221608,64316,2928120,0.386089,7584050
4,2021-03-19,108460,4614000,61990,2444811,41387,2099841,5083,69348,62935,1270653,0.167543,45339,1726023,0.227586,68556,2996676,0.395129,7584050
4,2021-03-20,81932,4695932,47833,2492644,31153,2130994,2946,72294,51216,1294665,0.170709,30582,1756605,0.231618,54594,3051270,0.402327,7584050
4,2021-03-21,47166,4743098,34142,2526786,10796,2141790,2228,74522,28832,1308265,0.172502,18258,1774863,0.234026,31858,3083128,0.406528,7584050
4,2021-03-22,80431,4823529,52615,2579401,25192,2166982,2624,77146,51374,1334306,0.175936,28899,1803762,0.237836,54940,3138068,0.413772,7584050
4,2021-03-23,102537,4926066,61094,2640495,39377,2206359,2066,79212,64429,1363479,0.179782,37888,1841650,0.242832,67061,3205129,0.422614,7584050
4,2021-03-24,111652,5037718,72165,2712660,37193,2243552,2294,81506,64388,1383884,0.182473,46937,1888587,0.249021,67342,3272471,0.431494,7584050
4,2021-03-25,114597,5152315,70506,2783166,41804,2285356,2287,83793,66818,1406075,0.185399,47400,1935987,0.255271,69591,3342062,0.44067,7584050
4,2021-03-26,117376,5269691,71289,2854455,43104,2328460,2983,86776,66003,1424604,0.187842,51103,1987090,0.262009,69632,3411694,0.449851,7584050
4,2021-03-27,89638,5359329,53068,2907523,34798,2363258,1772,88548,46718,1430841,0.188664,42739,2029829,0.267644,48976,3460670,0.456309,7584050
4,2021-03-28,54727,5414056,36029,2943552,17834,2381092,864,89412,30626,1438646,0.189694,24001,2053830,0.270809,31806,3492476,0.460503,7584050
4,2021-03-29,91796,5505852,55206,2998758,34601,2415693,1989,91401,51432,1452424,0.19151,40190,2094020,0.276108,53968,3546444,0.467619,7584050
4,2021-03-30,115018,5620870,62673,3061431,48293,2463986,4052,95453,73755,1489576,0.196409,41103,2135123,0.281528,78255,3624699,0.477937,7584050
4,2021-03-31,118793,5739663,70306,3131737,42332,2506318,6155,101608,69163,1515726,0.199857,49399,2184522,0.288042,75549,3700248,0.487899,7584050
4,2021-04-01,138990,5878653,79529,3211266,46735,2553053,12726,114334,82749,1555482,0.205099,56018,2240540,0.295428,95774,3796022,0.500527,7584050
4,2021-04-02,133347,6012000,71538,3282804,48804,2601857,13005,127339,77700,1591143,0.209801,55441,2295981,0.302738,91102,3887124,0.512539,7584050
4,2021-04-03,98895,6110895,52699,3335503,33178,2635035,13018,140357,51944,1609655,0.212242,46808,2342789,0.30891,65320,3952444,0.521152,7584050
4,2021-04-04,46186,6157081,24372,3359875,14431,2649466,7383,147740,20473,1611926,0.212542,25660,2368449,0.312293,27931,3980375,0.524835,7584050
4,2021-04-05,106632,6263713,60608,3420483,33611,2683077,12413,160153,56461,1631422,0.215112,50038,2418487,0.318891,69534,4049909,0.534003,7584050
4,2021-04-06,136423,6400136,76967,3497450,39992,2723069,19464,179617,71465,1658371,0.218666,64789,2483276,0.327434,91738,4141647,0.5461,7584050
4,2021-04-07,134872,6535008,76636,3574086,37909,2760978,20327,199944,70301,1685197,0.222203,64382,2547658,0.335923,91208,4232855,0.558126,7584050
4,2021-04-08,136619,6671627,76575,3650661,35298,2796276,24746,224690,68383,1711030,0.225609,68024,2615682,0.344893,93857,4326712,0.570502,7584050
4,2021-04-09,134266,6805893,73778,3724439,38046,2834322,22442,247132,64548,1729626,0.228061,69549,2685231,0.354063,88145,4414857,0.582124,7584050
4,2021-04-10,101056,6906949,50031,3774470,32688,2867010,18337,265469,45939,1740064,0.229437,54969,2740200,0.361311,65407,4480264,0.590748,7584050
4,2021-04-11,61362,6968311,37372,3811842,13002,2880012,10988,276457,27017,1745044,0.230094,34275,2774475,0.36583,39255,4519519,0.595924,7584050
4,2021-04-12,100747,7069058,61448,3873290,29642,2909654,9657,286114,51222,1757861,0.231784,49294,2823769,0.37233,62111,4581630,0.604114,7584050
4,2021-04-13,127922,7196980,80266,3953556,47507,2957161,149,286263,77080,1785579,0.235439,50634,2874403,0.379006,78352,4659982,0.614445,7584050
4,2021-04-14,132353,7329333,84349,4037905,47939,3005100,65,286328,74211,1803663,0.237823,57898,2932301,0.386641,75982,4735964,0.624464,7584050
4,2021-04-15,151352,7480685,101065,4138970,50258,3055358,29,286357,93829,1841538,0.242817,57256,2989557,0.39419,95131,4831095,0.637007,7584050
4,2021-04-16,139497,7620182,88753,4227723,50677,3106035,67,286424,82050,1867328,0.246218,57202,3046759,0.401732,82992,4914087,0.64795,7584050
4,2021-04-17,97238,7717420,61904,4289627,35329,3141364,5,286429,57426,1886492,0.248745,39625,3086384,0.406957,58789,4972876,0.655702,7584050
4,2021-04-18,52610,7770030,35074,4324701,17533,3158897,3,286432,29964,1895040,0.249872,22555,3108939,0.409931,31103,5003979,0.659803,7584050
4,2021-04-19,97569,7867599,64269,4388970,33289,3192186,11,286443,49949,1898527,0.250332,47464,3156403,0.41619,50951,5054930,0.666521,7584050
4,2021-04-20,123893,7991492,72101,4461071,51787,3243973,5,286448,64930,1906337,0.251361,58737,3215140,0.423934,66547,5121477,0.675296,7584050
4,2021-04-21,111927,8103419,71873,4532944,40007,3283980,47,286495,51920,1900080,0.250536,59791,3274931,0.431818,53534,5175011,0.682355,7584050
4,2021-04-22,105475,8208894,68254,4601198,37203,3321183,18,286513,45474,1887954,0.248937,59797,3334728,0.439703,47671,5222682,0.68864,7584050
4,2021-04-23,57137,8266031,38931,4640129,18196,3339379,10,286523,25423,1885378,0.248598,31594,3366322,0.443869,29018,5251700,0.692466,7584050
