vemquartile,administered_date,total_doses,cumulative_total_doses,pfizer_doses,cumulative_pfizer_doses,moderna_doses,cumulative_moderna_doses,jj_doses,cumulative_jj_doses,partially_vaccinated,total_partially_vaccinated,pct_age12pop_partially_vaccinated,fully_vaccinated,cumulative_fully_vaccinated,pct_age12pop_fully_vaccinated,at_least_one_dose,cumulative_at_least_one_dose,pct_age12pop_at_least_one_dose,age12_population
1,2020-12-15,154,154,154,154,0,0,0,0,154,154,1.8e-05,0,0,0.0,154,154,1.8e-05,8700223
1,2020-12-16,1257,1411,1257,1411,0,0,0,0,1256,1410,0.000162,0,0,0.0,1256,1410,0.000162,8700223
1,2020-12-17,4168,5579,4168,5579,0,0,0,0,4170,5580,0.000641,0,0,0.0,4170,5580,0.000641,8700223
1,2020-12-18,6400,11979,6376,11955,24,24,0,0,6405,11984,0.001377,1,1,0.0,6405,11985,0.001378,8700223
1,2020-12-19,2886,14865,2883,14838,3,27,0,0,2885,14868,0.001709,1,2,0.0,2885,14870,0.001709,8700223
1,2020-12-20,2135,17000,2123,16961,12,39,0,0,2137,17005,0.001955,0,2,0.0,2137,17007,0.001955,8700223
1,2020-12-21,7694,24694,7674,24635,20,59,0,0,7744,24749,0.002845,1,3,0.0,7745,24752,0.002845,8700223
1,2020-12-22,7364,32058,7014,31649,350,409,0,0,7364,32111,0.003691,2,5,1e-06,7364,32116,0.003691,8700223
1,2020-12-23,7928,39986,6654,38303,1274,1683,0,0,7926,40036,0.004602,2,7,1e-06,7927,40043,0.004603,8700223
1,2020-12-24,3312,43298,2366,40669,946,2629,0,0,3313,43349,0.004983,0,7,1e-06,3313,43356,0.004983,8700223
1,2020-12-25,239,43537,155,40824,84,2713,0,0,239,43588,0.00501,0,7,1e-06,239,43595,0.005011,8700223
1,2020-12-26,1380,44917,982,41806,398,3111,0,0,1379,44966,0.005168,1,8,1e-06,1379,44974,0.005169,8700223
1,2020-12-27,883,45800,547,42353,336,3447,0,0,883,45848,0.00527,1,9,1e-06,883,45857,0.005271,8700223
1,2020-12-28,7142,52942,4794,47147,2348,5795,0,0,7139,52987,0.00609,0,9,1e-06,7139,52996,0.006091,8700223
1,2020-12-29,9080,62022,5055,52202,4025,9820,0,0,9076,62061,0.007133,2,11,1e-06,9076,62072,0.007135,8700223
1,2020-12-30,11779,73801,6560,58762,5219,15039,0,0,11775,73833,0.008486,3,14,2e-06,11775,73847,0.008488,8700223
1,2020-12-31,6054,79855,1970,60732,4084,19123,0,0,6051,79880,0.009181,5,19,2e-06,6052,79899,0.009184,8700223
1,2021-01-01,646,80501,261,60993,385,19508,0,0,642,80520,0.009255,2,21,2e-06,642,80541,0.009257,8700223
1,2021-01-02,2938,83439,1773,62766,1165,20673,0,0,2938,83458,0.009593,0,21,2e-06,2938,83479,0.009595,8700223
1,2021-01-03,1063,84502,556,63322,507,21180,0,0,1061,84516,0.009714,3,24,3e-06,1061,84540,0.009717,8700223
1,2021-01-04,7406,91908,3606,66928,3800,24980,0,0,7409,91923,0.010566,2,26,3e-06,7409,91949,0.010569,8700223
1,2021-01-05,10994,102902,5303,72231,5691,30671,0,0,10194,101360,0.01165,782,808,9.3e-05,10219,102168,0.011743,8700223
1,2021-01-06,14180,117082,7107,79338,7073,37744,0,0,12221,111677,0.012836,1922,2730,0.000314,12239,114407,0.01315,8700223
1,2021-01-07,17646,134728,9173,88511,8473,46217,0,0,13114,120363,0.013834,4440,7170,0.000824,13126,127533,0.014659,8700223
1,2021-01-08,20234,154962,10471,98982,9763,55980,0,0,14263,128691,0.014792,5952,13122,0.001508,14280,141813,0.0163,8700223
1,2021-01-09,6710,161672,3412,102394,3298,59278,0,0,4831,131653,0.015132,1872,14994,0.001723,4834,146647,0.016856,8700223
1,2021-01-10,3111,164783,1774,104168,1337,60615,0,0,1913,132382,0.015216,1185,16179,0.00186,1914,148561,0.017076,8700223
1,2021-01-11,18217,183000,11905,116073,6312,66927,0,0,11588,137401,0.015793,6612,22791,0.00262,11631,160192,0.018412,8700223
1,2021-01-12,19252,202252,11022,127095,8230,75157,0,0,13185,144607,0.016621,6025,28816,0.003312,13231,173423,0.019933,8700223
1,2021-01-13,19910,222162,10766,137861,9144,84301,0,0,14727,154197,0.017723,5156,33972,0.003905,14746,188169,0.021628,8700223
1,2021-01-14,22217,244379,9555,147416,12662,96963,0,0,19370,170854,0.019638,2777,36749,0.004224,19434,207603,0.023862,8700223
1,2021-01-15,25315,269694,9283,156699,16032,112995,0,0,23346,192343,0.022108,1926,38675,0.004445,23415,231018,0.026553,8700223
1,2021-01-16,13972,283666,4577,161276,9395,122390,0,0,13068,204520,0.023507,896,39571,0.004548,13073,244091,0.028056,8700223
1,2021-01-17,5219,288885,2044,163320,3175,125565,0,0,4841,208987,0.024021,377,39948,0.004592,4844,248935,0.028612,8700223
1,2021-01-18,14415,303300,8647,171967,5768,131333,0,0,11200,217045,0.024947,3201,43149,0.00496,11259,260194,0.029907,8700223
1,2021-01-19,24848,328148,12949,184916,11899,143232,0,0,19552,231385,0.026595,5269,48418,0.005565,19609,279803,0.03216,8700223
1,2021-01-20,29523,357671,14793,199709,14730,157962,0,0,23543,249077,0.028629,5895,54313,0.006243,23587,303390,0.034872,8700223
1,2021-01-21,31403,389074,14806,214515,16597,174559,0,0,28006,273864,0.031478,3325,57638,0.006625,28112,331502,0.038103,8700223
1,2021-01-22,28512,417586,11337,225852,17175,191734,0,0,26404,298257,0.034282,2041,59679,0.006859,26434,357936,0.041141,8700223
1,2021-01-23,18731,436317,8207,234059,10524,202258,0,0,16765,313094,0.035987,1939,61618,0.007082,16776,374712,0.043069,8700223
1,2021-01-24,6686,443003,4172,238231,2514,204772,0,0,6021,318463,0.036604,657,62275,0.007158,6026,380738,0.043762,8700223
1,2021-01-25,25604,468607,10569,248800,15035,219807,0,0,19739,332500,0.038217,5815,68090,0.007826,19852,400590,0.046044,8700223
1,2021-01-26,28950,497557,13576,262376,15374,235181,0,0,22129,347898,0.039987,6758,74848,0.008603,22156,422746,0.04859,8700223
1,2021-01-27,32811,530368,15627,278003,17184,252365,0,0,24564,364374,0.041881,8177,83025,0.009543,24653,447399,0.051424,8700223
1,2021-01-28,35086,565454,16515,294518,18571,270936,0,0,28000,385488,0.044308,7016,90041,0.010349,28130,475529,0.054657,8700223
1,2021-01-29,33853,599307,16543,311061,17310,288246,0,0,27119,406120,0.046679,6585,96626,0.011106,27217,502746,0.057785,8700223
1,2021-01-30,20235,619542,8755,319816,11480,299726,0,0,18003,422010,0.048506,2199,98825,0.011359,18089,520835,0.059865,8700223
1,2021-01-31,7725,627267,5020,324836,2705,302431,0,0,6998,428293,0.049228,718,99543,0.011441,7001,527836,0.060669,8700223
1,2021-02-01,29209,656476,12603,337439,16606,319037,0,0,21300,441746,0.050774,7857,107400,0.012345,21310,549146,0.063119,8700223
1,2021-02-02,32883,689359,11883,349322,21000,340037,0,0,24539,458068,0.05265,8255,115655,0.013293,24577,573723,0.065943,8700223
1,2021-02-03,39782,729141,15301,364623,24481,364518,0,0,28519,475598,0.054665,11090,126745,0.014568,28620,602343,0.069233,8700223
1,2021-02-04,44234,773375,17230,381853,27004,391522,0,0,31777,495164,0.056914,12327,139072,0.015985,31893,634236,0.072899,8700223
1,2021-02-05,47090,820465,17212,399065,29878,421400,0,0,30714,509776,0.058593,16222,155294,0.017849,30834,665070,0.076443,8700223
1,2021-02-06,26683,847148,10555,409620,16128,437528,0,0,20684,524583,0.060295,5950,161244,0.018533,20757,685827,0.078829,8700223
1,2021-02-07,6324,853472,4071,413691,2253,439781,0,0,4666,527633,0.060646,1635,162879,0.018721,4685,690512,0.079367,8700223
1,2021-02-08,31805,885277,14511,428202,17294,457075,0,0,21140,538315,0.061874,10563,173442,0.019935,21245,711757,0.081809,8700223
1,2021-02-09,38709,923986,17073,445275,21636,478711,0,0,23777,547313,0.062908,14895,188337,0.021647,23893,735650,0.084555,8700223
1,2021-02-10,47518,971504,22222,467497,25296,504007,0,0,26984,554002,0.063677,20392,208729,0.023991,27081,762731,0.087668,8700223
1,2021-02-11,52245,1023749,25552,493049,26693,530700,0,0,31055,564307,0.064861,20874,229603,0.02639,31179,793910,0.091252,8700223
1,2021-02-12,50261,1074010,21624,514673,28637,559337,0,0,28788,571935,0.065738,21305,250908,0.028839,28933,822843,0.094577,8700223
1,2021-02-13,26518,1100528,11548,526221,14970,574307,0,0,15284,576135,0.066221,11163,262071,0.030122,15363,838206,0.096343,8700223
1,2021-02-14,11819,1112347,5587,531808,6232,580539,0,0,6713,577842,0.066417,5075,267146,0.030706,6782,844988,0.097123,8700223
1,2021-02-15,24054,1136401,9455,541263,14599,595138,0,0,14610,583251,0.067039,9318,276464,0.031777,14727,859715,0.098815,8700223
1,2021-02-16,47320,1183721,22555,563818,24765,619903,0,0,27481,591110,0.067942,19746,296210,0.034046,27605,887320,0.101988,8700223
1,2021-02-17,48645,1232366,24649,588467,23996,643899,0,0,26105,594988,0.068388,22379,318589,0.036618,26257,913577,0.105006,8700223
1,2021-02-18,51298,1283664,25684,614151,25614,669513,0,0,26499,597191,0.068641,24540,343129,0.039439,26743,940320,0.10808,8700223
1,2021-02-19,46795,1330459,25365,639516,21430,690943,0,0,26132,602893,0.069296,20494,363623,0.041795,26196,966516,0.111091,8700223
1,2021-02-20,27878,1358337,16927,656443,10951,701894,0,0,15869,606910,0.069758,11938,375561,0.043167,15955,982471,0.112925,8700223
1,2021-02-21,12467,1370804,10708,667151,1759,703653,0,0,7475,609511,0.070057,4927,380488,0.043733,7528,989999,0.11379,8700223
1,2021-02-22,31730,1402534,20815,687966,10915,714568,0,0,18184,614365,0.070615,13440,393928,0.045278,18294,1008293,0.115893,8700223
1,2021-02-23,45934,1448468,22357,710323,23577,738145,0,0,25148,619400,0.071194,20485,414413,0.047632,25520,1033813,0.118826,8700223
1,2021-02-24,55980,1504448,27014,737337,28966,767111,0,0,30728,625586,0.071905,25000,439413,0.050506,31186,1064999,0.122411,8700223
1,2021-02-25,68661,1573109,33361,770698,35300,802411,0,0,42428,642525,0.073852,25993,465406,0.053494,42932,1107931,0.127345,8700223
1,2021-02-26,76747,1649856,35976,806674,40771,843182,0,0,50058,666698,0.07663,26370,491776,0.056525,50543,1158474,0.133155,8700223
1,2021-02-27,52871,1702727,24294,830968,28567,871749,10,10,34653,683633,0.078576,18000,509776,0.058593,34935,1193409,0.13717,8700223
1,2021-02-28,20327,1723054,12077,843045,8248,879997,2,12,14860,693267,0.079684,5372,515148,0.059211,15006,1208415,0.138895,8700223
1,2021-03-01,46443,1769497,21492,864537,24887,904884,64,76,29800,706945,0.081256,16436,531584,0.0611,30114,1238529,0.142356,8700223
1,2021-03-02,64980,1834477,28084,892621,36884,941768,12,88,41306,725430,0.083381,23482,555066,0.063799,41967,1280496,0.14718,8700223
1,2021-03-03,72260,1906737,34375,926996,37854,979622,31,119,43880,741808,0.085263,28147,583213,0.067034,44525,1325021,0.152297,8700223
1,2021-03-04,80192,1986929,37569,964565,42585,1022207,38,157,51342,765110,0.087941,28596,611809,0.070321,51898,1376919,0.158262,8700223
1,2021-03-05,79302,2066231,35770,1000335,43324,1065531,208,365,52826,792626,0.091104,26167,637976,0.073329,53683,1430602,0.164433,8700223
1,2021-03-06,58023,2124254,27512,1027847,29165,1094696,1346,1711,39197,814855,0.093659,18679,656655,0.075476,40908,1471510,0.169135,8700223
1,2021-03-07,21054,2145308,13071,1040918,6782,1101478,1201,2912,15565,826407,0.094987,5460,662115,0.076103,17012,1488522,0.17109,8700223
1,2021-03-08,46216,2191524,22547,1063465,21710,1123188,1959,4871,32327,847250,0.097383,13774,675889,0.077686,34617,1523139,0.175069,8700223
1,2021-03-09,67107,2258631,32512,1095977,32078,1155266,2517,7388,41285,865742,0.099508,25637,701526,0.080633,44129,1567268,0.180141,8700223
1,2021-03-10,74138,2332769,36856,1132833,32774,1188040,4508,11896,45538,887677,0.102029,28453,729979,0.083903,50388,1617656,0.185933,8700223
1,2021-03-11,90381,2423150,41466,1174299,40878,1228918,8037,19933,52476,910980,0.104708,37646,767625,0.08823,60949,1678605,0.192938,8700223
1,2021-03-12,99248,2522398,43792,1218091,43142,1272060,12314,32247,57927,940558,0.108107,41078,808703,0.092952,70656,1749261,0.201059,8700223
1,2021-03-13,65394,2587792,29434,1247525,28244,1300304,7716,39963,41538,966390,0.111076,23708,832411,0.095677,49540,1798801,0.206753,8700223
1,2021-03-14,27999,2615791,14981,1262506,9447,1309751,3571,43534,15672,973565,0.111901,12242,844653,0.097084,19417,1818218,0.208985,8700223
1,2021-03-15,65373,2681164,28796,1291302,29824,1339575,6753,50287,38452,992415,0.114068,26689,871342,0.100152,45539,1863757,0.214219,8700223
1,2021-03-16,85893,2767057,39109,1330411,41114,1380689,5670,55957,53127,1019014,0.117125,32530,903872,0.103891,59129,1922886,0.221016,8700223
1,2021-03-17,93386,2860443,45558,1375969,41276,1421965,6552,62509,60015,1052811,0.12101,33109,936981,0.107696,66906,1989792,0.228706,8700223
1,2021-03-18,99023,2959466,51048,1427017,42244,1464209,5731,68240,59778,1079927,0.124126,38867,975848,0.112164,65983,2055775,0.23629,8700223
1,2021-03-19,103949,3063415,53897,1480914,43821,1508030,6231,74471,60625,1104290,0.126927,43000,1018848,0.117106,67363,2123138,0.244033,8700223
1,2021-03-20,72841,3136256,37222,1518136,30396,1538426,5223,79694,46685,1130512,0.129941,25955,1044803,0.120089,52177,2175315,0.25003,8700223
1,2021-03-21,27447,3163703,19094,1537230,6544,1544970,1809,81503,17073,1139210,0.13094,10270,1055073,0.12127,18968,2194283,0.25221,8700223
1,2021-03-22,59423,3223126,30715,1567945,25401,1570371,3307,84810,39890,1163468,0.133729,19302,1074375,0.123488,43560,2237843,0.257217,8700223
1,2021-03-23,83661,3306787,42605,1610550,37401,1607772,3655,88465,51192,1186571,0.136384,32192,1106567,0.127188,55295,2293138,0.263572,8700223
1,2021-03-24,88620,3395407,44761,1655311,39471,1647243,4388,92853,52697,1208209,0.138871,35598,1142165,0.13128,57236,2350374,0.270151,8700223
1,2021-03-25,97598,3493005,49893,1705204,41831,1689074,5874,98727,53974,1224990,0.1408,43262,1185427,0.136252,60043,2410417,0.277052,8700223
1,2021-03-26,105961,3598966,51508,1756712,48107,1737181,6346,105073,56723,1239504,0.142468,48843,1234270,0.141866,63357,2473774,0.284335,8700223
1,2021-03-27,74619,3673585,38490,1795202,31901,1769082,4228,109301,38353,1246254,0.143244,36020,1270290,0.146007,42770,2516544,0.289251,8700223
1,2021-03-28,32945,3706530,21544,1816746,10170,1779252,1231,110532,16475,1248058,0.143451,16350,1286640,0.147886,18154,2534698,0.291337,8700223
1,2021-03-29,68820,3775350,33884,1850630,31757,1811009,3179,113711,37859,1258589,0.144662,30715,1317355,0.151416,41246,2575944,0.296078,8700223
1,2021-03-30,93772,3869122,45832,1896462,41511,1852520,6429,120140,48072,1267698,0.145709,45452,1362807,0.15664,54561,2630505,0.302349,8700223
1,2021-03-31,102198,3971320,53118,1949580,42822,1895342,6258,126398,55978,1284108,0.147595,45862,1408669,0.161912,62272,2692777,0.309507,8700223
1,2021-04-01,113799,4085119,54221,2003801,50721,1946063,8857,135255,57702,1295115,0.14886,55570,1464239,0.168299,66577,2759354,0.317159,8700223
1,2021-04-02,113052,4198171,51513,2055314,51748,1997811,9791,145046,57294,1307091,0.150236,55298,1519537,0.174655,67274,2826628,0.324891,8700223
1,2021-04-03,78637,4276808,39398,2094712,29512,2027323,9727,154773,36867,1312167,0.15082,41562,1561099,0.179432,46638,2873266,0.330252,8700223
1,2021-04-04,23855,4300663,11870,2106582,8497,2035820,3488,158261,9925,1311719,0.150768,13849,1574948,0.181024,13401,2886667,0.331792,8700223
1,2021-04-05,77809,4378472,36956,2143538,31421,2067241,9432,167693,34930,1313573,0.150982,42640,1617588,0.185925,44494,2931161,0.336906,8700223
1,2021-04-06,104858,4483330,49510,2193048,38594,2105835,16754,184447,47374,1320541,0.151782,57148,1674736,0.192493,64116,2995277,0.344276,8700223
1,2021-04-07,113041,4596371,54704,2247752,40598,2146433,17739,202186,50896,1327353,0.152565,61795,1736531,0.199596,68607,3063884,0.352162,8700223
1,2021-04-08,123473,4719844,58355,2306107,43934,2190367,21184,223370,54501,1334523,0.15339,68515,1805046,0.207471,75685,3139569,0.360861,8700223
1,2021-04-09,124575,4844419,56713,2362820,46878,2237245,20984,244354,54596,1340515,0.154078,69579,1874625,0.215469,75571,3215140,0.369547,8700223
1,2021-04-10,97171,4941590,43218,2406038,30985,2268230,22968,267322,38478,1343412,0.154411,58453,1933078,0.222187,61350,3276490,0.376598,8700223
1,2021-04-11,36867,4978457,20465,2426503,9471,2277701,6931,274253,14901,1343449,0.154415,21885,1954963,0.224703,21922,3298412,0.379118,8700223
1,2021-04-12,75392,5053849,33644,2460147,31636,2309337,10112,284365,31997,1342605,0.154318,43073,1998036,0.229653,42229,3340641,0.383972,8700223
1,2021-04-13,98499,5152348,52590,2512737,45563,2354900,346,284711,53120,1351376,0.155327,45044,2043080,0.234831,53815,3394456,0.390157,8700223
1,2021-04-14,105342,5257690,54469,2567206,50793,2405693,80,284791,53464,1353826,0.155608,51466,2094546,0.240746,53916,3448372,0.396354,8700223
1,2021-04-15,106078,5363768,57607,2624813,48376,2454069,95,284886,56131,1360904,0.156422,49325,2143871,0.246416,56403,3504775,0.402837,8700223
1,2021-04-16,111321,5475089,57056,2681869,54173,2508242,92,284978,55558,1361557,0.156497,55190,2199061,0.252759,55843,3560618,0.409256,8700223
1,2021-04-17,83531,5558620,45312,2727181,38207,2546449,12,284990,46548,1371570,0.157648,36712,2235773,0.256979,46725,3607343,0.414626,8700223
1,2021-04-18,30614,5589234,20714,2747895,9893,2556342,7,284997,15305,1371879,0.157683,15212,2250985,0.258727,15521,3622864,0.41641,8700223
1,2021-04-19,67166,5656400,33963,2781858,33190,2589532,13,285010,30218,1365686,0.156971,36553,2287538,0.262929,30360,3653224,0.4199,8700223
1,2021-04-20,88385,5744785,44425,2826283,43935,2633467,25,285035,41133,1360185,0.156339,46859,2334397,0.268315,41358,3694582,0.424654,8700223
1,2021-04-21,97907,5842692,50987,2877270,46816,2680283,104,285139,43597,1350439,0.155219,53693,2388090,0.274486,43947,3738529,0.429705,8700223
1,2021-04-22,97782,5940474,51057,2928327,46706,2726989,19,285158,44717,1342875,0.154349,52521,2440611,0.280523,44957,3783486,0.434872,8700223
1,2021-04-23,103028,6043502,53209,2981536,49790,2776779,29,285187,48898,1338475,0.153844,53567,2494178,0.28668,49167,3832653,0.440524,8700223
1,2021-04-24,76790,6120292,47532,3029068,29230,2806009,28,285215,43216,1348587,0.155006,33397,2527575,0.290518,43509,3876162,0.445524,8700223
1,2021-04-25,27462,6147754,17472,3046540,9974,2815983,16,285231,15634,1352684,0.155477,11695,2539270,0.291863,15792,3891954,0.44734,8700223
1,2021-04-26,66508,6214262,34850,3081390,31251,2847234,407,285638,31409,1350076,0.155177,34761,2574031,0.295858,32153,3924107,0.451035,8700223
1,2021-04-27,81853,6296115,43449,3124839,37097,2884331,1307,286945,35347,1340887,0.154121,46185,2620216,0.301167,36996,3961103,0.455288,8700223
1,2021-04-28,81697,6377812,43407,3168246,36771,2921102,1519,288464,35701,1332719,0.153182,45612,2665828,0.306409,37444,3998547,0.459591,8700223
1,2021-04-29,85217,6463029,46838,3215084,36745,2957847,1634,290098,34600,1318915,0.151596,50206,2716034,0.31218,36402,4034949,0.463775,8700223
1,2021-04-30,92773,6555802,50165,3265249,40700,2998547,1908,292006,38548,1305682,0.150075,53844,2769878,0.318369,40611,4075560,0.468443,8700223
1,2021-05-01,63961,6619763,41169,3306418,21355,3019902,1437,293443,26936,1297532,0.149138,36733,2806611,0.322591,28583,4104143,0.471728,8700223
1,2021-05-02,23584,6643347,16714,3323132,6286,3026188,584,294027,9475,1293631,0.148689,13989,2820600,0.324199,10088,4114231,0.472888,8700223
1,2021-05-03,56543,6699890,31309,3354441,23375,3049563,1859,295886,20476,1280227,0.147149,35789,2856389,0.328312,22385,4136616,0.475461,8700223
1,2021-05-04,76023,6775913,43756,3398197,30162,3079725,2105,297991,27171,1261063,0.144946,48519,2904908,0.333889,29355,4165971,0.478835,8700223
1,2021-05-05,78580,6854493,45546,3443743,30726,3110451,2308,300299,26533,1238320,0.142332,51661,2956569,0.339827,28918,4194889,0.482159,8700223
1,2021-05-06,80148,6934641,48673,3492416,29290,3139741,2185,302484,24886,1210710,0.139159,54835,3011404,0.34613,27225,4222114,0.485288,8700223
1,2021-05-07,83733,7018374,47650,3540066,33881,3173622,2202,304686,27791,1185316,0.13624,55452,3066856,0.352503,30058,4252172,0.488743,8700223
1,2021-05-08,57665,7076039,36209,3576275,19801,3193423,1655,306341,19552,1168854,0.134348,37754,3104610,0.356843,21292,4273464,0.49119,8700223
1,2021-05-09,18395,7094434,13198,3589473,4717,3198140,480,306821,5569,1162202,0.133583,12737,3117347,0.358307,6085,4279549,0.49189,8700223
1,2021-05-10,44477,7138911,22517,3611990,20126,3218266,1834,308655,14822,1149601,0.132135,29348,3146695,0.36168,16747,4296296,0.493814,8700223
1,2021-05-11,63042,7201953,34290,3646280,26586,3244852,2166,310821,20677,1130501,0.129939,42052,3188747,0.366513,22952,4319248,0.496453,8700223
1,2021-05-12,63193,7265146,33590,3679870,27530,3272382,2073,312894,20721,1111245,0.127726,42110,3230857,0.371353,22854,4342102,0.499079,8700223
1,2021-05-13,67481,7332627,39606,3719476,25882,3298264,1993,314887,25672,1097793,0.12618,41400,3272257,0.376112,27948,4370050,0.502292,8700223
1,2021-05-14,77097,7409724,46465,3765941,28220,3326484,2412,317299,31094,1086009,0.124825,45568,3317825,0.381349,33784,4403834,0.506175,8700223
1,2021-05-15,67012,7476736,43999,3809940,21241,3347725,1772,319071,26668,1074518,0.123505,40001,3357826,0.385947,28510,4432344,0.509452,8700223
1,2021-05-16,25156,7501892,18542,3828482,5993,3353718,621,319692,10253,1070665,0.123062,14773,3372599,0.387645,10920,4443264,0.510707,8700223
1,2021-05-17,54609,7556501,33340,3861822,19483,3373201,1786,321478,23097,1064384,0.12234,31219,3403818,0.391233,24938,4468202,0.513573,8700223
1,2021-05-18,65476,7621977,39435,3901257,24197,3397398,1844,323322,28355,1057860,0.12159,36812,3440630,0.395465,30288,4498490,0.517055,8700223
1,2021-05-19,66885,7688862,40738,3941995,24200,3421598,1947,325269,29913,1053141,0.121048,36652,3477282,0.399677,31933,4530423,0.520725,8700223
1,2021-05-20,65133,7753995,37815,3979810,25080,3446678,2238,327507,26776,1044368,0.120039,37983,3515265,0.404043,29210,4559633,0.524082,8700223
1,2021-05-21,70831,7824826,42364,4022174,26584,3473262,1883,329390,29189,1034322,0.118885,41212,3556477,0.40878,31166,4590799,0.527665,8700223
1,2021-05-22,56654,7881480,37277,4059451,17644,3490906,1733,331123,24609,1029013,0.118274,31744,3588221,0.412429,26435,4617234,0.530703,8700223
1,2021-05-23,20584,7902064,14394,4073845,5603,3496509,587,331710,9539,1028232,0.118185,10933,3599154,0.413685,10152,4627386,0.53187,8700223
1,2021-05-24,44364,7946428,24760,4098605,17749,3514258,1855,333565,17954,1021992,0.117467,26130,3625284,0.416689,19890,4647276,0.534156,8700223
1,2021-05-25,51707,7998135,29821,4128426,20158,3534416,1728,335293,21501,1015444,0.116715,29868,3655152,0.420122,23320,4670596,0.536836,8700223
1,2021-05-26,49007,8047142,27772,4156198,19303,3553719,1932,337225,20773,1010284,0.116122,27905,3683057,0.423329,22745,4693341,0.539451,8700223
1,2021-05-27,47567,8094709,26722,4182920,18915,3572634,1930,339155,20376,1005826,0.115609,26877,3709934,0.426418,22419,4715760,0.542027,8700223
1,2021-05-28,53355,8148064,29814,4212734,21677,3594311,1864,341019,23921,1002669,0.115246,29067,3739001,0.429759,25910,4741670,0.545006,8700223
1,2021-05-29,30950,8179014,18754,4231488,11217,3605528,979,341998,14686,1002296,0.115203,16091,3755092,0.431609,15718,4757388,0.546812,8700223
1,2021-05-30,11743,8190757,7593,4239081,3589,3609117,561,342559,5528,1002273,0.115201,6138,3761230,0.432314,6115,4763503,0.547515,8700223
1,2021-05-31,5830,8196587,3318,4242399,2251,3611368,261,342820,2040,1000868,0.115039,3718,3764948,0.432742,2313,4765816,0.547781,8700223
1,2021-06-01,46523,8243110,26356,4268755,18575,3629943,1592,344412,17626,991637,0.113978,28508,3793456,0.436018,19277,4785093,0.549997,8700223
1,2021-06-02,40623,8283733,23619,4292374,15486,3645429,1518,345930,16414,985769,0.113304,23882,3817338,0.438763,18014,4803107,0.552067,8700223
1,2021-06-03,42194,8325927,26464,4318838,13986,3659415,1744,347674,16122,977961,0.112406,25748,3843086,0.441723,17940,4821047,0.554129,8700223
1,2021-06-04,51037,8376964,32679,4351517,16530,3675945,1828,349502,18353,965935,0.111024,32284,3875370,0.445433,20258,4841305,0.556458,8700223
1,2021-06-05,40854,8417818,27903,4379420,10930,3686875,2021,351523,14309,956006,0.109883,26312,3901682,0.448458,16383,4857688,0.558341,8700223
1,2021-06-06,13268,8431086,10621,4390041,2129,3689004,518,352041,4565,952536,0.109484,8614,3910296,0.449448,5144,4862832,0.558932,8700223
1,2021-06-07,34384,8465470,23738,4413779,9270,3698274,1376,353417,12299,944417,0.108551,21848,3932144,0.451959,13729,4876561,0.56051,8700223
1,2021-06-08,42513,8507983,29410,4443189,11437,3709711,1666,355083,14797,933545,0.107301,27421,3959565,0.455111,16549,4893110,0.562412,8700223
1,2021-06-09,42497,8550480,29482,4472671,11357,3721068,1658,356741,13843,920776,0.105834,28326,3987891,0.458367,15557,4908667,0.5642,8700223
1,2021-06-10,39460,8589940,26577,4499248,11165,3732233,1718,358459,13466,910334,0.104633,25725,4013616,0.461323,15283,4923950,0.565957,8700223
1,2021-06-11,44865,8634805,29772,4529020,13382,3745615,1711,360170,16053,899697,0.103411,28480,4042096,0.464597,17843,4941793,0.568008,8700223
1,2021-06-12,34335,8669140,24858,4553878,8249,3753864,1228,361398,11279,889441,0.102232,22829,4064925,0.467221,12573,4954366,0.569453,8700223
1,2021-06-13,11720,8680860,8525,4562403,2712,3756576,483,361881,3416,885146,0.101738,8227,4073152,0.468166,3932,4958298,0.569905,8700223
1,2021-06-14,31451,8712311,21204,4583607,8909,3765485,1338,363219,11743,878768,0.101005,19488,4092640,0.470406,13110,4971408,0.571412,8700223
1,2021-06-15,37954,8750265,24898,4608505,11180,3776665,1876,365095,14102,871295,0.100146,23540,4116180,0.473112,16067,4987475,0.573258,8700223
1,2021-06-16,36132,8786397,24451,4632956,9824,3786489,1857,366952,13647,864673,0.099385,22183,4138363,0.475662,15561,5003036,0.575047,8700223
1,2021-06-17,34037,8820434,22517,4655473,9546,3796035,1974,368926,13285,859533,0.098794,20482,4158845,0.478016,15342,5018378,0.57681,8700223
1,2021-06-18,39982,8860416,25976,4681449,11136,3807171,2870,371796,15465,853699,0.098124,24220,4183065,0.4808,18386,5036764,0.578924,8700223
1,2021-06-19,24137,8884553,16758,4698207,6177,3813348,1202,372998,9812,850606,0.097768,14147,4197212,0.482426,11054,5047818,0.580194,8700223
1,2021-06-20,8176,8892729,5986,4704193,1912,3815260,278,373276,3230,849251,0.097613,4872,4202084,0.482986,3517,5051335,0.580598,8700223
1,2021-06-21,21111,8913840,11945,4716138,6967,3822227,2199,375475,10985,852481,0.097984,10003,4212087,0.484136,13233,5064568,0.582119,8700223
1,2021-06-22,31046,8944886,20248,4736386,8623,3830850,2175,377650,12940,849782,0.097674,17876,4229963,0.48619,15177,5079745,0.583864,8700223
1,2021-06-23,29595,8974481,19872,4756258,7886,3838736,1837,379487,12876,848030,0.097472,16490,4246453,0.488086,14738,5094483,0.585558,8700223
1,2021-06-24,28650,9003131,19096,4775354,7873,3846609,1681,381168,12110,845561,0.097188,16326,4262779,0.489962,13857,5108340,0.58715,8700223
1,2021-06-25,32070,9035201,21710,4797064,8935,3855544,1425,382593,14037,843301,0.096929,17777,4280556,0.492005,15517,5123857,0.588934,8700223
1,2021-06-26,22679,9057880,16842,4813906,4988,3860532,849,383442,9882,841418,0.096712,12661,4293217,0.493461,10778,5134635,0.590173,8700223
1,2021-06-27,9291,9067171,6927,4820833,1925,3862457,439,383881,4113,840883,0.096651,5103,4298320,0.494047,4568,5139203,0.590698,8700223
1,2021-06-28,21493,9088664,15974,4836807,4255,3866712,1264,385145,9955,840822,0.096644,11326,4309646,0.495349,11265,5150468,0.591993,8700223
1,2021-06-29,27311,9115975,18711,4855518,7197,3873909,1403,386548,12121,839411,0.096482,14993,4324639,0.497072,13582,5164050,0.593554,8700223
1,2021-06-30,26704,9142679,18506,4874024,7124,3881033,1074,387622,12768,839622,0.096506,13705,4338344,0.498647,13916,5177966,0.595153,8700223
1,2021-07-01,24398,9167077,16962,4890986,6122,3887155,1314,388936,11327,839445,0.096485,12893,4351237,0.500129,12716,5190682,0.596615,8700223
1,2021-07-02,27281,9194358,18773,4909759,7447,3894602,1061,389997,12760,839044,0.096439,14302,4365539,0.501773,13901,5204583,0.598213,8700223
1,2021-07-03,15089,9209447,10550,4920309,4079,3898681,460,390457,7191,838973,0.096431,7754,4373293,0.502664,7683,5212266,0.599096,8700223
1,2021-07-04,1304,9210751,736,4921045,500,3899181,68,390525,636,839025,0.096437,657,4373950,0.50274,709,5212975,0.599177,8700223
1,2021-07-05,11307,9222058,7828,4928873,3113,3902294,366,390891,5391,838990,0.096433,5840,4379790,0.503411,5805,5218780,0.599844,8700223
1,2021-07-06,27967,9250025,19778,4948651,7029,3909323,1160,392051,11188,834868,0.095959,16570,4396360,0.505316,12448,5231228,0.601275,8700223
1,2021-07-07,24363,9274388,17082,4965733,6103,3915426,1178,393229,10490,832945,0.095738,13676,4410036,0.506888,11753,5242981,0.602626,8700223
1,2021-07-08,23301,9297689,16160,4981893,6038,3921464,1103,394332,10022,831083,0.095524,13072,4423108,0.50839,11210,5254191,0.603915,8700223
1,2021-07-09,27579,9325268,19522,5001415,6880,3928344,1177,395509,12482,829888,0.095387,14911,4438019,0.510104,13716,5267907,0.605491,8700223
1,2021-07-10,18238,9343506,13171,5014586,4290,3932634,777,396286,8152,828911,0.095275,9952,4447971,0.511248,8975,5276882,0.606523,8700223
1,2021-07-11,6842,9350348,5002,5019588,1633,3934267,207,396493,3314,828975,0.095282,3475,4451446,0.511647,3539,5280421,0.606929,8700223
1,2021-07-12,20499,9370847,14737,5034325,4858,3939125,904,397397,9098,827818,0.095149,11252,4462698,0.512941,10095,5290516,0.60809,8700223
1,2021-07-13,22793,9393640,15912,5050237,6056,3945181,825,398222,10686,827470,0.095109,11946,4474644,0.514314,11598,5302114,0.609423,8700223
1,2021-07-14,22717,9416357,15620,5065857,6102,3951283,995,399217,10252,826524,0.095,12302,4486946,0.515728,11356,5313470,0.610728,8700223
1,2021-07-15,22118,9438475,15670,5081527,5709,3956992,739,399956,10722,826849,0.095038,11242,4498188,0.51702,11567,5325037,0.612058,8700223
1,2021-07-16,27202,9465677,19007,5100534,7184,3964176,1011,400967,13489,827895,0.095158,13538,4511726,0.518576,14584,5339621,0.613734,8700223
1,2021-07-17,18925,9484602,13681,5114215,4536,3968712,708,401675,9339,828531,0.095231,9447,4521173,0.519662,10083,5349704,0.614893,8700223
1,2021-07-18,7537,9492139,5561,5119776,1690,3970402,286,401961,3855,829068,0.095293,3621,4524794,0.520078,4158,5353862,0.615371,8700223
1,2021-07-19,21134,9513273,15310,5135086,4983,3975385,841,402802,10595,830204,0.095423,10396,4535190,0.521273,11532,5365394,0.616696,8700223
1,2021-07-20,25323,9538596,17512,5152598,6913,3982298,898,403700,13054,832167,0.095649,12080,4547270,0.522661,14043,5379437,0.61831,8700223
1,2021-07-21,25618,9564214,17994,5170592,6404,3988702,1220,404920,13110,834274,0.095891,12338,4559608,0.524079,14445,5393882,0.619971,8700223
1,2021-07-22,24739,9588953,17519,5188111,6373,3995075,847,405767,13489,837645,0.096279,11056,4570664,0.52535,14427,5408309,0.621629,8700223
1,2021-07-23,29510,9618463,20883,5208994,7597,4002672,1030,406797,16454,842349,0.096819,12847,4583511,0.526827,17551,5425860,0.623646,8700223
1,2021-07-24,18396,9636859,13005,5221999,4818,4007490,573,407370,10821,846317,0.097275,7453,4590964,0.527683,11421,5437281,0.624959,8700223
1,2021-07-25,7599,9644458,5466,5227465,2016,4009506,117,407487,5667,850234,0.097726,1887,4592851,0.5279,5804,5443085,0.625626,8700223
1,2021-07-26,21803,9666261,15094,5242559,5943,4015449,766,408253,14107,857626,0.098575,7552,4600403,0.528768,14944,5458029,0.627344,8700223
1,2021-07-27,27465,9693726,19644,5262203,6869,4022318,952,409205,16185,863718,0.099275,11096,4611499,0.530044,17188,5475217,0.629319,8700223
1,2021-07-28,28386,9722112,20143,5282346,7363,4029681,880,410085,17423,871321,0.100149,10771,4622270,0.531282,18374,5493591,0.631431,8700223
1,2021-07-29,27004,9749116,19168,5301514,7037,4036718,799,410884,16896,879149,0.101049,9928,4632198,0.532423,17756,5511347,0.633472,8700223
1,2021-07-30,31474,9780590,22527,5324041,8035,4044753,912,411796,19238,887322,0.101988,12013,4644211,0.533804,20186,5531533,0.635792,8700223
1,2021-07-31,20013,9800603,14528,5338569,4944,4049697,541,412337,12430,892899,0.102629,7418,4651629,0.534656,12995,5544528,0.637286,8700223
1,2021-08-01,8888,9809491,6701,5345270,2060,4051757,127,412464,6086,896387,0.10303,2753,4654382,0.534973,6241,5550769,0.638003,8700223
1,2021-08-02,25046,9834537,18637,5363907,5695,4057452,714,413178,16296,904858,0.104004,8586,4662968,0.53596,17057,5567826,0.639964,8700223
1,2021-08-03,28925,9863462,20960,5384867,7021,4064473,944,414122,18157,913417,0.104988,10576,4673544,0.537175,19135,5586961,0.642163,8700223
1,2021-08-04,27785,9891247,20217,5405084,6688,4071161,880,415002,17670,922107,0.105987,9908,4683452,0.538314,18598,5605559,0.644301,8700223
1,2021-08-05,27557,9918804,20212,5425296,6431,4077592,914,415916,17370,930436,0.106944,9976,4693428,0.539461,18305,5623864,0.646405,8700223
1,2021-08-06,34023,9952827,25070,5450366,7976,4085568,977,416893,21239,940154,0.108061,12541,4705969,0.540902,22259,5646123,0.648963,8700223
1,2021-08-07,21817,9974644,16374,5466740,4875,4090443,568,417461,13591,946229,0.108759,8098,4714067,0.541833,14173,5660296,0.650592,8700223
1,2021-08-08,10534,9985178,7695,5474435,2637,4093080,202,417663,6852,949680,0.109156,3612,4717679,0.542248,7063,5667359,0.651404,8700223
1,2021-08-09,27950,10013128,20949,5495384,6187,4099267,814,418477,17284,957340,0.110036,10473,4728152,0.543452,18133,5685492,0.653488,8700223
1,2021-08-10,29429,10042557,21659,5517043,6901,4106168,869,419346,17546,964135,0.110817,11674,4739826,0.544794,18469,5703961,0.655611,8700223
1,2021-08-11,27336,10069893,20188,5537231,6227,4112395,921,420267,16177,970313,0.111527,10946,4750772,0.546052,17124,5721085,0.657579,8700223
1,2021-08-12,28861,10098754,20768,5557999,7046,4119441,1047,421314,17218,977254,0.112325,11348,4762120,0.547356,18289,5739374,0.659681,8700223
1,2021-08-13,36218,10134972,26335,5584334,8827,4128268,1056,422370,21086,984623,0.113172,14819,4776939,0.549059,22188,5761562,0.662232,8700223
1,2021-08-14,23923,10158895,18164,5602498,5202,4133470,557,422927,13657,989044,0.11368,9811,4786750,0.550187,14232,5775794,0.663867,8700223
1,2021-08-15,10558,10169453,7785,5610283,2612,4136082,161,423088,6097,991168,0.113924,4156,4790906,0.550665,6280,5782074,0.664589,8700223
1,2021-08-16,29102,10198555,20652,5630935,7658,4143740,792,423880,16037,995857,0.114463,12171,4803077,0.552064,16860,5798934,0.666527,8700223
1,2021-08-17,31687,10230242,22445,5653380,8298,4152038,944,424824,16643,999386,0.114869,14097,4817174,0.553684,17626,5816560,0.668553,8700223
1,2021-08-18,31794,10262036,22801,5676181,8099,4160137,894,425718,16173,1002091,0.11518,14409,4831583,0.55534,17114,5833674,0.67052,8700223
1,2021-08-19,31045,10293081,22155,5698336,7878,4168015,1012,426730,15894,1005136,0.11553,13899,4845482,0.556938,16944,5850618,0.672468,8700223
1,2021-08-20,38161,10331242,27712,5726048,9501,4177516,948,427678,19352,1008222,0.115885,17246,4862728,0.55892,20332,5870950,0.674805,8700223
1,2021-08-21,23121,10354363,17302,5743350,5254,4182770,565,428243,11335,1009097,0.115985,11040,4873768,0.560189,11915,5882865,0.676174,8700223
1,2021-08-22,11873,10366236,8696,5752046,2975,4185745,202,428445,5978,1009783,0.116064,5508,4879276,0.560822,6194,5889059,0.676886,8700223
1,2021-08-23,31062,10397298,23049,5775095,7269,4193014,744,429189,14997,1010687,0.116168,14903,4894179,0.562535,15807,5904866,0.678703,8700223
1,2021-08-24,31763,10429061,24062,5799157,6868,4199882,833,430022,15062,1011154,0.116222,15492,4909671,0.564316,15959,5920825,0.680537,8700223
1,2021-08-25,31334,10460395,23750,5822907,6842,4206724,742,430764,14653,1011140,0.11622,15460,4925131,0.566093,15446,5936271,0.682313,8700223
1,2021-08-26,31286,10491681,23299,5846206,7102,4213826,885,431649,14808,1011831,0.116299,15048,4940179,0.567822,15739,5952010,0.684122,8700223
1,2021-08-27,38617,10530298,29646,5875852,8172,4221998,799,432448,17607,1010994,0.116203,19320,4959499,0.570043,18483,5970493,0.686246,8700223
1,2021-08-28,24575,10554873,19192,5895044,4951,4226949,432,432880,10620,1008902,0.115963,13189,4972688,0.571559,11097,5981590,0.687521,8700223
1,2021-08-29,12006,10566879,9025,5904069,2840,4229789,141,433021,5559,1008618,0.11593,6016,4978704,0.57225,5732,5987322,0.68818,8700223
1,2021-08-30,28703,10595582,21083,5925152,6704,4236493,916,433937,12387,1006898,0.115732,15078,4993782,0.573983,13358,6000680,0.689716,8700223
1,2021-08-31,28805,10624387,21504,5946656,6554,4243047,747,434684,12232,1004662,0.115475,15256,5009038,0.575737,13020,6013700,0.691212,8700223
1,2021-09-01,27694,10652081,20579,5967235,6468,4249515,647,435331,12553,1004211,0.115424,13717,5022755,0.577313,13266,6026966,0.692737,8700223
1,2021-09-02,16193,10668274,11856,5979091,3730,4253245,607,435938,6516,1002697,0.11525,8647,5031402,0.578307,7133,6034099,0.693557,8700223
2,2020-12-15,264,264,264,264,0,0,0,0,264,264,3.1e-05,0,0,0.0,264,264,3.1e-05,8407551
2,2020-12-16,2336,2600,2336,2600,0,0,0,0,2337,2601,0.000309,0,0,0.0,2337,2601,0.000309,8407551
2,2020-12-17,7258,9858,7258,9858,0,0,0,0,7257,9858,0.001173,0,0,0.0,7257,9858,0.001173,8407551
2,2020-12-18,11196,21054,11175,21033,21,21,0,0,11198,21056,0.002504,0,0,0.0,11198,21056,0.002504,8407551
2,2020-12-19,5654,26708,5646,26679,8,29,0,0,5656,26712,0.003177,0,0,0.0,5656,26712,0.003177,8407551
2,2020-12-20,4273,30981,4256,30935,17,46,0,0,4264,30975,0.003684,1,1,0.0,4264,30976,0.003684,8407551
2,2020-12-21,12912,43893,12881,43816,31,77,0,0,12866,43840,0.005214,1,2,0.0,12866,43842,0.005215,8407551
2,2020-12-22,12314,56207,11778,55594,536,613,0,0,12312,56152,0.006679,0,2,0.0,12312,56154,0.006679,8407551
2,2020-12-23,11879,68086,9593,65187,2286,2899,0,0,11880,68031,0.008092,2,4,0.0,11881,68035,0.008092,8407551
2,2020-12-24,5936,74022,3510,68697,2426,5325,0,0,5932,73961,0.008797,4,8,1e-06,5934,73969,0.008798,8407551
2,2020-12-25,507,74529,423,69120,84,5409,0,0,510,74471,0.008858,0,8,1e-06,510,74479,0.008859,8407551
2,2020-12-26,2599,77128,1673,70793,926,6335,0,0,2599,77068,0.009167,2,10,1e-06,2599,77078,0.009168,8407551
2,2020-12-27,2237,79365,1215,72008,1022,7357,0,0,2235,79301,0.009432,2,12,1e-06,2235,79313,0.009434,8407551
2,2020-12-28,11208,90573,7272,79280,3936,11293,0,0,11207,90503,0.010764,5,17,2e-06,11207,90520,0.010767,8407551
2,2020-12-29,13041,103614,7337,86617,5704,16997,0,0,13045,103547,0.012316,1,18,2e-06,13045,103565,0.012318,8407551
2,2020-12-30,15764,119378,8834,95451,6930,23927,0,0,15758,119302,0.01419,5,23,3e-06,15760,119325,0.014193,8407551
2,2020-12-31,7639,127017,2836,98287,4803,28730,0,0,7631,126928,0.015097,5,28,3e-06,7631,126956,0.0151,8407551
2,2021-01-01,1457,128474,702,98989,755,29485,0,0,1452,128376,0.015269,4,32,4e-06,1452,128408,0.015273,8407551
2,2021-01-02,4891,133365,2788,101777,2103,31588,0,0,4886,133260,0.01585,2,34,4e-06,4886,133294,0.015854,8407551
2,2021-01-03,1443,134808,814,102591,629,32217,0,0,1436,134693,0.01602,3,37,4e-06,1436,134730,0.016025,8407551
2,2021-01-04,11859,146667,5664,108255,6195,38412,0,0,11845,146533,0.017429,5,42,5e-06,11845,146575,0.017434,8407551
2,2021-01-05,14078,160745,7063,115318,7015,45427,0,0,12823,158138,0.018809,1251,1293,0.000154,12856,159431,0.018963,8407551
2,2021-01-06,19315,180060,10678,125996,8637,54064,0,0,15274,169446,0.020154,3981,5274,0.000627,15289,174720,0.020781,8407551
2,2021-01-07,23525,203585,13257,139253,10268,64332,0,0,15742,177414,0.021102,7795,13069,0.001554,15763,190483,0.022656,8407551
2,2021-01-08,27241,230826,16464,155717,10777,75109,0,0,16642,183543,0.021831,10545,23614,0.002809,16674,207157,0.024639,8407551
2,2021-01-09,9917,240743,5808,161525,4109,79218,0,0,6307,186258,0.022154,3603,27217,0.003237,6318,213475,0.025391,8407551
2,2021-01-10,5369,246112,2997,164522,2372,81590,0,0,3100,187084,0.022252,2279,29496,0.003508,3105,216580,0.02576,8407551
2,2021-01-11,26249,272361,18141,182663,8108,89698,0,0,15056,190984,0.022716,11207,40703,0.004841,15107,231687,0.027557,8407551
2,2021-01-12,26642,299003,16563,199226,10079,99777,0,0,16905,198220,0.023576,9763,50466,0.006002,16999,248686,0.029579,8407551
2,2021-01-13,28858,327861,15325,214551,13533,113310,0,0,20756,210928,0.025088,8090,58556,0.006965,20798,269484,0.032053,8407551
2,2021-01-14,30820,358681,11809,226360,19011,132321,0,0,26474,233143,0.02773,4343,62899,0.007481,26558,296042,0.035211,8407551
2,2021-01-15,35417,394098,12874,239234,22543,154864,0,0,32089,262001,0.031163,3326,66225,0.007877,32184,328226,0.039039,8407551
2,2021-01-16,18413,412511,6153,245387,12260,167124,0,0,16987,277553,0.033012,1443,67668,0.008048,16995,345221,0.041061,8407551
2,2021-01-17,10614,423125,3594,248981,7020,174144,0,0,9851,286638,0.034093,777,68445,0.008141,9862,355083,0.042234,8407551
2,2021-01-18,19914,443039,11141,260122,8773,182917,0,0,15003,296780,0.035299,4927,73372,0.008727,15069,370152,0.044026,8407551
2,2021-01-19,32996,476035,17231,277353,15765,198682,0,0,24758,313418,0.037278,8239,81611,0.009707,24877,395029,0.046985,8407551
2,2021-01-20,37914,513949,19102,296455,18812,217494,0,0,29148,333924,0.039717,8740,90351,0.010746,29246,424275,0.050464,8407551
2,2021-01-21,41368,555317,17602,314057,23766,241260,0,0,36717,366213,0.043558,4621,94972,0.011296,36910,461185,0.054854,8407551
2,2021-01-22,39821,595138,16640,330697,23181,264441,0,0,36403,399211,0.047482,3436,98408,0.011705,36434,497619,0.059187,8407551
2,2021-01-23,24376,619514,10839,341536,13537,277978,0,0,21374,417639,0.049674,2978,101386,0.012059,21406,519025,0.061733,8407551
2,2021-01-24,12517,632031,6134,347670,6383,284361,0,0,11574,428305,0.050943,928,102314,0.012169,11594,530619,0.063112,8407551
2,2021-01-25,34241,666272,15739,363409,18502,302863,0,0,25244,444759,0.0529,8944,111258,0.013233,25398,556017,0.066133,8407551
2,2021-01-26,40697,706969,19893,383302,20804,323667,0,0,31303,466789,0.05552,9365,120623,0.014347,31395,587412,0.069867,8407551
2,2021-01-27,46011,752980,22760,406062,23251,346918,0,0,35474,491917,0.058509,10416,131039,0.015586,35544,622956,0.074095,8407551
2,2021-01-28,48405,801385,22558,428620,25847,372765,0,0,39499,522664,0.062166,8837,139876,0.016637,39584,662540,0.078803,8407551
2,2021-01-29,46052,847437,22144,450764,23908,396673,0,0,37108,551043,0.065541,8814,148690,0.017685,37193,699733,0.083227,8407551
2,2021-01-30,31533,878970,13351,464115,18182,414855,0,0,28072,575746,0.06848,3417,152107,0.018092,28120,727853,0.086571,8407551
2,2021-01-31,17315,896285,10230,474345,7085,421940,0,0,16075,590626,0.070249,1218,153325,0.018237,16098,743951,0.088486,8407551
2,2021-02-01,41682,937967,19948,494293,21734,443674,0,0,30387,609831,0.072534,11232,164557,0.019573,30437,774388,0.092106,8407551
2,2021-02-02,48294,986261,19625,513918,28669,472343,0,0,36573,634885,0.075514,11623,176180,0.020955,36677,811065,0.096469,8407551
2,2021-02-03,54402,1040663,23894,537812,30508,502851,0,0,39968,660629,0.078576,14328,190508,0.022659,40072,851137,0.101235,8407551
2,2021-02-04,56665,1097328,24267,562079,32398,535249,0,0,41127,686440,0.081646,15426,205934,0.024494,41237,892374,0.10614,8407551
2,2021-02-05,60699,1158027,26331,588410,34368,569617,0,0,40910,707989,0.084209,19564,225498,0.026821,41113,933487,0.11103,8407551
2,2021-02-06,39612,1197639,18377,606787,21235,590852,0,0,31478,731526,0.087008,8053,233551,0.027779,31590,965077,0.114787,8407551
2,2021-02-07,15799,1213438,10438,617225,5361,596213,0,0,11947,739729,0.087984,3818,237369,0.028233,12021,977098,0.116217,8407551
2,2021-02-08,43357,1256795,21942,639167,21415,617628,0,0,29598,755939,0.089912,13606,250975,0.029851,29816,1006914,0.119763,8407551
2,2021-02-09,49918,1306713,23622,662789,26296,643924,0,0,30722,768067,0.091354,18962,269937,0.032106,31090,1038004,0.123461,8407551
2,2021-02-10,59932,1366645,28008,690797,31924,675848,0,0,34501,777817,0.092514,25132,295069,0.035096,34882,1072886,0.12761,8407551
2,2021-02-11,64706,1431351,29694,720491,35012,710860,0,0,35929,785877,0.093473,28391,323460,0.038473,36451,1109337,0.131945,8407551
2,2021-02-12,66361,1497712,28603,749094,37758,748618,0,0,35385,791266,0.094114,30674,354134,0.042121,36063,1145400,0.136235,8407551
2,2021-02-13,38366,1536078,15957,765051,22409,771027,0,0,22061,797516,0.094857,16195,370329,0.044047,22445,1167845,0.138904,8407551
2,2021-02-14,20235,1556313,9418,774469,10817,781844,0,0,11221,800154,0.095171,8958,379287,0.045113,11596,1179441,0.140284,8407551
2,2021-02-15,33510,1589823,15055,789524,18455,800299,0,0,18525,804718,0.095714,14836,394123,0.046877,19400,1198841,0.142591,8407551
2,2021-02-16,56757,1646580,27777,817301,28980,829279,0,0,29787,808355,0.096146,26844,420967,0.05007,30481,1229322,0.146216,8407551
2,2021-02-17,62097,1708677,31889,849190,30208,859487,0,0,30737,808671,0.096184,31248,452215,0.053787,31564,1260886,0.149971,8407551
2,2021-02-18,66813,1775490,33655,882845,33158,892645,0,0,32435,808172,0.096125,34095,486310,0.057842,33596,1294482,0.153967,8407551
2,2021-02-19,60153,1835643,33216,916061,26937,919582,0,0,29777,808380,0.096149,30163,516473,0.06143,30371,1324853,0.157579,8407551
2,2021-02-20,38042,1873685,24648,940709,13394,932976,0,0,20605,812369,0.096624,17320,533793,0.06349,21309,1346162,0.160113,8407551
2,2021-02-21,21954,1895639,17719,958428,4235,937211,0,0,10826,813021,0.096701,11015,544808,0.0648,11667,1357829,0.161501,8407551
2,2021-02-22,39798,1935437,27151,985579,12647,949858,0,0,18820,811744,0.096549,20809,565617,0.067275,19532,1377361,0.163824,8407551
2,2021-02-23,54225,1989662,27673,1013252,26552,976410,0,0,23736,807193,0.096008,30202,595819,0.070867,25651,1403012,0.166875,8407551
2,2021-02-24,71586,2061248,36741,1049993,34845,1011255,0,0,32699,803663,0.095588,38641,634460,0.075463,35111,1438123,0.171051,8407551
2,2021-02-25,77701,2138949,36721,1086714,40980,1052235,0,0,39356,807839,0.096085,38052,672512,0.079989,42228,1480351,0.176074,8407551
2,2021-02-26,86314,2225263,36997,1123711,49317,1101552,0,0,46290,816660,0.097134,39687,712199,0.084709,48508,1528859,0.181844,8407551
2,2021-02-27,63172,2288435,29321,1153032,33842,1135394,9,9,34179,823459,0.097943,28738,740937,0.088128,35537,1564396,0.18607,8407551
2,2021-02-28,31146,2319581,18663,1171695,12482,1147876,1,10,18033,829377,0.098647,12973,753910,0.089671,18891,1583287,0.188317,8407551
2,2021-03-01,59402,2378983,30933,1202628,28388,1176264,81,91,32399,836444,0.099487,26657,780567,0.092841,33724,1617011,0.192328,8407551
2,2021-03-02,71130,2450113,34134,1236762,36980,1213244,16,107,39761,847445,0.100796,31159,811726,0.096547,42160,1659171,0.197343,8407551
2,2021-03-03,82105,2532218,39541,1276303,42543,1255787,21,128,46288,860832,0.102388,35575,847301,0.100779,48962,1708133,0.203167,8407551
2,2021-03-04,89950,2622168,44051,1320354,45865,1301652,34,162,51388,876386,0.104238,38286,885587,0.105332,53840,1761973,0.20957,8407551
2,2021-03-05,83674,2705842,39272,1359626,44078,1345730,324,486,50670,897049,0.106696,32736,918323,0.109226,53399,1815372,0.215922,8407551
2,2021-03-06,63706,2769548,31012,1390638,30965,1376695,1729,2215,38924,914500,0.108771,24630,942953,0.112155,42081,1857453,0.220927,8407551
2,2021-03-07,28941,2798489,16417,1407055,10968,1387663,1556,3771,18297,924911,0.11001,10561,953514,0.113412,20972,1878425,0.223421,8407551
2,2021-03-08,51333,2849822,23518,1430573,25227,1412890,2588,6359,32195,942319,0.11208,19012,972526,0.115673,36420,1914845,0.227753,8407551
2,2021-03-09,71269,2921091,32450,1463023,34932,1447822,3887,10246,39396,955231,0.113616,31714,1004240,0.119445,44626,1959471,0.233061,8407551
2,2021-03-10,79018,3000109,37305,1500328,35116,1482938,6597,16843,41751,967853,0.115117,37025,1041265,0.123849,49647,2009118,0.238966,8407551
2,2021-03-11,93794,3093903,43196,1543524,42176,1525114,8422,25265,48748,981673,0.116761,44709,1085974,0.129167,58529,2067647,0.245927,8407551
2,2021-03-12,94738,3188641,39064,1582588,43724,1568838,11950,37215,46923,994357,0.11827,47533,1133507,0.13482,60217,2127864,0.25309,8407551
2,2021-03-13,69569,3258210,29037,1611625,32490,1601328,8042,45257,38041,1010317,0.120168,31369,1164876,0.138551,47329,2175193,0.258719,8407551
2,2021-03-14,37199,3295409,18405,1630030,14274,1615602,4520,49777,18670,1015821,0.120822,18412,1183288,0.140741,23916,2199109,0.261564,8407551
2,2021-03-15,67869,3363278,30622,1660652,32214,1647816,5033,54810,37320,1028965,0.122386,30296,1213584,0.144345,43440,2242549,0.26673,8407551
2,2021-03-16,86802,3450080,38440,1699092,44314,1692130,4048,58858,52251,1052054,0.125132,34321,1247905,0.148427,57410,2299959,0.273559,8407551
2,2021-03-17,93483,3543563,44755,1743847,44513,1736643,4215,63073,59154,1082191,0.128717,34026,1281931,0.152474,64163,2364122,0.28119,8407551
2,2021-03-18,98850,3642413,47134,1790981,47028,1783671,4688,67761,59811,1108541,0.131851,38689,1320620,0.157075,65039,2429161,0.288926,8407551
2,2021-03-19,97958,3740371,46493,1837474,45347,1829018,6118,73879,57688,1132902,0.134748,39933,1360553,0.161825,64294,2493455,0.296573,8407551
2,2021-03-20,70348,3810719,34018,1871492,32313,1861331,4017,77896,45753,1158670,0.137813,24342,1384895,0.16472,50110,2543565,0.302533,8407551
2,2021-03-21,33906,3844625,21800,1893292,10086,1871417,2020,79916,20239,1167864,0.138907,13495,1398390,0.166325,22689,2566254,0.305232,8407551
2,2021-03-22,63348,3907973,34880,1928172,25822,1897239,2646,82562,41833,1191986,0.141776,21251,1419641,0.168853,45373,2611627,0.310629,8407551
2,2021-03-23,84419,3992392,44873,1973045,36605,1933844,2941,85503,52208,1216077,0.144641,31894,1451535,0.172647,55985,2667612,0.317288,8407551
2,2021-03-24,92597,4084989,49668,2022713,39728,1973572,3201,88704,53890,1235646,0.146969,38337,1489872,0.177206,57906,2725518,0.324175,8407551
2,2021-03-25,102280,4187269,51592,2074305,46745,2020317,3943,92647,57389,1253254,0.149063,44492,1534364,0.182498,62100,2787618,0.331561,8407551
2,2021-03-26,104357,4291626,51813,2126118,49027,2069344,3517,96164,56575,1267020,0.1507,47361,1581725,0.188131,61127,2848745,0.338832,8407551
2,2021-03-27,76222,4367848,38002,2164120,34883,2104227,3337,99501,37949,1271187,0.151196,37978,1619703,0.192649,42145,2890890,0.343844,8407551
2,2021-03-28,38114,4405962,23564,2187684,13734,2117961,816,100317,20251,1275402,0.151697,17705,1637408,0.194754,21920,2912810,0.346452,8407551
2,2021-03-29,72325,4478287,36748,2224432,33286,2151247,2291,102608,40739,1288088,0.153206,31340,1668748,0.198482,44026,2956836,0.351688,8407551
2,2021-03-30,92923,4571210,45530,2269962,42987,2194234,4406,107014,51808,1304050,0.155105,40877,1709625,0.203344,56839,3013675,0.358449,8407551
2,2021-03-31,102135,4673345,52645,2322607,44335,2238569,5155,112169,57705,1323210,0.157384,44080,1753705,0.208587,63240,3076915,0.36597,8407551
2,2021-04-01,118641,4791986,57207,2379814,52062,2290631,9372,121541,64230,1343268,0.159769,53926,1807631,0.215001,73984,3150899,0.37477,8407551
2,2021-04-02,112378,4904364,51869,2431683,50219,2340850,10290,131831,59879,1361825,0.161976,52053,1859684,0.221192,70610,3221509,0.383169,8407551
2,2021-04-03,77080,4981444,37780,2469463,29403,2370253,9897,141728,38049,1371336,0.163108,38792,1898476,0.225806,48303,3269812,0.388914,8407551
2,2021-04-04,29168,5010612,15009,2484472,10275,2380528,3884,145612,13051,1372293,0.163221,15995,1914471,0.227709,16952,3286764,0.39093,8407551
2,2021-04-05,79789,5090401,39043,2523515,31824,2412352,8922,154534,38288,1378944,0.164013,41293,1955764,0.23262,47944,3334708,0.396633,8407551
2,2021-04-06,104489,5194890,50805,2574320,38867,2451219,14817,169351,49272,1388514,0.165151,54903,2010667,0.23915,64473,3399181,0.404301,8407551
2,2021-04-07,111275,5306165,55480,2629800,39407,2490626,16388,185739,52104,1398370,0.166323,58848,2069515,0.24615,68704,3467885,0.412473,8407551
2,2021-04-08,120064,5426229,57703,2687503,43447,2534073,18914,204653,55554,1409216,0.167613,64112,2133627,0.253775,74958,3542843,0.421388,8407551
2,2021-04-09,119500,5545729,57470,2744973,43738,2577811,18292,222945,56306,1421823,0.169113,62783,2196410,0.261243,75390,3618233,0.430355,8407551
2,2021-04-10,87860,5633589,37814,2782787,31553,2609364,18493,241438,36145,1425649,0.169568,51429,2247839,0.26736,55255,3673488,0.436927,8407551
2,2021-04-11,44742,5678331,23193,2805980,13015,2622379,8534,249972,18301,1426907,0.169717,26276,2274115,0.270485,27534,3701022,0.440202,8407551
2,2021-04-12,80628,5758959,37515,2843495,33617,2655996,9496,259468,35835,1428713,0.169932,44498,2318613,0.275777,46304,3747326,0.44571,8407551
2,2021-04-13,102261,5861220,53058,2896553,48935,2704931,268,259736,55808,1439544,0.17122,46141,2364754,0.281265,56972,3804298,0.452486,8407551
2,2021-04-14,107308,5968528,56189,2952742,51055,2755986,64,259800,54596,1443281,0.171665,52365,2417119,0.287494,56102,3860400,0.459159,8407551
2,2021-04-15,113760,6082288,60379,3013121,53281,2809267,100,259900,59156,1449447,0.172398,54170,2471289,0.293937,60336,3920736,0.466335,8407551
2,2021-04-16,111298,6193586,57853,3070974,53384,2862651,61,259961,56402,1452255,0.172732,54509,2525798,0.30042,57317,3978053,0.473152,8407551
2,2021-04-17,83819,6277405,42610,3113584,41193,2903844,16,259977,46680,1462970,0.174007,36857,2562655,0.304804,47572,4025625,0.478811,8407551
2,2021-04-18,36111,6313516,21948,3135532,14151,2917995,12,259989,17033,1462079,0.173901,18929,2581584,0.307055,18038,4043663,0.480956,8407551
2,2021-04-19,75040,6388556,40337,3175869,34684,2952679,19,260008,33949,1455867,0.173162,40796,2622380,0.311908,34584,4078247,0.48507,8407551
2,2021-04-20,97739,6486295,49436,3225305,48272,3000951,31,260039,47039,1453364,0.172864,50321,2672701,0.317893,47818,4126065,0.490757,8407551
2,2021-04-21,104271,6590566,56426,3281731,47774,3048725,71,260110,48951,1448571,0.172294,54797,2727498,0.324411,50004,4176069,0.496705,8407551
2,2021-04-22,108787,6699353,56224,3337955,52534,3101259,29,260139,47497,1436176,0.17082,60802,2788300,0.331642,48407,4224476,0.502462,8407551
2,2021-04-23,108423,6807776,57795,3395750,50607,3151866,21,260160,49951,1429050,0.169972,58027,2846327,0.338544,50901,4275377,0.508516,8407551
2,2021-04-24,81250,6889026,47777,3443527,33429,3185295,44,260204,42235,1433635,0.170518,38639,2884966,0.34314,43224,4318601,0.513657,8407551
2,2021-04-25,36758,6925784,22637,3466164,14104,3199399,17,260221,19953,1437441,0.17097,16639,2901605,0.345119,20445,4339046,0.516089,8407551
2,2021-04-26,74564,7000348,41285,3507449,32961,3232360,318,260539,34163,1433286,0.170476,40099,2941704,0.349888,35944,4374990,0.520364,8407551
2,2021-04-27,88597,7088945,46712,3554161,40507,3272867,1378,261917,37899,1423536,0.169316,50279,2991983,0.355869,40529,4415519,0.525185,8407551
2,2021-04-28,88598,7177543,47322,3601483,39393,3312260,1883,263800,38942,1416005,0.168421,49278,3041261,0.36173,41747,4457266,0.53015,8407551
2,2021-04-29,91710,7269253,49884,3651367,40105,3352365,1721,265521,35545,1398146,0.166296,55738,3096999,0.368359,37879,4495145,0.534656,8407551
2,2021-04-30,95171,7364424,52567,3703934,40586,3392951,2018,267539,36865,1379883,0.164124,57804,3154803,0.375234,39541,4534686,0.539359,8407551
2,2021-05-01,63028,7427452,38371,3742305,23043,3415994,1614,269153,24564,1368822,0.162809,38104,3192907,0.379767,27043,4561729,0.542575,8407551
2,2021-05-02,29417,7456869,20479,3762784,7959,3423953,979,270132,11163,1362946,0.16211,18107,3211014,0.38192,12231,4573960,0.54403,8407551
2,2021-05-03,60885,7517754,36137,3798921,22671,3446624,2077,272209,20403,1345500,0.160035,40186,3251200,0.3867,22740,4596700,0.546735,8407551
2,2021-05-04,80248,7598002,47898,3846819,29937,3476561,2413,274622,25984,1320400,0.157049,53888,3305088,0.393109,28788,4625488,0.550159,8407551
2,2021-05-05,81003,7679005,48239,3895058,30401,3506962,2363,276985,25248,1293046,0.153796,55332,3360420,0.399691,27978,4653466,0.553487,8407551
2,2021-05-06,83456,7762461,50700,3945758,29819,3536781,2937,279922,25243,1264156,0.15036,57707,3418127,0.406554,28817,4682283,0.556914,8407551
2,2021-05-07,84251,7846712,48650,3994408,33163,3569944,2438,282360,25741,1234702,0.146856,58084,3476211,0.413463,28630,4710913,0.560319,8407551
2,2021-05-08,55979,7902691,33963,4028371,20286,3590230,1730,284090,17454,1216343,0.144673,38276,3514487,0.418016,19917,4730830,0.562688,8407551
2,2021-05-09,21971,7924662,15818,4044189,5401,3595631,752,284842,6330,1208115,0.143694,15541,3530028,0.419864,7313,4738143,0.563558,8407551
2,2021-05-10,50559,7975221,27576,4071765,21089,3616720,1894,286736,14196,1188725,0.141388,36082,3566110,0.424156,16692,4754835,0.565543,8407551
2,2021-05-11,66702,8041923,36173,4107938,28383,3645103,2146,288882,20027,1165247,0.138595,46340,3612450,0.429667,22862,4777697,0.568263,8407551
2,2021-05-12,65599,8107522,34961,4142899,28396,3673499,2242,291124,19255,1141150,0.135729,46009,3658459,0.43514,21912,4799609,0.570869,8407551
2,2021-05-13,71417,8178939,41472,4184371,27992,3701491,1953,293077,26071,1124885,0.133795,45030,3703489,0.440496,28765,4828374,0.57429,8407551
2,2021-05-14,80417,8259356,48199,4232570,29941,3731432,2277,295354,30814,1109407,0.131954,49214,3752703,0.446349,33736,4862110,0.578303,8407551
2,2021-05-15,66923,8326279,43957,4276527,21242,3752674,1724,297078,25900,1096692,0.130441,40745,3793448,0.451195,28030,4890140,0.581637,8407551
2,2021-05-16,31855,8358134,23839,4300366,7087,3759761,929,298007,12947,1091942,0.129876,18762,3812210,0.453427,14012,4904152,0.583303,8407551
2,2021-05-17,58311,8416445,36931,4337297,19414,3779175,1966,299973,22917,1082058,0.128701,35135,3847345,0.457606,25251,4929403,0.586307,8407551
2,2021-05-18,70549,8486994,41257,4378554,27324,3806499,1968,301941,27956,1070230,0.127294,42296,3889641,0.462637,30468,4959871,0.589931,8407551
2,2021-05-19,69375,8556369,41069,4419623,26271,3832770,2035,303976,27406,1058511,0.1259,41630,3931271,0.467588,29911,4989782,0.593488,8407551
2,2021-05-20,70071,8626440,40678,4460301,27194,3859964,2199,306175,26635,1044876,0.124278,43074,3974345,0.472711,29439,5019221,0.59699,8407551
2,2021-05-21,73668,8700108,43516,4503817,27973,3887937,2179,308354,27985,1030309,0.122546,45294,4019639,0.478099,30727,5049948,0.600644,8407551
2,2021-05-22,54016,8754124,34298,4538115,17938,3905875,1780,310134,22524,1023908,0.121784,31248,4050887,0.481815,24847,5074795,0.6036,8407551
2,2021-05-23,24537,8778661,16749,4554864,7064,3912939,724,310858,10290,1020955,0.121433,14110,4064997,0.483494,11157,5085952,0.604927,8407551
2,2021-05-24,45260,8823921,25741,4580605,17732,3930671,1787,312645,17385,1012842,0.120468,27628,4092625,0.48678,19515,5105467,0.607248,8407551
2,2021-05-25,51357,8875278,30100,4610705,19380,3950051,1877,314522,19536,1003298,0.119333,31496,4124121,0.490526,21952,5127419,0.609859,8407551
2,2021-05-26,49149,8924427,27559,4638264,19889,3969940,1701,316223,19219,994985,0.118344,29573,4153694,0.494043,21260,5148679,0.612387,8407551
2,2021-05-27,47111,8971538,26725,4664989,18642,3988582,1744,317967,18773,987933,0.117505,28072,4181766,0.497382,21020,5169699,0.614888,8407551
2,2021-05-28,50703,9022241,28049,4693038,20662,4009244,1992,319959,21249,982436,0.116852,29174,4210940,0.500852,23677,5193376,0.617704,8407551
2,2021-05-29,29285,9051526,17541,4710579,10674,4019918,1070,321029,13320,981219,0.116707,15791,4226731,0.50273,14574,5207950,0.619437,8407551
2,2021-05-30,12718,9064244,8194,4718773,3754,4023672,770,321799,5537,980481,0.116619,7111,4233842,0.503576,6373,5214323,0.620195,8407551
2,2021-05-31,5956,9070200,3495,4722268,2156,4025828,305,322104,1859,978660,0.116403,4033,4237875,0.504056,2212,5216535,0.620458,8407551
2,2021-06-01,45289,9115489,26028,4748296,17585,4043413,1676,323780,15736,967238,0.115044,29203,4267078,0.507529,17781,5234316,0.622573,8407551
2,2021-06-02,38651,9154140,22759,4771055,14465,4057878,1427,325207,15128,960852,0.114284,23240,4290318,0.510293,16854,5251170,0.624578,8407551
2,2021-06-03,41918,9196058,27021,4798076,13412,4071290,1485,326692,14147,949352,0.112917,27518,4317836,0.513566,16018,5267188,0.626483,8407551
2,2021-06-04,48739,9244797,31854,4829930,15317,4086607,1568,328260,15758,934550,0.111156,32653,4350489,0.51745,17851,5285039,0.628606,8407551
2,2021-06-05,38239,9283036,27308,4857238,9458,4096065,1473,329733,11888,922236,0.109691,26101,4376590,0.520555,13787,5298826,0.630246,8407551
2,2021-06-06,14983,9298019,12291,4869529,2110,4098175,582,330315,4661,917419,0.109118,10255,4386845,0.521774,5438,5304264,0.630893,8407551
2,2021-06-07,33581,9331600,23510,4893039,8782,4106957,1289,331604,11002,907538,0.107943,22408,4409253,0.52444,12527,5316791,0.632383,8407551
2,2021-06-08,40753,9372353,28830,4921869,10548,4117505,1375,332979,12490,893778,0.106307,28009,4437262,0.527771,14249,5331040,0.634078,8407551
2,2021-06-09,38279,9410632,26729,4948598,10049,4127554,1501,334480,11563,880656,0.104746,26512,4463774,0.530924,13390,5344430,0.63567,8407551
2,2021-06-10,38003,9448635,26433,4975031,10034,4137588,1536,336016,11641,868151,0.103258,26159,4489933,0.534036,13654,5358084,0.637294,8407551
2,2021-06-11,41724,9490359,27727,5002758,12316,4149904,1681,337697,13368,855422,0.101744,28082,4518015,0.537376,15353,5373437,0.63912,8407551
2,2021-06-12,29801,9520160,21963,5024721,6918,4156822,920,338617,8732,844389,0.100432,20921,4538936,0.539864,9888,5383325,0.640296,8407551
2,2021-06-13,12276,9532436,8971,5033692,2682,4159504,623,339240,3120,839211,0.099816,9089,4548025,0.540945,3911,5387236,0.640762,8407551
2,2021-06-14,30229,9562665,21464,5055156,7549,4167053,1216,340456,10441,831463,0.098895,19607,4567632,0.543277,11859,5399095,0.642172,8407551
2,2021-06-15,36044,9598709,24034,5079190,9943,4176996,2067,342523,12120,822385,0.097815,23641,4591273,0.546089,14563,5413658,0.643904,8407551
2,2021-06-16,33433,9632142,23107,5102297,8510,4185506,1816,344339,11562,814394,0.096865,21684,4612957,0.548668,13693,5427351,0.645533,8407551
2,2021-06-17,31068,9663210,20771,5123068,8491,4193997,1806,346145,11002,807532,0.096048,19879,4632836,0.551033,13017,5440368,0.647081,8407551
2,2021-06-18,34836,9698046,22958,5146026,9995,4203992,1883,348028,12615,800288,0.095187,21992,4654828,0.553649,14748,5455116,0.648835,8407551
2,2021-06-19,21011,9719057,14633,5160659,5115,4209107,1263,349291,7919,796742,0.094765,12925,4667753,0.555186,9379,5464495,0.649951,8407551
2,2021-06-20,8312,9727369,5944,5166603,1902,4211009,466,349757,3070,795152,0.094576,5196,4672949,0.555804,3606,5468101,0.65038,8407551
2,2021-06-21,19383,9746752,11872,5178475,6186,4217195,1325,351082,9886,797170,0.094816,9373,4682322,0.556919,11391,5479492,0.651735,8407551
2,2021-06-22,26931,9773683,18444,5196919,7102,4224297,1385,352467,10517,793108,0.094333,16238,4698560,0.55885,12176,5491668,0.653183,8407551
2,2021-06-23,25988,9799671,17938,5214857,6421,4230718,1629,354096,10539,790270,0.093995,15299,4713859,0.56067,12461,5504129,0.654665,8407551
2,2021-06-24,25464,9825135,17343,5232200,6589,4237307,1532,355628,10460,787646,0.093683,14847,4728706,0.562436,12223,5516352,0.656119,8407551
2,2021-06-25,28913,9854048,19595,5251795,7818,4245125,1500,357128,12017,784673,0.09333,16729,4745435,0.564425,13756,5530108,0.657755,8407551
2,2021-06-26,18760,9872808,13813,5265608,4009,4249134,938,358066,7639,782478,0.093068,11027,4756462,0.565737,8832,5538940,0.658805,8407551
2,2021-06-27,8889,9881697,6790,5272398,1648,4250782,451,358517,3573,781368,0.092936,5258,4761720,0.566362,4148,5543088,0.659299,8407551
2,2021-06-28,19991,9901688,15187,5287585,3554,4254336,1250,359767,8826,780611,0.092846,11026,4772746,0.567674,10269,5553357,0.66052,8407551
2,2021-06-29,22954,9924642,15992,5303577,5881,4260217,1081,360848,9855,778825,0.092634,12957,4785703,0.569215,11171,5564528,0.661849,8407551
2,2021-06-30,22245,9946887,15784,5319361,5430,4265647,1031,361879,9956,777905,0.092525,12136,4797839,0.570658,11216,5575744,0.663183,8407551
2,2021-07-01,20163,9967050,14254,5333615,5007,4270654,902,362781,8987,776961,0.092412,11036,4808875,0.571971,10092,5585836,0.664383,8407551
2,2021-07-02,23191,9990241,16007,5349622,6153,4276807,1031,363812,10289,775755,0.092269,12730,4821605,0.573485,11524,5597360,0.665754,8407551
2,2021-07-03,12670,10002911,9132,5358754,3060,4279867,478,364290,5808,775400,0.092227,6764,4828369,0.57429,6409,5603769,0.666516,8407551
2,2021-07-04,1019,10003930,598,5359352,354,4280221,67,364357,437,775357,0.092222,570,4828939,0.574357,527,5604296,0.666579,8407551
2,2021-07-05,11167,10015097,8172,5367524,2585,4282806,410,364767,5133,775068,0.092187,5960,4834899,0.575066,5671,5609967,0.667253,8407551
2,2021-07-06,24024,10039121,17441,5384965,5568,4288374,1015,365782,9300,771097,0.091715,14557,4849456,0.576798,10586,5620553,0.668513,8407551
2,2021-07-07,20733,10059854,14786,5399751,4837,4293211,1110,366892,8787,769457,0.09152,11799,4861255,0.578201,10159,5630712,0.669721,8407551
2,2021-07-08,19275,10079129,13431,5413182,4801,4298012,1043,367935,8097,767733,0.091315,11067,4872322,0.579517,9343,5640055,0.670832,8407551
2,2021-07-09,22727,10101856,15762,5428944,5706,4303718,1259,369194,9664,765932,0.0911,12923,4885245,0.581054,11122,5651177,0.672155,8407551
2,2021-07-10,14412,10116268,10634,5439578,3089,4306807,689,369883,6367,765196,0.091013,7949,4893194,0.582,7213,5658390,0.673013,8407551
2,2021-07-11,6582,10122850,4843,5444421,1389,4308196,350,370233,3100,765280,0.091023,3437,4896631,0.582409,3521,5661911,0.673432,8407551
2,2021-07-12,18282,10141132,13447,5457868,3962,4312158,873,371106,7875,763942,0.090864,10285,4906916,0.583632,8947,5670858,0.674496,8407551
2,2021-07-13,19644,10160776,13877,5471745,4881,4317039,886,371992,8820,763172,0.090772,10671,4917587,0.584901,9901,5680759,0.675673,8407551
2,2021-07-14,18797,10179573,13425,5485170,4580,4321619,792,372784,8419,762348,0.090674,10244,4927831,0.58612,9420,5690179,0.676794,8407551
2,2021-07-15,18916,10198489,13713,5498883,4498,4326117,705,373489,8608,761689,0.090596,10188,4938019,0.587331,9529,5699708,0.677927,8407551
2,2021-07-16,22962,10221451,16522,5515405,5606,4331723,834,374323,11021,761945,0.090626,11805,4949824,0.588736,12061,5711769,0.679362,8407551
2,2021-07-17,14429,10235880,10510,5525915,3385,4335108,534,374857,6974,762225,0.09066,7363,4957187,0.589611,7643,5719412,0.680271,8407551
2,2021-07-18,7012,10242892,5239,5531154,1444,4336552,329,375186,3545,762745,0.090721,3424,4960611,0.590019,3944,5723356,0.68074,8407551
2,2021-07-19,18476,10261368,13765,5544919,3965,4340517,746,375932,9172,763657,0.09083,9187,4969798,0.591111,10099,5733455,0.681941,8407551
2,2021-07-20,21028,10282396,14979,5559898,5203,4345720,846,376778,10684,765199,0.091013,10206,4980004,0.592325,11748,5745203,0.683338,8407551
2,2021-07-21,20521,10302917,14946,5574844,4801,4350521,774,377552,10653,767081,0.091237,9740,4989744,0.593484,11622,5756825,0.684721,8407551
2,2021-07-22,20439,10323356,14600,5589444,4970,4355491,869,378421,10921,769674,0.091546,9369,4999113,0.594598,11962,5768787,0.686144,8407551
2,2021-07-23,24588,10347944,17231,5606675,6304,4361795,1053,379474,13392,773279,0.091974,11036,5010149,0.595911,14641,5783428,0.687885,8407551
2,2021-07-24,14909,10362853,10754,5617429,3658,4365453,497,379971,8338,775768,0.09227,6460,5016609,0.596679,8949,5792377,0.688949,8407551
2,2021-07-25,6738,10369591,4965,5622394,1630,4367083,143,380114,4983,779226,0.092682,1707,5018316,0.596882,5165,5797542,0.689564,8407551
2,2021-07-26,19200,10388791,13557,5635951,4859,4371942,784,380898,12160,785394,0.093415,6901,5025217,0.597703,13069,5810611,0.691118,8407551
2,2021-07-27,23028,10411819,16675,5652626,5487,4377429,866,381764,13489,790528,0.094026,9370,5034587,0.598817,14504,5825115,0.692843,8407551
2,2021-07-28,22738,10434557,16267,5668893,5567,4382996,904,382668,13455,795959,0.094672,9112,5043699,0.599901,14543,5839658,0.694573,8407551
2,2021-07-29,21542,10456099,15446,5684339,5176,4388172,920,383588,13024,801682,0.095353,8370,5052069,0.600897,14093,5853751,0.696249,8407551
2,2021-07-30,26335,10482434,18753,5703092,6616,4394788,966,384554,15770,808253,0.096134,10365,5062434,0.602129,16936,5870687,0.698264,8407551
2,2021-07-31,15759,10498193,11610,5714702,3640,4398428,509,385063,9537,812340,0.09662,6095,5068529,0.602854,10182,5880869,0.699475,8407551
2,2021-08-01,8072,10506265,6211,5720913,1689,4400117,172,385235,5294,815157,0.096955,2713,5071242,0.603177,5530,5886399,0.700132,8407551
2,2021-08-02,21302,10527567,16020,5736933,4519,4404636,763,385998,13501,821879,0.097755,7657,5078899,0.604088,14379,5900778,0.701843,8407551
2,2021-08-03,24140,10551707,17601,5754534,5524,4410160,1015,387013,15011,829062,0.098609,8975,5087874,0.605155,16158,5916936,0.703765,8407551
2,2021-08-04,22796,10574503,16896,5771430,5027,4415187,873,387886,14211,835805,0.099411,8437,5096311,0.606159,15180,5932116,0.70557,8407551
2,2021-08-05,23171,10597674,16991,5788421,5237,4420424,943,388829,14330,842521,0.10021,8670,5104981,0.60719,15386,5947502,0.7074,8407551
2,2021-08-06,27717,10625391,20302,5808723,6426,4426850,989,389818,16877,849860,0.101083,10654,5115635,0.608457,17993,5965495,0.70954,8407551
2,2021-08-07,16902,10642293,12568,5821291,3737,4430587,597,390415,10376,854501,0.101635,6413,5122048,0.60922,11054,5976549,0.710855,8407551
2,2021-08-08,9373,10651666,7099,5828390,2045,4432632,229,390644,5854,857192,0.101955,3434,5125482,0.609628,6125,5982674,0.711583,8407551
2,2021-08-09,23316,10674982,17893,5846283,4657,4437289,766,391410,14105,863145,0.102663,9047,5134529,0.610704,15000,5997674,0.713368,8407551
2,2021-08-10,24376,10699358,17957,5864240,5565,4442854,854,392264,14315,868568,0.103308,9883,5144412,0.61188,15306,6012980,0.715188,8407551
2,2021-08-11,22034,10721392,16454,5880694,4674,4447528,906,393170,12786,873288,0.103869,9070,5153482,0.612959,13790,6026770,0.716828,8407551
2,2021-08-12,23901,10745293,17101,5897795,5724,4453252,1076,394246,13930,878633,0.104505,9760,5163242,0.61412,15105,6041875,0.718625,8407551
2,2021-08-13,29858,10775151,21585,5919380,7227,4460479,1046,395292,17246,884807,0.10524,12251,5175493,0.615577,18425,6060300,0.720816,8407551
2,2021-08-14,18702,10793853,13780,5933160,4417,4464896,505,395797,10473,888281,0.105653,7641,5183134,0.616486,11115,6071415,0.722138,8407551
2,2021-08-15,9739,10803592,7304,5940464,2246,4467142,189,395986,5332,889898,0.105845,3975,5187109,0.616958,5592,6077007,0.722803,8407551
2,2021-08-16,24746,10828338,17513,5957977,6387,4473529,846,396832,12903,893194,0.106237,10598,5197707,0.618219,13894,6090901,0.724456,8407551
2,2021-08-17,25958,10854296,18374,5976351,6644,4480173,940,397772,12874,895503,0.106512,11631,5209338,0.619602,13940,6104841,0.726114,8407551
2,2021-08-18,26225,10880521,18622,5994973,6709,4486882,894,398666,12835,897715,0.106775,11666,5221004,0.62099,13878,6118719,0.727765,8407551
2,2021-08-19,26029,10906550,17977,6012950,7029,4493911,1023,399689,12908,900490,0.107105,11284,5232288,0.622332,14059,6132778,0.729437,8407551
2,2021-08-20,32467,10939017,22805,6035755,8618,4502529,1044,400733,15265,902160,0.107304,14785,5247073,0.624091,16455,6149233,0.731394,8407551
2,2021-08-21,19026,10958043,14043,6049798,4434,4506963,549,401282,9063,903030,0.107407,8877,5255950,0.625146,9747,6158980,0.732553,8407551
2,2021-08-22,10690,10968733,7917,6057715,2560,4509523,213,401495,5278,903753,0.107493,4845,5260795,0.625723,5568,6164548,0.733216,8407551
2,2021-08-23,26680,10995413,19516,6077231,6442,4515965,722,402217,12479,904790,0.107616,12409,5273204,0.627199,13446,6177994,0.734815,8407551
2,2021-08-24,27373,11022786,20382,6097613,6121,4522086,870,403087,12109,904587,0.107592,13398,5286602,0.628792,13195,6191189,0.736384,8407551
2,2021-08-25,26248,11049034,19911,6117524,5603,4527689,734,403821,11945,904924,0.107632,12552,5299154,0.630285,12889,6204078,0.737917,8407551
2,2021-08-26,26398,11075432,19686,6137210,5893,4533582,819,404640,11812,905070,0.10765,12670,5311824,0.631792,12816,6216894,0.739442,8407551
2,2021-08-27,32424,11107856,24115,6161325,7410,4540992,899,405539,13494,903364,0.107447,16373,5328197,0.633739,14667,6231561,0.741186,8407551
2,2021-08-28,19127,11126983,14610,6175935,4150,4545142,367,405906,8116,902220,0.107311,9812,5338009,0.634907,8668,6240229,0.742217,8407551
2,2021-08-29,11153,11138136,8532,6184467,2471,4547613,150,406056,4819,901612,0.107238,5700,5343709,0.635584,5092,6245321,0.742823,8407551
2,2021-08-30,25694,11163830,19167,6203634,5855,4553468,672,406728,10518,899875,0.107032,13179,5356888,0.637152,11442,6256763,0.744184,8407551
2,2021-08-31,25191,11189021,18355,6221989,6148,4559616,688,407416,10192,898136,0.106825,12846,5369734,0.63868,11107,6267870,0.745505,8407551
2,2021-09-01,24081,11213102,17551,6239540,5859,4565475,671,408087,10416,897940,0.106802,11502,5381236,0.640048,11306,6279176,0.74685,8407551
2,2021-09-02,13885,11226987,9845,6249385,3493,4568968,547,408634,5181,896622,0.106645,7114,5388350,0.640894,5796,6284972,0.747539,8407551
3,2020-12-15,342,342,342,342,0,0,0,0,342,342,4.2e-05,0,0,0.0,342,342,4.2e-05,8129050
3,2020-12-16,2537,2879,2537,2879,0,0,0,0,2537,2879,0.000354,0,0,0.0,2537,2879,0.000354,8129050
3,2020-12-17,7961,10840,7961,10840,0,0,0,0,7962,10841,0.001334,0,0,0.0,7962,10841,0.001334,8129050
3,2020-12-18,13585,24425,13564,24404,21,21,0,0,13580,24421,0.003004,0,0,0.0,13580,24421,0.003004,8129050
3,2020-12-19,7292,31717,7280,31684,12,33,0,0,7349,31768,0.003908,2,2,0.0,7349,31770,0.003908,8129050
3,2020-12-20,5706,37423,5693,37377,13,46,0,0,5756,37523,0.004616,1,3,0.0,5756,37526,0.004616,8129050
3,2020-12-21,14515,51938,14486,51863,29,75,0,0,14578,52100,0.006409,1,4,0.0,14578,52104,0.00641,8129050
3,2020-12-22,15019,66957,14405,66268,614,689,0,0,15054,67149,0.00826,5,9,1e-06,15054,67158,0.008261,8129050
3,2020-12-23,15038,81995,12377,78645,2661,3350,0,0,15060,82208,0.010113,2,11,1e-06,15061,82219,0.010114,8129050
3,2020-12-24,6878,88873,4920,83565,1958,5308,0,0,6874,89079,0.010958,3,14,2e-06,6874,89093,0.01096,8129050
3,2020-12-25,746,89619,684,84249,62,5370,0,0,741,89818,0.011049,2,16,2e-06,741,89834,0.011051,8129050
3,2020-12-26,4642,94261,3014,87263,1628,6998,0,0,4640,94458,0.01162,0,16,2e-06,4640,94474,0.011622,8129050
3,2020-12-27,3032,97293,1874,89137,1158,8156,0,0,3031,97489,0.011993,0,16,2e-06,3031,97505,0.011995,8129050
3,2020-12-28,13845,111138,8859,97996,4986,13142,0,0,13859,111339,0.013696,9,25,3e-06,13859,111364,0.0137,8129050
3,2020-12-29,15489,126627,8776,106772,6713,19855,0,0,15515,126851,0.015605,3,28,3e-06,15515,126879,0.015608,8129050
3,2020-12-30,18429,145056,10338,117110,8091,27946,0,0,18434,145283,0.017872,3,31,4e-06,18435,145314,0.017876,8129050
3,2020-12-31,8547,153603,3260,120370,5287,33233,0,0,8547,153828,0.018923,2,33,4e-06,8547,153861,0.018927,8129050
3,2021-01-01,1917,155520,922,121292,995,34228,0,0,1911,155737,0.019158,2,35,4e-06,1911,155772,0.019162,8129050
3,2021-01-02,5006,160526,2467,123759,2539,36767,0,0,5003,160739,0.019773,1,36,4e-06,5003,160775,0.019778,8129050
3,2021-01-03,1639,162165,861,124620,778,37545,0,0,1630,162367,0.019974,2,38,5e-06,1630,162405,0.019978,8129050
3,2021-01-04,12213,174378,6063,130683,6150,43695,0,0,12182,174540,0.021471,9,47,6e-06,12182,174587,0.021477,8129050
3,2021-01-05,15956,190334,8291,138974,7665,51360,0,0,14239,187116,0.023018,1697,1744,0.000215,14273,188860,0.023233,8129050
3,2021-01-06,20801,211135,11025,149999,9776,61136,0,0,16142,198657,0.024438,4612,6356,0.000782,16153,205013,0.02522,8129050
3,2021-01-07,26877,238012,15369,165368,11508,72644,0,0,17287,206415,0.025392,9549,15905,0.001957,17307,222320,0.027349,8129050
3,2021-01-08,30904,268916,18856,184224,12048,84692,0,0,18266,212097,0.026091,12614,28519,0.003508,18296,240616,0.0296,8129050
3,2021-01-09,12615,281531,7126,191350,5489,90181,0,0,8030,215560,0.026517,4577,33096,0.004071,8040,248656,0.030589,8129050
3,2021-01-10,7281,288812,4509,195859,2772,92953,0,0,4096,216482,0.026631,3182,36278,0.004463,4104,252760,0.031093,8129050
3,2021-01-11,29490,318302,19284,215143,10206,103159,0,0,16679,220416,0.027115,12795,49073,0.006037,16729,269489,0.033151,8129050
3,2021-01-12,33083,351385,19660,234803,13423,116582,0,0,20274,228057,0.028055,12786,61859,0.00761,20427,289916,0.035664,8129050
3,2021-01-13,35037,386422,18275,253078,16762,133344,0,0,24662,242376,0.029816,10370,72229,0.008885,24689,314605,0.038701,8129050
3,2021-01-14,35080,421502,14337,267415,20743,154087,0,0,29095,265603,0.032673,5909,78138,0.009612,29136,343741,0.042286,8129050
3,2021-01-15,39411,460913,14660,282075,24751,178838,0,0,34657,295609,0.036365,4731,82869,0.010194,34737,378478,0.046559,8129050
3,2021-01-16,22047,482960,7522,289597,14525,193363,0,0,19656,312910,0.038493,2379,85248,0.010487,19680,398158,0.04898,8129050
3,2021-01-17,13217,496177,4499,294096,8718,202081,0,0,12121,323953,0.039851,1096,86344,0.010622,12139,410297,0.050473,8129050
3,2021-01-18,24971,521148,13045,307141,11926,214007,0,0,19282,337583,0.041528,5703,92047,0.011323,19333,429630,0.052851,8129050
3,2021-01-19,41598,562746,21217,328358,20381,234388,0,0,32165,360432,0.044339,9405,101452,0.01248,32254,461884,0.056819,8129050
3,2021-01-20,46580,609326,23188,351546,23392,257780,0,0,36827,387640,0.047686,9709,111161,0.013675,36917,498801,0.06136,8129050
3,2021-01-21,48638,657964,21144,372690,27494,285274,0,0,42962,425097,0.052294,5592,116753,0.014362,43049,541850,0.066656,8129050
3,2021-01-22,50255,708219,20037,392727,30218,315492,0,0,45926,466773,0.05742,4324,121077,0.014894,46000,587850,0.072315,8129050
3,2021-01-23,30699,738918,12912,405639,17787,333279,0,0,27365,490877,0.060386,3323,124400,0.015303,27427,615277,0.075689,8129050
3,2021-01-24,18101,757019,8554,414193,9547,342826,0,0,16902,506617,0.062322,1195,125595,0.01545,16935,632212,0.077772,8129050
3,2021-01-25,41328,798347,18411,432604,22917,365743,0,0,31154,527718,0.064918,10149,135744,0.016699,31250,663462,0.081616,8129050
3,2021-01-26,47770,846117,22816,455420,24954,390697,0,0,37388,554854,0.068256,10367,146111,0.017974,37503,700965,0.08623,8129050
3,2021-01-27,52094,898211,24793,480213,27301,417998,0,0,41215,585348,0.072007,10808,156919,0.019303,41302,742267,0.09131,8129050
3,2021-01-28,52722,950933,24437,504650,28285,446283,0,0,43580,619945,0.076263,9047,165966,0.020416,43644,785911,0.096679,8129050
3,2021-01-29,51697,1002630,24728,529378,26969,473252,0,0,41753,652008,0.080207,9746,175712,0.021615,41809,827720,0.101822,8129050
3,2021-01-30,37844,1040474,17818,547196,20026,493278,0,0,33067,680449,0.083706,4722,180434,0.022196,33163,860883,0.105902,8129050
3,2021-01-31,22938,1063412,12914,560110,10024,503302,0,0,21485,700527,0.086176,1434,181868,0.022373,21512,882395,0.108548,8129050
3,2021-02-01,46692,1110104,21370,581480,25322,528624,0,0,35537,725024,0.089189,11085,192953,0.023736,35582,917977,0.112925,8129050
3,2021-02-02,55089,1165193,22979,604459,32110,560734,0,0,42429,754949,0.092871,12559,205512,0.025281,42484,960461,0.118152,8129050
3,2021-02-03,60598,1225791,26926,631385,33672,594406,0,0,44976,784540,0.096511,15462,220974,0.027183,45053,1005514,0.123694,8129050
3,2021-02-04,65047,1290838,28148,659533,36899,631305,0,0,47535,814908,0.100246,17298,238272,0.029311,47666,1053180,0.129558,8129050
3,2021-02-05,71313,1362151,30032,689565,41281,672586,0,0,49124,842321,0.103619,21926,260198,0.032008,49339,1102519,0.135627,8129050
3,2021-02-06,44076,1406227,21074,710639,23002,695588,0,0,34279,867050,0.106661,9748,269946,0.033208,34477,1136996,0.139868,8129050
3,2021-02-07,19932,1426159,12689,723328,7243,702831,0,0,15298,877863,0.107991,4615,274561,0.033775,15428,1152424,0.141766,8129050
3,2021-02-08,51998,1478157,25096,748424,26902,729733,0,0,33970,894143,0.109994,17889,292450,0.035976,34169,1186593,0.145969,8129050
3,2021-02-09,59340,1537497,28792,777216,30548,760281,0,0,34618,904613,0.111282,24510,316960,0.038991,34980,1221573,0.150273,8129050
3,2021-02-10,68980,1606477,32082,809298,36898,797179,0,0,36829,910121,0.111959,31845,348805,0.042908,37353,1258926,0.154868,8129050
3,2021-02-11,71544,1678021,35168,844466,36376,833555,0,0,37867,915274,0.112593,33273,382078,0.047002,38426,1297352,0.159595,8129050
3,2021-02-12,76451,1754472,32928,877394,43523,877078,0,0,42048,924049,0.113672,34050,416128,0.05119,42825,1340177,0.164863,8129050
3,2021-02-13,45564,1800036,20637,898031,24927,902005,0,0,26051,931304,0.114565,19390,435518,0.053576,26645,1366822,0.16814,8129050
3,2021-02-14,27633,1827669,13796,911827,13837,915842,0,0,15306,934824,0.114998,12256,447774,0.055083,15776,1382598,0.170081,8129050
3,2021-02-15,40603,1868272,17500,929327,23103,938945,0,0,22376,940051,0.115641,18108,465882,0.057311,23335,1405933,0.172952,8129050
3,2021-02-16,71015,1939287,33614,962941,37401,976346,0,0,36715,943691,0.116089,34131,500013,0.061509,37771,1443704,0.177598,8129050
3,2021-02-17,72787,2012074,36756,999697,36031,1012377,0,0,34342,940934,0.11575,38175,538188,0.066206,35418,1479122,0.181955,8129050
3,2021-02-18,77958,2090032,40708,1040405,37250,1049627,0,0,35899,936348,0.115185,41841,580029,0.071353,37255,1516377,0.186538,8129050
3,2021-02-19,70047,2160079,40333,1080738,29714,1079341,0,0,35260,937692,0.115351,34601,614630,0.075609,35945,1552322,0.19096,8129050
3,2021-02-20,43582,2203661,27477,1108215,16105,1095446,0,0,22650,940081,0.115645,20800,635430,0.078168,23189,1575511,0.193812,8129050
3,2021-02-21,24571,2228232,19725,1127940,4846,1100292,0,0,11795,939636,0.11559,12665,648095,0.079726,12220,1587731,0.195316,8129050
3,2021-02-22,48028,2276260,31254,1159194,16774,1117066,0,0,22428,937127,0.115281,25443,673538,0.082856,22934,1610665,0.198137,8129050
3,2021-02-23,64267,2340527,34868,1194062,29399,1146465,0,0,27914,930968,0.114524,36096,709634,0.087296,29937,1640602,0.20182,8129050
3,2021-02-24,80433,2420960,39537,1233599,40896,1187361,0,0,35331,924032,0.11367,44820,754454,0.09281,37884,1678486,0.20648,8129050
3,2021-02-25,90165,2511125,43911,1277510,46254,1233615,0,0,44710,926253,0.113944,45122,799576,0.09836,47343,1725829,0.212304,8129050
3,2021-02-26,101151,2612276,46247,1323757,54904,1288519,0,0,53142,934069,0.114905,47563,847139,0.104211,55379,1781208,0.219116,8129050
3,2021-02-27,71720,2683996,32941,1356698,38775,1327294,4,4,37609,939161,0.115531,33858,880997,0.108376,38950,1820158,0.223908,8129050
3,2021-02-28,41878,2725874,24199,1380897,17674,1344968,5,9,21162,940801,0.115733,20505,901502,0.110899,22145,1842303,0.226632,8129050
3,2021-03-01,70958,2796832,37583,1418480,33314,1378282,61,70,39397,950366,0.11691,31277,932779,0.114746,40842,1883145,0.231656,8129050
3,2021-03-02,82373,2879205,40608,1459088,41749,1420031,16,86,47400,965141,0.118727,34785,967564,0.119025,49560,1932705,0.237753,8129050
3,2021-03-03,92380,2971585,44197,1503285,48144,1468175,39,125,51499,978382,0.120356,40612,1008176,0.124021,53853,1986558,0.244378,8129050
3,2021-03-04,96768,3068353,47341,1550626,49402,1517577,25,150,54651,993537,0.122221,41844,1050020,0.129169,56999,2043557,0.251389,8129050
3,2021-03-05,93249,3161602,45542,1596168,47400,1564977,307,457,56218,1015608,0.124936,36720,1086740,0.133686,58791,2102348,0.258622,8129050
3,2021-03-06,66616,3228218,33758,1629926,30684,1595661,2174,2631,37900,1028596,0.126533,28543,1115283,0.137197,41531,2143879,0.263731,8129050
3,2021-03-07,39622,3267840,22834,1652760,14856,1610517,1932,4563,22259,1036662,0.127526,17277,1132560,0.139323,25343,2169222,0.266848,8129050
3,2021-03-08,60844,3328684,28950,1681710,28855,1639372,3039,7602,38406,1057369,0.130073,22258,1154818,0.142061,42965,2212187,0.272134,8129050
3,2021-03-09,78137,3406821,36049,1717759,37583,1676955,4505,12107,41927,1068889,0.13149,36032,1190850,0.146493,47552,2259739,0.277983,8129050
3,2021-03-10,84263,3491084,41894,1759653,36184,1713139,6185,18292,43927,1080268,0.13289,40083,1230933,0.151424,51462,2311201,0.284314,8129050
3,2021-03-11,98479,3589563,48187,1807840,41593,1754732,8699,26991,48109,1088038,0.133846,50063,1280996,0.157582,57833,2369034,0.291428,8129050
3,2021-03-12,103234,3692797,46100,1853940,45198,1799930,11936,38927,47030,1092116,0.134347,55915,1336911,0.164461,59993,2429027,0.298808,8129050
3,2021-03-13,71148,3763945,29952,1883892,33881,1833811,7315,46242,37485,1104702,0.135896,33502,1370413,0.168582,46088,2475115,0.304478,8129050
3,2021-03-14,41655,3805600,21753,1905645,16318,1850129,3584,49826,20975,1109289,0.13646,20578,1390991,0.171114,25165,2500280,0.307573,8129050
3,2021-03-15,76505,3882105,36282,1941927,35624,1885753,4599,54425,40246,1119103,0.137667,35993,1426984,0.175541,45807,2546087,0.313208,8129050
3,2021-03-16,95970,3978075,44254,1986181,47331,1933084,4385,58810,53826,1136330,0.139786,41861,1468845,0.180691,59088,2605175,0.320477,8129050
3,2021-03-17,99354,4077429,48239,2034420,46518,1979602,4597,63407,60182,1162828,0.143046,38900,1507745,0.185476,65398,2670573,0.328522,8129050
3,2021-03-18,104645,4182074,53178,2087598,46869,2026471,4598,68005,59805,1183228,0.145556,44517,1552262,0.190952,64917,2735490,0.336508,8129050
3,2021-03-19,104281,4286355,55965,2143563,43812,2070283,4504,72509,57901,1200078,0.147628,46063,1598325,0.196619,62913,2798403,0.344247,8129050
3,2021-03-20,72647,4359002,37427,2180990,31483,2101766,3737,76246,44577,1221018,0.150204,27833,1626158,0.200043,48773,2847176,0.350247,8129050
3,2021-03-21,36673,4395675,24884,2205874,10259,2112025,1530,77776,22004,1230488,0.151369,14537,1640695,0.201831,24007,2871183,0.3532,8129050
3,2021-03-22,71231,4466906,41847,2247721,26830,2138855,2554,80330,45161,1253416,0.15419,25787,1666482,0.205003,48715,2919898,0.359193,8129050
3,2021-03-23,90811,4557717,50243,2297964,37978,2176833,2590,82920,55189,1276576,0.157039,35314,1701796,0.209347,58474,2978372,0.366386,8129050
3,2021-03-24,99889,4657606,57486,2355450,39433,2216266,2970,85890,56335,1293334,0.1591,43142,1744938,0.214655,59900,3038272,0.373755,8129050
3,2021-03-25,108637,4766243,60344,2415794,45227,2261493,3066,88956,60640,1310071,0.161159,47596,1792534,0.22051,64333,3102605,0.381669,8129050
3,2021-03-26,111985,4878228,60084,2475878,48498,2309991,3403,92359,57167,1317051,0.162018,54419,1846953,0.227204,61399,3164004,0.389222,8129050
3,2021-03-27,75399,4953627,38353,2514231,34473,2344464,2573,94932,36215,1317580,0.162083,38918,1885871,0.231992,39447,3203451,0.394074,8129050
3,2021-03-28,44871,4998498,28296,2542527,15751,2360215,824,95756,22481,1319284,0.162293,22251,1908122,0.234729,23955,3227406,0.397021,8129050
3,2021-03-29,81793,5080291,42730,2585257,37194,2397409,1869,97625,44340,1329181,0.16351,37162,1945284,0.2393,47059,3274465,0.40281,8129050
3,2021-03-30,101496,5181787,49891,2635148,47879,2445288,3726,101351,56369,1345032,0.16546,44830,1990114,0.244815,60681,3335146,0.410275,8129050
3,2021-03-31,106160,5287947,57249,2692397,44005,2489293,4906,106257,56334,1357056,0.166939,49531,2039645,0.250908,61555,3396701,0.417847,8129050
3,2021-04-01,125184,5413131,63273,2755670,52022,2541315,9889,116146,67025,1376521,0.169334,57658,2097303,0.258001,77123,3473824,0.427335,8129050
3,2021-04-02,118978,5532109,58026,2813696,50472,2591787,10480,126626,62249,1393248,0.171391,56384,2153687,0.264937,73111,3546935,0.436328,8129050
3,2021-04-03,76638,5608747,39208,2852904,28123,2619910,9307,135933,38042,1402449,0.172523,38411,2192098,0.269662,47612,3594547,0.442185,8129050
3,2021-04-04,32675,5641422,17472,2870376,10945,2630855,4258,140191,14227,1402566,0.172538,18348,2210446,0.271919,18465,3613012,0.444457,8129050
3,2021-04-05,90536,5731958,45939,2916315,35236,2666091,9361,149552,43782,1409981,0.17345,46491,2256937,0.277638,53906,3666918,0.451088,8129050
3,2021-04-06,114470,5846428,55689,2972004,43436,2709527,15345,164897,53549,1418896,0.174546,60608,2317545,0.285094,69523,3736441,0.459641,8129050
3,2021-04-07,117269,5963697,60670,3032674,40176,2749703,16423,181320,56364,1431311,0.176074,60594,2378139,0.292548,73009,3809450,0.468622,8129050
3,2021-04-08,122368,6086065,60913,3093587,41103,2790806,20352,201672,56576,1443467,0.177569,65445,2443584,0.300599,77601,3887051,0.478168,8129050
3,2021-04-09,119513,6205578,59507,3153094,40673,2831479,19333,221005,52282,1448938,0.178242,66936,2510520,0.308833,72407,3959458,0.487075,8129050
3,2021-04-10,85051,6290629,38164,3191258,31468,2862947,15419,236424,34544,1449357,0.178294,50279,2560799,0.315018,50698,4010156,0.493312,8129050
3,2021-04-11,45628,6336257,24406,3215664,13110,2876057,8112,244536,17314,1447364,0.178048,28203,2589002,0.318488,26210,4036366,0.496536,8129050
3,2021-04-12,84759,6421016,42779,3258443,33052,2909109,8928,253464,38166,1449202,0.178274,46309,2635311,0.324184,48147,4084513,0.502459,8129050
3,2021-04-13,106319,6527335,57571,3316014,48534,2957643,214,253678,55778,1455829,0.17909,50258,2685569,0.330367,56885,4141398,0.509457,8129050
3,2021-04-14,108426,6635761,59280,3375294,49034,3006677,112,253790,53726,1456756,0.179204,54356,2739925,0.337054,55283,4196681,0.516257,8129050
3,2021-04-15,120145,6755906,67590,3442884,52467,3059144,88,253878,63831,1465562,0.180287,55937,2795862,0.343935,64743,4261424,0.524222,8129050
3,2021-04-16,116310,6872216,65223,3508107,50987,3110131,100,253978,60431,1471231,0.180984,55533,2851395,0.350766,61202,4322626,0.53175,8129050
3,2021-04-17,79955,6952171,43576,3551683,36363,3146494,16,253994,44355,1481236,0.182215,35349,2886744,0.355115,45354,4367980,0.53733,8129050
3,2021-04-18,39142,6991313,23682,3575365,15450,3161944,10,254004,18276,1479688,0.182025,20722,2907466,0.357664,19174,4387154,0.539688,8129050
3,2021-04-19,79631,7070944,44304,3619669,35267,3197211,60,254064,35638,1472156,0.181098,43750,2951216,0.363046,36218,4423372,0.544144,8129050
3,2021-04-20,101372,7172316,53357,3673026,47991,3245202,24,254088,48718,1469604,0.180784,52338,3003554,0.369484,49786,4473158,0.550268,8129050
3,2021-04-21,106611,7278927,59863,3732889,46666,3291868,82,254170,50101,1464801,0.180193,56081,3059635,0.376383,51278,4524436,0.556576,8129050
3,2021-04-22,112754,7391681,63358,3796247,49366,3341234,30,254200,48242,1449932,0.178364,64105,3123740,0.384269,49236,4573672,0.562633,8129050
3,2021-04-23,107081,7498762,61262,3857509,45786,3387020,33,254233,46717,1437740,0.176864,59968,3183708,0.391646,47776,4621448,0.56851,8129050
3,2021-04-24,74490,7573252,45957,3903466,28459,3415479,74,254307,36160,1436965,0.176769,38024,3221732,0.396323,37249,4658697,0.573092,8129050
3,2021-04-25,37205,7610457,23740,3927206,13447,3428926,18,254325,18938,1438234,0.176925,18091,3239823,0.398549,19360,4678057,0.575474,8129050
3,2021-04-26,74546,7685003,42128,3969334,31996,3460922,422,254747,31670,1429117,0.175804,42568,3282391,0.403785,33451,4711508,0.579589,8129050
3,2021-04-27,91750,7776753,48185,4017519,41802,3502724,1763,256510,36228,1412700,0.173784,55185,3337576,0.410574,38768,4750276,0.584358,8129050
3,2021-04-28,87594,7864347,49748,4067267,35690,3538414,2156,258666,35596,1399331,0.17214,51670,3389246,0.41693,38301,4788577,0.58907,8129050
3,2021-04-29,89942,7954289,51376,4118643,36320,3574734,2246,260912,31970,1376445,0.169324,57593,3446839,0.424015,34707,4823284,0.593339,8129050
3,2021-04-30,91469,8045758,51599,4170242,37373,3612107,2497,263409,33961,1356275,0.166843,57094,3503933,0.431038,36924,4860208,0.597881,8129050
3,2021-05-01,56094,8101852,35127,4205369,19473,3631580,1494,264903,20191,1342876,0.165195,35579,3539512,0.435415,22180,4882388,0.60061,8129050
3,2021-05-02,27171,8129023,18550,4223919,7596,3639176,1025,265928,9946,1336841,0.164452,17107,3556619,0.43752,11072,4893460,0.601972,8129050
3,2021-05-03,60272,8189295,35398,4259317,22486,3661662,2388,268316,17508,1314413,0.161693,42505,3599124,0.442748,20077,4913537,0.604442,8129050
3,2021-05-04,78132,8267427,45180,4304497,30253,3691915,2699,271015,22610,1284792,0.158049,55200,3654324,0.449539,25579,4939116,0.607588,8129050
3,2021-05-05,79663,8347090,47828,4352325,29106,3721021,2729,273744,21964,1252463,0.154072,57322,3711646,0.45659,24993,4964109,0.610663,8129050
3,2021-05-06,83959,8431049,53125,4405450,28286,3749307,2548,276292,20618,1213354,0.149261,62819,3774465,0.464318,23710,4987819,0.61358,8129050
3,2021-05-07,83005,8514054,51723,4457173,28628,3777935,2654,278946,21875,1177445,0.144844,60738,3835203,0.47179,24829,5012648,0.616634,8129050
3,2021-05-08,53037,8567091,32880,4490053,18423,3796358,1734,280680,14006,1154710,0.142047,38743,3873946,0.476556,16008,5028656,0.618603,8129050
3,2021-05-09,21126,8588217,15441,4505494,4890,3801248,795,281475,5490,1145533,0.140918,15532,3889478,0.478466,6355,5035011,0.619385,8129050
3,2021-05-10,48493,8636710,26101,4531595,20468,3821716,1924,283399,11202,1121847,0.138005,37066,3926544,0.483026,13380,5048391,0.621031,8129050
3,2021-05-11,64587,8701297,36228,4567823,26125,3847841,2234,285633,16186,1092608,0.134408,48129,3974673,0.488947,18890,5067281,0.623355,8129050
3,2021-05-12,65345,8766642,37551,4605374,25377,3873218,2417,288050,16648,1063595,0.130839,48397,4023070,0.4949,19384,5086665,0.625739,8129050
3,2021-05-13,75990,8842632,47887,4653261,26171,3899389,1932,289982,27683,1045800,0.12865,48034,4071104,0.500809,30239,5116904,0.629459,8129050
3,2021-05-14,80978,8923610,51107,4704368,27708,3927097,2163,292145,31313,1030538,0.126772,49340,4120444,0.506879,34078,5150982,0.633651,8129050
3,2021-05-15,62608,8986218,43148,4747516,18230,3945327,1230,293375,25856,1021340,0.125641,36520,4156964,0.511371,27322,5178304,0.637012,8129050
3,2021-05-16,33358,9019576,24954,4772470,7712,3953039,692,294067,13462,1015822,0.124962,19766,4176730,0.513803,14248,5192552,0.638765,8129050
3,2021-05-17,57306,9076882,36478,4808948,18963,3972002,1865,295932,21090,1003063,0.123392,35924,4212654,0.518222,23165,5215717,0.641615,8129050
3,2021-05-18,64877,9141759,38280,4847228,24715,3996717,1882,297814,24353,989461,0.121719,40231,4252885,0.523171,26629,5242346,0.64489,8129050
3,2021-05-19,64436,9206195,39166,4886394,23500,4020217,1770,299584,24920,977193,0.12021,39238,4292123,0.527998,26970,5269316,0.648208,8129050
3,2021-05-20,62214,9268409,36398,4922792,23952,4044169,1864,301448,22290,962071,0.11835,39618,4331741,0.532872,24496,5293812,0.651221,8129050
3,2021-05-21,66588,9334997,40465,4963257,24003,4068172,2120,303568,23794,945849,0.116354,42444,4374185,0.538093,26222,5320034,0.654447,8129050
3,2021-05-22,46078,9381075,30541,4993798,14059,4082231,1478,305046,19152,940051,0.115641,26683,4400868,0.541375,20885,5340919,0.657016,8129050
3,2021-05-23,21867,9402942,15135,5008933,6076,4088307,656,305702,9248,937545,0.115333,12523,4413391,0.542916,10017,5350936,0.658249,8129050
3,2021-05-24,39952,9442894,23393,5032326,14783,4103090,1776,307478,14805,929394,0.11433,24930,4438321,0.545983,16779,5367715,0.660313,8129050
3,2021-05-25,43176,9486070,24294,5056620,17185,4120275,1697,309175,15309,919066,0.113059,27567,4465888,0.549374,17239,5384954,0.662433,8129050
3,2021-05-26,42765,9528835,24467,5081087,16547,4136822,1751,310926,16017,910533,0.11201,26440,4492328,0.552626,17907,5402861,0.664636,8129050
3,2021-05-27,39695,9568530,22260,5103347,15675,4152497,1760,312686,15510,904061,0.111214,23993,4516321,0.555578,17521,5420382,0.666792,8129050
3,2021-05-28,43293,9611823,24477,5127824,17003,4169500,1813,314499,17989,899105,0.110604,25081,4541402,0.558663,20125,5440507,0.669267,8129050
3,2021-05-29,23650,9635473,14455,5142279,8354,4177854,841,315340,11005,898592,0.110541,12494,4553896,0.5602,11981,5452488,0.670741,8129050
3,2021-05-30,10681,9646154,6925,5149204,3119,4180973,637,315977,4482,897637,0.110423,6117,4560013,0.560953,5162,5457650,0.671376,8129050
3,2021-05-31,4709,9650863,2728,5151932,1714,4182687,267,316244,1474,896230,0.11025,3177,4563190,0.561344,1770,5459420,0.671594,8129050
3,2021-06-01,38088,9688951,21925,5173857,14705,4197392,1458,317702,13323,886711,0.109079,24493,4587683,0.564357,14974,5474394,0.673436,8129050
3,2021-06-02,31803,9720754,18319,5192176,12060,4209452,1424,319126,11760,880212,0.10828,19823,4607506,0.566795,13324,5487718,0.675075,8129050
3,2021-06-03,40035,9760789,27399,5219575,11186,4220638,1450,320576,11564,865183,0.106431,28283,4635789,0.570274,13254,5500972,0.676705,8129050
3,2021-06-04,46714,9807503,33058,5252633,12101,4232739,1555,322131,13313,847336,0.104236,33135,4668924,0.574351,15288,5516260,0.678586,8129050
3,2021-06-05,34630,9842133,26114,5278747,7324,4240063,1192,323323,8774,831863,0.102332,25638,4694562,0.577504,10165,5526425,0.679837,8129050
3,2021-06-06,14716,9856849,12281,5291028,1849,4241912,586,323909,3701,825376,0.101534,10945,4705507,0.578851,4458,5530883,0.680385,8129050
3,2021-06-07,30684,9887533,22297,5313325,7095,4249007,1292,325201,8874,814016,0.100137,21643,4727150,0.581513,10283,5541166,0.68165,8129050
3,2021-06-08,34456,9921989,24720,5338045,8436,4257443,1300,326501,9949,801206,0.098561,24287,4751437,0.584501,11477,5552643,0.683062,8129050
3,2021-06-09,33139,9955128,24035,5362080,7796,4265239,1308,327809,8891,787513,0.096876,24060,4775497,0.587461,10367,5563010,0.684337,8129050
3,2021-06-10,32663,9987791,23558,5385638,7565,4272804,1540,329349,8986,774731,0.095304,23509,4799006,0.590353,10727,5573737,0.685657,8129050
3,2021-06-11,35902,10023693,25400,5411038,9119,4281923,1383,330732,10675,761949,0.093732,25018,4824024,0.59343,12236,5585973,0.687162,8129050
3,2021-06-12,25502,10049195,19236,5430274,5366,4287289,900,331632,6749,751136,0.092401,18626,4842650,0.595722,7813,5593786,0.688123,8129050
3,2021-06-13,10228,10059423,7666,5437940,2070,4289359,492,332124,2384,746296,0.091806,7791,4850441,0.59668,2951,5596737,0.688486,8129050
3,2021-06-14,26081,10085504,18707,5456647,5926,4295285,1448,333572,8154,738254,0.090817,17787,4868228,0.598868,9745,5606482,0.689685,8129050
3,2021-06-15,29066,10114570,19681,5476328,7859,4303144,1526,335098,9772,730674,0.089884,19048,4887276,0.601211,11468,5617950,0.691096,8129050
3,2021-06-16,26207,10140777,18640,5494968,6134,4309278,1433,336531,8876,723989,0.089062,17143,4904419,0.60332,10458,5628408,0.692382,8129050
3,2021-06-17,25021,10165798,17911,5512879,5807,4315085,1303,337834,8688,717954,0.08832,16165,4920584,0.605309,10130,5638538,0.693628,8129050
3,2021-06-18,28084,10193882,19820,5532699,6690,4321775,1574,339408,9800,711445,0.087519,18051,4938635,0.607529,11542,5650080,0.695048,8129050
3,2021-06-19,16065,10209947,11800,5544499,3403,4325178,862,340270,5743,707966,0.087091,10193,4948828,0.608783,6714,5656794,0.695874,8129050
3,2021-06-20,6904,10216851,5181,5549680,1420,4326598,303,340573,2617,706710,0.086936,4228,4953056,0.609303,2972,5659766,0.69624,8129050
3,2021-06-21,16278,10233129,10273,5559953,4598,4331196,1407,341980,8095,708247,0.087125,8085,4961141,0.610298,9622,5669388,0.697423,8129050
3,2021-06-22,22148,10255277,15514,5575467,5324,4336520,1310,343290,8250,704199,0.086627,13762,4974903,0.611991,9714,5679102,0.698618,8129050
3,2021-06-23,20327,10275604,14227,5589694,4753,4341273,1347,344637,8031,701540,0.0863,12176,4987079,0.613489,9517,5688619,0.699789,8129050
3,2021-06-24,20033,10295637,13942,5603636,4633,4345906,1458,346095,7811,698880,0.085973,12036,4999115,0.614969,9376,5697995,0.700942,8129050
3,2021-06-25,23431,10319068,16623,5620259,5381,4351287,1427,347522,9137,695419,0.085547,14152,5013267,0.61671,10691,5708686,0.702257,8129050
3,2021-06-26,14067,10333135,10451,5630710,2841,4354128,775,348297,5871,694138,0.08539,8085,5021352,0.617705,6804,5715490,0.703094,8129050
3,2021-06-27,6766,10339901,5241,5635951,1217,4355345,308,348605,2891,693544,0.085317,3828,5025180,0.618176,3234,5718724,0.703492,8129050
3,2021-06-28,16151,10356052,12420,5648371,2642,4357987,1089,349694,6798,692334,0.085168,9203,5034383,0.619308,7993,5726717,0.704476,8129050
3,2021-06-29,18225,10374277,12839,5661210,4371,4362358,1015,350709,7490,690387,0.084928,10584,5044967,0.62061,8637,5735354,0.705538,8129050
3,2021-06-30,17262,10391539,12245,5673455,3967,4366325,1050,351759,7455,689409,0.084808,9630,5054597,0.621794,8652,5744006,0.706602,8129050
3,2021-07-01,16526,10408065,11779,5685234,3668,4369993,1079,352838,6981,688168,0.084655,9402,5063999,0.622951,8161,5752167,0.707606,8129050
3,2021-07-02,18672,10426737,13282,5698516,4282,4374275,1108,353946,7985,686794,0.084486,10562,5074561,0.62425,9188,5761355,0.708737,8129050
3,2021-07-03,10190,10436927,7368,5705884,2381,4376656,441,354387,4367,685961,0.084384,5743,5080304,0.624957,4910,5766265,0.709341,8129050
3,2021-07-04,734,10437661,432,5706316,215,4376871,87,354474,285,685909,0.084378,440,5080744,0.625011,388,5766653,0.709388,8129050
3,2021-07-05,9607,10447268,7024,5713340,2157,4379028,426,354900,4354,685574,0.084336,5179,5085923,0.625648,4844,5771497,0.709984,8129050
3,2021-07-06,19269,10466537,13960,5727300,4178,4383206,1131,356031,6976,681696,0.083859,12107,5098030,0.627137,8229,5779726,0.710996,8129050
3,2021-07-07,15860,10482397,11252,5738552,3482,4386688,1126,357157,6378,679965,0.083646,9343,5107373,0.628287,7612,5787338,0.711933,8129050
3,2021-07-08,15439,10497836,11163,5749715,3274,4389962,1002,358159,6226,678224,0.083432,9058,5116431,0.629401,7317,5794655,0.712833,8129050
3,2021-07-09,17757,10515593,12398,5762113,4134,4394096,1225,359384,7362,676667,0.083241,10254,5126685,0.630662,8697,5803352,0.713903,8129050
3,2021-07-10,10978,10526571,8089,5770202,2219,4396315,670,360054,4672,675871,0.083143,6228,5132913,0.631428,5432,5808784,0.714571,8129050
3,2021-07-11,5159,10531730,3820,5774022,1062,4397377,277,360331,2332,675723,0.083124,2777,5135690,0.63177,2629,5811413,0.714894,8129050
3,2021-07-12,14390,10546120,10505,5784527,2882,4400259,1003,361334,5756,673998,0.082912,8552,5144242,0.632822,6827,5818240,0.715734,8129050
3,2021-07-13,15222,10561342,10750,5795277,3555,4403814,917,362251,6689,673255,0.082821,8429,5152671,0.633859,7686,5825926,0.71668,8129050
3,2021-07-14,14499,10575841,10297,5805574,3277,4407091,925,363176,6484,672811,0.082766,7914,5160585,0.634832,7470,5833396,0.717599,8129050
3,2021-07-15,14805,10590646,10707,5816281,3255,4410346,843,364019,6789,672601,0.08274,7916,5168501,0.635806,7706,5841102,0.718547,8129050
3,2021-07-16,17840,10608486,12824,5829105,4120,4414466,896,364915,8524,672891,0.082776,9202,5177703,0.636938,9492,5850594,0.719714,8129050
3,2021-07-17,11327,10619813,8303,5837408,2489,4416955,535,365450,5391,673024,0.082792,5860,5183563,0.637659,5993,5856587,0.720452,8129050
3,2021-07-18,5772,10625585,4362,5841770,1159,4418114,251,365701,2842,673257,0.082821,2886,5186449,0.638014,3119,5859706,0.720835,8129050
3,2021-07-19,14947,10640532,10937,5852707,3127,4421241,883,366584,7328,674023,0.082915,7519,5193968,0.638939,8285,5867991,0.721854,8129050
3,2021-07-20,16669,10657201,11613,5864320,4151,4425392,905,367489,8569,675606,0.08311,7973,5201941,0.63992,9556,5877547,0.72303,8129050
3,2021-07-21,16055,10673256,11372,5875692,3814,4429206,869,368358,8084,676799,0.083257,7838,5209779,0.640884,9031,5886578,0.724141,8129050
3,2021-07-22,16460,10689716,11631,5887323,3862,4433068,967,369325,8541,678577,0.083476,7793,5217572,0.641843,9571,5896149,0.725318,8129050
3,2021-07-23,19359,10709075,13804,5901127,4539,4437607,1016,370341,10388,681250,0.083804,8820,5226392,0.642928,11493,5907642,0.726732,8129050
3,2021-07-24,11665,10720740,8408,5909535,2675,4440282,582,370923,6451,683187,0.084043,5134,5231526,0.643559,7071,5914713,0.727602,8129050
3,2021-07-25,5697,10726437,4271,5913806,1215,4441497,211,371134,4112,686026,0.084392,1534,5233060,0.643748,4373,5919086,0.72814,8129050
3,2021-07-26,15594,10742031,10862,5924668,3757,4445254,975,372109,9427,690443,0.084935,6045,5239105,0.644492,10462,5929548,0.729427,8129050
3,2021-07-27,17609,10759640,12455,5937123,4172,4449426,982,373091,10087,694202,0.085398,7382,5246487,0.6454,11141,5940689,0.730797,8129050
3,2021-07-28,17148,10776788,12277,5949400,3830,4453256,1041,374132,9905,698101,0.085877,7096,5253583,0.646273,10995,5951684,0.73215,8129050
3,2021-07-29,16957,10793745,12213,5961613,3709,4456965,1035,375167,10013,702461,0.086414,6758,5260341,0.647104,11118,5962802,0.733518,8129050
3,2021-07-30,19703,10813448,13913,5975526,4700,4461665,1090,376257,11430,707014,0.086974,8057,5268398,0.648095,12610,5975412,0.735069,8129050
3,2021-07-31,12245,10825693,8866,5984392,2723,4464388,656,376913,7131,709895,0.087328,4969,5273367,0.648706,7850,5983262,0.736035,8129050
3,2021-08-01,6512,10832205,4960,5989352,1291,4465679,261,377174,4210,712165,0.087607,2236,5275603,0.648981,4506,5987768,0.736589,8129050
3,2021-08-02,16617,10848822,12049,6001401,3635,4469314,933,378107,10329,717329,0.088243,6161,5281764,0.649739,11325,5999093,0.737982,8129050
3,2021-08-03,18487,10867309,13334,6014735,4037,4473351,1116,379223,11013,722215,0.088844,7295,5289059,0.650637,12181,6011274,0.739481,8129050
3,2021-08-04,17591,10884900,12642,6027377,3934,4477285,1015,380238,10465,726778,0.089405,6966,5296025,0.651494,11529,6022803,0.740899,8129050
3,2021-08-05,17993,10902893,13003,6040380,3834,4481119,1156,381394,10861,731896,0.090035,6967,5302992,0.652351,12085,6034888,0.742385,8129050
3,2021-08-06,21800,10924693,15806,6056186,4833,4485952,1161,382555,12880,737290,0.090698,8713,5311705,0.653423,14107,6048995,0.744121,8129050
3,2021-08-07,12814,10937507,9519,6065705,2663,4488615,632,383187,7488,740278,0.091066,5183,5316888,0.65406,8171,6057166,0.745126,8129050
3,2021-08-08,7593,10945100,5810,6071515,1540,4490155,243,383430,4681,742411,0.091328,2828,5319716,0.654408,4961,6062127,0.745736,8129050
3,2021-08-09,18402,10963502,13771,6085286,3533,4493688,1098,384528,10389,746120,0.091784,7852,5327568,0.655374,11561,6073688,0.747158,8129050
3,2021-08-10,18610,10982112,13620,6098906,3967,4497655,1023,385551,10482,749708,0.092226,7955,5335523,0.656353,11543,6085231,0.748578,8129050
3,2021-08-11,16626,10998738,12038,6110944,3549,4501204,1039,386590,9260,752898,0.092618,7164,5342687,0.657234,10354,6095585,0.749852,8129050
3,2021-08-12,18189,11016927,12836,6123780,4255,4505459,1098,387688,9984,756036,0.093004,7991,5350678,0.658217,11129,6106714,0.751221,8129050
3,2021-08-13,22686,11039613,16076,6139856,5429,4510888,1181,388869,12352,759748,0.093461,9890,5360568,0.659434,13602,6120316,0.752894,8129050
3,2021-08-14,14737,11054350,10355,6150211,3737,4514625,645,389514,7647,761932,0.09373,6163,5366731,0.660192,8347,6128663,0.753921,8129050
3,2021-08-15,8374,11062724,6071,6156282,2013,4516638,290,389804,4202,763063,0.093869,3388,5370119,0.660608,4519,6133182,0.754477,8129050
3,2021-08-16,20718,11083442,14286,6170568,5439,4522077,993,390797,9806,764989,0.094106,8961,5379080,0.661711,10887,6144069,0.755816,8129050
3,2021-08-17,21356,11104798,14509,6185077,5792,4527869,1055,391852,9798,766620,0.094306,9331,5388411,0.662859,10962,6155031,0.757165,8129050
3,2021-08-18,21187,11125985,14114,6199191,6059,4533928,1014,392866,9521,768198,0.0945,9047,5397458,0.663972,10625,6165656,0.758472,8129050
3,2021-08-19,21272,11147257,14044,6213235,6137,4540065,1091,393957,9234,769511,0.094662,9077,5406535,0.665088,10390,6176046,0.75975,8129050
3,2021-08-20,26769,11174026,18031,6231266,7594,4547659,1144,395101,11266,770152,0.094741,11871,5418406,0.666548,12512,6188558,0.761289,8129050
3,2021-08-21,15554,11189580,11217,6242483,3748,4551407,589,395690,6522,770161,0.094742,7174,5425580,0.667431,7183,6195741,0.762173,8129050
3,2021-08-22,8857,11198437,6317,6248800,2313,4553720,227,395917,3964,770617,0.094798,3784,5429364,0.667896,4240,6199981,0.762694,8129050
3,2021-08-23,22702,11221139,15880,6264680,5888,4559608,934,396851,9734,771562,0.094914,9906,5439270,0.669115,10851,6210832,0.764029,8129050
3,2021-08-24,22647,11243786,16308,6280988,5437,4565045,902,397753,9361,771720,0.094934,10234,5449504,0.670374,10392,6221224,0.765308,8129050
3,2021-08-25,21617,11265403,15402,6296390,5302,4570347,913,398666,8989,772078,0.094978,9668,5459172,0.671563,10026,6231250,0.766541,8129050
3,2021-08-26,22169,11287572,15603,6311993,5577,4575924,989,399655,8870,772211,0.094994,9844,5469016,0.672774,9977,6241227,0.767768,8129050
3,2021-08-27,27129,11314701,19566,6331559,6554,4582478,1009,400664,10471,771051,0.094851,12847,5481863,0.674355,11687,6252914,0.769206,8129050
3,2021-08-28,15673,11330374,11479,6343038,3729,4586207,465,401129,6232,770280,0.094756,7585,5489448,0.675288,6814,6259728,0.770044,8129050
3,2021-08-29,9088,11339462,6748,6349786,2185,4588392,155,401284,3616,769782,0.094695,4342,5493790,0.675822,3844,6263572,0.770517,8129050
3,2021-08-30,21718,11361180,15280,6365066,5613,4594005,825,402109,8158,768618,0.094552,10306,5504096,0.67709,9142,6272714,0.771642,8129050
3,2021-08-31,20670,11381850,14271,6379337,5633,4599638,766,402875,7232,766881,0.094338,9883,5513979,0.678305,8146,6280860,0.772644,8129050
3,2021-09-01,19790,11401640,13624,6392961,5383,4605021,783,403658,7601,766614,0.094305,8812,5522791,0.679389,8545,6289405,0.773695,8129050
3,2021-09-02,12019,11413659,7761,6400722,3557,4608578,701,404359,3692,765379,0.094154,5669,5528460,0.680087,4434,6293839,0.77424,8129050
4,2020-12-15,475,475,475,475,0,0,0,0,475,475,5.9e-05,0,0,0.0,475,475,5.9e-05,8037679
4,2020-12-16,3115,3590,3115,3590,0,0,0,0,3115,3590,0.000447,0,0,0.0,3115,3590,0.000447,8037679
4,2020-12-17,9128,12718,9128,12718,0,0,0,0,9128,12718,0.001582,0,0,0.0,9128,12718,0.001582,8037679
4,2020-12-18,16431,29149,16417,29135,14,14,0,0,16430,29148,0.003626,0,0,0.0,16430,29148,0.003626,8037679
4,2020-12-19,10488,39637,10477,39612,11,25,0,0,10427,39575,0.004924,0,0,0.0,10427,39575,0.004924,8037679
4,2020-12-20,7513,47150,7498,47110,15,40,0,0,7468,47043,0.005853,0,0,0.0,7468,47043,0.005853,8037679
4,2020-12-21,16580,63730,16545,63655,35,75,0,0,16512,63553,0.007907,2,2,0.0,16512,63555,0.007907,8037679
4,2020-12-22,17367,81097,16590,80245,777,852,0,0,17323,80872,0.010062,4,6,1e-06,17323,80878,0.010062,8037679
4,2020-12-23,17312,98409,14489,94734,2823,3675,0,0,17283,98153,0.012212,2,8,1e-06,17283,98161,0.012213,8037679
4,2020-12-24,8677,107086,6010,100744,2667,6342,0,0,8675,106827,0.013291,1,9,1e-06,8675,106836,0.013292,8037679
4,2020-12-25,918,108004,812,101556,106,6448,0,0,917,107743,0.013405,1,10,1e-06,917,107753,0.013406,8037679
4,2020-12-26,6290,114294,3944,105500,2346,8794,0,0,6288,114029,0.014187,2,12,1e-06,6288,114041,0.014188,8037679
4,2020-12-27,3493,117787,2015,107515,1478,10272,0,0,3493,117522,0.014621,0,12,1e-06,3493,117534,0.014623,8037679
4,2020-12-28,15383,133170,9485,117000,5898,16170,0,0,15353,132869,0.016531,6,18,2e-06,15353,132887,0.016533,8037679
4,2020-12-29,16018,149188,8984,125984,7034,23204,0,0,15984,148852,0.018519,1,19,2e-06,15984,148871,0.018522,8037679
4,2020-12-30,19533,168721,11419,137403,8114,31318,0,0,19523,168373,0.020948,2,21,3e-06,19523,168394,0.020951,8037679
4,2020-12-31,8418,177139,3399,140802,5019,36337,0,0,8404,176768,0.021992,9,30,4e-06,8404,176798,0.021996,8037679
4,2021-01-01,1891,179030,869,141671,1022,37359,0,0,1884,178649,0.022226,3,33,4e-06,1884,178682,0.022231,8037679
4,2021-01-02,5814,184844,3278,144949,2536,39895,0,0,5812,184460,0.022949,1,34,4e-06,5812,184494,0.022954,8037679
4,2021-01-03,2181,187025,1284,146233,897,40792,0,0,2166,186622,0.023218,4,38,5e-06,2166,186660,0.023223,8037679
4,2021-01-04,13172,200197,7103,153336,6069,46861,0,0,13123,199718,0.024848,27,65,8e-06,13123,199783,0.024856,8037679
4,2021-01-05,17175,217372,10169,163505,7006,53867,0,0,14899,212388,0.026424,2247,2312,0.000288,14917,214700,0.026712,8037679
4,2021-01-06,21905,239277,13424,176929,8481,62348,0,0,15683,221914,0.027609,6175,8487,0.001056,15701,230401,0.028665,8037679
4,2021-01-07,28351,267628,17325,194254,11026,73374,0,0,16843,227338,0.028284,11445,19932,0.00248,16869,247270,0.030764,8037679
4,2021-01-08,33340,300968,21417,215671,11923,85297,0,0,18506,231106,0.028753,14767,34699,0.004317,18535,265805,0.03307,8037679
4,2021-01-09,16468,317436,9743,225414,6725,92022,0,0,9559,233780,0.029086,6899,41598,0.005175,9573,275378,0.034261,8037679
4,2021-01-10,8871,326307,5734,231148,3137,95159,0,0,4202,233341,0.029031,4649,46247,0.005754,4210,279588,0.034785,8037679
4,2021-01-11,33972,360279,22311,253459,11661,106820,0,0,19115,237690,0.029572,14818,61065,0.007597,19167,298755,0.037169,8037679
4,2021-01-12,38985,399264,22501,275960,16484,123304,0,0,24495,247819,0.030832,14417,75482,0.009391,24546,323301,0.040223,8037679
4,2021-01-13,39368,438632,19520,295480,19848,143152,0,0,27834,264202,0.03287,11474,86956,0.010819,27857,351158,0.043689,8037679
4,2021-01-14,39887,478519,15391,310871,24496,167648,0,0,32557,289548,0.036024,7245,94201,0.01172,32591,383749,0.047744,8037679
4,2021-01-15,46004,524523,16113,326984,29891,197539,0,0,40271,324193,0.040334,5652,99853,0.012423,40297,424046,0.052757,8037679
4,2021-01-16,29069,553592,9462,336446,19607,217146,0,0,25874,346925,0.043162,3160,103013,0.012816,25892,449938,0.055979,8037679
4,2021-01-17,19131,572723,6620,343066,12511,229657,0,0,17452,362734,0.045129,1656,104669,0.013022,17465,467403,0.058151,8037679
4,2021-01-18,29785,602508,13821,356887,15964,245621,0,0,23678,380437,0.047332,6013,110682,0.01377,23716,491119,0.061102,8037679
4,2021-01-19,46815,649323,23504,380391,23311,268932,0,0,36942,407640,0.050716,9814,120496,0.014991,37017,528136,0.065708,8037679
4,2021-01-20,53271,702594,28436,408827,24835,293767,0,0,42496,439529,0.054684,10672,131168,0.016319,42561,570697,0.071003,8037679
4,2021-01-21,58568,761162,26308,435135,32260,326027,0,0,51615,484317,0.060256,6880,138048,0.017175,51668,622365,0.077431,8037679
4,2021-01-22,56023,817185,22489,457624,33534,359561,0,0,50668,529767,0.06591,5252,143300,0.017829,50702,673067,0.083739,8037679
4,2021-01-23,40063,857248,17457,475081,22606,382167,0,0,35655,561058,0.069803,4399,147699,0.018376,35690,708757,0.088179,8037679
4,2021-01-24,24300,881548,10571,485652,13729,395896,0,0,22384,581562,0.072354,1903,149602,0.018613,22407,731164,0.090967,8037679
4,2021-01-25,48653,930201,22450,508102,26203,422099,0,0,37258,607523,0.075584,11355,160957,0.020025,37316,768480,0.09561,8037679
4,2021-01-26,57635,987836,29356,537458,28279,450378,0,0,45098,640205,0.07965,12483,173440,0.021578,45165,813645,0.101229,8037679
4,2021-01-27,57044,1044880,27084,564542,29960,480338,0,0,45725,674743,0.083947,11245,184685,0.022977,45783,859428,0.106925,8037679
4,2021-01-28,57762,1102642,26066,590608,31696,512034,0,0,47400,711925,0.088573,10269,194954,0.024255,47451,906879,0.112828,8037679
4,2021-01-29,57538,1160180,27490,618098,30048,542082,0,0,46874,748347,0.093105,10491,205445,0.02556,46913,953792,0.118665,8037679
4,2021-01-30,38796,1198976,17415,635513,21381,563463,0,0,33319,776280,0.09658,5421,210866,0.026235,33354,987146,0.122815,8037679
4,2021-01-31,24552,1223528,12803,648316,11749,575212,0,0,22810,797393,0.099207,1717,212583,0.026448,22830,1009976,0.125655,8037679
4,2021-02-01,50547,1274075,24319,672635,26228,601440,0,0,38610,824180,0.10254,11870,224453,0.027925,38657,1048633,0.130465,8037679
4,2021-02-02,56396,1330471,25900,698535,30496,631936,0,0,43215,854356,0.106294,13095,237548,0.029554,43271,1091904,0.135848,8037679
4,2021-02-03,62896,1393367,30817,729352,32079,664015,0,0,48147,887932,0.110471,14631,252179,0.031375,48207,1140111,0.141846,8037679
4,2021-02-04,68477,1461844,31822,761174,36655,700670,0,0,51407,922552,0.114778,16911,269090,0.033479,51531,1191642,0.148257,8037679
4,2021-02-05,74060,1535904,34241,795415,39819,740489,0,0,51329,951545,0.118386,22480,291570,0.036275,51473,1243115,0.154661,8037679
4,2021-02-06,49246,1585150,26392,821807,22854,763343,0,0,37545,977663,0.121635,11632,303202,0.037723,37750,1280865,0.159358,8037679
4,2021-02-07,26756,1611906,17676,839483,9080,772423,0,0,20159,991509,0.123358,6562,309764,0.038539,20408,1301273,0.161897,8037679
4,2021-02-08,59416,1671322,30495,869978,28921,801344,0,0,38491,1009485,0.125594,20779,330543,0.041124,38755,1340028,0.166718,8037679
4,2021-02-09,68055,1739377,34574,904552,33481,834825,0,0,39755,1021486,0.127087,28202,358745,0.044633,40203,1380231,0.17172,8037679
4,2021-02-10,78405,1817782,39231,943783,39174,873999,0,0,41061,1026012,0.12765,37096,395841,0.049248,41622,1421853,0.176898,8037679
4,2021-02-11,82494,1900276,43009,986792,39485,913484,0,0,41839,1028094,0.127909,40442,436283,0.05428,42524,1464377,0.182189,8037679
4,2021-02-12,85397,1985673,38211,1025003,47186,960670,0,0,43794,1031291,0.128307,41395,477678,0.05943,44592,1508969,0.187737,8037679
4,2021-02-13,59399,2045072,30020,1055023,29379,990049,0,0,30109,1033178,0.128542,29138,506816,0.063055,31025,1539994,0.191597,8037679
4,2021-02-14,37259,2082331,19350,1074373,17909,1007958,0,0,18973,1034610,0.12872,18221,525037,0.065322,19653,1559647,0.194042,8037679
4,2021-02-15,46834,2129165,21965,1096338,24869,1032827,0,0,23897,1036861,0.129,22842,547879,0.068164,25093,1584740,0.197164,8037679
4,2021-02-16,81276,2210441,37293,1133631,43983,1076810,0,0,41108,1039173,0.129288,40029,587908,0.073144,42341,1627081,0.202432,8037679
4,2021-02-17,82654,2293095,39084,1172715,43570,1120380,0,0,39134,1036145,0.128911,43314,631222,0.078533,40286,1667367,0.207444,8037679
4,2021-02-18,84567,2377662,46491,1219206,38076,1158456,0,0,38845,1030965,0.128267,45502,676724,0.084194,40322,1707689,0.21246,8037679
4,2021-02-19,83873,2461535,52782,1271988,31091,1189547,0,0,41689,1031349,0.128314,41993,718717,0.089418,42377,1750066,0.217733,8037679
4,2021-02-20,50290,2511825,33467,1305455,16823,1206370,0,0,27011,1035898,0.12888,23183,741900,0.092303,27732,1777798,0.221183,8037679
4,2021-02-21,30678,2542503,24317,1329772,6361,1212731,0,0,14657,1034953,0.128763,15924,757824,0.094284,14979,1792777,0.223047,8037679
4,2021-02-22,56111,2598614,38492,1368264,17619,1230350,0,0,26923,1033356,0.128564,29002,786826,0.097892,27405,1820182,0.226456,8037679
4,2021-02-23,77814,2676428,43136,1411400,34678,1265028,0,0,34034,1025534,0.127591,43549,830375,0.10331,35727,1855909,0.230901,8037679
4,2021-02-24,92935,2769363,49102,1460502,43833,1308861,0,0,41641,1018350,0.126697,51008,881383,0.109656,43824,1899733,0.236353,8037679
4,2021-02-25,104778,2874141,54852,1515354,49926,1358787,0,0,49669,1015827,0.126383,54864,936247,0.116482,52341,1952074,0.242865,8037679
4,2021-02-26,110764,2984905,55956,1571310,54808,1413595,0,0,56227,1020205,0.126928,54209,990456,0.123227,58587,2010661,0.250154,8037679
4,2021-02-27,80843,3065748,43964,1615274,36865,1450460,14,14,42662,1026449,0.127705,37945,1028401,0.127948,44189,2054850,0.255652,8037679
4,2021-02-28,50007,3115755,30851,1646125,19149,1469609,7,21,27170,1031928,0.128386,22611,1051012,0.130761,28090,2082940,0.259147,8037679
4,2021-03-01,81821,3197576,47859,1693984,33901,1503510,61,82,45026,1041857,0.129622,36413,1087425,0.135291,46342,2129282,0.264913,8037679
4,2021-03-02,90821,3288397,52013,1745997,38796,1542306,12,94,52951,1059006,0.131755,37654,1125079,0.139976,54803,2184085,0.271731,8037679
4,2021-03-03,104714,3393111,55610,1801607,49082,1591388,22,116,58176,1072711,0.13346,46293,1171372,0.145735,59998,2244083,0.279195,8037679
4,2021-03-04,103001,3496112,57332,1858939,45651,1637039,18,134,55969,1083736,0.134832,46763,1218135,0.151553,57788,2301871,0.286385,8037679
4,2021-03-05,99206,3595318,53505,1912444,45370,1682409,331,465,57963,1103017,0.137231,40985,1259120,0.156652,60266,2362137,0.293883,8037679
4,2021-03-06,77936,3673254,43878,1956322,31404,1713813,2654,3119,47590,1124358,0.139886,30197,1289317,0.160409,51538,2413675,0.300295,8037679
4,2021-03-07,45497,3718751,27813,1984135,15437,1729250,2247,5366,26544,1135332,0.141251,18856,1308173,0.162755,29830,2443505,0.304006,8037679
4,2021-03-08,69065,3787816,36023,2020158,29614,1758864,3428,8794,45262,1161627,0.144523,23654,1331827,0.165698,49949,2493454,0.310221,8037679
4,2021-03-09,83119,3870935,41972,2062130,35831,1794695,5316,14110,44750,1174524,0.146127,38158,1369985,0.170445,51055,2544509,0.316573,8037679
4,2021-03-10,93082,3964017,47976,2110106,37518,1832213,7588,21698,46751,1183574,0.147253,46104,1416089,0.176181,55154,2599663,0.323435,8037679
4,2021-03-11,102055,4066072,53471,2163577,40010,1872223,8574,30272,47042,1185364,0.147476,54717,1470806,0.182989,56507,2656170,0.330465,8037679
4,2021-03-12,105930,4172002,52108,2215685,43384,1915607,10438,40710,45287,1181416,0.146985,60329,1531135,0.190495,56381,2712551,0.337479,8037679
4,2021-03-13,82463,4254465,38166,2253851,35728,1951335,8569,49279,38972,1186536,0.147622,43335,1574470,0.195886,48455,2761006,0.343508,8037679
4,2021-03-14,50270,4304735,28629,2282480,17978,1969313,3663,52942,23480,1187533,0.147746,26682,1601152,0.199206,27679,2788685,0.346952,8037679
4,2021-03-15,84578,4389313,45486,2327966,34763,2004076,4329,57271,42869,1194065,0.148558,41397,1642549,0.204356,47929,2836614,0.352915,8037679
4,2021-03-16,108933,4498246,56703,2384669,48779,2052855,3451,60722,57193,1203865,0.149778,51454,1694003,0.210758,61254,2897868,0.360535,8037679
4,2021-03-17,108513,4606759,58393,2443062,46584,2099439,3536,64258,63306,1226255,0.152563,44907,1738910,0.216345,67297,2965165,0.368908,8037679
4,2021-03-18,108307,4715066,60071,2503133,44482,2143921,3754,68012,61062,1244467,0.154829,46949,1785859,0.222186,65161,3030326,0.377015,8037679
4,2021-03-19,112733,4827799,64859,2567992,42613,2186534,5261,73273,63760,1265127,0.1574,48660,1834519,0.22824,69320,3099646,0.385639,8037679
4,2021-03-20,85121,4912920,49836,2617828,32228,2218762,3057,76330,51844,1287202,0.160146,33073,1867592,0.232355,55148,3154794,0.392501,8037679
4,2021-03-21,48703,4961623,35305,2653133,11137,2229899,2261,78591,28370,1297965,0.161485,20182,1887774,0.234866,30945,3185739,0.396351,8037679
4,2021-03-22,83478,5045101,54461,2707594,26257,2256156,2760,81351,51447,1321092,0.164362,31746,1919520,0.238815,54873,3240612,0.403178,8037679
4,2021-03-23,106248,5151349,63626,2771220,40430,2296586,2192,83543,62130,1342115,0.166978,43815,1963335,0.244266,64838,3305450,0.411244,8037679
4,2021-03-24,115019,5266368,74180,2845400,38370,2334956,2469,86012,63892,1358223,0.168982,50646,2013981,0.250567,66754,3372204,0.419549,8037679
4,2021-03-25,118731,5385099,73041,2918441,43221,2378177,2469,88481,66443,1375822,0.171172,51770,2065751,0.257008,69369,3441573,0.42818,8037679
4,2021-03-26,121442,5506541,73631,2992072,44729,2422906,3082,91563,65306,1389040,0.172816,55717,2121468,0.26394,68935,3510508,0.436756,8037679
4,2021-03-27,93201,5599742,54919,3046991,36454,2459360,1828,93391,46936,1392260,0.173217,45993,2167461,0.269663,49213,3559721,0.442879,8037679
4,2021-03-28,56474,5656216,37318,3084309,18270,2477630,886,94277,29668,1396570,0.173753,26606,2194067,0.272973,30916,3590637,0.446726,8037679
4,2021-03-29,95098,5751314,56935,3141244,36048,2513678,2115,96392,50770,1405968,0.174922,44030,2238097,0.278451,53428,3644065,0.453373,8037679
4,2021-03-30,118764,5870078,64833,3206077,49706,2563384,4225,100617,69688,1431464,0.178094,48784,2286881,0.28452,74280,3718345,0.462614,8037679
4,2021-03-31,122483,5992561,72289,3278366,43842,2607226,6352,106969,68153,1452185,0.180672,53934,2340815,0.29123,74655,3793000,0.471902,8037679
4,2021-04-01,144218,6136779,82120,3360486,48648,2655874,13450,120419,84460,1490620,0.185454,59184,2399999,0.298594,97619,3890619,0.484048,8037679
4,2021-04-02,138001,6274780,73732,3434218,50574,2706448,13695,134114,79219,1525041,0.189736,58441,2458440,0.305864,92862,3983481,0.495601,8037679
4,2021-04-03,101989,6376769,54498,3488716,33942,2740390,13549,147663,53128,1542990,0.19197,48629,2507069,0.311915,66578,4050059,0.503884,8037679
4,2021-04-04,47211,6423980,24941,3513657,14711,2755101,7559,155222,20531,1544295,0.192132,26549,2533618,0.315218,27854,4077913,0.50735,8037679
4,2021-04-05,110868,6534848,62197,3575854,35680,2790781,12991,168213,57367,1561727,0.194301,53237,2586855,0.321841,70669,4148582,0.516142,8037679
4,2021-04-06,140193,6675041,78877,3654731,41354,2832135,19962,188175,72525,1587147,0.197463,67396,2654251,0.330226,92816,4241398,0.527689,8037679
4,2021-04-07,138961,6814002,78753,3733484,39302,2871437,20906,209081,71749,1612900,0.200667,66920,2721171,0.338552,92673,4334071,0.539219,8037679
4,2021-04-08,141398,6955400,78753,3812237,36974,2908411,25671,234752,70445,1638581,0.203862,70604,2791775,0.347336,96285,4430356,0.551198,8037679
4,2021-04-09,138983,7094383,76137,3888374,39587,2947998,23259,258011,66282,1656399,0.206079,72404,2864179,0.356344,90222,4520578,0.562423,8037679
4,2021-04-10,104647,7199030,51574,3939948,34011,2982009,19062,277073,47226,1666300,0.207311,57178,2921357,0.363458,67079,4587657,0.570769,8037679
4,2021-04-11,63159,7262189,38339,3978287,13529,2995538,11291,288364,27631,1670729,0.207862,35394,2956751,0.367861,39823,4627480,0.575723,8037679
4,2021-04-12,103795,7365984,63026,4041313,30436,3025974,10333,298697,52196,1683143,0.209407,51251,3008002,0.374238,63665,4691145,0.583644,8037679
4,2021-04-13,131449,7497433,82460,4123773,48823,3074797,166,298863,78379,1709828,0.212727,52734,3060736,0.380798,79419,4770564,0.593525,8037679
4,2021-04-14,136983,7634416,87397,4211170,49505,3124302,81,298944,75613,1725769,0.21471,60994,3121730,0.388387,76935,4847499,0.603097,8037679
4,2021-04-15,157210,7791626,104481,4315651,52647,3176949,82,299026,95974,1761826,0.219196,60803,3182533,0.395952,96860,4944359,0.615148,8037679
4,2021-04-16,144460,7936086,91547,4407198,52829,3229778,84,299110,83598,1785741,0.222171,60500,3243033,0.403479,84415,5028774,0.62565,8037679
4,2021-04-17,102051,8038137,64079,4471277,37944,3267722,28,299138,59580,1804361,0.224488,42162,3285195,0.408724,60782,5089556,0.633212,8037679
4,2021-04-18,57472,8095609,38925,4510202,18542,3286264,5,299143,32217,1812456,0.225495,25094,3310289,0.411846,33189,5122745,0.637341,8037679
4,2021-04-19,101748,8197357,66988,4577190,34737,3321001,23,299166,51365,1814349,0.22573,50101,3360390,0.41808,51994,5174739,0.64381,8037679
4,2021-04-20,132051,8329408,78614,4655804,53412,3374413,25,299191,68229,1820250,0.226465,63452,3423842,0.425974,69353,5244092,0.652439,8037679
4,2021-04-21,135331,8464739,88320,4744124,46944,3421357,67,299258,67854,1822276,0.226717,67023,3490865,0.434313,69049,5313141,0.661029,8037679
4,2021-04-22,142447,8607186,94539,4838663,47883,3469240,25,299283,63406,1808256,0.224972,78597,3569462,0.444091,64577,5377718,0.669064,8037679
4,2021-04-23,135832,8743018,88390,4927053,47416,3516656,26,299309,58691,1791446,0.222881,76743,3646205,0.453639,59933,5437651,0.67652,8037679
4,2021-04-24,99439,8842457,67118,4994171,32267,3548923,54,299363,45631,1784740,0.222047,53483,3699688,0.460293,46777,5484428,0.68234,8037679
4,2021-04-25,50657,8893114,35719,5029890,14912,3563835,26,299389,26378,1787497,0.22239,24117,3723805,0.463294,26874,5511302,0.685683,8037679
4,2021-04-26,92661,8985775,60778,5090668,31473,3595308,410,299799,36261,1769458,0.220145,56060,3779865,0.470268,38021,5549323,0.690414,8037679
4,2021-04-27,114508,9100283,70011,5160679,42165,3637473,2332,302131,41075,1740592,0.216554,73090,3852955,0.479362,44224,5593547,0.695916,8037679
4,2021-04-28,105192,9205475,68695,5229374,33944,3671417,2553,304684,38322,1715653,0.213451,66496,3919451,0.487635,41557,5635104,0.701086,8037679
4,2021-04-29,106669,9312144,68120,5297494,36001,3707418,2548,307232,34275,1681073,0.209149,72010,3991461,0.496594,37430,5672534,0.705743,8037679
4,2021-04-30,106376,9418520,67341,5364835,36307,3743725,2728,309960,36422,1651379,0.205455,69515,4060976,0.505242,39821,5712355,0.710697,8037679
4,2021-05-01,70248,9488768,46586,5411421,21870,3765595,1792,311752,20451,1624793,0.202147,49465,4110441,0.511397,22879,5735234,0.713544,8037679
4,2021-05-02,37893,9526661,26894,5438315,9696,3775291,1303,313055,10572,1609624,0.20026,27184,4137625,0.514779,12015,5747249,0.715038,8037679
4,2021-05-03,79718,9606379,55584,5493899,21629,3796920,2505,315560,19226,1571509,0.195518,60202,4197827,0.522269,22087,5769336,0.717786,8037679
4,2021-05-04,101939,9708318,69761,5563660,29383,3826303,2795,318355,22661,1518420,0.188913,78938,4276765,0.53209,25849,5795185,0.721002,8037679
4,2021-05-05,102776,9811094,72437,5636097,27574,3853877,2765,321120,21812,1462702,0.181981,80596,4357361,0.542117,24878,5820063,0.724097,8037679
4,2021-05-06,112616,9923710,84372,5720469,25284,3879161,2960,324080,19578,1393849,0.173414,92515,4449876,0.553627,23662,5843725,0.727041,8037679
4,2021-05-07,105519,10029229,75840,5796309,26986,3906147,2693,326773,20648,1333144,0.165862,84459,4534335,0.564135,23754,5867479,0.729997,8037679
4,2021-05-08,70236,10099465,48441,5844750,19856,3926003,1939,328712,13803,1293050,0.160874,56182,4590517,0.571125,16088,5883567,0.731998,8037679
4,2021-05-09,34548,10134013,28257,5873007,5340,3931343,951,329663,7377,1274417,0.158555,27054,4617571,0.574491,8421,5891988,0.733046,8037679
4,2021-05-10,65497,10199510,43838,5916845,19317,3950660,2342,332005,11047,1233896,0.153514,54206,4671777,0.581235,13685,5905673,0.734749,8037679
4,2021-05-11,83730,10283240,52417,5969262,29108,3979768,2205,334210,15823,1184826,0.147409,67640,4739417,0.58965,18570,5924243,0.737059,8037679
4,2021-05-12,80231,10363471,53344,6022606,24403,4004171,2484,336694,16618,1141091,0.141968,63288,4802705,0.597524,19553,5943796,0.739492,8037679
4,2021-05-13,105264,10468735,77434,6100040,26286,4030457,1544,338238,40671,1120132,0.13936,64232,4866937,0.605515,43273,5987069,0.744875,8037679
4,2021-05-14,105569,10574304,74476,6174516,28952,4059409,2141,340379,40566,1098721,0.136696,64652,4931589,0.613559,43241,6030310,0.750255,8037679
4,2021-05-15,86190,10660494,66605,6241121,18244,4077653,1341,341720,37951,1090351,0.135655,47969,4979558,0.619527,39599,6069909,0.755182,8037679
4,2021-05-16,51908,10712402,41804,6282925,9384,4087037,720,342440,21267,1082006,0.134617,30475,5010033,0.623318,22130,6092039,0.757935,8037679
4,2021-05-17,71508,10783910,52247,6335172,17412,4104449,1849,344289,28195,1069203,0.133024,43088,5053121,0.628679,30285,6122324,0.761703,8037679
4,2021-05-18,82243,10866153,53473,6388645,27009,4131458,1761,346050,29345,1048171,0.130407,52513,5105634,0.635212,31481,6153805,0.76562,8037679
4,2021-05-19,77393,10943546,52324,6440969,23112,4154570,1957,348007,31062,1035470,0.128827,46001,5151635,0.640936,33300,6187105,0.769763,8037679
4,2021-05-20,69494,11013040,44682,6485651,22804,4177374,2008,350015,25725,1020094,0.126914,43459,5195094,0.646343,28083,6215188,0.773257,8037679
4,2021-05-21,74231,11087271,48919,6534570,23419,4200793,1893,351908,26132,1000619,0.124491,47764,5242858,0.652285,28289,6243477,0.776776,8037679
4,2021-05-22,50237,11137508,35237,6569807,13724,4214517,1276,353184,21778,995637,0.123871,28277,5271135,0.655803,23295,6266772,0.779674,8037679
4,2021-05-23,24029,11161537,17137,6586944,6165,4220682,727,353911,9738,992052,0.123425,14161,5285296,0.657565,10576,6277348,0.78099,8037679
4,2021-05-24,43342,11204879,27552,6614496,12774,4233456,3016,356927,15160,982485,0.122235,27945,5313241,0.661042,18378,6295726,0.783277,8037679
4,2021-05-25,45267,11250146,28163,6642659,14263,4247719,2841,359768,16010,972572,0.121002,28988,5342229,0.664648,19075,6314801,0.78565,8037679
4,2021-05-26,44977,11295123,26961,6669620,15398,4263117,2618,362386,15961,962548,0.119754,28775,5371004,0.668228,18751,6333552,0.787983,8037679
4,2021-05-27,39184,11334307,23501,6693121,12534,4275651,3149,365535,14729,956357,0.118984,24234,5395238,0.671243,18043,6351595,0.790228,8037679
4,2021-05-28,43722,11378029,27815,6720936,14287,4289938,1620,367155,18996,952758,0.118536,24433,5419671,0.674283,20834,6372429,0.79282,8037679
4,2021-05-29,23843,11401872,15474,6736410,7435,4297373,934,368089,10884,951914,0.118431,12799,5432470,0.675875,11955,6384384,0.794307,8037679
4,2021-05-30,12118,11413990,8511,6744921,3077,4300450,530,368619,5012,950499,0.118255,7025,5439495,0.676749,5610,6389994,0.795005,8037679
4,2021-05-31,3654,11417644,2326,6747247,1164,4301614,164,368783,1165,949424,0.118122,2425,5441920,0.677051,1350,6391344,0.795173,8037679
4,2021-06-01,39744,11457388,24701,6771948,12582,4314196,2461,371244,13082,938776,0.116797,26406,5468326,0.680336,15758,6407102,0.797133,8037679
4,2021-06-02,32922,11490310,20551,6792499,9549,4323745,2822,374066,10980,930979,0.115827,21743,5490069,0.683042,13946,6421048,0.798868,8037679
4,2021-06-03,48568,11538878,37273,6829772,8820,4332565,2475,376541,10478,906346,0.112762,37898,5527967,0.687757,13265,6434313,0.800519,8037679
4,2021-06-04,55379,11594257,44590,6874362,9452,4342017,1337,377878,12901,879177,0.109382,42223,5570190,0.69301,15054,6449367,0.802392,8037679
4,2021-06-05,45139,11639396,38661,6913023,5479,4347496,999,378877,8795,853094,0.106137,36179,5606369,0.697511,10096,6459463,0.803648,8037679
4,2021-06-06,21299,11660695,18999,6932022,1732,4349228,568,379445,3911,840697,0.104594,17275,5623644,0.69966,4878,6464341,0.804255,8037679
4,2021-06-07,38974,11699669,31530,6963552,5501,4354729,1943,381388,8521,821147,0.102162,30306,5653950,0.703431,10756,6475097,0.805593,8037679
4,2021-06-08,40742,11740411,31961,6995513,6230,4360959,2551,383939,9444,802382,0.099828,31098,5685048,0.7073,12333,6487430,0.807127,8037679
4,2021-06-09,39090,11779501,30985,7026498,5732,4366691,2373,386312,7930,782063,0.0973,30977,5716025,0.711154,10658,6498088,0.808453,8037679
4,2021-06-10,37311,11816812,29384,7055882,5298,4371989,2629,388941,8421,764658,0.095134,28717,5744742,0.714726,11312,6509400,0.809861,8037679
4,2021-06-11,38579,11855391,30264,7086146,6294,4378283,2021,390962,9957,748547,0.09313,28441,5773183,0.718265,12330,6521730,0.811395,8037679
4,2021-06-12,26812,11882203,22310,7108456,3783,4382066,719,391681,6101,734992,0.091443,20595,5793778,0.720827,7040,6528770,0.812271,8037679
4,2021-06-13,10893,11893096,8610,7117066,1802,4383868,481,392162,2282,729322,0.090738,8542,5802320,0.72189,2872,6531642,0.812628,8037679
4,2021-06-14,28794,11921890,21543,7138609,4440,4388308,2811,394973,7852,719409,0.089505,20794,5823114,0.724477,10881,6542523,0.813982,8037679
4,2021-06-15,30224,11952114,21395,7160004,5417,4393725,3412,398385,8360,709754,0.088303,21680,5844794,0.727174,12025,6554548,0.815478,8037679
4,2021-06-16,26836,11978950,20242,7180246,3966,4397691,2628,401013,8108,702165,0.087359,18535,5863329,0.72948,10946,6565494,0.81684,8037679
4,2021-06-17,25273,12004223,18667,7198913,3705,4401396,2901,403914,7667,695519,0.086532,17405,5880734,0.731646,10759,6576253,0.818178,8037679
4,2021-06-18,26797,12031020,21118,7220031,4443,4405839,1236,405150,8223,686864,0.085456,18362,5899096,0.73393,9707,6585960,0.819386,8037679
4,2021-06-19,15793,12046813,12773,7232804,2311,4408150,709,405859,5061,682219,0.084878,10582,5909678,0.735247,5937,6591897,0.820124,8037679
4,2021-06-20,7382,12054195,6074,7238878,1002,4409152,306,406165,2620,680530,0.084667,4699,5914377,0.735831,3010,6594907,0.820499,8037679
4,2021-06-21,14622,12068817,10565,7249443,2909,4412061,1148,407313,7336,681981,0.084848,7192,5921569,0.736726,8643,6603550,0.821574,8037679
4,2021-06-22,20536,12089353,15997,7265440,3459,4415520,1080,408393,7096,677006,0.084229,13302,5934871,0.738381,8327,6611877,0.82261,8037679
4,2021-06-23,18469,12107822,14488,7279928,2980,4418500,1001,409394,6708,673225,0.083759,11617,5946488,0.739827,7836,6619713,0.823585,8037679
4,2021-06-24,17669,12125491,13665,7293593,3013,4421513,991,410385,6568,669984,0.083355,10937,5957425,0.741187,7696,6627409,0.824543,8037679
4,2021-06-25,21704,12147195,17054,7310647,3597,4425110,1053,411438,7833,665315,0.082775,13724,5971149,0.742895,9055,6636464,0.825669,8037679
4,2021-06-26,13141,12160336,10701,7321348,1823,4426933,617,412055,4839,662705,0.08245,8178,5979327,0.743912,5568,6642032,0.826362,8037679
4,2021-06-27,6897,12167233,5590,7326938,965,4427898,342,412397,2900,662045,0.082368,3957,5983284,0.744404,3297,6645329,0.826772,8037679
4,2021-06-28,15207,12182440,12764,7339702,1582,4429480,861,413258,6101,660131,0.08213,9004,5992288,0.745525,7090,6652419,0.827654,8037679
4,2021-06-29,16594,12199034,12881,7352583,2899,4432379,814,414072,6425,657450,0.081796,10041,6002329,0.746774,7360,6659779,0.82857,8037679
4,2021-06-30,14716,12213750,11477,7364060,2500,4434879,739,414811,6126,655981,0.081613,8453,6010782,0.747826,6984,6666763,0.829439,8037679
4,2021-07-01,14666,12228416,11558,7375618,2357,4437236,751,415562,6036,654408,0.081418,8497,6019279,0.748883,6924,6673687,0.8303,8037679
4,2021-07-02,17012,12245428,13483,7389101,2752,4439988,777,416339,6975,652360,0.081163,9928,6029207,0.750118,7880,6681567,0.831281,8037679
4,2021-07-03,9280,12254708,7369,7396470,1497,4441485,414,416753,4010,651656,0.081075,5186,6034393,0.750763,4482,6686049,0.831838,8037679
4,2021-07-04,449,12255157,280,7396750,108,4441593,61,416814,199,651684,0.081079,243,6034636,0.750793,271,6686320,0.831872,8037679
4,2021-07-05,9273,12264430,7539,7404289,1318,4442911,416,417230,4214,651387,0.081042,4976,6039612,0.751412,4679,6690999,0.832454,8037679
4,2021-07-06,16650,12281080,13125,7417414,2716,4445627,809,418039,6145,648082,0.08063,10368,6049980,0.752702,7063,6698062,0.833333,8037679
4,2021-07-07,13824,12294904,10786,7428200,2254,4447881,784,418823,5203,645688,0.080333,8503,6058483,0.75376,6109,6704171,0.834093,8037679
4,2021-07-08,13306,12308210,10388,7438588,2080,4449961,838,419661,5224,643888,0.080109,7952,6066435,0.75475,6152,6710323,0.834858,8037679
4,2021-07-09,15541,12323751,11912,7450500,2689,4452650,940,420601,6324,642207,0.0799,9063,6075498,0.755877,7382,6717705,0.835777,8037679
4,2021-07-10,8924,12332675,7063,7457563,1456,4454106,405,421006,3767,641369,0.079795,5069,6080567,0.756508,4231,6721936,0.836303,8037679
4,2021-07-11,4994,12337669,3996,7461559,798,4454904,200,421206,2238,641126,0.079765,2711,6083278,0.756845,2468,6724404,0.83661,8037679
4,2021-07-12,13110,12350779,10380,7471939,2001,4456905,729,421935,5090,639109,0.079514,7937,6091215,0.757833,5920,6730324,0.837347,8037679
4,2021-07-13,12893,12363672,9871,7481810,2383,4459288,639,422574,5493,638043,0.079381,7295,6098510,0.75874,6229,6736553,0.838122,8037679
4,2021-07-14,11809,12375481,9286,7491096,1964,4461252,559,423133,5119,637193,0.079276,6595,6105105,0.759561,5745,6742298,0.838836,8037679
4,2021-07-15,12495,12387976,9923,7501019,1980,4463232,592,423725,5688,636869,0.079235,6680,6111785,0.760392,6356,6748654,0.839627,8037679
4,2021-07-16,15073,12403049,11757,7512776,2646,4465878,670,424395,6953,636585,0.0792,8015,6119800,0.761389,7731,6756385,0.840589,8037679
4,2021-07-17,9401,12412450,7436,7520212,1639,4467517,326,424721,4447,636548,0.079195,4855,6124655,0.761993,4818,6761203,0.841188,8037679
4,2021-07-18,5384,12417834,4336,7524548,848,4468365,200,424921,2543,636530,0.079193,2782,6127437,0.762339,2764,6763967,0.841532,8037679
4,2021-07-19,12876,12430710,10202,7534750,2015,4470380,659,425580,6117,636720,0.079217,6663,6134100,0.763168,6853,6770820,0.842385,8037679
4,2021-07-20,13925,12444635,10729,7545479,2527,4472907,669,426249,6888,637471,0.07931,6887,6140987,0.764025,7638,6778458,0.843335,8037679
4,2021-07-21,12904,12457539,10005,7555484,2246,4475153,653,426902,6429,638271,0.07941,6336,6147323,0.764813,7136,6785594,0.844223,8037679
4,2021-07-22,13596,12471135,10607,7566091,2323,4477476,666,427568,7069,639682,0.079585,6387,6153710,0.765608,7798,6793392,0.845193,8037679
4,2021-07-23,15828,12486963,12200,7578291,2923,4480399,705,428273,8289,641396,0.079799,7366,6161076,0.766524,9080,6802472,0.846323,8037679
4,2021-07-24,9654,12496617,7554,7585845,1767,4482166,333,428606,4963,642190,0.079897,4552,6165628,0.767091,5346,6807818,0.846988,8037679
4,2021-07-25,4809,12501426,3780,7589625,870,4483036,159,428765,3387,644388,0.080171,1363,6166991,0.76726,3561,6811379,0.847431,8037679
4,2021-07-26,13083,12514509,10244,7599869,2152,4485188,687,429452,7610,647424,0.080549,5314,6172305,0.767921,8350,6819729,0.84847,8037679
4,2021-07-27,14486,12528995,11107,7610976,2614,4487802,765,430217,7820,649549,0.080813,6501,6178806,0.76873,8626,6828355,0.849543,8037679
4,2021-07-28,13304,12542299,10143,7621119,2457,4490259,704,430921,7381,651947,0.081111,5743,6184549,0.769445,8141,6836496,0.850556,8037679
4,2021-07-29,13600,12555899,10566,7631685,2314,4492573,720,431641,7639,654656,0.081448,5727,6190276,0.770157,8436,6844932,0.851606,8037679
4,2021-07-30,15877,12571776,12138,7643823,2929,4495502,810,432451,8611,657291,0.081776,6889,6197165,0.771014,9524,6854456,0.85279,8037679
4,2021-07-31,9767,12581543,7616,7651439,1724,4497226,427,432878,5510,659214,0.082015,4055,6201220,0.771519,5978,6860434,0.853534,8037679
4,2021-08-01,5450,12586993,4495,7655934,785,4498011,170,433048,3214,660513,0.082177,2119,6203339,0.771782,3418,6863852,0.853959,8037679
4,2021-08-02,14109,12601102,11264,7667198,2102,4500113,743,433791,8235,663895,0.082598,5666,6209005,0.772487,9048,6872900,0.855085,8037679
4,2021-08-03,14721,12615823,11302,7678500,2650,4502763,769,434560,8464,667167,0.083005,6035,6215040,0.773238,9307,6882207,0.856243,8037679
4,2021-08-04,13392,12629215,10432,7688932,2265,4505028,695,435255,7562,669849,0.083339,5617,6220657,0.773937,8299,6890506,0.857276,8037679
4,2021-08-05,14367,12643582,11338,7700270,2261,4507289,768,436023,8072,672695,0.083693,6044,6226701,0.774689,8890,6899396,0.858382,8037679
4,2021-08-06,17280,12660862,13249,7713519,3154,4510443,877,436900,9614,675920,0.084094,7333,6234034,0.775601,10558,6909954,0.859695,8037679
4,2021-08-07,10210,12671072,8120,7721639,1647,4512090,443,437343,5569,677510,0.084292,4463,6238497,0.776157,6053,6916007,0.860448,8037679
4,2021-08-08,6254,12677326,4973,7726612,1077,4513167,204,437547,3599,678826,0.084455,2517,6241014,0.77647,3833,6919840,0.860925,8037679
4,2021-08-09,14709,12692035,11914,7738526,2047,4515214,748,438295,7875,680924,0.084716,6600,6247614,0.777291,8698,6928538,0.862007,8037679
4,2021-08-10,14878,12706913,11443,7749969,2665,4517879,770,439065,7842,682817,0.084952,6785,6254399,0.778135,8678,6937216,0.863087,8037679
4,2021-08-11,12676,12719589,9720,7759689,2183,4520062,773,439838,6615,684436,0.085153,5800,6260199,0.778857,7419,6944635,0.86401,8037679
4,2021-08-12,14199,12733788,10808,7770497,2628,4522690,763,440601,7298,686001,0.085348,6542,6266741,0.77967,8107,6952742,0.865019,8037679
4,2021-08-13,17843,12751631,13203,7783700,3736,4526426,904,441505,8791,687393,0.085521,8376,6275117,0.780713,9768,6962510,0.866234,8037679
4,2021-08-14,12272,12763903,8753,7792453,2998,4529424,521,442026,5570,688547,0.085665,4999,6280116,0.781335,6153,6968663,0.866999,8037679
4,2021-08-15,7492,12771395,5478,7797931,1790,4531214,224,442250,3314,689215,0.085748,2915,6283031,0.781697,3583,6972246,0.867445,8037679
4,2021-08-16,18182,12789577,12595,7810526,4707,4535921,880,443130,7506,690173,0.085867,7506,6290537,0.782631,8464,6980710,0.868498,8037679
4,2021-08-17,18487,12808064,12564,7823090,5062,4540983,861,443991,7321,690921,0.08596,7514,6298051,0.783566,8262,6988972,0.869526,8037679
4,2021-08-18,18083,12826147,12166,7835256,5123,4546106,794,444785,6869,691652,0.086051,7011,6305062,0.784438,7742,6996714,0.870489,8037679
4,2021-08-19,18442,12844589,12280,7847536,5372,4551478,790,445575,6810,692464,0.086152,6870,6311932,0.785293,7682,7004396,0.871445,8037679
4,2021-08-20,23287,12867876,15733,7863269,6706,4558184,848,446423,8308,692538,0.086161,9196,6321128,0.786437,9270,7013666,0.872598,8037679
4,2021-08-21,14670,12882546,10251,7873520,4017,4562201,402,446825,4941,692145,0.086113,5801,6326929,0.787159,5408,7019074,0.873271,8037679
4,2021-08-22,8668,12891214,6142,7879662,2365,4564566,161,446986,3419,692589,0.086168,3185,6330114,0.787555,3629,7022703,0.873723,8037679
4,2021-08-23,20368,12911582,14319,7893981,5341,4569907,708,447694,7417,692929,0.08621,7976,6338090,0.788547,8316,7031019,0.874757,8037679
4,2021-08-24,19769,12931351,13972,7907953,5129,4575036,668,448362,6958,692855,0.086201,7856,6345946,0.789525,7782,7038801,0.875726,8037679
4,2021-08-25,18193,12949544,12827,7920780,4738,4579774,628,448990,6550,693226,0.086247,6972,6352918,0.790392,7343,7046144,0.876639,8037679
4,2021-08-26,18702,12968246,13179,7933959,4895,4584669,628,449618,6404,693016,0.086221,7370,6360288,0.791309,7160,7053304,0.87753,8037679
4,2021-08-27,23003,12991249,16423,7950382,5909,4590578,671,450289,7655,691863,0.086077,9686,6369974,0.792514,8533,7061837,0.878592,8037679
4,2021-08-28,14191,13005440,10140,7960522,3689,4594267,362,450651,4751,691178,0.085992,5911,6375885,0.79325,5226,7067063,0.879242,8037679
4,2021-08-29,8405,13013845,5999,7966521,2300,4596567,106,450757,2917,690807,0.085946,3468,6379353,0.793681,3097,7070160,0.879627,8037679
4,2021-08-30,18779,13032624,13120,7979641,5033,4601600,626,451383,6036,689896,0.085833,7731,6387084,0.794643,6820,7076980,0.880476,8037679
4,2021-08-31,18771,13051395,12820,7992461,5414,4607014,537,451920,5579,688681,0.085682,7462,6394546,0.795571,6247,7083227,0.881253,8037679
4,2021-09-01,16842,13068237,11606,8004067,4740,4611754,496,452416,5478,688592,0.085671,6187,6400733,0.796341,6098,7089325,0.882011,8037679
4,2021-09-02,10707,13078944,7190,8011257,3072,4614826,445,452861,2701,687608,0.085548,4142,6404875,0.796856,3158,7092483,0.882404,8037679
