vemquartile,administered_date,total_doses,cumulative_total_doses,pfizer_doses,cumulative_pfizer_doses,moderna_doses,cumulative_moderna_doses,jj_doses,cumulative_jj_doses,partially_vaccinated,total_partially_vaccinated,pct_age12pop_partially_vaccinated,fully_vaccinated,cumulative_fully_vaccinated,pct_age12pop_fully_vaccinated,at_least_one_dose,cumulative_at_least_one_dose,pct_age12pop_at_least_one_dose,age12_population
1,2020-12-15,153,153,153,153,0,0,0,0,153,153,1.8e-05,0,0,0.0,153,153,1.8e-05,8700223
1,2020-12-16,1224,1377,1224,1377,0,0,0,0,1224,1377,0.000158,0,0,0.0,1224,1377,0.000158,8700223
1,2020-12-17,4179,5556,4179,5556,0,0,0,0,4180,5557,0.000639,0,0,0.0,4180,5557,0.000639,8700223
1,2020-12-18,6376,11932,6354,11910,22,22,0,0,6378,11934,0.001372,1,1,0.0,6378,11935,0.001372,8700223
1,2020-12-19,2874,14806,2871,14781,3,25,0,0,2873,14806,0.001702,1,2,0.0,2873,14808,0.001702,8700223
1,2020-12-20,2127,16933,2119,16900,8,33,0,0,2128,16934,0.001946,0,2,0.0,2128,16936,0.001947,8700223
1,2020-12-21,7651,24584,7631,24531,20,53,0,0,7700,24634,0.002831,1,3,0.0,7701,24637,0.002832,8700223
1,2020-12-22,7310,31894,6968,31499,342,395,0,0,7311,31943,0.003672,2,5,1e-06,7311,31948,0.003672,8700223
1,2020-12-23,7839,39733,6579,38078,1260,1655,0,0,7834,39776,0.004572,2,7,1e-06,7835,39783,0.004573,8700223
1,2020-12-24,3298,43031,2362,40440,936,2591,0,0,3300,43076,0.004951,0,7,1e-06,3300,43083,0.004952,8700223
1,2020-12-25,238,43269,153,40593,85,2676,0,0,238,43314,0.004978,0,7,1e-06,238,43321,0.004979,8700223
1,2020-12-26,1358,44627,966,41559,392,3068,0,0,1357,44670,0.005134,1,8,1e-06,1357,44678,0.005135,8700223
1,2020-12-27,870,45497,538,42097,332,3400,0,0,870,45539,0.005234,1,9,1e-06,870,45548,0.005235,8700223
1,2020-12-28,7093,52590,4755,46852,2338,5738,0,0,7091,52630,0.006049,0,9,1e-06,7091,52639,0.00605,8700223
1,2020-12-29,8908,61498,4982,51834,3926,9664,0,0,8904,61531,0.007072,3,12,1e-06,8904,61543,0.007074,8700223
1,2020-12-30,11573,73071,6442,58276,5131,14795,0,0,11573,73104,0.008403,0,12,1e-06,11573,73116,0.008404,8700223
1,2020-12-31,5980,79051,1955,60231,4025,18820,0,0,5978,79080,0.009089,3,15,2e-06,5979,79095,0.009091,8700223
1,2021-01-01,579,79630,210,60441,369,19189,0,0,577,79655,0.009156,2,17,2e-06,577,79672,0.009157,8700223
1,2021-01-02,2910,82540,1765,62206,1145,20334,0,0,2912,82567,0.00949,0,17,2e-06,2912,82584,0.009492,8700223
1,2021-01-03,1036,83576,547,62753,489,20823,0,0,1035,83600,0.009609,2,19,2e-06,1035,83619,0.009611,8700223
1,2021-01-04,7375,90951,3583,66336,3792,24615,0,0,7379,90978,0.010457,1,20,2e-06,7379,90998,0.010459,8700223
1,2021-01-05,10863,101814,5252,71588,5611,30226,0,0,10069,100293,0.011528,776,796,9.1e-05,10091,101089,0.011619,8700223
1,2021-01-06,14076,115890,7066,78654,7010,37236,0,0,12156,110578,0.01271,1884,2680,0.000308,12169,113258,0.013018,8700223
1,2021-01-07,17520,133410,9163,87817,8357,45593,0,0,13004,119167,0.013697,4425,7105,0.000817,13014,126272,0.014514,8700223
1,2021-01-08,20185,153595,10482,98299,9703,55296,0,0,14242,127489,0.014654,5927,13032,0.001498,14249,140521,0.016151,8700223
1,2021-01-09,6685,160280,3399,101698,3286,58582,0,0,4832,130474,0.014997,1850,14882,0.001711,4835,145356,0.016707,8700223
1,2021-01-10,3090,163370,1761,103459,1329,59911,0,0,1904,131197,0.01508,1182,16064,0.001846,1905,147261,0.016926,8700223
1,2021-01-11,18073,181443,11842,115301,6231,66142,0,0,11528,136232,0.015658,6534,22598,0.002597,11569,158830,0.018256,8700223
1,2021-01-12,19107,200550,10956,126257,8151,74293,0,0,13121,143434,0.016486,5960,28558,0.003282,13162,171992,0.019769,8700223
1,2021-01-13,19828,220378,10733,136990,9095,83388,0,0,14680,153004,0.017586,5128,33686,0.003872,14698,186690,0.021458,8700223
1,2021-01-14,22033,242411,9451,146441,12582,95970,0,0,19283,169644,0.019499,2697,36383,0.004182,19337,206027,0.023681,8700223
1,2021-01-15,25169,267580,9248,155689,15921,111891,0,0,23222,191016,0.021955,1908,38291,0.004401,23280,229307,0.026356,8700223
1,2021-01-16,13870,281450,4529,160218,9341,121232,0,0,13003,203158,0.023351,864,39155,0.0045,13006,242313,0.027851,8700223
1,2021-01-17,5214,286664,2033,162251,3181,124413,0,0,4848,207643,0.023866,366,39521,0.004543,4851,247164,0.028409,8700223
1,2021-01-18,14330,300994,8604,170855,5726,130139,0,0,11148,215677,0.02479,3169,42690,0.004907,11203,258367,0.029697,8700223
1,2021-01-19,24677,325671,12745,183600,11932,142071,0,0,19527,230126,0.026451,5132,47822,0.005497,19581,277948,0.031947,8700223
1,2021-01-20,29425,355096,14708,198308,14717,156788,0,0,23505,247826,0.028485,5844,53666,0.006168,23544,301492,0.034653,8700223
1,2021-01-21,31233,386329,14651,212959,16582,173370,0,0,27962,272679,0.031342,3203,56869,0.006536,28056,329548,0.037878,8700223
1,2021-01-22,28374,414703,11268,224227,17106,190476,0,0,26311,297024,0.03414,1998,58867,0.006766,26343,355891,0.040906,8700223
1,2021-01-23,18724,433427,8190,232417,10534,201010,0,0,16765,311869,0.035846,1929,60796,0.006988,16774,372665,0.042834,8700223
1,2021-01-24,6678,440105,4162,236579,2516,203526,0,0,6021,317243,0.036464,653,61449,0.007063,6027,378692,0.043527,8700223
1,2021-01-25,25441,465546,10484,247063,14957,218483,0,0,19659,331269,0.038076,5737,67186,0.007722,19763,398455,0.045798,8700223
1,2021-01-26,28826,494372,13480,260543,15346,233829,0,0,22134,346789,0.03986,6634,73820,0.008485,22154,420609,0.048345,8700223
1,2021-01-27,32653,527025,15536,276079,17117,250946,0,0,24532,363299,0.041757,8054,81874,0.009411,24564,445173,0.051168,8700223
1,2021-01-28,34978,562003,16403,292482,18575,269521,0,0,28036,384524,0.044197,6875,88749,0.010201,28100,473273,0.054398,8700223
1,2021-01-29,33672,595675,16446,308928,17226,286747,0,0,27094,405223,0.046576,6433,95182,0.01094,27132,500405,0.057516,8700223
1,2021-01-30,20191,615866,8736,317664,11455,298202,0,0,18068,421207,0.048413,2094,97276,0.011181,18078,518483,0.059594,8700223
1,2021-01-31,7647,623513,4972,322636,2675,300877,0,0,6938,427441,0.04913,706,97982,0.011262,6940,525423,0.060392,8700223
1,2021-02-01,28922,652435,12509,335145,16413,317290,0,0,21119,440811,0.050667,7754,105736,0.012153,21124,546547,0.06282,8700223
1,2021-02-02,32657,685092,11794,346939,20863,338153,0,0,24387,457048,0.052533,8187,113923,0.013094,24424,570971,0.065627,8700223
1,2021-02-03,39647,724739,15240,362179,24407,362560,0,0,28557,474715,0.054564,10927,124850,0.01435,28594,599565,0.068914,8700223
1,2021-02-04,44004,768743,17136,379315,26868,389428,0,0,31740,494362,0.056822,12141,136991,0.015746,31788,631353,0.072567,8700223
1,2021-02-05,46783,815526,17208,396523,29575,419003,0,0,30655,509088,0.058514,15981,152972,0.017583,30707,662060,0.076097,8700223
1,2021-02-06,26585,842111,10524,407047,16061,435064,0,0,20674,523914,0.060218,5864,158836,0.018257,20690,682750,0.078475,8700223
1,2021-02-07,6292,848403,4055,411102,2237,437301,0,0,4650,526958,0.060568,1624,160460,0.018443,4668,687418,0.079012,8700223
1,2021-02-08,31626,880029,14453,425555,17173,454474,0,0,21082,537683,0.061801,10453,170913,0.019645,21178,708596,0.081446,8700223
1,2021-02-09,38441,918470,16858,442413,21583,476057,0,0,23665,546742,0.062842,14683,185596,0.021332,23742,732338,0.084175,8700223
1,2021-02-10,47184,965654,22127,464540,25057,501114,0,0,26827,553412,0.063609,20236,205832,0.023658,26906,759244,0.087267,8700223
1,2021-02-11,51771,1017425,25421,489961,26350,527464,0,0,30908,563873,0.064811,20550,226382,0.02602,31011,790255,0.090832,8700223
1,2021-02-12,49987,1067412,21508,511469,28479,555943,0,0,28684,571547,0.065693,21149,247531,0.028451,28823,819078,0.094144,8700223
1,2021-02-13,26365,1093777,11526,522995,14839,570782,0,0,15264,575855,0.066189,11032,258563,0.029719,15340,834418,0.095908,8700223
1,2021-02-14,11779,1105556,5565,528560,6214,576996,0,0,6699,577569,0.066386,5050,263613,0.0303,6764,841182,0.096685,8700223
1,2021-02-15,23863,1129419,9378,537938,14485,591481,0,0,14511,582961,0.067005,9233,272846,0.031361,14625,855807,0.098366,8700223
1,2021-02-16,47080,1176499,22482,560420,24598,616079,0,0,27478,591030,0.067933,19520,292366,0.033604,27589,883396,0.101537,8700223
1,2021-02-17,48424,1224923,24535,584955,23889,639968,0,0,26095,595096,0.0684,22177,314543,0.036153,26243,909639,0.104554,8700223
1,2021-02-18,51116,1276039,25567,610522,25549,665517,0,0,26480,597408,0.068666,24399,338942,0.038958,26711,936350,0.107624,8700223
1,2021-02-19,46575,1322614,25261,635783,21314,686831,0,0,26093,603233,0.069335,20330,359272,0.041295,26155,962505,0.11063,8700223
1,2021-02-20,27621,1350235,16838,652621,10783,697614,0,0,15771,607291,0.069802,11789,371061,0.04265,15847,978352,0.112451,8700223
1,2021-02-21,12321,1362556,10616,663237,1705,699319,0,0,7418,609915,0.070103,4844,375905,0.043206,7468,985820,0.11331,8700223
1,2021-02-22,31479,1394035,20742,683979,10737,710056,0,0,18116,614863,0.070672,13269,389174,0.044731,18217,1004037,0.115404,8700223
1,2021-02-23,45500,1439535,21994,705973,23506,733562,0,0,24974,619957,0.071258,20242,409416,0.047058,25336,1029373,0.118316,8700223
1,2021-02-24,55613,1495148,26850,732823,28763,762325,0,0,30594,626184,0.071973,24819,434235,0.049911,31046,1060419,0.121884,8700223
1,2021-02-25,68048,1563196,33026,765849,35022,797347,0,0,42046,642893,0.073894,25837,460072,0.05288,42546,1102965,0.126774,8700223
1,2021-02-26,75791,1638987,35530,801379,40261,837608,0,0,49587,666977,0.076662,25977,486049,0.055866,50061,1153026,0.132528,8700223
1,2021-02-27,52075,1691062,23860,825239,28206,865814,9,9,34190,683697,0.078584,17744,503793,0.057906,34464,1187490,0.13649,8700223
1,2021-02-28,19769,1710831,11722,836961,8045,873859,2,11,14512,693172,0.079673,5180,508973,0.058501,14655,1202145,0.138174,8700223
1,2021-03-01,44878,1755709,20699,857660,24139,897998,40,51,28831,706407,0.081194,15873,524846,0.060326,29108,1231253,0.14152,8700223
1,2021-03-02,62546,1818255,27269,884929,35269,933267,8,59,40292,725224,0.083357,22102,546948,0.062866,40919,1272172,0.146223,8700223
1,2021-03-03,70304,1888559,33671,918600,36609,969876,24,83,43039,741773,0.085259,27106,574054,0.065982,43655,1315827,0.151241,8700223
1,2021-03-04,78580,1967139,37126,955726,41418,1011294,36,119,50716,765355,0.08797,27680,601734,0.069163,51262,1367089,0.157133,8700223
1,2021-03-05,77775,2044914,35253,990979,42316,1053610,206,325,52135,792923,0.091138,25400,627134,0.072083,52968,1420057,0.163221,8700223
1,2021-03-06,57416,2102330,27442,1018421,28623,1082233,1351,1676,39072,815440,0.093726,18266,645400,0.074182,40783,1460840,0.167908,8700223
1,2021-03-07,20916,2123246,13015,1031436,6713,1088946,1188,2864,15483,826958,0.09505,5407,650807,0.074803,16925,1477765,0.169854,8700223
1,2021-03-08,45921,2169167,22444,1053880,21521,1110467,1956,4820,32191,847812,0.097447,13629,664436,0.07637,34483,1512248,0.173817,8700223
1,2021-03-09,66604,2235771,32226,1086106,31875,1142342,2503,7323,40972,866143,0.099554,25485,689921,0.079299,43816,1556064,0.178853,8700223
1,2021-03-10,73564,2309335,36659,1122765,32429,1174771,4476,11799,45288,888106,0.102079,28168,718089,0.082537,50131,1606195,0.184615,8700223
1,2021-03-11,90026,2399361,41370,1164135,40651,1215422,8005,19804,52401,911572,0.104776,37397,755486,0.086835,60863,1667058,0.191611,8700223
1,2021-03-12,98805,2498166,43549,1207684,42843,1258265,12413,32217,57741,941328,0.108196,40855,796341,0.091531,70611,1737669,0.199727,8700223
1,2021-03-13,65245,2563411,29514,1237198,28065,1286330,7666,39883,41616,967436,0.111197,23500,819841,0.094232,49608,1787277,0.205429,8700223
1,2021-03-14,27872,2591283,14902,1252100,9398,1295728,3572,43455,15619,974638,0.112024,12181,832022,0.095632,19383,1806660,0.207657,8700223
1,2021-03-15,65179,2656462,28741,1280841,29672,1325400,6766,50221,38324,993451,0.114187,26639,858661,0.098694,45452,1852112,0.212881,8700223
1,2021-03-16,85630,2742092,39076,1319917,40929,1366329,5625,55846,53108,1020244,0.117266,32300,890961,0.102407,59093,1911205,0.219673,8700223
1,2021-03-17,92845,2834937,45277,1365194,41026,1407355,6542,62388,59684,1053900,0.121135,32935,923896,0.106192,66591,1977796,0.227327,8700223
1,2021-03-18,98545,2933482,50820,1416014,42004,1449359,5721,68109,59667,1081253,0.124279,38525,962421,0.11062,65878,2043674,0.234899,8700223
1,2021-03-19,103519,3037001,53620,1469634,43600,1492959,6299,74408,60599,1106035,0.127127,42637,1005058,0.115521,67419,2111093,0.242648,8700223
1,2021-03-20,72457,3109458,37269,1506903,29974,1522933,5214,79622,46582,1132420,0.13016,25690,1030748,0.118474,52075,2163168,0.248634,8700223
1,2021-03-21,27227,3136685,19014,1525917,6403,1529336,1810,81432,17035,1141259,0.131176,10100,1040848,0.119635,18939,2182107,0.25081,8700223
1,2021-03-22,59163,3195848,30569,1556486,25311,1554647,3283,84715,40017,1166008,0.13402,18925,1059773,0.12181,43674,2225781,0.25583,8700223
1,2021-03-23,82997,3278845,42257,1598743,37125,1591772,3615,88330,51198,1189727,0.136747,31556,1091329,0.125437,55275,2281056,0.262184,8700223
1,2021-03-24,87890,3366735,44518,1643261,39032,1630804,4340,92670,52590,1211816,0.139286,35009,1126338,0.129461,57098,2338154,0.268746,8700223
1,2021-03-25,96637,3463372,49416,1692677,41399,1672203,5822,98492,53695,1228930,0.141253,42614,1168952,0.134359,59728,2397882,0.275612,8700223
1,2021-03-26,104392,3567764,50931,1743608,47154,1719357,6307,104799,55981,1243468,0.142924,48048,1217000,0.139881,62586,2460468,0.282805,8700223
1,2021-03-27,73937,3641701,38205,1781813,31522,1750879,4210,109009,38025,1250218,0.1437,35686,1252686,0.143983,42436,2502904,0.287683,8700223
1,2021-03-28,32654,3674355,21379,1803192,10058,1760937,1217,110226,16402,1252141,0.143921,16145,1268831,0.145839,18068,2520972,0.289759,8700223
1,2021-03-29,67137,3741492,33353,1836545,30623,1791560,3161,113387,37084,1262740,0.145139,29850,1298681,0.14927,40449,2561421,0.294409,8700223
1,2021-03-30,91941,3833433,45311,1881856,40259,1831819,6371,119758,47309,1272082,0.146213,44428,1343109,0.154376,53770,2615191,0.300589,8700223
1,2021-03-31,100778,3934211,52653,1934509,41935,1873754,6190,125948,55301,1288477,0.148097,45163,1388272,0.159567,61558,2676749,0.307664,8700223
1,2021-04-01,111824,4046035,53519,1988028,49532,1923286,8773,134721,57015,1299933,0.149414,54383,1442655,0.165818,65839,2742588,0.315232,8700223
1,2021-04-02,111234,4157269,50913,2038941,50621,1973907,9700,144421,56448,1311930,0.150793,54357,1497012,0.172066,66354,2808942,0.322859,8700223
1,2021-04-03,77978,4235247,39257,2078198,29090,2002997,9631,154052,36474,1316780,0.15135,41323,1538335,0.176816,46173,2855115,0.328166,8700223
1,2021-04-04,23754,4259001,11821,2090019,8470,2011467,3463,157515,9940,1316426,0.151309,13748,1552083,0.178396,13394,2868509,0.329705,8700223
1,2021-04-05,76294,4335295,36652,2126671,30340,2041807,9302,166817,34222,1318247,0.151519,41874,1593957,0.183209,43695,2912204,0.334728,8700223
1,2021-04-06,103610,4438905,49258,2175929,37773,2079580,16579,183396,46785,1325108,0.152307,56540,1650497,0.189707,63401,2975605,0.342015,8700223
1,2021-04-07,111813,4550718,54374,2230303,39903,2119483,17536,200932,50398,1331953,0.153094,61114,1711611,0.196732,67959,3043564,0.349826,8700223
1,2021-04-08,122236,4672954,57913,2288216,43347,2162830,20976,221908,53988,1339154,0.153922,67832,1779443,0.204528,75033,3118597,0.35845,8700223
1,2021-04-09,123461,4796415,56395,2344611,46266,2209096,20800,242708,54192,1345302,0.154628,68898,1848341,0.212448,75046,3193643,0.367076,8700223
1,2021-04-10,95660,4892075,42502,2387113,30462,2239558,22696,265404,37363,1347248,0.154852,58088,1906429,0.219124,60034,3253677,0.373976,8700223
1,2021-04-11,36440,4928515,20323,2407436,9413,2248971,6704,272108,14813,1347306,0.154859,21566,1927995,0.221603,21624,3275301,0.376462,8700223
1,2021-04-12,74298,5002813,33237,2440673,31076,2280047,9985,282093,31446,1346328,0.154746,42564,1970559,0.226495,41586,3316887,0.381242,8700223
1,2021-04-13,97243,5100056,52080,2492753,44823,2324870,340,282433,52505,1355069,0.155751,44448,2015007,0.231604,53189,3370076,0.387355,8700223
1,2021-04-14,104904,5204960,54361,2547114,50471,2375341,72,282505,53409,1357793,0.156064,51129,2066136,0.237481,53853,3423929,0.393545,8700223
1,2021-04-15,106127,5311087,57755,2604869,48283,2423624,89,282594,56745,1366004,0.157008,48798,2114934,0.24309,57009,3480938,0.400098,8700223
1,2021-04-16,110708,5421795,56809,2661678,53811,2477435,88,282682,55423,1366944,0.157116,54755,2169689,0.249383,55695,3536633,0.406499,8700223
1,2021-04-17,83375,5505170,45278,2706956,38086,2515521,11,282693,46705,1377383,0.158316,36439,2206128,0.253571,46878,3583511,0.411887,8700223
1,2021-04-18,30203,5535373,20422,2727378,9774,2525295,7,282700,15248,1377974,0.158384,14866,2220994,0.25528,15457,3598968,0.413664,8700223
1,2021-04-19,67132,5602505,34005,2761383,33114,2558409,13,282713,30479,1372294,0.157731,36300,2257294,0.259452,30620,3629588,0.417183,8700223
1,2021-04-20,88521,5691026,44664,2806047,43836,2602245,21,282734,41751,1367844,0.157219,46426,2303720,0.264789,41976,3671564,0.422008,8700223
1,2021-04-21,97474,5788500,50848,2856895,46526,2648771,100,282834,43841,1358936,0.156196,53083,2356803,0.27089,44175,3715739,0.427085,8700223
1,2021-04-22,96947,5885447,50635,2907530,46296,2695067,16,282850,44589,1351904,0.155387,51856,2408659,0.27685,44824,3760563,0.432238,8700223
1,2021-04-23,101487,5986934,52403,2959933,49057,2744124,27,282877,48563,1348290,0.154972,52431,2461090,0.282877,48817,3809380,0.437849,8700223
1,2021-04-24,75338,6062272,46709,3006642,28604,2772728,25,282902,42624,1358599,0.156157,32594,2493684,0.286623,42903,3852283,0.44278,8700223
1,2021-04-25,27016,6089288,17193,3023835,9809,2782537,14,282916,15445,1362736,0.156632,11461,2505145,0.28794,15598,3867881,0.444573,8700223
1,2021-04-26,65789,6155077,34503,3058338,30886,2813423,400,283316,31467,1360921,0.156424,34021,2539166,0.291851,32206,3900087,0.448274,8700223
1,2021-04-27,81129,6236206,43109,3101447,36720,2850143,1300,284616,35481,1352673,0.155476,45372,2584538,0.297066,37124,3937211,0.452541,8700223
1,2021-04-28,80796,6317002,43001,3144448,36298,2886441,1497,286113,35684,1345304,0.154629,44780,2629318,0.302213,37411,3974622,0.456841,8700223
1,2021-04-29,83884,6400886,46134,3190582,36142,2922583,1608,287721,34662,1332854,0.153198,48882,2678200,0.307831,36432,4011054,0.461029,8700223
1,2021-04-30,91284,6492170,49465,3240047,39961,2962544,1858,289579,38576,1321066,0.151843,52392,2730592,0.313853,40604,4051658,0.465696,8700223
1,2021-05-01,62395,6554565,40301,3280348,20683,2983227,1411,290990,26356,1313243,0.150944,35809,2766401,0.317969,27986,4079644,0.468913,8700223
1,2021-05-02,23277,6577842,16446,3296794,6254,2989481,577,291567,9427,1309530,0.150517,13745,2780146,0.319549,10032,4089676,0.470066,8700223
1,2021-05-03,55571,6633413,30738,3327532,23004,3012485,1829,293396,20549,1297177,0.149097,34786,2814932,0.323547,22433,4112109,0.472644,8700223
1,2021-05-04,75075,6708488,43220,3370752,29769,3042254,2086,295482,27293,1279153,0.147025,47489,2862421,0.329005,29465,4141574,0.476031,8700223
1,2021-05-05,77283,6785771,44821,3415573,30176,3072430,2286,297768,26434,1257436,0.144529,50521,2912942,0.334812,28804,4170378,0.479342,8700223
1,2021-05-06,78454,6864225,47511,3463084,28784,3101214,2159,299927,24672,1231009,0.141492,53414,2966356,0.340952,26987,4197365,0.482443,8700223
1,2021-05-07,82522,6946747,46938,3510022,33396,3134610,2188,302115,27748,1206658,0.138693,54352,3020708,0.347199,30001,4227366,0.485892,8700223
1,2021-05-08,56644,7003391,35549,3545571,19462,3154072,1633,303748,19352,1190771,0.136867,36965,3057673,0.351448,21078,4248444,0.488314,8700223
1,2021-05-09,18188,7021579,13068,3558639,4641,3158713,479,304227,5569,1184311,0.136124,12543,3070216,0.352889,6083,4254527,0.489014,8700223
1,2021-05-10,43744,7065323,22076,3580715,19864,3178577,1804,306031,14817,1172361,0.134751,28663,3098879,0.356184,16713,4271240,0.490935,8700223
1,2021-05-11,61768,7127091,33486,3614201,26133,3204710,2149,308180,20467,1154062,0.132647,41034,3139913,0.3609,22735,4293975,0.493548,8700223
1,2021-05-12,62296,7189387,33152,3647353,27096,3231806,2048,310228,20491,1135173,0.130476,41496,3181409,0.36567,22607,4316582,0.496146,8700223
1,2021-05-13,66321,7255708,38860,3686213,25474,3257280,1987,312215,25254,1122000,0.128962,40691,3222100,0.370347,27518,4344100,0.499309,8700223
1,2021-05-14,75881,7331589,45751,3731964,27742,3285022,2388,314603,30732,1110640,0.127656,44757,3266857,0.375491,33397,4377497,0.503148,8700223
1,2021-05-15,66039,7397628,43302,3775266,20988,3306010,1749,316352,26364,1099430,0.126368,39391,3306248,0.380019,28181,4405678,0.506387,8700223
1,2021-05-16,24923,7422551,18352,3793618,5951,3311961,620,316972,10234,1095752,0.125945,14578,3320826,0.381694,10900,4416578,0.50764,8700223
1,2021-05-17,53984,7476535,33008,3826626,19206,3331167,1770,318742,22956,1089765,0.125257,30772,3351598,0.385231,24785,4441363,0.510488,8700223
1,2021-05-18,64801,7541336,39055,3865681,23924,3355091,1822,320564,28146,1083431,0.124529,36387,3387985,0.389414,30053,4471416,0.513943,8700223
1,2021-05-19,66160,7607496,40283,3905964,23951,3379042,1926,322490,29570,1078705,0.123986,36309,3424294,0.393587,31583,4502999,0.517573,8700223
1,2021-05-20,64064,7671560,37093,3943057,24767,3403809,2204,324694,26356,1070095,0.122996,37375,3461669,0.397883,28765,4531764,0.520879,8700223
1,2021-05-21,69770,7741330,41717,3984774,26207,3430016,1846,326540,28890,1060451,0.121888,40477,3502146,0.402535,30833,4562597,0.524423,8700223
1,2021-05-22,55763,7797093,36653,4021427,17393,3447409,1717,328257,24361,1055484,0.121317,31143,3533289,0.406115,26176,4588773,0.527432,8700223
1,2021-05-23,20427,7817520,14262,4035689,5580,3452989,585,328842,9485,1054737,0.121231,10840,3544129,0.407361,10093,4598866,0.528592,8700223
1,2021-05-24,43649,7861169,24342,4060031,17481,3470470,1826,330668,17728,1048702,0.120537,25671,3569800,0.410311,19636,4618502,0.530849,8700223
1,2021-05-25,50712,7911881,29206,4089237,19834,3490304,1672,332340,21068,1042173,0.119787,29370,3599170,0.413687,22841,4641343,0.533474,8700223
1,2021-05-26,48342,7960223,27401,4116638,19052,3509356,1889,334229,20520,1037104,0.119204,27525,3626695,0.416851,22456,4663799,0.536055,8700223
1,2021-05-27,46905,8007128,26325,4142963,18679,3528035,1901,336130,20179,1032857,0.118716,26443,3653138,0.41989,22196,4685995,0.538606,8700223
1,2021-05-28,52233,8059361,29087,4172050,21325,3549360,1821,337951,23408,1029709,0.118354,28503,3681641,0.423166,25355,4711350,0.541521,8700223
1,2021-05-29,30602,8089963,18535,4190585,11108,3560468,959,338910,14643,1029558,0.118337,15808,3697449,0.424983,15657,4727007,0.54332,8700223
1,2021-05-30,11667,8101630,7523,4198108,3590,3564058,554,339464,5539,1029618,0.118344,6057,3703506,0.425679,6117,4733124,0.544023,8700223
1,2021-05-31,5714,8107344,3250,4201358,2211,3566269,253,339717,1993,1028213,0.118182,3664,3707170,0.426101,2259,4735383,0.544283,8700223
1,2021-06-01,45708,8153052,25849,4227207,18305,3584574,1554,341271,17362,1019168,0.117143,28039,3735209,0.429323,18994,4754377,0.546466,8700223
1,2021-06-02,39882,8192934,23124,4250331,15257,3599831,1501,342772,16092,1013326,0.116471,23508,3758717,0.432025,17666,4772043,0.548497,8700223
1,2021-06-03,41207,8234141,25819,4276150,13711,3613542,1677,344449,15791,1005749,0.1156,25117,3783834,0.434912,17540,4789583,0.550513,8700223
1,2021-06-04,50063,8284204,32032,4308182,16227,3629769,1804,346253,17940,993789,0.114226,31781,3815615,0.438565,19821,4809404,0.552791,8700223
1,2021-06-05,40249,8324453,27477,4335659,10782,3640551,1990,348243,14226,984247,0.113129,25811,3841426,0.441532,16269,4825673,0.554661,8700223
1,2021-06-06,13174,8337627,10545,4346204,2121,3642672,508,348751,4587,980896,0.112744,8507,3849933,0.44251,5156,4830829,0.555253,8700223
1,2021-06-07,33925,8371552,23392,4369596,9186,3651858,1347,350098,12078,972729,0.111805,21643,3871576,0.444997,13476,4844305,0.556802,8700223
1,2021-06-08,42169,8413721,29186,4398782,11343,3663201,1640,351738,14716,961994,0.110571,27184,3898760,0.448122,16449,4860754,0.558693,8700223
1,2021-06-09,42097,8455818,29225,4428007,11237,3674438,1635,353373,13753,949401,0.109124,28040,3926800,0.451345,15447,4876201,0.560469,8700223
1,2021-06-10,38993,8494811,26276,4454283,11025,3685463,1692,355065,13422,939295,0.107962,25324,3952124,0.454255,15218,4891419,0.562218,8700223
1,2021-06-11,43740,8538551,28964,4483247,13093,3698556,1683,356748,15501,928619,0.106735,27941,3980065,0.457467,17265,4908684,0.564202,8700223
1,2021-06-12,33654,8572205,24356,4507603,8099,3706655,1199,357947,11096,918636,0.105588,22348,4002413,0.460036,12365,4921049,0.565623,8700223
1,2021-06-13,11614,8583819,8431,4516034,2702,3709357,481,358428,3381,914367,0.105097,8166,4010579,0.460974,3897,4924946,0.566071,8700223
1,2021-06-14,30862,8614681,20779,4536813,8782,3718139,1301,359729,11568,908169,0.104385,19098,4029677,0.463169,12900,4937846,0.567554,8700223
1,2021-06-15,37122,8651803,24350,4561163,10924,3729063,1848,361577,13769,900792,0.103537,23089,4052766,0.465823,15712,4953558,0.56936,8700223
1,2021-06-16,35302,8687105,23832,4584995,9639,3738702,1831,363408,13235,894105,0.102768,21813,4074579,0.46833,15126,4968684,0.571098,8700223
1,2021-06-17,33478,8720583,22151,4607146,9383,3748085,1944,365352,13083,889069,0.102189,20159,4094738,0.470647,15123,4983807,0.572837,8700223
1,2021-06-18,39279,8759862,25482,4632628,10955,3759040,2842,368194,15237,883427,0.101541,23782,4118520,0.473381,18140,5001947,0.574922,8700223
1,2021-06-19,23819,8783681,16531,4649159,6090,3765130,1198,369392,9761,880524,0.101207,13894,4132414,0.474978,10991,5012938,0.576185,8700223
1,2021-06-20,8124,8791805,5950,4655109,1899,3767029,275,369667,3237,879223,0.101058,4824,4137238,0.475532,3523,5016461,0.57659,8700223
1,2021-06-21,20861,8812666,11824,4666933,6859,3773888,2178,371845,10875,882453,0.101429,9875,4147113,0.476667,13105,5029566,0.578096,8700223
1,2021-06-22,30665,8843331,20031,4686964,8508,3782396,2126,373971,12881,879956,0.101142,17576,4164689,0.478688,15079,5044645,0.579829,8700223
1,2021-06-23,29226,8872557,19623,4706587,7795,3790191,1808,375779,12794,878356,0.100958,16231,4180920,0.480553,14631,5059276,0.581511,8700223
1,2021-06-24,28111,8900668,18729,4725316,7737,3797928,1645,377424,11918,875988,0.100686,15997,4196917,0.482392,13629,5072905,0.583078,8700223
1,2021-06-25,31477,8932145,21331,4746647,8758,3806686,1388,378812,13825,873833,0.100438,17425,4214342,0.484395,15270,5088175,0.584833,8700223
1,2021-06-26,22124,8954269,16421,4763068,4890,3811576,813,379625,9649,871986,0.100226,12358,4226700,0.485815,10511,5098686,0.586041,8700223
1,2021-06-27,9108,8963377,6772,4769840,1909,3813485,427,380052,4052,871488,0.100168,4993,4231693,0.486389,4495,5103181,0.586557,8700223
1,2021-06-28,20974,8984351,15578,4785418,4153,3817638,1243,381295,9711,871417,0.10016,11079,4242772,0.487662,11008,5114189,0.587823,8700223
1,2021-06-29,26399,9010750,18054,4803472,6986,3824624,1359,382654,11624,869857,0.099981,14605,4257377,0.489341,13045,5127234,0.589322,8700223
1,2021-06-30,25633,9036383,17751,4821223,6843,3831467,1039,383693,12167,869879,0.099984,13257,4270634,0.490865,13279,5140513,0.590848,8700223
1,2021-07-01,23375,9059758,16292,4837515,5832,3837299,1251,384944,10822,869621,0.099954,12411,4283045,0.492291,12153,5152666,0.592245,8700223
1,2021-07-02,26067,9085825,17873,4855388,7167,3844466,1027,385971,12246,869343,0.099922,13634,4296679,0.493858,13356,5166022,0.59378,8700223
1,2021-07-03,14485,9100310,10133,4865521,3919,3848385,433,386404,6869,869190,0.099904,7491,4304170,0.49472,7338,5173360,0.594624,8700223
1,2021-07-04,1260,9101570,706,4866227,489,3848874,65,386469,608,869225,0.099908,644,4304814,0.494794,679,5174039,0.594702,8700223
1,2021-07-05,10903,9112473,7522,4873749,3021,3851895,360,386829,5189,869167,0.099902,5652,4310466,0.495443,5594,5179633,0.595345,8700223
1,2021-07-06,26871,9139344,18998,4892747,6754,3858649,1119,387948,10736,865172,0.099443,15953,4326419,0.497277,11958,5191591,0.596719,8700223
1,2021-07-07,23274,9162618,16317,4909064,5872,3864521,1085,389033,10017,863275,0.099224,13087,4339506,0.498781,11190,5202781,0.598005,8700223
1,2021-07-08,22049,9184667,15265,4924329,5825,3870346,959,389992,9607,861615,0.099034,12315,4351821,0.500196,10655,5213436,0.59923,8700223
1,2021-07-09,25966,9210633,18422,4942751,6577,3876923,967,390959,11809,860478,0.098903,13984,4365805,0.501804,12847,5226283,0.600707,8700223
1,2021-07-10,16025,9226658,11598,4954349,3834,3880757,593,391552,7121,859445,0.098784,8796,4374601,0.502815,7763,5234046,0.601599,8700223
1,2021-07-11,6655,9233313,4864,4959213,1602,3882359,189,391741,3211,859468,0.098787,3395,4377996,0.503205,3418,5237464,0.601992,8700223
1,2021-07-12,19496,9252809,14052,4973265,4670,3887029,774,392515,8676,858317,0.098655,10699,4388695,0.504435,9548,5247012,0.603089,8700223
1,2021-07-13,21165,9273974,14856,4988121,5637,3892666,672,393187,9991,858025,0.098621,11042,4399737,0.505704,10750,5257762,0.604325,8700223
1,2021-07-14,14606,9288580,9950,4998071,3888,3896554,768,393955,6466,857317,0.09854,8018,4407755,0.506626,7310,5265072,0.605165,8700223
2,2020-12-15,245,245,245,245,0,0,0,0,245,245,2.9e-05,0,0,0.0,245,245,2.9e-05,8407551
2,2020-12-16,2123,2368,2123,2368,0,0,0,0,2122,2367,0.000282,0,0,0.0,2122,2367,0.000282,8407551
2,2020-12-17,6928,9296,6928,9296,0,0,0,0,6929,9296,0.001106,0,0,0.0,6929,9296,0.001106,8407551
2,2020-12-18,11094,20390,11074,20370,20,20,0,0,11094,20390,0.002425,0,0,0.0,11094,20390,0.002425,8407551
2,2020-12-19,5628,26018,5622,25992,6,26,0,0,5629,26019,0.003095,0,0,0.0,5629,26019,0.003095,8407551
2,2020-12-20,4253,30271,4243,30235,10,36,0,0,4248,30266,0.0036,1,1,0.0,4248,30267,0.0036,8407551
2,2020-12-21,12786,43057,12758,42993,28,64,0,0,12741,43007,0.005115,0,1,0.0,12741,43008,0.005115,8407551
2,2020-12-22,12147,55204,11632,54625,515,579,0,0,12145,55152,0.00656,0,1,0.0,12145,55153,0.00656,8407551
2,2020-12-23,11719,66923,9501,64126,2218,2797,0,0,11721,66873,0.007954,1,2,0.0,11722,66875,0.007954,8407551
2,2020-12-24,5912,72835,3496,67622,2416,5213,0,0,5908,72780,0.008657,3,5,1e-06,5910,72785,0.008657,8407551
2,2020-12-25,484,73319,406,68028,78,5291,0,0,486,73266,0.008714,0,5,1e-06,486,73271,0.008715,8407551
2,2020-12-26,2556,75875,1660,69688,896,6187,0,0,2557,75822,0.009018,1,6,1e-06,2557,75828,0.009019,8407551
2,2020-12-27,2235,78110,1215,70903,1020,7207,0,0,2232,78052,0.009284,2,8,1e-06,2232,78060,0.009285,8407551
2,2020-12-28,11023,89133,7160,78063,3863,11070,0,0,11023,89074,0.010595,1,9,1e-06,11023,89083,0.010596,8407551
2,2020-12-29,12722,101855,7153,85216,5569,16639,0,0,12726,101800,0.012108,0,9,1e-06,12726,101809,0.012109,8407551
2,2020-12-30,15450,117305,8668,93884,6782,23421,0,0,15444,117241,0.013945,5,14,2e-06,15446,117255,0.013946,8407551
2,2020-12-31,7583,124888,2830,96714,4753,28174,0,0,7576,124812,0.014845,5,19,2e-06,7576,124831,0.014847,8407551
2,2021-01-01,1212,126100,599,97313,613,28787,0,0,1212,126021,0.014989,3,22,3e-06,1212,126043,0.014992,8407551
2,2021-01-02,4848,130948,2761,100074,2087,30874,0,0,4843,130862,0.015565,2,24,3e-06,4843,130886,0.015568,8407551
2,2021-01-03,1405,132353,788,100862,617,31491,0,0,1397,132255,0.015731,4,28,3e-06,1397,132283,0.015734,8407551
2,2021-01-04,11671,144024,5566,106428,6105,37596,0,0,11660,143912,0.017117,3,31,4e-06,11660,143943,0.017121,8407551
2,2021-01-05,13903,157927,6940,113368,6963,44559,0,0,12684,155421,0.018486,1210,1241,0.000148,12719,156662,0.018633,8407551
2,2021-01-06,19024,176951,10496,123864,8528,53087,0,0,15191,166849,0.019845,3774,5015,0.000596,15202,171864,0.020442,8407551
2,2021-01-07,23285,200236,13134,136998,10151,63238,0,0,15592,174761,0.020786,7695,12710,0.001512,15607,187471,0.022298,8407551
2,2021-01-08,26787,227023,16256,153254,10531,73769,0,0,16459,180972,0.021525,10272,22982,0.002733,16483,203954,0.024258,8407551
2,2021-01-09,9855,236878,5765,159019,4090,77859,0,0,6274,183681,0.021847,3572,26554,0.003158,6281,210235,0.025005,8407551
2,2021-01-10,5305,242183,2965,161984,2340,80199,0,0,3040,184462,0.02194,2265,28819,0.003428,3046,213281,0.025368,8407551
2,2021-01-11,26168,268351,18004,179988,8164,88363,0,0,15067,188481,0.022418,11098,39917,0.004748,15117,228398,0.027166,8407551
2,2021-01-12,26360,294711,16368,196356,9992,98355,0,0,16755,195717,0.023279,9603,49520,0.00589,16839,245237,0.029169,8407551
2,2021-01-13,28578,323289,15152,211508,13426,111781,0,0,20572,208329,0.024779,7988,57508,0.00684,20600,265837,0.031619,8407551
2,2021-01-14,30574,353863,11640,223148,18934,130715,0,0,26286,230393,0.027403,4295,61803,0.007351,26359,292196,0.034754,8407551
2,2021-01-15,35084,388947,12684,235832,22400,153115,0,0,31791,258990,0.030804,3284,65087,0.007741,31881,324077,0.038546,8407551
2,2021-01-16,18116,407063,5996,241828,12120,165235,0,0,16780,274431,0.032641,1350,66437,0.007902,16791,340868,0.040543,8407551
2,2021-01-17,10547,417610,3551,245379,6996,172231,0,0,9813,283505,0.03372,748,67185,0.007991,9822,350690,0.041711,8407551
2,2021-01-18,19729,437339,11028,256407,8701,180932,0,0,14920,293658,0.034928,4828,72013,0.008565,14981,365671,0.043493,8407551
2,2021-01-19,32611,469950,16938,273345,15673,196605,0,0,24583,310330,0.036911,8025,80038,0.00952,24697,390368,0.046431,8407551
2,2021-01-20,37620,507570,18973,292318,18647,215252,0,0,28997,330827,0.039349,8591,88629,0.010542,29088,419456,0.04989,8407551
2,2021-01-21,40959,548529,17393,309711,23566,238818,0,0,36455,362985,0.043174,4473,93102,0.011074,36631,456087,0.054247,8407551
2,2021-01-22,39609,588138,16544,326255,23065,261883,0,0,36258,395900,0.047089,3369,96471,0.011474,36284,492371,0.058563,8407551
2,2021-01-23,24107,612245,10777,337032,13330,275213,0,0,21135,414113,0.049255,2952,99423,0.011825,21165,513536,0.06108,8407551
2,2021-01-24,12422,624667,6099,343131,6323,281536,0,0,11505,424729,0.050518,901,100324,0.011933,11517,525053,0.06245,8407551
2,2021-01-25,33885,658552,15605,358736,18280,299816,0,0,25039,441111,0.052466,8795,109119,0.012979,25177,550230,0.065445,8407551
2,2021-01-26,40386,698938,19791,378527,20595,320411,0,0,31161,463156,0.055088,9198,118317,0.014073,31243,581473,0.069161,8407551
2,2021-01-27,45656,744594,22671,401198,22985,343396,0,0,35325,488338,0.058083,10203,128520,0.015286,35385,616858,0.07337,8407551
2,2021-01-28,47848,792442,22396,423594,25452,368848,0,0,39131,518890,0.061717,8652,137172,0.016315,39204,656062,0.078032,8407551
2,2021-01-29,45573,838015,21987,445581,23586,392434,0,0,36822,547147,0.065078,8628,145800,0.017342,36885,692947,0.08242,8407551
2,2021-01-30,31272,869287,13336,458917,17936,410370,0,0,27872,571688,0.067997,3362,149162,0.017741,27903,720850,0.085738,8407551
2,2021-01-31,17113,886400,10167,469084,6946,417316,0,0,15909,586432,0.069751,1185,150347,0.017882,15929,736779,0.087633,8407551
2,2021-02-01,41006,927406,19681,488765,21325,438641,0,0,29933,605385,0.072005,11019,161366,0.019193,29972,766751,0.091198,8407551
2,2021-02-02,47882,975288,19429,508194,28453,467094,0,0,36336,630351,0.074974,11465,172831,0.020557,36431,803182,0.095531,8407551
2,2021-02-03,54036,1029324,23811,532005,30225,497319,0,0,39773,656058,0.078032,14160,186991,0.022241,39867,843049,0.100273,8407551
2,2021-02-04,56124,1085448,24111,556116,32013,529332,0,0,40912,681966,0.081114,15104,202095,0.024037,41012,884061,0.105151,8407551
2,2021-02-05,60068,1145516,26235,582351,33833,563165,0,0,40539,703364,0.083659,19325,221420,0.026336,40723,924784,0.109994,8407551
2,2021-02-06,39296,1184812,18335,600686,20961,584126,0,0,31311,726860,0.086453,7908,229328,0.027276,31404,956188,0.11373,8407551
2,2021-02-07,15633,1200445,10366,611052,5267,589393,0,0,11861,735045,0.087427,3745,233073,0.027722,11930,968118,0.115149,8407551
2,2021-02-08,42876,1243321,21710,632762,21166,610559,0,0,29299,751120,0.089339,13434,246507,0.02932,29509,997627,0.118658,8407551
2,2021-02-09,49385,1292706,23230,655992,26155,636714,0,0,30482,763314,0.090789,18617,265124,0.031534,30811,1028438,0.122323,8407551
2,2021-02-10,59568,1352274,27874,683866,31694,668408,0,0,34353,773088,0.091952,24932,290056,0.034499,34706,1063144,0.126451,8407551
2,2021-02-11,64235,1416509,29504,713370,34731,703139,0,0,35782,781270,0.092925,28097,318153,0.037841,36279,1099423,0.130766,8407551
2,2021-02-12,65505,1482014,28128,741498,37377,740516,0,0,34775,786272,0.09352,30427,348580,0.04146,35429,1134852,0.13498,8407551
2,2021-02-13,38090,1520104,15886,757384,22204,762720,0,0,21987,792632,0.094276,16005,364585,0.043364,22365,1157217,0.13764,8407551
2,2021-02-14,20112,1540216,9336,766720,10776,773496,0,0,11180,795292,0.094593,8881,373466,0.04442,11541,1168758,0.139013,8407551
2,2021-02-15,33159,1573375,14942,781662,18217,791713,0,0,18374,799873,0.095137,14650,388116,0.046163,19231,1187989,0.1413,8407551
2,2021-02-16,56374,1629749,27609,809271,28765,820478,0,0,29720,803718,0.095595,26544,414660,0.04932,30389,1218378,0.144915,8407551
2,2021-02-17,61740,1691489,31779,841050,29961,850439,0,0,30646,804186,0.09565,31003,445663,0.053007,31471,1249849,0.148658,8407551
2,2021-02-18,66397,1757886,33478,874528,32919,883358,0,0,32338,803871,0.095613,33802,479465,0.057028,33487,1283336,0.152641,8407551
2,2021-02-19,59762,1817648,33093,907621,26669,910027,0,0,29664,804235,0.095656,29905,509370,0.060585,30269,1313605,0.156241,8407551
2,2021-02-20,37784,1855432,24518,932139,13266,923293,0,0,20530,808291,0.096139,17152,526522,0.062625,21208,1334813,0.158764,8407551
2,2021-02-21,21677,1877109,17556,949695,4121,927414,0,0,10768,809038,0.096228,10823,537345,0.063912,11570,1346383,0.16014,8407551
2,2021-02-22,39320,1916429,26865,976560,12455,939869,0,0,18634,807805,0.096081,20539,557884,0.066355,19306,1365689,0.162436,8407551
2,2021-02-23,53623,1970052,27354,1003914,26269,966138,0,0,23527,803385,0.095555,29839,587723,0.069904,25419,1391108,0.165459,8407551
2,2021-02-24,70887,2040939,36517,1040431,34370,1000508,0,0,32506,800088,0.095163,38173,625896,0.074445,34876,1425984,0.169608,8407551
2,2021-02-25,76706,2117645,36231,1076662,40475,1040983,0,0,38931,804329,0.095667,37507,663403,0.078906,41748,1467732,0.174573,8407551
2,2021-02-26,85112,2202757,36438,1113100,48674,1089657,0,0,45760,813236,0.096727,39050,702453,0.08355,47957,1515689,0.180277,8407551
2,2021-02-27,62070,2264827,28790,1141890,33273,1122930,7,7,33672,820086,0.097542,28163,730616,0.0869,35013,1550702,0.184442,8407551
2,2021-02-28,30249,2295076,18084,1159974,12164,1135094,1,8,17737,826260,0.098276,12399,743015,0.088375,18573,1569275,0.186651,8407551
2,2021-03-01,57101,2352177,29686,1189660,27370,1162464,45,53,31345,833389,0.099124,25454,768469,0.091402,32583,1601858,0.190526,8407551
2,2021-03-02,68690,2420867,32865,1222525,35814,1198278,11,64,38652,844521,0.100448,29866,798335,0.094955,40998,1642856,0.195402,8407551
2,2021-03-03,79919,2500786,38648,1261173,41257,1239535,14,78,45356,858114,0.102065,34349,832684,0.09904,47942,1690798,0.201105,8407551
2,2021-03-04,87993,2588779,43193,1304366,44771,1284306,29,107,50873,874515,0.104015,36881,869565,0.103427,53282,1744080,0.207442,8407551
2,2021-03-05,82045,2670824,38573,1342939,43165,1327471,307,414,50196,895779,0.106545,31623,901188,0.107188,52887,1796967,0.213733,8407551
2,2021-03-06,62892,2733716,30751,1373690,30442,1357913,1699,2113,38733,913619,0.108666,24026,925214,0.110046,41866,1838833,0.218712,8407551
2,2021-03-07,28576,2762292,16230,1389920,10802,1368715,1544,3657,18130,924027,0.109904,10373,935587,0.111279,20781,1859614,0.221184,8407551
2,2021-03-08,50745,2813037,23276,1413196,24905,1393620,2564,6221,31896,941394,0.11197,18736,954323,0.113508,36103,1895717,0.225478,8407551
2,2021-03-09,70577,2883614,32125,1445321,34603,1428223,3849,10070,39077,954303,0.113505,31359,985682,0.117238,44268,1939985,0.230743,8407551
2,2021-03-10,78401,2962015,37087,1482408,34777,1463000,6537,16607,41629,967236,0.115044,36557,1022239,0.121586,49490,1989475,0.23663,8407551
2,2021-03-11,93263,3055278,43019,1525427,41873,1504873,8371,24978,48655,981370,0.116725,44294,1066533,0.126854,58428,2047903,0.243579,8407551
2,2021-03-12,94090,3149368,38680,1564107,43441,1548314,11969,36947,46807,994537,0.118291,47028,1113561,0.132448,60195,2108098,0.250739,8407551
2,2021-03-13,69247,3218615,28984,1593091,32274,1580588,7989,44936,38044,1010804,0.120226,31065,1144626,0.136143,47332,2155430,0.256368,8407551
2,2021-03-14,37027,3255642,18314,1611405,14190,1594778,4523,49459,18560,1016276,0.120877,18363,1162989,0.138327,23835,2179265,0.259203,8407551
2,2021-03-15,67439,3323081,30416,1641821,32011,1626789,5012,54471,37184,1029532,0.122453,30035,1193024,0.141899,43291,2222556,0.264352,8407551
2,2021-03-16,86279,3409360,38167,1679988,44092,1670881,4020,58491,52177,1052957,0.125239,33903,1226927,0.145932,57328,2279884,0.271171,8407551
2,2021-03-17,92788,3502148,44439,1724427,44164,1715045,4185,62676,58794,1083057,0.12882,33721,1260648,0.149942,63821,2343705,0.278762,8407551
2,2021-03-18,98153,3600301,46799,1771226,46761,1761806,4593,67269,59662,1109709,0.13199,38171,1298819,0.154482,64823,2408528,0.286472,8407551
2,2021-03-19,97501,3697802,46152,1817378,45226,1807032,6123,73392,57715,1134600,0.13495,39475,1338294,0.159178,64366,2472894,0.294128,8407551
2,2021-03-20,70006,3767808,33914,1851292,32128,1839160,3964,77356,45769,1160700,0.138054,24000,1362294,0.162032,50100,2522994,0.300087,8407551
2,2021-03-21,33412,3801220,21586,1872878,9832,1848992,1994,79350,20011,1169879,0.139146,13259,1375553,0.163609,22438,2545432,0.302755,8407551
2,2021-03-22,62901,3864121,34613,1907491,25653,1874645,2635,81985,41767,1194277,0.142048,20901,1396454,0.166095,45299,2590731,0.308143,8407551
2,2021-03-23,83745,3947866,44514,1952005,36316,1910961,2915,84900,52297,1219163,0.145008,31167,1427621,0.169802,56053,2646784,0.31481,8407551
2,2021-03-24,91615,4039481,49230,2001235,39219,1950180,3166,88066,53700,1239264,0.147399,37580,1465201,0.174272,57681,2704465,0.321671,8407551
2,2021-03-25,101187,4140668,51054,2052289,46233,1996413,3900,91966,57200,1257500,0.149568,43623,1508824,0.179461,61859,2766324,0.329029,8407551
2,2021-03-26,103308,4243976,51242,2103531,48574,2044987,3492,95458,56394,1271917,0.151283,46517,1555341,0.184993,60934,2827258,0.336276,8407551
2,2021-03-27,75581,4319557,37717,2141248,34567,2079554,3297,98755,37867,1276474,0.151825,37465,1592806,0.189449,42022,2869280,0.341274,8407551
2,2021-03-28,37676,4357233,23267,2164515,13598,2093152,811,99566,20121,1280830,0.152343,17429,1610235,0.191522,21785,2891065,0.343865,8407551
2,2021-03-29,71271,4428504,36223,2200738,32776,2125928,2272,101838,40611,1294166,0.153929,30447,1640682,0.195144,43783,2934848,0.349073,8407551
2,2021-03-30,91883,4520387,45000,2245738,42505,2168433,4378,106216,51664,1310801,0.155908,40012,1680694,0.199903,56647,2991495,0.355811,8407551
2,2021-03-31,101164,4621551,52102,2297840,43953,2212386,5109,111325,57428,1330254,0.158221,43429,1724123,0.205068,62882,3054377,0.36329,8407551
2,2021-04-01,117505,4739056,56768,2354608,51504,2263890,9233,120558,64021,1350852,0.160671,53085,1777208,0.211382,73683,3128060,0.372054,8407551
2,2021-04-02,111594,4850650,51424,2406032,49993,2313883,10177,130735,59924,1370141,0.162966,51286,1828494,0.217482,70575,3198635,0.380448,8407551
2,2021-04-03,76835,4927485,37723,2443755,29286,2343169,9826,140561,38086,1379896,0.164126,38541,1867035,0.222066,48296,3246931,0.386192,8407551
2,2021-04-04,29001,4956486,14919,2458674,10226,2353395,3856,144417,13015,1380916,0.164247,15882,1882917,0.223955,16902,3263833,0.388203,8407551
2,2021-04-05,79118,5035604,38768,2497442,31510,2384905,8840,153257,38178,1387926,0.165081,40759,1923676,0.228803,47769,3311602,0.393884,8407551
2,2021-04-06,103888,5139492,50588,2548030,38591,2423496,14709,167966,49238,1397904,0.166268,54367,1978043,0.23527,64345,3375947,0.401537,8407551
2,2021-04-07,110477,5249969,55103,2603133,39128,2462624,16246,184212,52046,1408337,0.167509,58138,2036181,0.242185,68571,3444518,0.409693,8407551
2,2021-04-08,119302,5369271,57412,2660545,43171,2505795,18719,202931,55336,1419374,0.168821,63599,2099780,0.249749,74636,3519154,0.418571,8407551
2,2021-04-09,118802,5488073,57208,2717753,43482,2549277,18112,221043,56200,1432310,0.17036,62221,2162001,0.25715,75157,3594311,0.42751,8407551
2,2021-04-10,87605,5575678,37784,2755537,31399,2580676,18422,239465,36105,1436284,0.170833,51239,2213240,0.263244,55213,3649524,0.434077,8407551
2,2021-04-11,44467,5620145,23076,2778613,12926,2593602,8465,247930,18210,1437568,0.170985,26116,2239356,0.266351,27400,3676924,0.437336,8407551
2,2021-04-12,79991,5700136,37259,2815872,33330,2626932,9402,257332,35620,1439488,0.171214,44099,2283455,0.271596,46019,3722943,0.442809,8407551
2,2021-04-13,101834,5801970,52837,2868709,48737,2675669,260,257592,55818,1450708,0.172548,45752,2329207,0.277038,56972,3779915,0.449586,8407551
2,2021-04-14,106772,5908742,55914,2924623,50805,2726474,53,257645,54626,1454974,0.173056,51845,2381052,0.283204,56111,3836026,0.45626,8407551
2,2021-04-15,113364,6022106,60260,2984883,53022,2779496,82,257727,59358,1461861,0.173875,53620,2434672,0.289582,60507,3896533,0.463456,8407551
2,2021-04-16,110803,6132909,57469,3042352,53282,2832778,52,257779,56345,1464994,0.174247,54116,2488788,0.296018,57249,3953782,0.470266,8407551
2,2021-04-17,83608,6216517,42516,3084868,41078,2873856,14,257793,46809,1476131,0.175572,36550,2525338,0.300365,47687,4001469,0.475938,8407551
2,2021-04-18,35597,6252114,21625,3106493,13965,2887821,7,257800,16974,1475602,0.175509,18492,2543830,0.302565,17963,4019432,0.478074,8407551
2,2021-04-19,74916,6327030,40318,3146811,34582,2922403,16,257816,34196,1469979,0.17484,40456,2584286,0.307377,34833,4054265,0.482217,8407551
2,2021-04-20,97695,6424725,49542,3196353,48127,2970530,26,257842,47515,1468425,0.174655,49838,2634124,0.313305,48284,4102549,0.48796,8407551
2,2021-04-21,103449,6528174,55969,3252322,47423,3017953,57,257899,48921,1464298,0.174165,54075,2688199,0.319736,49948,4152497,0.493901,8407551
2,2021-04-22,107766,6635940,55786,3308108,51957,3069910,23,257922,47237,1452329,0.172741,60120,2748319,0.326887,48151,4200648,0.499628,8407551
2,2021-04-23,107073,6743013,56915,3365023,50140,3120050,18,257940,49541,1445682,0.17195,57125,2805444,0.333681,50478,4251126,0.505632,8407551
2,2021-04-24,80102,6823115,47177,3412200,32885,3152935,40,257980,41759,1450391,0.172511,38018,2843462,0.338203,42727,4293853,0.510714,8407551
2,2021-04-25,36247,6859362,22295,3434495,13938,3166873,14,257994,19718,1454196,0.172963,16393,2859855,0.340153,20198,4314051,0.513116,8407551
2,2021-04-26,73767,6933129,40871,3475366,32589,3199462,307,258301,33993,1450430,0.172515,39512,2899367,0.344853,35746,4349797,0.517368,8407551
2,2021-04-27,87915,7021044,46338,3521704,40217,3239679,1360,259661,37800,1441086,0.171404,49746,2949113,0.35077,40402,4390199,0.522173,8407551
2,2021-04-28,87609,7108653,46823,3568527,38924,3278603,1862,261523,38698,1433971,0.170558,48585,2997698,0.356548,41470,4431669,0.527106,8407551
2,2021-04-29,90334,7198987,49204,3617731,39432,3318035,1698,263221,35142,1416595,0.168491,54816,3052514,0.363068,37440,4469109,0.531559,8407551
2,2021-04-30,94069,7293056,52031,3669762,40049,3358084,1989,265210,36638,1398882,0.166384,56995,3109509,0.369847,39282,4508391,0.536231,8407551
2,2021-05-01,61944,7355000,37760,3707522,22615,3380699,1569,266779,24163,1387984,0.165088,37481,3146990,0.374305,26583,4534974,0.539393,8407551
2,2021-05-02,29100,7384100,20191,3727713,7939,3388638,970,267749,11057,1382189,0.164399,17911,3164901,0.376436,12116,4547090,0.540834,8407551
2,2021-05-03,59932,7444032,35475,3763188,22402,3411040,2055,269804,20189,1365218,0.16238,39482,3204383,0.381132,22511,4569601,0.543512,8407551
2,2021-05-04,79379,7523411,47388,3810576,29623,3440663,2368,272172,25835,1340602,0.159452,53217,3257600,0.387461,28601,4598202,0.546913,8407551
2,2021-05-05,79861,7603272,47573,3858149,29938,3470601,2350,274522,25031,1313903,0.156277,54444,3312044,0.393937,27745,4625947,0.550213,8407551
2,2021-05-06,82105,7685377,49750,3907899,29449,3500050,2906,277428,25152,1286110,0.152971,56493,3368537,0.400656,28700,4654647,0.553627,8407551
2,2021-05-07,83164,7768541,48019,3955918,32721,3532771,2424,279852,25612,1257414,0.149558,57192,3425729,0.407459,28496,4683143,0.557016,8407551
2,2021-05-08,55170,7823711,33427,3989345,20036,3552807,1707,281559,17312,1239539,0.147432,37623,3463352,0.411934,19748,4702891,0.559365,8407551
2,2021-05-09,21714,7845425,15690,4005035,5277,3558084,747,282306,6349,1231578,0.146485,15287,3478639,0.413752,7326,4710217,0.560237,8407551
2,2021-05-10,49826,7895251,27121,4032156,20837,3578921,1868,284174,14062,1212591,0.144226,35528,3514167,0.417977,16541,4726758,0.562204,8407551
2,2021-05-11,65567,7960818,35397,4067553,28066,3606987,2104,286278,19828,1189768,0.141512,45448,3559615,0.423383,22625,4749383,0.564895,8407551
2,2021-05-12,64708,8025526,34510,4102063,27987,3634974,2211,288489,19103,1166170,0.138705,45302,3604917,0.428771,21704,4771087,0.567476,8407551
2,2021-05-13,70501,8096027,40962,4143025,27600,3662574,1939,290428,25842,1150297,0.136817,44383,3649300,0.43405,28510,4799597,0.570867,8407551
2,2021-05-14,79339,8175366,47540,4190565,29547,3692121,2252,292680,30522,1135255,0.135028,48464,3697764,0.439815,33422,4833019,0.574843,8407551
2,2021-05-15,65940,8241306,43317,4233882,20911,3713032,1712,294392,25573,1122800,0.133547,40130,3737894,0.444588,27675,4860694,0.578134,8407551
2,2021-05-16,31509,8272815,23556,4257438,7031,3720063,922,295314,12861,1118192,0.132999,18520,3756414,0.446791,13912,4874606,0.579789,8407551
2,2021-05-17,57780,8330595,36628,4294066,19216,3739279,1936,297250,22800,1108535,0.13185,34756,3791170,0.450924,25099,4899705,0.582774,8407551
2,2021-05-18,69933,8400528,40924,4334990,27050,3766329,1959,299209,27832,1097024,0.130481,41840,3833010,0.455901,30329,4930034,0.586382,8407551
2,2021-05-19,68661,8469189,40630,4375620,26025,3792354,2006,301215,27236,1085605,0.129123,41129,3874139,0.460793,29710,4959744,0.589915,8407551
2,2021-05-20,69024,8538213,39953,4415573,26887,3819241,2184,303399,26208,1072100,0.127516,42492,3916631,0.465847,28987,4988731,0.593363,8407551
2,2021-05-21,72640,8610853,42881,4458454,27620,3846861,2139,305538,27613,1057727,0.125807,44676,3961307,0.471161,30303,5019034,0.596967,8407551
2,2021-05-22,53339,8664192,33767,4492221,17797,3864658,1775,307313,22323,1051566,0.125074,30797,3992104,0.474824,24636,5043670,0.599898,8407551
2,2021-05-23,24404,8688596,16630,4508851,7048,3871706,726,308039,10276,1048707,0.124734,13999,4006103,0.476489,11140,5054810,0.601223,8407551
2,2021-05-24,44689,8733285,25381,4534232,17548,3889254,1760,309799,17233,1040796,0.123793,27244,4033347,0.479729,19333,5074143,0.603522,8407551
2,2021-05-25,50617,8783902,29638,4563870,19118,3908372,1861,311660,19292,1031452,0.122682,31034,4064381,0.48342,21690,5095833,0.606102,8407551
2,2021-05-26,48584,8832486,27222,4591092,19681,3928053,1681,313341,19029,1023273,0.121709,29230,4093611,0.486897,21051,5116884,0.608606,8407551
2,2021-05-27,46506,8878992,26340,4617432,18417,3946470,1749,315090,18596,1016446,0.120897,27674,4121285,0.490189,20847,5137731,0.611085,8407551
2,2021-05-28,49816,8928808,27520,4644952,20337,3966807,1959,317049,20949,1011165,0.120269,28615,4149900,0.493592,23334,5161065,0.613861,8407551
2,2021-05-29,28975,8957783,17357,4662309,10567,3977374,1051,318100,13277,1010115,0.120144,15548,4165448,0.495441,14498,5175563,0.615585,8407551
2,2021-05-30,12620,8970403,8132,4670441,3727,3981101,761,318861,5528,1009428,0.120062,7042,4172490,0.496279,6355,5181918,0.616341,8407551
2,2021-05-31,5862,8976265,3424,4673865,2134,3983235,304,319165,1821,1007613,0.119846,3989,4176479,0.496753,2174,5184092,0.6166,8407551
2,2021-06-01,44643,9020908,25649,4699514,17343,4000578,1651,320816,15588,996464,0.11852,28766,4205245,0.500175,17617,5201709,0.618695,8407551
2,2021-06-02,38110,9059018,22431,4721945,14280,4014858,1399,322215,14960,990220,0.117777,22896,4228141,0.502898,16652,5218361,0.620676,8407551
2,2021-06-03,41305,9100323,26596,4748541,13232,4028090,1477,323692,13937,978881,0.116429,27133,4255274,0.506125,15794,5234155,0.622554,8407551
2,2021-06-04,47875,9148198,31268,4779809,15074,4043164,1533,325225,15497,964345,0.1147,32091,4287365,0.509942,17555,5251710,0.624642,8407551
2,2021-06-05,37752,9185950,26944,4806753,9352,4052516,1456,326681,11843,952373,0.113276,25686,4313051,0.512997,13714,5265424,0.626273,8407551
2,2021-06-06,14873,9200823,12197,4818950,2096,4054612,580,327261,4692,947716,0.112722,10118,4323169,0.514201,5461,5270885,0.626923,8407551
2,2021-06-07,33182,9234005,23217,4842167,8699,4063311,1266,328527,10779,937748,0.111536,22262,4345431,0.516849,12294,5283179,0.628385,8407551
2,2021-06-08,40472,9274477,28655,4870822,10454,4073765,1363,329890,12414,924077,0.10991,27819,4373250,0.520157,14148,5297327,0.630068,8407551
2,2021-06-09,38032,9312509,26573,4897395,9968,4083733,1491,331381,11533,911119,0.108369,26306,4399556,0.523286,13348,5310675,0.631655,8407551
2,2021-06-10,37636,9350145,26185,4923580,9937,4093670,1514,332895,11674,899009,0.106929,25764,4425320,0.526351,13654,5324329,0.633279,8407551
2,2021-06-11,41113,9391258,27286,4950866,12164,4105834,1663,334558,13184,886481,0.105439,27669,4452989,0.529642,15141,5339470,0.63508,8407551
2,2021-06-12,29318,9420576,21568,4972434,6837,4112671,913,335471,8671,875769,0.104165,20516,4473505,0.532082,9804,5349274,0.636246,8407551
2,2021-06-13,12200,9432776,8909,4981343,2674,4115345,617,336088,3102,870620,0.103552,9036,4482541,0.533157,3887,5353161,0.636709,8407551
2,2021-06-14,29808,9462584,21151,5002494,7462,4122807,1195,337283,10331,863040,0.102651,19314,4501855,0.535454,11734,5364895,0.638104,8407551
2,2021-06-15,35409,9497993,23568,5026062,9807,4132614,2034,339317,11918,854109,0.101588,23261,4525116,0.53822,14330,5379225,0.639809,8407551
2,2021-06-16,32801,9530794,22635,5048697,8383,4140997,1783,341100,11290,846145,0.100641,21347,4546463,0.540759,13383,5392608,0.641401,8407551
2,2021-06-17,30682,9561476,20505,5069202,8388,4149385,1789,342889,10878,839385,0.099837,19636,4566099,0.543095,12876,5405484,0.642932,8407551
2,2021-06-18,34468,9595944,22694,5091896,9908,4159293,1866,344755,12578,832408,0.099007,21679,4587778,0.545674,14702,5420186,0.644681,8407551
2,2021-06-19,20775,9616719,14475,5106371,5046,4164339,1254,346009,7869,828977,0.098599,12745,4600523,0.547189,9314,5429500,0.645789,8407551
2,2021-06-20,8223,9624942,5877,5112248,1883,4166222,463,346472,3049,827424,0.098414,5132,4605655,0.5478,3579,5433079,0.646214,8407551
2,2021-06-21,19198,9644140,11749,5123997,6137,4172359,1312,347784,9820,829474,0.098658,9263,4614918,0.548902,11313,5444392,0.64756,8407551
2,2021-06-22,26706,9670846,18300,5142297,7042,4179401,1364,349148,10468,825506,0.098186,16072,4630990,0.550813,12104,5456496,0.648999,8407551
2,2021-06-23,25746,9696592,17783,5160080,6353,4185754,1610,350758,10496,822793,0.097864,15111,4646101,0.552611,12398,5468894,0.650474,8407551
2,2021-06-24,25152,9721744,17131,5177211,6521,4192275,1500,352258,10407,820333,0.097571,14596,4660697,0.554347,12136,5481030,0.651918,8407551
2,2021-06-25,28478,9750222,19287,5196498,7710,4199985,1481,353739,11865,817454,0.097229,16456,4677153,0.556304,13577,5494607,0.653532,8407551
2,2021-06-26,18390,9768612,13554,5210052,3916,4203901,920,354659,7492,815294,0.096972,10815,4687968,0.55759,8655,5503262,0.654562,8407551
2,2021-06-27,8726,9777338,6664,5216716,1616,4205517,446,355105,3491,814166,0.096837,5188,4693156,0.558207,4060,5507322,0.655045,8407551
2,2021-06-28,19627,9796965,14922,5231638,3473,4208990,1232,356337,8652,813391,0.096745,10850,4704006,0.559498,10075,5517397,0.656243,8407551
2,2021-06-29,22447,9819412,15631,5247269,5751,4214741,1065,357402,9553,811480,0.096518,12766,4716772,0.561016,10855,5528252,0.657534,8407551
2,2021-06-30,21641,9841053,15379,5262648,5247,4219988,1015,358417,9590,810392,0.096389,11920,4728692,0.562434,10832,5539084,0.658823,8407551
2,2021-07-01,19565,9860618,13851,5276499,4854,4224842,860,359277,8699,809396,0.09627,10756,4739448,0.563713,9760,5548844,0.659983,8407551
2,2021-07-02,22507,9883125,15531,5292030,5960,4230802,1016,360293,9921,808101,0.096116,12432,4751880,0.565192,11137,5559981,0.661308,8407551
2,2021-07-03,12342,9895467,8925,5300955,2956,4233758,461,360754,5638,807699,0.096068,6621,4758501,0.565979,6219,5566200,0.662048,8407551
2,2021-07-04,980,9896447,577,5301532,336,4234094,67,360821,417,807653,0.096063,553,4759054,0.566045,507,5566707,0.662108,8407551
2,2021-07-05,10884,9907331,7974,5309506,2509,4236603,401,361222,5000,807347,0.096026,5832,4764886,0.566739,5526,5572233,0.662765,8407551
2,2021-07-06,23325,9930656,16964,5326470,5396,4241999,965,362187,9010,803420,0.095559,14177,4779063,0.568425,10250,5582483,0.663984,8407551
2,2021-07-07,20218,9950874,14432,5340902,4709,4246708,1077,363264,8603,801860,0.095374,11505,4790568,0.569794,9945,5592428,0.665167,8407551
2,2021-07-08,18643,9969517,13051,5353953,4685,4251393,907,364171,7947,800319,0.095191,10599,4801167,0.571054,9058,5601486,0.666245,8407551
2,2021-07-09,21855,9991372,15129,5369082,5562,4256955,1164,365335,9288,798548,0.09498,12435,4813602,0.572533,10664,5612150,0.667513,8407551
2,2021-07-10,13241,10004613,9754,5378836,2859,4259814,628,365963,5777,797730,0.094883,7378,4820980,0.573411,6560,5618710,0.668293,8407551
2,2021-07-11,6447,10011060,4738,5383574,1369,4261183,340,366303,3039,797810,0.094892,3366,4824346,0.573811,3446,5622156,0.668703,8407551
2,2021-07-12,17717,10028777,13015,5396589,3871,4265054,831,367134,7682,796595,0.094748,9928,4834274,0.574992,8713,5630869,0.669739,8407551
2,2021-07-13,18654,10047431,13190,5409779,4637,4269691,827,367961,8363,795820,0.094655,10159,4844433,0.5762,9384,5640253,0.670856,8407551
2,2021-07-14,11760,10059191,8286,5418065,2879,4272570,595,368556,5167,795257,0.094588,6512,4850945,0.576975,5949,5646202,0.671563,8407551
3,2020-12-15,309,309,309,309,0,0,0,0,309,309,3.8e-05,0,0,0.0,309,309,3.8e-05,8129050
3,2020-12-16,2442,2751,2442,2751,0,0,0,0,2443,2752,0.000339,0,0,0.0,2443,2752,0.000339,8129050
3,2020-12-17,7856,10607,7856,10607,0,0,0,0,7856,10608,0.001305,0,0,0.0,7856,10608,0.001305,8129050
3,2020-12-18,13430,24037,13412,24019,18,18,0,0,13429,24037,0.002957,0,0,0.0,13429,24037,0.002957,8129050
3,2020-12-19,7245,31282,7232,31251,13,31,0,0,7309,31346,0.003856,0,0,0.0,7309,31346,0.003856,8129050
3,2020-12-20,5658,36940,5650,36901,8,39,0,0,5705,37050,0.004558,1,1,0.0,5705,37051,0.004558,8129050
3,2020-12-21,14384,51324,14358,51259,26,65,0,0,14448,51497,0.006335,1,2,0.0,14448,51499,0.006335,8129050
3,2020-12-22,14808,66132,14240,65499,568,633,0,0,14847,66343,0.008161,1,3,0.0,14847,66346,0.008162,8129050
3,2020-12-23,14812,80944,12216,77715,2596,3229,0,0,14829,81171,0.009985,2,5,1e-06,14830,81176,0.009986,8129050
3,2020-12-24,6782,87726,4866,82581,1916,5145,0,0,6779,87948,0.010819,2,7,1e-06,6779,87955,0.01082,8129050
3,2020-12-25,722,88448,665,83246,57,5202,0,0,720,88668,0.010908,0,7,1e-06,720,88675,0.010908,8129050
3,2020-12-26,4620,93068,2998,86244,1622,6824,0,0,4618,93286,0.011476,0,7,1e-06,4618,93293,0.011476,8129050
3,2020-12-27,2983,96051,1854,88098,1129,7953,0,0,2983,96269,0.011843,0,7,1e-06,2983,96276,0.011843,8129050
3,2020-12-28,13633,109684,8726,96824,4907,12860,0,0,13658,109926,0.013523,1,8,1e-06,13658,109934,0.013524,8129050
3,2020-12-29,15022,124706,8464,105288,6558,19418,0,0,15050,124974,0.015374,2,10,1e-06,15050,124984,0.015375,8129050
3,2020-12-30,18027,142733,10052,115340,7975,27393,0,0,18032,143005,0.017592,2,12,1e-06,18033,143017,0.017593,8129050
3,2020-12-31,8446,151179,3236,118576,5210,32603,0,0,8445,151448,0.01863,2,14,2e-06,8445,151462,0.018632,8129050
3,2021-01-01,1477,152656,690,119266,787,33390,0,0,1474,152921,0.018812,1,15,2e-06,1474,152936,0.018814,8129050
3,2021-01-02,4933,157589,2417,121683,2516,35906,0,0,4933,157854,0.019419,0,15,2e-06,4933,157869,0.01942,8129050
3,2021-01-03,1613,159202,848,122531,765,36671,0,0,1603,159454,0.019615,3,18,2e-06,1603,159472,0.019618,8129050
3,2021-01-04,12027,171229,5969,128500,6058,42729,0,0,12000,171447,0.021091,7,25,3e-06,12000,171472,0.021094,8129050
3,2021-01-05,15728,186957,8148,136648,7580,50309,0,0,14051,183864,0.022618,1662,1687,0.000208,14079,185551,0.022826,8129050
3,2021-01-06,20601,207558,10901,147549,9700,60009,0,0,16061,195440,0.024042,4494,6181,0.00076,16070,201621,0.024803,8129050
3,2021-01-07,26624,234182,15226,162775,11398,71407,0,0,17149,203167,0.024993,9439,15620,0.001922,17166,218787,0.026914,8129050
3,2021-01-08,30609,264791,18722,181497,11887,83294,0,0,18131,208865,0.025694,12455,28075,0.003454,18153,236940,0.029147,8129050
3,2021-01-09,12444,277235,7033,188530,5411,88705,0,0,7915,212268,0.026112,4522,32597,0.00401,7925,244865,0.030122,8129050
3,2021-01-10,7213,284448,4472,193002,2741,91446,0,0,4067,213196,0.026226,3144,35741,0.004397,4072,248937,0.030623,8129050
3,2021-01-11,29077,313525,19027,212029,10050,101496,0,0,16458,217085,0.026705,12613,48354,0.005948,16502,265439,0.032653,8129050
3,2021-01-12,32588,346113,19472,231501,13116,114612,0,0,19946,224557,0.027624,12621,60975,0.007501,20093,285532,0.035125,8129050
3,2021-01-13,34570,380683,18045,249546,16525,131137,0,0,24338,238697,0.029363,10218,71193,0.008758,24358,309890,0.038121,8129050
3,2021-01-14,34728,415411,14204,263750,20524,151661,0,0,28816,261677,0.03219,5874,77067,0.00948,28854,338744,0.041671,8129050
3,2021-01-15,38984,454395,14452,278202,24532,176193,0,0,34294,291367,0.035843,4674,81741,0.010055,34364,373108,0.045898,8129050
3,2021-01-16,21742,476137,7412,285614,14330,190523,0,0,19418,308493,0.037949,2313,84054,0.01034,19439,392547,0.048289,8129050
3,2021-01-17,13141,489278,4455,290069,8686,199209,0,0,12101,319574,0.039313,1039,85093,0.010468,12120,404667,0.04978,8129050
3,2021-01-18,24788,514066,12953,303022,11835,211044,0,0,19177,333194,0.040988,5599,90692,0.011157,19219,423886,0.052145,8129050
3,2021-01-19,41068,555134,20889,323911,20179,231223,0,0,31941,356131,0.04381,9090,99782,0.012275,32027,455913,0.056084,8129050
3,2021-01-20,46160,601294,22997,346908,23163,254386,0,0,36606,383312,0.047153,9508,109290,0.013444,36689,492602,0.060598,8129050
3,2021-01-21,48059,649353,20838,367746,27221,281607,0,0,42554,420501,0.051728,5441,114731,0.014114,42630,535232,0.065842,8129050
3,2021-01-22,49811,699164,19840,387586,29971,311578,0,0,45586,461964,0.056829,4197,118928,0.01463,45660,580892,0.071459,8129050
3,2021-01-23,30366,729530,12799,400385,17567,329145,0,0,27070,485802,0.059761,3287,122215,0.015034,27125,608017,0.074796,8129050
3,2021-01-24,17831,747361,8471,408856,9360,338505,0,0,16648,501300,0.061668,1181,123396,0.01518,16679,624696,0.076847,8129050
3,2021-01-25,40842,788203,18216,427072,22626,361131,0,0,30854,522286,0.064249,9958,133354,0.016405,30944,655640,0.080654,8129050
3,2021-01-26,47322,835525,22608,449680,24714,385845,0,0,37147,549394,0.067584,10142,143496,0.017652,37250,692890,0.085236,8129050
3,2021-01-27,51479,887004,24509,474189,26970,412815,0,0,40815,579695,0.071312,10593,154089,0.018955,40894,733784,0.090267,8129050
3,2021-01-28,51902,938906,24091,498280,27811,440626,0,0,42956,613850,0.075513,8860,162949,0.020045,43015,776799,0.095558,8129050
3,2021-01-29,51024,989930,24490,522770,26534,467160,0,0,41274,645598,0.079419,9573,172522,0.021223,41321,818120,0.100642,8129050
3,2021-01-30,37429,1027359,17790,540560,19639,486799,0,0,32709,673725,0.082879,4666,177188,0.021797,32793,850913,0.104676,8129050
3,2021-01-31,22445,1049804,12756,553316,9689,496488,0,0,21030,693374,0.085296,1401,178589,0.021969,21050,871963,0.107265,8129050
3,2021-02-01,45917,1095721,20972,574288,24945,521433,0,0,35021,717585,0.088274,10843,189432,0.023303,35054,907017,0.111577,8129050
3,2021-02-02,54502,1150223,22707,596995,31795,553228,0,0,42047,747321,0.091932,12362,201794,0.024824,42098,949115,0.116756,8129050
3,2021-02-03,60106,1210329,26679,623674,33427,586655,0,0,44717,776852,0.095565,15258,217052,0.026701,44789,993904,0.122266,8129050
3,2021-02-04,64457,1274786,27916,651590,36541,623196,0,0,47194,807093,0.099285,17067,234119,0.0288,47308,1041212,0.128085,8129050
3,2021-02-05,70365,1345151,29787,681377,40578,663774,0,0,48637,834419,0.102647,21485,255604,0.031443,48811,1090023,0.13409,8129050
3,2021-02-06,43721,1388872,20975,702352,22746,686520,0,0,34075,859076,0.10568,9600,265204,0.032624,34257,1124280,0.138304,8129050
3,2021-02-07,19763,1408635,12578,714930,7185,693705,0,0,15181,869818,0.107001,4563,269767,0.033186,15305,1139585,0.140187,8129050
3,2021-02-08,51656,1460291,25017,739947,26639,720344,0,0,33895,886279,0.109026,17620,287387,0.035353,34081,1173666,0.144379,8129050
3,2021-02-09,58824,1519115,28519,768466,30305,750649,0,0,34422,896905,0.110333,24127,311514,0.038321,34753,1208419,0.148654,8129050
3,2021-02-10,68387,1587502,31820,800286,36567,787216,0,0,36679,902671,0.111043,31412,342926,0.042185,37178,1245597,0.153228,8129050
3,2021-02-11,70779,1658281,34824,835110,35955,823171,0,0,37610,907994,0.111697,32826,375752,0.046223,38149,1283746,0.157921,8129050
3,2021-02-12,75727,1734008,32682,867792,43045,866216,0,0,41755,916850,0.112787,33676,409428,0.050366,42532,1326278,0.163153,8129050
3,2021-02-13,45257,1779265,20517,888309,24740,890956,0,0,26070,924430,0.113719,19073,428501,0.052712,26653,1352931,0.166432,8129050
3,2021-02-14,27417,1806682,13715,902024,13702,904658,0,0,15229,927977,0.114156,12132,440633,0.054205,15679,1368610,0.16836,8129050
3,2021-02-15,40215,1846897,17302,919326,22913,927571,0,0,22219,933245,0.114804,17889,458522,0.056405,23157,1391767,0.171209,8129050
3,2021-02-16,70326,1917223,33288,952614,37038,964609,0,0,36519,937125,0.115281,33670,492192,0.060547,37550,1429317,0.175828,8129050
3,2021-02-17,72184,1989407,36498,989112,35686,1000295,0,0,34216,934684,0.114981,37733,529925,0.065189,35292,1464609,0.18017,8129050
3,2021-02-18,77410,2066817,40433,1029545,36977,1037272,0,0,35798,930407,0.114455,41420,571345,0.070284,37143,1501752,0.184739,8129050
3,2021-02-19,69497,2136314,40037,1069582,29460,1066732,0,0,35066,931894,0.114638,34276,605621,0.074501,35763,1537515,0.189138,8129050
3,2021-02-20,43117,2179431,27237,1096819,15880,1082612,0,0,22490,934381,0.114943,20506,626127,0.077023,22993,1560508,0.191967,8129050
3,2021-02-21,24203,2203634,19502,1116321,4701,1087313,0,0,11823,934303,0.114934,12286,638413,0.078535,12208,1572716,0.193469,8129050
3,2021-02-22,47364,2250998,30862,1147183,16502,1103815,0,0,22145,931852,0.114632,25082,663495,0.08162,22631,1595347,0.196253,8129050
3,2021-02-23,63303,2314301,34421,1181604,28882,1132697,0,0,27614,925993,0.113912,35462,698957,0.085983,29603,1624950,0.199894,8129050
3,2021-02-24,79427,2393728,39002,1220606,40425,1173122,0,0,35074,919479,0.11311,44104,743061,0.091408,37590,1662540,0.204518,8129050
3,2021-02-25,88886,2482614,43312,1263918,45574,1218696,0,0,44220,921931,0.113412,44360,787421,0.096865,46812,1709352,0.210277,8129050
3,2021-02-26,99680,2582294,45642,1309560,54038,1272734,0,0,52607,930088,0.114415,46653,834074,0.102604,54810,1764162,0.217019,8129050
3,2021-02-27,70467,2652761,32335,1341895,38128,1310862,4,4,37216,935600,0.115093,33017,867091,0.106666,38529,1802691,0.221759,8129050
3,2021-02-28,40861,2693622,23598,1365493,17260,1328122,3,7,21031,937939,0.115381,19645,886736,0.109082,21984,1824675,0.224463,8129050
3,2021-03-01,68496,2762118,36342,1401835,32123,1360245,31,38,38071,947182,0.116518,30198,916934,0.112797,39441,1864116,0.229315,8129050
3,2021-03-02,79304,2841422,39170,1441005,40126,1400371,8,46,45942,961999,0.118341,33208,950142,0.116882,48025,1912141,0.235223,8129050
3,2021-03-03,89456,2930878,42945,1483950,46491,1446862,20,66,50144,975355,0.119984,39079,989221,0.12169,52435,1964576,0.241674,8129050
3,2021-03-04,93951,3024829,45994,1529944,47937,1494799,20,86,53316,990576,0.121856,40392,1029613,0.126658,55613,2020189,0.248515,8129050
3,2021-03-05,90821,3115650,44446,1574390,46084,1540883,291,377,55494,1013531,0.12468,35059,1064672,0.130971,58014,2078203,0.255651,8129050
3,2021-03-06,65387,3181037,33158,1607548,30072,1570955,2157,2534,37545,1027005,0.126338,27690,1092362,0.134378,41164,2119367,0.260715,8129050
3,2021-03-07,39167,3220204,22630,1630178,14644,1585599,1893,4427,22022,1035022,0.127324,17071,1109433,0.136478,25088,2144455,0.263801,8129050
3,2021-03-08,59932,3280136,28583,1658761,28347,1613946,3002,7429,37930,1055658,0.129862,21835,1131268,0.139164,42471,2186926,0.269026,8129050
3,2021-03-09,77200,3357336,35653,1694414,37095,1651041,4452,11881,41511,1067241,0.131287,35541,1166809,0.143536,47124,2234050,0.274823,8129050
3,2021-03-10,83079,3440415,41378,1735792,35615,1686656,6086,17967,43448,1078758,0.132704,39407,1206216,0.148383,50924,2284974,0.281087,8129050
3,2021-03-11,97452,3537867,47623,1783415,41207,1727863,8622,26589,47778,1086835,0.133698,49396,1255612,0.15446,57473,2342447,0.288158,8129050
3,2021-03-12,102175,3640042,45522,1828937,44755,1772618,11898,38487,46836,1091611,0.134285,55095,1310707,0.161237,59871,2402318,0.295523,8129050
3,2021-03-13,70651,3710693,29713,1858650,33669,1806287,7269,45756,37370,1104447,0.135864,33149,1343856,0.165315,45985,2448303,0.301179,8129050
3,2021-03-14,41393,3752086,21616,1880266,16211,1822498,3566,49322,20831,1108998,0.136424,20473,1364329,0.167834,25024,2473327,0.304258,8129050
3,2021-03-15,75880,3827966,35966,1916232,35355,1857853,4559,53881,39966,1118836,0.137634,35683,1400012,0.172223,45521,2518848,0.309858,8129050
3,2021-03-16,95202,3923168,43862,1960094,47004,1904857,4336,58217,53530,1136202,0.139771,41418,1441430,0.177318,58784,2577632,0.317089,8129050
3,2021-03-17,98415,4021583,47776,2007870,46096,1950953,4543,62760,59742,1162732,0.143034,38420,1479850,0.182045,64950,2642582,0.325079,8129050
3,2021-03-18,103804,4125387,52780,2060650,46497,1997450,4527,67287,59592,1183490,0.145588,43906,1523756,0.187446,64664,2707246,0.333034,8129050
3,2021-03-19,103413,4228800,55455,2116105,43495,2040945,4463,71750,57593,1200564,0.147688,45534,1569290,0.193047,62608,2769854,0.340735,8129050
3,2021-03-20,72075,4300875,37152,2153257,31266,2072211,3657,75407,44504,1221852,0.150307,27376,1596666,0.196415,48664,2818518,0.346722,8129050
3,2021-03-21,36378,4337253,24727,2177984,10146,2082357,1505,76912,21926,1231414,0.151483,14346,1611012,0.19818,23908,2842426,0.349663,8129050
3,2021-03-22,70691,4407944,41556,2219540,26608,2108965,2527,79439,45207,1254918,0.154374,25246,1636258,0.201285,48750,2891176,0.35566,8129050
3,2021-03-23,89866,4497810,49718,2269258,37610,2146575,2538,81977,55223,1279008,0.157338,34376,1670634,0.205514,58466,2949642,0.362852,8129050
3,2021-03-24,98767,4596577,56853,2326111,38993,2185568,2921,84898,56248,1296625,0.159505,42156,1712790,0.2107,59773,3009415,0.370205,8129050
3,2021-03-25,107377,4703954,59638,2385749,44776,2230344,2963,87861,60585,1314374,0.161689,46442,1759232,0.216413,64191,3073606,0.378102,8129050
3,2021-03-26,110693,4814647,59408,2445157,47954,2278298,3331,91192,57105,1322407,0.162677,53246,1812478,0.222963,61279,3134885,0.38564,8129050
3,2021-03-27,74666,4889313,37966,2483123,34152,2312450,2548,93740,36160,1323515,0.162813,38274,1850752,0.227671,39382,3174267,0.390484,8129050
3,2021-03-28,44373,4933686,27967,2511090,15593,2328043,813,94553,22398,1325506,0.163058,21859,1872611,0.23036,23850,3198117,0.393418,8129050
3,2021-03-29,80691,5014377,42111,2553201,36723,2364766,1857,96410,44275,1336301,0.164386,36151,1908762,0.234808,46946,3245063,0.399193,8129050
3,2021-03-30,100323,5114700,49291,2602492,47395,2412161,3637,100047,56306,1353089,0.166451,43756,1952518,0.24019,60544,3305607,0.406641,8129050
3,2021-03-31,105124,5219824,56689,2659181,43583,2455744,4852,104899,56211,1365810,0.168016,48671,2001189,0.246177,61392,3366999,0.414193,8129050
3,2021-04-01,123678,5343502,62510,2721691,51423,2507167,9745,114644,66729,1386047,0.170505,56542,2057731,0.253133,76779,3443778,0.423638,8129050
3,2021-04-02,117988,5461490,57552,2779243,50090,2557257,10346,124990,62230,1403646,0.17267,55455,2113186,0.259955,73054,3516832,0.432625,8129050
3,2021-04-03,76174,5537664,38973,2818216,27960,2585217,9241,134231,37899,1412969,0.173817,38122,2151308,0.264644,47445,3564277,0.438462,8129050
3,2021-04-04,32420,5570084,17342,2835558,10864,2596081,4214,138445,14145,1413160,0.173841,18196,2169504,0.266883,18387,3582664,0.440724,8129050
3,2021-04-05,89559,5659643,45486,2881044,34842,2630923,9231,147676,43561,1421011,0.174807,45761,2215265,0.272512,53612,3636276,0.447319,8129050
3,2021-04-06,113570,5773213,55254,2936298,43103,2674026,15213,162889,53369,1430372,0.175958,59917,2275182,0.279883,69278,3705554,0.455841,8129050
3,2021-04-07,116379,5889592,60183,2996481,39871,2713897,16325,179214,56225,1443303,0.177549,59882,2335064,0.287249,72813,3778367,0.464798,8129050
3,2021-04-08,121497,6011089,60489,3056970,40836,2754733,20172,199386,56256,1455565,0.179057,64929,2399993,0.295237,77191,3855558,0.474294,8129050
3,2021-04-09,118555,6129644,59084,3116054,40296,2795029,19175,218561,52027,1461382,0.179773,66272,2466265,0.303389,72089,3927647,0.483162,8129050
3,2021-04-10,84460,6214104,37875,3153929,31314,2826343,15271,233832,34299,1461794,0.179823,49971,2516236,0.309536,50383,3978030,0.48936,8129050
3,2021-04-11,45351,6259455,24298,3178227,13043,2839386,8010,241842,17203,1459779,0.179576,28057,2544293,0.312988,26042,4004072,0.492563,8129050
3,2021-04-12,84074,6343529,42466,3220693,32780,2872166,8828,250670,37989,1461836,0.179829,45844,2590137,0.318627,47901,4051973,0.498456,8129050
3,2021-04-13,105563,6449092,57161,3277854,48190,2920356,212,250882,55652,1468919,0.1807,49663,2639800,0.324737,56746,4108719,0.505437,8129050
3,2021-04-14,107677,6556769,58868,3336722,48710,2969066,99,250981,53572,1470219,0.18086,53807,2693607,0.331356,55107,4163826,0.512216,8129050
3,2021-04-15,119688,6676457,67386,3404108,52226,3021292,76,251057,64065,1479864,0.182046,55303,2748910,0.338159,64948,4228774,0.520205,8129050
3,2021-04-16,115714,6792171,64894,3469002,50726,3072018,94,251151,60387,1485997,0.182801,55015,2803925,0.344927,61148,4289922,0.527727,8129050
3,2021-04-17,79639,6871810,43394,3512396,36232,3108250,13,251164,44367,1496300,0.184068,35046,2838971,0.349238,45349,4335271,0.533306,8129050
3,2021-04-18,38779,6910589,23387,3535783,15387,3123637,5,251169,18208,1494932,0.1839,20455,2859426,0.351754,19087,4354358,0.535654,8129050
3,2021-04-19,79395,6989984,44225,3580008,35116,3158753,54,251223,35885,1488065,0.183055,43314,2902740,0.357082,36447,4390805,0.540138,8129050
3,2021-04-20,101116,7091100,53241,3633249,47856,3206609,19,251242,49107,1486461,0.182858,51753,2954493,0.363449,50149,4440954,0.546307,8129050
3,2021-04-21,105780,7196880,59384,3692633,46327,3252936,69,251311,50003,1482209,0.182335,55409,3009902,0.370265,51157,4492111,0.5526,8129050
3,2021-04-22,111658,7308538,62749,3755382,48884,3301820,25,251336,48054,1467983,0.180585,63261,3073163,0.378047,49035,4541146,0.558632,8129050
3,2021-04-23,105924,7414462,60568,3815950,45329,3347149,27,251363,46465,1456376,0.179157,59108,3132271,0.385318,47501,4588647,0.564475,8129050
3,2021-04-24,73503,7487965,45390,3861340,28048,3375197,65,251428,35789,1455777,0.179083,37445,3169716,0.389925,36846,4625493,0.569008,8129050
3,2021-04-25,36719,7524684,23439,3884779,13263,3388460,17,251445,18739,1457104,0.179247,17835,3187551,0.392119,19162,4644655,0.571365,8129050
3,2021-04-26,73795,7598479,41729,3926508,31657,3420117,409,251854,31500,1448326,0.178167,42029,3229580,0.397289,33251,4677906,0.575455,8129050
3,2021-04-27,90903,7689382,47686,3974194,41476,3461593,1741,253595,36106,1432450,0.176214,54489,3284069,0.403992,38613,4716519,0.580205,8129050
3,2021-04-28,86519,7775901,49137,4023331,35248,3496841,2134,255729,35372,1419625,0.174636,50860,3334929,0.410248,38035,4754554,0.584884,8129050
3,2021-04-29,88633,7864534,50653,4073984,35775,3532616,2205,257934,31652,1397318,0.171892,56652,3391581,0.417217,34345,4788899,0.589109,8129050
3,2021-04-30,90319,7954853,50969,4124953,36871,3569487,2479,260413,33680,1377640,0.169471,56304,3447885,0.424144,36626,4825525,0.593615,8129050
3,2021-05-01,55090,8009943,34570,4159523,19061,3588548,1459,261872,19864,1364478,0.167852,34975,3482860,0.428446,21813,4847338,0.596298,8129050
3,2021-05-02,26885,8036828,18342,4177865,7528,3596076,1015,262887,9861,1358529,0.16712,16921,3499781,0.430528,10972,4858310,0.597648,8129050
3,2021-05-03,59302,8096130,34646,4212511,22287,3618363,2369,265256,17407,1336801,0.164447,41681,3541462,0.435655,19953,4878263,0.600102,8129050
3,2021-05-04,77296,8173426,44685,4257196,29939,3648302,2672,267928,22517,1307779,0.160877,54494,3595956,0.442359,25472,4903735,0.603236,8129050
3,2021-05-05,78745,8252171,47312,4304508,28730,3677032,2703,270631,21887,1276115,0.156982,56537,3652493,0.449314,24873,4928608,0.606296,8129050
3,2021-05-06,82833,8335004,52334,4356842,27974,3705006,2525,273156,20619,1238060,0.152301,61746,3714239,0.456909,23691,4952299,0.60921,8129050
3,2021-05-07,82131,8417135,51174,4408016,28337,3733343,2620,275776,21842,1202866,0.147971,59949,3774188,0.464284,24755,4977054,0.612255,8129050
3,2021-05-08,52281,8469416,32392,4440408,18182,3751525,1707,277483,13863,1180536,0.145224,38161,3812349,0.468978,15831,4992885,0.614203,8129050
3,2021-05-09,20892,8490308,15299,4455707,4807,3756332,786,278269,5512,1171611,0.144126,15289,3827638,0.470859,6364,4999249,0.614986,8129050
3,2021-05-10,47874,8538182,25656,4481363,20315,3776647,1903,280172,11126,1148349,0.141265,36554,3864192,0.475356,13292,5012541,0.616621,8129050
3,2021-05-11,63638,8601820,35566,4516929,25855,3802502,2217,282389,16095,1119822,0.137756,47307,3911499,0.481175,18780,5031321,0.618931,8129050
3,2021-05-12,64570,8666390,37114,4554043,25066,3827568,2390,284779,16541,1091273,0.134244,47779,3959278,0.487053,19230,5050551,0.621297,8129050
3,2021-05-13,75047,8741437,47323,4601366,25823,3853391,1901,286680,27487,1073942,0.132112,47327,4006605,0.492875,29996,5080547,0.624987,8129050
3,2021-05-14,79995,8821432,50545,4651911,27323,3880714,2127,288807,31022,1058999,0.130273,48691,4055296,0.498865,33748,5114295,0.629138,8129050
3,2021-05-15,61818,8883250,42673,4694584,17941,3898655,1204,290011,25600,1049996,0.129166,36024,4091320,0.503296,27021,5141316,0.632462,8129050
3,2021-05-16,33061,8916311,24704,4719288,7666,3906321,691,290702,13372,1044573,0.128499,19573,4110893,0.505704,14150,5155466,0.634203,8129050
3,2021-05-17,56746,8973057,36161,4755449,18754,3925075,1831,292533,20958,1032042,0.126957,35524,4146417,0.510074,22993,5178459,0.637031,8129050
3,2021-05-18,64342,9037399,38006,4793455,24486,3949561,1850,294383,24252,1018714,0.125318,39823,4186240,0.514973,26495,5204954,0.640291,8129050
3,2021-05-19,63769,9101168,38781,4832236,23250,3972811,1738,296121,24754,1006710,0.123841,38769,4225009,0.519742,26765,5231719,0.643583,8129050
3,2021-05-20,61319,9162487,35830,4868066,23656,3996467,1833,297954,22013,991869,0.122015,39034,4264043,0.524544,24193,5255912,0.646559,8129050
3,2021-05-21,65702,9228189,39923,4907989,23689,4020156,2090,300044,23527,975913,0.120053,41874,4305917,0.529695,25918,5281830,0.649748,8129050
3,2021-05-22,45553,9273742,30221,4938210,13868,4034024,1464,301508,19100,970481,0.119384,26252,4332169,0.532924,20820,5302650,0.652309,8129050
3,2021-05-23,21717,9295459,15024,4953234,6044,4040068,649,302157,9208,968024,0.119082,12424,4344593,0.534453,9967,5312617,0.653535,8129050
3,2021-05-24,39442,9334901,23063,4976297,14624,4054692,1755,303912,14685,960098,0.118107,24571,4369164,0.537475,16645,5329262,0.655582,8129050
3,2021-05-25,42605,9377506,23995,5000292,16942,4071634,1668,305580,15177,949996,0.116864,27171,4396335,0.540818,17069,5346331,0.657682,8129050
3,2021-05-26,42304,9419810,24222,5024514,16364,4087998,1718,307298,15871,941575,0.115828,26143,4422478,0.544034,17722,5364053,0.659862,8129050
3,2021-05-27,39289,9459099,22045,5046559,15492,4103490,1752,309050,15449,935332,0.11506,23683,4446161,0.546947,17440,5381493,0.662008,8129050
3,2021-05-28,42626,9501725,24088,5070647,16749,4120239,1789,310839,17733,930482,0.114464,24691,4470852,0.549985,19841,5401334,0.664448,8129050
3,2021-05-29,23426,9525151,14306,5084953,8282,4128521,838,311677,10999,930145,0.114422,12299,4483151,0.551498,11962,5413296,0.66592,8129050
3,2021-05-30,10574,9535725,6853,5091806,3084,4131605,637,312314,4459,929239,0.114311,6042,4489193,0.552241,5136,5418432,0.666552,8129050
3,2021-05-31,4616,9540341,2664,5094470,1687,4133292,265,312579,1453,927857,0.114141,3129,4492322,0.552626,1747,5420179,0.666767,8129050
3,2021-06-01,37597,9577938,21665,5116135,14499,4147791,1433,314012,13179,918467,0.112986,24196,4516518,0.555602,14806,5434985,0.668588,8129050
3,2021-06-02,31414,9609352,18060,5134195,11950,4159741,1404,315416,11655,912100,0.112203,19553,4536071,0.558008,13186,5448171,0.67021,8129050
3,2021-06-03,39508,9648860,27041,5161236,11033,4170774,1434,316850,11447,897321,0.110384,27881,4563952,0.561437,13102,5461273,0.671822,8129050
3,2021-06-04,46044,9694904,32572,5193808,11931,4182705,1541,318391,13118,879687,0.108215,32693,4596645,0.565459,15059,5476332,0.673674,8129050
3,2021-06-05,34264,9729168,25848,5219656,7230,4189935,1186,319577,8748,864492,0.106346,25312,4621957,0.568573,10117,5486449,0.674919,8129050
3,2021-06-06,14583,9743751,12170,5231826,1832,4191767,581,320158,3753,858212,0.105573,10775,4632732,0.569898,4495,5490944,0.675472,8129050
3,2021-06-07,30328,9774079,22049,5253875,7001,4198768,1278,321436,8713,846849,0.104176,21474,4654206,0.57254,10111,5501055,0.676716,8129050
3,2021-06-08,34222,9808301,24584,5278459,8352,4207120,1286,322722,9949,834232,0.102624,24063,4678269,0.5755,11446,5512501,0.678124,8129050
3,2021-06-09,32893,9841194,23873,5302332,7725,4214845,1295,324017,8859,820682,0.100957,23860,4702129,0.578435,10310,5522811,0.679392,8129050
3,2021-06-10,32412,9873606,23388,5325720,7501,4222346,1523,325540,9045,808230,0.099425,23218,4725347,0.581291,10766,5533577,0.680716,8129050
3,2021-06-11,35406,9909012,25034,5350754,9012,4231358,1360,326900,10543,795639,0.097876,24670,4750017,0.584326,12079,5545656,0.682202,8129050
3,2021-06-12,25078,9934090,18911,5369665,5277,4236635,890,327790,6682,785081,0.096577,18281,4768298,0.586575,7723,5553379,0.683152,8129050
3,2021-06-13,10114,9944204,7567,5377232,2057,4238692,490,328280,2357,780293,0.095988,7704,4776002,0.587523,2916,5556295,0.683511,8129050
3,2021-06-14,25737,9969941,18430,5395662,5892,4244584,1415,329695,8080,772401,0.095017,17527,4793529,0.589679,9635,5565930,0.684696,8129050
3,2021-06-15,28634,9998575,19393,5415055,7741,4252325,1500,331195,9641,764935,0.094099,18773,4812302,0.591988,11307,5577237,0.686087,8129050
3,2021-06-16,25797,10024372,18310,5433365,6075,4258400,1412,332607,8709,758300,0.093283,16910,4829212,0.594068,10275,5587512,0.687351,8129050
3,2021-06-17,24756,10049128,17747,5451112,5727,4264127,1282,333889,8590,752296,0.092544,16011,4845223,0.596038,10007,5597519,0.688582,8129050
3,2021-06-18,27852,10076980,19681,5470793,6607,4270734,1564,335453,9774,745940,0.091762,17859,4863082,0.598235,11503,5609022,0.689997,8129050
3,2021-06-19,15911,10092891,11683,5482476,3381,4274115,847,336300,5696,742500,0.091339,10090,4873172,0.599476,6650,5615672,0.690815,8129050
3,2021-06-20,6841,10099732,5135,5487611,1408,4275523,298,336598,2595,741251,0.091185,4195,4877367,0.599992,2946,5618618,0.691178,8129050
3,2021-06-21,16129,10115861,10195,5497806,4548,4280071,1386,337984,8042,742796,0.091375,8002,4885369,0.600977,9547,5628165,0.692352,8129050
3,2021-06-22,21997,10137858,15431,5513237,5279,4285350,1287,339271,8243,738840,0.090889,13639,4899008,0.602654,9683,5637848,0.693543,8129050
3,2021-06-23,20144,10158002,14149,5527386,4687,4290037,1308,340579,7994,736241,0.090569,12040,4911048,0.604136,9441,5647289,0.694705,8129050
3,2021-06-24,19840,10177842,13813,5541199,4590,4294627,1437,342016,7736,733590,0.090243,11936,4922984,0.605604,9285,5656574,0.695847,8129050
3,2021-06-25,23189,10201031,16460,5557659,5308,4299935,1421,343437,9073,730222,0.089829,13988,4936972,0.607325,10620,5667194,0.697153,8129050
3,2021-06-26,13766,10214797,10212,5567871,2783,4302718,771,344208,5726,728896,0.089666,7976,4944948,0.608306,6650,5673844,0.697971,8129050
3,2021-06-27,6669,10221466,5149,5573020,1212,4303930,308,344516,2849,728298,0.089592,3786,4948734,0.608772,3188,5677032,0.698364,8129050
3,2021-06-28,15793,10237259,12129,5585149,2593,4306523,1071,345587,6666,727113,0.089446,9021,4957755,0.609881,7836,5684868,0.699327,8129050
3,2021-06-29,17856,10255115,12595,5597744,4280,4310803,981,346568,7323,725133,0.089203,10416,4968171,0.611163,8436,5693304,0.700365,8129050
3,2021-06-30,16780,10271895,11891,5609635,3856,4314659,1033,347601,7195,724041,0.089068,9463,4977634,0.612327,8371,5701675,0.701395,8129050
3,2021-07-01,16085,10287980,11481,5621116,3552,4318211,1052,348653,6760,722721,0.088906,9232,4986866,0.613462,7912,5709587,0.702368,8129050
3,2021-07-02,18241,10306221,12979,5634095,4166,4322377,1096,349749,7769,721322,0.088734,10366,4997232,0.614738,8967,5718554,0.703471,8129050
3,2021-07-03,9944,10316165,7197,5641292,2322,4324699,425,350174,4261,720489,0.088631,5621,5002853,0.615429,4788,5723342,0.70406,8129050
3,2021-07-04,699,10316864,404,5641696,208,4324907,87,350261,266,720430,0.088624,428,5003281,0.615482,369,5723711,0.704106,8129050
3,2021-07-05,9449,10326313,6913,5648609,2117,4327024,419,350680,4281,720088,0.088582,5104,5008385,0.61611,4762,5728473,0.704692,8129050
3,2021-07-06,18805,10345118,13652,5662261,4054,4331078,1099,351779,6816,716266,0.088112,11855,5020240,0.617568,8033,5736506,0.70568,8129050
3,2021-07-07,15477,10360595,10984,5673245,3390,4334468,1103,352882,6259,714610,0.087908,9121,5029361,0.61869,7465,5743971,0.706598,8129050
3,2021-07-08,14974,10375569,10890,5684135,3210,4337678,874,353756,6124,712929,0.087701,8762,5038123,0.619768,7081,5751052,0.707469,8129050
3,2021-07-09,17075,10392644,11988,5696123,4030,4341708,1057,354813,7113,711350,0.087507,9857,5047980,0.62098,8278,5759330,0.708487,8129050
3,2021-07-10,10112,10402756,7484,5703607,2088,4343796,540,355353,4326,710571,0.087411,5732,5053712,0.621685,4953,5764283,0.709097,8129050
3,2021-07-11,4968,10407724,3670,5707277,1035,4344831,263,355616,2248,710414,0.087392,2688,5056400,0.622016,2531,5766814,0.709408,8129050
3,2021-07-12,13985,10421709,10303,5717580,2841,4347672,841,356457,5637,708697,0.087181,8276,5064676,0.623034,6559,5773373,0.710215,8129050
3,2021-07-13,14574,10436283,10382,5727962,3428,4351100,764,357221,6417,707903,0.087083,8060,5072736,0.624026,7266,5780639,0.711109,8129050
3,2021-07-14,9304,10445587,6565,5734527,2138,4353238,601,357822,4135,707618,0.087048,5102,5077838,0.624653,4817,5785456,0.711701,8129050
4,2020-12-15,456,456,456,456,0,0,0,0,456,456,5.7e-05,0,0,0.0,456,456,5.7e-05,8037679
4,2020-12-16,3041,3497,3041,3497,0,0,0,0,3041,3497,0.000435,0,0,0.0,3041,3497,0.000435,8037679
4,2020-12-17,8952,12449,8952,12449,0,0,0,0,8952,12449,0.001549,0,0,0.0,8952,12449,0.001549,8037679
4,2020-12-18,16218,28667,16206,28655,12,12,0,0,16218,28667,0.003567,0,0,0.0,16218,28667,0.003567,8037679
4,2020-12-19,10392,39059,10383,39038,9,21,0,0,10327,38994,0.004851,0,0,0.0,10327,38994,0.004851,8037679
4,2020-12-20,7423,46482,7416,46454,7,28,0,0,7378,46372,0.005769,0,0,0.0,7378,46372,0.005769,8037679
4,2020-12-21,16402,62884,16376,62830,26,54,0,0,16335,62706,0.007802,1,1,0.0,16335,62707,0.007802,8037679
4,2020-12-22,17228,80112,16475,79305,753,807,0,0,17182,79885,0.009939,3,4,0.0,17182,79889,0.009939,8037679
4,2020-12-23,17145,97257,14417,93722,2728,3535,0,0,17123,97006,0.012069,2,6,1e-06,17123,97012,0.01207,8037679
4,2020-12-24,8563,105820,5976,99698,2587,6122,0,0,8563,105569,0.013134,0,6,1e-06,8563,105575,0.013135,8037679
4,2020-12-25,906,106726,801,100499,105,6227,0,0,906,106475,0.013247,0,6,1e-06,906,106481,0.013248,8037679
4,2020-12-26,6187,112913,3906,104405,2281,8508,0,0,6187,112662,0.014017,0,6,1e-06,6187,112668,0.014017,8037679
4,2020-12-27,3430,116343,1996,106401,1434,9942,0,0,3430,116092,0.014443,0,6,1e-06,3430,116098,0.014444,8037679
4,2020-12-28,15152,131495,9372,115773,5780,15722,0,0,15124,131214,0.016325,2,8,1e-06,15124,131222,0.016326,8037679
4,2020-12-29,15429,146924,8536,124309,6893,22615,0,0,15395,146609,0.01824,0,8,1e-06,15395,146617,0.018241,8037679
4,2020-12-30,18988,165912,11084,135393,7904,30519,0,0,18977,165584,0.020601,2,10,1e-06,18977,165594,0.020602,8037679
4,2020-12-31,8308,174220,3368,138761,4940,35459,0,0,8296,173871,0.021632,9,19,2e-06,8296,173890,0.021634,8037679
4,2021-01-01,1580,175800,713,139474,867,36326,0,0,1576,175444,0.021828,3,22,3e-06,1576,175466,0.02183,8037679
4,2021-01-02,5740,181540,3246,142720,2494,38820,0,0,5738,181181,0.022541,1,23,3e-06,5738,181204,0.022544,8037679
4,2021-01-03,2150,183690,1275,143995,875,39695,0,0,2134,183311,0.022806,4,27,3e-06,2134,183338,0.02281,8037679
4,2021-01-04,12968,196658,7020,151015,5948,45643,0,0,12919,196201,0.02441,29,56,7e-06,12919,196257,0.024417,8037679
4,2021-01-05,16957,213615,10042,161057,6915,52558,0,0,14745,208775,0.025975,2184,2240,0.000279,14758,211015,0.026253,8037679
4,2021-01-06,21663,235278,13275,174332,8388,60946,0,0,15552,218280,0.027157,6061,8301,0.001033,15566,226581,0.02819,8037679
4,2021-01-07,28042,263320,17091,191423,10951,71897,0,0,16748,223816,0.027846,11233,19534,0.00243,16769,243350,0.030276,8037679
4,2021-01-08,32962,296282,21168,212591,11794,83691,0,0,18361,227663,0.028324,14534,34068,0.004239,18381,261731,0.032563,8037679
4,2021-01-09,16334,312616,9675,222266,6659,90350,0,0,9482,230317,0.028655,6840,40908,0.00509,9494,271225,0.033744,8037679
4,2021-01-10,8794,321410,5681,227947,3113,93463,0,0,4169,229880,0.0286,4614,45522,0.005664,4177,275402,0.034264,8037679
4,2021-01-11,33509,354919,21983,249930,11526,104989,0,0,18888,234222,0.029141,14592,60114,0.007479,18934,294336,0.03662,8037679
4,2021-01-12,38684,393603,22317,272247,16367,121356,0,0,24343,244328,0.030398,14278,74392,0.009255,24384,318720,0.039653,8037679
4,2021-01-13,38956,432559,19290,291537,19666,141022,0,0,27562,260562,0.032418,11355,85747,0.010668,27589,346309,0.043086,8037679
4,2021-01-14,39453,472012,15171,306708,24282,165304,0,0,32260,285694,0.035544,7157,92904,0.011559,32289,378598,0.047103,8037679
4,2021-01-15,45650,517662,15991,322699,29659,194963,0,0,39986,320093,0.039824,5613,98517,0.012257,40012,418610,0.052081,8037679
4,2021-01-16,28861,546523,9432,332131,19429,214392,0,0,25709,342698,0.042636,3122,101639,0.012645,25727,444337,0.055282,8037679
4,2021-01-17,19171,565694,6757,338888,12414,226806,0,0,17636,358835,0.044644,1513,103152,0.012834,17650,461987,0.057478,8037679
4,2021-01-18,29539,595233,13677,352565,15862,242668,0,0,23542,376473,0.046839,5930,109082,0.013571,23568,485555,0.06041,8037679
4,2021-01-19,46243,641476,23114,375679,23129,265797,0,0,36838,404029,0.050267,9357,118439,0.014735,36913,522468,0.065002,8037679
4,2021-01-20,52764,694240,28250,403929,24514,290311,0,0,42172,435765,0.054215,10495,128934,0.016041,42231,564699,0.070256,8037679
4,2021-01-21,57975,752215,26147,430076,31828,322139,0,0,51172,480259,0.059751,6722,135656,0.016878,51216,615915,0.076628,8037679
4,2021-01-22,55534,807749,22319,452395,33215,355354,0,0,50354,525532,0.065384,5108,140764,0.017513,50381,666296,0.082897,8037679
4,2021-01-23,39743,847492,17450,469845,22293,377647,0,0,35384,556597,0.069248,4349,145113,0.018054,35414,701710,0.087303,8037679
4,2021-01-24,24010,871502,10522,480367,13488,391135,0,0,22099,576813,0.071764,1901,147014,0.018291,22117,723827,0.090054,8037679
4,2021-01-25,48115,919617,22259,502626,25856,416991,0,0,36958,602701,0.074984,11127,158141,0.019675,37015,760842,0.094659,8037679
4,2021-01-26,57114,976731,29138,531764,27976,444967,0,0,44779,635242,0.079033,12300,170441,0.021205,44841,805683,0.100238,8037679
4,2021-01-27,56439,1033170,26869,558633,29570,474537,0,0,45334,669602,0.083308,11026,181467,0.022577,45386,851069,0.105885,8037679
4,2021-01-28,56892,1090062,25730,584363,31162,505699,0,0,46831,706515,0.0879,9963,191430,0.023817,46876,897945,0.111717,8037679
4,2021-01-29,56796,1146858,27259,611622,29537,535236,0,0,46305,742564,0.092385,10292,201722,0.025097,46341,944286,0.117482,8037679
4,2021-01-30,38203,1185061,17274,628896,20929,556165,0,0,32813,770069,0.095807,5334,207056,0.025761,32839,977125,0.121568,8037679
4,2021-01-31,24056,1209117,12684,641580,11372,567537,0,0,22340,790731,0.098378,1696,208752,0.025972,22358,999483,0.12435,8037679
4,2021-02-01,49873,1258990,24037,665617,25836,593373,0,0,38160,817275,0.10168,11658,220410,0.027422,38202,1037685,0.129103,8037679
4,2021-02-02,55704,1314694,25588,691205,30116,623489,0,0,42742,847176,0.105401,12884,233294,0.029025,42785,1080470,0.134426,8037679
4,2021-02-03,62416,1377110,30670,721875,31746,655235,0,0,47841,880646,0.109565,14425,247719,0.03082,47895,1128365,0.140384,8037679
4,2021-02-04,67830,1444940,31466,753341,36364,691599,0,0,50932,914964,0.113834,16721,264440,0.0329,51039,1179404,0.146734,8037679
4,2021-02-05,73640,1518580,34161,787502,39479,731078,0,0,51126,943993,0.117446,22230,286670,0.035666,51259,1230663,0.153112,8037679
4,2021-02-06,48956,1567536,26360,813862,22596,753674,0,0,37315,969936,0.120674,11572,298242,0.037105,37515,1268178,0.157779,8037679
4,2021-02-07,26682,1594218,17666,831528,9016,762690,0,0,20159,983843,0.122404,6489,304731,0.037913,20396,1288574,0.160317,8037679
4,2021-02-08,58992,1653210,30461,861989,28531,791221,0,0,38368,1001988,0.124661,20485,325216,0.040461,38630,1327204,0.165123,8037679
4,2021-02-09,67639,1720849,34308,896297,33331,824552,0,0,39662,1014273,0.12619,27786,353002,0.043918,40071,1367275,0.170108,8037679
4,2021-02-10,77774,1798623,38931,935228,38843,863395,0,0,40850,1018990,0.126777,36676,389678,0.048481,41393,1408668,0.175258,8037679
4,2021-02-11,81896,1880519,42841,978069,39055,902450,0,0,41611,1021266,0.12706,40007,429685,0.053459,42283,1450951,0.180519,8037679
4,2021-02-12,84986,1965505,38137,1016206,46849,949299,0,0,43632,1024617,0.127477,41070,470755,0.058569,44421,1495372,0.186045,8037679
4,2021-02-13,59232,2024737,30022,1046228,29210,978509,0,0,30149,1026726,0.127739,28940,499695,0.062169,31049,1526421,0.189908,8037679
4,2021-02-14,37097,2061834,19292,1065520,17805,996314,0,0,18976,1028296,0.127934,18064,517759,0.064416,19634,1546055,0.192351,8037679
4,2021-02-15,46483,2108317,21806,1087326,24677,1020991,0,0,23808,1030700,0.128234,22587,540346,0.067227,24991,1571046,0.19546,8037679
4,2021-02-16,80673,2188990,37051,1124377,43622,1064613,0,0,40954,1033295,0.128556,39577,579923,0.072151,42172,1613218,0.200707,8037679
4,2021-02-17,81990,2270980,38796,1163173,43194,1107807,0,0,38965,1030568,0.128217,42816,622739,0.077477,40089,1653307,0.205695,8037679
4,2021-02-18,83940,2354920,46228,1209401,37712,1145519,0,0,38748,1025799,0.127624,44998,667737,0.083076,40229,1693536,0.2107,8037679
4,2021-02-19,83360,2438280,52380,1261781,30980,1176499,0,0,41598,1026503,0.127711,41584,709321,0.088249,42288,1735824,0.215961,8037679
4,2021-02-20,49860,2488140,33206,1294987,16654,1193153,0,0,26987,1031397,0.12832,22787,732108,0.091085,27681,1763505,0.219405,8037679
4,2021-02-21,30210,2518350,24041,1319028,6169,1199322,0,0,14603,1030764,0.128241,15521,747629,0.093016,14888,1778393,0.221257,8037679
4,2021-02-22,55407,2573757,38076,1357104,17331,1216653,0,0,26638,1029237,0.128052,28614,776243,0.096576,27087,1805480,0.224627,8037679
4,2021-02-23,76539,2650296,42385,1399489,34154,1250807,0,0,33502,1021579,0.127099,42831,819074,0.101904,35173,1840653,0.229003,8037679
4,2021-02-24,91705,2742001,48441,1447930,43264,1294071,0,0,41167,1014631,0.126234,50270,869344,0.108159,43322,1883975,0.234393,8037679
4,2021-02-25,103196,2845197,53969,1501899,49227,1343298,0,0,49128,1012475,0.125966,53840,923184,0.114857,51684,1935659,0.240823,8037679
4,2021-02-26,109341,2954538,55269,1557168,54072,1397370,0,0,55788,1017362,0.126574,53258,976442,0.121483,58145,1993804,0.248057,8037679
4,2021-02-27,79351,3033889,43233,1600401,36108,1433478,10,10,42273,1024265,0.127433,36867,1013309,0.12607,43770,2037574,0.253503,8037679
4,2021-02-28,48698,3082587,30106,1630507,18585,1452063,7,17,26926,1030486,0.128207,21598,1034907,0.128757,27819,2065393,0.256964,8037679
4,2021-03-01,78668,3161255,46138,1676645,32485,1484548,45,62,43318,1040000,0.129391,35042,1069949,0.133117,44556,2109949,0.262507,8037679
4,2021-03-02,86441,3247696,49689,1726334,36743,1521291,9,71,50614,1056776,0.131478,35635,1105584,0.13755,52411,2162360,0.269028,8037679
4,2021-03-03,100761,3348457,53617,1779951,47128,1568419,16,87,56282,1070583,0.133196,44261,1149845,0.143057,58068,2220428,0.276252,8037679
4,2021-03-04,98296,3446753,54537,1834488,43741,1612160,18,105,53775,1081868,0.1346,44284,1194129,0.148566,55569,2275997,0.283166,8037679
4,2021-03-05,95788,3542541,51792,1886280,43678,1655838,318,423,56545,1101645,0.13706,39023,1233152,0.153421,58800,2334797,0.290481,8037679
4,2021-03-06,76731,3619272,43237,1929517,30852,1686690,2642,3065,47115,1123259,0.139749,29481,1262633,0.157089,51095,2385892,0.296838,8037679
4,2021-03-07,44849,3664121,27550,1957067,15106,1701796,2193,5258,26064,1133910,0.141074,18700,1281333,0.159416,29351,2415243,0.30049,8037679
4,2021-03-08,67957,3732078,35585,1992652,29001,1730797,3371,8629,44664,1160115,0.144335,23158,1304491,0.162297,49363,2464606,0.306632,8037679
4,2021-03-09,81954,3814032,41382,2034034,35321,1766118,5251,13880,44227,1173143,0.145955,37537,1342028,0.166967,50565,2515171,0.312923,8037679
4,2021-03-10,91537,3905569,47202,2081236,36855,1802973,7480,21360,46198,1182611,0.147133,45139,1387167,0.172583,54607,2569778,0.319716,8037679
4,2021-03-11,101077,4006646,53047,2134283,39574,1842547,8456,29816,46653,1184638,0.147386,54163,1441330,0.179322,56190,2625968,0.326707,8037679
4,2021-03-12,104807,4111453,51650,2185933,42848,1885395,10309,40125,44747,1180843,0.146913,59771,1501101,0.186758,55976,2681944,0.333671,8037679
4,2021-03-13,81802,4193255,37912,2223845,35441,1920836,8449,48574,38655,1186037,0.14756,43004,1544105,0.192108,48198,2730142,0.339668,8037679
4,2021-03-14,50003,4243258,28460,2252305,17894,1938730,3649,52223,23311,1187020,0.147682,26592,1570697,0.195417,27575,2757717,0.343099,8037679
4,2021-03-15,83931,4327189,45152,2297457,34525,1973255,4254,56477,42576,1193593,0.1485,41097,1611794,0.20053,47670,2805387,0.349029,8037679
4,2021-03-16,108078,4435267,56161,2353618,48498,2021753,3419,59896,57003,1203887,0.14978,50820,1662614,0.206853,61114,2866501,0.356633,8037679
4,2021-03-17,107271,4542538,57781,2411399,45995,2067748,3495,63391,62687,1226313,0.152571,44311,1706925,0.212365,66737,2933238,0.364936,8037679
4,2021-03-18,107427,4649965,59593,2470992,44143,2111891,3691,67082,60780,1244852,0.154877,46359,1753284,0.218133,64898,2998136,0.37301,8037679
4,2021-03-19,111888,4761853,64396,2535388,42283,2154174,5209,72291,63484,1265807,0.157484,48124,1801408,0.22412,69079,3067215,0.381605,8037679
4,2021-03-20,84382,4846235,49351,2584739,32016,2186190,3015,75306,51661,1288232,0.160274,32558,1833966,0.228171,54983,3122198,0.388445,8037679
4,2021-03-21,48382,4894617,35064,2619803,11060,2197250,2258,77564,28279,1299143,0.161632,19977,1853943,0.230657,30888,3153086,0.392288,8037679
4,2021-03-22,82772,4977389,54067,2673870,25966,2223216,2739,80303,51411,1322900,0.164587,31105,1885048,0.234526,54862,3207948,0.399114,8037679
4,2021-03-23,105112,5082501,62944,2736814,40020,2263236,2148,82451,62482,1345727,0.167427,42348,1927396,0.239795,65175,3273123,0.407222,8037679
4,2021-03-24,113757,5196258,73417,2810231,37918,2301154,2422,84873,63983,1363256,0.169608,49325,1976721,0.245932,66854,3339977,0.41554,8037679
4,2021-03-25,117319,5313577,72216,2882447,42707,2343861,2396,87269,66917,1383136,0.172082,49910,2026631,0.252141,69790,3409767,0.424223,8037679
4,2021-03-26,120016,5433593,72820,2955267,44154,2388015,3042,90311,65469,1398074,0.17394,54166,2080797,0.25888,69104,3478871,0.43282,8037679
4,2021-03-27,92227,5525820,54372,3009639,36068,2424083,1787,92098,46782,1401936,0.174421,45191,2125988,0.264503,49053,3527924,0.438923,8037679
4,2021-03-28,55865,5581685,36881,3046520,18109,2442192,875,92973,29604,1406705,0.175014,26082,2152070,0.267748,30851,3558775,0.442762,8037679
4,2021-03-29,93778,5675463,56220,3102740,35480,2477672,2078,95051,50674,1417167,0.176315,42836,2194906,0.273077,53298,3612073,0.449393,8037679
4,2021-03-30,117313,5792776,64014,3166754,49140,2526812,4159,99210,69679,1444041,0.179659,47385,2242291,0.278972,74259,3686332,0.458631,8037679
4,2021-03-31,121292,5914068,71575,3238329,43411,2570223,6306,105516,67972,1465559,0.182336,52959,2295250,0.285561,74477,3760809,0.467897,8037679
4,2021-04-01,142816,6056884,81432,3319761,48101,2618324,13283,118799,84004,1504637,0.187198,58327,2353577,0.292818,97405,3858214,0.480016,8037679
4,2021-04-02,136889,6193773,73120,3392881,50159,2668483,13610,132409,78920,1539790,0.191571,57657,2411234,0.299991,92810,3951024,0.491563,8037679
4,2021-04-03,101374,6295147,54173,3447054,33766,2702249,13435,145844,52680,1557631,0.193791,48483,2459717,0.306023,66324,4017348,0.499814,8037679
4,2021-04-04,46930,6342077,24760,3471814,14639,2716888,7531,153375,20341,1559034,0.193966,26477,2486194,0.309317,27880,4045228,0.503283,8037679
4,2021-04-05,109662,6451739,61597,3533411,35219,2752107,12846,166221,56796,1576591,0.19615,52639,2538833,0.315866,70196,4115424,0.512016,8037679
4,2021-04-06,139058,6590797,78239,3611650,41021,2793128,19798,186019,72130,1602423,0.199364,66680,2605513,0.324162,92512,4207936,0.523526,8037679
4,2021-04-07,137857,6728654,78112,3689762,38997,2832125,20748,206767,71358,1628568,0.202617,66235,2671748,0.332403,92380,4300316,0.53502,8037679
4,2021-04-08,140259,6868913,78144,3767906,36621,2868746,25494,232261,69661,1654018,0.205783,70294,2742042,0.341148,95744,4396060,0.546932,8037679
4,2021-04-09,137942,7006855,75653,3843559,39200,2907946,23089,255350,65742,1671884,0.208006,71954,2813996,0.350101,89820,4485880,0.558106,8037679
4,2021-04-10,103985,7110840,51289,3894848,33799,2941745,18897,274247,46891,1681815,0.209241,56878,2870874,0.357177,66809,4552689,0.566418,8037679
4,2021-04-11,62774,7173614,38113,3932961,13473,2955218,11188,285435,27361,1686118,0.209777,35301,2906175,0.361569,39604,4592293,0.571346,8037679
4,2021-04-12,102976,7276590,62586,3995547,30186,2985404,10204,295639,51879,1698625,0.211333,50788,2956963,0.367888,63295,4655588,0.57922,8037679
4,2021-04-13,130580,7407170,81927,4077474,48487,3033891,166,295805,78146,1725670,0.214698,52127,3009090,0.374373,79172,4734760,0.589071,8037679
4,2021-04-14,135755,7542925,86495,4163969,49184,3083075,76,295881,75119,1741807,0.216705,60290,3069380,0.381874,76427,4811187,0.598579,8037679
4,2021-04-15,156525,7699450,104151,4268120,52307,3135382,67,295948,96094,1778688,0.221294,60042,3129422,0.389344,96923,4908110,0.610638,8037679
4,2021-04-16,143769,7843219,91179,4359299,52512,3187894,78,296026,83588,1803222,0.224346,59849,3189271,0.39679,84383,4992493,0.621136,8037679
4,2021-04-17,101681,7944900,63887,4423186,37770,3225664,24,296050,59642,1822283,0.226718,41752,3231023,0.401985,60813,5053306,0.628702,8037679
4,2021-04-18,56887,8001787,38440,4461626,18444,3244108,3,296053,32073,1830646,0.227758,24675,3255698,0.405054,33038,5086344,0.632813,8037679
4,2021-04-19,101693,8103480,67056,4528682,34620,3278728,17,296070,51920,1833660,0.228133,49523,3305221,0.411216,52537,5138881,0.639349,8037679
4,2021-04-20,131959,8235439,78723,4607405,53220,3331948,16,296086,68901,1840911,0.229035,62739,3367960,0.419021,69990,5208871,0.648057,8037679
4,2021-04-21,134338,8369777,87695,4695100,46590,3378538,53,296139,67839,1843806,0.229395,66107,3434067,0.427246,69002,5277873,0.656641,8037679
4,2021-04-22,141228,8511005,93802,4788902,47403,3425941,23,296162,63237,1830582,0.22775,77607,3511674,0.436901,64383,5342256,0.664652,8037679
4,2021-04-23,134435,8645440,87568,4876470,46843,3472784,24,296186,58447,1814613,0.225763,75630,3587304,0.446311,59661,5401917,0.672074,8037679
4,2021-04-24,98165,8743605,66241,4942711,31875,3504659,49,296235,45194,1808256,0.224972,52672,3639976,0.452864,46315,5448232,0.677836,8037679
4,2021-04-25,50135,8793740,35339,4978050,14769,3519428,27,296262,26227,1811199,0.225339,23762,3663738,0.45582,26705,5474937,0.681159,8037679
4,2021-04-26,91719,8885459,60160,5038210,31163,3550591,396,296658,36128,1793771,0.22317,55289,3719027,0.462699,37861,5512798,0.685869,8037679
4,2021-04-27,113581,8999040,69413,5107623,41853,3592444,2315,298973,40985,1765591,0.219664,72277,3791304,0.471691,44097,5556895,0.691356,8037679
4,2021-04-28,103857,9102897,67886,5175509,33455,3625899,2516,301489,38099,1741436,0.216659,65434,3856738,0.479832,41279,5598174,0.696491,8037679
4,2021-04-29,105138,9208035,67165,5242674,35454,3661353,2519,304008,34045,1707857,0.212481,70746,3927484,0.488634,37167,5635341,0.701115,8037679
4,2021-04-30,104918,9312953,66527,5309201,35699,3697052,2692,306700,36142,1678967,0.208887,68389,3995873,0.497143,39499,5674840,0.70603,8037679
4,2021-05-01,69068,9382021,45851,5355052,21450,3718502,1767,308467,20084,1652723,0.205622,48739,4044612,0.503206,22495,5697335,0.708828,8037679
4,2021-05-02,37510,9419531,26617,5381669,9611,3728113,1282,309749,10535,1637829,0.203769,26856,4071468,0.506548,11962,5709297,0.710317,8037679
4,2021-05-03,78428,9497959,54563,5436232,21388,3749501,2477,312226,19184,1600865,0.19917,58994,4130462,0.513887,22030,5731327,0.713057,8037679
4,2021-05-04,100919,9598878,69097,5505329,29066,3778567,2756,314982,22692,1548756,0.192687,77949,4208411,0.523585,25840,5757167,0.716272,8037679
4,2021-05-05,101701,9700579,71756,5577085,27219,3805786,2726,317708,22085,1494585,0.185947,79290,4287701,0.53345,25119,5782286,0.719397,8037679
4,2021-05-06,111211,9811790,83336,5660421,24941,3830727,2934,320642,19677,1427244,0.177569,91071,4378772,0.544781,23730,5806016,0.72235,8037679
4,2021-05-07,104438,9916228,75116,5735537,26641,3857368,2681,323323,20654,1367568,0.170145,83428,4462200,0.55516,23752,5829768,0.725305,8037679
4,2021-05-08,69364,9985592,47801,5783338,19635,3877003,1928,325251,13770,1328269,0.165255,55353,4517553,0.562047,16054,5845822,0.727302,8037679
4,2021-05-09,34177,10019769,27953,5811291,5278,3882281,946,326197,7503,1310244,0.163013,26569,4544122,0.565353,8544,5854366,0.728365,8037679
4,2021-05-10,64753,10084522,43287,5854578,19152,3901433,2314,328511,11007,1270337,0.158048,53542,4597664,0.572014,13635,5868001,0.730062,8037679
4,2021-05-11,82337,10166859,51376,5905954,28781,3930214,2180,330691,15806,1222528,0.1521,66292,4663956,0.580262,18483,5886484,0.732361,8037679
4,2021-05-12,79387,10246246,52829,5958783,24099,3954313,2459,333150,16686,1179632,0.146763,62416,4726372,0.588027,19520,5906004,0.73479,8037679
4,2021-05-13,104148,10350394,76718,6035501,25899,3980212,1531,334681,40437,1159223,0.144224,63386,4789758,0.595913,42977,5948981,0.740137,8037679
4,2021-05-14,104519,10454913,73832,6109333,28567,4008779,2120,336801,40302,1138266,0.141616,63912,4853670,0.603865,42955,5991936,0.745481,8037679
4,2021-05-15,85207,10540120,65932,6175265,17950,4026729,1325,338126,37663,1130235,0.140617,47308,4900978,0.60975,39277,6031213,0.750367,8037679
4,2021-05-16,51425,10591545,41449,6216714,9264,4035993,712,338838,21081,1121968,0.139589,30198,4931176,0.613507,21931,6053144,0.753096,8037679
4,2021-05-17,70935,10662480,51826,6268540,17274,4053267,1835,340673,28088,1109468,0.138033,42650,4973826,0.618814,30150,6083294,0.756847,8037679
4,2021-05-18,81498,10743978,53038,6321578,26708,4079975,1752,342425,29223,1088885,0.135473,51921,5025747,0.625273,31338,6114632,0.760746,8037679
4,2021-05-19,76596,10820574,51812,6373390,22844,4102819,1940,344365,30875,1076545,0.133937,45445,5071192,0.630927,33105,6147737,0.764865,8037679
4,2021-05-20,68575,10889149,44024,6417414,22557,4125376,1994,346359,25402,1061393,0.132052,42894,5114086,0.636264,27742,6175479,0.768316,8037679
4,2021-05-21,73363,10962512,48403,6465817,23102,4148478,1858,348217,25901,1042243,0.12967,47179,5161265,0.642134,28029,6203508,0.771803,8037679
4,2021-05-22,49642,11012154,34845,6500662,13523,4162001,1274,349491,21680,1037614,0.129094,27805,5189070,0.645593,23176,6226684,0.774687,8037679
4,2021-05-23,23971,11036125,17096,6517758,6152,4168153,723,350214,9786,1034168,0.128665,14065,5203135,0.647343,10619,6237303,0.776008,8037679
4,2021-05-24,43014,11079139,27366,6545124,12653,4180806,2995,353209,15109,1024780,0.127497,27691,5230826,0.650788,18303,6255606,0.778285,8037679
4,2021-05-25,44756,11123895,27835,6572959,14105,4194911,2816,356025,15889,1015080,0.12629,28637,5259463,0.654351,18937,6274543,0.780641,8037679
4,2021-05-26,44495,11168390,26690,6599649,15209,4210120,2596,358621,15853,1005274,0.12507,28430,5287893,0.657888,18624,6293167,0.782958,8037679
4,2021-05-27,38796,11207186,23307,6622956,12352,4222472,3137,361758,14645,999267,0.124323,23957,5311850,0.660869,17950,6311117,0.785191,8037679
4,2021-05-28,43115,11250301,27497,6650453,14026,4236498,1592,363350,18802,995818,0.123894,24066,5335916,0.663863,20617,6331734,0.787757,8037679
4,2021-05-29,23583,11273884,15355,6665808,7296,4243794,932,364282,10860,995153,0.123811,12589,5348505,0.665429,11924,6343658,0.78924,8037679
4,2021-05-30,12037,11285921,8456,6674264,3055,4246849,526,364808,5019,993813,0.123644,6954,5355459,0.666294,5614,6349272,0.789938,8037679
4,2021-05-31,3556,11289477,2260,6676524,1136,4247985,160,364968,1136,992754,0.123513,2376,5357835,0.66659,1317,6350589,0.790102,8037679
4,2021-06-01,39317,11328794,24463,6700987,12413,4260398,2441,367409,13006,982320,0.122214,26098,5383933,0.669837,15664,6366253,0.792051,8037679
4,2021-06-02,32511,11361305,20337,6721324,9387,4269785,2787,370196,10876,974678,0.121264,21456,5405389,0.672506,13814,6380067,0.79377,8037679
4,2021-06-03,47941,11409246,36797,6758121,8690,4278475,2454,372650,10364,950386,0.118241,37418,5442807,0.677162,13126,6393193,0.795403,8037679
4,2021-06-04,54648,11463894,44000,6802121,9324,4287799,1324,373974,12742,923578,0.114906,41678,5484485,0.682347,14870,6408063,0.797253,8037679
4,2021-06-05,44665,11508559,38271,6840392,5399,4293198,995,374969,8772,897881,0.111709,35744,5520229,0.686794,10047,6418110,0.798503,8037679
4,2021-06-06,21193,11529752,18910,6859302,1718,4294916,565,375534,3980,885708,0.110194,17113,5537342,0.688923,4940,6423050,0.799118,8037679
4,2021-06-07,38645,11568397,31279,6890581,5450,4300366,1916,377450,8455,866307,0.107781,30061,5567403,0.692663,10660,6433710,0.800444,8037679
4,2021-06-08,40449,11608846,31754,6922335,6157,4306523,2538,379988,9448,847815,0.10548,30812,5598215,0.696496,12320,6446030,0.801977,8037679
4,2021-06-09,38822,11647668,30790,6953125,5680,4312203,2352,382340,7931,827733,0.102982,30721,5628936,0.700319,10639,6456669,0.8033,8037679
4,2021-06-10,37036,11684704,29198,6982323,5219,4317422,2619,384959,8553,810842,0.10088,28326,5657262,0.703843,11435,6468104,0.804723,8037679
4,2021-06-11,38158,11722862,29977,7012300,6169,4323591,2012,386971,9870,794944,0.098902,28130,5685392,0.707343,12232,6480336,0.806245,8037679
4,2021-06-12,26463,11749325,22038,7034338,3714,4327305,711,387682,6055,781628,0.097245,20301,5705693,0.709868,6985,6487321,0.807114,8037679
4,2021-06-13,10825,11760150,8553,7042891,1796,4329101,476,388158,2285,776023,0.096548,8473,5714166,0.710922,2868,6490189,0.807471,8037679
4,2021-06-14,28547,11788697,21354,7064245,4389,4333490,2804,390962,7807,766248,0.095332,20605,5734771,0.713486,10830,6501019,0.808818,8037679
4,2021-06-15,29856,11818553,21116,7085361,5339,4338829,3401,394363,8295,756793,0.094156,21408,5756179,0.716149,11953,6512972,0.810305,8037679
4,2021-06-16,26490,11845043,19961,7105322,3914,4342743,2615,396978,7988,749268,0.093219,18334,5774513,0.71843,10809,6523781,0.81165,8037679
4,2021-06-17,25068,11870111,18514,7123836,3664,4346407,2890,399868,7598,742658,0.092397,17287,5791800,0.720581,10677,6534458,0.812978,8037679
4,2021-06-18,26638,11896749,21013,7144849,4397,4350804,1228,401096,8239,734181,0.091342,18197,5809997,0.722845,9720,6544178,0.814188,8037679
4,2021-06-19,15700,11912449,12702,7157551,2296,4353100,702,401798,5044,729583,0.09077,10511,5820508,0.724153,5913,6550091,0.814923,8037679
4,2021-06-20,7367,11919816,6069,7163620,990,4354090,308,402106,2622,727911,0.090562,4684,5825192,0.724736,3012,6553103,0.815298,8037679
4,2021-06-21,14512,11934328,10494,7174114,2881,4356971,1137,403243,7325,729424,0.090751,7110,5832302,0.72562,8623,6561726,0.816371,8037679
4,2021-06-22,20377,11954705,15900,7190014,3413,4360384,1064,404307,7091,724564,0.090146,13169,5845471,0.727259,8309,6570035,0.817405,8037679
4,2021-06-23,18338,11973043,14393,7204407,2961,4363345,984,405291,6698,720860,0.089685,11510,5856981,0.728691,7806,6577841,0.818376,8037679
4,2021-06-24,17491,11990534,13546,7217953,2960,4366305,985,406276,6530,717708,0.089293,10807,5867788,0.730035,7655,6585496,0.819328,8037679
4,2021-06-25,21451,12011985,16865,7234818,3544,4369849,1042,407318,7760,713121,0.088722,13556,5881344,0.731722,8969,6594465,0.820444,8037679
4,2021-06-26,12975,12024960,10565,7245383,1796,4371645,614,407932,4788,710543,0.088402,8086,5889430,0.732728,5508,6599973,0.821129,8037679
4,2021-06-27,6816,12031776,5520,7250903,954,4372599,342,408274,2874,709908,0.088323,3906,5893336,0.733214,3271,6603244,0.821536,8037679
4,2021-06-28,14974,12046750,12582,7263485,1546,4374145,846,409120,6011,708007,0.088086,8882,5902218,0.734319,6981,6610225,0.822405,8037679
4,2021-06-29,16367,12063117,12707,7276192,2861,4377006,799,409919,6342,705350,0.087755,9920,5912138,0.735553,7263,6617488,0.823308,8037679
4,2021-06-30,14422,12077539,11254,7287446,2439,4379445,729,410648,5992,703852,0.087569,8331,5920469,0.736589,6833,6624321,0.824158,8037679
4,2021-07-01,14348,12091887,11336,7298782,2280,4381725,732,411380,5879,702242,0.087369,8360,5928829,0.737629,6750,6631071,0.824998,8037679
4,2021-07-02,16647,12108534,13220,7312002,2670,4384395,757,412137,6799,700172,0.087111,9756,5938585,0.738843,7686,6638757,0.825954,8037679
4,2021-07-03,9111,12117645,7239,7319241,1466,4385861,406,412543,3948,699494,0.087027,5091,5943676,0.739477,4413,6643170,0.826504,8037679
4,2021-07-04,420,12118065,257,7319498,104,4385965,59,412602,183,699513,0.087029,234,5943910,0.739506,253,6643423,0.826535,8037679
4,2021-07-05,9157,12127222,7458,7326956,1292,4387257,407,413009,4160,699211,0.086992,4923,5948833,0.740118,4621,6648044,0.82711,8037679
4,2021-07-06,16360,12143582,12901,7339857,2666,4389923,793,413802,6041,695953,0.086586,10202,5959035,0.741388,6944,6654988,0.827974,8037679
4,2021-07-07,13604,12157186,10625,7350482,2217,4392140,762,414564,5153,693621,0.086296,8367,5967402,0.742429,6035,6661023,0.828725,8037679
4,2021-07-08,12989,12170175,10211,7360693,2005,4394145,773,415337,5099,691807,0.08607,7780,5975182,0.743396,5966,6666989,0.829467,8037679
4,2021-07-09,15030,12185205,11574,7372267,2580,4396725,876,416213,6142,690180,0.085868,8762,5983944,0.744487,7135,6674124,0.830355,8037679
4,2021-07-10,8181,12193386,6424,7378691,1383,4398108,374,416587,3439,689384,0.085769,4673,5988617,0.745068,3877,6678001,0.830837,8037679
4,2021-07-11,4902,12198288,3945,7382636,763,4398871,194,416781,2207,689159,0.085741,2655,5991272,0.745398,2430,6680431,0.831139,8037679
4,2021-07-12,12808,12211096,10174,7392810,1946,4400817,688,417469,4981,687196,0.085497,7749,5999021,0.746362,5786,6686217,0.831859,8037679
4,2021-07-13,12276,12223372,9417,7402227,2269,4403086,590,418059,5227,686169,0.085369,6950,6005971,0.747227,5923,6692140,0.832596,8037679
4,2021-07-14,7574,12230946,5862,7408089,1306,4404392,406,418465,3221,685599,0.085298,4291,6010262,0.747761,3721,6695861,0.833059,8037679
