vemquartile,administered_date,total_doses,cumulative_total_doses,pfizer_doses,cumulative_pfizer_doses,moderna_doses,cumulative_moderna_doses,jj_doses,cumulative_jj_doses,partially_vaccinated,total_partially_vaccinated,pct_age12pop_partially_vaccinated,fully_vaccinated,cumulative_fully_vaccinated,pct_age12pop_fully_vaccinated,at_least_one_dose,cumulative_at_least_one_dose,pct_age12pop_at_least_one_dose,age12_population
1,2020-12-15,154,154,154,154,0,0,0,0,154,154,1.8e-05,0,0,0.0,154,154,1.8e-05,8700223
1,2020-12-16,1227,1381,1227,1381,0,0,0,0,1227,1381,0.000159,0,0,0.0,1227,1381,0.000159,8700223
1,2020-12-17,4180,5561,4180,5561,0,0,0,0,4181,5562,0.000639,0,0,0.0,4181,5562,0.000639,8700223
1,2020-12-18,6377,11938,6355,11916,22,22,0,0,6379,11940,0.001372,1,1,0.0,6379,11941,0.001372,8700223
1,2020-12-19,2875,14813,2872,14788,3,25,0,0,2874,14813,0.001703,1,2,0.0,2874,14815,0.001703,8700223
1,2020-12-20,2124,16937,2116,16904,8,33,0,0,2125,16938,0.001947,0,2,0.0,2125,16940,0.001947,8700223
1,2020-12-21,7644,24581,7623,24527,21,54,0,0,7693,24631,0.002831,1,3,0.0,7694,24634,0.002831,8700223
1,2020-12-22,7309,31890,6967,31494,342,396,0,0,7310,31939,0.003671,2,5,1e-06,7310,31944,0.003672,8700223
1,2020-12-23,7831,39721,6574,38068,1257,1653,0,0,7826,39764,0.00457,2,7,1e-06,7827,39771,0.004571,8700223
1,2020-12-24,3299,43020,2361,40429,938,2591,0,0,3301,43065,0.00495,0,7,1e-06,3301,43072,0.004951,8700223
1,2020-12-25,237,43257,153,40582,84,2675,0,0,237,43302,0.004977,0,7,1e-06,237,43309,0.004978,8700223
1,2020-12-26,1362,44619,970,41552,392,3067,0,0,1361,44662,0.005133,1,8,1e-06,1361,44670,0.005134,8700223
1,2020-12-27,871,45490,539,42091,332,3399,0,0,871,45532,0.005233,1,9,1e-06,871,45541,0.005234,8700223
1,2020-12-28,7095,52585,4754,46845,2341,5740,0,0,7093,52625,0.006049,0,9,1e-06,7093,52634,0.00605,8700223
1,2020-12-29,8908,61493,4981,51826,3927,9667,0,0,8904,61526,0.007072,3,12,1e-06,8904,61538,0.007073,8700223
1,2020-12-30,11572,73065,6443,58269,5129,14796,0,0,11572,73098,0.008402,0,12,1e-06,11572,73110,0.008403,8700223
1,2020-12-31,5984,79049,1956,60225,4028,18824,0,0,5982,79078,0.009089,3,15,2e-06,5983,79093,0.009091,8700223
1,2021-01-01,597,79646,218,60443,379,19203,0,0,595,79671,0.009157,2,17,2e-06,595,79688,0.009159,8700223
1,2021-01-02,2913,82559,1765,62208,1148,20351,0,0,2913,82584,0.009492,0,17,2e-06,2913,82601,0.009494,8700223
1,2021-01-03,1040,83599,551,62759,489,20840,0,0,1038,83619,0.009611,3,20,2e-06,1038,83639,0.009613,8700223
1,2021-01-04,7375,90974,3584,66343,3791,24631,0,0,7379,90997,0.010459,1,21,2e-06,7379,91018,0.010462,8700223
1,2021-01-05,10866,101840,5250,71593,5616,30247,0,0,10071,100313,0.01153,777,798,9.2e-05,10093,101111,0.011622,8700223
1,2021-01-06,14081,115921,7067,78660,7014,37261,0,0,12158,110597,0.012712,1887,2685,0.000309,12171,113282,0.013021,8700223
1,2021-01-07,17524,133445,9165,87825,8359,45620,0,0,13008,119190,0.0137,4425,7110,0.000817,13018,126300,0.014517,8700223
1,2021-01-08,20179,153624,10482,98307,9697,55317,0,0,14234,127504,0.014655,5929,13039,0.001499,14243,140543,0.016154,8700223
1,2021-01-09,6684,160308,3396,101703,3288,58605,0,0,4832,130490,0.014998,1849,14888,0.001711,4835,145378,0.01671,8700223
1,2021-01-10,3092,163400,1762,103465,1330,59935,0,0,1907,131217,0.015082,1181,16069,0.001847,1908,147286,0.016929,8700223
1,2021-01-11,18073,181473,11844,115309,6229,66164,0,0,11531,136259,0.015662,6532,22601,0.002598,11574,158860,0.018259,8700223
1,2021-01-12,19114,200587,10954,126263,8160,74324,0,0,13125,143463,0.01649,5962,28563,0.003283,13166,172026,0.019773,8700223
1,2021-01-13,19840,220427,10737,137000,9103,83427,0,0,14687,153035,0.01759,5133,33696,0.003873,14705,186731,0.021463,8700223
1,2021-01-14,22033,242460,9453,146453,12580,96007,0,0,19281,169676,0.019502,2698,36394,0.004183,19339,206070,0.023686,8700223
1,2021-01-15,25183,267643,9247,155700,15936,111943,0,0,23236,191065,0.021961,1908,38302,0.004402,23297,229367,0.026363,8700223
1,2021-01-16,13877,281520,4532,160232,9345,121288,0,0,13007,203208,0.023357,867,39169,0.004502,13010,242377,0.027859,8700223
1,2021-01-17,5221,286741,2036,162268,3185,124473,0,0,4853,207696,0.023872,368,39537,0.004544,4856,247233,0.028417,8700223
1,2021-01-18,14335,301076,8606,170874,5729,130202,0,0,11154,215737,0.024797,3168,42705,0.004908,11209,258442,0.029705,8700223
1,2021-01-19,24688,325764,12761,183635,11927,142129,0,0,19531,230183,0.026457,5139,47844,0.005499,19585,278027,0.031956,8700223
1,2021-01-20,29440,355204,14720,198355,14720,156849,0,0,23519,247897,0.028493,5844,53688,0.006171,23558,301585,0.034664,8700223
1,2021-01-21,31220,386424,14649,213004,16571,173420,0,0,27948,272734,0.031348,3206,56894,0.006539,28043,329628,0.037887,8700223
1,2021-01-22,28385,414809,11278,224282,17107,190527,0,0,26317,297082,0.034146,2002,58896,0.006769,26350,355978,0.040916,8700223
1,2021-01-23,18735,433544,8198,232480,10537,201064,0,0,16774,311934,0.035854,1932,60828,0.006992,16784,372762,0.042845,8700223
1,2021-01-24,6688,440232,4162,236642,2526,203590,0,0,6029,317315,0.036472,654,61482,0.007067,6035,378797,0.043539,8700223
1,2021-01-25,25443,465675,10490,247132,14953,218543,0,0,19655,331335,0.038084,5741,67223,0.007727,19761,398558,0.04581,8700223
1,2021-01-26,28829,494504,13485,260617,15344,233887,0,0,22135,346857,0.039868,6634,73857,0.008489,22156,420714,0.048357,8700223
1,2021-01-27,32672,527176,15552,276169,17120,251007,0,0,24549,363383,0.041767,8056,81913,0.009415,24582,445296,0.051182,8700223
1,2021-01-28,35002,562178,16408,292577,18594,269601,0,0,28039,384594,0.044205,6894,88807,0.010207,28105,473401,0.054413,8700223
1,2021-01-29,33683,595861,16450,309027,17233,286834,0,0,27102,405299,0.046585,6436,95243,0.010947,27141,500542,0.057532,8700223
1,2021-01-30,20205,616066,8737,317764,11468,298302,0,0,18070,421275,0.048421,2105,97348,0.011189,18081,518623,0.05961,8700223
1,2021-01-31,7648,623714,4972,322736,2676,300978,0,0,6938,427508,0.049138,707,98055,0.01127,6940,525563,0.060408,8700223
1,2021-02-01,29004,652718,12529,335265,16475,317453,0,0,21173,440905,0.050677,7781,105836,0.012165,21178,546741,0.062842,8700223
1,2021-02-02,32751,685469,11824,347089,20927,338380,0,0,24483,457240,0.052555,8185,114021,0.013106,24520,571261,0.065661,8700223
1,2021-02-03,39684,725153,15260,362349,24424,362804,0,0,28579,474916,0.054587,10940,124961,0.014363,28616,599877,0.06895,8700223
1,2021-02-04,44025,769178,17133,379482,26892,389696,0,0,31750,494562,0.056845,12152,137113,0.01576,31798,631675,0.072604,8700223
1,2021-02-05,46793,815971,17168,396650,29625,419321,0,0,30665,509303,0.058539,15977,153090,0.017596,30718,662393,0.076135,8700223
1,2021-02-06,26546,842517,10490,407140,16056,435377,0,0,20634,524088,0.060238,5865,158955,0.01827,20650,683043,0.078509,8700223
1,2021-02-07,6265,848782,4030,411170,2235,437612,0,0,4621,527102,0.060585,1625,160580,0.018457,4639,687682,0.079042,8700223
1,2021-02-08,31614,880396,14434,425604,17180,454792,0,0,21064,537807,0.061815,10455,171035,0.019659,21160,708842,0.081474,8700223
1,2021-02-09,38472,918868,16875,442479,21597,476389,0,0,23683,546868,0.062857,14700,185735,0.021348,23761,732603,0.084205,8700223
1,2021-02-10,47238,966106,22146,464625,25092,501481,0,0,26849,553531,0.063623,20265,206000,0.023678,26928,759531,0.0873,8700223
1,2021-02-11,51790,1017896,25428,490053,26362,527843,0,0,30921,564004,0.064826,20552,226552,0.02604,31025,790556,0.090866,8700223
1,2021-02-12,50009,1067905,21519,511572,28490,556333,0,0,28690,571671,0.065708,21162,247714,0.028472,28829,819385,0.09418,8700223
1,2021-02-13,26384,1094289,11535,523107,14849,571182,0,0,15261,575956,0.0662,11052,258766,0.029742,15337,834722,0.095943,8700223
1,2021-02-14,11787,1106076,5562,528669,6225,577407,0,0,6705,577675,0.066398,5051,263817,0.030323,6770,841492,0.096721,8700223
1,2021-02-15,23895,1129971,9384,538053,14511,591918,0,0,14542,583098,0.067021,9233,273050,0.031384,14656,856148,0.098405,8700223
1,2021-02-16,47152,1177123,22513,560566,24639,616557,0,0,27523,591187,0.067951,19546,292596,0.033631,27635,883783,0.101582,8700223
1,2021-02-17,48509,1225632,24573,585139,23936,640493,0,0,26121,595221,0.068414,22235,314831,0.036187,26269,910052,0.104601,8700223
1,2021-02-18,51148,1276780,25590,610729,25558,666051,0,0,26500,597545,0.068682,24407,339238,0.038992,26731,936783,0.107673,8700223
1,2021-02-19,46606,1323386,25284,636013,21322,687373,0,0,26096,603350,0.069349,20354,359592,0.041331,26159,962942,0.11068,8700223
1,2021-02-20,27635,1351021,16837,652850,10798,698171,0,0,15771,607395,0.069814,11803,371395,0.042688,15848,978790,0.112502,8700223
1,2021-02-21,12337,1363358,10621,663471,1716,699887,0,0,7425,610018,0.070115,4852,376247,0.043246,7475,986265,0.113361,8700223
1,2021-02-22,31563,1394921,20788,684259,10775,710662,0,0,18155,614960,0.070683,13314,389561,0.044776,18256,1004521,0.115459,8700223
1,2021-02-23,45688,1440609,22126,706385,23562,734224,0,0,25069,620063,0.07127,20328,409889,0.047112,25431,1029952,0.118382,8700223
1,2021-02-24,55753,1496362,26924,733309,28829,763053,0,0,30661,626291,0.071986,24885,434774,0.049973,31113,1061065,0.121958,8700223
1,2021-02-25,68372,1564734,33203,766512,35169,798222,0,0,42255,643097,0.073917,25949,460723,0.052955,42755,1103820,0.126873,8700223
1,2021-02-26,76334,1641068,35788,802300,40546,838768,0,0,49869,667216,0.07669,26225,486948,0.05597,50344,1154164,0.132659,8700223
1,2021-02-27,52581,1693649,24155,826455,28417,867185,9,9,34482,684019,0.078621,17954,504902,0.058033,34757,1188921,0.136654,8700223
1,2021-02-28,20128,1713777,11946,838401,8180,875365,2,11,14755,693629,0.079725,5287,510189,0.058641,14897,1203818,0.138366,8700223
1,2021-03-01,45604,1759381,21107,859508,24453,899818,44,55,29272,707027,0.081265,16156,526345,0.060498,29554,1233372,0.141763,8700223
1,2021-03-02,63584,1822965,27560,887068,36015,935833,9,64,40539,725326,0.083369,22866,549211,0.063126,41165,1274537,0.146495,8700223
1,2021-03-03,70416,1893381,33729,920797,36661,972494,26,90,43090,741870,0.08527,27165,576376,0.066248,43709,1318246,0.151519,8700223
1,2021-03-04,78648,1972029,37155,957952,41457,1013951,36,126,50745,765448,0.08798,27714,604090,0.069434,51292,1369538,0.157414,8700223
1,2021-03-05,77901,2049930,35302,993254,42392,1056343,207,333,52168,792961,0.091143,25487,629577,0.072363,53000,1422538,0.163506,8700223
1,2021-03-06,57482,2107412,27489,1020743,28642,1084985,1351,1684,39102,815474,0.09373,18300,647877,0.074467,40813,1463351,0.168197,8700223
1,2021-03-07,20931,2128343,13025,1033768,6717,1091702,1189,2873,15495,827001,0.095055,5410,653287,0.075089,16937,1480288,0.170144,8700223
1,2021-03-08,45966,2174309,22474,1056242,21535,1113237,1957,4830,32205,847843,0.097451,13656,666943,0.076658,34498,1514786,0.174109,8700223
1,2021-03-09,66652,2240961,32243,1088485,31906,1145143,2503,7333,40991,866167,0.099557,25507,692450,0.07959,43831,1558617,0.179147,8700223
1,2021-03-10,73626,2314587,36675,1125160,32466,1177609,4485,11818,45307,888114,0.102079,28211,720661,0.082832,50158,1608775,0.184912,8700223
1,2021-03-11,90093,2404680,41399,1166559,40687,1218296,8007,19825,52443,911598,0.104779,37417,758078,0.087133,60901,1669676,0.191912,8700223
1,2021-03-12,98831,2503511,43564,1210123,42859,1261155,12408,32233,57743,941324,0.108195,40877,798955,0.091832,70603,1740279,0.200027,8700223
1,2021-03-13,65283,2568794,29531,1239654,28079,1289234,7673,39906,41645,967456,0.111199,23505,822460,0.094533,49637,1789916,0.205732,8700223
1,2021-03-14,27884,2596678,14911,1254565,9403,1298637,3570,43476,15617,974637,0.112024,12195,834655,0.095935,19376,1809292,0.207959,8700223
1,2021-03-15,65230,2661908,28766,1283331,29715,1328352,6749,50225,38354,993441,0.114186,26655,861310,0.098999,45459,1854751,0.213184,8700223
1,2021-03-16,85776,2747684,39107,1322438,41027,1369379,5642,55867,53175,1020246,0.117267,32373,893683,0.10272,59178,1913929,0.219986,8700223
1,2021-03-17,92960,2840644,45333,1367771,41086,1410465,6541,62408,59743,1053903,0.121135,32986,926669,0.106511,66643,1980572,0.227646,8700223
1,2021-03-18,98732,2939376,50899,1418670,42114,1452579,5719,68127,59702,1081139,0.124266,38673,965342,0.110956,65909,2046481,0.235222,8700223
1,2021-03-19,103613,3042989,53658,1472328,43654,1496233,6301,74428,60565,1105770,0.127097,42754,1008096,0.11587,67385,2113866,0.242967,8700223
1,2021-03-20,72490,3115479,37282,1509610,29994,1526227,5214,79642,46505,1131974,0.130109,25796,1033892,0.118835,52000,2165866,0.248944,8700223
1,2021-03-21,27240,3142719,19022,1528632,6409,1532636,1809,81451,16958,1140648,0.131106,10187,1044079,0.120006,18861,2184727,0.251112,8700223
1,2021-03-22,59191,3201910,30580,1559212,25323,1557959,3288,84739,39895,1165136,0.13392,19069,1063148,0.122198,43557,2228284,0.256118,8700223
1,2021-03-23,83063,3284973,42285,1601497,37159,1595118,3619,88358,51124,1188644,0.136622,31692,1094840,0.12584,55200,2283484,0.262463,8700223
1,2021-03-24,87907,3372880,44506,1646003,39060,1634178,4341,92699,52533,1210602,0.139146,35084,1129924,0.129873,57042,2340526,0.269019,8700223
1,2021-03-25,96721,3469601,49467,1695470,41431,1675609,5823,98522,53676,1227597,0.141099,42712,1172636,0.134782,59707,2400233,0.275882,8700223
1,2021-03-26,104441,3574042,50947,1746417,47180,1722789,6314,104836,55898,1241927,0.142747,48175,1220811,0.14032,62505,2462738,0.283066,8700223
1,2021-03-27,73968,3648010,38229,1784646,31526,1754315,4213,109049,37956,1248513,0.143504,35783,1256594,0.144432,42369,2505107,0.287936,8700223
1,2021-03-28,32684,3680694,21400,1806046,10067,1764382,1217,110266,16366,1250338,0.143713,16207,1272801,0.146295,18032,2523139,0.290009,8700223
1,2021-03-29,67175,3747869,33371,1839417,30644,1795026,3160,113426,36963,1260667,0.144901,29998,1302799,0.149743,40327,2563466,0.294644,8700223
1,2021-03-30,92007,3839876,45330,1884747,40305,1835331,6372,119798,47220,1269764,0.145946,44577,1347376,0.154867,53674,2617140,0.300813,8700223
1,2021-03-31,100849,3940725,52663,1937410,41991,1877322,6195,125993,55287,1286067,0.14782,45240,1392616,0.160067,61543,2678683,0.307887,8700223
1,2021-04-01,111954,4052679,53587,1990997,49579,1926901,8788,134781,57018,1297418,0.149125,54501,1447117,0.166331,65852,2744535,0.315456,8700223
1,2021-04-02,111292,4163971,50928,2041925,50664,1977565,9700,144481,56449,1309354,0.150497,54414,1501531,0.172585,66350,2810885,0.323082,8700223
1,2021-04-03,78045,4242016,39302,2081227,29105,2006670,9638,154119,36502,1314196,0.151053,41357,1542888,0.177339,46199,2857084,0.328392,8700223
1,2021-04-04,23772,4265788,11829,2093056,8477,2015147,3466,157585,9947,1313840,0.151012,13759,1556647,0.17892,13403,2870487,0.329933,8700223
1,2021-04-05,76359,4342147,36664,2129720,30377,2045524,9318,166903,34223,1315610,0.151216,41929,1598576,0.18374,43699,2914186,0.334955,8700223
1,2021-04-06,103656,4445803,49249,2178969,37816,2083340,16591,183494,46760,1322393,0.151995,56597,1655173,0.190245,63380,2977566,0.34224,8700223
1,2021-04-07,111863,4557666,54387,2233356,39927,2123267,17549,201043,50375,1329158,0.152773,61182,1716355,0.197277,67947,3045513,0.35005,8700223
1,2021-04-08,122396,4680062,57986,2291342,43431,2166698,20979,222022,54076,1336373,0.153602,67900,1784255,0.205082,75115,3120628,0.358684,8700223
1,2021-04-09,123663,4803725,56479,2347821,46359,2213057,20825,242847,54254,1342439,0.154299,69057,1853312,0.213019,75123,3195751,0.367318,8700223
1,2021-04-10,95747,4899472,42539,2390360,30500,2243557,22708,265555,37398,1344374,0.154522,58135,1911447,0.219701,60070,3255821,0.374223,8700223
1,2021-04-11,36560,4936032,20357,2410717,9415,2252972,6788,272343,14818,1344402,0.154525,21679,1933126,0.222193,21707,3277528,0.376718,8700223
1,2021-04-12,74376,5010408,33254,2443971,31135,2284107,9987,282330,31502,1343457,0.154416,42581,1975707,0.227087,41636,3319164,0.381503,8700223
1,2021-04-13,97324,5107732,52122,2496093,44863,2328970,339,282669,52496,1352106,0.15541,44532,2020239,0.232205,53181,3372345,0.387616,8700223
1,2021-04-14,105014,5212746,54439,2550532,50502,2379472,73,282742,53458,1354829,0.155723,51180,2071419,0.238088,53903,3426248,0.393812,8700223
1,2021-04-15,106065,5318811,57657,2608189,48319,2427791,89,282831,56557,1362730,0.156632,48920,2120339,0.243711,56821,3483069,0.400342,8700223
1,2021-04-16,110809,5429620,56824,2665013,53897,2481688,88,282919,55441,1363609,0.156733,54834,2175173,0.250013,55713,3538782,0.406746,8700223
1,2021-04-17,83431,5513051,45305,2710318,38115,2519803,11,282930,46715,1374020,0.157929,36477,2211650,0.254206,46888,3585670,0.412135,8700223
1,2021-04-18,30267,5543318,20443,2730761,9817,2529620,7,282937,15277,1374604,0.157996,14902,2226552,0.255919,15486,3601156,0.413915,8700223
1,2021-04-19,67207,5610525,34054,2764815,33141,2562761,12,282949,30508,1368911,0.157342,36341,2262893,0.260096,30648,3631804,0.417438,8700223
1,2021-04-20,88636,5699161,44687,2809502,43927,2606688,22,282971,41774,1364401,0.156824,46510,2309403,0.265442,42000,3673804,0.422265,8700223
1,2021-04-21,97779,5796940,51024,2860526,46654,2653342,101,283072,43941,1355406,0.15579,53271,2362674,0.271565,44276,3718080,0.427355,8700223
1,2021-04-22,97510,5894450,50958,2911484,46535,2699877,17,283089,44862,1348371,0.154981,52132,2414806,0.277557,45097,3763177,0.432538,8700223
1,2021-04-23,102447,5996897,52945,2964429,49475,2749352,27,283116,49137,1344968,0.15459,52794,2467600,0.283625,49391,3812568,0.438215,8700223
1,2021-04-24,76341,6073238,47346,3011775,28968,2778320,27,283143,43245,1355540,0.155805,32954,2500554,0.287413,43526,3856094,0.443218,8700223
1,2021-04-25,27314,6100552,17414,3029189,9886,2788206,14,283157,15647,1359791,0.156294,11550,2512104,0.28874,15801,3871895,0.445034,8700223
1,2021-04-26,66328,6166880,34788,3063977,31139,2819345,401,283558,31769,1358049,0.156094,34250,2546354,0.292677,32508,3904403,0.44877,8700223
1,2021-04-27,81668,6248548,43442,3107419,36922,2856267,1304,284862,35736,1349794,0.155145,45636,2591990,0.297922,37381,3941784,0.453067,8700223
1,2021-04-28,81377,6329925,43292,3150711,36586,2892853,1499,286361,35959,1342417,0.154297,45066,2637056,0.303102,37689,3979473,0.457399,8700223
1,2021-04-29,84545,6414470,46503,3197214,36424,2929277,1618,287979,34862,1329743,0.15284,49318,2686374,0.308771,36644,4016117,0.461611,8700223
1,2021-04-30,92242,6506712,50039,3247253,40333,2969610,1870,289849,38948,1317780,0.151465,52950,2739324,0.314857,40987,4057104,0.466322,8700223
1,2021-05-01,62725,6569437,40495,3287748,20812,2990422,1418,291267,26488,1309919,0.150562,35983,2775307,0.318993,28122,4085226,0.469554,8700223
1,2021-05-02,23341,6592778,16512,3304260,6250,2996672,579,291846,9448,1306188,0.150133,13785,2789092,0.320577,10054,4095280,0.47071,8700223
1,2021-05-03,56014,6648792,31047,3335307,23132,3019804,1835,293681,20711,1293729,0.148701,35060,2824152,0.324607,22601,4117881,0.473308,8700223
1,2021-05-04,75294,6724086,43332,3378639,29875,3049679,2087,295768,27371,1275651,0.146623,47621,2871773,0.33008,29543,4147424,0.476703,8700223
1,2021-05-05,77637,6801723,45002,3423641,30350,3080029,2285,298053,26509,1253741,0.144104,50786,2922559,0.335918,28876,4176300,0.480022,8700223
1,2021-05-06,78939,6880662,47847,3471488,28929,3108958,2163,300216,24791,1227080,0.14104,53770,2976329,0.342098,27109,4203409,0.483138,8700223
1,2021-05-07,82703,6963365,47030,3518518,33485,3142443,2188,302404,27807,1202681,0.138236,54459,3030788,0.348358,30060,4233469,0.486593,8700223
1,2021-05-08,56768,7020133,35612,3554130,19525,3161968,1631,304035,19423,1186814,0.136412,37013,3067801,0.352612,21146,4254615,0.489024,8700223
1,2021-05-09,18206,7038339,13069,3567199,4658,3166626,479,304514,5562,1180323,0.135666,12566,3080367,0.354056,6075,4260690,0.489722,8700223
1,2021-05-10,43825,7082164,22095,3589294,19925,3186551,1805,306319,14827,1168316,0.134286,28731,3109098,0.357358,16724,4277414,0.491644,8700223
1,2021-05-11,61842,7144006,33495,3622789,26198,3212749,2149,308468,20482,1149970,0.132177,41095,3150193,0.362082,22749,4300163,0.494259,8700223
1,2021-05-12,62377,7206383,33165,3655954,27159,3239908,2053,310521,20474,1130981,0.129994,41584,3191777,0.366862,22595,4322758,0.496856,8700223
1,2021-05-13,66371,7272754,38902,3694856,25481,3265389,1988,312509,25260,1117776,0.128477,40730,3232507,0.371543,27525,4350283,0.50002,8700223
1,2021-05-14,75945,7348699,45798,3740654,27759,3293148,2388,314897,30704,1106305,0.127158,44842,3277349,0.376697,33371,4383654,0.503855,8700223
1,2021-05-15,66095,7414794,43329,3783983,21014,3314162,1752,316649,26293,1094915,0.125849,39501,3316850,0.381237,28111,4411765,0.507086,8700223
1,2021-05-16,24930,7439724,18365,3802348,5945,3320107,620,317269,10185,1091134,0.125414,14632,3331482,0.382919,10851,4422616,0.508334,8700223
1,2021-05-17,54000,7493724,33016,3835364,19218,3339325,1766,319035,22908,1085034,0.124713,30832,3362314,0.386463,24732,4447348,0.511176,8700223
1,2021-05-18,64820,7558544,39065,3874429,23927,3363252,1828,320863,28116,1078631,0.123977,36431,3398745,0.39065,30028,4477376,0.514628,8700223
1,2021-05-19,66196,7624740,40307,3914736,23966,3387218,1923,322786,29567,1073860,0.123429,36345,3435090,0.394828,31574,4508950,0.518257,8700223
1,2021-05-20,64407,7689147,37342,3952078,24859,3412077,2206,324992,26498,1065205,0.122434,37563,3472653,0.399145,28908,4537858,0.52158,8700223
1,2021-05-21,69817,7758964,41750,3993828,26225,3438302,1842,326834,28824,1055380,0.121305,40586,3513239,0.40381,30761,4568619,0.525115,8700223
1,2021-05-22,55845,7814809,36700,4030528,17426,3455728,1719,328553,24316,1050246,0.120715,31266,3544505,0.407404,26132,4594751,0.528119,8700223
1,2021-05-23,20479,7835288,14312,4044840,5581,3461309,586,329139,9497,1049474,0.120626,10878,3555383,0.408654,10106,4604857,0.52928,8700223
1,2021-05-24,43693,7878981,24358,4069198,17502,3478811,1833,330972,17693,1043329,0.11992,25752,3581135,0.411614,19607,4624464,0.531534,8700223
1,2021-05-25,50769,7929750,29220,4098418,19858,3498669,1691,332663,21075,1036783,0.119167,29413,3610548,0.414995,22867,4647331,0.534162,8700223
1,2021-05-26,48392,7978142,27434,4125852,19070,3517739,1888,334551,20501,1031628,0.118575,27592,3638140,0.418166,22437,4669768,0.536741,8700223
1,2021-05-27,46951,8025093,26347,4152199,18698,3536437,1906,336457,20161,1027307,0.118078,26505,3664645,0.421213,22184,4691952,0.539291,8700223
1,2021-05-28,52282,8077375,29142,4181341,21317,3557754,1823,338280,23388,1024076,0.117707,28568,3693213,0.424496,25337,4717289,0.542203,8700223
1,2021-05-29,30627,8108002,18551,4199892,11115,3568869,961,339241,14629,1023878,0.117684,15842,3709055,0.426317,15644,4732933,0.544001,8700223
1,2021-05-30,11670,8119672,7526,4207418,3589,3572458,555,339796,5531,1023921,0.117689,6067,3715122,0.427015,6110,4739043,0.544704,8700223
1,2021-05-31,5722,8125394,3254,4210672,2214,3574672,254,340050,1997,1022516,0.117528,3669,3718791,0.427436,2264,4741307,0.544964,8700223
1,2021-06-01,45787,8171181,25884,4236556,18336,3593008,1567,341617,17373,1013438,0.116484,28091,3746882,0.430665,19013,4760320,0.547149,8700223
1,2021-06-02,39933,8211114,23160,4259716,15265,3608273,1508,343125,16117,1007610,0.115814,23522,3770404,0.433369,17694,4778014,0.549183,8700223
1,2021-06-03,41292,8252406,25864,4285580,13743,3622016,1685,344810,15802,999985,0.114938,25186,3795590,0.436264,17561,4795575,0.551201,8700223
1,2021-06-04,50116,8302522,32050,4317630,16257,3638273,1809,346619,17963,988038,0.113565,31798,3827388,0.439918,19851,4815426,0.553483,8700223
1,2021-06-05,40287,8342809,27493,4345123,10796,3649069,1998,348617,14229,978476,0.112466,25842,3853230,0.442889,16280,4831706,0.555354,8700223
1,2021-06-06,13200,8356009,10559,4355682,2128,3651197,513,349130,4594,975120,0.11208,8522,3861752,0.443868,5166,4836872,0.555948,8700223
1,2021-06-07,33971,8389980,23416,4379098,9209,3660406,1346,350476,12111,966979,0.111144,21650,3883402,0.446357,13509,4850381,0.557501,8700223
1,2021-06-08,42222,8432202,29230,4408328,11342,3671748,1650,352126,14742,956255,0.109912,27207,3910609,0.449484,16483,4866864,0.559395,8700223
1,2021-06-09,42159,8474361,29250,4437578,11264,3683012,1645,353771,13767,943640,0.108462,28085,3938694,0.452712,15470,4882334,0.561173,8700223
1,2021-06-10,39077,8513438,26313,4463891,11064,3694076,1700,355471,13366,933350,0.107279,25460,3964154,0.455638,15170,4897504,0.562917,8700223
1,2021-06-11,43967,8557405,29182,4493073,13103,3707179,1682,357153,15691,922829,0.10607,27973,3992127,0.458853,17452,4914956,0.564923,8700223
1,2021-06-12,33706,8591111,24390,4517463,8117,3715296,1199,358352,11113,912835,0.104921,22376,4014503,0.461425,12382,4927338,0.566346,8700223
1,2021-06-13,11619,8602730,8439,4525902,2700,3717996,480,358832,3382,908562,0.10443,8168,4022671,0.462364,3895,4931233,0.566794,8700223
1,2021-06-14,30913,8633643,20819,4546721,8792,3726788,1302,360134,11591,902359,0.103717,19127,4041798,0.464563,12924,4944157,0.568279,8700223
1,2021-06-15,37207,8670850,24402,4571123,10953,3737741,1852,361986,13794,894954,0.102866,23145,4064943,0.467223,15740,4959897,0.570088,8700223
1,2021-06-16,35394,8706244,23893,4595016,9669,3747410,1832,363818,13265,888243,0.102094,21867,4086810,0.469736,15156,4975053,0.571831,8700223
1,2021-06-17,33541,8739785,22181,4617197,9416,3756826,1944,365762,13102,883185,0.101513,20202,4107012,0.472058,15144,4990197,0.573571,8700223
1,2021-06-18,39570,8779355,25696,4642893,11018,3767844,2856,368618,15411,877634,0.100875,23879,4130891,0.474803,18328,5008525,0.575678,8700223
1,2021-06-19,23919,8803274,16596,4659489,6123,3773967,1200,369818,9793,874699,0.100538,13958,4144849,0.476407,11023,5019548,0.576945,8700223
1,2021-06-20,8151,8811425,5969,4665458,1906,3775873,276,370094,3241,873381,0.100386,4846,4149695,0.476964,3528,5023076,0.57735,8700223
1,2021-06-21,20940,8832365,11854,4677312,6906,3782779,2180,372274,10924,876635,0.10076,9901,4159596,0.478102,13155,5036231,0.578862,8700223
1,2021-06-22,30762,8863127,20084,4697396,8539,3791318,2139,374413,12916,874121,0.100471,17634,4177230,0.480129,15120,5051351,0.5806,8700223
1,2021-06-23,29335,8892462,19691,4717087,7827,3799145,1817,376230,12818,872473,0.100282,16304,4193534,0.482003,14656,5066007,0.582285,8700223
1,2021-06-24,28337,8920799,18893,4735980,7784,3806929,1660,377890,12052,870174,0.100017,16078,4209612,0.483851,13779,5079786,0.583868,8700223
1,2021-06-25,31647,8952446,21462,4757442,8792,3815721,1393,379283,13940,868097,0.099779,17465,4227077,0.485858,15388,5095174,0.585637,8700223
1,2021-06-26,22194,8974640,16468,4773910,4902,3820623,824,380107,9689,866273,0.099569,12386,4239463,0.487282,10562,5105736,0.586851,8700223
1,2021-06-27,9141,8983781,6798,4780708,1911,3822534,432,380539,4055,865755,0.09951,5021,4244484,0.487859,4503,5110239,0.587369,8700223
1,2021-06-28,21069,9004850,15645,4796353,4174,3826708,1250,381789,9755,865686,0.099502,11126,4255610,0.489138,11057,5121296,0.58864,8700223
1,2021-06-29,26517,9031367,18150,4814503,7000,3833708,1367,383156,11680,864130,0.099323,14663,4270273,0.490823,13107,5134403,0.590146,8700223
1,2021-06-30,25735,9057102,17828,4832331,6860,3840568,1047,384203,12202,864134,0.099323,13320,4283593,0.492354,13324,5147727,0.591678,8700223
1,2021-07-01,23542,9080644,16401,4848732,5881,3846449,1260,385463,10908,863894,0.099296,12489,4296082,0.49379,12249,5159976,0.593085,8700223
1,2021-07-02,26284,9106928,18054,4866786,7201,3853650,1029,386492,12298,863509,0.099251,13796,4309878,0.495376,13411,5173387,0.594627,8700223
1,2021-07-03,14554,9121482,10173,4876959,3942,3857592,439,386931,6908,863374,0.099236,7516,4317394,0.496239,7381,5180768,0.595475,8700223
1,2021-07-04,1263,9122745,709,4877668,489,3858081,65,386996,608,863407,0.09924,647,4318041,0.496314,680,5181448,0.595553,8700223
1,2021-07-05,10998,9133743,7580,4885248,3055,3861136,363,387359,5221,863327,0.09923,5709,4323750,0.49697,5629,5187077,0.5962,8700223
1,2021-07-06,27012,9160755,19083,4904331,6799,3867935,1130,388489,10765,859261,0.098763,16063,4339813,0.498816,11997,5199074,0.597579,8700223
1,2021-07-07,23503,9184258,16477,4920808,5913,3873848,1113,389602,10113,857368,0.098546,13206,4353019,0.500334,11313,5210387,0.59888,8700223
1,2021-07-08,22592,9206850,15589,4936397,5929,3879777,1074,390676,9756,855587,0.098341,12702,4365721,0.501794,10921,5221308,0.600135,8700223
1,2021-07-09,26682,9233532,18883,4955280,6650,3886427,1149,391825,12041,854372,0.098201,14468,4380189,0.503457,13253,5234561,0.601658,8700223
1,2021-07-10,17626,9251158,12733,4968013,4136,3890563,757,392582,7843,853362,0.098085,9659,4389848,0.504567,8649,5243210,0.602652,8700223
1,2021-07-11,6736,9257894,4920,4972933,1615,3892178,201,392783,3251,853397,0.098089,3435,4393283,0.504962,3470,5246680,0.603051,8700223
1,2021-07-12,19979,9277873,14338,4987271,4769,3896947,872,393655,8843,852204,0.097952,11004,4404287,0.506227,9811,5256491,0.604179,8700223
1,2021-07-13,21992,9299865,15374,5002645,5834,3902781,784,394439,10288,851798,0.097905,11566,4415853,0.507556,11160,5267651,0.605462,8700223
1,2021-07-14,21956,9321821,15064,5017709,5931,3908712,961,395400,9869,850815,0.097792,11928,4427781,0.508927,10945,5278596,0.60672,8700223
1,2021-07-15,21365,9343186,15210,5032919,5435,3914147,720,396120,10269,850951,0.097808,10957,4438738,0.510187,11093,5289689,0.607995,8700223
1,2021-07-16,26249,9369435,18358,5051277,6919,3921066,972,397092,12925,851773,0.097902,13163,4451901,0.5117,13985,5303674,0.609602,8700223
1,2021-07-17,17969,9387404,12906,5064183,4368,3925434,695,397787,8797,852245,0.097957,9054,4460955,0.51274,9526,5313200,0.610697,8700223
1,2021-07-18,7096,9394500,5287,5069470,1550,3926984,259,398046,3651,852787,0.098019,3387,4464342,0.51313,3929,5317129,0.611149,8700223
1,2021-07-19,20535,9415035,14880,5084350,4851,3931835,804,398850,10305,853892,0.098146,10103,4474445,0.514291,11208,5328337,0.612437,8700223
1,2021-07-20,24132,9439167,16714,5101064,6587,3938422,831,399681,12401,855666,0.09835,11549,4485994,0.515618,13323,5341660,0.613968,8700223
1,2021-07-21,24140,9463307,16992,5118056,5990,3944412,1158,400839,12359,857648,0.098578,11639,4497633,0.516956,13621,5355281,0.615534,8700223
1,2021-07-22,23046,9486353,16358,5134414,5913,3950325,775,401614,12582,860793,0.098939,10293,4507926,0.518139,13438,5368719,0.617078,8700223
1,2021-07-23,16768,9503121,12017,5146431,3941,3954266,810,402424,9133,863269,0.099224,7522,4515448,0.519004,9998,5378717,0.618227,8700223
2,2020-12-15,247,247,247,247,0,0,0,0,247,247,2.9e-05,0,0,0.0,247,247,2.9e-05,8407551
2,2020-12-16,2121,2368,2121,2368,0,0,0,0,2120,2367,0.000282,0,0,0.0,2120,2367,0.000282,8407551
2,2020-12-17,6932,9300,6932,9300,0,0,0,0,6933,9300,0.001106,0,0,0.0,6933,9300,0.001106,8407551
2,2020-12-18,11098,20398,11078,20378,20,20,0,0,11098,20398,0.002426,0,0,0.0,11098,20398,0.002426,8407551
2,2020-12-19,5632,26030,5626,26004,6,26,0,0,5633,26031,0.003096,0,0,0.0,5633,26031,0.003096,8407551
2,2020-12-20,4261,30291,4250,30254,11,37,0,0,4256,30286,0.003602,1,1,0.0,4256,30287,0.003602,8407551
2,2020-12-21,12803,43094,12775,43029,28,65,0,0,12758,43044,0.00512,0,1,0.0,12758,43045,0.00512,8407551
2,2020-12-22,12159,55253,11641,54670,518,583,0,0,12157,55201,0.006566,0,1,0.0,12157,55202,0.006566,8407551
2,2020-12-23,11729,66982,9506,64176,2223,2806,0,0,11731,66932,0.007961,1,2,0.0,11732,66934,0.007961,8407551
2,2020-12-24,5908,72890,3494,67670,2414,5220,0,0,5904,72835,0.008663,3,5,1e-06,5906,72840,0.008664,8407551
2,2020-12-25,486,73376,407,68077,79,5299,0,0,488,73323,0.008721,0,5,1e-06,488,73328,0.008722,8407551
2,2020-12-26,2558,75934,1662,69739,896,6195,0,0,2559,75881,0.009025,1,6,1e-06,2559,75887,0.009026,8407551
2,2020-12-27,2231,78165,1212,70951,1019,7214,0,0,2228,78107,0.00929,2,8,1e-06,2228,78115,0.009291,8407551
2,2020-12-28,11026,89191,7168,78119,3858,11072,0,0,11026,89132,0.010601,1,9,1e-06,11026,89141,0.010602,8407551
2,2020-12-29,12730,101921,7157,85276,5573,16645,0,0,12734,101866,0.012116,0,9,1e-06,12734,101875,0.012117,8407551
2,2020-12-30,15456,117377,8672,93948,6784,23429,0,0,15450,117313,0.013953,5,14,2e-06,15452,117327,0.013955,8407551
2,2020-12-31,7583,124960,2831,96779,4752,28181,0,0,7576,124884,0.014854,5,19,2e-06,7576,124903,0.014856,8407551
2,2021-01-01,1235,126195,613,97392,622,28803,0,0,1234,126114,0.015,4,23,3e-06,1234,126137,0.015003,8407551
2,2021-01-02,4856,131051,2769,100161,2087,30890,0,0,4853,130965,0.015577,2,25,3e-06,4853,130990,0.01558,8407551
2,2021-01-03,1412,132463,795,100956,617,31507,0,0,1404,132365,0.015744,4,29,3e-06,1404,132394,0.015747,8407551
2,2021-01-04,11694,144157,5563,106519,6131,37638,0,0,11684,144046,0.017133,3,32,4e-06,11684,144078,0.017137,8407551
2,2021-01-05,13893,158050,6950,113469,6943,44581,0,0,12671,155539,0.0185,1213,1245,0.000148,12706,156784,0.018648,8407551
2,2021-01-06,19038,177088,10499,123968,8539,53120,0,0,15207,166985,0.019861,3772,5017,0.000597,15218,172002,0.020458,8407551
2,2021-01-07,23304,200392,13150,137118,10154,63274,0,0,15603,174900,0.020803,7704,12721,0.001513,15619,187621,0.022316,8407551
2,2021-01-08,26924,227316,16256,153374,10668,73942,0,0,16594,181245,0.021557,10273,22994,0.002735,16618,204239,0.024292,8407551
2,2021-01-09,9870,237186,5777,159151,4093,78035,0,0,6282,183955,0.02188,3579,26573,0.003161,6289,210528,0.02504,8407551
2,2021-01-10,5314,242500,2972,162123,2342,80377,0,0,3044,184735,0.021973,2270,28843,0.003431,3050,213578,0.025403,8407551
2,2021-01-11,26062,268562,18029,180152,8033,88410,0,0,14945,188616,0.022434,11114,39957,0.004753,14995,228573,0.027187,8407551
2,2021-01-12,26378,294940,16383,196535,9995,98405,0,0,16768,195857,0.023295,9612,49569,0.005896,16853,245426,0.029191,8407551
2,2021-01-13,28586,323526,15161,211696,13425,111830,0,0,20573,208464,0.024795,7995,57564,0.006847,20602,266028,0.031642,8407551
2,2021-01-14,30593,354119,11657,223353,18936,130766,0,0,26293,230527,0.027419,4305,61869,0.007359,26368,292396,0.034778,8407551
2,2021-01-15,35096,389215,12689,236042,22407,153173,0,0,31802,259133,0.030821,3287,65156,0.00775,31893,324289,0.038571,8407551
2,2021-01-16,18113,407328,5990,242032,12123,165296,0,0,16777,274571,0.032658,1351,66507,0.00791,16789,341078,0.040568,8407551
2,2021-01-17,10543,417871,3551,245583,6992,172288,0,0,9810,283643,0.033737,747,67254,0.007999,9819,350897,0.041736,8407551
2,2021-01-18,19758,437629,11039,256622,8719,181007,0,0,14943,293814,0.034946,4833,72087,0.008574,15004,365901,0.043521,8407551
2,2021-01-19,32613,470242,16942,273564,15671,196678,0,0,24575,310468,0.036927,8035,80122,0.00953,24689,390590,0.046457,8407551
2,2021-01-20,37628,507870,18979,292543,18649,215327,0,0,29004,330971,0.039366,8592,88714,0.010552,29095,419685,0.049918,8407551
2,2021-01-21,41014,548884,17426,309969,23588,238915,0,0,36500,363166,0.043195,4481,93195,0.011085,36676,456361,0.05428,8407551
2,2021-01-22,39632,588516,16564,326533,23068,261983,0,0,36276,396094,0.047112,3375,96570,0.011486,36303,492664,0.058598,8407551
2,2021-01-23,24139,612655,10789,337322,13350,275333,0,0,21160,414326,0.04928,2958,99528,0.011838,21190,513854,0.061118,8407551
2,2021-01-24,12439,625094,6099,343421,6340,281673,0,0,11520,424956,0.050545,903,100431,0.011945,11533,525387,0.06249,8407551
2,2021-01-25,33910,659004,15614,359035,18296,299969,0,0,25067,441370,0.052497,8792,109223,0.012991,25206,550593,0.065488,8407551
2,2021-01-26,40398,699402,19787,378822,20611,320580,0,0,31160,463402,0.055117,9213,118436,0.014087,31245,581838,0.069204,8407551
2,2021-01-27,45655,745057,22660,401482,22995,343575,0,0,35311,488559,0.05811,10216,128652,0.015302,35373,617211,0.073412,8407551
2,2021-01-28,47925,792982,22401,423883,25524,369099,0,0,39165,519105,0.061743,8693,137345,0.016336,39239,656450,0.078079,8407551
2,2021-01-29,45596,838578,22009,445892,23587,392686,0,0,36830,547359,0.065103,8641,145986,0.017364,36895,693345,0.082467,8407551
2,2021-01-30,31289,869867,13345,459237,17944,410630,0,0,27883,571905,0.068023,3368,149354,0.017764,27914,721259,0.085787,8407551
2,2021-01-31,17129,886996,10178,469415,6951,417581,0,0,15918,586654,0.069777,1191,150545,0.017906,15940,737199,0.087683,8407551
2,2021-02-01,41093,928089,19706,489121,21387,438968,0,0,29942,605541,0.072023,11094,161639,0.019225,29981,767180,0.091249,8407551
2,2021-02-02,47898,975987,19463,508584,28435,467403,0,0,36352,630525,0.074995,11463,173102,0.020589,36447,803627,0.095584,8407551
2,2021-02-03,54035,1030022,23811,532395,30224,497627,0,0,39775,656238,0.078053,14157,187259,0.022273,39870,843497,0.100326,8407551
2,2021-02-04,56187,1086209,24130,556525,32057,529684,0,0,40937,682133,0.081133,15141,202400,0.024074,41036,884533,0.105207,8407551
2,2021-02-05,60080,1146289,26214,582739,33866,563550,0,0,40527,703499,0.083675,19346,221746,0.026375,40712,925245,0.110049,8407551
2,2021-02-06,39330,1185619,18347,601086,20983,584533,0,0,31345,727028,0.086473,7910,229656,0.027315,31439,956684,0.113789,8407551
2,2021-02-07,15717,1201336,10437,611523,5280,589813,0,0,11940,735289,0.087456,3748,233404,0.027761,12009,968693,0.115217,8407551
2,2021-02-08,42991,1244327,21807,633330,21184,610997,0,0,29401,751455,0.089379,13444,246848,0.02936,29610,998303,0.118739,8407551
2,2021-02-09,49519,1293846,23350,656680,26169,637166,0,0,30587,763748,0.090841,18638,265486,0.031577,30931,1029234,0.122418,8407551
2,2021-02-10,59568,1353414,27864,684544,31704,668870,0,0,34349,773518,0.092003,24933,290419,0.034543,34703,1063937,0.126545,8407551
2,2021-02-11,64259,1417673,29514,714058,34745,703615,0,0,35779,781677,0.092973,28119,318538,0.037887,36278,1100215,0.13086,8407551
2,2021-02-12,65575,1483248,28174,742232,37401,741016,0,0,34808,786686,0.093569,30456,348994,0.04151,35465,1135680,0.135079,8407551
2,2021-02-13,38120,1521368,15908,758140,22212,763228,0,0,22002,793048,0.094326,16018,365012,0.043415,22380,1158060,0.13774,8407551
2,2021-02-14,20124,1541492,9344,767484,10780,774008,0,0,11184,795706,0.094642,8890,373902,0.044472,11548,1169608,0.139114,8407551
2,2021-02-15,33236,1574728,14965,782449,18271,792279,0,0,18423,800311,0.09519,14675,388577,0.046218,19280,1188888,0.141407,8407551
2,2021-02-16,56494,1631222,27701,810150,28793,821072,0,0,29758,804119,0.095642,26618,415195,0.049384,30426,1219314,0.145026,8407551
2,2021-02-17,61820,1693042,31809,841959,30011,851083,0,0,30702,804627,0.095703,31019,446214,0.053073,31527,1250841,0.148776,8407551
2,2021-02-18,66453,1759495,33491,875450,32962,884045,0,0,32351,804289,0.095663,33840,480054,0.057098,33502,1284343,0.152761,8407551
2,2021-02-19,59805,1819300,33119,908569,26686,910731,0,0,29677,804640,0.095704,29931,509985,0.060658,30282,1314625,0.156362,8407551
2,2021-02-20,37802,1857102,24535,933104,13267,923998,0,0,20541,808703,0.096188,17156,527141,0.062699,21219,1335844,0.158886,8407551
2,2021-02-21,21703,1878805,17560,950664,4143,928141,0,0,10768,809426,0.096274,10846,537987,0.063989,11569,1347413,0.160262,8407551
2,2021-02-22,39402,1918207,26922,977586,12480,940621,0,0,18649,808151,0.096122,20599,558586,0.066439,19324,1366737,0.162561,8407551
2,2021-02-23,53748,1971955,27407,1004993,26341,966962,0,0,23560,803678,0.09559,29926,588512,0.069998,25453,1392190,0.165588,8407551
2,2021-02-24,71082,2043037,36610,1041603,34472,1001434,0,0,32586,800354,0.095195,38282,626794,0.074551,34958,1427148,0.169746,8407551
2,2021-02-25,77105,2120142,36435,1078038,40670,1042104,0,0,39144,804629,0.095703,37685,664479,0.079034,41960,1469108,0.174737,8407551
2,2021-02-26,85657,2205799,36700,1114738,48957,1091061,0,0,46016,813514,0.09676,39327,703806,0.083711,48212,1517320,0.180471,8407551
2,2021-02-27,62677,2268476,29171,1143909,33499,1124560,7,7,33946,820313,0.097569,28490,732296,0.0871,35289,1552609,0.184668,8407551
2,2021-02-28,30880,2299356,18513,1162422,12366,1136926,1,8,17951,826300,0.098281,12800,745096,0.088622,18787,1571396,0.186903,8407551
2,2021-03-01,58106,2357462,30302,1192724,27758,1164684,46,54,31734,833219,0.099104,26056,771152,0.091721,32975,1604371,0.190825,8407551
2,2021-03-02,69341,2426803,33250,1225974,36080,1200764,11,65,38860,844124,0.100401,30301,801453,0.095325,41206,1645577,0.195726,8407551
2,2021-03-03,80041,2506844,38725,1264699,41301,1242065,15,80,45387,857667,0.102012,34440,835893,0.099422,47983,1693560,0.201433,8407551
2,2021-03-04,88112,2594956,43259,1307958,44822,1286887,31,111,50909,874031,0.103958,36955,872848,0.103817,53319,1746879,0.207775,8407551
2,2021-03-05,82192,2677148,38657,1346615,43227,1330114,308,419,50229,895222,0.106478,31732,904580,0.107591,52923,1799802,0.21407,8407551
2,2021-03-06,62977,2740125,30802,1377417,30475,1360589,1700,2119,38738,912991,0.108592,24104,928684,0.110458,41873,1841675,0.21905,8407551
2,2021-03-07,28609,2768734,16249,1393666,10816,1371405,1544,3663,18141,923391,0.109829,10396,939080,0.111695,20796,1862471,0.221524,8407551
2,2021-03-08,50790,2819524,23300,1416966,24927,1396332,2563,6226,31922,940756,0.111894,18761,957841,0.113926,36126,1898597,0.22582,8407551
2,2021-03-09,70643,2890167,32170,1449136,34629,1430961,3844,10070,39098,953634,0.113426,31402,989243,0.117661,44280,1942877,0.231087,8407551
2,2021-03-10,78489,2968656,37128,1486264,34823,1465784,6538,16608,41670,966568,0.114964,36593,1025836,0.122014,49527,1992404,0.236978,8407551
2,2021-03-11,93307,3061963,43047,1529311,41888,1507672,8372,24980,48672,980697,0.116645,44313,1070149,0.127284,58442,2050846,0.243929,8407551
2,2021-03-12,94162,3156125,38719,1568030,43475,1551147,11968,36948,46847,993870,0.118212,47054,1117203,0.132881,60227,2111073,0.251093,8407551
2,2021-03-13,69280,3225405,28997,1597027,32297,1583444,7986,44934,38058,1010126,0.120145,31081,1148284,0.136578,47337,2158410,0.256723,8407551
2,2021-03-14,37046,3262451,18314,1615341,14207,1597651,4525,49459,18583,1015624,0.120799,18357,1166641,0.138761,23855,2182265,0.25956,8407551
2,2021-03-15,67488,3329939,30446,1645787,32027,1629678,5015,54474,37178,1028825,0.122369,30085,1196726,0.142339,43286,2225551,0.264709,8407551
2,2021-03-16,86401,3416340,38241,1684028,44133,1673811,4027,58501,52225,1052239,0.125154,33968,1230694,0.14638,57382,2282933,0.271534,8407551
2,2021-03-17,92951,3509291,44531,1728559,44233,1718044,4187,62688,58886,1082360,0.128737,33784,1264478,0.150398,63905,2346838,0.279135,8407551
2,2021-03-18,98256,3607547,46859,1775418,46801,1764845,4596,67284,59649,1108890,0.131892,38281,1302759,0.154951,64811,2411649,0.286843,8407551
2,2021-03-19,97598,3705145,46182,1821600,45288,1810133,6128,73412,57705,1133667,0.134839,39578,1342337,0.159659,64355,2476004,0.294498,8407551
2,2021-03-20,70024,3775169,33941,1855541,32115,1842248,3968,77380,45696,1159606,0.137924,24089,1366426,0.162524,50028,2526032,0.300448,8407551
2,2021-03-21,33448,3808617,21605,1877146,9846,1852094,1997,79377,19963,1168660,0.139001,13337,1379763,0.16411,22391,2548423,0.303111,8407551
2,2021-03-22,62930,3871547,34632,1911778,25664,1877758,2634,82011,41707,1192917,0.141886,20982,1400745,0.166606,45239,2593662,0.308492,8407551
2,2021-03-23,83753,3955300,44498,1956276,36339,1914097,2916,84927,52194,1217594,0.144821,31271,1432016,0.170325,55948,2649610,0.315146,8407551
2,2021-03-24,91648,4046948,49237,2005513,39241,1953338,3170,88097,53638,1237550,0.147195,37667,1469683,0.174805,57623,2707233,0.322,8407551
2,2021-03-25,101264,4148212,51097,2056610,46267,1999605,3900,91997,57171,1255658,0.149349,43719,1513402,0.180005,61827,2769060,0.329354,8407551
2,2021-03-26,103374,4251586,51272,2107882,48607,2048212,3495,95492,56327,1269882,0.151041,46645,1560047,0.185553,60869,2829929,0.336594,8407551
2,2021-03-27,75614,4327200,37731,2145613,34586,2082798,3297,98789,37776,1274236,0.151559,37577,1597624,0.190023,41931,2871860,0.341581,8407551
2,2021-03-28,37697,4364897,23284,2168897,13602,2096400,811,99600,20075,1278482,0.152064,17490,1615114,0.192103,21736,2893596,0.344166,8407551
2,2021-03-29,71328,4436225,36248,2205145,32804,2129204,2276,101876,40478,1291501,0.153612,30633,1645747,0.195746,43652,2937248,0.349358,8407551
2,2021-03-30,91915,4528140,45019,2250164,42520,2171724,4376,106252,51585,1307951,0.155569,40115,1685862,0.200518,56565,2993813,0.356086,8407551
2,2021-03-31,101189,4629329,52131,2302295,43951,2215675,5107,111359,57396,1327323,0.157873,43476,1729338,0.205689,62848,3056661,0.363561,8407551
2,2021-04-01,117599,4746928,56818,2359113,51537,2267212,9244,120603,64033,1347855,0.160315,53152,1782490,0.212011,73684,3130345,0.372325,8407551
2,2021-04-02,111665,4858593,51435,2410548,50033,2317245,10197,130800,59915,1367078,0.162601,51355,1833845,0.218119,70578,3200923,0.38072,8407551
2,2021-04-03,76845,4935438,37741,2448289,29278,2346523,9826,140626,38055,1376765,0.163753,38577,1872422,0.222707,48264,3249187,0.386461,8407551
2,2021-04-04,29012,4964450,14926,2463215,10227,2356750,3859,144485,13016,1377781,0.163874,15887,1888309,0.224597,16903,3266090,0.388471,8407551
2,2021-04-05,79161,5043611,38793,2502008,31527,2388277,8841,153326,38176,1384744,0.164702,40798,1929107,0.229449,47761,3313851,0.394152,8407551
2,2021-04-06,103924,5147535,50599,2552607,38608,2426885,14717,168043,49181,1394582,0.165873,54454,1983561,0.235926,64292,3378143,0.401799,8407551
2,2021-04-07,110516,5258051,55125,2607732,39135,2466020,16256,184299,51969,1404830,0.167091,58245,2041806,0.242854,68493,3446636,0.409945,8407551
2,2021-04-08,119359,5377410,57449,2665181,43180,2509200,18730,203029,55346,1415836,0.168401,63638,2105444,0.250423,74644,3521280,0.418824,8407551
2,2021-04-09,118894,5496304,57244,2722425,43526,2552726,18124,221153,56214,1428712,0.169932,62300,2167744,0.257833,75176,3596456,0.427765,8407551
2,2021-04-10,87617,5583921,37790,2760215,31404,2584130,18423,239576,36073,1432608,0.170395,51277,2219021,0.263932,55173,3651629,0.434327,8407551
2,2021-04-11,44493,5628414,23083,2783298,12939,2597069,8471,248047,18218,1433887,0.170548,26133,2245154,0.26704,27412,3679041,0.437588,8407551
2,2021-04-12,80026,5708440,37275,2820573,33342,2630411,9409,257456,35616,1435769,0.170771,44133,2289287,0.272289,46015,3725056,0.443061,8407551
2,2021-04-13,101888,5810328,52859,2873432,48768,2679179,261,257717,55813,1446936,0.1721,45801,2335088,0.277737,56968,3782024,0.449837,8407551
2,2021-04-14,106871,5917199,55974,2929406,50844,2730023,53,257770,54646,1451156,0.172602,51914,2387002,0.283912,56134,3838158,0.456513,8407551
2,2021-04-15,113379,6030578,60228,2989634,53065,2783088,86,257856,59269,1457869,0.1734,53711,2440713,0.2903,60424,3898582,0.4637,8407551
2,2021-04-16,110912,6141490,57484,3047118,53374,2836462,54,257910,56343,1460900,0.17376,54217,2494930,0.296749,57248,3955830,0.470509,8407551
2,2021-04-17,83628,6225118,42543,3089661,41070,2877532,15,257925,46824,1472051,0.175087,36553,2531483,0.301096,47704,4003534,0.476183,8407551
2,2021-04-18,35677,6260795,21652,3111313,14018,2891550,7,257932,17028,1471551,0.175027,18517,2550000,0.303299,18017,4021551,0.478326,8407551
2,2021-04-19,74990,6335785,40373,3151686,34600,2926150,17,257949,34233,1465939,0.17436,40484,2590484,0.308114,34872,4056423,0.482474,8407551
2,2021-04-20,97832,6433617,49602,3201288,48204,2974354,26,257975,47590,1464406,0.174177,49892,2640376,0.314048,48359,4104782,0.488226,8407551
2,2021-04-21,103791,6537408,56184,3257472,47549,3021903,58,258033,49132,1460371,0.173698,54197,2694573,0.320494,50162,4154944,0.494192,8407551
2,2021-04-22,108304,6645712,56018,3313490,52262,3074165,24,258057,47504,1448418,0.172276,60375,2754948,0.327675,48422,4203366,0.499951,8407551
2,2021-04-23,107927,6753639,57411,3370901,50498,3124663,18,258075,50035,1441923,0.171503,57468,2812416,0.334511,50973,4254339,0.506014,8407551
2,2021-04-24,80946,6834585,47658,3418559,33248,3157911,40,258115,42240,1446774,0.17208,38359,2850775,0.339073,43210,4297549,0.511153,8407551
2,2021-04-25,36557,6871142,22513,3441072,14029,3171940,15,258130,19921,1450688,0.172546,16487,2867262,0.341034,20401,4317950,0.51358,8407551
2,2021-04-26,74274,6945416,41136,3482208,32830,3204770,308,258438,34272,1446990,0.172106,39725,2906987,0.345759,36027,4353977,0.517865,8407551
2,2021-04-27,88353,7033769,46614,3528822,40374,3245144,1365,259803,38008,1437647,0.170995,49956,2956943,0.351701,40613,4394590,0.522696,8407551
2,2021-04-28,88194,7121963,47128,3575950,39197,3284341,1869,261672,38999,1430576,0.170154,48851,3005794,0.357511,41780,4436370,0.527665,8407551
2,2021-04-29,90900,7212863,49491,3625441,39699,3324040,1710,263382,35341,1413057,0.16807,55171,3060965,0.364073,37652,4474022,0.532143,8407551
2,2021-04-30,94811,7307674,52441,3677882,40372,3364412,1998,265380,36957,1395289,0.165957,57380,3118345,0.370898,39612,4513634,0.536855,8407551
2,2021-05-01,62240,7369914,37945,3715827,22717,3387129,1578,266958,24285,1384367,0.164658,37638,3155983,0.375375,26716,4540350,0.540032,8407551
2,2021-05-02,29123,7399037,20243,3736070,7906,3395035,974,267932,11071,1378584,0.16397,17917,3173900,0.377506,12134,4552484,0.541476,8407551
2,2021-05-03,60448,7459485,35875,3771945,22519,3417554,2054,269986,20356,1361441,0.161931,39821,3213721,0.382242,22678,4575162,0.544173,8407551
2,2021-05-04,79592,7539077,47501,3819446,29717,3447271,2374,272360,25927,1336816,0.159002,53322,3267043,0.388584,28697,4603859,0.547586,8407551
2,2021-05-05,80127,7619204,47707,3867153,30074,3477345,2346,274706,25120,1310028,0.155816,54618,3321661,0.395081,27830,4631689,0.550896,8407551
2,2021-05-06,82423,7701627,49958,3917111,29554,3506899,2911,277617,25200,1282034,0.152486,56744,3378405,0.40183,28750,4660439,0.554316,8407551
2,2021-05-07,83366,7784993,48101,3965212,32840,3539739,2425,280042,25664,1253263,0.149064,57317,3435722,0.408647,28546,4688985,0.557711,8407551
2,2021-05-08,55239,7840232,33451,3998663,20076,3559815,1712,281754,17338,1235377,0.146937,37666,3473388,0.413127,19780,4708765,0.560064,8407551
2,2021-05-09,21752,7861984,15698,4014361,5306,3565121,748,282502,6342,1227366,0.145984,15331,3488719,0.414951,7320,4716085,0.560934,8407551
2,2021-05-10,49915,7911899,27139,4041500,20908,3586029,1868,284370,14090,1208354,0.143722,35579,3524298,0.419182,16567,4732652,0.562905,8407551
2,2021-05-11,65640,7977539,35429,4076929,28103,3614132,2108,286478,19815,1185437,0.140997,45531,3569829,0.424598,22614,4755266,0.565595,8407551
2,2021-05-12,64808,8042347,34544,4111473,28049,3642181,2215,288693,19096,1161732,0.138177,45403,3615232,0.429998,21698,4776964,0.568175,8407551
2,2021-05-13,70520,8112867,40960,4152433,27618,3669799,1942,290635,25827,1145825,0.136285,44410,3659642,0.43528,28503,4805467,0.571566,8407551
2,2021-05-14,79397,8192264,47561,4199994,29580,3699379,2256,292891,30495,1130683,0.134484,48537,3708179,0.441053,33395,4838862,0.575538,8407551
2,2021-05-15,65969,8258233,43316,4243310,20942,3720321,1711,294602,25524,1118106,0.132988,40204,3748383,0.445835,27627,4866489,0.578824,8407551
2,2021-05-16,31502,8289735,23553,4266863,7025,3727346,924,295526,12806,1113397,0.132428,18567,3766950,0.448044,13858,4880347,0.580472,8407551
2,2021-05-17,57833,8347568,36642,4303505,19257,3746603,1934,297460,22779,1103649,0.131269,34822,3801772,0.452185,25074,4905421,0.583454,8407551
2,2021-05-18,69969,8417537,40950,4344455,27056,3773659,1963,299423,27811,1092073,0.129892,41888,3843660,0.457168,30312,4935733,0.58706,8407551
2,2021-05-19,68685,8486222,40626,4385081,26049,3799708,2010,301433,27176,1080522,0.128518,41203,3884863,0.462068,29652,4965385,0.590586,8407551
2,2021-05-20,69340,8555562,40199,4425280,26954,3826662,2187,303620,26349,1066990,0.126909,42661,3927524,0.467142,29129,4994514,0.594051,8407551
2,2021-05-21,72729,8628291,42910,4468190,27668,3854330,2151,305771,27572,1052465,0.125181,44801,3972325,0.472471,30276,5024790,0.597652,8407551
2,2021-05-22,53344,8681635,33797,4501987,17773,3872103,1774,307545,22277,1046217,0.124438,30837,4003162,0.476139,24589,5049379,0.600577,8407551
2,2021-05-23,24410,8706045,16657,4518644,7027,3879130,726,308271,10275,1043350,0.124097,14007,4017169,0.477805,11140,5060519,0.601902,8407551
2,2021-05-24,44744,8750789,25410,4544054,17566,3896696,1768,310039,17177,1035286,0.123138,27349,4044518,0.481058,19285,5079804,0.604195,8407551
2,2021-05-25,50658,8801447,29649,4573703,19147,3915843,1862,311901,19260,1025851,0.122015,31096,4075614,0.484756,21661,5101465,0.606772,8407551
2,2021-05-26,48611,8850058,27227,4600930,19698,3935541,1686,313587,18992,1017580,0.121032,29289,4104903,0.48824,21018,5122483,0.609272,8407551
2,2021-05-27,46503,8896561,26344,4627274,18420,3953961,1739,315326,18574,1010707,0.120214,27688,4132591,0.491533,20815,5143298,0.611747,8407551
2,2021-05-28,49898,8946459,27540,4654814,20384,3974345,1974,317300,20945,1005357,0.119578,28696,4161287,0.494946,23346,5166644,0.614524,8407551
2,2021-05-29,28938,8975397,17348,4672162,10536,3984881,1054,318354,13255,1004303,0.119453,15533,4176820,0.496794,14479,5181123,0.616246,8407551
2,2021-05-30,12634,8988031,8136,4680298,3735,3988616,763,319117,5529,1003607,0.11937,7054,4183874,0.497633,6358,5187481,0.617003,8407551
2,2021-05-31,5868,8993899,3425,4683723,2139,3990755,304,319421,1821,1001791,0.119154,3990,4187864,0.498107,2174,5189655,0.617261,8407551
2,2021-06-01,44683,9038582,25669,4709392,17354,4008109,1660,321081,15588,990615,0.117824,28799,4216663,0.501533,17623,5207278,0.619357,8407551
2,2021-06-02,38135,9076717,22447,4731839,14284,4022393,1404,322485,14949,984334,0.117077,22929,4239592,0.50426,16648,5223926,0.621337,8407551
2,2021-06-03,41305,9118022,26599,4758438,13241,4035634,1465,323950,13925,972962,0.115725,27143,4266735,0.507488,15771,5239697,0.623213,8407551
2,2021-06-04,47912,9165934,31300,4789738,15075,4050709,1537,325487,15505,958416,0.113995,32112,4298847,0.511308,17566,5257263,0.625303,8407551
2,2021-06-05,37763,9203697,26946,4816684,9356,4060065,1461,326948,11838,946432,0.112569,25700,4324547,0.514365,13716,5270979,0.626934,8407551
2,2021-06-06,14880,9218577,12209,4828893,2092,4062157,579,327527,4694,941772,0.112015,10122,4334669,0.515569,5462,5276441,0.627584,8407551
2,2021-06-07,33214,9251791,23243,4852136,8700,4070857,1271,328798,10801,931822,0.110832,22269,4356938,0.518217,12319,5288760,0.629049,8407551
2,2021-06-08,40553,9292344,28708,4880844,10474,4081331,1371,330169,12468,918189,0.10921,27845,4384783,0.521529,14212,5302972,0.630739,8407551
2,2021-06-09,38047,9330391,26567,4907411,9988,4091319,1492,331661,11530,905212,0.107667,26323,4411106,0.52466,13346,5316318,0.632327,8407551
2,2021-06-10,37681,9368072,26204,4933615,9952,4101271,1525,333186,11583,892891,0.106201,25897,4437003,0.52774,13576,5329894,0.633941,8407551
2,2021-06-11,41177,9409249,27335,4960950,12177,4113448,1665,334851,13211,880360,0.104711,27702,4464705,0.531035,15171,5345065,0.635746,8407551
2,2021-06-12,29335,9438584,21586,4982536,6836,4120284,913,335764,8668,869631,0.103435,20530,4485235,0.533477,9801,5354866,0.636912,8407551
2,2021-06-13,12207,9450791,8913,4991449,2677,4122961,617,336381,3103,864475,0.102821,9043,4494278,0.534553,3887,5358753,0.637374,8407551
2,2021-06-14,29841,9480632,21176,5012625,7472,4130433,1193,337574,10345,856890,0.101919,19331,4513609,0.536852,11746,5370499,0.638771,8407551
2,2021-06-15,35454,9516086,23589,5036214,9821,4140254,2044,339618,11921,847934,0.100854,23297,4536906,0.539623,14341,5384840,0.640477,8407551
2,2021-06-16,32850,9548936,22646,5058860,8415,4148669,1789,341407,11293,839938,0.099903,21389,4558295,0.542167,13393,5398233,0.64207,8407551
2,2021-06-17,30743,9579679,20520,5079380,8427,4157096,1796,343203,10881,833132,0.099093,19688,4577983,0.544509,12882,5411115,0.643602,8407551
2,2021-06-18,34576,9614255,22772,5102152,9934,4167030,1870,345073,12626,826154,0.098263,21731,4599714,0.547093,14753,5425868,0.645357,8407551
2,2021-06-19,20844,9635099,14504,5116656,5081,4172111,1259,346332,7895,822708,0.097853,12788,4612502,0.548614,9342,5435210,0.646468,8407551
2,2021-06-20,8260,9643359,5899,5122555,1897,4174008,464,346796,3056,821132,0.097666,5163,4617665,0.549228,3587,5438797,0.646894,8407551
2,2021-06-21,19265,9662624,11799,5134354,6153,4180161,1313,348109,9852,823182,0.09791,9296,4626961,0.550334,11346,5450143,0.648244,8407551
2,2021-06-22,26766,9689390,18329,5152683,7064,4187225,1373,349482,10491,819209,0.097437,16109,4643070,0.55225,12136,5462279,0.649687,8407551
2,2021-06-23,25825,9715215,17830,5170513,6380,4193605,1615,351097,10533,816499,0.097115,15151,4658221,0.554052,12441,5474720,0.651167,8407551
2,2021-06-24,25218,9740433,17180,5187693,6531,4200136,1507,352604,10432,814025,0.096821,14642,4672863,0.555794,12168,5486888,0.652614,8407551
2,2021-06-25,28612,9769045,19403,5207096,7726,4207862,1483,354087,11956,811193,0.096484,16499,4689362,0.557756,13667,5500555,0.65424,8407551
2,2021-06-26,18451,9787496,13594,5220690,3932,4211794,925,355012,7510,809018,0.096225,10855,4700217,0.559047,8680,5509235,0.655272,8407551
2,2021-06-27,8758,9796254,6685,5227375,1627,4213421,446,355458,3508,807894,0.096091,5202,4705419,0.559666,4078,5513313,0.655757,8407551
2,2021-06-28,19694,9815948,14967,5242342,3490,4216911,1237,356695,8672,807099,0.095997,10893,4716312,0.560961,10098,5523411,0.656958,8407551
2,2021-06-29,22548,9838496,15710,5258052,5768,4222679,1070,357765,9595,805180,0.095769,12820,4729132,0.562486,10901,5534312,0.658255,8407551
2,2021-06-30,21716,9860212,15421,5273473,5273,4227952,1022,358787,9627,804104,0.095641,11953,4741085,0.563908,10877,5545189,0.659549,8407551
2,2021-07-01,19636,9879848,13898,5287371,4870,4232822,868,359655,8727,803105,0.095522,10797,4751882,0.565192,9798,5554987,0.660714,8407551
2,2021-07-02,22595,9902443,15594,5302965,5984,4238806,1017,360672,9968,801817,0.095369,12472,4764354,0.566676,11184,5566171,0.662044,8407551
2,2021-07-03,12423,9914866,8963,5311928,2990,4241796,470,361142,5686,801441,0.095324,6652,4771006,0.567467,6276,5572447,0.662791,8407551
2,2021-07-04,982,9915848,577,5312505,338,4242134,67,361209,419,801397,0.095319,553,4771559,0.567533,509,5572956,0.662851,8407551
2,2021-07-05,10955,9926803,8016,5320521,2532,4244666,407,361616,5024,801080,0.095281,5874,4777433,0.568231,5557,5578513,0.663512,8407551
2,2021-07-06,23402,9950205,17009,5337530,5425,4250091,968,362584,9026,797111,0.094809,14237,4791670,0.569925,10268,5588781,0.664734,8407551
2,2021-07-07,20343,9970548,14519,5352049,4743,4254834,1081,363665,8652,795550,0.094623,11557,4803227,0.571299,9996,5598777,0.665922,8407551
2,2021-07-08,18973,9989521,13225,5365274,4726,4259560,1022,364687,8020,793948,0.094433,10851,4814078,0.57259,9249,5608026,0.667023,8407551
2,2021-07-09,22247,10011768,15408,5380682,5623,4265183,1216,365903,9405,792073,0.09421,12705,4826783,0.574101,10830,5618856,0.668311,8407551
2,2021-07-10,14063,10025831,10369,5391051,3007,4268190,687,366590,6160,791267,0.094114,7809,4834592,0.57503,7003,5625859,0.669144,8407551
2,2021-07-11,6530,10032361,4795,5395846,1385,4269575,350,366940,3079,791356,0.094124,3408,4838000,0.575435,3497,5629356,0.66956,8407551
2,2021-07-12,18023,10050384,13241,5409087,3920,4273495,862,367802,7760,790032,0.093967,10152,4848152,0.576643,8828,5638184,0.67061,8407551
2,2021-07-13,19265,10069649,13597,5422684,4798,4278293,870,368672,8634,789239,0.093873,10492,4858644,0.577891,9699,5647883,0.671763,8407551
2,2021-07-14,18391,10088040,13140,5435824,4477,4282770,774,369446,8208,788361,0.093768,10065,4868709,0.579088,9187,5657070,0.672856,8407551
2,2021-07-15,18562,10106602,13486,5449310,4397,4287167,679,370125,8441,787680,0.093687,10010,4878719,0.580278,9329,5666399,0.673965,8407551
2,2021-07-16,22408,10129010,16152,5465462,5457,4292624,799,370924,10725,787853,0.093708,11555,4890274,0.581653,11728,5678127,0.67536,8407551
2,2021-07-17,13852,10142862,10077,5475539,3278,4295902,497,371421,6697,788112,0.093739,7067,4897341,0.582493,7326,5685453,0.676232,8407551
2,2021-07-18,6694,10149556,5021,5480560,1351,4297253,322,371743,3401,788652,0.093803,3252,4900593,0.58288,3792,5689245,0.676683,8407551
2,2021-07-19,18056,10167612,13468,5494028,3873,4301126,715,372458,8949,789507,0.093905,8990,4909583,0.583949,9845,5699090,0.677854,8407551
2,2021-07-20,20305,10187917,14498,5508526,4998,4306124,809,373267,10303,790953,0.094077,9875,4919458,0.585124,11321,5710411,0.6792,8407551
2,2021-07-21,19557,10207474,14292,5522818,4543,4310667,722,373989,10185,792781,0.094294,9255,4928713,0.586225,11083,5721494,0.680519,8407551
2,2021-07-22,19242,10226716,13822,5536640,4629,4315296,791,374780,10364,795339,0.094598,8746,4937459,0.587265,11304,5732798,0.681863,8407551
2,2021-07-23,13592,10240308,9602,5546242,3317,4318613,673,375453,7272,797220,0.094822,6228,4943687,0.588006,8109,5740907,0.682827,8407551
3,2020-12-15,326,326,326,326,0,0,0,0,326,326,4e-05,0,0,0.0,326,326,4e-05,8129050
3,2020-12-16,2467,2793,2467,2793,0,0,0,0,2468,2794,0.000344,0,0,0.0,2468,2794,0.000344,8129050
3,2020-12-17,7854,10647,7854,10647,0,0,0,0,7854,10648,0.00131,0,0,0.0,7854,10648,0.00131,8129050
3,2020-12-18,13429,24076,13411,24058,18,18,0,0,13428,24076,0.002962,0,0,0.0,13428,24076,0.002962,8129050
3,2020-12-19,7256,31332,7243,31301,13,31,0,0,7319,31395,0.003862,0,0,0.0,7319,31395,0.003862,8129050
3,2020-12-20,5661,36993,5652,36953,9,40,0,0,5708,37102,0.004564,1,1,0.0,5708,37103,0.004564,8129050
3,2020-12-21,14391,51384,14365,51318,26,66,0,0,14455,51556,0.006342,1,2,0.0,14455,51558,0.006342,8129050
3,2020-12-22,14818,66202,14247,65565,571,637,0,0,14856,66410,0.008169,2,4,0.0,14856,66414,0.00817,8129050
3,2020-12-23,14833,81035,12231,77796,2602,3239,0,0,14850,81259,0.009996,2,6,1e-06,14851,81265,0.009997,8129050
3,2020-12-24,6781,87816,4864,82660,1917,5156,0,0,6778,88035,0.01083,2,8,1e-06,6778,88043,0.010831,8129050
3,2020-12-25,722,88538,664,83324,58,5214,0,0,720,88755,0.010918,0,8,1e-06,720,88763,0.010919,8129050
3,2020-12-26,4627,93165,3001,86325,1626,6840,0,0,4625,93380,0.011487,0,8,1e-06,4625,93388,0.011488,8129050
3,2020-12-27,2984,96149,1856,88181,1128,7968,0,0,2984,96364,0.011854,0,8,1e-06,2984,96372,0.011855,8129050
3,2020-12-28,13637,109786,8718,96899,4919,12887,0,0,13662,110025,0.013535,1,9,1e-06,13662,110034,0.013536,8129050
3,2020-12-29,15029,124815,8464,105363,6565,19452,0,0,15056,125079,0.015387,2,11,1e-06,15056,125090,0.015388,8129050
3,2020-12-30,18046,142861,10062,115425,7984,27436,0,0,18051,143129,0.017607,2,13,2e-06,18052,143142,0.017609,8129050
3,2020-12-31,8451,151312,3241,118666,5210,32646,0,0,8450,151577,0.018646,2,15,2e-06,8450,151592,0.018648,8129050
3,2021-01-01,1546,152858,734,119400,812,33458,0,0,1543,153119,0.018836,1,16,2e-06,1543,153135,0.018838,8129050
3,2021-01-02,4937,157795,2421,121821,2516,35974,0,0,4937,158056,0.019443,0,16,2e-06,4937,158072,0.019445,8129050
3,2021-01-03,1615,159410,847,122668,768,36742,0,0,1606,159660,0.019641,2,18,2e-06,1606,159678,0.019643,8129050
3,2021-01-04,12041,171451,5974,128642,6067,42809,0,0,12013,171666,0.021118,7,25,3e-06,12013,171691,0.021121,8129050
3,2021-01-05,15731,187182,8148,136790,7583,50392,0,0,14057,184092,0.022646,1659,1684,0.000207,14085,185776,0.022853,8129050
3,2021-01-06,20613,207795,10909,147699,9704,60096,0,0,16064,195662,0.024069,4503,6187,0.000761,16073,201849,0.024831,8129050
3,2021-01-07,26648,234443,15234,162933,11414,71510,0,0,17176,203420,0.025024,9435,15622,0.001922,17193,219042,0.026946,8129050
3,2021-01-08,30660,265103,18735,181668,11925,83435,0,0,18173,209151,0.025729,12465,28087,0.003455,18196,237238,0.029184,8129050
3,2021-01-09,12459,277562,7044,188712,5415,88850,0,0,7928,212564,0.026149,4524,32611,0.004012,7937,245175,0.03016,8129050
3,2021-01-10,7225,284787,4482,193194,2743,91593,0,0,4070,213487,0.026262,3153,35764,0.0044,4076,249251,0.030662,8129050
3,2021-01-11,29123,313910,19061,212255,10062,101655,0,0,16479,217373,0.02674,12637,48401,0.005954,16523,265774,0.032694,8129050
3,2021-01-12,32608,346518,19483,231738,13125,114780,0,0,19962,224857,0.027661,12626,61027,0.007507,20110,285884,0.035168,8129050
3,2021-01-13,34566,381084,18041,249779,16525,131305,0,0,24341,239008,0.029402,10210,71237,0.008763,24361,310245,0.038165,8129050
3,2021-01-14,34746,415830,14213,263992,20533,151838,0,0,28822,261984,0.032228,5884,77121,0.009487,28860,339105,0.041715,8129050
3,2021-01-15,38998,454828,14443,278435,24555,176393,0,0,34318,291710,0.035885,4663,81784,0.010061,34389,373494,0.045946,8129050
3,2021-01-16,21771,476599,7420,285855,14351,190744,0,0,19444,308859,0.037994,2316,84100,0.010346,19465,392959,0.04834,8129050
3,2021-01-17,13149,489748,4458,290313,8691,199435,0,0,12109,319948,0.039359,1039,85139,0.010473,12128,405087,0.049832,8129050
3,2021-01-18,24802,514550,12955,303268,11847,211282,0,0,19189,333579,0.041035,5601,90740,0.011162,19232,424319,0.052198,8129050
3,2021-01-19,41104,555654,20894,324162,20210,231492,0,0,31975,356547,0.043861,9093,99833,0.012281,32061,456380,0.056142,8129050
3,2021-01-20,46220,601874,23029,347191,23191,254683,0,0,36646,383750,0.047207,9527,109360,0.013453,36730,493110,0.06066,8129050
3,2021-01-21,48100,649974,20858,368049,27242,281925,0,0,42583,420960,0.051785,5451,114811,0.014124,42661,535771,0.065908,8129050
3,2021-01-22,49836,699810,19852,387901,29984,311909,0,0,45604,462435,0.056887,4203,119014,0.014641,45678,581449,0.071527,8129050
3,2021-01-23,30360,730170,12797,400698,17563,329472,0,0,27064,486265,0.059818,3288,122302,0.015045,27118,608567,0.074863,8129050
3,2021-01-24,17899,748069,8490,409188,9409,338881,0,0,16714,501828,0.061733,1182,123484,0.01519,16745,625312,0.076923,8129050
3,2021-01-25,40877,788946,18228,427416,22649,361530,0,0,30883,522836,0.064317,9965,133449,0.016416,30973,656285,0.080733,8129050
3,2021-01-26,47384,836330,22635,450051,24749,386279,0,0,37192,549972,0.067655,10158,143607,0.017666,37294,693579,0.085321,8129050
3,2021-01-27,51523,887853,24527,474578,26996,413275,0,0,40842,580286,0.071384,10610,154217,0.018971,40924,734503,0.090355,8129050
3,2021-01-28,51942,939795,24104,498682,27838,441113,0,0,42990,614468,0.075589,8867,163084,0.020062,43049,777552,0.095651,8129050
3,2021-01-29,51054,990849,24500,523182,26554,467667,0,0,41285,646211,0.079494,9591,172675,0.021242,41334,818886,0.100736,8129050
3,2021-01-30,37432,1028281,17791,540973,19641,487308,0,0,32707,674331,0.082953,4670,177345,0.021816,32790,851676,0.104769,8129050
3,2021-01-31,22446,1050727,12753,553726,9693,497001,0,0,21025,693971,0.085369,1406,178751,0.021989,21046,872722,0.107358,8129050
3,2021-02-01,45950,1096677,20999,574725,24951,521952,0,0,35031,718170,0.088346,10866,189617,0.023326,35065,907787,0.111672,8129050
3,2021-02-02,54554,1151231,22762,597487,31792,553744,0,0,42087,747933,0.092007,12374,201991,0.024848,42137,949924,0.116855,8129050
3,2021-02-03,60135,1211366,26686,624173,33449,587193,0,0,44721,777444,0.095638,15282,217273,0.026728,44793,994717,0.122366,8129050
3,2021-02-04,64492,1275858,27919,652092,36573,623766,0,0,47221,807703,0.09936,17076,234349,0.028829,47335,1042052,0.128189,8129050
3,2021-02-05,70456,1346314,29785,681877,40671,664437,0,0,48654,834978,0.102715,21559,255908,0.031481,48834,1090886,0.134196,8129050
3,2021-02-06,43718,1390032,20966,702843,22752,687189,0,0,34057,859602,0.105744,9615,265523,0.032663,34239,1125125,0.138408,8129050
3,2021-02-07,19740,1409772,12548,715391,7192,694381,0,0,15148,870301,0.107061,4573,270096,0.033226,15272,1140397,0.140287,8129050
3,2021-02-08,51620,1461392,24969,740360,26651,721032,0,0,33841,886692,0.109077,17637,287733,0.035396,34028,1174425,0.144473,8129050
3,2021-02-09,58847,1520239,28513,768873,30334,751366,0,0,34408,897283,0.11038,24163,311896,0.038368,34754,1209179,0.148748,8129050
3,2021-02-10,68429,1588668,31847,800720,36582,787948,0,0,36682,903015,0.111085,31449,343345,0.042237,37181,1246360,0.153322,8129050
3,2021-02-11,70835,1659503,34843,835563,35992,823940,0,0,37628,908324,0.111738,32859,376204,0.046279,38168,1284528,0.158017,8129050
3,2021-02-12,75755,1735258,32685,868248,43070,867010,0,0,41755,917158,0.112825,33694,409898,0.050424,42528,1327056,0.163249,8129050
3,2021-02-13,45279,1780537,20516,888764,24763,891773,0,0,26066,924707,0.113753,19099,428997,0.052773,26648,1353704,0.166527,8129050
3,2021-02-14,27434,1807971,13720,902484,13714,905487,0,0,15228,928238,0.114188,12147,441144,0.054268,15678,1369382,0.168455,8129050
3,2021-02-15,40314,1848285,17354,919838,22960,928447,0,0,22263,933501,0.114835,17939,459083,0.056474,23202,1392584,0.17131,8129050
3,2021-02-16,70464,1918749,33350,953188,37114,965561,0,0,36579,937365,0.115311,33745,492828,0.060626,37609,1430193,0.175936,8129050
3,2021-02-17,72292,1991041,36531,989719,35761,1001322,0,0,34235,934853,0.115002,37818,530646,0.065278,35306,1465499,0.180279,8129050
3,2021-02-18,77441,2068482,40443,1030162,36998,1038320,0,0,35798,930550,0.114472,41446,572092,0.070376,37143,1502642,0.184848,8129050
3,2021-02-19,69543,2138025,40095,1070257,29448,1067768,0,0,35087,932041,0.114656,34293,606385,0.074595,35784,1538426,0.18925,8129050
3,2021-02-20,43150,2181175,27264,1097521,15886,1083654,0,0,22514,934544,0.114963,20513,626898,0.077118,23016,1561442,0.192082,8129050
3,2021-02-21,24254,2205429,19498,1117019,4756,1088410,0,0,11820,934414,0.114948,12339,639237,0.078636,12209,1573651,0.193584,8129050
3,2021-02-22,47461,2252890,30909,1147928,16552,1104962,0,0,22182,931948,0.114644,25133,664370,0.081728,22667,1596318,0.196372,8129050
3,2021-02-23,63409,2316299,34443,1182371,28966,1133928,0,0,27614,925989,0.113911,35565,699935,0.086103,29606,1625924,0.200014,8129050
3,2021-02-24,79657,2395956,39129,1221500,40528,1174456,0,0,35172,919452,0.113107,44227,744162,0.091544,37690,1663614,0.20465,8129050
3,2021-02-25,89287,2485243,43477,1264977,45810,1220266,0,0,44419,921912,0.11341,44555,788717,0.097024,47015,1710629,0.210434,8129050
3,2021-02-26,100228,2585471,45874,1310851,54354,1274620,0,0,52895,930112,0.114418,46905,835622,0.102795,55105,1765734,0.217213,8129050
3,2021-02-27,71002,2656473,32633,1343484,38365,1312985,4,4,37496,935660,0.115101,33261,868883,0.106886,38809,1804543,0.221987,8129050
3,2021-02-28,41422,2697895,23918,1367402,17500,1330485,4,8,21264,937924,0.115379,19956,888839,0.109341,22220,1826763,0.22472,8129050
3,2021-03-01,69497,2767392,36879,1404281,32584,1363069,34,42,38563,947174,0.116517,30685,919524,0.113116,39935,1866698,0.229633,8129050
3,2021-03-02,79893,2847285,39491,1443772,40394,1403463,8,50,46142,961810,0.118318,33590,953114,0.117248,48226,1914924,0.235566,8129050
3,2021-03-03,89607,2936892,43011,1486783,46573,1450036,23,73,50194,975121,0.119955,39174,992288,0.122067,52485,1967409,0.242022,8129050
3,2021-03-04,94106,3030998,46077,1532860,48008,1498044,21,94,53385,990331,0.121826,40471,1032759,0.127045,55681,2023090,0.248872,8129050
3,2021-03-05,91043,3122041,44617,1577477,46134,1544178,292,386,55531,1013147,0.124633,35238,1067997,0.13138,58054,2081144,0.256013,8129050
3,2021-03-06,65556,3187597,33291,1610768,30104,1574282,2161,2547,37578,1026526,0.126279,27820,1095817,0.134803,41199,2122343,0.261081,8129050
3,2021-03-07,39223,3226820,22672,1633440,14656,1588938,1895,4442,22039,1034529,0.127263,17101,1112918,0.136906,25104,2147447,0.264169,8129050
3,2021-03-08,60028,3286848,28640,1662080,28382,1617320,3006,7448,37975,1055161,0.129801,21884,1134802,0.139598,42516,2189963,0.2694,8129050
3,2021-03-09,77299,3364147,35704,1697784,37138,1654458,4457,11905,41529,1066678,0.131218,35617,1170419,0.14398,47134,2237097,0.275198,8129050
3,2021-03-10,83153,3447300,41397,1739181,35665,1690123,6091,17996,43483,1078197,0.132635,39435,1209854,0.148831,50954,2288051,0.281466,8129050
3,2021-03-11,97533,3544833,47650,1786831,41260,1731383,8623,26619,47814,1086265,0.133628,49432,1259286,0.154912,57500,2345551,0.288539,8129050
3,2021-03-12,102232,3647065,45550,1832381,44777,1776160,11905,38524,46858,1091023,0.134213,55122,1314408,0.161693,59880,2405431,0.295906,8129050
3,2021-03-13,70692,3717757,29741,1862122,33680,1809840,7271,45795,37381,1103839,0.135789,33178,1347586,0.165774,45994,2451425,0.301564,8129050
3,2021-03-14,41397,3759154,21621,1883743,16214,1826054,3562,49357,20840,1108399,0.13635,20468,1368054,0.168292,25028,2476453,0.304642,8129050
3,2021-03-15,75980,3835134,36017,1919760,35396,1861450,4567,53924,40013,1118243,0.137561,35727,1403781,0.172687,45571,2522024,0.310248,8129050
3,2021-03-16,95366,3930500,43972,1963732,47054,1908504,4340,58264,53640,1135658,0.139704,41469,1445250,0.177788,58884,2580908,0.317492,8129050
3,2021-03-17,98643,4029143,47931,2011663,46163,1954667,4549,62813,59917,1162295,0.14298,38469,1483719,0.182521,65106,2646014,0.325501,8129050
3,2021-03-18,103966,4133109,52846,2064509,46592,2001259,4528,67341,59616,1182940,0.14552,44039,1527758,0.187938,64684,2710698,0.333458,8129050
3,2021-03-19,103500,4236609,55497,2120006,43538,2044797,4465,71806,57564,1199876,0.147603,45640,1573398,0.193553,62576,2773274,0.341156,8129050
3,2021-03-20,72132,4308741,37183,2157189,31284,2076081,3665,75471,44450,1221016,0.150204,27471,1600869,0.196932,48611,2821885,0.347136,8129050
3,2021-03-21,36394,4345135,24740,2181929,10146,2086227,1508,76979,21864,1230446,0.151364,14418,1615287,0.198706,23848,2845733,0.35007,8129050
3,2021-03-22,70762,4415897,41601,2223530,26636,2112863,2525,79504,45094,1253662,0.15422,25418,1640705,0.201832,48634,2894367,0.356052,8129050
3,2021-03-23,89893,4505790,49743,2273273,37614,2150477,2536,82040,55144,1277569,0.157161,34476,1675181,0.206073,58383,2952750,0.363234,8129050
3,2021-03-24,98810,4604600,56882,2330155,39001,2189478,2927,84967,56202,1295066,0.159313,42234,1717415,0.211269,59731,3012481,0.370582,8129050
3,2021-03-25,107463,4712063,59682,2389837,44808,2234286,2973,87940,60525,1312618,0.161472,46585,1764000,0.217,64137,3076618,0.378472,8129050
3,2021-03-26,110761,4822824,59437,2449274,47975,2282261,3349,91289,56993,1320382,0.162428,53416,1817416,0.223571,61180,3137798,0.385998,8129050
3,2021-03-27,74699,4897523,37988,2487262,34161,2316422,2550,93839,36036,1321221,0.162531,38421,1855837,0.228297,39260,3177058,0.390828,8129050
3,2021-03-28,44410,4941933,27984,2515246,15612,2332034,814,94653,22331,1323050,0.162756,21954,1877791,0.230998,23783,3200841,0.393753,8129050
3,2021-03-29,80724,5022657,42137,2557383,36725,2368759,1862,96515,44110,1333490,0.16404,36345,1914136,0.235469,46785,3247626,0.399509,8129050
3,2021-03-30,100395,5123052,49316,2606699,47438,2416197,3641,100156,56256,1350113,0.166085,43875,1958011,0.240866,60498,3308124,0.406951,8129050
3,2021-03-31,105148,5228200,56701,2663400,43589,2459786,4858,105014,56171,1362742,0.167639,48724,2006735,0.24686,61353,3369477,0.414498,8129050
3,2021-04-01,123812,5352012,62567,2725967,51473,2511259,9772,114786,66757,1382927,0.170122,56634,2063369,0.253827,76819,3446296,0.423948,8129050
3,2021-04-02,118089,5470101,57599,2783566,50136,2561395,10354,125140,62280,1400529,0.172287,55498,2118867,0.260654,73100,3519396,0.432941,8129050
3,2021-04-03,76201,5546302,38984,2822550,27971,2589366,9246,134386,37883,1409799,0.173427,38160,2157027,0.265348,47430,3566826,0.438775,8129050
3,2021-04-04,32477,5578779,17373,2839923,10880,2600246,4224,138610,14178,1410003,0.173452,18218,2175245,0.267589,18422,3585248,0.441041,8129050
3,2021-04-05,89640,5668419,45512,2885435,34880,2635126,9248,147858,43547,1417755,0.174406,45850,2221095,0.273229,53602,3638850,0.447635,8129050
3,2021-04-06,113641,5782060,55282,2940717,43130,2678256,15229,163087,53293,1426907,0.175532,60056,2281151,0.280617,69208,3708058,0.456149,8129050
3,2021-04-07,116454,5898514,60218,3000935,39903,2718159,16333,179420,56143,1439602,0.177094,60032,2341183,0.288002,72727,3780785,0.465096,8129050
3,2021-04-08,121580,6020094,60510,3061445,40877,2759036,20193,199613,56255,1451799,0.178594,65002,2406185,0.295998,77199,3857984,0.474592,8129050
3,2021-04-09,118628,6138722,59118,3120563,40321,2799357,19189,218802,52052,1457614,0.179309,66309,2472494,0.304155,72124,3930108,0.483465,8129050
3,2021-04-10,84521,6223243,37904,3158467,31333,2830690,15284,234086,34325,1458026,0.17936,50000,2522494,0.310306,50412,3980520,0.489666,8129050
3,2021-04-11,45369,6268612,24306,3182773,13045,2843735,8018,242104,17211,1456020,0.179113,28060,2550554,0.313758,26054,4006574,0.492871,8129050
3,2021-04-12,84106,6352718,42476,3225249,32800,2876535,8830,250934,37976,1458026,0.17936,45886,2596440,0.319403,47892,4054466,0.498763,8129050
3,2021-04-13,105637,6458355,57205,3282454,48223,2924758,209,251143,55661,1465058,0.180225,49723,2646163,0.325519,56755,4111221,0.505744,8129050
3,2021-04-14,107800,6566155,58919,3341373,48780,2973538,101,251244,53621,1466340,0.180383,53877,2700040,0.332147,55159,4166380,0.51253,8129050
3,2021-04-15,119699,6685854,67326,3408699,52295,3025833,78,251322,63956,1475767,0.181542,55415,2755455,0.338964,64842,4231222,0.520506,8129050
3,2021-04-16,115803,6801657,64934,3473633,50775,3076608,94,251416,60409,1481867,0.182293,55070,2810525,0.345738,61170,4292392,0.528031,8129050
3,2021-04-17,79689,6881346,43406,3517039,36269,3112877,14,251430,44386,1492168,0.18356,35068,2845593,0.350052,45369,4337761,0.533612,8129050
3,2021-04-18,38824,6920170,23417,3540456,15401,3128278,6,251436,18230,1490809,0.183393,20470,2866063,0.35257,19111,4356872,0.535963,8129050
3,2021-04-19,79479,6999649,44251,3584707,35172,3163450,56,251492,35897,1483898,0.182543,43372,2909435,0.357906,36461,4393333,0.540449,8129050
3,2021-04-20,101223,7100872,53317,3638024,47888,3211338,18,251510,49169,1482319,0.182348,51790,2961225,0.364277,50211,4443544,0.546625,8129050
3,2021-04-21,106104,7206976,59589,3697613,46445,3257783,70,251580,50167,1478084,0.181827,55558,3016783,0.371111,51323,4494867,0.552939,8129050
3,2021-04-22,112191,7319167,63027,3760640,49137,3306920,27,251607,48336,1463910,0.180084,63493,3080276,0.378922,49319,4544186,0.559006,8129050
3,2021-04-23,106591,7425758,60976,3821616,45585,3352505,30,251637,46843,1452414,0.17867,59381,3139657,0.386227,47885,4592071,0.564896,8129050
3,2021-04-24,74062,7499820,45735,3867351,28260,3380765,67,251704,36115,1451927,0.17861,37662,3177319,0.39086,37175,4629246,0.569469,8129050
3,2021-04-25,37017,7536837,23630,3890981,13370,3394135,17,251721,18931,1453344,0.178784,17937,3195256,0.393066,19354,4648600,0.57185,8129050
3,2021-04-26,74170,7611007,41948,3932929,31813,3425948,409,252130,31731,1444665,0.177716,42163,3237419,0.398253,33484,4682084,0.575969,8129050
3,2021-04-27,91324,7702331,47939,3980868,41643,3467591,1742,253872,36317,1428801,0.175765,54691,3292110,0.404981,38827,4720911,0.580746,8129050
3,2021-04-28,86964,7789295,49423,4030291,35401,3502992,2140,256012,35601,1416008,0.174191,51062,3343172,0.411262,38269,4759180,0.585453,8129050
3,2021-04-29,89047,7878342,50890,4081181,35944,3538936,2213,258225,31795,1393595,0.171434,56909,3400081,0.418263,34496,4793676,0.589697,8129050
3,2021-04-30,90877,7969219,51288,4132469,37107,3576043,2482,260707,33901,1373826,0.169002,56617,3456698,0.425228,36848,4830524,0.59423,8129050
3,2021-05-01,55297,8024516,34703,4167172,19131,3595174,1463,262170,19945,1360637,0.16738,35087,3491785,0.429544,21898,4852422,0.596924,8129050
3,2021-05-02,26941,8051457,18388,4185560,7537,3602711,1016,263186,9874,1354666,0.166645,16957,3508742,0.43163,10986,4863408,0.598275,8129050
3,2021-05-03,59838,8111295,35112,4220672,22356,3625067,2370,265556,17532,1332669,0.163939,42078,3550820,0.436806,20081,4883489,0.600745,8129050
3,2021-05-04,77490,8188785,44802,4265474,30006,3655073,2682,268238,22580,1303596,0.160363,54616,3605436,0.443525,25543,4909032,0.603888,8129050
3,2021-05-05,78931,8267716,47430,4312904,28802,3683875,2699,270937,21920,1271825,0.156454,56675,3662111,0.450497,24904,4933936,0.606951,8129050
3,2021-05-06,83103,8350819,52525,4365429,28050,3711925,2528,273465,20649,1233572,0.151749,61976,3724087,0.458121,23723,4957659,0.609869,8129050
3,2021-05-07,82256,8433075,51258,4416687,28381,3740306,2617,276082,21879,1198336,0.147414,60027,3784114,0.465505,24791,4982450,0.612919,8129050
3,2021-05-08,52338,8485413,32418,4449105,18211,3758517,1709,277791,13893,1176020,0.144669,38180,3822294,0.470202,15864,4998314,0.614871,8129050
3,2021-05-09,20921,8506334,15309,4464414,4826,3763343,786,278577,5513,1167070,0.143568,15315,3837609,0.472086,6365,5004679,0.615654,8129050
3,2021-05-10,47893,8554227,25667,4490081,20325,3783668,1901,280478,11121,1143784,0.140703,36572,3874181,0.476585,13286,5017965,0.617288,8129050
3,2021-05-11,63674,8617901,35580,4525661,25878,3809546,2216,282694,16092,1115219,0.137189,47341,3921522,0.482408,18776,5036741,0.619598,8129050
3,2021-05-12,64625,8682526,37133,4562794,25096,3834642,2396,285090,16517,1086573,0.133665,47856,3969378,0.488295,19210,5055951,0.621961,8129050
3,2021-05-13,75107,8757633,47348,4610142,25853,3860495,1906,286996,27463,1069150,0.131522,47402,4016780,0.494127,29979,5085930,0.625649,8129050
3,2021-05-14,80059,8837692,50584,4660726,27345,3887840,2130,289126,31009,1054125,0.129674,48762,4065542,0.500125,33737,5119667,0.629799,8129050
3,2021-05-15,61867,8899559,42684,4703410,17978,3905818,1205,290331,25570,1045023,0.128554,36094,4101636,0.504565,26992,5146659,0.633119,8129050
3,2021-05-16,33074,8932633,24715,4728125,7668,3913486,691,291022,13344,1039533,0.127879,19612,4121248,0.506978,14122,5160781,0.634857,8129050
3,2021-05-17,56787,8989420,36187,4764312,18766,3932252,1834,292856,20931,1026918,0.126327,35583,4156831,0.511355,22968,5183749,0.637682,8129050
3,2021-05-18,64379,9053799,38018,4802330,24503,3956755,1858,294714,24223,1013512,0.124678,39883,4196714,0.516261,26477,5210226,0.640939,8129050
3,2021-05-19,63821,9117620,38803,4841133,23277,3980032,1741,296455,24731,1001416,0.12319,38840,4235554,0.521039,26744,5236970,0.644229,8129050
3,2021-05-20,61621,9179241,36084,4877217,23702,4003734,1835,298290,22152,986559,0.121362,39190,4274744,0.52586,24333,5261303,0.647222,8129050
3,2021-05-21,65745,9244986,39939,4917156,23708,4027442,2098,300388,23485,970496,0.119386,41948,4316692,0.53102,25885,5287188,0.650407,8129050
3,2021-05-22,45579,9290565,30239,4947395,13874,4041316,1466,301854,19066,964977,0.118707,26307,4342999,0.534257,20788,5307976,0.652964,8129050
3,2021-05-23,21726,9312291,15037,4962432,6039,4047355,650,302504,9194,962488,0.118401,12444,4355443,0.535787,9955,5317931,0.654188,8129050
3,2021-05-24,39452,9351743,23063,4985495,14633,4061988,1756,304260,14620,954430,0.11741,24638,4380081,0.538818,16580,5334511,0.656228,8129050
3,2021-05-25,42640,9394383,24001,5009496,16963,4078951,1676,305936,15157,944265,0.116159,27222,4407303,0.542167,17057,5351568,0.658326,8129050
3,2021-05-26,42325,9436708,24236,5033732,16370,4095321,1719,307655,15849,935786,0.115116,26182,4433485,0.545388,17703,5369271,0.660504,8129050
3,2021-05-27,39291,9475999,22052,5055784,15489,4110810,1750,309405,15431,929505,0.114344,23702,4457187,0.548304,17421,5386692,0.662647,8129050
3,2021-05-28,42664,9518663,24110,5079894,16758,4127568,1796,311201,17723,924608,0.113741,24738,4481925,0.551347,19841,5406533,0.665088,8129050
3,2021-05-29,23438,9542101,14327,5094221,8274,4135842,837,312038,10990,924244,0.113696,12316,4494241,0.552862,11952,5418485,0.666558,8129050
3,2021-05-30,10577,9552678,6854,5101075,3087,4138929,636,312674,4453,923325,0.113583,6048,4500289,0.553606,5129,5423614,0.667189,8129050
3,2021-05-31,4623,9557301,2672,5103747,1687,4140616,264,312938,1455,921941,0.113413,3132,4503421,0.553991,1748,5425362,0.667404,8129050
3,2021-06-01,37616,9594917,21665,5125412,14516,4155132,1435,314373,13173,912529,0.112255,24212,4527633,0.55697,14800,5440162,0.669225,8129050
3,2021-06-02,31425,9626342,18066,5143478,11953,4167085,1406,315779,11653,906152,0.111471,19567,4547200,0.559377,13190,5453352,0.670847,8129050
3,2021-06-03,39534,9665876,27065,5170543,11036,4178121,1433,317212,11447,891346,0.109649,27907,4575107,0.56281,13101,5466453,0.672459,8129050
3,2021-06-04,46079,9711955,32597,5203140,11938,4190059,1544,318756,13125,873695,0.107478,32721,4607828,0.566835,15070,5481523,0.674313,8129050
3,2021-06-05,34287,9746242,25859,5228999,7241,4197300,1187,319943,8750,858487,0.105607,25329,4633157,0.569951,10121,5491644,0.675558,8129050
3,2021-06-06,14615,9760857,12196,5241195,1838,4199138,581,320524,3757,852188,0.104832,10798,4643955,0.571279,4499,5496143,0.676111,8129050
3,2021-06-07,30362,9791219,22072,5263267,7010,4206148,1280,321804,8725,840824,0.103434,21489,4665444,0.573922,10125,5506268,0.677357,8129050
3,2021-06-08,34251,9825470,24604,5287871,8362,4214510,1285,323089,9962,828203,0.101882,24079,4689523,0.576885,11458,5517726,0.678766,8129050
3,2021-06-09,32938,9858408,23900,5311771,7740,4222250,1298,324387,8868,814632,0.100212,23893,4713416,0.579824,10322,5528048,0.680036,8129050
3,2021-06-10,32431,9890839,23393,5335164,7514,4229764,1524,325911,8958,801989,0.098657,23319,4736735,0.582692,10676,5538724,0.681349,8129050
3,2021-06-11,35480,9926319,25096,5360260,9022,4238786,1362,327273,10570,789380,0.097106,24715,4761450,0.585733,12106,5550830,0.682839,8129050
3,2021-06-12,25099,9951418,18921,5379181,5287,4244073,891,328164,6701,778839,0.095809,18284,4779734,0.587982,7743,5558573,0.683791,8129050
3,2021-06-13,10125,9961543,7573,5386754,2062,4246135,490,328654,2363,774055,0.095221,7708,4787442,0.58893,2924,5561497,0.684151,8129050
3,2021-06-14,25751,9987294,18454,5405208,5881,4252016,1416,330070,8083,766156,0.094249,17537,4804979,0.591087,9638,5571135,0.685337,8129050
3,2021-06-15,28667,10015961,19402,5424610,7765,4259781,1500,331570,9652,758686,0.09333,18790,4823769,0.593399,11320,5582455,0.686729,8129050
3,2021-06-16,25801,10041762,18314,5442924,6077,4265858,1410,332980,8698,752027,0.092511,16922,4840691,0.595481,10263,5592718,0.687992,8129050
3,2021-06-17,24796,10066558,17763,5460687,5748,4271606,1285,334265,8613,746030,0.091773,16031,4856722,0.597453,10034,5602752,0.689226,8129050
3,2021-06-18,27915,10094473,19713,5480400,6633,4278239,1569,335834,9793,739663,0.09099,17896,4874618,0.599654,11529,5614281,0.690644,8129050
3,2021-06-19,15947,10110420,11718,5492118,3375,4281614,854,336688,5700,736202,0.090564,10122,4884740,0.600899,6661,5620942,0.691464,8129050
3,2021-06-20,6854,10117274,5141,5497259,1415,4283029,298,336986,2599,734949,0.09041,4203,4888943,0.601416,2950,5623892,0.691826,8129050
3,2021-06-21,16188,10133462,10213,5507472,4578,4287607,1397,338383,8071,736509,0.090602,8026,4896969,0.602404,9586,5633478,0.693006,8129050
3,2021-06-22,22037,10155499,15454,5522926,5291,4292898,1292,339675,8265,732562,0.090117,13657,4910626,0.604084,9710,5643188,0.6942,8129050
3,2021-06-23,20192,10175691,14156,5537082,4710,4297608,1326,341001,8003,729952,0.089795,12077,4922703,0.605569,9467,5652655,0.695365,8129050
3,2021-06-24,19894,10195585,13851,5550933,4599,4302207,1444,342445,7773,727327,0.089473,11953,4934656,0.60704,9328,5661983,0.696512,8129050
3,2021-06-25,23228,10218813,16479,5567412,5327,4307534,1422,343867,9090,723953,0.089058,14010,4948666,0.608763,10636,5672619,0.697821,8129050
3,2021-06-26,13806,10232619,10248,5577660,2787,4310321,771,344638,5750,722641,0.088896,7987,4956653,0.609746,6675,5679294,0.698642,8129050
3,2021-06-27,6682,10239301,5165,5582825,1209,4311530,308,344946,2860,722053,0.088824,3787,4960440,0.610212,3199,5682493,0.699035,8129050
3,2021-06-28,15847,10255148,12173,5594998,2600,4314130,1074,346020,6690,720867,0.088678,9048,4969488,0.611325,7862,5690355,0.700002,8129050
3,2021-06-29,17895,10273043,12620,5607618,4287,4318417,988,347008,7330,718870,0.088432,10446,4979934,0.61261,8449,5698804,0.701042,8129050
3,2021-06-30,16846,10289889,11939,5619557,3873,4322290,1034,348042,7228,717786,0.088299,9489,4989423,0.613777,8405,5707209,0.702076,8129050
3,2021-07-01,16118,10306007,11495,5631052,3564,4325854,1059,349101,6773,716471,0.088137,9246,4998669,0.614914,7931,5715140,0.703051,8129050
3,2021-07-02,18277,10324284,13008,5644060,4173,4330027,1096,350197,7785,715070,0.087965,10384,5009053,0.616192,8983,5724123,0.704156,8129050
3,2021-07-03,9957,10334241,7206,5651266,2324,4332351,427,350624,4261,714228,0.087861,5633,5014686,0.616885,4791,5728914,0.704746,8129050
3,2021-07-04,702,10334943,406,5651672,209,4332560,87,350711,266,714168,0.087854,429,5015115,0.616937,369,5729283,0.704791,8129050
3,2021-07-05,9466,10344409,6924,5658596,2119,4334679,423,351134,4286,713820,0.087811,5118,5020233,0.617567,4770,5734053,0.705378,8129050
3,2021-07-06,18855,10363264,13677,5672273,4065,4338744,1113,352247,6824,709982,0.087339,11894,5032127,0.61903,8056,5742109,0.706369,8129050
3,2021-07-07,15550,10378814,11031,5683304,3413,4342157,1106,353353,6282,708305,0.087133,9169,5041296,0.620158,7492,5749601,0.707291,8129050
3,2021-07-08,15174,10393988,10957,5694261,3231,4345388,986,354339,6161,706618,0.086925,8920,5050216,0.621255,7233,5756834,0.70818,8129050
3,2021-07-09,17393,10411381,12131,5706392,4064,4349452,1198,355537,7181,705002,0.086726,10101,5060317,0.622498,8485,5765319,0.709224,8129050
3,2021-07-10,10710,10422091,7879,5714271,2170,4351622,661,356198,4560,704224,0.086631,6086,5066403,0.623247,5308,5770627,0.709877,8129050
3,2021-07-11,5072,10427163,3749,5718020,1047,4352669,276,356474,2300,704081,0.086613,2739,5069142,0.623584,2596,5773223,0.710197,8129050
3,2021-07-12,14257,10441420,10394,5728414,2868,4355537,995,357469,5693,702352,0.0864,8488,5077630,0.624628,6759,5779982,0.711028,8129050
3,2021-07-13,15005,10456425,10594,5739008,3506,4359043,905,358374,6569,701567,0.086304,8337,5085967,0.625653,7552,5787534,0.711957,8129050
3,2021-07-14,14248,10470673,10111,5749119,3220,4362263,917,359291,6336,701069,0.086242,7813,5093780,0.626614,7315,5794849,0.712857,8129050
3,2021-07-15,14484,10485157,10471,5759590,3187,4365450,826,360117,6647,700869,0.086218,7746,5101526,0.627567,7546,5802395,0.713785,8129050
3,2021-07-16,17474,10502631,12587,5772177,4021,4369471,866,360983,8354,701141,0.086251,9020,5110546,0.628677,9292,5811687,0.714928,8129050
3,2021-07-17,10944,10513575,7986,5780163,2432,4371903,526,361509,5195,701249,0.086265,5681,5116227,0.629376,5789,5817476,0.71564,8129050
3,2021-07-18,5421,10518996,4097,5784260,1084,4372987,240,361749,2657,701447,0.086289,2727,5118954,0.629711,2925,5820401,0.716,8129050
3,2021-07-19,14673,10533669,10740,5795000,3078,4376065,855,362604,7195,702194,0.086381,7380,5126334,0.630619,8127,5828528,0.717,8129050
3,2021-07-20,16083,10549752,11198,5806198,4018,4380083,867,363471,8286,703730,0.08657,7692,5134026,0.631565,9228,5837756,0.718135,8129050
3,2021-07-21,15529,10565281,11042,5817240,3678,4383761,809,364280,7883,704965,0.086722,7532,5141558,0.632492,8767,5846523,0.719214,8129050
3,2021-07-22,15625,10580906,11105,5828345,3632,4387393,888,365168,8120,706649,0.086929,7395,5148953,0.633402,9079,5855602,0.72033,8129050
3,2021-07-23,11054,10591960,7813,5836158,2507,4389900,734,365902,5781,708055,0.087102,5206,5154159,0.634042,6612,5862214,0.721144,8129050
4,2020-12-15,456,456,456,456,0,0,0,0,456,456,5.7e-05,0,0,0.0,456,456,5.7e-05,8037679
4,2020-12-16,3048,3504,3048,3504,0,0,0,0,3048,3504,0.000436,0,0,0.0,3048,3504,0.000436,8037679
4,2020-12-17,8967,12471,8967,12471,0,0,0,0,8967,12471,0.001552,0,0,0.0,8967,12471,0.001552,8037679
4,2020-12-18,16214,28685,16202,28673,12,12,0,0,16214,28685,0.003569,0,0,0.0,16214,28685,0.003569,8037679
4,2020-12-19,10392,39077,10383,39056,9,21,0,0,10328,39013,0.004854,0,0,0.0,10328,39013,0.004854,8037679
4,2020-12-20,7429,46506,7422,46478,7,28,0,0,7384,46397,0.005772,0,0,0.0,7384,46397,0.005772,8037679
4,2020-12-21,16410,62916,16384,62862,26,54,0,0,16343,62739,0.007806,1,1,0.0,16343,62740,0.007806,8037679
4,2020-12-22,17222,80138,16472,79334,750,804,0,0,17177,79912,0.009942,4,5,1e-06,17177,79917,0.009943,8037679
4,2020-12-23,17141,97279,14409,93743,2732,3536,0,0,17119,97028,0.012072,3,8,1e-06,17119,97036,0.012073,8037679
4,2020-12-24,8570,105849,5979,99722,2591,6127,0,0,8569,105597,0.013138,0,8,1e-06,8569,105605,0.013139,8037679
4,2020-12-25,907,106756,802,100524,105,6232,0,0,907,106504,0.013251,0,8,1e-06,907,106512,0.013252,8037679
4,2020-12-26,6183,112939,3901,104425,2282,8514,0,0,6183,112687,0.01402,0,8,1e-06,6183,112695,0.014021,8037679
4,2020-12-27,3425,116364,1990,106415,1435,9949,0,0,3425,116112,0.014446,0,8,1e-06,3425,116120,0.014447,8037679
4,2020-12-28,15167,131531,9383,115798,5784,15733,0,0,15138,131247,0.016329,3,11,1e-06,15138,131258,0.01633,8037679
4,2020-12-29,15437,146968,8540,124338,6897,22630,0,0,15404,146651,0.018245,0,11,1e-06,15404,146662,0.018247,8037679
4,2020-12-30,19004,165972,11091,135429,7913,30543,0,0,18993,165642,0.020608,2,13,2e-06,18993,165655,0.02061,8037679
4,2020-12-31,8315,174287,3367,138796,4948,35491,0,0,8303,173936,0.02164,9,22,3e-06,8303,173958,0.021643,8037679
4,2021-01-01,1632,175919,739,139535,893,36384,0,0,1628,175561,0.021842,3,25,3e-06,1628,175586,0.021845,8037679
4,2021-01-02,5742,181661,3244,142779,2498,38882,0,0,5740,181300,0.022556,1,26,3e-06,5740,181326,0.022559,8037679
4,2021-01-03,2147,183808,1269,144048,878,39760,0,0,2133,183430,0.022821,3,29,4e-06,2133,183459,0.022825,8037679
4,2021-01-04,12990,196798,7032,151080,5958,45718,0,0,12941,196342,0.024428,29,58,7e-06,12941,196400,0.024435,8037679
4,2021-01-05,16975,213773,10059,161139,6916,52634,0,0,14758,208925,0.025993,2188,2246,0.000279,14771,211171,0.026273,8037679
4,2021-01-06,21672,235445,13283,174422,8389,61023,0,0,15559,218434,0.027176,6064,8310,0.001034,15573,226744,0.02821,8037679
4,2021-01-07,28045,263490,17097,191519,10948,71971,0,0,16743,223956,0.027863,11242,19552,0.002433,16764,243508,0.030296,8037679
4,2021-01-08,32989,296479,21174,212693,11815,83786,0,0,18385,227825,0.028345,14537,34089,0.004241,18406,261914,0.032586,8037679
4,2021-01-09,16334,312813,9667,222360,6667,90453,0,0,9483,230480,0.028675,6840,40929,0.005092,9495,271409,0.033767,8037679
4,2021-01-10,8798,321611,5684,228044,3114,93567,0,0,4174,230049,0.028621,4613,45542,0.005666,4182,275591,0.034287,8037679
4,2021-01-11,33592,355203,22065,250109,11527,105094,0,0,18904,234340,0.029155,14660,60202,0.00749,18951,294542,0.036645,8037679
4,2021-01-12,38674,393877,22308,272417,16366,121460,0,0,24341,244444,0.030412,14278,74480,0.009266,24382,318924,0.039679,8037679
4,2021-01-13,39014,432891,19329,291746,19685,141145,0,0,27596,260690,0.032433,11377,85857,0.010682,27623,346547,0.043115,8037679
4,2021-01-14,39530,472421,15226,306972,24304,165449,0,0,32292,285812,0.035559,7199,93056,0.011577,32321,378868,0.047136,8037679
4,2021-01-15,45600,518021,15949,322921,29651,195100,0,0,39996,320298,0.03985,5536,98592,0.012266,40022,418890,0.052116,8037679
4,2021-01-16,28847,546868,9417,332338,19430,214530,0,0,25717,342933,0.042666,3100,101692,0.012652,25735,444625,0.055318,8037679
4,2021-01-17,19178,566046,6758,339096,12420,226950,0,0,17645,359081,0.044675,1511,103203,0.01284,17659,462284,0.057515,8037679
4,2021-01-18,29547,595593,13677,352773,15870,242820,0,0,23549,376725,0.04687,5931,109134,0.013578,23575,485859,0.060448,8037679
4,2021-01-19,46263,641856,23122,375895,23141,265961,0,0,36848,404282,0.050298,9367,118501,0.014743,36924,522783,0.065042,8037679
4,2021-01-20,52798,694654,28270,404165,24528,290489,0,0,42199,436043,0.05425,10500,129001,0.01605,42261,565044,0.070299,8037679
4,2021-01-21,57994,752648,26151,430316,31843,322332,0,0,51193,480563,0.059789,6719,135720,0.016885,51239,616283,0.076674,8037679
4,2021-01-22,55564,808212,22328,452644,33236,355568,0,0,50374,525844,0.065422,5120,140840,0.017522,50401,666684,0.082945,8037679
4,2021-01-23,39757,847969,17451,470095,22306,377874,0,0,35393,556912,0.069288,4354,145194,0.018064,35422,702106,0.087352,8037679
4,2021-01-24,24063,872032,10515,480610,13548,391422,0,0,22154,577185,0.07181,1900,147094,0.018301,22173,724279,0.09011,8037679
4,2021-01-25,48161,920193,22288,502898,25873,417295,0,0,36979,603072,0.075031,11150,158244,0.019688,37037,761316,0.094718,8037679
4,2021-01-26,57144,977337,29163,532061,27981,445276,0,0,44805,635637,0.079082,12302,170546,0.021218,44867,806183,0.1003,8037679
4,2021-01-27,56483,1033820,26889,558950,29594,474870,0,0,45355,669997,0.083357,11048,181594,0.022593,45408,851591,0.10595,8037679
4,2021-01-28,56910,1090730,25745,584695,31165,506035,0,0,46832,706894,0.087948,9981,191575,0.023835,46878,898469,0.111782,8037679
4,2021-01-29,56826,1147556,27282,611977,29544,535579,0,0,46319,742942,0.092432,10306,201881,0.025117,46354,944823,0.117549,8037679
4,2021-01-30,38239,1185795,17289,629266,20950,556529,0,0,32848,770485,0.095859,5334,207215,0.02578,32877,977700,0.12164,8037679
4,2021-01-31,24070,1209865,12689,641955,11381,567910,0,0,22360,791173,0.098433,1690,208905,0.025991,22378,1000078,0.124424,8037679
4,2021-02-01,49867,1259732,24041,665996,25826,593736,0,0,38147,817699,0.101733,11664,220569,0.027442,38190,1038268,0.129175,8037679
4,2021-02-02,55767,1315499,25651,691647,30116,623852,0,0,42800,847655,0.10546,12888,233457,0.029045,42844,1081112,0.134505,8037679
4,2021-02-03,62440,1377939,30673,722320,31767,655619,0,0,47863,881146,0.109627,14425,247882,0.03084,47916,1129028,0.140467,8037679
4,2021-02-04,67846,1445785,31468,753788,36378,691997,0,0,50937,915457,0.113896,16734,264616,0.032922,51045,1180073,0.146818,8037679
4,2021-02-05,73651,1519436,34151,787939,39500,731497,0,0,51104,944432,0.117501,22263,286879,0.035692,51238,1231311,0.153192,8037679
4,2021-02-06,48932,1568368,26324,814263,22608,754105,0,0,37274,970323,0.120722,11587,298466,0.037133,37478,1268789,0.157855,8037679
4,2021-02-07,26616,1594984,17601,831864,9015,763120,0,0,20088,984154,0.122443,6495,304961,0.037941,20326,1289115,0.160384,8037679
4,2021-02-08,58964,1653948,30427,862291,28537,791657,0,0,38322,1002238,0.124692,20501,325462,0.040492,38585,1327700,0.165185,8037679
4,2021-02-09,67671,1721619,34307,896598,33364,825021,0,0,39629,1014460,0.126213,27848,353310,0.043957,40070,1367770,0.17017,8037679
4,2021-02-10,77822,1799441,38963,935561,38859,863880,0,0,40867,1019169,0.126799,36703,390013,0.048523,41412,1409182,0.175322,8037679
4,2021-02-11,81934,1881375,42857,978418,39077,902957,0,0,41625,1021439,0.127081,40031,430044,0.053504,42301,1451483,0.180585,8037679
4,2021-02-12,85031,1966406,38147,1016565,46884,949841,0,0,43651,1024786,0.127498,41094,471138,0.058616,44441,1495924,0.186114,8037679
4,2021-02-13,59251,2025657,30029,1046594,29222,979063,0,0,30160,1026902,0.127761,28946,500084,0.062217,31062,1526986,0.189978,8037679
4,2021-02-14,37103,2062760,19302,1065896,17801,996864,0,0,18987,1028489,0.127958,18057,518141,0.064464,19644,1546630,0.192422,8037679
4,2021-02-15,46534,2109294,21824,1087720,24710,1021574,0,0,23824,1030875,0.128255,22621,540762,0.067278,25007,1571637,0.195534,8037679
4,2021-02-16,80816,2190110,37105,1124825,43711,1065285,0,0,41050,1033523,0.128585,39620,580382,0.072208,42268,1613905,0.200792,8037679
4,2021-02-17,82111,2272221,38840,1163665,43271,1108556,0,0,39023,1030800,0.128246,42871,623253,0.077541,40148,1654053,0.205787,8037679
4,2021-02-18,83991,2356212,46250,1209915,37741,1146297,0,0,38766,1026021,0.127651,45025,668278,0.083143,40246,1694299,0.210795,8037679
4,2021-02-19,83408,2439620,52583,1262498,30825,1177122,0,0,41598,1026681,0.127734,41629,709907,0.088322,42289,1736588,0.216056,8037679
4,2021-02-20,49931,2489551,33256,1295754,16675,1193797,0,0,27008,1031548,0.128339,22836,732743,0.091164,27703,1764291,0.219503,8037679
4,2021-02-21,30314,2519865,24073,1319827,6241,1200038,0,0,14625,1030859,0.128253,15600,748343,0.093104,14911,1779202,0.221358,8037679
4,2021-02-22,55483,2575348,38140,1357967,17343,1217381,0,0,26683,1029353,0.128066,28640,776983,0.096668,27134,1806336,0.224734,8037679
4,2021-02-23,76696,2652044,42472,1400439,34224,1251605,0,0,33542,1021624,0.127104,42943,819926,0.10201,35214,1841550,0.229115,8037679
4,2021-02-24,91946,2743990,48585,1449024,43361,1294966,0,0,41285,1014679,0.12624,50384,870310,0.108279,43439,1884989,0.234519,8037679
4,2021-02-25,103539,2847529,54168,1503192,49371,1344337,0,0,49325,1012577,0.125979,53979,924289,0.114995,51877,1936866,0.240973,8037679
4,2021-02-26,109768,2957297,55494,1558686,54274,1398611,0,0,56028,1017536,0.126596,53428,977717,0.121642,58387,1995253,0.248237,8037679
4,2021-02-27,79909,3037206,43545,1602231,36354,1434965,10,10,42570,1024487,0.127461,37115,1014832,0.126259,44066,2039319,0.25372,8037679
4,2021-02-28,49429,3086635,30544,1632775,18878,1453843,7,17,27225,1030596,0.128221,22009,1036841,0.128998,28118,2067437,0.257218,8037679
4,2021-03-01,80070,3166705,46942,1679717,33083,1486926,45,62,44046,1040192,0.129414,35689,1072530,0.133438,45285,2112722,0.262852,8037679
4,2021-03-02,87054,3253759,50001,1729718,37044,1523970,9,71,50892,1056915,0.131495,35966,1108496,0.137912,52689,2165411,0.269407,8037679
4,2021-03-03,101014,3354773,53783,1783501,47215,1571185,16,87,56408,1070731,0.133214,44379,1152875,0.143434,58195,2223606,0.276648,8037679
4,2021-03-04,98400,3453173,54592,1838093,43791,1614976,17,104,53818,1082007,0.134617,44336,1197211,0.14895,55612,2279218,0.283567,8037679
4,2021-03-05,95965,3549138,51917,1890010,43728,1658704,320,424,56599,1101726,0.13707,39137,1236348,0.153819,58856,2338074,0.290889,8037679
4,2021-03-06,76850,3625988,43334,1933344,30872,1689576,2644,3068,47139,1123267,0.13975,29572,1265920,0.157498,51113,2389187,0.297248,8037679
4,2021-03-07,44895,3670883,27568,1960912,15136,1704712,2191,5259,26086,1133912,0.141075,18719,1284639,0.159827,29364,2418551,0.300902,8037679
4,2021-03-08,68001,3738884,35605,1996517,29024,1733736,3372,8631,44680,1160097,0.144332,23188,1307827,0.162712,49373,2467924,0.307044,8037679
4,2021-03-09,82068,3820952,41457,2037974,35353,1769089,5258,13889,44262,1173079,0.145947,37611,1345438,0.167391,50593,2518517,0.313339,8037679
4,2021-03-10,91606,3912558,47238,2085212,36881,1805970,7487,21376,46231,1182545,0.147125,45165,1390603,0.173011,54631,2573148,0.320136,8037679
4,2021-03-11,101146,4013704,53061,2138273,39616,1845586,8469,29845,46680,1184563,0.147376,54199,1444802,0.179754,56217,2629365,0.32713,8037679
4,2021-03-12,104878,4118582,51686,2189959,42872,1888458,10320,40165,44782,1180759,0.146903,59801,1504603,0.187194,55997,2685362,0.334097,8037679
4,2021-03-13,81844,4200426,37929,2227888,35456,1923914,8459,48624,38660,1185921,0.147545,43036,1547639,0.192548,48198,2733560,0.340093,8037679
4,2021-03-14,50041,4250467,28488,2256376,17903,1941817,3650,52274,23347,1186923,0.14767,26590,1574229,0.195856,27592,2761152,0.343526,8037679
4,2021-03-15,84008,4334475,45213,2301589,34536,1976353,4259,56533,42598,1193467,0.148484,41141,1615370,0.200975,47685,2808837,0.349459,8037679
4,2021-03-16,108256,4442731,56282,2357871,48550,2024903,3424,59957,57060,1203705,0.149758,50928,1666298,0.207311,61166,2870003,0.357069,8037679
4,2021-03-17,107559,4550290,57983,2415854,46072,2070975,3504,63461,62882,1226225,0.15256,44396,1710694,0.212834,66916,2936919,0.365394,8037679
4,2021-03-18,107573,4657863,59672,2475526,44201,2115176,3700,67161,60828,1244713,0.15486,46455,1757149,0.218614,64943,3001862,0.373474,8037679
4,2021-03-19,112027,4769890,64480,2540006,42330,2157506,5217,72378,63501,1265571,0.157455,48233,1805382,0.224615,69091,3070953,0.38207,8037679
4,2021-03-20,84450,4854340,49390,2589396,32041,2189547,3019,75397,51612,1287836,0.160225,32668,1838050,0.228679,54933,3125886,0.388904,8037679
4,2021-03-21,48416,4902756,35082,2624478,11075,2200622,2259,77656,28202,1298566,0.16156,20078,1858128,0.231177,30808,3156694,0.392737,8037679
4,2021-03-22,82857,4985613,54136,2678614,25984,2226606,2737,80393,51246,1321916,0.164465,31341,1889469,0.235076,54691,3211385,0.399541,8037679
4,2021-03-23,105192,5090805,62997,2741611,40045,2266651,2150,82543,62397,1344500,0.167275,42507,1931976,0.240365,65091,3276476,0.40764,8037679
4,2021-03-24,113851,5204656,73472,2815083,37957,2304608,2422,84965,63985,1361938,0.169444,49412,1981388,0.246512,66850,3343326,0.415957,8037679
4,2021-03-25,117391,5322047,72243,2887326,42747,2347355,2401,87366,66865,1381648,0.171896,50027,2031415,0.252737,69737,3413063,0.424633,8037679
4,2021-03-26,120090,5442137,72868,2960194,44179,2391534,3043,90409,65396,1396364,0.173727,54308,2085723,0.259493,69024,3482087,0.43322,8037679
4,2021-03-27,92276,5534413,54392,3014586,36093,2427627,1791,92200,46705,1400027,0.174183,45311,2131034,0.265131,48974,3531061,0.439314,8037679
4,2021-03-28,55884,5590297,36888,3051474,18122,2445749,874,93074,29522,1404621,0.174755,26174,2157208,0.268387,30768,3561829,0.443141,8037679
4,2021-03-29,93858,5684155,56244,3107718,35533,2481282,2081,95155,50498,1414660,0.176004,43079,2200287,0.273747,53118,3614947,0.44975,8037679
4,2021-03-30,117387,5801542,64057,3171775,49169,2530451,4161,99316,69600,1441299,0.179318,47532,2247819,0.27966,74171,3689118,0.458978,8037679
4,2021-03-31,121434,5922976,71635,3243410,43487,2573938,6312,105628,67974,1462693,0.18198,53085,2300904,0.286265,74479,3763597,0.468244,8037679
4,2021-04-01,142900,6065876,81478,3324888,48125,2622063,13297,118925,84026,1501727,0.186836,58368,2359272,0.293527,97402,3860999,0.480362,8037679
4,2021-04-02,136983,6202859,73162,3398050,50207,2672270,13614,132539,78986,1536893,0.191211,57678,2416950,0.300702,92844,3953843,0.491914,8037679
4,2021-04-03,101426,6304285,54194,3452244,33777,2706047,13455,145994,52701,1554729,0.19343,48508,2465458,0.306738,66344,4020187,0.500168,8037679
4,2021-04-04,46968,6351253,24787,3477031,14646,2720693,7535,153529,20375,1556142,0.193606,26478,2491936,0.310032,27891,4048078,0.503638,8037679
4,2021-04-05,109763,6461016,61626,3538657,35270,2755963,12867,166396,56828,1573665,0.195786,52699,2544635,0.316588,70222,4118300,0.512374,8037679
4,2021-04-06,139130,6600146,78277,3616934,41037,2797000,19816,186212,72094,1599344,0.198981,66783,2611418,0.324897,92462,4210762,0.523878,8037679
4,2021-04-07,137937,6738083,78173,3695107,38998,2835998,20766,206978,71282,1625244,0.202203,66385,2677803,0.333156,92285,4303047,0.535359,8037679
4,2021-04-08,140363,6878446,78182,3773289,36660,2872658,25521,232499,69711,1650684,0.205368,70339,2748142,0.341907,95779,4398826,0.547276,8037679
4,2021-04-09,138059,7016505,75710,3848999,39237,2911895,23112,255611,65779,1668532,0.207589,72015,2820157,0.350867,89863,4488689,0.558456,8037679
4,2021-04-10,104067,7120572,51351,3900350,33810,2945705,18906,274517,46930,1678454,0.208823,56918,2877075,0.357948,66840,4555529,0.566772,8037679
4,2021-04-11,62808,7183380,38134,3938484,13486,2959191,11188,285705,27392,1682774,0.209361,35301,2912376,0.36234,39621,4595150,0.571701,8037679
4,2021-04-12,103025,7286405,62608,4001092,30202,2989393,10215,295920,51888,1695256,0.210914,50824,2963200,0.368664,63306,4658456,0.579577,8037679
4,2021-04-13,130648,7417053,81975,4083067,48504,3037897,169,296089,78166,1722282,0.214276,52170,3015370,0.375154,79196,4737652,0.58943,8037679
4,2021-04-14,135855,7552908,86544,4169611,49235,3087132,76,296165,75141,1738362,0.216277,60366,3075736,0.382665,76446,4814098,0.598941,8037679
4,2021-04-15,156543,7709451,104101,4273712,52374,3139506,68,296233,96009,1775072,0.220844,60132,3135868,0.390146,96842,4910940,0.61099,8037679
4,2021-04-16,143838,7853289,91209,4364921,52550,3192056,79,296312,83564,1799500,0.223883,59935,3195803,0.397603,84363,4995303,0.621486,8037679
4,2021-04-17,101776,7955065,63935,4428856,37817,3229873,24,296336,59679,1818553,0.226253,41799,3237602,0.402803,60852,5056155,0.629057,8037679
4,2021-04-18,56916,8011981,38456,4467312,18457,3248330,3,296339,32080,1826906,0.227293,24692,3262294,0.405875,33045,5089200,0.633168,8037679
4,2021-04-19,101752,8113733,67101,4534413,34634,3282964,17,296356,51936,1829900,0.227665,49561,3311855,0.412041,52555,5141755,0.639706,8037679
4,2021-04-20,132087,8245820,78818,4613231,53253,3336217,16,296372,68981,1837193,0.228573,62777,3374632,0.419852,70070,5211825,0.648424,8037679
4,2021-04-21,134725,8380545,87963,4701194,46708,3382925,54,296426,68051,1840139,0.228939,66269,3440901,0.428096,69215,5281040,0.657035,8037679
4,2021-04-22,141723,8522268,94098,4795292,47602,3430527,23,296449,63483,1826933,0.227296,77840,3518741,0.437781,64634,5345674,0.665077,8037679
4,2021-04-23,135265,8657533,88074,4883366,47167,3477694,24,296473,58950,1811149,0.225332,75949,3594690,0.44723,60165,5405839,0.672562,8037679
4,2021-04-24,98910,8756443,66736,4950102,32125,3509819,49,296522,45641,1804954,0.224562,52957,3647647,0.453818,46762,5452601,0.67838,8037679
4,2021-04-25,50419,8806862,35542,4985644,14850,3524669,27,296549,26373,1807910,0.224929,23896,3671543,0.456791,26852,5479453,0.681721,8037679
4,2021-04-26,92155,8899017,60438,5046082,31319,3555988,398,296947,36404,1790606,0.222777,55443,3726986,0.463689,38139,5517592,0.686466,8037679
4,2021-04-27,113991,9013008,69688,5115770,41988,3597976,2315,299262,41218,1762496,0.219279,72441,3799427,0.472702,44331,5561923,0.691981,8037679
4,2021-04-28,104482,9117490,68301,5184071,33652,3631628,2529,301791,38374,1738305,0.21627,65759,3865186,0.480883,41568,5603491,0.697153,8037679
4,2021-04-29,105626,9223116,67498,5251569,35599,3667227,2529,304320,34214,1704595,0.212076,71057,3936243,0.489724,37347,5640838,0.701799,8037679
4,2021-04-30,105461,9328577,66869,5318438,35893,3703120,2699,307019,36348,1675594,0.208467,68712,4004955,0.498273,39711,5680549,0.70674,8037679
4,2021-05-01,69323,9397900,46019,5364457,21531,3724651,1773,308792,20212,1649383,0.205206,48838,4053793,0.504349,22627,5703176,0.709555,8037679
4,2021-05-02,37563,9435463,26656,5391113,9623,3734274,1284,310076,10557,1634484,0.203353,26885,4080678,0.507694,11986,5715162,0.711046,8037679
4,2021-05-03,79177,9514640,55259,5446372,21436,3755710,2482,312558,19297,1597013,0.198691,59619,4140297,0.515111,22148,5737310,0.713802,8037679
4,2021-05-04,101189,9615829,69297,5515669,29127,3784837,2765,315323,22767,1544808,0.192196,78132,4218429,0.524832,25927,5763237,0.717028,8037679
4,2021-05-05,101988,9717817,71974,5587643,27279,3812116,2735,318058,22157,1490510,0.18544,79495,4297924,0.534722,25197,5788434,0.720162,8037679
4,2021-05-06,111549,9829366,83579,5671222,25032,3837148,2938,320996,19705,1422912,0.17703,91360,4389284,0.546088,23762,5812196,0.723119,8037679
4,2021-05-07,104581,9933947,75215,5746437,26684,3863832,2682,323678,20685,1363164,0.169597,83531,4472815,0.556481,23783,5835979,0.726078,8037679
4,2021-05-08,69411,10003358,47835,5794272,19647,3883479,1929,325607,13774,1323835,0.164704,55391,4528206,0.563372,16062,5852041,0.728076,8037679
4,2021-05-09,34192,10037550,27957,5822229,5289,3888768,946,326553,7494,1305778,0.162457,26591,4554797,0.566681,8534,5860575,0.729138,8037679
4,2021-05-10,64790,10102340,43303,5865532,19169,3907937,2318,328871,11022,1265878,0.157493,53554,4608351,0.573343,13654,5874229,0.730836,8037679
4,2021-05-11,82360,10184700,51385,5916917,28789,3936726,2186,331057,15795,1218034,0.151541,66321,4674672,0.581595,18477,5892706,0.733135,8037679
4,2021-05-12,79416,10264116,52838,5969755,24117,3960843,2461,333518,16634,1175011,0.146188,62490,4737162,0.589369,19467,5912173,0.735557,8037679
4,2021-05-13,104215,10368331,76762,6046517,25920,3986763,1533,335051,40421,1154510,0.143637,63465,4800627,0.597265,42964,5955137,0.740903,8037679
4,2021-05-14,104585,10472916,73876,6120393,28585,4015348,2124,337175,40289,1133480,0.141021,63978,4864605,0.605225,42948,5998085,0.746246,8037679
4,2021-05-15,85272,10558188,65962,6186355,17983,4033331,1327,338502,37648,1125365,0.140011,47380,4911985,0.61112,39265,6037350,0.751131,8037679
4,2021-05-16,51460,10609648,41475,6227830,9273,4042604,712,339214,21071,1117048,0.138976,30238,4942223,0.614882,21921,6059271,0.753858,8037679
4,2021-05-17,70985,10680633,51850,6279680,17295,4059899,1840,341054,28065,1104465,0.137411,42718,4984941,0.620197,30135,6089406,0.757608,8037679
4,2021-05-18,81541,10762174,53061,6332741,26724,4086623,1756,342810,29197,1083800,0.13484,51983,5036924,0.626664,31318,6120724,0.761504,8037679
4,2021-05-19,76656,10838830,51844,6384585,22869,4109492,1943,344753,30842,1071354,0.133291,45522,5082446,0.632328,33076,6153800,0.765619,8037679
4,2021-05-20,68946,10907776,44366,6428951,22584,4132076,1996,346749,25567,1056173,0.131403,43089,5125535,0.637688,27908,6181708,0.769091,8037679
4,2021-05-21,73409,10981185,48420,6477371,23129,4155205,1860,348609,25878,1036939,0.12901,47240,5172775,0.643566,28006,6209714,0.772576,8037679
4,2021-05-22,49684,11030869,34877,6512248,13533,4168738,1274,349883,21649,1032214,0.128422,27873,5200648,0.647034,23148,6232862,0.775455,8037679
4,2021-05-23,23964,11054833,17094,6529342,6147,4174885,723,350606,9755,1028716,0.127987,14086,5214734,0.648786,10588,6243450,0.776773,8037679
4,2021-05-24,43048,11097881,27378,6556720,12668,4187553,3002,353608,15066,1019220,0.126805,27763,5242497,0.65224,18267,6261717,0.779045,8037679
4,2021-05-25,44781,11142662,27846,6584566,14111,4201664,2824,356432,15867,1009462,0.125591,28680,5271177,0.655808,18922,6280639,0.7814,8037679
4,2021-05-26,44522,11187184,26704,6611270,15217,4216881,2601,359033,15842,999620,0.124367,28461,5299638,0.659349,18619,6299258,0.783716,8037679
4,2021-05-27,38825,11226009,23322,6634592,12365,4229246,3138,362171,14637,993574,0.123615,23989,5323627,0.662334,17943,6317201,0.785948,8037679
4,2021-05-28,43165,11269174,27523,6662115,14040,4243286,1602,363773,18805,990102,0.123183,24102,5347729,0.665332,20630,6337831,0.788515,8037679
4,2021-05-29,23597,11292771,15360,6677475,7305,4250591,932,364705,10843,989397,0.123095,12612,5360341,0.666902,11907,6349738,0.789996,8037679
4,2021-05-30,12047,11304818,8462,6685937,3059,4253650,526,365231,5021,988053,0.122928,6960,5367301,0.667768,5616,6355354,0.790695,8037679
4,2021-05-31,3568,11308386,2268,6688205,1140,4254790,160,365391,1139,986994,0.122796,2379,5369680,0.668064,1320,6356674,0.790859,8037679
4,2021-06-01,39343,11347729,24483,6712688,12420,4267210,2440,367831,13007,976539,0.121495,26118,5395798,0.671313,15663,6372337,0.792808,8037679
4,2021-06-02,32545,11380274,20352,6733040,9398,4276608,2795,370626,10885,968891,0.120544,21479,5417277,0.673985,13831,6386168,0.794529,8037679
4,2021-06-03,47983,11428257,36840,6769880,8692,4285300,2451,373077,10364,944561,0.117517,37453,5454730,0.678645,13123,6399291,0.796162,8037679
4,2021-06-04,54682,11482939,44022,6813902,9332,4294632,1328,374405,12729,917699,0.114175,41722,5496452,0.683836,14860,6414151,0.79801,8037679
4,2021-06-05,44698,11527637,38301,6852203,5401,4300033,996,375401,8776,891981,0.110975,35769,5532221,0.688286,10051,6424202,0.799261,8037679
4,2021-06-06,21200,11548837,18917,6871120,1719,4301752,564,375965,3977,879793,0.109459,17124,5549345,0.690416,4936,6429138,0.799875,8037679
4,2021-06-07,38669,11587506,31299,6902419,5452,4307204,1918,377883,8454,860372,0.107042,30081,5579426,0.694159,10660,6439798,0.801201,8037679
4,2021-06-08,40476,11627982,31767,6934186,6165,4313369,2544,380427,9451,841865,0.10474,30836,5610262,0.697995,12329,6452127,0.802735,8037679
4,2021-06-09,38854,11666836,30810,6964996,5684,4319053,2360,382787,7938,821774,0.10224,30745,5641007,0.70182,10654,6462781,0.804061,8037679
4,2021-06-10,37070,11703906,29221,6994217,5224,4324277,2625,385412,8401,804553,0.100098,28511,5669518,0.705368,11290,6474071,0.805465,8037679
4,2021-06-11,38198,11742104,30001,7024218,6184,4330461,2013,387425,9874,788626,0.098116,28167,5697685,0.708872,12240,6486311,0.806988,8037679
4,2021-06-12,26471,11768575,22046,7046264,3714,4334175,711,388136,6045,775280,0.096456,20320,5718005,0.7114,6974,6493285,0.807856,8037679
4,2021-06-13,10820,11779395,8548,7054812,1796,4335971,476,388612,2278,769664,0.095757,8477,5726482,0.712455,2861,6496146,0.808212,8037679
4,2021-06-14,28570,11807965,21368,7076180,4394,4340365,2808,391420,7807,759873,0.094539,20623,5747105,0.71502,10832,6506978,0.809559,8037679
4,2021-06-15,29866,11837831,21116,7097296,5349,4345714,3401,394821,8279,750380,0.093358,21430,5768535,0.717687,11937,6518915,0.811044,8037679
4,2021-06-16,26522,11864353,19988,7117284,3914,4349628,2620,397441,7996,742847,0.092421,18354,5786889,0.71997,10821,6529736,0.812391,8037679
4,2021-06-17,25093,11889446,18534,7135818,3665,4353293,2894,400335,7602,736227,0.091597,17306,5804195,0.722123,10686,6540422,0.81372,8037679
4,2021-06-18,26710,11916156,21075,7156893,4402,4357695,1233,401568,8261,727728,0.09054,18245,5822440,0.724393,9746,6550168,0.814933,8037679
4,2021-06-19,15717,11931873,12709,7169602,2306,4360001,702,402270,5054,723136,0.089968,10516,5832956,0.725702,5924,6556092,0.81567,8037679
4,2021-06-20,7365,11939238,6068,7175670,990,4360991,307,402577,2622,721464,0.08976,4683,5837639,0.726284,3011,6559103,0.816044,8037679
4,2021-06-21,14550,11953788,10521,7186191,2890,4363881,1139,403716,7335,722966,0.089947,7133,5844772,0.727172,8635,6567738,0.817119,8037679
4,2021-06-22,20412,11974200,15921,7202112,3418,4367299,1073,404789,7105,718112,0.089343,13185,5857957,0.728812,8331,6576069,0.818155,8037679
4,2021-06-23,18364,11992564,14423,7216535,2955,4370254,986,405775,6709,714407,0.088882,11521,5869478,0.730245,7816,6583885,0.819128,8037679
4,2021-06-24,17536,12010100,13576,7230111,2974,4373228,986,406761,6550,711254,0.08849,10830,5880308,0.731593,7677,6591562,0.820083,8037679
4,2021-06-25,21493,12031593,16903,7247014,3547,4376775,1043,407804,7784,706675,0.08792,13573,5893881,0.733281,8994,6600556,0.821202,8037679
4,2021-06-26,12984,12044577,10571,7257585,1798,4378573,615,408419,4785,704082,0.087598,8098,5901979,0.734289,5505,6606061,0.821887,8037679
4,2021-06-27,6827,12051404,5530,7263115,954,4379527,343,408762,2875,703440,0.087518,3914,5905893,0.734776,3272,6609333,0.822294,8037679
4,2021-06-28,15003,12066407,12605,7275720,1546,4381073,852,409614,6021,701533,0.087281,8901,5914794,0.735883,6994,6616327,0.823164,8037679
4,2021-06-29,16393,12082800,12724,7288444,2869,4383942,800,410414,6352,698873,0.08695,9933,5924727,0.737119,7273,6623600,0.824069,8037679
4,2021-06-30,14460,12097260,11277,7299721,2449,4386391,734,411148,6001,697367,0.086762,8353,5933080,0.738158,6847,6630447,0.824921,8037679
4,2021-07-01,14378,12111638,11350,7311071,2288,4388679,740,411888,5882,695743,0.08656,8385,5941465,0.739202,6761,6637208,0.825762,8037679
4,2021-07-02,16692,12128330,13256,7324327,2679,4391358,757,412645,6829,693689,0.086305,9770,5951235,0.740417,7716,6644924,0.826722,8037679
4,2021-07-03,9118,12137448,7244,7331571,1466,4392824,408,413053,3953,693014,0.086221,5094,5956329,0.741051,4419,6649343,0.827272,8037679
4,2021-07-04,421,12137869,258,7331829,104,4392928,59,413112,183,693033,0.086223,234,5956563,0.74108,253,6649596,0.827303,8037679
4,2021-07-05,9175,12147044,7466,7339295,1295,4394223,414,413526,4167,692735,0.086186,4929,5961492,0.741693,4631,6654227,0.827879,8037679
4,2021-07-06,16393,12163437,12921,7352216,2675,4396898,797,414323,6043,689456,0.085778,10231,5971723,0.742966,6952,6661179,0.828744,8037679
4,2021-07-07,13647,12177084,10654,7362870,2220,4399118,773,415096,5158,687103,0.085485,8401,5980124,0.744011,6048,6667227,0.829497,8037679
4,2021-07-08,13109,12190193,10261,7373131,2026,4401144,822,415918,5124,685271,0.085257,7870,5987994,0.74499,6038,6673265,0.830248,8037679
4,2021-07-09,15296,12205489,11751,7384882,2614,4403758,931,416849,6217,683591,0.085048,8945,5996939,0.746103,7265,6680530,0.831152,8037679
4,2021-07-10,8747,12214236,6919,7391801,1430,4405188,398,417247,3683,682747,0.084943,4985,6001924,0.746724,4141,6684671,0.831667,8037679
4,2021-07-11,4967,12219203,3981,7395782,786,4405974,200,417447,2235,682519,0.084915,2692,6004616,0.747058,2464,6687135,0.831973,8037679
4,2021-07-12,12974,12232177,10290,7406072,1973,4407947,711,418158,5035,680511,0.084665,7861,6012477,0.748036,5853,6692988,0.832702,8037679
4,2021-07-13,12642,12244819,9685,7415757,2328,4410275,629,418787,5374,679448,0.084533,7164,6019641,0.748928,6101,6699089,0.833461,8037679
4,2021-07-14,11617,12256436,9154,7424911,1918,4412193,545,419332,5036,678603,0.084428,6497,6026138,0.749736,5652,6704741,0.834164,8037679
4,2021-07-15,12334,12268770,9802,7434713,1951,4414144,581,419913,5624,678296,0.08439,6587,6032725,0.750556,6280,6711021,0.834945,8037679
4,2021-07-16,14823,12283593,11566,7446279,2601,4416745,656,420569,6826,677991,0.084352,7895,6040620,0.751538,7590,6718611,0.835889,8037679
4,2021-07-17,9068,12292661,7133,7453412,1617,4418362,318,420887,4289,677959,0.084348,4681,6045301,0.75212,4649,6723260,0.836468,8037679
4,2021-07-18,5087,12297748,4110,7457522,780,4419142,197,421084,2409,677962,0.084348,2624,6047925,0.752447,2627,6725887,0.836795,8037679
4,2021-07-19,12627,12310375,10023,7467545,1971,4421113,633,421717,5989,678128,0.084369,6548,6054473,0.753261,6714,6732601,0.83763,8037679
4,2021-07-20,13495,12323870,10414,7477959,2438,4423551,643,422360,6648,678797,0.084452,6703,6061176,0.754095,7372,6739973,0.838547,8037679
4,2021-07-21,12477,12336347,9725,7487684,2167,4425718,585,422945,6244,679582,0.08455,6105,6067281,0.754855,6890,6746863,0.839404,8037679
4,2021-07-22,12972,12349319,10208,7497892,2158,4427876,606,423551,6758,680918,0.084716,6093,6073374,0.755613,7429,6754292,0.840329,8037679
4,2021-07-23,9165,12358484,7009,7504901,1597,4429473,559,424110,4659,681808,0.084826,4426,6077800,0.756164,5316,6759608,0.84099,8037679
