hpiquartile,administered_date,total_doses,cumulative_total_doses,pfizer_doses,cumulative_pfizer_doses,moderna_doses,cumulative_moderna_doses,jj_doses,cumulative_jj_doses,partially_vaccinated,total_partially_vaccinated,pct_age16pop_partially_vaccinated,fully_vaccinated,cumulative_fully_vaccinated,pct_age16pop_fully_vaccinated,at_least_one_dose,cumulative_at_least_one_dose,pct_age16pop_at_least_one_dose,age16_population
1,2020-12-15,147,147,147,147,0,0,0,0,147,147,1.8e-05,0,0,0.0,147,147,1.8e-05,8051741
1,2020-12-16,1154,1301,1154,1301,0,0,0,0,1154,1301,0.000162,0,0,0.0,1154,1301,0.000162,8051741
1,2020-12-17,4103,5404,4103,5404,0,0,0,0,4104,5405,0.000671,0,0,0.0,4104,5405,0.000671,8051741
1,2020-12-18,6248,11652,6228,11632,20,20,0,0,6250,11655,0.001448,0,0,0.0,6250,11655,0.001448,8051741
1,2020-12-19,2868,14520,2867,14499,1,21,0,0,2866,14520,0.001803,1,1,0.0,2866,14521,0.001803,8051741
1,2020-12-20,2076,16596,2072,16571,4,25,0,0,2077,16597,0.002061,0,1,0.0,2077,16598,0.002061,8051741
1,2020-12-21,7618,24214,7603,24174,15,40,0,0,7670,24267,0.003014,0,1,0.0,7670,24268,0.003014,8051741
1,2020-12-22,7269,31483,6929,31103,340,380,0,0,7272,31538,0.003917,1,2,0.0,7272,31540,0.003917,8051741
1,2020-12-23,7796,39279,6576,37679,1220,1600,0,0,7792,39330,0.004885,0,2,0.0,7792,39332,0.004885,8051741
1,2020-12-24,3288,42567,2354,40033,934,2534,0,0,3290,42620,0.005293,0,2,0.0,3290,42622,0.005294,8051741
1,2020-12-25,232,42799,149,40182,83,2617,0,0,232,42852,0.005322,0,2,0.0,232,42854,0.005322,8051741
1,2020-12-26,1353,44152,966,41148,387,3004,0,0,1352,44203,0.00549,1,3,0.0,1352,44206,0.00549,8051741
1,2020-12-27,852,45004,527,41675,325,3329,0,0,852,45055,0.005596,0,3,0.0,852,45058,0.005596,8051741
1,2020-12-28,6992,51996,4738,46413,2254,5583,0,0,6991,52046,0.006464,0,3,0.0,6991,52049,0.006464,8051741
1,2020-12-29,8818,60814,4973,51386,3845,9428,0,0,8815,60860,0.007559,1,4,0.0,8815,60864,0.007559,8051741
1,2020-12-30,11557,72371,6467,57853,5090,14518,0,0,11557,72417,0.008994,0,4,0.0,11557,72421,0.008994,8051741
1,2020-12-31,5915,78286,1950,59803,3965,18483,0,0,5916,78333,0.009729,0,4,0.0,5916,78337,0.009729,8051741
1,2021-01-01,507,78793,170,59973,337,18820,0,0,507,78840,0.009792,0,4,0.0,507,78844,0.009792,8051741
1,2021-01-02,2871,81664,1740,61713,1131,19951,0,0,2873,81713,0.010148,0,4,0.0,2873,81717,0.010149,8051741
1,2021-01-03,1000,82664,534,62247,466,20417,0,0,999,82711,0.010272,1,5,1e-06,999,82716,0.010273,8051741
1,2021-01-04,7272,89936,3541,65788,3731,24148,0,0,7277,89987,0.011176,1,6,1e-06,7277,89993,0.011177,8051741
1,2021-01-05,10678,100614,5147,70935,5531,29679,0,0,9935,99213,0.012322,730,736,9.1e-05,9956,99949,0.012413,8051741
1,2021-01-06,13787,114401,6958,77893,6829,36508,0,0,11925,109322,0.013577,1822,2558,0.000318,11931,111880,0.013895,8051741
1,2021-01-07,17337,131738,9069,86962,8268,44776,0,0,12928,117947,0.014649,4309,6867,0.000853,12934,124814,0.015501,8051741
1,2021-01-08,19980,151718,10394,97356,9586,54362,0,0,14132,126254,0.01568,5830,12697,0.001577,14137,138951,0.017257,8051741
1,2021-01-09,6597,158315,3339,100695,3258,57620,0,0,4772,129219,0.016049,1811,14508,0.001802,4776,143727,0.01785,8051741
1,2021-01-10,3022,161337,1717,102412,1305,58925,0,0,1853,129920,0.016136,1153,15661,0.001945,1854,145581,0.018081,8051741
1,2021-01-11,17990,179327,11792,114204,6198,65123,0,0,11467,134914,0.016756,6496,22157,0.002752,11490,157071,0.019508,8051741
1,2021-01-12,18764,198091,10609,124813,8155,73278,0,0,12820,141864,0.017619,5902,28059,0.003485,12852,169923,0.021104,8051741
1,2021-01-13,19554,217645,10522,135335,9032,82310,0,0,14463,151268,0.018787,5069,33128,0.004114,14473,184396,0.022901,8051741
1,2021-01-14,21812,239457,9397,144732,12415,94725,0,0,19084,167722,0.020831,2668,35796,0.004446,19122,203518,0.025276,8051741
1,2021-01-15,25033,264490,9273,154005,15760,110485,0,0,23120,189023,0.023476,1860,37656,0.004677,23161,226679,0.028153,8051741
1,2021-01-16,13847,278337,4541,158546,9306,119791,0,0,13010,201197,0.024988,838,38494,0.004781,13012,239691,0.029769,8051741
1,2021-01-17,5156,283493,1980,160526,3176,122967,0,0,4791,205632,0.025539,361,38855,0.004826,4796,244487,0.030364,8051741
1,2021-01-18,14137,297630,8501,169027,5636,128603,0,0,11013,213569,0.026525,3112,41967,0.005212,11049,255536,0.031737,8051741
1,2021-01-19,24461,322091,12769,181796,11692,140295,0,0,19338,227844,0.028297,5109,47076,0.005847,19384,274920,0.034144,8051741
1,2021-01-20,27872,349963,13476,195272,14396,154691,0,0,22481,244985,0.030426,5370,52446,0.006514,22511,297431,0.03694,8051741
1,2021-01-21,30337,380300,14021,209293,16316,171007,0,0,27279,269320,0.033449,3005,55451,0.006887,27340,324771,0.040336,8051741
1,2021-01-22,27931,408231,11087,220380,16844,187851,0,0,25985,293425,0.036442,1905,57356,0.007123,26010,350781,0.043566,8051741
1,2021-01-23,18601,426832,8167,228547,10434,198285,0,0,16689,308225,0.038281,1900,59256,0.007359,16700,367481,0.04564,8051741
1,2021-01-24,6642,433474,4155,232702,2487,200772,0,0,6000,313591,0.038947,638,59894,0.007439,6004,373485,0.046386,8051741
1,2021-01-25,24686,458160,10233,242935,14453,215225,0,0,19269,327540,0.040679,5401,65295,0.008109,19350,392835,0.048789,8051741
1,2021-01-26,28227,486387,13272,256207,14955,230180,0,0,21773,342916,0.042589,6413,71708,0.008906,21789,414624,0.051495,8051741
1,2021-01-27,31278,517665,15296,271503,15982,246162,0,0,23532,358781,0.044559,7691,79399,0.009861,23556,438180,0.054421,8051741
1,2021-01-28,34150,551815,15965,287468,18185,264347,0,0,27482,379692,0.047157,6613,86012,0.010682,27524,465704,0.057839,8051741
1,2021-01-29,33132,584947,16283,303751,16849,281196,0,0,26729,400180,0.049701,6276,92288,0.011462,26764,492468,0.061163,8051741
1,2021-01-30,19936,604883,8618,312369,11318,292514,0,0,17957,416189,0.051689,1954,94242,0.011705,17963,510431,0.063394,8051741
1,2021-01-31,7579,612462,4980,317349,2599,295113,0,0,6850,422312,0.05245,728,94970,0.011795,6851,517282,0.064245,8051741
1,2021-02-01,28011,640473,12084,329433,15927,311040,0,0,20671,435689,0.054111,7298,102268,0.012701,20675,537957,0.066813,8051741
1,2021-02-02,31722,672195,11435,340868,20287,331327,0,0,23898,451854,0.056119,7765,110033,0.013666,23930,561887,0.069785,8051741
1,2021-02-03,38789,710984,14801,355669,23988,355315,0,0,28186,469583,0.058321,10484,120517,0.014968,28213,590100,0.073288,8051741
1,2021-02-04,43508,754492,17016,372685,26492,381807,0,0,31655,489530,0.060798,11753,132270,0.016428,31700,621800,0.077226,8051741
1,2021-02-05,46475,800967,17259,389944,29216,411023,0,0,30640,504493,0.062656,15719,147989,0.01838,30682,652482,0.081036,8051741
1,2021-02-06,26402,827369,10445,400389,15957,426980,0,0,20619,519388,0.064506,5739,153728,0.019093,20634,673116,0.083599,8051741
1,2021-02-07,6134,833503,3930,404319,2204,429184,0,0,4582,522450,0.064887,1537,155265,0.019283,4599,677715,0.08417,8051741
1,2021-02-08,30928,864431,14012,418331,16916,446100,0,0,20665,533029,0.0662,10162,165427,0.020545,20741,698456,0.086746,8051741
1,2021-02-09,37784,902215,16539,434870,21245,467345,0,0,23215,541847,0.067296,14465,179892,0.022342,23283,721739,0.089638,8051741
1,2021-02-10,46416,948631,21972,456842,24444,491789,0,0,26925,549485,0.068244,19360,199252,0.024746,26998,748737,0.092991,8051741
1,2021-02-11,50118,998749,24636,481478,25482,517271,0,0,30611,560869,0.069658,19319,218571,0.027146,30703,779440,0.096804,8051741
1,2021-02-12,49135,1047884,21247,502725,27888,545159,0,0,28393,568766,0.070639,20623,239194,0.029707,28520,807960,0.100346,8051741
1,2021-02-13,25971,1073855,11290,514015,14681,559840,0,0,15061,573057,0.071172,10845,250039,0.031054,15136,823096,0.102226,8051741
1,2021-02-14,11556,1085411,5453,519468,6103,565943,0,0,6597,574829,0.071392,4933,254972,0.031667,6705,829801,0.103059,8051741
1,2021-02-15,23249,1108660,9214,528682,14035,579978,0,0,14169,580163,0.072054,8995,263967,0.032784,14329,844130,0.104838,8051741
1,2021-02-16,46175,1154835,22067,550749,24108,604086,0,0,27343,588917,0.073142,18776,282743,0.035116,27530,871660,0.108257,8051741
1,2021-02-17,47382,1202217,23972,574721,23410,627496,0,0,25865,593569,0.073719,21421,304164,0.037776,26073,897733,0.111496,8051741
1,2021-02-18,49704,1251921,24796,599517,24908,652404,0,0,25961,596269,0.074055,23556,327720,0.040702,26256,923989,0.114756,8051741
1,2021-02-19,44737,1296658,24168,623685,20569,672973,0,0,25504,602699,0.074853,19134,346854,0.043078,25564,949553,0.117931,8051741
1,2021-02-20,26192,1322850,15933,639618,10259,683232,0,0,15084,606783,0.07536,11075,357929,0.044454,15159,964712,0.119814,8051741
1,2021-02-21,9569,1332419,8359,647977,1210,684442,0,0,5839,609071,0.075645,3694,361623,0.044912,5982,970694,0.120557,8051741
1,2021-02-22,29633,1362052,19494,667471,10139,694581,0,0,17474,614611,0.076333,12117,373740,0.046417,17657,988351,0.12275,8051741
1,2021-02-23,41677,1403729,19998,687469,21679,716260,0,0,23212,619863,0.076985,18354,392094,0.048697,23606,1011957,0.125682,8051741
1,2021-02-24,52125,1455854,25168,712637,26957,743217,0,0,29412,627140,0.077889,22628,414722,0.051507,29905,1041862,0.129396,8051741
1,2021-02-25,63323,1519177,30410,743047,32913,776130,0,0,39529,643500,0.079921,23706,438428,0.054451,40066,1081928,0.134372,8051741
1,2021-02-26,71196,1590373,33521,776568,37675,813805,0,0,47296,667492,0.0829,23769,462197,0.057403,47761,1129689,0.140304,8051741
1,2021-02-27,47978,1638351,21321,797889,26651,840456,6,6,31813,683508,0.084889,16071,478268,0.059399,32087,1161776,0.144289,8051741
1,2021-02-28,18848,1657199,11185,809074,7663,848119,0,6,13992,692919,0.086058,4811,483079,0.059997,14222,1175998,0.146055,8051741
1,2021-03-01,42823,1700022,19529,828603,23287,871406,7,13,27934,706336,0.087725,14808,497887,0.061836,28225,1204223,0.149561,8051741
1,2021-03-02,57960,1757982,23775,852378,34180,905586,5,18,36850,722914,0.089784,21032,518919,0.064448,37610,1241833,0.154232,8051741
1,2021-03-03,66981,1824963,31370,883748,35600,941186,11,29,40491,737811,0.091634,26380,545299,0.067724,41277,1283110,0.159358,8051741
1,2021-03-04,74305,1899268,34183,917931,40092,981278,30,59,47587,759399,0.094315,26580,571879,0.071026,48168,1331278,0.16534,8051741
1,2021-03-05,73394,1972662,32727,950658,40469,1021747,198,257,48793,784777,0.097467,24430,596309,0.07406,49808,1381086,0.171526,8051741
1,2021-03-06,55658,2028320,26443,977101,27892,1049639,1323,1580,37907,806886,0.100213,17696,614005,0.076257,39805,1420891,0.17647,8051741
1,2021-03-07,19329,2047649,12212,989313,6335,1055974,782,2362,14486,817614,0.101545,4832,618837,0.076858,15560,1436451,0.178403,8051741
1,2021-03-08,42712,2090361,20127,1009440,20733,1076707,1852,4214,29752,836652,0.103909,12902,631739,0.07846,31940,1468391,0.182369,8051741
1,2021-03-09,59298,2149659,25762,1035202,31082,1107789,2454,6668,35541,851610,0.105767,23686,655425,0.081402,38644,1507035,0.187169,8051741
1,2021-03-10,69817,2219476,34268,1069470,31332,1139121,4217,10885,43153,872932,0.108415,26566,681991,0.084701,47888,1554923,0.193116,8051741
1,2021-03-11,86635,2306111,39346,1108816,39564,1178685,7725,18610,50890,896568,0.111351,35550,717541,0.089116,59186,1614109,0.200467,8051741
1,2021-03-12,93111,2399222,40015,1148831,40887,1219572,12209,30819,53769,923854,0.11474,39184,756725,0.093983,66470,1680579,0.208722,8051741
1,2021-03-13,62688,2461910,28053,1176884,26996,1246568,7639,38458,39982,949222,0.11789,22612,779337,0.096791,47980,1728559,0.214681,8051741
1,2021-03-14,26599,2488509,14225,1191109,8914,1255482,3460,41918,15730,957792,0.118955,10825,790162,0.098136,19395,1747954,0.21709,8051741
1,2021-03-15,63003,2551512,27295,1218404,29146,1284628,6562,48480,37334,976528,0.121282,25534,815696,0.101307,44270,1792224,0.222588,8051741
1,2021-03-16,82890,2634402,37029,1255433,40381,1325009,5483,53963,52089,1003903,0.124681,30673,846369,0.105116,58048,1850272,0.229798,8051741
1,2021-03-17,88987,2723389,42529,1297962,39963,1364972,6495,60458,57127,1036258,0.1287,31738,878107,0.109058,64093,1914365,0.237758,8051741
1,2021-03-18,93115,2816504,47403,1345365,40220,1405192,5492,65950,57596,1064793,0.132244,35261,913368,0.113437,63796,1978161,0.245681,8051741
1,2021-03-19,98649,2915153,50906,1396271,41690,1446882,6053,72003,58897,1090767,0.13547,39538,952906,0.118348,65512,2043673,0.253818,8051741
1,2021-03-20,68903,2984056,35466,1431737,28517,1475399,4920,76923,45420,1118082,0.138862,23349,976255,0.121248,50664,2094337,0.26011,8051741
1,2021-03-21,25673,3009729,17738,1449475,6179,1481578,1756,78679,16676,1127760,0.140064,8941,985196,0.122358,18619,2112956,0.262422,8051741
1,2021-03-22,56534,3066263,29360,1478835,24035,1505613,3139,81818,38754,1152354,0.143119,17656,1002852,0.124551,42250,2155206,0.26767,8051741
1,2021-03-23,79654,3145917,40368,1519203,35864,1541477,3422,85240,51917,1180614,0.146628,27582,1030434,0.127977,55842,2211048,0.274605,8051741
1,2021-03-24,83774,3229691,42241,1561444,37350,1578827,4183,89423,51444,1204428,0.149586,32154,1062588,0.13197,55968,2267016,0.281556,8051741
1,2021-03-25,91613,3321304,46188,1607632,39974,1618801,5451,94874,53350,1225422,0.152193,38044,1100632,0.136695,59038,2326054,0.288888,8051741
1,2021-03-26,99607,3420911,47848,1655480,45654,1664455,6105,100979,55812,1244133,0.154517,43551,1144183,0.142104,62262,2388316,0.296621,8051741
1,2021-03-27,70137,3491048,36266,1691746,30203,1694658,3668,104647,36856,1251761,0.155465,33111,1177294,0.146216,40739,2429055,0.301681,8051741
1,2021-03-28,31055,3522103,20004,1711750,9856,1704514,1195,105842,16546,1255406,0.155917,14428,1191722,0.148008,18073,2447128,0.303925,8051741
1,2021-03-29,64255,3586358,32028,1743778,29525,1734039,2702,108544,36951,1268106,0.157495,27179,1218901,0.151384,39879,2487007,0.308878,8051741
1,2021-03-30,87858,3674216,42826,1786604,39209,1773248,5823,114367,50328,1286997,0.159841,37420,1256321,0.156031,56311,2543318,0.315872,8051741
1,2021-03-31,96273,3770489,50226,1836830,40375,1813623,5672,120039,55476,1307684,0.16241,40578,1296899,0.161071,61265,2604583,0.323481,8051741
1,2021-04-01,105099,3875588,50328,1887158,46881,1860504,7890,127929,54995,1320814,0.164041,49868,1346767,0.167264,62998,2667581,0.331305,8051741
1,2021-04-02,104364,3979952,47288,1934446,47996,1908500,9080,137009,54099,1334310,0.165717,49955,1396722,0.173468,63451,2731032,0.339185,8051741
1,2021-04-03,74259,4054211,36862,1971308,28280,1936780,9117,146126,35391,1340230,0.166452,38750,1435472,0.178281,44670,2775702,0.344733,8051741
1,2021-04-04,23386,4077597,11631,1982939,8345,1945125,3410,149536,10163,1340636,0.166503,13186,1448658,0.179919,13592,2789294,0.346421,8051741
1,2021-04-05,71657,4149254,34643,2017582,28218,1973343,8796,158332,33837,1345860,0.167151,37692,1486350,0.1846,42916,2832210,0.351751,8051741
1,2021-04-06,100194,4249448,47292,2064874,36677,2010020,16225,174557,46030,1354361,0.168207,53967,1540317,0.191302,62468,2894678,0.35951,8051741
1,2021-04-07,107397,4356845,51831,2116705,38479,2048499,17087,191644,49678,1363898,0.169392,57523,1597840,0.198447,67060,2961738,0.367838,8051741
1,2021-04-08,117273,4474118,55125,2171830,41865,2090364,20283,211927,52908,1373172,0.170543,64088,1661928,0.206406,73362,3035100,0.37695,8051741
1,2021-04-09,115079,4589197,51836,2223666,43305,2133669,19938,231865,51459,1381432,0.171569,63350,1725278,0.214274,71610,3106710,0.385843,8051741
1,2021-04-10,91453,4680650,40830,2264496,28528,2162197,22095,253960,36368,1385069,0.172021,54926,1780204,0.221096,58563,3165273,0.393117,8051741
1,2021-04-11,34488,4715138,19049,2283545,9039,2171236,6400,260360,14259,1385837,0.172116,20168,1800372,0.2236,20936,3186209,0.395717,8051741
1,2021-04-12,71144,4786282,31956,2315501,29764,2201000,9424,269784,30785,1386080,0.172147,40161,1840533,0.228588,40404,3226613,0.400735,8051741
1,2021-04-13,92642,4878924,49067,2364568,43255,2244255,320,270104,49848,1394107,0.173144,42598,1883131,0.233879,50625,3277238,0.407022,8051741
1,2021-04-14,98000,4976924,51077,2415645,46865,2291120,58,270162,50034,1397060,0.17351,47682,1930813,0.239801,50635,3327873,0.413311,8051741
1,2021-04-15,98756,5075680,53753,2469398,44935,2336055,68,270230,53036,1405347,0.17454,45274,1976087,0.245424,53561,3381434,0.419963,8051741
1,2021-04-16,102116,5177796,52776,2522174,49256,2385311,84,270314,51742,1407387,0.174793,50044,2026131,0.251639,52084,3433518,0.426432,8051741
1,2021-04-17,76232,5254028,41860,2564034,34367,2419678,5,270319,43047,1417654,0.176068,33030,2059161,0.255741,43297,3476815,0.431809,8051741
1,2021-04-18,27394,5281422,18010,2582044,9378,2429056,6,270325,14391,1419391,0.176284,12935,2072096,0.257348,14672,3491487,0.433631,8051741
1,2021-04-19,62595,5344017,32077,2614121,30490,2459546,28,270353,28560,1414462,0.175672,33761,2105857,0.261541,28832,3520319,0.437212,8051741
1,2021-04-20,81270,5425287,40631,2654752,40623,2500169,16,270369,38932,1411834,0.175345,42092,2147949,0.266768,39464,3559783,0.442113,8051741
1,2021-04-21,87946,5513233,45454,2700206,42405,2542574,87,270456,40230,1405634,0.174575,47344,2195293,0.272648,41144,3600927,0.447223,8051741
1,2021-04-22,85997,5599230,45865,2746071,40121,2582695,11,270467,40085,1400918,0.173989,45585,2240878,0.27831,40869,3641796,0.452299,8051741
1,2021-04-23,75134,5674364,39996,2786067,35110,2617805,28,270495,35824,1398429,0.17368,38984,2279862,0.283151,36495,3678291,0.456832,8051741
1,2021-04-24,39622,5713986,28396,2814463,11217,2629022,9,270504,24349,1407929,0.17486,15177,2295039,0.285036,24677,3702968,0.459897,8051741
2,2020-12-15,232,232,232,232,0,0,0,0,232,232,2.9e-05,0,0,0.0,232,232,2.9e-05,7897587
2,2020-12-16,1924,2156,1924,2156,0,0,0,0,1924,2156,0.000273,0,0,0.0,1924,2156,0.000273,7897587
2,2020-12-17,6659,8815,6659,8815,0,0,0,0,6660,8816,0.001116,0,0,0.0,6660,8816,0.001116,7897587
2,2020-12-18,10821,19636,10802,19617,19,19,0,0,10822,19638,0.002487,0,0,0.0,10822,19638,0.002487,7897587
2,2020-12-19,5571,25207,5566,25183,5,24,0,0,5573,25211,0.003192,0,0,0.0,5573,25211,0.003192,7897587
2,2020-12-20,4219,29426,4212,29395,7,31,0,0,4216,29427,0.003726,0,0,0.0,4216,29427,0.003726,7897587
2,2020-12-21,12775,42201,12751,42146,24,55,0,0,12729,42156,0.005338,0,0,0.0,12729,42156,0.005338,7897587
2,2020-12-22,12034,54235,11527,53673,507,562,0,0,12034,54190,0.006862,0,0,0.0,12034,54190,0.006862,7897587
2,2020-12-23,11593,65828,9407,63080,2186,2748,0,0,11595,65785,0.00833,0,0,0.0,11595,65785,0.00833,7897587
2,2020-12-24,5846,71674,3490,66570,2356,5104,0,0,5843,71628,0.00907,0,0,0.0,5843,71628,0.00907,7897587
2,2020-12-25,477,72151,401,66971,76,5180,0,0,478,72106,0.00913,0,0,0.0,478,72106,0.00913,7897587
2,2020-12-26,2560,74711,1666,68637,894,6074,0,0,2562,74668,0.009455,0,0,0.0,2562,74668,0.009455,7897587
2,2020-12-27,2208,76919,1196,69833,1012,7086,0,0,2206,76873,0.009734,1,1,0.0,2206,76874,0.009734,7897587
2,2020-12-28,10889,87808,7073,76906,3816,10902,0,0,10889,87761,0.011112,1,2,0.0,10889,87763,0.011113,7897587
2,2020-12-29,12671,100479,7184,84090,5487,16389,0,0,12675,100436,0.012717,0,2,0.0,12675,100438,0.012718,7897587
2,2020-12-30,15302,115781,8624,92714,6678,23067,0,0,15318,115753,0.014657,1,3,0.0,15318,115756,0.014657,7897587
2,2020-12-31,7436,123217,2753,95467,4683,27750,0,0,7434,123186,0.015598,1,4,1e-06,7434,123190,0.015598,7897587
2,2021-01-01,1081,124298,522,95989,559,28309,0,0,1082,124267,0.015735,1,5,1e-06,1082,124272,0.015735,7897587
2,2021-01-02,4804,129102,2753,98742,2051,30360,0,0,4802,129069,0.016343,0,5,1e-06,4802,129074,0.016343,7897587
2,2021-01-03,1378,130480,785,99527,593,30953,0,0,1373,130439,0.016516,3,8,1e-06,1373,130447,0.016517,7897587
2,2021-01-04,11454,141934,5425,104952,6029,36982,0,0,11442,141877,0.017965,4,12,2e-06,11442,141889,0.017966,7897587
2,2021-01-05,13740,155674,6863,111815,6877,43859,0,0,12570,153311,0.019412,1165,1177,0.000149,12599,154488,0.019561,7897587
2,2021-01-06,18782,174456,10393,122208,8389,52248,0,0,15095,164768,0.020863,3643,4820,0.00061,15100,169588,0.021473,7897587
2,2021-01-07,22793,197249,12825,135033,9968,62216,0,0,15531,173024,0.021908,7287,12107,0.001533,15543,185131,0.023441,7897587
2,2021-01-08,26164,223413,15940,150973,10224,72440,0,0,16145,179194,0.02269,9990,22097,0.002798,16160,201291,0.025488,7897587
2,2021-01-09,9539,232952,5546,156519,3993,76433,0,0,6168,181975,0.023042,3391,25488,0.003227,6172,207463,0.026269,7897587
2,2021-01-10,5252,238204,2911,159430,2341,78774,0,0,3046,182796,0.023146,2229,27717,0.00351,3050,210513,0.026655,7897587
2,2021-01-11,25854,264058,17812,177242,8042,86816,0,0,14937,186814,0.023655,10951,38668,0.004896,14969,225482,0.028551,7897587
2,2021-01-12,25902,289960,16106,193348,9796,96612,0,0,16448,193846,0.024545,9483,48151,0.006097,16515,241997,0.030642,7897587
2,2021-01-13,28119,318079,14834,208182,13285,109897,0,0,20252,206259,0.026117,7861,56012,0.007092,20274,262271,0.033209,7897587
2,2021-01-14,29920,347999,11359,219541,18561,128458,0,0,25766,227888,0.028855,4181,60193,0.007622,25810,288081,0.036477,7897587
2,2021-01-15,35002,383001,12910,232451,22092,150550,0,0,31798,256524,0.032481,3219,63412,0.008029,31855,319936,0.040511,7897587
2,2021-01-16,17519,400520,5599,238050,11920,162470,0,0,16214,271418,0.034367,1330,64742,0.008198,16224,336160,0.042565,7897587
2,2021-01-17,10546,411066,3522,241572,7024,169494,0,0,9845,280544,0.035523,726,65468,0.00829,9852,346012,0.043812,7897587
2,2021-01-18,19607,430673,10981,252553,8626,178120,0,0,14888,290741,0.036814,4735,70203,0.008889,14932,360944,0.045703,7897587
2,2021-01-19,32048,462721,16761,269314,15287,193407,0,0,24097,306991,0.038871,7956,78159,0.009897,24206,385150,0.048768,7897587
2,2021-01-20,36308,499029,17938,287252,18370,211777,0,0,27840,326464,0.041337,8450,86609,0.010967,27923,413073,0.052304,7897587
2,2021-01-21,40307,539336,17122,304374,23185,234962,0,0,35947,358221,0.045358,4340,90949,0.011516,36097,449170,0.056874,7897587
2,2021-01-22,38868,578204,16171,320545,22697,257659,0,0,35607,390593,0.049457,3265,94214,0.011929,35637,484807,0.061387,7897587
2,2021-01-23,23883,602087,10801,331346,13082,270741,0,0,20939,408641,0.051743,2919,97133,0.012299,20967,505774,0.064042,7897587
2,2021-01-24,12391,614478,6128,337474,6263,277004,0,0,11483,419239,0.053084,895,98028,0.012412,11493,517267,0.065497,7897587
2,2021-01-25,33416,647894,15473,352947,17943,294947,0,0,24763,435487,0.055142,8631,106659,0.013505,24879,542146,0.068647,7897587
2,2021-01-26,39987,687881,19782,372729,20205,315152,0,0,31123,457840,0.057972,8844,115503,0.014625,31197,573343,0.072597,7897587
2,2021-01-27,44677,732558,22807,395536,21870,337022,0,0,34905,483117,0.061173,9681,125184,0.015851,34958,608301,0.077024,7897587
2,2021-01-28,47475,780033,22329,417865,25146,362168,0,0,39038,513826,0.065061,8389,133573,0.016913,39098,647399,0.081974,7897587
2,2021-01-29,45192,825225,22110,439975,23082,385250,0,0,36705,542193,0.068653,8394,141967,0.017976,36761,684160,0.086629,7897587
2,2021-01-30,30993,856218,13428,453403,17565,402815,0,0,27793,566851,0.071775,3163,145130,0.018376,27821,711981,0.090152,7897587
2,2021-01-31,17529,873747,10640,464043,6889,409704,0,0,16316,581994,0.073693,1195,146325,0.018528,16338,728319,0.09222,7897587
2,2021-02-01,39988,913735,19121,483164,20867,430571,0,0,29692,601448,0.076156,10271,156596,0.019828,29725,758044,0.095984,7897587
2,2021-02-02,47536,961271,19722,502886,27814,458385,0,0,36166,626410,0.079317,11298,167894,0.021259,36260,794304,0.100576,7897587
2,2021-02-03,53429,1014700,23754,526640,29675,488060,0,0,39734,652614,0.082635,13608,181502,0.022982,39812,834116,0.105617,7897587
2,2021-02-04,55641,1070341,24202,550842,31439,519499,0,0,40804,678756,0.085945,14750,196252,0.02485,40892,875008,0.110794,7897587
2,2021-02-05,59251,1129592,26277,577119,32974,552473,0,0,40296,700442,0.088691,18794,215046,0.027229,40480,915488,0.11592,7897587
2,2021-02-06,38706,1168298,18111,595230,20595,573068,0,0,31215,724311,0.091713,7424,222470,0.028169,31293,946781,0.119882,7897587
2,2021-02-07,15890,1184188,10652,605882,5238,578306,0,0,12037,732581,0.09276,3830,226300,0.028654,12100,958881,0.121414,7897587
2,2021-02-08,42841,1227029,22038,627920,20803,599109,0,0,29603,749233,0.094869,13140,239440,0.030318,29792,988673,0.125187,7897587
2,2021-02-09,48834,1275863,23312,651232,25522,624631,0,0,30728,762251,0.096517,18023,257463,0.0326,31041,1019714,0.129117,7897587
2,2021-02-10,59048,1334911,27926,679158,31122,655753,0,0,34680,773111,0.097892,24161,281624,0.035659,35021,1054735,0.133552,7897587
2,2021-02-11,62738,1397649,28864,708022,33874,689627,0,0,35285,781693,0.098979,27176,308800,0.039101,35758,1090493,0.138079,7897587
2,2021-02-12,64234,1461883,27739,735761,36495,726122,0,0,34438,787159,0.099671,29611,338411,0.04285,35077,1125570,0.142521,7897587
2,2021-02-13,37346,1499229,15682,751443,21664,747786,0,0,21649,793570,0.100483,15614,354025,0.044827,22025,1147595,0.14531,7897587
2,2021-02-14,19856,1519085,9318,760761,10538,758324,0,0,11205,796580,0.100864,8615,362640,0.045918,11625,1159220,0.146782,7897587
2,2021-02-15,32674,1551759,14764,775525,17910,776234,0,0,18275,801393,0.101473,14300,376940,0.047729,19113,1178333,0.149202,7897587
2,2021-02-16,55473,1607232,27537,803062,27936,804170,0,0,29266,805396,0.10198,26134,403074,0.051038,30137,1208470,0.153018,7897587
2,2021-02-17,60644,1667876,31439,834501,29205,833375,0,0,30169,806285,0.102093,30428,433502,0.05489,31317,1239787,0.156983,7897587
2,2021-02-18,64688,1732564,32920,867421,31768,865143,0,0,31602,806484,0.102118,32906,466408,0.059057,33105,1272892,0.161175,7897587
2,2021-02-19,58215,1790779,32423,899844,25792,890935,0,0,29056,807198,0.102208,29044,495452,0.062735,29758,1302650,0.164943,7897587
2,2021-02-20,36623,1827402,23923,923767,12700,903635,0,0,19948,811529,0.102757,16613,512065,0.064838,20944,1323594,0.167595,7897587
2,2021-02-21,17753,1845155,14337,938104,3416,907051,0,0,8727,812677,0.102902,8971,521036,0.065974,10119,1333713,0.168876,7897587
2,2021-02-22,36865,1882020,25390,963494,11475,918526,0,0,17671,812498,0.102879,19108,540144,0.068394,18929,1352642,0.171273,7897587
2,2021-02-23,50374,1932394,25730,989224,24644,943170,0,0,22125,809276,0.102471,28090,568234,0.07195,24868,1377510,0.174422,7897587
2,2021-02-24,67516,1999910,34767,1023991,32749,975919,0,0,31189,807600,0.102259,36206,604440,0.076535,34530,1412040,0.178794,7897587
2,2021-02-25,72617,2072527,34000,1057991,38617,1014536,0,0,36873,812553,0.102886,35555,639995,0.081037,40508,1452548,0.183923,7897587
2,2021-02-26,80857,2153384,34665,1092656,46192,1060728,0,0,43872,821925,0.104073,36770,676765,0.085693,46142,1498690,0.189766,7897587
2,2021-02-27,58408,2211792,26567,1119223,31837,1092565,4,4,31894,828974,0.104965,26344,703109,0.089028,33393,1532083,0.193994,7897587
2,2021-02-28,28796,2240588,17276,1136499,11519,1104084,1,5,16849,835552,0.105798,11877,714986,0.090532,18455,1550538,0.196331,7897587
2,2021-03-01,54906,2295494,28824,1165323,26069,1130153,13,18,30069,842847,0.106722,24666,739652,0.093655,31961,1582499,0.200378,7897587
2,2021-03-02,64023,2359517,29700,1195023,34320,1164473,3,21,35777,853542,0.108076,28154,767806,0.09722,38849,1621348,0.205297,7897587
2,2021-03-03,76864,2436381,37052,1232075,39806,1204279,6,27,43158,866313,0.109693,33559,801365,0.10147,46330,1667678,0.211163,7897587
2,2021-03-04,83316,2519697,40124,1272199,43166,1247445,26,53,48410,882796,0.11178,34762,836127,0.105871,51245,1718923,0.217652,7897587
2,2021-03-05,77387,2597084,36387,1308586,40707,1288152,293,346,47241,902787,0.114312,29985,866112,0.109668,49976,1768899,0.22398,7897587
2,2021-03-06,59426,2656510,29652,1338238,28122,1316274,1652,1998,36834,920370,0.116538,22505,888617,0.112518,40088,1808987,0.229056,7897587
2,2021-03-07,26682,2683192,15449,1353687,10298,1326572,935,2933,17076,930240,0.117788,9552,898169,0.113727,19422,1828409,0.231515,7897587
2,2021-03-08,48528,2731720,22084,1375771,24030,1350602,2414,5347,30523,946912,0.119899,17913,916082,0.115995,34585,1862994,0.235894,7897587
2,2021-03-09,62513,2794233,25656,1401427,33123,1383725,3734,9081,33235,956674,0.121135,29169,945251,0.119689,38931,1901925,0.240824,7897587
2,2021-03-10,74139,2868372,34715,1436142,33283,1417008,6141,15222,39340,969340,0.122739,34639,979890,0.124075,47305,1949230,0.246813,7897587
2,2021-03-11,90078,2958450,41297,1477439,40673,1457681,8108,23330,47409,984349,0.124639,42438,1022328,0.129448,57447,2006677,0.254087,7897587
2,2021-03-12,90626,3049076,36974,1514413,41889,1499570,11763,35093,45633,998301,0.126406,44832,1067160,0.135125,58784,2065461,0.261531,7897587
2,2021-03-13,66901,3115977,27975,1542388,31136,1530706,7790,42883,36951,1014498,0.128457,29855,1097015,0.138905,46052,2111513,0.267362,7897587
2,2021-03-14,35305,3151282,17735,1560123,13146,1543852,4424,47307,18649,1021772,0.129378,16584,1113599,0.141005,23858,2135371,0.270383,7897587
2,2021-03-15,65802,3217084,29590,1589713,31296,1575148,4916,52223,36591,1035379,0.131101,29037,1142636,0.144682,42644,2178015,0.275782,7897587
2,2021-03-16,84515,3301599,37183,1626896,43411,1618559,3921,56144,51884,1060125,0.134234,32493,1175129,0.148796,57239,2235254,0.28303,7897587
2,2021-03-17,90038,3391637,43115,1670011,42978,1661537,3945,60089,57621,1090578,0.13809,32225,1207354,0.152876,62678,2297932,0.290966,7897587
2,2021-03-18,94588,3486225,44617,1714628,45589,1707126,4382,64471,58588,1118834,0.141668,35747,1243101,0.157403,64003,2361935,0.29907,7897587
2,2021-03-19,94696,3580921,44559,1759187,44142,1751268,5995,70466,57079,1145226,0.14501,37401,1280502,0.162138,63793,2425728,0.307148,7897587
2,2021-03-20,68082,3649003,32633,1791820,31593,1782861,3856,74322,45437,1172597,0.148475,22470,1302972,0.164984,49841,2475569,0.313459,7897587
2,2021-03-21,32345,3681348,20815,1812635,9579,1792440,1951,76273,20546,1184305,0.149958,11720,1314692,0.166468,23428,2498997,0.316425,7897587
2,2021-03-22,61191,3742539,33531,1846166,25117,1817557,2543,78816,41488,1209883,0.153197,19550,1334242,0.168943,45128,2544125,0.32214,7897587
2,2021-03-23,81270,3823809,42777,1888943,35695,1853252,2798,81614,53802,1240166,0.157031,27269,1361511,0.172396,57552,2601677,0.329427,7897587
2,2021-03-24,89378,3913187,48139,1937082,38188,1891440,3051,84665,53715,1262871,0.159906,35436,1396947,0.176883,58141,2659818,0.336789,7897587
2,2021-03-25,98108,4011295,49102,1986184,45288,1936728,3718,88383,56766,1283043,0.16246,41090,1438037,0.182086,61262,2721080,0.344546,7897587
2,2021-03-26,99396,4110691,48843,2035027,47157,1983885,3396,91779,55957,1300359,0.164653,43144,1481181,0.187549,60460,2781540,0.352201,7897587
2,2021-03-27,73391,4184082,36453,2071480,33734,2017619,3204,94983,37964,1307150,0.165513,35254,1516435,0.192012,42045,2823585,0.357525,7897587
2,2021-03-28,36651,4220733,22435,2093915,13413,2031032,803,95786,20707,1313539,0.166322,15859,1532294,0.194021,22248,2845833,0.360342,7897587
2,2021-03-29,69292,4290025,35286,2129201,31859,2062891,2147,97933,40714,1328855,0.168261,28443,1560737,0.197622,43759,2889592,0.365883,7897587
2,2021-03-30,89038,4379063,43295,2172496,41757,2104648,3986,101919,54928,1354427,0.171499,33956,1594693,0.201922,59528,2949120,0.37342,7897587
2,2021-03-31,98363,4477426,50594,2223090,42929,2147577,4840,106759,58492,1378469,0.174543,39681,1634374,0.206946,63723,3012843,0.381489,7897587
2,2021-04-01,113092,4590518,54485,2277575,50055,2197632,8552,115311,62514,1399666,0.177227,50363,1684737,0.213323,71560,3084403,0.39055,7897587
2,2021-04-02,107483,4698001,49771,2327346,48119,2245751,9593,124904,58702,1419968,0.179798,48491,1733228,0.219463,68793,3153196,0.399261,7897587
2,2021-04-03,74047,4772048,36227,2363573,28477,2274228,9343,134247,37186,1430330,0.18111,36694,1769922,0.224109,47056,3200252,0.405219,7897587
2,2021-04-04,28552,4800600,14682,2378255,10102,2284330,3768,138015,13153,1431990,0.18132,15347,1785269,0.226052,17007,3217259,0.407372,7897587
2,2021-04-05,76931,4877531,38015,2416270,30486,2314816,8430,146445,38064,1440650,0.182416,38764,1824033,0.230961,47424,3264683,0.413377,7897587
2,2021-04-06,100929,4978460,49377,2465647,37388,2352204,14164,160609,48740,1452281,0.183889,51993,1876026,0.237544,63624,3328307,0.421433,7897587
2,2021-04-07,107620,5086080,53932,2519579,37995,2390199,15693,176302,51596,1464645,0.185455,55819,1931845,0.244612,68183,3396490,0.430067,7897587
2,2021-04-08,115736,5201816,56092,2575671,41546,2431745,18098,194400,54422,1476758,0.186989,61087,1992932,0.252347,73200,3469690,0.439335,7897587
2,2021-04-09,114986,5316802,55536,2631207,41972,2473717,17478,211878,55020,1490719,0.188756,59707,2052639,0.259907,73668,3543358,0.448663,7897587
2,2021-04-10,83101,5399903,36389,2667596,29102,2502819,17610,229488,34563,1495326,0.18934,48386,2101025,0.266034,52993,3596351,0.455373,7897587
2,2021-04-11,42396,5442299,22241,2689837,11874,2514693,8281,237769,17627,1497582,0.189625,24690,2125715,0.26916,26946,3623297,0.458785,7897587
2,2021-04-12,77882,5520181,36399,2726236,32418,2547111,9065,246834,35201,1500387,0.18998,42479,2168194,0.274539,45284,3668581,0.464519,7897587
2,2021-04-13,98419,5618600,51035,2777271,47150,2594261,234,247068,54188,1511940,0.191443,44031,2212225,0.280114,55584,3724165,0.471557,7897587
2,2021-04-14,102668,5721268,53897,2831168,48729,2642990,42,247110,53203,1517917,0.1922,49262,2261487,0.286352,55239,3779404,0.478552,7897587
2,2021-04-15,108037,5829305,57642,2888810,50333,2693323,62,247172,57008,1525949,0.193217,50748,2312235,0.292777,58780,3838184,0.485995,7897587
2,2021-04-16,104617,5933922,54292,2943102,50279,2743602,46,247218,54105,1530830,0.193835,50291,2362526,0.299145,55172,3893356,0.49298,7897587
2,2021-04-17,77583,6011505,40067,2983169,37512,2781114,4,247222,43233,1541008,0.195124,34192,2396718,0.303475,44370,3937726,0.498599,7897587
2,2021-04-18,33021,6044526,19604,3002773,13415,2794529,2,247224,16055,1541387,0.195172,16893,2413611,0.305614,17272,3954998,0.500786,7897587
2,2021-04-19,71352,6115878,38570,3041343,32776,2827305,6,247230,32746,1536677,0.194576,38442,2452053,0.310481,33732,3988730,0.505057,7897587
2,2021-04-20,91712,6207590,45488,3086831,46210,2873515,14,247244,44915,1536781,0.194589,46575,2498628,0.316379,46679,4035409,0.510967,7897587
2,2021-04-21,95308,6302898,50946,3137777,44305,2917820,57,247301,45307,1534381,0.194285,49723,2548351,0.322675,47323,4082732,0.516959,7897587
2,2021-04-22,95255,6398153,49347,3187124,45894,2963714,14,247315,42150,1526100,0.193236,52860,2601211,0.329368,44579,4127311,0.522604,7897587
2,2021-04-23,81798,6479951,44640,3231764,37140,3000854,18,247333,37607,1522510,0.192782,43987,2645198,0.334937,40397,4167708,0.527719,7897587
2,2021-04-24,40297,6520248,25559,3257323,14717,3015571,21,247354,22541,1528885,0.193589,17669,2662867,0.337175,24044,4191752,0.530764,7897587
3,2020-12-15,302,302,302,302,0,0,0,0,302,302,3.9e-05,0,0,0.0,302,302,3.9e-05,7688185
3,2020-12-16,2204,2506,2204,2506,0,0,0,0,2204,2506,0.000326,0,0,0.0,2204,2506,0.000326,7688185
3,2020-12-17,7602,10108,7602,10108,0,0,0,0,7602,10108,0.001315,0,0,0.0,7602,10108,0.001315,7688185
3,2020-12-18,12804,22912,12793,22901,11,11,0,0,12803,22911,0.00298,0,0,0.0,12803,22911,0.00298,7688185
3,2020-12-19,7031,29943,7020,29921,11,22,0,0,7095,30006,0.003903,0,0,0.0,7095,30006,0.003903,7688185
3,2020-12-20,5476,35419,5469,35390,7,29,0,0,5522,35527,0.004621,1,1,0.0,5522,35528,0.004621,7688185
3,2020-12-21,14263,49682,14242,49632,21,50,0,0,14328,49854,0.006484,1,2,0.0,14328,49856,0.006485,7688185
3,2020-12-22,14606,64288,14041,63673,565,615,0,0,14645,64499,0.008389,0,2,0.0,14645,64501,0.00839,7688185
3,2020-12-23,14640,78928,12062,75735,2578,3193,0,0,14667,79166,0.010297,0,2,0.0,14667,79168,0.010297,7688185
3,2020-12-24,6753,85681,4852,80587,1901,5094,0,0,6751,85916,0.011175,1,3,0.0,6751,85919,0.011175,7688185
3,2020-12-25,717,86398,663,81250,54,5148,0,0,716,86632,0.011268,0,3,0.0,716,86635,0.011269,7688185
3,2020-12-26,4595,90993,2983,84233,1612,6760,0,0,4593,91225,0.011866,0,3,0.0,4593,91228,0.011866,7688185
3,2020-12-27,2950,93943,1832,86065,1118,7878,0,0,2951,94176,0.012249,0,3,0.0,2951,94179,0.01225,7688185
3,2020-12-28,13452,107395,8602,94667,4850,12728,0,0,13479,107654,0.014003,1,4,1e-06,13479,107658,0.014003,7688185
3,2020-12-29,14879,122274,8411,103078,6468,19196,0,0,14909,122561,0.015941,2,6,1e-06,14909,122567,0.015942,7688185
3,2020-12-30,17916,140190,10032,113110,7884,27080,0,0,17906,140467,0.018271,0,6,1e-06,17906,140473,0.018271,7688185
3,2020-12-31,8258,148448,3166,116276,5092,32172,0,0,8257,148723,0.019344,1,7,1e-06,8257,148730,0.019345,7688185
3,2021-01-01,1129,149577,508,116784,621,32793,0,0,1126,149849,0.019491,0,7,1e-06,1126,149856,0.019492,7688185
3,2021-01-02,4972,154549,2460,119244,2512,35305,0,0,4972,154821,0.020138,0,7,1e-06,4972,154828,0.020138,7688185
3,2021-01-03,1587,156136,840,120084,747,36052,0,0,1578,156395,0.020342,4,11,1e-06,1578,156406,0.020344,7688185
3,2021-01-04,11928,168064,5973,126057,5955,42007,0,0,11902,168290,0.021889,7,18,2e-06,11902,168308,0.021892,7688185
3,2021-01-05,15520,183584,8011,134068,7509,49516,0,0,13922,180651,0.023497,1583,1601,0.000208,13944,182252,0.023705,7688185
3,2021-01-06,20000,203584,10486,144554,9514,59030,0,0,15768,192231,0.025003,4194,5795,0.000754,15774,198026,0.025757,7688185
3,2021-01-07,25986,229570,14806,159360,11180,70210,0,0,16951,200187,0.026038,9008,14803,0.001925,16964,214990,0.027964,7688185
3,2021-01-08,29846,259416,18307,177667,11539,81749,0,0,17782,205944,0.026787,12045,26848,0.003492,17802,232792,0.030279,7688185
3,2021-01-09,12004,271420,6764,184431,5240,86989,0,0,7706,209363,0.027232,4292,31140,0.00405,7711,240503,0.031282,7688185
3,2021-01-10,7145,278565,4463,188894,2682,89671,0,0,4005,210234,0.027345,3138,34278,0.004459,4009,244512,0.031804,7688185
3,2021-01-11,28577,307142,18689,207583,9888,99559,0,0,16153,213989,0.027833,12418,46696,0.006074,16173,260685,0.033907,7688185
3,2021-01-12,31827,338969,19016,226599,12811,112370,0,0,19473,221207,0.028772,12338,59034,0.007679,19556,280241,0.036451,7688185
3,2021-01-13,34204,373173,17910,244509,16294,128664,0,0,24145,235310,0.030607,10059,69093,0.008987,24162,304403,0.039594,7688185
3,2021-01-14,34231,407404,14067,258576,20164,148828,0,0,28383,257906,0.033546,5818,74911,0.009744,28414,332817,0.043289,7688185
3,2021-01-15,38482,445886,14378,272954,24104,172932,0,0,33895,287280,0.037366,4577,79488,0.010339,33951,366768,0.047705,7688185
3,2021-01-16,21728,467614,7602,280556,14126,187058,0,0,19427,304442,0.039599,2287,81775,0.010636,19449,386217,0.050235,7688185
3,2021-01-17,13090,480704,4461,285017,8629,195687,0,0,12070,315509,0.041038,1020,82795,0.010769,12087,398304,0.051807,7688185
3,2021-01-18,24507,505211,12745,297762,11762,207449,0,0,19031,329084,0.042804,5494,88289,0.011484,19069,417373,0.054288,7688185
3,2021-01-19,40386,545597,20735,318497,19651,227100,0,0,31382,351563,0.045728,8979,97268,0.012652,31458,448831,0.058379,7688185
3,2021-01-20,44486,590083,21819,340316,22667,249767,0,0,35287,377763,0.049136,9158,106426,0.013843,35358,484189,0.062978,7688185
3,2021-01-21,46882,636965,20151,360467,26731,276498,0,0,41519,414051,0.053855,5293,111719,0.014531,41581,525770,0.068387,7688185
3,2021-01-22,48999,685964,19510,379977,29489,305987,0,0,44918,454941,0.059174,4093,115812,0.015064,44983,570753,0.074238,7688185
3,2021-01-23,29921,715885,12688,392665,17233,323220,0,0,26622,478317,0.062215,3288,119100,0.015491,26664,597417,0.077706,7688185
3,2021-01-24,17578,733463,8474,401139,9104,332324,0,0,16437,493640,0.064208,1137,120237,0.015639,16460,613877,0.079847,7688185
3,2021-01-25,40151,773614,17969,419108,22182,354506,0,0,30388,514358,0.066902,9747,129984,0.016907,30465,644342,0.083809,7688185
3,2021-01-26,46404,820018,22114,441222,24290,378796,0,0,36511,541083,0.070379,9889,139873,0.018193,36614,680956,0.088572,7688185
3,2021-01-27,50251,870269,24390,465612,25861,404657,0,0,39815,570608,0.074219,10359,150232,0.019541,39884,720840,0.093759,7688185
3,2021-01-28,51107,921376,23713,489325,27394,432051,0,0,42363,604352,0.078608,8663,158895,0.020667,42407,763247,0.099275,7688185
3,2021-01-29,49987,971363,24063,513388,25924,457975,0,0,40626,635856,0.082706,9177,168072,0.021861,40681,803928,0.104567,7688185
3,2021-01-30,36522,1007885,17312,530700,19210,477185,0,0,32010,663475,0.086298,4468,172540,0.022442,32087,836015,0.10874,7688185
3,2021-01-31,22163,1030048,12795,543495,9368,486553,0,0,20703,682741,0.088804,1452,173992,0.022631,20718,856733,0.111435,7688185
3,2021-02-01,44654,1074702,20111,563606,24543,511096,0,0,34595,707352,0.092005,10020,184012,0.023934,34631,891364,0.115939,7688185
3,2021-02-02,53900,1128602,22793,586399,31107,542203,0,0,41272,736126,0.095748,12545,196557,0.025566,41319,932683,0.121314,7688185
3,2021-02-03,59405,1188007,26476,612875,32929,575132,0,0,44355,765643,0.099587,14899,211456,0.027504,44416,977099,0.127091,7688185
3,2021-02-04,63793,1251800,27743,640618,36050,611182,0,0,46883,795903,0.103523,16722,228178,0.029679,46982,1024081,0.133202,7688185
3,2021-02-05,69572,1321372,29651,670269,39921,651103,0,0,48255,823216,0.107075,21109,249287,0.032425,48422,1072503,0.1395,7688185
3,2021-02-06,43353,1364725,21111,691380,22242,673345,0,0,33668,847411,0.110223,9658,258945,0.033681,33853,1106356,0.143903,7688185
3,2021-02-07,19358,1384083,12241,703621,7117,680462,0,0,14904,857997,0.111599,4444,263389,0.034259,15030,1121386,0.145858,7688185
3,2021-02-08,50539,1434622,24339,727960,26200,706662,0,0,33245,874248,0.113713,17178,280567,0.036493,33429,1154815,0.150206,7688185
3,2021-02-09,57867,1492489,28152,756112,29715,736377,0,0,34025,884938,0.115104,23676,304243,0.039573,34366,1189181,0.154676,7688185
3,2021-02-10,67116,1559605,31191,787303,35925,772302,0,0,36516,891597,0.11597,30373,334616,0.043523,37032,1226213,0.159493,7688185
3,2021-02-11,69342,1628947,34076,821379,35266,807568,0,0,37398,897901,0.11679,31620,366236,0.047636,37924,1264137,0.164426,7688185
3,2021-02-12,74150,1703097,32032,853411,42118,849686,0,0,41159,907066,0.117982,32743,398979,0.051895,41908,1306045,0.169877,7688185
3,2021-02-13,44373,1747470,20164,873575,24209,873895,0,0,25618,914654,0.118969,18609,417588,0.054316,26197,1332242,0.173284,7688185
3,2021-02-14,27018,1774488,13510,887085,13508,887403,0,0,15132,918405,0.119457,11842,429430,0.055856,15593,1347835,0.175313,7688185
3,2021-02-15,39443,1813931,17054,904139,22389,909792,0,0,21899,923789,0.120157,17464,446894,0.058127,22848,1370683,0.178284,7688185
3,2021-02-16,68697,1882628,32614,936753,36083,945875,0,0,35947,928152,0.120724,32628,479522,0.062371,36991,1407674,0.183096,7688185
3,2021-02-17,70390,1953018,35728,972481,34662,980537,0,0,33608,926270,0.12048,36591,516113,0.067131,34709,1442383,0.18761,7688185
3,2021-02-18,75087,2028105,39128,1011609,35959,1016496,0,0,35140,922943,0.120047,39834,555947,0.072312,36507,1478890,0.192359,7688185
3,2021-02-19,67069,2095174,38766,1050375,28303,1044799,0,0,34133,924916,0.120304,32852,588799,0.076585,34825,1513715,0.196888,7688185
3,2021-02-20,40997,2136171,25976,1076351,15021,1059820,0,0,21867,928228,0.120734,19047,607846,0.079062,22359,1536074,0.199797,7688185
3,2021-02-21,19466,2155637,15748,1092099,3718,1063538,0,0,9197,927645,0.120659,10210,618056,0.08039,9627,1545701,0.201049,7688185
3,2021-02-22,44397,2200034,28975,1121074,15422,1078960,0,0,21017,925907,0.120432,23306,641362,0.083422,21568,1567269,0.203854,7688185
3,2021-02-23,59165,2259199,32187,1153261,26978,1105938,0,0,26039,920967,0.11979,33012,674374,0.087716,28072,1595341,0.207506,7688185
3,2021-02-24,75397,2334596,36808,1190069,38589,1144527,0,0,33736,915749,0.119111,41510,715884,0.093115,36292,1631633,0.212226,7688185
3,2021-02-25,83743,2418339,40298,1230367,43445,1187972,0,0,42007,918842,0.119514,41538,757422,0.098518,44631,1676264,0.218031,7688185
3,2021-02-26,94255,2512594,42905,1273272,51350,1239322,0,0,50226,927521,0.120642,43734,801156,0.104206,52413,1728677,0.224849,7688185
3,2021-02-27,66181,2578775,29935,1303207,36243,1275565,3,3,35119,933043,0.121361,30906,832062,0.108226,36428,1765105,0.229587,7688185
3,2021-02-28,37290,2616065,21616,1324823,15674,1291239,0,3,19419,935702,0.121706,17758,849820,0.110536,20417,1785522,0.232242,7688185
3,2021-03-01,64682,2680747,34255,1359078,30421,1321660,6,9,36171,944915,0.122905,28375,878195,0.114227,37588,1823110,0.237131,7688185
3,2021-03-02,73821,2754568,35223,1394301,38597,1360257,1,10,42762,958845,0.124717,30951,909146,0.118252,44881,1867991,0.242969,7688185
3,2021-03-03,85871,2840439,40604,1434905,45255,1405512,12,22,47762,970992,0.126297,37955,947101,0.123189,50102,1918093,0.249486,7688185
3,2021-03-04,90174,2930613,43880,1478785,46279,1451791,15,37,51480,986290,0.128286,38521,985622,0.1282,53819,1971912,0.256486,7688185
3,2021-03-05,86698,3017311,42101,1520886,44312,1496103,285,322,52922,1008197,0.131136,33583,1019205,0.132568,55490,2027402,0.263704,7688185
3,2021-03-06,63399,3080710,31883,1552769,29390,1525493,2126,2448,36336,1021268,0.132836,26948,1046153,0.136073,40019,2067421,0.268909,7688185
3,2021-03-07,36240,3116950,21424,1574193,13714,1539207,1102,3550,20763,1029272,0.133877,15437,1061590,0.138081,23441,2090862,0.271958,7688185
3,2021-03-08,57130,3174080,26968,1601161,27365,1566572,2797,6347,36092,1048809,0.136418,20946,1082536,0.140805,40483,2131345,0.277223,7688185
3,2021-03-09,69615,3243695,29403,1630564,35903,1602475,4309,10656,36168,1057691,0.137574,33357,1115893,0.145144,42239,2173584,0.282717,7688185
3,2021-03-10,79378,3323073,39088,1669652,34420,1636895,5870,16526,41097,1068456,0.138974,38133,1154026,0.150104,48898,2222482,0.289078,7688185
3,2021-03-11,94319,3417392,45871,1715523,40065,1676960,8383,24909,46465,1077178,0.140108,47642,1201668,0.156301,56364,2278846,0.296409,7688185
3,2021-03-12,99639,3517031,44339,1759862,43598,1720558,11702,36611,45685,1081927,0.140726,53794,1255462,0.163298,58543,2337389,0.304024,7688185
3,2021-03-13,68156,3585187,28752,1788614,32311,1752869,7093,43704,35967,1094278,0.142332,32103,1287565,0.167473,44454,2381843,0.309806,7688185
3,2021-03-14,40134,3625321,21059,1809673,15616,1768485,3459,47163,21876,1102131,0.143354,18207,1305772,0.169841,26060,2407903,0.313195,7688185
3,2021-03-15,74035,3699356,35070,1844743,34520,1803005,4445,51608,39396,1112482,0.1447,34495,1340267,0.174328,44846,2452749,0.319028,7688185
3,2021-03-16,93308,3792664,42854,1887597,46237,1849242,4217,55825,53386,1131397,0.14716,39752,1380019,0.179499,58667,2511416,0.326659,7688185
3,2021-03-17,95818,3888482,46495,1934092,44960,1894202,4363,60188,58885,1158609,0.1507,36779,1416798,0.184283,63991,2575407,0.334982,7688185
3,2021-03-18,100254,3988736,50490,1984582,45448,1939650,4316,64504,58832,1181374,0.153661,41219,1458017,0.189644,63984,2639391,0.343305,7688185
3,2021-03-19,99940,4088676,53088,2037670,42465,1982115,4387,68891,57130,1200956,0.156208,42620,1500637,0.195187,62202,2701593,0.351395,7688185
3,2021-03-20,69965,4158641,36025,2073695,30401,2012516,3539,72430,44281,1223852,0.159186,25544,1526181,0.19851,48440,2750033,0.357696,7688185
3,2021-03-21,35281,4193922,23972,2097667,9851,2022367,1458,73888,22977,1236859,0.160878,12255,1538436,0.200104,25262,2775295,0.360982,7688185
3,2021-03-22,68363,4262285,40036,2137703,25910,2048277,2417,76305,44892,1261970,0.164144,23328,1561764,0.203138,48439,2823734,0.367282,7688185
3,2021-03-23,87683,4349968,48166,2185869,37116,2085393,2401,78706,57240,1292113,0.168065,30260,1592024,0.207074,60403,2884137,0.375139,7688185
3,2021-03-24,96838,4446806,55935,2241804,38176,2123569,2727,81433,56856,1312847,0.170762,39729,1631753,0.212242,60463,2944600,0.383003,7688185
3,2021-03-25,104311,4551117,57865,2299669,43640,2167209,2806,84239,60354,1332964,0.173378,43711,1675464,0.217927,63828,3008428,0.391305,7688185
3,2021-03-26,107577,4658694,57792,2357461,46606,2213815,3179,87418,57554,1344787,0.174916,49794,1725258,0.224404,61617,3070045,0.39932,7688185
3,2021-03-27,72663,4731357,36804,2394265,33340,2247155,2519,89937,36461,1348400,0.175386,36049,1761307,0.229093,39662,3109707,0.404479,7688185
3,2021-03-28,43084,4774441,27067,2421332,15218,2262373,799,90736,23063,1352819,0.175961,19944,1781251,0.231687,24363,3134070,0.407648,7688185
3,2021-03-29,78816,4853257,41174,2462506,35917,2298290,1725,92461,44900,1366509,0.177741,33739,1814990,0.236075,47429,3181499,0.413817,7688185
3,2021-03-30,97806,4951063,48114,2510620,46262,2344552,3430,95891,59497,1391925,0.181047,38123,1853113,0.241034,63539,3245038,0.422081,7688185
3,2021-03-31,102734,5053797,55463,2566083,42578,2387130,4693,100584,57357,1409089,0.18328,45232,1898345,0.246917,62396,3307434,0.430197,7688185
3,2021-04-01,119671,5173468,60231,2626314,50168,2437298,9272,109856,65593,1430453,0.186059,53888,1952233,0.253926,75252,3382686,0.439985,7688185
3,2021-04-02,114414,5287882,55857,2682171,48749,2486047,9808,119664,61301,1449168,0.188493,52910,2005143,0.260808,71625,3454311,0.449301,7688185
3,2021-04-03,74047,5361929,37680,2719851,27446,2513493,8921,128585,37293,1459136,0.189789,36654,2041797,0.265576,46622,3500933,0.455365,7688185
3,2021-04-04,31898,5393827,17043,2736894,10749,2524242,4106,132691,14250,1459971,0.189898,17587,2059384,0.267863,18422,3519355,0.457761,7688185
3,2021-04-05,86794,5480621,44255,2781149,33715,2557957,8824,141515,43348,1469729,0.191167,43309,2102693,0.273497,53067,3572422,0.464664,7688185
3,2021-04-06,111098,5591719,54231,2835380,42013,2599970,14854,156369,53091,1480713,0.192596,57804,2160497,0.281015,68788,3641210,0.473611,7688185
3,2021-04-07,113616,5705335,59056,2894436,38697,2638667,15863,172232,55669,1495047,0.19446,57751,2218248,0.288527,72085,3713295,0.482987,7688185
3,2021-04-08,118546,5823881,59495,2953931,39509,2678176,19542,191774,55691,1508516,0.196212,62634,2280882,0.296674,76103,3789398,0.492886,7688185
3,2021-04-09,114804,5938685,57439,3011370,38799,2716975,18566,210340,51154,1515829,0.197163,63466,2344348,0.304929,70779,3860177,0.502092,7688185
3,2021-04-10,81063,6019748,36605,3047975,29592,2746567,14866,225206,33254,1517230,0.197346,47675,2392023,0.31113,49076,3909253,0.508475,7688185
3,2021-04-11,43799,6063547,23519,3071494,12573,2759140,7707,232913,16687,1515575,0.19713,27040,2419063,0.314647,25385,3934638,0.511777,7688185
3,2021-04-12,82062,6145609,41741,3113235,31926,2791066,8395,241308,37795,1518750,0.197543,44102,2463165,0.320383,47277,3981915,0.517927,7688185
3,2021-04-13,102911,6248520,55785,3169020,46931,2837997,195,241503,54558,1526426,0.198542,48183,2511348,0.32665,55859,4037774,0.525192,7688185
3,2021-04-14,103271,6351791,56543,3225563,46644,2884641,84,241587,52528,1530386,0.199057,50519,2561867,0.333221,54479,4092253,0.532278,7688185
3,2021-04-15,114108,6465899,64360,3289923,49696,2934337,52,241639,61941,1541680,0.200526,51948,2613815,0.339978,63242,4155495,0.540504,7688185
3,2021-04-16,111098,6576997,62234,3352157,48776,2983113,88,241727,58461,1548604,0.201426,52416,2666231,0.346796,59340,4214835,0.548222,7688185
3,2021-04-17,75072,6652069,41282,3393439,33780,3016893,10,241737,41703,1558238,0.20268,33242,2699473,0.35112,42876,4257711,0.553799,7688185
3,2021-04-18,36194,6688263,21308,3414747,14883,3031776,3,241740,17228,1557576,0.202593,18898,2718371,0.353578,18236,4275947,0.556171,7688185
3,2021-04-19,76283,6764546,42663,3457410,33573,3065349,47,241787,34739,1551825,0.201845,41417,2759788,0.358965,35666,4311613,0.56081,7688185
3,2021-04-20,95417,6859963,49046,3506456,46363,3111712,8,241795,46628,1551562,0.201811,48635,2808423,0.365291,48372,4359985,0.567102,7688185
3,2021-04-21,96221,6956184,52985,3559441,43177,3154889,59,241854,45274,1547831,0.201326,50716,2859139,0.371887,46985,4406970,0.573213,7688185
3,2021-04-22,95026,7051210,53353,3612794,41657,3196546,16,241870,41350,1537683,0.200006,53461,2912600,0.378841,43313,4450283,0.578847,7688185
3,2021-04-23,79676,7130886,46217,3659011,33444,3229990,15,241885,34445,1529998,0.199006,45003,2957603,0.384695,37318,4487601,0.583701,7688185
3,2021-04-24,32242,7163128,21259,3680270,10950,3240940,33,241918,16347,1531723,0.199231,15834,2973437,0.386754,17559,4505160,0.585985,7688185
4,2020-12-15,444,444,444,444,0,0,0,0,444,444,5.9e-05,0,0,0.0,444,444,5.9e-05,7584050
4,2020-12-16,2955,3399,2955,3399,0,0,0,0,2955,3399,0.000448,0,0,0.0,2955,3399,0.000448,7584050
4,2020-12-17,8516,11915,8516,11915,0,0,0,0,8516,11915,0.001571,0,0,0.0,8516,11915,0.001571,7584050
4,2020-12-18,15363,27278,15353,27268,10,10,0,0,15363,27278,0.003597,0,0,0.0,15363,27278,0.003597,7584050
4,2020-12-19,10229,37507,10222,37490,7,17,0,0,10164,37442,0.004937,0,0,0.0,10164,37442,0.004937,7584050
4,2020-12-20,7358,44865,7346,44836,12,29,0,0,7313,44755,0.005901,0,0,0.0,7313,44755,0.005901,7584050
4,2020-12-21,16266,61131,16242,61078,24,53,0,0,16199,60954,0.008037,0,0,0.0,16199,60954,0.008037,7584050
4,2020-12-22,17084,78215,16355,77433,729,782,0,0,17040,77994,0.010284,0,0,0.0,17040,77994,0.010284,7584050
4,2020-12-23,16876,95091,14203,91636,2673,3455,0,0,16847,94841,0.012505,0,0,0.0,16847,94841,0.012505,7584050
4,2020-12-24,8522,103613,5948,97584,2574,6029,0,0,8522,103363,0.013629,0,0,0.0,8522,103363,0.013629,7584050
4,2020-12-25,898,104511,793,98377,105,6134,0,0,898,104261,0.013747,0,0,0.0,898,104261,0.013747,7584050
4,2020-12-26,6159,110670,3858,102235,2301,8435,0,0,6159,110420,0.01456,0,0,0.0,6159,110420,0.01456,7584050
4,2020-12-27,3416,114086,1996,104231,1420,9855,0,0,3416,113836,0.01501,0,0,0.0,3416,113836,0.01501,7584050
4,2020-12-28,14943,129029,9230,113461,5713,15568,0,0,14914,128749,0.016976,1,1,0.0,14914,128750,0.016976,7584050
4,2020-12-29,15208,144237,8419,121880,6789,22357,0,0,15174,143923,0.018977,0,1,0.0,15174,143924,0.018977,7584050
4,2020-12-30,18843,163080,11057,132937,7786,30143,0,0,18832,162753,0.02146,2,3,0.0,18832,162756,0.02146,7584050
4,2020-12-31,8176,171256,3310,136247,4866,35009,0,0,8171,170922,0.022537,2,5,1e-06,8171,170927,0.022538,7584050
4,2021-01-01,1155,172411,481,136728,674,35683,0,0,1154,172075,0.022689,1,6,1e-06,1154,172081,0.02269,7584050
4,2021-01-02,5638,178049,3185,139913,2453,38136,0,0,5637,177711,0.023432,1,7,1e-06,5637,177718,0.023433,7584050
4,2021-01-03,2106,180155,1249,141162,857,38993,0,0,2092,179799,0.023708,4,11,1e-06,2092,179810,0.023709,7584050
4,2021-01-04,12912,193067,7040,148202,5872,44865,0,0,12864,192632,0.0254,31,42,6e-06,12864,192674,0.025405,7584050
4,2021-01-05,16660,209727,9847,158049,6813,51678,0,0,14637,205279,0.027067,2001,2043,0.000269,14648,207322,0.027337,7584050
4,2021-01-06,21410,231137,13140,171189,8270,59948,0,0,15580,215094,0.028361,5776,7819,0.001031,15591,222913,0.029392,7584050
4,2021-01-07,27704,258841,16897,188086,10807,70755,0,0,16943,221342,0.029185,10707,18526,0.002443,16955,239868,0.031628,7584050
4,2021-01-08,32542,291383,20905,208991,11637,82392,0,0,18419,225722,0.029763,14054,32580,0.004296,18434,258302,0.034059,7584050
4,2021-01-09,16022,307405,9466,218457,6556,88948,0,0,9376,228483,0.030127,6626,39206,0.00517,9387,267689,0.035296,7584050
4,2021-01-10,8688,316093,5619,224076,3069,92017,0,0,4086,227995,0.030062,4581,43787,0.005774,4093,271782,0.035836,7584050
4,2021-01-11,33181,349274,21730,245806,11451,103468,0,0,18724,232326,0.030634,14418,58205,0.007675,18749,290531,0.038308,7584050
4,2021-01-12,37970,387244,21788,267594,16182,119650,0,0,23963,242369,0.031958,13957,72162,0.009515,24000,314531,0.041473,7584050
4,2021-01-13,38310,425554,18849,286443,19461,139111,0,0,27156,258448,0.034078,11101,83263,0.010979,27180,341711,0.045057,7584050
4,2021-01-14,38748,464302,14767,301210,23981,163092,0,0,31716,283206,0.037342,6984,90247,0.0119,31742,373453,0.049242,7584050
4,2021-01-15,44974,509276,15570,316780,29404,192496,0,0,39470,317247,0.041831,5449,95696,0.012618,39490,412943,0.054449,7584050
4,2021-01-16,28486,537762,9322,326102,19164,211660,0,0,25387,339585,0.044776,3063,98759,0.013022,25401,438344,0.057798,7584050
4,2021-01-17,18931,556693,6633,332735,12298,223958,0,0,17425,355543,0.04688,1481,100240,0.013217,17439,455783,0.060098,7584050
4,2021-01-18,29097,585790,13359,346094,15738,239696,0,0,23151,372877,0.049166,5848,106088,0.013988,23182,478965,0.063154,7584050
4,2021-01-19,45823,631613,23149,369243,22674,262370,0,0,36553,400286,0.05278,9213,115301,0.015203,36622,515587,0.067983,7584050
4,2021-01-20,51092,682705,26970,396213,24122,286492,0,0,40767,430872,0.056813,10231,125532,0.016552,40817,556404,0.073365,7584050
4,2021-01-21,55879,738584,24625,420838,31254,317746,0,0,49590,474271,0.062535,6227,131759,0.017373,49626,606030,0.079908,7584050
4,2021-01-22,54665,793249,21943,442781,32722,350468,0,0,49610,518955,0.068427,4956,136715,0.018027,49640,655670,0.086454,7584050
4,2021-01-23,39335,832584,17392,460173,21943,372411,0,0,35055,549767,0.07249,4271,140986,0.01859,35083,690753,0.09108,7584050
4,2021-01-24,23875,856459,10480,470653,13395,385806,0,0,22012,569938,0.07515,1856,142842,0.018835,22027,712780,0.093984,7584050
4,2021-01-25,47473,903932,21936,492589,25537,411343,0,0,36512,595569,0.078529,10935,153777,0.020276,36566,749346,0.098806,7584050
4,2021-01-26,56093,960025,28614,521203,27479,438822,0,0,44099,627783,0.082777,11939,165716,0.021851,44153,793499,0.104627,7584050
4,2021-01-27,55007,1015032,26592,547795,28415,467237,0,0,44138,661231,0.087187,10737,176453,0.023266,44185,837684,0.110453,7584050
4,2021-01-28,55920,1070952,25241,573036,30679,497916,0,0,46114,697671,0.091992,9718,186171,0.024548,46158,883842,0.11654,7584050
4,2021-01-29,55903,1126855,26866,599902,29037,526953,0,0,45694,733333,0.096694,10070,196241,0.025875,45732,929574,0.12257,7584050
4,2021-01-30,37407,1164262,17012,616914,20395,547348,0,0,32192,760382,0.100261,5167,201408,0.026557,32216,961790,0.126817,7584050
4,2021-01-31,23746,1188008,12474,629388,11272,558620,0,0,22163,780988,0.102978,1568,202976,0.026764,22174,983964,0.129741,7584050
4,2021-02-01,48015,1236023,22641,652029,25374,583994,0,0,37796,808629,0.106622,10194,213170,0.028108,37835,1021799,0.13473,7584050
4,2021-02-02,55599,1291622,26267,678296,29332,613326,0,0,41988,837178,0.110387,13480,226650,0.029885,42029,1063828,0.140272,7584050
4,2021-02-03,61623,1353245,30285,708581,31338,644664,0,0,47518,870756,0.114814,13995,240645,0.03173,47573,1111401,0.146545,7584050
4,2021-02-04,67080,1420325,31278,739859,35802,680466,0,0,50557,905045,0.119335,16369,257014,0.033889,50658,1162059,0.153224,7584050
4,2021-02-05,72460,1492785,33580,773439,38880,719346,0,0,50681,934315,0.123195,21539,278553,0.036729,50809,1212868,0.159924,7584050
4,2021-02-06,47911,1540696,25936,799375,21975,741321,0,0,36531,959695,0.126541,11352,289905,0.038226,36732,1249600,0.164767,7584050
4,2021-02-07,26198,1566894,17278,816653,8920,750241,0,0,19865,973494,0.128361,6299,296204,0.039056,20098,1269698,0.167417,7584050
4,2021-02-08,58003,1624897,29782,846435,28221,778462,0,0,37810,991497,0.130735,20064,316268,0.041702,38067,1307765,0.172436,7584050
4,2021-02-09,66669,1691566,33956,880391,32713,811175,0,0,39224,1003732,0.132348,27385,343653,0.045313,39620,1347385,0.17766,7584050
4,2021-02-10,76692,1768258,38381,918772,38311,849486,0,0,41024,1009843,0.133154,35442,379095,0.049986,41553,1388938,0.183139,7584050
4,2021-02-11,80316,1848574,41859,960631,38457,887943,0,0,41740,1013867,0.133684,38371,417466,0.055045,42395,1431333,0.188729,7584050
4,2021-02-12,83530,1932104,37432,998063,46098,934041,0,0,43215,1017695,0.134189,40166,457632,0.060341,43994,1475327,0.19453,7584050
4,2021-02-13,58220,1990324,29521,1027584,28699,962740,0,0,29774,1020017,0.134495,28337,485969,0.064078,30659,1505986,0.198573,7584050
4,2021-02-14,36546,2026870,18994,1046578,17552,980292,0,0,18784,1021747,0.134723,17725,503694,0.066415,19455,1525441,0.201138,7584050
4,2021-02-15,45679,2072549,21444,1068022,24235,1004527,0,0,23579,1024487,0.135084,22033,525727,0.06932,24773,1550214,0.204405,7584050
4,2021-02-16,79080,2151629,36211,1104233,42869,1047396,0,0,40494,1027739,0.135513,38505,564232,0.074397,41757,1591971,0.20991,7584050
4,2021-02-17,80040,2231669,37788,1142021,42252,1089648,0,0,38415,1025836,0.135262,41483,605715,0.079867,39580,1631551,0.215129,7584050
4,2021-02-18,81968,2313637,45194,1187215,36774,1126422,0,0,38188,1021867,0.134739,43655,649370,0.085623,39686,1671237,0.220362,7584050
4,2021-02-19,80786,2394423,50819,1238034,29967,1156389,0,0,40758,1023417,0.134943,39900,689270,0.090884,41450,1712687,0.225827,7584050
4,2021-02-20,47666,2442089,32065,1270099,15601,1171990,0,0,26314,1029113,0.135694,21310,710580,0.093694,27006,1739693,0.229388,7584050
4,2021-02-21,25503,2467592,19937,1290036,5566,1177556,0,0,11586,1027150,0.135436,13870,724450,0.095523,11907,1751600,0.230958,7584050
4,2021-02-22,51938,2519530,35748,1325784,16190,1193746,0,0,25285,1026370,0.135333,26573,751023,0.099027,25793,1777393,0.234359,7584050
4,2021-02-23,72055,2591585,39752,1365536,32303,1226049,0,0,31720,1019586,0.134438,40234,791257,0.104332,33450,1810843,0.23877,7584050
4,2021-02-24,87182,2678767,45846,1411382,41336,1267385,0,0,39547,1013858,0.133683,47458,838715,0.110589,41730,1852573,0.244272,7584050
4,2021-02-25,97324,2776091,50560,1461942,46764,1314149,0,0,46724,1012705,0.133531,50459,889174,0.117243,49306,1901879,0.250774,7584050
4,2021-02-26,103509,2879600,52134,1514076,51375,1365524,0,0,53501,1018734,0.134326,49802,938976,0.123809,55831,1957710,0.258135,7584050
4,2021-02-27,74551,2954151,40293,1554369,34252,1399776,6,6,39884,1025543,0.135224,34558,973534,0.128366,41367,1999077,0.26359,7584050
4,2021-02-28,44754,2998905,27738,1582107,17015,1416791,1,7,24978,1031796,0.136048,19668,993202,0.130959,25921,2024998,0.267007,7584050
4,2021-03-01,74125,3073030,43284,1625391,30832,1447623,9,16,41031,1041168,0.137284,32920,1026122,0.1353,42292,2067290,0.272584,7584050
4,2021-03-02,80035,3153065,44649,1670040,35383,1483006,3,19,47024,1057154,0.139392,32882,1059004,0.139636,48868,2116158,0.279027,7584050
4,2021-03-03,97068,3250133,51046,1721086,46016,1529022,6,25,53877,1069840,0.141064,43024,1102028,0.145309,55710,2171868,0.286373,7584050
4,2021-03-04,94700,3344833,52583,1773669,42105,1571127,12,37,52061,1081263,0.142571,42462,1144490,0.150907,53885,2225753,0.293478,7584050
4,2021-03-05,91775,3436608,49085,1822754,42382,1613509,308,345,54340,1100595,0.14512,37280,1181770,0.155823,56612,2282365,0.300943,7584050
4,2021-03-06,74513,3511121,41708,1864462,30204,1643713,2601,2946,45547,1121323,0.147853,28873,1210643,0.15963,49601,2331966,0.307483,7584050
4,2021-03-07,41197,3552318,26140,1890602,13915,1657628,1142,4088,24472,1131524,0.149198,16679,1227322,0.161829,26880,2358846,0.311027,7584050
4,2021-03-08,64637,3616955,33470,1924072,28015,1685643,3152,7240,42467,1156410,0.152479,22079,1249401,0.164741,46965,2405811,0.31722,7584050
4,2021-03-09,73141,3690096,33810,1957882,34260,1719903,5071,12311,37857,1165532,0.153682,35150,1284551,0.169375,44272,2450083,0.323057,7584050
4,2021-03-10,87524,3777620,44425,2002307,35807,1755710,7292,19603,43868,1174390,0.15485,43527,1328078,0.175115,52385,2502468,0.329965,7584050
4,2021-03-11,99031,3876651,52079,2054386,38737,1794447,8215,27818,45853,1176784,0.155166,53007,1381085,0.182104,55401,2557869,0.33727,7584050
4,2021-03-12,102903,3979554,50689,2105075,42074,1836521,10140,37958,44064,1173308,0.154707,58642,1439727,0.189836,55166,2613035,0.344543,7584050
4,2021-03-13,79472,4059026,36889,2141964,34319,1870840,8264,46222,37364,1178103,0.15534,42003,1481730,0.195375,46798,2659833,0.350714,7584050
4,2021-03-14,48853,4107879,27789,2169753,17494,1888334,3570,49792,25123,1183781,0.156088,23664,1505394,0.198495,29342,2689175,0.354583,7584050
4,2021-03-15,82703,4190582,44236,2213989,34289,1922623,4178,53970,42786,1191850,0.157152,39744,1545138,0.203735,47813,2736988,0.360887,7584050
4,2021-03-16,106094,4296676,54975,2268964,47779,1970402,3340,57310,57050,1204239,0.158786,48859,1593997,0.210178,61248,2798236,0.368963,7584050
4,2021-03-17,104533,4401209,56195,2325159,44971,2015373,3367,60677,61685,1227261,0.161821,42653,1636650,0.215802,65675,2863911,0.377623,7584050
4,2021-03-18,104543,4505752,57780,2382939,43174,2058547,3589,64266,60220,1247479,0.164487,44115,1680765,0.221618,64333,2928244,0.386106,7584050
4,2021-03-19,108488,4614240,62008,2444947,41397,2099944,5083,69349,62961,1270720,0.167552,45341,1726106,0.227597,68582,2996826,0.395149,7584050
4,2021-03-20,81954,4696194,47834,2492781,31174,2131118,2946,72295,51253,1294758,0.170721,30593,1756699,0.231631,54631,3051457,0.402352,7584050
4,2021-03-21,47167,4743361,34142,2526923,10797,2141915,2228,74523,28832,1308358,0.172514,18258,1774957,0.234038,31858,3083315,0.406553,7584050
4,2021-03-22,80448,4823809,52619,2579542,25204,2167119,2625,77148,51386,1334408,0.175949,28903,1803860,0.237849,54953,3138268,0.413798,7584050
4,2021-03-23,102548,4926357,61096,2640638,39386,2206505,2066,79214,64434,1363580,0.179796,37894,1841754,0.242846,67066,3205334,0.422641,7584050
4,2021-03-24,111663,5038020,72171,2712809,37198,2243703,2294,81508,64394,1383989,0.182487,46939,1888693,0.249035,67348,3272682,0.431522,7584050
4,2021-03-25,114620,5152640,70508,2783317,41825,2285528,2287,83795,66831,1406182,0.185413,47411,1936104,0.255286,69604,3342286,0.440699,7584050
4,2021-03-26,117407,5270047,71297,2854614,43127,2328655,2983,86778,66029,1424731,0.187859,51109,1987213,0.262025,69658,3411944,0.449884,7584050
4,2021-03-27,89719,5359766,53079,2907693,34868,2363523,1772,88550,46795,1431038,0.18869,42745,2029958,0.267661,49052,3460996,0.456352,7584050
4,2021-03-28,54731,5414497,36032,2943725,17835,2381358,864,89414,30630,1438846,0.18972,24001,2053959,0.270826,31809,3492805,0.460546,7584050
4,2021-03-29,91809,5506306,55211,2998936,34609,2415967,1989,91403,51441,1452629,0.191537,40194,2094153,0.276126,53977,3546782,0.467663,7584050
4,2021-03-30,115029,5621335,62682,3061618,48295,2464262,4052,95455,73761,1489781,0.196436,41109,2135262,0.281546,78261,3625043,0.477982,7584050
4,2021-03-31,118813,5740148,70317,3131935,42341,2506603,6155,101610,69175,1515937,0.199885,49406,2184668,0.288061,75562,3700605,0.487946,7584050
4,2021-04-01,139023,5879171,79556,3211491,46740,2553343,12727,114337,82775,1555714,0.20513,56024,2240692,0.295448,95801,3796406,0.500578,7584050
4,2021-04-02,133363,6012534,71551,3283042,48807,2602150,13005,127342,77711,1591381,0.209833,55445,2296137,0.302759,91112,3887518,0.512591,7584050
4,2021-04-03,98912,6111446,52716,3335758,33178,2635328,13018,140360,51964,1609913,0.212276,46806,2342943,0.30893,65338,3952856,0.521206,7584050
4,2021-04-04,46186,6157632,24372,3360130,14431,2649759,7383,147743,20474,1612185,0.212576,25659,2368602,0.312314,27931,3980787,0.524889,7584050
4,2021-04-05,106640,6264272,60611,3420741,33615,2683374,12414,160157,56461,1631673,0.215145,50046,2418648,0.318912,69534,4050321,0.534058,7584050
4,2021-04-06,136428,6400700,76969,3497710,39995,2723369,19464,179621,71465,1658617,0.218698,64794,2483442,0.327456,91738,4142059,0.546154,7584050
4,2021-04-07,134884,6535584,76646,3574356,37910,2761279,20328,199949,70304,1685435,0.222234,64391,2547833,0.335946,91209,4233268,0.55818,7584050
4,2021-04-08,136630,6672214,76582,3650938,35298,2796577,24750,224699,68384,1711260,0.225639,68033,2615866,0.344917,93858,4327126,0.570556,7584050
4,2021-04-09,134295,6806509,73796,3724734,38054,2834631,22445,247144,64551,1729836,0.228089,69574,2685440,0.35409,88150,4415276,0.582179,7584050
4,2021-04-10,101064,6907573,50033,3774767,32689,2867320,18342,265486,45939,1740271,0.229465,54977,2740417,0.36134,65412,4480688,0.590804,7584050
4,2021-04-11,61363,6968936,37372,3812139,13002,2880322,10989,276475,27017,1745251,0.230121,34276,2774693,0.365859,39256,4519944,0.59598,7584050
4,2021-04-12,100760,7069696,61453,3873592,29643,2909965,9664,286139,51225,1758068,0.231811,49304,2823997,0.37236,62121,4582065,0.604171,7584050
4,2021-04-13,127928,7197624,80269,3953861,47510,2957475,149,286288,77082,1785785,0.235466,50638,2874635,0.379037,78355,4660420,0.614503,7584050
4,2021-04-14,132370,7329994,84363,4038224,47942,3005417,65,286353,74221,1803872,0.237851,57904,2932539,0.386672,75991,4736411,0.624523,7584050
4,2021-04-15,151396,7481390,101105,4139329,50262,3055679,29,286382,93863,1841772,0.242848,57265,2989804,0.394223,95165,4831576,0.637071,7584050
4,2021-04-16,139918,7621308,89147,4228476,50703,3106382,68,286450,82231,1867507,0.246241,57440,3047244,0.401796,83175,4914751,0.648038,7584050
4,2021-04-17,97346,7718654,61913,4290389,35428,3141810,5,286455,57444,1886599,0.248759,39715,3086959,0.407033,58807,4973558,0.655792,7584050
4,2021-04-18,52916,7771570,35374,4325763,17539,3159349,3,286458,30263,1895440,0.249925,22561,3109520,0.410008,31402,5004960,0.659932,7584050
4,2021-04-19,97890,7869460,64581,4390344,33298,3192647,11,286469,50241,1899190,0.250419,47492,3157012,0.41627,51242,5056202,0.666689,7584050
4,2021-04-20,124104,7993564,72291,4462635,51808,3244455,5,286474,65078,1907086,0.25146,58800,3215812,0.424023,66696,5122898,0.675483,7584050
4,2021-04-21,121218,8114782,77827,4540462,43344,3287799,47,286521,59679,1907075,0.251459,61309,3277121,0.432107,61298,5184196,0.683566,7584050
4,2021-04-22,117457,8232239,75592,4616054,41846,3329645,19,286540,50994,1894047,0.249741,66239,3343360,0.440841,53211,5237407,0.690582,7584050
4,2021-04-23,99284,8331523,64843,4680897,34422,3364067,19,286559,41778,1883075,0.248294,57301,3400661,0.448396,46329,5283736,0.696691,7584050
4,2021-04-24,43115,8374638,29890,4710787,13192,3377259,33,286592,19482,1880754,0.247988,23565,3424226,0.451504,21244,5304980,0.699492,7584050
