vemquartile,administered_date,total_doses,cumulative_total_doses,pfizer_doses,cumulative_pfizer_doses,moderna_doses,cumulative_moderna_doses,jj_doses,cumulative_jj_doses,partially_vaccinated,total_partially_vaccinated,pct_age12pop_partially_vaccinated,fully_vaccinated,cumulative_fully_vaccinated,pct_age12pop_fully_vaccinated,at_least_one_dose,cumulative_at_least_one_dose,pct_age12pop_at_least_one_dose,age12_population
1,2020-12-15,153,153,153,153,0,0,0,0,153,153,1.8e-05,0,0,0.0,153,153,1.8e-05,8700223
1,2020-12-16,1227,1380,1227,1380,0,0,0,0,1227,1380,0.000159,0,0,0.0,1227,1380,0.000159,8700223
1,2020-12-17,4180,5560,4180,5560,0,0,0,0,4181,5561,0.000639,0,0,0.0,4181,5561,0.000639,8700223
1,2020-12-18,6374,11934,6352,11912,22,22,0,0,6376,11936,0.001372,1,1,0.0,6376,11937,0.001372,8700223
1,2020-12-19,2874,14808,2871,14783,3,25,0,0,2873,14808,0.001702,1,2,0.0,2873,14810,0.001702,8700223
1,2020-12-20,2125,16933,2117,16900,8,33,0,0,2126,16934,0.001946,0,2,0.0,2126,16936,0.001947,8700223
1,2020-12-21,7650,24583,7629,24529,21,54,0,0,7699,24633,0.002831,1,3,0.0,7700,24636,0.002832,8700223
1,2020-12-22,7305,31888,6963,31492,342,396,0,0,7306,31937,0.003671,2,5,1e-06,7306,31942,0.003671,8700223
1,2020-12-23,7833,39721,6576,38068,1257,1653,0,0,7828,39764,0.00457,2,7,1e-06,7829,39771,0.004571,8700223
1,2020-12-24,3299,43020,2362,40430,937,2590,0,0,3301,43065,0.00495,0,7,1e-06,3301,43072,0.004951,8700223
1,2020-12-25,237,43257,153,40583,84,2674,0,0,237,43302,0.004977,0,7,1e-06,237,43309,0.004978,8700223
1,2020-12-26,1359,44616,967,41550,392,3066,0,0,1358,44659,0.005133,1,8,1e-06,1358,44667,0.005134,8700223
1,2020-12-27,870,45486,538,42088,332,3398,0,0,870,45528,0.005233,1,9,1e-06,870,45537,0.005234,8700223
1,2020-12-28,7093,52579,4754,46842,2339,5737,0,0,7091,52619,0.006048,0,9,1e-06,7091,52628,0.006049,8700223
1,2020-12-29,8907,61486,4980,51822,3927,9664,0,0,8903,61519,0.007071,3,12,1e-06,8903,61531,0.007072,8700223
1,2020-12-30,11574,73060,6443,58265,5131,14795,0,0,11574,73093,0.008401,0,12,1e-06,11574,73105,0.008403,8700223
1,2020-12-31,5982,79042,1954,60219,4028,18823,0,0,5980,79071,0.009088,3,15,2e-06,5981,79086,0.00909,8700223
1,2021-01-01,592,79634,215,60434,377,19200,0,0,590,79659,0.009156,2,17,2e-06,590,79676,0.009158,8700223
1,2021-01-02,2913,82547,1765,62199,1148,20348,0,0,2915,82574,0.009491,0,17,2e-06,2915,82591,0.009493,8700223
1,2021-01-03,1038,83585,549,62748,489,20837,0,0,1037,83609,0.00961,2,19,2e-06,1037,83628,0.009612,8700223
1,2021-01-04,7375,90960,3584,66332,3791,24628,0,0,7379,90987,0.010458,1,20,2e-06,7379,91007,0.01046,8700223
1,2021-01-05,10864,101824,5250,71582,5614,30242,0,0,10069,100301,0.011529,777,797,9.2e-05,10091,101098,0.01162,8700223
1,2021-01-06,14078,115902,7064,78646,7014,37256,0,0,12156,110584,0.01271,1886,2683,0.000308,12169,113267,0.013019,8700223
1,2021-01-07,17521,133423,9163,87809,8358,45614,0,0,13006,119176,0.013698,4424,7107,0.000817,13016,126283,0.014515,8700223
1,2021-01-08,20179,153602,10481,98290,9698,55312,0,0,14236,127493,0.014654,5927,13034,0.001498,14244,140527,0.016152,8700223
1,2021-01-09,6689,160291,3398,101688,3291,58603,0,0,4837,130484,0.014998,1849,14883,0.001711,4840,145367,0.016708,8700223
1,2021-01-10,3091,163382,1761,103449,1330,59933,0,0,1906,131210,0.015081,1181,16064,0.001846,1907,147274,0.016928,8700223
1,2021-01-11,18077,181459,11846,115295,6231,66164,0,0,11533,136253,0.015661,6533,22597,0.002597,11576,158850,0.018258,8700223
1,2021-01-12,19110,200569,10949,126244,8161,74325,0,0,13126,143463,0.01649,5957,28554,0.003282,13167,172017,0.019772,8700223
1,2021-01-13,19838,220407,10735,136979,9103,83428,0,0,14688,153039,0.01759,5130,33684,0.003872,14706,186723,0.021462,8700223
1,2021-01-14,22031,242438,9455,146434,12576,96004,0,0,19277,169672,0.019502,2701,36385,0.004182,19334,206057,0.023684,8700223
1,2021-01-15,25187,267625,9253,155687,15934,111938,0,0,23238,191059,0.02196,1910,38295,0.004402,23297,229354,0.026362,8700223
1,2021-01-16,13872,281497,4530,160217,9342,121280,0,0,13002,203197,0.023355,867,39162,0.004501,13005,242359,0.027857,8700223
1,2021-01-17,5219,286716,2034,162251,3185,124465,0,0,4853,207687,0.023871,366,39528,0.004543,4856,247215,0.028415,8700223
1,2021-01-18,14333,301049,8606,170857,5727,130192,0,0,11152,215726,0.024795,3168,42696,0.004907,11207,258422,0.029703,8700223
1,2021-01-19,24681,325730,12756,183613,11925,142117,0,0,19527,230171,0.026456,5136,47832,0.005498,19581,278003,0.031954,8700223
1,2021-01-20,29432,355162,14714,198327,14718,156835,0,0,23513,247880,0.028491,5843,53675,0.006169,23552,301555,0.034661,8700223
1,2021-01-21,31222,386384,14649,212976,16573,173408,0,0,27953,272727,0.031347,3201,56876,0.006537,28048,329603,0.037884,8700223
1,2021-01-22,28381,414765,11274,224250,17107,190515,0,0,26316,297076,0.034146,2000,58876,0.006767,26349,355952,0.040913,8700223
1,2021-01-23,18730,433495,8198,232448,10532,201047,0,0,16769,311923,0.035852,1932,60808,0.006989,16779,372731,0.042842,8700223
1,2021-01-24,6688,440183,4162,236610,2526,203573,0,0,6031,317307,0.036471,653,61461,0.007064,6037,378768,0.043535,8700223
1,2021-01-25,25441,465624,10491,247101,14950,218523,0,0,19656,331329,0.038083,5739,67200,0.007724,19761,398529,0.045807,8700223
1,2021-01-26,28832,494456,13483,260584,15349,233872,0,0,22138,346853,0.039867,6634,73834,0.008486,22158,420687,0.048354,8700223
1,2021-01-27,32663,527119,15547,276131,17116,250988,0,0,24544,363378,0.041767,8052,81886,0.009412,24577,445264,0.051178,8700223
1,2021-01-28,35002,562121,16408,292539,18594,269582,0,0,28042,384594,0.044205,6892,88778,0.010204,28108,473372,0.054409,8700223
1,2021-01-29,33680,595801,16452,308991,17228,286810,0,0,27095,405289,0.046584,6439,95217,0.010944,27134,500506,0.057528,8700223
1,2021-01-30,20201,616002,8737,317728,11464,298274,0,0,18066,421260,0.048419,2106,97323,0.011186,18077,518583,0.059606,8700223
1,2021-01-31,7647,623649,4971,322699,2676,300950,0,0,6937,427492,0.049136,707,98030,0.011268,6939,525522,0.060403,8700223
1,2021-02-01,28984,652633,12522,335221,16462,317412,0,0,21153,440871,0.050674,7779,105809,0.012162,21158,546680,0.062835,8700223
1,2021-02-02,32723,685356,11818,347039,20905,338317,0,0,24454,457177,0.052548,8185,113994,0.013102,24491,571171,0.06565,8700223
1,2021-02-03,39675,725031,15260,362299,24415,362732,0,0,28572,474848,0.054579,10938,124932,0.01436,28609,599780,0.068938,8700223
1,2021-02-04,44014,769045,17134,379433,26880,389612,0,0,31742,494488,0.056836,12150,137082,0.015756,31790,631570,0.072592,8700223
1,2021-02-05,46783,815828,17169,396602,29614,419226,0,0,30658,509224,0.05853,15975,153057,0.017592,30711,662281,0.076122,8700223
1,2021-02-06,26547,842375,10491,407093,16056,435282,0,0,20635,524010,0.060229,5865,158922,0.018266,20651,682932,0.078496,8700223
1,2021-02-07,6263,848638,4028,411121,2235,437517,0,0,4619,527022,0.060576,1625,160547,0.018453,4637,687569,0.079029,8700223
1,2021-02-08,31625,880263,14446,425567,17179,454696,0,0,21075,537737,0.061807,10456,171003,0.019655,21171,708740,0.081462,8700223
1,2021-02-09,38462,918725,16870,442437,21592,476288,0,0,23670,546787,0.062847,14697,185700,0.021344,23747,732487,0.084192,8700223
1,2021-02-10,47219,965944,22135,464572,25084,501372,0,0,26837,553446,0.063613,20257,205957,0.023673,26916,759403,0.087285,8700223
1,2021-02-11,51786,1017730,25431,490003,26355,527727,0,0,30915,563909,0.064815,20555,226512,0.026035,31018,790421,0.090851,8700223
1,2021-02-12,50008,1067738,21518,511521,28490,556217,0,0,28696,571587,0.065698,21157,247669,0.028467,28835,819256,0.094165,8700223
1,2021-02-13,26383,1094121,11541,523062,14842,571059,0,0,15262,575875,0.066191,11050,258719,0.029737,15338,834594,0.095928,8700223
1,2021-02-14,11787,1105908,5563,528625,6224,577283,0,0,6705,577594,0.066388,5051,263770,0.030318,6770,841364,0.096706,8700223
1,2021-02-15,23888,1129796,9382,538007,14506,591789,0,0,14536,583012,0.067011,9232,273002,0.031379,14650,856014,0.09839,8700223
1,2021-02-16,47147,1176943,22512,560519,24635,616424,0,0,27526,591112,0.067942,19538,292540,0.033624,27638,883652,0.101567,8700223
1,2021-02-17,48501,1225444,24568,585087,23933,640357,0,0,26116,595144,0.068406,22232,314772,0.03618,26264,909916,0.104585,8700223
1,2021-02-18,51139,1276583,25585,610672,25554,665911,0,0,26496,597470,0.068673,24401,339173,0.038984,26727,936643,0.107657,8700223
1,2021-02-19,46599,1323182,25274,635946,21325,687236,0,0,26097,603283,0.069341,20346,359519,0.041323,26159,962802,0.110664,8700223
1,2021-02-20,27629,1350811,16835,652781,10794,698030,0,0,15768,607329,0.069806,11799,371318,0.042679,15845,978647,0.112485,8700223
1,2021-02-21,12335,1363146,10618,663399,1717,699747,0,0,7424,609952,0.070108,4851,376169,0.043237,7474,986121,0.113344,8700223
1,2021-02-22,31533,1394679,20775,684174,10758,710505,0,0,18143,614901,0.070676,13295,389464,0.044765,18244,1004365,0.115441,8700223
1,2021-02-23,45665,1440344,22116,706290,23549,734054,0,0,25056,620000,0.071263,20319,409783,0.0471,25418,1029783,0.118363,8700223
1,2021-02-24,55726,1496070,26913,733203,28813,762867,0,0,30647,626226,0.071978,24873,434656,0.049959,31099,1060882,0.121937,8700223
1,2021-02-25,68315,1564385,33168,766371,35147,798014,0,0,42212,643006,0.073907,25932,460588,0.05294,42712,1103594,0.126847,8700223
1,2021-02-26,76197,1640582,35752,802123,40445,838459,0,0,49801,667123,0.076679,26159,486747,0.055946,50276,1153870,0.132625,8700223
1,2021-02-27,52487,1693069,24108,826231,28370,866829,9,9,34422,683900,0.078607,17920,504667,0.058006,34697,1188567,0.136613,8700223
1,2021-02-28,20100,1713169,11934,838165,8164,874993,2,11,14736,693500,0.079711,5278,509945,0.058613,14878,1203445,0.138323,8700223
1,2021-03-01,45437,1758606,21002,859167,24392,899385,43,54,29163,706846,0.081245,16097,526042,0.060463,29443,1232888,0.141708,8700223
1,2021-03-02,63122,1821728,27409,886576,35705,935090,8,62,40432,725384,0.083375,22520,548562,0.063051,41058,1273946,0.146427,8700223
1,2021-03-03,70374,1892102,33700,920276,36649,971739,25,87,43084,741957,0.08528,27129,575691,0.06617,43702,1317648,0.15145,8700223
1,2021-03-04,78632,1970734,37142,957418,41454,1013193,36,123,50750,765559,0.087993,27695,603386,0.069353,51297,1368945,0.157346,8700223
1,2021-03-05,77849,2048583,35263,992681,42379,1055572,207,330,52151,793093,0.091158,25451,628837,0.072278,52985,1421930,0.163436,8700223
1,2021-03-06,57449,2106032,27460,1020141,28637,1084209,1352,1682,39092,815618,0.093747,18279,647116,0.074379,40804,1462734,0.168126,8700223
1,2021-03-07,20931,2126963,13024,1033165,6718,1090927,1189,2871,15497,827151,0.095072,5406,652522,0.075001,16939,1479673,0.170073,8700223
1,2021-03-08,45949,2172912,22457,1055622,21534,1112461,1958,4829,32199,847999,0.097469,13645,666167,0.076569,34493,1514166,0.174038,8700223
1,2021-03-09,66639,2239551,32234,1087856,31902,1144363,2503,7332,40990,866335,0.099576,25495,691662,0.079499,43831,1557997,0.179076,8700223
1,2021-03-10,73600,2313151,36660,1124516,32457,1176820,4483,11815,45295,888286,0.102099,28193,719855,0.08274,50144,1608141,0.184839,8700223
1,2021-03-11,90073,2403224,41390,1165906,40679,1217499,8004,19819,52432,911765,0.104798,37411,757266,0.08704,60890,1669031,0.191838,8700223
1,2021-03-12,98831,2502055,43552,1209458,42867,1260366,12412,32231,57748,941508,0.108217,40872,798138,0.091738,70615,1739646,0.199954,8700223
1,2021-03-13,65272,2567327,29527,1238985,28073,1288439,7672,39903,41635,967632,0.111219,23504,821642,0.094439,49628,1789274,0.205658,8700223
1,2021-03-14,27881,2595208,14909,1253894,9403,1297842,3569,43472,15617,974816,0.112045,12193,833835,0.095841,19377,1808651,0.207886,8700223
1,2021-03-15,65210,2660418,28756,1282650,29703,1327545,6751,50223,38336,993606,0.114205,26655,860490,0.098904,45445,1854096,0.213109,8700223
1,2021-03-16,85714,2746132,39088,1321738,40984,1368529,5642,55865,53122,1020366,0.11728,32365,892855,0.102624,59125,1913221,0.219905,8700223
1,2021-03-17,92888,2839020,45291,1367029,41058,1409587,6539,62404,59691,1053991,0.121145,32967,925822,0.106414,66592,1979813,0.227559,8700223
1,2021-03-18,98672,2937692,50854,1417883,42098,1451685,5720,68124,59692,1081270,0.124281,38622,964444,0.110853,65901,2045714,0.235134,8700223
1,2021-03-19,103573,3041265,53642,1471525,43633,1495318,6298,74422,60555,1105915,0.127113,42728,1007172,0.115764,67373,2113087,0.242877,8700223
1,2021-03-20,72483,3113748,37278,1508803,29990,1525308,5215,79637,46517,1132148,0.130129,25779,1032951,0.118727,52012,2165099,0.248856,8700223
1,2021-03-21,27241,3140989,19023,1527826,6408,1531716,1810,81447,16957,1140820,0.131125,10190,1043141,0.119898,18862,2183961,0.251024,8700223
1,2021-03-22,59179,3200168,30570,1558396,25323,1557039,3286,84733,39928,1165381,0.133948,19028,1062169,0.122085,43589,2227550,0.256034,8700223
1,2021-03-23,83054,3283222,42280,1600676,37156,1594195,3618,88351,51158,1188965,0.136659,31649,1093818,0.125723,55233,2282783,0.262382,8700223
1,2021-03-24,87909,3371131,44512,1645188,39055,1633250,4342,92693,52548,1210952,0.139186,35071,1128889,0.129754,57058,2339841,0.26894,8700223
1,2021-03-25,96699,3467830,49447,1694635,41430,1674680,5822,98515,53680,1227975,0.141143,42687,1171576,0.13466,59710,2399551,0.275803,8700223
1,2021-03-26,104433,3572263,50944,1745579,47177,1721857,6312,104827,55920,1242357,0.142796,48145,1219721,0.140194,62527,2462078,0.28299,8700223
1,2021-03-27,73970,3646233,38226,1783805,31533,1753390,4211,109038,37975,1248977,0.143557,35766,1255487,0.144305,42386,2504464,0.287862,8700223
1,2021-03-28,32687,3678920,21403,1805208,10067,1763457,1217,110255,16375,1250816,0.143768,16202,1271689,0.146167,18041,2522505,0.289936,8700223
1,2021-03-29,67152,3746072,33362,1838570,30630,1794087,3160,113415,36990,1261218,0.144964,29951,1301640,0.14961,40353,2562858,0.294574,8700223
1,2021-03-30,91990,3838062,45321,1883891,40297,1834384,6372,119787,47232,1270355,0.146014,44551,1346191,0.154731,53688,2616546,0.300745,8700223
1,2021-03-31,100837,3938899,52663,1936554,41982,1876366,6192,125979,55298,1286691,0.147892,45218,1391409,0.159928,61554,2678100,0.30782,8700223
1,2021-04-01,111922,4050821,53573,1990127,49563,1925929,8786,134765,57014,1298063,0.149199,54474,1445883,0.166189,65846,2743946,0.315388,8700223
1,2021-04-02,111293,4162114,50923,2041050,50672,1976601,9698,144463,56469,1310039,0.150575,54394,1500277,0.172441,66370,2810316,0.323017,8700223
1,2021-04-03,78025,4240139,39291,2080341,29101,2005702,9633,154096,36490,1314877,0.151131,41350,1541627,0.177194,46188,2856504,0.328325,8700223
1,2021-04-04,23769,4263908,11829,2092170,8476,2014178,3464,157560,9946,1314521,0.15109,13756,1555383,0.178775,13400,2869904,0.329866,8700223
1,2021-04-05,76336,4340244,36660,2128830,30363,2044541,9313,166873,34229,1316325,0.151298,41902,1597285,0.183591,43706,2913610,0.334889,8700223
1,2021-04-06,103646,4443890,49246,2178076,37810,2082351,16590,183463,46777,1323149,0.152082,56572,1653857,0.190094,63396,2977006,0.342176,8700223
1,2021-04-07,111855,4555745,54381,2232457,39929,2122280,17545,201008,50405,1329977,0.152867,61146,1715003,0.197122,67974,3044980,0.349989,8700223
1,2021-04-08,122364,4678109,57964,2290421,43425,2165705,20975,221983,54060,1337196,0.153697,67883,1782886,0.204924,75102,3120082,0.358621,8700223
1,2021-04-09,123572,4801681,56459,2346880,46295,2212000,20818,242801,54228,1343311,0.1544,68981,1851867,0.212853,75096,3195178,0.367252,8700223
1,2021-04-10,95730,4897411,42536,2389416,30488,2242488,22706,265507,37391,1345250,0.154622,58127,1909994,0.219534,60066,3255244,0.374156,8700223
1,2021-04-11,36525,4933936,20355,2409771,9417,2251905,6753,272260,14817,1345275,0.154625,21646,1931640,0.222022,21671,3276915,0.376647,8700223
1,2021-04-12,74362,5008298,33250,2443021,31127,2283032,9985,282245,31498,1344337,0.154518,42572,1974212,0.226915,41634,3318549,0.381433,8700223
1,2021-04-13,97314,5105612,52115,2495136,44860,2327892,339,282584,52506,1353016,0.155515,44512,2018724,0.232031,53191,3371740,0.387546,8700223
1,2021-04-14,104966,5210578,54399,2549535,50495,2378387,72,282656,53426,1355718,0.155826,51168,2069892,0.237913,53870,3425610,0.393738,8700223
1,2021-04-15,106191,5316769,57783,2607318,48319,2426706,89,282745,56706,1363789,0.156753,48899,2118791,0.243533,56970,3482580,0.400286,8700223
1,2021-04-16,110778,5427547,56830,2664148,53860,2480566,88,282833,55456,1364726,0.156861,54791,2173582,0.249831,55728,3538308,0.406692,8700223
1,2021-04-17,83416,5510963,45300,2709448,38105,2518671,11,282844,46710,1375140,0.158058,36469,2210051,0.254022,46883,3585191,0.41208,8700223
1,2021-04-18,30255,5541218,20445,2729893,9803,2528474,7,282851,15271,1375724,0.158125,14896,2224947,0.255734,15480,3600671,0.41386,8700223
1,2021-04-19,67197,5608415,34049,2763942,33135,2561609,13,282864,30505,1370034,0.157471,36336,2261283,0.259911,30646,3631317,0.417382,8700223
1,2021-04-20,88631,5697046,44691,2808633,43918,2605527,22,282886,41781,1365543,0.156955,46498,2307781,0.265255,42007,3673324,0.42221,8700223
1,2021-04-21,97759,5794805,51023,2859656,46635,2652162,101,282987,43942,1356568,0.155923,53252,2361033,0.271376,44277,3717601,0.4273,8700223
1,2021-04-22,97474,5892279,50944,2910600,46514,2698676,16,283003,44852,1349544,0.155116,52111,2413144,0.277366,45087,3762688,0.432482,8700223
1,2021-04-23,102332,5994611,52878,2963478,49427,2748103,27,283030,49062,1346100,0.15472,52760,2465904,0.28343,49316,3812004,0.43815,8700223
1,2021-04-24,76193,6070804,47268,3010746,28899,2777002,26,283056,43174,1356670,0.155935,32885,2498789,0.28721,43455,3855459,0.443145,8700223
1,2021-04-25,27264,6098068,17371,3028117,9879,2786881,14,283070,15617,1360911,0.156423,11530,2510319,0.288535,15771,3871230,0.444958,8700223
1,2021-04-26,66201,6164269,34729,3062846,31072,2817953,400,283470,31702,1359159,0.156221,34192,2544511,0.292465,32440,3903670,0.448686,8700223
1,2021-04-27,81535,6245804,43375,3106221,36856,2854809,1304,284774,35668,1350897,0.155272,45575,2590086,0.297703,37313,3940983,0.452975,8700223
1,2021-04-28,81203,6327007,43196,3149417,36507,2891316,1500,286274,35861,1343493,0.154421,44996,2635082,0.302875,37592,3978575,0.457296,8700223
1,2021-04-29,84302,6411309,46371,3195788,36316,2927632,1615,287889,34768,1330867,0.152969,49174,2684256,0.308527,36548,4015123,0.461497,8700223
1,2021-04-30,91906,6503215,49849,3245637,40192,2967824,1865,289754,38838,1319000,0.151605,52739,2736995,0.314589,40872,4055995,0.466194,8700223
1,2021-05-01,62508,6565723,40361,3285998,20734,2988558,1413,291167,26373,1311119,0.150699,35884,2772879,0.318714,28003,4083998,0.469413,8700223
1,2021-05-02,23293,6589016,16473,3302471,6244,2994802,576,291743,9433,1307403,0.150272,13753,2786632,0.320294,10037,4094035,0.470567,8700223
1,2021-05-03,55826,6644842,30932,3333403,23063,3017865,1831,293574,20617,1294940,0.14884,34967,2821599,0.324313,22504,4116539,0.473153,8700223
1,2021-05-04,75161,6720003,43246,3376649,29829,3047694,2086,295660,27306,1276864,0.146762,47555,2869154,0.329779,29479,4146018,0.476542,8700223
1,2021-05-05,77430,6797433,44861,3421510,30284,3077978,2285,297945,26438,1255014,0.144251,50656,2919810,0.335602,28806,4174824,0.479853,8700223
1,2021-05-06,78544,6875977,47529,3469039,28855,3106833,2160,300105,24694,1228545,0.141208,53479,2973289,0.341749,27010,4201834,0.482957,8700223
1,2021-05-07,82587,6958564,46957,3515996,33444,3140277,2186,302291,27774,1204186,0.138409,54385,3027674,0.348,30026,4231860,0.486408,8700223
1,2021-05-08,56724,7015288,35574,3551570,19518,3159795,1632,303923,19412,1188341,0.136587,36982,3064656,0.35225,21137,4252997,0.488838,8700223
1,2021-05-09,18208,7033496,13070,3564640,4659,3164454,479,304402,5562,1181847,0.135841,12569,3077225,0.353695,6075,4259072,0.489536,8700223
1,2021-05-10,43819,7077315,22092,3586732,19922,3184376,1805,306207,14829,1169848,0.134462,28725,3105950,0.356997,16726,4275798,0.491458,8700223
1,2021-05-11,61837,7139152,33495,3620227,26193,3210569,2149,308356,20488,1151519,0.132355,41084,3147034,0.361719,22755,4298553,0.494074,8700223
1,2021-05-12,62369,7201521,33161,3653388,27155,3237724,2053,310409,20465,1132516,0.130171,41589,3188623,0.366499,22586,4321139,0.49667,8700223
1,2021-05-13,66368,7267889,38895,3692283,25485,3263209,1988,312397,25259,1119309,0.128653,40732,3229355,0.371181,27525,4348664,0.499834,8700223
1,2021-05-14,75939,7343828,45793,3738076,27757,3290966,2389,314786,30712,1107859,0.127337,44830,3274185,0.376333,33380,4382044,0.50367,8700223
1,2021-05-15,66088,7409916,43326,3781402,21010,3311976,1752,316538,26303,1096490,0.12603,39490,3313675,0.380872,28121,4410165,0.506903,8700223
1,2021-05-16,24932,7434848,18364,3799766,5948,3317924,620,317158,10188,1092712,0.125596,14632,3328307,0.382554,10854,4421019,0.50815,8700223
1,2021-05-17,53987,7488835,33010,3832776,19215,3337139,1762,318920,22904,1086611,0.124895,30825,3359132,0.386097,24724,4445743,0.510992,8700223
1,2021-05-18,64821,7553656,39064,3871840,23930,3361069,1827,320747,28128,1080231,0.124161,36420,3395552,0.390283,30040,4475783,0.514445,8700223
1,2021-05-19,66185,7619841,40298,3912138,23965,3385034,1922,322669,29564,1075464,0.123613,36339,3431891,0.39446,31572,4507355,0.518074,8700223
1,2021-05-20,64398,7684239,37340,3949478,24853,3409887,2205,324874,26511,1066841,0.122622,37543,3469434,0.398775,28920,4536275,0.521398,8700223
1,2021-05-21,69805,7754044,41747,3991225,26218,3436105,1840,326714,28841,1057061,0.121498,40557,3509991,0.403437,30777,4567052,0.524935,8700223
1,2021-05-22,55828,7809872,36683,4027908,17426,3453531,1719,328433,24332,1051975,0.120914,31234,3541225,0.407027,26148,4593200,0.52794,8700223
1,2021-05-23,20470,7830342,14309,4042217,5575,3459106,586,329019,9497,1051210,0.120826,10871,3552096,0.408276,10106,4603306,0.529102,8700223
1,2021-05-24,43687,7874029,24360,4066577,17495,3476601,1832,330851,17705,1045094,0.120123,25735,3577831,0.411234,19619,4622925,0.531357,8700223
1,2021-05-25,50760,7924789,29218,4095795,19851,3496452,1691,332542,21078,1038561,0.119372,29404,3607235,0.414614,22871,4645796,0.533986,8700223
1,2021-05-26,48386,7973175,27429,4123224,19069,3515521,1888,334430,20512,1033435,0.118783,27575,3634810,0.417784,22449,4668245,0.536566,8700223
1,2021-05-27,46949,8020124,26346,4149570,18696,3534217,1907,336337,20174,1029142,0.118289,26491,3661301,0.420828,22198,4690443,0.539118,8700223
1,2021-05-28,52270,8072394,29117,4178687,21331,3555548,1822,338159,23398,1025941,0.117921,28547,3689848,0.42411,25346,4715789,0.542031,8700223
1,2021-05-29,30622,8103016,18546,4197233,11115,3566663,961,339120,14633,1025755,0.1179,15834,3705682,0.42593,15648,4731437,0.543829,8700223
1,2021-05-30,11669,8114685,7527,4204760,3587,3570250,555,339675,5531,1025799,0.117905,6066,3711748,0.426627,6110,4737547,0.544532,8700223
1,2021-05-31,5722,8120407,3254,4208014,2214,3572464,254,339929,1997,1024394,0.117743,3669,3715417,0.427048,2264,4739811,0.544792,8700223
1,2021-06-01,45765,8166172,25879,4233893,18320,3590784,1566,341495,17381,1015350,0.116704,28063,3743480,0.430274,19019,4758830,0.546978,8700223
1,2021-06-02,39918,8206090,23151,4257044,15260,3606044,1507,343002,16115,1009531,0.116035,23511,3766991,0.432976,17692,4776522,0.549011,8700223
1,2021-06-03,41276,8247366,25857,4282901,13738,3619782,1681,344683,15814,1001942,0.115163,25158,3792149,0.435868,17569,4794091,0.551031,8700223
1,2021-06-04,50101,8297467,32041,4314942,16252,3636034,1808,346491,17960,990001,0.11379,31787,3823936,0.439522,19846,4813937,0.553312,8700223
1,2021-06-05,40288,8337755,27495,4342437,10795,3646829,1998,348489,14230,980442,0.112692,25840,3849776,0.442492,16281,4830218,0.555183,8700223
1,2021-06-06,13193,8350948,10555,4352992,2125,3648954,513,349002,4592,977088,0.112306,8518,3858294,0.443471,5164,4835382,0.555777,8700223
1,2021-06-07,33957,8384905,23406,4376398,9206,3658160,1345,350347,12104,968944,0.11137,21644,3879938,0.445958,13500,4848882,0.557328,8700223
1,2021-06-08,42227,8427132,29231,4405629,11344,3669504,1652,351999,14746,958225,0.110138,27208,3907146,0.449086,16489,4865371,0.559224,8700223
1,2021-06-09,42139,8469271,29242,4434871,11253,3680757,1644,353643,13764,945622,0.108689,28069,3935215,0.452312,15466,4880837,0.561001,8700223
1,2021-06-10,39074,8508345,26316,4461187,11059,3691816,1699,355342,13367,935338,0.107507,25455,3960670,0.455238,15171,4896008,0.562745,8700223
1,2021-06-11,43959,8552304,29177,4490364,13101,3704917,1681,357023,15694,924827,0.106299,27964,3988634,0.458452,17453,4913461,0.564751,8700223
1,2021-06-12,33695,8585999,24381,4514745,8115,3713032,1199,358222,11112,914842,0.105152,22366,4011000,0.461023,12381,4925842,0.566174,8700223
1,2021-06-13,11619,8597618,8438,4523183,2701,3715733,480,358702,3381,910568,0.10466,8169,4019169,0.461962,3895,4929737,0.566622,8700223
1,2021-06-14,30907,8628525,20815,4543998,8791,3724524,1301,360003,11586,904362,0.103947,19124,4038293,0.46416,12918,4942655,0.568107,8700223
1,2021-06-15,37194,8665719,24397,4568395,10946,3735470,1851,361854,13793,896968,0.103097,23132,4061425,0.466818,15738,4958393,0.569916,8700223
1,2021-06-16,35373,8701092,23878,4592273,9664,3745134,1831,363685,13252,890249,0.102325,21861,4083286,0.469331,15142,4973535,0.571656,8700223
1,2021-06-17,33523,8734615,22166,4614439,9415,3754549,1942,365627,13090,885183,0.101743,20196,4103482,0.471653,15130,4988665,0.573395,8700223
1,2021-06-18,39543,8774158,25671,4640110,11016,3765565,2856,368483,15392,879619,0.101103,23872,4127354,0.474396,18308,5006973,0.575499,8700223
1,2021-06-19,23910,8798068,16587,4656697,6123,3771688,1200,369683,9791,876688,0.100766,13952,4141306,0.476,11021,5017994,0.576766,8700223
1,2021-06-20,8146,8806214,5966,4662663,1904,3773592,276,369959,3238,875369,0.100615,4844,4146150,0.476557,3525,5021519,0.577171,8700223
1,2021-06-21,20930,8827144,11847,4674510,6903,3780495,2180,372139,10916,878618,0.100988,9899,4156049,0.477695,13148,5034667,0.578683,8700223
1,2021-06-22,30762,8857906,20086,4694596,8538,3789033,2138,374277,12910,876098,0.100698,17640,4173689,0.479722,15120,5049787,0.58042,8700223
1,2021-06-23,29322,8887228,19684,4714280,7821,3796854,1817,376094,12809,874450,0.100509,16300,4189989,0.481596,14652,5064439,0.582105,8700223
1,2021-06-24,28277,8915505,18850,4733130,7775,3804629,1652,377746,12017,872128,0.100242,16058,4206047,0.483441,13736,5078175,0.583683,8700223
1,2021-06-25,31619,8947124,21448,4754578,8782,3813411,1389,379135,13924,870041,0.100002,17455,4223502,0.485448,15368,5093543,0.58545,8700223
1,2021-06-26,22194,8969318,16467,4771045,4903,3818314,824,379959,9693,868223,0.099793,12383,4235885,0.486871,10565,5104108,0.586664,8700223
1,2021-06-27,9139,8978457,6798,4777843,1909,3820223,432,380391,4056,867709,0.099734,5018,4240903,0.487448,4504,5108612,0.587182,8700223
1,2021-06-28,21066,8999523,15641,4793484,4175,3824398,1250,381641,9757,867644,0.099727,11124,4252027,0.488726,11059,5119671,0.588453,8700223
1,2021-06-29,26502,9026025,18139,4811623,6999,3831397,1364,383005,11671,866082,0.099547,14657,4266684,0.490411,13095,5132766,0.589958,8700223
1,2021-06-30,25724,9051749,17825,4829448,6857,3838254,1042,384047,12200,866088,0.099548,13311,4279995,0.491941,13317,5146083,0.591489,8700223
1,2021-07-01,23521,9075270,16380,4845828,5881,3844135,1260,385307,10881,865815,0.099516,12495,4292490,0.493377,12222,5158305,0.592893,8700223
1,2021-07-02,26267,9101537,18045,4863873,7194,3851329,1028,386335,12292,865430,0.099472,13788,4306278,0.494962,13403,5171708,0.594434,8700223
1,2021-07-03,14548,9116085,10169,4874042,3941,3855270,438,386773,6906,865296,0.099457,7513,4313791,0.495825,7379,5179087,0.595282,8700223
1,2021-07-04,1262,9117347,708,4874750,489,3855759,65,386838,608,865329,0.099461,646,4314437,0.4959,679,5179766,0.59536,8700223
1,2021-07-05,10994,9128341,7576,4882326,3055,3858814,363,387201,5220,865251,0.099452,5706,4320143,0.496555,5628,5185394,0.596007,8700223
1,2021-07-06,26996,9155337,19080,4901406,6789,3865603,1127,388328,10761,861190,0.098985,16051,4336194,0.4984,11990,5197384,0.597385,8700223
1,2021-07-07,23487,9178824,16467,4917873,5908,3871511,1112,389440,10104,859294,0.098767,13200,4349394,0.499918,11304,5208688,0.598684,8700223
1,2021-07-08,22209,9201033,15351,4933224,5886,3877397,972,390412,9666,857611,0.098573,12412,4361806,0.501344,10729,5219417,0.599918,8700223
1,2021-07-09,26165,9227198,18591,4951815,6602,3883999,972,391384,11913,856482,0.098444,14081,4375887,0.502963,12952,5232369,0.601406,8700223
1,2021-07-10,17157,9244355,12431,4964246,4100,3888099,626,392010,7714,855549,0.098336,9324,4385211,0.504034,8391,5240760,0.602371,8700223
1,2021-07-11,6703,9251058,4898,4969144,1614,3889713,191,392201,3234,855573,0.098339,3419,4388630,0.504427,3443,5244203,0.602767,8700223
1,2021-07-12,19727,9270785,14220,4983364,4721,3894434,786,392987,8805,854469,0.098212,10793,4399423,0.505668,9689,5253892,0.60388,8700223
1,2021-07-13,21722,9292507,15225,4998589,5808,3900242,689,393676,10237,854135,0.098174,11349,4410772,0.506972,11015,5264907,0.605146,8700223
1,2021-07-14,21696,9314203,14923,5013512,5866,3906108,907,394583,9788,853191,0.098065,11753,4422525,0.508323,10809,5275716,0.606389,8700223
1,2021-07-15,20982,9335185,14915,5028427,5403,3911511,664,395247,10089,853287,0.098076,10761,4433286,0.50956,10857,5286573,0.607636,8700223
1,2021-07-16,25790,9360975,18096,5046523,6853,3918364,841,396088,12765,854116,0.098172,12866,4446152,0.511039,13695,5300268,0.609211,8700223
1,2021-07-17,17582,9378557,12593,5059116,4345,3922709,644,396732,8628,854585,0.098226,8836,4454988,0.512054,9305,5309573,0.61028,8700223
1,2021-07-18,7078,9385635,5273,5064389,1547,3924256,258,396990,3639,855119,0.098287,3381,4458369,0.512443,3915,5313488,0.61073,8700223
1,2021-07-19,20158,9405793,14606,5078995,4796,3929052,756,397746,10156,856253,0.098417,9879,4468248,0.513579,11013,5324501,0.611996,8700223
1,2021-07-20,23404,9429197,16254,5095249,6421,3935473,729,398475,12081,858011,0.098619,11153,4479401,0.51486,12911,5337412,0.61348,8700223
1,2021-07-21,16385,9445582,11348,5106597,4082,3939555,955,399430,8219,859196,0.098756,8079,4487480,0.515789,9264,5346676,0.614545,8700223
2,2020-12-15,246,246,246,246,0,0,0,0,246,246,2.9e-05,0,0,0.0,246,246,2.9e-05,8407551
2,2020-12-16,2120,2366,2120,2366,0,0,0,0,2119,2365,0.000281,0,0,0.0,2119,2365,0.000281,8407551
2,2020-12-17,6930,9296,6930,9296,0,0,0,0,6931,9296,0.001106,0,0,0.0,6931,9296,0.001106,8407551
2,2020-12-18,11106,20402,11086,20382,20,20,0,0,11106,20402,0.002427,0,0,0.0,11106,20402,0.002427,8407551
2,2020-12-19,5629,26031,5623,26005,6,26,0,0,5630,26032,0.003096,0,0,0.0,5630,26032,0.003096,8407551
2,2020-12-20,4256,30287,4245,30250,11,37,0,0,4251,30282,0.003602,1,1,0.0,4251,30283,0.003602,8407551
2,2020-12-21,12789,43076,12761,43011,28,65,0,0,12744,43026,0.005118,0,1,0.0,12744,43027,0.005118,8407551
2,2020-12-22,12150,55226,11632,54643,518,583,0,0,12148,55174,0.006562,0,1,0.0,12148,55175,0.006563,8407551
2,2020-12-23,11728,66954,9506,64149,2222,2805,0,0,11730,66904,0.007958,1,2,0.0,11731,66906,0.007958,8407551
2,2020-12-24,5911,72865,3496,67645,2415,5220,0,0,5907,72810,0.00866,3,5,1e-06,5909,72815,0.008661,8407551
2,2020-12-25,485,73350,406,68051,79,5299,0,0,487,73297,0.008718,0,5,1e-06,487,73302,0.008719,8407551
2,2020-12-26,2557,75907,1660,69711,897,6196,0,0,2558,75854,0.009022,1,6,1e-06,2558,75860,0.009023,8407551
2,2020-12-27,2235,78142,1216,70927,1019,7215,0,0,2232,78084,0.009287,2,8,1e-06,2232,78092,0.009288,8407551
2,2020-12-28,11028,89170,7170,78097,3858,11073,0,0,11028,89111,0.010599,1,9,1e-06,11028,89120,0.0106,8407551
2,2020-12-29,12726,101896,7155,85252,5571,16644,0,0,12730,101841,0.012113,0,9,1e-06,12730,101850,0.012114,8407551
2,2020-12-30,15458,117354,8674,93926,6784,23428,0,0,15452,117290,0.013951,5,14,2e-06,15454,117304,0.013952,8407551
2,2020-12-31,7584,124938,2832,96758,4752,28180,0,0,7577,124862,0.014851,5,19,2e-06,7577,124881,0.014853,8407551
2,2021-01-01,1229,126167,609,97367,620,28800,0,0,1228,126086,0.014997,4,23,3e-06,1228,126109,0.014999,8407551
2,2021-01-02,4856,131023,2768,100135,2088,30888,0,0,4851,130935,0.015574,2,25,3e-06,4851,130960,0.015576,8407551
2,2021-01-03,1408,132431,791,100926,617,31505,0,0,1400,132331,0.01574,4,29,3e-06,1400,132360,0.015743,8407551
2,2021-01-04,11687,144118,5563,106489,6124,37629,0,0,11677,144005,0.017128,3,32,4e-06,11677,144037,0.017132,8407551
2,2021-01-05,13894,158012,6948,113437,6946,44575,0,0,12674,155503,0.018496,1211,1243,0.000148,12709,156746,0.018643,8407551
2,2021-01-06,19032,177044,10496,123933,8536,53111,0,0,15201,166943,0.019856,3772,5015,0.000596,15212,171958,0.020453,8407551
2,2021-01-07,23297,200341,13144,137077,10153,63264,0,0,15597,174854,0.020797,7702,12717,0.001513,15613,187571,0.02231,8407551
2,2021-01-08,26910,227251,16263,153340,10647,73911,0,0,16574,181172,0.021549,10280,22997,0.002735,16598,204169,0.024284,8407551
2,2021-01-09,9856,237107,5767,159107,4089,78000,0,0,6275,183882,0.021871,3572,26569,0.00316,6282,210451,0.025031,8407551
2,2021-01-10,5305,242412,2965,162072,2340,80340,0,0,3038,184659,0.021963,2267,28836,0.00343,3044,213495,0.025393,8407551
2,2021-01-11,26069,268481,18016,180088,8053,88393,0,0,14959,188561,0.022428,11107,39943,0.004751,15009,228504,0.027178,8407551
2,2021-01-12,26367,294848,16377,196465,9990,98383,0,0,16761,195799,0.023288,9606,49549,0.005893,16844,245348,0.029182,8407551
2,2021-01-13,28577,323425,15151,211616,13426,111809,0,0,20573,208414,0.024789,7986,57535,0.006843,20601,265949,0.031632,8407551
2,2021-01-14,30580,354005,11646,223262,18934,130743,0,0,26285,230472,0.027413,4302,61837,0.007355,26360,292309,0.034767,8407551
2,2021-01-15,35095,389100,12686,235948,22409,153152,0,0,31797,259070,0.030814,3290,65127,0.007746,31888,324197,0.03856,8407551
2,2021-01-16,18120,407220,5996,241944,12124,165276,0,0,16781,274510,0.03265,1353,66480,0.007907,16793,340990,0.040558,8407551
2,2021-01-17,10542,417762,3551,245495,6991,172267,0,0,9808,283579,0.033729,748,67228,0.007996,9817,350807,0.041725,8407551
2,2021-01-18,19746,437508,11036,256531,8710,180977,0,0,14931,293738,0.034937,4833,72061,0.008571,14992,365799,0.043508,8407551
2,2021-01-19,32620,470128,16941,273472,15679,196656,0,0,24581,310396,0.036919,8036,80097,0.009527,24694,390493,0.046446,8407551
2,2021-01-20,37622,507750,18978,292450,18644,215300,0,0,28993,330883,0.039355,8597,88694,0.010549,29084,419577,0.049905,8407551
2,2021-01-21,41003,548753,17425,309875,23578,238878,0,0,36492,363070,0.043184,4480,93174,0.011082,36667,456244,0.054266,8407551
2,2021-01-22,39613,588366,16554,326429,23059,261937,0,0,36257,395980,0.047098,3374,96548,0.011483,36284,492528,0.058582,8407551
2,2021-01-23,24128,612494,10784,337213,13344,275281,0,0,21151,414205,0.049266,2956,99504,0.011835,21181,513709,0.061101,8407551
2,2021-01-24,12437,624931,6097,343310,6340,281621,0,0,11519,424835,0.05053,902,100406,0.011942,11532,525241,0.062473,8407551
2,2021-01-25,33897,658828,15607,358917,18290,299911,0,0,25052,441232,0.05248,8794,109200,0.012988,25191,550432,0.065469,8407551
2,2021-01-26,40390,699218,19783,378700,20607,320518,0,0,31159,463269,0.055102,9206,118406,0.014083,31243,581675,0.069185,8407551
2,2021-01-27,45655,744873,22660,401360,22995,343513,0,0,35310,488425,0.058094,10216,128622,0.015298,35372,617047,0.073392,8407551
2,2021-01-28,47912,792785,22401,423761,25511,369024,0,0,39152,518958,0.061725,8693,137315,0.016332,39226,656273,0.078058,8407551
2,2021-01-29,45585,838370,22003,445764,23582,392606,0,0,36823,547207,0.065085,8638,145953,0.01736,36887,693160,0.082445,8407551
2,2021-01-30,31282,869652,13339,459103,17943,410549,0,0,27878,571750,0.068004,3366,149319,0.01776,27909,721069,0.085764,8407551
2,2021-01-31,17120,886772,10174,469277,6946,417495,0,0,15915,586500,0.069759,1185,150504,0.017901,15935,737004,0.08766,8407551
2,2021-02-01,41079,927851,19697,488974,21382,438877,0,0,29938,605392,0.072006,11085,161589,0.01922,29977,766981,0.091225,8407551
2,2021-02-02,47885,975736,19455,508429,28430,467307,0,0,36352,630387,0.074979,11451,173040,0.020581,36446,803427,0.09556,8407551
2,2021-02-03,54024,1029760,23809,532238,30215,497522,0,0,39765,656091,0.078036,14156,187196,0.022265,39860,843287,0.100301,8407551
2,2021-02-04,56169,1085929,24116,556354,32053,529575,0,0,40924,681978,0.081115,15137,202333,0.024066,41024,884311,0.105181,8407551
2,2021-02-05,60061,1145990,26210,582564,33851,563426,0,0,40525,703359,0.083658,19329,221662,0.026365,40710,925021,0.110023,8407551
2,2021-02-06,39333,1185323,18350,600914,20983,584409,0,0,31347,726889,0.086457,7911,229573,0.027306,31441,956462,0.113762,8407551
2,2021-02-07,15713,1201036,10433,611347,5280,589689,0,0,11938,735149,0.087439,3747,233320,0.027751,12007,968469,0.11519,8407551
2,2021-02-08,42950,1243986,21772,633119,21178,610867,0,0,29368,751288,0.089359,13438,246758,0.02935,29577,998046,0.118708,8407551
2,2021-02-09,49461,1293447,23289,656408,26172,637039,0,0,30549,763542,0.090816,18625,265383,0.031565,30879,1028925,0.122381,8407551
2,2021-02-10,59565,1353012,27866,684274,31699,668738,0,0,34349,773312,0.091978,24933,290316,0.03453,34703,1063628,0.126509,8407551
2,2021-02-11,64243,1417255,29508,713782,34735,703473,0,0,35770,781467,0.092948,28113,318429,0.037874,36268,1099896,0.130822,8407551
2,2021-02-12,65568,1482823,28166,741948,37402,740875,0,0,34811,786489,0.093546,30446,348875,0.041495,35468,1135364,0.135041,8407551
2,2021-02-13,38108,1520931,15896,757844,22212,763087,0,0,21993,792845,0.094302,16015,364890,0.0434,22371,1157735,0.137702,8407551
2,2021-02-14,20119,1541050,9341,767185,10778,773865,0,0,11182,795503,0.094618,8887,373777,0.044457,11545,1169280,0.139075,8407551
2,2021-02-15,33228,1574278,14963,782148,18265,792130,0,0,18426,800121,0.095167,14665,388442,0.046202,19283,1188563,0.141369,8407551
2,2021-02-16,56486,1630764,27697,809845,28789,820919,0,0,29753,803925,0.095619,26618,415060,0.049368,30422,1218985,0.144987,8407551
2,2021-02-17,61810,1692574,31806,841651,30004,850923,0,0,30695,804430,0.095679,31016,446076,0.053057,31521,1250506,0.148736,8407551
2,2021-02-18,66438,1759012,33486,875137,32952,883875,0,0,32347,804099,0.09564,33831,479907,0.05708,33500,1284006,0.152721,8407551
2,2021-02-19,59802,1818814,33120,908257,26682,910557,0,0,29684,804466,0.095684,29922,509829,0.060639,30289,1314295,0.156323,8407551
2,2021-02-20,37801,1856615,24535,932792,13266,923823,0,0,20544,808534,0.096168,17154,526983,0.06268,21222,1335517,0.158847,8407551
2,2021-02-21,21700,1878315,17560,950352,4140,927963,0,0,10769,809262,0.096254,10843,537826,0.063969,11571,1347088,0.160224,8407551
2,2021-02-22,39397,1917712,26921,977273,12476,940439,0,0,18654,808001,0.096104,20589,558415,0.066418,19328,1366416,0.162522,8407551
2,2021-02-23,53712,1971424,27391,1004664,26321,966760,0,0,23542,803526,0.095572,29910,588325,0.069976,25435,1391851,0.165548,8407551
2,2021-02-24,71064,2042488,36604,1041268,34460,1001220,0,0,32579,800205,0.095177,38271,626596,0.074528,34950,1426801,0.169705,8407551
2,2021-02-25,77034,2119522,36393,1077661,40641,1041861,0,0,39100,804464,0.095684,37659,664255,0.079007,41918,1468719,0.17469,8407551
2,2021-02-26,85546,2205068,36660,1114321,48886,1090747,0,0,45958,813343,0.09674,39276,703531,0.083678,48155,1516874,0.180418,8407551
2,2021-02-27,62557,2267625,29100,1143421,33450,1124197,7,7,33892,820154,0.09755,28425,731956,0.087059,35236,1552110,0.184609,8407551
2,2021-02-28,30843,2298468,18486,1161907,12356,1136553,1,8,17943,826161,0.098264,12772,744728,0.088578,18779,1570889,0.186843,8407551
2,2021-03-01,57835,2356303,30118,1192025,27672,1164225,45,53,31650,833180,0.099099,25871,770599,0.091656,32890,1603779,0.190755,8407551
2,2021-03-02,68987,2425290,33011,1225036,35965,1200190,11,64,38763,844244,0.100415,30046,800645,0.095229,41110,1644889,0.195644,8407551
2,2021-03-03,79959,2505249,38665,1263701,41279,1241469,15,79,45372,857840,0.102032,34371,835016,0.099317,47967,1692856,0.201349,8407551
2,2021-03-04,88082,2593331,43239,1306940,44813,1286282,30,109,50906,874225,0.103981,36930,871946,0.10371,53315,1746171,0.207691,8407551
2,2021-03-05,82098,2675429,38583,1345523,43207,1329489,308,417,50217,895483,0.106509,31651,903597,0.107474,52909,1799080,0.213984,8407551
2,2021-03-06,62929,2738358,30759,1376282,30471,1359960,1699,2116,38736,913294,0.108628,24058,927655,0.110336,41869,1840949,0.218964,8407551
2,2021-03-07,28599,2766957,16239,1392521,10815,1370775,1545,3661,18138,923702,0.109866,10388,938043,0.111571,20796,1861745,0.221437,8407551
2,2021-03-08,50768,2817725,23282,1415803,24924,1395699,2562,6223,31913,941072,0.111932,18747,956790,0.113801,36117,1897862,0.225733,8407551
2,2021-03-09,70609,2888334,32136,1447939,34627,1430326,3846,10069,39089,953971,0.113466,31377,988167,0.117533,44276,1942138,0.230999,8407551
2,2021-03-10,78465,2966799,37118,1485057,34808,1465134,6539,16608,41658,966907,0.115005,36582,1024749,0.121884,49518,1991656,0.236889,8407551
2,2021-03-11,93303,3060102,43045,1528102,41888,1507022,8370,24978,48673,981042,0.116686,44308,1069057,0.127154,58443,2050099,0.24384,8407551
2,2021-03-12,94139,3154241,38713,1566815,43461,1550483,11965,36943,46824,994193,0.11825,47055,1116112,0.132751,60206,2110305,0.251001,8407551
2,2021-03-13,69270,3223511,28993,1595808,32291,1582774,7986,44929,38058,1010458,0.120185,31073,1147185,0.136447,47338,2157643,0.256632,8407551
2,2021-03-14,37041,3260552,18315,1614123,14201,1596975,4525,49454,18576,1015948,0.120838,18359,1165544,0.138631,23849,2181492,0.259468,8407551
2,2021-03-15,67473,3328025,30432,1644555,32025,1629000,5016,54470,37168,1029145,0.122407,30080,1195624,0.142208,43277,2224769,0.264616,8407551
2,2021-03-16,86336,3414361,38188,1682743,44121,1673121,4027,58497,52173,1052520,0.125187,33955,1229579,0.146247,57330,2282099,0.271434,8407551
2,2021-03-17,92862,3507223,44463,1727206,44211,1717332,4188,62685,58811,1082584,0.128763,33769,1263348,0.150263,63833,2345932,0.279027,8407551
2,2021-03-18,98214,3605437,46824,1774030,46794,1764126,4596,67281,59640,1109140,0.131922,38249,1301597,0.154813,64805,2410737,0.286735,8407551
2,2021-03-19,97564,3703001,46184,1820214,45255,1809381,6125,73406,57703,1133946,0.134872,39546,1341143,0.159516,64352,2475089,0.294389,8407551
2,2021-03-20,70028,3773029,33939,1854153,32121,1841502,3968,77374,45709,1159909,0.13796,24079,1365222,0.16238,50042,2525131,0.300341,8407551
2,2021-03-21,33437,3806466,21599,1875752,9841,1851343,1997,79371,19962,1168969,0.139038,13332,1378554,0.163966,22392,2547523,0.303004,8407551
2,2021-03-22,62920,3869386,34628,1910380,25658,1877001,2634,82005,41716,1193255,0.141927,20961,1399515,0.166459,45247,2592770,0.308386,8407551
2,2021-03-23,83751,3953137,44499,1954879,36337,1913338,2915,84920,52226,1217996,0.144869,31239,1430754,0.170175,55980,2648750,0.315044,8407551
2,2021-03-24,91640,4044777,49233,2004112,39238,1952576,3169,88089,53650,1237983,0.147247,37648,1468402,0.174653,57635,2706385,0.321899,8407551
2,2021-03-25,101251,4146028,51084,2055196,46265,1998841,3902,91991,57171,1256106,0.149402,43706,1512108,0.179851,61829,2768214,0.329253,8407551
2,2021-03-26,103358,4249386,51265,2106461,48598,2047439,3495,95486,56340,1270374,0.151099,46616,1558724,0.185396,60884,2829098,0.336495,8407551
2,2021-03-27,75603,4324989,37725,2144186,34580,2082019,3298,98784,37787,1274761,0.151621,37557,1596281,0.189863,41944,2871042,0.341484,8407551
2,2021-03-28,37695,4362684,23283,2167469,13601,2095620,811,99595,20070,1278996,0.152125,17496,1613777,0.191944,21731,2892773,0.344068,8407551
2,2021-03-29,71314,4433998,36240,2203709,32798,2128418,2276,101871,40510,1292090,0.153682,30590,1644367,0.195582,43684,2936457,0.349264,8407551
2,2021-03-30,91915,4525913,45011,2248720,42528,2170946,4376,106247,51615,1308598,0.155646,40088,1684455,0.20035,56596,2993053,0.355996,8407551
2,2021-03-31,101190,4627103,52121,2300841,43961,2214907,5108,111355,57411,1328001,0.157953,43461,1727916,0.20552,62864,3055917,0.363473,8407551
2,2021-04-01,117573,4744676,56808,2357649,51527,2266434,9238,120593,64030,1348551,0.160398,53134,1781050,0.211839,73684,3129601,0.372237,8407551
2,2021-04-02,111648,4856324,51435,2409084,50023,2316457,10190,130783,59918,1367789,0.162686,51338,1832388,0.217946,70576,3200177,0.380631,8407551
2,2021-04-03,76848,4933172,37733,2446817,29285,2345742,9830,140613,38064,1377491,0.16384,38573,1870961,0.222533,48275,3248452,0.386373,8407551
2,2021-04-04,29010,4962182,14924,2461741,10227,2355969,3859,144472,13013,1378505,0.16396,15888,1886849,0.224423,16902,3265354,0.388383,8407551
2,2021-04-05,79158,5041340,38793,2500534,31526,2387495,8839,153311,38191,1385498,0.164792,40782,1927631,0.229274,47775,3313129,0.394066,8407551
2,2021-04-06,103902,5145242,50588,2551122,38599,2426094,14715,168026,49220,1395433,0.165974,54395,1982026,0.235744,64330,3377459,0.401717,8407551
2,2021-04-07,110513,5255755,55118,2606240,39134,2465228,16261,184287,52031,1405816,0.167209,58181,2040207,0.242664,68564,3446023,0.409872,8407551
2,2021-04-08,119355,5375110,57447,2663687,43178,2508406,18730,203017,55349,1416833,0.168519,63633,2103840,0.250232,74650,3520673,0.418751,8407551
2,2021-04-09,118872,5493982,57237,2720924,43511,2551917,18124,221141,56211,1429731,0.170053,62278,2166118,0.25764,75176,3595849,0.427693,8407551
2,2021-04-10,87610,5581592,37789,2758713,31399,2583316,18422,239563,36071,1433632,0.170517,51271,2217389,0.263738,55172,3651021,0.434255,8407551
2,2021-04-11,44486,5626078,23079,2781792,12935,2596251,8472,248035,18215,1434913,0.17067,26130,2243519,0.266846,27411,3678432,0.437515,8407551
2,2021-04-12,80028,5706106,37276,2819068,33343,2629594,9409,257444,35623,1436807,0.170895,44129,2287648,0.272094,46023,3724455,0.442989,8407551
2,2021-04-13,101861,5807967,52852,2871920,48749,2678343,260,257704,55813,1447997,0.172226,45777,2333425,0.277539,56967,3781422,0.449765,8407551
2,2021-04-14,106845,5914812,55956,2927876,50836,2729179,53,257757,54636,1452224,0.172729,51898,2385323,0.283712,56125,3837547,0.456441,8407551
2,2021-04-15,113436,6028248,60301,2988177,53051,2782230,84,257841,59358,1459049,0.17354,53684,2439007,0.290097,60509,3898056,0.463638,8407551
2,2021-04-16,110899,6139147,57487,3045664,53359,2835589,53,257894,56357,1462115,0.173905,54195,2493202,0.296543,57261,3955317,0.470448,8407551
2,2021-04-17,83621,6222768,42535,3088199,41071,2876660,15,257909,46822,1473269,0.175232,36549,2529751,0.30089,47703,4003020,0.476122,8407551
2,2021-04-18,35658,6258426,21650,3109849,14001,2890661,7,257916,17018,1472768,0.175172,18508,2548259,0.303092,18007,4021027,0.478264,8407551
2,2021-04-19,74971,6333397,40364,3150213,34591,2925252,16,257932,34228,1467163,0.174505,40471,2588730,0.307905,34866,4055893,0.482411,8407551
2,2021-04-20,97808,6431205,49592,3199805,48190,2973442,26,257958,47579,1465631,0.174323,49879,2638609,0.313838,48347,4104240,0.488161,8407551
2,2021-04-21,103743,6534948,56162,3255967,47523,3020965,58,258016,49097,1461571,0.17384,54187,2692796,0.320283,50127,4154367,0.494123,8407551
2,2021-04-22,108255,6643203,56012,3311979,52220,3073185,23,258039,47485,1449624,0.172419,60349,2753145,0.327461,48402,4202769,0.49988,8407551
2,2021-04-23,107781,6750984,57315,3369294,50448,3123633,18,258057,49943,1443086,0.171642,57419,2810564,0.33429,50881,4253650,0.505932,8407551
2,2021-04-24,80799,6831783,47587,3416881,33172,3156805,40,258097,42156,1447911,0.172216,38301,2848865,0.338846,43126,4296776,0.511062,8407551
2,2021-04-25,36504,6868287,22485,3439366,14004,3170809,15,258112,19891,1451813,0.17268,16469,2865334,0.340805,20371,4317147,0.513484,8407551
2,2021-04-26,74165,6942452,41089,3480455,32768,3203577,308,258420,34206,1448084,0.172236,39689,2905023,0.345525,35960,4353107,0.517762,8407551
2,2021-04-27,88235,7030687,46530,3526985,40340,3243917,1365,259785,37960,1438759,0.171127,49890,2954913,0.351459,40565,4393672,0.522586,8407551
2,2021-04-28,88019,7118706,47039,3574024,39114,3283031,1866,261651,38888,1431637,0.17028,48790,3003703,0.357263,41668,4435340,0.527542,8407551
2,2021-04-29,90670,7209376,49376,3623400,39588,3322619,1706,263357,35246,1414149,0.1682,55041,3058744,0.363809,37553,4472893,0.532009,8407551
2,2021-04-30,94497,7303873,52277,3675677,40226,3362845,1994,265351,36848,1396455,0.166095,57193,3115937,0.370612,39499,4512392,0.536707,8407551
2,2021-05-01,62021,7365894,37809,3713486,22638,3385483,1574,266925,24186,1385544,0.164798,37524,3153461,0.375075,26613,4539005,0.539872,8407551
2,2021-05-02,29080,7394974,20210,3733696,7897,3393380,973,267898,11059,1379778,0.164112,17887,3171348,0.377202,12121,4551126,0.541314,8407551
2,2021-05-03,60322,7455296,35779,3769475,22491,3415871,2052,269950,20298,1362639,0.162073,39756,3211104,0.381931,22617,4573743,0.544004,8407551
2,2021-05-04,79440,7534736,47419,3816894,29650,3445521,2371,272321,25858,1338023,0.159145,53242,3264346,0.388264,28626,4602369,0.547409,8407551
2,2021-05-05,79946,7614682,47593,3864487,30007,3475528,2346,274667,25052,1311279,0.155964,54506,3318852,0.394747,27762,4630131,0.550711,8407551
2,2021-05-06,82175,7696857,49762,3914249,29503,3505031,2910,277577,25155,1283434,0.152653,56551,3375403,0.401473,28706,4658837,0.554125,8407551
2,2021-05-07,83252,7780109,48029,3962278,32798,3537829,2425,280002,25634,1254708,0.149236,57243,3432646,0.408281,28517,4687354,0.557517,8407551
2,2021-05-08,55212,7835321,33430,3995708,20073,3557902,1709,281711,17326,1236822,0.147108,37650,3470296,0.412759,19764,4707118,0.559868,8407551
2,2021-05-09,21754,7857075,15699,4011407,5307,3563209,748,282459,6343,1228810,0.146156,15333,3485629,0.414583,7321,4714439,0.560739,8407551
2,2021-05-10,49905,7906980,27128,4038535,20909,3584118,1868,284327,14091,1209806,0.143895,35572,3521201,0.418814,16568,4731007,0.562709,8407551
2,2021-05-11,65628,7972608,35422,4073957,28099,3612217,2107,286434,19819,1186907,0.141172,45516,3566717,0.424228,22617,4753624,0.565399,8407551
2,2021-05-12,64800,8037408,34536,4108493,28049,3640266,2215,288649,19096,1163209,0.138353,45397,3612114,0.429627,21699,4775323,0.56798,8407551
2,2021-05-13,70515,8107923,40963,4149456,27610,3667876,1942,290591,25830,1147310,0.136462,44405,3656519,0.434909,28506,4803829,0.571371,8407551
2,2021-05-14,79386,8187309,47559,4197015,29572,3697448,2255,292846,30494,1132178,0.134662,48528,3705047,0.440681,33396,4837225,0.575343,8407551
2,2021-05-15,65960,8253269,43312,4240327,20937,3718385,1711,294557,25528,1119617,0.133168,40192,3745239,0.445461,27631,4864856,0.578629,8407551
2,2021-05-16,31504,8284773,23555,4263882,7025,3725410,924,295481,12817,1114927,0.13261,18559,3763798,0.447669,13869,4878725,0.580279,8407551
2,2021-05-17,57826,8342599,36640,4300522,19256,3744666,1930,297411,22782,1105185,0.131451,34815,3798613,0.45181,25073,4903798,0.583261,8407551
2,2021-05-18,69955,8412554,40945,4341467,27050,3771716,1960,299371,27813,1093623,0.130076,41874,3840487,0.45679,30312,4934110,0.586866,8407551
2,2021-05-19,68685,8481239,40629,4382096,26046,3797762,2010,301381,27197,1082110,0.128707,41186,3881673,0.461689,29673,4963783,0.590396,8407551
2,2021-05-20,69328,8550567,40191,4422287,26951,3824713,2186,303567,26351,1068588,0.127099,42652,3924325,0.466762,29130,4992913,0.593861,8407551
2,2021-05-21,72721,8623288,42904,4465191,27667,3852380,2150,305717,27584,1054093,0.125375,44783,3969108,0.472088,30288,5023201,0.597463,8407551
2,2021-05-22,53335,8676623,33787,4498978,17774,3870154,1774,307491,22288,1047875,0.124635,30819,3999927,0.475754,24601,5047802,0.600389,8407551
2,2021-05-23,24403,8701026,16651,4515629,7026,3877180,726,308217,10273,1045011,0.124294,14002,4013929,0.47742,11138,5058940,0.601714,8407551
2,2021-05-24,44732,8745758,25404,4541033,17561,3894741,1767,309984,17182,1036967,0.123338,27333,4041262,0.480671,19289,5078229,0.604008,8407551
2,2021-05-25,50649,8796407,29646,4570679,19142,3913883,1861,311845,19269,1027557,0.122218,31079,4072341,0.484367,21669,5099898,0.606585,8407551
2,2021-05-26,48608,8845015,27227,4597906,19697,3933580,1684,313529,19010,1019322,0.121239,29269,4101610,0.487848,21034,5120932,0.609087,8407551
2,2021-05-27,46501,8891516,26344,4624250,18418,3951998,1739,315268,18584,1012471,0.120424,27676,4129286,0.49114,20825,5141757,0.611564,8407551
2,2021-05-28,49892,8941408,27532,4651782,20387,3972385,1973,317241,20957,1007149,0.119791,28678,4157964,0.494551,23356,5165113,0.614342,8407551
2,2021-05-29,28940,8970348,17350,4669132,10536,3982921,1054,318295,13264,1006112,0.119668,15525,4173489,0.496398,14488,5179601,0.616065,8407551
2,2021-05-30,12630,8982978,8132,4677264,3735,3986656,763,319058,5529,1005419,0.119585,7050,4180539,0.497236,6357,5185958,0.616821,8407551
2,2021-05-31,5867,8988845,3425,4680689,2138,3988794,304,319362,1821,1003603,0.119369,3990,4184529,0.497711,2174,5188132,0.61708,8407551
2,2021-06-01,44677,9033522,25666,4706355,17351,4006145,1660,321022,15591,992436,0.118041,28792,4213321,0.501135,17625,5205757,0.619176,8407551
2,2021-06-02,38131,9071653,22445,4728800,14282,4020427,1404,322426,14956,986171,0.117296,22920,4236241,0.503861,16655,5222412,0.621157,8407551
2,2021-06-03,41304,9112957,26604,4755404,13237,4033664,1463,323889,13930,974808,0.115944,27137,4263378,0.507089,15774,5238186,0.623034,8407551
2,2021-06-04,47904,9160861,31290,4786694,15077,4048741,1537,325426,15510,960277,0.114216,32102,4295480,0.510907,17571,5255757,0.625123,8407551
2,2021-06-05,37758,9198619,26942,4813636,9355,4058096,1461,326887,11841,948302,0.112792,25693,4321173,0.513963,13718,5269475,0.626755,8407551
2,2021-06-06,14880,9213499,12209,4825845,2092,4060188,579,327466,4696,943645,0.112238,10121,4331294,0.515167,5464,5274939,0.627405,8407551
2,2021-06-07,33207,9246706,23238,4849083,8698,4068886,1271,328737,10798,933695,0.111054,22266,4353560,0.517815,12316,5287255,0.62887,8407551
2,2021-06-08,40555,9287261,28714,4877797,10473,4079359,1368,330105,12472,920066,0.109433,27844,4381404,0.521127,14215,5301470,0.630561,8407551
2,2021-06-09,38045,9325306,26569,4904366,9985,4089344,1491,331596,11532,907093,0.10789,26320,4407724,0.524258,13347,5314817,0.632148,8407551
2,2021-06-10,37679,9362985,26204,4930570,9950,4099294,1525,333121,11586,894781,0.106426,25891,4433615,0.527337,13579,5328396,0.633763,8407551
2,2021-06-11,41175,9404160,27338,4957908,12173,4111467,1664,334785,13212,882253,0.104936,27699,4461314,0.530632,15171,5343567,0.635568,8407551
2,2021-06-12,29341,9433501,21588,4979496,6839,4118306,914,335699,8680,871543,0.103662,20524,4481838,0.533073,9814,5353381,0.636735,8407551
2,2021-06-13,12206,9445707,8911,4988407,2678,4120984,617,336316,3103,866388,0.103049,9042,4490880,0.534148,3887,5357268,0.637197,8407551
2,2021-06-14,29833,9475540,21168,5009575,7471,4128455,1194,337510,10347,858813,0.102148,19324,4510204,0.536447,11749,5369017,0.638595,8407551
2,2021-06-15,35438,9510978,23585,5033160,9813,4138268,2040,339550,11922,849868,0.101084,23283,4533487,0.539216,14338,5383355,0.6403,8407551
2,2021-06-16,32847,9543825,22646,5055806,8413,4146681,1788,341338,11293,841873,0.100133,21387,4554874,0.54176,13392,5396747,0.641893,8407551
2,2021-06-17,30738,9574563,20514,5076320,8428,4155109,1796,343134,10883,835075,0.099324,19682,4574556,0.544101,12884,5409631,0.643425,8407551
2,2021-06-18,34554,9609117,22757,5099077,9930,4165039,1867,345001,12616,828096,0.098494,21720,4596276,0.546684,14741,5424372,0.645179,8407551
2,2021-06-19,20838,9629955,14501,5113578,5079,4170118,1258,346259,7889,824644,0.098084,12788,4609064,0.548205,9336,5433708,0.646289,8407551
2,2021-06-20,8255,9638210,5895,5119473,1896,4172014,464,346723,3056,823073,0.097897,5158,4614222,0.548819,3587,5437295,0.646716,8407551
2,2021-06-21,19248,9657458,11786,5131259,6149,4178163,1313,348036,9842,825119,0.09814,9290,4623512,0.549924,11336,5448631,0.648064,8407551
2,2021-06-22,26757,9684215,18325,5149584,7062,4185225,1370,349406,10487,821144,0.097667,16104,4639616,0.551839,12129,5460760,0.649507,8407551
2,2021-06-23,25817,9710032,17830,5167414,6374,4191599,1613,351019,10530,818434,0.097345,15145,4654761,0.553641,12435,5473195,0.650986,8407551
2,2021-06-24,25220,9735252,17175,5184589,6538,4198137,1507,352526,10442,815980,0.097053,14632,4669393,0.555381,12178,5485373,0.652434,8407551
2,2021-06-25,28618,9763870,19400,5203989,7734,4205871,1484,354010,11958,813147,0.096716,16505,4685898,0.557344,13672,5499045,0.65406,8407551
2,2021-06-26,18445,9782315,13589,5217578,3932,4209803,924,354934,7510,810975,0.096458,10850,4696748,0.558634,8678,5507723,0.655092,8407551
2,2021-06-27,8749,9791064,6676,5224254,1627,4211430,446,355380,3502,809848,0.096324,5199,4701947,0.559253,4072,5511795,0.655577,8407551
2,2021-06-28,19689,9810753,14964,5239218,3487,4214917,1238,356618,8669,809052,0.096229,10892,4712839,0.560548,10096,5521891,0.656778,8407551
2,2021-06-29,22540,9833293,15704,5254922,5768,4220685,1068,357686,9591,807131,0.096001,12816,4725655,0.562073,10895,5532786,0.658073,8407551
2,2021-06-30,21713,9855006,15421,5270343,5269,4225954,1023,358709,9627,806058,0.095873,11951,4737606,0.563494,10878,5543664,0.659367,8407551
2,2021-07-01,19631,9874637,13892,5284235,4870,4230824,869,359578,8718,805047,0.095753,10801,4748407,0.564779,9790,5553454,0.660532,8407551
2,2021-07-02,22578,9897215,15577,5299812,5985,4236809,1016,360594,9952,803743,0.095598,12471,4760878,0.566262,11167,5564621,0.66186,8407551
2,2021-07-03,12421,9909636,8961,5308773,2989,4239798,471,361065,5682,803362,0.095552,6653,4767531,0.567053,6272,5570893,0.662606,8407551
2,2021-07-04,983,9910619,576,5309349,340,4240138,67,361132,419,803317,0.095547,554,4768085,0.567119,509,5571402,0.662666,8407551
2,2021-07-05,10956,9921575,8015,5317364,2534,4242672,407,361539,5025,803002,0.09551,5873,4773958,0.567818,5558,5576960,0.663328,8407551
2,2021-07-06,23403,9944978,17008,5334372,5426,4248098,969,362508,9026,799033,0.095038,14238,4788196,0.569511,10269,5587229,0.664549,8407551
2,2021-07-07,20336,9965314,14519,5348891,4736,4252834,1081,363589,8647,797468,0.094851,11557,4799753,0.570886,9992,5597221,0.665737,8407551
2,2021-07-08,18771,9984085,13126,5362017,4714,4257548,931,364520,7978,795893,0.094664,10693,4810446,0.572158,9118,5606339,0.666822,8407551
2,2021-07-09,22045,10006130,15263,5377280,5608,4263156,1174,365694,9342,794048,0.094445,12571,4823017,0.573653,10726,5617065,0.668098,8407551
2,2021-07-10,13922,10020052,10262,5387542,2993,4266149,667,366361,6121,793283,0.094354,7710,4830727,0.57457,6945,5624010,0.668924,8407551
2,2021-07-11,6513,10026565,4785,5392327,1387,4267536,341,366702,3072,793366,0.094364,3398,4834125,0.574974,3481,5627491,0.669338,8407551
2,2021-07-12,17920,10044485,13176,5405503,3904,4271440,840,367542,7747,792096,0.094212,10064,4844189,0.576171,8794,5636285,0.670384,8407551
2,2021-07-13,19131,10063616,13512,5419015,4773,4276213,846,368388,8598,791340,0.094123,10396,4854585,0.577408,9640,5645925,0.67153,8407551
2,2021-07-14,18264,10081880,13060,5432075,4451,4280664,753,369141,8171,790494,0.094022,9975,4864560,0.578594,9129,5655054,0.672616,8407551
2,2021-07-15,18369,10100249,13378,5445453,4354,4285018,637,369778,8360,789802,0.09394,9900,4874460,0.579772,9208,5664262,0.673711,8407551
2,2021-07-16,22181,10122430,15983,5461436,5426,4290444,772,370550,10616,789958,0.093958,11437,4885897,0.581132,11593,5675855,0.67509,8407551
2,2021-07-17,13652,10136082,9921,5471357,3248,4293692,483,371033,6605,790218,0.093989,6960,4892857,0.58196,7220,5683075,0.675949,8407551
2,2021-07-18,6680,10142762,5011,5476368,1351,4295043,318,371351,3394,790755,0.094053,3244,4896101,0.582346,3781,5686856,0.676399,8407551
2,2021-07-19,17872,10160634,13380,5489748,3825,4298868,667,372018,8896,791643,0.094159,8864,4904965,0.5834,9752,5696608,0.677559,8407551
2,2021-07-20,19808,10180442,14204,5503952,4862,4303730,742,372760,10089,793092,0.094331,9598,4914563,0.584542,11047,5707655,0.678872,8407551
2,2021-07-21,12763,10193205,9323,5513275,2944,4306674,496,373256,6598,794282,0.094472,6089,4920652,0.585266,7279,5714934,0.679738,8407551
3,2020-12-15,310,310,310,310,0,0,0,0,310,310,3.8e-05,0,0,0.0,310,310,3.8e-05,8129050
3,2020-12-16,2445,2755,2445,2755,0,0,0,0,2446,2756,0.000339,0,0,0.0,2446,2756,0.000339,8129050
3,2020-12-17,7856,10611,7856,10611,0,0,0,0,7856,10612,0.001305,0,0,0.0,7856,10612,0.001305,8129050
3,2020-12-18,13423,24034,13405,24016,18,18,0,0,13422,24034,0.002957,0,0,0.0,13422,24034,0.002957,8129050
3,2020-12-19,7249,31283,7236,31252,13,31,0,0,7312,31346,0.003856,0,0,0.0,7312,31346,0.003856,8129050
3,2020-12-20,5668,36951,5659,36911,9,40,0,0,5715,37060,0.004559,1,1,0.0,5715,37061,0.004559,8129050
3,2020-12-21,14386,51337,14360,51271,26,66,0,0,14450,51509,0.006336,1,2,0.0,14450,51511,0.006337,8129050
3,2020-12-22,14821,66158,14250,65521,571,637,0,0,14859,66367,0.008164,1,3,0.0,14859,66370,0.008165,8129050
3,2020-12-23,14819,80977,12217,77738,2602,3239,0,0,14836,81202,0.009989,2,5,1e-06,14837,81207,0.00999,8129050
3,2020-12-24,6787,87764,4870,82608,1917,5156,0,0,6784,87984,0.010823,2,7,1e-06,6784,87991,0.010824,8129050
3,2020-12-25,725,88489,667,83275,58,5214,0,0,723,88707,0.010912,0,7,1e-06,723,88714,0.010913,8129050
3,2020-12-26,4626,93115,3001,86276,1625,6839,0,0,4624,93331,0.011481,0,7,1e-06,4624,93338,0.011482,8129050
3,2020-12-27,2981,96096,1854,88130,1127,7966,0,0,2981,96312,0.011848,0,7,1e-06,2981,96319,0.011849,8129050
3,2020-12-28,13634,109730,8721,96851,4913,12879,0,0,13659,109970,0.013528,1,8,1e-06,13659,109978,0.013529,8129050
3,2020-12-29,15030,124760,8466,105317,6564,19443,0,0,15058,125026,0.01538,2,10,1e-06,15058,125036,0.015381,8129050
3,2020-12-30,18040,142800,10061,115378,7979,27422,0,0,18045,143070,0.0176,2,12,1e-06,18046,143082,0.017601,8129050
3,2020-12-31,8449,151249,3240,118618,5209,32631,0,0,8448,151516,0.018639,2,14,2e-06,8448,151530,0.018641,8129050
3,2021-01-01,1525,152774,722,119340,803,33434,0,0,1522,153037,0.018826,1,15,2e-06,1522,153052,0.018828,8129050
3,2021-01-02,4939,157713,2422,121762,2517,35951,0,0,4939,157976,0.019434,0,15,2e-06,4939,157991,0.019435,8129050
3,2021-01-03,1615,159328,848,122610,767,36718,0,0,1605,159578,0.019631,3,18,2e-06,1605,159596,0.019633,8129050
3,2021-01-04,12038,171366,5971,128581,6067,42785,0,0,12009,171580,0.021107,7,25,3e-06,12009,171605,0.02111,8129050
3,2021-01-05,15730,187096,8150,136731,7580,50365,0,0,14053,183999,0.022635,1662,1687,0.000208,14081,185686,0.022842,8129050
3,2021-01-06,20614,207710,10909,147640,9705,60070,0,0,16069,195578,0.024059,4499,6186,0.000761,16078,201764,0.02482,8129050
3,2021-01-07,26649,234359,15238,162878,11411,71481,0,0,17171,203324,0.025012,9442,15628,0.001922,17188,218952,0.026935,8129050
3,2021-01-08,30647,265006,18728,181606,11919,83400,0,0,18165,209054,0.025717,12459,28087,0.003455,18189,237141,0.029172,8129050
3,2021-01-09,12449,277455,7034,188640,5415,88815,0,0,7918,212458,0.026136,4524,32611,0.004012,7928,245069,0.030147,8129050
3,2021-01-10,7219,284674,4476,193116,2743,91558,0,0,4069,213384,0.02625,3148,35759,0.004399,4074,249143,0.030648,8129050
3,2021-01-11,29096,313770,19041,212157,10055,101613,0,0,16469,217276,0.026728,12621,48380,0.005951,16513,265656,0.03268,8129050
3,2021-01-12,32603,346373,19479,231636,13124,114737,0,0,19957,224756,0.027648,12625,61005,0.007505,20105,285761,0.035153,8129050
3,2021-01-13,34572,380945,18052,249688,16520,131257,0,0,24337,238892,0.029387,10221,71226,0.008762,24357,310118,0.038149,8129050
3,2021-01-14,34742,415687,14209,263897,20533,151790,0,0,28827,261881,0.032215,5876,77102,0.009485,28865,338983,0.0417,8129050
3,2021-01-15,39008,454695,14465,278362,24543,176333,0,0,34313,291586,0.03587,4679,81781,0.01006,34384,373367,0.04593,8129050
3,2021-01-16,21760,476455,7418,285780,14342,190675,0,0,19434,308726,0.037978,2315,84096,0.010345,19455,392822,0.048323,8129050
3,2021-01-17,13151,489606,4460,290240,8691,199366,0,0,12109,319813,0.039342,1041,85137,0.010473,12128,404950,0.049815,8129050
3,2021-01-18,24795,514401,12956,303196,11839,211205,0,0,19181,333435,0.041018,5602,90739,0.011162,19224,424174,0.05218,8129050
3,2021-01-19,41092,555493,20897,324093,20195,231400,0,0,31961,356387,0.043841,9095,99834,0.012281,32047,456221,0.056122,8129050
3,2021-01-20,46202,601695,23018,347111,23184,254584,0,0,36635,383585,0.047187,9520,109354,0.013452,36718,492939,0.060639,8129050
3,2021-01-21,48089,649784,20854,367965,27235,281819,0,0,42574,420788,0.051763,5449,114803,0.014123,42652,535591,0.065886,8129050
3,2021-01-22,49835,699619,19846,387811,29989,311808,0,0,45602,462261,0.056865,4203,119006,0.01464,45676,581267,0.071505,8129050
3,2021-01-23,30360,729979,12801,400612,17559,329367,0,0,27062,486087,0.059796,3290,122296,0.015044,27116,608383,0.074841,8129050
3,2021-01-24,17895,747874,8487,409099,9408,338775,0,0,16712,501649,0.061711,1180,123476,0.015189,16742,625125,0.0769,8129050
3,2021-01-25,40871,788745,18224,427323,22647,361422,0,0,30879,522656,0.064295,9962,133438,0.016415,30969,656094,0.08071,8129050
3,2021-01-26,47373,836118,22631,449954,24742,386164,0,0,37185,549789,0.067633,10154,143592,0.017664,37287,693381,0.085297,8129050
3,2021-01-27,51508,887626,24521,474475,26987,413151,0,0,40833,580101,0.071361,10603,154195,0.018968,40915,734296,0.09033,8129050
3,2021-01-28,51935,939561,24103,498578,27832,440983,0,0,42981,614272,0.075565,8869,163064,0.020059,43040,777336,0.095624,8129050
3,2021-01-29,51044,990605,24495,523073,26549,467532,0,0,41281,646016,0.07947,9585,172649,0.021239,41329,818665,0.100709,8129050
3,2021-01-30,37429,1028034,17789,540862,19640,487172,0,0,32709,674142,0.08293,4666,177315,0.021813,32792,851457,0.104742,8129050
3,2021-01-31,22445,1050479,12753,553615,9692,496864,0,0,21029,693791,0.085347,1401,178716,0.021985,21050,872507,0.107332,8129050
3,2021-02-01,45941,1096420,20991,574606,24950,521814,0,0,35031,717999,0.088325,10857,189573,0.02332,35065,907572,0.111646,8129050
3,2021-02-02,54567,1150987,22766,597372,31801,553615,0,0,42101,747777,0.091988,12373,201946,0.024843,42151,949723,0.116831,8129050
3,2021-02-03,60131,1211118,26681,624053,33450,587065,0,0,44722,777293,0.095619,15278,217224,0.026722,44794,994517,0.122341,8129050
3,2021-02-04,64490,1275608,27924,651977,36566,623631,0,0,47212,807538,0.09934,17082,234306,0.028823,47327,1041844,0.128163,8129050
3,2021-02-05,70442,1346050,29784,681761,40658,664289,0,0,48648,834813,0.102695,21551,255857,0.031474,48826,1090670,0.134169,8129050
3,2021-02-06,43709,1389759,20958,702719,22751,687040,0,0,34053,859438,0.105724,9610,265467,0.032657,34235,1124905,0.138381,8129050
3,2021-02-07,19735,1409494,12548,715267,7187,694227,0,0,15146,870138,0.107041,4570,270037,0.033219,15270,1140175,0.140259,8129050
3,2021-02-08,51635,1461129,24987,740254,26648,720875,0,0,33860,886553,0.10906,17633,287670,0.035388,34048,1174223,0.144448,8129050
3,2021-02-09,58839,1519968,28517,768771,30322,751197,0,0,34424,897169,0.110366,24140,311810,0.038357,34756,1208979,0.148723,8129050
3,2021-02-10,68405,1588373,31829,800600,36576,787773,0,0,36678,902916,0.111073,31431,343241,0.042224,37178,1246157,0.153297,8129050
3,2021-02-11,70828,1659201,34840,835440,35988,823761,0,0,37629,908235,0.111727,32852,376093,0.046265,38171,1284328,0.157992,8129050
3,2021-02-12,75749,1734950,32687,868127,43062,866823,0,0,41758,917077,0.112815,33690,409783,0.05041,42532,1326860,0.163224,8129050
3,2021-02-13,45274,1780224,20514,888641,24760,891583,0,0,26065,924629,0.113744,19095,428878,0.052759,26647,1353507,0.166502,8129050
3,2021-02-14,27433,1807657,13721,902362,13712,905295,0,0,15229,928162,0.114178,12146,441024,0.054253,15679,1369186,0.168431,8129050
3,2021-02-15,40287,1847944,17349,919711,22938,928233,0,0,22257,933440,0.114828,17918,458942,0.056457,23196,1392382,0.171285,8129050
3,2021-02-16,70451,1918395,33347,953058,37104,965337,0,0,36577,937310,0.115304,33735,492677,0.060607,37605,1429987,0.175911,8129050
3,2021-02-17,72278,1990673,36530,989588,35748,1001085,0,0,34237,934815,0.114997,37804,530481,0.065257,35309,1465296,0.180254,8129050
3,2021-02-18,77436,2068109,40440,1030028,36996,1038081,0,0,35797,930516,0.114468,41442,571923,0.070355,37143,1502439,0.184823,8129050
3,2021-02-19,69538,2137647,40069,1070097,29469,1067550,0,0,35090,932015,0.114652,34288,606211,0.074573,35787,1538226,0.189226,8129050
3,2021-02-20,43144,2180791,27257,1097354,15887,1083437,0,0,22512,934520,0.114961,20509,626720,0.077096,23014,1561240,0.192057,8129050
3,2021-02-21,24245,2205036,19495,1116849,4750,1088187,0,0,11820,934398,0.114946,12331,639051,0.078613,12209,1573449,0.193559,8129050
3,2021-02-22,47432,2252468,30897,1147746,16535,1104722,0,0,22161,931919,0.114641,25125,664176,0.081704,22646,1596095,0.196345,8129050
3,2021-02-23,63384,2315852,34430,1182176,28954,1133676,0,0,27598,925952,0.113907,35557,699733,0.086078,29590,1625685,0.199985,8129050
3,2021-02-24,79624,2395476,39115,1221291,40509,1174185,0,0,35167,919435,0.113105,44202,743935,0.091516,37685,1663370,0.20462,8129050
3,2021-02-25,89229,2484705,43451,1264742,45778,1219963,0,0,44381,921874,0.113405,44537,788472,0.096994,46976,1710346,0.210399,8129050
3,2021-02-26,100113,2584818,45828,1310570,54285,1274248,0,0,52840,930078,0.114414,46844,835316,0.102757,55048,1765394,0.217171,8129050
3,2021-02-27,70917,2655735,32588,1343158,38325,1312573,4,4,37462,935640,0.115098,33213,868529,0.106843,38775,1804169,0.221941,8129050
3,2021-02-28,41371,2697106,23883,1367041,17485,1330058,3,7,21249,937919,0.115379,19924,888453,0.109294,22203,1826372,0.224672,8129050
3,2021-03-01,69283,2766389,36750,1403791,32499,1362557,34,41,38449,947152,0.116514,30588,919041,0.113056,39821,1866193,0.229571,8129050
3,2021-03-02,79547,2845936,39266,1443057,40273,1402830,8,49,46047,961940,0.118334,33343,952384,0.117158,48131,1914324,0.235492,8129050
3,2021-03-03,89509,2935445,42942,1485999,46545,1449375,22,71,50169,975298,0.119977,39102,991486,0.121968,52460,1966784,0.241945,8129050
3,2021-03-04,94047,3029492,46033,1532032,47993,1497368,21,92,53371,990538,0.121852,40427,1031913,0.126941,55667,2022451,0.248793,8129050
3,2021-03-05,90886,3120378,44485,1576517,46110,1543478,291,383,55528,1013501,0.124676,35086,1066999,0.131258,58049,2080500,0.255934,8129050
3,2021-03-06,65438,3185816,33182,1609699,30095,1573573,2161,2544,37568,1026980,0.126335,27714,1094713,0.134667,41193,2121693,0.261001,8129050
3,2021-03-07,39183,3224999,22636,1632335,14652,1588225,1895,4439,22033,1035010,0.127322,17069,1111782,0.136767,25099,2146792,0.264089,8129050
3,2021-03-08,59964,3284963,28593,1660928,28367,1616592,3004,7443,37959,1055674,0.129864,21837,1133619,0.139453,42501,2189293,0.269317,8129050
3,2021-03-09,77230,3362193,35653,1696581,37122,1653714,4455,11898,41511,1067228,0.131286,35567,1169186,0.143828,47121,2236414,0.275114,8129050
3,2021-03-10,83124,3445317,41386,1737967,35645,1689359,6093,17991,43467,1078748,0.132703,39423,1208609,0.148678,50943,2287357,0.281381,8129050
3,2021-03-11,97517,3542834,47639,1785606,41256,1730615,8622,26613,47808,1086824,0.133696,49422,1258031,0.154757,57498,2344855,0.288454,8129050
3,2021-03-12,102213,3645047,45545,1831151,44763,1775378,11905,38518,46848,1091585,0.134282,55118,1313149,0.161538,59879,2404734,0.29582,8129050
3,2021-03-13,70693,3715740,29739,1860890,33683,1809061,7271,45789,37382,1104403,0.135859,33179,1346328,0.165619,45997,2450731,0.301478,8129050
3,2021-03-14,41403,3757143,21624,1882514,16214,1825275,3565,49354,20843,1108967,0.13642,20470,1366798,0.168137,25034,2475765,0.304558,8129050
3,2021-03-15,75936,3833079,35982,1918496,35389,1860664,4565,53919,39975,1118777,0.137627,35722,1402520,0.172532,45532,2521297,0.310159,8129050
3,2021-03-16,95260,3928339,43883,1962379,47037,1907701,4340,58259,53545,1136108,0.139759,41460,1443980,0.177632,58791,2580088,0.317391,8129050
3,2021-03-17,98493,4026832,47803,2010182,46141,1953842,4549,62808,59782,1162624,0.143021,38454,1482434,0.182363,64970,2645058,0.325383,8129050
3,2021-03-18,103914,4130746,52808,2062990,46576,2000418,4530,67338,59607,1183305,0.145565,43996,1526430,0.187775,64677,2709735,0.33334,8129050
3,2021-03-19,103459,4234205,55487,2118477,43509,2043927,4463,71801,57556,1200261,0.147651,45611,1572041,0.193386,62567,2772302,0.341036,8129050
3,2021-03-20,72111,4306316,37169,2155646,31280,2075207,3662,75463,44448,1221414,0.150253,27455,1599496,0.196763,48608,2820910,0.347016,8129050
3,2021-03-21,36389,4342705,24740,2180386,10143,2085350,1506,76969,21864,1230845,0.151413,14415,1613911,0.198536,23846,2844756,0.349949,8129050
3,2021-03-22,70751,4413456,41592,2221978,26634,2111984,2525,79494,45127,1254137,0.154278,25376,1639287,0.201658,48668,2893424,0.355936,8129050
3,2021-03-23,89874,4503330,49732,2271710,37605,2149589,2537,82031,55166,1278106,0.157227,34437,1673724,0.205894,58406,2951830,0.363121,8129050
3,2021-03-24,98806,4602136,56873,2328583,39005,2188594,2928,84959,56211,1295626,0.159382,42221,1715945,0.211088,59741,3011571,0.37047,8129050
3,2021-03-25,107435,4709571,59668,2388251,44797,2233391,2970,87929,60521,1313202,0.161544,46560,1762505,0.216816,64136,3075707,0.37836,8129050
3,2021-03-26,110723,4820294,59434,2447685,47957,2281348,3332,91261,57009,1321020,0.162506,53363,1815868,0.22338,61181,3136888,0.385886,8129050
3,2021-03-27,74686,4894980,37985,2485670,34152,2315500,2549,93810,36050,1321896,0.162614,38397,1854265,0.228104,39273,3176161,0.390717,8129050
3,2021-03-28,44404,4939384,27983,2513653,15607,2331107,814,94624,22334,1323735,0.16284,21948,1876213,0.230803,23787,3199948,0.393644,8129050
3,2021-03-29,80708,5020092,42128,2555781,36718,2367825,1862,96486,44131,1334234,0.164132,36308,1912521,0.23527,46807,3246755,0.399402,8129050
3,2021-03-30,100383,5120475,49314,2605095,47429,2415254,3640,100126,56277,1350913,0.166183,43840,1956361,0.240663,60519,3307274,0.406846,8129050
3,2021-03-31,105131,5225606,56699,2661794,43576,2458830,4856,104982,56174,1363563,0.16774,48707,2005068,0.246655,61357,3368631,0.414394,8129050
3,2021-04-01,123798,5349404,62565,2724359,51468,2510298,9765,114747,66758,1383767,0.170225,56619,2061687,0.25362,76823,3445454,0.423845,8129050
3,2021-04-02,118074,5467478,57593,2781952,50123,2560421,10358,125105,62271,1401373,0.172391,55494,2117181,0.260446,73100,3518554,0.432837,8129050
3,2021-04-03,76187,5543665,38981,2820933,27962,2588383,9244,134349,37885,1410660,0.173533,38144,2155325,0.265139,47431,3565985,0.438672,8129050
3,2021-04-04,32467,5576132,17373,2838306,10875,2599258,4219,138568,14173,1410859,0.173558,18214,2173539,0.267379,18413,3584398,0.440937,8129050
3,2021-04-05,89602,5665734,45498,2883804,34859,2634117,9245,147813,43560,1418673,0.174519,45801,2219340,0.273013,53615,3638013,0.447532,8129050
3,2021-04-06,113625,5779359,55273,2939077,43126,2677243,15226,163039,53372,1427998,0.175666,59964,2279304,0.28039,69289,3707302,0.456056,8129050
3,2021-04-07,116424,5895783,60204,2999281,39892,2717135,16328,179367,56252,1440936,0.177258,59896,2339200,0.287758,72834,3780136,0.465016,8129050
3,2021-04-08,121564,6017347,60504,3059785,40872,2758007,20188,199555,56257,1453152,0.17876,64986,2404186,0.295752,77202,3857338,0.474513,8129050
3,2021-04-09,118608,6135955,59118,3118903,40309,2798316,19181,218736,52053,1458983,0.179478,66290,2470476,0.303907,72121,3929459,0.483385,8129050
3,2021-04-10,84508,6220463,37899,3156802,31329,2829645,15280,234016,34313,1459383,0.179527,50001,2520477,0.310058,50401,3979860,0.489585,8129050
3,2021-04-11,45368,6265831,24303,3181105,13046,2842691,8019,242035,17208,1457372,0.179279,28065,2548542,0.31351,26054,4005914,0.49279,8129050
3,2021-04-12,84092,6349923,42477,3223582,32786,2875477,8829,250864,37979,1459394,0.179528,45871,2594413,0.319153,47893,4053807,0.498682,8129050
3,2021-04-13,105627,6455550,57198,3280780,48220,2923697,209,251073,55668,1466449,0.180396,49707,2644120,0.325268,56762,4110569,0.505664,8129050
3,2021-04-14,107780,6563330,58910,3339690,48771,2972468,99,251172,53616,1467737,0.180555,53864,2697984,0.331894,55152,4165721,0.512449,8129050
3,2021-04-15,119753,6683083,67405,3407095,52272,3024740,76,251248,64044,1477284,0.181729,55381,2753365,0.338707,64928,4230649,0.520436,8129050
3,2021-04-16,115789,6798872,64935,3472030,50760,3075500,94,251342,60414,1483404,0.182482,55055,2808420,0.345479,61175,4291824,0.527961,8129050
3,2021-04-17,79678,6878550,43401,3515431,36263,3111763,14,251356,44378,1493700,0.183748,35066,2843486,0.349793,45362,4337186,0.533542,8129050
3,2021-04-18,38810,6917360,23410,3538841,15395,3127158,5,251361,18226,1492342,0.183581,20463,2863949,0.35231,19105,4356291,0.535892,8129050
3,2021-04-19,79466,6996826,44240,3583081,35170,3162328,56,251417,35894,1485434,0.182732,43365,2907314,0.357645,36457,4392748,0.540377,8129050
3,2021-04-20,101191,7098017,53299,3636380,47874,3210202,18,251435,49154,1483857,0.182538,51774,2959088,0.364014,50197,4442945,0.546552,8129050
3,2021-04-21,106034,7204051,59559,3695939,46405,3256607,70,251505,50132,1479617,0.182016,55528,3014616,0.370845,51288,4494233,0.552861,8129050
3,2021-04-22,112139,7316190,63001,3758940,49111,3305718,27,251532,48314,1465449,0.180273,63465,3078081,0.378652,49297,4543530,0.558925,8129050
3,2021-04-23,106495,7422685,60917,3819857,45550,3351268,28,251560,46792,1453938,0.178857,59343,3137424,0.385952,47832,4591362,0.564809,8129050
3,2021-04-24,73968,7496653,45687,3865544,28216,3379484,65,251625,36063,1453433,0.178795,37627,3175051,0.390581,37122,4628484,0.569376,8129050
3,2021-04-25,36984,7533637,23612,3889156,13355,3392839,17,251642,18908,1454837,0.178968,17927,3192978,0.392786,19331,4647815,0.571754,8129050
3,2021-04-26,74091,7607728,41897,3931053,31785,3424624,409,252051,31686,1446145,0.177898,42129,3235107,0.397969,33437,4681252,0.575867,8129050
3,2021-04-27,91239,7698967,47891,3978944,41608,3466232,1740,253791,36271,1430272,0.175946,54651,3289758,0.404692,38778,4720030,0.580637,8129050
3,2021-04-28,86828,7785795,49342,4028286,35349,3501581,2137,255928,35531,1417466,0.17437,51001,3340759,0.410965,38195,4758225,0.585336,8129050
3,2021-04-29,88873,7874668,50794,4079080,35867,3537448,2212,258140,31723,1395080,0.171617,56807,3397566,0.417954,34421,4792646,0.58957,8129050
3,2021-04-30,90661,7965329,51168,4130248,37013,3574461,2480,260620,33817,1375346,0.169189,56496,3454062,0.424904,36762,4829408,0.594093,8129050
3,2021-05-01,55158,8020487,34616,4164864,19082,3593543,1460,262080,19879,1362156,0.167566,35020,3489082,0.429212,21830,4851238,0.596778,8129050
3,2021-05-02,26911,8047398,18369,4183233,7527,3601070,1015,263095,9868,1356199,0.166834,16936,3506018,0.431295,10979,4862217,0.598129,8129050
3,2021-05-03,59723,8107121,35036,4218269,22317,3623387,2370,265465,17492,1334231,0.164131,42010,3548028,0.436463,20042,4882259,0.600594,8129050
3,2021-05-04,77349,8184470,44712,4262981,29959,3653346,2678,268143,22508,1305152,0.160554,54548,3602576,0.443173,25469,4907728,0.603727,8129050
3,2021-05-05,78810,8263280,47348,4310329,28763,3682109,2699,270842,21891,1273439,0.156653,56588,3659164,0.450134,24875,4932603,0.606787,8129050
3,2021-05-06,82884,8346164,52343,4362672,28016,3710125,2525,273367,20616,1235328,0.151965,61799,3720963,0.457737,23688,4956291,0.609701,8129050
3,2021-05-07,82180,8428344,51196,4413868,28366,3738491,2618,275985,21849,1200102,0.147631,59987,3780950,0.465116,24761,4981052,0.612747,8129050
3,2021-05-08,52321,8480665,32407,4446275,18206,3756697,1708,277693,13890,1177792,0.144887,38170,3819120,0.469811,15860,4996912,0.614698,8129050
3,2021-05-09,20915,8501580,15304,4461579,4825,3761522,786,278479,5512,1168846,0.143786,15310,3834430,0.471695,6364,5003276,0.615481,8129050
3,2021-05-10,47887,8549467,25663,4487242,20323,3781845,1901,280380,11120,1145563,0.140922,36568,3870998,0.476193,13285,5016561,0.617115,8129050
3,2021-05-11,63670,8613137,35579,4522821,25875,3807720,2216,282596,16090,1116996,0.137408,47340,3918338,0.482017,18773,5035334,0.619425,8129050
3,2021-05-12,64621,8677758,37132,4559953,25095,3832815,2394,284990,16517,1088352,0.133884,47852,3966190,0.487903,19208,5054542,0.621788,8129050
3,2021-05-13,75087,8752845,47338,4607291,25843,3858658,1906,286896,27463,1070949,0.131743,47382,4013572,0.493732,29979,5084521,0.625475,8129050
3,2021-05-14,80039,8832884,50575,4657866,27337,3885995,2127,289023,31005,1055932,0.129896,48747,4062319,0.499729,33730,5118251,0.629625,8129050
3,2021-05-15,61856,8894740,42678,4700544,17973,3903968,1205,290228,25571,1046838,0.128777,36087,4098406,0.504168,26993,5145244,0.632945,8129050
3,2021-05-16,33063,8927803,24707,4725251,7665,3911633,691,290919,13341,1041354,0.128103,19603,4118009,0.506579,14119,5159363,0.634682,8129050
3,2021-05-17,56774,8984577,36180,4761431,18761,3930394,1833,292752,20929,1028745,0.126552,35575,4153584,0.510956,22966,5182329,0.637507,8129050
3,2021-05-18,64369,9048946,38016,4799447,24497,3954891,1856,294608,24229,1015357,0.124905,39868,4193452,0.51586,26480,5208809,0.640765,8129050
3,2021-05-19,63805,9112751,38800,4838247,23267,3978158,1738,296346,24738,1003292,0.123421,38816,4232268,0.520635,26751,5235560,0.644056,8129050
3,2021-05-20,61610,9174361,36079,4874326,23696,4001854,1835,298181,22162,988464,0.121596,39172,4271440,0.525454,24344,5259904,0.64705,8129050
3,2021-05-21,65746,9240107,39940,4914266,23709,4025563,2097,300278,23500,972427,0.119624,41936,4313376,0.530613,25899,5285803,0.650236,8129050
3,2021-05-22,45571,9285678,30237,4944503,13868,4039431,1466,301744,19079,966939,0.118949,26289,4339665,0.533847,20801,5306604,0.652795,8129050
3,2021-05-23,21725,9307403,15039,4959542,6037,4045468,649,302393,9198,964458,0.118643,12439,4352104,0.535377,9958,5316562,0.65402,8129050
3,2021-05-24,39449,9346852,23061,4982603,14631,4060099,1757,304150,14627,956415,0.117654,24632,4376736,0.538407,16589,5333151,0.656061,8129050
3,2021-05-25,42622,9389474,23998,5006601,16950,4077049,1674,305824,15167,946281,0.116407,27197,4403933,0.541752,17063,5350214,0.65816,8129050
3,2021-05-26,42324,9431798,24236,5030837,16369,4093418,1719,307543,15859,937826,0.115367,26171,4430104,0.544972,17716,5367930,0.660339,8129050
3,2021-05-27,39283,9471081,22047,5052884,15487,4108905,1749,309292,15438,931566,0.114597,23687,4453791,0.547886,17427,5385357,0.662483,8129050
3,2021-05-28,42654,9513735,24103,5076987,16755,4125660,1796,311088,17725,926682,0.113996,24727,4478518,0.550928,19843,5405200,0.664924,8129050
3,2021-05-29,23431,9537166,14323,5091310,8271,4133931,837,311925,10991,926326,0.113953,12309,4490827,0.552442,11953,5417153,0.666394,8129050
3,2021-05-30,10578,9547744,6857,5098167,3085,4137016,636,312561,4458,925414,0.11384,6046,4496873,0.553186,5134,5422287,0.667026,8129050
3,2021-05-31,4622,9552366,2669,5100836,1689,4138705,264,312825,1456,924033,0.11367,3130,4500003,0.553571,1749,5424036,0.667241,8129050
3,2021-06-01,37623,9589989,21668,5122504,14521,4153226,1434,314259,13180,914627,0.112513,24213,4524216,0.556549,14807,5438843,0.669063,8129050
3,2021-06-02,31424,9621413,18067,5140571,11951,4165177,1406,315665,11655,908255,0.11173,19564,4543780,0.558956,13192,5452035,0.670685,8129050
3,2021-06-03,39529,9660942,27059,5167630,11037,4176214,1433,317098,11443,893444,0.109908,27909,4571689,0.562389,13098,5465133,0.672297,8129050
3,2021-06-04,46073,9707015,32591,5200221,11940,4188154,1542,318640,13132,875808,0.107738,32711,4604400,0.566413,15075,5480208,0.674151,8129050
3,2021-06-05,34278,9741293,25850,5226071,7241,4195395,1187,319827,8749,860605,0.105868,25323,4629723,0.569528,10120,5490328,0.675396,8129050
3,2021-06-06,14613,9755906,12194,5238265,1838,4197233,581,320408,3763,854319,0.105095,10791,4640514,0.570856,4505,5494833,0.67595,8129050
3,2021-06-07,30362,9786268,22071,5260336,7010,4204243,1281,321689,8727,842956,0.103697,21491,4662005,0.573499,10128,5504961,0.677196,8129050
3,2021-06-08,34240,9820508,24597,5284933,8357,4212600,1286,322975,9956,830336,0.102144,24073,4686078,0.576461,11453,5516414,0.678605,8129050
3,2021-06-09,32927,9853435,23893,5308826,7735,4220335,1299,324274,8861,816763,0.100475,23889,4709967,0.579399,10316,5526730,0.679874,8129050
3,2021-06-10,32418,9885853,23388,5332214,7505,4227840,1525,325799,8952,804123,0.09892,23314,4733281,0.582267,10674,5537404,0.681187,8129050
3,2021-06-11,35471,9921324,25089,5357303,9019,4236859,1363,327162,10564,791512,0.097368,24712,4757993,0.585307,12101,5549505,0.682676,8129050
3,2021-06-12,25089,9946413,18916,5376219,5283,4242142,890,328052,6690,780958,0.09607,18285,4776278,0.587557,7731,5557236,0.683627,8129050
3,2021-06-13,10122,9956535,7572,5383791,2060,4244202,490,328542,2360,776170,0.095481,7708,4783986,0.588505,2920,5560156,0.683986,8129050
3,2021-06-14,25758,9982293,18452,5402243,5890,4250092,1416,329958,8086,768268,0.094509,17543,4801529,0.590663,9641,5569797,0.685172,8129050
3,2021-06-15,28658,10010951,19401,5421644,7757,4257849,1500,331458,9648,760796,0.09359,18788,4820317,0.592974,11316,5581113,0.686564,8129050
3,2021-06-16,25799,10036750,18312,5439956,6077,4263926,1410,332868,8700,754144,0.092771,16917,4837234,0.595055,10265,5591378,0.687827,8129050
3,2021-06-17,24785,10061535,17756,5457712,5744,4269670,1285,334153,8607,748144,0.092033,16027,4853261,0.597027,10027,5601405,0.68906,8129050
3,2021-06-18,27911,10089446,19713,5477425,6629,4276299,1569,335722,9793,741779,0.09125,17893,4871154,0.599228,11528,5612933,0.690478,8129050
3,2021-06-19,15944,10105390,11714,5489139,3376,4279675,854,336576,5701,738323,0.090825,10118,4881272,0.600473,6662,5619595,0.691298,8129050
3,2021-06-20,6851,10112241,5142,5494281,1412,4281087,297,336873,2598,737070,0.090671,4201,4885473,0.600989,2948,5622543,0.691661,8129050
3,2021-06-21,16184,10128425,10216,5504497,4575,4285662,1393,338266,8072,738631,0.090863,8023,4893496,0.601976,9584,5632127,0.69284,8129050
3,2021-06-22,22036,10150461,15454,5519951,5290,4290952,1292,339558,8263,734680,0.090377,13659,4907155,0.603657,9708,5641835,0.694034,8129050
3,2021-06-23,20181,10170642,14153,5534104,4703,4295655,1325,340883,7996,732066,0.090056,12074,4919229,0.605142,9460,5651295,0.695197,8129050
3,2021-06-24,19865,10190507,13835,5547939,4591,4300246,1439,342322,7753,729425,0.089731,11944,4931173,0.606611,9303,5660598,0.696342,8129050
3,2021-06-25,23220,10213727,16479,5564418,5319,4305565,1422,343744,9084,726049,0.089315,14007,4945180,0.608334,10631,5671229,0.69765,8129050
3,2021-06-26,13797,10227524,10239,5574657,2788,4308353,770,344514,5746,724736,0.089154,7983,4953163,0.609316,6670,5677899,0.69847,8129050
3,2021-06-27,6686,10234210,5167,5579824,1211,4309564,308,344822,2863,724149,0.089082,3789,4956952,0.609782,3202,5681101,0.698864,8129050
3,2021-06-28,15844,10250054,12172,5591996,2599,4312163,1073,345895,6690,722965,0.088936,9045,4965997,0.610895,7861,5688962,0.699831,8129050
3,2021-06-29,17897,10267951,12624,5604620,4286,4316449,987,346882,7337,720978,0.088692,10442,4976439,0.61218,8455,5697417,0.700871,8129050
3,2021-06-30,16825,10284776,11921,5616541,3871,4320320,1033,347915,7215,719886,0.088557,9483,4985922,0.613346,8391,5705808,0.701903,8129050
3,2021-07-01,16098,10300874,11479,5628020,3562,4323882,1057,348972,6761,718563,0.088394,9241,4995163,0.614483,7918,5713726,0.702877,8129050
3,2021-07-02,18265,10319139,12996,5641016,4173,4328055,1096,350068,7773,717151,0.088221,10384,5005547,0.61576,8972,5722698,0.703981,8129050
3,2021-07-03,9954,10329093,7205,5648221,2323,4330378,426,350494,4263,716315,0.088118,5628,5011175,0.616453,4792,5727490,0.704571,8129050
3,2021-07-04,701,10329794,406,5648627,208,4330586,87,350581,266,716255,0.088111,429,5011604,0.616505,369,5727859,0.704616,8129050
3,2021-07-05,9470,10339264,6927,5655554,2120,4332706,423,351004,4286,715905,0.088067,5120,5016724,0.617135,4770,5732629,0.705203,8129050
3,2021-07-06,18834,10358098,13662,5669216,4060,4336766,1112,352116,6816,712071,0.087596,11881,5028605,0.618597,8047,5740676,0.706193,8129050
3,2021-07-07,15537,10373635,11027,5680243,3404,4340170,1106,353222,6274,710390,0.087389,9165,5037770,0.619724,7484,5748160,0.707113,8129050
3,2021-07-08,15019,10388654,10917,5691160,3219,4343389,883,354105,6141,708712,0.087183,8788,5046558,0.620805,7110,5755270,0.707988,8129050
3,2021-07-09,17211,10405865,12078,5703238,4058,4347447,1075,355180,7155,707102,0.086985,9945,5056503,0.622029,8335,5763605,0.709013,8129050
3,2021-07-10,10566,10416431,7841,5711079,2163,4349610,562,355742,4539,706328,0.086889,5962,5062465,0.622762,5188,5768793,0.709652,8129050
3,2021-07-11,5055,10421486,3737,5714816,1046,4350656,272,356014,2295,706188,0.086872,2727,5065192,0.623098,2587,5771380,0.70997,8129050
3,2021-07-12,14114,10435600,10370,5725186,2865,4353521,879,356893,5687,704472,0.086661,8354,5073546,0.624125,6638,5778018,0.710786,8129050
3,2021-07-13,14856,10450456,10573,5735759,3504,4357025,779,357672,6561,703696,0.086566,8197,5081743,0.625134,7421,5785439,0.711699,8129050
3,2021-07-14,14052,10464508,10089,5745848,3207,4360232,756,358428,6323,703206,0.086505,7632,5089375,0.626073,7142,5792581,0.712578,8129050
3,2021-07-15,14238,10478746,10413,5756261,3171,4363403,654,359082,6621,703027,0.086483,7527,5096902,0.626998,7348,5799929,0.713482,8129050
3,2021-07-16,17296,10496042,12535,5768796,4007,4367410,754,359836,8337,703327,0.08652,8863,5105765,0.628089,9163,5809092,0.714609,8129050
3,2021-07-17,10744,10506786,7939,5776735,2429,4369839,376,360212,5166,703428,0.086533,5510,5111275,0.628767,5611,5814703,0.715299,8129050
3,2021-07-18,5412,10512198,4092,5780827,1083,4370922,237,360449,2653,703623,0.086557,2723,5113998,0.629102,2918,5817621,0.715658,8129050
3,2021-07-19,14447,10526645,10691,5791518,3064,4373986,692,361141,7166,704378,0.086649,7186,5121184,0.629986,7941,5825562,0.716635,8129050
3,2021-07-20,15555,10542200,10945,5802463,3898,4377884,712,361853,8069,705851,0.086831,7384,5128568,0.630894,8857,5834419,0.717725,8129050
3,2021-07-21,10211,10552411,7216,5809679,2428,4380312,567,362420,5102,706568,0.086919,5032,5133600,0.631513,5749,5840168,0.718432,8129050
4,2020-12-15,458,458,458,458,0,0,0,0,458,458,5.7e-05,0,0,0.0,458,458,5.7e-05,8037679
4,2020-12-16,3043,3501,3043,3501,0,0,0,0,3043,3501,0.000436,0,0,0.0,3043,3501,0.000436,8037679
4,2020-12-17,8959,12460,8959,12460,0,0,0,0,8959,12460,0.00155,0,0,0.0,8959,12460,0.00155,8037679
4,2020-12-18,16220,28680,16208,28668,12,12,0,0,16220,28680,0.003568,0,0,0.0,16220,28680,0.003568,8037679
4,2020-12-19,10396,39076,10387,39055,9,21,0,0,10332,39012,0.004854,0,0,0.0,10332,39012,0.004854,8037679
4,2020-12-20,7426,46502,7419,46474,7,28,0,0,7381,46393,0.005772,0,0,0.0,7381,46393,0.005772,8037679
4,2020-12-21,16412,62914,16386,62860,26,54,0,0,16345,62737,0.007805,1,1,0.0,16345,62738,0.007805,8037679
4,2020-12-22,17234,80148,16485,79345,749,803,0,0,17188,79921,0.009943,4,5,1e-06,17188,79926,0.009944,8037679
4,2020-12-23,17154,97302,14423,93768,2731,3534,0,0,17132,97051,0.012075,2,7,1e-06,17132,97058,0.012075,8037679
4,2020-12-24,8567,105869,5977,99745,2590,6124,0,0,8567,105618,0.01314,0,7,1e-06,8567,105625,0.013141,8037679
4,2020-12-25,906,106775,801,100546,105,6229,0,0,906,106524,0.013253,0,7,1e-06,906,106531,0.013254,8037679
4,2020-12-26,6188,112963,3907,104453,2281,8510,0,0,6188,112712,0.014023,0,7,1e-06,6188,112719,0.014024,8037679
4,2020-12-27,3431,116394,1996,106449,1435,9945,0,0,3431,116143,0.01445,0,7,1e-06,3431,116150,0.014451,8037679
4,2020-12-28,15159,131553,9376,115825,5783,15728,0,0,15130,131270,0.016332,3,10,1e-06,15130,131280,0.016333,8037679
4,2020-12-29,15433,146986,8538,124363,6895,22623,0,0,15399,146669,0.018248,0,10,1e-06,15399,146679,0.018249,8037679
4,2020-12-30,18994,165980,11083,135446,7911,30534,0,0,18983,165650,0.020609,2,12,1e-06,18983,165662,0.020611,8037679
4,2020-12-31,8316,174296,3369,138815,4947,35481,0,0,8304,173945,0.021641,9,21,3e-06,8304,173966,0.021644,8037679
4,2021-01-01,1629,175925,738,139553,891,36372,0,0,1625,175567,0.021843,3,24,3e-06,1625,175591,0.021846,8037679
4,2021-01-02,5739,181664,3244,142797,2495,38867,0,0,5737,181303,0.022557,1,25,3e-06,5737,181328,0.02256,8037679
4,2021-01-03,2152,183816,1275,144072,877,39744,0,0,2136,183435,0.022822,4,29,4e-06,2136,183464,0.022825,8037679
4,2021-01-04,12985,196801,7029,151101,5956,45700,0,0,12936,196342,0.024428,29,58,7e-06,12936,196400,0.024435,8037679
4,2021-01-05,16966,213767,10049,161150,6917,52617,0,0,14752,208922,0.025993,2185,2243,0.000279,14765,211165,0.026272,8037679
4,2021-01-06,21670,235437,13279,174429,8391,61008,0,0,15554,218424,0.027175,6066,8309,0.001034,15568,226733,0.028209,8037679
4,2021-01-07,28045,263482,17096,191525,10949,71957,0,0,16744,223948,0.027862,11241,19550,0.002432,16765,243498,0.030295,8037679
4,2021-01-08,32986,296468,21173,212698,11813,83770,0,0,18377,227805,0.028342,14541,34091,0.004241,18398,261896,0.032584,8037679
4,2021-01-09,16341,312809,9679,222377,6662,90432,0,0,9480,230448,0.028671,6849,40940,0.005094,9492,271388,0.033764,8037679
4,2021-01-10,8793,321602,5679,228056,3114,93546,0,0,4169,230012,0.028617,4613,45553,0.005667,4177,275565,0.034284,8037679
4,2021-01-11,33515,355117,21992,250048,11523,105069,0,0,18884,234340,0.029155,14602,60155,0.007484,18930,294495,0.036639,8037679
4,2021-01-12,38684,393801,22323,272371,16361,121430,0,0,24338,244437,0.030411,14282,74437,0.009261,24379,318874,0.039672,8037679
4,2021-01-13,38978,432779,19298,291669,19680,141110,0,0,27578,260680,0.032432,11362,85799,0.010675,27605,346479,0.043107,8037679
4,2021-01-14,39469,472248,15175,306844,24294,165404,0,0,32272,285820,0.03556,7161,92960,0.011566,32301,378780,0.047126,8037679
4,2021-01-15,45650,517898,15994,322838,29656,195060,0,0,39985,320218,0.03984,5613,98573,0.012264,40011,418791,0.052103,8037679
4,2021-01-16,28871,546769,9439,332277,19432,214492,0,0,25715,342825,0.042652,3126,101699,0.012653,25733,444524,0.055305,8037679
4,2021-01-17,19174,565943,6754,339031,12420,226912,0,0,17640,358967,0.044661,1512,103211,0.012841,17654,462178,0.057501,8037679
4,2021-01-18,29544,595487,13678,352709,15866,242778,0,0,23546,376608,0.046855,5931,109142,0.013579,23572,485750,0.060434,8037679
4,2021-01-19,46254,641741,23121,375830,23133,265911,0,0,36843,404164,0.050284,9363,118505,0.014744,36919,522669,0.065027,8037679
4,2021-01-20,52774,694515,28254,404084,24520,290431,0,0,42182,435914,0.054234,10494,128999,0.016049,42244,564913,0.070283,8037679
4,2021-01-21,57995,752510,26153,430237,31842,322273,0,0,51186,480418,0.059771,6728,135727,0.016886,51232,616145,0.076657,8037679
4,2021-01-22,55555,808065,22326,452563,33229,355502,0,0,50368,525698,0.065404,5115,140842,0.017523,50395,666540,0.082927,8037679
4,2021-01-23,39746,847811,17449,470012,22297,377799,0,0,35385,556761,0.069269,4351,145193,0.018064,35414,701954,0.087333,8037679
4,2021-01-24,24065,871876,10517,480529,13548,391347,0,0,22153,577030,0.071791,1902,147095,0.018301,22171,724125,0.090091,8037679
4,2021-01-25,48132,920008,22271,502800,25861,417208,0,0,36960,602908,0.07501,11140,158235,0.019687,37018,761143,0.094697,8037679
4,2021-01-26,57131,977139,29153,531953,27978,445186,0,0,44793,635461,0.07906,12302,170537,0.021217,44855,805998,0.100277,8037679
4,2021-01-27,56473,1033612,26886,558839,29587,474773,0,0,45348,669816,0.083335,11046,181583,0.022591,45401,851399,0.105926,8037679
4,2021-01-28,56908,1090520,25741,584580,31167,505940,0,0,46832,706716,0.087925,9978,191561,0.023833,46878,898277,0.111758,8037679
4,2021-01-29,56812,1147332,27272,611852,29540,535480,0,0,46310,742759,0.09241,10303,201864,0.025115,46346,944623,0.117524,8037679
4,2021-01-30,38232,1185564,17286,629138,20946,556426,0,0,32841,770295,0.095836,5334,207198,0.025778,32870,977493,0.121614,8037679
4,2021-01-31,24069,1209633,12692,641830,11377,567803,0,0,22351,790966,0.098407,1698,208896,0.02599,22369,999862,0.124397,8037679
4,2021-02-01,49867,1259500,24035,665865,25832,593635,0,0,38145,817489,0.101707,11665,220561,0.027441,38188,1038050,0.129148,8037679
4,2021-02-02,55763,1315263,25647,691512,30116,623751,0,0,42789,847426,0.105432,12896,233457,0.029045,42833,1080883,0.134477,8037679
4,2021-02-03,62429,1377692,30675,722187,31754,655505,0,0,47852,880906,0.109597,14425,247882,0.03084,47905,1128788,0.140437,8037679
4,2021-02-04,67839,1445531,31463,753650,36376,691881,0,0,50938,915228,0.113867,16725,264607,0.032921,51047,1179835,0.146788,8037679
4,2021-02-05,73647,1519178,34148,787798,39499,731380,0,0,51107,944213,0.117473,22256,286863,0.03569,51241,1231076,0.153163,8037679
4,2021-02-06,48927,1568105,26325,814123,22602,753982,0,0,37276,970111,0.120695,11580,298443,0.03713,37478,1268554,0.157826,8037679
4,2021-02-07,26615,1594720,17600,831723,9015,762997,0,0,20084,983936,0.122415,6497,304940,0.037939,20322,1288876,0.160354,8037679
4,2021-02-08,58973,1653693,30438,862161,28535,791532,0,0,38336,1002039,0.124668,20496,325436,0.040489,38599,1327475,0.165157,8037679
4,2021-02-09,67667,1721360,34304,896465,33363,824895,0,0,39662,1014301,0.126193,27811,353247,0.043949,40073,1367548,0.170142,8037679
4,2021-02-10,77809,1799169,38954,935419,38855,863750,0,0,40855,1019000,0.126778,36701,389948,0.048515,41400,1408948,0.175293,8037679
4,2021-02-11,81920,1881089,42844,978263,39076,902826,0,0,41624,1021281,0.127062,40018,429966,0.053494,42299,1451247,0.180555,8037679
4,2021-02-12,85012,1966101,38138,1016401,46874,949700,0,0,43641,1024626,0.127478,41085,471051,0.058605,44430,1495677,0.186083,8037679
4,2021-02-13,59238,2025339,30027,1046428,29211,978911,0,0,30152,1026738,0.127741,28942,499993,0.062206,31054,1526731,0.189947,8037679
4,2021-02-14,37099,2062438,19297,1065725,17802,996713,0,0,18984,1028323,0.127938,18056,518049,0.064453,19641,1546372,0.19239,8037679
4,2021-02-15,46524,2108962,21824,1087549,24700,1021413,0,0,23822,1030715,0.128235,22613,540662,0.067266,25005,1571377,0.195501,8037679
4,2021-02-16,80800,2189762,37094,1124643,43706,1065119,0,0,41040,1033358,0.128564,39615,580277,0.072195,42258,1613635,0.200759,8037679
4,2021-02-17,82099,2271861,38831,1163474,43268,1108387,0,0,39016,1030631,0.128225,42868,623145,0.077528,40141,1653776,0.205753,8037679
4,2021-02-18,83979,2355840,46244,1209718,37735,1146122,0,0,38762,1025854,0.127631,45019,668164,0.083129,40242,1694018,0.21076,8037679
4,2021-02-19,83384,2439224,52386,1262104,30998,1177120,0,0,41581,1026503,0.127711,41623,709787,0.088307,42272,1736290,0.216019,8037679
4,2021-02-20,49906,2489130,33238,1295342,16668,1193788,0,0,27001,1031381,0.128318,22817,732604,0.091146,27695,1763985,0.219464,8037679
4,2021-02-21,30287,2519417,24061,1319403,6226,1200014,0,0,14616,1030699,0.128233,15583,748187,0.093085,14901,1778886,0.221318,8037679
4,2021-02-22,55457,2574874,38122,1357525,17335,1217349,0,0,26667,1029185,0.128045,28632,776819,0.096647,27118,1806004,0.224692,8037679
4,2021-02-23,76667,2651541,42457,1399982,34210,1251559,0,0,33523,1021447,0.127082,42933,819752,0.101989,35195,1841199,0.229071,8037679
4,2021-02-24,91916,2743457,48563,1448545,43353,1294912,0,0,41269,1014499,0.126218,50371,870123,0.108256,43423,1884622,0.234473,8037679
4,2021-02-25,103499,2846956,54145,1502690,49354,1344266,0,0,49300,1012384,0.125955,53967,924090,0.11497,51852,1936474,0.240925,8037679
4,2021-02-26,109704,2956660,55465,1558155,54239,1398505,0,0,55995,1017340,0.126571,53397,977487,0.121613,58353,1994827,0.248184,8037679
4,2021-02-27,79841,3036501,43505,1601660,36326,1434831,10,10,42548,1024313,0.127439,37072,1014559,0.126225,44045,2038872,0.253664,8037679
4,2021-02-28,49364,3085865,30491,1632151,18866,1453697,7,17,27214,1030463,0.128204,21956,1036515,0.128957,28106,2066978,0.257161,8037679
4,2021-03-01,79701,3165566,46750,1678901,32906,1486603,45,62,43868,1040059,0.129398,35510,1072025,0.133375,45106,2112084,0.262773,8037679
4,2021-03-02,86719,3252285,49807,1728708,36903,1523506,9,71,50750,1056832,0.131485,35775,1107800,0.137826,52548,2164632,0.269311,8037679
4,2021-03-03,100879,3353164,53678,1782386,47185,1570691,16,87,56350,1070664,0.133206,44305,1152105,0.143338,58137,2222769,0.276544,8037679
4,2021-03-04,98361,3451525,54557,1836943,43787,1614478,17,104,53804,1081950,0.13461,44312,1196417,0.148851,55598,2278367,0.283461,8037679
4,2021-03-05,95847,3547372,51818,1888761,43709,1658187,320,424,56579,1101744,0.137072,39041,1235458,0.153708,58835,2337202,0.290781,8037679
4,2021-03-06,76763,3624135,43252,1932013,30867,1689054,2644,3068,47127,1123351,0.139761,29498,1264956,0.157378,51105,2388307,0.297139,8037679
4,2021-03-07,44861,3668996,27541,1959554,15130,1704184,2190,5258,26075,1134007,0.141086,18698,1283654,0.159705,29354,2417661,0.300791,8037679
4,2021-03-08,67980,3736976,35588,1995142,29020,1733204,3372,8630,44682,1160218,0.144347,23166,1306820,0.162587,49377,2467038,0.306934,8037679
4,2021-03-09,82013,3818989,41410,2036552,35346,1768550,5257,13887,44247,1173230,0.145966,37572,1344392,0.167261,50584,2517622,0.313227,8037679
4,2021-03-10,91577,3910566,47221,2083773,36872,1805422,7484,21371,46215,1182697,0.147144,45152,1389544,0.172879,54619,2572241,0.320023,8037679
4,2021-03-11,101120,4011686,53046,2136819,39608,1845030,8466,29837,46670,1184721,0.147396,54185,1443729,0.17962,56209,2628450,0.327016,8037679
4,2021-03-12,104855,4116541,51671,2188490,42869,1887899,10315,40152,44771,1180928,0.146924,59789,1503518,0.187059,55996,2684446,0.333983,8037679
4,2021-03-13,81826,4198367,37920,2226410,35450,1923349,8456,48608,38651,1186092,0.147566,43029,1546547,0.192412,48193,2732639,0.339979,8037679
4,2021-03-14,50030,4248397,28479,2254889,17901,1941250,3650,52258,23333,1187083,0.14769,26594,1573141,0.195721,27585,2760224,0.343411,8037679
4,2021-03-15,83974,4332371,45181,2300070,34537,1975787,4256,56514,42576,1193616,0.148503,41133,1614274,0.200838,47666,2807890,0.349341,8037679
4,2021-03-16,108167,4440538,56202,2356272,48542,2024329,3423,59937,56984,1203794,0.149769,50917,1665191,0.207173,61095,2868985,0.356942,8037679
4,2021-03-17,107377,4547915,57816,2414088,46062,2070391,3499,63436,62727,1226184,0.152554,44371,1709562,0.212693,66761,2935746,0.365248,8037679
4,2021-03-18,107516,4655431,59626,2473714,44196,2114587,3694,67130,60799,1244669,0.154854,46428,1755990,0.21847,64913,3000659,0.373324,8037679
4,2021-03-19,112001,4767432,64468,2538182,42317,2156904,5216,72346,63495,1265543,0.157451,48216,1804206,0.224469,69090,3069749,0.38192,8037679
4,2021-03-20,84434,4851866,49380,2587562,32037,2188941,3017,75363,51610,1287818,0.160223,32657,1836863,0.228532,54932,3124681,0.388754,8037679
4,2021-03-21,48398,4900264,35071,2622633,11069,2200010,2258,77621,28200,1298559,0.161559,20065,1856928,0.231028,30806,3155487,0.392587,8037679
4,2021-03-22,82844,4983108,54126,2676759,25979,2225989,2739,80360,51273,1321977,0.164472,31304,1888232,0.234923,54722,3210209,0.399395,8037679
4,2021-03-23,105177,5088285,62990,2739749,40037,2266026,2150,82510,62432,1344649,0.167293,42456,1930688,0.240205,65128,3275337,0.407498,8037679
4,2021-03-24,113816,5202101,73452,2813201,37944,2303970,2420,84930,63975,1362099,0.169464,49390,1980078,0.246349,66840,3342177,0.415814,8037679
4,2021-03-25,117374,5319475,72232,2885433,42743,2346713,2399,87329,66874,1381840,0.17192,50005,2030083,0.252571,69746,3411923,0.424491,8037679
4,2021-03-26,120067,5439542,72852,2958285,44172,2390885,3043,90372,65402,1396598,0.173756,54281,2084364,0.259324,69039,3480962,0.43308,8037679
4,2021-03-27,92269,5531811,54382,3012667,36097,2426982,1790,92162,46718,1400294,0.174216,45291,2129655,0.264959,48987,3529949,0.439175,8037679
4,2021-03-28,55874,5587685,36881,3049548,18119,2445101,874,93036,29522,1404896,0.174789,26165,2155820,0.268214,30767,3560716,0.443003,8037679
4,2021-03-29,93844,5681529,56245,3105793,35518,2480619,2081,95117,50544,1415041,0.176051,43021,2198841,0.273567,53166,3613882,0.449618,8037679
4,2021-03-30,117370,5798899,64050,3169843,49160,2529779,4160,99277,69633,1441766,0.179376,47484,2246325,0.279474,74209,3688091,0.45885,8037679
4,2021-03-31,121403,5920302,71620,3241463,43472,2573251,6311,105588,67980,1463204,0.182043,53050,2299375,0.286074,74488,3762579,0.468118,8037679
4,2021-04-01,142871,6063173,81457,3322920,48119,2621370,13295,118883,84004,1502232,0.186899,58368,2357743,0.293336,97396,3859975,0.480235,8037679
4,2021-04-02,136952,6200125,73148,3396068,50193,2671563,13611,132494,78960,1537392,0.191273,57676,2415419,0.300512,92836,3952811,0.491785,8037679
4,2021-04-03,101418,6301543,54186,3450254,33780,2705343,13452,145946,52695,1555229,0.193492,48507,2463926,0.306547,66344,4019155,0.500039,8037679
4,2021-04-04,46966,6348509,24780,3475034,14648,2719991,7538,153484,20366,1556637,0.193667,26486,2490412,0.309842,27894,4047049,0.50351,8037679
4,2021-04-05,109742,6458251,61616,3536650,35262,2755253,12864,166348,56827,1574186,0.195851,52681,2543093,0.316396,70230,4117279,0.512247,8037679
4,2021-04-06,139118,6597369,78273,3614923,41028,2796281,19817,186165,72154,1600007,0.199063,66713,2609806,0.324696,92534,4209813,0.52376,8037679
4,2021-04-07,137926,6735295,78162,3693085,38997,2835278,20767,206932,71400,1626167,0.202318,66258,2676064,0.33294,92418,4302231,0.535258,8037679
4,2021-04-08,140340,6875635,78171,3771256,36656,2871934,25513,232445,69693,1651605,0.205483,70336,2746400,0.341691,95774,4398005,0.547174,8037679
4,2021-04-09,138024,7013659,75690,3846946,39229,2911163,23105,255550,65757,1669447,0.207703,72007,2818407,0.350649,89849,4487854,0.558352,8037679
4,2021-04-10,104041,7117700,51330,3898276,33807,2944970,18904,274454,46914,1679369,0.208937,56908,2875315,0.35773,66830,4554684,0.566667,8037679
4,2021-04-11,62797,7180497,38129,3936405,13483,2958453,11185,285639,27385,1683689,0.209475,35297,2910612,0.362121,39617,4594301,0.571595,8037679
4,2021-04-12,103023,7283520,62605,3999010,30205,2988658,10213,295852,51889,1696175,0.211028,50823,2961435,0.368444,63309,4657610,0.579472,8037679
4,2021-04-13,130629,7414149,81965,4080975,48498,3037156,166,296018,78162,1723208,0.214391,52155,3013590,0.374933,79188,4736798,0.589324,8037679
4,2021-04-14,135839,7549988,86535,4167510,49228,3086384,76,296094,75142,1739304,0.216394,60352,3073942,0.382441,76448,4813246,0.598835,8037679
4,2021-04-15,156605,7706593,104172,4271682,52365,3138749,68,296162,96091,1776114,0.220973,60114,3134056,0.389921,96924,4910170,0.610894,8037679
4,2021-04-16,143838,7850431,91212,4362894,52547,3191296,79,296241,83580,1800574,0.224017,59919,3193975,0.397375,84379,4994549,0.621392,8037679
4,2021-04-17,101762,7952193,63932,4426826,37806,3229102,24,296265,59678,1819638,0.226388,41787,3235762,0.402574,60851,5055400,0.628963,8037679
4,2021-04-18,56909,8009102,38454,4465280,18452,3247554,3,296268,32080,1827998,0.227429,24686,3260448,0.405645,33046,5088446,0.633074,8037679
4,2021-04-19,101744,8110846,67096,4532376,34631,3282185,17,296285,51936,1830997,0.227802,49556,3310004,0.411811,52555,5141001,0.639613,8037679
4,2021-04-20,132075,8242921,78810,4611186,53249,3335434,16,296301,68979,1838294,0.22871,62771,3372775,0.419621,70068,5211069,0.64833,8037679
4,2021-04-21,134621,8377542,87904,4699090,46663,3382097,54,296355,67973,1841184,0.229069,66247,3439022,0.427863,69137,5280206,0.656932,8037679
4,2021-04-22,141660,8519202,94058,4793148,47579,3429676,23,296378,63456,1827985,0.227427,77805,3516827,0.437543,64606,5344812,0.66497,8037679
4,2021-04-23,135166,8654368,88004,4881152,47138,3476814,24,296402,58895,1812187,0.225461,75908,3592735,0.446987,60110,5404922,0.672448,8037679
4,2021-04-24,98780,8753148,66654,4947806,32077,3508891,49,296451,45559,1805958,0.224687,52909,3645644,0.453569,46680,5451602,0.678256,8037679
4,2021-04-25,50346,8803494,35495,4983301,14824,3523715,27,296478,26338,1808914,0.225054,23860,3669504,0.456538,26816,5478418,0.681592,8037679
4,2021-04-26,92063,8895557,60368,5043669,31297,3555012,398,296876,36334,1791561,0.222895,55422,3724926,0.463433,38069,5516487,0.686328,8037679
4,2021-04-27,113879,9009436,69616,5113285,41948,3596960,2315,299191,41156,1763437,0.219396,72393,3797319,0.47244,44269,5560756,0.691836,8037679
4,2021-04-28,104266,9113702,68167,5181452,33573,3630533,2526,301717,38272,1739248,0.216387,65652,3862971,0.480608,41463,5602219,0.696995,8037679
4,2021-04-29,105425,9219127,67353,5248805,35548,3666081,2524,304241,34139,1705582,0.212198,70932,3933903,0.489433,37266,5639485,0.701631,8037679
4,2021-04-30,105242,9324369,66741,5315546,35803,3701884,2698,306939,36260,1676617,0.208595,68588,4002491,0.497966,39623,5679108,0.706561,8037679
4,2021-05-01,69179,9393548,45923,5361469,21484,3723368,1772,308711,20137,1650390,0.205332,48777,4051268,0.504035,22550,5701658,0.709366,8037679
4,2021-05-02,37540,9431088,26637,5388106,9620,3732988,1283,309994,10543,1635483,0.203477,26878,4078146,0.507379,11971,5713629,0.710856,8037679
4,2021-05-03,79081,9510169,55178,5443284,21423,3754411,2480,312474,19276,1598060,0.198821,59548,4137694,0.514787,22125,5735754,0.713608,8037679
4,2021-05-04,100983,9611152,69142,5512426,29077,3783488,2764,315238,22671,1545865,0.192327,78023,4215717,0.524494,25828,5761582,0.716822,8037679
4,2021-05-05,101754,9712906,71792,5584218,27233,3810721,2729,317967,22095,1491666,0.185584,79328,4295045,0.534364,25129,5786711,0.719948,8037679
4,2021-05-06,111285,9824191,83357,5667575,24993,3835714,2935,320902,19675,1424261,0.177198,91135,4386180,0.545702,23730,5810441,0.7229,8037679
4,2021-05-07,104469,9928660,75133,5742708,26654,3862368,2682,323584,20651,1364554,0.16977,83457,4469637,0.556086,23750,5834191,0.725855,8037679
4,2021-05-08,69389,9998049,47816,5790524,19644,3882012,1929,325513,13767,1325231,0.164877,55377,4525014,0.562975,16054,5850245,0.727853,8037679
4,2021-05-09,34191,10032240,27956,5818480,5289,3887301,946,326459,7492,1307170,0.16263,26593,4551607,0.566284,8532,5858777,0.728914,8037679
4,2021-05-10,64785,10097025,43300,5861780,19167,3906468,2318,328777,11017,1267264,0.157665,53555,4605162,0.572947,13649,5872426,0.730612,8037679
4,2021-05-11,82348,10179373,51378,5913158,28786,3935254,2184,330961,15791,1219422,0.151713,66313,4671475,0.581197,18471,5890897,0.73291,8037679
4,2021-05-12,79409,10258782,52836,5965994,24112,3959366,2461,333422,16637,1176411,0.146362,62481,4733956,0.588971,19470,5910367,0.735333,8037679
4,2021-05-13,104208,10362990,76756,6042750,25919,3985285,1533,334955,40422,1155916,0.143812,63460,4797416,0.596866,42965,5953332,0.740678,8037679
4,2021-05-14,104575,10467565,73866,6116616,28585,4013870,2124,337079,40296,1134903,0.141198,63968,4861384,0.604824,42955,5996287,0.746022,8037679
4,2021-05-15,85264,10552829,65954,6182570,17983,4031853,1327,338406,37648,1126795,0.140189,47373,4908757,0.610718,39265,6035552,0.750907,8037679
4,2021-05-16,51455,10604284,41475,6224045,9268,4041121,712,339118,21070,1118481,0.139155,30234,4938991,0.61448,21920,6057472,0.753634,8037679
4,2021-05-17,70982,10675266,51849,6275894,17293,4058414,1840,340958,28072,1105914,0.137591,42709,4981700,0.619793,30142,6087614,0.757385,8037679
4,2021-05-18,81530,10756796,53052,6328946,26722,4085136,1756,342714,29199,1085260,0.135022,51973,5033673,0.62626,31319,6118933,0.761281,8037679
4,2021-05-19,76647,10833443,51836,6380782,22868,4108004,1943,344657,30846,1072827,0.133475,45512,5079185,0.631922,33079,6152012,0.765397,8037679
4,2021-05-20,68941,10902384,44363,6425145,22581,4130585,1997,346654,25571,1057660,0.131588,43081,5122266,0.637282,27914,6179926,0.768869,8037679
4,2021-05-21,73394,10975778,48412,6473557,23122,4153707,1860,348514,25878,1038440,0.129197,47226,5169492,0.643157,28006,6207932,0.772354,8037679
4,2021-05-22,49680,11025458,34875,6508432,13531,4167238,1274,349788,21667,1033753,0.128613,27853,5197345,0.646623,23166,6231098,0.775236,8037679
4,2021-05-23,23965,11049423,17093,6525525,6149,4173387,723,350511,9763,1030268,0.12818,14081,5211426,0.648374,10596,6241694,0.776554,8037679
4,2021-05-24,43040,11092463,27373,6552898,12666,4186053,3001,353512,15069,1020783,0.127,27754,5239180,0.651827,18269,6259963,0.778827,8037679
4,2021-05-25,44770,11137233,27839,6580737,14108,4200161,2823,356335,15871,1011042,0.125788,28666,5267846,0.655394,18925,6278888,0.781182,8037679
4,2021-05-26,44517,11181750,26698,6607435,15217,4215378,2602,358937,15847,1001213,0.124565,28454,5296300,0.658934,18625,6297513,0.783499,8037679
4,2021-05-27,38818,11220568,23318,6630753,12362,4227740,3138,362075,14641,995181,0.123814,23979,5320279,0.661917,17947,6315460,0.785732,8037679
4,2021-05-28,43157,11263725,27517,6658270,14038,4241778,1602,363677,18812,991728,0.123385,24090,5344369,0.664914,20637,6336097,0.788299,8037679
4,2021-05-29,23592,11287317,15358,6673628,7302,4249080,932,364609,10848,991035,0.123299,12606,5356975,0.666483,11913,6348010,0.789781,8037679
4,2021-05-30,12042,11299359,8458,6682086,3058,4252138,526,365135,5017,989687,0.123131,6960,5363935,0.667349,5612,6353622,0.79048,8037679
4,2021-05-31,3561,11302920,2263,6684349,1138,4253276,160,365295,1136,988625,0.122999,2379,5366314,0.667645,1317,6354939,0.790644,8037679
4,2021-06-01,39334,11342254,24478,6708827,12417,4265693,2439,367734,13009,978181,0.121699,26108,5392422,0.670893,15664,6370603,0.792592,8037679
4,2021-06-02,32538,11374792,20349,6729176,9394,4275087,2795,370529,10883,970534,0.120748,21476,5413898,0.673565,13829,6384432,0.794313,8037679
4,2021-06-03,47975,11422767,36832,6766008,8691,4283778,2452,372981,10366,946215,0.117722,37445,5451343,0.678224,13126,6397558,0.795946,8037679
4,2021-06-04,54674,11477441,44018,6810026,9329,4293107,1327,374308,12727,919354,0.114381,41718,5493061,0.683414,14857,6412415,0.797794,8037679
4,2021-06-05,44692,11522133,38297,6848323,5399,4298506,996,375304,8775,893641,0.111181,35764,5528825,0.687863,10051,6422466,0.799045,8037679
4,2021-06-06,21200,11543333,18916,6867239,1720,4300226,564,375868,3977,881453,0.109665,17124,5545949,0.689994,4936,6427402,0.799659,8037679
4,2021-06-07,38662,11581995,31297,6898536,5451,4305677,1914,377782,8453,862034,0.107249,30074,5576023,0.693735,10655,6438057,0.800985,8037679
4,2021-06-08,40467,11622462,31763,6930299,6161,4311838,2543,380325,9448,843530,0.104947,30830,5606853,0.697571,12326,6450383,0.802518,8037679
4,2021-06-09,38849,11661311,30808,6961107,5681,4317519,2360,382685,7936,823440,0.102447,30742,5637595,0.701396,10652,6461035,0.803843,8037679
4,2021-06-10,37057,11698368,29212,6990319,5220,4322739,2625,385310,8396,806220,0.100305,28505,5666100,0.704942,11285,6472320,0.805247,8037679
4,2021-06-11,38183,11736551,29992,7020311,6178,4328917,2013,387323,9868,790296,0.098324,28157,5694257,0.708445,12233,6484553,0.806769,8037679
4,2021-06-12,26464,11763015,22041,7042352,3713,4332630,710,388033,6044,776954,0.096664,20314,5714571,0.710973,6972,6491525,0.807637,8037679
4,2021-06-13,10819,11773834,8547,7050899,1796,4334426,476,388509,2279,771341,0.095966,8475,5723046,0.712027,2862,6494387,0.807993,8037679
4,2021-06-14,28571,11802405,21368,7072267,4396,4338822,2807,391316,7809,761553,0.094748,20622,5743668,0.714593,10834,6505221,0.809341,8037679
4,2021-06-15,29861,11832266,21115,7093382,5344,4344166,3402,394718,8285,752074,0.093569,21423,5765091,0.717258,11944,6517165,0.810827,8037679
4,2021-06-16,26517,11858783,19984,7113366,3914,4348080,2619,397337,7997,744545,0.092632,18350,5783441,0.719541,10821,6527986,0.812173,8037679
4,2021-06-17,25089,11883872,18529,7131895,3666,4351746,2894,400231,7599,737923,0.091808,17305,5800746,0.721694,10683,6538669,0.813502,8037679
4,2021-06-18,26697,11910569,21060,7152955,4404,4356150,1233,401464,8255,729425,0.090751,18239,5818985,0.723963,9741,6548410,0.814714,8037679
4,2021-06-19,15718,11926287,12710,7165665,2305,4358455,703,402167,5053,724831,0.090179,10518,5829503,0.725272,5924,6554334,0.815451,8037679
4,2021-06-20,7364,11933651,6068,7171733,989,4359444,307,402474,2623,723162,0.089971,4681,5834184,0.725854,3012,6557346,0.815826,8037679
4,2021-06-21,14545,11948196,10520,7182253,2886,4362330,1139,403613,7336,724667,0.090159,7131,5841315,0.726742,8636,6565982,0.8169,8037679
4,2021-06-22,20410,11968606,15921,7198174,3418,4365748,1071,404684,7103,719810,0.089554,13184,5854499,0.728382,8327,6574309,0.817936,8037679
4,2021-06-23,18364,11986970,14419,7212593,2960,4368708,985,405669,6711,716107,0.089094,11521,5866020,0.729815,7818,6582127,0.818909,8037679
4,2021-06-24,17522,12004492,13573,7226166,2964,4371672,985,406654,6540,712946,0.0887,10827,5876847,0.731162,7666,6589793,0.819863,8037679
4,2021-06-25,21484,12025976,16895,7243061,3546,4375218,1043,407697,7778,708361,0.08813,13572,5890419,0.732851,8987,6598780,0.820981,8037679
4,2021-06-26,12979,12038955,10568,7253629,1795,4377013,616,408313,4782,705767,0.087807,8097,5898516,0.733858,5503,6604283,0.821665,8037679
4,2021-06-27,6828,12045783,5531,7259160,954,4377967,343,408656,2877,705128,0.087728,3913,5902429,0.734345,3274,6607557,0.822073,8037679
4,2021-06-28,14998,12060781,12600,7271760,1546,4379513,852,409508,6018,703220,0.08749,8899,5911328,0.735452,6991,6614548,0.822943,8037679
4,2021-06-29,16392,12077173,12722,7284482,2869,4382382,801,410309,6353,700563,0.08716,9932,5921260,0.736688,7275,6621823,0.823848,8037679
4,2021-06-30,14444,12091617,11262,7295744,2447,4384829,735,411044,5993,699055,0.086972,8348,5929608,0.737726,6840,6628663,0.824699,8037679
4,2021-07-01,14371,12105988,11346,7307090,2286,4387115,739,411783,5879,697432,0.08677,8381,5937989,0.738769,6758,6635421,0.825539,8037679
4,2021-07-02,16670,12122658,13235,7320325,2677,4389792,758,412541,6809,695361,0.086513,9768,5947757,0.739984,7697,6643118,0.826497,8037679
4,2021-07-03,9120,12131778,7246,7327571,1466,4391258,408,412949,3954,694687,0.086429,5094,5952851,0.740618,4420,6647538,0.827047,8037679
4,2021-07-04,421,12132199,258,7327829,104,4391362,59,413008,183,694706,0.086431,234,5953085,0.740647,253,6647791,0.827078,8037679
4,2021-07-05,9174,12141373,7467,7335296,1293,4392655,414,413422,4167,694407,0.086394,4930,5958015,0.741261,4631,6652422,0.827655,8037679
4,2021-07-06,16388,12157761,12918,7348214,2674,4395329,796,414218,6043,691132,0.085987,10226,5968241,0.742533,6951,6659373,0.828519,8037679
4,2021-07-07,13631,12171392,10642,7358856,2217,4397546,772,414990,5149,688777,0.085694,8394,5976635,0.743577,6039,6665412,0.829271,8037679
4,2021-07-08,13049,12184441,10248,7369104,2021,4399567,780,415770,5119,686954,0.085467,7814,5984449,0.744549,5991,6671403,0.830016,8037679
4,2021-07-09,15221,12199662,11726,7380830,2609,4402176,886,416656,6204,685276,0.085258,8885,5993334,0.745655,7207,6678610,0.830913,8037679
4,2021-07-10,8710,12208372,6895,7387725,1427,4403603,388,417044,3673,684440,0.085154,4958,5998292,0.746272,4122,6682732,0.831426,8037679
4,2021-07-11,4959,12213331,3977,7391702,786,4404389,196,417240,2231,684208,0.085125,2688,6000980,0.746606,2456,6685188,0.831731,8037679
4,2021-07-12,12958,12226289,10286,7401988,1972,4406361,700,417940,5036,682207,0.084876,7844,6008824,0.747582,5843,6691031,0.832458,8037679
4,2021-07-13,12612,12238901,9667,7411655,2323,4408684,622,418562,5364,681147,0.084744,7144,6015968,0.748471,6084,6697115,0.833215,8037679
4,2021-07-14,11588,12250489,9135,7420790,1914,4410598,539,419101,5030,680309,0.08464,6476,6022444,0.749277,5638,6702753,0.833916,8037679
4,2021-07-15,12240,12262729,9721,7430511,1942,4412540,577,419678,5589,680021,0.084604,6528,6028972,0.750089,6240,6708993,0.834693,8037679
4,2021-07-16,14722,12277451,11488,7441999,2600,4415140,634,420312,6793,679725,0.084567,7830,6036802,0.751063,7534,6716527,0.83563,8037679
4,2021-07-17,9024,12286475,7108,7449107,1611,4416751,305,420617,4278,679702,0.084564,4648,6041450,0.751641,4625,6721152,0.836206,8037679
4,2021-07-18,5076,12291551,4101,7453208,780,4417531,195,420812,2403,679700,0.084564,2621,6044071,0.751967,2619,6723771,0.836531,8037679
4,2021-07-19,12577,12304128,9999,7463207,1961,4419492,617,421429,5972,679871,0.084585,6514,6050585,0.752778,6685,6730456,0.837363,8037679
4,2021-07-20,13264,12317392,10234,7473441,2406,4421898,624,422053,6534,680520,0.084666,6589,6057174,0.753597,7238,6737694,0.838264,8037679
4,2021-07-21,8102,12325494,6200,7479641,1436,4423334,466,422519,4048,681118,0.084741,3978,6061152,0.754092,4576,6742270,0.838833,8037679
