vemquartile,administered_date,total_doses,cumulative_total_doses,pfizer_doses,cumulative_pfizer_doses,moderna_doses,cumulative_moderna_doses,jj_doses,cumulative_jj_doses,partially_vaccinated,total_partially_vaccinated,pct_age12pop_partially_vaccinated,fully_vaccinated,cumulative_fully_vaccinated,pct_age12pop_fully_vaccinated,at_least_one_dose,cumulative_at_least_one_dose,pct_age12pop_at_least_one_dose,age12_population
1,2020-12-15,150,150,150,150,0,0,0,0,150,150,1.7e-05,0,0,0.0,150,150,1.7e-05,8700223
1,2020-12-16,1181,1331,1181,1331,0,0,0,0,1181,1331,0.000153,0,0,0.0,1181,1331,0.000153,8700223
1,2020-12-17,4161,5492,4161,5492,0,0,0,0,4162,5493,0.000631,0,0,0.0,4162,5493,0.000631,8700223
1,2020-12-18,6324,11816,6304,11796,20,20,0,0,6326,11818,0.001358,1,1,0.0,6326,11819,0.001358,8700223
1,2020-12-19,2875,14691,2874,14670,1,21,0,0,2874,14691,0.001689,1,2,0.0,2874,14693,0.001689,8700223
1,2020-12-20,2133,16824,2125,16795,8,29,0,0,2134,16825,0.001934,0,2,0.0,2134,16827,0.001934,8700223
1,2020-12-21,7640,24464,7625,24420,15,44,0,0,7689,24514,0.002818,1,3,0.0,7690,24517,0.002818,8700223
1,2020-12-22,7288,31752,6944,31364,344,388,0,0,7289,31801,0.003655,2,5,1e-06,7289,31806,0.003656,8700223
1,2020-12-23,7836,39588,6579,37943,1257,1645,0,0,7831,39631,0.004555,2,7,1e-06,7832,39638,0.004556,8700223
1,2020-12-24,3301,42889,2366,40309,935,2580,0,0,3303,42934,0.004935,0,7,1e-06,3303,42941,0.004936,8700223
1,2020-12-25,236,43125,152,40461,84,2664,0,0,236,43170,0.004962,0,7,1e-06,236,43177,0.004963,8700223
1,2020-12-26,1360,44485,967,41428,393,3057,0,0,1359,44528,0.005118,1,8,1e-06,1359,44536,0.005119,8700223
1,2020-12-27,870,45355,534,41962,336,3393,0,0,870,45397,0.005218,1,9,1e-06,870,45406,0.005219,8700223
1,2020-12-28,7097,52452,4764,46726,2333,5726,0,0,7095,52492,0.006033,0,9,1e-06,7095,52501,0.006034,8700223
1,2020-12-29,8886,61338,4985,51711,3901,9627,0,0,8883,61373,0.007054,2,11,1e-06,8883,61384,0.007055,8700223
1,2020-12-30,11594,72932,6451,58162,5143,14770,0,0,11594,72967,0.008387,0,11,1e-06,11594,72978,0.008388,8700223
1,2020-12-31,5949,78881,1956,60118,3993,18763,0,0,5947,78912,0.00907,3,14,2e-06,5948,78926,0.009072,8700223
1,2021-01-01,579,79460,200,60318,379,19142,0,0,578,79489,0.009136,1,15,2e-06,578,79504,0.009138,8700223
1,2021-01-02,2906,82366,1761,62079,1145,20287,0,0,2908,82397,0.009471,0,15,2e-06,2908,82412,0.009472,8700223
1,2021-01-03,1018,83384,544,62623,474,20761,0,0,1017,83412,0.009587,2,17,2e-06,1017,83429,0.009589,8700223
1,2021-01-04,7341,90725,3581,66204,3760,24521,0,0,7345,90756,0.010431,1,18,2e-06,7345,90774,0.010434,8700223
1,2021-01-05,10819,101544,5219,71423,5600,30121,0,0,10060,100094,0.011505,744,762,8.8e-05,10082,100856,0.011592,8700223
1,2021-01-06,14024,115568,7047,78470,6977,37098,0,0,12123,110364,0.012685,1864,2626,0.000302,12134,112990,0.012987,8700223
1,2021-01-07,17479,133047,9130,87600,8349,45447,0,0,12988,118965,0.013674,4397,7023,0.000807,12998,125988,0.014481,8700223
1,2021-01-08,20163,153210,10459,98059,9704,55151,0,0,14244,127311,0.014633,5905,12928,0.001486,14251,140239,0.016119,8700223
1,2021-01-09,6695,159905,3390,101449,3305,58456,0,0,4844,130314,0.014978,1845,14773,0.001698,4848,145087,0.016676,8700223
1,2021-01-10,3087,162992,1760,103209,1327,59783,0,0,1894,131025,0.01506,1184,15957,0.001834,1895,146982,0.016894,8700223
1,2021-01-11,18074,181066,11840,115049,6234,66017,0,0,11530,136069,0.01564,6525,22482,0.002584,11569,158551,0.018224,8700223
1,2021-01-12,19103,200169,10907,125956,8196,74213,0,0,13129,143298,0.016471,5937,28419,0.003266,13166,171717,0.019737,8700223
1,2021-01-13,19863,220032,10745,136701,9118,83331,0,0,14708,152894,0.017574,5130,33549,0.003856,14726,186443,0.02143,8700223
1,2021-01-14,22090,242122,9521,146222,12569,95900,0,0,19330,169575,0.019491,2701,36250,0.004167,19382,205825,0.023657,8700223
1,2021-01-15,25184,267306,9246,155468,15938,111838,0,0,23237,190965,0.021949,1905,38155,0.004386,23295,229120,0.026335,8700223
1,2021-01-16,13910,281216,4561,160029,9349,121187,0,0,13045,203149,0.02335,864,39019,0.004485,13048,242168,0.027835,8700223
1,2021-01-17,5190,286406,2000,162029,3190,124377,0,0,4823,207611,0.023863,365,39384,0.004527,4827,246995,0.02839,8700223
1,2021-01-18,14314,300720,8585,170614,5729,130106,0,0,11126,215615,0.024783,3175,42559,0.004892,11179,258174,0.029674,8700223
1,2021-01-19,24680,325400,12772,183386,11908,142014,0,0,19532,230070,0.026444,5131,47690,0.005481,19586,277760,0.031926,8700223
1,2021-01-20,29475,354875,14749,198135,14726,156740,0,0,23556,247819,0.028484,5845,53535,0.006153,23594,301354,0.034638,8700223
1,2021-01-21,31228,386103,14581,212716,16647,173387,0,0,27958,272663,0.03134,3205,56740,0.006522,28049,329403,0.037861,8700223
1,2021-01-22,28358,414461,11219,223935,17139,190526,0,0,26309,297022,0.03414,1980,58720,0.006749,26339,355742,0.040889,8700223
1,2021-01-23,18786,433247,8203,232138,10583,201109,0,0,16828,311934,0.035854,1926,60646,0.006971,16838,372580,0.042824,8700223
1,2021-01-24,6671,439918,4157,236295,2514,203623,0,0,6015,317304,0.036471,651,61297,0.007045,6021,378601,0.043516,8700223
1,2021-01-25,25424,465342,10473,246768,14951,218574,0,0,19657,331339,0.038084,5723,67020,0.007703,19758,398359,0.045787,8700223
1,2021-01-26,28642,493984,13359,260127,15283,233857,0,0,21970,346722,0.039852,6607,73627,0.008463,21990,420349,0.048315,8700223
1,2021-01-27,32495,526479,15413,275540,17082,250939,0,0,24369,363067,0.041731,8056,81683,0.009389,24401,444750,0.051119,8700223
1,2021-01-28,34824,561303,16287,291827,18537,269476,0,0,27900,384180,0.044157,6850,88533,0.010176,27963,472713,0.054333,8700223
1,2021-01-29,33528,594831,16322,308149,17206,286682,0,0,26985,404803,0.046528,6398,94931,0.010911,27021,499734,0.057439,8700223
1,2021-01-30,20092,614923,8651,316800,11441,298123,0,0,17991,420730,0.048359,2074,97005,0.01115,18001,517735,0.059508,8700223
1,2021-01-31,7524,622447,4850,321650,2674,300797,0,0,6822,426854,0.049062,700,97705,0.01123,6824,524559,0.060293,8700223
1,2021-02-01,28926,651373,12495,334145,16431,317228,0,0,21163,440311,0.050609,7711,105416,0.012116,21168,545727,0.062726,8700223
1,2021-02-02,32488,683861,11639,345784,20849,338077,0,0,24307,456554,0.052476,8100,113516,0.013047,24343,570070,0.065524,8700223
1,2021-02-03,39637,723498,15193,360977,24444,362521,0,0,28589,474296,0.054515,10884,124400,0.014298,28626,598696,0.068814,8700223
1,2021-02-04,44130,767628,17229,378206,26901,389422,0,0,31945,494226,0.056806,12062,136462,0.015685,31992,630688,0.072491,8700223
1,2021-02-05,46939,814567,17404,395610,29535,418957,0,0,30780,509041,0.058509,16022,152484,0.017526,30837,661525,0.076035,8700223
1,2021-02-06,26510,841077,10485,406095,16025,434982,0,0,20608,523805,0.060206,5861,158345,0.0182,20625,682150,0.078406,8700223
1,2021-02-07,6234,847311,3998,410093,2236,437218,0,0,4629,526868,0.060558,1584,159929,0.018382,4647,686797,0.07894,8700223
1,2021-02-08,31323,878634,14176,424269,17147,454365,0,0,20846,537406,0.061769,10403,170332,0.019578,20941,707738,0.081347,8700223
1,2021-02-09,38387,917021,16759,441028,21628,475993,0,0,23661,546441,0.062808,14703,185035,0.021268,23738,731476,0.084076,8700223
1,2021-02-10,47132,964153,22041,463069,25091,501084,0,0,26770,553027,0.063565,20263,205298,0.023597,26849,758325,0.087162,8700223
1,2021-02-11,51685,1015838,25267,488336,26418,527502,0,0,30901,563569,0.064776,20463,225761,0.025949,31005,789330,0.090725,8700223
1,2021-02-12,49970,1065808,21439,509775,28531,556033,0,0,28699,571264,0.065661,21143,246904,0.028379,28838,818168,0.09404,8700223
1,2021-02-13,26339,1092147,11521,521296,14818,570851,0,0,15220,575509,0.066149,11050,257954,0.029649,15295,833463,0.095798,8700223
1,2021-02-14,11714,1103861,5536,526832,6178,577029,0,0,6671,577228,0.066346,5017,262971,0.030226,6736,840199,0.096572,8700223
1,2021-02-15,23761,1127622,9360,536192,14401,591430,0,0,14455,582606,0.066964,9194,272165,0.031283,14572,854771,0.098247,8700223
1,2021-02-16,46873,1174495,22321,558513,24552,615982,0,0,27536,590994,0.067929,19258,291423,0.033496,27646,882417,0.101425,8700223
1,2021-02-17,48240,1222735,24360,582873,23880,639862,0,0,26093,595227,0.068415,22008,313431,0.036026,26241,908658,0.104441,8700223
1,2021-02-18,51107,1273842,25385,608258,25722,665584,0,0,26567,597712,0.068701,24310,337741,0.03882,26795,935453,0.107521,8700223
1,2021-02-19,46414,1320256,25052,633310,21362,686946,0,0,26117,603727,0.069392,20165,357906,0.041138,26180,961633,0.11053,8700223
1,2021-02-20,27414,1347670,16672,649982,10742,697688,0,0,15705,607856,0.069867,11651,369557,0.042477,15780,977413,0.112343,8700223
1,2021-02-21,12152,1359822,10457,660439,1695,699383,0,0,7395,610600,0.070182,4701,374258,0.043017,7445,984858,0.113199,8700223
1,2021-02-22,31084,1390906,20400,680839,10684,710067,0,0,17938,615570,0.070753,13069,387327,0.044519,18039,1002897,0.115273,8700223
1,2021-02-23,44833,1435739,21669,702508,23164,733231,0,0,24753,620880,0.071364,19805,407132,0.046796,25115,1028012,0.118159,8700223
1,2021-02-24,54186,1489925,26123,728631,28063,761294,0,0,30121,627555,0.072131,23896,431028,0.049542,30571,1058583,0.121673,8700223
1,2021-02-25,65584,1555509,31876,760507,33708,795002,0,0,41062,644714,0.074103,24404,455432,0.052347,41563,1100146,0.12645,8700223
1,2021-02-26,73495,1629004,34472,794979,39023,834025,0,0,48374,668628,0.076852,24936,480368,0.055213,48850,1148996,0.132065,8700223
1,2021-02-27,50209,1679213,23207,818186,26993,861018,9,9,33423,685669,0.078811,16657,497025,0.057128,33698,1182694,0.135938,8700223
1,2021-02-28,19451,1698664,11508,829694,7941,868959,2,11,14324,695071,0.079891,5064,502089,0.05771,14466,1197160,0.137601,8700223
1,2021-03-01,44505,1743169,20402,850096,24063,893022,40,51,28733,708464,0.081431,15615,517704,0.059505,29008,1226168,0.140935,8700223
1,2021-03-02,62314,1805483,27130,877226,35176,928198,8,59,40262,727438,0.083611,21912,539616,0.062023,40886,1267054,0.145635,8700223
1,2021-03-03,70173,1875656,33567,910793,36584,964782,22,81,42976,743985,0.085513,27047,566663,0.065132,43594,1310648,0.150645,8700223
1,2021-03-04,78460,1954116,36992,947785,41432,1006214,36,117,50718,767680,0.088237,27569,594232,0.068301,51264,1361912,0.156538,8700223
1,2021-03-05,77548,2031664,35158,982943,42184,1048398,206,323,52020,795228,0.091403,25305,619537,0.071209,52853,1414765,0.162612,8700223
1,2021-03-06,57324,2088988,27389,1010332,28589,1076987,1346,1669,39020,817723,0.093989,18234,637771,0.073305,40729,1455494,0.167294,8700223
1,2021-03-07,20200,2109188,12866,1023198,6522,1083509,812,2481,15177,828975,0.095282,5000,642771,0.07388,16252,1471746,0.169162,8700223
1,2021-03-08,45741,2154929,22481,1045679,21388,1104897,1872,4353,32145,849827,0.097679,13501,656272,0.075432,34353,1506099,0.17311,8700223
1,2021-03-09,66572,2221501,32186,1077865,31910,1136807,2476,6829,41002,868200,0.099791,25448,681720,0.078357,43821,1549920,0.178147,8700223
1,2021-03-10,73450,2294951,36614,1114479,32376,1169183,4460,11289,45259,890193,0.102318,28095,709815,0.081586,50088,1600008,0.183904,8700223
1,2021-03-11,90051,2385002,41299,1155778,40751,1209934,8001,19290,52503,913830,0.105035,37332,747147,0.085877,60969,1660977,0.190912,8700223
1,2021-03-12,98843,2483845,43543,1199321,42875,1252809,12425,31715,57757,943594,0.108456,40886,788033,0.090576,70650,1731627,0.199032,8700223
1,2021-03-13,65280,2549125,29472,1228793,28042,1280851,7766,39481,41580,969701,0.111457,23572,811605,0.093286,49679,1781306,0.204743,8700223
1,2021-03-14,27847,2576972,14920,1243713,9354,1290205,3573,43054,15611,976911,0.112286,12168,823773,0.094684,19378,1800684,0.20697,8700223
1,2021-03-15,65273,2642245,28760,1272473,29774,1319979,6739,49793,38532,996011,0.114481,26536,850309,0.097734,45636,1846320,0.212215,8700223
1,2021-03-16,85741,2727986,39053,1311526,41038,1361017,5650,55443,53276,1023042,0.117588,32256,882565,0.101442,59287,1905607,0.21903,8700223
1,2021-03-17,92866,2820852,45273,1356799,41025,1402042,6568,62011,59890,1057088,0.121501,32779,915344,0.105209,66825,1972432,0.226711,8700223
1,2021-03-18,98745,2919597,50894,1407693,42107,1444149,5744,67755,60181,1085279,0.124742,38228,953572,0.109603,66419,2038851,0.234345,8700223
1,2021-03-19,103496,3023093,53612,1461305,43582,1487731,6302,74057,61056,1110981,0.127696,42171,995743,0.11445,67873,2106724,0.242146,8700223
1,2021-03-20,72392,3095485,37180,1498485,29945,1517676,5267,79324,46694,1137709,0.130768,25513,1021256,0.117383,52241,2158965,0.248151,8700223
1,2021-03-21,27179,3122664,18984,1517469,6380,1524056,1815,81139,17095,1146720,0.131804,9997,1031253,0.118532,19008,2177973,0.250335,8700223
1,2021-03-22,59212,3181876,30550,1548019,25389,1549445,3273,84412,40161,1171686,0.134673,18843,1050096,0.120698,43809,2221782,0.255371,8700223
1,2021-03-23,82997,3264873,42246,1590265,37133,1586578,3618,88030,51332,1195661,0.137429,31439,1081535,0.124311,55414,2277196,0.26174,8700223
1,2021-03-24,87841,3352714,44499,1634764,38982,1625560,4360,92390,52793,1218208,0.14002,34778,1116313,0.128309,57325,2334521,0.268329,8700223
1,2021-03-25,96670,3449384,49399,1684163,41444,1667004,5827,98217,54077,1236036,0.142069,42288,1158601,0.133169,60116,2394637,0.275239,8700223
1,2021-03-26,104414,3553798,51008,1735171,47069,1714073,6337,104554,56487,1251563,0.143854,47598,1206199,0.13864,63125,2457762,0.282494,8700223
1,2021-03-27,73897,3627695,38208,1773379,31496,1745569,4193,108747,38262,1258809,0.144687,35411,1241610,0.14271,42657,2500419,0.287397,8700223
1,2021-03-28,32586,3660281,21337,1794716,10036,1755605,1213,109960,16496,1260978,0.144936,15989,1257599,0.144548,18158,2518577,0.289484,8700223
1,2021-03-29,66997,3727278,33282,1827998,30550,1786155,3165,113125,37132,1271801,0.14618,29678,1287277,0.147959,40501,2559078,0.294139,8700223
1,2021-03-30,91794,3819072,45269,1873267,40153,1826308,6372,119497,47339,1281325,0.147275,44278,1331555,0.153048,53802,2612880,0.300323,8700223
1,2021-03-31,100554,3919626,52581,1925848,41831,1868139,6142,125639,55302,1297884,0.149178,44954,1376509,0.158215,61513,2674393,0.307394,8700223
1,2021-04-01,111633,4031259,53442,1979290,49401,1917540,8790,134429,57028,1309554,0.15052,54205,1430714,0.164446,65875,2740268,0.314965,8700223
1,2021-04-02,111122,4142381,50887,2030177,50549,1968089,9686,144115,56555,1321861,0.151934,54141,1484855,0.170669,66448,2806716,0.322603,8700223
1,2021-04-03,77973,4220354,39237,2069414,29102,1997191,9634,153749,36503,1326775,0.152499,41294,1526149,0.175415,46208,2852924,0.327914,8700223
1,2021-04-04,23708,4244062,11808,2081222,8439,2005630,3461,157210,9934,1326454,0.152462,13708,1539857,0.176991,13387,2866311,0.329453,8700223
1,2021-04-05,76256,4320318,36804,2118026,30219,2035849,9233,166443,34463,1328724,0.152723,41599,1581456,0.181772,43869,2910180,0.334495,8700223
1,2021-04-06,103575,4423893,49208,2167234,37763,2073612,16604,183047,46859,1335776,0.153534,56452,1637908,0.18826,63504,2973684,0.341794,8700223
1,2021-04-07,111653,4535546,54304,2221538,39833,2113445,17516,200563,50399,1342763,0.154337,60958,1698866,0.195267,67945,3041629,0.349604,8700223
1,2021-04-08,121979,4657525,57797,2279335,43257,2156702,20925,221488,53931,1350041,0.155173,67648,1766514,0.203042,74926,3116555,0.358216,8700223
1,2021-04-09,123318,4780843,56415,2335750,46156,2202858,20747,242235,54214,1356319,0.155895,68746,1835260,0.210944,75024,3191579,0.366839,8700223
1,2021-04-10,95479,4876322,42446,2378196,30347,2233205,22686,264921,37263,1358241,0.156116,58017,1893277,0.217612,59939,3251518,0.373728,8700223
1,2021-04-11,36289,4912611,20294,2398490,9365,2242570,6630,271551,14784,1358320,0.156125,21445,1914722,0.220077,21524,3273042,0.376202,8700223
1,2021-04-12,74188,4986799,33203,2431693,31010,2273580,9975,281526,31403,1357351,0.156013,42503,1957225,0.224963,41534,3314576,0.380976,8700223
1,2021-04-13,97092,5083891,52022,2483715,44731,2318311,339,281865,52458,1366138,0.157023,44353,2001578,0.230061,53140,3367716,0.387084,8700223
1,2021-04-14,104854,5188745,54331,2538046,50452,2368763,71,281936,53400,1368885,0.157339,51096,2052674,0.235933,53843,3421559,0.393273,8700223
1,2021-04-15,106102,5294847,57747,2595793,48264,2417027,91,282027,56764,1377142,0.158288,48767,2101441,0.241539,57024,3478583,0.399827,8700223
1,2021-04-16,110494,5405341,56774,2652567,53632,2470659,88,282115,55417,1378272,0.158418,54558,2155999,0.24781,55688,3534271,0.406228,8700223
1,2021-04-17,83376,5488717,45305,2697872,38059,2508718,12,282127,46823,1388939,0.159644,36331,2192330,0.251985,46998,3581269,0.41163,8700223
1,2021-04-18,30122,5518839,20378,2718250,9737,2518455,7,282134,15220,1389551,0.159714,14816,2207146,0.253688,15428,3596697,0.413403,8700223
1,2021-04-19,67055,5585894,33969,2752219,33073,2551528,13,282147,30505,1383991,0.159075,36206,2243352,0.25785,30646,3627343,0.416925,8700223
1,2021-04-20,88372,5674266,44546,2796765,43802,2595330,24,282171,41649,1379477,0.158557,46389,2289741,0.263182,41875,3669218,0.421738,8700223
1,2021-04-21,97187,5771453,50685,2847450,46405,2641735,97,282268,43761,1370674,0.157545,52894,2342635,0.269261,44091,3713309,0.426806,8700223
1,2021-04-22,96649,5868102,50414,2897864,46219,2687954,16,282284,44444,1363619,0.156734,51733,2394368,0.275208,44678,3757987,0.431941,8700223
1,2021-04-23,101236,5969338,52284,2950148,48927,2736881,25,282309,48437,1359996,0.156317,52310,2446678,0.28122,48687,3806674,0.437538,8700223
1,2021-04-24,75297,6044635,46688,2996836,28584,2765465,25,282334,42715,1370510,0.157526,32478,2479156,0.284953,42992,3849666,0.442479,8700223
1,2021-04-25,26954,6071589,17158,3013994,9783,2775248,13,282347,15419,1374654,0.158002,11426,2490582,0.286266,15570,3865236,0.444269,8700223
1,2021-04-26,65922,6137511,34637,3048631,30885,2806133,400,282747,31483,1372726,0.157781,34150,2524732,0.290192,32222,3897458,0.447972,8700223
1,2021-04-27,81103,6218614,43134,3091765,36670,2842803,1299,284046,35501,1364543,0.15684,45325,2570057,0.295401,37142,3934600,0.452241,8700223
1,2021-04-28,80679,6299293,42916,3134681,36278,2879081,1485,285531,35700,1357305,0.156008,44651,2614708,0.300533,37413,3972013,0.456542,8700223
1,2021-04-29,83756,6383049,46080,3180761,36068,2915149,1608,287139,34660,1344961,0.154589,48773,2663481,0.306139,36429,4008442,0.460729,8700223
1,2021-04-30,91355,6474404,49544,3230305,39959,2955108,1852,288991,38629,1333193,0.153237,52419,2715900,0.312164,40651,4049093,0.465401,8700223
1,2021-05-01,62163,6536567,40173,3270478,20580,2975688,1410,290401,26234,1325339,0.152334,35720,2751620,0.31627,27866,4076959,0.468604,8700223
1,2021-05-02,23212,6559779,16403,3286881,6234,2981922,575,290976,9397,1321631,0.151908,13708,2765328,0.317846,10000,4086959,0.469753,8700223
1,2021-05-03,55552,6615331,30711,3317592,23003,3004925,1838,292814,20551,1309298,0.15049,34777,2800105,0.321843,22444,4109403,0.472333,8700223
1,2021-05-04,74947,6690278,43159,3360751,29707,3034632,2081,294895,27265,1291328,0.148425,47405,2847510,0.327292,29435,4138838,0.475716,8700223
1,2021-05-05,77155,6767433,44769,3405520,30092,3064724,2294,297189,26415,1269701,0.145939,50420,2897930,0.333087,28793,4167631,0.479026,8700223
1,2021-05-06,78336,6845769,47435,3452955,28734,3093458,2167,299356,24627,1243299,0.142904,53350,2951280,0.339219,26948,4194579,0.482123,8700223
1,2021-05-07,82367,6928136,46817,3499772,33358,3126816,2192,301548,27722,1219040,0.140116,54238,3005518,0.345453,29979,4224558,0.485569,8700223
1,2021-05-08,56592,6984728,35505,3535277,19452,3146268,1635,303183,19355,1203201,0.138295,36923,3042441,0.349697,21084,4245642,0.487992,8700223
1,2021-05-09,18135,7002863,13049,3548326,4613,3150881,473,303656,5553,1196758,0.137555,12505,3054946,0.351134,6062,4251704,0.488689,8700223
1,2021-05-10,43659,7046522,22077,3570403,19780,3170661,1802,305458,14822,1184896,0.136191,28581,3083527,0.354419,16719,4268423,0.490611,8700223
1,2021-05-11,61628,7108150,33443,3603846,26050,3196711,2135,307593,20445,1166682,0.134098,40916,3124443,0.359122,22702,4291125,0.49322,8700223
1,2021-05-12,62114,7170264,33111,3636957,26994,3223705,2009,309602,20482,1147910,0.13194,41333,3165776,0.363873,22561,4313686,0.495813,8700223
1,2021-05-13,66097,7236361,38799,3675756,25318,3249023,1980,311582,25206,1134843,0.130438,40533,3206309,0.368532,27466,4341152,0.49897,8700223
1,2021-05-14,75726,7312087,45687,3721443,27655,3276678,2384,313966,30716,1123591,0.129145,44631,3250940,0.373662,33379,4374531,0.502807,8700223
1,2021-05-15,65887,7377974,43250,3764693,20903,3297581,1734,315700,26317,1112424,0.127862,39291,3290231,0.378178,28124,4402655,0.506039,8700223
1,2021-05-16,24822,7402796,18279,3782972,5922,3303503,621,316321,10187,1108752,0.127439,14525,3304756,0.379847,10853,4413508,0.507287,8700223
1,2021-05-17,53865,7456661,32962,3815934,19145,3322648,1758,318079,22940,1102835,0.126759,30676,3335432,0.383373,24759,4438267,0.510133,8700223
1,2021-05-18,64677,7521338,38991,3854925,23868,3346516,1818,319897,28109,1096543,0.126036,36304,3371736,0.387546,30012,4468279,0.513582,8700223
1,2021-05-19,65976,7587314,40195,3895120,23862,3370378,1919,321816,29488,1091824,0.125494,36215,3407951,0.391708,31496,4499775,0.517202,8700223
1,2021-05-20,63847,7651161,37073,3932193,24597,3394975,2177,323993,26294,1083269,0.12451,37228,3445179,0.395987,28673,4528448,0.520498,8700223
1,2021-05-21,69597,7720758,41589,3973782,26160,3421135,1848,325841,28789,1073591,0.123398,40414,3485593,0.400633,30736,4559184,0.524031,8700223
1,2021-05-22,55515,7776273,36507,4010289,17299,3438434,1709,327550,24248,1068632,0.122828,31013,3516606,0.404197,26054,4585238,0.527025,8700223
1,2021-05-23,20143,7796416,14184,4024473,5372,3443806,587,328137,9418,1068037,0.12276,10624,3527230,0.405418,10029,4595267,0.528178,8700223
1,2021-05-24,43522,7839938,24295,4048768,17409,3461215,1818,329955,17685,1062029,0.122069,25594,3552824,0.40836,19586,4614853,0.530429,8700223
1,2021-05-25,50604,7890542,29151,4077919,19783,3480998,1670,331625,21010,1055487,0.121317,29323,3582147,0.41173,22781,4637634,0.533048,8700223
1,2021-05-26,48265,7938807,27387,4105306,18986,3499984,1892,333517,20495,1050453,0.120739,27467,3609614,0.414888,22433,4660067,0.535626,8700223
1,2021-05-27,46761,7985568,26280,4131586,18599,3518583,1882,335399,20118,1046210,0.120251,26360,3635974,0.417917,22117,4682184,0.538168,8700223
1,2021-05-28,52146,8037714,29014,4160600,21328,3539911,1804,337203,23383,1043066,0.11989,28456,3664430,0.421188,25312,4707496,0.541078,8700223
1,2021-05-29,30397,8068111,18386,4178986,11051,3550962,960,338163,14494,1042829,0.119862,15747,3680177,0.422998,15510,4723006,0.54286,8700223
1,2021-05-30,11578,8079689,7475,4186461,3555,3554517,548,338711,5476,1042846,0.119864,6031,3686208,0.423691,6048,4729054,0.543555,8700223
1,2021-05-31,5680,8085369,3238,4189699,2192,3556709,250,338961,1988,1041461,0.119705,3636,3689844,0.424109,2251,4731305,0.543814,8700223
1,2021-06-01,45624,8130993,25795,4215494,18272,3574981,1557,340518,17337,1032446,0.118669,27986,3717830,0.427326,18971,4750276,0.545995,8700223
1,2021-06-02,39805,8170798,23105,4238599,15199,3590180,1501,342019,16055,1026609,0.117998,23466,3741296,0.430023,17629,4767905,0.548021,8700223
1,2021-06-03,41131,8211929,25765,4264364,13681,3603861,1685,343704,15762,1019056,0.11713,25075,3766371,0.432905,17522,4785427,0.550035,8700223
1,2021-06-04,49919,8261848,31963,4296327,16158,3620019,1798,345502,17891,1007119,0.115758,31704,3798075,0.436549,19767,4805194,0.552307,8700223
1,2021-06-05,40134,8301982,27399,4323726,10745,3630764,1990,347492,14140,997527,0.114655,25777,3823852,0.439512,16185,4821379,0.554167,8700223
1,2021-06-06,13071,8315053,10469,4334195,2102,3632866,500,347992,4545,994185,0.114271,8448,3832300,0.440483,5106,4826485,0.554754,8700223
1,2021-06-07,33835,8348888,23348,4357543,9143,3642009,1344,349336,12037,986024,0.113333,21596,3853896,0.442965,13435,4839920,0.556298,8700223
1,2021-06-08,42067,8390955,29124,4386667,11308,3653317,1635,350971,14657,975260,0.112096,27150,3881046,0.446086,16386,4856306,0.558182,8700223
1,2021-06-09,41927,8432882,29104,4415771,11199,3664516,1624,352595,13687,962687,0.110651,27946,3908992,0.449298,15373,4871679,0.559949,8700223
1,2021-06-10,38830,8471712,26219,4441990,10941,3675457,1670,354265,13378,952624,0.109494,25220,3934212,0.452197,15157,4886836,0.561691,8700223
1,2021-06-11,43466,8515178,28795,4470785,13015,3688472,1656,355921,15415,942019,0.108275,27757,3961969,0.455387,17152,4903988,0.563662,8700223
1,2021-06-12,33570,8548748,24296,4495081,8082,3696554,1192,357113,11072,932058,0.10713,22295,3984264,0.45795,12334,4916322,0.56508,8700223
1,2021-06-13,11612,8560360,8427,4503508,2703,3699257,482,357595,3407,927844,0.106646,8138,3992402,0.458885,3924,4920246,0.565531,8700223
1,2021-06-14,30666,8591026,20657,4524165,8717,3707974,1292,358887,11465,921626,0.105931,19013,4011415,0.46107,12795,4933041,0.567002,8700223
1,2021-06-15,36982,8628008,24253,4548418,10879,3718853,1850,360737,13695,914231,0.105081,23033,4034448,0.463718,15638,4948679,0.568799,8700223
1,2021-06-16,35185,8663193,23753,4572171,9601,3728454,1831,362568,13187,907562,0.104315,21752,4056200,0.466218,15083,4963762,0.570533,8700223
1,2021-06-17,33307,8696500,22022,4594193,9327,3737781,1958,364526,13032,902596,0.103744,20048,4076248,0.468522,15082,4978844,0.572266,8700223
1,2021-06-18,39074,8735574,25324,4619517,10912,3748693,2838,367364,15153,896985,0.103099,23661,4099909,0.471242,18050,4996894,0.574341,8700223
1,2021-06-19,23693,8759267,16417,4635934,6079,3754772,1197,368561,9799,894286,0.102789,13729,4113638,0.47282,11030,5007924,0.575609,8700223
1,2021-06-20,8083,8767350,5908,4641842,1900,3756672,275,368836,3214,892978,0.102639,4807,4118445,0.473372,3499,5011423,0.576011,8700223
1,2021-06-21,20749,8788099,11742,4653584,6831,3763503,2176,371012,10819,896195,0.103008,9826,4128271,0.474502,13043,5024466,0.57751,8700223
1,2021-06-22,30516,8818615,19945,4673529,8458,3771961,2113,373125,12851,893762,0.102729,17470,4145741,0.47651,15037,5039503,0.579238,8700223
1,2021-06-23,29118,8847733,19545,4693074,7764,3779725,1809,374934,12732,892145,0.102543,16190,4161931,0.478371,14573,5054076,0.580913,8700223
1,2021-06-24,27925,8875658,18628,4711702,7658,3787383,1639,376573,11871,889847,0.102279,15873,4177804,0.480195,13575,5067651,0.582474,8700223
1,2021-06-25,31342,8907000,21296,4732998,8652,3796035,1394,377967,13800,887769,0.10204,17326,4195130,0.482186,15248,5082899,0.584226,8700223
1,2021-06-26,22102,8929102,16415,4749413,4883,3800918,804,378771,9653,885940,0.10183,12335,4207465,0.483604,10506,5093405,0.585434,8700223
1,2021-06-27,9069,8938171,6750,4756163,1901,3802819,418,379189,4060,885483,0.101777,4952,4212417,0.484173,4495,5097900,0.58595,8700223
1,2021-06-28,20825,8958996,15475,4771638,4093,3806912,1257,380446,9666,885454,0.101774,11003,4223420,0.485438,10974,5108874,0.587212,8700223
1,2021-06-29,26183,8985179,17915,4789553,6925,3813837,1343,381789,11528,883899,0.101595,14487,4237907,0.487103,12932,5121806,0.588698,8700223
1,2021-06-30,25079,9010258,17415,4806968,6642,3820479,1022,382811,11898,883890,0.101594,13000,4250907,0.488597,12991,5134797,0.590191,8700223
1,2021-07-01,22838,9033096,15920,4822888,5701,3826180,1217,384028,10570,883625,0.101563,12130,4263037,0.489992,11865,5146662,0.591555,8700223
1,2021-07-02,25125,9058221,17329,4840217,6839,3833019,957,384985,11786,883285,0.101524,13161,4276198,0.491504,12821,5159483,0.593029,8700223
1,2021-07-03,9427,9067648,6448,4846665,2674,3835693,305,385290,4198,882644,0.101451,5156,4281354,0.492097,4515,5163998,0.593548,8700223
2,2020-12-15,242,242,242,242,0,0,0,0,242,242,2.9e-05,0,0,0.0,242,242,2.9e-05,8407551
2,2020-12-16,2092,2334,2092,2334,0,0,0,0,2091,2333,0.000277,0,0,0.0,2091,2333,0.000277,8407551
2,2020-12-17,6842,9176,6842,9176,0,0,0,0,6843,9176,0.001091,0,0,0.0,6843,9176,0.001091,8407551
2,2020-12-18,11078,20254,11058,20234,20,20,0,0,11078,20254,0.002409,0,0,0.0,11078,20254,0.002409,8407551
2,2020-12-19,5616,25870,5610,25844,6,26,0,0,5617,25871,0.003077,0,0,0.0,5617,25871,0.003077,8407551
2,2020-12-20,4257,30127,4247,30091,10,36,0,0,4252,30122,0.003583,1,1,0.0,4252,30123,0.003583,8407551
2,2020-12-21,12775,42902,12750,42841,25,61,0,0,12730,42852,0.005097,0,1,0.0,12730,42853,0.005097,8407551
2,2020-12-22,12156,55058,11644,54485,512,573,0,0,12156,55008,0.006543,0,1,0.0,12156,55009,0.006543,8407551
2,2020-12-23,11696,66754,9481,63966,2215,2788,0,0,11698,66706,0.007934,1,2,0.0,11699,66708,0.007934,8407551
2,2020-12-24,5909,72663,3496,67462,2413,5201,0,0,5905,72610,0.008636,3,5,1e-06,5907,72615,0.008637,8407551
2,2020-12-25,482,73145,404,67866,78,5279,0,0,484,73094,0.008694,0,5,1e-06,484,73099,0.008694,8407551
2,2020-12-26,2563,75708,1669,69535,894,6173,0,0,2564,75657,0.008999,1,6,1e-06,2564,75663,0.008999,8407551
2,2020-12-27,2224,77932,1209,70744,1015,7188,0,0,2221,77876,0.009263,2,8,1e-06,2221,77884,0.009264,8407551
2,2020-12-28,11026,88958,7166,77910,3860,11048,0,0,11026,88901,0.010574,1,9,1e-06,11026,88910,0.010575,8407551
2,2020-12-29,12729,101687,7151,85061,5578,16626,0,0,12733,101634,0.012088,0,9,1e-06,12733,101643,0.012089,8407551
2,2020-12-30,15431,117118,8663,93724,6768,23394,0,0,15426,117057,0.013923,5,14,2e-06,15428,117071,0.013925,8407551
2,2020-12-31,7573,124691,2830,96554,4743,28137,0,0,7566,124618,0.014822,5,19,2e-06,7566,124637,0.014824,8407551
2,2021-01-01,1211,125902,588,97142,623,28760,0,0,1213,125828,0.014966,3,22,3e-06,1213,125850,0.014969,8407551
2,2021-01-02,4850,130752,2770,99912,2080,30840,0,0,4845,130671,0.015542,2,24,3e-06,4845,130695,0.015545,8407551
2,2021-01-03,1387,132139,792,100704,595,31435,0,0,1380,132048,0.015706,3,27,3e-06,1380,132075,0.015709,8407551
2,2021-01-04,11665,143804,5560,106264,6105,37540,0,0,11653,143698,0.017092,3,30,4e-06,11653,143728,0.017095,8407551
2,2021-01-05,13877,157681,6924,113188,6953,44493,0,0,12678,155218,0.018462,1192,1222,0.000145,12712,156440,0.018607,8407551
2,2021-01-06,18967,176648,10455,123643,8512,53005,0,0,15198,166708,0.019828,3717,4939,0.000587,15207,171647,0.020416,8407551
2,2021-01-07,23234,199882,13113,136756,10121,63126,0,0,15600,174682,0.020777,7641,12580,0.001496,15615,187262,0.022273,8407551
2,2021-01-08,26671,226553,16213,152969,10458,73584,0,0,16395,180872,0.021513,10228,22808,0.002713,16418,203680,0.024226,8407551
2,2021-01-09,9836,236389,5743,158712,4093,77677,0,0,6280,183596,0.021837,3563,26371,0.003137,6287,209967,0.024974,8407551
2,2021-01-10,5337,241726,2971,161683,2366,80043,0,0,3084,184421,0.021935,2264,28635,0.003406,3089,213056,0.025341,8407551
2,2021-01-11,26131,267857,17992,179675,8139,88182,0,0,15068,188456,0.022415,11083,39718,0.004724,15118,228174,0.027139,8407551
2,2021-01-12,26238,294095,16322,195997,9916,98098,0,0,16687,195652,0.023271,9573,49291,0.005863,16769,244943,0.029134,8407551
2,2021-01-13,28597,322692,15176,211173,13421,111519,0,0,20635,208360,0.024782,7954,57245,0.006809,20662,265605,0.031591,8407551
2,2021-01-14,30316,353008,11486,222659,18830,130349,0,0,26062,230217,0.027382,4275,61520,0.007317,26132,291737,0.034699,8407551
2,2021-01-15,35170,388178,12834,235493,22336,152685,0,0,31894,258920,0.030796,3279,64799,0.007707,31982,323719,0.038503,8407551
2,2021-01-16,17695,405873,5623,241116,12072,164757,0,0,16364,273946,0.032583,1349,66148,0.007868,16375,340094,0.040451,8407551
2,2021-01-17,10681,416554,3632,244748,7049,171806,0,0,9954,283163,0.03368,745,66893,0.007956,9962,350056,0.041636,8407551
2,2021-01-18,19712,436266,11020,255768,8692,180498,0,0,14913,293317,0.034887,4817,71710,0.008529,14971,365027,0.043417,8407551
2,2021-01-19,32492,468758,16877,272645,15615,196113,0,0,24498,309936,0.036864,7992,79702,0.00948,24611,389638,0.046344,8407551
2,2021-01-20,37644,506402,18990,291635,18654,214767,0,0,29032,330476,0.039307,8583,88285,0.010501,29123,418761,0.049808,8407551
2,2021-01-21,40923,547325,17421,309056,23502,238269,0,0,36445,362644,0.043133,4449,92734,0.01103,36617,455378,0.054163,8407551
2,2021-01-22,39571,586896,16545,325601,23026,261295,0,0,36232,395541,0.047046,3361,96095,0.01143,36258,491636,0.058476,8407551
2,2021-01-23,24116,611012,10789,336390,13327,274622,0,0,21139,413752,0.049212,2958,99053,0.011781,21169,512805,0.060993,8407551
2,2021-01-24,12440,623452,6113,342503,6327,280949,0,0,11517,424375,0.050475,906,99959,0.011889,11529,524334,0.062365,8407551
2,2021-01-25,33926,657378,15682,358185,18244,299193,0,0,25111,440857,0.052436,8766,108725,0.012932,25248,549582,0.065368,8407551
2,2021-01-26,40525,697903,19938,378123,20587,319780,0,0,31378,463190,0.055092,9127,117852,0.014017,31460,581042,0.06911,8407551
2,2021-01-27,45931,743834,22918,401041,23013,342793,0,0,35676,488789,0.058137,10135,127987,0.015223,35734,616776,0.07336,8407551
2,2021-01-28,48241,792075,22753,423794,25488,368281,0,0,39548,519775,0.061822,8634,136621,0.01625,39620,656396,0.078072,8407551
2,2021-01-29,45846,837921,22301,446095,23545,391826,0,0,37088,548283,0.065213,8644,145265,0.017278,37152,693548,0.082491,8407551
2,2021-01-30,31643,869564,13699,459794,17944,409770,0,0,28243,573197,0.068176,3363,148628,0.017678,28277,721825,0.085854,8407551
2,2021-01-31,17579,887143,10611,470405,6968,416738,0,0,16369,588397,0.069984,1189,149817,0.017819,16389,738214,0.087804,8407551
2,2021-02-01,41216,928359,19895,490300,21321,438059,0,0,30179,607623,0.072271,10990,160807,0.019126,30216,768430,0.091398,8407551
2,2021-02-02,48055,976414,19629,509929,28426,466485,0,0,36540,632814,0.075267,11444,172251,0.020488,36635,805065,0.095755,8407551
2,2021-02-03,54442,1030856,24274,534203,30168,496653,0,0,40191,658949,0.078376,14148,186399,0.02217,40283,845348,0.100546,8407551
2,2021-02-04,56315,1087171,24375,558578,31940,528593,0,0,41181,685201,0.081498,15028,201427,0.023958,41280,886628,0.105456,8407551
2,2021-02-05,60038,1147209,26446,585024,33592,562185,0,0,40637,706809,0.084068,19205,220632,0.026242,40813,927441,0.11031,8407551
2,2021-02-06,39062,1186271,18201,603225,20861,583046,0,0,31378,730678,0.086907,7601,228233,0.027146,31470,958911,0.114054,8407551
2,2021-02-07,16004,1202275,10713,613938,5291,588337,0,0,12146,739061,0.087904,3832,232065,0.027602,12215,971126,0.115506,8407551
2,2021-02-08,43518,1245793,22410,636348,21108,609445,0,0,29953,755808,0.089896,13415,245480,0.029198,30162,1001288,0.119094,8407551
2,2021-02-09,49480,1295273,23473,659821,26007,635452,0,0,30671,768342,0.091387,18466,263946,0.031394,31000,1032288,0.122781,8407551
2,2021-02-10,59856,1355129,28220,688041,31636,667088,0,0,34621,778377,0.092581,24940,288886,0.03436,34975,1067263,0.126941,8407551
2,2021-02-11,64444,1419573,29853,717894,34591,701679,0,0,36027,786799,0.093582,28101,316987,0.037703,36523,1103786,0.131285,8407551
2,2021-02-12,65468,1485041,28225,746119,37243,738922,0,0,34745,791802,0.094177,30398,347385,0.041318,35401,1139187,0.135496,8407551
2,2021-02-13,38102,1523143,15936,762055,22166,761088,0,0,22047,798272,0.094947,15954,363339,0.043216,22424,1161611,0.138163,8407551
2,2021-02-14,20090,1543233,9436,771491,10654,771742,0,0,11268,801131,0.095287,8770,372109,0.044259,11629,1173240,0.139546,8407551
2,2021-02-15,33280,1576513,15092,786583,18188,789930,0,0,18409,805658,0.095826,14739,386848,0.046012,19266,1192506,0.141837,8407551
2,2021-02-16,56462,1632975,27858,814441,28604,818534,0,0,29717,809401,0.096271,26644,413492,0.049181,30387,1222893,0.145452,8407551
2,2021-02-17,62062,1695037,32156,846597,29906,848440,0,0,30705,809660,0.096302,31274,444766,0.052901,31533,1254426,0.149202,8407551
2,2021-02-18,66550,1761587,33794,880391,32756,881196,0,0,32305,809114,0.096237,33998,478764,0.056945,33452,1287878,0.153181,8407551
2,2021-02-19,60063,1821650,33525,913916,26538,907734,0,0,29644,809134,0.096239,30226,508990,0.06054,30246,1318124,0.156779,8407551
2,2021-02-20,38029,1859679,24793,938709,13236,920970,0,0,20473,812828,0.096678,17460,526450,0.062616,21154,1339278,0.159295,8407551
2,2021-02-21,22026,1881705,17916,956625,4110,925080,0,0,10751,813193,0.096722,11189,537639,0.063947,11554,1350832,0.160669,8407551
2,2021-02-22,38956,1920661,26722,983347,12234,937314,0,0,18440,811913,0.09657,20392,558031,0.066373,19112,1369944,0.162942,8407551
2,2021-02-23,53260,1973921,27288,1010635,25972,963286,0,0,23289,807366,0.096029,29731,587762,0.069909,25184,1395128,0.165938,8407551
2,2021-02-24,69625,2043546,35866,1046501,33759,997045,0,0,31971,804220,0.095654,37485,625247,0.074367,34339,1429467,0.170022,8407551
2,2021-02-25,74817,2118363,35309,1081810,39508,1036553,0,0,38105,808658,0.096182,36480,661727,0.078706,40918,1470385,0.174889,8407551
2,2021-02-26,82775,2201138,35350,1117160,47425,1083978,0,0,44675,817709,0.097259,37822,699549,0.083205,46873,1517258,0.180464,8407551
2,2021-02-27,60567,2261705,28072,1145232,32488,1116466,7,7,33081,824865,0.09811,27266,726815,0.086448,34422,1551680,0.184558,8407551
2,2021-02-28,29975,2291680,17933,1163165,12041,1128507,1,8,17526,830879,0.098825,12345,739160,0.087916,18359,1570039,0.186742,8407551
2,2021-03-01,57259,2348939,30107,1193272,27113,1155620,39,47,31119,837370,0.099597,25860,765020,0.090992,32351,1602390,0.190589,8407551
2,2021-03-02,68096,2417035,32755,1226027,35333,1190953,8,55,38534,848842,0.100962,29407,794427,0.09449,40879,1643269,0.195452,8407551
2,2021-03-03,79979,2497014,38839,1264866,41126,1232079,14,69,45208,862065,0.102535,34567,828994,0.098601,47790,1691059,0.201136,8407551
2,2021-03-04,87761,2584775,43284,1308150,44447,1276526,30,99,50560,878062,0.104437,36970,865964,0.102998,52967,1744026,0.207436,8407551
2,2021-03-05,81343,2666118,38313,1346463,42723,1319249,307,406,49777,899164,0.106947,31357,897321,0.106728,52459,1796485,0.213675,8407551
2,2021-03-06,62589,2728707,30596,1377059,30306,1349555,1687,2093,38541,916904,0.109057,23922,921243,0.109573,41662,1838147,0.21863,8407551
2,2021-03-07,27772,2756479,16188,1393247,10606,1360161,978,3071,17850,926983,0.110256,9857,931100,0.110746,19936,1858083,0.221002,8407551
2,2021-03-08,50346,2806825,23142,1416389,24733,1384894,2471,5542,31729,944314,0.112317,18505,949605,0.112947,35836,1893919,0.225264,8407551
2,2021-03-09,70271,2877096,32078,1448467,34403,1419297,3790,9332,38951,957209,0.113851,31194,980799,0.116657,44089,1938008,0.230508,8407551
2,2021-03-10,78194,2955290,37004,1485471,34638,1453935,6552,15884,41509,970124,0.115387,36479,1017278,0.120996,49394,1987402,0.236383,8407551
2,2021-03-11,93084,3048374,42970,1528441,41753,1495688,8361,24245,48590,984288,0.117072,44191,1061469,0.126252,58355,2045757,0.243324,8407551
2,2021-03-12,93948,3142322,38638,1567079,43313,1539001,11997,36242,46766,997547,0.118649,46938,1108407,0.131835,60197,2105954,0.250484,8407551
2,2021-03-13,69173,3211495,28927,1596006,32331,1571332,7915,44157,38108,1013932,0.120598,30936,1139343,0.135514,47321,2153275,0.256112,8407551
2,2021-03-14,37018,3248513,18285,1614291,14208,1585540,4525,48682,18592,1019481,0.121258,18322,1157665,0.137693,23871,2177146,0.258951,8407551
2,2021-03-15,67434,3315947,30427,1644718,31956,1617496,5051,53733,37236,1032887,0.122852,29979,1187644,0.141259,43385,2220531,0.264112,8407551
2,2021-03-16,86209,3402156,38159,1682877,44036,1661532,4014,57747,52271,1056537,0.125665,33765,1221409,0.145275,57415,2277946,0.27094,8407551
2,2021-03-17,92555,3494711,44317,1727194,44079,1705611,4159,61906,58869,1086984,0.129287,33426,1254835,0.149251,63873,2341819,0.278538,8407551
2,2021-03-18,97928,3592639,46741,1773935,46601,1752212,4586,66492,59908,1114326,0.132539,37717,1292552,0.153737,65059,2406878,0.286276,8407551
2,2021-03-19,97378,3690017,46098,1820033,45139,1797351,6141,72633,58067,1140044,0.135598,39022,1331574,0.158378,64740,2471618,0.293976,8407551
2,2021-03-20,69804,3759821,33760,1853793,32118,1829469,3926,76559,45848,1166474,0.138741,23714,1355288,0.161199,50144,2521762,0.29994,8407551
2,2021-03-21,33340,3793161,21534,1875327,9822,1839291,1984,78543,20066,1175817,0.139852,13140,1368428,0.162762,22483,2544245,0.302614,8407551
2,2021-03-22,62751,3855912,34530,1909857,25574,1864865,2647,81190,41751,1200336,0.142769,20777,1389205,0.165233,45296,2589541,0.308002,8407551
2,2021-03-23,83655,3939567,44516,1954373,36230,1901095,2909,84099,52431,1225558,0.145769,30956,1420161,0.168915,56178,2645719,0.314684,8407551
2,2021-03-24,91463,4031030,49192,2003565,39114,1940209,3157,87256,53819,1246025,0.148203,37325,1457486,0.173354,57792,2703511,0.321557,8407551
2,2021-03-25,101076,4132106,50986,2054551,46196,1986405,3894,91150,57448,1264833,0.15044,43296,1500782,0.178504,62104,2765615,0.328944,8407551
2,2021-03-26,103197,4235303,51209,2105760,48491,2034896,3497,94647,56806,1280152,0.152262,46031,1546813,0.183979,61350,2826965,0.336241,8407551
2,2021-03-27,75443,4310746,37588,2143348,34547,2069443,3308,97955,38029,1285170,0.152859,37176,1583989,0.188401,42194,2869159,0.34126,8407551
2,2021-03-28,37617,4348363,23225,2166573,13583,2083026,809,98764,20261,1289856,0.153416,17236,1601225,0.190451,21922,2891081,0.343867,8407551
2,2021-03-29,71213,4419576,36195,2202768,32748,2115774,2270,101034,40679,1303365,0.155023,30339,1631564,0.194059,43848,2934929,0.349083,8407551
2,2021-03-30,91774,4511350,44914,2247682,42503,2158277,4357,105391,51725,1320203,0.157026,39847,1671411,0.198799,56685,2991614,0.355825,8407551
2,2021-03-31,101096,4612446,52046,2299728,43930,2202207,5120,110511,57544,1339968,0.159377,43246,1714657,0.203943,63011,3054625,0.363319,8407551
2,2021-04-01,117396,4729842,56700,2356428,51484,2253691,9212,119723,64115,1360825,0.161857,52906,1767563,0.210235,73763,3128388,0.372093,8407551
2,2021-04-02,111553,4841395,51395,2407823,49994,2303685,10164,129887,60208,1380703,0.164222,50973,1818536,0.216298,70851,3199239,0.38052,8407551
2,2021-04-03,76718,4918113,37646,2445469,29256,2332941,9816,139703,38107,1390614,0.165401,38405,1856941,0.220866,48316,3247555,0.386266,8407551
2,2021-04-04,29032,4947145,14913,2460382,10267,2343208,3852,143555,13092,1391749,0.165536,15844,1872785,0.22275,16979,3264534,0.388286,8407551
2,2021-04-05,78993,5026138,38747,2499129,31453,2374661,8793,152348,38339,1399153,0.166416,40482,1913267,0.227565,47886,3312420,0.393982,8407551
2,2021-04-06,103858,5129996,50574,2549703,38584,2413245,14700,167048,49353,1409370,0.167631,54243,1967510,0.234017,64460,3376880,0.401648,8407551
2,2021-04-07,110400,5240396,55066,2604769,39102,2452347,16232,183280,52076,1419916,0.168886,58050,2025560,0.240922,68596,3445476,0.409807,8407551
2,2021-04-08,119330,5359726,57433,2662202,43171,2495518,18726,202006,55424,1431093,0.170215,63563,2089123,0.248482,74740,3520216,0.418697,8407551
2,2021-04-09,118820,5478546,57160,2719362,43494,2539012,18166,220172,56202,1444070,0.171759,62251,2151374,0.255886,75228,3595444,0.427645,8407551
2,2021-04-10,87550,5566096,37790,2757152,31390,2570402,18370,238542,36173,1448185,0.172248,51115,2202489,0.261966,55230,3650674,0.434214,8407551
2,2021-04-11,44468,5610564,23050,2780202,12952,2583354,8466,247008,18217,1449481,0.172402,26117,2228606,0.265072,27413,3678087,0.437474,8407551
2,2021-04-12,79980,5690544,37255,2817457,33332,2616686,9393,256401,35699,1451555,0.172649,44016,2272622,0.270307,46090,3724177,0.442956,8407551
2,2021-04-13,101918,5792462,52869,2870326,48790,2665476,259,256660,55917,1462875,0.173995,45749,2318371,0.275749,57069,3781246,0.449744,8407551
2,2021-04-14,106724,5899186,55861,2926187,50811,2716287,52,256712,54690,1467312,0.174523,51736,2370107,0.281902,56173,3837419,0.456425,8407551
2,2021-04-15,113380,6012566,60259,2986446,53043,2769330,78,256790,59420,1474303,0.175355,53577,2423684,0.288275,60568,3897987,0.463629,8407551
2,2021-04-16,110670,6123236,57486,3043932,53134,2822464,50,256840,56336,1477550,0.175741,53987,2477671,0.294696,57234,3955221,0.470437,8407551
2,2021-04-17,83417,6206653,42444,3086376,40956,2863420,17,256857,46866,1488999,0.177103,36297,2513968,0.299013,47746,4002967,0.476116,8407551
2,2021-04-18,35574,6242227,21628,3108004,13940,2877360,6,256863,16952,1488451,0.177037,18487,2532455,0.301212,17939,4020906,0.478249,8407551
2,2021-04-19,74858,6317085,40327,3148331,34515,2911875,16,256879,34204,1482916,0.176379,40377,2572832,0.306014,34842,4055748,0.482394,8407551
2,2021-04-20,97567,6414652,49468,3197799,48073,2959948,26,256905,47477,1481403,0.176199,49757,2622589,0.311933,48244,4103992,0.488132,8407551
2,2021-04-21,103331,6517983,55963,3253762,47312,3007260,56,256961,48937,1477406,0.175724,53959,2676548,0.31835,49962,4153954,0.494074,8407551
2,2021-04-22,107365,6625348,55571,3309333,51771,3059031,23,256984,47077,1465502,0.174308,59897,2736445,0.325475,47993,4201947,0.499783,8407551
2,2021-04-23,106761,6732109,56783,3366116,49960,3108991,18,257002,49341,1458767,0.173507,57014,2793459,0.332256,50279,4252226,0.505763,8407551
2,2021-04-24,79734,6811843,47079,3413195,32615,3141606,40,257042,41659,1463638,0.174086,37757,2831216,0.336747,42628,4294854,0.510833,8407551
2,2021-04-25,36207,6848050,22282,3435477,13910,3155516,15,257057,19703,1467444,0.174539,16377,2847593,0.338695,20183,4315037,0.513234,8407551
2,2021-04-26,73601,6921651,40814,3476291,32484,3188000,303,257360,33913,1463678,0.174091,39429,2887022,0.343384,35663,4350700,0.517475,8407551
2,2021-04-27,87735,7009386,46241,3522532,40133,3228133,1361,258721,37715,1454324,0.172978,49663,2936685,0.349291,40309,4391009,0.52227,8407551
2,2021-04-28,87492,7096878,46767,3569299,38863,3266996,1862,260583,38640,1447201,0.172131,48535,2985220,0.355064,41412,4432421,0.527195,8407551
2,2021-04-29,90202,7187080,49123,3618422,39383,3306379,1696,262279,35094,1429842,0.170066,54748,3039968,0.361576,37389,4469810,0.531642,8407551
2,2021-04-30,93792,7280872,51863,3670285,39942,3346321,1987,264266,36493,1412104,0.167957,56870,3096838,0.36834,39132,4508942,0.536297,8407551
2,2021-05-01,61774,7342646,37732,3708017,22478,3368799,1564,265830,24033,1401103,0.166648,37444,3134282,0.372794,26443,4535385,0.539442,8407551
2,2021-05-02,29109,7371755,20193,3728210,7944,3376743,972,266802,11074,1395338,0.165962,17900,3152182,0.374923,12135,4547520,0.540885,8407551
2,2021-05-03,59899,7431654,35467,3763677,22386,3399129,2046,268848,20154,1378329,0.163939,39477,3191659,0.379618,22468,4569988,0.543558,8407551
2,2021-05-04,79398,7511052,47397,3811074,29633,3428762,2368,271216,25811,1353641,0.161003,53264,3244923,0.385953,28576,4598564,0.546956,8407551
2,2021-05-05,79819,7590871,47569,3858643,29906,3458668,2344,273560,25028,1326962,0.15783,54413,3299336,0.392425,27734,4626298,0.550255,8407551
2,2021-05-06,82074,7672945,49721,3908364,29455,3488123,2898,276458,25149,1299166,0.154524,56484,3355820,0.399144,28688,4654986,0.553667,8407551
2,2021-05-07,83073,7756018,47931,3956295,32717,3520840,2425,278883,25602,1270522,0.151117,57128,3412948,0.405938,28484,4683470,0.557055,8407551
2,2021-05-08,55131,7811149,33398,3989693,20025,3540865,1708,280591,17275,1252609,0.148986,37626,3450574,0.410414,19713,4703183,0.5594,8407551
2,2021-05-09,21696,7832845,15657,4005350,5298,3546163,741,281332,6338,1244638,0.148038,15281,3465855,0.412231,7310,4710493,0.560269,8407551
2,2021-05-10,49677,7882522,27116,4032466,20700,3566863,1861,283193,14023,1225705,0.145786,35428,3501283,0.416445,16495,4726988,0.562231,8407551
2,2021-05-11,65440,7947962,35308,4067774,28029,3594892,2103,285296,19793,1202926,0.143077,45366,3546649,0.421841,22587,4749575,0.564918,8407551
2,2021-05-12,64519,8012481,34498,4102272,27818,3622710,2203,287499,19040,1179369,0.140275,45187,3591836,0.427215,21630,4771205,0.56749,8407551
2,2021-05-13,70301,8082782,40976,4143248,27387,3650097,1938,289437,25847,1163702,0.138412,44181,3636017,0.43247,28514,4799719,0.570882,8407551
2,2021-05-14,79094,8161876,47505,4190753,29349,3679446,2240,291677,30476,1148801,0.136639,48264,3684281,0.438211,33363,4833082,0.57485,8407551
2,2021-05-15,65898,8227774,43312,4234065,20872,3700318,1714,293391,25552,1136341,0.135157,40117,3724398,0.442983,27657,4860739,0.57814,8407551
2,2021-05-16,31503,8259277,23554,4257619,7026,3707344,923,294314,12860,1131730,0.134609,18524,3742922,0.445186,13913,4874652,0.579795,8407551
2,2021-05-17,57652,8316929,36563,4294182,19150,3726494,1939,296253,22782,1122159,0.13347,34654,3777576,0.449308,25083,4899735,0.582778,8407551
2,2021-05-18,69776,8386705,40842,4335024,26974,3753468,1960,298213,27764,1110665,0.132103,41756,3819332,0.454274,30262,4929997,0.586377,8407551
2,2021-05-19,68340,8455045,40516,4375540,25837,3779305,1987,300200,27140,1099341,0.130756,40919,3860251,0.459141,29595,4959592,0.589897,8407551
2,2021-05-20,68732,8523777,39826,4415366,26736,3806041,2170,302370,26134,1085953,0.129164,42288,3902539,0.464171,28900,4988492,0.593335,8407551
2,2021-05-21,72230,8596007,42652,4458018,27444,3833485,2134,304504,27567,1071887,0.127491,44316,3946855,0.469442,30250,5018742,0.596933,8407551
2,2021-05-22,53204,8649211,33683,4491701,17757,3851242,1764,306268,22238,1065668,0.126751,30756,3977611,0.4731,24537,5043279,0.599851,8407551
2,2021-05-23,24110,8673321,16564,4508265,6822,3858064,724,306992,10218,1062975,0.126431,13768,3991379,0.474737,11075,5054354,0.601168,8407551
2,2021-05-24,44536,8717857,25343,4533608,17422,3875486,1771,308763,17165,1055091,0.125493,27159,4018538,0.477968,19275,5073629,0.603461,8407551
2,2021-05-25,50502,8768359,29597,4563205,19045,3894531,1860,310623,19239,1045758,0.124383,30974,4049512,0.481652,21641,5095270,0.606035,8407551
2,2021-05-26,48539,8816898,27227,4590432,19642,3914173,1670,312293,19007,1037569,0.123409,29213,4078725,0.485126,21024,5116294,0.608536,8407551
2,2021-05-27,46469,8863367,26312,4616744,18414,3932587,1743,314036,18600,1030774,0.122601,27638,4106363,0.488414,20843,5137137,0.611015,8407551
2,2021-05-28,49746,8913113,27492,4644236,20297,3952884,1957,315993,20933,1025523,0.121976,28565,4134928,0.491811,23314,5160451,0.613788,8407551
2,2021-05-29,28900,8942013,17293,4661529,10559,3963443,1048,317041,13235,1024457,0.12185,15518,4150446,0.493657,14452,5174903,0.615507,8407551
2,2021-05-30,12582,8954595,8104,4669633,3717,3967160,761,317802,5512,1023775,0.121769,7021,4157467,0.494492,6339,5181242,0.616261,8407551
2,2021-05-31,5878,8960473,3427,4673060,2149,3969309,302,318104,1827,1021953,0.121552,4000,4161467,0.494968,2178,5183420,0.61652,8407551
2,2021-06-01,44464,9004937,25590,4698650,17302,3986611,1572,319676,15554,1010827,0.120228,28632,4190099,0.498373,17506,5200926,0.618602,8407551
2,2021-06-02,38083,9043020,22401,4721051,14288,4000899,1394,321070,14982,1004647,0.119493,22849,4212948,0.501091,16669,5217595,0.620584,8407551
2,2021-06-03,41250,9084270,26593,4747644,13206,4014105,1451,322521,13942,993345,0.118149,27075,4240023,0.504311,15773,5233368,0.62246,8407551
2,2021-06-04,47827,9132097,31223,4778867,15065,4029170,1539,324060,15482,978828,0.116422,32063,4272086,0.508125,17546,5250914,0.624547,8407551
2,2021-06-05,37671,9169768,26900,4805767,9324,4038494,1447,325507,11799,966834,0.114996,25654,4297740,0.511176,13660,5264574,0.626172,8407551
2,2021-06-06,14797,9184565,12119,4817886,2096,4040590,582,326089,4656,962170,0.114441,10083,4307823,0.512375,5419,5269993,0.626817,8407551
2,2021-06-07,33118,9217683,23170,4841056,8679,4049269,1269,327358,10754,952214,0.113257,22225,4330048,0.515019,12269,5282262,0.628276,8407551
2,2021-06-08,40423,9258106,28624,4869680,10437,4059706,1362,328720,12422,938607,0.111639,27759,4357807,0.518321,14152,5296414,0.629959,8407551
2,2021-06-09,37928,9296034,26523,4896203,9913,4069619,1492,330212,11515,925713,0.110105,26223,4384030,0.52144,13329,5309743,0.631545,8407551
2,2021-06-10,37573,9333607,26159,4922362,9897,4079516,1517,331729,11721,913758,0.108683,25654,4409684,0.524491,13699,5323442,0.633174,8407551
2,2021-06-11,41081,9374688,27264,4949626,12149,4091665,1668,333397,13223,901339,0.107206,27600,4437284,0.527774,15181,5338623,0.63498,8407551
2,2021-06-12,29263,9403951,21543,4971169,6806,4098471,914,334311,8689,890708,0.105941,20446,4457730,0.530206,9815,5348438,0.636147,8407551
2,2021-06-13,12148,9416099,8872,4980041,2666,4101137,610,334921,3081,885563,0.105329,9003,4466733,0.531276,3858,5352296,0.636606,8407551
2,2021-06-14,29727,9445826,21092,5001133,7447,4108584,1188,336109,10291,877974,0.104427,19278,4486011,0.533569,11689,5363985,0.637996,8407551
2,2021-06-15,35381,9481207,23562,5024695,9785,4118369,2034,338143,11996,869231,0.103387,23150,4509161,0.536323,14407,5378392,0.63971,8407551
2,2021-06-16,32738,9513945,22595,5047290,8359,4126728,1784,339927,11323,861391,0.102454,21251,4530412,0.53885,13411,5391803,0.641305,8407551
2,2021-06-17,30551,9544496,20448,5067738,8324,4135052,1779,341706,10830,854660,0.101654,19548,4549960,0.541175,12817,5404620,0.642829,8407551
2,2021-06-18,34317,9578813,22590,5090328,9863,4144915,1864,343570,12531,847735,0.10083,21580,4571540,0.543742,14655,5419275,0.644572,8407551
2,2021-06-19,20730,9599543,14443,5104771,5039,4149954,1248,344818,7900,844394,0.100433,12674,4584214,0.54525,9333,5428608,0.645682,8407551
2,2021-06-20,8199,9607742,5848,5110619,1887,4151841,464,345282,3036,842840,0.100248,5121,4589335,0.545859,3567,5432175,0.646107,8407551
2,2021-06-21,19151,9626893,11711,5122330,6137,4157978,1303,346585,9847,844983,0.100503,9187,4598522,0.546951,11330,5443505,0.647454,8407551
2,2021-06-22,26657,9653550,18285,5140615,7027,4165005,1345,347930,10500,841103,0.100041,15991,4614513,0.548853,12111,5455616,0.648895,8407551
2,2021-06-23,25683,9679233,17728,5158343,6347,4171352,1608,349538,10461,838377,0.099717,15084,4629597,0.550648,12358,5467974,0.650365,8407551
2,2021-06-24,25055,9704288,17100,5175443,6507,4177859,1448,350986,10403,835941,0.099427,14515,4644112,0.552374,12079,5480053,0.651801,8407551
2,2021-06-25,28329,9732617,19215,5194658,7656,4185515,1458,352444,11815,833081,0.099087,16357,4660469,0.554319,13497,5493550,0.653407,8407551
2,2021-06-26,18291,9750908,13480,5208138,3920,4189435,891,353335,7457,830915,0.09883,10749,4671218,0.555598,8583,5502133,0.654428,8407551
2,2021-06-27,8715,9759623,6650,5214788,1615,4191050,450,353785,3506,829825,0.0987,5165,4676383,0.556212,4075,5506208,0.654912,8407551
2,2021-06-28,19460,9779083,14821,5229609,3462,4194512,1177,354962,8632,829099,0.098614,10721,4687104,0.557487,9995,5516203,0.656101,8407551
2,2021-06-29,22257,9801340,15517,5245126,5707,4200219,1033,355995,9487,827201,0.098388,12646,4699750,0.558992,10748,5526951,0.657379,8407551
2,2021-06-30,21368,9822708,15220,5260346,5143,4205362,1005,357000,9468,826106,0.098258,11786,4711536,0.560393,10691,5537642,0.658651,8407551
2,2021-07-01,19169,9841877,13613,5273959,4720,4210082,836,357836,8506,825083,0.098136,10556,4722092,0.561649,9533,5547175,0.659785,8407551
2,2021-07-02,21957,9863834,15295,5289254,5709,4215791,953,358789,9707,823826,0.097986,12105,4734197,0.563089,10848,5558023,0.661075,8407551
2,2021-07-03,7703,9871537,5477,5294731,1887,4217678,339,359128,3237,823049,0.097894,4407,4738604,0.563613,3630,5561653,0.661507,8407551
3,2020-12-15,307,307,307,307,0,0,0,0,307,307,3.8e-05,0,0,0.0,307,307,3.8e-05,8129050
3,2020-12-16,2319,2626,2319,2626,0,0,0,0,2320,2627,0.000323,0,0,0.0,2320,2627,0.000323,8129050
3,2020-12-17,7790,10416,7790,10416,0,0,0,0,7790,10417,0.001281,0,0,0.0,7790,10417,0.001281,8129050
3,2020-12-18,13390,23806,13376,23792,14,14,0,0,13389,23806,0.002929,0,0,0.0,13389,23806,0.002929,8129050
3,2020-12-19,7227,31033,7216,31008,11,25,0,0,7291,31097,0.003825,0,0,0.0,7291,31097,0.003825,8129050
3,2020-12-20,5651,36684,5643,36651,8,33,0,0,5698,36794,0.004526,1,1,0.0,5698,36795,0.004526,8129050
3,2020-12-21,14348,51032,14323,50974,25,58,0,0,14412,51205,0.006299,1,2,0.0,14412,51207,0.006299,8129050
3,2020-12-22,14782,65814,14201,65175,581,639,0,0,14820,66024,0.008122,1,3,0.0,14820,66027,0.008122,8129050
3,2020-12-23,14821,80635,12212,77387,2609,3248,0,0,14847,80870,0.009948,2,5,1e-06,14848,80875,0.009949,8129050
3,2020-12-24,6791,87426,4872,82259,1919,5167,0,0,6788,87656,0.010783,2,7,1e-06,6788,87663,0.010784,8129050
3,2020-12-25,722,88148,665,82924,57,5224,0,0,720,88376,0.010872,0,7,1e-06,720,88383,0.010872,8129050
3,2020-12-26,4614,92762,2993,85917,1621,6845,0,0,4612,92988,0.011439,0,7,1e-06,4612,92995,0.01144,8129050
3,2020-12-27,2983,95745,1853,87770,1130,7975,0,0,2983,95971,0.011806,0,7,1e-06,2983,95978,0.011807,8129050
3,2020-12-28,13629,109374,8718,96488,4911,12886,0,0,13655,109625,0.013486,1,8,1e-06,13655,109633,0.013487,8129050
3,2020-12-29,15017,124391,8467,104955,6550,19436,0,0,15044,124667,0.015336,2,10,1e-06,15044,124677,0.015337,8129050
3,2020-12-30,18005,142396,10030,114985,7975,27411,0,0,18009,142675,0.017551,2,12,1e-06,18010,142687,0.017553,8129050
3,2020-12-31,8443,150839,3233,118218,5210,32621,0,0,8442,151115,0.01859,2,14,2e-06,8442,151129,0.018591,8129050
3,2021-01-01,1400,152239,648,118866,752,33373,0,0,1397,152511,0.018761,1,15,2e-06,1397,152526,0.018763,8129050
3,2021-01-02,4942,157181,2423,121289,2519,35892,0,0,4942,157453,0.019369,0,15,2e-06,4942,157468,0.019371,8129050
3,2021-01-03,1611,158792,847,122136,764,36656,0,0,1600,159049,0.019566,4,19,2e-06,1600,159068,0.019568,8129050
3,2021-01-04,11991,170783,5948,128084,6043,42699,0,0,11964,171006,0.021036,7,26,3e-06,11964,171032,0.02104,8129050
3,2021-01-05,15660,186443,8103,136187,7557,50256,0,0,14031,183451,0.022567,1614,1640,0.000202,14059,185091,0.022769,8129050
3,2021-01-06,20547,206990,10830,147017,9717,59973,0,0,16070,195093,0.023999,4436,6076,0.000747,16078,201169,0.024747,8129050
3,2021-01-07,26536,233526,15175,162192,11361,71334,0,0,17117,202837,0.024952,9388,15464,0.001902,17132,218301,0.026854,8129050
3,2021-01-08,30504,264030,18641,180833,11863,83197,0,0,18082,208542,0.025654,12399,27863,0.003428,18104,236405,0.029082,8129050
3,2021-01-09,12423,276453,7028,187861,5395,88592,0,0,7890,211914,0.026069,4527,32390,0.003984,7899,244304,0.030053,8129050
3,2021-01-10,7192,283645,4473,192334,2719,91311,0,0,4043,212815,0.02618,3147,35537,0.004372,4048,248352,0.030551,8129050
3,2021-01-11,28995,312640,18988,211322,10007,101318,0,0,16407,216684,0.026656,12581,48118,0.005919,16450,264802,0.032575,8129050
3,2021-01-12,32388,345028,19420,230742,12968,114286,0,0,19856,224115,0.02757,12512,60630,0.007458,19943,284745,0.035028,8129050
3,2021-01-13,34472,379500,18016,248758,16456,130742,0,0,24272,238206,0.029303,10201,70831,0.008713,24292,309037,0.038016,8129050
3,2021-01-14,34687,414187,14232,262990,20455,151197,0,0,28788,261160,0.032127,5872,76703,0.009436,28826,337863,0.041562,8129050
3,2021-01-15,38867,453054,14464,277454,24403,175600,0,0,34193,290761,0.035768,4662,81365,0.010009,34263,372126,0.045777,8129050
3,2021-01-16,21899,474953,7594,285048,14305,189905,0,0,19576,308049,0.037895,2310,83675,0.010293,19598,391724,0.048188,8129050
3,2021-01-17,13133,488086,4437,289485,8696,198601,0,0,12092,319121,0.039257,1039,84714,0.010421,12111,403835,0.049678,8129050
3,2021-01-18,24707,512793,12896,302381,11811,210412,0,0,19127,332695,0.040927,5595,90309,0.011109,19169,423004,0.052036,8129050
3,2021-01-19,40959,553752,20832,323213,20127,230539,0,0,31859,355565,0.04374,9076,99385,0.012226,31946,454950,0.055966,8129050
3,2021-01-20,45877,599629,22826,346039,23051,253590,0,0,36337,382488,0.047052,9497,108882,0.013394,36420,491370,0.060446,8129050
3,2021-01-21,48012,647641,20873,366912,27139,280729,0,0,42501,419627,0.051621,5436,114318,0.014063,42575,533945,0.065684,8129050
3,2021-01-22,49683,697324,19801,386713,29882,310611,0,0,45503,461020,0.056713,4183,118501,0.014577,45576,579521,0.07129,8129050
3,2021-01-23,30333,727657,12794,399507,17539,328150,0,0,27035,484817,0.05964,3291,121792,0.014982,27088,606609,0.074622,8129050
3,2021-01-24,17823,745480,8475,407982,9348,337498,0,0,16650,500328,0.061548,1170,122962,0.015126,16681,623290,0.076674,8129050
3,2021-01-25,40719,786199,18151,426133,22568,360066,0,0,30763,521243,0.064121,9934,132896,0.016348,30849,654139,0.080469,8129050
3,2021-01-26,47069,833268,22497,448630,24572,384638,0,0,36953,548200,0.067437,10102,142998,0.017591,37059,691198,0.085028,8129050
3,2021-01-27,51287,884555,24379,473009,26908,411546,0,0,40649,578365,0.071148,10564,153562,0.018891,40729,731927,0.090038,8129050
3,2021-01-28,51628,936183,23923,496932,27705,439251,0,0,42677,612238,0.075315,8862,162424,0.019981,42735,774662,0.095296,8129050
3,2021-01-29,50745,986928,24321,521253,26424,465675,0,0,41037,643812,0.079199,9510,171934,0.021151,41084,815746,0.100349,8129050
3,2021-01-30,37247,1024175,17576,538829,19671,485346,0,0,32519,671743,0.082635,4672,176606,0.021725,32603,848349,0.10436,8129050
3,2021-01-31,22207,1046382,12568,551397,9639,494985,0,0,20804,691175,0.085025,1391,177997,0.021896,20823,869172,0.106922,8129050
3,2021-02-01,45712,1092094,20859,572256,24853,519838,0,0,34866,715277,0.08799,10798,188795,0.023225,34900,904072,0.111215,8129050
3,2021-02-02,54315,1146409,22570,594826,31745,551583,0,0,41862,744829,0.091626,12361,201156,0.024745,41913,945985,0.116371,8129050
3,2021-02-03,60129,1206538,26774,621600,33355,584938,0,0,44675,774287,0.095249,15289,216445,0.026626,44747,990732,0.121875,8129050
3,2021-02-04,64393,1270931,27974,649574,36419,621357,0,0,47197,804611,0.09898,16983,233428,0.028715,47307,1038039,0.127695,8129050
3,2021-02-05,70322,1341253,29887,679461,40435,661792,0,0,48551,831820,0.102327,21513,254941,0.031362,48722,1086761,0.133689,8129050
3,2021-02-06,43883,1385136,21188,700649,22695,684487,0,0,34118,856403,0.105351,9717,264658,0.032557,34300,1121061,0.137908,8129050
3,2021-02-07,19515,1404651,12363,713012,7152,691639,0,0,15009,867047,0.10666,4491,269149,0.03311,15135,1136196,0.13977,8129050
3,2021-02-08,51113,1455764,24636,737648,26477,718116,0,0,33496,883243,0.108653,17485,286634,0.03526,33681,1169877,0.143913,8129050
3,2021-02-09,58423,1514187,28323,765971,30100,748216,0,0,34238,893894,0.109963,23936,310570,0.038205,34587,1204464,0.148168,8129050
3,2021-02-10,67952,1582139,31562,797533,36390,784606,0,0,36487,899708,0.110678,31206,341776,0.042044,37020,1241484,0.152722,8129050
3,2021-02-11,70616,1652755,34793,832326,35823,820429,0,0,37455,904919,0.111319,32781,374557,0.046076,37992,1279476,0.157396,8129050
3,2021-02-12,75485,1728240,32677,865003,42808,863237,0,0,41621,913782,0.112409,33539,408096,0.050202,42402,1321878,0.162612,8129050
3,2021-02-13,45197,1773437,20479,885482,24718,887955,0,0,26012,921302,0.113335,19076,427172,0.052549,26596,1348474,0.165883,8129050
3,2021-02-14,27303,1800740,13665,899147,13638,901593,0,0,15184,924869,0.113773,12065,439237,0.054033,15632,1364106,0.167806,8129050
3,2021-02-15,40048,1840788,17215,916362,22833,924426,0,0,22147,930147,0.114423,17805,457042,0.056223,23083,1387189,0.170646,8129050
3,2021-02-16,70079,1910867,33163,949525,36916,961342,0,0,36411,934063,0.114904,33522,490564,0.060347,37438,1424627,0.175251,8129050
3,2021-02-17,71776,1982643,36343,985868,35433,996775,0,0,34131,931852,0.114632,37418,527982,0.06495,35207,1459834,0.179582,8129050
3,2021-02-18,76973,2059616,40226,1026094,36747,1033522,0,0,35639,927675,0.114119,41160,569142,0.070013,36983,1496817,0.184132,8129050
3,2021-02-19,69113,2128729,39814,1065908,29299,1062821,0,0,34908,929213,0.114308,34066,603208,0.074204,35604,1532421,0.188512,8129050
3,2021-02-20,42819,2171548,26984,1092892,15835,1078656,0,0,22461,931933,0.114642,20241,623449,0.076694,22961,1555382,0.191336,8129050
3,2021-02-21,23945,2195493,19254,1112146,4691,1083347,0,0,11795,932052,0.114657,12057,635506,0.078177,12176,1567558,0.192834,8129050
3,2021-02-22,46619,2242112,30400,1142546,16219,1099566,0,0,21873,929786,0.114378,24626,660132,0.081207,22360,1589918,0.195585,8129050
3,2021-02-23,62327,2304439,33975,1176521,28352,1127918,0,0,27344,924317,0.113705,34800,694932,0.085487,29331,1619249,0.199193,8129050
3,2021-02-24,77767,2382206,38109,1214630,39658,1167576,0,0,34587,918441,0.112983,42976,737908,0.090774,37100,1656349,0.203757,8129050
3,2021-02-25,86472,2468678,42117,1256747,44355,1211931,0,0,43307,921435,0.113351,42905,780813,0.096052,45899,1702248,0.209403,8129050
3,2021-02-26,97074,2565752,44402,1301149,52672,1264603,0,0,51528,929986,0.114403,45182,825995,0.10161,53733,1755981,0.216013,8129050
3,2021-02-27,68653,2634405,31599,1332748,37051,1301654,3,3,36533,935903,0.115131,31925,857920,0.105538,37842,1793823,0.220668,8129050
3,2021-02-28,39915,2674320,22971,1355719,16941,1318595,3,6,20732,938570,0.115459,19018,876938,0.107877,21685,1815508,0.223336,8129050
3,2021-03-01,67651,2741971,35905,1391624,31720,1350315,26,32,37817,948105,0.116632,29647,906585,0.111524,39182,1854690,0.228156,8129050
3,2021-03-02,78140,2820111,38598,1430222,39534,1389849,8,40,45726,963634,0.118542,32274,938859,0.115494,47803,1902493,0.234036,8129050
3,2021-03-03,89173,2909284,42780,1473002,46375,1436224,18,58,50058,977077,0.120196,38900,977759,0.12028,52343,1954836,0.240475,8129050
3,2021-03-04,93185,3002469,45629,1518631,47535,1483759,21,79,52990,992390,0.122079,39974,1017733,0.125197,55287,2010123,0.247276,8129050
3,2021-03-05,89799,3092268,43978,1562609,45531,1529290,290,369,54880,1015102,0.124873,34686,1052419,0.129464,57398,2067521,0.254337,8129050
3,2021-03-06,65022,3157290,32941,1595550,29932,1559222,2149,2518,37336,1028516,0.126524,27541,1079960,0.132852,40955,2108476,0.259375,8129050
3,2021-03-07,37861,3195151,22400,1617950,14309,1573531,1152,3670,21639,1036318,0.127483,16154,1096114,0.134839,23956,2132432,0.262322,8129050
3,2021-03-08,59231,3254382,28344,1646294,28020,1601551,2867,6537,37573,1056800,0.130003,21502,1117616,0.137484,41984,2174416,0.267487,8129050
3,2021-03-09,76762,3331144,35514,1681808,36877,1638428,4371,10908,41326,1068359,0.131425,35304,1152920,0.141827,46863,2221279,0.273252,8129050
3,2021-03-10,82911,3414055,41371,1723179,35452,1673880,6088,16996,43345,1079839,0.132837,39348,1192268,0.146668,50828,2272107,0.279505,8129050
3,2021-03-11,97085,3511140,47507,1770686,41002,1714882,8576,25572,47594,1087862,0.133824,49229,1241497,0.152724,57252,2329359,0.286548,8129050
3,2021-03-12,101974,3613114,45421,1816107,44693,1759575,11860,37432,46769,1092660,0.134414,54971,1296468,0.159486,59769,2389128,0.2939,8129050
3,2021-03-13,70559,3683673,29687,1845794,33632,1793207,7240,44672,37344,1105504,0.135994,33094,1329562,0.163557,45938,2435066,0.299551,8129050
3,2021-03-14,41327,3725000,21574,1867368,16187,1809394,3566,48238,20798,1110053,0.136554,20444,1350006,0.166072,24993,2460059,0.302626,8129050
3,2021-03-15,75637,3800637,35846,1903214,35245,1844639,4546,52784,39896,1119974,0.137774,35524,1385530,0.170442,45445,2505504,0.308216,8129050
3,2021-03-16,95031,3895668,43820,1947034,46889,1891528,4322,57106,53534,1137488,0.139929,41261,1426791,0.175518,58775,2564279,0.315446,8129050
3,2021-03-17,98168,3993836,47706,1994740,45952,1937480,4510,61616,59789,1164309,0.143228,38144,1464935,0.18021,64965,2629244,0.323438,8129050
3,2021-03-18,103541,4097377,52701,2047441,46324,1983804,4516,66132,59783,1185679,0.145857,43484,1508419,0.185559,64854,2694098,0.331416,8129050
3,2021-03-19,103230,4200607,55394,2102835,43379,2027183,4457,70589,57916,1203578,0.148059,45035,1553454,0.191099,62934,2757032,0.339158,8129050
3,2021-03-20,71825,4272432,37010,2139845,31182,2058365,3633,74222,44605,1225291,0.15073,27033,1580487,0.194425,48746,2805778,0.345154,8129050
3,2021-03-21,36295,4308727,24698,2164543,10094,2068459,1503,75725,21968,1235009,0.151925,14229,1594716,0.196175,23947,2829725,0.3481,8129050
3,2021-03-22,70425,4379152,41425,2205968,26485,2094944,2515,78240,45136,1258607,0.154828,25070,1619786,0.199259,48668,2878393,0.354087,8129050
3,2021-03-23,89623,4468775,49632,2255600,37471,2132415,2520,80760,55214,1282897,0.157816,34152,1653938,0.20346,58442,2936835,0.361277,8129050
3,2021-03-24,98577,4567352,56769,2312369,38912,2171327,2896,83656,56393,1300952,0.160037,41838,1695776,0.208607,59893,2996728,0.368644,8129050
3,2021-03-25,107138,4674490,59545,2371914,44647,2215974,2946,86602,60738,1319210,0.162283,46067,1741843,0.214274,64325,3061053,0.376557,8129050
3,2021-03-26,110389,4784879,59250,2431164,47836,2263810,3303,89905,57444,1328168,0.163385,52633,1794476,0.220749,61591,3122644,0.384134,8129050
3,2021-03-27,74441,4859320,37884,2469048,34012,2297822,2545,92450,36341,1329836,0.163591,37890,1832366,0.22541,39558,3162202,0.389,8129050
3,2021-03-28,44326,4903646,27920,2496968,15593,2313415,813,93263,22520,1332115,0.163871,21695,1854061,0.228078,23974,3186176,0.391949,8129050
3,2021-03-29,80609,4984255,42071,2539039,36677,2350092,1861,95124,44355,1343137,0.165227,36005,1890066,0.232508,47027,3233203,0.397734,8129050
3,2021-03-30,100077,5084332,49186,2588225,47264,2397356,3627,98751,56252,1360040,0.167306,43578,1933644,0.237868,60481,3293684,0.405175,8129050
3,2021-03-31,105006,5189338,56617,2644842,43550,2440906,4839,103590,56197,1372817,0.168878,48589,1982233,0.243846,61366,3355050,0.412724,8129050
3,2021-04-01,123466,5312804,62447,2707289,51280,2492186,9739,113329,66813,1393407,0.171411,56280,2038513,0.250769,76870,3431920,0.42218,8129050
3,2021-04-02,117862,5430666,57548,2764837,49994,2542180,10320,123649,62498,1411622,0.173652,55087,2093600,0.257545,73302,3505222,0.431197,8129050
3,2021-04-03,76059,5506725,38863,2803700,27963,2570143,9233,132882,38001,1421253,0.174836,37917,2131517,0.26221,47548,3552770,0.437046,8129050
3,2021-04-04,32402,5539127,17325,2821025,10865,2581008,4212,137094,14230,1421638,0.174884,18090,2149607,0.264435,18475,3571245,0.439319,8129050
3,2021-04-05,89046,5628173,45202,2866227,34715,2615723,9129,146223,43542,1429848,0.175894,45287,2194894,0.270006,53497,3624742,0.4459,8129050
3,2021-04-06,113361,5741534,55172,2921399,43009,2658732,15180,161403,53402,1439444,0.177074,59693,2254587,0.277349,69289,3694031,0.454423,8129050
3,2021-04-07,116301,5857835,60157,2981556,39845,2698577,16299,177702,56287,1452543,0.178685,59763,2314350,0.284701,72862,3766893,0.463387,8129050
3,2021-04-08,121367,5979202,60415,3041971,40803,2739380,20149,197851,56261,1464911,0.180207,64811,2379161,0.292674,77179,3844072,0.472881,8129050
3,2021-04-09,118301,6097503,58971,3100942,40194,2779574,19136,216987,51950,1470787,0.18093,66109,2445270,0.300806,71985,3916057,0.481736,8129050
3,2021-04-10,84395,6181898,37871,3138813,31263,2810837,15261,232248,34332,1471306,0.180994,49893,2495163,0.306944,50412,3966469,0.487938,8129050
3,2021-04-11,45262,6227160,24289,3163102,13005,2823842,7968,240216,17178,1469292,0.180746,27994,2523157,0.310388,25980,3992449,0.491134,8129050
3,2021-04-12,83944,6311104,42429,3205531,32741,2856583,8774,248990,38036,1471507,0.181018,45679,2568836,0.316007,47894,4040343,0.497025,8129050
3,2021-04-13,105499,6416603,57152,3262683,48132,2904715,215,249205,55717,1478764,0.181911,49556,2618392,0.322103,56813,4097156,0.504014,8129050
3,2021-04-14,107637,6524240,58851,3321534,48689,2953404,97,249302,53606,1480157,0.182082,53746,2672138,0.328715,55139,4152295,0.510797,8129050
3,2021-04-15,119404,6643644,67203,3388737,52127,3005531,74,249376,63967,1489876,0.183278,55128,2727266,0.335496,64847,4217142,0.518774,8129050
3,2021-04-16,115518,6759162,64799,3453536,50624,3056155,95,249471,60397,1496213,0.184058,54820,2782086,0.34224,61157,4278299,0.526298,8129050
3,2021-04-17,79428,6838590,43331,3496867,36083,3092238,14,249485,44323,1506627,0.185339,34889,2816975,0.346532,45303,4323602,0.531871,8129050
3,2021-04-18,38717,6877307,23342,3520209,15372,3107610,3,249488,18219,1505328,0.185179,20395,2837370,0.349041,19096,4342698,0.53422,8129050
3,2021-04-19,79254,6956561,44169,3564378,35032,3142642,53,249541,35863,1498532,0.184343,43219,2880589,0.354357,36423,4379121,0.5387,8129050
3,2021-04-20,100879,7057440,53111,3617489,47751,3190393,17,249558,49041,1497019,0.184157,51597,2932186,0.360705,50084,4429205,0.544861,8129050
3,2021-04-21,105547,7162987,59246,3676735,46233,3236626,68,249626,49932,1492837,0.183642,55266,2987452,0.367503,51084,4480289,0.551145,8129050
3,2021-04-22,111254,7274241,62502,3739237,48731,3285357,21,249647,47912,1478722,0.181906,63008,3050460,0.375254,48893,4529182,0.55716,8129050
3,2021-04-23,105600,7379841,60416,3799653,45158,3330515,26,249673,46331,1467141,0.180481,58948,3109408,0.382506,47367,4576549,0.562987,8129050
3,2021-04-24,73153,7452994,45249,3844902,27841,3358356,63,249736,35720,1466737,0.180432,37179,3146587,0.387079,36775,4613324,0.567511,8129050
3,2021-04-25,36658,7489652,23400,3868302,13241,3371597,17,249753,18716,1468072,0.180596,17804,3164391,0.389269,19139,4632463,0.569865,8129050
3,2021-04-26,73476,7563128,41455,3909757,31616,3403213,405,250158,31436,1459464,0.179537,41790,3206181,0.39441,33182,4665645,0.573947,8129050
3,2021-04-27,90695,7653823,47602,3957359,41356,3444569,1737,251895,36061,1443686,0.177596,54345,3260526,0.401096,38567,4704212,0.578691,8129050
3,2021-04-28,86317,7740140,48985,4006344,35204,3479773,2128,254023,35323,1430952,0.176029,50715,3311241,0.407334,37981,4742193,0.583364,8129050
3,2021-04-29,88452,7828592,50559,4056903,35699,3515472,2194,256217,31609,1408710,0.173293,56531,3367772,0.414289,34289,4776482,0.587582,8129050
3,2021-04-30,90070,7918662,50799,4107702,36793,3552265,2478,258695,33548,1388988,0.170867,56216,3423988,0.421204,36494,4812976,0.592071,8129050
3,2021-05-01,54876,7973538,34509,4142211,18906,3571171,1461,260156,19731,1375734,0.169237,34929,3458917,0.425501,21675,4834651,0.594738,8129050
3,2021-05-02,26815,8000353,18294,4160505,7510,3578681,1011,261167,9836,1369782,0.168505,16896,3475813,0.427579,10944,4845595,0.596084,8129050
3,2021-05-03,59222,8059575,34591,4195096,22268,3600949,2363,263530,17383,1348060,0.165832,41647,3517460,0.432702,19925,4865520,0.598535,8129050
3,2021-05-04,77235,8136810,44639,4239735,29942,3630891,2654,266184,22491,1319022,0.16226,54468,3571928,0.439403,25430,4890950,0.601663,8129050
3,2021-05-05,78703,8215513,47286,4287021,28727,3659618,2690,268874,21869,1287335,0.158362,56531,3628459,0.446357,24844,4915794,0.604719,8129050
3,2021-05-06,82697,8298210,52212,4339233,27963,3687581,2522,271396,20633,1249425,0.153699,61611,3690070,0.453936,23701,4939495,0.607635,8129050
3,2021-05-07,82023,8380233,51102,4390335,28303,3715884,2618,274014,21819,1214280,0.149375,59875,3749945,0.461302,24730,4964225,0.610677,8129050
3,2021-05-08,52168,8432401,32324,4422659,18142,3734026,1702,275716,13854,1192033,0.146639,38065,3788010,0.465984,15818,4980043,0.612623,8129050
3,2021-05-09,20864,8453265,15273,4437932,4806,3738832,785,276501,5522,1183150,0.145546,15257,3803267,0.467861,6374,4986417,0.613407,8129050
3,2021-05-10,47631,8500896,25612,4463544,20118,3758950,1901,278402,11093,1160059,0.142705,36348,3839615,0.472333,13257,4999674,0.615038,8129050
3,2021-05-11,63586,8564482,35546,4499090,25834,3784784,2206,280608,16122,1131618,0.139207,47236,3886851,0.478143,18795,5018469,0.61735,8129050
3,2021-05-12,64292,8628774,37017,4536107,24886,3809670,2389,282997,16508,1103265,0.135719,47549,3934400,0.483993,19196,5037665,0.619711,8129050
3,2021-05-13,74648,8703422,47224,4583331,25530,3835200,1894,284891,27458,1086272,0.133628,46954,3981354,0.489769,29961,5067626,0.623397,8129050
3,2021-05-14,79668,8783090,50498,4633829,27043,3862243,2127,287018,31008,1071616,0.131825,48389,4029743,0.495721,33733,5101359,0.627547,8129050
3,2021-05-15,61692,8844782,42588,4676417,17900,3880143,1204,288222,25573,1062680,0.130726,35930,4065673,0.500141,26994,5128353,0.630867,8129050
3,2021-05-16,33003,8877785,24666,4701083,7650,3887793,687,288909,13361,1057279,0.130062,19535,4085208,0.502544,14134,5142487,0.632606,8129050
3,2021-05-17,56668,8934453,36104,4737187,18736,3906529,1828,290737,20950,1044804,0.128527,35458,4120666,0.506906,22983,5165470,0.635433,8129050
3,2021-05-18,64149,8998602,37974,4775161,24334,3930863,1841,292578,24224,1031601,0.126903,39662,4160328,0.511785,26459,5191929,0.638688,8129050
3,2021-05-19,63364,9061966,38663,4813824,22969,3953832,1732,294310,24717,1019914,0.125465,38407,4198735,0.51651,26720,5218649,0.641975,8129050
3,2021-05-20,61006,9122972,35765,4849589,23423,3977255,1818,296128,21998,1005338,0.123672,38738,4237473,0.521275,24162,5242811,0.644948,8129050
3,2021-05-21,65360,9188332,39776,4889365,23502,4000757,2082,298210,23461,989572,0.121733,41607,4279080,0.526394,25841,5268652,0.648126,8129050
3,2021-05-22,45456,9233788,30134,4919499,13857,4014614,1465,299675,19021,984073,0.121056,26242,4305322,0.529622,20743,5289395,0.650678,8129050
3,2021-05-23,21365,9255153,14959,4934458,5758,4020372,648,300323,9155,981858,0.120784,12128,4317450,0.531114,9913,5299308,0.651898,8129050
3,2021-05-24,39319,9294472,23020,4957478,14555,4034927,1744,302067,14645,973957,0.119812,24496,4341946,0.534127,16595,5315903,0.653939,8129050
3,2021-05-25,42504,9336976,23928,4981406,16913,4051840,1663,303730,15137,963858,0.11857,27121,4369067,0.537463,17022,5332925,0.656033,8129050
3,2021-05-26,42140,9379116,24151,5005557,16281,4068121,1708,305438,15838,955516,0.117543,26019,4395086,0.540664,17677,5350602,0.658208,8129050
3,2021-05-27,39232,9418348,22003,5027560,15488,4083609,1741,307179,15454,949323,0.116782,23627,4418713,0.543571,17434,5368036,0.660352,8129050
3,2021-05-28,42553,9460901,24041,5051601,16722,4100331,1790,308969,17709,944492,0.116187,24649,4443362,0.546603,19818,5387854,0.66279,8129050
3,2021-05-29,23344,9484245,14250,5065851,8258,4108589,836,309805,10935,944097,0.116139,12289,4455651,0.548115,11894,5399748,0.664253,8129050
3,2021-05-30,10538,9494783,6830,5072681,3075,4111664,633,310438,4438,943178,0.116026,6030,4461681,0.548856,5111,5404859,0.664882,8129050
3,2021-05-31,4609,9499392,2658,5075339,1683,4113347,268,310706,1449,941792,0.115855,3130,4464811,0.549241,1744,5406603,0.665097,8129050
3,2021-06-01,37564,9536956,21653,5096992,14479,4127826,1432,312138,13165,932397,0.114699,24187,4488998,0.552217,14792,5421395,0.666916,8129050
3,2021-06-02,31407,9568363,18047,5115039,11947,4139773,1413,313551,11633,925996,0.113912,19573,4508571,0.554625,13172,5434567,0.668537,8129050
3,2021-06-03,39468,9607831,27012,5142051,11034,4150807,1422,314973,11475,911299,0.112104,27814,4536385,0.558046,13117,5447684,0.67015,8129050
3,2021-06-04,46013,9653844,32552,5174603,11928,4162735,1533,316506,13112,893679,0.109936,32669,4569054,0.562065,15049,5462733,0.672001,8129050
3,2021-06-05,34180,9688024,25771,5200374,7221,4169956,1188,317694,8698,878466,0.108065,25281,4594335,0.565175,10068,5472801,0.67324,8129050
3,2021-06-06,14525,9702549,12126,5212500,1819,4171775,580,318274,3711,872158,0.107289,10759,4605094,0.566498,4451,5477252,0.673787,8129050
3,2021-06-07,30270,9732819,22016,5234516,6981,4178756,1273,319547,8682,860778,0.105889,21452,4626546,0.569137,10072,5487324,0.675026,8129050
3,2021-06-08,34223,9767042,24590,5259106,8348,4187104,1285,320832,9974,848208,0.104343,24040,4650586,0.572095,11470,5498794,0.676437,8129050
3,2021-06-09,32834,9799876,23828,5282934,7718,4194822,1288,322120,8875,834733,0.102685,23793,4674379,0.575022,10318,5509112,0.677707,8129050
3,2021-06-10,32326,9832202,23341,5306275,7457,4202279,1528,323648,9024,822315,0.101158,23164,4697543,0.577871,10746,5519858,0.679029,8129050
3,2021-06-11,35334,9867536,24991,5331266,8983,4211262,1360,325008,10518,809738,0.09961,24632,4722175,0.580901,12055,5531913,0.680512,8129050
3,2021-06-12,25060,9892596,18901,5350167,5269,4216531,890,325898,6705,799240,0.098319,18241,4740416,0.583145,7743,5539656,0.681464,8129050
3,2021-06-13,10096,9902692,7557,5357724,2047,4218578,492,326390,2362,794477,0.097733,7684,4748100,0.58409,2921,5542577,0.681823,8129050
3,2021-06-14,25646,9928338,18366,5376090,5874,4224452,1406,327796,8041,786583,0.096762,17476,4765576,0.58624,9582,5552159,0.683002,8129050
3,2021-06-15,28545,9956883,19336,5395426,7717,4232169,1492,329288,9679,779270,0.095862,18646,4784222,0.588534,11333,5563492,0.684396,8129050
3,2021-06-16,25717,9982600,18252,5413678,6071,4238240,1394,330682,8697,772668,0.09505,16845,4801067,0.590606,10243,5573735,0.685656,8129050
3,2021-06-17,24647,10007247,17676,5431354,5715,4243955,1256,331938,8559,766681,0.094314,15935,4817002,0.592566,9948,5583683,0.68688,8129050
3,2021-06-18,27750,10034997,19591,5450945,6601,4250556,1558,333496,9737,760342,0.093534,17798,4834800,0.594756,11459,5595142,0.68829,8129050
3,2021-06-19,15851,10050848,11627,5462572,3372,4253928,852,334348,5721,757009,0.093124,10009,4844809,0.595987,6676,5601818,0.689111,8129050
3,2021-06-20,6834,10057682,5136,5467708,1402,4255330,296,334644,2602,755780,0.092973,4180,4848989,0.596501,2951,5604769,0.689474,8129050
3,2021-06-21,16089,10073771,10178,5477886,4536,4259866,1375,336019,8031,757333,0.093164,7972,4856961,0.597482,9525,5614294,0.690646,8129050
3,2021-06-22,21891,10095662,15376,5493262,5261,4265127,1254,337273,8230,753422,0.092683,13546,4870507,0.599148,9635,5623929,0.691831,8129050
3,2021-06-23,20064,10115726,14102,5507364,4664,4269791,1298,338571,7981,750863,0.092368,11973,4882480,0.600621,9414,5633343,0.692989,8129050
3,2021-06-24,19800,10135526,13791,5521155,4579,4274370,1430,340001,7732,748229,0.092044,11907,4894387,0.602086,9273,5642616,0.69413,8129050
3,2021-06-25,23118,10158644,16404,5537559,5306,4279676,1408,341409,9059,744882,0.091632,13940,4908327,0.603801,10593,5653209,0.695433,8129050
3,2021-06-26,13713,10172357,10163,5547722,2785,4282461,765,342174,5725,743598,0.091474,7925,4916252,0.604776,6641,5659850,0.69625,8129050
3,2021-06-27,6652,10179009,5128,5552850,1215,4283676,309,342483,2852,743024,0.091404,3765,4920017,0.605239,3191,5663041,0.696642,8129050
3,2021-06-28,15708,10194717,12069,5564919,2584,4286260,1055,343538,6643,741852,0.091259,8968,4928985,0.606342,7796,5670837,0.697601,8129050
3,2021-06-29,17790,10212507,12554,5577473,4264,4290524,972,344510,7299,739871,0.091016,10381,4939366,0.607619,8400,5679237,0.698635,8129050
3,2021-06-30,16623,10229130,11827,5589300,3770,4294294,1026,345536,7140,738801,0.090884,9375,4948741,0.608772,8305,5687542,0.699656,8129050
3,2021-07-01,15875,10245005,11357,5600657,3492,4297786,1026,346562,6705,737547,0.09073,9082,4957823,0.60989,7828,5695370,0.700619,8129050
3,2021-07-02,17744,10262749,12699,5613356,3994,4301780,1051,347613,7604,736254,0.090571,10042,4967865,0.611125,8749,5704119,0.701696,8129050
3,2021-07-03,6371,10269120,4482,5617838,1569,4303349,320,347933,2553,735390,0.090464,3779,4971644,0.61159,2915,5707034,0.702054,8129050
4,2020-12-15,454,454,454,454,0,0,0,0,454,454,5.6e-05,0,0,0.0,454,454,5.6e-05,8037679
4,2020-12-16,3012,3466,3012,3466,0,0,0,0,3012,3466,0.000431,0,0,0.0,3012,3466,0.000431,8037679
4,2020-12-17,8905,12371,8905,12371,0,0,0,0,8905,12371,0.001539,0,0,0.0,8905,12371,0.001539,8037679
4,2020-12-18,16120,28491,16109,28480,11,11,0,0,16120,28491,0.003545,0,0,0.0,16120,28491,0.003545,8037679
4,2020-12-19,10355,38846,10346,38826,9,20,0,0,10290,38781,0.004825,0,0,0.0,10290,38781,0.004825,8037679
4,2020-12-20,7393,46239,7386,46212,7,27,0,0,7348,46129,0.005739,0,0,0.0,7348,46129,0.005739,8037679
4,2020-12-21,16360,62599,16334,62546,26,53,0,0,16293,62421,0.007766,1,1,0.0,16293,62422,0.007766,8037679
4,2020-12-22,17177,79776,16439,78985,738,791,0,0,17130,79548,0.009897,3,4,0.0,17130,79552,0.009897,8037679
4,2020-12-23,17086,96862,14379,93364,2707,3498,0,0,17055,96601,0.012019,2,6,1e-06,17055,96607,0.012019,8037679
4,2020-12-24,8522,105384,5948,99312,2574,6072,0,0,8522,105123,0.013079,0,6,1e-06,8522,105129,0.01308,8037679
4,2020-12-25,904,106288,799,100111,105,6177,0,0,904,106027,0.013191,0,6,1e-06,904,106033,0.013192,8037679
4,2020-12-26,6173,112461,3895,104006,2278,8455,0,0,6173,112200,0.013959,0,6,1e-06,6173,112206,0.01396,8037679
4,2020-12-27,3435,115896,2000,106006,1435,9890,0,0,3435,115635,0.014387,0,6,1e-06,3435,115641,0.014387,8037679
4,2020-12-28,15091,130987,9326,115332,5765,15655,0,0,15063,130697,0.016261,1,7,1e-06,15063,130704,0.016261,8037679
4,2020-12-29,15365,146352,8505,123837,6860,22515,0,0,15331,146028,0.018168,0,7,1e-06,15331,146035,0.018169,8037679
4,2020-12-30,18933,165285,11068,134905,7865,30380,0,0,18922,164948,0.020522,2,9,1e-06,18922,164957,0.020523,8037679
4,2020-12-31,8269,173554,3356,138261,4913,35293,0,0,8257,173196,0.021548,9,18,2e-06,8257,173214,0.02155,8037679
4,2021-01-01,1523,175077,679,138940,844,36137,0,0,1518,174712,0.021737,2,20,2e-06,1518,174732,0.021739,8037679
4,2021-01-02,5720,180797,3229,142169,2491,38628,0,0,5719,180430,0.022448,1,21,3e-06,5719,180451,0.022451,8037679
4,2021-01-03,2140,182937,1267,143436,873,39501,0,0,2124,182550,0.022712,4,25,3e-06,2124,182575,0.022715,8037679
4,2021-01-04,12936,195873,7005,150441,5931,45432,0,0,12888,195409,0.024312,29,54,7e-06,12888,195463,0.024318,8037679
4,2021-01-05,16876,212749,9998,160439,6878,52310,0,0,14689,207950,0.025872,2161,2215,0.000276,14702,210165,0.026147,8037679
4,2021-01-06,21584,234333,13225,173664,8359,60669,0,0,15526,217478,0.027057,6010,8225,0.001023,15538,225703,0.028081,8037679
4,2021-01-07,27938,262271,17025,190689,10913,71582,0,0,16695,223008,0.027745,11186,19411,0.002415,16716,242419,0.03016,8037679
4,2021-01-08,32801,295072,21058,211747,11743,83325,0,0,18296,226880,0.028227,14443,33854,0.004212,18315,260734,0.032439,8037679
4,2021-01-09,16287,311359,9644,221391,6643,89968,0,0,9467,229558,0.02856,6800,40654,0.005058,9478,270212,0.033618,8037679
4,2021-01-10,8767,320126,5658,227049,3109,93077,0,0,4149,229114,0.028505,4601,45255,0.00563,4157,274369,0.034135,8037679
4,2021-01-11,33437,353563,21915,248964,11522,104599,0,0,18854,233469,0.029047,14543,59798,0.00744,18898,293267,0.036487,8037679
4,2021-01-12,38564,392127,22250,271214,16314,120913,0,0,24253,243522,0.030298,14239,74037,0.009211,24292,317559,0.039509,8037679
4,2021-01-13,38786,430913,19177,290391,19609,140522,0,0,27401,259622,0.032301,11328,85365,0.010621,27428,344987,0.042921,8037679
4,2021-01-14,39300,470213,15108,305499,24192,164714,0,0,32123,284647,0.035414,7127,92492,0.011507,32152,377139,0.046921,8037679
4,2021-01-15,45342,515555,15739,321238,29603,194317,0,0,39700,318786,0.039661,5583,98075,0.012202,39722,416861,0.051863,8037679
4,2021-01-16,28726,544281,9354,330592,19372,213689,0,0,25574,341260,0.042458,3118,101193,0.01259,25592,442453,0.055047,8037679
4,2021-01-17,19066,563347,6671,337263,12395,226084,0,0,17538,357307,0.044454,1505,102698,0.012777,17552,460005,0.057231,8037679
4,2021-01-18,29472,592819,13638,350901,15834,241918,0,0,23467,374887,0.046641,5913,108611,0.013513,23493,483498,0.060154,8037679
4,2021-01-19,46116,638935,23078,373979,23038,264956,0,0,36743,402387,0.050063,9316,117927,0.014672,36816,520314,0.064734,8037679
4,2021-01-20,52631,691566,28195,402174,24436,289392,0,0,42081,434078,0.054005,10450,128377,0.015972,42141,562455,0.069977,8037679
4,2021-01-21,57563,749129,25880,428054,31683,321075,0,0,50803,478234,0.059499,6690,135067,0.016804,50846,613301,0.076303,8037679
4,2021-01-22,55340,804469,22254,450308,33086,354161,0,0,50159,523338,0.065111,5082,140149,0.017437,50186,663487,0.082547,8037679
4,2021-01-23,39652,844121,17401,467709,22251,376412,0,0,35308,554342,0.068968,4334,144483,0.017976,35338,698825,0.086944,8037679
4,2021-01-24,23944,868065,10491,478200,13453,389865,0,0,22051,574529,0.071479,1882,146365,0.01821,22069,720894,0.089689,8037679
4,2021-01-25,47972,916037,22132,500332,25840,415705,0,0,36829,600307,0.074687,11107,157472,0.019592,36885,757779,0.094278,8037679
4,2021-01-26,56818,972855,28911,529243,27907,443612,0,0,44507,632616,0.078706,12259,169731,0.021117,44568,802347,0.099823,8037679
4,2021-01-27,56219,1029074,26696,555939,29523,473135,0,0,45163,666853,0.082966,10978,180709,0.022483,45215,847562,0.105449,8037679
4,2021-01-28,56584,1085658,25496,581435,31088,504223,0,0,46578,703560,0.087533,9916,190625,0.023716,46623,894185,0.111249,8037679
4,2021-01-29,56566,1142224,27103,608538,29463,533686,0,0,46134,739480,0.092002,10248,200873,0.024991,46168,940353,0.116993,8037679
4,2021-01-30,38020,1180244,17117,625655,20903,554589,0,0,32648,766837,0.095405,5315,206188,0.025653,32672,973025,0.121058,8037679
4,2021-01-31,23868,1204112,12499,638154,11369,565958,0,0,22163,787333,0.097955,1685,207873,0.025862,22181,995206,0.123818,8037679
4,2021-02-01,49713,1253825,23967,662121,25746,591704,0,0,38014,813740,0.101241,11648,219521,0.027311,38055,1033261,0.128552,8037679
4,2021-02-02,55436,1309261,25451,687572,29985,621689,0,0,42546,843508,0.104944,12821,232342,0.028907,42589,1075850,0.133851,8037679
4,2021-02-03,62120,1371381,30468,718040,31652,653341,0,0,47776,877111,0.109125,14227,246569,0.030677,47830,1123680,0.139802,8037679
4,2021-02-04,67721,1439102,31535,749575,36186,689527,0,0,50888,911431,0.113395,16673,263242,0.032751,50993,1174673,0.146146,8037679
4,2021-02-05,73158,1512260,33847,783422,39311,728838,0,0,50975,940615,0.117026,21926,285168,0.035479,51110,1225783,0.152505,8037679
4,2021-02-06,48650,1560910,26131,809553,22519,751357,0,0,37147,966527,0.12025,11436,296604,0.036902,37348,1263131,0.157151,8037679
4,2021-02-07,26396,1587306,17412,826965,8984,760341,0,0,19990,980379,0.121973,6373,302977,0.037695,20225,1283356,0.159667,8037679
4,2021-02-08,58522,1645828,30093,857058,28429,788770,0,0,38035,998324,0.124206,20352,323329,0.040227,38297,1321653,0.164432,8037679
4,2021-02-09,67210,1713038,34069,891127,33141,821911,0,0,39386,1010480,0.125718,27637,350966,0.043665,39793,1361446,0.169383,8037679
4,2021-02-10,77438,1790476,38698,929825,38740,860651,0,0,40621,1015072,0.126289,36574,387540,0.048215,41166,1402612,0.174505,8037679
4,2021-02-11,81249,1871725,42360,972185,38889,899540,0,0,41358,1017436,0.126583,39665,427205,0.05315,42029,1444641,0.179734,8037679
4,2021-02-12,84587,1956312,37902,1010087,46685,946225,0,0,43434,1020733,0.126994,40926,468131,0.058242,44223,1488864,0.185236,8037679
4,2021-02-13,59058,2015370,29903,1039990,29155,975380,0,0,30078,1022869,0.127259,28843,496974,0.061831,30979,1519843,0.18909,8037679
4,2021-02-14,36930,2052300,19198,1059188,17732,993112,0,0,18889,1024433,0.127454,17983,514957,0.064068,19547,1539390,0.191522,8037679
4,2021-02-15,46235,2098535,21622,1080810,24613,1017725,0,0,23729,1026912,0.127762,22429,537386,0.066858,24908,1564298,0.194621,8037679
4,2021-02-16,80118,2178653,36697,1117507,43421,1061146,0,0,40782,1029691,0.128108,39221,576607,0.071738,42000,1606298,0.199846,8037679
4,2021-02-17,81484,2260137,38497,1156004,42987,1104133,0,0,38746,1027009,0.127774,42556,619163,0.077033,39874,1646172,0.204807,8037679
4,2021-02-18,83476,2343613,45924,1201928,37552,1141685,0,0,38643,1022481,0.127211,44652,663815,0.082588,40124,1686296,0.209799,8037679
4,2021-02-19,82975,2426588,52149,1254077,30826,1172511,0,0,41459,1023284,0.127311,41346,705161,0.087732,42149,1728445,0.215043,8037679
4,2021-02-20,49526,2476114,32907,1286984,16619,1189130,0,0,26895,1028326,0.127938,22549,727710,0.090537,27591,1756036,0.218476,8037679
4,2021-02-21,29946,2506060,23807,1310791,6139,1195269,0,0,14563,1027871,0.127882,15303,743013,0.092441,14848,1770884,0.220323,8037679
4,2021-02-22,54720,2560780,37597,1348388,17123,1212392,0,0,26397,1026534,0.127715,28182,771195,0.095947,26845,1797729,0.223663,8037679
4,2021-02-23,75494,2636274,41851,1390239,33643,1246035,0,0,33173,1019242,0.126808,42137,813332,0.10119,34845,1832574,0.227998,8037679
4,2021-02-24,89846,2726120,47412,1437651,42434,1288469,0,0,40537,1012858,0.126014,49073,862405,0.107295,42689,1875263,0.233309,8037679
4,2021-02-25,100186,2826306,52299,1489950,47887,1336356,0,0,47972,1011350,0.125826,52040,914445,0.11377,50532,1925795,0.239596,8037679
4,2021-02-26,106411,2932717,53717,1543667,52694,1389050,0,0,54509,1016558,0.126474,51658,966103,0.120197,56866,1982661,0.246671,8037679
4,2021-02-27,77051,3009768,41922,1585589,35120,1424170,9,9,41370,1023888,0.127386,35530,1001633,0.124617,42860,2025521,0.252003,8037679
4,2021-02-28,47708,3057476,29402,1614991,18299,1442469,7,16,26538,1030308,0.128185,21011,1022644,0.127231,27431,2052952,0.255416,8037679
4,2021-03-01,77891,3135367,45743,1660734,32107,1474576,41,57,43007,1039932,0.129382,34613,1057257,0.131538,44237,2097189,0.26092,8037679
4,2021-03-02,85228,3220595,49029,1709763,36190,1510766,9,66,50419,1057512,0.131569,34635,1091892,0.135847,52215,2149404,0.267416,8037679
4,2021-03-03,100283,3320878,53371,1763134,46898,1557664,14,80,56070,1071367,0.133293,43996,1135888,0.14132,57851,2207255,0.274613,8037679
4,2021-03-04,97132,3418010,53858,1816992,43256,1600920,18,98,53420,1083089,0.134751,43491,1179379,0.146731,55213,2262468,0.281483,8037679
4,2021-03-05,94419,3512429,50939,1867931,43163,1644083,317,415,56008,1103146,0.137247,38197,1217576,0.151484,58254,2320722,0.28873,8037679
4,2021-03-06,76223,3588652,42941,1910872,30662,1674745,2620,3035,46871,1124744,0.139934,29229,1246805,0.15512,50827,2371549,0.295054,8037679
4,2021-03-07,43122,3631774,27271,1938143,14662,1689407,1189,4224,25647,1135254,0.141242,17403,1264208,0.157285,27913,2399462,0.298527,8037679
4,2021-03-08,66608,3698382,34959,1973102,28456,1717863,3193,7417,43989,1161272,0.144479,22496,1286704,0.160084,48514,2447976,0.304563,8037679
4,2021-03-09,81302,3779684,41217,2014319,34953,1752816,5132,12549,43898,1174173,0.146084,37232,1323936,0.164716,50133,2498109,0.3108,8037679
4,2021-03-10,91161,3870845,47034,2061353,36695,1789511,7432,19981,46077,1183723,0.147272,44908,1368844,0.170303,54458,2552567,0.317575,8037679
4,2021-03-11,100632,3971477,52913,2114266,39329,1828840,8390,28371,46456,1185736,0.147522,53934,1422778,0.177014,55947,2608514,0.324536,8037679
4,2021-03-12,104552,4076029,51556,2165822,42745,1871585,10251,38622,44623,1181902,0.147045,59652,1482430,0.184435,55818,2664332,0.33148,8037679
4,2021-03-13,81521,4157550,37819,2203641,35287,1906872,8415,47037,38497,1187036,0.147684,42886,1525316,0.189771,48020,2712352,0.337455,8037679
4,2021-03-14,49879,4207429,28388,2232029,17865,1924737,3626,50663,23242,1187981,0.147801,26546,1551862,0.193073,27491,2739843,0.340875,8037679
4,2021-03-15,83679,4291108,45050,2277079,34381,1959118,4248,54911,42460,1194550,0.148619,40980,1592842,0.198172,47549,2787392,0.346791,8037679
4,2021-03-16,107670,4398778,55988,2333067,48282,2007400,3400,58311,56917,1205045,0.149924,50518,1643360,0.204457,61013,2848405,0.354382,8037679
4,2021-03-17,106911,4505689,57598,2390665,45816,2053216,3497,61808,62646,1227749,0.152749,44004,1687364,0.209932,66708,2915113,0.362681,8037679
4,2021-03-18,107081,4612770,59409,2450074,43983,2097199,3689,65497,60942,1246950,0.155138,45863,1733227,0.215638,65064,2980177,0.370776,8037679
4,2021-03-19,111587,4724357,64256,2514330,42142,2139341,5189,70686,63797,1268787,0.157855,47542,1780769,0.221553,69379,3049556,0.379408,8037679
4,2021-03-20,84034,4808391,49059,2563389,31973,2171314,3002,73688,51786,1291784,0.160716,32103,1812872,0.225547,55100,3104656,0.386263,8037679
4,2021-03-21,48244,4856635,34974,2598363,11017,2182331,2253,75941,28336,1302942,0.162104,19788,1832660,0.228009,30946,3135602,0.390113,8037679
4,2021-03-22,82487,4939122,53917,2652280,25834,2208165,2736,78677,51312,1326762,0.165068,30946,1863606,0.231859,54766,3190368,0.396927,8037679
4,2021-03-23,104834,5043956,62779,2715059,39900,2248065,2155,80832,62479,1349855,0.167941,42083,1905689,0.237094,65176,3255544,0.405035,8037679
4,2021-03-24,113483,5157439,73269,2788328,37805,2285870,2409,83241,64027,1367718,0.170163,49028,1954717,0.243194,66891,3322435,0.413358,8037679
4,2021-03-25,117049,5274488,72079,2860407,42581,2328451,2389,85630,67144,1388297,0.172724,49433,2004150,0.249344,70012,3392447,0.422068,8037679
4,2021-03-26,119661,5394149,72629,2933036,43991,2372442,3041,88671,65648,1403921,0.174667,53659,2057809,0.25602,69283,3461730,0.430688,8037679
4,2021-03-27,91987,5486136,54244,2987280,35957,2408399,1786,90457,46868,1408181,0.175197,44879,2102688,0.261604,49139,3510869,0.436801,8037679
4,2021-03-28,55751,5541887,36801,3024081,18078,2426477,872,91329,29660,1413162,0.175817,25923,2128611,0.264829,30904,3541773,0.440646,8037679
4,2021-03-29,93556,5635443,56059,3080140,35421,2461898,2076,93405,50810,1424091,0.177177,42505,2171116,0.270117,53434,3595207,0.447294,8037679
4,2021-03-30,117099,5752542,63878,3144018,49058,2510956,4163,97568,69613,1451038,0.180529,47256,2218372,0.275997,74203,3669410,0.456526,8037679
4,2021-03-31,121033,5873575,71412,3215430,43299,2554255,6322,103890,67912,1472705,0.183225,52775,2271147,0.282563,74442,3743852,0.465788,8037679
4,2021-04-01,142469,6016044,81252,3296682,47968,2602223,13249,117139,84020,1512126,0.18813,58014,2329161,0.28978,97435,3841287,0.47791,8037679
4,2021-04-02,136581,6152625,72977,3369659,50024,2652247,13580,130719,79093,1547907,0.192581,57195,2386356,0.296896,92976,3934263,0.489477,8037679
4,2021-04-03,101213,6253838,54102,3423761,33709,2685956,13402,144121,52769,1566068,0.194841,48241,2434597,0.302898,66402,4000665,0.497739,8037679
4,2021-04-04,46863,6300701,24738,3448499,14604,2700560,7521,151642,20477,1567807,0.195057,26279,2460876,0.306167,28018,4028683,0.501225,8037679
4,2021-04-05,109292,6409993,61476,3509975,35026,2735586,12790,164432,57077,1586231,0.197349,52008,2512884,0.312638,70432,4099115,0.509987,8037679
4,2021-04-06,138741,6548734,78117,3588092,40892,2776478,19732,184164,72201,1612457,0.200612,66307,2579191,0.320888,92533,4191648,0.5215,8037679
4,2021-04-07,137561,6686295,77938,3666030,38926,2815404,20697,204861,71278,1638687,0.203876,66034,2645225,0.329103,92264,4283912,0.532979,8037679
4,2021-04-08,139934,6826229,78020,3744050,36491,2851895,25423,230284,69601,1664271,0.207059,70049,2715274,0.337818,95633,4379545,0.544877,8037679
4,2021-04-09,137612,6963841,75550,3819600,39085,2890980,22977,253261,65666,1682210,0.209291,71719,2786993,0.346741,89658,4469203,0.556032,8037679
4,2021-04-10,103769,7067610,51192,3870792,33733,2924713,18844,272105,46846,1692226,0.210537,56714,2843707,0.353797,66730,4535933,0.564334,8037679
4,2021-04-11,62594,7130204,38032,3908824,13399,2938112,11163,283268,27309,1696587,0.211079,35180,2878887,0.358174,39541,4575474,0.569253,8037679
4,2021-04-12,102719,7232923,62477,3971301,30104,2968216,10138,293406,51772,1709063,0.212631,50654,2929541,0.364476,63130,4638604,0.577107,8037679
4,2021-04-13,130221,7363144,81693,4052994,48364,3016580,164,293570,77983,1736125,0.215998,51943,2981484,0.370938,79005,4717609,0.586937,8037679
4,2021-04-14,135375,7498519,86274,4139268,49026,3065606,75,293645,74994,1752373,0.21802,60050,3041534,0.378409,76298,4793907,0.596429,8037679
4,2021-04-15,156096,7654615,103934,4243202,52098,3117704,64,293709,95864,1789194,0.222601,59867,3101401,0.385858,96688,4890595,0.608459,8037679
4,2021-04-16,143453,7798068,90967,4334169,52407,3170111,79,293788,83474,1813781,0.22566,59682,3161083,0.393283,84269,4974864,0.618943,8037679
4,2021-04-17,101388,7899456,63748,4397917,37616,3207727,24,293812,59619,1833071,0.22806,41499,3202582,0.398446,60789,5035653,0.626506,8037679
4,2021-04-18,56736,7956192,38337,4436254,18396,3226123,3,293815,32029,1841486,0.229107,24579,3227161,0.401504,32994,5068647,0.630611,8037679
4,2021-04-19,101452,8057644,66886,4503140,34548,3260671,18,293833,51854,1844601,0.229494,49355,3276516,0.407645,52470,5121117,0.637139,8037679
4,2021-04-20,131632,8189276,78563,4581703,53054,3313725,15,293848,68808,1851976,0.230412,62519,3339035,0.415423,69894,5191011,0.645835,8037679
4,2021-04-21,133972,8323248,87514,4669217,46404,3360129,54,293902,67672,1854889,0.230774,65920,3404955,0.423624,68833,5259844,0.654398,8037679
4,2021-04-22,140561,8463809,93361,4762578,47177,3407306,23,293925,62967,1841771,0.229142,77228,3482183,0.433232,64110,5323954,0.662375,8037679
4,2021-04-23,134019,8597828,87344,4849922,46651,3453957,24,293949,58259,1825820,0.227158,75422,3557605,0.442616,59471,5383425,0.669774,8037679
4,2021-04-24,97701,8695529,66096,4916018,31555,3485512,50,293999,45044,1819610,0.226385,52373,3609978,0.449132,46163,5429588,0.675517,8037679
4,2021-04-25,50052,8745581,35283,4951301,14744,3500256,25,294024,26192,1822556,0.226752,23722,3633700,0.452083,26668,5456256,0.678835,8037679
4,2021-04-26,91594,8837175,60077,5011378,31120,3531376,397,294421,36093,1805167,0.224588,55212,3688912,0.458952,37823,5494079,0.68354,8037679
4,2021-04-27,113349,8950524,69273,5080651,41772,3573148,2304,296725,40937,1777097,0.221096,72107,3761019,0.467924,44037,5538116,0.689019,8037679
4,2021-04-28,103582,9054106,67693,5148344,33379,3606527,2510,299235,37983,1752953,0.218092,65299,3826318,0.476048,41155,5579271,0.69414,8037679
4,2021-04-29,105006,9159112,67093,5215437,35393,3641920,2520,301755,34026,1719447,0.213923,70653,3896971,0.484838,37147,5616418,0.698761,8037679
4,2021-04-30,104662,9263774,66364,5281801,35624,3677544,2674,304429,36053,1690596,0.210334,68239,3965210,0.493328,39388,5655806,0.703662,8037679
4,2021-05-01,68854,9332628,45787,5327588,21311,3698855,1756,306185,19999,1664370,0.207071,48622,4013832,0.499377,22396,5678202,0.706448,8037679
4,2021-05-02,37424,9370052,26561,5354149,9583,3708438,1280,307465,10509,1649502,0.205221,26802,4040634,0.502712,11934,5690136,0.707933,8037679
4,2021-05-03,78240,9448292,54447,5408596,21327,3729765,2466,309931,19180,1612701,0.200643,58814,4099448,0.510029,22013,5712149,0.710671,8037679
4,2021-05-04,100732,9549024,68977,5477573,28999,3758764,2756,312687,22713,1560805,0.194186,77752,4177200,0.519702,25856,5738005,0.713888,8037679
4,2021-05-05,101473,9650497,71574,5549147,27176,3785940,2723,315410,22046,1506777,0.187464,79107,4256307,0.529544,25079,5763084,0.717008,8037679
4,2021-05-06,111003,9761500,83203,5632350,24872,3810812,2928,318338,19683,1439636,0.179111,90873,4347180,0.54085,23732,5786816,0.719961,8037679
4,2021-05-07,104164,9865664,74929,5707279,26558,3837370,2677,321015,20625,1380167,0.171712,83186,4430366,0.5512,23717,5810533,0.722912,8037679
4,2021-05-08,69206,9934870,47715,5754994,19568,3856938,1923,322938,13744,1340947,0.166833,55241,4485607,0.558072,16021,5826554,0.724905,8037679
4,2021-05-09,34063,9968933,27896,5782890,5229,3862167,938,323876,7488,1322996,0.164599,26472,4512079,0.561366,8521,5835075,0.725965,8037679
4,2021-05-10,64447,10033380,43153,5826043,18985,3881152,2309,326185,10980,1283327,0.159664,53271,4565350,0.567994,13602,5848677,0.727657,8037679
4,2021-05-11,82112,10115492,51279,5877322,28654,3909806,2179,328364,15791,1235697,0.153738,66097,4631447,0.576217,18467,5867144,0.729955,8037679
4,2021-05-12,79121,10194613,52717,5930039,23911,3933717,2493,330857,16649,1193015,0.148428,62200,4693647,0.583956,19518,5886662,0.732383,8037679
4,2021-05-13,103886,10298499,76602,6006641,25766,3959483,1518,332375,40393,1172756,0.145907,63180,4756827,0.591816,42921,5929583,0.737723,8037679
4,2021-05-14,104241,10402740,73707,6080348,28405,3987888,2129,334504,40230,1151932,0.143316,63715,4820542,0.599743,42891,5972474,0.74306,8037679
4,2021-05-15,85052,10487792,65811,6146159,17919,4005807,1322,335826,37614,1143958,0.142324,47200,4867742,0.605615,39226,6011700,0.74794,8037679
4,2021-05-16,51317,10539109,41363,6187522,9246,4015053,708,336534,21039,1135712,0.141299,30131,4897873,0.609364,21885,6033585,0.750663,8037679
4,2021-05-17,70814,10609923,51768,6239290,17206,4032259,1840,338374,28061,1123278,0.139752,42560,4940433,0.614659,30126,6063711,0.754411,8037679
4,2021-05-18,81284,10691207,52938,6292228,26601,4058860,1745,340119,29186,1102822,0.137207,51750,4992183,0.621098,31294,6095005,0.758304,8037679
4,2021-05-19,76316,10767523,51687,6343915,22691,4081551,1938,342057,30843,1090694,0.135698,45200,5037383,0.626721,33072,6128077,0.762419,8037679
4,2021-05-20,68410,10835933,43960,6387875,22458,4104009,1992,344049,25366,1075625,0.133823,42768,5080151,0.632042,27699,6155776,0.765865,8037679
4,2021-05-21,73123,10909056,48273,6436148,22989,4126998,1861,345910,25855,1056608,0.131457,46997,5127148,0.637889,27980,6183756,0.769346,8037679
4,2021-05-22,49472,10958528,34726,6470874,13467,4140465,1279,347189,21582,1051954,0.130878,27736,5154884,0.64134,23082,6206838,0.772218,8037679
4,2021-05-23,23775,10982303,17057,6487931,5998,4146463,720,347909,9769,1048664,0.130469,13887,5168771,0.643068,10597,6217435,0.773536,8037679
4,2021-05-24,42902,11025205,27326,6515257,12582,4159045,2994,350903,15069,1039297,0.129303,27629,5196400,0.646505,18262,6235697,0.775808,8037679
4,2021-05-25,44718,11069923,27810,6543067,14095,4173140,2813,353716,15887,1029624,0.1281,28605,5225005,0.650064,18932,6254629,0.778164,8037679
4,2021-05-26,44321,11114244,26631,6569698,15097,4188237,2593,356309,15807,1019886,0.126888,28314,5253319,0.653587,18576,6273205,0.780475,8037679
4,2021-05-27,38715,11152959,23280,6592978,12308,4200545,3127,359436,14610,1013870,0.12614,23920,5277239,0.656563,17904,6291109,0.782702,8037679
4,2021-05-28,43089,11196048,27495,6620473,13997,4214542,1597,361033,18813,1010466,0.125716,24039,5301278,0.659553,20635,6311744,0.785269,8037679
4,2021-05-29,23550,11219598,15333,6635806,7284,4221826,933,361966,10857,1009817,0.125635,12571,5313849,0.661117,11922,6323666,0.786753,8037679
4,2021-05-30,11997,11231595,8427,6644233,3044,4224870,526,362492,5011,1008495,0.125471,6928,5320777,0.661979,5606,6329272,0.78745,8037679
4,2021-05-31,3542,11235137,2252,6646485,1132,4226002,158,362650,1134,1007437,0.125339,2372,5323149,0.662274,1314,6330586,0.787614,8037679
4,2021-06-01,39265,11274402,24415,6670900,12410,4238412,2440,365090,12989,997009,0.124042,26073,5349222,0.665518,15645,6346231,0.78956,8037679
4,2021-06-02,32414,11306816,20274,6691174,9361,4247773,2779,367869,10843,989377,0.123092,21402,5370624,0.668181,13770,6360001,0.791273,8037679
4,2021-06-03,47840,11354656,36716,6727890,8674,4256447,2450,370319,10355,965153,0.120079,37335,5407959,0.672826,13111,6373112,0.792905,8037679
4,2021-06-04,54558,11409214,43937,6771827,9300,4265747,1321,371640,12756,938452,0.116757,41580,5449539,0.677999,14879,6387991,0.794756,8037679
4,2021-06-05,44537,11453751,38159,6809986,5383,4271130,995,372635,8725,912784,0.113563,35667,5485206,0.682437,9999,6397990,0.796,8037679
4,2021-06-06,21110,11474861,18843,6828829,1709,4272839,558,373193,3954,900628,0.112051,17055,5502261,0.684558,4899,6402889,0.796609,8037679
4,2021-06-07,38553,11513414,31209,6860038,5435,4278274,1909,375102,8442,881274,0.109643,29983,5532244,0.688289,10629,6413518,0.797932,8037679
4,2021-06-08,40392,11553806,31717,6891755,6147,4284421,2528,377630,9453,862831,0.107348,30755,5562999,0.692115,12312,6425830,0.799463,8037679
4,2021-06-09,38771,11592577,30753,6922508,5666,4290087,2352,379982,7931,842792,0.104855,30674,5593673,0.695931,10635,6436465,0.800787,8037679
4,2021-06-10,36965,11629542,29147,6951655,5205,4295292,2613,382595,8549,825949,0.10276,28265,5621938,0.699448,11422,6447887,0.802208,8037679
4,2021-06-11,38074,11667616,29907,6981562,6158,4301450,2009,384604,9859,810096,0.100787,28067,5650005,0.70294,12214,6460101,0.803727,8037679
4,2021-06-12,26416,11694032,22004,7003566,3702,4305152,710,385314,6051,796812,0.099135,20261,5670266,0.705461,6977,6467078,0.804595,8037679
4,2021-06-13,10801,11704833,8533,7012099,1791,4306943,477,385791,2285,791224,0.098439,8454,5678720,0.706512,2866,6469944,0.804952,8037679
4,2021-06-14,28462,11733295,21291,7033390,4371,4311314,2800,388591,7758,781424,0.09722,20572,5699292,0.709072,10772,6480716,0.806292,8037679
4,2021-06-15,29777,11763072,21066,7054456,5317,4316631,3394,391985,8285,772005,0.096048,21349,5720641,0.711728,11930,6492646,0.807776,8037679
4,2021-06-16,26399,11789471,19899,7074355,3901,4320532,2599,394584,8019,764610,0.095128,18217,5738858,0.713994,10822,6503468,0.809123,8037679
4,2021-06-17,24956,11814427,18433,7092788,3654,4324186,2869,397453,7565,758018,0.094308,17210,5756068,0.716136,10618,6514086,0.810444,8037679
4,2021-06-18,26551,11840978,20946,7113734,4381,4328567,1224,398677,8217,749571,0.093257,18137,5774205,0.718392,9690,6523776,0.811649,8037679
4,2021-06-19,15703,11856681,12712,7126446,2298,4330865,693,399370,5059,744988,0.092687,10498,5784703,0.719698,5915,6529691,0.812385,8037679
4,2021-06-20,7347,11864028,6054,7132500,986,4331851,307,399677,2616,743317,0.092479,4673,5789376,0.72028,3002,6532693,0.812759,8037679
4,2021-06-21,14460,11878488,10457,7142957,2871,4334722,1132,400809,7333,744890,0.092675,7051,5796427,0.721157,8624,6541317,0.813832,8037679
4,2021-06-22,20341,11898829,15874,7158831,3403,4338125,1064,401873,7086,740049,0.092072,13140,5809567,0.722792,8299,6549616,0.814864,8037679
4,2021-06-23,18285,11917114,14357,7173188,2951,4341076,977,402850,6698,736382,0.091616,11467,5821034,0.724218,7800,6557416,0.815835,8037679
4,2021-06-24,17458,11934572,13538,7186726,2933,4344009,987,403837,6528,733256,0.091227,10782,5831816,0.72556,7656,6565072,0.816787,8037679
4,2021-06-25,21372,11955944,16806,7203532,3530,4347539,1036,404873,7744,728702,0.090661,13500,5845316,0.727239,8946,6574018,0.8179,8037679
4,2021-06-26,12957,11968901,10558,7214090,1787,4349326,612,405485,4794,726149,0.090343,8062,5853378,0.728242,5509,6579527,0.818585,8037679
4,2021-06-27,6809,11975710,5517,7219607,951,4350277,341,405826,2880,725530,0.090266,3894,5857272,0.728727,3275,6582802,0.818993,8037679
4,2021-06-28,14958,11990668,12573,7232180,1547,4351824,838,406664,6027,723665,0.090034,8849,5866121,0.729828,6984,6589786,0.819862,8037679
4,2021-06-29,16254,12006922,12629,7244809,2843,4354667,782,407446,6338,721089,0.089714,9815,5875936,0.731049,7239,6597025,0.820762,8037679
4,2021-06-30,14225,12021147,11127,7255936,2388,4357055,710,408156,5904,719574,0.089525,8234,5884170,0.732073,6719,6603744,0.821598,8037679
4,2021-07-01,14113,12035260,11152,7267088,2248,4359303,713,408869,5791,717986,0.089328,8223,5892393,0.733096,6635,6610379,0.822424,8037679
4,2021-07-02,16152,12051412,12855,7279943,2571,4361874,726,409595,6611,715981,0.089078,9457,5901850,0.734273,7452,6617831,0.823351,8037679
4,2021-07-03,5725,12057137,4442,7284385,997,4362871,286,409881,2412,715425,0.089009,3271,5905121,0.73468,2715,6620546,0.823689,8037679
