vemquartile,administered_date,total_doses,cumulative_total_doses,pfizer_doses,cumulative_pfizer_doses,moderna_doses,cumulative_moderna_doses,jj_doses,cumulative_jj_doses,partially_vaccinated,total_partially_vaccinated,pct_age16pop_partially_vaccinated,fully_vaccinated,cumulative_fully_vaccinated,pct_age16pop_fully_vaccinated,at_least_one_dose,cumulative_at_least_one_dose,pct_age16pop_at_least_one_dose,age16_population
1,2020-12-15,147,147,147,147,0,0,0,0,147,147,1.8e-05,0,0,0.0,147,147,1.8e-05,8051741
1,2020-12-16,1154,1301,1154,1301,0,0,0,0,1154,1301,0.000162,0,0,0.0,1154,1301,0.000162,8051741
1,2020-12-17,4106,5407,4106,5407,0,0,0,0,4107,5408,0.000672,0,0,0.0,4107,5408,0.000672,8051741
1,2020-12-18,6247,11654,6227,11634,20,20,0,0,6249,11657,0.001448,0,0,0.0,6249,11657,0.001448,8051741
1,2020-12-19,2866,14520,2865,14499,1,21,0,0,2864,14520,0.001803,1,1,0.0,2864,14521,0.001803,8051741
1,2020-12-20,2081,16601,2077,16576,4,25,0,0,2082,16602,0.002062,0,1,0.0,2082,16603,0.002062,8051741
1,2020-12-21,7594,24195,7583,24159,11,36,0,0,7645,24247,0.003011,0,1,0.0,7645,24248,0.003012,8051741
1,2020-12-22,7269,31464,6930,31089,339,375,0,0,7272,31518,0.003914,1,2,0.0,7272,31520,0.003915,8051741
1,2020-12-23,7779,39243,6561,37650,1218,1593,0,0,7775,39293,0.00488,0,2,0.0,7775,39295,0.00488,8051741
1,2020-12-24,3291,42534,2354,40004,937,2530,0,0,3293,42586,0.005289,0,2,0.0,3293,42588,0.005289,8051741
1,2020-12-25,232,42766,149,40153,83,2613,0,0,232,42818,0.005318,0,2,0.0,232,42820,0.005318,8051741
1,2020-12-26,1354,44120,965,41118,389,3002,0,0,1353,44170,0.005486,1,3,0.0,1353,44173,0.005486,8051741
1,2020-12-27,853,44973,527,41645,326,3328,0,0,853,45023,0.005592,0,3,0.0,853,45026,0.005592,8051741
1,2020-12-28,6995,51968,4739,46384,2256,5584,0,0,6994,52017,0.00646,0,3,0.0,6994,52020,0.006461,8051741
1,2020-12-29,8824,60792,4973,51357,3851,9435,0,0,8821,60837,0.007556,1,4,0.0,8821,60841,0.007556,8051741
1,2020-12-30,11562,72354,6467,57824,5095,14530,0,0,11562,72399,0.008992,0,4,0.0,11562,72403,0.008992,8051741
1,2020-12-31,5916,78270,1952,59776,3964,18494,0,0,5915,78313,0.009726,1,5,1e-06,5915,78318,0.009727,8051741
1,2021-01-01,518,78788,174,59950,344,18838,0,0,518,78831,0.009791,0,5,1e-06,518,78836,0.009791,8051741
1,2021-01-02,2876,81664,1743,61693,1133,19971,0,0,2878,81709,0.010148,0,5,1e-06,2878,81714,0.010149,8051741
1,2021-01-03,1007,82671,539,62232,468,20439,0,0,1006,82714,0.010273,1,6,1e-06,1006,82720,0.010274,8051741
1,2021-01-04,7284,89955,3548,65780,3736,24175,0,0,7289,90002,0.011178,1,7,1e-06,7289,90009,0.011179,8051741
1,2021-01-05,10689,100644,5153,70933,5536,29711,0,0,9948,99242,0.012326,728,735,9.1e-05,9968,99977,0.012417,8051741
1,2021-01-06,13817,114461,6961,77894,6856,36567,0,0,11954,109377,0.013584,1825,2560,0.000318,11960,111937,0.013902,8051741
1,2021-01-07,17338,131799,9068,86962,8270,44837,0,0,12926,117996,0.014655,4313,6873,0.000854,12932,124869,0.015508,8051741
1,2021-01-08,20000,151799,10390,97352,9610,54447,0,0,14152,126322,0.015689,5831,12704,0.001578,14157,139026,0.017267,8051741
1,2021-01-09,6600,158399,3341,100693,3259,57706,0,0,4775,129292,0.016058,1809,14513,0.001802,4779,143805,0.01786,8051741
1,2021-01-10,3023,161422,1716,102409,1307,59013,0,0,1854,129994,0.016145,1153,15666,0.001946,1855,145660,0.01809,8051741
1,2021-01-11,18002,179424,11790,114199,6212,65225,0,0,11490,135035,0.016771,6485,22151,0.002751,11526,157186,0.019522,8051741
1,2021-01-12,18771,198195,10615,124814,8156,73381,0,0,12823,141984,0.017634,5906,28057,0.003485,12855,170041,0.021119,8051741
1,2021-01-13,19611,217806,10562,135376,9049,82430,0,0,14487,151381,0.018801,5101,33158,0.004118,14498,184539,0.022919,8051741
1,2021-01-14,21837,239643,9402,144778,12435,94865,0,0,19110,167862,0.020848,2667,35825,0.004449,19148,203687,0.025297,8051741
1,2021-01-15,25061,264704,9280,154058,15781,110646,0,0,23148,189191,0.023497,1862,37687,0.004681,23191,226878,0.028178,8051741
1,2021-01-16,13835,278539,4537,158595,9298,119944,0,0,12996,201352,0.025007,837,38524,0.004785,12998,239876,0.029792,8051741
1,2021-01-17,5161,283700,1984,160579,3177,123121,0,0,4795,205790,0.025558,362,38886,0.00483,4800,244676,0.030388,8051741
1,2021-01-18,14149,297849,8508,169087,5641,128762,0,0,11024,213737,0.026545,3113,41999,0.005216,11060,255736,0.031762,8051741
1,2021-01-19,24508,322357,12771,181858,11737,140499,0,0,19383,228059,0.028324,5110,47109,0.005851,19432,275168,0.034175,8051741
1,2021-01-20,27918,350275,13514,195372,14404,154903,0,0,22522,245238,0.030458,5375,52484,0.006518,22554,297722,0.036976,8051741
1,2021-01-21,30349,380624,14031,209403,16318,171221,0,0,27289,269582,0.033481,3006,55490,0.006892,27350,325072,0.040373,8051741
1,2021-01-22,27976,408600,11105,220508,16871,188092,0,0,26026,293725,0.03648,1908,57398,0.007129,26051,351123,0.043608,8051741
1,2021-01-23,18611,427211,8177,228685,10434,198526,0,0,16692,308524,0.038318,1904,59302,0.007365,16703,367826,0.045683,8051741
1,2021-01-24,6646,433857,4155,232840,2491,201017,0,0,5999,313885,0.038983,642,59944,0.007445,6003,373829,0.046428,8051741
1,2021-01-25,24718,458575,10248,243088,14470,215487,0,0,19289,327841,0.040717,5413,65357,0.008117,19369,393198,0.048834,8051741
1,2021-01-26,28259,486834,13287,256375,14972,230459,0,0,21789,343217,0.042626,6429,71786,0.008916,21805,415003,0.051542,8051741
1,2021-01-27,31330,518164,15308,271683,16022,246481,0,0,23570,359107,0.0446,7703,79489,0.009872,23593,438596,0.054472,8051741
1,2021-01-28,34235,552399,16002,287685,18233,264714,0,0,27565,380099,0.047207,6614,86103,0.010694,27606,466202,0.057901,8051741
1,2021-01-29,33182,585581,16308,303993,16874,281588,0,0,26772,400618,0.049755,6284,92387,0.011474,26803,493005,0.06123,8051741
1,2021-01-30,19961,605542,8626,312619,11335,292923,0,0,17977,416642,0.051746,1960,94347,0.011718,17984,510989,0.063463,8051741
1,2021-01-31,7584,613126,4985,317604,2599,295522,0,0,6853,422767,0.052506,730,95077,0.011808,6855,517844,0.064315,8051741
1,2021-02-01,28064,641190,12105,329709,15959,311481,0,0,20703,436158,0.054169,7317,102394,0.012717,20708,538552,0.066886,8051741
1,2021-02-02,31766,672956,11453,341162,20313,331794,0,0,23924,452330,0.056178,7784,110178,0.013684,23956,562508,0.069862,8051741
1,2021-02-03,38832,711788,14823,355985,24009,355803,0,0,28205,470055,0.058379,10507,120685,0.014989,28232,590740,0.073368,8051741
1,2021-02-04,43531,755319,17030,373015,26501,382304,0,0,31660,489993,0.060856,11769,132454,0.01645,31707,622447,0.077306,8051741
1,2021-02-05,46565,801884,17309,390324,29256,411560,0,0,30694,504970,0.062716,15759,148213,0.018408,30736,653183,0.081123,8051741
1,2021-02-06,26410,828294,10444,400768,15966,427526,0,0,20623,519865,0.064566,5743,153956,0.019121,20638,673821,0.083686,8051741
1,2021-02-07,6153,834447,3943,404711,2210,429736,0,0,4598,522941,0.064948,1539,155495,0.019312,4615,678436,0.08426,8051741
1,2021-02-08,30955,865402,14015,418726,16940,446676,0,0,20674,533508,0.06626,10183,165678,0.020577,20750,699186,0.086837,8051741
1,2021-02-09,37832,903234,16557,435283,21275,467951,0,0,23255,542365,0.06736,14467,180145,0.022373,23324,722510,0.089733,8051741
1,2021-02-10,46434,949668,21983,457266,24451,492402,0,0,26907,549954,0.068302,19392,199537,0.024782,26981,749491,0.093084,8051741
1,2021-02-11,50288,999956,24741,482007,25547,517949,0,0,30738,561428,0.069728,19359,218896,0.027186,30833,780324,0.096914,8051741
1,2021-02-12,49209,1049165,21264,503271,27945,545894,0,0,28407,569290,0.070704,20675,239571,0.029754,28537,808861,0.100458,8051741
1,2021-02-13,25983,1075148,11297,514568,14686,560580,0,0,15071,573591,0.071238,10846,250417,0.031101,15147,824008,0.102339,8051741
1,2021-02-14,11567,1086715,5460,520028,6107,566687,0,0,6603,575364,0.071458,4936,255353,0.031714,6709,830717,0.103172,8051741
1,2021-02-15,23257,1109972,9214,529242,14043,580730,0,0,14173,580699,0.072121,8998,264351,0.032832,14333,845050,0.104952,8051741
1,2021-02-16,46251,1156223,22085,551327,24166,604896,0,0,27393,589481,0.073212,18798,283149,0.035166,27580,872630,0.108378,8051741
1,2021-02-17,47432,1203655,23985,575312,23447,628343,0,0,25887,594125,0.073788,21448,304597,0.03783,26092,898722,0.111618,8051741
1,2021-02-18,49899,1253554,24926,600238,24973,653316,0,0,26107,596918,0.074135,23605,328202,0.040762,26398,925120,0.114897,8051741
1,2021-02-19,45166,1298720,24463,624701,20703,674019,0,0,25639,603180,0.074913,19437,347639,0.043176,25699,950819,0.118089,8051741
1,2021-02-20,26361,1325081,15946,640647,10415,684434,0,0,15105,607140,0.075405,11221,358860,0.044569,15181,966000,0.119974,8051741
1,2021-02-21,9602,1334683,8384,649031,1218,685652,0,0,5852,609414,0.075687,3713,362573,0.04503,5987,971987,0.120718,8051741
1,2021-02-22,29670,1364353,19503,668534,10167,695819,0,0,17488,614945,0.076374,12138,374711,0.046538,17669,989656,0.122912,8051741
1,2021-02-23,41800,1406153,20065,688599,21735,717554,0,0,23274,620193,0.077026,18418,393129,0.048825,23666,1013322,0.125851,8051741
1,2021-02-24,52184,1458337,25195,713794,26989,744543,0,0,29423,627436,0.077926,22672,415801,0.051641,29915,1043237,0.129567,8051741
1,2021-02-25,63411,1521748,30442,744236,32969,777512,0,0,39567,643784,0.079956,23757,439558,0.054592,40105,1083342,0.134548,8051741
1,2021-02-26,71297,1593045,33553,777789,37744,815256,0,0,47341,667771,0.082935,23822,463380,0.05755,47809,1131151,0.140485,8051741
1,2021-02-27,48072,1641117,21375,799164,26691,841947,6,6,31875,683819,0.084928,16099,479479,0.05955,32147,1163298,0.144478,8051741
1,2021-02-28,18865,1659982,11190,810354,7675,849622,0,6,13992,693215,0.086095,4825,484304,0.060149,14221,1177519,0.146244,8051741
1,2021-03-01,42915,1702897,19565,829919,23342,872964,8,14,27980,706640,0.087762,14845,499149,0.061993,28270,1205789,0.149755,8051741
1,2021-03-02,58202,1761099,23888,853807,34309,907273,5,19,37046,723377,0.089841,21064,520213,0.064609,37801,1243590,0.15445,8051741
1,2021-03-03,67508,1828607,31723,885530,35774,943047,11,30,40946,738660,0.091739,26446,546659,0.067893,41729,1285319,0.159632,8051741
1,2021-03-04,75072,1903679,34605,920135,40435,983482,32,62,48066,760446,0.094445,26865,573524,0.07123,48651,1333970,0.165675,8051741
1,2021-03-05,73665,1977344,32765,952900,40701,1024183,199,261,49013,785997,0.097618,24478,598002,0.07427,50029,1383999,0.171888,8051741
1,2021-03-06,56059,2033403,26526,979426,28208,1052391,1325,1586,38095,808077,0.100361,17910,615912,0.076494,39990,1423989,0.176855,8051741
1,2021-03-07,19351,2052754,12212,991638,6354,1058745,785,2371,14491,818797,0.101692,4846,620758,0.077096,15566,1439555,0.178788,8051741
1,2021-03-08,42897,2095651,20254,1011892,20793,1079538,1850,4221,29910,837972,0.104073,12923,633681,0.078701,32098,1471653,0.182775,8051741
1,2021-03-09,59521,2155172,25842,1037734,31222,1110760,2457,6678,35663,852946,0.105933,23782,657463,0.081655,38756,1510409,0.187588,8051741
1,2021-03-10,69945,2225117,34351,1072085,31367,1142127,4227,10905,43213,874266,0.108581,26632,684095,0.084962,47952,1558361,0.193543,8051741
1,2021-03-11,87091,2312208,39503,1111588,39803,1181930,7785,18690,51003,897729,0.111495,35890,719985,0.08942,59353,1617714,0.200915,8051741
1,2021-03-12,93405,2405613,40162,1151750,41006,1222936,12237,30927,53853,924920,0.114872,39391,759376,0.094312,66582,1684296,0.209184,8051741
1,2021-03-13,62794,2468407,28118,1179868,27017,1249953,7659,38586,40037,950306,0.118025,22663,782039,0.097127,48049,1732345,0.215152,8051741
1,2021-03-14,26708,2495115,14237,1194105,9010,1258963,3461,42047,15832,958973,0.119101,10831,792870,0.098472,19498,1751843,0.217573,8051741
1,2021-03-15,63136,2558251,27369,1221474,29194,1288157,6573,48620,37432,977786,0.121438,25562,818432,0.101647,44375,1796218,0.223084,8051741
1,2021-03-16,83051,2641302,37157,1258631,40416,1328573,5478,54098,52234,1005289,0.124854,30669,849101,0.105456,58172,1854390,0.230309,8051741
1,2021-03-17,89270,2730572,42640,1301271,40135,1368708,6495,60593,57370,1037848,0.128897,31772,880873,0.109402,64331,1918721,0.238299,8051741
1,2021-03-18,94483,2825055,47736,1349007,41257,1409965,5490,66083,58542,1066919,0.132508,35670,916543,0.113832,64741,1983462,0.24634,8051741
1,2021-03-19,99643,2924698,51113,1400120,42473,1452438,6057,72140,59515,1093142,0.135765,39897,956440,0.118787,66120,2049582,0.254551,8051741
1,2021-03-20,69681,2994379,35871,1435991,28640,1481078,5170,77310,45884,1120850,0.139206,23667,980107,0.121726,51375,2100957,0.260932,8051741
1,2021-03-21,25766,3020145,17768,1453759,6240,1487318,1758,79068,16753,1130595,0.140416,8953,989060,0.122838,18698,2119655,0.263254,8051741
1,2021-03-22,56652,3076797,29408,1483167,24069,1511387,3175,82243,38792,1155193,0.143471,17724,1006784,0.125039,42322,2161977,0.26851,8051741
1,2021-03-23,79820,3156617,40446,1523613,35933,1547320,3441,85684,51943,1183354,0.146969,27720,1034504,0.128482,55881,2217858,0.275451,8051741
1,2021-03-24,83905,3240522,42263,1565876,37457,1584777,4185,89869,51391,1206937,0.149898,32328,1066832,0.132497,55911,2273769,0.282395,8051741
1,2021-03-25,91957,3332479,46313,1612189,40109,1624886,5535,95404,53422,1227828,0.152492,38303,1105135,0.137254,59194,2332963,0.289746,8051741
1,2021-03-26,100023,3432502,48186,1660375,45719,1670605,6118,101522,56108,1246725,0.154839,43664,1148799,0.142677,62561,2395524,0.297516,8051741
1,2021-03-27,70459,3502961,36601,1696976,30172,1700777,3686,105208,37047,1254426,0.155796,33243,1182042,0.146806,40944,2436468,0.302601,8051741
1,2021-03-28,31151,3534112,20039,1717015,9915,1710692,1197,106405,16626,1258135,0.156256,14445,1196487,0.1486,18154,2454622,0.304856,8051741
1,2021-03-29,64531,3598643,32185,1749200,29576,1740268,2770,109175,36967,1270662,0.157812,27435,1223922,0.152007,39962,2494584,0.309819,8051741
1,2021-03-30,88286,3686929,43072,1792272,39326,1779594,5888,115063,50481,1289483,0.16015,37699,1261621,0.156689,56520,2551104,0.316839,8051741
1,2021-03-31,96445,3783374,50290,1842562,40466,1820060,5689,120752,55305,1309663,0.162656,40920,1302541,0.161771,61100,2612204,0.324427,8051741
1,2021-04-01,105687,3889061,50701,1893263,47054,1867114,7932,128684,55205,1322664,0.164271,50241,1352782,0.168011,63242,2675446,0.332282,8051741
1,2021-04-02,105430,3994491,48010,1941273,48259,1915373,9161,137845,54807,1336603,0.166002,50293,1403075,0.174257,64232,2739678,0.340259,8051741
1,2021-04-03,74857,4069348,37247,1978520,28399,1943772,9211,147056,35494,1342223,0.1667,39230,1442305,0.17913,44850,2784528,0.345829,8051741
1,2021-04-04,23407,4092755,11633,1990153,8351,1952123,3423,150479,10155,1342607,0.166747,13209,1455514,0.18077,13593,2798121,0.347518,8051741
1,2021-04-05,72983,4165738,34898,2025051,29245,1981368,8840,159319,34076,1347013,0.167295,38773,1494287,0.185586,43179,2841300,0.35288,8051741
1,2021-04-06,100813,4266551,47606,2072657,36946,2018314,16261,175580,46340,1355524,0.168352,54284,1548571,0.192327,62795,2904095,0.360679,8051741
1,2021-04-07,107514,4374065,51806,2124463,38605,2056919,17103,192683,49709,1365009,0.16953,57606,1606177,0.199482,67091,2971186,0.369012,8051741
1,2021-04-08,117897,4491962,55404,2179867,42161,2099080,20332,213015,53099,1374079,0.170656,64514,1670691,0.207494,73584,3044770,0.378151,8051741
1,2021-04-09,115649,4607611,52164,2232031,43492,2142572,19993,233008,51688,1382271,0.171674,63680,1734371,0.215403,71872,3116642,0.387077,8051741
1,2021-04-10,92389,4700000,41352,2273383,28869,2171441,22168,255176,36418,1385137,0.17203,55807,1790178,0.222334,58673,3175315,0.394364,8051741
1,2021-04-11,34697,4734697,19055,2292438,9187,2180628,6455,261631,14272,1385770,0.172108,20363,1810541,0.224863,20996,3196311,0.396971,8051741
1,2021-04-12,71853,4806550,32005,2324443,30062,2210690,9786,271417,30933,1385964,0.172132,40720,1851261,0.229921,40914,3237225,0.402053,8051741
1,2021-04-13,93286,4899836,49266,2373709,43690,2254380,330,271747,50109,1393883,0.173116,42972,1894233,0.235258,50891,3288116,0.408373,8051741
1,2021-04-14,99231,4999067,51350,2425059,47819,2302199,62,271809,50661,1396862,0.173486,48282,1942515,0.241254,51261,3339377,0.41474,8051741
1,2021-04-15,100082,5099149,54054,2479113,45948,2348147,80,271889,53605,1404977,0.174494,46021,1988536,0.24697,54136,3393513,0.421463,8051741
1,2021-04-16,103594,5202743,53359,2532472,50149,2398296,86,271975,52228,1406522,0.174685,51025,2039561,0.253307,52570,3446083,0.427992,8051741
1,2021-04-17,77765,5280508,42565,2575037,35193,2433489,7,271982,43610,1416381,0.17591,34001,2073562,0.25753,43860,3489943,0.43344,8051741
1,2021-04-18,27708,5308216,18318,2593355,9384,2442873,6,271988,14542,1418104,0.176124,13097,2086659,0.259156,14820,3504763,0.43528,8051741
1,2021-04-19,63579,5371795,32514,2625869,31041,2473914,24,272012,29042,1413139,0.175507,34269,2120928,0.263412,29304,3534067,0.43892,8051741
1,2021-04-20,83567,5455362,41880,2667749,41671,2515585,16,272028,39857,1410065,0.175125,43457,2164385,0.26881,40383,3574450,0.443935,8051741
1,2021-04-21,90084,5545446,46055,2713804,43941,2559526,88,272116,41134,1403539,0.174315,48552,2212937,0.27484,42026,3616476,0.449155,8051741
1,2021-04-22,90731,5636177,47240,2761044,43472,2602998,19,272135,42405,1398751,0.17372,47951,2260888,0.280795,43163,3659639,0.454515,8051741
1,2021-04-23,93582,5729759,48067,2809111,45490,2648488,25,272160,45097,1396372,0.173425,48129,2309017,0.286772,45750,3705389,0.460197,8051741
1,2021-04-24,71949,5801708,45718,2854829,26220,2674708,11,272171,41497,1408131,0.174885,30267,2339284,0.290531,42026,3747415,0.465417,8051741
1,2021-04-25,26683,5828391,17098,2871927,9577,2684285,8,272179,15401,1412533,0.175432,11210,2350494,0.291924,15612,3763027,0.467356,8051741
1,2021-04-26,57084,5885475,30618,2902545,26121,2710406,345,272524,27070,1410784,0.175215,29799,2380293,0.295625,28050,3791077,0.470839,8051741
1,2021-04-27,72207,5957682,38374,2940919,32725,2743131,1108,273632,31070,1402601,0.174198,40866,2421159,0.3007,32683,3823760,0.474899,8051741
1,2021-04-28,70967,6028649,37392,2978311,32227,2775358,1348,274980,31132,1396124,0.173394,39597,2460756,0.305618,33120,3856880,0.479012,8051741
1,2021-04-29,65150,6093799,34777,3013088,29090,2804448,1283,276263,26037,1385126,0.172028,38903,2499659,0.31045,27905,3884785,0.482478,8051741
1,2021-04-30,62977,6156776,34322,3047410,27482,2831930,1173,277436,24968,1374197,0.170671,37833,2537492,0.315148,26904,3911689,0.485819,8051741
1,2021-05-01,41775,6198551,28399,3075809,12488,2844418,888,278324,16968,1367748,0.16987,24691,2562183,0.318215,18242,3929931,0.488085,8051741
2,2020-12-15,232,232,232,232,0,0,0,0,232,232,2.9e-05,0,0,0.0,232,232,2.9e-05,7897587
2,2020-12-16,1925,2157,1925,2157,0,0,0,0,1925,2157,0.000273,0,0,0.0,1925,2157,0.000273,7897587
2,2020-12-17,6659,8816,6659,8816,0,0,0,0,6660,8817,0.001116,0,0,0.0,6660,8817,0.001116,7897587
2,2020-12-18,10827,19643,10808,19624,19,19,0,0,10828,19645,0.002487,0,0,0.0,10828,19645,0.002487,7897587
2,2020-12-19,5572,25215,5567,25191,5,24,0,0,5574,25219,0.003193,0,0,0.0,5574,25219,0.003193,7897587
2,2020-12-20,4216,29431,4209,29400,7,31,0,0,4213,29432,0.003727,0,0,0.0,4213,29432,0.003727,7897587
2,2020-12-21,12762,42193,12739,42139,23,54,0,0,12717,42149,0.005337,0,0,0.0,12717,42149,0.005337,7897587
2,2020-12-22,12036,54229,11529,53668,507,561,0,0,12036,54185,0.006861,0,0,0.0,12036,54185,0.006861,7897587
2,2020-12-23,11604,65833,9416,63084,2188,2749,0,0,11606,65791,0.008331,0,0,0.0,11606,65791,0.008331,7897587
2,2020-12-24,5841,71674,3488,66572,2353,5102,0,0,5838,71629,0.00907,0,0,0.0,5838,71629,0.00907,7897587
2,2020-12-25,477,72151,401,66973,76,5178,0,0,478,72107,0.00913,0,0,0.0,478,72107,0.00913,7897587
2,2020-12-26,2565,74716,1669,68642,896,6074,0,0,2567,74674,0.009455,0,0,0.0,2567,74674,0.009455,7897587
2,2020-12-27,2210,76926,1196,69838,1014,7088,0,0,2208,76881,0.009735,1,1,0.0,2208,76882,0.009735,7897587
2,2020-12-28,10901,87827,7083,76921,3818,10906,0,0,10901,87781,0.011115,1,2,0.0,10901,87783,0.011115,7897587
2,2020-12-29,12680,100507,7185,84106,5495,16401,0,0,12684,100465,0.012721,0,2,0.0,12684,100467,0.012721,7897587
2,2020-12-30,15315,115822,8632,92738,6683,23084,0,0,15331,115795,0.014662,1,3,0.0,15331,115798,0.014662,7897587
2,2020-12-31,7496,123318,2802,95540,4694,27778,0,0,7493,123287,0.015611,1,4,1e-06,7493,123291,0.015611,7897587
2,2021-01-01,1092,124410,526,96066,566,28344,0,0,1093,124379,0.015749,1,5,1e-06,1093,124384,0.01575,7897587
2,2021-01-02,4805,129215,2751,98817,2054,30398,0,0,4803,129182,0.016357,0,5,1e-06,4803,129187,0.016358,7897587
2,2021-01-03,1380,130595,789,99606,591,30989,0,0,1375,130554,0.016531,3,8,1e-06,1375,130562,0.016532,7897587
2,2021-01-04,11487,142082,5433,105039,6054,37043,0,0,11474,142024,0.017983,4,12,2e-06,11474,142036,0.017985,7897587
2,2021-01-05,13763,155845,6870,111909,6893,43936,0,0,12590,153477,0.019433,1166,1178,0.000149,12619,154655,0.019583,7897587
2,2021-01-06,18845,174690,10421,122330,8424,52360,0,0,15138,164958,0.020887,3662,4840,0.000613,15143,169798,0.0215,7897587
2,2021-01-07,22826,197516,12831,135161,9995,62355,0,0,15557,173236,0.021935,7292,12132,0.001536,15570,185368,0.023471,7897587
2,2021-01-08,26258,223774,15951,151112,10307,72662,0,0,16234,179492,0.022727,9993,22125,0.002801,16249,201617,0.025529,7897587
2,2021-01-09,9547,233321,5547,156659,4000,76662,0,0,6176,182280,0.02308,3392,25517,0.003231,6180,207797,0.026311,7897587
2,2021-01-10,5257,238578,2913,159572,2344,79006,0,0,3050,183104,0.023185,2230,27747,0.003513,3054,210851,0.026698,7897587
2,2021-01-11,25905,264483,17813,177385,8092,87098,0,0,14990,187191,0.023702,10949,38696,0.0049,15036,225887,0.028602,7897587
2,2021-01-12,25927,290410,16102,193487,9825,96923,0,0,16478,194257,0.024597,9479,48175,0.0061,16545,242432,0.030697,7897587
2,2021-01-13,28210,318620,14866,208353,13344,110267,0,0,20314,206703,0.026173,7890,56065,0.007099,20336,262768,0.033272,7897587
2,2021-01-14,29985,348605,11382,219735,18603,128870,0,0,25810,228356,0.028915,4202,60267,0.007631,25855,288623,0.036546,7897587
2,2021-01-15,35075,383680,12925,232660,22150,151020,0,0,31863,257055,0.032549,3225,63492,0.008039,31924,320547,0.040588,7897587
2,2021-01-16,17540,401220,5609,238269,11931,162951,0,0,16232,271963,0.034436,1334,64826,0.008208,16242,336789,0.042645,7897587
2,2021-01-17,10547,411767,3517,241786,7030,169981,0,0,9845,281089,0.035592,727,65553,0.0083,9853,346642,0.043892,7897587
2,2021-01-18,19619,431386,10982,252768,8637,178618,0,0,14899,291295,0.036884,4736,70289,0.0089,14942,361584,0.045784,7897587
2,2021-01-19,32179,463565,16780,269548,15399,194017,0,0,24219,307658,0.038956,7965,78254,0.009909,24328,385912,0.048865,7897587
2,2021-01-20,36362,499927,17982,287530,18380,212397,0,0,27879,327159,0.041425,8463,86717,0.01098,27964,413876,0.052405,7897587
2,2021-01-21,40372,540299,17157,304687,23215,235612,0,0,36006,358970,0.045453,4345,91062,0.01153,36156,450032,0.056983,7897587
2,2021-01-22,38995,579294,16284,320971,22711,258323,0,0,35719,391442,0.049565,3279,94341,0.011946,35751,485783,0.06151,7897587
2,2021-01-23,23896,603190,10807,331778,13089,271412,0,0,20950,409500,0.051851,2921,97262,0.012315,20979,506762,0.064167,7897587
2,2021-01-24,12429,615619,6156,337934,6273,277685,0,0,11516,420126,0.053197,900,98162,0.012429,11526,518288,0.065626,7897587
2,2021-01-25,33451,649070,15494,353428,17957,295642,0,0,24779,436372,0.055254,8650,106812,0.013525,24896,543184,0.068778,7897587
2,2021-01-26,40017,689087,19798,373226,20219,315861,0,0,31134,458720,0.058084,8862,115674,0.014647,31210,574394,0.07273,7897587
2,2021-01-27,44759,733846,22844,396070,21915,337776,0,0,34941,483989,0.061283,9725,125399,0.015878,34994,609388,0.077161,7897587
2,2021-01-28,47719,781565,22499,418569,25220,362996,0,0,39250,514878,0.065194,8418,133817,0.016944,39307,648695,0.082138,7897587
2,2021-01-29,45252,826817,22134,440703,23118,386114,0,0,36753,543275,0.06879,8402,142219,0.018008,36799,685494,0.086798,7897587
2,2021-01-30,31085,857902,13494,454197,17591,403705,0,0,27871,567998,0.07192,3175,145394,0.01841,27898,713392,0.09033,7897587
2,2021-01-31,17538,875440,10641,464838,6897,410602,0,0,16328,583154,0.07384,1192,146586,0.018561,16348,729740,0.0924,7897587
2,2021-02-01,40047,915487,19138,483976,20909,431511,0,0,29718,602603,0.076302,10300,156886,0.019865,29749,759489,0.096167,7897587
2,2021-02-02,47684,963171,19718,503694,27966,459477,0,0,36298,627684,0.079478,11312,168198,0.021297,36393,795882,0.100775,7897587
2,2021-02-03,53487,1016658,23754,527448,29733,489210,0,0,39742,653851,0.082791,13657,181855,0.023027,39824,835706,0.105818,7897587
2,2021-02-04,55674,1072332,24205,551653,31469,520679,0,0,40816,679985,0.0861,14770,196625,0.024897,40904,876610,0.110997,7897587
2,2021-02-05,59380,1131712,26303,577956,33077,553756,0,0,40323,701607,0.088838,18891,215516,0.027289,40513,917123,0.116127,7897587
2,2021-02-06,38745,1170457,18134,596090,20611,574367,0,0,31237,725482,0.091861,7441,222957,0.028231,31316,948439,0.120092,7897587
2,2021-02-07,15886,1186343,10643,606733,5243,579610,0,0,12035,733753,0.092909,3828,226785,0.028716,12099,960538,0.121624,7897587
2,2021-02-08,42921,1229264,22053,628786,20868,600478,0,0,29610,750349,0.09501,13207,239992,0.030388,29803,990341,0.125398,7897587
2,2021-02-09,48984,1278248,23368,652154,25616,626094,0,0,30818,763398,0.096662,18084,258076,0.032678,31133,1021474,0.12934,7897587
2,2021-02-10,59173,1337421,27993,680147,31180,657274,0,0,34730,774235,0.098034,24234,282310,0.035746,35071,1056545,0.133781,7897587
2,2021-02-11,63407,1400828,29411,709558,33996,691270,0,0,35859,783304,0.099183,27267,309577,0.039199,36336,1092881,0.138382,7897587
2,2021-02-12,64505,1465333,27923,737481,36582,727852,0,0,34542,788726,0.099869,29768,339345,0.042968,35190,1128071,0.142837,7897587
2,2021-02-13,37367,1502700,15687,753168,21680,749532,0,0,21658,795135,0.100681,15625,354970,0.044947,22034,1150105,0.145627,7897587
2,2021-02-14,19861,1522561,9313,762481,10548,760080,0,0,11200,798131,0.10106,8624,363594,0.046039,11620,1161725,0.147099,7897587
2,2021-02-15,32735,1555296,14794,777275,17941,778021,0,0,18276,802894,0.101663,14352,377946,0.047856,19115,1180840,0.149519,7897587
2,2021-02-16,55701,1610997,27577,804852,28124,806145,0,0,29400,806938,0.102175,26225,404171,0.051177,30269,1211109,0.153352,7897587
2,2021-02-17,60852,1671849,31533,836385,29319,835464,0,0,30281,807834,0.102289,30525,434696,0.055042,31421,1242530,0.15733,7897587
2,2021-02-18,65381,1737230,33294,869679,32087,867551,0,0,32039,808222,0.102338,33145,467841,0.059238,33533,1276063,0.161576,7897587
2,2021-02-19,58524,1795754,32617,902296,25907,893458,0,0,29137,808790,0.10241,29270,497111,0.062945,29838,1305901,0.165354,7897587
2,2021-02-20,36717,1832471,23979,926275,12738,906196,0,0,19957,813045,0.102949,16692,513803,0.065058,20947,1326848,0.168007,7897587
2,2021-02-21,17790,1850261,14370,940645,3420,909616,0,0,8742,814178,0.103092,8987,522790,0.066196,10120,1336968,0.169288,7897587
2,2021-02-22,37053,1887314,25457,966102,11596,921212,0,0,17805,814066,0.103078,19158,541948,0.068622,19046,1356014,0.1717,7897587
2,2021-02-23,50618,1937932,25792,991894,24826,946038,0,0,22335,811009,0.102691,28121,570069,0.072183,25064,1381078,0.174873,7897587
2,2021-02-24,67678,2005610,34846,1026740,32832,978870,0,0,31309,809388,0.102485,36242,606311,0.076772,34621,1415699,0.179257,7897587
2,2021-02-25,72806,2078416,34061,1060801,38745,1017615,0,0,36996,814380,0.103118,35617,641928,0.081282,40609,1456308,0.184399,7897587
2,2021-02-26,81030,2159446,34730,1095531,46300,1063915,0,0,43987,823807,0.104311,36825,678753,0.085944,46252,1502560,0.190256,7897587
2,2021-02-27,58487,2217933,26602,1122133,31881,1095796,4,4,31929,830850,0.105203,26385,705138,0.089285,33428,1535988,0.194488,7897587
2,2021-02-28,28826,2246759,17290,1139423,11535,1107331,1,5,16863,837412,0.106034,11886,717024,0.09079,18448,1554436,0.196824,7897587
2,2021-03-01,55060,2301819,28899,1168322,26146,1133477,15,20,30181,844775,0.106966,24693,741717,0.093917,32056,1586492,0.200883,7897587
2,2021-03-02,64312,2366131,29802,1198124,34505,1167982,5,25,35925,855470,0.10832,28290,770007,0.097499,38985,1625477,0.205819,7897587
2,2021-03-03,77448,2443579,37472,1235596,39970,1207952,6,31,43589,868506,0.109971,33703,803710,0.101767,46739,1672216,0.211738,7897587
2,2021-03-04,85253,2528832,41783,1277379,43444,1251396,26,57,49272,884778,0.112031,35825,839535,0.106303,52097,1724313,0.218334,7897587
2,2021-03-05,78234,2607066,36654,1314033,41286,1292682,294,351,47850,905146,0.11461,30220,869755,0.110129,50588,1774901,0.22474,7897587
2,2021-03-06,61135,2668201,29783,1343816,29697,1322379,1655,2006,37536,922427,0.116799,23504,893259,0.113105,40785,1815686,0.229904,7897587
2,2021-03-07,26747,2694948,15472,1359288,10336,1332715,939,2945,17131,932339,0.118054,9561,902820,0.114316,19473,1835159,0.23237,7897587
2,2021-03-08,48744,2743692,22214,1381502,24111,1356826,2419,5364,30726,949203,0.120189,17922,920742,0.116585,34786,1869945,0.236774,7897587
2,2021-03-09,62987,2806679,25822,1407324,33427,1390253,3738,9102,33605,959217,0.121457,29270,950012,0.120291,39284,1909229,0.241748,7897587
2,2021-03-10,74486,2881165,34912,1442236,33395,1423648,6179,15281,39489,971867,0.123059,34836,984848,0.124702,47486,1956715,0.247761,7897587
2,2021-03-11,90500,2971665,41530,1483766,40825,1464473,8145,23426,47618,986905,0.124963,42644,1027492,0.130102,57682,2014397,0.255065,7897587
2,2021-03-12,91393,3063058,37609,1521375,41965,1506438,11819,35245,45838,1000555,0.126691,45391,1072883,0.135849,59041,2073438,0.262541,7897587
2,2021-03-13,67066,3130124,28090,1549465,31173,1537611,7803,43048,37050,1016799,0.128748,29916,1102799,0.139637,46160,2119598,0.268386,7897587
2,2021-03-14,35860,3165984,17749,1567214,13680,1551291,4431,47479,19178,1024583,0.129734,16608,1119407,0.14174,24392,2143990,0.271474,7897587
2,2021-03-15,65987,3231971,29729,1596943,31323,1582614,4935,52414,36694,1038232,0.131462,29112,1148519,0.145427,42761,2186751,0.276888,7897587
2,2021-03-16,84840,3316811,37419,1634362,43488,1626102,3933,56347,52040,1062974,0.134595,32660,1181179,0.149562,57402,2244153,0.284157,7897587
2,2021-03-17,90297,3407108,43283,1677645,43061,1669163,3953,60300,57730,1093393,0.138446,32365,1213544,0.15366,62784,2306937,0.292107,7897587
2,2021-03-18,94981,3502089,44771,1722416,45807,1714970,4403,64703,58778,1121650,0.142024,35948,1249492,0.158212,64205,2371142,0.300236,7897587
2,2021-03-19,95073,3597162,44787,1767203,44271,1759241,6015,70718,57297,1148128,0.145377,37548,1287040,0.162966,64026,2435168,0.308343,7897587
2,2021-03-20,68252,3665414,32742,1799945,31648,1790889,3862,74580,45561,1175579,0.148853,22511,1309551,0.165817,49962,2485130,0.31467,7897587
2,2021-03-21,32429,3697843,20842,1820787,9636,1800525,1951,76531,20610,1187327,0.15034,11735,1321286,0.167302,23483,2508613,0.317643,7897587
2,2021-03-22,61329,3759172,33612,1854399,25170,1825695,2547,79078,41538,1212873,0.153575,19634,1340920,0.169789,45180,2553793,0.323364,7897587
2,2021-03-23,81514,3840686,42948,1897347,35764,1861459,2802,81880,53805,1242936,0.157382,27494,1368414,0.17327,57557,2611350,0.330652,7897587
2,2021-03-24,89677,3930363,48272,1945619,38356,1899815,3049,84929,53745,1265407,0.160227,35686,1404100,0.177788,58157,2669507,0.338016,7897587
2,2021-03-25,98463,4028826,49293,1994912,45439,1945254,3731,88660,56789,1285292,0.162745,41410,1445510,0.183032,61295,2730802,0.345777,7897587
2,2021-03-26,100574,4129400,49918,2044830,47255,1992509,3401,92061,56867,1303253,0.165019,43409,1488919,0.188528,61370,2792172,0.353547,7897587
2,2021-03-27,73682,4203082,36643,2081473,33789,2026298,3250,95311,38012,1309900,0.165861,35487,1524406,0.193022,42134,2834306,0.358883,7897587
2,2021-03-28,36725,4239807,22468,2103941,13454,2039752,803,96114,20740,1316285,0.166669,15896,1540302,0.195035,22281,2856587,0.361704,7897587
2,2021-03-29,69671,4309478,35521,2139462,31975,2071727,2175,98289,40873,1331574,0.168605,28655,1568957,0.198663,43944,2900531,0.367268,7897587
2,2021-03-30,89465,4398943,43538,2183000,41928,2113655,3999,102288,55109,1357093,0.171836,34204,1603161,0.202994,59723,2960254,0.37483,7897587
2,2021-03-31,98689,4497632,50792,2233792,43018,2156673,4879,107167,58350,1380577,0.17481,40135,1643296,0.208076,63619,3023873,0.382886,7897587
2,2021-04-01,113768,4611400,54754,2288546,50406,2207079,8608,115775,62670,1401467,0.177455,50871,1694167,0.214517,71761,3095634,0.391972,7897587
2,2021-04-02,108614,4720014,50135,2338681,48781,2255860,9698,125473,59273,1421884,0.18004,49049,1743216,0.220728,69466,3165100,0.400768,7897587
2,2021-04-03,74627,4794641,36606,2375287,28595,2284455,9426,134899,37395,1432160,0.181341,37070,1780286,0.225422,47346,3212446,0.406763,7897587
2,2021-04-04,28600,4823241,14707,2389994,10123,2294578,3770,138669,13161,1433802,0.181549,15373,1795659,0.227368,17015,3229461,0.408917,7897587
2,2021-04-05,77632,4900873,38235,2428229,30922,2325500,8475,147144,38250,1442174,0.182609,39272,1834931,0.232341,47644,3277105,0.41495,7897587
2,2021-04-06,101590,5002463,49576,2477805,37828,2363328,14186,161330,48904,1453506,0.184044,52474,1887405,0.238985,63806,3340911,0.423029,7897587
2,2021-04-07,108195,5110658,54211,2532016,38172,2401500,15812,177142,51831,1465876,0.185611,56151,1943556,0.246095,68521,3409432,0.431706,7897587
2,2021-04-08,116827,5227485,56399,2588415,42131,2443631,18297,195439,54739,1477731,0.187112,61853,2005409,0.253927,73708,3483140,0.441039,7897587
2,2021-04-09,115658,5343143,55919,2644334,42165,2485796,17574,213013,55342,1491738,0.188885,60052,2065461,0.261531,74059,3557199,0.450416,7897587
2,2021-04-10,84352,5427495,36901,2681235,29795,2515591,17656,230669,35113,1496223,0.189453,49084,2114545,0.267746,53569,3610768,0.457199,7897587
2,2021-04-11,43400,5470895,22327,2703562,12652,2528243,8421,239090,17759,1497871,0.189662,25558,2140103,0.270982,27206,3637974,0.460644,7897587
2,2021-04-12,78184,5549079,36467,2740029,32554,2560797,9163,248253,35275,1500622,0.19001,42702,2182805,0.276389,45453,3683427,0.466399,7897587
2,2021-04-13,99294,5648373,51216,2791245,47841,2608638,237,248490,54626,1512164,0.191472,44479,2227284,0.282021,56021,3739448,0.473492,7897587
2,2021-04-14,103714,5752087,54434,2845679,49234,2657872,46,248536,53691,1518064,0.192219,49821,2277105,0.288329,55721,3795169,0.480548,7897587
2,2021-04-15,109366,5861453,58159,2903838,51143,2709015,64,248600,57701,1526148,0.193242,51374,2328479,0.294834,59458,3854627,0.488077,7897587
2,2021-04-16,106856,5968309,55655,2959493,51151,2760166,50,248650,54731,1530049,0.193736,51896,2380375,0.301405,55797,3910424,0.495142,7897587
2,2021-04-17,78869,6047178,40531,3000024,38325,2798491,13,248663,43864,1540202,0.195022,34848,2415223,0.305818,45001,3955425,0.50084,7897587
2,2021-04-18,33354,6080532,19921,3019945,13430,2811921,3,248666,16236,1540605,0.195073,17042,2432265,0.307976,17445,3972870,0.503049,7897587
2,2021-04-19,72543,6153075,39331,3059276,33204,2845125,8,248674,33391,1535995,0.194489,38977,2471242,0.312911,34367,4007237,0.5074,7897587
2,2021-04-20,93622,6246697,46746,3106022,46861,2891986,15,248689,45962,1536260,0.194523,47437,2518679,0.318918,47702,4054939,0.51344,7897587
2,2021-04-21,97379,6344076,51735,3157757,45592,2937578,52,248741,46520,1534180,0.194259,50581,2569260,0.325322,48501,4103440,0.519581,7897587
2,2021-04-22,101922,6445998,52247,3210004,49657,2987235,18,248759,45516,1525921,0.193214,56121,2625381,0.332428,47862,4151302,0.525642,7897587
2,2021-04-23,102139,6548137,53940,3263944,48184,3035419,15,248774,47231,1521213,0.192617,54640,2680021,0.339347,49932,4201234,0.531964,7897587
2,2021-04-24,77688,6625825,46204,3310148,31448,3066867,36,248810,41057,1528115,0.193491,36440,2716461,0.343961,43342,4244576,0.537452,7897587
2,2021-04-25,35715,6661540,22092,3332240,13609,3080476,14,248824,19512,1532323,0.194024,16101,2732562,0.346,20309,4264885,0.540024,7897587
2,2021-04-26,64563,6726103,35837,3368077,28455,3108931,271,249095,29568,1530061,0.193738,34830,2767392,0.35041,32568,4297453,0.544148,7897587
2,2021-04-27,79144,6805247,41478,3409555,36561,3145492,1105,250200,34036,1523153,0.192863,44891,2812283,0.356094,37983,4335436,0.548957,7897587
2,2021-04-28,79223,6884470,41475,3451030,36019,3181511,1729,251929,34500,1517899,0.192198,44520,2856803,0.361731,39266,4374702,0.553929,7897587
2,2021-04-29,71511,6955981,37802,3488832,32307,3213818,1402,253331,27301,1505382,0.190613,44027,2900830,0.367306,31510,4406212,0.557919,7897587
2,2021-04-30,64731,7020712,35555,3524387,28175,3241993,1001,254332,23461,1491563,0.188863,41084,2941914,0.372508,27265,4433477,0.561371,7897587
2,2021-05-01,38863,7059575,24171,3548558,14011,3256004,681,255013,15435,1485624,0.188111,23311,2965225,0.37546,17372,4450849,0.563571,7897587
3,2020-12-15,303,303,303,303,0,0,0,0,303,303,3.9e-05,0,0,0.0,303,303,3.9e-05,7688185
3,2020-12-16,2205,2508,2205,2508,0,0,0,0,2205,2508,0.000326,0,0,0.0,2205,2508,0.000326,7688185
3,2020-12-17,7601,10109,7601,10109,0,0,0,0,7601,10109,0.001315,0,0,0.0,7601,10109,0.001315,7688185
3,2020-12-18,12806,22915,12795,22904,11,11,0,0,12805,22914,0.00298,0,0,0.0,12805,22914,0.00298,7688185
3,2020-12-19,7039,29954,7028,29932,11,22,0,0,7103,30017,0.003904,0,0,0.0,7103,30017,0.003904,7688185
3,2020-12-20,5487,35441,5479,35411,8,30,0,0,5533,35549,0.004624,1,1,0.0,5533,35550,0.004624,7688185
3,2020-12-21,14254,49695,14232,49643,22,52,0,0,14319,49867,0.006486,1,2,0.0,14319,49869,0.006486,7688185
3,2020-12-22,14622,64317,14054,63697,568,620,0,0,14661,64528,0.008393,0,2,0.0,14661,64530,0.008393,7688185
3,2020-12-23,14649,78966,12067,75764,2582,3202,0,0,14676,79204,0.010302,0,2,0.0,14676,79206,0.010302,7688185
3,2020-12-24,6757,85723,4851,80615,1906,5108,0,0,6755,85958,0.011181,1,3,0.0,6755,85961,0.011181,7688185
3,2020-12-25,718,86441,663,81278,55,5163,0,0,717,86675,0.011274,0,3,0.0,717,86678,0.011274,7688185
3,2020-12-26,4594,91035,2983,84261,1611,6774,0,0,4592,91267,0.011871,0,3,0.0,4592,91270,0.011871,7688185
3,2020-12-27,2950,93985,1832,86093,1118,7892,0,0,2951,94218,0.012255,0,3,0.0,2951,94221,0.012255,7688185
3,2020-12-28,13456,107441,8602,94695,4854,12746,0,0,13484,107701,0.014009,1,4,1e-06,13484,107705,0.014009,7688185
3,2020-12-29,14887,122328,8419,103114,6468,19214,0,0,14917,122616,0.015949,2,6,1e-06,14917,122622,0.015949,7688185
3,2020-12-30,17924,140252,10040,113154,7884,27098,0,0,17914,140530,0.018279,0,6,1e-06,17914,140536,0.018279,7688185
3,2020-12-31,8306,148558,3204,116358,5102,32200,0,0,8306,148835,0.019359,1,7,1e-06,8306,148842,0.01936,7688185
3,2021-01-01,1149,149707,520,116878,629,32829,0,0,1146,149981,0.019508,0,7,1e-06,1146,149988,0.019509,7688185
3,2021-01-02,4978,154685,2463,119341,2515,35344,0,0,4978,154959,0.020155,0,7,1e-06,4978,154966,0.020156,7688185
3,2021-01-03,1591,156276,838,120179,753,36097,0,0,1582,156537,0.020361,4,11,1e-06,1582,156548,0.020362,7688185
3,2021-01-04,11950,168226,5985,126164,5965,42062,0,0,11924,168454,0.021911,7,18,2e-06,11924,168472,0.021913,7688185
3,2021-01-05,15555,183781,8024,134188,7531,49593,0,0,13955,180848,0.023523,1585,1603,0.000209,13979,182451,0.023731,7688185
3,2021-01-06,20036,203817,10503,144691,9533,59126,0,0,15796,192450,0.025032,4200,5803,0.000755,15802,198253,0.025787,7688185
3,2021-01-07,26000,229817,14811,159502,11189,70315,0,0,16966,200421,0.026069,9008,14811,0.001926,16979,215232,0.027995,7688185
3,2021-01-08,29895,259712,18335,177837,11560,81875,0,0,17815,206197,0.02682,12059,26870,0.003495,17835,233067,0.030315,7688185
3,2021-01-09,12011,271723,6769,184606,5242,87117,0,0,7712,209619,0.027265,4295,31165,0.004054,7717,240784,0.031319,7688185
3,2021-01-10,7151,278874,4466,189072,2685,89802,0,0,4008,210490,0.027378,3141,34306,0.004462,4012,244796,0.031841,7688185
3,2021-01-11,28618,307492,18715,207787,9903,99705,0,0,16176,214273,0.02787,12436,46742,0.00608,16219,261015,0.03395,7688185
3,2021-01-12,31847,339339,19036,226823,12811,112516,0,0,19482,221490,0.028809,12348,59090,0.007686,19565,280580,0.036495,7688185
3,2021-01-13,34261,373600,17948,244771,16313,128829,0,0,24183,235611,0.030646,10078,69168,0.008997,24199,304779,0.039643,7688185
3,2021-01-14,34243,407843,14078,258849,20165,148994,0,0,28394,258218,0.033586,5818,74986,0.009753,28425,333204,0.04334,7688185
3,2021-01-15,38503,446346,14394,273243,24109,173103,0,0,33915,287610,0.037409,4579,79565,0.010349,33971,367175,0.047758,7688185
3,2021-01-16,21735,468081,7604,280847,14131,187234,0,0,19435,304779,0.039643,2287,81852,0.010646,19456,386631,0.050289,7688185
3,2021-01-17,13101,481182,4465,285312,8636,195870,0,0,12079,315854,0.041083,1022,82874,0.010779,12097,398728,0.051862,7688185
3,2021-01-18,24520,505702,12752,298064,11768,207638,0,0,19040,329435,0.04285,5498,88372,0.011495,19079,417807,0.054344,7688185
3,2021-01-19,40635,546337,20746,318810,19889,227527,0,0,31621,352144,0.045803,8990,97362,0.012664,31699,449506,0.058467,7688185
3,2021-01-20,44516,590853,21847,340657,22669,250196,0,0,35290,378323,0.049208,9184,106546,0.013858,35363,484869,0.063067,7688185
3,2021-01-21,46900,637753,20163,360820,26737,276933,0,0,41528,414611,0.053928,5302,111848,0.014548,41590,526459,0.068476,7688185
3,2021-01-22,49092,686845,19567,380387,29525,306458,0,0,45002,455578,0.059257,4101,115949,0.015081,45068,571527,0.074338,7688185
3,2021-01-23,29944,716789,12700,393087,17244,323702,0,0,26638,478963,0.062299,3295,119244,0.01551,26680,598207,0.077809,7688185
3,2021-01-24,17598,734387,8482,401569,9116,332818,0,0,16452,494296,0.064293,1142,120386,0.015659,16475,614682,0.079952,7688185
3,2021-01-25,40186,774573,17985,419554,22201,355019,0,0,30399,515005,0.066987,9771,130157,0.016929,30480,645162,0.083916,7688185
3,2021-01-26,46438,821011,22146,441700,24292,379311,0,0,36532,541737,0.070464,9901,140058,0.018217,36633,681795,0.088681,7688185
3,2021-01-27,50306,871317,24424,466124,25882,405193,0,0,39855,571284,0.074307,10375,150433,0.019567,39922,721717,0.093874,7688185
3,2021-01-28,51218,922535,23771,489895,27447,432640,0,0,42445,605082,0.078703,8691,159124,0.020697,42489,764206,0.0994,7688185
3,2021-01-29,50086,972621,24116,514011,25970,458610,0,0,40687,636600,0.082802,9213,168337,0.021896,40731,804937,0.104698,7688185
3,2021-01-30,36563,1009184,17342,531353,19221,477831,0,0,32032,664226,0.086396,4483,172820,0.022479,32109,837046,0.108874,7688185
3,2021-01-31,22183,1031367,12805,544158,9378,487209,0,0,20715,683497,0.088902,1459,174279,0.022668,20730,857776,0.111571,7688185
3,2021-02-01,44702,1076069,20154,564312,24548,511757,0,0,34613,708098,0.092102,10048,184327,0.023975,34649,892425,0.116077,7688185
3,2021-02-02,54023,1130092,22805,587117,31218,542975,0,0,41362,736931,0.095852,12576,196903,0.025611,41409,933834,0.121464,7688185
3,2021-02-03,59464,1189556,26497,613614,32967,575942,0,0,44381,766441,0.099691,14932,211835,0.027553,44442,978276,0.127244,7688185
3,2021-02-04,63864,1253420,27769,641383,36095,612037,0,0,46917,796702,0.103627,16758,228593,0.029733,47019,1025295,0.13336,7688185
3,2021-02-05,69655,1323075,29680,671063,39975,652012,0,0,48301,824028,0.107181,21146,249739,0.032483,48472,1073767,0.139665,7688185
3,2021-02-06,43389,1366464,21129,692192,22260,674272,0,0,33701,848254,0.110332,9660,259399,0.03374,33886,1107653,0.144072,7688185
3,2021-02-07,19383,1385847,12265,704457,7118,681390,0,0,14920,858847,0.11171,4452,263851,0.034319,15045,1122698,0.146029,7688185
3,2021-02-08,50634,1436481,24389,728846,26245,707635,0,0,33305,875123,0.113827,17212,281063,0.036558,33488,1156186,0.150385,7688185
3,2021-02-09,57958,1494439,28212,757058,29746,737381,0,0,34098,885869,0.115225,23692,304755,0.039639,34438,1190624,0.154864,7688185
3,2021-02-10,67245,1561684,31285,788343,35960,773341,0,0,36586,892544,0.116093,30430,335185,0.043597,37105,1227729,0.15969,7688185
3,2021-02-11,69815,1631499,34429,822772,35386,808727,0,0,37763,899111,0.116947,31721,366906,0.047723,38288,1266017,0.16467,7688185
3,2021-02-12,74479,1705978,32224,854996,42255,850982,0,0,41332,908323,0.118145,32873,399779,0.051999,42085,1308102,0.170144,7688185
3,2021-02-13,44411,1750389,20183,875179,24228,875210,0,0,25634,915906,0.119132,18632,418411,0.054423,26215,1334317,0.173554,7688185
3,2021-02-14,27037,1777426,13516,888695,13521,888731,0,0,15136,919646,0.119618,11857,430268,0.055965,15597,1349914,0.175583,7688185
3,2021-02-15,39530,1816956,17070,905765,22460,911191,0,0,21918,924983,0.120312,17530,447798,0.058245,22867,1372781,0.178557,7688185
3,2021-02-16,69072,1886028,32690,938455,36382,947573,0,0,36138,929354,0.120881,32811,480609,0.062513,37182,1409963,0.183393,7688185
3,2021-02-17,70699,1956727,35857,974312,34842,982415,0,0,33784,927520,0.120642,36721,517330,0.067289,34887,1444850,0.187931,7688185
3,2021-02-18,75793,2032520,39651,1013963,36142,1018557,0,0,35583,924376,0.120233,40093,557423,0.072504,36949,1481799,0.192737,7688185
3,2021-02-19,67757,2100277,39102,1053065,28655,1047212,0,0,34412,926224,0.120474,33256,590679,0.076829,35104,1516903,0.197303,7688185
3,2021-02-20,41188,2141465,26010,1079075,15178,1062390,0,0,21895,929405,0.120887,19210,609889,0.079328,22391,1539294,0.200216,7688185
3,2021-02-21,19509,2160974,15784,1094859,3725,1066115,0,0,9213,928813,0.12081,10233,620122,0.080659,9641,1548935,0.20147,7688185
3,2021-02-22,44607,2205581,29070,1123929,15537,1081652,0,0,21175,927179,0.120598,23356,643478,0.083697,21722,1570657,0.204295,7688185
3,2021-02-23,59457,2265038,32277,1156206,27180,1108832,0,0,26279,922433,0.119981,33058,676536,0.087997,28312,1598969,0.207977,7688185
3,2021-02-24,75692,2340730,36946,1193152,38746,1147578,0,0,33942,917337,0.119318,41594,718130,0.093407,36498,1635467,0.212725,7688185
3,2021-02-25,84055,2424785,40420,1233572,43635,1191213,0,0,42188,920486,0.119727,41661,759791,0.098826,44810,1680277,0.218553,7688185
3,2021-02-26,94664,2519449,43105,1276677,51559,1242772,0,0,50539,929389,0.120885,43823,803614,0.104526,52726,1733003,0.225411,7688185
3,2021-02-27,66280,2585729,29991,1306668,36286,1279058,3,3,35178,934932,0.121606,30944,834558,0.108551,36487,1769490,0.230157,7688185
3,2021-02-28,37366,2623095,21657,1328325,15708,1294766,1,4,19442,937584,0.121951,17791,852349,0.110865,20443,1789933,0.232816,7688185
3,2021-03-01,64892,2687987,34335,1362660,30547,1325313,10,14,36330,946911,0.123164,28422,880771,0.114562,37749,1827682,0.237726,7688185
3,2021-03-02,74104,2762091,35344,1398004,38758,1364071,2,16,42888,960808,0.124972,31106,911877,0.118608,45003,1872685,0.24358,7688185
3,2021-03-03,86613,2848704,41128,1439132,45473,1409544,12,28,48307,973310,0.126598,38148,950025,0.123569,50650,1923335,0.250168,7688185
3,2021-03-04,91178,2939882,44568,1483700,46595,1456139,15,43,51958,988564,0.128582,39044,989069,0.128648,54298,1977633,0.25723,7688185
3,2021-03-05,87083,3026965,42335,1526035,44461,1500600,287,330,53105,1010458,0.13143,33777,1022846,0.133041,55671,2033304,0.264471,7688185
3,2021-03-06,63707,3090672,31999,1558034,29576,1530176,2132,2462,36512,1023577,0.133136,27078,1049924,0.136563,40197,2073501,0.2697,7688185
3,2021-03-07,36326,3126998,21447,1579481,13776,1543952,1103,3565,20824,1031611,0.134181,15460,1065384,0.138574,23494,2096995,0.272756,7688185
3,2021-03-08,57610,3184608,27287,1606768,27514,1571466,2809,6374,36521,1051545,0.136774,20992,1086376,0.141305,40926,2137921,0.278079,7688185
3,2021-03-09,69944,3254552,29630,1636398,36000,1607466,4314,10688,36376,1060505,0.13794,33476,1119852,0.145659,42436,2180357,0.283598,7688185
3,2021-03-10,79703,3334255,39288,1675686,34510,1641976,5905,16593,41326,1071423,0.13936,38221,1158073,0.15063,49139,2229496,0.28999,7688185
3,2021-03-11,94828,3429083,46229,1721915,40193,1682169,8406,24999,46745,1080212,0.140503,47871,1205944,0.156857,56660,2286156,0.29736,7688185
3,2021-03-12,99979,3529062,44516,1766431,43720,1725889,11743,36742,45883,1085064,0.141134,53925,1259869,0.163871,58777,2344933,0.305005,7688185
3,2021-03-13,68355,3597417,28890,1795321,32351,1758240,7114,43856,36058,1097421,0.142741,32208,1292077,0.16806,44565,2389498,0.310801,7688185
3,2021-03-14,40139,3637556,21096,1816417,15582,1773822,3461,47317,21864,1105243,0.143759,18223,1310300,0.17043,26045,2415543,0.314189,7688185
3,2021-03-15,74260,3711816,35214,1851631,34581,1808403,4465,51782,39528,1115653,0.145113,34587,1344887,0.174929,44997,2460540,0.320042,7688185
3,2021-03-16,93641,3805457,43106,1894737,46304,1854707,4231,56013,53464,1134414,0.147553,40000,1384887,0.180132,58761,2519301,0.327685,7688185
3,2021-03-17,96120,3901577,46698,1941435,45052,1899759,4370,60383,58950,1161469,0.151072,37002,1421889,0.184945,64057,2583358,0.336017,7688185
3,2021-03-18,100633,4002210,50678,1992113,45633,1945392,4322,64705,59053,1184301,0.154042,41376,1463265,0.190326,64208,2647566,0.344368,7688185
3,2021-03-19,100573,4102783,53580,2045693,42616,1988008,4377,69082,57343,1203677,0.156562,43028,1506293,0.195923,62404,2709970,0.352485,7688185
3,2021-03-20,70164,4172947,36154,2081847,30465,2018473,3545,72627,44416,1226655,0.159551,25603,1531896,0.199253,48581,2758551,0.358804,7688185
3,2021-03-21,35308,4208255,23992,2105839,9859,2028332,1457,74084,22982,1239637,0.161239,12273,1544169,0.20085,25255,2783806,0.362089,7688185
3,2021-03-22,68688,4276943,40290,2146129,25970,2054302,2428,76512,45057,1264768,0.164508,23481,1567650,0.203904,48612,2832418,0.368412,7688185
3,2021-03-23,87976,4364919,48363,2194492,37202,2091504,2411,78923,57178,1294521,0.168378,30601,1598251,0.207884,60354,2892772,0.376262,7688185
3,2021-03-24,97101,4462020,56062,2250554,38300,2129804,2739,81662,56823,1314963,0.171037,39999,1638250,0.213087,60441,2953213,0.384124,7688185
3,2021-03-25,104702,4566722,58157,2308711,43718,2173522,2827,84489,60507,1335023,0.173646,43942,1682192,0.218802,64002,3017215,0.392448,7688185
3,2021-03-26,108010,4674732,57964,2366675,46863,2220385,3183,87672,57688,1346696,0.175164,50087,1732279,0.225317,61760,3078975,0.400481,7688185
3,2021-03-27,72936,4747668,36968,2403643,33451,2253836,2517,90189,36580,1350283,0.175631,36193,1768472,0.230025,39780,3118755,0.405656,7688185
3,2021-03-28,43160,4790828,27102,2430745,15258,2269094,800,90989,23095,1354691,0.176204,19987,1788459,0.232624,24395,3143150,0.408829,7688185
3,2021-03-29,79291,4870119,41503,2472248,36025,2305119,1763,92752,44965,1368078,0.177946,34140,1822599,0.237065,47527,3190677,0.41501,7688185
3,2021-03-30,98202,4968321,48312,2520560,46384,2351503,3506,96258,59598,1393391,0.181238,38402,1861001,0.24206,63715,3254392,0.423298,7688185
3,2021-03-31,103017,5071338,55597,2576157,42713,2394216,4707,100965,57147,1409873,0.183382,45723,1906724,0.248007,62205,3316597,0.431389,7688185
3,2021-04-01,120289,5191627,60652,2636809,50351,2444567,9286,110251,65702,1430863,0.186112,54369,1961093,0.255079,75359,3391956,0.441191,7688185
3,2021-04-02,115366,5306993,56459,2693268,49018,2493585,9889,120140,61657,1449421,0.188526,53504,2014597,0.262038,72062,3464018,0.450564,7688185
3,2021-04-03,74458,5381451,37999,2731267,27520,2521105,8939,129079,37443,1459300,0.189811,36911,2051508,0.266839,46790,3510808,0.45665,7688185
3,2021-04-04,31976,5413427,17086,2748353,10779,2531884,4111,133190,14294,1460139,0.18992,17631,2069139,0.269132,18470,3529278,0.459052,7688185
3,2021-04-05,87584,5501011,44510,2792863,34216,2566100,8858,142048,43469,1469379,0.191122,43970,2113109,0.274851,53210,3582488,0.465973,7688185
3,2021-04-06,111538,5612549,54499,2847362,42177,2608277,14862,156910,53174,1480105,0.192517,58156,2171265,0.282416,68882,3651370,0.474933,7688185
3,2021-04-07,114201,5726750,59417,2906779,38876,2647153,15908,172818,55910,1494373,0.194373,58092,2229357,0.289972,72360,3723730,0.484344,7688185
3,2021-04-08,119398,5846148,59841,2966620,39846,2686999,19711,192529,55924,1507622,0.196096,63242,2292599,0.298198,76491,3800221,0.494294,7688185
3,2021-04-09,115425,5961573,57756,3024376,39038,2726037,18631,211160,51284,1514638,0.197009,63953,2356552,0.306516,70969,3871190,0.503525,7688185
3,2021-04-10,81832,6043405,37190,3061566,29744,2755781,14898,226058,33565,1515913,0.197174,48130,2404682,0.312776,49405,3920595,0.509951,7688185
3,2021-04-11,44116,6087521,23613,3085179,12631,2768412,7872,233930,16770,1514270,0.196961,27268,2431950,0.316323,25625,3946220,0.513284,7688185
3,2021-04-12,82320,6169841,41819,3126998,32028,2800440,8473,242403,37765,1517205,0.197342,44387,2476337,0.322096,47322,3993542,0.519439,7688185
3,2021-04-13,103351,6273192,55894,3182892,47254,2847694,203,242606,54704,1524732,0.198321,48477,2524814,0.328402,56004,4049546,0.526723,7688185
3,2021-04-14,104215,6377407,57076,3239968,47049,2894743,90,242696,52666,1528024,0.19875,51317,2576131,0.335077,54609,4104155,0.533826,7688185
3,2021-04-15,115151,6492558,64847,3304815,50252,2944995,52,242748,62307,1539006,0.200178,52614,2628745,0.34192,63596,4167751,0.542098,7688185
3,2021-04-16,112267,6604825,63024,3367839,49155,2994150,88,242836,59140,1546128,0.201104,52897,2681642,0.3488,60019,4227770,0.549905,7688185
3,2021-04-17,75939,6680764,41689,3409528,34239,3028389,11,242847,42047,1555586,0.202335,33758,2715400,0.353191,43216,4270986,0.555526,7688185
3,2021-04-18,36444,6717208,21534,3431062,14906,3043295,4,242851,17375,1554968,0.202254,18998,2734398,0.355662,18380,4289366,0.557917,7688185
3,2021-04-19,77290,6794498,43302,3474364,33938,3077233,50,242901,35173,1549093,0.20149,41983,2776381,0.361123,36108,4325474,0.562613,7688185
3,2021-04-20,97116,6891614,50295,3524659,46813,3124046,8,242909,47523,1548926,0.201468,49435,2825816,0.367553,49268,4374742,0.569021,7688185
3,2021-04-21,99759,6991373,55033,3579692,44667,3168713,59,242968,47481,1546059,0.201095,52037,2877853,0.374322,49170,4423912,0.575417,7688185
3,2021-04-22,104983,7096356,58566,3638258,46399,3215112,18,242986,46259,1535767,0.199757,58473,2936326,0.381927,48181,4472093,0.581684,7688185
3,2021-04-23,101198,7197554,57495,3695753,43683,3258795,20,243006,44481,1526629,0.198568,56437,2992763,0.389268,47299,4519392,0.587836,7688185
3,2021-04-24,71541,7269095,44535,3740288,26950,3285745,56,243062,35039,1527447,0.198675,36292,3029055,0.393988,37110,4556502,0.592663,7688185
3,2021-04-25,35670,7304765,22980,3763268,12677,3298422,13,243075,18287,1529071,0.198886,17286,3046341,0.396237,18910,4575412,0.595123,7688185
3,2021-04-26,63613,7368378,35565,3798833,27701,3326123,347,243422,26888,1522100,0.197979,36537,3082878,0.400989,29566,4604978,0.598968,7688185
3,2021-04-27,80891,7449269,42161,3840994,37364,3363487,1366,244788,32306,1509663,0.196361,48369,3131247,0.40728,35932,4640910,0.603642,7688185
3,2021-04-28,77828,7527097,43339,3884333,32534,3396021,1955,246743,31401,1498787,0.194947,46241,3177488,0.413295,35365,4676275,0.608242,7688185
3,2021-04-29,69802,7596899,38852,3923185,29040,3425061,1910,248653,24055,1481396,0.192685,45567,3223055,0.419222,28176,4704451,0.611907,7688185
3,2021-04-30,57702,7654601,32500,3955685,24153,3449214,1049,249702,20323,1467355,0.190858,37241,3260296,0.424066,23200,4727651,0.614924,7688185
3,2021-05-01,30609,7685210,19896,3975581,10313,3459527,400,250102,11058,1460086,0.189913,19476,3279772,0.426599,12207,4739858,0.616512,7688185
4,2020-12-15,444,444,444,444,0,0,0,0,444,444,5.9e-05,0,0,0.0,444,444,5.9e-05,7584050
4,2020-12-16,2955,3399,2955,3399,0,0,0,0,2955,3399,0.000448,0,0,0.0,2955,3399,0.000448,7584050
4,2020-12-17,8519,11918,8519,11918,0,0,0,0,8519,11918,0.001571,0,0,0.0,8519,11918,0.001571,7584050
4,2020-12-18,15372,27290,15363,27281,9,9,0,0,15372,27290,0.003598,0,0,0.0,15372,27290,0.003598,7584050
4,2020-12-19,10229,37519,10222,37503,7,16,0,0,10164,37454,0.004939,0,0,0.0,10164,37454,0.004939,7584050
4,2020-12-20,7361,44880,7349,44852,12,28,0,0,7316,44770,0.005903,0,0,0.0,7316,44770,0.005903,7584050
4,2020-12-21,16272,61152,16249,61101,23,51,0,0,16205,60975,0.00804,0,0,0.0,16205,60975,0.00804,7584050
4,2020-12-22,17088,78240,16356,77457,732,783,0,0,17044,78019,0.010287,0,0,0.0,17044,78019,0.010287,7584050
4,2020-12-23,16895,95135,14213,91670,2682,3465,0,0,16866,94885,0.012511,0,0,0.0,16866,94885,0.012511,7584050
4,2020-12-24,8530,103665,5953,97623,2577,6042,0,0,8530,103415,0.013636,0,0,0.0,8530,103415,0.013636,7584050
4,2020-12-25,897,104562,793,98416,104,6146,0,0,897,104312,0.013754,0,0,0.0,897,104312,0.013754,7584050
4,2020-12-26,6161,110723,3861,102277,2300,8446,0,0,6161,110473,0.014566,0,0,0.0,6161,110473,0.014566,7584050
4,2020-12-27,3414,114137,1996,104273,1418,9864,0,0,3414,113887,0.015017,0,0,0.0,3414,113887,0.015017,7584050
4,2020-12-28,14945,129082,9231,113504,5714,15578,0,0,14915,128801,0.016983,1,1,0.0,14915,128802,0.016983,7584050
4,2020-12-29,15223,144305,8427,121931,6796,22374,0,0,15189,143990,0.018986,0,1,0.0,15189,143991,0.018986,7584050
4,2020-12-30,18853,163158,11060,132991,7793,30167,0,0,18842,162830,0.02147,2,3,0.0,18842,162833,0.02147,7584050
4,2020-12-31,8178,171336,3313,136304,4865,35032,0,0,8173,171001,0.022547,2,5,1e-06,8173,171006,0.022548,7584050
4,2021-01-01,1193,172529,500,136804,693,35725,0,0,1191,172190,0.022704,2,7,1e-06,1191,172197,0.022705,7584050
4,2021-01-02,5645,178174,3188,139992,2457,38182,0,0,5644,177833,0.023448,1,8,1e-06,5644,177841,0.023449,7584050
4,2021-01-03,2107,180281,1249,141241,858,39040,0,0,2093,179922,0.023724,4,12,2e-06,2093,179934,0.023725,7584050
4,2021-01-04,12926,193207,7051,148292,5875,44915,0,0,12877,192767,0.025417,32,44,6e-06,12877,192811,0.025423,7584050
4,2021-01-05,16701,209908,9861,158153,6840,51755,0,0,14678,205454,0.02709,2002,2046,0.00027,14689,207500,0.02736,7584050
4,2021-01-06,21447,231355,13156,171309,8291,60046,0,0,15614,215299,0.028388,5780,7826,0.001032,15625,223125,0.02942,7584050
4,2021-01-07,27726,259081,16911,188220,10815,70861,0,0,16959,221559,0.029214,10712,18538,0.002444,16972,240097,0.031658,7584050
4,2021-01-08,32554,291635,20910,209130,11644,82505,0,0,18428,225944,0.029792,14058,32596,0.004298,18443,258540,0.03409,7584050
4,2021-01-09,16031,307666,9469,218599,6562,89067,0,0,9381,228707,0.030156,6629,39225,0.005172,9392,267932,0.035328,7584050
4,2021-01-10,8698,316364,5625,224224,3073,92140,0,0,4093,228224,0.030093,4584,43809,0.005776,4101,272033,0.035869,7584050
4,2021-01-11,33219,349583,21758,245982,11461,103601,0,0,18743,232568,0.030665,14436,58245,0.00768,18780,290813,0.038345,7584050
4,2021-01-12,37989,387572,21799,267781,16190,119791,0,0,23977,242620,0.031991,13963,72208,0.009521,24015,314828,0.041512,7584050
4,2021-01-13,38343,425915,18872,286653,19471,139262,0,0,27175,258705,0.034112,11114,83322,0.010986,27199,342027,0.045098,7584050
4,2021-01-14,38776,464691,14773,301426,24003,163265,0,0,31744,283490,0.03738,6985,90307,0.011907,31770,373797,0.049287,7584050
4,2021-01-15,45016,509707,15583,317009,29433,192698,0,0,39510,317568,0.041873,5451,95758,0.012626,39529,413326,0.054499,7584050
4,2021-01-16,28503,538210,9327,326336,19176,211874,0,0,25406,339927,0.044821,3061,98819,0.01303,25420,438746,0.057851,7584050
4,2021-01-17,18931,557141,6639,332975,12292,224166,0,0,17423,355881,0.046925,1483,100302,0.013225,17437,456183,0.06015,7584050
4,2021-01-18,29110,586251,13366,346341,15744,239910,0,0,23164,373228,0.049212,5848,106150,0.013996,23195,479378,0.063209,7584050
4,2021-01-19,45948,632199,23164,369505,22784,262694,0,0,36661,400730,0.052839,9230,115380,0.015214,36732,516110,0.068052,7584050
4,2021-01-20,51175,683374,27024,396529,24151,286845,0,0,40835,431369,0.056878,10246,125626,0.016565,40885,556995,0.073443,7584050
4,2021-01-21,55948,739322,24677,421206,31271,318116,0,0,49644,474811,0.062607,6243,131869,0.017388,49685,606680,0.079994,7584050
4,2021-01-22,54712,794034,21953,443159,32759,350875,0,0,49654,519534,0.068504,4961,136830,0.018042,49684,656364,0.086545,7584050
4,2021-01-23,39346,833380,17394,460553,21952,372827,0,0,35065,550352,0.072567,4275,141105,0.018605,35093,691457,0.091173,7584050
4,2021-01-24,23875,857255,10483,471036,13392,386219,0,0,22014,570528,0.075227,1853,142958,0.01885,22029,713486,0.094077,7584050
4,2021-01-25,47509,904764,21955,492991,25554,411773,0,0,36528,596157,0.078607,10954,153912,0.020294,36583,750069,0.098901,7584050
4,2021-01-26,56151,960915,28650,521641,27501,439274,0,0,44129,628375,0.082855,11967,165879,0.021872,44185,794254,0.104727,7584050
4,2021-01-27,55073,1015988,26626,548267,28447,467721,0,0,44167,661821,0.087265,10771,176650,0.023292,44217,838471,0.110557,7584050
4,2021-01-28,56014,1072002,25282,573549,30732,498453,0,0,46184,698305,0.092075,9741,186391,0.024577,46225,884696,0.116652,7584050
4,2021-01-29,55964,1127966,26904,600453,29060,527513,0,0,45736,733983,0.09678,10084,196475,0.025906,45762,930458,0.122686,7584050
4,2021-01-30,37444,1165410,17049,617502,20395,547908,0,0,32220,761050,0.100349,5177,201652,0.026589,32244,962702,0.126938,7584050
4,2021-01-31,23761,1189171,12483,629985,11278,559186,0,0,22171,781661,0.103066,1574,203226,0.026797,22185,984887,0.129863,7584050
4,2021-02-01,48078,1237249,22678,652663,25400,584586,0,0,37839,809327,0.106714,10214,213440,0.028143,37880,1022767,0.134858,7584050
4,2021-02-02,55749,1292998,26302,678965,29447,614033,0,0,42099,837949,0.110488,13518,226958,0.029926,42140,1064907,0.140414,7584050
4,2021-02-03,61659,1354657,30299,709264,31360,645393,0,0,47532,871519,0.114915,14017,240975,0.031774,47587,1112494,0.146689,7584050
4,2021-02-04,67124,1421781,31295,740559,35829,681222,0,0,50587,905827,0.119438,16381,257356,0.033934,50689,1163183,0.153372,7584050
4,2021-02-05,72530,1494311,33615,774174,38915,720137,0,0,50712,935094,0.123297,21576,278932,0.036779,50843,1214026,0.160076,7584050
4,2021-02-06,47921,1542232,25941,800115,21980,742117,0,0,36532,960466,0.126643,11361,290293,0.038277,36733,1250759,0.16492,7584050
4,2021-02-07,26226,1568458,17300,817415,8926,751043,0,0,19881,974270,0.128463,6311,296604,0.039109,20115,1270874,0.167572,7584050
4,2021-02-08,58035,1626493,29793,847208,28242,779285,0,0,37823,992266,0.130836,20083,316687,0.041757,38079,1308953,0.172593,7584050
4,2021-02-09,66734,1693227,33984,881192,32750,812035,0,0,39268,1004529,0.132453,27403,344090,0.04537,39666,1348619,0.177823,7584050
4,2021-02-10,76787,1770014,38451,919643,38336,850371,0,0,41043,1010591,0.133252,35515,379605,0.050053,41577,1390196,0.183305,7584050
4,2021-02-11,80500,1850514,41972,961615,38528,888899,0,0,41832,1014622,0.133784,38458,418063,0.055124,42489,1432685,0.188908,7584050
4,2021-02-12,83669,1934183,37488,999103,46181,935080,0,0,43270,1018440,0.134287,40233,458296,0.060429,44051,1476736,0.194716,7584050
4,2021-02-13,58237,1992420,29528,1028631,28709,963789,0,0,29776,1020753,0.134592,28350,486646,0.064167,30663,1507399,0.198759,7584050
4,2021-02-14,36570,2028990,19011,1047642,17559,981348,0,0,18797,1022486,0.134821,17734,504380,0.066505,19467,1526866,0.201326,7584050
4,2021-02-15,45761,2074751,21460,1069102,24301,1005649,0,0,23604,1025192,0.135177,22091,526471,0.069418,24797,1551663,0.204596,7584050
4,2021-02-16,79227,2153978,36244,1105346,42983,1048632,0,0,40555,1028420,0.135603,38585,565056,0.074506,41813,1593476,0.210109,7584050
4,2021-02-17,80180,2234158,37862,1143208,42318,1090950,0,0,38470,1026493,0.135349,41560,606616,0.079986,39633,1633109,0.215335,7584050
4,2021-02-18,82294,2316452,45344,1188552,36950,1127900,0,0,38370,1022567,0.134831,43791,650407,0.08576,39865,1672974,0.220591,7584050
4,2021-02-19,81470,2397922,51253,1239805,30217,1158117,0,0,40927,1023773,0.13499,40414,690821,0.091089,41620,1714594,0.226079,7584050
4,2021-02-20,48082,2446004,32091,1271896,15991,1174108,0,0,26360,1029148,0.135699,21677,712498,0.093947,27052,1741646,0.229646,7584050
4,2021-02-21,25554,2471558,19979,1291875,5575,1179683,0,0,11610,1027187,0.13544,13890,726388,0.095778,11929,1753575,0.231219,7584050
4,2021-02-22,52047,2523605,35816,1327691,16231,1195914,0,0,25358,1026443,0.135342,26609,752997,0.099287,25865,1779440,0.234629,7584050
4,2021-02-23,72203,2595808,39808,1367499,32395,1228309,0,0,31800,1019671,0.134449,40299,793296,0.104601,33527,1812967,0.23905,7584050
4,2021-02-24,87323,2683131,45908,1413407,41415,1269724,0,0,39634,1013975,0.133698,47509,840805,0.110865,41813,1854780,0.244563,7584050
4,2021-02-25,97537,2780668,50629,1464036,46908,1316632,0,0,46822,1012806,0.133544,50572,891377,0.117533,49403,1904183,0.251077,7584050
4,2021-02-26,103710,2884378,52232,1516268,51478,1368110,0,0,53635,1018911,0.134349,49864,941241,0.124108,55969,1960152,0.258457,7584050
4,2021-02-27,74609,2958987,40327,1556595,34276,1402386,6,6,39911,1025718,0.135247,34588,975829,0.128669,41395,2001547,0.263915,7584050
4,2021-02-28,44831,3003818,27768,1584363,17062,1419448,1,7,25017,1031980,0.136072,19696,995525,0.131266,25958,2027505,0.267338,7584050
4,2021-03-01,74283,3078101,43363,1627726,30910,1450358,10,17,41138,1041417,0.137317,32960,1028485,0.135612,42397,2069902,0.272928,7584050
4,2021-03-02,80301,3158402,44781,1672507,35517,1485875,3,20,47133,1057358,0.139419,33035,1061520,0.139967,48976,2118878,0.279386,7584050
4,2021-03-03,97726,3256128,51558,1724065,46161,1532036,7,27,54386,1070408,0.141139,43170,1104690,0.14566,56220,2175098,0.286799,7584050
4,2021-03-04,95259,3351387,52834,1776899,42413,1574449,12,39,52357,1081872,0.142651,42718,1147408,0.151292,54182,2229280,0.293943,7584050
4,2021-03-05,92159,3443546,49293,1826192,42558,1617007,308,347,54607,1101358,0.14522,37390,1184798,0.156222,56876,2286156,0.301443,7584050
4,2021-03-06,74719,3518265,41855,1868047,30265,1647272,2599,2946,45725,1122230,0.147972,28900,1213698,0.160033,49772,2335928,0.308005,7584050
4,2021-03-07,41272,3559537,26162,1894209,13965,1661237,1145,4091,24520,1132452,0.14932,16703,1230401,0.162235,26925,2362853,0.311556,7584050
4,2021-03-08,64901,3624438,33636,1927845,28101,1689338,3164,7255,42687,1157532,0.152627,22116,1252517,0.165151,47196,2410049,0.317779,7584050
4,2021-03-09,73469,3697907,33998,1961843,34390,1723728,5081,12336,38093,1166808,0.15385,35237,1287754,0.169798,44513,2454562,0.323648,7584050
4,2021-03-10,87788,3785695,44534,2006377,35913,1759641,7341,19677,43993,1175698,0.155022,43654,1331408,0.175554,52544,2507106,0.330576,7584050
4,2021-03-11,99311,3885006,52259,2058636,38833,1798474,8219,27896,46065,1178247,0.155359,53065,1384473,0.182551,55614,2562720,0.337909,7584050
4,2021-03-12,103107,3988113,50804,2109440,42144,1840618,10159,38055,44183,1174831,0.154908,58717,1443190,0.190293,55301,2618021,0.345201,7584050
4,2021-03-13,79662,4067775,37042,2146482,34326,1874944,8294,46349,37495,1179728,0.155554,42062,1485252,0.195839,46959,2664980,0.351393,7584050
4,2021-03-14,48899,4116674,27825,2174307,17502,1892446,3572,49921,25142,1185402,0.156302,23688,1508940,0.198962,29362,2694342,0.355264,7584050
4,2021-03-15,82815,4199489,44318,2218625,34312,1926758,4185,54106,42816,1193440,0.157362,39812,1548752,0.204212,47850,2742192,0.361574,7584050
4,2021-03-16,106356,4305845,55182,2273807,47829,1974587,3345,57451,57188,1205862,0.159,48972,1597724,0.210669,61394,2803586,0.369669,7584050
4,2021-03-17,104764,4410609,56336,2330143,45059,2019646,3369,60820,61829,1228950,0.162044,42733,1640457,0.216304,65821,2869407,0.378348,7584050
4,2021-03-18,104866,4515475,57928,2388071,43336,2062982,3602,64422,60423,1249269,0.164723,44229,1684686,0.222135,64548,2933955,0.386859,7584050
4,2021-03-19,108854,4624329,62245,2450316,41518,2104500,5091,69513,63199,1272632,0.167804,45459,1730145,0.228129,68822,3002777,0.395933,7584050
4,2021-03-20,82171,4706500,48003,2498319,31224,2135724,2944,72457,51436,1296813,0.170992,30626,1760771,0.232168,54807,3057584,0.40316,7584050
4,2021-03-21,47226,4753726,34178,2532497,10821,2146545,2227,74684,28862,1310410,0.172785,18283,1779054,0.234578,31880,3089464,0.407363,7584050
4,2021-03-22,80594,4834320,52711,2585208,25256,2171801,2627,77311,51447,1336445,0.176218,28977,1808031,0.238399,55012,3144476,0.414617,7584050
4,2021-03-23,102815,4937135,61294,2646502,39452,2211253,2069,79380,64442,1365382,0.180033,38145,1846176,0.243429,67082,3211558,0.423462,7584050
4,2021-03-24,111840,5048975,72272,2718774,37279,2248532,2289,81669,64356,1385569,0.182695,47115,1893291,0.249641,67302,3278860,0.432336,7584050
4,2021-03-25,114976,5163951,70767,2789541,41914,2290446,2295,83964,67013,1407789,0.185625,47572,1940863,0.255914,69792,3348652,0.441539,7584050
4,2021-03-26,117727,5281678,71420,2860961,43321,2333767,2986,86950,66090,1426160,0.188047,51349,1992212,0.262684,69720,3418372,0.450732,7584050
4,2021-03-27,89940,5371618,53250,2914211,34913,2368680,1777,88727,46852,1432365,0.188865,42905,2035117,0.268342,49110,3467482,0.457207,7584050
4,2021-03-28,54826,5426444,36076,2950287,17885,2386565,865,89592,30686,1440203,0.189899,24030,2059147,0.27151,31868,3499350,0.461409,7584050
4,2021-03-29,92127,5518571,55381,3005668,34732,2421297,2014,91606,51524,1453854,0.191699,40431,2099578,0.276841,54082,3553432,0.46854,7584050
4,2021-03-30,115511,5634082,62919,3068587,48528,2469825,4064,95670,73988,1491007,0.196598,41352,2140930,0.282294,78505,3631937,0.478891,7584050
4,2021-03-31,119104,5753186,70437,3139024,42502,2512327,6165,101835,69027,1516604,0.199973,49832,2190762,0.288864,75429,3707366,0.488837,7584050
4,2021-04-01,139558,5892744,79822,3218846,46977,2559304,12759,114594,82895,1556125,0.205184,56422,2247184,0.296304,95943,3803309,0.501488,7584050
4,2021-04-02,134030,6026774,71872,3290718,49121,2608425,13037,127631,78046,1591821,0.209891,55781,2302965,0.303659,91477,3894786,0.51355,7584050
4,2021-04-03,99450,6126224,53116,3343834,33307,2641732,13027,140658,52167,1610231,0.212318,47137,2350102,0.309874,65547,3960333,0.522192,7584050
4,2021-04-04,46240,6172464,24401,3368235,14453,2656185,7386,148044,20491,1612493,0.212616,25687,2375789,0.313261,27949,3988282,0.525878,7584050
4,2021-04-05,107686,6280150,60757,3428992,34457,2690642,12472,160516,56644,1631359,0.215104,50898,2426687,0.319972,69764,4058046,0.535076,7584050
4,2021-04-06,136804,6416954,77209,3506201,40107,2730749,19488,180004,71544,1658098,0.21863,65086,2491773,0.328554,91825,4149871,0.547184,7584050
4,2021-04-07,135269,6552223,76864,3583065,38048,2768797,20357,200361,70478,1684890,0.222162,64605,2556378,0.337073,91397,4241268,0.559235,7584050
4,2021-04-08,137566,6689789,77015,3660080,35568,2804365,24983,225344,68715,1710663,0.225561,68634,2625012,0.346123,94407,4335675,0.571683,7584050
4,2021-04-09,134788,6824577,74044,3734124,38266,2842631,22478,247822,64744,1729146,0.227998,69878,2694890,0.355337,88361,4424036,0.583334,7584050
4,2021-04-10,101493,6926070,50233,3784357,32885,2875516,18375,266197,46054,1739416,0.229352,55282,2750172,0.362626,65552,4489588,0.591978,7584050
4,2021-04-11,61498,6987568,37411,3821768,13034,2888550,11053,277250,27042,1744369,0.230005,34381,2784553,0.367159,39334,4528922,0.597164,7584050
4,2021-04-12,101015,7088583,61581,3883349,29713,2918263,9721,286971,51302,1757143,0.231689,49479,2834032,0.373683,62253,4591175,0.605372,7584050
4,2021-04-13,128350,7216933,80395,3963744,47804,2966067,151,287122,77139,1784559,0.235304,50999,2885031,0.380408,78415,4669590,0.615712,7584050
4,2021-04-14,132908,7349841,84642,4048386,48196,3014263,70,287192,74223,1802105,0.237618,58437,2943468,0.388113,75983,4745573,0.625731,7584050
4,2021-04-15,152247,7502088,101584,4149970,50634,3064897,29,287221,94122,1839675,0.242572,57850,3001318,0.395741,95420,4840993,0.638312,7584050
4,2021-04-16,140624,7642712,89510,4239480,51044,3115941,70,287291,82500,1865244,0.245943,57875,3059193,0.403372,83444,4924437,0.649315,7584050
4,2021-04-17,98441,7741153,62476,4301956,35957,3151898,8,287299,57922,1884203,0.248443,40326,3099519,0.408689,59285,4983722,0.657132,7584050
4,2021-04-18,53234,7794387,35670,4337626,17561,3169459,3,287302,30461,1893127,0.24962,22673,3122192,0.411679,31597,5015319,0.661298,7584050
4,2021-04-19,99036,7893423,65507,4403133,33518,3202977,11,287313,50929,1897109,0.250145,47939,3170131,0.418,51921,5067240,0.668144,7584050
4,2021-04-20,126083,8019506,73877,4477010,52200,3255177,6,287319,66381,1905647,0.25127,59454,3229585,0.425839,67992,5135232,0.677109,7584050
4,2021-04-21,126003,8145509,80892,4557902,45063,3300240,48,287367,63800,1909111,0.251727,61953,3291538,0.434008,65417,5200649,0.685735,7584050
4,2021-04-22,134633,8280142,88938,4646840,45677,3345917,18,287385,60651,1898261,0.250296,73717,3365255,0.443728,62867,5263516,0.694024,7584050
4,2021-04-23,128627,8408769,83280,4730120,45328,3391245,19,287404,55785,1885979,0.248677,72567,3437822,0.453296,60285,5323801,0.701973,7584050
4,2021-04-24,95799,8504568,64949,4795069,30798,3422043,52,287456,44056,1881133,0.248038,51529,3489351,0.460091,46683,5370484,0.708129,7584050
4,2021-04-25,48342,8552910,34221,4829290,14098,3436141,23,287479,25222,1884136,0.248434,23024,3512375,0.463127,26027,5396511,0.711561,7584050
4,2021-04-26,77945,8630855,50927,4880217,26681,3462822,337,287816,30123,1869750,0.246537,47624,3559999,0.469406,33238,5429749,0.715943,7584050
4,2021-04-27,100051,8730906,60713,4940930,37586,3500408,1752,289568,35629,1846162,0.243427,64187,3624186,0.477869,40599,5470348,0.721296,7584050
4,2021-04-28,94259,8825165,60619,5001549,31264,3531672,2376,291944,33024,1822608,0.240321,61026,3685212,0.485916,37472,5507820,0.726237,7584050
4,2021-04-29,80303,8905468,48778,5050327,29341,3561013,2184,294128,23940,1795560,0.236755,56183,3741395,0.493324,29135,5536955,0.730079,7584050
4,2021-04-30,62434,8967902,39230,5089557,22312,3583325,892,295020,19734,1775413,0.234098,42542,3783937,0.498934,22395,5559350,0.733032,7584050
4,2021-05-01,37421,9005323,24515,5114072,12505,3595830,401,295421,11131,1761455,0.232258,26225,3810162,0.502391,12267,5571617,0.734649,7584050
