vemquartile,administered_date,total_doses,cumulative_total_doses,pfizer_doses,cumulative_pfizer_doses,moderna_doses,cumulative_moderna_doses,jj_doses,cumulative_jj_doses,partially_vaccinated,total_partially_vaccinated,pct_age12pop_partially_vaccinated,fully_vaccinated,cumulative_fully_vaccinated,pct_age12pop_fully_vaccinated,at_least_one_dose,cumulative_at_least_one_dose,pct_age12pop_at_least_one_dose,age12_population
1,2020-12-15,148,148,148,148,0,0,0,0,148,148,1.7e-05,0,0,0.0,148,148,1.7e-05,8700223
1,2020-12-16,1178,1326,1178,1326,0,0,0,0,1178,1326,0.000152,0,0,0.0,1178,1326,0.000152,8700223
1,2020-12-17,4135,5461,4135,5461,0,0,0,0,4136,5462,0.000628,0,0,0.0,4136,5462,0.000628,8700223
1,2020-12-18,6302,11763,6282,11743,20,20,0,0,6303,11764,0.001352,1,1,0.0,6303,11765,0.001352,8700223
1,2020-12-19,2865,14628,2864,14607,1,21,0,0,2864,14627,0.001681,1,2,0.0,2864,14629,0.001681,8700223
1,2020-12-20,2117,16745,2111,16718,6,27,0,0,2118,16745,0.001925,0,2,0.0,2118,16747,0.001925,8700223
1,2020-12-21,7624,24369,7610,24328,14,41,0,0,7674,24419,0.002807,1,3,0.0,7675,24422,0.002807,8700223
1,2020-12-22,7278,31647,6938,31266,340,381,0,0,7280,31697,0.003643,2,5,1e-06,7280,31702,0.003644,8700223
1,2020-12-23,7827,39474,6577,37843,1250,1631,0,0,7820,39516,0.004542,2,7,1e-06,7821,39523,0.004543,8700223
1,2020-12-24,3298,42772,2358,40201,940,2571,0,0,3300,42816,0.004921,0,7,1e-06,3300,42823,0.004922,8700223
1,2020-12-25,237,43009,152,40353,85,2656,0,0,237,43053,0.004948,0,7,1e-06,237,43060,0.004949,8700223
1,2020-12-26,1350,44359,962,41315,388,3044,0,0,1349,44401,0.005103,1,8,1e-06,1349,44409,0.005104,8700223
1,2020-12-27,864,45223,531,41846,333,3377,0,0,864,45264,0.005203,1,9,1e-06,864,45273,0.005204,8700223
1,2020-12-28,7078,52301,4754,46600,2324,5701,0,0,7077,52341,0.006016,0,9,1e-06,7077,52350,0.006017,8700223
1,2020-12-29,8857,61158,4972,51572,3885,9586,0,0,8853,61193,0.007033,1,10,1e-06,8853,61203,0.007035,8700223
1,2020-12-30,11574,72732,6452,58024,5122,14708,0,0,11574,72767,0.008364,0,10,1e-06,11574,72777,0.008365,8700223
1,2020-12-31,5942,78674,1958,59982,3984,18692,0,0,5940,78705,0.009046,3,13,1e-06,5941,78718,0.009048,8700223
1,2021-01-01,557,79231,191,60173,366,19058,0,0,556,79260,0.00911,1,14,2e-06,556,79274,0.009112,8700223
1,2021-01-02,2898,82129,1762,61935,1136,20194,0,0,2900,82160,0.009443,0,14,2e-06,2900,82174,0.009445,8700223
1,2021-01-03,1022,83151,547,62482,475,20669,0,0,1020,83178,0.00956,2,16,2e-06,1020,83194,0.009562,8700223
1,2021-01-04,7333,90484,3574,66056,3759,24428,0,0,7337,90514,0.010404,1,17,2e-06,7337,90531,0.010406,8700223
1,2021-01-05,10776,101260,5193,71249,5583,30011,0,0,10025,99825,0.011474,736,753,8.7e-05,10047,100578,0.01156,8700223
1,2021-01-06,13992,115252,7026,78275,6966,36977,0,0,12107,110092,0.012654,1848,2601,0.000299,12115,112693,0.012953,8700223
1,2021-01-07,17363,132615,9076,87351,8287,45264,0,0,12916,118668,0.01364,4350,6951,0.000799,12926,125619,0.014439,8700223
1,2021-01-08,20072,152687,10400,97751,9672,54936,0,0,14182,126981,0.014595,5874,12825,0.001474,14187,139806,0.016069,8700223
1,2021-01-09,6680,159367,3372,101123,3308,58244,0,0,4832,129982,0.01494,1835,14660,0.001685,4836,144642,0.016625,8700223
1,2021-01-10,3069,162436,1745,102868,1324,59568,0,0,1885,130696,0.015022,1172,15832,0.00182,1886,146528,0.016842,8700223
1,2021-01-11,18018,180454,11802,114670,6216,65784,0,0,11491,135725,0.0156,6503,22335,0.002567,11532,158060,0.018167,8700223
1,2021-01-12,18852,199306,10727,125397,8125,73909,0,0,12907,142759,0.016409,5909,28244,0.003246,12943,171003,0.019655,8700223
1,2021-01-13,19704,219010,10659,136056,9045,82954,0,0,14559,152214,0.017495,5123,33367,0.003835,14578,185581,0.021331,8700223
1,2021-01-14,21837,240847,9372,145428,12465,95419,0,0,19098,168680,0.019388,2682,36049,0.004143,19148,204729,0.023531,8700223
1,2021-01-15,25084,265931,9231,154659,15853,111272,0,0,23149,189991,0.021837,1889,37938,0.004361,23200,227929,0.026198,8700223
1,2021-01-16,13861,279792,4539,159198,9322,120594,0,0,12998,202132,0.023233,859,38797,0.004459,13000,240929,0.027692,8700223
1,2021-01-17,5201,284993,2016,161214,3185,123779,0,0,4835,206610,0.023748,362,39159,0.004501,4840,245769,0.028249,8700223
1,2021-01-18,14264,299257,8582,169796,5682,129461,0,0,11102,214609,0.024667,3151,42310,0.004863,11150,256919,0.02953,8700223
1,2021-01-19,24660,323917,12864,182660,11796,141257,0,0,19462,228941,0.026314,5182,47492,0.005459,19514,276433,0.031773,8700223
1,2021-01-20,28650,352567,14028,196688,14622,155879,0,0,22998,246378,0.028319,5597,53089,0.006102,23034,299467,0.034421,8700223
1,2021-01-21,30802,383369,14307,210995,16495,172374,0,0,27636,271002,0.031149,3099,56188,0.006458,27723,327190,0.037607,8700223
1,2021-01-22,28132,411501,11173,222168,16959,189333,0,0,26147,295235,0.033934,1942,58130,0.006681,26175,353365,0.040616,8700223
1,2021-01-23,18679,430180,8200,230368,10479,199812,0,0,16751,310082,0.035641,1914,60044,0.006901,16761,370126,0.042542,8700223
1,2021-01-24,6658,436838,4156,234524,2502,202314,0,0,6001,315436,0.036256,652,60696,0.006976,6006,376132,0.043232,8700223
1,2021-01-25,25184,462022,10417,244941,14767,217081,0,0,19496,329360,0.037857,5667,66363,0.007628,19591,395723,0.045484,8700223
1,2021-01-26,28491,490513,13389,258330,15102,232183,0,0,21910,344752,0.039626,6536,72899,0.008379,21928,417651,0.048005,8700223
1,2021-01-27,32304,522817,15379,273709,16925,249108,0,0,24334,361204,0.041517,7907,80806,0.009288,24359,442010,0.050804,8700223
1,2021-01-28,34647,557464,16289,289998,18358,267466,0,0,27832,382337,0.043946,6759,87565,0.010065,27892,469902,0.05401,8700223
1,2021-01-29,33394,590858,16408,306406,16986,284452,0,0,26933,402976,0.046318,6328,93893,0.010792,26967,496869,0.05711,8700223
1,2021-01-30,20201,611059,8816,315222,11385,295837,0,0,18095,418999,0.04816,2081,95974,0.011031,18104,514973,0.059191,8700223
1,2021-01-31,7582,618641,4970,320192,2612,298449,0,0,6940,425301,0.048884,641,96615,0.011105,6943,521916,0.059989,8700223
1,2021-02-01,28523,647164,12427,332619,16096,314545,0,0,20897,438622,0.050415,7582,104197,0.011976,20903,542819,0.062391,8700223
1,2021-02-02,32043,679207,11525,344144,20518,335063,0,0,24132,454943,0.052291,7845,112042,0.012878,24166,566985,0.065169,8700223
1,2021-02-03,39105,718312,15031,359175,24074,359137,0,0,28275,472551,0.054315,10701,122743,0.014108,28309,595294,0.068423,8700223
1,2021-02-04,43545,761857,16993,376168,26552,385689,0,0,31657,492473,0.056605,11783,134526,0.015462,31705,626999,0.072067,8700223
1,2021-02-05,46612,808469,17279,393447,29333,415022,0,0,30720,507483,0.05833,15761,150287,0.017274,30771,657770,0.075604,8700223
1,2021-02-06,26480,834949,10528,403975,15952,430974,0,0,20656,522371,0.060041,5785,156072,0.017939,20673,678443,0.07798,8700223
1,2021-02-07,6263,841212,4041,408016,2222,433196,0,0,4655,525451,0.060395,1593,157665,0.018122,4673,683116,0.078517,8700223
1,2021-02-08,31282,872494,14301,422317,16981,450177,0,0,20901,536140,0.061624,10305,167970,0.019306,20994,704110,0.08093,8700223
1,2021-02-09,38138,910632,16837,439154,21301,471478,0,0,23576,545218,0.062667,14571,182541,0.020981,23649,727759,0.083648,8700223
1,2021-02-10,46645,957277,21944,461098,24701,496179,0,0,26928,552602,0.063516,19621,202162,0.023236,27005,754764,0.086752,8700223
1,2021-02-11,51260,1008537,25241,486339,26019,522198,0,0,30884,563481,0.064766,20104,222266,0.025547,30983,785747,0.090313,8700223
1,2021-02-12,49306,1057843,21306,507645,28000,550198,0,0,28460,571345,0.06567,20733,242999,0.02793,28597,814344,0.0936,8700223
1,2021-02-13,26002,1083845,11340,518985,14662,564860,0,0,15072,575633,0.066163,10860,253859,0.029178,15148,829492,0.095341,8700223
1,2021-02-14,11615,1095460,5484,524469,6131,570991,0,0,6630,577369,0.066363,4959,258818,0.029748,6695,836187,0.096111,8700223
1,2021-02-15,23562,1119022,9267,533736,14295,585286,0,0,14365,582755,0.066982,9095,267913,0.030794,14481,850668,0.097775,8700223
1,2021-02-16,46373,1165395,22244,555980,24129,609415,0,0,27315,591191,0.067951,18990,286903,0.032977,27426,878094,0.100928,8700223
1,2021-02-17,47793,1213188,24186,580166,23607,633022,0,0,25929,595518,0.068449,21747,308650,0.035476,26074,904168,0.103925,8700223
1,2021-02-18,50251,1263439,25093,605259,25158,658180,0,0,26187,598056,0.06874,23868,332518,0.038219,26406,930574,0.10696,8700223
1,2021-02-19,45527,1308966,24693,629952,20834,679014,0,0,25748,604188,0.069445,19681,352199,0.040482,25813,956387,0.109927,8700223
1,2021-02-20,26937,1335903,16437,646389,10500,689514,0,0,15492,608351,0.069924,11404,363603,0.041792,15567,971954,0.111716,8700223
1,2021-02-21,11485,1347388,10240,656629,1245,690759,0,0,6832,610626,0.070185,4606,368209,0.042322,6881,978835,0.112507,8700223
1,2021-02-22,29872,1377260,19639,676268,10233,700992,0,0,17607,616119,0.070816,12212,380421,0.043725,17705,996540,0.114542,8700223
1,2021-02-23,42986,1420246,20948,697216,22038,723030,0,0,24145,621916,0.071483,18710,399131,0.045876,24507,1021047,0.117359,8700223
1,2021-02-24,52937,1473183,25671,722887,27266,750296,0,0,29710,628946,0.072291,23129,422260,0.048534,30159,1051206,0.120825,8700223
1,2021-02-25,65044,1538227,31687,754574,33357,783653,0,0,40757,646021,0.074253,24183,446443,0.051314,41258,1092464,0.125567,8700223
1,2021-02-26,72925,1611152,34273,788847,38652,822305,0,0,48129,669984,0.077008,24643,471086,0.054146,48606,1141070,0.131154,8700223
1,2021-02-27,50080,1661232,23156,812003,26917,849222,7,7,33343,686975,0.078961,16623,487709,0.056057,33614,1174684,0.135018,8700223
1,2021-02-28,19337,1680569,11479,823482,7856,857078,2,9,14289,696417,0.080046,4987,492696,0.05663,14429,1189113,0.136676,8700223
1,2021-03-01,44000,1724569,20341,843823,23629,880707,30,39,28484,709775,0.081581,15390,508086,0.058399,28748,1217861,0.13998,8700223
1,2021-03-02,61648,1786217,26875,870698,34766,915473,7,46,39767,728398,0.083722,21767,529853,0.060901,40390,1258251,0.144623,8700223
1,2021-03-03,68914,1855131,32684,903382,36210,951683,20,66,41988,744195,0.085537,26803,556656,0.063982,42600,1300851,0.149519,8700223
1,2021-03-04,77185,1932316,36296,939678,40855,992538,34,100,49688,767081,0.088168,27342,583998,0.067124,50228,1351079,0.155292,8700223
1,2021-03-05,76591,2008907,34730,974408,41656,1034194,205,305,51422,794377,0.091305,24963,608961,0.069994,52259,1403338,0.161299,8700223
1,2021-03-06,57019,2065926,27234,1001642,28447,1062641,1338,1643,38865,816855,0.093889,18091,627052,0.072073,40569,1443907,0.165962,8700223
1,2021-03-07,20132,2086058,12820,1014462,6500,1069141,812,2455,15152,828120,0.095184,4961,632013,0.072643,16226,1460133,0.167827,8700223
1,2021-03-08,44171,2130229,21082,1035544,21215,1090356,1874,4329,30964,848167,0.097488,13131,645144,0.074153,33178,1493311,0.171641,8700223
1,2021-03-09,65501,2195730,31632,1067176,31391,1121747,2478,6807,40469,866534,0.099599,24922,670066,0.077017,43289,1536600,0.176616,8700223
1,2021-03-10,72282,2268012,36122,1103298,31787,1153534,4373,11180,44935,888997,0.102181,27217,697283,0.080145,49680,1586280,0.182326,8700223
1,2021-03-11,88646,2356658,40495,1143793,40234,1193768,7917,19097,51956,912870,0.104925,36465,733748,0.084337,60338,1646618,0.189262,8700223
1,2021-03-12,97195,2453853,42587,1186380,42282,1236050,12326,31423,56967,942604,0.108343,40047,773795,0.08894,69781,1716399,0.197282,8700223
1,2021-03-13,64742,2518595,29317,1215697,27735,1263785,7690,39113,41438,968877,0.111362,23198,796993,0.091606,49471,1765870,0.202968,8700223
1,2021-03-14,27546,2546141,14850,1230547,9132,1272917,3564,42677,15657,976464,0.112234,11835,808828,0.092966,19422,1785292,0.205201,8700223
1,2021-03-15,64312,2610453,28145,1258692,29471,1302388,6696,49373,38074,995531,0.114426,26063,834891,0.095962,45130,1830422,0.210388,8700223
1,2021-03-16,84656,2695109,38409,1297101,40712,1343100,5535,54908,52780,1022511,0.117527,31703,866594,0.099606,58683,1889105,0.217133,8700223
1,2021-03-17,91423,2786532,44111,1341212,40789,1383889,6523,61431,58932,1056016,0.121378,32326,898920,0.103321,65831,1954936,0.2247,8700223
1,2021-03-18,97273,2883805,50032,1391244,41632,1425521,5609,67040,59508,1084174,0.124615,37454,936374,0.107626,65612,2020548,0.232241,8700223
1,2021-03-19,102422,2986227,52941,1444185,43357,1468878,6124,73164,60656,1109971,0.12758,41518,977892,0.112398,67315,2087863,0.239978,8700223
1,2021-03-20,71855,3058082,36982,1481167,29671,1498549,5202,78366,46393,1136549,0.130634,25305,1003197,0.115307,51883,2139746,0.245942,8700223
1,2021-03-21,26905,3084987,18787,1499954,6316,1504865,1802,80168,17368,1146355,0.131762,9462,1012659,0.116395,19268,2159014,0.248156,8700223
1,2021-03-22,58455,3143442,30090,1530044,25087,1529952,3278,83446,39682,1171091,0.134605,18591,1031250,0.118531,43327,2202341,0.253136,8700223
1,2021-03-23,82029,3225471,41551,1571595,36870,1566822,3608,87054,51023,1195373,0.137396,30810,1062060,0.122073,55092,2257433,0.259468,8700223
1,2021-03-24,86963,3312434,43896,1615491,38736,1605558,4331,91385,52778,1218694,0.140076,33964,1096024,0.125977,57285,2314718,0.266053,8700223
1,2021-03-25,95510,3407944,48583,1664074,41119,1646677,5808,97193,53868,1237221,0.142206,41368,1137392,0.130731,59895,2374613,0.272937,8700223
1,2021-03-26,103479,3511423,50438,1714512,46798,1693475,6243,103436,56279,1253128,0.144034,46919,1184311,0.136124,62826,2437439,0.280158,8700223
1,2021-03-27,73456,3584879,37957,1752469,31316,1724791,4183,107619,38107,1260472,0.144878,35153,1219464,0.140165,42497,2479936,0.285043,8700223
1,2021-03-28,32486,3617365,21282,1773751,9995,1734786,1209,108828,16494,1262713,0.145136,15895,1235359,0.141992,18136,2498072,0.287127,8700223
1,2021-03-29,66284,3683649,32898,1806649,30297,1765083,3089,111917,36968,1273829,0.146413,29149,1264508,0.145342,40265,2538337,0.291755,8700223
1,2021-03-30,90761,3774410,44707,1851356,39773,1804856,6281,118198,47226,1284050,0.147588,43388,1307896,0.150329,53609,2591946,0.297917,8700223
1,2021-03-31,99705,3874115,52190,1903546,41584,1846440,5931,124129,55374,1301371,0.149579,44063,1351959,0.155394,61384,2653330,0.304973,8700223
1,2021-04-01,110374,3984489,52876,1956422,49109,1895549,8389,132518,56919,1313651,0.15099,53101,1405060,0.161497,65381,2718711,0.312488,8700223
1,2021-04-02,109863,4094352,50148,2006570,50116,1945665,9599,142117,56370,1326732,0.152494,53119,1458179,0.167602,66200,2784911,0.320097,8700223
1,2021-04-03,77441,4171793,38857,2045427,28991,1974656,9593,151710,36231,1331588,0.153052,41053,1499232,0.172321,45909,2830820,0.325373,8700223
1,2021-04-04,23652,4195445,11763,2057190,8435,1983091,3454,155164,9932,1331299,0.153019,13668,1512900,0.173892,13379,2844199,0.326911,8700223
1,2021-04-05,75343,4270788,36159,2093349,30052,2013143,9132,164296,34296,1334035,0.153333,40871,1553771,0.17859,43607,2887806,0.331923,8700223
1,2021-04-06,102622,4373410,48631,2141980,37489,2050632,16502,180798,46627,1341472,0.154188,55750,1609521,0.184998,63187,2950993,0.339186,8700223
1,2021-04-07,110273,4483683,53327,2195307,39541,2090173,17405,198203,50240,1349374,0.155096,59791,1669312,0.19187,67693,3018686,0.346967,8700223
1,2021-04-08,121107,4604790,57196,2252503,43099,2133272,20812,219015,53777,1357069,0.155981,66981,1736293,0.199569,74676,3093362,0.35555,8700223
1,2021-04-09,121666,4726456,55585,2308088,45565,2178837,20516,239531,53820,1363996,0.156777,67512,1803805,0.207329,74439,3167801,0.364106,8700223
1,2021-04-10,95087,4821543,42265,2350353,30235,2209072,22587,262118,37191,1366067,0.157015,57721,1861526,0.213963,59792,3227593,0.370978,8700223
1,2021-04-11,36112,4857655,20157,2370510,9337,2218409,6618,268736,14745,1366230,0.157034,21318,1882844,0.216413,21481,3249074,0.373447,8700223
1,2021-04-12,73319,4930974,32527,2403037,30863,2249272,9929,278665,31209,1365664,0.156969,41862,1924706,0.221225,41296,3290370,0.378194,8700223
1,2021-04-13,96326,5027300,51453,2454490,44540,2293812,333,278998,52096,1374480,0.157982,43978,1968684,0.22628,52794,3343164,0.384262,8700223
1,2021-04-14,103535,5130835,53507,2507997,49959,2343771,69,279067,52848,1377443,0.158323,50357,2019041,0.232068,53320,3396484,0.39039,8700223
1,2021-04-15,104766,5235601,56853,2564850,47827,2391598,86,279153,56282,1386051,0.159312,47964,2067005,0.237581,56572,3453056,0.396893,8700223
1,2021-04-16,108566,5344167,55790,2620640,52689,2444287,87,279240,54523,1387262,0.159451,53617,2120622,0.243743,54828,3507884,0.403195,8700223
1,2021-04-17,81945,5426112,44471,2665111,37464,2481751,10,279250,46067,1397812,0.160664,35690,2156312,0.247846,46240,3554124,0.40851,8700223
1,2021-04-18,28847,5454959,19244,2684355,9596,2491347,7,279257,14640,1398523,0.160746,14134,2170446,0.24947,14845,3568969,0.410216,8700223
1,2021-04-19,64565,5519524,32935,2717290,31618,2522965,12,279269,29261,1392920,0.160102,35005,2205451,0.253494,29402,3598371,0.413595,8700223
1,2021-04-20,85655,5605179,42606,2759896,43031,2565996,18,279287,40646,1389045,0.159656,44742,2250193,0.258636,40867,3639238,0.418292,8700223
1,2021-04-21,91890,5697069,46843,2806739,44953,2610949,94,279381,41247,1380420,0.158665,50175,2300368,0.264403,41550,3680788,0.423068,8700223
1,2021-04-22,94227,5791296,48580,2855319,45631,2656580,16,279397,43391,1373642,0.157886,50402,2350770,0.270197,43624,3724412,0.428082,8700223
1,2021-04-23,98019,5889315,50312,2905631,47682,2704262,25,279422,46551,1369403,0.157399,51036,2401806,0.276063,46797,3771209,0.433461,8700223
1,2021-04-24,74882,5964197,46563,2952194,28296,2732558,23,279445,42585,1380063,0.158624,32204,2434010,0.279764,42864,3814073,0.438388,8700223
1,2021-04-25,26877,5991074,17125,2969319,9742,2742300,10,279455,15411,1384244,0.159104,11373,2445383,0.281071,15554,3829627,0.440176,8700223
1,2021-04-26,64609,6055683,33642,3002961,30566,2772866,401,279856,31015,1382666,0.158923,33333,2478716,0.284903,31755,3861382,0.443826,8700223
1,2021-04-27,78789,6134472,41823,3044784,35707,2808573,1259,281115,34054,1373835,0.157908,44489,2523205,0.290016,35658,3897040,0.447924,8700223
1,2021-04-28,78934,6213406,41516,3086300,35933,2844506,1485,282600,34815,1366527,0.157068,43837,2567042,0.295055,36529,3933569,0.452123,8700223
1,2021-04-29,80889,6294295,44269,3130569,35045,2879551,1575,284175,32759,1353178,0.155534,47845,2614887,0.300554,34496,3968065,0.456088,8700223
1,2021-04-30,88267,6382562,47718,3178287,38740,2918291,1809,285984,36696,1340550,0.154082,51303,2666190,0.306451,38675,4006740,0.460533,8700223
1,2021-05-01,61791,6444353,39990,3218277,20432,2938723,1369,287353,26014,1332559,0.153164,35602,2701792,0.310543,27611,4034351,0.463707,8700223
1,2021-05-02,23161,6467514,16371,3234648,6227,2944950,563,287916,9422,1328934,0.152747,13641,2715433,0.312111,10016,4044367,0.464858,8700223
1,2021-05-03,54391,6521905,30171,3264819,22443,2967393,1777,289693,19806,1316188,0.151282,34385,2749818,0.316063,21639,4066006,0.467345,8700223
1,2021-05-04,72187,6594092,41299,3306118,28857,2996250,2031,291724,25844,1298058,0.149198,46094,2795912,0.321361,27964,4093970,0.470559,8700223
1,2021-05-05,74157,6668249,42641,3348759,29279,3025529,2237,293961,25195,1276885,0.146765,48679,2844591,0.326956,27506,4121476,0.473721,8700223
1,2021-05-06,75892,6744141,45455,3394214,28281,3053810,2156,296117,23813,1251262,0.14382,51752,2896343,0.332904,26129,4147605,0.476724,8700223
1,2021-05-07,79381,6823522,45121,3439335,32118,3085928,2142,298259,26599,1227674,0.141108,52392,2948735,0.338926,28804,4176409,0.480035,8700223
1,2021-05-08,54080,6877602,33770,3473105,18769,3104697,1541,299800,18218,1211941,0.1393,35586,2984321,0.343017,19853,4196262,0.482317,8700223
1,2021-05-09,17634,6895236,12546,3485651,4615,3109312,473,300273,5451,1205790,0.138593,12111,2996432,0.344409,5960,4202222,0.483002,8700223
1,2021-05-10,41943,6937179,21005,3506656,19182,3128494,1756,302029,14096,1194102,0.13725,27634,3024066,0.347585,15946,4218168,0.484834,8700223
1,2021-05-11,59397,6996576,31762,3538418,25534,3154028,2101,304130,19430,1176028,0.135172,39729,3063795,0.352151,21655,4239823,0.487323,8700223
1,2021-05-12,60090,7056666,31835,3570253,26246,3180274,2009,306139,20289,1158870,0.1332,39530,3103325,0.356695,22372,4262195,0.489895,8700223
1,2021-05-13,63365,7120031,36938,3607191,24506,3204780,1921,308060,24296,1146630,0.131793,38742,3142067,0.361148,26502,4288697,0.492941,8700223
1,2021-05-14,73226,7193257,44000,3651191,26917,3231697,2309,310369,29795,1135922,0.130562,43115,3185182,0.366103,32407,4321104,0.496666,8700223
1,2021-05-15,63287,7256544,41827,3693018,19769,3251466,1691,312060,25082,1124796,0.129284,37973,3223155,0.370468,26847,4347951,0.499752,8700223
1,2021-05-16,23992,7280536,17504,3710522,5874,3257340,614,312674,9677,1120912,0.128837,14218,3237373,0.372102,10334,4358285,0.500939,8700223
1,2021-05-17,53127,7333663,32652,3743174,18763,3276103,1712,314386,23032,1115858,0.128256,29863,3267236,0.375535,24809,4383094,0.503791,8700223
1,2021-05-18,63545,7397208,38397,3781571,23376,3299479,1772,316158,28139,1110703,0.127664,35153,3302389,0.379575,29998,4413092,0.507239,8700223
1,2021-05-19,65459,7462667,39924,3821495,23625,3323104,1910,318068,30047,1107590,0.127306,35159,3337548,0.383616,32046,4445138,0.510922,8700223
1,2021-05-20,62971,7525638,36588,3858083,24230,3347334,2153,320221,26622,1100543,0.126496,36053,3373601,0.38776,29006,4474144,0.514256,8700223
1,2021-05-21,68922,7594560,41206,3899289,25873,3373207,1843,322064,29298,1092545,0.125577,39257,3412858,0.392272,31259,4505403,0.517849,8700223
1,2021-05-22,54829,7649389,36243,3935532,16926,3390133,1660,323724,24070,1087877,0.12504,30521,3443379,0.395781,25853,4531256,0.520821,8700223
1,2021-05-23,19397,7668786,13505,3949037,5312,3395445,580,324304,9173,1087540,0.125001,10123,3453502,0.396944,9786,4541042,0.521945,8700223
1,2021-05-24,42172,7710958,23258,3972295,17106,3412551,1808,326112,17153,1081788,0.12434,24797,3478299,0.399794,19045,4560087,0.524134,8700223
1,2021-05-25,50084,7761042,28961,4001256,19482,3432033,1641,327753,21162,1076016,0.123677,28677,3506976,0.40309,22905,4582992,0.526767,8700223
1,2021-05-26,47753,7808795,27102,4028358,18780,3450813,1871,329624,20684,1071853,0.123198,26785,3533761,0.406169,22622,4605614,0.529367,8700223
1,2021-05-27,46350,7855145,26096,4054454,18375,3469188,1879,331503,20539,1068837,0.122852,25548,3559309,0.409105,22532,4628146,0.531957,8700223
1,2021-05-28,51320,7906465,28624,4083078,20937,3490125,1759,333262,23390,1066475,0.12258,27650,3586959,0.412284,25288,4653434,0.534864,8700223
1,2021-05-29,30012,7936477,18211,4101289,10876,3501001,925,334187,14646,1066903,0.122629,15215,3602174,0.414032,15643,4669077,0.536662,8700223
1,2021-05-30,11520,7947997,7456,4108745,3521,3504522,543,334730,5643,1067307,0.122676,5812,3607986,0.4147,6216,4675293,0.537376,8700223
1,2021-05-31,5654,7953651,3230,4111975,2172,3506694,252,334982,1994,1065952,0.12252,3613,3611599,0.415116,2258,4677551,0.537636,8700223
1,2021-06-01,44974,7998625,25480,4137455,18003,3524697,1491,336473,17983,1058820,0.1217,26703,3638302,0.418185,19571,4697122,0.539885,8700223
1,2021-06-02,39312,8037937,22929,4160384,14925,3539622,1458,337931,16385,1054101,0.121158,22654,3660956,0.420789,17935,4715057,0.541947,8700223
1,2021-06-03,40678,8078615,25553,4185937,13499,3553121,1626,339557,16265,1047931,0.120449,24144,3685100,0.423564,17974,4733031,0.544013,8700223
1,2021-06-04,49066,8127681,31590,4217527,15748,3568869,1728,341285,18467,1037928,0.119299,30292,3715392,0.427046,20289,4753320,0.546345,8700223
1,2021-06-05,39096,8166777,26978,4244505,10522,3579391,1596,342881,14575,1029847,0.11837,24319,3739711,0.429841,16238,4769558,0.548211,8700223
1,2021-06-06,12774,8179551,10225,4254730,2061,3581452,488,343369,4690,1027087,0.118053,8009,3747720,0.430761,5249,4774807,0.548814,8700223
1,2021-06-07,33331,8212882,23053,4277783,8972,3590424,1306,344675,12088,1019495,0.11718,21056,3768776,0.433182,13464,4788271,0.550362,8700223
1,2021-06-08,41033,8253915,28467,4306250,11005,3601429,1561,346236,14596,1009573,0.11604,26199,3794975,0.436193,16277,4804548,0.552233,8700223
1,2021-06-09,34965,8288880,24539,4330789,9049,3610478,1377,347613,10961,998218,0.114735,23763,3818738,0.438924,12408,4816956,0.553659,8700223
1,2021-06-10,31439,8320319,21487,4352276,8553,3619031,1399,349012,10601,989654,0.11375,20664,3839402,0.441299,12100,4829056,0.55505,8700223
1,2021-06-11,31485,8351804,20461,4372737,9682,3628713,1342,350354,10538,980858,0.112739,20739,3860141,0.443683,11943,4840999,0.556422,8700223
1,2021-06-12,18123,8369927,13856,4386593,3405,3632118,862,351216,5472,974684,0.11203,12541,3872682,0.445124,6367,4847366,0.557154,8700223
2,2020-12-15,240,240,240,240,0,0,0,0,240,240,2.9e-05,0,0,0.0,240,240,2.9e-05,8407551
2,2020-12-16,2072,2312,2072,2312,0,0,0,0,2071,2311,0.000275,0,0,0.0,2071,2311,0.000275,8407551
2,2020-12-17,6825,9137,6825,9137,0,0,0,0,6826,9137,0.001087,0,0,0.0,6826,9137,0.001087,8407551
2,2020-12-18,10925,20062,10906,20043,19,19,0,0,10926,20063,0.002386,0,0,0.0,10926,20063,0.002386,8407551
2,2020-12-19,5589,25651,5583,25626,6,25,0,0,5590,25653,0.003051,0,0,0.0,5590,25653,0.003051,8407551
2,2020-12-20,4212,29863,4204,29830,8,33,0,0,4208,29861,0.003552,0,0,0.0,4208,29861,0.003552,8407551
2,2020-12-21,12760,42623,12735,42565,25,58,0,0,12715,42576,0.005064,0,0,0.0,12715,42576,0.005064,8407551
2,2020-12-22,12121,54744,11608,54173,513,571,0,0,12120,54696,0.006506,0,0,0.0,12120,54696,0.006506,8407551
2,2020-12-23,11692,66436,9474,63647,2218,2789,0,0,11695,66391,0.007897,1,1,0.0,11696,66392,0.007897,8407551
2,2020-12-24,5860,72296,3493,67140,2367,5156,0,0,5856,72246,0.008593,3,4,0.0,5858,72250,0.008593,8407551
2,2020-12-25,480,72776,402,67542,78,5234,0,0,481,72727,0.00865,0,4,0.0,481,72731,0.008651,8407551
2,2020-12-26,2561,75337,1666,69208,895,6129,0,0,2562,75288,0.008955,1,5,1e-06,2562,75293,0.008955,8407551
2,2020-12-27,2223,77560,1207,70415,1016,7145,0,0,2220,77506,0.009219,2,7,1e-06,2220,77513,0.009219,8407551
2,2020-12-28,10982,88542,7144,77559,3838,10983,0,0,10982,88487,0.010525,1,8,1e-06,10982,88495,0.010526,8407551
2,2020-12-29,12684,101226,7148,84707,5536,16519,0,0,12689,101176,0.012034,0,8,1e-06,12689,101184,0.012035,8407551
2,2020-12-30,15368,116594,8640,93347,6728,23247,0,0,15381,116554,0.013863,5,13,2e-06,15383,116567,0.013865,8407551
2,2020-12-31,7545,124139,2826,96173,4719,27966,0,0,7539,124089,0.014759,4,17,2e-06,7539,124106,0.014761,8407551
2,2021-01-01,1160,125299,559,96732,601,28567,0,0,1158,125244,0.014897,3,20,2e-06,1158,125264,0.014899,8407551
2,2021-01-02,4822,130121,2746,99478,2076,30643,0,0,4820,130064,0.01547,0,20,2e-06,4820,130084,0.015472,8407551
2,2021-01-03,1380,131501,787,100265,593,31236,0,0,1375,131436,0.015633,3,23,3e-06,1375,131459,0.015636,8407551
2,2021-01-04,11624,143125,5555,105820,6069,37305,0,0,11613,143046,0.017014,3,26,3e-06,11613,143072,0.017017,8407551
2,2021-01-05,13835,156960,6899,112719,6936,44241,0,0,12647,154543,0.018381,1182,1208,0.000144,12679,155751,0.018525,8407551
2,2021-01-06,18950,175910,10446,123165,8504,52745,0,0,15202,166053,0.01975,3700,4908,0.000584,15210,170961,0.020334,8407551
2,2021-01-07,22957,198867,12885,136050,10072,62817,0,0,15543,174183,0.020717,7427,12335,0.001467,15557,186518,0.022185,8407551
2,2021-01-08,26383,225250,15950,152000,10433,73250,0,0,16292,180443,0.021462,10052,22387,0.002663,16312,202830,0.024125,8407551
2,2021-01-09,9750,235000,5666,157666,4084,77334,0,0,6248,183183,0.021788,3514,25901,0.003081,6254,209084,0.024869,8407551
2,2021-01-10,5257,240257,2924,160590,2333,79667,0,0,3037,183990,0.021884,2235,28136,0.003347,3042,212126,0.02523,8407551
2,2021-01-11,25938,266195,17808,178398,8130,87797,0,0,14987,188051,0.022367,10975,39111,0.004652,15036,227162,0.027019,8407551
2,2021-01-12,26199,292394,16295,194693,9904,97701,0,0,16649,195211,0.023219,9568,48679,0.00579,16728,243890,0.029008,8407551
2,2021-01-13,28457,320851,15093,209786,13364,111065,0,0,20501,207795,0.024715,7948,56627,0.006735,20532,264422,0.031451,8407551
2,2021-01-14,30279,351130,11560,221346,18719,129784,0,0,26059,229677,0.027318,4241,60868,0.00724,26123,290545,0.034558,8407551
2,2021-01-15,34957,386087,12686,234032,22271,152055,0,0,31710,258213,0.030712,3251,64119,0.007626,31787,322332,0.038338,8407551
2,2021-01-16,17880,403967,5881,239913,11999,164054,0,0,16556,273434,0.032522,1348,65467,0.007787,16569,338901,0.040309,8407551
2,2021-01-17,10562,414529,3565,243478,6997,171051,0,0,9847,282549,0.033607,740,66207,0.007875,9855,348756,0.041481,8407551
2,2021-01-18,19655,434184,11001,254479,8654,179705,0,0,14878,292684,0.034812,4795,71002,0.008445,14930,363686,0.043257,8407551
2,2021-01-19,32444,466628,16945,271424,15499,195204,0,0,24463,309278,0.036786,7984,78986,0.009395,24578,388264,0.04618,8407551
2,2021-01-20,37103,503731,18573,289997,18530,213734,0,0,28475,329241,0.03916,8603,87589,0.010418,28566,416830,0.049578,8407551
2,2021-01-21,40539,544270,17132,307129,23407,237141,0,0,36110,361107,0.04295,4406,91995,0.010942,36272,453102,0.053892,8407551
2,2021-01-22,39286,583556,16420,323549,22866,260007,0,0,35971,393790,0.046838,3313,95308,0.011336,35996,489098,0.058174,8407551
2,2021-01-23,24052,607608,10812,334361,13240,273247,0,0,21102,411993,0.049003,2927,98235,0.011684,21130,510228,0.060687,8407551
2,2021-01-24,12425,620033,6147,340508,6278,279525,0,0,11511,422614,0.050266,901,99136,0.011791,11522,521750,0.062057,8407551
2,2021-01-25,33747,653780,15561,356069,18186,297711,0,0,24977,439006,0.052216,8713,107849,0.012828,25105,546855,0.065043,8407551
2,2021-01-26,40100,693880,19703,375772,20397,318108,0,0,31111,461231,0.054859,8965,116814,0.013894,31190,578045,0.068753,8407551
2,2021-01-27,45343,739223,22621,398393,22722,340830,0,0,35272,486608,0.057877,9954,126768,0.015078,35331,613376,0.072955,8407551
2,2021-01-28,47844,787067,22496,420889,25348,366178,0,0,39245,517385,0.061538,8537,135305,0.016093,39314,652690,0.077631,8407551
2,2021-01-29,45411,832478,22065,442954,23346,389524,0,0,36818,545778,0.064915,8486,143791,0.017103,36879,689569,0.082018,8407551
2,2021-01-30,31183,863661,13490,456444,17693,407217,0,0,27867,570401,0.067844,3276,147067,0.017492,27899,717468,0.085336,8407551
2,2021-01-31,17181,880842,10275,466719,6906,414123,0,0,16021,585297,0.069616,1144,148211,0.017628,16040,733508,0.087244,8407551
2,2021-02-01,40838,921680,19723,486442,21115,435238,0,0,30063,604665,0.071919,10735,158946,0.018905,30103,763611,0.090824,8407551
2,2021-02-02,47488,969168,19322,505764,28166,463404,0,0,36185,629711,0.074898,11234,170180,0.020241,36280,799891,0.09514,8407551
2,2021-02-03,53778,1022946,23859,529623,29919,493323,0,0,39785,655690,0.077988,13897,184077,0.021894,39876,839767,0.099882,8407551
2,2021-02-04,55772,1078718,24096,553719,31676,524999,0,0,40789,681685,0.08108,14889,198966,0.023665,40884,880651,0.104745,8407551
2,2021-02-05,59554,1138272,26190,579909,33364,558363,0,0,40300,703084,0.083625,19076,218042,0.025934,40475,921126,0.109559,8407551
2,2021-02-06,38884,1177156,18156,598065,20728,579091,0,0,31063,726485,0.086409,7752,225794,0.026856,31153,952279,0.113265,8407551
2,2021-02-07,15642,1192798,10391,608456,5251,584342,0,0,11875,734683,0.087384,3744,229538,0.027301,11942,964221,0.114685,8407551
2,2021-02-08,42897,1235695,21910,630366,20987,605329,0,0,29436,750994,0.089324,13330,242868,0.028887,29641,993862,0.118211,8407551
2,2021-02-09,49157,1284852,23290,653656,25867,631196,0,0,30580,763539,0.090816,18362,261230,0.031071,30907,1024769,0.121887,8407551
2,2021-02-10,59173,1344025,27826,681482,31347,662543,0,0,34488,773958,0.092055,24425,285655,0.033976,34844,1059613,0.126031,8407551
2,2021-02-11,63716,1407741,29400,710882,34316,696859,0,0,35850,782715,0.093097,27583,313238,0.037257,36340,1095953,0.130353,8407551
2,2021-02-12,64869,1472610,28011,738893,36858,733717,0,0,34626,788010,0.093726,29987,343225,0.040823,35282,1131235,0.13455,8407551
2,2021-02-13,37528,1510138,15709,754602,21819,755536,0,0,21717,794372,0.094483,15732,358957,0.042695,22094,1153329,0.137178,8407551
2,2021-02-14,19866,1530004,9273,763875,10593,766129,0,0,11143,797192,0.094819,8681,367638,0.043727,11501,1164830,0.138546,8407551
2,2021-02-15,32869,1562873,14842,778717,18027,784156,0,0,18274,801840,0.095371,14478,382116,0.045449,19126,1183956,0.140821,8407551
2,2021-02-16,55807,1618680,27453,806170,28354,812510,0,0,29472,805737,0.095835,26248,408364,0.048571,30145,1214101,0.144406,8407551
2,2021-02-17,61094,1679774,31424,837594,29670,842180,0,0,30513,806552,0.095932,30521,438885,0.052201,31336,1245437,0.148133,8407551
2,2021-02-18,65680,1745454,33195,870789,32485,874665,0,0,32136,806509,0.095927,33322,472207,0.056165,33279,1278716,0.152091,8407551
2,2021-02-19,58730,1804184,32626,903415,26104,900769,0,0,29287,807108,0.095998,29293,501500,0.059649,29892,1308608,0.155647,8407551
2,2021-02-20,36981,1841165,24078,927493,12903,913672,0,0,20259,811410,0.09651,16641,518141,0.061628,20943,1329551,0.158138,8407551
2,2021-02-21,20551,1861716,17095,944588,3456,917128,0,0,9973,811680,0.096542,10508,528649,0.062878,10778,1340329,0.15942,8407551
2,2021-02-22,37465,1899181,25599,970187,11866,928994,0,0,18000,810984,0.096459,19373,548022,0.065182,18677,1359006,0.161641,8407551
2,2021-02-23,51575,1950756,26355,996542,25220,954214,0,0,22837,807162,0.096004,28555,576577,0.068578,24733,1383739,0.164583,8407551
2,2021-02-24,68291,2019047,35141,1031683,33150,987364,0,0,31602,804573,0.095696,36550,613127,0.072926,33961,1417700,0.168622,8407551
2,2021-02-25,74063,2093110,34923,1066606,39140,1026504,0,0,37842,809206,0.096248,36016,649143,0.07721,40649,1458349,0.173457,8407551
2,2021-02-26,82430,2175540,35140,1101746,47290,1073794,0,0,44730,818681,0.097374,37452,686595,0.081664,46927,1505276,0.179039,8407551
2,2021-02-27,60055,2235595,27779,1129525,32269,1106063,7,7,32915,825983,0.098243,26947,713542,0.084869,34249,1539525,0.183112,8407551
2,2021-02-28,29528,2265123,17723,1147248,11804,1117867,1,8,17507,832391,0.099005,11930,725472,0.086288,18338,1557863,0.185293,8407551
2,2021-03-01,56324,2321447,29603,1176851,26692,1144559,29,37,30980,839487,0.099849,25105,750577,0.089274,32201,1590064,0.189123,8407551
2,2021-03-02,67503,2388950,32503,1209354,34994,1179553,6,43,38329,851126,0.101234,29040,779617,0.092728,40679,1630743,0.193962,8407551
2,2021-03-03,78955,2467905,38131,1247485,40812,1220365,12,55,44651,864222,0.102791,34128,813745,0.096787,47224,1677967,0.199579,8407551
2,2021-03-04,86869,2554774,42807,1290292,44032,1264397,30,85,50289,880525,0.10473,36395,850140,0.101116,52698,1730665,0.205847,8407551
2,2021-03-05,80374,2635148,38108,1328400,41965,1306362,301,386,49443,901902,0.107273,30745,880885,0.104773,52122,1782787,0.212046,8407551
2,2021-03-06,62450,2697598,30525,1358925,30238,1336600,1687,2073,38525,919741,0.109395,23819,904704,0.107606,41658,1824445,0.217001,8407551
2,2021-03-07,27464,2725062,16077,1375002,10419,1347019,968,3041,17759,929932,0.110607,9649,914353,0.108754,19840,1844285,0.219361,8407551
2,2021-03-08,49712,2774774,22879,1397881,24380,1371399,2453,5494,31505,947424,0.112687,18112,932465,0.110908,35604,1879889,0.223595,8407551
2,2021-03-09,69427,2844201,31815,1429696,33849,1405248,3763,9257,38749,960728,0.11427,30567,963032,0.114544,43871,1923760,0.228813,8407551
2,2021-03-10,77273,2921474,36731,1466427,34014,1439262,6528,15785,41277,974070,0.115857,35818,998850,0.118804,49160,1972920,0.23466,8407551
2,2021-03-11,92151,3013625,42548,1508975,41274,1480536,8329,24114,48455,988836,0.117613,43432,1042282,0.12397,58198,2031118,0.241583,8407551
2,2021-03-12,93166,3106791,38448,1547423,42740,1523276,11978,36092,46710,1002715,0.119264,46260,1088542,0.129472,60139,2091257,0.248736,8407551
2,2021-03-13,68329,3175120,28807,1576230,31574,1554850,7948,44040,37659,1019079,0.12121,30553,1119095,0.133106,46917,2138174,0.254316,8407551
2,2021-03-14,36536,3211656,18259,1594489,13758,1568608,4519,48559,18626,1025159,0.121933,17828,1136923,0.135226,23908,2162082,0.25716,8407551
2,2021-03-15,66872,3278528,30213,1624702,31655,1600263,5004,53563,37105,1038797,0.123555,29585,1166508,0.138745,43223,2205305,0.262301,8407551
2,2021-03-16,85697,3364225,37985,1662687,43736,1643999,3976,57539,52241,1062851,0.126416,33296,1199804,0.142706,57350,2262655,0.269122,8407551
2,2021-03-17,91810,3456035,44046,1706733,43622,1687621,4142,61681,58539,1093345,0.130043,33043,1232847,0.146636,63537,2326192,0.276679,8407551
2,2021-03-18,97012,3553047,46330,1753063,46192,1733813,4490,66171,59565,1120803,0.133309,37177,1270024,0.151058,64635,2390827,0.284367,8407551
2,2021-03-19,96799,3649846,45748,1798811,44946,1778759,6105,72276,57817,1146547,0.136371,38717,1308741,0.155663,64461,2455288,0.292034,8407551
2,2021-03-20,69375,3719221,33586,1832397,31853,1810612,3936,76212,45630,1172943,0.139511,23538,1332279,0.158462,49934,2505222,0.297973,8407551
2,2021-03-21,32982,3752203,21353,1853750,9646,1820258,1983,78195,20396,1183278,0.14074,12477,1344756,0.159946,22812,2528034,0.300686,8407551
2,2021-03-22,62329,3814532,34200,1887950,25489,1845747,2640,80835,41566,1207833,0.143661,20558,1365314,0.162391,45113,2573147,0.306052,8407551
2,2021-03-23,83006,3897538,44065,1932015,36037,1881784,2904,83739,52193,1233201,0.146678,30570,1395884,0.166027,55938,2629085,0.312705,8407551
2,2021-03-24,91087,3988625,49029,1981044,38908,1920692,3150,86889,54047,1254463,0.149207,36757,1432641,0.170399,58019,2687104,0.319606,8407551
2,2021-03-25,100673,4089298,50796,2031840,45980,1966672,3897,90786,57434,1273625,0.151486,42936,1475577,0.175506,62098,2749202,0.326992,8407551
2,2021-03-26,102792,4192090,51093,2082933,48211,2014883,3488,94274,56691,1289096,0.153326,45767,1521344,0.18095,61238,2810440,0.334276,8407551
2,2021-03-27,75071,4267161,37518,2120451,34261,2049144,3292,97566,37970,1294332,0.153949,36889,1558233,0.185337,42125,2852565,0.339286,8407551
2,2021-03-28,37469,4304630,23139,2143590,13523,2062667,807,98373,20247,1299080,0.154513,17109,1575342,0.187372,21857,2874422,0.341886,8407551
2,2021-03-29,70785,4375415,36090,2179680,32443,2095110,2252,100625,40582,1312784,0.156143,30031,1605373,0.190944,43735,2918157,0.347088,8407551
2,2021-03-30,91419,4466834,44796,2224476,42277,2137387,4346,104971,51659,1329826,0.15817,39571,1644944,0.195651,56613,2974770,0.353821,8407551
2,2021-03-31,100731,4567565,52006,2276482,43650,2181037,5075,110046,57768,1350326,0.160609,42697,1687641,0.200729,63197,3037967,0.361338,8407551
2,2021-04-01,116953,4684518,56569,2333051,51249,2232286,9135,119181,64177,1371633,0.163143,52454,1740095,0.206968,73761,3111728,0.370111,8407551
2,2021-04-02,111115,4795633,51334,2384385,49691,2281977,10090,129271,60136,1391697,0.165529,50641,1790736,0.212991,70705,3182433,0.378521,8407551
2,2021-04-03,76425,4872058,37485,2421870,29162,2311139,9778,139049,38068,1401779,0.166729,38169,1828905,0.217531,48251,3230684,0.38426,8407551
2,2021-04-04,28984,4901042,14905,2436775,10239,2321378,3840,142889,13099,1402960,0.166869,15802,1844707,0.219411,16983,3247667,0.38628,8407551
2,2021-04-05,78663,4979705,38633,2475408,31299,2352677,8731,151620,38347,1410642,0.167783,40168,1884875,0.224188,47850,3295517,0.391971,8407551
2,2021-04-06,103332,5083037,50350,2525758,38316,2390993,14666,166286,49245,1421126,0.16903,53849,1938724,0.230593,64333,3359850,0.399623,8407551
2,2021-04-07,109955,5192992,54887,2580645,38902,2429895,16166,182452,52101,1432096,0.170335,57596,1996320,0.237444,68566,3428416,0.407778,8407551
2,2021-04-08,118926,5311918,57258,2637903,43017,2472912,18651,201103,55416,1443581,0.171701,63200,2059520,0.244961,74685,3503101,0.416661,8407551
2,2021-04-09,118205,5430123,56939,2694842,43261,2516173,18005,219108,56082,1456792,0.173272,61779,2121299,0.252309,74990,3578091,0.425581,8407551
2,2021-04-10,86908,5517031,37629,2732471,30968,2547141,18311,237419,36091,1461305,0.173809,50578,2171877,0.258325,55091,3633182,0.432133,8407551
2,2021-04-11,44200,5561231,22917,2755388,12760,2559901,8523,245942,18088,1462665,0.17397,25985,2197862,0.261415,27345,3660527,0.435386,8407551
2,2021-04-12,79510,5640741,37053,2792441,33135,2593036,9322,255264,35686,1465094,0.174259,43581,2241443,0.266599,46010,3706537,0.440858,8407551
2,2021-04-13,101309,5742050,52517,2844958,48532,2641568,260,255524,55690,1476559,0.175623,45393,2286836,0.271998,56858,3763395,0.447621,8407551
2,2021-04-14,106092,5848142,55530,2900488,50512,2692080,50,255574,54649,1481526,0.176214,51184,2338020,0.278086,56151,3819546,0.454299,8407551
2,2021-04-15,112481,5960623,59769,2960257,52636,2744716,76,255650,59234,1489007,0.177104,52911,2390931,0.284379,60392,3879938,0.461483,8407551
2,2021-04-16,109322,6069945,56737,3016994,52535,2797251,50,255700,55712,1492323,0.177498,53340,2444271,0.290723,56656,3936594,0.468221,8407551
2,2021-04-17,82186,6152131,41776,3058770,40391,2837642,19,255719,46134,1503499,0.178827,35842,2480113,0.294986,47018,3983612,0.473814,8407551
2,2021-04-18,34036,6186167,20384,3079154,13646,2851288,6,255725,16281,1503117,0.178782,17643,2497756,0.297085,17261,4000873,0.475867,8407551
2,2021-04-19,73632,6259799,39723,3118877,33897,2885185,12,255737,33754,1497847,0.178155,39654,2537410,0.301801,34384,4035257,0.479956,8407551
2,2021-04-20,94854,6354653,47365,3166242,47466,2932651,23,255760,46286,1496614,0.178008,48282,2585692,0.307544,47049,4082306,0.485552,8407551
2,2021-04-21,99124,6453777,52518,3218760,46552,2979203,54,255814,47002,1492778,0.177552,51775,2637467,0.313702,47939,4130245,0.491254,8407551
2,2021-04-22,105492,6559269,54029,3272789,51443,3030646,20,255834,46309,1481136,0.176167,58852,2696319,0.320702,47210,4177455,0.496869,8407551
2,2021-04-23,104707,6663976,55183,3327972,49507,3080153,17,255851,48447,1474609,0.175391,55913,2752232,0.327352,49386,4226841,0.502743,8407551
2,2021-04-24,79519,6743495,46973,3374945,32507,3112660,39,255890,41587,1479534,0.175977,37629,2789861,0.331828,42554,4269395,0.507805,8407551
2,2021-04-25,36009,6779504,22253,3397198,13742,3126402,14,255904,19692,1483500,0.176449,16202,2806063,0.333755,20168,4289563,0.510204,8407551
2,2021-04-26,72349,6851853,39830,3437028,32226,3158628,293,256197,33441,1480029,0.176036,38675,2844738,0.338355,35204,4324767,0.514391,8407551
2,2021-04-27,86500,6938353,45288,3482316,39858,3198486,1354,257551,37186,1470834,0.174942,48989,2893727,0.344182,39794,4364561,0.519124,8407551
2,2021-04-28,85884,7024237,45472,3527788,38567,3237053,1845,259396,37966,1463898,0.174117,47641,2941368,0.349848,40705,4405266,0.523965,8407551
2,2021-04-29,88576,7112813,47785,3575573,39102,3276155,1689,261085,34347,1446625,0.172063,53907,2995275,0.35626,36634,4441900,0.528323,8407551
2,2021-04-30,92075,7204888,50635,3626208,39466,3315621,1974,263059,35591,1428725,0.169934,56114,3051389,0.362934,38214,4480114,0.532868,8407551
2,2021-05-01,61439,7266327,37596,3663804,22292,3337913,1551,264610,23919,1417783,0.168632,37255,3088644,0.367365,26313,4506427,0.535998,8407551
2,2021-05-02,29037,7295364,20128,3683932,7935,3345848,974,265584,11046,1412017,0.167946,17874,3106518,0.369491,12108,4518535,0.537438,8407551
2,2021-05-03,59510,7354874,35266,3719198,22215,3368063,2029,267613,20045,1395122,0.165937,39229,3145747,0.374157,22334,4540869,0.540094,8407551
2,2021-05-04,77773,7432647,46073,3765271,29342,3397405,2358,269971,25401,1371208,0.163092,52068,3197815,0.38035,28154,4569023,0.543443,8407551
2,2021-05-05,78028,7510675,46084,3811355,29606,3427011,2338,272309,24394,1344992,0.159974,53290,3251105,0.386689,27074,4596097,0.546663,8407551
2,2021-05-06,80540,7591215,48414,3859769,29225,3456236,2901,275210,24656,1317708,0.156729,55475,3306580,0.393287,28191,4624288,0.550016,8407551
2,2021-05-07,81525,7672740,46886,3906655,32223,3488459,2416,277626,25147,1289659,0.153393,56058,3362638,0.399955,28009,4652297,0.553347,8407551
2,2021-05-08,53169,7725909,32087,3938742,19428,3507887,1654,279280,16772,1272617,0.151366,36186,3398824,0.404259,19144,4671441,0.555624,8407551
2,2021-05-09,21270,7747179,15276,3954018,5257,3513144,737,280017,6395,1265180,0.150481,14800,3413624,0.406019,7363,4678804,0.5565,8407551
2,2021-05-10,48703,7795882,26393,3980411,20465,3533609,1845,281862,13941,1247030,0.148323,34544,3448168,0.410128,16394,4695198,0.55845,8407551
2,2021-05-11,63441,7859323,33671,4014082,27688,3561297,2082,283944,19267,1225154,0.145721,43916,3492084,0.415351,22040,4717238,0.561072,8407551
2,2021-05-12,63330,7922653,33704,4047786,27447,3588744,2179,286123,19489,1203655,0.143164,43580,3535664,0.420534,22081,4739319,0.563698,8407551
2,2021-05-13,68423,7991076,39892,4087678,26627,3615371,1904,288027,25538,1189217,0.141446,42637,3578301,0.425606,28199,4767518,0.567052,8407551
2,2021-05-14,77221,8068297,46033,4133711,28973,3644344,2215,290242,30097,1175369,0.139799,46810,3625111,0.431173,32962,4800480,0.570972,8407551
2,2021-05-15,64898,8133195,42635,4176346,20571,3664915,1692,291934,25168,1163091,0.138339,39507,3664618,0.435872,27229,4827709,0.574211,8407551
2,2021-05-16,30570,8163765,22764,4199110,6888,3671803,918,292852,12378,1158436,0.137785,18080,3682698,0.438023,13425,4841134,0.575808,8407551
2,2021-05-17,57088,8220853,36230,4235340,18933,3690736,1925,294777,22889,1149609,0.136735,34008,3716706,0.442068,25181,4866315,0.578803,8407551
2,2021-05-18,69056,8289909,40327,4275667,26788,3717524,1941,296718,27812,1138907,0.135462,41000,3757706,0.446944,30298,4896613,0.582407,8407551
2,2021-05-19,67774,8357683,40160,4315827,25648,3743172,1966,298684,27539,1128923,0.134275,39954,3797660,0.451696,29970,4926583,0.585971,8407551
2,2021-05-20,68015,8425698,39428,4355255,26433,3769605,2154,300838,26390,1116829,0.132836,41330,3838990,0.456612,29236,4955819,0.589449,8407551
2,2021-05-21,71458,8497156,42229,4397484,27103,3796708,2126,302964,28026,1104522,0.131373,43117,3882107,0.461741,30810,4986629,0.593113,8407551
2,2021-05-22,52339,8549495,33090,4430574,17533,3814241,1716,304680,21752,1098254,0.130627,30391,3912498,0.465355,24123,5010752,0.595982,8407551
2,2021-05-23,23200,8572695,15783,4446357,6697,3820938,720,305400,9965,1096009,0.13036,13129,3925627,0.466917,10884,5021636,0.597277,8407551
2,2021-05-24,43200,8615895,24241,4470598,17223,3838161,1736,307136,16502,1088095,0.129419,26490,3952117,0.470068,18576,5040212,0.599486,8407551
2,2021-05-25,50128,8666023,29451,4500049,18838,3856999,1839,308975,19376,1079382,0.128382,30468,3982585,0.473691,21755,5061967,0.602074,8407551
2,2021-05-26,48095,8714118,27017,4527066,19418,3876417,1660,310635,19177,1072017,0.127506,28614,4011199,0.477095,21249,5083216,0.604601,8407551
2,2021-05-27,46042,8760160,26091,4553157,18236,3894653,1715,312350,18800,1066045,0.126796,27019,4038218,0.480308,21047,5104263,0.607105,8407551
2,2021-05-28,49243,8809403,27314,4580471,19992,3914645,1937,314287,20977,1061451,0.12625,28029,4066247,0.483642,23435,5127698,0.609892,8407551
2,2021-05-29,28618,8838021,17157,4597628,10423,3925068,1038,315325,13419,1061057,0.126203,15059,4081306,0.485433,14665,5142363,0.611636,8407551
2,2021-05-30,12487,8850508,8045,4605673,3688,3928756,754,316079,5606,1060670,0.126157,6839,4088145,0.486247,6452,5148815,0.612404,8407551
2,2021-05-31,5854,8856362,3424,4609097,2128,3930884,302,316381,1851,1058920,0.125949,3965,4092110,0.486718,2215,5151030,0.612667,8407551
2,2021-06-01,44104,8900466,25454,4634551,17083,3947967,1567,317948,16159,1049394,0.124816,27675,4119785,0.49001,18149,5169179,0.614826,8407551
2,2021-06-02,37634,8938100,22152,4656703,14096,3962063,1386,319334,15130,1043985,0.124172,22268,4142053,0.492659,16859,5186038,0.616831,8407551
2,2021-06-03,40823,8978923,26327,4683030,13055,3975118,1441,320775,14174,1033595,0.122937,26432,4168485,0.495803,16042,5202080,0.618739,8407551
2,2021-06-04,47230,9026153,30857,4713887,14854,3989972,1519,322294,15792,1020298,0.121355,31180,4199665,0.499511,17883,5219963,0.620866,8407551
2,2021-06-05,37018,9063171,26586,4740473,9167,3999139,1265,323559,11983,1009191,0.120034,24827,4224492,0.502464,13720,5233683,0.622498,8407551
2,2021-06-06,14556,9077727,11928,4752401,2051,4001190,577,324136,4937,1005371,0.11958,9558,4234050,0.503601,5738,5239421,0.62318,8407551
2,2021-06-07,32579,9110306,22837,4775238,8494,4009684,1248,325384,10740,995954,0.118459,21710,4255760,0.506183,12293,5251714,0.624643,8407551
2,2021-06-08,39607,9149913,28154,4803392,10133,4019817,1320,326704,12505,983354,0.116961,26878,4282638,0.50938,14278,5265992,0.626341,8407551
2,2021-06-09,30021,9179934,20942,4824334,7873,4027690,1206,327910,8606,972197,0.115634,21259,4303897,0.511909,10102,5276094,0.627542,8407551
2,2021-06-10,28804,9208738,20115,4844449,7455,4035145,1234,329144,8582,962357,0.114463,20067,4323964,0.514295,10227,5286321,0.628759,8407551
2,2021-06-11,27020,9235758,17518,4861967,8258,4043403,1244,330388,8109,953189,0.113373,18739,4342703,0.516524,9571,5295892,0.629897,8407551
2,2021-06-12,14612,9250370,11305,4873272,2704,4046107,603,330991,3892,947176,0.112658,10659,4353362,0.517792,4646,5300538,0.63045,8407551
3,2020-12-15,304,304,304,304,0,0,0,0,304,304,3.7e-05,0,0,0.0,304,304,3.7e-05,8129050
3,2020-12-16,2306,2610,2306,2610,0,0,0,0,2307,2611,0.000321,0,0,0.0,2307,2611,0.000321,8129050
3,2020-12-17,7796,10406,7796,10406,0,0,0,0,7796,10407,0.00128,0,0,0.0,7796,10407,0.00128,8129050
3,2020-12-18,13308,23714,13295,23701,13,13,0,0,13307,23714,0.002917,0,0,0.0,13307,23714,0.002917,8129050
3,2020-12-19,7184,30898,7173,30874,11,24,0,0,7248,30962,0.003809,0,0,0.0,7248,30962,0.003809,8129050
3,2020-12-20,5624,36522,5617,36491,7,31,0,0,5671,36632,0.004506,1,1,0.0,5671,36633,0.004506,8129050
3,2020-12-21,14325,50847,14300,50791,25,56,0,0,14388,51019,0.006276,1,2,0.0,14388,51021,0.006276,8129050
3,2020-12-22,14753,65600,14179,64970,574,630,0,0,14792,65811,0.008096,0,2,0.0,14792,65813,0.008096,8129050
3,2020-12-23,14756,80356,12162,77132,2594,3224,0,0,14782,80593,0.009914,1,3,0.0,14783,80596,0.009915,8129050
3,2020-12-24,6776,87132,4852,81984,1924,5148,0,0,6774,87366,0.010747,1,4,0.0,6774,87370,0.010748,8129050
3,2020-12-25,721,87853,665,82649,56,5204,0,0,720,88086,0.010836,0,4,0.0,720,88090,0.010836,8129050
3,2020-12-26,4596,92449,2984,85633,1612,6816,0,0,4594,92680,0.011401,0,4,0.0,4594,92684,0.011402,8129050
3,2020-12-27,2970,95419,1845,87478,1125,7941,0,0,2970,95650,0.011766,0,4,0.0,2970,95654,0.011767,8129050
3,2020-12-28,13572,108991,8682,96160,4890,12831,0,0,13598,109247,0.013439,1,5,1e-06,13598,109252,0.01344,8129050
3,2020-12-29,14971,123962,8439,104599,6532,19363,0,0,14998,124243,0.015284,2,7,1e-06,14998,124250,0.015285,8129050
3,2020-12-30,17978,141940,10011,114610,7967,27330,0,0,17966,142209,0.017494,1,8,1e-06,17967,142217,0.017495,8129050
3,2020-12-31,8415,150355,3227,117837,5188,32518,0,0,8415,150623,0.018529,1,9,1e-06,8415,150632,0.01853,8129050
3,2021-01-01,1276,151631,589,118426,687,33205,0,0,1274,151896,0.018686,1,10,1e-06,1274,151906,0.018687,8129050
3,2021-01-02,4935,156566,2419,120845,2516,35721,0,0,4935,156831,0.019293,0,10,1e-06,4935,156841,0.019294,8129050
3,2021-01-03,1604,158170,842,121687,762,36483,0,0,1594,158421,0.019488,4,14,2e-06,1594,158435,0.01949,8129050
3,2021-01-04,11957,170127,5959,127646,5998,42481,0,0,11931,170345,0.020955,7,21,3e-06,11931,170366,0.020958,8129050
3,2021-01-05,15638,185765,8088,135734,7550,50031,0,0,14025,182795,0.022487,1601,1622,0.0002,14051,184417,0.022686,8129050
3,2021-01-06,20498,206263,10811,146545,9687,59718,0,0,16039,194423,0.023917,4419,6041,0.000743,16047,200464,0.02466,8129050
3,2021-01-07,26436,232699,15085,161630,11351,71069,0,0,17130,202292,0.024885,9277,15318,0.001884,17146,217610,0.026769,8129050
3,2021-01-08,30345,263044,18519,180149,11826,82895,0,0,18021,208033,0.025591,12303,27621,0.003398,18044,235654,0.028989,8129050
3,2021-01-09,12353,275397,6983,187132,5370,88265,0,0,7852,211399,0.026005,4494,32115,0.003951,7860,243514,0.029956,8129050
3,2021-01-10,7172,282569,4451,191583,2721,90986,0,0,4041,212316,0.026118,3129,35244,0.004336,4046,247560,0.030454,8129050
3,2021-01-11,28958,311527,18966,210549,9992,100978,0,0,16367,216143,0.026589,12584,47828,0.005884,16411,263971,0.032473,8129050
3,2021-01-12,32215,343742,19277,229826,12938,113916,0,0,19778,223593,0.027505,12418,60246,0.007411,19868,283839,0.034917,8129050
3,2021-01-13,34349,378091,17931,247757,16418,130334,0,0,24203,237668,0.029237,10146,70392,0.008659,24221,308060,0.037896,8129050
3,2021-01-14,34517,412608,14176,261933,20341,150675,0,0,28636,260502,0.032046,5851,76243,0.009379,28685,336745,0.041425,8129050
3,2021-01-15,38765,451373,14407,276340,24358,175033,0,0,34135,290079,0.035684,4622,80865,0.009948,34199,370944,0.045632,8129050
3,2021-01-16,21620,472993,7447,283787,14173,189206,0,0,19304,307104,0.037779,2302,83167,0.010231,19327,390271,0.048009,8129050
3,2021-01-17,13107,486100,4435,288222,8672,197878,0,0,12073,318165,0.039139,1031,84198,0.010358,12092,402363,0.049497,8129050
3,2021-01-18,24724,510824,12923,301145,11801,209679,0,0,19183,331832,0.040821,5557,89755,0.011041,19224,421587,0.051862,8129050
3,2021-01-19,40847,551671,20874,322019,19973,229652,0,0,31800,354693,0.043633,9023,98778,0.012151,31884,453471,0.055784,8129050
3,2021-01-20,45174,596845,22256,344275,22918,252570,0,0,35851,381342,0.046911,9281,108059,0.013293,35930,489401,0.060204,8129050
3,2021-01-21,47606,644451,20587,364862,27019,279589,0,0,42175,418222,0.051448,5363,113422,0.013953,42243,531644,0.065401,8129050
3,2021-01-22,49575,694026,19764,384626,29811,309400,0,0,45445,459599,0.056538,4132,117554,0.014461,45509,577153,0.070999,8129050
3,2021-01-23,30160,724186,12792,397418,17368,326768,0,0,26894,483287,0.059452,3256,120810,0.014862,26944,604097,0.074313,8129050
3,2021-01-24,17637,741823,8482,405900,9155,335923,0,0,16483,498649,0.061342,1152,121962,0.015003,16514,620611,0.076345,8129050
3,2021-01-25,40640,782463,18130,424030,22510,358433,0,0,30719,519555,0.063913,9899,131861,0.016221,30805,651416,0.080134,8129050
3,2021-01-26,47013,829476,22487,446517,24526,382959,0,0,36962,546583,0.067238,10039,141900,0.017456,37067,688483,0.084694,8129050
3,2021-01-27,51278,880754,24448,470965,26830,409789,0,0,40720,576900,0.070968,10487,152387,0.018746,40804,729287,0.089714,8129050
3,2021-01-28,51631,932385,24004,494969,27627,437416,0,0,42746,610903,0.075151,8801,161188,0.019829,42804,772091,0.094979,8129050
3,2021-01-29,50708,983093,24420,519389,26288,463704,0,0,41110,642653,0.079056,9412,170600,0.020986,41162,813253,0.100043,8129050
3,2021-01-30,37110,1020203,17784,537173,19326,483030,0,0,32404,670484,0.08248,4654,175254,0.021559,32485,845738,0.104039,8129050
3,2021-01-31,22208,1042411,12763,549936,9445,492475,0,0,20853,690010,0.084882,1345,176599,0.021724,20871,866609,0.106606,8129050
3,2021-02-01,45652,1088063,20917,570853,24735,517210,0,0,34918,714272,0.087867,10691,187290,0.02304,34953,901562,0.110906,8129050
3,2021-02-02,54106,1142169,22549,593402,31557,548767,0,0,41744,743791,0.091498,12276,199566,0.02455,41795,943357,0.116048,8129050
3,2021-02-03,59687,1201856,26588,619990,33099,581866,0,0,44430,773196,0.095115,15097,214663,0.026407,44502,987859,0.121522,8129050
3,2021-02-04,64087,1265943,27867,647857,36220,618086,0,0,47027,803463,0.098838,16870,231533,0.028482,47137,1034996,0.127321,8129050
3,2021-02-05,69903,1335846,29700,677557,40203,658289,0,0,48414,830779,0.102199,21265,252798,0.031098,48581,1083577,0.133297,8129050
3,2021-02-06,43348,1379194,21049,698606,22299,680588,0,0,33756,855156,0.105198,9561,262359,0.032274,33938,1117515,0.137472,8129050
3,2021-02-07,19642,1398836,12498,711104,7144,687732,0,0,15117,865888,0.106518,4510,266869,0.032829,15242,1132757,0.139347,8129050
3,2021-02-08,51283,1450119,24890,735994,26393,714125,0,0,33710,882315,0.108539,17467,284336,0.034978,33894,1166651,0.143516,8129050
3,2021-02-09,58316,1508435,28471,764465,29845,743970,0,0,34259,893039,0.109858,23883,308219,0.037916,34607,1201258,0.147773,8129050
3,2021-02-10,67776,1576211,31605,796070,36171,780141,0,0,36739,899494,0.110652,30814,339033,0.041706,37269,1238527,0.152358,8129050
3,2021-02-11,70363,1646574,34765,830835,35598,815739,0,0,37754,905516,0.111393,32266,371299,0.045676,38288,1276815,0.157068,8129050
3,2021-02-12,75101,1721675,32550,863385,42551,858290,0,0,41548,914575,0.112507,33261,404560,0.049767,42320,1319135,0.162274,8129050
3,2021-02-13,44553,1766228,20304,883689,24249,882539,0,0,25719,922138,0.113437,18736,423296,0.052072,26299,1345434,0.165509,8129050
3,2021-02-14,27092,1793320,13538,897227,13554,896093,0,0,15123,925789,0.113886,11920,435216,0.053538,15571,1361005,0.167425,8129050
3,2021-02-15,39873,1833193,17182,914409,22691,918784,0,0,22103,931142,0.114545,17686,452902,0.055714,23039,1384044,0.170259,8129050
3,2021-02-16,69678,1902871,33006,947415,36672,955456,0,0,36264,935151,0.115038,33283,486185,0.059808,37292,1421336,0.174847,8129050
3,2021-02-17,71395,1974266,36163,983578,35232,990688,0,0,33998,933036,0.114778,37186,523371,0.064383,35071,1456407,0.179161,8129050
3,2021-02-18,76520,2050786,39998,1023576,36522,1027210,0,0,35517,929045,0.114287,40855,564226,0.069409,36864,1493271,0.183696,8129050
3,2021-02-19,68374,2119160,39443,1063019,28931,1056141,0,0,34607,930682,0.114488,33665,597891,0.07355,35302,1528573,0.188038,8129050
3,2021-02-20,42092,2161252,26666,1089685,15426,1071567,0,0,22237,933650,0.114854,19765,617656,0.075981,22733,1551306,0.190835,8129050
3,2021-02-21,22827,2184079,18996,1108681,3831,1075398,0,0,10858,932999,0.114773,11894,629550,0.077444,11243,1562549,0.192218,8129050
3,2021-02-22,45338,2229417,29550,1138231,15788,1091186,0,0,21469,931157,0.114547,23796,653346,0.080372,21954,1584503,0.194919,8129050
3,2021-02-23,60781,2290198,33168,1171399,27613,1118799,0,0,26852,926206,0.113938,33788,687134,0.084528,28837,1613340,0.198466,8129050
3,2021-02-24,76731,2366929,37613,1209012,39118,1157917,0,0,34210,920566,0.113244,42361,729495,0.089739,36721,1650061,0.202983,8129050
3,2021-02-25,86158,2453087,41955,1250967,44203,1202120,0,0,43213,923656,0.113624,42716,772211,0.094994,45806,1695867,0.208618,8129050
3,2021-02-26,96919,2550006,44305,1295272,52614,1254734,0,0,51475,932225,0.114678,45107,817318,0.100543,53676,1749543,0.215221,8129050
3,2021-02-27,68365,2618371,31526,1326798,36836,1291570,3,3,36393,938137,0.115405,31791,849109,0.104454,37703,1787246,0.219859,8129050
3,2021-02-28,39346,2657717,23052,1349850,16292,1307862,2,5,20715,941318,0.115797,18485,867594,0.106728,21666,1808912,0.222524,8129050
3,2021-03-01,67546,2725263,35993,1385843,31532,1339394,21,26,37744,950781,0.116961,29638,897232,0.110374,39101,1848013,0.227334,8129050
3,2021-03-02,77870,2803133,38575,1424418,39288,1378682,7,33,45626,966354,0.118877,32122,929354,0.114325,47695,1895708,0.233202,8129050
3,2021-03-03,88177,2891310,42202,1466620,45957,1424639,18,51,49267,979169,0.120453,38730,968084,0.119089,51545,1947253,0.239543,8129050
3,2021-03-04,92751,2984061,45631,1512251,47104,1471743,16,67,52782,994474,0.122336,39769,1007853,0.123982,55074,2002327,0.246317,8129050
3,2021-03-05,89165,3073226,43846,1556097,45030,1516773,289,356,54514,1017064,0.125115,34437,1042290,0.128218,57027,2059354,0.253333,8129050
3,2021-03-06,64889,3138115,32891,1588988,29851,1546624,2147,2503,37298,1030524,0.126771,27459,1069749,0.131596,40919,2100273,0.258366,8129050
3,2021-03-07,37481,3175596,22405,1611393,13939,1560563,1137,3640,21631,1038664,0.127772,15797,1085546,0.133539,23937,2124210,0.261311,8129050
3,2021-03-08,58798,3234394,28093,1639486,27847,1588410,2858,6498,37363,1059145,0.130291,21295,1106841,0.136159,41776,2165986,0.26645,8129050
3,2021-03-09,76263,3310657,35441,1674927,36448,1624858,4374,10872,41246,1071033,0.131754,34905,1141746,0.140453,46793,2212779,0.272206,8129050
3,2021-03-10,82264,3392921,41198,1716125,35020,1659878,6046,16918,43128,1082666,0.133185,38948,1180694,0.145244,50581,2263360,0.278429,8129050
3,2021-03-11,96397,3489318,47124,1763249,40725,1700603,8548,25466,47444,1091051,0.134216,48717,1229411,0.151237,57102,2320462,0.285453,8129050
3,2021-03-12,101477,3590795,45385,1808634,44256,1744859,11836,37302,46687,1096163,0.134845,54601,1284012,0.157954,59713,2380175,0.292799,8129050
3,2021-03-13,69559,3660354,29603,1838237,32736,1777595,7220,44522,36615,1108539,0.136368,32835,1316847,0.161993,45211,2425386,0.29836,8129050
3,2021-03-14,40738,3701092,21517,1859754,15672,1793267,3549,48071,20814,1113679,0.137,19861,1336708,0.164436,25001,2450387,0.301436,8129050
3,2021-03-15,75266,3776358,35762,1895516,34970,1828237,4534,52605,39840,1123821,0.138248,35242,1371950,0.168771,45384,2495771,0.307019,8129050
3,2021-03-16,94647,3871005,43646,1939162,46687,1874924,4314,56919,53552,1141717,0.140449,40900,1412850,0.173803,58796,2554567,0.314252,8129050
3,2021-03-17,97379,3968384,47295,1986457,45609,1920533,4475,61394,59461,1168625,0.143759,37714,1450564,0.178442,64622,2619189,0.322201,8129050
3,2021-03-18,102494,4070878,52090,2038547,45981,1966514,4423,65817,59336,1190035,0.146393,42925,1493489,0.183722,64335,2683524,0.330115,8129050
3,2021-03-19,102491,4173369,54959,2093506,43093,2009607,4439,70256,57679,1208138,0.14862,44577,1538066,0.189206,62680,2746204,0.337826,8129050
3,2021-03-20,71189,4244558,36758,2130264,30824,2040431,3607,73863,44171,1229574,0.151257,26854,1564920,0.19251,48290,2794494,0.343766,8129050
3,2021-03-21,35833,4280391,24443,2154707,9887,2050318,1503,75366,22392,1240588,0.152612,13361,1578281,0.194153,24375,2818869,0.346765,8129050
3,2021-03-22,69962,4350353,41122,2195829,26316,2076634,2524,77890,44875,1264119,0.155506,24890,1603171,0.197215,48421,2867290,0.352721,8129050
3,2021-03-23,89244,4439597,49296,2245125,37420,2114054,2528,80418,55125,1288602,0.158518,33883,1637054,0.201383,58366,2925656,0.359901,8129050
3,2021-03-24,98282,4537879,56612,2301737,38768,2152822,2902,83320,56607,1307373,0.160827,41348,1678402,0.20647,60119,2985775,0.367297,8129050
3,2021-03-25,106862,4644741,59382,2361119,44536,2197358,2944,86264,60724,1325858,0.163101,45839,1724241,0.212109,64324,3050099,0.37521,8129050
3,2021-03-26,110043,4754784,59116,2420235,47655,2245013,3272,89536,57349,1334921,0.164216,52407,1776648,0.218555,61470,3111569,0.382772,8129050
3,2021-03-27,74083,4828867,37718,2457953,33820,2278833,2545,92081,36216,1336678,0.164432,37678,1814326,0.22319,39435,3151004,0.387623,8129050
3,2021-03-28,43999,4872866,27853,2485806,15340,2294173,806,92887,22399,1338944,0.164711,21497,1835823,0.225835,23763,3174767,0.390546,8129050
3,2021-03-29,80297,4953163,41991,2527797,36465,2330638,1841,94728,44326,1350163,0.166091,35758,1871581,0.230234,46977,3221744,0.396325,8129050
3,2021-03-30,99833,5052996,49084,2576881,47128,2377766,3621,98349,56226,1367237,0.168191,43375,1914956,0.235569,60449,3282193,0.403761,8129050
3,2021-03-31,104576,5157572,56481,2633362,43287,2421053,4808,103157,56412,1380818,0.169862,47976,1962932,0.241471,61557,3343750,0.411333,8129050
3,2021-04-01,123085,5280657,62306,2695668,51115,2472168,9664,112821,66940,1401950,0.172462,55813,2018745,0.248337,76945,3420695,0.420799,8129050
3,2021-04-02,117540,5398197,57444,2753112,49815,2521983,10281,123102,62428,1420298,0.174719,54864,2073609,0.255086,73212,3493907,0.429805,8129050
3,2021-04-03,75847,5474044,38797,2791909,27850,2549833,9200,132302,37916,1429949,0.175906,37805,2111414,0.259737,47456,3541363,0.435643,8129050
3,2021-04-04,32325,5506369,17274,2809183,10855,2560688,4196,136498,14231,1430392,0.175961,18025,2129439,0.261954,18468,3559831,0.437915,8129050
3,2021-04-05,88898,5595267,45214,2854397,34603,2595291,9081,145579,43698,1438995,0.177019,45011,2174450,0.267491,53614,3613445,0.44451,8129050
3,2021-04-06,112930,5708197,55032,2909429,42773,2638064,15125,160704,53378,1448912,0.178239,59311,2233761,0.274787,69228,3682673,0.453026,8129050
3,2021-04-07,115843,5824040,59973,2969402,39628,2677692,16242,176946,56322,1462460,0.179905,59294,2293055,0.282082,72842,3755515,0.461987,8129050
3,2021-04-08,121122,5945162,60332,3029734,40735,2718427,20055,197001,56484,1475425,0.1815,64369,2357424,0.29,77334,3832849,0.4715,8129050
3,2021-04-09,117886,6063048,58768,3088502,40049,2758476,19069,216070,51979,1481712,0.182274,65695,2423119,0.298081,71982,3904831,0.480355,8129050
3,2021-04-10,83449,6146497,37696,3126198,30559,2789035,15194,231264,34166,1482780,0.182405,49131,2472250,0.304125,50199,3955030,0.48653,8129050
3,2021-04-11,45008,6191505,24188,3150386,12821,2801856,7999,239263,17221,1481137,0.182203,27706,2499956,0.307534,26063,3981093,0.489737,8129050
3,2021-04-12,83616,6275121,42263,3192649,32624,2834480,8729,247992,38171,1483888,0.182541,45239,2545195,0.313099,47990,4029083,0.49564,8129050
3,2021-04-13,105015,6380136,56880,3249529,47922,2882402,213,248205,55687,1491564,0.183486,49126,2594321,0.319142,56802,4085885,0.502628,8129050
3,2021-04-14,106892,6487028,58408,3307937,48388,2930790,96,248301,53596,1493660,0.183743,53040,2647361,0.325667,55136,4141021,0.50941,8129050
3,2021-04-15,118633,6605661,66790,3374727,51776,2982566,67,248368,63997,1504160,0.185035,54379,2701740,0.332356,64879,4205900,0.517391,8129050
3,2021-04-16,114188,6719849,64103,3438830,49992,3032558,93,248461,59808,1510637,0.185832,54125,2755865,0.339014,60602,4266502,0.524846,8129050
3,2021-04-17,78055,6797904,42680,3481510,35363,3067921,12,248473,43519,1520776,0.187079,34356,2790221,0.343241,44495,4310997,0.53032,8129050
3,2021-04-18,36986,6834890,21963,3503473,15020,3082941,3,248476,17391,1519531,0.186926,19511,2809732,0.345641,18266,4329263,0.532567,8129050
3,2021-04-19,78035,6912925,43609,3547082,34375,3117316,51,248527,35247,1512736,0.18609,42632,2852364,0.350885,35837,4365100,0.536975,8129050
3,2021-04-20,98021,7010946,50793,3597875,47213,3164529,15,248542,47756,1511494,0.185937,50058,2902422,0.357043,48816,4413916,0.542981,8129050
3,2021-04-21,101158,7112104,55655,3653530,45438,3209967,65,248607,47933,1507542,0.185451,52938,2955360,0.363555,48986,4462902,0.549007,8129050
3,2021-04-22,108905,7221009,60653,3714183,48232,3258199,20,248627,46967,1493830,0.183764,61652,3017012,0.37114,47940,4510842,0.554904,8129050
3,2021-04-23,103307,7324316,58468,3772651,44816,3303015,23,248650,45341,1482538,0.182375,57653,3074665,0.378232,46361,4557203,0.560607,8129050
3,2021-04-24,72930,7397246,45220,3817871,27650,3330665,60,248710,35599,1482088,0.18232,37092,3111757,0.382795,36642,4593845,0.565115,8129050
3,2021-04-25,36221,7433467,23345,3841216,12863,3343528,13,248723,18679,1483752,0.182525,17422,3129179,0.384938,19086,4612931,0.567462,8129050
3,2021-04-26,72241,7505708,40545,3881761,31311,3374839,385,249108,30905,1475308,0.181486,41108,3170287,0.389995,32664,4645595,0.571481,8129050
3,2021-04-27,89427,7595135,46592,3928353,41105,3415944,1730,250838,35527,1459729,0.179569,53631,3223918,0.396592,38052,4683647,0.576162,8129050
3,2021-04-28,84728,7679863,47646,3975999,34969,3450913,2113,252951,34723,1447347,0.178046,49750,3273668,0.402712,37368,4721015,0.580759,8129050
3,2021-04-29,86842,7766705,49197,4025196,35463,3486376,2182,255133,30945,1425329,0.175338,55625,3329293,0.409555,33607,4754622,0.584893,8129050
3,2021-04-30,88383,7855088,49567,4074763,36352,3522728,2464,257597,32764,1405676,0.17292,55338,3384631,0.416362,35685,4790307,0.589283,8129050
3,2021-05-01,54559,7909647,34404,4109167,18710,3541438,1445,259042,19643,1392515,0.171301,34734,3419365,0.420635,21573,4811880,0.591936,8129050
3,2021-05-02,26742,7936389,18245,4127412,7490,3548928,1007,260049,9814,1386588,0.170572,16849,3436214,0.422708,10922,4822802,0.59328,8129050
3,2021-05-03,58880,7995269,34475,4161887,22061,3570989,2344,262393,17273,1364952,0.16791,41433,3477647,0.427805,19797,4842599,0.595715,8129050
3,2021-05-04,75546,8070815,43190,4205077,29713,3600702,2643,265036,22079,1336746,0.164441,53208,3530855,0.43435,25002,4867601,0.598791,8129050
3,2021-05-05,76916,8147731,45764,4250841,28476,3629178,2676,267712,21450,1305941,0.160651,55188,3586043,0.441139,24383,4891984,0.60179,8129050
3,2021-05-06,81396,8229127,51112,4301953,27772,3656950,2512,270224,20315,1268668,0.156066,60653,3646696,0.448601,23380,4915364,0.604666,8129050
3,2021-05-07,80809,8309936,50142,4352095,28062,3685012,2605,272829,21572,1234204,0.151826,58929,3705625,0.45585,24465,4939829,0.607676,8129050
3,2021-05-08,50336,8360272,31015,4383110,17696,3702708,1625,274454,13486,1212949,0.149212,36625,3742250,0.460355,15370,4955199,0.609567,8129050
3,2021-05-09,20349,8380621,14784,4397894,4787,3707495,778,275232,5574,1204672,0.148193,14695,3756945,0.462163,6418,4961617,0.610356,8129050
3,2021-05-10,46701,8427322,24875,4422769,19939,3727434,1887,277119,11097,1182485,0.145464,35427,3792372,0.466521,13240,4974857,0.611985,8129050
3,2021-05-11,61442,8488764,33701,4456470,25554,3752988,2187,279306,15681,1155258,0.142115,45554,3837926,0.472125,18327,4993184,0.61424,8129050
3,2021-05-12,62777,8551541,35842,4492312,24552,3777540,2383,281689,17110,1129606,0.138959,45449,3883375,0.477716,19797,5012981,0.616675,8129050
3,2021-05-13,72920,8624461,46040,4538352,25001,3802541,1879,283568,27245,1113894,0.137026,45456,3928831,0.483308,29744,5042725,0.620334,8129050
3,2021-05-14,78070,8702531,49274,4587626,26685,3829226,2111,285679,30768,1100309,0.135355,47059,3975890,0.489097,33474,5076199,0.624452,8129050
3,2021-05-15,60788,8763319,41844,4629470,17743,3846969,1201,286880,25143,1091392,0.134258,35470,4011360,0.49346,26553,5102752,0.627718,8129050
3,2021-05-16,31642,8794961,23710,4653180,7249,3854218,683,287563,12735,1086078,0.133605,18812,4030172,0.495774,13498,5116250,0.629379,8129050
3,2021-05-17,56119,8851080,35757,4688937,18551,3872769,1811,289374,21125,1074461,0.132175,34750,4064922,0.500049,23133,5139383,0.632224,8129050
3,2021-05-18,63539,8914619,37534,4726471,24170,3896939,1835,291209,24371,1062135,0.130659,38920,4103842,0.504837,26594,5165977,0.635496,8129050
3,2021-05-19,62703,8977322,38306,4764777,22684,3919623,1713,292922,25133,1051910,0.129401,37344,4141186,0.50943,27119,5193096,0.638832,8129050
3,2021-05-20,60232,9037554,35318,4800095,23110,3942733,1804,294726,22239,1038603,0.127764,37736,4178922,0.514073,24429,5217525,0.641837,8129050
3,2021-05-21,64887,9102441,39535,4839630,23277,3966010,2075,296801,23945,1024287,0.126003,40677,4219599,0.519077,26361,5243886,0.64508,8129050
3,2021-05-22,44730,9147171,29597,4869227,13685,3979695,1448,298249,18611,1018717,0.125318,25934,4245533,0.522267,20364,5264250,0.647585,8129050
3,2021-05-23,20465,9167636,14196,4883423,5628,3985323,641,298890,8893,1016891,0.125093,11499,4257032,0.523681,9673,5273923,0.648775,8129050
3,2021-05-24,38452,9206088,22348,4905771,14369,3999692,1735,300625,14380,1009300,0.12416,23905,4280937,0.526622,16314,5290237,0.650782,8129050
3,2021-05-25,42271,9248359,23850,4929621,16770,4016462,1651,302276,15308,999746,0.122984,26737,4307674,0.529911,17183,5307420,0.652895,8129050
3,2021-05-26,41658,9290017,23790,4953411,16172,4032634,1696,303972,15975,992175,0.122053,25408,4333082,0.533037,17837,5325257,0.65509,8129050
3,2021-05-27,38796,9328813,21672,4975083,15381,4048015,1743,305715,15428,986392,0.121342,23228,4356310,0.535894,17445,5342702,0.657236,8129050
3,2021-05-28,42093,9370906,23871,4998954,16473,4064488,1749,307464,17723,982010,0.120803,24204,4380514,0.538872,19822,5362524,0.659674,8129050
3,2021-05-29,23129,9394035,14146,5013100,8161,4072649,822,308286,11150,982258,0.120833,11869,4392383,0.540332,12117,5374641,0.661165,8129050
3,2021-05-30,10495,9404530,6807,5019907,3055,4075704,633,308919,4562,981630,0.120756,5872,4398255,0.541054,5244,5379885,0.66181,8129050
3,2021-05-31,4610,9409140,2669,5022576,1674,4077378,267,309186,1497,980334,0.120596,3089,4401344,0.541434,1793,5381678,0.66203,8129050
3,2021-06-01,37314,9446454,21540,5044116,14356,4091734,1418,310604,13862,972595,0.119644,23263,4424607,0.544296,15524,5397202,0.66394,8129050
3,2021-06-02,31221,9477675,17984,5062100,11834,4103568,1403,312007,11937,967007,0.118957,19096,4443703,0.546645,13508,5410710,0.665602,8129050
3,2021-06-03,39199,9516874,26865,5088965,10923,4114491,1411,313418,11918,953474,0.117292,27118,4470821,0.549981,13585,5424295,0.667273,8129050
3,2021-06-04,45582,9562456,32307,5121272,11759,4126250,1516,314934,13603,937277,0.1153,31760,4502581,0.553888,15563,5439858,0.669187,8129050
3,2021-06-05,33915,9596371,25594,5146866,7146,4133396,1175,316109,8996,922928,0.113535,24728,4527309,0.55693,10379,5450237,0.670464,8129050
3,2021-06-06,14130,9610501,11781,5158647,1785,4135181,564,316673,4031,917650,0.112885,10049,4537358,0.558166,4771,5455008,0.671051,8129050
3,2021-06-07,29838,9640339,21693,5180340,6899,4142080,1246,317919,8808,906952,0.111569,20904,4558262,0.560737,10206,5465214,0.672307,8129050
3,2021-06-08,33352,9673691,23939,5204279,8155,4150235,1258,319177,9945,895210,0.110125,23209,4581471,0.563592,11467,5476681,0.673717,8129050
3,2021-06-09,23923,9697614,17093,5221372,5826,4156061,1004,320181,6188,884918,0.108859,17620,4599091,0.56576,7328,5484009,0.674619,8129050
3,2021-06-10,23948,9721562,17291,5238663,5466,4161527,1191,321372,6505,875425,0.107691,17332,4616423,0.567892,7839,5491848,0.675583,8129050
3,2021-06-11,21918,9743480,14898,5253561,6039,4167566,981,322353,6212,867150,0.106673,15568,4631991,0.569807,7293,5499141,0.67648,8129050
3,2021-06-12,11817,9755297,9465,5263026,1844,4169410,508,322861,2770,861497,0.105978,9008,4640999,0.570915,3355,5502496,0.676893,8129050
4,2020-12-15,450,450,450,450,0,0,0,0,450,450,5.6e-05,0,0,0.0,450,450,5.6e-05,8037679
4,2020-12-16,3006,3456,3006,3456,0,0,0,0,3006,3456,0.00043,0,0,0.0,3006,3456,0.00043,8037679
4,2020-12-17,8838,12294,8838,12294,0,0,0,0,8838,12294,0.00153,0,0,0.0,8838,12294,0.00153,8037679
4,2020-12-18,15941,28235,15932,28226,9,9,0,0,15941,28235,0.003513,0,0,0.0,15941,28235,0.003513,8037679
4,2020-12-19,10261,38496,10253,38479,8,17,0,0,10196,38431,0.004781,0,0,0.0,10196,38431,0.004781,8037679
4,2020-12-20,7374,45870,7367,45846,7,24,0,0,7329,45760,0.005693,0,0,0.0,7329,45760,0.005693,8037679
4,2020-12-21,16297,62167,16272,62118,25,49,0,0,16231,61990,0.007712,1,1,0.0,16231,61991,0.007713,8037679
4,2020-12-22,17121,79288,16384,78502,737,786,0,0,17075,79065,0.009837,0,1,0.0,17075,79066,0.009837,8037679
4,2020-12-23,17021,96309,14317,92819,2704,3490,0,0,16991,96054,0.01195,2,3,0.0,16991,96057,0.011951,8037679
4,2020-12-24,8550,104859,5961,98780,2589,6079,0,0,8548,104601,0.013014,1,4,0.0,8548,104605,0.013014,8037679
4,2020-12-25,900,105759,795,99575,105,6184,0,0,900,105501,0.013126,0,4,0.0,900,105505,0.013126,8037679
4,2020-12-26,6150,111909,3870,103445,2280,8464,0,0,6150,111651,0.013891,0,4,0.0,6150,111655,0.013891,8037679
4,2020-12-27,3422,115331,1991,105436,1431,9895,0,0,3422,115073,0.014317,0,4,0.0,3422,115077,0.014317,8037679
4,2020-12-28,15031,130362,9283,114719,5748,15643,0,0,15003,130075,0.016183,1,5,1e-06,15003,130080,0.016184,8037679
4,2020-12-29,15346,145708,8495,123214,6851,22494,0,0,15312,145386,0.018088,1,6,1e-06,15312,145392,0.018089,8037679
4,2020-12-30,18930,164638,11066,134280,7864,30358,0,0,18919,164303,0.020442,2,8,1e-06,18919,164311,0.020443,8037679
4,2020-12-31,8263,172901,3341,137621,4922,35280,0,0,8251,172545,0.021467,9,17,2e-06,8251,172562,0.021469,8037679
4,2021-01-01,1406,174307,621,138242,785,36065,0,0,1404,173947,0.021641,2,19,2e-06,1404,173966,0.021644,8037679
4,2021-01-02,5715,180022,3229,141471,2486,38551,0,0,5714,179660,0.022352,1,20,2e-06,5714,179680,0.022355,8037679
4,2021-01-03,2132,182154,1265,142736,867,39418,0,0,2116,181772,0.022615,4,24,3e-06,2116,181796,0.022618,8037679
4,2021-01-04,12966,195120,7050,149786,5916,45334,0,0,12919,194662,0.024219,29,53,7e-06,12919,194715,0.024225,8037679
4,2021-01-05,16883,212003,9987,159773,6896,52230,0,0,14771,207357,0.025798,2088,2141,0.000266,14783,209498,0.026064,8037679
4,2021-01-06,21533,233536,13203,172976,8330,60560,0,0,15543,216977,0.026995,5936,8077,0.001005,15556,225054,0.028,8037679
4,2021-01-07,27905,261441,17002,189978,10903,71463,0,0,16832,222814,0.027721,11015,19092,0.002375,16852,241906,0.030096,8037679
4,2021-01-08,32783,294224,21028,211006,11755,83218,0,0,18292,226706,0.028205,14420,33512,0.004169,18312,260218,0.032375,8037679
4,2021-01-09,16263,310487,9623,220629,6640,89858,0,0,9438,229352,0.028535,6803,40315,0.005016,9449,269667,0.03355,8037679
4,2021-01-10,8748,319235,5654,226283,3094,92952,0,0,4130,228890,0.028477,4600,44915,0.005588,4138,273805,0.034065,8037679
4,2021-01-11,33363,352598,21883,248166,11480,104432,0,0,18796,233196,0.029013,14531,59446,0.007396,18837,292642,0.036409,8037679
4,2021-01-12,38514,391112,22204,270370,16310,120742,0,0,24327,243471,0.030291,14121,73567,0.009153,24396,317038,0.039444,8037679
4,2021-01-13,38719,429831,19105,289475,19614,140356,0,0,27399,259668,0.032306,11264,84831,0.010554,27461,344499,0.042861,8037679
4,2021-01-14,39213,469044,15065,304540,24148,164504,0,0,32041,284701,0.035421,7126,91957,0.011441,32159,376658,0.046862,8037679
4,2021-01-15,45328,514372,15753,320293,29575,194079,0,0,39805,319058,0.039695,5469,97426,0.012121,39826,416484,0.051816,8037679
4,2021-01-16,28691,543063,9406,329699,19285,213364,0,0,25567,341565,0.042495,3089,100515,0.012505,25596,442080,0.055001,8037679
4,2021-01-17,19110,562173,6731,336430,12379,225743,0,0,17585,357667,0.044499,1498,102013,0.012692,17600,459680,0.057191,8037679
4,2021-01-18,29469,591642,13657,350087,15812,241555,0,0,23483,375286,0.046691,5890,107903,0.013425,23509,483189,0.060115,8037679
4,2021-01-19,46134,637776,23175,373262,22959,264514,0,0,36774,402831,0.050118,9303,117206,0.014582,36848,520037,0.0647,8037679
4,2021-01-20,51871,689647,27471,400733,24400,288914,0,0,41436,433988,0.053994,10336,127542,0.015868,41493,561530,0.069862,8037679
4,2021-01-21,56765,746412,25123,425856,31642,320556,0,0,50322,477982,0.059468,6375,133917,0.016661,50369,611899,0.076129,8037679
4,2021-01-22,55154,801566,22133,447989,33021,353577,0,0,50048,523046,0.065074,5012,138929,0.017285,50076,661975,0.082359,8037679
4,2021-01-23,39502,841068,17419,465408,22083,375660,0,0,35169,553920,0.068915,4324,143253,0.017823,35198,697173,0.086738,8037679
4,2021-01-24,23917,864985,10489,475897,13428,389088,0,0,22040,574108,0.071427,1869,145122,0.018055,22057,719230,0.089482,8037679
4,2021-01-25,47982,912967,22155,498052,25827,414915,0,0,36873,599958,0.074643,11078,156200,0.019433,36928,756158,0.094077,8037679
4,2021-01-26,56865,969832,29007,527059,27858,442773,0,0,44608,632428,0.078683,12203,168403,0.020952,44673,800831,0.099635,8037679
4,2021-01-27,56282,1026114,26798,553857,29484,472257,0,0,45302,666876,0.082969,10908,179311,0.022309,45356,846187,0.105278,8037679
4,2021-01-28,56609,1082723,25594,579451,31015,503272,0,0,46646,703697,0.08755,9876,189187,0.023538,46697,892884,0.111087,8037679
4,2021-01-29,56554,1139277,27160,606611,29394,532666,0,0,46218,739761,0.092037,10191,199378,0.024805,46255,939139,0.116842,8037679
4,2021-01-30,37832,1177109,17242,623853,20590,553256,0,0,32486,766976,0.095423,5297,204675,0.025464,32512,971651,0.120887,8037679
4,2021-01-31,23936,1201045,12590,636443,11346,564602,0,0,22320,787714,0.098003,1599,206274,0.025663,22337,993988,0.123666,8037679
4,2021-02-01,49708,1250753,24065,660508,25643,590245,0,0,38104,814296,0.10131,11562,217836,0.027102,38144,1032132,0.128412,8037679
4,2021-02-02,55374,1306127,25500,686008,29874,620119,0,0,42542,844114,0.10502,12767,230603,0.02869,42585,1074717,0.13371,8037679
4,2021-02-03,61981,1368108,30519,716527,31462,651581,0,0,47685,877669,0.109194,14186,244789,0.030455,47741,1122458,0.13965,8037679
4,2021-02-04,67439,1435547,31416,747943,36023,687604,0,0,50770,912026,0.113469,16519,261308,0.03251,50876,1173334,0.145979,8037679
4,2021-02-05,73139,1508686,33962,781905,39177,726781,0,0,50973,941227,0.117102,21911,283219,0.035236,51112,1224446,0.152338,8037679
4,2021-02-06,48379,1557065,26311,808216,22068,748849,0,0,36860,966802,0.120284,11485,294704,0.036665,37060,1261506,0.156949,8037679
4,2021-02-07,26534,1583599,17571,825787,8963,757812,0,0,20093,980719,0.122015,6415,301119,0.037463,20332,1281838,0.159479,8037679
4,2021-02-08,58589,1642188,30191,855978,28398,786210,0,0,38191,998906,0.124278,20270,321389,0.039985,38457,1320295,0.164263,8037679
4,2021-02-09,67168,1709356,34230,890208,32938,819148,0,0,39469,1011151,0.125801,27628,349017,0.043423,39873,1360168,0.169224,8037679
4,2021-02-10,77154,1786510,38639,928847,38515,857663,0,0,41023,1016814,0.126506,35903,384920,0.047889,41566,1401734,0.174395,8037679
4,2021-02-11,81189,1867699,42430,971277,38759,896422,0,0,41965,1020444,0.126958,39003,423923,0.052742,42633,1444367,0.1797,8037679
4,2021-02-12,84129,1951828,37695,1008972,46434,942856,0,0,43378,1024060,0.127407,40549,464472,0.057787,44165,1488532,0.185194,8037679
4,2021-02-13,58516,2010344,29723,1038695,28793,971649,0,0,29855,1026279,0.127684,28534,493006,0.061337,30753,1519285,0.18902,8037679
4,2021-02-14,36683,2047027,19030,1057725,17653,989302,0,0,18858,1028021,0.1279,17774,510780,0.063548,19516,1538801,0.191448,8037679
4,2021-02-15,46058,2093085,21581,1079306,24477,1013779,0,0,23676,1030557,0.128216,22317,533097,0.066325,24853,1563654,0.19454,8037679
4,2021-02-16,79946,2173031,36644,1115950,43302,1057081,0,0,40705,1033336,0.128561,39144,572241,0.071195,41923,1605577,0.199756,8037679
4,2021-02-17,81319,2254350,38406,1154356,42913,1099994,0,0,38768,1030844,0.128251,42389,614630,0.076469,39897,1645474,0.20472,8037679
4,2021-02-18,83080,2337430,45719,1200075,37361,1137355,0,0,38429,1026258,0.127681,44494,659124,0.082004,39908,1685382,0.209685,8037679
4,2021-02-19,82416,2419846,51807,1251882,30609,1167964,0,0,41295,1027270,0.127807,40981,700105,0.087103,41993,1727375,0.21491,8037679
4,2021-02-20,48919,2468765,32626,1284508,16293,1184257,0,0,26723,1032546,0.128463,22140,722245,0.089857,27416,1754791,0.218321,8037679
4,2021-02-21,29214,2497979,23469,1307977,5745,1190002,0,0,14076,1031834,0.128375,15072,737317,0.091733,14360,1769151,0.220107,8037679
4,2021-02-22,53079,2551058,36443,1344420,16636,1206638,0,0,25773,1030845,0.128252,27211,764528,0.095118,26222,1795373,0.22337,8037679
4,2021-02-23,73831,2624889,40972,1385392,32859,1239497,0,0,32555,1023925,0.127391,41146,805674,0.100237,34226,1829599,0.227628,8037679
4,2021-02-24,88717,2713606,46865,1432257,41852,1281349,0,0,40086,1017742,0.126621,48425,854099,0.106262,42242,1871841,0.232883,8037679
4,2021-02-25,99919,2813525,52186,1484443,47733,1329082,0,0,47944,1016420,0.126457,51823,905922,0.112709,50501,1922342,0.239166,8037679
4,2021-02-26,106397,2919922,53717,1538160,52680,1381762,0,0,54521,1021633,0.127105,51654,957576,0.119136,56867,1979209,0.246241,8037679
4,2021-02-27,77069,2996991,42044,1580204,35019,1416781,6,6,41332,1028856,0.128004,35599,993175,0.123565,42822,2022031,0.251569,8037679
4,2021-02-28,47406,3044397,29475,1609679,17926,1434707,5,11,26558,1035592,0.128842,20709,1013884,0.126141,27445,2049476,0.254984,8037679
4,2021-03-01,77784,3122181,45696,1655375,32057,1466764,31,42,42957,1045184,0.130036,34586,1048470,0.130444,44178,2093654,0.26048,8037679
4,2021-03-02,84987,3207168,48933,1704308,36048,1502812,6,48,50289,1062719,0.132217,34546,1083016,0.134742,52081,2145735,0.26696,8037679
4,2021-03-03,99550,3306718,52843,1757151,46694,1549506,13,61,55463,1076070,0.133878,43892,1126908,0.140203,57243,2202978,0.274081,8037679
4,2021-03-04,96852,3403570,53878,1811029,42957,1592463,17,78,53285,1087781,0.135335,43365,1170273,0.145598,55076,2258054,0.280934,8037679
4,2021-03-05,94268,3497838,50957,1861986,42997,1635460,314,392,55980,1107916,0.13784,38093,1208366,0.150338,58228,2316282,0.288178,8037679
4,2021-03-06,76093,3573931,42966,1904952,30513,1665973,2614,3006,46789,1129476,0.140523,29192,1237558,0.15397,50752,2367034,0.294492,8037679
4,2021-03-07,42671,3616602,27278,1932230,14211,1680184,1182,4188,25598,1140332,0.141873,17013,1254571,0.156086,27869,2394903,0.29796,8037679
4,2021-03-08,66331,3682933,34765,1966995,28371,1708555,3195,7383,43843,1166329,0.145108,22384,1276955,0.158871,48381,2443284,0.303979,8037679
4,2021-03-09,81111,3764044,41127,2008122,34853,1743408,5131,12514,43857,1179342,0.146727,37100,1314055,0.163487,50113,2493397,0.310214,8037679
4,2021-03-10,90843,3854887,46949,2055071,36445,1779853,7449,19963,45969,1189023,0.147931,44714,1358769,0.16905,54395,2547792,0.316981,8037679
4,2021-03-11,100403,3955290,52734,2107805,39279,1819132,8390,28353,46529,1191410,0.148228,53660,1412429,0.175726,56047,2603839,0.323954,8037679
4,2021-03-12,104457,4059747,51564,2159369,42622,1861754,10271,38624,44736,1187916,0.147793,59490,1471919,0.183127,55996,2659835,0.330921,8037679
4,2021-03-13,80972,4140719,37719,2197088,34860,1896614,8393,47017,38074,1192758,0.148396,42777,1514696,0.188449,47619,2707454,0.336845,8037679
4,2021-03-14,49564,4190283,28366,2225454,17561,1914175,3637,50654,23274,1194103,0.148563,26203,1540899,0.191709,27548,2735002,0.340273,8037679
4,2021-03-15,83590,4273873,44975,2270429,34370,1948545,4245,54899,42766,1201352,0.149465,40612,1581511,0.196762,47861,2782863,0.346227,8037679
4,2021-03-16,107460,4381333,55851,2326280,48211,1996756,3398,58297,57041,1212298,0.150827,50204,1631715,0.203008,61150,2844013,0.353835,8037679
4,2021-03-17,106142,4487475,57065,2383345,45627,2042383,3450,61747,62286,1234984,0.153649,43620,1675335,0.208435,66306,2910319,0.362085,8037679
4,2021-03-18,106291,4593766,58889,2442234,43755,2086138,3647,65394,60401,1253841,0.155995,45638,1720973,0.214113,64495,2974814,0.370109,8037679
4,2021-03-19,110720,4704486,63612,2505846,41923,2128061,5185,70579,63157,1275264,0.158661,47332,1768305,0.220002,68755,3043569,0.378663,8037679
4,2021-03-20,83287,4787773,48846,2554692,31443,2159504,2998,73577,51149,1297714,0.161454,32014,1800319,0.223985,54464,3098033,0.385439,8037679
4,2021-03-21,47922,4835695,34739,2589431,10921,2170425,2262,75839,28373,1309274,0.162892,19439,1819758,0.226403,30999,3129032,0.389295,8037679
4,2021-03-22,81815,4917510,53444,2642875,25651,2196076,2720,78559,50864,1332835,0.165823,30742,1850500,0.230228,54303,3183335,0.396052,8037679
4,2021-03-23,103972,5021482,62136,2705011,39691,2235767,2145,80704,61962,1355733,0.168672,41752,1892252,0.235423,64650,3247985,0.404095,8037679
4,2021-03-24,113129,5134611,73124,2778135,37598,2273365,2407,83111,64094,1374066,0.170953,48634,1940886,0.241473,66967,3314952,0.412427,8037679
4,2021-03-25,116666,5251277,71912,2850047,42368,2315733,2386,85497,66946,1394602,0.173508,49278,1990164,0.247604,69814,3384766,0.421112,8037679
4,2021-03-26,119355,5370632,72548,2922595,43764,2359497,3043,88540,65473,1410166,0.175444,53556,2043720,0.254267,69120,3453886,0.429712,8037679
4,2021-03-27,91327,5461959,54185,2976780,35361,2394858,1781,90321,46461,1414243,0.175952,44653,2088373,0.259823,48730,3502616,0.435775,8037679
4,2021-03-28,55551,5517510,36722,3013502,17957,2412815,872,91193,29623,1419288,0.176579,25788,2114161,0.263031,30833,3533449,0.439611,8037679
4,2021-03-29,93261,5610771,56048,3069550,35140,2447955,2073,93266,50639,1430155,0.177931,42403,2156564,0.268307,53270,3586719,0.446238,8037679
4,2021-03-30,116777,5727548,63802,3133352,48829,2496784,4146,97412,69483,1457142,0.181289,47087,2203651,0.274165,74074,3660793,0.455454,8037679
4,2021-03-31,120668,5848216,71370,3204722,42980,2539764,6318,103730,68010,1479342,0.184051,52345,2255996,0.280678,74545,3735338,0.464728,8037679
4,2021-04-01,142135,5990351,81219,3285941,47727,2587491,13189,116919,83994,1519007,0.188986,57756,2313752,0.287863,97421,3832759,0.476849,8037679
4,2021-04-02,136226,6126577,72937,3358878,49748,2637239,13541,130460,78886,1554723,0.193429,57071,2370823,0.294964,92787,3925546,0.488393,8037679
4,2021-04-03,100960,6227537,53936,3412814,33650,2670889,13374,143834,52716,1573032,0.195707,48057,2418880,0.300943,66366,3991912,0.49665,8037679
4,2021-04-04,46810,6274347,24696,3437510,14603,2685492,7511,151345,20434,1574751,0.195921,26279,2445159,0.304212,27998,4019910,0.500133,8037679
4,2021-04-05,108960,6383307,61360,3498870,34852,2720344,12748,164093,56921,1593170,0.198213,51852,2497011,0.310663,70271,4090181,0.508876,8037679
4,2021-04-06,138452,6521759,77959,3576829,40761,2761105,19732,183825,72041,1619409,0.201477,66194,2563205,0.318899,92433,4182614,0.520376,8037679
4,2021-04-07,137086,6658845,77698,3654527,38719,2799824,20669,204494,71149,1645855,0.204767,65704,2628909,0.327073,92150,4274764,0.531841,8037679
4,2021-04-08,139586,6798431,77810,3732337,36399,2836223,25377,229871,69503,1671575,0.207967,69821,2698730,0.33576,95541,4370305,0.543727,8037679
4,2021-04-09,137236,6935667,75309,3807646,39000,2875223,22927,252798,65670,1689878,0.210245,71359,2770089,0.344638,89662,4459967,0.554882,8037679
4,2021-04-10,103040,7038707,51029,3858675,33196,2908419,18815,271613,46460,1699851,0.211485,56381,2826470,0.351653,66354,4526321,0.563138,8037679
4,2021-04-11,62290,7100997,37976,3896651,13137,2921556,11177,282790,27340,1704610,0.212077,34856,2861326,0.355989,39615,4565936,0.568066,8037679
4,2021-04-12,102430,7203427,62297,3958948,30014,2951570,10119,292909,51784,1717371,0.213665,50369,2911695,0.362256,63130,4629066,0.575921,8037679
4,2021-04-13,129904,7333331,81500,4040448,48242,2999812,162,293071,78055,1744863,0.217085,51593,2963288,0.368675,79085,4708151,0.58576,8037679
4,2021-04-14,135025,7468356,86043,4126491,48905,3048717,77,293148,75154,1761757,0.219187,59574,3022862,0.376086,76468,4784619,0.595274,8037679
4,2021-04-15,155342,7623698,103432,4229923,51849,3100566,61,293209,95904,1799372,0.223867,59119,3081981,0.383442,96734,4881353,0.607309,8037679
4,2021-04-16,142205,7765903,90285,4320208,51843,3152409,77,293286,83096,1824449,0.226987,58857,3140838,0.390764,83934,4965287,0.617751,8037679
4,2021-04-17,99927,7865830,63059,4383267,36845,3189254,23,293309,58584,1843093,0.229307,41107,3181945,0.395879,59751,5025038,0.625185,8037679
4,2021-04-18,54027,7919857,36125,4419392,17899,3207153,3,293312,30706,1851538,0.230357,23211,3205156,0.398766,31656,5056694,0.629124,8037679
4,2021-04-19,100183,8020040,66220,4485612,33947,3241100,16,293328,51312,1854794,0.230762,48659,3253815,0.40482,51915,5108609,0.635583,8037679
4,2021-04-20,127155,8147195,74703,4560315,52438,3293538,14,293342,66746,1862468,0.231717,60149,3313964,0.412304,67823,5176432,0.644021,8037679
4,2021-04-21,127395,8274590,81696,4642011,45648,3339186,51,293393,64386,1865203,0.232057,62715,3376679,0.420106,65450,5241882,0.652164,8037679
4,2021-04-22,137128,8411718,90339,4732350,46768,3385954,21,293414,61421,1852356,0.230459,75394,3452073,0.429486,62547,5304429,0.659945,8037679
4,2021-04-23,130544,8542262,84293,4816643,46228,3432182,23,293437,56676,1836649,0.228505,73558,3525631,0.438638,57851,5362280,0.667143,8037679
4,2021-04-24,97320,8639582,66015,4882658,31255,3463437,50,293487,44794,1830291,0.227714,52261,3577892,0.44514,45903,5408183,0.672854,8037679
4,2021-04-25,49434,8689016,35163,4917821,14246,3477683,25,293512,26143,1833735,0.228142,23165,3601057,0.448022,26609,5434792,0.676164,8037679
4,2021-04-26,89311,8778327,58256,4976077,30662,3508345,393,293905,35238,1816909,0.226049,53809,3654866,0.454717,36983,5471775,0.680766,8037679
4,2021-04-27,111447,8889774,67756,5043833,41388,3549733,2303,296208,40125,1789116,0.222591,71034,3725900,0.463554,43241,5515016,0.686145,8037679
4,2021-04-28,101168,8990942,65660,5109493,33006,3582739,2502,298710,37047,1765441,0.219646,63859,3789759,0.471499,40184,5555200,0.691145,8037679
4,2021-04-29,102488,9093430,64938,5174431,35039,3617778,2511,301221,32993,1732323,0.215525,69198,3858957,0.480108,36080,5591280,0.695634,8037679
4,2021-04-30,101671,9195101,63928,5238359,35074,3652852,2669,303890,34537,1703349,0.211921,66805,3925762,0.48842,37831,5629111,0.70034,8037679
4,2021-05-01,68530,9263631,45667,5284026,21108,3673960,1755,305645,19883,1677172,0.208664,48441,3974203,0.494447,22264,5651375,0.70311,8037679
4,2021-05-02,37373,9301004,26528,5310554,9565,3683525,1280,306925,10500,1662321,0.206816,26774,4000977,0.497778,11923,5663298,0.704594,8037679
4,2021-05-03,77930,9378934,54348,5364902,21126,3704651,2456,309381,19145,1625689,0.202259,58571,4059548,0.505065,21939,5685237,0.707323,8037679
4,2021-05-04,98321,9477255,66723,5431625,28853,3733504,2745,312126,22307,1575332,0.195993,75774,4135322,0.514492,25417,5710654,0.710485,8037679
4,2021-05-05,99099,9576354,69440,5501065,26945,3760449,2714,314840,21576,1522674,0.189442,77231,4212553,0.524101,24573,5735227,0.713543,8037679
4,2021-05-06,109160,9685514,81527,5582592,24710,3785159,2923,317763,19408,1456792,0.181245,89331,4301884,0.535215,23449,5758676,0.71646,8037679
4,2021-05-07,102862,9788376,73804,5656396,26383,3811542,2675,320438,20376,1398085,0.173941,82159,4384043,0.545436,23452,5782128,0.719378,8037679
4,2021-05-08,66076,9854452,45214,5701610,18996,3830538,1866,322304,13153,1360731,0.169294,52723,4436766,0.551996,15369,5797497,0.72129,8037679
4,2021-05-09,33394,9887846,27266,5728876,5188,3835726,940,323244,7835,1344135,0.167229,25464,4462230,0.555164,8868,5806365,0.722393,8037679
4,2021-05-10,62956,9950802,41860,5770736,18822,3854548,2274,325518,11056,1306049,0.162491,51722,4513952,0.561599,13636,5820001,0.72409,8037679
4,2021-05-11,78768,10029570,48121,5818857,28478,3883026,2169,327687,15554,1261230,0.156915,63007,4576959,0.569438,18188,5838189,0.726353,8037679
4,2021-05-12,77310,10106880,51157,5870014,23706,3906732,2447,330134,18040,1223094,0.15217,59018,4635977,0.576781,20882,5859071,0.728951,8037679
4,2021-05-13,101897,10208777,74989,5945003,25390,3932122,1518,331652,40252,1204536,0.149861,61350,4697327,0.584413,42792,5901863,0.734275,8037679
4,2021-05-14,102110,10310887,71943,6016946,28079,3960201,2088,333740,40121,1185549,0.147499,61718,4759045,0.592092,42731,5944594,0.739591,8037679
4,2021-05-15,83852,10394739,64793,6081739,17741,3977942,1318,335058,37026,1177551,0.146504,46625,4805670,0.597893,38627,5983221,0.744397,8037679
4,2021-05-16,49090,10443829,39876,6121615,8528,3986470,686,335744,20137,1169683,0.145525,28827,4834497,0.601479,20959,6004180,0.747004,8037679
4,2021-05-17,69886,10513715,51018,6172633,17030,4003500,1838,337582,28185,1158404,0.144122,41520,4876017,0.606645,30241,6034421,0.750767,8037679
4,2021-05-18,80702,10594417,52468,6225101,26488,4029988,1746,339328,29444,1139040,0.141713,50914,4926931,0.612979,31550,6065971,0.754692,8037679
4,2021-05-19,75777,10670194,51343,6276444,22511,4052499,1923,341251,31579,1128868,0.140447,43954,4970885,0.618448,33782,6099753,0.758895,8037679
4,2021-05-20,67321,10737515,43197,6319641,22141,4074640,1983,343234,25709,1115572,0.138793,41364,5012249,0.623594,28068,6127821,0.762387,8037679
4,2021-05-21,72739,10810254,48140,6367781,22748,4097388,1851,345085,26681,1098581,0.136679,45807,5058056,0.629293,28816,6156637,0.765972,8037679
4,2021-05-22,48867,10859121,34225,6402006,13382,4110770,1260,346345,21224,1093826,0.136087,27499,5085555,0.632714,22744,6179381,0.768802,8037679
4,2021-05-23,22599,10881720,16168,6418174,5712,4116482,719,347064,9459,1091104,0.135749,13035,5098590,0.634336,10313,6189694,0.770085,8037679
4,2021-05-24,41485,10923205,26149,6444323,12360,4128842,2976,350040,14627,1082229,0.134644,26672,5125262,0.637654,17797,6207491,0.772299,8037679
4,2021-05-25,44454,10967659,27700,6472023,13960,4142802,2794,352834,16128,1073265,0.133529,28116,5153378,0.641153,19152,6226643,0.774682,8037679
4,2021-05-26,43898,11011557,26373,6498396,14956,4157758,2569,355403,15938,1064212,0.132403,27778,5181156,0.644608,18725,6245368,0.777011,8037679
4,2021-05-27,38524,11050081,23193,6521589,12202,4169960,3129,358532,14855,1058912,0.131744,23501,5204657,0.647532,18201,6263569,0.779276,8037679
4,2021-05-28,42700,11092781,27307,6548896,13806,4183766,1587,360119,18910,1056075,0.131391,23593,5228250,0.650468,20756,6284325,0.781858,8037679
4,2021-05-29,23334,11116115,15227,6564123,7178,4190944,929,361048,11230,1056382,0.131429,11996,5240246,0.65196,12303,6296628,0.783389,8037679
4,2021-05-30,11894,11128009,8355,6572478,3015,4193959,524,361572,5100,1055351,0.1313,6742,5246988,0.652799,5711,6302339,0.784099,8037679
4,2021-05-31,3563,11131572,2281,6574759,1125,4195084,157,361729,1190,1054380,0.13118,2346,5249334,0.653091,1375,6303714,0.78427,8037679
4,2021-06-01,39102,11170674,24436,6599195,12245,4207329,2421,364150,13858,1045838,0.130117,25068,5274402,0.65621,16526,6320240,0.786327,8037679
4,2021-06-02,32176,11202850,20131,6619326,9266,4216595,2779,366929,11137,1039052,0.129273,20879,5295281,0.658807,14093,6334333,0.78808,8037679
4,2021-06-03,47452,11250302,36415,6655741,8588,4225183,2449,369378,11126,1016780,0.126502,36188,5331469,0.66331,13916,6348249,0.789811,8037679
4,2021-06-04,54125,11304427,43660,6699401,9160,4234343,1305,370683,13633,992276,0.123453,40291,5371760,0.668322,15787,6364036,0.791775,8037679
4,2021-06-05,43783,11348210,37478,6736879,5310,4239653,995,371678,9197,968333,0.120474,34441,5406201,0.672607,10498,6374534,0.793081,8037679
4,2021-06-06,20384,11368594,18135,6755014,1695,4241348,554,372232,4648,958312,0.119227,15641,5421842,0.674553,5620,6380154,0.793781,8037679
4,2021-06-07,37801,11406395,30573,6785587,5332,4246680,1896,374128,8787,940408,0.117,28895,5450737,0.678148,10991,6391145,0.795148,8037679
4,2021-06-08,39284,11445679,30778,6816365,6004,4252684,2502,376630,9531,923219,0.114861,29588,5480325,0.681829,12399,6403544,0.796691,8037679
4,2021-06-09,27988,11473667,22015,6838380,3934,4256618,2039,378669,5530,908596,0.113042,22348,5502673,0.68461,7725,6411269,0.797652,8037679
4,2021-06-10,26592,11500259,20819,6859199,3503,4260121,2270,380939,6289,897118,0.111614,20207,5522880,0.687124,8729,6419998,0.798738,8037679
4,2021-06-11,22947,11523206,17602,6876801,3768,4263889,1577,382516,5662,887302,0.110393,17205,5540085,0.689264,7389,6427387,0.799657,8037679
4,2021-06-12,11517,11534723,10024,6886825,1163,4265052,330,382846,2543,881322,0.109649,8937,5549022,0.690376,2957,6430344,0.800025,8037679
