vemquartile,administered_date,total_doses,cumulative_total_doses,pfizer_doses,cumulative_pfizer_doses,moderna_doses,cumulative_moderna_doses,jj_doses,cumulative_jj_doses,partially_vaccinated,total_partially_vaccinated,pct_age12pop_partially_vaccinated,fully_vaccinated,cumulative_fully_vaccinated,pct_age12pop_fully_vaccinated,at_least_one_dose,cumulative_at_least_one_dose,pct_age12pop_at_least_one_dose,age12_population
1,2020-12-15,154,154,154,154,0,0,0,0,154,154,1.8e-05,0,0,0.0,154,154,1.8e-05,8700223
1,2020-12-16,1228,1382,1228,1382,0,0,0,0,1228,1382,0.000159,0,0,0.0,1228,1382,0.000159,8700223
1,2020-12-17,4193,5575,4193,5575,0,0,0,0,4195,5577,0.000641,0,0,0.0,4195,5577,0.000641,8700223
1,2020-12-18,6379,11954,6355,11930,24,24,0,0,6383,11959,0.001375,1,1,0.0,6383,11960,0.001375,8700223
1,2020-12-19,2893,14847,2890,14820,3,27,0,0,2892,14850,0.001707,1,2,0.0,2892,14852,0.001707,8700223
1,2020-12-20,2136,16983,2126,16946,10,37,0,0,2137,16987,0.001952,0,2,0.0,2137,16989,0.001953,8700223
1,2020-12-21,7665,24648,7644,24590,21,58,0,0,7713,24700,0.002839,1,3,0.0,7714,24703,0.002839,8700223
1,2020-12-22,7322,31970,6978,31568,344,402,0,0,7323,32021,0.00368,2,5,1e-06,7323,32026,0.003681,8700223
1,2020-12-23,7840,39810,6577,38145,1263,1665,0,0,7836,39856,0.004581,2,7,1e-06,7837,39863,0.004582,8700223
1,2020-12-24,3309,43119,2364,40509,945,2610,0,0,3311,43167,0.004962,0,7,1e-06,3311,43174,0.004962,8700223
1,2020-12-25,242,43361,158,40667,84,2694,0,0,242,43409,0.004989,0,7,1e-06,242,43416,0.00499,8700223
1,2020-12-26,1371,44732,976,41643,395,3089,0,0,1370,44778,0.005147,1,8,1e-06,1370,44786,0.005148,8700223
1,2020-12-27,879,45611,544,42187,335,3424,0,0,879,45656,0.005248,1,9,1e-06,879,45665,0.005249,8700223
1,2020-12-28,7098,52709,4753,46940,2345,5769,0,0,7095,52751,0.006063,0,9,1e-06,7095,52760,0.006064,8700223
1,2020-12-29,9005,61714,5004,51944,4001,9770,0,0,9001,61750,0.007098,2,11,1e-06,9001,61761,0.007099,8700223
1,2020-12-30,11668,73382,6459,58403,5209,14979,0,0,11666,73415,0.008438,1,12,1e-06,11666,73427,0.00844,8700223
1,2020-12-31,6027,79409,1957,60360,4070,19049,0,0,6025,79437,0.00913,4,16,2e-06,6026,79453,0.009132,8700223
1,2021-01-01,614,80023,248,60608,366,19415,0,0,610,80045,0.0092,2,18,2e-06,610,80063,0.009202,8700223
1,2021-01-02,2925,82948,1771,62379,1154,20569,0,0,2925,82970,0.009537,0,18,2e-06,2925,82988,0.009539,8700223
1,2021-01-03,1055,84003,553,62932,502,21071,0,0,1053,84020,0.009657,3,21,2e-06,1053,84041,0.00966,8700223
1,2021-01-04,7407,91410,3606,66538,3801,24872,0,0,7410,91428,0.010509,2,23,3e-06,7410,91451,0.010511,8700223
1,2021-01-05,10936,102346,5256,71794,5680,30552,0,0,10135,100802,0.011586,783,806,9.3e-05,10157,101608,0.011679,8700223
1,2021-01-06,14113,116459,7067,78861,7046,37598,0,0,12187,111114,0.012771,1890,2696,0.00031,12202,113810,0.013081,8700223
1,2021-01-07,17622,134081,9176,88037,8446,46044,0,0,13092,119780,0.013767,4437,7133,0.00082,13103,126913,0.014587,8700223
1,2021-01-08,20232,154313,10504,98541,9728,55772,0,0,14269,128117,0.014726,5946,13079,0.001503,14283,141196,0.016229,8700223
1,2021-01-09,6720,161033,3417,101958,3303,59075,0,0,4847,131099,0.015068,1869,14948,0.001718,4851,146047,0.016787,8700223
1,2021-01-10,3113,164146,1774,103732,1339,60414,0,0,1919,131829,0.015152,1190,16138,0.001855,1920,147967,0.017007,8700223
1,2021-01-11,18166,182312,11860,115592,6306,66720,0,0,11604,136925,0.015738,6552,22690,0.002608,11648,159615,0.018346,8700223
1,2021-01-12,19167,201479,10972,126564,8195,74915,0,0,13165,144159,0.01657,5973,28663,0.003295,13207,172822,0.019864,8700223
1,2021-01-13,19891,221370,10768,137332,9123,84038,0,0,14725,153759,0.017673,5144,33807,0.003886,14744,187566,0.021559,8700223
1,2021-01-14,22169,243539,9485,146817,12684,96722,0,0,19400,170510,0.019598,2710,36517,0.004197,19461,207027,0.023796,8700223
1,2021-01-15,25256,268795,9259,156076,15997,112719,0,0,23309,191973,0.022065,1910,38427,0.004417,23373,230400,0.026482,8700223
1,2021-01-16,13920,282715,4571,160647,9349,122068,0,0,13023,204106,0.02346,894,39321,0.00452,13027,243427,0.027979,8700223
1,2021-01-17,5236,287951,2044,162691,3192,125260,0,0,4859,208592,0.023975,376,39697,0.004563,4862,248289,0.028538,8700223
1,2021-01-18,14365,302316,8623,171314,5742,131002,0,0,11170,216637,0.0249,3181,42878,0.004928,11226,259515,0.029829,8700223
1,2021-01-19,24744,327060,12809,184123,11935,142937,0,0,19558,231086,0.026561,5164,48042,0.005522,19613,279128,0.032083,8700223
1,2021-01-20,29468,356528,14746,198869,14722,157659,0,0,23533,248807,0.028598,5854,53896,0.006195,23575,302703,0.034793,8700223
1,2021-01-21,31297,387825,14693,213562,16604,174263,0,0,27997,273670,0.031456,3235,57131,0.006567,28098,330801,0.038022,8700223
1,2021-01-22,28441,416266,11294,224856,17147,191410,0,0,26359,298046,0.034257,2014,59145,0.006798,26390,357191,0.041055,8700223
1,2021-01-23,18753,435019,8206,233062,10547,201957,0,0,16790,312914,0.035966,1932,61077,0.00702,16800,373991,0.042986,8700223
1,2021-01-24,6706,441725,4168,237230,2538,204495,0,0,6043,318306,0.036586,657,61734,0.007096,6049,380040,0.043682,8700223
1,2021-01-25,25582,467307,10531,247761,15051,219546,0,0,19749,332381,0.038204,5784,67518,0.00776,19859,399899,0.045964,8700223
1,2021-01-26,28903,496210,13508,261269,15395,234941,0,0,22156,347876,0.039985,6683,74201,0.008529,22178,422077,0.048513,8700223
1,2021-01-27,32752,528962,15589,276858,17163,252104,0,0,24592,364411,0.041885,8095,82296,0.009459,24630,446707,0.051344,8700223
1,2021-01-28,35066,564028,16459,293317,18607,270711,0,0,28071,385626,0.044324,6927,89223,0.010255,28142,474849,0.054579,8700223
1,2021-01-29,33834,597862,16518,309835,17316,288027,0,0,27189,406362,0.046707,6500,95723,0.011002,27236,502085,0.057709,8700223
1,2021-01-30,20222,618084,8742,318577,11480,299507,0,0,18072,422327,0.048542,2119,97842,0.011246,18084,520169,0.059788,8700223
1,2021-01-31,7719,625803,5018,323595,2701,302208,0,0,6998,428615,0.049265,713,98555,0.011328,7001,527170,0.060593,8700223
1,2021-02-01,29140,654943,12574,336169,16566,318774,0,0,21268,442075,0.050812,7816,106371,0.012226,21276,548446,0.063038,8700223
1,2021-02-02,32852,687795,11859,348028,20993,339767,0,0,24535,458418,0.05269,8231,114602,0.013172,24574,573020,0.065863,8700223
1,2021-02-03,39727,727522,15287,363315,24440,364207,0,0,28592,476080,0.05472,10966,125568,0.014433,28628,601648,0.069153,8700223
1,2021-02-04,44152,771674,17177,380492,26975,391182,0,0,31802,495709,0.056977,12223,137791,0.015838,31852,633500,0.072814,8700223
1,2021-02-05,46926,818600,17172,397664,29754,420936,0,0,30691,510377,0.058663,16081,153872,0.017686,30749,664249,0.076349,8700223
1,2021-02-06,26576,845176,10498,408162,16078,437014,0,0,20646,525160,0.060362,5882,159754,0.018362,20665,684914,0.078724,8700223
1,2021-02-07,6290,851466,4041,412203,2249,439263,0,0,4635,528179,0.060709,1635,161389,0.01855,4654,689568,0.079259,8700223
1,2021-02-08,31691,883157,14464,426667,17227,456490,0,0,21107,538900,0.061941,10486,171875,0.019755,21207,710775,0.081696,8700223
1,2021-02-09,38654,921811,16986,443653,21668,478158,0,0,23806,548026,0.06299,14764,186639,0.021452,23890,734665,0.084442,8700223
1,2021-02-10,47403,969214,22227,465880,25176,503334,0,0,26972,554776,0.063766,20303,206942,0.023786,27053,761718,0.087552,8700223
1,2021-02-11,52089,1021303,25482,491362,26607,529941,0,0,31001,565124,0.064955,20769,227711,0.026173,31117,792835,0.091128,8700223
1,2021-02-12,50118,1071421,21536,512898,28582,558523,0,0,28731,572772,0.065834,21223,248934,0.028612,28871,821706,0.094447,8700223
1,2021-02-13,26474,1097895,11544,524442,14930,573453,0,0,15331,577111,0.066333,11070,260004,0.029885,15409,837115,0.096218,8700223
1,2021-02-14,11814,1109709,5573,530015,6241,579694,0,0,6723,578843,0.066532,5059,265063,0.030466,6791,843906,0.096998,8700223
1,2021-02-15,24008,1133717,9435,539450,14573,594267,0,0,14602,584281,0.067157,9281,274344,0.031533,14719,858625,0.09869,8700223
1,2021-02-16,47255,1180972,22537,561987,24718,618985,0,0,27532,592293,0.068078,19636,293980,0.03379,27648,886273,0.101868,8700223
1,2021-02-17,48619,1229591,24615,586602,24004,642989,0,0,26153,596291,0.068537,22306,316286,0.036354,26304,912577,0.104891,8700223
1,2021-02-18,51300,1280891,25652,612254,25648,668637,0,0,26521,598527,0.068794,24528,340814,0.039173,26764,939341,0.107967,8700223
1,2021-02-19,46730,1327621,25325,637579,21405,690042,0,0,26136,604296,0.069458,20428,361242,0.041521,26197,965538,0.110979,8700223
1,2021-02-20,27814,1355435,16889,654468,10925,700967,0,0,15850,608335,0.069922,11896,373138,0.042888,15935,981473,0.11281,8700223
1,2021-02-21,12421,1367856,10681,665149,1740,702707,0,0,7454,610939,0.070221,4902,378040,0.043452,7506,988979,0.113673,8700223
1,2021-02-22,31748,1399604,20866,686015,10882,713589,0,0,18255,615905,0.070792,13395,391435,0.044991,18361,1007340,0.115783,8700223
1,2021-02-23,45996,1445600,22341,708356,23655,737244,0,0,25230,621037,0.071382,20468,411903,0.047344,25600,1032940,0.118726,8700223
1,2021-02-24,56056,1501656,27080,735436,28976,766220,0,0,30824,627294,0.072101,25025,436928,0.05022,31282,1064222,0.122321,8700223
1,2021-02-25,68663,1570319,33336,768772,35327,801547,0,0,42446,644205,0.074045,26038,462966,0.053213,42949,1107171,0.127258,8700223
1,2021-02-26,76737,1647056,35922,804694,40815,842362,0,0,50109,668424,0.076828,26374,489340,0.056245,50593,1157764,0.133073,8700223
1,2021-02-27,52810,1699866,24230,828924,28571,870933,9,9,34632,685306,0.078769,18031,507371,0.058317,34913,1192677,0.137086,8700223
1,2021-02-28,20268,1720134,12028,840952,8238,879171,2,11,14838,694949,0.079877,5341,512712,0.058931,14984,1207661,0.138808,8700223
1,2021-03-01,46287,1766421,21400,862352,24830,904001,57,68,29718,708594,0.081445,16378,529090,0.060813,30023,1237684,0.142259,8700223
1,2021-03-02,64905,1831326,28063,890415,36832,940833,10,78,41270,727073,0.083569,23447,552537,0.063508,41926,1279610,0.147078,8700223
1,2021-03-03,72198,1903524,34334,924749,37835,978668,29,107,43892,743473,0.085454,28133,580670,0.066742,44533,1324143,0.152196,8700223
1,2021-03-04,80158,1983682,37592,962341,42530,1021198,36,143,51443,766947,0.088153,28520,609190,0.07002,51994,1376137,0.158173,8700223
1,2021-03-05,79175,2062857,35695,998036,43273,1064471,207,350,52792,794465,0.091315,26132,635322,0.073024,53650,1429787,0.164339,8700223
1,2021-03-06,58069,2120926,27611,1025647,29108,1093579,1350,1700,39306,816812,0.093884,18677,653999,0.07517,41024,1470811,0.169054,8700223
1,2021-03-07,20997,2141923,13055,1038702,6749,1100328,1193,2893,15551,828386,0.095214,5418,659417,0.075793,16992,1487803,0.171007,8700223
1,2021-03-08,46125,2188048,22525,1061227,21639,1121967,1961,4854,32316,849294,0.097617,13702,673119,0.077368,34610,1522413,0.174986,8700223
1,2021-03-09,66883,2254931,32357,1093584,32013,1153980,2513,7367,41145,867704,0.099734,25581,698700,0.080308,43991,1566404,0.180042,8700223
1,2021-03-10,74200,2329131,36987,1130571,32717,1186697,4496,11863,45724,889925,0.102288,28360,727060,0.083568,50581,1616985,0.185856,8700223
1,2021-03-11,90402,2419533,41603,1172174,40790,1227487,8009,19872,52642,913506,0.104998,37518,764578,0.08788,61099,1678084,0.192878,8700223
1,2021-03-12,99248,2518781,43758,1215932,43084,1270571,12406,32278,57969,943265,0.108418,41048,805626,0.092598,70807,1748891,0.201017,8700223
1,2021-03-13,65413,2584194,29558,1245490,28180,1298751,7675,39953,41717,969403,0.111423,23557,829183,0.095306,49695,1798586,0.206729,8700223
1,2021-03-14,27948,2612142,14947,1260437,9431,1308182,3570,43523,15655,976593,0.112249,12216,841399,0.09671,19406,1817992,0.208959,8700223
1,2021-03-15,65355,2677497,28832,1289269,29766,1337948,6757,50280,38412,995393,0.11441,26715,868114,0.099781,45515,1863507,0.214191,8700223
1,2021-03-16,85858,2763355,39147,1328416,41065,1379013,5646,55926,53188,1022130,0.117483,32438,900552,0.103509,59175,1922682,0.220992,8700223
1,2021-03-17,93222,2856577,45430,1373846,41248,1420261,6544,62470,59897,1055840,0.121358,33074,933626,0.107311,66784,1989466,0.228668,8700223
1,2021-03-18,98904,2955481,50987,1424833,42196,1462457,5721,68191,59757,1083024,0.124482,38779,972405,0.111768,65963,2055429,0.23625,8700223
1,2021-03-19,103901,3059382,53794,1478627,43807,1506264,6300,74491,60647,1107534,0.127299,42943,1015348,0.116704,67453,2122882,0.244003,8700223
1,2021-03-20,72927,3132309,37349,1515976,30360,1536624,5218,79709,46851,1133993,0.130341,25879,1041227,0.119678,52338,2175220,0.250019,8700223
1,2021-03-21,27334,3159643,19072,1535048,6453,1543077,1809,81518,16999,1142652,0.131336,10237,1051464,0.120855,18896,2194116,0.252191,8700223
1,2021-03-22,59342,3218985,30656,1565704,25378,1568455,3308,84826,39900,1167016,0.134136,19213,1070677,0.123063,43577,2237693,0.257199,8700223
1,2021-03-23,83582,3302567,42582,1608286,37364,1605819,3636,88462,51247,1190282,0.136811,32070,1102747,0.126749,55336,2293029,0.26356,8700223
1,2021-03-24,88427,3390994,44727,1653013,39332,1645151,4368,92830,52656,1211995,0.139306,35469,1138216,0.130826,57182,2350211,0.270132,8700223
1,2021-03-25,97316,3488310,49776,1702789,41691,1686842,5849,98679,53852,1228778,0.141235,43126,1181342,0.135783,59909,2410120,0.277018,8700223
1,2021-03-26,105613,3593923,51242,1754031,48047,1734889,6324,105003,56582,1243331,0.142908,48649,1229991,0.141375,63202,2473322,0.284283,8700223
1,2021-03-27,74307,3668230,38396,1792427,31697,1766586,4214,109217,38082,1249834,0.143655,35988,1265979,0.145511,42491,2515813,0.289166,8700223
1,2021-03-28,32857,3701087,21510,1813937,10122,1776708,1225,110442,16442,1251648,0.143864,16302,1282281,0.147385,18116,2533929,0.291249,8700223
1,2021-03-29,68711,3769798,33861,1847798,31678,1808386,3172,113614,37866,1262287,0.145087,30607,1312888,0.150903,41246,2575175,0.29599,8700223
1,2021-03-30,93490,3863288,45699,1893497,41381,1849767,6410,120024,48059,1271635,0.146161,45193,1358081,0.156097,54541,2629716,0.302258,8700223
1,2021-03-31,102129,3965417,53142,1946639,42738,1892505,6249,126273,55929,1288009,0.148043,45856,1403937,0.161368,62230,2691946,0.309411,8700223
1,2021-04-01,113711,4079128,54338,2000977,50567,1943072,8806,135079,57731,1299081,0.149316,55504,1459441,0.167748,66576,2758522,0.317063,8700223
1,2021-04-02,112902,4192030,51413,2052390,51753,1994825,9736,144815,57341,1311245,0.150714,55108,1514549,0.174082,67272,2825794,0.324796,8700223
1,2021-04-03,78789,4270819,39639,2092029,29472,2024297,9678,154493,37021,1316424,0.151309,41568,1556117,0.178859,46747,2872541,0.330169,8700223
1,2021-04-04,23818,4294637,11847,2103876,8494,2032791,3477,157970,9944,1316028,0.151264,13803,1569920,0.180446,13407,2885948,0.33171,8700223
1,2021-04-05,77702,4372339,37030,2140906,31271,2064062,9401,167371,35005,1318106,0.151503,42472,1612392,0.185328,44550,2930498,0.33683,8700223
1,2021-04-06,104825,4477164,49629,2190535,38498,2102560,16698,184069,47424,1325148,0.152312,57082,1669474,0.191889,64124,2994622,0.344201,8700223
1,2021-04-07,112862,4590026,54682,2245217,40494,2143054,17686,201755,50967,1332227,0.153126,61572,1731046,0.198966,68651,3063273,0.352091,8700223
1,2021-04-08,123345,4713371,58386,2303603,43831,2186885,21128,222883,54623,1339724,0.153987,68281,1799327,0.206814,75778,3139051,0.360801,8700223
1,2021-04-09,124482,4837853,56762,2360365,46797,2233682,20923,243806,54672,1345903,0.154698,69439,1868766,0.214795,75618,3214669,0.369493,8700223
1,2021-04-10,97406,4935259,43433,2403798,30919,2264601,23054,266860,38557,1348822,0.155033,58620,1927386,0.221533,61539,3276208,0.376566,8700223
1,2021-04-11,36762,4972021,20413,2424211,9449,2274050,6900,273760,14862,1348845,0.155036,21833,1949219,0.224042,21856,3298064,0.379078,8700223
1,2021-04-12,75021,5047042,33482,2457693,31481,2305531,10058,283818,31856,1348032,0.154942,42860,1992079,0.228969,42047,3340111,0.383911,8700223
1,2021-04-13,98373,5145415,52577,2510270,45453,2350984,343,284161,53146,1356959,0.155968,44910,2036989,0.234131,53837,3393948,0.390099,8700223
1,2021-04-14,105274,5250689,54533,2564803,50663,2401647,78,284239,53480,1359486,0.156259,51401,2088390,0.240039,53928,3447876,0.396297,8700223
1,2021-04-15,106030,5356719,57551,2622354,48388,2450035,91,284330,56244,1366816,0.157101,49180,2137570,0.245691,56510,3504386,0.402793,8700223
1,2021-04-16,110894,5467613,56847,2679201,53957,2503992,90,284420,55297,1367347,0.157162,55045,2192615,0.252018,55576,3559962,0.409181,8700223
1,2021-04-17,83523,5551136,45342,2724543,38169,2542161,12,284432,46545,1377336,0.15831,36731,2229346,0.25624,46720,3606682,0.414551,8700223
1,2021-04-18,30544,5581680,20667,2745210,9870,2552031,7,284439,15327,1377756,0.158359,15122,2244468,0.257978,15542,3622224,0.416337,8700223
1,2021-04-19,67258,5648938,34048,2779258,33197,2585228,13,284452,30330,1371681,0.15766,36549,2281017,0.262179,30474,3652698,0.41984,8700223
1,2021-04-20,88542,5737480,44553,2823811,43965,2629193,24,284476,41313,1366360,0.157049,46859,2327876,0.267565,41538,3694236,0.424614,8700223
1,2021-04-21,98007,5835487,51138,2874949,46765,2675958,104,284580,43770,1356831,0.155954,53645,2381521,0.273731,44116,3738352,0.429685,8700223
1,2021-04-22,97836,5933323,51161,2926110,46656,2722614,19,284599,44771,1349310,0.155089,52529,2434050,0.279769,45008,3783360,0.434858,8700223
1,2021-04-23,102785,6036108,53087,2979197,49670,2772284,28,284627,48790,1344914,0.154584,53453,2487503,0.285913,49057,3832417,0.440496,8700223
1,2021-04-24,76530,6112638,47473,3026670,29030,2801314,27,284654,43066,1354963,0.155739,33304,2520807,0.289741,43353,3875770,0.445479,8700223
1,2021-04-25,27407,6140045,17454,3044124,9939,2811253,14,284668,15625,1359085,0.156213,11658,2532465,0.29108,15780,3891550,0.447293,8700223
1,2021-04-26,66584,6206629,34938,3079062,31241,2842494,405,285073,31447,1356456,0.15591,34817,2567282,0.295082,32188,3923738,0.450993,8700223
1,2021-04-27,81909,6288538,43560,3122622,37042,2879536,1307,286380,35339,1347185,0.154845,46257,2613539,0.300399,36986,3960724,0.455244,8700223
1,2021-04-28,81710,6370248,43480,3166102,36712,2916248,1518,287898,35687,1338960,0.1539,45655,2659194,0.305647,37430,3998154,0.459546,8700223
1,2021-04-29,85116,6455364,46856,3212958,36627,2952875,1633,289531,34634,1325301,0.15233,50090,2709284,0.311404,36431,4034585,0.463734,8700223
1,2021-04-30,92812,6548176,50260,3263218,40664,2993539,1888,291419,38561,1312017,0.150803,53891,2763175,0.317598,40607,4075192,0.468401,8700223
1,2021-05-01,63982,6612158,41266,3304484,21285,3014824,1431,292850,26931,1303817,0.14986,36776,2799951,0.321825,28576,4103768,0.471685,8700223
1,2021-05-02,23540,6635698,16673,3321157,6288,3021112,579,293429,9475,1299945,0.149415,13953,2813904,0.323429,10081,4113849,0.472844,8700223
1,2021-05-03,56466,6692164,31320,3352477,23299,3044411,1847,295276,20468,1286584,0.147879,35730,2849634,0.327536,22369,4136218,0.475415,8700223
1,2021-05-04,76083,6768247,43853,3396330,30127,3074538,2103,297379,27250,1267502,0.145686,48514,2898148,0.333112,29432,4165650,0.478798,8700223
1,2021-05-05,78492,6846739,45502,3441832,30685,3105223,2305,299684,26575,1244918,0.14309,51544,2949692,0.339036,28960,4194610,0.482127,8700223
1,2021-05-06,79979,6926718,48567,3490399,29225,3134448,2187,301871,24940,1217569,0.139947,54629,3004321,0.345315,27280,4221890,0.485262,8700223
1,2021-05-07,83594,7010312,47575,3537974,33819,3168267,2200,304071,27903,1192517,0.137067,55218,3059539,0.351662,30166,4252056,0.48873,8700223
1,2021-05-08,57485,7067797,36067,3574041,19769,3188036,1649,305720,19533,1176185,0.13519,37603,3097142,0.355984,21271,4273327,0.491174,8700223
1,2021-05-09,18351,7086148,13162,3587203,4710,3192746,479,306199,5577,1169581,0.134431,12694,3109836,0.357443,6090,4279417,0.491874,8700223
1,2021-05-10,44358,7130506,22436,3609639,20090,3212836,1832,308031,14829,1157097,0.132996,29234,3139070,0.360803,16750,4296167,0.4938,8700223
1,2021-05-11,62914,7193420,34219,3643858,26535,3239371,2160,310191,20672,1138102,0.130813,41938,3181008,0.365624,22943,4319110,0.496437,8700223
1,2021-05-12,63038,7256458,33496,3677354,27477,3266848,2065,312256,20704,1118947,0.128611,41991,3222999,0.37045,22836,4341946,0.499061,8700223
1,2021-05-13,67295,7323753,39485,3716839,25817,3292665,1993,314249,25627,1105587,0.127076,41262,3264261,0.375193,27902,4369848,0.502269,8700223
1,2021-05-14,76880,7400633,46370,3763209,28103,3320768,2407,316656,31063,1093940,0.125737,45396,3309657,0.380411,33749,4403597,0.506148,8700223
1,2021-05-15,66859,7467492,43906,3807115,21183,3341951,1770,318426,26642,1082534,0.124426,39884,3349541,0.384995,28478,4432075,0.509421,8700223
1,2021-05-16,25128,7492620,18522,3825637,5984,3347935,622,319048,10249,1078699,0.123985,14753,3364294,0.386691,10918,4442993,0.510676,8700223
1,2021-05-17,54424,7547044,33265,3858902,19379,3367314,1780,320828,23078,1072546,0.123278,31068,3395362,0.390261,24915,4467908,0.513539,8700223
1,2021-05-18,65245,7612289,39327,3898229,24076,3391390,1842,322670,28296,1066113,0.122539,36661,3432023,0.394475,30228,4498136,0.517014,8700223
1,2021-05-19,66660,7678949,40617,3938846,24110,3415500,1933,324603,29839,1061443,0.122002,36518,3468541,0.398673,31848,4529984,0.520674,8700223
1,2021-05-20,64905,7743854,37658,3976504,25022,3440522,2225,326828,26698,1052717,0.120999,37850,3506391,0.403023,29124,4559108,0.524022,8700223
1,2021-05-21,70549,7814403,42202,4018706,26477,3466999,1870,328698,29115,1042782,0.119857,41013,3547404,0.407737,31078,4590186,0.527594,8700223
1,2021-05-22,56448,7870851,37128,4055834,17589,3484588,1731,330429,24556,1037550,0.119256,31610,3579014,0.41137,26378,4616564,0.530626,8700223
1,2021-05-23,20524,7891375,14351,4070185,5586,3490174,587,331016,9512,1036766,0.119165,10907,3589921,0.412624,10123,4626687,0.531789,8700223
1,2021-05-24,44142,7935517,24630,4094815,17668,3507842,1844,332860,17874,1030561,0.118452,26004,3615925,0.415613,19799,4646486,0.534065,8700223
1,2021-05-25,51011,7986528,29349,4124164,19958,3527800,1704,334564,21154,1023950,0.117692,29567,3645492,0.419011,22956,4669442,0.536704,8700223
1,2021-05-26,48565,8035093,27530,4151694,19133,3546933,1902,336466,20550,1018738,0.117093,27703,3673195,0.422196,22491,4691933,0.539289,8700223
1,2021-05-27,47061,8082154,26398,4178092,18746,3565679,1917,338383,20151,1014308,0.116584,26612,3699807,0.425254,22182,4714115,0.541838,8700223
1,2021-05-28,52578,8134732,29330,4207422,21415,3587094,1833,340216,23529,1011087,0.116214,28708,3728515,0.428554,25487,4739602,0.544768,8700223
1,2021-05-29,30699,8165431,18590,4226012,11142,3598236,967,341183,14606,1010779,0.116179,15937,3744452,0.430386,15629,4755231,0.546564,8700223
1,2021-05-30,11719,8177150,7567,4233579,3595,3601831,557,341740,5530,1010777,0.116178,6113,3750565,0.431088,6111,4761342,0.547267,8700223
1,2021-05-31,5761,8182911,3277,4236856,2227,3604058,257,341997,2009,1009364,0.116016,3691,3754256,0.431513,2278,4763620,0.547528,8700223
1,2021-06-01,45974,8228885,25987,4262843,18408,3622466,1579,343576,17380,1000149,0.114957,28237,3782493,0.434758,19022,4782642,0.549715,8700223
1,2021-06-02,40079,8268964,23247,4286090,15318,3637784,1514,345090,16144,994260,0.11428,23628,3806121,0.437474,17739,4800381,0.551754,8700223
1,2021-06-03,41562,8310526,26022,4312112,13818,3651602,1722,346812,15839,986484,0.113386,25413,3831534,0.440395,17637,4818018,0.553781,8700223
1,2021-06-04,50297,8360823,32187,4344299,16295,3667897,1815,348627,17964,974378,0.111995,31964,3863498,0.444069,19858,4837876,0.556063,8700223
1,2021-06-05,40435,8401258,27588,4371887,10838,3678735,2009,350636,14166,964557,0.110866,26047,3889545,0.447063,16226,4854102,0.557928,8700223
1,2021-06-06,13249,8414507,10608,4382495,2126,3680861,515,351151,4568,961106,0.110469,8596,3898141,0.448051,5145,4859247,0.55852,8700223
1,2021-06-07,34055,8448562,23451,4405946,9238,3690099,1366,352517,12066,952817,0.109516,21773,3919914,0.450553,13484,4872731,0.56007,8700223
1,2021-06-08,42332,8490894,29288,4435234,11383,3701482,1661,354178,14719,941955,0.108268,27331,3947245,0.453695,16469,4889200,0.561963,8700223
1,2021-06-09,42253,8533147,29311,4464545,11295,3712777,1647,355825,13736,929190,0.106801,28203,3975448,0.456936,15438,4904638,0.563737,8700223
1,2021-06-10,39225,8572372,26406,4490951,11112,3723889,1707,357532,13370,918773,0.105603,25596,4001044,0.459878,15179,4919817,0.565482,8700223
1,2021-06-11,44168,8616540,29283,4520234,13194,3737083,1691,359223,15688,908064,0.104372,28167,4029211,0.463116,17458,4937275,0.567488,8700223
1,2021-06-12,33862,8650402,24473,4544707,8170,3745253,1219,360442,11101,897908,0.103205,22542,4051753,0.465707,12386,4949661,0.568912,8700223
1,2021-06-13,11652,8662054,8467,4553174,2705,3747958,480,360922,3388,893619,0.102712,8190,4059943,0.466648,3901,4953562,0.56936,8700223
1,2021-06-14,31052,8693106,20899,4574073,8833,3756791,1320,362242,11572,887267,0.101982,19272,4079215,0.468863,12920,4966482,0.570845,8700223
1,2021-06-15,37392,8730498,24501,4598574,11029,3767820,1862,364104,13855,879818,0.101126,23255,4102470,0.471536,15806,4982288,0.572662,8700223
1,2021-06-16,35620,8766118,24065,4622639,9712,3777532,1843,365947,13382,873135,0.100358,21963,4124433,0.474061,15280,4997568,0.574418,8700223
1,2021-06-17,33759,8799877,22316,4644955,9484,3787016,1959,367906,13177,868023,0.09977,20337,4144770,0.476398,15225,5012793,0.576168,8700223
1,2021-06-18,39864,8839741,25891,4670846,11109,3798125,2864,370770,15496,862362,0.09912,24075,4168845,0.479165,18414,5031207,0.578285,8700223
1,2021-06-19,24107,8863848,16721,4687567,6185,3804310,1201,371971,9815,859300,0.098768,14117,4182962,0.480788,11055,5042262,0.579555,8700223
1,2021-06-20,8164,8872012,5979,4693546,1908,3806218,277,372248,3237,857967,0.098614,4858,4187820,0.481346,3525,5045787,0.579961,8700223
1,2021-06-21,21045,8893057,11901,4705447,6948,3813166,2196,374444,10965,861211,0.098987,9963,4197783,0.482491,13207,5058994,0.581479,8700223
1,2021-06-22,30932,8923989,20194,4725641,8587,3821753,2151,376595,12954,858621,0.09869,17759,4215542,0.484533,15169,5074163,0.583222,8700223
1,2021-06-23,29511,8953500,19821,4745462,7870,3829623,1820,378415,12881,856942,0.098497,16406,4231948,0.486418,14727,5088890,0.584915,8700223
1,2021-06-24,28520,8982020,18988,4764450,7851,3837474,1681,380096,12106,854589,0.098226,16209,4248157,0.488281,13856,5102746,0.586507,8700223
1,2021-06-25,31865,9013885,21566,4786016,8890,3846364,1409,381505,14007,852447,0.09798,17615,4265772,0.490306,15473,5118219,0.588286,8700223
1,2021-06-26,22291,9036176,16545,4802561,4915,3851279,831,382336,9717,850597,0.097767,12451,4278223,0.491737,10601,5128820,0.589504,8700223
1,2021-06-27,9167,9045343,6818,4809379,1917,3853196,432,382768,4064,850074,0.097707,5034,4283257,0.492316,4511,5133331,0.590023,8700223
1,2021-06-28,21192,9066535,15736,4825115,4202,3857398,1254,384022,9826,850030,0.097702,11171,4294428,0.4936,11127,5144458,0.591302,8700223
1,2021-06-29,26684,9093219,18246,4843361,7049,3864447,1389,385411,11750,848483,0.097524,14743,4309171,0.495294,13196,5157654,0.592819,8700223
1,2021-06-30,25988,9119207,17971,4861332,6958,3871405,1059,386470,12337,848523,0.097529,13427,4322598,0.496838,13467,5171121,0.594366,8700223
1,2021-07-01,23787,9142994,16504,4877836,5981,3877386,1302,387772,10982,848239,0.097496,12646,4335244,0.498291,12362,5183483,0.595787,8700223
1,2021-07-02,26502,9169496,18195,4896031,7263,3884649,1044,388816,12372,847800,0.097446,13937,4349181,0.499893,13498,5196981,0.597339,8700223
1,2021-07-03,14634,9184130,10225,4906256,3968,3888617,441,389257,6951,847675,0.097431,7550,4356731,0.500761,7425,5204406,0.598192,8700223
1,2021-07-04,1269,9185399,710,4906966,493,3889110,66,389323,613,847713,0.097436,646,4357377,0.500835,684,5205090,0.598271,8700223
1,2021-07-05,11034,9196433,7614,4914580,3055,3892165,365,389688,5236,847633,0.097427,5730,4363107,0.501494,5650,5210740,0.59892,8700223
1,2021-07-06,27233,9223666,19243,4933823,6848,3899013,1142,390830,10866,843559,0.096958,16182,4379289,0.503354,12108,5222848,0.600312,8700223
1,2021-07-07,23755,9247421,16610,4950433,5985,3904998,1160,391990,10218,841673,0.096742,13349,4392638,0.504888,11463,5234311,0.60163,8700223
1,2021-07-08,22767,9270188,15711,4966144,5962,3910960,1094,393084,9822,839867,0.096534,12811,4405449,0.50636,11005,5245316,0.602894,8700223
1,2021-07-09,26865,9297053,18994,4985138,6706,3917666,1165,394249,12081,838559,0.096384,14609,4420058,0.50804,13301,5258617,0.604423,8700223
1,2021-07-10,17733,9314786,12791,4997929,4177,3921843,765,395014,7870,837503,0.096262,9738,4429796,0.509159,8682,5267299,0.605421,8700223
1,2021-07-11,6749,9321535,4937,5002866,1610,3923453,202,395216,3252,837531,0.096265,3445,4433241,0.509555,3473,5270772,0.60582,8700223
1,2021-07-12,20215,9341750,14507,5017373,4819,3928272,889,396105,8970,836377,0.096133,11105,4444346,0.510831,9951,5280723,0.606964,8700223
1,2021-07-13,22165,9363915,15488,5032861,5877,3934149,800,396905,10355,835953,0.096084,11665,4456011,0.512172,11241,5291964,0.608256,8700223
1,2021-07-14,22248,9386163,15285,5048146,5986,3940135,977,397882,9993,834934,0.095967,12099,4468110,0.513563,11080,5303044,0.60953,8700223
1,2021-07-15,21684,9407847,15378,5063524,5574,3945709,732,398614,10442,835115,0.095988,11097,4479207,0.514838,11278,5314322,0.610826,8700223
1,2021-07-16,26651,9434498,18655,5082179,7000,3952709,996,399610,13146,836003,0.09609,13341,4492548,0.516372,14229,5328551,0.612461,8700223
1,2021-07-17,18451,9452949,13322,5095501,4427,3957136,702,400312,9053,836524,0.09615,9270,4501818,0.517437,9791,5338342,0.613587,8700223
1,2021-07-18,7436,9460385,5486,5100987,1664,3958800,286,400598,3804,837056,0.096211,3574,4505392,0.517848,4106,5342448,0.614059,8700223
1,2021-07-19,20836,9481221,15099,5116086,4906,3963706,831,401429,10453,838188,0.096341,10251,4515643,0.519026,11383,5353831,0.615367,8700223
1,2021-07-20,24570,9505791,17001,5133087,6690,3970396,879,402308,12619,840014,0.096551,11764,4527407,0.520378,13590,5367421,0.616929,8700223
1,2021-07-21,24945,9530736,17550,5150637,6192,3976588,1203,403511,12751,842046,0.096784,12039,4539446,0.521762,14071,5381492,0.618546,8700223
1,2021-07-22,24118,9554854,17027,5167664,6254,3982842,837,404348,13140,845321,0.097161,10791,4550237,0.523002,14066,5395558,0.620163,8700223
1,2021-07-23,28595,9583449,20180,5187844,7406,3990248,1009,405357,15884,849749,0.09767,12531,4562768,0.524443,16959,5412517,0.622112,8700223
1,2021-07-24,17939,9601388,12649,5200493,4733,3994981,557,405914,10569,853650,0.098118,7252,4570020,0.525276,11153,5423670,0.623394,8700223
1,2021-07-25,7369,9608757,5288,5205781,1972,3996953,109,406023,5502,857452,0.098555,1829,4571849,0.525486,5631,5429301,0.624042,8700223
1,2021-07-26,21089,9629846,14572,5220353,5777,4002730,740,406763,13591,864476,0.099363,7379,4579228,0.526335,14403,5443704,0.625697,8700223
1,2021-07-27,26672,9656518,19023,5239376,6715,4009445,934,407697,15716,870392,0.100042,10791,4590019,0.527575,16707,5460411,0.627617,8700223
1,2021-07-28,27624,9684142,19569,5258945,7189,4016634,866,408563,16962,877814,0.100896,10476,4600495,0.528779,17898,5478309,0.629675,8700223
1,2021-07-29,26323,9710465,18694,5277639,6843,4023477,786,409349,16482,885469,0.101775,9674,4610169,0.529891,17329,5495638,0.631666,8700223
1,2021-07-30,30692,9741157,21974,5299613,7818,4031295,900,410249,18794,893511,0.1027,11690,4621859,0.531235,19732,5515370,0.633934,8700223
1,2021-07-31,19644,9760801,14284,5313897,4823,4036118,537,410786,12225,899035,0.103335,7262,4629121,0.532069,12786,5528156,0.635404,8700223
1,2021-08-01,8731,9769532,6600,5320497,2004,4038122,127,410913,5964,902432,0.103725,2723,4631844,0.532382,6120,5534276,0.636107,8700223
1,2021-08-02,24600,9794132,18346,5338843,5552,4043674,702,411615,15967,910669,0.104672,8479,4640323,0.533357,16716,5550992,0.638029,8700223
1,2021-08-03,28033,9822165,20261,5359104,6866,4050540,906,412521,17549,918863,0.105614,10297,4650620,0.53454,18491,5569483,0.640154,8700223
1,2021-08-04,27023,9849188,19598,5378702,6582,4057122,843,413364,17178,927282,0.106581,9646,4660266,0.535649,18065,5587548,0.64223,8700223
1,2021-08-05,26604,9875792,19420,5398122,6308,4063430,876,414240,16796,935364,0.10751,9614,4669880,0.536754,17696,5605244,0.644264,8700223
1,2021-08-06,32838,9908630,24162,5422284,7734,4071164,942,415182,20418,944575,0.108569,12194,4682074,0.538156,21405,5626649,0.646725,8700223
1,2021-08-07,21085,9929715,15780,5438064,4748,4075912,557,415739,13118,950426,0.109242,7836,4689910,0.539056,13687,5640336,0.648298,8700223
1,2021-08-08,10250,9939965,7480,5445544,2579,4078491,191,415930,6648,953741,0.109623,3532,4693442,0.539462,6847,5647183,0.649085,8700223
1,2021-08-09,27006,9966971,20242,5465786,5994,4084485,770,416700,16589,960908,0.110446,10226,4703668,0.540638,17393,5664576,0.651084,8700223
1,2021-08-10,28432,9995403,20915,5486701,6670,4091155,847,417547,16949,967471,0.111201,11284,4714952,0.541935,17847,5682423,0.653135,8700223
1,2021-08-11,25631,10021034,18925,5505626,5821,4096976,885,418432,15028,973001,0.111836,10410,4725362,0.543131,15940,5698363,0.654967,8700223
1,2021-08-12,17218,10038252,12384,5518010,3983,4100959,851,419283,10009,976854,0.112279,7023,4732385,0.543938,10876,5709239,0.656218,8700223
2,2020-12-15,259,259,259,259,0,0,0,0,259,259,3.1e-05,0,0,0.0,259,259,3.1e-05,8407551
2,2020-12-16,2193,2452,2193,2452,0,0,0,0,2192,2451,0.000292,0,0,0.0,2192,2451,0.000292,8407551
2,2020-12-17,6951,9403,6951,9403,0,0,0,0,6951,9402,0.001118,0,0,0.0,6951,9402,0.001118,8407551
2,2020-12-18,11134,20537,11113,20516,21,21,0,0,11133,20535,0.002442,0,0,0.0,11133,20535,0.002442,8407551
2,2020-12-19,5637,26174,5630,26146,7,28,0,0,5638,26173,0.003113,0,0,0.0,5638,26173,0.003113,8407551
2,2020-12-20,4265,30439,4251,30397,14,42,0,0,4260,30432,0.00362,1,1,0.0,4260,30433,0.00362,8407551
2,2020-12-21,12844,43283,12814,43211,30,72,0,0,12801,43233,0.005142,0,1,0.0,12801,43234,0.005142,8407551
2,2020-12-22,12206,55489,11679,54890,527,599,0,0,12204,55437,0.006594,0,1,0.0,12204,55438,0.006594,8407551
2,2020-12-23,11772,67261,9531,64421,2241,2840,0,0,11774,67211,0.007994,1,2,0.0,11775,67213,0.007994,8407551
2,2020-12-24,5925,73186,3507,67928,2418,5258,0,0,5920,73130,0.008698,3,5,1e-06,5922,73135,0.008699,8407551
2,2020-12-25,501,73687,418,68346,83,5341,0,0,503,73633,0.008758,0,5,1e-06,503,73638,0.008759,8407551
2,2020-12-26,2584,76271,1670,70016,914,6255,0,0,2585,76217,0.009065,1,6,1e-06,2585,76223,0.009066,8407551
2,2020-12-27,2249,78520,1221,71237,1028,7283,0,0,2246,78461,0.009332,2,8,1e-06,2246,78469,0.009333,8407551
2,2020-12-28,11118,89638,7219,78456,3899,11182,0,0,11118,89577,0.010654,2,10,1e-06,11118,89587,0.010656,8407551
2,2020-12-29,12912,102550,7273,85729,5639,16821,0,0,12918,102495,0.012191,0,10,1e-06,12918,102505,0.012192,8407551
2,2020-12-30,15607,118157,8712,94441,6895,23716,0,0,15601,118093,0.014046,5,15,2e-06,15603,118108,0.014048,8407551
2,2020-12-31,7617,125774,2840,97281,4777,28493,0,0,7609,125697,0.01495,5,20,2e-06,7609,125717,0.014953,8407551
2,2021-01-01,1395,127169,676,97957,719,29212,0,0,1391,127084,0.015115,4,24,3e-06,1391,127108,0.015118,8407551
2,2021-01-02,4882,132051,2785,100742,2097,31309,0,0,4879,131961,0.015696,2,26,3e-06,4879,131987,0.015699,8407551
2,2021-01-03,1427,133478,803,101545,624,31933,0,0,1419,133376,0.015864,4,30,4e-06,1419,133406,0.015867,8407551
2,2021-01-04,11753,145231,5585,107130,6168,38101,0,0,11742,145114,0.01726,4,34,4e-06,11742,145148,0.017264,8407551
2,2021-01-05,13969,159200,6985,114115,6984,45085,0,0,12728,156652,0.018632,1233,1267,0.000151,12771,157919,0.018783,8407551
2,2021-01-06,19174,178374,10595,124710,8579,53664,0,0,15251,168081,0.019992,3862,5129,0.00061,15291,173210,0.020602,8407551
2,2021-01-07,23413,201787,13192,137902,10221,63885,0,0,15701,176083,0.020943,7716,12845,0.001528,15718,188928,0.022471,8407551
2,2021-01-08,27043,228830,16289,154191,10754,74639,0,0,16656,182442,0.0217,10329,23174,0.002756,16688,205616,0.024456,8407551
2,2021-01-09,9908,238738,5795,159986,4113,78752,0,0,6314,185179,0.022025,3585,26759,0.003183,6322,211938,0.025208,8407551
2,2021-01-10,5355,244093,2984,162970,2371,81123,0,0,3083,185997,0.022123,2271,29030,0.003453,3089,215027,0.025575,8407551
2,2021-01-11,26129,270222,18053,181023,8076,89199,0,0,14988,189903,0.022587,11136,40166,0.004777,15042,230069,0.027365,8407551
2,2021-01-12,26500,296722,16439,197462,10061,99260,0,0,16850,197195,0.023455,9651,49817,0.005925,16943,247012,0.02938,8407551
2,2021-01-13,28747,325469,15254,212716,13493,112753,0,0,20689,209886,0.024964,8035,57852,0.006881,20726,267738,0.031845,8407551
2,2021-01-14,30712,356181,11757,224473,18955,131708,0,0,26392,232033,0.027598,4325,62177,0.007395,26472,294210,0.034994,8407551
2,2021-01-15,35240,391421,12750,237223,22490,154198,0,0,31909,260715,0.03101,3321,65498,0.00779,32003,326213,0.0388,8407551
2,2021-01-16,18338,409759,6140,243363,12198,166396,0,0,16910,276194,0.032851,1441,66939,0.007962,16920,343133,0.040812,8407551
2,2021-01-17,10600,420359,3578,246941,7022,173418,0,0,9849,285288,0.033932,766,67705,0.008053,9860,352993,0.041985,8407551
2,2021-01-18,19874,440233,11105,258046,8769,182187,0,0,15013,295486,0.035145,4878,72583,0.008633,15076,368069,0.043778,8407551
2,2021-01-19,32812,473045,17079,275125,15733,197920,0,0,24672,312132,0.037125,8139,80722,0.009601,24785,392854,0.046726,8407551
2,2021-01-20,37783,510828,19045,294170,18738,216658,0,0,29122,332718,0.039574,8631,89353,0.010628,29217,422071,0.050201,8407551
2,2021-01-21,41262,552090,17540,311710,23722,240380,0,0,36694,365067,0.043421,4533,93886,0.011167,36882,458953,0.054588,8407551
2,2021-01-22,39777,591867,16624,328334,23153,263533,0,0,36394,398088,0.047349,3401,97287,0.011571,36422,495375,0.05892,8407551
2,2021-01-23,24301,616168,10821,339155,13480,277013,0,0,21307,416454,0.049533,2973,100260,0.011925,21339,516714,0.061458,8407551
2,2021-01-24,12513,628681,6124,345279,6389,283402,0,0,11586,427146,0.050805,911,101171,0.012033,11603,528317,0.062838,8407551
2,2021-01-25,34098,662779,15677,360956,18421,301823,0,0,25206,443662,0.052769,8838,110009,0.013085,25354,553671,0.065854,8407551
2,2021-01-26,40570,703349,19842,380798,20728,322551,0,0,31264,465732,0.055394,9279,119288,0.014188,31349,585020,0.069583,8407551
2,2021-01-27,45894,749243,22745,403543,23149,345700,0,0,35441,490915,0.05839,10324,129612,0.015416,35507,620527,0.073806,8407551
2,2021-01-28,48255,797498,22521,426064,25734,371434,0,0,39437,521683,0.062049,8748,138360,0.016457,39516,660043,0.078506,8407551
2,2021-01-29,45876,843374,22089,448153,23787,395221,0,0,37029,550068,0.065425,8718,147078,0.017494,37103,697146,0.082919,8407551
2,2021-01-30,31512,874886,13351,461504,18161,413382,0,0,28075,574784,0.068365,3397,150475,0.017898,28113,725259,0.086263,8407551
2,2021-01-31,17317,892203,10240,471744,7077,420459,0,0,16093,589698,0.070139,1202,151677,0.018041,16116,741375,0.08818,8407551
2,2021-02-01,41548,933751,19894,491638,21654,442113,0,0,30311,608882,0.072421,11173,162850,0.019369,30357,771732,0.09179,8407551
2,2021-02-02,48174,981925,19586,511224,28588,470701,0,0,36548,634000,0.075408,11530,174380,0.020741,36648,808380,0.096149,8407551
2,2021-02-03,54273,1036198,23885,535109,30388,501089,0,0,39919,659769,0.078473,14249,188629,0.022436,40018,848398,0.100909,8407551
2,2021-02-04,56493,1092691,24256,559365,32237,533326,0,0,41107,685703,0.081558,15275,203904,0.024252,41209,889607,0.10581,8407551
2,2021-02-05,60444,1153135,26319,585684,34125,567451,0,0,40759,707186,0.084113,19468,223372,0.026568,40951,930558,0.110681,8407551
2,2021-02-06,39565,1192700,18472,604156,21093,588544,0,0,31478,730763,0.086917,8009,231381,0.027521,31586,962144,0.114438,8407551
2,2021-02-07,15804,1208504,10479,614635,5325,593869,0,0,11984,739033,0.087901,3786,235167,0.027971,12056,974200,0.115872,8407551
2,2021-02-08,43258,1251762,21936,636571,21322,615191,0,0,29586,755312,0.089837,13524,248691,0.029579,29803,1004003,0.119417,8407551
2,2021-02-09,49800,1301562,23519,660090,26281,641472,0,0,30726,767631,0.091303,18771,267462,0.031812,31090,1035093,0.123115,8407551
2,2021-02-10,59819,1361381,27992,688082,31827,673299,0,0,34494,777463,0.092472,25030,292492,0.034789,34862,1069955,0.127261,8407551
2,2021-02-11,64532,1425913,29638,717720,34894,708193,0,0,35896,785624,0.093443,28256,320748,0.03815,36417,1106372,0.131593,8407551
2,2021-02-12,65807,1491720,28286,746006,37521,745714,0,0,34937,790682,0.094044,30553,351301,0.041784,35611,1141983,0.135828,8407551
2,2021-02-13,38245,1529965,15941,761947,22304,768018,0,0,22060,797047,0.094801,16075,367376,0.043696,22440,1164423,0.138497,8407551
2,2021-02-14,20234,1550199,9411,771358,10823,778841,0,0,11237,799716,0.095119,8942,376318,0.04476,11611,1176034,0.139878,8407551
2,2021-02-15,33446,1583645,15063,786421,18383,797224,0,0,18530,804336,0.095668,14773,391091,0.046517,19393,1195427,0.142185,8407551
2,2021-02-16,56698,1640343,27775,814196,28923,826147,0,0,29832,808118,0.096118,26739,417830,0.049697,30521,1225948,0.145815,8407551
2,2021-02-17,62043,1702386,31920,846116,30123,856270,0,0,30781,808564,0.096171,31159,448989,0.053403,31605,1257553,0.149574,8407551
2,2021-02-18,66709,1769095,33618,879734,33091,889361,0,0,32427,808135,0.09612,34009,482998,0.057448,33580,1291133,0.153568,8407551
2,2021-02-19,60026,1829121,33203,912937,26823,916184,0,0,29775,808454,0.096158,30049,513047,0.061022,30368,1321501,0.15718,8407551
2,2021-02-20,37991,1867112,24627,937564,13364,929548,0,0,20592,812461,0.096635,17287,530334,0.063078,21294,1342795,0.159713,8407551
2,2021-02-21,21912,1889024,17708,955272,4204,933752,0,0,10805,813102,0.096711,11001,541335,0.064387,11642,1354437,0.161098,8407551
2,2021-02-22,39816,1928840,27208,982480,12608,946360,0,0,18872,811904,0.096568,20778,562113,0.066858,19580,1374017,0.163427,8407551
2,2021-02-23,54184,1983024,27661,1010141,26523,972883,0,0,23744,807400,0.096033,30165,592278,0.070446,25661,1399678,0.166479,8407551
2,2021-02-24,71570,2054594,36830,1046971,34740,1007623,0,0,32757,803981,0.095626,38585,630863,0.075035,35166,1434844,0.170661,8407551
2,2021-02-25,77597,2132191,36709,1083680,40888,1048511,0,0,39325,808182,0.096126,37986,668849,0.079553,42187,1477031,0.175679,8407551
2,2021-02-26,86221,2218412,36954,1120634,49267,1097778,0,0,46302,817100,0.097186,39594,708443,0.084263,48512,1525543,0.181449,8407551
2,2021-02-27,63193,2281605,29363,1149997,33822,1131600,8,8,34139,823784,0.097981,28807,737250,0.087689,35491,1561034,0.18567,8407551
2,2021-02-28,31116,2312721,18636,1168633,12479,1144079,1,9,17994,829645,0.098679,12987,750237,0.089234,18848,1579882,0.187912,8407551
2,2021-03-01,59215,2371936,30869,1199502,28274,1172353,72,81,32243,836565,0.099502,26633,776870,0.092401,33553,1613435,0.191903,8407551
2,2021-03-02,70842,2442778,34005,1233507,36822,1209175,15,96,39644,847596,0.100814,31000,807870,0.096089,42031,1655466,0.196902,8407551
2,2021-03-03,81904,2524682,39480,1272987,42405,1251580,19,115,46208,861011,0.102409,35464,843334,0.100307,48879,1704345,0.202716,8407551
2,2021-03-04,89713,2614395,43941,1316928,45739,1297319,33,148,51633,877269,0.104343,37820,881154,0.104805,54078,1758423,0.209148,8407551
2,2021-03-05,83323,2697718,39097,1356025,43909,1341228,317,465,50688,898284,0.106843,32394,913548,0.108658,53409,1811832,0.215501,8407551
2,2021-03-06,63556,2761274,31018,1387043,30825,1372053,1713,2178,38943,915904,0.108938,24470,938018,0.111569,42090,1853922,0.220507,8407551
2,2021-03-07,28789,2790063,16355,1403398,10888,1382941,1546,3724,18239,926336,0.110179,10475,948493,0.112814,20907,1874829,0.222993,8407551
2,2021-03-08,51116,2841179,23430,1426828,25110,1408051,2576,6300,32079,943710,0.112246,18917,967410,0.115064,36291,1911120,0.22731,8407551
2,2021-03-09,71020,2912199,32335,1459163,34813,1442864,3872,10172,39276,956606,0.113779,31593,999003,0.118822,44489,1955609,0.232602,8407551
2,2021-03-10,78996,2991195,37369,1496532,35047,1477911,6580,16752,41862,969469,0.115309,36901,1035904,0.123211,49764,2005373,0.23852,8407551
2,2021-03-11,93683,3084878,43239,1539771,42042,1519953,8402,25154,48817,983539,0.116983,44533,1080437,0.128508,58603,2063976,0.245491,8407551
2,2021-03-12,94632,3179510,38966,1578737,43677,1563630,11989,37143,47068,996689,0.118547,47292,1127729,0.134133,60442,2124418,0.25268,8407551
2,2021-03-13,69498,3249008,29064,1607801,32413,1596043,8021,45164,38156,1012944,0.12048,31195,1158924,0.137843,47450,2171868,0.258323,8407551
2,2021-03-14,37135,3286143,18352,1626153,14256,1610299,4527,49691,18641,1018461,0.121136,18381,1177305,0.140029,23898,2195766,0.261166,8407551
2,2021-03-15,67741,3353884,30577,1656730,32142,1642441,5022,54713,37288,1031652,0.122705,30213,1207518,0.143623,43404,2239170,0.266328,8407551
2,2021-03-16,86720,3440604,38410,1695140,44274,1686715,4036,58749,52272,1054854,0.125465,34228,1241746,0.147694,57430,2296600,0.273159,8407551
2,2021-03-17,93263,3533867,44678,1739818,44378,1731093,4207,62956,59018,1084931,0.129042,33955,1275701,0.151733,64032,2360632,0.280775,8407551
2,2021-03-18,98624,3632491,47059,1786877,46957,1778050,4608,67564,59802,1111416,0.132193,38475,1314176,0.156309,64960,2425592,0.288502,8407551
2,2021-03-19,97900,3730391,46349,1833226,45394,1823444,6157,73721,57763,1136027,0.13512,39810,1353986,0.161044,64421,2490013,0.296164,8407551
2,2021-03-20,70329,3800720,34050,1867276,32287,1855731,3992,77713,45825,1161936,0.138201,24256,1378242,0.163929,50165,2540178,0.302131,8407551
2,2021-03-21,33691,3834411,21732,1889008,9953,1865684,2006,79719,20111,1171069,0.139288,13418,1391660,0.165525,22551,2562729,0.304813,8407551
2,2021-03-22,63173,3897584,34780,1923788,25753,1891437,2640,82359,41763,1195219,0.14216,21153,1412813,0.168041,45303,2608032,0.310201,8407551
2,2021-03-23,84281,3981865,44784,1968572,36570,1928007,2927,85286,52282,1219573,0.145057,31695,1444508,0.171811,56049,2664081,0.316868,8407551
2,2021-03-24,92271,4074136,49567,2018139,39522,1967529,3182,88468,53773,1239203,0.147392,38142,1482650,0.176347,57772,2721853,0.323739,8407551
2,2021-03-25,101900,4176036,51389,2069528,46611,2014140,3900,92368,57258,1256878,0.149494,44254,1526904,0.181611,61929,2783782,0.331105,8407551
2,2021-03-26,104042,4280078,51562,2121090,48979,2063119,3501,95869,56505,1270806,0.151151,47124,1574028,0.187216,61052,2844834,0.338367,8407551
2,2021-03-27,76083,4356161,37955,2159045,34816,2097935,3312,99181,37885,1274952,0.151644,37919,1611947,0.191726,42065,2886899,0.34337,8407551
2,2021-03-28,37980,4394141,23465,2182510,13704,2111639,811,99992,20215,1279202,0.152149,17627,1629574,0.193823,21877,2908776,0.345972,8407551
2,2021-03-29,72092,4466233,36626,2219136,33184,2144823,2282,102274,40714,1292042,0.153676,31139,1660713,0.197526,43979,2952755,0.351203,8407551
2,2021-03-30,92605,4558838,45366,2264502,42856,2187679,4383,106657,51746,1308174,0.155595,40629,1701342,0.202359,56761,3009516,0.357954,8407551
2,2021-03-31,101780,4660618,52468,2316970,44184,2231863,5128,111785,57517,1327268,0.157866,43928,1745270,0.207584,63022,3072538,0.36545,8407551
2,2021-04-01,118439,4779057,57196,2374166,51947,2283810,9296,121081,64247,1347482,0.16027,53738,1799008,0.213975,73952,3146490,0.374246,8407551
2,2021-04-02,112264,4891321,51713,2425879,50298,2334108,10253,131334,59966,1366277,0.162506,51879,1850887,0.220146,70674,3217164,0.382652,8407551
2,2021-04-03,77136,4968457,37911,2463790,29366,2363474,9859,141193,38170,1375932,0.163654,38747,1889634,0.224754,48402,3265566,0.388409,8407551
2,2021-04-04,29116,4997573,14986,2478776,10254,2373728,3876,145069,13054,1376942,0.163774,15947,1905581,0.226651,16957,3282523,0.390426,8407551
2,2021-04-05,79607,5077180,39000,2517776,31711,2405439,8896,153965,38335,1383838,0.164595,41077,1946658,0.231537,47973,3330496,0.396132,8407551
2,2021-04-06,104413,5181593,50869,2568645,38783,2444222,14761,168726,49387,1393665,0.165763,54729,2001387,0.238046,64556,3395052,0.40381,8407551
2,2021-04-07,111091,5292684,55424,2624069,39333,2483555,16334,185060,52144,1403744,0.166962,58631,2060018,0.24502,68710,3463762,0.411982,8407551
2,2021-04-08,119848,5412532,57693,2681762,43335,2526890,18820,203880,55584,1414795,0.168277,63879,2123897,0.252618,74930,3538692,0.420895,8407551
2,2021-04-09,119382,5531914,57419,2739181,43742,2570632,18221,222101,56403,1427653,0.169806,62583,2186480,0.260061,75441,3614133,0.429868,8407551
2,2021-04-10,87886,5619800,37912,2777093,31496,2602128,18478,240579,36187,1431548,0.170269,51427,2237907,0.266178,55322,3669455,0.436448,8407551
2,2021-04-11,44620,5664420,23144,2800237,12978,2615106,8498,249077,18246,1432783,0.170416,26220,2264127,0.269297,27455,3696910,0.439713,8407551
2,2021-04-12,80436,5744856,37446,2837683,33523,2648629,9467,258544,35788,1434654,0.170639,44363,2308490,0.274573,46234,3743144,0.445212,8407551
2,2021-04-13,102266,5847122,53092,2890775,48906,2697535,268,258812,55894,1445631,0.171944,46081,2354571,0.280054,57058,3800202,0.451999,8407551
2,2021-04-14,107154,5954276,56133,2946908,50961,2748496,60,258872,54645,1449591,0.172415,52183,2406754,0.286261,56143,3856345,0.458676,8407551
2,2021-04-15,113515,6067791,60248,3007156,53171,2801667,96,258968,59111,1455885,0.173164,53988,2460742,0.292682,60282,3916627,0.465846,8407551
2,2021-04-16,111153,6178944,57624,3064780,53470,2855137,59,259027,56345,1458713,0.1735,54430,2515172,0.299156,57258,3973885,0.472657,8407551
2,2021-04-17,83735,6262679,42576,3107356,41144,2896281,15,259042,46693,1469513,0.174785,36780,2551952,0.303531,47580,4021465,0.478316,8407551
2,2021-04-18,36018,6298697,21878,3129234,14129,2910410,11,259053,17088,1468823,0.174703,18783,2570735,0.305765,18093,4039558,0.480468,8407551
2,2021-04-19,75097,6373794,40439,3169673,34639,2945049,19,259072,34090,1462826,0.17399,40720,2611455,0.310608,34723,4074281,0.484598,8407551
2,2021-04-20,97818,6471612,49484,3219157,48306,2993355,28,259100,47186,1460523,0.173716,50266,2661721,0.316587,47963,4122244,0.490303,8407551
2,2021-04-21,104236,6575848,56465,3275622,47702,3041057,69,259169,49159,1456155,0.173196,54576,2716297,0.323078,50208,4172452,0.496274,8407551
2,2021-04-22,108720,6684568,56254,3331876,52439,3093496,27,259196,47514,1443829,0.17173,60750,2777047,0.330304,48424,4220876,0.502034,8407551
2,2021-04-23,108316,6792884,57679,3389555,50618,3144114,19,259215,49976,1436849,0.1709,57902,2834949,0.337191,50922,4271798,0.508091,8407551
2,2021-04-24,81230,6874114,47816,3437371,33371,3177485,43,259258,42236,1441448,0.171447,38624,2873573,0.341785,43223,4315021,0.513232,8407551
2,2021-04-25,36702,6910816,22593,3459964,14093,3191578,16,259274,19939,1445271,0.171902,16606,2890179,0.34376,20429,4335450,0.515661,8407551
2,2021-04-26,74555,6985371,41322,3501286,32918,3224496,315,259589,34185,1441144,0.171411,40079,2930258,0.348527,35952,4371402,0.519938,8407551
2,2021-04-27,88609,7073980,46779,3548065,40460,3264956,1370,260959,37929,1431407,0.170253,50282,2980540,0.354508,40545,4411947,0.52476,8407551
2,2021-04-28,88587,7162567,47363,3595428,39344,3304300,1880,262839,39008,1423997,0.169371,49219,3029759,0.360362,41809,4453756,0.529733,8407551
2,2021-04-29,91546,7254113,49889,3645317,39936,3344236,1721,264560,35497,1406178,0.167252,55638,3085397,0.366979,37819,4491575,0.534231,8407551
2,2021-04-30,95211,7349324,52644,3697961,40557,3384793,2010,266570,36931,1387981,0.165087,57791,3143188,0.373853,39594,4531169,0.53894,8407551
2,2021-05-01,62913,7412237,38385,3736346,22926,3407719,1602,268172,24516,1376891,0.163768,38056,3181244,0.378379,26966,4558135,0.542148,8407551
2,2021-05-02,29387,7441624,20459,3756805,7951,3415670,977,269149,11153,1371020,0.16307,18092,3199336,0.380531,12221,4570356,0.543601,8407551
2,2021-05-03,60861,7502485,36154,3792959,22640,3438310,2067,271216,20433,1353638,0.161003,40142,3239478,0.385306,22760,4593116,0.546308,8407551
2,2021-05-04,80293,7582778,47952,3840911,29933,3468243,2408,273624,26047,1328605,0.158025,53877,3293355,0.391714,28844,4621960,0.549739,8407551
2,2021-05-05,80921,7663699,48213,3889124,30348,3498591,2360,275984,25300,1301424,0.154792,55210,3348565,0.398281,28029,4649989,0.553073,8407551
2,2021-05-06,83338,7747037,50613,3939737,29789,3528380,2936,278920,25371,1272900,0.1514,57463,3406028,0.405115,28939,4678928,0.556515,8407551
2,2021-05-07,84083,7831120,48550,3988287,33102,3561482,2431,281351,25855,1243822,0.147941,57816,3463844,0.411992,28738,4707666,0.559933,8407551
2,2021-05-08,55917,7887037,33918,4022205,20271,3581753,1728,283079,17522,1225651,0.14578,38149,3501993,0.416529,19978,4727644,0.562309,8407551
2,2021-05-09,21937,7908974,15797,4038002,5390,3587143,750,283829,6350,1217488,0.144809,15492,3517485,0.418372,7329,4734973,0.563181,8407551
2,2021-05-10,50474,7959448,27515,4065517,21072,3608215,1887,285716,14225,1198225,0.142518,35977,3553462,0.422651,16714,4751687,0.565169,8407551
2,2021-05-11,66616,8026064,36120,4101637,28360,3636575,2136,287852,20052,1174861,0.139739,46245,3599707,0.428152,22881,4774568,0.56789,8407551
2,2021-05-12,65522,8091586,34926,4136563,28358,3664933,2238,290090,19268,1150845,0.136882,45934,3645641,0.433615,21918,4796486,0.570497,8407551
2,2021-05-13,71330,8162916,41461,4178024,27913,3692846,1956,292046,26089,1134696,0.134962,44931,3690572,0.438959,28782,4825268,0.573921,8407551
2,2021-05-14,80274,8243190,48134,4226158,29870,3722716,2270,294316,30823,1119361,0.133138,49072,3739644,0.444796,33737,4859005,0.577933,8407551
2,2021-05-15,66782,8309972,43887,4270045,21172,3743888,1723,296039,25902,1106771,0.13164,40617,3780261,0.449627,28027,4887032,0.581267,8407551
2,2021-05-16,31781,8341753,23774,4293819,7080,3750968,927,296966,12914,1102020,0.131075,18724,3798985,0.451854,13973,4901005,0.582929,8407551
2,2021-05-17,58264,8400017,36924,4330743,19382,3770350,1958,298924,22963,1092264,0.129915,35042,3834027,0.456022,25286,4926291,0.585936,8407551
2,2021-05-18,70435,8470452,41214,4371957,27251,3797601,1970,300894,27951,1080530,0.128519,42196,3876223,0.461041,30462,4956753,0.58956,8407551
2,2021-05-19,69197,8539649,40958,4412915,26221,3823822,2018,302912,27378,1068901,0.127136,41497,3917720,0.465976,29868,4986621,0.593112,8407551
2,2021-05-20,69895,8609544,40564,4453479,27139,3850961,2192,305104,26588,1055323,0.125521,42957,3960677,0.471086,29379,5016000,0.596607,8407551
2,2021-05-21,73460,8683004,43396,4496875,27893,3878854,2171,307275,27914,1040796,0.123793,45174,4005851,0.476459,30647,5046647,0.600252,8407551
2,2021-05-22,53822,8736826,34157,4531032,17891,3896745,1774,309049,22443,1034416,0.123034,31137,4036988,0.480162,24757,5071404,0.603196,8407551
2,2021-05-23,24455,8761281,16683,4547715,7046,3903791,726,309775,10253,1031462,0.122683,14073,4051061,0.481836,11119,5082523,0.604519,8407551
2,2021-05-24,45111,8806392,25656,4573371,17675,3921466,1780,311555,17341,1023389,0.121723,27535,4078596,0.485111,19462,5101985,0.606834,8407551
2,2021-05-25,50880,8857272,29784,4603155,19226,3940692,1870,313425,19330,1013891,0.120593,31237,4109833,0.488826,21739,5123724,0.609419,8407551
2,2021-05-26,48787,8906059,27333,4630488,19767,3960459,1687,315112,19026,1005523,0.119598,29420,4139253,0.492326,21052,5144776,0.611923,8407551
2,2021-05-27,46637,8952696,26444,4656932,18457,3978916,1736,316848,18593,998562,0.11877,27793,4167046,0.495631,20832,5165608,0.614401,8407551
2,2021-05-28,50111,9002807,27696,4684628,20439,3999355,1976,318824,21012,993145,0.118125,28837,4195883,0.499061,23420,5189028,0.617187,8407551
2,2021-05-29,29032,9031839,17400,4702028,10571,4009926,1061,319885,13237,991984,0.117987,15634,4211517,0.500921,14473,5203501,0.618908,8407551
2,2021-05-30,12693,9044532,8181,4710209,3745,4013671,767,320652,5530,991246,0.117899,7102,4218619,0.501765,6364,5209865,0.619665,8407551
2,2021-05-31,5909,9050441,3454,4713663,2151,4015822,304,320956,1836,989423,0.117683,4012,4222631,0.502243,2189,5212054,0.619925,8407551
2,2021-06-01,44858,9095299,25765,4739428,17427,4033249,1666,322622,15591,978102,0.116336,28947,4251578,0.505686,17626,5229680,0.622022,8407551
2,2021-06-02,38268,9133567,22507,4761935,14343,4047592,1418,324040,14950,971721,0.115577,23050,4274628,0.508427,16669,5246349,0.624004,8407551
2,2021-06-03,41425,9174992,26666,4788601,13285,4060877,1474,325514,13904,960211,0.114208,27274,4301902,0.511671,15764,5262113,0.625879,8407551
2,2021-06-04,48087,9223079,31424,4820025,15117,4075994,1546,327060,15485,945472,0.112455,32293,4334195,0.515512,17554,5279667,0.627967,8407551
2,2021-06-05,37936,9261015,27066,4847091,9405,4085399,1465,328525,11781,933225,0.110998,25918,4360113,0.518595,13671,5293338,0.629593,8407551
2,2021-06-06,14941,9275956,12257,4859348,2105,4087504,579,329104,4659,928440,0.110429,10216,4370329,0.51981,5431,5298769,0.630239,8407551
2,2021-06-07,33329,9309285,23316,4882664,8735,4096239,1278,330382,10803,918391,0.109234,22369,4392698,0.522471,12320,5311089,0.631705,8407551
2,2021-06-08,40661,9349946,28780,4911444,10513,4106752,1368,331750,12451,904629,0.107597,27963,4420661,0.525797,14201,5325290,0.633394,8407551
2,2021-06-09,38185,9388131,26662,4938106,10025,4116777,1498,333248,11524,891513,0.106037,26465,4447126,0.528944,13349,5338639,0.634981,8407551
2,2021-06-10,37798,9425929,26287,4964393,9981,4126758,1530,334778,11574,879065,0.104557,26027,4473153,0.53204,13579,5352218,0.636597,8407551
2,2021-06-11,41295,9467224,27413,4991806,12212,4138970,1670,336448,13173,866354,0.103045,27857,4501010,0.535353,15146,5367364,0.638398,8407551
2,2021-06-12,29477,9496701,21699,5013505,6865,4145835,913,337361,8651,855469,0.10175,20683,4521693,0.537813,9798,5377162,0.639563,8407551
2,2021-06-13,12218,9508919,8921,5022426,2679,4148514,618,337979,3092,850283,0.101133,9064,4530757,0.538891,3878,5381040,0.640025,8407551
2,2021-06-14,29933,9538852,21237,5043663,7496,4156010,1200,339179,10323,842571,0.100216,19439,4550196,0.541203,11727,5392767,0.641419,8407551
2,2021-06-15,35600,9574452,23683,5067346,9869,4165879,2048,341227,11955,833556,0.099144,23398,4573594,0.543986,14383,5407150,0.64313,8407551
2,2021-06-16,33038,9607490,22798,5090144,8445,4174324,1795,343022,11394,825585,0.098196,21475,4595069,0.546541,13504,5420654,0.644736,8407551
2,2021-06-17,30849,9638339,20606,5110750,8442,4182766,1801,344823,10889,818698,0.097377,19786,4614855,0.548894,12899,5433553,0.646271,8407551
2,2021-06-18,34782,9673121,22935,5133685,9971,4192737,1876,346699,12659,811584,0.09653,21904,4636759,0.551499,14790,5448343,0.64803,8407551
2,2021-06-19,20961,9694082,14597,5148282,5106,4197843,1258,347957,7925,808092,0.096115,12873,4649632,0.55303,9381,5457724,0.649146,8407551
2,2021-06-20,8297,9702379,5932,5154214,1900,4199743,465,348422,3071,806514,0.095927,5183,4654815,0.553647,3605,5461329,0.649574,8407551
2,2021-06-21,19355,9721734,11840,5166054,6192,4205935,1323,349745,9889,808561,0.096171,9344,4664159,0.554758,11391,5472720,0.650929,8407551
2,2021-06-22,26908,9748642,18427,5184481,7103,4213038,1378,351123,10543,804560,0.095695,16196,4680355,0.556685,12195,5484915,0.65238,8407551
2,2021-06-23,25921,9774563,17892,5202373,6401,4219439,1628,352751,10554,801811,0.095368,15226,4695581,0.558496,12477,5497392,0.653864,8407551
2,2021-06-24,25353,9799916,17257,5219630,6576,4226015,1520,354271,10447,799256,0.095064,14757,4710338,0.560251,12202,5509594,0.655315,8407551
2,2021-06-25,28764,9828680,19494,5239124,7775,4233790,1495,355766,12002,796390,0.094723,16601,4726939,0.562225,13735,5523329,0.656949,8407551
2,2021-06-26,18531,9847211,13654,5252778,3948,4237738,929,356695,7534,794202,0.094463,10907,4737846,0.563523,8719,5532048,0.657986,8407551
2,2021-06-27,8796,9856007,6716,5259494,1632,4239370,448,357143,3525,793082,0.09433,5218,4743064,0.564143,4098,5536146,0.658473,8407551
2,2021-06-28,19766,9875773,15017,5274511,3507,4242877,1242,358385,8705,792289,0.094235,10931,4753995,0.565443,10138,5546284,0.659679,8407551
2,2021-06-29,22650,9898423,15786,5290297,5791,4248668,1073,359458,9657,790396,0.09401,12857,4766852,0.566973,10964,5557248,0.660983,8407551
2,2021-06-30,21873,9920296,15503,5305800,5344,4254012,1026,360484,9718,789356,0.093887,12014,4778866,0.568402,10974,5568222,0.662288,8407551
2,2021-07-01,19760,9940056,13949,5319749,4926,4258938,885,361369,8769,788347,0.093767,10866,4789732,0.569694,9857,5578079,0.663461,8407551
2,2021-07-02,22690,9962746,15648,5335397,6017,4264955,1025,362394,10019,787078,0.093616,12514,4802246,0.571183,11245,5589324,0.664798,8407551
2,2021-07-03,12449,9975195,8978,5344375,3001,4267956,470,362864,5687,786688,0.093569,6668,4808914,0.571976,6278,5595602,0.665545,8407551
2,2021-07-04,997,9976192,586,5344961,344,4268300,67,362931,430,786652,0.093565,556,4809470,0.572042,520,5596122,0.665607,8407551
2,2021-07-05,11017,9987209,8058,5353019,2551,4270851,408,363339,5053,786340,0.093528,5900,4815370,0.572743,5588,5601710,0.666271,8407551
2,2021-07-06,23557,10010766,17132,5370151,5449,4276300,976,364315,9095,782361,0.093055,14320,4829690,0.574447,10341,5612051,0.667501,8407551
2,2021-07-07,20455,10031221,14593,5384744,4765,4281065,1097,365412,8680,780765,0.092865,11636,4841326,0.575831,10040,5622091,0.668695,8407551
2,2021-07-08,19046,10050267,13264,5398008,4748,4285813,1034,366446,8032,779123,0.092669,10912,4852238,0.577129,9270,5631361,0.669798,8407551
2,2021-07-09,22344,10072611,15467,5413475,5629,4291442,1248,367694,9423,777207,0.092442,12787,4865025,0.578649,10871,5642232,0.671091,8407551
2,2021-07-10,14111,10086722,10405,5423880,3022,4294464,684,368378,6179,776389,0.092344,7840,4872865,0.579582,7022,5649254,0.671926,8407551
2,2021-07-11,6546,10093268,4807,5428687,1390,4295854,349,368727,3082,776470,0.092354,3420,4876285,0.579989,3501,5652755,0.672343,8407551
2,2021-07-12,18112,10111380,13323,5442010,3925,4299779,864,369591,7788,775108,0.092192,10214,4886499,0.581204,8852,5661607,0.673395,8407551
2,2021-07-13,19356,10130736,13653,5455663,4820,4304599,883,370474,8654,774279,0.092093,10561,4897060,0.58246,9732,5671339,0.674553,8407551
2,2021-07-14,18525,10149261,13226,5468889,4520,4309119,779,371253,8261,773389,0.091987,10139,4907199,0.583666,9249,5680588,0.675653,8407551
2,2021-07-15,18659,10167920,13546,5482435,4419,4313538,694,371947,8481,772714,0.091907,10065,4917264,0.584863,9390,5689978,0.67677,8407551
2,2021-07-16,22598,10190518,16265,5498700,5506,4319044,827,372774,10795,772866,0.091925,11673,4928937,0.586251,11825,5701803,0.678176,8407551
2,2021-07-17,14204,10204722,10346,5509046,3327,4322371,531,373305,6856,773131,0.091957,7257,4936194,0.587114,7522,5709325,0.679071,8407551
2,2021-07-18,6962,10211684,5201,5514247,1435,4323806,326,373631,3522,773650,0.092018,3397,4939591,0.587518,3916,5713241,0.679537,8407551
2,2021-07-19,18313,10229997,13665,5527912,3915,4327721,733,374364,9106,774581,0.092129,9091,4948682,0.5886,10022,5723263,0.680729,8407551
2,2021-07-20,20626,10250623,14705,5542617,5087,4332808,834,375198,10432,776005,0.092299,10061,4958743,0.589796,11485,5734748,0.682095,8407551
2,2021-07-21,20158,10270781,14669,5557286,4731,4337539,758,375956,10434,777795,0.092511,9597,4968340,0.590938,11387,5746135,0.683449,8407551
2,2021-07-22,20083,10290864,14339,5571625,4897,4342436,847,376803,10728,780333,0.092813,9211,4977551,0.592033,11749,5757884,0.684847,8407551
2,2021-07-23,24104,10314968,16873,5588498,6196,4348632,1035,377838,13128,783863,0.093233,10828,4988379,0.593321,14358,5772242,0.686555,8407551
2,2021-07-24,14604,10329572,10531,5599029,3582,4352214,491,378329,8150,786269,0.093519,6349,4994728,0.594076,8755,5780997,0.687596,8407551
2,2021-07-25,6595,10336167,4841,5603870,1618,4353832,136,378465,4873,789638,0.09392,1679,4996407,0.594276,5048,5786045,0.688196,8407551
2,2021-07-26,18720,10354887,13222,5617092,4743,4358575,755,379220,11842,795599,0.094629,6762,5003169,0.59508,12723,5798768,0.68971,8407551
2,2021-07-27,22501,10377388,16302,5633394,5360,4363935,839,380059,13199,800637,0.095228,9151,5012320,0.596169,14189,5812957,0.691397,8407551
2,2021-07-28,22348,10399736,15998,5649392,5460,4369395,890,380949,13210,805944,0.09586,8976,5021296,0.597236,14283,5827240,0.693096,8407551
2,2021-07-29,21200,10420936,15208,5664600,5084,4374479,908,381857,12795,811528,0.096524,8267,5029563,0.59822,13851,5841091,0.694743,8407551
2,2021-07-30,25787,10446723,18393,5682993,6467,4380946,927,382784,15470,818001,0.097294,10129,5039692,0.599424,16602,5857693,0.696718,8407551
2,2021-07-31,15512,10462235,11452,5694445,3569,4384515,491,383275,9383,822000,0.097769,6007,5045699,0.600139,10006,5867699,0.697908,8407551
2,2021-08-01,7909,10470144,6096,5700541,1645,4386160,168,383443,5163,824705,0.098091,2688,5048387,0.600459,5393,5873092,0.69855,8407551
2,2021-08-02,21031,10491175,15841,5716382,4443,4390603,747,384190,13319,831315,0.098877,7570,5055957,0.601359,14180,5887272,0.700236,8407551
2,2021-08-03,23716,10514891,17306,5733688,5418,4396021,992,385182,14757,838380,0.099718,8812,5064769,0.602407,15877,5903149,0.702125,8407551
2,2021-08-04,22370,10537261,16594,5750282,4945,4400966,831,386013,13931,844939,0.100498,8301,5073070,0.603394,14860,5918009,0.703892,8407551
2,2021-08-05,22665,10559926,16670,5766952,5115,4406081,880,386893,14025,851483,0.101276,8475,5081545,0.604403,15019,5933028,0.705679,8407551
2,2021-08-06,27010,10586936,19773,5786725,6283,4412364,954,387847,16462,858657,0.102129,10365,5091910,0.605635,17539,5950567,0.707765,8407551
2,2021-08-07,16549,10603485,12305,5799030,3663,4416027,581,388428,10126,863127,0.102661,6317,5098227,0.606387,10787,5961354,0.709048,8407551
2,2021-08-08,9246,10612731,7001,5806031,2019,4418046,226,388654,5761,865752,0.102973,3403,5101630,0.606791,6028,5967382,0.709765,8407551
2,2021-08-09,22722,10635453,17468,5823499,4525,4422571,729,389383,13696,871426,0.103648,8874,5110504,0.607847,14548,5981930,0.711495,8407551
2,2021-08-10,23830,10659283,17606,5841105,5419,4427990,805,390188,14019,876746,0.104281,9640,5120144,0.608994,14960,5996890,0.713274,8407551
2,2021-08-11,21205,10680488,15895,5857000,4440,4432430,870,391058,12313,881307,0.104823,8728,5128872,0.610032,13289,6010179,0.714855,8407551
2,2021-08-12,14389,10694877,10268,5867268,3276,4435706,845,391903,8060,884115,0.105157,6216,5135088,0.610771,9024,6019203,0.715928,8407551
3,2020-12-15,336,336,336,336,0,0,0,0,336,336,4.1e-05,0,0,0.0,336,336,4.1e-05,8129050
3,2020-12-16,2494,2830,2494,2830,0,0,0,0,2495,2831,0.000348,0,0,0.0,2495,2831,0.000348,8129050
3,2020-12-17,7899,10729,7899,10729,0,0,0,0,7899,10730,0.00132,0,0,0.0,7899,10730,0.00132,8129050
3,2020-12-18,13510,24239,13489,24218,21,21,0,0,13508,24238,0.002982,0,0,0.0,13508,24238,0.002982,8129050
3,2020-12-19,7278,31517,7265,31483,13,34,0,0,7341,31579,0.003885,0,0,0.0,7341,31579,0.003885,8129050
3,2020-12-20,5681,37198,5669,37152,12,46,0,0,5728,37306,0.004589,1,1,0.0,5728,37307,0.004589,8129050
3,2020-12-21,14411,51609,14384,51536,27,73,0,0,14475,51780,0.00637,1,2,0.0,14475,51782,0.00637,8129050
3,2020-12-22,14871,66480,14276,65812,595,668,0,0,14908,66685,0.008203,3,5,1e-06,14908,66690,0.008204,8129050
3,2020-12-23,14912,81392,12281,78093,2631,3299,0,0,14928,81612,0.01004,2,7,1e-06,14929,81619,0.01004,8129050
3,2020-12-24,6832,88224,4893,82986,1939,5238,0,0,6829,88439,0.010879,2,9,1e-06,6829,88448,0.01088,8129050
3,2020-12-25,736,88960,675,83661,61,5299,0,0,734,89173,0.01097,0,9,1e-06,734,89182,0.010971,8129050
3,2020-12-26,4651,93611,3016,86677,1635,6934,0,0,4649,93822,0.011542,0,9,1e-06,4649,93831,0.011543,8129050
3,2020-12-27,3013,96624,1863,88540,1150,8084,0,0,3013,96835,0.011912,0,9,1e-06,3013,96844,0.011913,8129050
3,2020-12-28,13730,110354,8772,97312,4958,13042,0,0,13754,110588,0.013604,1,10,1e-06,13754,110598,0.013605,8129050
3,2020-12-29,15338,125692,8693,106005,6645,19687,0,0,15363,125949,0.015494,2,12,1e-06,15363,125961,0.015495,8129050
3,2020-12-30,18221,143913,10146,116151,8075,27762,0,0,18227,144175,0.017736,2,14,2e-06,18228,144189,0.017737,8129050
3,2020-12-31,8507,152420,3258,119409,5249,33011,0,0,8507,152680,0.018782,2,16,2e-06,8507,152696,0.018784,8129050
3,2021-01-01,1783,154203,850,120259,933,33944,0,0,1778,154457,0.019001,1,17,2e-06,1778,154474,0.019003,8129050
3,2021-01-02,4977,159180,2441,122700,2536,36480,0,0,4976,159433,0.019613,0,17,2e-06,4976,159450,0.019615,8129050
3,2021-01-03,1632,160812,859,123559,773,37253,0,0,1623,161054,0.019812,2,19,2e-06,1623,161073,0.019814,8129050
3,2021-01-04,12116,172928,6002,129561,6114,43367,0,0,12086,173132,0.021298,8,27,3e-06,12086,173159,0.021301,8129050
3,2021-01-05,15831,188759,8197,137758,7634,51001,0,0,14146,185642,0.022837,1668,1695,0.000209,14178,187337,0.023045,8129050
3,2021-01-06,20699,209458,10955,148713,9744,60745,0,0,16104,197212,0.02426,4546,6241,0.000768,16116,203453,0.025028,8129050
3,2021-01-07,26762,236220,15305,164018,11457,72202,0,0,17239,204983,0.025216,9486,15727,0.001935,17257,220710,0.027151,8129050
3,2021-01-08,30826,267046,18847,182865,11979,84181,0,0,18256,210720,0.025922,12545,28272,0.003478,18282,238992,0.0294,8129050
3,2021-01-09,12513,279559,7070,189935,5443,89624,0,0,7975,214172,0.026346,4532,32804,0.004035,7984,246976,0.030382,8129050
3,2021-01-10,7275,286834,4510,194445,2765,92389,0,0,4104,215114,0.026462,3169,35973,0.004425,4111,251087,0.030888,8129050
3,2021-01-11,29286,316120,19160,213605,10126,102515,0,0,16596,219080,0.02695,12681,48654,0.005985,16647,267734,0.032935,8129050
3,2021-01-12,32776,348896,19550,233155,13226,115741,0,0,20102,226683,0.027886,12650,61304,0.007541,20253,287987,0.035427,8129050
3,2021-01-13,34734,383630,18132,251287,16602,132343,0,0,24472,240940,0.029639,10245,71549,0.008802,24502,312489,0.038441,8129050
3,2021-01-14,34928,418558,14288,265575,20640,152983,0,0,28973,264040,0.032481,5913,77462,0.009529,29013,341502,0.04201,8129050
3,2021-01-15,39210,457768,14543,280118,24667,177650,0,0,34467,293865,0.03615,4719,82181,0.01011,34544,376046,0.04626,8129050
3,2021-01-16,21935,479703,7509,287627,14426,192076,0,0,19547,311059,0.038265,2376,84557,0.010402,19570,395616,0.048667,8129050
3,2021-01-17,13209,492912,4494,292121,8715,200791,0,0,12116,322101,0.039623,1092,85649,0.010536,12134,407750,0.05016,8129050
3,2021-01-18,24929,517841,13028,305149,11901,212692,0,0,19274,335781,0.041306,5643,91292,0.01123,19323,427073,0.052537,8129050
3,2021-01-19,41426,559267,21070,326219,20356,233048,0,0,32093,358672,0.044122,9294,100586,0.012374,32185,459258,0.056496,8129050
3,2021-01-20,46445,605712,23109,349328,23336,256384,0,0,36811,385986,0.047482,9584,110170,0.013553,36898,496156,0.061035,8129050
3,2021-01-21,48401,654113,20974,370302,27427,283811,0,0,42824,423385,0.052083,5508,115678,0.01423,42907,539063,0.066313,8129050
3,2021-01-22,50053,704166,19937,390239,30116,313927,0,0,45792,465021,0.057205,4231,119909,0.014751,45867,584930,0.071956,8129050
3,2021-01-23,30600,734766,12861,403100,17739,331666,0,0,27276,489042,0.06016,3315,123224,0.015158,27336,612266,0.075318,8129050
3,2021-01-24,18056,752822,8527,411627,9529,341195,0,0,16859,504739,0.062091,1193,124417,0.015305,16890,629156,0.077396,8129050
3,2021-01-25,41112,793934,18315,429942,22797,363992,0,0,31036,525824,0.064685,10046,134463,0.016541,31131,660287,0.081226,8129050
3,2021-01-26,47622,841556,22716,452658,24906,388898,0,0,37317,552979,0.068025,10272,144735,0.017805,37427,697714,0.08583,8129050
3,2021-01-27,51857,893413,24656,477314,27201,416099,0,0,41077,583431,0.071771,10708,155443,0.019122,41160,738874,0.090893,8129050
3,2021-01-28,52446,945859,24303,501617,28143,444242,0,0,43401,617937,0.076016,8956,164399,0.020224,43462,782336,0.09624,8129050
3,2021-01-29,51526,997385,24649,526266,26877,471119,0,0,41666,649976,0.079957,9678,174077,0.021414,41717,824053,0.101371,8129050
3,2021-01-30,37806,1035191,17821,544087,19985,491104,0,0,33057,678430,0.083457,4693,178770,0.021991,33147,857200,0.105449,8129050
3,2021-01-31,22847,1058038,12832,556919,10015,501119,0,0,21412,698448,0.08592,1418,180188,0.022166,21436,878636,0.108086,8129050
3,2021-02-01,46433,1104471,21208,578127,25225,526344,0,0,35391,722899,0.088928,10980,191168,0.023517,35431,914067,0.112445,8129050
3,2021-02-02,54863,1159334,22881,601008,31982,558326,0,0,42286,752766,0.092602,12473,203641,0.025051,42340,956407,0.117653,8129050
3,2021-02-03,60402,1219736,26824,627832,33578,591904,0,0,44896,782367,0.096243,15370,219011,0.026942,44971,1001378,0.123185,8129050
3,2021-02-04,64781,1284517,28051,655883,36730,628634,0,0,47426,812763,0.099983,17156,236167,0.029052,47552,1048930,0.129035,8129050
3,2021-02-05,70799,1355316,29898,685781,40901,669535,0,0,48883,840159,0.103353,21671,257838,0.031718,49067,1097997,0.135071,8129050
3,2021-02-06,43893,1399209,21039,706820,22854,692389,0,0,34175,864856,0.106391,9669,267507,0.032908,34366,1132363,0.139298,8129050
3,2021-02-07,19860,1419069,12623,719443,7237,699626,0,0,15234,875613,0.107714,4606,272113,0.033474,15363,1147726,0.141188,8129050
3,2021-02-08,51850,1470919,25035,744478,26815,726441,0,0,33972,892047,0.109736,17737,289850,0.035656,34171,1181897,0.145392,8129050
3,2021-02-09,59110,1530029,28628,773106,30482,756923,0,0,34539,902651,0.11104,24290,314140,0.038644,34894,1216791,0.149684,8129050
3,2021-02-10,68743,1598772,32010,805116,36733,793656,0,0,36826,908391,0.111746,31611,345751,0.042533,37351,1254142,0.154279,8129050
3,2021-02-11,71173,1669945,34968,840084,36205,829861,0,0,37800,913731,0.112403,33015,378766,0.046594,38355,1292497,0.158997,8129050
3,2021-02-12,75966,1745911,32754,872838,43212,873073,0,0,41831,922521,0.113484,33819,412585,0.050754,42609,1335106,0.164239,8129050
3,2021-02-13,45458,1791369,20594,893432,24864,897937,0,0,26133,930039,0.114409,19203,431788,0.053117,26721,1361827,0.167526,8129050
3,2021-02-14,27522,1818891,13754,907186,13768,911705,0,0,15247,933549,0.114841,12206,443994,0.054618,15716,1377543,0.169459,8129050
3,2021-02-15,40500,1859391,17452,924638,23048,934753,0,0,22344,938812,0.115489,18038,462032,0.056837,23301,1400844,0.172326,8129050
3,2021-02-16,70741,1930132,33467,958105,37274,972027,0,0,36698,942668,0.115963,33893,495925,0.061007,37749,1438593,0.176969,8129050
3,2021-02-17,72612,2002744,36674,994779,35938,1007965,0,0,34376,940128,0.11565,37988,533913,0.06568,35448,1474041,0.18133,8129050
3,2021-02-18,77721,2080465,40578,1035357,37143,1045108,0,0,35858,935687,0.115104,41652,575565,0.070803,37211,1511252,0.185908,8129050
3,2021-02-19,69815,2150280,40232,1075589,29583,1074691,0,0,35188,937105,0.115279,34451,610016,0.075041,35869,1547121,0.19032,8129050
3,2021-02-20,43442,2193722,27399,1102988,16043,1090734,0,0,22587,939498,0.115573,20728,630744,0.077591,23121,1570242,0.193164,8129050
3,2021-02-21,24443,2218165,19622,1122610,4821,1095555,0,0,11785,939146,0.11553,12552,643296,0.079135,12200,1582442,0.194665,8129050
3,2021-02-22,47891,2266056,31187,1153797,16704,1112259,0,0,22408,936734,0.115233,25324,668620,0.082251,22912,1605354,0.197484,8129050
3,2021-02-23,63982,2330038,34765,1188562,29217,1141476,0,0,27863,930735,0.114495,35875,704495,0.086664,29876,1635230,0.201159,8129050
3,2021-02-24,80168,2410206,39386,1227948,40782,1182258,0,0,35315,924019,0.113669,44585,749080,0.092149,37869,1673099,0.205817,8129050
3,2021-02-25,89901,2500107,43804,1271752,46097,1228355,0,0,44632,926325,0.113952,44948,794028,0.097678,47254,1720353,0.21163,8129050
3,2021-02-26,100966,2601073,46177,1317929,54789,1283144,0,0,53093,934223,0.114924,47430,841458,0.103512,55328,1775681,0.218436,8129050
3,2021-02-27,71589,2672662,32870,1350799,38715,1321859,4,4,37548,939312,0.11555,33793,875251,0.10767,38882,1814563,0.22322,8129050
3,2021-02-28,41743,2714405,24092,1374891,17646,1339505,5,9,21140,941044,0.115763,20386,895637,0.110177,22118,1836681,0.22594,8129050
3,2021-03-01,70562,2784967,37393,1412284,33116,1372621,53,62,39149,950475,0.116923,31150,926787,0.114009,40581,1877262,0.230933,8129050
3,2021-03-02,81957,2866924,40433,1452717,41511,1414132,13,75,47219,965288,0.118745,34557,961344,0.11826,49370,1926632,0.237006,8129050
3,2021-03-03,91925,2958849,43997,1496714,47896,1462028,32,107,51271,978510,0.120372,40397,1001741,0.12323,53619,1980251,0.243602,8129050
3,2021-03-04,96346,3055195,47124,1543838,49198,1511226,24,131,54465,993708,0.122242,41613,1043354,0.128349,56811,2037062,0.25059,8129050
3,2021-03-05,92632,3147827,45276,1589114,47059,1558285,297,428,56175,1016284,0.125019,36161,1079515,0.132797,58737,2095799,0.257816,8129050
3,2021-03-06,66359,3214186,33631,1622745,30561,1588846,2167,2595,37821,1029360,0.126627,28372,1107887,0.136287,41448,2137247,0.262915,8129050
3,2021-03-07,39413,3253599,22757,1645502,14745,1603591,1911,4506,22169,1037449,0.127622,17159,1125046,0.138398,25248,2162495,0.266021,8129050
3,2021-03-08,60544,3314143,28840,1674342,28691,1632282,3013,7519,38260,1058160,0.13017,22102,1147148,0.141117,42813,2205308,0.271287,8129050
3,2021-03-09,77780,3391923,35920,1710262,37364,1669646,4496,12015,41746,1069666,0.131586,35870,1183018,0.14553,47376,2252684,0.277115,8129050
3,2021-03-10,83890,3475813,41762,1752024,35974,1705620,6154,18169,43773,1081095,0.132992,39870,1222888,0.150434,51299,2303983,0.283426,8129050
3,2021-03-11,98153,3573966,48020,1800044,41458,1747078,8675,26844,47978,1088915,0.133954,49874,1272762,0.15657,57694,2361677,0.290523,8129050
3,2021-03-12,102877,3676843,45917,1845961,45024,1792102,11936,38780,47131,1093571,0.134526,55477,1328239,0.163394,60133,2421810,0.29792,8129050
3,2021-03-13,70957,3747800,29876,1875837,33782,1825884,7299,46079,37485,1106346,0.136098,33318,1361557,0.167493,46093,2467903,0.303591,8129050
3,2021-03-14,41527,3789327,21685,1897522,16273,1842157,3569,49648,20922,1110944,0.136663,20507,1382064,0.170015,25105,2493008,0.306679,8129050
3,2021-03-15,76282,3865609,36186,1933708,35514,1877671,4582,54230,40162,1120803,0.137876,35865,1417929,0.174427,45724,2538732,0.312304,8129050
3,2021-03-16,95680,3961289,44145,1977853,47180,1924851,4355,58585,53696,1138034,0.139996,41710,1459639,0.179558,58941,2597673,0.319554,8129050
3,2021-03-17,99059,4060348,48102,2025955,46389,1971240,4568,63153,60051,1164546,0.143257,38742,1498381,0.184324,65254,2662927,0.327582,8129050
3,2021-03-18,104347,4164695,53037,2078992,46758,2017998,4552,67705,59726,1185061,0.145781,44294,1542675,0.189773,64809,2727736,0.335554,8129050
3,2021-03-19,103935,4268630,55731,2134723,43712,2061710,4492,72197,57767,1201983,0.147863,45862,1588537,0.195415,62784,2790520,0.343278,8129050
3,2021-03-20,72450,4341080,37344,2172067,31419,2093129,3687,75884,44522,1222961,0.150443,27701,1616238,0.198822,48679,2839199,0.349266,8129050
3,2021-03-21,36561,4377641,24844,2196911,10201,2103330,1516,77400,21948,1232417,0.151607,14491,1630729,0.200605,23947,2863146,0.352212,8129050
3,2021-03-22,71050,4448691,41774,2238685,26747,2130077,2529,79929,45114,1255406,0.154435,25671,1656400,0.203763,48660,2911806,0.358198,8129050
3,2021-03-23,90466,4539157,50036,2288721,37871,2167948,2559,82488,55118,1278728,0.157303,35050,1691450,0.208075,58372,2970178,0.365378,8129050
3,2021-03-24,99458,4638615,57233,2345954,39277,2207225,2948,85436,56187,1295585,0.159377,42877,1734327,0.213349,59734,3029912,0.372726,8129050
3,2021-03-25,108159,4746774,60068,2406022,45095,2252320,2996,88432,60519,1312468,0.161454,47271,1781598,0.219164,64154,3094066,0.380618,8129050
3,2021-03-26,111579,4858353,59830,2465852,48380,2300700,3369,91801,57083,1319635,0.162336,54123,1835721,0.225822,61290,3155356,0.388158,8129050
3,2021-03-27,75159,4933512,38193,2504045,34404,2335104,2562,94363,36150,1320254,0.162412,38753,1874474,0.23059,39372,3194728,0.393001,8129050
3,2021-03-28,44711,4978223,28164,2532209,15727,2350831,820,95183,22439,1322019,0.162629,22138,1896612,0.233313,23903,3218631,0.395942,8129050
3,2021-03-29,81446,5059669,42562,2574771,37022,2387853,1862,97045,44269,1332098,0.163869,36894,1933506,0.237851,46973,3265604,0.40172,8129050
3,2021-03-30,101040,5160709,49671,2624442,47708,2435561,3661,100706,56262,1348133,0.165841,44491,1977997,0.243324,60526,3326130,0.409166,8129050
3,2021-03-31,105741,5266450,57023,2681465,43834,2479395,4884,105590,56230,1360329,0.167342,49233,2027230,0.249381,61429,3387559,0.416723,8129050
3,2021-04-01,124703,5391153,63022,2744487,51856,2531251,9825,115415,66895,1379955,0.169756,57337,2084567,0.256434,76963,3464522,0.42619,8129050
3,2021-04-02,118642,5509795,57883,2802370,50340,2581591,10419,125834,62227,1396935,0.171845,56088,2140655,0.263334,73068,3537590,0.435179,8129050
3,2021-04-03,76505,5586300,39148,2841518,28082,2609673,9275,135109,38009,1406183,0.172982,38317,2178972,0.268048,47565,3585155,0.44103,8129050
3,2021-04-04,32590,5618890,17425,2858943,10916,2620589,4249,139358,14230,1406390,0.173008,18272,2197244,0.270295,18479,3603634,0.443303,8129050
3,2021-04-05,90195,5709085,45775,2904718,35100,2655689,9320,148678,43703,1413967,0.17394,46238,2243482,0.275983,53815,3657449,0.449923,8129050
3,2021-04-06,114159,5823244,55552,2960270,43306,2698995,15301,163979,53420,1422914,0.175041,60434,2303916,0.283418,69381,3726830,0.458458,8129050
3,2021-04-07,116939,5940183,60492,3020762,40065,2739060,16382,180361,56298,1435472,0.176585,60355,2364271,0.290842,72913,3799743,0.467428,8129050
3,2021-04-08,122044,6062227,60775,3081537,40999,2780059,20270,200631,56471,1447689,0.178088,65238,2429509,0.298868,77455,3877198,0.476956,8129050
3,2021-04-09,119220,6181447,59342,3140879,40584,2820643,19294,219925,52265,1453407,0.178792,66673,2496182,0.307069,72391,3949589,0.485861,8129050
3,2021-04-10,84799,6266246,38045,3178924,31390,2852033,15364,235289,34452,1453841,0.178845,50142,2546324,0.313238,50576,4000165,0.492083,8129050
3,2021-04-11,45507,6311753,24364,3203288,13070,2865103,8073,243362,17280,1451868,0.178602,28121,2574445,0.316697,26148,4026313,0.495299,8129050
3,2021-04-12,84468,6396221,42662,3245950,32929,2898032,8877,252239,38080,1453770,0.178836,46121,2620566,0.322371,48023,4074336,0.501207,8129050
3,2021-04-13,106005,6502226,57383,3303333,48410,2946442,212,252451,55732,1460602,0.179677,50000,2670566,0.328521,56832,4131168,0.508198,8129050
3,2021-04-14,108180,6610406,59154,3362487,48918,2995360,108,252559,53701,1461692,0.179811,54158,2724724,0.335184,55248,4186416,0.514994,8129050
3,2021-04-15,119875,6730281,67403,3429890,52386,3047746,86,252645,63777,1470631,0.180911,55739,2780463,0.34204,64678,4251094,0.522951,8129050
3,2021-04-16,116066,6846347,65046,3494936,50923,3098669,97,252742,60358,1476384,0.181618,55370,2835833,0.348852,61123,4312217,0.53047,8129050
3,2021-04-17,79861,6926208,43511,3538447,36335,3135004,15,252757,44372,1486508,0.182864,35237,2871070,0.353186,45361,4357578,0.53605,8129050
3,2021-04-18,39005,6965213,23559,3562006,15436,3150440,10,252767,18250,1485026,0.182681,20623,2891693,0.355723,19141,4376719,0.538405,8129050
3,2021-04-19,79605,7044818,44285,3606291,35260,3185700,60,252827,35717,1477654,0.181775,43663,2935356,0.361095,36291,4413010,0.542869,8129050
3,2021-04-20,101254,7146072,53262,3659553,47970,3233670,22,252849,48795,1475346,0.181491,52164,2987520,0.367512,49856,4462866,0.549002,8129050
3,2021-04-21,106430,7252502,59764,3719317,46586,3280256,80,252929,50107,1470711,0.18092,55912,3043432,0.37439,51277,4514143,0.55531,8129050
3,2021-04-22,112596,7365098,63276,3782593,49291,3329547,29,252958,48261,1456013,0.179112,63947,3107379,0.382256,49249,4563392,0.561368,8129050
3,2021-04-23,106856,7471954,61136,3843729,45688,3375235,32,252990,46716,1444028,0.177638,59753,3167132,0.389607,47768,4611160,0.567245,8129050
3,2021-04-24,74355,7546309,45873,3889602,28409,3403644,73,253063,36146,1443347,0.177554,37908,3205040,0.39427,37227,4648387,0.571824,8129050
3,2021-04-25,37145,7583454,23708,3913310,13419,3417063,18,253081,18929,1444650,0.177714,18050,3223090,0.39649,19353,4667740,0.574205,8129050
3,2021-04-26,74430,7657884,42076,3955386,31939,3449002,415,253496,31705,1435694,0.176613,42431,3265521,0.40171,33475,4701215,0.578323,8129050
3,2021-04-27,91595,7749479,48091,4003477,41748,3490750,1756,255252,36264,1419490,0.174619,54998,3320519,0.408476,38794,4740009,0.583095,8129050
3,2021-04-28,87336,7836815,49646,4053123,35538,3526288,2152,257404,35575,1406320,0.172999,51440,3371959,0.414804,38270,4778279,0.587803,8129050
3,2021-04-29,89689,7926504,51267,4104390,36193,3562481,2229,259633,31951,1383615,0.170206,57369,3429328,0.421861,34664,4812943,0.592067,8129050
3,2021-04-30,91262,8017766,51507,4155897,37263,3599744,2492,262125,33923,1363545,0.167737,56948,3486276,0.428866,36878,4849821,0.596604,8129050
3,2021-05-01,55840,8073606,35015,4190912,19336,3619080,1489,263614,20103,1350187,0.166094,35439,3521715,0.433226,22081,4871902,0.59932,8129050
3,2021-05-02,27119,8100725,18520,4209432,7575,3626655,1024,264638,9927,1344163,0.165353,17075,3538790,0.435326,11051,4882953,0.600679,8129050
3,2021-05-03,60180,8160905,35342,4244774,22451,3649106,2387,267025,17555,1321906,0.162615,42378,3581168,0.44054,20121,4903074,0.603155,8129050
3,2021-05-04,78011,8238916,45112,4289886,30206,3679312,2693,269718,22655,1292488,0.158996,55040,3636208,0.44731,25622,4928696,0.606307,8129050
3,2021-05-05,79563,8318479,47769,4337655,29077,3708389,2717,272435,22011,1260325,0.15504,57188,3693396,0.454345,25025,4953721,0.609385,8129050
3,2021-05-06,83876,8402355,53097,4390752,28237,3736626,2542,274977,20717,1221473,0.15026,62654,3756050,0.462053,23802,4977523,0.612313,8129050
3,2021-05-07,82883,8485238,51647,4442399,28590,3765216,2646,277623,21996,1185903,0.145885,60512,3816562,0.469497,24942,5002465,0.615381,8129050
3,2021-05-08,52928,8538166,32818,4475217,18383,3783599,1727,279350,14017,1163283,0.143102,38628,3855190,0.474249,16008,5018473,0.61735,8129050
3,2021-05-09,21072,8559238,15396,4490613,4883,3788482,793,280143,5519,1154207,0.141985,15455,3870645,0.47615,6379,5024852,0.618135,8129050
3,2021-05-10,48428,8607666,26050,4516663,20455,3808937,1923,282066,11228,1130627,0.139085,36983,3907628,0.480699,13403,5038255,0.619784,8129050
3,2021-05-11,64483,8672149,36171,4552834,26079,3835016,2233,284299,16208,1101527,0.135505,48008,3955636,0.486605,18908,5057163,0.62211,8129050
3,2021-05-12,65206,8737355,37475,4590309,25317,3860333,2414,286713,16643,1072627,0.13195,48277,4003913,0.492544,19377,5076540,0.624494,8129050
3,2021-05-13,75833,8813188,47794,4638103,26114,3886447,1925,288638,27669,1054953,0.129776,47901,4051814,0.498436,30227,5106767,0.628212,8129050
3,2021-05-14,80790,8893978,51005,4689108,27626,3914073,2159,290797,31282,1039802,0.127912,49197,4101011,0.504488,34046,5140813,0.6324,8129050
3,2021-05-15,62489,8956467,43096,4732204,18178,3932251,1215,292012,25833,1030652,0.126786,36432,4137443,0.50897,27282,5168095,0.635756,8129050
3,2021-05-16,33312,8989779,24906,4757110,7713,3939964,693,292705,13432,1025117,0.126105,19753,4157196,0.5114,14218,5182313,0.637505,8129050
3,2021-05-17,57222,9047001,36436,4793546,18931,3958895,1855,294560,21084,1012410,0.124542,35857,4193053,0.515811,23150,5205463,0.640353,8129050
3,2021-05-18,64774,9111775,38239,4831785,24662,3983557,1873,296433,24317,998833,0.122872,40166,4233219,0.520752,26589,5232052,0.643624,8129050
3,2021-05-19,64207,9175982,39032,4870817,23419,4006976,1756,298189,24844,986613,0.121369,39101,4272320,0.525562,26881,5258933,0.646931,8129050
3,2021-05-20,62067,9238049,36320,4907137,23888,4030864,1859,300048,22284,971621,0.119525,39474,4311794,0.530418,24482,5283415,0.649942,8129050
3,2021-05-21,66363,9304412,40327,4947464,23921,4054785,2115,302163,23716,955449,0.117535,42312,4354106,0.535623,26140,5309555,0.653158,8129050
3,2021-05-22,45903,9350315,30432,4977896,13997,4068782,1474,303637,19109,949721,0.116831,26569,4380675,0.538891,20841,5330396,0.655722,8129050
3,2021-05-23,21763,9372078,15060,4992956,6049,4074831,654,304291,9196,947208,0.116521,12477,4393152,0.540426,9964,5340360,0.656948,8129050
3,2021-05-24,39817,9411895,23301,5016257,14744,4089575,1772,306063,14768,939106,0.115525,24841,4417993,0.543482,16739,5357099,0.659007,8129050
3,2021-05-25,42850,9454745,24101,5040358,17061,4106636,1688,307751,15204,928868,0.114265,27363,4445356,0.546848,17125,5374224,0.661113,8129050
3,2021-05-26,42498,9497243,24308,5064666,16456,4123092,1734,309485,15898,920339,0.113216,26293,4471649,0.550083,17764,5391988,0.663299,8129050
3,2021-05-27,39425,9536668,22097,5086763,15569,4138661,1759,311244,15424,913940,0.112429,23832,4495481,0.553014,17433,5409421,0.665443,8129050
3,2021-05-28,42874,9579542,24228,5110991,16843,4155504,1803,313047,17812,909026,0.111824,24851,4520332,0.556071,19937,5429358,0.667896,8129050
3,2021-05-29,23498,9603040,14354,5125345,8304,4163808,840,313887,10979,908599,0.111772,12379,4532711,0.557594,11952,5441310,0.669366,8129050
3,2021-05-30,10640,9613680,6900,5132245,3103,4166911,637,314524,4471,907663,0.111657,6088,4538799,0.558343,5152,5446462,0.67,8129050
3,2021-05-31,4670,9618350,2695,5134940,1709,4168620,266,314790,1465,906266,0.111485,3158,4541957,0.558732,1761,5448223,0.670216,8129050
3,2021-06-01,37784,9656134,21745,5156685,14593,4183213,1446,316236,13191,896752,0.110314,24346,4566303,0.561727,14832,5463055,0.672041,8129050
3,2021-06-02,31533,9687667,18118,5174803,12000,4195213,1415,317651,11660,890301,0.109521,19664,4585967,0.564146,13213,5476268,0.673666,8129050
3,2021-06-03,39660,9727327,27120,5201923,11102,4206315,1438,319089,11420,875339,0.10768,28059,4614026,0.567597,13097,5489365,0.675278,8129050
3,2021-06-04,46237,9773564,32706,5234629,11980,4218295,1551,320640,13133,857590,0.105497,32855,4646881,0.571639,15106,5504471,0.677136,8129050
3,2021-06-05,34360,9807924,25890,5260519,7283,4225578,1187,321827,8698,842221,0.103606,25450,4672331,0.57477,10081,5514552,0.678376,8129050
3,2021-06-06,14667,9822591,12235,5272754,1847,4227425,585,322412,3704,835780,0.102814,10897,4683228,0.57611,4456,5519008,0.678924,8129050
3,2021-06-07,30439,9853030,22116,5294870,7036,4234461,1287,323699,8707,824312,0.101403,21583,4704811,0.578765,10115,5529123,0.680168,8129050
3,2021-06-08,34359,9887389,24675,5319545,8395,4242856,1289,324988,9937,811554,0.099834,24212,4729023,0.581744,11454,5540577,0.681577,8129050
3,2021-06-09,33018,9920407,23950,5343495,7763,4250619,1305,326293,8851,797893,0.098153,23983,4753006,0.584694,10322,5550899,0.682847,8129050
3,2021-06-10,32537,9952944,23460,5366955,7545,4258164,1532,327825,8954,785153,0.096586,23424,4776430,0.587575,10684,5561583,0.684161,8129050
3,2021-06-11,35601,9988545,25166,5392121,9061,4267225,1374,329199,10565,772433,0.095021,24836,4801266,0.590631,12116,5573699,0.685652,8129050
3,2021-06-12,25220,10013765,19006,5411127,5321,4272546,893,330092,6684,761752,0.093707,18418,4819684,0.592896,7737,5581436,0.686604,8129050
3,2021-06-13,10141,10023906,7586,5418713,2065,4274611,490,330582,2359,756948,0.093116,7729,4827413,0.593847,2925,5584361,0.686964,8129050
3,2021-06-14,25837,10049743,18509,5437222,5901,4280512,1427,332009,8072,748957,0.092133,17632,4845045,0.596016,9641,5594002,0.68815,8129050
3,2021-06-15,28757,10078500,19458,5456680,7790,4288302,1509,333518,9647,741403,0.091204,18880,4863925,0.598339,11326,5605328,0.689543,8129050
3,2021-06-16,25904,10104404,18400,5475080,6089,4294391,1415,334933,8728,734705,0.09038,16993,4880918,0.600429,10295,5615623,0.690809,8129050
3,2021-06-17,24877,10129281,17811,5492891,5773,4300164,1293,336226,8626,728668,0.089638,16095,4897013,0.602409,10058,5625681,0.692047,8129050
3,2021-06-18,28044,10157325,19807,5512698,6662,4306826,1575,337801,9822,722245,0.088847,17988,4915001,0.604622,11565,5637246,0.693469,8129050
3,2021-06-19,16037,10173362,11782,5524480,3393,4310219,862,338663,5738,718783,0.088422,10171,4925172,0.605873,6709,5643955,0.694295,8129050
3,2021-06-20,6886,10180248,5164,5529644,1420,4311639,302,338965,2606,717519,0.088266,4225,4929397,0.606393,2961,5646916,0.694659,8129050
3,2021-06-21,16249,10196497,10252,5539896,4596,4316235,1401,340366,8091,719070,0.088457,8063,4937460,0.607385,9614,5656530,0.695841,8129050
3,2021-06-22,22112,10218609,15501,5555397,5314,4321549,1297,341663,8278,715097,0.087968,13705,4951165,0.609071,9732,5666262,0.697039,8129050
3,2021-06-23,20285,10238894,14212,5569609,4738,4326287,1335,342998,8036,712477,0.087646,12132,4963297,0.610563,9512,5675774,0.698209,8129050
3,2021-06-24,19980,10258874,13903,5583512,4623,4330910,1454,344452,7800,709835,0.087321,12005,4975302,0.61204,9363,5685137,0.699361,8129050
3,2021-06-25,23302,10282176,16527,5600039,5351,4336261,1424,345876,9103,706425,0.086901,14065,4989367,0.61377,10655,5695792,0.700671,8129050
3,2021-06-26,13892,10296068,10300,5610339,2820,4339081,772,346648,5794,705129,0.086742,8021,4997388,0.614757,6725,5702517,0.701499,8129050
3,2021-06-27,6693,10302761,5174,5615513,1210,4340291,309,346957,2858,704532,0.086668,3799,5001187,0.615224,3202,5705719,0.701892,8129050
3,2021-06-28,15899,10318660,12204,5627717,2613,4342904,1082,348039,6692,703318,0.086519,9094,5010281,0.616343,7880,5713599,0.702862,8129050
3,2021-06-29,17974,10336634,12653,5640370,4314,4347218,1007,349046,7355,701314,0.086273,10498,5020779,0.617634,8494,5722093,0.703907,8129050
3,2021-06-30,16974,10353608,12011,5652381,3920,4351138,1043,350089,7295,700257,0.086143,9544,5030323,0.618808,8487,5730580,0.704951,8129050
3,2021-07-01,16231,10369839,11552,5663933,3610,4354748,1069,351158,6826,698953,0.085982,9300,5039623,0.619952,7996,5738576,0.705934,8129050
3,2021-07-02,18389,10388228,13085,5677018,4201,4358949,1103,352261,7835,697548,0.085809,10441,5050064,0.621237,9036,5747612,0.707046,8129050
3,2021-07-03,10026,10398254,7234,5684252,2354,4361303,438,352699,4294,696715,0.085707,5668,5055732,0.621934,4835,5752447,0.707641,8129050
3,2021-07-04,714,10398968,418,5684670,209,4361512,87,352786,276,696663,0.0857,432,5056164,0.621987,380,5752827,0.707687,8129050
3,2021-07-05,9509,10408477,6951,5691621,2135,4363647,423,353209,4304,696315,0.085658,5138,5061302,0.622619,4790,5757617,0.708277,8129050
3,2021-07-06,18976,10427453,13744,5705365,4115,4367762,1117,354326,6869,692463,0.085184,11962,5073264,0.624091,8110,5765727,0.709274,8129050
3,2021-07-07,15623,10443076,11066,5716431,3445,4371207,1112,355438,6297,690757,0.084974,9222,5082486,0.625225,7516,5773243,0.710199,8129050
3,2021-07-08,15258,10458334,11006,5727437,3255,4374462,997,356435,6191,689071,0.084766,8963,5091449,0.626328,7277,5780520,0.711094,8129050
3,2021-07-09,17513,10475847,12203,5739640,4096,4378558,1214,357649,7228,687459,0.084568,10166,5101615,0.627578,8554,5789074,0.712146,8129050
3,2021-07-10,10770,10486617,7920,5747560,2187,4380745,663,358312,4573,686652,0.084469,6131,5107746,0.628332,5324,5794398,0.712801,8129050
3,2021-07-11,5095,10491712,3766,5751326,1054,4381799,275,358587,2297,686495,0.08445,2749,5110495,0.628671,2592,5796990,0.71312,8129050
3,2021-07-12,14319,10506031,10438,5761764,2880,4384679,1001,359588,5715,684756,0.084236,8525,5119020,0.629719,6786,5803776,0.713955,8129050
3,2021-07-13,15041,10521072,10624,5772388,3507,4388186,910,360498,6577,683958,0.084138,8367,5127387,0.630749,7569,5811345,0.714886,8129050
3,2021-07-14,14336,10535408,10158,5782546,3254,4391440,924,361422,6381,683473,0.084078,7854,5135241,0.631715,7369,5818714,0.715793,8129050
3,2021-07-15,14588,10549996,10518,5793064,3233,4394673,837,362259,6674,683241,0.084049,7818,5143059,0.632677,7586,5826300,0.716726,8129050
3,2021-07-16,17614,10567610,12663,5805727,4061,4398734,890,363149,8404,683505,0.084082,9101,5152160,0.633796,9365,5835665,0.717878,8129050
3,2021-07-17,11163,10578773,8180,5813907,2451,4401185,532,363681,5302,683617,0.084096,5791,5157951,0.634508,5903,5841568,0.718604,8129050
3,2021-07-18,5728,10584501,4327,5818234,1150,4402335,251,363932,2817,683843,0.084123,2868,5160819,0.634861,3094,5844662,0.718985,8129050
3,2021-07-19,14838,10599339,10848,5829082,3113,4405448,877,364809,7291,684637,0.084221,7448,5168267,0.635777,8242,5852904,0.719999,8129050
3,2021-07-20,16388,10615727,11398,5840480,4089,4409537,901,365710,8427,686197,0.084413,7848,5176115,0.636743,9408,5862312,0.721156,8129050
3,2021-07-21,15856,10631583,11221,5851701,3771,4413308,864,366574,7972,687353,0.084555,7757,5183872,0.637697,8913,5871225,0.722252,8129050
3,2021-07-22,16207,10647790,11453,5863154,3796,4417104,958,367532,8409,689105,0.084771,7677,5191549,0.638642,9429,5880654,0.723412,8129050
3,2021-07-23,19094,10666884,13603,5876757,4484,4421588,1007,368539,10252,691749,0.085096,8699,5200248,0.639712,11343,5891997,0.724808,8129050
3,2021-07-24,11483,10678367,8268,5885025,2638,4424226,577,369116,6331,693618,0.085326,5074,5205322,0.640336,6943,5898940,0.725662,8129050
3,2021-07-25,5566,10683933,4173,5889198,1185,4425411,208,369324,4025,696409,0.085669,1495,5206817,0.64052,4286,5903226,0.726189,8129050
3,2021-07-26,15326,10699259,10664,5899862,3706,4429117,956,370280,9253,700719,0.086199,5964,5212781,0.641253,10274,5913500,0.727453,8129050
3,2021-07-27,17314,10716573,12255,5912117,4091,4433208,968,371248,9927,704433,0.086656,7257,5220038,0.642146,10971,5924471,0.728802,8129050
3,2021-07-28,16924,10733497,12128,5924245,3764,4436972,1032,372280,9779,708286,0.08713,7006,5227044,0.643008,10859,5935330,0.730138,8129050
3,2021-07-29,16680,10750177,12011,5936256,3646,4440618,1023,373303,9817,712512,0.08765,6686,5233730,0.64383,10912,5946242,0.731481,8129050
3,2021-07-30,19400,10769577,13707,5949963,4627,4445245,1066,374369,11269,717013,0.088204,7926,5241656,0.644805,12427,5958669,0.733009,8129050
3,2021-07-31,12065,10781642,8764,5958727,2678,4447923,623,374992,7033,719843,0.088552,4894,5246550,0.645408,7724,5966393,0.733959,8129050
3,2021-08-01,6431,10788073,4896,5963623,1278,4449201,257,375249,4166,722095,0.088829,2207,5248757,0.645679,4459,5970852,0.734508,8129050
3,2021-08-02,16477,10804550,12005,5975628,3575,4452776,897,376146,10261,727224,0.08946,6093,5254850,0.646429,11222,5982074,0.735888,8129050
3,2021-08-03,18233,10822783,13162,5988790,3981,4456757,1090,377236,10877,732065,0.090055,7179,5262029,0.647312,12020,5994094,0.737367,8129050
3,2021-08-04,17402,10840185,12497,6001287,3905,4460662,1000,378236,10367,736608,0.090614,6876,5268905,0.648158,11419,6005513,0.738772,8129050
3,2021-08-05,17769,10857954,12858,6014145,3779,4464441,1132,379368,10716,741635,0.091233,6891,5275796,0.649005,11918,6017431,0.740238,8129050
3,2021-08-06,21475,10879429,15609,6029754,4735,4469176,1131,380499,12690,746930,0.091884,8593,5284389,0.650062,13888,6031319,0.741946,8129050
3,2021-08-07,12642,10892071,9410,6039164,2623,4471799,609,381108,7401,749886,0.092248,5104,5289493,0.65069,8060,6039379,0.742938,8129050
3,2021-08-08,7512,10899583,5748,6044912,1526,4473325,238,381346,4643,752012,0.092509,2789,5292282,0.651033,4915,6044294,0.743542,8129050
3,2021-08-09,17956,10917539,13478,6058390,3457,4476782,1021,382367,10146,755601,0.092951,7651,5299933,0.651974,11240,6055534,0.744925,8129050
3,2021-08-10,18122,10935661,13300,6071690,3876,4480658,946,383313,10220,759074,0.093378,7737,5307670,0.652926,11210,6066744,0.746304,8129050
3,2021-08-11,16035,10951696,11671,6083361,3389,4484047,975,384288,8942,762134,0.093754,6909,5314579,0.653776,9969,6076713,0.747531,8129050
3,2021-08-12,11456,10963152,7908,6091269,2642,4486689,906,385194,6064,763910,0.093973,5261,5319840,0.654423,7037,6083750,0.748396,8129050
4,2020-12-15,468,468,468,468,0,0,0,0,468,468,5.8e-05,0,0,0.0,468,468,5.8e-05,8037679
4,2020-12-16,3077,3545,3077,3545,0,0,0,0,3077,3545,0.000441,0,0,0.0,3077,3545,0.000441,8037679
4,2020-12-17,9038,12583,9038,12583,0,0,0,0,9038,12583,0.001566,0,0,0.0,9038,12583,0.001566,8037679
4,2020-12-18,16296,28879,16283,28866,13,13,0,0,16296,28879,0.003593,0,0,0.0,16296,28879,0.003593,8037679
4,2020-12-19,10418,39297,10408,39274,10,23,0,0,10354,39233,0.004881,0,0,0.0,10354,39233,0.004881,8037679
4,2020-12-20,7468,46765,7455,46729,13,36,0,0,7423,46656,0.005805,0,0,0.0,7423,46656,0.005805,8037679
4,2020-12-21,16471,63236,16439,63168,32,68,0,0,16403,63058,0.007845,1,1,0.0,16403,63059,0.007845,8037679
4,2020-12-22,17266,80502,16502,79670,764,832,0,0,17221,80275,0.009987,4,5,1e-06,17221,80280,0.009988,8037679
4,2020-12-23,17240,97742,14455,94125,2785,3617,0,0,17218,97490,0.012129,3,8,1e-06,17218,97498,0.01213,8037679
4,2020-12-24,8617,106359,5994,100119,2623,6240,0,0,8616,106106,0.013201,0,8,1e-06,8616,106114,0.013202,8037679
4,2020-12-25,913,107272,808,100927,105,6345,0,0,913,107019,0.013315,0,8,1e-06,913,107027,0.013316,8037679
4,2020-12-26,6239,113511,3913,104840,2326,8671,0,0,6239,113258,0.014091,0,8,1e-06,6239,113266,0.014092,8037679
4,2020-12-27,3466,116977,2006,106846,1460,10131,0,0,3466,116724,0.014522,0,8,1e-06,3466,116732,0.014523,8037679
4,2020-12-28,15273,132250,9425,116271,5848,15979,0,0,15245,131966,0.016418,3,11,1e-06,15245,131977,0.01642,8037679
4,2020-12-29,15877,148127,8903,125174,6974,22953,0,0,15844,147809,0.01839,1,12,1e-06,15844,147821,0.018391,8037679
4,2020-12-30,19335,167462,11294,136468,8041,30994,0,0,19325,167132,0.020794,2,14,2e-06,19325,167146,0.020795,8037679
4,2020-12-31,8375,175837,3385,139853,4990,35984,0,0,8362,175485,0.021833,9,23,3e-06,8362,175508,0.021836,8037679
4,2021-01-01,1793,177630,822,140675,971,36955,0,0,1787,177268,0.022055,4,27,3e-06,1787,177295,0.022058,8037679
4,2021-01-02,5786,183416,3263,143938,2523,39478,0,0,5783,183050,0.022774,1,28,3e-06,5783,183078,0.022777,8037679
4,2021-01-03,2168,185584,1278,145216,890,40368,0,0,2154,185201,0.023042,3,31,4e-06,2154,185232,0.023045,8037679
4,2021-01-04,13096,198680,7068,152284,6028,46396,0,0,13046,198219,0.024661,28,59,7e-06,13046,198278,0.024669,8037679
4,2021-01-05,17064,215744,10108,162392,6956,53352,0,0,14831,210862,0.026234,2205,2264,0.000282,14848,213126,0.026516,8037679
4,2021-01-06,21812,237556,13365,175757,8447,61799,0,0,15644,220406,0.027422,6119,8383,0.001043,15663,228789,0.028465,8037679
4,2021-01-07,28172,265728,17181,192938,10991,72790,0,0,16799,225915,0.028107,11312,19695,0.00245,16821,245610,0.030557,8037679
4,2021-01-08,33138,298866,21267,214205,11871,84661,0,0,18458,229787,0.028589,14613,34308,0.004268,18485,264095,0.032857,8037679
4,2021-01-09,16404,315270,9704,223909,6700,91361,0,0,9531,232469,0.028922,6862,41170,0.005122,9544,273639,0.034045,8037679
4,2021-01-10,8837,324107,5702,229611,3135,94496,0,0,4201,232054,0.028871,4625,45795,0.005698,4210,277849,0.034568,8037679
4,2021-01-11,33777,357884,22176,251787,11601,106097,0,0,19043,236441,0.029417,14705,60500,0.007527,19092,296941,0.036944,8037679
4,2021-01-12,38851,396735,22404,274191,16447,122544,0,0,24456,246607,0.030681,14338,74838,0.009311,24504,321445,0.039992,8037679
4,2021-01-13,39199,435934,19429,293620,19770,142314,0,0,27740,262961,0.032716,11415,86253,0.010731,27769,349214,0.043447,8037679
4,2021-01-14,39744,475678,15328,308948,24416,166730,0,0,32479,288246,0.035862,7226,93479,0.01163,32511,381725,0.047492,8037679
4,2021-01-15,45814,521492,16025,324973,29789,196519,0,0,40142,322815,0.040163,5599,99078,0.012327,40168,421893,0.052489,8037679
4,2021-01-16,29021,550513,9479,334452,19542,216061,0,0,25844,345530,0.042989,3145,102223,0.012718,25860,447753,0.055707,8037679
4,2021-01-17,19259,569772,6783,341235,12476,228537,0,0,17590,361485,0.044974,1647,103870,0.012923,17602,465355,0.057897,8037679
4,2021-01-18,29687,599459,13759,354994,15928,244465,0,0,23651,379201,0.047178,5968,109838,0.013665,23684,489039,0.060843,8037679
4,2021-01-19,46619,646078,23303,378297,23316,267781,0,0,36890,406484,0.050572,9680,119518,0.01487,36963,526002,0.065442,8037679
4,2021-01-20,53061,699139,28347,406644,24714,292495,0,0,42378,438343,0.054536,10582,130100,0.016186,42441,568443,0.070722,8037679
4,2021-01-21,58363,757502,26240,432884,32123,324618,0,0,51481,483077,0.060102,6797,136897,0.017032,51531,619974,0.077133,8037679
4,2021-01-22,55874,813376,22422,455306,33452,358070,0,0,50614,528536,0.065757,5187,142084,0.017677,50646,670620,0.083435,8037679
4,2021-01-23,40045,853421,17507,472813,22538,380608,0,0,35661,559854,0.069654,4374,146458,0.018221,35692,706312,0.087875,8037679
4,2021-01-24,24226,877647,10546,483359,13680,394288,0,0,22310,580281,0.072195,1906,148364,0.018459,22333,728645,0.090654,8037679
4,2021-01-25,48431,926078,22376,505735,26055,420343,0,0,37139,606221,0.075422,11258,159622,0.019859,37198,765843,0.095282,8037679
4,2021-01-26,57417,983495,29280,535015,28137,448480,0,0,44954,638812,0.079477,12426,172048,0.021405,45017,810860,0.100882,8037679
4,2021-01-27,56897,1040392,27031,562046,29866,478346,0,0,45665,673381,0.083778,11151,183199,0.022793,45720,856580,0.106571,8037679
4,2021-01-28,57529,1097921,25972,588018,31557,509903,0,0,47283,710568,0.088405,10144,193343,0.024055,47331,903911,0.112459,8037679
4,2021-01-29,57339,1155260,27407,615425,29932,539835,0,0,46747,746965,0.092933,10388,203731,0.025347,46785,950696,0.11828,8037679
4,2021-01-30,38676,1193936,17342,632767,21334,561169,0,0,33237,774854,0.096403,5379,209110,0.026016,33268,983964,0.122419,8037679
4,2021-01-31,24471,1218407,12747,645514,11724,572893,0,0,22747,795917,0.099023,1702,210812,0.026228,22765,1006729,0.125251,8037679
4,2021-02-01,50335,1268742,24214,669728,26121,599014,0,0,38503,822698,0.102355,11769,222581,0.027692,38550,1045279,0.130047,8037679
4,2021-02-02,56155,1324897,25801,695529,30354,629368,0,0,43086,852858,0.106107,12980,235561,0.029307,43140,1088419,0.135415,8037679
4,2021-02-03,62748,1387645,30779,726308,31969,661337,0,0,48076,886476,0.11029,14517,250078,0.031113,48135,1136554,0.141403,8037679
4,2021-02-04,68233,1455878,31677,757985,36556,697893,0,0,51218,920973,0.114582,16837,266915,0.033208,51334,1187888,0.14779,8037679
4,2021-02-05,73921,1529799,34241,792226,39680,737573,0,0,51299,950075,0.118203,22335,289250,0.035987,51437,1239325,0.154189,8037679
4,2021-02-06,49151,1578950,26412,818638,22739,760312,0,0,37436,976074,0.121437,11645,300895,0.037436,37644,1276969,0.158873,8037679
4,2021-02-07,26725,1605675,17652,836290,9073,769385,0,0,20167,989966,0.123166,6520,307415,0.038247,20412,1297381,0.161412,8037679
4,2021-02-08,59262,1664937,30466,866756,28796,798181,0,0,38425,1007962,0.125405,20693,328108,0.040821,38689,1336070,0.166226,8037679
4,2021-02-09,67874,1732811,34379,901135,33495,831676,0,0,39689,1020114,0.126916,27984,356092,0.044303,40136,1376206,0.171219,8037679
4,2021-02-10,78097,1810908,39072,940207,39025,870701,0,0,40980,1024794,0.127499,36855,392947,0.048888,41535,1417741,0.176387,8037679
4,2021-02-11,82347,1893255,42983,983190,39364,910065,0,0,41814,1027036,0.127778,40252,433199,0.053896,42494,1460235,0.181674,8037679
4,2021-02-12,85333,1978588,38260,1021450,47073,957138,0,0,43807,1030400,0.128196,41238,474437,0.059027,44602,1504837,0.187223,8037679
4,2021-02-13,59419,2038007,30083,1051533,29336,986474,0,0,30193,1032431,0.128449,29073,503510,0.062644,31104,1535941,0.191093,8037679
4,2021-02-14,37235,2075242,19364,1070897,17871,1004345,0,0,19028,1033984,0.128642,18143,521653,0.064901,19696,1555637,0.193543,8037679
4,2021-02-15,46754,2121996,21939,1092836,24815,1029160,0,0,23928,1036375,0.12894,22735,544388,0.06773,25126,1580763,0.196669,8037679
4,2021-02-16,81104,2203100,37222,1130058,43882,1073042,0,0,41131,1038914,0.129255,39817,584205,0.072683,42356,1623119,0.201939,8037679
4,2021-02-17,82462,2285562,39002,1169060,43460,1116502,0,0,39109,1036038,0.128898,43125,627330,0.078049,40249,1663368,0.206946,8037679
4,2021-02-18,84425,2369987,46488,1215548,37937,1154439,0,0,38887,1031071,0.12828,45322,672652,0.083687,40355,1703723,0.211967,8037679
4,2021-02-19,83692,2453679,52746,1268294,30946,1185385,0,0,41686,1031622,0.128348,41814,714466,0.08889,42365,1746088,0.217238,8037679
4,2021-02-20,50148,2503827,33375,1301669,16773,1202158,0,0,26994,1036267,0.128926,23060,737526,0.091759,27705,1773793,0.220685,8037679
4,2021-02-21,30543,2534370,24226,1325895,6317,1208475,0,0,14639,1035407,0.128819,15811,753337,0.093726,14951,1788744,0.222545,8037679
4,2021-02-22,55930,2590300,38403,1364298,17527,1226002,0,0,26902,1033930,0.128635,28848,782185,0.097315,27371,1816115,0.22595,8037679
4,2021-02-23,77562,2667862,43020,1407318,34542,1260544,0,0,33969,1026220,0.127676,43367,825552,0.10271,35657,1851772,0.230386,8037679
4,2021-02-24,92760,2760622,49037,1456355,43723,1304267,0,0,41621,1019170,0.126799,50852,876404,0.109037,43802,1895574,0.235836,8037679
4,2021-02-25,104384,2865006,54635,1510990,49749,1354016,0,0,49602,1016809,0.126505,54535,930939,0.115822,52174,1947748,0.242327,8037679
4,2021-02-26,110476,2975482,55820,1566810,54656,1408672,0,0,56185,1021381,0.127074,53974,984913,0.122537,58546,2006294,0.249611,8037679
4,2021-02-27,80582,3056064,43809,1610619,36762,1445434,11,11,42578,1027715,0.127862,37767,1022680,0.127236,44101,2050395,0.255098,8037679
4,2021-02-28,49843,3105907,30747,1641366,19089,1464523,7,18,27149,1033304,0.128558,22477,1045157,0.130032,28066,2078461,0.25859,8037679
4,2021-03-01,81425,3187332,47652,1689018,33720,1498243,53,71,44795,1043125,0.129779,36266,1081423,0.134544,46087,2124548,0.264324,8037679
4,2021-03-02,90134,3277466,51681,1740699,38443,1536686,10,81,52674,1060389,0.131927,37246,1118669,0.139178,54510,2179058,0.271105,8037679
4,2021-03-03,104143,3381609,55321,1796020,48802,1585488,20,101,57909,1074123,0.133636,45992,1164661,0.1449,59726,2238784,0.278536,8037679
4,2021-03-04,102419,3484028,57024,1853044,45376,1630864,19,120,55692,1085164,0.13501,46466,1211127,0.150681,57507,2296291,0.285691,8037679
4,2021-03-05,98542,3582570,53187,1906231,45027,1675891,328,448,57636,1104422,0.137406,40666,1251793,0.155741,59924,2356215,0.293146,8037679
4,2021-03-06,77607,3660177,43700,1949931,31259,1707150,2648,3096,47427,1125783,0.140063,30036,1281829,0.159478,51397,2407612,0.299541,8037679
4,2021-03-07,45137,3705314,27684,1977615,15238,1722388,2215,5311,26272,1136555,0.141403,18773,1300602,0.161813,29545,2437157,0.303217,8037679
4,2021-03-08,68595,3773909,35843,2013458,29358,1751746,3394,8705,44975,1162738,0.144661,23474,1324076,0.164734,49657,2486814,0.309395,8037679
4,2021-03-09,82672,3856581,41738,2055196,35633,1787379,5301,14006,44535,1175653,0.146268,37936,1362012,0.169453,50851,2537665,0.315721,8037679
4,2021-03-10,92683,3949264,47833,2103029,37281,1824660,7569,21575,46571,1184750,0.1474,45889,1407901,0.175163,54986,2592651,0.322562,8037679
4,2021-03-11,101709,4050973,53315,2156344,39846,1864506,8548,30123,46872,1186577,0.147627,54553,1462454,0.18195,56380,2649031,0.329577,8037679
4,2021-03-12,105518,4156491,51962,2208306,43194,1907700,10362,40485,45117,1182719,0.147147,60092,1522546,0.189426,56234,2705265,0.336573,8037679
4,2021-03-13,82186,4238677,38050,2246356,35593,1943293,8543,49028,38861,1187931,0.147795,43171,1565717,0.194797,48383,2753648,0.342592,8037679
4,2021-03-14,50162,4288839,28564,2274920,17950,1961243,3648,52676,23426,1188937,0.14792,26629,1592346,0.19811,27635,2781283,0.346031,8037679
4,2021-03-15,84317,4373156,45358,2320278,34667,1995910,4292,56968,42713,1195415,0.148726,41302,1633648,0.203249,47780,2829063,0.351975,8037679
4,2021-03-16,108640,4481796,56510,2376788,48689,2044599,3441,60409,57016,1205169,0.14994,51345,1684993,0.209637,61099,2890162,0.359577,8037679
4,2021-03-17,108131,4589927,58230,2435018,46388,2090987,3513,63922,63053,1227448,0.152712,44777,1729770,0.215208,67056,2957218,0.367919,8037679
4,2021-03-18,108000,4697927,59933,2494951,44345,2135332,3722,67644,60912,1245663,0.154978,46790,1776560,0.221029,65005,3022223,0.376007,8037679
4,2021-03-19,112456,4810383,64700,2559651,42515,2177847,5241,72885,63650,1266384,0.157556,48499,1825059,0.227063,69220,3091443,0.384619,8037679
4,2021-03-20,84931,4895314,49733,2609384,32159,2210006,3039,75924,51765,1288479,0.160305,32976,1858035,0.231166,55071,3146514,0.39147,8037679
4,2021-03-21,48607,4943921,35224,2644608,11122,2221128,2261,78185,28305,1299232,0.161643,20151,1878186,0.233673,30904,3177418,0.395315,8037679
4,2021-03-22,83255,5027176,54383,2698991,26120,2247248,2752,80937,51301,1322298,0.164512,31668,1909854,0.237613,54734,3232152,0.402125,8037679
4,2021-03-23,105892,5133068,63436,2762427,40298,2287546,2158,83095,62066,1343524,0.167153,43529,1953383,0.243028,64755,3296907,0.410181,8037679
4,2021-03-24,114587,5247655,73889,2836316,38257,2325803,2441,85536,63730,1359719,0.169168,50391,2003774,0.249298,66586,3363493,0.418466,8037679
4,2021-03-25,118230,5365885,72725,2909041,43084,2368887,2421,87957,66306,1377503,0.171381,51413,2055187,0.255694,69197,3432690,0.427075,8037679
4,2021-03-26,120963,5486848,73324,2982365,44586,2413473,3053,91010,65196,1390953,0.173054,55363,2110550,0.262582,68813,3501503,0.435636,8037679
4,2021-03-27,92836,5579684,54687,3037052,36338,2449811,1811,92821,46783,1394229,0.173462,45776,2156326,0.268277,49052,3550555,0.441739,8037679
4,2021-03-28,56299,5635983,37196,3074248,18226,2468037,877,93698,29647,1398661,0.174013,26459,2182785,0.271569,30891,3581446,0.445582,8037679
4,2021-03-29,94680,5730663,56733,3130981,35844,2503881,2103,95801,50646,1408224,0.175203,43737,2226522,0.277011,53300,3634746,0.452213,8037679
4,2021-03-30,118245,5848908,64554,3195535,49511,2553392,4180,99981,69620,1434067,0.178418,48348,2274870,0.283026,74191,3708937,0.461444,8037679
4,2021-03-31,122037,5970945,72015,3267550,43691,2597083,6331,106312,68005,1454932,0.181014,53640,2328510,0.289699,74505,3783442,0.470713,8037679
4,2021-04-01,143715,6114660,81904,3349454,48435,2645518,13376,119688,84230,1493442,0.185805,58929,2387439,0.297031,97439,3880881,0.482836,8037679
4,2021-04-02,137639,6252299,73556,3423010,50431,2695949,13652,133340,79089,1528016,0.190107,58222,2445661,0.304275,92796,3973677,0.494381,8037679
4,2021-04-03,101778,6354077,54371,3477381,33891,2729840,13516,146856,52971,1545942,0.192337,48581,2494242,0.310319,66507,4040184,0.502656,8037679
4,2021-04-04,47121,6401198,24872,3502253,14687,2744527,7562,154418,20518,1547403,0.192519,26481,2520723,0.313613,27942,4068126,0.506132,8037679
4,2021-04-05,110395,6511593,61943,3564196,35518,2780045,12934,167352,57188,1564976,0.194705,52957,2573680,0.320202,70530,4138656,0.514907,8037679
4,2021-04-06,139755,6651348,78641,3642837,41211,2821256,19903,187255,72370,1590540,0.197885,67118,2640798,0.328552,92682,4231338,0.526438,8037679
4,2021-04-07,138463,6789811,78471,3721308,39149,2860405,20843,208098,71544,1616410,0.201104,66635,2707433,0.336843,92505,4323843,0.537947,8037679
4,2021-04-08,140954,6930765,78531,3799839,36818,2897223,25605,233703,70139,1642016,0.20429,70485,2777918,0.345612,96091,4419934,0.549902,8037679
4,2021-04-09,138569,7069334,75940,3875779,39437,2936660,23192,256895,66133,1659968,0.206523,72155,2850073,0.354589,90107,4510041,0.561112,8037679
4,2021-04-10,104343,7173677,51459,3927238,33906,2970566,18978,275873,47082,1669866,0.207755,57027,2907100,0.361684,66925,4576966,0.569439,8037679
4,2021-04-11,62964,7236641,38222,3965460,13511,2984077,11231,287104,27530,1674268,0.208302,35308,2942408,0.366077,39710,4616676,0.574379,8037679
4,2021-04-12,103466,7340107,62893,4028353,30314,3014391,10259,297363,52104,1686759,0.209856,51035,2993443,0.372426,63526,4680202,0.582283,8037679
4,2021-04-13,131167,7471274,82337,4110690,48661,3063052,169,297532,78361,1713663,0.213204,52485,3045928,0.378956,79389,4759591,0.59216,8037679
4,2021-04-14,136745,7608019,87274,4197964,49390,3112442,81,297613,75659,1729895,0.215223,60737,3106665,0.386513,76969,4836560,0.601736,8037679
4,2021-04-15,156825,7764844,104259,4302223,52491,3164933,75,297688,95905,1766160,0.219735,60500,3167165,0.39404,96765,4933325,0.613775,8037679
4,2021-04-16,144187,7909031,91384,4393607,52724,3217657,79,297767,83548,1790226,0.222729,60283,3227448,0.40154,84349,5017674,0.624269,8037679
4,2021-04-17,101864,8010895,63938,4457545,37899,3255556,27,297794,59532,1808920,0.225055,42029,3269477,0.406769,60723,5078397,0.631824,8037679
4,2021-04-18,57190,8068085,38680,4496225,18505,3274061,5,297799,32093,1817036,0.226065,24940,3294417,0.409872,33056,5111453,0.635936,8037679
4,2021-04-19,101640,8169725,66949,4563174,34670,3308731,21,297820,51459,1819199,0.226334,49918,3344335,0.416082,52081,5163534,0.642416,8037679
4,2021-04-20,131978,8301703,78573,4641747,53386,3362117,19,297839,68318,1825317,0.227095,63304,3407639,0.423958,69422,5232956,0.651053,8037679
4,2021-04-21,135175,8436878,88242,4729989,46872,3408989,61,297900,67958,1827674,0.227388,66777,3474416,0.432266,69134,5302090,0.659654,8037679
4,2021-04-22,142225,8579103,94378,4824367,47823,3456812,24,297924,63420,1813887,0.225673,78370,3552786,0.442016,64583,5366673,0.667689,8037679
4,2021-04-23,135688,8714791,88308,4912675,47354,3504166,26,297950,58785,1797394,0.223621,76507,3629293,0.451535,60014,5426687,0.675156,8037679
4,2021-04-24,99293,8814084,67029,4979704,32213,3536379,51,298001,45676,1790909,0.222814,53297,3682590,0.458166,46812,5473499,0.68098,8037679
4,2021-04-25,50589,8864673,35665,5015369,14898,3551277,26,298027,26396,1793753,0.223168,24034,3706624,0.461156,26878,5500377,0.684324,8037679
4,2021-04-26,92518,8957191,60710,5076079,31407,3582684,401,298428,36347,1775999,0.220959,55843,3762467,0.468104,38089,5538466,0.689063,8037679
4,2021-04-27,114361,9071552,69918,5145997,42121,3624805,2322,300750,41137,1747382,0.217399,72883,3835350,0.477171,44266,5582732,0.69457,8037679
4,2021-04-28,104913,9176465,68543,5214540,33826,3658631,2544,303294,38324,1722695,0.214327,66223,3901573,0.48541,41536,5624268,0.699738,8037679
4,2021-04-29,106279,9282744,67887,5282427,35854,3694485,2538,305832,34298,1688527,0.210076,71611,3973184,0.49432,37443,5661711,0.704396,8037679
4,2021-04-30,106015,9388759,67183,5349610,36120,3730605,2712,308544,36419,1659137,0.20642,69183,4042367,0.502927,39793,5701504,0.709347,8037679
4,2021-05-01,69966,9458725,46446,5396056,21735,3752340,1785,310329,20401,1632697,0.20313,49256,4091623,0.509055,22816,5724320,0.712186,8037679
4,2021-05-02,37841,9496566,26866,5422922,9676,3762016,1299,311628,10608,1617638,0.201257,27106,4118729,0.512428,12047,5736367,0.713685,8037679
4,2021-05-03,79629,9576195,55552,5478474,21577,3783593,2500,314128,19336,1579818,0.196552,60014,4178743,0.519894,22194,5758561,0.716446,8037679
4,2021-05-04,101834,9678029,69720,5548194,29331,3812924,2783,316911,22772,1527022,0.189983,78736,4257479,0.52969,25940,5784501,0.719673,8037679
4,2021-05-05,102699,9780728,72423,5620617,27521,3840445,2755,319666,21888,1471517,0.183077,80454,4337933,0.5397,24949,5809450,0.722777,8037679
4,2021-05-06,112521,9893249,84331,5704948,25236,3865681,2954,322620,19710,1402994,0.174552,92309,4430242,0.551184,23786,5833236,0.725736,8037679
4,2021-05-07,105388,9998637,75769,5780717,26929,3892610,2690,325310,20749,1342605,0.167039,84238,4514480,0.561665,23849,5857085,0.728704,8037679
4,2021-05-08,70178,10068815,48407,5829124,19835,3912445,1936,327246,13884,1302721,0.162077,56047,4570527,0.568638,16163,5873248,0.730714,8037679
4,2021-05-09,34474,10103289,28212,5857336,5314,3917759,948,328194,7474,1284352,0.159791,26883,4597410,0.571982,8514,5881762,0.731774,8037679
4,2021-05-10,65397,10168686,43789,5901125,19279,3937038,2329,330523,11071,1243958,0.154766,54093,4651503,0.578712,13699,5895461,0.733478,8037679
4,2021-05-11,83597,10252283,52325,5953450,29074,3966112,2198,332721,15887,1195147,0.148693,67444,4718947,0.587103,18633,5914094,0.735796,8037679
4,2021-05-12,80117,10332400,53272,6006722,24365,3990477,2480,335201,16655,1151591,0.143274,63144,4782091,0.594959,19588,5933682,0.738233,8037679
4,2021-05-13,105112,10437512,77377,6084099,26198,4016675,1537,336738,40693,1130810,0.140689,64069,4846160,0.60293,43288,5976970,0.743619,8037679
4,2021-05-14,105434,10542946,74448,6158547,28851,4045526,2135,338873,40588,1109578,0.138047,64497,4910657,0.610955,43265,6020235,0.749002,8037679
4,2021-05-15,86051,10628997,66532,6225079,18181,4063707,1338,340211,37946,1101314,0.137019,47849,4958506,0.616908,39585,6059820,0.753927,8037679
4,2021-05-16,51814,10680811,41750,6266829,9347,4073054,717,340928,21204,1092926,0.135975,30451,4988957,0.620696,22063,6081883,0.756672,8037679
4,2021-05-17,71478,10752289,52207,6319036,17426,4090480,1845,342773,28218,1080189,0.134391,43039,5031996,0.626051,30302,6112185,0.760442,8037679
4,2021-05-18,82092,10834381,53362,6372398,26974,4117454,1756,344529,29296,1059190,0.131778,52423,5084419,0.632573,31424,6143609,0.764351,8037679
4,2021-05-19,77173,10911554,52167,6424565,23052,4140506,1954,346483,30979,1046532,0.130203,45876,5130295,0.638281,33218,6176827,0.768484,8037679
4,2021-05-20,69385,10980939,44607,6469172,22768,4163274,2010,348493,25710,1031227,0.128299,43373,5173668,0.643677,28068,6204895,0.771976,8037679
4,2021-05-21,74080,11055019,48837,6518009,23365,4186639,1878,350371,26114,1011841,0.125887,47645,5221313,0.649605,28259,6233154,0.775492,8037679
4,2021-05-22,50134,11105153,35169,6553178,13688,4200327,1277,351648,21771,1006935,0.125277,28191,5249504,0.653112,23285,6256439,0.778389,8037679
4,2021-05-23,24017,11129170,17133,6570311,6159,4206486,725,352373,9746,1003375,0.124834,14143,5263647,0.654872,10583,6267022,0.779705,8037679
4,2021-05-24,43261,11172431,27513,6597824,12732,4219218,3016,355389,15135,993835,0.123647,27892,5291539,0.658342,18352,6285374,0.781989,8037679
4,2021-05-25,45010,11217441,27963,6625787,14214,4233432,2833,358222,15904,983945,0.122417,28851,5320390,0.661931,18961,6304335,0.784348,8037679
4,2021-05-26,44700,11262141,26785,6652572,15304,4248736,2611,360833,15851,973958,0.121174,28621,5349011,0.665492,18634,6322969,0.786666,8037679
4,2021-05-27,38984,11301125,23368,6675940,12474,4261210,3142,363975,14649,967790,0.120407,24123,5373134,0.668493,17955,6340924,0.7889,8037679
4,2021-05-28,43391,11344516,27621,6703561,14162,4275372,1608,365583,18890,964284,0.11997,24226,5397360,0.671507,20720,6361644,0.791478,8037679
4,2021-05-29,23732,11368248,15393,6718954,7406,4282778,933,366516,10879,963528,0.119876,12701,5410061,0.673087,11945,6373589,0.792964,8037679
4,2021-05-30,12118,11380366,8514,6727468,3076,4285854,528,367044,5027,962134,0.119703,7018,5417079,0.673961,5624,6379213,0.793664,8037679
4,2021-05-31,3617,11383983,2298,6729766,1156,4287010,163,367207,1154,961065,0.11957,2407,5419486,0.67426,1338,6380551,0.79383,8037679
4,2021-06-01,39537,11423520,24572,6754338,12518,4299528,2447,369654,13030,950484,0.118254,26273,5445759,0.677529,15692,6396243,0.795782,8037679
4,2021-06-02,32687,11456207,20417,6774755,9461,4308989,2809,372463,10896,942733,0.117289,21601,5467360,0.680216,13850,6410093,0.797505,8037679
4,2021-06-03,48153,11504360,36942,6811697,8752,4317741,2459,374922,10334,918198,0.114237,37640,5505000,0.684899,13105,6423198,0.799136,8037679
4,2021-06-04,54897,11559257,44199,6855896,9368,4327109,1330,376252,12710,891113,0.110867,41939,5546939,0.690117,14854,6438052,0.800984,8037679
4,2021-06-05,44868,11604125,38417,6894313,5454,4332563,997,377249,8726,865154,0.107637,35983,5582922,0.694594,10024,6448076,0.802231,8037679
4,2021-06-06,21270,11625395,18977,6913290,1728,4334291,565,377814,3937,852830,0.106104,17225,5600147,0.696737,4901,6452977,0.802841,8037679
4,2021-06-07,38756,11664151,31365,6944655,5467,4339758,1924,379738,8397,833225,0.103665,30218,5630365,0.700496,10613,6463590,0.804161,8037679
4,2021-06-08,40655,11704806,31894,6976549,6214,4345972,2547,382285,9425,814508,0.101336,31034,5661399,0.704357,12317,6475907,0.805694,8037679
4,2021-06-09,38985,11743791,30907,7007456,5714,4351686,2364,384649,7919,794251,0.098816,30894,5692293,0.708201,10637,6486544,0.807017,8037679
4,2021-06-10,37185,11780976,29299,7036755,5262,4356948,2624,387273,8395,776909,0.096658,28627,5720920,0.711763,11285,6497829,0.808421,8037679
4,2021-06-11,38359,11819335,30098,7066853,6242,4363190,2019,389292,9868,760819,0.094657,28328,5749248,0.715287,12238,6510067,0.809944,8037679
4,2021-06-12,26608,11845943,22130,7088983,3763,4366953,715,390007,6024,747305,0.092975,20474,5769722,0.717834,6960,6517027,0.81081,8037679
4,2021-06-13,10851,11856794,8573,7097556,1801,4368754,477,390484,2273,741655,0.092272,8509,5778231,0.718893,2859,6519886,0.811165,8037679
4,2021-06-14,28611,11885405,21404,7118960,4400,4373154,2807,393291,7781,731773,0.091043,20690,5798921,0.721467,10808,6530694,0.81251,8037679
4,2021-06-15,29984,11915389,21194,7140154,5384,4378538,3406,396697,8283,722186,0.08985,21533,5820454,0.724146,11946,6542640,0.813996,8037679
4,2021-06-16,26606,11941995,20050,7160204,3930,4382468,2626,399323,8003,714606,0.088907,18419,5838873,0.726438,10839,6553479,0.815345,8037679
4,2021-06-17,25165,11967160,18578,7178782,3690,4386158,2897,402220,7614,707949,0.088079,17361,5856234,0.728598,10704,6564183,0.816676,8037679
4,2021-06-18,26798,11993958,21137,7199919,4428,4390586,1233,403453,8266,699371,0.087012,18327,5874561,0.730878,9749,6573932,0.817889,8037679
4,2021-06-19,15781,12009739,12766,7212685,2308,4392894,707,404160,5064,694745,0.086436,10568,5885129,0.732193,5942,6579874,0.818629,8037679
4,2021-06-20,7380,12017119,6080,7218765,993,4393887,307,404467,2624,693065,0.086227,4696,5889825,0.732777,3016,6582890,0.819004,8037679
4,2021-06-21,14598,12031717,10553,7229318,2908,4396795,1137,405604,7341,694540,0.086411,7167,5896992,0.733669,8642,6591532,0.820079,8037679
4,2021-06-22,20526,12052243,15989,7245307,3456,4400251,1081,406685,7118,689614,0.085798,13278,5910270,0.73532,8352,6599884,0.821118,8037679
4,2021-06-23,18432,12070675,14466,7259773,2971,4403222,995,407680,6713,685868,0.085332,11578,5921848,0.736761,7832,6607716,0.822093,8037679
4,2021-06-24,17616,12088291,13623,7273396,3003,4406225,990,408670,6570,682677,0.084935,10890,5932738,0.738116,7699,6615415,0.82305,8037679
4,2021-06-25,21586,12109877,16957,7290353,3579,4409804,1050,409720,7810,678069,0.084361,13636,5946374,0.739812,9028,6624443,0.824174,8037679
4,2021-06-26,13046,12122923,10613,7300966,1816,4411620,617,410337,4795,675446,0.084035,8146,5954520,0.740826,5523,6629966,0.824861,8037679
4,2021-06-27,6848,12129771,5546,7306512,959,4412579,343,410680,2875,674788,0.083953,3932,5958452,0.741315,3274,6633240,0.825268,8037679
4,2021-06-28,15074,12144845,12652,7319164,1567,4414146,855,411535,6042,672867,0.083714,8945,5967397,0.742428,7024,6640264,0.826142,8037679
4,2021-06-29,16467,12161312,12775,7331939,2882,4417028,810,412345,6338,670122,0.083373,10019,5977416,0.743674,7274,6647538,0.827047,8037679
4,2021-06-30,14566,12175878,11350,7343289,2479,4419507,737,413082,6041,668608,0.083184,8411,5985827,0.744721,6897,6654435,0.827905,8037679
4,2021-07-01,14461,12190339,11399,7354688,2316,4421823,746,413828,5921,666991,0.082983,8424,5994251,0.745769,6807,6661242,0.828752,8037679
4,2021-07-02,16780,12207119,13319,7368007,2696,4424519,765,414593,6853,664909,0.082724,9828,6004079,0.746992,7746,6668988,0.829716,8037679
4,2021-07-03,9164,12216283,7273,7375280,1484,4426003,407,415000,3968,664221,0.082638,5121,6009200,0.747629,4433,6673421,0.830267,8037679
4,2021-07-04,437,12216720,271,7375551,106,4426109,60,415060,193,664247,0.082642,238,6009438,0.747658,264,6673685,0.8303,8037679
4,2021-07-05,9207,12225927,7487,7383038,1304,4427413,416,415476,4177,663938,0.082603,4951,6014389,0.748274,4642,6678327,0.830878,8037679
4,2021-07-06,16470,12242397,12977,7396015,2693,4430106,800,416276,6063,660625,0.082191,10289,6024678,0.749554,6976,6685303,0.831745,8037679
4,2021-07-07,13711,12256108,10696,7406711,2237,4432343,778,417054,5174,658258,0.081897,8442,6033120,0.750605,6075,6691378,0.832501,8037679
4,2021-07-08,13206,12269314,10319,7417030,2059,4434402,828,417882,5177,656441,0.08167,7912,6041032,0.751589,6095,6697473,0.83326,8037679
4,2021-07-09,15405,12284719,11818,7428848,2650,4437052,937,418819,6266,654764,0.081462,8996,6050028,0.752708,7319,6704792,0.83417,8037679
4,2021-07-10,8830,12293549,6984,7435832,1447,4438499,399,419218,3708,653896,0.081354,5035,6055063,0.753335,4167,6708959,0.834689,8037679
4,2021-07-11,4979,12298528,3986,7439818,792,4439291,201,419419,2229,653649,0.081323,2707,6057770,0.753672,2460,6711419,0.834995,8037679
4,2021-07-12,13039,12311567,10331,7450149,1988,4441279,720,420139,5064,651640,0.081073,7896,6065666,0.754654,5887,6717306,0.835727,8037679
4,2021-07-13,12796,12324363,9794,7459943,2370,4443649,632,420771,5459,650598,0.080944,7229,6072895,0.755553,6187,6723493,0.836497,8037679
4,2021-07-14,11685,12336048,9206,7469149,1930,4445579,549,421320,5053,649729,0.080835,6541,6079436,0.756367,5672,6729165,0.837203,8037679
4,2021-07-15,12395,12348443,9849,7478998,1960,4447539,586,421906,5636,649392,0.080793,6633,6086069,0.757192,6296,6735461,0.837986,8037679
4,2021-07-16,14952,12363395,11663,7490661,2622,4450161,667,422573,6898,649111,0.080759,7954,6094023,0.758182,7673,6743134,0.83894,8037679
4,2021-07-17,9342,12372737,7384,7498045,1633,4451794,325,422898,4418,649072,0.080754,4824,6098847,0.758782,4785,6747919,0.839536,8037679
4,2021-07-18,5341,12378078,4298,7502343,843,4452637,200,423098,2521,649053,0.080751,2761,6101608,0.759126,2742,6750661,0.839877,8037679
4,2021-07-19,12782,12390860,10138,7512481,1991,4454628,653,423751,6059,649213,0.080771,6631,6108239,0.759951,6791,6757452,0.840722,8037679
4,2021-07-20,13703,12404563,10565,7523046,2474,4457102,664,424415,6749,649899,0.080857,6809,6115048,0.760798,7495,6764947,0.841654,8037679
4,2021-07-21,12788,12417351,9916,7532962,2223,4459325,649,425064,6356,650665,0.080952,6296,6121344,0.761581,7062,6772009,0.842533,8037679
4,2021-07-22,13440,12430791,10497,7543459,2291,4461616,652,425716,6996,652064,0.081126,6311,6127655,0.762366,7710,6779719,0.843492,8037679
4,2021-07-23,15636,12446427,12060,7555519,2886,4464502,690,426406,8190,653756,0.081336,7276,6134931,0.763271,8968,6788687,0.844608,8037679
4,2021-07-24,9549,12455976,7479,7562998,1743,4466245,327,426733,4902,654529,0.081433,4507,6139438,0.763832,5280,6793967,0.845265,8037679
4,2021-07-25,4742,12460718,3737,7566735,852,4467097,153,426886,3348,656707,0.081704,1338,6140776,0.763999,3516,6797483,0.845702,8037679
4,2021-07-26,12878,12473596,10111,7576846,2107,4469204,660,427546,7487,659661,0.082071,5248,6146024,0.764652,8202,6805685,0.846723,8037679
4,2021-07-27,14233,12487829,10926,7587772,2554,4471758,753,428299,7672,661718,0.082327,6408,6152432,0.765449,8465,6814150,0.847776,8037679
4,2021-07-28,13116,12500945,10041,7597813,2393,4474151,682,428981,7281,664070,0.08262,5669,6158101,0.766154,8021,6822171,0.848774,8037679
4,2021-07-29,13433,12514378,10466,7608279,2260,4476411,707,429688,7546,666739,0.082952,5663,6163764,0.766859,8332,6830503,0.84981,8037679
4,2021-07-30,15713,12530091,12082,7620361,2860,4479271,771,430459,8541,669346,0.083276,6809,6170573,0.767706,9416,6839919,0.850982,8037679
4,2021-07-31,9689,12539780,7591,7627952,1704,4480975,394,430853,5496,671281,0.083517,3996,6174569,0.768203,5931,6845850,0.85172,8037679
4,2021-08-01,5401,12545181,4469,7632421,771,4481746,161,431014,3190,672561,0.083676,2105,6176674,0.768465,3385,6849235,0.852141,8037679
4,2021-08-02,13961,12559142,11188,7643609,2060,4483806,713,431727,8161,675912,0.084093,5593,6182267,0.769161,8944,6858179,0.853254,8037679
4,2021-08-03,14610,12573752,11246,7654855,2608,4486414,756,432483,8403,679164,0.084498,5982,6188249,0.769905,9234,6867413,0.854402,8037679
4,2021-08-04,13257,12587009,10359,7665214,2234,4488648,664,433147,7511,681848,0.084831,5536,6193785,0.770594,8220,6875633,0.855425,8037679
4,2021-08-05,14254,12601263,11275,7676489,2219,4490867,760,433907,8007,684665,0.085182,6000,6199785,0.77134,8817,6884450,0.856522,8037679
4,2021-08-06,17062,12618325,13137,7689626,3074,4493941,851,434758,9529,687898,0.085584,7217,6207002,0.772238,10450,6894900,0.857822,8037679
4,2021-08-07,10117,12628442,8063,7697689,1629,4495570,425,435183,5521,689466,0.085779,4420,6211422,0.772788,5988,6900888,0.858567,8037679
4,2021-08-08,6195,12634637,4939,7702628,1060,4496630,196,435379,3576,690782,0.085943,2485,6213907,0.773097,3801,6904689,0.85904,8037679
4,2021-08-09,14387,12649024,11682,7714310,1985,4498615,720,436099,7679,692770,0.08619,6486,6220393,0.773904,8474,6913163,0.860094,8037679
4,2021-08-10,14595,12663619,11307,7725617,2577,4501192,711,436810,7728,694646,0.086424,6629,6227022,0.774729,8505,6921668,0.861153,8037679
4,2021-08-11,12254,12675873,9443,7735060,2093,4503285,718,437528,6387,696160,0.086612,5620,6232642,0.775428,7134,6928802,0.86204,8037679
4,2021-08-12,9021,12684894,6768,7741828,1626,4504911,627,438155,4494,697005,0.086717,4336,6236978,0.775968,5181,6933983,0.862685,8037679
