hpiquartile,administered_date,total_doses,cumulative_total_doses,pfizer_doses,cumulative_pfizer_doses,moderna_doses,cumulative_moderna_doses,jj_doses,cumulative_jj_doses,partially_vaccinated,total_partially_vaccinated,pct_age16pop_partially_vaccinated,fully_vaccinated,cumulative_fully_vaccinated,pct_age16pop_fully_vaccinated,at_least_one_dose,cumulative_at_least_one_dose,pct_age16pop_at_least_one_dose,age16_population
1,2020-12-15,144,144,144,144,0,0,0,0,144,144,1.8e-05,0,0,0.0,144,144,1.8e-05,8051741
1,2020-12-16,1277,1421,1277,1421,0,0,0,0,1277,1421,0.000176,0,0,0.0,1277,1421,0.000176,8051741
1,2020-12-17,4101,5522,4101,5522,0,0,0,0,4102,5523,0.000686,0,0,0.0,4102,5523,0.000686,8051741
1,2020-12-18,6075,11597,6032,11554,43,43,0,0,6080,11603,0.001441,0,0,0.0,6080,11603,0.001441,8051741
1,2020-12-19,2782,14379,2781,14335,1,44,0,0,2782,14384,0.001786,1,1,0.0,2782,14385,0.001787,8051741
1,2020-12-20,2031,16410,2028,16363,3,47,0,0,2033,16417,0.002039,0,1,0.0,2033,16418,0.002039,8051741
1,2020-12-21,7855,24265,7842,24205,13,60,0,0,7911,24328,0.003021,0,1,0.0,7911,24329,0.003022,8051741
1,2020-12-22,7388,31653,6945,31150,443,503,0,0,7392,31719,0.003939,1,2,0.0,7392,31721,0.00394,8051741
1,2020-12-23,7588,39241,6325,37475,1263,1766,0,0,7586,39305,0.004882,0,2,0.0,7586,39307,0.004882,8051741
1,2020-12-24,3267,42508,2323,39798,944,2710,0,0,3268,42573,0.005287,0,2,0.0,3268,42575,0.005288,8051741
1,2020-12-25,230,42738,147,39945,83,2793,0,0,230,42803,0.005316,0,2,0.0,230,42805,0.005316,8051741
1,2020-12-26,1328,44066,966,40911,362,3155,0,0,1328,44130,0.005481,1,3,0.0,1328,44133,0.005481,8051741
1,2020-12-27,854,44920,529,41440,325,3480,0,0,855,44985,0.005587,0,3,0.0,855,44988,0.005587,8051741
1,2020-12-28,7182,52102,4974,46414,2208,5688,0,0,7181,52166,0.006479,0,3,0.0,7181,52169,0.006479,8051741
1,2020-12-29,8728,60830,4961,51375,3767,9455,0,0,8723,60887,0.007562,2,5,1e-06,8723,60892,0.007563,8051741
1,2020-12-30,11281,72111,6254,57629,5027,14482,0,0,11302,72189,0.008966,0,5,1e-06,11302,72194,0.008966,8051741
1,2020-12-31,5762,77873,1878,59507,3884,18366,0,0,5939,78128,0.009703,0,5,1e-06,5939,78133,0.009704,8051741
1,2021-01-01,488,78361,159,59666,329,18695,0,0,488,78616,0.009764,0,5,1e-06,488,78621,0.009764,8051741
1,2021-01-02,2728,81089,1616,61282,1112,19807,0,0,2827,81443,0.010115,0,5,1e-06,2827,81448,0.010116,8051741
1,2021-01-03,995,82084,532,61814,463,20270,0,0,995,82437,0.010238,1,6,1e-06,995,82443,0.010239,8051741
1,2021-01-04,7266,89350,3535,65349,3731,24001,0,0,7293,89729,0.011144,1,7,1e-06,7293,89736,0.011145,8051741
1,2021-01-05,10864,100214,5213,70562,5651,29652,0,0,10131,99139,0.012313,782,789,9.8e-05,10192,99928,0.012411,8051741
1,2021-01-06,14011,114225,7116,77678,6895,36547,0,0,12213,109569,0.013608,1789,2578,0.00032,12219,112147,0.013928,8051741
1,2021-01-07,17673,131898,9266,86944,8407,44954,0,0,13308,118649,0.014736,4234,6812,0.000846,13314,125461,0.015582,8051741
1,2021-01-08,20070,151968,10323,97267,9747,54701,0,0,14359,127304,0.015811,5709,12521,0.001555,14364,139825,0.017366,8051741
1,2021-01-09,6489,158457,3261,100528,3228,57929,0,0,4788,130338,0.016188,1757,14278,0.001773,4791,144616,0.017961,8051741
1,2021-01-10,3002,161459,1706,102234,1296,59225,0,0,1850,131043,0.016275,1146,15424,0.001916,1851,146467,0.018191,8051741
1,2021-01-11,18331,179790,12074,114308,6257,65482,0,0,11435,135756,0.01686,6764,22188,0.002756,11477,157944,0.019616,8051741
1,2021-01-12,19200,198990,10760,125068,8440,73922,0,0,13129,142908,0.017749,6054,28242,0.003508,13206,171150,0.021256,8051741
1,2021-01-13,19799,218789,10462,135530,9337,83259,0,0,14837,152776,0.018974,4986,33228,0.004127,14854,186004,0.023101,8051741
1,2021-01-14,22338,241127,9327,144857,13011,96270,0,0,19664,169901,0.021101,2599,35827,0.00445,19724,205728,0.025551,8051741
1,2021-01-15,25347,266474,9501,154358,15846,112116,0,0,23375,191373,0.023768,1969,37796,0.004694,23441,229169,0.028462,8051741
1,2021-01-16,14124,280598,4510,158868,9614,121730,0,0,13376,203911,0.025325,840,38636,0.004798,13378,242547,0.030124,8051741
1,2021-01-17,5954,286552,1933,160801,4021,125751,0,0,5759,209305,0.025995,370,39006,0.004844,5764,248311,0.030839,8051741
1,2021-01-18,14810,301362,8974,169775,5836,131587,0,0,11488,217534,0.027017,3321,42327,0.005257,11550,259861,0.032274,8051741
1,2021-01-19,24159,325521,12845,182620,11314,142901,0,0,19039,231511,0.028753,5108,47435,0.005891,19085,278946,0.034644,8051741
1,2021-01-20,27449,352970,13285,195905,14164,157065,0,0,22112,248334,0.030842,5316,52751,0.006552,22139,301085,0.037394,8051741
1,2021-01-21,30988,383958,14975,210880,16013,173078,0,0,28163,273705,0.033993,2885,55636,0.00691,28256,329341,0.040903,8051741
1,2021-01-22,27222,411180,10891,221771,16331,189409,0,0,25394,297242,0.036916,1876,57512,0.007143,25413,354754,0.044059,8051741
1,2021-01-23,18292,429472,8079,229850,10213,199622,0,0,16463,311874,0.038734,1842,59354,0.007372,16474,371228,0.046105,8051741
1,2021-01-24,6433,435905,4082,233932,2351,201973,0,0,5804,317042,0.039376,640,59994,0.007451,5808,377036,0.046827,8051741
1,2021-01-25,25348,461253,10140,244072,15208,217181,0,0,19886,331555,0.041178,5521,65515,0.008137,20034,397070,0.049315,8051741
1,2021-01-26,28335,489588,13297,257369,15038,232219,0,0,21792,346850,0.043078,6534,72049,0.008948,21829,418899,0.052026,8051741
1,2021-01-27,30845,520433,15314,272683,15531,247750,0,0,23085,362169,0.04498,7796,79845,0.009916,23115,442014,0.054897,8051741
1,2021-01-28,34268,554701,16238,288921,18030,265780,0,0,27813,383333,0.047609,6702,86547,0.010749,27866,469880,0.058358,8051741
1,2021-01-29,33588,588289,16435,305356,17153,282933,0,0,27530,404585,0.050248,6325,92872,0.011534,27577,497457,0.061783,8051741
1,2021-01-30,20522,608811,8601,313957,11921,294854,0,0,18550,421170,0.052308,1973,94845,0.011779,18558,516015,0.064087,8051741
1,2021-01-31,8385,617196,5165,319122,3220,298074,0,0,7959,428396,0.053205,735,95580,0.011871,7961,523976,0.065076,8051741
1,2021-02-01,27881,645077,12061,331183,15820,313894,0,0,20823,441973,0.054892,7250,102830,0.012771,20827,544803,0.067663,8051741
1,2021-02-02,31374,676451,11325,342508,20049,333943,0,0,23649,457907,0.056871,7747,110577,0.013733,23681,568484,0.070604,8051741
1,2021-02-03,38849,715300,14691,357199,24158,358101,0,0,28268,475598,0.059068,10606,121183,0.015051,28297,596781,0.074118,8051741
1,2021-02-04,43925,759225,16996,374195,26929,385030,0,0,32081,495777,0.061574,11947,133130,0.016534,32126,628907,0.078108,8051741
1,2021-02-05,46521,805746,17263,391458,29258,414288,0,0,30825,510886,0.06345,15764,148894,0.018492,30873,659780,0.081943,8051741
1,2021-02-06,26166,831912,10496,401954,15670,429958,0,0,20382,525539,0.06527,5744,154638,0.019206,20397,680177,0.084476,8051741
1,2021-02-07,6021,837933,3835,405789,2186,432144,0,0,4491,528529,0.065642,1520,156158,0.019394,4510,684687,0.085036,8051741
1,2021-02-08,30898,868831,14038,419827,16860,449004,0,0,20581,538797,0.066917,10391,166549,0.020685,20659,705346,0.087602,8051741
1,2021-02-09,37774,906605,16348,436175,21426,470430,0,0,22973,546995,0.067935,14856,181405,0.02253,23054,728400,0.090465,8051741
1,2021-02-10,46223,952828,21682,457857,24541,494971,0,0,26925,554564,0.068875,19434,200839,0.024944,27003,755403,0.093819,8051741
1,2021-02-11,51125,1003953,25514,483371,25611,520582,0,0,30677,564557,0.070116,20781,221620,0.027524,30774,786177,0.097641,8051741
1,2021-02-12,49293,1053246,21016,504387,28277,548859,0,0,28662,572673,0.071124,20671,242291,0.030092,28787,814964,0.101216,8051741
1,2021-02-13,26574,1079820,11007,515394,15567,564426,0,0,15213,576661,0.071619,11306,253597,0.031496,15294,830258,0.103115,8051741
1,2021-02-14,12162,1091982,5298,520692,6864,571290,0,0,6481,577597,0.071736,5657,259254,0.032199,6593,836851,0.103934,8051741
1,2021-02-15,23390,1115372,9171,529863,14219,585509,0,0,14222,582804,0.072382,9181,268435,0.033339,14388,851239,0.105721,8051741
1,2021-02-16,45243,1160615,21607,551470,23636,609145,0,0,27179,591974,0.073521,18206,286641,0.0356,27376,878615,0.109121,8051741
1,2021-02-17,47190,1207805,24046,575516,23144,632289,0,0,26305,597576,0.074217,20920,307561,0.038198,26522,905137,0.112415,8051741
1,2021-02-18,49895,1257700,24820,600336,25075,657364,0,0,26415,600784,0.074615,23512,331073,0.041118,26720,931857,0.115734,8051741
1,2021-02-19,45213,1302913,24445,624781,20768,678132,0,0,26657,608915,0.075625,18596,349669,0.043428,26727,958584,0.119053,8051741
1,2021-02-20,25546,1328459,15541,640322,10005,688137,0,0,14972,613138,0.07615,10827,360496,0.044772,15050,973634,0.120922,8051741
1,2021-02-21,9386,1337845,8310,648632,1076,689213,0,0,5863,615446,0.076436,3708,364204,0.045233,6016,979650,0.121669,8051741
1,2021-02-22,30449,1368294,20659,669291,9790,699003,0,0,19102,622962,0.07737,11777,375981,0.046696,19293,998943,0.124065,8051741
1,2021-02-23,42752,1411046,20543,689834,22209,721212,0,0,24309,629222,0.078147,18454,394435,0.048988,24714,1023657,0.127135,8051741
1,2021-02-24,54200,1465246,26937,716771,27263,748475,0,0,32338,639911,0.079475,22148,416583,0.051738,32837,1056494,0.131213,8051741
1,2021-02-25,64827,1530073,31702,748473,33125,781600,0,0,41244,657896,0.081709,23804,440387,0.054695,41789,1098283,0.136403,8051741
1,2021-02-26,72308,1602381,33722,782195,38586,820186,0,0,48889,683405,0.084877,23847,464234,0.057656,49356,1147639,0.142533,8051741
1,2021-02-27,48333,1650714,20752,802947,27578,847764,3,3,31945,698829,0.086792,16795,481029,0.059742,32219,1179858,0.146535,8051741
1,2021-02-28,18711,1669425,10871,813818,7840,855604,0,3,13724,707379,0.087854,5409,486438,0.060414,13959,1193817,0.148268,8051741
1,2021-03-01,42990,1712415,19292,833110,23692,879296,6,9,28308,720878,0.089531,15113,501551,0.062291,28612,1222429,0.151822,8051741
1,2021-03-02,57322,1769737,23349,856459,33971,913267,2,11,37053,738165,0.091678,20531,522082,0.064841,37818,1260247,0.156519,8051741
1,2021-03-03,68690,1838427,33174,889633,35504,948771,12,23,41847,754157,0.093664,26643,548725,0.06815,42635,1302882,0.161814,8051741
1,2021-03-04,75278,1913705,35170,924803,40079,988850,29,52,48571,776756,0.096471,26552,575277,0.071448,49151,1352033,0.167918,8051741
1,2021-03-05,74258,1987963,32823,957626,41237,1030087,198,250,50074,803908,0.099843,23954,599231,0.074423,51106,1403139,0.174265,8051741
1,2021-03-06,55806,2043769,27252,984878,27222,1057309,1332,1582,38852,827722,0.1028,16963,616194,0.076529,40777,1443916,0.17933,8051741
1,2021-03-07,19146,2062915,12212,997090,6143,1063452,791,2373,14393,838475,0.104136,4734,620928,0.077117,15487,1459403,0.181253,8051741
1,2021-03-08,42085,2105000,20193,1017283,20048,1083500,1844,4217,29318,857356,0.106481,12613,633541,0.078684,31494,1490897,0.185165,8051741
1,2021-03-09,58742,2163742,25591,1042874,30724,1114224,2427,6644,35873,873555,0.108493,22782,656323,0.081513,38981,1529878,0.190006,8051741
1,2021-03-10,70882,2234624,35092,1077966,31690,1145914,4100,10744,44748,896937,0.111397,26009,682332,0.084743,49391,1579269,0.19614,8051741
1,2021-03-11,86286,2320910,39969,1117935,38997,1184911,7320,18064,51680,922152,0.114528,34371,716703,0.089012,59586,1638855,0.20354,8051741
1,2021-03-12,95337,2416247,41603,1159538,40864,1225775,12870,30934,54835,949961,0.117982,40384,757087,0.094028,68193,1707048,0.21201,8051741
1,2021-03-13,62441,2478688,28793,1188331,26091,1251866,7557,38491,40190,975912,0.121205,22162,779249,0.09678,48113,1755161,0.217985,8051741
1,2021-03-14,26692,2505380,14246,1202577,8855,1260721,3591,42082,15753,984531,0.122276,10938,790187,0.098139,19557,1774718,0.220414,8051741
1,2021-03-15,65293,2570673,29625,1232202,28966,1289687,6702,48784,37917,1002471,0.124504,27116,817303,0.101506,45056,1819774,0.22601,8051741
1,2021-03-16,85159,2655832,39351,1271553,40344,1330031,5464,54248,53648,1030728,0.128013,31369,848672,0.105402,59626,1879400,0.233415,8051741
1,2021-03-17,92815,2748647,45807,1317360,40622,1370653,6386,60634,59051,1063035,0.132025,33646,882318,0.109581,65953,1945353,0.241607,8051741
1,2021-03-18,95082,2843729,49653,1367013,39735,1410388,5694,66328,57849,1090444,0.13543,36938,919256,0.114169,64347,2009700,0.249598,8051741
1,2021-03-19,102623,2946352,53342,1420355,42890,1453278,6391,72719,61139,1117337,0.13877,41237,960493,0.11929,68130,2077830,0.25806,8051741
1,2021-03-20,68343,3014695,35742,1456097,27697,1480975,4904,77623,45110,1144572,0.142152,23121,983614,0.122162,50356,2128186,0.264314,8051741
1,2021-03-21,25992,3040687,18027,1474124,6229,1487204,1736,79359,16740,1154147,0.143341,9157,992771,0.123299,18732,2146918,0.26664,8051741
1,2021-03-22,57174,3097861,30069,1504193,24194,1511398,2911,82270,39339,1179100,0.14644,17717,1010488,0.125499,42670,2189588,0.27194,8051741
1,2021-03-23,81804,3179665,41856,1546049,36639,1548037,3309,85579,54007,1209423,0.150206,27641,1038129,0.128932,57964,2247552,0.279139,8051741
1,2021-03-24,87262,3266927,45103,1591152,38037,1586074,4122,89701,52927,1232745,0.153103,34165,1072294,0.133175,57487,2305039,0.286278,8051741
1,2021-03-25,92759,3359686,48022,1639174,39376,1625450,5361,95062,53682,1253288,0.155654,38838,1111132,0.137999,59381,2364420,0.293653,8051741
1,2021-03-26,102336,3462022,49479,1688653,46750,1672200,6107,101169,57566,1272853,0.158084,44527,1155659,0.143529,64092,2428512,0.301613,8051741
1,2021-03-27,71316,3533338,37818,1726471,29888,1702088,3610,104779,36901,1279324,0.158888,34249,1189908,0.147783,40720,2469232,0.306671,8051741
1,2021-03-28,31354,3564692,20559,1747030,9586,1711674,1209,105988,16955,1283487,0.159405,14334,1204242,0.149563,18497,2487729,0.308968,8051741
1,2021-03-29,63795,3628487,32368,1779398,28887,1740561,2540,108528,36867,1296420,0.161011,26808,1231050,0.152892,39741,2527470,0.313904,8051741
1,2021-03-30,89301,3717788,44430,1823828,39412,1779973,5459,113987,51972,1316762,0.163538,37321,1268371,0.157528,57663,2585133,0.321065,8051741
1,2021-03-31,98285,3816073,52456,1876284,40125,1820098,5704,119691,56609,1337745,0.166144,41460,1309831,0.162677,62443,2647576,0.32882,8051741
1,2021-04-01,106800,3922873,51798,1928082,47110,1867208,7892,127583,56576,1352397,0.167963,49998,1359829,0.168886,64650,2712226,0.33685,8051741
1,2021-04-02,106185,4029058,48152,1976234,49015,1916223,9018,136601,54855,1365575,0.1696,50980,1410809,0.175218,64158,2776384,0.344818,8051741
1,2021-04-03,75451,4104509,38761,2014995,27840,1944063,8850,145451,36352,1371975,0.170395,38967,1449776,0.180057,45367,2821751,0.350452,8051741
1,2021-04-04,22432,4126941,11296,2026291,8068,1952131,3068,148519,9720,1372102,0.170411,12680,1462456,0.181632,12807,2834558,0.352043,8051741
1,2021-04-05,72283,4199224,35680,2061971,27836,1979967,8767,157286,34848,1378698,0.17123,37312,1499768,0.186266,43908,2878466,0.357496,8051741
1,2021-04-06,102748,4301972,49785,2111756,36773,2016740,16190,173476,47663,1387920,0.172375,54882,1554650,0.193082,64104,2942570,0.365458,8051741
1,2021-04-07,109453,4411425,52957,2164713,39118,2055858,17378,190854,50762,1397888,0.173613,58490,1613140,0.200347,68458,3011028,0.37396,8051741
1,2021-04-08,116643,4528068,55584,2220297,40415,2096273,20644,211498,53060,1408381,0.174916,63403,1676543,0.208221,73896,3084924,0.383138,8051741
1,2021-04-09,104676,4632744,45770,2266067,40338,2136611,18568,230066,46784,1416303,0.1759,57658,1734201,0.215382,65580,3150504,0.391282,8051741
1,2021-04-10,84686,4717430,38144,2304211,24000,2160611,22542,252608,32812,1420050,0.176366,51745,1785946,0.221809,55492,3205996,0.398174,8051741
1,2021-04-11,34671,4752101,18693,2322904,8870,2169481,7108,259716,14196,1421225,0.176512,20417,1806363,0.224344,21592,3227588,0.400856,8051741
1,2021-04-12,58069,4810170,24007,2346911,25894,2195375,8168,267884,25140,1421963,0.176603,32768,1839131,0.228414,33506,3261094,0.405017,8051741
1,2021-04-13,74855,4885025,35587,2382498,39017,2234392,251,268135,38717,1425339,0.177022,36058,1875189,0.232892,39434,3300528,0.409915,8051741
1,2021-04-14,50689,4935714,23109,2405607,27546,2261938,34,268169,24717,1424508,0.176919,25865,1901054,0.236105,25034,3325562,0.413024,8051741
2,2020-12-15,227,227,227,227,0,0,0,0,233,233,3e-05,0,0,0.0,233,233,3e-05,7897587
2,2020-12-16,1908,2135,1908,2135,0,0,0,0,1917,2150,0.000272,0,0,0.0,1917,2150,0.000272,7897587
2,2020-12-17,6601,8736,6601,8736,0,0,0,0,6645,8795,0.001114,0,0,0.0,6645,8795,0.001114,7897587
2,2020-12-18,10796,19532,10775,19511,21,21,0,0,10857,19652,0.002488,0,0,0.0,10857,19652,0.002488,7897587
2,2020-12-19,5547,25079,5543,25054,4,25,0,0,5549,25201,0.003191,0,0,0.0,5549,25201,0.003191,7897587
2,2020-12-20,4237,29316,4231,29285,6,31,0,0,4233,29434,0.003727,0,0,0.0,4233,29434,0.003727,7897587
2,2020-12-21,12441,41757,12403,41688,38,69,0,0,12432,41866,0.005301,0,0,0.0,12432,41866,0.005301,7897587
2,2020-12-22,11769,53526,11321,53009,448,517,0,0,11772,53638,0.006792,0,0,0.0,11772,53638,0.006792,7897587
2,2020-12-23,11500,65026,9339,62348,2161,2678,0,0,11510,65148,0.008249,0,0,0.0,11510,65148,0.008249,7897587
2,2020-12-24,5770,70796,3416,65764,2354,5032,0,0,5769,70917,0.00898,0,0,0.0,5769,70917,0.00898,7897587
2,2020-12-25,477,71273,401,66165,76,5108,0,0,478,71395,0.00904,0,0,0.0,478,71395,0.00904,7897587
2,2020-12-26,2530,73803,1662,67827,868,5976,0,0,2533,73928,0.009361,0,0,0.0,2533,73928,0.009361,7897587
2,2020-12-27,2204,76007,1193,69020,1011,6987,0,0,2203,76130,0.00964,1,1,0.0,2203,76131,0.00964,7897587
2,2020-12-28,10612,86619,6913,75933,3699,10686,0,0,10614,86743,0.010983,1,2,0.0,10614,86745,0.010984,7897587
2,2020-12-29,12635,99254,7160,83093,5475,16161,0,0,12641,99384,0.012584,0,2,0.0,12641,99386,0.012584,7897587
2,2020-12-30,15405,114659,8755,91848,6650,22811,0,0,15465,114849,0.014542,0,2,0.0,15465,114851,0.014543,7897587
2,2020-12-31,7416,122075,2804,94652,4612,27423,0,0,7505,122353,0.015492,1,3,0.0,7505,122356,0.015493,7897587
2,2021-01-01,1057,123132,509,95161,548,27971,0,0,1060,123412,0.015627,1,4,1e-06,1060,123416,0.015627,7897587
2,2021-01-02,4833,127965,2791,97952,2042,30013,0,0,4830,128242,0.016238,0,4,1e-06,4830,128246,0.016239,7897587
2,2021-01-03,1403,129368,777,98729,626,30639,0,0,1383,129622,0.016413,3,7,1e-06,1383,129629,0.016414,7897587
2,2021-01-04,11590,140958,5491,104220,6099,36738,0,0,11578,141195,0.017878,5,12,2e-06,11578,141207,0.01788,7897587
2,2021-01-05,13473,154431,6816,111036,6657,43395,0,0,12355,152423,0.0193,1136,1148,0.000145,12364,153571,0.019445,7897587
2,2021-01-06,18495,172926,10251,121287,8244,51639,0,0,14853,163614,0.020717,3668,4816,0.00061,14859,168430,0.021327,7897587
2,2021-01-07,22565,195491,12623,133910,9942,61581,0,0,15364,171714,0.021743,7276,12092,0.001531,15376,183806,0.023274,7897587
2,2021-01-08,25744,221235,15817,149727,9927,71508,0,0,15835,177687,0.022499,9876,21968,0.002782,15849,199655,0.025281,7897587
2,2021-01-09,9358,230593,5388,155115,3970,75478,0,0,6103,180494,0.022854,3300,25268,0.003199,6107,205762,0.026054,7897587
2,2021-01-10,5239,235832,2905,158020,2334,77812,0,0,3035,181302,0.022957,2231,27499,0.003482,3039,208801,0.026439,7897587
2,2021-01-11,25439,261271,17475,175495,7964,85776,0,0,14988,185679,0.023511,10627,38126,0.004828,15004,223805,0.028338,7897587
2,2021-01-12,25312,286583,15833,191328,9479,95255,0,0,16126,192561,0.024382,9281,47407,0.006003,16163,239968,0.030385,7897587
2,2021-01-13,27526,314109,14587,205915,12939,108194,0,0,19812,204616,0.025909,7775,55182,0.006987,19830,259798,0.032896,7897587
2,2021-01-14,28951,343060,11237,217152,17714,125908,0,0,24930,225486,0.028551,4075,59257,0.007503,24945,284743,0.036054,7897587
2,2021-01-15,33920,376980,12528,229680,21392,147300,0,0,30798,253145,0.032053,3165,62422,0.007904,30824,315567,0.039957,7897587
2,2021-01-16,17293,394273,5545,235225,11748,159048,0,0,16064,267890,0.03392,1329,63751,0.008072,16074,331641,0.041993,7897587
2,2021-01-17,9945,404218,3507,238732,6438,165486,0,0,9269,276448,0.035004,716,64467,0.008163,9274,340915,0.043167,7897587
2,2021-01-18,18757,422975,10561,249293,8196,173682,0,0,14242,286120,0.036229,4592,69059,0.008744,14264,355179,0.044973,7897587
2,2021-01-19,31391,454366,16577,265870,14814,188496,0,0,23603,301972,0.038236,7862,76921,0.00974,23714,378893,0.047976,7897587
2,2021-01-20,36144,490510,18010,283880,18134,206630,0,0,27616,321107,0.040659,8570,85491,0.010825,27705,406598,0.051484,7897587
2,2021-01-21,39031,529541,16115,299995,22916,229546,0,0,34566,351325,0.044485,4472,89963,0.011391,34690,441288,0.055876,7897587
2,2021-01-22,38774,568315,16210,316205,22564,252110,0,0,35531,383635,0.048576,3253,93216,0.011803,35563,476851,0.060379,7897587
2,2021-01-23,23811,592126,10761,326966,13050,265160,0,0,20909,401690,0.050862,2882,96098,0.012168,20937,497788,0.06303,7897587
2,2021-01-24,12223,604349,6027,332993,6196,271356,0,0,11330,412146,0.052186,884,96982,0.01228,11340,509128,0.064466,7897587
2,2021-01-25,31915,636264,15434,348427,16481,287837,0,0,23475,427232,0.054097,8451,105433,0.01335,23537,532665,0.067447,7897587
2,2021-01-26,38951,675215,19501,367928,19450,307287,0,0,30254,448852,0.056834,8711,114144,0.014453,30331,562996,0.071287,7897587
2,2021-01-27,43974,719189,22477,390405,21497,328784,0,0,34359,473724,0.059983,9538,123682,0.015661,34410,597406,0.075644,7897587
2,2021-01-28,46749,765938,21935,412340,24814,353598,0,0,38442,503888,0.063803,8327,132009,0.016715,38491,635897,0.080518,7897587
2,2021-01-29,44117,810055,21655,433995,22462,376060,0,0,35804,531399,0.067286,8326,140335,0.017769,35837,671734,0.085056,7897587
2,2021-01-30,30676,840731,13431,447426,17245,393305,0,0,27538,555850,0.070382,3115,143450,0.018164,27566,699300,0.088546,7897587
2,2021-01-31,16800,857531,10452,457878,6348,399653,0,0,15610,570299,0.072212,1178,144628,0.018313,15627,714927,0.090525,7897587
2,2021-02-01,39428,896959,19172,477050,20256,419909,0,0,29120,589076,0.074589,10374,155002,0.019627,29151,744078,0.094216,7897587
2,2021-02-02,47181,944140,19829,496879,27352,447261,0,0,35996,613917,0.077735,11250,166252,0.021051,36091,780169,0.098786,7897587
2,2021-02-03,52824,996964,23753,520632,29071,476332,0,0,39519,640113,0.081052,13401,179653,0.022748,39597,819766,0.1038,7897587
2,2021-02-04,54879,1051843,24011,544643,30868,507200,0,0,40334,665901,0.084317,14634,194287,0.024601,40422,860188,0.108918,7897587
2,2021-02-05,58153,1109996,25686,570329,32467,539667,0,0,39811,687499,0.087052,18407,212694,0.026932,40005,900193,0.113983,7897587
2,2021-02-06,38998,1148994,18098,588427,20900,560567,0,0,31539,711713,0.090118,7404,220098,0.027869,31618,931811,0.117987,7897587
2,2021-02-07,15779,1164773,10546,598973,5233,565800,0,0,11944,719898,0.091154,3822,223920,0.028353,12007,943818,0.119507,7897587
2,2021-02-08,41983,1206756,21459,620432,20524,586324,0,0,29208,736506,0.093257,12788,236708,0.029972,29396,973214,0.123229,7897587
2,2021-02-09,47878,1254634,22818,643250,25060,611384,0,0,30338,749501,0.094903,17661,254369,0.032208,30656,1003870,0.127111,7897587
2,2021-02-10,58681,1313315,27724,670974,30957,642341,0,0,34942,760976,0.096356,23816,278185,0.035224,35291,1039161,0.13158,7897587
2,2021-02-11,60355,1373670,27395,698369,32960,675301,0,0,35080,771265,0.097658,25267,303452,0.038423,35556,1074717,0.136082,7897587
2,2021-02-12,63083,1436753,27587,725956,35496,710797,0,0,34275,777262,0.098418,28923,332375,0.042086,34920,1109637,0.140503,7897587
2,2021-02-13,36678,1473431,15407,741363,21271,732068,0,0,21503,783777,0.099243,15367,347742,0.044031,21882,1131519,0.143274,7897587
2,2021-02-14,19157,1492588,9151,750514,10006,742074,0,0,11307,787444,0.099707,8064,355806,0.045052,11731,1143250,0.144759,7897587
2,2021-02-15,31935,1524523,14463,764977,17472,759546,0,0,18174,792757,0.10038,13700,369506,0.046787,19013,1162263,0.147167,7897587
2,2021-02-16,55077,1579600,27502,792479,27575,787121,0,0,29377,797396,0.100967,25650,395156,0.050035,30289,1192552,0.151002,7897587
2,2021-02-17,59821,1639421,30961,823440,28860,815981,0,0,29769,798149,0.101062,30181,425337,0.053857,30934,1223486,0.154919,7897587
2,2021-02-18,63793,1703214,32512,855952,31281,847262,0,0,31314,798392,0.101093,32602,457939,0.057985,32845,1256331,0.159078,7897587
2,2021-02-19,56695,1759909,31828,887780,24867,872129,0,0,28149,798519,0.101109,28741,486680,0.061624,28868,1285199,0.162733,7897587
2,2021-02-20,36407,1796316,23678,911458,12729,884858,0,0,20038,803031,0.101681,16545,503225,0.063719,21057,1306256,0.165399,7897587
2,2021-02-21,17367,1813683,13917,925375,3450,888308,0,0,8728,804408,0.101855,8788,512013,0.064832,10165,1316421,0.166686,7897587
2,2021-02-22,35229,1848912,24143,949518,11086,899394,0,0,16499,803391,0.101726,18789,530802,0.067211,17772,1334193,0.168937,7897587
2,2021-02-23,48027,1896939,25026,974544,23001,922395,0,0,21300,800300,0.101335,27182,557984,0.070652,24091,1358284,0.171987,7897587
2,2021-02-24,64956,1961895,33010,1007554,31946,954341,0,0,29458,797469,0.100976,35670,593654,0.075169,32839,1391123,0.176145,7897587
2,2021-02-25,70514,2032409,32497,1040051,38017,992358,0,0,35846,801961,0.101545,35026,628680,0.079604,39518,1430641,0.181149,7897587
2,2021-02-26,78521,2110930,33848,1073899,44673,1037031,0,0,42537,810615,0.102641,36171,664851,0.084184,44825,1475466,0.186825,7897587
2,2021-02-27,57007,2167937,26197,1100096,30806,1067837,4,4,31642,817883,0.103561,25879,690730,0.087461,33147,1508613,0.191022,7897587
2,2021-02-28,27646,2195583,17007,1117103,10639,1078476,0,4,16585,824595,0.104411,11508,702238,0.088918,18220,1526833,0.193329,7897587
2,2021-03-01,53424,2249007,27958,1145061,25454,1103930,12,16,29721,832181,0.105372,24050,726288,0.091963,31636,1558469,0.197335,7897587
2,2021-03-02,60640,2309647,28172,1173233,32464,1136394,4,20,34819,843830,0.106847,26280,752568,0.095291,37929,1596398,0.202137,7897587
2,2021-03-03,74742,2384389,35313,1208546,39427,1175821,2,22,41387,855087,0.108272,33338,785906,0.099512,44595,1640993,0.207784,7897587
2,2021-03-04,80538,2464927,38294,1246840,42221,1218042,23,45,46969,871328,0.110328,33567,819473,0.103762,49808,1690801,0.214091,7897587
2,2021-03-05,75433,2540360,35581,1282421,39561,1257603,291,336,45838,890648,0.112775,29534,849007,0.107502,48854,1739655,0.220277,7897587
2,2021-03-06,58140,2598500,28360,1310781,28131,1285734,1649,1985,35365,906823,0.114823,22709,871716,0.110378,38884,1778539,0.2252,7897587
2,2021-03-07,26800,2625300,15477,1326258,10392,1296126,931,2916,17115,916782,0.116084,9668,881384,0.111602,19627,1798166,0.227685,7897587
2,2021-03-08,47499,2672799,21586,1347844,23519,1319645,2394,5310,30307,933894,0.118251,17229,898613,0.113783,34341,1832507,0.232034,7897587
2,2021-03-09,61234,2734033,24719,1372563,32801,1352446,3714,9024,32555,943588,0.119478,28597,927210,0.117404,38291,1870798,0.236882,7897587
2,2021-03-10,72235,2806268,32937,1405500,33249,1385695,6049,15073,38259,955919,0.121039,33878,961088,0.121694,46209,1917007,0.242733,7897587
2,2021-03-11,88461,2894729,39953,1445453,40894,1426589,7614,22687,46953,971158,0.122969,41365,1002453,0.126932,56604,1973611,0.249901,7897587
2,2021-03-12,88785,2983514,36202,1481655,41596,1468185,10987,33674,45266,985440,0.124777,43366,1045819,0.132423,57648,2031259,0.2572,7897587
2,2021-03-13,65710,3049224,27095,1508750,30837,1499022,7778,41452,36299,1001420,0.126801,29417,1075236,0.136147,45397,2076656,0.262948,7897587
2,2021-03-14,35329,3084553,17710,1526460,13267,1512289,4352,45804,18801,1008935,0.127752,16427,1091663,0.138227,23942,2100598,0.26598,7897587
2,2021-03-15,64270,3148823,28083,1554543,31406,1543695,4781,50585,36250,1023569,0.129605,27982,1119645,0.141771,42616,2143214,0.271376,7897587
2,2021-03-16,83778,3232601,36354,1590897,43489,1587184,3935,54520,51493,1048724,0.13279,32167,1151812,0.145844,57322,2200536,0.278634,7897587
2,2021-03-17,87840,3320441,41652,1632549,42325,1629509,3863,58383,56874,1079946,0.136744,30807,1182619,0.149744,62029,2262565,0.286488,7897587
2,2021-03-18,93220,3413661,43583,1676132,45363,1674872,4274,62657,58199,1109220,0.14045,34867,1217486,0.154159,64141,2326706,0.29461,7897587
2,2021-03-19,92526,3506187,43586,1719718,43179,1718051,5761,68418,56290,1136116,0.143856,36062,1253548,0.158725,62958,2389664,0.302582,7897587
2,2021-03-20,68064,3574251,32174,1751892,32044,1750095,3846,72264,45689,1164048,0.147393,22269,1275817,0.161545,50201,2439865,0.308938,7897587
2,2021-03-21,32755,3607006,21084,1772976,9699,1759794,1972,74236,21058,1176563,0.148978,11738,1287555,0.163031,24253,2464118,0.312009,7897587
2,2021-03-22,61309,3668315,33326,1806302,24937,1784731,3046,77282,41255,1202351,0.152243,19909,1307464,0.165552,45697,2509815,0.317795,7897587
2,2021-03-23,80581,3748896,42381,1848683,35227,1819958,2973,80255,53415,1233307,0.156163,26984,1334448,0.168969,57940,2567755,0.325132,7897587
2,2021-03-24,87461,3836357,46446,1895129,37690,1857648,3325,83580,53395,1257961,0.159284,33879,1368327,0.173259,58533,2626288,0.332543,7897587
2,2021-03-25,97319,3933676,48081,1943210,45551,1903199,3687,87267,56904,1279657,0.162031,40213,1408540,0.178351,61909,2688197,0.340382,7897587
2,2021-03-26,97763,4031439,48039,1991249,46359,1949558,3365,90632,55390,1297917,0.164343,42107,1450647,0.183682,60367,2748564,0.348026,7897587
2,2021-03-27,72148,4103587,35340,2026589,33618,1983176,3190,93822,37745,1305490,0.165302,34244,1484891,0.188018,41817,2790381,0.353321,7897587
2,2021-03-28,36424,4140011,22151,2048740,13495,1996671,778,94600,20609,1311858,0.166109,15756,1500647,0.190013,22124,2812505,0.356122,7897587
2,2021-03-29,68477,4208488,34888,2083628,31332,2028003,2257,96857,40352,1327969,0.168149,27984,1528631,0.193557,44095,2856600,0.361705,7897587
2,2021-03-30,88189,4296677,42523,2126151,41737,2069740,3929,100786,54774,1354419,0.171498,33287,1561918,0.197772,59737,2916337,0.369269,7897587
2,2021-03-31,97092,4393769,49176,2175327,43121,2112861,4795,105581,58543,1379771,0.174708,38382,1600300,0.202632,63734,2980071,0.377339,7897587
2,2021-04-01,111890,4505659,52934,2228261,50449,2163310,8507,114088,62457,1402407,0.177574,49220,1649520,0.208864,71856,3051927,0.386438,7897587
2,2021-04-02,105480,4611139,48936,2277197,47163,2210473,9381,123469,58544,1424155,0.180328,46718,1696238,0.214779,68466,3120393,0.395107,7897587
2,2021-04-03,73120,4684259,34800,2311997,29002,2239475,9318,132787,37225,1435504,0.181765,35779,1732017,0.21931,47128,3167521,0.401075,7897587
2,2021-04-04,28541,4712800,14206,2326203,10645,2250120,3690,136477,13178,1437138,0.181972,15320,1747337,0.221249,16954,3184475,0.403221,7897587
2,2021-04-05,76512,4789312,37314,2363517,30830,2280950,8368,144845,37969,1445975,0.183091,38440,1785777,0.226117,47277,3231752,0.409208,7897587
2,2021-04-06,99654,4888966,48342,2411859,37342,2318292,13970,158815,48478,1458317,0.184653,50984,1836761,0.232572,63326,3295078,0.417226,7897587
2,2021-04-07,104797,4993763,51963,2463822,37953,2356245,14881,173696,50746,1471122,0.186275,53899,1890660,0.239397,66704,3361782,0.425672,7897587
2,2021-04-08,112491,5106254,54096,2517918,41102,2397347,17293,190989,52824,1482719,0.187743,59444,1950104,0.246924,71041,3432823,0.434667,7897587
2,2021-04-09,101711,5207965,47852,2565770,38636,2435983,15223,206212,48396,1494602,0.189248,53096,2003200,0.253647,64979,3497802,0.442895,7897587
2,2021-04-10,74812,5282777,33048,2598818,26365,2462348,15399,221611,31113,1498709,0.189768,43568,2046768,0.259164,47675,3545477,0.448932,7897587
2,2021-04-11,41705,5324482,21640,2620458,12391,2474739,7674,229285,17588,1500803,0.190033,24041,2070809,0.262208,26135,3571612,0.452241,7897587
2,2021-04-12,62883,5387365,26648,2647106,29046,2503785,7189,236474,29544,1505206,0.190591,33149,2103958,0.266405,37552,3609164,0.456996,7897587
2,2021-04-13,80195,5467560,37867,2684973,42125,2545910,203,236677,42209,1511131,0.191341,37824,2141782,0.271194,43749,3652913,0.462535,7897587
2,2021-04-14,53365,5520925,25498,2710471,27843,2573753,24,236701,26304,1511444,0.19138,26965,2168747,0.274609,27278,3680191,0.465989,7897587
3,2020-12-15,299,299,299,299,0,0,0,0,299,299,3.9e-05,0,0,0.0,299,299,3.9e-05,7688185
3,2020-12-16,2103,2402,2103,2402,0,0,0,0,2103,2402,0.000312,0,0,0.0,2103,2402,0.000312,7688185
3,2020-12-17,7472,9874,7472,9874,0,0,0,0,7472,9874,0.001284,0,0,0.0,7472,9874,0.001284,7688185
3,2020-12-18,12652,22526,12642,22516,10,10,0,0,12650,22524,0.00293,0,0,0.0,12650,22524,0.00293,7688185
3,2020-12-19,6935,29461,6924,29440,11,21,0,0,6999,29523,0.00384,0,0,0.0,6999,29523,0.00384,7688185
3,2020-12-20,5430,34891,5423,34863,7,28,0,0,5478,35000,0.004552,1,1,0.0,5478,35001,0.004553,7688185
3,2020-12-21,14019,48910,14008,48871,11,39,0,0,14084,49083,0.006384,1,2,0.0,14084,49085,0.006384,7688185
3,2020-12-22,14205,63115,13674,62545,531,570,0,0,14243,63326,0.008237,0,2,0.0,14243,63328,0.008237,7688185
3,2020-12-23,14346,77461,11793,74338,2553,3123,0,0,14375,77701,0.010107,0,2,0.0,14375,77703,0.010107,7688185
3,2020-12-24,6717,84178,4817,79155,1900,5023,0,0,6715,84415,0.01098,1,3,0.0,6715,84418,0.01098,7688185
3,2020-12-25,717,84895,663,79818,54,5077,0,0,716,85131,0.011073,0,3,0.0,716,85134,0.011073,7688185
3,2020-12-26,4568,89463,2981,82799,1587,6664,0,0,4566,89697,0.011667,0,3,0.0,4566,89700,0.011667,7688185
3,2020-12-27,2945,92408,1829,84628,1116,7780,0,0,2946,92643,0.01205,0,3,0.0,2946,92646,0.01205,7688185
3,2020-12-28,13238,105646,8470,93098,4768,12548,0,0,13265,105907,0.013775,1,4,1e-06,13265,105911,0.013776,7688185
3,2020-12-29,14720,120366,8297,101395,6423,18971,0,0,14752,120658,0.015694,1,5,1e-06,14752,120663,0.015695,7688185
3,2020-12-30,17704,138070,9919,111314,7785,26756,0,0,17693,138351,0.017995,0,5,1e-06,17693,138356,0.017996,7688185
3,2020-12-31,8006,146076,3012,114326,4994,31750,0,0,8004,146353,0.019036,2,7,1e-06,8004,146360,0.019037,7688185
3,2021-01-01,1099,147175,490,114816,609,32359,0,0,1096,147449,0.019179,0,7,1e-06,1096,147456,0.01918,7688185
3,2021-01-02,4896,152071,2409,117225,2487,34846,0,0,4897,152346,0.019816,0,7,1e-06,4897,152353,0.019817,7688185
3,2021-01-03,1550,153621,838,118063,712,35558,0,0,1557,153899,0.020018,4,11,1e-06,1557,153910,0.020019,7688185
3,2021-01-04,11726,165347,5902,123965,5824,41382,0,0,11701,165594,0.021539,6,17,2e-06,11701,165611,0.021541,7688185
3,2021-01-05,15284,180631,7879,131844,7405,48787,0,0,13762,177859,0.023134,1501,1518,0.000197,13766,179377,0.023332,7688185
3,2021-01-06,19636,200267,10246,142090,9390,58177,0,0,15511,189291,0.024621,4084,5602,0.000729,15516,194893,0.02535,7688185
3,2021-01-07,25449,225716,14520,156610,10929,69106,0,0,16564,197008,0.025625,8860,14462,0.001881,16577,211470,0.027506,7688185
3,2021-01-08,29546,255262,18111,174721,11435,80541,0,0,17601,202706,0.026366,11922,26384,0.003432,17620,229090,0.029798,7688185
3,2021-01-09,11895,267157,6685,181406,5210,85751,0,0,7665,206153,0.026814,4223,30607,0.003981,7670,236760,0.030795,7688185
3,2021-01-10,7113,274270,4441,185847,2672,88423,0,0,3988,207022,0.026927,3123,33730,0.004387,3992,240752,0.031315,7688185
3,2021-01-11,28110,302380,18331,204178,9779,98202,0,0,15953,210839,0.027424,12150,45880,0.005968,15967,256719,0.033391,7688185
3,2021-01-12,31307,333687,18644,222822,12663,110865,0,0,19214,218041,0.028361,12076,57956,0.007538,19278,275997,0.035899,7688185
3,2021-01-13,33785,367472,17736,240558,16049,126914,0,0,23923,232038,0.030181,9942,67898,0.008831,23939,299936,0.039013,7688185
3,2021-01-14,33735,401207,13938,254496,19797,146711,0,0,27994,254326,0.03308,5733,73631,0.009577,28021,327957,0.042657,7688185
3,2021-01-15,37921,439128,14212,268708,23709,170420,0,0,33408,283279,0.036846,4506,78137,0.010163,33459,361416,0.047009,7688185
3,2021-01-16,21340,460468,7575,276283,13765,184185,0,0,19046,300065,0.039029,2280,80417,0.01046,19066,380482,0.049489,7688185
3,2021-01-17,12597,473065,4452,280735,8145,192330,0,0,11583,310651,0.040406,1014,81431,0.010592,11600,392082,0.050998,7688185
3,2021-01-18,24361,497426,12659,293394,11702,204032,0,0,18949,324202,0.042169,5432,86863,0.011298,18983,411065,0.053467,7688185
3,2021-01-19,39800,537226,20524,313918,19276,223308,0,0,30946,346396,0.045056,8831,95694,0.012447,31025,442090,0.057503,7688185
3,2021-01-20,43824,581050,21568,335486,22256,245564,0,0,34738,372150,0.048405,9051,104745,0.013624,34805,476895,0.06203,7688185
3,2021-01-21,45968,627018,19699,355185,26269,271833,0,0,40782,407865,0.053051,5119,109864,0.01429,40834,517729,0.067341,7688185
3,2021-01-22,48208,675226,19221,374406,28987,300820,0,0,44171,448048,0.058277,4053,113917,0.014817,44236,561965,0.073095,7688185
3,2021-01-23,29582,704808,12618,387024,16964,317784,0,0,26308,471131,0.06128,3263,117180,0.015242,26346,588311,0.076521,7688185
3,2021-01-24,17247,722055,8409,395433,8838,326622,0,0,16114,486138,0.063232,1130,118310,0.015389,16137,604448,0.07862,7688185
3,2021-01-25,39483,761538,17599,413032,21884,348506,0,0,29849,506445,0.065873,9621,127931,0.01664,29928,634376,0.082513,7688185
3,2021-01-26,45663,807201,21838,434870,23825,372331,0,0,35923,532740,0.069293,9737,137668,0.017906,36032,670408,0.0872,7688185
3,2021-01-27,49335,856536,23967,458837,25368,397699,0,0,39126,561811,0.073075,10127,147795,0.019224,39198,709606,0.092298,7688185
3,2021-01-28,50098,906634,23382,482219,26716,424415,0,0,41568,594964,0.077387,8454,156249,0.020323,41607,751213,0.09771,7688185
3,2021-01-29,49153,955787,23732,505951,25421,449836,0,0,39927,625845,0.081403,9089,165338,0.021505,39970,791183,0.102909,7688185
3,2021-01-30,35675,991462,17118,523069,18557,468393,0,0,31439,652934,0.084927,4421,169759,0.022081,31510,822693,0.107007,7688185
3,2021-01-31,21715,1013177,12750,535819,8965,477358,0,0,20273,671785,0.087379,1435,171194,0.022267,20286,842979,0.109646,7688185
3,2021-02-01,44068,1057245,19924,555743,24144,501502,0,0,34141,696071,0.090538,9891,181085,0.023554,34177,877156,0.114091,7688185
3,2021-02-02,52732,1109977,22301,578044,30431,531933,0,0,40359,724108,0.094185,12368,193453,0.025162,40405,917561,0.119347,7688185
3,2021-02-03,58758,1168735,26287,604331,32471,564404,0,0,43878,753288,0.09798,14760,208213,0.027082,43940,961501,0.125062,7688185
3,2021-02-04,62704,1231439,27443,631774,35261,599665,0,0,46177,783042,0.10185,16520,224733,0.029231,46274,1007775,0.131081,7688185
3,2021-02-05,68667,1300106,29297,661071,39370,639035,0,0,47743,810057,0.105364,20893,245626,0.031949,47908,1055683,0.137312,7688185
3,2021-02-06,43034,1343140,20935,682006,22099,661134,0,0,33390,834017,0.10848,9618,255244,0.0332,33578,1089261,0.14168,7688185
3,2021-02-07,19245,1362385,12146,694152,7099,668233,0,0,14807,844523,0.109847,4426,259670,0.033775,14932,1104193,0.143622,7688185
3,2021-02-08,49977,1412362,23955,718107,26022,694255,0,0,32979,860596,0.111937,17093,276763,0.035998,33166,1137359,0.147936,7688185
3,2021-02-09,56851,1469213,27762,745869,29089,723344,0,0,33334,870763,0.11326,23509,300272,0.039056,33676,1171035,0.152316,7688185
3,2021-02-10,65578,1534791,30845,776714,34733,758077,0,0,35510,876811,0.114047,29979,330251,0.042956,36027,1207062,0.157002,7688185
3,2021-02-11,67996,1602787,33476,810190,34520,792597,0,0,36724,882968,0.114847,31096,361347,0.047,37253,1244315,0.161848,7688185
3,2021-02-12,73042,1675829,31641,841831,41401,833998,0,0,40740,892196,0.116048,32262,393609,0.051197,41490,1285805,0.167244,7688185
3,2021-02-13,43609,1719438,20033,861864,23576,857574,0,0,25335,899980,0.11706,18139,411748,0.053556,25923,1311728,0.170616,7688185
3,2021-02-14,26445,1745883,13410,875274,13035,870609,0,0,15027,904092,0.117595,11376,423124,0.055036,15488,1327216,0.172631,7688185
3,2021-02-15,39135,1785018,16853,892127,22282,892891,0,0,21802,909575,0.118308,17275,440399,0.057283,22758,1349974,0.175591,7688185
3,2021-02-16,67636,1852654,32308,924435,35328,928219,0,0,35571,914132,0.118901,32064,472463,0.061453,36621,1386595,0.180354,7688185
3,2021-02-17,69162,1921816,35215,959650,33947,962166,0,0,33145,912495,0.118688,35883,508346,0.06612,34246,1420841,0.184808,7688185
3,2021-02-18,73737,1995553,38726,998376,35011,997177,0,0,34455,909110,0.118248,39214,547560,0.071221,35829,1456670,0.189469,7688185
3,2021-02-19,65675,2061228,37977,1036353,27698,1024875,0,0,33651,911342,0.118538,32113,579673,0.075398,34345,1491015,0.193936,7688185
3,2021-02-20,40368,2101596,25634,1061987,14734,1039609,0,0,21586,914711,0.118976,18709,598382,0.077831,22078,1513093,0.196808,7688185
3,2021-02-21,18886,2120482,15484,1077471,3402,1043011,0,0,8907,914137,0.118902,9921,608303,0.079122,9347,1522440,0.198023,7688185
3,2021-02-22,43306,2163788,28099,1105570,15207,1058218,0,0,20252,911935,0.118615,23015,631318,0.082115,20813,1543253,0.20073,7688185
3,2021-02-23,57437,2221225,31316,1136886,26121,1084339,0,0,25149,906890,0.117959,32237,663555,0.086308,27192,1570445,0.204267,7688185
3,2021-02-24,73333,2294558,35593,1172479,37740,1122079,0,0,32360,900914,0.117182,40895,704450,0.091628,34919,1605364,0.208809,7688185
3,2021-02-25,81309,2375867,39141,1211620,42168,1164247,0,0,40536,903480,0.117515,40602,745052,0.096909,43168,1648532,0.214424,7688185
3,2021-02-26,92898,2468765,42264,1253884,50634,1214881,0,0,49278,911594,0.118571,43351,788403,0.102547,51465,1699997,0.221118,7688185
3,2021-02-27,64932,2533697,29450,1283334,35479,1250360,3,3,34615,917326,0.119316,30198,818601,0.106475,35930,1735927,0.225792,7688185
3,2021-02-28,36531,2570228,21435,1304769,15096,1265456,0,3,18949,919806,0.119639,17474,836075,0.108748,19954,1755881,0.228387,7688185
3,2021-03-01,63532,2633760,33725,1338494,29805,1295261,2,5,35523,928854,0.120816,27892,863967,0.112376,36940,1792821,0.233192,7688185
3,2021-03-02,70427,2704187,33919,1372413,36507,1331768,1,6,41346,943348,0.122701,28969,892936,0.116144,43463,1836284,0.238845,7688185
3,2021-03-03,83767,2787954,39505,1411918,44251,1376019,11,17,46127,954327,0.124129,37496,930432,0.121021,48475,1884759,0.24515,7688185
3,2021-03-04,86906,2874860,42659,1454577,44232,1420251,15,32,49579,969080,0.126048,37172,967604,0.125856,51925,1936684,0.251904,7688185
3,2021-03-05,84490,2959350,41165,1495742,43041,1463292,284,316,51717,990780,0.12887,32598,1000202,0.130096,54298,1990982,0.258966,7688185
3,2021-03-06,61366,3020716,30697,1526439,28551,1491843,2118,2434,35072,1003332,0.130503,26198,1026400,0.133504,38750,2029732,0.264007,7688185
3,2021-03-07,36200,3056916,21310,1547749,13802,1505645,1088,3522,20822,1011613,0.13158,15339,1041739,0.135499,23620,2053352,0.267079,7688185
3,2021-03-08,56074,3112990,26727,1574476,26559,1532204,2788,6310,35466,1030944,0.134095,20514,1062253,0.138167,39845,2093197,0.272262,7688185
3,2021-03-09,67444,3180434,28710,1603186,34446,1566650,4288,10598,35093,1039900,0.135259,32277,1094530,0.142365,41233,2134430,0.277625,7688185
3,2021-03-10,77147,3257581,37885,1641071,33474,1600124,5788,16386,40322,1051352,0.136749,36704,1131234,0.147139,48156,2182586,0.283888,7688185
3,2021-03-11,91449,3349030,44857,1685928,38524,1638648,8068,24454,44960,1059680,0.137832,46313,1177547,0.153163,54641,2237227,0.290995,7688185
3,2021-03-12,97348,3446378,43190,1729118,42643,1681291,11515,35969,44426,1063999,0.138394,52779,1230326,0.160028,57098,2294325,0.298422,7688185
3,2021-03-13,66727,3513105,28121,1757239,31538,1712829,7068,43037,35222,1076253,0.139988,31433,1261759,0.164117,43687,2338012,0.304105,7688185
3,2021-03-14,39617,3552722,20885,1778124,15306,1728135,3426,46463,21615,1084081,0.141006,17953,1279712,0.166452,25781,2363793,0.307458,7688185
3,2021-03-15,72719,3625441,34142,1812266,34216,1762351,4361,50824,38862,1094945,0.142419,33738,1313450,0.17084,44602,2408395,0.313259,7688185
3,2021-03-16,90980,3716421,41682,1853948,45238,1807589,4060,54884,52096,1113828,0.144875,38740,1352190,0.175879,57623,2466018,0.320754,7688185
3,2021-03-17,93698,3810119,45038,1898986,44380,1851969,4280,59164,57918,1141236,0.14844,35626,1387816,0.180513,63034,2529052,0.328953,7688185
3,2021-03-18,97392,3907511,49063,1948049,44136,1896105,4193,63357,57275,1164217,0.151429,39944,1427760,0.185708,62925,2591977,0.337138,7688185
3,2021-03-19,97710,4005221,51760,1999809,41771,1937876,4179,67536,55756,1183070,0.153882,41787,1469547,0.191144,60640,2652617,0.345025,7688185
3,2021-03-20,69275,4074496,35615,2035424,30182,1968058,3478,71014,43908,1205943,0.156857,25225,1494772,0.194425,48098,2700715,0.351281,7688185
3,2021-03-21,34660,4109156,23624,2059048,9619,1977677,1417,72431,22661,1219229,0.158585,11927,1506699,0.195976,25213,2725928,0.354561,7688185
3,2021-03-22,67515,4176671,39479,2098527,25798,2003475,2238,74669,44545,1244667,0.161893,22828,1529527,0.198945,48266,2774194,0.360839,7688185
3,2021-03-23,86130,4262801,47442,2145969,36346,2039821,2342,77011,56351,1275161,0.16586,29609,1559136,0.202796,60103,2834297,0.368656,7688185
3,2021-03-24,95072,4357873,54959,2200928,37614,2077435,2499,79510,56441,1297111,0.168715,38384,1597520,0.207789,60334,2894631,0.376504,7688185
3,2021-03-25,102392,4460265,56845,2257773,42770,2120205,2777,82287,59456,1317875,0.171416,42697,1640217,0.213343,63461,2958092,0.384758,7688185
3,2021-03-26,106029,4566294,57120,2314893,45748,2165953,3161,85448,56967,1330639,0.173076,48836,1689053,0.219695,61600,3019692,0.39277,7688185
3,2021-03-27,71822,4638116,36188,2351081,33121,2199074,2513,87961,36314,1334797,0.173617,35356,1724409,0.224293,39514,3059206,0.39791,7688185
3,2021-03-28,42546,4680662,26738,2377819,15017,2214091,791,88752,22779,1339178,0.174186,19689,1744098,0.226854,24070,3083276,0.401041,7688185
3,2021-03-29,77642,4758304,40699,2418518,35252,2249343,1691,90443,44620,1354050,0.176121,32855,1776953,0.231128,47727,3131003,0.407249,7688185
3,2021-03-30,96933,4855237,47718,2466236,45906,2295249,3309,93752,59706,1380996,0.179626,37053,1814006,0.235947,63999,3195002,0.415573,7688185
3,2021-03-31,101737,4956974,54783,2521019,42257,2337506,4697,98449,57478,1399417,0.182022,44108,1858114,0.241684,62529,3257531,0.423706,7688185
3,2021-04-01,117657,5074631,59473,2580492,48957,2386463,9227,107676,65409,1422813,0.185065,52074,1910188,0.248458,75470,3333001,0.433522,7688185
3,2021-04-02,112516,5187147,55073,2635565,47846,2434309,9597,117273,61136,1442916,0.18768,51187,1961375,0.255115,71290,3404291,0.442795,7688185
3,2021-04-03,73330,5260477,37201,2672766,27320,2461629,8809,126082,37375,1453728,0.189086,35825,1997200,0.259775,46637,3450928,0.448861,7688185
3,2021-04-04,31244,5291721,16768,2689534,10597,2472226,3879,129961,13922,1454325,0.189164,17270,2014470,0.262022,17867,3468795,0.451185,7688185
3,2021-04-05,86091,5377812,43869,2733403,33514,2505740,8708,138669,43395,1464758,0.190521,42570,2057040,0.267559,53003,3521798,0.458079,7688185
3,2021-04-06,108258,5486070,53205,2786608,40590,2546330,14463,153132,52415,1476985,0.192111,55652,2112692,0.274797,67879,3589677,0.466908,7688185
3,2021-04-07,109710,5595780,57059,2843667,37924,2584254,14727,167859,54273,1491386,0.193984,55247,2167939,0.281983,69648,3659325,0.475967,7688185
3,2021-04-08,112834,5708614,57060,2900727,37381,2621635,18393,186252,53588,1505330,0.195798,59036,2226975,0.289662,72980,3732305,0.48546,7688185
3,2021-04-09,100176,5808790,49568,2950295,34624,2656259,15984,202236,45204,1512852,0.196776,54804,2281779,0.29679,62326,3794631,0.493567,7688185
3,2021-04-10,71700,5880490,32602,2982897,25930,2682189,13168,215404,29167,1513902,0.196913,42397,2324176,0.302305,43447,3838078,0.499218,7688185
3,2021-04-11,41596,5922086,22212,3005109,12227,2694416,7157,222561,15950,1512259,0.196699,25585,2349761,0.305633,23942,3862020,0.502332,7688185
3,2021-04-12,65496,5987582,30300,3035409,28247,2722663,6949,229510,30607,1515997,0.197185,34749,2384510,0.310153,38487,3900507,0.507338,7688185
3,2021-04-13,81517,6069099,41157,3076566,40200,2762863,160,229670,42242,1520350,0.197751,39124,2423634,0.315241,43477,3943984,0.512993,7688185
3,2021-04-14,50947,6120046,25328,3101894,25570,2788433,49,229719,25058,1520404,0.197759,25782,2449416,0.318595,25836,3969820,0.516353,7688185
4,2020-12-15,445,445,445,445,0,0,0,0,445,445,5.9e-05,0,0,0.0,445,445,5.9e-05,7584050
4,2020-12-16,2916,3361,2916,3361,0,0,0,0,2916,3361,0.000443,0,0,0.0,2916,3361,0.000443,7584050
4,2020-12-17,8429,11790,8429,11790,0,0,0,0,8429,11790,0.001555,0,0,0.0,8429,11790,0.001555,7584050
4,2020-12-18,15247,27037,15238,27028,9,9,0,0,15246,27035,0.003565,1,1,0.0,15246,27036,0.003565,7584050
4,2020-12-19,10166,37203,10160,37188,6,15,0,0,10101,37136,0.004897,0,1,0.0,10101,37137,0.004897,7584050
4,2020-12-20,7337,44540,7325,44513,12,27,0,0,7290,44426,0.005858,0,1,0.0,7290,44427,0.005858,7584050
4,2020-12-21,16141,60681,16121,60634,20,47,0,0,16074,60500,0.007977,0,1,0.0,16074,60501,0.007977,7584050
4,2020-12-22,16942,77623,16234,76868,708,755,0,0,16900,77400,0.010206,0,1,0.0,16900,77401,0.010206,7584050
4,2020-12-23,16744,94367,14084,90952,2660,3415,0,0,16714,94114,0.012409,0,1,0.0,16714,94115,0.01241,7584050
4,2020-12-24,8485,102852,5919,96871,2566,5981,0,0,8485,102599,0.013528,0,1,0.0,8485,102600,0.013528,7584050
4,2020-12-25,896,103748,791,97662,105,6086,0,0,895,103493,0.013646,1,2,0.0,895,103495,0.013646,7584050
4,2020-12-26,6155,109903,3860,101522,2295,8381,0,0,6154,109647,0.014458,0,2,0.0,6154,109649,0.014458,7584050
4,2020-12-27,3408,113311,1991,103513,1417,9798,0,0,3408,113055,0.014907,0,2,0.0,3408,113057,0.014907,7584050
4,2020-12-28,14856,128167,9192,112705,5664,15462,0,0,14827,127881,0.016862,1,3,0.0,14827,127884,0.016862,7584050
4,2020-12-29,15138,143305,8384,121089,6754,22216,0,0,15103,142984,0.018853,0,3,0.0,15103,142987,0.018854,7584050
4,2020-12-30,18753,162058,11016,132105,7737,29953,0,0,18742,161724,0.021324,2,5,1e-06,18742,161729,0.021325,7584050
4,2020-12-31,8130,170188,3302,135407,4828,34781,0,0,8125,169847,0.022395,2,7,1e-06,8125,169854,0.022396,7584050
4,2021-01-01,1111,171299,461,135868,650,35431,0,0,1111,170958,0.022542,0,7,1e-06,1111,170965,0.022543,7584050
4,2021-01-02,5616,176915,3178,139046,2438,37869,0,0,5615,176572,0.023282,1,8,1e-06,5615,176580,0.023283,7584050
4,2021-01-03,2099,179014,1247,140293,852,38721,0,0,2085,178653,0.023556,4,12,2e-06,2085,178665,0.023558,7584050
4,2021-01-04,12867,191881,7017,147310,5850,44571,0,0,12819,191441,0.025243,31,43,6e-06,12819,191484,0.025248,7584050
4,2021-01-05,16559,208440,9796,157106,6763,51334,0,0,14569,204053,0.026906,1966,2009,0.000265,14578,206062,0.02717,7584050
4,2021-01-06,21291,229731,13065,170171,8226,59560,0,0,15511,213850,0.028197,5725,7734,0.00102,15522,221584,0.029217,7584050
4,2021-01-07,27476,257207,16740,186911,10736,70296,0,0,16913,220167,0.02903,10609,18343,0.002419,16926,238510,0.031449,7584050
4,2021-01-08,32401,289608,20792,207703,11609,81905,0,0,18375,224595,0.029614,13961,32304,0.004259,18389,256899,0.033874,7584050
4,2021-01-09,15939,305547,9404,217107,6535,88440,0,0,9346,227379,0.029981,6572,38876,0.005126,9356,266255,0.035107,7584050
4,2021-01-10,8666,314213,5601,222708,3065,91505,0,0,4077,226895,0.029917,4567,43443,0.005728,4083,270338,0.035646,7584050
4,2021-01-11,32995,347208,21565,244273,11430,102935,0,0,18636,231231,0.030489,14319,57762,0.007616,18655,288993,0.038105,7584050
4,2021-01-12,37689,384897,21565,265838,16124,119059,0,0,23830,241236,0.031808,13861,71623,0.009444,23866,312859,0.041252,7584050
4,2021-01-13,38120,423017,18749,284587,19371,138430,0,0,27045,257280,0.033924,11022,82645,0.010897,27066,339925,0.044821,7584050
4,2021-01-14,38602,461619,14731,299318,23871,162301,0,0,31595,281939,0.037175,6964,89609,0.011815,31623,371548,0.048991,7584050
4,2021-01-15,44760,506379,15502,314820,29258,191559,0,0,39292,315840,0.041645,5413,95022,0.012529,39314,410862,0.054174,7584050
4,2021-01-16,28373,534752,9290,324110,19083,210642,0,0,25277,338072,0.044577,3059,98081,0.012933,25291,436153,0.057509,7584050
4,2021-01-17,18842,553594,6620,330730,12222,222864,0,0,17339,353947,0.04667,1478,99559,0.013127,17353,453506,0.059797,7584050
4,2021-01-18,29020,582614,13329,344059,15691,238555,0,0,23088,371229,0.048949,5836,105395,0.013897,23118,476624,0.062846,7584050
4,2021-01-19,45578,628192,23102,367161,22476,261031,0,0,36351,398480,0.052542,9171,114566,0.015106,36422,513046,0.067648,7584050
4,2021-01-20,50868,679060,26906,394067,23962,284993,0,0,40596,428944,0.056559,10180,124746,0.016448,40644,553690,0.073007,7584050
4,2021-01-21,55617,734677,24549,418616,31068,316061,0,0,49357,472135,0.062254,6199,130945,0.017266,49390,603080,0.07952,7584050
4,2021-01-22,54297,788974,21821,440437,32476,348537,0,0,49268,516505,0.068104,4927,135872,0.017915,49297,652377,0.08602,7584050
4,2021-01-23,39225,828199,17363,457800,21862,370399,0,0,34961,547239,0.072157,4255,140127,0.018477,34989,687366,0.090633,7584050
4,2021-01-24,23700,851899,10399,468199,13301,383700,0,0,21847,567253,0.074796,1847,141974,0.01872,21861,709227,0.093516,7584050
4,2021-01-25,47116,899015,21750,489949,25366,409066,0,0,36223,592661,0.078146,10868,152842,0.020153,36276,745503,0.098299,7584050
4,2021-01-26,55674,954689,28453,518402,27221,436287,0,0,43742,624606,0.082358,11876,164718,0.021719,43821,789324,0.104077,7584050
4,2021-01-27,54566,1009255,26423,544825,28143,464430,0,0,43757,657744,0.086727,10672,175390,0.023126,43810,833134,0.109853,7584050
4,2021-01-28,55696,1064951,25279,570104,30417,494847,0,0,45893,693962,0.091503,9715,185105,0.024407,45933,879067,0.11591,7584050
4,2021-01-29,55545,1120496,26703,596807,28842,523689,0,0,45390,729358,0.09617,10016,195121,0.025728,45412,924479,0.121898,7584050
4,2021-01-30,37223,1157719,16952,613759,20271,543960,0,0,32027,756259,0.099717,5148,200269,0.026407,32049,956528,0.126124,7584050
4,2021-01-31,23687,1181406,12445,626204,11242,555202,0,0,22117,776829,0.102429,1556,201825,0.026612,22126,978654,0.129041,7584050
4,2021-02-01,47783,1229189,22594,648798,25189,580391,0,0,37603,804311,0.106053,10160,211985,0.027951,37642,1016296,0.134004,7584050
4,2021-02-02,55403,1284592,26327,675125,29076,609467,0,0,41795,832666,0.109792,13478,225463,0.029729,41833,1058129,0.13952,7584050
4,2021-02-03,61346,1345938,30190,705315,31156,640623,0,0,47315,866110,0.114202,13925,239388,0.031565,47369,1105498,0.145766,7584050
4,2021-02-04,66679,1412617,31154,736469,35525,676148,0,0,50199,900083,0.118681,16326,255714,0.033717,50299,1155797,0.152398,7584050
4,2021-02-05,71985,1484602,33393,769862,38592,714740,0,0,50308,929089,0.122506,21437,277151,0.036544,50443,1206240,0.15905,7584050
4,2021-02-06,47822,1532424,25886,795748,21936,736676,0,0,36463,954426,0.125846,11333,288484,0.038038,36670,1242910,0.163885,7584050
4,2021-02-07,26162,1558586,17248,812996,8914,745590,0,0,19837,968207,0.127664,6289,294773,0.038867,20070,1262980,0.166531,7584050
4,2021-02-08,57540,1616126,29551,842547,27989,773579,0,0,37415,985880,0.129994,20001,314774,0.041505,37674,1300654,0.171499,7584050
4,2021-02-09,66224,1682350,33839,876386,32385,805964,0,0,38854,997816,0.131568,27314,342088,0.045106,39250,1339904,0.176674,7584050
4,2021-02-10,76304,1758654,38238,914624,38066,844030,0,0,40767,1003794,0.132356,35317,377405,0.049763,41295,1381199,0.182119,7584050
4,2021-02-11,79647,1838301,41533,956157,38114,882144,0,0,41359,1007721,0.132874,38091,415496,0.054786,42018,1423217,0.187659,7584050
4,2021-02-12,83099,1921400,37236,993393,45863,928007,0,0,42993,1011533,0.133376,39957,455453,0.060054,43769,1466986,0.19343,7584050
4,2021-02-13,57969,1979369,29420,1022813,28549,956556,0,0,29683,1013882,0.133686,28224,483677,0.063776,30573,1497559,0.197462,7584050
4,2021-02-14,36396,2015765,18931,1041744,17465,974021,0,0,18804,1015760,0.133934,17599,501276,0.066096,19477,1517036,0.20003,7584050
4,2021-02-15,45468,2061233,21290,1063034,24178,998199,0,0,23535,1018623,0.134311,21874,523150,0.06898,24737,1541773,0.203292,7584050
4,2021-02-16,78658,2139891,36054,1099088,42604,1040803,0,0,40374,1022062,0.134765,38210,561360,0.074018,41649,1583422,0.208783,7584050
4,2021-02-17,79653,2219544,37608,1136696,42045,1082848,0,0,38315,1020344,0.134538,41203,602563,0.079451,39485,1622907,0.213989,7584050
4,2021-02-18,81694,2301238,45148,1181844,36546,1119394,0,0,38089,1016458,0.134026,43471,646034,0.085183,39585,1662492,0.219209,7584050
4,2021-02-19,80234,2381472,50551,1232395,29683,1149077,0,0,40558,1018167,0.134251,39550,685584,0.090398,41259,1703751,0.224649,7584050
4,2021-02-20,47425,2428897,31933,1264328,15492,1164569,0,0,26312,1024002,0.13502,21171,706755,0.09319,27006,1730757,0.22821,7584050
4,2021-02-21,25319,2454216,19828,1284156,5491,1170060,0,0,11652,1022227,0.134786,13759,720514,0.095004,11984,1742741,0.22979,7584050
4,2021-02-22,51599,2505815,35595,1319751,16004,1186064,0,0,25124,1021468,0.134686,26401,746915,0.098485,25642,1768383,0.233171,7584050
4,2021-02-23,71454,2577269,39580,1359331,31874,1217938,0,0,31457,1014767,0.133803,39897,786812,0.103746,33196,1801579,0.237548,7584050
4,2021-02-24,86517,2663786,45464,1404795,41053,1258991,0,0,39278,1009165,0.133064,47074,833886,0.109953,41472,1843051,0.243017,7584050
4,2021-02-25,96408,2760194,50167,1454962,46241,1305232,0,0,46228,1007935,0.132902,50046,883932,0.116551,48816,1891867,0.249453,7584050
4,2021-02-26,102741,2862935,51721,1506683,51020,1356252,0,0,53034,1013792,0.133674,49513,933445,0.12308,55370,1947237,0.256754,7584050
4,2021-02-27,74090,2937025,40138,1546821,33947,1390199,5,5,39666,1020575,0.134569,34373,967818,0.127612,41156,1988393,0.262181,7584050
4,2021-02-28,44516,2981541,27643,1574464,16872,1407071,1,6,24843,1026749,0.135383,19616,987434,0.130199,25790,2014183,0.265581,7584050
4,2021-03-01,73472,3055013,42863,1617327,30606,1437677,3,9,40709,1036108,0.136617,32606,1020040,0.134498,41965,2056148,0.271115,7584050
4,2021-03-02,76532,3131545,42843,1660170,33686,1471363,3,12,45867,1053276,0.13888,30544,1050584,0.138525,47712,2103860,0.277406,7584050
4,2021-03-03,95472,3227017,50379,1710549,45088,1516451,5,17,52599,1064995,0.140426,42711,1093295,0.144157,54430,2158290,0.284583,7584050
4,2021-03-04,93017,3320034,51741,1762290,41264,1557715,12,29,51327,1076614,0.141958,41531,1134826,0.149633,53150,2211440,0.291591,7584050
4,2021-03-05,90426,3410460,48389,1810679,41731,1599446,306,335,53607,1096008,0.144515,36673,1171499,0.154469,56067,2267507,0.298984,7584050
4,2021-03-06,72567,3483027,40768,1851447,29207,1628653,2592,2927,44350,1116277,0.147187,28135,1199634,0.158179,48404,2315911,0.305366,7584050
4,2021-03-07,41027,3524054,26102,1877549,13793,1642446,1132,4059,24306,1126932,0.148592,16665,1216299,0.160376,27320,2343231,0.308968,7584050
4,2021-03-08,64118,3588172,33225,1910774,27784,1670230,3109,7168,42213,1151783,0.151869,21818,1238117,0.163253,46669,2389900,0.315122,7584050
4,2021-03-09,72146,3660318,33350,1944124,33740,1703970,5056,12224,37278,1161010,0.153086,34742,1272859,0.167834,43969,2433869,0.320919,7584050
4,2021-03-10,86700,3747018,44115,1988239,35369,1739339,7216,19440,43395,1169916,0.15426,43195,1316054,0.173529,52101,2485970,0.327789,7584050
4,2021-03-11,98035,3845053,51612,2039851,38433,1777772,7990,27430,45343,1172334,0.154579,52515,1368569,0.180454,54933,2540903,0.335032,7584050
4,2021-03-12,101412,3946465,50011,2089862,41444,1819216,9957,37387,43369,1168775,0.15411,57858,1426427,0.188082,54299,2595202,0.342192,7584050
4,2021-03-13,78098,4024563,36434,2126296,33479,1852695,8185,45572,36523,1173192,0.154692,41468,1467895,0.19355,45885,2641087,0.348242,7584050
4,2021-03-14,48575,4073138,27810,2154106,17233,1869928,3532,49104,24865,1178596,0.155405,23652,1491547,0.196669,29056,2670143,0.352073,7584050
4,2021-03-15,82179,4155317,43873,2197979,34167,1904095,4139,53243,42464,1187457,0.156573,39572,1531119,0.201887,48433,2718576,0.35846,7584050
4,2021-03-16,104831,4260148,54435,2252414,47083,1951178,3313,56556,56170,1200109,0.158241,48488,1579607,0.20828,61140,2779716,0.366521,7584050
4,2021-03-17,103100,4363248,55472,2307886,44295,1995473,3333,59889,60529,1222260,0.161162,42391,1621998,0.21387,64542,2844258,0.375032,7584050
4,2021-03-18,102759,4466007,57073,2364959,42140,2037613,3546,63435,58781,1242552,0.163838,43784,1665782,0.219643,64076,2908334,0.38348,7584050
4,2021-03-19,106798,4572805,61082,2426041,40678,2078291,5038,68473,61580,1264702,0.166758,45024,1710806,0.225579,67174,2975508,0.392338,7584050
4,2021-03-20,81278,4654083,47515,2473556,30798,2109089,2965,71438,50625,1288307,0.169871,30495,1741301,0.2296,54100,3029608,0.399471,7584050
4,2021-03-21,46679,4700762,33752,2507308,10665,2119754,2262,73700,28351,1302252,0.171709,18219,1759520,0.232003,32164,3061772,0.403712,7584050
4,2021-03-22,79317,4780079,52166,2559474,24638,2144392,2513,76213,50593,1328375,0.175154,28575,1788095,0.23577,54698,3116470,0.410924,7584050
4,2021-03-23,101059,4881138,60254,2619728,38785,2183177,2020,78233,63441,1357972,0.179056,37408,1825503,0.240703,67005,3183475,0.419759,7584050
4,2021-03-24,109867,4991005,71088,2690816,36513,2219690,2266,80499,63211,1378577,0.181773,46352,1871855,0.246815,66957,3250432,0.428588,7584050
4,2021-03-25,112565,5103570,69051,2759867,41252,2260942,2262,82761,65448,1400793,0.184703,46757,1918612,0.25298,68973,3319405,0.437682,7584050
4,2021-03-26,115599,5219169,70135,2830002,42486,2303428,2978,85739,64777,1419445,0.187162,50580,1969192,0.259649,69232,3388637,0.446811,7584050
4,2021-03-27,88861,5308030,52536,2882538,34551,2337979,1774,87513,46322,1425662,0.187982,42368,2011560,0.265236,48585,3437222,0.453217,7584050
4,2021-03-28,54055,5362085,35506,2918044,17683,2355662,866,88379,30111,1433104,0.188963,23852,2035412,0.268381,31294,3468516,0.457344,7584050
4,2021-03-29,90816,5452901,54529,2972573,34316,2389978,1971,90350,50773,1447596,0.190874,39879,2075291,0.273639,54371,3522887,0.464513,7584050
4,2021-03-30,113731,5566632,61843,3034416,47873,2437851,4015,94365,73216,1485499,0.195871,40362,2115653,0.278961,78265,3601152,0.474832,7584050
4,2021-03-31,117732,5684364,69616,3104032,42011,2479862,6105,100470,69133,1512618,0.199447,48372,2164025,0.285339,75491,3676643,0.484786,7584050
4,2021-04-01,137452,5821816,78391,3182423,46352,2526214,12709,113179,82223,1553393,0.204824,55028,2219053,0.292595,95803,3772446,0.497418,7584050
4,2021-04-02,131752,5953568,70651,3253074,48377,2574591,12724,125903,77442,1589899,0.209637,54119,2273172,0.299731,90625,3863071,0.509368,7584050
4,2021-04-03,97818,6051386,52026,3305100,32908,2607499,12884,138787,52155,1609829,0.212265,45535,2318707,0.305735,65465,3928536,0.518,7584050
4,2021-04-04,45161,6096547,23848,3328948,14247,2621746,7066,145853,19829,1611525,0.212489,25275,2343982,0.309067,26971,3955507,0.521556,7584050
4,2021-04-05,105156,6201703,59539,3388487,33447,2655193,12170,158023,55483,1630334,0.214969,49557,2393539,0.315602,68366,4023873,0.53057,7584050
4,2021-04-06,134110,6335813,75242,3463729,39586,2694779,19282,177305,70139,1656964,0.21848,63807,2457346,0.324015,90437,4114310,0.542495,7584050
4,2021-04-07,131455,6467268,74229,3537958,37508,2732287,19718,197023,68206,1682484,0.221845,63069,2520415,0.332331,88589,4202899,0.554176,7584050
4,2021-04-08,132042,6599310,73515,3611473,34500,2766787,24027,221050,65800,1707134,0.225095,66039,2586454,0.341039,90689,4293588,0.566134,7584050
4,2021-04-09,118257,6717567,63764,3675237,34928,2801715,19565,240615,57195,1724296,0.227358,60897,2647351,0.349068,78059,4371647,0.576426,7584050
4,2021-04-10,88813,6806380,43459,3718696,28969,2830684,16385,257000,39215,1731733,0.228339,49478,2696829,0.355592,56915,4428562,0.583931,7584050
4,2021-04-11,57874,6864254,34769,3753465,12816,2843500,10289,267289,25414,1735916,0.22889,32402,2729231,0.359865,36585,4465147,0.588755,7584050
4,2021-04-12,81633,6945887,46237,3799702,27018,2870518,8378,275667,41853,1747425,0.230408,39576,2768807,0.365083,51085,4516232,0.595491,7584050
4,2021-04-13,108949,7054836,65840,3865542,42966,2913484,143,275810,65230,1770387,0.233436,43545,2812352,0.370825,66507,4582739,0.60426,7584050
4,2021-04-14,71109,7125945,41706,3907248,29378,2942862,25,275835,38747,1777892,0.234425,32255,2844607,0.375078,39760,4622499,0.609503,7584050
