vemquartile,administered_date,total_doses,cumulative_total_doses,pfizer_doses,cumulative_pfizer_doses,moderna_doses,cumulative_moderna_doses,jj_doses,cumulative_jj_doses,partially_vaccinated,total_partially_vaccinated,pct_age12pop_partially_vaccinated,fully_vaccinated,cumulative_fully_vaccinated,pct_age12pop_fully_vaccinated,at_least_one_dose,cumulative_at_least_one_dose,pct_age12pop_at_least_one_dose,age12_population
1,2020-12-15,150,150,150,150,0,0,0,0,150,150,1.7e-05,0,0,0.0,150,150,1.7e-05,8700223
1,2020-12-16,1181,1331,1181,1331,0,0,0,0,1181,1331,0.000153,0,0,0.0,1181,1331,0.000153,8700223
1,2020-12-17,4160,5491,4160,5491,0,0,0,0,4161,5492,0.000631,0,0,0.0,4161,5492,0.000631,8700223
1,2020-12-18,6323,11814,6303,11794,20,20,0,0,6325,11816,0.001358,1,1,0.0,6325,11817,0.001358,8700223
1,2020-12-19,2875,14689,2874,14668,1,21,0,0,2874,14689,0.001688,1,2,0.0,2874,14691,0.001689,8700223
1,2020-12-20,2133,16822,2125,16793,8,29,0,0,2134,16823,0.001934,0,2,0.0,2134,16825,0.001934,8700223
1,2020-12-21,7640,24462,7625,24418,15,44,0,0,7689,24512,0.002817,1,3,0.0,7690,24515,0.002818,8700223
1,2020-12-22,7288,31750,6944,31362,344,388,0,0,7289,31799,0.003655,2,5,1e-06,7289,31804,0.003656,8700223
1,2020-12-23,7837,39587,6580,37942,1257,1645,0,0,7832,39630,0.004555,2,7,1e-06,7833,39637,0.004556,8700223
1,2020-12-24,3301,42888,2366,40308,935,2580,0,0,3303,42933,0.004935,0,7,1e-06,3303,42940,0.004936,8700223
1,2020-12-25,236,43124,152,40460,84,2664,0,0,236,43169,0.004962,0,7,1e-06,236,43176,0.004963,8700223
1,2020-12-26,1361,44485,967,41427,394,3058,0,0,1360,44528,0.005118,1,8,1e-06,1360,44536,0.005119,8700223
1,2020-12-27,870,45355,534,41961,336,3394,0,0,870,45397,0.005218,1,9,1e-06,870,45406,0.005219,8700223
1,2020-12-28,7098,52453,4764,46725,2334,5728,0,0,7096,52493,0.006034,0,9,1e-06,7096,52502,0.006035,8700223
1,2020-12-29,8886,61339,4985,51710,3901,9629,0,0,8883,61374,0.007054,2,11,1e-06,8883,61385,0.007056,8700223
1,2020-12-30,11593,72932,6450,58160,5143,14772,0,0,11593,72967,0.008387,0,11,1e-06,11593,72978,0.008388,8700223
1,2020-12-31,5966,78898,1956,60116,4010,18782,0,0,5964,78929,0.009072,3,14,2e-06,5965,78943,0.009074,8700223
1,2021-01-01,580,79478,200,60316,380,19162,0,0,579,79507,0.009139,1,15,2e-06,579,79522,0.00914,8700223
1,2021-01-02,2907,82385,1761,62077,1146,20308,0,0,2909,82416,0.009473,0,15,2e-06,2909,82431,0.009475,8700223
1,2021-01-03,1018,83403,544,62621,474,20782,0,0,1017,83431,0.00959,2,17,2e-06,1017,83448,0.009591,8700223
1,2021-01-04,7342,90745,3581,66202,3761,24543,0,0,7346,90776,0.010434,1,18,2e-06,7346,90794,0.010436,8700223
1,2021-01-05,10819,101564,5219,71421,5600,30143,0,0,10060,100114,0.011507,744,762,8.8e-05,10082,100876,0.011595,8700223
1,2021-01-06,14024,115588,7047,78468,6977,37120,0,0,12123,110384,0.012687,1864,2626,0.000302,12134,113010,0.012989,8700223
1,2021-01-07,17477,133065,9128,87596,8349,45469,0,0,12988,118986,0.013676,4396,7022,0.000807,12998,126008,0.014483,8700223
1,2021-01-08,20161,153226,10458,98054,9703,55172,0,0,14243,127332,0.014635,5904,12926,0.001486,14250,140258,0.016121,8700223
1,2021-01-09,6695,159921,3390,101444,3305,58477,0,0,4844,130335,0.014981,1845,14771,0.001698,4848,145106,0.016678,8700223
1,2021-01-10,3085,163006,1760,103204,1325,59802,0,0,1893,131045,0.015062,1184,15955,0.001834,1894,147000,0.016896,8700223
1,2021-01-11,18068,181074,11840,115044,6228,66030,0,0,11528,136087,0.015642,6525,22480,0.002584,11567,158567,0.018226,8700223
1,2021-01-12,19096,200170,10907,125951,8189,74219,0,0,13128,143314,0.016472,5938,28418,0.003266,13165,171732,0.019739,8700223
1,2021-01-13,19860,220030,10744,136695,9116,83335,0,0,14707,152908,0.017575,5131,33549,0.003856,14725,186457,0.021431,8700223
1,2021-01-14,22091,242121,9523,146218,12568,95903,0,0,19331,169590,0.019493,2701,36250,0.004167,19383,205840,0.023659,8700223
1,2021-01-15,25185,267306,9247,155465,15938,111841,0,0,23238,190981,0.021951,1905,38155,0.004386,23296,229136,0.026337,8700223
1,2021-01-16,13916,281222,4561,160026,9355,121196,0,0,13051,203171,0.023352,864,39019,0.004485,13054,242190,0.027837,8700223
1,2021-01-17,5190,286412,2000,162026,3190,124386,0,0,4823,207633,0.023865,365,39384,0.004527,4827,247017,0.028392,8700223
1,2021-01-18,14314,300726,8586,170612,5728,130114,0,0,11126,215637,0.024785,3175,42559,0.004892,11179,258196,0.029677,8700223
1,2021-01-19,24681,325407,12771,183383,11910,142024,0,0,19533,230093,0.026447,5131,47690,0.005481,19587,277783,0.031928,8700223
1,2021-01-20,29475,354882,14749,198132,14726,156750,0,0,23557,247844,0.028487,5844,53534,0.006153,23595,301378,0.03464,8700223
1,2021-01-21,31230,386112,14581,212713,16649,173399,0,0,27960,272690,0.031343,3205,56739,0.006522,28051,329429,0.037864,8700223
1,2021-01-22,28359,414471,11220,223933,17139,190538,0,0,26309,297048,0.034143,1981,58720,0.006749,26339,355768,0.040892,8700223
1,2021-01-23,18788,433259,8203,232136,10585,201123,0,0,16829,311960,0.035857,1927,60647,0.006971,16839,372607,0.042827,8700223
1,2021-01-24,6671,439930,4157,236293,2514,203637,0,0,6015,317330,0.036474,651,61298,0.007046,6021,378628,0.043519,8700223
1,2021-01-25,25423,465353,10473,246766,14950,218587,0,0,19656,331364,0.038087,5723,67021,0.007703,19757,398385,0.04579,8700223
1,2021-01-26,28640,493993,13358,260124,15282,233869,0,0,21968,346745,0.039855,6607,73628,0.008463,21988,420373,0.048317,8700223
1,2021-01-27,32496,526489,15413,275537,17083,250952,0,0,24367,363085,0.041733,8059,81687,0.009389,24399,444772,0.051122,8700223
1,2021-01-28,34827,561316,16287,291824,18540,269492,0,0,27898,384191,0.044159,6855,88542,0.010177,27961,472733,0.054336,8700223
1,2021-01-29,33528,594844,16321,308145,17207,286699,0,0,26977,404799,0.046527,6406,94948,0.010913,27014,499747,0.057441,8700223
1,2021-01-30,20095,614939,8653,316798,11442,298141,0,0,17993,420727,0.048358,2075,97023,0.011152,18003,517750,0.05951,8700223
1,2021-01-31,7526,622465,4851,321649,2675,300816,0,0,6823,426852,0.049062,700,97723,0.011232,6825,524575,0.060294,8700223
1,2021-02-01,28926,651391,12492,334141,16434,317250,0,0,21162,440307,0.050609,7712,105435,0.012119,21167,545742,0.062727,8700223
1,2021-02-02,32484,683875,11634,345775,20850,338100,0,0,24301,456543,0.052475,8101,113536,0.01305,24337,570079,0.065525,8700223
1,2021-02-03,39632,723507,15185,360960,24447,362547,0,0,28582,474274,0.054513,10888,124424,0.014301,28619,598698,0.068814,8700223
1,2021-02-04,44151,767658,17233,378193,26918,389465,0,0,31951,494194,0.056802,12078,136502,0.015689,31998,630696,0.072492,8700223
1,2021-02-05,46981,814639,17414,395607,29567,419032,0,0,30802,509011,0.058506,16042,152544,0.017533,30859,661555,0.076039,8700223
1,2021-02-06,26517,841156,10487,406094,16030,435062,0,0,20613,523778,0.060203,5863,158407,0.018207,20630,682185,0.07841,8700223
1,2021-02-07,6236,847392,4000,410094,2236,437298,0,0,4631,526843,0.060555,1584,159991,0.018389,4649,686834,0.078944,8700223
1,2021-02-08,31328,878720,14178,424272,17150,454448,0,0,20848,537381,0.061766,10405,170396,0.019585,20943,707777,0.081352,8700223
1,2021-02-09,38393,917113,16764,441036,21629,476077,0,0,23666,546420,0.062805,14704,185100,0.021275,23743,731520,0.084081,8700223
1,2021-02-10,47098,964211,22043,463079,25055,501132,0,0,26738,552975,0.063559,20262,205362,0.023604,26817,758337,0.087163,8700223
1,2021-02-11,51675,1015886,25266,488345,26409,527541,0,0,30893,563512,0.06477,20460,225822,0.025956,30997,789334,0.090726,8700223
1,2021-02-12,50059,1065945,21441,509786,28618,556159,0,0,28774,571269,0.065661,21156,246978,0.028388,28913,818247,0.094049,8700223
1,2021-02-13,26336,1092281,11523,521309,14813,570972,0,0,15218,575513,0.066149,11049,258027,0.029658,15293,833540,0.095807,8700223
1,2021-02-14,11713,1103994,5536,526845,6177,577149,0,0,6670,577231,0.066347,5017,263044,0.030234,6735,840275,0.096581,8700223
1,2021-02-15,23768,1127762,9360,536205,14408,591557,0,0,14462,582617,0.066966,9193,272237,0.031291,14579,854854,0.098257,8700223
1,2021-02-16,46863,1174625,22321,558526,24542,616099,0,0,27521,590985,0.067928,19263,291500,0.033505,27631,882485,0.101432,8700223
1,2021-02-17,48234,1222859,24360,582886,23874,639973,0,0,26085,595208,0.068413,22010,313510,0.036035,26233,908718,0.104448,8700223
1,2021-02-18,51106,1273965,25386,608272,25720,665693,0,0,26565,597690,0.068698,24311,337821,0.038829,26793,935511,0.107527,8700223
1,2021-02-19,46425,1320390,25052,633324,21373,687066,0,0,26119,603698,0.069389,20174,357995,0.041148,26182,961693,0.110537,8700223
1,2021-02-20,27417,1347807,16673,649997,10744,697810,0,0,15706,607826,0.069863,11653,369648,0.042487,15781,977474,0.11235,8700223
1,2021-02-21,12163,1359970,10467,660464,1696,699506,0,0,7398,610565,0.070178,4709,374357,0.043028,7448,984922,0.113207,8700223
1,2021-02-22,31087,1391057,20399,680863,10688,710194,0,0,17937,615531,0.070749,13073,387430,0.044531,18039,1002961,0.11528,8700223
1,2021-02-23,44896,1435953,21703,702566,23193,733387,0,0,24785,620843,0.071359,19835,407265,0.046811,25147,1028108,0.11817,8700223
1,2021-02-24,54317,1490270,26227,728793,28090,761477,0,0,30187,627522,0.072127,23958,431223,0.049565,30637,1058745,0.121692,8700223
1,2021-02-25,65687,1555957,31938,760731,33749,795226,0,0,41115,644685,0.0741,24453,455676,0.052375,41616,1100361,0.126475,8700223
1,2021-02-26,73529,1629486,34502,795233,39027,834253,0,0,48398,668613,0.07685,24946,480622,0.055242,48874,1149235,0.132093,8700223
1,2021-02-27,50208,1679694,23207,818440,26992,861245,9,9,33420,685649,0.078808,16659,497281,0.057157,33695,1182930,0.135965,8700223
1,2021-02-28,19451,1699145,11508,829948,7941,869186,2,11,14324,695051,0.079889,5064,502345,0.057739,14466,1197396,0.137628,8700223
1,2021-03-01,44506,1743651,20404,850352,24062,893248,40,51,28733,708443,0.081428,15616,517961,0.059534,29008,1226404,0.140962,8700223
1,2021-03-02,62315,1805966,27132,877484,35175,928423,8,59,40260,727414,0.083609,21913,539874,0.062053,40884,1267288,0.145662,8700223
1,2021-03-03,70179,1876145,33570,911054,36587,965010,22,81,42981,743966,0.085511,27047,566921,0.065162,43599,1310887,0.150673,8700223
1,2021-03-04,78456,1954601,36989,948043,41431,1006441,36,117,50714,767659,0.088234,27567,594488,0.06833,51260,1362147,0.156565,8700223
1,2021-03-05,77551,2032152,35159,983202,42186,1048627,206,323,52020,795204,0.0914,25308,619796,0.071239,52853,1415000,0.16264,8700223
1,2021-03-06,57329,2089481,27392,1010594,28591,1077218,1346,1669,39023,817701,0.093986,18235,638031,0.073335,40732,1455732,0.167321,8700223
1,2021-03-07,20199,2109680,12865,1023459,6522,1083740,812,2481,15176,828952,0.095279,5000,643031,0.07391,16251,1471983,0.169189,8700223
1,2021-03-08,45738,2155418,22478,1045937,21388,1105128,1872,4353,32141,849800,0.097676,13501,656532,0.075462,34349,1506332,0.173137,8700223
1,2021-03-09,66576,2221994,32190,1078127,31910,1137038,2476,6829,41005,868175,0.099788,25449,681981,0.078387,43824,1550156,0.178174,8700223
1,2021-03-10,73454,2295448,36616,1114743,32378,1169416,4460,11289,45259,890165,0.102315,28099,710080,0.081616,50089,1600245,0.183931,8700223
1,2021-03-11,90057,2385505,41301,1156044,40754,1210170,8002,19291,52507,913804,0.105032,37334,747414,0.085907,60973,1661218,0.19094,8700223
1,2021-03-12,98843,2484348,43542,1199586,42876,1253046,12425,31716,57756,943566,0.108453,40887,788301,0.090607,70649,1731867,0.19906,8700223
1,2021-03-13,65282,2549630,29471,1229057,28043,1281089,7768,39484,41580,969672,0.111454,23574,811875,0.093317,49680,1781547,0.20477,8700223
1,2021-03-14,27846,2577476,14918,1243975,9355,1290444,3573,43057,15609,976879,0.112282,12169,824044,0.094715,19376,1800923,0.206997,8700223
1,2021-03-15,65274,2642750,28760,1272735,29775,1320219,6739,49796,38523,995961,0.114475,26545,850589,0.097766,45627,1846550,0.212242,8700223
1,2021-03-16,85740,2728490,39051,1311786,41038,1361257,5651,55447,53263,1022970,0.11758,32267,882856,0.101475,59276,1905826,0.219055,8700223
1,2021-03-17,92864,2821354,45272,1357058,41025,1402282,6567,62014,59856,1056948,0.121485,32811,915667,0.105246,66789,1972615,0.226732,8700223
1,2021-03-18,98746,2920100,50896,1407954,42108,1444390,5742,67756,60146,1085066,0.124717,38264,953931,0.109644,66382,2038997,0.234361,8700223
1,2021-03-19,103498,3023598,53612,1461566,43582,1487972,6304,74060,61034,1110724,0.127666,42194,996125,0.114494,67852,2106849,0.24216,8700223
1,2021-03-20,72392,3095990,37179,1498745,29946,1517918,5267,79327,46695,1137453,0.130738,25512,1021637,0.117427,52241,2159090,0.248165,8700223
1,2021-03-21,27180,3123170,18984,1517729,6381,1524299,1815,81142,17096,1146465,0.131774,9997,1031634,0.118576,19009,2178099,0.25035,8700223
1,2021-03-22,59212,3182382,30549,1548278,25389,1549688,3274,84416,40158,1171426,0.134643,18846,1050480,0.120742,43807,2221906,0.255385,8700223
1,2021-03-23,83001,3265383,42246,1590524,37136,1586824,3619,88035,51316,1195366,0.137395,31459,1081939,0.124358,55399,2277305,0.261752,8700223
1,2021-03-24,87845,3353228,44502,1635026,38981,1625805,4362,92397,52782,1217890,0.139984,34792,1116731,0.128357,57316,2334621,0.26834,8700223
1,2021-03-25,96669,3449897,49399,1684425,41442,1667247,5828,98225,54073,1235711,0.142032,42292,1159023,0.133218,60113,2394734,0.27525,8700223
1,2021-03-26,104411,3554308,51007,1735432,47066,1714313,6338,104563,56482,1251232,0.143816,47600,1206623,0.138689,63121,2457855,0.282505,8700223
1,2021-03-27,73903,3628211,38212,1773644,31498,1745811,4193,108756,38266,1258479,0.144649,35413,1242036,0.142759,42660,2500515,0.287408,8700223
1,2021-03-28,32585,3660796,21336,1794980,10036,1755847,1213,109969,16496,1260649,0.144898,15988,1258024,0.144597,18158,2518673,0.289495,8700223
1,2021-03-29,66998,3727794,33284,1828264,30548,1786395,3166,113135,37133,1271475,0.146143,29677,1287701,0.148008,40503,2559176,0.294151,8700223
1,2021-03-30,91798,3819592,45271,1873535,40156,1826551,6371,119506,47343,1281003,0.147238,44277,1331978,0.153097,53805,2612981,0.300335,8700223
1,2021-03-31,100561,3920153,52584,1926119,41836,1868387,6141,125647,55302,1297555,0.14914,44960,1376938,0.158265,61512,2674493,0.307405,8700223
1,2021-04-01,111632,4031785,53441,1979560,49401,1917788,8790,134437,57028,1309225,0.150482,54204,1431142,0.164495,65874,2740367,0.314977,8700223
1,2021-04-02,111120,4142905,50883,2030443,50551,1968339,9686,144123,56553,1321531,0.151896,54140,1485282,0.170718,66446,2806813,0.322614,8700223
1,2021-04-03,77975,4220880,39236,2069679,29105,1997444,9634,153757,36504,1326445,0.152461,41294,1526576,0.175464,46208,2853021,0.327925,8700223
1,2021-04-04,23712,4244592,11811,2081490,8439,2005883,3462,157219,9937,1326126,0.152424,13709,1540285,0.17704,13390,2866411,0.329464,8700223
1,2021-04-05,76257,4320849,36804,2118294,30219,2036102,9234,166453,34463,1328396,0.152685,41600,1581885,0.181821,43870,2910281,0.334506,8700223
1,2021-04-06,103583,4424432,49210,2167504,37765,2073867,16608,183061,46862,1335450,0.153496,56456,1638341,0.18831,63510,2973791,0.341806,8700223
1,2021-04-07,111650,4536082,54301,2221805,39833,2113700,17516,200577,50396,1342434,0.154299,60958,1699299,0.195317,67942,3041733,0.349616,8700223
1,2021-04-08,121986,4658068,57800,2279605,43260,2156960,20926,221503,53933,1349709,0.155135,67652,1766951,0.203093,74927,3116660,0.358228,8700223
1,2021-04-09,123322,4781390,56415,2336020,46158,2203118,20749,242252,54217,1355987,0.155857,68747,1835698,0.210994,75025,3191685,0.366851,8700223
1,2021-04-10,95484,4876874,42448,2378468,30349,2233467,22687,264939,37268,1357913,0.156078,58017,1893715,0.217663,59943,3251628,0.373741,8700223
1,2021-04-11,36288,4913162,20293,2398761,9366,2242833,6629,271568,14784,1357992,0.156087,21444,1915159,0.220128,21523,3273151,0.376215,8700223
1,2021-04-12,74189,4987351,33204,2431965,31010,2273843,9975,281543,31405,1357026,0.155976,42502,1957661,0.225013,41536,3314687,0.380989,8700223
1,2021-04-13,97090,5084441,52020,2483985,44731,2318574,339,281882,52457,1365814,0.156986,44351,2002012,0.23011,53139,3367826,0.387097,8700223
1,2021-04-14,104863,5189304,54336,2538321,50456,2369030,71,281953,53406,1368564,0.157302,51099,2053111,0.235984,53849,3421675,0.393286,8700223
1,2021-04-15,106099,5295403,57743,2596064,48265,2417295,91,282044,56761,1376818,0.158251,48767,2101878,0.241589,57021,3478696,0.39984,8700223
1,2021-04-16,110513,5405916,56780,2652844,53645,2470940,88,282132,55425,1377947,0.158381,54567,2156445,0.247861,55696,3534392,0.406242,8700223
1,2021-04-17,83380,5489296,45306,2698150,38062,2509002,12,282144,46821,1388607,0.159606,36337,2192782,0.252037,46997,3581389,0.411643,8700223
1,2021-04-18,30125,5519421,20380,2718530,9738,2518740,7,282151,15221,1389218,0.159676,14818,2207600,0.253741,15429,3596818,0.413417,8700223
1,2021-04-19,67055,5586476,33969,2752499,33073,2551813,13,282164,30505,1383658,0.159037,36206,2243806,0.257902,30646,3627464,0.416939,8700223
1,2021-04-20,88376,5674852,44548,2797047,43804,2595617,24,282188,41650,1379142,0.158518,46392,2290198,0.263234,41876,3669340,0.421752,8700223
1,2021-04-21,97190,5772042,50686,2847733,46407,2642024,97,282285,43760,1370335,0.157506,52897,2343095,0.269314,44090,3713430,0.42682,8700223
1,2021-04-22,96650,5868692,50414,2898147,46220,2688244,16,282301,44444,1363279,0.156695,51734,2394829,0.275261,44678,3758108,0.431955,8700223
1,2021-04-23,101235,5969927,52283,2950430,48927,2737171,25,282326,48437,1359656,0.156278,52310,2447139,0.281273,48687,3806795,0.437551,8700223
1,2021-04-24,75296,6045223,46687,2997117,28584,2765755,25,282351,42712,1370166,0.157486,32480,2479619,0.285006,42990,3849785,0.442493,8700223
1,2021-04-25,26954,6072177,17157,3014274,9784,2775539,13,282364,15418,1374308,0.157962,11427,2491046,0.28632,15569,3865354,0.444282,8700223
1,2021-04-26,65923,6138100,34638,3048912,30885,2806424,400,282764,31483,1372379,0.157741,34151,2525197,0.290245,32222,3897576,0.447986,8700223
1,2021-04-27,81106,6219206,43135,3092047,36672,2843096,1299,284063,35503,1364197,0.1568,45326,2570523,0.295455,37144,3934720,0.452255,8700223
1,2021-04-28,80679,6299885,42916,3134963,36278,2879374,1485,285548,35702,1356963,0.155969,44649,2615172,0.300587,37415,3972135,0.456556,8700223
1,2021-04-29,83757,6383642,46081,3181044,36068,2915442,1608,287156,34661,1344621,0.15455,48771,2663943,0.306192,36429,4008564,0.460743,8700223
1,2021-04-30,91364,6475006,49551,3230595,39960,2955402,1853,289009,38637,1332861,0.153198,52418,2716361,0.312217,40658,4049222,0.465416,8700223
1,2021-05-01,62169,6537175,40175,3270770,20584,2975986,1410,290419,26236,1325005,0.152296,35724,2752085,0.316324,27868,4077090,0.468619,8700223
1,2021-05-02,23214,6560389,16404,3287174,6235,2982221,575,290994,9398,1321297,0.151869,13709,2765794,0.317899,10001,4087091,0.469769,8700223
1,2021-05-03,55555,6615944,30712,3317886,23005,3005226,1838,292832,20554,1308967,0.150452,34777,2800571,0.321896,22447,4109538,0.472349,8700223
1,2021-05-04,74951,6690895,43158,3361044,29712,3034938,2081,294913,27266,1290996,0.148387,47407,2847978,0.327345,29436,4138974,0.475732,8700223
1,2021-05-05,77159,6768054,44770,3405814,30095,3065033,2294,297207,26417,1269369,0.145901,50422,2898400,0.333141,28795,4167769,0.479042,8700223
1,2021-05-06,78335,6846389,47433,3453247,28735,3093768,2167,299374,24627,1242968,0.142866,53349,2951749,0.339273,26948,4194717,0.482139,8700223
1,2021-05-07,82365,6928754,46818,3500065,33355,3127123,2192,301566,27715,1218698,0.140077,54242,3005991,0.345507,29972,4224689,0.485584,8700223
1,2021-05-08,56595,6985349,35505,3535570,19455,3146578,1635,303201,19354,1202854,0.138256,36927,3042918,0.349752,21083,4245772,0.488007,8700223
1,2021-05-09,18137,7003486,13051,3548621,4613,3151191,473,303674,5553,1196410,0.137515,12506,3055424,0.351189,6062,4251834,0.488704,8700223
1,2021-05-10,43676,7047162,22077,3570698,19797,3170988,1802,305476,14825,1184537,0.13615,28595,3084019,0.354476,16722,4268556,0.490626,8700223
1,2021-05-11,61631,7108793,33445,3604143,26051,3197039,2135,307611,20446,1166322,0.134057,40918,3124937,0.359179,22703,4291259,0.493236,8700223
1,2021-05-12,62138,7170931,33112,3637255,27017,3224056,2009,309620,20484,1147530,0.131897,41355,3166292,0.363932,22563,4313822,0.495829,8700223
1,2021-05-13,66125,7237056,38797,3676052,25349,3249405,1979,311599,25208,1134438,0.130392,40559,3206851,0.368594,27467,4341289,0.498986,8700223
1,2021-05-14,75768,7312824,45687,3721739,27697,3277102,2384,313983,30728,1123170,0.129097,44659,3251510,0.373727,33391,4374680,0.502824,8700223
1,2021-05-15,65890,7378714,43251,3764990,20905,3298007,1734,315717,26318,1112003,0.127813,39292,3290802,0.378243,28125,4402805,0.506057,8700223
1,2021-05-16,24828,7403542,18280,3783270,5927,3303934,621,316338,10188,1108327,0.127391,14530,3305332,0.379913,10854,4413659,0.507304,8700223
1,2021-05-17,53874,7457416,32965,3816235,19151,3323085,1758,318096,22944,1102409,0.12671,30680,3336012,0.38344,24762,4438421,0.51015,8700223
1,2021-05-18,64697,7522113,38995,3855230,23884,3346969,1818,319914,28114,1096108,0.125986,36318,3372330,0.387614,30017,4468438,0.5136,8700223
1,2021-05-19,66007,7588120,40203,3895433,23884,3370853,1920,321834,29500,1091383,0.125443,36234,3408564,0.391779,31509,4499947,0.517222,8700223
1,2021-05-20,63856,7651976,37076,3932509,24603,3395456,2177,324011,26298,1082827,0.12446,37233,3445797,0.396058,28677,4528624,0.520518,8700223
1,2021-05-21,69601,7721577,41593,3974102,26160,3421616,1848,325859,28790,1073147,0.123347,40417,3486214,0.400704,30737,4559361,0.524051,8700223
1,2021-05-22,55519,7777096,36510,4010612,17300,3438916,1709,327568,24251,1068190,0.122777,31014,3517228,0.404269,26057,4585418,0.527046,8700223
1,2021-05-23,20145,7797241,14186,4024798,5372,3444288,587,328155,9419,1067595,0.122709,10625,3527853,0.40549,10030,4595448,0.528199,8700223
1,2021-05-24,43527,7840768,24299,4049097,17410,3461698,1818,329973,17686,1061585,0.122018,25597,3553450,0.408432,19587,4615035,0.53045,8700223
1,2021-05-25,50602,7891370,29150,4078247,19782,3481480,1670,331643,21006,1055037,0.121266,29325,3582775,0.411803,22777,4637812,0.533068,8700223
1,2021-05-26,48272,7939642,27388,4105635,18992,3500472,1892,333535,20500,1050006,0.120687,27469,3610244,0.41496,22438,4660250,0.535647,8700223
1,2021-05-27,46762,7986404,26280,4131915,18600,3519072,1882,335417,20119,1045764,0.1202,26360,3636604,0.41799,22118,4682368,0.538189,8700223
1,2021-05-28,52156,8038560,29022,4160937,21330,3540402,1804,337221,23391,1042628,0.119839,28457,3665061,0.421261,25321,4707689,0.5411,8700223
1,2021-05-29,30399,8068959,18388,4179325,11051,3551453,960,338181,14494,1042389,0.119812,15749,3680810,0.423071,15510,4723199,0.542883,8700223
1,2021-05-30,11581,8080540,7478,4186803,3555,3555008,548,338729,5479,1042408,0.119814,6032,3686842,0.423764,6051,4729250,0.543578,8700223
1,2021-05-31,5680,8086220,3238,4190041,2192,3557200,250,338979,1988,1041023,0.119655,3636,3690478,0.424182,2251,4731501,0.543837,8700223
1,2021-06-01,45628,8131848,25795,4215836,18276,3575476,1557,340536,17333,1031998,0.118617,27992,3718470,0.427399,18967,4750468,0.546017,8700223
1,2021-06-02,39818,8171666,23112,4238948,15203,3590679,1503,342039,16063,1026167,0.117947,23470,3741940,0.430097,17639,4768107,0.548044,8700223
1,2021-06-03,41138,8212804,25769,4264717,13684,3604363,1685,343724,15769,1018620,0.11708,25075,3767015,0.432979,17528,4785635,0.550059,8700223
1,2021-06-04,49928,8262732,31968,4296685,16162,3620525,1798,345522,17893,1006681,0.115707,31708,3798723,0.436624,19769,4805404,0.552331,8700223
1,2021-06-05,40136,8302868,27400,4324085,10746,3631271,1990,347512,14141,997089,0.114605,25778,3824501,0.439587,16186,4821590,0.554192,8700223
1,2021-06-06,13067,8315935,10468,4334553,2099,3633370,500,348012,4541,993743,0.11422,8448,3832949,0.440558,5102,4826692,0.554778,8700223
1,2021-06-07,33849,8349784,23352,4357905,9152,3642522,1345,349357,12048,985588,0.113283,21600,3854549,0.44304,13445,4840137,0.556323,8700223
1,2021-06-08,42077,8391861,29132,4387037,11309,3653831,1636,350993,14657,974815,0.112045,27160,3881709,0.446162,16387,4856524,0.558207,8700223
1,2021-06-09,41939,8433800,29115,4416152,11200,3665031,1624,352617,13692,962240,0.110599,27953,3909662,0.449375,15378,4871902,0.559974,8700223
1,2021-06-10,38835,8472635,26225,4442377,10940,3675971,1670,354287,13374,952164,0.109441,25229,3934891,0.452275,15153,4887055,0.561716,8700223
1,2021-06-11,43467,8516102,28796,4471173,13015,3688986,1656,355943,15407,941542,0.10822,27766,3962657,0.455466,17144,4904199,0.563687,8700223
1,2021-06-12,33570,8549672,24295,4495468,8083,3697069,1192,357135,11067,931573,0.107075,22298,3984955,0.458029,12329,4916528,0.565104,8700223
1,2021-06-13,11609,8561281,8424,4503892,2703,3699772,482,357617,3404,927356,0.10659,8138,3993093,0.458964,3921,4920449,0.565554,8700223
1,2021-06-14,30666,8591947,20657,4524549,8717,3708489,1292,358909,11464,921136,0.105875,19014,4012107,0.46115,12794,4933243,0.567025,8700223
1,2021-06-15,36989,8628936,24258,4548807,10881,3719370,1850,360759,13698,913741,0.105025,23036,4035143,0.463798,15641,4948884,0.568823,8700223
1,2021-06-16,35199,8664135,23766,4572573,9602,3728972,1831,362590,13193,907070,0.104258,21760,4056903,0.466299,15089,4963973,0.570557,8700223
1,2021-06-17,33335,8697470,22042,4594615,9335,3738307,1958,364548,13048,902108,0.103688,20060,4076963,0.468604,15098,4979071,0.572292,8700223
1,2021-06-18,39097,8736567,25343,4619958,10916,3749223,2838,367386,15167,896502,0.103044,23670,4100633,0.471325,18064,4997135,0.574369,8700223
1,2021-06-19,23694,8760261,16416,4636374,6081,3755304,1197,368583,9798,893800,0.102733,13731,4114364,0.472903,11029,5008164,0.575636,8700223
1,2021-06-20,8082,8768343,5907,4642281,1900,3757204,275,368858,3213,892491,0.102583,4807,4119171,0.473456,3498,5011662,0.576038,8700223
1,2021-06-21,20786,8789129,11770,4654051,6835,3764039,2181,371039,10836,895712,0.102953,9844,4129015,0.474587,13065,5024727,0.57754,8700223
1,2021-06-22,30526,8819655,19949,4674000,8464,3772503,2113,373152,12854,893276,0.102673,17476,4146491,0.476596,15040,5039767,0.579269,8700223
1,2021-06-23,29151,8848806,19566,4693566,7774,3780277,1811,374963,12758,891680,0.102489,16197,4162688,0.478458,14601,5054368,0.580947,8700223
1,2021-06-24,27946,8876752,18644,4712210,7663,3787940,1639,376602,11885,889390,0.102226,15879,4178567,0.480283,13589,5067957,0.582509,8700223
1,2021-06-25,31390,8908142,21301,4733511,8694,3796634,1395,377997,13819,887305,0.101986,17353,4195920,0.482277,15268,5083225,0.584264,8700223
1,2021-06-26,22105,8930247,16416,4749927,4884,3801518,805,378802,9654,885477,0.101776,12336,4208256,0.483695,10508,5093733,0.585472,8700223
1,2021-06-27,9077,8939324,6750,4756677,1901,3803419,426,379228,4059,885018,0.101724,4961,4213217,0.484265,4502,5098235,0.585989,8700223
1,2021-06-28,20854,8960178,15492,4772169,4103,3807522,1259,380487,9687,885004,0.101722,11011,4224228,0.485531,10997,5109232,0.587253,8700223
1,2021-06-29,26234,8986412,17944,4790113,6946,3814468,1344,381831,11569,883483,0.101547,14495,4238723,0.487197,12974,5122206,0.588744,8700223
1,2021-06-30,25196,9011608,17481,4807594,6690,3821158,1025,382856,11979,883524,0.101552,13034,4251757,0.488695,13075,5135281,0.590247,8700223
1,2021-07-01,23013,9034621,16033,4823627,5750,3826908,1230,384086,10661,883279,0.101524,12212,4263969,0.490099,11967,5147248,0.591623,8700223
1,2021-07-02,25371,9059992,17468,4841095,6929,3833837,974,385060,11911,882963,0.101487,13280,4277249,0.491625,12964,5160212,0.593113,8700223
1,2021-07-03,14274,9074266,9984,4851079,3876,3837713,414,385474,6763,882788,0.101467,7389,4284638,0.492475,7214,5167426,0.593942,8700223
1,2021-07-04,1254,9075520,703,4851782,485,3838198,66,385540,603,882820,0.101471,643,4285281,0.492548,675,5168101,0.594019,8700223
1,2021-07-05,6645,9082165,3970,4855752,2498,3840696,177,385717,3096,882613,0.101447,3504,4288785,0.492951,3297,5171398,0.594398,8700223
2,2020-12-15,242,242,242,242,0,0,0,0,242,242,2.9e-05,0,0,0.0,242,242,2.9e-05,8407551
2,2020-12-16,2092,2334,2092,2334,0,0,0,0,2091,2333,0.000277,0,0,0.0,2091,2333,0.000277,8407551
2,2020-12-17,6841,9175,6841,9175,0,0,0,0,6842,9175,0.001091,0,0,0.0,6842,9175,0.001091,8407551
2,2020-12-18,11078,20253,11058,20233,20,20,0,0,11078,20253,0.002409,0,0,0.0,11078,20253,0.002409,8407551
2,2020-12-19,5616,25869,5610,25843,6,26,0,0,5617,25870,0.003077,0,0,0.0,5617,25870,0.003077,8407551
2,2020-12-20,4257,30126,4247,30090,10,36,0,0,4252,30121,0.003583,1,1,0.0,4252,30122,0.003583,8407551
2,2020-12-21,12774,42900,12749,42839,25,61,0,0,12729,42850,0.005097,0,1,0.0,12729,42851,0.005097,8407551
2,2020-12-22,12154,55054,11642,54481,512,573,0,0,12154,55004,0.006542,0,1,0.0,12154,55005,0.006542,8407551
2,2020-12-23,11695,66749,9480,63961,2215,2788,0,0,11697,66701,0.007933,1,2,0.0,11698,66703,0.007934,8407551
2,2020-12-24,5909,72658,3497,67458,2412,5200,0,0,5905,72605,0.008636,3,5,1e-06,5907,72610,0.008636,8407551
2,2020-12-25,482,73140,404,67862,78,5278,0,0,484,73089,0.008693,0,5,1e-06,484,73094,0.008694,8407551
2,2020-12-26,2562,75702,1669,69531,893,6171,0,0,2563,75651,0.008998,1,6,1e-06,2563,75657,0.008999,8407551
2,2020-12-27,2224,77926,1209,70740,1015,7186,0,0,2221,77870,0.009262,2,8,1e-06,2221,77878,0.009263,8407551
2,2020-12-28,11024,88950,7165,77905,3859,11045,0,0,11024,88893,0.010573,1,9,1e-06,11024,88902,0.010574,8407551
2,2020-12-29,12730,101680,7151,85056,5579,16624,0,0,12734,101627,0.012088,0,9,1e-06,12734,101636,0.012089,8407551
2,2020-12-30,15431,117111,8663,93719,6768,23392,0,0,15426,117050,0.013922,5,14,2e-06,15428,117064,0.013924,8407551
2,2020-12-31,7583,124694,2831,96550,4752,28144,0,0,7576,124621,0.014823,5,19,2e-06,7576,124640,0.014825,8407551
2,2021-01-01,1213,125907,589,97139,624,28768,0,0,1215,125833,0.014967,3,22,3e-06,1215,125855,0.014969,8407551
2,2021-01-02,4850,130757,2770,99909,2080,30848,0,0,4845,130676,0.015543,2,24,3e-06,4845,130700,0.015546,8407551
2,2021-01-03,1387,132144,792,100701,595,31443,0,0,1380,132053,0.015706,3,27,3e-06,1380,132080,0.01571,8407551
2,2021-01-04,11665,143809,5560,106261,6105,37548,0,0,11653,143703,0.017092,3,30,4e-06,11653,143733,0.017096,8407551
2,2021-01-05,13876,157685,6924,113185,6952,44500,0,0,12677,155222,0.018462,1192,1222,0.000145,12711,156444,0.018608,8407551
2,2021-01-06,18970,176655,10456,123641,8514,53014,0,0,15199,166712,0.019829,3718,4940,0.000588,15208,171652,0.020416,8407551
2,2021-01-07,23232,199887,13112,136753,10120,63134,0,0,15598,174685,0.020777,7640,12580,0.001496,15613,187265,0.022273,8407551
2,2021-01-08,26672,226559,16214,152967,10458,73592,0,0,16396,180876,0.021514,10228,22808,0.002713,16419,203684,0.024226,8407551
2,2021-01-09,9835,236394,5742,158709,4093,77685,0,0,6278,183598,0.021837,3563,26371,0.003137,6285,209969,0.024974,8407551
2,2021-01-10,5339,241733,2971,161680,2368,80053,0,0,3085,184424,0.021936,2264,28635,0.003406,3090,213059,0.025341,8407551
2,2021-01-11,26135,267868,17992,179672,8143,88196,0,0,15063,188454,0.022415,11083,39718,0.004724,15113,228172,0.027139,8407551
2,2021-01-12,26240,294108,16321,195993,9919,98115,0,0,16680,195644,0.02327,9572,49290,0.005863,16762,244934,0.029133,8407551
2,2021-01-13,28598,322706,15174,211167,13424,111539,0,0,20631,208349,0.024781,7953,57243,0.006809,20658,265592,0.03159,8407551
2,2021-01-14,30315,353021,11485,222652,18830,130369,0,0,26061,230205,0.027381,4275,61518,0.007317,26131,291723,0.034698,8407551
2,2021-01-15,35185,388206,12835,235487,22350,152719,0,0,31910,258925,0.030797,3278,64796,0.007707,31998,323721,0.038504,8407551
2,2021-01-16,17716,405922,5622,241109,12094,164813,0,0,16385,273972,0.032586,1349,66145,0.007867,16396,340117,0.040454,8407551
2,2021-01-17,10683,416605,3633,244742,7050,171863,0,0,9956,283191,0.033683,745,66890,0.007956,9964,350081,0.041639,8407551
2,2021-01-18,19713,436318,11019,255761,8694,180557,0,0,14914,293346,0.034891,4817,71707,0.008529,14972,365053,0.04342,8407551
2,2021-01-19,32491,468809,16876,272637,15615,196172,0,0,24499,309968,0.036868,7990,79697,0.009479,24612,389665,0.046347,8407551
2,2021-01-20,37641,506450,18989,291626,18652,214824,0,0,29029,330505,0.03931,8583,88280,0.0105,29120,418785,0.049811,8407551
2,2021-01-21,40924,547374,17421,309047,23503,238327,0,0,36446,362673,0.043137,4449,92729,0.011029,36617,455402,0.054166,8407551
2,2021-01-22,39570,586944,16545,325592,23025,261352,0,0,36231,395569,0.047049,3361,96090,0.011429,36257,491659,0.058478,8407551
2,2021-01-23,24116,611060,10789,336381,13327,274679,0,0,21140,413782,0.049216,2957,99047,0.011781,21170,512829,0.060996,8407551
2,2021-01-24,12439,623499,6112,342493,6327,281006,0,0,11516,424404,0.050479,906,99953,0.011888,11528,524357,0.062367,8407551
2,2021-01-25,33928,657427,15684,358177,18244,299250,0,0,25113,440888,0.05244,8766,108719,0.012931,25250,549607,0.065371,8407551
2,2021-01-26,40528,697955,19941,378118,20587,319837,0,0,31380,463222,0.055096,9128,117847,0.014017,31462,581069,0.069113,8407551
2,2021-01-27,45920,743875,22918,401036,23002,342839,0,0,35664,488806,0.058139,10138,127985,0.015223,35722,616791,0.073362,8407551
2,2021-01-28,48240,792115,22753,423789,25487,368326,0,0,39545,519787,0.061824,8636,136621,0.01625,39617,656408,0.078074,8407551
2,2021-01-29,45843,837958,22300,446089,23543,391869,0,0,37081,548284,0.065213,8648,145269,0.017278,37145,693553,0.082492,8407551
2,2021-01-30,31648,869606,13695,459784,17953,409822,0,0,28246,573199,0.068177,3365,148634,0.017679,28280,721833,0.085855,8407551
2,2021-01-31,17578,887184,10610,470394,6968,416790,0,0,16368,588398,0.069984,1189,149823,0.01782,16388,738221,0.087805,8407551
2,2021-02-01,41209,928393,19890,490284,21319,438109,0,0,30172,607617,0.07227,10990,160813,0.019127,30209,768430,0.091398,8407551
2,2021-02-02,48059,976452,19626,509910,28433,466542,0,0,36540,632809,0.075267,11443,172256,0.020488,36635,805065,0.095755,8407551
2,2021-02-03,54426,1030878,24258,534168,30168,496710,0,0,40175,658927,0.078373,14149,186405,0.022171,40267,845332,0.100544,8407551
2,2021-02-04,56331,1087209,24372,558540,31959,528669,0,0,41191,685184,0.081496,15033,201438,0.023959,41290,886622,0.105455,8407551
2,2021-02-05,60108,1147317,26491,585031,33617,562286,0,0,40689,706826,0.08407,19223,220661,0.026246,40865,927487,0.110316,8407551
2,2021-02-06,39066,1186383,18198,603229,20868,583154,0,0,31381,730697,0.08691,7602,228263,0.02715,31473,958960,0.114059,8407551
2,2021-02-07,16013,1202396,10721,613950,5292,588446,0,0,12154,739087,0.087908,3833,232096,0.027606,12223,971183,0.115513,8407551
2,2021-02-08,43516,1245912,22408,636358,21108,609554,0,0,29953,755836,0.0899,13413,245509,0.029201,30162,1001345,0.119101,8407551
2,2021-02-09,49469,1295381,23469,659827,26000,635554,0,0,30661,768362,0.09139,18464,263973,0.031397,30990,1032335,0.122787,8407551
2,2021-02-10,59845,1355226,28217,688044,31628,667182,0,0,34607,778379,0.092581,24944,288917,0.034364,34961,1067296,0.126945,8407551
2,2021-02-11,64440,1419666,29851,717895,34589,701771,0,0,36021,786793,0.093582,28103,317020,0.037707,36517,1103813,0.131288,8407551
2,2021-02-12,65509,1485175,28225,746120,37284,739055,0,0,34781,791828,0.094181,30402,347422,0.041323,35437,1139250,0.135503,8407551
2,2021-02-13,38101,1523276,15935,762055,22166,761221,0,0,22045,798294,0.09495,15956,363378,0.04322,22422,1161672,0.13817,8407551
2,2021-02-14,20091,1543367,9436,771491,10655,771876,0,0,11269,801154,0.09529,8770,372148,0.044264,11630,1173302,0.139553,8407551
2,2021-02-15,33276,1576643,15091,786582,18185,790061,0,0,18407,805681,0.095828,14737,386885,0.046016,19264,1192566,0.141845,8407551
2,2021-02-16,56469,1633112,27860,814442,28609,818670,0,0,29717,809417,0.096273,26651,413536,0.049186,30387,1222953,0.145459,8407551
2,2021-02-17,62066,1695178,32164,846606,29902,848572,0,0,30705,809672,0.096303,31278,444814,0.052906,31533,1254486,0.149209,8407551
2,2021-02-18,66562,1761740,33802,880408,32760,881332,0,0,32309,809122,0.096238,34006,478820,0.056951,33456,1287942,0.153189,8407551
2,2021-02-19,60059,1821799,33524,913932,26535,907867,0,0,29646,809150,0.096241,30220,509040,0.060546,30248,1318190,0.156786,8407551
2,2021-02-20,38027,1859826,24791,938723,13236,921103,0,0,20473,812846,0.09668,17458,526498,0.062622,21154,1339344,0.159303,8407551
2,2021-02-21,22038,1881864,17925,956648,4113,925216,0,0,10753,813203,0.096723,11199,537697,0.063954,11556,1350900,0.160677,8407551
2,2021-02-22,38965,1920829,26724,983372,12241,937457,0,0,18440,811914,0.09657,20401,558098,0.066381,19112,1370012,0.16295,8407551
2,2021-02-23,53292,1974121,27303,1010675,25989,963446,0,0,23301,807359,0.096028,29751,587849,0.069919,25196,1395208,0.165947,8407551
2,2021-02-24,69791,2043912,35993,1046668,33798,997244,0,0,32036,804180,0.09565,37584,625433,0.074389,34405,1429613,0.170039,8407551
2,2021-02-25,74952,2118864,35385,1082053,39567,1036811,0,0,38164,808604,0.096176,36553,661986,0.078737,40977,1470590,0.174913,8407551
2,2021-02-26,82859,2201723,35425,1117478,47434,1084245,0,0,44702,817625,0.097249,37877,699863,0.083242,46898,1517488,0.180491,8407551
2,2021-02-27,60565,2262288,28067,1145545,32491,1116736,7,7,33083,824786,0.098101,27263,727126,0.086485,34424,1551912,0.184585,8407551
2,2021-02-28,29970,2292258,17927,1163472,12042,1128778,1,8,17525,830803,0.098816,12341,739467,0.087953,18358,1570270,0.186769,8407551
2,2021-03-01,57257,2349515,30101,1193573,27117,1155895,39,47,31120,837298,0.099589,25857,765324,0.091028,32352,1602622,0.190617,8407551
2,2021-03-02,68092,2417607,32749,1226322,35334,1191229,9,56,38533,848775,0.100954,29402,794726,0.094525,40879,1643501,0.195479,8407551
2,2021-03-03,79975,2497582,38838,1265160,41123,1232352,14,70,45204,861995,0.102526,34566,829292,0.098637,47786,1691287,0.201163,8407551
2,2021-03-04,87763,2585345,43283,1308443,44450,1276802,30,100,50559,877988,0.104429,36973,866265,0.103034,52966,1744253,0.207463,8407551
2,2021-03-05,81349,2666694,38315,1346758,42727,1319529,307,407,49777,899085,0.106938,31362,897627,0.106764,52459,1796712,0.213702,8407551
2,2021-03-06,62587,2729281,30594,1377352,30306,1349835,1687,2094,38538,916822,0.109047,23922,921549,0.10961,41659,1838371,0.218657,8407551
2,2021-03-07,27774,2757055,16188,1393540,10608,1360443,978,3072,17850,926899,0.110246,9859,931408,0.110782,19936,1858307,0.221028,8407551
2,2021-03-08,50343,2807398,23138,1416678,24734,1385177,2471,5543,31728,944230,0.112307,18504,949912,0.112983,35835,1894142,0.225291,8407551
2,2021-03-09,70272,2877670,32081,1448759,34401,1419578,3790,9333,38953,957127,0.113841,31193,981105,0.116693,44090,1938232,0.230535,8407551
2,2021-03-10,78191,2955861,37003,1485762,34636,1454214,6552,15885,41505,970042,0.115377,36480,1017585,0.121032,49395,1987627,0.23641,8407551
2,2021-03-11,93119,3048980,42981,1528743,41768,1495982,8370,24255,48605,984209,0.117063,44210,1061795,0.126291,58377,2046004,0.243353,8407551
2,2021-03-12,93946,3142926,38636,1567379,43313,1539295,11997,36252,46768,997473,0.11864,46934,1108729,0.131873,60198,2106202,0.250513,8407551
2,2021-03-13,69172,3212098,28927,1596306,32330,1571625,7915,44167,38105,1013854,0.120589,30937,1139666,0.135553,47318,2153520,0.256141,8407551
2,2021-03-14,37020,3249118,18287,1614593,14208,1585833,4525,48692,18593,1019403,0.121249,18323,1157989,0.137732,23872,2177392,0.258981,8407551
2,2021-03-15,67434,3316552,30428,1645021,31955,1617788,5051,53743,37236,1032806,0.122843,29980,1187969,0.141298,43383,2220775,0.264141,8407551
2,2021-03-16,86209,3402761,38160,1683181,44035,1661823,4014,57757,52270,1056455,0.125655,33765,1221734,0.145314,57414,2278189,0.270969,8407551
2,2021-03-17,92563,3495324,44323,1727504,44080,1705903,4160,61917,58830,1086817,0.129267,33472,1255206,0.149295,63834,2342023,0.278562,8407551
2,2021-03-18,97927,3593251,46740,1774244,46601,1752504,4586,66503,59881,1114107,0.132513,37743,1292949,0.153784,65033,2407056,0.286297,8407551
2,2021-03-19,97380,3690631,46100,1820344,45140,1797644,6140,72643,58048,1139785,0.135567,39042,1331991,0.158428,64720,2471776,0.293995,8407551
2,2021-03-20,69802,3760433,33760,1854104,32116,1829760,3926,76569,45846,1166213,0.13871,23714,1355705,0.161249,50142,2521918,0.299959,8407551
2,2021-03-21,33339,3793772,21534,1875638,9821,1839581,1984,78553,20064,1175554,0.139821,13141,1368846,0.162812,22482,2544400,0.302633,8407551
2,2021-03-22,62753,3856525,34532,1910170,25574,1865155,2647,81200,41750,1200069,0.142737,20780,1389626,0.165283,45295,2589695,0.30802,8407551
2,2021-03-23,83651,3940176,44512,1954682,36230,1901385,2909,84109,52420,1225273,0.145735,30963,1420589,0.168966,56167,2645862,0.314701,8407551
2,2021-03-24,91462,4031638,49192,2003874,39113,1940498,3157,87266,53811,1245725,0.148167,37332,1457921,0.173406,57784,2703646,0.321574,8407551
2,2021-03-25,101077,4132715,50985,2054859,46198,1986696,3894,91160,57440,1264518,0.150403,43304,1501225,0.178557,62097,2765743,0.328959,8407551
2,2021-03-26,103196,4235911,51209,2106068,48490,2035186,3497,94657,56800,1279828,0.152224,46034,1547259,0.184032,61344,2827087,0.336256,8407551
2,2021-03-27,75440,4311351,37587,2143655,34545,2069731,3308,97965,38023,1284838,0.15282,37178,1584437,0.188454,42188,2869275,0.341274,8407551
2,2021-03-28,37619,4348970,23227,2166882,13583,2083314,809,98774,20261,1289522,0.153377,17238,1601675,0.190504,21922,2891197,0.343881,8407551
2,2021-03-29,71214,4420184,36195,2203077,32750,2116064,2269,101043,40680,1303032,0.154984,30338,1632013,0.194113,43848,2935045,0.349096,8407551
2,2021-03-30,91777,4511961,44915,2247992,42505,2158569,4357,105400,51724,1319865,0.156986,39851,1671864,0.198853,56684,2991729,0.355838,8407551
2,2021-03-31,101092,4613053,52044,2300036,43927,2202496,5121,110521,57542,1339630,0.159337,43245,1715109,0.203996,63010,3054739,0.363333,8407551
2,2021-04-01,117400,4730453,56704,2356740,51484,2253980,9212,119733,64116,1360485,0.161817,52909,1768018,0.210289,73764,3128503,0.372106,8407551
2,2021-04-02,111556,4842009,51397,2408137,49995,2303975,10164,129897,60211,1380364,0.164181,50973,1818991,0.216352,70852,3199355,0.380534,8407551
2,2021-04-03,76716,4918725,37646,2445783,29255,2333230,9815,139712,38107,1390275,0.16536,38404,1857395,0.22092,48315,3247670,0.38628,8407551
2,2021-04-04,29032,4947757,14914,2460697,10267,2343497,3851,143563,13093,1391411,0.165495,15843,1873238,0.222804,16979,3264649,0.3883,8407551
2,2021-04-05,78993,5026750,38747,2499444,31454,2374951,8792,152355,38340,1398816,0.166376,40481,1913719,0.227619,47886,3312535,0.393995,8407551
2,2021-04-06,103855,5130605,50574,2550018,38583,2413534,14698,167053,49350,1409030,0.167591,54242,1967961,0.234071,64456,3376991,0.401662,8407551
2,2021-04-07,110404,5241009,55068,2605086,39102,2452636,16234,183287,52078,1419577,0.168845,58052,2026013,0.240975,68599,3445590,0.409821,8407551
2,2021-04-08,119331,5360340,57432,2662518,43171,2495807,18728,202015,55412,1430730,0.170172,63575,2089588,0.248537,74728,3520318,0.418709,8407551
2,2021-04-09,118821,5479161,57160,2719678,43495,2539302,18166,220181,56205,1443709,0.171716,62249,2151837,0.255941,75228,3595546,0.427657,8407551
2,2021-04-10,87550,5566711,37788,2757466,31391,2570693,18371,238552,36176,1447828,0.172206,51112,2202949,0.26202,55231,3650777,0.434226,8407551
2,2021-04-11,44468,5611179,23050,2780516,12951,2583644,8467,247019,18217,1449124,0.17236,26117,2229066,0.265127,27413,3678190,0.437486,8407551
2,2021-04-12,79978,5691157,37254,2817770,33331,2616975,9393,256412,35698,1451198,0.172607,44015,2273081,0.270362,46089,3724279,0.442968,8407551
2,2021-04-13,101918,5793075,52869,2870639,48790,2665765,259,256671,55915,1462514,0.173952,45751,2318832,0.275804,57067,3781346,0.449756,8407551
2,2021-04-14,106727,5899802,55866,2926505,50809,2716574,52,256723,54691,1466950,0.17448,51738,2370570,0.281957,56174,3837520,0.456437,8407551
2,2021-04-15,113384,6013186,60265,2986770,53041,2769615,78,256801,59425,1473948,0.175312,53575,2424145,0.28833,60573,3898093,0.463642,8407551
2,2021-04-16,110687,6123873,57497,3044267,53140,2822755,50,256851,56341,1477189,0.175698,53998,2478143,0.294752,57239,3955332,0.47045,8407551
2,2021-04-17,83418,6207291,42445,3086712,40956,2863711,17,256868,46865,1488635,0.177059,36299,2514442,0.299069,47745,4003077,0.476129,8407551
2,2021-04-18,35573,6242864,21628,3108340,13939,2877650,6,256874,16953,1488090,0.176994,18485,2532927,0.301268,17940,4021017,0.478263,8407551
2,2021-04-19,74857,6317721,40327,3148667,34514,2912164,16,256890,34202,1482552,0.176336,40378,2573305,0.306071,34840,4055857,0.482406,8407551
2,2021-04-20,97565,6415286,49466,3198133,48073,2960237,26,256916,47476,1481039,0.176156,49756,2623061,0.311989,48243,4104100,0.488145,8407551
2,2021-04-21,103330,6518616,55963,3254096,47311,3007548,56,256972,48937,1477043,0.175681,53958,2677019,0.318407,49962,4154062,0.494087,8407551
2,2021-04-22,107368,6625984,55575,3309671,51770,3059318,23,256995,47079,1465140,0.174265,59898,2736917,0.325531,47995,4202057,0.499796,8407551
2,2021-04-23,106766,6732750,56787,3366458,49961,3109279,18,257013,49341,1458400,0.173463,57018,2793935,0.332313,50278,4252335,0.505776,8407551
2,2021-04-24,79734,6812484,47080,3413538,32614,3141893,40,257053,41660,1463273,0.174043,37756,2831691,0.336803,42629,4294964,0.510846,8407551
2,2021-04-25,36208,6848692,22283,3435821,13910,3155803,15,257068,19706,1467084,0.174496,16375,2848066,0.338751,20186,4315150,0.513247,8407551
2,2021-04-26,73603,6922295,40816,3476637,32484,3188287,303,257371,33913,1463316,0.174048,39431,2887497,0.343441,35663,4350813,0.517489,8407551
2,2021-04-27,87737,7010032,46242,3522879,40134,3228421,1361,258732,37715,1453961,0.172935,49664,2937161,0.349348,40309,4391122,0.522283,8407551
2,2021-04-28,87490,7097522,46767,3569646,38861,3267282,1862,260594,38638,1446836,0.172088,48535,2985696,0.355121,41410,4432532,0.527208,8407551
2,2021-04-29,90200,7187722,49121,3618767,39383,3306665,1696,262290,35093,1429476,0.170023,54748,3040444,0.361633,37388,4469920,0.531655,8407551
2,2021-04-30,93827,7281549,51898,3670665,39943,3346608,1986,264276,36527,1411771,0.167917,56871,3097315,0.368397,39166,4509086,0.536314,8407551
2,2021-05-01,61776,7343325,37733,3708398,22479,3369087,1564,265840,24034,1400770,0.166609,37445,3134760,0.372851,26444,4535530,0.539459,8407551
2,2021-05-02,29109,7372434,20193,3728591,7944,3377031,972,266812,11073,1395003,0.165923,17901,3152661,0.37498,12134,4547664,0.540902,8407551
2,2021-05-03,59907,7432341,35469,3764060,22392,3399423,2046,268858,20158,1377994,0.1639,39481,3192142,0.379676,22472,4570136,0.543575,8407551
2,2021-05-04,79400,7511741,47398,3811458,29634,3429057,2368,271226,25812,1353306,0.160963,53265,3245407,0.386011,28577,4598713,0.546974,8407551
2,2021-05-05,79826,7591567,47571,3859029,29911,3458968,2344,273570,25032,1326629,0.15779,54415,3299822,0.392483,27738,4626451,0.550273,8407551
2,2021-05-06,82077,7673644,49725,3908754,29454,3488422,2898,276468,25150,1298833,0.154484,56485,3356307,0.399202,28689,4655140,0.553686,8407551
2,2021-05-07,83079,7756723,47933,3956687,32721,3521143,2425,278893,25603,1270186,0.151077,57132,3413439,0.405997,28485,4683625,0.557074,8407551
2,2021-05-08,55137,7811860,33401,3990088,20028,3541171,1708,280601,17276,1252270,0.148946,37630,3451069,0.410473,19714,4703339,0.559418,8407551
2,2021-05-09,21691,7833551,15653,4005741,5298,3546469,740,281341,6337,1244301,0.147998,15278,3466347,0.41229,7309,4710648,0.560288,8407551
2,2021-05-10,49792,7883343,27116,4032857,20815,3567284,1861,283202,14053,1225313,0.14574,35513,3501860,0.416514,16525,4727173,0.562253,8407551
2,2021-05-11,65440,7948783,35311,4068168,28026,3595310,2103,285305,19792,1202532,0.14303,45367,3547227,0.42191,22586,4749759,0.56494,8407551
2,2021-05-12,64662,8013445,34497,4102665,27962,3623272,2203,287508,19059,1178871,0.140216,45310,3592537,0.427299,21649,4771408,0.567515,8407551
2,2021-05-13,70532,8083977,40977,4143642,27617,3650889,1938,289446,25866,1163011,0.138329,44393,3636930,0.432579,28533,4799941,0.570908,8407551
2,2021-05-14,79274,8163251,47506,4191148,29529,3680418,2239,291685,30496,1147969,0.13654,48424,3685354,0.438339,33382,4833323,0.574879,8407551
2,2021-05-15,65900,8229151,43314,4234462,20871,3701289,1715,293400,25554,1135512,0.135059,40117,3725471,0.44311,27660,4860983,0.578169,8407551
2,2021-05-16,31508,8260659,23555,4258017,7030,3708319,923,294323,12859,1130895,0.134509,18529,3744000,0.445314,13912,4874895,0.579823,8407551
2,2021-05-17,57654,8318313,36563,4294580,19151,3727470,1940,296263,22784,1121326,0.133371,34654,3778654,0.449436,25085,4899980,0.582807,8407551
2,2021-05-18,69819,8388132,40846,4335426,27013,3754483,1960,298223,27774,1109808,0.132001,41790,3820444,0.454406,30272,4930252,0.586408,8407551
2,2021-05-19,68493,8456625,40529,4375955,25977,3780460,1987,300210,27220,1098491,0.130655,40992,3861436,0.459282,29675,4959927,0.589937,8407551
2,2021-05-20,68773,8525398,39830,4415785,26772,3807232,2171,302381,26144,1085083,0.129061,42318,3903754,0.464315,28910,4988837,0.593376,8407551
2,2021-05-21,72274,8597672,42654,4458439,27486,3834718,2134,304515,27561,1070961,0.127381,44366,3948120,0.469592,30244,5019081,0.596973,8407551
2,2021-05-22,53203,8650875,33681,4492120,17758,3852476,1764,306279,22238,1064743,0.126641,30755,3978875,0.47325,24537,5043618,0.599891,8407551
2,2021-05-23,24109,8674984,16563,4508683,6822,3859298,724,307003,10217,1062049,0.126321,13768,3992643,0.474888,11074,5054692,0.601209,8407551
2,2021-05-24,44567,8719551,25345,4534028,17451,3876749,1771,308774,17194,1054192,0.125386,27161,4019804,0.478118,19304,5073996,0.603505,8407551
2,2021-05-25,50511,8770062,29604,4563632,19046,3895795,1861,310635,19243,1044858,0.124276,30979,4050783,0.481803,21645,5095641,0.606079,8407551
2,2021-05-26,48541,8818603,27226,4590858,19645,3915440,1670,312305,19010,1036672,0.123302,29213,4079996,0.485278,21027,5116668,0.60858,8407551
2,2021-05-27,46471,8865074,26314,4617172,18413,3933853,1744,314049,18601,1029878,0.122494,27639,4107635,0.488565,20845,5137513,0.611059,8407551
2,2021-05-28,49750,8914824,27496,4644668,20297,3954150,1957,316006,20937,1024631,0.12187,28565,4136200,0.491963,23318,5160831,0.613833,8407551
2,2021-05-29,28900,8943724,17292,4661960,10560,3964710,1048,317054,13235,1023565,0.121744,15518,4151718,0.493808,14452,5175283,0.615552,8407551
2,2021-05-30,12583,8956307,8105,4670065,3717,3968427,761,317815,5513,1022884,0.121663,7021,4158739,0.494643,6340,5181623,0.616306,8407551
2,2021-05-31,5877,8962184,3426,4673491,2149,3970576,302,318117,1827,1021063,0.121446,3999,4162738,0.495119,2178,5183801,0.616565,8407551
2,2021-06-01,44470,9006654,25594,4699085,17304,3987880,1572,319689,15557,1009938,0.120123,28634,4191372,0.498525,17509,5201310,0.618647,8407551
2,2021-06-02,38080,9044734,22396,4721481,14290,4002170,1394,321083,14976,1003749,0.119387,22852,4214224,0.501243,16663,5217973,0.620629,8407551
2,2021-06-03,41250,9085984,26595,4748076,13203,4015373,1452,322535,13937,992439,0.118041,27079,4241303,0.504464,15769,5233742,0.622505,8407551
2,2021-06-04,47838,9133822,31227,4779303,15071,4030444,1540,324075,15487,977923,0.116315,32068,4273371,0.508278,17552,5251294,0.624593,8407551
2,2021-06-05,37672,9171494,26899,4806202,9326,4039770,1447,325522,11801,965932,0.114889,25653,4299024,0.511329,13662,5264956,0.626218,8407551
2,2021-06-06,14796,9186290,12118,4818320,2096,4041866,582,326104,4655,961267,0.114334,10083,4309107,0.512528,5418,5270374,0.626862,8407551
2,2021-06-07,33117,9219407,23171,4841491,8676,4050542,1270,327374,10731,951267,0.113144,22247,4331354,0.515174,12247,5282621,0.628319,8407551
2,2021-06-08,40422,9259829,28623,4870114,10436,4060978,1363,328737,12416,937650,0.111525,27764,4359118,0.518477,14147,5296768,0.630001,8407551
2,2021-06-09,37934,9297763,26526,4896640,9916,4070894,1492,330229,11489,924697,0.109984,26255,4385373,0.521599,13302,5310070,0.631583,8407551
2,2021-06-10,37569,9335332,26155,4922795,9897,4080791,1517,331746,11702,912708,0.108558,25669,4411042,0.524652,13680,5323750,0.633211,8407551
2,2021-06-11,41086,9376418,27268,4950063,12150,4092941,1668,333414,13225,900288,0.107081,27603,4438645,0.527936,15183,5338933,0.635016,8407551
2,2021-06-12,29265,9405683,21541,4971604,6809,4099750,915,334329,8688,889654,0.105816,20449,4459094,0.530368,9815,5348748,0.636184,8407551
2,2021-06-13,12160,9417843,8884,4980488,2666,4102416,610,334939,3093,884521,0.105206,9003,4468097,0.531439,3870,5352618,0.636644,8407551
2,2021-06-14,29734,9447577,21097,5001585,7448,4109864,1189,336128,10295,876934,0.104303,19281,4487378,0.533732,11694,5364312,0.638035,8407551
2,2021-06-15,35383,9482960,23563,5025148,9786,4119650,2034,338162,11964,868124,0.103255,23185,4510563,0.53649,14375,5378687,0.639745,8407551
2,2021-06-16,32749,9515709,22606,5047754,8359,4128009,1784,339946,11283,860193,0.102312,21302,4531865,0.539023,13371,5392058,0.641335,8407551
2,2021-06-17,30559,9546268,20455,5068209,8325,4136334,1779,341725,10836,853467,0.101512,19549,4551414,0.541348,12823,5404881,0.64286,8407551
2,2021-06-18,34335,9580603,22598,5090807,9871,4146205,1866,343591,12540,846545,0.100689,21588,4573002,0.543916,14666,5419547,0.644605,8407551
2,2021-06-19,20734,9601337,14443,5105250,5042,4151247,1249,344840,7900,843201,0.100291,12678,4585680,0.545424,9334,5428881,0.645715,8407551
2,2021-06-20,8200,9609537,5849,5111099,1887,4153134,464,345304,3036,841646,0.100106,5122,4590802,0.546033,3567,5432448,0.646139,8407551
2,2021-06-21,19158,9628695,11714,5122813,6141,4159275,1303,346607,9826,843739,0.100355,9216,4600018,0.547129,11309,5443757,0.647484,8407551
2,2021-06-22,26669,9655364,18289,5141102,7035,4166310,1345,347952,10504,839855,0.099893,15999,4616017,0.549032,12115,5455872,0.648925,8407551
2,2021-06-23,25707,9681071,17737,5158839,6362,4172672,1608,349560,10480,837143,0.09957,15089,4631106,0.550827,12377,5468249,0.650397,8407551
2,2021-06-24,25061,9706132,17102,5175941,6507,4179179,1452,351012,10402,834705,0.09928,14521,4645627,0.552554,12083,5480332,0.651835,8407551
2,2021-06-25,28377,9734509,19233,5195174,7686,4186865,1458,352470,11830,831829,0.098938,16389,4662016,0.554503,13513,5493845,0.653442,8407551
2,2021-06-26,18292,9752801,13481,5208655,3920,4190785,891,353361,7460,829668,0.098681,10747,4672763,0.555782,8586,5502431,0.654463,8407551
2,2021-06-27,8714,9761515,6649,5215304,1615,4192400,450,353811,3505,828577,0.098552,5165,4677928,0.556396,4074,5506505,0.654948,8407551
2,2021-06-28,19479,9780994,14830,5230134,3468,4195868,1181,354992,8642,827858,0.098466,10727,4688655,0.557672,10008,5516513,0.656138,8407551
2,2021-06-29,22284,9803278,15532,5245666,5718,4201586,1034,356026,9503,825966,0.098241,12657,4701312,0.559177,10765,5527278,0.657418,8407551
2,2021-06-30,21505,9824783,15284,5260950,5210,4206796,1011,357037,9559,824926,0.098117,11829,4713141,0.560584,10789,5538067,0.658702,8407551
2,2021-07-01,19273,9844056,13674,5274624,4760,4211556,839,357876,8563,823918,0.097997,10602,4723743,0.561845,9594,5547661,0.659843,8407551
2,2021-07-02,22100,9866156,15363,5289987,5780,4217336,957,358833,9770,822654,0.097847,12184,4735927,0.563294,10920,5558581,0.661142,8407551
2,2021-07-03,12200,9878356,8847,5298834,2911,4220247,442,359275,5596,822279,0.097802,6525,4742452,0.564071,6150,5564731,0.661873,8407551
2,2021-07-04,976,9879332,573,5299407,338,4220585,65,359340,418,822236,0.097797,549,4743001,0.564136,506,5565237,0.661933,8407551
2,2021-07-05,6159,9885491,4019,5303426,1913,4222498,227,359567,2724,821840,0.09775,3402,4746403,0.56454,3006,5568243,0.662291,8407551
3,2020-12-15,307,307,307,307,0,0,0,0,307,307,3.8e-05,0,0,0.0,307,307,3.8e-05,8129050
3,2020-12-16,2319,2626,2319,2626,0,0,0,0,2320,2627,0.000323,0,0,0.0,2320,2627,0.000323,8129050
3,2020-12-17,7790,10416,7790,10416,0,0,0,0,7790,10417,0.001281,0,0,0.0,7790,10417,0.001281,8129050
3,2020-12-18,13390,23806,13376,23792,14,14,0,0,13389,23806,0.002929,0,0,0.0,13389,23806,0.002929,8129050
3,2020-12-19,7227,31033,7216,31008,11,25,0,0,7291,31097,0.003825,0,0,0.0,7291,31097,0.003825,8129050
3,2020-12-20,5649,36682,5641,36649,8,33,0,0,5696,36792,0.004526,1,1,0.0,5696,36793,0.004526,8129050
3,2020-12-21,14349,51031,14324,50973,25,58,0,0,14413,51204,0.006299,1,2,0.0,14413,51206,0.006299,8129050
3,2020-12-22,14784,65815,14203,65176,581,639,0,0,14822,66025,0.008122,1,3,0.0,14822,66028,0.008122,8129050
3,2020-12-23,14821,80636,12212,77388,2609,3248,0,0,14847,80871,0.009948,2,5,1e-06,14848,80876,0.009949,8129050
3,2020-12-24,6791,87427,4872,82260,1919,5167,0,0,6788,87657,0.010783,2,7,1e-06,6788,87664,0.010784,8129050
3,2020-12-25,722,88149,665,82925,57,5224,0,0,720,88377,0.010872,0,7,1e-06,720,88384,0.010873,8129050
3,2020-12-26,4614,92763,2993,85918,1621,6845,0,0,4612,92989,0.011439,0,7,1e-06,4612,92996,0.01144,8129050
3,2020-12-27,2983,95746,1853,87771,1130,7975,0,0,2983,95972,0.011806,0,7,1e-06,2983,95979,0.011807,8129050
3,2020-12-28,13628,109374,8718,96489,4910,12885,0,0,13654,109625,0.013486,1,8,1e-06,13654,109633,0.013487,8129050
3,2020-12-29,15018,124392,8467,104956,6551,19436,0,0,15045,124668,0.015336,2,10,1e-06,15045,124678,0.015337,8129050
3,2020-12-30,18007,142399,10032,114988,7975,27411,0,0,18011,142678,0.017552,2,12,1e-06,18012,142690,0.017553,8129050
3,2020-12-31,8450,150849,3234,118222,5216,32627,0,0,8449,151125,0.018591,2,14,2e-06,8449,151139,0.018592,8129050
3,2021-01-01,1400,152249,648,118870,752,33379,0,0,1397,152521,0.018762,1,15,2e-06,1397,152536,0.018764,8129050
3,2021-01-02,4943,157192,2423,121293,2520,35899,0,0,4943,157464,0.019371,0,15,2e-06,4943,157479,0.019372,8129050
3,2021-01-03,1611,158803,847,122140,764,36663,0,0,1600,159060,0.019567,4,19,2e-06,1600,159079,0.019569,8129050
3,2021-01-04,11991,170794,5948,128088,6043,42706,0,0,11964,171017,0.021038,7,26,3e-06,11964,171043,0.021041,8129050
3,2021-01-05,15659,186453,8102,136190,7557,50263,0,0,14031,183463,0.022569,1613,1639,0.000202,14059,185102,0.02277,8129050
3,2021-01-06,20545,206998,10829,147019,9716,59979,0,0,16068,195103,0.024001,4436,6075,0.000747,16076,201178,0.024748,8129050
3,2021-01-07,26537,233535,15175,162194,11362,71341,0,0,17117,202846,0.024953,9389,15464,0.001902,17132,218310,0.026856,8129050
3,2021-01-08,30502,264037,18638,180832,11864,83205,0,0,18081,208551,0.025655,12398,27862,0.003427,18103,236413,0.029082,8129050
3,2021-01-09,12424,276461,7029,187861,5395,88600,0,0,7890,211922,0.02607,4528,32390,0.003984,7899,244312,0.030054,8129050
3,2021-01-10,7191,283652,4472,192333,2719,91319,0,0,4043,212824,0.026181,3146,35536,0.004371,4048,248360,0.030552,8129050
3,2021-01-11,28996,312648,18989,211322,10007,101326,0,0,16407,216692,0.026656,12582,48118,0.005919,16450,264810,0.032576,8129050
3,2021-01-12,32391,345039,19418,230740,12973,114299,0,0,19859,224126,0.027571,12512,60630,0.007458,19946,284756,0.035029,8129050
3,2021-01-13,34474,379513,18014,248754,16460,130759,0,0,24275,238221,0.029305,10200,70830,0.008713,24295,309051,0.038018,8129050
3,2021-01-14,34690,414203,14233,262987,20457,151216,0,0,28791,261178,0.032129,5872,76702,0.009436,28829,337880,0.041565,8129050
3,2021-01-15,38878,453081,14464,277451,24414,175630,0,0,34203,290788,0.035771,4663,81365,0.010009,34273,372153,0.045781,8129050
3,2021-01-16,21916,474997,7594,285045,14322,189952,0,0,19593,308093,0.0379,2310,83675,0.010293,19615,391768,0.048194,8129050
3,2021-01-17,13134,488131,4438,289483,8696,198648,0,0,12093,319166,0.039262,1039,84714,0.010421,12112,403880,0.049684,8129050
3,2021-01-18,24707,512838,12896,302379,11811,210459,0,0,19127,332740,0.040932,5595,90309,0.011109,19169,423049,0.052042,8129050
3,2021-01-19,40962,553800,20833,323212,20129,230588,0,0,31861,355611,0.043746,9077,99386,0.012226,31948,454997,0.055972,8129050
3,2021-01-20,45880,599680,22828,346040,23052,253640,0,0,36338,382533,0.047058,9499,108885,0.013395,36421,491418,0.060452,8129050
3,2021-01-21,48011,647691,20873,366913,27138,280778,0,0,42499,419669,0.051626,5437,114322,0.014063,42573,533991,0.065689,8129050
3,2021-01-22,49682,697373,19800,386713,29882,310660,0,0,45502,461061,0.056718,4183,118505,0.014578,45575,579566,0.071296,8129050
3,2021-01-23,30331,727704,12792,399505,17539,328199,0,0,27033,484856,0.059645,3291,121796,0.014983,27086,606652,0.074628,8129050
3,2021-01-24,17823,745527,8475,407980,9348,337547,0,0,16650,500367,0.061553,1170,122966,0.015127,16681,623333,0.07668,8129050
3,2021-01-25,40718,786245,18149,426129,22569,360116,0,0,30763,521283,0.064126,9933,132899,0.016349,30849,654182,0.080475,8129050
3,2021-01-26,47069,833314,22496,448625,24573,384689,0,0,36951,548236,0.067442,10104,143003,0.017592,37057,691239,0.085033,8129050
3,2021-01-27,51279,884593,24379,473004,26900,411589,0,0,40642,578394,0.071151,10564,153567,0.018891,40722,731961,0.090043,8129050
3,2021-01-28,51622,936215,23922,496926,27700,439289,0,0,42669,612257,0.075317,8864,162431,0.019982,42727,774688,0.095299,8129050
3,2021-01-29,50746,986961,24322,521248,26424,465713,0,0,41038,643831,0.079201,9511,171942,0.021152,41085,815773,0.100353,8129050
3,2021-01-30,37247,1024208,17577,538825,19670,485383,0,0,32519,671762,0.082637,4672,176614,0.021726,32603,848376,0.104363,8129050
3,2021-01-31,22206,1046414,12567,551392,9639,495022,0,0,20802,691192,0.085027,1391,178005,0.021897,20821,869197,0.106925,8129050
3,2021-02-01,45712,1092126,20856,572248,24856,519878,0,0,34863,715289,0.087992,10800,188805,0.023226,34897,904094,0.111218,8129050
3,2021-02-02,54317,1146443,22570,594818,31747,551625,0,0,41864,744843,0.091627,12361,201166,0.024747,41915,946009,0.116374,8129050
3,2021-02-03,60131,1206574,26772,621590,33359,584984,0,0,44678,774305,0.095252,15288,216454,0.026627,44750,990759,0.121879,8129050
3,2021-02-04,64403,1270977,27974,649564,36429,621413,0,0,47207,804639,0.098983,16983,233437,0.028716,47317,1038076,0.1277,8129050
3,2021-02-05,70388,1341365,29904,679468,40484,661897,0,0,48601,831882,0.102334,21529,254966,0.031365,48772,1086848,0.133699,8129050
3,2021-02-06,43898,1385263,21197,700665,22701,684598,0,0,34132,856478,0.10536,9718,264684,0.03256,34314,1121162,0.13792,8129050
3,2021-02-07,19525,1404788,12371,713036,7154,691752,0,0,15018,867132,0.106671,4490,269174,0.033113,15144,1136306,0.139783,8129050
3,2021-02-08,51137,1455925,24646,737682,26491,718243,0,0,33511,883335,0.108664,17493,286667,0.035265,33696,1170002,0.143929,8129050
3,2021-02-09,58432,1514357,28327,766009,30105,748348,0,0,34241,893983,0.109974,23942,310609,0.03821,34590,1204592,0.148184,8129050
3,2021-02-10,67967,1582324,31563,797572,36404,784752,0,0,36481,899767,0.110685,31229,341838,0.042051,37013,1241605,0.152737,8129050
3,2021-02-11,70607,1652931,34791,832363,35816,820568,0,0,37451,904979,0.111327,32777,374615,0.046083,37989,1279594,0.15741,8129050
3,2021-02-12,75539,1728470,32675,865038,42864,863432,0,0,41663,913873,0.112421,33550,408165,0.050211,42444,1322038,0.162631,8129050
3,2021-02-13,45195,1773665,20478,885516,24717,888149,0,0,26012,921395,0.113346,19074,427239,0.052557,26596,1348634,0.165903,8129050
3,2021-02-14,27302,1800967,13665,899181,13637,901786,0,0,15183,924961,0.113785,12065,439304,0.054041,15631,1364265,0.167826,8129050
3,2021-02-15,40052,1841019,17216,916397,22836,924622,0,0,22149,930239,0.114434,17807,457111,0.056232,23085,1387350,0.170666,8129050
3,2021-02-16,70065,1911084,33163,949560,36902,961524,0,0,36396,934139,0.114914,33523,490634,0.060356,37423,1424773,0.175269,8129050
3,2021-02-17,71780,1982864,36346,985906,35434,996958,0,0,34130,931922,0.114641,37423,528057,0.064959,35206,1459979,0.1796,8129050
3,2021-02-18,76982,2059846,40232,1026138,36750,1033708,0,0,35644,927746,0.114127,41164,569221,0.070023,36988,1496967,0.18415,8129050
3,2021-02-19,69115,2128961,39816,1065954,29299,1063007,0,0,34908,929282,0.114316,34068,603289,0.074214,35604,1532571,0.18853,8129050
3,2021-02-20,42819,2171780,26984,1092938,15835,1078842,0,0,22461,932002,0.114651,20241,623530,0.076704,22961,1555532,0.191355,8129050
3,2021-02-21,23956,2195736,19263,1112201,4693,1083535,0,0,11795,932111,0.114664,12068,635598,0.078188,12177,1567709,0.192853,8129050
3,2021-02-22,46635,2242371,30409,1142610,16226,1099761,0,0,21879,929841,0.114385,24636,660234,0.081219,22366,1590075,0.195604,8129050
3,2021-02-23,62368,2304739,33993,1176603,28375,1128136,0,0,27354,924351,0.11371,34831,695065,0.085504,29341,1619416,0.199213,8129050
3,2021-02-24,77907,2382646,38212,1214815,39695,1167831,0,0,34641,918445,0.112983,43060,738125,0.090801,37154,1656570,0.203784,8129050
3,2021-02-25,86551,2469197,42170,1256985,44381,1212212,0,0,43361,921470,0.113355,42928,781053,0.096082,45953,1702523,0.209437,8129050
3,2021-02-26,97098,2566295,44425,1301410,52673,1264885,0,0,51549,930039,0.114409,45185,826238,0.10164,53754,1756277,0.216049,8129050
3,2021-02-27,68659,2634954,31604,1333014,37052,1301937,3,3,36531,935950,0.115136,31929,858167,0.105568,37840,1794117,0.220704,8129050
3,2021-02-28,39916,2674870,22974,1355988,16939,1318876,3,6,20732,938616,0.115464,19019,877186,0.107908,21685,1815802,0.223372,8129050
3,2021-03-01,67657,2742527,35910,1391898,31721,1350597,26,32,37818,948148,0.116637,29651,906837,0.111555,39183,1854985,0.228192,8129050
3,2021-03-02,78146,2820673,38601,1430499,39537,1390134,8,40,45726,963671,0.118547,32280,939117,0.115526,47803,1902788,0.234073,8129050
3,2021-03-03,89172,2909845,42779,1473278,46375,1436509,18,58,50053,977108,0.1202,38902,978019,0.120312,52339,1955127,0.240511,8129050
3,2021-03-04,93190,3003035,45632,1518910,47537,1484046,21,79,52990,992416,0.122083,39979,1017998,0.12523,55287,2010414,0.247312,8129050
3,2021-03-05,89797,3092832,43978,1562888,45529,1529575,290,369,54877,1015123,0.124876,34687,1052685,0.129497,57394,2067808,0.254373,8129050
3,2021-03-06,65021,3157853,32942,1595830,29930,1559505,2149,2518,37334,1028535,0.126526,27541,1080226,0.132885,40953,2108761,0.259411,8129050
3,2021-03-07,37860,3195713,22400,1618230,14308,1573813,1152,3670,21638,1036336,0.127485,16154,1096380,0.134872,23955,2132716,0.262357,8129050
3,2021-03-08,59230,3254943,28343,1646573,28020,1601833,2867,6537,37572,1056817,0.130005,21502,1117882,0.137517,41983,2174699,0.267522,8129050
3,2021-03-09,76763,3331706,35514,1682087,36879,1638712,4370,10907,41325,1068371,0.131426,35306,1153188,0.14186,46860,2221559,0.273286,8129050
3,2021-03-10,82914,3414620,41372,1723459,35453,1674165,6089,16996,43342,1079844,0.132838,39354,1192542,0.146701,50827,2272386,0.279539,8129050
3,2021-03-11,97117,3511737,47519,1770978,41017,1715182,8581,25577,47602,1087856,0.133823,49252,1241794,0.15276,57264,2329650,0.286583,8129050
3,2021-03-12,101973,3613710,45421,1816399,44692,1759874,11860,37437,46763,1092644,0.134412,54976,1296770,0.159523,59764,2389414,0.293935,8129050
3,2021-03-13,70560,3684270,29687,1846086,33632,1793506,7241,44678,37344,1105487,0.135992,33095,1329865,0.163594,45938,2435352,0.299586,8129050
3,2021-03-14,41326,3725596,21573,1867659,16187,1809693,3566,48244,20796,1110033,0.136551,20445,1350310,0.166109,24991,2460343,0.302661,8129050
3,2021-03-15,75636,3801232,35845,1903504,35245,1844938,4546,52790,39895,1119953,0.137772,35524,1385834,0.170479,45444,2505787,0.308251,8129050
3,2021-03-16,95035,3896267,43823,1947327,46889,1891827,4323,57113,53534,1137464,0.139926,41265,1427099,0.175555,58776,2564563,0.315481,8129050
3,2021-03-17,98168,3994435,47703,1995030,45955,1937782,4510,61623,59755,1164215,0.143217,38178,1465277,0.180252,64929,2629492,0.323469,8129050
3,2021-03-18,103542,4097977,52703,2047733,46323,1984105,4516,66139,59761,1185540,0.14584,43506,1508783,0.185604,64831,2694323,0.331444,8129050
3,2021-03-19,103232,4201209,55395,2103128,43381,2027486,4456,70595,57899,1203403,0.148037,45053,1553836,0.191146,62916,2757239,0.339183,8129050
3,2021-03-20,71823,4273032,37008,2140136,31182,2058668,3633,74228,44602,1225112,0.150708,27034,1580870,0.194472,48743,2805982,0.34518,8129050
3,2021-03-21,36297,4309329,24698,2164834,10096,2068764,1503,75731,21967,1234827,0.151903,14231,1595101,0.196222,23946,2829928,0.348125,8129050
3,2021-03-22,70427,4379756,41425,2206259,26487,2095251,2515,78246,45135,1258421,0.154805,25073,1620174,0.199307,48667,2878595,0.354112,8129050
3,2021-03-23,89629,4469385,49639,2255898,37469,2132720,2521,80767,55208,1282692,0.157791,34164,1654338,0.203509,58435,2937030,0.361301,8129050
3,2021-03-24,98580,4567965,56768,2312666,38914,2171634,2898,83665,56391,1300743,0.160012,41843,1696181,0.208657,59894,2996924,0.368668,8129050
3,2021-03-25,107142,4675107,59545,2372211,44650,2216284,2947,86612,60727,1318977,0.162255,46082,1742263,0.214326,64316,3061240,0.37658,8129050
3,2021-03-26,110392,4785499,59252,2431463,47837,2264121,3303,89915,57443,1327930,0.163356,52637,1794900,0.220801,61590,3122830,0.384157,8129050
3,2021-03-27,74442,4859941,37885,2469348,34012,2298133,2545,92460,36341,1329597,0.163561,37891,1832791,0.225462,39558,3162388,0.389023,8129050
3,2021-03-28,44326,4904267,27920,2497268,15593,2313726,813,93273,22519,1331875,0.163841,21695,1854486,0.228131,23973,3186361,0.391972,8129050
3,2021-03-29,80612,4984879,42070,2539338,36681,2350407,1861,95134,44354,1342891,0.165197,36010,1890496,0.232561,47026,3233387,0.397757,8129050
3,2021-03-30,100076,5084955,49185,2588523,47264,2397671,3627,98761,56251,1359793,0.167276,43578,1934074,0.237921,60480,3293867,0.405197,8129050
3,2021-03-31,105006,5189961,56620,2645143,43547,2441218,4839,103600,56202,1372578,0.168849,48584,1982658,0.243898,61369,3355236,0.412746,8129050
3,2021-04-01,123465,5313426,62446,2707589,51281,2492499,9738,113338,66807,1393154,0.17138,56285,2038943,0.250822,76861,3432097,0.422201,8129050
3,2021-04-02,117861,5431287,57547,2765136,49994,2542493,10320,123658,62496,1411366,0.17362,55088,2094031,0.257598,73300,3505397,0.431219,8129050
3,2021-04-03,76062,5507349,38864,2804000,27965,2570458,9233,132891,38003,1420999,0.174805,37917,2131948,0.262263,47550,3552947,0.437068,8129050
3,2021-04-04,32400,5539749,17323,2821323,10865,2581323,4212,137103,14232,1421388,0.174853,18086,2150034,0.264488,18475,3571422,0.439341,8129050
3,2021-04-05,89049,5628798,45202,2866525,34715,2616038,9132,146235,43545,1429601,0.175863,45287,2195321,0.270059,53500,3624922,0.445922,8129050
3,2021-04-06,113364,5742162,55176,2921701,43010,2659048,15178,161413,53406,1439199,0.177044,59692,2255013,0.277402,69290,3694212,0.454446,8129050
3,2021-04-07,116306,5858468,60159,2981860,39847,2698895,16300,177713,56289,1452298,0.178655,59765,2314778,0.284754,72864,3767076,0.463409,8129050
3,2021-04-08,121370,5979838,60417,3042277,40804,2739699,20149,197862,56262,1464665,0.180177,64813,2379591,0.292727,77180,3844256,0.472903,8129050
3,2021-04-09,118308,6098146,58975,3101252,40197,2779896,19136,216998,51956,1470546,0.1809,66110,2445701,0.300859,71991,3916247,0.481759,8129050
3,2021-04-10,84397,6182543,37870,3139122,31266,2811162,15261,232259,34336,1471070,0.180965,49891,2495592,0.306997,50415,3966662,0.487961,8129050
3,2021-04-11,45262,6227805,24288,3163410,13005,2824167,7969,240228,17178,1469057,0.180717,27994,2523586,0.31044,25981,3992643,0.491157,8129050
3,2021-04-12,83947,6311752,42429,3205839,32743,2856910,8775,249003,38035,1471268,0.180989,45683,2569269,0.31606,47894,4040537,0.497049,8129050
3,2021-04-13,105502,6417254,57154,3262993,48133,2905043,215,249218,55717,1478522,0.181881,49559,2618828,0.322157,56813,4097350,0.504038,8129050
3,2021-04-14,107642,6524896,58855,3321848,48690,2953733,97,249315,53611,1479920,0.182053,53746,2672574,0.328768,55144,4152494,0.510822,8129050
3,2021-04-15,119407,6644303,67202,3389050,52131,3005864,74,249389,63968,1489638,0.183249,55130,2727704,0.33555,64848,4217342,0.518799,8129050
3,2021-04-16,115524,6759827,64803,3453853,50626,3056490,95,249484,60401,1495977,0.184029,54822,2782526,0.342294,61161,4278503,0.526323,8129050
3,2021-04-17,79426,6839253,43330,3497183,36082,3092572,14,249498,44322,1506391,0.18531,34888,2817414,0.346586,45302,4323805,0.531895,8129050
3,2021-04-18,38718,6877971,23343,3520526,15372,3107944,3,249501,18218,1505089,0.185149,20397,2837811,0.349095,19095,4342900,0.534244,8129050
3,2021-04-19,79254,6957225,44167,3564693,35034,3142978,53,249554,35862,1498291,0.184313,43220,2881031,0.354412,36422,4379322,0.538725,8129050
3,2021-04-20,100883,7058108,53111,3617804,47755,3190733,17,249571,49044,1496780,0.184127,51598,2932629,0.360759,50087,4429409,0.544886,8129050
3,2021-04-21,105542,7163650,59243,3677047,46231,3236964,68,249639,49924,1492587,0.183611,55269,2987898,0.367558,51076,4480485,0.55117,8129050
3,2021-04-22,111255,7274905,62501,3739548,48733,3285697,21,249660,47911,1478469,0.181875,63010,3050908,0.375309,48892,4529377,0.557184,8129050
3,2021-04-23,105599,7380504,60415,3799963,45158,3330855,26,249686,46330,1466888,0.18045,58947,3109855,0.382561,47366,4576743,0.563011,8129050
3,2021-04-24,73155,7453659,45250,3845213,27842,3358697,63,249749,35722,1466486,0.180401,37179,3147034,0.387134,36777,4613520,0.567535,8129050
3,2021-04-25,36657,7490316,23400,3868613,13240,3371937,17,249766,18716,1467822,0.180565,17803,3164837,0.389324,19139,4632659,0.569889,8129050
3,2021-04-26,73479,7563795,41458,3910071,31616,3403553,405,250171,31438,1459215,0.179506,41791,3206628,0.394465,33184,4665843,0.573971,8129050
3,2021-04-27,90694,7654489,47602,3957673,41355,3444908,1737,251908,36060,1443435,0.177565,54346,3260974,0.401151,38566,4704409,0.578716,8129050
3,2021-04-28,86319,7740808,48987,4006660,35204,3480112,2128,254036,35323,1430699,0.175998,50717,3311691,0.40739,37981,4742390,0.583388,8129050
3,2021-04-29,88454,7829262,50561,4057221,35698,3515810,2195,256231,31609,1408456,0.173262,56533,3368224,0.414344,34290,4776680,0.587606,8129050
3,2021-04-30,90115,7919377,50841,4108062,36796,3552606,2478,258709,33588,1388769,0.17084,56221,3424445,0.42126,36534,4813214,0.5921,8129050
3,2021-05-01,54876,7974253,34507,4142569,18908,3571514,1461,260170,19730,1375513,0.16921,34930,3459375,0.425557,21674,4834888,0.594767,8129050
3,2021-05-02,26815,8001068,18292,4160861,7512,3579026,1011,261181,9836,1369561,0.168477,16896,3476271,0.427636,10944,4845832,0.596113,8129050
3,2021-05-03,59220,8060288,34587,4195448,22270,3601296,2363,263544,17380,1347835,0.165805,41648,3517919,0.432759,19922,4865754,0.598564,8129050
3,2021-05-04,77236,8137524,44640,4240088,29941,3631237,2655,266199,22490,1318795,0.162232,54470,3572389,0.43946,25430,4891184,0.601692,8129050
3,2021-05-05,78704,8216228,47287,4287375,28727,3659964,2690,268889,21869,1287108,0.158334,56531,3628920,0.446414,24844,4916028,0.604748,8129050
3,2021-05-06,82701,8298929,52212,4339587,27967,3687931,2522,271411,20635,1249196,0.153671,61615,3690535,0.453993,23703,4939731,0.607664,8129050
3,2021-05-07,82029,8380958,51099,4390686,28312,3716243,2618,274029,21824,1214055,0.149348,59876,3750411,0.461359,24735,4964466,0.610707,8129050
3,2021-05-08,52178,8433136,32322,4423008,18154,3734397,1702,275731,13850,1191791,0.146609,38078,3788489,0.466043,15814,4980280,0.612652,8129050
3,2021-05-09,20864,8454000,15273,4438281,4806,3739203,785,276516,5522,1182907,0.145516,15258,3803747,0.46792,6374,4986654,0.613436,8129050
3,2021-05-10,47812,8501812,25613,4463894,20297,3759500,1902,278418,11117,1159685,0.142659,36505,3840252,0.472411,13283,4999937,0.61507,8129050
3,2021-05-11,63589,8565401,35546,4499440,25837,3785337,2206,280624,16120,1131237,0.13916,47241,3887493,0.478222,18793,5018730,0.617382,8129050
3,2021-05-12,64459,8629860,37016,4536456,25054,3810391,2389,283013,16525,1102752,0.135656,47698,3935191,0.48409,19213,5037943,0.619746,8129050
3,2021-05-13,74927,8704787,47223,4583679,25809,3836200,1895,284908,27477,1085519,0.133536,47214,3982405,0.489898,29981,5067924,0.623434,8129050
3,2021-05-14,79909,8784696,50499,4634178,27282,3863482,2128,287036,31024,1070657,0.131708,48611,4031016,0.495878,33749,5101673,0.627585,8129050
3,2021-05-15,61692,8846388,42588,4676766,17900,3881382,1204,288240,25572,1061719,0.130608,35931,4066947,0.500298,26993,5128666,0.630906,8129050
3,2021-05-16,33014,8879402,24667,4701433,7660,3889042,687,288927,13364,1056314,0.129943,19542,4086489,0.502702,14137,5142803,0.632645,8129050
3,2021-05-17,56679,8936081,36102,4737535,18749,3907791,1828,290755,20956,1043840,0.128409,35463,4121952,0.507064,22989,5165792,0.635473,8129050
3,2021-05-18,64242,9000323,37981,4775516,24420,3932211,1841,292596,24236,1030570,0.126776,39741,4161693,0.511953,26471,5192263,0.638729,8129050
3,2021-05-19,63605,9063928,38665,4814181,23208,3955419,1732,294328,24737,1018683,0.125314,38627,4200320,0.516705,26740,5219003,0.642019,8129050
3,2021-05-20,61096,9125024,35766,4849947,23513,3978932,1817,296145,22002,1004024,0.123511,38823,4239143,0.521481,24164,5243167,0.644991,8129050
3,2021-05-21,65364,9190388,39779,4889726,23503,4002435,2082,298227,23461,988254,0.121571,41611,4280754,0.5266,25841,5269008,0.64817,8129050
3,2021-05-22,45456,9235844,30135,4919861,13856,4016291,1465,299692,19023,982758,0.120895,26240,4306994,0.529827,20744,5289752,0.650722,8129050
3,2021-05-23,21364,9257208,14957,4934818,5758,4022049,649,300341,9154,980543,0.120622,12128,4319122,0.531319,9913,5299665,0.651941,8129050
3,2021-05-24,39315,9296523,23016,4957834,14555,4036604,1744,302085,14644,972644,0.11965,24493,4343615,0.534332,16594,5316259,0.653983,8129050
3,2021-05-25,42507,9339030,23929,4981763,16915,4053519,1663,303748,15138,962545,0.118408,27123,4370738,0.537669,17024,5333283,0.656077,8129050
3,2021-05-26,42149,9381179,24154,5005917,16287,4069806,1708,305456,15845,954209,0.117383,26020,4396758,0.54087,17684,5350967,0.658252,8129050
3,2021-05-27,39228,9420407,22003,5027920,15486,4085292,1739,307195,15453,948016,0.116621,23624,4420382,0.543776,17431,5368398,0.660397,8129050
3,2021-05-28,42551,9462958,24039,5051959,16722,4102014,1790,308985,17706,943181,0.116026,24650,4445032,0.546808,19815,5388213,0.662834,8129050
3,2021-05-29,23343,9486301,14250,5066209,8257,4110271,836,309821,10934,942785,0.115977,12289,4457321,0.54832,11893,5400106,0.664297,8129050
3,2021-05-30,10540,9496841,6832,5073041,3075,4113346,633,310454,4440,941868,0.115864,6030,4463351,0.549062,5113,5405219,0.664926,8129050
3,2021-05-31,4610,9501451,2659,5075700,1683,4115029,268,310722,1449,940481,0.115694,3131,4466482,0.549447,1744,5406963,0.665141,8129050
3,2021-06-01,37558,9539009,21649,5097349,14477,4129506,1432,312154,13163,931088,0.114538,24183,4490665,0.552422,14790,5421753,0.66696,8129050
3,2021-06-02,31411,9570420,18049,5115398,11949,4141455,1413,313567,11635,924687,0.113751,19575,4510240,0.55483,13174,5434927,0.668581,8129050
3,2021-06-03,39470,9609890,27012,5142410,11036,4152491,1422,314989,11475,909988,0.111943,27816,4538056,0.558252,13117,5448044,0.670194,8129050
3,2021-06-04,46018,9655908,32556,5174966,11929,4164420,1533,316522,13110,892359,0.109774,32676,4570732,0.562271,15047,5463091,0.672045,8129050
3,2021-06-05,34175,9690083,25773,5200739,7214,4171634,1188,317710,8694,877143,0.107902,25280,4596012,0.565381,10064,5473155,0.673283,8129050
3,2021-06-06,14533,9704616,12130,5212869,1823,4173457,580,318290,3716,870837,0.107127,10762,4606774,0.566705,4456,5477611,0.673832,8129050
3,2021-06-07,30279,9734895,22016,5234885,6990,4180447,1273,319563,8674,859433,0.105724,21468,4628242,0.569346,10064,5487675,0.67507,8129050
3,2021-06-08,34224,9769119,24590,5259475,8349,4188796,1285,320848,9970,846855,0.104176,24044,4652286,0.572304,11466,5499141,0.67648,8129050
3,2021-06-09,32832,9801951,23829,5283304,7715,4196511,1288,322136,8853,833338,0.102514,23813,4676099,0.575233,10296,5509437,0.677747,8129050
3,2021-06-10,32329,9834280,23340,5306644,7461,4203972,1528,323664,9014,820899,0.100983,23175,4699274,0.578084,10736,5520173,0.679067,8129050
3,2021-06-11,35332,9869612,24990,5331634,8982,4212954,1360,325024,10512,808312,0.099435,24636,4723910,0.581115,12049,5532222,0.68055,8129050
3,2021-06-12,25055,9894667,18897,5350531,5268,4218222,890,325914,6696,797801,0.098142,18245,4742155,0.583359,7734,5539956,0.681501,8129050
3,2021-06-13,10095,9904762,7556,5358087,2047,4220269,492,326406,2358,793031,0.097555,7687,4749842,0.584305,2917,5542873,0.68186,8129050
3,2021-06-14,25644,9930406,18364,5376451,5874,4226143,1406,327812,8038,785133,0.096584,17477,4767319,0.586455,9579,5552452,0.683038,8129050
3,2021-06-15,28546,9958952,19337,5395788,7717,4233860,1492,329304,9646,777753,0.095676,18680,4785999,0.588753,11300,5563752,0.684428,8129050
3,2021-06-16,25722,9984674,18257,5414045,6071,4239931,1394,330698,8702,771156,0.094864,16845,4802844,0.590825,10248,5574000,0.685689,8129050
3,2021-06-17,24653,10009327,17681,5431726,5716,4245647,1256,331954,8563,765171,0.094128,15937,4818781,0.592785,9952,5583952,0.686913,8129050
3,2021-06-18,27757,10037084,19596,5451322,6604,4252251,1557,333511,9743,758836,0.093349,17799,4836580,0.594975,11464,5595416,0.688323,8129050
3,2021-06-19,15849,10052933,11626,5462948,3371,4255622,852,334363,5719,755501,0.092938,10009,4846589,0.596206,6674,5602090,0.689144,8129050
3,2021-06-20,6833,10059766,5135,5468083,1402,4257024,296,334659,2601,754271,0.092787,4180,4850769,0.59672,2950,5605040,0.689507,8129050
3,2021-06-21,16094,10075860,10181,5478264,4539,4261563,1374,336033,8037,755829,0.092979,7972,4858741,0.597701,9530,5614570,0.69068,8129050
3,2021-06-22,21894,10097754,15377,5493641,5263,4266826,1254,337287,8229,751913,0.092497,13550,4872291,0.599368,9634,5624204,0.691865,8129050
3,2021-06-23,20069,10117823,14105,5507746,4666,4271492,1298,338585,7985,749357,0.092183,11974,4884265,0.600841,9418,5633622,0.693023,8129050
3,2021-06-24,19804,10137627,13793,5521539,4581,4276073,1430,340015,7733,746721,0.091858,11910,4896175,0.602306,9274,5642896,0.694164,8129050
3,2021-06-25,23117,10160744,16397,5537936,5312,4281385,1408,341423,9050,743358,0.091445,13947,4910122,0.604022,10584,5653480,0.695466,8129050
3,2021-06-26,13716,10174460,10166,5548102,2785,4284170,765,342188,5726,742073,0.091287,7927,4918049,0.604997,6642,5660122,0.696283,8129050
3,2021-06-27,6651,10181111,5127,5553229,1215,4285385,309,342497,2851,741498,0.091216,3765,4921814,0.60546,3190,5663312,0.696676,8129050
3,2021-06-28,15706,10196817,12068,5565297,2583,4287968,1055,343552,6641,740324,0.091071,8968,4930782,0.606563,7794,5671106,0.697635,8129050
3,2021-06-29,17795,10214612,12558,5577855,4265,4292233,972,344524,7303,738346,0.090828,10382,4941164,0.60784,8404,5679510,0.698668,8129050
3,2021-06-30,16716,10231328,11864,5589719,3821,4296054,1031,345555,7205,737317,0.090701,9404,4950568,0.608997,8375,5687885,0.699699,8129050
3,2021-07-01,15919,10247247,11383,5601102,3508,4299562,1028,346583,6721,736053,0.090546,9110,4959678,0.610118,7846,5695731,0.700664,8129050
3,2021-07-02,17906,10265153,12800,5613902,4048,4303610,1058,347641,7662,734725,0.090383,10144,4969822,0.611366,8816,5704547,0.701748,8129050
3,2021-07-03,9822,10274975,7120,5621022,2290,4305900,412,348053,4225,733920,0.090284,5536,4975358,0.612047,4731,5709278,0.70233,8129050
3,2021-07-04,681,10275656,388,5621410,205,4306105,88,348141,263,733872,0.090278,415,4975773,0.612098,367,5709645,0.702375,8129050
3,2021-07-05,5457,10281113,3630,5625040,1592,4307697,235,348376,2451,733615,0.090246,2971,4978744,0.612463,2714,5712359,0.702709,8129050
4,2020-12-15,454,454,454,454,0,0,0,0,454,454,5.6e-05,0,0,0.0,454,454,5.6e-05,8037679
4,2020-12-16,3013,3467,3013,3467,0,0,0,0,3013,3467,0.000431,0,0,0.0,3013,3467,0.000431,8037679
4,2020-12-17,8907,12374,8907,12374,0,0,0,0,8907,12374,0.001539,0,0,0.0,8907,12374,0.001539,8037679
4,2020-12-18,16122,28496,16111,28485,11,11,0,0,16122,28496,0.003545,0,0,0.0,16122,28496,0.003545,8037679
4,2020-12-19,10354,38850,10345,38830,9,20,0,0,10289,38785,0.004825,0,0,0.0,10289,38785,0.004825,8037679
4,2020-12-20,7396,46246,7389,46219,7,27,0,0,7351,46136,0.00574,0,0,0.0,7351,46136,0.00574,8037679
4,2020-12-21,16360,62606,16334,62553,26,53,0,0,16293,62428,0.007767,1,1,0.0,16293,62429,0.007767,8037679
4,2020-12-22,17178,79784,16440,78993,738,791,0,0,17131,79556,0.009898,3,4,0.0,17131,79560,0.009898,8037679
4,2020-12-23,17086,96870,14379,93372,2707,3498,0,0,17055,96609,0.01202,2,6,1e-06,17055,96615,0.01202,8037679
4,2020-12-24,8523,105393,5948,99320,2575,6073,0,0,8523,105132,0.01308,0,6,1e-06,8523,105138,0.013081,8037679
4,2020-12-25,904,106297,799,100119,105,6178,0,0,904,106036,0.013192,0,6,1e-06,904,106042,0.013193,8037679
4,2020-12-26,6173,112470,3895,104014,2278,8456,0,0,6173,112209,0.01396,0,6,1e-06,6173,112215,0.013961,8037679
4,2020-12-27,3435,115905,2000,106014,1435,9891,0,0,3435,115644,0.014388,0,6,1e-06,3435,115650,0.014388,8037679
4,2020-12-28,15092,130997,9326,115340,5766,15657,0,0,15064,130707,0.016262,1,7,1e-06,15064,130714,0.016263,8037679
4,2020-12-29,15363,146360,8505,123845,6858,22515,0,0,15329,146036,0.018169,0,7,1e-06,15329,146043,0.01817,8037679
4,2020-12-30,18933,165293,11068,134913,7865,30380,0,0,18922,164956,0.020523,2,9,1e-06,18922,164965,0.020524,8037679
4,2020-12-31,8269,173562,3355,138268,4914,35294,0,0,8257,173204,0.021549,9,18,2e-06,8257,173222,0.021551,8037679
4,2021-01-01,1523,175085,679,138947,844,36138,0,0,1518,174720,0.021738,2,20,2e-06,1518,174740,0.02174,8037679
4,2021-01-02,5720,180805,3229,142176,2491,38629,0,0,5719,180438,0.022449,1,21,3e-06,5719,180459,0.022452,8037679
4,2021-01-03,2140,182945,1267,143443,873,39502,0,0,2124,182558,0.022713,4,25,3e-06,2124,182583,0.022716,8037679
4,2021-01-04,12936,195881,7005,150448,5931,45433,0,0,12888,195417,0.024313,29,54,7e-06,12888,195471,0.024319,8037679
4,2021-01-05,16877,212758,9999,160447,6878,52311,0,0,14689,207957,0.025873,2162,2216,0.000276,14702,210173,0.026148,8037679
4,2021-01-06,21587,234345,13227,173674,8360,60671,0,0,15528,217486,0.027058,6012,8228,0.001024,15541,225714,0.028082,8037679
4,2021-01-07,27938,262283,17025,190699,10913,71584,0,0,16696,223018,0.027747,11185,19413,0.002415,16717,242431,0.030162,8037679
4,2021-01-08,32806,295089,21063,211762,11743,83327,0,0,18297,226887,0.028228,14447,33860,0.004213,18316,260747,0.032441,8037679
4,2021-01-09,16285,311374,9644,221406,6641,89968,0,0,9466,229564,0.028561,6800,40660,0.005059,9477,270224,0.03362,8037679
4,2021-01-10,8768,320142,5659,227065,3109,93077,0,0,4148,229117,0.028505,4603,45263,0.005631,4156,274380,0.034137,8037679
4,2021-01-11,33440,353582,21915,248980,11525,104602,0,0,18862,233480,0.029048,14543,59806,0.007441,18906,293286,0.036489,8037679
4,2021-01-12,38566,392148,22252,271232,16314,120916,0,0,24257,243536,0.030299,14240,74046,0.009212,24296,317582,0.039512,8037679
4,2021-01-13,38784,430932,19179,290411,19605,140521,0,0,27401,259635,0.032302,11329,85375,0.010622,27428,345010,0.042924,8037679
4,2021-01-14,39300,470232,15108,305519,24192,164713,0,0,32123,284660,0.035416,7127,92502,0.011509,32152,377162,0.046924,8037679
4,2021-01-15,45352,515584,15739,321258,29613,194326,0,0,39709,318807,0.039664,5584,98086,0.012203,39731,416893,0.051867,8037679
4,2021-01-16,28748,544332,9355,330613,19393,213719,0,0,25596,341303,0.042463,3118,101204,0.012591,25614,442507,0.055054,8037679
4,2021-01-17,19063,563395,6670,337283,12393,226112,0,0,17534,357345,0.044459,1506,102710,0.012779,17548,460055,0.057237,8037679
4,2021-01-18,29472,592867,13638,350921,15834,241946,0,0,23467,374925,0.046646,5913,108623,0.013514,23493,483548,0.06016,8037679
4,2021-01-19,46112,638979,23078,373999,23034,264980,0,0,36738,402419,0.050067,9317,117940,0.014673,36811,520359,0.06474,8037679
4,2021-01-20,52625,691604,28193,402192,24432,289412,0,0,42077,434108,0.054009,10448,128388,0.015973,42137,562496,0.069982,8037679
4,2021-01-21,57566,749170,25881,428073,31685,321097,0,0,50806,478267,0.059503,6690,135078,0.016806,50849,613345,0.076309,8037679
4,2021-01-22,55342,804512,22253,450326,33089,354186,0,0,50161,523373,0.065115,5082,140160,0.017438,50188,663533,0.082553,8037679
4,2021-01-23,39654,844166,17404,467730,22250,376436,0,0,35310,554379,0.068973,4334,144494,0.017977,35340,698873,0.08695,8037679
4,2021-01-24,23941,868107,10490,478220,13451,389887,0,0,22048,574563,0.071484,1882,146376,0.018211,22066,720939,0.089695,8037679
4,2021-01-25,47971,916078,22132,500352,25839,415726,0,0,36827,600338,0.07469,11108,157484,0.019593,36883,757822,0.094284,8037679
4,2021-01-26,56814,972892,28910,529262,27904,443630,0,0,44505,632647,0.07871,12257,169741,0.021118,44566,802388,0.099828,8037679
4,2021-01-27,56216,1029108,26695,555957,29521,473151,0,0,45158,666877,0.082969,10980,180721,0.022484,45210,847598,0.105453,8037679
4,2021-01-28,56581,1085689,25497,581454,31084,504235,0,0,46576,703582,0.087535,9916,190637,0.023718,46621,894219,0.111253,8037679
4,2021-01-29,56565,1142254,27106,608560,29459,533694,0,0,46132,739499,0.092004,10249,200886,0.024993,46166,940385,0.116997,8037679
4,2021-01-30,38023,1180277,17117,625677,20906,554600,0,0,32650,766857,0.095408,5316,206202,0.025654,32674,973059,0.121062,8037679
4,2021-01-31,23869,1204146,12500,638177,11369,565969,0,0,22164,787354,0.097958,1685,207887,0.025864,22182,995241,0.123822,8037679
4,2021-02-01,49711,1253857,23968,662145,25743,591712,0,0,38013,813761,0.101243,11647,219534,0.027313,38054,1033295,0.128556,8037679
4,2021-02-02,55440,1309297,25450,687595,29990,621702,0,0,42544,843525,0.104946,12823,232357,0.028908,42587,1075882,0.133855,8037679
4,2021-02-03,62110,1371407,30452,718047,31658,653360,0,0,47762,877110,0.109125,14231,246588,0.030679,47816,1123698,0.139804,8037679
4,2021-02-04,67726,1439133,31538,749585,36188,689548,0,0,50890,911429,0.113395,16677,263265,0.032754,50996,1174694,0.146148,8037679
4,2021-02-05,73226,1512359,33871,783456,39355,728903,0,0,51023,940641,0.117029,21946,285211,0.035484,51158,1225852,0.152513,8037679
4,2021-02-06,48682,1561041,26147,809603,22535,751438,0,0,37173,966573,0.120255,11442,296653,0.036908,37374,1263226,0.157163,8037679
4,2021-02-07,26419,1587460,17427,827030,8992,760430,0,0,20004,980430,0.121979,6382,303035,0.037702,20239,1283465,0.159681,8037679
4,2021-02-08,58562,1646022,30118,857148,28444,788874,0,0,38058,998382,0.124213,20368,323403,0.040236,38320,1321785,0.164449,8037679
4,2021-02-09,67218,1713240,34069,891217,33149,822023,0,0,39389,1010536,0.125725,27642,351045,0.043675,39796,1361581,0.1694,8037679
4,2021-02-10,77446,1790686,38704,929921,38742,860765,0,0,40626,1015123,0.126296,36584,387629,0.048226,41171,1402752,0.174522,8037679
4,2021-02-11,81245,1871931,42363,972284,38882,899647,0,0,41352,1017479,0.126589,39667,427296,0.053162,42023,1444775,0.17975,8037679
4,2021-02-12,84641,1956572,37904,1010188,46737,946384,0,0,43480,1020814,0.127004,40934,468230,0.058254,44269,1489044,0.185258,8037679
4,2021-02-13,59054,2015626,29902,1040090,29152,975536,0,0,30078,1022954,0.12727,28839,497069,0.061842,30979,1520023,0.189112,8037679
4,2021-02-14,36929,2052555,19199,1059289,17730,993266,0,0,18886,1024513,0.127464,17985,515054,0.06408,19544,1539567,0.191544,8037679
4,2021-02-15,46235,2098790,21623,1080912,24612,1017878,0,0,23728,1026990,0.127772,22430,537484,0.066871,24907,1564474,0.194643,8037679
4,2021-02-16,80109,2178899,36696,1117608,43413,1061291,0,0,40774,1029762,0.128117,39220,576704,0.07175,41992,1606466,0.199867,8037679
4,2021-02-17,81481,2260380,38497,1156105,42984,1104275,0,0,38744,1027079,0.127783,42555,619259,0.077045,39872,1646338,0.204828,8037679
4,2021-02-18,83473,2343853,45923,1202028,37550,1141825,0,0,38640,1022548,0.127219,44652,663911,0.0826,40121,1686459,0.209819,8037679
4,2021-02-19,82978,2426831,52153,1254181,30825,1172650,0,0,41459,1023348,0.127319,41349,705260,0.087744,42149,1728608,0.215063,8037679
4,2021-02-20,49530,2476361,32911,1287092,16619,1189269,0,0,26897,1028390,0.127946,22551,727811,0.09055,27593,1756201,0.218496,8037679
4,2021-02-21,29947,2506308,23809,1310901,6138,1195407,0,0,14563,1027934,0.127889,15304,743115,0.092454,14848,1771049,0.220343,8037679
4,2021-02-22,54730,2561038,37604,1348505,17126,1212533,0,0,26396,1026585,0.127722,28193,771308,0.095962,26844,1797893,0.223683,8037679
4,2021-02-23,75554,2636592,41870,1390375,33684,1246217,0,0,33195,1019278,0.126812,42174,813482,0.101209,34867,1832760,0.228021,8037679
4,2021-02-24,89967,2726559,47502,1437877,42465,1288682,0,0,40597,1012895,0.126018,49132,862614,0.107321,42749,1875509,0.23334,8037679
4,2021-02-25,100275,2826834,52361,1490238,47914,1336596,0,0,48028,1011411,0.125834,52071,914685,0.1138,50587,1926096,0.239633,8037679
4,2021-02-26,106440,2933274,53745,1543983,52695,1389291,0,0,54541,1016650,0.126486,51655,966340,0.120226,56894,1982990,0.246712,8037679
4,2021-02-27,77071,3010345,41942,1585925,35120,1424411,9,9,41370,1023970,0.127396,35540,1001880,0.124648,42860,2025850,0.252044,8037679
4,2021-02-28,47710,3058055,29404,1615329,18299,1442710,7,16,26537,1030387,0.128195,21014,1022894,0.127262,27431,2053281,0.255457,8037679
4,2021-03-01,77901,3135956,45745,1661074,32115,1474825,41,57,43009,1040004,0.129391,34622,1057516,0.13157,44239,2097520,0.260961,8037679
4,2021-03-02,85235,3221191,49034,1710108,36192,1511017,9,66,50419,1057579,0.131578,34641,1092157,0.13588,52216,2149736,0.267457,8037679
4,2021-03-03,100285,3321476,53373,1763481,46898,1557915,14,80,56070,1071430,0.133301,44000,1136157,0.141354,57851,2207587,0.274655,8037679
4,2021-03-04,97138,3418614,53864,1817345,43256,1601171,18,98,53420,1083146,0.134759,43497,1179654,0.146766,55213,2262800,0.281524,8037679
4,2021-03-05,94420,3513034,50939,1868284,43164,1644335,317,415,56008,1103202,0.137254,38198,1217852,0.151518,58254,2321054,0.288772,8037679
4,2021-03-06,76222,3589256,42939,1911223,30663,1674998,2620,3035,46871,1124799,0.139941,29229,1247081,0.155154,50826,2371880,0.295095,8037679
4,2021-03-07,43123,3632379,27272,1938495,14662,1689660,1189,4224,25648,1135310,0.141248,17403,1264484,0.15732,27914,2399794,0.298568,8037679
4,2021-03-08,66612,3698991,34962,1973457,28457,1718117,3193,7417,43989,1161324,0.144485,22499,1286983,0.160119,48513,2448307,0.304604,8037679
4,2021-03-09,81303,3780294,41217,2014674,34953,1753070,5133,12550,43895,1174218,0.146089,37236,1324219,0.164751,50130,2498437,0.310841,8037679
4,2021-03-10,91163,3871457,47034,2061708,36698,1789768,7431,19981,46073,1183761,0.147276,44912,1369131,0.170339,54455,2552892,0.317616,8037679
4,2021-03-11,100677,3972134,52939,2114647,39342,1829110,8396,28377,46470,1185766,0.147526,53963,1423094,0.177053,55968,2608860,0.324579,8037679
4,2021-03-12,104555,4076689,51560,2166207,42747,1871857,10248,38625,44629,1181935,0.147049,59649,1482743,0.184474,55818,2664678,0.331523,8037679
4,2021-03-13,81520,4158209,37820,2204027,35286,1907143,8414,47039,38500,1187071,0.147688,42882,1525625,0.189809,48018,2712696,0.337497,8037679
4,2021-03-14,49881,4208090,28389,2232416,17866,1925009,3626,50665,23246,1188020,0.147806,26544,1552169,0.193112,27493,2740189,0.340918,8037679
4,2021-03-15,83681,4291771,45052,2277468,34381,1959390,4248,54913,42458,1194583,0.148623,40983,1593152,0.19821,47546,2787735,0.346833,8037679
4,2021-03-16,107674,4399445,55990,2333458,48284,2007674,3400,58313,56914,1205071,0.149928,50523,1643675,0.204496,61011,2848746,0.354424,8037679
4,2021-03-17,106911,4506356,57597,2391055,45817,2053491,3497,61810,62607,1227696,0.152743,44043,1687718,0.209976,66668,2915414,0.362718,8037679
4,2021-03-18,107087,4613443,59410,2450465,43986,2097477,3691,65501,60901,1246813,0.155121,45908,1733626,0.215687,65025,2980439,0.370808,8037679
4,2021-03-19,111584,4725027,64254,2514719,42141,2139618,5189,70690,63771,1268603,0.157832,47564,1781190,0.221605,69354,3049793,0.379437,8037679
4,2021-03-20,84037,4809064,49061,2563780,31974,2171592,3002,73692,51789,1291603,0.160694,32103,1813293,0.225599,55103,3104896,0.386293,8037679
4,2021-03-21,48245,4857309,34975,2598755,11017,2182609,2253,75945,28338,1302762,0.162082,19787,1833080,0.228061,30946,3135842,0.390143,8037679
4,2021-03-22,82493,4939802,53924,2652679,25833,2208442,2736,78681,51311,1326572,0.165044,30953,1864033,0.231912,54763,3190605,0.396956,8037679
4,2021-03-23,104840,5044642,62785,2715464,39901,2248343,2154,80835,62472,1349645,0.167915,42095,1906128,0.237149,65168,3255773,0.405064,8037679
4,2021-03-24,113482,5158124,73269,2788733,37804,2286147,2409,83244,64022,1367496,0.170136,49032,1955160,0.243249,66883,3322656,0.413385,8037679
4,2021-03-25,117054,5275178,72083,2860816,42582,2328729,2389,85633,67138,1388056,0.172694,49444,2004604,0.249401,70004,3392660,0.422094,8037679
4,2021-03-26,119663,5394841,72627,2933443,43995,2372724,3041,88674,65647,1403676,0.174637,53662,2058266,0.256077,69282,3461942,0.430714,8037679
4,2021-03-27,91987,5486828,54244,2987687,35957,2408681,1786,90460,46865,1407931,0.175166,44881,2103147,0.261661,49136,3511078,0.436827,8037679
4,2021-03-28,55755,5542583,36802,3024489,18081,2426762,872,91332,29663,1412915,0.175786,25923,2129070,0.264886,30907,3541985,0.440673,8037679
4,2021-03-29,93556,5636139,56059,3080548,35421,2462183,2076,93408,50807,1423838,0.177145,42508,2171578,0.270175,53431,3595416,0.44732,8037679
4,2021-03-30,117101,5753240,63879,3144427,49059,2511242,4163,97571,69614,1450784,0.180498,47257,2218835,0.276054,74203,3669619,0.456552,8037679
4,2021-03-31,121031,5874271,71410,3215837,43300,2554542,6321,103892,67911,1472451,0.183194,52771,2271606,0.28262,74438,3744057,0.465813,8037679
4,2021-04-01,142475,6016746,81256,3297093,47969,2602511,13250,117142,84028,1511875,0.188098,58010,2329616,0.289837,97434,3841491,0.477935,8037679
4,2021-04-02,136581,6153327,72979,3370072,50022,2652533,13580,130722,79095,1547655,0.19255,57194,2386810,0.296953,92974,3934465,0.489503,8037679
4,2021-04-03,101213,6254540,54102,3424174,33707,2686240,13404,144126,52771,1565816,0.194809,48239,2435049,0.302954,66400,4000865,0.497764,8037679
4,2021-04-04,46865,6301405,24740,3448914,14604,2700844,7521,151647,20482,1567558,0.195026,26276,2461325,0.306223,28018,4028883,0.50125,8037679
4,2021-04-05,109292,6410697,61478,3510392,35025,2735869,12789,164436,57082,1585986,0.197319,52003,2513328,0.312693,70431,4099314,0.510012,8037679
4,2021-04-06,138742,6549439,78118,3588510,40890,2776759,19734,184170,72203,1612215,0.200582,66306,2579634,0.320943,92535,4191849,0.521525,8037679
4,2021-04-07,137563,6687002,77941,3666451,38925,2815684,20697,204867,71281,1638444,0.203845,66033,2645667,0.329158,92262,4284111,0.533003,8037679
4,2021-04-08,139931,6826933,78020,3744471,36490,2852174,25421,230288,69596,1664017,0.207027,70051,2715718,0.337873,95624,4379735,0.5449,8037679
4,2021-04-09,137611,6964544,75549,3820020,39086,2891260,22976,253264,65667,1681956,0.209259,71716,2787434,0.346796,89655,4469390,0.556055,8037679
4,2021-04-10,103771,7068315,51194,3871214,33732,2924992,18845,272109,46847,1691971,0.210505,56715,2844149,0.353852,66730,4536120,0.564357,8037679
4,2021-04-11,62597,7130912,38035,3909249,13399,2938391,11163,283272,27309,1696328,0.211047,35183,2879332,0.358229,39540,4575660,0.569276,8037679
4,2021-04-12,102722,7233634,62478,3971727,30105,2968496,10139,293411,51772,1708802,0.212599,50657,2929989,0.364532,63131,4638791,0.577131,8037679
4,2021-04-13,130223,7363857,81698,4053425,48361,3016857,164,293575,77982,1735861,0.215965,51945,2981934,0.370994,79004,4717795,0.58696,8037679
4,2021-04-14,135376,7499233,86276,4139701,49025,3065882,75,293650,74994,1752108,0.217987,60051,3041985,0.378466,76298,4794093,0.596452,8037679
4,2021-04-15,156103,7655336,103940,4243641,52099,3117981,64,293714,95865,1788924,0.222567,59873,3101858,0.385915,96689,4890782,0.608482,8037679
4,2021-04-16,143457,7798793,90969,4334610,52409,3170390,79,293793,83476,1813511,0.225626,59684,3161542,0.39334,84271,4975053,0.618966,8037679
4,2021-04-17,101405,7900198,63759,4398369,37622,3208012,24,293817,59633,1832812,0.228028,41502,3203044,0.398504,60803,5035856,0.626531,8037679
4,2021-04-18,56735,7956933,38336,4436705,18396,3226408,3,293820,32027,1841225,0.229074,24579,3227623,0.401562,32992,5068848,0.630636,8037679
4,2021-04-19,101456,8058389,66890,4503595,34548,3260956,18,293838,51858,1844346,0.229463,49353,3276976,0.407702,52474,5121322,0.637164,8037679
4,2021-04-20,131631,8190020,78564,4582159,53052,3314008,15,293853,68806,1851718,0.23038,62520,3339496,0.41548,69892,5191214,0.64586,8037679
4,2021-04-21,133977,8323997,87516,4669675,46407,3360415,54,293907,67678,1854638,0.230743,65919,3405415,0.423681,68839,5260053,0.654424,8037679
4,2021-04-22,140562,8464559,93362,4763037,47177,3407592,23,293930,62967,1841519,0.229111,77229,3482644,0.43329,64110,5324163,0.662401,8037679
4,2021-04-23,134019,8598578,87343,4850380,46652,3454244,24,293954,58258,1825567,0.227126,75422,3558066,0.442673,59470,5383633,0.669799,8037679
4,2021-04-24,97701,8696279,66097,4916477,31554,3485798,50,294004,45044,1819357,0.226354,52373,3610439,0.449189,46163,5429796,0.675543,8037679
4,2021-04-25,50051,8746330,35282,4951759,14744,3500542,25,294029,26190,1822300,0.22672,23723,3634162,0.452141,26666,5456462,0.67886,8037679
4,2021-04-26,91592,8837922,60076,5011835,31119,3531661,397,294426,36091,1804909,0.224556,55212,3689374,0.45901,37821,5494283,0.683566,8037679
4,2021-04-27,113350,8951272,69276,5081111,41770,3573431,2304,296730,40937,1776837,0.221063,72108,3761482,0.467981,44036,5538319,0.689045,8037679
4,2021-04-28,103584,9054856,67694,5148805,33380,3606811,2510,299240,37985,1752696,0.21806,65299,3826781,0.476105,41158,5579477,0.694165,8037679
4,2021-04-29,105009,9159865,67094,5215899,35395,3642206,2520,301760,34028,1719191,0.213891,70654,3897435,0.484896,37149,5616626,0.698787,8037679
4,2021-04-30,104662,9264527,66363,5282262,35625,3677831,2674,304434,36054,1690343,0.210302,68236,3965671,0.493385,39388,5656014,0.703687,8037679
4,2021-05-01,68852,9333379,45786,5328048,21310,3699141,1756,306190,19999,1664120,0.20704,48619,4014290,0.499434,22396,5678410,0.706474,8037679
4,2021-05-02,37426,9370805,26564,5354612,9582,3708723,1280,307470,10509,1649250,0.20519,26804,4041094,0.502769,11934,5690344,0.707959,8037679
4,2021-05-03,78239,9449044,54447,5409059,21326,3730049,2466,309936,19179,1612448,0.200611,58814,4099908,0.510086,22012,5712356,0.710697,8037679
4,2021-05-04,100732,9549776,68978,5478037,28999,3759048,2755,312691,22710,1560546,0.194154,77754,4177662,0.51976,25852,5738208,0.713914,8037679
4,2021-05-05,101471,9651247,71574,5549611,27174,3786222,2723,315414,22044,1506516,0.187432,79107,4256769,0.529602,25077,5763285,0.717033,8037679
4,2021-05-06,111002,9762249,83204,5632815,24870,3811092,2928,318342,19681,1439371,0.179078,90875,4347644,0.540908,23730,5787015,0.719986,8037679
4,2021-05-07,104162,9866411,74927,5707742,26558,3837650,2677,321019,20623,1379899,0.171679,83187,4430831,0.551258,23715,5810730,0.722936,8037679
4,2021-05-08,69211,9935622,47719,5755461,19569,3857219,1923,322942,13747,1340680,0.166799,55243,4486074,0.558131,16024,5826754,0.72493,8037679
4,2021-05-09,34063,9969685,27897,5783358,5228,3862447,938,323880,7487,1322727,0.164566,26473,4512547,0.561424,8520,5835274,0.72599,8037679
4,2021-05-10,64508,10034193,43155,5826513,19044,3881491,2309,326189,10980,1282997,0.159623,53332,4565879,0.568059,13602,5848876,0.727682,8037679
4,2021-05-11,82107,10116300,51274,5877787,28654,3910145,2179,328368,15789,1235369,0.153697,66093,4631972,0.576282,18465,5867341,0.72998,8037679
4,2021-05-12,79171,10195471,52720,5930507,23958,3934103,2493,330861,16650,1192639,0.148381,62249,4694221,0.584027,19519,5886860,0.732408,8037679
4,2021-05-13,103941,10299412,76603,6007110,25820,3959923,1518,332379,40395,1172329,0.145854,63233,4757454,0.591894,42923,5929783,0.737748,8037679
4,2021-05-14,104312,10403724,73707,6080817,28476,3988399,2129,334508,40233,1151440,0.143255,63783,4821237,0.59983,42894,5972677,0.743085,8037679
4,2021-05-15,85054,10488778,65810,6146627,17922,4006321,1322,335830,37614,1143464,0.142263,47202,4868439,0.605702,39226,6011903,0.747965,8037679
4,2021-05-16,51318,10540096,41363,6187990,9247,4015568,708,336538,21040,1135219,0.141237,30131,4898570,0.609451,21886,6033789,0.750688,8037679
4,2021-05-17,70825,10610921,51769,6239759,17216,4032784,1840,338378,28062,1122776,0.139689,42570,4941140,0.614747,30127,6063916,0.754436,8037679
4,2021-05-18,81308,10692229,52939,6292698,26624,4059408,1745,340123,29185,1102294,0.137141,51775,4992915,0.621189,31293,6095209,0.758329,8037679
4,2021-05-19,76366,10768595,51687,6344385,22742,4082150,1937,342060,30844,1090117,0.135626,45249,5038164,0.626818,33072,6128281,0.762444,8037679
4,2021-05-20,68441,10837036,43960,6388345,22489,4104639,1992,344052,25368,1075021,0.133748,42797,5080961,0.632143,27701,6155982,0.765891,8037679
4,2021-05-21,73121,10910157,48270,6436615,22990,4127629,1861,345913,25855,1056006,0.131382,46995,5127956,0.63799,27980,6183962,0.769372,8037679
4,2021-05-22,49472,10959629,34726,6471341,13467,4141096,1279,347192,21581,1051350,0.130803,27737,5155693,0.641441,23081,6207043,0.772243,8037679
4,2021-05-23,23776,10983405,17059,6488400,5998,4147094,719,347911,9771,1048062,0.130394,13886,5169579,0.643168,10598,6217641,0.773562,8037679
4,2021-05-24,42901,11026306,27326,6515726,12581,4159675,2994,350905,15065,1038689,0.129227,27631,5197210,0.646606,18258,6235899,0.775833,8037679
4,2021-05-25,44716,11071022,27809,6543535,14094,4173769,2813,353718,15886,1029017,0.128024,28603,5225813,0.650164,18931,6254830,0.778189,8037679
4,2021-05-26,44329,11115351,26632,6570167,15104,4188873,2593,356311,15814,1019285,0.126813,28315,5254128,0.653687,18583,6273413,0.780501,8037679
4,2021-05-27,38719,11154070,23280,6593447,12312,4201185,3127,359438,14611,1013268,0.126065,23922,5278050,0.656663,17905,6291318,0.782728,8037679
4,2021-05-28,43088,11197158,27493,6620940,13998,4215183,1597,361035,18811,1009861,0.125641,24040,5302090,0.659654,20633,6311951,0.785295,8037679
4,2021-05-29,23552,11220710,15335,6636275,7284,4222467,933,361968,10858,1009212,0.12556,12572,5314662,0.661218,11923,6323874,0.786779,8037679
4,2021-05-30,11998,11232708,8428,6644703,3044,4225511,526,362494,5011,1007890,0.125396,6928,5321590,0.66208,5606,6329480,0.787476,8037679
4,2021-05-31,3542,11236250,2252,6646955,1132,4226643,158,362652,1134,1006832,0.125264,2372,5323962,0.662376,1314,6330794,0.78764,8037679
4,2021-06-01,39271,11275521,24417,6671372,12412,4239055,2442,365094,12993,996408,0.123967,26075,5350037,0.66562,15651,6346445,0.789587,8037679
4,2021-06-02,32411,11307932,20273,6691645,9359,4248414,2779,367873,10842,988777,0.123018,21400,5371437,0.668282,13769,6360214,0.7913,8037679
4,2021-06-03,47839,11355771,36714,6728359,8675,4257089,2450,370323,10354,964552,0.120004,37335,5408772,0.672927,13110,6373324,0.792931,8037679
4,2021-06-04,54557,11410328,43938,6772297,9299,4266388,1320,371643,12756,937851,0.116682,41579,5450351,0.6781,14878,6388202,0.794782,8037679
4,2021-06-05,44543,11454871,38163,6810460,5385,4271773,995,372638,8729,912186,0.113489,35669,5486020,0.682538,10004,6398206,0.796027,8037679
4,2021-06-06,21111,11475982,18845,6829305,1708,4273481,558,373196,3953,900027,0.111976,17057,5503077,0.68466,4898,6403104,0.796636,8037679
4,2021-06-07,38553,11514535,31211,6860516,5433,4278914,1909,375105,8439,880668,0.109567,29986,5533063,0.688391,10627,6413731,0.797958,8037679
4,2021-06-08,40394,11554929,31720,6892236,6146,4285060,2528,377633,9454,862223,0.107273,30757,5563820,0.692217,12312,6426043,0.79949,8037679
4,2021-06-09,38772,11593701,30755,6922991,5665,4290725,2352,379985,7932,842185,0.10478,30674,5594494,0.696034,10636,6436679,0.800813,8037679
4,2021-06-10,36964,11630665,29150,6952141,5201,4295926,2613,382598,8553,825350,0.102685,28261,5622755,0.69955,11426,6448105,0.802235,8037679
4,2021-06-11,38072,11668737,29903,6982044,6160,4302086,2009,384607,9856,809493,0.100712,28068,5650823,0.703042,12211,6460316,0.803754,8037679
4,2021-06-12,26422,11695159,22007,7004051,3705,4305791,710,385317,6053,796208,0.099059,20264,5671087,0.705563,6979,6467295,0.804622,8037679
4,2021-06-13,10802,11705961,8534,7012585,1791,4307582,477,385794,2282,790614,0.098363,8457,5679544,0.706615,2863,6470158,0.804978,8037679
4,2021-06-14,28466,11734427,21293,7033878,4373,4311955,2800,388594,7761,780816,0.097144,20573,5700117,0.709175,10775,6480933,0.806319,8037679
4,2021-06-15,29776,11764203,21065,7054943,5317,4317272,3394,391988,8284,771396,0.095972,21349,5721466,0.711831,11929,6492862,0.807803,8037679
4,2021-06-16,26400,11790603,19900,7074843,3901,4321173,2599,394587,8022,764006,0.095053,18215,5739681,0.714097,10825,6503687,0.80915,8037679
4,2021-06-17,24957,11815560,18434,7093277,3654,4324827,2869,397456,7565,757413,0.094233,17211,5756892,0.716238,10618,6514305,0.810471,8037679
4,2021-06-18,26551,11842111,20945,7114222,4382,4329209,1224,398680,8216,748965,0.093182,18137,5775029,0.718495,9689,6523994,0.811676,8037679
4,2021-06-19,15702,11857813,12710,7126932,2298,4331507,694,399374,5057,744378,0.092611,10500,5785529,0.719801,5913,6529907,0.812412,8037679
4,2021-06-20,7347,11865160,6054,7132986,986,4332493,307,399681,2617,742709,0.092403,4672,5790201,0.720382,3003,6532910,0.812786,8037679
4,2021-06-21,14458,11879618,10456,7143442,2870,4335363,1132,400813,7331,744280,0.092599,7051,5797252,0.721259,8622,6541532,0.813858,8037679
4,2021-06-22,20342,11899960,15875,7159317,3403,4338766,1064,401877,7087,739440,0.091997,13140,5810392,0.722894,8300,6549832,0.814891,8037679
4,2021-06-23,18295,11918255,14363,7173680,2953,4341719,979,402856,6705,735779,0.091541,11470,5821862,0.724321,7809,6557641,0.815863,8037679
4,2021-06-24,17457,11935712,13537,7187217,2933,4344652,987,403843,6528,732654,0.091152,10781,5832643,0.725663,7656,6565297,0.816815,8037679
4,2021-06-25,21379,11957091,16812,7204029,3531,4348183,1036,404879,7744,728094,0.090585,13506,5846149,0.727343,8946,6574243,0.817928,8037679
4,2021-06-26,12954,11970045,10554,7214583,1788,4349971,612,405491,4792,725539,0.090267,8062,5854211,0.728346,5507,6579750,0.818613,8037679
4,2021-06-27,6806,11976851,5514,7220097,951,4350922,341,405832,2878,724919,0.09019,3893,5858104,0.72883,3273,6583023,0.81902,8037679
4,2021-06-28,14959,11991810,12573,7232670,1547,4352469,839,406671,6026,723052,0.089958,8851,5866955,0.729931,6984,6590007,0.819889,8037679
4,2021-06-29,16254,12008064,12629,7245299,2843,4355312,782,407453,6338,720476,0.089637,9815,5876770,0.731153,7239,6597246,0.82079,8037679
4,2021-06-30,14289,12022353,11154,7256453,2423,4357735,712,408165,5941,718974,0.08945,8260,5885030,0.73218,6758,6604004,0.821631,8037679
4,2021-07-01,14130,12036483,11163,7267616,2254,4359989,713,408878,5795,717378,0.089252,8236,5893266,0.733205,6640,6610644,0.822457,8037679
4,2021-07-02,16310,12052793,12979,7280595,2597,4362586,734,409612,6671,715345,0.088999,9553,5902819,0.734393,7520,6618164,0.823392,8037679
4,2021-07-03,8984,12061777,7150,7287745,1444,4364030,390,410002,3906,714687,0.088917,5012,5907831,0.735017,4354,6622518,0.823934,8037679
4,2021-07-04,417,12062194,254,7287999,103,4364133,60,410062,184,714711,0.08892,231,5908062,0.735046,255,6622773,0.823966,8037679
4,2021-07-05,5011,12067205,3853,7291852,977,4365110,181,410243,2316,714569,0.088902,2649,5910711,0.735375,2507,6625280,0.824278,8037679
