vemquartile,administered_date,total_doses,cumulative_total_doses,pfizer_doses,cumulative_pfizer_doses,moderna_doses,cumulative_moderna_doses,jj_doses,cumulative_jj_doses,partially_vaccinated,total_partially_vaccinated,pct_age12pop_partially_vaccinated,fully_vaccinated,cumulative_fully_vaccinated,pct_age12pop_fully_vaccinated,at_least_one_dose,cumulative_at_least_one_dose,pct_age12pop_at_least_one_dose,age12_population
1,2020-12-15,150,150,150,150,0,0,0,0,150,150,1.7e-05,0,0,0.0,150,150,1.7e-05,8700223
1,2020-12-16,1226,1376,1226,1376,0,0,0,0,1226,1376,0.000158,0,0,0.0,1226,1376,0.000158,8700223
1,2020-12-17,4184,5560,4184,5560,0,0,0,0,4185,5561,0.000639,0,0,0.0,4185,5561,0.000639,8700223
1,2020-12-18,6364,11924,6343,11903,21,21,0,0,6366,11926,0.001371,1,1,0.0,6366,11927,0.001371,8700223
1,2020-12-19,2882,14806,2879,14782,3,24,0,0,2881,14806,0.001702,1,2,0.0,2881,14808,0.001702,8700223
1,2020-12-20,2131,16937,2123,16905,8,32,0,0,2132,16938,0.001947,0,2,0.0,2132,16940,0.001947,8700223
1,2020-12-21,7663,24600,7647,24552,16,48,0,0,7712,24650,0.002833,1,3,0.0,7713,24653,0.002834,8700223
1,2020-12-22,7298,31898,6954,31506,344,392,0,0,7299,31947,0.003672,2,5,1e-06,7299,31952,0.003673,8700223
1,2020-12-23,7838,39736,6579,38085,1259,1651,0,0,7833,39779,0.004572,2,7,1e-06,7834,39786,0.004573,8700223
1,2020-12-24,3304,43040,2368,40453,936,2587,0,0,3306,43085,0.004952,0,7,1e-06,3306,43092,0.004953,8700223
1,2020-12-25,237,43277,153,40606,84,2671,0,0,237,43322,0.004979,0,7,1e-06,237,43329,0.00498,8700223
1,2020-12-26,1364,44641,969,41575,395,3066,0,0,1363,44684,0.005136,1,8,1e-06,1363,44692,0.005137,8700223
1,2020-12-27,872,45513,536,42111,336,3402,0,0,872,45555,0.005236,1,9,1e-06,872,45564,0.005237,8700223
1,2020-12-28,7099,52612,4762,46873,2337,5739,0,0,7097,52652,0.006052,0,9,1e-06,7097,52661,0.006053,8700223
1,2020-12-29,8901,61513,4986,51859,3915,9654,0,0,8897,61546,0.007074,3,12,1e-06,8897,61558,0.007075,8700223
1,2020-12-30,11584,73097,6446,58305,5138,14792,0,0,11584,73130,0.008406,0,12,1e-06,11584,73142,0.008407,8700223
1,2020-12-31,5971,79068,1954,60259,4017,18809,0,0,5969,79097,0.009091,3,15,2e-06,5970,79112,0.009093,8700223
1,2021-01-01,577,79645,205,60464,372,19181,0,0,576,79672,0.009157,1,16,2e-06,576,79688,0.009159,8700223
1,2021-01-02,2911,82556,1763,62227,1148,20329,0,0,2913,82585,0.009492,0,16,2e-06,2913,82601,0.009494,8700223
1,2021-01-03,1033,83589,545,62772,488,20817,0,0,1032,83615,0.009611,2,18,2e-06,1032,83633,0.009613,8700223
1,2021-01-04,7356,90945,3587,66359,3769,24586,0,0,7360,90974,0.010457,1,19,2e-06,7360,90993,0.010459,8700223
1,2021-01-05,10867,101812,5255,71614,5612,30198,0,0,10077,100299,0.011528,774,793,9.1e-05,10099,101092,0.011619,8700223
1,2021-01-06,14067,115879,7071,78685,6996,37194,0,0,12146,110573,0.012709,1883,2676,0.000308,12157,113249,0.013017,8700223
1,2021-01-07,17535,133414,9166,87851,8369,45563,0,0,13015,119171,0.013697,4427,7103,0.000816,13025,126274,0.014514,8700223
1,2021-01-08,20206,153620,10486,98337,9720,55283,0,0,14263,127514,0.014656,5928,13031,0.001498,14271,140545,0.016154,8700223
1,2021-01-09,6688,160308,3391,101728,3297,58580,0,0,4838,130513,0.015001,1843,14874,0.00171,4842,145387,0.016711,8700223
1,2021-01-10,3089,163397,1763,103491,1326,59906,0,0,1896,131225,0.015083,1185,16059,0.001846,1897,147284,0.016929,8700223
1,2021-01-11,18093,181490,11854,115345,6239,66145,0,0,11542,136271,0.015663,6536,22595,0.002597,11582,158866,0.01826,8700223
1,2021-01-12,19156,200646,10928,126273,8228,74373,0,0,13164,143517,0.016496,5959,28554,0.003282,13205,172071,0.019778,8700223
1,2021-01-13,19882,220528,10744,137017,9138,83511,0,0,14723,153122,0.0176,5136,33690,0.003872,14741,186812,0.021472,8700223
1,2021-01-14,22153,242681,9527,146544,12626,96137,0,0,19392,169864,0.019524,2704,36394,0.004183,19446,206258,0.023707,8700223
1,2021-01-15,25232,267913,9253,155797,15979,112116,0,0,23283,191297,0.021988,1908,38302,0.004402,23341,229599,0.02639,8700223
1,2021-01-16,13900,281813,4546,160343,9354,121470,0,0,13033,203468,0.023387,865,39167,0.004502,13036,242635,0.027888,8700223
1,2021-01-17,5193,287006,2003,162346,3190,124660,0,0,4826,207933,0.0239,365,39532,0.004544,4830,247465,0.028444,8700223
1,2021-01-18,14323,301329,8589,170935,5734,130394,0,0,11138,215952,0.024821,3172,42704,0.004908,11191,258656,0.02973,8700223
1,2021-01-19,24748,326077,12775,183710,11973,142367,0,0,19596,230467,0.02649,5135,47839,0.005499,19650,278306,0.031988,8700223
1,2021-01-20,29516,355593,14755,198465,14761,157128,0,0,23595,248254,0.028534,5846,53685,0.006171,23633,301939,0.034705,8700223
1,2021-01-21,31273,386866,14578,213043,16695,173823,0,0,28002,273144,0.031395,3205,56890,0.006539,28095,330034,0.037934,8700223
1,2021-01-22,28400,415266,11239,224282,17161,190984,0,0,26338,297518,0.034197,1996,58886,0.006768,26370,356404,0.040965,8700223
1,2021-01-23,18751,434017,8207,232489,10544,201528,0,0,16790,312388,0.035906,1930,60816,0.00699,16800,373204,0.042896,8700223
1,2021-01-24,6675,440692,4158,236647,2517,204045,0,0,6020,317764,0.036524,650,61466,0.007065,6026,379230,0.043589,8700223
1,2021-01-25,25485,466177,10486,247133,14999,219044,0,0,19709,331844,0.038142,5732,67198,0.007724,19812,399042,0.045866,8700223
1,2021-01-26,28727,494904,13365,260498,15362,234406,0,0,22041,347280,0.039916,6625,73823,0.008485,22061,421103,0.048401,8700223
1,2021-01-27,32572,527476,15426,275924,17146,251552,0,0,24441,363689,0.041802,8064,81887,0.009412,24473,445576,0.051214,8700223
1,2021-01-28,34887,562363,16299,292223,18588,270140,0,0,27945,384825,0.044232,6874,88761,0.010202,28010,473586,0.054434,8700223
1,2021-01-29,33591,595954,16327,308550,17264,287404,0,0,27027,405472,0.046605,6417,95178,0.01094,27064,500650,0.057545,8700223
1,2021-01-30,20089,616043,8658,317208,11431,298835,0,0,17981,421382,0.048433,2081,97259,0.011179,17991,518641,0.059612,8700223
1,2021-01-31,7540,623583,4859,322067,2681,301516,0,0,6832,427511,0.049138,705,97964,0.01126,6834,525475,0.060398,8700223
1,2021-02-01,28926,652509,12472,334539,16454,317970,0,0,21154,440950,0.050683,7720,105684,0.012147,21159,546634,0.06283,8700223
1,2021-02-02,32615,685124,11726,346265,20889,338859,0,0,24388,457229,0.052554,8145,113829,0.013083,24424,571058,0.065637,8700223
1,2021-02-03,39531,724655,15082,361347,24449,363308,0,0,28467,474832,0.054577,10901,124730,0.014336,28504,599562,0.068913,8700223
1,2021-02-04,44037,768692,17095,378442,26942,390250,0,0,31781,494528,0.056841,12133,136863,0.015731,31829,631391,0.072572,8700223
1,2021-02-05,46957,815649,17332,395774,29625,419875,0,0,30737,509247,0.058533,16076,152939,0.017579,30795,662186,0.076111,8700223
1,2021-02-06,26548,842197,10484,406258,16064,435939,0,0,20642,524041,0.060233,5865,158804,0.018253,20659,682845,0.078486,8700223
1,2021-02-07,6239,848436,4001,410259,2238,438177,0,0,4629,527099,0.060585,1589,160393,0.018436,4647,687492,0.07902,8700223
1,2021-02-08,31386,879822,14197,424456,17189,455366,0,0,20869,537623,0.061794,10441,170834,0.019636,20965,708457,0.08143,8700223
1,2021-02-09,38474,918296,16774,441230,21700,477066,0,0,23703,546661,0.062833,14742,185576,0.02133,23780,732237,0.084163,8700223
1,2021-02-10,47177,965473,22058,463288,25119,502185,0,0,26777,553220,0.063587,20296,205872,0.023663,26855,759092,0.08725,8700223
1,2021-02-11,51745,1017218,25269,488557,26476,528661,0,0,30896,563701,0.064792,20519,226391,0.026021,31000,790092,0.090813,8700223
1,2021-02-12,50132,1067350,21460,510017,28672,557333,0,0,28791,571424,0.065679,21207,247598,0.028459,28930,819022,0.094138,8700223
1,2021-02-13,26352,1093702,11527,521544,14825,572158,0,0,15233,575683,0.066169,11050,258648,0.029729,15309,834331,0.095898,8700223
1,2021-02-14,11749,1105451,5540,527084,6209,578367,0,0,6682,577391,0.066365,5039,263687,0.030308,6747,841078,0.096673,8700223
1,2021-02-15,23845,1129296,9370,536454,14475,592842,0,0,14506,582789,0.066986,9222,272909,0.031368,14620,855698,0.098354,8700223
1,2021-02-16,47139,1176435,22323,558777,24816,617658,0,0,27562,590967,0.067926,19495,292404,0.033609,27673,883371,0.101534,8700223
1,2021-02-17,48382,1224817,24389,583166,23993,641651,0,0,26130,595145,0.068406,22100,314504,0.036149,26278,909649,0.104555,8700223
1,2021-02-18,51214,1276031,25425,608591,25789,667440,0,0,26606,597609,0.068689,24370,338874,0.03895,26834,936483,0.107639,8700223
1,2021-02-19,46513,1322544,25082,633673,21431,688871,0,0,26143,603593,0.069377,20222,359096,0.041274,26206,962689,0.110651,8700223
1,2021-02-20,27508,1350052,16734,650407,10774,699645,0,0,15759,607739,0.069853,11689,370785,0.042618,15835,978524,0.112471,8700223
1,2021-02-21,12221,1362273,10519,660926,1702,701347,0,0,7423,610470,0.070167,4742,375527,0.043163,7473,985997,0.11333,8700223
1,2021-02-22,31502,1393775,20673,681599,10829,712176,0,0,18154,615462,0.070741,13263,388790,0.044687,18255,1004252,0.115428,8700223
1,2021-02-23,45430,1439205,21876,703475,23554,735730,0,0,24970,620618,0.071334,20176,408966,0.047006,25332,1029584,0.11834,8700223
1,2021-02-24,55377,1494582,26722,730197,28655,764385,0,0,30545,626977,0.072064,24638,433604,0.049838,30997,1060581,0.121903,8700223
1,2021-02-25,67517,1562099,32692,762889,34825,799210,0,0,41854,643821,0.074001,25510,459114,0.05277,42354,1102935,0.126771,8700223
1,2021-02-26,75064,1637163,35127,798016,39937,839147,0,0,49236,667909,0.076769,25623,484737,0.055715,49711,1152646,0.132485,8700223
1,2021-02-27,51100,1688263,23364,821380,27727,866874,9,9,33705,684631,0.078691,17257,501994,0.057699,33979,1186625,0.13639,8700223
1,2021-02-28,19476,1707739,11521,832901,7953,874827,2,11,14326,694020,0.07977,5079,507073,0.058283,14468,1201093,0.138053,8700223
1,2021-03-01,44662,1752401,20453,853354,24170,898997,39,50,28825,707448,0.081314,15671,522744,0.060084,29099,1230192,0.141398,8700223
1,2021-03-02,62597,1814998,27240,880594,35349,934346,8,58,40380,726384,0.08349,22070,544814,0.062621,41006,1271198,0.146111,8700223
1,2021-03-03,70305,1885303,33598,914192,36684,971030,23,81,43080,743016,0.085402,27065,571879,0.065732,43697,1314895,0.151133,8700223
1,2021-03-04,78674,1963977,37048,951240,41591,1012621,35,116,50851,766771,0.088132,27642,599521,0.068909,51397,1366292,0.157041,8700223
1,2021-03-05,77826,2041803,35266,986506,42354,1054975,206,322,52200,794413,0.091309,25391,624912,0.071827,53033,1419325,0.163137,8700223
1,2021-03-06,57415,2099218,27441,1013947,28622,1083597,1352,1674,39063,816913,0.093896,18277,643189,0.073928,40777,1460102,0.167824,8700223
1,2021-03-07,20838,2120056,12958,1026905,6696,1090293,1184,2858,15408,828353,0.095211,5406,648595,0.074549,16846,1476948,0.16976,8700223
1,2021-03-08,45942,2165998,22484,1049389,21506,1111799,1952,4810,32235,849266,0.097614,13609,662204,0.076113,34522,1511470,0.173728,8700223
1,2021-03-09,66707,2232705,32199,1081588,32007,1143806,2501,7311,41065,867675,0.09973,25498,687702,0.079044,43907,1555377,0.178774,8700223
1,2021-03-10,73596,2306301,36659,1118247,32469,1176275,4468,11779,45322,889661,0.102257,28171,715873,0.082282,50157,1605534,0.184539,8700223
1,2021-03-11,90167,2396468,41336,1159583,40823,1217098,8008,19787,52539,913267,0.104971,37401,753274,0.086581,61007,1666541,0.191552,8700223
1,2021-03-12,98898,2495366,43563,1203146,42909,1260007,12426,32213,57774,943014,0.10839,40915,794189,0.091284,70662,1737203,0.199673,8700223
1,2021-03-13,65313,2560679,29501,1232647,28042,1288049,7770,39983,41577,969084,0.111386,23606,817795,0.093997,49676,1786879,0.205383,8700223
1,2021-03-14,27862,2588541,14913,1247560,9375,1297424,3574,43557,15600,976258,0.112211,12193,829988,0.095398,19367,1806246,0.207609,8700223
1,2021-03-15,65309,2653850,28763,1276323,29808,1327232,6738,50295,38437,995140,0.114381,26658,856646,0.098463,45540,1851786,0.212844,8700223
1,2021-03-16,85803,2739653,39068,1315391,41086,1368318,5649,55944,53201,1021972,0.117465,32379,889025,0.102184,59211,1910997,0.219649,8700223
1,2021-03-17,92944,2832597,45288,1360679,41085,1409403,6571,62515,59767,1055717,0.121344,32957,921982,0.105972,66702,1977699,0.227316,8700223
1,2021-03-18,98824,2931421,50909,1411588,42174,1451577,5741,68256,59906,1083288,0.124513,38570,960552,0.110405,66141,2043840,0.234918,8700223
1,2021-03-19,103617,3035038,53669,1465257,43641,1495218,6307,74563,60724,1108224,0.127379,42609,1003161,0.115303,67545,2111385,0.242682,8700223
1,2021-03-20,72437,3107475,37187,1502444,29985,1525203,5265,79828,46650,1134819,0.130436,25599,1028760,0.118245,52194,2163579,0.248681,8700223
1,2021-03-21,27207,3134682,19000,1521444,6391,1531594,1816,81644,17108,1143831,0.131471,10009,1038769,0.119396,19021,2182600,0.250867,8700223
1,2021-03-22,59275,3193957,30564,1552008,25435,1557029,3276,84920,40117,1168662,0.134326,18938,1057707,0.121572,43769,2226369,0.255898,8700223
1,2021-03-23,83075,3277032,42264,1594272,37190,1594219,3621,88541,51257,1192421,0.137056,31582,1089289,0.125202,55341,2281710,0.262259,8700223
1,2021-03-24,87960,3364992,44546,1638818,39052,1633271,4362,92903,52694,1214667,0.139613,34979,1124268,0.129223,57225,2338935,0.268836,8700223
1,2021-03-25,96760,3461752,49438,1688256,41489,1674760,5833,98736,53912,1232100,0.141617,42523,1166791,0.13411,59956,2398891,0.275728,8700223
1,2021-03-26,104524,3566276,51020,1739276,47164,1721924,6340,105076,56150,1246874,0.143315,48015,1214806,0.139629,62789,2461680,0.282944,8700223
1,2021-03-27,74024,3640300,38217,1777493,31616,1753540,4191,109267,38242,1253952,0.144129,35557,1250363,0.143716,42635,2504315,0.287845,8700223
1,2021-03-28,32629,3672929,21366,1798859,10049,1763589,1214,110481,16472,1256034,0.144368,16053,1266416,0.145561,18135,2522450,0.289929,8700223
1,2021-03-29,67050,3739979,33304,1832163,30580,1794169,3166,113647,37143,1266834,0.145609,29714,1296130,0.148977,40514,2562964,0.294586,8700223
1,2021-03-30,91871,3831850,45280,1877443,40209,1834378,6382,120029,47319,1276268,0.146694,44356,1340486,0.154075,53790,2616754,0.300769,8700223
1,2021-03-31,100642,3932492,52602,1930045,41881,1876259,6159,126188,55265,1292688,0.148581,45070,1385556,0.159255,61490,2678244,0.307836,8700223
1,2021-04-01,111722,4044214,53492,1983537,49452,1925711,8778,134966,56992,1304200,0.149904,54311,1439867,0.165498,65823,2744067,0.315402,8700223
1,2021-04-02,111186,4155400,50901,2034438,50599,1976310,9686,144652,56498,1316337,0.151299,54251,1494118,0.171733,66388,2810455,0.323033,8700223
1,2021-04-03,77991,4233391,39251,2073689,29107,2005417,9633,154285,36487,1321201,0.151858,41325,1535443,0.176483,46189,2856644,0.328341,8700223
1,2021-04-04,23754,4257145,11830,2085519,8460,2013877,3464,157749,9942,1320849,0.151818,13748,1549191,0.178063,13396,2870040,0.329881,8700223
1,2021-04-05,76410,4333555,36820,2122339,30316,2044193,9274,167023,34405,1322895,0.152053,41807,1590998,0.182869,43853,2913893,0.334922,8700223
1,2021-04-06,103679,4437234,49219,2171558,37854,2082047,16606,183629,46815,1329776,0.152844,56580,1647578,0.189372,63461,2977354,0.342216,8700223
1,2021-04-07,111725,4548959,54345,2225903,39857,2121904,17523,201152,50393,1336690,0.153639,61030,1708608,0.196387,67944,3045298,0.350025,8700223
1,2021-04-08,122106,4671065,57859,2283762,43301,2165205,20946,222098,53961,1343929,0.154471,67734,1776342,0.204172,74973,3120271,0.358643,8700223
1,2021-04-09,123433,4794498,56454,2340216,46221,2211426,20758,242856,54239,1350157,0.155186,68826,1845168,0.212083,75054,3195325,0.367269,8700223
1,2021-04-10,95517,4890015,42470,2382686,30352,2241778,22695,265551,37278,1352076,0.155407,58032,1903200,0.218753,59951,3255276,0.37416,8700223
1,2021-04-11,36377,4926392,20312,2402998,9371,2251149,6694,272245,14797,1352155,0.155416,21519,1924719,0.221226,21598,3276874,0.376643,8700223
1,2021-04-12,74256,5000648,33227,2436225,31049,2282198,9980,282225,31414,1351149,0.155301,42555,1967274,0.226118,41549,3318423,0.381418,8700223
1,2021-04-13,97149,5097797,52042,2488267,44768,2326966,339,282564,52460,1359893,0.156306,44399,2011673,0.231221,53143,3371566,0.387526,8700223
1,2021-04-14,104915,5202712,54369,2542636,50475,2377441,71,282635,53407,1362594,0.156616,51150,2062823,0.2371,53851,3425417,0.393716,8700223
1,2021-04-15,106176,5308888,57768,2600404,48317,2425758,91,282726,56752,1370765,0.157555,48843,2111666,0.242714,57014,3482431,0.400269,8700223
1,2021-04-16,110564,5419452,56792,2657196,53684,2479442,88,282814,55431,1371859,0.157681,54609,2166275,0.248991,55703,3538134,0.406672,8700223
1,2021-04-17,83463,5502915,45323,2702519,38129,2517571,11,282825,46839,1382476,0.158901,36395,2202670,0.253174,47012,3585146,0.412075,8700223
1,2021-04-18,30143,5533058,20399,2722918,9737,2527308,7,282832,15219,1383066,0.158969,14837,2217507,0.254879,15427,3600573,0.413848,8700223
1,2021-04-19,67149,5600207,33994,2756912,33142,2560450,13,282845,30536,1377479,0.158327,36264,2253771,0.259047,30677,3631250,0.417374,8700223
1,2021-04-20,88381,5688588,44552,2801464,43805,2604255,24,282869,41641,1372946,0.157806,46400,2300171,0.264381,41867,3673117,0.422187,8700223
1,2021-04-21,97264,5785852,50724,2852188,46443,2650698,97,282966,43751,1364055,0.156784,52972,2353143,0.270469,44081,3717198,0.427253,8700223
1,2021-04-22,96728,5882580,50456,2902644,46256,2696954,16,282982,44463,1356970,0.15597,51783,2404926,0.276421,44698,3761896,0.432391,8700223
1,2021-04-23,101318,5983898,52304,2954948,48988,2745942,26,283008,48467,1353326,0.155551,52364,2457290,0.28244,48720,3810616,0.437991,8700223
1,2021-04-24,75367,6059265,46730,3001678,28612,2774554,25,283033,42662,1363671,0.15674,32595,2489885,0.286186,42940,3853556,0.442926,8700223
1,2021-04-25,26960,6086225,17163,3018841,9783,2784337,14,283047,15412,1367798,0.157214,11438,2501323,0.287501,15565,3869121,0.444715,8700223
1,2021-04-26,65955,6152180,34647,3053488,30908,2815245,400,283447,31500,1365878,0.156993,34158,2535481,0.291427,32238,3901359,0.448421,8700223
1,2021-04-27,81188,6233368,43143,3096631,36747,2851992,1298,284745,35540,1357690,0.156052,45369,2580850,0.296642,37181,3938540,0.452694,8700223
1,2021-04-28,80753,6314121,42987,3139618,36277,2888269,1489,286234,35710,1350405,0.155215,44713,2625563,0.301781,37428,3975968,0.456996,8700223
1,2021-04-29,83812,6397933,46118,3185736,36089,2924358,1605,287839,34660,1338011,0.15379,48818,2674381,0.307392,36424,4012392,0.461183,8700223
1,2021-04-30,91443,6489376,49600,3235336,39985,2964343,1858,289697,38660,1326226,0.152436,52471,2726852,0.313423,40686,4053078,0.465859,8700223
1,2021-05-01,62230,6551606,40212,3275548,20601,2984944,1417,291114,26258,1318370,0.151533,35750,2762602,0.317532,27894,4080972,0.469065,8700223
1,2021-05-02,23226,6574832,16404,3291952,6246,2991190,576,291690,9394,1314644,0.151105,13725,2776327,0.31911,9999,4090971,0.470214,8700223
1,2021-05-03,55583,6630415,30738,3322690,23009,3014199,1836,293526,20564,1302313,0.149687,34787,2811114,0.323108,22456,4113427,0.472796,8700223
1,2021-05-04,74985,6705400,43170,3365860,29731,3043930,2084,295610,27276,1284339,0.147621,47423,2858537,0.328559,29449,4142876,0.47618,8700223
1,2021-05-05,77216,6782616,44801,3410661,30125,3074055,2290,297900,26436,1262691,0.145133,50457,2908994,0.334359,28809,4171685,0.479492,8700223
1,2021-05-06,78385,6861001,47468,3458129,28751,3102806,2166,300066,24634,1236259,0.142095,53388,2962382,0.340495,26956,4198641,0.48259,8700223
1,2021-05-07,82487,6943488,46915,3505044,33379,3136185,2193,302259,27737,1211922,0.139298,54333,3016715,0.34674,29996,4228637,0.486038,8700223
1,2021-05-08,56623,7000111,35534,3540578,19453,3155638,1636,303895,19362,1196078,0.137477,36936,3053651,0.350985,21092,4249729,0.488462,8700223
1,2021-05-09,18151,7018262,13054,3553632,4622,3160260,475,304370,5556,1189624,0.136735,12520,3066171,0.352424,6066,4255795,0.489159,8700223
1,2021-05-10,43705,7061967,22086,3575718,19813,3180073,1806,306176,14833,1177747,0.13537,28610,3094781,0.355713,16733,4272528,0.491083,8700223
1,2021-05-11,61676,7123643,33463,3609181,26072,3206145,2141,308317,20457,1159510,0.133274,40953,3135734,0.36042,22716,4295244,0.493694,8700223
1,2021-05-12,62175,7185818,33122,3642303,27042,3233187,2011,310328,20484,1140690,0.13111,41386,3177120,0.365177,22566,4317810,0.496287,8700223
1,2021-05-13,66234,7252052,38855,3681158,25395,3258582,1984,312312,25246,1127582,0.129604,40616,3217736,0.369845,27508,4345318,0.499449,8700223
1,2021-05-14,75832,7327884,45727,3726885,27720,3286302,2385,314697,30743,1116284,0.128305,44703,3262439,0.374983,33405,4378723,0.503289,8700223
1,2021-05-15,65930,7393814,43271,3770156,20921,3307223,1738,316435,26324,1105091,0.127019,39324,3301763,0.379503,28131,4406854,0.506522,8700223
1,2021-05-16,24846,7418660,18293,3788449,5933,3313156,620,317055,10198,1101414,0.126596,14541,3316304,0.381175,10864,4417718,0.507771,8700223
1,2021-05-17,53907,7472567,32975,3821424,19172,3332328,1760,318815,22947,1095472,0.125913,30709,3347013,0.384704,24767,4442485,0.510617,8700223
1,2021-05-18,64736,7537303,39021,3860445,23898,3356226,1817,320632,28122,1089151,0.125187,36345,3383358,0.388882,30024,4472509,0.514068,8700223
1,2021-05-19,66100,7603403,40270,3900715,23908,3380134,1922,322554,29539,1084415,0.124642,36284,3419642,0.393052,31548,4504057,0.517694,8700223
1,2021-05-20,63910,7667313,37086,3937801,24639,3404773,2185,324739,26309,1075847,0.123657,37266,3456908,0.397336,28698,4532755,0.520993,8700223
1,2021-05-21,69682,7736995,41654,3979455,26180,3430953,1848,326587,28836,1066185,0.122547,40446,3497354,0.401984,30784,4563539,0.524531,8700223
1,2021-05-22,55645,7792640,36600,4016055,17331,3448284,1714,328301,24333,1061275,0.121983,31056,3528410,0.405554,26146,4589685,0.527536,8700223
1,2021-05-23,20208,7812848,14242,4030297,5377,3453661,589,328890,9484,1060746,0.121922,10626,3539036,0.406775,10097,4599782,0.528697,8700223
1,2021-05-24,43547,7856395,24315,4054612,17415,3471076,1817,330707,17687,1054720,0.121229,25613,3564649,0.409719,19587,4619369,0.530948,8700223
1,2021-05-25,50653,7907048,29161,4083773,19820,3490896,1672,332379,21026,1048167,0.120476,29351,3594000,0.413093,22798,4642167,0.533569,8700223
1,2021-05-26,48275,7955323,27387,4111160,18999,3509895,1889,334268,20506,1043138,0.119898,27472,3621472,0.41625,22443,4664610,0.536148,8700223
1,2021-05-27,46817,8002140,26281,4137441,18643,3528538,1893,336161,20129,1038870,0.119407,26408,3647880,0.419286,22140,4686750,0.538693,8700223
1,2021-05-28,52183,8054323,29048,4166489,21328,3549866,1807,337968,23391,1035719,0.119045,28475,3676355,0.422559,25324,4712074,0.541604,8700223
1,2021-05-29,30557,8084880,18510,4184999,11084,3560950,963,338931,14636,1035602,0.119032,15771,3692126,0.424371,15654,4727728,0.543403,8700223
1,2021-05-30,11596,8096476,7482,4192481,3565,3564515,549,339480,5489,1035626,0.119034,6038,3698164,0.425065,6062,4733790,0.5441,8700223
1,2021-05-31,5689,8102165,3247,4195728,2192,3566707,250,339730,1988,1034234,0.118874,3643,3701807,0.425484,2251,4736041,0.544359,8700223
1,2021-06-01,45662,8147827,25811,4221539,18293,3585000,1558,341288,17350,1025211,0.117837,28008,3729815,0.428703,18985,4755026,0.546541,8700223
1,2021-06-02,39831,8187658,23113,4244652,15214,3600214,1504,342792,16074,1019392,0.117168,23470,3753285,0.431401,17651,4772677,0.54857,8700223
1,2021-06-03,41184,8228842,25796,4270448,13700,3613914,1688,344480,15790,1011843,0.116301,25099,3778384,0.434286,17550,4790227,0.550587,8700223
1,2021-06-04,49998,8278840,32010,4302458,16189,3630103,1799,346279,17928,999913,0.11493,31734,3810118,0.437933,19804,4810031,0.552863,8700223
1,2021-06-05,40204,8319044,27448,4329906,10768,3640871,1988,348267,14198,990358,0.113831,25796,3835914,0.440898,16241,4826272,0.55473,8700223
1,2021-06-06,13135,8332179,10521,4340427,2112,3642983,502,348769,4577,987020,0.113448,8478,3844392,0.441873,5140,4831412,0.55532,8700223
1,2021-06-07,33897,8366076,23387,4363814,9165,3652148,1345,350114,12074,978867,0.112511,21622,3866014,0.444358,13469,4844881,0.556869,8700223
1,2021-06-08,42126,8408202,29158,4392972,11329,3663477,1639,351753,14700,968137,0.111277,27161,3893175,0.44748,16431,4861312,0.558757,8700223
1,2021-06-09,42050,8450252,29189,4422161,11235,3674712,1626,353379,13753,955582,0.109834,27996,3921171,0.450698,15441,4876753,0.560532,8700223
1,2021-06-10,38905,8489157,26237,4448398,10993,3685705,1675,355054,13396,945493,0.108675,25265,3946436,0.453602,15176,4891929,0.562276,8700223
1,2021-06-11,43566,8532723,28858,4477256,13048,3698753,1660,356714,15433,934828,0.107449,27839,3974275,0.456802,17174,4909103,0.56425,8700223
1,2021-06-12,33618,8566341,24336,4501592,8088,3706841,1194,357908,11088,924857,0.106303,22323,3996598,0.459367,12352,4921455,0.56567,8700223
1,2021-06-13,11622,8577963,8431,4510023,2708,3709549,483,358391,3386,920593,0.105813,8169,4004767,0.460306,3905,4925360,0.566119,8700223
1,2021-06-14,30796,8608759,20741,4530764,8758,3718307,1297,359688,11543,914408,0.105102,19058,4023825,0.462497,12873,4938233,0.567598,8700223
1,2021-06-15,37084,8645843,24322,4555086,10912,3729219,1850,361538,13758,907041,0.104255,23067,4046892,0.465148,15700,4953933,0.569403,8700223
1,2021-06-16,35257,8681100,23802,4578888,9620,3738839,1835,363373,13221,900373,0.103488,21784,4068676,0.467652,15116,4969049,0.57114,8700223
1,2021-06-17,33421,8714521,22084,4600972,9378,3748217,1959,365332,13076,895391,0.102916,20111,4088787,0.469963,15129,4984178,0.572879,8700223
1,2021-06-18,39215,8753736,25456,4626428,10921,3759138,2838,368170,15223,889779,0.102271,23732,4112519,0.472691,18120,5002298,0.574962,8700223
1,2021-06-19,23717,8777453,16442,4642870,6078,3765216,1197,369367,9741,886939,0.101944,13812,4126331,0.474279,10972,5013270,0.576223,8700223
1,2021-06-20,8109,8785562,5936,4648806,1898,3767114,275,369642,3227,885630,0.101794,4821,4131152,0.474833,3512,5016782,0.576627,8700223
1,2021-06-21,20826,8806388,11802,4660608,6844,3773958,2180,371822,10866,888872,0.102167,9852,4141004,0.475965,13094,5029876,0.578132,8700223
1,2021-06-22,30569,8836957,19972,4680580,8479,3782437,2118,373940,12861,886413,0.101884,17511,4158515,0.477978,15052,5044928,0.579862,8700223
1,2021-06-23,29172,8866129,19577,4700157,7783,3790220,1812,375752,12763,884802,0.101699,16217,4174732,0.479842,14606,5059534,0.581541,8700223
1,2021-06-24,27993,8894122,18664,4718821,7681,3797901,1648,377400,11885,882474,0.101431,15926,4190658,0.481672,13598,5073132,0.583104,8700223
1,2021-06-25,31444,8925566,21314,4740135,8727,3806628,1403,378803,13822,880354,0.101188,17399,4208057,0.483672,15279,5088411,0.58486,8700223
1,2021-06-26,22122,8947688,16423,4756558,4886,3811514,813,379616,9653,878517,0.100976,12353,4220410,0.485092,10516,5098927,0.586069,8700223
1,2021-06-27,9098,8956786,6765,4763323,1905,3813419,428,380044,4057,878040,0.100922,4978,4225388,0.485664,4501,5103428,0.586586,8700223
1,2021-06-28,20919,8977705,15537,4778860,4123,3817542,1259,381303,9716,878020,0.100919,11046,4236434,0.486934,11026,5114454,0.587853,8700223
1,2021-06-29,26326,9004031,17996,4796856,6968,3824510,1362,382665,11582,876450,0.100739,14575,4251009,0.488609,13005,5127459,0.589348,8700223
1,2021-06-30,25509,9029540,17664,4814520,6814,3831324,1031,383696,12109,876453,0.100739,13207,4264216,0.490127,13210,5140669,0.590866,8700223
1,2021-07-01,23279,9052819,16202,4830722,5828,3837152,1249,384945,10763,876168,0.100706,12372,4276588,0.491549,12087,5152756,0.592256,8700223
1,2021-07-02,25989,9078808,17833,4848555,7134,3844286,1022,385967,12235,875936,0.10068,13568,4290156,0.493109,13336,5166092,0.593788,8700223
1,2021-07-03,14434,9093242,10086,4858641,3916,3848202,432,386399,6846,875787,0.100663,7463,4297619,0.493967,7314,5173406,0.594629,8700223
1,2021-07-04,1258,9094500,707,4859348,486,3848688,65,386464,606,875820,0.100666,644,4298263,0.494041,677,5174083,0.594707,8700223
1,2021-07-05,10910,9105410,7525,4866873,3023,3851711,362,386826,5195,875766,0.10066,5654,4303917,0.49469,5600,5179683,0.595351,8700223
1,2021-07-06,26676,9132086,18871,4885744,6696,3858407,1109,387935,10658,871796,0.100204,15841,4319758,0.496511,11871,5191554,0.596715,8700223
1,2021-07-07,22998,9155084,16155,4901899,5796,3864203,1047,388982,9913,869920,0.099988,12921,4332679,0.497996,11045,5202599,0.597985,8700223
1,2021-07-08,21115,9176199,14675,4916574,5528,3869731,912,389894,9164,868235,0.099795,11825,4344504,0.499355,10140,5212739,0.59915,8700223
1,2021-07-09,23741,9199940,16867,4933441,6032,3875763,842,390736,10734,866974,0.09965,12846,4357350,0.500832,11585,5224324,0.600482,8700223
1,2021-07-10,11272,9211212,8097,4941538,2710,3878473,465,391201,4970,866226,0.099564,6226,4363576,0.501548,5478,5229802,0.601111,8700223
2,2020-12-15,242,242,242,242,0,0,0,0,242,242,2.9e-05,0,0,0.0,242,242,2.9e-05,8407551
2,2020-12-16,2129,2371,2129,2371,0,0,0,0,2128,2370,0.000282,0,0,0.0,2128,2370,0.000282,8407551
2,2020-12-17,6855,9226,6855,9226,0,0,0,0,6856,9226,0.001097,0,0,0.0,6856,9226,0.001097,8407551
2,2020-12-18,11101,20327,11081,20307,20,20,0,0,11101,20327,0.002418,0,0,0.0,11101,20327,0.002418,8407551
2,2020-12-19,5621,25948,5615,25922,6,26,0,0,5622,25949,0.003086,0,0,0.0,5622,25949,0.003086,8407551
2,2020-12-20,4258,30206,4248,30170,10,36,0,0,4253,30201,0.003592,1,1,0.0,4253,30202,0.003592,8407551
2,2020-12-21,12784,42990,12758,42928,26,62,0,0,12739,42940,0.005107,0,1,0.0,12739,42941,0.005107,8407551
2,2020-12-22,12154,55144,11642,54570,512,574,0,0,12153,55093,0.006553,0,1,0.0,12153,55094,0.006553,8407551
2,2020-12-23,11713,66857,9495,64065,2218,2792,0,0,11715,66808,0.007946,1,2,0.0,11716,66810,0.007946,8407551
2,2020-12-24,5912,72769,3503,67568,2409,5201,0,0,5908,72715,0.008649,3,5,1e-06,5910,72720,0.008649,8407551
2,2020-12-25,484,73253,406,67974,78,5279,0,0,486,73201,0.008707,0,5,1e-06,486,73206,0.008707,8407551
2,2020-12-26,2562,75815,1668,69642,894,6173,0,0,2563,75763,0.009011,1,6,1e-06,2563,75769,0.009012,8407551
2,2020-12-27,2227,78042,1211,70853,1016,7189,0,0,2224,77985,0.009276,2,8,1e-06,2224,77993,0.009277,8407551
2,2020-12-28,11035,89077,7172,78025,3863,11052,0,0,11035,89019,0.010588,1,9,1e-06,11035,89028,0.010589,8407551
2,2020-12-29,12728,101805,7151,85176,5577,16629,0,0,12732,101751,0.012102,0,9,1e-06,12732,101760,0.012103,8407551
2,2020-12-30,15435,117240,8662,93838,6773,23402,0,0,15430,117178,0.013937,5,14,2e-06,15432,117192,0.013939,8407551
2,2020-12-31,7591,124831,2833,96671,4758,28160,0,0,7585,124758,0.014839,5,19,2e-06,7585,124777,0.014841,8407551
2,2021-01-01,1200,126031,593,97264,607,28767,0,0,1201,125956,0.014981,3,22,3e-06,1201,125978,0.014984,8407551
2,2021-01-02,4850,130881,2766,100030,2084,30851,0,0,4845,130799,0.015557,2,24,3e-06,4845,130823,0.01556,8407551
2,2021-01-03,1408,132289,793,100823,615,31466,0,0,1401,132197,0.015724,3,27,3e-06,1401,132224,0.015727,8407551
2,2021-01-04,11666,143955,5559,106382,6107,37573,0,0,11655,143849,0.01711,3,30,4e-06,11655,143879,0.017113,8407551
2,2021-01-05,13886,157841,6926,113308,6960,44533,0,0,12676,155356,0.018478,1204,1234,0.000147,12711,156590,0.018625,8407551
2,2021-01-06,19007,176848,10485,123793,8522,53055,0,0,15219,166852,0.019845,3733,4967,0.000591,15229,171819,0.020436,8407551
2,2021-01-07,23260,200108,13118,136911,10142,63197,0,0,15613,174827,0.020794,7653,12620,0.001501,15628,187447,0.022295,8407551
2,2021-01-08,26766,226874,16243,153154,10523,73720,0,0,16464,181062,0.021536,10253,22873,0.002721,16488,203935,0.024256,8407551
2,2021-01-09,9847,236721,5748,158902,4099,77819,0,0,6292,183799,0.021861,3562,26435,0.003144,6299,210234,0.025005,8407551
2,2021-01-10,5339,242060,2970,161872,2369,80188,0,0,3084,184624,0.021959,2264,28699,0.003413,3089,213323,0.025373,8407551
2,2021-01-11,26149,268209,17996,179868,8153,88341,0,0,15071,188658,0.022439,11087,39786,0.004732,15121,228444,0.027171,8407551
2,2021-01-12,26320,294529,16352,196220,9968,98309,0,0,16742,195894,0.0233,9590,49376,0.005873,16826,245270,0.029173,8407551
2,2021-01-13,28628,323157,15186,211406,13442,111751,0,0,20648,208604,0.024812,7967,57343,0.00682,20677,265947,0.031632,8407551
2,2021-01-14,30404,353561,11501,222907,18903,130654,0,0,26134,230525,0.027419,4283,61626,0.00733,26204,292151,0.034749,8407551
2,2021-01-15,35203,388764,12832,235739,22371,153025,0,0,31922,259253,0.030836,3283,64909,0.00772,32011,324162,0.038556,8407551
2,2021-01-16,17741,406505,5648,241387,12093,165118,0,0,16406,274318,0.032628,1352,66261,0.007881,16417,340579,0.040509,8407551
2,2021-01-17,10679,417184,3631,245018,7048,172166,0,0,9948,283527,0.033723,748,67009,0.00797,9957,350536,0.041693,8407551
2,2021-01-18,19737,436921,11025,256043,8712,180878,0,0,14933,293696,0.034932,4824,71833,0.008544,14993,365529,0.043476,8407551
2,2021-01-19,32522,469443,16857,272900,15665,196543,0,0,24531,310351,0.036913,7989,79822,0.009494,24644,390173,0.046407,8407551
2,2021-01-20,37674,507117,18994,291894,18680,215223,0,0,29059,330915,0.039359,8586,88408,0.010515,29150,419323,0.049875,8407551
2,2021-01-21,40975,548092,17431,309325,23544,238767,0,0,36491,363125,0.04319,4453,92861,0.011045,36663,455986,0.054235,8407551
2,2021-01-22,39634,587726,16557,325882,23077,261844,0,0,36290,396076,0.04711,3365,96226,0.011445,36316,492302,0.058555,8407551
2,2021-01-23,24133,611859,10784,336666,13349,275193,0,0,21160,414313,0.049279,2953,99179,0.011796,21190,513492,0.061075,8407551
2,2021-01-24,12435,624294,6108,342774,6327,281520,0,0,11513,424933,0.050542,905,100084,0.011904,11525,525017,0.062446,8407551
2,2021-01-25,33951,658245,15687,358461,18264,299784,0,0,25127,441424,0.052503,8774,108858,0.012948,25265,550282,0.065451,8407551
2,2021-01-26,40602,698847,19972,378433,20630,320414,0,0,31448,463826,0.055168,9129,117987,0.014033,31531,581813,0.069201,8407551
2,2021-01-27,45989,744836,22967,401400,23022,343436,0,0,35684,489387,0.058208,10183,128170,0.015245,35744,617557,0.073453,8407551
2,2021-01-28,48220,793056,22725,424125,25495,368931,0,0,39517,520334,0.061889,8642,136812,0.016273,39589,657146,0.078161,8407551
2,2021-01-29,45865,838921,22266,446391,23599,392530,0,0,37100,548849,0.06528,8649,145461,0.017301,37164,694310,0.082582,8407551
2,2021-01-30,31650,870571,13686,460077,17964,410494,0,0,28244,573758,0.068243,3368,148829,0.017702,28277,722587,0.085945,8407551
2,2021-01-31,17569,888140,10595,470672,6974,417468,0,0,16363,588956,0.070051,1185,150014,0.017843,16383,738970,0.087894,8407551
2,2021-02-01,41191,929331,19860,490532,21331,438799,0,0,30138,608127,0.072331,11005,161019,0.019152,30176,769146,0.091483,8407551
2,2021-02-02,48096,977427,19622,510154,28474,467273,0,0,36560,633324,0.075328,11458,172477,0.020515,36655,805801,0.095843,8407551
2,2021-02-03,54319,1031746,24132,534286,30187,497460,0,0,40040,659282,0.078415,14176,186653,0.022201,40134,845935,0.100616,8407551
2,2021-02-04,56237,1087983,24244,558530,31993,529453,0,0,41055,685361,0.081517,15075,201728,0.023994,41154,887089,0.105511,8407551
2,2021-02-05,60348,1148331,26619,585149,33729,563182,0,0,40843,707074,0.0841,19306,221034,0.02629,41019,928108,0.11039,8407551
2,2021-02-06,39228,1187559,18279,603428,20949,584131,0,0,31506,731033,0.08695,7639,228673,0.027199,31598,959706,0.114148,8407551
2,2021-02-07,16035,1203594,10741,614169,5294,589425,0,0,12163,739419,0.087947,3846,232519,0.027656,12232,971938,0.115603,8407551
2,2021-02-08,43540,1247134,22400,636569,21140,610565,0,0,29961,756168,0.089939,13422,245941,0.029252,30171,1002109,0.119192,8407551
2,2021-02-09,49541,1296675,23486,660055,26055,636620,0,0,30660,768622,0.09142,18534,264475,0.031457,30988,1033097,0.122877,8407551
2,2021-02-10,59930,1356605,28240,688295,31690,668310,0,0,34659,778665,0.092615,24970,289445,0.034427,35013,1068110,0.127042,8407551
2,2021-02-11,64536,1421141,29857,718152,34679,702989,0,0,36062,787077,0.093615,28147,317592,0.037775,36559,1104669,0.13139,8407551
2,2021-02-12,65591,1486732,28238,746390,37353,740342,0,0,34808,792090,0.094212,30451,348043,0.041396,35464,1140133,0.135608,8407551
2,2021-02-13,38138,1524870,15948,762338,22190,762532,0,0,22068,798565,0.094982,15971,364014,0.043296,22446,1162579,0.138278,8407551
2,2021-02-14,20206,1545076,9432,771770,10774,773306,0,0,11282,801336,0.095311,8872,372886,0.044351,11643,1174222,0.139663,8407551
2,2021-02-15,33341,1578417,15101,786871,18240,791546,0,0,18439,805866,0.09585,14766,387652,0.046108,19296,1193518,0.141958,8407551
2,2021-02-16,56611,1635028,27937,814808,28674,820220,0,0,29737,809506,0.096283,26767,414419,0.049291,30407,1223925,0.145574,8407551
2,2021-02-17,62180,1697208,32192,847000,29988,850208,0,0,30726,809696,0.096306,31363,445782,0.053022,31553,1255478,0.149327,8407551
2,2021-02-18,66643,1763851,33810,880810,32833,883041,0,0,32330,809113,0.096236,34060,479842,0.057073,33477,1288955,0.153309,8407551
2,2021-02-19,60067,1823918,33448,914258,26619,909660,0,0,29668,809181,0.096245,30204,510046,0.060665,30272,1319227,0.15691,8407551
2,2021-02-20,38081,1861999,24814,939072,13267,922927,0,0,20501,812880,0.096685,17482,527528,0.062745,21181,1340408,0.159429,8407551
2,2021-02-21,22109,1884108,17983,957055,4126,927053,0,0,10793,813248,0.096728,11228,538756,0.06408,11596,1352004,0.160808,8407551
2,2021-02-22,39371,1923479,27008,984063,12363,939416,0,0,18614,811913,0.09657,20621,559377,0.066533,19286,1371290,0.163102,8407551
2,2021-02-23,53737,1977216,27494,1011557,26243,965659,0,0,23435,807197,0.096009,30044,589421,0.070106,25328,1396618,0.166115,8407551
2,2021-02-24,70940,2048156,36676,1048233,34264,999923,0,0,32371,803567,0.095577,38371,627792,0.07467,34741,1431359,0.170247,8407551
2,2021-02-25,76412,2124568,36142,1084375,40270,1040193,0,0,38715,807662,0.096064,37435,665227,0.079123,41530,1472889,0.175186,8407551
2,2021-02-26,84479,2209047,36271,1120646,48208,1088401,0,0,45352,816378,0.097101,38830,704057,0.083741,47546,1520435,0.180842,8407551
2,2021-02-27,61447,2270494,28397,1149043,33043,1121444,7,7,33363,823233,0.097916,27848,731905,0.087053,34703,1555138,0.184969,8407551
2,2021-02-28,30055,2300549,17955,1166998,12099,1133543,1,8,17540,829201,0.098626,12406,744311,0.088529,18374,1573512,0.187155,8407551
2,2021-03-01,57353,2357902,30118,1197116,27191,1160734,44,52,31183,835738,0.099403,25883,770194,0.091607,32420,1605932,0.191011,8407551
2,2021-03-02,68900,2426802,33061,1230177,35830,1196564,9,61,38648,846646,0.100701,30084,800278,0.095186,40992,1646924,0.195886,8407551
2,2021-03-03,80109,2506911,38868,1269045,41227,1237791,14,75,45298,859928,0.10228,34600,834878,0.099301,47882,1694806,0.201581,8407551
2,2021-03-04,88165,2595076,43460,1312505,44675,1282466,30,105,50793,875997,0.104192,37132,872010,0.103717,53201,1748007,0.207909,8407551
2,2021-03-05,82066,2677142,38647,1351152,43113,1325579,306,411,50224,897285,0.106724,31622,903632,0.107479,52910,1800917,0.214202,8407551
2,2021-03-06,62837,2739979,30750,1381902,30389,1355968,1698,2109,38653,915017,0.108833,24054,927686,0.11034,41786,1842703,0.219172,8407551
2,2021-03-07,28690,2768669,16317,1398219,10831,1366799,1542,3651,18141,925330,0.110059,10478,938164,0.111586,20791,1863494,0.221645,8407551
2,2021-03-08,50788,2819457,23286,1421505,24920,1391719,2582,6233,31900,942674,0.112122,18775,956939,0.113819,36119,1899613,0.225941,8407551
2,2021-03-09,70552,2890009,32119,1453624,34565,1426284,3868,10101,39042,955557,0.113655,31372,988311,0.11755,44255,1943868,0.231205,8407551
2,2021-03-10,78327,2968336,37058,1490682,34718,1461002,6551,16652,41555,968431,0.115186,36558,1024869,0.121899,49432,1993300,0.237084,8407551
2,2021-03-11,93232,3061568,43005,1533687,41851,1502853,8376,25028,48638,982559,0.116866,44287,1069156,0.127166,58415,2051715,0.244032,8407551
2,2021-03-12,94009,3155577,38661,1572348,43363,1546216,11985,37013,46792,995793,0.11844,46969,1116125,0.132753,60203,2111918,0.251193,8407551
2,2021-03-13,69211,3224788,28954,1601302,32341,1578557,7916,44929,38105,1012136,0.120384,30974,1147099,0.136437,47317,2159235,0.256821,8407551
2,2021-03-14,37035,3261823,18305,1619607,14205,1592762,4525,49454,18574,1017633,0.121038,18356,1165455,0.13862,23853,2183088,0.259658,8407551
2,2021-03-15,67486,3329309,30448,1650055,31978,1624740,5060,54514,37181,1030885,0.122614,30084,1195539,0.142198,43336,2226424,0.264812,8407551
2,2021-03-16,86264,3415573,38156,1688211,44094,1668834,4014,58528,52213,1054380,0.125409,33863,1229402,0.146226,57358,2283782,0.271635,8407551
2,2021-03-17,92661,3508234,44352,1732563,44146,1712980,4163,62691,58783,1084563,0.128999,33607,1263009,0.150223,63790,2347572,0.279222,8407551
2,2021-03-18,98035,3606269,46772,1779335,46677,1759657,4586,67277,59704,1111406,0.132191,38014,1301023,0.154745,64857,2412429,0.286936,8407551
2,2021-03-19,97436,3703705,46103,1825438,45196,1804853,6137,73414,57814,1136565,0.135184,39321,1340344,0.159421,64480,2476909,0.294605,8407551
2,2021-03-20,69824,3773529,33777,1859215,32120,1836973,3927,77341,45742,1162763,0.1383,23839,1364183,0.162257,50037,2526946,0.300557,8407551
2,2021-03-21,33398,3806927,21559,1880774,9852,1846825,1987,79328,20102,1172127,0.139414,13157,1377340,0.163822,22521,2549467,0.303235,8407551
2,2021-03-22,62784,3869711,34538,1915312,25605,1872430,2641,81969,41704,1196515,0.142314,20853,1398193,0.166302,45241,2594708,0.308616,8407551
2,2021-03-23,83685,3953396,44522,1959834,36253,1908683,2910,84879,52353,1221562,0.145293,31055,1429248,0.169996,56102,2650810,0.315289,8407551
2,2021-03-24,91536,4044932,49197,2009031,39177,1947860,3162,88041,53711,1241754,0.147695,37496,1466744,0.174456,57688,2708498,0.322151,8407551
2,2021-03-25,101092,4146024,50989,2060020,46213,1994073,3890,91931,57221,1260105,0.149878,43520,1510264,0.179632,61871,2770369,0.32951,8407551
2,2021-03-26,103295,4249319,51222,2111242,48579,2042652,3494,95425,56522,1274780,0.151623,46388,1556652,0.185149,61063,2831432,0.336773,8407551
2,2021-03-27,75498,4324817,37628,2148870,34561,2077213,3309,98734,37886,1279465,0.15218,37369,1594021,0.189594,42054,2873486,0.341774,8407551
2,2021-03-28,37657,4362474,23249,2172119,13599,2090812,809,99543,20192,1283976,0.152717,17341,1611362,0.191657,21852,2895338,0.344374,8407551
2,2021-03-29,71263,4433737,36208,2208327,32789,2123601,2266,101809,40670,1297422,0.154316,30391,1641753,0.195271,43837,2939175,0.349588,8407551
2,2021-03-30,91875,4525612,44987,2253314,42528,2166129,4360,106169,51700,1314115,0.156302,39970,1681723,0.200025,56663,2995838,0.356327,8407551
2,2021-03-31,101173,4626785,52084,2305398,43965,2210094,5124,111293,57476,1333677,0.158628,43385,1725108,0.205186,62947,3058785,0.363814,8407551
2,2021-04-01,117456,4744241,56690,2362088,51544,2261638,9222,120515,63998,1354257,0.161076,53071,1778179,0.211498,73651,3132436,0.372574,8407551
2,2021-04-02,111604,4855845,51391,2413479,50036,2311674,10177,130692,59948,1373582,0.163375,51277,1829456,0.217597,70602,3203038,0.380972,8407551
2,2021-04-03,76772,4932617,37688,2451167,29262,2340936,9822,140514,38045,1383318,0.164533,38520,1867976,0.222178,48256,3251294,0.386711,8407551
2,2021-04-04,28987,4961604,14894,2466061,10241,2351177,3852,144366,13005,1384327,0.164653,15880,1883856,0.224067,16889,3268183,0.38872,8407551
2,2021-04-05,79150,5040754,38770,2504831,31536,2382713,8844,153210,38215,1391382,0.165492,40755,1924611,0.228915,47810,3315993,0.394407,8407551
2,2021-04-06,103941,5144695,50591,2555422,38648,2421361,14702,167912,49274,1401375,0.166681,54386,1978997,0.235383,64379,3380372,0.402064,8407551
2,2021-04-07,110455,5255150,55087,2610509,39121,2460482,16247,184159,52054,1411840,0.167925,58115,2037112,0.242296,68580,3448952,0.410221,8407551
2,2021-04-08,119308,5374458,57403,2667912,43184,2503666,18721,202880,55352,1422908,0.169242,63591,2100703,0.249859,74659,3523611,0.419101,8407551
2,2021-04-09,118830,5493288,57118,2725030,43525,2547191,18187,221067,56176,1435835,0.170779,62279,2162982,0.257267,75206,3598817,0.428046,8407551
2,2021-04-10,87526,5580814,37762,2762792,31385,2578576,18379,239446,36121,1439880,0.17126,51141,2214123,0.263349,55186,3654003,0.43461,8407551
2,2021-04-11,44474,5625288,23050,2785842,12956,2591532,8468,247914,18210,1441156,0.171412,26127,2240250,0.266457,27403,3681406,0.437869,8407551
2,2021-04-12,80001,5705289,37245,2823087,33352,2624884,9404,257318,35680,1443187,0.171654,44047,2284297,0.271696,46078,3727484,0.44335,8407551
2,2021-04-13,101929,5807218,52865,2875952,48803,2673687,261,257579,55881,1454438,0.172992,45783,2330080,0.277141,57034,3784518,0.450133,8407551
2,2021-04-14,106751,5913969,55861,2931813,50838,2724525,52,257631,54668,1458813,0.173512,51777,2381857,0.2833,56152,3840670,0.456812,8407551
2,2021-04-15,113423,6027392,60257,2992070,53088,2777613,78,257709,59430,1465786,0.174342,53603,2435460,0.289675,60576,3901246,0.464017,8407551
2,2021-04-16,110667,6138059,57467,3049537,53149,2830762,51,257760,56305,1468994,0.174723,53997,2489457,0.296098,57205,3958451,0.470821,8407551
2,2021-04-17,83429,6221488,42456,3091993,40959,2871721,14,257774,46816,1480329,0.176071,36358,2525815,0.300422,47693,4006144,0.476494,8407551
2,2021-04-18,35579,6257067,21628,3113621,13945,2885666,6,257780,16950,1479776,0.176006,18490,2544305,0.302621,17937,4024081,0.478627,8407551
2,2021-04-19,74916,6331983,40344,3153965,34556,2920222,16,257796,34220,1474218,0.175345,40416,2584721,0.307429,34858,4058939,0.482773,8407551
2,2021-04-20,97604,6429587,49502,3203467,48076,2968298,26,257822,47460,1472640,0.175157,49805,2634526,0.313352,48227,4107166,0.488509,8407551
2,2021-04-21,103392,6532979,55962,3259429,47374,3015672,56,257878,48945,1468605,0.174677,54007,2688533,0.319776,49972,4157138,0.494453,8407551
2,2021-04-22,107369,6640348,55569,3314998,51777,3067449,23,257901,47102,1456752,0.173267,59869,2748402,0.326897,48016,4205154,0.500164,8407551
2,2021-04-23,106748,6747096,56768,3371766,49962,3117411,18,257919,49330,1450015,0.172466,57003,2805405,0.333677,50266,4255420,0.506143,8407551
2,2021-04-24,79710,6826806,47067,3418833,32603,3150014,40,257959,41631,1454857,0.173042,37756,2843161,0.338168,42598,4298018,0.511209,8407551
2,2021-04-25,36190,6862996,22273,3441106,13903,3163917,14,257973,19709,1458696,0.173498,16350,2859511,0.340112,20189,4318207,0.513611,8407551
2,2021-04-26,73648,6936644,40837,3481943,32507,3196424,304,258277,33944,1454949,0.173053,39441,2898952,0.344803,35694,4353901,0.517856,8407551
2,2021-04-27,87794,7024438,46272,3528215,40161,3236585,1361,259638,37745,1445609,0.171942,49684,2948636,0.350713,40344,4394245,0.522655,8407551
2,2021-04-28,87525,7111963,46809,3575024,38853,3275438,1863,261501,38667,1438519,0.171098,48530,2997166,0.356485,41440,4435685,0.527583,8407551
2,2021-04-29,90208,7202171,49121,3624145,39389,3314827,1698,263199,35103,1421187,0.169037,54733,3051899,0.362995,37401,4473086,0.532032,8407551
2,2021-04-30,93865,7296036,51903,3676048,39972,3354799,1990,265189,36540,1403490,0.166932,56881,3108780,0.36976,39184,4512270,0.536693,8407551
2,2021-05-01,61794,7357830,37737,3713785,22493,3377292,1564,266753,24052,1392517,0.165627,37438,3146218,0.374213,26465,4538735,0.53984,8407551
2,2021-05-02,29102,7386932,20191,3733976,7937,3385229,974,267727,11077,1386768,0.164943,17887,3164105,0.376341,12138,4550873,0.541284,8407551
2,2021-05-03,59937,7446869,35473,3769449,22411,3407640,2053,269780,20169,1369758,0.16292,39498,3203603,0.381039,22488,4573361,0.543959,8407551
2,2021-05-04,79401,7526270,47399,3816848,29631,3437271,2371,272151,25807,1345065,0.159983,53268,3256871,0.387375,28575,4601936,0.547357,8407551
2,2021-05-05,79837,7606107,47572,3864420,29919,3467190,2346,274497,25034,1318395,0.156811,54414,3311285,0.393847,27744,4629680,0.550657,8407551
2,2021-05-06,82104,7688211,49744,3914164,29460,3496650,2900,277397,25145,1290575,0.153502,56506,3367791,0.400567,28686,4658366,0.554069,8407551
2,2021-05-07,83171,7771382,48008,3962172,32741,3529391,2422,279819,25620,1261878,0.150089,57196,3424987,0.40737,28499,4686865,0.557459,8407551
2,2021-05-08,55140,7826522,33386,3995558,20042,3549433,1712,281531,17286,1243984,0.14796,37622,3462609,0.411845,19728,4706593,0.559805,8407551
2,2021-05-09,21706,7848228,15654,4011212,5304,3554737,748,282279,6331,1235999,0.147011,15296,3477905,0.413664,7311,4713904,0.560675,8407551
2,2021-05-10,49804,7898032,27128,4038340,20815,3575552,1861,284140,14047,1216989,0.14475,35530,3513435,0.41789,16520,4730424,0.56264,8407551
2,2021-05-11,65489,7963521,35341,4073681,28044,3603596,2104,286244,19808,1194205,0.14204,45388,3558823,0.423289,22604,4753028,0.565328,8407551
2,2021-05-12,64707,8028228,34500,4108181,28002,3631598,2205,288449,19072,1170541,0.139225,45332,3604155,0.428681,21668,4774696,0.567906,8407551
2,2021-05-13,70564,8098792,40990,4149171,27636,3659234,1938,290387,25861,1154641,0.137334,44428,3648583,0.433965,28528,4803224,0.571299,8407551
2,2021-05-14,79280,8178072,47536,4196707,29505,3688739,2239,292626,30507,1139615,0.135547,48418,3697001,0.439724,33392,4836616,0.57527,8407551
2,2021-05-15,65917,8243989,43315,4240022,20885,3709624,1717,294343,25569,1127177,0.134067,40115,3737116,0.444495,27677,4864293,0.578562,8407551
2,2021-05-16,31510,8275499,23548,4263570,7038,3716662,924,295267,12857,1122556,0.133518,18530,3755646,0.446699,13909,4878202,0.580217,8407551
2,2021-05-17,57704,8333203,36606,4300176,19159,3735821,1939,297206,22790,1112954,0.132376,34693,3790339,0.450826,25091,4903293,0.583201,8407551
2,2021-05-18,69865,8403068,40882,4341058,27020,3762841,1963,299169,27789,1101424,0.131004,41819,3832158,0.4558,30289,4933582,0.586804,8407551
2,2021-05-19,68592,8471660,40609,4381667,25996,3788837,1987,301156,27230,1090038,0.12965,41072,3873230,0.460685,29686,4963268,0.590335,8407551
2,2021-05-20,68836,8540496,39879,4421546,26780,3815617,2177,303333,26171,1076630,0.128055,42351,3915581,0.465722,28943,4992211,0.593777,8407551
2,2021-05-21,72356,8612852,42720,4464266,27501,3843118,2135,305468,27560,1062427,0.126366,44450,3960031,0.471009,30247,5022458,0.597375,8407551
2,2021-05-22,53319,8666171,33765,4498031,17789,3860907,1765,307233,22337,1056297,0.125637,30767,3990798,0.474668,24637,5047095,0.600305,8407551
2,2021-05-23,24187,8690358,16632,4514663,6833,3867740,722,307955,10275,1053644,0.125321,13784,4004582,0.476308,11131,5058226,0.601629,8407551
2,2021-05-24,44578,8734936,25355,4540018,17454,3885194,1769,309724,17200,1045786,0.124387,27167,4031749,0.479539,19309,5077535,0.603926,8407551
2,2021-05-25,50543,8785479,29624,4569642,19056,3904250,1863,311587,19263,1036458,0.123277,30993,4062742,0.483225,21665,5099200,0.606502,8407551
2,2021-05-26,48574,8834053,27239,4596881,19659,3923909,1676,313263,19017,1028260,0.122302,29234,4091976,0.486702,21036,5120236,0.609004,8407551
2,2021-05-27,46505,8880558,26340,4623221,18413,3942322,1752,315015,18615,1021474,0.121495,27654,4119630,0.489992,20868,5141104,0.611487,8407551
2,2021-05-28,49801,8930359,27529,4650750,20315,3962637,1957,316972,20949,1016206,0.120868,28599,4148229,0.493393,23331,5164435,0.614262,8407551
2,2021-05-29,28973,8959332,17356,4668106,10570,3973207,1047,318019,13292,1015181,0.120746,15533,4163762,0.495241,14508,5178943,0.615987,8407551
2,2021-05-30,12594,8971926,8114,4676220,3719,3976926,761,318780,5516,1014498,0.120665,7026,4170788,0.496076,6343,5185286,0.616742,8407551
2,2021-05-31,5870,8977796,3423,4679643,2145,3979071,302,319082,1825,1012678,0.120449,3996,4174784,0.496552,2176,5187462,0.617,8407551
2,2021-06-01,44586,9022382,25625,4705268,17317,3996388,1644,320726,15577,1001556,0.119126,28721,4203505,0.499968,17599,5205061,0.619094,8407551
2,2021-06-02,38084,9060466,22402,4727670,14289,4010677,1393,322119,14970,995348,0.118387,22864,4226369,0.502687,16656,5221717,0.621075,8407551
2,2021-06-03,41296,9101762,26602,4754272,13218,4023895,1476,323595,13946,984034,0.117042,27116,4253485,0.505912,15802,5237519,0.622954,8407551
2,2021-06-04,47865,9149627,31250,4785522,15075,4038970,1540,325135,15500,969521,0.115316,32077,4285562,0.509728,17564,5255083,0.625043,8407551
2,2021-06-05,37724,9187351,26934,4812456,9341,4048311,1449,326584,11831,957545,0.113891,25670,4311232,0.512781,13694,5268777,0.626672,8407551
2,2021-06-06,14869,9202220,12187,4824643,2099,4050410,583,327167,4701,952909,0.11334,10108,4321340,0.513983,5472,5274249,0.627323,8407551
2,2021-06-07,33165,9235385,23197,4847840,8698,4059108,1270,328437,10760,942922,0.112152,22262,4343602,0.516631,12275,5286524,0.628783,8407551
2,2021-06-08,40450,9275835,28633,4876473,10453,4069561,1364,329801,12429,929301,0.110532,27783,4371385,0.519936,14162,5300686,0.630467,8407551
2,2021-06-09,38003,9313838,26562,4903035,9947,4079508,1494,331295,11513,916329,0.108989,26301,4397686,0.523064,13329,5314015,0.632053,8407551
2,2021-06-10,37638,9351476,26189,4929224,9931,4089439,1518,332813,11721,904305,0.107559,25723,4423409,0.526123,13699,5327714,0.633682,8407551
2,2021-06-11,41146,9392622,27309,4956533,12168,4101607,1669,334482,13248,891874,0.10608,27637,4451046,0.529411,15206,5342920,0.635491,8407551
2,2021-06-12,29302,9421924,21565,4978098,6823,4108430,914,335396,8675,881183,0.104809,20496,4471542,0.531848,9805,5352725,0.636657,8407551
2,2021-06-13,12179,9434103,8901,4986999,2666,4111096,612,336008,3089,876025,0.104195,9028,4480570,0.532922,3870,5356595,0.637117,8407551
2,2021-06-14,29781,9463884,21133,5008132,7457,4118553,1191,337199,10334,868471,0.103297,19288,4499858,0.535216,11734,5368329,0.638513,8407551
2,2021-06-15,35404,9499288,23574,5031706,9793,4128346,2037,339236,11971,859652,0.102248,23203,4523061,0.537976,14384,5382713,0.640224,8407551
2,2021-06-16,32784,9532072,22634,5054340,8365,4136711,1785,341021,11305,851732,0.101306,21315,4544376,0.540511,13395,5396108,0.641817,8407551
2,2021-06-17,30675,9562747,20494,5074834,8388,4145099,1793,342814,10889,845005,0.100505,19616,4563992,0.542844,12889,5408997,0.64335,8407551
2,2021-06-18,34404,9597151,22664,5097498,9874,4154973,1866,344680,12570,838075,0.099681,21624,4585616,0.545416,14694,5423691,0.645098,8407551
2,2021-06-19,20766,9617917,14463,5111961,5052,4160025,1251,345931,7878,834658,0.099275,12731,4598347,0.546931,9314,5433005,0.646205,8407551
2,2021-06-20,8213,9626130,5867,5117828,1882,4161907,464,346395,3046,833109,0.099091,5126,4603473,0.54754,3577,5436582,0.646631,8407551
2,2021-06-21,19189,9645319,11734,5129562,6147,4168054,1308,347703,9830,835184,0.099337,9243,4612716,0.54864,11318,5447900,0.647977,8407551
2,2021-06-22,26693,9672012,18297,5147859,7041,4175095,1355,349058,10499,831281,0.098873,16026,4628742,0.550546,12123,5460023,0.649419,8407551
2,2021-06-23,25750,9697762,17777,5165636,6362,4181457,1611,350669,10497,828567,0.09855,15114,4643856,0.552343,12400,5472423,0.650894,8407551
2,2021-06-24,25131,9722893,17126,5182762,6524,4187981,1481,352150,10416,826122,0.09826,14571,4658427,0.554077,12126,5484549,0.652336,8407551
2,2021-06-25,28459,9751352,19279,5202041,7709,4195690,1471,353621,11870,823258,0.097919,16430,4674857,0.556031,13566,5498115,0.65395,8407551
2,2021-06-26,18347,9769699,13515,5215556,3917,4199607,915,354536,7482,821108,0.097663,10782,4685639,0.557313,8632,5506747,0.654976,8407551
2,2021-06-27,8727,9778426,6661,5222217,1617,4201224,449,354985,3503,819999,0.097531,5180,4690819,0.557929,4071,5510818,0.655461,8407551
2,2021-06-28,19580,9798006,14887,5237104,3466,4204690,1227,356212,8667,819278,0.097445,10800,4701619,0.559214,10079,5520897,0.656659,8407551
2,2021-06-29,22402,9820408,15595,5252699,5751,4210441,1056,357268,9547,817381,0.09722,12729,4714348,0.560728,10832,5531729,0.657948,8407551
2,2021-06-30,21625,9842033,15363,5268062,5245,4215686,1017,358285,9611,816339,0.097096,11890,4726238,0.562142,10848,5542577,0.659238,8407551
2,2021-07-01,19512,9861545,13819,5281881,4836,4220522,857,359142,8684,815357,0.096979,10718,4736956,0.563417,9736,5552313,0.660396,8407551
2,2021-07-02,22467,9884012,15527,5297408,5939,4226461,1001,360143,9920,814075,0.096827,12397,4749353,0.564891,11115,5563428,0.661718,8407551
2,2021-07-03,12315,9896327,8912,5306320,2943,4229404,460,360603,5642,813699,0.096782,6590,4755943,0.565675,6214,5569642,0.662457,8407551
2,2021-07-04,980,9897307,577,5306897,338,4229742,65,360668,418,813653,0.096776,552,4756495,0.565741,506,5570148,0.662517,8407551
2,2021-07-05,10888,9908195,7973,5314870,2515,4232257,400,361068,5004,813346,0.09674,5832,4762327,0.566435,5525,5575673,0.663174,8407551
2,2021-07-06,23234,9931429,16919,5331789,5371,4237628,944,362012,9002,809463,0.096278,14097,4776424,0.568111,10214,5585887,0.664389,8407551
2,2021-07-07,20027,9951456,14296,5346085,4664,4242292,1067,363079,8561,807983,0.096102,11358,4787782,0.569462,9878,5595765,0.665564,8407551
2,2021-07-08,16880,9968336,12040,5358125,4014,4246306,826,363905,7277,806735,0.095954,9513,4797295,0.570594,8265,5604030,0.666547,8407551
2,2021-07-09,18372,9986708,12958,5371083,4507,4250813,907,364812,7965,805419,0.095797,10300,4807595,0.571819,8984,5613014,0.667616,8407551
2,2021-07-10,7949,9994657,5675,5376758,1863,4252676,411,365223,3425,804867,0.095731,4463,4812058,0.57235,3911,5616925,0.668081,8407551
3,2020-12-15,309,309,309,309,0,0,0,0,309,309,3.8e-05,0,0,0.0,309,309,3.8e-05,8129050
3,2020-12-16,2441,2750,2441,2750,0,0,0,0,2442,2751,0.000338,0,0,0.0,2442,2751,0.000338,8129050
3,2020-12-17,7810,10560,7810,10560,0,0,0,0,7810,10561,0.001299,0,0,0.0,7810,10561,0.001299,8129050
3,2020-12-18,13422,23982,13404,23964,18,18,0,0,13421,23982,0.00295,0,0,0.0,13421,23982,0.00295,8129050
3,2020-12-19,7250,31232,7237,31201,13,31,0,0,7314,31296,0.00385,0,0,0.0,7314,31296,0.00385,8129050
3,2020-12-20,5652,36884,5644,36845,8,39,0,0,5699,36994,0.004551,1,1,0.0,5699,36995,0.004551,8129050
3,2020-12-21,14372,51256,14347,51192,25,64,0,0,14436,51429,0.006327,1,2,0.0,14436,51431,0.006327,8129050
3,2020-12-22,14797,66053,14225,65417,572,636,0,0,14835,66263,0.008151,1,3,0.0,14835,66266,0.008152,8129050
3,2020-12-23,14813,80866,12214,77631,2599,3235,0,0,14839,81101,0.009977,2,5,1e-06,14840,81106,0.009977,8129050
3,2020-12-24,6786,87652,4872,82503,1914,5149,0,0,6783,87882,0.010811,2,7,1e-06,6783,87889,0.010812,8129050
3,2020-12-25,721,88373,664,83167,57,5206,0,0,719,88601,0.010899,0,7,1e-06,719,88608,0.0109,8129050
3,2020-12-26,4620,92993,2996,86163,1624,6830,0,0,4618,93219,0.011467,0,7,1e-06,4618,93226,0.011468,8129050
3,2020-12-27,2981,95974,1852,88015,1129,7959,0,0,2981,96200,0.011834,0,7,1e-06,2981,96207,0.011835,8129050
3,2020-12-28,13622,109596,8720,96735,4902,12861,0,0,13647,109846,0.013513,1,8,1e-06,13647,109854,0.013514,8129050
3,2020-12-29,15016,124612,8467,105202,6549,19410,0,0,15044,124888,0.015363,2,10,1e-06,15044,124898,0.015364,8129050
3,2020-12-30,18013,142625,10039,115241,7974,27384,0,0,18017,142904,0.017579,2,12,1e-06,18018,142916,0.017581,8129050
3,2020-12-31,8459,151084,3238,118479,5221,32605,0,0,8458,151360,0.01862,2,14,2e-06,8458,151374,0.018621,8129050
3,2021-01-01,1441,152525,669,119148,772,33377,0,0,1438,152797,0.018796,1,15,2e-06,1438,152812,0.018798,8129050
3,2021-01-02,4944,157469,2424,121572,2520,35897,0,0,4944,157741,0.019405,0,15,2e-06,4944,157756,0.019406,8129050
3,2021-01-03,1613,159082,847,122419,766,36663,0,0,1602,159339,0.019601,4,19,2e-06,1602,159358,0.019604,8129050
3,2021-01-04,12006,171088,5958,128377,6048,42711,0,0,11979,171311,0.021074,7,26,3e-06,11979,171337,0.021077,8129050
3,2021-01-05,15714,186802,8139,136516,7575,50286,0,0,14043,183726,0.022601,1656,1682,0.000207,14071,185408,0.022808,8129050
3,2021-01-06,20584,207386,10875,147391,9709,59995,0,0,16065,195325,0.024028,4475,6157,0.000757,16074,201482,0.024785,8129050
3,2021-01-07,26591,233977,15218,162609,11373,71368,0,0,17140,203064,0.02498,9416,15573,0.001916,17155,218637,0.026896,8129050
3,2021-01-08,30577,264554,18705,181314,11872,83240,0,0,18106,208744,0.025679,12448,28021,0.003447,18128,236765,0.029126,8129050
3,2021-01-09,12440,276994,7035,188349,5405,88645,0,0,7901,212122,0.026094,4533,32554,0.004005,7911,244676,0.030099,8129050
3,2021-01-10,7194,284188,4474,192823,2720,91365,0,0,4046,213027,0.026206,3146,35700,0.004392,4051,248727,0.030597,8129050
3,2021-01-11,29013,313201,18990,211813,10023,101388,0,0,16414,216893,0.026681,12591,48291,0.005941,16457,265184,0.032622,8129050
3,2021-01-12,32529,345730,19453,231266,13076,114464,0,0,19899,224333,0.027596,12608,60899,0.007492,20048,285232,0.035088,8129050
3,2021-01-13,34515,380245,18031,249297,16484,130948,0,0,24312,238463,0.029335,10202,71101,0.008747,24332,309564,0.038081,8129050
3,2021-01-14,34765,415010,14239,263536,20526,151474,0,0,28861,261486,0.032167,5876,76977,0.009469,28899,338463,0.041636,8129050
3,2021-01-15,38926,453936,14459,277995,24467,175941,0,0,34249,291139,0.035815,4666,81643,0.010043,34319,372782,0.045858,8129050
3,2021-01-16,21925,475861,7593,285588,14332,190273,0,0,19598,308444,0.037943,2315,83958,0.010328,19620,392402,0.048272,8129050
3,2021-01-17,13142,489003,4444,290032,8698,198971,0,0,12103,319528,0.039307,1038,84996,0.010456,12122,404524,0.049763,8129050
3,2021-01-18,24695,513698,12888,302920,11807,210778,0,0,19113,333087,0.040975,5596,90592,0.011144,19155,423679,0.052119,8129050
3,2021-01-19,41038,554736,20857,323777,20181,230959,0,0,31923,356010,0.043795,9087,99679,0.012262,32010,455689,0.056057,8129050
3,2021-01-20,45967,600703,22833,346610,23134,254093,0,0,36430,383029,0.047119,9494,109173,0.01343,36513,492202,0.060549,8129050
3,2021-01-21,48084,648787,20886,367496,27198,281291,0,0,42573,420242,0.051696,5435,114608,0.014099,42648,534850,0.065795,8129050
3,2021-01-22,49722,698509,19796,387292,29926,311217,0,0,45527,461646,0.05679,4197,118805,0.014615,45601,580451,0.071405,8129050
3,2021-01-23,30343,728852,12793,400085,17550,328767,0,0,27040,485445,0.059717,3295,122100,0.01502,27094,607545,0.074738,8129050
3,2021-01-24,17812,746664,8470,408555,9342,338109,0,0,16637,500941,0.061624,1172,123272,0.015164,16668,624213,0.076788,8129050
3,2021-01-25,40776,787440,18175,426730,22601,360710,0,0,30807,521890,0.064201,9945,133217,0.016388,30894,655107,0.080588,8129050
3,2021-01-26,47136,834576,22500,449230,24636,385346,0,0,36996,548867,0.067519,10125,143342,0.017633,37102,692209,0.085153,8129050
3,2021-01-27,51307,885883,24379,473609,26928,412274,0,0,40647,579007,0.071227,10586,153928,0.018936,40726,732935,0.090162,8129050
3,2021-01-28,51721,937604,23942,497551,27779,440053,0,0,42761,612959,0.075404,8867,162795,0.020026,42819,775754,0.09543,8129050
3,2021-01-29,50856,988460,24354,521905,26502,466555,0,0,41116,644582,0.079294,9540,172335,0.0212,41163,816917,0.100494,8129050
3,2021-01-30,37230,1025690,17558,539463,19672,486227,0,0,32502,672495,0.082727,4673,177008,0.021775,32586,849503,0.104502,8129050
3,2021-01-31,22211,1047901,12565,552028,9646,495873,0,0,20802,691919,0.085117,1398,178406,0.021947,20822,870325,0.107064,8129050
3,2021-02-01,45713,1093614,20837,572865,24876,520749,0,0,34852,715995,0.088079,10810,189216,0.023277,34886,905211,0.111355,8129050
3,2021-02-02,54349,1147963,22582,595447,31767,552516,0,0,41894,745578,0.091718,12362,201578,0.024797,41945,947156,0.116515,8129050
3,2021-02-03,60059,1208022,26669,622116,33390,585906,0,0,44574,774902,0.095325,15322,216900,0.026682,44646,991802,0.122007,8129050
3,2021-02-04,64338,1272360,27871,649987,36467,622373,0,0,47101,805087,0.099038,17027,233927,0.028777,47212,1039014,0.127815,8129050
3,2021-02-05,70367,1342727,29828,679815,40539,662912,0,0,48540,832237,0.102378,21563,255490,0.031429,48713,1087727,0.133807,8129050
3,2021-02-06,43920,1386647,21190,701005,22730,685642,0,0,34132,856811,0.105401,9741,265231,0.032628,34315,1122042,0.138029,8129050
3,2021-02-07,19562,1406209,12398,713403,7164,692806,0,0,15044,867481,0.106714,4500,269731,0.033181,15170,1137212,0.139895,8129050
3,2021-02-08,51199,1457408,24663,738066,26536,719342,0,0,33537,883681,0.108707,17523,287254,0.035337,33723,1170935,0.144043,8129050
3,2021-02-09,58544,1515952,28352,766418,30192,749534,0,0,34293,894327,0.110016,23977,311231,0.038286,34623,1205558,0.148302,8129050
3,2021-02-10,68042,1583994,31545,797963,36497,786031,0,0,36504,900098,0.110726,31232,342463,0.042128,37003,1242561,0.152854,8129050
3,2021-02-11,70678,1654672,34791,832754,35887,821918,0,0,37463,905277,0.111363,32822,375285,0.046166,38001,1280562,0.157529,8129050
3,2021-02-12,75602,1730274,32661,865415,42941,864859,0,0,41665,914123,0.112451,33600,408885,0.050299,42446,1323008,0.162751,8129050
3,2021-02-13,45226,1775500,20498,885913,24728,889587,0,0,26021,921634,0.113375,19094,427979,0.052648,26605,1349613,0.166023,8129050
3,2021-02-14,27391,1802891,13677,899590,13714,903301,0,0,15193,925133,0.113806,12143,440122,0.054142,15642,1365255,0.167948,8129050
3,2021-02-15,40097,1842988,17232,916822,22865,926166,0,0,22173,930425,0.114457,17819,457941,0.056334,23111,1388366,0.170791,8129050
3,2021-02-16,70179,1913167,33187,950009,36992,963158,0,0,36455,934337,0.114938,33571,491512,0.060464,37483,1425849,0.175402,8129050
3,2021-02-17,71979,1985146,36373,986382,35606,998764,0,0,34185,932052,0.114657,37546,529058,0.065082,35261,1461110,0.179739,8129050
3,2021-02-18,77145,2062291,40284,1026666,36861,1035625,0,0,35697,927838,0.114139,41256,570314,0.070158,37042,1498152,0.184296,8129050
3,2021-02-19,69253,2131544,39856,1066522,29397,1065022,0,0,34968,929372,0.114327,34132,604446,0.074356,35666,1533818,0.188684,8129050
3,2021-02-20,42868,2174412,27011,1093533,15857,1080879,0,0,22472,932066,0.114659,20279,624725,0.076851,22973,1556791,0.19151,8129050
3,2021-02-21,23992,2198404,19292,1112825,4700,1085579,0,0,11795,932140,0.114668,12104,636829,0.07834,12178,1568969,0.193008,8129050
3,2021-02-22,47079,2245483,30678,1143503,16401,1101980,0,0,22073,929830,0.114384,24870,661699,0.081399,22560,1591529,0.195783,8129050
3,2021-02-23,62900,2308383,34215,1177718,28685,1130665,0,0,27508,924151,0.113685,35174,696873,0.085726,29495,1621024,0.199411,8129050
3,2021-02-24,78984,2387367,38782,1216500,40202,1170867,0,0,34954,917830,0.112907,43788,740661,0.091113,37467,1658491,0.20402,8129050
3,2021-02-25,88195,2475562,43008,1259508,45187,1216054,0,0,43985,920499,0.113236,43908,784569,0.096514,46577,1705068,0.20975,8129050
3,2021-02-26,98507,2574069,45022,1304530,53485,1269539,0,0,52118,928832,0.114261,45988,830557,0.102171,54321,1759389,0.216432,8129050
3,2021-02-27,69548,2643617,31875,1336405,37669,1307208,4,4,36772,934359,0.114941,32555,863112,0.106176,38082,1797471,0.221117,8129050
3,2021-02-28,40089,2683706,23017,1359422,17069,1324277,3,7,20759,936915,0.115255,19157,882269,0.108533,21713,1819184,0.223788,8129050
3,2021-03-01,67864,2751570,35941,1395363,31892,1356169,31,38,37909,946455,0.116429,29739,912008,0.112191,39279,1858463,0.22862,8129050
3,2021-03-02,79042,2830612,39011,1434374,40023,1396192,8,46,45845,961336,0.118259,33046,945054,0.116256,47927,1906390,0.234516,8129050
3,2021-03-03,89284,2919896,42784,1477158,46481,1442673,19,65,50121,974808,0.119917,38937,983991,0.121046,52409,1958799,0.240963,8129050
3,2021-03-04,93702,3013598,45843,1523001,47839,1490512,20,85,53229,990098,0.121798,40236,1024227,0.125996,55526,2014325,0.247793,8129050
3,2021-03-05,90607,3104205,44334,1567335,45982,1536494,291,376,55371,1013013,0.124616,34974,1059201,0.130298,57889,2072214,0.254915,8129050
3,2021-03-06,65284,3169489,33077,1600412,30051,1566545,2156,2532,37511,1026521,0.126278,27622,1086823,0.133696,41130,2113344,0.259974,8129050
3,2021-03-07,39061,3208550,22544,1622956,14619,1581164,1898,4430,21969,1034541,0.127265,17022,1103845,0.13579,25042,2138386,0.263055,8129050
3,2021-03-08,59811,3268361,28505,1651461,28307,1609471,2999,7429,37846,1055126,0.129797,21799,1125644,0.138472,42384,2180770,0.268269,8129050
3,2021-03-09,77032,3345393,35568,1687029,37031,1646502,4433,11862,41429,1066693,0.13122,35456,1161100,0.142833,47023,2227793,0.274053,8129050
3,2021-03-10,83045,3428438,41399,1728428,35549,1682051,6097,17959,43399,1078151,0.132629,39425,1200525,0.147683,50883,2278676,0.280313,8129050
3,2021-03-11,97290,3525728,47579,1776007,41106,1723157,8605,26564,47662,1086137,0.133612,49355,1249880,0.153755,57341,2336017,0.287367,8129050
3,2021-03-12,102087,3627815,45469,1821476,44735,1767892,11883,38447,46788,1090886,0.134196,55060,1304940,0.160528,59809,2395826,0.294724,8129050
3,2021-03-13,70601,3698416,29698,1851174,33656,1801548,7247,45694,37359,1103726,0.135776,33114,1338054,0.164602,45954,2441780,0.300377,8129050
3,2021-03-14,41369,3739785,21602,1872776,16198,1817746,3569,49263,20832,1108303,0.136339,20451,1358505,0.167117,25028,2466808,0.303456,8129050
3,2021-03-15,75694,3815479,35892,1908668,35260,1853006,4542,53805,39857,1118086,0.137542,35613,1394118,0.171498,45396,2512204,0.30904,8129050
3,2021-03-16,95068,3910547,43811,1952479,46932,1899938,4325,58130,53466,1135437,0.139676,41357,1435475,0.176586,58708,2570912,0.316262,8129050
3,2021-03-17,98299,4008846,47743,2000222,46040,1945978,4516,62646,59719,1162007,0.142945,38328,1473803,0.181301,64898,2635810,0.324246,8129050
3,2021-03-18,103644,4112490,52713,2052935,46407,1992385,4524,67170,59580,1182888,0.145514,43770,1517573,0.186685,64651,2700461,0.332199,8129050
3,2021-03-19,103328,4215818,55420,2108355,43452,2035837,4456,71626,57665,1200193,0.147642,45376,1562949,0.192267,62681,2763142,0.33991,8129050
3,2021-03-20,71926,4287744,37058,2145413,31228,2067065,3640,75266,44582,1221765,0.150296,27154,1590103,0.195607,48726,2811868,0.345904,8129050
3,2021-03-21,36361,4324105,24727,2170140,10135,2077200,1499,76765,22015,1231512,0.151495,14243,1604346,0.19736,23990,2835858,0.348855,8129050
3,2021-03-22,70524,4394629,41444,2211584,26559,2103759,2521,79286,45130,1255016,0.154387,25163,1629509,0.200455,48667,2884525,0.354842,8129050
3,2021-03-23,89745,4484374,49664,2261248,37559,2141318,2522,81808,55217,1279200,0.157362,34259,1663768,0.204669,58443,2942968,0.362031,8129050
3,2021-03-24,98666,4583040,56797,2318045,38973,2180291,2896,84704,56296,1296984,0.159549,42012,1705780,0.209838,59796,3002764,0.369387,8129050
3,2021-03-25,107236,4690276,59585,2377630,44700,2224991,2951,87655,60550,1314788,0.161739,46340,1752120,0.215538,64144,3066908,0.377278,8129050
3,2021-03-26,110556,4800832,59304,2436934,47946,2272937,3306,90961,57227,1323173,0.162771,52991,1805111,0.222057,61376,3128284,0.384828,8129050
3,2021-03-27,74514,4875346,37920,2474854,34048,2306985,2546,93507,36260,1324621,0.162949,38030,1843141,0.226735,39478,3167762,0.389684,8129050
3,2021-03-28,44367,4919713,27941,2502795,15612,2322597,814,94321,22475,1326772,0.163214,21780,1864921,0.229414,23931,3191693,0.392628,8129050
3,2021-03-29,80675,5000388,42081,2544876,36733,2359330,1861,96182,44325,1337681,0.164556,36088,1901009,0.233854,46997,3238690,0.398409,8129050
3,2021-03-30,100189,5100577,49227,2594103,47336,2406666,3626,99808,56283,1354545,0.16663,43648,1944657,0.239223,60512,3299202,0.405853,8129050
3,2021-03-31,105115,5205692,56675,2650778,43594,2450260,4846,104654,56197,1367232,0.168191,48685,1993342,0.245212,61372,3360574,0.413403,8129050
3,2021-04-01,123600,5329292,62481,2713259,51369,2501629,9750,114404,66697,1387482,0.170682,56504,2049846,0.252163,76754,3437328,0.422845,8129050
3,2021-04-02,117969,5447261,57573,2770832,50061,2551690,10335,124739,62252,1405131,0.172853,55419,2105265,0.25898,73068,3510396,0.431833,8129050
3,2021-04-03,76126,5523387,38922,2809754,27971,2579661,9233,133972,37923,1414542,0.174011,38051,2143316,0.263661,47462,3557858,0.437672,8129050
3,2021-04-04,32428,5555815,17354,2827108,10862,2590523,4212,138184,14148,1414729,0.174034,18202,2161518,0.2659,18389,3576247,0.439934,8129050
3,2021-04-05,89273,5645088,45243,2872351,34829,2625352,9201,147385,43350,1422413,0.174979,45686,2207204,0.271521,53370,3629617,0.4465,8129050
3,2021-04-06,113468,5758556,55194,2927545,43093,2668445,15181,162566,53340,1431783,0.176132,59848,2267052,0.278883,69218,3698835,0.455014,8129050
3,2021-04-07,116359,5874915,60173,2987718,39868,2708313,16318,178884,56250,1444775,0.17773,59844,2326896,0.286245,72836,3771671,0.463974,8129050
3,2021-04-08,121443,5996358,60431,3048149,40849,2749162,20163,199047,56226,1457020,0.179236,64907,2391803,0.294229,77152,3848823,0.473465,8129050
3,2021-04-09,118451,6114809,59036,3107185,40261,2789423,19154,218201,51977,1462829,0.179951,66217,2458020,0.302375,72026,3920849,0.482326,8129050
3,2021-04-10,84432,6199241,37876,3145061,31283,2820706,15273,233474,34299,1463266,0.180005,49950,2507970,0.308519,50387,3971236,0.488524,8129050
3,2021-04-11,45262,6244503,24280,3169341,13003,2833709,7979,241453,17147,1461199,0.17975,28025,2535995,0.311967,25958,3997194,0.491717,8129050
3,2021-04-12,84018,6328521,42448,3211789,32765,2866474,8805,250258,38017,1463340,0.180014,45762,2581757,0.317596,47903,4045097,0.49761,8129050
3,2021-04-13,105573,6434094,57187,3268976,48172,2914646,214,250472,55695,1470494,0.180894,49638,2631395,0.323703,56792,4101889,0.504596,8129050
3,2021-04-14,107688,6541782,58866,3327842,48724,2963370,98,250570,53589,1471811,0.181056,53805,2685200,0.330322,55122,4157011,0.511377,8129050
3,2021-04-15,119533,6661315,67282,3395124,52176,3015546,75,250645,63978,1481431,0.182239,55239,2740439,0.337117,64859,4221870,0.519356,8129050
3,2021-04-16,115626,6776941,64842,3459966,50690,3066236,94,250739,60364,1487601,0.182998,54954,2795393,0.343877,61124,4282994,0.526875,8129050
3,2021-04-17,79510,6856451,43366,3503332,36131,3102367,13,250752,44325,1497943,0.18427,34964,2830357,0.348178,45306,4328300,0.532448,8129050
3,2021-04-18,38748,6895199,23366,3526698,15379,3117746,3,250755,18200,1496583,0.184103,20437,2850794,0.350692,19077,4347377,0.534795,8129050
3,2021-04-19,79346,6974545,44216,3570914,35076,3152822,54,250809,35894,1489762,0.183264,43277,2894071,0.356016,36456,4383833,0.53928,8129050
3,2021-04-20,100931,7075476,53126,3624040,47787,3200609,18,250827,48993,1488108,0.183061,51690,2945761,0.362375,50036,4433869,0.545435,8129050
3,2021-04-21,105635,7181111,59284,3683324,46283,3246892,68,250895,49924,1483828,0.182534,55354,3001115,0.369184,51074,4484943,0.551718,8129050
3,2021-04-22,111323,7292434,62534,3745858,48766,3295658,23,250918,47873,1469566,0.18078,63115,3064230,0.376948,48853,4533796,0.557728,8129050
3,2021-04-23,105670,7398104,60452,3806310,45191,3340849,27,250945,46325,1457914,0.179346,59015,3123245,0.384208,47363,4581159,0.563554,8129050
3,2021-04-24,73215,7471319,45276,3851586,27876,3368725,63,251008,35720,1457459,0.17929,37231,3160476,0.388788,36776,4617935,0.568078,8129050
3,2021-04-25,36675,7507994,23416,3875002,13242,3381967,17,251025,18722,1458788,0.179454,17816,3178292,0.39098,19145,4637080,0.570433,8129050
3,2021-04-26,73562,7581556,41512,3916514,31643,3413610,407,251432,31474,1450178,0.178395,41832,3220124,0.396126,33222,4670302,0.57452,8129050
3,2021-04-27,90803,7672359,47655,3964169,41410,3455020,1738,253170,36081,1434339,0.176446,54428,3274552,0.402821,38589,4708891,0.579267,8129050
3,2021-04-28,86456,7758815,49096,4013265,35232,3490252,2128,255298,35371,1421562,0.174874,50805,3325357,0.409071,38028,4746919,0.583945,8129050
3,2021-04-29,88512,7847327,50571,4063836,35737,3525989,2204,257502,31621,1399303,0.172136,56570,3381927,0.41603,34311,4781230,0.588166,8129050
3,2021-04-30,90163,7937490,50877,4114713,36806,3562795,2480,259982,33603,1379612,0.169714,56241,3438168,0.422948,36550,4817780,0.592662,8129050
3,2021-05-01,54911,7992401,34528,4149241,18926,3581721,1457,261439,19735,1366347,0.168082,34943,3473111,0.427247,21678,4839458,0.595329,8129050
3,2021-05-02,26840,8019241,18310,4167551,7517,3589238,1013,262452,9840,1360385,0.167349,16911,3490022,0.429327,10949,4850407,0.596676,8129050
3,2021-05-03,59245,8078486,34609,4202160,22274,3611512,2362,264814,17387,1338657,0.164676,41655,3531677,0.434451,19927,4870334,0.599127,8129050
3,2021-05-04,77300,8155786,44691,4246851,29947,3641459,2662,267476,22510,1309598,0.161101,54513,3586190,0.441157,25454,4895788,0.602258,8129050
3,2021-05-05,78729,8234515,47303,4294154,28732,3670191,2694,270170,21872,1277904,0.157202,56545,3642735,0.448113,24851,4920639,0.605315,8129050
3,2021-05-06,82733,8317248,52234,4346388,27974,3698165,2525,272695,20606,1239916,0.152529,61666,3704401,0.455699,23678,4944317,0.608228,8129050
3,2021-05-07,82060,8399308,51127,4397515,28316,3726481,2617,275312,21831,1204764,0.148205,59893,3764294,0.463067,24741,4969058,0.611272,8129050
3,2021-05-08,52210,8451518,32341,4429856,18165,3744646,1704,277016,13860,1182496,0.145465,38096,3802390,0.467753,15828,4984886,0.613219,8129050
3,2021-05-09,20888,8472406,15292,4445148,4807,3749453,789,277805,5527,1173606,0.144372,15272,3817662,0.469632,6382,4991268,0.614004,8129050
3,2021-05-10,47832,8520238,25623,4470771,20305,3769758,1904,279709,11116,1150366,0.141513,36523,3854185,0.474125,13283,5004551,0.615638,8129050
3,2021-05-11,63594,8583832,35538,4506309,25847,3795605,2209,281918,16113,1121899,0.138011,47258,3901443,0.479938,18791,5023342,0.617949,8129050
3,2021-05-12,64490,8648322,37047,4543356,25055,3820660,2388,284306,16521,1093381,0.134503,47726,3949169,0.485809,19208,5042550,0.620312,8129050
3,2021-05-13,74924,8723246,47213,4590569,25814,3846474,1897,286203,27472,1076142,0.132382,47217,3996386,0.491618,29978,5072528,0.624,8129050
3,2021-05-14,79957,8803203,50523,4641092,27305,3873779,2129,288332,31014,1061222,0.130547,48660,4045046,0.497604,33740,5106268,0.628151,8129050
3,2021-05-15,61733,8864936,42620,4683712,17908,3891687,1205,289537,25586,1052271,0.129446,35957,4081003,0.502027,27006,5133274,0.631473,8129050
3,2021-05-16,33021,8897957,24681,4708393,7653,3899340,687,290224,13361,1046864,0.128781,19543,4100546,0.504431,14136,5147410,0.633212,8129050
3,2021-05-17,56731,8954688,36131,4744524,18772,3918112,1828,292052,20957,1034346,0.127241,35507,4136053,0.508799,22989,5170399,0.63604,8129050
3,2021-05-18,64283,9018971,37995,4782519,24449,3942561,1839,293891,24239,1021040,0.125604,39777,4175830,0.513692,26471,5196870,0.639296,8129050
3,2021-05-19,63664,9082635,38733,4821252,23200,3965761,1731,295622,24719,1009061,0.12413,38702,4214532,0.518453,26723,5223593,0.642583,8129050
3,2021-05-20,61119,9143754,35794,4857046,23504,3989265,1821,297443,21999,994379,0.122324,38848,4253380,0.523232,24166,5247759,0.645556,8129050
3,2021-05-21,65379,9209133,39803,4896849,23496,4012761,2080,299523,23451,978581,0.120381,41630,4295010,0.528353,25832,5273591,0.648734,8129050
3,2021-05-22,45549,9254682,30207,4927056,13878,4026639,1464,300987,19098,973148,0.119712,26251,4321261,0.531583,20818,5294409,0.651295,8129050
3,2021-05-23,21415,9276097,14998,4942054,5770,4032409,647,301634,9197,970967,0.119444,12136,4333397,0.533075,9955,5304364,0.65252,8129050
3,2021-05-24,39367,9315464,23053,4965107,14567,4046976,1747,303381,14662,963060,0.118471,24520,4357917,0.536092,16613,5320977,0.654563,8129050
3,2021-05-25,42543,9358007,23956,4989063,16921,4063897,1666,305047,15145,952951,0.117228,27145,4385062,0.539431,17036,5338013,0.656659,8129050
3,2021-05-26,42189,9400196,24183,5013246,16298,4080195,1708,306755,15855,944603,0.116201,26044,4411106,0.542635,17696,5355709,0.658836,8129050
3,2021-05-27,39256,9439452,22017,5035263,15495,4095690,1744,308499,15446,938380,0.115435,23651,4434757,0.545544,17428,5373137,0.66098,8129050
3,2021-05-28,42593,9482045,24070,5059333,16731,4112421,1792,310291,17723,933542,0.11484,24671,4459428,0.548579,19833,5392970,0.663419,8129050
3,2021-05-29,23421,9505466,14302,5073635,8283,4120704,836,311127,10990,933190,0.114797,12303,4471731,0.550093,11951,5404921,0.66489,8129050
3,2021-05-30,10566,9516032,6851,5080486,3081,4123785,634,311761,4454,932278,0.114685,6040,4477771,0.550836,5128,5410049,0.66552,8129050
3,2021-05-31,4616,9520648,2662,5083148,1687,4125472,267,312028,1453,930893,0.114514,3133,4480904,0.551221,1748,5411797,0.665735,8129050
3,2021-06-01,37580,9558228,21659,5104807,14487,4139959,1434,313462,13174,921511,0.11336,24185,4505089,0.554196,14803,5426600,0.667556,8129050
3,2021-06-02,31435,9589663,18067,5122874,11957,4151916,1411,314873,11659,915135,0.112576,19572,4524661,0.556604,13196,5439796,0.66918,8129050
3,2021-06-03,39480,9629143,27016,5149890,11038,4162954,1426,316299,11463,900410,0.110764,27835,4552496,0.560028,13110,5452906,0.670793,8129050
3,2021-06-04,46042,9675185,32559,5182449,11944,4174898,1539,317838,13133,882803,0.108599,32680,4585176,0.564048,15073,5467979,0.672647,8129050
3,2021-06-05,34223,9709408,25813,5208262,7224,4182122,1186,319024,8735,867621,0.106731,25286,4610462,0.567159,10104,5478083,0.67389,8129050
3,2021-06-06,14604,9724012,12183,5220445,1840,4183962,581,319605,3757,861329,0.105957,10791,4621253,0.568486,4499,5482582,0.674443,8129050
3,2021-06-07,30306,9754318,22041,5242486,6990,4190952,1275,320880,8694,849945,0.104556,21470,4642723,0.571127,10086,5492668,0.675684,8129050
3,2021-06-08,34233,9788551,24597,5267083,8351,4199303,1285,322165,9968,837356,0.103008,24054,4666777,0.574086,11465,5504133,0.677094,8129050
3,2021-06-09,32873,9821424,23856,5290939,7727,4207030,1290,323455,8877,823852,0.101347,23825,4690602,0.577017,10321,5514454,0.678364,8129050
3,2021-06-10,32375,9853799,23356,5314295,7491,4214521,1528,324983,9029,811403,0.099815,23202,4713804,0.579871,10753,5525207,0.679687,8129050
3,2021-06-11,35383,9889182,25021,5339316,8998,4223519,1364,326347,10548,798844,0.09827,24646,4738450,0.582903,12087,5537294,0.681174,8129050
3,2021-06-12,25074,9914256,18913,5358229,5271,4228790,890,327237,6683,788290,0.096972,18276,4756726,0.585152,7722,5545016,0.682123,8129050
3,2021-06-13,10105,9924361,7561,5365790,2052,4230842,492,327729,2352,783502,0.096383,7701,4764427,0.586099,2913,5547929,0.682482,8129050
3,2021-06-14,25704,9950065,18413,5384203,5887,4236729,1404,329133,8076,775624,0.095414,17497,4781924,0.588251,9619,5557548,0.683665,8129050
3,2021-06-15,28563,9978628,19347,5403550,7724,4244453,1492,330625,9633,768202,0.094501,18710,4800634,0.590553,11288,5568836,0.685054,8129050
3,2021-06-16,25772,10004400,18300,5421850,6072,4250525,1400,332025,8725,761612,0.09369,16868,4817502,0.592628,10278,5579114,0.686318,8129050
3,2021-06-17,24704,10029104,17718,5439568,5725,4256250,1261,333286,8597,755651,0.092957,15952,4833454,0.59459,9991,5589105,0.687547,8129050
3,2021-06-18,27826,10056930,19659,5459227,6609,4262859,1558,334844,9774,749313,0.092177,17834,4851288,0.596784,11496,5600601,0.688961,8129050
3,2021-06-19,15877,10072807,11656,5470883,3375,4266234,846,335690,5694,745903,0.091758,10057,4861345,0.598021,6647,5607248,0.689779,8129050
3,2021-06-20,6840,10079647,5140,5476023,1404,4267638,296,335986,2601,744667,0.091606,4186,4865531,0.598536,2950,5610198,0.690142,8129050
3,2021-06-21,16102,10095749,10180,5486203,4544,4272182,1378,337364,8029,746207,0.091795,7987,4873518,0.599519,9527,5619725,0.691314,8129050
3,2021-06-22,21913,10117662,15385,5501588,5268,4277450,1260,338624,8228,742278,0.091312,13570,4887088,0.601188,9641,5629366,0.6925,8129050
3,2021-06-23,20098,10137760,14128,5515716,4670,4282120,1300,339924,7977,739682,0.090992,12009,4899097,0.602665,9413,5638779,0.693658,8129050
3,2021-06-24,19811,10157571,13795,5529511,4582,4286702,1434,341358,7735,737053,0.090669,11911,4911008,0.604131,9282,5648061,0.6948,8129050
3,2021-06-25,23133,10180704,16406,5545917,5315,4292017,1412,342770,9051,733685,0.090255,13958,4924966,0.605848,10590,5658651,0.696102,8129050
3,2021-06-26,13749,10194453,10194,5556111,2790,4294807,765,343535,5735,732386,0.090095,7950,4932916,0.606826,6651,5665302,0.696921,8129050
3,2021-06-27,6666,10201119,5143,5561254,1214,4296021,309,343844,2849,731791,0.090022,3783,4936699,0.607291,3188,5668490,0.697313,8129050
3,2021-06-28,15747,10216866,12096,5573350,2591,4298612,1060,344904,6654,730613,0.089877,8990,4945689,0.608397,7812,5676302,0.698274,8129050
3,2021-06-29,17841,10234707,12583,5585933,4279,4302891,979,345883,7318,728629,0.089633,10410,4956099,0.609678,8426,5684728,0.69931,8129050
3,2021-06-30,16778,10251485,11893,5597826,3851,4306742,1034,346917,7211,727566,0.089502,9447,4965546,0.61084,8384,5693112,0.700342,8129050
3,2021-07-01,16047,10267532,11467,5609293,3540,4310282,1040,347957,6751,726246,0.08934,9208,4974754,0.611972,7888,5701000,0.701312,8129050
3,2021-07-02,18200,10285732,12946,5622239,4164,4314446,1090,349047,7759,724855,0.089168,10338,4985092,0.613244,8947,5709947,0.702413,8129050
3,2021-07-03,9930,10295662,7179,5629418,2330,4316776,421,349468,4274,724051,0.08907,5595,4990687,0.613932,4791,5714738,0.703002,8129050
3,2021-07-04,701,10296363,405,5629823,208,4316984,88,349556,267,723993,0.089062,430,4991117,0.613985,372,5715110,0.703048,8129050
3,2021-07-05,9426,10305789,6901,5636724,2108,4319092,417,349973,4273,723652,0.08902,5091,4996208,0.614612,4750,5719860,0.703632,8129050
3,2021-07-06,18723,10324512,13609,5650333,4033,4323125,1081,351054,6811,719881,0.088557,11780,5007988,0.616061,8009,5727869,0.704617,8129050
3,2021-07-07,15356,10339868,10902,5661235,3364,4326489,1090,352144,6218,718241,0.088355,9045,5017033,0.617173,7405,5735274,0.705528,8129050
3,2021-07-08,13919,10353787,10240,5671475,2879,4329368,800,352944,5720,716729,0.088169,8119,5025152,0.618172,6607,5741881,0.706341,8129050
3,2021-07-09,15005,10368792,10743,5682218,3433,4332801,829,353773,6297,715353,0.088,8614,5033766,0.619232,7238,5749119,0.707231,8129050
3,2021-07-10,6062,10374854,4466,5686684,1325,4334126,271,354044,2624,714916,0.087946,3406,5037172,0.619651,2969,5752088,0.707597,8129050
4,2020-12-15,456,456,456,456,0,0,0,0,456,456,5.7e-05,0,0,0.0,456,456,5.7e-05,8037679
4,2020-12-16,3028,3484,3028,3484,0,0,0,0,3028,3484,0.000433,0,0,0.0,3028,3484,0.000433,8037679
4,2020-12-17,8921,12405,8921,12405,0,0,0,0,8921,12405,0.001543,0,0,0.0,8921,12405,0.001543,8037679
4,2020-12-18,16151,28556,16139,28544,12,12,0,0,16151,28556,0.003553,0,0,0.0,16151,28556,0.003553,8037679
4,2020-12-19,10363,38919,10354,38898,9,21,0,0,10298,38854,0.004834,0,0,0.0,10298,38854,0.004834,8037679
4,2020-12-20,7404,46323,7397,46295,7,28,0,0,7359,46213,0.00575,0,0,0.0,7359,46213,0.00575,8037679
4,2020-12-21,16363,62686,16337,62632,26,54,0,0,16296,62508,0.007777,1,1,0.0,16296,62509,0.007777,8037679
4,2020-12-22,17196,79882,16445,79077,751,805,0,0,17150,79655,0.00991,3,4,0.0,17150,79659,0.009911,8037679
4,2020-12-23,17102,96984,14382,93459,2720,3525,0,0,17071,96724,0.012034,2,6,1e-06,17071,96730,0.012035,8037679
4,2020-12-24,8534,105518,5951,99410,2583,6108,0,0,8534,105258,0.013096,0,6,1e-06,8534,105264,0.013096,8037679
4,2020-12-25,904,106422,799,100209,105,6213,0,0,904,106162,0.013208,0,6,1e-06,904,106168,0.013209,8037679
4,2020-12-26,6172,112594,3895,104104,2277,8490,0,0,6172,112334,0.013976,0,6,1e-06,6172,112340,0.013977,8037679
4,2020-12-27,3435,116029,2000,106104,1435,9925,0,0,3435,115769,0.014403,0,6,1e-06,3435,115775,0.014404,8037679
4,2020-12-28,15113,131142,9339,115443,5774,15699,0,0,15085,130852,0.01628,2,8,1e-06,15085,130860,0.016281,8037679
4,2020-12-29,15382,146524,8511,123954,6871,22570,0,0,15348,146200,0.018189,0,8,1e-06,15348,146208,0.01819,8037679
4,2020-12-30,18951,165475,11070,135024,7881,30451,0,0,18940,165138,0.020545,2,10,1e-06,18940,165148,0.020547,8037679
4,2020-12-31,8277,173752,3357,138381,4920,35371,0,0,8264,173393,0.021573,9,19,2e-06,8264,173412,0.021575,8037679
4,2021-01-01,1549,175301,692,139073,857,36228,0,0,1544,174934,0.021764,3,22,3e-06,1544,174956,0.021767,8037679
4,2021-01-02,5727,181028,3234,142307,2493,38721,0,0,5725,180658,0.022476,1,23,3e-06,5725,180681,0.022479,8037679
4,2021-01-03,2146,183174,1269,143576,877,39598,0,0,2130,182784,0.022741,4,27,3e-06,2130,182811,0.022744,8037679
4,2021-01-04,12951,196125,7017,150593,5934,45532,0,0,12902,195657,0.024342,29,56,7e-06,12902,195713,0.024349,8037679
4,2021-01-05,16905,213030,10019,160612,6886,52418,0,0,14704,208199,0.025903,2175,2231,0.000278,14717,210430,0.02618,8037679
4,2021-01-06,21610,234640,13230,173842,8380,60798,0,0,15538,217726,0.027088,6024,8255,0.001027,15551,225981,0.028115,8037679
4,2021-01-07,27963,262603,17045,190887,10918,71716,0,0,16705,223253,0.027776,11199,19454,0.00242,16726,242707,0.030196,8037679
4,2021-01-08,32831,295434,21076,211963,11755,83471,0,0,18301,227107,0.028255,14466,33920,0.00422,18320,261027,0.032475,8037679
4,2021-01-09,16281,311715,9641,221604,6640,90111,0,0,9456,229768,0.028586,6806,40726,0.005067,9467,270494,0.033653,8037679
4,2021-01-10,8768,320483,5659,227263,3109,93220,0,0,4149,229322,0.028531,4603,45329,0.00564,4157,274651,0.03417,8037679
4,2021-01-11,33455,353938,21930,249193,11525,104745,0,0,18873,233691,0.029074,14548,59877,0.00745,18917,293568,0.036524,8037679
4,2021-01-12,38597,392535,22275,271468,16322,121067,0,0,24279,243762,0.030327,14249,74126,0.009222,24320,317888,0.03955,8037679
4,2021-01-13,38793,431328,19181,290649,19612,140679,0,0,27411,259872,0.032332,11328,85454,0.010632,27438,345326,0.042963,8037679
4,2021-01-14,39333,470661,15118,305767,24215,164894,0,0,32157,284929,0.035449,7129,92583,0.011519,32186,377512,0.046968,8037679
4,2021-01-15,45384,516045,15757,321524,29627,194521,0,0,39729,319087,0.039699,5595,98178,0.012215,39753,417265,0.051914,8037679
4,2021-01-16,28760,544805,9361,330885,19399,213920,0,0,25609,341596,0.042499,3118,101296,0.012603,25627,442892,0.055102,8037679
4,2021-01-17,19068,563873,6673,337558,12395,226315,0,0,17536,357637,0.044495,1509,102805,0.01279,17550,460442,0.057285,8037679
4,2021-01-18,29480,593353,13641,351199,15839,242154,0,0,23465,375207,0.046681,5921,108726,0.013527,23491,483933,0.060208,8037679
4,2021-01-19,46148,639501,23091,374290,23057,265211,0,0,36766,402722,0.050104,9325,118051,0.014687,36840,520773,0.064791,8037679
4,2021-01-20,52661,692162,28199,402489,24462,289673,0,0,42095,434411,0.054047,10466,128517,0.015989,42155,562928,0.070036,8037679
4,2021-01-21,57593,749755,25885,428374,31708,321381,0,0,50815,478560,0.05954,6710,135227,0.016824,50859,613787,0.076364,8037679
4,2021-01-22,55380,805135,22262,450636,33118,354499,0,0,50187,523681,0.065153,5093,140320,0.017458,50214,664001,0.082611,8037679
4,2021-01-23,39660,844795,17408,468044,22252,376751,0,0,35311,554683,0.06901,4339,144659,0.017998,35341,699342,0.087008,8037679
4,2021-01-24,23950,868745,10497,478541,13453,390204,0,0,22058,574877,0.071523,1882,146541,0.018232,22076,721418,0.089755,8037679
4,2021-01-25,47958,916703,22135,500676,25823,416027,0,0,36799,600610,0.074724,11122,157663,0.019615,36855,758273,0.09434,8037679
4,2021-01-26,56827,973530,28909,529585,27918,443945,0,0,44500,632896,0.078741,12275,169938,0.021143,44561,802834,0.099884,8037679
4,2021-01-27,56180,1029710,26688,556273,29492,473437,0,0,45108,667062,0.082992,10993,180931,0.02251,45159,847993,0.105502,8037679
4,2021-01-28,56595,1086305,25501,581774,31094,504531,0,0,46565,703734,0.087554,9938,190869,0.023747,46610,894603,0.111301,8037679
4,2021-01-29,56576,1142881,27115,608889,29461,533992,0,0,46136,739647,0.092022,10257,201126,0.025023,46170,940773,0.117045,8037679
4,2021-01-30,38013,1180894,17116,626005,20897,554889,0,0,32636,766987,0.095424,5320,206446,0.025685,32660,973433,0.121109,8037679
4,2021-01-31,23865,1204759,12501,638506,11364,566253,0,0,22156,787471,0.097972,1689,208135,0.025895,22173,995606,0.123867,8037679
4,2021-02-01,49708,1254467,23947,662453,25761,592014,0,0,38003,813865,0.101256,11651,219786,0.027344,38045,1033651,0.128601,8037679
4,2021-02-02,55468,1309935,25445,687898,30023,622037,0,0,42543,843604,0.104956,12847,232633,0.028943,42586,1076237,0.133899,8037679
4,2021-02-03,61984,1371919,30286,718184,31698,653735,0,0,47590,876972,0.109108,14276,246909,0.030719,47644,1123881,0.139827,8037679
4,2021-02-04,67654,1439573,31371,749555,36283,690018,0,0,50780,911146,0.113359,16713,263622,0.032798,50887,1174768,0.146158,8037679
4,2021-02-05,73131,1512704,33763,783318,39368,729386,0,0,50911,940229,0.116978,21962,285584,0.035531,51045,1225813,0.152508,8037679
4,2021-02-06,48676,1561380,26115,809433,22561,751947,0,0,37138,966095,0.120196,11471,297055,0.036958,37337,1263150,0.157154,8037679
4,2021-02-07,26470,1587850,17464,826897,9006,760953,0,0,20033,979962,0.121921,6401,303456,0.037754,20268,1283418,0.159675,8037679
4,2021-02-08,58606,1646456,30143,857040,28463,789416,0,0,38075,997902,0.124153,20397,323853,0.040292,38337,1321755,0.164445,8037679
4,2021-02-09,67274,1713730,34095,891135,33179,822595,0,0,39418,1010060,0.125666,27667,351520,0.043734,39825,1361580,0.1694,8037679
4,2021-02-10,77508,1791238,38725,929860,38783,861378,0,0,40663,1014662,0.126238,36604,388124,0.048288,41206,1402786,0.174526,8037679
4,2021-02-11,81309,1872547,42378,972238,38931,900309,0,0,41385,1017019,0.126531,39699,427823,0.053227,42056,1444842,0.179759,8037679
4,2021-02-12,84670,1957217,37907,1010145,46763,947072,0,0,43477,1020323,0.126942,40963,468786,0.058324,44267,1489109,0.185266,8037679
4,2021-02-13,59060,2016277,29904,1040049,29156,976228,0,0,30061,1022424,0.127204,28859,497645,0.061914,30960,1520069,0.189118,8037679
4,2021-02-14,37012,2053289,19222,1059271,17790,994018,0,0,18909,1023943,0.127393,18048,515693,0.064159,19567,1539636,0.191552,8037679
4,2021-02-15,46314,2099603,21670,1080941,24644,1018662,0,0,23765,1026426,0.127702,22463,538156,0.066954,24946,1564582,0.194656,8037679
4,2021-02-16,80167,2179770,36720,1117661,43447,1062109,0,0,40802,1029200,0.128047,39246,577402,0.071837,42020,1606602,0.199884,8037679
4,2021-02-17,81555,2261325,38514,1156175,43041,1105150,0,0,38779,1026516,0.127713,42590,619992,0.077136,39906,1646508,0.204849,8037679
4,2021-02-18,83529,2344854,45954,1202129,37575,1142725,0,0,38644,1021943,0.127144,44698,664690,0.082697,40125,1686633,0.209841,8037679
4,2021-02-19,83037,2427891,52173,1254302,30864,1173589,0,0,41480,1022728,0.127242,41386,706076,0.087846,42171,1728804,0.215087,8037679
4,2021-02-20,49576,2477467,32951,1287253,16625,1190214,0,0,26903,1027735,0.127865,22591,728667,0.090656,27598,1756402,0.218521,8037679
4,2021-02-21,30010,2507477,23855,1311108,6155,1196369,0,0,14577,1027246,0.127804,15351,744018,0.092566,14862,1771264,0.22037,8037679
4,2021-02-22,55139,2562616,37900,1349008,17239,1213608,0,0,26531,1025763,0.127619,28462,772480,0.096107,26979,1798243,0.223727,8037679
4,2021-02-23,76093,2638709,42145,1391153,33948,1247556,0,0,33361,1018261,0.126686,42535,815015,0.101399,35033,1833276,0.228085,8037679
4,2021-02-24,91076,2729785,48083,1439236,42993,1290549,0,0,40982,1011556,0.125852,49840,864855,0.1076,43135,1876411,0.233452,8037679
4,2021-02-25,102216,2832001,53438,1492674,48778,1339327,0,0,48744,1009599,0.125608,53260,918115,0.114226,51303,1927714,0.239835,8037679
4,2021-02-26,107920,2939921,54452,1547126,53468,1392795,0,0,55218,1014748,0.126249,52424,970539,0.120749,57573,1985287,0.246998,8037679
4,2021-02-27,77944,3017865,42351,1589477,35583,1428378,10,10,41688,1021870,0.127135,36062,1006601,0.125235,43184,2028471,0.25237,8037679
4,2021-02-28,47802,3065667,29442,1618919,18352,1446730,8,18,26547,1028218,0.127925,21090,1027691,0.127859,27438,2055909,0.255784,8037679
4,2021-03-01,78026,3143693,45784,1664703,32200,1478930,42,60,43093,1037893,0.129128,34651,1062342,0.13217,44326,2100235,0.261299,8037679
4,2021-03-02,86116,3229809,49515,1714218,36592,1515522,9,69,50518,1054791,0.131231,35417,1097759,0.136577,52315,2152550,0.267807,8037679
4,2021-03-03,100391,3330200,53400,1767618,46977,1562499,14,83,56143,1068687,0.13296,44031,1141790,0.142055,57927,2210477,0.275014,8037679
4,2021-03-04,97875,3428075,54285,1821903,43572,1606071,18,101,53612,1080062,0.134375,44030,1185820,0.147533,55405,2265882,0.281908,8037679
4,2021-03-05,95512,3523587,51612,1873515,43583,1649654,317,418,56410,1099844,0.136836,38881,1224701,0.15237,58663,2324545,0.289206,8037679
4,2021-03-06,76580,3600167,43127,1916642,30813,1680467,2640,3058,47065,1121498,0.13953,29384,1254085,0.156026,51038,2375583,0.295556,8037679
4,2021-03-07,44736,3644903,27465,1944107,15082,1695549,2189,5247,26031,1132189,0.14086,18623,1272708,0.158343,29314,2404897,0.299203,8037679
4,2021-03-08,67777,3712680,35463,1979570,28955,1724504,3359,8606,44535,1158298,0.144109,23113,1295821,0.161218,49222,2454119,0.305327,8037679
4,2021-03-09,81727,3794407,41330,2020900,35151,1759655,5246,13852,44102,1171291,0.145725,37445,1333266,0.165877,50438,2504557,0.311602,8037679
4,2021-03-10,91298,3885705,47073,2067973,36775,1796430,7450,21302,46132,1180826,0.146911,44976,1378242,0.171473,54511,2559068,0.318384,8037679
4,2021-03-11,100808,3986513,52970,2120943,39417,1835847,8421,29723,46516,1182807,0.147158,54043,1432285,0.178196,56024,2615092,0.325354,8037679
4,2021-03-12,104621,4091134,51565,2172508,42789,1878636,10267,39990,44657,1178979,0.146682,59680,1491965,0.185621,55852,2670944,0.332303,8037679
4,2021-03-13,81567,4172701,37847,2210355,35295,1913931,8425,48415,38527,1184125,0.147322,42900,1534865,0.190959,48046,2718990,0.33828,8037679
4,2021-03-14,49920,4222621,28409,2238764,17881,1931812,3630,52045,23266,1185079,0.14744,26557,1561422,0.194263,27511,2746501,0.341703,8037679
4,2021-03-15,83716,4306337,45074,2283838,34400,1966212,4242,56287,42443,1191578,0.148249,41023,1602445,0.199367,47522,2794023,0.347616,8037679
4,2021-03-16,107756,4414093,56038,2339876,48317,2014529,3401,59688,56879,1201923,0.149536,50629,1653074,0.205666,60974,2854997,0.355202,8037679
4,2021-03-17,107035,4521128,57668,2397544,45873,2060402,3494,63182,62576,1224358,0.152327,44193,1697267,0.211164,66628,2921625,0.363491,8037679
4,2021-03-18,107150,4628278,59459,2457003,44002,2104404,3689,66871,60713,1243034,0.154651,46154,1743421,0.216906,64830,2986455,0.371557,8037679
4,2021-03-19,111664,4739942,64295,2521298,42175,2146579,5194,72065,63518,1264262,0.157292,47876,1791297,0.222862,69104,3055559,0.380154,8037679
4,2021-03-20,84075,4824017,49093,2570391,31977,2178556,3005,75070,51680,1287023,0.160124,32232,1823529,0.226873,54993,3110552,0.386996,8037679
4,2021-03-21,48307,4872324,35018,2605409,11032,2189588,2257,77327,28379,1298205,0.161515,19805,1843334,0.229337,30987,3141539,0.390852,8037679
4,2021-03-22,82566,4954890,53967,2659376,25863,2215451,2736,80063,51314,1321957,0.16447,31011,1874345,0.233195,54763,3196302,0.397665,8037679
4,2021-03-23,104923,5059813,62834,2722210,39937,2255388,2152,82215,62413,1344831,0.167316,42236,1916581,0.23845,65110,3261412,0.405765,8037679
4,2021-03-24,113547,5173360,73304,2795514,37832,2293220,2411,84626,63914,1362414,0.169503,49191,1965772,0.24457,66774,3328186,0.414073,8037679
4,2021-03-25,117102,5290462,72120,2867634,42592,2335812,2390,87016,66914,1382492,0.172001,49702,2015474,0.250753,69780,3397966,0.422755,8037679
4,2021-03-26,119757,5410219,72667,2940301,44050,2379862,3040,90056,65468,1397674,0.17389,53918,2069392,0.257461,69100,3467066,0.431352,8037679
4,2021-03-27,92064,5502283,54293,2994594,35985,2415847,1786,91842,46792,1401712,0.174393,45021,2114413,0.263063,49059,3516125,0.437455,8037679
4,2021-03-28,55790,5558073,36839,3031433,18077,2433924,874,92716,29647,1406637,0.175005,25967,2140380,0.266293,30892,3547017,0.441299,8037679
4,2021-03-29,93601,5651674,56101,3087534,35422,2469346,2078,94794,50711,1417336,0.176336,42638,2183018,0.271598,53337,3600354,0.447935,8037679
4,2021-03-30,117180,5768854,63914,3151448,49102,2518448,4164,98958,69607,1444203,0.179679,47327,2230345,0.277486,74194,3674548,0.457165,8037679
4,2021-03-31,121123,5889977,71477,3222925,43343,2561791,6303,105261,67917,1465774,0.182363,52850,2283195,0.284061,74421,3748969,0.466424,8037679
4,2021-04-01,142547,6032524,81292,3304217,47999,2609790,13256,118517,83851,1504786,0.187216,58228,2341423,0.291306,97240,3846209,0.478522,8037679
4,2021-04-02,136644,6169168,73007,3377224,50055,2659845,13582,132099,78790,1539892,0.191584,57550,2398973,0.298466,92656,3938865,0.49005,8037679
4,2021-04-03,101234,6270402,54104,3431328,33720,2693565,13410,145509,52637,1557763,0.193808,48392,2447365,0.304487,66263,4005128,0.498294,8037679
4,2021-04-04,46872,6317274,24740,3456068,14612,2708177,7520,153029,20336,1559204,0.193987,26425,2473790,0.307774,27866,4032994,0.501761,8037679
4,2021-04-05,109515,6426789,61529,3517597,35152,2743329,12834,165863,56718,1576741,0.196169,52572,2526362,0.314315,70109,4103103,0.510484,8037679
4,2021-04-06,138824,6565613,78158,3595755,40916,2784245,19750,185613,72046,1602586,0.199384,66539,2592901,0.322593,92384,4195487,0.521977,8037679
4,2021-04-07,137634,6703247,77984,3673739,38950,2823195,20700,206313,71261,1628708,0.202634,66116,2659017,0.330819,92238,4287725,0.533453,8037679
4,2021-04-08,140002,6843249,78057,3751796,36509,2859704,25436,231749,69565,1654163,0.205801,70139,2729156,0.339545,95594,4383319,0.545346,8037679
4,2021-04-09,137669,6980918,75558,3827354,39120,2898824,22991,254740,65633,1671986,0.208019,71798,2800954,0.348478,89621,4472940,0.556496,8037679
4,2021-04-10,103839,7084757,51225,3878579,33750,2932574,18864,273604,46851,1681950,0.209258,56776,2857730,0.355542,66740,4539680,0.5648,8037679
4,2021-04-11,62679,7147436,38071,3916650,13434,2946008,11174,284778,27313,1686243,0.209792,35254,2892984,0.359928,39547,4579227,0.56972,8037679
4,2021-04-12,102792,7250228,62492,3979142,30126,2976134,10174,294952,51766,1698673,0.211339,50724,2943708,0.366239,63154,4642381,0.577577,8037679
4,2021-04-13,130257,7380485,81725,4060867,48366,3024500,166,295118,77956,1725652,0.214695,52002,2995710,0.372708,78981,4721362,0.587404,8037679
4,2021-04-14,135425,7515910,86315,4147182,49035,3073535,75,295193,74963,1741797,0.216704,60122,3055832,0.380188,76267,4797629,0.596892,8037679
4,2021-04-15,156189,7672099,103993,4251175,52132,3125667,64,295257,95878,1778563,0.221278,59936,3115768,0.387645,96702,4894331,0.608923,8037679
4,2021-04-16,143535,7815634,91026,4342201,52431,3178098,78,295335,83465,1803059,0.224326,59764,3175532,0.395081,84260,4978591,0.619407,8037679
4,2021-04-17,101449,7917083,63790,4405991,37635,3215733,24,295359,59615,1822287,0.226718,41556,3217088,0.400251,60784,5039375,0.626969,8037679
4,2021-04-18,56764,7973847,38357,4444348,18404,3234137,3,295362,32009,1830638,0.227757,24623,3241711,0.403314,32974,5072349,0.631071,8037679
4,2021-04-19,101471,8075318,66889,4511237,34565,3268702,17,295379,51833,1833695,0.228137,49392,3291103,0.409459,52449,5124798,0.637597,8037679
4,2021-04-20,131690,8207008,78587,4589824,53088,3321790,15,295394,68750,1840908,0.229035,62624,3353727,0.417251,69837,5194635,0.646285,8037679
4,2021-04-21,134041,8341049,87535,4677359,46451,3368241,55,295449,67686,1843788,0.229393,65969,3419696,0.425458,68849,5263484,0.654851,8037679
4,2021-04-22,140643,8481692,93402,4770761,47218,3415459,23,295472,62985,1830637,0.227757,77279,3496975,0.435073,64128,5327612,0.66283,8037679
4,2021-04-23,134074,8615766,87370,4858131,46680,3462139,24,295496,58262,1814649,0.225768,75463,3572438,0.444461,59475,5387087,0.670229,8037679
4,2021-04-24,97724,8713490,66097,4924228,31577,3493716,50,295546,45043,1808420,0.224993,52392,3624830,0.45098,46163,5433250,0.675973,8037679
4,2021-04-25,50070,8763560,35287,4959515,14758,3508474,25,295571,26188,1811346,0.225357,23737,3648567,0.453933,26663,5459913,0.67929,8037679
4,2021-04-26,91623,8855183,60104,5019619,31122,3539596,397,295968,36099,1793946,0.223192,55229,3703796,0.460804,37829,5497742,0.683996,8037679
4,2021-04-27,113407,8968590,69295,5088914,41804,3581400,2308,298276,40940,1765840,0.219695,72149,3775945,0.469781,44043,5541785,0.689476,8037679
4,2021-04-28,103649,9072239,67744,5156658,33393,3614793,2512,300788,38005,1741691,0.216691,65329,3841274,0.477908,41180,5582965,0.694599,8037679
4,2021-04-29,105043,9177282,67131,5223789,35391,3650184,2521,303309,34028,1708165,0.21252,70674,3911948,0.486701,37148,5620113,0.699221,8037679
4,2021-04-30,104722,9282004,66402,5290191,35640,3685824,2680,305989,36071,1679307,0.208929,68272,3980220,0.495195,39414,5659527,0.704125,8037679
4,2021-05-01,68884,9350888,45792,5335983,21334,3707158,1758,307747,19992,1653045,0.205662,48654,4028874,0.501248,22392,5681919,0.70691,8037679
4,2021-05-02,37445,9388333,26570,5362553,9598,3716756,1277,309024,10513,1638166,0.203811,26814,4055688,0.504584,11935,5693854,0.708395,8037679
4,2021-05-03,78267,9466600,54462,5417015,21334,3738090,2471,311495,19167,1601324,0.199227,58849,4114537,0.511906,22007,5715861,0.711133,8037679
4,2021-05-04,100745,9567345,68978,5485993,29011,3767101,2756,314251,22700,1549401,0.192767,77770,4192307,0.521582,25847,5741708,0.714349,8037679
4,2021-05-05,101496,9668841,71596,5557589,27174,3794275,2726,316977,22037,1495339,0.186041,79131,4271438,0.531427,25069,5766777,0.717468,8037679
4,2021-05-06,111043,9779884,83230,5640819,24885,3819160,2928,319905,19672,1428142,0.177681,90917,4362355,0.542738,23720,5790497,0.720419,8037679
4,2021-05-07,104204,9884088,74965,5715784,26562,3845722,2677,322582,20608,1368607,0.170274,83238,4445593,0.553094,23703,5814200,0.723368,8037679
4,2021-05-08,69253,9953341,47740,5763524,19589,3865311,1924,324506,13746,1329359,0.165391,55272,4500865,0.559971,16024,5830224,0.725362,8037679
4,2021-05-09,34095,9987436,27906,5791430,5248,3870559,941,325447,7493,1311390,0.163155,26498,4527363,0.563267,8529,5838753,0.726423,8037679
4,2021-05-10,64524,10051960,43163,5834593,19049,3889608,2312,327759,10978,1271649,0.158211,53344,4580707,0.569904,13603,5852356,0.728115,8037679
4,2021-05-11,82128,10134088,51278,5885871,28672,3918280,2178,329937,15778,1223990,0.152282,66111,4646818,0.578129,18452,5870808,0.730411,8037679
4,2021-05-12,79210,10213298,52728,5938599,23982,3942262,2500,332437,16670,1181273,0.146967,62260,4709078,0.585875,19543,5890351,0.732842,8037679
4,2021-05-13,103955,10317253,76616,6015215,25815,3968077,1524,333961,40392,1160957,0.144439,63242,4772320,0.593744,42926,5933277,0.738183,8037679
4,2021-05-14,104363,10421616,73744,6088959,28491,3996568,2128,336089,40259,1140074,0.141841,63801,4836121,0.601681,42918,5976195,0.743522,8037679
4,2021-05-15,85081,10506697,65827,6154786,17935,4014503,1319,337408,37617,1132081,0.140847,47220,4883341,0.607556,39227,6015422,0.748403,8037679
4,2021-05-16,51341,10558038,41373,6196159,9259,4023762,709,338117,21053,1123839,0.139821,30142,4913483,0.611306,21900,6037322,0.751128,8037679
4,2021-05-17,70829,10628867,51790,6247949,17199,4040961,1840,339957,28052,1111375,0.138271,42581,4956064,0.616604,30117,6067439,0.754875,8037679
4,2021-05-18,81321,10710188,52943,6300892,26630,4067591,1748,341705,29189,1090893,0.135722,51781,5007845,0.623046,31299,6098738,0.758769,8037679
4,2021-05-19,76446,10786634,51757,6352649,22750,4090341,1939,343644,30861,1078673,0.134202,45310,5053155,0.628683,33090,6131828,0.762885,8037679
4,2021-05-20,68460,10855094,43957,6396606,22511,4112852,1992,345636,25373,1063572,0.132323,42809,5095964,0.634009,27708,6159536,0.766333,8037679
4,2021-05-21,73169,10928263,48312,6444918,22995,4135847,1862,347498,25886,1044578,0.12996,47008,5142972,0.639858,28014,6187550,0.769818,8037679
4,2021-05-22,49552,10977815,34788,6479706,13484,4149331,1280,348778,21655,1039991,0.129389,27744,5170716,0.64331,23157,6210707,0.772699,8037679
4,2021-05-23,23815,11001630,17084,6496790,6009,4155340,722,349500,9782,1036691,0.128979,13912,5184628,0.64504,10612,6221319,0.774019,8037679
4,2021-05-24,42918,11044548,27331,6524121,12592,4167932,2995,352495,15060,1027299,0.12781,27646,5212274,0.64848,18254,6239573,0.77629,8037679
4,2021-05-25,44726,11089274,27813,6551934,14099,4182031,2814,355309,15889,1017625,0.126607,28608,5240882,0.652039,18934,6258507,0.778646,8037679
4,2021-05-26,44361,11133635,26648,6578582,15120,4197151,2593,357902,15831,1007900,0.125397,28325,5269207,0.655563,18600,6277107,0.78096,8037679
4,2021-05-27,38743,11172378,23293,6601875,12319,4209470,3131,361033,14622,1001888,0.124649,23932,5293139,0.658541,17920,6295027,0.78319,8037679
4,2021-05-28,43105,11215483,27490,6629365,14018,4223488,1597,362630,18809,998467,0.124223,24050,5317189,0.661533,20629,6315656,0.785756,8037679
4,2021-05-29,23576,11239059,15348,6644713,7295,4230783,933,363563,10859,997805,0.124141,12587,5329776,0.663099,11925,6327581,0.78724,8037679
4,2021-05-30,12008,11251067,8432,6653145,3051,4233834,525,364088,5008,996472,0.123975,6935,5336711,0.663962,5602,6333183,0.787937,8037679
4,2021-05-31,3547,11254614,2257,6655402,1131,4234965,159,364247,1136,995417,0.123844,2371,5339082,0.664257,1316,6334499,0.788101,8037679
4,2021-06-01,39288,11293902,24430,6679832,12419,4247384,2439,366686,13002,984996,0.122547,26078,5365160,0.667501,15657,6350156,0.790048,8037679
4,2021-06-02,32444,11326346,20297,6700129,9366,4256750,2781,369467,10861,977379,0.1216,21407,5386567,0.670164,13790,6363946,0.791764,8037679
4,2021-06-03,47867,11374213,36729,6736858,8687,4265437,2451,371918,10360,953147,0.118585,37351,5423918,0.674811,13119,6377065,0.793396,8037679
4,2021-06-04,54594,11428807,43969,6780827,9305,4274742,1320,373238,12761,926426,0.11526,41608,5465526,0.679988,14887,6391952,0.795248,8037679
4,2021-06-05,44597,11473404,38207,6819034,5396,4280138,994,374232,8760,900770,0.112068,35690,5501216,0.684428,10034,6401986,0.796497,8037679
4,2021-06-06,21174,11494578,18899,6837933,1713,4281851,562,374794,3986,888620,0.110557,17090,5518306,0.686555,4940,6406926,0.797111,8037679
4,2021-06-07,38573,11533151,31227,6869160,5435,4287286,1911,376705,8449,869268,0.108149,29997,5548303,0.690287,10645,6417571,0.798436,8037679
4,2021-06-08,40418,11573569,31732,6900892,6156,4293442,2530,379235,9457,850811,0.105853,30774,5579077,0.694115,12317,6429888,0.799968,8037679
4,2021-06-09,38799,11612368,30774,6931666,5674,4299116,2351,381586,7930,830745,0.103356,30703,5609780,0.697935,10637,6440525,0.801292,8037679
4,2021-06-10,36980,11649348,29154,6960820,5210,4304326,2616,384202,8558,813912,0.101262,28269,5638049,0.701452,11436,6451961,0.802714,8037679
4,2021-06-11,38107,11687455,29929,6990749,6170,4310496,2008,386210,9860,798036,0.099287,28092,5666141,0.704947,12216,6464177,0.804234,8037679
4,2021-06-12,26434,11713889,22013,7012762,3711,4314207,710,386920,6049,784733,0.097632,20280,5686421,0.707471,6977,6471154,0.805102,8037679
4,2021-06-13,10816,11724705,8545,7021307,1795,4316002,476,387396,2284,779135,0.096935,8465,5694886,0.708524,2867,6474021,0.805459,8037679
4,2021-06-14,28513,11753218,21330,7042637,4378,4320380,2805,390201,7794,769367,0.09572,20583,5715469,0.711085,10815,6484836,0.806805,8037679
4,2021-06-15,29841,11783059,21113,7063750,5330,4325710,3398,393599,8309,759947,0.094548,21381,5736850,0.713745,11961,6496797,0.808293,8037679
4,2021-06-16,26473,11809532,19957,7083707,3912,4329622,2604,396203,8031,752509,0.093623,18279,5755129,0.716019,10841,6507638,0.809641,8037679
4,2021-06-17,25004,11834536,18467,7102174,3663,4333285,2874,399077,7587,745921,0.092803,17234,5772363,0.718163,10646,6518284,0.810966,8037679
4,2021-06-18,26576,11861112,20958,7123132,4392,4337677,1226,400303,8228,737477,0.091752,18148,5790511,0.720421,9704,6527988,0.812173,8037679
4,2021-06-19,15690,11876802,12701,7135833,2295,4339972,694,400997,5050,732889,0.091182,10497,5801008,0.721727,5909,6533897,0.812908,8037679
4,2021-06-20,7355,11884157,6059,7141892,989,4340961,307,401304,2621,731222,0.090974,4675,5805683,0.722308,3008,6536905,0.813283,8037679
4,2021-06-21,14475,11898632,10465,7152357,2873,4343834,1137,402441,7329,732780,0.091168,7069,5812752,0.723188,8627,6545532,0.814356,8037679
4,2021-06-22,20363,11918995,15888,7168245,3407,4347241,1068,403509,7082,727920,0.090563,13161,5825913,0.724825,8301,6553833,0.815389,8037679
4,2021-06-23,18313,11937308,14372,7182617,2959,4350200,982,404491,6698,724237,0.090105,11487,5837400,0.726254,7804,6561637,0.81636,8037679
4,2021-06-24,17477,11954785,13529,7196146,2959,4353159,989,405480,6529,721097,0.089715,10798,5848198,0.727598,7658,6569295,0.817312,8037679
4,2021-06-25,21443,11976228,16860,7213006,3542,4356701,1041,406521,7758,716512,0.089144,13550,5861748,0.729284,8965,6578260,0.818428,8037679
4,2021-06-26,12957,11989185,10551,7223557,1791,4358492,615,407136,4782,713938,0.088824,8074,5869822,0.730288,5500,6583760,0.819112,8037679
4,2021-06-27,6809,11995994,5516,7229073,952,4359444,341,407477,2874,713308,0.088746,3899,5873721,0.730773,3269,6587029,0.819519,8037679
4,2021-06-28,14965,12010959,12575,7241648,1548,4360992,842,408319,6022,711428,0.088512,8864,5882585,0.731876,6984,6594013,0.820388,8037679
4,2021-06-29,16364,12027323,12700,7254348,2865,4363857,799,409118,6350,708788,0.088183,9908,5892493,0.733109,7268,6601281,0.821292,8037679
4,2021-06-30,14405,12041728,11241,7265589,2441,4366298,723,409841,5981,707273,0.087995,8327,5900820,0.734145,6812,6608093,0.822139,8037679
4,2021-07-01,14279,12056007,11277,7276866,2276,4368574,726,410567,5847,705656,0.087794,8325,5909145,0.735181,6708,6614801,0.822974,8037679
4,2021-07-02,16561,12072568,13164,7290030,2654,4371228,743,411310,6771,703598,0.087537,9698,5918843,0.736387,7640,6622441,0.823925,8037679
4,2021-07-03,9093,12081661,7220,7297250,1465,4372693,408,411718,3941,702923,0.087453,5081,5923924,0.737019,4406,6626847,0.824473,8037679
4,2021-07-04,419,12082080,255,7297505,104,4372797,60,411778,183,702944,0.087456,233,5924157,0.737048,254,6627101,0.824504,8037679
4,2021-07-05,9141,12091221,7449,7304954,1286,4374083,406,412184,4158,702652,0.08742,4909,5929066,0.737659,4617,6631718,0.825079,8037679
4,2021-07-06,16287,12107508,12859,7317813,2643,4376726,785,412969,6018,699408,0.087016,10152,5939218,0.738922,6908,6638626,0.825938,8037679
4,2021-07-07,13433,12120941,10489,7328302,2189,4378915,755,413724,5111,697153,0.086736,8241,5947459,0.739947,5986,6644612,0.826683,8037679
4,2021-07-08,12184,12133125,9613,7337915,1836,4380751,735,414459,4813,695535,0.086534,7270,5954729,0.740852,5652,6650264,0.827386,8037679
4,2021-07-09,13510,12146635,10539,7348454,2220,4382971,751,415210,5562,694148,0.086362,7828,5962557,0.741826,6441,6656705,0.828187,8037679
4,2021-07-10,5263,12151898,4023,7352477,965,4383936,275,415485,2190,693634,0.086298,3029,5965586,0.742203,2515,6659220,0.8285,8037679
