hpiquartile,administered_date,total_doses,cumulative_total_doses,pfizer_doses,cumulative_pfizer_doses,moderna_doses,cumulative_moderna_doses,jj_doses,cumulative_jj_doses,partially_vaccinated,total_partially_vaccinated,pct_age16pop_partially_vaccinated,fully_vaccinated,cumulative_fully_vaccinated,pct_age16pop_fully_vaccinated,at_least_one_dose,cumulative_at_least_one_dose,pct_age16pop_at_least_one_dose,age16_population
1,2020-12-15,144,144,144,144,0,0,0,0,144,144,1.8e-05,0,0,0.0,144,144,1.8e-05,8051741
1,2020-12-16,1276,1420,1276,1420,0,0,0,0,1276,1420,0.000176,0,0,0.0,1276,1420,0.000176,8051741
1,2020-12-17,4101,5521,4101,5521,0,0,0,0,4102,5522,0.000686,0,0,0.0,4102,5522,0.000686,8051741
1,2020-12-18,6073,11594,6032,11553,41,41,0,0,6078,11600,0.001441,0,0,0.0,6078,11600,0.001441,8051741
1,2020-12-19,2782,14376,2781,14334,1,42,0,0,2782,14381,0.001786,1,1,0.0,2782,14382,0.001786,8051741
1,2020-12-20,2030,16406,2027,16361,3,45,0,0,2032,16413,0.002038,0,1,0.0,2032,16414,0.002039,8051741
1,2020-12-21,7853,24259,7840,24201,13,58,0,0,7908,24321,0.003021,0,1,0.0,7908,24322,0.003021,8051741
1,2020-12-22,7387,31646,6944,31145,443,501,0,0,7391,31711,0.003938,1,2,0.0,7391,31713,0.003939,8051741
1,2020-12-23,7585,39231,6323,37468,1262,1763,0,0,7583,39294,0.00488,0,2,0.0,7583,39296,0.00488,8051741
1,2020-12-24,3266,42497,2323,39791,943,2706,0,0,3267,42561,0.005286,0,2,0.0,3267,42563,0.005286,8051741
1,2020-12-25,230,42727,147,39938,83,2789,0,0,230,42791,0.005315,0,2,0.0,230,42793,0.005315,8051741
1,2020-12-26,1328,44055,966,40904,362,3151,0,0,1328,44118,0.005479,1,3,0.0,1328,44121,0.00548,8051741
1,2020-12-27,851,44906,526,41430,325,3476,0,0,852,44970,0.005585,0,3,0.0,852,44973,0.005586,8051741
1,2020-12-28,7180,52086,4974,46404,2206,5682,0,0,7179,52149,0.006477,0,3,0.0,7179,52152,0.006477,8051741
1,2020-12-29,8724,60810,4961,51365,3763,9445,0,0,8720,60867,0.007559,2,5,1e-06,8720,60872,0.00756,8051741
1,2020-12-30,11279,72089,6253,57618,5026,14471,0,0,11300,72167,0.008963,0,5,1e-06,11300,72172,0.008964,8051741
1,2020-12-31,5759,77848,1877,59495,3882,18353,0,0,5937,78104,0.0097,0,5,1e-06,5937,78109,0.009701,8051741
1,2021-01-01,481,78329,157,59652,324,18677,0,0,480,78584,0.00976,0,5,1e-06,480,78589,0.00976,8051741
1,2021-01-02,2724,81053,1616,61268,1108,19785,0,0,2823,81407,0.01011,0,5,1e-06,2823,81412,0.010111,8051741
1,2021-01-03,994,82047,532,61800,462,20247,0,0,994,82400,0.010234,1,6,1e-06,994,82406,0.010235,8051741
1,2021-01-04,7261,89308,3533,65333,3728,23975,0,0,7288,89687,0.011139,1,7,1e-06,7288,89694,0.01114,8051741
1,2021-01-05,10863,100171,5212,70545,5651,29626,0,0,10130,99096,0.012307,782,789,9.8e-05,10191,99885,0.012405,8051741
1,2021-01-06,14010,114181,7116,77661,6894,36520,0,0,12211,109525,0.013603,1788,2577,0.00032,12217,112102,0.013923,8051741
1,2021-01-07,17671,131852,9265,86926,8406,44926,0,0,13307,118605,0.01473,4232,6809,0.000846,13312,125414,0.015576,8051741
1,2021-01-08,20062,151914,10322,97248,9740,54666,0,0,14352,127254,0.015805,5708,12517,0.001555,14357,139771,0.017359,8051741
1,2021-01-09,6488,158402,3261,100509,3227,57893,0,0,4787,130287,0.016181,1757,14274,0.001773,4790,144561,0.017954,8051741
1,2021-01-10,3001,161403,1706,102215,1295,59188,0,0,1849,130991,0.016269,1146,15420,0.001915,1850,146411,0.018184,8051741
1,2021-01-11,18324,179727,12070,114285,6254,65442,0,0,11430,135700,0.016853,6763,22183,0.002755,11472,157883,0.019609,8051741
1,2021-01-12,19187,198914,10756,125041,8431,73873,0,0,13141,142866,0.017743,6030,28213,0.003504,13196,171079,0.021247,8051741
1,2021-01-13,19759,218673,10460,135501,9299,83172,0,0,14803,152703,0.018965,4981,33194,0.004123,14818,185897,0.023088,8051741
1,2021-01-14,22287,240960,9327,144828,12960,96132,0,0,19616,169780,0.021086,2595,35789,0.004445,19672,205569,0.025531,8051741
1,2021-01-15,25323,266283,9494,154322,15829,111961,0,0,23352,191230,0.02375,1968,37757,0.004689,23418,228987,0.028439,8051741
1,2021-01-16,14119,280402,4511,158833,9608,121569,0,0,13372,203765,0.025307,839,38596,0.004793,13374,242361,0.0301,8051741
1,2021-01-17,5950,286352,1929,160762,4021,125590,0,0,5758,209161,0.025977,367,38963,0.004839,5763,248124,0.030816,8051741
1,2021-01-18,14813,301165,8974,169736,5839,131429,0,0,11491,217394,0.027,3320,42283,0.005251,11553,259677,0.032251,8051741
1,2021-01-19,24156,325321,12845,182581,11311,142740,0,0,19037,231370,0.028735,5107,47390,0.005886,19083,278760,0.034621,8051741
1,2021-01-20,27434,352755,13277,195858,14157,156897,0,0,22101,248186,0.030824,5312,52702,0.006545,22128,300888,0.037369,8051741
1,2021-01-21,30980,383735,14973,210831,16007,172904,0,0,28161,273561,0.033975,2879,55581,0.006903,28254,329142,0.040878,8051741
1,2021-01-22,27215,410950,10890,221721,16325,189229,0,0,25388,297094,0.036898,1874,57455,0.007136,25407,354549,0.044034,8051741
1,2021-01-23,18275,429225,8078,229799,10197,199426,0,0,16447,311711,0.038713,1841,59296,0.007364,16458,371007,0.046078,8051741
1,2021-01-24,6421,435646,4072,233871,2349,201775,0,0,5793,316869,0.039354,638,59934,0.007444,5796,376803,0.046798,8051741
1,2021-01-25,25324,460970,10124,243995,15200,216975,0,0,19868,331364,0.041154,5513,65447,0.008128,20008,396811,0.049283,8051741
1,2021-01-26,28299,489269,13282,257277,15017,231992,0,0,21764,346634,0.043051,6526,71973,0.008939,21796,418607,0.05199,8051741
1,2021-01-27,30796,520065,15296,272573,15500,247492,0,0,23044,361913,0.044948,7788,79761,0.009906,23067,441674,0.054854,8051741
1,2021-01-28,34249,554314,16228,288801,18021,265513,0,0,27798,383067,0.047576,6697,86458,0.010738,27851,469525,0.058313,8051741
1,2021-01-29,33578,587892,16428,305229,17150,282663,0,0,27522,404312,0.050214,6323,92781,0.011523,27568,497093,0.061737,8051741
1,2021-01-30,20494,608386,8576,313805,11918,294581,0,0,18527,420879,0.052272,1968,94749,0.011768,18535,515628,0.064039,8051741
1,2021-01-31,8385,616771,5168,318973,3217,297798,0,0,7961,428109,0.05317,733,95482,0.011859,7963,523591,0.065028,8051741
1,2021-02-01,27838,644609,12030,331003,15808,313606,0,0,20789,441661,0.054853,7241,102723,0.012758,20793,544384,0.067611,8051741
1,2021-02-02,31348,675957,11314,342317,20034,333640,0,0,23625,457573,0.056829,7745,110468,0.01372,23657,568041,0.070549,8051741
1,2021-02-03,38778,714735,14649,356966,24129,357769,0,0,28218,475235,0.059023,10585,121053,0.015034,28247,596288,0.074057,8051741
1,2021-02-04,43920,758655,16997,373963,26923,384692,0,0,32081,495419,0.061529,11942,132995,0.016518,32126,628414,0.078047,8051741
1,2021-02-05,46465,805120,17256,391219,29209,413901,0,0,30774,510481,0.0634,15759,148754,0.018475,30821,659235,0.081875,8051741
1,2021-02-06,26159,831279,10499,401718,15660,429561,0,0,20379,525134,0.06522,5740,154494,0.019188,20393,679628,0.084408,8051741
1,2021-02-07,6013,837292,3824,405542,2189,431750,0,0,4484,528118,0.065591,1519,156013,0.019376,4503,684131,0.084967,8051741
1,2021-02-08,30882,868174,14037,419579,16845,448595,0,0,20575,538390,0.066866,10379,166392,0.020665,20651,704782,0.087532,8051741
1,2021-02-09,37726,905900,16341,435920,21385,469980,0,0,22965,546595,0.067885,14841,181233,0.022509,23046,727828,0.090394,8051741
1,2021-02-10,46163,952063,21670,457590,24493,494473,0,0,26899,554169,0.068826,19402,200635,0.024918,26976,754804,0.093744,8051741
1,2021-02-11,51013,1003076,25501,483091,25512,519985,0,0,30624,564162,0.070067,20727,221362,0.027492,30720,785524,0.09756,8051741
1,2021-02-12,49277,1052353,21015,504106,28262,548247,0,0,28648,572268,0.071074,20667,242029,0.030059,28773,814297,0.101133,8051741
1,2021-02-13,26537,1078890,10978,515084,15559,563806,0,0,15193,576248,0.071568,11292,253321,0.031462,15272,829569,0.10303,8051741
1,2021-02-14,12152,1091042,5292,520376,6860,570666,0,0,6509,577206,0.071687,5622,258943,0.03216,6580,836149,0.103847,8051741
1,2021-02-15,23347,1114389,9137,529513,14210,584876,0,0,14218,582415,0.072334,9141,268084,0.033295,14350,850499,0.105629,8051741
1,2021-02-16,45186,1159575,21560,551073,23626,608502,0,0,27198,591599,0.073475,18130,286214,0.035547,27314,877813,0.109022,8051741
1,2021-02-17,47131,1206706,23996,575069,23135,631637,0,0,26317,597205,0.074171,20851,307065,0.038136,26457,904270,0.112307,8051741
1,2021-02-18,49828,1256534,24773,599842,25055,656692,0,0,26432,600424,0.074571,23430,330495,0.041046,26649,930919,0.115617,8051741
1,2021-02-19,45176,1301710,24433,624275,20743,677435,0,0,26645,608570,0.075582,18572,349067,0.043353,26718,957637,0.118935,8051741
1,2021-02-20,25506,1327216,15536,639811,9970,687405,0,0,14952,612794,0.076107,10805,359872,0.044695,15029,972666,0.120802,8051741
1,2021-02-21,9293,1336509,8221,648032,1072,688477,0,0,5842,615044,0.076386,3636,363508,0.045147,5886,978552,0.121533,8051741
1,2021-02-22,30393,1366902,20608,668640,9785,698262,0,0,19142,622598,0.077325,11681,375189,0.046597,19235,997787,0.123922,8051741
1,2021-02-23,42668,1409570,20503,689143,22165,720427,0,0,24332,628918,0.07811,18352,393541,0.048877,24672,1022459,0.126986,8051741
1,2021-02-24,54143,1463713,26918,716061,27225,747652,0,0,32377,639690,0.079447,22051,415592,0.051615,32823,1055282,0.131063,8051741
1,2021-02-25,64737,1528450,31653,747714,33084,780736,0,0,41232,657700,0.081684,23722,439314,0.054561,41732,1097014,0.136246,8051741
1,2021-02-26,72236,1600686,33693,781407,38543,819279,0,0,48853,683199,0.084851,23814,463128,0.057519,49313,1146327,0.14237,8051741
1,2021-02-27,48161,1648847,20598,802005,27562,846841,1,1,31797,698484,0.086749,16776,479904,0.059603,32061,1178388,0.146352,8051741
1,2021-02-28,18711,1667558,10878,812883,7833,854674,0,1,13818,707135,0.087824,5318,485222,0.060263,13969,1192357,0.148087,8051741
1,2021-03-01,42923,1710481,19287,832170,23630,878304,6,7,28346,720712,0.08951,15010,500232,0.062127,28587,1220944,0.151637,8051741
1,2021-03-02,57175,1767656,23285,855455,33888,912192,2,9,37057,738050,0.091663,20375,520607,0.064658,37713,1258657,0.156321,8051741
1,2021-03-03,68589,1836245,33136,888591,35442,947634,11,20,41976,754206,0.09367,26418,547025,0.067939,42574,1301231,0.161609,8051741
1,2021-03-04,75204,1911449,35160,923751,40015,987649,29,49,48552,776801,0.096476,26489,573514,0.071229,49084,1350315,0.167705,8051741
1,2021-03-05,73914,1985363,32675,956426,41045,1028694,194,243,49993,803929,0.099845,23687,597201,0.07417,50815,1401130,0.174016,8051741
1,2021-03-06,55393,2040756,27096,983522,27021,1055715,1276,1519,38704,827657,0.102792,16691,613892,0.076243,40419,1441549,0.179036,8051741
1,2021-03-07,18986,2059742,12086,995608,6113,1061828,787,2306,14304,838339,0.104119,4662,618554,0.076822,15344,1456893,0.180941,8051741
1,2021-03-08,41908,2101650,20080,1015688,19984,1081812,1844,4150,29183,857118,0.106451,12580,631134,0.078385,31359,1488252,0.184836,8051741
1,2021-03-09,58384,2160034,25326,1041014,30662,1112474,2396,6546,35906,873399,0.108473,22377,653511,0.081164,38658,1526910,0.189637,8051741
1,2021-03-10,70722,2230756,34983,1075997,31642,1144116,4097,10643,44764,896824,0.111383,25826,679337,0.084371,49251,1576161,0.195754,8051741
1,2021-03-11,86126,2316882,39889,1115886,38927,1183043,7310,17953,51675,922052,0.114516,34223,713560,0.088622,59451,1635612,0.203138,8051741
1,2021-03-12,95144,2412026,41528,1157414,40754,1223797,12862,30815,54687,949744,0.117955,40355,753915,0.093634,68047,1703659,0.211589,8051741
1,2021-03-13,62324,2474350,28753,1186167,26017,1249814,7554,38369,40153,975682,0.121177,22138,776053,0.096383,48076,1751735,0.21756,8051741
1,2021-03-14,26667,2501017,14235,1200402,8844,1258658,3588,41957,15713,984272,0.122243,10921,786974,0.09774,19511,1771246,0.219983,8051741
1,2021-03-15,65079,2566096,29524,1229926,28861,1287519,6694,48651,37904,1002262,0.124478,26993,813967,0.101092,44983,1816229,0.22557,8051741
1,2021-03-16,85012,2651108,39284,1269210,40265,1327784,5463,54114,53670,1030570,0.127993,31213,845180,0.104969,59521,1875750,0.232962,8051741
1,2021-03-17,91742,2742850,45497,1314707,39859,1367643,6386,60500,58228,1062219,0.131924,33402,878582,0.109117,65051,1940801,0.241041,8051741
1,2021-03-18,94780,2837630,49423,1364130,39670,1407313,5687,66187,57873,1089701,0.135337,36558,915140,0.113657,64040,2004841,0.248995,8051741
1,2021-03-19,102226,2939856,53107,1417237,42730,1450043,6389,72576,61013,1116619,0.13868,41003,956143,0.11875,67921,2072762,0.25743,8051741
1,2021-03-20,67916,3007772,35466,1452703,27586,1477629,4864,77440,45075,1144085,0.142092,22738,978881,0.121574,50204,2122966,0.263665,8051741
1,2021-03-21,25957,3033729,18009,1470712,6213,1483842,1735,79175,16923,1153861,0.143306,8981,987862,0.122689,18757,2141723,0.265995,8051741
1,2021-03-22,57022,3090751,29974,1500686,24138,1507980,2910,82085,39286,1178797,0.146403,17616,1005478,0.124877,42552,2184275,0.27128,8051741
1,2021-03-23,81634,3172385,41815,1542501,36511,1544491,3308,85393,54099,1209282,0.150189,27382,1032860,0.128278,57867,2242142,0.278467,8051741
1,2021-03-24,87018,3259403,45028,1587529,37873,1582364,4117,89510,53010,1232768,0.153106,33843,1066703,0.132481,57329,2299471,0.285587,8051741
1,2021-03-25,92088,3351491,47904,1635433,39008,1621372,5176,94686,53450,1253219,0.155646,38415,1105118,0.137252,58866,2358337,0.292898,8051741
1,2021-03-26,101699,3453190,49215,1684648,46396,1667768,6088,100774,57300,1272773,0.158074,44169,1149287,0.142738,63723,2422060,0.300812,8051741
1,2021-03-27,70344,3523534,37202,1721850,29548,1697316,3594,104368,36306,1279013,0.158849,33872,1183159,0.146944,40112,2462172,0.305794,8051741
1,2021-03-28,31296,3554830,20540,1742390,9572,1706888,1184,105552,17038,1283368,0.15939,14196,1197355,0.148708,18551,2480723,0.308098,8051741
1,2021-03-29,63670,3618500,32335,1774725,28828,1735716,2507,108059,36942,1296441,0.161014,26610,1223965,0.152012,39683,2520406,0.313026,8051741
1,2021-03-30,88985,3707485,44353,1819078,39195,1774911,5437,113496,52114,1317274,0.163601,36868,1260833,0.156591,57701,2578107,0.320192,8051741
1,2021-03-31,97181,3804666,51939,1871017,39625,1814536,5617,119113,55991,1338009,0.166176,40986,1301819,0.161682,61721,2639828,0.327858,8051741
1,2021-04-01,104844,3909510,50591,1921608,46487,1861023,7766,126879,56160,1353582,0.16811,48470,1350289,0.167701,64043,2703871,0.335812,8051741
1,2021-04-02,103685,4013195,46701,1968309,48048,1909071,8936,135815,54420,1368290,0.169937,48927,1399216,0.173778,63635,2767506,0.343715,8051741
1,2021-04-03,74445,4087640,37980,2006289,27748,1936819,8717,144532,36077,1374963,0.170766,38242,1437458,0.178528,44915,2812421,0.349294,8051741
1,2021-04-04,22268,4109908,11201,2017490,8013,1944832,3054,147586,9615,1375016,0.170773,12622,1450080,0.180095,12675,2825096,0.350868,8051741
1,2021-04-05,70999,4180907,34779,2052269,27668,1972500,8552,156138,34350,1381608,0.171591,36535,1486615,0.184633,43127,2868223,0.356224,8051741
1,2021-04-06,99578,4280485,48619,2100888,35679,2008179,15280,171418,46888,1391404,0.172808,52493,1539108,0.191152,62289,2930512,0.36396,8051741
1,2021-04-07,104606,4385091,50251,2151139,38047,2046226,16308,187726,48715,1400829,0.173978,55703,1594811,0.19807,65128,2995640,0.372049,8051741
1,2021-04-08,109336,4494427,52572,2203711,37925,2084151,18839,206565,50370,1411373,0.175288,58811,1653622,0.205374,69355,3064995,0.380662,8051741
1,2021-04-09,58100,4552527,22537,2226248,26131,2110282,9432,215997,24681,1412214,0.175392,33300,1686922,0.20951,34141,3099136,0.384903,8051741
2,2020-12-15,227,227,227,227,0,0,0,0,233,233,3e-05,0,0,0.0,233,233,3e-05,7897587
2,2020-12-16,1908,2135,1908,2135,0,0,0,0,1917,2150,0.000272,0,0,0.0,1917,2150,0.000272,7897587
2,2020-12-17,6601,8736,6601,8736,0,0,0,0,6645,8795,0.001114,0,0,0.0,6645,8795,0.001114,7897587
2,2020-12-18,11014,19750,10993,19729,21,21,0,0,11076,19871,0.002516,0,0,0.0,11076,19871,0.002516,7897587
2,2020-12-19,5690,25440,5686,25415,4,25,0,0,5692,25563,0.003237,0,0,0.0,5692,25563,0.003237,7897587
2,2020-12-20,4375,29815,4369,29784,6,31,0,0,4371,29934,0.00379,0,0,0.0,4371,29934,0.00379,7897587
2,2020-12-21,12440,42255,12403,42187,37,68,0,0,12431,42365,0.005364,0,0,0.0,12431,42365,0.005364,7897587
2,2020-12-22,11824,54079,11375,53562,449,517,0,0,11827,54192,0.006862,0,0,0.0,11827,54192,0.006862,7897587
2,2020-12-23,11498,65577,9337,62899,2161,2678,0,0,11508,65700,0.008319,0,0,0.0,11508,65700,0.008319,7897587
2,2020-12-24,5770,71347,3416,66315,2354,5032,0,0,5769,71469,0.009049,0,0,0.0,5769,71469,0.009049,7897587
2,2020-12-25,477,71824,401,66716,76,5108,0,0,478,71947,0.00911,0,0,0.0,478,71947,0.00911,7897587
2,2020-12-26,2531,74355,1663,68379,868,5976,0,0,2534,74481,0.009431,0,0,0.0,2534,74481,0.009431,7897587
2,2020-12-27,2203,76558,1193,69572,1010,6986,0,0,2202,76682,0.00971,1,1,0.0,2202,76683,0.00971,7897587
2,2020-12-28,10602,87160,6909,76481,3693,10679,0,0,10604,87285,0.011052,1,2,0.0,10604,87287,0.011052,7897587
2,2020-12-29,12659,99819,7157,83638,5502,16181,0,0,12663,99948,0.012656,0,2,0.0,12663,99950,0.012656,7897587
2,2020-12-30,15465,115284,8754,92392,6711,22892,0,0,15521,115469,0.014621,0,2,0.0,15521,115471,0.014621,7897587
2,2020-12-31,7467,122751,2804,95196,4663,27555,0,0,7555,123023,0.015577,1,3,0.0,7555,123026,0.015578,7897587
2,2021-01-01,1052,123803,508,95704,544,28099,0,0,1056,124078,0.015711,1,4,1e-06,1056,124082,0.015711,7897587
2,2021-01-02,4831,128634,2791,98495,2040,30139,0,0,4828,128906,0.016322,0,4,1e-06,4828,128910,0.016323,7897587
2,2021-01-03,1403,130037,777,99272,626,30765,0,0,1383,130286,0.016497,3,7,1e-06,1383,130293,0.016498,7897587
2,2021-01-04,11586,141623,5489,104761,6097,36862,0,0,11574,141855,0.017962,5,12,2e-06,11574,141867,0.017963,7897587
2,2021-01-05,13469,155092,6814,111575,6655,43517,0,0,12351,153079,0.019383,1136,1148,0.000145,12360,154227,0.019528,7897587
2,2021-01-06,18863,173955,10532,122107,8331,51848,0,0,15071,164338,0.020809,3818,4966,0.000629,15077,169304,0.021437,7897587
2,2021-01-07,22862,196817,12817,134924,10045,61893,0,0,15541,172496,0.021842,7395,12361,0.001565,15553,184857,0.023407,7897587
2,2021-01-08,25934,222751,15920,150844,10014,71907,0,0,15962,178534,0.022606,9938,22299,0.002824,15976,200833,0.02543,7897587
2,2021-01-09,9390,232141,5387,156231,4003,75910,0,0,6135,181373,0.022966,3300,25599,0.003241,6139,206972,0.026207,7897587
2,2021-01-10,5239,237380,2905,159136,2334,78244,0,0,3035,182181,0.023068,2231,27830,0.003524,3039,210011,0.026592,7897587
2,2021-01-11,25511,262891,17549,176685,7962,86206,0,0,15023,186556,0.023622,10664,38494,0.004874,15039,225050,0.028496,7897587
2,2021-01-12,25304,288195,15827,192512,9477,95683,0,0,16119,193433,0.024493,9279,47773,0.006049,16156,241206,0.030542,7897587
2,2021-01-13,27520,315715,14585,207097,12935,108618,0,0,19807,205484,0.026019,7773,55546,0.007033,19824,261030,0.033052,7897587
2,2021-01-14,28957,344672,11237,218334,17720,126338,0,0,24938,226363,0.028662,4074,59620,0.007549,24953,285983,0.036211,7897587
2,2021-01-15,33899,378571,12517,230851,21382,147720,0,0,30777,254002,0.032162,3164,62784,0.00795,30803,316786,0.040112,7897587
2,2021-01-16,17288,395859,5544,236395,11744,159464,0,0,16059,268742,0.034028,1329,64113,0.008118,16069,332855,0.042146,7897587
2,2021-01-17,9944,405803,3507,239902,6437,165901,0,0,9270,277302,0.035112,715,64828,0.008209,9275,342130,0.043321,7897587
2,2021-01-18,18749,424552,10555,250457,8194,174095,0,0,14237,286970,0.036336,4590,69418,0.00879,14258,356388,0.045126,7897587
2,2021-01-19,31399,455951,16571,267028,14828,188923,0,0,23615,302837,0.038346,7858,77276,0.009785,23725,380113,0.04813,7897587
2,2021-01-20,36143,492094,17992,285020,18151,207074,0,0,27619,321976,0.040769,8566,85842,0.010869,27705,407818,0.051638,7897587
2,2021-01-21,39068,531162,16110,301130,22958,230032,0,0,34607,352237,0.044601,4470,90312,0.011435,34731,442549,0.056036,7897587
2,2021-01-22,38809,569971,16201,317331,22608,252640,0,0,35569,384585,0.048697,3252,93564,0.011847,35600,478149,0.060544,7897587
2,2021-01-23,23801,593772,10757,328088,13044,265684,0,0,20902,402635,0.050982,2880,96444,0.012212,20930,499079,0.063194,7897587
2,2021-01-24,12232,606004,6042,334130,6190,271874,0,0,11351,413123,0.05231,873,97317,0.012322,11361,510440,0.064632,7897587
2,2021-01-25,31882,637886,15417,349547,16465,288339,0,0,23453,428198,0.054219,8440,105757,0.013391,23515,533955,0.06761,7897587
2,2021-01-26,38897,676783,19476,369023,19421,307760,0,0,30211,449776,0.056951,8699,114456,0.014493,30277,564232,0.071444,7897587
2,2021-01-27,43938,720721,22464,391487,21474,329234,0,0,34335,474628,0.060098,9527,123983,0.015699,34379,598611,0.075797,7897587
2,2021-01-28,46697,767418,21898,413385,24799,354033,0,0,38407,504771,0.063915,8312,132295,0.016751,38455,637066,0.080666,7897587
2,2021-01-29,44091,811509,21638,435023,22453,376486,0,0,35788,532274,0.067397,8318,140613,0.017805,35821,672887,0.085202,7897587
2,2021-01-30,30753,842262,13520,448543,17233,393719,0,0,27619,556809,0.070504,3111,143724,0.018198,27646,700533,0.088702,7897587
2,2021-01-31,16431,858693,10086,458629,6345,400064,0,0,15244,570893,0.072287,1175,144899,0.018347,15259,715792,0.090634,7897587
2,2021-02-01,38867,897560,18619,477248,20248,420312,0,0,28583,589154,0.074599,10352,155251,0.019658,28613,744405,0.094257,7897587
2,2021-02-02,46656,944216,19320,496568,27336,447648,0,0,35474,613475,0.077679,11248,166499,0.021082,35569,779974,0.098761,7897587
2,2021-02-03,52160,996376,23095,519663,29065,476713,0,0,38869,639034,0.080915,13387,179886,0.022777,38946,818920,0.103692,7897587
2,2021-02-04,54187,1050563,23339,543002,30848,507561,0,0,39649,664140,0.084094,14630,194516,0.02463,39736,858656,0.108724,7897587
2,2021-02-05,58130,1108693,25675,568677,32455,540016,0,0,39794,685728,0.086828,18401,212917,0.02696,39989,898645,0.113787,7897587
2,2021-02-06,38958,1147651,18059,586736,20899,560915,0,0,31502,709907,0.089889,7402,220319,0.027897,31581,930226,0.117786,7897587
2,2021-02-07,15111,1162762,9861,596597,5250,566165,0,0,11276,717424,0.090841,3823,224142,0.028381,11340,941566,0.119222,7897587
2,2021-02-08,41426,1204188,20898,617495,20528,586693,0,0,28662,733495,0.092876,12779,236921,0.029999,28850,970416,0.122875,7897587
2,2021-02-09,47407,1251595,22338,639833,25069,611762,0,0,29876,746035,0.094464,17653,254574,0.032234,30193,1000609,0.126698,7897587
2,2021-02-10,58206,1309801,27264,667097,30942,642704,0,0,34489,757068,0.095861,23805,278379,0.035249,34838,1035447,0.131109,7897587
2,2021-02-11,59971,1369772,27124,694221,32847,675551,0,0,34703,766989,0.097117,25257,303636,0.038447,35178,1070625,0.135564,7897587
2,2021-02-12,62512,1432284,27040,721261,35472,711023,0,0,33721,772445,0.097808,28907,332543,0.042107,34363,1104988,0.139915,7897587
2,2021-02-13,36374,1468658,15109,736370,21265,732288,0,0,21269,778797,0.098612,15295,347838,0.044044,21647,1126635,0.142656,7897587
2,2021-02-14,18976,1487634,8974,745344,10002,742290,0,0,11183,782360,0.099063,8006,355844,0.045057,11569,1138204,0.14412,7897587
2,2021-02-15,31773,1519407,14333,759677,17440,759730,0,0,18046,787574,0.099723,13666,369510,0.046788,18880,1157084,0.146511,7897587
2,2021-02-16,54887,1574294,27382,787059,27505,787235,0,0,29422,792282,0.10032,25417,394927,0.050006,30125,1187209,0.150326,7897587
2,2021-02-17,59425,1633719,30581,817640,28844,816079,0,0,29719,793051,0.100417,29794,424721,0.053779,30563,1217772,0.154195,7897587
2,2021-02-18,63452,1697171,32298,849938,31154,847233,0,0,31369,793374,0.100458,32208,456929,0.057857,32531,1250303,0.158315,7897587
2,2021-02-19,56585,1753756,31765,881703,24820,872053,0,0,28206,793611,0.100488,28575,485504,0.061475,28812,1279115,0.161963,7897587
2,2021-02-20,36218,1789974,23613,905316,12605,884658,0,0,20029,797958,0.101038,16367,501871,0.063547,20714,1299829,0.164586,7897587
2,2021-02-21,16858,1806832,13424,918740,3434,888092,0,0,8921,799539,0.101238,8086,509957,0.064571,9667,1309496,0.16581,7897587
2,2021-02-22,35147,1841979,24076,942816,11071,899163,0,0,17009,799063,0.101178,18198,528155,0.066875,17722,1327218,0.168054,7897587
2,2021-02-23,47630,1889609,24751,967567,22879,922042,0,0,21779,796465,0.100849,26304,554459,0.070206,23706,1350924,0.171055,7897587
2,2021-02-24,64752,1954361,32841,1000408,31911,953953,0,0,30279,794521,0.100603,34648,589107,0.074593,32704,1383628,0.175196,7897587
2,2021-02-25,70218,2024579,32310,1032718,37908,991861,0,0,36462,799745,0.101264,34112,623219,0.078913,39336,1422964,0.180177,7897587
2,2021-02-26,78350,2102929,33736,1066454,44614,1036475,0,0,42549,808482,0.102371,35980,659199,0.083468,44717,1467681,0.185839,7897587
2,2021-02-27,56908,2159837,26109,1092563,30795,1067270,4,4,31747,815879,0.103307,25678,684877,0.08672,33075,1500756,0.190027,7897587
2,2021-02-28,27481,2187318,16851,1109414,10630,1077900,0,4,17223,823295,0.104246,10704,695581,0.088075,18120,1518876,0.192322,7897587
2,2021-03-01,53203,2240521,27789,1137203,25404,1103304,10,14,30235,831442,0.105278,23316,718897,0.091027,31463,1550339,0.196305,7897587
2,2021-03-02,60179,2300700,27880,1165083,32296,1135600,3,17,35039,843391,0.106791,25603,744500,0.094269,37552,1587891,0.20106,7897587
2,2021-03-03,74526,2375226,35146,1200229,39378,1174978,2,19,41800,855141,0.108279,32707,777207,0.098411,44457,1632348,0.206689,7897587
2,2021-03-04,80300,2455526,38217,1238446,42061,1217039,22,41,47223,871704,0.110376,33078,810285,0.102599,49641,1681989,0.212975,7897587
2,2021-03-05,75129,2530655,35359,1273805,39479,1256518,291,332,45880,891124,0.112835,29189,839474,0.106295,48609,1730598,0.21913,7897587
2,2021-03-06,57558,2588213,28030,1301835,27909,1284427,1619,1951,35390,907514,0.11491,22106,861580,0.109094,38496,1769094,0.224004,7897587
2,2021-03-07,26677,2614890,15388,1317223,10360,1294787,929,2880,17429,917812,0.116214,9233,870813,0.110263,19531,1788625,0.226477,7897587
2,2021-03-08,47223,2662113,21367,1338590,23477,1318264,2379,5259,30065,934702,0.118353,17188,888001,0.11244,34078,1822703,0.230792,7897587
2,2021-03-09,60998,2723111,24518,1363108,32767,1351031,3713,8972,33038,944932,0.119648,27894,915895,0.115971,38124,1860827,0.23562,7897587
2,2021-03-10,72027,2795138,32786,1395894,33197,1384228,6044,15016,38635,957686,0.121263,33297,949192,0.120188,46051,1906878,0.241451,7897587
2,2021-03-11,88290,2883428,39913,1435807,40784,1425012,7593,22609,47432,973447,0.123259,40721,989913,0.125344,56482,1963360,0.248603,7897587
2,2021-03-12,88659,2972087,36161,1471968,41513,1466525,10985,33594,45172,987675,0.12506,43326,1033239,0.13083,57554,2020914,0.25589,7897587
2,2021-03-13,65584,3037671,27050,1499018,30764,1497289,7770,41364,36144,1003522,0.127067,29379,1062618,0.13455,45226,2066140,0.261617,7897587
2,2021-03-14,35296,3072967,17694,1516712,13253,1510542,4349,45713,18830,1011078,0.128024,16399,1079017,0.136626,23955,2090095,0.26465,7897587
2,2021-03-15,64050,3137017,27957,1544669,31316,1541858,4777,50490,36536,1026099,0.129926,27414,1106431,0.140097,42435,2132530,0.270023,7897587
2,2021-03-16,83571,3220588,36335,1581004,43303,1585161,3933,54423,52061,1051881,0.13319,31375,1137806,0.14407,57157,2189687,0.27726,7897587
2,2021-03-17,87473,3308061,41587,1622591,42031,1627192,3855,58278,57010,1083324,0.137172,30301,1168107,0.147907,61744,2251431,0.285078,7897587
2,2021-03-18,93054,3401115,43518,1666109,45271,1672463,4265,62543,59153,1113620,0.141008,33748,1201855,0.15218,64044,2315475,0.293188,7897587
2,2021-03-19,92350,3493465,43516,1709625,43076,1715539,5758,68301,56459,1140750,0.144443,35692,1237547,0.156699,62822,2378297,0.301142,7897587
2,2021-03-20,67966,3561431,32170,1741795,31969,1747508,3827,72128,45956,1168992,0.148019,21902,1259449,0.159473,50144,2428441,0.307492,7897587
2,2021-03-21,32731,3594162,21069,1762864,9691,1757199,1971,74099,21752,1182233,0.149695,10930,1270379,0.160857,24171,2452612,0.310552,7897587
2,2021-03-22,61147,3655309,33302,1796166,24804,1782003,3041,77140,41635,1208441,0.153014,19370,1289749,0.163309,45578,2498190,0.316323,7897587
2,2021-03-23,80140,3735449,42325,1838491,34877,1816880,2938,80078,53921,1240111,0.157024,26039,1315788,0.166606,57709,2555899,0.32363,7897587
2,2021-03-24,87065,3822514,46354,1884845,37499,1854379,3212,83290,54177,1265651,0.160258,32704,1348492,0.170747,58244,2614143,0.331005,7897587
2,2021-03-25,96711,3919225,47984,1932829,45151,1899530,3576,86866,57111,1287711,0.163051,39405,1387897,0.175737,61465,2675608,0.338788,7897587
2,2021-03-26,97181,4016406,47837,1980666,45996,1945526,3348,90214,55432,1306134,0.165384,41493,1429390,0.180991,59916,2735524,0.346375,7897587
2,2021-03-27,71517,4087923,34963,2015629,33396,1978922,3158,93372,37309,1313419,0.166306,34056,1463446,0.185303,41341,2776865,0.351609,7897587
2,2021-03-28,36378,4124301,22126,2037755,13483,1992405,769,94141,20608,1319812,0.167116,15713,1479159,0.187293,22106,2798971,0.354408,7897587
2,2021-03-29,68288,4192589,34815,2072570,31231,2023636,2242,96383,40821,1336473,0.169225,27327,1506486,0.190753,43988,2842959,0.359978,7897587
2,2021-03-30,87839,4280428,42469,2115039,41542,2065178,3828,100211,55084,1363365,0.172631,32635,1539121,0.194885,59527,2902486,0.367516,7897587
2,2021-03-31,96250,4376678,48846,2163885,42721,2107899,4683,104894,58135,1388597,0.175825,37955,1577076,0.199691,63187,2965673,0.375516,7897587
2,2021-04-01,110712,4487390,52384,2216269,50035,2157934,8293,113187,62329,1411547,0.178731,48180,1625256,0.205791,71130,3036803,0.384523,7897587
2,2021-04-02,104010,4591400,48192,2264461,46618,2204552,9200,122387,57991,1433438,0.181503,45808,1671064,0.211592,67699,3104502,0.393095,7897587
2,2021-04-03,72118,4663518,34084,2298545,28958,2233510,9076,131463,37020,1444985,0.182965,34986,1706050,0.216022,46533,3151035,0.398987,7897587
2,2021-04-04,28160,4691678,14099,2312644,10408,2243918,3653,135116,12886,1446334,0.183136,15234,1721284,0.217951,16583,3167618,0.401087,7897587
2,2021-04-05,75488,4767166,36577,2349221,30711,2274629,8200,143316,37450,1454842,0.184213,37944,1759228,0.222755,46452,3214070,0.406969,7897587
2,2021-04-06,97973,4865139,47501,2396722,36956,2311585,13516,156832,47604,1466220,0.185654,50194,1809422,0.229111,61572,3275642,0.414765,7897587
2,2021-04-07,102330,4967469,50618,2447340,36851,2348436,14861,171693,49386,1477979,0.187143,52813,1862235,0.235798,64572,3340214,0.422941,7897587
2,2021-04-08,106832,5074301,51972,2499312,38643,2387079,16217,187910,50400,1488933,0.18853,56233,1918468,0.242918,67187,3407401,0.431448,7897587
2,2021-04-09,59008,5133309,26521,2525833,25088,2412167,7399,195309,27513,1492662,0.189002,31358,1949826,0.246889,35087,3442488,0.435891,7897587
3,2020-12-15,298,298,298,298,0,0,0,0,298,298,3.9e-05,0,0,0.0,298,298,3.9e-05,7688185
3,2020-12-16,2102,2400,2102,2400,0,0,0,0,2102,2400,0.000312,0,0,0.0,2102,2400,0.000312,7688185
3,2020-12-17,7472,9872,7472,9872,0,0,0,0,7472,9872,0.001284,0,0,0.0,7472,9872,0.001284,7688185
3,2020-12-18,12652,22524,12642,22514,10,10,0,0,12650,22522,0.002929,0,0,0.0,12650,22522,0.002929,7688185
3,2020-12-19,6934,29458,6923,29437,11,21,0,0,6998,29520,0.00384,0,0,0.0,6998,29520,0.00384,7688185
3,2020-12-20,5429,34887,5421,34858,8,29,0,0,5477,34996,0.004552,1,1,0.0,5477,34997,0.004552,7688185
3,2020-12-21,14019,48906,14008,48866,11,40,0,0,14084,49079,0.006384,1,2,0.0,14084,49081,0.006384,7688185
3,2020-12-22,14204,63110,13673,62539,531,571,0,0,14243,63322,0.008236,0,2,0.0,14243,63324,0.008237,7688185
3,2020-12-23,14344,77454,11792,74331,2552,3123,0,0,14373,77695,0.010106,0,2,0.0,14373,77697,0.010106,7688185
3,2020-12-24,6714,84168,4816,79147,1898,5021,0,0,6712,84406,0.010979,1,3,0.0,6712,84409,0.010979,7688185
3,2020-12-25,717,84885,663,79810,54,5075,0,0,716,85122,0.011072,0,3,0.0,716,85125,0.011072,7688185
3,2020-12-26,4566,89451,2981,82791,1585,6660,0,0,4564,89686,0.011665,0,3,0.0,4564,89689,0.011666,7688185
3,2020-12-27,2946,92397,1830,84621,1116,7776,0,0,2947,92633,0.012049,0,3,0.0,2947,92636,0.012049,7688185
3,2020-12-28,13235,105632,8468,93089,4767,12543,0,0,13262,105894,0.013774,1,4,1e-06,13262,105898,0.013774,7688185
3,2020-12-29,14714,120346,8295,101384,6419,18962,0,0,14746,120639,0.015691,1,5,1e-06,14746,120644,0.015692,7688185
3,2020-12-30,17700,138046,9917,111301,7783,26745,0,0,17689,138328,0.017992,0,5,1e-06,17689,138333,0.017993,7688185
3,2020-12-31,8002,146048,3012,114313,4990,31735,0,0,8000,146326,0.019033,2,7,1e-06,8000,146333,0.019033,7688185
3,2021-01-01,1086,147134,484,114797,602,32337,0,0,1083,147409,0.019173,0,7,1e-06,1083,147416,0.019174,7688185
3,2021-01-02,4896,152030,2409,117206,2487,34824,0,0,4897,152306,0.01981,0,7,1e-06,4897,152313,0.019811,7688185
3,2021-01-03,1548,153578,836,118042,712,35536,0,0,1556,153858,0.020012,4,11,1e-06,1556,153869,0.020014,7688185
3,2021-01-04,11719,165297,5898,123940,5821,41357,0,0,11694,165546,0.021533,6,17,2e-06,11694,165563,0.021535,7688185
3,2021-01-05,15280,180577,7877,131817,7403,48760,0,0,13758,177807,0.023127,1501,1518,0.000197,13762,179325,0.023325,7688185
3,2021-01-06,19633,200210,10245,142062,9388,58148,0,0,15509,189238,0.024614,4083,5601,0.000729,15514,194839,0.025343,7688185
3,2021-01-07,25439,225649,14513,156575,10926,69074,0,0,16555,196947,0.025617,8859,14460,0.001881,16568,211407,0.027498,7688185
3,2021-01-08,29541,255190,18109,174684,11432,80506,0,0,17598,202644,0.026358,11920,26380,0.003431,17617,229024,0.029789,7688185
3,2021-01-09,11894,267084,6686,181370,5208,85714,0,0,7663,206088,0.026806,4224,30604,0.003981,7668,236692,0.030786,7688185
3,2021-01-10,7111,274195,4439,185809,2672,88386,0,0,3987,206957,0.026919,3122,33726,0.004387,3991,240683,0.031306,7688185
3,2021-01-11,28101,302296,18324,204133,9777,98163,0,0,15947,210770,0.027415,12148,45874,0.005967,15961,256644,0.033382,7688185
3,2021-01-12,31288,333584,18630,222763,12658,110821,0,0,19197,217957,0.02835,12074,57948,0.007537,19261,275905,0.035887,7688185
3,2021-01-13,33776,367360,17732,240495,16044,126865,0,0,23915,231947,0.030169,9941,67889,0.00883,23931,299836,0.039,7688185
3,2021-01-14,33723,401083,13937,254432,19786,146651,0,0,27983,254226,0.033067,5731,73620,0.009576,28010,327846,0.042643,7688185
3,2021-01-15,37873,438956,14205,268637,23668,170319,0,0,33361,283133,0.036827,4505,78125,0.010162,33412,361258,0.046989,7688185
3,2021-01-16,21329,460285,7573,276210,13756,184075,0,0,19035,299908,0.039009,2280,80405,0.010458,19055,380313,0.049467,7688185
3,2021-01-17,12595,472880,4452,280662,8143,192218,0,0,11580,310490,0.040385,1015,81420,0.01059,11597,391910,0.050976,7688185
3,2021-01-18,24354,497234,12654,293316,11700,203918,0,0,18943,324036,0.042147,5431,86851,0.011297,18977,410887,0.053444,7688185
3,2021-01-19,39792,537026,20519,313835,19273,223191,0,0,30941,346228,0.045034,8828,95679,0.012445,31020,441907,0.057479,7688185
3,2021-01-20,43808,580834,21562,335397,22246,245437,0,0,34728,371975,0.048383,9046,104725,0.013622,34793,476700,0.062004,7688185
3,2021-01-21,45949,626783,19688,355085,26261,271698,0,0,40764,407673,0.053026,5117,109842,0.014287,40815,517515,0.067313,7688185
3,2021-01-22,48191,674974,19213,374298,28978,300676,0,0,44156,447842,0.058251,4051,113893,0.014814,44220,561735,0.073065,7688185
3,2021-01-23,29552,704526,12612,386910,16940,317616,0,0,26298,470935,0.061254,3243,117136,0.015236,26336,588071,0.07649,7688185
3,2021-01-24,17249,721775,8413,395323,8836,326452,0,0,16120,485951,0.063208,1127,118263,0.015382,16143,604214,0.07859,7688185
3,2021-01-25,39456,761231,17593,412916,21863,348315,0,0,29838,506259,0.065849,9605,127868,0.016632,29913,634127,0.082481,7688185
3,2021-01-26,45613,806844,21818,434734,23795,372110,0,0,35892,532533,0.069266,9719,137587,0.017896,35993,670120,0.087162,7688185
3,2021-01-27,49214,856058,23896,458630,25318,397428,0,0,39017,561500,0.073034,10115,147702,0.019212,39082,709202,0.092246,7688185
3,2021-01-28,50043,906101,23335,481965,26708,424136,0,0,41528,594628,0.077343,8439,156141,0.020309,41567,750769,0.097652,7688185
3,2021-01-29,49122,955223,23713,505678,25409,449545,0,0,39903,625490,0.081357,9079,165220,0.02149,39941,790710,0.102847,7688185
3,2021-01-30,35632,990855,17081,522759,18551,468096,0,0,31401,652544,0.084876,4416,169636,0.022065,31470,822180,0.106941,7688185
3,2021-01-31,22025,1012880,13067,535826,8958,477054,0,0,20586,671711,0.087369,1432,171068,0.022251,20599,842779,0.10962,7688185
3,2021-02-01,44496,1057376,20368,556194,24128,501182,0,0,34578,696442,0.090586,9882,180950,0.023536,34613,877392,0.114122,7688185
3,2021-02-02,53143,1110519,22726,578920,30417,531599,0,0,40775,724900,0.094288,12363,193313,0.025144,40821,918213,0.119432,7688185
3,2021-02-03,59289,1169808,26828,605748,32461,564060,0,0,44433,754659,0.098158,14736,208049,0.027061,44495,962708,0.125219,7688185
3,2021-02-04,63225,1233033,27976,633724,35249,599309,0,0,46701,784943,0.102097,16514,224563,0.029209,46798,1009506,0.131306,7688185
3,2021-02-05,68642,1301675,29279,663003,39363,638672,0,0,47730,811953,0.10561,20883,245446,0.031925,47893,1057399,0.137536,7688185
3,2021-02-06,43011,1344686,20921,683924,22090,660762,0,0,33372,835898,0.108725,9612,255058,0.033175,33557,1090956,0.1419,7688185
3,2021-02-07,19801,1364487,12758,696682,7043,667805,0,0,15366,846965,0.110164,4423,259481,0.033751,15490,1106446,0.143915,7688185
3,2021-02-08,50427,1414914,24448,721130,25979,693784,0,0,33434,863498,0.112315,17088,276569,0.035973,33621,1140067,0.148288,7688185
3,2021-02-09,57126,1472040,28100,749230,29026,722810,0,0,33622,873968,0.113677,23495,300064,0.039029,33965,1174032,0.152706,7688185
3,2021-02-10,65869,1537909,31187,780417,34682,757492,0,0,35809,880321,0.114503,29974,330038,0.042928,36327,1210359,0.157431,7688185
3,2021-02-11,68169,1606078,33637,814054,34532,792024,0,0,36925,886705,0.115333,31071,361109,0.046969,37455,1247814,0.162303,7688185
3,2021-02-12,72965,1679043,31587,845641,41378,833402,0,0,40681,895892,0.116528,32244,393353,0.051163,41431,1289245,0.167692,7688185
3,2021-02-13,43454,1722497,19884,865525,23570,856972,0,0,25272,903704,0.117545,18048,411401,0.053511,25860,1315105,0.171055,7688185
3,2021-02-14,26349,1748846,13318,878843,13031,870003,0,0,14955,907750,0.118071,11353,422754,0.054987,15399,1330504,0.173058,7688185
3,2021-02-15,39047,1787893,16800,895643,22247,892250,0,0,21763,913223,0.118783,17230,439984,0.057229,22703,1353207,0.176011,7688185
3,2021-02-16,67528,1855421,32250,927893,35278,927528,0,0,35480,917677,0.119362,32047,472031,0.061397,36501,1389708,0.180759,7688185
3,2021-02-17,68980,1924401,35055,962948,33925,961453,0,0,33029,915951,0.119137,35861,507892,0.066061,34135,1423843,0.185199,7688185
3,2021-02-18,73602,1998003,38674,1001622,34928,996381,0,0,34329,912430,0.11868,39204,547096,0.071161,35683,1459526,0.18984,7688185
3,2021-02-19,65631,2063634,37990,1039612,27641,1024022,0,0,33649,914717,0.118977,32068,579164,0.075332,34355,1493881,0.194309,7688185
3,2021-02-20,40283,2103917,25642,1065254,14641,1038663,0,0,21520,918041,0.119409,18693,597857,0.077763,22017,1515898,0.197172,7688185
3,2021-02-21,18541,2122458,15290,1080544,3251,1041914,0,0,8771,917330,0.119317,9714,607571,0.079027,9003,1524901,0.198343,7688185
3,2021-02-22,43270,2165728,28080,1108624,15190,1057104,0,0,20304,915192,0.119039,22929,630500,0.082009,20791,1545692,0.201048,7688185
3,2021-02-23,57270,2222998,31233,1139857,26037,1083141,0,0,25113,910163,0.118385,32104,662604,0.086185,27075,1572767,0.204569,7688185
3,2021-02-24,73202,2296200,35517,1175374,37685,1120826,0,0,32387,904293,0.117621,40739,703343,0.091484,34869,1607636,0.209105,7688185
3,2021-02-25,81189,2377389,39104,1214478,42085,1162911,0,0,40549,906932,0.117964,40471,743814,0.096748,43110,1650746,0.214712,7688185
3,2021-02-26,92747,2470136,42169,1256647,50578,1213489,0,0,49200,915023,0.119017,43286,787100,0.102378,51377,1702123,0.221395,7688185
3,2021-02-27,64836,2534972,29383,1286030,35450,1248939,3,3,34584,920772,0.119765,30134,817234,0.106297,35883,1738006,0.226062,7688185
3,2021-02-28,36454,2571426,21376,1307406,15078,1264017,0,3,18978,923330,0.120097,17373,834607,0.108557,19931,1757937,0.228654,7688185
3,2021-03-01,63394,2634820,33642,1341048,29751,1293768,1,4,35493,932374,0.121274,27787,862394,0.112171,36831,1794768,0.233445,7688185
3,2021-03-02,70218,2705038,33880,1374928,36337,1330105,1,5,41181,946767,0.123146,28922,891316,0.115933,43315,1838083,0.239079,7688185
3,2021-03-03,83505,2788543,39299,1414227,44196,1374301,10,15,46101,957870,0.12459,37261,928577,0.12078,48364,1886447,0.24537,7688185
3,2021-03-04,86736,2875279,42607,1456834,44115,1418416,14,29,49530,972622,0.126509,37053,965630,0.125599,51805,1938252,0.252108,7688185
3,2021-03-05,84184,2959463,40933,1497767,42970,1461386,281,310,51564,994228,0.129319,32444,998074,0.129819,54050,1992302,0.259138,7688185
3,2021-03-06,60738,3020201,30298,1528065,28370,1489756,2070,2380,34916,1006975,0.130977,25726,1023800,0.133165,38473,2030775,0.264142,7688185
3,2021-03-07,36060,3056261,21240,1549305,13740,1503496,1080,3460,21233,1015705,0.132112,14789,1038589,0.135089,23519,2054294,0.267201,7688185
3,2021-03-08,55754,3112015,26515,1575820,26505,1530001,2734,6194,35292,1034898,0.134609,20371,1058960,0.137739,39564,2093858,0.272348,7688185
3,2021-03-09,67097,3179112,28505,1604325,34326,1564327,4266,10460,35539,1044435,0.135849,31487,1090447,0.141834,41024,2134882,0.277683,7688185
3,2021-03-10,76889,3256001,37689,1642014,33416,1597743,5784,16244,40708,1056312,0.137394,36066,1126513,0.146525,47943,2182825,0.283919,7688185
3,2021-03-11,91300,3347301,44825,1686839,38435,1636178,8040,24284,45343,1065065,0.138533,45785,1172298,0.15248,54538,2237363,0.291013,7688185
3,2021-03-12,97234,3444535,43174,1730013,42549,1678727,11511,35795,44353,1069344,0.139089,52741,1225039,0.15934,57020,2294383,0.29843,7688185
3,2021-03-13,66618,3511153,28098,1758111,31470,1710197,7050,42845,35158,1081562,0.140678,31386,1256425,0.163423,43604,2337987,0.304101,7688185
3,2021-03-14,39581,3550734,20873,1778984,15285,1725482,3423,46268,21683,1089478,0.141708,17854,1274279,0.165745,25770,2363757,0.307453,7688185
3,2021-03-15,72439,3623173,33951,1812935,34133,1759615,4355,50623,39111,1100755,0.143175,33211,1307490,0.170065,44488,2408245,0.31324,7688185
3,2021-03-16,90813,3713986,41663,1854598,45092,1804707,4058,54681,52501,1120099,0.145691,38159,1345649,0.175028,57503,2465748,0.320719,7688185
3,2021-03-17,93357,3807343,44985,1899583,44097,1848804,4275,58956,57866,1147594,0.149267,35340,1380989,0.179625,62835,2528583,0.328892,7688185
3,2021-03-18,97247,3904590,49032,1948615,44045,1892849,4170,63126,58093,1171518,0.152379,38982,1419971,0.184695,62906,2591489,0.337074,7688185
3,2021-03-19,97307,4001897,51603,2000218,41528,1934377,4176,67302,55616,1190362,0.15483,41518,1461489,0.190095,60362,2651851,0.344925,7688185
3,2021-03-20,69125,4071022,35561,2035779,30126,1964503,3438,70740,44060,1213439,0.157832,24925,1486414,0.193337,48002,2699853,0.351169,7688185
3,2021-03-21,34628,4105650,23597,2059376,9615,1974118,1416,72156,23312,1227399,0.159647,11261,1497675,0.194802,25221,2725074,0.35445,7688185
3,2021-03-22,67442,4173092,39444,2098820,25762,1999880,2236,74392,44976,1253308,0.163017,22333,1520008,0.197707,48242,2773316,0.360724,7688185
3,2021-03-23,85757,4258849,47401,2146221,36045,2035925,2311,76703,56833,1284421,0.167064,28762,1548770,0.201448,59875,2833191,0.368512,7688185
3,2021-03-24,94713,4353562,54845,2201066,37423,2073348,2445,79148,57115,1307238,0.170032,37362,1586132,0.206308,60179,2893370,0.37634,7688185
3,2021-03-25,102036,4455598,56852,2257918,42495,2115843,2689,81837,59910,1328606,0.172811,41892,1628024,0.211757,63260,2956630,0.384568,7688185
3,2021-03-26,105678,4561276,57054,2314972,45483,2161326,3141,84978,57363,1341941,0.174546,48098,1676122,0.218013,61433,3018063,0.392559,7688185
3,2021-03-27,71370,4632646,35946,2350918,32965,2194291,2459,87437,36099,1346056,0.175081,35125,1711247,0.222581,39240,3057303,0.397663,7688185
3,2021-03-28,42500,4675146,26717,2377635,14997,2209288,786,88223,22773,1350454,0.175653,19659,1730906,0.225138,24057,3081360,0.400792,7688185
3,2021-03-29,77455,4752601,40646,2418281,35123,2244411,1686,89909,45106,1365892,0.177661,32185,1763091,0.229325,47623,3128983,0.406986,7688185
3,2021-03-30,96637,4849238,47680,2465961,45720,2290131,3237,93146,60003,1393277,0.181223,36470,1799561,0.234068,63855,3192838,0.415292,7688185
3,2021-03-31,100774,4950012,54461,2520422,41759,2331890,4554,97700,57088,1411720,0.183622,43541,1843102,0.239732,61984,3254822,0.423354,7688185
3,2021-04-01,116393,5066405,58862,2579284,48509,2380399,9022,106722,65366,1435649,0.186734,50865,1893967,0.246348,74794,3329616,0.433082,7688185
3,2021-04-02,111242,5177647,54318,2633602,47255,2427654,9669,116391,60685,1456155,0.189402,50373,1944340,0.2529,70879,3400495,0.442301,7688185
3,2021-04-03,72362,5250009,36483,2670085,27261,2454915,8618,125009,37134,1467159,0.190833,35104,1979444,0.257466,46108,3446603,0.448299,7688185
3,2021-04-04,31001,5281010,16579,2686664,10565,2465480,3857,128866,13777,1467663,0.190899,17177,1996621,0.2597,17681,3464284,0.450598,7688185
3,2021-04-05,84789,5365799,42881,2729545,33378,2498858,8530,137396,42739,1477854,0.192224,41926,2038547,0.265153,52117,3516401,0.457377,7688185
3,2021-04-06,106560,5472359,52281,2781826,40075,2538933,14204,151600,51489,1489415,0.193728,54885,2093432,0.272292,66446,3582847,0.46602,7688185
3,2021-04-07,108157,5580516,56125,2837951,37412,2576345,14620,166220,53395,1503165,0.195516,54581,2148013,0.279391,68331,3651178,0.474908,7688185
3,2021-04-08,107028,5687544,54260,2892211,35485,2611830,17283,183503,50794,1515930,0.197177,56050,2204063,0.286682,68815,3719993,0.483858,7688185
3,2021-04-09,55680,5743224,25597,2917808,22073,2633903,8010,191513,25046,1518484,0.197509,30547,2234610,0.290655,33101,3753094,0.488164,7688185
4,2020-12-15,444,444,444,444,0,0,0,0,444,444,5.9e-05,0,0,0.0,444,444,5.9e-05,7584050
4,2020-12-16,2915,3359,2915,3359,0,0,0,0,2915,3359,0.000443,0,0,0.0,2915,3359,0.000443,7584050
4,2020-12-17,8427,11786,8427,11786,0,0,0,0,8427,11786,0.001554,0,0,0.0,8427,11786,0.001554,7584050
4,2020-12-18,15245,27031,15236,27022,9,9,0,0,15243,27028,0.003564,1,1,0.0,15243,27029,0.003564,7584050
4,2020-12-19,10163,37194,10157,37179,6,15,0,0,10098,37126,0.004895,0,1,0.0,10098,37127,0.004895,7584050
4,2020-12-20,7335,44529,7323,44502,12,27,0,0,7288,44414,0.005856,0,1,0.0,7288,44415,0.005856,7584050
4,2020-12-21,16135,60664,16115,60617,20,47,0,0,16068,60482,0.007975,0,1,0.0,16068,60483,0.007975,7584050
4,2020-12-22,16941,77605,16233,76850,708,755,0,0,16898,77380,0.010203,0,1,0.0,16898,77381,0.010203,7584050
4,2020-12-23,16738,94343,14080,90930,2658,3413,0,0,16708,94088,0.012406,0,1,0.0,16708,94089,0.012406,7584050
4,2020-12-24,8481,102824,5918,96848,2563,5976,0,0,8481,102569,0.013524,0,1,0.0,8481,102570,0.013524,7584050
4,2020-12-25,895,103719,790,97638,105,6081,0,0,894,103462,0.013642,1,2,0.0,894,103464,0.013642,7584050
4,2020-12-26,6153,109872,3859,101497,2294,8375,0,0,6152,109614,0.014453,0,2,0.0,6152,109616,0.014453,7584050
4,2020-12-27,3408,113280,1991,103488,1417,9792,0,0,3408,113022,0.014903,0,2,0.0,3408,113024,0.014903,7584050
4,2020-12-28,14850,128130,9189,112677,5661,15453,0,0,14821,127842,0.016857,1,3,0.0,14821,127845,0.016857,7584050
4,2020-12-29,15137,143267,8384,121061,6753,22206,0,0,15102,142944,0.018848,0,3,0.0,15102,142947,0.018848,7584050
4,2020-12-30,18747,162014,11015,132076,7732,29938,0,0,18736,161678,0.021318,2,5,1e-06,18736,161683,0.021319,7584050
4,2020-12-31,8128,170142,3301,135377,4827,34765,0,0,8123,169799,0.022389,2,7,1e-06,8123,169806,0.02239,7584050
4,2021-01-01,1095,171237,450,135827,645,35410,0,0,1095,170894,0.022533,0,7,1e-06,1095,170901,0.022534,7584050
4,2021-01-02,5613,176850,3176,139003,2437,37847,0,0,5612,176505,0.023273,1,8,1e-06,5612,176513,0.023274,7584050
4,2021-01-03,2097,178947,1246,140249,851,38698,0,0,2083,178584,0.023547,4,12,2e-06,2083,178596,0.023549,7584050
4,2021-01-04,12862,191809,7015,147264,5847,44545,0,0,12814,191367,0.025233,31,43,6e-06,12814,191410,0.025238,7584050
4,2021-01-05,16554,208363,9795,157059,6759,51304,0,0,14564,203974,0.026895,1966,2009,0.000265,14573,205983,0.02716,7584050
4,2021-01-06,21283,229646,13062,170121,8221,59525,0,0,15504,213766,0.028186,5723,7732,0.00102,15515,221498,0.029206,7584050
4,2021-01-07,27467,257113,16734,186855,10733,70258,0,0,16911,220086,0.02902,10602,18334,0.002417,16922,238420,0.031437,7584050
4,2021-01-08,32393,289506,20786,207641,11607,81865,0,0,18371,224514,0.029603,13957,32291,0.004258,18385,256805,0.033861,7584050
4,2021-01-09,15933,305439,9398,217039,6535,88400,0,0,9343,227298,0.029971,6569,38860,0.005124,9353,266158,0.035094,7584050
4,2021-01-10,8665,314104,5600,222639,3065,91465,0,0,4076,226813,0.029907,4567,43427,0.005726,4082,270240,0.035633,7584050
4,2021-01-11,32987,347091,21562,244201,11425,102890,0,0,18631,231147,0.030478,14316,57743,0.007614,18650,288890,0.038092,7584050
4,2021-01-12,37681,384772,21560,265761,16121,119011,0,0,23824,241148,0.031797,13859,71602,0.009441,23860,312750,0.041238,7584050
4,2021-01-13,38101,422873,18738,284499,19363,138374,0,0,27030,257181,0.033911,11018,82620,0.010894,27051,339801,0.044805,7584050
4,2021-01-14,38594,461467,14727,299226,23867,162241,0,0,31589,281836,0.037162,6962,89582,0.011812,31617,371418,0.048974,7584050
4,2021-01-15,44732,506199,15495,314721,29237,191478,0,0,39266,315712,0.041628,5411,94993,0.012525,39287,410705,0.054154,7584050
4,2021-01-16,28358,534557,9285,324006,19073,210551,0,0,25262,337929,0.044558,3059,98052,0.012929,25276,435981,0.057487,7584050
4,2021-01-17,18839,553396,6620,330626,12219,222770,0,0,17337,353803,0.046651,1477,99529,0.013123,17351,453332,0.059774,7584050
4,2021-01-18,29014,582410,13328,343954,15686,238456,0,0,23085,371084,0.04893,5834,105363,0.013893,23115,476447,0.062822,7584050
4,2021-01-19,45570,627980,23097,367051,22473,260929,0,0,36344,398329,0.052522,9170,114533,0.015102,36415,512862,0.067624,7584050
4,2021-01-20,50848,678828,26892,393943,23956,284885,0,0,40580,428781,0.056537,10176,124709,0.016444,40628,553490,0.072981,7584050
4,2021-01-21,55602,734430,24537,418480,31065,315950,0,0,49348,471969,0.062232,6193,130902,0.01726,49381,602871,0.079492,7584050
4,2021-01-22,54284,788714,21817,440297,32467,348417,0,0,49257,516330,0.068081,4925,135827,0.01791,49286,652157,0.085991,7584050
4,2021-01-23,39223,827937,17362,457659,21861,370278,0,0,34961,547066,0.072134,4253,140080,0.01847,34989,687146,0.090604,7584050
4,2021-01-24,23700,851637,10403,468062,13297,383575,0,0,21854,567093,0.074774,1841,141921,0.018713,21868,709014,0.093488,7584050
4,2021-01-25,47048,898685,21730,489792,25318,408893,0,0,36162,592446,0.078117,10862,152783,0.020145,36215,745229,0.098263,7584050
4,2021-01-26,55596,954281,28405,518197,27191,436084,0,0,43687,624339,0.082323,11854,164637,0.021708,43747,788976,0.104031,7584050
4,2021-01-27,54475,1008756,26377,544574,28098,464182,0,0,43677,657403,0.086682,10659,175296,0.023114,43723,832699,0.109796,7584050
4,2021-01-28,55645,1064401,25244,569818,30401,494583,0,0,45861,693608,0.091456,9696,184992,0.024392,45901,878600,0.115848,7584050
4,2021-01-29,55525,1119926,26690,596508,28835,523418,0,0,45377,728997,0.096122,10010,195002,0.025712,45399,923999,0.121835,7584050
4,2021-01-30,37188,1157114,16920,613428,20268,543686,0,0,31998,755874,0.099666,5143,200145,0.02639,32020,956019,0.126057,7584050
4,2021-01-31,23709,1180823,12473,625901,11236,554922,0,0,22142,776472,0.102382,1553,201698,0.026595,22151,978170,0.128977,7584050
4,2021-02-01,47765,1228588,22590,648491,25175,580097,0,0,37603,803972,0.106008,10142,211840,0.027932,37642,1015812,0.133941,7584050
4,2021-02-02,55406,1283994,26341,674832,29065,609162,0,0,41802,832338,0.109748,13474,225314,0.029709,41840,1057652,0.139457,7584050
4,2021-02-03,61351,1345345,30202,705034,31149,640311,0,0,47333,865812,0.114162,13913,239227,0.031543,47387,1105039,0.145706,7584050
4,2021-02-04,66660,1412005,31147,736181,35513,675824,0,0,50187,899780,0.118641,16319,255546,0.033695,50287,1155326,0.152336,7584050
4,2021-02-05,71954,1483959,33363,769544,38591,714415,0,0,50292,928783,0.122465,21424,276970,0.03652,50427,1205753,0.158985,7584050
4,2021-02-06,47813,1531772,25884,795428,21929,736344,0,0,36458,954119,0.125806,11329,288299,0.038014,36665,1242418,0.16382,7584050
4,2021-02-07,26195,1557967,17265,812693,8930,745274,0,0,19873,967939,0.127628,6286,294585,0.038843,20106,1262524,0.166471,7584050
4,2021-02-08,57561,1615528,29579,842272,27982,773256,0,0,37443,985648,0.129963,19993,314578,0.041479,37702,1300226,0.171442,7584050
4,2021-02-09,66237,1681765,33850,876122,32387,805643,0,0,38884,997631,0.131543,27297,341875,0.045078,39280,1339506,0.176621,7584050
4,2021-02-10,76322,1758087,38250,914372,38072,843715,0,0,40808,1003668,0.132339,35299,377174,0.049733,41336,1380842,0.182072,7584050
4,2021-02-11,79651,1837738,41529,955901,38122,881837,0,0,41378,1007627,0.132861,38077,415251,0.054753,42036,1422878,0.187615,7584050
4,2021-02-12,82975,1920713,37128,993029,45847,927684,0,0,42877,1011332,0.13335,39951,455202,0.060021,43656,1466534,0.193371,7584050
4,2021-02-13,57499,1978212,28961,1021990,28538,956222,0,0,29384,1013552,0.133643,28054,483256,0.06372,30274,1496808,0.197363,7584050
4,2021-02-14,36086,2014298,18628,1040618,17458,973680,0,0,18520,1015154,0.133854,17573,500829,0.066037,19175,1515983,0.199891,7584050
4,2021-02-15,45392,2059690,21260,1061878,24132,997812,0,0,23536,1018079,0.134239,21796,522625,0.068911,24721,1540704,0.203151,7584050
4,2021-02-16,78323,2138013,35758,1097636,42565,1040377,0,0,40093,1021237,0.134656,38155,560780,0.073942,41313,1582017,0.208598,7584050
4,2021-02-17,79238,2217251,37209,1134845,42029,1082406,0,0,38038,1019337,0.134405,41066,601846,0.079357,39166,1621183,0.213762,7584050
4,2021-02-18,81275,2298526,44811,1179656,36464,1118870,0,0,37849,1015359,0.133881,43295,645141,0.085065,39317,1660500,0.218946,7584050
4,2021-02-19,80139,2378665,50542,1230198,29597,1148467,0,0,40541,1017133,0.134115,39472,684613,0.09027,41246,1701746,0.224385,7584050
4,2021-02-20,47362,2426027,31940,1262138,15422,1163889,0,0,26256,1022920,0.134878,21166,705779,0.093061,26953,1728699,0.227939,7584050
4,2021-02-21,24936,2450963,19458,1281596,5478,1169367,0,0,11343,1020830,0.134602,13688,719467,0.094866,11598,1740297,0.229468,7584050
4,2021-02-22,51533,2502496,35545,1317141,15988,1185355,0,0,25167,1020147,0.134512,26292,745759,0.098333,25609,1765906,0.232845,7584050
4,2021-02-23,71127,2573623,39303,1356444,31824,1217179,0,0,31395,1013552,0.133643,39635,785394,0.103559,33040,1798946,0.237201,7584050
4,2021-02-24,86314,2659937,45293,1401737,41021,1258200,0,0,39285,1008104,0.132924,46866,832260,0.109738,41418,1840364,0.242662,7584050
4,2021-02-25,96221,2756158,50068,1451805,46153,1304353,0,0,46166,1006889,0.132764,49921,882181,0.116321,48706,1889070,0.249085,7584050
4,2021-02-26,102606,2858764,51620,1503425,50986,1355339,0,0,53000,1012793,0.133543,49413,931594,0.122836,55317,1944387,0.256378,7584050
4,2021-02-27,73977,2932741,40037,1543462,33935,1389274,5,5,39605,1019552,0.134434,34324,965918,0.127362,41083,1985470,0.261795,7584050
4,2021-02-28,44423,2977164,27565,1571027,16857,1406131,1,6,24847,1025756,0.135252,19526,985444,0.129936,25730,2011200,0.265188,7584050
4,2021-03-01,73321,3050485,42753,1613780,30565,1436696,3,9,40678,1035127,0.136487,32489,1017933,0.13422,41860,2053060,0.270708,7584050
4,2021-03-02,76228,3126713,42716,1656496,33509,1470205,3,12,45655,1052136,0.13873,30450,1048383,0.138235,47459,2100519,0.276965,7584050
4,2021-03-03,95315,3222028,50259,1706755,45052,1515257,4,16,52537,1063825,0.140271,42616,1090999,0.143854,54305,2154824,0.284126,7584050
4,2021-03-04,92736,3314764,51597,1758352,41129,1556386,10,26,51154,1075322,0.141787,41423,1132422,0.149316,52920,2207744,0.291104,7584050
4,2021-03-05,90144,3404908,48150,1806502,41691,1598077,303,329,53624,1094789,0.144354,36379,1168801,0.154113,55846,2263590,0.298467,7584050
4,2021-03-06,71695,3476603,40084,1846586,29038,1627115,2573,2902,44201,1115526,0.147088,27414,1196215,0.157728,48151,2311741,0.304816,7584050
4,2021-03-07,40803,3517406,25909,1872495,13768,1640883,1126,4028,24856,1126761,0.14857,15891,1212106,0.159823,27126,2338867,0.308393,7584050
4,2021-03-08,63658,3581064,32880,1905375,27747,1668630,3031,7059,41861,1151289,0.151804,21711,1233817,0.162686,46239,2385106,0.31449,7584050
4,2021-03-09,71980,3653044,33216,1938591,33708,1702338,5056,12115,37610,1160896,0.153071,34245,1268062,0.167201,43852,2428958,0.320272,7584050
4,2021-03-10,86396,3739440,43886,1982477,35304,1737642,7206,19321,43637,1170108,0.154285,42651,1310713,0.172825,51863,2480821,0.32711,7584050
4,2021-03-11,97897,3837337,51571,2034048,38342,1775984,7984,27305,45689,1172920,0.154656,52037,1362750,0.179686,54849,2535670,0.334342,7584050
4,2021-03-12,101318,3938655,49993,2084041,41376,1817360,9949,37254,43323,1169351,0.154186,57814,1420564,0.187309,54245,2589915,0.341495,7584050
4,2021-03-13,77988,4016643,36405,2120446,33410,1850770,8173,45427,36452,1173709,0.15476,41440,1462004,0.192774,45798,2635713,0.347534,7584050
4,2021-03-14,48528,4065171,27789,2148235,17211,1867981,3528,48955,24859,1179138,0.155476,23612,1485616,0.195887,29041,2664754,0.351363,7584050
4,2021-03-15,81751,4146922,43579,2191814,34033,1902014,4139,53094,43246,1189052,0.156783,38354,1523970,0.200944,48268,2713022,0.357727,7584050
4,2021-03-16,104624,4251546,54390,2246204,46925,1948939,3309,56403,56973,1202586,0.158568,47485,1571455,0.207205,61019,2774041,0.365773,7584050
4,2021-03-17,102771,4354317,55404,2301608,44044,1992983,3323,59726,60371,1224650,0.161477,42226,1613681,0.212773,64290,2838331,0.37425,7584050
4,2021-03-18,102602,4456919,57033,2358641,42035,2035018,3534,63260,59964,1246196,0.164318,42449,1656130,0.21837,63995,2902326,0.382688,7584050
4,2021-03-19,106353,4563272,60910,2419551,40407,2075425,5036,68296,61409,1268313,0.167234,44753,1700883,0.224271,66870,2969196,0.391505,7584050
4,2021-03-20,81132,4644404,47465,2467016,30748,2106173,2919,71215,50735,1292057,0.170365,30238,1731121,0.228258,53982,3023178,0.398623,7584050
4,2021-03-21,46637,4691041,33726,2500742,10650,2116823,2261,73476,29545,1307230,0.172366,17027,1748148,0.230503,32200,3055378,0.402869,7584050
4,2021-03-22,79210,4770251,52113,2552855,24584,2141407,2513,75989,51385,1334206,0.175923,27683,1775831,0.234153,54659,3110037,0.410076,7584050
4,2021-03-23,100777,4871028,60190,2613045,38587,2179994,2000,77989,64323,1364853,0.179964,36254,1812085,0.238934,66901,3176938,0.418897,7584050
4,2021-03-24,109368,4980396,71000,2684045,36212,2216206,2156,80145,64016,1386453,0.182812,45073,1857158,0.244877,66673,3243611,0.427689,7584050
4,2021-03-25,111734,5092130,68686,2752731,40878,2257084,2170,82315,65850,1409450,0.185844,45533,1902691,0.250881,68530,3312141,0.436725,7584050
4,2021-03-26,115105,5207235,69999,2822730,42142,2299226,2964,85279,65259,1428782,0.188393,49612,1952303,0.257422,68944,3381085,0.445815,7584050
4,2021-03-27,88355,5295590,52250,2874980,34376,2333602,1729,87008,46066,1434939,0.189205,42125,1994428,0.262977,48282,3429367,0.452181,7584050
4,2021-03-28,54008,5349598,35480,2910460,17667,2351269,861,87869,30119,1442428,0.190192,23805,2018233,0.266115,31294,3460661,0.456308,7584050
4,2021-03-29,90408,5440006,54389,2964849,34054,2385323,1965,89834,51555,1457862,0.192227,38695,2056928,0.271218,54129,3514790,0.463445,7584050
4,2021-03-30,113363,5553369,61791,3026640,47664,2432987,3908,93742,73657,1496341,0.197301,39561,2096489,0.276434,78040,3592830,0.473735,7584050
4,2021-03-31,116586,5669955,69390,3096030,41321,2474308,5875,99617,68709,1523514,0.200884,47663,2144152,0.282719,74836,3667666,0.483603,7584050
4,2021-04-01,135891,5805846,77657,3173687,45744,2520052,12490,112107,82206,1565047,0.20636,53489,2197641,0.289771,95022,3762688,0.496132,7584050
4,2021-04-02,130186,5936032,69688,3243375,47872,2567924,12626,124733,76951,1601975,0.211229,53052,2250693,0.296767,89980,3852668,0.507996,7584050
4,2021-04-03,96709,6032741,51304,3294679,32865,2600789,12540,137273,51875,1621996,0.213869,44708,2295401,0.302662,64729,3917397,0.516531,7584050
4,2021-04-04,44780,6077521,23528,3318207,14228,2615017,7024,144297,19554,1623455,0.214062,25176,2320577,0.305981,26635,3944032,0.520043,7584050
4,2021-04-05,103620,6181141,58344,3376551,33260,2648277,12016,156313,54484,1641548,0.216447,49023,2369600,0.312445,67116,4011148,0.528893,7584050
4,2021-04-06,131798,6312939,73812,3450363,39107,2687384,18879,175192,68559,1666602,0.219751,63084,2432684,0.320763,88138,4099286,0.540514,7584050
4,2021-04-07,129824,6442763,73566,3523929,36906,2724290,19352,194544,67348,1691372,0.223017,62305,2494989,0.328978,87075,4186361,0.551995,7584050
4,2021-04-08,128185,6570948,71753,3595682,33457,2757747,22975,217519,64091,1715161,0.226154,63900,2558889,0.337404,87689,4274050,0.563558,7584050
4,2021-04-09,71293,6642241,36552,3632234,25182,2782929,9559,227078,36199,1725997,0.227582,34989,2593878,0.342018,45825,4319875,0.5696,7584050
