vemquartile,administered_date,total_doses,cumulative_total_doses,pfizer_doses,cumulative_pfizer_doses,moderna_doses,cumulative_moderna_doses,jj_doses,cumulative_jj_doses,partially_vaccinated,total_partially_vaccinated,pct_age12pop_partially_vaccinated,fully_vaccinated,cumulative_fully_vaccinated,pct_age12pop_fully_vaccinated,at_least_one_dose,cumulative_at_least_one_dose,pct_age12pop_at_least_one_dose,age12_population
1,2020-12-15,153,153,153,153,0,0,0,0,153,153,1.8e-05,0,0,0.0,153,153,1.8e-05,8700223
1,2020-12-16,1261,1414,1261,1414,0,0,0,0,1261,1414,0.000163,0,0,0.0,1261,1414,0.000163,8700223
1,2020-12-17,4165,5579,4165,5579,0,0,0,0,4167,5581,0.000641,0,0,0.0,4167,5581,0.000641,8700223
1,2020-12-18,6403,11982,6379,11958,24,24,0,0,6408,11988,0.001378,1,1,0.0,6408,11989,0.001378,8700223
1,2020-12-19,2897,14879,2894,14852,3,27,0,0,2895,14882,0.001711,1,2,0.0,2895,14884,0.001711,8700223
1,2020-12-20,2141,17020,2129,16981,12,39,0,0,2143,17025,0.001957,0,2,0.0,2143,17027,0.001957,8700223
1,2020-12-21,7693,24713,7673,24654,20,59,0,0,7740,24765,0.002846,1,3,0.0,7741,24768,0.002847,8700223
1,2020-12-22,7384,32097,7031,31685,353,412,0,0,7383,32146,0.003695,2,5,1e-06,7383,32151,0.003695,8700223
1,2020-12-23,7940,40037,6658,38343,1282,1694,0,0,7940,40085,0.004607,2,7,1e-06,7941,40092,0.004608,8700223
1,2020-12-24,3316,43353,2363,40706,953,2647,0,0,3314,43399,0.004988,0,7,1e-06,3314,43406,0.004989,8700223
1,2020-12-25,239,43592,155,40861,84,2731,0,0,239,43638,0.005016,0,7,1e-06,239,43645,0.005017,8700223
1,2020-12-26,1375,44967,979,41840,396,3127,0,0,1374,45011,0.005174,1,8,1e-06,1374,45019,0.005174,8700223
1,2020-12-27,881,45848,547,42387,334,3461,0,0,881,45891,0.005275,1,9,1e-06,881,45900,0.005276,8700223
1,2020-12-28,7146,52994,4796,47183,2350,5811,0,0,7143,53034,0.006096,0,9,1e-06,7143,53043,0.006097,8700223
1,2020-12-29,9088,62082,5060,52243,4028,9839,0,0,9083,62115,0.007139,2,11,1e-06,9083,62126,0.007141,8700223
1,2020-12-30,11799,73881,6549,58792,5250,15089,0,0,11795,73907,0.008495,3,14,2e-06,11795,73921,0.008496,8700223
1,2020-12-31,6055,79936,1968,60760,4087,19176,0,0,6052,79955,0.00919,5,19,2e-06,6053,79974,0.009192,8700223
1,2021-01-01,648,80584,264,61024,384,19560,0,0,644,80597,0.009264,2,21,2e-06,644,80618,0.009266,8700223
1,2021-01-02,2940,83524,1776,62800,1164,20724,0,0,2939,83536,0.009602,0,21,2e-06,2939,83557,0.009604,8700223
1,2021-01-03,1064,84588,556,63356,508,21232,0,0,1062,84595,0.009723,3,24,3e-06,1062,84619,0.009726,8700223
1,2021-01-04,7426,92014,3613,66969,3813,25045,0,0,7429,92022,0.010577,2,26,3e-06,7429,92048,0.01058,8700223
1,2021-01-05,11009,103023,5302,72271,5707,30752,0,0,10201,101459,0.011662,790,816,9.4e-05,10227,102275,0.011755,8700223
1,2021-01-06,14178,117201,7095,79366,7083,37835,0,0,12217,111772,0.012847,1922,2738,0.000315,12235,114510,0.013162,8700223
1,2021-01-07,17636,134837,9157,88523,8479,46314,0,0,13123,120485,0.013848,4423,7161,0.000823,13136,127646,0.014672,8700223
1,2021-01-08,20237,155074,10469,98992,9768,56082,0,0,14247,128780,0.014802,5972,13133,0.00151,14267,141913,0.016311,8700223
1,2021-01-09,6711,161785,3424,102416,3287,59369,0,0,4827,131733,0.015141,1878,15011,0.001725,4831,146744,0.016867,8700223
1,2021-01-10,3124,164909,1786,104202,1338,60707,0,0,1917,132457,0.015225,1194,16205,0.001863,1918,148662,0.017087,8700223
1,2021-01-11,18212,183121,11897,116099,6315,67022,0,0,11574,137455,0.015799,6620,22825,0.002623,11618,160280,0.018423,8700223
1,2021-01-12,19268,202389,11030,127129,8238,75260,0,0,13187,144647,0.016626,6042,28867,0.003318,13234,173514,0.019944,8700223
1,2021-01-13,19920,222309,10772,137901,9148,84408,0,0,14730,154234,0.017728,5164,34031,0.003912,14751,188265,0.021639,8700223
1,2021-01-14,22198,244507,9537,147438,12661,97069,0,0,19346,170863,0.019639,2783,36814,0.004231,19412,207677,0.02387,8700223
1,2021-01-15,25299,269806,9269,156707,16030,113099,0,0,23330,192339,0.022107,1925,38739,0.004453,23401,231078,0.02656,8700223
1,2021-01-16,13955,283761,4572,161279,9383,122482,0,0,13053,204504,0.023506,893,39632,0.004555,13058,244136,0.028061,8700223
1,2021-01-17,5211,288972,2044,163323,3167,125649,0,0,4835,208967,0.024019,375,40007,0.004598,4838,248974,0.028617,8700223
1,2021-01-18,14455,303427,8676,171999,5779,131428,0,0,11227,217039,0.024946,3214,43221,0.004968,11286,260260,0.029914,8700223
1,2021-01-19,24837,328264,12948,184947,11889,143317,0,0,19526,231340,0.02659,5283,48504,0.005575,19584,279844,0.032165,8700223
1,2021-01-20,29511,357775,14778,199725,14733,158050,0,0,23531,249020,0.028622,5895,54399,0.006253,23575,303419,0.034875,8700223
1,2021-01-21,31382,389157,14812,214537,16570,174620,0,0,27982,273780,0.031468,3328,57727,0.006635,28088,331507,0.038103,8700223
1,2021-01-22,28524,417681,11357,225894,17167,191787,0,0,26407,298168,0.034271,2050,59777,0.006871,26438,357945,0.041142,8700223
1,2021-01-23,18740,436421,8225,234119,10515,202302,0,0,16768,313005,0.035977,1942,61719,0.007094,16779,374724,0.043071,8700223
1,2021-01-24,6687,443108,4167,238286,2520,204822,0,0,6023,318377,0.036594,656,62375,0.007169,6028,380752,0.043763,8700223
1,2021-01-25,25607,468715,10590,248876,15017,219839,0,0,19738,332409,0.038207,5821,68196,0.007838,19853,400605,0.046045,8700223
1,2021-01-26,28954,497669,13569,262445,15385,235224,0,0,22124,347790,0.039975,6769,74965,0.008616,22150,422755,0.048591,8700223
1,2021-01-27,32826,530495,15625,278070,17201,252425,0,0,24561,364248,0.041867,8192,83157,0.009558,24650,447405,0.051425,8700223
1,2021-01-28,35092,565587,16533,294603,18559,270984,0,0,27998,385353,0.044292,7024,90181,0.010365,28129,475534,0.054658,8700223
1,2021-01-29,33868,599455,16557,311160,17311,288295,0,0,27137,406007,0.046666,6582,96763,0.011122,27236,502770,0.057788,8700223
1,2021-01-30,20226,619681,8751,319911,11475,299770,0,0,17990,421880,0.048491,2203,98966,0.011375,18076,520846,0.059866,8700223
1,2021-01-31,7742,627423,5034,324945,2708,302478,0,0,7014,428178,0.049215,719,99685,0.011458,7017,527863,0.060672,8700223
1,2021-02-01,29255,656678,12618,337563,16637,319115,0,0,21328,441640,0.050762,7876,107561,0.012363,21338,549201,0.063125,8700223
1,2021-02-02,32882,689560,11876,349439,21006,340121,0,0,24530,457947,0.052636,8261,115822,0.013313,24568,573769,0.065949,8700223
1,2021-02-03,39775,729335,15286,364725,24489,364610,0,0,28503,475457,0.054649,11096,126918,0.014588,28606,602375,0.069237,8700223
1,2021-02-04,44258,773593,17235,381960,27023,391633,0,0,31798,495038,0.056899,12333,139251,0.016005,31914,634289,0.072905,8700223
1,2021-02-05,47120,820713,17207,399167,29913,421546,0,0,30707,509609,0.058574,16256,155507,0.017874,30827,665116,0.076448,8700223
1,2021-02-06,26678,847391,10562,409729,16116,437662,0,0,20683,524420,0.060277,5945,161452,0.018557,20756,685872,0.078834,8700223
1,2021-02-07,6331,853722,4077,413806,2254,439916,0,0,4674,527479,0.060628,1634,163086,0.018745,4693,690565,0.079373,8700223
1,2021-02-08,31828,885550,14532,428338,17296,457212,0,0,21139,538138,0.061853,10585,173671,0.019962,21244,711809,0.081815,8700223
1,2021-02-09,38731,924281,17069,445407,21662,478874,0,0,23763,547089,0.062882,14929,188600,0.021678,23880,735689,0.08456,8700223
1,2021-02-10,47523,971804,22222,467629,25301,504175,0,0,26974,553757,0.063649,20403,209003,0.024023,27071,762760,0.087671,8700223
1,2021-02-11,52229,1024033,25543,493172,26686,530861,0,0,31024,564022,0.064828,20884,229887,0.026423,31149,793909,0.091252,8700223
1,2021-02-12,50299,1074332,21656,514828,28643,559504,0,0,28810,571662,0.065707,21315,251202,0.028873,28955,822864,0.09458,8700223
1,2021-02-13,26515,1100847,11542,526370,14973,574477,0,0,15262,575821,0.066185,11184,262386,0.030159,15343,838207,0.096343,8700223
1,2021-02-14,11817,1112664,5589,531959,6228,580705,0,0,6715,577535,0.066382,5071,267457,0.030741,6785,844992,0.097123,8700223
1,2021-02-15,24056,1136720,9450,541409,14606,595311,0,0,14600,582922,0.067001,9330,276787,0.031814,14717,859709,0.098815,8700223
1,2021-02-16,47324,1184044,22560,563969,24764,620075,0,0,27476,590771,0.067903,19754,296541,0.034084,27603,887312,0.101987,8700223
1,2021-02-17,48683,1232727,24678,588647,24005,644080,0,0,26131,594664,0.06835,22391,318932,0.036658,26284,913596,0.105008,8700223
1,2021-02-18,51320,1284047,25721,614368,25599,669679,0,0,26499,596849,0.068602,24560,343492,0.039481,26745,940341,0.108082,8700223
1,2021-02-19,46808,1330855,25368,639736,21440,691119,0,0,26111,602501,0.069251,20525,364017,0.04184,26177,966518,0.111091,8700223
1,2021-02-20,27893,1358748,16936,656672,10957,702076,0,0,15872,606510,0.069712,11950,375967,0.043213,15959,982477,0.112925,8700223
1,2021-02-21,12489,1371237,10719,667391,1770,703846,0,0,7478,609096,0.070009,4945,380912,0.043782,7531,990008,0.113791,8700223
1,2021-02-22,31751,1402988,20807,688198,10944,714790,0,0,18180,613923,0.070564,13463,394375,0.045329,18290,1008298,0.115893,8700223
1,2021-02-23,45975,1448963,22357,710555,23618,738408,0,0,25184,618989,0.071146,20491,414866,0.047685,25557,1033855,0.118831,8700223
1,2021-02-24,55944,1504907,27005,737560,28939,767347,0,0,30709,625172,0.071857,24985,439851,0.050556,31168,1065023,0.122413,8700223
1,2021-02-25,68679,1573586,33371,770931,35308,802655,0,0,42452,642144,0.073808,25986,465837,0.053543,42958,1107981,0.127351,8700223
1,2021-02-26,76708,1650294,35975,806906,40733,843388,0,0,50034,666309,0.076585,26355,492192,0.056572,50520,1158501,0.133158,8700223
1,2021-02-27,52879,1703173,24323,831229,28546,871934,10,10,34646,683222,0.078529,18016,510208,0.058643,34929,1193430,0.137172,8700223
1,2021-02-28,20347,1723520,12098,843327,8247,880181,2,12,14859,692840,0.079635,5387,515595,0.059262,15005,1208435,0.138897,8700223
1,2021-03-01,46534,1770054,21519,864846,24947,905128,68,80,29835,706506,0.081206,16488,532083,0.061157,30154,1238589,0.142363,8700223
1,2021-03-02,65049,1835103,28076,892922,36961,942089,12,92,41358,725028,0.083334,23498,555581,0.063858,42020,1280609,0.147193,8700223
1,2021-03-03,72267,1907370,34392,927314,37843,979932,32,124,43865,741374,0.085213,28165,583746,0.067096,44511,1325120,0.152309,8700223
1,2021-03-04,80224,1987594,37574,964888,42613,1022545,37,161,51348,764654,0.087889,28623,612369,0.070385,51903,1377023,0.158274,8700223
1,2021-03-05,79382,2066976,35822,1000710,43351,1065896,209,370,52848,792141,0.091048,26222,638591,0.073399,53709,1430732,0.164448,8700223
1,2021-03-06,58003,2124979,27506,1028216,29152,1095048,1345,1715,39173,814340,0.0936,18682,657273,0.075547,40881,1471613,0.169147,8700223
1,2021-03-07,21042,2146021,13070,1041286,6774,1101822,1198,2913,15547,825867,0.094925,5467,662740,0.076175,16994,1488607,0.1711,8700223
1,2021-03-08,46261,2192282,22567,1063853,21737,1123559,1957,4870,32346,846704,0.09732,13797,676537,0.077761,34634,1523241,0.175081,8700223
1,2021-03-09,67140,2259422,32515,1096368,32104,1155663,2521,7391,41279,865155,0.099441,25675,702212,0.080712,44126,1567367,0.180153,8700223
1,2021-03-10,74158,2333580,36871,1133239,32774,1188437,4513,11904,45503,887005,0.101952,28505,730717,0.083988,50355,1617722,0.18594,8700223
1,2021-03-11,90379,2423959,41475,1174714,40876,1229313,8028,19932,52432,910212,0.104619,37688,768405,0.08832,60895,1678617,0.19294,8700223
1,2021-03-12,99305,2523264,43853,1218567,43132,1272445,12320,32252,57937,939758,0.108015,41122,809527,0.093047,70668,1749285,0.201062,8700223
1,2021-03-13,65439,2588703,29466,1248033,28253,1300698,7720,39972,41546,965558,0.110981,23747,833274,0.095776,49547,1798832,0.206757,8700223
1,2021-03-14,28032,2616735,14999,1263032,9462,1310160,3571,43543,15693,972742,0.111807,12255,845529,0.097185,19439,1818271,0.208991,8700223
1,2021-03-15,65372,2682107,28792,1291824,29835,1339995,6745,50288,38462,991605,0.113975,26676,872205,0.100251,45539,1863810,0.214226,8700223
1,2021-03-16,85820,2767927,39091,1330915,41073,1381068,5656,55944,53067,1018138,0.117024,32521,904726,0.103989,59054,1922864,0.221013,8700223
1,2021-03-17,93336,2861263,45525,1376440,41266,1422334,6545,62489,59952,1051851,0.120899,33126,937852,0.107796,66839,1989703,0.228696,8700223
1,2021-03-18,99041,2960304,51015,1427455,42302,1464636,5724,68213,59781,1078956,0.124015,38873,976725,0.112264,65978,2055681,0.236279,8700223
1,2021-03-19,104125,3064429,54066,1481521,43841,1508477,6218,74431,60796,1103479,0.126833,42996,1019721,0.117206,67519,2123200,0.24404,8700223
1,2021-03-20,72813,3137242,37194,1518715,30397,1538874,5222,79653,46637,1129631,0.129839,25972,1045693,0.120192,52124,2175324,0.250031,8700223
1,2021-03-21,27436,3164678,19074,1537789,6547,1545421,1815,81468,17043,1138285,0.130834,10289,1055982,0.121374,18943,2194267,0.252208,8700223
1,2021-03-22,59356,3224034,30690,1568479,25388,1570809,3278,84746,39836,1162476,0.133615,19286,1075268,0.123591,43477,2237744,0.257205,8700223
1,2021-03-23,83701,3307735,42595,1611074,37447,1608256,3659,88405,51165,1185483,0.136259,32260,1107528,0.127299,55267,2293011,0.263558,8700223
1,2021-03-24,88655,3396390,44788,1655862,39477,1647733,4390,92795,52698,1207092,0.138743,35628,1143156,0.131394,57237,2350248,0.270137,8700223
1,2021-03-25,97679,3494069,49903,1705765,41883,1689616,5893,98688,53961,1223788,0.140662,43353,1186509,0.136377,60049,2410297,0.277039,8700223
1,2021-03-26,106255,3600324,51777,1757542,48129,1737745,6349,105037,56933,1238436,0.142345,48927,1235436,0.142,63575,2473872,0.284346,8700223
1,2021-03-27,74624,3674948,38490,1796032,31904,1769649,4230,109267,38346,1245171,0.143119,36031,1271467,0.146142,42766,2516638,0.289261,8700223
1,2021-03-28,32919,3707867,21525,1817557,10168,1779817,1226,110493,16458,1246961,0.143325,16340,1287807,0.14802,18130,2534768,0.291345,8700223
1,2021-03-29,68836,3776703,33919,1851476,31748,1811565,3169,113662,37873,1257494,0.144536,30717,1318524,0.151551,41250,2576018,0.296086,8700223
1,2021-03-30,93912,3870615,45878,1897354,41602,1853167,6432,120094,48104,1266531,0.145575,45558,1364082,0.156787,54595,2630613,0.302362,8700223
1,2021-03-31,102235,3972850,53105,1950459,42861,1896028,6269,126363,55991,1282937,0.14746,45888,1409970,0.162061,62294,2692907,0.309522,8700223
1,2021-04-01,113856,4086706,54255,2004714,50740,1946768,8861,135224,57736,1293963,0.148728,55589,1465559,0.168451,66615,2759522,0.317178,8700223
1,2021-04-02,113251,4199957,51694,2056408,51785,1998553,9772,144996,57419,1305976,0.150108,55381,1520940,0.174816,67394,2826916,0.324925,8700223
1,2021-04-03,78586,4278543,39369,2095777,29494,2028047,9723,154719,36802,1310968,0.150682,41577,1562517,0.179595,46569,2873485,0.330277,8700223
1,2021-04-04,23819,4302362,11870,2107647,8463,2036510,3486,158205,9903,1310509,0.150629,13832,1576349,0.181185,13373,2886858,0.331814,8700223
1,2021-04-05,77840,4380202,36968,2144615,31437,2067947,9435,167640,34924,1312328,0.150838,42674,1619023,0.18609,44493,2931351,0.336928,8700223
1,2021-04-06,104858,4485060,49516,2194131,38591,2106538,16751,184391,47364,1319271,0.151636,57157,1676180,0.192659,64100,2995451,0.344296,8700223
1,2021-04-07,112973,4598033,54639,2248770,40600,2147138,17734,202125,50845,1326053,0.152416,61773,1737953,0.19976,68555,3064006,0.352176,8700223
1,2021-04-08,123429,4721462,58302,2307072,43930,2191068,21197,223322,54463,1333207,0.153238,68506,1806459,0.207634,75660,3139666,0.360872,8700223
1,2021-04-09,124682,4846144,56867,2363939,46845,2237913,20970,244292,54596,1339076,0.153913,69687,1876146,0.215643,75556,3215222,0.369556,8700223
1,2021-04-10,97082,4943226,43190,2407129,30969,2268882,22923,267215,38472,1342003,0.154249,58373,1934519,0.222353,61300,3276522,0.376602,8700223
1,2021-04-11,36796,4980022,20445,2427574,9457,2278339,6894,274109,14884,1342037,0.154253,21832,1956351,0.224862,21866,3298388,0.379115,8700223
1,2021-04-12,75376,5055398,33635,2461209,31644,2309983,10097,284206,32001,1341201,0.154157,43054,1999405,0.229811,42218,3340606,0.383968,8700223
1,2021-04-13,98484,5153882,52613,2513822,45534,2355517,337,284543,53127,1349992,0.155168,45031,2044436,0.234987,53822,3394428,0.390154,8700223
1,2021-04-14,105298,5259180,54468,2568290,50749,2406266,81,284624,53414,1352389,0.155443,51469,2095905,0.240902,53866,3448294,0.396345,8700223
1,2021-04-15,106128,5365308,57633,2625923,48403,2454669,92,284716,56136,1359426,0.156252,49372,2145277,0.246577,56409,3504703,0.402829,8700223
1,2021-04-16,111447,5476755,57191,2683114,54165,2508834,91,284807,55489,1359820,0.156297,55380,2200657,0.252943,55774,3560477,0.40924,8700223
1,2021-04-17,83542,5560297,45350,2728464,38180,2547014,12,284819,46489,1369707,0.157434,36781,2237438,0.25717,46668,3607145,0.414604,8700223
1,2021-04-18,30599,5590896,20717,2749181,9875,2556889,7,284826,15286,1369996,0.157467,15216,2252654,0.258919,15505,3622650,0.416386,8700223
1,2021-04-19,67156,5658052,33986,2783167,33155,2590044,15,284841,30179,1363738,0.156747,36581,2289235,0.263124,30323,3652973,0.419871,8700223
1,2021-04-20,88409,5746461,44477,2827644,43907,2633951,25,284866,41047,1358050,0.156094,46961,2336196,0.268521,41273,3694246,0.424615,8700223
1,2021-04-21,97914,5844375,51021,2878665,46789,2680740,104,284970,43562,1348234,0.154965,53733,2389929,0.274697,43917,3738163,0.429663,8700223
1,2021-04-22,97716,5942091,51004,2929669,46693,2727433,19,284989,44626,1340561,0.154084,52539,2442468,0.280736,44866,3783029,0.43482,8700223
1,2021-04-23,103087,6045178,53231,2982900,49828,2777261,28,285017,48860,1336030,0.153563,53659,2496127,0.286904,49128,3832157,0.440467,8700223
1,2021-04-24,76747,6121925,47507,3030407,29212,2806473,28,285045,43142,1346044,0.154714,33421,2529548,0.290745,43435,3875592,0.445459,8700223
1,2021-04-25,27454,6149379,17470,3047877,9968,2816441,16,285061,15612,1350109,0.155181,11705,2541253,0.292091,15770,3891362,0.447272,8700223
1,2021-04-26,66446,6215825,34808,3082685,31230,2847671,408,285469,31358,1347466,0.154877,34746,2575999,0.296084,32103,3923465,0.450961,8700223
1,2021-04-27,81929,6297754,43524,3126209,37099,2884770,1306,286775,35333,1338180,0.15381,46270,2622269,0.301403,36984,3960449,0.455212,8700223
1,2021-04-28,81639,6379393,43352,3169561,36776,2921546,1511,288286,35632,1329927,0.152861,45620,2667889,0.306646,37367,3997816,0.459507,8700223
1,2021-04-29,85145,6464538,46791,3216352,36724,2958270,1630,289916,34506,1316009,0.151262,50224,2718113,0.312419,36306,4034122,0.46368,8700223
1,2021-04-30,92832,6557370,50225,3266577,40704,2998974,1903,291819,38509,1302645,0.149725,53934,2772047,0.318618,40570,4074692,0.468343,8700223
1,2021-05-01,63924,6621294,41126,3307703,21365,3020339,1433,293252,26898,1294460,0.148785,36731,2808778,0.32284,28546,4103238,0.471624,8700223
1,2021-05-02,23529,6644823,16668,3324371,6278,3026617,583,293835,9434,1290530,0.148333,13976,2822754,0.324446,10046,4113284,0.472779,8700223
1,2021-05-03,56516,6701339,31272,3355643,23385,3050002,1859,295694,20430,1277064,0.146785,35806,2858560,0.328562,22340,4135624,0.475347,8700223
1,2021-05-04,76070,6777409,43780,3399423,30190,3080192,2100,297794,27174,1257859,0.144578,48558,2907118,0.334143,29353,4164977,0.478721,8700223
1,2021-05-05,78580,6855989,45527,3444950,30744,3110936,2309,300103,26521,1235098,0.141962,51671,2958789,0.340082,28910,4193887,0.482044,8700223
1,2021-05-06,80234,6936223,48764,3493714,29286,3140222,2184,302287,24926,1207484,0.138788,54877,3013666,0.34639,27263,4221150,0.485177,8700223
1,2021-05-07,83776,7019999,47696,3541410,33883,3174105,2197,304484,27775,1182008,0.13586,55513,3069179,0.35277,30037,4251187,0.48863,8700223
1,2021-05-08,57642,7077641,36189,3577599,19797,3193902,1656,306140,19526,1165522,0.133965,37754,3106933,0.35711,21268,4272455,0.491074,8700223
1,2021-05-09,18378,7096019,13188,3590787,4711,3198613,479,306619,5555,1158861,0.133199,12732,3119665,0.358573,6071,4278526,0.491772,8700223
1,2021-05-10,44456,7140475,22490,3613277,20134,3218747,1832,308451,14770,1146176,0.131741,29378,3149043,0.36195,16693,4295219,0.493691,8700223
1,2021-05-11,63038,7203513,34283,3647560,26595,3245342,2160,310611,20673,1127076,0.129546,42049,3191092,0.366783,22949,4318168,0.496328,8700223
1,2021-05-12,63185,7266698,33576,3681136,27534,3272876,2075,312686,20718,1107827,0.127333,42103,3233195,0.371622,22854,4341022,0.498955,8700223
1,2021-05-13,67501,7334199,39632,3720768,25878,3298754,1991,314677,25672,1094359,0.125785,41415,3274610,0.376382,27947,4368969,0.502167,8700223
1,2021-05-14,77146,7411345,46501,3767269,28227,3326981,2418,317095,31097,1082544,0.124427,45612,3320222,0.381625,33797,4402766,0.506052,8700223
1,2021-05-15,67023,7478368,44008,3811277,21242,3348223,1773,318868,26676,1071058,0.123107,40005,3360227,0.386223,28519,4431285,0.50933,8700223
1,2021-05-16,25158,7503526,18546,3829823,5991,3354214,621,319489,10253,1067205,0.122664,14774,3375001,0.387921,10921,4442206,0.510585,8700223
1,2021-05-17,54661,7558187,33365,3863188,19511,3373725,1785,321274,23114,1060905,0.12194,31253,3406254,0.391513,24953,4467159,0.513453,8700223
1,2021-05-18,65509,7623696,39456,3902644,24209,3397934,1844,323118,28371,1054383,0.12119,36827,3443081,0.395746,30305,4497464,0.516937,8700223
1,2021-05-19,66945,7690641,40789,3943433,24208,3422142,1948,325066,29922,1049628,0.120644,36699,3479780,0.399964,31944,4529408,0.520608,8700223
1,2021-05-20,65157,7755798,37828,3981261,25090,3447232,2239,327305,26773,1040838,0.119633,38004,3517784,0.404333,29214,4558622,0.523966,8700223
1,2021-05-21,70952,7826750,42456,4023717,26608,3473840,1888,329193,29244,1030792,0.118479,41271,3559055,0.409076,31225,4589847,0.527555,8700223
1,2021-05-22,56651,7883401,37272,4060989,17646,3491486,1733,330926,24611,1025492,0.11787,31737,3590792,0.412724,26437,4616284,0.530594,8700223
1,2021-05-23,20591,7903992,14396,4075385,5607,3497093,588,331514,9531,1024690,0.117777,10947,3601739,0.413982,10145,4626429,0.53176,8700223
1,2021-05-24,44380,7948372,24775,4100160,17751,3514844,1854,333368,17955,1018437,0.117059,26144,3627883,0.416987,19891,4646320,0.534046,8700223
1,2021-05-25,51758,8000130,29870,4130030,20162,3535006,1726,335094,21532,1011901,0.116307,29886,3657769,0.420422,23350,4669670,0.53673,8700223
1,2021-05-26,49036,8049166,27791,4157821,19307,3554313,1938,337032,20786,1006745,0.115715,27922,3685691,0.423632,22766,4692436,0.539347,8700223
1,2021-05-27,47583,8096749,26726,4184547,18924,3573237,1933,338965,20365,1002253,0.115199,26904,3712595,0.426724,22412,4714848,0.541923,8700223
1,2021-05-28,53420,8150169,29869,4214416,21688,3594925,1863,340828,23934,999064,0.114832,29113,3741708,0.43007,25924,4740772,0.544902,8700223
1,2021-05-29,30957,8181126,18755,4233171,11222,3606147,980,341808,14684,998684,0.114788,16098,3757806,0.431921,15718,4756490,0.546709,8700223
1,2021-05-30,11741,8192867,7589,4240760,3590,3609737,562,342370,5529,998668,0.114786,6133,3763939,0.432626,6117,4762607,0.547412,8700223
1,2021-05-31,5835,8198702,3321,4244081,2253,3611990,261,342631,2043,997265,0.114625,3719,3767658,0.433053,2316,4764923,0.547678,8700223
1,2021-06-01,46619,8245321,26434,4270515,18598,3630588,1587,344218,17643,987978,0.113558,28581,3796239,0.436338,19294,4784217,0.549896,8700223
1,2021-06-02,40655,8285976,23643,4294158,15490,3646078,1522,345740,16425,982106,0.112883,23902,3820141,0.439085,18030,4802247,0.551968,8700223
1,2021-06-03,42231,8328207,26503,4320661,13983,3660061,1745,347485,16116,974254,0.11198,25790,3845931,0.44205,17938,4820185,0.55403,8700223
1,2021-06-04,51122,8379329,32742,4353403,16545,3676606,1835,349320,18384,962219,0.110597,32330,3878261,0.445766,20295,4840480,0.556363,8700223
1,2021-06-05,40866,8420195,27911,4381314,10935,3687541,2020,351340,14309,952279,0.109455,26324,3904585,0.448791,16384,4856864,0.558246,8700223
1,2021-06-06,13279,8433474,10626,4391940,2134,3689675,519,351859,4565,948799,0.109055,8625,3913210,0.449783,5145,4862009,0.558837,8700223
1,2021-06-07,34418,8467892,23764,4415704,9278,3698953,1376,353235,12304,940658,0.108119,21876,3935086,0.452297,13735,4875744,0.560416,8700223
1,2021-06-08,42558,8510450,29447,4445151,11444,3710397,1667,354902,14808,929764,0.106867,27458,3962544,0.455453,16564,4892308,0.56232,8700223
1,2021-06-09,42524,8552974,29497,4474648,11369,3721766,1658,356560,13853,916989,0.105398,28342,3990886,0.458711,15567,4907875,0.564109,8700223
1,2021-06-10,39598,8592572,26698,4501346,11176,3732942,1724,358284,13569,906624,0.104207,25757,4016643,0.461671,15392,4923267,0.565878,8700223
1,2021-06-11,44940,8637512,29837,4531183,13388,3746330,1715,359999,16075,895964,0.102982,28528,4045171,0.46495,17868,4941135,0.567932,8700223
1,2021-06-12,34355,8671867,24875,4556058,8251,3754581,1229,361228,11297,885725,0.101805,22831,4068002,0.467574,12592,4953727,0.569379,8700223
1,2021-06-13,11721,8683588,8524,4564582,2715,3757296,482,361710,3417,881431,0.101311,8227,4076229,0.46852,3933,4957660,0.569831,8700223
1,2021-06-14,31469,8715057,21218,4585800,8914,3766210,1337,363047,11750,875053,0.100578,19496,4095725,0.470761,13118,4970778,0.571339,8700223
1,2021-06-15,37972,8753029,24912,4610712,11180,3777390,1880,364927,14089,867536,0.099714,23573,4119298,0.47347,16056,4986834,0.573185,8700223
1,2021-06-16,36186,8789215,24500,4635212,9827,3787217,1859,366786,13648,860865,0.098947,22234,4141532,0.476026,15563,5002397,0.574973,8700223
1,2021-06-17,34051,8823266,22526,4657738,9548,3796765,1977,368763,13293,855732,0.098357,20489,4162021,0.478381,15356,5017753,0.576738,8700223
1,2021-06-18,40018,8863284,26009,4683747,11134,3807899,2875,371638,15454,849846,0.097681,24264,4186285,0.48117,18378,5036131,0.578851,8700223
1,2021-06-19,24130,8887414,16750,4700497,6178,3814077,1202,372840,9806,846747,0.097325,14147,4200432,0.482796,11048,5047179,0.580121,8700223
1,2021-06-20,8170,8895584,5983,4706480,1909,3815986,278,373118,3224,845386,0.097168,4874,4205306,0.483356,3513,5050692,0.580524,8700223
1,2021-06-21,21138,8916722,11962,4718442,6974,3822960,2202,375320,10999,848621,0.09754,10015,4215321,0.484507,13250,5063942,0.582047,8700223
1,2021-06-22,31119,8947841,20312,4738754,8631,3831591,2176,377496,12948,845868,0.097224,17940,4233261,0.486569,15187,5079129,0.583793,8700223
1,2021-06-23,29615,8977456,19892,4758646,7884,3839475,1839,379335,12864,844071,0.097017,16526,4249787,0.488469,14729,5093858,0.585486,8700223
1,2021-06-24,28692,9006148,19122,4777768,7886,3847361,1684,381019,12134,841612,0.096735,16342,4266129,0.490347,13883,5107741,0.587082,8700223
1,2021-06-25,32117,9038265,21750,4799518,8942,3856303,1425,382444,14045,839321,0.096471,17816,4283945,0.492395,15525,5123266,0.588866,8700223
1,2021-06-26,22702,9060967,16862,4816380,4988,3861291,852,383296,9885,837427,0.096254,12678,4296623,0.493852,10784,5134050,0.590106,8700223
1,2021-06-27,9289,9070256,6927,4823307,1924,3863215,438,383734,4111,836889,0.096192,5105,4301728,0.494439,4567,5138617,0.59063,8700223
1,2021-06-28,21524,9091780,16000,4839307,4260,3867475,1264,384998,9972,836832,0.096185,11339,4313067,0.495742,11282,5149899,0.591927,8700223
1,2021-06-29,27338,9119118,18737,4858044,7200,3874675,1401,386399,12128,835409,0.096022,15013,4328080,0.497468,13590,5163489,0.593489,8700223
1,2021-06-30,26715,9145833,18519,4876563,7120,3881795,1076,387475,12761,835597,0.096043,13724,4341804,0.499045,13912,5177401,0.595088,8700223
1,2021-07-01,24423,9170256,16981,4893544,6130,3887925,1312,388787,11322,835391,0.096019,12915,4354719,0.50053,12709,5190110,0.596549,8700223
1,2021-07-02,27367,9197623,18820,4912364,7485,3895410,1062,389849,12793,834972,0.095971,14355,4369074,0.50218,13936,5204046,0.598151,8700223
1,2021-07-03,15111,9212734,10570,4922934,4081,3899491,460,390309,7202,834899,0.095963,7767,4376841,0.503072,7694,5211740,0.599035,8700223
1,2021-07-04,1305,9214039,736,4923670,501,3899992,68,390377,637,834952,0.095969,657,4377498,0.503148,710,5212450,0.599117,8700223
1,2021-07-05,11311,9225350,7830,4931500,3114,3903106,367,390744,5388,834906,0.095964,5848,4383346,0.50382,5802,5218252,0.599784,8700223
1,2021-07-06,27996,9253346,19793,4951293,7042,3910148,1161,391905,11196,830773,0.095489,16592,4399938,0.505727,12459,5230711,0.601216,8700223
1,2021-07-07,24398,9277744,17107,4968400,6112,3916260,1179,393084,10500,828836,0.095266,13701,4413639,0.507302,11764,5242475,0.602568,8700223
1,2021-07-08,23355,9301099,16196,4984596,6049,3922309,1110,394194,10054,826992,0.095054,13093,4426732,0.508807,11249,5253724,0.603861,8700223
1,2021-07-09,27610,9328709,19535,5004131,6894,3929203,1181,395375,12481,825770,0.094914,14943,4441675,0.510524,13721,5267445,0.605438,8700223
1,2021-07-10,18261,9346970,13184,5017315,4297,3933500,780,396155,8156,824785,0.0948,9970,4451645,0.51167,8985,5276430,0.606471,8700223
1,2021-07-11,6845,9353815,5004,5022319,1633,3935133,208,396363,3314,824845,0.094807,3480,4455125,0.51207,3540,5279970,0.606878,8700223
1,2021-07-12,20529,9374344,14758,5037077,4864,3939997,907,397270,9113,823694,0.094675,11266,4466391,0.513365,10115,5290085,0.60804,8700223
1,2021-07-13,22809,9397153,15919,5052996,6063,3946060,827,398097,10687,823334,0.094634,11961,4478352,0.51474,11601,5301686,0.609374,8700223
1,2021-07-14,22759,9419912,15654,5068650,6110,3952170,995,399092,10278,822399,0.094526,12318,4490670,0.516156,11383,5313069,0.610682,8700223
1,2021-07-15,22241,9442153,15765,5084415,5739,3957909,737,399829,10808,822776,0.09457,11275,4501945,0.517452,11652,5324721,0.612021,8700223
1,2021-07-16,27281,9469434,19057,5103472,7210,3965119,1014,400843,13524,823821,0.09469,13577,4515522,0.519012,14622,5339343,0.613702,8700223
1,2021-07-17,18942,9488376,13704,5117176,4530,3969649,708,401551,9346,824454,0.094762,9457,4524979,0.520099,10090,5349433,0.614862,8700223
1,2021-07-18,7541,9495917,5563,5122739,1692,3971341,286,401837,3855,824986,0.094824,3626,4528605,0.520516,4158,5353591,0.61534,8700223
1,2021-07-19,21144,9517061,15315,5138054,4986,3976327,843,402680,10592,826107,0.094952,10411,4539016,0.521713,11532,5365123,0.616665,8700223
1,2021-07-20,25342,9542403,17526,5155580,6915,3983242,901,403581,13056,828061,0.095177,12094,4551110,0.523103,14048,5379171,0.61828,8700223
1,2021-07-21,25663,9568066,18020,5173600,6420,3989662,1223,404804,13134,830180,0.095421,12355,4563465,0.524523,14474,5393645,0.619943,8700223
1,2021-07-22,24804,9592870,17563,5191163,6392,3996054,849,405653,13527,833570,0.09581,11077,4574542,0.525796,14467,5408112,0.621606,8700223
1,2021-07-23,29542,9622412,20906,5212069,7609,4003663,1027,406680,16466,838265,0.09635,12870,4587412,0.527275,17565,5425677,0.623625,8700223
1,2021-07-24,18415,9640827,13015,5225084,4822,4008485,578,407258,10821,842219,0.096804,7471,4594883,0.528134,11425,5437102,0.624938,8700223
1,2021-07-25,7599,9648426,5464,5230548,2018,4010503,117,407375,5662,846129,0.097254,1889,4596772,0.528351,5799,5442901,0.625605,8700223
1,2021-07-26,21830,9670256,15112,5245660,5953,4016456,765,408140,14123,853524,0.098104,7563,4604335,0.52922,14958,5457859,0.627324,8700223
1,2021-07-27,27513,9697769,19685,5265345,6877,4023333,951,409091,16219,859637,0.098806,11111,4615446,0.530497,17224,5475083,0.629304,8700223
1,2021-07-28,28483,9726252,20213,5285558,7382,4030715,888,409979,17477,867262,0.099683,10812,4626258,0.53174,18437,5493520,0.631423,8700223
1,2021-07-29,27100,9753352,19250,5304808,7051,4037766,799,410778,16962,875123,0.100586,9963,4636221,0.532885,17824,5511344,0.633472,8700223
1,2021-07-30,31569,9784921,22602,5327410,8054,4045820,913,411691,19301,883333,0.10153,12041,4648262,0.534269,20251,5531595,0.635799,8700223
1,2021-07-31,20172,9805093,14663,5342073,4967,4050787,542,412233,12533,888962,0.102177,7473,4655735,0.535128,13102,5544697,0.637305,8700223
1,2021-08-01,8929,9814022,6730,5348803,2073,4052860,126,412359,6114,892467,0.10258,2762,4658497,0.535446,6267,5550964,0.638025,8700223
1,2021-08-02,25249,9839271,18789,5367592,5739,4058599,721,413080,16424,901003,0.103561,8655,4667152,0.536441,17191,5568155,0.640001,8700223
1,2021-08-03,29043,9868314,21042,5388634,7043,4065642,958,414038,18225,909592,0.104548,10628,4677780,0.537662,19217,5587372,0.64221,8700223
1,2021-08-04,27888,9896202,20286,5408920,6717,4072359,885,414923,17706,918258,0.105544,9971,4687751,0.538808,18637,5606009,0.644352,8700223
1,2021-08-05,27743,9923945,20355,5429275,6471,4078830,917,415840,17495,926658,0.10651,10034,4697785,0.539961,18434,5624443,0.646471,8700223
1,2021-08-06,34253,9958198,25250,5454525,8018,4086848,985,416825,21403,936482,0.107639,12606,4710391,0.54141,22430,5646873,0.649049,8700223
1,2021-08-07,21958,9980156,16494,5471019,4894,4091742,570,417395,13686,942607,0.108343,8145,4718536,0.542347,14270,5661143,0.650689,8700223
1,2021-08-08,10548,9990704,7711,5478730,2634,4094376,203,417598,6858,946055,0.108739,3623,4722159,0.542763,7071,5668214,0.651502,8700223
1,2021-08-09,28183,10018887,21147,5499877,6216,4100592,820,418418,17451,953823,0.109632,10538,4732697,0.543974,18306,5686520,0.653606,8700223
1,2021-08-10,29756,10048643,21914,5521791,6963,4107555,879,419297,17781,960772,0.110431,11768,4744465,0.545327,18717,5705237,0.655758,8700223
1,2021-08-11,27513,10076156,20343,5542134,6244,4113799,926,420223,16308,967038,0.111151,10993,4755458,0.54659,17259,5722496,0.657741,8700223
1,2021-08-12,29015,10105171,20897,5563031,7068,4120867,1050,421273,17306,974003,0.111951,11416,4766874,0.547903,18381,5740877,0.659854,8700223
1,2021-08-13,36588,10141759,26580,5589611,8910,4129777,1098,422371,21352,981580,0.112822,14917,4781791,0.549617,22494,5763371,0.662439,8700223
1,2021-08-14,24218,10165977,18387,5607998,5265,4135042,566,422937,13909,986224,0.113356,9848,4791639,0.550749,14492,5777863,0.664105,8700223
1,2021-08-15,10693,10176670,7891,5615889,2637,4137679,165,423102,6207,988433,0.11361,4185,4795824,0.55123,6394,5784257,0.66484,8700223
1,2021-08-16,29342,10206012,20841,5636730,7711,4145390,790,423892,16199,993209,0.114159,12243,4808067,0.552637,17019,5801276,0.666796,8700223
1,2021-08-17,31952,10237964,22668,5659398,8338,4153728,946,424838,16806,996805,0.114572,14194,4822261,0.554269,17790,5819066,0.668841,8700223
1,2021-08-18,32172,10270136,23090,5682488,8174,4161902,908,425746,16422,999650,0.114899,14530,4836791,0.555939,17375,5836441,0.670838,8700223
1,2021-08-19,31412,10301548,22439,5704927,7947,4169849,1026,426772,16095,1002757,0.115256,14052,4850843,0.557554,17159,5853600,0.67281,8700223
1,2021-08-20,38456,10340004,27941,5732868,9550,4179399,965,427737,19543,1005955,0.115624,17340,4868183,0.559547,20538,5874138,0.675171,8700223
1,2021-08-21,23289,10363293,17423,5750291,5289,4184688,577,428314,11422,1006853,0.115727,11119,4879302,0.560825,12017,5886155,0.676552,8700223
1,2021-08-22,11924,10375217,8734,5759025,2989,4187677,201,428515,5995,1007524,0.115804,5539,4884841,0.561462,6210,5892365,0.677266,8700223
1,2021-08-23,31466,10406683,23352,5782377,7346,4195023,768,429283,15209,1008491,0.115916,15079,4899920,0.563195,16046,5908411,0.67911,8700223
1,2021-08-24,31956,10438639,24234,5806611,6886,4201909,836,430119,15158,1008973,0.115971,15575,4915495,0.564985,16057,5924468,0.680956,8700223
1,2021-08-25,31788,10470427,24127,5830738,6918,4208827,743,430862,14909,1009046,0.115979,15636,4931131,0.566782,15709,5940177,0.682761,8700223
1,2021-08-26,31668,10502095,23637,5854375,7134,4215961,897,431759,14991,1009746,0.11606,15235,4946366,0.568533,15935,5956112,0.684593,8700223
1,2021-08-27,39117,10541212,29996,5884371,8298,4224259,823,432582,17822,1008904,0.115963,19562,4965928,0.570782,18720,5974832,0.686745,8700223
1,2021-08-28,24959,10566171,19554,5903925,4975,4229234,430,433012,10865,1006921,0.115735,13327,4979255,0.572313,11344,5986176,0.688049,8700223
1,2021-08-29,12103,10578274,9102,5913027,2855,4232089,146,433158,5606,1006638,0.115703,6067,4985322,0.573011,5784,5991960,0.688713,8700223
1,2021-08-30,29084,10607358,21337,5934364,6815,4238904,932,434090,12555,1004917,0.115505,15264,5000586,0.574765,13543,6005503,0.69027,8700223
1,2021-08-31,29270,10636628,21867,5956231,6637,4245541,766,434856,12438,1002674,0.115247,15493,5016079,0.576546,13250,6018753,0.691793,8700223
1,2021-09-01,28949,10665577,21429,5977660,6717,4252258,803,435659,13085,1002309,0.115205,14328,5030407,0.578193,13963,6032716,0.693398,8700223
1,2021-09-02,27726,10693303,20483,5998143,6515,4258773,728,436387,12077,1001032,0.115058,14126,5044533,0.579817,12849,6045565,0.694875,8700223
1,2021-09-03,34770,10728073,26079,6024222,8033,4266806,658,437045,14465,997688,0.114674,18539,5063072,0.581947,15195,6060760,0.696621,8700223
1,2021-09-04,19789,10747862,15285,6039507,4230,4271036,274,437319,8264,995404,0.114411,10870,5073942,0.583197,8586,6069346,0.697608,8700223
1,2021-09-05,10964,10758826,8184,6047691,2706,4273742,74,437393,5111,995162,0.114384,5452,5079394,0.583823,5210,6074556,0.698207,8700223
1,2021-09-06,6566,10765392,4434,6052125,2076,4275818,56,437449,2841,994568,0.114315,3497,5082891,0.584225,2903,6077459,0.698541,8700223
1,2021-09-07,29552,10794944,22027,6074152,6904,4282722,621,438070,10252,987401,0.113491,18091,5100982,0.586305,10924,6088383,0.699796,8700223
1,2021-09-08,27463,10822407,20324,6094476,6551,4289273,588,438658,11308,984541,0.113163,14815,5115797,0.588008,11955,6100338,0.70117,8700223
1,2021-09-09,26804,10849211,19731,6114207,6444,4295717,629,439287,11078,981861,0.112855,14437,5130234,0.589667,11757,6112095,0.702522,8700223
1,2021-09-10,32431,10881642,23792,6137999,7907,4303624,732,440019,12795,977260,0.112326,18191,5148425,0.591758,13590,6125685,0.704084,8700223
1,2021-09-11,19834,10901476,15073,6153072,4393,4308017,368,440387,7792,974010,0.111952,11450,5159875,0.593074,8200,6133885,0.705026,8700223
1,2021-09-12,5300,10906776,3423,6156495,1764,4309781,113,440500,2339,973685,0.111915,2784,5162659,0.593394,2459,6136344,0.705309,8700223
2,2020-12-15,264,264,264,264,0,0,0,0,264,264,3.1e-05,0,0,0.0,264,264,3.1e-05,8407551
2,2020-12-16,2313,2577,2313,2577,0,0,0,0,2313,2577,0.000307,0,0,0.0,2313,2577,0.000307,8407551
2,2020-12-17,7224,9801,7224,9801,0,0,0,0,7222,9799,0.001165,0,0,0.0,7222,9799,0.001165,8407551
2,2020-12-18,11186,20987,11163,20964,23,23,0,0,11186,20985,0.002496,0,0,0.0,11186,20985,0.002496,8407551
2,2020-12-19,5644,26631,5636,26600,8,31,0,0,5649,26634,0.003168,0,0,0.0,5649,26634,0.003168,8407551
2,2020-12-20,4270,30901,4252,30852,18,49,0,0,4262,30895,0.003675,1,1,0.0,4262,30896,0.003675,8407551
2,2020-12-21,12915,43816,12884,43736,31,80,0,0,12873,43767,0.005206,1,2,0.0,12873,43769,0.005206,8407551
2,2020-12-22,12286,56102,11748,55484,538,618,0,0,12285,56052,0.006667,0,2,0.0,12285,56054,0.006667,8407551
2,2020-12-23,11868,67970,9572,65056,2296,2914,0,0,11866,67916,0.008078,3,5,1e-06,11867,67921,0.008079,8407551
2,2020-12-24,5931,73901,3511,68567,2420,5334,0,0,5930,73844,0.008783,4,9,1e-06,5932,73853,0.008784,8407551
2,2020-12-25,509,74410,423,68990,86,5420,0,0,512,74356,0.008844,0,9,1e-06,512,74365,0.008845,8407551
2,2020-12-26,2600,77010,1677,70667,923,6343,0,0,2600,76954,0.009153,2,11,1e-06,2600,76965,0.009154,8407551
2,2020-12-27,2237,79247,1218,71885,1019,7362,0,0,2235,79187,0.009419,2,13,2e-06,2235,79200,0.00942,8407551
2,2020-12-28,11223,90470,7273,79158,3950,11312,0,0,11223,90405,0.010753,5,18,2e-06,11223,90423,0.010755,8407551
2,2020-12-29,13030,103500,7323,86481,5707,17019,0,0,13036,103440,0.012303,1,19,2e-06,13036,103459,0.012305,8407551
2,2020-12-30,15718,119218,8773,95254,6945,23964,0,0,15711,119148,0.014172,5,24,3e-06,15713,119172,0.014174,8407551
2,2020-12-31,7616,126834,2813,98067,4803,28767,0,0,7607,126750,0.015076,5,29,3e-06,7607,126779,0.015079,8407551
2,2021-01-01,1469,128303,707,98774,762,29529,0,0,1464,128210,0.015249,4,33,4e-06,1464,128243,0.015253,8407551
2,2021-01-02,4891,133194,2783,101557,2108,31637,0,0,4886,133094,0.01583,2,35,4e-06,4886,133129,0.015834,8407551
2,2021-01-03,1442,134636,812,102369,630,32267,0,0,1435,134526,0.016001,3,38,5e-06,1435,134564,0.016005,8407551
2,2021-01-04,11863,146499,5654,108023,6209,38476,0,0,11850,146371,0.017409,5,43,5e-06,11850,146414,0.017415,8407551
2,2021-01-05,14081,160580,7072,115095,7009,45485,0,0,12826,157980,0.01879,1251,1294,0.000154,12860,159274,0.018944,8407551
2,2021-01-06,19287,179867,10636,125731,8651,54136,0,0,15284,169334,0.020141,3945,5239,0.000623,15299,174573,0.020764,8407551
2,2021-01-07,23572,203439,13291,139022,10281,64417,0,0,15751,177276,0.021085,7831,13070,0.001555,15773,190346,0.02264,8407551
2,2021-01-08,27190,230629,16414,155436,10776,75193,0,0,16627,183427,0.021817,10511,23581,0.002805,16662,207008,0.024622,8407551
2,2021-01-09,9926,240555,5814,161250,4112,79305,0,0,6314,186149,0.022141,3604,27185,0.003233,6326,213334,0.025374,8407551
2,2021-01-10,5360,245915,2991,164241,2369,81674,0,0,3091,186966,0.022238,2279,29464,0.003504,3096,216430,0.025742,8407551
2,2021-01-11,26294,272209,18175,182416,8119,89793,0,0,15087,190884,0.022704,11221,40685,0.004839,15139,231569,0.027543,8407551
2,2021-01-12,26669,298878,16564,198980,10105,99898,0,0,16920,198126,0.023565,9772,50457,0.006001,17014,248583,0.029567,8407551
2,2021-01-13,28842,327720,15270,214250,13572,113470,0,0,20797,210929,0.025088,8035,58492,0.006957,20838,269421,0.032045,8407551
2,2021-01-14,30861,358581,11828,226078,19033,132503,0,0,26507,233170,0.027733,4352,62844,0.007475,26593,296014,0.035208,8407551
2,2021-01-15,35446,394027,12905,238983,22541,155044,0,0,32104,262030,0.031166,3340,66184,0.007872,32200,328214,0.039038,8407551
2,2021-01-16,18422,412449,6154,245137,12268,167312,0,0,16999,277596,0.033017,1441,67625,0.008043,17007,345221,0.041061,8407551
2,2021-01-17,10627,423076,3607,248744,7020,174332,0,0,9859,286684,0.034098,782,68407,0.008136,9870,355091,0.042235,8407551
2,2021-01-18,19862,442938,11094,259838,8768,183100,0,0,14991,296855,0.035308,4887,73294,0.008718,15058,370149,0.044026,8407551
2,2021-01-19,33037,475975,17258,277096,15779,198879,0,0,24791,313520,0.03729,8248,81542,0.009699,24913,395062,0.046989,8407551
2,2021-01-20,37861,513836,19031,296127,18830,217709,0,0,29158,334100,0.039738,8676,90218,0.010731,29256,424318,0.050469,8407551
2,2021-01-21,41432,555268,17625,313752,23807,241516,0,0,36766,366426,0.043583,4635,94853,0.011282,36961,461279,0.054865,8407551
2,2021-01-22,39811,595079,16635,330387,23176,264692,0,0,36396,399423,0.047508,3430,98283,0.01169,36427,497706,0.059197,8407551
2,2021-01-23,24404,619483,10839,341226,13565,278257,0,0,21411,417894,0.049705,2971,101254,0.012043,21442,519148,0.061748,8407551
2,2021-01-24,12517,632000,6137,347363,6380,284637,0,0,11571,428555,0.050973,930,102184,0.012154,11591,530739,0.063126,8407551
2,2021-01-25,34234,666234,15718,363081,18516,303153,0,0,25216,444963,0.052924,8964,111148,0.01322,25372,556111,0.066144,8407551
2,2021-01-26,40706,706940,19888,382969,20818,323971,0,0,31287,466955,0.05554,9391,120539,0.014337,31383,587494,0.069877,8407551
2,2021-01-27,46005,752945,22742,405711,23263,347234,0,0,35453,492046,0.058524,10434,130973,0.015578,35525,623019,0.074102,8407551
2,2021-01-28,48458,801403,22551,428262,25907,373141,0,0,39547,522838,0.062187,8842,139815,0.01663,39634,662653,0.078816,8407551
2,2021-01-29,46089,847492,22149,450411,23940,397081,0,0,37125,551217,0.065562,8833,148648,0.01768,37212,699865,0.083242,8407551
2,2021-01-30,31524,879016,13338,463749,18186,415267,0,0,28057,575898,0.068498,3425,152073,0.018088,28106,727971,0.086585,8407551
2,2021-01-31,17296,896312,10203,473952,7093,422360,0,0,16050,590748,0.070264,1224,153297,0.018233,16074,744045,0.088497,8407551
2,2021-02-01,41692,938004,19943,493895,21749,444109,0,0,30371,609913,0.072543,11257,164554,0.019572,30422,774467,0.092116,8407551
2,2021-02-02,48326,986330,19632,513527,28694,472803,0,0,36596,634977,0.075525,11635,176189,0.020956,36699,811166,0.096481,8407551
2,2021-02-03,54439,1040769,23893,537420,30546,503349,0,0,39979,660701,0.078584,14357,190546,0.022664,40081,851247,0.101248,8407551
2,2021-02-04,56712,1097481,24272,561692,32440,535789,0,0,41138,686491,0.081652,15459,206005,0.024502,41249,892496,0.106154,8407551
2,2021-02-05,60721,1158202,26320,588012,34401,570190,0,0,40903,708014,0.084212,19586,225591,0.026832,41109,933605,0.111044,8407551
2,2021-02-06,39623,1197825,18352,606364,21271,591461,0,0,31474,731534,0.087009,8070,233661,0.027792,31590,965195,0.114801,8407551
2,2021-02-07,15805,1213630,10435,616799,5370,596831,0,0,11943,739720,0.087983,3831,237492,0.028247,12017,977212,0.11623,8407551
2,2021-02-08,43331,1256961,21889,638688,21442,618273,0,0,29553,755867,0.089903,13625,251117,0.029868,29772,1006984,0.119771,8407551
2,2021-02-09,49957,1306918,23620,662308,26337,644610,0,0,30718,767949,0.09134,19005,270122,0.032128,31087,1038071,0.123469,8407551
2,2021-02-10,60015,1366933,28026,690334,31989,676599,0,0,34542,777695,0.0925,25180,295302,0.035123,34926,1072997,0.127623,8407551
2,2021-02-11,64789,1431722,29708,720042,35081,711680,0,0,35930,785678,0.093449,28471,323773,0.03851,36454,1109451,0.131959,8407551
2,2021-02-12,66390,1498112,28619,748661,37771,749451,0,0,35386,791040,0.094087,30706,354479,0.042162,36068,1145519,0.136249,8407551
2,2021-02-13,38385,1536497,15967,764628,22418,771869,0,0,22063,797278,0.094829,16210,370689,0.04409,22448,1167967,0.138919,8407551
2,2021-02-14,20235,1556732,9409,774037,10826,782695,0,0,11206,799890,0.095139,8972,379661,0.045157,11584,1179551,0.140297,8407551
2,2021-02-15,33485,1590217,15033,789070,18452,801147,0,0,18513,804455,0.095682,14824,394485,0.04692,19389,1198940,0.142603,8407551
2,2021-02-16,56753,1646970,27743,816813,29010,830157,0,0,29789,808098,0.096116,26839,421324,0.050113,30482,1229422,0.146228,8407551
2,2021-02-17,62111,1709081,31865,848678,30246,860403,0,0,30724,808377,0.096149,31275,452599,0.053832,31554,1260976,0.149981,8407551
2,2021-02-18,66851,1775932,33658,882336,33193,893596,0,0,32439,807856,0.096087,34126,486725,0.057891,33605,1294581,0.153978,8407551
2,2021-02-19,60199,1836131,33230,915566,26969,920565,0,0,29802,808077,0.096113,30181,516906,0.061481,30402,1324983,0.157594,8407551
2,2021-02-20,38054,1874185,24649,940215,13405,933970,0,0,20619,812084,0.09659,17318,534224,0.063541,21325,1346308,0.160131,8407551
2,2021-02-21,21952,1896137,17708,957923,4244,938214,0,0,10836,812761,0.09667,11002,545226,0.06485,11679,1357987,0.16152,8407551
2,2021-02-22,39817,1935954,27153,985076,12664,950878,0,0,18848,811521,0.096523,20802,566028,0.067324,19562,1377549,0.163847,8407551
2,2021-02-23,54259,1990213,27686,1012762,26573,977451,0,0,23752,806982,0.095983,30212,596240,0.070917,25673,1403222,0.1669,8407551
2,2021-02-24,71612,2061825,36727,1049489,34885,1012336,0,0,32688,803417,0.095559,38673,634913,0.075517,35108,1438330,0.171076,8407551
2,2021-02-25,77735,2139560,36700,1086189,41035,1053371,0,0,39337,807533,0.096049,38101,673014,0.080049,42217,1480547,0.176097,8407551
2,2021-02-26,86383,2225943,37011,1123200,49372,1102743,0,0,46321,816348,0.097097,39725,712739,0.084774,48540,1529087,0.181871,8407551
2,2021-02-27,63157,2289100,29290,1152490,33858,1136601,9,9,34173,823155,0.097907,28727,741466,0.08819,35534,1564621,0.186097,8407551
2,2021-02-28,31159,2320259,18659,1171149,12499,1149100,1,10,18054,829102,0.098614,12967,754433,0.089733,18914,1583535,0.188347,8407551
2,2021-03-01,59460,2379719,30914,1202063,28464,1177564,82,92,32493,836308,0.099471,26615,781048,0.092898,33821,1617356,0.192369,8407551
2,2021-03-02,71233,2450952,34172,1236235,37045,1214609,16,108,39823,847332,0.100782,31200,812248,0.096609,42224,1659580,0.197392,8407551
2,2021-03-03,82236,2533188,39592,1275827,42623,1257232,21,129,46349,860715,0.102374,35640,847888,0.100848,49023,1708603,0.203222,8407551
2,2021-03-04,90052,2623240,44113,1319940,45905,1303137,34,163,51429,876256,0.104223,38340,886228,0.105409,53881,1762484,0.209631,8407551
2,2021-03-05,83779,2707019,39312,1359252,44139,1347276,328,491,50698,896877,0.106675,32812,919040,0.109311,53433,1815917,0.215986,8407551
2,2021-03-06,63844,2770863,31070,1390322,31039,1378315,1735,2226,38977,914302,0.108748,24715,943755,0.112251,42140,1858057,0.220999,8407551
2,2021-03-07,28973,2799836,16422,1406744,11000,1389315,1551,3777,18326,924731,0.109988,10576,954331,0.113509,21005,1879062,0.223497,8407551
2,2021-03-08,51413,2851249,23540,1430284,25285,1414600,2588,6365,32238,942141,0.112059,19051,973382,0.115775,36461,1915523,0.227834,8407551
2,2021-03-09,71384,2922633,32512,1462796,34987,1449587,3885,10250,39451,955044,0.113594,31775,1005157,0.119554,44678,1960201,0.233148,8407551
2,2021-03-10,79147,3001780,37342,1500138,35203,1484790,6602,16852,41776,967587,0.115085,37128,1042285,0.12397,49671,2009872,0.239056,8407551
2,2021-03-11,93845,3095625,43205,1543343,42211,1527001,8429,25281,48734,981330,0.11672,44774,1087059,0.129296,58517,2068389,0.246016,8407551
2,2021-03-12,94844,3190469,39142,1582485,43746,1570747,11956,37237,46952,993964,0.118223,47612,1134671,0.134959,60246,2128635,0.253181,8407551
2,2021-03-13,69640,3260109,29067,1611552,32523,1603270,8050,45287,38061,1009893,0.120117,31420,1166091,0.138696,47349,2175984,0.258813,8407551
2,2021-03-14,37237,3297346,18434,1629986,14278,1617548,4525,49812,18683,1015391,0.120771,18435,1184526,0.140888,23933,2199917,0.26166,8407551
2,2021-03-15,67966,3365312,30649,1660635,32275,1649823,5042,54854,37379,1028566,0.122338,30334,1214860,0.144496,43509,2243426,0.266835,8407551
2,2021-03-16,86838,3452150,38462,1699097,44326,1694149,4050,58904,52247,1051616,0.12508,34361,1249221,0.148583,57411,2300837,0.273663,8407551
2,2021-03-17,93511,3545661,44735,1743832,44558,1738707,4218,63122,59162,1081749,0.128664,34041,1283262,0.152632,64174,2365011,0.281296,8407551
2,2021-03-18,98904,3644565,47149,1790981,47061,1785768,4694,67816,59827,1108072,0.131795,38730,1321992,0.157239,65053,2430064,0.289034,8407551
2,2021-03-19,98099,3742664,46590,1837571,45393,1831161,6116,73932,57776,1132463,0.134696,39989,1361981,0.161995,64380,2494444,0.296691,8407551
2,2021-03-20,70331,3812995,33984,1871555,32329,1863490,4018,77950,45715,1158179,0.137755,24359,1386340,0.164892,50075,2544519,0.302647,8407551
2,2021-03-21,33926,3846921,21822,1893377,10085,1873575,2019,79969,20234,1167343,0.138845,13521,1399861,0.1665,22685,2567204,0.305345,8407551
2,2021-03-22,63367,3910288,34901,1928278,25839,1899414,2627,82596,41838,1191441,0.141711,21262,1421123,0.169029,45360,2612564,0.31074,8407551
2,2021-03-23,84508,3994796,44907,1973185,36664,1936078,2937,85533,52239,1215502,0.144573,31952,1453075,0.17283,56013,2668577,0.317402,8407551
2,2021-03-24,92670,4087466,49725,2022910,39733,1975811,3212,88745,53880,1234994,0.146891,38419,1491494,0.177399,57911,2726488,0.32429,8407551
2,2021-03-25,102331,4189797,51621,2074531,46766,2022577,3944,92689,57377,1252523,0.148976,44560,1536054,0.182699,62089,2788577,0.331675,8407551
2,2021-03-26,104588,4294385,52010,2126541,49061,2071638,3517,96206,56746,1266400,0.150627,47421,1583475,0.18834,61298,2849875,0.338966,8407551
2,2021-03-27,76292,4370677,38051,2164592,34902,2106540,3339,99545,37961,1270533,0.151118,38029,1621504,0.192863,42162,2892037,0.343981,8407551
2,2021-03-28,38145,4408822,23582,2188174,13745,2120285,818,100363,20262,1274744,0.151619,17725,1639229,0.194971,21936,2913973,0.34659,8407551
2,2021-03-29,72424,4481246,36793,2224967,33347,2153632,2284,102647,40773,1287400,0.153124,31404,1670633,0.198706,44060,2958033,0.351831,8407551
2,2021-03-30,93029,4574275,45581,2270548,43034,2196666,4414,107061,51816,1303282,0.155013,40976,1711609,0.20358,56858,3014891,0.358593,8407551
2,2021-03-31,102177,4676452,52664,2323212,44359,2241025,5154,112215,57686,1322366,0.157283,44138,1755747,0.20883,63222,3078113,0.366113,8407551
2,2021-04-01,118698,4795150,57228,2380440,52084,2293109,9386,121601,64218,1342362,0.159661,53994,1809741,0.215252,73990,3152103,0.374913,8407551
2,2021-04-02,112470,4907620,51958,2432398,50209,2343318,10303,131904,59897,1360876,0.161864,52127,1861868,0.221452,70641,3222744,0.383315,8407551
2,2021-04-03,77060,4984680,37769,2470167,29400,2372718,9891,141795,38004,1370311,0.162986,38820,1900688,0.226069,48255,3270999,0.389055,8407551
2,2021-04-04,29150,5013830,15011,2485178,10254,2382972,3885,145680,13013,1371209,0.163093,16012,1916700,0.227974,16910,3287909,0.391066,8407551
2,2021-04-05,79839,5093669,39059,2524237,31837,2414809,8943,154623,38264,1377779,0.163874,41367,1958067,0.232894,47937,3335846,0.396768,8407551
2,2021-04-06,104568,5198237,50852,2575089,38897,2453706,14819,169442,49271,1387277,0.165004,54985,2013052,0.239434,64483,3400329,0.404438,8407551
2,2021-04-07,111318,5309555,55464,2630553,39453,2493159,16401,185843,52113,1397121,0.166175,58885,2071937,0.246438,68729,3469058,0.412612,8407551
2,2021-04-08,120114,5429669,57714,2688267,43458,2536617,18942,204785,55559,1407957,0.167463,64155,2136092,0.254068,74991,3544049,0.421532,8407551
2,2021-04-09,119575,5549244,57570,2745837,43726,2580343,18279,223064,56282,1420430,0.168947,62881,2198973,0.261547,75354,3619403,0.430494,8407551
2,2021-04-10,87911,5637155,37859,2783696,31558,2611901,18494,241558,36204,1424327,0.16941,51415,2250388,0.267663,55312,3674715,0.437073,8407551
2,2021-04-11,44742,5681897,23208,2806904,13005,2624906,8529,250087,18306,1425588,0.16956,26273,2276661,0.270788,27534,3702249,0.440348,8407551
2,2021-04-12,80645,5762542,37527,2844431,33626,2658532,9492,259579,35818,1427345,0.169769,44531,2321192,0.276084,46288,3748537,0.445854,8407551
2,2021-04-13,102302,5864844,53094,2897525,48944,2707476,264,259843,55829,1438178,0.171058,46165,2367357,0.281575,56998,3805535,0.452633,8407551
2,2021-04-14,107355,5972199,56204,2953729,51088,2758564,63,259906,54574,1441825,0.171492,52435,2419792,0.287812,56082,3861617,0.459303,8407551
2,2021-04-15,113769,6085968,60367,3014096,53305,2811869,97,260003,59131,1447940,0.172219,54200,2473992,0.294258,60315,3921932,0.466477,8407551
2,2021-04-16,111360,6197328,57924,3072020,53375,2865244,61,260064,56357,1450598,0.172535,54617,2528609,0.300755,57275,3979207,0.47329,8407551
2,2021-04-17,83892,6281220,42697,3114717,41179,2906423,16,260080,46720,1461321,0.173811,36890,2565499,0.305142,47613,4026820,0.478953,8407551
2,2021-04-18,36107,6317327,21960,3136677,14135,2920558,12,260092,17014,1460400,0.173701,18944,2584443,0.307395,18023,4044843,0.481096,8407551
2,2021-04-19,75068,6392395,40349,3177026,34699,2955257,20,260112,33913,1454097,0.172951,40857,2625300,0.312255,34554,4079397,0.485206,8407551
2,2021-04-20,97754,6490149,49417,3226443,48305,3003562,32,260144,46967,1451442,0.172636,50407,2675707,0.31825,47752,4127149,0.490886,8407551
2,2021-04-21,104266,6594415,56426,3282869,47769,3051331,71,260215,48917,1446590,0.172058,54825,2730532,0.324771,49973,4177122,0.49683,8407551
2,2021-04-22,108761,6703176,56194,3339063,52538,3103869,29,260244,47421,1434076,0.17057,60848,2791380,0.332009,48334,4225456,0.502579,8407551
2,2021-04-23,108420,6811596,57792,3396855,50606,3154475,22,260266,49885,1426826,0.169708,58093,2849473,0.338918,50843,4276299,0.508626,8407551
2,2021-04-24,81252,6892848,47778,3444633,33430,3187905,44,260310,42207,1431358,0.170247,38667,2888140,0.343517,43199,4319498,0.513764,8407551
2,2021-04-25,36758,6929606,22647,3467280,14094,3201999,17,260327,19939,1435137,0.170696,16655,2904795,0.345498,20434,4339932,0.516195,8407551
2,2021-04-26,74591,7004197,41303,3508583,32969,3234968,319,260646,34170,1430974,0.170201,40120,2944915,0.35027,35957,4375889,0.520471,8407551
2,2021-04-27,88600,7092797,46711,3555294,40504,3275472,1385,262031,37893,1421224,0.169041,50288,2995203,0.356252,40538,4416427,0.525293,8407551
2,2021-04-28,88606,7181403,47312,3602606,39410,3314882,1884,263915,38911,1413625,0.168138,49316,3044519,0.362117,41717,4458144,0.530255,8407551
2,2021-04-29,91740,7273143,49877,3652483,40134,3355016,1729,265644,35518,1395693,0.166005,55792,3100311,0.368753,37860,4496004,0.534758,8407551
2,2021-04-30,95188,7368331,52580,3705063,40591,3395607,2017,267661,36839,1377363,0.163825,57846,3158157,0.375633,39516,4535520,0.539458,8407551
2,2021-05-01,63064,7431395,38383,3743446,23064,3418671,1617,269278,24567,1366287,0.162507,38132,3196289,0.380169,27056,4562576,0.542676,8407551
2,2021-05-02,29395,7460790,20475,3763921,7942,3426613,978,270256,11142,1360390,0.161806,18106,3214395,0.382322,12209,4574785,0.544128,8407551
2,2021-05-03,60879,7521669,36133,3800054,22667,3449280,2079,272335,20347,1342846,0.159719,40232,3254627,0.387108,22688,4597473,0.546827,8407551
2,2021-05-04,80320,7601989,47961,3848015,29946,3479226,2413,274748,25962,1317623,0.156719,53985,3308612,0.393529,28762,4626235,0.550248,8407551
2,2021-05-05,81017,7683006,48195,3896210,30461,3509687,2361,277109,25224,1290200,0.153457,55373,3363985,0.400115,27950,4654185,0.553572,8407551
2,2021-05-06,83463,7766469,50693,3946903,29838,3539525,2932,280041,25209,1261231,0.150012,57746,3421731,0.406983,28777,4682962,0.556995,8407551
2,2021-05-07,84261,7850730,48678,3995581,33151,3572676,2432,282473,25730,1231744,0.146504,58101,3479832,0.413894,28614,4711576,0.560398,8407551
2,2021-05-08,55962,7906692,33945,4029526,20287,3592963,1730,284203,17440,1213371,0.144319,38274,3518106,0.418446,19901,4731477,0.562765,8407551
2,2021-05-09,21968,7928660,15817,4045343,5400,3598363,751,284954,6318,1205123,0.143338,15549,3533655,0.420295,7301,4738778,0.563634,8407551
2,2021-05-10,50537,7979197,27551,4072894,21092,3619455,1894,286848,14162,1185691,0.141027,36090,3569745,0.424588,16658,4755436,0.565615,8407551
2,2021-05-11,66711,8045908,36157,4109051,28397,3647852,2157,289005,19989,1162141,0.138226,46388,3616133,0.430105,22838,4778274,0.568331,8407551
2,2021-05-12,65606,8111514,34939,4143990,28422,3676274,2245,291250,19240,1138012,0.135356,46030,3662163,0.43558,21901,4800175,0.570936,8407551
2,2021-05-13,71443,8182957,41473,4185463,28011,3704285,1959,293209,26056,1121700,0.133416,45069,3707232,0.440941,28757,4828932,0.574357,8407551
2,2021-05-14,80458,8263415,48209,4233672,29970,3734255,2279,295488,30800,1106155,0.131567,49273,3756505,0.446801,33728,4862660,0.578368,8407551
2,2021-05-15,66938,8330353,43956,4277628,21260,3755515,1722,297210,25896,1093422,0.130052,40761,3797266,0.451649,28028,4890688,0.581702,8407551
2,2021-05-16,31870,8362223,23852,4301480,7087,3762602,931,298141,12951,1088666,0.129487,18774,3816040,0.453882,14018,4904706,0.583369,8407551
2,2021-05-17,58387,8420610,36992,4338472,19429,3782031,1966,300107,22931,1078740,0.128306,35195,3851235,0.458069,25269,4929975,0.586375,8407551
2,2021-05-18,70599,8491209,41283,4379755,27340,3809371,1976,302083,27944,1066849,0.126892,42357,3893592,0.463107,30466,4960441,0.589998,8407551
2,2021-05-19,69456,8560665,41090,4420845,26291,3835662,2075,304158,27412,1055097,0.125494,41707,3935299,0.468067,29955,4990396,0.593561,8407551
2,2021-05-20,70178,8630843,40724,4461569,27255,3862917,2199,306357,26669,1041421,0.123867,43149,3978448,0.473199,29473,5019869,0.597067,8407551
2,2021-05-21,73711,8704554,43551,4505120,27977,3890894,2183,308540,27985,1026818,0.12213,45338,4023786,0.478592,30735,5050604,0.600722,8407551
2,2021-05-22,54029,8758583,34308,4539428,17945,3908839,1776,310316,22517,1020387,0.121366,31268,4055054,0.482311,24837,5075441,0.603677,8407551
2,2021-05-23,24530,8783113,16743,4556171,7063,3915902,724,311040,10283,1017428,0.121014,14110,4069164,0.483989,11151,5086592,0.605003,8407551
2,2021-05-24,45273,8828386,25741,4581912,17743,3933645,1789,312829,17346,1009228,0.120038,27679,4096843,0.487281,19479,5106071,0.60732,8407551
2,2021-05-25,51425,8879811,30139,4612051,19403,3953048,1883,314712,19542,999642,0.118898,31553,4128396,0.491034,21967,5128038,0.609932,8407551
2,2021-05-26,49163,8928974,27558,4639609,19899,3972947,1706,316418,19208,991306,0.117907,29594,4157990,0.494554,21258,5149296,0.612461,8407551
2,2021-05-27,47129,8976103,26736,4666345,18645,3991592,1748,318166,18773,984240,0.117066,28090,4186080,0.497895,21024,5170320,0.614961,8407551
2,2021-05-28,50722,9026825,28054,4694399,20675,4012267,1993,320159,21249,978723,0.11641,29197,4215277,0.501368,23680,5194000,0.617778,8407551
2,2021-05-29,29314,9056139,17555,4711954,10686,4022953,1073,321232,13319,977481,0.116262,15819,4231096,0.50325,14577,5208577,0.619512,8407551
2,2021-05-30,12730,9068869,8203,4720157,3757,4026710,770,322002,5541,976742,0.116174,7116,4238212,0.504096,6377,5214954,0.62027,8407551
2,2021-05-31,5964,9074833,3500,4723657,2158,4028868,306,322308,1860,974920,0.115958,4038,4242250,0.504576,2216,5217170,0.620534,8407551
2,2021-06-01,45310,9120143,26039,4749696,17594,4046462,1677,323985,15737,963489,0.114598,29217,4271467,0.508051,17786,5234956,0.622649,8407551
2,2021-06-02,38674,9158817,22765,4772461,14483,4060945,1426,325411,15128,957085,0.113836,23263,4294730,0.510818,16859,5251815,0.624655,8407551
2,2021-06-03,41948,9200765,27040,4799501,13421,4074366,1487,326898,14141,945548,0.112464,27554,4322284,0.514095,16017,5267832,0.62656,8407551
2,2021-06-04,48781,9249546,31882,4831383,15333,4089699,1566,328464,15769,930723,0.110701,32689,4354973,0.517984,17864,5285696,0.628684,8407551
2,2021-06-05,38261,9287807,27317,4858700,9468,4099167,1476,329940,11896,918409,0.109236,26113,4381086,0.521089,13799,5299495,0.630326,8407551
2,2021-06-06,14989,9302796,12294,4870994,2113,4101280,582,330522,4656,913578,0.108662,10266,4391352,0.52231,5435,5304930,0.630972,8407551
2,2021-06-07,33582,9336378,23512,4894506,8781,4110061,1289,331811,10989,903674,0.107484,22420,4413772,0.524977,12516,5317446,0.632461,8407551
2,2021-06-08,40783,9377161,28843,4923349,10563,4120624,1377,333188,12493,889897,0.105845,28031,4441803,0.528311,14254,5331700,0.634156,8407551
2,2021-06-09,38294,9415455,26743,4950092,10049,4130673,1502,334690,11568,876774,0.104284,26516,4468319,0.531465,13393,5345093,0.635749,8407551
2,2021-06-10,38056,9453511,26476,4976568,10043,4140716,1537,336227,11650,864239,0.102793,26204,4494523,0.534582,13669,5358762,0.637375,8407551
2,2021-06-11,41750,9495261,27739,5004307,12329,4153045,1682,337909,13368,851491,0.101277,28102,4522625,0.537924,15354,5374116,0.639201,8407551
2,2021-06-12,29813,9525074,21968,5026275,6924,4159969,921,338830,8730,840443,0.099963,20934,4543559,0.540414,9886,5384002,0.640377,8407551
2,2021-06-13,12281,9537355,8973,5035248,2684,4162653,624,339454,3121,835265,0.099347,9092,4552651,0.541495,3914,5387916,0.640842,8407551
2,2021-06-14,30252,9567607,21480,5056728,7552,4170205,1220,340674,10443,827508,0.098424,19624,4572275,0.54383,11867,5399783,0.642254,8407551
2,2021-06-15,36079,9603686,24060,5080788,9953,4180158,2066,342740,12127,818415,0.097343,23661,4595936,0.546644,14568,5414351,0.643987,8407551
2,2021-06-16,33453,9637139,23120,5103908,8520,4188678,1813,344553,11562,810403,0.09639,21705,4617641,0.549225,13693,5428044,0.645615,8407551
2,2021-06-17,31109,9668248,20773,5124681,8528,4197206,1808,346361,10991,803480,0.095566,19929,4637570,0.551596,13006,5441050,0.647162,8407551
2,2021-06-18,34851,9703099,22969,5147650,9998,4207204,1884,348245,12605,796200,0.094701,22023,4659593,0.554215,14743,5455793,0.648916,8407551
2,2021-06-19,21030,9724129,14655,5162305,5112,4212316,1263,349508,7927,792651,0.094278,12937,4672530,0.555754,9388,5465181,0.650032,8407551
2,2021-06-20,8317,9732446,5946,5168251,1905,4214221,466,349974,3071,791061,0.094089,5198,4677728,0.556372,3608,5468789,0.650462,8407551
2,2021-06-21,19389,9751835,11875,5180126,6185,4220406,1329,351303,9882,793072,0.094329,9381,4687109,0.557488,11392,5480181,0.651817,8407551
2,2021-06-22,26951,9778786,18456,5198582,7110,4227516,1385,352688,10522,789001,0.093844,16253,4703362,0.559421,12182,5492363,0.653265,8407551
2,2021-06-23,25983,9804769,17929,5216511,6421,4233937,1633,354321,10514,786126,0.093502,15317,4718679,0.561243,12442,5504805,0.654745,8407551
2,2021-06-24,25475,9830244,17346,5233857,6598,4240535,1531,355852,10461,783491,0.093189,14858,4733537,0.56301,12223,5517028,0.656199,8407551
2,2021-06-25,28918,9859162,19595,5253452,7820,4248355,1503,357355,12009,780501,0.092833,16743,4750280,0.565002,13753,5530781,0.657835,8407551
2,2021-06-26,18769,9877931,13822,5267274,4010,4252365,937,358292,7634,778287,0.09257,11041,4761321,0.566315,8827,5539608,0.658885,8407551
2,2021-06-27,8888,9886819,6788,5274062,1650,4254015,450,358742,3573,777178,0.092438,5256,4766577,0.56694,4147,5543755,0.659378,8407551
2,2021-06-28,20008,9906827,15199,5289261,3559,4257574,1250,359992,8826,776408,0.092347,11042,4777619,0.568253,10272,5554027,0.6606,8407551
2,2021-06-29,22970,9929797,16003,5305264,5885,4263459,1082,361074,9853,774604,0.092132,12974,4790593,0.569796,11170,5565197,0.661928,8407551
2,2021-06-30,22248,9952045,15782,5321046,5432,4268891,1034,362108,9955,773684,0.092023,12138,4802731,0.57124,11218,5576415,0.663263,8407551
2,2021-07-01,20172,9972217,14259,5335305,5012,4273903,901,363009,8973,772705,0.091906,11057,4813788,0.572555,10078,5586493,0.664461,8407551
2,2021-07-02,23193,9995410,16007,5351312,6154,4280057,1032,364041,10280,771479,0.09176,12742,4826530,0.574071,11516,5598009,0.665831,8407551
2,2021-07-03,12680,10008090,9141,5360453,3062,4283119,477,364518,5812,771122,0.091718,6769,4833299,0.574876,6412,5604421,0.666594,8407551
2,2021-07-04,1021,10009111,599,5361052,355,4283474,67,364585,438,771079,0.091713,571,4833870,0.574944,528,5604949,0.666657,8407551
2,2021-07-05,11177,10020288,8185,5369237,2582,4286056,410,364995,5139,770796,0.091679,5961,4839831,0.575653,5678,5610627,0.667332,8407551
2,2021-07-06,24051,10044339,17464,5386701,5571,4291627,1016,366011,9294,766791,0.091203,14587,4854418,0.577388,10582,5621209,0.668591,8407551
2,2021-07-07,20740,10065079,14788,5401489,4841,4296468,1111,367122,8785,765142,0.091007,11806,4866224,0.578792,10157,5631366,0.669799,8407551
2,2021-07-08,19308,10084387,13448,5414937,4806,4301274,1054,368176,8097,763400,0.090799,11098,4877322,0.580112,9356,5640722,0.670911,8407551
2,2021-07-09,22744,10107131,15765,5430702,5708,4306982,1271,369447,9658,761585,0.090583,12943,4890265,0.581652,11128,5651850,0.672235,8407551
2,2021-07-10,14437,10121568,10655,5441357,3093,4310075,689,370136,6381,760851,0.090496,7959,4898224,0.582598,7225,5659075,0.673094,8407551
2,2021-07-11,6587,10128155,4843,5446200,1394,4311469,350,370486,3104,760937,0.090506,3438,4901662,0.583007,3524,5662599,0.673513,8407551
2,2021-07-12,18308,10146463,13456,5459656,3975,4315444,877,371363,7884,759601,0.090347,10300,4911962,0.584232,8964,5671563,0.67458,8407551
2,2021-07-13,19658,10166121,13881,5473537,4890,4320334,887,372250,8814,758806,0.090253,10693,4922655,0.585504,9898,5681461,0.675757,8407551
2,2021-07-14,18830,10184951,13460,5486997,4582,4324916,788,373038,8445,757999,0.090157,10252,4932907,0.586723,9445,5690906,0.67688,8407551
2,2021-07-15,18964,10203915,13745,5500742,4511,4329427,708,373746,8635,757347,0.090079,10211,4943118,0.587938,9559,5700465,0.678017,8407551
2,2021-07-16,22995,10226910,16551,5517293,5609,4335036,835,374581,11020,757570,0.090106,11839,4954957,0.589346,12062,5712527,0.679452,8407551
2,2021-07-17,14447,10241357,10529,5527822,3384,4338420,534,375115,6985,757859,0.09014,7367,4962324,0.590222,7656,5720183,0.680363,8407551
2,2021-07-18,7019,10248376,5246,5533068,1444,4339864,329,375444,3543,758370,0.090201,3432,4965756,0.59063,3943,5724126,0.680832,8407551
2,2021-07-19,18482,10266858,13770,5546838,3961,4343825,751,376195,9170,759278,0.090309,9192,4974948,0.591724,10100,5734226,0.682033,8407551
2,2021-07-20,21063,10287921,15000,5561838,5213,4349038,850,377045,10700,760824,0.090493,10224,4985172,0.59294,11770,5745996,0.683433,8407551
2,2021-07-21,20543,10308464,14960,5576798,4808,4353846,775,377820,10657,762698,0.090716,9755,4994927,0.5941,11629,5757625,0.684816,8407551
2,2021-07-22,20459,10328923,14608,5591406,4980,4358826,871,378691,10926,765283,0.091023,9384,5004311,0.595216,11969,5769594,0.68624,8407551
2,2021-07-23,24630,10353553,17260,5608666,6305,4365131,1065,379756,13409,768893,0.091453,11062,5015373,0.596532,14672,5784266,0.687985,8407551
2,2021-07-24,14911,10368464,10745,5619411,3663,4368794,503,380259,8322,771356,0.091746,6476,5021849,0.597302,8939,5793205,0.689048,8407551
2,2021-07-25,6742,10375206,4968,5624379,1631,4370425,143,380402,4981,774808,0.092156,1713,5023562,0.597506,5165,5798370,0.689662,8407551
2,2021-07-26,19257,10394463,13608,5637987,4861,4375286,788,381190,12199,781002,0.092893,6919,5030481,0.598329,13113,5811483,0.691222,8407551
2,2021-07-27,23058,10417521,16701,5654688,5489,4380775,868,382058,13495,786122,0.093502,9393,5039874,0.599446,14513,5825996,0.692948,8407551
2,2021-07-28,22790,10440311,16306,5670994,5580,4386355,904,382962,13492,791580,0.094151,9125,5048999,0.600531,14583,5840579,0.694683,8407551
2,2021-07-29,21556,10461867,15467,5686461,5175,4391530,914,383876,13028,797294,0.094831,8381,5057380,0.601528,14095,5854674,0.696359,8407551
2,2021-07-30,26388,10488255,18795,5705256,6627,4398157,966,384842,15807,803889,0.095615,10380,5067760,0.602763,16975,5871649,0.698378,8407551
2,2021-07-31,15847,10504102,11680,5716936,3657,4401814,510,385352,9607,808031,0.096108,6112,5073872,0.60349,10254,5881903,0.699598,8407551
2,2021-08-01,8102,10512204,6232,5723168,1698,4403512,172,385524,5308,810852,0.096443,2724,5076596,0.603814,5545,5887448,0.700257,8407551
2,2021-08-02,21436,10533640,16106,5739274,4557,4408069,773,386297,13593,817632,0.09725,7701,5084297,0.60473,14481,5901929,0.70198,8407551
2,2021-08-03,24217,10557857,17661,5756935,5527,4413596,1029,387326,15053,824832,0.098106,9012,5093309,0.605802,16212,5918141,0.703908,8407551
2,2021-08-04,22890,10580747,16947,5773882,5050,4418646,893,388219,14228,831540,0.098904,8510,5101819,0.606814,15218,5933359,0.705718,8407551
2,2021-08-05,23297,10604044,17078,5790960,5262,4423908,957,389176,14428,838341,0.099713,8697,5110516,0.607848,15498,5948857,0.707561,8407551
2,2021-08-06,27880,10631924,20441,5811401,6443,4430351,996,390172,17005,845780,0.100598,10689,5121205,0.60912,18128,5966985,0.709717,8407551
2,2021-08-07,17020,10648944,12650,5824051,3757,4434108,613,390785,10449,850465,0.101155,6458,5127663,0.609888,11143,5978128,0.711043,8407551
2,2021-08-08,9387,10658331,7107,5831158,2051,4436159,229,391014,5863,853163,0.101476,3438,5131101,0.610297,6136,5984264,0.711773,8407551
2,2021-08-09,23479,10681810,18000,5849158,4706,4440865,773,391787,14214,859181,0.102192,9099,5140200,0.611379,15117,5999381,0.713571,8407551
2,2021-08-10,24656,10706466,18167,5867325,5625,4446490,864,392651,14505,864722,0.102851,9967,5150167,0.612564,15508,6014889,0.715415,8407551
2,2021-08-11,22231,10728697,16596,5883921,4717,4451207,918,393569,12920,869529,0.103422,9129,5159296,0.61365,13936,6028825,0.717073,8407551
2,2021-08-12,23969,10752666,17109,5901030,5764,4456971,1096,394665,13967,874907,0.104062,9788,5169084,0.614814,15166,6043991,0.718877,8407551
2,2021-08-13,30165,10782831,21815,5922845,7281,4464252,1069,395734,17443,881197,0.10481,12357,5181441,0.616284,18647,6062638,0.721094,8407551
2,2021-08-14,18996,10801827,14013,5936858,4458,4468710,525,396259,10712,884882,0.105248,7694,5189135,0.617199,11379,6074017,0.722448,8407551
2,2021-08-15,9852,10811679,7399,5944257,2257,4470967,196,396455,5416,886565,0.105449,4001,5193136,0.617675,5684,6079701,0.723124,8407551
2,2021-08-16,24937,10836616,17652,5961909,6437,4477404,848,397303,13015,889912,0.105847,10671,5203807,0.618944,14018,6093719,0.724791,8407551
2,2021-08-17,26136,10862752,18504,5980413,6685,4484089,947,398250,12965,892253,0.106125,11705,5215512,0.620337,14046,6107765,0.726462,8407551
2,2021-08-18,26440,10889192,18781,5999194,6750,4490839,909,399159,12945,894507,0.106393,11749,5227261,0.621734,14003,6121768,0.728127,8407551
2,2021-08-19,26271,10915463,18167,6017361,7070,4497909,1034,400193,13061,897369,0.106734,11364,5238625,0.623086,14226,6135994,0.729819,8407551
2,2021-08-20,32643,10948106,22922,6040283,8665,4506574,1056,401249,15345,899048,0.106933,14873,5253498,0.624855,16552,6152546,0.731788,8407551
2,2021-08-21,19170,10967276,14142,6054425,4469,4511043,559,401808,9139,899948,0.10704,8934,5262432,0.625917,9834,6162380,0.732958,8407551
2,2021-08-22,10746,10978022,7953,6062378,2579,4513622,214,402022,5309,900690,0.107129,4859,5267291,0.626495,5601,6167981,0.733624,8407551
2,2021-08-23,26923,11004945,19695,6082073,6497,4520119,731,402753,12623,901805,0.107261,12488,5279779,0.627981,13603,6181584,0.735242,8407551
2,2021-08-24,27529,11032474,20490,6102563,6159,4526278,880,403633,12193,901645,0.107242,13450,5293229,0.62958,13290,6194874,0.736823,8407551
2,2021-08-25,26465,11058939,20066,6122629,5655,4531933,744,404377,12070,902049,0.10729,12624,5305853,0.631082,13028,6207902,0.738372,8407551
2,2021-08-26,26538,11085477,19780,6142409,5932,4537865,826,405203,11868,902196,0.107308,12745,5318598,0.632598,12892,6220794,0.739906,8407551
2,2021-08-27,32626,11118103,24225,6166634,7486,4545351,915,406118,13579,900521,0.107109,16454,5335052,0.634555,14779,6235573,0.741663,8407551
2,2021-08-28,19199,11137302,14662,6181296,4168,4549519,369,406487,8147,899377,0.106973,9847,5344899,0.635726,8703,6244276,0.742699,8407551
2,2021-08-29,11150,11148452,8522,6189818,2476,4551995,152,406639,4809,898761,0.106899,5702,5350601,0.636404,5086,6249362,0.743303,8407551
2,2021-08-30,25881,11174333,19305,6209123,5894,4557889,682,407321,10595,897035,0.106694,13266,5363867,0.637982,11540,6260902,0.744676,8407551
2,2021-08-31,25502,11199835,18582,6227705,6213,4564102,707,408028,10305,895286,0.106486,13005,5376872,0.639529,11256,6272158,0.746015,8407551
2,2021-09-01,24798,11224633,18071,6245776,6018,4570120,709,408737,10717,895104,0.106464,11837,5388709,0.640937,11655,6283813,0.747401,8407551
2,2021-09-02,23968,11248601,17216,6262992,6091,4576211,661,409398,9781,893884,0.106319,11849,5400558,0.642346,10629,6294442,0.748665,8407551
2,2021-09-03,30431,11279032,22111,6285103,7590,4583801,730,410128,11671,890635,0.105933,15876,5416434,0.644234,12627,6307069,0.750167,8407551
2,2021-09-04,16602,11295634,12597,6297700,3747,4587548,258,410386,6717,888942,0.105731,8829,5425263,0.645285,7136,6314205,0.751016,8407551
2,2021-09-05,9776,11305410,7339,6305039,2372,4589920,65,410451,4470,888814,0.105716,4752,5430015,0.64585,4624,6318829,0.751566,8407551
2,2021-09-06,5045,11310455,3428,6308467,1579,4591499,38,410489,2109,888348,0.105661,2663,5432678,0.646167,2197,6321026,0.751827,8407551
2,2021-09-07,24615,11335070,18230,6326697,5683,4597182,702,411191,8228,882927,0.105016,14605,5447283,0.647904,9184,6330210,0.75292,8407551
2,2021-09-08,22706,11357776,16637,6343334,5463,4602645,606,411797,9009,880823,0.104766,11927,5459210,0.649322,9823,6340033,0.754088,8407551
2,2021-09-09,22474,11380250,15891,6359225,5890,4608535,693,412490,8689,878470,0.104486,11917,5471127,0.65074,9564,6349597,0.755226,8407551
2,2021-09-10,26943,11407193,19198,6378423,7039,4615574,706,413196,10063,874657,0.104032,14786,5485913,0.652498,10973,6360570,0.756531,8407551
2,2021-09-11,15935,11423128,11740,6390163,3905,4619479,290,413486,6035,872062,0.103724,9083,5494996,0.653579,6488,6367058,0.757302,8407551
2,2021-09-12,4954,11428082,3321,6393484,1491,4620970,142,413628,2042,871690,0.103679,2598,5497594,0.653888,2226,6369284,0.757567,8407551
3,2020-12-15,340,340,340,340,0,0,0,0,340,340,4.2e-05,0,0,0.0,340,340,4.2e-05,8129050
3,2020-12-16,2553,2893,2553,2893,0,0,0,0,2553,2893,0.000356,0,0,0.0,2553,2893,0.000356,8129050
3,2020-12-17,7983,10876,7983,10876,0,0,0,0,7984,10877,0.001338,0,0,0.0,7984,10877,0.001338,8129050
3,2020-12-18,13628,24504,13607,24483,21,21,0,0,13625,24502,0.003014,0,0,0.0,13625,24502,0.003014,8129050
3,2020-12-19,7302,31806,7290,31773,12,33,0,0,7354,31854,0.003919,2,2,0.0,7354,31856,0.003919,8129050
3,2020-12-20,5712,37518,5697,37470,15,48,0,0,5760,37613,0.004627,1,3,0.0,5760,37616,0.004627,8129050
3,2020-12-21,14546,52064,14517,51987,29,77,0,0,14607,52219,0.006424,1,4,0.0,14607,52223,0.006424,8129050
3,2020-12-22,15048,67112,14431,66418,617,694,0,0,15082,67296,0.008278,5,9,1e-06,15082,67305,0.00828,8129050
3,2020-12-23,15086,82198,12414,78832,2672,3366,0,0,15106,82401,0.010137,2,11,1e-06,15107,82412,0.010138,8129050
3,2020-12-24,6892,89090,4922,83754,1970,5336,0,0,6888,89286,0.010984,3,14,2e-06,6888,89300,0.010985,8129050
3,2020-12-25,748,89838,687,84441,61,5397,0,0,743,90027,0.011075,2,16,2e-06,743,90043,0.011077,8129050
3,2020-12-26,4638,94476,3009,87450,1629,7026,0,0,4636,94663,0.011645,0,16,2e-06,4636,94679,0.011647,8129050
3,2020-12-27,3043,97519,1874,89324,1169,8195,0,0,3042,97705,0.012019,0,16,2e-06,3042,97721,0.012021,8129050
3,2020-12-28,13880,111399,8882,98206,4998,13193,0,0,13893,111589,0.013727,9,25,3e-06,13893,111614,0.01373,8129050
3,2020-12-29,15532,126931,8804,107010,6728,19921,0,0,15556,127142,0.01564,3,28,3e-06,15556,127170,0.015644,8129050
3,2020-12-30,18474,145405,10379,117389,8095,28016,0,0,18479,145619,0.017913,3,31,4e-06,18480,145650,0.017917,8129050
3,2020-12-31,8569,153974,3265,120654,5304,33320,0,0,8569,154186,0.018967,2,33,4e-06,8569,154219,0.018971,8129050
3,2021-01-01,1960,155934,941,121595,1019,34339,0,0,1953,156137,0.019207,2,35,4e-06,1953,156172,0.019212,8129050
3,2021-01-02,5028,160962,2478,124073,2550,36889,0,0,5025,161161,0.019825,1,36,4e-06,5025,161197,0.01983,8129050
3,2021-01-03,1648,162610,868,124941,780,37669,0,0,1639,162798,0.020027,2,38,5e-06,1639,162836,0.020031,8129050
3,2021-01-04,12223,174833,6071,131012,6152,43821,0,0,12191,174979,0.021525,10,48,6e-06,12191,175027,0.021531,8129050
3,2021-01-05,16002,190835,8314,139326,7688,51509,0,0,14281,187593,0.023077,1701,1749,0.000215,14315,189342,0.023292,8129050
3,2021-01-06,20840,211675,11056,150382,9784,61293,0,0,16156,199122,0.024495,4638,6387,0.000786,16167,205509,0.025281,8129050
3,2021-01-07,26921,238596,15389,165771,11532,72825,0,0,17313,206884,0.02545,9572,15959,0.001963,17334,222843,0.027413,8129050
3,2021-01-08,30980,269576,18902,184673,12078,84903,0,0,18289,212537,0.026145,12666,28625,0.003521,18319,241162,0.029667,8129050
3,2021-01-09,12645,282221,7137,191810,5508,90411,0,0,8048,216008,0.026572,4589,33214,0.004086,8060,249222,0.030658,8129050
3,2021-01-10,7290,289511,4522,196332,2768,93179,0,0,4092,216912,0.026684,3195,36409,0.004479,4099,253321,0.031162,8129050
3,2021-01-11,29554,319065,19336,215668,10218,103397,0,0,16712,220848,0.027168,12828,49237,0.006057,16764,270085,0.033225,8129050
3,2021-01-12,33131,352196,19696,235364,13435,116832,0,0,20306,228504,0.02811,12803,62040,0.007632,20459,290544,0.035741,8129050
3,2021-01-13,35118,387314,18335,253699,16783,133615,0,0,24693,242806,0.029869,10418,72458,0.008913,24720,315264,0.038782,8129050
3,2021-01-14,35134,422448,14367,268066,20767,154382,0,0,29136,266065,0.03273,5920,78378,0.009642,29179,344443,0.042372,8129050
3,2021-01-15,39482,461930,14684,282750,24798,179180,0,0,34716,296119,0.036427,4742,83120,0.010225,34796,379239,0.046652,8129050
3,2021-01-16,22081,484011,7522,290272,14559,193739,0,0,19689,313452,0.038559,2380,85500,0.010518,19713,398952,0.049077,8129050
3,2021-01-17,13236,497247,4506,294778,8730,202469,0,0,12135,324505,0.039919,1101,86601,0.010653,12154,411106,0.050572,8129050
3,2021-01-18,25005,522252,13060,307838,11945,214414,0,0,19280,338097,0.041591,5739,92340,0.011359,19331,430437,0.05295,8129050
3,2021-01-19,41641,563893,21234,329072,20407,234821,0,0,32183,360942,0.044401,9430,101770,0.012519,32275,462712,0.056921,8129050
3,2021-01-20,46669,610562,23256,352328,23413,258234,0,0,36854,388116,0.047744,9771,111541,0.013721,36945,499657,0.061466,8129050
3,2021-01-21,48689,659251,21161,373489,27528,285762,0,0,42999,425598,0.052355,5606,117147,0.014411,43088,542745,0.066766,8129050
3,2021-01-22,50304,709555,20058,393547,30246,316008,0,0,45954,467281,0.057483,4346,121493,0.014946,46029,588774,0.072428,8129050
3,2021-01-23,30713,740268,12910,406457,17803,333811,0,0,27369,491383,0.060448,3331,124824,0.015355,27433,616207,0.075803,8129050
3,2021-01-24,18096,758364,8550,415007,9546,343357,0,0,16894,507112,0.062383,1198,126022,0.015503,16927,633134,0.077885,8129050
3,2021-01-25,41398,799762,18452,433459,22946,366303,0,0,31192,528218,0.064979,10182,136204,0.016755,31288,664422,0.081734,8129050
3,2021-01-26,47869,847631,22876,456335,24993,391296,0,0,37463,555408,0.068324,10390,146594,0.018033,37580,702002,0.086357,8129050
3,2021-01-27,52162,899793,24844,481179,27318,418614,0,0,41259,585924,0.072078,10832,157426,0.019366,41348,743350,0.091444,8129050
3,2021-01-28,52782,952575,24469,505648,28313,446927,0,0,43596,620490,0.07633,9094,166520,0.020485,43660,787010,0.096815,8129050
3,2021-01-29,51743,1004318,24742,530390,27001,473928,0,0,41769,652535,0.080272,9781,176301,0.021688,41826,828836,0.10196,8129050
3,2021-01-30,37904,1042222,17851,548241,20053,493981,0,0,33108,681000,0.083774,4741,181042,0.022271,33206,862042,0.106045,8129050
3,2021-01-31,22987,1065209,12951,561192,10036,504017,0,0,21529,701120,0.086249,1438,182480,0.022448,21558,883600,0.108697,8129050
3,2021-02-01,46761,1111970,21383,582575,25378,529395,0,0,35577,725628,0.089264,11116,193596,0.023815,35624,919224,0.113079,8129050
3,2021-02-02,55193,1167163,23033,605608,32160,561555,0,0,42465,755522,0.092941,12626,206222,0.025369,42520,961744,0.11831,8129050
3,2021-02-03,60693,1227856,26983,632591,33710,595265,0,0,45035,785136,0.096584,15499,221721,0.027275,45113,1006857,0.123859,8129050
3,2021-02-04,65108,1292964,28161,660752,36947,632212,0,0,47551,815472,0.100316,17346,239067,0.029409,47682,1054539,0.129725,8129050
3,2021-02-05,71409,1364373,30074,690826,41335,673547,0,0,49163,842867,0.103686,21984,261051,0.032113,49379,1103918,0.135799,8129050
3,2021-02-06,44141,1408514,21115,711941,23026,696573,0,0,34309,867595,0.106728,9780,270831,0.033316,34508,1138426,0.140044,8129050
3,2021-02-07,19960,1428474,12719,724660,7241,703814,0,0,15329,878441,0.108062,4613,275444,0.033884,15459,1153885,0.141946,8129050
3,2021-02-08,52066,1480540,25116,749776,26950,730764,0,0,33998,894711,0.110063,17927,293371,0.036089,34197,1188082,0.146153,8129050
3,2021-02-09,59394,1539934,28783,778559,30611,761375,0,0,34620,905123,0.111344,24571,317942,0.039112,34983,1223065,0.150456,8129050
3,2021-02-10,69081,1609015,32114,810673,36967,798342,0,0,36852,910575,0.112015,31926,349868,0.043039,37378,1260443,0.155054,8129050
3,2021-02-11,71602,1680617,35187,845860,36415,834757,0,0,37884,915700,0.112645,33318,383186,0.047138,38443,1298886,0.159783,8129050
3,2021-02-12,76496,1757113,32928,878788,43568,878325,0,0,42043,924421,0.113718,34103,417289,0.051333,42824,1341710,0.165051,8129050
3,2021-02-13,45574,1802687,20640,899428,24934,903259,0,0,26042,931652,0.114608,19409,436698,0.053721,26640,1368350,0.168328,8129050
3,2021-02-14,27671,1830358,13811,913239,13860,917119,0,0,15313,935150,0.115038,12288,448986,0.055232,15786,1384136,0.17027,8129050
3,2021-02-15,40660,1871018,17524,930763,23136,940255,0,0,22382,940330,0.115675,18161,467147,0.057466,23341,1407477,0.173142,8129050
3,2021-02-16,71115,1942133,33639,964402,37476,977731,0,0,36732,943907,0.116115,34212,501359,0.061675,37789,1445266,0.17779,8129050
3,2021-02-17,72931,2015064,36815,1001217,36116,1013847,0,0,34373,941076,0.115767,38284,539643,0.066385,35453,1480719,0.182152,8129050
3,2021-02-18,78006,2093070,40731,1041948,37275,1051122,0,0,35898,936449,0.115198,41889,581532,0.071538,37262,1517981,0.186735,8129050
3,2021-02-19,70101,2163171,40365,1082313,29736,1080858,0,0,35274,937773,0.115361,34639,616171,0.075799,35963,1553944,0.191159,8129050
3,2021-02-20,43649,2206820,27521,1109834,16128,1096986,0,0,22670,940138,0.115652,20848,637019,0.078363,23213,1577157,0.194015,8129050
3,2021-02-21,24618,2231438,19770,1129604,4848,1101834,0,0,11799,939658,0.115593,12707,649726,0.079926,12227,1589384,0.195519,8129050
3,2021-02-22,48039,2279477,31253,1160857,16786,1118620,0,0,22419,937123,0.115281,25463,675189,0.083059,22928,1612312,0.19834,8129050
3,2021-02-23,64347,2343824,34904,1195761,29443,1148063,0,0,27945,930948,0.114521,36144,711333,0.087505,29969,1642281,0.202026,8129050
3,2021-02-24,80530,2424354,39590,1235351,40940,1189003,0,0,35344,923948,0.11366,44902,756235,0.093029,37902,1680183,0.206689,8129050
3,2021-02-25,90250,2514604,43938,1279289,46312,1235315,0,0,44752,926171,0.113933,45164,801399,0.098585,47387,1727570,0.212518,8129050
3,2021-02-26,101399,2616003,46287,1325576,55112,1290427,0,0,53349,934159,0.114916,47605,849004,0.104441,55593,1783163,0.219357,8129050
3,2021-02-27,71800,2687803,33003,1358579,38792,1329219,5,5,37609,939179,0.115534,33935,882939,0.108615,38955,1822118,0.224149,8129050
3,2021-02-28,41930,2729733,24246,1382825,17679,1346898,5,10,21170,940787,0.115731,20549,903488,0.111143,22157,1844275,0.226875,8129050
3,2021-03-01,71142,2800875,37676,1420501,33402,1380300,64,74,39483,950348,0.116908,31374,934862,0.115003,40935,1885210,0.23191,8129050
3,2021-03-02,82533,2883408,40668,1461169,41849,1422149,16,90,47502,965170,0.118731,34841,969703,0.119289,49663,1934873,0.23802,8129050
3,2021-03-03,92529,2975937,44287,1505456,48201,1470350,41,131,51582,978433,0.120363,40681,1010384,0.124293,53944,1988817,0.244656,8129050
3,2021-03-04,96944,3072881,47432,1552888,49485,1519835,27,158,54728,993574,0.122225,41940,1052324,0.129452,57081,2045898,0.251677,8129050
3,2021-03-05,93424,3166305,45613,1598501,47502,1567337,309,467,56291,1015628,0.124938,36819,1089143,0.133982,58873,2104771,0.25892,8129050
3,2021-03-06,66694,3232999,33791,1632292,30731,1598068,2172,2639,37930,1028599,0.126534,28588,1117731,0.137498,41559,2146330,0.264032,8129050
3,2021-03-07,39704,3272703,22861,1655153,14914,1612982,1929,4568,22335,1036731,0.127534,17285,1135016,0.139625,25417,2171747,0.267159,8129050
3,2021-03-08,60998,3333701,29014,1684167,28940,1641922,3044,7612,38519,1057511,0.13009,22298,1157314,0.142368,43078,2214825,0.272458,8129050
3,2021-03-09,78267,3411968,36120,1720287,37642,1679564,4505,12117,41989,1069030,0.131507,36092,1193406,0.146808,47611,2262436,0.278315,8129050
3,2021-03-10,84417,3496385,41959,1762246,36272,1715836,6186,18303,44012,1080427,0.132909,40152,1233558,0.151747,51549,2313985,0.284656,8129050
3,2021-03-11,98592,3594977,48244,1810490,41632,1757468,8716,27019,48159,1088191,0.133864,50127,1283685,0.157913,57891,2371876,0.291778,8129050
3,2021-03-12,103466,3698443,46233,1856723,45281,1802749,11952,38971,47130,1092244,0.134363,56047,1339732,0.164808,60100,2431976,0.299171,8129050
3,2021-03-13,71320,3769763,30045,1886768,33962,1836711,7313,46284,37536,1104764,0.135903,33616,1373348,0.168943,46136,2478112,0.304846,8129050
3,2021-03-14,41699,3811462,21770,1908538,16344,1853055,3585,49869,20995,1109347,0.136467,20605,1393953,0.171478,25188,2503300,0.307945,8129050
3,2021-03-15,76571,3888033,36318,1944856,35653,1888708,4600,54469,40279,1119150,0.137673,36028,1429981,0.17591,45831,2549131,0.313583,8129050
3,2021-03-16,96034,3984067,44272,1989128,47380,1936088,4382,58851,53848,1136353,0.139789,41898,1471879,0.181064,59101,2608232,0.320853,8129050
3,2021-03-17,99480,4083547,48299,2037427,46578,1982666,4603,63454,60246,1162858,0.14305,38964,1510843,0.185857,65469,2673701,0.328907,8129050
3,2021-03-18,104762,4188309,53225,2090652,46935,2029601,4602,68056,59858,1183252,0.145558,44577,1555420,0.191341,64971,2738672,0.336899,8129050
3,2021-03-19,104541,4292850,56198,2146850,43840,2073441,4503,72559,58096,1200229,0.147647,46128,1601548,0.197015,63105,2801777,0.344662,8129050
3,2021-03-20,72714,4365564,37457,2184307,31512,2104953,3745,76304,44600,1221152,0.150221,27878,1629426,0.200445,48801,2850578,0.350666,8129050
3,2021-03-21,36721,4402285,24920,2209227,10268,2115221,1533,77837,22015,1230606,0.151384,14570,1643996,0.202237,24024,2874602,0.353621,8129050
3,2021-03-22,71280,4473565,41881,2251108,26838,2142059,2561,80398,45157,1253482,0.154198,25841,1669837,0.205416,48717,2923319,0.359614,8129050
3,2021-03-23,90926,4564491,50314,2301422,38021,2180080,2591,82989,55207,1276564,0.157037,35413,1705250,0.209772,58495,2981814,0.36681,8129050
3,2021-03-24,99970,4664461,57543,2358965,39452,2219532,2975,85964,56341,1293259,0.159091,43215,1748465,0.215088,59910,3041724,0.37418,8129050
3,2021-03-25,108735,4773196,60406,2419371,45257,2264789,3072,89036,60641,1309905,0.161139,47694,1796159,0.220956,64340,3106064,0.382094,8129050
3,2021-03-26,112126,4885322,60187,2479558,48534,2313323,3405,92441,57193,1316802,0.161987,54533,1850692,0.227664,61430,3167494,0.389651,8129050
3,2021-03-27,75456,4960778,38391,2517949,34486,2347809,2579,95020,36230,1317311,0.16205,38959,1889651,0.232457,39468,3206962,0.394506,8129050
3,2021-03-28,44886,5005664,28298,2546247,15764,2363573,824,95844,22453,1318946,0.162251,22293,1911944,0.235199,23928,3230890,0.39745,8129050
3,2021-03-29,81887,5087551,42790,2589037,37225,2400798,1872,97716,44337,1328748,0.163457,37264,1949208,0.239783,47066,3277956,0.40324,8129050
3,2021-03-30,101596,5189147,49931,2638968,47936,2448734,3729,101445,56351,1344477,0.165392,44938,1994146,0.245311,60667,3338623,0.410703,8129050
3,2021-03-31,106276,5295423,57314,2696282,44058,2492792,4904,106349,56322,1356371,0.166855,49653,2043799,0.251419,61547,3400170,0.418274,8129050
3,2021-04-01,125310,5420733,63353,2759635,52064,2544856,9893,116242,67033,1375730,0.169236,57773,2101572,0.258526,77132,3477302,0.427762,8129050
3,2021-04-02,119257,5539990,58264,2817899,50507,2595363,10486,126728,62403,1392491,0.171298,56504,2158076,0.265477,73265,3550567,0.436775,8129050
3,2021-04-03,76711,5616701,39254,2857153,28142,2623505,9315,136043,38043,1401627,0.172422,38480,2196556,0.270211,47616,3598183,0.442633,8129050
3,2021-04-04,32681,5649382,17476,2874629,10949,2634454,4256,140299,14206,1401683,0.172429,18380,2214936,0.272472,18436,3616619,0.444901,8129050
3,2021-04-05,90679,5740061,46013,2920642,35287,2669741,9379,149678,43763,1408932,0.173321,46652,2261588,0.278211,53901,3670520,0.451531,8129050
3,2021-04-06,114635,5854696,55803,2976445,43487,2713228,15345,165023,53637,1417853,0.174418,60683,2322271,0.285676,69604,3740124,0.460094,8129050
3,2021-04-07,117395,5972091,60750,3037195,40224,2753452,16421,181444,56395,1430206,0.175938,60688,2382959,0.293141,73041,3813165,0.469079,8129050
3,2021-04-08,122421,6094512,60954,3098149,41131,2794583,20336,201780,56590,1442321,0.177428,65483,2448442,0.301197,77598,3890763,0.478625,8129050
3,2021-04-09,119795,6214307,59749,3157898,40689,2835272,19357,221137,52317,1447594,0.178077,67182,2515624,0.309461,72455,3963218,0.487538,8129050
3,2021-04-10,85207,6299514,38259,3196157,31501,2866773,15447,236584,34624,1448044,0.178132,50354,2565978,0.315655,50804,4014022,0.493787,8129050
3,2021-04-11,45656,6345170,24418,3220575,13117,2879890,8121,244705,17301,1446008,0.177882,28243,2594221,0.31913,26207,4040229,0.497011,8129050
3,2021-04-12,84815,6429985,42810,3263385,33077,2912967,8928,253633,38175,1447802,0.178102,46357,2640578,0.324832,48151,4088380,0.502935,8129050
3,2021-04-13,106354,6536339,57605,3320990,48536,2961503,213,253846,55743,1454327,0.178905,50325,2690903,0.331023,56850,4145230,0.509928,8129050
3,2021-04-14,108535,6644874,59367,3380357,49055,3010558,113,253959,53695,1455087,0.178998,54495,2745398,0.337727,55255,4200485,0.516725,8129050
3,2021-04-15,120196,6765070,67620,3447977,52488,3063046,88,254047,63784,1463758,0.180065,56030,2801428,0.344619,64701,4265186,0.524684,8129050
3,2021-04-16,116377,6881447,65279,3513256,50998,3114044,100,254147,60420,1469342,0.180752,55608,2857036,0.35146,61192,4326378,0.532212,8129050
3,2021-04-17,80114,6961561,43713,3556969,36386,3150430,15,254162,44455,1479395,0.181989,35405,2892441,0.355815,45458,4371836,0.537804,8129050
3,2021-04-18,39174,7000735,23711,3580680,15453,3165883,10,254172,18292,1477855,0.181799,20734,2913175,0.358366,19194,4391030,0.540165,8129050
3,2021-04-19,79666,7080401,44342,3625022,35263,3201146,61,254233,35631,1470279,0.180867,43787,2956962,0.363752,36211,4427241,0.54462,8129050
3,2021-04-20,101382,7181783,53351,3678373,48007,3249153,24,254257,48673,1467636,0.180542,52388,3009350,0.370197,49745,4476986,0.550739,8129050
3,2021-04-21,106678,7288461,59920,3738293,46675,3295828,83,254340,50097,1462778,0.179945,56136,3065486,0.377103,51278,4528264,0.557047,8129050
3,2021-04-22,112760,7401221,63368,3801661,49363,3345191,29,254369,48208,1447845,0.178108,64141,3129627,0.384993,49208,4577472,0.5631,8129050
3,2021-04-23,107074,7508295,61241,3862902,45800,3390991,33,254402,46680,1435591,0.1766,60000,3189627,0.392374,47746,4625218,0.568974,8129050
3,2021-04-24,74539,7582834,45998,3908900,28467,3419458,74,254476,36173,1434793,0.176502,38062,3227689,0.397056,37264,4662482,0.573558,8129050
3,2021-04-25,37250,7620084,23762,3932662,13470,3432928,18,254494,18957,1436059,0.176658,18112,3245801,0.399284,19378,4681860,0.575942,8129050
3,2021-04-26,74663,7694747,42230,3974892,32003,3464931,430,254924,31735,1426963,0.175539,42623,3288424,0.404527,33527,4715387,0.580066,8129050
3,2021-04-27,91832,7786579,48230,4023122,41828,3506759,1774,256698,36253,1410527,0.173517,55241,3343665,0.411323,38805,4754192,0.58484,8129050
3,2021-04-28,87695,7874274,49805,4072927,35728,3542487,2162,258860,35625,1397131,0.171869,51733,3395398,0.417687,38337,4792529,0.589556,8129050
3,2021-04-29,90047,7964321,51420,4124347,36378,3578865,2249,261109,31967,1374144,0.169041,57700,3453098,0.424785,34713,4827242,0.593826,8129050
3,2021-04-30,91594,8055915,51667,4176014,37434,3616299,2493,263602,34000,1353921,0.166553,57184,3510282,0.431819,36961,4864203,0.598373,8129050
3,2021-05-01,56178,8112093,35176,4211190,19506,3635805,1496,265098,20222,1340508,0.164903,35628,3545910,0.436202,22215,4886418,0.601106,8129050
3,2021-05-02,27174,8139267,18549,4229739,7599,3643404,1026,266124,9945,1334473,0.164161,17110,3563020,0.438307,11075,4897493,0.602468,8129050
3,2021-05-03,60379,8199646,35480,4265219,22511,3665915,2388,268512,17505,1311938,0.161389,42610,3605630,0.443549,20075,4917568,0.604938,8129050
3,2021-05-04,78151,8277797,45178,4310397,30276,3696191,2697,271209,22596,1282274,0.15774,55228,3660858,0.450343,25564,4943132,0.608082,8129050
3,2021-05-05,79701,8357498,47830,4358227,29137,3725328,2734,273943,21946,1249885,0.153755,57372,3718230,0.4574,24983,4968115,0.611156,8129050
3,2021-05-06,83964,8441462,53127,4411354,28285,3753613,2552,276495,20592,1210726,0.148938,62848,3781078,0.465132,23689,4991804,0.61407,8129050
3,2021-05-07,83038,8524500,51739,4463093,28640,3782253,2659,279154,21856,1174754,0.144513,60788,3841866,0.472609,24816,5016620,0.617123,8129050
3,2021-05-08,53062,8577562,32899,4495992,18432,3800685,1731,280885,14006,1151994,0.141713,38768,3880634,0.477379,16008,5032628,0.619092,8129050
3,2021-05-09,21131,8598693,15451,4511443,4885,3805570,795,281680,5469,1142770,0.140579,15558,3896192,0.479292,6334,5038962,0.619871,8129050
3,2021-05-10,48486,8647179,26095,4537538,20466,3826036,1925,283605,11176,1119043,0.13766,37083,3933275,0.483854,13356,5052318,0.621514,8129050
3,2021-05-11,64628,8711807,36276,4573814,26114,3852150,2238,285843,16174,1089749,0.134056,48176,3981451,0.489781,18882,5071200,0.623837,8129050
3,2021-05-12,65361,8777168,37565,4611379,25378,3877528,2418,288261,16639,1060709,0.130484,48417,4029868,0.495737,19377,5090577,0.62622,8129050
3,2021-05-13,76009,8853177,47916,4659295,26158,3903686,1935,290196,27683,1042898,0.128293,48057,4077925,0.501648,30246,5120823,0.629941,8129050
3,2021-05-14,81010,8934187,51132,4710427,27714,3931400,2164,292360,31318,1027621,0.126413,49361,4127286,0.507721,34084,5154907,0.634134,8129050
3,2021-05-15,62648,8996835,43166,4753593,18247,3949647,1235,293595,25867,1018414,0.125281,36549,4163835,0.512217,27342,5182249,0.637497,8129050
3,2021-05-16,33394,9030229,24983,4778576,7717,3957364,694,294289,13476,1012893,0.124602,19785,4183620,0.514651,14264,5196513,0.639252,8129050
3,2021-05-17,57371,9087600,36520,4815096,18981,3976345,1870,296159,21098,1000094,0.123027,35978,4219598,0.519076,23179,5219692,0.642104,8129050
3,2021-05-18,64974,9152574,38367,4853463,24721,4001066,1886,298045,24347,986393,0.121342,40333,4259931,0.524038,26632,5246324,0.64538,8129050
3,2021-05-19,64508,9217082,39220,4892683,23515,4024581,1773,299818,24932,974081,0.119827,39299,4299230,0.528872,26987,5273311,0.6487,8129050
3,2021-05-20,62259,9279341,36443,4929126,23949,4048530,1867,301685,22280,958902,0.11796,39668,4338898,0.533752,24489,5297800,0.651712,8129050
3,2021-05-21,66661,9346002,40519,4969645,24022,4072552,2120,303805,23762,942547,0.115948,42550,4381448,0.538986,26195,5323995,0.654934,8129050
3,2021-05-22,46110,9392112,30573,5000218,14057,4086609,1480,305285,19143,936706,0.115229,26720,4408168,0.542273,20879,5344874,0.657503,8129050
3,2021-05-23,21873,9413985,15139,5015357,6077,4092686,657,305942,9232,934162,0.114917,12545,4420713,0.543817,10001,5354875,0.658733,8129050
3,2021-05-24,39986,9453971,23412,5038769,14797,4107483,1777,307719,14754,925878,0.113897,25016,4445729,0.546894,16732,5371607,0.660791,8129050
3,2021-05-25,43176,9497147,24296,5063065,17182,4124665,1698,309417,15292,915519,0.112623,27584,4473313,0.550287,17225,5388832,0.66291,8129050
3,2021-05-26,42785,9539932,24478,5087543,16558,4141223,1749,311166,16016,906965,0.111571,26459,4499772,0.553542,17905,5406737,0.665113,8129050
3,2021-05-27,39721,9579653,22271,5109814,15690,4156913,1760,312926,15502,900451,0.11077,24028,4523800,0.556498,17514,5424251,0.667268,8129050
3,2021-05-28,43327,9622980,24503,5134317,17004,4173917,1820,314746,17977,895448,0.110154,25123,4548923,0.559589,20120,5444371,0.669743,8129050
3,2021-05-29,23653,9646633,14466,5148783,8347,4182264,840,315586,10987,894896,0.110086,12515,4561438,0.561128,11963,5456334,0.671214,8129050
3,2021-05-30,10689,9657322,6929,5155712,3124,4185388,636,316222,4484,893937,0.109968,6122,4567560,0.561881,5163,5461497,0.671849,8129050
3,2021-05-31,4715,9662037,2726,5158438,1721,4187109,268,316490,1470,892519,0.109794,3184,4570744,0.562273,1766,5463263,0.672067,8129050
3,2021-06-01,38121,9700158,21949,5180387,14711,4201820,1461,317951,13326,882981,0.10862,24517,4595261,0.565289,14979,5478242,0.673909,8129050
3,2021-06-02,31814,9731972,18319,5198706,12072,4213892,1423,319374,11749,876451,0.107817,19843,4615104,0.56773,13313,5491555,0.675547,8129050
3,2021-06-03,40063,9772035,27425,5226131,11189,4225081,1449,320823,11562,861387,0.105964,28314,4643418,0.571213,13250,5504805,0.677177,8129050
3,2021-06-04,46747,9818782,33086,5259217,12103,4237184,1558,322381,13307,843499,0.103764,33174,4676592,0.575294,15286,5520091,0.679057,8129050
3,2021-06-05,34664,9853446,26141,5285358,7331,4244515,1192,323573,8782,828013,0.101859,25658,4702250,0.57845,10172,5530263,0.680309,8129050
3,2021-06-06,14738,9868184,12301,5297659,1851,4246366,586,324159,3702,821507,0.101058,10966,4713216,0.579799,4460,5534723,0.680857,8129050
3,2021-06-07,30704,9898888,22315,5319974,7096,4253462,1293,325452,8874,810127,0.099658,21664,4734880,0.582464,10284,5545007,0.682122,8129050
3,2021-06-08,34468,9933356,24733,5344707,8437,4261899,1298,326750,9949,797303,0.098081,24299,4759179,0.585453,11475,5556482,0.683534,8129050
3,2021-06-09,33180,9966536,24062,5368769,7808,4269707,1310,328060,8905,783602,0.096395,24085,4783264,0.588416,10384,5566866,0.684811,8129050
3,2021-06-10,32704,9999240,23586,5392355,7577,4277284,1541,329601,9008,770825,0.094824,23528,4806792,0.59131,10751,5577617,0.686134,8129050
3,2021-06-11,35931,10035171,25420,5417775,9126,4286410,1385,330986,10679,758031,0.09325,25038,4831830,0.59439,12244,5589861,0.68764,8129050
3,2021-06-12,25518,10060689,19246,5437021,5372,4291782,900,331886,6746,747204,0.091918,18643,4850473,0.596684,7816,5597677,0.688602,8129050
3,2021-06-13,10230,10070919,7670,5444691,2066,4293848,494,332380,2381,742358,0.091322,7796,4858269,0.597643,2950,5600627,0.688965,8129050
3,2021-06-14,26096,10097015,18717,5463408,5929,4299777,1450,333830,8145,734285,0.090329,17813,4876082,0.599834,9740,5610367,0.690163,8129050
3,2021-06-15,29078,10126093,19683,5483091,7866,4307643,1529,335359,9764,726684,0.089393,19063,4895145,0.602179,11462,5621829,0.691573,8129050
3,2021-06-16,26224,10152317,18652,5501743,6138,4313781,1434,336793,8874,719985,0.088569,17156,4912301,0.60429,10457,5632286,0.692859,8129050
3,2021-06-17,25042,10177359,17926,5519669,5811,4319592,1305,338098,8685,713925,0.087824,16190,4928491,0.606281,10130,5642416,0.694105,8129050
3,2021-06-18,28089,10205448,19828,5539497,6687,4326279,1574,339672,9785,707385,0.087019,18068,4946559,0.608504,11528,5653944,0.695523,8129050
3,2021-06-19,16076,10221524,11812,5551309,3401,4329680,863,340535,5745,703903,0.086591,10199,4956758,0.609759,6717,5660661,0.69635,8129050
3,2021-06-20,6914,10228438,5188,5556497,1423,4331103,303,340838,2617,702639,0.086436,4238,4960996,0.61028,2974,5663635,0.696715,8129050
3,2021-06-21,16283,10244721,10280,5566777,4597,4335700,1406,342244,8089,704157,0.086622,8098,4969094,0.611276,9616,5673251,0.697898,8129050
3,2021-06-22,22160,10266881,15528,5582305,5321,4341021,1311,343555,8251,700099,0.086123,13775,4982869,0.612971,9717,5682968,0.699094,8129050
3,2021-06-23,20332,10287213,14230,5596535,4757,4345778,1345,344900,8036,697441,0.085796,12179,4995048,0.614469,9521,5692489,0.700265,8129050
3,2021-06-24,20045,10307258,13952,5610487,4633,4350411,1460,346360,7811,694773,0.085468,12049,5007097,0.615951,9381,5701870,0.701419,8129050
3,2021-06-25,23442,10330700,16631,5627118,5383,4355794,1428,347788,9131,691291,0.08504,14170,5021267,0.617694,10688,5712558,0.702734,8129050
3,2021-06-26,14060,10344760,10446,5637564,2841,4358635,773,348561,5867,690005,0.084881,8084,5029351,0.618689,6798,5719356,0.70357,8129050
3,2021-06-27,6767,10351527,5242,5642806,1218,4359853,307,348868,2890,689410,0.084808,3828,5033179,0.61916,3233,5722589,0.703968,8129050
3,2021-06-28,16151,10367678,12419,5655225,2644,4362497,1088,349956,6788,688182,0.084657,9210,5042389,0.620293,7982,5730571,0.70495,8129050
3,2021-06-29,18206,10385884,12821,5668046,4370,4366867,1015,350971,7477,686227,0.084417,10580,5052969,0.621594,8625,5739196,0.706011,8129050
3,2021-06-30,17275,10403159,12253,5680299,3971,4370838,1051,352022,7455,685242,0.084295,9640,5062609,0.62278,8655,5747851,0.707075,8129050
3,2021-07-01,16536,10419695,11778,5692077,3677,4374515,1081,353103,6970,683975,0.08414,9419,5072028,0.623939,8152,5756003,0.708078,8129050
3,2021-07-02,18677,10438372,13285,5705362,4283,4378798,1109,354212,7979,682586,0.083969,10573,5082601,0.625239,9184,5765187,0.709208,8129050
3,2021-07-03,10192,10448564,7368,5712730,2381,4381179,443,354655,4360,681739,0.083865,5752,5088353,0.625947,4905,5770092,0.709811,8129050
3,2021-07-04,735,10449299,433,5713163,215,4381394,87,354742,286,681688,0.083858,440,5088793,0.626001,389,5770481,0.709859,8129050
3,2021-07-05,9616,10458915,7031,5720194,2159,4383553,426,355168,4360,681359,0.083818,5181,5093974,0.626638,4852,5775333,0.710456,8129050
3,2021-07-06,19267,10478182,13957,5734151,4177,4387730,1133,356301,6970,677477,0.08334,12108,5106082,0.628128,8226,5783559,0.711468,8129050
3,2021-07-07,15867,10494049,11250,5745401,3487,4391217,1130,357431,6372,675732,0.083126,9354,5115436,0.629278,7609,5791168,0.712404,8129050
3,2021-07-08,15469,10509518,11179,5756580,3286,4394503,1004,358435,6236,673982,0.08291,9078,5124514,0.630395,7328,5798496,0.713305,8129050
3,2021-07-09,17773,10527291,12408,5768988,4138,4398641,1227,359662,7367,672418,0.082718,10266,5134780,0.631658,8702,5807198,0.714376,8129050
3,2021-07-10,10996,10538287,8105,5777093,2221,4400862,670,360332,4681,671621,0.08262,6237,5141017,0.632425,5440,5812638,0.715045,8129050
3,2021-07-11,5162,10543449,3825,5780918,1060,4401922,277,360609,2338,671485,0.082603,2771,5143788,0.632766,2635,5815273,0.715369,8129050
3,2021-07-12,14408,10557857,10519,5791437,2882,4404804,1007,361616,5764,669761,0.082391,8563,5152351,0.63382,6839,5822112,0.716211,8129050
3,2021-07-13,15228,10573085,10753,5802190,3556,4408360,919,362535,6693,669022,0.0823,8431,5160782,0.634857,7692,5829804,0.717157,8129050
3,2021-07-14,14537,10587622,10330,5812520,3281,4411641,926,363461,6504,668581,0.082246,7931,5168713,0.635832,7490,5837294,0.718078,8129050
3,2021-07-15,14856,10602478,10743,5823263,3271,4414912,842,364303,6822,668385,0.082222,7936,5176649,0.636809,7740,5845034,0.71903,8129050
3,2021-07-16,17852,10620330,12834,5836097,4125,4419037,893,365196,8527,668668,0.082257,9214,5185863,0.637942,9497,5854531,0.720199,8129050
3,2021-07-17,11339,10631669,8313,5844410,2488,4421525,538,365734,5400,668807,0.082274,5865,5191728,0.638664,6004,5860535,0.720937,8129050
3,2021-07-18,5763,10637432,4353,5848763,1159,4422684,251,365985,2837,669039,0.082302,2882,5194610,0.639018,3114,5863649,0.72132,8129050
3,2021-07-19,14957,10652389,10950,5859713,3125,4425809,882,366867,7333,669807,0.082397,7522,5202132,0.639943,8290,5871939,0.72234,8129050
3,2021-07-20,16675,10669064,11608,5871321,4155,4429964,912,367779,8573,671400,0.082593,7974,5210106,0.640924,9567,5881506,0.723517,8129050
3,2021-07-21,16062,10685126,11374,5882695,3816,4433780,872,368651,8083,672589,0.082739,7846,5217952,0.64189,9035,5890541,0.724628,8129050
3,2021-07-22,16476,10701602,11640,5894335,3870,4437650,966,369617,8552,674372,0.082958,7799,5225751,0.642849,9582,5900123,0.725807,8129050
3,2021-07-23,19369,10720971,13809,5908144,4544,4442194,1016,370633,10393,677047,0.083287,8825,5234576,0.643935,11500,5911623,0.727222,8129050
3,2021-07-24,11668,10732639,8410,5916554,2674,4444868,584,371217,6446,678973,0.083524,5143,5239719,0.644567,7069,5918692,0.728091,8129050
3,2021-07-25,5692,10738331,4267,5920821,1213,4446081,212,371429,4108,681810,0.083873,1534,5241253,0.644756,4371,5923063,0.728629,8129050
3,2021-07-26,15634,10753965,10895,5931716,3762,4449843,977,372406,9458,686255,0.08442,6052,5247305,0.6455,10497,5933560,0.72992,8129050
3,2021-07-27,17624,10771589,12471,5944187,4172,4454015,981,373387,10097,690020,0.084883,7386,5254691,0.646409,11151,5944711,0.731292,8129050
3,2021-07-28,17189,10788778,12302,5956489,3845,4457860,1042,374429,9930,693931,0.085364,7111,5261802,0.647284,11022,5955733,0.732648,8129050
3,2021-07-29,16981,10805759,12226,5968715,3718,4461578,1037,375466,10028,698300,0.085902,6767,5268569,0.648116,11136,5966869,0.734018,8129050
3,2021-07-30,19715,10825474,13924,5982639,4700,4466278,1091,376557,11444,702867,0.086464,8057,5276626,0.649107,12624,5979493,0.735571,8129050
3,2021-07-31,12293,10837767,8911,5991550,2724,4469002,658,377215,7160,705757,0.086819,4991,5281617,0.649721,7881,5987374,0.73654,8129050
3,2021-08-01,6547,10844314,4988,5996538,1296,4470298,263,377478,4229,708034,0.087099,2250,5283867,0.649998,4527,5991901,0.737097,8129050
3,2021-08-02,16715,10861029,12140,6008678,3645,4473943,930,378408,10407,713252,0.087741,6182,5290049,0.650759,11400,6003301,0.7385,8129050
3,2021-08-03,18507,10879536,13349,6022027,4040,4477983,1118,379526,11023,718142,0.088343,7305,5297354,0.651657,12195,6015496,0.74,8129050
3,2021-08-04,17635,10897171,12674,6034701,3938,4481921,1023,380549,10490,722720,0.088906,6984,5304338,0.652516,11562,6027058,0.741422,8129050
3,2021-08-05,18068,10915239,13053,6047754,3853,4485774,1162,381711,10914,727878,0.08954,6988,5311326,0.653376,12146,6039204,0.742916,8129050
3,2021-08-06,21948,10937187,15895,6063649,4880,4490654,1173,382884,12987,733349,0.090213,8754,5320080,0.654453,14225,6053429,0.744666,8129050
3,2021-08-07,12888,10950075,9567,6073216,2686,4493340,635,383519,7532,736355,0.090583,5211,5325291,0.655094,8217,6061646,0.745677,8129050
3,2021-08-08,7603,10957678,5818,6079034,1543,4494883,242,383761,4682,738480,0.090845,2836,5328127,0.655443,4961,6066607,0.746287,8129050
3,2021-08-09,18476,10976154,13830,6092864,3540,4498423,1106,384867,10424,742202,0.091302,7885,5336012,0.656413,11607,6078214,0.747715,8129050
3,2021-08-10,18776,10994930,13757,6106621,3987,4502410,1032,385899,10590,745856,0.091752,8004,5344016,0.657397,11658,6089872,0.749149,8129050
3,2021-08-11,16725,11011655,12120,6118741,3561,4505971,1044,386943,9325,749081,0.092149,7199,5351215,0.658283,10424,6100296,0.750432,8129050
3,2021-08-12,18260,11029915,12883,6131624,4273,4510244,1104,388047,10031,752247,0.092538,8016,5359231,0.659269,11182,6111478,0.751807,8129050
3,2021-08-13,22840,11052755,16184,6147808,5467,4515711,1189,389236,12462,756038,0.093004,9930,5369161,0.660491,13721,6125199,0.753495,8129050
3,2021-08-14,14848,11067603,10438,6158246,3757,4519468,653,389889,7740,758308,0.093284,6178,5375339,0.661251,8448,6133647,0.754534,8129050
3,2021-08-15,8455,11076058,6131,6164377,2031,4521499,293,390182,4261,759486,0.093429,3404,5378743,0.661669,4582,6138229,0.755098,8129050
3,2021-08-16,20874,11096932,14402,6178779,5474,4526973,998,391180,9889,761443,0.093669,9019,5387762,0.662779,10976,6149205,0.756448,8129050
3,2021-08-17,21451,11118383,14580,6193359,5810,4532783,1061,392241,9829,763063,0.093869,9380,5397142,0.663933,11000,6160205,0.757801,8129050
3,2021-08-18,21356,11139739,14249,6207608,6086,4538869,1021,393262,9624,764704,0.094071,9095,5406237,0.665052,10736,6170941,0.759122,8129050
3,2021-08-19,21468,11161207,14192,6221800,6177,4545046,1099,394361,9362,766106,0.094243,9125,5415362,0.666174,10527,6181468,0.760417,8129050
3,2021-08-20,26907,11188114,18124,6239924,7621,4552667,1162,395523,11319,766759,0.094323,11934,5427296,0.667642,12587,6194055,0.761965,8129050
3,2021-08-21,15622,11203736,11273,6251197,3752,4556419,597,396120,6566,766803,0.094329,7194,5434490,0.668527,7238,6201293,0.762856,8129050
3,2021-08-22,8896,11212632,6344,6257541,2323,4558742,229,396349,3984,767271,0.094386,3794,5438284,0.668994,4262,6205555,0.76338,8129050
3,2021-08-23,22926,11235558,16036,6273577,5927,4564669,963,397312,9832,768250,0.094507,10000,5448284,0.670224,10979,6216534,0.764731,8129050
3,2021-08-24,22727,11258285,16370,6289947,5455,4570124,902,398214,9396,768423,0.094528,10259,5458543,0.671486,10432,6226966,0.766014,8129050
3,2021-08-25,21774,11280059,15530,6305477,5328,4575452,916,399130,9058,768799,0.094574,9725,5468268,0.672682,10101,6237067,0.767257,8129050
3,2021-08-26,22316,11302375,15706,6321183,5599,4581051,1011,400141,8926,768944,0.094592,9913,5478181,0.673902,10058,6247125,0.768494,8129050
3,2021-08-27,27294,11329669,19660,6340843,6593,4587644,1041,401182,10520,767779,0.094449,12935,5491116,0.675493,11770,6258895,0.769942,8129050
3,2021-08-28,15751,11345420,11556,6352399,3732,4591376,463,401645,6280,767037,0.094358,7604,5498720,0.676428,6862,6265757,0.770786,8129050
3,2021-08-29,9115,11354535,6772,6359171,2186,4593562,157,401802,3614,766527,0.094295,4358,5503078,0.676964,3848,6269605,0.771259,8129050
3,2021-08-30,21843,11376378,15357,6374528,5649,4599211,837,402639,8194,765362,0.094151,10359,5513437,0.678239,9194,6278799,0.77239,8129050
3,2021-08-31,21036,11397414,14553,6389081,5700,4604911,783,403422,7374,763622,0.093937,10048,5523485,0.679475,8308,6287107,0.773412,8129050
3,2021-09-01,20380,11417794,14000,6403081,5541,4610452,839,404261,7772,763307,0.093899,9090,5532575,0.680593,8775,6295882,0.774492,8129050
3,2021-09-02,19851,11437645,13404,6416485,5618,4616070,829,405090,6971,762143,0.093755,9089,5541664,0.681711,7925,6303807,0.775467,8129050
3,2021-09-03,25102,11462747,17657,6434142,6595,4622665,850,405940,8671,759479,0.093428,12384,5554048,0.683235,9720,6313527,0.776662,8129050
3,2021-09-04,12896,11475643,9497,6443639,3014,4625679,385,406325,4669,757978,0.093243,6643,5560691,0.684052,5142,6318669,0.777295,8129050
3,2021-09-05,8045,11483688,5968,6449607,1987,4627666,90,406415,3315,757644,0.093202,3790,5564481,0.684518,3456,6322125,0.77772,8129050
3,2021-09-06,4018,11487706,2686,6452293,1237,4628903,95,406510,1574,757353,0.093166,1975,5566456,0.684761,1684,6323809,0.777927,8129050
3,2021-09-07,20297,11508003,14275,6466568,5192,4634095,830,407340,6320,753439,0.092685,11233,5577689,0.686143,7319,6331128,0.778828,8129050
3,2021-09-08,18057,11526060,12704,6479272,4636,4638731,717,408057,6471,751852,0.09249,8899,5586588,0.687238,7312,6338440,0.779727,8129050
3,2021-09-09,17814,11543874,12134,6491406,4960,4643691,720,408777,6300,750256,0.092293,8739,5595327,0.688313,7143,6345583,0.780606,8129050
3,2021-09-10,21599,11565473,14987,6506393,5831,4649522,781,409558,7345,747135,0.091909,11464,5606791,0.689723,8343,6353926,0.781632,8129050
3,2021-09-11,12413,11577886,8988,6515381,3065,4652587,360,409918,4414,745214,0.091673,6778,5613569,0.690557,4857,6358783,0.78223,8129050
3,2021-09-12,3900,11581786,2494,6517875,1301,4653888,105,410023,1473,744917,0.091636,1918,5615487,0.690793,1621,6360404,0.782429,8129050
4,2020-12-15,474,474,474,474,0,0,0,0,474,474,5.9e-05,0,0,0.0,474,474,5.9e-05,8037679
4,2020-12-16,3136,3610,3136,3610,0,0,0,0,3136,3610,0.000449,0,0,0.0,3136,3610,0.000449,8037679
4,2020-12-17,9185,12795,9185,12795,0,0,0,0,9186,12796,0.001592,0,0,0.0,9186,12796,0.001592,8037679
4,2020-12-18,16502,29297,16488,29283,14,14,0,0,16501,29297,0.003645,0,0,0.0,16501,29297,0.003645,8037679
4,2020-12-19,10503,39800,10492,39775,11,25,0,0,10445,39742,0.004944,0,0,0.0,10445,39742,0.004944,8037679
4,2020-12-20,7526,47326,7509,47284,17,42,0,0,7482,47224,0.005875,0,0,0.0,7482,47224,0.005875,8037679
4,2020-12-21,16589,63915,16554,63838,35,77,0,0,16522,63744,0.007931,2,2,0.0,16522,63746,0.007931,8037679
4,2020-12-22,17402,81317,16620,80458,782,859,0,0,17359,81099,0.01009,4,6,1e-06,17359,81105,0.010091,8037679
4,2020-12-23,17351,98668,14511,94969,2840,3699,0,0,17324,98421,0.012245,2,8,1e-06,17324,98429,0.012246,8037679
4,2020-12-24,8702,107370,6018,100987,2684,6383,0,0,8700,107120,0.013327,1,9,1e-06,8700,107129,0.013328,8037679
4,2020-12-25,918,108288,813,101800,105,6488,0,0,917,108036,0.013441,1,10,1e-06,917,108046,0.013442,8037679
4,2020-12-26,6317,114605,3955,105755,2362,8850,0,0,6315,114349,0.014227,2,12,1e-06,6315,114361,0.014228,8037679
4,2020-12-27,3503,118108,2017,107772,1486,10336,0,0,3503,117852,0.014662,0,12,1e-06,3503,117864,0.014664,8037679
4,2020-12-28,15417,133525,9497,117269,5920,16256,0,0,15387,133233,0.016576,6,18,2e-06,15387,133251,0.016578,8037679
4,2020-12-29,16075,149600,9021,126290,7054,23310,0,0,16042,149274,0.018572,1,19,2e-06,16042,149293,0.018574,8037679
4,2020-12-30,19624,169224,11470,137760,8154,31464,0,0,19615,168887,0.021012,2,21,3e-06,19615,168908,0.021015,8037679
4,2020-12-31,8463,177687,3422,141182,5041,36505,0,0,8449,177326,0.022062,10,31,4e-06,8449,177357,0.022066,8037679
4,2021-01-01,1918,179605,875,142057,1043,37548,0,0,1911,179234,0.022299,3,34,4e-06,1911,179268,0.022303,8037679
4,2021-01-02,5819,185424,3283,145340,2536,40084,0,0,5817,185050,0.023023,1,35,4e-06,5817,185085,0.023027,8037679
4,2021-01-03,2187,187611,1289,146629,898,40982,0,0,2171,187217,0.023292,4,39,5e-06,2171,187256,0.023297,8037679
4,2021-01-04,13211,200822,7121,153750,6090,47072,0,0,13162,200352,0.024927,27,66,8e-06,13162,200418,0.024935,8037679
4,2021-01-05,17211,218033,10190,163940,7021,54093,0,0,14926,213039,0.026505,2258,2324,0.000289,14945,215363,0.026794,8037679
4,2021-01-06,22006,240039,13492,177432,8514,62607,0,0,15730,222561,0.02769,6231,8555,0.001064,15753,231116,0.028754,8037679
4,2021-01-07,28419,268458,17368,194800,11051,73658,0,0,16865,227962,0.028362,11491,20046,0.002494,16892,248008,0.030856,8037679
4,2021-01-08,33429,301887,21480,216280,11949,85607,0,0,18520,231672,0.028823,14842,34888,0.004341,18552,266560,0.033164,8037679
4,2021-01-09,16501,318388,9756,226036,6745,92352,0,0,9580,234357,0.029157,6911,41799,0.0052,9596,276156,0.034358,8037679
4,2021-01-10,8882,327270,5741,231777,3141,95493,0,0,4214,233931,0.029104,4649,46448,0.005779,4223,280379,0.034883,8037679
4,2021-01-11,34001,361271,22322,254099,11679,107172,0,0,19125,238270,0.029644,14838,61286,0.007625,19177,299556,0.037269,8037679
4,2021-01-12,39073,400344,22552,276651,16521,123693,0,0,24540,248406,0.030905,14457,75743,0.009423,24593,324149,0.040329,8037679
4,2021-01-13,39404,439748,19542,296193,19862,143555,0,0,27840,264764,0.03294,11504,87247,0.010855,27862,352011,0.043795,8037679
4,2021-01-14,39934,479682,15406,311599,24528,168083,0,0,32596,290143,0.036098,7251,94498,0.011757,32630,384641,0.047855,8037679
4,2021-01-15,46068,525750,16135,327734,29933,198016,0,0,40327,324835,0.040414,5661,100159,0.012461,40353,424994,0.052875,8037679
4,2021-01-16,29118,554868,9485,337219,19633,217649,0,0,25912,347592,0.043245,3172,103331,0.012856,25929,450923,0.056101,8037679
4,2021-01-17,19139,574007,6620,343839,12519,230168,0,0,17455,363400,0.045212,1661,104992,0.013062,17469,468392,0.058275,8037679
4,2021-01-18,29845,603852,13871,357710,15974,246142,0,0,23712,381111,0.047416,6039,111031,0.013814,23750,492142,0.061229,8037679
4,2021-01-19,46916,650768,23555,381265,23361,269503,0,0,36998,408329,0.050802,9855,120886,0.01504,37073,529215,0.065842,8037679
4,2021-01-20,53365,704133,28509,409774,24856,294359,0,0,42528,440187,0.054765,10735,131621,0.016375,42593,571808,0.071141,8037679
4,2021-01-21,58654,762787,26323,436097,32331,326690,0,0,51684,485027,0.060344,6899,138520,0.017234,51739,623547,0.077578,8037679
4,2021-01-22,56124,818911,22510,458607,33614,360304,0,0,50738,530515,0.066004,5285,143805,0.017891,50773,674320,0.083895,8037679
4,2021-01-23,40111,859022,17475,476082,22636,382940,0,0,35695,561838,0.069901,4407,148212,0.01844,35730,710050,0.08834,8037679
4,2021-01-24,24336,883358,10593,486675,13743,396683,0,0,22416,582370,0.072455,1907,150119,0.018677,22439,732489,0.091132,8037679
4,2021-01-25,48738,932096,22470,509145,26268,422951,0,0,37311,608353,0.075688,11386,161505,0.020093,37369,769858,0.095781,8037679
4,2021-01-26,57721,989817,29403,538548,28318,451269,0,0,45142,641037,0.079754,12527,174032,0.021652,45211,815069,0.101406,8037679
4,2021-01-27,57149,1046966,27131,565679,30018,481287,0,0,45770,675563,0.08405,11305,185337,0.023059,45831,860900,0.107108,8037679
4,2021-01-28,57859,1104825,26117,591796,31742,513029,0,0,47462,712770,0.088679,10306,195643,0.024341,47513,908413,0.113019,8037679
4,2021-01-29,57596,1162421,27514,619310,30082,543111,0,0,46892,749168,0.093207,10533,206176,0.025651,46931,955344,0.118858,8037679
4,2021-01-30,38853,1201274,17443,636753,21410,564521,0,0,33369,777146,0.096688,5428,211604,0.026327,33406,988750,0.123014,8037679
4,2021-01-31,24592,1225866,12832,649585,11760,576281,0,0,22846,798290,0.099318,1722,213326,0.026541,22866,1011616,0.125859,8037679
4,2021-02-01,50629,1276495,24375,673960,26254,602535,0,0,38668,825111,0.102655,11894,225220,0.028021,38715,1050331,0.130676,8037679
4,2021-02-02,56490,1332985,25948,699908,30542,633077,0,0,43246,855252,0.106405,13160,238380,0.029658,43301,1093632,0.136063,8037679
4,2021-02-03,62950,1395935,30824,730732,32126,665203,0,0,48166,888809,0.11058,14670,253050,0.031483,48227,1141859,0.142063,8037679
4,2021-02-04,68561,1464496,31874,762606,36687,701890,0,0,51452,923430,0.114888,16955,270005,0.033592,51576,1193435,0.14848,8037679
4,2021-02-05,74176,1538672,34285,796891,39891,741781,0,0,51391,952427,0.118495,22540,292545,0.036397,51537,1244972,0.154892,8037679
4,2021-02-06,49306,1587978,26419,823310,22887,764668,0,0,37579,978555,0.121746,11656,304201,0.037847,37784,1282756,0.159593,8037679
4,2021-02-07,26792,1614770,17704,841014,9088,773756,0,0,20184,992413,0.12347,6575,310776,0.038665,20433,1303189,0.162135,8037679
4,2021-02-08,59514,1674284,30538,871552,28976,802732,0,0,38528,1010364,0.125703,20845,331621,0.041258,38796,1341985,0.166962,8037679
4,2021-02-09,68117,1742401,34616,906168,33501,836233,0,0,39757,1022310,0.12719,28261,359882,0.044774,40207,1382192,0.171964,8037679
4,2021-02-10,78485,1820886,39252,945420,39233,875466,0,0,41074,1026776,0.127745,37171,397053,0.049399,41637,1423829,0.177144,8037679
4,2021-02-11,82584,1903470,43048,988468,39536,915002,0,0,41875,1028842,0.128002,40496,437549,0.054437,42562,1466391,0.18244,8037679
4,2021-02-12,85476,1988946,38227,1026695,47249,962251,0,0,43804,1031984,0.128393,41464,479013,0.059596,44606,1510997,0.187989,8037679
4,2021-02-13,59432,2048378,30032,1056727,29400,991651,0,0,30114,1033849,0.128625,29168,508181,0.063225,31033,1542030,0.19185,8037679
4,2021-02-14,37291,2085669,19377,1076104,17914,1009565,0,0,18976,1035260,0.128801,18252,526433,0.065496,19663,1561693,0.194297,8037679
4,2021-02-15,46898,2132567,21993,1098097,24905,1034470,0,0,23927,1037507,0.12908,22877,549310,0.068342,25124,1586817,0.197422,8037679
4,2021-02-16,81387,2213954,37361,1135458,44026,1078496,0,0,41125,1039745,0.129359,40127,589437,0.073334,42365,1629182,0.202693,8037679
4,2021-02-17,82719,2296673,39115,1174573,43604,1122100,0,0,39147,1036683,0.128978,43367,632804,0.07873,40305,1669487,0.207708,8037679
4,2021-02-18,84668,2381341,46540,1221113,38128,1160228,0,0,38845,1031408,0.128322,45606,678410,0.084404,40331,1709818,0.212725,8037679
4,2021-02-19,83951,2465292,52801,1273914,31150,1191378,0,0,41673,1031684,0.128356,42086,720496,0.08964,42362,1752180,0.217996,8037679
4,2021-02-20,50377,2515669,33517,1307431,16860,1208238,0,0,27040,1036209,0.128919,23239,743735,0.092531,27764,1779944,0.22145,8037679
4,2021-02-21,30744,2546413,24363,1331794,6381,1214619,0,0,14657,1035204,0.128794,15986,759721,0.09452,14981,1794925,0.223314,8037679
4,2021-02-22,56217,2602630,38561,1370355,17656,1232275,0,0,26962,1033584,0.128592,29067,788788,0.098136,27447,1822372,0.226729,8037679
4,2021-02-23,77921,2680551,43177,1413532,34744,1267019,0,0,34048,1025692,0.12761,43640,832428,0.103566,35748,1858120,0.231176,8037679
4,2021-02-24,93042,2773593,49140,1462672,43902,1310921,0,0,41673,1018467,0.126712,51083,883511,0.109921,43858,1901978,0.236633,8037679
4,2021-02-25,104896,2878489,54911,1517583,49985,1360906,0,0,49704,1015906,0.126393,54942,938453,0.116757,52381,1954359,0.24315,8037679
4,2021-02-26,110907,2989396,55997,1573580,54910,1415816,0,0,56268,1020234,0.126931,54307,992760,0.123513,58635,2012994,0.250445,8037679
4,2021-02-27,80902,3070298,43994,1617574,36894,1452710,14,14,42670,1026433,0.127703,37999,1030759,0.128241,44198,2057192,0.255944,8037679
4,2021-02-28,50049,3120347,30876,1648450,19166,1471876,7,21,27159,1031847,0.128376,22667,1053426,0.131061,28081,2085273,0.259437,8037679
4,2021-03-01,81922,3202269,47908,1696358,33950,1505826,64,85,45072,1041774,0.129611,36469,1089895,0.135598,46396,2131669,0.26521,8037679
4,2021-03-02,91071,3293340,52141,1748499,38917,1544743,13,98,53064,1058907,0.131743,37788,1127683,0.1403,54921,2186590,0.272042,8037679
4,2021-03-03,104924,3398264,55695,1804194,49207,1593950,22,120,58251,1072561,0.133442,46426,1174109,0.146076,60080,2246670,0.279517,8037679
4,2021-03-04,103250,3501514,57478,1861672,45752,1639702,20,140,56119,1083638,0.13482,46866,1220975,0.151906,57943,2304613,0.286726,8037679
4,2021-03-05,99496,3601010,53659,1915331,45505,1685207,332,472,58107,1102922,0.137219,41126,1262101,0.157023,60410,2365023,0.294242,8037679
4,2021-03-06,78114,3679124,43973,1959304,31483,1716690,2658,3130,47696,1124299,0.139879,30269,1292370,0.160789,51646,2416669,0.300668,8037679
4,2021-03-07,45676,3724800,27894,1987198,15526,1732216,2256,5386,26678,1135364,0.141255,18902,1311272,0.163141,29967,2446636,0.304396,8037679
4,2021-03-08,69308,3794108,36134,2023332,29738,1761954,3436,8822,45395,1161686,0.14453,23763,1335035,0.166097,50085,2496721,0.310627,8037679
4,2021-03-09,83310,3877418,42066,2065398,35922,1797876,5322,14144,44852,1174590,0.146135,38248,1373283,0.170856,51152,2547873,0.316991,8037679
4,2021-03-10,93246,3970664,48035,2113433,37608,1835484,7603,21747,46839,1183664,0.147264,46177,1419460,0.176601,55251,2603124,0.323865,8037679
4,2021-03-11,102211,4072875,53550,2166983,40081,1875565,8580,30327,47114,1185440,0.147485,54802,1474262,0.183419,56578,2659702,0.330904,8037679
4,2021-03-12,106143,4179018,52181,2219164,43495,1919060,10467,40794,45373,1181470,0.146991,60455,1534717,0.19094,56485,2716187,0.337932,8037679
4,2021-03-13,82617,4261635,38250,2257414,35776,1954836,8591,49385,39033,1186565,0.147625,43428,1578145,0.196343,48523,2764710,0.343969,8037679
4,2021-03-14,50344,4311979,28663,2286077,18014,1972850,3667,53052,23501,1187532,0.147746,26731,1604876,0.199669,27698,2792408,0.347415,8037679
4,2021-03-15,84713,4396692,45550,2331627,34824,2007674,4339,57391,42923,1194038,0.148555,41477,1646353,0.204829,47983,2840391,0.353384,8037679
4,2021-03-16,109097,4505789,56804,2388431,48840,2056514,3453,60844,57309,1203908,0.149783,51497,1697850,0.211236,61367,2901758,0.361019,8037679
4,2021-03-17,108674,4614463,58451,2446882,46677,2103191,3546,64390,63420,1226369,0.152578,44955,1742805,0.216829,67416,2969174,0.369407,8037679
4,2021-03-18,108477,4722940,60139,2507021,44583,2147774,3755,68145,61153,1244587,0.154844,47026,1789831,0.22268,65244,3034418,0.377524,8037679
4,2021-03-19,112840,4835780,64910,2571931,42660,2190434,5270,73415,63823,1265267,0.157417,48703,1838534,0.228739,69383,3103801,0.386156,8037679
4,2021-03-20,85220,4921000,49887,2621818,32267,2222701,3066,76481,51895,1287348,0.160164,33119,1871653,0.23286,55200,3159001,0.393024,8037679
4,2021-03-21,48720,4969720,35312,2657130,11150,2233851,2258,78739,28388,1298130,0.161506,20178,1891831,0.23537,30960,3189961,0.396876,8037679
4,2021-03-22,83576,5053296,54506,2711636,26294,2260145,2776,81515,51490,1321257,0.164383,31802,1923633,0.239327,54929,3244890,0.40371,8037679
4,2021-03-23,106362,5159658,63700,2775336,40470,2300615,2192,83707,62150,1342213,0.16699,43902,1967535,0.244789,64858,3309748,0.411779,8037679
4,2021-03-24,115153,5274811,74254,2849590,38426,2339041,2473,86180,63923,1358250,0.168985,50752,2018287,0.251103,66789,3376537,0.420089,8037679
4,2021-03-25,118928,5393739,73166,2922756,43279,2382320,2483,88663,66488,1375758,0.171164,51920,2070207,0.257563,69428,3445965,0.428726,8037679
4,2021-03-26,121653,5515392,73762,2996518,44795,2427115,3096,91759,65349,1388872,0.172795,55882,2126089,0.264515,68996,3514961,0.43731,8037679
4,2021-03-27,93311,5608703,54982,3051500,36495,2463610,1834,93593,46941,1392001,0.173184,46095,2172184,0.27025,49224,3564185,0.443435,8037679
4,2021-03-28,56543,5665246,37365,3088865,18288,2481898,890,94483,29675,1396270,0.173716,26665,2198849,0.273568,30934,3595119,0.447283,8037679
4,2021-03-29,95246,5760492,57007,3145872,36122,2518020,2117,96600,50797,1405578,0.174874,44147,2242996,0.27906,53455,3648574,0.453934,8037679
4,2021-03-30,118923,5879415,64916,3210788,49775,2567795,4232,100832,69701,1430947,0.17803,48929,2291925,0.285148,74298,3722872,0.463177,8037679
4,2021-03-31,122668,6002083,72395,3283183,43907,2611702,6366,107198,68192,1451576,0.180596,54079,2346004,0.291876,74708,3797580,0.472472,8037679
4,2021-04-01,144427,6146510,82255,3365438,48705,2660407,13467,120665,84495,1489881,0.185362,59352,2405356,0.29926,97657,3895237,0.484622,8037679
4,2021-04-02,138195,6284705,73829,3439267,50651,2711058,13715,134380,79256,1524191,0.189631,58599,2463955,0.306551,92909,3988146,0.496181,8037679
4,2021-04-03,102047,6386752,54534,3493801,33956,2745014,13557,147937,53125,1542068,0.191855,48690,2512645,0.312608,66567,4054713,0.504463,8037679
4,2021-04-04,47253,6434005,24965,3518766,14722,2759736,7566,155503,20515,1543299,0.192008,26604,2539249,0.315918,27835,4082548,0.507926,8037679
4,2021-04-05,111068,6545073,62292,3581058,35765,2795501,13011,168514,57388,1560585,0.194159,53413,2592662,0.322564,70699,4153247,0.516722,8037679
4,2021-04-06,140370,6685443,78973,3660031,41397,2836898,20000,188514,72547,1585902,0.197308,67549,2660211,0.330968,92866,4246113,0.528276,8037679
4,2021-04-07,139167,6824610,78874,3738905,39360,2876258,20933,209447,71811,1611586,0.200504,67064,2727275,0.339311,92748,4338861,0.539815,8037679
4,2021-04-08,141641,6966251,78893,3817798,37015,2913273,25733,235180,70541,1637249,0.203697,70751,2798026,0.348114,96414,4435275,0.55181,8037679
4,2021-04-09,139133,7105384,76229,3894027,39644,2952917,23260,258440,66327,1654995,0.205905,72508,2870534,0.357135,90254,4525529,0.563039,8037679
4,2021-04-10,104790,7210174,51677,3945704,34039,2986956,19074,277514,47279,1664856,0.207131,57269,2927803,0.36426,67130,4592659,0.571391,8037679
4,2021-04-11,63209,7273383,38384,3984088,13533,3000489,11292,288806,27643,1669258,0.207679,35431,2963234,0.368668,39833,4632492,0.576347,8037679
4,2021-04-12,103922,7377305,63083,4047171,30487,3030976,10352,299158,52234,1681637,0.209219,51337,3014571,0.375055,63716,4696208,0.584274,8037679
4,2021-04-13,131568,7508873,82520,4129691,48882,3079858,166,299324,78389,1708235,0.212528,52836,3067407,0.381628,79434,4775642,0.594157,8037679
4,2021-04-14,137113,7645986,87469,4217160,49563,3129421,81,299405,75635,1724102,0.214502,61098,3128505,0.38923,76965,4852607,0.603732,8037679
4,2021-04-15,157379,7803365,104579,4321739,52717,3182138,83,299488,95996,1760052,0.218975,60948,3189453,0.396813,96898,4949505,0.615788,8037679
4,2021-04-16,144592,7947957,91624,4413363,52882,3235020,86,299574,83606,1783862,0.221937,60619,3250072,0.404355,84429,5033934,0.626292,8037679
4,2021-04-17,102155,8050112,64162,4477525,37965,3272985,28,299602,59597,1802426,0.224247,42243,3292315,0.40961,60807,5094741,0.633857,8037679
4,2021-04-18,57606,8107718,39037,4516562,18564,3291549,5,299607,32273,1810501,0.225252,25173,3317488,0.412742,33248,5127989,0.637994,8037679
4,2021-04-19,101782,8209500,67021,4583583,34739,3326288,22,299629,51354,1812339,0.22548,50146,3367634,0.418981,51984,5179973,0.644461,8037679
4,2021-04-20,132150,8341650,78677,4662260,53448,3379736,25,299654,68232,1818152,0.226204,63545,3431179,0.426887,69358,5249331,0.65309,8037679
4,2021-04-21,135500,8477150,88423,4750683,47010,3426746,67,299721,67892,1820097,0.226446,67151,3498330,0.435241,69096,5318427,0.661687,8037679
4,2021-04-22,142570,8619720,94623,4845306,47922,3474668,25,299746,63408,1805964,0.224687,78717,3577047,0.445035,64584,5383011,0.669722,8037679
4,2021-04-23,135948,8755668,88481,4933787,47441,3522109,26,299772,58671,1789005,0.222577,76878,3653925,0.4546,59919,5442930,0.677177,8037679
4,2021-04-24,99520,8855188,67159,5000946,32307,3554416,54,299826,45620,1782209,0.221732,53568,3707493,0.461264,46772,5489702,0.682996,8037679
4,2021-04-25,50689,8905877,35740,5036686,14922,3569338,27,299853,26378,1784937,0.222071,24150,3731643,0.464269,26878,5516580,0.68634,8037679
4,2021-04-26,92747,8998624,60839,5097525,31494,3600832,414,300267,36271,1766843,0.21982,56132,3787775,0.471252,38038,5554618,0.691072,8037679
4,2021-04-27,114578,9113202,70057,5167582,42190,3643022,2331,302598,41081,1737923,0.216222,73152,3860927,0.480353,44232,5598850,0.696575,8037679
4,2021-04-28,105333,9218535,68794,5236376,33982,3677004,2557,305155,38320,1712855,0.213103,66641,3927568,0.488645,41573,5640423,0.701748,8037679
4,2021-04-29,106852,9325387,68223,5304599,36082,3713086,2547,307702,34280,1678106,0.20878,72187,3999755,0.497626,37438,5677861,0.706406,8037679
4,2021-04-30,106570,9431957,67418,5372017,36420,3749506,2732,310434,36443,1648265,0.205067,69689,4069444,0.506296,39848,5717709,0.711363,8037679
4,2021-05-01,70395,9502352,46656,5418673,21943,3771449,1796,312230,20473,1621592,0.201749,49586,4119030,0.512465,22913,5740622,0.714214,8037679
4,2021-05-02,37921,9540273,26912,5445585,9704,3781153,1305,313535,10553,1606363,0.199854,27228,4146258,0.515853,11999,5752621,0.715707,8037679
4,2021-05-03,79801,9620074,55646,5501231,21645,3802798,2510,316045,19202,1568133,0.195098,60303,4206561,0.523355,22073,5774694,0.718453,8037679
4,2021-05-04,102018,9722092,69810,5571041,29412,3832210,2796,318841,22658,1514959,0.188482,79021,4285582,0.533187,25847,5800541,0.721669,8037679
4,2021-05-05,102853,9824945,72502,5643543,27586,3859796,2765,321606,21789,1459124,0.181535,80694,4366276,0.543226,24859,5825400,0.724761,8037679
4,2021-05-06,112660,9937605,84405,5727948,25291,3885087,2964,324570,19541,1390162,0.172956,92597,4458873,0.554746,23635,5849035,0.727702,8037679
4,2021-05-07,105561,10043166,75875,5803823,26994,3912081,2692,327262,20615,1329354,0.16539,84532,4543405,0.565263,23724,5872759,0.730654,8037679
4,2021-05-08,70279,10113445,48466,5852289,19870,3931951,1943,329205,13794,1289215,0.160396,56225,4599630,0.572258,16086,5888845,0.732655,8037679
4,2021-05-09,34579,10148024,28277,5880566,5349,3937300,953,330158,7331,1270465,0.158064,27130,4626760,0.575634,8380,5897225,0.733698,8037679
4,2021-05-10,65555,10213579,43866,5924432,19345,3956645,2344,332502,11037,1229868,0.153013,54275,4681035,0.582386,13678,5910903,0.735399,8037679
4,2021-05-11,83810,10297389,52465,5976897,29139,3985784,2206,334708,15803,1180690,0.146894,67735,4748770,0.590814,18557,5929460,0.737708,8037679
4,2021-05-12,80270,10377659,53369,6030266,24417,4010201,2484,337192,16613,1136909,0.141447,63331,4812101,0.598693,19550,5949010,0.74014,8037679
4,2021-05-13,105344,10483003,77473,6107739,26320,4036521,1551,338743,40680,1115902,0.138834,64299,4876400,0.606693,43292,5992302,0.745526,8037679
4,2021-05-14,105636,10588639,74499,6182238,28996,4065517,2141,340884,40558,1094409,0.13616,64727,4941127,0.614746,43234,6035536,0.750905,8037679
4,2021-05-15,86244,10674883,66632,6248870,18270,4083787,1342,342226,37965,1086018,0.135116,48010,4989137,0.620719,39619,6075155,0.755834,8037679
4,2021-05-16,51942,10726825,41819,6290689,9403,4093190,720,342946,21266,1077641,0.134074,30508,5019645,0.624514,22131,6097286,0.758588,8037679
4,2021-05-17,71589,10798414,52296,6342985,17443,4110633,1850,344796,28207,1064792,0.132475,43151,5062796,0.629883,30302,6127588,0.762358,8037679
4,2021-05-18,82298,10880712,53510,6396495,27026,4137659,1762,346558,29347,1043715,0.129853,52565,5115361,0.636423,31488,6159076,0.766275,8037679
4,2021-05-19,77447,10958159,52354,6448849,23134,4160793,1959,348517,31062,1030965,0.128267,46051,5161412,0.642152,33301,6192377,0.770419,8037679
4,2021-05-20,69541,11027700,44716,6493565,22814,4183607,2011,350528,25722,1015540,0.126347,43507,5204919,0.647565,28082,6220459,0.773912,8037679
4,2021-05-21,74256,11101956,48935,6542500,23427,4207034,1894,352422,26110,996000,0.123916,47809,5252728,0.653513,28269,6248728,0.777429,8037679
4,2021-05-22,50266,11152222,35257,6577757,13733,4220767,1276,353698,21772,990984,0.123292,28304,5281032,0.657034,23288,6272016,0.780327,8037679
4,2021-05-23,24033,11176255,17136,6594893,6172,4226939,725,354423,9733,987384,0.122844,14169,5295201,0.658797,10569,6282585,0.781642,8037679
4,2021-05-24,43390,11219645,27579,6622472,12789,4239728,3022,357445,15161,977780,0.12165,27985,5323186,0.662279,18381,6300966,0.783929,8037679
4,2021-05-25,45311,11264956,28178,6650650,14290,4254018,2843,360288,16025,967854,0.120415,29017,5352203,0.665889,19091,6320057,0.786304,8037679
4,2021-05-26,44993,11309949,26966,6677616,15409,4269427,2618,362906,15963,957827,0.119167,28784,5380987,0.66947,18757,6338814,0.788637,8037679
4,2021-05-27,39216,11349165,23518,6701134,12546,4281973,3152,366058,14720,951588,0.118391,24276,5405263,0.672491,18037,6356851,0.790881,8037679
4,2021-05-28,43732,11392897,27823,6728957,14289,4296262,1620,367678,18965,947919,0.117934,24472,5429735,0.675535,20803,6377654,0.79347,8037679
4,2021-05-29,23865,11416762,15486,6744443,7445,4303707,934,368612,10872,947032,0.117824,12831,5442566,0.677132,11944,6389598,0.794956,8037679
4,2021-05-30,12118,11428880,8508,6752951,3079,4306786,531,369143,5009,945612,0.117647,7028,5449594,0.678006,5608,6395206,0.795653,8037679
4,2021-05-31,3660,11432540,2333,6755284,1163,4307949,164,369307,1166,944536,0.117514,2429,5452023,0.678308,1353,6396559,0.795822,8037679
4,2021-06-01,39787,11472327,24720,6780004,12604,4320553,2463,371770,13084,933856,0.116185,26443,5478466,0.681598,15763,6412322,0.797783,8037679
4,2021-06-02,32939,11505266,20571,6800575,9545,4330098,2823,374593,10982,926049,0.115213,21759,5500225,0.684305,13952,6426274,0.799519,8037679
4,2021-06-03,48614,11553880,37309,6837884,8826,4338924,2479,377072,10467,901354,0.112141,37954,5538179,0.689027,13259,6439533,0.801168,8037679
4,2021-06-04,55411,11609291,44622,6882506,9453,4348377,1336,378408,12894,874139,0.108755,42260,5580439,0.694285,15045,6454578,0.80304,8037679
4,2021-06-05,45178,11654469,38696,6921202,5481,4353858,1001,379409,8800,848031,0.105507,36211,5616650,0.69879,10103,6464681,0.804297,8037679
4,2021-06-06,21318,11675787,19021,6940223,1729,4355587,568,379977,3916,835627,0.103964,17288,5633938,0.700941,4884,6469565,0.804905,8037679
4,2021-06-07,39006,11714793,31546,6971769,5503,4361090,1957,381934,8515,816049,0.101528,30343,5664281,0.704716,10765,6480330,0.806244,8037679
4,2021-06-08,40775,11755568,31983,7003752,6238,4367328,2554,384488,9448,797265,0.099191,31126,5695407,0.708589,12342,6492672,0.807779,8037679
4,2021-06-09,39112,11794680,31004,7034756,5735,4373063,2373,386861,7917,776903,0.096658,31010,5726417,0.712447,10648,6503320,0.809104,8037679
4,2021-06-10,37355,11832035,29421,7064177,5308,4378371,2626,389487,8433,759476,0.094489,28749,5755166,0.716023,11322,6514642,0.810513,8037679
4,2021-06-11,38605,11870640,30283,7094460,6301,4384672,2021,391508,9953,743333,0.092481,28469,5783635,0.719565,12326,6526968,0.812046,8037679
4,2021-06-12,26833,11897473,22330,7116790,3784,4388456,719,392227,6117,729787,0.090796,20600,5804235,0.722128,7054,6534022,0.812924,8037679
4,2021-06-13,10900,11908373,8614,7125404,1807,4390263,479,392706,2283,724112,0.09009,8547,5812782,0.723192,2872,6536894,0.813281,8037679
4,2021-06-14,28810,11937183,21555,7146959,4446,4394709,2809,395515,7850,714180,0.088854,20810,5833592,0.725781,10878,6547772,0.814635,8037679
4,2021-06-15,30239,11967422,21405,7168364,5422,4400131,3412,398927,8362,704516,0.087652,21691,5855283,0.728479,12027,6559799,0.816131,8037679
4,2021-06-16,26862,11994284,20262,7188626,3971,4404102,2629,401556,8113,696917,0.086706,18551,5873834,0.730787,10952,6570751,0.817494,8037679
4,2021-06-17,25285,12019569,18675,7207301,3708,4407810,2902,404458,7668,690261,0.085878,17417,5891251,0.732954,10761,6581512,0.818832,8037679
4,2021-06-18,26822,12046391,21140,7228441,4445,4412255,1237,405695,8231,681598,0.0848,18379,5909630,0.735241,9716,6591228,0.820041,8037679
4,2021-06-19,15819,12062210,12796,7241237,2313,4414568,710,406405,5065,676935,0.08422,10605,5920235,0.73656,5942,6597170,0.82078,8037679
4,2021-06-20,7379,12069589,6074,7247311,999,4415567,306,406711,2620,675252,0.084011,4695,5924930,0.737144,3012,6600182,0.821155,8037679
4,2021-06-21,14626,12084215,10568,7257879,2908,4418475,1150,407861,7336,676700,0.084191,7196,5932126,0.73804,8644,6608826,0.822231,8037679
4,2021-06-22,20555,12104770,16009,7273888,3465,4421940,1081,408942,7095,671708,0.08357,13320,5945446,0.739697,8328,6617154,0.823267,8037679
4,2021-06-23,18495,12123265,14510,7288398,2983,4424923,1002,409944,6719,667927,0.083099,11629,5957075,0.741144,7848,6625002,0.824243,8037679
4,2021-06-24,17679,12140944,13676,7302074,3014,4427937,989,410933,6569,664679,0.082695,10944,5968019,0.742505,7696,6632698,0.825201,8037679
4,2021-06-25,21709,12162653,17058,7319132,3598,4431535,1053,411986,7832,660009,0.082114,13727,5981746,0.744213,9057,6641755,0.826327,8037679
4,2021-06-26,13155,12175808,10714,7329846,1823,4433358,618,412604,4841,657392,0.081789,8188,5989934,0.745232,5571,6647326,0.827021,8037679
4,2021-06-27,6914,12182722,5604,7335450,967,4434325,343,412947,2908,656731,0.081707,3966,5993900,0.745725,3305,6650631,0.827432,8037679
4,2021-06-28,15219,12197941,12775,7348225,1584,4435909,860,413807,6100,654804,0.081467,9016,6002916,0.746847,7089,6657720,0.828314,8037679
4,2021-06-29,16599,12214540,12883,7361108,2900,4438809,816,414623,6419,652111,0.081132,10049,6012965,0.748097,7356,6665076,0.829229,8037679
4,2021-06-30,14731,12229271,11489,7372597,2503,4441312,739,415362,6126,650632,0.080948,8464,6021429,0.74915,6985,6672061,0.830098,8037679
4,2021-07-01,14687,12243958,11566,7384163,2368,4443680,753,416115,6036,649047,0.080751,8511,6029940,0.750209,6926,6678987,0.83096,8037679
4,2021-07-02,17030,12260988,13499,7397662,2753,4446433,778,416893,6975,646985,0.080494,9944,6039884,0.751446,7882,6686869,0.83194,8037679
4,2021-07-03,9300,12270288,7388,7405050,1497,4447930,415,417308,4012,646269,0.080405,5201,6045085,0.752093,4485,6691354,0.832498,8037679
4,2021-07-04,449,12270737,281,7405331,107,4448037,61,417369,199,646297,0.080408,243,6045328,0.752124,271,6691625,0.832532,8037679
4,2021-07-05,9284,12280021,7545,7412876,1322,4449359,417,417786,4217,645999,0.080371,4982,6050310,0.752743,4684,6696309,0.833115,8037679
4,2021-07-06,16658,12296679,13131,7426007,2716,4452075,811,418597,6143,642685,0.079959,10378,6060688,0.754035,7064,6703373,0.833994,8037679
4,2021-07-07,13829,12310508,10789,7436796,2254,4454329,786,419383,5196,640273,0.079659,8514,6069202,0.755094,6102,6709475,0.834753,8037679
4,2021-07-08,13333,12323841,10399,7447195,2087,4456416,847,420230,5239,638485,0.079436,7962,6077164,0.756084,6174,6715649,0.835521,8037679
4,2021-07-09,15556,12339397,11926,7459121,2692,4459108,938,421168,6321,636784,0.079225,9080,6086244,0.757214,7379,6723028,0.836439,8037679
4,2021-07-10,8936,12348333,7074,7466195,1458,4460566,404,421572,3767,635933,0.079119,5081,6091325,0.757846,4230,6727258,0.836965,8037679
4,2021-07-11,4996,12353329,3996,7470191,800,4461366,200,421772,2239,635689,0.079089,2713,6094038,0.758184,2469,6729727,0.837272,8037679
4,2021-07-12,13135,12366464,10400,7480591,2004,4463370,731,422503,5095,633661,0.078836,7955,6101993,0.759174,5927,6735654,0.83801,8037679
4,2021-07-13,12907,12379371,9881,7490472,2385,4465755,641,423144,5493,632584,0.078702,7307,6109300,0.760083,6230,6741884,0.838785,8037679
4,2021-07-14,11836,12391207,9309,7499781,1966,4467721,561,423705,5130,631731,0.078596,6612,6115912,0.760905,5759,6747643,0.839501,8037679
4,2021-07-15,12542,12403749,9954,7509735,1991,4469712,597,424302,5712,631417,0.078557,6699,6122611,0.761739,6385,6754028,0.840296,8037679
4,2021-07-16,15094,12418843,11769,7521504,2653,4472365,672,424974,6960,631129,0.078521,8028,6130639,0.762737,7740,6761768,0.841259,8037679
4,2021-07-17,9404,12428247,7438,7528942,1640,4474005,326,425300,4442,631079,0.078515,4863,6135502,0.763343,4813,6766581,0.841858,8037679
4,2021-07-18,5395,12433642,4347,7533289,848,4474853,200,425500,2545,631053,0.078512,2792,6138294,0.76369,2766,6769347,0.842202,8037679
4,2021-07-19,12873,12446515,10202,7543491,2011,4476864,660,426160,6114,631242,0.078535,6661,6144955,0.764519,6850,6776197,0.843054,8037679
4,2021-07-20,13938,12460453,10738,7554229,2532,4479396,668,426828,6892,631986,0.078628,6898,6151853,0.765377,7642,6783839,0.844005,8037679
4,2021-07-21,12920,12473373,10019,7564248,2246,4481642,655,427483,6431,632780,0.078727,6347,6158200,0.766166,7141,6790980,0.844893,8037679
4,2021-07-22,13610,12486983,10626,7574874,2318,4483960,666,428149,7079,634202,0.078904,6386,6164586,0.766961,7808,6798788,0.845865,8037679
4,2021-07-23,15858,12502841,12221,7587095,2929,4486889,708,428857,8294,635901,0.079115,7389,6171975,0.76788,9088,6807876,0.846995,8037679
4,2021-07-24,9658,12512499,7556,7594651,1769,4488658,333,429190,4961,636690,0.079213,4555,6176530,0.768447,5344,6813220,0.84766,8037679
4,2021-07-25,4815,12517314,3784,7598435,872,4489530,159,429349,3389,638885,0.079486,1368,6177898,0.768617,3563,6816783,0.848103,8037679
4,2021-07-26,13135,12530449,10282,7608717,2162,4491692,691,430040,7633,641920,0.079864,5342,6183240,0.769282,8377,6825160,0.849146,8037679
4,2021-07-27,14507,12544956,11122,7619839,2618,4494310,767,430807,7839,644062,0.08013,6504,6189744,0.770091,8646,6833806,0.850221,8037679
4,2021-07-28,13322,12558278,10157,7629996,2461,4496771,704,431511,7384,646452,0.080428,5755,6195499,0.770807,8145,6841951,0.851235,8037679
4,2021-07-29,13625,12571903,10584,7640580,2316,4499087,725,432236,7646,649157,0.080764,5743,6201242,0.771521,8448,6850399,0.852286,8037679
4,2021-07-30,15914,12587817,12164,7652744,2939,4502026,811,433047,8633,651801,0.081093,6902,6208144,0.77238,9546,6859945,0.853473,8037679
4,2021-07-31,9799,12597616,7645,7660389,1727,4503753,427,433474,5525,653725,0.081333,4069,6212213,0.772886,5993,6865938,0.854219,8037679
4,2021-08-01,5469,12603085,4507,7664896,790,4504543,172,433646,3227,655035,0.081496,2124,6214337,0.773151,3434,6869372,0.854646,8037679
4,2021-08-02,14188,12617273,11322,7676218,2116,4506659,750,434396,8291,658454,0.081921,5688,6220025,0.773858,9107,6878479,0.855779,8037679
4,2021-08-03,14748,12632021,11324,7687542,2658,4509317,766,435162,8474,661723,0.082328,6047,6226072,0.774611,9316,6887795,0.856938,8037679
4,2021-08-04,13424,12645445,10457,7697999,2272,4511589,695,435857,7577,664409,0.082662,5627,6231699,0.775311,8313,6896108,0.857973,8037679
4,2021-08-05,14426,12659871,11384,7709383,2268,4513857,774,436631,8089,667242,0.083014,6079,6237778,0.776067,8912,6905020,0.859081,8037679
4,2021-08-06,17331,12677202,13295,7722678,3158,4517015,878,437509,9643,670477,0.083417,7352,6245130,0.776982,10587,6915607,0.860399,8037679
4,2021-08-07,10251,12687453,8160,7730838,1649,4518664,442,437951,5592,672075,0.083616,4477,6249607,0.777539,6075,6921682,0.861154,8037679
4,2021-08-08,6255,12693708,4970,7735808,1081,4519745,204,438155,3599,673390,0.083779,2517,6252124,0.777852,3832,6925514,0.861631,8037679
4,2021-08-09,14778,12708486,11969,7747777,2057,4521802,752,438907,7921,675519,0.084044,6619,6258743,0.778675,8748,6934262,0.862719,8037679
4,2021-08-10,15006,12723492,11540,7759317,2691,4524493,775,439682,7923,677451,0.084284,6833,6265576,0.779526,8765,6943027,0.86381,8037679
4,2021-08-11,12737,12736229,9756,7769073,2200,4526693,781,440463,6651,679091,0.084488,5822,6271398,0.78025,7462,6950489,0.864738,8037679
4,2021-08-12,14248,12750477,10839,7779912,2641,4529334,768,441231,7325,680670,0.084685,6559,6277957,0.781066,8138,6958627,0.865751,8037679
4,2021-08-13,18016,12768493,13341,7793253,3765,4533099,910,442141,8891,682101,0.084863,8442,6286399,0.782116,9873,6968500,0.866979,8037679
4,2021-08-14,12379,12780872,8827,7802080,3022,4536121,530,442671,5659,683335,0.085016,5014,6291413,0.78274,6248,6974748,0.867756,8037679
4,2021-08-15,7548,12788420,5527,7807607,1798,4537919,223,442894,3356,684038,0.085104,2921,6294334,0.783103,3624,6978372,0.868207,8037679
4,2021-08-16,18265,12806685,12652,7820259,4729,4542648,884,443778,7551,685019,0.085226,7532,6301866,0.784041,8513,6986885,0.869266,8037679
4,2021-08-17,18575,12825260,12634,7832893,5074,4547722,867,444645,7354,685777,0.08532,7543,6309409,0.784979,8301,6995186,0.870299,8037679
4,2021-08-18,18203,12843463,12259,7845152,5145,4552867,799,445444,6930,686539,0.085415,7048,6316457,0.785856,7810,7002996,0.871271,8037679
4,2021-08-19,18621,12862084,12415,7857567,5406,4558273,800,446244,6886,687393,0.085521,6913,6323370,0.786716,7767,7010763,0.872237,8037679
4,2021-08-20,23456,12885540,15852,7873419,6752,4565025,852,447096,8376,687501,0.085535,9235,6332605,0.787865,9343,7020106,0.8734,8037679
4,2021-08-21,14735,12900275,10292,7883711,4037,4569062,406,447502,4961,687113,0.085486,5819,6338424,0.788589,5431,7025537,0.874075,8037679
4,2021-08-22,8733,12909008,6167,7889878,2404,4571466,162,447664,3433,687561,0.085542,3196,6341620,0.788986,3644,7029181,0.874529,8037679
4,2021-08-23,20550,12929558,14471,7904349,5370,4576836,709,448373,7476,687909,0.085586,8030,6349650,0.789986,8378,7037559,0.875571,8037679
4,2021-08-24,19875,12949433,14034,7918383,5163,4581999,678,449051,6999,687865,0.08558,7876,6357526,0.790965,7832,7045391,0.876545,8037679
4,2021-08-25,18350,12967783,12955,7931338,4759,4586758,636,449687,6595,688253,0.085628,7010,6364536,0.791838,7398,7052789,0.877466,8037679
4,2021-08-26,18824,12986607,13259,7944597,4931,4591689,634,450321,6450,688048,0.085603,7416,6371952,0.79276,7211,7060000,0.878363,8037679
4,2021-08-27,23118,13009725,16501,7961098,5933,4597622,684,451005,7677,686905,0.085461,9711,6381663,0.793968,8568,7068568,0.879429,8037679
4,2021-08-28,14277,13024002,10210,7971308,3705,4601327,362,451367,4778,686229,0.085377,5930,6387593,0.794706,5254,7073822,0.880083,8037679
4,2021-08-29,8422,13032424,6010,7977318,2306,4603633,106,451473,2918,685857,0.08533,3469,6391062,0.795138,3097,7076919,0.880468,8037679
4,2021-08-30,18960,13051384,13247,7990565,5076,4608709,637,452110,6087,684949,0.085217,7790,6398852,0.796107,6882,7083801,0.881324,8037679
4,2021-08-31,19001,13070385,12964,8003529,5486,4614195,551,452661,5618,683703,0.085062,7553,6406405,0.797047,6307,7090108,0.882109,8037679
4,2021-09-01,17252,13087637,11852,8015381,4893,4619088,507,453168,5560,683586,0.085048,6312,6412717,0.797832,6195,7096303,0.88288,8037679
4,2021-09-02,17382,13105019,11890,8027271,4973,4624061,519,453687,5302,683026,0.084978,6493,6419210,0.79864,5933,7102236,0.883618,8037679
4,2021-09-03,21377,13126396,14815,8042086,5915,4629976,647,454334,6462,681238,0.084756,9115,6428325,0.799774,7327,7109563,0.884529,8037679
4,2021-09-04,11622,13138018,8412,8050498,2925,4632901,285,454619,3662,680040,0.084607,5241,6433566,0.800426,4043,7113606,0.885032,8037679
4,2021-09-05,7565,13145583,5415,8055913,2056,4634957,94,454713,2671,679837,0.084581,3040,6436606,0.800804,2837,7116443,0.885385,8037679
4,2021-09-06,2708,13148291,1767,8057680,892,4635849,49,454762,1013,679785,0.084575,1129,6437735,0.800945,1077,7117520,0.885519,8037679
4,2021-09-07,17775,13166066,12638,8070318,4626,4640475,511,455273,4906,676983,0.084226,8359,6446094,0.801985,5557,7123077,0.886211,8037679
4,2021-09-08,15295,13181361,10799,8081117,4038,4644513,458,455731,4751,675956,0.084098,6333,6452427,0.802772,5306,7128383,0.886871,8037679
4,2021-09-09,14870,13196231,10162,8091279,4168,4648681,540,456271,4553,675078,0.083989,6088,6458515,0.80353,5210,7133593,0.887519,8037679
4,2021-09-10,18271,13214502,12720,8103999,4979,4653660,572,456843,5478,673037,0.083735,8235,6466750,0.804554,6194,7139787,0.88829,8037679
4,2021-09-11,10415,13224917,7425,8111424,2731,4656391,259,457102,3353,671874,0.083591,4836,6471586,0.805156,3673,7143460,0.888747,8037679
4,2021-09-12,3508,13228425,2272,8113696,1174,4657565,62,457164,1108,671544,0.083549,1508,6473094,0.805344,1178,7144638,0.888893,8037679
