vemquartile,administered_date,total_doses,cumulative_total_doses,pfizer_doses,cumulative_pfizer_doses,moderna_doses,cumulative_moderna_doses,jj_doses,cumulative_jj_doses,partially_vaccinated,total_partially_vaccinated,pct_age16pop_partially_vaccinated,fully_vaccinated,cumulative_fully_vaccinated,pct_age16pop_fully_vaccinated,at_least_one_dose,cumulative_at_least_one_dose,pct_age16pop_at_least_one_dose,age16_population
1,2020-12-15,148,148,148,148,0,0,0,0,148,148,1.8e-05,0,0,0.0,148,148,1.8e-05,8051741
1,2020-12-16,1154,1302,1154,1302,0,0,0,0,1154,1302,0.000162,0,0,0.0,1154,1302,0.000162,8051741
1,2020-12-17,4107,5409,4107,5409,0,0,0,0,4108,5410,0.000672,0,0,0.0,4108,5410,0.000672,8051741
1,2020-12-18,6248,11657,6228,11637,20,20,0,0,6250,11660,0.001448,0,0,0.0,6250,11660,0.001448,8051741
1,2020-12-19,2867,14524,2866,14503,1,21,0,0,2865,14524,0.001804,1,1,0.0,2865,14525,0.001804,8051741
1,2020-12-20,2083,16607,2079,16582,4,25,0,0,2084,16608,0.002063,0,1,0.0,2084,16609,0.002063,8051741
1,2020-12-21,7595,24202,7584,24166,11,36,0,0,7646,24254,0.003012,0,1,0.0,7646,24255,0.003012,8051741
1,2020-12-22,7269,31471,6930,31096,339,375,0,0,7272,31525,0.003915,1,2,0.0,7272,31527,0.003916,8051741
1,2020-12-23,7778,39249,6560,37656,1218,1593,0,0,7773,39298,0.004881,0,2,0.0,7773,39300,0.004881,8051741
1,2020-12-24,3292,42541,2354,40010,938,2531,0,0,3294,42592,0.00529,0,2,0.0,3294,42594,0.00529,8051741
1,2020-12-25,232,42773,149,40159,83,2614,0,0,232,42824,0.005319,0,2,0.0,232,42826,0.005319,8051741
1,2020-12-26,1354,44127,965,41124,389,3003,0,0,1353,44176,0.005487,1,3,0.0,1353,44179,0.005487,8051741
1,2020-12-27,853,44980,527,41651,326,3329,0,0,853,45029,0.005592,0,3,0.0,853,45032,0.005593,8051741
1,2020-12-28,6998,51978,4740,46391,2258,5587,0,0,6997,52026,0.006461,0,3,0.0,6997,52029,0.006462,8051741
1,2020-12-29,8824,60802,4974,51365,3850,9437,0,0,8821,60846,0.007557,1,4,0.0,8821,60850,0.007557,8051741
1,2020-12-30,11567,72369,6469,57834,5098,14535,0,0,11567,72413,0.008993,0,4,0.0,11567,72417,0.008994,8051741
1,2020-12-31,5917,78286,1952,59786,3965,18500,0,0,5915,78327,0.009728,1,5,1e-06,5915,78332,0.009729,8051741
1,2021-01-01,521,78807,175,59961,346,18846,0,0,521,78848,0.009793,0,5,1e-06,521,78853,0.009793,8051741
1,2021-01-02,2878,81685,1743,61704,1135,19981,0,0,2880,81728,0.01015,0,5,1e-06,2880,81733,0.010151,8051741
1,2021-01-03,1009,82694,539,62243,470,20451,0,0,1008,82735,0.010275,1,6,1e-06,1008,82741,0.010276,8051741
1,2021-01-04,7297,89991,3561,65804,3736,24187,0,0,7302,90036,0.011182,1,7,1e-06,7302,90043,0.011183,8051741
1,2021-01-05,10701,100692,5158,70962,5543,29730,0,0,9959,99286,0.012331,729,736,9.1e-05,9979,100022,0.012422,8051741
1,2021-01-06,13884,114576,7016,77978,6868,36598,0,0,12020,109486,0.013598,1826,2562,0.000318,12026,112048,0.013916,8051741
1,2021-01-07,17348,131924,9068,87046,8280,44878,0,0,12929,118101,0.014668,4320,6882,0.000855,12935,124983,0.015522,8051741
1,2021-01-08,20018,151942,10392,97438,9626,54504,0,0,14168,126441,0.015704,5833,12715,0.001579,14173,139156,0.017283,8051741
1,2021-01-09,6618,158560,3351,100789,3267,57771,0,0,4784,129411,0.016072,1818,14533,0.001805,4788,143944,0.017877,8051741
1,2021-01-10,3028,161588,1717,102506,1311,59082,0,0,1859,130118,0.01616,1153,15686,0.001948,1860,145804,0.018108,8051741
1,2021-01-11,18005,179593,11793,114299,6212,65294,0,0,11492,135161,0.016787,6485,22171,0.002754,11528,157332,0.01954,8051741
1,2021-01-12,18777,198370,10617,124916,8160,73454,0,0,12828,142114,0.01765,5907,28078,0.003487,12860,170192,0.021137,8051741
1,2021-01-13,19627,217997,10573,135489,9054,82508,0,0,14503,151528,0.018819,5101,33179,0.004121,14515,184707,0.02294,8051741
1,2021-01-14,21899,239896,9460,144949,12439,94947,0,0,19171,168070,0.020874,2668,35847,0.004452,19210,203917,0.025326,8051741
1,2021-01-15,25075,264971,9284,154233,15791,110738,0,0,23160,189410,0.023524,1864,37711,0.004684,23204,227121,0.028208,8051741
1,2021-01-16,13836,278807,4537,158770,9299,120037,0,0,12997,201572,0.025035,837,38548,0.004788,12999,240120,0.029822,8051741
1,2021-01-17,5163,283970,1986,160756,3177,123214,0,0,4797,206012,0.025586,362,38910,0.004832,4802,244922,0.030419,8051741
1,2021-01-18,14159,298129,8517,169273,5642,128856,0,0,11031,213965,0.026574,3116,42026,0.005219,11069,255991,0.031793,8051741
1,2021-01-19,24517,322646,12777,182050,11740,140596,0,0,19391,228294,0.028353,5111,47137,0.005854,19440,275431,0.034208,8051741
1,2021-01-20,28165,350811,13760,195810,14405,155001,0,0,22636,245455,0.030485,5508,52645,0.006538,22669,298100,0.037023,8051741
1,2021-01-21,30433,381244,14108,209918,16325,171326,0,0,27362,269863,0.033516,3016,55661,0.006913,27424,325524,0.040429,8051741
1,2021-01-22,27997,409241,11123,221041,16874,188200,0,0,26045,294023,0.036517,1910,57571,0.00715,26070,351594,0.043667,8051741
1,2021-01-23,18616,427857,8179,229220,10437,198637,0,0,16697,308827,0.038355,1904,59475,0.007387,16708,368302,0.045742,8051741
1,2021-01-24,6648,434505,4156,233376,2492,201129,0,0,6000,314188,0.039021,643,60118,0.007466,6004,374306,0.046488,8051741
1,2021-01-25,24744,459249,10255,243631,14489,215618,0,0,19303,328152,0.040755,5422,65540,0.00814,19386,393692,0.048895,8051741
1,2021-01-26,28269,487518,13294,256925,14975,230593,0,0,21795,343530,0.042665,6433,71973,0.008939,21811,415503,0.051604,8051741
1,2021-01-27,31414,518932,15323,272248,16091,246684,0,0,23582,359367,0.044632,7768,79741,0.009904,23605,439108,0.054536,8051741
1,2021-01-28,34250,553182,16004,288252,18246,264930,0,0,27572,380362,0.04724,6621,86362,0.010726,27616,466724,0.057966,8051741
1,2021-01-29,33197,586379,16318,304570,16879,281809,0,0,26781,400885,0.049789,6289,92651,0.011507,26812,493536,0.061296,8051741
1,2021-01-30,19968,606347,8629,313199,11339,293148,0,0,17983,416914,0.051779,1961,94612,0.011751,17990,511526,0.06353,8051741
1,2021-01-31,7585,613932,4986,318185,2599,295747,0,0,6852,423036,0.05254,732,95344,0.011841,6854,518380,0.064381,8051741
1,2021-02-01,28083,642015,12119,330304,15964,311711,0,0,20716,436435,0.054204,7323,102667,0.012751,20722,539102,0.066955,8051741
1,2021-02-02,31781,673796,11457,341761,20324,332035,0,0,23928,452602,0.056212,7793,110460,0.013719,23960,563062,0.06993,8051741
1,2021-02-03,38865,712661,14847,356608,24018,356053,0,0,28208,470300,0.05841,10537,120997,0.015027,28235,591297,0.073437,8051741
1,2021-02-04,43557,756218,17046,373654,26511,382564,0,0,31625,490142,0.060874,11829,132826,0.016497,31671,622968,0.077371,8051741
1,2021-02-05,46585,802803,17319,390973,29266,411830,0,0,30693,505097,0.062731,15779,148605,0.018456,30734,653702,0.081188,8051741
1,2021-02-06,26415,829218,10444,401417,15971,427801,0,0,20626,519994,0.064582,5744,154349,0.01917,20641,674343,0.083751,8051741
1,2021-02-07,6160,835378,3949,405366,2211,430012,0,0,4601,523069,0.064963,1543,155892,0.019361,4618,678961,0.084325,8051741
1,2021-02-08,30960,866338,14017,419383,16943,446955,0,0,20667,533619,0.066274,10194,166086,0.020627,20744,699705,0.086901,8051741
1,2021-02-09,37848,904186,16566,435949,21282,468237,0,0,23257,542466,0.067373,14479,180565,0.022426,23326,723031,0.089798,8051741
1,2021-02-10,46462,950648,22004,457953,24458,492695,0,0,26817,549849,0.068289,19508,200073,0.024848,26891,749922,0.093138,8051741
1,2021-02-11,50319,1000967,24754,482707,25565,518260,0,0,30690,561199,0.069699,19436,219509,0.027262,30786,780708,0.096961,8051741
1,2021-02-12,49233,1050200,21269,503976,27964,546224,0,0,28401,569025,0.070671,20705,240214,0.029834,28531,809239,0.100505,8051741
1,2021-02-13,25992,1076192,11300,515276,14692,560916,0,0,15078,573331,0.071206,10848,251062,0.031181,15154,824393,0.102387,8051741
1,2021-02-14,11569,1087761,5462,520738,6107,567023,0,0,6603,575100,0.071426,4938,256000,0.031794,6707,831100,0.10322,8051741
1,2021-02-15,23269,1111030,9218,529956,14051,581074,0,0,14174,580426,0.072087,9007,265007,0.032913,14333,845433,0.105,8051741
1,2021-02-16,46268,1157298,22096,552052,24172,605246,0,0,27394,589190,0.073175,18814,283821,0.03525,27578,873011,0.108425,8051741
1,2021-02-17,47564,1204862,23999,576051,23565,628811,0,0,25904,593736,0.07374,21561,305382,0.037927,26107,899118,0.111668,8051741
1,2021-02-18,49951,1254813,24928,600979,25023,653834,0,0,26116,596498,0.074083,23644,329026,0.040864,26406,925524,0.114947,8051741
1,2021-02-19,45198,1300011,24486,625465,20712,674546,0,0,25658,602766,0.074862,19450,348476,0.04328,25718,951242,0.118141,8051741
1,2021-02-20,26368,1326379,15950,641415,10418,684964,0,0,15103,606716,0.075352,11229,359705,0.044674,15179,966421,0.120026,8051741
1,2021-02-21,9616,1335995,8395,649810,1221,686185,0,0,5856,608983,0.075634,3724,363429,0.045137,5991,972412,0.12077,8051741
1,2021-02-22,29687,1365682,19511,669321,10176,696361,0,0,17495,614512,0.07632,12147,375576,0.046645,17676,990088,0.122966,8051741
1,2021-02-23,41820,1407502,20075,689396,21745,718106,0,0,23283,619762,0.076972,18426,394002,0.048934,23676,1013764,0.125906,8051741
1,2021-02-24,52296,1459798,25292,714688,27004,745110,0,0,29517,627081,0.077881,22689,416691,0.051752,30008,1043772,0.129633,8051741
1,2021-02-25,63449,1523247,30463,745151,32986,778096,0,0,39575,643407,0.079909,23788,440479,0.054706,40114,1083886,0.134615,8051741
1,2021-02-26,71349,1594596,33584,778735,37765,815861,0,0,47378,667417,0.082891,23837,464316,0.057667,47847,1131733,0.140558,8051741
1,2021-02-27,48094,1642690,21390,800125,26699,842560,5,5,31885,683465,0.084884,16109,480425,0.059667,32157,1163890,0.144551,8051741
1,2021-02-28,18880,1661570,11202,811327,7678,850238,0,5,14002,692866,0.086052,4828,485253,0.060267,14229,1178119,0.146319,8051741
1,2021-03-01,42994,1704564,19619,830946,23365,873603,10,15,28043,706341,0.087725,14859,500112,0.062112,28334,1206453,0.149838,8051741
1,2021-03-02,58266,1762830,23915,854861,34346,907949,5,20,37085,723096,0.089806,21085,521197,0.064731,37840,1244293,0.154537,8051741
1,2021-03-03,67577,1830407,31758,886619,35807,943756,12,32,40995,738401,0.091707,26474,547671,0.068019,41779,1286072,0.159726,8051741
1,2021-03-04,75136,1905543,34636,921255,40468,984224,32,64,48097,760187,0.094413,26896,574567,0.071359,48682,1334754,0.165772,8051741
1,2021-03-05,73771,1979314,32786,954041,40785,1025009,200,264,49100,785806,0.097595,24496,599063,0.074402,50115,1384869,0.171996,8051741
1,2021-03-06,56140,2035454,26594,980635,28219,1053228,1327,1591,38161,807936,0.100343,17925,616988,0.076628,40055,1424924,0.176971,8051741
1,2021-03-07,19369,2054823,12217,992852,6365,1059593,787,2378,14507,818670,0.101676,4848,621836,0.07723,15582,1440506,0.178906,8051741
1,2021-03-08,43008,2097831,20329,1013181,20828,1080421,1851,4229,30011,837938,0.104069,12932,634768,0.078836,32200,1472706,0.182905,8051741
1,2021-03-09,59581,2157412,25880,1039061,31241,1111662,2460,6689,35704,852932,0.105931,23801,658569,0.081792,38795,1511501,0.187723,8051741
1,2021-03-10,70119,2227531,34501,1073562,31390,1143052,4228,10917,43364,874381,0.108595,26655,685224,0.085103,48104,1559605,0.193698,8051741
1,2021-03-11,87298,2314829,39681,1113243,39821,1182873,7796,18713,51190,898022,0.111531,35909,721133,0.089562,59550,1619155,0.201094,8051741
1,2021-03-12,93465,2408294,40206,1153449,41019,1223892,12240,30953,53889,925227,0.11491,39414,760547,0.094457,66619,1685774,0.209368,8051741
1,2021-03-13,62821,2471115,28132,1181581,27026,1250918,7663,38616,40051,950620,0.118064,22674,783221,0.097273,48067,1733841,0.215337,8051741
1,2021-03-14,26731,2497846,14249,1195830,9014,1259932,3468,42084,15840,959285,0.11914,10846,794067,0.098621,19511,1753352,0.217761,8051741
1,2021-03-15,63211,2561057,27420,1223250,29212,1289144,6579,48663,37484,978136,0.121481,25581,819648,0.101798,44432,1797784,0.223279,8051741
1,2021-03-16,83130,2644187,37210,1260460,40439,1329583,5481,54144,52290,1005678,0.124902,30687,850335,0.105609,58229,1856013,0.230511,8051741
1,2021-03-17,89326,2733513,42673,1303133,40157,1369740,6496,60640,57405,1038254,0.128948,31790,882125,0.109557,64366,1920379,0.238505,8051741
1,2021-03-18,94548,2828061,47782,1350915,41274,1411014,5492,66132,58567,1067309,0.132556,35710,917835,0.113992,64765,1985144,0.246548,8051741
1,2021-03-19,99692,2927753,51146,1402061,42486,1453500,6060,72192,59500,1093458,0.135804,39959,957794,0.118955,66108,2051252,0.254759,8051741
1,2021-03-20,69717,2997470,35893,1437954,28650,1482150,5174,77366,45882,1121132,0.139241,23705,981499,0.121899,51379,2102631,0.26114,8051741
1,2021-03-21,25786,3023256,17783,1455737,6245,1488395,1758,79124,16760,1130874,0.140451,8963,990462,0.123012,18705,2121336,0.263463,8051741
1,2021-03-22,56689,3079945,29425,1485162,24085,1512480,3179,82303,38812,1155480,0.143507,17740,1008202,0.125215,42346,2163682,0.268722,8051741
1,2021-03-23,79865,3159810,40469,1525631,35952,1548432,3444,85747,51960,1183637,0.147004,27744,1035946,0.128661,55901,2219583,0.275665,8051741
1,2021-03-24,83988,3243798,42323,1567954,37479,1585911,4186,89933,51409,1207176,0.149927,32389,1068335,0.132684,55928,2275511,0.282611,8051741
1,2021-03-25,92035,3335833,46345,1614299,40151,1626062,5539,95472,53450,1228052,0.15252,38351,1106686,0.137447,59227,2334738,0.289967,8051741
1,2021-03-26,100109,3435942,48223,1662522,45768,1671830,6118,101590,56146,1246939,0.154866,43710,1150396,0.142875,62597,2397335,0.297741,8051741
1,2021-03-27,70535,3506477,36657,1699179,30190,1702020,3688,105278,37100,1254674,0.155826,33261,1183657,0.147006,40996,2438331,0.302833,8051741
1,2021-03-28,31184,3537661,20059,1719238,9928,1711948,1197,106475,16648,1258394,0.156288,14456,1198113,0.148802,18176,2456507,0.30509,8051741
1,2021-03-29,64707,3602368,32293,1751531,29642,1741590,2772,109247,37001,1270814,0.157831,27577,1225690,0.152227,39997,2496504,0.310058,8051741
1,2021-03-30,88542,3690910,43246,1794777,39392,1780982,5904,115151,50554,1289547,0.160158,37875,1263565,0.156931,56608,2553112,0.317088,8051741
1,2021-03-31,96616,3787526,50390,1845167,40517,1821499,5709,120860,55416,1309799,0.162673,40979,1304544,0.16202,61231,2614343,0.324693,8051741
1,2021-04-01,105957,3893483,50789,1895956,47232,1868731,7936,128796,55299,1322731,0.164279,50408,1354952,0.168281,63340,2677683,0.33256,8051741
1,2021-04-02,105535,3999018,48049,1944005,48322,1917053,9164,137960,54826,1336604,0.166002,50378,1405330,0.174537,64251,2741934,0.340539,8051741
1,2021-04-03,74987,4074005,37334,1981339,28438,1945491,9215,147175,35579,1342269,0.166705,39273,1444603,0.179415,44938,2786872,0.34612,8051741
1,2021-04-04,23434,4097439,11653,1992992,8356,1953847,3425,150600,10174,1342658,0.166754,13221,1457824,0.181057,13610,2800482,0.347811,8051741
1,2021-04-05,73148,4170587,34936,2027928,29351,1983198,8861,159461,34129,1347026,0.167296,38883,1496707,0.185886,43251,2843733,0.353182,8051741
1,2021-04-06,101117,4271704,47802,2075730,37030,2020228,16285,175746,46553,1355684,0.168372,54369,1551076,0.192639,63027,2906760,0.36101,8051741
1,2021-04-07,107651,4379355,51850,2127580,38693,2058921,17108,192854,49790,1365194,0.169553,57658,1608734,0.1998,67168,2973928,0.369352,8051741
1,2021-04-08,118057,4497412,55475,2183055,42214,2101135,20368,213222,53167,1374276,0.170681,64599,1673333,0.207823,73681,3047609,0.378503,8051741
1,2021-04-09,115962,4613374,52137,2235192,43820,2144955,20005,233227,51796,1382385,0.171688,63879,1737212,0.215756,71988,3119597,0.387444,8051741
1,2021-04-10,92655,4706029,41399,2276591,29059,2174014,22197,255424,36617,1385410,0.172063,55870,1793082,0.222695,58895,3178492,0.394758,8051741
1,2021-04-11,34737,4740766,19089,2295680,9192,2183206,6456,261880,14310,1386069,0.172145,20372,1813454,0.225225,21031,3199523,0.39737,8051741
1,2021-04-12,72051,4812817,32061,2327741,30194,2213400,9796,271676,31064,1386334,0.172178,40783,1854237,0.23029,41048,3240571,0.402468,8051741
1,2021-04-13,93448,4906265,49384,2377125,43733,2257133,331,272007,50196,1394261,0.173163,43051,1897288,0.235637,50978,3291549,0.4088,8051741
1,2021-04-14,99507,5005772,51473,2428598,47971,2305104,63,272070,50750,1397148,0.173521,48463,1945751,0.241656,51350,3342899,0.415177,8051741
1,2021-04-15,100338,5106110,54132,2482730,46124,2351228,82,272152,53749,1405300,0.174534,46129,1991880,0.247385,54281,3397180,0.421919,8051741
1,2021-04-16,104106,5210216,53457,2536187,50563,2401791,86,272238,52370,1406622,0.174698,51390,2043270,0.253767,52712,3449892,0.428465,8051741
1,2021-04-17,78679,5288895,42621,2578808,36051,2437842,7,272245,44234,1416824,0.175965,34282,2077552,0.258025,44484,3494376,0.43399,8051741
1,2021-04-18,27722,5316617,18331,2597139,9385,2447227,6,272251,14548,1418545,0.176179,13104,2090656,0.259653,14825,3509201,0.435831,8051741
1,2021-04-19,63719,5380336,32580,2629719,31115,2478342,24,272275,29122,1413605,0.175565,34324,2124980,0.263916,29384,3538585,0.439481,8051741
1,2021-04-20,83707,5464043,41923,2671642,41768,2520110,16,272291,39921,1410524,0.175182,43526,2168506,0.269321,40445,3579030,0.444504,8051741
1,2021-04-21,90373,5554416,46103,2717745,44181,2564291,89,272380,41212,1403869,0.174356,48755,2217261,0.275377,42100,3621130,0.449733,8051741
1,2021-04-22,91792,5646208,47605,2765350,44168,2608459,19,272399,42841,1398892,0.173738,48573,2265834,0.281409,43596,3664726,0.455147,8051741
1,2021-04-23,94287,5740495,48437,2813787,45825,2654284,25,272424,45621,1396861,0.173486,48304,2314138,0.287408,46273,3710999,0.460894,8051741
1,2021-04-24,72064,5812559,45766,2859553,26287,2680571,11,272435,41550,1408612,0.174945,30325,2344463,0.291175,42076,3753075,0.46612,8051741
1,2021-04-25,26714,5839273,17113,2876666,9593,2690164,8,272443,15411,1413006,0.175491,11228,2355691,0.292569,15622,3768697,0.46806,8051741
1,2021-04-26,57231,5896504,30674,2907340,26211,2716375,346,272789,27131,1411233,0.175271,29882,2385573,0.29628,28109,3796806,0.471551,8051741
1,2021-04-27,72609,5969113,38426,2945766,33073,2749448,1110,273899,31161,1402835,0.174228,41173,2426746,0.301394,32775,3829581,0.475621,8051741
1,2021-04-28,72344,6041457,37970,2983736,33016,2782464,1358,275257,31603,1395938,0.173371,40495,2467241,0.306423,33598,3863179,0.479794,8051741
1,2021-04-29,69489,6110946,38074,3021810,30108,2812572,1307,276564,28459,1385476,0.172072,40809,2508050,0.311492,30347,3893526,0.483563,8051741
1,2021-04-30,79982,6190928,43417,3065227,34880,2847452,1685,278249,33760,1375711,0.170859,45995,2554045,0.317204,36230,3929756,0.488063,8051741
1,2021-05-01,45916,6236844,30234,3095461,14733,2862185,949,279198,18592,1368617,0.169978,27198,2581243,0.320582,20104,3949860,0.49056,8051741
1,2021-05-02,13038,6249882,10133,3105594,2745,2864930,160,279358,5925,1367790,0.169875,7061,2588304,0.321459,6234,3956094,0.491334,8051741
1,2021-05-03,37596,6287478,19306,3124900,17049,2881979,1241,280599,13798,1359695,0.16887,23645,2611949,0.324396,15550,3971644,0.493265,8051741
1,2021-05-04,47620,6335098,29402,3154302,16981,2898960,1237,281836,15887,1346177,0.167191,31558,2643507,0.328315,18040,3989684,0.495506,8051741
2,2020-12-15,233,233,233,233,0,0,0,0,233,233,3e-05,0,0,0.0,233,233,3e-05,7897587
2,2020-12-16,1926,2159,1926,2159,0,0,0,0,1926,2159,0.000273,0,0,0.0,1926,2159,0.000273,7897587
2,2020-12-17,6662,8821,6662,8821,0,0,0,0,6663,8822,0.001117,0,0,0.0,6663,8822,0.001117,7897587
2,2020-12-18,10828,19649,10809,19630,19,19,0,0,10829,19651,0.002488,0,0,0.0,10829,19651,0.002488,7897587
2,2020-12-19,5573,25222,5568,25198,5,24,0,0,5575,25226,0.003194,0,0,0.0,5575,25226,0.003194,7897587
2,2020-12-20,4218,29440,4210,29408,8,32,0,0,4214,29440,0.003728,0,0,0.0,4214,29440,0.003728,7897587
2,2020-12-21,12764,42204,12741,42149,23,55,0,0,12719,42159,0.005338,0,0,0.0,12719,42159,0.005338,7897587
2,2020-12-22,12036,54240,11529,53678,507,562,0,0,12036,54195,0.006862,0,0,0.0,12036,54195,0.006862,7897587
2,2020-12-23,11605,65845,9417,63095,2188,2750,0,0,11607,65802,0.008332,0,0,0.0,11607,65802,0.008332,7897587
2,2020-12-24,5842,71687,3488,66583,2354,5104,0,0,5839,71641,0.009071,0,0,0.0,5839,71641,0.009071,7897587
2,2020-12-25,478,72165,401,66984,77,5181,0,0,479,72120,0.009132,0,0,0.0,479,72120,0.009132,7897587
2,2020-12-26,2565,74730,1669,68653,896,6077,0,0,2567,74687,0.009457,0,0,0.0,2567,74687,0.009457,7897587
2,2020-12-27,2211,76941,1197,69850,1014,7091,0,0,2209,76895,0.009737,1,1,0.0,2209,76896,0.009737,7897587
2,2020-12-28,10903,87844,7085,76935,3818,10909,0,0,10903,87797,0.011117,1,2,0.0,10903,87799,0.011117,7897587
2,2020-12-29,12683,100527,7187,84122,5496,16405,0,0,12687,100484,0.012723,0,2,0.0,12687,100486,0.012724,7897587
2,2020-12-30,15316,115843,8633,92755,6683,23088,0,0,15333,115816,0.014665,1,3,0.0,15333,115819,0.014665,7897587
2,2020-12-31,7497,123340,2802,95557,4695,27783,0,0,7495,123310,0.015614,1,4,1e-06,7495,123314,0.015614,7897587
2,2021-01-01,1099,124439,530,96087,569,28352,0,0,1101,124410,0.015753,1,5,1e-06,1101,124415,0.015754,7897587
2,2021-01-02,4806,129245,2751,98838,2055,30407,0,0,4804,129214,0.016361,0,5,1e-06,4804,129219,0.016362,7897587
2,2021-01-03,1382,130627,790,99628,592,30999,0,0,1377,130588,0.016535,3,8,1e-06,1377,130596,0.016536,7897587
2,2021-01-04,11602,142229,5547,105175,6055,37054,0,0,11590,142174,0.018002,4,12,2e-06,11590,142186,0.018004,7897587
2,2021-01-05,13775,156004,6877,112052,6898,43952,0,0,12602,153639,0.019454,1166,1178,0.000149,12631,154817,0.019603,7897587
2,2021-01-06,18874,174878,10438,122490,8436,52388,0,0,15165,165144,0.020911,3665,4843,0.000613,15170,169987,0.021524,7897587
2,2021-01-07,22838,197716,12839,135329,9999,62387,0,0,15500,173302,0.021944,7355,12198,0.001545,15513,185500,0.023488,7897587
2,2021-01-08,26300,224016,15953,151282,10347,72734,0,0,16274,179596,0.022741,9995,22193,0.00281,16289,201789,0.025551,7897587
2,2021-01-09,9694,233710,5662,156944,4032,76766,0,0,6210,182305,0.023084,3505,25698,0.003254,6214,208003,0.026338,7897587
2,2021-01-10,5258,238968,2913,159857,2345,79111,0,0,3051,183130,0.023188,2230,27928,0.003536,3055,211058,0.026724,7897587
2,2021-01-11,25912,264880,17818,177675,8094,87205,0,0,14997,187223,0.023706,10950,38878,0.004923,15043,226101,0.028629,7897587
2,2021-01-12,25928,290808,16102,193777,9826,97031,0,0,16479,194290,0.024601,9479,48357,0.006123,16546,242647,0.030724,7897587
2,2021-01-13,28218,319026,14871,208648,13347,110378,0,0,20321,206741,0.026178,7892,56249,0.007122,20343,262990,0.0333,7897587
2,2021-01-14,30023,349049,11417,220065,18606,128984,0,0,25844,228425,0.028923,4207,60456,0.007655,25891,288881,0.036578,7897587
2,2021-01-15,35084,384133,12928,232993,22156,151140,0,0,31872,257133,0.032558,3226,63682,0.008063,31934,320815,0.040622,7897587
2,2021-01-16,17542,401675,5610,238603,11932,163072,0,0,16234,272043,0.034446,1334,65016,0.008232,16244,337059,0.042679,7897587
2,2021-01-17,10550,412225,3519,242122,7031,170103,0,0,9848,281172,0.035602,727,65743,0.008324,9856,346915,0.043927,7897587
2,2021-01-18,19628,431853,10989,253111,8639,178742,0,0,14908,291387,0.036896,4736,70479,0.008924,14951,361866,0.04582,7897587
2,2021-01-19,32193,464046,16792,269903,15401,194143,0,0,24230,307758,0.038969,7969,78448,0.009933,24340,386206,0.048902,7897587
2,2021-01-20,36504,500550,18122,288025,18382,212525,0,0,28011,327381,0.041453,8473,86921,0.011006,28096,414302,0.052459,7897587
2,2021-01-21,40433,540983,17200,305225,23233,235758,0,0,36052,359223,0.045485,4360,91281,0.011558,36202,450504,0.057043,7897587
2,2021-01-22,39026,580009,16307,321532,22719,258477,0,0,35746,391719,0.0496,3283,94564,0.011974,35779,486283,0.061574,7897587
2,2021-01-23,23905,603914,10814,332346,13091,271568,0,0,20953,409774,0.051886,2927,97491,0.012344,20982,507265,0.06423,7897587
2,2021-01-24,12430,616344,6157,338503,6273,277841,0,0,11519,420405,0.053232,898,98389,0.012458,11529,518794,0.06569,7897587
2,2021-01-25,33513,649857,15548,354051,17965,295806,0,0,24832,436727,0.055299,8629,107018,0.013551,24951,543745,0.06885,7897587
2,2021-01-26,40027,689884,19807,373858,20220,316026,0,0,31140,459077,0.058129,8866,115884,0.014673,31216,574961,0.072802,7897587
2,2021-01-27,44889,734773,22874,396732,22015,338041,0,0,34959,484280,0.06132,9809,125693,0.015915,35012,609973,0.077235,7897587
2,2021-01-28,47775,782548,22504,419236,25271,363312,0,0,39296,515207,0.065236,8427,134120,0.016982,39354,649327,0.082218,7897587
2,2021-01-29,45402,827950,22268,441504,23134,386446,0,0,36898,543744,0.068849,8408,142528,0.018047,36945,686272,0.086896,7897587
2,2021-01-30,31150,859100,13557,455061,17593,404039,0,0,27932,568525,0.071987,3179,145707,0.01845,27960,714232,0.090437,7897587
2,2021-01-31,17547,876647,10649,465710,6898,410937,0,0,16333,583678,0.073906,1199,146906,0.018601,16352,730584,0.092507,7897587
2,2021-02-01,40075,916722,19155,484865,20920,431857,0,0,29736,603136,0.07637,10309,157215,0.019907,29767,760351,0.096276,7897587
2,2021-02-02,47722,964444,19728,504593,27994,459851,0,0,36319,628220,0.079546,11330,168545,0.021341,36414,796765,0.100887,7897587
2,2021-02-03,53527,1017971,23787,528380,29740,489591,0,0,39738,654342,0.082853,13699,182244,0.023076,39821,836586,0.105929,7897587
2,2021-02-04,55707,1073678,24232,552612,31475,521066,0,0,40811,680434,0.086157,14807,197051,0.024951,40899,877485,0.111108,7897587
2,2021-02-05,59411,1133089,26312,578924,33099,554165,0,0,40301,701978,0.088885,18944,215995,0.027349,40488,917973,0.116235,7897587
2,2021-02-06,38749,1171838,18136,597060,20613,574778,0,0,31230,725834,0.091906,7453,223448,0.028293,31309,949282,0.120199,7897587
2,2021-02-07,15892,1187730,10647,607707,5245,580023,0,0,12036,734102,0.092953,3832,227280,0.028778,12100,961382,0.121731,7897587
2,2021-02-08,42934,1230664,22062,629769,20872,600895,0,0,29607,750680,0.095052,13223,240503,0.030453,29801,991183,0.125505,7897587
2,2021-02-09,49009,1279673,23387,653156,25622,626517,0,0,30785,763635,0.096692,18141,258644,0.03275,31096,1022279,0.129442,7897587
2,2021-02-10,59217,1338890,28029,681185,31188,657705,0,0,34667,774317,0.098045,24326,282970,0.03583,35008,1057287,0.133875,7897587
2,2021-02-11,63479,1402369,29436,710621,34043,691748,0,0,35851,783305,0.099183,27341,310311,0.039292,36329,1093616,0.138475,7897587
2,2021-02-12,64569,1466938,27938,738559,36631,728379,0,0,34544,788673,0.099863,29824,340135,0.043068,35192,1128808,0.142931,7897587
2,2021-02-13,37396,1504334,15711,754270,21685,750064,0,0,21679,795096,0.100676,15632,355767,0.045048,22055,1150863,0.145723,7897587
2,2021-02-14,19871,1524205,9318,763588,10553,760617,0,0,11203,798087,0.101055,8632,364399,0.046141,11623,1162486,0.147195,7897587
2,2021-02-15,32835,1557040,14887,778475,17948,778565,0,0,18292,802821,0.101654,14435,378834,0.047968,19169,1181655,0.149622,7897587
2,2021-02-16,55739,1612779,27605,806080,28134,806699,0,0,29411,806850,0.102164,26250,405084,0.051292,30279,1211934,0.153456,7897587
2,2021-02-17,60907,1673686,31548,837628,29359,836058,0,0,30291,807709,0.102273,30569,435653,0.055163,31428,1243362,0.157436,7897587
2,2021-02-18,65446,1739132,33308,870936,32138,868196,0,0,32043,808042,0.102315,33205,468858,0.059367,33538,1276900,0.161682,7897587
2,2021-02-19,58628,1797760,32709,903645,25919,894115,0,0,29165,808580,0.102383,29327,498185,0.063081,29865,1306765,0.165464,7897587
2,2021-02-20,36731,1834491,23991,927636,12740,906855,0,0,19966,812836,0.102922,16696,514881,0.065195,20952,1327717,0.168117,7897587
2,2021-02-21,17843,1852334,14414,942050,3429,910284,0,0,8770,813968,0.103065,9009,523890,0.066335,10141,1337858,0.169401,7897587
2,2021-02-22,37098,1889432,25489,967539,11609,921893,0,0,17813,813826,0.103047,19190,543080,0.068765,19048,1356906,0.171813,7897587
2,2021-02-23,50649,1940081,25811,993350,24838,946731,0,0,22349,810763,0.10266,28132,571212,0.072327,25069,1381975,0.174987,7897587
2,2021-02-24,67741,2007822,34893,1028243,32848,979579,0,0,31350,809153,0.102456,36264,607476,0.076919,34654,1416629,0.179375,7897587
2,2021-02-25,72844,2080666,34088,1062331,38756,1018335,0,0,37015,814141,0.103087,35634,643110,0.081431,40622,1457251,0.184519,7897587
2,2021-02-26,81083,2161749,34771,1097102,46312,1064647,0,0,44008,823562,0.10428,36853,679963,0.086098,46274,1503525,0.190378,7897587
2,2021-02-27,58519,2220268,26623,1123725,31892,1096539,4,4,31947,830608,0.105172,26397,706360,0.08944,33443,1536968,0.194612,7897587
2,2021-02-28,28843,2249111,17306,1141031,11536,1108075,1,5,16872,837163,0.106002,11892,718252,0.090946,18447,1555415,0.196948,7897587
2,2021-03-01,55128,2304239,28947,1169978,26166,1134241,15,20,30232,844564,0.106939,24704,742956,0.094074,32105,1587520,0.201013,7897587
2,2021-03-02,64377,2368616,29842,1199820,34530,1168771,5,25,35954,855251,0.108293,28322,771278,0.09766,39009,1626529,0.205953,7897587
2,2021-03-03,77521,2446137,37514,1237334,40001,1208772,6,31,43620,868278,0.109942,33745,805023,0.101933,46772,1673301,0.211875,7897587
2,2021-03-04,85326,2531463,41842,1279176,43458,1252230,26,57,49302,884539,0.112001,35864,840887,0.106474,52125,1725426,0.218475,7897587
2,2021-03-05,78281,2609744,36674,1315850,41312,1293542,295,352,47871,904907,0.11458,30243,871130,0.110303,50611,1776037,0.224883,7897587
2,2021-03-06,61214,2670958,29846,1345696,29710,1323252,1658,2010,37597,922233,0.116774,23521,894651,0.113282,40847,1816884,0.230056,7897587
2,2021-03-07,26764,2697722,15480,1361176,10341,1333593,943,2953,17140,932148,0.118029,9569,904220,0.114493,19484,1836368,0.232523,7897587
2,2021-03-08,48813,2746535,22268,1383444,24124,1357717,2421,5374,30759,949016,0.120165,17957,922177,0.116767,34825,1871193,0.236932,7897587
2,2021-03-09,63054,2809589,25855,1409299,33458,1391175,3741,9115,33645,959041,0.121435,29296,951473,0.120476,39321,1910514,0.241911,7897587
2,2021-03-10,74564,2884153,34965,1444264,33417,1424592,6182,15297,39535,971709,0.123039,34863,986336,0.124891,47531,1958045,0.24793,7897587
2,2021-03-11,90545,2974698,41554,1485818,40844,1465436,8147,23444,47638,986742,0.124942,42666,1029002,0.130293,57699,2015744,0.255235,7897587
2,2021-03-12,91439,3066137,37634,1523452,41975,1507411,11830,35274,45850,1000380,0.126669,45425,1074427,0.136045,59063,2074807,0.262714,7897587
2,2021-03-13,67117,3133254,28121,1551573,31181,1538592,7815,43089,37062,1016611,0.128724,29953,1104380,0.139838,46184,2120991,0.268562,7897587
2,2021-03-14,35895,3169149,17768,1569341,13684,1552276,4443,47532,19189,1024395,0.12971,16630,1121010,0.141943,24414,2145405,0.271653,7897587
2,2021-03-15,66045,3235194,29764,1599105,31338,1583614,4943,52475,36709,1038024,0.131436,29154,1150164,0.145635,42783,2188188,0.27707,7897587
2,2021-03-16,84880,3320074,37440,1636545,43505,1627119,3935,56410,52067,1062780,0.13457,32670,1182834,0.149772,57426,2245614,0.284342,7897587
2,2021-03-17,90390,3410464,43339,1679884,43095,1670214,3956,60366,57799,1093251,0.138428,32388,1215222,0.153873,62859,2308473,0.292301,7897587
2,2021-03-18,95046,3505510,44824,1724708,45816,1716030,4406,64772,58809,1121505,0.142006,35981,1251203,0.158429,64235,2372708,0.300435,7897587
2,2021-03-19,95145,3600655,44831,1769539,44294,1760324,6020,70792,57317,1147958,0.145356,37598,1288801,0.163189,64051,2436759,0.308545,7897587
2,2021-03-20,68294,3668949,32774,1802313,31658,1791982,3862,74654,45581,1175410,0.148832,22531,1311332,0.166042,49983,2486742,0.314874,7897587
2,2021-03-21,32460,3701409,20871,1823184,9638,1801620,1951,76605,20629,1187167,0.15032,11745,1323077,0.167529,23502,2510244,0.317849,7897587
2,2021-03-22,61371,3762780,33632,1856816,25185,1826805,2554,79159,41545,1212697,0.153553,19664,1342741,0.170019,45194,2555438,0.323572,7897587
2,2021-03-23,81557,3844337,42974,1899790,35780,1862585,2803,81962,53814,1242743,0.157357,27523,1370264,0.173504,57569,2613007,0.330861,7897587
2,2021-03-24,89739,3934076,48310,1948100,38376,1900961,3053,85015,53773,1265212,0.160202,35717,1405981,0.178027,58186,2671193,0.338229,7897587
2,2021-03-25,98518,4032594,49329,1997429,45458,1946419,3731,88746,56807,1285079,0.162718,41445,1447426,0.183274,61312,2732505,0.345992,7897587
2,2021-03-26,100655,4133249,49955,2047384,47299,1993718,3401,92147,56909,1303044,0.164993,43446,1490872,0.188776,61411,2793916,0.353768,7897587
2,2021-03-27,73737,4206986,36677,2084061,33810,2027528,3250,95397,38036,1309689,0.165834,35514,1526386,0.193272,42159,2836075,0.359107,7897587
2,2021-03-28,36744,4243730,22484,2106545,13457,2040985,803,96200,20746,1316068,0.166642,15907,1542293,0.195287,22286,2858361,0.361928,7897587
2,2021-03-29,69760,4313490,35555,2142100,32028,2073013,2177,98377,40896,1331322,0.168573,28716,1571009,0.198923,43970,2902331,0.367496,7897587
2,2021-03-30,89614,4403104,43643,2185743,41969,2114982,4002,102379,55159,1356803,0.1718,34299,1605308,0.203266,59780,2962111,0.375065,7897587
2,2021-03-31,98824,4501928,50887,2236630,43049,2158031,4888,107267,58424,1380312,0.174776,40193,1645501,0.208355,63702,3025813,0.383131,7897587
2,2021-04-01,113856,4615784,54797,2291427,50447,2208478,8612,115879,62690,1401166,0.177417,50931,1696432,0.214804,71785,3097598,0.392221,7897587
2,2021-04-02,108683,4724467,50170,2341597,48813,2257291,9700,125579,59290,1421553,0.179998,49097,1745529,0.221021,69484,3167082,0.401019,7897587
2,2021-04-03,74712,4799179,36639,2378236,28644,2285935,9429,135008,37426,1431815,0.181298,37119,1782648,0.225721,47381,3214463,0.407018,7897587
2,2021-04-04,28669,4827848,14757,2392993,10141,2296076,3771,138779,13213,1433495,0.181511,15388,1798036,0.227669,17068,3231531,0.40918,7897587
2,2021-04-05,77739,4905587,38272,2431265,30978,2327054,8489,147268,38303,1441878,0.182572,39323,1837359,0.232648,47706,3279237,0.41522,7897587
2,2021-04-06,101760,5007347,49650,2480915,37866,2364920,14244,161512,48985,1453250,0.184012,52567,1889926,0.239304,63939,3343176,0.423316,7897587
2,2021-04-07,108338,5115685,54284,2535199,38224,2403144,15830,177342,51893,1465615,0.185578,56231,1946157,0.246424,68596,3411772,0.432002,7897587
2,2021-04-08,116928,5232613,56461,2591660,42157,2445301,18310,195652,54791,1477483,0.18708,61903,2008060,0.254262,73771,3485543,0.441343,7897587
2,2021-04-09,115845,5348458,55998,2647658,42225,2487526,17622,213274,55422,1491518,0.188857,60152,2068212,0.261879,74187,3559730,0.450736,7897587
2,2021-04-10,84850,5433308,36968,2684626,30217,2517743,17665,230939,35553,1496395,0.189475,49137,2117349,0.268101,54014,3613744,0.457576,7897587
2,2021-04-11,43490,5476798,22411,2707037,12655,2530398,8424,239363,17829,1498095,0.18969,25577,2142926,0.271339,27277,3641021,0.46103,7897587
2,2021-04-12,78343,5555141,36599,2743636,32593,2562991,9151,248514,35402,1500934,0.19005,42731,2185657,0.27675,45570,3686591,0.4668,7897587
2,2021-04-13,99486,5654627,51384,2795020,47864,2610855,238,248752,54746,1512531,0.191518,44544,2230201,0.28239,56141,3742732,0.473908,7897587
2,2021-04-14,103809,5758436,54483,2849503,49280,2660135,46,248798,53701,1518346,0.192254,49905,2280106,0.288709,55720,3798452,0.480964,7897587
2,2021-04-15,109669,5868105,58180,2907683,51425,2711560,64,248862,57852,1526431,0.193278,51523,2331629,0.295233,59608,3858060,0.488511,7897587
2,2021-04-16,107013,5975118,55735,2963418,51228,2762788,50,248912,54804,1530324,0.193771,51975,2383604,0.301814,55868,3913928,0.495585,7897587
2,2021-04-17,79038,6054156,40560,3003978,38465,2801253,13,248925,43941,1540455,0.195054,34936,2418540,0.306238,45067,3958995,0.501292,7897587
2,2021-04-18,33370,6087526,19932,3023910,13435,2814688,3,248928,16243,1540855,0.195105,17050,2435590,0.308397,17450,3976445,0.503501,7897587
2,2021-04-19,72613,6160139,39356,3063266,33248,2847936,9,248937,33418,1536227,0.194519,39020,2474610,0.313337,34392,4010837,0.507856,7897587
2,2021-04-20,93725,6253864,46769,3110035,46939,2894875,17,248954,45999,1536459,0.194548,47499,2522109,0.319352,47731,4058568,0.5139,7897587
2,2021-04-21,97779,6351643,51915,3161950,45810,2940685,54,249008,46800,1534536,0.194304,50694,2572803,0.325771,48771,4107339,0.520075,7897587
2,2021-04-22,103071,6454714,52408,3214358,50645,2991330,18,249026,45753,1525604,0.193173,57027,2629830,0.332992,48095,4155434,0.526165,7897587
2,2021-04-23,102514,6557228,54165,3268523,48334,3039664,15,249041,47489,1521027,0.192594,54753,2684583,0.339924,50176,4205610,0.532518,7897587
2,2021-04-24,77804,6635032,46291,3314814,31477,3071141,36,249077,41104,1527898,0.193464,36507,2721090,0.344547,43378,4248988,0.538011,7897587
2,2021-04-25,35738,6670770,22107,3336921,13617,3084758,14,249091,19521,1532101,0.193996,16112,2737202,0.346587,20315,4269303,0.540583,7897587
2,2021-04-26,64731,6735501,35909,3372830,28548,3113306,274,249365,29648,1529827,0.193708,34913,2772115,0.351008,32639,4301942,0.544716,7897587
2,2021-04-27,79410,6814911,41575,3414405,36717,3150023,1118,250483,34091,1522763,0.192814,45101,2817216,0.356719,38037,4339979,0.549532,7897587
2,2021-04-28,80100,6895011,41873,3456278,36479,3186502,1748,252231,34843,1517316,0.192124,45051,2862267,0.362423,39604,4379583,0.554547,7897587
2,2021-04-29,76499,6971510,41648,3497926,33423,3219925,1428,253659,29862,1504962,0.19056,46438,2908705,0.368303,34084,4413667,0.558863,7897587
2,2021-04-30,85850,7057360,47552,3545478,36522,3256447,1776,255435,33520,1491073,0.188801,52083,2960788,0.374898,38194,4451861,0.563699,7897587
2,2021-05-01,44329,7101689,26979,3572457,16479,3272926,871,256306,17570,1484814,0.188009,26626,2987414,0.378269,20367,4472228,0.566278,7897587
2,2021-05-02,16870,7118559,12850,3585307,3633,3276559,387,256693,7085,1483019,0.187781,9729,2997143,0.379501,7934,4480162,0.567282,7897587
2,2021-05-03,41344,7159903,23383,3608690,16764,3293323,1197,257890,14549,1473332,0.186555,26656,3023799,0.382876,16969,4497131,0.569431,7897587
2,2021-05-04,48345,7208248,30637,3639327,16651,3309974,1057,258947,14820,1458386,0.184662,33392,3057191,0.387104,18446,4515577,0.571767,7897587
3,2020-12-15,303,303,303,303,0,0,0,0,303,303,3.9e-05,0,0,0.0,303,303,3.9e-05,7688185
3,2020-12-16,2205,2508,2205,2508,0,0,0,0,2205,2508,0.000326,0,0,0.0,2205,2508,0.000326,7688185
3,2020-12-17,7602,10110,7602,10110,0,0,0,0,7602,10110,0.001315,0,0,0.0,7602,10110,0.001315,7688185
3,2020-12-18,12807,22917,12796,22906,11,11,0,0,12806,22916,0.002981,0,0,0.0,12806,22916,0.002981,7688185
3,2020-12-19,7041,29958,7030,29936,11,22,0,0,7105,30021,0.003905,0,0,0.0,7105,30021,0.003905,7688185
3,2020-12-20,5488,35446,5480,35416,8,30,0,0,5535,35555,0.004625,1,1,0.0,5535,35556,0.004625,7688185
3,2020-12-21,14253,49699,14231,49647,22,52,0,0,14318,49872,0.006487,1,2,0.0,14318,49874,0.006487,7688185
3,2020-12-22,14622,64321,14055,63702,567,619,0,0,14661,64533,0.008394,0,2,0.0,14661,64535,0.008394,7688185
3,2020-12-23,14651,78972,12069,75771,2582,3201,0,0,14678,79211,0.010303,0,2,0.0,14678,79213,0.010303,7688185
3,2020-12-24,6757,85729,4851,80622,1906,5107,0,0,6755,85965,0.011181,1,3,0.0,6755,85968,0.011182,7688185
3,2020-12-25,719,86448,663,81285,56,5163,0,0,718,86683,0.011275,0,3,0.0,718,86686,0.011275,7688185
3,2020-12-26,4594,91042,2983,84268,1611,6774,0,0,4592,91275,0.011872,0,3,0.0,4592,91278,0.011873,7688185
3,2020-12-27,2950,93992,1832,86100,1118,7892,0,0,2951,94226,0.012256,0,3,0.0,2951,94229,0.012256,7688185
3,2020-12-28,13459,107451,8605,94705,4854,12746,0,0,13487,107712,0.01401,1,4,1e-06,13487,107716,0.014011,7688185
3,2020-12-29,14888,122339,8420,103125,6468,19214,0,0,14918,122628,0.01595,2,6,1e-06,14918,122634,0.015951,7688185
3,2020-12-30,17928,140267,10043,113168,7885,27099,0,0,17917,140545,0.018281,0,6,1e-06,17917,140551,0.018281,7688185
3,2020-12-31,8312,148579,3208,116376,5104,32203,0,0,8312,148856,0.019362,1,7,1e-06,8312,148863,0.019363,7688185
3,2021-01-01,1161,149740,528,116904,633,32836,0,0,1158,150014,0.019512,0,7,1e-06,1158,150021,0.019513,7688185
3,2021-01-02,4985,154725,2469,119373,2516,35352,0,0,4985,154999,0.020161,0,7,1e-06,4985,155006,0.020162,7688185
3,2021-01-03,1593,156318,840,120213,753,36105,0,0,1584,156579,0.020366,4,11,1e-06,1584,156590,0.020368,7688185
3,2021-01-04,11954,168272,5985,126198,5969,42074,0,0,11928,168500,0.021917,7,18,2e-06,11928,168518,0.021919,7688185
3,2021-01-05,15566,183838,8029,134227,7537,49611,0,0,13966,180905,0.02353,1585,1603,0.000209,13990,182508,0.023739,7688185
3,2021-01-06,20048,203886,10504,144731,9544,59155,0,0,15807,192517,0.025041,4201,5804,0.000755,15813,198321,0.025796,7688185
3,2021-01-07,26010,229896,14815,159546,11195,70350,0,0,16975,200496,0.026078,9009,14813,0.001927,16988,215309,0.028005,7688185
3,2021-01-08,29984,259880,18340,177886,11644,81994,0,0,17903,206359,0.026841,12060,26873,0.003495,17923,233232,0.030336,7688185
3,2021-01-09,12292,272172,6953,184839,5339,87333,0,0,7811,209702,0.027276,4476,31349,0.004078,7819,241051,0.031353,7688185
3,2021-01-10,7155,279327,4467,189306,2688,90021,0,0,4012,210577,0.02739,3141,34490,0.004486,4016,245067,0.031876,7688185
3,2021-01-11,28649,307976,18742,208048,9907,99928,0,0,16207,214391,0.027886,12436,46926,0.006104,16250,261317,0.033989,7688185
3,2021-01-12,31853,339829,19040,227088,12813,112741,0,0,19487,221612,0.028825,12349,59275,0.00771,19570,280887,0.036535,7688185
3,2021-01-13,34277,374106,17962,245050,16315,129056,0,0,24200,235752,0.030664,10077,69352,0.009021,24217,305104,0.039685,7688185
3,2021-01-14,34271,408377,14103,259153,20168,149224,0,0,28421,258385,0.033608,5819,75171,0.009777,28452,333556,0.043386,7688185
3,2021-01-15,38514,446891,14396,273549,24118,173342,0,0,33925,287786,0.037432,4580,79751,0.010373,33981,367537,0.047805,7688185
3,2021-01-16,21737,468628,7606,281155,14131,187473,0,0,19435,304953,0.039665,2289,82040,0.010671,19456,386993,0.050336,7688185
3,2021-01-17,13105,481733,4465,285620,8640,196113,0,0,12082,316031,0.041106,1022,83062,0.010804,12100,399093,0.05191,7688185
3,2021-01-18,24528,506261,12756,298376,11772,207885,0,0,19046,329616,0.042873,5500,88562,0.011519,19085,418178,0.054392,7688185
3,2021-01-19,40649,546910,20755,319131,19894,227779,0,0,31632,352334,0.045828,8992,97554,0.012689,31710,449888,0.058517,7688185
3,2021-01-20,44620,591530,21948,341079,22672,250451,0,0,35376,378582,0.049242,9202,106756,0.013886,35450,485338,0.063128,7688185
3,2021-01-21,47059,638589,20279,361358,26780,277231,0,0,41675,415007,0.05398,5311,112067,0.014577,41736,527074,0.068556,7688185
3,2021-01-22,49114,687703,19580,380938,29534,306765,0,0,45019,455988,0.05931,4105,116172,0.01511,45086,572160,0.074421,7688185
3,2021-01-23,29950,717653,12706,393644,17244,324009,0,0,26640,479371,0.062352,3299,119471,0.01554,26682,598842,0.077891,7688185
3,2021-01-24,17601,735254,8483,402127,9118,333127,0,0,16454,494705,0.064346,1143,120614,0.015688,16477,615319,0.080034,7688185
3,2021-01-25,40209,775463,17990,420117,22219,355346,0,0,30412,515418,0.06704,9780,130394,0.01696,30493,645812,0.084001,7688185
3,2021-01-26,46450,821913,22153,442270,24297,379643,0,0,36540,542154,0.070518,9905,140299,0.018249,36641,682453,0.088766,7688185
3,2021-01-27,50343,872256,24434,466704,25909,405552,0,0,39867,571691,0.07436,10400,150699,0.019601,39937,722390,0.093961,7688185
3,2021-01-28,51234,923490,23779,490483,27455,433007,0,0,42457,605496,0.078757,8696,159395,0.020732,42501,764891,0.099489,7688185
3,2021-01-29,50131,973621,24152,514635,25979,458986,0,0,40727,637051,0.082861,9218,168613,0.021931,40773,805664,0.104792,7688185
3,2021-01-30,36569,1010190,17343,531978,19226,478212,0,0,32035,664678,0.086454,4486,173099,0.022515,32113,837777,0.108969,7688185
3,2021-01-31,22187,1032377,12807,544785,9380,487592,0,0,20716,683947,0.088961,1462,174561,0.022705,20731,858508,0.111666,7688185
3,2021-02-01,44746,1077123,20191,564976,24555,512147,0,0,34625,708528,0.092158,10080,184641,0.024016,34661,893169,0.116174,7688185
3,2021-02-02,54090,1131213,22817,587793,31273,543420,0,0,41415,737400,0.095913,12590,197231,0.025654,41462,934631,0.121567,7688185
3,2021-02-03,59499,1190712,26526,614319,32973,576393,0,0,44375,766865,0.099746,14973,212204,0.027601,44438,979069,0.127347,7688185
3,2021-02-04,63881,1254593,27778,642097,36103,612496,0,0,46900,797075,0.103675,16792,228996,0.029785,47002,1026071,0.133461,7688185
3,2021-02-05,69681,1324274,29687,671784,39994,652490,0,0,48229,824225,0.107207,21243,250239,0.032549,48393,1074464,0.139755,7688185
3,2021-02-06,43395,1367669,21132,692916,22263,674753,0,0,33658,848356,0.110345,9708,259947,0.033811,33839,1108303,0.144157,7688185
3,2021-02-07,19387,1387056,12268,705184,7119,681872,0,0,14922,858950,0.111723,4454,264401,0.034391,15048,1123351,0.146114,7688185
3,2021-02-08,50648,1437704,24396,729580,26252,708124,0,0,33305,875212,0.113839,17225,281626,0.036631,33487,1156838,0.15047,7688185
3,2021-02-09,57969,1495673,28218,757798,29751,737875,0,0,34084,885923,0.115232,23715,305341,0.039716,34426,1191264,0.154947,7688185
3,2021-02-10,67261,1562934,31295,789093,35966,773841,0,0,36533,892479,0.116084,30500,335841,0.043683,37056,1228320,0.159767,7688185
3,2021-02-11,69864,1632798,34458,823551,35406,809247,0,0,37676,898822,0.11691,31857,367698,0.047826,38200,1266520,0.164736,7688185
3,2021-02-12,74511,1707309,32235,855786,42276,851523,0,0,41339,908018,0.118106,32898,400596,0.052105,42094,1308614,0.170211,7688185
3,2021-02-13,44419,1751728,20186,875972,24233,875756,0,0,25641,915606,0.119093,18633,419229,0.054529,26221,1334835,0.173622,7688185
3,2021-02-14,27046,1778774,13521,889493,13525,889281,0,0,15140,919344,0.119579,11862,431091,0.056072,15600,1350435,0.175651,7688185
3,2021-02-15,39543,1818317,17077,906570,22466,911747,0,0,21916,924667,0.120271,17545,448636,0.058354,22868,1373303,0.178625,7688185
3,2021-02-16,69104,1887421,32713,939283,36391,948138,0,0,36152,929033,0.120839,32830,481466,0.062624,37196,1410499,0.183463,7688185
3,2021-02-17,70806,1958227,35867,975150,34939,983077,0,0,33789,927104,0.120588,36822,518288,0.067414,34893,1445392,0.188002,7688185
3,2021-02-18,75896,2034123,39656,1014806,36240,1019317,0,0,35536,923766,0.120154,40241,558529,0.072648,36903,1482295,0.192802,7688185
3,2021-02-19,67791,2101914,39117,1053923,28674,1047991,0,0,34423,925603,0.120393,33277,591806,0.076976,35114,1517409,0.197369,7688185
3,2021-02-20,41220,2143134,26039,1079962,15181,1063172,0,0,21905,928774,0.120805,19231,611037,0.079477,22402,1539811,0.200283,7688185
3,2021-02-21,19533,2162667,15802,1095764,3731,1066903,0,0,9219,928170,0.120727,10250,621287,0.080811,9646,1549457,0.201537,7688185
3,2021-02-22,44638,2207305,29088,1124852,15550,1082453,0,0,21180,926516,0.120512,23382,644669,0.083852,21728,1571185,0.204364,7688185
3,2021-02-23,59503,2266808,32300,1157152,27203,1109656,0,0,26295,921760,0.119893,33085,677754,0.088155,28329,1599514,0.208048,7688185
3,2021-02-24,75791,2342599,37020,1194172,38771,1148427,0,0,34018,916720,0.119238,41615,719369,0.093568,36575,1636089,0.212806,7688185
3,2021-02-25,84134,2426733,40484,1234656,43650,1192077,0,0,42221,919856,0.119645,41706,761075,0.098993,44842,1680931,0.218638,7688185
3,2021-02-26,94718,2521451,43146,1277802,51572,1243649,0,0,50563,928758,0.120803,43850,804925,0.104696,52752,1733683,0.2255,7688185
3,2021-02-27,66307,2587758,30007,1307809,36297,1279946,3,3,35195,934310,0.121525,30952,835877,0.108722,36504,1770187,0.230248,7688185
3,2021-02-28,37389,2625147,21673,1329482,15715,1295661,1,4,19455,936961,0.12187,17802,853679,0.111038,20453,1790640,0.232908,7688185
3,2021-03-01,64994,2690141,34413,1363895,30570,1326231,11,15,36408,946347,0.123091,28442,882121,0.114737,37828,1828468,0.237828,7688185
3,2021-03-02,74177,2764318,35398,1399293,38777,1365008,2,17,42896,960188,0.124891,31170,913291,0.118791,45011,1873479,0.243683,7688185
3,2021-03-03,86710,2851028,41195,1440488,45503,1410511,12,29,48369,972720,0.126521,38179,951470,0.123757,50711,1924190,0.250279,7688185
3,2021-03-04,91253,2942281,44613,1485101,46625,1457136,15,44,51983,987950,0.128502,39093,990563,0.128842,54323,1978513,0.257345,7688185
3,2021-03-05,87160,3029441,42382,1527483,44490,1501626,288,332,53137,1009839,0.131349,33820,1024383,0.133241,55709,2034222,0.264591,7688185
3,2021-03-06,63749,3093190,32026,1559509,29589,1531215,2134,2466,36539,1022972,0.133058,27093,1051476,0.136765,40226,2074448,0.269823,7688185
3,2021-03-07,36344,3129534,21458,1580967,13783,1544998,1103,3569,20838,1031014,0.134104,15464,1066940,0.138777,23506,2097954,0.27288,7688185
3,2021-03-08,57674,3187208,27338,1608305,27526,1572524,2810,6379,36568,1050980,0.136701,21008,1087948,0.141509,40974,2138928,0.27821,7688185
3,2021-03-09,69989,3257197,29650,1637955,36023,1608547,4316,10695,36396,1059935,0.137865,33499,1121447,0.145866,42454,2181382,0.283732,7688185
3,2021-03-10,79743,3336940,39314,1677269,34520,1643067,5909,16604,41351,1070865,0.139287,38234,1159681,0.150839,49164,2230546,0.290126,7688185
3,2021-03-11,94883,3431823,46262,1723531,40215,1683282,8406,25010,46782,1079676,0.140433,47885,1207566,0.157068,56696,2287242,0.297501,7688185
3,2021-03-12,100057,3531880,44553,1768084,43759,1727041,11745,36755,45930,1084546,0.141067,53954,1261520,0.164086,58824,2346066,0.305152,7688185
3,2021-03-13,68383,3600263,28902,1796986,32359,1759400,7122,43877,36059,1096884,0.142671,32233,1293753,0.168278,44571,2390637,0.310949,7688185
3,2021-03-14,40162,3640425,21106,1818092,15585,1774985,3471,47348,21865,1104692,0.143687,18245,1311998,0.170651,26053,2416690,0.314338,7688185
3,2021-03-15,74321,3714746,35240,1853332,34604,1809589,4477,51825,39561,1115123,0.145044,34610,1346608,0.175153,45041,2461731,0.320197,7688185
3,2021-03-16,93688,3808434,43138,1896470,46318,1855907,4232,56057,53485,1133880,0.147483,40025,1386633,0.180359,58782,2520513,0.327842,7688185
3,2021-03-17,96195,3904629,46738,1943208,45083,1900990,4374,60431,58994,1160956,0.151005,37029,1423662,0.185175,64105,2584618,0.336181,7688185
3,2021-03-18,100715,4005344,50726,1993934,45665,1946655,4324,64755,59065,1183735,0.153968,41443,1465105,0.190566,64222,2648840,0.344534,7688185
3,2021-03-19,100730,4106074,53722,2047656,42630,1989285,4378,69133,57416,1203106,0.156488,43106,1508211,0.196173,62477,2711317,0.35266,7688185
3,2021-03-20,70199,4176273,36179,2083835,30475,2019760,3545,72678,44430,1226078,0.159476,25624,1533835,0.199505,48596,2759913,0.358981,7688185
3,2021-03-21,35334,4211607,24015,2107850,9861,2029621,1458,74136,22996,1239063,0.161165,12284,1546119,0.201103,25269,2785182,0.362268,7688185
3,2021-03-22,68754,4280361,40331,2148181,25989,2055610,2434,76570,45097,1264219,0.164437,23501,1569620,0.20416,48657,2833839,0.368597,7688185
3,2021-03-23,88029,4368390,48397,2196578,37221,2092831,2411,78981,57192,1293955,0.168304,30633,1600253,0.208144,60369,2894208,0.376449,7688185
3,2021-03-24,97165,4465555,56103,2252681,38322,2131153,2740,81721,56831,1314358,0.170958,40049,1640302,0.213354,60452,2954660,0.384312,7688185
3,2021-03-25,104782,4570337,58206,2310887,43746,2174899,2830,84551,60524,1334384,0.173563,44000,1684302,0.219077,64026,3018686,0.39264,7688185
3,2021-03-26,108142,4678479,58019,2368906,46936,2221835,3187,87738,57745,1346046,0.17508,50157,1734459,0.225601,61819,3080505,0.40068,7688185
3,2021-03-27,72980,4751459,36996,2405902,33466,2255301,2518,90256,36593,1349618,0.175544,36222,1770681,0.230312,39794,3120299,0.405856,7688185
3,2021-03-28,43175,4794634,27112,2433014,15263,2270564,800,91056,23096,1354018,0.176117,19996,1790677,0.232913,24396,3144695,0.40903,7688185
3,2021-03-29,79403,4874037,41540,2474554,36098,2306662,1765,92821,44998,1367364,0.177853,34217,1824894,0.237363,47563,3192258,0.415216,7688185
3,2021-03-30,98443,4972480,48410,2522964,46511,2353173,3522,96343,59730,1392718,0.18115,38510,1863404,0.242372,63864,3256122,0.423523,7688185
3,2021-03-31,103176,5075656,55703,2578667,42766,2395939,4707,101050,57235,1409220,0.183297,45789,1909193,0.248328,62291,3318413,0.431625,7688185
3,2021-04-01,120383,5196039,60693,2639360,50396,2446335,9294,110344,65708,1430140,0.186018,54448,1963641,0.25541,75368,3393781,0.441428,7688185
3,2021-04-02,115461,5311500,56502,2695862,49062,2495397,9897,120241,61683,1448664,0.188427,53569,2017210,0.262378,72093,3465874,0.450805,7688185
3,2021-04-03,74495,5385995,38014,2733876,27537,2522934,8944,129185,37458,1458541,0.189712,36930,2054140,0.267181,46807,3512681,0.456893,7688185
3,2021-04-04,32038,5418033,17142,2751018,10784,2533718,4112,133297,14345,1459422,0.189827,17640,2071780,0.269476,18521,3531202,0.459302,7688185
3,2021-04-05,87680,5505713,44561,2795579,34253,2567971,8866,142163,43497,1468635,0.191025,44033,2115813,0.275203,53246,3584448,0.466228,7688185
3,2021-04-06,111658,5617371,54567,2850146,42217,2610188,14874,157037,53246,1479399,0.192425,58202,2174015,0.282774,68966,3653414,0.475199,7688185
3,2021-04-07,114358,5731729,59522,2909668,38906,2649094,15930,172967,55974,1493658,0.19428,58183,2232198,0.290341,72442,3725856,0.484621,7688185
3,2021-04-08,119494,5851223,59899,2969567,39874,2688968,19721,192688,55955,1506886,0.196,63301,2295499,0.298575,76529,3802385,0.494575,7688185
3,2021-04-09,115653,5966876,57837,3027404,39133,2728101,18683,211371,51381,1513919,0.196915,64080,2359579,0.30691,71113,3873498,0.503825,7688185
3,2021-04-10,82104,6048980,37272,3064676,29928,2758029,14904,226275,33802,1515398,0.197107,48164,2407743,0.313174,49643,3923141,0.510282,7688185
3,2021-04-11,44222,6093202,23705,3088381,12636,2770665,7881,234156,16856,1513822,0.196902,27287,2435030,0.316724,25711,3948852,0.513626,7688185
3,2021-04-12,82468,6175670,41911,3130292,32079,2802744,8478,242634,37860,1516811,0.197291,44437,2479467,0.322504,47426,3996278,0.519795,7688185
3,2021-04-13,103469,6279139,55981,3186273,47285,2850029,203,242837,54760,1524334,0.19827,48539,2528006,0.328817,56062,4052340,0.527087,7688185
3,2021-04-14,104397,6383536,57199,3243472,47108,2897137,90,242927,52683,1527480,0.198679,51475,2579481,0.335512,54621,4106961,0.534191,7688185
3,2021-04-15,115423,6498959,64869,3308341,50502,2947639,52,242979,62400,1538370,0.200095,52792,2632273,0.342379,63682,4170643,0.542474,7688185
3,2021-04-16,112377,6611336,63066,3371407,49223,2996862,88,243067,59178,1545458,0.201017,52968,2685241,0.349269,60056,4230699,0.550286,7688185
3,2021-04-17,76047,6687383,41712,3413119,34323,3031185,12,243079,42096,1554906,0.202246,33811,2719052,0.353666,43259,4273958,0.555912,7688185
3,2021-04-18,36450,6723833,21537,3434656,14909,3046094,4,243083,17371,1554275,0.202164,19007,2738059,0.356139,18376,4292334,0.558303,7688185
3,2021-04-19,77370,6801203,43317,3477973,34003,3080097,50,243133,35188,1548352,0.201394,42045,2780104,0.361607,36122,4328456,0.563001,7688185
3,2021-04-20,97214,6898417,50329,3528302,46876,3126973,9,243142,47560,1548156,0.201368,49494,2829598,0.368045,49298,4377754,0.569413,7688185
3,2021-04-21,99909,6998326,55078,3583380,44770,3171743,61,243203,47538,1545254,0.200991,52124,2881722,0.374825,49222,4426976,0.575815,7688185
3,2021-04-22,106589,7104915,59081,3642461,47489,3219232,19,243222,46559,1533954,0.199521,59774,2941496,0.3826,48474,4475450,0.58212,7688185
3,2021-04-23,101496,7206411,57688,3700149,43788,3263020,20,243242,44646,1524838,0.198335,56564,2998060,0.389957,47448,4522898,0.588292,7688185
3,2021-04-24,71838,7278249,44627,3744776,27155,3290175,56,243298,35279,1525831,0.198464,36347,3034407,0.394684,37340,4560238,0.593149,7688185
3,2021-04-25,35776,7314025,23082,3767858,12681,3302856,13,243311,18383,1527541,0.198687,17295,3051702,0.396934,19005,4579243,0.595621,7688185
3,2021-04-26,63852,7377877,35706,3803564,27794,3330650,352,243663,26992,1520530,0.197775,36671,3088373,0.401704,29660,4608903,0.599479,7688185
3,2021-04-27,81178,7459055,42271,3845835,37529,3368179,1378,245041,32329,1507853,0.196126,48629,3137002,0.408029,35952,4644855,0.604155,7688185
3,2021-04-28,79051,7538106,44097,3889932,32991,3401170,1963,247004,31812,1496572,0.194659,47041,3184043,0.414148,35760,4680615,0.608806,7688185
3,2021-04-29,75275,7613381,42964,3932896,30364,3431534,1947,248951,26333,1478323,0.192285,48737,3232780,0.420487,30488,4711103,0.612772,7688185
3,2021-04-30,81479,7694860,46050,3978946,33243,3464777,2186,251137,30115,1461405,0.190085,51164,3283944,0.427142,34246,4745349,0.617226,7688185
3,2021-05-01,35603,7730463,22729,4001675,12231,3477008,643,251780,12985,1453590,0.189068,22525,3306469,0.430071,14710,4760059,0.619139,7688185
3,2021-05-02,13492,7743955,10226,4011901,2976,3479984,290,252070,5792,1452186,0.188885,7668,3314137,0.431069,6264,4766323,0.619954,7688185
3,2021-05-03,37382,7781337,19967,4031868,16258,3496242,1157,253227,11500,1439798,0.187274,25774,3339911,0.434421,13386,4779709,0.621695,7688185
3,2021-05-04,43639,7824976,25807,4057675,16738,3512980,1094,254321,11888,1422876,0.185073,31620,3371531,0.438534,14698,4794407,0.623607,7688185
4,2020-12-15,444,444,444,444,0,0,0,0,444,444,5.9e-05,0,0,0.0,444,444,5.9e-05,7584050
4,2020-12-16,2956,3400,2956,3400,0,0,0,0,2956,3400,0.000448,0,0,0.0,2956,3400,0.000448,7584050
4,2020-12-17,8520,11920,8520,11920,0,0,0,0,8520,11920,0.001572,0,0,0.0,8520,11920,0.001572,7584050
4,2020-12-18,15376,27296,15367,27287,9,9,0,0,15376,27296,0.003599,0,0,0.0,15376,27296,0.003599,7584050
4,2020-12-19,10231,37527,10224,37511,7,16,0,0,10166,37462,0.00494,0,0,0.0,10166,37462,0.00494,7584050
4,2020-12-20,7363,44890,7350,44861,13,29,0,0,7318,44780,0.005904,0,0,0.0,7318,44780,0.005904,7584050
4,2020-12-21,16274,61164,16251,61112,23,52,0,0,16207,60987,0.008041,0,0,0.0,16207,60987,0.008041,7584050
4,2020-12-22,17089,78253,16357,77469,732,784,0,0,17045,78032,0.010289,0,0,0.0,17045,78032,0.010289,7584050
4,2020-12-23,16900,95153,14217,91686,2683,3467,0,0,16872,94904,0.012514,0,0,0.0,16872,94904,0.012514,7584050
4,2020-12-24,8531,103684,5953,97639,2578,6045,0,0,8531,103435,0.013638,0,0,0.0,8531,103435,0.013638,7584050
4,2020-12-25,898,104582,794,98433,104,6149,0,0,898,104333,0.013757,0,0,0.0,898,104333,0.013757,7584050
4,2020-12-26,6162,110744,3862,102295,2300,8449,0,0,6162,110495,0.014569,0,0,0.0,6162,110495,0.014569,7584050
4,2020-12-27,3414,114158,1996,104291,1418,9867,0,0,3414,113909,0.01502,0,0,0.0,3414,113909,0.01502,7584050
4,2020-12-28,14946,129104,9231,113522,5715,15582,0,0,14916,128824,0.016986,1,1,0.0,14916,128825,0.016986,7584050
4,2020-12-29,15224,144328,8427,121949,6797,22379,0,0,15190,144014,0.018989,0,1,0.0,15190,144015,0.018989,7584050
4,2020-12-30,18857,163185,11060,133009,7797,30176,0,0,18846,162858,0.021474,2,3,0.0,18846,162861,0.021474,7584050
4,2020-12-31,8183,171368,3315,136324,4868,35044,0,0,8178,171034,0.022552,2,5,1e-06,8178,171039,0.022552,7584050
4,2021-01-01,1207,172575,507,136831,700,35744,0,0,1205,172237,0.02271,2,7,1e-06,1205,172244,0.022711,7584050
4,2021-01-02,5653,178228,3193,140024,2460,38204,0,0,5652,177888,0.023456,1,8,1e-06,5652,177896,0.023457,7584050
4,2021-01-03,2110,180338,1250,141274,860,39064,0,0,2096,179980,0.023731,4,12,2e-06,2096,179992,0.023733,7584050
4,2021-01-04,12937,193275,7059,148333,5878,44942,0,0,12888,192836,0.025427,32,44,6e-06,12888,192880,0.025432,7584050
4,2021-01-05,16734,210009,9891,158224,6843,51785,0,0,14710,205554,0.027103,2003,2047,0.00027,14721,207601,0.027373,7584050
4,2021-01-06,21453,231462,13158,171382,8295,60080,0,0,15619,215403,0.028402,5781,7828,0.001032,15630,223231,0.029434,7584050
4,2021-01-07,27730,259192,16914,188296,10816,70896,0,0,16961,221663,0.029228,10714,18542,0.002445,16974,240205,0.031672,7584050
4,2021-01-08,32585,291777,20913,209209,11672,82568,0,0,18455,226071,0.029809,14062,32604,0.004299,18470,258675,0.034108,7584050
4,2021-01-09,16135,307912,9547,218756,6588,89156,0,0,9408,228785,0.030167,6705,39309,0.005183,9419,268094,0.03535,7584050
4,2021-01-10,8703,316615,5626,224382,3077,92233,0,0,4098,228307,0.030104,4584,43893,0.005788,4106,272200,0.035891,7584050
4,2021-01-11,33228,349843,21764,246146,11464,103697,0,0,18749,232654,0.030677,14439,58332,0.007691,18786,290986,0.038368,7584050
4,2021-01-12,37997,387840,21802,267948,16195,119892,0,0,23986,242716,0.032003,13962,72294,0.009532,24024,315010,0.041536,7584050
4,2021-01-13,38353,426193,18878,286826,19475,139367,0,0,27180,258801,0.034124,11119,83413,0.010998,27204,342214,0.045123,7584050
4,2021-01-14,38843,465036,14832,301658,24011,163378,0,0,31810,283652,0.037401,6985,90398,0.011919,31836,374050,0.049321,7584050
4,2021-01-15,45021,510057,15587,317245,29434,192812,0,0,39513,317732,0.041895,5452,95850,0.012638,39532,413582,0.054533,7584050
4,2021-01-16,28506,538563,9328,326573,19178,211990,0,0,25408,340092,0.044843,3062,98912,0.013042,25422,439004,0.057885,7584050
4,2021-01-17,18932,557495,6640,333213,12292,224282,0,0,17424,356047,0.046947,1483,100395,0.013238,17438,456442,0.060184,7584050
4,2021-01-18,29115,586610,13367,346580,15748,240030,0,0,23168,373398,0.049235,5849,106244,0.014009,23200,479642,0.063244,7584050
4,2021-01-19,45957,632567,23171,369751,22786,262816,0,0,36669,400907,0.052862,9231,115475,0.015226,36740,516382,0.068088,7584050
4,2021-01-20,51318,683885,27163,396914,24155,286971,0,0,40977,431687,0.05692,10247,125722,0.016577,41027,557409,0.073498,7584050
4,2021-01-21,56067,739952,24732,421646,31335,318306,0,0,49757,475231,0.062662,6254,131976,0.017402,49798,607207,0.080064,7584050
4,2021-01-22,54754,794706,21994,443640,32760,351066,0,0,49694,519991,0.068564,4964,136940,0.018056,49724,656931,0.08662,7584050
4,2021-01-23,39354,834060,17400,461040,21954,373020,0,0,35068,550807,0.072627,4280,141220,0.018621,35096,692027,0.091248,7584050
4,2021-01-24,23878,857938,10486,471526,13392,386412,0,0,22016,570984,0.075287,1854,143074,0.018865,22031,714058,0.094153,7584050
4,2021-01-25,47533,905471,21963,493489,25570,411982,0,0,36544,596620,0.078668,10962,154036,0.020311,36598,750656,0.098978,7584050
4,2021-01-26,56171,961642,28666,522155,27505,439487,0,0,44118,628797,0.08291,11998,166034,0.021893,44175,794831,0.104803,7584050
4,2021-01-27,55095,1016737,26639,548794,28456,467943,0,0,44179,662245,0.087321,10781,176815,0.023314,44229,839060,0.110635,7584050
4,2021-01-28,56038,1072775,25296,574090,30742,498685,0,0,46203,698742,0.092133,9747,186562,0.024599,46244,885304,0.116732,7584050
4,2021-01-29,55978,1128753,26914,601004,29064,527749,0,0,45743,734421,0.096838,10091,196653,0.02593,45770,931074,0.122767,7584050
4,2021-01-30,37451,1166204,17052,618056,20399,548148,0,0,32226,761492,0.100407,5178,201831,0.026613,32249,963323,0.12702,7584050
4,2021-01-31,23766,1189970,12485,630541,11281,559429,0,0,22171,782098,0.103124,1579,203410,0.026821,22185,985508,0.129945,7584050
4,2021-02-01,48104,1238074,22694,653235,25410,584839,0,0,37858,809776,0.106774,10221,213631,0.028168,37899,1023407,0.134942,7584050
4,2021-02-02,55783,1293857,26308,679543,29475,614314,0,0,42122,838410,0.110549,13529,227160,0.029952,42163,1065570,0.140501,7584050
4,2021-02-03,61675,1355532,30309,709852,31366,645680,0,0,47538,871976,0.114975,14028,241188,0.031802,47594,1113164,0.146777,7584050
4,2021-02-04,67196,1422728,31352,741204,35844,681524,0,0,50604,906246,0.119494,16437,257625,0.033969,50707,1163871,0.153463,7584050
4,2021-02-05,72557,1495285,33619,774823,38938,720462,0,0,50701,935465,0.123346,21615,279240,0.036819,50834,1214705,0.160166,7584050
4,2021-02-06,47934,1543219,25949,800772,21985,742447,0,0,36526,960812,0.126689,11380,290620,0.03832,36727,1251432,0.165008,7584050
4,2021-02-07,26228,1569447,17302,818074,8926,751373,0,0,19881,974613,0.128508,6314,296934,0.039152,20115,1271547,0.167661,7584050
4,2021-02-08,58048,1627495,29797,847871,28251,779624,0,0,37827,992603,0.13088,20092,317026,0.041802,38082,1309629,0.172682,7584050
4,2021-02-09,66746,1694241,33993,881864,32753,812377,0,0,39261,1004842,0.132494,27420,344446,0.045417,39659,1349288,0.177911,7584050
4,2021-02-10,76806,1771047,38464,920328,38342,850719,0,0,40943,1010685,0.133265,35634,380080,0.050116,41477,1390765,0.18338,7584050
4,2021-02-11,80527,1851574,41988,962316,38539,889258,0,0,41804,1014633,0.133785,38514,418594,0.055194,42462,1433227,0.188979,7584050
4,2021-02-12,83690,1935264,37500,999816,46190,935448,0,0,43241,1018374,0.134278,40282,458876,0.060505,44023,1477250,0.194784,7584050
4,2021-02-13,58246,1993510,29533,1029349,28713,964161,0,0,29781,1020689,0.134584,28354,487230,0.064244,30669,1507919,0.198828,7584050
4,2021-02-14,36578,2030088,19014,1048363,17564,981725,0,0,18797,1022415,0.134811,17741,504971,0.066583,19467,1527386,0.201395,7584050
4,2021-02-15,45775,2075863,21468,1069831,24307,1006032,0,0,23595,1025089,0.135164,22114,527085,0.069499,24788,1552174,0.204663,7584050
4,2021-02-16,79273,2155136,36283,1106114,42990,1049022,0,0,40573,1028305,0.135588,38613,565698,0.07459,41829,1594003,0.210178,7584050
4,2021-02-17,80437,2235573,37871,1143985,42566,1091588,0,0,38474,1026131,0.135301,41813,607511,0.080104,39639,1633642,0.215405,7584050
4,2021-02-18,82439,2318012,45362,1189347,37077,1128665,0,0,38355,1022033,0.134761,43948,651459,0.085899,39850,1673492,0.220659,7584050
4,2021-02-19,81489,2399501,51261,1240608,30228,1158893,0,0,40934,1023237,0.13492,40423,691882,0.091229,41627,1715119,0.226148,7584050
4,2021-02-20,48092,2447593,32100,1272708,15992,1174885,0,0,26363,1028611,0.135628,21682,713564,0.094087,27056,1742175,0.229716,7584050
4,2021-02-21,25576,2473169,19996,1292704,5580,1180465,0,0,11622,1026655,0.13537,13898,727462,0.09592,11942,1754117,0.23129,7584050
4,2021-02-22,52069,2525238,35828,1328532,16241,1196706,0,0,25364,1025902,0.135271,26623,754085,0.09943,25870,1779987,0.234701,7584050
4,2021-02-23,72230,2597468,39824,1368356,32406,1229112,0,0,31808,1019121,0.134377,40316,794401,0.104746,33535,1813522,0.239123,7584050
4,2021-02-24,87454,2684922,46028,1414384,41426,1270538,0,0,39746,1013518,0.133638,47526,841927,0.111013,41923,1855445,0.244651,7584050
4,2021-02-25,97572,2782494,50652,1465036,46920,1317458,0,0,46820,1012311,0.133479,50608,892535,0.117686,49401,1904846,0.251165,7584050
4,2021-02-26,103767,2886261,52269,1517305,51498,1368956,0,0,53670,1018431,0.134286,49884,942419,0.124263,56004,1960850,0.258549,7584050
4,2021-02-27,74630,2960891,40342,1557647,34282,1403238,6,6,39921,1025239,0.135184,34598,977017,0.128825,41406,2002256,0.264009,7584050
4,2021-02-28,44869,3005760,27794,1585441,17074,1420312,1,7,25028,1031489,0.136008,19720,996737,0.131425,25970,2028226,0.267433,7584050
4,2021-03-01,74378,3080138,43440,1628881,30925,1451237,13,20,41198,1040963,0.137257,32990,1029727,0.135775,42464,2070690,0.273032,7584050
4,2021-03-02,80356,3160494,44812,1673693,35540,1486777,4,24,47130,1056846,0.139351,33092,1062819,0.140139,48975,2119665,0.27949,7584050
4,2021-03-03,97808,3258302,51616,1725309,46183,1532960,9,33,54422,1069894,0.141072,43210,1106029,0.145836,56258,2175923,0.286908,7584050
4,2021-03-04,95326,3353628,52875,1778184,42438,1575398,13,46,52382,1081349,0.142582,42756,1148785,0.151474,54211,2230134,0.294056,7584050
4,2021-03-05,92214,3445842,49320,1827504,42585,1617983,309,355,54629,1100828,0.14515,37421,1186206,0.156408,56900,2287034,0.301558,7584050
4,2021-03-06,74762,3520604,41891,1869395,30272,1648255,2599,2954,45751,1121711,0.147904,28916,1215122,0.160221,49799,2336833,0.308125,7584050
4,2021-03-07,41293,3561897,26172,1895567,13974,1662229,1147,4101,24532,1131938,0.149252,16711,1231833,0.162424,26938,2363771,0.311677,7584050
4,2021-03-08,64953,3626850,33670,1929237,28118,1690347,3165,7266,42718,1157032,0.152561,22136,1253969,0.165343,47230,2411001,0.317904,7584050
4,2021-03-09,73513,3700363,34022,1963259,34409,1724756,5082,12348,38107,1166292,0.153782,35266,1289235,0.169993,44526,2455527,0.323775,7584050
4,2021-03-10,87863,3788226,44583,2007842,35935,1760691,7345,19693,44034,1175194,0.154956,43684,1332919,0.175753,52586,2508113,0.330709,7584050
4,2021-03-11,99444,3887670,52285,2060127,38852,1799543,8307,28000,46096,1177756,0.155294,53166,1386085,0.182763,55728,2563841,0.338057,7584050
4,2021-03-12,103162,3990832,50835,2110962,42156,1841699,10171,38171,44213,1174356,0.154845,58742,1444827,0.190509,55342,2619183,0.345354,7584050
4,2021-03-13,79694,4070526,37053,2148015,34339,1876038,8302,46473,37509,1179257,0.155492,42077,1486904,0.196057,46978,2666161,0.351548,7584050
4,2021-03-14,48922,4119448,27842,2175857,17503,1893541,3577,50050,25150,1184931,0.15624,23701,1510605,0.199182,29375,2695536,0.355422,7584050
4,2021-03-15,82859,4202307,44344,2220201,34322,1927863,4193,54243,42837,1192977,0.157301,39833,1550438,0.204434,47879,2743415,0.361735,7584050
4,2021-03-16,106414,4308721,55220,2275421,47848,1975711,3346,57589,57232,1205432,0.158943,48983,1599421,0.210893,61438,2804853,0.369836,7584050
4,2021-03-17,104873,4413594,56396,2331817,45100,2020811,3377,60966,61904,1228570,0.161994,42765,1642186,0.216532,65903,2870756,0.378525,7584050
4,2021-03-18,104952,4518546,57997,2389814,43352,2064163,3603,64569,60456,1248875,0.164671,44278,1686464,0.22237,64583,2935339,0.387041,7584050
4,2021-03-19,108990,4627536,62366,2452180,41531,2105694,5093,69662,63260,1272228,0.16775,45533,1731997,0.228374,68886,3004225,0.396124,7584050
4,2021-03-20,82201,4709737,48028,2500208,31229,2136923,2944,72606,51442,1296389,0.170936,30652,1762649,0.232415,54813,3059038,0.403352,7584050
4,2021-03-21,47255,4756992,34199,2534407,10828,2147751,2228,74834,28878,1309992,0.17273,18294,1780943,0.234827,31897,3090935,0.407557,7584050
4,2021-03-22,80657,4837649,52745,2587152,25283,2173034,2629,77463,51480,1336035,0.176164,29004,1809947,0.238652,55047,3145982,0.414816,7584050
4,2021-03-23,102892,4940541,61354,2648506,39468,2212502,2070,79533,64480,1364976,0.17998,38179,1848126,0.243686,67120,3213102,0.423666,7584050
4,2021-03-24,111922,5052463,72337,2720843,37296,2249798,2289,81822,64389,1385156,0.182641,47158,1895284,0.249904,67338,3280440,0.432545,7584050
4,2021-03-25,115064,5167527,70827,2791670,41941,2291739,2296,84118,67042,1407353,0.185567,47625,1942909,0.256184,69822,3350262,0.441751,7584050
4,2021-03-26,117825,5285352,71464,2863134,43375,2335114,2986,87104,66136,1425722,0.18799,51396,1994305,0.26296,69765,3420027,0.45095,7584050
4,2021-03-27,89987,5375339,53279,2916413,34928,2370042,1780,88884,46866,1431914,0.188806,42936,2037241,0.268622,49128,3469155,0.457428,7584050
4,2021-03-28,54856,5430195,36103,2952516,17888,2387930,865,89749,30699,1439754,0.18984,24043,2061284,0.271792,31883,3501038,0.461632,7584050
4,2021-03-29,92185,5522380,55411,3007927,34759,2422689,2015,91764,51527,1453356,0.191633,40484,2101768,0.27713,54086,3555124,0.468763,7584050
4,2021-03-30,115638,5638018,63003,3070930,48568,2471257,4067,95831,74031,1490472,0.196527,41433,2143201,0.282593,78549,3633673,0.47912,7584050
4,2021-03-31,119201,5757219,70493,3141423,42538,2513795,6170,102001,69064,1516052,0.1999,49888,2193089,0.289171,75468,3709141,0.489071,7584050
4,2021-04-01,139647,5896866,79862,3221285,47020,2560815,12765,114766,82931,1555566,0.20511,56466,2249555,0.296617,95980,3805121,0.501727,7584050
4,2021-04-02,134168,6031034,71960,3293245,49163,2609978,13045,127811,78148,1591334,0.209826,55815,2305370,0.303976,91583,3896704,0.513803,7584050
4,2021-04-03,99532,6130566,53141,3346386,33354,2643332,13037,140848,52214,1609768,0.212257,47170,2352540,0.310196,65604,3962308,0.522453,7584050
4,2021-04-04,46315,6176881,24458,3370844,14469,2657801,7388,148236,20539,1612054,0.212558,25711,2378251,0.313586,27997,3990305,0.526144,7584050
4,2021-04-05,107868,6284749,60842,3431686,34529,2692330,12497,160733,56752,1630978,0.215054,50966,2429217,0.320306,69890,4060195,0.53536,7584050
4,2021-04-06,137036,6421785,77370,3509056,40169,2732499,19497,180230,71738,1657880,0.218601,65122,2494339,0.328893,92024,4152219,0.547494,7584050
4,2021-04-07,135433,6557218,76978,3586034,38076,2770575,20379,200609,70561,1684700,0.222137,64683,2559022,0.337422,91503,4243722,0.559559,7584050
4,2021-04-08,137710,6694928,77106,3663140,35592,2806167,25012,225621,68774,1710476,0.225536,68715,2627737,0.346482,94491,4338213,0.572018,7584050
4,2021-04-09,134992,6829920,74190,3737330,38292,2844459,22510,248131,64849,1729001,0.227979,69972,2697709,0.355708,88497,4426710,0.583687,7584050
4,2021-04-10,101612,6931532,50316,3787646,32917,2877376,18379,266510,46133,1739321,0.229339,55318,2753027,0.363002,65638,4492348,0.592342,7584050
4,2021-04-11,61578,6993110,37483,3825129,13037,2890413,11058,277568,27101,1744310,0.229997,34403,2787430,0.367538,39392,4531740,0.597536,7584050
4,2021-04-12,101132,7094242,61662,3886791,29738,2920151,9732,287300,51369,1757113,0.231685,49528,2836958,0.374069,62331,4594071,0.605754,7584050
4,2021-04-13,128454,7222696,80484,3967275,47819,2967970,151,287451,77187,1784521,0.235299,51055,2888013,0.380801,78463,4672534,0.6161,7584050
4,2021-04-14,133017,7355713,84716,4051991,48231,3016201,70,287521,74213,1801933,0.237595,58555,2946568,0.388522,75967,4748501,0.626117,7584050
4,2021-04-15,152497,7508210,101612,4153603,50856,3067057,29,287550,94182,1839372,0.242532,58032,3004600,0.396174,95471,4843972,0.638705,7584050
4,2021-04-16,140712,7648922,89567,4243170,51073,3118130,72,287622,82532,1864917,0.2459,57930,3062530,0.403812,83475,4927447,0.649712,7584050
4,2021-04-17,98573,7747495,62495,4305665,36070,3154200,8,287630,57974,1883850,0.248396,40403,3102933,0.409139,59336,4986783,0.657536,7584050
4,2021-04-18,53253,7800748,35687,4341352,17563,3171763,3,287633,30467,1892764,0.249572,22683,3125616,0.41213,31597,5018380,0.661702,7584050
4,2021-04-19,99073,7899821,65526,4406878,33535,3205298,12,287645,50922,1896698,0.25009,47977,3173593,0.418456,51911,5070291,0.668547,7584050
4,2021-04-20,126154,8025975,73901,4480779,52247,3257545,6,287651,66393,1905187,0.25121,59509,3233102,0.426303,67998,5138289,0.677513,7584050
4,2021-04-21,126077,8152052,80928,4561707,45101,3302646,48,287699,63812,1908601,0.25166,62010,3295112,0.434479,65424,5203713,0.686139,7584050
4,2021-04-22,135366,8287418,89098,4650805,46250,3348896,18,287717,60733,1897178,0.250154,74359,3369471,0.444284,62936,5266649,0.694438,7584050
4,2021-04-23,128905,8416323,83470,4734275,45416,3394312,19,287736,55953,1884924,0.248538,72673,3442144,0.453866,60419,5327068,0.702404,7584050
4,2021-04-24,95949,8512272,65075,4799350,30822,3425134,52,287788,44140,1880088,0.2479,51591,3493735,0.460669,46755,5373823,0.708569,7584050
4,2021-04-25,48459,8560731,34337,4833687,14099,3439233,23,287811,25317,1883163,0.248306,23043,3516778,0.463707,26118,5399941,0.712013,7584050
4,2021-04-26,78269,8639000,51193,4884880,26721,3465954,355,288166,30263,1868748,0.246405,47803,3564581,0.47001,33388,5433329,0.716415,7584050
4,2021-04-27,100386,8739386,60946,4945826,37670,3503624,1770,289936,35828,1845221,0.243303,64319,3628900,0.478491,40792,5474121,0.721794,7584050
4,2021-04-28,94921,8834307,61057,5006883,31470,3535094,2394,292330,33207,1821375,0.240159,61501,3690401,0.4866,37655,5511776,0.726759,7584050
4,2021-04-29,89323,8923630,56456,5063339,30643,3565737,2224,294554,27723,1792940,0.236409,61396,3751797,0.494696,32961,5544737,0.731105,7584050
4,2021-04-30,94764,9018394,59678,5123017,32627,3598364,2459,297013,31984,1766820,0.232965,62549,3814346,0.502943,36429,5581166,0.735908,7584050
4,2021-05-01,45567,9063961,30673,5153690,14213,3612577,681,297694,13250,1749597,0.230694,32237,3846583,0.507194,15014,5596180,0.737888,7584050
4,2021-05-02,19711,9083672,15299,5168989,4152,3616729,260,297954,6159,1742728,0.229789,13492,3860075,0.508973,6623,5602803,0.738761,7584050
4,2021-05-03,50613,9134285,34639,5203628,14949,3631678,1025,298979,12925,1719797,0.226765,37554,3897629,0.513924,14623,5617426,0.740689,7584050
4,2021-05-04,50786,9185071,33755,5237383,16119,3647797,912,299891,11532,1694253,0.223397,39140,3936769,0.519085,13596,5631022,0.742482,7584050
