vemquartile,administered_date,total_doses,cumulative_total_doses,pfizer_doses,cumulative_pfizer_doses,moderna_doses,cumulative_moderna_doses,jj_doses,cumulative_jj_doses,partially_vaccinated,total_partially_vaccinated,pct_age12pop_partially_vaccinated,fully_vaccinated,cumulative_fully_vaccinated,pct_age12pop_fully_vaccinated,at_least_one_dose,cumulative_at_least_one_dose,pct_age12pop_at_least_one_dose,age12_population
1,2020-12-15,153,153,153,153,0,0,0,0,153,153,1.8e-05,0,0,0.0,153,153,1.8e-05,8700223
1,2020-12-16,1227,1380,1227,1380,0,0,0,0,1227,1380,0.000159,0,0,0.0,1227,1380,0.000159,8700223
1,2020-12-17,4181,5561,4181,5561,0,0,0,0,4182,5562,0.000639,0,0,0.0,4182,5562,0.000639,8700223
1,2020-12-18,6375,11936,6353,11914,22,22,0,0,6377,11938,0.001372,1,1,0.0,6377,11939,0.001372,8700223
1,2020-12-19,2874,14810,2871,14785,3,25,0,0,2873,14810,0.001702,1,2,0.0,2873,14812,0.001702,8700223
1,2020-12-20,2125,16935,2117,16902,8,33,0,0,2126,16936,0.001947,0,2,0.0,2126,16938,0.001947,8700223
1,2020-12-21,7649,24584,7629,24531,20,53,0,0,7698,24634,0.002831,1,3,0.0,7699,24637,0.002832,8700223
1,2020-12-22,7305,31889,6963,31494,342,395,0,0,7306,31938,0.003671,2,5,1e-06,7306,31943,0.003672,8700223
1,2020-12-23,7833,39722,6575,38069,1258,1653,0,0,7828,39765,0.004571,2,7,1e-06,7829,39772,0.004571,8700223
1,2020-12-24,3297,43019,2361,40430,936,2589,0,0,3299,43064,0.00495,0,7,1e-06,3299,43071,0.004951,8700223
1,2020-12-25,238,43257,153,40583,85,2674,0,0,238,43302,0.004977,0,7,1e-06,238,43309,0.004978,8700223
1,2020-12-26,1360,44617,967,41550,393,3067,0,0,1359,44660,0.005133,1,8,1e-06,1359,44668,0.005134,8700223
1,2020-12-27,870,45487,538,42088,332,3399,0,0,870,45529,0.005233,1,9,1e-06,870,45538,0.005234,8700223
1,2020-12-28,7091,52578,4752,46840,2339,5738,0,0,7089,52618,0.006048,0,9,1e-06,7089,52627,0.006049,8700223
1,2020-12-29,8907,61485,4978,51818,3929,9667,0,0,8903,61518,0.007071,3,12,1e-06,8903,61530,0.007072,8700223
1,2020-12-30,11569,73054,6439,58257,5130,14797,0,0,11569,73087,0.008401,0,12,1e-06,11569,73099,0.008402,8700223
1,2020-12-31,5982,79036,1954,60211,4028,18825,0,0,5980,79065,0.009088,3,15,2e-06,5981,79080,0.009089,8700223
1,2021-01-01,586,79622,212,60423,374,19199,0,0,584,79647,0.009155,2,17,2e-06,584,79664,0.009157,8700223
1,2021-01-02,2912,82534,1766,62189,1146,20345,0,0,2914,82561,0.00949,0,17,2e-06,2914,82578,0.009491,8700223
1,2021-01-03,1038,83572,549,62738,489,20834,0,0,1037,83596,0.009608,2,19,2e-06,1037,83615,0.009611,8700223
1,2021-01-04,7378,90950,3584,66322,3794,24628,0,0,7382,90977,0.010457,1,20,2e-06,7382,90997,0.010459,8700223
1,2021-01-05,10866,101816,5253,71575,5613,30241,0,0,10071,100293,0.011528,777,797,9.2e-05,10093,101090,0.011619,8700223
1,2021-01-06,14079,115895,7064,78639,7015,37256,0,0,12156,110575,0.012709,1887,2684,0.000308,12169,113259,0.013018,8700223
1,2021-01-07,17517,133412,9162,87801,8355,45611,0,0,13002,119163,0.013697,4424,7108,0.000817,13012,126271,0.014514,8700223
1,2021-01-08,20186,153598,10481,98282,9705,55316,0,0,14245,127490,0.014654,5925,13033,0.001498,14252,140523,0.016152,8700223
1,2021-01-09,6686,160284,3397,101679,3289,58605,0,0,4834,130478,0.014997,1849,14882,0.001711,4837,145360,0.016708,8700223
1,2021-01-10,3090,163374,1761,103440,1329,59934,0,0,1905,131203,0.01508,1181,16063,0.001846,1906,147266,0.016927,8700223
1,2021-01-11,18072,181446,11845,115285,6227,66161,0,0,11526,136236,0.015659,6535,22598,0.002597,11568,158834,0.018256,8700223
1,2021-01-12,19105,200551,10950,126235,8155,74316,0,0,13122,143443,0.016487,5956,28554,0.003282,13163,171997,0.019769,8700223
1,2021-01-13,19830,220381,10734,136969,9096,83412,0,0,14682,153015,0.017587,5128,33682,0.003871,14700,186697,0.021459,8700223
1,2021-01-14,22032,242413,9452,146421,12580,95992,0,0,19280,169652,0.0195,2699,36381,0.004182,19336,206033,0.023681,8700223
1,2021-01-15,25182,267595,9251,155672,15931,111923,0,0,23234,191036,0.021958,1909,38290,0.004401,23293,229326,0.026359,8700223
1,2021-01-16,13871,281466,4530,160202,9341,121264,0,0,13002,203175,0.023353,866,39156,0.004501,13005,242331,0.027853,8700223
1,2021-01-17,5216,286682,2033,162235,3183,124447,0,0,4850,207662,0.023869,366,39522,0.004543,4853,247184,0.028411,8700223
1,2021-01-18,14330,301012,8605,170840,5725,130172,0,0,11149,215698,0.024792,3168,42690,0.004907,11204,258388,0.029699,8700223
1,2021-01-19,24676,325688,12745,183585,11931,142103,0,0,19527,230148,0.026453,5131,47821,0.005497,19581,277969,0.03195,8700223
1,2021-01-20,29423,355111,14709,198294,14714,156817,0,0,23508,247856,0.028488,5839,53660,0.006168,23547,301516,0.034656,8700223
1,2021-01-21,31223,386334,14648,212942,16575,173392,0,0,27954,272704,0.031344,3201,56861,0.006536,28049,329565,0.03788,8700223
1,2021-01-22,28387,414721,11278,224220,17109,190501,0,0,26320,297055,0.034143,2002,58863,0.006766,26353,355918,0.040909,8700223
1,2021-01-23,18729,433450,8197,232417,10532,201033,0,0,16768,311901,0.03585,1932,60795,0.006988,16778,372696,0.042838,8700223
1,2021-01-24,6687,440137,4161,236578,2526,203559,0,0,6030,317284,0.036468,653,61448,0.007063,6036,378732,0.043531,8700223
1,2021-01-25,25441,465578,10489,247067,14952,218511,0,0,19656,331305,0.03808,5740,67188,0.007723,19761,398493,0.045803,8700223
1,2021-01-26,28837,494415,13485,260552,15352,233863,0,0,22141,346830,0.039864,6636,73824,0.008485,22161,420654,0.04835,8700223
1,2021-01-27,32665,527080,15546,276098,17119,250982,0,0,24545,363355,0.041764,8053,81877,0.009411,24578,445232,0.051175,8700223
1,2021-01-28,34983,562063,16406,292504,18577,269559,0,0,28035,384575,0.044203,6881,88758,0.010202,28101,473333,0.054405,8700223
1,2021-01-29,33664,595727,16447,308951,17217,286776,0,0,27081,405256,0.04658,6438,95196,0.010942,27119,500452,0.057522,8700223
1,2021-01-30,20198,615925,8735,317686,11463,298239,0,0,18065,421228,0.048416,2104,97300,0.011184,18076,518528,0.059599,8700223
1,2021-01-31,7647,623572,4972,322658,2675,300914,0,0,6937,427460,0.049132,707,98007,0.011265,6939,525467,0.060397,8700223
1,2021-02-01,28947,652519,12516,335174,16431,317345,0,0,21122,440813,0.050667,7774,105781,0.012158,21127,546594,0.062825,8700223
1,2021-02-02,32689,685208,11815,346989,20874,338219,0,0,24418,457079,0.052536,8189,113970,0.0131,24455,571049,0.065636,8700223
1,2021-02-03,39673,724881,15259,362248,24414,362633,0,0,28573,474752,0.054568,10937,124907,0.014357,28610,599659,0.068925,8700223
1,2021-02-04,44008,768889,17132,379380,26876,389509,0,0,31740,494395,0.056826,12145,137052,0.015753,31788,631447,0.072578,8700223
1,2021-02-05,46790,815679,17171,396551,29619,419128,0,0,30659,509126,0.058519,15981,153033,0.01759,30712,662159,0.076108,8700223
1,2021-02-06,26546,842225,10492,407043,16054,435182,0,0,20635,523913,0.060218,5864,158897,0.018264,20651,682810,0.078482,8700223
1,2021-02-07,6269,848494,4033,411076,2236,437418,0,0,4625,526931,0.060565,1625,160522,0.01845,4643,687453,0.079016,8700223
1,2021-02-08,31628,880122,14451,425527,17177,454595,0,0,21081,537654,0.061798,10454,170976,0.019652,21177,708630,0.08145,8700223
1,2021-02-09,38447,918569,16861,442388,21586,476181,0,0,23666,546709,0.062839,14688,185664,0.02134,23743,732373,0.084179,8700223
1,2021-02-10,47201,965770,22131,464519,25070,501251,0,0,26830,553371,0.063604,20247,205911,0.023667,26909,759282,0.087272,8700223
1,2021-02-11,51778,1017548,25426,489945,26352,527603,0,0,30912,563835,0.064807,20551,226462,0.026029,31015,790297,0.090836,8700223
1,2021-02-12,49992,1067540,21513,511458,28479,556082,0,0,28682,571501,0.065688,21155,247617,0.028461,28821,819118,0.094149,8700223
1,2021-02-13,26382,1093922,11539,522997,14843,570925,0,0,15265,575796,0.066182,11046,258663,0.029731,15341,834459,0.095912,8700223
1,2021-02-14,11776,1105698,5562,528559,6214,577139,0,0,6699,577513,0.066379,5047,263710,0.030311,6764,841223,0.09669,8700223
1,2021-02-15,23871,1129569,9383,537942,14488,591627,0,0,14516,582908,0.066999,9235,272945,0.031372,14630,855853,0.098371,8700223
1,2021-02-16,47125,1176694,22509,560451,24616,616243,0,0,27516,591010,0.06793,19526,292471,0.033616,27628,883481,0.101547,8700223
1,2021-02-17,48462,1225156,24555,585006,23907,640150,0,0,26101,595050,0.068395,22209,314680,0.036169,26249,909730,0.104564,8700223
1,2021-02-18,51142,1276298,25583,610589,25559,665709,0,0,26498,597377,0.068662,24402,339082,0.038974,26729,936459,0.107636,8700223
1,2021-02-19,46592,1322890,25267,635856,21325,687034,0,0,26100,603201,0.069332,20338,359420,0.041312,26162,962621,0.110643,8700223
1,2021-02-20,27627,1350517,16836,652692,10791,697825,0,0,15771,607255,0.069798,11794,371214,0.042667,15848,978469,0.112465,8700223
1,2021-02-21,12330,1362847,10614,663306,1716,699541,0,0,7420,609875,0.070099,4850,376064,0.043225,7470,985939,0.113323,8700223
1,2021-02-22,31527,1394374,20770,684076,10757,710298,0,0,18140,614824,0.070668,13292,389356,0.044752,18241,1004180,0.11542,8700223
1,2021-02-23,45646,1440020,22095,706171,23551,733849,0,0,25042,619914,0.071253,20315,409671,0.047087,25405,1029585,0.11834,8700223
1,2021-02-24,55698,1495718,26896,733067,28802,762651,0,0,30632,626138,0.071968,24860,434531,0.049945,31084,1060669,0.121913,8700223
1,2021-02-25,68255,1563973,33131,766198,35124,797775,0,0,42173,642901,0.073895,25910,460441,0.052923,42673,1103342,0.126818,8700223
1,2021-02-26,76100,1640073,35720,801918,40380,838155,0,0,49763,667034,0.076669,26104,486545,0.055923,50237,1153579,0.132592,8700223
1,2021-02-27,52406,1692479,24051,825969,28346,866501,9,9,34367,683780,0.078593,17896,504441,0.05798,34642,1188221,0.136574,8700223
1,2021-02-28,20006,1712485,11867,837836,8137,874638,2,11,14674,693350,0.079693,5246,509687,0.058583,14816,1203037,0.138277,8700223
1,2021-03-01,45203,1757688,20871,858707,24290,898928,42,53,29024,706651,0.081222,16002,525689,0.060422,29303,1232340,0.141645,8700223
1,2021-03-02,62600,1820288,27287,885994,35305,934233,8,61,40306,725444,0.083382,22139,547828,0.062967,40932,1273272,0.146349,8700223
1,2021-03-03,70328,1890616,33673,919667,36630,970863,25,86,43052,741998,0.085285,27116,574944,0.066084,43670,1316942,0.151369,8700223
1,2021-03-04,78626,1969242,37135,956802,41455,1012318,36,122,50748,765603,0.087998,27690,602634,0.069267,51295,1368237,0.157265,8700223
1,2021-03-05,77782,2047024,35255,992057,42321,1054639,206,328,52133,793165,0.091166,25405,628039,0.072187,52967,1421204,0.163353,8700223
1,2021-03-06,57433,2104457,27454,1019511,28628,1083267,1351,1679,39081,815682,0.093754,18274,646313,0.074287,40791,1461995,0.168041,8700223
1,2021-03-07,20922,2125379,13018,1032529,6715,1089982,1189,2868,15490,827210,0.095079,5405,651718,0.074908,16933,1478928,0.169987,8700223
1,2021-03-08,45935,2171314,22453,1054982,21524,1111506,1958,4826,32196,848063,0.097476,13637,665355,0.076476,34490,1513418,0.173952,8700223
1,2021-03-09,66624,2237938,32234,1087216,31887,1143393,2503,7329,40982,866394,0.099583,25492,690847,0.079406,43823,1557241,0.178989,8700223
1,2021-03-10,73574,2311512,36656,1123872,32438,1175831,4480,11809,45289,888355,0.102107,28174,719021,0.082644,50135,1607376,0.184751,8700223
1,2021-03-11,90060,2401572,41385,1165257,40671,1216502,8004,19813,52422,911827,0.104805,37410,756431,0.086944,60882,1668258,0.191749,8700223
1,2021-03-12,98829,2500401,43560,1208817,42856,1259358,12413,32226,57757,941592,0.108226,40861,797292,0.09164,70626,1738884,0.199867,8700223
1,2021-03-13,65261,2565662,29521,1238338,28071,1287429,7669,39895,41629,967712,0.111228,23500,820792,0.094341,49620,1788504,0.20557,8700223
1,2021-03-14,27877,2593539,14905,1253243,9401,1296830,3571,43466,15621,974910,0.112056,12185,832977,0.095742,19383,1807887,0.207798,8700223
1,2021-03-15,65197,2658736,28750,1281993,29696,1326526,6751,50217,38345,993731,0.114219,26634,859611,0.098803,45455,1853342,0.213022,8700223
1,2021-03-16,85689,2744425,39083,1321076,40963,1367489,5643,55860,53120,1020509,0.117297,32344,891955,0.102521,59122,1912464,0.219818,8700223
1,2021-03-17,92870,2837295,45286,1366362,41043,1408532,6541,62401,59680,1054133,0.121162,32962,924917,0.10631,66586,1979050,0.227471,8700223
1,2021-03-18,98624,2935919,50834,1417196,42071,1450603,5719,68120,59682,1081439,0.1243,38585,963502,0.110745,65891,2044941,0.235045,8700223
1,2021-03-19,103544,3039463,53633,1470829,43614,1494217,6297,74417,60552,1106105,0.127135,42704,1006206,0.115653,67370,2112311,0.242788,8700223
1,2021-03-20,72471,3111934,37276,1508105,29981,1524198,5214,79631,46532,1132379,0.130155,25752,1031958,0.118613,52026,2164337,0.248768,8700223
1,2021-03-21,27232,3139166,19017,1527122,6406,1530604,1809,81440,16986,1141115,0.131159,10154,1042112,0.11978,18890,2183227,0.250939,8700223
1,2021-03-22,59161,3198327,30565,1557687,25310,1555914,3286,84726,39951,1165740,0.13399,18987,1061099,0.121962,43612,2226839,0.255952,8700223
1,2021-03-23,83029,3281356,42265,1599952,37147,1593061,3617,88343,51194,1189420,0.136711,31589,1092688,0.125593,55269,2282108,0.262305,8700223
1,2021-03-24,87907,3369263,44514,1644466,39051,1632112,4342,92685,52567,1211447,0.139243,35050,1127738,0.129622,57077,2339185,0.268865,8700223
1,2021-03-25,96669,3465932,49435,1693901,41413,1673525,5821,98506,53677,1228491,0.141202,42662,1170400,0.134525,59706,2398891,0.275728,8700223
1,2021-03-26,104417,3570349,50936,1744837,47172,1720697,6309,104815,55927,1242901,0.142859,48122,1218522,0.140056,62532,2461423,0.282915,8700223
1,2021-03-27,73953,3644302,38219,1783056,31524,1752221,4210,109025,37984,1249554,0.143623,35741,1254263,0.144164,42394,2503817,0.287788,8700223
1,2021-03-28,32665,3676967,21387,1804443,10061,1762282,1217,110242,16371,1251405,0.143836,16186,1270449,0.146025,18037,2521854,0.289861,8700223
1,2021-03-29,67138,3744105,33356,1837799,30622,1792904,3160,113402,37017,1261872,0.145039,29913,1300362,0.149463,40380,2562234,0.294502,8700223
1,2021-03-30,91980,3836085,45318,1883117,40292,1833196,6370,119772,47273,1271102,0.1461,44500,1344862,0.154578,53730,2615964,0.300678,8700223
1,2021-03-31,100812,3936897,52657,1935774,41964,1875160,6191,125963,55302,1287467,0.147981,45192,1390054,0.159772,61557,2677521,0.307753,8700223
1,2021-04-01,111885,4048782,53553,1989327,49550,1924710,8782,134745,57006,1298859,0.14929,54445,1444499,0.16603,65837,2743358,0.31532,8700223
1,2021-04-02,111290,4160072,50929,2040256,50659,1975369,9702,144447,56475,1310852,0.150669,54388,1498887,0.172281,66381,2809739,0.32295,8700223
1,2021-04-03,78004,4238076,39279,2079535,29093,2004462,9632,154079,36483,1315697,0.151226,41337,1540224,0.177033,46182,2855921,0.328258,8700223
1,2021-04-04,23768,4261844,11830,2091365,8474,2012936,3464,157543,9947,1315343,0.151185,13755,1553979,0.178614,13401,2869322,0.329799,8700223
1,2021-04-05,76319,4338163,36652,2128017,30352,2043288,9315,166858,34233,1317171,0.151395,41884,1595863,0.183428,43712,2913034,0.334823,8700223
1,2021-04-06,103632,4441795,49252,2177269,37794,2081082,16586,183444,46785,1324019,0.152182,56554,1652417,0.189928,63402,2976436,0.34211,8700223
1,2021-04-07,111849,4553644,54373,2231642,39933,2121015,17543,200987,50412,1330865,0.152969,61134,1713551,0.196955,67980,3044416,0.349924,8700223
1,2021-04-08,122290,4675934,57931,2289573,43380,2164395,20979,221966,54006,1338050,0.153795,67867,1781418,0.204755,75052,3119468,0.35855,8700223
1,2021-04-09,123543,4799477,56436,2346009,46289,2210684,20818,242784,54217,1344175,0.154499,68963,1850381,0.212682,75088,3194556,0.367181,8700223
1,2021-04-10,95704,4895181,42523,2388532,30477,2241161,22704,265488,37378,1346114,0.154722,58115,1908496,0.219362,60054,3254610,0.374084,8700223
1,2021-04-11,36501,4931682,20352,2408884,9411,2250572,6738,272226,14817,1346149,0.154726,21622,1930118,0.221847,21657,3276267,0.376573,8700223
1,2021-04-12,74347,5006029,33243,2442127,31121,2281693,9983,282209,31489,1345204,0.154617,42568,1972686,0.22674,41623,3317890,0.381357,8700223
1,2021-04-13,97296,5103325,52101,2494228,44856,2326549,339,282548,52503,1353895,0.155616,44497,2017183,0.231854,53188,3371078,0.38747,8700223
1,2021-04-14,104953,5208278,54396,2548624,50485,2377034,72,282620,53429,1356614,0.155929,51154,2068337,0.237734,53873,3424951,0.393662,8700223
1,2021-04-15,106173,5314451,57772,2606396,48312,2425346,89,282709,56722,1364735,0.156862,48865,2117202,0.24335,56986,3481937,0.400212,8700223
1,2021-04-16,110743,5425194,56813,2663209,53842,2479188,88,282797,55441,1365679,0.156971,54770,2171972,0.249646,55714,3537651,0.406616,8700223
1,2021-04-17,83390,5508584,45295,2708504,38084,2517272,11,282808,46701,1376100,0.158168,36453,2208425,0.253835,46874,3584525,0.412004,8700223
1,2021-04-18,30244,5538828,20440,2728944,9797,2527069,7,282815,15271,1376696,0.158237,14884,2223309,0.255546,15480,3600005,0.413783,8700223
1,2021-04-19,67171,5605999,34035,2762979,33123,2560192,13,282828,30500,1371021,0.157585,36316,2259625,0.25972,30641,3630646,0.417305,8700223
1,2021-04-20,88591,5694590,44679,2807658,43890,2604082,22,282850,41775,1366555,0.157071,46467,2306092,0.265061,42001,3672647,0.422133,8700223
1,2021-04-21,97649,5792239,50934,2858592,46615,2650697,100,282950,43906,1357612,0.156043,53183,2359275,0.271174,44240,3716887,0.427217,8700223
1,2021-04-22,97392,5889631,50895,2909487,46481,2697178,16,282966,44822,1350606,0.155238,52063,2411338,0.277158,45057,3761944,0.432396,8700223
1,2021-04-23,102229,5991860,52837,2962324,49365,2746543,27,282993,49021,1347176,0.154844,52705,2464043,0.283216,49275,3811219,0.43806,8700223
1,2021-04-24,75916,6067776,47106,3009430,28784,2775327,26,283019,43005,1357681,0.156051,32780,2496823,0.286984,43285,3854504,0.443035,8700223
1,2021-04-25,27128,6094904,17275,3026705,9839,2785166,14,283033,15514,1361849,0.15653,11500,2508323,0.288306,15668,3870172,0.444836,8700223
1,2021-04-26,65914,6160818,34563,3061268,30951,2816117,400,283433,31536,1360050,0.156324,34073,2542396,0.292222,32274,3902446,0.448546,8700223
1,2021-04-27,81266,6242084,43193,3104461,36773,2852890,1300,284733,35544,1351798,0.155375,45438,2587834,0.297445,37186,3939632,0.45282,8700223
1,2021-04-28,80982,6323066,43102,3147563,36381,2889271,1499,286232,35763,1344410,0.154526,44881,2632715,0.302603,37493,3977125,0.457129,8700223
1,2021-04-29,84033,6407099,46215,3193778,36206,2925477,1612,287844,34698,1331895,0.153087,48988,2681703,0.308234,36473,4013598,0.461321,8700223
1,2021-04-30,91531,6498630,49600,3243378,40072,2965549,1859,289703,38678,1320069,0.151728,52532,2734235,0.314272,40706,4054304,0.466,8700223
1,2021-05-01,62428,6561058,40305,3283683,20709,2986258,1414,291117,26351,1312215,0.150825,35837,2770072,0.318391,27983,4082287,0.469216,8700223
1,2021-05-02,23266,6584324,16458,3300141,6231,2992489,577,291694,9427,1308514,0.1504,13733,2783805,0.319969,10032,4092319,0.470369,8700223
1,2021-05-03,55612,6639936,30741,3330882,23041,3015530,1830,293524,20559,1296142,0.148978,34816,2818621,0.323971,22444,4114763,0.472949,8700223
1,2021-05-04,75127,6715063,43227,3374109,29812,3045342,2088,295612,27293,1278074,0.146901,47535,2866156,0.329435,29467,4144230,0.476336,8700223
1,2021-05-05,77354,6792417,44831,3418940,30240,3075582,2283,297895,26427,1256272,0.144395,50595,2916751,0.33525,28793,4173023,0.479646,8700223
1,2021-05-06,78521,6870938,47521,3466461,28841,3104423,2159,300054,24687,1229812,0.141354,53462,2970213,0.341395,27002,4200025,0.482749,8700223
1,2021-05-07,82582,6953520,46951,3513412,33445,3137868,2186,302240,27785,1205477,0.138557,54372,3024585,0.347645,30037,4230062,0.486202,8700223
1,2021-05-08,56725,7010245,35576,3548988,19517,3157385,1632,303872,19412,1189630,0.136736,36983,3061568,0.351895,21136,4251198,0.488631,8700223
1,2021-05-09,18193,7028438,13071,3562059,4643,3162028,479,304351,5566,1183159,0.135992,12551,3074119,0.353338,6080,4257278,0.48933,8700223
1,2021-05-10,43816,7072254,22090,3584149,19921,3181949,1805,306156,14831,1171167,0.134613,28721,3102840,0.356639,16729,4274007,0.491253,8700223
1,2021-05-11,61831,7134085,33491,3617640,26191,3208140,2149,308305,20491,1152850,0.132508,41075,3143915,0.36136,22758,4296765,0.493868,8700223
1,2021-05-12,62365,7196450,33163,3650803,27151,3235291,2051,310356,20494,1133907,0.130331,41556,3185471,0.366137,22613,4319378,0.496468,8700223
1,2021-05-13,66355,7262805,38883,3689686,25482,3260773,1990,312346,25263,1120720,0.128815,40717,3226188,0.370817,27530,4346908,0.499632,8700223
1,2021-05-14,75924,7338729,45788,3735474,27748,3288521,2388,314734,30723,1109304,0.127503,44806,3270994,0.375967,33390,4380298,0.50347,8700223
1,2021-05-15,66064,7404793,43320,3778794,20994,3309515,1750,316484,26326,1097998,0.126203,39449,3310443,0.380501,28143,4408441,0.506704,8700223
1,2021-05-16,24925,7429718,18357,3797151,5948,3315463,620,317104,10221,1094293,0.125778,14592,3325035,0.382178,10887,4419328,0.507956,8700223
1,2021-05-17,53984,7483702,33008,3830159,19215,3334678,1761,318865,22932,1088250,0.125083,30794,3355829,0.385718,24751,4444079,0.510801,8700223
1,2021-05-18,64818,7548520,39063,3869222,23928,3358606,1827,320692,28143,1081901,0.124353,36404,3392233,0.389902,30055,4474134,0.514255,8700223
1,2021-05-19,66183,7614703,40293,3909515,23966,3382572,1924,322616,29567,1077145,0.123807,36333,3428566,0.394078,31577,4505711,0.517885,8700223
1,2021-05-20,64116,7678819,37100,3946615,24813,3407385,2203,324819,26354,1068481,0.122811,37425,3465991,0.39838,28761,4534472,0.52119,8700223
1,2021-05-21,69796,7748615,41738,3988353,26218,3433603,1840,326659,28861,1058745,0.121692,40532,3506523,0.403038,30796,4565268,0.52473,8700223
1,2021-05-22,55794,7804409,36676,4025029,17400,3451003,1718,328377,24345,1053718,0.121114,31188,3537711,0.406623,26161,4591429,0.527737,8700223
1,2021-05-23,20470,7824879,14309,4039338,5575,3456578,586,328963,9510,1052980,0.121029,10857,3548568,0.407871,10119,4601548,0.5289,8700223
1,2021-05-24,43675,7868554,24350,4063688,17493,3474071,1832,330795,17731,1046929,0.120334,25696,3574264,0.410824,19645,4621193,0.531158,8700223
1,2021-05-25,50744,7919298,29206,4092894,19848,3493919,1690,332485,21074,1040402,0.119583,29392,3603656,0.414203,22865,4644058,0.533786,8700223
1,2021-05-26,48387,7967685,27428,4120322,19070,3512989,1889,334374,20533,1035316,0.118999,27556,3631212,0.41737,22470,4666528,0.536369,8700223
1,2021-05-27,46941,8014626,26340,4146662,18693,3531682,1908,336282,20180,1031043,0.118508,26477,3657689,0.420413,22204,4688732,0.538921,8700223
1,2021-05-28,52271,8066897,29120,4175782,21329,3553011,1822,338104,23417,1027877,0.118144,28531,3686220,0.423693,25365,4714097,0.541836,8700223
1,2021-05-29,30621,8097518,18546,4194328,11115,3564126,960,339064,14640,1027705,0.118124,15827,3702047,0.425512,15655,4729752,0.543636,8700223
1,2021-05-30,11668,8109186,7526,4201854,3588,3567714,554,339618,5536,1027759,0.11813,6060,3708107,0.426208,6114,4735866,0.544338,8700223
1,2021-05-31,5717,8114903,3249,4205103,2214,3569928,254,339872,1993,1026351,0.117968,3668,3711775,0.42663,2260,4738126,0.544598,8700223
1,2021-06-01,45749,8160652,25866,4230969,18319,3588247,1564,341436,17377,1017311,0.116929,28056,3739831,0.429855,19016,4757142,0.546784,8700223
1,2021-06-02,39909,8200561,23148,4254117,15256,3603503,1505,342941,16110,1011488,0.11626,23510,3763341,0.432557,17687,4774829,0.548817,8700223
1,2021-06-03,41252,8241813,25845,4279962,13726,3617229,1681,344622,15801,1003897,0.115388,25147,3788488,0.435447,17556,4792385,0.550835,8700223
1,2021-06-04,50088,8291901,32035,4311997,16246,3633475,1807,346429,17954,991954,0.114015,31782,3820270,0.4391,19839,4812224,0.553115,8700223
1,2021-06-05,40266,8332167,27490,4339487,10786,3644261,1990,348419,14231,982410,0.112918,25818,3846088,0.442068,16274,4828498,0.554986,8700223
1,2021-06-06,13184,8345351,10550,4350037,2124,3646385,510,348929,4589,979056,0.112532,8514,3854602,0.443046,5160,4833658,0.555579,8700223
1,2021-06-07,33942,8379293,23400,4373437,9197,3655582,1345,350274,12093,970903,0.111595,21642,3876244,0.445534,13489,4847147,0.557129,8700223
1,2021-06-08,42214,8421507,29216,4402653,11345,3666927,1653,351927,14736,960174,0.110362,27209,3903453,0.448661,16480,4863627,0.559023,8700223
1,2021-06-09,42126,8463633,29229,4431882,11255,3678182,1642,353569,13760,947574,0.108914,28060,3931513,0.451886,15460,4879087,0.5608,8700223
1,2021-06-10,39015,8502648,26277,4458159,11044,3689226,1694,355263,13426,937457,0.107751,25341,3956854,0.454799,15224,4894311,0.56255,8700223
1,2021-06-11,43935,8546583,29160,4487319,13093,3702319,1682,356945,15685,926953,0.106544,27950,3984804,0.458012,17446,4911757,0.564555,8700223
1,2021-06-12,33681,8580264,24372,4511691,8110,3710429,1199,358144,11106,916969,0.105396,22359,4007163,0.460582,12375,4924132,0.565978,8700223
1,2021-06-13,11619,8591883,8436,4520127,2703,3713132,480,358624,3381,912694,0.104905,8170,4015333,0.461521,3895,4928027,0.566425,8700223
1,2021-06-14,30882,8622765,20796,4540923,8785,3721917,1301,359925,11576,906492,0.104192,19109,4034442,0.463717,12907,4940934,0.567909,8700223
1,2021-06-15,37174,8659939,24378,4565301,10946,3732863,1850,361775,13788,899105,0.103343,23119,4057561,0.466374,15732,4956666,0.569717,8700223
1,2021-06-16,35364,8695303,23874,4589175,9660,3742523,1830,363605,13249,892388,0.102571,21856,4079417,0.468886,15139,4971805,0.571457,8700223
1,2021-06-17,33511,8728814,22153,4611328,9416,3751939,1942,365547,13098,887349,0.101992,20177,4099594,0.471206,15138,4986943,0.573197,8700223
1,2021-06-18,39532,8768346,25671,4636999,11007,3762946,2854,368401,15385,881780,0.101351,23868,4123462,0.473949,18299,5005242,0.5753,8700223
1,2021-06-19,23898,8792244,16574,4653573,6124,3769070,1200,369601,9781,878842,0.101014,13950,4137412,0.475552,11012,5016254,0.576566,8700223
1,2021-06-20,8142,8800386,5962,4659535,1904,3770974,276,369877,3237,877525,0.100862,4841,4142253,0.476109,3524,5019778,0.576971,8700223
1,2021-06-21,20905,8821291,11830,4671365,6896,3777870,2179,372056,10903,880770,0.101235,9889,4152142,0.477245,13134,5032912,0.578481,8700223
1,2021-06-22,30747,8852038,20083,4691448,8526,3786396,2138,374194,12904,878251,0.100946,17633,4169775,0.479272,15114,5048026,0.580218,8700223
1,2021-06-23,29295,8881333,19671,4711119,7809,3794205,1815,376009,12794,876598,0.100756,16289,4186064,0.481144,14636,5062662,0.5819,8700223
1,2021-06-24,28252,8909585,18832,4729951,7769,3801974,1651,377660,12010,874284,0.10049,16041,4202105,0.482988,13727,5076389,0.583478,8700223
1,2021-06-25,31613,8941198,21443,4751394,8781,3810755,1389,379049,13923,872201,0.10025,17450,4219555,0.484994,15367,5091756,0.585244,8700223
1,2021-06-26,22180,8963378,16458,4767852,4902,3815657,820,379869,9682,870370,0.10004,12382,4231937,0.486417,10551,5102307,0.586457,8700223
1,2021-06-27,9131,8972509,6791,4774643,1908,3817565,432,380301,4050,869852,0.09998,5016,4236953,0.486994,4498,5106805,0.586974,8700223
1,2021-06-28,21059,8993568,15634,4790277,4177,3821742,1248,381549,9752,869783,0.099972,11122,4248075,0.488272,11053,5117858,0.588244,8700223
1,2021-06-29,26466,9020034,18106,4808383,6996,3828738,1364,382913,11643,868200,0.099791,14651,4262726,0.489956,13068,5130926,0.589746,8700223
1,2021-06-30,25700,9045734,17799,4826182,6859,3835597,1042,383955,12188,868205,0.099791,13300,4276026,0.491485,13305,5144231,0.591276,8700223
1,2021-07-01,23476,9069210,16348,4842530,5871,3841468,1257,385212,10879,867969,0.099764,12453,4288479,0.492916,12217,5156448,0.59268,8700223
1,2021-07-02,26239,9095449,18019,4860549,7192,3848660,1028,386240,12278,867583,0.09972,13775,4302254,0.494499,13389,5169837,0.594219,8700223
1,2021-07-03,14525,9109974,10146,4870695,3941,3852601,438,386678,6887,867433,0.099702,7510,4309764,0.495362,7360,5177197,0.595065,8700223
1,2021-07-04,1261,9111235,707,4871402,489,3853090,65,386743,608,867467,0.099706,645,4310409,0.495437,679,5177876,0.595143,8700223
1,2021-07-05,10967,9122202,7554,4878956,3050,3856140,363,387106,5203,867379,0.099696,5699,4316108,0.496092,5611,5183487,0.595788,8700223
1,2021-07-06,26960,9149162,19053,4898009,6779,3862919,1128,388234,10746,863324,0.09923,16031,4332139,0.497934,11976,5195463,0.597164,8700223
1,2021-07-07,23452,9172614,16436,4914445,5905,3868824,1111,389345,10089,861422,0.099011,13190,4345329,0.49945,11288,5206751,0.598462,8700223
1,2021-07-08,22161,9194775,15329,4929774,5865,3874689,967,390312,9651,859750,0.098819,12381,4357710,0.500873,10709,5217460,0.599693,8700223
1,2021-07-09,26109,9220884,18549,4948323,6590,3881279,970,391282,11877,858606,0.098688,14062,4371772,0.50249,12918,5230378,0.601177,8700223
1,2021-07-10,17086,9237970,12362,4960685,4101,3885380,623,391905,7665,857644,0.098577,9302,4381074,0.503559,8340,5238718,0.602136,8700223
1,2021-07-11,6701,9244671,4896,4965581,1614,3886994,191,392096,3233,857668,0.09858,3418,4384492,0.503952,3442,5242160,0.602532,8700223
1,2021-07-12,19688,9264359,14190,4979771,4717,3891711,781,392877,8794,856572,0.098454,10768,4395260,0.505189,9672,5251832,0.603643,8700223
1,2021-07-13,21672,9286031,15183,4994954,5801,3897512,688,393565,10204,856222,0.098414,11331,4406591,0.506492,10981,5262813,0.604906,8700223
1,2021-07-14,21619,9307650,14857,5009811,5858,3903370,904,394469,9769,855300,0.098308,11700,4418291,0.507837,10778,5273591,0.606144,8700223
1,2021-07-15,20822,9328472,14772,5024583,5389,3908759,661,395130,10004,855380,0.098317,10687,4428978,0.509065,10767,5284358,0.607382,8700223
1,2021-07-16,25507,9353979,17889,5042472,6784,3915543,834,395964,12598,856153,0.098406,12750,4441728,0.51053,13523,5297881,0.608936,8700223
1,2021-07-17,17348,9371327,12387,5054859,4321,3919864,640,396604,8575,856744,0.098474,8657,4450385,0.511525,9248,5307129,0.609999,8700223
1,2021-07-18,7044,9378371,5247,5060106,1540,3921404,257,396861,3615,857260,0.098533,3373,4453758,0.511913,3889,5311018,0.610446,8700223
1,2021-07-19,14707,9393078,9982,5070088,4121,3925525,604,397465,7159,857657,0.098579,7454,4461212,0.51277,7851,5318869,0.611349,8700223
2,2020-12-15,245,245,245,245,0,0,0,0,245,245,2.9e-05,0,0,0.0,245,245,2.9e-05,8407551
2,2020-12-16,2120,2365,2120,2365,0,0,0,0,2119,2364,0.000281,0,0,0.0,2119,2364,0.000281,8407551
2,2020-12-17,6929,9294,6929,9294,0,0,0,0,6930,9294,0.001105,0,0,0.0,6930,9294,0.001105,8407551
2,2020-12-18,11103,20397,11083,20377,20,20,0,0,11103,20397,0.002426,0,0,0.0,11103,20397,0.002426,8407551
2,2020-12-19,5629,26026,5623,26000,6,26,0,0,5630,26027,0.003096,0,0,0.0,5630,26027,0.003096,8407551
2,2020-12-20,4253,30279,4243,30243,10,36,0,0,4248,30274,0.003601,1,1,0.0,4248,30275,0.003601,8407551
2,2020-12-21,12785,43064,12757,43000,28,64,0,0,12740,43014,0.005116,0,1,0.0,12740,43015,0.005116,8407551
2,2020-12-22,12151,55215,11633,54633,518,582,0,0,12149,55163,0.006561,0,1,0.0,12149,55164,0.006561,8407551
2,2020-12-23,11726,66941,9504,64137,2222,2804,0,0,11728,66891,0.007956,1,2,0.0,11729,66893,0.007956,8407551
2,2020-12-24,5911,72852,3496,67633,2415,5219,0,0,5907,72797,0.008659,3,5,1e-06,5909,72802,0.008659,8407551
2,2020-12-25,484,73336,406,68039,78,5297,0,0,486,73283,0.008716,0,5,1e-06,486,73288,0.008717,8407551
2,2020-12-26,2557,75893,1661,69700,896,6193,0,0,2558,75840,0.00902,1,6,1e-06,2558,75846,0.009021,8407551
2,2020-12-27,2234,78127,1215,70915,1019,7212,0,0,2231,78069,0.009286,2,8,1e-06,2231,78077,0.009287,8407551
2,2020-12-28,11029,89156,7169,78084,3860,11072,0,0,11029,89097,0.010597,1,9,1e-06,11029,89106,0.010598,8407551
2,2020-12-29,12724,101880,7154,85238,5570,16642,0,0,12728,101825,0.012111,0,9,1e-06,12728,101834,0.012112,8407551
2,2020-12-30,15457,117337,8674,93912,6783,23425,0,0,15451,117273,0.013949,5,14,2e-06,15453,117287,0.01395,8407551
2,2020-12-31,7584,124921,2832,96744,4752,28177,0,0,7577,124845,0.014849,5,19,2e-06,7577,124864,0.014851,8407551
2,2021-01-01,1221,126142,604,97348,617,28794,0,0,1220,126061,0.014994,4,23,3e-06,1220,126084,0.014997,8407551
2,2021-01-02,4853,130995,2766,100114,2087,30881,0,0,4848,130907,0.01557,2,25,3e-06,4848,130932,0.015573,8407551
2,2021-01-03,1407,132402,790,100904,617,31498,0,0,1399,132302,0.015736,4,29,3e-06,1399,132331,0.01574,8407551
2,2021-01-04,11687,144089,5563,106467,6124,37622,0,0,11676,143975,0.017124,3,32,4e-06,11676,144007,0.017128,8407551
2,2021-01-05,13887,157976,6944,113411,6943,44565,0,0,12667,155466,0.018491,1211,1243,0.000148,12702,156709,0.018639,8407551
2,2021-01-06,19034,177010,10498,123909,8536,53101,0,0,15201,166904,0.019852,3774,5017,0.000597,15212,171921,0.020448,8407551
2,2021-01-07,23291,200301,13139,137048,10152,63253,0,0,15595,174816,0.020793,7698,12715,0.001512,15610,187531,0.022305,8407551
2,2021-01-08,26914,227215,16262,153310,10652,73905,0,0,16580,181142,0.021545,10278,22993,0.002735,16604,204135,0.02428,8407551
2,2021-01-09,9857,237072,5767,159077,4090,77995,0,0,6276,183853,0.021868,3572,26565,0.00316,6283,210418,0.025027,8407551
2,2021-01-10,5303,242375,2964,162041,2339,80334,0,0,3037,184630,0.02196,2266,28831,0.003429,3043,213461,0.025389,8407551
2,2021-01-11,26059,268434,18006,180047,8053,88387,0,0,14953,188530,0.022424,11103,39934,0.00475,15003,228464,0.027174,8407551
2,2021-01-12,26369,294803,16376,196423,9993,98380,0,0,16764,195773,0.023285,9605,49539,0.005892,16848,245312,0.029178,8407551
2,2021-01-13,28582,323385,15150,211573,13432,111812,0,0,20579,208396,0.024787,7984,57523,0.006842,20607,265919,0.031629,8407551
2,2021-01-14,30574,353959,11643,223216,18931,130743,0,0,26283,230456,0.027411,4298,61821,0.007353,26358,292277,0.034764,8407551
2,2021-01-15,35088,389047,12683,235899,22405,153148,0,0,31792,259051,0.030812,3288,65109,0.007744,31883,324160,0.038556,8407551
2,2021-01-16,18123,407170,5998,241897,12125,165273,0,0,16785,274496,0.032649,1352,66461,0.007905,16797,340957,0.040554,8407551
2,2021-01-17,10545,417715,3551,245448,6994,172267,0,0,9811,283568,0.033728,748,67209,0.007994,9820,350777,0.041722,8407551
2,2021-01-18,19741,437456,11034,256482,8707,180974,0,0,14928,293726,0.034936,4831,72040,0.008568,14989,365766,0.043504,8407551
2,2021-01-19,32617,470073,16945,273427,15672,196646,0,0,24584,310394,0.036918,8030,80070,0.009524,24698,390464,0.046442,8407551
2,2021-01-20,37625,507698,18980,292407,18645,215291,0,0,28992,330877,0.039355,8600,88670,0.010546,29083,419547,0.049901,8407551
2,2021-01-21,40979,548677,17406,309813,23573,238864,0,0,36470,363045,0.043181,4478,93148,0.011079,36646,456193,0.05426,8407551
2,2021-01-22,39614,588291,16552,326365,23062,261926,0,0,36259,395958,0.047096,3373,96521,0.01148,36286,492479,0.058576,8407551
2,2021-01-23,24119,612410,10781,337146,13338,275264,0,0,21144,414178,0.049263,2954,99475,0.011832,21174,513653,0.061094,8407551
2,2021-01-24,12436,624846,6097,343243,6339,281603,0,0,11519,424808,0.050527,901,100376,0.011939,11531,525184,0.062466,8407551
2,2021-01-25,33894,658740,15606,358849,18288,299891,0,0,25048,441199,0.052477,8795,109171,0.012985,25186,550370,0.065461,8407551
2,2021-01-26,40384,699124,19783,378632,20601,320492,0,0,31158,463238,0.055098,9201,118372,0.014079,31240,581610,0.069177,8407551
2,2021-01-27,45654,744778,22664,401296,22990,343482,0,0,35314,488401,0.058091,10212,128584,0.015294,35375,616985,0.073385,8407551
2,2021-01-28,47875,792653,22402,423698,25473,368955,0,0,39155,518975,0.061727,8654,137238,0.016323,39228,656213,0.07805,8407551
2,2021-01-29,45580,838233,21999,445697,23581,392536,0,0,36820,547223,0.065087,8636,145874,0.01735,36884,693097,0.082437,8407551
2,2021-01-30,31281,869514,13337,459034,17944,410480,0,0,27878,571767,0.068006,3365,149239,0.017751,27909,721006,0.085757,8407551
2,2021-01-31,17118,886632,10168,469202,6950,417430,0,0,15913,586514,0.06976,1186,150425,0.017892,15933,736939,0.087652,8407551
2,2021-02-01,41070,927702,19682,488884,21388,438818,0,0,29936,605410,0.072008,11079,161504,0.019209,29975,766914,0.091217,8407551
2,2021-02-02,47887,975589,19455,508339,28432,467250,0,0,36355,630410,0.074981,11450,172954,0.020571,36450,803364,0.095553,8407551
2,2021-02-03,54018,1029607,23805,532144,30213,497463,0,0,39758,656106,0.078038,14157,187111,0.022255,39853,843217,0.100293,8407551
2,2021-02-04,56154,1085761,24113,556257,32041,529504,0,0,40916,681992,0.081117,15130,202241,0.024055,41016,884233,0.105171,8407551
2,2021-02-05,60061,1145822,26210,582467,33851,563355,0,0,40521,703365,0.083659,19333,221574,0.026354,40706,924939,0.110013,8407551
2,2021-02-06,39315,1185137,18342,600809,20973,584328,0,0,31325,726870,0.086454,7914,229488,0.027295,31419,956358,0.11375,8407551
2,2021-02-07,15663,1200800,10386,611195,5277,589605,0,0,11886,735076,0.08743,3749,233237,0.027741,11955,968313,0.115172,8407551
2,2021-02-08,42903,1243703,21729,632924,21174,610779,0,0,29322,751173,0.089345,13435,246672,0.029339,29532,997845,0.118684,8407551
2,2021-02-09,49429,1293132,23251,656175,26178,636957,0,0,30516,763395,0.090799,18624,265296,0.031554,30846,1028691,0.122353,8407551
2,2021-02-10,59575,1352707,27872,684047,31703,668660,0,0,34352,773161,0.09196,24939,290235,0.034521,34705,1063396,0.126481,8407551
2,2021-02-11,64242,1416949,29510,713557,34732,703392,0,0,35774,781324,0.092931,28108,318343,0.037864,36271,1099667,0.130795,8407551
2,2021-02-12,65533,1482482,28137,741694,37396,740788,0,0,34779,786315,0.093525,30443,348786,0.041485,35434,1135101,0.13501,8407551
2,2021-02-13,38102,1520584,15893,757587,22209,762997,0,0,21991,792672,0.094281,16012,364798,0.043389,22369,1157470,0.13767,8407551
2,2021-02-14,20117,1540701,9339,766926,10778,773775,0,0,11183,795333,0.094597,8884,373682,0.044446,11545,1169015,0.139043,8407551
2,2021-02-15,33182,1573883,14949,781875,18233,792008,0,0,18385,799914,0.095142,14661,388343,0.04619,19242,1188257,0.141332,8407551
2,2021-02-16,56482,1630365,27698,809573,28784,820792,0,0,29753,803719,0.095595,26617,414960,0.049356,30422,1218679,0.144951,8407551
2,2021-02-17,61770,1692135,31795,841368,29975,850767,0,0,30672,804212,0.095654,31003,445963,0.053043,31496,1250175,0.148697,8407551
2,2021-02-18,66406,1758541,33480,874848,32926,883693,0,0,32333,803884,0.095615,33813,479776,0.057065,33485,1283660,0.152679,8407551
2,2021-02-19,59772,1818313,33105,907953,26667,910360,0,0,29671,804254,0.095659,29906,509682,0.060622,30276,1313936,0.15628,8407551
2,2021-02-20,37795,1856108,24528,932481,13267,923627,0,0,20539,808317,0.096142,17154,526836,0.062662,21217,1335153,0.158804,8407551
2,2021-02-21,21694,1877802,17558,950039,4136,927763,0,0,10771,809055,0.09623,10836,537672,0.063951,11574,1346727,0.160181,8407551
2,2021-02-22,39377,1917179,26903,976942,12474,940237,0,0,18653,807808,0.096081,20573,558245,0.066398,19326,1366053,0.162479,8407551
2,2021-02-23,53707,1970886,27398,1004340,26309,966546,0,0,23540,803335,0.095549,29906,588151,0.069955,25433,1391486,0.165504,8407551
2,2021-02-24,71006,2041892,36564,1040904,34442,1000988,0,0,32563,800040,0.095157,38229,626380,0.074502,34934,1426420,0.169659,8407551
2,2021-02-25,76957,2118849,36358,1077262,40599,1041587,0,0,39068,804309,0.095665,37615,663995,0.078976,41884,1468304,0.174641,8407551
2,2021-02-26,85432,2204281,36615,1113877,48817,1090404,0,0,45898,813181,0.09672,39223,703218,0.083641,48095,1516399,0.180362,8407551
2,2021-02-27,62439,2266720,29020,1142897,33412,1123816,7,7,33838,820002,0.097532,28360,731578,0.087014,35181,1551580,0.184546,8407551
2,2021-02-28,30654,2297374,18339,1161236,12314,1136130,1,8,17889,826088,0.098255,12639,744217,0.088518,18725,1570305,0.186773,8407551
2,2021-03-01,57475,2354849,29872,1191108,27558,1163688,45,53,31493,833148,0.099095,25672,769889,0.091571,32732,1603037,0.190666,8407551
2,2021-03-02,68735,2423584,32887,1223995,35837,1199525,11,64,38670,844273,0.100418,29890,799779,0.095126,41015,1644052,0.195545,8407551
2,2021-03-03,79927,2503511,38657,1262652,41255,1240780,15,79,45349,857851,0.102033,34362,834141,0.099213,47940,1691992,0.201247,8407551
2,2021-03-04,88062,2591573,43232,1305884,44800,1285580,30,109,50910,874262,0.103985,36907,871048,0.103603,53318,1745310,0.207588,8407551
2,2021-03-05,82071,2673644,38575,1344459,43188,1328768,308,417,50208,895529,0.106515,31633,902681,0.107366,52900,1798210,0.21388,8407551
2,2021-03-06,62919,2736563,30759,1375218,30461,1359229,1699,2116,38741,913361,0.108636,24043,926724,0.110225,41875,1840085,0.218861,8407551
2,2021-03-07,28590,2765153,16238,1391456,10808,1370037,1544,3660,18129,923758,0.109872,10388,937112,0.111461,20785,1860870,0.221333,8407551
2,2021-03-08,50751,2815904,23276,1414732,24911,1394948,2564,6224,31901,941125,0.111938,18742,955854,0.11369,36109,1896979,0.225628,8407551
2,2021-03-09,70593,2886497,32129,1446861,34617,1429565,3847,10071,39074,954012,0.113471,31376,987230,0.117422,44263,1941242,0.230893,8407551
2,2021-03-10,78445,2964942,37105,1483966,34803,1464368,6537,16608,41650,966948,0.115009,36572,1023802,0.121772,49508,1990750,0.236781,8407551
2,2021-03-11,93283,3058225,43028,1526994,41885,1506253,8370,24978,48667,981090,0.116692,44295,1068097,0.12704,58437,2049187,0.243732,8407551
2,2021-03-12,94125,3152350,38701,1565695,43454,1549707,11970,36948,46822,994257,0.118258,47044,1115141,0.132636,60211,2109398,0.250893,8407551
2,2021-03-13,69256,3221606,28988,1594683,32286,1581993,7982,44930,38052,1010521,0.120192,31065,1146206,0.136331,47329,2156727,0.256523,8407551
2,2021-03-14,37029,3258635,18312,1612995,14194,1596187,4523,49453,18565,1015998,0.120844,18359,1164565,0.138514,23836,2180563,0.259358,8407551
2,2021-03-15,67450,3326085,30416,1643411,32018,1628205,5016,54469,37179,1029240,0.122419,30047,1194612,0.142088,43289,2223852,0.264507,8407551
2,2021-03-16,86303,3412388,38173,1681584,44106,1672311,4024,58493,52165,1052626,0.1252,33934,1228546,0.146124,57320,2281172,0.271324,8407551
2,2021-03-17,92831,3505219,44453,1726037,44193,1716504,4185,62678,58795,1082694,0.128776,33754,1262300,0.150139,63822,2344994,0.278915,8407551
2,2021-03-18,98182,3603401,46815,1772852,46773,1763277,4594,67272,59639,1109276,0.131938,38220,1300520,0.154685,64802,2409796,0.286623,8407551
2,2021-03-19,97539,3700940,46165,1819017,45249,1808526,6125,73397,57705,1134112,0.134892,39519,1340039,0.159385,64355,2474151,0.294277,8407551
2,2021-03-20,70009,3770949,33926,1852943,32117,1840643,3966,77363,45716,1160105,0.137984,24055,1364094,0.162246,50048,2524199,0.30023,8407551
2,2021-03-21,33428,3804377,21593,1874536,9839,1850482,1996,79359,19981,1169210,0.139067,13305,1377399,0.163829,22410,2546609,0.302895,8407551
2,2021-03-22,62914,3867291,34625,1909161,25654,1876136,2635,81994,41746,1193563,0.141963,20926,1398325,0.166318,45279,2591888,0.308281,8407551
2,2021-03-23,83765,3951056,44519,1953680,36330,1912466,2916,84910,52284,1218407,0.144918,31196,1429521,0.170028,56040,2647928,0.314946,8407551
2,2021-03-24,91638,4042694,49232,2002912,39238,1951704,3168,88078,53675,1238441,0.147301,37624,1467145,0.174503,57658,2705586,0.321804,8407551
2,2021-03-25,101224,4143918,51070,2053982,46252,1997956,3902,91980,57171,1256588,0.149459,43682,1510827,0.179699,61829,2767415,0.329158,8407551
2,2021-03-26,103337,4247255,51264,2105246,48579,2046535,3494,95474,56356,1270906,0.151162,46581,1557408,0.185239,60899,2828314,0.336402,8407551
2,2021-03-27,75608,4322863,37733,2142979,34576,2081111,3299,98773,37803,1275317,0.151687,37549,1594957,0.189705,41960,2870274,0.341392,8407551
2,2021-03-28,37688,4360551,23279,2166258,13598,2094709,811,99584,20082,1279583,0.152194,17478,1612435,0.191784,21744,2892018,0.343979,8407551
2,2021-03-29,71298,4431849,36232,2202490,32791,2127500,2275,101859,40563,1292802,0.153767,30518,1642953,0.195414,43737,2935755,0.349181,8407551
2,2021-03-30,91900,4523749,45005,2247495,42518,2170018,4377,106236,51637,1309369,0.155737,40052,1683005,0.200178,56619,2992374,0.355915,8407551
2,2021-03-31,101169,4624918,52106,2299601,43956,2213974,5107,111343,57423,1328813,0.15805,43431,1726436,0.205344,62875,3055249,0.363393,8407551
2,2021-04-01,117540,4742458,56785,2356386,51519,2265493,9236,120579,64013,1349361,0.160494,53121,1779557,0.211662,73669,3128918,0.372156,8407551
2,2021-04-02,111621,4854079,51433,2407819,50005,2315498,10183,130762,59917,1368619,0.162785,51311,1830868,0.217765,70569,3199487,0.380549,8407551
2,2021-04-03,76853,4930932,37732,2445551,29291,2344789,9830,140592,38086,1378362,0.163943,38556,1869424,0.222351,48299,3247786,0.386294,8407551
2,2021-04-04,29003,4959935,14919,2460470,10225,2355014,3859,144451,13019,1379393,0.164066,15876,1885300,0.224239,16907,3264693,0.388305,8407551
2,2021-04-05,79138,5039073,38782,2499252,31517,2386531,8839,153290,38187,1386399,0.164899,40767,1926067,0.229088,47773,3312466,0.393987,8407551
2,2021-04-06,103887,5142960,50581,2549833,38591,2425122,14715,168005,49230,1396367,0.166085,54371,1980438,0.235555,64339,3376805,0.40164,8407551
2,2021-04-07,110500,5253460,55111,2604944,39130,2464252,16259,184264,52029,1406757,0.167321,58173,2038611,0.242474,68563,3445368,0.409794,8407551
2,2021-04-08,119349,5372809,57446,2662390,43170,2507422,18733,202997,55345,1417775,0.168631,63634,2102245,0.250042,74652,3520020,0.418674,8407551
2,2021-04-09,118832,5491641,57224,2719614,43489,2550911,18119,221116,56200,1430690,0.170167,62247,2164492,0.257446,75162,3595182,0.427613,8407551
2,2021-04-10,87620,5579261,37797,2757411,31400,2582311,18423,239539,36087,1434615,0.170634,51266,2215758,0.263544,55191,3650373,0.434178,8407551
2,2021-04-11,44477,5623738,23082,2780493,12923,2595234,8472,248011,18215,1435904,0.170787,26121,2241879,0.266651,27410,3677783,0.437438,8407551
2,2021-04-12,80000,5703738,37266,2817759,33328,2628562,9406,257417,35612,1437801,0.171013,44115,2285994,0.271898,46012,3723795,0.442911,8407551
2,2021-04-13,101855,5805593,52856,2870615,48739,2677301,260,257677,55818,1449003,0.172345,45770,2331764,0.277342,56972,3780767,0.449687,8407551
2,2021-04-14,106813,5912406,55945,2926560,50815,2728116,53,257730,54632,1453250,0.172851,51871,2383635,0.283511,56118,3836885,0.456362,8407551
2,2021-04-15,113415,6025821,60293,2986853,53040,2781156,82,257812,59373,1460124,0.173668,53649,2437284,0.289892,60523,3897408,0.46356,8407551
2,2021-04-16,110877,6136698,57484,3044337,53340,2834496,53,257865,56348,1463194,0.174033,54183,2491467,0.296337,57253,3954661,0.47037,8407551
2,2021-04-17,83600,6220298,42534,3086871,41051,2875547,15,257880,46805,1474333,0.175358,36545,2528012,0.300684,47684,4002345,0.476042,8407551
2,2021-04-18,35643,6255941,21640,3108511,13996,2889543,7,257887,17010,1473831,0.175298,18501,2546513,0.302884,17999,4020344,0.478183,8407551
2,2021-04-19,74951,6330892,40342,3148853,34593,2924136,16,257903,34214,1468216,0.174631,40468,2586981,0.307697,34853,4055197,0.482328,8407551
2,2021-04-20,97793,6428685,49590,3198443,48177,2972313,26,257929,47573,1466687,0.174449,49871,2636852,0.313629,48342,4103539,0.488078,8407551
2,2021-04-21,103616,6532301,56050,3254493,47508,3019821,58,257987,49022,1462601,0.173963,54137,2690989,0.320068,50051,4153590,0.494031,8407551
2,2021-04-22,108150,6640451,55970,3310463,52157,3071978,23,258010,47443,1450674,0.172544,60287,2751276,0.327239,48360,4201950,0.499783,8407551
2,2021-04-23,107643,6748094,57241,3367704,50384,3122362,18,258028,49879,1444145,0.171768,57347,2808623,0.33406,50818,4252768,0.505827,8407551
2,2021-04-24,80555,6828649,47442,3415146,33073,3155435,40,258068,41999,1448895,0.172333,38219,2846842,0.338605,42969,4295737,0.510938,8407551
2,2021-04-25,36346,6864995,22376,3437522,13955,3169390,15,258083,19783,1452733,0.172789,16425,2863267,0.340559,20263,4316000,0.513348,8407551
2,2021-04-26,73898,6938893,40923,3478445,32667,3202057,308,258391,34056,1448964,0.172341,39579,2902846,0.345267,35810,4351810,0.517607,8407551
2,2021-04-27,88025,7026918,46391,3524836,40271,3242328,1363,259754,37861,1439637,0.171231,49791,2952637,0.351189,40464,4392274,0.52242,8407551
2,2021-04-28,87834,7114752,46946,3571782,39025,3281353,1863,261617,38792,1432503,0.170383,48703,3001340,0.356981,41569,4433843,0.527364,8407551
2,2021-04-29,90433,7205185,49252,3621034,39478,3320831,1703,263320,35167,1415088,0.168312,54886,3056226,0.36351,37471,4471314,0.531821,8407551
2,2021-04-30,94267,7299452,52130,3673164,40144,3360975,1993,265313,36747,1397410,0.166209,57075,3113301,0.370298,39397,4510711,0.536507,8407551
2,2021-05-01,61957,7361409,37763,3710927,22624,3383599,1570,266883,24164,1386513,0.164913,37484,3150785,0.374757,26587,4537298,0.539669,8407551
2,2021-05-02,29065,7390474,20201,3731128,7892,3391491,972,267855,11056,1380754,0.164228,17876,3168661,0.376883,12117,4549415,0.541111,8407551
2,2021-05-03,60011,7450485,35482,3766610,22476,3413967,2053,269908,20208,1363742,0.162204,39539,3208200,0.381586,22527,4571942,0.54379,8407551
2,2021-05-04,79415,7529900,47400,3814010,29644,3443611,2371,272279,25847,1339122,0.159276,53235,3261435,0.387917,28615,4600557,0.547193,8407551
2,2021-05-05,79923,7609823,47572,3861582,30004,3473615,2347,274626,25042,1312384,0.156096,54490,3315925,0.394398,27752,4628309,0.550494,8407551
2,2021-05-06,82157,7691980,49756,3911338,29491,3503106,2910,277536,25156,1284558,0.152786,56533,3372458,0.401123,28707,4657016,0.553909,8407551
2,2021-05-07,83238,7775218,48024,3959362,32790,3535896,2424,279960,25637,1255850,0.149372,57229,3429687,0.407929,28521,4685537,0.557301,8407551
2,2021-05-08,55199,7830417,33422,3992784,20069,3555965,1708,281668,17329,1237980,0.147246,37636,3467323,0.412406,19766,4705303,0.559652,8407551
2,2021-05-09,21717,7852134,15692,4008476,5277,3561242,748,282416,6348,1230014,0.146299,15292,3482615,0.414225,7326,4712629,0.560523,8407551
2,2021-05-10,49891,7902025,27122,4035598,20902,3582144,1867,284283,14087,1211013,0.144039,35564,3518179,0.418455,16563,4729192,0.562493,8407551
2,2021-05-11,65618,7967643,35414,4071012,28098,3610242,2106,286389,19823,1188132,0.141317,45501,3563680,0.423867,22620,4751812,0.565184,8407551
2,2021-05-12,64790,8032433,34527,4105539,28046,3638288,2217,288606,19120,1164494,0.138506,45364,3609044,0.429262,21726,4773538,0.567768,8407551
2,2021-05-13,70508,8102941,40962,4146501,27605,3665893,1941,290547,25833,1148603,0.136616,44396,3653440,0.434543,28505,4802043,0.571158,8407551
2,2021-05-14,79369,8182310,47552,4194053,29562,3695455,2255,292802,30502,1133501,0.134819,48506,3701946,0.440312,33404,4835447,0.575131,8407551
2,2021-05-15,65936,8248246,43310,4237363,20914,3716369,1712,294514,25536,1120979,0.13333,40161,3742107,0.445089,27639,4863086,0.578419,8407551
2,2021-05-16,31507,8279753,23557,4260920,7026,3723395,924,295438,12841,1116335,0.132778,18537,3760644,0.447294,13893,4876979,0.580071,8407551
2,2021-05-17,57827,8337580,36642,4297562,19254,3742649,1931,297369,22818,1106664,0.131627,34783,3795427,0.451431,25112,4902091,0.583058,8407551
2,2021-05-18,69945,8407525,40938,4338500,27046,3769695,1961,299330,27821,1095128,0.130255,41858,3837285,0.456409,30322,4932413,0.586665,8407551
2,2021-05-19,68682,8476207,40630,4379130,26043,3795738,2009,301339,27221,1083664,0.128892,41162,3878447,0.461305,29698,4962111,0.590197,8407551
2,2021-05-20,69088,8545295,39976,4419106,26930,3822668,2182,303521,26208,1070090,0.127277,42557,3921004,0.466367,28983,4991094,0.593644,8407551
2,2021-05-21,72715,8618010,42904,4462010,27661,3850329,2150,305671,27603,1055637,0.125558,44759,3965763,0.471691,30306,5021400,0.597249,8407551
2,2021-05-22,53335,8671345,33790,4495800,17771,3868100,1774,307445,22308,1049457,0.124823,30801,3996564,0.475354,24621,5046021,0.600177,8407551
2,2021-05-23,24401,8695746,16651,4512451,7024,3875124,726,308171,10282,1046611,0.124485,13992,4010556,0.477018,11146,5057167,0.601503,8407551
2,2021-05-24,44727,8740473,25400,4537851,17560,3892684,1767,309938,17229,1038663,0.123539,27284,4037840,0.480264,19336,5076503,0.603803,8407551
2,2021-05-25,50639,8791112,29639,4567490,19138,3911822,1862,311800,19275,1029270,0.122422,31067,4068907,0.483959,21674,5098177,0.606381,8407551
2,2021-05-26,48606,8839718,27228,4594718,19695,3931517,1683,313483,19028,1021070,0.121447,29249,4098156,0.487438,21049,5119226,0.608884,8407551
2,2021-05-27,46496,8886214,26342,4621060,18414,3949931,1740,315223,18589,1014232,0.120633,27669,4125825,0.490729,20831,5140057,0.611362,8407551
2,2021-05-28,49877,8936091,27526,4648586,20378,3970309,1973,317196,20954,1008917,0.120001,28668,4154493,0.494138,23353,5163410,0.61414,8407551
2,2021-05-29,28938,8965029,17347,4665933,10538,3980847,1053,318249,13262,1007876,0.119877,15526,4170019,0.495985,14485,5177895,0.615862,8407551
2,2021-05-30,12631,8977660,8134,4674067,3735,3984582,762,319011,5533,1007189,0.119796,7048,4177067,0.496823,6361,5184256,0.616619,8407551
2,2021-05-31,5864,8983524,3425,4677492,2135,3986717,304,319315,1820,1005373,0.11958,3989,4181056,0.497298,2173,5186429,0.616877,8407551
2,2021-06-01,44674,9028198,25661,4703153,17352,4004069,1661,320976,15599,994225,0.118254,28782,4209838,0.500721,17634,5204063,0.618975,8407551
2,2021-06-02,38124,9066322,22441,4725594,14279,4018348,1404,322380,14956,987967,0.117509,22913,4232751,0.503446,16655,5220718,0.620956,8407551
2,2021-06-03,41295,9107617,26600,4752194,13232,4031580,1463,323843,13935,976621,0.11616,27125,4259876,0.506673,15779,5236497,0.622833,8407551
2,2021-06-04,47894,9155511,31277,4783471,15080,4046660,1537,325380,15505,962088,0.114431,32099,4291975,0.510491,17566,5254063,0.624922,8407551
2,2021-06-05,37756,9193267,26944,4810415,9354,4056014,1458,326838,11842,950114,0.113007,25689,4317664,0.513546,13715,5267778,0.626553,8407551
2,2021-06-06,14866,9208133,12195,4822610,2092,4058106,579,327417,4690,945459,0.112454,10113,4327777,0.514749,5458,5273236,0.627202,8407551
2,2021-06-07,33194,9241327,23227,4845837,8698,4066804,1269,328686,10787,935498,0.111269,22264,4350041,0.517397,12303,5285539,0.628666,8407551
2,2021-06-08,40531,9281858,28691,4874528,10472,4077276,1368,330054,12460,921866,0.109647,27833,4377874,0.520707,14201,5299740,0.630355,8407551
2,2021-06-09,38048,9319906,26570,4901098,9986,4087262,1492,331546,11533,908894,0.108104,26321,4404195,0.523838,13349,5313089,0.631943,8407551
2,2021-06-10,37669,9357575,26195,4927293,9951,4097213,1523,333069,11680,896775,0.106663,25789,4429984,0.526905,13670,5326759,0.633568,8407551
2,2021-06-11,41157,9398732,27325,4954618,12168,4109381,1664,334733,13214,884265,0.105175,27682,4457666,0.530198,15172,5341931,0.635373,8407551
2,2021-06-12,29338,9428070,21584,4976202,6840,4116221,914,335647,8680,873558,0.103902,20521,4478187,0.532639,9814,5351745,0.63654,8407551
2,2021-06-13,12203,9440273,8912,4985114,2674,4118895,617,336264,3103,868407,0.103289,9039,4487226,0.533714,3888,5355633,0.637003,8407551
2,2021-06-14,29826,9470099,21163,5006277,7469,4126364,1194,337458,10344,860833,0.102388,19320,4506546,0.536012,11746,5367379,0.6384,8407551
2,2021-06-15,35426,9505525,23578,5029855,9809,4136173,2039,339497,11921,851897,0.101325,23273,4529819,0.53878,14337,5381716,0.640105,8407551
2,2021-06-16,32841,9538366,22648,5052503,8405,4144578,1788,341285,11291,843902,0.100374,21384,4551203,0.541323,13389,5395105,0.641698,8407551
2,2021-06-17,30730,9569096,20510,5073013,8424,4153002,1796,343081,10888,837122,0.099568,19669,4570872,0.543663,12889,5407994,0.643231,8407551
2,2021-06-18,34544,9603640,22748,5095761,9929,4162931,1867,344948,12615,830151,0.098739,21712,4592584,0.546245,14741,5422735,0.644984,8407551
2,2021-06-19,20825,9624465,14489,5110250,5077,4168008,1259,346207,7881,826698,0.098328,12783,4605367,0.547766,9330,5432065,0.646094,8407551
2,2021-06-20,8253,9632718,5895,5116145,1894,4169902,464,346671,3054,825125,0.098141,5158,4610525,0.548379,3585,5435650,0.64652,8407551
2,2021-06-21,19216,9651934,11758,5127903,6148,4176050,1310,347981,9826,827166,0.098384,9276,4619801,0.549482,11317,5446967,0.647866,8407551
2,2021-06-22,26756,9678690,18322,5146225,7064,4183114,1370,349351,10484,823189,0.097911,16103,4635904,0.551398,12126,5459093,0.649308,8407551
2,2021-06-23,25812,9704502,17828,5164053,6370,4189484,1614,350965,10533,820490,0.09759,15137,4651041,0.553198,12438,5471531,0.650788,8407551
2,2021-06-24,25194,9729696,17154,5181207,6533,4196017,1507,352472,10428,818034,0.097298,14621,4665662,0.554937,12165,5483696,0.652235,8407551
2,2021-06-25,28599,9758295,19385,5200592,7731,4203748,1483,353955,11946,815194,0.09696,16499,4682161,0.5569,13659,5497355,0.653859,8407551
2,2021-06-26,18443,9776738,13589,5214181,3932,4207680,922,354877,7513,813026,0.096702,10846,4693007,0.55819,8678,5506033,0.654891,8407551
2,2021-06-27,8744,9785482,6671,5220852,1627,4209307,446,355323,3497,811894,0.096567,5199,4698206,0.558808,4067,5510100,0.655375,8407551
2,2021-06-28,19664,9805146,14941,5235793,3485,4212792,1238,356561,8653,811091,0.096472,10883,4709089,0.560102,10080,5520180,0.656574,8407551
2,2021-06-29,22508,9827654,15677,5251470,5765,4218557,1066,357627,9573,809159,0.096242,12807,4721896,0.561626,10875,5531055,0.657868,8407551
2,2021-06-30,21706,9849360,15415,5266885,5268,4223825,1023,358650,9615,808069,0.096112,11955,4733851,0.563048,10865,5541920,0.65916,8407551
2,2021-07-01,19624,9868984,13885,5280770,4871,4228696,868,359518,8716,807061,0.095992,10794,4744645,0.564331,9786,5551706,0.660324,8407551
2,2021-07-02,22557,9891541,15560,5296330,5982,4234678,1015,360533,9940,805754,0.095837,12462,4757107,0.565814,11155,5562861,0.661651,8407551
2,2021-07-03,12391,9903932,8934,5305264,2986,4237664,471,361004,5657,805351,0.095789,6650,4763757,0.566605,6247,5569108,0.662394,8407551
2,2021-07-04,982,9904914,576,5305840,339,4238003,67,361071,418,805305,0.095784,554,4764311,0.56667,508,5569616,0.662454,8407551
2,2021-07-05,10930,9915844,7989,5313829,2534,4240537,407,361478,5008,804980,0.095745,5866,4770177,0.567368,5541,5575157,0.663113,8407551
2,2021-07-06,23389,9939233,16999,5330828,5421,4245958,969,362447,9017,801007,0.095272,14233,4784410,0.569061,10260,5585417,0.664333,8407551
2,2021-07-07,20307,9959540,14491,5345319,4735,4250693,1081,363528,8641,799439,0.095086,11555,4795965,0.570435,9987,5595404,0.665521,8407551
2,2021-07-08,18735,9978275,13109,5358428,4711,4255404,915,364443,7970,797866,0.094899,10666,4806631,0.571704,9093,5604497,0.666603,8407551
2,2021-07-09,22014,10000289,15240,5373668,5608,4261012,1166,365609,9333,796029,0.09468,12549,4819180,0.573197,10712,5615209,0.667877,8407551
2,2021-07-10,13873,10014162,10222,5383890,2993,4264005,658,366267,6096,795254,0.094588,7687,4826867,0.574111,6912,5622121,0.668699,8407551
2,2021-07-11,6508,10020670,4781,5388671,1387,4265392,340,366607,3071,795339,0.094598,3394,4830261,0.574515,3479,5625600,0.669113,8407551
2,2021-07-12,17883,10038553,13142,5401813,3902,4269294,839,367446,7750,794107,0.094452,10025,4840286,0.575707,8793,5634393,0.670159,8407551
2,2021-07-13,19088,10057641,13472,5415285,4767,4274061,849,368295,8571,793340,0.09436,10380,4850666,0.576942,9613,5644006,0.671302,8407551
2,2021-07-14,18210,10075851,13011,5428296,4446,4278507,753,369048,8144,792487,0.094259,9950,4860616,0.578125,9097,5653103,0.672384,8407551
2,2021-07-15,18250,10094101,13303,5441599,4340,4282847,607,369655,8319,791805,0.094178,9820,4870436,0.579293,9138,5662241,0.673471,8407551
2,2021-07-16,22012,10116113,15861,5457460,5384,4288231,767,370422,10526,791945,0.094194,11359,4881795,0.580644,11499,5673740,0.674839,8407551
2,2021-07-17,13517,10129630,9820,5467280,3217,4291448,480,370902,6532,792192,0.094224,6894,4888689,0.581464,7141,5680881,0.675688,8407551
2,2021-07-18,6662,10136292,4999,5472279,1349,4292797,314,371216,3387,792729,0.094288,3233,4891922,0.581849,3770,5684651,0.676136,8407551
2,2021-07-19,12242,10148534,8776,5481055,3025,4295822,441,371657,6026,793238,0.094348,6145,4898067,0.58258,6654,5691305,0.676928,8407551
3,2020-12-15,310,310,310,310,0,0,0,0,310,310,3.8e-05,0,0,0.0,310,310,3.8e-05,8129050
3,2020-12-16,2445,2755,2445,2755,0,0,0,0,2446,2756,0.000339,0,0,0.0,2446,2756,0.000339,8129050
3,2020-12-17,7856,10611,7856,10611,0,0,0,0,7856,10612,0.001305,0,0,0.0,7856,10612,0.001305,8129050
3,2020-12-18,13424,24035,13406,24017,18,18,0,0,13423,24035,0.002957,0,0,0.0,13423,24035,0.002957,8129050
3,2020-12-19,7249,31284,7236,31253,13,31,0,0,7312,31347,0.003856,0,0,0.0,7312,31347,0.003856,8129050
3,2020-12-20,5668,36952,5659,36912,9,40,0,0,5715,37061,0.004559,1,1,0.0,5715,37062,0.004559,8129050
3,2020-12-21,14387,51339,14361,51273,26,66,0,0,14451,51511,0.006337,1,2,0.0,14451,51513,0.006337,8129050
3,2020-12-22,14816,66155,14245,65518,571,637,0,0,14855,66365,0.008164,1,3,0.0,14855,66368,0.008164,8129050
3,2020-12-23,14818,80973,12217,77735,2601,3238,0,0,14835,81199,0.009989,2,5,1e-06,14836,81204,0.009989,8129050
3,2020-12-24,6787,87760,4869,82604,1918,5156,0,0,6784,87981,0.010823,2,7,1e-06,6784,87988,0.010824,8129050
3,2020-12-25,725,88485,667,83271,58,5214,0,0,723,88704,0.010912,0,7,1e-06,723,88711,0.010913,8129050
3,2020-12-26,4622,93107,2998,86269,1624,6838,0,0,4620,93324,0.01148,0,7,1e-06,4620,93331,0.011481,8129050
3,2020-12-27,2982,96089,1855,88124,1127,7965,0,0,2982,96306,0.011847,0,7,1e-06,2982,96313,0.011848,8129050
3,2020-12-28,13634,109723,8723,96847,4911,12876,0,0,13659,109964,0.013527,1,8,1e-06,13659,109972,0.013528,8129050
3,2020-12-29,15029,124752,8467,105314,6562,19438,0,0,15057,125019,0.015379,2,10,1e-06,15057,125029,0.015381,8129050
3,2020-12-30,18038,142790,10058,115372,7980,27418,0,0,18043,143061,0.017599,2,12,1e-06,18044,143073,0.0176,8129050
3,2020-12-31,8446,151236,3238,118610,5208,32626,0,0,8445,151504,0.018637,2,14,2e-06,8445,151518,0.018639,8129050
3,2021-01-01,1504,152740,710,119320,794,33420,0,0,1501,153004,0.018822,1,15,2e-06,1501,153019,0.018824,8129050
3,2021-01-02,4937,157677,2419,121739,2518,35938,0,0,4937,157941,0.019429,0,15,2e-06,4937,157956,0.019431,8129050
3,2021-01-03,1615,159292,848,122587,767,36705,0,0,1605,159543,0.019626,3,18,2e-06,1605,159561,0.019628,8129050
3,2021-01-04,12031,171323,5970,128557,6061,42766,0,0,12004,171540,0.021102,7,25,3e-06,12004,171565,0.021105,8129050
3,2021-01-05,15725,187048,8150,136707,7575,50341,0,0,14048,183954,0.022629,1662,1687,0.000208,14076,185641,0.022837,8129050
3,2021-01-06,20607,207655,10903,147610,9704,60045,0,0,16067,195536,0.024054,4494,6181,0.00076,16076,201717,0.024814,8129050
3,2021-01-07,26642,234297,15236,162846,11406,71451,0,0,17166,203279,0.025006,9440,15621,0.001922,17183,218900,0.026928,8129050
3,2021-01-08,30622,264919,18727,181573,11895,83346,0,0,18139,208982,0.025708,12460,28081,0.003454,18163,237063,0.029162,8129050
3,2021-01-09,12446,277365,7033,188606,5413,88759,0,0,7915,212383,0.026126,4524,32605,0.004011,7925,244988,0.030137,8129050
3,2021-01-10,7222,284587,4477,193083,2745,91504,0,0,4071,213310,0.02624,3149,35754,0.004398,4076,249064,0.030639,8129050
3,2021-01-11,29089,313676,19036,212119,10053,101557,0,0,16463,217198,0.026719,12619,48373,0.005951,16507,265571,0.032669,8129050
3,2021-01-12,32604,346280,19478,231597,13126,114683,0,0,19959,224680,0.027639,12624,60997,0.007504,20106,285677,0.035143,8129050
3,2021-01-13,34572,380852,18049,249646,16523,131206,0,0,24337,238816,0.029378,10221,71218,0.008761,24357,310034,0.038139,8129050
3,2021-01-14,34733,415585,14207,263853,20526,151732,0,0,28817,261794,0.032205,5877,77095,0.009484,28855,338889,0.041689,8129050
3,2021-01-15,38996,454581,14463,278316,24533,176265,0,0,34303,291490,0.035858,4677,81772,0.010059,34373,373262,0.045917,8129050
3,2021-01-16,21764,476345,7417,285733,14347,190612,0,0,19438,308634,0.037967,2315,84087,0.010344,19459,392721,0.048311,8129050
3,2021-01-17,13148,489493,4460,290193,8688,199300,0,0,12106,319718,0.03933,1041,85128,0.010472,12125,404846,0.049802,8129050
3,2021-01-18,24786,514279,12951,303144,11835,211135,0,0,19176,333339,0.041006,5598,90726,0.011161,19219,424065,0.052167,8129050
3,2021-01-19,41086,555365,20894,324038,20192,231327,0,0,31956,356287,0.043829,9094,99820,0.012279,32042,456107,0.056108,8129050
3,2021-01-20,46187,601552,23012,347050,23175,254502,0,0,36624,383477,0.047174,9517,109337,0.01345,36707,492814,0.060624,8129050
3,2021-01-21,48075,649627,20843,367893,27232,281734,0,0,42566,420675,0.05175,5444,114781,0.01412,42642,535456,0.065869,8129050
3,2021-01-22,49817,699444,19839,387732,29978,311712,0,0,45586,462134,0.05685,4201,118982,0.014637,45660,581116,0.071486,8129050
3,2021-01-23,30361,729805,12799,400531,17562,329274,0,0,27064,485964,0.059781,3289,122271,0.015041,27119,608235,0.074822,8129050
3,2021-01-24,17889,747694,8482,409013,9407,338681,0,0,16706,501520,0.061695,1180,123451,0.015186,16736,624971,0.076881,8129050
3,2021-01-25,40858,788552,18222,427235,22636,361317,0,0,30867,522516,0.064278,9961,133412,0.016412,30957,655928,0.080689,8129050
3,2021-01-26,47350,835902,22616,449851,24734,386051,0,0,37166,549634,0.067614,10150,143562,0.01766,37268,693196,0.085274,8129050
3,2021-01-27,51492,887394,24511,474362,26981,413032,0,0,40818,579932,0.071341,10602,154164,0.018965,40900,734096,0.090305,8129050
3,2021-01-28,51926,939320,24098,498460,27828,440860,0,0,42972,614096,0.075543,8867,163031,0.020055,43031,777127,0.095599,8129050
3,2021-01-29,51050,990370,24501,522961,26549,467409,0,0,41287,645845,0.079449,9586,172617,0.021235,41335,818462,0.100684,8129050
3,2021-01-30,37429,1027799,17791,540752,19638,487047,0,0,32708,673969,0.082909,4667,177284,0.021809,32791,851253,0.104717,8129050
3,2021-01-31,22445,1050244,12755,553507,9690,496737,0,0,21030,693619,0.085326,1400,178684,0.021981,21050,872303,0.107307,8129050
3,2021-02-01,45938,1096182,20985,574492,24953,521690,0,0,35028,717824,0.088304,10857,189541,0.023317,35062,907365,0.11162,8129050
3,2021-02-02,54571,1150753,22765,597257,31806,553496,0,0,42112,747620,0.091969,12366,201907,0.024838,42162,949527,0.116807,8129050
3,2021-02-03,60118,1210871,26676,623933,33442,586938,0,0,44718,777141,0.0956,15269,217176,0.026716,44790,994317,0.122317,8129050
3,2021-02-04,64477,1275348,27919,651852,36558,623496,0,0,47209,807392,0.099322,17072,234248,0.028816,47323,1041640,0.128138,8129050
3,2021-02-05,70360,1345708,29773,681625,40587,664083,0,0,48625,834703,0.102681,21492,255740,0.03146,48803,1090443,0.134142,8129050
3,2021-02-06,43710,1389418,20961,702586,22749,686832,0,0,34058,859337,0.105712,9606,265346,0.032642,34240,1124683,0.138354,8129050
3,2021-02-07,19745,1409163,12560,715146,7185,694017,0,0,15157,870049,0.10703,4569,269915,0.033204,15281,1139964,0.140233,8129050
3,2021-02-08,51652,1460815,25009,740155,26643,720660,0,0,33882,886490,0.109052,17629,287544,0.035372,34070,1174034,0.144425,8129050
3,2021-02-09,58854,1519669,28529,768684,30325,750985,0,0,34437,897117,0.110359,24142,311686,0.038342,34769,1208803,0.148702,8129050
3,2021-02-10,68403,1588072,31828,800512,36575,787560,0,0,36682,902873,0.111067,31426,343112,0.042208,37182,1245985,0.153276,8129050
3,2021-02-11,70808,1658880,34836,835348,35972,823532,0,0,37622,908196,0.111722,32840,375952,0.046248,38163,1284148,0.15797,8129050
3,2021-02-12,75740,1734620,32687,868035,43053,866585,0,0,41759,917049,0.112811,33682,409634,0.050391,42535,1326683,0.163203,8129050
3,2021-02-13,45270,1779890,20517,888552,24753,891338,0,0,26064,924603,0.113741,19092,428726,0.05274,26646,1353329,0.166481,8129050
3,2021-02-14,27423,1807313,13722,902274,13701,905039,0,0,15226,928140,0.114176,12139,440865,0.054233,15676,1369005,0.168409,8129050
3,2021-02-15,40224,1847537,17311,919585,22913,927952,0,0,22222,933409,0.114824,17892,458757,0.056434,23161,1392166,0.171258,8129050
3,2021-02-16,70421,1917958,33342,952927,37079,965031,0,0,36568,937292,0.115302,33715,492472,0.060582,37598,1429764,0.175883,8129050
3,2021-02-17,72227,1990185,36515,989442,35712,1000743,0,0,34226,934826,0.114998,37766,530238,0.065228,35300,1465064,0.180226,8129050
3,2021-02-18,77421,2067606,40437,1029879,36984,1037727,0,0,35795,930537,0.114471,41430,571668,0.070324,37141,1502205,0.184795,8129050
3,2021-02-19,69527,2137133,40065,1069944,29462,1067189,0,0,35082,932030,0.114654,34286,605954,0.074542,35779,1537984,0.189196,8129050
3,2021-02-20,43129,2180262,27249,1097193,15880,1083069,0,0,22499,934524,0.114961,20508,626462,0.077065,23002,1560986,0.192026,8129050
3,2021-02-21,24258,2204520,19507,1116700,4751,1087820,0,0,11825,934399,0.114946,12339,638801,0.078582,12214,1573200,0.193528,8129050
3,2021-02-22,47418,2251938,30890,1147590,16528,1104348,0,0,22153,931917,0.11464,25120,663921,0.081673,22638,1595838,0.196313,8129050
3,2021-02-23,63399,2315337,34459,1182049,28940,1133288,0,0,27603,925943,0.113905,35567,699488,0.086048,29593,1625431,0.199953,8129050
3,2021-02-24,79568,2394905,39068,1221117,40500,1173788,0,0,35137,919420,0.113103,44177,743665,0.091482,37654,1663085,0.204585,8129050
3,2021-02-25,89147,2484052,43408,1264525,45739,1219527,0,0,44333,921843,0.113401,44503,788168,0.096957,46926,1710011,0.210358,8129050
3,2021-02-26,100017,2584069,45784,1310309,54233,1273760,0,0,52797,930052,0.114411,46793,834961,0.102713,55002,1765013,0.217124,8129050
3,2021-02-27,70803,2654872,32523,1342832,38276,1312036,4,4,37398,935599,0.115093,33164,868125,0.106793,38711,1803724,0.221886,8129050
3,2021-02-28,41252,2696124,23819,1366651,17430,1329466,3,7,21193,937883,0.115374,19863,887988,0.109236,22147,1825871,0.224611,8129050
3,2021-03-01,68937,2765061,36544,1403195,32359,1361825,34,41,38264,947090,0.116507,30429,918417,0.11298,39636,1865507,0.229486,8129050
3,2021-03-02,79343,2844404,39179,1442374,40156,1401981,8,49,45959,961903,0.118329,33230,951647,0.117067,48043,1913550,0.235397,8129050
3,2021-03-03,89463,2933867,42932,1485306,46510,1448491,21,70,50142,975254,0.119971,39083,990730,0.121875,52434,1965984,0.241847,8129050
3,2021-03-04,94021,3027888,46022,1531328,47979,1496470,20,90,53349,990476,0.121844,40423,1031153,0.126848,55645,2021629,0.248692,8129050
3,2021-03-05,90851,3118739,44475,1575803,46085,1542555,291,381,55514,1013444,0.124669,35067,1066220,0.131162,58035,2079664,0.255831,8129050
3,2021-03-06,65411,3184150,33165,1608968,30086,1572641,2160,2541,37555,1026923,0.126328,27700,1093920,0.134569,41179,2120843,0.260897,8129050
3,2021-03-07,39168,3223318,22631,1631599,14643,1587284,1894,4435,22022,1034944,0.127314,17068,1110988,0.136669,25089,2145932,0.263983,8129050
3,2021-03-08,59953,3283271,28593,1660192,28356,1615640,3004,7439,37946,1055594,0.129855,21838,1132826,0.139355,42488,2188420,0.26921,8129050
3,2021-03-09,77204,3360475,35649,1695841,37101,1652741,4454,11893,41508,1067169,0.131278,35544,1168370,0.143728,47119,2235539,0.275006,8129050
3,2021-03-10,83092,3443567,41380,1737221,35624,1688365,6088,17981,43452,1078690,0.132696,39409,1207779,0.148576,50930,2286469,0.281271,8129050
3,2021-03-11,97499,3541066,47638,1784859,41239,1729604,8622,26603,47797,1086760,0.133688,49417,1257196,0.154655,57487,2343956,0.288343,8129050
3,2021-03-12,102191,3643257,45530,1830389,44763,1774367,11898,38501,46838,1091524,0.134274,55106,1312302,0.161434,59870,2403826,0.295708,8129050
3,2021-03-13,70679,3713936,29731,1860120,33675,1808042,7273,45774,37378,1104352,0.135853,33168,1345470,0.165514,45996,2449822,0.301366,8129050
3,2021-03-14,41393,3755329,21616,1881736,16210,1824252,3567,49341,20840,1108922,0.136415,20463,1365933,0.168031,25033,2474855,0.304446,8129050
3,2021-03-15,75911,3831240,35972,1917708,35377,1859629,4562,53903,39979,1118762,0.137625,35694,1401627,0.172422,45534,2520389,0.310047,8129050
3,2021-03-16,95231,3926471,43869,1961577,47022,1906651,4340,58243,53537,1136114,0.13976,41438,1443065,0.17752,58790,2579179,0.317279,8129050
3,2021-03-17,98455,4024926,47790,2009367,46118,1952769,4547,62790,59751,1162627,0.143021,38446,1481511,0.182249,64959,2644138,0.32527,8129050
3,2021-03-18,103865,4128791,52788,2062155,46547,1999316,4530,67320,59589,1183322,0.145567,43965,1525476,0.187657,64660,2708798,0.333224,8129050
3,2021-03-19,103428,4232219,55465,2117620,43500,2042816,4463,71783,57552,1200299,0.147656,45588,1571064,0.193265,62565,2771363,0.340921,8129050
3,2021-03-20,72099,4304318,37165,2154785,31272,2074088,3662,75445,44459,1221481,0.150261,27437,1598501,0.196641,48619,2819982,0.346902,8129050
3,2021-03-21,36388,4340706,24737,2179522,10145,2084233,1506,76951,21888,1230962,0.151428,14390,1612891,0.198411,23871,2843853,0.349838,8129050
3,2021-03-22,70712,4411418,41574,2221096,26614,2110847,2524,79475,45156,1254349,0.154305,25311,1638202,0.201524,48698,2892551,0.355829,8129050
3,2021-03-23,89870,4501288,49727,2270823,37606,2148453,2537,82012,55191,1278373,0.15726,34410,1672612,0.205757,58434,2950985,0.363017,8129050
3,2021-03-24,98789,4600077,56869,2327692,38993,2187446,2927,84939,56225,1295933,0.15942,42195,1714807,0.210948,59755,3010740,0.370368,8129050
3,2021-03-25,107392,4707469,59654,2387346,44770,2232216,2968,87907,60528,1313562,0.161589,46512,1761319,0.21667,64141,3074881,0.378258,8129050
3,2021-03-26,110726,4818195,59431,2446777,47962,2280178,3333,91240,57035,1321428,0.162556,53342,1814661,0.223232,61208,3136089,0.385788,8129050
3,2021-03-27,74675,4892870,37974,2484751,34153,2314331,2548,93788,36081,1322377,0.162673,38355,1853016,0.22795,39304,3175393,0.390623,8129050
3,2021-03-28,44389,4937259,27976,2512727,15600,2329931,813,94601,22347,1324255,0.162904,21921,1874937,0.230647,23799,3199192,0.393551,8129050
3,2021-03-29,80693,5017952,42123,2554850,36714,2366645,1856,96457,44197,1334893,0.164213,36229,1911166,0.235103,46867,3246059,0.399316,8129050
3,2021-03-30,100351,5118303,49303,2604153,47412,2414057,3636,100093,56292,1351625,0.166271,43796,1954962,0.240491,60528,3306587,0.406762,8129050
3,2021-03-31,105122,5223425,56696,2660849,43570,2457627,4856,104949,56186,1364306,0.167831,48688,2003650,0.24648,61369,3367956,0.414311,8129050
3,2021-04-01,123760,5347185,62547,2723396,51451,2509078,9762,114711,66755,1384535,0.170319,56587,2060237,0.253441,76816,3444772,0.423761,8129050
3,2021-04-02,118021,5465206,57566,2780962,50101,2559179,10354,125065,62237,1402126,0.172483,55476,2115713,0.260266,73067,3517839,0.432749,8129050
3,2021-04-03,76174,5541380,38968,2819930,27963,2587142,9243,134308,37890,1411434,0.173628,38128,2153841,0.264956,47436,3565275,0.438584,8129050
3,2021-04-04,32442,5573822,17353,2837283,10873,2598015,4216,138524,14159,1411628,0.173652,18203,2172044,0.267195,18397,3583672,0.440848,8129050
3,2021-04-05,89585,5663407,45498,2882781,34847,2632862,9240,147764,43572,1419479,0.174618,45774,2217818,0.272826,53625,3637297,0.447444,8129050
3,2021-04-06,113598,5777005,55263,2938044,43113,2675975,15222,162986,53362,1428809,0.175766,59948,2277766,0.280201,69278,3706575,0.455967,8129050
3,2021-04-07,116410,5893415,60199,2998243,39881,2715856,16330,179316,56244,1441749,0.177358,59892,2337658,0.287568,72832,3779407,0.464926,8129050
3,2021-04-08,121519,6014934,60489,3058732,40851,2756707,20179,199495,56240,1453967,0.178861,64961,2402619,0.29556,77179,3856586,0.47442,8129050
3,2021-04-09,118593,6133527,59112,3117844,40302,2797009,19179,218674,52046,1459798,0.179578,66284,2468903,0.303714,72115,3928701,0.483292,8129050
3,2021-04-10,84485,6218012,37888,3155732,31321,2828330,15276,233950,34305,1460202,0.179628,49989,2518892,0.309863,50393,3979094,0.489491,8129050
3,2021-04-11,45357,6263369,24295,3180027,13045,2841375,8017,241967,17201,1458187,0.17938,28062,2546954,0.313315,26047,4005141,0.492695,8129050
3,2021-04-12,84086,6347455,42474,3222501,32786,2874161,8826,250793,37986,1460230,0.179631,45857,2592811,0.318956,47900,4053041,0.498587,8129050
3,2021-04-13,105607,6453062,57189,3279690,48208,2922369,210,251003,55658,1467283,0.180499,49700,2642511,0.32507,56753,4109794,0.505569,8129050
3,2021-04-14,107734,6560796,58901,3338591,48734,2971103,99,251102,53606,1468598,0.18066,53827,2696338,0.331692,55142,4164936,0.512352,8129050
3,2021-04-15,119730,6680526,67397,3405988,52257,3023360,76,251178,64042,1478165,0.181837,55360,2751698,0.338502,64927,4229863,0.520339,8129050
3,2021-04-16,115774,6796300,64930,3470918,50750,3074110,94,251272,60411,1484291,0.182591,55046,2806744,0.345273,61172,4291035,0.527864,8129050
3,2021-04-17,79638,6875938,43391,3514309,36234,3110344,13,251285,44352,1494572,0.183856,35054,2841798,0.349585,45335,4336370,0.533441,8129050
3,2021-04-18,38803,6914741,23404,3537713,15394,3125738,5,251290,18224,1493215,0.183689,20460,2862258,0.352102,19103,4355473,0.535791,8129050
3,2021-04-19,79430,6994171,44233,3581946,35142,3160880,55,251345,35891,1486334,0.182842,43334,2905592,0.357433,36453,4391926,0.540275,8129050
3,2021-04-20,101171,7095342,53282,3635228,47871,3208751,18,251363,49145,1484760,0.182649,51763,2957355,0.363801,50189,4442115,0.546449,8129050
3,2021-04-21,105919,7201261,59469,3694697,46380,3255131,70,251433,50075,1480518,0.182127,55473,3012828,0.370625,51231,4493346,0.552752,8129050
3,2021-04-22,112017,7313278,62935,3757632,49056,3304187,26,251459,48267,1466373,0.180387,63395,3076223,0.378423,49250,4542596,0.55881,8129050
3,2021-04-23,106391,7419669,60859,3818491,45504,3349691,28,251487,46748,1454876,0.178972,59284,3135507,0.385716,47787,4590383,0.564689,8129050
3,2021-04-24,73757,7493426,45557,3864048,28135,3377826,65,251552,35951,1454349,0.178908,37535,3173042,0.390334,37008,4627391,0.569241,8129050
3,2021-04-25,36838,7530264,23513,3887561,13308,3391134,17,251569,18824,1455727,0.179077,17869,3190911,0.392532,19247,4646638,0.571609,8129050
3,2021-04-26,73915,7604179,41787,3929348,31719,3422853,409,251978,31583,1447004,0.178004,42058,3232969,0.397706,33335,4679973,0.57571,8129050
3,2021-04-27,91027,7695206,47763,3977111,41524,3464377,1740,253718,36155,1431106,0.176048,54560,3287529,0.404417,38662,4718635,0.580466,8129050
3,2021-04-28,86661,7781867,49235,4026346,35290,3499667,2136,255854,35443,1418288,0.174472,50924,3338453,0.410682,38106,4756741,0.585153,8129050
3,2021-04-29,88712,7870579,50706,4077052,35798,3535465,2208,258062,31673,1395954,0.171724,56701,3395154,0.417657,34367,4791108,0.589381,8129050
3,2021-04-30,90451,7961030,51048,4128100,36923,3572388,2480,260542,33741,1376272,0.169303,56369,3451523,0.424591,36687,4827795,0.593894,8129050
3,2021-05-01,55109,8016139,34578,4162678,19072,3591460,1459,262001,19866,1363099,0.167682,34988,3486511,0.428895,21815,4849610,0.596578,8129050
3,2021-05-02,26872,8043011,18339,4181017,7518,3598978,1015,263016,9857,1357155,0.166951,16912,3503423,0.430976,10968,4860578,0.597927,8129050
3,2021-05-03,59332,8102343,34657,4215674,22305,3621283,2370,265386,17413,1335410,0.164276,41705,3545128,0.436106,19960,4880538,0.600382,8129050
3,2021-05-04,77318,8179661,44691,4260365,29949,3651232,2678,268064,22507,1306358,0.160702,54520,3599648,0.442813,25468,4906006,0.603515,8129050
3,2021-05-05,78777,8258438,47331,4307696,28748,3679980,2698,270762,21888,1274664,0.156804,56565,3656213,0.449771,24871,4930877,0.606575,8129050
3,2021-05-06,82855,8341293,52332,4360028,27998,3707978,2525,273287,20612,1236572,0.152118,61776,3717989,0.457371,23684,4954561,0.609488,8129050
3,2021-05-07,82170,8423463,51198,4411226,28355,3736333,2617,275904,21846,1201347,0.147784,59981,3777970,0.464749,24756,4979317,0.612534,8129050
3,2021-05-08,52319,8475782,32403,4443629,18208,3754541,1708,277612,13889,1179035,0.14504,38171,3816141,0.469445,15859,4995176,0.614485,8129050
3,2021-05-09,20899,8496681,15302,4458931,4811,3759352,786,278398,5513,1170106,0.143941,15294,3831435,0.471326,6365,5001541,0.615268,8129050
3,2021-05-10,47887,8544568,25661,4484592,20324,3779676,1902,280300,11125,1146831,0.141078,36565,3868000,0.475824,13290,5014831,0.616902,8129050
3,2021-05-11,63655,8608223,35572,4520164,25867,3805543,2216,282516,16094,1118287,0.137567,47321,3915321,0.481646,18777,5033608,0.619212,8129050
3,2021-05-12,64604,8672827,37122,4557286,25091,3830634,2391,284907,16540,1089702,0.13405,47815,3963136,0.487528,19230,5052838,0.621578,8129050
3,2021-05-13,75065,8747892,47327,4604613,25832,3856466,1906,286813,27471,1072333,0.131914,47355,4010491,0.493353,29986,5082824,0.625267,8129050
3,2021-05-14,80022,8827914,50567,4655180,27329,3883795,2126,288939,31009,1057339,0.130069,48727,4059218,0.499347,33733,5116557,0.629416,8129050
3,2021-05-15,61839,8889753,42680,4697860,17955,3901750,1204,290143,25592,1048302,0.128958,36050,4095268,0.503782,27013,5143570,0.632739,8129050
3,2021-05-16,33062,8922815,24705,4722565,7666,3909416,691,290834,13355,1042845,0.128286,19590,4114858,0.506192,14133,5157703,0.634478,8129050
3,2021-05-17,56764,8979579,36173,4758738,18758,3928174,1833,292667,20941,1030269,0.126739,35554,4150412,0.510565,22978,5180681,0.637305,8129050
3,2021-05-18,64363,9043942,38010,4796748,24499,3952673,1854,294521,24243,1016910,0.125096,39851,4190263,0.515468,26492,5207173,0.640564,8129050
3,2021-05-19,63787,9107729,38790,4835538,23259,3975932,1738,296259,24744,1004873,0.123615,38793,4229056,0.52024,26756,5233929,0.643855,8129050
3,2021-05-20,61345,9169074,35829,4871367,23682,3999614,1834,298093,21994,989973,0.121782,39075,4268131,0.525047,24175,5258104,0.646829,8129050
3,2021-05-21,65735,9234809,39939,4911306,23699,4023313,2097,300190,23504,973949,0.119811,41927,4310058,0.530204,25903,5284007,0.650015,8129050
3,2021-05-22,45558,9280367,30230,4941536,13863,4037176,1465,301655,19091,968495,0.11914,26267,4336325,0.533436,20813,5304820,0.652576,8129050
3,2021-05-23,21713,9302080,15032,4956568,6032,4043208,649,302304,9206,966039,0.118838,12422,4348747,0.534964,9966,5314786,0.653802,8129050
3,2021-05-24,39440,9341520,23058,4979626,14625,4057833,1757,304061,14670,958089,0.11786,24582,4373329,0.537988,16632,5331418,0.655848,8129050
3,2021-05-25,42622,9384142,24003,5003629,16944,4074777,1675,305736,15173,947969,0.116615,27191,4400520,0.541333,17071,5348489,0.657948,8129050
3,2021-05-26,42309,9426451,24227,5027856,16364,4091141,1718,307454,15863,939532,0.115577,26153,4426673,0.54455,17716,5366205,0.660127,8129050
3,2021-05-27,39284,9465735,22046,5049902,15491,4106632,1747,309201,15442,933276,0.114808,23684,4450357,0.547463,17428,5383633,0.662271,8129050
3,2021-05-28,42654,9508389,24096,5073998,16763,4123395,1795,310996,17730,928401,0.114208,24722,4475079,0.550505,19847,5403480,0.664712,8129050
3,2021-05-29,23428,9531817,14322,5088320,8269,4131664,837,311833,10998,928061,0.114166,12300,4487379,0.552018,11960,5415440,0.666184,8129050
3,2021-05-30,10575,9542392,6854,5095174,3084,4134748,637,312470,4458,927152,0.114054,6044,4493423,0.552761,5135,5420575,0.666815,8129050
3,2021-05-31,4619,9547011,2667,5097841,1688,4136436,264,312734,1454,925770,0.113884,3129,4496552,0.553146,1747,5422322,0.66703,8129050
3,2021-06-01,37611,9584622,21668,5119509,14511,4150947,1432,314166,13179,916368,0.112728,24207,4520759,0.556124,14805,5437127,0.668851,8129050
3,2021-06-02,31425,9616047,18067,5137576,11953,4162900,1405,315571,11660,910003,0.111945,19560,4540319,0.55853,13195,5450322,0.670475,8129050
3,2021-06-03,39525,9655572,27053,5164629,11039,4173939,1433,317004,11448,895207,0.110124,27898,4568217,0.561962,13102,5463424,0.672086,8129050
3,2021-06-04,46068,9701640,32590,5197219,11937,4185876,1541,318545,13134,877578,0.107956,32704,4600921,0.565985,15075,5478499,0.673941,8129050
3,2021-06-05,34270,9735910,25849,5223068,7234,4193110,1187,319732,8749,862381,0.106086,25316,4626237,0.569099,10119,5488618,0.675186,8129050
3,2021-06-06,14597,9750507,12180,5235248,1836,4194946,581,320313,3754,856093,0.105313,10784,4637021,0.570426,4496,5493114,0.675739,8129050
3,2021-06-07,30348,9780855,22059,5257307,7008,4201954,1281,321594,8722,844733,0.103915,21483,4658504,0.573069,10123,5503237,0.676984,8129050
3,2021-06-08,34244,9815099,24604,5281911,8352,4210306,1288,322882,9961,832121,0.102364,24072,4682576,0.57603,11460,5514697,0.678394,8129050
3,2021-06-09,32911,9848010,23883,5305794,7730,4218036,1298,324180,8858,818556,0.100695,23877,4706453,0.578967,10312,5525009,0.679662,8129050
3,2021-06-10,32417,9880427,23384,5329178,7509,4225545,1524,325704,9052,806116,0.099165,23214,4729667,0.581823,10774,5535783,0.680988,8129050
3,2021-06-11,35464,9915891,25087,5354265,9015,4234560,1362,327066,10588,793558,0.09762,24683,4754350,0.584859,12125,5547908,0.682479,8129050
3,2021-06-12,25089,9940980,18915,5373180,5284,4239844,890,327956,6694,783012,0.096323,18281,4772631,0.587108,7735,5555643,0.683431,8129050
3,2021-06-13,10119,9951099,7569,5380749,2060,4241904,490,328446,2359,778225,0.095734,7706,4780337,0.588056,2919,5558562,0.68379,8129050
3,2021-06-14,25739,9976838,18435,5399184,5889,4247793,1415,329861,8085,770339,0.094764,17525,4797862,0.590212,9639,5568201,0.684976,8129050
3,2021-06-15,28660,10005498,19402,5418586,7758,4255551,1500,331361,9652,762870,0.093845,18788,4816650,0.592523,11319,5579520,0.686368,8129050
3,2021-06-16,25792,10031290,18307,5436893,6076,4261627,1409,332770,8700,756224,0.093027,16910,4833560,0.594603,10264,5589784,0.687631,8129050
3,2021-06-17,24776,10056066,17750,5454643,5742,4267369,1284,334054,8605,750229,0.09229,16019,4849579,0.596574,10024,5599808,0.688864,8129050
3,2021-06-18,27909,10083975,19711,5474354,6629,4273998,1569,335623,9799,743877,0.091508,17885,4867464,0.598774,11533,5611341,0.690283,8129050
3,2021-06-19,15935,10099910,11706,5486060,3376,4277374,853,336476,5699,740425,0.091084,10111,4877575,0.600018,6659,5618000,0.691102,8129050
3,2021-06-20,6845,10106755,5138,5491198,1410,4278784,297,336773,2596,739174,0.09093,4197,4881772,0.600534,2946,5620946,0.691464,8129050
3,2021-06-21,16156,10122911,10202,5501400,4568,4283352,1386,338159,8057,740725,0.091121,8011,4889783,0.60152,9562,5630508,0.69264,8129050
3,2021-06-22,22031,10144942,15453,5516853,5287,4288639,1291,339450,8263,736780,0.090635,13652,4903435,0.603199,9707,5640215,0.693834,8129050
3,2021-06-23,20160,10165102,14154,5531007,4695,4293334,1311,340761,7994,734168,0.090314,12056,4915491,0.604682,9444,5649659,0.694996,8129050
3,2021-06-24,19860,10184962,13832,5544839,4589,4297923,1439,342200,7749,731525,0.089989,11942,4927433,0.606151,9299,5658958,0.69614,8129050
3,2021-06-25,23212,10208174,16472,5561311,5318,4303241,1422,343622,9080,728150,0.089574,14003,4941436,0.607874,10628,5669586,0.697448,8129050
3,2021-06-26,13792,10221966,10235,5571546,2786,4306027,771,344393,5744,726838,0.089412,7981,4949417,0.608856,6669,5676255,0.698268,8129050
3,2021-06-27,6679,10228645,5160,5576706,1211,4307238,308,344701,2859,726250,0.08934,3786,4953203,0.609321,3198,5679453,0.698661,8129050
3,2021-06-28,15831,10244476,12160,5588866,2597,4309835,1074,345775,6682,725064,0.089194,9041,4962244,0.610433,7855,5687308,0.699628,8129050
3,2021-06-29,17897,10262373,12622,5601488,4288,4314123,987,346762,7333,723069,0.088949,10446,4972690,0.611718,8451,5695759,0.700667,8129050
3,2021-06-30,16818,10279191,11915,5613403,3870,4317993,1033,347795,7208,721969,0.088813,9485,4982175,0.612885,8385,5704144,0.701699,8129050
3,2021-07-01,16097,10295288,11483,5624886,3559,4321552,1055,348850,6762,720646,0.088651,9240,4991415,0.614022,7917,5712061,0.702673,8129050
3,2021-07-02,18260,10313548,12990,5637876,4174,4325726,1096,349946,7774,719240,0.088478,10378,5001793,0.615299,8972,5721033,0.703776,8129050
3,2021-07-03,9952,10323500,7203,5645079,2324,4328050,425,350371,4261,718401,0.088375,5628,5007421,0.615991,4789,5725822,0.704365,8129050
3,2021-07-04,701,10324201,406,5645485,208,4328258,87,350458,266,718341,0.088367,429,5007850,0.616044,369,5726191,0.704411,8129050
3,2021-07-05,9466,10333667,6924,5652409,2120,4330378,422,350880,4286,717994,0.088324,5116,5012966,0.616673,4769,5730960,0.704998,8129050
3,2021-07-06,18828,10352495,13659,5666068,4058,4334436,1111,351991,6814,714161,0.087853,11877,5024843,0.618134,8044,5739004,0.705987,8129050
3,2021-07-07,15527,10368022,11018,5677086,3404,4337840,1105,353096,6269,712480,0.087646,9160,5034003,0.619261,7479,5746483,0.706907,8129050
3,2021-07-08,15012,10383034,10909,5687995,3222,4341062,881,353977,6140,710804,0.08744,8781,5042784,0.620341,7105,5753588,0.707781,8129050
3,2021-07-09,17182,10400216,12067,5700062,4053,4345115,1062,355039,7147,709193,0.087242,9927,5052711,0.621562,8316,5761904,0.708804,8129050
3,2021-07-10,10555,10410771,7834,5707896,2159,4347274,562,355601,4533,708419,0.087147,5957,5058668,0.622295,5183,5767087,0.709442,8129050
3,2021-07-11,5054,10415825,3736,5711632,1045,4348319,273,355874,2295,708281,0.08713,2726,5061394,0.62263,2588,5769675,0.70976,8129050
3,2021-07-12,14078,10429903,10358,5721990,2861,4351180,859,356733,5689,706594,0.086922,8315,5069709,0.623653,6628,5776303,0.710575,8129050
3,2021-07-13,14854,10444757,10571,5732561,3504,4354684,779,357512,6563,705823,0.086827,8193,5077902,0.624661,7422,5783725,0.711488,8129050
3,2021-07-14,14032,10458789,10071,5742632,3206,4357890,755,358267,6315,705332,0.086767,7624,5085526,0.625599,7133,5790858,0.712366,8129050
3,2021-07-15,14182,10472971,10385,5753017,3156,4361046,641,358908,6602,705153,0.086745,7493,5093019,0.626521,7314,5798172,0.713266,8129050
3,2021-07-16,17186,10490157,12465,5765482,3972,4365018,749,359657,8277,705437,0.08678,8813,5101832,0.627605,9097,5807269,0.714385,8129050
3,2021-07-17,10647,10500804,7868,5773350,2409,4367427,370,360027,5124,705544,0.086793,5456,5107288,0.628276,5563,5812832,0.715069,8129050
3,2021-07-18,5373,10506177,4069,5777419,1074,4368501,230,360257,2637,705739,0.086817,2700,5109988,0.628608,2895,5815727,0.715425,8129050
3,2021-07-19,10424,10516601,7352,5784771,2497,4370998,575,360832,4988,706032,0.086853,5361,5115349,0.629268,5654,5821381,0.716121,8129050
4,2020-12-15,457,457,457,457,0,0,0,0,457,457,5.7e-05,0,0,0.0,457,457,5.7e-05,8037679
4,2020-12-16,3043,3500,3043,3500,0,0,0,0,3043,3500,0.000435,0,0,0.0,3043,3500,0.000435,8037679
4,2020-12-17,8958,12458,8958,12458,0,0,0,0,8958,12458,0.00155,0,0,0.0,8958,12458,0.00155,8037679
4,2020-12-18,16219,28677,16207,28665,12,12,0,0,16219,28677,0.003568,0,0,0.0,16219,28677,0.003568,8037679
4,2020-12-19,10395,39072,10386,39051,9,21,0,0,10331,39008,0.004853,0,0,0.0,10331,39008,0.004853,8037679
4,2020-12-20,7422,46494,7415,46466,7,28,0,0,7377,46385,0.005771,0,0,0.0,7377,46385,0.005771,8037679
4,2020-12-21,16407,62901,16381,62847,26,54,0,0,16340,62724,0.007804,1,1,0.0,16340,62725,0.007804,8037679
4,2020-12-22,17232,80133,16483,79330,749,803,0,0,17186,79907,0.009942,3,4,0.0,17186,79911,0.009942,8037679
4,2020-12-23,17150,97283,14422,93752,2728,3531,0,0,17128,97033,0.012072,2,6,1e-06,17128,97039,0.012073,8037679
4,2020-12-24,8566,105849,5978,99730,2588,6119,0,0,8566,105599,0.013138,0,6,1e-06,8566,105605,0.013139,8037679
4,2020-12-25,906,106755,801,100531,105,6224,0,0,906,106505,0.013251,0,6,1e-06,906,106511,0.013251,8037679
4,2020-12-26,6187,112942,3907,104438,2280,8504,0,0,6187,112692,0.01402,0,6,1e-06,6187,112698,0.014021,8037679
4,2020-12-27,3431,116373,1996,106434,1435,9939,0,0,3431,116123,0.014447,0,6,1e-06,3431,116129,0.014448,8037679
4,2020-12-28,15156,131529,9375,115809,5781,15720,0,0,15127,131247,0.016329,3,9,1e-06,15127,131256,0.01633,8037679
4,2020-12-29,15429,146958,8536,124345,6893,22613,0,0,15395,146642,0.018244,0,9,1e-06,15395,146651,0.018245,8037679
4,2020-12-30,18987,165945,11082,135427,7905,30518,0,0,18976,165616,0.020605,2,11,1e-06,18976,165627,0.020606,8037679
4,2020-12-31,8315,174260,3369,138796,4946,35464,0,0,8303,173910,0.021637,9,20,2e-06,8303,173930,0.021639,8037679
4,2021-01-01,1619,175879,733,139529,886,36350,0,0,1615,175522,0.021837,3,23,3e-06,1615,175545,0.02184,8037679
4,2021-01-02,5739,181618,3244,142773,2495,38845,0,0,5737,181258,0.022551,1,24,3e-06,5737,181282,0.022554,8037679
4,2021-01-03,2152,183770,1275,144048,877,39722,0,0,2136,183390,0.022816,4,28,3e-06,2136,183418,0.02282,8037679
4,2021-01-04,12978,196748,7025,151073,5953,45675,0,0,12929,196290,0.024421,29,57,7e-06,12929,196347,0.024428,8037679
4,2021-01-05,16963,213711,10045,161118,6918,52593,0,0,14750,208869,0.025986,2184,2241,0.000279,14763,211110,0.026265,8037679
4,2021-01-06,21664,235375,13277,174395,8387,60980,0,0,15548,218365,0.027168,6066,8307,0.001034,15562,226672,0.028201,8037679
4,2021-01-07,28045,263420,17095,191490,10950,71930,0,0,16744,223889,0.027855,11241,19548,0.002432,16765,243437,0.030287,8037679
4,2021-01-08,32974,296394,21170,212660,11804,83734,0,0,18369,227740,0.028334,14538,34086,0.004241,18389,261826,0.032575,8037679
4,2021-01-09,16339,312733,9678,222338,6661,90395,0,0,9479,230383,0.028663,6848,40934,0.005093,9491,271317,0.033756,8037679
4,2021-01-10,8791,321524,5678,228016,3113,93508,0,0,4168,229947,0.028609,4612,45546,0.005667,4176,275493,0.034275,8037679
4,2021-01-11,33514,355038,21992,250008,11522,105030,0,0,18885,234279,0.029148,14600,60146,0.007483,18932,294425,0.036631,8037679
4,2021-01-12,38682,393720,22321,272329,16361,121391,0,0,24337,244376,0.030404,14281,74427,0.00926,24378,318803,0.039664,8037679
4,2021-01-13,38973,432693,19297,291626,19676,141067,0,0,27575,260619,0.032425,11359,85786,0.010673,27602,346405,0.043098,8037679
4,2021-01-14,39462,472155,15174,306800,24288,165355,0,0,32267,285756,0.035552,7159,92945,0.011564,32296,378701,0.047116,8037679
4,2021-01-15,45656,517811,15997,322797,29659,195014,0,0,39989,320156,0.039832,5615,98560,0.012262,40015,418716,0.052094,8037679
4,2021-01-16,28861,546672,9434,332231,19427,214441,0,0,25707,342757,0.042644,3124,101684,0.012651,25725,444441,0.055295,8037679
4,2021-01-17,19170,565842,6752,338983,12418,226859,0,0,17636,358895,0.044652,1512,103196,0.012839,17650,462091,0.057491,8037679
4,2021-01-18,29542,595384,13677,352660,15865,242724,0,0,23543,376532,0.046846,5932,109128,0.013577,23569,485660,0.060423,8037679
4,2021-01-19,46239,641623,23110,375770,23129,265853,0,0,36831,404079,0.050273,9360,118488,0.014742,36907,522567,0.065015,8037679
4,2021-01-20,52764,694387,28250,404020,24514,290367,0,0,42176,435825,0.054223,10490,128978,0.016047,42236,564803,0.070269,8037679
4,2021-01-21,57983,752370,26149,430169,31834,322201,0,0,51176,480320,0.059759,6726,135704,0.016883,51221,616024,0.076642,8037679
4,2021-01-22,55546,807916,22321,452490,33225,355426,0,0,50363,525599,0.065392,5111,140815,0.017519,50390,666414,0.082911,8037679
4,2021-01-23,39744,847660,17449,469939,22295,377721,0,0,35383,556661,0.069256,4351,145166,0.018061,35413,701827,0.087317,8037679
4,2021-01-24,24066,871726,10518,480457,13548,391269,0,0,22155,576933,0.071779,1901,147067,0.018297,22173,724000,0.090076,8037679
4,2021-01-25,48120,919846,22265,502722,25855,417124,0,0,36956,602814,0.074999,11133,158200,0.019682,37014,761014,0.094681,8037679
4,2021-01-26,57125,976971,29147,531869,27978,445102,0,0,44790,635367,0.079049,12299,170499,0.021212,44852,805866,0.100261,8037679
4,2021-01-27,56453,1033424,26876,558745,29577,474679,0,0,45340,669725,0.083323,11034,181533,0.022585,45392,851258,0.105908,8037679
4,2021-01-28,56902,1090326,25735,584480,31167,505846,0,0,46829,706625,0.087914,9975,191508,0.023826,46875,898133,0.11174,8037679
4,2021-01-29,56796,1147122,27259,611739,29537,535383,0,0,46302,742668,0.092398,10295,201803,0.025107,46338,944471,0.117505,8037679
4,2021-01-30,38230,1185352,17285,629024,20945,556328,0,0,32841,770206,0.095824,5332,207135,0.02577,32870,977341,0.121595,8037679
4,2021-01-31,24064,1209416,12693,641717,11371,567699,0,0,22349,790878,0.098396,1695,208830,0.025981,22367,999708,0.124378,8037679
4,2021-02-01,49881,1259297,24039,665756,25842,593541,0,0,38158,817413,0.101698,11666,220496,0.027433,38201,1037909,0.12913,8037679
4,2021-02-02,55769,1315066,25643,691399,30126,623667,0,0,42799,847364,0.105424,12892,233388,0.029037,42843,1080752,0.134461,8037679
4,2021-02-03,62427,1377493,30678,722077,31749,655416,0,0,47851,880843,0.109589,14425,247813,0.030831,47904,1128656,0.140421,8037679
4,2021-02-04,67832,1445325,31464,753541,36368,691784,0,0,50929,915154,0.113858,16727,264540,0.032912,51038,1179694,0.14677,8037679
4,2021-02-05,73647,1518972,34153,787694,39494,731278,0,0,51110,944145,0.117465,22253,286793,0.035681,51244,1230938,0.153146,8037679
4,2021-02-06,48938,1567910,26337,814031,22601,753879,0,0,37291,970061,0.120689,11577,298370,0.037121,37493,1268431,0.157811,8037679
4,2021-02-07,26650,1594560,17634,831665,9016,762895,0,0,20123,983929,0.122415,6493,304863,0.037929,20361,1288792,0.160344,8037679
4,2021-02-08,58990,1653550,30458,862123,28532,791427,0,0,38361,1002064,0.124671,20488,325351,0.040478,38623,1327415,0.165149,8037679
4,2021-02-09,67682,1721232,34327,896450,33355,824782,0,0,39693,1014370,0.126202,27797,353148,0.043937,40103,1367518,0.170138,8037679
4,2021-02-10,77792,1799024,38941,935391,38851,863633,0,0,40842,1019059,0.126785,36698,389846,0.048502,41387,1408905,0.175288,8037679
4,2021-02-11,81913,1880937,42840,978231,39073,902706,0,0,41622,1021340,0.127069,40013,429859,0.05348,42294,1451199,0.18055,8037679
4,2021-02-12,84998,1965935,38132,1016363,46866,949572,0,0,43633,1024682,0.127485,41080,470939,0.058591,44422,1495621,0.186076,8037679
4,2021-02-13,59232,2025167,30027,1046390,29205,978777,0,0,30149,1026791,0.127747,28941,499880,0.062192,31050,1526671,0.189939,8037679
4,2021-02-14,37095,2062262,19291,1065681,17804,996581,0,0,18978,1028368,0.127943,18058,517938,0.064439,19635,1546306,0.192382,8037679
4,2021-02-15,46499,2108761,21814,1087495,24685,1021266,0,0,23806,1030753,0.12824,22604,540542,0.067251,24989,1571295,0.195491,8037679
4,2021-02-16,80753,2189514,37082,1124577,43671,1064937,0,0,41001,1033365,0.128565,39607,580149,0.072179,42219,1613514,0.200744,8037679
4,2021-02-17,82045,2271559,38812,1163389,43233,1108170,0,0,38992,1030640,0.128226,42842,622991,0.077509,40117,1653631,0.205735,8037679
4,2021-02-18,83961,2355520,46235,1209624,37726,1145896,0,0,38748,1025853,0.127631,45016,668007,0.083109,40229,1693860,0.21074,8037679
4,2021-02-19,83371,2438891,52375,1261999,30996,1176892,0,0,41585,1026523,0.127714,41606,709613,0.088286,42276,1736136,0.216,8037679
4,2021-02-20,49890,2488781,33227,1295226,16663,1193555,0,0,26992,1031399,0.128321,22810,732423,0.091124,27686,1763822,0.219444,8037679
4,2021-02-21,30275,2519056,24054,1319280,6221,1199776,0,0,14613,1030723,0.128236,15574,747997,0.093061,14898,1778720,0.221298,8037679
4,2021-02-22,55451,2574507,38113,1357393,17338,1217114,0,0,26662,1029204,0.128047,28631,776628,0.096623,27112,1805832,0.224671,8037679
4,2021-02-23,76645,2651152,42438,1399831,34207,1251321,0,0,33504,1021450,0.127083,42930,819558,0.101965,35176,1841008,0.229047,8037679
4,2021-02-24,91848,2743000,48513,1448344,43335,1294656,0,0,41234,1014497,0.126218,50342,869900,0.108228,43389,1884397,0.234445,8037679
4,2021-02-25,103430,2846430,54098,1502442,49332,1343988,0,0,49247,1012347,0.12595,53952,923852,0.11494,51802,1936199,0.24089,8037679
4,2021-02-26,109632,2956062,55430,1557872,54202,1398190,0,0,55949,1017279,0.126564,53375,977227,0.121581,58307,1994506,0.248145,8037679
4,2021-02-27,79715,3035777,43444,1601316,36261,1434451,10,10,42454,1024189,0.127423,37041,1014268,0.126189,43951,2038457,0.253613,8037679
4,2021-02-28,49221,3084998,30380,1631696,18834,1453285,7,17,27131,1030313,0.128185,21899,1036167,0.128914,28023,2066480,0.257099,8037679
4,2021-03-01,79183,3164181,46463,1678159,32675,1485960,45,62,43561,1039814,0.129367,35299,1071466,0.133305,44800,2111280,0.262673,8037679
4,2021-03-02,86498,3250679,49705,1727864,36784,1522744,9,71,50637,1056578,0.131453,35670,1107136,0.137743,52434,2163714,0.269196,8037679
4,2021-03-03,100815,3351494,53642,1781506,47157,1569901,16,87,56311,1070393,0.133172,44282,1151418,0.143253,58097,2221811,0.276424,8037679
4,2021-03-04,98327,3449821,54535,1836041,43774,1613675,18,105,53780,1081663,0.134574,44303,1195721,0.148764,55573,2277384,0.283339,8037679
4,2021-03-05,95816,3545637,51800,1887841,43697,1657372,319,424,56554,1101437,0.137034,39035,1234756,0.153621,58809,2336193,0.290655,8037679
4,2021-03-06,76738,3622375,43240,1931081,30857,1688229,2641,3065,47112,1123038,0.139722,29488,1264244,0.15729,51089,2387282,0.297011,8037679
4,2021-03-07,44847,3667222,27537,1958618,15118,1703347,2192,5257,26062,1133685,0.141046,18698,1282942,0.159616,29345,2416627,0.300662,8037679
4,2021-03-08,67972,3735194,35588,1994206,29013,1732360,3371,8628,44666,1159883,0.144306,23166,1306108,0.162498,49364,2465991,0.306804,8037679
4,2021-03-09,81973,3817167,41388,2035594,35330,1767690,5255,13883,44233,1172909,0.145926,37547,1343655,0.16717,50573,2516564,0.313096,8037679
4,2021-03-10,91559,3908726,47215,2082809,36858,1804548,7486,21369,46199,1182368,0.147103,45152,1388807,0.172787,54611,2571175,0.31989,8037679
4,2021-03-11,101104,4009830,53044,2135853,39595,1844143,8465,29834,46658,1184386,0.147354,54182,1442989,0.179528,56200,2627375,0.326882,8037679
4,2021-03-12,104832,4114662,51654,2187507,42865,1887008,10313,40147,44757,1180589,0.146882,59781,1502770,0.186966,55984,2683359,0.333847,8037679
4,2021-03-13,81812,4196474,37914,2225421,35442,1922450,8456,48603,38642,1185751,0.147524,43025,1545795,0.192319,48187,2731546,0.339843,8037679
4,2021-03-14,50018,4246492,28471,2253892,17898,1940348,3649,52252,23321,1186735,0.147646,26595,1572390,0.195627,27579,2759125,0.343274,8037679
4,2021-03-15,83955,4330447,45170,2299062,34530,1974878,4255,56507,42580,1193295,0.148463,41111,1613501,0.200742,47671,2806796,0.349205,8037679
4,2021-03-16,108122,4438569,56184,2355246,48516,2023394,3422,59929,56983,1203514,0.149734,50875,1664376,0.207072,61094,2867890,0.356806,8037679
4,2021-03-17,107322,4545891,57798,2413044,46027,2069421,3497,63426,62700,1225919,0.152522,44343,1708719,0.212589,66748,2934638,0.36511,8037679
4,2021-03-18,107471,4653362,59605,2472649,44173,2113594,3693,67119,60786,1244422,0.154824,46397,1755116,0.218361,64900,2999538,0.373185,8037679
4,2021-03-19,111960,4765322,64441,2537090,42305,2155899,5214,72333,63481,1265309,0.157422,48192,1803308,0.224357,69079,3068617,0.381779,8037679
4,2021-03-20,84412,4849734,49370,2586460,32027,2187926,3015,75348,51622,1287629,0.160199,32622,1835930,0.228415,54942,3123559,0.388615,8037679
4,2021-03-21,48388,4898122,35066,2621526,11065,2198991,2257,77605,28232,1298443,0.161545,20024,1855954,0.230907,30838,3154397,0.392451,8037679
4,2021-03-22,82794,4980916,54085,2675611,25968,2224959,2741,80346,51344,1322058,0.164483,31186,1887140,0.234787,54801,3209198,0.399269,8037679
4,2021-03-23,105143,5086059,62965,2738576,40030,2264989,2148,82494,62454,1344808,0.167313,42400,1929540,0.240062,65150,3274348,0.407375,8037679
4,2021-03-24,113780,5199839,73425,2812001,37936,2302925,2419,84913,63980,1362303,0.16949,49351,1978891,0.246202,66846,3341194,0.415691,8037679
4,2021-03-25,117341,5317180,72218,2884219,42726,2345651,2397,87310,66888,1382107,0.171953,49957,2028848,0.252417,69761,3410955,0.424371,8037679
4,2021-03-26,120042,5437222,72839,2957058,44162,2389813,3041,90351,65417,1396921,0.173797,54241,2083089,0.259165,69055,3480010,0.432962,8037679
4,2021-03-27,92243,5529465,54372,3011430,36081,2425894,1790,92141,46729,1400665,0.174262,45257,2128346,0.264796,49001,3529011,0.439058,8037679
4,2021-03-28,55865,5585330,36879,3048309,18111,2444005,875,93016,29528,1405287,0.174837,26151,2154497,0.26805,30773,3559784,0.442887,8037679
4,2021-03-29,93813,5679143,56232,3104541,35501,2479506,2080,95096,50603,1415581,0.176118,42934,2197431,0.273391,53228,3613012,0.449509,8037679
4,2021-03-30,117340,5796483,64036,3168577,49143,2528649,4161,99257,69656,1442382,0.179453,47433,2244864,0.279293,74234,3687246,0.458745,8037679
4,2021-03-31,121362,5917845,71599,3240176,43454,2572103,6309,105566,67983,1463862,0.182125,53010,2297874,0.285888,74490,3761736,0.468013,8037679
4,2021-04-01,142843,6060688,81448,3321624,48104,2620207,13291,118857,83997,1502909,0.186983,58352,2356226,0.293148,97399,3859135,0.480131,8037679
4,2021-04-02,136911,6197599,73127,3394751,50172,2670379,13612,132469,78921,1538044,0.191354,57675,2413901,0.300323,92810,3951945,0.491677,8037679
4,2021-04-03,101401,6299000,54180,3448931,33773,2704152,13448,145917,52694,1555895,0.193575,48492,2462393,0.306356,66343,4018288,0.499931,8037679
4,2021-04-04,46941,6345941,24765,3473696,14637,2718789,7539,153456,20342,1557290,0.193749,26487,2488880,0.309652,27882,4046170,0.5034,8037679
4,2021-04-05,109710,6455651,61610,3535306,35236,2754025,12864,166320,56808,1574839,0.195932,52670,2541550,0.316204,70219,4116389,0.512137,8037679
4,2021-04-06,139094,6594745,78261,3613567,41020,2795045,19813,186133,72139,1600659,0.199144,66705,2608255,0.324504,92525,4208914,0.523648,8037679
4,2021-04-07,137903,6732648,78145,3691712,38995,2834040,20763,206896,71380,1626810,0.202398,66256,2674511,0.332747,92407,4301321,0.535145,8037679
4,2021-04-08,140302,6872950,78161,3769873,36634,2870674,25507,232403,69670,1652239,0.205562,70324,2744835,0.341496,95753,4397074,0.547058,8037679
4,2021-04-09,137992,7010942,75677,3845550,39211,2909885,23104,255507,65751,1670095,0.207783,71985,2816820,0.350452,89841,4486915,0.558235,8037679
4,2021-04-10,104014,7114956,51313,3896863,33800,2943685,18901,274408,46904,1680022,0.209018,56892,2873712,0.35753,66819,4553734,0.566548,8037679
4,2021-04-11,62789,7177745,38121,3934984,13483,2957168,11185,285593,27375,1684333,0.209555,35301,2909013,0.361922,39612,4593346,0.571477,8037679
4,2021-04-12,103005,7280750,62600,3997584,30194,2987362,10211,295804,51885,1696828,0.211109,50809,2959822,0.368243,63304,4656650,0.579353,8037679
4,2021-04-13,130608,7411358,81954,4079538,48489,3035851,165,295969,78158,1723873,0.214474,52139,3011961,0.37473,79184,4735834,0.589204,8037679
4,2021-04-14,135791,7547149,86514,4166052,49201,3085052,76,296045,75127,1739988,0.216479,60319,3072280,0.382235,76434,4812268,0.598714,8037679
4,2021-04-15,156591,7703740,104174,4270226,52349,3137401,68,296113,96111,1776844,0.221064,60085,3132365,0.38971,96941,4909209,0.610774,8037679
4,2021-04-16,143819,7847559,91207,4361433,52533,3189934,79,296192,83581,1801320,0.224109,59902,3192267,0.397163,84378,4993587,0.621272,8037679
4,2021-04-17,101716,7949275,63915,4425348,37777,3227711,24,296216,59647,1820365,0.226479,41775,3234042,0.40236,60820,5054407,0.628839,8037679
4,2021-04-18,56896,8006171,38447,4463795,18446,3246157,3,296219,32072,1828720,0.227518,24683,3258725,0.405431,33038,5087445,0.63295,8037679
4,2021-04-19,101728,8107899,67080,4530875,34631,3280788,17,296236,51935,1831730,0.227893,49543,3308268,0.411595,52553,5139998,0.639488,8037679
4,2021-04-20,132062,8239961,78801,4609676,53245,3334033,16,296252,68984,1839048,0.228803,62755,3371023,0.419403,70073,5210071,0.648206,8037679
4,2021-04-21,134436,8374397,87757,4697433,46626,3380659,53,296305,67879,1841928,0.229162,66163,3437186,0.427634,69043,5279114,0.656796,8037679
4,2021-04-22,141529,8515926,93968,4791401,47538,3428197,23,296328,63394,1828726,0.227519,77744,3514930,0.437307,64542,5343656,0.664826,8037679
4,2021-04-23,135040,8650966,87940,4879341,47076,3475273,24,296352,58843,1812948,0.225556,75836,3590766,0.446742,60058,5403714,0.672298,8037679
4,2021-04-24,98530,8749496,66477,4945818,32004,3507277,49,296401,45393,1806632,0.22477,52830,3643596,0.453314,46514,5450228,0.678085,8037679
4,2021-04-25,50208,8799704,35391,4981209,14790,3522067,27,296428,26262,1809572,0.225136,23799,3667395,0.456275,26739,5476967,0.681412,8037679
4,2021-04-26,91822,8891526,60211,5041420,31215,3553282,396,296824,36175,1792139,0.222967,55341,3722736,0.463161,37908,5514875,0.686128,8037679
4,2021-04-27,113672,9005198,69477,5110897,41880,3595162,2315,299139,41035,1763975,0.219463,72310,3795046,0.472157,44146,5559021,0.69162,8037679
4,2021-04-28,104112,9109310,68069,5178966,33522,3628684,2521,301660,38211,1739805,0.216456,65569,3860615,0.480315,41399,5600420,0.696771,8037679
4,2021-04-29,105213,9214523,67220,5246186,35474,3664158,2519,304179,34062,1706191,0.212274,70799,3931414,0.489123,37185,5637605,0.701397,8037679
4,2021-04-30,105021,9319544,66597,5312783,35730,3699888,2694,306873,36173,1677264,0.208675,68459,3999873,0.49764,39532,5677137,0.706315,8037679
4,2021-05-01,69107,9388651,45871,5358654,21466,3721354,1770,308643,20100,1651026,0.205411,48750,4048623,0.503705,22512,5699649,0.709116,8037679
4,2021-05-02,37507,9426158,26614,5385268,9611,3730965,1282,309925,10533,1636132,0.203558,26855,4075478,0.507047,11961,5711610,0.710604,8037679
4,2021-05-03,78451,9504609,54571,5439839,21402,3752367,2478,312403,19179,1599136,0.198955,59022,4134500,0.51439,22026,5733636,0.713345,8037679
4,2021-05-04,100926,9605535,69096,5508935,29071,3781438,2759,315162,22662,1546966,0.192464,77984,4212484,0.524092,25814,5759450,0.716556,8037679
4,2021-05-05,101733,9707268,71776,5580711,27229,3808667,2728,317890,22095,1492784,0.185723,79310,4291794,0.533959,25128,5784578,0.719683,8037679
4,2021-05-06,111264,9818532,83358,5664069,24971,3833638,2935,320825,19673,1425392,0.177339,91120,4382914,0.545296,23728,5808306,0.722635,8037679
4,2021-05-07,104465,9922997,75130,5739199,26652,3860290,2683,323508,20655,1365698,0.169912,83449,4466363,0.555678,23755,5832061,0.72559,8037679
4,2021-05-08,69380,9992377,47812,5787011,19639,3879929,1929,325437,13764,1326377,0.16502,55371,4521734,0.562567,16050,5848111,0.727587,8037679
4,2021-05-09,34181,10026558,27954,5814965,5281,3885210,946,326383,7498,1308338,0.162776,26577,4548311,0.565874,8538,5856649,0.728649,8037679
4,2021-05-10,64774,10091332,43296,5858261,19161,3904371,2317,328700,11014,1268434,0.157811,53549,4601860,0.572536,13645,5870294,0.730347,8037679
4,2021-05-11,82348,10173680,51378,5909639,28786,3933157,2184,330884,15790,1220589,0.151858,66315,4668175,0.580786,18470,5888764,0.732645,8037679
4,2021-05-12,79400,10253080,52833,5962472,24107,3957264,2460,333344,16674,1177661,0.146518,62438,4730613,0.588555,19510,5908274,0.735072,8037679
4,2021-05-13,104202,10357282,76754,6039226,25916,3983180,1532,334876,40432,1157191,0.143971,63444,4794057,0.596448,42974,5951248,0.740419,8037679
4,2021-05-14,104566,10461848,73863,6113089,28580,4011760,2123,336999,40308,1136209,0.14136,63947,4858004,0.604404,42965,5994213,0.745764,8037679
4,2021-05-15,85229,10547077,65945,6179034,17959,4029719,1325,338324,37659,1128152,0.140358,47330,4905334,0.610292,39273,6033486,0.75065,8037679
4,2021-05-16,51444,10598521,41466,6220500,9266,4038985,712,339036,21084,1119875,0.139328,30211,4935545,0.614051,21934,6055420,0.753379,8037679
4,2021-05-17,70977,10669498,51848,6272348,17289,4056274,1840,340876,28096,1107361,0.137771,42680,4978225,0.619361,30166,6085586,0.757132,8037679
4,2021-05-18,81520,10751018,53047,6325395,26717,4082991,1756,342632,29219,1086754,0.135207,51945,5030170,0.625824,31338,6116924,0.761031,8037679
4,2021-05-19,76640,10827658,51835,6377230,22862,4105853,1943,344575,30868,1074366,0.133666,45489,5075659,0.631483,33101,6150025,0.765149,8037679
4,2021-05-20,68597,10896255,44034,6421264,22568,4128421,1995,346570,25386,1059168,0.131775,42925,5118584,0.636824,27727,6177752,0.768599,8037679
4,2021-05-21,73373,10969628,48403,6469667,23111,4151532,1859,348429,25883,1039976,0.129388,47204,5165788,0.642696,28012,6205764,0.772084,8037679
4,2021-05-22,49672,11019300,34873,6504540,13525,4165057,1274,349703,21688,1035338,0.128811,27824,5193612,0.646158,23186,6228950,0.774969,8037679
4,2021-05-23,23964,11043264,17091,6521631,6150,4171207,723,350426,9777,1031881,0.12838,14067,5207679,0.647908,10610,6239560,0.776289,8037679
4,2021-05-24,43039,11086303,27374,6549005,12665,4183872,3000,353426,15116,1022491,0.127212,27705,5235384,0.651355,18315,6257875,0.778567,8037679
4,2021-05-25,44760,11131063,27833,6576838,14105,4197977,2822,356248,15876,1012767,0.126002,28653,5264037,0.65492,18929,6276804,0.780922,8037679
4,2021-05-26,44515,11175578,26696,6603534,15219,4213196,2600,358848,15855,1002950,0.124781,28447,5292484,0.658459,18630,6295434,0.78324,8037679
4,2021-05-27,38805,11214383,23310,6626844,12358,4225554,3137,361985,14645,996938,0.124033,23963,5316447,0.661441,17951,6313385,0.785474,8037679
4,2021-05-28,43146,11257529,27511,6654355,14033,4239587,1602,363587,18811,993492,0.123604,24082,5340529,0.664437,20636,6334021,0.788041,8037679
4,2021-05-29,23592,11281121,15359,6669714,7301,4246888,932,364519,10857,992817,0.12352,12597,5353126,0.666004,11922,6345943,0.789524,8037679
4,2021-05-30,12042,11293163,8459,6678173,3057,4249945,526,365045,5020,991475,0.123353,6957,5360083,0.66687,5615,6351558,0.790223,8037679
4,2021-05-31,3562,11296725,2264,6680437,1138,4251083,160,365205,1139,990417,0.123222,2378,5362461,0.667165,1320,6352878,0.790387,8037679
4,2021-06-01,39332,11336057,24476,6704913,12417,4263500,2439,367644,13011,979979,0.121923,26104,5388565,0.670413,15666,6368544,0.792336,8037679
4,2021-06-02,32540,11368597,20350,6725263,9394,4272894,2796,370440,10885,972336,0.120972,21475,5410040,0.673085,13832,6382376,0.794057,8037679
4,2021-06-03,47963,11416560,36824,6762087,8687,4281581,2452,372892,10365,948025,0.117948,37436,5447476,0.677742,13125,6395501,0.79569,8037679
4,2021-06-04,54671,11471231,44015,6806102,9328,4290909,1328,374220,12728,921170,0.114606,41715,5489191,0.682932,14860,6410361,0.797539,8037679
4,2021-06-05,44682,11515913,38288,6844390,5398,4296307,996,375216,8773,895462,0.111408,35757,5524948,0.687381,10049,6420410,0.798789,8037679
4,2021-06-06,21199,11537112,18915,6863305,1720,4298027,564,375780,3979,883279,0.109892,17121,5542069,0.689511,4938,6425348,0.799403,8037679
4,2021-06-07,38654,11575766,31290,6894595,5450,4303477,1914,377694,8444,863849,0.107475,30076,5572145,0.693253,10646,6435994,0.800728,8037679
4,2021-06-08,40467,11616233,31765,6926360,6161,4309638,2541,380235,9449,845344,0.105173,30829,5602974,0.697089,12324,6448318,0.802261,8037679
4,2021-06-09,38840,11655073,30802,6957162,5681,4315319,2357,382592,7938,825262,0.102674,30732,5633706,0.700912,10650,6458968,0.803586,8037679
4,2021-06-10,37056,11692129,29214,6986376,5220,4320539,2622,385214,8549,808347,0.10057,28350,5662056,0.704439,11435,6470403,0.805009,8037679
4,2021-06-11,38175,11730304,29987,7016363,6175,4326714,2013,387227,9874,792442,0.098591,28143,5690199,0.707941,12238,6482641,0.806531,8037679
4,2021-06-12,26463,11756767,22040,7038403,3713,4330427,710,387937,6048,779109,0.096932,20309,5710508,0.710467,6976,6489617,0.807399,8037679
4,2021-06-13,10821,11767588,8550,7046953,1795,4332222,476,388413,2282,773501,0.096234,8473,5718981,0.711521,2865,6492482,0.807756,8037679
4,2021-06-14,28560,11796148,21361,7068314,4393,4336615,2806,391219,7810,763723,0.095018,20612,5739593,0.714086,10834,6503316,0.809104,8037679
4,2021-06-15,29857,11826005,21113,7089427,5342,4341957,3402,394621,8294,754267,0.093841,21409,5761002,0.716749,11953,6515269,0.810591,8037679
4,2021-06-16,26511,11852516,19978,7109405,3916,4345873,2617,397238,7998,746743,0.092905,18344,5779346,0.719032,10820,6526089,0.811937,8037679
4,2021-06-17,25075,11877591,18524,7127929,3660,4349533,2891,400129,7597,740125,0.092082,17296,5796642,0.721184,10678,6536767,0.813265,8037679
4,2021-06-18,26678,11904269,21052,7148981,4398,4353931,1228,401357,8250,731631,0.091025,18225,5814867,0.723451,9731,6546498,0.814476,8037679
4,2021-06-19,15715,11919984,12711,7161692,2301,4356232,703,402060,5048,727029,0.090453,10520,5825387,0.72476,5918,6552416,0.815212,8037679
4,2021-06-20,7367,11927351,6070,7167762,989,4357221,308,402368,2624,725360,0.090245,4683,5830070,0.725342,3014,6555430,0.815587,8037679
4,2021-06-21,14515,11941866,10496,7178258,2882,4360103,1137,403505,7319,726858,0.090431,7119,5837189,0.726228,8617,6564047,0.81666,8037679
4,2021-06-22,20406,11962272,15921,7194179,3416,4363519,1069,404574,7104,722000,0.089827,13184,5850373,0.727868,8326,6572373,0.817695,8037679
4,2021-06-23,18361,11980633,14415,7208594,2962,4366481,984,405558,6714,718306,0.089367,11515,5861888,0.729301,7821,6580194,0.818668,8037679
4,2021-06-24,17517,11998150,13570,7222164,2962,4369443,985,406543,6540,715150,0.088975,10822,5872710,0.730647,7666,6587860,0.819622,8037679
4,2021-06-25,21476,12019626,16891,7239055,3543,4372986,1042,407585,7775,710566,0.088404,13567,5886277,0.732335,8983,6596843,0.82074,8037679
4,2021-06-26,12973,12032599,10563,7249618,1795,4374781,615,408200,4780,707975,0.088082,8092,5894369,0.733342,5501,6602344,0.821424,8037679
4,2021-06-27,6830,12039429,5533,7255151,954,4375735,343,408543,2880,707341,0.088003,3912,5898281,0.733829,3278,6605622,0.821832,8037679
4,2021-06-28,14996,12054425,12602,7267753,1546,4377281,848,409391,6023,705442,0.087767,8892,5907173,0.734935,6993,6612615,0.822702,8037679
4,2021-06-29,16385,12070810,12715,7280468,2869,4380150,801,410192,6346,702779,0.087436,9932,5917105,0.736171,7269,6619884,0.823606,8037679
4,2021-06-30,14434,12085244,11261,7291729,2441,4382591,732,410924,5992,701274,0.087248,8341,5925446,0.737209,6836,6626720,0.824457,8037679
4,2021-07-01,14371,12099615,11348,7303077,2283,4384874,740,411664,5880,699654,0.087047,8381,5933827,0.738251,6761,6633481,0.825298,8037679
4,2021-07-02,16659,12116274,13228,7316305,2674,4387548,757,412421,6803,697582,0.086789,9762,5943589,0.739466,7690,6641171,0.826255,8037679
4,2021-07-03,9120,12125394,7246,7323551,1466,4389014,408,412829,3953,696907,0.086705,5094,5948683,0.7401,4419,6645590,0.826805,8037679
4,2021-07-04,421,12125815,258,7323809,104,4389118,59,412888,183,696926,0.086707,234,5948917,0.740129,253,6645843,0.826836,8037679
4,2021-07-05,9170,12134985,7463,7331272,1293,4390411,414,413302,4163,696624,0.08667,4929,5953846,0.740742,4627,6650470,0.827412,8037679
4,2021-07-06,16373,12151358,12910,7344182,2668,4393079,795,414097,6038,693352,0.086263,10216,5964062,0.742013,6944,6657414,0.828276,8037679
4,2021-07-07,13630,12164988,10644,7354826,2216,4395295,770,414867,5150,690996,0.08597,8394,5972456,0.743057,6038,6663452,0.829027,8037679
4,2021-07-08,13046,12178034,10246,7365072,2019,4397314,781,415648,5117,689174,0.085743,7815,5980271,0.74403,5993,6669445,0.829773,8037679
4,2021-07-09,15203,12193237,11715,7376787,2606,4399920,882,416530,6195,687490,0.085533,8880,5989151,0.745134,7196,6676641,0.830668,8037679
4,2021-07-10,8709,12201946,6893,7383680,1428,4401348,388,416918,3673,686656,0.08543,4957,5994108,0.745751,4123,6680764,0.831181,8037679
4,2021-07-11,4957,12206903,3975,7387655,786,4402134,196,417114,2233,686430,0.085402,2684,5996792,0.746085,2458,6683222,0.831487,8037679
4,2021-07-12,12958,12219861,10293,7397948,1971,4404105,694,417808,5053,684457,0.085156,7826,6004618,0.747059,5853,6689075,0.832215,8037679
4,2021-07-13,12603,12232464,9662,7407610,2321,4406426,620,418428,5364,683403,0.085025,7137,6011755,0.747947,6083,6695158,0.832972,8037679
4,2021-07-14,11563,12244027,9119,7416729,1911,4408337,533,418961,5025,682572,0.084922,6457,6018212,0.74875,5626,6700784,0.833672,8037679
4,2021-07-15,12199,12256226,9693,7426422,1933,4410270,573,419534,5573,682287,0.084886,6504,6024716,0.749559,6219,6707003,0.834445,8037679
4,2021-07-16,14628,12270854,11435,7437857,2565,4412835,628,420162,6736,681965,0.084846,7794,6032510,0.750529,7472,6714475,0.835375,8037679
4,2021-07-17,8928,12279782,7033,7444890,1599,4414434,296,420458,4249,681968,0.084846,4583,6037093,0.751099,4586,6719061,0.835945,8037679
4,2021-07-18,5046,12284828,4081,7448971,772,4415206,193,420651,2391,681972,0.084847,2603,6039696,0.751423,2607,6721668,0.83627,8037679
4,2021-07-19,8960,12293788,6886,7455857,1586,4416792,488,421139,4213,682089,0.084861,4683,6044379,0.752006,4800,6726468,0.836867,8037679
