vemquartile,administered_date,total_doses,cumulative_total_doses,pfizer_doses,cumulative_pfizer_doses,moderna_doses,cumulative_moderna_doses,jj_doses,cumulative_jj_doses,partially_vaccinated,total_partially_vaccinated,pct_age12pop_partially_vaccinated,fully_vaccinated,cumulative_fully_vaccinated,pct_age12pop_fully_vaccinated,at_least_one_dose,cumulative_at_least_one_dose,pct_age12pop_at_least_one_dose,age12_population
1,2020-12-15,154,154,154,154,0,0,0,0,154,154,1.8e-05,0,0,0.0,154,154,1.8e-05,8700223
1,2020-12-16,1241,1395,1241,1395,0,0,0,0,1240,1394,0.00016,0,0,0.0,1240,1394,0.00016,8700223
1,2020-12-17,4192,5587,4192,5587,0,0,0,0,4195,5589,0.000642,0,0,0.0,4195,5589,0.000642,8700223
1,2020-12-18,6401,11988,6377,11964,24,24,0,0,6405,11993,0.001378,1,1,0.0,6405,11994,0.001379,8700223
1,2020-12-19,2890,14878,2887,14851,3,27,0,0,2889,14881,0.00171,1,2,0.0,2889,14883,0.001711,8700223
1,2020-12-20,2144,17022,2134,16985,10,37,0,0,2145,17026,0.001957,0,2,0.0,2145,17028,0.001957,8700223
1,2020-12-21,7707,24729,7686,24671,21,58,0,0,7756,24782,0.002848,1,3,0.0,7757,24785,0.002849,8700223
1,2020-12-22,7367,32096,7022,31693,345,403,0,0,7367,32147,0.003695,2,5,1e-06,7367,32152,0.003696,8700223
1,2020-12-23,7910,40006,6644,38337,1266,1669,0,0,7907,40053,0.004604,2,7,1e-06,7908,40060,0.004604,8700223
1,2020-12-24,3315,43321,2370,40707,945,2614,0,0,3317,43370,0.004985,0,7,1e-06,3317,43377,0.004986,8700223
1,2020-12-25,242,43563,158,40865,84,2698,0,0,242,43612,0.005013,0,7,1e-06,242,43619,0.005014,8700223
1,2020-12-26,1376,44939,981,41846,395,3093,0,0,1375,44986,0.005171,1,8,1e-06,1375,44994,0.005172,8700223
1,2020-12-27,879,45818,545,42391,334,3427,0,0,879,45864,0.005272,1,9,1e-06,879,45873,0.005273,8700223
1,2020-12-28,7144,52962,4797,47188,2347,5774,0,0,7141,53005,0.006092,0,9,1e-06,7141,53014,0.006093,8700223
1,2020-12-29,9076,62038,5069,52257,4007,9781,0,0,9072,62075,0.007135,2,11,1e-06,9072,62086,0.007136,8700223
1,2020-12-30,11783,73821,6559,58816,5224,15005,0,0,11781,73855,0.008489,1,12,1e-06,11781,73867,0.00849,8700223
1,2020-12-31,6044,79865,1971,60787,4073,19078,0,0,6042,79894,0.009183,4,16,2e-06,6043,79910,0.009185,8700223
1,2021-01-01,620,80485,249,61036,371,19449,0,0,616,80508,0.009254,2,18,2e-06,616,80526,0.009256,8700223
1,2021-01-02,2932,83417,1773,62809,1159,20608,0,0,2932,83440,0.009591,0,18,2e-06,2932,83458,0.009593,8700223
1,2021-01-03,1057,84474,552,63361,505,21113,0,0,1055,84492,0.009711,3,21,2e-06,1055,84513,0.009714,8700223
1,2021-01-04,7429,91903,3622,66983,3807,24920,0,0,7431,91921,0.010565,2,23,3e-06,7431,91944,0.010568,8700223
1,2021-01-05,10977,102880,5287,72270,5690,30610,0,0,10176,101337,0.011648,783,806,9.3e-05,10199,102143,0.01174,8700223
1,2021-01-06,14163,117043,7102,79372,7061,37671,0,0,12217,111661,0.012834,1910,2716,0.000312,12234,114377,0.013146,8700223
1,2021-01-07,17660,134703,9196,88568,8464,46135,0,0,13116,120337,0.013831,4451,7167,0.000824,13127,127504,0.014655,8700223
1,2021-01-08,20263,154966,10515,99083,9748,55883,0,0,14286,128678,0.01479,5961,13128,0.001509,14302,141806,0.016299,8700223
1,2021-01-09,6709,161675,3411,102494,3298,59181,0,0,4835,131650,0.015132,1867,14995,0.001724,4839,146645,0.016855,8700223
1,2021-01-10,3118,164793,1776,104270,1342,60523,0,0,1923,132383,0.015216,1191,16186,0.00186,1924,148569,0.017076,8700223
1,2021-01-11,18225,183018,11906,116176,6319,66842,0,0,11607,137429,0.015796,6607,22793,0.00262,11653,160222,0.018416,8700223
1,2021-01-12,19218,202236,11003,127179,8215,75057,0,0,13189,144661,0.016627,6000,28793,0.003309,13232,173454,0.019937,8700223
1,2021-01-13,19925,222161,10784,137963,9141,84198,0,0,14748,154274,0.017732,5154,33947,0.003902,14767,188221,0.021634,8700223
1,2021-01-14,22240,244401,9562,147525,12678,96876,0,0,19396,170949,0.019649,2782,36729,0.004222,19457,207678,0.02387,8700223
1,2021-01-15,25303,269704,9269,156794,16034,112910,0,0,23345,192441,0.022119,1920,38649,0.004442,23412,231090,0.026561,8700223
1,2021-01-16,13965,283669,4573,161367,9392,122302,0,0,13064,204613,0.023518,896,39545,0.004545,13068,244158,0.028063,8700223
1,2021-01-17,5230,288899,2042,163409,3188,125490,0,0,4853,209093,0.024033,376,39921,0.004589,4856,249014,0.028622,8700223
1,2021-01-18,14408,303307,8642,172051,5766,131256,0,0,11192,217140,0.024958,3202,43123,0.004957,11249,260263,0.029915,8700223
1,2021-01-19,24892,328199,12898,184949,11994,143250,0,0,19597,231521,0.026611,5272,48395,0.005563,19653,279916,0.032173,8700223
1,2021-01-20,29514,357713,14778,199727,14736,157986,0,0,23548,249229,0.028646,5884,54279,0.006239,23592,303508,0.034885,8700223
1,2021-01-21,31398,389111,14788,214515,16610,174596,0,0,28030,274059,0.0315,3303,57582,0.006618,28133,331641,0.038119,8700223
1,2021-01-22,28496,417607,11319,225834,17177,191773,0,0,26399,298460,0.034305,2028,59610,0.006852,26429,358070,0.041156,8700223
1,2021-01-23,18751,436358,8208,234042,10543,202316,0,0,16788,313323,0.036013,1935,61545,0.007074,16798,374868,0.043087,8700223
1,2021-01-24,6712,443070,4175,238217,2537,204853,0,0,6048,318719,0.036633,658,62203,0.00715,6054,380922,0.043783,8700223
1,2021-01-25,25637,468707,10564,248781,15073,219926,0,0,19776,332797,0.038252,5810,68013,0.007817,19888,400810,0.046069,8700223
1,2021-01-26,28968,497675,13564,262345,15404,235330,0,0,22175,348270,0.04003,6730,74743,0.008591,22203,423013,0.048621,8700223
1,2021-01-27,32787,530462,15605,277950,17182,252512,0,0,24559,364757,0.041925,8162,82905,0.009529,24649,447662,0.051454,8700223
1,2021-01-28,35119,565581,16503,294453,18616,271128,0,0,28042,385917,0.044357,7008,89913,0.010335,28168,475830,0.054692,8700223
1,2021-01-29,33871,599452,16528,310981,17343,288471,0,0,27155,406598,0.046734,6571,96484,0.01109,27252,503082,0.057824,8700223
1,2021-01-30,20215,619667,8745,319726,11470,299941,0,0,17985,422471,0.048559,2198,98682,0.011342,18071,521153,0.059901,8700223
1,2021-01-31,7727,627394,5025,324751,2702,302643,0,0,7003,428761,0.049282,716,99398,0.011425,7006,528159,0.060706,8700223
1,2021-02-01,29174,656568,12581,337332,16593,319236,0,0,21299,442248,0.050832,7821,107219,0.012324,21308,549467,0.063156,8700223
1,2021-02-02,32875,689443,11871,349203,21004,340240,0,0,24549,458598,0.052711,8238,115457,0.013271,24588,574055,0.065982,8700223
1,2021-02-03,39794,729237,15307,364510,24487,364727,0,0,28559,476192,0.054733,11065,126522,0.014542,28659,602714,0.069276,8700223
1,2021-02-04,44213,773450,17215,381725,26998,391725,0,0,31778,495772,0.056984,12312,138834,0.015958,31892,634606,0.072941,8700223
1,2021-02-05,47062,820512,17206,398931,29856,421581,0,0,30717,510417,0.058667,16189,155023,0.017818,30834,665440,0.076485,8700223
1,2021-02-06,26667,847179,10546,409477,16121,437702,0,0,20683,525233,0.06037,5939,160962,0.018501,20755,686195,0.078871,8700223
1,2021-02-07,6305,853484,4052,413529,2253,439955,0,0,4647,528262,0.060718,1637,162599,0.018689,4666,690861,0.079407,8700223
1,2021-02-08,31766,885250,14486,428015,17280,457235,0,0,21143,538982,0.06195,10525,173124,0.019899,21245,712106,0.081849,8700223
1,2021-02-09,38683,923933,17002,445017,21681,478916,0,0,23802,548098,0.062998,14799,187923,0.0216,23915,736021,0.084598,8700223
1,2021-02-10,47527,971460,22241,467258,25286,504202,0,0,27002,554806,0.063769,20391,208314,0.023944,27099,763120,0.087713,8700223
1,2021-02-11,52173,1023633,25516,492774,26657,530859,0,0,31021,565116,0.064954,20835,229149,0.026338,31145,794265,0.091292,8700223
1,2021-02-12,50261,1073894,21629,514403,28632,559491,0,0,28830,572829,0.065841,21262,250411,0.028782,28975,823240,0.094623,8700223
1,2021-02-13,26542,1100436,11557,525960,14985,574476,0,0,15330,577100,0.066332,11138,261549,0.030062,15409,838649,0.096394,8700223
1,2021-02-14,11817,1112253,5580,531540,6237,580713,0,0,6712,578806,0.066528,5074,266623,0.030646,6780,845429,0.097173,8700223
1,2021-02-15,24023,1136276,9438,540978,14585,595298,0,0,14599,584223,0.06715,9298,275921,0.031714,14715,860144,0.098865,8700223
1,2021-02-16,47292,1183568,22548,563526,24744,620042,0,0,27496,592135,0.06806,19705,295626,0.033979,27617,887761,0.102039,8700223
1,2021-02-17,48619,1232187,24627,588153,23992,644034,0,0,26128,596084,0.068514,22331,317957,0.036546,26280,914041,0.105059,8700223
1,2021-02-18,51314,1283501,25669,613822,25645,669679,0,0,26514,598298,0.068768,24545,342502,0.039367,26759,940800,0.108135,8700223
1,2021-02-19,46751,1330252,25340,639162,21411,691090,0,0,26143,604060,0.06943,20442,362944,0.041717,26204,967004,0.111147,8700223
1,2021-02-20,27838,1358090,16905,656067,10933,702023,0,0,15864,608104,0.069895,11905,374849,0.043085,15949,982953,0.11298,8700223
1,2021-02-21,12449,1370539,10704,666771,1745,703768,0,0,7468,610707,0.070194,4917,379766,0.04365,7520,990473,0.113845,8700223
1,2021-02-22,31777,1402316,20880,687651,10897,714665,0,0,18253,615646,0.070762,13422,393188,0.045193,18361,1008834,0.115955,8700223
1,2021-02-23,46010,1448326,22354,710005,23656,738321,0,0,25234,620777,0.071352,20471,413659,0.047546,25602,1034436,0.118898,8700223
1,2021-02-24,56058,1504384,27093,737098,28965,767286,0,0,30809,627054,0.072073,24991,438650,0.050418,31268,1065704,0.122492,8700223
1,2021-02-25,68696,1573080,33351,770449,35345,802631,0,0,42451,643996,0.074021,26011,464661,0.053408,42953,1108657,0.127429,8700223
1,2021-02-26,76746,1649826,35933,806382,40813,843444,0,0,50095,668232,0.076806,26344,491005,0.056436,50580,1159237,0.133242,8700223
1,2021-02-27,52835,1702661,24252,830634,28572,872016,11,11,34650,685195,0.078756,17969,508974,0.058501,34932,1194169,0.137257,8700223
1,2021-02-28,20291,1722952,12046,842680,8243,880259,2,13,14851,694844,0.079865,5348,514322,0.059116,14997,1209166,0.138981,8700223
1,2021-03-01,46348,1769300,21431,864111,24856,905115,61,74,29752,708505,0.081435,16400,530722,0.061001,30061,1239227,0.142436,8700223
1,2021-03-02,64954,1834254,28089,892200,36853,941968,12,86,41301,727005,0.083562,23461,554183,0.063698,41961,1281188,0.147259,8700223
1,2021-03-03,72237,1906491,34362,926562,37844,979812,31,117,43908,743458,0.085453,28100,582283,0.066927,44553,1325741,0.15238,8700223
1,2021-03-04,80227,1986718,37636,964198,42554,1022366,37,154,51405,766851,0.088142,28566,610849,0.070211,51959,1377700,0.158352,8700223
1,2021-03-05,79267,2065985,35731,999929,43328,1065694,208,362,52830,794410,0.091309,26128,636977,0.073214,53687,1431387,0.164523,8700223
1,2021-03-06,58104,2124089,27624,1027553,29130,1094824,1350,1712,39319,816802,0.093883,18639,655616,0.075356,41031,1472418,0.169239,8700223
1,2021-03-07,21015,2145104,13059,1040612,6759,1101583,1197,2909,15540,828335,0.095208,5448,661064,0.075982,16981,1489399,0.171191,8700223
1,2021-03-08,46159,2191263,22538,1063150,21660,1123243,1961,4870,32325,849229,0.09761,13724,674788,0.07756,34618,1524017,0.17517,8700223
1,2021-03-09,66930,2258193,32375,1095525,32040,1155283,2515,7385,41171,867666,0.099729,25579,700367,0.0805,44016,1568033,0.180229,8700223
1,2021-03-10,74279,2332472,37012,1132537,32765,1188048,4502,11887,45738,889856,0.10228,28404,728771,0.083765,50594,1618627,0.186044,8700223
1,2021-03-11,90475,2422947,41625,1174162,40834,1228882,8016,19903,52655,913404,0.104986,37565,766336,0.088082,61113,1679740,0.193069,8700223
1,2021-03-12,99361,2522308,43789,1217951,43120,1272002,12452,32355,57966,943087,0.108398,41156,807492,0.092813,70839,1750579,0.201211,8700223
1,2021-03-13,65479,2587787,29579,1247530,28196,1300198,7704,40059,41693,969131,0.111392,23644,831136,0.09553,49688,1800267,0.206922,8700223
1,2021-03-14,27955,2615742,14951,1262481,9438,1309636,3566,43625,15657,976313,0.112217,12219,843355,0.096935,19401,1819668,0.209152,8700223
1,2021-03-15,65393,2681135,28844,1291325,29794,1339430,6755,50380,38440,995124,0.114379,26720,870075,0.100006,45531,1865199,0.214385,8700223
1,2021-03-16,85957,2767092,39174,1330499,41121,1380551,5662,56042,53231,1021859,0.117452,32493,902568,0.103741,59228,1924427,0.221193,8700223
1,2021-03-17,93391,2860483,45585,1376084,41260,1421811,6546,62588,60060,1055732,0.121345,33074,935642,0.107542,66947,1991374,0.228888,8700223
1,2021-03-18,99065,2959548,51101,1427185,42239,1464050,5725,68313,59869,1082986,0.124478,38820,974462,0.112004,66074,2057448,0.236482,8700223
1,2021-03-19,103980,3063528,53826,1481011,43849,1507899,6305,74618,60675,1107481,0.127293,42990,1017452,0.116946,67485,2124933,0.244239,8700223
1,2021-03-20,72963,3136491,37370,1518381,30373,1538272,5220,79838,46868,1133941,0.130335,25896,1043348,0.119922,52356,2177289,0.250257,8700223
1,2021-03-21,27398,3163889,19089,1537470,6499,1544771,1810,81648,17045,1142629,0.131333,10253,1053601,0.1211,18941,2196230,0.252434,8700223
1,2021-03-22,59403,3223292,30677,1568147,25419,1570190,3307,84955,39931,1166996,0.134134,19237,1072838,0.123312,43604,2239834,0.257446,8700223
1,2021-03-23,83638,3306930,42598,1610745,37406,1607596,3634,88589,51269,1190247,0.136806,32102,1104940,0.127001,55353,2295187,0.263808,8700223
1,2021-03-24,88584,3395514,44820,1655565,39390,1646986,4374,92963,52754,1212006,0.139307,35523,1140463,0.131084,57282,2352469,0.270392,8700223
1,2021-03-25,97473,3492987,49881,1705446,41741,1688727,5851,98814,53948,1228829,0.141241,43180,1183643,0.136047,60003,2412472,0.277289,8700223
1,2021-03-26,105663,3598650,51266,1756712,48067,1736794,6330,105144,56589,1243348,0.14291,48690,1232333,0.141644,63209,2475681,0.284554,8700223
1,2021-03-27,74464,3673114,38517,1795229,31733,1768527,4214,109358,38199,1249927,0.143666,36027,1268360,0.145785,42606,2518287,0.289451,8700223
1,2021-03-28,32869,3705983,21508,1816737,10133,1778660,1228,110586,16442,1251734,0.143874,16313,1284673,0.14766,18120,2536407,0.291534,8700223
1,2021-03-29,68775,3774758,33878,1850615,31727,1810387,3170,113756,37905,1262387,0.145098,30630,1315303,0.15118,41283,2577690,0.296279,8700223
1,2021-03-30,93568,3868326,45725,1896340,41429,1851816,6414,120170,48074,1271689,0.146167,45255,1360558,0.156382,54557,2632247,0.302549,8700223
1,2021-03-31,102166,3970492,53160,1949500,42754,1894570,6252,126422,55931,1288029,0.148046,45887,1406445,0.161656,62227,2694474,0.309702,8700223
1,2021-04-01,113818,4084310,54369,2003869,50616,1945186,8833,135255,57777,1299116,0.14932,55552,1461997,0.168041,66639,2761113,0.317361,8700223
1,2021-04-02,112986,4197296,51449,2055318,51784,1996970,9753,145008,57348,1311228,0.150712,55184,1517181,0.174384,67296,2828409,0.325096,8700223
1,2021-04-03,78842,4276138,39645,2094963,29487,2026457,9710,154718,37018,1316377,0.151304,41623,1558804,0.179168,46772,2875181,0.330472,8700223
1,2021-04-04,23821,4299959,11847,2106810,8495,2034952,3479,158197,9938,1315973,0.151257,13808,1572612,0.180755,13404,2888585,0.332013,8700223
1,2021-04-05,77787,4377746,37061,2143871,31321,2066273,9405,167602,35035,1318029,0.151494,42523,1615135,0.185643,44579,2933164,0.337137,8700223
1,2021-04-06,105006,4482752,49751,2193622,38544,2104817,16711,184313,47539,1325131,0.15231,57141,1672276,0.192211,64243,2997407,0.344521,8700223
1,2021-04-07,113078,4595830,54828,2248450,40558,2145375,17692,202005,51005,1332072,0.153108,61743,1734019,0.199307,68684,3066091,0.352415,8700223
1,2021-04-08,123405,4719235,58404,2306854,43863,2189238,21138,223143,54584,1339436,0.153954,68375,1802394,0.207166,75739,3141830,0.361121,8700223
1,2021-04-09,124551,4843786,56784,2363638,46837,2236075,20930,244073,54698,1345597,0.154662,69473,1871867,0.215152,75634,3217464,0.369814,8700223
1,2021-04-10,97468,4941254,43458,2407096,30949,2267024,23061,267134,38585,1348508,0.154997,58650,1930517,0.221893,61561,3279025,0.37689,8700223
1,2021-04-11,36778,4978032,20419,2427515,9460,2276484,6899,274033,14867,1348526,0.154999,21838,1952355,0.224403,21856,3300881,0.379402,8700223
1,2021-04-12,75108,5053140,33523,2461038,31521,2308005,10064,284097,31886,1347688,0.154903,42916,1995271,0.229336,42078,3342959,0.384238,8700223
1,2021-04-13,98417,5151557,52586,2513624,45488,2353493,343,284440,53154,1356588,0.155926,44944,2040215,0.234501,53844,3396803,0.390427,8700223
1,2021-04-14,105336,5256893,54533,2568157,50724,2404217,79,284519,53481,1359064,0.15621,51455,2091670,0.240416,53931,3450734,0.396626,8700223
1,2021-04-15,106086,5362979,57583,2625740,48410,2452627,93,284612,56182,1366220,0.157033,49295,2140965,0.246082,56451,3507185,0.403114,8700223
1,2021-04-16,111156,5474135,56864,2682604,54202,2506829,90,284702,55465,1366831,0.157103,55134,2196099,0.252419,55745,3562930,0.409522,8700223
1,2021-04-17,83586,5557721,45380,2727984,38194,2545023,12,284714,46577,1376834,0.158253,36750,2232849,0.256643,46753,3609683,0.414895,8700223
1,2021-04-18,30592,5588313,20707,2748691,9878,2554901,7,284721,15323,1377199,0.158295,15173,2248022,0.258387,15538,3625221,0.416681,8700223
1,2021-04-19,67314,5655627,34059,2782750,33242,2588143,13,284734,30323,1371057,0.157589,36608,2284630,0.262594,30466,3655687,0.420183,8700223
1,2021-04-20,88593,5744220,44572,2827322,43997,2632140,24,284758,41301,1365671,0.15697,46912,2331542,0.267986,41526,3697213,0.424956,8700223
1,2021-04-21,98073,5842293,51155,2878477,46814,2678954,104,284862,43765,1356072,0.155866,53710,2385252,0.27416,44111,3741324,0.430026,8700223
1,2021-04-22,97940,5940233,51209,2929686,46712,2725666,19,284881,44807,1348525,0.154999,52593,2437845,0.280205,45046,3786370,0.435204,8700223
1,2021-04-23,102911,6043144,53155,2982841,49728,2775394,28,284909,48839,1344108,0.154491,53523,2491368,0.286357,49106,3835476,0.440848,8700223
1,2021-04-24,76602,6119746,47507,3030348,29068,2804462,27,284936,43098,1354154,0.155646,33340,2524708,0.290189,43386,3878862,0.445835,8700223
1,2021-04-25,27419,6147165,17456,3047804,9949,2814411,14,284950,15627,1358274,0.156119,11664,2536372,0.29153,15784,3894646,0.447649,8700223
1,2021-04-26,66625,6213790,34967,3082771,31251,2845662,407,285357,31420,1355558,0.155807,34879,2571251,0.295539,32163,3926809,0.451346,8700223
1,2021-04-27,81969,6295759,43576,3126347,37087,2882749,1306,286663,35352,1346252,0.154738,46303,2617554,0.300861,36997,3963806,0.455598,8700223
1,2021-04-28,81781,6377540,43513,3169860,36750,2919499,1518,288181,35713,1338012,0.153791,45693,2663247,0.306112,37453,4001259,0.459903,8700223
1,2021-04-29,85225,6462765,46893,3216753,36700,2956199,1632,289813,34663,1324304,0.152215,50168,2713415,0.311879,36460,4037719,0.464094,8700223
1,2021-04-30,92871,6555636,50280,3267033,40698,2996897,1893,291706,38582,1311013,0.150687,53925,2767340,0.318077,40634,4078353,0.468764,8700223
1,2021-05-01,64053,6619689,41295,3308328,21323,3018220,1435,293141,26963,1302813,0.149745,36812,2804152,0.322308,28612,4106965,0.472053,8700223
1,2021-05-02,23546,6643235,16678,3325006,6287,3024507,581,293722,9471,1298931,0.149299,13961,2818113,0.323913,10079,4117044,0.473211,8700223
1,2021-05-03,56523,6699758,31342,3356348,23328,3047835,1853,295575,20457,1285500,0.147755,35792,2853905,0.328027,22361,4139405,0.475781,8700223
1,2021-05-04,76109,6775867,43852,3400200,30153,3077988,2104,297679,27225,1266344,0.145553,48561,2902466,0.333608,29405,4168810,0.479161,8700223
1,2021-05-05,78526,6854393,45518,3445718,30702,3108690,2306,299985,26576,1243731,0.142954,51575,2954041,0.339536,28962,4197772,0.48249,8700223
1,2021-05-06,80038,6934431,48598,3494316,29253,3137943,2187,302172,24957,1216363,0.139808,54665,3008706,0.345819,27297,4225069,0.485628,8700223
1,2021-05-07,83619,7018050,47574,3541890,33847,3171790,2198,304370,27904,1191294,0.136927,55233,3063939,0.352168,30164,4255233,0.489095,8700223
1,2021-05-08,57520,7075570,36094,3577984,19773,3191563,1653,306023,19532,1174928,0.135046,37635,3101574,0.356494,21269,4276502,0.491539,8700223
1,2021-05-09,18367,7093937,13179,3591163,4710,3196273,478,306501,5568,1168293,0.134283,12715,3114289,0.357955,6080,4282582,0.492238,8700223
1,2021-05-10,44368,7138305,22441,3613604,20094,3216367,1833,308334,14825,1155796,0.132847,29244,3143533,0.361316,16747,4299329,0.494163,8700223
1,2021-05-11,62944,7201249,34228,3647832,26552,3242919,2164,310498,20677,1136784,0.130661,41961,3185494,0.366139,22949,4322278,0.496801,8700223
1,2021-05-12,63078,7264327,33524,3681356,27486,3270405,2068,312566,20713,1117608,0.128457,42020,3227514,0.370969,22844,4345122,0.499427,8700223
1,2021-05-13,67327,7331654,39502,3720858,25833,3296238,1992,314558,25624,1104207,0.126917,41299,3268813,0.375716,27898,4373020,0.502633,8700223
1,2021-05-14,76916,7408570,46381,3767239,28128,3324366,2407,316965,31045,1092490,0.12557,45445,3314258,0.380939,33728,4406748,0.50651,8700223
1,2021-05-15,66886,7475456,43925,3811164,21192,3345558,1769,318734,26625,1081031,0.124253,39921,3354179,0.385528,28462,4435210,0.509781,8700223
1,2021-05-16,25128,7500584,18526,3829690,5981,3351539,621,319355,10243,1077181,0.123811,14760,3368939,0.387224,10910,4446120,0.511035,8700223
1,2021-05-17,54476,7555060,33295,3862985,19398,3370937,1783,321138,23085,1070994,0.1231,31111,3400050,0.3908,24924,4471044,0.5139,8700223
1,2021-05-18,65303,7620363,39351,3902336,24109,3395046,1843,322981,28316,1064548,0.122359,36693,3436743,0.395018,30247,4501291,0.517377,8700223
1,2021-05-19,66689,7687052,40615,3942951,24133,3419179,1941,324922,29829,1059839,0.121817,36554,3473297,0.399219,31845,4533136,0.521037,8700223
1,2021-05-20,64998,7752050,37719,3980670,25044,3444223,2235,327157,26729,1051094,0.120812,37907,3511204,0.403576,29162,4562298,0.524389,8700223
1,2021-05-21,70655,7822705,42262,4022932,26514,3470737,1879,329036,29126,1041085,0.119662,41106,3552310,0.408301,31097,4593395,0.527963,8700223
1,2021-05-22,56548,7879253,37204,4060136,17612,3488349,1732,330768,24582,1035813,0.119056,31678,3583988,0.411942,26406,4619801,0.530998,8700223
1,2021-05-23,20537,7899790,14365,4074501,5585,3493934,587,331355,9514,1035026,0.118965,10913,3594901,0.413196,10126,4629927,0.532162,8700223
1,2021-05-24,44294,7944084,24721,4099222,17724,3511658,1849,333204,17932,1028792,0.118249,26094,3620995,0.416196,19860,4649787,0.534445,8700223
1,2021-05-25,51383,7995467,29601,4128823,20069,3531727,1713,334917,21322,1022164,0.117487,29758,3650753,0.419616,23130,4672917,0.537103,8700223
1,2021-05-26,48816,8044283,27675,4156498,19232,3550959,1909,336826,20695,1017011,0.116895,27796,3678549,0.422811,22643,4695560,0.539706,8700223
1,2021-05-27,47266,8091549,26523,4183021,18824,3569783,1919,338745,20260,1012601,0.116388,26702,3705251,0.42588,22292,4717852,0.542268,8700223
1,2021-05-28,52995,8144544,29608,4212629,21543,3591326,1844,340589,23727,1009382,0.116018,28913,3734164,0.429203,25694,4743546,0.545221,8700223
1,2021-05-29,30788,8175332,18643,4231272,11177,3602503,968,341557,14629,1009036,0.115978,15998,3750162,0.431042,15652,4759198,0.54702,8700223
1,2021-05-30,11732,8187064,7584,4238856,3588,3606091,560,342117,5532,1009029,0.115977,6124,3756286,0.431746,6117,4765315,0.547723,8700223
1,2021-05-31,5812,8192876,3308,4242164,2244,3608335,260,342377,2033,1007619,0.115815,3714,3760000,0.432173,2304,4767619,0.547988,8700223
1,2021-06-01,46242,8239118,26166,4268330,18489,3626824,1587,343964,17497,998393,0.114755,28373,3788373,0.435434,19147,4786766,0.550189,8700223
1,2021-06-02,40212,8279330,23337,4291667,15359,3642183,1516,345480,16201,992492,0.114077,23698,3812071,0.438158,17797,4804563,0.552234,8700223
1,2021-06-03,41733,8321063,26146,4317813,13861,3656044,1726,347206,15925,984723,0.113184,25494,3837565,0.441088,17725,4822288,0.554272,8700223
1,2021-06-04,50429,8371492,32263,4350076,16347,3672391,1819,349025,18031,972631,0.111794,32019,3869584,0.444768,19927,4842215,0.556562,8700223
1,2021-06-05,40542,8412034,27662,4377738,10867,3683258,2013,351038,14214,962804,0.110664,26105,3895689,0.447769,16278,4858493,0.558433,8700223
1,2021-06-06,13261,8425295,10618,4388356,2128,3685386,515,351553,4574,959354,0.110268,8601,3904290,0.448757,5151,4863644,0.559025,8700223
1,2021-06-07,34096,8459391,23496,4411852,9230,3694616,1370,352923,12088,951077,0.109316,21787,3926077,0.451262,13510,4877154,0.560578,8700223
1,2021-06-08,42364,8501755,29310,4441162,11392,3706008,1662,354585,14732,940214,0.108068,27347,3953424,0.454405,16484,4893638,0.562473,8700223
1,2021-06-09,42305,8544060,29336,4470498,11322,3717330,1647,356232,13771,927472,0.106603,28214,3981638,0.457648,15472,4909110,0.564251,8700223
1,2021-06-10,39277,8583337,26444,4496942,11121,3728451,1712,357944,13389,917049,0.105405,25625,4007263,0.460593,15202,4924312,0.565998,8700223
1,2021-06-11,44330,8627667,29407,4526349,13225,3741676,1698,359642,15754,906324,0.104173,28256,4035519,0.463841,17531,4941843,0.568013,8700223
1,2021-06-12,33970,8661637,24567,4550916,8182,3749858,1221,360863,11136,896133,0.103001,22614,4058133,0.46644,12423,4954266,0.569441,8700223
1,2021-06-13,11661,8673298,8479,4559395,2700,3752558,482,361345,3395,891851,0.102509,8192,4066325,0.467382,3910,4958176,0.569891,8700223
1,2021-06-14,31085,8704383,20926,4580321,8835,3761393,1324,362669,11571,885471,0.101776,19303,4085628,0.4696,12923,4971099,0.571376,8700223
1,2021-06-15,37655,8742038,24694,4605015,11094,3772487,1867,364536,13985,878040,0.100922,23371,4108999,0.472287,15940,4987039,0.573208,8700223
1,2021-06-16,35712,8777750,24132,4629147,9735,3782222,1845,366381,13425,871356,0.100153,22009,4131008,0.474816,15325,5002364,0.57497,8700223
1,2021-06-17,33938,8811688,22449,4651596,9522,3791744,1967,368348,13279,866287,0.099571,20399,4151407,0.477161,15330,5017694,0.576732,8700223
1,2021-06-18,39873,8851561,25906,4677502,11099,3802843,2868,371216,15457,860543,0.09891,24121,4175528,0.479933,18377,5036071,0.578844,8700223
1,2021-06-19,24112,8875673,16733,4694235,6177,3809020,1202,372418,9806,857460,0.098556,14129,4189657,0.481557,11046,5047117,0.580114,8700223
1,2021-06-20,8171,8883844,5985,4700220,1909,3810929,277,372695,3241,856132,0.098403,4857,4194514,0.482116,3529,5050646,0.580519,8700223
1,2021-06-21,21063,8904907,11918,4712138,6947,3817876,2198,374893,10965,859363,0.098775,9980,4204494,0.483263,13211,5063857,0.582038,8700223
1,2021-06-22,30967,8935874,20216,4732354,8593,3826469,2158,377051,12966,856769,0.098477,17780,4222274,0.485306,15186,5079043,0.583783,8700223
1,2021-06-23,29527,8965401,19831,4752185,7871,3834340,1825,378876,12872,855059,0.09828,16431,4238705,0.487195,14721,5093764,0.585475,8700223
1,2021-06-24,28527,8993928,18993,4771178,7853,3842193,1681,380557,12089,852668,0.098005,16229,4254934,0.48906,13838,5107602,0.587066,8700223
1,2021-06-25,31915,9025843,21596,4792774,8903,3851096,1416,381973,14018,850508,0.097757,17650,4272584,0.491089,15490,5123092,0.588846,8700223
1,2021-06-26,22569,9048412,16765,4809539,4963,3856059,841,382814,9855,848667,0.097545,12586,4285170,0.492536,10745,5133837,0.590081,8700223
1,2021-06-27,9211,9057623,6861,4816400,1915,3857974,435,383249,4076,848129,0.097484,5064,4290234,0.493118,4526,5138363,0.590601,8700223
1,2021-06-28,21321,9078944,15842,4832242,4221,3862195,1258,384507,9874,848062,0.097476,11246,4301480,0.49441,11179,5149542,0.591886,8700223
1,2021-06-29,27036,9105980,18498,4850740,7142,3869337,1396,385903,11915,846501,0.097296,14929,4316409,0.496126,13368,5162910,0.593423,8700223
1,2021-06-30,26278,9132258,18182,4868922,7033,3876370,1063,386966,12482,846548,0.097302,13570,4329979,0.497686,13617,5176527,0.594988,8700223
1,2021-07-01,24125,9156383,16761,4885683,6058,3882428,1306,388272,11164,846298,0.097273,12795,4342774,0.499157,12545,5189072,0.59643,8700223
1,2021-07-02,26808,9183191,18414,4904097,7344,3889772,1050,389322,12525,845873,0.097224,14081,4356855,0.500775,13656,5202728,0.597999,8700223
1,2021-07-03,14887,9198078,10394,4914491,4039,3893811,454,389776,7086,845783,0.097214,7664,4364519,0.501656,7574,5210302,0.59887,8700223
1,2021-07-04,1291,9199369,727,4915218,497,3894308,67,389843,624,845823,0.097219,656,4365175,0.501731,696,5210998,0.59895,8700223
1,2021-07-05,11161,9210530,7729,4922947,3068,3897376,364,390207,5297,845738,0.097209,5795,4370970,0.502397,5710,5216708,0.599606,8700223
1,2021-07-06,27548,9238078,19467,4942414,6931,3904307,1150,391357,10997,841621,0.096736,16365,4387335,0.504278,12248,5228956,0.601014,8700223
1,2021-07-07,24067,9262145,16834,4959248,6066,3910373,1167,392524,10358,839711,0.096516,13519,4400854,0.505832,11609,5240565,0.602348,8700223
1,2021-07-08,23027,9285172,15916,4975164,6013,3916386,1098,393622,9939,837886,0.096306,12950,4413804,0.507321,11125,5251690,0.603627,8700223
1,2021-07-09,27228,9312400,19255,4994419,6801,3923187,1172,394794,12256,836577,0.096156,14792,4428596,0.509021,13483,5265173,0.605177,8700223
1,2021-07-10,17988,9330388,12983,5007402,4233,3927420,772,395566,8000,835535,0.096036,9861,4438457,0.510154,8819,5273992,0.60619,8700223
1,2021-07-11,6802,9337190,4978,5012380,1619,3929039,205,395771,3282,835573,0.09604,3467,4441924,0.510553,3505,5277497,0.606593,8700223
1,2021-07-12,20335,9357525,14610,5026990,4828,3933867,897,396668,9005,834380,0.095903,11187,4453111,0.511839,9994,5287491,0.607742,8700223
1,2021-07-13,22505,9380030,15709,5042699,5978,3939845,818,397486,10517,833964,0.095855,11838,4464949,0.513199,11422,5298913,0.609055,8700223
1,2021-07-14,22525,9402555,15470,5058169,6066,3945911,989,398475,10125,832946,0.095738,12243,4477192,0.514607,11225,5310138,0.610345,8700223
1,2021-07-15,21938,9424493,15549,5073718,5655,3951566,734,399209,10597,833188,0.095766,11194,4488386,0.515893,11436,5321574,0.611659,8700223
1,2021-07-16,27003,9451496,18881,5092599,7117,3958683,1005,400214,13362,834167,0.095879,13473,4501859,0.517442,14452,5336026,0.613321,8700223
1,2021-07-17,18750,9470246,13543,5106142,4502,3963185,705,400919,9212,834715,0.095942,9405,4511264,0.518523,9953,5345979,0.614465,8700223
1,2021-07-18,7497,9477743,5533,5111675,1678,3964863,286,401205,3839,835258,0.096004,3598,4514862,0.518936,4141,5350120,0.614941,8700223
1,2021-07-19,20933,9498676,15164,5126839,4936,3969799,833,402038,10493,836375,0.096133,10304,4525166,0.520121,11421,5361541,0.616253,8700223
1,2021-07-20,24994,9523670,17286,5144125,6820,3976619,888,402926,12838,838221,0.096345,11971,4537137,0.521497,13817,5375358,0.617841,8700223
1,2021-07-21,25372,9549042,17823,5161948,6338,3982957,1211,404137,12974,840287,0.096582,12236,4549373,0.522903,14302,5389660,0.619485,8700223
1,2021-07-22,24474,9573516,17301,5179249,6328,3989285,845,404982,13347,843625,0.096966,10945,4560318,0.524161,14283,5403943,0.621127,8700223
1,2021-07-23,29130,9602646,20586,5199835,7521,3996806,1023,406005,16244,848273,0.0975,12684,4573002,0.525619,17332,5421275,0.623119,8700223
1,2021-07-24,18195,9620841,12837,5212672,4790,4001596,568,406573,10711,852213,0.097953,7365,4580367,0.526465,11305,5432580,0.624418,8700223
1,2021-07-25,7501,9628342,5393,5218065,1991,4003587,117,406690,5598,856082,0.098398,1866,4582233,0.52668,5735,5438315,0.625078,8700223
1,2021-07-26,21454,9649796,14842,5232907,5849,4009436,763,407453,13872,863326,0.09923,7462,4589695,0.527538,14706,5453021,0.626768,8700223
1,2021-07-27,27106,9676902,19349,5252256,6815,4016251,942,408395,15977,869339,0.099921,10961,4600656,0.528797,16974,5469995,0.628719,8700223
1,2021-07-28,28118,9705020,19951,5272207,7294,4023545,873,409268,17261,876875,0.100788,10668,4611324,0.530024,18204,5488199,0.630811,8700223
1,2021-07-29,26761,9731781,18992,5291199,6973,4030518,796,410064,16747,884641,0.10168,9839,4621163,0.531155,17605,5505804,0.632835,8700223
1,2021-07-30,31245,9763026,22351,5313550,7989,4038507,905,410969,19125,892801,0.102618,11907,4633070,0.532523,20067,5525871,0.635141,8700223
1,2021-07-31,20011,9783037,14526,5328076,4944,4043451,541,411510,12465,898444,0.103267,7387,4640457,0.533372,13030,5538901,0.636639,8700223
1,2021-08-01,8882,9791919,6694,5334770,2061,4045512,127,411637,6094,901952,0.10367,2741,4643198,0.533687,6249,5545150,0.637357,8700223
1,2021-08-02,24896,9816815,18533,5353303,5657,4051169,706,412343,16210,910386,0.104639,8531,4651729,0.534668,16965,5562115,0.639307,8700223
1,2021-08-03,28588,9845403,20675,5373978,7000,4058169,913,413256,17914,918764,0.105602,10486,4662215,0.535873,18864,5580979,0.641475,8700223
1,2021-08-04,27634,9873037,20073,5394051,6681,4064850,880,414136,17563,927387,0.106593,9865,4672080,0.537007,18488,5599467,0.6436,8700223
1,2021-08-05,27313,9900350,20011,5414062,6403,4071253,899,415035,17222,935640,0.107542,9891,4681971,0.538144,18144,5617611,0.645686,8700223
1,2021-08-06,33762,9934112,24856,5438918,7931,4079184,975,416010,21061,945252,0.108647,12470,4694441,0.539577,22082,5639693,0.648224,8700223
1,2021-08-07,21725,9955837,16287,5455205,4869,4084053,569,416579,13549,951340,0.109347,8043,4702484,0.540502,14131,5653824,0.649848,8700223
1,2021-08-08,10514,9966351,7678,5462883,2636,4086689,200,416779,6841,954789,0.109743,3601,4706085,0.540915,7050,5660874,0.650658,8700223
1,2021-08-09,27826,9994177,20849,5483732,6171,4092860,806,417585,17212,962421,0.11062,10420,4716505,0.542113,18052,5678926,0.652733,8700223
1,2021-08-10,29234,10023411,21490,5505222,6877,4099737,867,418452,17430,969175,0.111397,11596,4728101,0.543446,18350,5697276,0.654843,8700223
1,2021-08-11,26894,10050305,19808,5525030,6175,4105912,911,419363,15859,975146,0.112083,10826,4738927,0.54469,16797,5714073,0.656773,8700223
1,2021-08-12,28522,10078827,20506,5545536,6984,4112896,1032,420395,17045,982054,0.112877,11190,4750117,0.545976,18098,5732171,0.658853,8700223
1,2021-08-13,35753,10114580,26008,5571544,8710,4121606,1035,421430,20833,989350,0.113715,14618,4764735,0.547657,21914,5754085,0.661372,8700223
1,2021-08-14,23732,10138312,18021,5589565,5167,4126773,544,421974,13621,993871,0.114235,9662,4774397,0.548767,14183,5768268,0.663002,8700223
1,2021-08-15,10463,10148775,7710,5597275,2606,4129379,147,422121,6044,995966,0.114476,4117,4778514,0.54924,6212,5774480,0.663716,8700223
1,2021-08-16,28688,10177463,20347,5617622,7560,4136939,781,422902,15875,1000691,0.115019,11959,4790473,0.550615,16684,5791164,0.665634,8700223
1,2021-08-17,31185,10208648,22124,5639746,8168,4145107,893,423795,16434,1004223,0.115425,13834,4804307,0.552205,17366,5808530,0.66763,8700223
1,2021-08-18,31062,10239710,22314,5662060,7889,4152996,859,424654,15814,1006865,0.115729,14077,4818384,0.553823,16719,5825249,0.669552,8700223
1,2021-08-19,29958,10269668,21408,5683468,7598,4160594,952,425606,15287,1009671,0.116051,13470,4831854,0.555371,16276,5841525,0.671422,8700223
1,2021-08-20,36331,10305999,26444,5709912,9015,4169609,872,426478,18402,1012515,0.116378,16458,4848312,0.557263,19302,5860827,0.673641,8700223
1,2021-08-21,22242,10328241,16623,5726535,5081,4174690,538,427016,10824,1013195,0.116456,10700,4859012,0.558493,11380,5872207,0.674949,8700223
1,2021-08-22,3166,10331407,2309,5728844,722,4175412,135,427151,1458,1013182,0.116455,1614,4860626,0.558678,1601,5873808,0.675133,8700223
2,2020-12-15,262,262,262,262,0,0,0,0,262,262,3.1e-05,0,0,0.0,262,262,3.1e-05,8407551
2,2020-12-16,2265,2527,2265,2527,0,0,0,0,2265,2527,0.000301,0,0,0.0,2265,2527,0.000301,8407551
2,2020-12-17,6991,9518,6991,9518,0,0,0,0,6989,9516,0.001132,0,0,0.0,6989,9516,0.001132,8407551
2,2020-12-18,11169,20687,11148,20666,21,21,0,0,11172,20688,0.002461,0,0,0.0,11172,20688,0.002461,8407551
2,2020-12-19,5640,26327,5633,26299,7,28,0,0,5641,26329,0.003132,0,0,0.0,5641,26329,0.003132,8407551
2,2020-12-20,4262,30589,4247,30546,15,43,0,0,4257,30585,0.003638,1,1,0.0,4257,30586,0.003638,8407551
2,2020-12-21,12887,43476,12857,43403,30,73,0,0,12843,43428,0.005165,0,1,0.0,12843,43429,0.005165,8407551
2,2020-12-22,12257,55733,11730,55133,527,600,0,0,12256,55684,0.006623,0,1,0.0,12256,55685,0.006623,8407551
2,2020-12-23,11820,67553,9570,64703,2250,2850,0,0,11821,67504,0.008029,2,3,0.0,11822,67507,0.008029,8407551
2,2020-12-24,5933,73486,3509,68212,2424,5274,0,0,5929,73432,0.008734,3,6,1e-06,5931,73438,0.008735,8407551
2,2020-12-25,502,73988,418,68630,84,5358,0,0,505,73937,0.008794,0,6,1e-06,505,73943,0.008795,8407551
2,2020-12-26,2587,76575,1672,70302,915,6273,0,0,2588,76524,0.009102,1,7,1e-06,2588,76531,0.009103,8407551
2,2020-12-27,2247,78822,1221,71523,1026,7299,0,0,2244,78766,0.009368,2,9,1e-06,2244,78775,0.00937,8407551
2,2020-12-28,11159,89981,7243,78766,3916,11215,0,0,11159,89922,0.010695,3,12,1e-06,11159,89934,0.010697,8407551
2,2020-12-29,12989,102970,7308,86074,5681,16896,0,0,12995,102917,0.012241,0,12,1e-06,12995,102929,0.012242,8407551
2,2020-12-30,15754,118724,8848,94922,6906,23802,0,0,15749,118663,0.014114,5,17,2e-06,15751,118680,0.014116,8407551
2,2020-12-31,7635,126359,2846,97768,4789,28591,0,0,7627,126285,0.01502,5,22,3e-06,7627,126307,0.015023,8407551
2,2021-01-01,1422,127781,685,98453,737,29328,0,0,1418,127699,0.015189,4,26,3e-06,1418,127725,0.015192,8407551
2,2021-01-02,4891,132672,2786,101239,2105,31433,0,0,4887,132584,0.01577,2,28,3e-06,4887,132612,0.015773,8407551
2,2021-01-03,1432,134104,810,102049,622,32055,0,0,1424,134004,0.015939,4,32,4e-06,1424,134036,0.015942,8407551
2,2021-01-04,11816,145920,5629,107678,6187,38242,0,0,11803,145803,0.017342,4,36,4e-06,11803,145839,0.017346,8407551
2,2021-01-05,14035,159955,7035,114713,7000,45242,0,0,12789,157387,0.01872,1240,1276,0.000152,12824,158663,0.018871,8407551
2,2021-01-06,19257,179212,10651,125364,8606,53848,0,0,15300,168804,0.020078,3896,5172,0.000615,15313,173976,0.020693,8407551
2,2021-01-07,23463,202675,13225,138589,10238,64086,0,0,15731,176816,0.021031,7737,12909,0.001535,15749,189725,0.022566,8407551
2,2021-01-08,27117,229792,16354,154943,10763,74849,0,0,16682,183153,0.021784,10376,23285,0.00277,16713,206438,0.024554,8407551
2,2021-01-09,9910,239702,5798,160741,4112,78961,0,0,6319,185896,0.022111,3587,26872,0.003196,6330,212768,0.025307,8407551
2,2021-01-10,5368,245070,2990,163731,2378,81339,0,0,3094,186724,0.022209,2272,29144,0.003466,3100,215868,0.025675,8407551
2,2021-01-11,26211,271281,18125,181856,8086,89425,0,0,15027,190624,0.022673,11181,40325,0.004796,15081,230949,0.027469,8407551
2,2021-01-12,26580,297861,16517,198373,10063,99488,0,0,16858,197852,0.023533,9724,50049,0.005953,16952,247901,0.029486,8407551
2,2021-01-13,28781,326642,15275,213648,13506,112994,0,0,20712,210555,0.025044,8050,58099,0.00691,20753,268654,0.031954,8407551
2,2021-01-14,30763,357405,11781,225429,18982,131976,0,0,26428,232725,0.02768,4340,62439,0.007427,26510,295164,0.035107,8407551
2,2021-01-15,35285,392690,12780,238209,22505,154481,0,0,31951,261445,0.031096,3325,65764,0.007822,32045,327209,0.038918,8407551
2,2021-01-16,18404,411094,6152,244361,12252,166733,0,0,16979,276994,0.032946,1440,67204,0.007993,16989,344198,0.040939,8407551
2,2021-01-17,10612,421706,3584,247945,7028,173761,0,0,9858,286094,0.034028,769,67973,0.008085,9869,354067,0.042113,8407551
2,2021-01-18,19893,441599,11126,259071,8767,182528,0,0,15000,296250,0.035236,4910,72883,0.008669,15066,369133,0.043905,8407551
2,2021-01-19,32913,474512,17119,276190,15794,198322,0,0,24698,312851,0.037211,8213,81096,0.009646,24814,393947,0.046856,8407551
2,2021-01-20,37823,512335,19059,295249,18764,217086,0,0,29104,333359,0.03965,8691,89787,0.010679,29199,423146,0.050329,8407551
2,2021-01-21,41332,553667,17592,312841,23740,240826,0,0,36720,365692,0.043496,4578,94365,0.011224,36911,460057,0.05472,8407551
2,2021-01-22,39839,593506,16647,329488,23192,264018,0,0,36429,398719,0.047424,3430,97795,0.011632,36457,496514,0.059056,8407551
2,2021-01-23,24335,617841,10827,340315,13508,277526,0,0,21335,417109,0.049611,2977,100772,0.011986,21367,517881,0.061597,8407551
2,2021-01-24,12515,630356,6131,346446,6384,283910,0,0,11582,427793,0.050882,917,101689,0.012095,11601,529482,0.062977,8407551
2,2021-01-25,34183,664539,15720,362166,18463,302373,0,0,25230,444273,0.052842,8900,110589,0.013154,25380,554862,0.065996,8407551
2,2021-01-26,40649,705188,19884,382050,20765,323138,0,0,31288,466320,0.055464,9332,119921,0.014263,31379,586241,0.069728,8407551
2,2021-01-27,45968,751156,22781,404831,23187,346325,0,0,35476,491495,0.058459,10368,130289,0.015497,35543,621784,0.073955,8407551
2,2021-01-28,48385,799541,22577,427408,25808,372133,0,0,39517,522295,0.062122,8798,139087,0.016543,39598,661382,0.078665,8407551
2,2021-01-29,46006,845547,22130,449538,23876,396009,0,0,37098,550693,0.0655,8780,147867,0.017587,37178,698560,0.083087,8407551
2,2021-01-30,31538,877085,13363,462901,18175,414184,0,0,28089,575418,0.068441,3408,151275,0.017993,28133,726693,0.086433,8407551
2,2021-01-31,17322,894407,10231,473132,7091,421275,0,0,16090,590322,0.070213,1210,152485,0.018137,16114,742807,0.08835,8407551
2,2021-02-01,41621,936028,19932,493064,21689,442964,0,0,30351,609513,0.072496,11207,163692,0.01947,30398,773205,0.091966,8407551
2,2021-02-02,48258,984286,19623,512687,28635,471599,0,0,36581,634617,0.075482,11578,175270,0.020847,36682,809887,0.096329,8407551
2,2021-02-03,54361,1038647,23907,536594,30454,502053,0,0,39979,660420,0.078551,14278,189548,0.022545,40081,849968,0.101096,8407551
2,2021-02-04,56569,1095216,24274,560868,32295,534348,0,0,41117,686301,0.081629,15341,204889,0.02437,41222,891190,0.105999,8407551
2,2021-02-05,60641,1155857,26340,587208,34301,568649,0,0,40911,707899,0.084198,19512,224401,0.02669,41110,932300,0.110888,8407551
2,2021-02-06,39628,1195485,18435,605643,21193,589842,0,0,31504,731469,0.087001,8044,232445,0.027647,31614,963914,0.114649,8407551
2,2021-02-07,15784,1211269,10449,616092,5335,595177,0,0,11950,739692,0.087979,3800,236245,0.028099,12023,975937,0.116079,8407551
2,2021-02-08,43308,1254577,21944,638036,21364,616541,0,0,29609,755971,0.089916,13547,249792,0.02971,29826,1005763,0.119626,8407551
2,2021-02-09,49844,1304421,23528,661564,26316,642857,0,0,30741,768281,0.09138,18796,268588,0.031946,31106,1036869,0.123326,8407551
2,2021-02-10,59874,1364295,27999,689563,31875,674732,0,0,34503,778086,0.092546,25074,293662,0.034928,34879,1071748,0.127474,8407551
2,2021-02-11,64616,1428911,29691,719254,34925,709657,0,0,35922,786219,0.093513,28313,321975,0.038296,36446,1108194,0.131809,8407551
2,2021-02-12,66311,1495222,28600,747854,37711,747368,0,0,35390,791684,0.094163,30601,352576,0.041936,36066,1144260,0.136099,8407551
2,2021-02-13,38305,1533527,15947,763801,22358,769726,0,0,22053,797976,0.094912,16144,368720,0.043856,22436,1166696,0.138768,8407551
2,2021-02-14,20221,1553748,9414,773215,10807,780533,0,0,11216,800619,0.095226,8947,377667,0.04492,11590,1178286,0.140146,8407551
2,2021-02-15,33481,1587229,15055,788270,18426,798959,0,0,18521,805196,0.095771,14814,392481,0.046682,19391,1197677,0.142453,8407551
2,2021-02-16,56697,1643926,27766,816036,28931,827890,0,0,29779,808873,0.096208,26793,419274,0.049869,30470,1228147,0.146077,8407551
2,2021-02-17,62099,1706025,31928,847964,30171,858061,0,0,30756,809214,0.096248,31238,450512,0.053584,31579,1259726,0.149833,8407551
2,2021-02-18,66726,1772751,33629,881593,33097,891158,0,0,32417,808755,0.096194,34032,484544,0.057632,33573,1293299,0.153826,8407551
2,2021-02-19,60085,1832836,33218,914811,26867,918025,0,0,29765,809002,0.096223,30111,514655,0.061213,30358,1323657,0.157437,8407551
2,2021-02-20,38034,1870870,24648,939459,13386,931411,0,0,20607,812998,0.096699,17313,531968,0.063273,21309,1344966,0.159971,8407551
2,2021-02-21,21919,1892789,17707,957166,4212,935623,0,0,10805,813637,0.096775,11004,542972,0.064581,11643,1356609,0.161356,8407551
2,2021-02-22,39836,1932625,27215,984381,12621,948244,0,0,18863,812404,0.096628,20807,563779,0.067056,19574,1376183,0.163684,8407551
2,2021-02-23,54222,1986847,27665,1012046,26557,974801,0,0,23760,807899,0.096092,30181,593960,0.070646,25676,1401859,0.166738,8407551
2,2021-02-24,71619,2058466,36838,1048884,34781,1009582,0,0,32770,804465,0.095684,38615,632575,0.075239,35181,1437040,0.170923,8407551
2,2021-02-25,77646,2136112,36723,1085607,40923,1050505,0,0,39343,808656,0.096182,38015,670590,0.07976,42206,1479246,0.175943,8407551
2,2021-02-26,86258,2222370,36974,1122581,49284,1099789,0,0,46312,817563,0.097242,39616,710206,0.084472,48523,1527769,0.181714,8407551
2,2021-02-27,63169,2285539,29334,1151915,33827,1133616,8,8,34135,824274,0.09804,28778,738984,0.087895,35489,1563258,0.185935,8407551
2,2021-02-28,31136,2316675,18629,1170544,12506,1146122,1,9,18015,830163,0.09874,12982,751966,0.089439,18871,1582129,0.18818,8407551
2,2021-03-01,59301,2375976,30899,1201443,28326,1174448,76,85,32306,837127,0.099568,26658,778624,0.09261,33622,1615751,0.192179,8407551
2,2021-03-02,70957,2446933,34066,1235509,36876,1211324,15,100,39697,848156,0.10088,31058,809682,0.096304,42087,1657838,0.197184,8407551
2,2021-03-03,82024,2528957,39531,1275040,42473,1253797,20,120,46252,861548,0.102473,35532,845214,0.10053,48924,1706762,0.203003,8407551
2,2021-03-04,89845,2618802,44026,1319066,45786,1299583,33,153,51402,877219,0.104337,38177,883391,0.105071,53848,1760610,0.209408,8407551
2,2021-03-05,83514,2702316,39147,1358213,44046,1343629,321,474,50646,897975,0.106806,32612,916003,0.10895,53368,1813978,0.215756,8407551
2,2021-03-06,63622,2765938,31050,1389263,30855,1374484,1717,2191,38971,915585,0.1089,24507,940510,0.111865,42117,1856095,0.220765,8407551
2,2021-03-07,28846,2794784,16372,1405635,10923,1385407,1551,3742,18245,925981,0.110137,10521,951031,0.113116,20917,1877012,0.223253,8407551
2,2021-03-08,51206,2845990,23466,1429101,25164,1410571,2576,6318,32145,943399,0.112209,18937,969968,0.115369,36355,1913367,0.227577,8407551
2,2021-03-09,71124,2917114,32374,1461475,34874,1445445,3876,10194,39342,956328,0.113746,31628,1001596,0.119131,44557,1957924,0.232877,8407551
2,2021-03-10,79071,2996185,37380,1498855,35094,1480539,6597,16791,41892,969187,0.115276,36943,1038539,0.123525,49802,2007726,0.2388,8407551
2,2021-03-11,93768,3089953,43277,1542132,42083,1522622,8408,25199,48855,983235,0.116947,44582,1083121,0.128827,58630,2066356,0.245774,8407551
2,2021-03-12,94730,3184683,39012,1581144,43716,1566338,12002,37201,46983,996098,0.118477,47476,1130597,0.134474,60339,2126695,0.252951,8407551
2,2021-03-13,69566,3254249,29096,1610240,32442,1598780,8028,45229,38139,1012247,0.120397,31275,1161872,0.138194,47424,2174119,0.258591,8407551
2,2021-03-14,37140,3291389,18364,1628604,14254,1613034,4522,49751,18649,1017768,0.121054,18380,1180252,0.14038,23901,2198020,0.261434,8407551
2,2021-03-15,67833,3359222,30636,1659240,32176,1645210,5021,54772,37327,1030946,0.122621,30265,1210517,0.14398,43443,2241463,0.266601,8407551
2,2021-03-16,86798,3446020,38446,1697686,44313,1689523,4039,58811,52324,1054171,0.125384,34255,1244772,0.148054,57480,2298943,0.273438,8407551
2,2021-03-17,93436,3539456,44775,1742461,44450,1733973,4211,63022,59151,1084339,0.128972,33991,1278763,0.152097,64159,2363102,0.281069,8407551
2,2021-03-18,98744,3638200,47122,1789583,46991,1780964,4631,67653,59840,1110793,0.132118,38559,1317322,0.156683,65013,2428115,0.288802,8407551
2,2021-03-19,98034,3736234,46437,1836020,45428,1826392,6169,73822,57817,1135383,0.135043,39888,1357210,0.161428,64478,2492593,0.296471,8407551
2,2021-03-20,70407,3806641,34096,1870116,32304,1858696,4007,77829,45855,1161283,0.138124,24301,1381511,0.164318,50201,2542794,0.302442,8407551
2,2021-03-21,33785,3840426,21753,1891869,10024,1868720,2008,79837,20181,1170467,0.139216,13437,1394948,0.165916,22621,2565415,0.305132,8407551
2,2021-03-22,63258,3903684,34825,1926694,25787,1894507,2646,82483,41802,1194612,0.142088,21198,1416146,0.168437,45343,2610758,0.310525,8407551
2,2021-03-23,84354,3988038,44831,1971525,36589,1931096,2934,85417,52285,1218904,0.144977,31764,1447910,0.172215,56056,2666814,0.317193,8407551
2,2021-03-24,92374,4080412,49633,2021158,39558,1970654,3183,88600,53828,1238544,0.147313,38186,1486096,0.176757,57826,2724640,0.324071,8407551
2,2021-03-25,102055,4182467,51477,2072635,46645,2017299,3933,92533,57290,1256159,0.149408,44376,1530472,0.182035,61991,2786631,0.331444,8407551
2,2021-03-26,104106,4286573,51595,2124230,49011,2066310,3500,96033,56529,1270060,0.151062,47163,1577635,0.187645,61064,2847695,0.338707,8407551
2,2021-03-27,76135,4362708,38000,2162230,34819,2101129,3316,99349,37907,1274200,0.151554,37947,1615582,0.192158,42087,2889782,0.343713,8407551
2,2021-03-28,38020,4400728,23491,2185721,13716,2114845,813,100162,20223,1278439,0.152058,17651,1633233,0.194258,21890,2911672,0.346316,8407551
2,2021-03-29,72183,4472911,36671,2222392,33228,2148073,2284,102446,40740,1291245,0.153582,31205,1664438,0.197969,44011,2955683,0.351551,8407551
2,2021-03-30,92701,4565612,45409,2267801,42902,2190975,4390,106836,51760,1307317,0.155493,40706,1705144,0.202811,56778,3012461,0.358304,8407551
2,2021-03-31,101820,4667432,52484,2320285,44202,2235177,5134,111970,57500,1326344,0.157756,43984,1749128,0.208043,63011,3075472,0.365799,8407551
2,2021-04-01,118572,4786004,57267,2377552,51970,2287147,9335,121305,64282,1346524,0.160157,53828,1802956,0.214445,74008,3149480,0.374601,8407551
2,2021-04-02,112362,4898366,51761,2429313,50339,2337486,10262,131567,59982,1365265,0.162386,51954,1854910,0.220624,70695,3220175,0.38301,8407551
2,2021-04-03,77208,4975574,37945,2467258,29378,2366864,9885,141452,38189,1374907,0.163532,38794,1893704,0.225238,48436,3268611,0.388771,8407551
2,2021-04-04,29139,5004713,14998,2482256,10260,2377124,3881,145333,13058,1375903,0.163651,15964,1909668,0.227137,16960,3285571,0.390788,8407551
2,2021-04-05,79708,5084421,39040,2521296,31765,2408889,8903,154236,38363,1382759,0.164466,41148,1950816,0.232031,48004,3333575,0.396498,8407551
2,2021-04-06,104521,5188942,50908,2572204,38837,2447726,14776,169012,49407,1392525,0.165628,54815,2005631,0.238551,64581,3398156,0.404179,8407551
2,2021-04-07,111260,5300202,55522,2627726,39387,2487113,16351,185363,52168,1402487,0.166813,58776,2064407,0.245542,68738,3466894,0.412355,8407551
2,2021-04-08,119925,5420127,57718,2685444,43364,2530477,18843,204206,55600,1413502,0.168123,63939,2128346,0.253147,74954,3541848,0.42127,8407551
2,2021-04-09,119486,5539613,57458,2742902,43787,2574264,18241,222447,56402,1426264,0.169641,62687,2191033,0.260603,75449,3617297,0.430244,8407551
2,2021-04-10,87942,5627555,37925,2780827,31514,2605778,18503,240950,36194,1430128,0.1701,51474,2242507,0.266725,55338,3672635,0.436826,8407551
2,2021-04-11,44640,5672195,23150,2803977,12985,2618763,8505,249455,18255,1431366,0.170248,26227,2268734,0.269845,27465,3700100,0.440092,8407551
2,2021-04-12,80500,5752695,37480,2841457,33539,2652302,9481,258936,35813,1433236,0.17047,44397,2313131,0.275125,46267,3746367,0.445596,8407551
2,2021-04-13,102344,5855039,53134,2894591,48943,2701245,267,259203,55904,1444161,0.17177,46142,2359273,0.280614,57067,3803434,0.452383,8407551
2,2021-04-14,107255,5962294,56195,2950786,51000,2752245,60,259263,54639,1448014,0.172228,52285,2411558,0.286832,56138,3859572,0.45906,8407551
2,2021-04-15,113613,6075907,60302,3011088,53213,2805458,98,259361,59150,1454292,0.172975,54046,2465604,0.293261,60324,3919896,0.466235,8407551
2,2021-04-16,111231,6187138,57666,3068754,53506,2858964,59,259420,56370,1457091,0.173307,54485,2520089,0.299741,57284,3977180,0.473049,8407551
2,2021-04-17,83836,6270974,42652,3111406,41168,2900132,16,259436,46759,1467932,0.174597,36804,2556893,0.304119,47645,4024825,0.478716,8407551
2,2021-04-18,36058,6307032,21912,3133318,14135,2914267,11,259447,17056,1467136,0.174502,18856,2575749,0.306361,18060,4042885,0.480864,8407551
2,2021-04-19,75125,6382157,40451,3173769,34655,2948922,19,259466,34068,1461068,0.17378,40770,2616519,0.311211,34702,4077587,0.484991,8407551
2,2021-04-20,97838,6479995,49494,3223263,48316,2997238,28,259494,47164,1458702,0.173499,50305,2666824,0.317194,47939,4125526,0.490693,8407551
2,2021-04-21,104294,6584289,56481,3279744,47743,3044981,70,259564,49155,1454277,0.172973,54631,2721455,0.323692,50206,4175732,0.496664,8407551
2,2021-04-22,108814,6693103,56296,3336040,52490,3097471,28,259592,47553,1441938,0.171505,60800,2782255,0.330923,48461,4224193,0.502428,8407551
2,2021-04-23,108414,6801517,57725,3393765,50670,3148141,19,259611,49994,1434900,0.170668,57980,2840235,0.33782,50942,4275135,0.508488,8407551
2,2021-04-24,81260,6882777,47834,3441599,33383,3181524,43,259654,42229,1439457,0.17121,38660,2878895,0.342418,43217,4318352,0.513628,8407551
2,2021-04-25,36729,6919506,22614,3464213,14098,3195622,17,259671,19943,1443261,0.171662,16628,2895523,0.344396,20432,4338784,0.516058,8407551
2,2021-04-26,74603,6994109,41347,3505560,32938,3228560,318,259989,34171,1439069,0.171164,40136,2935659,0.349169,35944,4374728,0.520333,8407551
2,2021-04-27,88672,7082781,46815,3552375,40483,3269043,1374,261363,37940,1429306,0.170003,50326,2985985,0.355155,40563,4415291,0.525158,8407551
2,2021-04-28,88642,7171423,47401,3599776,39361,3308404,1880,263243,39004,1421831,0.169114,49280,3035265,0.361017,41805,4457096,0.53013,8407551
2,2021-04-29,91639,7263062,49938,3649714,39981,3348385,1720,264963,35520,1403972,0.166989,55703,3090968,0.367642,37844,4494940,0.534631,8407551
2,2021-04-30,95277,7358339,52640,3702354,40624,3389009,2013,266976,36936,1385728,0.164819,57852,3148820,0.374523,39608,4534548,0.539342,8407551
2,2021-05-01,62992,7421331,38421,3740775,22967,3411976,1604,268580,24542,1374629,0.163499,38099,3186919,0.379054,27000,4561548,0.542554,8407551
2,2021-05-02,29396,7450727,20465,3761240,7953,3419929,978,269558,11157,1368760,0.162801,18093,3205012,0.381206,12224,4573772,0.544008,8407551
2,2021-05-03,60880,7511607,36159,3797399,22655,3442584,2066,271624,20405,1351311,0.160726,40183,3245195,0.385986,22734,4596506,0.546712,8407551
2,2021-05-04,80332,7591939,47964,3845363,29959,3472543,2409,274033,26026,1326199,0.157739,53936,3299131,0.392401,28824,4625330,0.55014,8407551
2,2021-05-05,80960,7672899,48239,3893602,30357,3502900,2364,276397,25295,1298973,0.154501,55253,3354384,0.398973,28027,4653357,0.553474,8407551
2,2021-05-06,83364,7756263,50632,3944234,29798,3532698,2934,279331,25344,1270366,0.151098,57516,3411900,0.405814,28909,4682266,0.556912,8407551
2,2021-05-07,84148,7840411,48586,3992820,33126,3565824,2436,281767,25849,1241217,0.147631,57883,3469783,0.412698,28734,4711000,0.56033,8407551
2,2021-05-08,55927,7896338,33924,4026744,20274,3586098,1729,283496,17476,1222947,0.145458,38204,3507987,0.417242,19934,4730934,0.562701,8407551
2,2021-05-09,21930,7918268,15790,4042534,5391,3591489,749,284245,6330,1214752,0.144483,15504,3523491,0.419086,7309,4738243,0.56357,8407551
2,2021-05-10,50503,7968771,27533,4070067,21078,3612567,1892,286137,14220,1195462,0.142189,36005,3559496,0.423369,16715,4754958,0.565558,8407551
2,2021-05-11,66621,8035392,36117,4106184,28365,3640932,2139,288276,20042,1172078,0.139408,46255,3605751,0.428871,22871,4777829,0.568278,8407551
2,2021-05-12,65528,8100920,34929,4141113,28361,3669293,2238,290514,19253,1148033,0.136548,45948,3651699,0.434336,21903,4799732,0.570883,8407551
2,2021-05-13,71354,8172274,41454,4182567,27947,3697240,1953,292467,26073,1131828,0.13462,44970,3696669,0.439684,28765,4828497,0.574305,8407551
2,2021-05-14,80323,8252597,48150,4230717,29897,3727137,2276,294743,30828,1116458,0.132792,49115,3745784,0.445526,33745,4862242,0.578318,8407551
2,2021-05-15,66831,8319428,43900,4274617,21208,3748345,1723,296466,25896,1103811,0.131288,40669,3786453,0.450363,28022,4890264,0.581651,8407551
2,2021-05-16,31817,8351245,23812,4298429,7079,3755424,926,297392,12942,1099079,0.130725,18732,3805185,0.452591,14000,4904264,0.583317,8407551
2,2021-05-17,58271,8409516,36925,4335354,19383,3774807,1963,299355,22935,1089267,0.129558,35076,3840261,0.456763,25264,4929528,0.586322,8407551
2,2021-05-18,70443,8479959,41214,4376568,27259,3802066,1970,301325,27919,1077460,0.128154,42236,3882497,0.461787,30429,4959957,0.589941,8407551
2,2021-05-19,69201,8549160,40954,4417522,26226,3828292,2021,303346,27356,1065791,0.126766,41517,3924014,0.466725,29848,4989805,0.593491,8407551
2,2021-05-20,69935,8619095,40594,4458116,27145,3855437,2196,305542,26588,1052180,0.125147,42998,3967012,0.471839,29387,5019192,0.596986,8407551
2,2021-05-21,73511,8692606,43417,4501533,27922,3883359,2172,307714,27933,1037642,0.123418,45204,4012216,0.477216,30666,5049858,0.600634,8407551
2,2021-05-22,53914,8746520,34236,4535769,17904,3901263,1774,309488,22494,1031277,0.122661,31175,4043391,0.480924,24810,5074668,0.603585,8407551
2,2021-05-23,24472,8770992,16697,4552466,7049,3908312,726,310214,10260,1028322,0.122309,14082,4057473,0.482599,11127,5085795,0.604908,8407551
2,2021-05-24,45219,8816211,25717,4578183,17713,3926025,1789,312003,17375,1020226,0.121346,27602,4085075,0.485882,19506,5105301,0.607228,8407551
2,2021-05-25,51159,8867370,29980,4608163,19305,3945330,1874,313877,19442,1010678,0.120211,31402,4116477,0.489617,21854,5127155,0.609827,8407551
2,2021-05-26,49022,8916392,27486,4635649,19844,3965174,1692,315569,19163,1002358,0.119221,29515,4145992,0.493127,21195,5148350,0.612348,8407551
2,2021-05-27,46814,8963206,26552,4662201,18525,3983699,1737,317306,18672,995382,0.118391,27889,4173881,0.496444,20913,5169263,0.614836,8407551
2,2021-05-28,50450,9013656,27904,4690105,20566,4004265,1980,319286,21151,989918,0.117742,29030,4202911,0.499897,23566,5192829,0.617639,8407551
2,2021-05-29,29128,9042784,17456,4707561,10609,4014874,1063,320349,13269,988735,0.117601,15694,4218605,0.501764,14511,5207340,0.619365,8407551
2,2021-05-30,12703,9055487,8186,4715747,3749,4018623,768,321117,5535,988002,0.117514,7102,4225707,0.502609,6369,5213709,0.620122,8407551
2,2021-05-31,5948,9061435,3488,4719235,2155,4020778,305,321422,1855,986180,0.117297,4030,4229737,0.503088,2208,5215917,0.620385,8407551
2,2021-06-01,45078,9106513,25899,4745134,17511,4038289,1668,323090,15666,974804,0.115944,29079,4258816,0.506547,17703,5233620,0.62249,8407551
2,2021-06-02,38353,9144866,22553,4767687,14378,4052667,1422,324512,14987,968421,0.115185,23094,4281910,0.509293,16711,5250331,0.624478,8407551
2,2021-06-03,41544,9186410,26753,4794440,13314,4065981,1477,325989,13973,956936,0.113819,27322,4309232,0.512543,15837,5266168,0.626362,8407551
2,2021-06-04,48208,9234618,31492,4825932,15171,4081152,1545,327534,15521,942155,0.112061,32371,4341603,0.516393,17590,5283758,0.628454,8407551
2,2021-06-05,38016,9272634,27138,4853070,9408,4090560,1470,329004,11824,929920,0.110605,25953,4367556,0.51948,13718,5297476,0.630086,8407551
2,2021-06-06,14953,9287587,12270,4865340,2104,4092664,579,329583,4653,925112,0.110033,10234,4377790,0.520697,5426,5302902,0.630731,8407551
2,2021-06-07,33367,9320954,23350,4888690,8736,4101400,1281,330864,10848,915119,0.108845,22362,4400152,0.523357,12369,5315271,0.632202,8407551
2,2021-06-08,40668,9361622,28776,4917466,10521,4111921,1371,332235,12454,901364,0.107209,27964,4428116,0.526683,14209,5329480,0.633892,8407551
2,2021-06-09,38182,9399804,26658,4944124,10024,4121945,1500,333735,11529,888265,0.105651,26455,4454571,0.52983,13356,5342836,0.635481,8407551
2,2021-06-10,37831,9437635,26312,4970436,9988,4131933,1531,335266,11582,875804,0.104169,26049,4480620,0.532928,13588,5356424,0.637097,8407551
2,2021-06-11,41405,9479040,27503,4997939,12227,4144160,1675,336941,13223,863090,0.102657,27915,4508535,0.536248,15201,5371625,0.638905,8407551
2,2021-06-12,29560,9508600,21770,5019709,6874,4151034,916,337857,8665,852152,0.101356,20751,4529286,0.538716,9813,5381438,0.640072,8407551
2,2021-06-13,12234,9520834,8936,5028645,2679,4153713,619,338476,3101,846971,0.100739,9069,4538355,0.539795,3888,5385326,0.640534,8407551
2,2021-06-14,29952,9550786,21257,5049902,7493,4161206,1202,339678,10327,839252,0.099821,19451,4557806,0.542109,11732,5397058,0.64193,8407551
2,2021-06-15,35784,9586570,23835,5073737,9894,4171100,2055,341733,12018,830199,0.098744,23505,4581311,0.544904,14452,5411510,0.643649,8407551
2,2021-06-16,33105,9619675,22858,5096595,8442,4179542,1805,343538,11405,822199,0.097793,21524,4602835,0.547464,13524,5425034,0.645257,8407551
2,2021-06-17,30963,9650638,20688,5117283,8471,4188013,1804,345342,10956,815340,0.096977,19827,4622662,0.549823,12968,5438002,0.6468,8407551
2,2021-06-18,34800,9685438,22934,5140217,9986,4197999,1880,347222,12629,808154,0.096122,21948,4644610,0.552433,14762,5452764,0.648556,8407551
2,2021-06-19,20982,9706420,14618,5154835,5104,4203103,1260,348482,7916,804627,0.095703,12901,4657511,0.553968,9374,5462138,0.649671,8407551
2,2021-06-20,8299,9714719,5935,5160770,1899,4205002,465,348947,3066,803038,0.095514,5190,4662701,0.554585,3601,5465739,0.650099,8407551
2,2021-06-21,19349,9734068,11841,5172611,6186,4211188,1322,350269,9870,805055,0.095754,9356,4672057,0.555698,11373,5477112,0.651452,8407551
2,2021-06-22,26913,9760981,18436,5191047,7096,4218284,1381,351650,10532,801033,0.095275,16208,4688265,0.557626,12186,5489298,0.652901,8407551
2,2021-06-23,25941,9786922,17907,5208954,6406,4224690,1628,353278,10552,798261,0.094946,15246,4703511,0.559439,12474,5501772,0.654385,8407551
2,2021-06-24,25370,9812292,17267,5226221,6580,4231270,1523,354801,10444,795687,0.09464,14773,4718284,0.561196,12199,5513971,0.655836,8407551
2,2021-06-25,28787,9841079,19506,5245727,7787,4239057,1494,356295,12002,792799,0.094296,16623,4734907,0.563173,13735,5527706,0.657469,8407551
2,2021-06-26,18668,9859747,13741,5259468,3994,4243051,933,357228,7604,790620,0.094037,10973,4745880,0.564478,8794,5536500,0.658515,8407551
2,2021-06-27,8806,9868553,6723,5266191,1634,4244685,449,357677,3524,789489,0.093902,5228,4751108,0.5651,4097,5540597,0.659002,8407551
2,2021-06-28,19825,9888378,15057,5281248,3524,4248209,1244,358921,8738,788704,0.093809,10957,4762065,0.566403,10172,5550769,0.660212,8407551
2,2021-06-29,22776,9911154,15851,5297099,5851,4254060,1074,359995,9729,786831,0.093586,12909,4774974,0.567939,11036,5561805,0.661525,8407551
2,2021-06-30,22003,9933157,15593,5312692,5386,4259446,1024,361019,9787,785801,0.093464,12071,4787045,0.569374,11041,5572846,0.662838,8407551
2,2021-07-01,19917,9953074,14060,5326752,4968,4264414,889,361908,8839,784784,0.093343,10948,4797993,0.570677,9931,5582777,0.664019,8407551
2,2021-07-02,22888,9975962,15770,5342522,6092,4270506,1026,362934,10123,783533,0.093194,12602,4810595,0.572176,11351,5594128,0.665369,8407551
2,2021-07-03,12537,9988499,9022,5351544,3041,4273547,474,363408,5726,783140,0.093147,6714,4817309,0.572974,6321,5600449,0.666121,8407551
2,2021-07-04,1013,9989512,596,5352140,350,4273897,67,363475,434,783097,0.093142,567,4817876,0.573042,524,5600973,0.666184,8407551
2,2021-07-05,11058,10000570,8095,5360235,2554,4276451,409,363884,5061,782763,0.093102,5932,4823808,0.573747,5598,5606571,0.666849,8407551
2,2021-07-06,23735,10024305,17226,5377461,5507,4281958,1002,364886,9165,778782,0.092629,14419,4838227,0.575462,10438,5617009,0.668091,8407551
2,2021-07-07,20570,10044875,14664,5392125,4803,4286761,1103,365989,8733,777185,0.092439,11695,4849922,0.576853,10098,5627107,0.669292,8407551
2,2021-07-08,19159,10064034,13340,5405465,4779,4291540,1040,367029,8059,775488,0.092237,10999,4860921,0.578161,9302,5636409,0.670398,8407551
2,2021-07-09,22480,10086514,15559,5421024,5668,4297208,1253,368282,9496,773590,0.092011,12846,4873767,0.579689,10948,5647357,0.671701,8407551
2,2021-07-10,14258,10100772,10510,5431534,3064,4300272,684,368966,6254,772776,0.091915,7911,4881678,0.58063,7097,5654454,0.672545,8407551
2,2021-07-11,6544,10107316,4811,5436345,1384,4301656,349,369315,3075,772846,0.091923,3425,4885103,0.581038,3495,5657949,0.67296,8407551
2,2021-07-12,18158,10125474,13346,5449691,3942,4305598,870,370185,7804,771479,0.09176,10240,4895343,0.582256,8873,5666822,0.674016,8407551
2,2021-07-13,19486,10144960,13749,5463440,4856,4310454,881,371066,8711,770636,0.09166,10629,4905972,0.58352,9786,5676608,0.67518,8407551
2,2021-07-14,18646,10163606,13300,5476740,4559,4315013,787,371853,8313,769744,0.091554,10203,4916175,0.584733,9311,5685919,0.676287,8407551
2,2021-07-15,18797,10182403,13626,5490366,4472,4319485,699,372552,8534,769049,0.091471,10143,4926318,0.58594,9448,5695367,0.677411,8407551
2,2021-07-16,22821,10205224,16415,5506781,5577,4325062,829,373381,10930,769253,0.091495,11760,4938078,0.587338,11964,5707331,0.678834,8407551
2,2021-07-17,14337,10219561,10438,5517219,3366,4328428,533,373914,6916,769505,0.091525,7331,4945409,0.58821,7583,5714914,0.679736,8407551
2,2021-07-18,6974,10226535,5206,5522425,1440,4329868,328,374242,3528,770026,0.091587,3403,4948812,0.588615,3924,5718838,0.680203,8407551
2,2021-07-19,18378,10244913,13690,5536115,3947,4333815,741,374983,9131,770951,0.091697,9130,4957942,0.589701,10055,5728893,0.681399,8407551
2,2021-07-20,20826,10265739,14817,5550932,5173,4338988,836,375819,10552,772417,0.091872,10140,4968082,0.590907,11606,5740499,0.682779,8407551
2,2021-07-21,20337,10286076,14784,5565716,4785,4343773,768,376587,10543,774253,0.09209,9671,4977753,0.592057,11507,5752006,0.684148,8407551
2,2021-07-22,20242,10306318,14458,5580174,4934,4348707,850,377437,10822,776823,0.092396,9276,4987029,0.593161,11846,5763852,0.685557,8407551
2,2021-07-23,24322,10330640,17021,5597195,6256,4354963,1045,378482,13238,780379,0.092819,10926,4997955,0.59446,14482,5778334,0.687279,8407551
2,2021-07-24,14753,10345393,10628,5607823,3631,4358594,494,378976,8242,782825,0.09311,6403,5004358,0.595222,8849,5787183,0.688332,8407551
2,2021-07-25,6674,10352067,4913,5612736,1621,4360215,140,379116,4940,786252,0.093517,1692,5006050,0.595423,5119,5792302,0.68894,8407551
2,2021-07-26,18924,10370991,13352,5626088,4802,4365017,770,379886,11990,792322,0.094239,6817,5012867,0.596234,12887,5805189,0.690473,8407551
2,2021-07-27,22748,10393739,16459,5642547,5433,4370450,856,380742,13334,797405,0.094844,9258,5022125,0.597335,14341,5819530,0.692179,8407551
2,2021-07-28,22577,10416316,16143,5658690,5532,4375982,902,381644,13359,802794,0.095485,9054,5031179,0.598412,14443,5833973,0.693897,8407551
2,2021-07-29,21355,10437671,15300,5673990,5139,4381121,916,382560,12903,808447,0.096157,8312,5039491,0.599401,13965,5847938,0.695558,8407551
2,2021-07-30,26172,10463843,18643,5692633,6574,4387695,955,383515,15673,814972,0.096933,10305,5049796,0.600626,16830,5864768,0.69756,8407551
2,2021-07-31,15721,10479564,11587,5704220,3625,4391320,509,384024,9517,819054,0.097419,6079,5055875,0.601349,10161,5874929,0.698768,8407551
2,2021-08-01,8019,10487583,6171,5710391,1678,4392998,170,384194,5258,821845,0.097751,2701,5058576,0.601671,5492,5880421,0.699421,8407551
2,2021-08-02,21212,10508795,15955,5726346,4502,4397500,755,384949,13462,828568,0.09855,7609,5066185,0.602576,14332,5894753,0.701126,8407551
2,2021-08-03,24013,10532808,17492,5743838,5509,4403009,1012,385961,14937,835718,0.099401,8928,5075113,0.603637,16078,5910831,0.703038,8407551
2,2021-08-04,22640,10555448,16759,5760597,5015,4408024,866,386827,14109,842401,0.100196,8389,5083502,0.604635,15072,5925903,0.704831,8407551
2,2021-08-05,23004,10578452,16893,5777490,5215,4413239,896,387723,14238,849054,0.100987,8594,5092096,0.605657,15247,5941150,0.706645,8407551
2,2021-08-06,27587,10606039,20198,5797688,6406,4419645,983,388706,16814,856391,0.10186,10584,5102680,0.606916,17921,5959071,0.708776,8407551
2,2021-08-07,16848,10622887,12520,5810208,3740,4423385,588,389294,10357,861036,0.102412,6382,5109062,0.607675,11027,5970098,0.710088,8407551
2,2021-08-08,9355,10632242,7083,5817291,2044,4425429,228,389522,5854,863746,0.102735,3414,5112476,0.608081,6124,5976222,0.710816,8407551
2,2021-08-09,23208,10655450,17798,5835089,4650,4430079,760,390282,14066,869714,0.103444,8985,5121461,0.60915,14953,5991175,0.712595,8407551
2,2021-08-10,24253,10679703,17871,5852960,5540,4435619,842,391124,14265,875147,0.104091,9813,5131274,0.610317,15246,6006421,0.714408,8407551
2,2021-08-11,21885,10701588,16337,5869297,4652,4440271,896,392020,12721,879872,0.104653,8988,5140262,0.611386,13713,6020134,0.716039,8407551
2,2021-08-12,23744,10725332,17013,5886310,5691,4445962,1040,393060,13864,885206,0.105287,9670,5149932,0.612537,15004,6035138,0.717824,8407551
2,2021-08-13,29613,10754945,21408,5907718,7181,4453143,1024,394084,17126,891354,0.106018,12134,5162066,0.61398,18282,6053420,0.719998,8407551
2,2021-08-14,18652,10773597,13747,5921465,4405,4457548,500,394584,10472,894868,0.106436,7593,5169659,0.614883,11107,6064527,0.721319,8407551
2,2021-08-15,9688,10783285,7260,5928725,2245,4459793,183,394767,5317,896488,0.106629,3950,5173609,0.615353,5570,6070097,0.721982,8407551
2,2021-08-16,24568,10807853,17404,5946129,6330,4466123,834,395601,12822,899777,0.10702,10512,5184121,0.616603,13801,6083898,0.723623,8407551
2,2021-08-17,25665,10833518,18203,5964332,6555,4472678,907,396508,12765,902100,0.107296,11472,5195593,0.617967,13795,6097693,0.725264,8407551
2,2021-08-18,25893,10859411,18422,5982754,6626,4479304,845,397353,12708,904303,0.107558,11492,5207085,0.619334,13695,6111388,0.726893,8407551
2,2021-08-19,25433,10884844,17630,6000384,6815,4486119,988,398341,12605,906957,0.107874,11052,5218137,0.620649,13706,6125094,0.728523,8407551
2,2021-08-20,31204,10916048,21990,6022374,8267,4494386,947,399288,14643,908443,0.108051,14240,5232377,0.622343,15726,6140820,0.730393,8407551
2,2021-08-21,18550,10934598,13716,6036090,4315,4498701,519,399807,8839,909270,0.108149,8665,5241042,0.623373,9492,6150312,0.731522,8407551
2,2021-08-22,2816,10937414,2069,6038159,562,4499263,185,399992,1304,909400,0.108165,1409,5242451,0.623541,1539,6151851,0.731705,8407551
3,2020-12-15,340,340,340,340,0,0,0,0,340,340,4.2e-05,0,0,0.0,340,340,4.2e-05,8129050
3,2020-12-16,2519,2859,2519,2859,0,0,0,0,2520,2860,0.000352,0,0,0.0,2520,2860,0.000352,8129050
3,2020-12-17,7937,10796,7937,10796,0,0,0,0,7937,10797,0.001328,0,0,0.0,7937,10797,0.001328,8129050
3,2020-12-18,13558,24354,13537,24333,21,21,0,0,13553,24350,0.002995,0,0,0.0,13553,24350,0.002995,8129050
3,2020-12-19,7279,31633,7266,31599,13,34,0,0,7338,31687,0.003898,1,1,0.0,7338,31688,0.003898,8129050
3,2020-12-20,5684,37317,5671,37270,13,47,0,0,5731,37417,0.004603,1,2,0.0,5731,37419,0.004603,8129050
3,2020-12-21,14461,51778,14433,51703,28,75,0,0,14525,51941,0.00639,1,3,0.0,14525,51944,0.00639,8129050
3,2020-12-22,14937,66715,14337,66040,600,675,0,0,14974,66912,0.008231,3,6,1e-06,14974,66918,0.008232,8129050
3,2020-12-23,14979,81694,12335,78375,2644,3319,0,0,14995,81906,0.010076,2,8,1e-06,14996,81914,0.010077,8129050
3,2020-12-24,6831,88525,4886,83261,1945,5264,0,0,6828,88732,0.010915,2,10,1e-06,6828,88742,0.010917,8129050
3,2020-12-25,738,89263,677,83938,61,5325,0,0,735,89467,0.011006,0,10,1e-06,735,89477,0.011007,8129050
3,2020-12-26,4649,93912,3014,86952,1635,6960,0,0,4647,94114,0.011577,0,10,1e-06,4647,94124,0.011579,8129050
3,2020-12-27,3023,96935,1870,88822,1153,8113,0,0,3023,97137,0.011949,0,10,1e-06,3023,97147,0.011951,8129050
3,2020-12-28,13781,110716,8816,97638,4965,13078,0,0,13803,110938,0.013647,2,12,1e-06,13803,110950,0.013649,8129050
3,2020-12-29,15437,126153,8744,106382,6693,19771,0,0,15463,126399,0.015549,2,14,2e-06,15463,126413,0.015551,8129050
3,2020-12-30,18412,144565,10327,116709,8085,27856,0,0,18418,144816,0.017815,2,16,2e-06,18419,144832,0.017817,8129050
3,2020-12-31,8522,153087,3259,119968,5263,33119,0,0,8522,153336,0.018863,2,18,2e-06,8522,153354,0.018865,8129050
3,2021-01-01,1833,154920,880,120848,953,34072,0,0,1828,155163,0.019087,1,19,2e-06,1828,155182,0.01909,8129050
3,2021-01-02,4985,159905,2451,123299,2534,36606,0,0,4984,160147,0.019701,0,19,2e-06,4984,160166,0.019703,8129050
3,2021-01-03,1636,161541,862,124161,774,37380,0,0,1627,161772,0.0199,2,21,3e-06,1627,161793,0.019903,8129050
3,2021-01-04,12169,173710,6047,130208,6122,43502,0,0,12139,173902,0.021393,9,30,4e-06,12139,173932,0.021396,8129050
3,2021-01-05,15907,189617,8262,138470,7645,51147,0,0,14198,186441,0.022935,1692,1722,0.000212,14231,188163,0.023147,8129050
3,2021-01-06,20759,210376,11015,149485,9744,60891,0,0,16132,198006,0.024358,4578,6300,0.000775,16143,204306,0.025133,8129050
3,2021-01-07,26849,237225,15371,164856,11478,72369,0,0,17281,205778,0.025314,9529,15829,0.001947,17301,221607,0.027261,8129050
3,2021-01-08,30897,268122,18888,183744,12009,84378,0,0,18297,211528,0.026021,12575,28404,0.003494,18325,239932,0.029515,8129050
3,2021-01-09,12554,280676,7089,190833,5465,89843,0,0,8006,215002,0.026449,4541,32945,0.004053,8015,247947,0.030501,8129050
3,2021-01-10,7272,287948,4508,195341,2764,92607,0,0,4099,215938,0.026564,3171,36116,0.004443,4107,252054,0.031007,8129050
3,2021-01-11,29363,317311,19234,214575,10129,102736,0,0,16615,219867,0.027047,12736,48852,0.00601,16665,268719,0.033057,8129050
3,2021-01-12,32847,350158,19597,234172,13250,115986,0,0,20123,227441,0.027979,12701,61553,0.007572,20275,288994,0.035551,8129050
3,2021-01-13,34828,384986,18194,252366,16634,132620,0,0,24520,241704,0.029733,10288,71841,0.008838,24551,313545,0.038571,8129050
3,2021-01-14,34976,419962,14294,266660,20682,153302,0,0,29014,264838,0.032579,5922,77763,0.009566,29056,342601,0.042145,8129050
3,2021-01-15,39322,459284,14582,281242,24740,178042,0,0,34578,294775,0.036262,4719,82482,0.010147,34656,377257,0.046408,8129050
3,2021-01-16,22031,481315,7509,288751,14522,192564,0,0,19646,312070,0.038389,2374,84856,0.010439,19669,396926,0.048828,8129050
3,2021-01-17,13212,494527,4491,293242,8721,201285,0,0,12117,323111,0.039748,1094,85950,0.010573,12135,409061,0.050321,8129050
3,2021-01-18,24984,519511,13056,306298,11928,213213,0,0,19276,336741,0.041424,5696,91646,0.011274,19326,428387,0.052698,8129050
3,2021-01-19,41535,561046,21105,327403,20430,233643,0,0,32120,359577,0.044234,9375,101021,0.012427,32211,460598,0.056661,8129050
3,2021-01-20,46529,607575,23172,350575,23357,257000,0,0,36813,386810,0.047584,9667,110688,0.013616,36900,497498,0.0612,8129050
3,2021-01-21,48505,656080,21047,371622,27458,284458,0,0,42867,424196,0.052183,5569,116257,0.014301,42955,540453,0.066484,8129050
3,2021-01-22,50136,706216,19968,391590,30168,314626,0,0,45814,465797,0.0573,4289,120546,0.014829,45890,586343,0.072129,8129050
3,2021-01-23,30640,736856,12876,404466,17764,332390,0,0,27312,489854,0.06026,3317,123863,0.015237,27374,613717,0.075497,8129050
3,2021-01-24,18070,754926,8531,412997,9539,341929,0,0,16871,505562,0.062192,1195,125058,0.015384,16903,630620,0.077576,8129050
3,2021-01-25,41236,796162,18383,431380,22853,364782,0,0,31101,526654,0.064787,10105,135163,0.016627,31197,661817,0.081414,8129050
3,2021-01-26,47689,843851,22782,454162,24907,389689,0,0,37329,553767,0.068122,10327,145490,0.017898,37440,699257,0.08602,8129050
3,2021-01-27,51962,895813,24714,478876,27248,416937,0,0,41132,584224,0.071869,10761,156251,0.019221,41218,740475,0.09109,8129050
3,2021-01-28,52599,948412,24378,503254,28221,445158,0,0,43518,618809,0.076123,8994,165245,0.020328,43579,784054,0.096451,8129050
3,2021-01-29,51621,1000033,24686,527940,26935,472093,0,0,41720,650860,0.080066,9720,174965,0.021523,41771,825825,0.101589,8129050
3,2021-01-30,37825,1037858,17814,545754,20011,492104,0,0,33067,679319,0.083567,4702,179667,0.022102,33161,858986,0.105669,8129050
3,2021-01-31,22889,1060747,12862,558616,10027,502131,0,0,21445,699363,0.086033,1426,181093,0.022277,21470,880456,0.10831,8129050
3,2021-02-01,46588,1107335,21318,579934,25270,527401,0,0,35492,723866,0.089047,11032,192125,0.023634,35535,915991,0.112681,8129050
3,2021-02-02,54989,1162324,22944,602878,32045,559446,0,0,42384,753802,0.092729,12502,204627,0.025172,42438,958429,0.117902,8129050
3,2021-02-03,60485,1222809,26867,629745,33618,593064,0,0,44943,783416,0.096372,15406,220033,0.027067,45020,1003449,0.12344,8129050
3,2021-02-04,64897,1287706,28098,657843,36799,629863,0,0,47507,813858,0.100117,17192,237225,0.029182,47634,1051083,0.1293,8129050
3,2021-02-05,71179,1358885,29980,687823,41199,671062,0,0,49160,841463,0.103513,21776,259001,0.031861,49381,1100464,0.135374,8129050
3,2021-02-06,44030,1402915,21070,708893,22960,694022,0,0,34286,866249,0.106562,9695,268696,0.033054,34481,1134945,0.139616,8129050
3,2021-02-07,19906,1422821,12666,721559,7240,701262,0,0,15278,877047,0.10789,4609,273305,0.033621,15407,1150352,0.141511,8129050
3,2021-02-08,51929,1474750,25063,746622,26866,728128,0,0,34014,893488,0.109913,17774,291079,0.035807,34215,1184567,0.14572,8129050
3,2021-02-09,59220,1533970,28671,775293,30549,758677,0,0,34593,904092,0.111217,24348,315427,0.038802,34952,1219519,0.15002,8129050
3,2021-02-10,68869,1602839,32062,807355,36807,795484,0,0,36869,909789,0.111918,31699,347126,0.042702,37396,1256915,0.15462,8129050
3,2021-02-11,71301,1674140,35015,842370,36286,831770,0,0,37831,915062,0.112567,33116,380242,0.046776,38389,1295304,0.159343,8129050
3,2021-02-12,76294,1750434,32787,875157,43507,875277,0,0,42082,924023,0.113669,33902,414144,0.050946,42863,1338167,0.164615,8129050
3,2021-02-13,45533,1795967,20609,895766,24924,900201,0,0,26081,931365,0.114572,19333,433477,0.053324,26675,1364842,0.167897,8129050
3,2021-02-14,27588,1823555,13756,909522,13832,914033,0,0,15292,934898,0.115007,12228,445705,0.054829,15761,1380603,0.169836,8129050
3,2021-02-15,40554,1864109,17474,926996,23080,937113,0,0,22354,940129,0.115651,18081,463786,0.057053,23312,1403915,0.172703,8129050
3,2021-02-16,70872,1934981,33525,960521,37347,974460,0,0,36693,943847,0.116108,34029,497815,0.061239,37747,1441662,0.177347,8129050
3,2021-02-17,72663,2007644,36689,997210,35974,1010434,0,0,34356,941218,0.115785,38059,535874,0.065921,35430,1477092,0.181705,8129050
3,2021-02-18,77826,2085470,40638,1037848,37188,1047622,0,0,35887,936738,0.115233,41723,577597,0.071053,37243,1514335,0.186287,8129050
3,2021-02-19,69893,2155363,40275,1078123,29618,1077240,0,0,35215,938128,0.115404,34504,612101,0.075298,35894,1550229,0.190702,8129050
3,2021-02-20,43491,2198854,27430,1105553,16061,1093301,0,0,22603,940507,0.115697,20762,632863,0.077852,23141,1573370,0.193549,8129050
3,2021-02-21,24483,2223337,19658,1125211,4825,1098126,0,0,11786,940121,0.11565,12591,645454,0.079401,12205,1585575,0.19505,8129050
3,2021-02-22,47955,2271292,31221,1156432,16734,1114860,0,0,22422,937674,0.115349,25373,670827,0.082522,22926,1608501,0.197871,8129050
3,2021-02-23,64090,2335382,34806,1191238,29284,1144144,0,0,27871,931593,0.1146,35969,706796,0.086947,29888,1638389,0.201547,8129050
3,2021-02-24,80311,2415693,39473,1230711,40838,1184982,0,0,35309,924726,0.113756,44732,751528,0.09245,37865,1676254,0.206205,8129050
3,2021-02-25,90034,2505727,43872,1274583,46162,1231144,0,0,44676,926995,0.114035,45035,796563,0.09799,47304,1723558,0.212025,8129050
3,2021-02-26,101075,2606802,46219,1320802,54856,1286000,0,0,53138,934876,0.115004,47493,844056,0.103832,55374,1778932,0.218836,8129050
3,2021-02-27,71676,2678478,32916,1353718,38756,1324756,4,4,37568,939920,0.115625,33859,877915,0.107997,38903,1817835,0.223622,8129050
3,2021-02-28,41804,2720282,24143,1377861,17656,1342412,5,9,21147,941603,0.115832,20443,898358,0.110512,22126,1839961,0.226344,8129050
3,2021-03-01,70737,2791019,37488,1415349,33194,1375606,55,64,39258,951087,0.116999,31210,929568,0.114351,40694,1880655,0.23135,8129050
3,2021-03-02,82148,2873167,40510,1455859,41624,1417230,14,78,47297,965869,0.118817,34670,964238,0.118616,49452,1930107,0.237433,8129050
3,2021-03-03,92082,2965249,44073,1499932,47972,1465202,37,115,51346,979088,0.120443,40478,1004716,0.123596,53697,1983804,0.244039,8129050
3,2021-03-04,96574,3061823,47236,1547168,49313,1514515,25,140,54575,994281,0.122312,41730,1046446,0.128729,56923,2040727,0.251041,8129050
3,2021-03-05,92879,3154702,45361,1592529,47217,1561732,301,441,56036,1016341,0.125026,36541,1082987,0.133224,58601,2099328,0.25825,8129050
3,2021-03-06,66458,3221160,33685,1626214,30604,1592336,2169,2610,37857,1029392,0.126631,28434,1111421,0.136722,41485,2140813,0.263353,8129050
3,2021-03-07,39493,3260653,22783,1648997,14792,1607128,1918,4528,22184,1037427,0.12762,17225,1128646,0.138841,25260,2166073,0.266461,8129050
3,2021-03-08,60637,3321290,28872,1677869,28740,1635868,3025,7553,38311,1058142,0.130168,22147,1150793,0.141565,42862,2208935,0.271733,8129050
3,2021-03-09,77946,3399236,35988,1713857,37461,1673329,4497,12050,41832,1069658,0.131585,35941,1186734,0.145987,47457,2256392,0.277571,8129050
3,2021-03-10,84071,3483307,41826,1755683,36081,1709410,6164,18214,43852,1081064,0.132988,39973,1226707,0.150904,51379,2307771,0.283892,8129050
3,2021-03-11,98310,3581617,48106,1803789,41518,1750928,8686,26900,48043,1088859,0.133947,49965,1276672,0.157051,57760,2365531,0.290997,8129050
3,2021-03-12,103027,3684644,46025,1849814,45068,1795996,11934,38834,46997,1093070,0.134465,55757,1332429,0.16391,59968,2425499,0.298374,8129050
3,2021-03-13,71031,3755675,29912,1879726,33812,1829808,7307,46141,37494,1105782,0.136028,33381,1365810,0.168016,46093,2471592,0.304044,8129050
3,2021-03-14,41580,3797255,21711,1901437,16292,1846100,3577,49718,20940,1110372,0.136593,20539,1386349,0.170543,25129,2496721,0.307136,8129050
3,2021-03-15,76379,3873634,36222,1937659,35568,1881668,4589,54307,40211,1120229,0.137806,35908,1422257,0.17496,45765,2542486,0.312765,8129050
3,2021-03-16,95850,3969484,44209,1981868,47264,1928932,4377,58684,53777,1137469,0.139926,41794,1464051,0.180101,59034,2601520,0.320028,8129050
3,2021-03-17,99193,4068677,48170,2030038,46446,1975378,4577,63261,60115,1163980,0.143188,38810,1502861,0.184875,65321,2666841,0.328063,8129050
3,2021-03-18,104564,4173241,53113,2083151,46850,2022228,4601,67862,59786,1184431,0.145703,44454,1547315,0.190344,64905,2731746,0.336047,8129050
3,2021-03-19,104145,4277386,55906,2139057,43740,2065968,4499,72361,57860,1201337,0.147783,45973,1593288,0.195999,62879,2794625,0.343782,8129050
3,2021-03-20,72523,4349909,37375,2176432,31433,2097401,3715,76076,44539,1222298,0.150362,27752,1621040,0.199413,48713,2843338,0.349775,8129050
3,2021-03-21,36605,4386514,24860,2201292,10224,2107625,1521,77597,21971,1231761,0.151526,14508,1635548,0.201198,23971,2867309,0.352724,8129050
3,2021-03-22,71144,4457658,41808,2243100,26799,2134424,2537,80134,45155,1254742,0.154353,25719,1661267,0.204362,48700,2916009,0.358715,8129050
3,2021-03-23,90606,4548264,50121,2293221,37897,2172321,2588,82722,55134,1277982,0.157212,35174,1696441,0.208689,58414,2974423,0.3659,8129050
3,2021-03-24,99557,4647821,57291,2350512,39306,2211627,2960,85682,56210,1294792,0.15928,42951,1739392,0.213972,59761,3034184,0.373252,8129050
3,2021-03-25,108322,4756143,60150,2410662,45133,2256760,3039,88721,60551,1311622,0.16135,47390,1786782,0.219802,64220,3098404,0.381152,8129050
3,2021-03-26,111699,4867842,59907,2470569,48416,2305176,3376,92097,57113,1318730,0.162224,54209,1840991,0.226471,61317,3159721,0.388695,8129050
3,2021-03-27,75232,4943074,38248,2508817,34423,2339599,2561,94658,36168,1319314,0.162296,38804,1879795,0.231244,39388,3199109,0.39354,8129050
3,2021-03-28,44754,4987828,28205,2537022,15726,2355325,823,95481,22436,1321035,0.162508,22183,1901978,0.233973,23904,3223013,0.396481,8129050
3,2021-03-29,81568,5069396,42603,2579625,37099,2392424,1866,97347,44297,1331062,0.163741,36984,1938962,0.238523,47011,3270024,0.402264,8129050
3,2021-03-30,101179,5170575,49739,2629364,47732,2440156,3708,101055,56258,1346993,0.165701,44629,1983591,0.244013,60560,3330584,0.409714,8129050
3,2021-03-31,105845,5276420,57089,2686453,43862,2484018,4894,105949,56237,1359105,0.167191,49329,2032920,0.250081,61441,3392025,0.417272,8129050
3,2021-04-01,124890,5401310,63110,2749563,51916,2535934,9864,115813,66924,1378623,0.169592,57489,2090409,0.257153,77007,3469032,0.426745,8129050
3,2021-04-02,118785,5520095,57937,2807500,50399,2586333,10449,126262,62257,1395525,0.171671,56198,2146607,0.264066,73100,3542132,0.435738,8129050
3,2021-04-03,76587,5596682,39176,2846676,28115,2614448,9296,135558,38032,1404744,0.172805,38375,2184982,0.268787,47594,3589726,0.441592,8129050
3,2021-04-04,32634,5629316,17447,2864123,10938,2625386,4249,139807,14249,1404934,0.172829,18293,2203275,0.271037,18483,3608209,0.443866,8129050
3,2021-04-05,90308,5719624,45824,2909947,35144,2660530,9340,149147,43735,1412460,0.173755,46320,2249595,0.276735,53846,3662055,0.45049,8129050
3,2021-04-06,114273,5833897,55614,2965561,43349,2703879,15310,164457,53497,1421440,0.174859,60466,2310061,0.284174,69446,3731501,0.459033,8129050
3,2021-04-07,117091,5950988,60588,3026149,40111,2743990,16392,180849,56324,1433910,0.176393,60474,2370535,0.291613,72944,3804445,0.468006,8129050
3,2021-04-08,122167,6073155,60808,3086957,41052,2785042,20307,201156,56508,1446096,0.177892,65317,2435852,0.299648,77503,3881948,0.47754,8129050
3,2021-04-09,119309,6192464,59394,3146351,40606,2825648,19309,220465,52232,1451659,0.178577,66788,2502640,0.307864,72351,3954299,0.48644,8129050
3,2021-04-10,84888,6277352,38093,3184444,31414,2857062,15381,235846,34488,1452085,0.178629,50193,2552833,0.314038,50619,4004918,0.492667,8129050
3,2021-04-11,45531,6322883,24365,3208809,13075,2870137,8091,243937,17277,1450100,0.178385,28146,2580979,0.317501,26161,4031079,0.495886,8129050
3,2021-04-12,84548,6407431,42693,3251502,32966,2903103,8889,252826,38097,1451962,0.178614,46181,2627160,0.323182,48043,4079122,0.501796,8129050
3,2021-04-13,106087,6513518,57433,3308935,48441,2951544,213,253039,55711,1458675,0.17944,50099,2677259,0.329345,56812,4135934,0.508784,8129050
3,2021-04-14,108275,6621793,59205,3368140,48961,3000505,109,253148,53709,1459697,0.179566,54235,2731494,0.336016,55257,4191191,0.515582,8129050
3,2021-04-15,119963,6741756,67449,3435589,52429,3052934,85,253233,63777,1468557,0.180655,55819,2787313,0.342883,64679,4255870,0.523538,8129050
3,2021-04-16,116155,6857911,65099,3500688,50958,3103892,98,253331,60381,1474270,0.181358,55434,2842747,0.349702,61147,4317017,0.53106,8129050
3,2021-04-17,79912,6937823,43559,3544247,36338,3140230,15,253346,44372,1484342,0.182597,35290,2878037,0.354043,45362,4362379,0.536641,8129050
3,2021-04-18,39065,6976888,23612,3567859,15444,3155674,9,253355,18271,1482846,0.182413,20658,2898695,0.356585,19162,4381541,0.538998,8129050
3,2021-04-19,79621,7056509,44295,3612154,35266,3190940,60,253415,35676,1475384,0.181495,43713,2942408,0.361962,36251,4417792,0.543457,8129050
3,2021-04-20,101308,7157817,53321,3665475,47965,3238905,22,253437,48789,1473020,0.181204,52218,2994626,0.368386,49854,4467646,0.54959,8129050
3,2021-04-21,106528,7264345,59816,3725291,46631,3285536,81,253518,50132,1468345,0.180629,55980,3050606,0.375272,51305,4518951,0.555901,8129050
3,2021-04-22,112660,7377005,63319,3788610,49312,3334848,29,253547,48252,1453573,0.178812,64013,3114619,0.383147,49241,4568192,0.561959,8129050
3,2021-04-23,106959,7483964,61196,3849806,45731,3380579,32,253579,46717,1441493,0.177326,59850,3174469,0.390509,47770,4615962,0.567835,8129050
3,2021-04-24,74387,7558351,45889,3895695,28425,3409004,73,253652,36151,1440791,0.17724,37938,3212407,0.395176,37236,4653198,0.572416,8129050
3,2021-04-25,37172,7595523,23726,3919421,13428,3422432,18,253670,18924,1442062,0.177396,18077,3230484,0.3974,19348,4672546,0.574796,8129050
3,2021-04-26,74449,7669972,42078,3961499,31953,3454385,418,254088,31668,1433020,0.176284,42483,3272967,0.402626,33441,4705987,0.57891,8129050
3,2021-04-27,91665,7761637,48126,4009625,41780,3496165,1759,255847,36234,1416693,0.174275,55095,3328062,0.409404,38768,4744755,0.583679,8129050
3,2021-04-28,87454,7849091,49703,4059328,35597,3531762,2154,258001,35597,1403456,0.172647,51533,3379595,0.415743,38296,4783051,0.58839,8129050
3,2021-04-29,89780,7938871,51305,4110633,36239,3568001,2236,260237,31965,1380703,0.169848,57440,3437035,0.422809,34687,4817738,0.592657,8129050
3,2021-04-30,91356,8030227,51569,4162202,37292,3605293,2495,262732,33936,1360579,0.167372,57019,3494054,0.429823,36895,4854633,0.597196,8129050
3,2021-05-01,55956,8086183,35080,4197282,19386,3624679,1490,264222,20146,1347202,0.165727,35503,3529557,0.434191,22126,4876759,0.599917,8129050
3,2021-05-02,27130,8113313,18520,4215802,7588,3632267,1022,265244,9931,1341174,0.164985,17081,3546638,0.436292,11053,4887812,0.601277,8129050
3,2021-05-03,60187,8173500,35344,4251146,22457,3654724,2386,267630,17510,1318824,0.162236,42425,3589063,0.441511,20075,4907887,0.603747,8129050
3,2021-05-04,78056,8251556,45124,4296270,30238,3684962,2694,270324,22625,1289308,0.158605,55108,3644171,0.44829,25592,4933479,0.606895,8129050
3,2021-05-05,79593,8331149,47779,4344049,29090,3714052,2724,273048,21990,1257089,0.154642,57231,3701402,0.45533,25012,4958491,0.609972,8129050
3,2021-05-06,83909,8415058,53100,4397149,28264,3742316,2545,275593,20701,1218176,0.149855,62699,3764101,0.463043,23786,4982277,0.612898,8129050
3,2021-05-07,82908,8497966,51651,4448800,28606,3770922,2651,278244,21965,1182524,0.145469,60566,3824667,0.470494,24914,5007191,0.615963,8129050
3,2021-05-08,52964,8550930,32832,4481632,18403,3789325,1729,279973,14003,1159842,0.142679,38679,3863346,0.475252,15997,5023188,0.617931,8129050
3,2021-05-09,21082,8572012,15414,4497046,4875,3794200,793,280766,5498,1150717,0.141556,15483,3878829,0.477156,6358,5029546,0.618713,8129050
3,2021-05-10,48434,8620446,26064,4523110,20451,3814651,1919,282685,11218,1127113,0.138652,36994,3915823,0.481707,13390,5042936,0.62036,8129050
3,2021-05-11,64511,8684957,36196,4559306,26083,3840734,2232,284917,16208,1097985,0.135069,48033,3963856,0.487616,18905,5061841,0.622685,8129050
3,2021-05-12,65234,8750191,37487,4596793,25331,3866065,2416,287333,16637,1069048,0.13151,48308,4012164,0.493559,19371,5081212,0.625068,8129050
3,2021-05-13,75885,8826076,47822,4644615,26133,3892198,1930,289263,27668,1051323,0.129329,47951,4060115,0.499458,30226,5111438,0.628787,8129050
3,2021-05-14,80829,8906905,51030,4695645,27639,3919837,2160,291423,31276,1036127,0.12746,49234,4109349,0.505514,34038,5145476,0.632974,8129050
3,2021-05-15,62512,8969417,43107,4738752,18182,3938019,1223,292646,25824,1026946,0.12633,36460,4145809,0.509999,27279,5172755,0.63633,8129050
3,2021-05-16,33340,9002757,24933,4763685,7715,3945734,692,293338,13453,1021427,0.125651,19758,4165567,0.51243,14239,5186994,0.638081,8129050
3,2021-05-17,57254,9060011,36453,4800138,18940,3964674,1861,295199,21084,1008699,0.124086,35882,4201449,0.516844,23154,5210148,0.64093,8129050
3,2021-05-18,64783,9124794,38248,4838386,24660,3989334,1875,297074,24325,995127,0.122416,40171,4241620,0.521785,26599,5236747,0.644202,8129050
3,2021-05-19,64248,9189042,39044,4877430,23441,4012775,1763,298837,24839,982865,0.120908,39144,4280764,0.526601,26882,5263629,0.647509,8129050
3,2021-05-20,62100,9251142,36347,4913777,23892,4036667,1861,300698,22279,967830,0.119058,39516,4320280,0.531462,24481,5288110,0.65052,8129050
3,2021-05-21,66442,9317584,40383,4954160,23943,4060610,2116,302814,23735,951621,0.117064,42368,4362648,0.536674,26159,5314269,0.653738,8129050
3,2021-05-22,45971,9363555,30471,4984631,14024,4074634,1476,304290,19124,945864,0.116356,26614,4389262,0.539948,20857,5335126,0.656304,8129050
3,2021-05-23,21771,9385326,15067,4999698,6050,4080684,654,304944,9195,943343,0.116046,12483,4401745,0.541483,9962,5345088,0.657529,8129050
3,2021-05-24,39866,9425192,23331,5023029,14763,4095447,1772,306716,14786,935230,0.115048,24870,4426615,0.544543,16757,5361845,0.659591,8129050
3,2021-05-25,43048,9468240,24212,5047241,17145,4112592,1691,308407,15259,924916,0.113779,27498,4454113,0.547925,17184,5379029,0.661705,8129050
3,2021-05-26,42676,9510916,24426,5071667,16505,4129097,1745,310152,15987,916406,0.112732,26377,4480490,0.55117,17867,5396896,0.663902,8129050
3,2021-05-27,39547,9550463,22178,5093845,15610,4144707,1759,311911,15467,909982,0.111942,23902,4504392,0.554111,17478,5414374,0.666052,8129050
3,2021-05-28,43107,9593570,24367,5118212,16931,4161638,1809,313720,17909,905044,0.111335,24979,4529371,0.557183,20041,5434415,0.668518,8129050
3,2021-05-29,23535,9617105,14376,5132588,8318,4169956,841,314561,10979,904586,0.111278,12412,4541783,0.55871,11954,5446369,0.669988,8129050
3,2021-05-30,10657,9627762,6910,5139498,3110,4173066,637,315198,4477,903646,0.111163,6098,4547881,0.55946,5158,5451527,0.670623,8129050
3,2021-05-31,4702,9632464,2723,5142221,1712,4174778,267,315465,1472,902240,0.11099,3175,4551056,0.559851,1769,5453296,0.670841,8129050
3,2021-06-01,37925,9670389,21824,5164045,14648,4189426,1453,316918,13247,892713,0.109818,24421,4575477,0.562855,14894,5468190,0.672673,8129050
3,2021-06-02,31583,9701972,18153,5182198,12009,4201435,1421,318339,11678,886259,0.109024,19694,4595171,0.565278,13240,5481430,0.674301,8129050
3,2021-06-03,39763,9741735,27194,5209392,11127,4212562,1442,319781,11473,871309,0.107185,28104,4623275,0.568735,13154,5494584,0.67592,8129050
3,2021-06-04,46319,9788054,32761,5242153,12007,4224569,1551,321332,13154,853522,0.104997,32913,4656188,0.572784,15126,5509710,0.67778,8129050
3,2021-06-05,34432,9822486,25948,5268101,7297,4231866,1187,322519,8726,838141,0.103104,25492,4681680,0.57592,10111,5519821,0.679024,8129050
3,2021-06-06,14685,9837171,12252,5280353,1847,4233713,586,323105,3702,831678,0.102309,10918,4692598,0.577263,4455,5524276,0.679572,8129050
3,2021-06-07,30474,9867645,22147,5302500,7040,4240753,1287,324392,8737,820237,0.100902,21585,4714183,0.579918,10144,5534420,0.68082,8129050
3,2021-06-08,34390,9902035,24684,5327184,8410,4249163,1296,325688,9941,807464,0.099331,24237,4738420,0.5829,11464,5545884,0.68223,8129050
3,2021-06-09,33044,9935079,23961,5351145,7776,4256939,1307,326995,8869,793818,0.097652,23988,4762408,0.58585,10342,5556226,0.683503,8129050
3,2021-06-10,32570,9967649,23482,5374627,7552,4264491,1536,328531,8954,781052,0.096082,23455,4785863,0.588736,10689,5566915,0.684817,8129050
3,2021-06-11,35684,10003333,25235,5399862,9074,4273565,1375,329906,10590,768303,0.094513,24891,4810754,0.591798,12142,5579057,0.686311,8129050
3,2021-06-12,25289,10028622,19062,5418924,5332,4278897,895,330801,6692,757573,0.093193,18480,4829234,0.594071,7750,5586807,0.687264,8129050
3,2021-06-13,10162,10038784,7605,5426529,2066,4280963,491,331292,2368,752767,0.092602,7740,4836974,0.595023,2934,5589741,0.687625,8129050
3,2021-06-14,25863,10064647,18532,5445061,5902,4286865,1429,332721,8081,744775,0.091619,17645,4854619,0.597194,9653,5599394,0.688813,8129050
3,2021-06-15,28877,10093524,19537,5464598,7822,4294687,1518,334239,9704,737228,0.090691,18938,4873557,0.599524,11391,5610785,0.690214,8129050
3,2021-06-16,25987,10119511,18463,5483061,6103,4300790,1421,335660,8762,730522,0.089866,17041,4890598,0.60162,10335,5621120,0.691485,8129050
3,2021-06-17,24956,10144467,17867,5500928,5791,4306581,1298,336958,8666,724496,0.089124,16128,4906726,0.603604,10102,5631222,0.692728,8129050
3,2021-06-18,28061,10172528,19815,5520743,6673,4313254,1573,338531,9806,718021,0.088328,18020,4924746,0.605821,11545,5642767,0.694148,8129050
3,2021-06-19,16046,10188574,11782,5532525,3401,4316655,863,339394,5752,714582,0.087905,10163,4934909,0.607071,6724,5649491,0.694976,8129050
3,2021-06-20,6894,10195468,5172,5537697,1420,4318075,302,339696,2607,713316,0.087749,4228,4939137,0.607591,2962,5652453,0.69534,8129050
3,2021-06-21,16267,10211735,10268,5547965,4597,4322672,1402,341098,8095,714858,0.087939,8077,4947214,0.608585,9619,5662072,0.696523,8129050
3,2021-06-22,22118,10233853,15505,5563470,5314,4327986,1299,342397,8263,710852,0.087446,13724,4960938,0.610273,9718,5671790,0.697719,8129050
3,2021-06-23,20299,10254152,14214,5577684,4744,4332730,1341,343738,8031,708213,0.087121,12149,4973087,0.611767,9510,5681300,0.698889,8129050
3,2021-06-24,19982,10274134,13907,5591591,4621,4337351,1454,345192,7792,705557,0.086795,12009,4985096,0.613245,9353,5690653,0.700039,8129050
3,2021-06-25,23336,10297470,16557,5608148,5356,4342707,1423,346615,9119,702147,0.086375,14078,4999174,0.614976,10668,5701321,0.701351,8129050
3,2021-06-26,14026,10311496,10417,5618565,2834,4345541,775,347390,5856,700873,0.086218,8064,5007238,0.615968,6790,5708111,0.702187,8129050
3,2021-06-27,6707,10318203,5192,5623757,1207,4346748,308,347698,2862,700279,0.086145,3799,5011037,0.616436,3205,5711316,0.702581,8129050
3,2021-06-28,16009,10334212,12310,5636067,2615,4349363,1084,348782,6739,699083,0.085998,9126,5020163,0.617558,7930,5719246,0.703557,8129050
3,2021-06-29,18093,10352305,12745,5648812,4340,4353703,1008,349790,7398,697072,0.085751,10548,5030711,0.618856,8537,5727783,0.704607,8129050
3,2021-06-30,17070,10369375,12095,5660907,3935,4357638,1040,350830,7344,696040,0.085624,9567,5040278,0.620033,8535,5736318,0.705657,8129050
3,2021-07-01,16352,10385727,11651,5672558,3630,4361268,1071,351901,6881,694757,0.085466,9334,5049612,0.621181,8051,5744369,0.706647,8129050
3,2021-07-02,18455,10404182,13121,5685679,4231,4365499,1103,353004,7869,693357,0.085294,10468,5060080,0.622469,9068,5753437,0.707763,8129050
3,2021-07-03,10108,10414290,7302,5692981,2366,4367865,440,353444,4329,692527,0.085192,5702,5065782,0.62317,4872,5758309,0.708362,8129050
3,2021-07-04,728,10415018,428,5693409,213,4368078,87,353531,280,692470,0.085185,440,5066222,0.623224,383,5758692,0.708409,8129050
3,2021-07-05,9541,10424559,6976,5700385,2141,4370219,424,353955,4309,692107,0.08514,5159,5071381,0.623859,4796,5763488,0.708999,8129050
3,2021-07-06,19080,10443639,13834,5714219,4127,4374346,1119,355074,6901,688248,0.084665,12003,5083384,0.625336,8144,5771632,0.710001,8129050
3,2021-07-07,15747,10459386,11176,5725395,3457,4377803,1114,356188,6346,686555,0.084457,9261,5092645,0.626475,7568,5779200,0.710932,8129050
3,2021-07-08,15325,10474711,11064,5736459,3264,4381067,997,357185,6207,684858,0.084248,8991,5101636,0.627581,7294,5786494,0.711829,8129050
3,2021-07-09,17613,10492324,12276,5748735,4117,4385184,1220,358405,7277,683265,0.084052,10201,5111837,0.628836,8608,5795102,0.712888,8129050
3,2021-07-10,10855,10503179,7989,5756724,2201,4387385,665,359070,4601,682436,0.08395,6184,5118021,0.629596,5355,5800457,0.713547,8129050
3,2021-07-11,5123,10508302,3793,5760517,1055,4388440,275,359345,2311,682279,0.083931,2763,5120784,0.629936,2606,5803063,0.713867,8129050
3,2021-07-12,14326,10522628,10444,5770961,2880,4391320,1002,360347,5711,680523,0.083715,8537,5129321,0.630987,6781,5809844,0.714701,8129050
3,2021-07-13,15117,10537745,10677,5781638,3528,4394848,912,361259,6639,679773,0.083623,8382,5137703,0.632018,7632,5817476,0.71564,8129050
3,2021-07-14,14400,10552145,10219,5791857,3266,4398114,915,362174,6420,679290,0.083563,7879,5145582,0.632987,7396,5824872,0.71655,8129050
3,2021-07-15,14718,10566863,10637,5802494,3241,4401355,840,363014,6734,679052,0.083534,7885,5153467,0.633957,7647,5832519,0.717491,8129050
3,2021-07-16,17739,10584602,12747,5815241,4100,4405455,892,363906,8467,679319,0.083567,9163,5162630,0.635084,9430,5841949,0.718651,8129050
3,2021-07-17,11264,10595866,8250,5823491,2482,4407937,532,364438,5355,679436,0.083581,5837,5168467,0.635802,5954,5847903,0.719383,8129050
3,2021-07-18,5740,10601606,4336,5827827,1153,4409090,251,364689,2824,679664,0.083609,2873,5171340,0.636156,3101,5851004,0.719765,8129050
3,2021-07-19,14860,10616466,10873,5838700,3108,4412198,879,365568,7290,680436,0.083704,7470,5178810,0.637074,8242,5859246,0.720779,8129050
3,2021-07-20,16512,10632978,11492,5850192,4117,4416315,903,366471,8489,682004,0.083897,7905,5186715,0.638047,9473,5868719,0.721944,8129050
3,2021-07-21,15944,10648922,11287,5861479,3789,4420104,868,367339,8022,683177,0.084041,7794,5194509,0.639006,8967,5877686,0.723047,8129050
3,2021-07-22,16321,10665243,11529,5873008,3829,4423933,963,368302,8479,684964,0.084261,7716,5202225,0.639955,9503,5887189,0.724216,8129050
3,2021-07-23,19226,10684469,13703,5886711,4511,4428444,1012,369314,10333,687646,0.084591,8750,5210975,0.641031,11432,5898621,0.725622,8129050
3,2021-07-24,11555,10696024,8325,5895036,2652,4431096,578,369892,6372,689531,0.084823,5102,5216077,0.641659,6987,5905608,0.726482,8129050
3,2021-07-25,5634,10701658,4223,5899259,1201,4432297,210,370102,4073,692350,0.08517,1514,5217591,0.641845,4333,5909941,0.727015,8129050
3,2021-07-26,15423,10717081,10722,5909981,3735,4436032,966,371068,9317,696698,0.085705,5996,5223587,0.642583,10344,5920285,0.728287,8129050
3,2021-07-27,17450,10734531,12343,5922324,4132,4440164,975,372043,9996,700421,0.086163,7322,5230909,0.643483,11045,5931330,0.729646,8129050
3,2021-07-28,17033,10751564,12198,5934522,3797,4443961,1038,373081,9834,704285,0.086638,7057,5237966,0.644352,10921,5942251,0.73099,8129050
3,2021-07-29,16851,10768415,12132,5946654,3688,4447649,1031,374112,9942,708598,0.087169,6733,5244699,0.64518,11046,5953297,0.732348,8129050
3,2021-07-30,19593,10788008,13838,5960492,4673,4452322,1082,375194,11374,713128,0.087726,8015,5252714,0.646166,12545,5965842,0.733892,8129050
3,2021-07-31,12214,10800222,8852,5969344,2707,4455029,655,375849,7119,716015,0.088081,4952,5257666,0.646775,7839,5973681,0.734856,8129050
3,2021-08-01,6496,10806718,4952,5974296,1287,4456316,257,376106,4206,718287,0.088361,2226,5259892,0.647049,4498,5978179,0.735409,8129050
3,2021-08-02,16603,10823321,12052,5986348,3620,4459936,931,377037,10332,723472,0.088998,6143,5266035,0.647804,11328,5989507,0.736803,8129050
3,2021-08-03,18410,10841731,13283,5999631,4021,4463957,1106,378143,10983,728364,0.0896,7251,5273286,0.648696,12143,6001650,0.738297,8129050
3,2021-08-04,17571,10859302,12620,6012251,3937,4467894,1014,379157,10472,732964,0.090166,6936,5280222,0.64955,11536,6013186,0.739716,8129050
3,2021-08-05,17933,10877235,12958,6025209,3825,4471719,1150,380307,10826,738067,0.090794,6943,5287165,0.650404,12046,6025232,0.741198,8129050
3,2021-08-06,21722,10898957,15741,6040950,4825,4476544,1156,381463,12839,743442,0.091455,8687,5295852,0.651472,14062,6039294,0.742927,8129050
3,2021-08-07,12757,10911714,9487,6050437,2651,4479195,619,382082,7473,746440,0.091824,5145,5300997,0.652105,8143,6047437,0.743929,8129050
3,2021-08-08,7578,10919292,5800,6056237,1536,4480731,242,382324,4685,748594,0.092089,2809,5303806,0.652451,4963,6052400,0.74454,8129050
3,2021-08-09,18307,10937599,13700,6069937,3538,4484269,1069,383393,10366,752322,0.092547,7780,5311586,0.653408,11508,6063908,0.745955,8129050
3,2021-08-10,18518,10956117,13565,6083502,3954,4488223,999,384392,10443,755896,0.092987,7908,5319494,0.654381,11482,6075390,0.747368,8129050
3,2021-08-11,16543,10972660,11974,6095476,3542,4491765,1027,385419,9212,759059,0.093376,7132,5326626,0.655258,10295,6085685,0.748634,8129050
3,2021-08-12,18086,10990746,12763,6108239,4246,4496011,1077,386496,9934,762176,0.09376,7942,5334568,0.656235,11059,6096744,0.749995,8129050
3,2021-08-13,22543,11013289,15997,6124236,5390,4501401,1156,387652,12294,765883,0.094216,9813,5344381,0.657442,13520,6110264,0.751658,8129050
3,2021-08-14,14660,11027949,10320,6134556,3724,4505125,616,388268,7634,768074,0.094485,6111,5350492,0.658194,8302,6118566,0.752679,8129050
3,2021-08-15,8336,11036285,6044,6140600,2007,4507132,285,388553,4187,769201,0.094624,3371,5353863,0.658609,4498,6123064,0.753232,8129050
3,2021-08-16,20626,11056911,14209,6154809,5427,4512559,990,389543,9787,771161,0.094865,8903,5362766,0.659704,10863,6133927,0.754569,8129050
3,2021-08-17,21064,11077975,14280,6169089,5750,4518309,1034,390577,9677,772789,0.095065,9191,5371957,0.660835,10819,6144746,0.7559,8129050
3,2021-08-18,21030,11099005,14042,6183131,5988,4524297,1000,391577,9468,774360,0.095258,8987,5380944,0.66194,10558,6155304,0.757198,8129050
3,2021-08-19,20803,11119808,13771,6196902,5993,4530290,1039,392616,9082,775671,0.09542,8870,5389814,0.663031,10181,6165485,0.758451,8129050
3,2021-08-20,25893,11145701,17504,6214406,7349,4537639,1040,393656,10865,776168,0.095481,11501,5401315,0.664446,11998,6177483,0.759927,8129050
3,2021-08-21,15095,11160796,10914,6225320,3634,4541273,547,394203,6323,776125,0.095475,6977,5408292,0.665304,6934,6184417,0.76078,8129050
3,2021-08-22,2143,11162939,1471,6226791,500,4541773,172,394375,885,776203,0.095485,996,5409288,0.665427,1074,6185491,0.760912,8129050
4,2020-12-15,472,472,472,472,0,0,0,0,472,472,5.9e-05,0,0,0.0,472,472,5.9e-05,8037679
4,2020-12-16,3096,3568,3096,3568,0,0,0,0,3096,3568,0.000444,0,0,0.0,3096,3568,0.000444,8037679
4,2020-12-17,9081,12649,9081,12649,0,0,0,0,9082,12650,0.001574,0,0,0.0,9082,12650,0.001574,8037679
4,2020-12-18,16355,29004,16342,28991,13,13,0,0,16354,29004,0.003609,0,0,0.0,16354,29004,0.003609,8037679
4,2020-12-19,10444,39448,10434,39425,10,23,0,0,10383,39387,0.0049,0,0,0.0,10383,39387,0.0049,8037679
4,2020-12-20,7489,46937,7475,46900,14,37,0,0,7444,46831,0.005826,0,0,0.0,7444,46831,0.005826,8037679
4,2020-12-21,16512,63449,16479,63379,33,70,0,0,16444,63274,0.007872,1,1,0.0,16444,63275,0.007872,8037679
4,2020-12-22,17313,80762,16547,79926,766,836,0,0,17268,80538,0.01002,4,5,1e-06,17268,80543,0.010021,8037679
4,2020-12-23,17284,98046,14483,94409,2801,3637,0,0,17262,97798,0.012167,2,7,1e-06,17262,97805,0.012168,8037679
4,2020-12-24,8650,106696,6011,100420,2639,6276,0,0,8648,106445,0.013243,1,8,1e-06,8648,106453,0.013244,8037679
4,2020-12-25,914,107610,809,101229,105,6381,0,0,914,107359,0.013357,0,8,1e-06,914,107367,0.013358,8037679
4,2020-12-26,6253,113863,3919,105148,2334,8715,0,0,6253,113612,0.014135,0,8,1e-06,6253,113620,0.014136,8037679
4,2020-12-27,3482,117345,2012,107160,1470,10185,0,0,3482,117094,0.014568,0,8,1e-06,3482,117102,0.014569,8037679
4,2020-12-28,15325,132670,9459,116619,5866,16051,0,0,15298,132389,0.016471,3,11,1e-06,15298,132400,0.016472,8037679
4,2020-12-29,15950,148620,8951,125570,6999,23050,0,0,15916,148304,0.018451,1,12,1e-06,15916,148316,0.018453,8037679
4,2020-12-30,19488,168108,11421,136991,8067,31117,0,0,19477,167779,0.020874,2,14,2e-06,19477,167793,0.020876,8037679
4,2020-12-31,8394,176502,3391,140382,5003,36120,0,0,8381,176151,0.021916,9,23,3e-06,8381,176174,0.021919,8037679
4,2021-01-01,1833,178335,837,141219,996,37116,0,0,1826,177973,0.022142,4,27,3e-06,1826,178000,0.022146,8037679
4,2021-01-02,5795,184130,3269,144488,2526,39642,0,0,5793,183765,0.022863,1,28,3e-06,5793,183793,0.022866,8037679
4,2021-01-03,2173,186303,1279,145767,894,40536,0,0,2159,185921,0.023131,3,31,4e-06,2159,185952,0.023135,8037679
4,2021-01-04,13125,199428,7090,152857,6035,46571,0,0,13076,198970,0.024755,27,58,7e-06,13076,199028,0.024762,8037679
4,2021-01-05,17110,216538,10130,162987,6980,53551,0,0,14856,211619,0.026328,2225,2283,0.000284,14874,213902,0.026612,8037679
4,2021-01-06,21868,238406,13400,176387,8468,62019,0,0,15671,221160,0.027515,6149,8432,0.001049,15690,229592,0.028564,8037679
4,2021-01-07,28254,266660,17244,193631,11010,73029,0,0,16820,226629,0.028196,11373,19805,0.002464,16842,246434,0.03066,8037679
4,2021-01-08,33204,299864,21325,214956,11879,84908,0,0,18473,230466,0.028673,14665,34470,0.004289,18502,264936,0.032962,8037679
4,2021-01-09,16433,316297,9720,224676,6713,91621,0,0,9541,233139,0.029006,6881,41351,0.005145,9554,274490,0.03415,8037679
4,2021-01-10,8856,325153,5717,230393,3139,94760,0,0,4216,232736,0.028956,4629,45980,0.005721,4226,278716,0.034676,8037679
4,2021-01-11,33873,359026,22244,252637,11629,106389,0,0,19082,237104,0.029499,14762,60742,0.007557,19130,297846,0.037056,8037679
4,2021-01-12,38917,397943,22455,275092,16462,122851,0,0,24474,247243,0.03076,14386,75128,0.009347,24525,322371,0.040107,8037679
4,2021-01-13,39250,437193,19455,294547,19795,142646,0,0,27791,263647,0.032801,11416,86544,0.010767,27820,350191,0.043569,8037679
4,2021-01-14,39809,477002,15350,309897,24459,167105,0,0,32526,288963,0.035951,7243,93787,0.011668,32559,382750,0.047619,8037679
4,2021-01-15,45905,522907,16076,325973,29829,196934,0,0,40204,323563,0.040256,5630,99417,0.012369,40230,422980,0.052625,8037679
4,2021-01-16,29053,551960,9447,335420,19606,216540,0,0,25873,346305,0.043085,3148,102565,0.012761,25890,448870,0.055846,8037679
4,2021-01-17,19110,571070,6617,342037,12493,229033,0,0,17438,362105,0.045051,1650,104215,0.012966,17450,466320,0.058017,8037679
4,2021-01-18,29729,600799,13783,355820,15946,244979,0,0,23669,379814,0.047254,5993,110208,0.013711,23702,490022,0.060966,8037679
4,2021-01-19,46716,647515,23353,379173,23363,268342,0,0,36910,407039,0.050641,9759,119967,0.014926,36984,527006,0.065567,8037679
4,2021-01-20,53115,700630,28359,407532,24756,293098,0,0,42373,438836,0.054597,10642,130609,0.01625,42439,569445,0.070847,8037679
4,2021-01-21,58479,759109,26299,433831,32180,325278,0,0,51539,483573,0.060163,6853,137462,0.017102,51590,621035,0.077265,8037679
4,2021-01-22,55928,815037,22438,456269,33490,358768,0,0,50640,529028,0.065819,5217,142679,0.017751,50672,671707,0.08357,8037679
4,2021-01-23,39998,855035,17432,473701,22566,381334,0,0,35610,560292,0.069708,4378,147057,0.018296,35642,707349,0.088004,8037679
4,2021-01-24,24282,879317,10566,484267,13716,395050,0,0,22364,580772,0.072256,1907,148964,0.018533,22387,729736,0.090789,8037679
4,2021-01-25,48526,927843,22402,506669,26124,421174,0,0,37187,606711,0.075483,11307,160271,0.01994,37246,766982,0.095423,8037679
4,2021-01-26,57469,985312,29281,535950,28188,449362,0,0,45008,639359,0.079545,12424,172695,0.021486,45072,812054,0.101031,8037679
4,2021-01-27,56949,1042261,27041,562991,29908,479270,0,0,45688,673920,0.083845,11183,183878,0.022877,45744,857798,0.106722,8037679
4,2021-01-28,57626,1099887,26023,589014,31603,510873,0,0,47324,711094,0.08847,10199,194077,0.024146,47373,905171,0.112616,8037679
4,2021-01-29,57424,1157311,27454,616468,29970,540843,0,0,46804,747514,0.093001,10420,204497,0.025442,46840,952011,0.118444,8037679
4,2021-01-30,38724,1196035,17364,633832,21360,562203,0,0,33271,775421,0.096473,5397,209894,0.026114,33304,985315,0.122587,8037679
4,2021-01-31,24509,1220544,12776,646608,11733,573936,0,0,22776,796504,0.099096,1710,211604,0.026327,22793,1008108,0.125423,8037679
4,2021-02-01,50427,1270971,24256,670864,26171,600107,0,0,38551,823290,0.102429,11812,223416,0.027796,38598,1046706,0.130225,8037679
4,2021-02-02,56286,1327257,25847,696711,30439,630546,0,0,43165,853475,0.106184,13034,236450,0.029418,43219,1089925,0.135602,8037679
4,2021-02-03,62858,1390115,30834,727545,32024,662570,0,0,48127,887082,0.110365,14580,251030,0.031232,48187,1138112,0.141597,8037679
4,2021-02-04,68384,1458499,31795,759340,36589,699159,0,0,51351,921692,0.114671,16859,267889,0.033329,51469,1189581,0.148001,8037679
4,2021-02-05,73966,1532465,34230,793570,39736,738895,0,0,51291,950731,0.118284,22391,290280,0.036115,51430,1241011,0.154399,8037679
4,2021-02-06,49177,1581642,26379,819949,22798,761693,0,0,37506,976839,0.121532,11601,301881,0.037558,37709,1278720,0.159091,8037679
4,2021-02-07,26737,1608379,17662,837611,9075,770768,0,0,20148,990685,0.123255,6552,308433,0.038373,20398,1299118,0.161628,8037679
4,2021-02-08,59319,1667698,30467,868078,28852,799620,0,0,38450,1008673,0.125493,20725,329158,0.040952,38713,1337831,0.166445,8037679
4,2021-02-09,67970,1735668,34427,902505,33543,833163,0,0,39724,1020797,0.127001,28048,357206,0.044441,40172,1378003,0.171443,8037679
4,2021-02-10,78222,1813890,39145,941650,39077,872240,0,0,41032,1025453,0.127581,36936,394142,0.049037,41592,1419595,0.176618,8037679
4,2021-02-11,82438,1896328,43031,984681,39407,911647,0,0,41845,1027669,0.127856,40310,434452,0.054052,42526,1462121,0.181908,8037679
4,2021-02-12,85385,1981713,38276,1022957,47109,958756,0,0,43813,1030982,0.128269,41294,475746,0.059189,44607,1506728,0.187458,8037679
4,2021-02-13,59408,2041121,30026,1052983,29382,988138,0,0,30130,1032897,0.128507,29127,504873,0.062813,31042,1537770,0.19132,8037679
4,2021-02-14,37201,2078322,19325,1072308,17876,1006014,0,0,18977,1034382,0.128692,18161,523034,0.065073,19646,1557416,0.193764,8037679
4,2021-02-15,46782,2125104,21951,1094259,24831,1030845,0,0,23908,1036709,0.128981,22781,545815,0.067907,25108,1582524,0.196888,8037679
4,2021-02-16,81180,2206284,37262,1131521,43918,1074763,0,0,41114,1039137,0.129283,39911,585726,0.072873,42339,1624863,0.202156,8037679
4,2021-02-17,82533,2288817,39032,1170553,43501,1118264,0,0,39114,1036205,0.128918,43192,628918,0.078246,40260,1665123,0.207165,8037679
4,2021-02-18,84518,2373335,46535,1217088,37983,1156247,0,0,38902,1031179,0.128293,45401,674319,0.083895,40375,1705498,0.212188,8037679
4,2021-02-19,83806,2457141,52794,1269882,31012,1187259,0,0,41731,1031713,0.12836,41881,716200,0.089105,42415,1747913,0.217465,8037679
4,2021-02-20,50206,2507347,33411,1303293,16795,1204054,0,0,27009,1036332,0.128934,23103,739303,0.09198,27722,1775635,0.220914,8037679
4,2021-02-21,30591,2537938,24258,1327551,6333,1210387,0,0,14641,1035432,0.128822,15857,755160,0.093952,14957,1790592,0.222775,8037679
4,2021-02-22,55999,2593937,38444,1365995,17555,1227942,0,0,26918,1033927,0.128635,28898,784058,0.097548,27393,1817985,0.226183,8037679
4,2021-02-23,77668,2671605,43072,1409067,34596,1262538,0,0,33993,1026164,0.127669,43447,827505,0.102953,35684,1853669,0.230622,8037679
4,2021-02-24,92846,2764451,49080,1458147,43766,1306304,0,0,41630,1019047,0.126784,50930,878435,0.10929,43813,1897482,0.236073,8037679
4,2021-02-25,104605,2869056,54785,1512932,49820,1356124,0,0,49630,1016608,0.12648,54734,933169,0.116099,52295,1949777,0.24258,8037679
4,2021-02-26,110614,2979670,55877,1568809,54737,1410861,0,0,56202,1021083,0.127037,54090,987259,0.122829,58565,2008342,0.249866,8037679
4,2021-02-27,80697,3060367,43879,1612688,36805,1447666,13,13,42622,1027393,0.127822,37837,1025096,0.127536,44147,2052489,0.255358,8037679
4,2021-02-28,49876,3110243,30763,1643451,19106,1466772,7,20,27141,1032936,0.128512,22517,1047613,0.130338,28060,2080549,0.258849,8037679
4,2021-03-01,81594,3191837,47747,1691198,33792,1500564,55,75,44858,1042734,0.129731,36366,1083979,0.134862,46164,2126713,0.264593,8037679
4,2021-03-02,90449,3282286,51844,1743042,38594,1539158,11,86,52774,1059902,0.131867,37458,1121437,0.139522,54626,2181339,0.271389,8037679
4,2021-03-03,104384,3386670,55444,1798486,48920,1588078,20,106,58027,1073635,0.133575,46112,1167549,0.145259,59845,2241184,0.278835,8037679
4,2021-03-04,102640,3489310,57156,1855642,45465,1633543,19,125,55795,1084666,0.134948,46581,1214130,0.151055,57612,2298796,0.286002,8037679
4,2021-03-05,98764,3588074,53270,1908912,45166,1678709,328,453,57741,1103925,0.137344,40772,1254902,0.156127,60031,2358827,0.293471,8037679
4,2021-03-06,77714,3665788,43767,1952679,31295,1710004,2652,3105,47482,1125275,0.14,30088,1284990,0.159871,51438,2410265,0.299871,8037679
4,2021-03-07,45255,3711043,27718,1980397,15313,1725317,2224,5329,26364,1136111,0.141348,18799,1303789,0.16221,29635,2439900,0.303558,8037679
4,2021-03-08,68752,3779795,35903,2016300,29438,1754755,3411,8740,45068,1162329,0.14461,23538,1327327,0.165138,49756,2489656,0.309748,8037679
4,2021-03-09,82854,3862649,41814,2058114,35732,1790487,5308,14048,44631,1175243,0.146217,38021,1365348,0.169868,50935,2540591,0.316085,8037679
4,2021-03-10,92839,3955488,47880,2105994,37383,1827870,7576,21624,46652,1184335,0.147348,45961,1411309,0.175587,55053,2595644,0.322935,8037679
4,2021-03-11,101833,4057321,53373,2159367,39903,1867773,8557,30181,46948,1186160,0.147575,54600,1465909,0.18238,56425,2652069,0.329955,8037679
4,2021-03-12,105665,4162986,52015,2211382,43254,1911027,10396,40577,45192,1182276,0.147092,60163,1526072,0.189865,56279,2708348,0.336956,8037679
4,2021-03-13,82274,4245260,38091,2249473,35629,1946656,8554,49131,38908,1187467,0.147738,43215,1569287,0.195241,48406,2756754,0.342979,8037679
4,2021-03-14,50227,4295487,28603,2278076,17965,1964621,3659,52790,23468,1188487,0.147864,26653,1595940,0.198557,27673,2784427,0.346422,8037679
4,2021-03-15,84417,4379904,45406,2323482,34699,1999320,4312,57102,42782,1195001,0.148675,41327,1637267,0.203699,47841,2832268,0.352374,8037679
4,2021-03-16,108744,4488648,56581,2380063,48711,2048031,3452,60554,57081,1204768,0.14989,51383,1688650,0.210092,61150,2893418,0.359982,8037679
4,2021-03-17,108278,4596926,58292,2438355,46461,2094492,3525,64079,63159,1227095,0.152668,44822,1733472,0.215668,67149,2960567,0.368336,8037679
4,2021-03-18,108120,4705046,59993,2498348,44393,2138885,3734,67813,60980,1245319,0.154935,46841,1780313,0.221496,65065,3025632,0.376431,8037679
4,2021-03-19,112590,4817636,64780,2563128,42560,2181445,5250,73063,63721,1266043,0.157514,48560,1828873,0.227537,69284,3094916,0.385051,8037679
4,2021-03-20,85012,4902648,49771,2612899,32190,2213635,3051,76114,51810,1288152,0.160264,33006,1861879,0.231644,55115,3150031,0.391908,8037679
4,2021-03-21,48652,4951300,35259,2648158,11131,2224766,2262,78376,28341,1298909,0.161602,20163,1882042,0.234152,30920,3180951,0.395755,8037679
4,2021-03-22,83360,5034660,54391,2702549,26212,2250978,2757,81133,51378,1322019,0.164478,31699,1913741,0.238096,54809,3235760,0.402574,8037679
4,2021-03-23,105986,5140646,63473,2766022,40343,2291321,2170,83303,62063,1343152,0.167107,43621,1957362,0.243523,64754,3300514,0.41063,8037679
4,2021-03-24,114663,5255309,73931,2839953,38282,2329603,2450,85753,63727,1359268,0.169112,50462,2007824,0.249801,66578,3367092,0.418913,8037679
4,2021-03-25,118343,5373652,72794,2912747,43096,2372699,2453,88206,66313,1376975,0.171315,51519,2059343,0.256211,69226,3436318,0.427526,8037679
4,2021-03-26,121075,5494727,73398,2986145,44618,2417317,3059,91265,65189,1390296,0.172972,55476,2114819,0.263113,68797,3505115,0.436085,8037679
4,2021-03-27,92960,5587687,54771,3040916,36371,2453688,1818,93083,46808,1393499,0.173371,45875,2160694,0.268821,49078,3554193,0.442191,8037679
4,2021-03-28,56354,5644041,37243,3078159,18231,2471919,880,93963,29647,1397874,0.173915,26515,2187209,0.272119,30890,3585083,0.446035,8037679
4,2021-03-29,94810,5738851,56763,3134922,35935,2507854,2112,96075,50689,1407396,0.1751,43821,2231030,0.277571,53343,3638426,0.452671,8037679
4,2021-03-30,118369,5857220,64623,3199545,49542,2557396,4204,100279,69609,1433100,0.178298,48481,2279511,0.283603,74185,3712611,0.461901,8037679
4,2021-03-31,122144,5979364,72073,3271618,43731,2601127,6340,106619,68019,1453882,0.180883,53731,2333242,0.290288,74513,3787124,0.471171,8037679
4,2021-04-01,143875,6123239,81971,3353589,48497,2649624,13407,120026,84342,1492402,0.185676,58973,2392215,0.297625,97493,3884617,0.483301,8037679
4,2021-04-02,137767,6261006,73604,3427193,50496,2700120,13667,133693,79184,1526983,0.189978,58253,2450468,0.304873,92834,3977451,0.494851,8037679
4,2021-04-03,101840,6362846,54429,3481622,33892,2734012,13519,147212,53070,1544967,0.192216,48544,2499012,0.310912,66528,4043979,0.503128,8037679
4,2021-04-04,47153,6409999,24901,3506523,14697,2748709,7555,154767,20537,1546375,0.192391,26495,2525507,0.314208,27903,4071882,0.506599,8037679
4,2021-04-05,110561,6520560,62034,3568557,35576,2784285,12951,167718,57277,1563922,0.194574,53028,2578535,0.320806,70575,4142457,0.51538,8037679
4,2021-04-06,139911,6660471,78728,3647285,41265,2825550,19918,187636,72448,1589442,0.197749,67198,2645733,0.329166,92718,4235175,0.526915,8037679
4,2021-04-07,138591,6799062,78541,3725826,39199,2864749,20851,208487,71602,1615248,0.20096,66701,2712434,0.337465,92507,4327682,0.538424,8037679
4,2021-04-08,141076,6940138,78610,3804436,36859,2901608,25607,234094,70279,1640909,0.204152,70464,2782898,0.346232,96125,4423807,0.550384,8037679
4,2021-04-09,138683,7078821,75991,3880427,39488,2941096,23204,257298,66198,1658825,0.206381,72200,2855098,0.355214,90116,4513923,0.561595,8037679
4,2021-04-10,104476,7183297,51500,3931927,33948,2975044,19028,276326,47159,1668751,0.207616,57081,2912179,0.362316,67007,4580930,0.569932,8037679
4,2021-04-11,63022,7246319,38248,3970175,13514,2988558,11260,287586,27571,1673169,0.208166,35324,2947503,0.366711,39742,4620672,0.574876,8037679
4,2021-04-12,103562,7349881,62914,4033089,30343,3018901,10305,297891,52122,1685627,0.209716,51107,2998610,0.373069,63565,4684237,0.582785,8037679
4,2021-04-13,131239,7481120,82369,4115458,48700,3067601,170,298061,78365,1712476,0.213056,52551,3051161,0.379607,79400,4763637,0.592663,8037679
4,2021-04-14,136788,7617908,87285,4202743,49422,3117023,81,298142,75606,1728569,0.215058,60827,3111988,0.387175,76920,4840557,0.602233,8037679
4,2021-04-15,156920,7774828,104313,4307056,52530,3169553,77,298219,95900,1764744,0.219559,60595,3172583,0.394714,96770,4937327,0.614273,8037679
4,2021-04-16,144297,7919125,91441,4398497,52775,3222328,81,298300,83566,1788746,0.222545,60372,3232955,0.402225,84374,5021701,0.62477,8037679
4,2021-04-17,101952,8021077,64000,4462497,37924,3260252,28,298328,59563,1807420,0.224868,42085,3275040,0.407461,60759,5082460,0.632329,8037679
4,2021-04-18,57322,8078399,38800,4501297,18517,3278769,5,298333,32157,1815536,0.225878,25009,3300049,0.410572,33125,5115585,0.636451,8037679
4,2021-04-19,101678,8180077,66968,4568265,34688,3313457,22,298355,51385,1817521,0.226125,50025,3350074,0.416796,52010,5167595,0.642921,8037679
4,2021-04-20,131991,8312068,78570,4646835,53401,3366858,20,298375,68270,1823547,0.226875,63356,3413430,0.424679,69382,5236977,0.651553,8037679
4,2021-04-21,135196,8447264,88235,4735070,46898,3413756,63,298438,67906,1825797,0.227155,66844,3480274,0.432995,69094,5306071,0.66015,8037679
4,2021-04-22,142308,8589572,94430,4829500,47853,3461609,25,298463,63422,1811942,0.225431,78447,3558721,0.442755,64592,5370663,0.668186,8037679
4,2021-04-23,135728,8725300,88313,4917813,47389,3508998,26,298489,58719,1795283,0.223358,76610,3635331,0.452286,59951,5430614,0.675645,8037679
4,2021-04-24,99330,8824630,67051,4984864,32227,3541225,52,298541,45645,1788697,0.222539,53367,3688698,0.458926,46781,5477395,0.681465,8037679
4,2021-04-25,50589,8875219,35661,5020525,14902,3556127,26,298567,26376,1791508,0.222889,24052,3712750,0.461918,26863,5504258,0.684807,8037679
4,2021-04-26,92553,8967772,60721,5081246,31429,3587556,403,298970,36277,1773591,0.22066,55943,3768693,0.468878,38026,5542284,0.689538,8037679
4,2021-04-27,114411,9082183,69943,5151189,42138,3629694,2330,301300,41101,1744863,0.217085,72969,3841662,0.477957,44241,5586525,0.695042,8037679
4,2021-04-28,105024,9187207,68598,5219787,33876,3663570,2550,303850,38319,1720072,0.214001,66335,3907997,0.48621,41544,5628069,0.700211,8037679
4,2021-04-29,106437,9293644,67975,5287762,35919,3699489,2543,306393,34291,1685742,0.20973,71769,3979766,0.495139,37439,5665508,0.704869,8037679
4,2021-04-30,106148,9399792,67228,5354990,36201,3735690,2719,309112,36400,1656205,0.206055,69323,4049089,0.503763,39786,5705294,0.709819,8037679
4,2021-05-01,70073,9469865,46494,5401484,21790,3757480,1789,310901,20429,1629726,0.202761,49327,4098416,0.5099,22848,5728142,0.712661,8037679
4,2021-05-02,37847,9507712,26862,5428346,9685,3767165,1300,312201,10594,1614635,0.200883,27123,4125539,0.513275,12032,5740174,0.714158,8037679
4,2021-05-03,79650,9587362,55545,5483891,21601,3788766,2504,314705,19271,1576666,0.196159,60100,4185639,0.520752,22131,5762305,0.716912,8037679
4,2021-05-04,101850,9689212,69714,5553605,29348,3818114,2788,317493,22703,1523725,0.189573,78816,4264455,0.530558,25875,5788180,0.720131,8037679
4,2021-05-05,102718,9791930,72404,5626009,27556,3845670,2758,320251,21863,1468156,0.182659,80494,4344949,0.540573,24925,5813105,0.723232,8037679
4,2021-05-06,112516,9904446,84307,5710316,25254,3870924,2955,323206,19644,1399518,0.17412,92359,4437308,0.552063,23721,5836826,0.726183,8037679
4,2021-05-07,105426,10009872,75788,5786104,26949,3897873,2689,325895,20721,1339036,0.166595,84303,4521611,0.562552,23821,5860647,0.729147,8037679
4,2021-05-08,70183,10080055,48406,5834510,19842,3917715,1935,327830,13825,1299033,0.161618,56108,4577719,0.569532,16105,5876752,0.73115,8037679
4,2021-05-09,34495,10114550,28219,5862729,5326,3923041,950,328780,7417,1280532,0.159316,26961,4604680,0.572887,8460,5885212,0.732203,8037679
4,2021-05-10,65434,10179984,43811,5906540,19290,3942331,2333,331113,11058,1240081,0.154283,54139,4658819,0.579622,13688,5898900,0.733906,8037679
4,2021-05-11,83638,10263622,52351,5958891,29087,3971418,2200,333313,15863,1191179,0.148199,67507,4726326,0.588021,18605,5917505,0.736221,8037679
4,2021-05-12,80130,10343752,53281,6012172,24368,3995786,2481,335794,16632,1147563,0.142773,63179,4789505,0.595882,19563,5937068,0.738655,8037679
4,2021-05-13,105136,10448888,77372,6089544,26225,4022011,1539,337333,40668,1126710,0.140179,64116,4853621,0.603859,43263,5980331,0.744037,8037679
4,2021-05-14,105458,10554346,74450,6163994,28872,4050883,2136,339469,40555,1105383,0.137525,64556,4918177,0.61189,43229,6023560,0.749415,8037679
4,2021-05-15,86076,10640422,66540,6230534,18198,4069081,1338,340807,37940,1097088,0.136493,47874,4966051,0.617846,39579,6063139,0.75434,8037679
4,2021-05-16,51840,10692262,41763,6272297,9358,4078439,719,341526,21251,1088773,0.135459,30427,4996478,0.621632,22112,6085251,0.757091,8037679
4,2021-05-17,71467,10763729,52206,6324503,17416,4095855,1845,343371,28199,1076011,0.133871,43045,5039523,0.626987,30283,6115534,0.760858,8037679
4,2021-05-18,82113,10845842,53378,6377881,26979,4122834,1756,345127,29307,1055019,0.131259,52429,5091952,0.63351,31437,6146971,0.764769,8037679
4,2021-05-19,77177,10923019,52154,6430035,23070,4145904,1953,347080,30964,1042332,0.129681,45889,5137841,0.639219,33202,6180173,0.7689,8037679
4,2021-05-20,69416,10992435,44627,6474662,22785,4168689,2004,349084,25714,1027002,0.127773,43397,5181238,0.644619,28067,6208240,0.772392,8037679
4,2021-05-21,74136,11066571,48868,6523530,23384,4192073,1884,350968,26107,1007552,0.125354,47707,5228945,0.650554,28257,6236497,0.775908,8037679
4,2021-05-22,50183,11116754,35202,6558732,13704,4205777,1277,352245,21774,1002606,0.124738,28236,5257181,0.654067,23290,6259787,0.778805,8037679
4,2021-05-23,24006,11140760,17122,6575854,6159,4211936,725,352970,9734,999034,0.124294,14143,5271324,0.655827,10571,6270358,0.78012,8037679
4,2021-05-24,43291,11184051,27522,6603376,12752,4224688,3017,355987,15143,989481,0.123105,27914,5299238,0.6593,18361,6288719,0.782405,8037679
4,2021-05-25,45155,11229206,28083,6631459,14235,4238923,2837,358824,15956,979558,0.121871,28942,5328180,0.6629,19019,6307738,0.784771,8037679
4,2021-05-26,44907,11274113,26928,6658387,15366,4254289,2613,361437,15952,969577,0.120629,28718,5356898,0.666473,18737,6326475,0.787102,8037679
4,2021-05-27,39068,11313181,23425,6681812,12500,4266789,3143,364580,14705,963438,0.119865,24150,5381048,0.669478,18011,6344486,0.789343,8037679
4,2021-05-28,43585,11356766,27730,6709542,14243,4281032,1612,366192,18954,959876,0.119422,24346,5405394,0.672507,20784,6365270,0.791929,8037679
4,2021-05-29,23757,11380523,15403,6724945,7419,4288451,935,367127,10871,959086,0.119324,12729,5418123,0.67409,11939,6377209,0.793414,8037679
4,2021-05-30,12106,11392629,8501,6733446,3075,4291526,530,367657,5020,957692,0.11915,7010,5425133,0.674963,5616,6382825,0.794113,8037679
4,2021-05-31,3635,11396264,2312,6735758,1159,4292685,164,367821,1161,956623,0.119017,2415,5427548,0.675263,1346,6384171,0.79428,8037679
4,2021-06-01,39597,11435861,24601,6760359,12541,4305226,2455,370276,13029,945993,0.117695,26328,5453876,0.678539,15698,6399869,0.796233,8037679
4,2021-06-02,32710,11468571,20419,6780778,9479,4314705,2812,373088,10889,938209,0.116726,21629,5475505,0.68123,13845,6413714,0.797956,8037679
4,2021-06-03,48250,11516821,37012,6817790,8775,4323480,2463,375551,10372,913663,0.113672,37695,5513200,0.685919,13149,6426863,0.799592,8037679
4,2021-06-04,54967,11571788,44248,6862038,9389,4332869,1330,376881,12723,886538,0.110298,41991,5555191,0.691144,14866,6441729,0.801441,8037679
4,2021-06-05,44954,11616742,38495,6900533,5463,4338332,996,377877,8761,860565,0.107066,36032,5591223,0.695627,10059,6451788,0.802693,8037679
4,2021-06-06,21263,11638005,18966,6919499,1732,4340064,565,378442,3916,848208,0.105529,17237,5608460,0.697771,4880,6456668,0.8033,8037679
4,2021-06-07,38815,11676820,31401,6950900,5480,4345544,1934,380376,8431,828622,0.103092,30243,5638703,0.701534,10657,6467325,0.804626,8037679
4,2021-06-08,40675,11717495,31905,6982805,6220,4351764,2550,382926,9420,809875,0.10076,31058,5669761,0.705398,12311,6479636,0.806158,8037679
4,2021-06-09,38985,11756480,30899,7013704,5718,4357482,2368,385294,7918,789627,0.098241,30888,5700649,0.709241,10640,6490276,0.807481,8037679
4,2021-06-10,37210,11793690,29311,7043015,5274,4362756,2625,387919,8395,772263,0.09608,28647,5729296,0.712805,11283,6501559,0.808885,8037679
4,2021-06-11,38393,11832083,30129,7073144,6248,4369004,2016,389935,9875,756155,0.094076,28350,5757646,0.716332,12242,6513801,0.810408,8037679
4,2021-06-12,26621,11858704,22137,7095281,3769,4372773,715,390650,6025,742632,0.092394,20483,5778129,0.71888,6960,6520761,0.811274,8037679
4,2021-06-13,10843,11869547,8567,7103848,1799,4374572,477,391127,2267,736978,0.09169,8507,5786636,0.719939,2853,6523614,0.811629,8037679
4,2021-06-14,28619,11898166,21404,7125252,4409,4378981,2806,393933,7778,727083,0.090459,20696,5807332,0.722514,10801,6534415,0.812973,8037679
4,2021-06-15,30052,11928218,21238,7146490,5401,4384382,3413,397346,8301,717476,0.089264,21573,5828905,0.725198,11966,6546381,0.814462,8037679
4,2021-06-16,26657,11954875,20085,7166575,3946,4388328,2626,399972,8018,709876,0.088319,18453,5847358,0.727493,10853,6557234,0.815812,8037679
4,2021-06-17,25207,11980082,18609,7185184,3701,4392029,2897,402869,7632,703216,0.08749,17382,5864740,0.729656,10722,6567956,0.817146,8037679
4,2021-06-18,26771,12006853,21106,7206290,4430,4396459,1235,404104,8236,694608,0.086419,18326,5883066,0.731936,9718,6577674,0.818355,8037679
4,2021-06-19,15784,12022637,12768,7219058,2309,4398768,707,404811,5063,689977,0.085843,10572,5893638,0.733251,5941,6583615,0.819094,8037679
4,2021-06-20,7368,12030005,6065,7225123,996,4399764,307,405118,2618,688295,0.085634,4691,5898329,0.733835,3009,6586624,0.819468,8037679
4,2021-06-21,14613,12044618,10558,7235681,2911,4402675,1144,406262,7332,689745,0.085814,7187,5905516,0.734729,8637,6595261,0.820543,8037679
4,2021-06-22,20524,12065142,15984,7251665,3461,4406136,1079,407341,7114,684815,0.085201,13274,5918790,0.73638,8344,6603605,0.821581,8037679
4,2021-06-23,18435,12083577,14462,7266127,2975,4409111,998,408339,6712,681070,0.084735,11580,5930370,0.737821,7835,6611440,0.822556,8037679
4,2021-06-24,17616,12101193,13622,7279749,3004,4412115,990,409329,6568,677872,0.084337,10891,5941261,0.739176,7693,6619133,0.823513,8037679
4,2021-06-25,21613,12122806,16975,7296724,3588,4415703,1050,410379,7816,673255,0.083762,13653,5954914,0.740875,9036,6628169,0.824637,8037679
4,2021-06-26,13101,12135907,10664,7307388,1818,4417521,619,410998,4816,670641,0.083437,8159,5963073,0.74189,5545,6633714,0.825327,8037679
4,2021-06-27,6853,12142760,5551,7312939,960,4418481,342,411340,2878,669982,0.083355,3934,5967007,0.742379,3275,6636989,0.825735,8037679
4,2021-06-28,15091,12157851,12665,7325604,1568,4420049,858,412198,6042,668060,0.083116,8949,5975956,0.743493,7027,6644016,0.826609,8037679
4,2021-06-29,16491,12174342,12792,7338396,2887,4422936,812,413010,6348,665321,0.082775,10021,5985977,0.744739,7282,6651298,0.827515,8037679
4,2021-06-30,14613,12188955,11393,7349789,2482,4425418,738,413748,6061,663821,0.082589,8417,5994394,0.745787,6917,6658215,0.828375,8037679
4,2021-07-01,14511,12203466,11435,7361224,2329,4427747,747,414495,5946,662211,0.082388,8440,6002834,0.746837,6830,6665045,0.829225,8037679
4,2021-07-02,16796,12220262,13317,7374541,2714,4430461,765,415260,6860,660132,0.08213,9831,6012665,0.74806,7752,6672797,0.83019,8037679
4,2021-07-03,9185,12229447,7289,7381830,1486,4431947,410,415670,3973,659441,0.082044,5131,6017796,0.748698,4440,6677237,0.830742,8037679
4,2021-07-04,444,12229891,278,7382108,106,4432053,60,415730,196,659466,0.082047,242,6018038,0.748728,267,6677504,0.830775,8037679
4,2021-07-05,9185,12239076,7469,7389577,1300,4433353,416,416146,4160,659145,0.082007,4946,6022984,0.749344,4625,6682129,0.831351,8037679
4,2021-07-06,16476,12255552,12976,7402553,2699,4436052,801,416947,6065,655837,0.081595,10284,6033268,0.750623,6976,6689105,0.832218,8037679
4,2021-07-07,13756,12269308,10731,7413284,2245,4438297,780,417727,5186,653467,0.0813,8458,6041726,0.751675,6088,6695193,0.832976,8037679
4,2021-07-08,13210,12282518,10316,7423600,2066,4440363,828,418555,5178,651656,0.081075,7907,6049633,0.752659,6096,6701289,0.833734,8037679
4,2021-07-09,15425,12297943,11827,7435427,2662,4443025,936,419491,6266,649964,0.080865,9010,6058643,0.75378,7318,6708607,0.834645,8037679
4,2021-07-10,8840,12306783,6994,7442421,1445,4444470,401,419892,3713,649098,0.080757,5040,6063683,0.754407,4174,6712781,0.835164,8037679
4,2021-07-11,4976,12311759,3981,7446402,794,4445264,201,420093,2226,648850,0.080726,2705,6066388,0.754744,2457,6715238,0.83547,8037679
4,2021-07-12,13036,12324795,10318,7456720,1998,4447262,720,420813,5058,646831,0.080475,7899,6074287,0.755726,5880,6721118,0.836201,8037679
4,2021-07-13,12834,12337629,9822,7466542,2375,4449637,637,421450,5458,645750,0.08034,7271,6081558,0.756631,6190,6727308,0.836971,8037679
4,2021-07-14,11731,12349360,9228,7475770,1948,4451585,555,422005,5074,644882,0.080232,6565,6088123,0.757448,5697,6733005,0.83768,8037679
4,2021-07-15,12420,12361780,9864,7485634,1967,4453552,589,422594,5636,644524,0.080188,6658,6094781,0.758276,6300,6739305,0.838464,8037679
4,2021-07-16,15005,12376785,11707,7497341,2631,4456183,667,423261,6923,644243,0.080153,7979,6102760,0.759269,7698,6747003,0.839422,8037679
4,2021-07-17,9355,12386140,7398,7504739,1632,4457815,325,423586,4427,644209,0.080149,4829,6107589,0.75987,4795,6751798,0.840018,8037679
4,2021-07-18,5356,12391496,4313,7509052,842,4458657,201,423787,2530,644194,0.080147,2767,6110356,0.760214,2752,6754550,0.840361,8037679
4,2021-07-19,12817,12404313,10153,7519205,2008,4460665,656,424443,6087,644377,0.08017,6638,6116994,0.76104,6821,6761371,0.841209,8037679
4,2021-07-20,13769,12418082,10611,7529816,2494,4463159,664,425107,6794,645087,0.080258,6830,6123824,0.76189,7540,6768911,0.842147,8037679
4,2021-07-21,12827,12430909,9948,7539764,2230,4465389,649,425756,6385,645873,0.080356,6305,6130129,0.762674,7091,6776002,0.84303,8037679
4,2021-07-22,13491,12444400,10527,7550291,2306,4467695,658,426414,7027,647292,0.080532,6329,6136458,0.763461,7748,6783750,0.843994,8037679
4,2021-07-23,15720,12460120,12129,7562420,2898,4470593,693,427107,8252,649027,0.080748,7298,6143756,0.764369,9033,6792783,0.845117,8037679
4,2021-07-24,9582,12469702,7503,7569923,1752,4472345,327,427434,4941,649841,0.080849,4504,6148260,0.76493,5318,6798101,0.845779,8037679
4,2021-07-25,4768,12474470,3750,7573673,860,4473205,158,427592,3360,652024,0.081121,1350,6149610,0.765098,3533,6801634,0.846219,8037679
4,2021-07-26,12972,12487442,10156,7583829,2135,4475340,681,428273,7552,655036,0.081496,5276,6154886,0.765754,8288,6809922,0.84725,8037679
4,2021-07-27,14336,12501778,10991,7594820,2586,4477926,759,429032,7746,657147,0.081758,6434,6161320,0.766555,8545,6818467,0.848313,8037679
4,2021-07-28,13223,12515001,10092,7604912,2428,4480354,703,429735,7343,659538,0.082056,5711,6167031,0.767265,8102,6826569,0.849321,8037679
4,2021-07-29,13483,12528484,10486,7615398,2284,4482638,713,430448,7572,662216,0.082389,5685,6172716,0.767972,8363,6834932,0.850361,8037679
4,2021-07-30,15795,12544279,12107,7627505,2890,4485528,798,431246,8582,664849,0.082717,6849,6179565,0.768825,9482,6844414,0.851541,8037679
4,2021-07-31,9754,12554033,7612,7635117,1718,4487246,424,431670,5517,666792,0.082958,4038,6183603,0.769327,5981,6850395,0.852285,8037679
4,2021-08-01,5428,12559461,4483,7639600,777,4488023,168,431838,3211,668092,0.08312,2113,6185716,0.76959,3413,6853808,0.85271,8037679
4,2021-08-02,14058,12573519,11226,7650826,2093,4490116,739,432577,8209,671470,0.08354,5639,6191355,0.770291,9017,6862825,0.853832,8037679
4,2021-08-03,14676,12588195,11281,7662107,2632,4492748,763,433340,8446,674749,0.083948,6005,6197360,0.771039,9284,6872109,0.854987,8037679
4,2021-08-04,13377,12601572,10422,7672529,2266,4495014,689,434029,7572,677458,0.084285,5593,6202953,0.771734,8302,6880411,0.85602,8037679
4,2021-08-05,14342,12615914,11322,7683851,2254,4497268,766,434795,8067,680319,0.084641,6022,6208975,0.772484,8883,6889294,0.857125,8037679
4,2021-08-06,17219,12633133,13219,7697070,3132,4500400,868,435663,9599,683555,0.085044,7300,6216275,0.773392,10536,6899830,0.858436,8037679
4,2021-08-07,10180,12643313,8092,7705162,1648,4502048,440,436103,5556,685148,0.085242,4444,6220719,0.773945,6037,6905867,0.859187,8037679
4,2021-08-08,6243,12649556,4965,7710127,1076,4503124,202,436305,3604,686481,0.085408,2503,6223222,0.774256,3836,6909703,0.859664,8037679
4,2021-08-09,14611,12664167,11836,7721963,2033,4505157,742,437047,7820,688558,0.085666,6563,6229785,0.775073,8640,6918343,0.860739,8037679
4,2021-08-10,14816,12678983,11414,7733377,2647,4507804,755,437802,7832,690473,0.085905,6737,6236522,0.775911,8652,6926995,0.861815,8037679
4,2021-08-11,12583,12691566,9646,7743023,2173,4509977,764,438566,6559,692065,0.086103,5762,6242284,0.776628,7354,6934349,0.86273,8037679
4,2021-08-12,14125,12705691,10763,7753786,2606,4512583,756,439322,7279,693639,0.086298,6507,6248791,0.777437,8081,6942430,0.863736,8037679
4,2021-08-13,17733,12723424,13145,7766931,3694,4516277,894,440216,8742,695017,0.08647,8329,6257120,0.778473,9707,6952137,0.864943,8037679
4,2021-08-14,12254,12735678,8750,7775681,2998,4519275,506,440722,5583,696193,0.086616,4977,6262097,0.779093,6153,6958290,0.865709,8037679
4,2021-08-15,7468,12743146,5459,7781140,1787,4521062,222,440944,3306,696851,0.086698,2914,6265011,0.779455,3572,6961862,0.866153,8037679
4,2021-08-16,18095,12761241,12534,7793674,4699,4525761,862,441806,7499,697837,0.086821,7456,6272467,0.780383,8442,6970304,0.867204,8037679
4,2021-08-17,18344,12779585,12484,7806158,5015,4530776,845,442651,7286,698597,0.086915,7451,6279918,0.78131,8211,6978515,0.868225,8037679
4,2021-08-18,17956,12797541,12098,7818256,5086,4535862,772,443423,6848,699340,0.087008,6953,6286871,0.782175,7696,6986211,0.869183,8037679
4,2021-08-19,18159,12815700,12125,7830381,5278,4541140,756,444179,6755,700177,0.087112,6756,6293627,0.783015,7593,6993804,0.870127,8037679
4,2021-08-20,22664,12838364,15398,7845779,6486,4547626,780,444959,8112,700205,0.087115,8983,6302610,0.784133,9011,7002815,0.871248,8037679
4,2021-08-21,14312,12852676,9988,7855767,3940,4551566,384,445343,4823,699816,0.087067,5663,6308273,0.784838,5274,7008089,0.871905,8037679
4,2021-08-22,2153,12854829,1549,7857316,464,4552030,140,445483,737,699828,0.087068,892,6309165,0.784949,904,7008993,0.872017,8037679
