vemquartile,administered_date,total_doses,cumulative_total_doses,pfizer_doses,cumulative_pfizer_doses,moderna_doses,cumulative_moderna_doses,jj_doses,cumulative_jj_doses,partially_vaccinated,total_partially_vaccinated,pct_age12pop_partially_vaccinated,fully_vaccinated,cumulative_fully_vaccinated,pct_age12pop_fully_vaccinated,at_least_one_dose,cumulative_at_least_one_dose,pct_age12pop_at_least_one_dose,age12_population
1,2020-12-15,156,156,156,156,0,0,0,0,156,156,1.8e-05,0,0,0.0,156,156,1.8e-05,8700223
1,2020-12-16,1226,1382,1226,1382,0,0,0,0,1226,1382,0.000159,0,0,0.0,1226,1382,0.000159,8700223
1,2020-12-17,4183,5565,4183,5565,0,0,0,0,4184,5566,0.00064,0,0,0.0,4184,5566,0.00064,8700223
1,2020-12-18,6380,11945,6357,11922,23,23,0,0,6382,11947,0.001373,1,1,0.0,6382,11948,0.001373,8700223
1,2020-12-19,2877,14822,2874,14796,3,26,0,0,2876,14822,0.001704,1,2,0.0,2876,14824,0.001704,8700223
1,2020-12-20,2128,16950,2119,16915,9,35,0,0,2129,16951,0.001948,0,2,0.0,2129,16953,0.001949,8700223
1,2020-12-21,7652,24602,7631,24546,21,56,0,0,7701,24652,0.002833,1,3,0.0,7702,24655,0.002834,8700223
1,2020-12-22,7317,31919,6973,31519,344,400,0,0,7318,31968,0.003674,2,5,1e-06,7318,31973,0.003675,8700223
1,2020-12-23,7839,39758,6580,38099,1259,1659,0,0,7834,39801,0.004575,2,7,1e-06,7835,39808,0.004576,8700223
1,2020-12-24,3298,43056,2356,40455,942,2601,0,0,3300,43101,0.004954,0,7,1e-06,3300,43108,0.004955,8700223
1,2020-12-25,240,43296,156,40611,84,2685,0,0,240,43341,0.004982,0,7,1e-06,240,43348,0.004982,8700223
1,2020-12-26,1364,44660,972,41583,392,3077,0,0,1363,44703,0.005138,1,8,1e-06,1363,44711,0.005139,8700223
1,2020-12-27,873,45533,539,42122,334,3411,0,0,873,45575,0.005238,1,9,1e-06,873,45584,0.005239,8700223
1,2020-12-28,7091,52624,4750,46872,2341,5752,0,0,7089,52664,0.006053,0,9,1e-06,7089,52673,0.006054,8700223
1,2020-12-29,8905,61529,4978,51850,3927,9679,0,0,8901,61563,0.007076,2,11,1e-06,8901,61574,0.007077,8700223
1,2020-12-30,11575,73104,6444,58294,5131,14810,0,0,11574,73136,0.008406,1,12,1e-06,11574,73148,0.008408,8700223
1,2020-12-31,5980,79084,1953,60247,4027,18837,0,0,5978,79111,0.009093,4,16,2e-06,5979,79127,0.009095,8700223
1,2021-01-01,596,79680,228,60475,368,19205,0,0,593,79702,0.009161,2,18,2e-06,593,79720,0.009163,8700223
1,2021-01-02,2919,82599,1767,62242,1152,20357,0,0,2919,82621,0.009496,0,18,2e-06,2919,82639,0.009498,8700223
1,2021-01-03,1040,83639,550,62792,490,20847,0,0,1038,83656,0.009615,3,21,2e-06,1038,83677,0.009618,8700223
1,2021-01-04,7385,91024,3591,66383,3794,24641,0,0,7389,91044,0.010465,1,22,3e-06,7389,91066,0.010467,8700223
1,2021-01-05,10870,101894,5247,71630,5623,30264,0,0,10073,100360,0.011535,779,801,9.2e-05,10095,101161,0.011627,8700223
1,2021-01-06,14087,115981,7068,78698,7019,37283,0,0,12163,110648,0.012718,1888,2689,0.000309,12176,113337,0.013027,8700223
1,2021-01-07,17539,133520,9173,87871,8366,45649,0,0,13017,119246,0.013706,4429,7118,0.000818,13027,126364,0.014524,8700223
1,2021-01-08,20212,153732,10498,98369,9714,55363,0,0,14265,127590,0.014665,5930,13048,0.0015,14274,140638,0.016165,8700223
1,2021-01-09,6695,160427,3399,101768,3296,58659,0,0,4840,130581,0.015009,1852,14900,0.001713,4843,145481,0.016722,8700223
1,2021-01-10,3097,163524,1767,103535,1330,59989,0,0,1908,131305,0.015092,1185,16085,0.001849,1909,147390,0.016941,8700223
1,2021-01-11,18079,181603,11851,115386,6228,66217,0,0,11530,136339,0.015671,6539,22624,0.0026,11573,158963,0.018271,8700223
1,2021-01-12,19134,200737,10963,126349,8171,74388,0,0,13138,143550,0.0165,5969,28593,0.003286,13180,172143,0.019786,8700223
1,2021-01-13,19862,220599,10751,137100,9111,83499,0,0,14697,153121,0.0176,5144,33737,0.003878,14715,186858,0.021477,8700223
1,2021-01-14,22049,242648,9449,146549,12600,96099,0,0,19295,169778,0.019514,2697,36434,0.004188,19354,206212,0.023702,8700223
1,2021-01-15,25198,267846,9250,155799,15948,112047,0,0,23253,191185,0.021975,1907,38341,0.004407,23314,229526,0.026382,8700223
1,2021-01-16,13889,281735,4543,160342,9346,121393,0,0,13012,203326,0.02337,874,39215,0.004507,13015,242541,0.027878,8700223
1,2021-01-17,5220,286955,2037,162379,3183,124576,0,0,4851,207812,0.023886,368,39583,0.00455,4854,247395,0.028435,8700223
1,2021-01-18,14337,301292,8607,170986,5730,130306,0,0,11154,215851,0.02481,3170,42753,0.004914,11209,258604,0.029724,8700223
1,2021-01-19,24686,325978,12765,183751,11921,142227,0,0,19530,230300,0.026471,5135,47888,0.005504,19584,278188,0.031975,8700223
1,2021-01-20,29453,355431,14736,198487,14717,156944,0,0,23522,248011,0.028506,5852,53740,0.006177,23563,301751,0.034683,8700223
1,2021-01-21,31246,386677,14667,213154,16579,173523,0,0,27965,272857,0.031362,3216,56956,0.006546,28062,329813,0.037909,8700223
1,2021-01-22,28415,415092,11291,224445,17124,190647,0,0,26348,297236,0.034164,2001,58957,0.006776,26380,356193,0.040941,8700223
1,2021-01-23,18736,433828,8195,232640,10541,201188,0,0,16775,312090,0.035871,1931,60888,0.006998,16785,372978,0.04287,8700223
1,2021-01-24,6689,440517,4160,236800,2529,203717,0,0,6030,317472,0.03649,654,61542,0.007074,6036,379014,0.043564,8700223
1,2021-01-25,25459,465976,10501,247301,14958,218675,0,0,19660,331488,0.038101,5751,67293,0.007735,19767,398781,0.045836,8700223
1,2021-01-26,28837,494813,13488,260789,15349,234024,0,0,22139,347013,0.039886,6636,73929,0.008497,22161,420942,0.048383,8700223
1,2021-01-27,32687,527500,15567,276356,17120,251144,0,0,24563,363553,0.041787,8059,81988,0.009424,24599,445541,0.05121,8700223
1,2021-01-28,35022,562522,16429,292785,18593,269737,0,0,28044,384757,0.044224,6909,88897,0.010218,28113,473654,0.054442,8700223
1,2021-01-29,33731,596253,16484,309269,17247,286984,0,0,27126,405462,0.046604,6462,95359,0.010961,27167,500821,0.057564,8700223
1,2021-01-30,20184,616437,8717,317986,11467,298451,0,0,18041,421402,0.048436,2113,97472,0.011203,18053,518874,0.059639,8700223
1,2021-01-31,7700,624137,5015,323001,2685,301136,0,0,6985,427682,0.049158,708,98180,0.011285,6988,525862,0.060442,8700223
1,2021-02-01,29048,653185,12548,335549,16500,317636,0,0,21198,441086,0.050698,7799,105979,0.012181,21203,547065,0.062879,8700223
1,2021-02-02,32773,685958,11834,347383,20939,338575,0,0,24498,457429,0.052577,8192,114171,0.013123,24535,571600,0.065699,8700223
1,2021-02-03,39690,725648,15273,362656,24417,362992,0,0,28570,475086,0.054606,10951,125122,0.014381,28608,600208,0.068988,8700223
1,2021-02-04,44078,769726,17148,379804,26930,389922,0,0,31768,494718,0.056863,12185,137307,0.015782,31817,632025,0.072645,8700223
1,2021-02-05,46821,816547,17171,396975,29650,419572,0,0,30670,509440,0.058555,16001,153308,0.017621,30723,662748,0.076176,8700223
1,2021-02-06,26558,843105,10489,407464,16069,435641,0,0,20638,524223,0.060254,5872,159180,0.018296,20655,683403,0.07855,8700223
1,2021-02-07,6270,849375,4033,411497,2237,437878,0,0,4625,527241,0.060601,1625,160805,0.018483,4643,688046,0.079084,8700223
1,2021-02-08,31630,881005,14438,425935,17192,455070,0,0,21065,537936,0.06183,10467,171272,0.019686,21162,709208,0.081516,8700223
1,2021-02-09,38625,919630,16987,442922,21638,476708,0,0,23819,547113,0.062885,14722,185994,0.021378,23899,733107,0.084263,8700223
1,2021-02-10,47399,967029,22261,465183,25138,501846,0,0,26975,553873,0.063662,20296,206290,0.023711,27056,760163,0.087373,8700223
1,2021-02-11,51860,1018889,25440,490623,26420,528266,0,0,30959,564354,0.064867,20585,226875,0.026077,31066,791229,0.090944,8700223
1,2021-02-12,50049,1068938,21529,512152,28520,556786,0,0,28707,572015,0.065747,21186,248061,0.028512,28847,820076,0.094259,8700223
1,2021-02-13,26389,1095327,11536,523688,14853,571639,0,0,15269,576310,0.066241,11050,259111,0.029782,15345,835421,0.096023,8700223
1,2021-02-14,11801,1107128,5568,529256,6233,577872,0,0,6715,578037,0.066439,5055,264166,0.030363,6782,842203,0.096802,8700223
1,2021-02-15,23949,1131077,9405,538661,14544,592416,0,0,14574,583477,0.067065,9250,273416,0.031426,14690,856893,0.098491,8700223
1,2021-02-16,47227,1178304,22527,561188,24700,617116,0,0,27535,591519,0.067989,19607,293023,0.03368,27649,884542,0.101669,8700223
1,2021-02-17,48569,1226873,24591,585779,23978,641094,0,0,26128,595510,0.068448,22284,315307,0.036241,26275,910817,0.104689,8700223
1,2021-02-18,51207,1278080,25614,611393,25593,666687,0,0,26508,597798,0.068711,24453,339760,0.039052,26741,937558,0.107763,8700223
1,2021-02-19,46664,1324744,25304,636697,21360,688047,0,0,26112,603580,0.069375,20393,360153,0.041396,26175,963733,0.110771,8700223
1,2021-02-20,27673,1352417,16864,653561,10809,698856,0,0,15787,607623,0.06984,11822,371975,0.042755,15865,979598,0.112595,8700223
1,2021-02-21,12377,1364794,10654,664215,1723,700579,0,0,7432,610221,0.070139,4883,376858,0.043316,7481,987079,0.113454,8700223
1,2021-02-22,31636,1396430,20834,685049,10802,711381,0,0,18190,615162,0.070706,13350,390208,0.04485,18291,1005370,0.115557,8700223
1,2021-02-23,45913,1442343,22282,707331,23631,735012,0,0,25208,620321,0.071299,20412,410620,0.047196,25571,1030941,0.118496,8700223
1,2021-02-24,55913,1498256,26993,734324,28920,763932,0,0,30743,626555,0.072016,24963,435583,0.050066,31197,1062138,0.122082,8700223
1,2021-02-25,68564,1566820,33286,767610,35278,799210,0,0,42391,643449,0.073958,25999,461582,0.053054,42893,1105031,0.127012,8700223
1,2021-02-26,76622,1643442,35881,803491,40741,839951,0,0,50045,667641,0.076738,26329,487911,0.05608,50521,1155552,0.132819,8700223
1,2021-02-27,52802,1696244,24217,827708,28576,868527,9,9,34633,684525,0.078679,18025,505936,0.058152,34909,1190461,0.136831,8700223
1,2021-02-28,20227,1716471,12001,839709,8224,876751,2,11,14824,694178,0.079789,5313,511249,0.058763,14966,1205427,0.138551,8700223
1,2021-03-01,46081,1762552,21327,861036,24704,901455,50,61,29598,707767,0.08135,16297,527546,0.060636,29886,1235313,0.141986,8700223
1,2021-03-02,64774,1827326,28003,889039,36762,938217,9,70,41191,726189,0.083468,23399,550945,0.063325,41821,1277134,0.146793,8700223
1,2021-03-03,72003,1899329,34242,923281,37734,975951,27,97,43758,742490,0.085341,28077,579022,0.066553,44378,1321512,0.151894,8700223
1,2021-03-04,80036,1979365,37522,960803,42478,1018429,36,133,51370,765939,0.088037,28473,607495,0.069825,51922,1373434,0.157862,8700223
1,2021-03-05,79015,2058380,35599,996402,43209,1061638,207,340,52679,793366,0.091189,26088,633583,0.072824,53515,1426949,0.164013,8700223
1,2021-03-06,58013,2116393,27580,1023982,29083,1090721,1350,1690,39280,815707,0.093757,18651,652234,0.074968,40992,1467941,0.168725,8700223
1,2021-03-07,20947,2137340,13034,1037016,6721,1097442,1192,2882,15507,827243,0.095083,5413,657647,0.07559,16949,1484890,0.170673,8700223
1,2021-03-08,46027,2183367,22487,1059503,21580,1119022,1960,4842,32238,848093,0.097479,13684,671331,0.077163,34534,1519424,0.174642,8700223
1,2021-03-09,66721,2250088,32263,1091766,31950,1150972,2508,7350,41033,866434,0.099588,25534,696865,0.080097,43875,1563299,0.179685,8700223
1,2021-03-10,73729,2323817,36713,1128479,32519,1183491,4497,11847,45373,888424,0.102115,28244,725109,0.083344,50234,1613533,0.185459,8700223
1,2021-03-11,90182,2413999,41453,1169932,40723,1224214,8006,19853,52517,911960,0.10482,37431,762540,0.087646,60967,1674500,0.192466,8700223
1,2021-03-12,98975,2512974,43631,1213563,42935,1267149,12409,32262,57828,941708,0.10824,40934,803474,0.092351,70682,1745182,0.20059,8700223
1,2021-03-13,65311,2578285,29537,1243100,28101,1295250,7673,39935,41666,967849,0.111244,23510,826984,0.095053,49651,1794833,0.206297,8700223
1,2021-03-14,27907,2606192,14923,1258023,9413,1304663,3571,43506,15630,975032,0.11207,12203,839187,0.096456,19386,1814219,0.208526,8700223
1,2021-03-15,65272,2671464,28789,1286812,29732,1334395,6751,50257,38364,993814,0.114229,26686,865873,0.099523,45468,1859687,0.213752,8700223
1,2021-03-16,85817,2757281,39128,1325940,41042,1375437,5647,55904,53190,1020593,0.117307,32399,898272,0.103247,59178,1918865,0.220554,8700223
1,2021-03-17,93089,2850370,45381,1371321,41168,1416605,6540,62444,59811,1054259,0.121176,33038,931310,0.107044,66704,1985569,0.22822,8700223
1,2021-03-18,98845,2949215,50962,1422283,42163,1458768,5720,68164,59734,1081450,0.124301,38749,970059,0.111498,65940,2051509,0.2358,8700223
1,2021-03-19,103724,3052939,53727,1476010,43695,1502463,6302,74466,60588,1106023,0.127126,42832,1012891,0.116421,67405,2118914,0.243547,8700223
1,2021-03-20,72528,3125467,37297,1513307,30015,1532478,5216,79682,46498,1132177,0.130132,25841,1038732,0.119391,51995,2170909,0.249523,8700223
1,2021-03-21,27262,3152729,19036,1532343,6419,1538897,1807,81489,16960,1140826,0.131126,10208,1048940,0.120565,18857,2189766,0.251691,8700223
1,2021-03-22,59278,3212007,30632,1562975,25339,1564236,3307,84796,39863,1165182,0.133926,19185,1068125,0.12277,43541,2233307,0.256695,8700223
1,2021-03-23,83405,3295412,42434,1605409,37331,1601567,3640,88436,51187,1188502,0.136606,31960,1100085,0.126443,55280,2288587,0.263049,8700223
1,2021-03-24,88314,3383726,44651,1650060,39295,1640862,4368,92804,52624,1210264,0.139107,35395,1135480,0.130512,57157,2345744,0.269619,8700223
1,2021-03-25,97165,3480891,49659,1699719,41670,1682532,5836,98640,53804,1227081,0.14104,43025,1178505,0.135457,59842,2405586,0.276497,8700223
1,2021-03-26,104883,3585774,51143,1750862,47418,1729950,6322,104962,55985,1241157,0.142658,48523,1227028,0.141034,62599,2468185,0.283692,8700223
1,2021-03-27,74252,3660026,38371,1789233,31664,1761614,4217,109179,38060,1247671,0.143407,35957,1262985,0.145167,42471,2510656,0.288574,8700223
1,2021-03-28,32813,3692839,21488,1810721,10105,1771719,1220,110399,16428,1249494,0.143616,16273,1279258,0.147037,18096,2528752,0.290654,8700223
1,2021-03-29,67411,3760250,33490,1844211,30751,1802470,3170,113569,36995,1259665,0.144785,30195,1309453,0.150508,40366,2569118,0.295293,8700223
1,2021-03-30,92300,3852550,45461,1889672,40445,1842915,6394,119963,47174,1268411,0.145791,44903,1354356,0.155669,53649,2622767,0.30146,8700223
1,2021-03-31,101123,3953673,52799,1942471,42115,1885030,6209,126172,55248,1284383,0.147626,45548,1399904,0.160904,61520,2684287,0.308531,8700223
1,2021-04-01,113270,4066943,54032,1996503,50443,1935473,8795,134967,57623,1295654,0.148922,55186,1455090,0.167247,66457,2750744,0.316169,8700223
1,2021-04-02,111547,4178490,51042,2047545,50780,1986253,9725,144692,56364,1307198,0.150249,54746,1509836,0.17354,66290,2817034,0.323789,8700223
1,2021-04-03,78737,4257227,39589,2087134,29480,2015733,9668,154360,37020,1312416,0.150849,41525,1551361,0.178313,46743,2863777,0.329161,8700223
1,2021-04-04,23796,4281023,11835,2098969,8490,2024223,3471,157831,9946,1312038,0.150805,13781,1565142,0.179897,13403,2877180,0.330702,8700223
1,2021-04-05,76772,4357795,36989,2135958,30407,2054630,9376,167207,34401,1313806,0.151008,42158,1607300,0.184742,43926,2921106,0.335751,8700223
1,2021-04-06,104689,4462484,49580,2185538,38437,2093067,16672,183879,47358,1320836,0.151816,57019,1664319,0.191296,64049,2985155,0.343112,8700223
1,2021-04-07,112782,4575266,54654,2240192,40453,2133520,17675,201554,50968,1327987,0.152638,61497,1725816,0.198365,68648,3053803,0.351003,8700223
1,2021-04-08,122546,4697812,58085,2298277,43449,2176969,21012,222566,54119,1335174,0.153464,67992,1793808,0.20618,75179,3128982,0.359644,8700223
1,2021-04-09,124372,4822184,56699,2354976,46762,2223731,20911,243477,54632,1341373,0.154177,69374,1863182,0.214153,75573,3204555,0.36833,8700223
1,2021-04-10,97317,4919501,43411,2398387,30857,2254588,23049,266526,38537,1344344,0.154518,58559,1921741,0.220884,61530,3266085,0.375402,8700223
1,2021-04-11,36704,4956205,20400,2418787,9435,2264023,6869,273395,14852,1344378,0.154522,21787,1943528,0.223388,21821,3287906,0.377911,8700223
1,2021-04-12,74945,5031150,33449,2452236,31447,2295470,10049,283444,31833,1343588,0.154431,42811,1986339,0.228309,42021,3329927,0.38274,8700223
1,2021-04-13,98287,5129437,52544,2504780,45403,2340873,340,283784,53124,1352544,0.155461,44853,2031192,0.233464,53809,3383736,0.388925,8700223
1,2021-04-14,105123,5234560,54483,2559263,50566,2391439,74,283858,53399,1355050,0.155749,51338,2082530,0.239365,53844,3437580,0.395114,8700223
1,2021-04-15,105960,5340520,57529,2616792,48341,2439780,90,283948,56262,1362478,0.156603,49100,2131630,0.245009,56528,3494108,0.401611,8700223
1,2021-04-16,110823,5451343,56814,2673606,53921,2493701,88,284036,55322,1363117,0.156676,54956,2186586,0.251325,55595,3549703,0.408001,8700223
1,2021-04-17,83453,5534796,45313,2718919,38129,2531830,11,284047,46619,1373315,0.157848,36595,2223181,0.255531,46793,3596496,0.41338,8700223
1,2021-04-18,30308,5565104,20459,2739378,9842,2541672,7,284054,15251,1373812,0.157905,14963,2238144,0.257251,15460,3611956,0.415157,8700223
1,2021-04-19,67151,5632255,33978,2773356,33161,2574833,12,284066,30327,1367826,0.157217,36453,2274597,0.261441,30467,3642423,0.418659,8700223
1,2021-04-20,88500,5720755,44517,2817873,43959,2618792,24,284090,41387,1362692,0.156627,46747,2321344,0.266814,41613,3684036,0.423442,8700223
1,2021-04-21,97834,5818589,51041,2868914,46692,2665484,101,284191,43739,1353250,0.155542,53518,2374862,0.272966,44076,3728112,0.428508,8700223
1,2021-04-22,97634,5916223,51012,2919926,46605,2712089,17,284208,44697,1345771,0.154682,52412,2427274,0.27899,44933,3773045,0.433672,8700223
1,2021-04-23,102585,6018808,52971,2972897,49587,2761676,27,284235,48977,1341923,0.15424,53079,2480353,0.285091,49231,3822276,0.439331,8700223
1,2021-04-24,76422,6095230,47402,3020299,28993,2790669,27,284262,43071,1352081,0.155408,33196,2513549,0.288906,43354,3865630,0.444314,8700223
1,2021-04-25,27337,6122567,17426,3037725,9897,2800566,14,284276,15615,1356249,0.155887,11602,2525151,0.29024,15770,3881400,0.446126,8700223
1,2021-04-26,66451,6189018,34857,3072582,31193,2831759,401,284677,31717,1354292,0.155662,34417,2559568,0.294196,32460,3913860,0.449857,8700223
1,2021-04-27,81775,6270793,43483,3116065,36984,2868743,1308,285985,35653,1345776,0.154683,45817,2605385,0.299462,37301,3951161,0.454145,8700223
1,2021-04-28,81534,6352327,43378,3159443,36646,2905389,1510,287495,35861,1338062,0.153796,45313,2650698,0.30467,37599,3988760,0.458466,8700223
1,2021-04-29,84985,6437312,46768,3206211,36587,2941976,1630,289125,34739,1324733,0.152264,49861,2700559,0.310401,36532,4025292,0.462665,8700223
1,2021-04-30,92573,6529885,50177,3256388,40512,2982488,1884,291009,38860,1312284,0.150833,53356,2753915,0.316534,40907,4066199,0.467367,8700223
1,2021-05-01,63248,6593133,40844,3297232,20979,3003467,1425,292434,26602,1304143,0.149898,36383,2790298,0.320716,28242,4094441,0.470613,8700223
1,2021-05-02,23463,6616596,16601,3313833,6283,3009750,579,293013,9464,1300325,0.149459,13888,2804186,0.322312,10070,4104511,0.471771,8700223
1,2021-05-03,56304,6672900,31207,3345040,23251,3033001,1846,294859,20636,1287455,0.14798,35408,2839594,0.326382,22538,4127049,0.474361,8700223
1,2021-05-04,75858,6748758,43671,3388711,30088,3063089,2099,296958,27202,1268500,0.145801,48339,2887933,0.331938,29384,4156433,0.477739,8700223
1,2021-05-05,78349,6827107,45407,3434118,30637,3093726,2305,299263,26557,1246015,0.143216,51428,2939361,0.337849,28943,4185376,0.481065,8700223
1,2021-05-06,79862,6906969,48503,3482621,29179,3122905,2180,301443,24917,1218724,0.14008,54542,2993903,0.344118,27251,4212627,0.484198,8700223
1,2021-05-07,83381,6990350,47462,3530083,33721,3156626,2198,303641,27851,1193769,0.137211,55068,3048971,0.350447,30113,4242740,0.487659,8700223
1,2021-05-08,57239,7047589,35892,3565975,19702,3176328,1645,305286,19446,1177508,0.135342,37446,3086417,0.354751,21185,4263925,0.490094,8700223
1,2021-05-09,18256,7065845,13081,3579056,4696,3181024,479,305765,5566,1170975,0.134591,12612,3099029,0.356201,6079,4270004,0.490792,8700223
1,2021-05-10,44279,7110124,22384,3601440,20064,3201088,1831,307596,14818,1158545,0.133163,29172,3128201,0.359554,16742,4286746,0.492717,8700223
1,2021-05-11,62672,7172796,34056,3635496,26458,3227546,2158,309754,20617,1139679,0.130994,41758,3169959,0.364354,22892,4309638,0.495348,8700223
1,2021-05-12,62782,7235578,33358,3668854,27364,3254910,2060,311814,20622,1120599,0.128801,41828,3211787,0.369161,22748,4332386,0.497963,8700223
1,2021-05-13,66893,7302471,39218,3708072,25685,3280595,1990,313804,25476,1107320,0.127275,41020,3252807,0.373876,27741,4360127,0.501151,8700223
1,2021-05-14,76543,7379014,46156,3754228,27986,3308581,2401,316205,30926,1095724,0.125942,45200,3298007,0.379072,33604,4393731,0.505014,8700223
1,2021-05-15,66560,7445574,43675,3797903,21126,3329707,1759,317964,26506,1084315,0.124631,39738,3337745,0.383639,28329,4422060,0.50827,8700223
1,2021-05-16,25003,7470577,18414,3816317,5968,3335675,621,318585,10196,1080488,0.124191,14691,3352436,0.385328,10864,4432924,0.509518,8700223
1,2021-05-17,54170,7524747,33108,3849425,19295,3354970,1767,320352,22961,1074331,0.123483,30940,3383376,0.388884,24783,4457707,0.512367,8700223
1,2021-05-18,65000,7589747,39171,3888596,23996,3378966,1833,322185,28186,1067909,0.122745,36530,3419906,0.393083,30108,4487815,0.515828,8700223
1,2021-05-19,66287,7656034,40356,3928952,24006,3402972,1925,324110,29600,1063121,0.122195,36395,3456301,0.397266,31607,4519422,0.51946,8700223
1,2021-05-20,64477,7720511,37352,3966304,24910,3427882,2215,326325,26489,1054389,0.121191,37640,3493941,0.401592,28908,4548330,0.522783,8700223
1,2021-05-21,69882,7790393,41765,4008069,26261,3454143,1856,328181,28808,1044487,0.120053,40664,3534605,0.406266,30762,4579092,0.526319,8700223
1,2021-05-22,55904,7846297,36714,4044783,17467,3471610,1723,329904,24308,1039291,0.119456,31324,3565929,0.409866,26128,4605220,0.529322,8700223
1,2021-05-23,20483,7866780,14317,4059100,5580,3477190,586,330490,9487,1038495,0.119364,10892,3576821,0.411118,10096,4615316,0.530482,8700223
1,2021-05-24,43730,7910510,24370,4083470,17522,3494712,1838,332328,17677,1032293,0.118651,25798,3602619,0.414084,19596,4634912,0.532735,8700223
1,2021-05-25,50843,7961353,29245,4112715,19904,3514616,1694,334022,21076,1025679,0.117891,29482,3632101,0.417472,22868,4657780,0.535363,8700223
1,2021-05-26,48458,8009811,27463,4140178,19103,3533719,1892,335914,20501,1020461,0.117291,27656,3659757,0.420651,22438,4680218,0.537942,8700223
1,2021-05-27,46997,8056808,26354,4166532,18729,3552448,1914,337828,20143,1016073,0.116787,26560,3686317,0.423704,22172,4702390,0.540491,8700223
1,2021-05-28,52491,8109299,29291,4195823,21372,3573820,1828,339656,23525,1012916,0.116424,28634,3714951,0.426995,25477,4727867,0.543419,8700223
1,2021-05-29,30671,8139970,18578,4214401,11130,3584950,963,340619,14613,1012646,0.116393,15900,3730851,0.428822,15630,4743497,0.545216,8700223
1,2021-05-30,11675,8151645,7531,4221932,3589,3588539,555,341174,5525,1012673,0.116396,6077,3736928,0.429521,6104,4749601,0.545917,8700223
1,2021-05-31,5726,8157371,3257,4225189,2215,3590754,254,341428,1990,1011253,0.116233,3677,3740605,0.429944,2257,4751858,0.546177,8700223
1,2021-06-01,45876,8203247,25930,4251119,18375,3609129,1571,342999,17375,1002109,0.115182,28162,3768767,0.433181,19018,4770876,0.548362,8700223
1,2021-06-02,40014,8243261,23199,4274318,15301,3624430,1514,344513,16131,996252,0.114509,23580,3792347,0.435891,17723,4788599,0.5504,8700223
1,2021-06-03,41406,8284667,25935,4300253,13782,3638212,1689,346202,15805,988524,0.113621,25293,3817640,0.438798,17565,4806164,0.552418,8700223
1,2021-06-04,50210,8334877,32107,4332360,16293,3654505,1810,348012,17949,976464,0.112234,31899,3849539,0.442464,19839,4826003,0.554699,8700223
1,2021-06-05,40361,8375238,27517,4359877,10837,3665342,2007,350019,14179,966739,0.111117,25963,3875502,0.445449,16238,4842241,0.556565,8700223
1,2021-06-06,13203,8388441,10564,4370441,2124,3667466,515,350534,4582,963358,0.110728,8538,3884040,0.44643,5157,4847398,0.557158,8700223
1,2021-06-07,34020,8422461,23422,4393863,9239,3676705,1359,351893,12092,955148,0.109784,21711,3905751,0.448925,13501,4860899,0.55871,8700223
1,2021-06-08,42279,8464740,29252,4423115,11370,3688075,1657,353550,14727,944350,0.108543,27272,3933023,0.45206,16474,4877373,0.560603,8700223
1,2021-06-09,42201,8506941,29263,4452378,11289,3699364,1649,355199,13750,931667,0.107085,28140,3961163,0.455294,15457,4892830,0.56238,8700223
1,2021-06-10,39141,8546082,26341,4478719,11098,3710462,1702,356901,13368,921321,0.105896,25520,3986683,0.458228,15174,4908004,0.564124,8700223
1,2021-06-11,44018,8590100,29195,4507914,13140,3723602,1683,358584,15690,910752,0.104681,28019,4014702,0.461448,17450,4925454,0.56613,8700223
1,2021-06-12,33760,8623860,24399,4532313,8148,3731750,1213,359797,11110,900711,0.103527,22431,4037133,0.464026,12390,4937844,0.567554,8700223
1,2021-06-13,11625,8635485,8441,4540754,2704,3734454,480,360277,3386,896442,0.103037,8168,4045301,0.464965,3899,4941743,0.568002,8700223
1,2021-06-14,30940,8666425,20826,4561580,8809,3743263,1305,361582,11593,890222,0.102322,19146,4064447,0.467166,12926,4954669,0.569488,8700223
1,2021-06-15,37257,8703682,24422,4586002,10977,3754240,1858,363440,13809,882804,0.101469,23177,4087624,0.46983,15759,4970428,0.571299,8700223
1,2021-06-16,35510,8739192,23982,4609984,9689,3763929,1839,365279,13347,876150,0.100704,21895,4109519,0.472346,15241,4985669,0.573051,8700223
1,2021-06-17,33597,8772789,22208,4632192,9443,3773372,1946,367225,13125,871084,0.100122,20233,4129752,0.474672,15167,5000836,0.574794,8700223
1,2021-06-18,39648,8812437,25744,4657936,11044,3784416,2860,370085,15413,865462,0.099476,23952,4153704,0.477425,18330,5019166,0.576901,8700223
1,2021-06-19,24031,8836468,16681,4674617,6149,3790565,1201,371286,9801,862443,0.099129,14059,4167763,0.479041,11040,5030206,0.57817,8700223
1,2021-06-20,8156,8844624,5974,4680591,1906,3792471,276,371562,3240,861119,0.098977,4851,4172614,0.479599,3527,5033733,0.578575,8700223
1,2021-06-21,20961,8865585,11857,4692448,6920,3799391,2184,373746,10932,864371,0.09935,9914,4182528,0.480738,13166,5046899,0.580088,8700223
1,2021-06-22,30812,8896397,20106,4712554,8566,3807957,2140,375886,12913,861804,0.099055,17684,4200212,0.482771,15117,5062016,0.581826,8700223
1,2021-06-23,29390,8925787,19728,4732282,7847,3815804,1815,377701,12834,860137,0.098864,16338,4216550,0.484648,14671,5076687,0.583512,8700223
1,2021-06-24,28390,8954177,18911,4751193,7807,3823611,1672,379373,12040,857774,0.098592,16144,4232694,0.486504,13781,5090468,0.585096,8700223
1,2021-06-25,31706,8985883,21485,4772678,8821,3832432,1400,380773,13959,855678,0.098351,17506,4250200,0.488516,15410,5105878,0.586867,8700223
1,2021-06-26,22222,9008105,16478,4789156,4917,3837349,827,381600,9702,853857,0.098142,12400,4262600,0.489941,10579,5116457,0.588083,8700223
1,2021-06-27,9149,9017254,6800,4795956,1917,3839266,432,382032,4056,853334,0.098082,5026,4267626,0.490519,4503,5120960,0.588601,8700223
1,2021-06-28,21111,9038365,15662,4811618,4198,3843464,1251,383283,9790,853297,0.098078,11126,4278752,0.491798,11089,5132049,0.589876,8700223
1,2021-06-29,26574,9064939,18173,4829791,7024,3850488,1377,384660,11706,851752,0.0979,14685,4293437,0.493486,13140,5145189,0.591386,8700223
1,2021-06-30,25866,9090805,17886,4847677,6929,3857417,1051,385711,12302,851830,0.097909,13347,4306784,0.49502,13425,5158614,0.592929,8700223
1,2021-07-01,23641,9114446,16435,4864112,5939,3863356,1267,386978,10946,851578,0.09788,12546,4319330,0.496462,12294,5170908,0.594342,8700223
1,2021-07-02,26345,9140791,18079,4882191,7227,3870583,1039,388017,12321,851187,0.097835,13833,4333163,0.498052,13442,5184350,0.595887,8700223
1,2021-07-03,14602,9155393,10199,4892390,3962,3874545,441,388458,6937,851066,0.097821,7532,4340695,0.498918,7411,5191761,0.596739,8700223
1,2021-07-04,1265,9156658,707,4893097,493,3875038,65,388523,609,851100,0.097825,647,4341342,0.498992,681,5192442,0.596817,8700223
1,2021-07-05,11006,9167664,7585,4900682,3057,3878095,364,388887,5221,851015,0.097815,5715,4347057,0.499649,5630,5198072,0.597464,8700223
1,2021-07-06,27084,9194748,19129,4919811,6821,3884916,1134,390021,10814,846977,0.097351,16086,4363143,0.501498,12048,5210120,0.598849,8700223
1,2021-07-07,23624,9218372,16544,4936355,5928,3890844,1152,391173,10157,845093,0.097135,13279,4376422,0.503024,11395,5221515,0.600159,8700223
1,2021-07-08,22691,9241063,15657,4952012,5948,3896792,1086,392259,9810,843336,0.096933,12745,4389167,0.504489,10988,5232503,0.601422,8700223
1,2021-07-09,26762,9267825,18930,4970942,6677,3903469,1155,393414,12066,842094,0.09679,14522,4403689,0.506158,13280,5245783,0.602948,8700223
1,2021-07-10,17655,9285480,12742,4983684,4156,3907625,757,394171,7851,841071,0.096672,9681,4413370,0.507271,8658,5254441,0.603943,8700223
1,2021-07-11,6742,9292222,4924,4988608,1617,3909242,201,394372,3249,841097,0.096675,3442,4416812,0.507667,3468,5257909,0.604342,8700223
1,2021-07-12,20077,9312299,14407,5003015,4791,3914033,879,395251,8901,839931,0.096541,11038,4427850,0.508935,9872,5267781,0.605477,8700223
1,2021-07-13,22074,9334373,15408,5018423,5871,3919904,795,396046,10313,839507,0.096493,11619,4439469,0.510271,11195,5278976,0.606763,8700223
1,2021-07-14,22081,9356454,15145,5033568,5962,3925866,974,397020,9922,838515,0.096379,12000,4451469,0.51165,11008,5289984,0.608029,8700223
1,2021-07-15,21493,9377947,15291,5048859,5479,3931345,723,397743,10313,838620,0.096391,11036,4462505,0.512918,11141,5301125,0.609309,8700223
1,2021-07-16,26483,9404430,18529,5067388,6968,3938313,986,398729,13056,839484,0.09649,13264,4475769,0.514443,14128,5315253,0.610933,8700223
1,2021-07-17,18376,9422806,13249,5080637,4425,3942738,702,399431,9009,839987,0.096548,9242,4485011,0.515505,9745,5324998,0.612053,8700223
1,2021-07-18,7425,9430231,5478,5086115,1661,3944399,286,399717,3800,840522,0.096609,3568,4488579,0.515915,4103,5329101,0.612525,8700223
1,2021-07-19,20739,9450970,15037,5101152,4881,3949280,821,400538,10410,841657,0.09674,10196,4498775,0.517087,11331,5340432,0.613827,8700223
1,2021-07-20,24434,9475404,16913,5118065,6662,3955942,859,401397,12558,843475,0.096949,11691,4510466,0.518431,13509,5353941,0.61538,8700223
1,2021-07-21,24820,9500224,17459,5135524,6169,3962111,1192,402589,12693,845499,0.097181,11978,4522444,0.519808,14002,5367943,0.616989,8700223
1,2021-07-22,24004,9524228,16945,5152469,6234,3968345,825,403414,13106,848805,0.097561,10713,4533157,0.521039,14019,5381962,0.6186,8700223
1,2021-07-23,28297,9552525,19954,5172423,7345,3975690,998,404412,15738,853228,0.09807,12380,4545537,0.522462,16803,5398765,0.620532,8700223
1,2021-07-24,17905,9570430,12636,5185059,4715,3980405,554,404966,10556,857132,0.098518,7233,4552770,0.523293,11137,5409902,0.621812,8700223
1,2021-07-25,7368,9577798,5288,5190347,1972,3982377,108,405074,5502,860934,0.098955,1827,4554597,0.523503,5629,5415531,0.622459,8700223
1,2021-07-26,20889,9598687,14411,5204758,5745,3988122,733,405807,13458,867881,0.099754,7312,4561909,0.524344,14259,5429790,0.624098,8700223
1,2021-07-27,26361,9625048,18783,5223541,6659,3994781,919,406726,15562,873786,0.100433,10633,4572542,0.525566,16538,5446328,0.625999,8700223
1,2021-07-28,27100,9652148,19159,5242700,7092,4001873,849,407575,16660,881106,0.101274,10256,4582798,0.526745,17576,5463904,0.628019,8700223
1,2021-07-29,25634,9677782,18188,5260888,6733,4008606,713,408288,16082,888569,0.102132,9393,4592191,0.527825,16856,5480760,0.629956,8700223
1,2021-07-30,29574,9707356,21189,5282077,7547,4016153,838,409126,18131,896325,0.103023,11255,4603446,0.529118,19011,5499771,0.632141,8700223
1,2021-07-31,19238,9726594,13961,5296038,4758,4020911,519,409645,11980,901741,0.103646,7106,4610552,0.529935,12522,5512293,0.633581,8700223
1,2021-08-01,8567,9735161,6482,5302520,1965,4022876,120,409765,5845,905054,0.104027,2677,4613229,0.530243,5990,5518283,0.634269,8700223
1,2021-08-02,16230,9751391,11793,5314313,3905,4026781,532,410297,10308,910096,0.104606,5834,4619063,0.530913,10876,5529159,0.635519,8700223
2,2020-12-15,248,248,248,248,0,0,0,0,248,248,2.9e-05,0,0,0.0,248,248,2.9e-05,8407551
2,2020-12-16,2115,2363,2115,2363,0,0,0,0,2114,2362,0.000281,0,0,0.0,2114,2362,0.000281,8407551
2,2020-12-17,6929,9292,6929,9292,0,0,0,0,6930,9292,0.001105,0,0,0.0,6930,9292,0.001105,8407551
2,2020-12-18,11104,20396,11084,20376,20,20,0,0,11104,20396,0.002426,0,0,0.0,11104,20396,0.002426,8407551
2,2020-12-19,5628,26024,5622,25998,6,26,0,0,5629,26025,0.003095,0,0,0.0,5629,26025,0.003095,8407551
2,2020-12-20,4259,30283,4248,30246,11,37,0,0,4254,30278,0.003601,1,1,0.0,4254,30279,0.003601,8407551
2,2020-12-21,12809,43092,12780,43026,29,66,0,0,12764,43042,0.005119,0,1,0.0,12764,43043,0.00512,8407551
2,2020-12-22,12163,55255,11645,54671,518,584,0,0,12161,55203,0.006566,0,1,0.0,12161,55204,0.006566,8407551
2,2020-12-23,11727,66982,9502,64173,2225,2809,0,0,11730,66933,0.007961,1,2,0.0,11731,66935,0.007961,8407551
2,2020-12-24,5911,72893,3499,67672,2412,5221,0,0,5906,72837,0.008663,4,6,1e-06,5908,72843,0.008664,8407551
2,2020-12-25,488,73381,409,68081,79,5300,0,0,490,73327,0.008722,0,6,1e-06,490,73333,0.008722,8407551
2,2020-12-26,2559,75940,1661,69742,898,6198,0,0,2560,75886,0.009026,1,7,1e-06,2560,75893,0.009027,8407551
2,2020-12-27,2233,78173,1214,70956,1019,7217,0,0,2230,78114,0.009291,2,9,1e-06,2230,78123,0.009292,8407551
2,2020-12-28,11042,89215,7175,78131,3867,11084,0,0,11041,89153,0.010604,2,11,1e-06,11041,89164,0.010605,8407551
2,2020-12-29,12743,101958,7163,85294,5580,16664,0,0,12748,101901,0.01212,0,11,1e-06,12748,101912,0.012121,8407551
2,2020-12-30,15472,117430,8675,93969,6797,23461,0,0,15466,117364,0.013959,5,16,2e-06,15468,117380,0.013961,8407551
2,2020-12-31,7589,125019,2832,96801,4757,28218,0,0,7582,124941,0.014861,5,21,2e-06,7582,124962,0.014863,8407551
2,2021-01-01,1257,126276,622,97423,635,28853,0,0,1256,126193,0.015009,4,25,3e-06,1256,126218,0.015012,8407551
2,2021-01-02,4855,131131,2769,100192,2086,30939,0,0,4852,131043,0.015586,2,27,3e-06,4852,131070,0.01559,8407551
2,2021-01-03,1413,132544,795,100987,618,31557,0,0,1405,132444,0.015753,4,31,4e-06,1405,132475,0.015757,8407551
2,2021-01-04,11699,144243,5561,106548,6138,37695,0,0,11689,144130,0.017143,3,34,4e-06,11689,144164,0.017147,8407551
2,2021-01-05,13898,158141,6952,113500,6946,44641,0,0,12673,155621,0.01851,1217,1251,0.000149,12708,156872,0.018658,8407551
2,2021-01-06,19042,177183,10498,123998,8544,53185,0,0,15212,167073,0.019872,3771,5022,0.000597,15223,172095,0.020469,8407551
2,2021-01-07,23327,200510,13146,137144,10181,63366,0,0,15629,175017,0.020817,7701,12723,0.001513,15645,187740,0.02233,8407551
2,2021-01-08,26925,227435,16229,153373,10696,74062,0,0,16579,181332,0.021568,10290,23013,0.002737,16605,204345,0.024305,8407551
2,2021-01-09,9878,237313,5779,159152,4099,78161,0,0,6290,184050,0.021891,3579,26592,0.003163,6297,210642,0.025054,8407551
2,2021-01-10,5316,242629,2971,162123,2345,80506,0,0,3049,184838,0.021985,2267,28859,0.003433,3055,213697,0.025417,8407551
2,2021-01-11,26057,268686,18014,180137,8043,88549,0,0,14932,188700,0.022444,11121,39980,0.004755,14983,228680,0.027199,8407551
2,2021-01-12,26388,295074,16380,196517,10008,98557,0,0,16770,195940,0.023305,9619,49599,0.005899,16859,245539,0.029205,8407551
2,2021-01-13,28591,323665,15160,211677,13431,111988,0,0,20574,208547,0.024805,7998,57597,0.006851,20605,266144,0.031655,8407551
2,2021-01-14,30602,354267,11672,223349,18930,130918,0,0,26298,230612,0.027429,4311,61908,0.007363,26376,292520,0.034793,8407551
2,2021-01-15,35114,389381,12698,236047,22416,153334,0,0,31814,259227,0.030833,3291,65199,0.007755,31906,324426,0.038587,8407551
2,2021-01-16,18121,407502,5999,242046,12122,165456,0,0,16781,274665,0.032669,1355,66554,0.007916,16793,341219,0.040585,8407551
2,2021-01-17,10549,418051,3555,245601,6994,172450,0,0,9816,283743,0.033749,748,67302,0.008005,9826,351045,0.041754,8407551
2,2021-01-18,19778,437829,11052,256653,8726,181176,0,0,14957,293921,0.034959,4840,72142,0.008581,15018,366063,0.04354,8407551
2,2021-01-19,32641,470470,16966,273619,15675,196851,0,0,24591,310580,0.036941,8048,80190,0.009538,24707,390770,0.046478,8407551
2,2021-01-20,37651,508121,18986,292605,18665,215516,0,0,29023,331097,0.039381,8597,88787,0.01056,29114,419884,0.049941,8407551
2,2021-01-21,41029,549150,17437,310042,23592,239108,0,0,36510,363299,0.043211,4487,93274,0.011094,36689,456573,0.054305,8407551
2,2021-01-22,39633,588783,16570,326612,23063,262171,0,0,36271,396219,0.047127,3379,96653,0.011496,36299,492872,0.058623,8407551
2,2021-01-23,24148,612931,10790,337402,13358,275529,0,0,21168,414457,0.049296,2960,99613,0.011848,21198,514070,0.061144,8407551
2,2021-01-24,12448,625379,6109,343511,6339,281868,0,0,11527,425094,0.050561,905,100518,0.011956,11542,525612,0.062517,8407551
2,2021-01-25,33931,659310,15606,359117,18325,300193,0,0,25081,441518,0.052514,8798,109316,0.013002,25222,550834,0.065517,8407551
2,2021-01-26,40409,699719,19786,378903,20623,320816,0,0,31166,463553,0.055135,9218,118534,0.014099,31253,582087,0.069234,8407551
2,2021-01-27,45681,745400,22661,401564,23020,343836,0,0,35321,488703,0.058127,10232,128766,0.015316,35382,617469,0.073442,8407551
2,2021-01-28,47943,793343,22375,423939,25568,369404,0,0,39192,519286,0.061764,8684,137450,0.016348,39267,656736,0.078113,8407551
2,2021-01-29,45599,838942,21998,445937,23601,393005,0,0,36824,547528,0.065123,8648,146098,0.017377,36890,693626,0.0825,8407551
2,2021-01-30,31290,870232,13316,459253,17974,410979,0,0,27883,572075,0.068043,3369,149467,0.017778,27916,721542,0.085821,8407551
2,2021-01-31,17169,887401,10213,469466,6956,417935,0,0,15957,586863,0.069802,1191,150658,0.017919,15979,737521,0.087721,8407551
2,2021-02-01,41115,928516,19702,489168,21413,439348,0,0,29975,605797,0.072054,11080,161738,0.019237,30014,767535,0.091291,8407551
2,2021-02-02,47932,976448,19469,508637,28463,467811,0,0,36380,630810,0.075029,11462,173200,0.020601,36475,804010,0.09563,8407551
2,2021-02-03,54049,1030497,23797,532434,30252,498063,0,0,39790,656541,0.078089,14155,187355,0.022284,39886,843896,0.100374,8407551
2,2021-02-04,56249,1086746,24160,556594,32089,530152,0,0,40953,682408,0.081166,15185,202540,0.02409,41052,884948,0.105256,8407551
2,2021-02-05,60152,1146898,26221,582815,33931,564083,0,0,40565,703784,0.083709,19376,221916,0.026395,40752,925700,0.110103,8407551
2,2021-02-06,39368,1186266,18361,601176,21007,585090,0,0,31371,727328,0.086509,7921,229837,0.027337,31465,957165,0.113846,8407551
2,2021-02-07,15727,1201993,10444,611620,5283,590373,0,0,11939,735576,0.08749,3759,233596,0.027784,12007,969172,0.115274,8407551
2,2021-02-08,43096,1245089,21885,633505,21211,611584,0,0,29489,751810,0.089421,13464,247060,0.029385,29698,998870,0.118806,8407551
2,2021-02-09,49643,1294732,23431,656936,26212,637796,0,0,30657,764129,0.090886,18684,265744,0.031608,31003,1029873,0.122494,8407551
2,2021-02-10,59640,1354372,27909,684845,31731,669527,0,0,34406,773949,0.092054,24942,290686,0.034574,34762,1064635,0.126628,8407551
2,2021-02-11,64341,1418713,29542,714387,34799,704326,0,0,35817,782110,0.093025,28158,318844,0.037924,36319,1100954,0.130948,8407551
2,2021-02-12,65619,1484332,28205,742592,37414,741740,0,0,34841,787149,0.093624,30465,349309,0.041547,35504,1136458,0.135171,8407551
2,2021-02-13,38126,1522458,15908,758500,22218,763958,0,0,21999,793506,0.09438,16023,365332,0.043453,22380,1158838,0.137833,8407551
2,2021-02-14,20155,1542613,9364,767864,10791,774749,0,0,11197,796162,0.094696,8906,374238,0.044512,11562,1170400,0.139208,8407551
2,2021-02-15,33296,1575909,14999,782863,18297,793046,0,0,18453,800767,0.095244,14704,388942,0.046261,19309,1189709,0.141505,8407551
2,2021-02-16,56561,1632470,27714,810577,28847,821893,0,0,29778,804556,0.095694,26662,415604,0.049432,30451,1220160,0.145127,8407551
2,2021-02-17,61880,1694350,31824,842401,30056,851949,0,0,30714,805032,0.095751,31065,446669,0.053127,31541,1251701,0.148878,8407551
2,2021-02-18,66521,1760871,33517,875918,33004,884953,0,0,32375,804681,0.095709,33878,480547,0.057157,33527,1285228,0.152866,8407551
2,2021-02-19,59849,1820720,33132,909050,26717,911670,0,0,29703,805041,0.095752,29949,510496,0.060719,30309,1315537,0.156471,8407551
2,2021-02-20,37845,1858565,24556,933606,13289,924959,0,0,20557,809100,0.096235,17181,527677,0.062762,21240,1336777,0.158997,8407551
2,2021-02-21,21761,1880326,17606,951212,4155,929114,0,0,10789,809809,0.096319,10880,538557,0.064056,11589,1348366,0.160376,8407551
2,2021-02-22,39501,1919827,26984,978196,12517,941631,0,0,18681,808505,0.096164,20664,559221,0.066514,19360,1367726,0.162678,8407551
2,2021-02-23,53934,1973761,27523,1005719,26411,968042,0,0,23620,803980,0.095626,30046,589267,0.070088,25521,1393247,0.165714,8407551
2,2021-02-24,71246,2045007,36685,1042404,34561,1002603,0,0,32662,800650,0.09523,38365,627632,0.074651,35035,1428282,0.169881,8407551
2,2021-02-25,77337,2122344,36561,1078965,40776,1043379,0,0,39249,804916,0.095737,37808,665440,0.079148,42074,1470356,0.174885,8407551
2,2021-02-26,85943,2208287,36822,1115787,49121,1092500,0,0,46219,813924,0.096809,39406,704846,0.083835,48414,1518770,0.180644,8407551
2,2021-02-27,63012,2271299,29288,1145075,33716,1126216,8,8,34125,820750,0.097621,28640,733486,0.087241,35466,1554236,0.184862,8407551
2,2021-02-28,30990,2302289,18577,1163652,12412,1138628,1,9,18016,826763,0.098336,12842,746328,0.088769,18855,1573091,0.187105,8407551
2,2021-03-01,58761,2361050,30680,1194332,28031,1166659,50,59,32019,833619,0.099151,26416,772744,0.091911,33272,1606363,0.191062,8407551
2,2021-03-02,70367,2431417,33753,1228085,36603,1203262,11,70,39365,844523,0.100448,30809,803553,0.095575,41713,1648076,0.196023,8407551
2,2021-03-03,81449,2512866,39250,1267335,42184,1245446,15,85,46027,857949,0.102045,35203,838756,0.099762,48629,1696705,0.201807,8407551
2,2021-03-04,89137,2602003,43640,1310975,45466,1290912,31,116,51368,874219,0.10398,37513,876269,0.104224,53783,1750488,0.208204,8407551
2,2021-03-05,82856,2684859,38879,1349854,43667,1334579,310,426,50487,895273,0.106484,32136,908405,0.108046,53190,1803678,0.214531,8407551
2,2021-03-06,63327,2748186,30907,1380761,30716,1365295,1704,2130,38836,912892,0.10858,24351,932756,0.110943,41970,1845648,0.219523,8407551
2,2021-03-07,28625,2776811,16262,1397023,10821,1376116,1542,3672,18140,923273,0.109815,10413,943169,0.112181,20794,1866442,0.221996,8407551
2,2021-03-08,50883,2827694,23326,1420349,24991,1401107,2566,6238,31959,940619,0.111878,18816,961985,0.114419,36162,1902604,0.226297,8407551
2,2021-03-09,70724,2898418,32212,1452561,34656,1435763,3856,10094,39132,953495,0.113409,31447,993432,0.118159,44323,1946927,0.231569,8407551
2,2021-03-10,78582,2977000,37169,1489730,34857,1470620,6556,16650,41695,966406,0.114945,36658,1030090,0.12252,49569,1996496,0.237465,8407551
2,2021-03-11,93394,3070394,43077,1532807,41938,1512558,8379,25029,48714,980537,0.116626,44349,1074439,0.127795,58480,2054976,0.24442,8407551
2,2021-03-12,94288,3164682,38776,1571583,43538,1556096,11974,37003,46900,993690,0.11819,47119,1121558,0.133399,60272,2115248,0.251589,8407551
2,2021-03-13,69325,3234007,29002,1600585,32313,1588409,8010,45013,38067,1009938,0.120123,31118,1152676,0.1371,47366,2162614,0.257223,8407551
2,2021-03-14,37067,3271074,18325,1618910,14221,1602630,4521,49534,18600,1015441,0.120777,18359,1171035,0.139284,23862,2186476,0.260061,8407551
2,2021-03-15,67542,3338616,30474,1649384,32051,1634681,5017,54551,37183,1028603,0.122343,30129,1201164,0.142867,43291,2229767,0.26521,8407551
2,2021-03-16,86472,3425088,38275,1687659,44171,1678852,4026,58577,52251,1051998,0.125125,34004,1235168,0.146912,57399,2287166,0.272037,8407551
2,2021-03-17,93039,3518127,44563,1732222,44276,1723128,4200,62777,58913,1082084,0.128704,33840,1269008,0.150937,63926,2351092,0.279641,8407551
2,2021-03-18,98408,3616535,46941,1779163,46867,1769995,4600,67377,59714,1108588,0.131856,38364,1307372,0.1555,64868,2415960,0.287356,8407551
2,2021-03-19,97713,3714248,46236,1825399,45340,1815335,6137,73514,57707,1133259,0.134791,39687,1347059,0.16022,64358,2480318,0.295011,8407551
2,2021-03-20,70087,3784335,33975,1859374,32145,1847480,3967,77481,45686,1159115,0.137866,24158,1371217,0.163094,50014,2530332,0.300959,8407551
2,2021-03-21,33464,3817799,21611,1880985,9852,1857332,2001,79482,19954,1168142,0.13894,13358,1384575,0.164682,22385,2552717,0.303622,8407551
2,2021-03-22,62986,3880785,34673,1915658,25678,1883010,2635,82117,41682,1192294,0.141812,21060,1405635,0.167187,45212,2597929,0.308999,8407551
2,2021-03-23,84099,3964884,44690,1960348,36489,1919499,2920,85037,52273,1216798,0.144727,31530,1437165,0.170937,56034,2653963,0.315664,8407551
2,2021-03-24,92041,4056925,49418,2009766,39447,1958946,3176,88213,53712,1236520,0.147073,37982,1475147,0.175455,57704,2711667,0.322528,8407551
2,2021-03-25,101681,4158606,51264,2061030,46520,2005466,3897,92110,57262,1254404,0.1492,44034,1519181,0.180692,61918,2773585,0.329892,8407551
2,2021-03-26,103748,4262354,51407,2112437,48840,2054306,3501,95611,56402,1268410,0.150866,46939,1566120,0.186275,60945,2834530,0.337141,8407551
2,2021-03-27,75919,4338273,37853,2150290,34759,2089065,3307,98918,37845,1272619,0.151366,37801,1603921,0.190771,42010,2876540,0.342138,8407551
2,2021-03-28,37826,4376099,23354,2173644,13660,2102725,812,99730,20140,1276866,0.151871,17551,1621472,0.192859,21798,2898338,0.34473,8407551
2,2021-03-29,71604,4447703,36391,2210035,32936,2135661,2277,102007,40531,1289732,0.153402,30846,1652318,0.196528,43712,2942050,0.349929,8407551
2,2021-03-30,92252,4539955,45205,2255240,42663,2178324,4384,106391,51622,1305932,0.155328,40410,1692728,0.201334,56610,2998660,0.356663,8407551
2,2021-03-31,101453,4641408,52293,2307533,44046,2222370,5114,111505,57347,1324958,0.157591,43782,1736510,0.206542,62808,3061468,0.364133,8407551
2,2021-04-01,117962,4759370,56925,2364458,51781,2274151,9256,120761,64067,1345218,0.160001,53464,1789974,0.212901,73724,3135192,0.372902,8407551
2,2021-04-02,111849,4871219,51513,2415971,50121,2324272,10215,130976,59857,1364158,0.162254,51589,1841563,0.219037,70529,3205721,0.381291,8407551
2,2021-04-03,76980,4948199,37831,2453802,29312,2353584,9837,140813,38091,1373788,0.163399,38674,1880237,0.223637,48304,3254025,0.387036,8407551
2,2021-04-04,29029,4977228,14937,2468739,10232,2363816,3860,144673,13021,1374802,0.16352,15896,1896133,0.225527,16910,3270935,0.389047,8407551
2,2021-04-05,79288,5056516,38884,2507623,31549,2395365,8855,153528,38192,1381679,0.164338,40905,1937038,0.230393,47782,3318717,0.394731,8407551
2,2021-04-06,104173,5160689,50728,2558351,38708,2434073,14737,168265,49312,1391545,0.165511,54569,1991607,0.236883,64435,3383152,0.402394,8407551
2,2021-04-07,110738,5271427,55222,2613573,39220,2473293,16296,184561,52057,1401773,0.166728,58371,2049978,0.243826,68599,3451751,0.410554,8407551
2,2021-04-08,119528,5390955,57532,2671105,43225,2516518,18771,203332,55414,1412766,0.168035,63732,2113710,0.251406,74725,3526476,0.419442,8407551
2,2021-04-09,119098,5510053,57305,2728410,43645,2560163,18148,221480,56291,1425613,0.169563,62421,2176131,0.258831,75268,3601744,0.428394,8407551
2,2021-04-10,87751,5597804,37862,2766272,31438,2591601,18451,239931,36126,1429497,0.170025,51360,2227491,0.264939,55244,3656988,0.434965,8407551
2,2021-04-11,44519,5642323,23091,2789363,12950,2604551,8478,248409,18218,1430758,0.170175,26150,2253641,0.26805,27411,3684399,0.438225,8407551
2,2021-04-12,80257,5722580,37345,2826708,33471,2638022,9441,257850,35713,1432636,0.170399,44265,2297906,0.273315,46143,3730542,0.443713,8407551
2,2021-04-13,102163,5824743,53014,2879722,48888,2686910,261,258111,55903,1443715,0.171716,45978,2343884,0.278783,57057,3787599,0.4505,8407551
2,2021-04-14,106923,5931666,56007,2935729,50862,2737772,54,258165,54544,1447690,0.172189,52060,2395944,0.284975,56035,3843634,0.457165,8407551
2,2021-04-15,113302,6044968,60124,2995853,53092,2790864,86,258251,59000,1453950,0.172934,53895,2449839,0.291386,60155,3903789,0.464319,8407551
2,2021-04-16,110962,6155930,57505,3053358,53402,2844266,55,258306,56260,1456780,0.17327,54337,2504176,0.297848,57167,3960956,0.471119,8407551
2,2021-04-17,83644,6239574,42532,3095890,41098,2885364,14,258320,46712,1467699,0.174569,36674,2540850,0.30221,47593,4008549,0.47678,8407551
2,2021-04-18,35723,6275297,21652,3117542,14064,2899428,7,258327,17013,1467131,0.174502,18571,2559421,0.304419,18003,4026552,0.478921,8407551
2,2021-04-19,74950,6350247,40326,3157868,34606,2934034,18,258345,34066,1461232,0.1738,40604,2600025,0.309249,34705,4061257,0.483049,8407551
2,2021-04-20,97684,6447931,49412,3207280,48245,2982279,27,258372,47174,1459025,0.173537,50152,2650177,0.315214,47945,4109202,0.488751,8407551
2,2021-04-21,103954,6551885,56261,3263541,47632,3029911,61,258433,49008,1454607,0.173012,54457,2704634,0.321691,50039,4159241,0.494703,8407551
2,2021-04-22,108459,6660344,56073,3319614,52361,3082272,25,258458,47394,1442299,0.171548,60621,2765255,0.328901,48313,4207554,0.500449,8407551
2,2021-04-23,108059,6768403,57475,3377089,50565,3132837,19,258477,49910,1435434,0.170732,57717,2822972,0.335766,50852,4258406,0.506498,8407551
2,2021-04-24,81057,6849460,47713,3424802,33304,3166141,40,258517,42175,1440062,0.171282,38518,2861490,0.340348,43146,4301552,0.51163,8407551
2,2021-04-25,36620,6886080,22546,3447348,14059,3180200,15,258532,19910,1443898,0.171738,16555,2878045,0.342317,20391,4321943,0.514055,8407551
2,2021-04-26,74365,6960445,41190,3488538,32867,3213067,308,258840,34191,1439956,0.171269,39890,2917935,0.347061,35948,4357891,0.518331,8407551
2,2021-04-27,88447,7048892,46651,3535189,40430,3253497,1366,260206,37928,1430369,0.170129,50122,2968057,0.353023,40535,4398426,0.523152,8407551
2,2021-04-28,88337,7137229,47205,3582394,39260,3292757,1872,262078,38979,1423133,0.169268,49004,3017061,0.358851,41768,4440194,0.52812,8407551
2,2021-04-29,91346,7228575,49750,3632144,39880,3332637,1716,263794,35442,1405397,0.167159,55496,3072557,0.365452,37760,4477954,0.532611,8407551
2,2021-04-30,95039,7323614,52512,3684656,40517,3373154,2010,265804,36933,1387371,0.165015,57625,3130182,0.372306,39599,4517553,0.537321,8407551
2,2021-05-01,62589,7386203,38189,3722845,22812,3395966,1588,267392,24370,1376292,0.163697,37887,3168069,0.376812,26808,4544361,0.540509,8407551
2,2021-05-02,29274,7415477,20360,3743205,7935,3403901,979,268371,11114,1370448,0.163002,18024,3186093,0.378956,12180,4556541,0.541958,8407551
2,2021-05-03,60690,7476167,36025,3779230,22602,3426503,2063,270434,20411,1353193,0.16095,39995,3226088,0.383713,22740,4579281,0.544663,8407551
2,2021-05-04,80124,7556291,47847,3827077,29887,3456390,2390,272824,26025,1328264,0.157985,53738,3279826,0.390105,28809,4608090,0.548089,8407551
2,2021-05-05,80689,7636980,48061,3875138,30279,3486669,2349,275173,25258,1301204,0.154766,55033,3334859,0.39665,27973,4636063,0.551417,8407551
2,2021-05-06,83175,7720155,50514,3925652,29734,3516403,2927,278100,25334,1272755,0.151382,57346,3392205,0.403471,28897,4664960,0.554854,8407551
2,2021-05-07,83835,7803990,48412,3974064,32993,3549396,2430,280530,25764,1243738,0.147931,57669,3449874,0.41033,28652,4693612,0.558261,8407551
2,2021-05-08,55671,7859661,33731,4007795,20220,3569616,1720,282250,17464,1225689,0.145784,37964,3487838,0.414846,19915,4713527,0.56063,8407551
2,2021-05-09,21859,7881520,15727,4023522,5381,3574997,751,283001,6359,1217619,0.144824,15411,3503249,0.416679,7341,4720868,0.561503,8407551
2,2021-05-10,50323,7931843,27419,4050941,21025,3596022,1879,284880,14196,1198436,0.142543,35863,3539112,0.420944,16680,4737548,0.563487,8407551
2,2021-05-11,66344,7998187,35944,4086885,28276,3624298,2124,287004,19983,1175186,0.139777,46048,3585160,0.426421,22798,4760346,0.566199,8407551
2,2021-05-12,65154,8063341,34741,4121626,28192,3652490,2221,289225,19191,1151352,0.136943,45649,3630809,0.431851,21815,4782161,0.568794,8407551
2,2021-05-13,70960,8134301,41243,4162869,27770,3680260,1947,291172,25975,1135327,0.135037,44688,3675497,0.437166,28663,4810824,0.572203,8407551
2,2021-05-14,79893,8214194,47875,4210744,29756,3710016,2262,293434,30662,1120041,0.133218,48855,3724352,0.442977,33569,4844393,0.576195,8407551
2,2021-05-15,66395,8280589,43614,4254358,21061,3731077,1720,295154,25722,1107460,0.131722,40417,3764769,0.447784,27836,4872229,0.579506,8407551
2,2021-05-16,31619,8312208,23639,4277997,7053,3738130,927,296081,12855,1102745,0.131161,18626,3783395,0.45,13911,4886140,0.581161,8407551
2,2021-05-17,58024,8370232,36755,4314752,19328,3757458,1941,298022,22861,1092995,0.130002,34916,3818311,0.454153,25166,4911306,0.584154,8407551
2,2021-05-18,70155,8440387,41061,4355813,27126,3784584,1968,299990,27854,1081334,0.128615,42024,3860335,0.459151,30363,4941669,0.587766,8407551
2,2021-05-19,68808,8509195,40707,4396520,26091,3810675,2010,302000,27201,1069720,0.127233,41293,3901628,0.464062,29679,4971348,0.591296,8407551
2,2021-05-20,69429,8578624,40244,4436764,27000,3837675,2185,304185,26368,1056139,0.125618,42723,3944351,0.469144,29142,5000490,0.594762,8407551
2,2021-05-21,72799,8651423,42957,4479721,27683,3865358,2159,306344,27605,1041625,0.123892,44831,3989182,0.474476,30317,5030807,0.598368,8407551
2,2021-05-22,53393,8704816,33822,4513543,17797,3883155,1774,308118,22266,1035311,0.123141,30892,4020074,0.47815,24578,5055385,0.601291,8407551
2,2021-05-23,24408,8729224,16651,4530194,7032,3890187,725,308843,10249,1032394,0.122794,14031,4034105,0.479819,11114,5066499,0.602613,8407551
2,2021-05-24,44756,8773980,25415,4555609,17573,3907760,1768,310611,17164,1024295,0.12183,27372,4061477,0.483075,19273,5085772,0.604905,8407551
2,2021-05-25,50721,8824701,29685,4585294,19172,3926932,1864,312475,19247,1014781,0.120699,31166,4092643,0.486782,21652,5107424,0.607481,8407551
2,2021-05-26,48665,8873366,27244,4612538,19735,3946667,1686,314161,18978,1006430,0.119705,29357,4122000,0.490274,21006,5128430,0.609979,8407551
2,2021-05-27,46534,8919900,26365,4638903,18438,3965105,1731,315892,18558,999491,0.11888,27731,4149731,0.493572,20792,5149222,0.612452,8407551
2,2021-05-28,49986,8969886,27599,4666502,20416,3985521,1971,317863,20969,994102,0.118239,28758,4178489,0.496992,23369,5172591,0.615232,8407551
2,2021-05-29,28964,8998850,17351,4683853,10555,3996076,1058,318921,13231,992986,0.118106,15576,4194065,0.498845,14460,5187051,0.616951,8407551
2,2021-05-30,12651,9011501,8150,4692003,3736,3999812,765,319686,5523,992267,0.118021,7073,4201138,0.499686,6354,5193405,0.617707,8407551
2,2021-05-31,5878,9017379,3432,4695435,2143,4001955,303,319989,1823,990447,0.117804,3995,4205133,0.500161,2175,5195580,0.617966,8407551
2,2021-06-01,44741,9062120,25689,4721124,17388,4019343,1664,321653,15567,979180,0.116464,28873,4234006,0.503596,17606,5213186,0.62006,8407551
2,2021-06-02,38187,9100307,22466,4743590,14313,4033656,1408,323061,14932,972831,0.115709,22990,4256996,0.50633,16641,5229827,0.622039,8407551
2,2021-06-03,41350,9141657,26615,4770205,13269,4046925,1466,324527,13893,961355,0.114344,27218,4284214,0.509567,15742,5245569,0.623912,8407551
2,2021-06-04,47975,9189632,31337,4801542,15099,4062024,1539,326066,15486,946715,0.112603,32189,4316403,0.513396,17549,5263118,0.625999,8407551
2,2021-06-05,37839,9227471,26979,4828521,9396,4071420,1464,327530,11794,934575,0.111159,25817,4342220,0.516467,13677,5276795,0.627626,8407551
2,2021-06-06,14894,9242365,12218,4840739,2097,4073517,579,328109,4668,929850,0.110597,10161,4352381,0.517675,5436,5282231,0.628272,8407551
2,2021-06-07,33244,9275609,23258,4863997,8713,4082230,1273,329382,10786,919843,0.109407,22311,4374692,0.520329,12304,5294535,0.629736,8407551
2,2021-06-08,40598,9316207,28731,4892728,10497,4092727,1370,330752,12448,906134,0.107776,27902,4402594,0.523648,14193,5308728,0.631424,8407551
2,2021-06-09,38126,9354333,26613,4919341,10017,4102744,1496,332248,11528,893078,0.106223,26404,4428998,0.526788,13348,5322076,0.633011,8407551
2,2021-06-10,37737,9392070,26234,4945575,9978,4112722,1525,333773,11581,880701,0.104751,25955,4454953,0.529875,13578,5335654,0.634626,8407551
2,2021-06-11,41228,9433298,27358,4972933,12203,4124925,1667,335440,13206,868115,0.103254,27757,4482710,0.533177,15171,5350825,0.636431,8407551
2,2021-06-12,29379,9462677,21615,4994548,6852,4131777,912,336352,8662,857335,0.101972,20578,4503288,0.535624,9798,5360623,0.637596,8407551
2,2021-06-13,12208,9474885,8910,5003458,2679,4134456,619,336971,3099,852176,0.101358,9045,4512333,0.5367,3886,5364509,0.638058,8407551
2,2021-06-14,29865,9504750,21191,5024649,7478,4141934,1196,338167,10347,844573,0.100454,19352,4531685,0.539002,11749,5376258,0.639456,8407551
2,2021-06-15,35520,9540270,23634,5048283,9839,4151773,2047,340214,11936,835586,0.099385,23347,4555032,0.541779,14360,5390618,0.641164,8407551
2,2021-06-16,32962,9573232,22744,5071027,8428,4160201,1790,342004,11375,827645,0.098441,21417,4576449,0.544326,13476,5404094,0.642767,8407551
2,2021-06-17,30775,9604007,20543,5091570,8437,4168638,1795,343799,10868,820785,0.097625,19732,4596181,0.546673,12872,5416966,0.644298,8407551
2,2021-06-18,34681,9638688,22852,5114422,9959,4178597,1870,345669,12645,813743,0.096787,21816,4617997,0.549268,14774,5431740,0.646055,8407551
2,2021-06-19,20902,9659590,14547,5128969,5096,4183693,1259,346928,7897,810248,0.096371,12843,4630840,0.550795,9348,5441088,0.647167,8407551
2,2021-06-20,8270,9667860,5909,5134878,1896,4185589,465,347393,3058,808669,0.096184,5170,4636010,0.55141,3591,5444679,0.647594,8407551
2,2021-06-21,19294,9687154,11807,5146685,6170,4191759,1317,348710,9867,810722,0.096428,9312,4645322,0.552518,11365,5456044,0.648946,8407551
2,2021-06-22,26844,9713998,18385,5165070,7085,4198844,1374,350084,10527,806742,0.095954,16154,4661476,0.554439,12174,5468218,0.650394,8407551
2,2021-06-23,25859,9739857,17855,5182925,6387,4205231,1617,351701,10534,804001,0.095628,15185,4676661,0.556245,12444,5480662,0.651874,8407551
2,2021-06-24,25297,9765154,17216,5200141,6567,4211798,1514,353215,10445,801483,0.095329,14704,4691365,0.557994,12186,5492848,0.653323,8407551
2,2021-06-25,28663,9793817,19438,5219579,7742,4219540,1483,354698,11981,798652,0.094992,16522,4707887,0.559959,13691,5506539,0.654952,8407551
2,2021-06-26,18477,9812294,13613,5233192,3937,4223477,927,355625,7522,796479,0.094734,10867,4718754,0.561252,8694,5515233,0.655986,8407551
2,2021-06-27,8768,9821062,6692,5239884,1630,4225107,446,356071,3517,795363,0.094601,5202,4723956,0.561871,4086,5519319,0.656472,8407551
2,2021-06-28,19710,9840772,14972,5254856,3498,4228605,1240,357311,8679,794571,0.094507,10900,4734856,0.563167,10108,5529427,0.657674,8407551
2,2021-06-29,22590,9863362,15744,5270600,5774,4234379,1072,358383,9615,792653,0.094279,12840,4747696,0.564694,10922,5540349,0.658973,8407551
2,2021-06-30,21832,9885194,15479,5286079,5331,4239710,1022,359405,9712,791632,0.094157,11983,4759679,0.56612,10962,5551311,0.660277,8407551
2,2021-07-01,19703,9904897,13924,5300003,4905,4244615,874,360279,8755,790636,0.094039,10828,4770507,0.567407,9832,5561143,0.661446,8407551
2,2021-07-02,22637,9927534,15614,5315617,6000,4250615,1023,361302,9988,789354,0.093886,12492,4782999,0.568893,11210,5572353,0.66278,8407551
2,2021-07-03,12432,9939966,8966,5324583,2997,4253612,469,361771,5680,788964,0.09384,6659,4789658,0.569685,6269,5578622,0.663525,8407551
2,2021-07-04,991,9940957,584,5325167,340,4253952,67,361838,425,788924,0.093835,555,4790213,0.569751,515,5579137,0.663586,8407551
2,2021-07-05,10972,9951929,8026,5333193,2538,4256490,408,362246,5041,788627,0.0938,5872,4796085,0.57045,5575,5584712,0.66425,8407551
2,2021-07-06,23503,9975432,17100,5350293,5435,4261925,968,363214,9079,784667,0.093329,14283,4810368,0.572149,10323,5595035,0.665477,8407551
2,2021-07-07,20406,9995838,14557,5364850,4753,4266678,1096,364310,8664,783085,0.093141,11606,4821974,0.573529,10024,5605059,0.66667,8407551
2,2021-07-08,18980,10014818,13222,5378072,4734,4271412,1024,365334,8005,781448,0.092946,10872,4832846,0.574822,9235,5614294,0.667768,8407551
2,2021-07-09,22303,10037121,15446,5393518,5629,4277041,1228,366562,9421,779554,0.092721,12748,4845594,0.576338,10854,5625148,0.669059,8407551
2,2021-07-10,14087,10051208,10386,5403904,3015,4280056,686,367248,6165,778735,0.092623,7828,4853422,0.577269,7009,5632157,0.669893,8407551
2,2021-07-11,6538,10057746,4803,5408707,1386,4281442,349,367597,3086,778832,0.092635,3407,4856829,0.577675,3504,5635661,0.670309,8407551
2,2021-07-12,18066,10075812,13275,5421982,3928,4285370,863,368460,7765,777472,0.092473,10190,4867019,0.578887,8830,5644491,0.67136,8407551
2,2021-07-13,19321,10095133,13631,5435613,4808,4290178,882,369342,8636,776641,0.092374,10545,4877564,0.580141,9714,5654205,0.672515,8407551
2,2021-07-14,18455,10113588,13182,5448795,4497,4294675,776,370118,8239,775763,0.09227,10097,4887661,0.581342,9219,5663424,0.673612,8407551
2,2021-07-15,18606,10132194,13504,5462299,4409,4299084,693,370811,8452,775079,0.092188,10043,4897704,0.582536,9359,5672783,0.674725,8407551
2,2021-07-16,22538,10154732,16230,5478529,5487,4304571,821,371632,10768,775231,0.092207,11640,4909344,0.583921,11792,5684575,0.676127,8407551
2,2021-07-17,14187,10168919,10335,5488864,3322,4307893,530,372162,6860,775515,0.09224,7237,4916581,0.584782,7521,5692096,0.677022,8407551
2,2021-07-18,6962,10175881,5204,5494068,1434,4309327,324,372486,3532,776053,0.092304,3387,4919968,0.585184,3925,5696021,0.677489,8407551
2,2021-07-19,18196,10194077,13566,5507634,3902,4313229,728,373214,9028,776938,0.09241,9055,4929023,0.586261,9940,5705961,0.678671,8407551
2,2021-07-20,20537,10214614,14646,5522280,5068,4318297,823,374037,10395,778361,0.092579,10013,4939036,0.587452,11436,5717397,0.680031,8407551
2,2021-07-21,20082,10234696,14611,5536891,4714,4323011,757,374794,10402,780159,0.092793,9553,4948589,0.588589,11351,5728748,0.681381,8407551
2,2021-07-22,20011,10254707,14296,5551187,4877,4327888,838,375632,10702,782706,0.093096,9165,4957754,0.589679,11712,5740460,0.682774,8407551
2,2021-07-23,23954,10278661,16764,5567951,6169,4334057,1021,376653,13065,786240,0.093516,10742,4968496,0.590956,14276,5754736,0.684472,8407551
2,2021-07-24,14584,10293245,10520,5578471,3573,4337630,491,377144,8145,788651,0.093803,6334,4974830,0.59171,8745,5763481,0.685512,8407551
2,2021-07-25,6583,10299828,4832,5583303,1615,4339245,136,377280,4870,792024,0.094204,1672,4976502,0.591909,5045,5768526,0.686113,8407551
2,2021-07-26,18619,10318447,13150,5596453,4717,4343962,752,378032,11783,797962,0.09491,6722,4983224,0.592708,12660,5781186,0.687618,8407551
2,2021-07-27,22260,10340707,16106,5612559,5324,4349286,830,378862,13053,802935,0.095502,9057,4992281,0.593785,14030,5795216,0.689287,8407551
2,2021-07-28,22161,10362868,15878,5628437,5411,4354697,872,379734,13118,808211,0.096129,8891,5001172,0.594843,14167,5809383,0.690972,8407551
2,2021-07-29,20783,10383651,14929,5643366,5027,4359724,827,380561,12569,813673,0.096779,8080,5009252,0.595804,13542,5822925,0.692583,8407551
2,2021-07-30,25111,10408762,18035,5661401,6216,4365940,860,381421,15104,820007,0.097532,9827,5019079,0.596973,16161,5839086,0.694505,8407551
2,2021-07-31,15237,10423999,11251,5672652,3510,4369450,476,381897,9229,823949,0.098001,5889,5024968,0.597673,9831,5848917,0.695674,8407551
2,2021-08-01,7799,10431798,6031,5678683,1624,4371074,144,382041,5099,826609,0.098317,2645,5027613,0.597988,5305,5854222,0.696305,8407551
2,2021-08-02,13240,10445038,9636,5688319,3032,4374106,572,382613,8149,830429,0.098772,4995,5032608,0.598582,8815,5863037,0.697354,8407551
3,2020-12-15,322,322,322,322,0,0,0,0,322,322,4e-05,0,0,0.0,322,322,4e-05,8129050
3,2020-12-16,2467,2789,2467,2789,0,0,0,0,2468,2790,0.000343,0,0,0.0,2468,2790,0.000343,8129050
3,2020-12-17,7852,10641,7852,10641,0,0,0,0,7852,10642,0.001309,0,0,0.0,7852,10642,0.001309,8129050
3,2020-12-18,13455,24096,13437,24078,18,18,0,0,13454,24096,0.002964,0,0,0.0,13454,24096,0.002964,8129050
3,2020-12-19,7269,31365,7256,31334,13,31,0,0,7332,31428,0.003866,0,0,0.0,7332,31428,0.003866,8129050
3,2020-12-20,5670,37035,5660,36994,10,41,0,0,5717,37144,0.004569,1,1,0.0,5717,37145,0.004569,8129050
3,2020-12-21,14384,51419,14358,51352,26,67,0,0,14448,51591,0.006346,1,2,0.0,14448,51593,0.006347,8129050
3,2020-12-22,14841,66260,14262,65614,579,646,0,0,14878,66466,0.008176,3,5,1e-06,14878,66471,0.008177,8129050
3,2020-12-23,14848,81108,12245,77859,2603,3249,0,0,14864,81329,0.010005,2,7,1e-06,14865,81336,0.010006,8129050
3,2020-12-24,6795,87903,4876,82735,1919,5168,0,0,6792,88119,0.01084,2,9,1e-06,6792,88128,0.010841,8129050
3,2020-12-25,724,88627,666,83401,58,5226,0,0,722,88841,0.010929,0,9,1e-06,722,88850,0.01093,8129050
3,2020-12-26,4623,93250,2999,86400,1624,6850,0,0,4621,93462,0.011497,0,9,1e-06,4621,93471,0.011498,8129050
3,2020-12-27,2985,96235,1855,88255,1130,7980,0,0,2985,96447,0.011864,0,9,1e-06,2985,96456,0.011866,8129050
3,2020-12-28,13647,109882,8729,96984,4918,12898,0,0,13672,110118,0.013546,1,10,1e-06,13672,110128,0.013547,8129050
3,2020-12-29,15055,124937,8472,105456,6583,19481,0,0,15082,125198,0.015401,2,12,1e-06,15082,125210,0.015403,8129050
3,2020-12-30,18064,143001,10074,115530,7990,27471,0,0,18069,143266,0.017624,2,14,2e-06,18070,143280,0.017626,8129050
3,2020-12-31,8459,151460,3247,118777,5212,32683,0,0,8458,151722,0.018664,2,16,2e-06,8458,151738,0.018666,8129050
3,2021-01-01,1594,153054,756,119533,838,33521,0,0,1591,153312,0.01886,1,17,2e-06,1591,153329,0.018862,8129050
3,2021-01-02,4942,157996,2425,121958,2517,36038,0,0,4942,158254,0.019468,0,17,2e-06,4942,158271,0.01947,8129050
3,2021-01-03,1617,159613,850,122808,767,36805,0,0,1608,159860,0.019665,2,19,2e-06,1608,159879,0.019668,8129050
3,2021-01-04,12060,171673,5974,128782,6086,42891,0,0,12031,171883,0.021144,8,27,3e-06,12031,171910,0.021148,8129050
3,2021-01-05,15754,187427,8157,136939,7597,50488,0,0,14079,184332,0.022676,1660,1687,0.000208,14109,186019,0.022883,8129050
3,2021-01-06,20626,208053,10913,147852,9713,60201,0,0,16063,195888,0.024097,4516,6203,0.000763,16072,202091,0.02486,8129050
3,2021-01-07,26680,234733,15255,163107,11425,71626,0,0,17193,203648,0.025052,9450,15653,0.001926,17210,219301,0.026977,8129050
3,2021-01-08,30695,265428,18758,181865,11937,83563,0,0,18199,209396,0.025759,12474,28127,0.00346,18222,237523,0.029219,8129050
3,2021-01-09,12471,277899,7053,188918,5418,88981,0,0,7934,212809,0.026179,4530,32657,0.004017,7943,245466,0.030196,8129050
3,2021-01-10,7233,285132,4490,193408,2743,91724,0,0,4070,213724,0.026291,3161,35818,0.004406,4076,249542,0.030698,8129050
3,2021-01-11,29167,314299,19095,212503,10072,101796,0,0,16507,217624,0.026771,12653,48471,0.005963,16553,266095,0.032734,8129050
3,2021-01-12,32651,346950,19499,232002,13152,114948,0,0,20000,225143,0.027696,12629,61100,0.007516,20148,286243,0.035212,8129050
3,2021-01-13,34597,381547,18057,250059,16540,131488,0,0,24362,239307,0.029438,10220,71320,0.008773,24384,310627,0.038212,8129050
3,2021-01-14,34785,416332,14224,264283,20561,152049,0,0,28849,262299,0.032267,5895,77215,0.009499,28887,339514,0.041766,8129050
3,2021-01-15,39029,455361,14457,278740,24572,176621,0,0,34337,292036,0.035925,4673,81888,0.010074,34410,373924,0.045998,8129050
3,2021-01-16,21801,477162,7434,286174,14367,190988,0,0,19465,309197,0.038036,2325,84213,0.01036,19486,393410,0.048396,8129050
3,2021-01-17,13161,490323,4465,290639,8696,199684,0,0,12118,320293,0.039401,1042,85255,0.010488,12138,405548,0.049889,8129050
3,2021-01-18,24808,515131,12962,303601,11846,211530,0,0,19192,333924,0.041078,5604,90859,0.011177,19235,424783,0.052255,8129050
3,2021-01-19,41163,556294,20910,324511,20253,231783,0,0,32027,356938,0.043909,9100,99959,0.012297,32114,456897,0.056205,8129050
3,2021-01-20,46264,602558,23047,347558,23217,255000,0,0,36676,384156,0.047257,9541,109500,0.01347,36759,493656,0.060727,8129050
3,2021-01-21,48133,650691,20877,368435,27256,282256,0,0,42604,421378,0.051836,5461,114961,0.014142,42683,536339,0.065978,8129050
3,2021-01-22,49844,700535,19858,388293,29986,312242,0,0,45607,462850,0.056938,4208,119169,0.01466,45680,582019,0.071597,8129050
3,2021-01-23,30389,730924,12811,401104,17578,329820,0,0,27086,486696,0.059871,3295,122464,0.015065,27141,609160,0.074936,8129050
3,2021-01-24,17901,748825,8495,409599,9406,339226,0,0,16711,502251,0.061785,1187,123651,0.015211,16742,625902,0.076996,8129050
3,2021-01-25,40917,789742,18234,427833,22683,361909,0,0,30914,523281,0.064372,9975,133626,0.016438,31005,656907,0.08081,8129050
3,2021-01-26,47426,837168,22638,450471,24788,386697,0,0,37221,550436,0.067712,10172,143798,0.017689,37327,694234,0.085402,8129050
3,2021-01-27,51549,888717,24542,475013,27007,413704,0,0,40853,580746,0.071441,10625,154423,0.018996,40935,735169,0.090437,8129050
3,2021-01-28,52035,940752,24135,499148,27900,441604,0,0,43062,614979,0.075652,8888,163311,0.02009,43121,778290,0.095742,8129050
3,2021-01-29,51132,991884,24526,523674,26606,468210,0,0,41343,646762,0.079562,9611,172922,0.021272,41394,819684,0.100834,8129050
3,2021-01-30,37427,1029311,17765,541439,19662,487872,0,0,32698,674872,0.08302,4674,177596,0.021847,32784,852468,0.104867,8129050
3,2021-01-31,22498,1051809,12795,554234,9703,497575,0,0,21074,694559,0.085442,1409,179005,0.02202,21096,873564,0.107462,8129050
3,2021-02-01,46030,1097839,21047,575281,24983,522558,0,0,35080,718775,0.088421,10899,189904,0.023361,35115,908679,0.111782,8129050
3,2021-02-02,54596,1152435,22773,598054,31823,554381,0,0,42090,748507,0.092078,12409,202313,0.024888,42141,950820,0.116966,8129050
3,2021-02-03,60202,1212637,26714,624768,33488,587869,0,0,44756,778020,0.095709,15316,217629,0.026772,44829,995649,0.12248,8129050
3,2021-02-04,64561,1277198,27939,652707,36622,624491,0,0,47270,808311,0.099435,17094,234723,0.028875,47385,1043034,0.128309,8129050
3,2021-02-05,70535,1347733,29799,682506,40736,665227,0,0,48698,835598,0.102792,21593,256316,0.031531,48880,1091914,0.134322,8129050
3,2021-02-06,43751,1391484,20973,703479,22778,688005,0,0,34080,860238,0.105823,9625,265941,0.032715,34265,1126179,0.138538,8129050
3,2021-02-07,19758,1411242,12565,716044,7193,695198,0,0,15156,870938,0.107139,4583,270524,0.033279,15283,1141462,0.140418,8129050
3,2021-02-08,51640,1462882,24948,740992,26692,721890,0,0,33842,887313,0.109153,17658,288182,0.035451,34033,1175495,0.144604,8129050
3,2021-02-09,58901,1521783,28523,769515,30378,752268,0,0,34443,897925,0.110459,24179,312361,0.038425,34791,1210286,0.148884,8129050
3,2021-02-10,68508,1590291,31882,801397,36626,788894,0,0,36721,903664,0.111165,31490,343851,0.042299,37229,1247515,0.153464,8129050
3,2021-02-11,70926,1661217,34870,836267,36056,824950,0,0,37677,908982,0.111819,32901,376752,0.046346,38219,1285734,0.158165,8129050
3,2021-02-12,75798,1737015,32695,868962,43103,868053,0,0,41748,917766,0.1129,33739,410491,0.050497,42523,1328257,0.163396,8129050
3,2021-02-13,45312,1782327,20531,889493,24781,892834,0,0,26071,925295,0.113826,19125,429616,0.052849,26654,1354911,0.166675,8129050
3,2021-02-14,27446,1809773,13719,903212,13727,906561,0,0,15222,928811,0.114258,12160,441776,0.054345,15676,1370587,0.168604,8129050
3,2021-02-15,40335,1850108,17368,920580,22967,929528,0,0,22268,934064,0.114904,17956,459732,0.056554,23209,1393796,0.171459,8129050
3,2021-02-16,70558,1920666,33380,953960,37178,966706,0,0,36617,937917,0.115378,33794,493526,0.060711,37647,1431443,0.17609,8129050
3,2021-02-17,72408,1993074,36572,990532,35836,1002542,0,0,34289,935402,0.115069,37879,531405,0.065371,35364,1466807,0.18044,8129050
3,2021-02-18,77515,2070589,40481,1031013,37034,1039576,0,0,35811,931054,0.114534,41503,572908,0.070477,37155,1503962,0.185011,8129050
3,2021-02-19,69634,2140223,40143,1071156,29491,1069067,0,0,35128,932543,0.114717,34338,607246,0.074701,35827,1539789,0.189418,8129050
3,2021-02-20,43278,2183501,27315,1098471,15963,1085030,0,0,22600,935093,0.115031,20555,627801,0.077229,23105,1562894,0.19226,8129050
3,2021-02-21,24298,2207799,19534,1118005,4764,1089794,0,0,11823,934930,0.115011,12378,640179,0.078752,12215,1575109,0.193763,8129050
3,2021-02-22,47593,2255392,30975,1148980,16618,1106412,0,0,22230,932430,0.114703,25213,665392,0.081854,22713,1597822,0.196557,8129050
3,2021-02-23,63619,2319011,34557,1183537,29062,1135474,0,0,27697,926429,0.113965,35690,701082,0.086244,29689,1627511,0.200209,8129050
3,2021-02-24,79851,2398862,39220,1222757,40631,1176105,0,0,35238,919839,0.113155,44350,745432,0.0917,37760,1665271,0.204854,8129050
3,2021-02-25,89552,2488414,43587,1266344,45965,1222070,0,0,44546,922294,0.113457,44693,790125,0.097198,47148,1712419,0.210654,8129050
3,2021-02-26,100614,2589028,46028,1312372,54586,1276656,0,0,53094,930511,0.114467,47086,837211,0.10299,55303,1767722,0.217457,8129050
3,2021-02-27,71352,2660380,32784,1345156,38564,1315220,4,4,37676,936076,0.115152,33431,870642,0.107103,38996,1806718,0.222255,8129050
3,2021-02-28,41565,2701945,24007,1369163,17554,1332774,4,8,21322,938319,0.115428,20036,890678,0.109567,22279,1828997,0.224995,8129050
3,2021-03-01,70053,2771998,37178,1406341,32835,1365609,40,48,38870,947642,0.116575,30929,921607,0.113372,40252,1869249,0.229947,8129050
3,2021-03-02,81115,2853113,40004,1446345,41103,1406712,8,56,46754,962294,0.118377,34191,955798,0.117578,48843,1918092,0.235955,8129050
3,2021-03-03,91277,2944390,43663,1490008,47590,1454302,24,80,50922,975409,0.119991,40107,995905,0.122512,53222,1971314,0.242502,8129050
3,2021-03-04,95385,3039775,46604,1536612,48760,1503062,21,101,53923,990428,0.121838,41204,1037109,0.127581,56223,2027537,0.249419,8129050
3,2021-03-05,91843,3131618,44936,1581548,46615,1549677,292,393,55837,1013071,0.124624,35723,1072832,0.131975,58366,2085903,0.256599,8129050
3,2021-03-06,66166,3197784,33521,1615069,30480,1580157,2165,2558,37751,1026195,0.126238,28254,1101086,0.135451,41378,2127281,0.261689,8129050
3,2021-03-07,39253,3237037,22693,1637762,14663,1594820,1897,4455,22068,1034221,0.127225,17101,1118187,0.137554,25127,2152408,0.26478,8129050
3,2021-03-08,60286,3297323,28711,1666473,28569,1623389,3006,7461,38122,1054884,0.129767,21995,1140182,0.14026,42658,2195066,0.270027,8129050
3,2021-03-09,77488,3374811,35777,1702250,37224,1660613,4487,11948,41601,1066374,0.131181,35731,1175913,0.144656,47221,2242287,0.275836,8129050
3,2021-03-10,83373,3458184,41492,1743742,35744,1696357,6137,18085,43540,1077827,0.13259,39595,1215508,0.149526,51048,2293335,0.282116,8129050
3,2021-03-11,97664,3555848,47679,1791421,41326,1737683,8659,26744,47850,1085861,0.133578,49522,1265030,0.155618,57556,2350891,0.289196,8129050
3,2021-03-12,102423,3658271,45624,1837045,44883,1782566,11916,38660,46968,1090641,0.134166,55199,1320229,0.162409,59979,2410870,0.296575,8129050
3,2021-03-13,70779,3729050,29788,1866833,33700,1816266,7291,45951,37398,1103423,0.135738,33237,1353466,0.166497,46019,2456889,0.302236,8129050
3,2021-03-14,41416,3770466,21630,1888463,16220,1832486,3566,49517,20850,1107979,0.136299,20476,1373942,0.169016,25032,2481921,0.305315,8129050
3,2021-03-15,76043,3846509,36054,1924517,35419,1867905,4570,54087,40032,1117798,0.137507,35768,1409710,0.173416,45587,2527508,0.310923,8129050
3,2021-03-16,95444,3941953,43998,1968515,47099,1915004,4347,58434,53669,1135187,0.139646,41512,1451222,0.178523,58901,2586409,0.318169,8129050
3,2021-03-17,98755,4040708,47966,2016481,46231,1961235,4558,62992,59922,1161728,0.142911,38577,1489799,0.183269,65118,2651527,0.326179,8129050
3,2021-03-18,104080,4144788,52891,2069372,46656,2007891,4533,67525,59651,1182330,0.145445,44112,1533911,0.188695,64714,2716241,0.33414,8129050
3,2021-03-19,103663,4248451,55579,2124951,43607,2051498,4477,72002,57624,1199224,0.147523,45742,1579653,0.194322,62636,2778877,0.341845,8129050
3,2021-03-20,72203,4320654,37214,2162165,31318,2082816,3671,75673,44386,1220178,0.150101,27599,1607252,0.197717,48553,2827430,0.347818,8129050
3,2021-03-21,36411,4357065,24750,2186915,10150,2092966,1511,77184,21856,1229578,0.151257,14443,1621695,0.199494,23843,2851273,0.350751,8129050
3,2021-03-22,70829,4427894,41633,2228548,26667,2119633,2529,79713,45031,1252608,0.15409,25543,1647238,0.202636,48573,2899846,0.356726,8129050
3,2021-03-23,90226,4518120,49907,2278455,37774,2157407,2545,82258,55163,1276239,0.156997,34774,1682012,0.206914,58405,2958251,0.363911,8129050
3,2021-03-24,99262,4617382,57110,2335565,39218,2196625,2934,85192,56212,1293317,0.159098,42668,1724680,0.212163,59746,3017997,0.371261,8129050
3,2021-03-25,107937,4725319,59919,2395484,45033,2241658,2985,88177,60593,1310544,0.161217,46984,1771664,0.217942,64211,3082208,0.37916,8129050
3,2021-03-26,111265,4836584,59670,2455154,48243,2289901,3352,91529,57092,1318014,0.162136,53810,1825474,0.224562,61280,3143488,0.386698,8129050
3,2021-03-27,75012,4911596,38118,2493272,34336,2324237,2558,94087,36129,1318733,0.162225,38629,1864103,0.229314,39348,3182836,0.391538,8129050
3,2021-03-28,44586,4956182,28090,2521362,15683,2339920,813,94900,22412,1320550,0.162448,22047,1886150,0.232026,23864,3206700,0.394474,8129050
3,2021-03-29,81019,5037201,42305,2563667,36852,2376772,1862,96762,44152,1330788,0.163708,36588,1922738,0.236527,46826,3253526,0.400234,8129050
3,2021-03-30,100736,5137937,49501,2613168,47587,2424359,3648,100410,56223,1347017,0.165704,44241,1966979,0.241969,60470,3313996,0.407673,8129050
3,2021-03-31,105406,5243343,56846,2670014,43694,2468053,4866,105276,56094,1359244,0.167208,49045,2016024,0.248002,61272,3375268,0.415211,8129050
3,2021-04-01,124177,5367520,62753,2732767,51635,2519688,9789,115065,66736,1379040,0.169643,56999,2073023,0.255014,76795,3452063,0.424658,8129050
3,2021-04-02,118250,5485770,57702,2790469,50180,2569868,10368,125433,62206,1396338,0.171771,55727,2128750,0.261869,73025,3525088,0.433641,8129050
3,2021-04-03,76344,5562114,39073,2829542,28012,2597880,9259,134692,37909,1405523,0.172901,38270,2167020,0.266577,47455,3572543,0.439479,8129050
3,2021-04-04,32496,5594610,17390,2846932,10874,2608754,4232,138924,14178,1405712,0.172925,18236,2185256,0.268821,18425,3590968,0.441745,8129050
3,2021-04-05,89817,5684427,45612,2892544,34934,2643688,9271,148195,43528,1413266,0.173854,46044,2231300,0.274485,53598,3644566,0.448338,8129050
3,2021-04-06,113854,5798281,55364,2947908,43243,2686931,15247,163442,53320,1422269,0.174961,60237,2291537,0.281895,69240,3713806,0.456856,8129050
3,2021-04-07,116670,5914951,60326,3008234,39994,2726925,16350,179792,56198,1434867,0.176511,60192,2351729,0.289299,72790,3786596,0.46581,8129050
3,2021-04-08,121727,6036678,60593,3068827,40912,2767837,20222,200014,56303,1447030,0.178007,65094,2416823,0.297307,77257,3863853,0.475314,8129050
3,2021-04-09,118951,6155629,59212,3128039,40509,2808346,19230,219244,52148,1452740,0.17871,66532,2483355,0.305491,72242,3936095,0.484201,8129050
3,2021-04-10,84638,6240267,37947,3165986,31360,2839706,15331,234575,34358,1453138,0.178759,50077,2533432,0.311652,50475,3986570,0.49041,8129050
3,2021-04-11,45419,6285686,24328,3190314,13050,2852756,8041,242616,17243,1451155,0.178515,28074,2561506,0.315105,26091,4012661,0.49362,8129050
3,2021-04-12,84268,6369954,42565,3232879,32859,2885615,8844,251460,38024,1453114,0.178756,45987,2607493,0.320762,47946,4060607,0.499518,8129050
3,2021-04-13,105841,6475795,57282,3290161,48350,2933965,209,251669,55669,1459972,0.179599,49905,2657398,0.326901,56763,4117370,0.506501,8129050
3,2021-04-14,107908,6583703,58962,3349123,48843,2982808,103,251772,53578,1461072,0.179735,54019,2711417,0.333547,55119,4172489,0.513281,8129050
3,2021-04-15,119585,6703288,67204,3416327,52301,3035109,80,251852,63655,1470031,0.180837,55583,2767000,0.340384,64542,4237031,0.521221,8129050
3,2021-04-16,115884,6819172,64960,3481287,50831,3085940,93,251945,60288,1475814,0.181548,55265,2822265,0.347183,61048,4298079,0.528731,8129050
3,2021-04-17,79737,6898909,43428,3524715,36294,3122234,15,251960,44329,1485968,0.182797,35160,2857425,0.351508,45314,4343393,0.534305,8129050
3,2021-04-18,38844,6937753,23425,3548140,15412,3137646,7,251967,18189,1484507,0.182618,20530,2877955,0.354033,19069,4362462,0.536651,8129050
3,2021-04-19,79410,7017163,44164,3592304,35190,3172836,56,252023,35658,1477198,0.181718,43530,2921485,0.359388,36221,4398683,0.541107,8129050
3,2021-04-20,101094,7118257,53150,3645454,47926,3220762,18,252041,48786,1474996,0.181448,52030,2973515,0.365789,49828,4448511,0.547236,8129050
3,2021-04-21,106199,7224456,59629,3705083,46497,3267259,73,252114,50022,1470385,0.18088,55789,3029304,0.372652,51178,4499689,0.553532,8129050
3,2021-04-22,112367,7336823,63113,3768196,49227,3316486,27,252141,48196,1455765,0.179082,63800,3093104,0.3805,49180,4548869,0.559582,8129050
3,2021-04-23,106724,7443547,61025,3829221,45669,3362155,30,252171,46722,1443903,0.177623,59624,3152728,0.387835,47762,4596631,0.565457,8129050
3,2021-04-24,74231,7517778,45811,3875032,28348,3390503,72,252243,36097,1443228,0.17754,37838,3190566,0.392489,37163,4633794,0.570029,8129050
3,2021-04-25,37061,7554839,23652,3898684,13392,3403895,17,252260,18904,1444556,0.177703,18000,3208566,0.394704,19328,4653122,0.572407,8129050
3,2021-04-26,74269,7629108,41998,3940682,31863,3435758,408,252668,31681,1435684,0.176612,42305,3250871,0.399908,33433,4686555,0.576519,8129050
3,2021-04-27,91427,7720535,47972,3988654,41705,3477463,1750,254418,36232,1419562,0.174628,54871,3305742,0.406658,38749,4725304,0.581286,8129050
3,2021-04-28,87118,7807653,49506,4038160,35468,3512931,2144,256562,35539,1406504,0.173022,51267,3357009,0.412964,38209,4763513,0.585986,8129050
3,2021-04-29,89432,7897085,51117,4089277,36093,3549024,2222,258784,31883,1383899,0.170241,57198,3414207,0.420001,34593,4798106,0.590242,8129050
3,2021-04-30,91085,7988170,51384,4140661,37217,3586241,2484,261268,33911,1363965,0.167789,56795,3471002,0.426987,36861,4834967,0.594776,8129050
3,2021-05-01,55535,8043705,34849,4175510,19209,3605450,1477,262745,19991,1350653,0.166151,35271,3506273,0.431326,21959,4856926,0.597478,8129050
3,2021-05-02,27053,8070758,18477,4193987,7558,3613008,1018,263763,9904,1344633,0.165411,17038,3523311,0.433422,11018,4867944,0.598833,8129050
3,2021-05-03,60042,8130800,35235,4229222,22429,3635437,2378,266141,17527,1322451,0.162682,42273,3565584,0.438622,20091,4888035,0.601305,8129050
3,2021-05-04,77895,8208695,45032,4274254,30175,3665612,2688,268829,22662,1293155,0.159078,54925,3620509,0.445379,25629,4913664,0.604457,8129050
3,2021-05-05,79394,8288089,47686,4321940,28998,3694610,2710,271539,22038,1261185,0.155145,57003,3677512,0.452391,25033,4938697,0.607537,8129050
3,2021-05-06,83725,8371814,52996,4374936,28195,3722805,2534,274073,20743,1222515,0.150388,62493,3740005,0.460079,23823,4962520,0.610467,8129050
3,2021-05-07,82647,8454461,51492,4426428,28523,3751328,2632,276705,21908,1186977,0.146017,60372,3800377,0.467506,24834,4987354,0.613522,8129050
3,2021-05-08,52691,8507152,32641,4459069,18329,3769657,1721,278426,13955,1164456,0.143246,38457,3838834,0.472236,15936,5003290,0.615483,8129050
3,2021-05-09,21000,8528152,15343,4474412,4869,3774526,788,279214,5530,1155465,0.14214,15375,3854209,0.474128,6384,5009674,0.616268,8129050
3,2021-05-10,48279,8576431,25948,4500360,20415,3794941,1916,281130,11204,1131984,0.139252,36863,3891072,0.478663,13382,5023056,0.617914,8129050
3,2021-05-11,64298,8640729,36020,4536380,26056,3820997,2222,283352,16190,1103012,0.135688,47852,3938924,0.484549,18880,5041936,0.620237,8129050
3,2021-05-12,64965,8705694,37315,4573695,25249,3846246,2401,285753,16587,1074205,0.132144,48112,3987036,0.490468,19305,5061241,0.622612,8129050
3,2021-05-13,75563,8781257,47615,4621310,26034,3872280,1914,287667,27591,1056616,0.12998,47717,4034753,0.496338,30128,5091369,0.626318,8129050
3,2021-05-14,80495,8861752,50833,4672143,27521,3899801,2141,289808,31180,1041518,0.128123,49016,4083769,0.502367,33918,5125287,0.63049,8129050
3,2021-05-15,62207,8923959,42902,4715045,18096,3917897,1209,291017,25725,1032412,0.127003,36274,4120043,0.50683,27168,5152455,0.633832,8129050
3,2021-05-16,33180,8957139,24809,4739854,7679,3925576,692,291709,13389,1026914,0.126326,19667,4139710,0.509249,14169,5166624,0.635575,8129050
3,2021-05-17,56957,9014096,36277,4776131,18842,3944418,1838,293547,20993,1014270,0.124771,35686,4175396,0.513639,23042,5189666,0.63841,8129050
3,2021-05-18,64540,9078636,38089,4814220,24586,3969004,1865,295412,24231,1000735,0.123106,40027,4215423,0.518563,26492,5216158,0.641669,8129050
3,2021-05-19,63897,9142533,38844,4853064,23309,3992313,1744,297156,24724,988557,0.121608,38920,4254343,0.523351,26742,5242900,0.644959,8129050
3,2021-05-20,61719,9204252,36109,4889173,23768,4016081,1842,298998,22151,973607,0.119769,39281,4293624,0.528183,24331,5267231,0.647952,8129050
3,2021-05-21,65850,9270102,39997,4929170,23755,4039836,2098,301096,23525,957528,0.117791,42003,4335627,0.53335,25924,5293155,0.651141,8129050
3,2021-05-22,45658,9315760,30255,4959425,13929,4053765,1474,302570,19015,951843,0.117092,26430,4362057,0.536601,20745,5313900,0.653693,8129050
3,2021-05-23,21735,9337495,15042,4974467,6042,4059807,651,303221,9190,949338,0.116783,12457,4374514,0.538133,9952,5323852,0.654917,8129050
3,2021-05-24,39490,9376985,23095,4997562,14639,4074446,1756,304977,14626,941262,0.11579,24663,4399177,0.541167,16587,5340439,0.656957,8129050
3,2021-05-25,42707,9419692,24015,5021577,17015,4091461,1677,306654,15140,931011,0.114529,27295,4426472,0.544525,17044,5357483,0.659054,8129050
3,2021-05-26,42397,9462089,24266,5045843,16415,4107876,1716,308370,15859,922480,0.113479,26241,4452713,0.547753,17710,5375193,0.661233,8129050
3,2021-05-27,39346,9501435,22065,5067908,15535,4123411,1746,310116,15432,916145,0.1127,23751,4476464,0.550675,17416,5392609,0.663375,8129050
3,2021-05-28,42755,9544190,24160,5092068,16809,4140220,1786,311902,17777,911260,0.112099,24772,4501236,0.553722,19887,5412496,0.665821,8129050
3,2021-05-29,23465,9567655,14332,5106400,8295,4148515,838,312740,10989,910871,0.112051,12342,4513578,0.555241,11953,5424449,0.667292,8129050
3,2021-05-30,10598,9578253,6870,5113270,3092,4151607,636,313376,4447,909922,0.111935,6073,4519651,0.555988,5124,5429573,0.667922,8129050
3,2021-05-31,4635,9582888,2678,5115948,1692,4153299,265,313641,1457,908534,0.111764,3139,4522790,0.556374,1751,5431324,0.668138,8129050
3,2021-06-01,37689,9620577,21688,5137636,14565,4167864,1436,315077,13167,899046,0.110597,24285,4547075,0.559361,14797,5446121,0.669958,8129050
3,2021-06-02,31476,9652053,18085,5155721,11982,4179846,1409,316486,11643,892612,0.109805,19624,4566699,0.561775,13190,5459311,0.67158,8129050
3,2021-06-03,39585,9691638,27074,5182795,11078,4190924,1433,317919,11421,877707,0.107972,27983,4594682,0.565218,13078,5472389,0.673189,8129050
3,2021-06-04,46155,9737793,32648,5215443,11961,4202885,1546,319465,13128,859995,0.105793,32788,4627470,0.569251,15076,5487465,0.675044,8129050
3,2021-06-05,34322,9772115,25869,5241312,7266,4210151,1187,320652,8710,844673,0.103908,25403,4652873,0.572376,10081,5497546,0.676284,8129050
3,2021-06-06,14627,9786742,12205,5253517,1840,4211991,582,321234,3726,838303,0.103124,10841,4663714,0.57371,4471,5502017,0.676834,8129050
3,2021-06-07,30384,9817126,22089,5275606,7014,4219005,1281,322515,8712,826891,0.10172,21524,4685238,0.576357,10112,5512129,0.678078,8129050
3,2021-06-08,34296,9851422,24628,5300234,8381,4227386,1287,323802,9945,814193,0.100158,24141,4709379,0.579327,11443,5523572,0.679486,8129050
3,2021-06-09,32959,9884381,23909,5324143,7750,4235136,1300,325102,8865,800599,0.098486,23916,4733295,0.582269,10322,5533894,0.680755,8129050
3,2021-06-10,32447,9916828,23399,5347542,7522,4242658,1526,326628,8942,787910,0.096925,23353,4756648,0.585142,10664,5544558,0.682067,8129050
3,2021-06-11,35541,9952369,25128,5372670,9045,4251703,1368,327996,10581,775269,0.09537,24763,4781411,0.588188,12122,5556680,0.683558,8129050
3,2021-06-12,25136,9977505,18935,5391605,5310,4257013,891,328887,6694,764677,0.094067,18327,4799738,0.590443,7735,5564415,0.68451,8129050
3,2021-06-13,10134,9987639,7582,5399187,2063,4259076,489,329376,2364,759886,0.093478,7715,4807453,0.591392,2924,5567339,0.68487,8129050
3,2021-06-14,25783,10013422,18477,5417664,5886,4264962,1420,330796,8082,751958,0.092503,17569,4825022,0.593553,9641,5576980,0.686056,8129050
3,2021-06-15,28701,10042123,19416,5437080,7784,4272746,1501,332297,9647,744449,0.091579,18825,4843847,0.595869,11316,5588296,0.687448,8129050
3,2021-06-16,25864,10067987,18361,5455441,6092,4278838,1411,333708,8722,737779,0.090758,16958,4860805,0.597955,10288,5598584,0.688713,8129050
3,2021-06-17,24827,10092814,17780,5473221,5761,4284599,1286,334994,8617,731759,0.090018,16058,4876863,0.59993,10038,5608622,0.689948,8129050
3,2021-06-18,27968,10120782,19749,5492970,6648,4291247,1571,336565,9794,725348,0.089229,17944,4894807,0.602138,11533,5620155,0.691367,8129050
3,2021-06-19,16007,10136789,11762,5504732,3388,4294635,857,337422,5725,721884,0.088803,10155,4904962,0.603387,6691,5626846,0.69219,8129050
3,2021-06-20,6860,10143649,5142,5509874,1419,4296054,299,337721,2601,720630,0.088649,4206,4909168,0.603904,2952,5629798,0.692553,8129050
3,2021-06-21,16217,10159866,10230,5520104,4591,4300645,1396,339117,8088,722197,0.088842,8036,4917204,0.604893,9603,5639401,0.693734,8129050
3,2021-06-22,22067,10181933,15470,5535574,5303,4305948,1294,340411,8262,718220,0.088352,13686,4930890,0.606576,9709,5649110,0.694929,8129050
3,2021-06-23,20231,10202164,14174,5549748,4726,4310674,1331,341742,8018,715606,0.088031,12100,4942990,0.608065,9486,5658596,0.696096,8129050
3,2021-06-24,19938,10222102,13873,5563621,4615,4315289,1450,343192,7787,712970,0.087706,11982,4954972,0.609539,9346,5667942,0.697245,8129050
3,2021-06-25,23260,10245362,16502,5580123,5335,4320624,1423,344615,9093,709575,0.087289,14036,4969008,0.611266,10641,5678583,0.698554,8129050
3,2021-06-26,13868,10259230,10286,5590409,2810,4323434,772,345387,5794,708290,0.087131,8004,4977012,0.61225,6719,5685302,0.699381,8129050
3,2021-06-27,6688,10265918,5170,5595579,1210,4324644,308,345695,2860,707700,0.087058,3791,4980803,0.612716,3201,5688503,0.699775,8129050
3,2021-06-28,15849,10281767,12177,5607756,2594,4327238,1078,346773,6680,706497,0.08691,9061,4989864,0.613831,7858,5696361,0.700741,8129050
3,2021-06-29,17931,10299698,12636,5620392,4303,4331541,992,347765,7340,704490,0.086663,10469,5000333,0.615119,8462,5704823,0.701782,8129050
3,2021-06-30,16949,10316647,11991,5632383,3919,4335460,1039,348804,7296,703447,0.086535,9519,5009852,0.61629,8476,5713299,0.702825,8129050
3,2021-07-01,16159,10332806,11516,5643899,3582,4339042,1061,349865,6795,702140,0.086374,9265,5019117,0.61743,7958,5721257,0.703804,8129050
3,2021-07-02,18357,10351163,13073,5656972,4187,4343229,1097,350962,7823,700737,0.086202,10423,5029540,0.618712,9020,5730277,0.704913,8129050
3,2021-07-03,9997,10361160,7226,5664198,2342,4345571,429,351391,4288,699909,0.0861,5647,5035187,0.619407,4819,5735096,0.705506,8129050
3,2021-07-04,702,10361862,408,5664606,207,4345778,87,351478,266,699849,0.086092,429,5035616,0.619459,369,5735465,0.705552,8129050
3,2021-07-05,9482,10371344,6931,5671537,2128,4347906,423,351901,4291,699497,0.086049,5127,5040743,0.62009,4775,5740240,0.706139,8129050
3,2021-07-06,18910,10390254,13714,5685251,4081,4351987,1115,353016,6851,695664,0.085578,11920,5052663,0.621556,8087,5748327,0.707134,8129050
3,2021-07-07,15567,10405821,11042,5696293,3421,4355408,1104,354120,6285,693976,0.08537,9181,5061844,0.622686,7493,5755820,0.708056,8129050
3,2021-07-08,15222,10421043,10989,5707282,3241,4358649,992,355112,6186,692303,0.085164,8936,5070780,0.623785,7263,5763083,0.708949,8129050
3,2021-07-09,17450,10438493,12175,5719457,4073,4362722,1202,356314,7197,690674,0.084964,10138,5080918,0.625032,8509,5771592,0.709996,8129050
3,2021-07-10,10755,10449248,7909,5727366,2183,4364905,663,356977,4570,689875,0.084865,6119,5087037,0.625785,5320,5776912,0.71065,8129050
3,2021-07-11,5084,10454332,3761,5731127,1047,4365952,276,357253,2291,689716,0.084846,2746,5089783,0.626123,2587,5779499,0.710969,8129050
3,2021-07-12,14286,10468618,10411,5741538,2875,4368827,1000,358253,5697,687972,0.084631,8511,5098294,0.62717,6767,5786266,0.711801,8129050
3,2021-07-13,15025,10483643,10612,5752150,3508,4372335,905,359158,6578,687185,0.084534,8348,5106642,0.628197,7561,5793827,0.712731,8129050
3,2021-07-14,14304,10497947,10148,5762298,3237,4375572,919,360077,6365,686693,0.084474,7838,5114480,0.629161,7346,5801173,0.713635,8129050
3,2021-07-15,14553,10512500,10516,5772814,3208,4378780,829,360906,6670,686473,0.084447,7792,5122272,0.630119,7572,5808745,0.714566,8129050
3,2021-07-16,17566,10530066,12635,5785449,4050,4382830,881,361787,8383,686729,0.084478,9079,5131351,0.631236,9335,5818080,0.715715,8129050
3,2021-07-17,11143,10541209,8161,5793610,2451,4385281,531,362318,5296,686846,0.084493,5778,5137129,0.631947,5895,5823975,0.71644,8129050
3,2021-07-18,5705,10546914,4303,5797913,1151,4386432,251,362569,2795,687049,0.084518,2869,5139998,0.6323,3072,5827047,0.716818,8129050
3,2021-07-19,14761,10561675,10784,5808697,3103,4389535,874,363443,7235,687804,0.084611,7427,5147425,0.633214,8182,5835229,0.717824,8129050
3,2021-07-20,16328,10578003,11359,5820056,4072,4393607,897,364340,8390,689343,0.0848,7828,5155253,0.634177,9367,5844596,0.718977,8129050
3,2021-07-21,15817,10593820,11195,5831251,3761,4397368,861,365201,7955,690497,0.084942,7737,5162990,0.635128,8891,5853487,0.72007,8129050
3,2021-07-22,16169,10609989,11429,5842680,3790,4401158,950,366151,8391,692241,0.085156,7663,5170653,0.636071,9407,5862894,0.721227,8129050
3,2021-07-23,19008,10628997,13552,5856232,4458,4405616,998,367149,10212,694878,0.085481,8655,5179308,0.637136,11292,5874186,0.722617,8129050
3,2021-07-24,11472,10640469,8258,5864490,2638,4408254,576,367725,6336,696766,0.085713,5059,5184367,0.637758,6947,5881133,0.723471,8129050
3,2021-07-25,5557,10646026,4168,5868658,1182,4409436,207,367932,4019,699550,0.086056,1493,5185860,0.637942,4277,5885410,0.723997,8129050
3,2021-07-26,15254,10661280,10610,5879268,3697,4413133,947,368879,9216,703848,0.086584,5931,5191791,0.638671,10229,5895639,0.725256,8129050
3,2021-07-27,17184,10678464,12171,5891439,4058,4417191,955,369834,9867,707554,0.08704,7192,5198983,0.639556,10898,5906537,0.726596,8129050
3,2021-07-28,16824,10695288,12070,5903509,3734,4420925,1020,370854,9730,711388,0.087512,6959,5205942,0.640412,10793,5917330,0.727924,8129050
3,2021-07-29,16471,10711759,11858,5915367,3611,4424536,1002,371856,9695,715553,0.088024,6603,5212545,0.641224,10768,5928098,0.729249,8129050
3,2021-07-30,19052,10730811,13519,5928886,4493,4429029,1040,372896,11086,719996,0.088571,7775,5220320,0.642181,12218,5940316,0.730752,8129050
3,2021-07-31,11835,10742646,8595,5937481,2625,4431654,615,373511,6918,722806,0.088916,4789,5225109,0.64277,7599,5947915,0.731686,8129050
3,2021-08-01,6341,10748987,4839,5942320,1246,4432900,256,373767,4110,725034,0.08919,2174,5227283,0.643037,4402,5952317,0.732228,8129050
3,2021-08-02,10982,10759969,7720,5950040,2476,4435376,786,374553,6617,728195,0.089579,4291,5231574,0.643565,7452,5959769,0.733145,8129050
4,2020-12-15,454,454,454,454,0,0,0,0,454,454,5.6e-05,0,0,0.0,454,454,5.6e-05,8037679
4,2020-12-16,3056,3510,3056,3510,0,0,0,0,3056,3510,0.000437,0,0,0.0,3056,3510,0.000437,8037679
4,2020-12-17,8970,12480,8970,12480,0,0,0,0,8970,12480,0.001553,0,0,0.0,8970,12480,0.001553,8037679
4,2020-12-18,16225,28705,16213,28693,12,12,0,0,16225,28705,0.003571,0,0,0.0,16225,28705,0.003571,8037679
4,2020-12-19,10388,39093,10379,39072,9,21,0,0,10324,39029,0.004856,0,0,0.0,10324,39029,0.004856,8037679
4,2020-12-20,7432,46525,7425,46497,7,28,0,0,7387,46416,0.005775,0,0,0.0,7387,46416,0.005775,8037679
4,2020-12-21,16426,62951,16400,62897,26,54,0,0,16359,62774,0.00781,1,1,0.0,16359,62775,0.00781,8037679
4,2020-12-22,17226,80177,16476,79373,750,804,0,0,17181,79951,0.009947,4,5,1e-06,17181,79956,0.009948,8037679
4,2020-12-23,17151,97328,14416,93789,2735,3539,0,0,17129,97077,0.012078,3,8,1e-06,17129,97085,0.012079,8037679
4,2020-12-24,8575,105903,5980,99769,2595,6134,0,0,8574,105651,0.013144,0,8,1e-06,8574,105659,0.013145,8037679
4,2020-12-25,905,106808,800,100569,105,6239,0,0,905,106556,0.013257,0,8,1e-06,905,106564,0.013258,8037679
4,2020-12-26,6183,112991,3902,104471,2281,8520,0,0,6183,112739,0.014026,0,8,1e-06,6183,112747,0.014027,8037679
4,2020-12-27,3428,116419,1993,106464,1435,9955,0,0,3428,116167,0.014453,0,8,1e-06,3428,116175,0.014454,8037679
4,2020-12-28,15183,131602,9385,115849,5798,15753,0,0,15154,131318,0.016338,3,11,1e-06,15154,131329,0.016339,8037679
4,2020-12-29,15441,147043,8541,124390,6900,22653,0,0,15407,146724,0.018255,1,12,1e-06,15407,146736,0.018256,8037679
4,2020-12-30,19017,166060,11099,135489,7918,30571,0,0,19006,165728,0.020619,2,14,2e-06,19006,165742,0.020621,8037679
4,2020-12-31,8323,174383,3369,138858,4954,35525,0,0,8310,174029,0.021652,9,23,3e-06,8310,174052,0.021655,8037679
4,2021-01-01,1657,176040,752,139610,905,36430,0,0,1653,175679,0.021857,3,26,3e-06,1653,175705,0.02186,8037679
4,2021-01-02,5739,181779,3241,142851,2498,38928,0,0,5737,181415,0.022571,1,27,3e-06,5737,181442,0.022574,8037679
4,2021-01-03,2151,183930,1271,144122,880,39808,0,0,2137,183549,0.022836,3,30,4e-06,2137,183579,0.02284,8037679
4,2021-01-04,13010,196940,7045,151167,5965,45773,0,0,12962,196483,0.024445,28,58,7e-06,12962,196541,0.024452,8037679
4,2021-01-05,16988,213928,10069,161236,6919,52692,0,0,14771,209080,0.026012,2188,2246,0.000279,14785,211326,0.026292,8037679
4,2021-01-06,21709,235637,13308,174544,8401,61093,0,0,15581,218596,0.027196,6079,8325,0.001036,15595,226921,0.028232,8037679
4,2021-01-07,28056,263693,17105,191649,10951,72044,0,0,16751,224124,0.027884,11244,19569,0.002435,16772,243693,0.030319,8037679
4,2021-01-08,33025,296718,21200,212849,11825,83869,0,0,18408,228002,0.028367,14551,34120,0.004245,18429,262122,0.032612,8037679
4,2021-01-09,16344,313062,9671,222520,6673,90542,0,0,9491,230663,0.028698,6842,40962,0.005096,9503,271625,0.033794,8037679
4,2021-01-10,8806,321868,5689,228209,3117,93659,0,0,4180,230236,0.028645,4615,45577,0.00567,4188,275813,0.034315,8037679
4,2021-01-11,33632,355500,22093,250302,11539,105198,0,0,18932,234542,0.02918,14673,60250,0.007496,18979,294792,0.036676,8037679
4,2021-01-12,38706,394206,22328,272630,16378,121576,0,0,24360,244652,0.030438,14291,74541,0.009274,24401,319193,0.039712,8037679
4,2021-01-13,39048,433254,19344,291974,19704,141280,0,0,27630,260933,0.032464,11376,85917,0.010689,27657,346850,0.043153,8037679
4,2021-01-14,39587,472841,15240,307214,24347,165627,0,0,32344,286101,0.035595,7205,93122,0.011586,32373,379223,0.047181,8037679
4,2021-01-15,45629,518470,15947,323161,29682,195309,0,0,40026,320618,0.039889,5535,98657,0.012274,40052,419275,0.052164,8037679
4,2021-01-16,28872,547342,9422,332583,19450,214759,0,0,25738,343272,0.042708,3102,101759,0.01266,25756,445031,0.055368,8037679
4,2021-01-17,19187,566529,6758,339341,12429,227188,0,0,17653,359427,0.044718,1512,103271,0.012848,17667,462698,0.057566,8037679
4,2021-01-18,29568,596097,13688,353029,15880,243068,0,0,23567,377087,0.046915,5933,109204,0.013587,23593,486291,0.060501,8037679
4,2021-01-19,46294,642391,23137,376166,23157,266225,0,0,36873,404660,0.050345,9373,118577,0.014753,36946,523237,0.065098,8037679
4,2021-01-20,52847,695238,28285,404451,24562,290787,0,0,42242,436457,0.054301,10507,129084,0.01606,42304,565541,0.070361,8037679
4,2021-01-21,58063,753301,26166,430617,31897,322684,0,0,51259,481040,0.059848,6722,135806,0.016896,51305,616846,0.076744,8037679
4,2021-01-22,55640,808941,22352,452969,33288,355972,0,0,50443,526382,0.065489,5128,140934,0.017534,50470,667316,0.083023,8037679
4,2021-01-23,39800,848741,17464,470433,22336,378308,0,0,35437,557496,0.06936,4353,145287,0.018076,35467,702783,0.087436,8037679
4,2021-01-24,24076,872817,10519,480952,13557,391865,0,0,22165,577779,0.071884,1902,147189,0.018312,22185,724968,0.090196,8037679
4,2021-01-25,48239,921056,22320,503272,25919,417784,0,0,37032,603694,0.075108,11175,158364,0.019703,37090,762058,0.094811,8037679
4,2021-01-26,57236,978292,29198,532470,28038,445822,0,0,44876,636309,0.079166,12323,170687,0.021236,44938,806996,0.100402,8037679
4,2021-01-27,56543,1034835,26902,559372,29641,475463,0,0,45409,670718,0.083447,11054,181741,0.022611,45463,852459,0.106058,8037679
4,2021-01-28,57021,1091856,25774,585146,31247,506710,0,0,46929,707698,0.088048,9996,191737,0.023855,46976,899435,0.111902,8037679
4,2021-01-29,56929,1148785,27309,612455,29620,536330,0,0,46402,743808,0.09254,10327,202064,0.02514,46437,945872,0.11768,8037679
4,2021-01-30,38267,1187052,17297,629752,20970,557300,0,0,32871,771368,0.095969,5339,207403,0.025804,32899,978771,0.121773,8037679
4,2021-01-31,24108,1211160,12711,642463,11397,568697,0,0,22390,792078,0.098546,1697,209100,0.026015,22407,1001178,0.124561,8037679
4,2021-02-01,49927,1261087,24060,666523,25867,594564,0,0,38191,818635,0.10185,11679,220779,0.027468,38236,1039414,0.129318,8037679
4,2021-02-02,55835,1316922,25679,692202,30156,624720,0,0,42834,848599,0.105578,12916,233695,0.029075,42880,1082294,0.134653,8037679
4,2021-02-03,62516,1379438,30696,722898,31820,656540,0,0,47913,882112,0.109747,14453,248148,0.030873,47966,1130260,0.14062,8037679
4,2021-02-04,67891,1447329,31483,754381,36408,692948,0,0,50964,916431,0.114017,16753,264901,0.032957,51072,1181332,0.146974,8037679
4,2021-02-05,73702,1521031,34157,788538,39545,732493,0,0,51144,945437,0.117626,22274,287175,0.035729,51280,1232612,0.153354,8037679
4,2021-02-06,48977,1570008,26347,814885,22630,755123,0,0,37306,971345,0.120849,11602,298777,0.037172,37510,1270122,0.158021,8037679
4,2021-02-07,26634,1596642,17609,832494,9025,764148,0,0,20108,985200,0.122573,6492,305269,0.03798,20347,1290469,0.160552,8037679
4,2021-02-08,59048,1655690,30398,862892,28650,792798,0,0,38335,1003227,0.124816,20573,325842,0.040539,38600,1329069,0.165355,8037679
4,2021-02-09,67693,1723383,34293,897185,33400,826198,0,0,39623,1015418,0.126332,27877,353719,0.044008,40068,1369137,0.17034,8037679
4,2021-02-10,77924,1801307,39009,936194,38915,865113,0,0,40923,1020139,0.12692,36747,390466,0.048579,41468,1410605,0.175499,8037679
4,2021-02-11,82157,1883464,42907,979101,39250,904363,0,0,41743,1022425,0.127204,40135,430601,0.053573,42421,1453026,0.180777,8037679
4,2021-02-12,85142,1968606,38188,1017289,46954,951317,0,0,43709,1025780,0.127621,41144,471745,0.058692,44499,1497525,0.186313,8037679
4,2021-02-13,59276,2027882,30039,1047328,29237,980554,0,0,30148,1027851,0.127879,28980,500725,0.062297,31051,1528576,0.190176,8037679
4,2021-02-14,37114,2064996,19304,1066632,17810,998364,0,0,18983,1029421,0.128074,18071,518796,0.064545,19641,1548217,0.19262,8037679
4,2021-02-15,46612,2111608,21882,1088514,24730,1023094,0,0,23846,1031774,0.128367,22677,541473,0.067367,25030,1573247,0.195734,8037679
4,2021-02-16,80918,2192526,37146,1125660,43772,1066866,0,0,41077,1034376,0.128691,39694,581167,0.072305,42296,1615543,0.200996,8037679
4,2021-02-17,82235,2274761,38890,1164550,43345,1110211,0,0,39043,1031573,0.128342,42975,624142,0.077652,40172,1655715,0.205994,8037679
4,2021-02-18,84133,2358894,46343,1210893,37790,1148001,0,0,38824,1026774,0.127745,45104,669246,0.083264,40305,1696020,0.211009,8037679
4,2021-02-19,83478,2442372,52619,1263512,30859,1178860,0,0,41618,1027410,0.127824,41676,710922,0.088449,42312,1738332,0.216273,8037679
4,2021-02-20,49992,2492364,33301,1296813,16691,1195551,0,0,27029,1032259,0.128427,22875,733797,0.091295,27724,1766056,0.219722,8037679
4,2021-02-21,30358,2522722,24107,1320920,6251,1201802,0,0,14643,1031561,0.128341,15627,749424,0.093239,14929,1780985,0.22158,8037679
4,2021-02-22,55590,2578312,38199,1359119,17391,1219193,0,0,26709,1030009,0.128148,28712,778136,0.096811,27160,1808145,0.224959,8037679
4,2021-02-23,76899,2655211,42593,1401712,34306,1253499,0,0,33586,1022173,0.127173,43098,821234,0.102173,35262,1843407,0.229346,8037679
4,2021-02-24,92194,2747405,48716,1450428,43478,1296977,0,0,41387,1015195,0.126304,50524,871758,0.108459,43546,1886953,0.234763,8037679
4,2021-02-25,103821,2851226,54284,1504712,49537,1346514,0,0,49437,1013044,0.126037,54144,925902,0.115195,51993,1938946,0.241232,8037679
4,2021-02-26,110089,2961315,55621,1560333,54468,1400982,0,0,56136,1017901,0.126641,53639,979541,0.121869,58496,1997442,0.24851,8037679
4,2021-02-27,80279,3041594,43701,1604034,36568,1437550,10,10,42750,1024849,0.127506,37301,1016842,0.126509,44249,2041691,0.254015,8037679
4,2021-02-28,49616,3091210,30649,1634683,18960,1456510,7,17,27311,1030954,0.128265,22099,1038941,0.129259,28204,2069895,0.257524,8037679
4,2021-03-01,80864,3172074,47364,1682047,33453,1489963,47,64,44478,1040634,0.129469,36041,1074982,0.133743,45721,2115616,0.263212,8037679
4,2021-03-02,88308,3260382,50706,1732753,37593,1527556,9,73,51585,1057497,0.131567,36520,1111502,0.138286,53383,2168999,0.269854,8037679
4,2021-03-03,102924,3363306,54593,1787346,48315,1575871,16,89,57241,1071079,0.133257,45448,1156950,0.143941,59030,2228029,0.277198,8037679
4,2021-03-04,99891,3463197,55353,1842699,44521,1620392,17,106,54386,1082005,0.134617,45252,1202202,0.149571,56178,2284207,0.284187,8037679
4,2021-03-05,96957,3560154,52383,1895082,44251,1664643,323,429,56998,1101537,0.137047,39729,1241931,0.154514,59261,2343468,0.29156,8037679
4,2021-03-06,77366,3637520,43592,1938674,31132,1695775,2642,3071,47318,1122918,0.139707,29904,1271835,0.158234,51285,2394753,0.297941,8037679
4,2021-03-07,44925,3682445,27579,1966253,15149,1710924,2197,5268,26116,1133587,0.141034,18720,1290555,0.160563,29389,2424142,0.301597,8037679
4,2021-03-08,68288,3750733,35676,2001929,29234,1740158,3378,8646,44777,1159672,0.144279,23374,1313929,0.163471,49459,2473601,0.307751,8037679
4,2021-03-09,82262,3832995,41514,2043443,35465,1775623,5283,13929,44306,1172559,0.145883,37760,1351689,0.168169,50647,2524248,0.314052,8037679
4,2021-03-10,91812,3924807,47323,2090766,36952,1812575,7537,21466,46272,1181925,0.147048,45326,1397015,0.173808,54692,2578940,0.320856,8037679
4,2021-03-11,101286,4026093,53075,2143841,39690,1852265,8521,29987,46691,1183847,0.147287,54321,1451336,0.180567,56243,2635183,0.327854,8037679
4,2021-03-12,105052,4131145,51741,2195582,42980,1895245,10331,40318,44897,1180060,0.146816,59851,1511187,0.188013,56064,2691247,0.334829,8037679
4,2021-03-13,81946,4213091,37939,2233521,35478,1930723,8529,48847,38703,1185245,0.147461,43090,1554277,0.193374,48275,2739522,0.340835,8037679
4,2021-03-14,50065,4263156,28504,2262025,17913,1948636,3648,52495,23360,1186237,0.147585,26600,1580877,0.196683,27592,2767114,0.344268,8037679
4,2021-03-15,84049,4347205,45220,2307245,34563,1983199,4266,56761,42586,1192729,0.148392,41181,1622058,0.201807,47673,2814787,0.350199,8037679
4,2021-03-16,108318,4455523,56311,2363556,48581,2031780,3426,60187,57060,1202903,0.149658,50983,1673041,0.20815,61157,2875944,0.357808,8037679
4,2021-03-17,107739,4563262,58032,2421588,46198,2077978,3509,63696,62953,1225388,0.152455,44497,1717538,0.213686,66982,2942926,0.366141,8037679
4,2021-03-18,107691,4670953,59754,2481342,44227,2122205,3710,67406,60847,1243793,0.154745,46552,1764090,0.219478,64957,3007883,0.374223,8037679
4,2021-03-19,112161,4783114,64512,2545854,42419,2164624,5230,72636,63542,1264603,0.157334,48322,1812412,0.225489,69132,3077015,0.382824,8037679
4,2021-03-20,84514,4867628,49436,2595290,32055,2196679,3023,75659,51611,1286801,0.160096,32727,1845139,0.229561,54925,3131940,0.389657,8037679
4,2021-03-21,48445,4916073,35103,2630393,11083,2207762,2259,77918,28194,1297490,0.161426,20108,1865247,0.232063,30797,3162737,0.393489,8037679
4,2021-03-22,82991,4999064,54227,2684620,26024,2233786,2740,80658,51197,1320610,0.164302,31518,1896765,0.235984,54638,3217375,0.400287,8037679
4,2021-03-23,105570,5104634,63205,2747825,40215,2274001,2150,82808,62382,1342786,0.167061,42898,1939663,0.241321,65074,3282449,0.408383,8037679
4,2021-03-24,114346,5218980,73737,2821562,38177,2312178,2432,85240,63959,1359686,0.169164,49928,1989591,0.247533,66828,3349277,0.416697,8037679
4,2021-03-25,117903,5336883,72507,2894069,42985,2355163,2411,87651,66919,1379004,0.171567,50479,2040070,0.253813,69797,3419074,0.425381,8037679
4,2021-03-26,120659,5457542,73161,2967230,44448,2399611,3050,90701,65514,1393395,0.173358,54750,2094820,0.260625,69141,3488215,0.433983,8037679
4,2021-03-27,92645,5550187,54578,3021808,36269,2435880,1798,92499,46856,1397000,0.173806,45521,2140341,0.266288,49126,3537341,0.440095,8037679
4,2021-03-28,56060,5606247,36998,3058806,18187,2454067,875,93374,29601,1401574,0.174375,26270,2166611,0.269557,30844,3568185,0.443932,8037679
4,2021-03-29,94224,5700471,56452,3115258,35681,2489748,2091,95465,50558,1411384,0.175596,43375,2209986,0.274953,53185,3621370,0.450549,8037679
4,2021-03-30,117818,5818289,64312,3179570,49340,2539088,4166,99631,69686,1437768,0.178879,47868,2257854,0.280909,74252,3695622,0.459787,8037679
4,2021-03-31,121702,5939991,71821,3251391,43557,2582645,6324,105955,67877,1458712,0.181484,53444,2311298,0.287558,74388,3770010,0.469042,8037679
4,2021-04-01,143154,6083145,81615,3333006,48229,2630874,13310,119265,83985,1497369,0.186294,58646,2369944,0.294854,97303,3867313,0.481148,8037679
4,2021-04-02,137235,6220380,73309,3406315,50299,2681173,13627,132892,79007,1532296,0.190639,57904,2427848,0.302058,92831,3960144,0.492697,8037679
4,2021-04-03,101544,6321924,54252,3460567,33806,2714979,13486,146378,52748,1550095,0.192854,48576,2476424,0.308102,66375,4026519,0.500955,8037679
4,2021-04-04,46998,6368922,24804,3485371,14660,2729639,7534,153912,20404,1551510,0.19303,26478,2502902,0.311396,27893,4054412,0.504426,8037679
4,2021-04-05,109943,6478865,61746,3547117,35316,2764955,12881,166793,56911,1569001,0.195206,52794,2555696,0.317964,70285,4124697,0.51317,8037679
4,2021-04-06,139386,6618251,78410,3625527,41122,2806077,19854,186647,72180,1594585,0.198389,66945,2622641,0.326293,92529,4217226,0.524682,8037679
4,2021-04-07,138099,6756350,78248,3703775,39069,2845146,20782,207429,71346,1620432,0.201604,66478,2689119,0.334564,92325,4309551,0.536169,8037679
4,2021-04-08,140559,6896909,78299,3782074,36704,2881850,25556,232985,69825,1645896,0.204773,70410,2759529,0.343324,95874,4405425,0.548097,8037679
4,2021-04-09,138270,7035179,75780,3857854,39358,2921208,23132,256117,65882,1663722,0.20699,72116,2831645,0.352296,89942,4495367,0.559287,8037679
4,2021-04-10,104120,7139299,51330,3909184,33844,2955052,18946,275063,46900,1673545,0.208212,56991,2888636,0.359387,66814,4562181,0.567599,8037679
4,2021-04-11,62838,7202137,38140,3947324,13497,2968549,11201,286264,27413,1677874,0.208751,35302,2923938,0.363779,39631,4601812,0.57253,8037679
4,2021-04-12,103225,7305362,62735,4010059,30256,2998805,10234,296498,51969,1690346,0.210303,50933,2974871,0.370116,63405,4665217,0.580418,8037679
4,2021-04-13,130892,7436254,82115,4092174,48609,3047414,168,296666,78225,1717252,0.21365,52351,3027222,0.376629,79257,4744474,0.590279,8037679
4,2021-04-14,135939,7572193,86592,4178766,49269,3096683,78,296744,75026,1733023,0.215612,60564,3087786,0.384164,76335,4820809,0.599776,8037679
4,2021-04-15,156463,7728656,104018,4282784,52375,3149058,70,296814,95725,1769261,0.220121,60328,3148114,0.39167,96566,4917375,0.61179,8037679
4,2021-04-16,143913,7872569,91221,4374005,52613,3201671,79,296893,83424,1793339,0.223117,60146,3208260,0.399153,84224,5001599,0.622269,8037679
4,2021-04-17,101754,7974323,63889,4437894,37841,3239512,24,296917,59542,1812136,0.225455,41918,3250178,0.404368,60715,5062314,0.629823,8037679
4,2021-04-18,56914,8031237,38441,4476335,18470,3257982,3,296920,32009,1820354,0.226478,24756,3274934,0.407448,32974,5095288,0.633925,8037679
4,2021-04-19,101496,8132733,66855,4543190,34623,3292605,18,296938,51493,1822722,0.226772,49746,3324680,0.413637,52114,5147402,0.640409,8037679
4,2021-04-20,131778,8264511,78472,4621662,53290,3345895,16,296954,68328,1829033,0.227557,63106,3387786,0.421488,69417,5216819,0.649045,8037679
4,2021-04-21,134905,8399416,88055,4709717,46793,3392688,57,297011,67880,1831489,0.227863,66592,3454378,0.429773,69048,5285867,0.657636,8037679
4,2021-04-22,141955,8541371,94201,4803918,47730,3440418,24,297035,63350,1817810,0.226161,78187,3532565,0.439501,64508,5350375,0.665662,8037679
4,2021-04-23,135448,8676819,88135,4892053,47288,3487706,25,297060,58748,1801457,0.224127,76318,3608883,0.448996,59965,5410340,0.673122,8037679
4,2021-04-24,99095,8775914,66883,4958936,32162,3519868,50,297110,45606,1795015,0.223325,53173,3662056,0.455611,46731,5457071,0.678936,8037679
4,2021-04-25,50459,8826373,35571,4994507,14861,3534729,27,297137,26348,1797887,0.223682,23956,3686012,0.458592,26828,5483899,0.682274,8037679
4,2021-04-26,92273,8918646,60517,5055024,31358,3566087,398,297535,36324,1780312,0.221496,55634,3741646,0.465513,38059,5521958,0.687009,8037679
4,2021-04-27,114105,9032751,69740,5124764,42046,3608133,2319,299854,41095,1751853,0.217955,72671,3814317,0.474555,44212,5566170,0.69251,8037679
4,2021-04-28,104624,9137375,68364,5193128,33725,3641858,2535,302389,38271,1727325,0.214903,65996,3880313,0.482765,41468,5607638,0.697669,8037679
4,2021-04-29,105996,9243371,67713,5260841,35749,3677607,2534,304923,34269,1693368,0.210679,71364,3951677,0.491644,37407,5645045,0.702323,8037679
4,2021-04-30,105732,9349103,66999,5327840,36027,3713634,2706,307629,36367,1664145,0.207043,68960,4020637,0.500224,39737,5684782,0.707267,8037679
4,2021-05-01,69586,9418689,46190,5374030,21618,3735252,1778,309407,20272,1637812,0.203767,49026,4069663,0.506323,22693,5707475,0.71009,8037679
4,2021-05-02,37714,9456403,26756,5400786,9665,3744917,1293,310700,10586,1622834,0.201903,27004,4096667,0.509683,12026,5719501,0.711586,8037679
4,2021-05-03,79420,9535823,55420,5456206,21507,3766424,2493,313193,19334,1585213,0.197223,59819,4156486,0.517125,22198,5741699,0.714348,8037679
4,2021-05-04,101625,9637448,69577,5525783,29278,3795702,2770,315963,22804,1532671,0.190686,78515,4235001,0.526894,25973,5767672,0.717579,8037679
4,2021-05-05,102500,9739948,72276,5598059,27483,3823185,2741,318704,22239,1478050,0.18389,79907,4314908,0.536835,25286,5792958,0.720725,8037679
4,2021-05-06,112292,9852240,84146,5682205,25200,3848385,2946,321650,19781,1409880,0.175409,92018,4406926,0.548283,23848,5816806,0.723692,8037679
4,2021-05-07,105041,9957281,75510,5757715,26847,3875232,2684,324334,20758,1349845,0.16794,83895,4490821,0.558721,23860,5840666,0.726661,8037679
4,2021-05-08,69872,10027153,48141,5805856,19801,3895033,1930,326264,13860,1310232,0.163011,55760,4546581,0.565658,16147,5856813,0.72867,8037679
4,2021-05-09,34321,10061474,28068,5833924,5305,3900338,948,327212,7530,1292122,0.160758,26680,4573261,0.568978,8570,5865383,0.729736,8037679
4,2021-05-10,65307,10126781,43726,5877650,19255,3919593,2326,329538,11073,1251827,0.155745,54006,4627267,0.575697,13711,5879094,0.731442,8037679
4,2021-05-11,83336,10210117,52129,5929779,29013,3948606,2194,331732,15866,1203222,0.149698,67206,4694473,0.584058,18601,5897695,0.733756,8037679
4,2021-05-12,79768,10289885,53031,5982810,24264,3972870,2473,334205,16615,1159914,0.14431,62852,4757325,0.591878,19544,5917239,0.736188,8037679
4,2021-05-13,104762,10394647,77116,6059926,26112,3998982,1534,335739,40581,1139245,0.141738,63845,4821170,0.599821,43176,5960415,0.741559,8037679
4,2021-05-14,105122,10499769,74240,6134166,28752,4027734,2130,337869,40496,1118112,0.139109,64295,4885465,0.60782,43162,6003577,0.746929,8037679
4,2021-05-15,85754,10585523,66289,6200455,18136,4045870,1329,339198,37836,1109917,0.138089,47665,4933130,0.613751,39470,6043047,0.75184,8037679
4,2021-05-16,51596,10637119,41588,6242043,9296,4055166,712,339910,21147,1101621,0.137057,30297,4963427,0.61752,22001,6065048,0.754577,8037679
4,2021-05-17,71187,10708306,51974,6294017,17370,4072536,1843,341753,28128,1088979,0.135484,42848,5006275,0.622851,30206,6095254,0.758335,8037679
4,2021-05-18,81810,10790116,53188,6347205,26868,4099404,1754,343507,29224,1068100,0.132887,52224,5058499,0.629348,31345,6126599,0.762235,8037679
4,2021-05-19,76836,10866952,51928,6399133,22966,4122370,1942,345449,30854,1055507,0.13132,45679,5104178,0.635031,33086,6159685,0.766351,8037679
4,2021-05-20,69098,10936050,44427,6443560,22675,4145045,1996,347445,25604,1040258,0.129423,43197,5147375,0.640406,27948,6187633,0.769828,8037679
4,2021-05-21,73597,11009647,48531,6492091,23205,4168250,1861,349306,25953,1020994,0.127026,47346,5194721,0.646296,28082,6215715,0.773322,8037679
4,2021-05-22,49846,11059493,34931,6527022,13641,4181891,1274,350580,21663,1016152,0.126424,28014,5222735,0.649781,23172,6238887,0.776205,8037679
4,2021-05-23,23981,11083474,17110,6544132,6148,4188039,723,351303,9758,1012646,0.125987,14098,5236833,0.651535,10592,6249479,0.777523,8037679
4,2021-05-24,43064,11126538,27391,6571523,12672,4200711,3001,354304,15060,1003125,0.124803,27781,5264614,0.654992,18260,6267739,0.779795,8037679
4,2021-05-25,44885,11171423,27882,6599405,14177,4214888,2826,357130,15860,993256,0.123575,28786,5293400,0.658573,18917,6286656,0.782148,8037679
4,2021-05-26,44609,11216032,26718,6626123,15286,4230174,2605,359735,15834,983317,0.122338,28551,5321951,0.662125,18612,6305268,0.784464,8037679
4,2021-05-27,38903,11254935,23328,6649451,12436,4242610,3139,362874,14645,977218,0.12158,24050,5346001,0.665118,17951,6323219,0.786697,8037679
4,2021-05-28,43280,11298215,27556,6677007,14119,4256729,1605,364479,18855,973747,0.121148,24156,5370157,0.668123,20685,6343904,0.789271,8037679
4,2021-05-29,23692,11321907,15370,6692377,7388,4264117,934,365413,10895,973056,0.121062,12651,5382808,0.669697,11960,6355864,0.790759,8037679
4,2021-05-30,12092,11333999,8498,6700875,3068,4267185,526,365939,5022,971677,0.12089,6998,5389806,0.670567,5619,6361483,0.791458,8037679
4,2021-05-31,3578,11337577,2275,6703150,1142,4268327,161,366100,1141,970614,0.120758,2385,5392191,0.670864,1322,6362805,0.791622,8037679
4,2021-06-01,39444,11377021,24516,6727666,12487,4280814,2441,368541,13012,960072,0.119446,26211,5418402,0.674125,15669,6378474,0.793572,8037679
4,2021-06-02,32617,11409638,20371,6748037,9449,4290263,2797,371338,10879,952346,0.118485,21552,5439954,0.676807,13826,6392300,0.795292,8037679
4,2021-06-03,48045,11457683,36858,6784895,8734,4298997,2453,373791,10338,927909,0.115445,37536,5477490,0.681477,13099,6405399,0.796921,8037679
4,2021-06-04,54800,11512483,44112,6829007,9361,4308358,1327,375118,12727,900929,0.112088,41837,5519327,0.686682,14857,6420256,0.79877,8037679
4,2021-06-05,44802,11557285,38360,6867367,5446,4313804,996,376114,8740,875039,0.108867,35907,5555234,0.691149,10017,6430273,0.800016,8037679
4,2021-06-06,21236,11578521,18949,6886316,1723,4315527,564,376678,3950,862766,0.10734,17184,5572418,0.693287,4911,6435184,0.800627,8037679
4,2021-06-07,38698,11617219,31320,6917636,5459,4320986,1919,378597,8418,843248,0.104912,30143,5602561,0.697037,10625,6445809,0.801949,8037679
4,2021-06-08,40589,11657808,31841,6949477,6206,4327192,2542,381139,9437,824601,0.102592,30963,5633524,0.700889,12316,6458125,0.803481,8037679
4,2021-06-09,38936,11696744,30865,6980342,5709,4332901,2362,383501,7928,804406,0.100079,30837,5664361,0.704726,10642,6468767,0.804805,8037679
4,2021-06-10,37135,11733879,29255,7009597,5255,4338156,2625,386126,8412,787145,0.097932,28562,5692923,0.708279,11301,6480068,0.806211,8037679
4,2021-06-11,38287,11772166,30043,7039640,6232,4344388,2012,388138,9883,771146,0.095941,28247,5721170,0.711794,12248,6492316,0.807735,8037679
4,2021-06-12,26550,11798716,22084,7061724,3753,4348141,713,388851,6035,757708,0.09427,20408,5741578,0.714333,6970,6499286,0.808602,8037679
4,2021-06-13,10839,11809555,8564,7070288,1799,4349940,476,389327,2279,752076,0.093569,8494,5750072,0.71539,2862,6502148,0.808958,8037679
4,2021-06-14,28585,11838140,21379,7091667,4398,4354338,2808,392135,7800,742258,0.092347,20645,5770717,0.717958,10827,6512975,0.810305,8037679
4,2021-06-15,29942,11868082,21166,7112833,5373,4359711,3403,395538,8283,732705,0.091159,21496,5792213,0.720633,11943,6524918,0.811791,8037679
4,2021-06-16,26570,11894652,20026,7132859,3922,4363633,2622,398160,8006,725149,0.090219,18390,5810603,0.722921,10834,6535752,0.813139,8037679
4,2021-06-17,25126,11919778,18552,7151411,3681,4367314,2893,401053,7607,718506,0.089392,17332,5827935,0.725077,10689,6546441,0.814469,8037679
4,2021-06-18,26763,11946541,21108,7172519,4422,4371736,1233,402286,8259,709950,0.088328,18300,5846235,0.727354,9744,6556185,0.815681,8037679
4,2021-06-19,15744,11962285,12733,7185252,2310,4374046,701,402987,5058,705342,0.087754,10538,5856773,0.728665,5930,6562115,0.816419,8037679
4,2021-06-20,7364,11969649,6067,7191319,991,4375037,306,403293,2619,703665,0.087546,4686,5861459,0.729248,3009,6565124,0.816794,8037679
4,2021-06-21,14574,11984223,10533,7201852,2902,4377939,1139,404432,7336,705152,0.087731,7152,5868611,0.730138,8639,6573763,0.817868,8037679
4,2021-06-22,20494,12004717,15965,7217817,3454,4381393,1075,405507,7112,700237,0.087119,13255,5881866,0.731787,8340,6582103,0.818906,8037679
4,2021-06-23,18394,12023111,14437,7232254,2969,4384362,988,406495,6709,696508,0.086655,11548,5893414,0.733223,7819,6589922,0.819879,8037679
4,2021-06-24,17578,12040689,13592,7245846,2998,4387360,988,407483,6555,693327,0.08626,10863,5904277,0.734575,7682,6597604,0.820834,8037679
4,2021-06-25,21541,12062230,16927,7262773,3568,4390928,1046,408529,7805,688746,0.08569,13598,5917875,0.736267,9017,6606621,0.821956,8037679
4,2021-06-26,13025,12075255,10596,7273369,1812,4392740,617,409146,4796,686137,0.085365,8126,5926001,0.737278,5517,6612138,0.822643,8037679
4,2021-06-27,6835,12082090,5535,7278904,957,4393697,343,409489,2877,685490,0.085285,3920,5929921,0.737765,3273,6615411,0.82305,8037679
4,2021-06-28,15032,12097122,12621,7291525,1559,4395256,852,410341,6038,683591,0.085048,8911,5938832,0.738874,7012,6622423,0.823922,8037679
4,2021-06-29,16438,12113560,12761,7304286,2877,4398133,800,411141,6355,680895,0.084713,9973,5948805,0.740115,7277,6629700,0.824828,8037679
4,2021-06-30,14523,12128083,11319,7315605,2467,4400600,737,411878,6034,679401,0.084527,8379,5957184,0.741157,6885,6636585,0.825684,8037679
4,2021-07-01,14421,12142504,11377,7326982,2303,4402903,741,412619,5904,677780,0.084325,8405,5965589,0.742203,6784,6643369,0.826528,8037679
4,2021-07-02,16740,12159244,13291,7340273,2687,4405590,762,413381,6841,675708,0.084068,9802,5975391,0.743422,7730,6651099,0.82749,8037679
4,2021-07-03,9154,12168398,7270,7347543,1474,4407064,410,413791,3965,675024,0.083982,5116,5980507,0.744059,4432,6655531,0.828041,8037679
4,2021-07-04,429,12168827,264,7347807,106,4407170,59,413850,188,675045,0.083985,237,5980744,0.744088,258,6655789,0.828074,8037679
4,2021-07-05,9188,12178015,7478,7355285,1295,4408465,415,414265,4170,674741,0.083947,4938,5985682,0.744703,4634,6660423,0.82865,8037679
4,2021-07-06,16439,12194454,12957,7368242,2681,4411146,801,415066,6054,671441,0.083537,10266,5995948,0.74598,6966,6667389,0.829517,8037679
4,2021-07-07,13679,12208133,10676,7378918,2228,4413374,775,415841,5164,669074,0.083242,8426,6004374,0.747028,6059,6673448,0.830271,8037679
4,2021-07-08,13175,12221308,10310,7389228,2039,4415413,826,416667,5149,667230,0.083013,7911,6012285,0.748013,6067,6679515,0.831025,8037679
4,2021-07-09,15357,12236665,11796,7401024,2627,4418040,934,417601,6245,665551,0.082804,8974,6021259,0.749129,7295,6686810,0.831933,8037679
4,2021-07-10,8806,12245471,6965,7407989,1443,4419483,398,417999,3700,664689,0.082697,5021,6026280,0.749754,4159,6690969,0.83245,8037679
4,2021-07-11,4965,12250436,3976,7411965,788,4420271,201,418200,2224,664443,0.082666,2701,6028981,0.75009,2455,6693424,0.832756,8037679
4,2021-07-12,12996,12263432,10305,7422270,1976,4422247,715,418915,5040,662424,0.082415,7876,6036857,0.75107,5857,6699281,0.833485,8037679
4,2021-07-13,12711,12276143,9727,7431997,2354,4424601,630,419545,5404,661352,0.082281,7201,6044058,0.751966,6129,6705410,0.834247,8037679
4,2021-07-14,11662,12287805,9185,7441182,1930,4426531,547,420092,5052,660499,0.082175,6523,6050581,0.752777,5670,6711080,0.834952,8037679
4,2021-07-15,12388,12300193,9840,7451022,1964,4428495,584,420676,5656,660208,0.082139,6605,6057186,0.753599,6314,6717394,0.835738,8037679
4,2021-07-16,14891,12315084,11610,7462632,2614,4431109,667,421343,6855,659904,0.082101,7934,6065120,0.754586,7630,6725024,0.836687,8037679
4,2021-07-17,9288,12324372,7339,7469971,1626,4432735,323,421666,4382,659844,0.082094,4807,6069927,0.755184,4747,6729771,0.837278,8037679
4,2021-07-18,5347,12329719,4304,7474275,843,4433578,200,421866,2525,659829,0.082092,2763,6072690,0.755528,2748,6732519,0.83762,8037679
4,2021-07-19,12722,12342441,10100,7484375,1978,4435556,644,422510,6029,659982,0.082111,6601,6079291,0.756349,6754,6739273,0.83846,8037679
4,2021-07-20,13650,12356091,10533,7494908,2462,4438018,655,423165,6727,660666,0.082196,6779,6086070,0.757192,7463,6746736,0.839389,8037679
4,2021-07-21,12736,12368827,9887,7504795,2215,4440233,634,423799,6336,661430,0.082291,6265,6092335,0.757972,7029,6753765,0.840263,8037679
4,2021-07-22,13390,12382217,10452,7515247,2290,4442523,648,424447,6965,662809,0.082463,6295,6098630,0.758755,7674,6761439,0.841218,8037679
4,2021-07-23,15552,12397769,12016,7527263,2860,4445383,676,425123,8164,664515,0.082675,7224,6105854,0.759654,8930,6770369,0.842329,8037679
4,2021-07-24,9551,12407320,7481,7534744,1744,4447127,326,425449,4908,665292,0.082772,4506,6110360,0.760214,5283,6775652,0.842986,8037679
4,2021-07-25,4739,12412059,3735,7538479,851,4447978,153,425602,3346,667469,0.083043,1337,6111697,0.760381,3514,6779166,0.843423,8037679
4,2021-07-26,12830,12424889,10077,7548556,2102,4450080,651,426253,7473,670433,0.083411,5216,6116913,0.76103,8180,6787346,0.844441,8037679
4,2021-07-27,14153,12439042,10878,7559434,2536,4452616,739,426992,7639,672489,0.083667,6364,6123277,0.761822,8420,6795766,0.845489,8037679
4,2021-07-28,13024,12452066,9981,7569415,2369,4454985,674,427666,7234,674830,0.083958,5623,6128900,0.762521,7964,6803730,0.846479,8037679
4,2021-07-29,13277,12465343,10345,7579760,2247,4457232,685,428351,7472,677479,0.084288,5594,6134494,0.763217,8243,6811973,0.847505,8037679
4,2021-07-30,15490,12480833,11953,7591713,2802,4460034,735,429086,8438,680054,0.084608,6707,6141201,0.764052,9282,6821255,0.84866,8037679
4,2021-07-31,9536,12490369,7467,7599180,1691,4461725,378,429464,5430,681990,0.084849,3914,6145115,0.764538,5850,6827105,0.849388,8037679
4,2021-08-01,5353,12495722,4435,7603615,759,4462484,159,429623,3159,683250,0.085006,2093,6147208,0.764799,3353,6830458,0.849805,8037679
4,2021-08-02,9012,12504734,6936,7610551,1474,4463958,602,430225,5097,685205,0.085249,3783,6150991,0.76527,5738,6836196,0.850519,8037679
