vemquartile,administered_date,total_doses,cumulative_total_doses,pfizer_doses,cumulative_pfizer_doses,moderna_doses,cumulative_moderna_doses,jj_doses,cumulative_jj_doses,partially_vaccinated,total_partially_vaccinated,pct_age12pop_partially_vaccinated,fully_vaccinated,cumulative_fully_vaccinated,pct_age12pop_fully_vaccinated,at_least_one_dose,cumulative_at_least_one_dose,pct_age12pop_at_least_one_dose,age12_population
1,2020-12-15,154,154,154,154,0,0,0,0,154,154,1.8e-05,0,0,0.0,154,154,1.8e-05,8700223
1,2020-12-16,1226,1380,1226,1380,0,0,0,0,1226,1380,0.000159,0,0,0.0,1226,1380,0.000159,8700223
1,2020-12-17,4181,5561,4181,5561,0,0,0,0,4182,5562,0.000639,0,0,0.0,4182,5562,0.000639,8700223
1,2020-12-18,6379,11940,6356,11917,23,23,0,0,6381,11942,0.001373,1,1,0.0,6381,11943,0.001373,8700223
1,2020-12-19,2876,14816,2873,14790,3,26,0,0,2875,14816,0.001703,1,2,0.0,2875,14818,0.001703,8700223
1,2020-12-20,2128,16944,2119,16909,9,35,0,0,2129,16945,0.001948,0,2,0.0,2129,16947,0.001948,8700223
1,2020-12-21,7648,24592,7627,24536,21,56,0,0,7697,24642,0.002832,1,3,0.0,7698,24645,0.002833,8700223
1,2020-12-22,7313,31905,6970,31506,343,399,0,0,7314,31954,0.003673,2,5,1e-06,7314,31959,0.003673,8700223
1,2020-12-23,7837,39742,6579,38085,1258,1657,0,0,7832,39785,0.004573,2,7,1e-06,7833,39792,0.004574,8700223
1,2020-12-24,3302,43044,2361,40446,941,2598,0,0,3304,43089,0.004953,0,7,1e-06,3304,43096,0.004953,8700223
1,2020-12-25,239,43283,155,40601,84,2682,0,0,239,43328,0.00498,0,7,1e-06,239,43335,0.004981,8700223
1,2020-12-26,1363,44646,972,41573,391,3073,0,0,1362,44689,0.005137,1,8,1e-06,1362,44697,0.005137,8700223
1,2020-12-27,872,45518,539,42112,333,3406,0,0,872,45560,0.005237,1,9,1e-06,872,45569,0.005238,8700223
1,2020-12-28,7093,52611,4752,46864,2341,5747,0,0,7091,52651,0.006052,0,9,1e-06,7091,52660,0.006053,8700223
1,2020-12-29,8904,61515,4978,51842,3926,9673,0,0,8901,61550,0.007075,2,11,1e-06,8901,61561,0.007076,8700223
1,2020-12-30,11571,73086,6441,58283,5130,14803,0,0,11570,73119,0.008404,1,12,1e-06,11570,73131,0.008406,8700223
1,2020-12-31,5980,79066,1953,60236,4027,18830,0,0,5978,79094,0.009091,4,16,2e-06,5979,79110,0.009093,8700223
1,2021-01-01,588,79654,222,60458,366,19196,0,0,585,79677,0.009158,2,18,2e-06,585,79695,0.00916,8700223
1,2021-01-02,2917,82571,1766,62224,1151,20347,0,0,2917,82594,0.009493,0,18,2e-06,2917,82612,0.009495,8700223
1,2021-01-03,1038,83609,549,62773,489,20836,0,0,1036,83627,0.009612,3,21,2e-06,1036,83648,0.009614,8700223
1,2021-01-04,7385,90994,3590,66363,3795,24631,0,0,7389,91015,0.010461,1,22,3e-06,7389,91037,0.010464,8700223
1,2021-01-05,10867,101861,5246,71609,5621,30252,0,0,10071,100330,0.011532,778,800,9.2e-05,10093,101130,0.011624,8700223
1,2021-01-06,14078,115939,7065,78674,7013,37265,0,0,12154,110609,0.012713,1888,2688,0.000309,12167,113297,0.013022,8700223
1,2021-01-07,17538,133477,9170,87844,8368,45633,0,0,13020,119214,0.013702,4425,7113,0.000818,13030,126327,0.01452,8700223
1,2021-01-08,20207,153684,10498,98342,9709,55342,0,0,14259,127551,0.014661,5931,13044,0.001499,14268,140595,0.01616,8700223
1,2021-01-09,6694,160378,3398,101740,3296,58638,0,0,4839,130541,0.015004,1852,14896,0.001712,4842,145437,0.016716,8700223
1,2021-01-10,3095,163473,1766,103506,1329,59967,0,0,1907,131265,0.015088,1184,16080,0.001848,1908,147345,0.016936,8700223
1,2021-01-11,18070,181543,11842,115348,6228,66195,0,0,11529,136306,0.015667,6531,22611,0.002599,11572,158917,0.018266,8700223
1,2021-01-12,19129,200672,10958,126306,8171,74366,0,0,13138,143521,0.016496,5964,28575,0.003284,13179,172096,0.019781,8700223
1,2021-01-13,19856,220528,10749,137055,9107,83473,0,0,14693,153090,0.017596,5142,33717,0.003875,14711,186807,0.021472,8700223
1,2021-01-14,22035,242563,9453,146508,12582,96055,0,0,19283,169735,0.019509,2697,36414,0.004185,19342,206149,0.023695,8700223
1,2021-01-15,25196,267759,9249,155757,15947,112002,0,0,23249,191136,0.021969,1909,38323,0.004405,23310,229459,0.026374,8700223
1,2021-01-16,13889,281648,4542,160299,9347,121349,0,0,13012,203277,0.023365,874,39197,0.004505,13015,242474,0.02787,8700223
1,2021-01-17,5221,286869,2038,162337,3183,124532,0,0,4852,207764,0.02388,368,39565,0.004548,4855,247329,0.028428,8700223
1,2021-01-18,14338,301207,8606,170943,5732,130264,0,0,11156,215806,0.024805,3169,42734,0.004912,11211,258540,0.029716,8700223
1,2021-01-19,24694,325901,12769,183712,11925,142189,0,0,19537,230260,0.026466,5137,47871,0.005502,19591,278131,0.031968,8700223
1,2021-01-20,29450,355351,14727,198439,14723,156912,0,0,23526,247980,0.028503,5846,53717,0.006174,23566,301697,0.034677,8700223
1,2021-01-21,31231,386582,14661,213100,16570,173482,0,0,27956,272821,0.031358,3210,56927,0.006543,28051,329748,0.037901,8700223
1,2021-01-22,28402,414984,11288,224388,17114,190596,0,0,26333,297184,0.034158,2003,58930,0.006773,26366,356114,0.040932,8700223
1,2021-01-23,18731,433715,8195,232583,10536,201132,0,0,16770,312033,0.035865,1931,60861,0.006995,16780,372894,0.04286,8700223
1,2021-01-24,6685,440400,4158,236741,2527,203659,0,0,6026,317411,0.036483,654,61515,0.007071,6032,378926,0.043554,8700223
1,2021-01-25,25450,465850,10494,247235,14956,218615,0,0,19655,331425,0.038094,5748,67263,0.007731,19762,398688,0.045825,8700223
1,2021-01-26,28833,494683,13487,260722,15346,233961,0,0,22137,346950,0.039878,6634,73897,0.008494,22159,420847,0.048372,8700223
1,2021-01-27,32681,527364,15562,276284,17119,251080,0,0,24558,363487,0.041779,8056,81953,0.00942,24593,445440,0.051199,8700223
1,2021-01-28,35012,562376,16421,292705,18591,269671,0,0,28041,384693,0.044216,6902,88855,0.010213,28108,473548,0.054429,8700223
1,2021-01-29,33709,596085,16464,309169,17245,286916,0,0,27112,405392,0.046596,6453,95308,0.010955,27152,500700,0.05755,8700223
1,2021-01-30,20173,616258,8710,317879,11463,298379,0,0,18035,421330,0.048427,2108,97416,0.011197,18046,518746,0.059624,8700223
1,2021-01-31,7700,623958,5015,322894,2685,301064,0,0,6987,427611,0.049149,709,98125,0.011278,6990,525736,0.060428,8700223
1,2021-02-01,29037,652995,12543,335437,16494,317558,0,0,21191,441011,0.05069,7796,105921,0.012175,21196,546932,0.062864,8700223
1,2021-02-02,32760,685755,11832,347269,20928,338486,0,0,24490,457350,0.052568,8188,114109,0.013116,24527,571459,0.065683,8700223
1,2021-02-03,39691,725446,15270,362539,24421,362907,0,0,28577,475019,0.054598,10946,125055,0.014374,28615,600074,0.068972,8700223
1,2021-02-04,44063,769509,17150,379689,26913,389820,0,0,31761,494652,0.056855,12177,137232,0.015773,31810,631884,0.072628,8700223
1,2021-02-05,46810,816319,17170,396859,29640,419460,0,0,30667,509380,0.058548,15992,153224,0.017612,30720,662604,0.076159,8700223
1,2021-02-06,26553,842872,10490,407349,16063,435523,0,0,20635,524161,0.060247,5870,159094,0.018286,20651,683255,0.078533,8700223
1,2021-02-07,6273,849145,4036,411385,2237,437760,0,0,4626,527178,0.060594,1627,160721,0.018473,4644,687899,0.079067,8700223
1,2021-02-08,31629,880774,14439,425824,17190,454950,0,0,21069,537881,0.061824,10463,171184,0.019676,21166,709065,0.0815,8700223
1,2021-02-09,38594,919368,16980,442804,21614,476564,0,0,23793,547036,0.062876,14718,185902,0.021367,23873,732938,0.084244,8700223
1,2021-02-10,47369,966737,22262,465066,25107,501671,0,0,26969,553810,0.063655,20274,206176,0.023698,27048,759986,0.087352,8700223
1,2021-02-11,51852,1018589,25438,490504,26414,528085,0,0,30958,564296,0.06486,20577,226753,0.026063,31063,791049,0.090923,8700223
1,2021-02-12,50046,1068635,21529,512033,28517,556602,0,0,28707,571961,0.065741,21182,247935,0.028498,28847,819896,0.094239,8700223
1,2021-02-13,26386,1095021,11536,523569,14850,571452,0,0,15265,576252,0.066234,11050,258985,0.029768,15341,835237,0.096002,8700223
1,2021-02-14,11789,1106810,5561,529130,6228,577680,0,0,6708,577976,0.066432,5050,264035,0.030348,6774,842011,0.09678,8700223
1,2021-02-15,23911,1130721,9388,538518,14523,592203,0,0,14551,583408,0.067057,9235,273270,0.03141,14667,856678,0.098466,8700223
1,2021-02-16,47169,1177890,22516,561034,24653,616856,0,0,27523,591483,0.067985,19562,292832,0.033658,27637,884315,0.101643,8700223
1,2021-02-17,48519,1226409,24576,585610,23943,640799,0,0,26119,595505,0.068447,22245,315077,0.036215,26267,910582,0.104662,8700223
1,2021-02-18,51182,1277591,25607,611217,25575,666374,0,0,26506,597812,0.068712,24432,339509,0.039023,26739,937321,0.107735,8700223
1,2021-02-19,46639,1324230,25293,636510,21346,687720,0,0,26105,603604,0.069378,20376,359885,0.041365,26168,963489,0.110743,8700223
1,2021-02-20,27661,1351891,16854,653364,10807,698527,0,0,15780,607644,0.069842,11818,371703,0.042723,15858,979347,0.112566,8700223
1,2021-02-21,12361,1364252,10644,664008,1717,700244,0,0,7425,610243,0.070141,4875,376578,0.043284,7474,986821,0.113425,8700223
1,2021-02-22,31597,1395849,20810,684818,10787,711031,0,0,18174,615191,0.07071,13327,389905,0.044816,18275,1005096,0.115525,8700223
1,2021-02-23,45798,1441647,22237,707055,23561,734592,0,0,25144,620337,0.071301,20361,410266,0.047156,25507,1030603,0.118457,8700223
1,2021-02-24,55775,1497422,26936,733991,28839,763431,0,0,30679,626580,0.072019,24889,435155,0.050017,31132,1061735,0.122035,8700223
1,2021-02-25,68418,1565840,33230,767221,35188,798619,0,0,42287,643408,0.073953,25960,461115,0.053,42788,1104523,0.126953,8700223
1,2021-02-26,76434,1642274,35820,803041,40614,839233,0,0,49914,667523,0.076725,26276,487391,0.056021,50391,1154914,0.132745,8700223
1,2021-02-27,52609,1694883,24157,827198,28443,867676,9,9,34490,684314,0.078655,17974,505365,0.058086,34765,1189679,0.136741,8700223
1,2021-02-28,20161,1715044,11966,839164,8193,875869,2,11,14764,693912,0.079758,5308,510673,0.058697,14906,1204585,0.138454,8700223
1,2021-03-01,45802,1760846,21211,860375,24542,900411,49,60,29396,707370,0.081305,16225,526898,0.060561,29683,1234268,0.141866,8700223
1,2021-03-02,63958,1824804,27690,888065,36259,936670,9,69,40686,725595,0.0834,23090,549988,0.063215,41315,1275583,0.146615,8700223
1,2021-03-03,70461,1895265,33749,921814,36686,973356,26,95,43113,742142,0.085301,27185,577173,0.06634,43732,1319315,0.151642,8700223
1,2021-03-04,78690,1973955,37179,958993,41475,1014831,36,131,50765,765719,0.088011,27735,604908,0.069528,51312,1370627,0.157539,8700223
1,2021-03-05,78064,2052019,35371,994364,42486,1057317,207,338,52297,793327,0.091185,25521,630429,0.072461,53129,1423756,0.163646,8700223
1,2021-03-06,57503,2109522,27496,1021860,28656,1085973,1351,1689,39111,815838,0.093772,18312,648741,0.074566,40823,1464579,0.168338,8700223
1,2021-03-07,20941,2130463,13031,1034891,6720,1092693,1190,2879,15501,827368,0.095097,5413,654154,0.075188,16943,1481522,0.170286,8700223
1,2021-03-08,45993,2176456,22480,1057371,21555,1114248,1958,4837,32220,848214,0.097493,13668,667822,0.076759,34514,1516036,0.174253,8700223
1,2021-03-09,66681,2243137,32248,1089619,31926,1146174,2507,7344,41010,866549,0.099601,25517,693339,0.079692,43852,1559888,0.179293,8700223
1,2021-03-10,73706,2316843,36704,1126323,32505,1178679,4497,11841,45350,888514,0.102125,28247,721586,0.082939,50212,1610100,0.185064,8700223
1,2021-03-11,90133,2406976,41412,1167735,40708,1219387,8013,19854,52466,912006,0.104826,37434,759020,0.087241,60926,1671026,0.192067,8700223
1,2021-03-12,98904,2505880,43586,1211321,42906,1262293,12412,32266,57786,941743,0.108244,40908,799928,0.091943,70645,1741671,0.200187,8700223
1,2021-03-13,65307,2571187,29538,1240859,28095,1290388,7674,39940,41665,967888,0.111249,23508,823436,0.094645,49653,1791324,0.205894,8700223
1,2021-03-14,27901,2599088,14921,1255780,9408,1299796,3572,43512,15625,975067,0.112074,12203,835639,0.096048,19382,1810706,0.208122,8700223
1,2021-03-15,65256,2664344,28775,1284555,29731,1329527,6750,50262,38362,993862,0.114234,26671,862310,0.099114,45466,1856172,0.213348,8700223
1,2021-03-16,85816,2750160,39122,1323677,41051,1370578,5643,55905,53195,1020664,0.117315,32394,894704,0.102837,59196,1915368,0.220152,8700223
1,2021-03-17,93077,2843237,45370,1369047,41161,1411739,6546,62451,59820,1054368,0.121189,33018,927722,0.106632,66722,1982090,0.227821,8700223
1,2021-03-18,98847,2942084,50955,1420002,42171,1453910,5721,68172,59767,1081622,0.124321,38719,966441,0.111082,65973,2048063,0.235404,8700223
1,2021-03-19,103717,3045801,53713,1473715,43702,1497612,6302,74474,60624,1106268,0.127154,42794,1009235,0.116001,67440,2115503,0.243155,8700223
1,2021-03-20,72509,3118310,37282,1510997,30009,1527621,5218,79692,46511,1132468,0.130165,25810,1035045,0.118968,52010,2167513,0.249133,8700223
1,2021-03-21,27253,3145563,19027,1530024,6418,1534039,1808,81500,16973,1141154,0.131164,10186,1045231,0.120138,18872,2186385,0.251302,8700223
1,2021-03-22,59269,3204832,30624,1560648,25339,1559378,3306,84806,39904,1165602,0.133974,19135,1064366,0.122338,43583,2229968,0.256312,8700223
1,2021-03-23,83392,3288224,42431,1603079,37323,1596701,3638,88444,51329,1189213,0.136688,31812,1096178,0.125994,55423,2285391,0.262682,8700223
1,2021-03-24,88319,3376543,44653,1647732,39298,1635999,4368,92812,52807,1211337,0.139231,35217,1131395,0.130042,57341,2342732,0.269273,8700223
1,2021-03-25,97150,3473693,49655,1697387,41661,1677660,5834,98646,53966,1228490,0.141202,42850,1174245,0.134967,60003,2402735,0.276169,8700223
1,2021-03-26,104875,3578568,51131,1748518,47423,1725083,6321,104967,56165,1242934,0.142862,48336,1222581,0.140523,62780,2465515,0.283385,8700223
1,2021-03-27,74246,3652814,38369,1786887,31659,1756742,4218,109185,38140,1249613,0.14363,35873,1258454,0.144646,42552,2508067,0.288276,8700223
1,2021-03-28,32805,3685619,21484,1808371,10102,1766844,1219,110404,16449,1251485,0.143845,16244,1274698,0.146513,18116,2526183,0.290358,8700223
1,2021-03-29,67396,3753015,33482,1841853,30744,1797588,3170,113574,37075,1261830,0.145034,30103,1304801,0.149973,40448,2566631,0.295007,8700223
1,2021-03-30,92280,3845295,45455,1887308,40432,1838020,6393,119967,47376,1270998,0.146088,44682,1349483,0.155109,53850,2620481,0.301197,8700223
1,2021-03-31,101111,3946406,52792,1940100,42110,1880130,6209,126176,55452,1287388,0.147972,45334,1394817,0.16032,61724,2682205,0.308292,8700223
1,2021-04-01,112084,4058490,53656,1993756,49633,1929763,8795,134971,57081,1298746,0.149277,54557,1449374,0.16659,65915,2748120,0.315868,8700223
1,2021-04-02,111504,4169994,51027,2044783,50768,1980531,9709,144680,56496,1310578,0.150637,54574,1503948,0.172863,66406,2814526,0.3235,8700223
1,2021-04-03,78129,4248123,39345,2084128,29143,2009674,9641,154321,36556,1315444,0.151197,41386,1545334,0.17762,46252,2860778,0.328817,8700223
1,2021-04-04,23788,4271911,11834,2095962,8485,2018159,3469,157790,9950,1315079,0.151155,13770,1559104,0.179203,13405,2874183,0.330357,8700223
1,2021-04-05,76459,4348370,36718,2132680,30413,2048572,9328,167118,34287,1316883,0.151362,41964,1601068,0.184026,43768,2917951,0.335388,8700223
1,2021-04-06,103809,4452179,49318,2181998,37878,2086450,16613,183731,46836,1323690,0.152144,56667,1657735,0.190539,63474,2981425,0.342684,8700223
1,2021-04-07,112066,4564245,54466,2236464,40010,2126460,17590,201321,50469,1330482,0.152925,61282,1719017,0.197583,68074,3049499,0.350508,8700223
1,2021-04-08,122529,4686774,58080,2294544,43441,2169901,21008,222329,54126,1337697,0.153754,67969,1786986,0.205395,75184,3124683,0.35915,8700223
1,2021-04-09,123815,4810589,56559,2351103,46404,2216305,20852,243181,54304,1343738,0.154449,69150,1856136,0.213343,75191,3199874,0.367792,8700223
1,2021-04-10,95905,4906494,42626,2393729,30546,2246851,22733,265914,37481,1345708,0.154675,58205,1914341,0.220034,60175,3260049,0.374709,8700223
1,2021-04-11,36701,4943195,20398,2414127,9434,2256285,6869,272783,14855,1345752,0.15468,21780,1936121,0.222537,21824,3281873,0.377217,8700223
1,2021-04-12,74536,5017731,33312,2447439,31210,2287495,10014,282797,31572,1344813,0.154572,42669,1978790,0.227441,41730,3323603,0.382014,8700223
1,2021-04-13,97432,5115163,52172,2499611,44920,2332415,340,283137,52481,1353333,0.155552,44647,2023437,0.232573,53167,3376770,0.388125,8700223
1,2021-04-14,105099,5220262,54470,2554081,50555,2382970,74,283211,53397,1355856,0.155842,51319,2074756,0.238472,53842,3430612,0.394313,8700223
1,2021-04-15,105955,5326217,57519,2611600,48346,2431316,90,283301,56274,1363311,0.156698,49085,2123841,0.244113,56540,3487152,0.400812,8700223
1,2021-04-16,110815,5437032,56808,2668408,53919,2485235,88,283389,55336,1363982,0.156776,54937,2178778,0.250428,55608,3542760,0.407203,8700223
1,2021-04-17,83466,5520498,45323,2713731,38132,2523367,11,283400,46638,1374206,0.157951,36588,2215366,0.254633,46812,3589572,0.412584,8700223
1,2021-04-18,30300,5550798,20452,2734183,9841,2533208,7,283407,15248,1374701,0.158008,14962,2230328,0.256353,15457,3605029,0.414361,8700223
1,2021-04-19,67157,5617955,33979,2768162,33166,2566374,12,283419,30346,1368741,0.157323,36446,2266774,0.260542,30486,3635515,0.417865,8700223
1,2021-04-20,88603,5706558,44617,2812779,43963,2610337,23,283442,41501,1363731,0.156747,46737,2313511,0.265914,41727,3677242,0.422661,8700223
1,2021-04-21,97829,5804387,51035,2863814,46693,2657030,101,283543,43739,1354290,0.155662,53516,2367027,0.272065,44075,3721317,0.427727,8700223
1,2021-04-22,97582,5901969,50989,2914803,46576,2703606,17,283560,44711,1346885,0.15481,52351,2419378,0.278082,44946,3766263,0.432893,8700223
1,2021-04-23,102520,6004489,52969,2967772,49524,2753130,27,283587,48977,1343100,0.154375,53016,2472394,0.284176,49231,3815494,0.438551,8700223
1,2021-04-24,76381,6080870,47365,3015137,28989,2782119,27,283614,43162,1353480,0.155568,33065,2505459,0.287976,43445,3858939,0.443545,8700223
1,2021-04-25,27331,6108201,17425,3032562,9892,2792011,14,283628,15623,1357667,0.15605,11590,2517049,0.289309,15777,3874716,0.445358,8700223
1,2021-04-26,66429,6174630,34843,3067405,31185,2823196,401,284029,31744,1355783,0.155833,34369,2551418,0.293259,32485,3907201,0.449092,8700223
1,2021-04-27,81729,6256359,43466,3110871,36959,2860155,1304,285333,35674,1347350,0.154864,45752,2597170,0.298518,37319,3944520,0.453381,8700223
1,2021-04-28,81489,6337848,43355,3154226,36635,2896790,1499,286832,35925,1339800,0.153996,45205,2642375,0.303713,37655,3982175,0.45771,8700223
1,2021-04-29,84958,6422806,46747,3200973,36584,2933374,1627,288459,35008,1327025,0.152528,49573,2691948,0.309411,36798,4018973,0.461939,8700223
1,2021-04-30,92487,6515293,50134,3251107,40475,2973849,1878,290337,38949,1314834,0.151126,53185,2745133,0.315524,40994,4059967,0.466651,8700223
1,2021-05-01,63126,6578419,40781,3291888,20922,2994771,1423,291760,26614,1306833,0.150207,36253,2781386,0.319691,28252,4088219,0.469898,8700223
1,2021-05-02,23423,6601842,16575,3308463,6269,3001040,579,292339,9467,1303059,0.149773,13847,2795233,0.321283,10073,4098292,0.471056,8700223
1,2021-05-03,56248,6658090,31190,3339653,23218,3024258,1840,294179,20755,1290473,0.148326,35237,2830470,0.325333,22651,4120943,0.473659,8700223
1,2021-05-04,75759,6733849,43629,3383282,30037,3054295,2093,296272,27516,1272235,0.14623,47931,2878401,0.330842,29693,4150636,0.477072,8700223
1,2021-05-05,78195,6812044,45326,3428608,30572,3084867,2297,298569,26653,1250084,0.143684,51183,2929584,0.336725,29032,4179668,0.480409,8700223
1,2021-05-06,79777,6891821,48482,3477090,29121,3113988,2174,300743,24939,1222912,0.140561,54439,2984023,0.342982,27267,4206935,0.483543,8700223
1,2021-05-07,83248,6975069,47389,3524479,33663,3147651,2196,302939,27961,1198306,0.137733,54827,3038850,0.349284,30221,4237156,0.487017,8700223
1,2021-05-08,57011,7032080,35766,3560245,19609,3167260,1636,304575,19494,1182350,0.135899,37178,3076028,0.353557,21222,4258378,0.489456,8700223
1,2021-05-09,18244,7050324,13073,3573318,4692,3171952,479,305054,5566,1175829,0.135149,12600,3088628,0.355006,6079,4264457,0.490155,8700223
1,2021-05-10,44234,7094558,22369,3595687,20051,3192003,1814,306868,14929,1163644,0.133749,29020,3117648,0.358341,16835,4281292,0.49209,8700223
1,2021-05-11,62401,7156959,33868,3629555,26380,3218383,2153,309021,20637,1145082,0.131615,41470,3159118,0.363108,22908,4304200,0.494723,8700223
1,2021-05-12,62633,7219592,33290,3662845,27286,3245669,2057,311078,20589,1126080,0.129431,41716,3200834,0.367903,22714,4326914,0.497334,8700223
1,2021-05-13,66617,7286209,39037,3701882,25591,3271260,1989,313067,25376,1112872,0.127913,40847,3241681,0.372597,27639,4354553,0.500511,8700223
1,2021-05-14,76221,7362430,45964,3747846,27867,3299127,2390,315457,30805,1101338,0.126587,45005,3286686,0.37777,33471,4388024,0.504358,8700223
1,2021-05-15,66318,7428748,43506,3791352,21060,3320187,1752,317209,26391,1089930,0.125276,39617,3326303,0.382324,28209,4416233,0.5076,8700223
1,2021-05-16,24962,7453710,18387,3809739,5955,3326142,620,317829,10183,1086117,0.124838,14663,3340966,0.384009,10850,4427083,0.508847,8700223
1,2021-05-17,54024,7507734,33031,3842770,19229,3345371,1764,319593,22901,1079979,0.124132,30860,3371826,0.387556,24722,4451805,0.511689,8700223
1,2021-05-18,64876,7572610,39088,3881858,23958,3369329,1830,321423,28134,1073568,0.123395,36461,3408287,0.391747,30050,4481855,0.515143,8700223
1,2021-05-19,66241,7638851,40340,3922198,23978,3393307,1923,323346,29582,1068786,0.122846,36369,3444656,0.395927,31587,4513442,0.518773,8700223
1,2021-05-20,64431,7703282,37344,3959542,24880,3418187,2207,325553,26486,1060085,0.121846,37598,3482254,0.400249,28897,4542339,0.522095,8700223
1,2021-05-21,69834,7773116,41764,4001306,26230,3444417,1840,327393,28813,1050220,0.120712,40615,3522869,0.404917,30750,4573089,0.525629,8700223
1,2021-05-22,55893,7829009,36708,4038014,17461,3461878,1724,329117,24305,1045028,0.120115,31317,3554186,0.408517,26125,4599214,0.528632,8700223
1,2021-05-23,20480,7849489,14313,4052327,5581,3467459,586,329703,9487,1044235,0.120024,10889,3565075,0.409768,10096,4609310,0.529792,8700223
1,2021-05-24,43713,7893202,24367,4076694,17511,3484970,1835,331538,17684,1038055,0.119314,25780,3590855,0.412731,19600,4628910,0.532045,8700223
1,2021-05-25,50809,7944011,29237,4105931,19880,3504850,1692,333230,21069,1031461,0.118556,29454,3620309,0.416117,22860,4651770,0.534673,8700223
1,2021-05-26,48438,7992449,27460,4133391,19088,3523938,1890,335120,20508,1026276,0.11796,27629,3647938,0.419292,22444,4674214,0.537252,8700223
1,2021-05-27,46973,8039422,26349,4159740,18711,3542649,1913,337033,20133,1021886,0.117455,26552,3674490,0.422344,22162,4696376,0.539799,8700223
1,2021-05-28,52344,8091766,29162,4188902,21359,3564008,1823,338856,23417,1018655,0.117084,28598,3703088,0.425631,25367,4721743,0.542715,8700223
1,2021-05-29,30663,8122429,18574,4207476,11127,3575135,962,339818,14626,1018419,0.117057,15878,3718966,0.427456,15642,4737385,0.544513,8700223
1,2021-05-30,11669,8134098,7526,4215002,3588,3578723,555,340373,5526,1018452,0.11706,6072,3725038,0.428154,6105,4743490,0.545215,8700223
1,2021-05-31,5728,8139826,3257,4218259,2217,3580940,254,340627,1991,1017032,0.116897,3679,3728717,0.428577,2259,4745749,0.545474,8700223
1,2021-06-01,45857,8185683,25921,4244180,18368,3599308,1568,342195,17374,1007898,0.115847,28149,3756866,0.431813,19015,4764764,0.54766,8700223
1,2021-06-02,39973,8225656,23176,4267356,15285,3614593,1512,343707,16131,1002066,0.115177,23543,3780409,0.434519,17711,4782475,0.549696,8700223
1,2021-06-03,41354,8267010,25902,4293258,13768,3628361,1684,345391,15805,994386,0.114294,25243,3805652,0.43742,17563,4800038,0.551714,8700223
1,2021-06-04,50199,8317209,32100,4325358,16291,3644652,1808,347199,17969,982372,0.112913,31870,3837522,0.441083,19856,4819894,0.553997,8700223
1,2021-06-05,40346,8357555,27513,4352871,10835,3655487,1998,349197,14206,972707,0.111803,25922,3863444,0.444063,16257,4836151,0.555865,8700223
1,2021-06-06,13203,8370758,10563,4363434,2127,3657614,513,349710,4589,969339,0.111415,8530,3871974,0.445043,5162,4841313,0.556458,8700223
1,2021-06-07,34000,8404758,23424,4386858,9226,3666840,1350,351060,12102,961161,0.110475,21682,3893656,0.447535,13504,4854817,0.558011,8700223
1,2021-06-08,42258,8447016,29242,4416100,11362,3678202,1654,352714,14742,950408,0.109239,27240,3920896,0.450666,16487,4871304,0.559906,8700223
1,2021-06-09,42189,8489205,29264,4445364,11277,3689479,1648,354362,13768,937769,0.107787,28113,3949009,0.453897,15474,4886778,0.561684,8700223
1,2021-06-10,39119,8528324,26331,4471695,11087,3700566,1701,356063,13369,927442,0.1066,25500,3974509,0.456828,15173,4901951,0.563428,8700223
1,2021-06-11,44002,8572326,29188,4500883,13131,3713697,1683,357746,15693,916892,0.105387,28002,4002511,0.460047,17452,4919403,0.565434,8700223
1,2021-06-12,33735,8606061,24402,4525285,8134,3721831,1199,358945,11112,906867,0.104235,22404,4024915,0.462622,12379,4931782,0.566857,8700223
1,2021-06-13,11624,8617685,8442,4533727,2702,3724533,480,359425,3385,902596,0.103744,8169,4033084,0.463561,3898,4935680,0.567305,8700223
1,2021-06-14,30927,8648612,20828,4554555,8794,3733327,1305,360730,11591,896383,0.10303,19139,4052223,0.465761,12926,4948606,0.568791,8700223
1,2021-06-15,37243,8685855,24420,4578975,10969,3744296,1854,362584,13815,888985,0.10218,23159,4075382,0.468423,15761,4964367,0.570602,8700223
1,2021-06-16,35441,8721296,23923,4602898,9687,3753983,1831,364415,13288,882274,0.101408,21889,4097271,0.470939,15178,4979545,0.572347,8700223
1,2021-06-17,33583,8754879,22201,4625099,9437,3763420,1945,366360,13121,877212,0.100826,20224,4117495,0.473263,15162,4994707,0.57409,8700223
1,2021-06-18,39635,8794514,25740,4650839,11038,3774458,2857,369217,15434,871641,0.100186,23920,4141415,0.476013,18349,5013056,0.576199,8700223
1,2021-06-19,23989,8818503,16658,4667497,6131,3780589,1200,370417,9788,868628,0.09984,14031,4155446,0.477625,11018,5024074,0.577465,8700223
1,2021-06-20,8152,8826655,5970,4673467,1906,3782495,276,370693,3241,867310,0.099688,4846,4160292,0.478182,3528,5027602,0.57787,8700223
1,2021-06-21,20951,8847606,11859,4685326,6908,3789403,2184,372877,10927,870563,0.100062,9909,4170201,0.479321,13162,5040764,0.579383,8700223
1,2021-06-22,30796,8878402,20100,4705426,8557,3797960,2139,375016,12911,868003,0.099768,17674,4187875,0.481353,15114,5055878,0.581121,8700223
1,2021-06-23,29371,8907773,19712,4725138,7842,3805802,1817,376833,12832,866346,0.099577,16325,4204200,0.483229,14668,5070546,0.582806,8700223
1,2021-06-24,28367,8936140,18910,4744048,7795,3813597,1662,378495,12040,863995,0.099307,16122,4220322,0.485082,13771,5084317,0.584389,8700223
1,2021-06-25,31681,8967821,21472,4765520,8813,3822410,1396,379891,13942,861887,0.099065,17498,4237820,0.487093,15390,5099707,0.586158,8700223
1,2021-06-26,22210,8990031,16474,4781994,4910,3827320,826,380717,9698,860069,0.098856,12392,4250212,0.488518,10574,5110281,0.587374,8700223
1,2021-06-27,9150,8999181,6802,4788796,1916,3829236,432,381149,4059,859549,0.098796,5026,4255238,0.489095,4506,5114787,0.587891,8700223
1,2021-06-28,21094,9020275,15660,4804456,4185,3833421,1249,382398,9783,859510,0.098792,11121,4266359,0.490374,11082,5125869,0.589165,8700223
1,2021-06-29,26549,9046824,18157,4822613,7022,3840443,1370,383768,11693,857957,0.098613,14676,4281035,0.49206,13123,5138992,0.590674,8700223
1,2021-06-30,25855,9072679,17879,4840492,6928,3847371,1048,384816,12296,858032,0.098622,13343,4294378,0.493594,13418,5152410,0.592216,8700223
1,2021-07-01,23606,9096285,16427,4856919,5915,3853286,1264,386080,10934,857785,0.098593,12526,4306904,0.495034,12279,5164689,0.593627,8700223
1,2021-07-02,26321,9122606,18075,4874994,7209,3860495,1037,387117,12302,857378,0.098547,13829,4320733,0.496623,13422,5178111,0.59517,8700223
1,2021-07-03,14577,9137183,10194,4885188,3943,3864438,440,387557,6917,857239,0.098531,7529,4328262,0.497489,7390,5185501,0.596019,8700223
1,2021-07-04,1262,9138445,707,4885895,490,3864928,65,387622,606,857270,0.098534,647,4328909,0.497563,678,5186179,0.596097,8700223
1,2021-07-05,11004,9149449,7580,4893475,3060,3867988,364,387986,5218,857180,0.098524,5717,4334626,0.49822,5627,5191806,0.596744,8700223
1,2021-07-06,27069,9176518,19127,4912602,6810,3874798,1132,389118,10806,853140,0.09806,16079,4350705,0.500068,12039,5203845,0.598128,8700223
1,2021-07-07,23582,9200100,16539,4929141,5918,3880716,1125,390243,10146,851249,0.097842,13249,4363954,0.501591,11358,5215203,0.599433,8700223
1,2021-07-08,22656,9222756,15629,4944770,5942,3886658,1085,391328,9783,849470,0.097638,12738,4376692,0.503055,10959,5226162,0.600693,8700223
1,2021-07-09,26740,9249496,18922,4963692,6665,3893323,1153,392481,12052,848225,0.097495,14513,4391205,0.504723,13268,5239430,0.602218,8700223
1,2021-07-10,17656,9267152,12745,4976437,4154,3897477,757,393238,7853,847206,0.097378,9678,4400883,0.505836,8659,5248089,0.603213,8700223
1,2021-07-11,6741,9273893,4923,4981360,1617,3899094,201,393439,3248,847232,0.09738,3441,4404324,0.506231,3467,5251556,0.603612,8700223
1,2021-07-12,20057,9293950,14393,4995753,4786,3903880,878,394317,8886,846058,0.097246,11032,4415356,0.507499,9858,5261414,0.604745,8700223
1,2021-07-13,22063,9316013,15405,5011158,5866,3909746,792,395109,10312,845640,0.097198,11610,4426966,0.508834,11192,5272606,0.606031,8700223
1,2021-07-14,22053,9338066,15128,5026286,5952,3915698,973,396082,9905,844643,0.097083,11988,4438954,0.510212,10991,5283597,0.607294,8700223
1,2021-07-15,21467,9359533,15280,5041566,5468,3921166,719,396801,10310,844761,0.097096,11015,4449969,0.511478,11133,5294730,0.608574,8700223
1,2021-07-16,26454,9385987,18520,5060086,6951,3928117,983,397784,13047,845634,0.097197,13245,4463214,0.513,14118,5308848,0.610197,8700223
1,2021-07-17,18077,9404064,12967,5073053,4412,3932529,698,398482,8855,846120,0.097253,9101,4472315,0.514046,9587,5318435,0.611299,8700223
1,2021-07-18,7141,9411205,5302,5078355,1553,3934082,286,398768,3663,846665,0.097315,3421,4475736,0.514439,3966,5322401,0.611755,8700223
1,2021-07-19,20720,9431925,15036,5093391,4864,3938946,820,399588,10403,847803,0.097446,10186,4485922,0.51561,11324,5333725,0.613056,8700223
1,2021-07-20,24414,9456339,16906,5110297,6651,3945597,857,400445,12550,849623,0.097655,11679,4497601,0.516952,13499,5347224,0.614608,8700223
1,2021-07-21,24797,9481136,17452,5127749,6157,3951754,1188,401633,12682,851645,0.097888,11965,4509566,0.518328,13987,5361211,0.616215,8700223
1,2021-07-22,23918,9505054,16893,5144642,6204,3957958,821,402454,13045,854910,0.098263,10690,4520256,0.519556,13955,5375166,0.617819,8700223
1,2021-07-23,28187,9533241,19874,5164516,7321,3965279,992,403446,15663,859284,0.098766,12346,4532602,0.520975,16720,5391886,0.619741,8700223
1,2021-07-24,17780,9551021,12545,5177061,4681,3969960,554,404000,10480,863152,0.09921,7190,4539792,0.521802,11058,5402944,0.621012,8700223
1,2021-07-25,7360,9558381,5284,5182345,1969,3971929,107,404107,5497,866948,0.099647,1826,4541618,0.522012,5622,5408566,0.621658,8700223
1,2021-07-26,20609,9578990,14265,5196610,5685,3977614,659,404766,13322,873831,0.100438,7169,4548787,0.522836,14052,5422618,0.623273,8700223
1,2021-07-27,25799,9604789,18354,5214964,6586,3984200,859,405625,15302,879715,0.101114,10334,4559121,0.524023,16218,5438836,0.625138,8700223
1,2021-07-28,25948,9630737,18441,5233405,6733,3990933,774,406399,16000,886785,0.101927,9774,4568895,0.525147,16844,5455680,0.627074,8700223
1,2021-07-29,17012,9647749,12066,5245471,4404,3995337,542,406941,10512,891496,0.102468,6398,4575293,0.525882,11109,5466789,0.62835,8700223
2,2020-12-15,249,249,249,249,0,0,0,0,249,249,3e-05,0,0,0.0,249,249,3e-05,8407551
2,2020-12-16,2121,2370,2121,2370,0,0,0,0,2120,2369,0.000282,0,0,0.0,2120,2369,0.000282,8407551
2,2020-12-17,6931,9301,6931,9301,0,0,0,0,6932,9301,0.001106,0,0,0.0,6932,9301,0.001106,8407551
2,2020-12-18,11104,20405,11084,20385,20,20,0,0,11104,20405,0.002427,0,0,0.0,11104,20405,0.002427,8407551
2,2020-12-19,5630,26035,5624,26009,6,26,0,0,5631,26036,0.003097,0,0,0.0,5631,26036,0.003097,8407551
2,2020-12-20,4259,30294,4248,30257,11,37,0,0,4254,30289,0.003603,1,1,0.0,4254,30290,0.003603,8407551
2,2020-12-21,12808,43102,12779,43036,29,66,0,0,12763,43052,0.005121,0,1,0.0,12763,43053,0.005121,8407551
2,2020-12-22,12163,55265,11645,54681,518,584,0,0,12161,55213,0.006567,0,1,0.0,12161,55214,0.006567,8407551
2,2020-12-23,11729,66994,9504,64185,2225,2809,0,0,11732,66945,0.007962,1,2,0.0,11733,66947,0.007963,8407551
2,2020-12-24,5909,72903,3495,67680,2414,5223,0,0,5905,72849,0.008665,3,5,1e-06,5907,72854,0.008665,8407551
2,2020-12-25,486,73389,407,68087,79,5302,0,0,488,73337,0.008723,0,5,1e-06,488,73342,0.008723,8407551
2,2020-12-26,2559,75948,1662,69749,897,6199,0,0,2560,75896,0.009027,1,6,1e-06,2560,75902,0.009028,8407551
2,2020-12-27,2231,78179,1212,70961,1019,7218,0,0,2228,78122,0.009292,2,8,1e-06,2228,78130,0.009293,8407551
2,2020-12-28,11039,89218,7174,78135,3865,11083,0,0,11038,89158,0.010605,2,10,1e-06,11038,89168,0.010606,8407551
2,2020-12-29,12738,101956,7160,85295,5578,16661,0,0,12742,101900,0.01212,0,10,1e-06,12742,101910,0.012121,8407551
2,2020-12-30,15472,117428,8677,93972,6795,23456,0,0,15466,117363,0.013959,5,15,2e-06,15468,117378,0.013961,8407551
2,2020-12-31,7588,125016,2831,96803,4757,28213,0,0,7581,124939,0.01486,5,20,2e-06,7581,124959,0.014863,8407551
2,2021-01-01,1251,126267,621,97424,630,28843,0,0,1250,126185,0.015009,4,24,3e-06,1250,126209,0.015011,8407551
2,2021-01-02,4855,131122,2769,100193,2086,30929,0,0,4852,131035,0.015585,2,26,3e-06,4852,131061,0.015588,8407551
2,2021-01-03,1413,132535,795,100988,618,31547,0,0,1405,132436,0.015752,4,30,4e-06,1405,132466,0.015756,8407551
2,2021-01-04,11699,144234,5563,106551,6136,37683,0,0,11689,144122,0.017142,3,33,4e-06,11689,144155,0.017146,8407551
2,2021-01-05,13894,158128,6950,113501,6944,44627,0,0,12669,155610,0.018508,1216,1249,0.000149,12704,156859,0.018657,8407551
2,2021-01-06,19046,177174,10503,124004,8543,53170,0,0,15215,167064,0.019871,3772,5021,0.000597,15226,172085,0.020468,8407551
2,2021-01-07,23328,200502,13151,137155,10177,63347,0,0,15626,175001,0.020815,7705,12726,0.001514,15642,187727,0.022328,8407551
2,2021-01-08,26912,227414,16226,153381,10686,74033,0,0,16569,181309,0.021565,10287,23013,0.002737,16595,204322,0.024302,8407551
2,2021-01-09,9881,237295,5783,159164,4098,78131,0,0,6292,184028,0.021888,3580,26593,0.003163,6299,210621,0.025051,8407551
2,2021-01-10,5314,242609,2971,162135,2343,80474,0,0,3045,184810,0.021981,2269,28862,0.003433,3051,213672,0.025414,8407551
2,2021-01-11,26049,268658,18014,180149,8035,88509,0,0,14927,188670,0.022441,11118,39980,0.004755,14978,228650,0.027196,8407551
2,2021-01-12,26377,295035,16376,196525,10001,98510,0,0,16765,195908,0.023301,9614,49594,0.005899,16852,245502,0.0292,8407551
2,2021-01-13,28601,323636,15164,211689,13437,111947,0,0,20584,208525,0.024802,7998,57592,0.00685,20615,266117,0.031652,8407551
2,2021-01-14,30607,354243,11664,223353,18943,130890,0,0,26304,230596,0.027427,4310,61902,0.007363,26381,292498,0.03479,8407551
2,2021-01-15,35105,389348,12697,236050,22408,153298,0,0,31807,259206,0.03083,3289,65191,0.007754,31899,324397,0.038584,8407551
2,2021-01-16,18115,407463,5996,242046,12119,165417,0,0,16776,274640,0.032666,1354,66545,0.007915,16788,341185,0.040581,8407551
2,2021-01-17,10546,418009,3551,245597,6995,172412,0,0,9813,283715,0.033745,748,67293,0.008004,9823,351008,0.041749,8407551
2,2021-01-18,19769,437778,11048,256645,8721,181133,0,0,14950,293888,0.034955,4838,72131,0.008579,15011,366019,0.043535,8407551
2,2021-01-19,32638,470416,16960,273605,15678,196811,0,0,24592,310553,0.036937,8043,80174,0.009536,24708,390727,0.046473,8407551
2,2021-01-20,37651,508067,18989,292594,18662,215473,0,0,29020,331064,0.039377,8600,88774,0.010559,29111,419838,0.049936,8407551
2,2021-01-21,41023,549090,17434,310028,23589,239062,0,0,36504,363260,0.043206,4486,93260,0.011092,36682,456520,0.054299,8407551
2,2021-01-22,39639,588729,16564,326592,23075,262137,0,0,36276,396184,0.047122,3380,96640,0.011494,36304,492824,0.058617,8407551
2,2021-01-23,24142,612871,10789,337381,13353,275490,0,0,21163,414419,0.049291,2958,99598,0.011846,21193,514017,0.061138,8407551
2,2021-01-24,12447,625318,6106,343487,6341,281831,0,0,11527,425056,0.050556,904,100502,0.011954,11541,525558,0.06251,8407551
2,2021-01-25,33930,659248,15611,359098,18319,300150,0,0,25082,441481,0.05251,8797,109299,0.013,25222,550780,0.06551,8407551
2,2021-01-26,40405,699653,19784,378882,20621,320771,0,0,31162,463512,0.05513,9218,118517,0.014096,31249,582029,0.069227,8407551
2,2021-01-27,45675,745328,22659,401541,23016,343787,0,0,35319,488664,0.058122,10228,128745,0.015313,35380,617409,0.073435,8407551
2,2021-01-28,47921,793249,22374,423915,25547,369334,0,0,39173,519230,0.061758,8682,137427,0.016346,39248,656657,0.078103,8407551
2,2021-01-29,45575,838824,21988,445903,23587,392921,0,0,36816,547477,0.065117,8633,146060,0.017372,36880,693537,0.08249,8407551
2,2021-01-30,31281,870105,13317,459220,17964,410885,0,0,27875,572016,0.068036,3368,149428,0.017773,27907,721444,0.085809,8407551
2,2021-01-31,17169,887274,10215,469435,6954,417839,0,0,15956,586803,0.069795,1191,150619,0.017915,15978,737422,0.087709,8407551
2,2021-02-01,41094,928368,19693,489128,21401,439240,0,0,29958,605722,0.072045,11078,161697,0.019232,29997,767419,0.091277,8407551
2,2021-02-02,47920,976288,19474,508602,28446,467686,0,0,36373,630728,0.075019,11462,173159,0.020596,36468,803887,0.095615,8407551
2,2021-02-03,54034,1030322,23793,532395,30241,497927,0,0,39774,656442,0.078078,14156,187315,0.022279,39870,843757,0.100357,8407551
2,2021-02-04,56232,1086554,24157,556552,32075,530002,0,0,40943,682305,0.081154,15179,202494,0.024085,41042,884799,0.105239,8407551
2,2021-02-05,60117,1146671,26215,582767,33902,563904,0,0,40544,703672,0.083695,19363,221857,0.026388,40730,925529,0.110083,8407551
2,2021-02-06,39355,1186026,18359,601126,20996,584900,0,0,31360,727206,0.086494,7920,229777,0.02733,31454,956983,0.113824,8407551
2,2021-02-07,15717,1201743,10435,611561,5282,590182,0,0,11938,735463,0.087476,3750,233527,0.027776,12007,968990,0.115252,8407551
2,2021-02-08,43070,1244813,21883,633444,21187,611369,0,0,29474,751694,0.089407,13452,246979,0.029376,29683,998673,0.118783,8407551
2,2021-02-09,49606,1294419,23424,656868,26182,637551,0,0,30636,764008,0.090872,18667,265646,0.031596,30981,1029654,0.122468,8407551
2,2021-02-10,59610,1354029,27891,684759,31719,669270,0,0,34372,773784,0.092034,24951,290597,0.034564,34727,1064381,0.126598,8407551
2,2021-02-11,64304,1418333,29531,714290,34773,704043,0,0,35798,781943,0.093005,28143,318740,0.037911,36302,1100683,0.130916,8407551
2,2021-02-12,65597,1483930,28186,742476,37411,741454,0,0,34822,786963,0.093602,30463,349203,0.041534,35483,1136166,0.135136,8407551
2,2021-02-13,38129,1522059,15910,758386,22219,763673,0,0,22003,793321,0.094358,16025,365228,0.04344,22383,1158549,0.137799,8407551
2,2021-02-14,20130,1542189,9348,767734,10782,774455,0,0,11181,795969,0.094673,8898,374126,0.044499,11546,1170095,0.139172,8407551
2,2021-02-15,33261,1575450,14977,782711,18284,792739,0,0,18435,800572,0.095221,14688,388814,0.046246,19291,1189386,0.141466,8407551
2,2021-02-16,56517,1631967,27709,810420,28808,821547,0,0,29756,804359,0.095671,26642,415456,0.049415,30429,1219815,0.145086,8407551
2,2021-02-17,61825,1693792,31804,842224,30021,851568,0,0,30695,804848,0.095729,31030,446486,0.053105,31519,1251334,0.148835,8407551
2,2021-02-18,66481,1760273,33497,875721,32984,884552,0,0,32370,804523,0.095691,33844,480330,0.057131,33519,1284853,0.152821,8407551
2,2021-02-19,59832,1820105,33128,908849,26704,911256,0,0,29691,804874,0.095732,29945,510275,0.060692,30296,1315149,0.156425,8407551
2,2021-02-20,37830,1857935,24556,933405,13274,924530,0,0,20547,808926,0.096214,17178,527453,0.062736,21230,1336379,0.15895,8407551
2,2021-02-21,21744,1879679,17596,951001,4148,928678,0,0,10779,809633,0.096298,10874,538327,0.064029,11581,1347960,0.160327,8407551
2,2021-02-22,39441,1919120,26945,977946,12496,941174,0,0,18659,808342,0.096145,20628,558955,0.066482,19337,1367297,0.162627,8407551
2,2021-02-23,53808,1972928,27441,1005387,26367,967541,0,0,23577,803853,0.095611,29965,588920,0.070047,25476,1392773,0.165657,8407551
2,2021-02-24,71106,2044034,36623,1042010,34483,1002024,0,0,32593,800522,0.095215,38297,627217,0.074602,34966,1427739,0.169816,8407551
2,2021-02-25,77179,2121213,36472,1078482,40707,1042731,0,0,39160,804764,0.095719,37741,664958,0.079091,41983,1469722,0.17481,8407551
2,2021-02-26,85745,2206958,36733,1115215,49012,1091743,0,0,46068,813669,0.096778,39359,704317,0.083772,48264,1517986,0.18055,8407551
2,2021-02-27,62747,2269705,29196,1144411,33543,1125286,8,8,33970,820449,0.097585,28533,732850,0.087166,35313,1553299,0.18475,8407551
2,2021-02-28,30904,2300609,18528,1162939,12375,1137661,1,9,17964,826441,0.098297,12809,745659,0.088689,18801,1572100,0.186987,8407551
2,2021-03-01,58471,2359080,30568,1193507,27855,1165516,48,57,31842,833230,0.099105,26304,771963,0.091818,33093,1605193,0.190923,8407551
2,2021-03-02,69737,2428817,33479,1226986,36247,1201763,11,68,39024,844078,0.100395,30525,802488,0.095448,41373,1646566,0.195844,8407551
2,2021-03-03,80120,2508937,38759,1265745,41346,1243109,15,83,45420,857612,0.102005,34484,836972,0.09955,48018,1694584,0.201555,8407551
2,2021-03-04,88173,2597110,43283,1309028,44859,1287968,31,114,50928,873956,0.103949,36996,873968,0.10395,53340,1747924,0.207899,8407551
2,2021-03-05,82248,2679358,38673,1347701,43266,1331234,309,423,50250,895136,0.106468,31766,905734,0.107729,52946,1800870,0.214197,8407551
2,2021-03-06,63010,2742368,30813,1378514,30496,1361730,1701,2124,38743,912884,0.108579,24129,929863,0.110599,41877,1842747,0.219178,8407551
2,2021-03-07,28619,2770987,16255,1394769,10821,1372551,1543,3667,18151,923290,0.109817,10397,940260,0.111835,20803,1863550,0.221652,8407551
2,2021-03-08,50820,2821807,23315,1418084,24938,1397489,2567,6234,31935,940655,0.111882,18775,959035,0.114068,36140,1899690,0.22595,8407551
2,2021-03-09,70705,2892512,32192,1450276,34661,1432150,3852,10086,39134,953553,0.113416,31425,990460,0.117806,44323,1944013,0.231222,8407551
2,2021-03-10,78569,2971081,37161,1487437,34850,1467000,6558,16644,41700,966489,0.114955,36640,1027100,0.122164,49576,1993589,0.237119,8407551
2,2021-03-11,93386,3064467,43069,1530506,41938,1508938,8379,25023,48725,980650,0.116639,44332,1071432,0.127437,58493,2052082,0.244076,8407551
2,2021-03-12,94251,3158718,38753,1569259,43526,1552464,11972,36995,46887,993816,0.118205,47097,1118529,0.133039,60263,2112345,0.251244,8407551
2,2021-03-13,69320,3228038,29008,1598267,32315,1584779,7997,44992,38073,1010072,0.120139,31105,1149634,0.136738,47361,2159706,0.256877,8407551
2,2021-03-14,37063,3265101,18324,1616591,14217,1598996,4522,49514,18596,1015574,0.120793,18359,1167993,0.138922,23861,2183567,0.259715,8407551
2,2021-03-15,67531,3332632,30473,1647064,32043,1631039,5015,54529,37190,1028761,0.122362,30110,1198103,0.142503,43297,2226864,0.264865,8407551
2,2021-03-16,86445,3419077,38257,1685321,44160,1675199,4028,58557,52250,1052185,0.125148,33980,1232083,0.146545,57404,2284268,0.271692,8407551
2,2021-03-17,93023,3512100,44562,1729883,44268,1719467,4193,62750,58938,1082333,0.128733,33803,1265886,0.150565,63951,2348219,0.279299,8407551
2,2021-03-18,98365,3610465,46919,1776802,46847,1766314,4599,67349,59712,1108876,0.13189,38327,1304213,0.155124,64870,2413089,0.287014,8407551
2,2021-03-19,97689,3708154,46228,1823030,45325,1811639,6136,73485,57742,1133636,0.134835,39632,1343845,0.159838,64392,2477481,0.294673,8407551
2,2021-03-20,70073,3778227,33971,1857001,32133,1843772,3969,77454,45719,1159574,0.137921,24113,1367958,0.162706,50051,2527532,0.300626,8407551
2,2021-03-21,33463,3811690,21613,1878614,9852,1853624,1998,79452,19964,1168618,0.138996,13348,1381306,0.164294,22392,2549924,0.30329,8407551
2,2021-03-22,62977,3874667,34669,1913283,25674,1879298,2634,82086,41712,1192836,0.141877,21021,1402327,0.166794,45239,2595163,0.308671,8407551
2,2021-03-23,84076,3958743,44676,1957959,36480,1915778,2920,85006,52360,1217532,0.144814,31424,1433751,0.170531,56120,2651283,0.315345,8407551
2,2021-03-24,92018,4050761,49406,2007365,39436,1955214,3176,88182,53881,1237610,0.147202,37794,1471545,0.175027,57872,2709155,0.322229,8407551
2,2021-03-25,101668,4152429,51262,2058627,46508,2001722,3898,92080,57426,1255834,0.14937,43861,1515406,0.180243,62085,2771240,0.329613,8407551
2,2021-03-26,103739,4256168,51411,2110038,48828,2050550,3500,95580,56550,1270145,0.151072,46783,1562189,0.185808,61094,2832334,0.33688,8407551
2,2021-03-27,75904,4332072,37847,2147885,34751,2085301,3306,98886,37953,1274578,0.151599,37684,1599873,0.19029,42117,2874451,0.341889,8407551
2,2021-03-28,37824,4369896,23354,2171239,13659,2098960,811,99697,20155,1278858,0.152108,17535,1617408,0.192376,21815,2896266,0.344484,8407551
2,2021-03-29,71594,4441490,36385,2207624,32931,2131891,2278,101975,40636,1291939,0.153664,30735,1648143,0.196031,43816,2940082,0.349695,8407551
2,2021-03-30,92233,4533723,45194,2252818,42655,2174546,4384,106359,51780,1308471,0.15563,40234,1688377,0.200817,56766,2996848,0.356447,8407551
2,2021-03-31,101442,4635165,52288,2305106,44039,2218585,5115,111474,57556,1327927,0.157945,43561,1731938,0.205998,63017,3059865,0.363942,8407551
2,2021-04-01,117739,4752904,56874,2361980,51614,2270199,9251,120725,64122,1348507,0.160392,53196,1785134,0.212325,73776,3133641,0.372717,8407551
2,2021-04-02,111825,4864729,51505,2413485,50109,2320308,10211,130936,60006,1367766,0.162683,51419,1836553,0.218441,70678,3204319,0.381124,8407551
2,2021-04-03,76911,4941640,37776,2451261,29304,2349612,9831,140767,38097,1377477,0.163838,38599,1875152,0.223032,48310,3252629,0.38687,8407551
2,2021-04-04,29029,4970669,14935,2466196,10233,2359845,3861,144628,13022,1378492,0.163959,15896,1891048,0.224923,16911,3269540,0.388881,8407551
2,2021-04-05,79230,5049899,38837,2505033,31544,2391389,8849,153477,38219,1385477,0.16479,40822,1931870,0.229778,47807,3317347,0.394568,8407551
2,2021-04-06,104050,5153949,50682,2555715,38639,2430028,14729,168206,49255,1395343,0.165963,54507,1986377,0.236261,64373,3381720,0.402224,8407551
2,2021-04-07,110677,5264626,55198,2610913,39193,2469221,16286,184492,52041,1405593,0.167182,58329,2044706,0.243199,68579,3450299,0.410381,8407551
2,2021-04-08,119503,5384129,57530,2668443,43218,2512439,18755,203247,55428,1416632,0.168495,63694,2108400,0.250775,74733,3525032,0.41927,8407551
2,2021-04-09,118974,5503103,57280,2725723,43558,2555997,18136,221383,56249,1429511,0.170027,62339,2170739,0.258189,75218,3600250,0.428216,8407551
2,2021-04-10,87712,5590815,37844,2763567,31433,2587430,18435,239818,36118,1433404,0.17049,51331,2222070,0.264295,55224,3655474,0.434785,8407551
2,2021-04-11,44524,5635339,23087,2786654,12955,2600385,8482,248300,18223,1434672,0.170641,26154,2248224,0.267405,27422,3682896,0.438046,8407551
2,2021-04-12,80152,5715491,37315,2823969,33412,2633797,9425,257725,35668,1436549,0.170864,44205,2292429,0.272663,46082,3728978,0.443527,8407551
2,2021-04-13,101981,5817472,52917,2876886,48803,2682600,261,257986,55791,1447581,0.172176,45914,2338343,0.278124,56946,3785924,0.4503,8407551
2,2021-04-14,106899,5924371,55994,2932880,50852,2733452,53,258039,54550,1451589,0.172653,52031,2390374,0.284313,56039,3841963,0.456966,8407551
2,2021-04-15,113293,6037664,60125,2993005,53082,2786534,86,258125,59015,1457888,0.173402,53871,2444245,0.29072,60170,3902133,0.464122,8407551
2,2021-04-16,110920,6148584,57483,3050488,53382,2839916,55,258180,56253,1460740,0.173741,54306,2498551,0.297179,57158,3959291,0.470921,8407551
2,2021-04-17,83643,6232227,42546,3093034,41082,2880998,15,258195,46730,1471694,0.175044,36658,2535209,0.30154,47612,4006903,0.476584,8407551
2,2021-04-18,35725,6267952,21654,3114688,14064,2895062,7,258202,17017,1471129,0.174977,18572,2553781,0.303748,18007,4024910,0.478726,8407551
2,2021-04-19,74940,6342892,40316,3155004,34606,2929668,18,258220,34085,1465272,0.17428,40580,2594361,0.308575,34723,4059633,0.482856,8407551
2,2021-04-20,97789,6440681,49509,3204513,48253,2977921,27,258247,47299,1463207,0.174035,50135,2644496,0.314538,48070,4107703,0.488573,8407551
2,2021-04-21,103927,6544608,56254,3260767,47613,3025534,60,258307,48995,1458788,0.173509,54446,2698942,0.321014,50027,4157730,0.494523,8407551
2,2021-04-22,108425,6653033,56057,3316824,52343,3077877,25,258332,47389,1446499,0.172048,60597,2759539,0.328221,48308,4206038,0.500269,8407551
2,2021-04-23,108024,6761057,57455,3374279,50551,3128428,18,258350,49903,1439650,0.171233,57691,2817230,0.335083,50842,4256880,0.506316,8407551
2,2021-04-24,81044,6842101,47718,3421997,33286,3161714,40,258390,42207,1444351,0.171792,38477,2855707,0.33966,43178,4300058,0.511452,8407551
2,2021-04-25,36602,6878703,22536,3444533,14051,3175765,15,258405,19907,1448196,0.172249,16543,2872250,0.341627,20388,4320446,0.513877,8407551
2,2021-04-26,74356,6953059,41183,3485716,32865,3208630,308,258713,34206,1444284,0.171784,39873,2912123,0.34637,35961,4356407,0.518154,8407551
2,2021-04-27,88435,7041494,46647,3532363,40422,3249052,1366,260079,37940,1434731,0.170648,50100,2962223,0.352329,40547,4396954,0.522977,8407551
2,2021-04-28,88312,7129806,47193,3579556,39249,3288301,1870,261949,38981,1427514,0.16979,48980,3011203,0.358155,41763,4438717,0.527944,8407551
2,2021-04-29,91281,7221087,49715,3629271,39851,3328152,1715,263664,35468,1409883,0.167692,55415,3066618,0.364746,37784,4476501,0.532438,8407551
2,2021-04-30,95034,7316121,52525,3681796,40506,3368658,2003,265667,36968,1391922,0.165556,57588,3124206,0.371595,39627,4516128,0.537151,8407551
2,2021-05-01,62549,7378670,38151,3719947,22811,3391469,1587,267254,24372,1380882,0.164243,37851,3162057,0.376097,26811,4542939,0.54034,8407551
2,2021-05-02,29248,7407918,20337,3740284,7935,3399404,976,268230,11102,1375037,0.163548,18011,3180068,0.37824,12166,4555105,0.541787,8407551
2,2021-05-03,60680,7468598,36017,3776301,22601,3422005,2062,270292,20427,1357817,0.1615,39975,3220043,0.382994,22755,4577860,0.544494,8407551
2,2021-05-04,79985,7548583,47753,3824054,29845,3451850,2387,272679,26019,1333009,0.158549,53609,3273652,0.38937,28801,4606661,0.547919,8407551
2,2021-05-05,80608,7629191,48003,3872057,30255,3482105,2350,275029,25259,1306029,0.15534,54955,3328607,0.395907,27975,4634636,0.551247,8407551
2,2021-05-06,83131,7712322,50502,3922559,29704,3511809,2925,277954,25329,1277610,0.15196,57309,3385916,0.402723,28890,4663526,0.554683,8407551
2,2021-05-07,83762,7796084,48353,3970912,32980,3544789,2429,280383,25764,1248663,0.148517,57598,3443514,0.409574,28651,4692177,0.558091,8407551
2,2021-05-08,55523,7851607,33637,4004549,20168,3564957,1718,282101,17441,1230712,0.146382,37840,3481354,0.414075,19889,4712066,0.560456,8407551
2,2021-05-09,21843,7873450,15716,4020265,5377,3570334,750,282851,6356,1222647,0.145422,15402,3496756,0.415907,7337,4719403,0.561329,8407551
2,2021-05-10,50279,7923729,27390,4047655,21011,3591345,1878,284729,14191,1203495,0.143145,35826,3532582,0.420168,16674,4736077,0.563312,8407551
2,2021-05-11,66099,7989828,35746,4083401,28233,3619578,2120,286849,19950,1180414,0.140399,45839,3578421,0.42562,22758,4758835,0.566019,8407551
2,2021-05-12,65045,8054873,34673,4118074,28152,3647730,2220,289069,19172,1156631,0.137571,45563,3623984,0.431039,21780,4780615,0.56861,8407551
2,2021-05-13,70733,8125606,41090,4159164,27698,3675428,1945,291014,25890,1140647,0.135669,44554,3668538,0.436338,28570,4809185,0.572008,8407551
2,2021-05-14,79668,8205274,47727,4206891,29679,3705107,2262,293276,30576,1125411,0.133857,48718,3717256,0.442133,33482,4842667,0.57599,8407551
2,2021-05-15,66195,8271469,43475,4250366,21005,3726112,1715,294991,25618,1112809,0.132358,40328,3757584,0.44693,27726,4870393,0.579288,8407551
2,2021-05-16,31554,8303023,23591,4273957,7038,3733150,925,295916,12824,1108087,0.131797,18599,3776183,0.449142,13877,4884270,0.580938,8407551
2,2021-05-17,57902,8360925,36687,4310644,19277,3752427,1938,297854,22805,1098332,0.130636,34859,3811042,0.453288,25104,4909374,0.583924,8407551
2,2021-05-18,70037,8430962,40991,4351635,27081,3779508,1965,299819,27819,1086711,0.129254,41945,3852987,0.458277,30324,4939698,0.587531,8407551
2,2021-05-19,68769,8499731,40690,4392325,26070,3805578,2009,301828,27186,1075103,0.127874,41271,3894258,0.463186,29663,4969361,0.591059,8407551
2,2021-05-20,69416,8569147,40241,4432566,26988,3832566,2187,304015,26365,1061529,0.126259,42715,3936973,0.468266,29141,4998502,0.594525,8407551
2,2021-05-21,72789,8641936,42949,4475515,27681,3860247,2159,306174,27606,1047023,0.124534,44824,3981797,0.473598,30318,5028820,0.598131,8407551
2,2021-05-22,53387,8695323,33816,4509331,17797,3878044,1774,307948,22277,1040735,0.123786,30877,4012674,0.47727,24589,5053409,0.601056,8407551
2,2021-05-23,24408,8719731,16652,4525983,7031,3885075,725,308673,10255,1037830,0.12344,14025,4026699,0.478938,11120,5064529,0.602379,8407551
2,2021-05-24,44753,8764484,25414,4551397,17571,3902646,1768,310441,17163,1029733,0.122477,27369,4054068,0.482194,19272,5083801,0.604671,8407551
2,2021-05-25,50714,8815198,29682,4581079,19167,3921813,1865,312306,19250,1020231,0.121347,31155,4085223,0.485899,21653,5105454,0.607246,8407551
2,2021-05-26,48660,8863858,27241,4608320,19732,3941545,1687,313993,18978,1011885,0.120354,29353,4114576,0.489391,21007,5126461,0.609745,8407551
2,2021-05-27,46535,8910393,26363,4634683,18435,3959980,1737,315730,18551,1004936,0.119528,27739,4142315,0.49269,20790,5147251,0.612218,8407551
2,2021-05-28,49938,8960331,27558,4662241,20405,3980385,1975,317705,20927,999515,0.118883,28750,4171065,0.496109,23329,5170580,0.614992,8407551
2,2021-05-29,28958,8989289,17349,4679590,10552,3990937,1057,318762,13243,998424,0.118753,15561,4186626,0.49796,14470,5185050,0.616713,8407551
2,2021-05-30,12648,9001937,8148,4687738,3735,3994672,765,319527,5526,997712,0.118669,7069,4193695,0.498801,6357,5191407,0.61747,8407551
2,2021-05-31,5877,9007814,3432,4691170,2142,3996814,303,319830,1822,995888,0.118452,3998,4197693,0.499277,2174,5193581,0.617728,8407551
2,2021-06-01,44722,9052536,25682,4716852,17380,4014194,1660,321490,15568,984637,0.117113,28855,4226548,0.502709,17604,5211185,0.619822,8407551
2,2021-06-02,38166,9090702,22452,4739304,14308,4028502,1406,322896,14933,978298,0.116359,22973,4249521,0.505441,16634,5227819,0.6218,8407551
2,2021-06-03,41341,9132043,26610,4765914,13266,4041768,1465,324361,13911,966865,0.115,27191,4276712,0.508675,15758,5243577,0.623675,8407551
2,2021-06-04,47949,9179992,31316,4797230,15094,4056862,1539,325900,15496,952268,0.113263,32155,4308867,0.5125,17558,5261135,0.625763,8407551
2,2021-06-05,37832,9217824,26972,4824202,9398,4066260,1462,327362,11823,940189,0.111827,25782,4334649,0.515566,13703,5274838,0.627393,8407551
2,2021-06-06,14890,9232714,12215,4836417,2096,4068356,579,327941,4683,935498,0.111269,10142,4344791,0.516772,5451,5280289,0.628041,8407551
2,2021-06-07,33228,9265942,23243,4859660,8711,4077067,1274,329215,10792,925518,0.110082,22291,4367082,0.519424,12311,5292600,0.629506,8407551
2,2021-06-08,40594,9306536,28726,4888386,10496,4087563,1372,330587,12458,911833,0.108454,27888,4394970,0.522741,14203,5306803,0.631195,8407551
2,2021-06-09,38115,9344651,26609,4914995,10010,4097573,1496,332083,11531,898792,0.106903,26391,4421361,0.52588,13350,5320153,0.632783,8407551
2,2021-06-10,37734,9382385,26230,4941225,9979,4107552,1525,333608,11588,886431,0.105433,25945,4447306,0.528966,13584,5333737,0.634398,8407551
2,2021-06-11,41216,9423601,27346,4968571,12202,4119754,1668,335276,13209,873862,0.103938,27743,4475049,0.532265,15174,5348911,0.636203,8407551
2,2021-06-12,29366,9452967,21601,4990172,6853,4126607,912,336188,8661,863090,0.102657,20567,4495616,0.534712,9795,5358706,0.637368,8407551
2,2021-06-13,12207,9465174,8911,4999083,2678,4129285,618,336806,3102,857935,0.102043,9042,4504658,0.535787,3887,5362593,0.637831,8407551
2,2021-06-14,29848,9495022,21178,5020261,7476,4136761,1194,338000,10342,850339,0.10114,19339,4523997,0.538087,11743,5374336,0.639227,8407551
2,2021-06-15,35506,9530528,23622,5043883,9839,4146600,2045,340045,11931,841352,0.100071,23338,4547335,0.540863,14351,5388687,0.640934,8407551
2,2021-06-16,32882,9563410,22667,5066550,8427,4155027,1788,341833,11298,833337,0.099118,21414,4568749,0.54341,13399,5402086,0.642528,8407551
2,2021-06-17,30773,9594183,20541,5087091,8437,4163464,1795,343628,10874,826487,0.098303,19725,4588474,0.545756,12875,5414961,0.644059,8407551
2,2021-06-18,34661,9628844,22839,5109930,9951,4173415,1871,345499,12649,819471,0.097468,21792,4610266,0.548348,14776,5429737,0.645817,8407551
2,2021-06-19,20878,9649722,14542,5124472,5078,4178493,1258,346757,7893,815983,0.097054,12826,4623092,0.549874,9338,5439075,0.646927,8407551
2,2021-06-20,8263,9657985,5904,5130376,1895,4180388,464,347221,3057,814405,0.096866,5166,4628258,0.550488,3588,5442663,0.647354,8407551
2,2021-06-21,19290,9677275,11806,5142182,6168,4186556,1316,348537,9865,816459,0.09711,9308,4637566,0.551595,11362,5454025,0.648706,8407551
2,2021-06-22,26823,9704098,18372,5160554,7078,4193634,1373,349910,10519,812484,0.096637,16139,4653705,0.553515,12164,5466189,0.650152,8407551
2,2021-06-23,25851,9729949,17850,5178404,6384,4200018,1617,351527,10529,809742,0.096311,15181,4668886,0.555321,12439,5478628,0.651632,8407551
2,2021-06-24,25281,9755230,17208,5195612,6563,4206581,1510,353037,10445,807235,0.096013,14689,4683575,0.557068,12182,5490810,0.653081,8407551
2,2021-06-25,28639,9783869,19414,5215026,7744,4214325,1481,354518,11975,804414,0.095678,16504,4700079,0.559031,13683,5504493,0.654708,8407551
2,2021-06-26,18475,9802344,13614,5228640,3935,4218260,926,355444,7526,802249,0.09542,10862,4710941,0.560323,8697,5513190,0.655743,8407551
2,2021-06-27,8763,9811107,6688,5235328,1629,4219889,446,355890,3512,801128,0.095287,5202,4716143,0.560941,4081,5517271,0.656228,8407551
2,2021-06-28,19699,9830806,14964,5250292,3497,4223386,1238,357128,8675,800335,0.095192,10894,4727037,0.562237,10101,5527372,0.657429,8407551
2,2021-06-29,22582,9853388,15736,5266028,5775,4229161,1071,358199,9612,798416,0.094964,12837,4739874,0.563764,10918,5538290,0.658728,8407551
2,2021-06-30,21827,9875215,15477,5281505,5328,4234489,1022,359221,9718,797412,0.094845,11972,4751846,0.565188,10968,5549258,0.660033,8407551
2,2021-07-01,19692,9894907,13920,5295425,4901,4239390,871,360092,8748,796408,0.094725,10826,4762672,0.566476,9822,5559080,0.661201,8407551
2,2021-07-02,22631,9917538,15617,5311042,5991,4245381,1023,361115,9985,795124,0.094573,12490,4775162,0.567961,11206,5570286,0.662534,8407551
2,2021-07-03,12428,9929966,8961,5320003,2998,4248379,469,361584,5678,794732,0.094526,6659,4781821,0.568753,6267,5576553,0.663279,8407551
2,2021-07-04,987,9930953,582,5320585,338,4248717,67,361651,422,794690,0.094521,554,4782375,0.568819,512,5577065,0.66334,8407551
2,2021-07-05,10967,9941920,8023,5328608,2536,4251253,408,362059,5035,794386,0.094485,5873,4788248,0.569518,5569,5582634,0.664002,8407551
2,2021-07-06,23491,9965411,17088,5345696,5436,4256689,967,363026,9088,790453,0.094017,14263,4802511,0.571214,10330,5592964,0.665231,8407551
2,2021-07-07,20377,9985788,14542,5360238,4752,4261441,1083,364109,8658,788873,0.093829,11584,4814095,0.572592,10004,5602968,0.666421,8407551
2,2021-07-08,18979,10004767,13221,5373459,4733,4266174,1025,365134,8008,787244,0.093635,10869,4824964,0.573885,9240,5612208,0.66752,8407551
2,2021-07-09,22279,10027046,15433,5388892,5628,4271802,1218,366352,9407,785342,0.093409,12735,4837699,0.575399,10833,5623041,0.668808,8407551
2,2021-07-10,14084,10041130,10383,5399275,3014,4274816,687,367039,6168,784530,0.093313,7823,4845522,0.57633,7011,5630052,0.669642,8407551
2,2021-07-11,6530,10047660,4795,5404070,1386,4276202,349,367388,3078,784618,0.093323,3407,4848929,0.576735,3495,5633547,0.670058,8407551
2,2021-07-12,18076,10065736,13284,5417354,3928,4280130,864,368252,7776,783274,0.093163,10189,4859118,0.577947,8845,5642392,0.67111,8407551
2,2021-07-13,19305,10085041,13618,5430972,4807,4284937,880,369132,8632,782449,0.093065,10533,4869651,0.5792,9708,5652100,0.672265,8407551
2,2021-07-14,18446,10103487,13176,5444148,4495,4289432,775,369907,8236,781573,0.092961,10092,4879743,0.5804,9216,5661316,0.673361,8407551
2,2021-07-15,18589,10122076,13503,5457651,4406,4293838,680,370587,8452,780891,0.09288,10026,4889769,0.581593,9344,5670660,0.674472,8407551
2,2021-07-16,22512,10144588,16212,5473863,5485,4299323,815,371402,10771,781071,0.092901,11611,4901380,0.582974,11791,5682451,0.675875,8407551
2,2021-07-17,13921,10158509,10103,5483966,3313,4302636,505,371907,6732,781338,0.092933,7101,4908481,0.583818,7368,5689819,0.676751,8407551
2,2021-07-18,6713,10165222,5035,5489001,1354,4303990,324,372231,3407,781873,0.092997,3265,4911746,0.584207,3800,5693619,0.677203,8407551
2,2021-07-19,18178,10183400,13554,5502555,3899,4307889,725,372956,9018,782759,0.093102,9045,4920791,0.585282,9931,5703550,0.678384,8407551
2,2021-07-20,20519,10203919,14631,5517186,5065,4312954,823,373779,10394,784196,0.093273,9997,4930788,0.586471,11434,5714984,0.679744,8407551
2,2021-07-21,20033,10223952,14581,5531767,4700,4317654,752,374531,10378,785989,0.093486,9530,4940318,0.587605,11323,5726307,0.681091,8407551
2,2021-07-22,19972,10243924,14277,5546044,4859,4322513,836,375367,10685,788536,0.093789,9144,4949462,0.588692,11691,5737998,0.682481,8407551
2,2021-07-23,23876,10267800,16733,5562777,6129,4328642,1014,376381,13036,792077,0.09421,10694,4960156,0.589964,14235,5752233,0.684175,8407551
2,2021-07-24,14498,10282298,10462,5573239,3546,4332188,490,376871,8090,794447,0.094492,6304,4966460,0.590714,8674,5760907,0.685206,8407551
2,2021-07-25,6568,10288866,4816,5578055,1616,4333804,136,377007,4861,797817,0.094893,1665,4968125,0.590912,5035,5765942,0.685805,8407551
2,2021-07-26,18490,10307356,13103,5591158,4688,4338492,699,377706,11752,803763,0.0956,6623,4974748,0.5917,12569,5778511,0.6873,8407551
2,2021-07-27,21981,10329337,15913,5607071,5252,4343744,816,378522,12894,808673,0.096184,8943,4983691,0.592764,13853,5792364,0.688948,8407551
2,2021-07-28,21623,10350960,15563,5622634,5247,4348991,813,379335,12839,813861,0.096801,8642,4992333,0.593792,13830,5806194,0.690593,8407551
2,2021-07-29,13451,10364411,9680,5632314,3104,4352095,667,380002,7874,817015,0.097176,5486,4997819,0.594444,8640,5814834,0.69162,8407551
3,2020-12-15,324,324,324,324,0,0,0,0,324,324,4e-05,0,0,0.0,324,324,4e-05,8129050
3,2020-12-16,2465,2789,2465,2789,0,0,0,0,2466,2790,0.000343,0,0,0.0,2466,2790,0.000343,8129050
3,2020-12-17,7854,10643,7854,10643,0,0,0,0,7854,10644,0.001309,0,0,0.0,7854,10644,0.001309,8129050
3,2020-12-18,13443,24086,13425,24068,18,18,0,0,13442,24086,0.002963,0,0,0.0,13442,24086,0.002963,8129050
3,2020-12-19,7264,31350,7251,31319,13,31,0,0,7327,31413,0.003864,0,0,0.0,7327,31413,0.003864,8129050
3,2020-12-20,5669,37019,5660,36979,9,40,0,0,5716,37128,0.004567,1,1,0.0,5716,37129,0.004567,8129050
3,2020-12-21,14389,51408,14363,51342,26,66,0,0,14453,51580,0.006345,1,2,0.0,14453,51582,0.006345,8129050
3,2020-12-22,14842,66250,14260,65602,582,648,0,0,14879,66456,0.008175,3,5,1e-06,14879,66461,0.008176,8129050
3,2020-12-23,14841,81091,12241,77843,2600,3248,0,0,14857,81312,0.010003,2,7,1e-06,14858,81319,0.010004,8129050
3,2020-12-24,6785,87876,4867,82710,1918,5166,0,0,6782,88092,0.010837,2,9,1e-06,6782,88101,0.010838,8129050
3,2020-12-25,724,88600,666,83376,58,5224,0,0,722,88814,0.010926,0,9,1e-06,722,88823,0.010927,8129050
3,2020-12-26,4624,93224,2999,86375,1625,6849,0,0,4622,93436,0.011494,0,9,1e-06,4622,93445,0.011495,8129050
3,2020-12-27,2985,96209,1855,88230,1130,7979,0,0,2985,96421,0.011861,0,9,1e-06,2985,96430,0.011862,8129050
3,2020-12-28,13640,109849,8724,96954,4916,12895,0,0,13665,110085,0.013542,1,10,1e-06,13665,110095,0.013543,8129050
3,2020-12-29,15044,124893,8471,105425,6573,19468,0,0,15071,125154,0.015396,2,12,1e-06,15071,125166,0.015397,8129050
3,2020-12-30,18058,142951,10069,115494,7989,27457,0,0,18063,143216,0.017618,2,14,2e-06,18064,143230,0.01762,8129050
3,2020-12-31,8457,151408,3247,118741,5210,32667,0,0,8456,151670,0.018658,2,16,2e-06,8456,151686,0.01866,8129050
3,2021-01-01,1577,152985,749,119490,828,33495,0,0,1574,153243,0.018851,1,17,2e-06,1574,153260,0.018853,8129050
3,2021-01-02,4940,157925,2424,121914,2516,36011,0,0,4940,158183,0.019459,0,17,2e-06,4940,158200,0.019461,8129050
3,2021-01-03,1619,159544,850,122764,769,36780,0,0,1610,159791,0.019657,2,19,2e-06,1610,159810,0.019659,8129050
3,2021-01-04,12055,171599,5972,128736,6083,42863,0,0,12026,171809,0.021135,8,27,3e-06,12026,171836,0.021139,8129050
3,2021-01-05,15748,187347,8153,136889,7595,50458,0,0,14074,184253,0.022666,1659,1686,0.000207,14103,185939,0.022873,8129050
3,2021-01-06,20619,207966,10911,147800,9708,60166,0,0,16063,195815,0.024088,4510,6196,0.000762,16072,202011,0.024851,8129050
3,2021-01-07,26663,234629,15243,163043,11420,71586,0,0,17187,203580,0.025044,9439,15635,0.001923,17204,219215,0.026967,8129050
3,2021-01-08,30692,265321,18753,181796,11939,83525,0,0,18202,209338,0.025752,12467,28102,0.003457,18225,237440,0.029209,8129050
3,2021-01-09,12468,277789,7050,188846,5418,88943,0,0,7932,212750,0.026172,4529,32631,0.004014,7941,245381,0.030186,8129050
3,2021-01-10,7230,285019,4486,193332,2744,91687,0,0,4072,213672,0.026285,3156,35787,0.004402,4078,249459,0.030687,8129050
3,2021-01-11,29169,314188,19099,212431,10070,101757,0,0,16505,217565,0.026764,12657,48444,0.005959,16550,266009,0.032723,8129050
3,2021-01-12,32638,346826,19497,231928,13141,114898,0,0,19988,225073,0.027687,12628,61072,0.007513,20136,286145,0.0352,8129050
3,2021-01-13,34569,381395,18048,249976,16521,131419,0,0,24340,239219,0.029428,10214,71286,0.008769,24360,310505,0.038197,8129050
3,2021-01-14,34767,416162,14222,264198,20545,151964,0,0,28839,262209,0.032256,5887,77173,0.009493,28877,339382,0.041749,8129050
3,2021-01-15,39019,455181,14450,278648,24569,176533,0,0,34332,291944,0.035914,4669,81842,0.010068,34404,373786,0.045982,8129050
3,2021-01-16,21793,476974,7432,286080,14361,190894,0,0,19457,309097,0.038024,2325,84167,0.010354,19478,393264,0.048378,8129050
3,2021-01-17,13153,490127,4460,290540,8693,199587,0,0,12112,320188,0.039388,1040,85207,0.010482,12131,405395,0.04987,8129050
3,2021-01-18,24805,514932,12962,303502,11843,211430,0,0,19189,333816,0.041065,5604,90811,0.011171,19232,424627,0.052236,8129050
3,2021-01-19,41125,556057,20901,324403,20224,231654,0,0,31992,356798,0.043892,9097,99908,0.01229,32079,456706,0.056182,8129050
3,2021-01-20,46243,602300,23039,347442,23204,254858,0,0,36660,384007,0.047239,9535,109443,0.013463,36744,493450,0.060702,8129050
3,2021-01-21,48116,650416,20872,368314,27244,282102,0,0,42592,421221,0.051817,5456,114899,0.014134,42670,536120,0.065951,8129050
3,2021-01-22,49837,700253,19853,388167,29984,312086,0,0,45606,462698,0.056919,4202,119101,0.014651,45679,581799,0.07157,8129050
3,2021-01-23,30382,730635,12804,400971,17578,329664,0,0,27080,486539,0.059852,3294,122395,0.015056,27135,608934,0.074908,8129050
3,2021-01-24,17903,748538,8495,409466,9408,339072,0,0,16714,502098,0.061766,1186,123581,0.015202,16745,625679,0.076968,8129050
3,2021-01-25,40909,789447,18235,427701,22674,361746,0,0,30908,523124,0.064352,9972,133553,0.016429,30998,656677,0.080782,8129050
3,2021-01-26,47403,836850,22633,450334,24770,386516,0,0,37204,550268,0.067692,10165,143718,0.01768,37309,693986,0.085371,8129050
3,2021-01-27,51547,888397,24539,474873,27008,413524,0,0,40859,580592,0.071422,10617,154335,0.018986,40941,734927,0.090407,8129050
3,2021-01-28,51979,940376,24130,499003,27849,441373,0,0,43012,614780,0.075628,8882,163217,0.020078,43070,777997,0.095706,8129050
3,2021-01-29,51095,991471,24508,523511,26587,467960,0,0,41312,646538,0.079534,9604,172821,0.02126,41362,819359,0.100794,8129050
3,2021-01-30,37413,1028884,17758,541269,19655,487615,0,0,32686,674637,0.082991,4672,177493,0.021834,32771,852130,0.104825,8129050
3,2021-01-31,22492,1051376,12793,554062,9699,497314,0,0,21069,694319,0.085412,1408,178901,0.022008,21090,873220,0.10742,8129050
3,2021-02-01,45989,1097365,21030,575092,24959,522273,0,0,35044,718504,0.088387,10892,189793,0.023348,35077,908297,0.111735,8129050
3,2021-02-02,54563,1151928,22764,597856,31799,554072,0,0,42066,748220,0.092043,12401,202194,0.024873,42117,950414,0.116916,8129050
3,2021-02-03,60168,1212096,26704,624560,33464,587536,0,0,44733,777722,0.095672,15304,217498,0.026756,44806,995220,0.122428,8129050
3,2021-02-04,64504,1276600,27925,652485,36579,624115,0,0,47222,807973,0.099393,17085,234583,0.028857,47336,1042556,0.128251,8129050
3,2021-02-05,70488,1347088,29789,682274,40699,664814,0,0,48658,835226,0.102746,21586,256169,0.031513,48839,1091395,0.134259,8129050
3,2021-02-06,43732,1390820,20966,703240,22766,687580,0,0,34068,859859,0.105776,9618,265787,0.032696,34251,1125646,0.138472,8129050
3,2021-02-07,19750,1410570,12558,715798,7192,694772,0,0,15154,870561,0.107093,4577,270364,0.033259,15279,1140925,0.140352,8129050
3,2021-02-08,51601,1462171,24941,740739,26660,721432,0,0,33810,886911,0.109104,17651,288015,0.03543,34001,1174926,0.144534,8129050
3,2021-02-09,58860,1521031,28513,769252,30347,751779,0,0,34416,897509,0.110408,24166,312181,0.038403,34764,1209690,0.148811,8129050
3,2021-02-10,68460,1589491,31865,801117,36595,788374,0,0,36682,903220,0.11111,31479,343660,0.042276,37190,1246880,0.153386,8129050
3,2021-02-11,70864,1660355,34858,835975,36006,824380,0,0,37640,908525,0.111763,32877,376537,0.04632,38182,1285062,0.158083,8129050
3,2021-02-12,75781,1736136,32689,868664,43092,867472,0,0,41753,917332,0.112846,33719,410256,0.050468,42526,1327588,0.163314,8129050
3,2021-02-13,45295,1781431,20520,889184,24775,892247,0,0,26067,924869,0.113773,19113,429369,0.052819,26650,1354238,0.166592,8129050
3,2021-02-14,27442,1808873,13723,902907,13719,905966,0,0,15229,928397,0.114207,12153,441522,0.054314,15681,1369919,0.168521,8129050
3,2021-02-15,40307,1849180,17353,920260,22954,928920,0,0,22257,933656,0.114854,17939,459461,0.056521,23198,1393117,0.171375,8129050
3,2021-02-16,70503,1919683,33367,953627,37136,966056,0,0,36592,937512,0.115329,33766,493227,0.060675,37622,1430739,0.176003,8129050
3,2021-02-17,72345,1992028,36553,990180,35792,1001848,0,0,34261,935000,0.11502,37845,531072,0.06533,35333,1466072,0.18035,8129050
3,2021-02-18,77470,2069498,40463,1030643,37007,1038855,0,0,35799,930672,0.114487,41471,572543,0.070432,37143,1503215,0.184919,8129050
3,2021-02-19,69573,2139071,40103,1070746,29470,1068325,0,0,35094,932152,0.114669,34313,606856,0.074653,35793,1539008,0.189322,8129050
3,2021-02-20,43199,2182270,27300,1098046,15899,1084224,0,0,22530,934640,0.114975,20546,627402,0.07718,23034,1562042,0.192156,8129050
3,2021-02-21,24283,2206553,19525,1117571,4758,1088982,0,0,11822,934489,0.114957,12364,639766,0.078701,12213,1574255,0.193658,8129050
3,2021-02-22,47518,2254071,30945,1148516,16573,1105555,0,0,22206,932014,0.114652,25164,664930,0.081797,22689,1596944,0.196449,8129050
3,2021-02-23,63462,2317533,34463,1182979,28999,1134554,0,0,27639,926053,0.113919,35593,700523,0.086175,29632,1626576,0.200094,8129050
3,2021-02-24,79699,2397232,39149,1222128,40550,1175104,0,0,35190,919516,0.113115,44247,744770,0.091618,37710,1664286,0.204733,8129050
3,2021-02-25,89339,2486571,43509,1265637,45830,1220934,0,0,44447,921984,0.113418,44580,789350,0.097102,47048,1711334,0.210521,8129050
3,2021-02-26,100363,2586934,45920,1311557,54443,1275377,0,0,52944,930150,0.114423,46988,836338,0.102883,55154,1766488,0.217306,8129050
3,2021-02-27,71071,2658005,32666,1344223,38401,1313778,4,4,37525,935689,0.115104,33302,869640,0.106979,38841,1805329,0.222084,8129050
3,2021-02-28,41476,2699481,23957,1368180,17515,1331293,4,8,21283,937941,0.115381,19988,889628,0.109438,22240,1827569,0.22482,8129050
3,2021-03-01,69717,2769198,37002,1405182,32676,1363969,39,47,38677,947206,0.116521,30790,920418,0.113226,40055,1867624,0.229747,8129050
3,2021-03-02,80208,2849406,39633,1444815,40567,1404536,8,55,46304,961857,0.118323,33740,954158,0.117376,48391,1916015,0.2357,8129050
3,2021-03-03,89685,2939091,43048,1487863,46614,1451150,23,78,50233,975175,0.119962,39211,993369,0.1222,52529,1968544,0.242162,8129050
3,2021-03-04,94159,3033250,46105,1533968,48033,1499183,21,99,53417,990398,0.121834,40491,1033860,0.127181,55714,2024258,0.249015,8129050
3,2021-03-05,91093,3124343,44650,1578618,46150,1545333,293,392,55549,1013205,0.12464,35267,1069127,0.131519,58074,2082332,0.256159,8129050
3,2021-03-06,65604,3189947,33312,1611930,30132,1575465,2160,2552,37605,1026590,0.126287,27841,1096968,0.134944,41226,2123558,0.261231,8129050
3,2021-03-07,39243,3229190,22686,1634616,14659,1590124,1898,4450,22060,1034609,0.127273,17099,1114067,0.137048,25118,2148676,0.264321,8129050
3,2021-03-08,60089,3289279,28667,1663283,28417,1618541,3005,7455,38013,1055251,0.129812,21907,1135974,0.139743,42549,2191225,0.269555,8129050
3,2021-03-09,77401,3366680,35745,1699028,37181,1655722,4475,11930,41575,1066771,0.131229,35671,1171645,0.144131,47191,2238416,0.27536,8129050
3,2021-03-10,83338,3450018,41481,1740509,35725,1691447,6132,18062,43529,1078237,0.13264,39573,1211218,0.148999,51039,2289455,0.281639,8129050
3,2021-03-11,97629,3547647,47682,1788191,41293,1732740,8654,26716,47858,1086319,0.133634,49481,1260699,0.155086,57563,2347018,0.28872,8129050
3,2021-03-12,102374,3650021,45575,1833766,44886,1777626,11913,38629,46963,1091145,0.134228,55157,1315856,0.161871,59983,2407001,0.296099,8129050
3,2021-03-13,70749,3720770,29772,1863538,33694,1811320,7283,45912,37400,1103954,0.135804,33209,1349065,0.165956,46018,2453019,0.30176,8129050
3,2021-03-14,41411,3762181,21631,1885169,16215,1827535,3565,49477,20849,1108513,0.136364,20473,1369538,0.168475,25032,2478051,0.304839,8129050
3,2021-03-15,76011,3838192,36045,1921214,35399,1862934,4567,54044,40026,1118348,0.137574,35743,1405281,0.172871,45578,2523629,0.310446,8129050
3,2021-03-16,95405,3933597,43993,1965207,47071,1910005,4341,58385,53665,1135772,0.139718,41480,1446761,0.177974,58904,2582533,0.317692,8129050
3,2021-03-17,98723,4032320,47967,2013174,46200,1956205,4556,62941,59955,1162407,0.142994,38513,1485274,0.182712,65148,2647681,0.325706,8129050
3,2021-03-18,104061,4136381,52894,2066068,46634,2002839,4533,67474,59660,1183046,0.145533,44090,1529364,0.188136,64729,2712410,0.333669,8129050
3,2021-03-19,103633,4240014,55565,2121633,43591,2046430,4477,71951,57650,1200021,0.147621,45688,1575052,0.193756,62663,2775073,0.341377,8129050
3,2021-03-20,72186,4312200,37212,2158845,31304,2077734,3670,75621,44474,1221163,0.150222,27498,1602550,0.197139,48640,2823713,0.347361,8129050
3,2021-03-21,36408,4348608,24751,2183596,10148,2087882,1509,77130,21866,1230583,0.151381,14431,1616981,0.198914,23851,2847564,0.350295,8129050
3,2021-03-22,70809,4419417,41623,2225219,26658,2114540,2528,79658,45090,1253745,0.15423,25468,1642449,0.202047,48630,2896194,0.356277,8129050
3,2021-03-23,90185,4509602,49899,2275118,37742,2152282,2544,82202,55285,1277654,0.157171,34619,1677068,0.206306,58528,2954722,0.363477,8129050
3,2021-03-24,99222,4608824,57087,2332205,39200,2191482,2935,85137,56451,1295249,0.159336,42389,1719457,0.21152,59984,3014706,0.370856,8129050
3,2021-03-25,107895,4716719,59907,2392112,45004,2236486,2984,88121,60804,1312938,0.161512,46733,1766190,0.217269,64422,3079128,0.378781,8129050
3,2021-03-26,111218,4827937,59656,2451768,48210,2284696,3352,91473,57275,1320817,0.162481,53584,1819774,0.223861,61463,3140591,0.386342,8129050
3,2021-03-27,75003,4902940,38113,2489881,34333,2319029,2557,94030,36228,1321743,0.162595,38525,1858299,0.2286,39451,3180042,0.391195,8129050
3,2021-03-28,44573,4947513,28080,2517961,15679,2334708,814,94844,22437,1323625,0.162827,22009,1880308,0.231307,23891,3203933,0.394134,8129050
3,2021-03-29,81010,5028523,42300,2560261,36848,2371556,1862,96706,44264,1334095,0.164115,36467,1916775,0.235793,46937,3250870,0.399908,8129050
3,2021-03-30,100686,5129209,49480,2609741,47557,2419113,3649,100355,56440,1350803,0.16617,43980,1960755,0.241203,60688,3311558,0.407373,8129050
3,2021-03-31,105377,5234586,56837,2666578,43675,2462788,4865,105220,56312,1363492,0.167731,48806,2009561,0.247207,61495,3373053,0.414938,8129050
3,2021-04-01,123966,5358552,62667,2729245,51514,2514302,9785,115005,66855,1383730,0.17022,56680,2066241,0.25418,76918,3449971,0.4244,8129050
3,2021-04-02,118218,5476770,57692,2786937,50164,2564466,10362,125367,62350,1401353,0.172388,55552,2121793,0.261014,73175,3523146,0.433402,8129050
3,2021-04-03,76279,5553049,39020,2825957,28004,2592470,9255,134622,37933,1410641,0.173531,38188,2159981,0.265711,47476,3570622,0.439242,8129050
3,2021-04-04,32494,5585543,17388,2843345,10875,2603345,4231,138853,14184,1410844,0.173556,18229,2178210,0.267954,18432,3589054,0.44151,8129050
3,2021-04-05,89740,5675283,45569,2888914,34913,2638258,9258,148111,43604,1418614,0.174512,45892,2224102,0.273599,53662,3642716,0.448111,8129050
3,2021-04-06,113765,5789048,55336,2944250,43192,2681450,15237,163348,53349,1427760,0.175637,60119,2284221,0.280995,69265,3711981,0.456632,8129050
3,2021-04-07,116593,5905641,60298,3004548,39952,2721402,16343,179691,56197,1440426,0.177195,60116,2344337,0.28839,72782,3784763,0.465585,8129050
3,2021-04-08,121694,6027335,60579,3065127,40900,2762302,20215,199906,56304,1452620,0.178695,65064,2409401,0.296394,77258,3862021,0.475089,8129050
3,2021-04-09,118745,6146080,59180,3124307,40356,2802658,19209,219115,52084,1458386,0.179404,66392,2475793,0.304561,72158,3934179,0.483965,8129050
3,2021-04-10,84605,6230685,37935,3162242,31357,2834015,15313,234428,34352,1458793,0.179454,50050,2525843,0.310718,50457,3984636,0.490172,8129050
3,2021-04-11,45409,6276094,24321,3186563,13055,2847070,8033,242461,17234,1456799,0.179209,28075,2553918,0.314172,26081,4010717,0.493381,8129050
3,2021-04-12,84175,6360269,42519,3229082,32820,2879890,8836,251297,38018,1458826,0.179458,45905,2599823,0.319819,47932,4058649,0.499277,8129050
3,2021-04-13,105716,6465985,57249,3286331,48258,2928148,209,251506,55624,1465714,0.180306,49829,2649652,0.325949,56717,4115366,0.506254,8129050
3,2021-04-14,107878,6573863,58950,3345281,48825,2976973,103,251609,53579,1466841,0.180444,53992,2703644,0.33259,55119,4170485,0.513035,8129050
3,2021-04-15,119577,6693440,67198,3412479,52301,3029274,78,251687,63682,1475854,0.181553,55555,2759199,0.339425,64568,4235053,0.520978,8129050
3,2021-04-16,115863,6809303,64951,3477430,50818,3080092,94,251781,60290,1481659,0.182267,55247,2814446,0.346221,61052,4296105,0.528488,8129050
3,2021-04-17,79721,6889024,43412,3520842,36295,3116387,14,251795,44324,1491812,0.183516,35154,2849600,0.350545,45307,4341412,0.534061,8129050
3,2021-04-18,38844,6927868,23426,3544268,15411,3131798,7,251802,18195,1490362,0.183338,20525,2870125,0.35307,19075,4360487,0.536408,8129050
3,2021-04-19,79420,7007288,44175,3588443,35189,3166987,56,251858,35701,1483124,0.182447,43503,2913628,0.358422,36265,4396752,0.540869,8129050
3,2021-04-20,101171,7108459,53223,3641666,47930,3214917,18,251876,48904,1481072,0.182195,51997,2965625,0.364818,49945,4446697,0.547013,8129050
3,2021-04-21,106175,7214634,59621,3701287,46482,3261399,72,251948,50028,1476491,0.181631,55765,3021390,0.371678,51184,4497881,0.55331,8129050
3,2021-04-22,112321,7326955,63079,3764366,49215,3310614,27,251975,48200,1461921,0.179839,63754,3085144,0.379521,49184,4547065,0.55936,8129050
3,2021-04-23,106681,7433636,61009,3825375,45642,3356256,30,252005,46729,1450109,0.178386,59581,3144725,0.38685,47769,4594834,0.565236,8129050
3,2021-04-24,74164,7507800,45799,3871174,28293,3384549,72,252077,36065,1449429,0.178302,37811,3182536,0.391502,37131,4631965,0.569804,8129050
3,2021-04-25,37052,7544852,23653,3894827,13382,3397931,17,252094,18903,1450761,0.178466,17995,3200531,0.393715,19327,4651292,0.572181,8129050
3,2021-04-26,74246,7619098,41991,3936818,31847,3429778,408,252502,31682,1441916,0.177378,42279,3242810,0.398916,33434,4684726,0.576294,8129050
3,2021-04-27,91404,7710502,47965,3984783,41694,3471472,1745,254247,36244,1425832,0.1754,54840,3297650,0.405662,38756,4723482,0.581062,8129050
3,2021-04-28,87099,7797601,49492,4034275,35463,3506935,2144,256391,35560,1412832,0.1738,51230,3348880,0.411964,38230,4761712,0.585765,8129050
3,2021-04-29,89374,7886975,51088,4085363,36067,3543002,2219,258610,31888,1390286,0.171027,57141,3406021,0.418994,34595,4796307,0.590021,8129050
3,2021-04-30,91063,7978038,51381,4136744,37199,3580201,2483,261093,33923,1370391,0.168579,56766,3462787,0.425977,36871,4833178,0.594556,8129050
3,2021-05-01,55502,8033540,34827,4171571,19197,3599398,1478,262571,19992,1357114,0.166946,35238,3498025,0.430312,21961,4855139,0.597258,8129050
3,2021-05-02,27031,8060571,18463,4190034,7552,3606950,1016,263587,9904,1351112,0.166208,17018,3515043,0.432405,11016,4866155,0.598613,8129050
3,2021-05-03,60029,8120600,35229,4225263,22422,3629372,2378,265965,17566,1329013,0.163489,42226,3557269,0.4376,20127,4886282,0.601089,8129050
3,2021-05-04,77852,8198452,45008,4270271,30156,3659528,2688,268653,22657,1299749,0.159889,54890,3612159,0.444352,25626,4911908,0.604241,8129050
3,2021-05-05,79324,8277776,47634,4317905,28981,3688509,2709,271362,22027,1267822,0.155962,56948,3669107,0.451357,25021,4936929,0.607319,8129050
3,2021-05-06,83687,8361463,52970,4370875,28186,3716695,2531,273893,20748,1229197,0.15121,62450,3731557,0.45904,23825,4960754,0.61025,8129050
3,2021-05-07,82579,8444042,51456,4422331,28497,3745192,2626,276519,21933,1193767,0.146852,60283,3791840,0.466455,24853,4985607,0.613307,8129050
3,2021-05-08,52542,8496584,32551,4454882,18272,3763464,1719,278238,13933,1171349,0.144094,38331,3830171,0.471171,15913,5001520,0.615265,8129050
3,2021-05-09,20992,8517576,15338,4470220,4866,3768330,788,279026,5530,1162368,0.142989,15365,3845536,0.473061,6384,5007904,0.61605,8129050
3,2021-05-10,48226,8565802,25909,4496129,20406,3788736,1911,280937,11203,1138933,0.140107,36811,3882347,0.477589,13376,5021280,0.617696,8129050
3,2021-05-11,64096,8629898,35867,4531996,26008,3814744,2221,283158,16169,1110114,0.136561,47675,3930022,0.483454,18856,5040136,0.620015,8129050
3,2021-05-12,64832,8694730,37247,4569243,25188,3839932,2397,285555,16568,1081371,0.133026,48005,3978027,0.489359,19262,5059398,0.622385,8129050
3,2021-05-13,75358,8770088,47491,4616734,25957,3865889,1910,287465,27547,1063876,0.130873,47562,4025589,0.49521,30067,5089465,0.626084,8129050
3,2021-05-14,80308,8850396,50753,4667487,27420,3893309,2135,289600,31111,1048818,0.129021,48903,4074492,0.501226,33845,5123310,0.630247,8129050
3,2021-05-15,62068,8912464,42817,4710304,18042,3911351,1209,290809,25655,1039694,0.127899,36206,4110698,0.50568,27082,5150392,0.633579,8129050
3,2021-05-16,33112,8945576,24750,4735054,7671,3919022,691,291500,13355,1034193,0.127222,19634,4130332,0.508095,14133,5164525,0.635317,8129050
3,2021-05-17,56861,9002437,36235,4771289,18791,3937813,1835,293335,20962,1021570,0.125669,35624,4165956,0.512478,23001,5187526,0.638147,8129050
3,2021-05-18,64464,9066901,38050,4809339,24555,3962368,1859,295194,24220,1008078,0.124009,39967,4205923,0.517394,26475,5214001,0.641403,8129050
3,2021-05-19,63889,9130790,38838,4848177,23307,3985675,1744,296938,24727,995912,0.122513,38909,4244832,0.522181,26743,5240744,0.644693,8129050
3,2021-05-20,61708,9192498,36106,4884283,23763,4009438,1839,298777,22160,980984,0.120676,39266,4284098,0.527011,24338,5265082,0.647687,8129050
3,2021-05-21,65829,9258327,39985,4924268,23747,4033185,2097,300874,23516,964905,0.118698,41995,4326093,0.532177,25916,5290998,0.650875,8129050
3,2021-05-22,45649,9303976,30255,4954523,13922,4047107,1472,302346,19051,959301,0.118009,26384,4352477,0.535423,20780,5311778,0.653432,8129050
3,2021-05-23,21736,9325712,15042,4969565,6043,4053150,651,302997,9190,956795,0.117701,12458,4364935,0.536955,9952,5321730,0.654656,8129050
3,2021-05-24,39487,9365199,23095,4992660,14637,4067787,1755,304752,14632,948731,0.116709,24656,4389591,0.539988,16592,5338322,0.656697,8129050
3,2021-05-25,42704,9407903,24017,5016677,17011,4084798,1676,306428,15151,938499,0.11545,27285,4416876,0.543345,17053,5355375,0.658795,8129050
3,2021-05-26,42386,9450289,24260,5040937,16409,4101207,1717,308145,15859,929979,0.114402,26231,4443107,0.546571,17711,5373086,0.660973,8129050
3,2021-05-27,39339,9489628,22064,5063001,15524,4116731,1751,309896,15433,923657,0.113624,23744,4466851,0.549492,17422,5390508,0.663117,8129050
3,2021-05-28,42731,9532359,24133,5087134,16802,4133533,1796,311692,17761,918770,0.113023,24765,4491616,0.552539,19878,5410386,0.665562,8129050
3,2021-05-29,23464,9555823,14331,5101465,8295,4141828,838,312530,11000,918402,0.112978,12332,4503948,0.554056,11964,5422350,0.667034,8129050
3,2021-05-30,10597,9566420,6871,5108336,3090,4144918,636,313166,4452,917464,0.112862,6067,4510015,0.554802,5129,5427479,0.667665,8129050
3,2021-05-31,4629,9571049,2675,5111011,1689,4146607,265,313431,1455,916077,0.112692,3136,4513151,0.555188,1749,5429228,0.66788,8129050
3,2021-06-01,37679,9608728,21687,5132698,14556,4161163,1436,314867,13179,906621,0.111529,24265,4537416,0.558173,14809,5444037,0.669702,8129050
3,2021-06-02,31462,9640190,18074,5150772,11980,4173143,1408,316275,11645,900197,0.110738,19610,4557026,0.560585,13186,5457223,0.671324,8129050
3,2021-06-03,39576,9679766,27075,5177847,11068,4184211,1433,317708,11435,885328,0.108909,27959,4584985,0.564025,13090,5470313,0.672934,8129050
3,2021-06-04,46147,9725913,32645,5210492,11957,4196168,1545,319253,13139,867643,0.106734,32770,4617755,0.568056,15085,5485398,0.67479,8129050
3,2021-06-05,34319,9760232,25872,5236364,7260,4203428,1187,320440,8728,852360,0.104854,25382,4643137,0.571178,10099,5495497,0.676032,8129050
3,2021-06-06,14618,9774850,12199,5248563,1838,4205266,581,321021,3744,846035,0.104076,10813,4653950,0.572508,4488,5499985,0.676584,8129050
3,2021-06-07,30375,9805225,22084,5270647,7009,4212275,1282,322303,8714,834638,0.102673,21512,4675462,0.575155,10115,5510100,0.677828,8129050
3,2021-06-08,34293,9839518,24629,5295276,8380,4220655,1284,323587,9957,821964,0.101114,24126,4699588,0.578123,11452,5521552,0.679237,8129050
3,2021-06-09,32950,9872468,23902,5319178,7749,4228404,1299,324886,8866,808380,0.099443,23906,4723494,0.581063,10322,5531874,0.680507,8129050
3,2021-06-10,32447,9904915,23398,5342576,7523,4235927,1526,326412,8941,795690,0.097882,23351,4746845,0.583936,10661,5542535,0.681818,8129050
3,2021-06-11,35531,9940446,25122,5367698,9044,4244971,1365,327777,10584,783063,0.096329,24751,4771596,0.586981,12124,5554659,0.68331,8129050
3,2021-06-12,25139,9965585,18940,5386638,5307,4250278,892,328669,6694,772471,0.095026,18330,4789926,0.589236,7738,5562397,0.684262,8129050
3,2021-06-13,10132,9975717,7580,5394218,2062,4252340,490,329159,2365,767684,0.094437,7713,4797639,0.590184,2926,5565323,0.684622,8129050
3,2021-06-14,25772,10001489,18471,5412689,5884,4258224,1417,330576,8079,759758,0.093462,17561,4815200,0.592345,9635,5574958,0.685807,8129050
3,2021-06-15,28696,10030185,19411,5432100,7784,4266008,1501,332077,9646,752252,0.092539,18821,4834021,0.59466,11315,5586273,0.687199,8129050
3,2021-06-16,25841,10056026,18342,5450442,6089,4272097,1410,333487,8710,745579,0.091718,16948,4850969,0.596745,10275,5596548,0.688463,8129050
3,2021-06-17,24819,10080845,17776,5468218,5756,4277853,1287,334774,8612,739557,0.090977,16055,4867024,0.59872,10033,5606581,0.689697,8129050
3,2021-06-18,27963,10108808,19751,5487969,6643,4284496,1569,336343,9807,733174,0.090192,17928,4884952,0.600925,11545,5618126,0.691117,8129050
3,2021-06-19,15998,10124806,11757,5499726,3384,4287880,857,337200,5722,729709,0.089766,10149,4895101,0.602174,6684,5624810,0.691939,8129050
3,2021-06-20,6859,10131665,5142,5504868,1418,4289298,299,337499,2600,728453,0.089611,4207,4899308,0.602691,2951,5627761,0.692302,8129050
3,2021-06-21,16213,10147878,10223,5515091,4592,4293890,1398,338897,8084,730016,0.089803,8037,4907345,0.60368,9600,5637361,0.693483,8129050
3,2021-06-22,22062,10169940,15469,5530560,5301,4299191,1292,340189,8264,726045,0.089315,13680,4921025,0.605363,9709,5647070,0.694678,8129050
3,2021-06-23,20226,10190166,14173,5544733,4725,4303916,1328,341517,8019,723433,0.088994,12096,4933121,0.606851,9484,5656554,0.695844,8129050
3,2021-06-24,19924,10210090,13868,5558601,4612,4308528,1444,342961,7783,720799,0.08867,11972,4945093,0.608324,9338,5665892,0.696993,8129050
3,2021-06-25,23254,10233344,16496,5575097,5335,4313863,1423,344384,9092,717406,0.088252,14032,4959125,0.61005,10639,5676531,0.698302,8129050
3,2021-06-26,13855,10247199,10279,5585376,2804,4316667,772,345156,5784,716114,0.088093,8002,4967127,0.611034,6710,5683241,0.699127,8129050
3,2021-06-27,6684,10253883,5165,5590541,1211,4317878,308,345464,2859,715525,0.088021,3788,4970915,0.6115,3199,5686440,0.699521,8129050
3,2021-06-28,15849,10269732,12178,5602719,2596,4320474,1075,346539,6688,714333,0.087874,9052,4979967,0.612614,7860,5694300,0.700488,8129050
3,2021-06-29,17936,10287668,12640,5615359,4304,4324778,992,347531,7344,712325,0.087627,10474,4990441,0.613902,8466,5702766,0.701529,8129050
3,2021-06-30,16933,10304601,11987,5627346,3911,4328689,1035,348566,7289,711279,0.087498,9513,4999954,0.615072,8467,5711233,0.702571,8129050
3,2021-07-01,16140,10320741,11503,5638849,3577,4332266,1060,349626,6788,709975,0.087338,9253,5009207,0.616211,7949,5719182,0.703549,8129050
3,2021-07-02,18338,10339079,13056,5651905,4183,4336449,1099,350725,7806,708560,0.087164,10421,5019628,0.617493,9006,5728188,0.704657,8129050
3,2021-07-03,9982,10349061,7221,5659126,2335,4338784,426,351151,4274,707717,0.08706,5645,5025273,0.618187,4802,5732990,0.705247,8129050
3,2021-07-04,702,10349763,406,5659532,209,4338993,87,351238,266,707657,0.087053,429,5025702,0.61824,369,5733359,0.705293,8129050
3,2021-07-05,9477,10359240,6929,5666461,2125,4341118,423,351661,4290,707307,0.08701,5124,5030826,0.61887,4774,5738133,0.70588,8129050
3,2021-07-06,18894,10378134,13706,5680167,4077,4345195,1111,352772,6843,703467,0.086537,11913,5042739,0.620336,8073,5746206,0.706873,8129050
3,2021-07-07,15567,10393701,11042,5691209,3419,4348614,1106,353878,6288,701786,0.086331,9178,5051917,0.621465,7497,5753703,0.707795,8129050
3,2021-07-08,15215,10408916,10986,5702195,3241,4351855,988,354866,6182,700110,0.086124,8933,5060850,0.622564,7257,5760960,0.708688,8129050
3,2021-07-09,17438,10426354,12165,5714360,4072,4355927,1201,356067,7192,698477,0.085924,10134,5070984,0.62381,8501,5769461,0.709734,8129050
3,2021-07-10,10747,10437101,7904,5722264,2181,4358108,662,356729,4566,697677,0.085825,6114,5077098,0.624562,5314,5774775,0.710387,8129050
3,2021-07-11,5084,10442185,3761,5726025,1047,4359155,276,357005,2291,697518,0.085806,2746,5079844,0.6249,2587,5777362,0.710706,8129050
3,2021-07-12,14274,10456459,10400,5736425,2874,4362029,1000,358005,5692,695777,0.085591,8504,5088348,0.625946,6763,5784125,0.711538,8129050
3,2021-07-13,15020,10471479,10607,5747032,3508,4365537,905,358910,6573,694985,0.085494,8348,5096696,0.626973,7556,5791681,0.712467,8129050
3,2021-07-14,14292,10485771,10138,5757170,3235,4368772,919,359829,6355,694484,0.085432,7837,5104533,0.627937,7336,5799017,0.71337,8129050
3,2021-07-15,14548,10500319,10515,5767685,3205,4371977,828,360657,6671,694270,0.085406,7785,5112318,0.628895,7571,5806588,0.714301,8129050
3,2021-07-16,17551,10517870,12631,5780316,4039,4376016,881,361538,8382,694538,0.085439,9066,5121384,0.63001,9334,5815922,0.715449,8129050
3,2021-07-17,10962,10528832,7996,5788312,2440,4378456,526,362064,5205,694648,0.085453,5689,5127073,0.63071,5799,5821721,0.716163,8129050
3,2021-07-18,5460,10534292,4121,5792433,1088,4379544,251,362315,2677,694858,0.085478,2744,5129817,0.631048,2954,5824675,0.716526,8129050
3,2021-07-19,14757,10549049,10783,5803216,3103,4382647,871,363186,7234,695614,0.085571,7424,5137241,0.631961,8180,5832855,0.717532,8129050
3,2021-07-20,16309,10565358,11342,5814558,4071,4386718,896,364082,8384,697156,0.085761,7817,5145058,0.632922,9359,5842214,0.718683,8129050
3,2021-07-21,15803,10581161,11184,5825742,3757,4390475,862,364944,7945,698302,0.085902,7734,5152792,0.633874,8880,5851094,0.719776,8129050
3,2021-07-22,16142,10597303,11405,5837147,3787,4394262,950,365894,8378,700046,0.086117,7649,5160441,0.634815,9393,5860487,0.720931,8129050
3,2021-07-23,18970,10616273,13532,5850679,4445,4398707,993,366887,10194,702678,0.08644,8636,5169077,0.635877,11268,5871755,0.722317,8129050
3,2021-07-24,11462,10627735,8253,5858932,2636,4401343,573,367460,6336,704571,0.086673,5049,5174126,0.636498,6942,5878697,0.723171,8129050
3,2021-07-25,5539,10633274,4155,5863087,1179,4402522,205,367665,4010,707351,0.087015,1484,5175610,0.636681,4264,5882961,0.723696,8129050
3,2021-07-26,15029,10648303,10559,5873646,3673,4406195,797,368462,9167,711631,0.087542,5757,5181367,0.637389,10037,5892998,0.724931,8129050
3,2021-07-27,16695,10664998,11875,5885521,4021,4410216,799,369261,9656,715250,0.087987,6917,5188284,0.63824,10536,5903534,0.726227,8129050
3,2021-07-28,16228,10681226,11798,5897319,3606,4413822,824,370085,9503,719025,0.088451,6600,5194884,0.639052,10375,5913909,0.727503,8129050
3,2021-07-29,10894,10692120,7849,5905168,2361,4416183,684,370769,6294,721573,0.088765,4474,5199358,0.639602,7022,5920931,0.728367,8129050
4,2020-12-15,455,455,455,455,0,0,0,0,455,455,5.7e-05,0,0,0.0,455,455,5.7e-05,8037679
4,2020-12-16,3052,3507,3052,3507,0,0,0,0,3052,3507,0.000436,0,0,0.0,3052,3507,0.000436,8037679
4,2020-12-17,8972,12479,8972,12479,0,0,0,0,8972,12479,0.001553,0,0,0.0,8972,12479,0.001553,8037679
4,2020-12-18,16223,28702,16211,28690,12,12,0,0,16223,28702,0.003571,0,0,0.0,16223,28702,0.003571,8037679
4,2020-12-19,10391,39093,10382,39072,9,21,0,0,10327,39029,0.004856,0,0,0.0,10327,39029,0.004856,8037679
4,2020-12-20,7431,46524,7424,46496,7,28,0,0,7386,46415,0.005775,0,0,0.0,7386,46415,0.005775,8037679
4,2020-12-21,16416,62940,16390,62886,26,54,0,0,16349,62763,0.007809,1,1,0.0,16349,62764,0.007809,8037679
4,2020-12-22,17222,80162,16472,79358,750,804,0,0,17177,79936,0.009945,4,5,1e-06,17177,79941,0.009946,8037679
4,2020-12-23,17147,97309,14412,93770,2735,3539,0,0,17125,97058,0.012075,3,8,1e-06,17125,97066,0.012076,8037679
4,2020-12-24,8573,105882,5979,99749,2594,6133,0,0,8572,105630,0.013142,0,8,1e-06,8572,105638,0.013143,8037679
4,2020-12-25,906,106788,801,100550,105,6238,0,0,906,106536,0.013255,0,8,1e-06,906,106544,0.013256,8037679
4,2020-12-26,6182,112970,3901,104451,2281,8519,0,0,6182,112718,0.014024,0,8,1e-06,6182,112726,0.014025,8037679
4,2020-12-27,3429,116399,1994,106445,1435,9954,0,0,3429,116147,0.01445,0,8,1e-06,3429,116155,0.014451,8037679
4,2020-12-28,15176,131575,9381,115826,5795,15749,0,0,15147,131291,0.016334,3,11,1e-06,15147,131302,0.016336,8037679
4,2020-12-29,15442,147017,8543,124369,6899,22648,0,0,15408,146698,0.018251,1,12,1e-06,15408,146710,0.018253,8037679
4,2020-12-30,19011,166028,11095,135464,7916,30564,0,0,19000,165696,0.020615,2,14,2e-06,19000,165710,0.020617,8037679
4,2020-12-31,8317,174345,3366,138830,4951,35515,0,0,8304,173991,0.021647,9,23,3e-06,8304,174014,0.02165,8037679
4,2021-01-01,1652,175997,749,139579,903,36418,0,0,1648,175636,0.021852,3,26,3e-06,1648,175662,0.021855,8037679
4,2021-01-02,5738,181735,3241,142820,2497,38915,0,0,5736,181371,0.022565,1,27,3e-06,5736,181398,0.022568,8037679
4,2021-01-03,2148,183883,1270,144090,878,39793,0,0,2134,183502,0.02283,3,30,4e-06,2134,183532,0.022834,8037679
4,2021-01-04,13001,196884,7039,151129,5962,45755,0,0,12953,196427,0.024438,28,58,7e-06,12953,196485,0.024445,8037679
4,2021-01-05,16982,213866,10065,161194,6917,52672,0,0,14763,209014,0.026004,2190,2248,0.00028,14777,211262,0.026284,8037679
4,2021-01-06,21693,235559,13296,174490,8397,61069,0,0,15572,218528,0.027188,6072,8320,0.001035,15586,226848,0.028223,8037679
4,2021-01-07,28047,263606,17101,191591,10946,72015,0,0,16745,224053,0.027875,11241,19561,0.002434,16766,243614,0.030309,8037679
4,2021-01-08,33010,296616,21193,212784,11817,83832,0,0,18398,227926,0.028357,14546,34107,0.004243,18419,262033,0.032601,8037679
4,2021-01-09,16337,312953,9667,222451,6670,90502,0,0,9487,230586,0.028688,6839,40946,0.005094,9499,271532,0.033782,8037679
4,2021-01-10,8800,321753,5684,228135,3116,93618,0,0,4177,230159,0.028635,4612,45558,0.005668,4185,275717,0.034303,8037679
4,2021-01-11,33609,355362,22077,250212,11532,105150,0,0,18918,234461,0.02917,14663,60221,0.007492,18965,294682,0.036663,8037679
4,2021-01-12,38695,394057,22320,272532,16375,121525,0,0,24351,244564,0.030427,14289,74510,0.00927,24392,319074,0.039697,8037679
4,2021-01-13,39034,433091,19338,291870,19696,141221,0,0,27618,260834,0.032451,11375,85885,0.010685,27645,346719,0.043137,8037679
4,2021-01-14,39563,472654,15236,307106,24327,165548,0,0,32321,285981,0.03558,7203,93088,0.011581,32350,379069,0.047162,8037679
4,2021-01-15,45612,518266,15951,323057,29661,195209,0,0,40008,320479,0.039872,5536,98624,0.01227,40034,419103,0.052142,8037679
4,2021-01-16,28861,547127,9419,332476,19442,214651,0,0,25730,343126,0.04269,3101,101725,0.012656,25748,444851,0.055346,8037679
4,2021-01-17,19189,566316,6761,339237,12428,227079,0,0,17655,359283,0.0447,1512,103237,0.012844,17669,462520,0.057544,8037679
4,2021-01-18,29559,595875,13682,352919,15877,242956,0,0,23559,376936,0.046896,5932,109169,0.013582,23585,486105,0.060478,8037679
4,2021-01-19,46283,642158,23130,376049,23153,266109,0,0,36862,404499,0.050325,9373,118542,0.014748,36936,523041,0.065074,8037679
4,2021-01-20,52821,694979,28280,404329,24541,290650,0,0,42217,436272,0.054278,10506,129048,0.016055,42279,565320,0.070334,8037679
4,2021-01-21,58025,753004,26156,430485,31869,322519,0,0,51223,480820,0.059821,6720,135768,0.016891,51268,616588,0.076712,8037679
4,2021-01-22,55597,808601,22345,452830,33252,355771,0,0,50400,526119,0.065457,5128,140896,0.017529,50427,667015,0.082986,8037679
4,2021-01-23,39772,848373,17455,470285,22317,378088,0,0,35412,557209,0.069325,4351,145247,0.018071,35441,702456,0.087395,8037679
4,2021-01-24,24066,872439,10516,480801,13550,391638,0,0,22156,577483,0.071847,1901,147148,0.018307,22175,724631,0.090154,8037679
4,2021-01-25,48202,920641,22308,503109,25894,417532,0,0,37002,603375,0.075068,11168,158316,0.019697,37060,761691,0.094765,8037679
4,2021-01-26,57177,977818,29184,532293,27993,445525,0,0,44826,635949,0.079121,12314,170630,0.021229,44888,806579,0.10035,8037679
4,2021-01-27,56501,1034319,26898,559191,29603,475128,0,0,45367,670315,0.083397,11054,181684,0.022604,45420,851999,0.106001,8037679
4,2021-01-28,56943,1091262,25772,584963,31171,506299,0,0,46857,707230,0.087989,9989,191673,0.023847,46904,898903,0.111836,8037679
4,2021-01-29,56883,1148145,27299,612262,29584,535883,0,0,46366,743314,0.092479,10317,201990,0.02513,46401,945304,0.117609,8037679
4,2021-01-30,38255,1186400,17295,629557,20960,556843,0,0,32862,770867,0.095907,5336,207326,0.025794,32889,978193,0.121701,8037679
4,2021-01-31,24100,1210500,12706,642263,11394,568237,0,0,22388,791580,0.098484,1692,209018,0.026005,22405,1000598,0.124488,8037679
4,2021-02-01,49888,1260388,24050,666313,25838,594075,0,0,38161,818116,0.101785,11670,220688,0.027457,38206,1038804,0.129242,8037679
4,2021-02-02,55800,1316188,25671,691984,30129,624204,0,0,42813,848067,0.105511,12907,233595,0.029062,42858,1081662,0.134574,8037679
4,2021-02-03,62469,1378657,30689,722673,31780,655984,0,0,47875,881551,0.109677,14444,248039,0.03086,47928,1129590,0.140537,8037679
4,2021-02-04,67864,1446521,31477,754150,36387,692371,0,0,50945,915860,0.113946,16744,264783,0.032943,51053,1180643,0.146889,8037679
4,2021-02-05,73671,1520192,34157,788307,39514,731885,0,0,51120,944848,0.117552,22267,287050,0.035713,51255,1231898,0.153265,8037679
4,2021-02-06,48960,1569152,26338,814645,22622,754507,0,0,37293,970748,0.120775,11597,298647,0.037156,37497,1269395,0.157931,8037679
4,2021-02-07,26635,1595787,17613,832258,9022,763529,0,0,20107,984598,0.122498,6495,305142,0.037964,20345,1289740,0.160462,8037679
4,2021-02-08,58936,1654723,30392,862650,28544,792073,0,0,38278,1002624,0.12474,20517,325659,0.040517,38543,1328283,0.165257,8037679
4,2021-02-09,67657,1722380,34275,896925,33382,825455,0,0,39594,1014794,0.126255,27868,353527,0.043984,40038,1368321,0.170238,8037679
4,2021-02-10,77848,1800228,38966,935891,38882,864337,0,0,40878,1019501,0.12684,36716,390243,0.048552,41423,1409744,0.175392,8037679
4,2021-02-11,81994,1882222,42877,978768,39117,903454,0,0,41648,1021759,0.127121,40068,430311,0.053537,42326,1452070,0.180658,8037679
4,2021-02-12,85065,1967287,38164,1016932,46901,950355,0,0,43657,1025085,0.127535,41120,471431,0.058653,44446,1496516,0.186188,8037679
4,2021-02-13,59266,2026553,30034,1046966,29232,979587,0,0,30150,1027170,0.127794,28968,500399,0.062257,31053,1527569,0.190051,8037679
4,2021-02-14,37111,2063664,19302,1066268,17809,997396,0,0,18989,1028753,0.127991,18064,518463,0.064504,19647,1547216,0.192495,8037679
4,2021-02-15,46559,2110223,21841,1088109,24718,1022114,0,0,23832,1031131,0.128287,22637,541100,0.06732,25015,1572231,0.195608,8037679
4,2021-02-16,80853,2191076,37122,1125231,43731,1065845,0,0,41049,1033741,0.128612,39658,580758,0.072254,42268,1614499,0.200866,8037679
4,2021-02-17,82161,2273237,38869,1164100,43292,1109137,0,0,39022,1030969,0.128267,42922,623680,0.077595,40150,1654649,0.205862,8037679
4,2021-02-18,84055,2357292,46283,1210383,37772,1146909,0,0,38769,1026136,0.127666,45082,668762,0.083203,40249,1694898,0.210869,8037679
4,2021-02-19,83452,2440744,52609,1262992,30843,1177752,0,0,41605,1026770,0.127745,41665,710427,0.088387,42299,1737197,0.216132,8037679
4,2021-02-20,49964,2490708,33277,1296269,16687,1194439,0,0,27012,1031612,0.128347,22865,733292,0.091232,27707,1764904,0.219579,8037679
4,2021-02-21,30335,2521043,24090,1320359,6245,1200684,0,0,14630,1030911,0.12826,15617,748909,0.093175,14916,1779820,0.221435,8037679
4,2021-02-22,55524,2576567,38170,1358529,17354,1218038,0,0,26700,1029402,0.128072,28660,777569,0.09674,27151,1806971,0.224813,8037679
4,2021-02-23,76733,2653300,42498,1401027,34235,1252273,0,0,33556,1021666,0.12711,42965,820534,0.102086,35229,1842200,0.229196,8037679
4,2021-02-24,91996,2745296,48613,1449640,43383,1295656,0,0,41308,1014724,0.126246,50408,870942,0.108357,43466,1885666,0.234603,8037679
4,2021-02-25,103596,2848892,54193,1503833,49403,1345059,0,0,49348,1012620,0.125984,54008,924950,0.115077,51904,1937570,0.241061,8037679
4,2021-02-26,109897,2958789,55533,1559366,54364,1399423,0,0,56050,1017497,0.126591,53533,978483,0.121737,58410,1995980,0.248328,8037679
4,2021-02-27,79989,3038778,43572,1602938,36407,1435830,10,10,42608,1024444,0.127455,37157,1015640,0.12636,44104,2040084,0.253815,8037679
4,2021-02-28,49494,3088272,30591,1633529,18896,1454726,7,17,27245,1030535,0.128213,22047,1037687,0.129103,28138,2068222,0.257316,8037679
4,2021-03-01,80458,3168730,47146,1680675,33267,1487993,45,62,44273,1040205,0.129416,35843,1073530,0.133562,45513,2113735,0.262978,8037679
4,2021-03-02,87548,3256278,50296,1730971,37243,1525236,9,71,51190,1057034,0.13151,36158,1109688,0.138061,52987,2166722,0.269571,8037679
4,2021-03-03,101121,3357399,53837,1784808,47268,1572504,16,87,56445,1070818,0.133225,44449,1154137,0.143591,58233,2224955,0.276816,8037679
4,2021-03-04,98467,3455866,54621,1839429,43829,1616333,17,104,53845,1082082,0.134626,44373,1198510,0.149111,55637,2280592,0.283738,8037679
4,2021-03-05,96017,3551883,51942,1891371,43755,1660088,320,424,56615,1101784,0.137077,39172,1237682,0.153985,58874,2339466,0.291062,8037679
4,2021-03-06,76885,3628768,43341,1934712,30898,1690986,2646,3070,47164,1123339,0.139759,29579,1267261,0.157665,51134,2390600,0.297424,8037679
4,2021-03-07,44912,3673680,27574,1962286,15148,1706134,2190,5260,26104,1133999,0.141085,18719,1285980,0.159994,29379,2419979,0.301079,8037679
4,2021-03-08,68067,3741747,35630,1997916,29063,1735197,3374,8634,44716,1160184,0.144343,23216,1309196,0.162882,49401,2469380,0.307226,8037679
4,2021-03-09,82188,3823935,41492,2039408,35426,1770623,5270,13904,44305,1173140,0.145955,37687,1346883,0.167571,50643,2520023,0.313526,8037679
4,2021-03-10,91796,3915731,47313,2086721,36947,1807570,7536,21440,46267,1182525,0.147123,45317,1392200,0.173209,54702,2574725,0.320332,8037679
4,2021-03-11,101273,4017004,53075,2139796,39682,1847252,8516,29956,46731,1184548,0.147374,54267,1446467,0.179961,56290,2631015,0.327335,8037679
4,2021-03-12,105003,4122007,51709,2191505,42965,1890217,10329,40285,44900,1180830,0.146912,59801,1506268,0.187401,56083,2687098,0.334313,8037679
4,2021-03-13,81902,4203909,37923,2229428,35473,1925690,8506,48791,38690,1186011,0.147556,43063,1549331,0.192759,48244,2735342,0.340315,8037679
4,2021-03-14,50054,4253963,28490,2257918,17915,1943605,3649,52440,23354,1187007,0.14768,26595,1575926,0.196067,27591,2762933,0.343748,8037679
4,2021-03-15,84040,4338003,45222,2303140,34552,1978157,4266,56706,42603,1193540,0.148493,41161,1617087,0.201188,47694,2810627,0.349681,8037679
4,2021-03-16,108298,4446301,56304,2359444,48566,2026723,3428,60134,57084,1203789,0.149768,50941,1668028,0.207526,61190,2871817,0.357294,8037679
4,2021-03-17,107713,4554014,58020,2417464,46186,2072909,3507,63641,62992,1226375,0.152578,44435,1712463,0.213054,67021,2938838,0.365633,8037679
4,2021-03-18,107651,4661665,59736,2477200,44208,2117117,3707,67348,60861,1244850,0.154877,46497,1758960,0.218839,64972,3003810,0.373716,8037679
4,2021-03-19,112155,4773820,64519,2541719,42407,2159524,5229,72577,63572,1265727,0.157474,48288,1807248,0.224847,69165,3072975,0.382321,8037679
4,2021-03-20,84495,4858315,49418,2591137,32058,2191582,3019,75596,51644,1288010,0.160247,32678,1839926,0.228913,54961,3127936,0.389159,8037679
4,2021-03-21,48435,4906750,35094,2626231,11080,2202662,2261,77857,28212,1298746,0.161582,20082,1860008,0.231411,30818,3158754,0.392993,8037679
4,2021-03-22,82960,4989710,54218,2680449,26003,2228665,2739,80596,51264,1322026,0.164479,31423,1891431,0.235321,54703,3213457,0.399799,8037679
4,2021-03-23,105540,5095250,63181,2743630,40210,2268875,2149,82745,62527,1344520,0.167277,42724,1934155,0.240636,65218,3278675,0.407913,8037679
4,2021-03-24,114334,5209584,73736,2817366,38169,2307044,2429,85174,64270,1362050,0.169458,49608,1983763,0.246808,67138,3345813,0.416266,8037679
4,2021-03-25,117885,5327469,72495,2889861,42978,2350022,2412,87586,67198,1381941,0.171933,50185,2033948,0.253052,70076,3415889,0.424985,8037679
4,2021-03-26,120642,5448111,73151,2963012,44441,2394463,3050,90636,65737,1396793,0.173781,54515,2088463,0.259834,69367,3485256,0.433615,8037679
4,2021-03-27,92628,5540739,54571,3017583,36260,2430723,1797,92433,46939,1400581,0.174252,45423,2133886,0.265485,49211,3534467,0.439737,8037679
4,2021-03-28,56055,5596794,36991,3054574,18189,2448912,875,93308,29621,1405206,0.174827,26243,2160129,0.26875,30868,3565335,0.443578,8037679
4,2021-03-29,94209,5691003,56450,3111024,35671,2484583,2088,95396,50664,1415238,0.176075,43257,2203386,0.274132,53289,3618624,0.450208,8037679
4,2021-03-30,117806,5808809,64310,3175334,49330,2533913,4166,99562,69870,1442001,0.179405,47675,2251061,0.280064,74438,3693062,0.459469,8037679
4,2021-03-31,121683,5930492,71810,3247144,43551,2577464,6322,105884,68151,1463510,0.182081,53154,2304215,0.286677,74663,3767725,0.468758,8037679
4,2021-04-01,143028,6073520,81553,3328697,48169,2625633,13306,119190,84132,1502601,0.186945,58384,2362599,0.29394,97475,3865200,0.480885,8037679
4,2021-04-02,137186,6210706,73293,3401990,50270,2675903,13623,132813,79153,1537883,0.191334,57712,2420311,0.301121,92994,3958194,0.492455,8037679
4,2021-04-03,101493,6312199,54220,3456210,33797,2709700,13476,146289,52769,1555782,0.193561,48505,2468816,0.307155,66404,4024598,0.500716,8037679
4,2021-04-04,46994,6359193,24802,3481012,14657,2724357,7535,153824,20404,1557208,0.193739,26475,2495291,0.310449,27901,4052499,0.504188,8037679
4,2021-04-05,109892,6469085,61706,3542718,35311,2759668,12875,166699,56937,1574810,0.195928,52717,2548008,0.317008,70319,4122818,0.512936,8037679
4,2021-04-06,139303,6608388,78382,3621100,41086,2800754,19835,186534,72221,1600557,0.199132,66823,2614831,0.325322,92570,4215388,0.524453,8037679
4,2021-04-07,138053,6746441,78227,3699327,39050,2839804,20776,207310,71353,1626468,0.202355,66429,2681260,0.333586,92340,4307728,0.535942,8037679
4,2021-04-08,140512,6886953,78278,3777605,36687,2876491,25547,232857,69804,1651949,0.205526,70390,2751650,0.342344,95871,4403599,0.547869,8037679
4,2021-04-09,138118,7025071,75733,3853338,39261,2915752,23124,255981,65814,1669799,0.207746,72037,2823687,0.351306,89887,4493486,0.559053,8037679
4,2021-04-10,104077,7129148,51313,3904651,33838,2949590,18926,274907,46895,1679640,0.208971,56959,2880646,0.358393,66800,4560286,0.567364,8037679
4,2021-04-11,62835,7191983,38142,3942793,13493,2963083,11200,286107,27398,1683954,0.209507,35317,2915963,0.362787,39631,4599917,0.572294,8037679
4,2021-04-12,103160,7295143,62712,4005505,30225,2993308,10223,296330,51959,1696455,0.211063,50883,2966846,0.369117,63384,4663301,0.58018,8037679
4,2021-04-13,130807,7425950,82077,4087582,48561,3041869,169,296499,78201,1723392,0.214414,52294,3019140,0.375623,79231,4742532,0.590037,8037679
4,2021-04-14,135926,7561876,86588,4174170,49261,3091130,77,296576,75018,1739158,0.216376,60559,3079699,0.383158,76325,4818857,0.599533,8037679
4,2021-04-15,156447,7718323,104005,4278175,52372,3143502,70,296646,95741,1775436,0.220889,60301,3140000,0.39066,96579,4915436,0.611549,8037679
4,2021-04-16,143886,7862209,91211,4369386,52596,3196098,79,296725,83422,1799537,0.223888,60121,3200121,0.39814,84222,4999658,0.622028,8037679
4,2021-04-17,101803,7964012,63940,4433326,37839,3233937,24,296749,59587,1818376,0.226231,41921,3242042,0.403355,60760,5060418,0.629587,8037679
4,2021-04-18,56932,8020944,38463,4471789,18466,3252403,3,296752,32036,1826624,0.227258,24752,3266794,0.406435,33000,5093418,0.633693,8037679
4,2021-04-19,101561,8122505,66904,4538693,34639,3287042,18,296770,51575,1829093,0.227565,49726,3316520,0.412622,52195,5145613,0.640186,8037679
4,2021-04-20,131969,8254474,78629,4617322,53324,3340366,16,296786,68529,1835613,0.228376,63098,3379618,0.420472,69618,5215231,0.648848,8037679
4,2021-04-21,134894,8389368,88048,4705370,46791,3387157,55,296841,67889,1838093,0.228685,66577,3446195,0.428755,69057,5284288,0.65744,8037679
4,2021-04-22,141929,8531297,94191,4799561,47714,3434871,24,296865,63353,1824437,0.226986,78164,3524359,0.43848,64508,5348796,0.665465,8037679
4,2021-04-23,135416,8666713,88120,4887681,47272,3482143,24,296889,58743,1808099,0.224953,76297,3600656,0.447972,59959,5408755,0.672925,8037679
4,2021-04-24,99089,8765802,66879,4954560,32160,3514303,50,296939,45619,1801685,0.224155,53155,3653811,0.454585,46741,5455496,0.67874,8037679
4,2021-04-25,50457,8816259,35568,4990128,14862,3529165,27,296966,26350,1804562,0.224513,23953,3677764,0.457565,26830,5482326,0.682078,8037679
4,2021-04-26,92273,8908532,60520,5050648,31355,3560520,398,297364,36337,1787008,0.222329,55625,3733389,0.464486,38071,5520397,0.686815,8037679
4,2021-04-27,114083,9022615,69726,5120374,42039,3602559,2318,299682,41102,1758581,0.218792,72644,3806033,0.473524,44217,5564614,0.692316,8037679
4,2021-04-28,104605,9127220,68365,5188739,33709,3636268,2531,302213,38280,1734082,0.215744,65971,3872004,0.481732,41472,5606086,0.697476,8037679
4,2021-04-29,105969,9233189,67688,5256427,35749,3672017,2532,304745,34274,1700161,0.211524,71332,3943336,0.490606,37411,5643497,0.70213,8037679
4,2021-04-30,105699,9338888,66982,5323409,36013,3708030,2704,307449,36366,1670967,0.207892,68928,4012264,0.499182,39734,5683231,0.707074,8037679
4,2021-05-01,69542,9408430,46157,5369566,21610,3729640,1775,309224,20268,1644660,0.204619,48993,4061257,0.505277,22686,5705917,0.709896,8037679
4,2021-05-02,37687,9446117,26743,5396309,9652,3739292,1292,310516,10579,1629693,0.202757,26985,4088242,0.508635,12018,5717935,0.711391,8037679
4,2021-05-03,79407,9525524,55407,5451716,21508,3760800,2492,313008,19343,1592099,0.198079,59799,4148041,0.516074,22205,5740140,0.714154,8037679
4,2021-05-04,101584,9627108,69542,5521258,29272,3790072,2770,315778,22806,1539596,0.191547,78477,4226518,0.525838,25974,5766114,0.717385,8037679
4,2021-05-05,102444,9729552,72234,5593492,27471,3817543,2739,318517,22237,1485016,0.184757,79860,4306378,0.535774,25280,5791394,0.720531,8037679
4,2021-05-06,112254,9841806,84117,5677609,25194,3842737,2943,321460,19783,1416884,0.17628,91979,4398357,0.547217,23847,5815241,0.723498,8037679
4,2021-05-07,104964,9946770,75452,5753061,26828,3869565,2684,324144,20747,1356896,0.168817,83837,4482194,0.557648,23849,5839090,0.726465,8037679
4,2021-05-08,69713,10016483,48027,5801088,19755,3889320,1931,326075,13826,1317377,0.1639,55633,4537827,0.564569,16114,5855204,0.728469,8037679
4,2021-05-09,34277,10050760,28027,5829115,5303,3894623,947,327022,7529,1299307,0.161652,26639,4564466,0.567884,8569,5863773,0.729536,8037679
4,2021-05-10,65195,10115955,43634,5872749,19235,3913858,2326,329348,11070,1259116,0.156652,53899,4618365,0.574589,13708,5877481,0.731241,8037679
4,2021-05-11,83006,10198961,51849,5924598,28967,3942825,2190,331538,15868,1210793,0.15064,66883,4685248,0.582911,18560,5896041,0.73355,8037679
4,2021-05-12,79676,10278637,52974,5977572,24233,3967058,2469,334007,16667,1167595,0.145265,62710,4747958,0.590713,19512,5915553,0.735978,8037679
4,2021-05-13,104484,10383121,76897,6054469,26052,3993110,1535,335542,40480,1146952,0.142697,63672,4811630,0.598634,43029,5958582,0.741331,8037679
4,2021-05-14,104958,10488079,74121,6128590,28712,4021822,2125,337667,40427,1125840,0.14007,64202,4875832,0.606622,43090,6001672,0.746692,8037679
4,2021-05-15,85538,10573617,66125,6194715,18084,4039906,1329,338996,37731,1117640,0.13905,47554,4923386,0.612538,39354,6041026,0.751588,8037679
4,2021-05-16,51525,10625142,41530,6236245,9283,4049189,712,339708,21115,1109347,0.138018,30258,4953644,0.616303,21965,6062991,0.754321,8037679
4,2021-05-17,71108,10696250,51939,6288184,17327,4066516,1842,341550,28110,1096740,0.13645,42790,4996434,0.621626,30183,6093174,0.758076,8037679
4,2021-05-18,81672,10777922,53118,6341302,26800,4093316,1754,343304,29176,1075903,0.133857,52134,5048568,0.628113,31297,6124471,0.76197,8037679
4,2021-05-19,76823,10854745,51917,6393219,22964,4116280,1942,345246,30852,1063312,0.132291,45674,5094242,0.633795,33083,6157554,0.766086,8037679
4,2021-05-20,69078,10923823,44418,6437637,22664,4138944,1996,347242,25601,1048070,0.130395,43184,5137426,0.639168,27942,6185496,0.769562,8037679
4,2021-05-21,73585,10997408,48526,6486163,23199,4162143,1860,349102,25953,1028817,0.127999,47333,5184759,0.645057,28080,6213576,0.773056,8037679
4,2021-05-22,49838,11047246,34929,6521092,13635,4175778,1274,350376,21670,1023988,0.127398,28000,5212759,0.64854,23171,6236747,0.775939,8037679
4,2021-05-23,23976,11071222,17107,6538199,6146,4181924,723,351099,9759,1020488,0.126963,14092,5226851,0.650294,10592,6247339,0.777257,8037679
4,2021-05-24,43058,11114280,27385,6565584,12670,4194594,3003,354102,15061,1010972,0.125779,27778,5254629,0.65375,18262,6265601,0.779529,8037679
4,2021-05-25,44880,11159160,27878,6593462,14175,4208769,2827,356929,15859,1001104,0.124551,28784,5283413,0.657331,18916,6284517,0.781882,8037679
4,2021-05-26,44599,11203759,26716,6620178,15282,4224051,2601,359530,15838,991179,0.123317,28539,5311952,0.660881,18614,6303131,0.784198,8037679
4,2021-05-27,38902,11242661,23326,6643504,12437,4236488,3139,362669,14644,985077,0.122557,24052,5336004,0.663874,17950,6321081,0.786431,8037679
4,2021-05-28,43255,11285916,27541,6671045,14110,4250598,1604,364273,18850,981614,0.122127,24140,5360144,0.666877,20677,6341758,0.789004,8037679
4,2021-05-29,23689,11309605,15367,6686412,7389,4257987,933,365206,10901,980937,0.122042,12641,5372785,0.66845,11964,6353722,0.790492,8037679
4,2021-05-30,12087,11321692,8495,6694907,3066,4261053,526,365732,5027,979568,0.121872,6991,5379776,0.66932,5622,6359344,0.791192,8037679
4,2021-05-31,3575,11325267,2272,6697179,1142,4262195,161,365893,1140,978505,0.12174,2384,5382160,0.669616,1321,6360665,0.791356,8037679
4,2021-06-01,39429,11364696,24504,6721683,12485,4274680,2440,368333,13015,967980,0.12043,26194,5408354,0.672875,15669,6376334,0.793305,8037679
4,2021-06-02,32608,11397304,20367,6742050,9446,4284126,2795,371128,10883,960266,0.119471,21542,5429896,0.675555,13828,6390162,0.795026,8037679
4,2021-06-03,48043,11445347,36855,6778905,8735,4292861,2453,373581,10354,935860,0.116434,37519,5467415,0.680223,13113,6403275,0.796657,8037679
4,2021-06-04,54797,11500144,44107,6823012,9363,4302224,1327,374908,12741,908912,0.113081,41819,5509234,0.685426,14871,6418146,0.798507,8037679
4,2021-06-05,44793,11544937,38352,6861364,5445,4307669,996,375904,8766,883082,0.109868,35871,5545105,0.689889,10041,6428187,0.799757,8037679
4,2021-06-06,21228,11566165,18943,6880307,1721,4309390,564,376468,3967,870847,0.108346,17161,5562266,0.692024,4926,6433113,0.800369,8037679
4,2021-06-07,38692,11604857,31315,6911622,5458,4314848,1919,378387,8428,851354,0.10592,30127,5592393,0.695772,10634,6443747,0.801693,8037679
4,2021-06-08,40586,11645443,31837,6943459,6204,4321052,2545,380932,9444,832727,0.103603,30951,5623344,0.699623,12324,6456071,0.803226,8037679
4,2021-06-09,38937,11684380,30861,6974320,5714,4326766,2362,383294,7939,812552,0.101093,30828,5654172,0.703458,10653,6466724,0.804551,8037679
4,2021-06-10,37136,11721516,29258,7003578,5253,4332019,2625,385919,8417,795300,0.098946,28558,5682730,0.707011,11306,6478030,0.805958,8037679
4,2021-06-11,38285,11759801,30044,7033622,6229,4338248,2012,387931,9895,779327,0.096959,28232,5710962,0.710524,12259,6490289,0.807483,8037679
4,2021-06-12,26544,11786345,22079,7055701,3752,4342000,713,388644,6044,765909,0.09529,20393,5731355,0.713061,6975,6497264,0.808351,8037679
4,2021-06-13,10834,11797179,8560,7064261,1798,4343798,476,389120,2279,760281,0.09459,8490,5739845,0.714117,2862,6500126,0.808707,8037679
4,2021-06-14,28583,11825762,21375,7085636,4399,4348197,2809,391929,7804,750472,0.093369,20640,5760485,0.716685,10831,6510957,0.810054,8037679
4,2021-06-15,29938,11855700,21164,7106800,5371,4353568,3403,395332,8285,740922,0.092181,21493,5781978,0.719359,11943,6522900,0.81154,8037679
4,2021-06-16,26569,11882269,20025,7126825,3922,4357490,2622,397954,8001,733358,0.09124,18393,5800371,0.721648,10829,6533729,0.812888,8037679
4,2021-06-17,25122,11907391,18547,7145372,3682,4361172,2893,400847,7608,726721,0.090414,17329,5817700,0.723803,10692,6544421,0.814218,8037679
4,2021-06-18,26765,11934156,21109,7166481,4423,4365595,1233,402080,8261,718168,0.08935,18300,5836000,0.72608,9747,6554168,0.81543,8037679
4,2021-06-19,15736,11949892,12724,7179205,2310,4367905,702,402782,5053,713558,0.088777,10535,5846535,0.727391,5925,6560093,0.816168,8037679
4,2021-06-20,7366,11957258,6069,7185274,990,4368895,307,403089,2620,711882,0.088568,4686,5851221,0.727974,3010,6563103,0.816542,8037679
4,2021-06-21,14571,11971829,10532,7195806,2901,4371796,1138,404227,7339,713375,0.088754,7147,5858368,0.728863,8640,6571743,0.817617,8037679
4,2021-06-22,20457,11992286,15957,7211763,3426,4375222,1074,405301,7111,708493,0.088146,13220,5871588,0.730508,8338,6580081,0.818654,8037679
4,2021-06-23,18391,12010677,14437,7226200,2967,4378189,987,406288,6713,704770,0.087683,11543,5883131,0.731944,7820,6587901,0.819627,8037679
4,2021-06-24,17570,12028247,13587,7239787,2996,4381185,987,407275,6551,701587,0.087287,10861,5893992,0.733295,7678,6595579,0.820583,8037679
4,2021-06-25,21530,12049777,16923,7256710,3564,4384749,1043,408318,7800,697003,0.086717,13594,5907586,0.734987,9010,6604589,0.821704,8037679
4,2021-06-26,13016,12062793,10588,7267298,1811,4386560,617,408935,4797,694402,0.086393,8119,5915705,0.735997,5518,6610107,0.82239,8037679
4,2021-06-27,6838,12069631,5537,7272835,958,4387518,343,409278,2882,693762,0.086314,3918,5919623,0.736484,3278,6613385,0.822798,8037679
4,2021-06-28,15023,12084654,12615,7285450,1556,4389074,852,410130,6034,691863,0.086077,8907,5928530,0.737592,7008,6620393,0.82367,8037679
4,2021-06-29,16434,12101088,12757,7298207,2877,4391951,800,410930,6356,689171,0.085743,9969,5938499,0.738833,7277,6627670,0.824575,8037679
4,2021-06-30,14525,12115613,11321,7309528,2466,4394417,738,411668,6036,687677,0.085557,8378,5946877,0.739875,6884,6634554,0.825432,8037679
4,2021-07-01,14419,12130032,11374,7320902,2302,4396719,743,412411,5897,686046,0.085354,8410,5955287,0.740921,6779,6641333,0.826275,8037679
4,2021-07-02,16731,12146763,13284,7334186,2688,4399407,759,413170,6837,683973,0.085096,9799,5965086,0.74214,7726,6649059,0.827236,8037679
4,2021-07-03,9151,12155914,7268,7341454,1473,4400880,410,413580,3966,683294,0.085011,5112,5970198,0.742776,4433,6653492,0.827788,8037679
4,2021-07-04,426,12156340,262,7341716,105,4400985,59,413639,188,683318,0.085014,234,5970432,0.742805,258,6653750,0.82782,8037679
4,2021-07-05,9181,12165521,7472,7349188,1295,4402280,414,414053,4165,683010,0.084976,4936,5975368,0.74342,4628,6658378,0.828396,8037679
4,2021-07-06,16432,12181953,12951,7362139,2681,4404961,800,414853,6050,679707,0.084565,10264,5985632,0.744697,6961,6665339,0.829262,8037679
4,2021-07-07,13678,12195631,10676,7372815,2227,4407188,775,415628,5170,677348,0.084272,8421,5994053,0.745744,6062,6671401,0.830016,8037679
4,2021-07-08,13172,12208803,10310,7383125,2038,4409226,824,416452,5152,675511,0.084043,7906,6001959,0.746728,6069,6677470,0.830771,8037679
4,2021-07-09,15327,12224130,11766,7394891,2628,4411854,933,417385,6222,673812,0.083832,8969,6010928,0.747844,7270,6684740,0.831675,8037679
4,2021-07-10,8787,12232917,6945,7401836,1444,4413298,398,417783,3685,672935,0.083723,5020,6015948,0.748468,4143,6688883,0.832191,8037679
4,2021-07-11,4973,12237890,3984,7405820,788,4414086,201,417984,2236,672704,0.083694,2697,6018645,0.748804,2466,6691349,0.832498,8037679
4,2021-07-12,12988,12250878,10300,7416120,1973,4416059,715,418699,5037,670691,0.083443,7872,6026517,0.749783,5859,6697208,0.833227,8037679
4,2021-07-13,12667,12263545,9707,7425827,2331,4418390,629,419328,5381,669620,0.08331,7181,6033698,0.750677,6110,6703318,0.833987,8037679
4,2021-07-14,11652,12275197,9179,7435006,1929,4420319,544,419872,5051,668769,0.083204,6517,6040215,0.751487,5666,6708984,0.834692,8037679
4,2021-07-15,12371,12287568,9826,7444832,1963,4422282,582,420454,5644,668470,0.083167,6600,6046815,0.752309,6301,6715285,0.835476,8037679
4,2021-07-16,14871,12302439,11593,7456425,2612,4424894,666,421120,6844,668161,0.083129,7926,6054741,0.753295,7617,6722902,0.836423,8037679
4,2021-07-17,9103,12311542,7159,7463584,1624,4426518,320,421440,4302,668124,0.083124,4701,6059442,0.75388,4664,6727566,0.837004,8037679
4,2021-07-18,5125,12316667,4139,7467723,787,4427305,199,421639,2420,668118,0.083123,2648,6062090,0.754209,2642,6730208,0.837332,8037679
4,2021-07-19,12713,12329380,10097,7477820,1977,4429282,639,422278,6030,668288,0.083144,6592,6068682,0.755029,6762,6736970,0.838174,8037679
4,2021-07-20,13617,12342997,10507,7488327,2459,4431741,651,422929,6716,668978,0.08323,6758,6075440,0.75587,7448,6744418,0.8391,8037679
4,2021-07-21,12720,12355717,9878,7498205,2213,4433954,629,423558,6330,669737,0.083325,6259,6081699,0.756649,7018,6751436,0.839973,8037679
4,2021-07-22,13362,12369079,10437,7508642,2281,4436235,644,424202,6952,671112,0.083496,6282,6087981,0.75743,7657,6759093,0.840926,8037679
4,2021-07-23,15505,12384584,11979,7520621,2851,4439086,675,424877,8140,672811,0.083707,7204,6095185,0.758327,8903,6767996,0.842034,8037679
4,2021-07-24,9545,12394129,7475,7528096,1744,4440830,326,425203,4907,673590,0.083804,4502,6099687,0.758887,5281,6773277,0.842691,8037679
4,2021-07-25,4740,12398869,3735,7531831,852,4441682,153,425356,3348,675768,0.084075,1338,6101025,0.759053,3516,6776793,0.843128,8037679
4,2021-07-26,12773,12411642,10051,7541882,2099,4443781,623,425979,7455,678723,0.084443,5180,6106205,0.759698,8135,6784928,0.84414,8037679
4,2021-07-27,13965,12425607,10724,7552606,2514,4446295,727,426706,7536,680747,0.084694,6284,6112489,0.760479,8308,6793236,0.845174,8037679
4,2021-07-28,12672,12438279,9733,7562339,2314,4448609,625,427331,7066,683051,0.084981,5441,6117930,0.761156,7745,6800981,0.846137,8037679
4,2021-07-29,8898,12447177,6775,7569114,1536,4450145,587,427918,4829,684593,0.085173,3936,6121866,0.761646,5478,6806459,0.846819,8037679
