vemquartile,administered_date,total_doses,cumulative_total_doses,pfizer_doses,cumulative_pfizer_doses,moderna_doses,cumulative_moderna_doses,jj_doses,cumulative_jj_doses,partially_vaccinated,total_partially_vaccinated,pct_age12pop_partially_vaccinated,fully_vaccinated,cumulative_fully_vaccinated,pct_age12pop_fully_vaccinated,at_least_one_dose,cumulative_at_least_one_dose,pct_age12pop_at_least_one_dose,age12_population
1,2020-12-15,149,149,149,149,0,0,0,0,149,149,1.7e-05,0,0,0.0,149,149,1.7e-05,8700223
1,2020-12-16,1178,1327,1178,1327,0,0,0,0,1178,1327,0.000153,0,0,0.0,1178,1327,0.000153,8700223
1,2020-12-17,4137,5464,4137,5464,0,0,0,0,4138,5465,0.000628,0,0,0.0,4138,5465,0.000628,8700223
1,2020-12-18,6330,11794,6305,11769,25,25,0,0,6326,11785,0.001355,6,6,1e-06,6326,11791,0.001355,8700223
1,2020-12-19,2865,14659,2864,14633,1,26,0,0,2864,14648,0.001684,1,7,1e-06,2864,14655,0.001684,8700223
1,2020-12-20,2119,16778,2112,16745,7,33,0,0,2120,16768,0.001927,0,7,1e-06,2120,16775,0.001928,8700223
1,2020-12-21,7641,24419,7624,24369,17,50,0,0,7688,24453,0.002811,4,11,1e-06,7689,24464,0.002812,8700223
1,2020-12-22,7280,31699,6940,31309,340,390,0,0,7282,31733,0.003647,2,13,1e-06,7282,31746,0.003649,8700223
1,2020-12-23,7834,39533,6582,37891,1252,1642,0,0,7825,39555,0.004546,4,17,2e-06,7826,39572,0.004548,8700223
1,2020-12-24,3302,42835,2361,40252,941,2583,0,0,3302,42856,0.004926,1,18,2e-06,3302,42874,0.004928,8700223
1,2020-12-25,237,43072,152,40404,85,2668,0,0,237,43093,0.004953,0,18,2e-06,237,43111,0.004955,8700223
1,2020-12-26,1350,44422,962,41366,388,3056,0,0,1349,44441,0.005108,1,19,2e-06,1349,44460,0.00511,8700223
1,2020-12-27,864,45286,531,41897,333,3389,0,0,864,45304,0.005207,1,20,2e-06,864,45324,0.00521,8700223
1,2020-12-28,7082,52368,4756,46653,2326,5715,0,0,7080,52383,0.006021,1,21,2e-06,7080,52404,0.006023,8700223
1,2020-12-29,8868,61236,4981,51634,3887,9602,0,0,8864,61246,0.00704,1,22,3e-06,8864,61268,0.007042,8700223
1,2020-12-30,11577,72813,6453,58087,5124,14726,0,0,11577,72823,0.00837,0,22,3e-06,11577,72845,0.008373,8700223
1,2020-12-31,5948,78761,1959,60046,3989,18715,0,0,5945,78766,0.009053,3,25,3e-06,5946,78791,0.009056,8700223
1,2021-01-01,561,79322,193,60239,368,19083,0,0,560,79325,0.009118,1,26,3e-06,560,79351,0.009121,8700223
1,2021-01-02,2900,82222,1763,62002,1137,20220,0,0,2901,82226,0.009451,0,26,3e-06,2901,82252,0.009454,8700223
1,2021-01-03,1024,83246,547,62549,477,20697,0,0,1020,83244,0.009568,2,28,3e-06,1020,83272,0.009571,8700223
1,2021-01-04,7351,90597,3577,66126,3774,24471,0,0,7355,90598,0.010413,1,29,3e-06,7355,90627,0.010417,8700223
1,2021-01-05,10813,101410,5205,71331,5608,30079,0,0,10049,99905,0.011483,748,777,8.9e-05,10055,100682,0.011572,8700223
1,2021-01-06,14016,115426,7041,78372,6975,37054,0,0,12118,110170,0.012663,1858,2635,0.000303,12123,112805,0.012966,8700223
1,2021-01-07,17377,132803,9086,87458,8291,45345,0,0,12924,118746,0.013649,4354,6989,0.000803,12930,125735,0.014452,8700223
1,2021-01-08,20105,152908,10418,97876,9687,55032,0,0,14197,127064,0.014605,5881,12870,0.001479,14199,139934,0.016084,8700223
1,2021-01-09,6682,159590,3373,101249,3309,58341,0,0,4833,130065,0.01495,1836,14706,0.00169,4837,144771,0.01664,8700223
1,2021-01-10,3070,162660,1746,102995,1324,59665,0,0,1885,130779,0.015032,1172,15878,0.001825,1886,146657,0.016857,8700223
1,2021-01-11,18063,180723,11825,114820,6238,65903,0,0,11511,135799,0.015609,6505,22383,0.002573,11525,158182,0.018181,8700223
1,2021-01-12,18915,199638,10741,125561,8174,74077,0,0,12947,142839,0.016418,5915,28298,0.003253,12955,171137,0.01967,8700223
1,2021-01-13,19745,219383,10672,136233,9073,83150,0,0,14584,152299,0.017505,5134,33432,0.003843,14594,185731,0.021348,8700223
1,2021-01-14,21909,241292,9390,145623,12519,95669,0,0,19148,168765,0.019398,2696,36128,0.004153,19162,204893,0.02355,8700223
1,2021-01-15,25208,266500,9302,154925,15906,111575,0,0,23216,190058,0.021845,1933,38061,0.004375,23226,228119,0.02622,8700223
1,2021-01-16,13883,280383,4557,159482,9326,120901,0,0,13002,202202,0.023241,860,38921,0.004474,13004,241123,0.027715,8700223
1,2021-01-17,5201,285584,2016,161498,3185,124086,0,0,4834,206678,0.023755,363,39284,0.004515,4839,245962,0.028271,8700223
1,2021-01-18,14334,299918,8600,170098,5734,129820,0,0,11146,214654,0.024672,3175,42459,0.00488,11151,257113,0.029552,8700223
1,2021-01-19,24691,324609,12888,182986,11803,141623,0,0,19480,228999,0.026321,5185,47644,0.005476,19530,276643,0.031797,8700223
1,2021-01-20,28707,353316,14052,197038,14655,156278,0,0,23045,246471,0.028329,5605,53249,0.00612,23077,299720,0.03445,8700223
1,2021-01-21,30988,384304,14429,211467,16559,172837,0,0,27764,271120,0.031162,3150,56399,0.006482,27799,327519,0.037645,8700223
1,2021-01-22,28184,412488,11185,222652,16999,189836,0,0,26179,295362,0.033949,1961,58360,0.006708,26203,353722,0.040657,8700223
1,2021-01-23,18682,431170,8201,230853,10481,200317,0,0,16754,310212,0.035656,1914,60274,0.006928,16764,370486,0.042584,8700223
1,2021-01-24,6661,437831,4156,235009,2505,202822,0,0,6003,315566,0.036271,654,60928,0.007003,6008,376494,0.043274,8700223
1,2021-01-25,25290,463121,10425,245434,14865,217687,0,0,19586,329503,0.037873,5669,66597,0.007655,19606,396100,0.045528,8700223
1,2021-01-26,28603,491724,13421,258855,15182,232869,0,0,21985,344965,0.03965,6542,73139,0.008407,22004,418104,0.048057,8700223
1,2021-01-27,32378,524102,15426,274281,16952,249821,0,0,24383,361460,0.041546,7918,81057,0.009317,24413,442517,0.050863,8700223
1,2021-01-28,34756,558858,16358,290639,18398,268219,0,0,27918,382633,0.04398,6769,87826,0.010095,27942,470459,0.054074,8700223
1,2021-01-29,33494,592352,16464,307103,17030,285249,0,0,26997,403300,0.046355,6344,94170,0.010824,27011,497470,0.057179,8700223
1,2021-01-30,20210,612562,8822,315925,11388,296637,0,0,18100,419325,0.048197,2084,96254,0.011063,18109,515579,0.05926,8700223
1,2021-01-31,7606,620168,4972,320897,2634,299271,0,0,6964,425651,0.048924,641,96895,0.011137,6967,522546,0.060061,8700223
1,2021-02-01,28545,648713,12435,333332,16110,315381,0,0,20908,438975,0.050456,7590,104485,0.012009,20914,543460,0.062465,8700223
1,2021-02-02,32071,680784,11535,344867,20536,335917,0,0,24150,455306,0.052333,7852,112337,0.012912,24183,567643,0.065245,8700223
1,2021-02-03,39151,719935,15054,359921,24097,360014,0,0,28290,472907,0.054356,10719,123056,0.014144,28320,595963,0.0685,8700223
1,2021-02-04,43570,763505,16999,376920,26571,386585,0,0,31662,492815,0.056644,11799,134855,0.0155,31707,627670,0.072144,8700223
1,2021-02-05,46667,810172,17297,394217,29370,415955,0,0,30735,507827,0.058369,15767,150622,0.017312,30779,658449,0.075682,8700223
1,2021-02-06,26499,836671,10536,404753,15963,431918,0,0,20663,522712,0.06008,5794,156416,0.017978,20679,679128,0.078059,8700223
1,2021-02-07,6269,842940,4045,408798,2224,434142,0,0,4659,525795,0.060435,1594,158010,0.018162,4677,683805,0.078596,8700223
1,2021-02-08,31360,874300,14356,423154,17004,451146,0,0,20923,536475,0.061662,10323,168333,0.019348,21003,704808,0.08101,8700223
1,2021-02-09,38183,912483,16859,440013,21324,472470,0,0,23593,545552,0.062706,14582,182915,0.021024,23659,728467,0.08373,8700223
1,2021-02-10,46733,959216,21969,461982,24764,497234,0,0,26961,552951,0.063556,19637,202552,0.023281,27036,755503,0.086837,8700223
1,2021-02-11,51473,1010689,25336,487318,26137,523371,0,0,30916,563811,0.064804,20151,222703,0.025597,31011,786514,0.090402,8700223
1,2021-02-12,49411,1060100,21334,508652,28077,551448,0,0,28488,571696,0.06571,20735,243438,0.027981,28620,815134,0.093691,8700223
1,2021-02-13,26019,1086119,11346,519998,14673,566121,0,0,15082,575999,0.066205,10855,254293,0.029228,15158,830292,0.095433,8700223
1,2021-02-14,11622,1097741,5486,525484,6136,572257,0,0,6633,577737,0.066405,4960,259253,0.029798,6698,836990,0.096203,8700223
1,2021-02-15,23620,1121361,9274,534758,14346,586603,0,0,14374,583142,0.067026,9083,268336,0.030842,14488,851478,0.097869,8700223
1,2021-02-16,46423,1167784,22250,557008,24173,610776,0,0,27339,591591,0.067997,18999,287335,0.033026,27448,878926,0.101023,8700223
1,2021-02-17,48001,1215785,24363,581371,23638,634414,0,0,25945,595782,0.068479,21892,309227,0.035542,26083,905009,0.104021,8700223
1,2021-02-18,50553,1266338,25292,606663,25261,659675,0,0,26221,598214,0.068758,23999,333226,0.038301,26431,931440,0.107059,8700223
1,2021-02-19,45668,1312006,24732,631395,20936,680611,0,0,25769,604284,0.069456,19764,352990,0.040573,25834,957274,0.110029,8700223
1,2021-02-20,26962,1338968,16451,647846,10511,691122,0,0,15505,608449,0.069935,11415,364405,0.041885,15580,972854,0.111819,8700223
1,2021-02-21,11494,1350462,10243,658089,1251,692373,0,0,6835,610721,0.070196,4612,369017,0.042415,6884,979738,0.112611,8700223
1,2021-02-22,29899,1380361,19649,677738,10250,702623,0,0,17614,616212,0.070827,12223,381240,0.04382,17714,997452,0.114647,8700223
1,2021-02-23,43035,1423396,20978,698716,22057,724680,0,0,24167,622026,0.071495,18713,399953,0.04597,24527,1021979,0.117466,8700223
1,2021-02-24,52968,1476364,25681,724397,27287,751967,0,0,29705,629043,0.072302,23138,423091,0.04863,30155,1052134,0.120932,8700223
1,2021-02-25,65145,1541509,31701,756098,33444,785411,0,0,40824,646168,0.07427,24200,447291,0.051411,41325,1093459,0.125682,8700223
1,2021-02-26,73020,1614529,34307,790405,38713,824124,0,0,48173,670144,0.077026,24674,471965,0.054247,48650,1142109,0.131274,8700223
1,2021-02-27,50113,1664642,23167,813572,26939,851063,7,7,33350,687128,0.078978,16638,488603,0.05616,33622,1175731,0.135138,8700223
1,2021-02-28,19356,1683998,11484,825056,7870,858933,2,9,14289,696551,0.080061,5006,493609,0.056735,14429,1190160,0.136796,8700223
1,2021-03-01,44093,1728091,20406,845462,23652,882585,35,44,28516,709949,0.081601,15383,508992,0.058503,28781,1218941,0.140105,8700223
1,2021-03-02,61716,1789807,26908,872370,34801,917386,7,51,39792,728584,0.083743,21780,530772,0.061007,40415,1259356,0.14475,8700223
1,2021-03-03,69448,1859255,33126,905496,36302,953688,20,71,42429,744748,0.085601,26877,557649,0.064096,43041,1302397,0.149697,8700223
1,2021-03-04,77567,1936822,36418,941914,41115,994803,34,105,49988,767884,0.08826,27389,585038,0.067244,50525,1352922,0.155504,8700223
1,2021-03-05,76725,2013547,34746,976660,41774,1036577,205,310,51476,795190,0.091399,25007,610045,0.070118,52313,1405235,0.161517,8700223
1,2021-03-06,57063,2070610,27252,1003912,28473,1065050,1338,1648,38886,817670,0.093983,18111,628156,0.0722,40591,1445826,0.166183,8700223
1,2021-03-07,20139,2090749,12824,1016736,6503,1071553,812,2460,15156,828937,0.095278,4964,633120,0.072771,16231,1462057,0.168048,8700223
1,2021-03-08,44205,2134954,21094,1037830,21236,1092789,1875,4335,30982,849014,0.097585,13120,646240,0.074279,33197,1495254,0.171864,8700223
1,2021-03-09,65560,2200514,31657,1069487,31424,1124213,2479,6814,40502,867407,0.099699,24927,671167,0.077144,43320,1538574,0.176843,8700223
1,2021-03-10,72363,2272877,36143,1105630,31847,1156060,4373,11187,44965,890011,0.102297,27102,698269,0.080259,49706,1588280,0.182556,8700223
1,2021-03-11,88717,2361594,40507,1146137,40291,1196351,7919,19106,51986,914004,0.105055,36353,734622,0.084437,60346,1648626,0.189492,8700223
1,2021-03-12,97299,2458893,42603,1188740,42355,1238706,12341,31447,57013,943786,0.108478,40041,774663,0.089039,69823,1718449,0.197518,8700223
1,2021-03-13,64858,2523751,29325,1218065,27840,1266546,7693,39140,41524,970054,0.111498,23223,797886,0.091709,49491,1767940,0.203206,8700223
1,2021-03-14,27557,2551308,14856,1232921,9136,1275682,3565,42705,15662,977642,0.11237,11840,809726,0.09307,19428,1787368,0.205439,8700223
1,2021-03-15,64408,2615716,28164,1261085,29544,1305226,6700,49405,38145,996709,0.114561,26081,835807,0.096067,45148,1832516,0.210629,8700223
1,2021-03-16,84717,2700433,38423,1299508,40755,1345981,5539,54944,52807,1023693,0.117663,31728,867535,0.099714,58712,1891228,0.217377,8700223
1,2021-03-17,91720,2792153,44310,1343818,40876,1386857,6534,61478,59116,1057335,0.12153,32376,899911,0.103435,66018,1957246,0.224965,8700223
1,2021-03-18,97378,2889531,50053,1393871,41712,1428569,5613,67091,59561,1085478,0.124764,37477,937388,0.107743,65620,2022866,0.232507,8700223
1,2021-03-19,102468,2991999,52959,1446830,43379,1471948,6130,73221,60671,1111295,0.127732,41507,978895,0.112514,67324,2090190,0.240246,8700223
1,2021-03-20,71953,3063952,37050,1483880,29699,1501647,5204,78425,46449,1137913,0.130791,25321,1004216,0.115424,51939,2142129,0.246215,8700223
1,2021-03-21,26922,3090874,18798,1502678,6321,1507968,1803,80228,17371,1147712,0.131918,9473,1013689,0.116513,19272,2161401,0.248431,8700223
1,2021-03-22,58531,3149405,30143,1532821,25107,1533075,3281,83509,39713,1172458,0.134762,18611,1032300,0.118652,43357,2204758,0.253414,8700223
1,2021-03-23,82112,3231517,41610,1574431,36893,1569968,3609,87118,51002,1196629,0.13754,30898,1063198,0.122204,55069,2259827,0.259744,8700223
1,2021-03-24,87029,3318546,43919,1618350,38777,1608745,4333,91451,52659,1219657,0.140187,34139,1097337,0.126127,57167,2316994,0.266314,8700223
1,2021-03-25,95611,3414157,48621,1666971,41178,1649923,5812,97263,53804,1237966,0.142291,41521,1138858,0.1309,59830,2376824,0.273191,8700223
1,2021-03-26,103551,3517708,50467,1717438,46834,1696757,6250,103513,56288,1253834,0.144115,46971,1185829,0.136299,62839,2439663,0.280414,8700223
1,2021-03-27,73536,3591244,37997,1755435,31355,1728112,4184,107697,38101,1261088,0.144949,35234,1221063,0.140348,42488,2482151,0.285297,8700223
1,2021-03-28,32516,3623760,21290,1776725,10016,1738128,1210,108907,16502,1263333,0.145207,15902,1236965,0.142176,18147,2500298,0.287383,8700223
1,2021-03-29,66323,3690083,32914,1809639,30317,1768445,3092,111999,36971,1274421,0.146481,29183,1266148,0.145531,40271,2540569,0.292012,8700223
1,2021-03-30,90863,3780946,44721,1854360,39855,1808300,6287,118286,47226,1284548,0.147645,43486,1309634,0.150529,53613,2594182,0.298174,8700223
1,2021-03-31,99763,3880709,52224,1906584,41603,1849903,5936,124222,55150,1301379,0.14958,44331,1353965,0.155624,61162,2655344,0.305204,8700223
1,2021-04-01,110460,3991169,52899,1959483,49152,1899055,8409,132631,56755,1313280,0.150948,53335,1407300,0.161754,65236,2720580,0.312702,8700223
1,2021-04-02,109918,4101087,50170,2009653,50144,1949199,9604,142235,56356,1326287,0.152443,53183,1460483,0.167867,66190,2786770,0.32031,8700223
1,2021-04-03,77616,4178703,39018,2048671,29003,1978202,9595,151830,36381,1331272,0.153016,41073,1501556,0.172588,46058,2832828,0.325604,8700223
1,2021-04-04,23670,4202373,11779,2060450,8436,1986638,3455,155285,9939,1330979,0.152982,13676,1515232,0.17416,13383,2846211,0.327142,8700223
1,2021-04-05,75401,4277774,36195,2096645,30072,2016710,9134,164419,34319,1333720,0.153297,40894,1556126,0.17886,43635,2889846,0.332158,8700223
1,2021-04-06,102673,4380447,48653,2145298,37509,2054219,16511,180930,46634,1341128,0.154149,55792,1611918,0.185273,63200,2953046,0.339422,8700223
1,2021-04-07,110327,4490774,53357,2198655,39562,2093781,17408,198338,50248,1349002,0.155054,59833,1671751,0.19215,67707,3020753,0.347204,8700223
1,2021-04-08,121173,4611947,57234,2255889,43119,2136900,20820,219158,53803,1356700,0.155939,67012,1738763,0.199853,74710,3095463,0.355791,8700223
1,2021-04-09,121756,4733703,55643,2311532,45587,2182487,20526,239684,53860,1363639,0.156736,67558,1806321,0.207618,74497,3169960,0.364354,8700223
1,2021-04-10,95188,4828891,42336,2353868,30252,2212739,22600,262284,37220,1365686,0.156971,57789,1864110,0.21426,59836,3229796,0.371231,8700223
1,2021-04-11,36158,4865049,20188,2374056,9344,2222083,6626,268910,14779,1365880,0.156994,21327,1885437,0.216711,21521,3251317,0.373705,8700223
1,2021-04-12,73490,4938539,32638,2406694,30916,2252999,9936,278846,31282,1365329,0.15693,41943,1927380,0.221532,41392,3292709,0.378463,8700223
1,2021-04-13,96522,5035061,51581,2458275,44607,2297606,334,279180,52220,1374235,0.157954,44041,1971421,0.226594,52947,3345656,0.384548,8700223
1,2021-04-14,104049,5139110,53728,2512003,50251,2347857,70,279250,52967,1377046,0.158277,50747,2022168,0.232427,53558,3399214,0.390704,8700223
1,2021-04-15,105180,5244290,57086,2569089,48007,2395864,87,279337,56552,1385886,0.159293,48104,2070272,0.237956,56944,3456158,0.397249,8700223
1,2021-04-16,109222,5353512,56190,2625279,52945,2448809,87,279424,54996,1387549,0.159484,53792,2124064,0.244139,55455,3511613,0.403623,8700223
1,2021-04-17,82418,5435930,44760,2670039,37648,2486457,10,279434,46368,1398343,0.160725,35859,2159923,0.248261,46653,3558266,0.408986,8700223
1,2021-04-18,28998,5464928,19366,2689405,9625,2496082,7,279441,14750,1399152,0.160818,14175,2174098,0.24989,14984,3573250,0.410708,8700223
1,2021-04-19,65908,5530836,33342,2722747,32552,2528634,14,279455,30216,1394177,0.160246,35386,2209484,0.253957,30411,3603661,0.414203,8700223
1,2021-04-20,85762,5616598,42650,2765397,43092,2571726,20,279475,40698,1390326,0.159803,44791,2254275,0.259105,40940,3644601,0.418909,8700223
1,2021-04-21,92898,5709496,47167,2812564,45637,2617363,94,279569,41950,1382108,0.158859,50471,2304746,0.264907,42253,3686854,0.423765,8700223
1,2021-04-22,94270,5803766,48600,2861164,45654,2663017,16,279585,43408,1375325,0.158079,50419,2355165,0.270702,43636,3730490,0.428781,8700223
1,2021-04-23,99224,5902990,50707,2911871,48492,2711509,25,279610,47507,1371806,0.157675,51271,2406436,0.276595,47752,3778242,0.43427,8700223
1,2021-04-24,74936,5977926,46580,2958451,28331,2739840,25,279635,42556,1382363,0.158888,32278,2438714,0.280305,42835,3821077,0.439193,8700223
1,2021-04-25,26933,6004859,17156,2975607,9766,2749606,11,279646,15427,1386537,0.159368,11396,2450110,0.281615,15570,3836647,0.440983,8700223
1,2021-04-26,64686,6069545,33672,3009279,30613,2780219,401,280047,31037,1384934,0.159184,33380,2483490,0.285451,31777,3868424,0.444635,8700223
1,2021-04-27,78884,6148429,41871,3051150,35753,2815972,1260,281307,34092,1376095,0.158168,44538,2528028,0.29057,35699,3904123,0.448738,8700223
1,2021-04-28,78987,6227416,41524,3092674,35976,2851948,1487,282794,34827,1368768,0.157326,43872,2571900,0.295613,36545,3940668,0.452939,8700223
1,2021-04-29,82091,6309507,44705,3137379,35781,2887729,1605,284399,33780,1356298,0.155892,48016,2619916,0.301132,35546,3976214,0.457024,8700223
1,2021-04-30,88320,6397827,47739,3185118,38769,2926498,1812,286211,36720,1343676,0.154442,51325,2671241,0.307031,38703,4014917,0.461473,8700223
1,2021-05-01,61825,6459652,39997,3225115,20456,2946954,1372,287583,26032,1335692,0.153524,35616,2706857,0.311125,27632,4042549,0.464649,8700223
1,2021-05-02,23169,6482821,16373,3241488,6230,2953184,566,288149,9421,1332060,0.153106,13650,2720507,0.312694,10018,4052567,0.4658,8700223
1,2021-05-03,55109,6537930,30417,3271905,22865,2976049,1827,289976,20354,1319752,0.151692,34544,2755051,0.316664,22236,4074803,0.468356,8700223
1,2021-05-04,72228,6610158,41322,3313227,28874,3004923,2032,292008,25849,1301599,0.149605,46121,2801172,0.321966,27968,4102771,0.471571,8700223
1,2021-05-05,74249,6684407,42696,3355923,29314,3034237,2239,294247,25236,1280423,0.147171,48726,2849898,0.327566,27550,4130321,0.474737,8700223
1,2021-05-06,75916,6760323,45468,3401391,28290,3062527,2158,296405,23824,1254802,0.144226,51762,2901660,0.333516,26141,4156462,0.477742,8700223
1,2021-05-07,79695,6840018,45397,3446788,32156,3094683,2142,298547,26657,1231002,0.141491,52662,2954322,0.339569,28862,4185324,0.481059,8700223
1,2021-05-08,54305,6894323,33865,3480653,18872,3113555,1568,300115,18257,1215155,0.139669,35765,2990087,0.343679,19918,4205242,0.483349,8700223
1,2021-05-09,17646,6911969,12555,3493208,4616,3118171,475,300590,5454,1209002,0.138962,12118,3002205,0.345072,5965,4211207,0.484034,8700223
1,2021-05-10,42077,6954046,21072,3514280,19238,3137409,1767,302357,14134,1197268,0.137613,27728,3029933,0.348259,15994,4227201,0.485873,8700223
1,2021-05-11,59492,7013538,31825,3546105,25565,3162974,2102,304459,19462,1179165,0.135533,39790,3069723,0.352833,21687,4248888,0.488365,8700223
1,2021-05-12,60199,7073737,31890,3577995,26299,3189273,2010,306469,20322,1161968,0.133556,39604,3109327,0.357385,22407,4271295,0.490941,8700223
1,2021-05-13,63453,7137190,36980,3614975,24549,3213822,1924,308393,24338,1149730,0.132149,38785,3148112,0.361843,26547,4297842,0.493992,8700223
1,2021-05-14,73317,7210507,44045,3659020,26961,3240783,2311,310704,29802,1138953,0.130911,43193,3191305,0.366807,32416,4330258,0.497718,8700223
1,2021-05-15,64297,7274804,42123,3701143,20476,3261259,1698,312402,25418,1127514,0.129596,38628,3229933,0.371247,27189,4357447,0.500843,8700223
1,2021-05-16,24011,7298815,17519,3718662,5875,3267134,617,313019,9671,1123606,0.129147,14238,3244171,0.372884,10330,4367777,0.50203,8700223
1,2021-05-17,53516,7352331,32706,3751368,19065,3286199,1745,314764,23058,1118248,0.128531,30223,3274394,0.376357,24865,4392642,0.504888,8700223
1,2021-05-18,63859,7416190,38443,3789811,23605,3309804,1811,316575,28135,1112813,0.127906,35469,3309863,0.380434,30034,4422676,0.508341,8700223
1,2021-05-19,65510,7481700,39934,3829745,23662,3333466,1914,318489,29979,1109524,0.127528,35267,3345130,0.384488,31978,4454654,0.512016,8700223
1,2021-05-20,63068,7544768,36634,3866379,24280,3357746,2154,320643,26599,1102340,0.126702,36164,3381294,0.388645,28980,4483634,0.515347,8700223
1,2021-05-21,69064,7613832,41306,3907685,25912,3383658,1846,322489,29259,1094125,0.125758,39438,3420732,0.393178,31223,4514857,0.518936,8700223
1,2021-05-22,54878,7668710,36277,3943962,16938,3400596,1663,324152,24066,1089402,0.125215,30571,3451303,0.396691,25848,4540705,0.521907,8700223
1,2021-05-23,19414,7688124,13512,3957474,5320,3405916,582,324734,9184,1089071,0.125177,10129,3461432,0.397856,9798,4550503,0.523033,8700223
1,2021-05-24,42271,7730395,23291,3980765,17172,3423088,1808,326542,17130,1083171,0.124499,24916,3486348,0.400719,19016,4569519,0.525219,8700223
1,2021-05-25,50141,7780536,28994,4009759,19500,3442588,1647,328189,21161,1077355,0.123831,28725,3515073,0.404021,22909,4592428,0.527852,8700223
1,2021-05-26,47839,7828375,27143,4036902,18823,3461411,1873,330062,20715,1073175,0.12335,26835,3541908,0.407105,22655,4615083,0.530456,8700223
1,2021-05-27,46443,7874818,26128,4063030,18433,3479844,1882,331944,20543,1070083,0.122995,25633,3567541,0.410052,22541,4637624,0.533047,8700223
1,2021-05-28,51482,7926300,28684,4091714,21029,3500873,1769,333713,23445,1067685,0.122719,27747,3595288,0.413241,25349,4662973,0.53596,8700223
1,2021-05-29,30060,7956360,18216,4109930,10916,3511789,928,334641,14648,1068075,0.122764,15260,3610548,0.414995,15650,4678623,0.537759,8700223
1,2021-05-30,11523,7967883,7458,4117388,3522,3515311,543,335184,5637,1068465,0.122809,5821,3616369,0.415664,6211,4684834,0.538473,8700223
1,2021-05-31,5676,7973559,3235,4120623,2189,3517500,252,335436,2011,1067126,0.122655,3614,3619983,0.416079,2275,4687109,0.538734,8700223
1,2021-06-01,45080,8018639,25551,4146174,18034,3535534,1495,336931,17997,1059925,0.121827,26790,3646773,0.419159,19589,4706698,0.540986,8700223
1,2021-06-02,39421,8058060,22938,4169112,15025,3550559,1458,338389,16407,1055144,0.121278,22739,3669512,0.421772,17958,4724656,0.54305,8700223
1,2021-06-03,40748,8098808,25585,4194697,13528,3564087,1635,340024,16260,1048911,0.120561,24211,3693723,0.424555,17978,4742634,0.545116,8700223
1,2021-06-04,49177,8147985,31651,4226348,15791,3579878,1735,341759,18504,1038880,0.119408,30364,3724087,0.428045,20333,4762967,0.547453,8700223
1,2021-06-05,39470,8187455,26992,4253340,10561,3590439,1917,343676,14422,1030441,0.118438,24839,3748926,0.4309,16400,4779367,0.549338,8700223
1,2021-06-06,12836,8200291,10278,4263618,2067,3592506,491,344167,4712,1027666,0.11812,8049,3756975,0.431825,5274,4784641,0.549945,8700223
1,2021-06-07,33467,8233758,23131,4286749,9009,3601515,1327,345494,12131,1020049,0.117244,21142,3778117,0.434255,13525,4798166,0.551499,8700223
1,2021-06-08,41431,8275189,28743,4315492,11114,3612629,1574,347068,14792,1010141,0.116105,26397,3804514,0.437289,16489,4814655,0.553394,8700223
1,2021-06-09,41390,8316579,28875,4344367,10941,3623570,1574,348642,13559,997811,0.114688,27559,3832073,0.440457,15229,4829884,0.555145,8700223
1,2021-06-10,37865,8354444,25575,4369942,10724,3634294,1566,350208,13138,988132,0.113575,24512,3856585,0.443274,14833,4844717,0.55685,8700223
1,2021-06-11,42699,8397143,28436,4398378,12666,3646960,1597,351805,15185,977770,0.112384,27242,3883827,0.446405,16880,4861597,0.55879,8700223
1,2021-06-12,32512,8429655,23497,4421875,7865,3654825,1150,352955,10475,967632,0.111219,21839,3905666,0.448916,11701,4873298,0.560135,8700223
1,2021-06-13,11317,8440972,8175,4430050,2681,3657506,461,353416,3347,963575,0.110753,7907,3913573,0.449824,3850,4877148,0.560577,8700223
1,2021-06-14,26275,8467247,16776,4446826,8342,3665848,1157,354573,9567,957793,0.110088,16555,3930128,0.451727,10773,4887921,0.561816,8700223
1,2021-06-15,34744,8501991,22997,4469823,10330,3676178,1417,355990,12982,950757,0.10928,21540,3951668,0.454203,14504,4902425,0.563483,8700223
1,2021-06-16,16899,8518890,11518,4481341,4408,3680586,973,356963,5821,946651,0.108808,10954,3962622,0.455462,6848,4909273,0.56427,8700223
2,2020-12-15,240,240,240,240,0,0,0,0,240,240,2.9e-05,0,0,0.0,240,240,2.9e-05,8407551
2,2020-12-16,2074,2314,2074,2314,0,0,0,0,2073,2313,0.000275,0,0,0.0,2073,2313,0.000275,8407551
2,2020-12-17,6826,9140,6826,9140,0,0,0,0,6827,9140,0.001087,0,0,0.0,6827,9140,0.001087,8407551
2,2020-12-18,11065,20205,11038,20178,27,27,0,0,11056,20187,0.002401,9,9,1e-06,11056,20196,0.002402,8407551
2,2020-12-19,5589,25794,5583,25761,6,33,0,0,5590,25777,0.003066,0,9,1e-06,5590,25786,0.003067,8407551
2,2020-12-20,4215,30009,4206,29967,9,42,0,0,4211,29988,0.003567,0,9,1e-06,4211,29997,0.003568,8407551
2,2020-12-21,12784,42793,12756,42723,28,70,0,0,12736,42721,0.005081,3,12,1e-06,12736,42733,0.005083,8407551
2,2020-12-22,12128,54921,11614,54337,514,584,0,0,12126,54846,0.006523,1,13,2e-06,12126,54859,0.006525,8407551
2,2020-12-23,11694,66615,9475,63812,2219,2803,0,0,11696,66541,0.007914,2,15,2e-06,11697,66556,0.007916,8407551
2,2020-12-24,5866,72481,3497,67309,2369,5172,0,0,5862,72402,0.008612,3,18,2e-06,5864,72420,0.008614,8407551
2,2020-12-25,480,72961,402,67711,78,5250,0,0,481,72883,0.008669,0,18,2e-06,481,72901,0.008671,8407551
2,2020-12-26,2564,75525,1667,69378,897,6147,0,0,2565,75447,0.008974,1,19,2e-06,2565,75466,0.008976,8407551
2,2020-12-27,2224,77749,1208,70586,1016,7163,0,0,2221,77666,0.009238,2,21,2e-06,2221,77687,0.00924,8407551
2,2020-12-28,10992,88741,7150,77736,3842,11005,0,0,10989,88651,0.010544,4,25,3e-06,10989,88676,0.010547,8407551
2,2020-12-29,12694,101435,7152,84888,5542,16547,0,0,12698,101348,0.012054,1,26,3e-06,12698,101374,0.012057,8407551
2,2020-12-30,15379,116814,8646,93534,6733,23280,0,0,15389,116731,0.013884,8,34,4e-06,15391,116765,0.013888,8407551
2,2020-12-31,7550,124364,2827,96361,4723,28003,0,0,7542,124267,0.01478,6,40,5e-06,7542,124307,0.014785,8407551
2,2021-01-01,1166,125530,565,96926,601,28604,0,0,1165,125429,0.014919,3,43,5e-06,1165,125472,0.014924,8407551
2,2021-01-02,4827,130357,2749,99675,2078,30682,0,0,4825,130254,0.015493,0,43,5e-06,4825,130297,0.015498,8407551
2,2021-01-03,1381,131738,787,100462,594,31276,0,0,1376,131627,0.015656,3,46,5e-06,1376,131673,0.015661,8407551
2,2021-01-04,11636,143374,5559,106021,6077,37353,0,0,11623,143245,0.017038,5,51,6e-06,11623,143296,0.017044,8407551
2,2021-01-05,13874,157248,6909,112930,6965,44318,0,0,12676,154741,0.018405,1189,1240,0.000147,12685,155981,0.018552,8407551
2,2021-01-06,18970,176218,10458,123388,8512,52830,0,0,15216,166259,0.019775,3703,4943,0.000588,15221,171202,0.020363,8407551
2,2021-01-07,22979,199197,12905,136293,10074,62904,0,0,15549,174387,0.020742,7436,12379,0.001472,15564,186766,0.022214,8407551
2,2021-01-08,26416,225613,15971,152264,10445,73349,0,0,16308,180661,0.021488,10052,22431,0.002668,16326,203092,0.024156,8407551
2,2021-01-09,9739,235352,5668,157932,4071,77420,0,0,6237,183390,0.021813,3514,25945,0.003086,6243,209335,0.024898,8407551
2,2021-01-10,5261,240613,2926,160858,2335,79755,0,0,3039,184197,0.021909,2237,28182,0.003352,3044,212379,0.025261,8407551
2,2021-01-11,25987,266600,17837,178695,8150,87905,0,0,15005,188240,0.022389,10983,39165,0.004658,15026,227405,0.027048,8407551
2,2021-01-12,26283,292883,16306,195001,9977,97882,0,0,16692,195392,0.02324,9585,48750,0.005798,16737,244142,0.029038,8407551
2,2021-01-13,28498,321381,15111,210112,13387,111269,0,0,20524,207985,0.024738,7960,56710,0.006745,20553,264695,0.031483,8407551
2,2021-01-14,30370,351751,11566,221678,18804,130073,0,0,26118,229849,0.027338,4271,60981,0.007253,26135,290830,0.034592,8407551
2,2021-01-15,35098,386849,12749,234427,22349,152422,0,0,31797,258387,0.030733,3288,64269,0.007644,31826,322656,0.038377,8407551
2,2021-01-16,17886,404735,5886,240313,12000,164422,0,0,16558,273607,0.032543,1351,65620,0.007805,16571,339227,0.040348,8407551
2,2021-01-17,10565,415300,3567,243880,6998,171420,0,0,9850,282725,0.033628,740,66360,0.007893,9858,349085,0.04152,8407551
2,2021-01-18,19722,435022,11023,254903,8699,180119,0,0,14920,292841,0.034831,4819,71179,0.008466,14935,364020,0.043297,8407551
2,2021-01-19,32468,467490,16957,271860,15511,195630,0,0,24482,309452,0.036806,7987,79166,0.009416,24598,388618,0.046222,8407551
2,2021-01-20,37150,504640,18592,290452,18558,214188,0,0,28515,329454,0.039185,8606,87772,0.01044,28608,417226,0.049625,8407551
2,2021-01-21,40732,545372,17274,307726,23458,237646,0,0,36239,361342,0.042978,4458,92230,0.01097,36346,453572,0.053948,8407551
2,2021-01-22,39320,584692,16434,324160,22886,260532,0,0,35996,394038,0.046867,3323,95553,0.011365,36019,489591,0.058232,8407551
2,2021-01-23,24075,608767,10817,334977,13258,273790,0,0,21118,412239,0.049032,2934,98487,0.011714,21135,510726,0.060746,8407551
2,2021-01-24,12434,621201,6150,341127,6284,280074,0,0,11514,422855,0.050295,906,99393,0.011822,11522,522248,0.062117,8407551
2,2021-01-25,33849,655050,15571,356698,18278,298352,0,0,25059,439242,0.052244,8725,108118,0.01286,25112,547360,0.065103,8407551
2,2021-01-26,40181,695231,19732,376430,20449,318801,0,0,31164,461499,0.054891,8976,117094,0.013927,31233,578593,0.068818,8407551
2,2021-01-27,45498,740729,22735,399165,22763,341564,0,0,35409,487004,0.057925,9963,127057,0.015112,35468,614061,0.073037,8407551
2,2021-01-28,47924,788653,22555,421720,25369,366933,0,0,39300,517800,0.061587,8550,135607,0.016129,39346,653407,0.077717,8407551
2,2021-01-29,45552,834205,22131,443851,23421,390354,0,0,36909,546222,0.064968,8519,144126,0.017142,36941,690348,0.08211,8407551
2,2021-01-30,31208,865413,13510,457361,17698,408052,0,0,27885,570843,0.067896,3283,147409,0.017533,27904,718252,0.085429,8407551
2,2021-01-31,17188,882601,10279,467640,6909,414961,0,0,16026,585743,0.069669,1145,148554,0.017669,16045,734297,0.087338,8407551
2,2021-02-01,40852,923453,19724,487364,21128,436089,0,0,30065,605106,0.071972,10743,159297,0.018947,30106,764403,0.090919,8407551
2,2021-02-02,47547,971000,19353,506717,28194,464283,0,0,36208,630147,0.07495,11262,170559,0.020286,36303,800706,0.095237,8407551
2,2021-02-03,53827,1024827,23881,530598,29946,494229,0,0,39800,656113,0.078039,13922,184481,0.021942,39888,840594,0.099981,8407551
2,2021-02-04,55824,1080651,24106,554704,31718,525947,0,0,40802,682084,0.081128,14921,199402,0.023717,40892,881486,0.104845,8407551
2,2021-02-05,59612,1140263,26211,580915,33401,559348,0,0,40321,703483,0.083673,19091,218493,0.025988,40490,921976,0.10966,8407551
2,2021-02-06,38905,1179168,18169,599084,20736,580084,0,0,31070,726873,0.086455,7765,226258,0.026911,31155,953131,0.113366,8407551
2,2021-02-07,15654,1194822,10394,609478,5260,585344,0,0,11883,735076,0.08743,3747,230005,0.027357,11950,965081,0.114787,8407551
2,2021-02-08,42991,1237813,21991,631469,21000,606344,0,0,29454,751359,0.089367,13363,243368,0.028946,29646,994727,0.118314,8407551
2,2021-02-09,49213,1287026,23317,654786,25896,632240,0,0,30586,763887,0.090857,18383,261751,0.031133,30911,1025638,0.12199,8407551
2,2021-02-10,59215,1346241,27830,682616,31385,663625,0,0,34491,774290,0.092095,24443,286194,0.03404,34846,1060484,0.126135,8407551
2,2021-02-11,63882,1410123,29485,712101,34397,698022,0,0,35866,783077,0.09314,27568,313762,0.037319,36355,1096839,0.130459,8407551
2,2021-02-12,64975,1475098,28037,740138,36938,734960,0,0,34645,788375,0.09377,29999,343761,0.040887,35297,1132136,0.134657,8407551
2,2021-02-13,37559,1512657,15715,755853,21844,756804,0,0,21732,794744,0.094527,15739,359500,0.042759,22108,1154244,0.137287,8407551
2,2021-02-14,19870,1532527,9275,765128,10595,767399,0,0,11143,797562,0.094863,8685,368185,0.043792,11503,1165747,0.138655,8407551
2,2021-02-15,32916,1565443,14850,779978,18066,785465,0,0,18280,802220,0.095417,14474,382659,0.045514,19132,1184879,0.14093,8407551
2,2021-02-16,55835,1621278,27463,807441,28372,813837,0,0,29477,806104,0.095879,26265,408924,0.048638,30149,1215028,0.144516,8407551
2,2021-02-17,61291,1682569,31601,839042,29690,843527,0,0,30517,806779,0.095959,30663,439587,0.052285,31338,1246366,0.148244,8407551
2,2021-02-18,65969,1748538,33392,872434,32577,876104,0,0,32170,806624,0.09594,33448,473035,0.056263,33293,1279659,0.152204,8407551
2,2021-02-19,58950,1807488,32669,905103,26281,902385,0,0,29301,807057,0.095992,29465,502500,0.059768,29898,1309557,0.15576,8407551
2,2021-02-20,37029,1844517,24094,929197,12935,915320,0,0,20263,811331,0.0965,16670,519170,0.06175,20944,1330501,0.158251,8407551
2,2021-02-21,20580,1865097,17105,946302,3475,918795,0,0,9978,811592,0.096531,10519,529689,0.063002,10780,1341281,0.159533,8407551
2,2021-02-22,37495,1902592,25615,971917,11880,930675,0,0,18014,810904,0.096449,19382,549071,0.065307,18694,1359975,0.161756,8407551
2,2021-02-23,51637,1954229,26390,998307,25247,955922,0,0,22848,807088,0.095996,28561,577632,0.068704,24745,1384720,0.1647,8407551
2,2021-02-24,68335,2022564,35166,1033473,33169,989091,0,0,31614,804513,0.095689,36548,614180,0.073051,33973,1418693,0.16874,8407551
2,2021-02-25,74187,2096751,34956,1068429,39231,1028322,0,0,37907,809173,0.096244,36053,650233,0.077339,40713,1459406,0.173583,8407551
2,2021-02-26,82504,2179255,35179,1103608,47325,1075647,0,0,44763,818671,0.097373,37460,687693,0.081795,46958,1506364,0.179168,8407551
2,2021-02-27,60089,2239344,27795,1131403,32287,1107934,7,7,32922,825973,0.098242,26952,714645,0.085,34254,1540618,0.183242,8407551
2,2021-02-28,29543,2268887,17726,1149129,11816,1119750,1,8,17508,832371,0.099003,11941,726586,0.086421,18339,1558957,0.185423,8407551
2,2021-03-01,56439,2325326,29686,1178815,26722,1146472,31,39,31015,839517,0.099853,25086,751672,0.089404,32232,1591189,0.189257,8407551
2,2021-03-02,67579,2392905,32544,1211359,35029,1181501,6,45,38349,851160,0.101238,29054,780726,0.09286,40697,1631886,0.194098,8407551
2,2021-03-03,79482,2472387,38530,1249889,40939,1222440,13,58,45069,864581,0.102834,34219,814945,0.09693,47640,1679526,0.199764,8407551
2,2021-03-04,87171,2559558,42886,1292775,44255,1266695,30,88,50499,881050,0.104793,36441,851386,0.101264,52910,1732436,0.206057,8407551
2,2021-03-05,80497,2640055,38120,1330895,42075,1308770,302,390,49487,902440,0.107337,30778,882164,0.104925,52168,1784604,0.212262,8407551
2,2021-03-06,62497,2702552,30550,1361445,30258,1339028,1689,2079,38537,920291,0.10946,23822,905986,0.107759,41673,1826277,0.217219,8407551
2,2021-03-07,27475,2730027,16080,1377525,10426,1349454,969,3048,17767,930488,0.110673,9650,915636,0.108906,19847,1846124,0.219579,8407551
2,2021-03-08,49741,2779768,22896,1400421,24392,1373846,2453,5501,31517,947985,0.112754,18118,933754,0.111061,35615,1881739,0.223815,8407551
2,2021-03-09,69511,2849279,31849,1432270,33899,1407745,3763,9264,38795,961334,0.114342,30568,964322,0.114697,43917,1925656,0.229039,8407551
2,2021-03-10,77350,2926629,36755,1469025,34066,1441811,6529,15793,41319,974834,0.115947,35704,1000026,0.118944,49204,1974860,0.234891,8407551
2,2021-03-11,92193,3018822,42565,1511590,41298,1483109,8330,24123,48460,989696,0.117715,43341,1043367,0.124099,58203,2033063,0.241814,8407551
2,2021-03-12,93263,3112085,38472,1550062,42809,1525918,11982,36105,46741,1003595,0.119368,46274,1089641,0.129603,60173,2093236,0.248971,8407551
2,2021-03-13,68374,3180459,28811,1578873,31606,1557524,7957,44062,37673,1019956,0.121314,30582,1120223,0.13324,46943,2140179,0.254554,8407551
2,2021-03-14,36543,3217002,18264,1597137,13759,1571283,4520,48582,18629,1026036,0.122037,17832,1138055,0.135361,23912,2164091,0.257398,8407551
2,2021-03-15,66938,3283940,30247,1627384,31684,1602967,5007,53589,37150,1039694,0.123662,29602,1167657,0.138882,43260,2207351,0.262544,8407551
2,2021-03-16,85756,3369696,38003,1665387,43771,1646738,3982,57571,52268,1063753,0.126524,33324,1200981,0.142846,57383,2264734,0.269369,8407551
2,2021-03-17,92083,3461779,44220,1709607,43691,1690429,4172,61743,58685,1094340,0.130162,33121,1234102,0.146785,63708,2328442,0.276947,8407551
2,2021-03-18,97065,3558844,46340,1755947,46232,1736661,4493,66236,59593,1121814,0.133429,37184,1271286,0.151208,64658,2393100,0.284637,8407551
2,2021-03-19,96834,3655678,45764,1801711,44962,1781623,6108,72344,57820,1147673,0.136505,38605,1309891,0.155799,64464,2457564,0.292304,8407551
2,2021-03-20,69533,3725211,33708,1835419,31886,1813509,3939,76283,45728,1174138,0.139653,23572,1333463,0.158603,50037,2507601,0.298256,8407551
2,2021-03-21,33017,3758228,21375,1856794,9658,1823167,1984,78267,20400,1184478,0.140883,12477,1345940,0.160087,22817,2530418,0.30097,8407551
2,2021-03-22,62412,3820640,34266,1891060,25500,1848667,2646,80913,41595,1209041,0.143804,20580,1366520,0.162535,45143,2575561,0.306339,8407551
2,2021-03-23,83074,3903714,44099,1935159,36071,1884738,2904,83817,52191,1234348,0.146814,30629,1397149,0.166178,55936,2631497,0.312992,8407551
2,2021-03-24,91224,3994938,49043,1984202,39028,1923766,3153,86970,53972,1255333,0.14931,36964,1434113,0.170574,57949,2689446,0.319885,8407551
2,2021-03-25,100783,4095721,50832,2035034,46053,1969819,3898,90868,57391,1274338,0.151571,43050,1477163,0.175695,62055,2751501,0.327265,8407551
2,2021-03-26,102842,4198563,51114,2086148,48235,2018054,3493,94361,56704,1289800,0.15341,45794,1522957,0.181142,61256,2812757,0.334551,8407551
2,2021-03-27,75220,4273783,37558,2123706,34369,2052423,3293,97654,37973,1294909,0.154017,37021,1559978,0.185545,42130,2854887,0.339562,8407551
2,2021-03-28,37493,4311276,23148,2146854,13538,2065961,807,98461,20247,1299647,0.154581,17119,1577097,0.187581,21857,2876744,0.342162,8407551
2,2021-03-29,70841,4382117,36104,2182958,32468,2098429,2269,100730,40592,1313336,0.156209,30073,1607170,0.191158,43762,2920506,0.347367,8407551
2,2021-03-30,91450,4473567,44811,2227769,42281,2140710,4358,105088,51648,1330341,0.158232,39609,1646779,0.195869,56614,2977120,0.354101,8407551
2,2021-03-31,100784,4574351,52025,2279794,43680,2184390,5079,110167,57545,1350358,0.160613,42958,1689737,0.200979,62975,3040095,0.361591,8407551
2,2021-04-01,117033,4691384,56593,2336387,51296,2235686,9144,119311,64064,1371400,0.163115,52612,1742349,0.207236,73654,3113749,0.370351,8407551
2,2021-04-02,111168,4802552,51353,2387740,49723,2285409,10092,129403,60125,1391404,0.165495,50694,1793043,0.213266,70698,3184447,0.37876,8407551
2,2021-04-03,76488,4879040,37512,2425252,29181,2314590,9795,139198,38079,1401466,0.166691,38209,1831252,0.21781,48271,3232718,0.384502,8407551
2,2021-04-04,29018,4908058,14926,2440178,10243,2324833,3849,143047,13106,1402629,0.16683,15828,1847080,0.219693,16991,3249709,0.386523,8407551
2,2021-04-05,78724,4986782,38660,2478838,31322,2356155,8742,151789,38375,1410321,0.167745,40198,1887278,0.224474,47890,3297599,0.392219,8407551
2,2021-04-06,103400,5090182,50380,2529218,38344,2394499,14676,166465,49263,1420787,0.168989,53897,1941175,0.230885,64363,3361962,0.399874,8407551
2,2021-04-07,110014,5200196,54920,2584138,38923,2433422,16171,182636,52090,1431691,0.170286,57660,1998835,0.237743,68564,3430526,0.408029,8407551
2,2021-04-08,119015,5319211,57301,2641439,43048,2476470,18666,201302,55439,1443183,0.171653,63234,2062069,0.245264,74726,3505252,0.416917,8407551
2,2021-04-09,118276,5437487,56967,2698406,43297,2519767,18012,219314,56126,1456425,0.173228,61800,2123869,0.252614,75042,3580294,0.425843,8407551
2,2021-04-10,87070,5524557,37754,2736160,30988,2550755,18328,237642,36076,1460768,0.173745,50753,2174622,0.258651,55096,3635390,0.432396,8407551
2,2021-04-11,44239,5568796,22948,2759108,12762,2563517,8529,246171,18116,1462154,0.17391,25993,2200615,0.261743,27379,3662769,0.435652,8407551
2,2021-04-12,79642,5648438,37136,2796244,33181,2596698,9325,255496,35751,1464617,0.174203,43630,2244245,0.266932,46093,3708862,0.441135,8407551
2,2021-04-13,101517,5749955,52668,2848912,48587,2645285,262,255758,55817,1476169,0.175577,45459,2289704,0.272339,57011,3765873,0.447916,8407551
2,2021-04-14,106390,5856345,55709,2904621,50631,2695916,50,255808,54759,1481115,0.176165,51365,2341069,0.278448,56311,3822184,0.454613,8407551
2,2021-04-15,112897,5969242,59998,2964619,52822,2748738,77,255885,59494,1488806,0.17708,53061,2394130,0.284759,60752,3882936,0.461839,8407551
2,2021-04-16,109885,6079127,57018,3021637,52817,2801555,50,255935,56132,1492512,0.17752,53475,2447605,0.29112,57181,3940117,0.46864,8407551
2,2021-04-17,82679,6161806,42021,3063658,40639,2842194,19,255954,46435,1503909,0.178876,36030,2483635,0.295405,47427,3987544,0.474281,8407551
2,2021-04-18,34168,6195974,20473,3084131,13689,2855883,6,255960,16364,1503605,0.17884,17688,2501323,0.297509,17384,4004928,0.476349,8407551
2,2021-04-19,74079,6270053,39954,3124085,34113,2889996,12,255972,34031,1498481,0.17823,39817,2541140,0.302245,34693,4039621,0.480475,8407551
2,2021-04-20,94987,6365040,47432,3171517,47532,2937528,23,255995,46336,1497261,0.178085,48354,2589494,0.307996,47134,4086755,0.486081,8407551
2,2021-04-21,99283,6464323,52571,3224088,46658,2984186,54,256049,47080,1493428,0.177629,51850,2641344,0.314163,48017,4134772,0.491793,8407551
2,2021-04-22,105548,6569871,54046,3278134,51481,3035667,21,256070,46336,1481796,0.176246,58867,2700211,0.321165,47235,4182007,0.497411,8407551
2,2021-04-23,104896,6674767,55239,3333373,49640,3085307,17,256087,48553,1475294,0.175473,55990,2756201,0.327824,49488,4231495,0.503297,8407551
2,2021-04-24,79586,6754353,46988,3380361,32559,3117866,39,256126,41597,1480189,0.176055,37671,2793872,0.332305,42566,4274061,0.50836,8407551
2,2021-04-25,36085,6790438,22291,3402652,13780,3131646,14,256140,19714,1484144,0.176525,16234,2810106,0.334236,20189,4294250,0.510761,8407551
2,2021-04-26,72465,6862903,39876,3442528,32293,3163939,296,256436,33493,1480671,0.176112,38735,2848841,0.338843,35262,4329512,0.514955,8407551
2,2021-04-27,86618,6949521,45346,3487874,39917,3203856,1355,257791,37229,1471454,0.175016,49059,2897900,0.344678,39842,4369354,0.519694,8407551
2,2021-04-28,85930,7035451,45479,3533353,38605,3242461,1846,259637,37962,1464479,0.174186,47683,2945583,0.35035,40708,4410062,0.524536,8407551
2,2021-04-29,88770,7124221,47858,3581211,39220,3281681,1692,261329,34432,1447189,0.17213,54008,2999591,0.356773,36718,4446780,0.528903,8407551
2,2021-04-30,92155,7216376,50666,3631877,39513,3321194,1976,263305,35614,1429276,0.169999,56151,3055742,0.363452,38238,4485018,0.533451,8407551
2,2021-05-01,61499,7277875,37606,3669483,22342,3343536,1551,264856,23957,1418357,0.1687,37271,3093013,0.367885,26352,4511370,0.536586,8407551
2,2021-05-02,29044,7306919,20131,3689614,7939,3351475,974,265830,11048,1412589,0.168014,17878,3110891,0.370012,12110,4523480,0.538026,8407551
2,2021-05-03,59622,7366541,35291,3724905,22299,3373774,2032,267862,20068,1395639,0.165998,39311,3150202,0.374687,22361,4545841,0.540686,8407551
2,2021-05-04,77825,7444366,46090,3770995,29375,3403149,2360,270222,25401,1371681,0.163149,52114,3202316,0.380886,28156,4573997,0.544034,8407551
2,2021-05-05,78089,7522455,46098,3817093,29651,3432800,2340,272562,24416,1345459,0.16003,53320,3255636,0.387228,27098,4601095,0.547257,8407551
2,2021-05-06,80586,7603041,48433,3865526,29248,3462048,2905,275467,24645,1318123,0.156778,55519,3311155,0.393831,28183,4629278,0.55061,8407551
2,2021-05-07,81658,7684699,46967,3912493,32274,3494322,2417,277884,25165,1289986,0.153432,56167,3367322,0.400512,28030,4657308,0.553943,8407551
2,2021-05-08,53366,7738065,32168,3944661,19499,3513821,1699,279583,16786,1272829,0.151391,36366,3403688,0.404837,19209,4676517,0.556228,8407551
2,2021-05-09,21274,7759339,15276,3959937,5260,3519081,738,280321,6395,1265388,0.150506,14804,3418492,0.406598,7363,4683880,0.557104,8407551
2,2021-05-10,48810,7808149,26449,3986386,20509,3539590,1852,282173,13947,1247155,0.148337,34643,3453135,0.410718,16410,4700290,0.559056,8407551
2,2021-05-11,63567,7871716,33749,4020135,27736,3567326,2082,284255,19293,1225211,0.145727,44011,3497146,0.415953,22067,4722357,0.56168,8407551
2,2021-05-12,63386,7935102,33727,4053862,27475,3594801,2184,286439,19482,1203652,0.143163,43640,3540786,0.421144,22081,4744438,0.564307,8407551
2,2021-05-13,68487,8003589,39916,4093778,26666,3621467,1905,288344,25557,1189189,0.141443,42682,3583468,0.42622,28219,4772657,0.567663,8407551
2,2021-05-14,77458,8081047,46227,4140005,29014,3650481,2217,290561,30121,1175161,0.139774,47015,3630483,0.431812,32987,4805644,0.571587,8407551
2,2021-05-15,65080,8146127,42732,4182737,20647,3671128,1701,292262,25188,1162747,0.138298,39671,3670154,0.436531,27257,4832901,0.574829,8407551
2,2021-05-16,30586,8176713,22777,4205514,6890,3678018,919,293181,12366,1158057,0.13774,18103,3688257,0.438684,13413,4846314,0.576424,8407551
2,2021-05-17,57153,8233866,36242,4241756,18983,3697001,1928,295109,22867,1149139,0.136679,34080,3722337,0.442737,25162,4871476,0.579417,8407551
2,2021-05-18,69151,8303017,40362,4282118,26840,3723841,1949,297058,27832,1138390,0.135401,41076,3763413,0.447623,30327,4901803,0.583024,8407551
2,2021-05-19,67828,8370845,40185,4322303,25675,3749516,1968,299026,27541,1128353,0.134207,40011,3803424,0.452382,29974,4931777,0.586589,8407551
2,2021-05-20,68129,8438974,39462,4361765,26512,3776028,2155,301181,26429,1116229,0.132765,41399,3844823,0.457306,29275,4961052,0.590071,8407551
2,2021-05-21,71535,8510509,42262,4404027,27144,3803172,2129,303310,28027,1103855,0.131293,43189,3888012,0.462443,30815,4991867,0.593736,8407551
2,2021-05-22,52400,8562909,33129,4437156,17553,3820725,1718,305028,21765,1097556,0.130544,30432,3918444,0.466062,24133,5016000,0.596607,8407551
2,2021-05-23,23235,8586144,15809,4452965,6706,3827431,720,305748,9987,1095325,0.130279,13138,3931582,0.467625,10907,5026907,0.597904,8407551
2,2021-05-24,43247,8629391,24286,4477251,17224,3844655,1737,307485,16508,1087384,0.129334,26527,3958109,0.47078,18586,5045493,0.600114,8407551
2,2021-05-25,50166,8679557,29476,4506727,18848,3863503,1842,309327,19376,1078636,0.128294,30507,3988616,0.474409,21759,5067252,0.602702,8407551
2,2021-05-26,48147,8727704,27046,4533773,19437,3882940,1664,310991,19194,1071262,0.127417,28647,4017263,0.477816,21273,5088525,0.605233,8407551
2,2021-05-27,46138,8773842,26163,4559936,18257,3901197,1718,312709,18803,1065209,0.126697,27110,4044373,0.481041,21057,5109582,0.607737,8407551
2,2021-05-28,49392,8823234,27358,4587294,20096,3921293,1938,314647,21039,1060592,0.126148,28114,4072487,0.484384,23497,5133079,0.610532,8407551
2,2021-05-29,28654,8851888,17158,4604452,10456,3931749,1040,315687,13412,1060151,0.126095,15102,4087589,0.486181,14661,5147740,0.612276,8407551
2,2021-05-30,12498,8864386,8047,4612499,3695,3935444,756,316443,5599,1059741,0.126046,6856,4094445,0.486996,6446,5154186,0.613042,8407551
2,2021-05-31,5866,8870252,3429,4615928,2135,3937579,302,316745,1857,1057994,0.125839,3968,4098413,0.487468,2221,5156407,0.613307,8407551
2,2021-06-01,44208,8914460,25478,4641406,17158,3954737,1572,318317,16177,1048410,0.124699,27762,4126175,0.49077,18178,5174585,0.615469,8407551
2,2021-06-02,37695,8952155,22160,4663566,14145,3968882,1390,319707,15143,1042974,0.124052,22313,4148488,0.493424,16877,5191462,0.617476,8407551
2,2021-06-03,40898,8993053,26353,4689919,13105,3981987,1440,321147,14195,1032551,0.122812,26484,4174972,0.496574,16061,5207523,0.619386,8407551
2,2021-06-04,47353,9040406,30920,4720839,14910,3996897,1523,322670,15837,1019233,0.121228,31253,4206225,0.500291,17935,5225458,0.62152,8407551
2,2021-06-05,37282,9077688,26627,4747466,9235,4006132,1420,324090,11998,1008054,0.119899,25070,4231295,0.503273,13891,5239349,0.623172,8407551
2,2021-06-06,14600,9092288,11967,4759433,2054,4008186,579,324669,4943,1004203,0.119441,9596,4240891,0.504415,5745,5245094,0.623855,8407551
2,2021-06-07,32745,9125033,22948,4782381,8538,4016724,1259,325928,10843,994840,0.118327,21771,4262662,0.507004,12408,5257502,0.625331,8407551
2,2021-06-08,40080,9165113,28445,4810826,10276,4027000,1359,327287,12643,982096,0.116811,27201,4289863,0.510239,14457,5271959,0.62705,8407551
2,2021-06-09,37483,9202596,26237,4837063,9774,4036774,1472,328759,11393,969465,0.115309,25911,4315774,0.513321,13280,5285239,0.62863,8407551
2,2021-06-10,36841,9239437,25719,4862782,9651,4046425,1471,330230,11527,957870,0.11393,25124,4340898,0.516309,13529,5298768,0.630239,8407551
2,2021-06-11,40179,9279616,26684,4889466,11876,4058301,1619,331849,12943,945795,0.112494,26992,4367890,0.51952,14917,5313685,0.632013,8407551
2,2021-06-12,28768,9308384,21180,4910646,6683,4064984,905,332754,8497,935289,0.111244,20162,4388052,0.521918,9656,5323341,0.633162,8407551
2,2021-06-13,11964,9320348,8724,4919370,2653,4067637,587,333341,3132,930437,0.110667,8770,4396822,0.522961,3918,5327259,0.633628,8407551
2,2021-06-14,25401,9345749,17190,4936560,7123,4074760,1088,334429,8512,923539,0.109846,16752,4413574,0.524954,9854,5337113,0.6348,8407551
2,2021-06-15,33809,9379558,22526,4959086,9461,4084221,1822,336251,11707,915614,0.108904,21895,4435469,0.527558,13970,5351083,0.636462,8407551
2,2021-06-16,16684,9396242,11377,4970463,4164,4088385,1143,337394,5365,911183,0.108377,11241,4446710,0.528895,6810,5357893,0.637272,8407551
3,2020-12-15,304,304,304,304,0,0,0,0,304,304,3.7e-05,0,0,0.0,304,304,3.7e-05,8129050
3,2020-12-16,2307,2611,2307,2611,0,0,0,0,2308,2612,0.000321,0,0,0.0,2308,2612,0.000321,8129050
3,2020-12-17,7798,10409,7798,10409,0,0,0,0,7798,10410,0.001281,0,0,0.0,7798,10410,0.001281,8129050
3,2020-12-18,13372,23781,13349,23758,23,23,0,0,13362,23762,0.002923,10,10,1e-06,13362,23772,0.002924,8129050
3,2020-12-19,7185,30966,7174,30932,11,34,0,0,7249,31011,0.003815,0,10,1e-06,7249,31021,0.003816,8129050
3,2020-12-20,5629,36595,5622,36554,7,41,0,0,5675,36684,0.004513,2,12,1e-06,5675,36696,0.004514,8129050
3,2020-12-21,14354,50949,14327,50881,27,68,0,0,14415,51096,0.006286,3,15,2e-06,14415,51111,0.006287,8129050
3,2020-12-22,14766,65715,14189,65070,577,645,0,0,14804,65899,0.008107,1,16,2e-06,14804,65915,0.008109,8129050
3,2020-12-23,14760,80475,12165,77235,2595,3240,0,0,14786,80685,0.009926,1,17,2e-06,14787,80702,0.009928,8129050
3,2020-12-24,6780,87255,4854,82089,1926,5166,0,0,6778,87462,0.010759,1,18,2e-06,6778,87480,0.010761,8129050
3,2020-12-25,722,87977,665,82754,57,5223,0,0,721,88183,0.010848,0,18,2e-06,721,88201,0.01085,8129050
3,2020-12-26,4599,92576,2987,85741,1612,6835,0,0,4597,92780,0.011413,0,18,2e-06,4597,92798,0.011416,8129050
3,2020-12-27,2976,95552,1850,87591,1126,7961,0,0,2976,95756,0.011779,0,18,2e-06,2976,95774,0.011782,8129050
3,2020-12-28,13580,109132,8686,96277,4894,12855,0,0,13606,109361,0.013453,1,19,2e-06,13606,109380,0.013455,8129050
3,2020-12-29,14982,124114,8447,104724,6535,19390,0,0,15009,124368,0.015299,2,21,3e-06,15009,124389,0.015302,8129050
3,2020-12-30,17985,142099,10016,114740,7969,27359,0,0,17972,142339,0.01751,2,23,3e-06,17973,142362,0.017513,8129050
3,2020-12-31,8420,150519,3231,117971,5189,32548,0,0,8420,150758,0.018546,1,24,3e-06,8420,150782,0.018549,8129050
3,2021-01-01,1311,151830,607,118578,704,33252,0,0,1308,152065,0.018706,1,25,3e-06,1308,152090,0.018709,8129050
3,2021-01-02,4936,156766,2420,120998,2516,35768,0,0,4936,157001,0.019314,0,25,3e-06,4936,157026,0.019317,8129050
3,2021-01-03,1607,158373,842,121840,765,36533,0,0,1597,158594,0.01951,4,29,4e-06,1597,158623,0.019513,8129050
3,2021-01-04,11978,170351,5962,127802,6016,42549,0,0,11951,170537,0.020979,8,37,5e-06,11951,170574,0.020983,8129050
3,2021-01-05,15662,186013,8093,135895,7569,50118,0,0,14048,182990,0.022511,1602,1639,0.000202,14055,184629,0.022712,8129050
3,2021-01-06,20514,206527,10826,146721,9688,59806,0,0,16048,194620,0.023941,4426,6065,0.000746,16056,200685,0.024687,8129050
3,2021-01-07,26452,232979,15094,161815,11358,71164,0,0,17138,202489,0.024909,9285,15350,0.001888,17154,217839,0.026798,8129050
3,2021-01-08,30371,263350,18539,180354,11832,82996,0,0,18030,208240,0.025617,12301,27651,0.003402,18052,235891,0.029018,8129050
3,2021-01-09,12371,275721,6985,187339,5386,88382,0,0,7869,211622,0.026033,4495,32146,0.003954,7877,243768,0.029987,8129050
3,2021-01-10,7173,282894,4452,191791,2721,91103,0,0,4040,212536,0.026145,3131,35277,0.00434,4045,247813,0.030485,8129050
3,2021-01-11,29001,311895,18997,210788,10004,101107,0,0,16382,216347,0.026614,12586,47863,0.005888,16397,264210,0.032502,8129050
3,2021-01-12,32255,344150,19282,230070,12973,114080,0,0,19804,223801,0.027531,12422,60285,0.007416,19876,284086,0.034947,8129050
3,2021-01-13,34401,378551,17952,248022,16449,130529,0,0,24231,237891,0.029264,10169,70454,0.008667,24259,308345,0.037931,8129050
3,2021-01-14,34556,413107,14182,262204,20374,150903,0,0,28670,260752,0.032077,5855,76309,0.009387,28716,337061,0.041464,8129050
3,2021-01-15,38833,451940,14441,276645,24392,175295,0,0,34177,290353,0.035718,4645,80954,0.009959,34246,371307,0.045677,8129050
3,2021-01-16,21631,473571,7448,284093,14183,189478,0,0,19314,307387,0.037813,2303,83257,0.010242,19337,390644,0.048055,8129050
3,2021-01-17,13111,486682,4438,288531,8673,198151,0,0,12076,318450,0.039174,1032,84289,0.010369,12095,402739,0.049543,8129050
3,2021-01-18,24734,511416,12928,301459,11806,209957,0,0,19188,332115,0.040855,5562,89851,0.011053,19227,421966,0.051908,8129050
3,2021-01-19,40871,552287,20886,322345,19985,229942,0,0,31812,354981,0.043668,9032,98883,0.012164,31898,453864,0.055832,8129050
3,2021-01-20,45230,597517,22275,344620,22955,252897,0,0,35894,381660,0.04695,9292,108175,0.013307,35971,489835,0.060257,8129050
3,2021-01-21,47707,645224,20631,365251,27076,279973,0,0,42261,418607,0.051495,5374,113549,0.013968,42321,532156,0.065463,8129050
3,2021-01-22,49608,694832,19774,385025,29834,309807,0,0,45471,460002,0.056587,4139,117688,0.014477,45534,577690,0.071065,8129050
3,2021-01-23,30173,725005,12799,397824,17374,327181,0,0,26900,483688,0.059501,3263,120951,0.014879,26949,604639,0.07438,8129050
3,2021-01-24,17643,742648,8486,406310,9157,336338,0,0,16484,499047,0.061391,1156,122107,0.015021,16515,621154,0.076412,8129050
3,2021-01-25,40667,783315,18140,424450,22527,358865,0,0,30736,519961,0.063963,9906,132013,0.01624,30820,651974,0.080203,8129050
3,2021-01-26,47081,830396,22521,446971,24560,383425,0,0,37017,547034,0.067294,10049,142062,0.017476,37122,689096,0.08477,8129050
3,2021-01-27,51327,881723,24477,471448,26850,410275,0,0,40750,577376,0.071026,10499,152561,0.018767,40841,729937,0.089794,8129050
3,2021-01-28,51675,933398,24028,495476,27647,437922,0,0,42774,611390,0.075211,8816,161377,0.019852,42830,772767,0.095062,8129050
3,2021-01-29,50798,984196,24467,519943,26331,464253,0,0,41175,643186,0.079122,9436,170813,0.021013,41232,813999,0.100135,8129050
3,2021-01-30,37126,1021322,17792,537735,19334,483587,0,0,32414,671018,0.082546,4659,175472,0.021586,32491,846490,0.104131,8129050
3,2021-01-31,22211,1043533,12763,550498,9448,493035,0,0,20854,690543,0.084948,1347,176819,0.021751,20872,867362,0.106699,8129050
3,2021-02-01,45674,1089207,20930,571428,24744,517779,0,0,34936,714819,0.087934,10694,187513,0.023067,34970,902332,0.111001,8129050
3,2021-02-02,54131,1143338,22563,593991,31568,549347,0,0,41757,744340,0.091565,12286,199799,0.024578,41807,944139,0.116144,8129050
3,2021-02-03,59716,1203054,26602,620593,33114,582461,0,0,44437,773734,0.095181,15115,214914,0.026438,44509,988648,0.121619,8129050
3,2021-02-04,64106,1267160,27871,648464,36235,618696,0,0,47033,803995,0.098904,16881,231795,0.028514,47142,1035790,0.127418,8129050
3,2021-02-05,69926,1337086,29708,678172,40218,658914,0,0,48418,831304,0.102263,21277,253072,0.031132,48586,1084376,0.133395,8129050
3,2021-02-06,43374,1380460,21063,699235,22311,681225,0,0,33765,855675,0.105261,9577,262649,0.03231,33948,1118324,0.137571,8129050
3,2021-02-07,19658,1400118,12506,711741,7152,688377,0,0,15133,866422,0.106583,4511,267160,0.032865,15258,1133582,0.139448,8129050
3,2021-02-08,51300,1451418,24894,736635,26406,714783,0,0,33715,882844,0.108604,17477,284637,0.035015,33899,1167481,0.143618,8129050
3,2021-02-09,58345,1509763,28482,765117,29863,744646,0,0,34268,893560,0.109922,23900,308537,0.037955,34616,1202097,0.147877,8129050
3,2021-02-10,67817,1577580,31619,796736,36198,780844,0,0,36753,900007,0.110715,30832,339369,0.041748,37279,1239376,0.152463,8129050
3,2021-02-11,70414,1647994,34792,831528,35622,816466,0,0,37769,906026,0.111455,32283,371652,0.045719,38302,1277678,0.157174,8129050
3,2021-02-12,75142,1723136,32565,864093,42577,859043,0,0,41560,915084,0.11257,33273,404925,0.049812,42331,1320009,0.162382,8129050
3,2021-02-13,44567,1767703,20306,884399,24261,883304,0,0,25723,922643,0.113499,18745,423670,0.052118,26304,1346313,0.165618,8129050
3,2021-02-14,27101,1794804,13541,897940,13560,896864,0,0,15129,926298,0.113949,11922,435592,0.053585,15577,1361890,0.167534,8129050
3,2021-02-15,39885,1834689,17186,915126,22699,919563,0,0,22108,931652,0.114608,17689,453281,0.055761,23043,1384933,0.170368,8129050
3,2021-02-16,69717,1904406,33023,948149,36694,956257,0,0,36274,935647,0.115099,33302,486583,0.059857,37297,1422230,0.174956,8129050
3,2021-02-17,71451,1975857,36198,984347,35253,991510,0,0,34009,933520,0.114838,37206,523789,0.064434,35079,1457309,0.179272,8129050
3,2021-02-18,76569,2052426,40023,1024370,36546,1028056,0,0,35526,929521,0.114346,40869,564658,0.069462,36870,1494179,0.183807,8129050
3,2021-02-19,68422,2120848,39470,1063840,28952,1057008,0,0,34609,931130,0.114544,33697,598355,0.073607,35306,1529485,0.188151,8129050
3,2021-02-20,42137,2162985,26684,1090524,15453,1072461,0,0,22241,934070,0.114905,19799,618154,0.076043,22739,1552224,0.190948,8129050
3,2021-02-21,22842,2185827,19004,1109528,3838,1076299,0,0,10862,933413,0.114824,11903,630057,0.077507,11246,1563470,0.192331,8129050
3,2021-02-22,45363,2231190,29558,1139086,15805,1092104,0,0,21470,931554,0.114596,23814,653871,0.080436,21955,1585425,0.195032,8129050
3,2021-02-23,60831,2292021,33187,1172273,27644,1119748,0,0,26867,926602,0.113987,33803,687674,0.084595,28851,1614276,0.198581,8129050
3,2021-02-24,76781,2368802,37643,1209916,39138,1158886,0,0,34228,920969,0.113294,42372,730046,0.089807,36739,1651015,0.203101,8129050
3,2021-02-25,86205,2455007,41965,1251881,44240,1203126,0,0,43232,924072,0.113675,42724,772770,0.095063,45827,1696842,0.208738,8129050
3,2021-02-26,97035,2552042,44380,1296261,52655,1255781,0,0,51552,932690,0.114735,45136,817906,0.100615,53754,1750596,0.215351,8129050
3,2021-02-27,68406,2620448,31542,1327803,36861,1292642,3,3,36399,938585,0.115461,31813,849719,0.104529,37708,1788304,0.219989,8129050
3,2021-02-28,39361,2659809,23060,1350863,16299,1308941,2,5,20714,941752,0.11585,18498,868217,0.106804,21665,1809969,0.222654,8129050
3,2021-03-01,67602,2727411,36014,1386877,31567,1340508,21,26,37767,951223,0.117015,29654,897871,0.110452,39125,1849094,0.227467,8129050
3,2021-03-02,77950,2805361,38605,1425482,39338,1379846,7,33,45670,966812,0.118933,32152,930023,0.114407,47741,1896835,0.23334,8129050
3,2021-03-03,88722,2894083,42589,1468071,46115,1425961,18,51,49717,979998,0.120555,38812,968835,0.119182,51998,1948833,0.239737,8129050
3,2021-03-04,93016,2987099,45674,1513745,47326,1473287,16,67,52999,995484,0.12246,39806,1008641,0.124079,55292,2004125,0.246539,8129050
3,2021-03-05,89266,3076365,43879,1557624,45097,1518384,290,357,54551,1018067,0.125238,34481,1043122,0.12832,57064,2061189,0.253558,8129050
3,2021-03-06,64925,3141290,32911,1590535,29867,1548251,2147,2504,37314,1031530,0.126894,27472,1070594,0.1317,40935,2102124,0.258594,8129050
3,2021-03-07,37494,3178784,22411,1612946,13946,1562197,1137,3641,21637,1039672,0.127896,15802,1086396,0.133644,23944,2126068,0.26154,8129050
3,2021-03-08,58844,3237628,28124,1641070,27861,1590058,2859,6500,37385,1060154,0.130415,21316,1107712,0.136266,41798,2167866,0.266681,8129050
3,2021-03-09,76312,3313940,35450,1676520,36487,1626545,4375,10875,41260,1072040,0.131878,34923,1142635,0.140562,46809,2214675,0.27244,8129050
3,2021-03-10,82336,3396276,41209,1717729,35079,1661624,6048,16923,43154,1083692,0.133311,38957,1181592,0.145354,50609,2265284,0.278665,8129050
3,2021-03-11,96438,3492714,47136,1764865,40753,1702377,8549,25472,47449,1092065,0.134341,48733,1230325,0.151349,57106,2322390,0.28569,8129050
3,2021-03-12,101520,3594234,45399,1810264,44282,1746659,11839,37311,46697,1097166,0.134969,54623,1284948,0.158069,59724,2382114,0.293037,8129050
3,2021-03-13,69614,3663848,29606,1839870,32767,1779426,7241,44552,36638,1109556,0.136493,32865,1317813,0.162112,45255,2427369,0.298604,8129050
3,2021-03-14,40758,3704606,21530,1861400,15677,1795103,3551,48103,20825,1114705,0.137126,19864,1337677,0.164555,25013,2452382,0.301681,8129050
3,2021-03-15,75328,3779934,35797,1897197,34990,1830093,4541,52644,39879,1124873,0.138377,35261,1372938,0.168893,45429,2497811,0.30727,8129050
3,2021-03-16,94697,3874631,43664,1940861,46714,1876807,4319,56963,53564,1142753,0.140576,40930,1413868,0.173928,58810,2556621,0.314504,8129050
3,2021-03-17,97791,3972422,47581,1988442,45706,1922513,4504,61467,59732,1169831,0.143907,37841,1451709,0.178583,64919,2621540,0.32249,8129050
3,2021-03-18,102535,4074957,52102,2040544,46008,1968521,4425,65892,59356,1191251,0.146542,42938,1494647,0.183865,64358,2685898,0.330407,8129050
3,2021-03-19,102527,4177484,54972,2095516,43113,2011634,4442,70334,57652,1209270,0.148759,44635,1539282,0.189356,62654,2748552,0.338115,8129050
3,2021-03-20,71308,4248792,36849,2132365,30852,2042486,3607,73941,44247,1230748,0.151401,26888,1566170,0.192663,48366,2796918,0.344065,8129050
3,2021-03-21,35852,4284644,24456,2156821,9893,2052379,1503,75444,22395,1241760,0.152756,13366,1579536,0.194308,24378,2821296,0.347063,8129050
3,2021-03-22,70016,4354660,41166,2197987,26325,2078704,2525,77969,44901,1265295,0.155651,24913,1604449,0.197372,48448,2869744,0.353023,8129050
3,2021-03-23,89273,4443933,49316,2247303,37429,2116133,2528,80497,55114,1289738,0.158658,33913,1638362,0.201544,58356,2928100,0.360202,8129050
3,2021-03-24,98346,4542279,56654,2303957,38789,2154922,2903,83400,56589,1308410,0.160955,41426,1679788,0.20664,60098,2988198,0.367595,8129050
3,2021-03-25,106938,4649217,59435,2363392,44557,2199479,2946,86346,60736,1326852,0.163224,45893,1725681,0.212286,64335,3052533,0.375509,8129050
3,2021-03-26,110095,4759312,59143,2422535,47679,2247158,3273,89619,57352,1335878,0.164334,52449,1778130,0.218738,61475,3114008,0.383072,8129050
3,2021-03-27,74180,4833492,37766,2460301,33868,2281026,2546,92165,36214,1337543,0.164539,37769,1815899,0.223384,39434,3153442,0.387923,8129050
3,2021-03-28,44030,4877522,27869,2488170,15354,2296380,807,92972,22403,1339798,0.164816,21512,1837411,0.22603,23767,3177209,0.390846,8129050
3,2021-03-29,80332,4957854,42001,2530171,36488,2332868,1843,94815,44321,1350981,0.166192,35792,1873203,0.230433,46975,3224184,0.396625,8129050
3,2021-03-30,99887,5057741,49107,2579278,47154,2380022,3626,98441,56221,1368004,0.168286,43426,1916629,0.235775,60449,3284633,0.404061,8129050
3,2021-03-31,104624,5162365,56498,2635776,43317,2423339,4809,103250,56135,1380993,0.169884,48293,1964922,0.241716,61282,3345915,0.4116,8129050
3,2021-04-01,123147,5285512,62331,2698107,51148,2474487,9668,112918,66810,1401817,0.172445,55993,2020915,0.248604,76817,3422732,0.421049,8129050
3,2021-04-02,117584,5403096,57463,2755570,49840,2524327,10281,123199,62413,1420096,0.174694,54918,2075833,0.25536,73197,3495929,0.430054,8129050
3,2021-04-03,75882,5478978,38812,2794382,27861,2552188,9209,132408,37924,1429742,0.175881,37826,2113659,0.260013,47472,3543401,0.435894,8129050
3,2021-04-04,32355,5511333,17293,2811675,10861,2563049,4201,136609,14236,1430169,0.175933,18046,2131705,0.262233,18473,3561874,0.438166,8129050
3,2021-04-05,88971,5600304,45244,2856919,34629,2597678,9098,145707,43720,1438767,0.176991,45058,2176763,0.267776,53656,3615530,0.444767,8129050
3,2021-04-06,112991,5713295,55051,2911970,42799,2640477,15141,160848,53379,1448641,0.178205,59370,2236133,0.275079,69244,3684774,0.453285,8129050
3,2021-04-07,115910,5829205,60005,2971975,39651,2680128,16254,177102,56328,1462147,0.179867,59351,2295484,0.28238,72857,3757631,0.462247,8129050
3,2021-04-08,121170,5950375,60344,3032319,40766,2720894,20060,197162,56486,1475085,0.181458,64404,2359888,0.290303,77342,3834973,0.471762,8129050
3,2021-04-09,117968,6068343,58803,3091122,40090,2760984,19075,216237,52022,1481393,0.182234,65729,2425617,0.298389,72037,3907010,0.480623,8129050
3,2021-04-10,83568,6151911,37789,3128911,30580,2791564,15199,231436,34171,1482362,0.182354,49242,2474859,0.304446,50211,3957221,0.4868,8129050
3,2021-04-11,45045,6196956,24208,3153119,12831,2804395,8006,239442,17244,1480734,0.182153,27720,2502579,0.307856,26092,3983313,0.49001,8129050
3,2021-04-12,83722,6280678,42322,3195441,32665,2837060,8735,248177,38222,1483503,0.182494,45290,2547869,0.313428,48059,4031372,0.495922,8129050
3,2021-04-13,105184,6385862,56982,3252423,47989,2885049,213,248390,55783,1491246,0.183447,49182,2597051,0.319478,56925,4088297,0.502924,8129050
3,2021-04-14,107173,6493035,58576,3310999,48500,2933549,97,248487,53576,1493067,0.183671,53338,2650389,0.326039,55159,4143456,0.50971,8129050
3,2021-04-15,119046,6612081,67051,3378050,51928,2985477,67,248554,64215,1503665,0.184974,54565,2704954,0.332752,65163,4208619,0.517726,8129050
3,2021-04-16,114745,6726826,64423,3442473,50228,3035705,94,248648,60191,1510472,0.185812,54294,2759248,0.339431,61101,4269720,0.525242,8129050
3,2021-04-17,78469,6805295,42897,3485370,35560,3071265,12,248660,43781,1520785,0.18708,34504,2793752,0.343675,44817,4314537,0.530755,8129050
3,2021-04-18,37155,6842450,22067,3507437,15085,3086350,3,248663,17503,1519647,0.18694,19568,2813320,0.346082,18430,4332967,0.533023,8129050
3,2021-04-19,78351,6920801,43722,3551159,34577,3120927,52,248715,35442,1512958,0.186117,42750,2856070,0.351341,36061,4369028,0.537459,8129050
3,2021-04-20,98106,7018907,50827,3601986,47264,3168191,15,248730,47802,1511744,0.185968,50090,2906160,0.357503,48876,4417904,0.543471,8129050
3,2021-04-21,101285,7120192,55702,3657688,45516,3213707,67,248797,47989,1507787,0.185481,53003,2959163,0.364023,49046,4466950,0.549505,8129050
3,2021-04-22,108994,7229186,60688,3718376,48285,3261992,21,248818,47023,1494099,0.183797,61686,3020849,0.371612,47998,4514948,0.555409,8129050
3,2021-04-23,103436,7332622,58512,3776888,44901,3306893,23,248841,45413,1482821,0.18241,57709,3078558,0.378711,46431,4561379,0.561121,8129050
3,2021-04-24,72979,7405601,45229,3822117,27689,3334582,61,248902,35631,1482386,0.182357,37108,3115666,0.383276,36673,4598052,0.565632,8129050
3,2021-04-25,36331,7441932,23400,3845517,12918,3347500,13,248915,18728,1484056,0.182562,17464,3133130,0.385424,19134,4617186,0.567986,8129050
3,2021-04-26,72434,7514366,40629,3886146,31419,3378919,386,249301,30987,1475588,0.18152,41220,3174350,0.390495,32752,4649938,0.572015,8129050
3,2021-04-27,89610,7603976,46682,3932828,41198,3420117,1730,251031,35599,1459979,0.1796,53737,3228087,0.397105,38128,4688066,0.576705,8129050
3,2021-04-28,84789,7688765,47662,3980490,35013,3455130,2114,253145,34741,1447578,0.178075,49788,3277875,0.40323,37387,4725453,0.581304,8129050
3,2021-04-29,86995,7775760,49257,4029747,35553,3490683,2185,255330,31005,1425536,0.175363,55713,3333588,0.410083,33671,4759124,0.585447,8129050
3,2021-04-30,88466,7864226,49602,4079349,36400,3527083,2464,257794,32783,1405843,0.172941,55397,3388985,0.416898,35704,4794828,0.589839,8129050
3,2021-05-01,54612,7918838,34418,4113767,18748,3545831,1446,259240,19674,1392699,0.171324,34750,3423735,0.421173,21606,4816434,0.592497,8129050
3,2021-05-02,26750,7945588,18249,4132016,7493,3553324,1008,260248,9818,1386776,0.170595,16850,3440585,0.423246,10927,4827361,0.593841,8129050
3,2021-05-03,58985,8004573,34506,4166522,22134,3575458,2345,262593,17305,1365105,0.167929,41500,3482085,0.428351,19829,4847190,0.59628,8129050
3,2021-05-04,75602,8080175,43221,4209743,29737,3605195,2644,265237,22092,1336882,0.164457,53242,3535327,0.4349,25019,4872209,0.599358,8129050
3,2021-05-05,76986,8157161,45803,4255546,28504,3633699,2679,267916,21481,1306076,0.160668,55222,3590549,0.441694,24416,4896625,0.602361,8129050
3,2021-05-06,81442,8238603,51132,4306678,27796,3661495,2514,270430,20323,1268775,0.156079,60690,3651239,0.449159,23389,4920014,0.605238,8129050
3,2021-05-07,80886,8319489,50183,4356861,28096,3689591,2607,273037,21576,1234248,0.151832,59000,3710239,0.456417,24473,4944487,0.608249,8129050
3,2021-05-08,50605,8370094,31159,4388020,17757,3707348,1689,274726,13518,1212859,0.149201,36858,3747097,0.460951,15469,4959956,0.610152,8129050
3,2021-05-09,20357,8390451,14791,4402811,4788,3712136,778,275504,5570,1204569,0.148181,14705,3761802,0.46276,6415,4966371,0.610941,8129050
3,2021-05-10,46844,8437295,24969,4427780,19977,3732113,1898,277402,11100,1182263,0.145437,35563,3797365,0.467135,13257,4979628,0.612572,8129050
3,2021-05-11,61626,8498921,33822,4461602,25615,3757728,2189,279591,15722,1154939,0.142076,45694,3843059,0.472756,18370,4997998,0.614832,8129050
3,2021-05-12,62834,8561755,35859,4497461,24588,3782316,2387,281978,17103,1129226,0.138912,45509,3888568,0.478355,19796,5017794,0.617267,8129050
3,2021-05-13,73013,8634768,46091,4543552,25040,3807356,1882,283860,27268,1113477,0.136975,45521,3934089,0.483954,29772,5047566,0.620929,8129050
3,2021-05-14,78213,8712981,49361,4592913,26738,3834094,2114,285974,30804,1099831,0.135296,47160,3981249,0.489756,33514,5081080,0.625052,8129050
3,2021-05-15,60978,8773959,41964,4634877,17812,3851906,1202,287176,25178,1090799,0.134185,35621,4016870,0.494138,26589,5107669,0.628323,8129050
3,2021-05-16,31692,8805651,23747,4658624,7262,3859168,683,287859,12721,1085409,0.133522,18875,4035745,0.49646,13485,5121154,0.629982,8129050
3,2021-05-17,56215,8861866,35791,4694415,18609,3877777,1815,289674,21110,1073664,0.132077,34866,4070611,0.500749,23121,5144275,0.632826,8129050
3,2021-05-18,63614,8925480,37566,4731981,24212,3901989,1836,291510,24360,1061244,0.13055,39003,4109614,0.505547,26583,5170858,0.636096,8129050
3,2021-05-19,62794,8988274,38344,4770325,22733,3924722,1717,293227,25161,1050985,0.129288,37408,4147022,0.510148,27149,5198007,0.639436,8129050
3,2021-05-20,60341,9048615,35350,4805675,23184,3947906,1807,295034,22266,1037630,0.127645,37816,4184838,0.5148,24461,5222468,0.642445,8129050
3,2021-05-21,64966,9113581,39565,4845240,23322,3971228,2079,297113,23935,1023226,0.125873,40760,4225598,0.519814,26356,5248824,0.645687,8129050
3,2021-05-22,44805,9158386,29651,4874891,13698,3984926,1456,298569,18618,1017604,0.125181,26002,4251600,0.523013,20380,5269204,0.648194,8129050
3,2021-05-23,20518,9178904,14232,4889123,5644,3990570,642,299211,8911,1015768,0.124955,11530,4263130,0.524432,9694,5278898,0.649387,8129050
3,2021-05-24,38477,9217381,22363,4911486,14379,4004949,1735,300946,14351,1008099,0.124012,23956,4287086,0.527378,16287,5295185,0.65139,8129050
3,2021-05-25,42299,9259680,23867,4935353,16776,4021725,1656,302602,15296,998497,0.122831,26775,4313861,0.530672,17173,5312358,0.653503,8129050
3,2021-05-26,41882,9301562,23983,4959336,16198,4037923,1701,304303,15993,990746,0.121877,25613,4339474,0.533823,17862,5330220,0.6557,8129050
3,2021-05-27,38831,9340393,21692,4981028,15393,4053316,1746,306049,15423,984922,0.121161,23267,4362741,0.536685,17443,5347663,0.657846,8129050
3,2021-05-28,42248,9382641,23930,5004958,16561,4069877,1757,307806,17775,980504,0.120617,24303,4387044,0.539675,19885,5367548,0.660292,8129050
3,2021-05-29,23172,9405813,14149,5019107,8194,4078071,829,308635,11136,980692,0.12064,11922,4398966,0.541141,12110,5379658,0.661782,8129050
3,2021-05-30,10508,9416321,6813,5025920,3060,4081131,635,309270,4560,980051,0.120562,5886,4404852,0.541866,5245,5384903,0.662427,8129050
3,2021-05-31,4613,9420934,2669,5028589,1676,4082807,268,309538,1492,978746,0.120401,3095,4407947,0.542246,1790,5386693,0.662647,8129050
3,2021-06-01,37378,9458312,21557,5050146,14401,4097208,1420,310958,13826,970878,0.119433,23358,4431305,0.54512,15490,5402183,0.664553,8129050
3,2021-06-02,31283,9489595,18015,5068161,11863,4109071,1405,312363,11944,965249,0.118741,19147,4450452,0.547475,13518,5415701,0.666216,8129050
3,2021-06-03,39315,9528910,26935,5095096,10963,4120034,1417,313780,11924,951624,0.117065,27224,4477676,0.550824,13599,5429300,0.667889,8129050
3,2021-06-04,45706,9574616,32399,5127495,11784,4131818,1523,315303,13607,935324,0.115059,31878,4509554,0.554746,15578,5444878,0.669805,8129050
3,2021-06-05,33978,9608594,25633,5153128,7167,4138985,1178,316481,8999,920927,0.113288,24782,4534336,0.557794,10385,5455263,0.671082,8129050
3,2021-06-06,14291,9622885,11932,5165060,1795,4140780,564,317045,4033,915492,0.11262,10208,4544544,0.55905,4773,5460036,0.67167,8129050
3,2021-06-07,30058,9652943,21862,5186922,6937,4147717,1259,318304,8841,904659,0.111287,21089,4565633,0.561644,10256,5470292,0.672931,8129050
3,2021-06-08,33929,9686872,24379,5211301,8275,4155992,1275,319579,10123,892720,0.109818,23604,4589237,0.564548,11665,5481957,0.674366,8129050
3,2021-06-09,32180,9719052,23244,5234545,7651,4163643,1285,320864,8739,879674,0.108214,23291,4612528,0.567413,10245,5492202,0.675627,8129050
3,2021-06-10,31820,9750872,22996,5257541,7340,4170983,1484,322348,8982,867663,0.106736,22703,4635231,0.570206,10692,5502894,0.676942,8129050
3,2021-06-11,34728,9785600,24512,5282053,8882,4179865,1334,323682,10412,855484,0.105238,24121,4659352,0.573173,11942,5514836,0.678411,8129050
3,2021-06-12,24515,9810115,18522,5300575,5119,4184984,874,324556,6483,845071,0.103957,17924,4677276,0.575378,7511,5522347,0.679335,8129050
3,2021-06-13,9873,9819988,7369,5307944,2009,4186993,495,325051,2368,840554,0.103401,7462,4684738,0.576296,2945,5525292,0.679697,8129050
3,2021-06-14,21960,9841948,15036,5322980,5594,4192587,1330,326381,6602,833400,0.102521,15253,4699991,0.578172,8099,5533391,0.680693,8129050
3,2021-06-15,27574,9869522,18710,5341690,7460,4200047,1404,327785,9533,826699,0.101697,17845,4717836,0.580367,11144,5544535,0.682064,8129050
3,2021-06-16,11914,9881436,8206,5349896,2821,4202868,887,328672,3883,823680,0.101325,7938,4725774,0.581344,4919,5549454,0.682669,8129050
4,2020-12-15,451,451,451,451,0,0,0,0,451,451,5.6e-05,0,0,0.0,451,451,5.6e-05,8037679
4,2020-12-16,3009,3460,3009,3460,0,0,0,0,3009,3460,0.00043,0,0,0.0,3009,3460,0.00043,8037679
4,2020-12-17,8841,12301,8841,12301,0,0,0,0,8841,12301,0.00153,0,0,0.0,8841,12301,0.00153,8037679
4,2020-12-18,15955,28256,15945,28246,10,10,0,0,15954,28254,0.003515,1,1,0.0,15954,28255,0.003515,8037679
4,2020-12-19,10266,38522,10257,38503,9,19,0,0,10201,38455,0.004784,0,1,0.0,10201,38456,0.004784,8037679
4,2020-12-20,7375,45897,7368,45871,7,26,0,0,7330,45785,0.005696,0,1,0.0,7330,45786,0.005696,8037679
4,2020-12-21,16315,62212,16288,62159,27,53,0,0,16248,62031,0.007718,2,3,0.0,16248,62034,0.007718,8037679
4,2020-12-22,17123,79335,16386,78545,737,790,0,0,17077,79108,0.009842,0,3,0.0,17077,79111,0.009843,8037679
4,2020-12-23,17028,96363,14323,92868,2705,3495,0,0,16998,96104,0.011957,2,5,1e-06,16998,96109,0.011957,8037679
4,2020-12-24,8556,104919,5963,98831,2593,6088,0,0,8554,104657,0.013021,1,6,1e-06,8554,104663,0.013022,8037679
4,2020-12-25,901,105820,796,99627,105,6193,0,0,901,105558,0.013133,0,6,1e-06,901,105564,0.013134,8037679
4,2020-12-26,6153,111973,3872,103499,2281,8474,0,0,6153,111711,0.013898,0,6,1e-06,6153,111717,0.013899,8037679
4,2020-12-27,3425,115398,1992,105491,1433,9907,0,0,3425,115136,0.014325,0,6,1e-06,3425,115142,0.014325,8037679
4,2020-12-28,15043,130441,9291,114782,5752,15659,0,0,15015,130150,0.016192,1,7,1e-06,15015,130157,0.016193,8037679
4,2020-12-29,15353,145794,8503,123285,6850,22509,0,0,15319,145468,0.018098,1,8,1e-06,15319,145476,0.018099,8037679
4,2020-12-30,18937,164731,11072,134357,7865,30374,0,0,18926,164392,0.020453,2,10,1e-06,18926,164402,0.020454,8037679
4,2020-12-31,8274,173005,3347,137704,4927,35301,0,0,8262,172645,0.021479,9,19,2e-06,8262,172664,0.021482,8037679
4,2021-01-01,1433,174438,632,138336,801,36102,0,0,1431,174074,0.021657,2,21,3e-06,1431,174095,0.02166,8037679
4,2021-01-02,5718,180156,3230,141566,2488,38590,0,0,5717,179790,0.022368,1,22,3e-06,5717,179812,0.022371,8037679
4,2021-01-03,2136,182292,1268,142834,868,39458,0,0,2120,181906,0.022632,4,26,3e-06,2120,181932,0.022635,8037679
4,2021-01-04,12974,195266,7055,149889,5919,45377,0,0,12927,194804,0.024236,29,55,7e-06,12927,194859,0.024243,8037679
4,2021-01-05,16893,212159,9994,159883,6899,52276,0,0,14780,207506,0.025817,2088,2143,0.000267,14790,209649,0.026083,8037679
4,2021-01-06,21547,233706,13213,173096,8334,60610,0,0,15553,217133,0.027014,5940,8083,0.001006,15567,225216,0.02802,8037679
4,2021-01-07,27918,261624,17010,190106,10908,71518,0,0,16841,222975,0.027741,11019,19102,0.002377,16861,242077,0.030118,8037679
4,2021-01-08,32794,294418,21036,211142,11758,83276,0,0,18298,226869,0.028226,14424,33526,0.004171,18318,260395,0.032397,8037679
4,2021-01-09,16272,310690,9630,220772,6642,89918,0,0,9446,229522,0.028556,6804,40330,0.005018,9457,269852,0.033573,8037679
4,2021-01-10,8751,319441,5657,226429,3094,93012,0,0,4133,229063,0.028499,4600,44930,0.00559,4141,273993,0.034089,8037679
4,2021-01-11,33390,352831,21904,248333,11486,104498,0,0,18806,233361,0.029033,14533,59463,0.007398,18831,292824,0.036431,8037679
4,2021-01-12,38533,391364,22211,270544,16322,120820,0,0,24334,243636,0.030312,14127,73590,0.009156,24402,317226,0.039467,8037679
4,2021-01-13,38783,430147,19158,289702,19625,140445,0,0,27419,259848,0.032329,11307,84897,0.010562,27519,344745,0.042891,8037679
4,2021-01-14,39233,469380,15072,304774,24161,164606,0,0,32058,284895,0.035445,7129,92026,0.011449,32176,376921,0.046894,8037679
4,2021-01-15,45457,514837,15870,320644,29587,194193,0,0,39861,319301,0.039726,5542,97568,0.012139,39948,416869,0.051864,8037679
4,2021-01-16,28703,543540,9410,330054,19293,213486,0,0,25575,341812,0.042526,3093,100661,0.012524,25604,442473,0.05505,8037679
4,2021-01-17,19117,562657,6734,336788,12383,225869,0,0,17591,357919,0.04453,1499,102160,0.01271,17606,460079,0.05724,8037679
4,2021-01-18,29476,592133,13661,350449,15815,241684,0,0,23489,375543,0.046723,5891,108051,0.013443,23515,483594,0.060166,8037679
4,2021-01-19,46147,638280,23176,373625,22971,264655,0,0,36784,403095,0.050151,9305,117356,0.014601,36857,520451,0.064751,8037679
4,2021-01-20,51925,690205,27500,401125,24425,289080,0,0,41475,434285,0.054031,10351,127707,0.015889,41541,561992,0.06992,8037679
4,2021-01-21,56863,747068,25170,426295,31693,320773,0,0,50398,478342,0.059512,6397,134104,0.016684,50454,612446,0.076197,8037679
4,2021-01-22,55184,802252,22141,448436,33043,353816,0,0,50074,523429,0.065122,5016,139120,0.017308,50103,662549,0.08243,8037679
4,2021-01-23,39510,841762,17423,465859,22087,375903,0,0,35174,554306,0.068963,4326,143446,0.017847,35203,697752,0.08681,8037679
4,2021-01-24,23921,865683,10491,476350,13430,389333,0,0,22043,574495,0.071475,1870,145316,0.018079,22059,719811,0.089555,8037679
4,2021-01-25,47997,913680,22163,498513,25834,415167,0,0,36877,600341,0.074691,11088,156404,0.019459,36934,756745,0.09415,8037679
4,2021-01-26,56940,970620,29036,527549,27904,443071,0,0,44676,632876,0.078739,12210,168614,0.020978,44745,801490,0.099717,8037679
4,2021-01-27,56328,1026948,26820,554369,29508,472579,0,0,45340,667357,0.083029,10917,179531,0.022336,45398,846888,0.105365,8037679
4,2021-01-28,56649,1083597,25612,579981,31037,503616,0,0,46672,704195,0.087612,9889,189420,0.023567,46727,893615,0.111178,8037679
4,2021-01-29,56613,1140210,27186,607167,29427,533043,0,0,46259,740292,0.092103,10208,199628,0.024837,46305,939920,0.116939,8037679
4,2021-01-30,37834,1178044,17242,624409,20592,553635,0,0,32486,767505,0.095488,5300,204928,0.025496,32513,972433,0.120984,8037679
4,2021-01-31,23939,1201983,12592,637001,11347,564982,0,0,22322,788244,0.098069,1600,206528,0.025695,22339,994772,0.123764,8037679
4,2021-02-01,49721,1251704,24070,661071,25651,590633,0,0,38111,814828,0.101376,11567,218095,0.027134,38151,1032923,0.12851,8037679
4,2021-02-02,55386,1307090,25506,686577,29880,620513,0,0,42551,844652,0.105087,12770,230865,0.028723,42594,1075517,0.133809,8037679
4,2021-02-03,61993,1369083,30520,717097,31473,651986,0,0,47689,878202,0.109261,14195,245060,0.030489,47745,1123262,0.13975,8037679
4,2021-02-04,67449,1436532,31418,748515,36031,688017,0,0,50774,912558,0.113535,16524,261584,0.032545,50880,1174142,0.14608,8037679
4,2021-02-05,73157,1509689,33970,782485,39187,727204,0,0,50983,941764,0.117169,21916,283500,0.035271,51122,1225264,0.15244,8037679
4,2021-02-06,48395,1558084,26320,808805,22075,749279,0,0,36873,967348,0.120352,11488,294988,0.036701,37072,1262336,0.157052,8037679
4,2021-02-07,26542,1584626,17577,826382,8965,758244,0,0,20099,981269,0.122084,6417,301405,0.037499,20338,1282674,0.159583,8037679
4,2021-02-08,58605,1643231,30198,856580,28407,786651,0,0,38199,999456,0.124346,20277,321682,0.040022,38464,1321138,0.164368,8037679
4,2021-02-09,67181,1710412,34234,890814,32947,819598,0,0,39479,1011708,0.125871,27631,349313,0.043459,39883,1361021,0.16933,8037679
4,2021-02-10,77183,1787595,38652,929466,38531,858129,0,0,41036,1017373,0.126575,35915,385228,0.047928,41580,1402601,0.174503,8037679
4,2021-02-11,81216,1868811,42440,971906,38776,896905,0,0,41977,1021000,0.127027,39017,424245,0.052782,42644,1445245,0.179809,8037679
4,2021-02-12,84146,1952957,37705,1009611,46441,943346,0,0,43381,1024606,0.127475,40562,464807,0.057829,44168,1489413,0.185304,8037679
4,2021-02-13,58534,2011491,29728,1039339,28806,972152,0,0,29864,1026830,0.127752,28540,493347,0.061379,30764,1520177,0.189131,8037679
4,2021-02-14,36692,2048183,19033,1058372,17659,989811,0,0,18861,1028571,0.127969,17779,511126,0.063591,19520,1539697,0.19156,8037679
4,2021-02-15,46073,2094256,21590,1079962,24483,1014294,0,0,23680,1031103,0.128284,22327,533453,0.066369,24859,1564556,0.194653,8037679
4,2021-02-16,79972,2174228,36656,1116618,43316,1057610,0,0,40708,1033863,0.128627,39166,572619,0.071242,41926,1606482,0.199869,8037679
4,2021-02-17,81339,2255567,38416,1155034,42923,1100533,0,0,38760,1031338,0.128313,42413,615032,0.076519,39888,1646370,0.204832,8037679
4,2021-02-18,83107,2338674,45736,1200770,37371,1137904,0,0,38439,1026750,0.127742,44506,659538,0.082056,39918,1686288,0.209798,8037679
4,2021-02-19,82454,2421128,51835,1252605,30619,1168523,0,0,41297,1027732,0.127864,41013,700551,0.087158,41995,1728283,0.215023,8037679
4,2021-02-20,48934,2470062,32635,1285240,16299,1184822,0,0,26726,1033005,0.12852,22148,722699,0.089914,27421,1755704,0.218434,8037679
4,2021-02-21,29225,2499287,23474,1308714,5751,1190573,0,0,14080,1032293,0.128432,15076,737775,0.09179,14364,1770068,0.220221,8037679
4,2021-02-22,53102,2552389,36459,1345173,16643,1207216,0,0,25785,1031309,0.128309,27218,764993,0.095176,26234,1796302,0.223485,8037679
4,2021-02-23,73863,2626252,40992,1386165,32871,1240087,0,0,32564,1024380,0.127447,41165,806158,0.100297,34236,1830538,0.227745,8037679
4,2021-02-24,88754,2715006,46881,1433046,41873,1281960,0,0,40099,1018186,0.126677,48448,854606,0.106325,42254,1872792,0.233002,8037679
4,2021-02-25,99940,2814946,52192,1485238,47748,1329708,0,0,47952,1016864,0.126512,51832,906438,0.112774,50510,1923302,0.239286,8037679
4,2021-02-26,106475,2921421,53781,1539019,52694,1382402,0,0,54563,1022089,0.127162,51688,958126,0.119204,56913,1980215,0.246367,8037679
4,2021-02-27,77098,2998519,42062,1581081,35030,1417432,6,6,41342,1029307,0.12806,35617,993743,0.123636,42835,2023050,0.251696,8037679
4,2021-02-28,47420,3045939,29484,1610565,17930,1435362,6,12,26554,1036026,0.128896,20724,1014467,0.126214,27443,2050493,0.25511,8037679
4,2021-03-01,77826,3123765,45723,1656288,32069,1467431,34,46,42978,1045625,0.13009,34604,1049071,0.130519,44203,2094696,0.26061,8037679
4,2021-03-02,85048,3208813,48959,1705247,36082,1503513,7,53,50318,1063164,0.132273,34574,1083645,0.134821,52113,2146809,0.267093,8037679
4,2021-03-03,100154,3308967,53338,1758585,46803,1550316,13,66,55976,1076943,0.133987,43981,1127626,0.140292,57760,2204569,0.274279,8037679
4,2021-03-04,97124,3406091,53924,1812509,43183,1593499,17,83,53509,1088837,0.135467,43409,1171035,0.145693,55303,2259872,0.28116,8037679
4,2021-03-05,94314,3500405,50978,1863487,43022,1636521,314,397,56007,1108980,0.137973,38110,1209145,0.150435,58253,2318125,0.288407,8037679
4,2021-03-06,76130,3576535,42990,1906477,30525,1667046,2615,3012,46811,1130552,0.140657,29205,1238350,0.154068,50777,2368902,0.294725,8037679
4,2021-03-07,42686,3619221,27289,1933766,14214,1681260,1183,4195,25609,1141417,0.142008,17015,1255365,0.156185,27880,2396782,0.298193,8037679
4,2021-03-08,66380,3685601,34802,1968568,28382,1709642,3196,7391,43866,1167421,0.145244,22399,1277764,0.158972,48403,2445185,0.304215,8037679
4,2021-03-09,81155,3766756,41143,2009711,34881,1744523,5131,12522,43885,1180448,0.146864,37113,1314877,0.163589,50140,2495325,0.310453,8037679
4,2021-03-10,90903,3857659,46971,2056682,36480,1781003,7452,19974,45999,1190138,0.14807,44739,1359616,0.169155,54429,2549754,0.317225,8037679
4,2021-03-11,100439,3958098,52748,2109430,39299,1820302,8392,28366,46541,1192519,0.148366,53680,1413296,0.175834,56061,2605815,0.3242,8037679
4,2021-03-12,104501,4062599,51578,2161008,42648,1862950,10275,38641,44748,1189022,0.147931,59512,1472808,0.183238,56015,2661830,0.331169,8037679
4,2021-03-13,81023,4143622,37727,2198735,34891,1897841,8405,47046,38095,1193875,0.148535,42807,1515615,0.188564,47660,2709490,0.337099,8037679
4,2021-03-14,49579,4193201,28374,2227109,17566,1915407,3639,50685,23281,1195220,0.148702,26211,1541826,0.191825,27556,2737046,0.340527,8037679
4,2021-03-15,83649,4276850,44996,2272105,34406,1949813,4247,54932,42799,1202483,0.149606,40633,1582459,0.19688,47896,2784942,0.346486,8037679
4,2021-03-16,107501,4384351,55869,2327974,48232,1998045,3400,58332,57057,1213422,0.150967,50228,1632687,0.203129,61167,2846109,0.354096,8037679
4,2021-03-17,106557,4490908,57405,2385379,45657,2043702,3495,61827,62604,1236377,0.153823,43712,1676399,0.208568,66667,2912776,0.36239,8037679
4,2021-03-18,106342,4597250,58908,2444287,43784,2087486,3650,65477,60430,1255246,0.15617,45659,1722058,0.214248,64528,2977304,0.370418,8037679
4,2021-03-19,110762,4708012,63629,2507916,41943,2129429,5190,70667,63161,1276639,0.158832,47370,1769428,0.220142,68763,3046067,0.378973,8037679
4,2021-03-20,83436,4791448,48972,2556888,31466,2160895,2998,73665,51257,1299161,0.161634,32052,1801480,0.224129,54574,3100641,0.385763,8037679
4,2021-03-21,47937,4839385,34750,2591638,10925,2171820,2262,75927,28383,1310727,0.163073,19443,1820923,0.226548,31009,3131650,0.389621,8037679
4,2021-03-22,81920,4921305,53530,2645168,25666,2197486,2724,78651,50938,1334336,0.16601,30772,1851695,0.230377,54381,3186031,0.396387,8037679
4,2021-03-23,104001,5025306,62156,2707324,39698,2237184,2147,80798,61964,1357212,0.168856,41779,1893474,0.235575,64655,3250686,0.404431,8037679
4,2021-03-24,113164,5138470,73142,2780466,37612,2274796,2410,83208,64013,1375351,0.171113,48748,1942222,0.24164,66887,3317573,0.412753,8037679
4,2021-03-25,116715,5255185,71940,2852406,42387,2317183,2388,85596,66931,1395817,0.173659,49336,1991558,0.247778,69802,3387375,0.421437,8037679
4,2021-03-26,119415,5374600,72578,2924984,43793,2360976,3044,88640,65484,1411347,0.175591,53601,2045159,0.254446,69131,3456506,0.430038,8037679
4,2021-03-27,91500,5466100,54229,2979213,35489,2396465,1782,90422,46467,1415278,0.17608,44809,2089968,0.260021,48740,3505246,0.436102,8037679
4,2021-03-28,55580,5521680,36745,3015958,17963,2414428,872,91294,29625,1420305,0.176706,25811,2115779,0.263233,30838,3536084,0.439938,8037679
4,2021-03-29,93302,5614982,56063,3072021,35164,2449592,2075,93369,50645,1431145,0.178055,42437,2158216,0.268512,53277,3589361,0.446567,8037679
4,2021-03-30,116827,5731809,63831,3135852,48846,2498438,4150,97519,69482,1458085,0.181406,47134,2205350,0.274376,74074,3663435,0.455783,8037679
4,2021-03-31,120715,5852524,71392,3207244,43003,2541441,6320,103839,67736,1479703,0.184096,52657,2258007,0.280928,74275,3737710,0.465024,8037679
4,2021-04-01,142198,5994722,81246,3288490,47757,2589198,13195,117034,83851,1519034,0.188989,57951,2315958,0.288138,97282,3834992,0.477127,8037679
4,2021-04-02,136280,6131002,72961,3361451,49769,2638967,13550,130584,78888,1554711,0.193428,57121,2373079,0.295244,92798,3927790,0.488672,8037679
4,2021-04-03,100990,6231992,53948,3415399,33659,2672626,13383,143967,52715,1573000,0.195703,48087,2421166,0.301227,66376,3994166,0.49693,8037679
4,2021-04-04,46832,6278824,24706,3440105,14605,2687231,7521,151488,20435,1574710,0.195916,26299,2447465,0.304499,28009,4022175,0.500415,8037679
4,2021-04-05,109031,6387855,61393,3501498,34880,2722111,12758,164246,56955,1593138,0.198209,51887,2499352,0.310954,70315,4092490,0.509163,8037679
4,2021-04-06,138522,6526377,77991,3579489,40783,2762894,19748,183994,72062,1619362,0.201471,66242,2565594,0.319196,92466,4184956,0.520667,8037679
4,2021-04-07,137156,6663533,77741,3657230,38738,2801632,20677,204671,71160,1645768,0.204757,65762,2631356,0.327378,92168,4277124,0.532134,8037679
4,2021-04-08,139665,6803198,77851,3735081,36429,2838061,25385,230056,69539,1671495,0.207957,69860,2701216,0.336069,95587,4372711,0.544027,8037679
4,2021-04-09,137317,6940515,75359,3810440,39021,2877082,22937,252993,65703,1689801,0.210235,71404,2772620,0.344953,89710,4462421,0.555188,8037679
4,2021-04-10,103209,7043724,51170,3861610,33214,2910296,18825,271818,46474,1699653,0.211461,56534,2829154,0.351986,66386,4528807,0.563447,8037679
4,2021-04-11,62324,7106048,38007,3899617,13137,2923433,11180,282998,27360,1704422,0.212054,34870,2864024,0.356325,39639,4568446,0.568379,8037679
4,2021-04-12,102535,7208583,62368,3961985,30043,2953476,10124,293122,51833,1717197,0.213643,50422,2914446,0.362598,63197,4631643,0.576241,8037679
4,2021-04-13,130058,7338641,81604,4043589,48291,3001767,163,293285,78137,1744725,0.217068,51664,2966110,0.369026,79192,4710835,0.586094,8037679
4,2021-04-14,135254,7473895,86186,4129775,48991,3050758,77,293362,75081,1761281,0.219128,59872,3025982,0.376475,76428,4787263,0.595603,8037679
4,2021-04-15,155797,7629692,103745,4233520,51990,3102748,62,293424,96167,1799056,0.223828,59306,3085288,0.383853,97081,4884344,0.607681,8037679
4,2021-04-16,142689,7772381,90599,4324119,52012,3154760,78,293502,83439,1824442,0.226986,58988,3144276,0.391192,84374,4968718,0.618178,8037679
4,2021-04-17,100366,7872747,63348,4387467,36995,3191755,23,293525,58870,1843291,0.229331,41258,3185534,0.396325,60107,5028825,0.625656,8037679
4,2021-04-18,54230,7926977,36268,4423735,17959,3209714,3,293528,30838,1851844,0.230395,23281,3208815,0.399222,31834,5060659,0.629617,8037679
4,2021-04-19,100501,8027478,66377,4490112,34108,3243822,16,293544,51480,1855142,0.230806,48808,3257623,0.405294,52106,5112765,0.6361,8037679
4,2021-04-20,127271,8154749,74772,4564884,52485,3296307,14,293558,66807,1862845,0.231764,60201,3317824,0.412784,67904,5180669,0.644548,8037679
4,2021-04-21,127531,8282280,81768,4646652,45712,3342019,51,293609,64459,1865598,0.232107,62771,3380595,0.420593,65524,5246193,0.6527,8037679
4,2021-04-22,137225,8419505,90409,4737061,46794,3388813,22,293631,61476,1852769,0.23051,75433,3456028,0.429978,62604,5308797,0.660489,8037679
4,2021-04-23,130681,8550186,84361,4821422,46297,3435110,23,293654,56736,1837052,0.228555,73634,3529662,0.439139,57917,5366714,0.667694,8037679
4,2021-04-24,97367,8647553,66034,4887456,31283,3466393,50,293704,44813,1830683,0.227763,52291,3581953,0.445645,45922,5412636,0.673408,8037679
4,2021-04-25,49555,8697108,35245,4922701,14285,3480678,25,293729,26197,1834119,0.22819,23229,3605182,0.448535,26665,5439301,0.676725,8037679
4,2021-04-26,89543,8786651,58389,4981090,30758,3511436,396,294125,35342,1817282,0.226095,53934,3659116,0.455245,37097,5476398,0.681341,8037679
4,2021-04-27,111680,8898331,67914,5049004,41463,3552899,2303,296428,40218,1789453,0.222633,71170,3730286,0.4641,43341,5519739,0.686733,8037679
4,2021-04-28,101204,8999535,65679,5114683,33022,3585921,2503,298931,37053,1765759,0.219685,63887,3794173,0.472048,40193,5559932,0.691734,8037679
4,2021-04-29,102599,9102134,64986,5179669,35102,3621023,2511,301442,33042,1732631,0.215564,69258,3863431,0.480665,36130,5596062,0.696229,8037679
4,2021-04-30,102268,9204402,64500,5244169,35099,3656122,2669,304111,34919,1703831,0.21198,67014,3930445,0.489002,38214,5634276,0.700983,8037679
4,2021-05-01,68566,9272968,45682,5289851,21129,3677251,1755,305866,19894,1677651,0.208723,48458,3978903,0.495031,22278,5656554,0.703755,8037679
4,2021-05-02,37380,9310348,26533,5316384,9567,3686818,1280,307146,10500,1662795,0.206875,26781,4005684,0.498363,11925,5668479,0.705238,8037679
4,2021-05-03,78003,9388351,54377,5370761,21166,3707984,2460,309606,19147,1626108,0.202311,58636,4064320,0.505658,21949,5690428,0.707969,8037679
4,2021-05-04,98409,9486760,66795,5437556,28868,3736852,2746,312352,22308,1575671,0.196036,75859,4140179,0.515096,25422,5715850,0.711132,8037679
4,2021-05-05,99144,9585904,69470,5507026,26959,3763811,2715,315067,21588,1522996,0.189482,77261,4217440,0.524709,24586,5740436,0.714191,8037679
4,2021-05-06,109272,9695176,81617,5588643,24730,3788541,2925,317992,19392,1456974,0.181268,89455,4306895,0.535838,23433,5763869,0.717106,8037679
4,2021-05-07,102915,9798091,73829,5662472,26411,3814952,2675,320667,20382,1398229,0.173959,82206,4389101,0.546066,23461,5787330,0.720025,8037679
4,2021-05-08,66395,9864486,45440,5707912,19038,3833990,1917,322584,13177,1360666,0.169286,53015,4442116,0.552662,15452,5802782,0.721947,8037679
4,2021-05-09,33411,9897897,27280,5735192,5191,3839181,940,323524,7835,1344052,0.167219,25482,4467598,0.555832,8868,5811650,0.723051,8037679
4,2021-05-10,63181,9961078,42013,5777205,18867,3858048,2301,325825,11095,1305853,0.162466,51906,4519504,0.56229,13707,5825357,0.724756,8037679
4,2021-05-11,79049,10040127,48358,5825563,28519,3886567,2172,327997,15599,1260855,0.156868,63242,4582746,0.570158,18244,5843601,0.727026,8037679
4,2021-05-12,77357,10117484,51185,5876748,23725,3910292,2447,330444,18035,1222665,0.152117,59066,4641812,0.577507,20876,5864477,0.729623,8037679
4,2021-05-13,101991,10219475,75031,5951779,25442,3935734,1518,331962,40299,1204109,0.149808,61396,4703208,0.585145,42840,5907317,0.734953,8037679
4,2021-05-14,102323,10321798,72101,6023880,28129,3963863,2093,334055,40256,1185186,0.147454,61794,4765002,0.592833,42871,5950188,0.740287,8037679
4,2021-05-15,84099,10405897,64993,6088873,17787,3981650,1319,335374,37095,1177083,0.146446,46799,4811801,0.598656,38696,5988884,0.745101,8037679
4,2021-05-16,49195,10455092,39967,6128840,8541,3990191,687,336061,20122,1169083,0.14545,28947,4840748,0.602257,20947,6009831,0.747707,8037679
4,2021-05-17,70021,10525113,51109,6179949,17073,4007264,1839,337900,28196,1157698,0.144034,41642,4882390,0.607438,30257,6040088,0.751472,8037679
4,2021-05-18,80837,10605950,52578,6232527,26514,4033778,1745,339645,29445,1138200,0.141608,51047,4933437,0.613789,31549,6071637,0.755397,8037679
4,2021-05-19,75911,10681861,51433,6283960,22550,4056328,1928,341573,31634,1128012,0.140341,44029,4977466,0.619267,33841,6105478,0.759607,8037679
4,2021-05-20,67476,10749337,43263,6327223,22229,4078557,1984,343557,25806,1114763,0.138692,41415,5018881,0.624419,28166,6133644,0.763111,8037679
4,2021-05-21,72814,10822151,48173,6375396,22787,4101344,1854,345411,26690,1097722,0.136572,45871,5064752,0.630126,28830,6162474,0.766698,8037679
4,2021-05-22,48947,10871098,34279,6409675,13406,4114750,1262,346673,21264,1092971,0.135981,27538,5092290,0.633552,22787,6185261,0.769533,8037679
4,2021-05-23,22635,10893733,16192,6425867,5724,4120474,719,347392,9476,1090249,0.135642,13054,5105344,0.635176,10332,6195593,0.770819,8037679
4,2021-05-24,41516,10935249,26163,6452030,12371,4132845,2982,350374,14613,1081323,0.134532,26715,5132059,0.6385,17789,6213382,0.773032,8037679
4,2021-05-25,44517,10979766,27748,6479778,13972,4146817,2797,353171,16137,1072323,0.133412,28166,5160225,0.642004,19166,6232548,0.775416,8037679
4,2021-05-26,44038,11023804,26466,6506244,15000,4161817,2572,355743,15978,1063210,0.132278,27879,5188104,0.645473,18766,6251314,0.777751,8037679
4,2021-05-27,38562,11062366,23205,6529449,12220,4174037,3137,358880,14846,1057863,0.131613,23547,5211651,0.648402,18200,6269514,0.780015,8037679
4,2021-05-28,42887,11105253,27440,6556889,13858,4187895,1589,360469,19024,1055077,0.131266,23660,5235311,0.651346,20874,6290388,0.782612,8037679
4,2021-05-29,23360,11128613,15232,6572121,7199,4195094,929,361398,11214,1055326,0.131297,12038,5247349,0.652844,12287,6302675,0.784141,8037679
4,2021-05-30,11919,11140532,8375,6580496,3020,4198114,524,361922,5101,1054273,0.131166,6765,5254114,0.653685,5712,6308387,0.784852,8037679
4,2021-05-31,3579,11144111,2291,6582787,1130,4199244,158,362080,1198,1053304,0.131046,2352,5256466,0.653978,1383,6309770,0.785024,8037679
4,2021-06-01,39177,11183288,24458,6607245,12288,4211532,2431,364511,13849,1044683,0.129973,25147,5281613,0.657107,16526,6326296,0.78708,8037679
4,2021-06-02,32237,11215525,20154,6627399,9301,4220833,2782,367293,11162,1037889,0.129128,20915,5302528,0.659709,14121,6340417,0.788837,8037679
4,2021-06-03,47643,11263168,36580,6663979,8612,4229445,2451,369744,11139,1015462,0.126338,36360,5338888,0.664233,13933,6354350,0.79057,8037679
4,2021-06-04,54343,11317511,43845,6707824,9186,4238631,1312,371056,13633,990761,0.123265,40506,5379394,0.669272,15805,6370155,0.792537,8037679
4,2021-06-05,44246,11361757,37917,6745741,5334,4243965,995,372051,9197,966359,0.120229,34901,5414295,0.673614,10499,6380654,0.793843,8037679
4,2021-06-06,20923,11382680,18669,6764410,1699,4245664,555,372606,4656,955817,0.118917,16171,5430466,0.675626,5629,6386283,0.794543,8037679
4,2021-06-07,38285,11420965,31004,6795414,5371,4251035,1910,374516,8863,937599,0.11665,29300,5459766,0.679271,11082,6397365,0.795922,8037679
4,2021-06-08,40125,11461090,31502,6826916,6099,4257134,2524,377040,9687,919920,0.114451,30269,5490035,0.683037,12590,6409955,0.797488,8037679
4,2021-06-09,38537,11499627,30582,6857498,5609,4262743,2346,379386,7996,900298,0.11201,30394,5520429,0.686819,10772,6420727,0.798828,8037679
4,2021-06-10,36527,11536154,28762,6886260,5169,4267912,2596,381982,8602,884020,0.109984,27793,5548222,0.690277,11515,6432242,0.800261,8037679
4,2021-06-11,37626,11573780,29615,6915875,6028,4273940,1983,383965,9779,868440,0.108046,27720,5575942,0.693725,12140,6444382,0.801772,8037679
4,2021-06-12,26053,11599833,21671,6937546,3679,4277619,703,384668,6171,855777,0.106471,19791,5595733,0.696188,7128,6451510,0.802658,8037679
4,2021-06-13,10562,11610395,8338,6945884,1769,4279388,455,385123,2316,850481,0.105812,8191,5603924,0.697207,2895,6454405,0.803019,8037679
4,2021-06-14,24638,11635033,17656,6963540,4220,4283608,2762,387885,6389,841719,0.104722,18147,5622071,0.699464,9385,6463790,0.804186,8037679
4,2021-06-15,29208,11664241,20566,6984106,5196,4288804,3446,391331,8287,833013,0.103639,20778,5642849,0.70205,12072,6475862,0.805688,8037679
4,2021-06-16,14494,11678735,9558,6993664,1654,4290458,3282,394613,3516,829007,0.10314,10908,5653757,0.703407,6902,6482764,0.806547,8037679
