vemquartile,administered_date,total_doses,cumulative_total_doses,pfizer_doses,cumulative_pfizer_doses,moderna_doses,cumulative_moderna_doses,jj_doses,cumulative_jj_doses,partially_vaccinated,total_partially_vaccinated,pct_age16pop_partially_vaccinated,fully_vaccinated,cumulative_fully_vaccinated,pct_age16pop_fully_vaccinated,at_least_one_dose,cumulative_at_least_one_dose,pct_age16pop_at_least_one_dose,age16_population
1,2020-12-15,148,148,148,148,0,0,0,0,148,148,1.8e-05,0,0,0.0,148,148,1.8e-05,8051741
1,2020-12-16,1154,1302,1154,1302,0,0,0,0,1154,1302,0.000162,0,0,0.0,1154,1302,0.000162,8051741
1,2020-12-17,4107,5409,4107,5409,0,0,0,0,4108,5410,0.000672,0,0,0.0,4108,5410,0.000672,8051741
1,2020-12-18,6248,11657,6228,11637,20,20,0,0,6250,11660,0.001448,0,0,0.0,6250,11660,0.001448,8051741
1,2020-12-19,2867,14524,2866,14503,1,21,0,0,2865,14524,0.001804,1,1,0.0,2865,14525,0.001804,8051741
1,2020-12-20,2083,16607,2079,16582,4,25,0,0,2084,16608,0.002063,0,1,0.0,2084,16609,0.002063,8051741
1,2020-12-21,7595,24202,7584,24166,11,36,0,0,7646,24254,0.003012,0,1,0.0,7646,24255,0.003012,8051741
1,2020-12-22,7269,31471,6930,31096,339,375,0,0,7272,31525,0.003915,1,2,0.0,7272,31527,0.003916,8051741
1,2020-12-23,7779,39250,6560,37656,1219,1594,0,0,7774,39299,0.004881,0,2,0.0,7774,39301,0.004881,8051741
1,2020-12-24,3293,42543,2355,40011,938,2532,0,0,3295,42594,0.00529,0,2,0.0,3295,42596,0.00529,8051741
1,2020-12-25,232,42775,149,40160,83,2615,0,0,232,42826,0.005319,0,2,0.0,232,42828,0.005319,8051741
1,2020-12-26,1354,44129,965,41125,389,3004,0,0,1353,44178,0.005487,1,3,0.0,1353,44181,0.005487,8051741
1,2020-12-27,853,44982,527,41652,326,3330,0,0,853,45031,0.005593,0,3,0.0,853,45034,0.005593,8051741
1,2020-12-28,6998,51980,4740,46392,2258,5588,0,0,6997,52028,0.006462,0,3,0.0,6997,52031,0.006462,8051741
1,2020-12-29,8824,60804,4974,51366,3850,9438,0,0,8821,60848,0.007557,1,4,0.0,8821,60852,0.007558,8051741
1,2020-12-30,11575,72379,6469,57835,5106,14544,0,0,11575,72423,0.008995,0,4,0.0,11575,72427,0.008995,8051741
1,2020-12-31,5917,78296,1952,59787,3965,18509,0,0,5915,78337,0.009729,1,5,1e-06,5915,78342,0.00973,8051741
1,2021-01-01,522,78818,175,59962,347,18856,0,0,522,78859,0.009794,0,5,1e-06,522,78864,0.009795,8051741
1,2021-01-02,2879,81697,1743,61705,1136,19992,0,0,2881,81740,0.010152,0,5,1e-06,2881,81745,0.010152,8051741
1,2021-01-03,1012,82709,539,62244,473,20465,0,0,1011,82750,0.010277,1,6,1e-06,1011,82756,0.010278,8051741
1,2021-01-04,7301,90010,3561,65805,3740,24205,0,0,7306,90055,0.011185,1,7,1e-06,7306,90062,0.011185,8051741
1,2021-01-05,10709,100719,5159,70964,5550,29755,0,0,9967,99313,0.012334,729,736,9.1e-05,9987,100049,0.012426,8051741
1,2021-01-06,13931,114650,7016,77980,6915,36670,0,0,12068,109561,0.013607,1826,2562,0.000318,12074,112123,0.013925,8051741
1,2021-01-07,17355,132005,9067,87047,8288,44958,0,0,12936,118183,0.014678,4320,6882,0.000855,12942,125065,0.015533,8051741
1,2021-01-08,20023,152028,10393,97440,9630,54588,0,0,14173,126528,0.015714,5833,12715,0.001579,14178,139243,0.017294,8051741
1,2021-01-09,6621,158649,3351,100791,3270,57858,0,0,4787,129501,0.016084,1818,14533,0.001805,4791,144034,0.017889,8051741
1,2021-01-10,3032,161681,1717,102508,1315,59173,0,0,1863,130212,0.016172,1153,15686,0.001948,1864,145898,0.01812,8051741
1,2021-01-11,18004,179685,11793,114301,6211,65384,0,0,11491,135254,0.016798,6485,22171,0.002754,11527,157425,0.019552,8051741
1,2021-01-12,18779,198464,10618,124919,8161,73545,0,0,12830,142209,0.017662,5907,28078,0.003487,12862,170287,0.021149,8051741
1,2021-01-13,19632,218096,10574,135493,9058,82603,0,0,14507,151627,0.018832,5101,33179,0.004121,14519,184806,0.022952,8051741
1,2021-01-14,21907,240003,9461,144954,12446,95049,0,0,19179,168176,0.020887,2669,35848,0.004452,19218,204024,0.025339,8051741
1,2021-01-15,25084,265087,9286,154240,15798,110847,0,0,23169,189525,0.023538,1864,37712,0.004684,23213,227237,0.028222,8051741
1,2021-01-16,13840,278927,4538,158778,9302,120149,0,0,13001,201691,0.025049,837,38549,0.004788,13003,240240,0.029837,8051741
1,2021-01-17,5164,284091,1987,160765,3177,123326,0,0,4798,206132,0.025601,362,38911,0.004833,4803,245043,0.030434,8051741
1,2021-01-18,14163,298254,8521,169286,5642,128968,0,0,11035,214089,0.026589,3116,42027,0.00522,11073,256116,0.031809,8051741
1,2021-01-19,24522,322776,12777,182063,11745,140713,0,0,19396,228423,0.028369,5111,47138,0.005854,19445,275561,0.034224,8051741
1,2021-01-20,28210,350986,13803,195866,14407,155120,0,0,22652,245572,0.030499,5536,52674,0.006542,22685,298246,0.037041,8051741
1,2021-01-21,30521,381507,14190,210056,16331,171451,0,0,27418,270006,0.033534,3048,55722,0.00692,27482,325728,0.040454,8051741
1,2021-01-22,28006,409513,11126,221182,16880,188331,0,0,26053,294173,0.036535,1911,57633,0.007158,26078,351806,0.043693,8051741
1,2021-01-23,18618,428131,8180,229362,10438,198769,0,0,16699,308979,0.038374,1904,59537,0.007394,16710,368516,0.045768,8051741
1,2021-01-24,6648,434779,4156,233518,2492,201261,0,0,6000,314340,0.03904,643,60180,0.007474,6004,374520,0.046514,8051741
1,2021-01-25,24748,459527,10257,243775,14491,215752,0,0,19307,328308,0.040775,5422,65602,0.008148,19390,393910,0.048922,8051741
1,2021-01-26,28270,487797,13295,257070,14975,230727,0,0,21796,343687,0.042685,6433,72035,0.008947,21812,415722,0.051631,8051741
1,2021-01-27,31425,519222,15325,272395,16100,246827,0,0,23584,359517,0.044651,7777,79812,0.009912,23607,439329,0.054563,8051741
1,2021-01-28,34260,553482,16009,288404,18251,265078,0,0,27576,380510,0.047258,6627,86439,0.010735,27620,466949,0.057994,8051741
1,2021-01-29,33200,586682,16318,304722,16882,281960,0,0,26783,401034,0.049807,6290,92729,0.011517,26814,493763,0.061324,8051741
1,2021-01-30,19969,606651,8629,313351,11340,293300,0,0,17984,417064,0.051798,1961,94690,0.01176,17991,511754,0.063558,8051741
1,2021-01-31,7587,614238,4988,318339,2599,295899,0,0,6852,423184,0.052558,734,95424,0.011851,6854,518608,0.064409,8051741
1,2021-02-01,28091,642329,12122,330461,15969,311868,0,0,20721,436585,0.054222,7326,102750,0.012761,20727,539335,0.066984,8051741
1,2021-02-02,31786,674115,11461,341922,20325,332193,0,0,23929,452749,0.05623,7797,110547,0.01373,23961,563296,0.06996,8051741
1,2021-02-03,38912,713027,14887,356809,24025,356218,0,0,28178,470340,0.058415,10615,121162,0.015048,28206,591502,0.073463,8051741
1,2021-02-04,43562,756589,17047,373856,26515,382733,0,0,31617,490161,0.060876,11842,133004,0.016519,31663,623165,0.077395,8051741
1,2021-02-05,46593,803182,17320,391176,29273,412006,0,0,30690,505102,0.062732,15790,148794,0.01848,30731,653896,0.081212,8051741
1,2021-02-06,26416,829598,10445,401621,15971,427977,0,0,20623,519992,0.064581,5748,154542,0.019194,20638,674534,0.083775,8051741
1,2021-02-07,6165,835763,3950,405571,2215,430192,0,0,4600,523060,0.064962,1549,156091,0.019386,4617,679151,0.084348,8051741
1,2021-02-08,30963,866726,14019,419590,16944,447136,0,0,20667,533608,0.066272,10197,166288,0.020652,20745,699896,0.086925,8051741
1,2021-02-09,37853,904579,16569,436159,21284,468420,0,0,23259,542454,0.067371,14482,180770,0.022451,23328,723224,0.089822,8051741
1,2021-02-10,46463,951042,22005,458164,24458,492878,0,0,26808,549818,0.068286,19518,200288,0.024875,26882,750106,0.093161,8051741
1,2021-02-11,50325,1001367,24756,482920,25569,518447,0,0,30653,561090,0.069686,19477,219765,0.027294,30749,780855,0.09698,8051741
1,2021-02-12,49241,1050608,21274,504194,27967,546414,0,0,28382,568871,0.070652,20731,240496,0.029869,28512,809367,0.100521,8051741
1,2021-02-13,25995,1076603,11303,515497,14692,561106,0,0,15078,573174,0.071186,10851,251347,0.031216,15154,824521,0.102403,8051741
1,2021-02-14,11569,1088172,5462,520959,6107,567213,0,0,6603,574943,0.071406,4938,256285,0.03183,6707,831228,0.103236,8051741
1,2021-02-15,23270,1111442,9218,530177,14052,581265,0,0,14174,580266,0.072067,9009,265294,0.032949,14332,845560,0.105016,8051741
1,2021-02-16,46284,1157726,22099,552276,24185,605450,0,0,27393,589012,0.073153,18831,284125,0.035287,27577,873137,0.108441,8051741
1,2021-02-17,47571,1205297,24002,576278,23569,629019,0,0,25907,593557,0.073718,21565,305690,0.037966,26110,899247,0.111684,8051741
1,2021-02-18,49972,1255269,24936,601214,25036,654055,0,0,26119,596304,0.074059,23662,329352,0.040904,26409,925656,0.114963,8051741
1,2021-02-19,45206,1300475,24493,625707,20713,674768,0,0,25662,602572,0.074837,19454,348806,0.043321,25722,951378,0.118158,8051741
1,2021-02-20,26371,1326846,15952,641659,10419,685187,0,0,15105,606523,0.075328,11230,360036,0.044715,15181,966559,0.120043,8051741
1,2021-02-21,9623,1336469,8401,650060,1222,686409,0,0,5859,608788,0.075609,3728,363764,0.045178,5993,972552,0.120788,8051741
1,2021-02-22,29693,1366162,19515,669575,10178,696587,0,0,17497,614314,0.076296,12151,375915,0.046687,17677,990229,0.122983,8051741
1,2021-02-23,41834,1407996,20082,689657,21752,718339,0,0,23289,619563,0.076948,18434,394349,0.048977,23683,1013912,0.125925,8051741
1,2021-02-24,52308,1460304,25298,714955,27010,745349,0,0,29523,626882,0.077857,22694,417043,0.051795,30013,1043925,0.129652,8051741
1,2021-02-25,63462,1523766,30467,745422,32995,778344,0,0,39583,643212,0.079885,23792,440835,0.05475,40122,1084047,0.134635,8051741
1,2021-02-26,71368,1595134,33593,779015,37775,816119,0,0,47391,667231,0.082868,23841,464676,0.057711,47860,1131907,0.140579,8051741
1,2021-02-27,48103,1643237,21395,800410,26703,842822,5,5,31889,683278,0.084861,16114,480790,0.059713,32161,1164068,0.144573,8051741
1,2021-02-28,18883,1662120,11205,811615,7678,850500,0,5,14002,692677,0.086028,4830,485620,0.060312,14229,1178297,0.146341,8051741
1,2021-03-01,43024,1705144,19639,831254,23375,873875,10,15,28059,706159,0.087703,14871,500491,0.062159,28353,1206650,0.149862,8051741
1,2021-03-02,58314,1763458,23922,855176,34387,908262,5,20,37125,722944,0.089787,21092,521583,0.064779,37877,1244527,0.154566,8051741
1,2021-03-03,67626,1831084,31766,886942,35848,944110,12,32,41040,738285,0.091693,26482,548065,0.068068,41823,1286350,0.15976,8051741
1,2021-03-04,75288,1906372,34736,921678,40520,984630,32,64,48212,760150,0.094408,26932,574997,0.071413,48797,1335147,0.165821,8051741
1,2021-03-05,73839,1980211,32796,954474,40842,1025472,201,265,49157,785815,0.097596,24507,599504,0.074456,50172,1385319,0.172052,8051741
1,2021-03-06,56162,2036373,26608,981082,28226,1053698,1328,1593,38177,807955,0.100345,17931,617435,0.076683,40071,1425390,0.177029,8051741
1,2021-03-07,19372,2055745,12218,993300,6366,1060064,788,2381,14509,818691,0.101679,4849,622284,0.077286,15585,1440975,0.178964,8051741
1,2021-03-08,43085,2098830,20389,1013689,20845,1080909,1851,4232,30083,838027,0.10408,12936,635220,0.078892,32272,1473247,0.182972,8051741
1,2021-03-09,59677,2158507,25967,1039656,31250,1112159,2460,6692,35767,853050,0.105946,23834,659054,0.081852,38857,1512104,0.187798,8051741
1,2021-03-10,70147,2228654,34523,1074179,31396,1143555,4228,10920,43386,874518,0.108612,26658,685712,0.085163,48126,1560230,0.193775,8051741
1,2021-03-11,87392,2316046,39754,1113933,39831,1183386,7807,18727,51266,898229,0.111557,35925,721637,0.089625,59636,1619866,0.201182,8051741
1,2021-03-12,93521,2409567,40250,1154183,41027,1224413,12244,30971,53933,925472,0.114941,39424,761061,0.094521,66667,1686533,0.209462,8051741
1,2021-03-13,62825,2472392,28135,1182318,27027,1251440,7663,38634,40054,950866,0.118094,22675,783736,0.097337,48069,1734602,0.215432,8051741
1,2021-03-14,26742,2499134,14257,1196575,9016,1260456,3469,42103,15847,959537,0.119171,10848,794584,0.098685,19519,1754121,0.217856,8051741
1,2021-03-15,63231,2562365,27427,1224002,29224,1289680,6580,48683,37497,978396,0.121514,25587,820171,0.101863,44446,1798567,0.223376,8051741
1,2021-03-16,83156,2645521,37223,1261225,40450,1330130,5483,54166,52311,1005955,0.124936,30692,850863,0.105674,58251,1856818,0.230611,8051741
1,2021-03-17,89376,2734897,42688,1303913,40192,1370322,6496,60662,57432,1038536,0.128983,31812,882675,0.109625,64393,1921211,0.238608,8051741
1,2021-03-18,94629,2829526,47851,1351764,41286,1411608,5492,66154,58635,1067645,0.132598,35724,918399,0.114062,64833,1986044,0.24666,8051741
1,2021-03-19,99757,2929283,51156,1402920,42541,1454149,6060,72214,59553,1093837,0.135851,39970,958369,0.119026,66162,2052206,0.254877,8051741
1,2021-03-20,69728,2999011,35899,1438819,28653,1482802,5176,77390,45888,1121515,0.139289,23709,982078,0.121971,51387,2103593,0.261259,8051741
1,2021-03-21,25790,3024801,17785,1456604,6246,1489048,1759,79149,16758,1131251,0.140498,8968,991046,0.123085,18704,2122297,0.263582,8051741
1,2021-03-22,56713,3081514,29436,1486040,24098,1513146,3179,82328,38830,1155873,0.143556,17742,1008788,0.125288,42364,2164661,0.268844,8051741
1,2021-03-23,79948,3161462,40538,1526578,35964,1549110,3446,85774,51991,1184011,0.14705,27796,1036584,0.12874,55934,2220595,0.275791,8051741
1,2021-03-24,84037,3245499,42356,1568934,37495,1586605,4186,89960,51423,1207529,0.149971,32425,1069009,0.132767,55943,2276538,0.282739,8051741
1,2021-03-25,92121,3337620,46414,1615348,40168,1626773,5539,95499,53506,1228432,0.152567,38380,1107389,0.137534,59283,2335821,0.290101,8051741
1,2021-03-26,100142,3437762,48233,1663581,45791,1672564,6118,101617,56163,1247323,0.154913,43724,1151113,0.142964,62615,2398436,0.297878,8051741
1,2021-03-27,70577,3508339,36681,1700262,30208,1702772,3688,105305,37121,1255058,0.155874,33282,1184395,0.147098,41017,2439453,0.302972,8051741
1,2021-03-28,31189,3539528,20064,1720326,9928,1712700,1197,106502,16648,1258775,0.156336,14459,1198854,0.148894,18176,2457629,0.30523,8051741
1,2021-03-29,64777,3604305,32352,1752678,29652,1742352,2773,109275,37010,1271144,0.157872,27639,1226493,0.152326,40008,2497637,0.310198,8051741
1,2021-03-30,88682,3692987,43368,1796046,39404,1781756,5910,115185,50596,1289827,0.160192,37973,1264466,0.157043,56656,2554293,0.317235,8051741
1,2021-03-31,96652,3789639,50415,1846461,40527,1822283,5710,120895,55423,1310060,0.162705,41006,1305472,0.162135,61239,2615532,0.324841,8051741
1,2021-04-01,106124,3895763,50825,1897286,47362,1869645,7937,128832,55338,1322911,0.164301,50531,1356003,0.168411,63382,2678914,0.332712,8051741
1,2021-04-02,105568,4001331,48069,1945355,48335,1917980,9164,137996,54818,1336733,0.166018,50417,1406420,0.174673,64239,2743153,0.340691,8051741
1,2021-04-03,75068,4076399,37397,1982752,28455,1946435,9216,147212,35639,1342436,0.166726,39296,1445716,0.179553,44999,2788152,0.346279,8051741
1,2021-04-04,23439,4099838,11655,1994407,8358,1954793,3426,150638,10173,1342817,0.166773,13228,1458944,0.181196,13609,2801761,0.34797,8051741
1,2021-04-05,73172,4173010,34947,2029354,29358,1984151,8867,159505,34122,1347153,0.167312,38911,1497855,0.186029,43247,2845008,0.353341,8051741
1,2021-04-06,101263,4274273,47919,2077273,37054,2021205,16290,175795,46643,1355844,0.168391,54423,1552278,0.192788,63114,2908122,0.361179,8051741
1,2021-04-07,107685,4381958,51856,2129129,38720,2059925,17109,192904,49804,1365336,0.16957,57685,1609963,0.199952,67177,2975299,0.369522,8051741
1,2021-04-08,118117,4500075,55505,2184634,42240,2102165,20372,213276,53202,1374430,0.1707,64622,1674585,0.207978,73716,3049015,0.378678,8051741
1,2021-04-09,116012,4616087,52148,2236782,43828,2145993,20036,233312,51789,1382513,0.171704,63929,1738514,0.215918,72012,3121027,0.387621,8051741
1,2021-04-10,92693,4708780,41402,2278184,29091,2175084,22200,255512,36648,1385558,0.172082,55878,1794392,0.222858,58923,3179950,0.394939,8051741
1,2021-04-11,34746,4743526,19096,2297280,9193,2184277,6457,261969,14318,1386224,0.172165,20373,1814765,0.225388,21039,3200989,0.397552,8051741
1,2021-04-12,72080,4815606,32033,2329313,30249,2214526,9798,271767,31075,1386482,0.172197,40801,1855566,0.230455,41059,3242048,0.402652,8051741
1,2021-04-13,93483,4909089,49391,2378704,43761,2258287,331,272098,50208,1394400,0.17318,43071,1898637,0.235805,50989,3293037,0.408984,8051741
1,2021-04-14,99609,5008698,51516,2430220,48030,2306317,63,272161,50818,1397317,0.173542,48500,1947137,0.241828,51417,3344454,0.41537,8051741
1,2021-04-15,100777,5109475,54496,2484716,46199,2352516,82,272243,54073,1405682,0.174581,46239,1993376,0.247571,54604,3399058,0.422152,8051741
1,2021-04-16,104140,5213615,53469,2538185,50585,2403101,86,272329,52372,1406978,0.174742,51418,2044794,0.253957,52714,3451772,0.428699,8051741
1,2021-04-17,78730,5292345,42627,2580812,36096,2439197,7,272336,44255,1417172,0.176008,34310,2079104,0.258218,44504,3496276,0.434226,8051741
1,2021-04-18,27726,5320071,18333,2599145,9387,2448584,6,272342,14550,1418893,0.176222,13106,2092210,0.259846,14827,3511103,0.436068,8051741
1,2021-04-19,63726,5383797,32581,2631726,31121,2479705,24,272366,29103,1413908,0.175603,34349,2126559,0.264112,29364,3540467,0.439714,8051741
1,2021-04-20,83733,5467530,41936,2673662,41781,2521486,16,272382,39923,1410805,0.175217,43548,2170107,0.26952,40445,3580912,0.444738,8051741
1,2021-04-21,90465,5557995,46128,2719790,44248,2565734,89,272471,41230,1404095,0.174384,48825,2218932,0.275584,42115,3623027,0.449968,8051741
1,2021-04-22,91848,5649843,47615,2767405,44214,2609948,19,272490,42858,1399097,0.173763,48611,2267543,0.281621,43613,3666640,0.455385,8051741
1,2021-04-23,94737,5744580,48652,2816057,46060,2656008,25,272515,45834,1397044,0.173508,48537,2316080,0.28765,46484,3713124,0.461158,8051741
1,2021-04-24,72151,5816731,45796,2861853,26344,2682352,11,272526,41597,1408803,0.174969,30363,2346443,0.291421,42122,3755246,0.466389,8051741
1,2021-04-25,26725,5843456,17121,2878974,9596,2691948,8,272534,15416,1413197,0.175514,11233,2357676,0.292816,15627,3770873,0.46833,8051741
1,2021-04-26,57292,5900748,30684,2909658,26262,2718210,346,272880,27162,1411426,0.175295,29910,2387586,0.29653,28139,3799012,0.471825,8051741
1,2021-04-27,72711,5973459,38502,2948160,33098,2751308,1111,273991,31202,1403010,0.174249,41232,2428818,0.301651,32816,3831828,0.475901,8051741
1,2021-04-28,73494,6046953,38855,2987015,33272,2784580,1367,275358,32150,1396072,0.173388,41094,2469912,0.306755,34156,3865984,0.480143,8051741
1,2021-04-29,69775,6116728,38232,3025247,30189,2814769,1354,276712,28601,1385651,0.172093,40950,2510862,0.311841,30529,3896513,0.483934,8051741
1,2021-04-30,80511,6197239,43604,3068851,35194,2849963,1713,278425,34007,1375877,0.170879,46272,2557134,0.317588,36498,3933011,0.488467,8051741
1,2021-05-01,59238,6256477,38356,3107207,19637,2869600,1245,279670,24926,1368458,0.169958,34163,2591297,0.321831,26744,3959755,0.491789,8051741
1,2021-05-02,21236,6277713,14713,3121920,6039,2875639,484,280154,8885,1365713,0.169617,12273,2603570,0.323355,9528,3969283,0.492972,8051741
1,2021-05-03,38532,6316245,19670,3141590,17585,2893224,1277,281431,14184,1357499,0.168597,24191,2627761,0.326359,15977,3985260,0.494956,8051741
1,2021-05-04,56746,6372991,32439,3174029,22868,2916092,1439,282870,20164,1343675,0.16688,36372,2664133,0.330877,22548,4007808,0.497757,8051741
1,2021-05-05,41318,6414309,26295,3200324,13647,2929739,1376,284246,13040,1330471,0.16524,28118,2692251,0.334369,14914,4022722,0.499609,8051741
2,2020-12-15,233,233,233,233,0,0,0,0,233,233,3e-05,0,0,0.0,233,233,3e-05,7897587
2,2020-12-16,1926,2159,1926,2159,0,0,0,0,1926,2159,0.000273,0,0,0.0,1926,2159,0.000273,7897587
2,2020-12-17,6661,8820,6661,8820,0,0,0,0,6662,8821,0.001117,0,0,0.0,6662,8821,0.001117,7897587
2,2020-12-18,10828,19648,10809,19629,19,19,0,0,10829,19650,0.002488,0,0,0.0,10829,19650,0.002488,7897587
2,2020-12-19,5573,25221,5568,25197,5,24,0,0,5575,25225,0.003194,0,0,0.0,5575,25225,0.003194,7897587
2,2020-12-20,4218,29439,4210,29407,8,32,0,0,4214,29439,0.003728,0,0,0.0,4214,29439,0.003728,7897587
2,2020-12-21,12766,42205,12743,42150,23,55,0,0,12721,42160,0.005338,0,0,0.0,12721,42160,0.005338,7897587
2,2020-12-22,12036,54241,11529,53679,507,562,0,0,12036,54196,0.006862,0,0,0.0,12036,54196,0.006862,7897587
2,2020-12-23,11607,65848,9419,63098,2188,2750,0,0,11609,65805,0.008332,0,0,0.0,11609,65805,0.008332,7897587
2,2020-12-24,5842,71690,3488,66586,2354,5104,0,0,5839,71644,0.009072,0,0,0.0,5839,71644,0.009072,7897587
2,2020-12-25,478,72168,401,66987,77,5181,0,0,479,72123,0.009132,0,0,0.0,479,72123,0.009132,7897587
2,2020-12-26,2565,74733,1669,68656,896,6077,0,0,2567,74690,0.009457,0,0,0.0,2567,74690,0.009457,7897587
2,2020-12-27,2211,76944,1197,69853,1014,7091,0,0,2209,76898,0.009737,1,1,0.0,2209,76899,0.009737,7897587
2,2020-12-28,10903,87847,7085,76938,3818,10909,0,0,10903,87800,0.011117,1,2,0.0,10903,87802,0.011118,7897587
2,2020-12-29,12685,100532,7187,84125,5498,16407,0,0,12689,100489,0.012724,0,2,0.0,12689,100491,0.012724,7897587
2,2020-12-30,15323,115855,8635,92760,6688,23095,0,0,15340,115828,0.014666,1,3,0.0,15340,115831,0.014667,7897587
2,2020-12-31,7498,123353,2803,95563,4695,27790,0,0,7496,123323,0.015615,1,4,1e-06,7496,123327,0.015616,7897587
2,2021-01-01,1104,124457,533,96096,571,28361,0,0,1106,124428,0.015755,1,5,1e-06,1106,124433,0.015756,7897587
2,2021-01-02,4811,129268,2751,98847,2060,30421,0,0,4809,129237,0.016364,0,5,1e-06,4809,129242,0.016365,7897587
2,2021-01-03,1384,130652,790,99637,594,31015,0,0,1379,130613,0.016538,3,8,1e-06,1379,130621,0.016539,7897587
2,2021-01-04,11603,142255,5547,105184,6056,37071,0,0,11591,142200,0.018005,4,12,2e-06,11591,142212,0.018007,7897587
2,2021-01-05,13782,156037,6878,112062,6904,43975,0,0,12609,153672,0.019458,1166,1178,0.000149,12638,154850,0.019607,7897587
2,2021-01-06,18914,174951,10441,122503,8473,52448,0,0,15204,165216,0.02092,3665,4843,0.000613,15209,170059,0.021533,7897587
2,2021-01-07,22851,197802,12840,135343,10011,62459,0,0,15513,173387,0.021954,7355,12198,0.001545,15526,185585,0.023499,7897587
2,2021-01-08,26307,224109,15953,151296,10354,72813,0,0,16281,179689,0.022752,9995,22193,0.00281,16297,201882,0.025562,7897587
2,2021-01-09,9695,233804,5662,156958,4033,76846,0,0,6211,182399,0.023096,3505,25698,0.003254,6215,208097,0.026349,7897587
2,2021-01-10,5268,239072,2913,159871,2355,79201,0,0,3060,183232,0.023201,2231,27929,0.003536,3064,211161,0.026737,7897587
2,2021-01-11,25917,264989,17820,177691,8097,87298,0,0,15000,187326,0.023719,10952,38881,0.004923,15046,226207,0.028643,7897587
2,2021-01-12,25932,290921,16103,193794,9829,97127,0,0,16482,194395,0.024614,9480,48361,0.006124,16549,242756,0.030738,7897587
2,2021-01-13,28225,319146,14876,208670,13349,110476,0,0,20328,206852,0.026192,7893,56254,0.007123,20350,263106,0.033315,7897587
2,2021-01-14,30026,349172,11418,220088,18608,129084,0,0,25846,228538,0.028938,4207,60461,0.007656,25893,288999,0.036593,7897587
2,2021-01-15,35088,384260,12931,233019,22157,151241,0,0,31876,257250,0.032573,3226,63687,0.008064,31938,320937,0.040637,7897587
2,2021-01-16,17543,401803,5610,238629,11933,163174,0,0,16235,272161,0.034461,1334,65021,0.008233,16245,337182,0.042694,7897587
2,2021-01-17,10550,412353,3519,242148,7031,170205,0,0,9848,281290,0.035617,727,65748,0.008325,9856,347038,0.043942,7897587
2,2021-01-18,19644,431997,11005,253153,8639,178844,0,0,14923,291519,0.036912,4737,70485,0.008925,14966,362004,0.045837,7897587
2,2021-01-19,32195,464192,16793,269946,15402,194246,0,0,24231,307890,0.038985,7970,78455,0.009934,24341,386345,0.048919,7897587
2,2021-01-20,36514,500706,18130,288076,18384,212630,0,0,28016,327512,0.04147,8479,86934,0.011008,28101,414446,0.052478,7897587
2,2021-01-21,40459,541165,17222,305298,23237,235867,0,0,36070,359366,0.045503,4368,91302,0.011561,36222,450668,0.057064,7897587
2,2021-01-22,39040,580205,16317,321615,22723,258590,0,0,35758,391872,0.049619,3285,94587,0.011977,35791,486459,0.061596,7897587
2,2021-01-23,23906,604111,10815,332430,13091,271681,0,0,20953,409926,0.051905,2928,97515,0.012347,20982,507441,0.064253,7897587
2,2021-01-24,12430,616541,6157,338587,6273,277954,0,0,11519,420557,0.053251,898,98413,0.012461,11529,518970,0.065712,7897587
2,2021-01-25,33514,650055,15549,354136,17965,295919,0,0,24833,436880,0.055318,8629,107042,0.013554,24952,543922,0.068872,7897587
2,2021-01-26,40036,690091,19813,373949,20223,316142,0,0,31143,459227,0.058148,8872,115914,0.014677,31219,575141,0.072825,7897587
2,2021-01-27,44907,734998,22887,396836,22020,338162,0,0,34970,484434,0.061339,9816,125730,0.01592,35023,610164,0.07726,7897587
2,2021-01-28,47833,782831,22559,419395,25274,363436,0,0,39351,515413,0.065262,8430,134160,0.016987,39409,649573,0.08225,7897587
2,2021-01-29,45423,828254,22286,441681,23137,386573,0,0,36916,543966,0.068877,8410,142570,0.018052,36963,686536,0.08693,7897587
2,2021-01-30,31257,859511,13661,455342,17596,404169,0,0,28031,568840,0.072027,3187,145757,0.018456,28061,714597,0.090483,7897587
2,2021-01-31,17549,877060,10650,465992,6899,411068,0,0,16333,583991,0.073945,1201,146958,0.018608,16352,730949,0.092553,7897587
2,2021-02-01,40081,917141,19159,485151,20922,431990,0,0,29738,603447,0.076409,10313,157271,0.019914,29769,760718,0.096323,7897587
2,2021-02-02,47733,964874,19733,504884,28000,459990,0,0,36324,628531,0.079585,11336,168607,0.021349,36420,797138,0.100934,7897587
2,2021-02-03,53611,1018485,23866,528750,29745,489735,0,0,39723,654541,0.082879,13797,182404,0.023096,39807,836945,0.105975,7897587
2,2021-02-04,55715,1074200,24232,552982,31483,521218,0,0,40807,680618,0.086181,14819,197223,0.024973,40896,877841,0.111153,7897587
2,2021-02-05,59422,1133622,26318,579300,33104,554322,0,0,40299,702147,0.088907,18957,216180,0.027373,40486,918327,0.116279,7897587
2,2021-02-06,38753,1172375,18137,597437,20616,574938,0,0,31231,726002,0.091927,7456,223636,0.028317,31311,949638,0.120244,7897587
2,2021-02-07,15961,1188336,10714,608151,5247,580185,0,0,12100,734330,0.092982,3837,227473,0.028803,12165,961803,0.121784,7897587
2,2021-02-08,42940,1231276,22065,630216,20875,601060,0,0,29607,750903,0.09508,13228,240701,0.030478,29801,991604,0.125558,7897587
2,2021-02-09,49015,1280291,23392,653608,25623,626683,0,0,30785,763853,0.09672,18147,258848,0.032776,31097,1022701,0.129495,7897587
2,2021-02-10,59223,1339514,28030,681638,31193,657876,0,0,34656,774513,0.09807,24340,283188,0.035858,35000,1057701,0.133927,7897587
2,2021-02-11,63488,1403002,29440,711078,34048,691924,0,0,35849,783490,0.099206,27350,310538,0.039321,36327,1094028,0.138527,7897587
2,2021-02-12,64580,1467582,27943,739021,36637,728561,0,0,34544,788849,0.099885,29834,340372,0.043098,35193,1129221,0.142983,7897587
2,2021-02-13,37397,1504979,15712,754733,21685,750246,0,0,21680,795273,0.100698,15632,356004,0.045078,22056,1151277,0.145776,7897587
2,2021-02-14,19877,1524856,9319,764052,10558,760804,0,0,11204,798261,0.101077,8637,364641,0.046171,11625,1162902,0.147248,7897587
2,2021-02-15,32839,1557695,14890,778942,17949,778753,0,0,18288,802985,0.101675,14441,379082,0.048,19165,1182067,0.149674,7897587
2,2021-02-16,55777,1613472,27606,806548,28171,806924,0,0,29413,806979,0.10218,26286,405368,0.051328,30280,1212347,0.153509,7897587
2,2021-02-17,60920,1674392,31557,838105,29363,836287,0,0,30294,807832,0.102288,30579,435947,0.0552,31432,1243779,0.157488,7897587
2,2021-02-18,65505,1739897,33362,871467,32143,868430,0,0,32020,808062,0.102318,33286,469233,0.059415,33516,1277295,0.161732,7897587
2,2021-02-19,58644,1798541,32723,904190,25921,894351,0,0,29173,808600,0.102386,29335,498568,0.063129,29873,1307168,0.165515,7897587
2,2021-02-20,36735,1835276,23994,928184,12741,907092,0,0,19969,812858,0.102925,16695,515263,0.065243,20953,1328121,0.168168,7897587
2,2021-02-21,17846,1853122,14417,942601,3429,910521,0,0,8768,813984,0.103067,9013,524276,0.066384,10139,1338260,0.169452,7897587
2,2021-02-22,37105,1890227,25494,968095,11611,922132,0,0,17816,813839,0.103049,19194,543470,0.068815,19049,1357309,0.171864,7897587
2,2021-02-23,50667,1940894,25823,993918,24844,946976,0,0,22359,810776,0.102661,28138,571608,0.072378,25075,1382384,0.175039,7897587
2,2021-02-24,67751,2008645,34900,1028818,32851,979827,0,0,31344,809141,0.102454,36279,607887,0.076971,34644,1417028,0.179425,7897587
2,2021-02-25,72863,2081508,34098,1062916,38765,1018592,0,0,37028,814135,0.103087,35640,643527,0.081484,40634,1457662,0.184571,7897587
2,2021-02-26,81104,2162612,34788,1097704,46316,1064908,0,0,44020,823560,0.10428,36860,680387,0.086151,46285,1503947,0.190431,7897587
2,2021-02-27,58529,2221141,26630,1124334,31895,1096803,4,4,31953,830608,0.105172,26401,706788,0.089494,33449,1537396,0.194667,7897587
2,2021-02-28,28849,2249990,17308,1141642,11540,1108343,1,5,16872,837156,0.106001,11898,718686,0.091001,18446,1555842,0.197002,7897587
2,2021-03-01,55169,2305159,28980,1170622,26173,1134516,16,21,30250,844554,0.106938,24726,743412,0.094132,32124,1587966,0.20107,7897587
2,2021-03-02,64405,2369564,29854,1200476,34546,1169062,5,26,35966,855236,0.108291,28338,771750,0.09772,39020,1626986,0.206011,7897587
2,2021-03-03,77546,2447110,37527,1238003,40013,1209075,6,32,43641,868278,0.109942,33749,805499,0.101993,46791,1673777,0.211935,7897587
2,2021-03-04,85947,2533057,42444,1280447,43476,1252551,27,59,49754,884827,0.112038,36031,841530,0.106555,52580,1726357,0.218593,7897587
2,2021-03-05,78308,2611365,36685,1317132,41328,1293879,295,354,47877,905185,0.114615,30264,871794,0.110387,50622,1776979,0.225003,7897587
2,2021-03-06,61223,2672588,29853,1346985,29712,1323591,1658,2012,37601,922509,0.116809,23526,895320,0.113366,40850,1817829,0.230175,7897587
2,2021-03-07,26770,2699358,15483,1362468,10342,1333933,945,2957,17141,932420,0.118064,9574,904894,0.114579,19485,1837314,0.232642,7897587
2,2021-03-08,48831,2748189,22276,1384744,24133,1358066,2422,5379,30774,949301,0.120201,17960,922854,0.116853,34841,1872155,0.237054,7897587
2,2021-03-09,63536,2811725,26329,1411073,33466,1391532,3741,9120,33969,959493,0.121492,29453,952307,0.120582,39645,1911800,0.242074,7897587
2,2021-03-10,74598,2886323,34991,1446064,33425,1424957,6182,15302,39563,972184,0.123099,34869,987176,0.124997,47560,1959360,0.248096,7897587
2,2021-03-11,90814,2977137,41805,1487869,40859,1465816,8150,23452,47880,987437,0.12503,42690,1029866,0.130403,57943,2017303,0.255433,7897587
2,2021-03-12,91468,3068605,37645,1525514,41988,1507804,11835,35287,45861,1001073,0.126757,45441,1075307,0.136156,59077,2076380,0.262913,7897587
2,2021-03-13,67121,3135726,28123,1553637,31182,1538986,7816,43103,37062,1017302,0.128812,29957,1105264,0.13995,46186,2122566,0.268761,7897587
2,2021-03-14,35897,3171623,17769,1571406,13684,1552670,4444,47547,19191,1025088,0.129798,16630,1121894,0.142055,24416,2146982,0.271853,7897587
2,2021-03-15,66058,3237681,29773,1601179,31341,1584011,4944,52491,36720,1038726,0.131524,29156,1151050,0.145747,42794,2189776,0.277272,7897587
2,2021-03-16,84903,3322584,37460,1638639,43507,1627518,3936,56427,52079,1063483,0.134659,32681,1183731,0.149885,57438,2247214,0.284544,7897587
2,2021-03-17,90421,3413005,43352,1681991,43112,1670630,3957,60384,57827,1093976,0.13852,32391,1216122,0.153987,62884,2310098,0.292507,7897587
2,2021-03-18,95356,3508361,45122,1727113,45828,1716458,4406,64790,59069,1122441,0.142125,36029,1252151,0.158549,64494,2374592,0.300673,7897587
2,2021-03-19,95184,3603545,44850,1771963,44314,1760772,6020,70810,57339,1148899,0.145475,37614,1289765,0.163311,64072,2438664,0.308786,7897587
2,2021-03-20,68304,3671849,32778,1804741,31663,1792435,3863,74673,45582,1176344,0.14895,22539,1312304,0.166165,49984,2488648,0.315115,7897587
2,2021-03-21,32465,3704314,20874,1825615,9640,1802075,1951,76624,20628,1188096,0.150438,11748,1324052,0.167653,23500,2512148,0.318091,7897587
2,2021-03-22,61389,3765703,33646,1859261,25189,1827264,2554,79178,41557,1213632,0.153671,19670,1343722,0.170143,45206,2557354,0.323815,7897587
2,2021-03-23,82000,3847703,43404,1902665,35793,1863057,2803,81981,53949,1243506,0.157454,27831,1371553,0.173667,57705,2615059,0.331121,7897587
2,2021-03-24,89790,3937493,48342,1951007,38392,1901449,3056,85037,53800,1265981,0.1603,35740,1407293,0.178193,58215,2673274,0.338493,7897587
2,2021-03-25,98785,4036278,49534,2000541,45478,1946927,3773,88810,56957,1285928,0.162825,41560,1448853,0.183455,61507,2734781,0.346281,7897587
2,2021-03-26,100686,4136964,49965,2050506,47314,1994241,3407,92217,56914,1303877,0.165098,43473,1492326,0.18896,61422,2796203,0.354058,7897587
2,2021-03-27,73754,4210718,36682,2087188,33819,2028060,3253,95470,38045,1310525,0.16594,35522,1527848,0.193458,42170,2838373,0.359397,7897587
2,2021-03-28,36749,4247467,22485,2109673,13461,2041521,803,96273,20748,1316906,0.166748,15907,1543755,0.195472,22288,2860661,0.36222,7897587
2,2021-03-29,69783,4317250,35568,2145241,32035,2073556,2180,98453,40907,1332164,0.16868,28727,1572482,0.199109,43985,2904646,0.367789,7897587
2,2021-03-30,90322,4407572,44100,2189341,41976,2115532,4246,102699,55293,1357452,0.171882,34871,1607353,0.203525,60159,2964805,0.375406,7897587
2,2021-03-31,98928,4506500,50899,2240240,43054,2158586,4975,107674,58418,1380934,0.174855,40302,1647655,0.208628,63784,3028589,0.383483,7897587
2,2021-04-01,114151,4620651,54817,2295057,50493,2209079,8841,116515,62708,1401762,0.177492,51205,1698860,0.215111,72033,3100622,0.392604,7897587
2,2021-04-02,108730,4729381,50186,2345243,48829,2257908,9715,126230,59305,1422152,0.180074,49125,1747985,0.221332,69515,3170137,0.401406,7897587
2,2021-04-03,74770,4804151,36647,2381890,28663,2286571,9460,135690,37439,1432407,0.181373,37165,1785150,0.226037,47420,3217557,0.40741,7897587
2,2021-04-04,28682,4832833,14759,2396649,10142,2296713,3781,139471,13213,1434083,0.181585,15401,1800551,0.227987,17077,3234634,0.409572,7897587
2,2021-04-05,77804,4910637,38280,2434929,30989,2327702,8535,148006,38301,1442446,0.182644,39386,1839937,0.232975,47749,3282383,0.415618,7897587
2,2021-04-06,102208,5012845,49938,2484867,37894,2365596,14376,162382,49143,1453814,0.184083,52858,1892795,0.239668,64226,3346609,0.423751,7897587
2,2021-04-07,108448,5121293,54298,2539165,38246,2403842,15904,178286,51900,1466159,0.185646,56327,1949122,0.2468,68672,3415281,0.432446,7897587
2,2021-04-08,117028,5238321,56471,2595636,42174,2446016,18383,196669,54805,1478024,0.187149,61989,2011111,0.254649,73854,3489135,0.441798,7897587
2,2021-04-09,115966,5354287,56044,2651680,42241,2488257,17681,214350,55462,1492077,0.188928,60230,2071341,0.262275,74283,3563418,0.451203,7897587
2,2021-04-10,85016,5439303,36978,2688658,30309,2518566,17729,232079,35644,1497030,0.189555,49213,2120554,0.268507,54166,3617584,0.458062,7897587
2,2021-04-11,43514,5482817,22417,2711075,12656,2531222,8441,240520,17835,1498734,0.189771,25595,2146149,0.271747,27299,3644883,0.461519,7897587
2,2021-04-12,78443,5561260,36649,2747724,32609,2563831,9185,249705,35454,1501608,0.190135,42778,2188927,0.277164,45652,3690535,0.467299,7897587
2,2021-04-13,99533,5660793,51414,2799138,47875,2611706,244,249949,54763,1513199,0.191603,44572,2233499,0.282808,56163,3746698,0.47441,7897587
2,2021-04-14,103929,5764722,54569,2853707,49313,2661019,47,249996,53784,1519072,0.192346,49930,2283429,0.28913,55803,3802501,0.481476,7897587
2,2021-04-15,110103,5874825,58535,2912242,51504,2712523,64,250060,58152,1527322,0.193391,51656,2335085,0.295671,59906,3862407,0.489062,7897587
2,2021-04-16,107101,5981926,55782,2968024,51267,2763790,52,250112,54851,1531221,0.193885,52017,2387102,0.302257,55916,3918323,0.496142,7897587
2,2021-04-17,79096,6061022,40581,3008605,38502,2802292,13,250125,43982,1541376,0.19517,34953,2422055,0.306683,45108,3963431,0.501853,7897587
2,2021-04-18,33393,6094415,19952,3028557,13438,2815730,3,250128,16261,1541787,0.195223,17057,2439112,0.308843,17468,3980899,0.504065,7897587
2,2021-04-19,72668,6167083,39393,3067950,33266,2848996,9,250137,33451,1537169,0.194638,39042,2478154,0.313786,34424,4015323,0.508424,7897587
2,2021-04-20,93817,6260900,46851,3114801,46949,2895945,17,250154,46019,1537345,0.19466,47574,2525728,0.31981,47750,4063073,0.51447,7897587
2,2021-04-21,97839,6358739,51944,3166745,45841,2941786,54,250208,46799,1535365,0.194409,50748,2576476,0.326236,48768,4111841,0.520645,7897587
2,2021-04-22,103200,6461939,52465,3219210,50717,2992503,18,250226,45795,1526383,0.193272,57114,2633590,0.333468,48132,4159973,0.52674,7897587
2,2021-04-23,102799,6564738,54339,3273549,48445,3040948,15,250241,47706,1521951,0.192711,54819,2688409,0.340409,50387,4210360,0.53312,7897587
2,2021-04-24,77906,6642644,46341,3319890,31529,3072477,36,250277,41164,1528834,0.193582,36550,2724959,0.345037,43433,4253793,0.538619,7897587
2,2021-04-25,35793,6678437,22160,3342050,13619,3086096,14,250291,19572,1533082,0.19412,16116,2741075,0.347078,20364,4274157,0.541198,7897587
2,2021-04-26,64822,6743259,35947,3377997,28600,3114696,275,250566,29688,1530790,0.19383,34962,2776037,0.351504,32670,4306827,0.545335,7897587
2,2021-04-27,79488,6822747,41634,3419631,36736,3151432,1118,251684,34123,1523703,0.192933,45148,2821185,0.357221,38061,4344888,0.550154,7897587
2,2021-04-28,81487,6904234,42993,3462624,36733,3188165,1761,253445,35533,1518311,0.19225,45743,2866928,0.363013,40351,4385239,0.555263,7897587
2,2021-04-29,76692,6980926,41729,3504353,33504,3221669,1459,254904,29964,1505981,0.190689,46529,2913457,0.368905,34199,4419438,0.559593,7897587
2,2021-04-30,86510,7067436,47789,3552142,36907,3258576,1814,256718,33884,1492169,0.18894,52374,2965831,0.375536,38562,4458000,0.564476,7897587
2,2021-05-01,59819,7127255,36488,3588630,21912,3280488,1419,258137,23957,1483842,0.187885,35687,3001518,0.380055,27360,4485360,0.567941,7897587
2,2021-05-02,27192,7154447,18591,3607221,7664,3288152,937,259074,10461,1479107,0.187286,16636,3018154,0.382162,11901,4497261,0.569447,7897587
2,2021-05-03,42155,7196602,23819,3631040,17097,3305249,1239,260313,14886,1469334,0.186048,27129,3045283,0.385597,17356,4514617,0.571645,7897587
2,2021-05-04,59233,7255835,34968,3666008,22989,3328238,1276,261589,19059,1452333,0.183896,39992,3085275,0.39066,22991,4537608,0.574556,7897587
2,2021-05-05,41327,7297162,26966,3692974,13233,3341471,1128,262717,11626,1437028,0.181958,29569,3114844,0.394405,14264,4551872,0.576362,7897587
3,2020-12-15,303,303,303,303,0,0,0,0,303,303,3.9e-05,0,0,0.0,303,303,3.9e-05,7688185
3,2020-12-16,2205,2508,2205,2508,0,0,0,0,2205,2508,0.000326,0,0,0.0,2205,2508,0.000326,7688185
3,2020-12-17,7603,10111,7603,10111,0,0,0,0,7603,10111,0.001315,0,0,0.0,7603,10111,0.001315,7688185
3,2020-12-18,12807,22918,12796,22907,11,11,0,0,12806,22917,0.002981,0,0,0.0,12806,22917,0.002981,7688185
3,2020-12-19,7042,29960,7031,29938,11,22,0,0,7106,30023,0.003905,0,0,0.0,7106,30023,0.003905,7688185
3,2020-12-20,5490,35450,5482,35420,8,30,0,0,5537,35559,0.004625,1,1,0.0,5537,35560,0.004625,7688185
3,2020-12-21,14255,49705,14233,49653,22,52,0,0,14320,49878,0.006488,1,2,0.0,14320,49880,0.006488,7688185
3,2020-12-22,14623,64328,14056,63709,567,619,0,0,14662,64540,0.008395,0,2,0.0,14662,64542,0.008395,7688185
3,2020-12-23,14651,78979,12069,75778,2582,3201,0,0,14678,79218,0.010304,0,2,0.0,14678,79220,0.010304,7688185
3,2020-12-24,6758,85737,4851,80629,1907,5108,0,0,6756,85973,0.011182,1,3,0.0,6756,85976,0.011183,7688185
3,2020-12-25,719,86456,663,81292,56,5164,0,0,718,86691,0.011276,0,3,0.0,718,86694,0.011276,7688185
3,2020-12-26,4594,91050,2983,84275,1611,6775,0,0,4592,91283,0.011873,0,3,0.0,4592,91286,0.011874,7688185
3,2020-12-27,2950,94000,1832,86107,1118,7893,0,0,2951,94234,0.012257,0,3,0.0,2951,94237,0.012257,7688185
3,2020-12-28,13460,107460,8606,94713,4854,12747,0,0,13488,107721,0.014011,1,4,1e-06,13488,107725,0.014012,7688185
3,2020-12-29,14888,122348,8420,103133,6468,19215,0,0,14918,122637,0.015951,2,6,1e-06,14918,122643,0.015952,7688185
3,2020-12-30,17929,140277,10043,113176,7886,27101,0,0,17918,140555,0.018282,0,6,1e-06,17918,140561,0.018283,7688185
3,2020-12-31,8313,148590,3208,116384,5105,32206,0,0,8313,148867,0.019363,1,7,1e-06,8313,148874,0.019364,7688185
3,2021-01-01,1162,149752,529,116913,633,32839,0,0,1159,150026,0.019514,0,7,1e-06,1159,150033,0.019515,7688185
3,2021-01-02,4985,154737,2469,119382,2516,35355,0,0,4985,155011,0.020162,0,7,1e-06,4985,155018,0.020163,7688185
3,2021-01-03,1594,156331,840,120222,754,36109,0,0,1585,156592,0.020368,4,11,1e-06,1585,156603,0.020369,7688185
3,2021-01-04,11958,168289,5985,126207,5973,42082,0,0,11932,168517,0.021919,7,18,2e-06,11932,168535,0.021921,7688185
3,2021-01-05,15571,183860,8029,134236,7542,49624,0,0,13971,180927,0.023533,1585,1603,0.000209,13995,182530,0.023742,7688185
3,2021-01-06,20088,203948,10506,144742,9582,59206,0,0,15846,192578,0.025049,4201,5804,0.000755,15852,198382,0.025803,7688185
3,2021-01-07,26019,229967,14817,159559,11202,70408,0,0,16982,200562,0.026087,9011,14815,0.001927,16995,215377,0.028014,7688185
3,2021-01-08,29991,259958,18340,177899,11651,82059,0,0,17910,206432,0.026851,12060,26875,0.003496,17930,233307,0.030346,7688185
3,2021-01-09,12296,272254,6953,184852,5343,87402,0,0,7815,209779,0.027286,4476,31351,0.004078,7823,241130,0.031364,7688185
3,2021-01-10,7162,279416,4468,189320,2694,90096,0,0,4019,210661,0.027401,3141,34492,0.004486,4023,245153,0.031887,7688185
3,2021-01-11,28651,308067,18743,208063,9908,100004,0,0,16207,214473,0.027896,12438,46930,0.006104,16250,261403,0.034001,7688185
3,2021-01-12,31857,339924,19041,227104,12816,112820,0,0,19490,221696,0.028836,12350,59280,0.007711,19573,280976,0.036546,7688185
3,2021-01-13,34285,374209,17968,245072,16317,129137,0,0,24208,235844,0.030676,10077,69357,0.009021,24225,305201,0.039697,7688185
3,2021-01-14,34273,408482,14104,259176,20169,149306,0,0,28422,258477,0.03362,5820,75177,0.009778,28453,333654,0.043398,7688185
3,2021-01-15,38520,447002,14399,273575,24121,173427,0,0,33928,287880,0.037444,4583,79760,0.010374,33986,367640,0.047819,7688185
3,2021-01-16,21737,468739,7606,281181,14131,187558,0,0,19435,305047,0.039677,2289,82049,0.010672,19456,387096,0.050349,7688185
3,2021-01-17,13107,481846,4466,285647,8641,196199,0,0,12083,316125,0.041118,1023,83072,0.010805,12101,399197,0.051923,7688185
3,2021-01-18,24535,506381,12763,298410,11772,207971,0,0,19053,329717,0.042886,5500,88572,0.011521,19092,418289,0.054407,7688185
3,2021-01-19,40651,547032,20757,319167,19894,227865,0,0,31631,352433,0.045841,8994,97566,0.01269,31710,449999,0.058531,7688185
3,2021-01-20,44669,591701,21992,341159,22677,250542,0,0,35422,378724,0.049261,9205,106771,0.013888,35496,485495,0.063148,7688185
3,2021-01-21,47088,638789,20304,361463,26784,277326,0,0,41697,415164,0.054,5318,112089,0.014579,41758,527253,0.06858,7688185
3,2021-01-22,49128,687917,19594,381057,29534,306860,0,0,45031,456156,0.059332,4106,116195,0.015113,45098,572351,0.074446,7688185
3,2021-01-23,29955,717872,12710,393767,17245,324105,0,0,26644,479543,0.062374,3300,119495,0.015543,26687,599038,0.077917,7688185
3,2021-01-24,17601,735473,8483,402250,9118,333223,0,0,16454,494877,0.064369,1143,120638,0.015691,16477,615515,0.08006,7688185
3,2021-01-25,40214,775687,17994,420244,22220,355443,0,0,30418,515596,0.067063,9779,130417,0.016963,30498,646013,0.084027,7688185
3,2021-01-26,46456,822143,22155,442399,24301,379744,0,0,36546,542338,0.070542,9905,140322,0.018252,36647,682660,0.088793,7688185
3,2021-01-27,50347,872490,24437,466836,25910,405654,0,0,39869,571875,0.074384,10402,150724,0.019605,39939,722599,0.093988,7688185
3,2021-01-28,51239,923729,23782,490618,27457,433111,0,0,42461,605683,0.078781,8697,159421,0.020736,42505,765104,0.099517,7688185
3,2021-01-29,50133,973862,24152,514770,25981,459092,0,0,40728,637237,0.082885,9220,168641,0.021935,40774,805878,0.10482,7688185
3,2021-01-30,36569,1010431,17343,532113,19226,478318,0,0,32032,664858,0.086478,4489,173130,0.022519,32110,837988,0.108997,7688185
3,2021-01-31,22190,1032621,12809,544922,9381,487699,0,0,20718,684128,0.088984,1463,174593,0.022709,20733,858721,0.111694,7688185
3,2021-02-01,44751,1077372,20193,565115,24558,512257,0,0,34628,708710,0.092182,10082,184675,0.024021,34664,893385,0.116202,7688185
3,2021-02-02,54099,1131471,22820,587935,31279,543536,0,0,41418,737579,0.095937,12596,197271,0.025659,41465,934850,0.121596,7688185
3,2021-02-03,59508,1190979,26529,614464,32979,576515,0,0,44338,766966,0.099759,15014,212285,0.027612,44401,979251,0.127371,7688185
3,2021-02-04,63884,1254863,27778,642242,36106,612621,0,0,46890,797154,0.103686,16805,229090,0.029798,46993,1026244,0.133483,7688185
3,2021-02-05,69684,1324547,29689,671931,39995,652616,0,0,48220,824286,0.107215,21255,250345,0.032562,48387,1074631,0.139777,7688185
3,2021-02-06,43398,1367945,21134,693065,22264,674880,0,0,33659,848416,0.110353,9710,260055,0.033825,33840,1108471,0.144179,7688185
3,2021-02-07,19393,1387338,12272,705337,7121,682001,0,0,14923,859006,0.111731,4459,264514,0.034405,15049,1123520,0.146136,7688185
3,2021-02-08,50655,1437993,24400,729737,26255,708256,0,0,33284,875219,0.113839,17253,281767,0.036649,33466,1156986,0.150489,7688185
3,2021-02-09,57974,1495967,28222,757959,29752,738008,0,0,34082,885922,0.115232,23721,305488,0.039735,34424,1191410,0.154966,7688185
3,2021-02-10,67266,1563233,31297,789256,35969,773977,0,0,36536,892479,0.116084,30502,335990,0.043702,37059,1228469,0.159787,7688185
3,2021-02-11,69873,1633106,34465,823721,35408,809385,0,0,37647,898756,0.116901,31895,367885,0.047851,38172,1266641,0.164752,7688185
3,2021-02-12,74525,1707631,32249,855970,42276,851661,0,0,41338,907936,0.118095,32912,400797,0.052132,42092,1308733,0.170227,7688185
3,2021-02-13,44426,1752057,20192,876162,24234,875895,0,0,25643,915523,0.119082,18637,419434,0.054556,26224,1334957,0.173637,7688185
3,2021-02-14,27056,1779113,13525,889687,13531,889426,0,0,15144,919260,0.119568,11868,431302,0.056099,15605,1350562,0.175667,7688185
3,2021-02-15,39547,1818660,17079,906766,22468,911894,0,0,21918,924583,0.12026,17547,448849,0.058382,22870,1373432,0.178642,7688185
3,2021-02-16,69229,1887889,32719,939485,36510,948404,0,0,36161,928845,0.120815,32945,481794,0.062667,37207,1410639,0.183481,7688185
3,2021-02-17,70815,1958704,35870,975355,34945,983349,0,0,33792,926913,0.120563,36828,518622,0.067457,34896,1445535,0.18802,7688185
3,2021-02-18,75914,2034618,39662,1015017,36252,1019601,0,0,35538,923561,0.120127,40257,558879,0.072693,36905,1482440,0.192821,7688185
3,2021-02-19,67796,2102414,39121,1054138,28675,1048276,0,0,34425,925398,0.120366,33279,592158,0.077022,35116,1517556,0.197388,7688185
3,2021-02-20,41224,2143638,26042,1080180,15182,1063458,0,0,21908,928571,0.120779,19232,611390,0.079523,22405,1539961,0.200302,7688185
3,2021-02-21,19539,2163177,15807,1095987,3732,1067190,0,0,9220,927963,0.1207,10255,621645,0.080857,9647,1549608,0.201557,7688185
3,2021-02-22,44644,2207821,29092,1125079,15552,1082742,0,0,21183,926310,0.120485,23385,645030,0.083899,21732,1571340,0.204384,7688185
3,2021-02-23,59518,2267339,32310,1157389,27208,1109950,0,0,26302,921553,0.119866,33093,678123,0.088203,28336,1599676,0.208069,7688185
3,2021-02-24,75795,2343134,37023,1194412,38772,1148722,0,0,34021,916515,0.119211,41616,719739,0.093616,36578,1636254,0.212827,7688185
3,2021-02-25,84151,2427285,40490,1234902,43661,1192383,0,0,42231,919654,0.119619,41714,761453,0.099042,44853,1681107,0.218661,7688185
3,2021-02-26,94778,2522063,43199,1278101,51579,1243962,0,0,50616,928603,0.120783,43856,805309,0.104746,52805,1733912,0.225529,7688185
3,2021-02-27,66314,2588377,30013,1308114,36298,1280260,3,3,35197,934153,0.121505,30957,836266,0.108773,36507,1770419,0.230278,7688185
3,2021-02-28,37395,2625772,21677,1329791,15717,1295977,1,4,19459,936806,0.12185,17803,854069,0.111089,20456,1790875,0.232939,7688185
3,2021-03-01,65035,2690807,34441,1364232,30583,1326560,11,15,36436,946209,0.123073,28454,882523,0.11479,37857,1828732,0.237863,7688185
3,2021-03-02,74197,2765004,35405,1399637,38790,1365350,2,17,42906,960050,0.124873,31180,913703,0.118845,45021,1873753,0.243719,7688185
3,2021-03-03,86729,2851733,41200,1440837,45517,1410867,12,29,48378,972581,0.126503,38189,951892,0.123812,50720,1924473,0.250316,7688185
3,2021-03-04,91311,2943044,44661,1485498,46635,1457502,15,44,52017,987823,0.128486,39115,991007,0.1289,54357,1978830,0.257386,7688185
3,2021-03-05,87188,3030232,42394,1527892,44506,1502008,288,332,53146,1009703,0.131332,33836,1024843,0.133301,55716,2034546,0.264633,7688185
3,2021-03-06,63757,3093989,32030,1559922,29593,1531601,2134,2466,36541,1022833,0.13304,27098,1051941,0.136826,40228,2074774,0.269865,7688185
3,2021-03-07,36351,3130340,21461,1581383,13787,1545388,1103,3569,20840,1030875,0.134086,15467,1067408,0.138837,23509,2098283,0.272923,7688185
3,2021-03-08,57683,3188023,27341,1608724,27530,1572918,2812,6381,36569,1050837,0.136682,21016,1088424,0.141571,40978,2139261,0.278253,7688185
3,2021-03-09,70066,3258089,29715,1638439,36032,1608950,4319,10700,36430,1059786,0.137846,33541,1121965,0.145934,42490,2181751,0.28378,7688185
3,2021-03-10,79783,3337872,39343,1677782,34530,1643480,5910,16610,41381,1070737,0.13927,38243,1160208,0.150908,49194,2230945,0.290178,7688185
3,2021-03-11,94927,3432799,46289,1724071,40229,1683709,8409,25019,46814,1079571,0.140419,47895,1208103,0.157138,56729,2287674,0.297557,7688185
3,2021-03-12,100076,3532875,44560,1768631,43764,1727473,11752,36771,45940,1084447,0.141054,53963,1262066,0.164157,58839,2346513,0.30521,7688185
3,2021-03-13,68389,3601264,28906,1797537,32360,1759833,7123,43894,36063,1096787,0.142659,32235,1294301,0.168349,44575,2391088,0.311008,7688185
3,2021-03-14,40166,3641430,21108,1818645,15587,1775420,3471,47365,21867,1104596,0.143674,18246,1312547,0.170723,26055,2417143,0.314397,7688185
3,2021-03-15,74336,3715766,35247,1853892,34611,1810031,4478,51843,39572,1115035,0.145032,34614,1347161,0.175225,45053,2462196,0.320257,7688185
3,2021-03-16,93707,3809473,43148,1897040,46325,1856356,4234,56077,53499,1133801,0.147473,40030,1387191,0.180432,58796,2520992,0.327905,7688185
3,2021-03-17,96221,3905694,46750,1943790,45097,1901453,4374,60451,59013,1160890,0.150997,37035,1424226,0.185249,64124,2585116,0.336245,7688185
3,2021-03-18,100749,4006443,50749,1994539,45676,1947129,4324,64775,59091,1183685,0.153962,41450,1465676,0.19064,64245,2649361,0.344602,7688185
3,2021-03-19,100764,4107207,53747,2048286,42639,1989768,4378,69153,57399,1202987,0.156472,43156,1508832,0.196253,62458,2711819,0.352726,7688185
3,2021-03-20,70210,4177417,36182,2084468,30481,2020249,3547,72700,44431,1225953,0.159459,25633,1534465,0.199587,48599,2760418,0.359047,7688185
3,2021-03-21,35339,4212756,24020,2108488,9861,2030110,1458,74158,22997,1238934,0.161148,12289,1546754,0.201186,25270,2785688,0.362334,7688185
3,2021-03-22,68773,4281529,40344,2148832,25995,2056105,2434,76592,45108,1264095,0.16442,23507,1570261,0.204243,48668,2834356,0.368664,7688185
3,2021-03-23,88070,4369599,48428,2197260,37231,2093336,2411,79003,57209,1293824,0.168287,30657,1600918,0.208231,60386,2894742,0.376518,7688185
3,2021-03-24,97191,4466790,56117,2253377,38331,2131667,2743,81746,56838,1314218,0.17094,40068,1640986,0.213443,60462,2955204,0.384383,7688185
3,2021-03-25,104822,4571612,58235,2311612,43756,2175423,2831,84577,60544,1334244,0.173545,44020,1685006,0.219168,64046,3019250,0.392713,7688185
3,2021-03-26,108181,4679793,58026,2369638,46966,2222389,3189,87766,57759,1345898,0.175061,50182,1735188,0.225695,61836,3081086,0.400756,7688185
3,2021-03-27,72995,4752788,37004,2406642,33473,2255862,2518,90284,36603,1349475,0.175526,36226,1771414,0.230407,39803,3120889,0.405933,7688185
3,2021-03-28,43179,4795967,27112,2433754,15267,2271129,800,91084,23097,1353873,0.176098,19999,1791413,0.233009,24397,3145286,0.409106,7688185
3,2021-03-29,79422,4875389,41552,2475306,36104,2307233,1766,92850,44994,1367195,0.177831,34239,1825652,0.237462,47561,3192847,0.415293,7688185
3,2021-03-30,98493,4973882,48445,2523751,46523,2353756,3525,96375,59743,1392530,0.181126,38545,1864197,0.242476,63880,3256727,0.423602,7688185
3,2021-03-31,103199,5077081,55711,2579462,42779,2396535,4709,101084,57232,1409006,0.183269,45814,1910011,0.248435,62290,3319017,0.431704,7688185
3,2021-04-01,120448,5197529,60709,2640171,50443,2446978,9296,110380,65736,1429925,0.18599,54479,1964490,0.255521,75398,3394415,0.441511,7688185
3,2021-04-02,115483,5313012,56509,2696680,49076,2496054,9898,120278,61685,1448433,0.188397,53588,2018078,0.262491,72096,3466511,0.450888,7688185
3,2021-04-03,74512,5387524,38020,2734700,27548,2523602,8944,129222,37467,1458314,0.189682,36935,2055013,0.267295,46816,3513327,0.456977,7688185
3,2021-04-04,32043,5419567,17145,2751845,10786,2534388,4112,133334,14347,1459194,0.189797,17642,2072655,0.26959,18522,3531849,0.459387,7688185
3,2021-04-05,87712,5507279,44571,2796416,34272,2568660,8869,142203,43514,1468414,0.190996,44047,2116702,0.275319,53267,3585116,0.466315,7688185
3,2021-04-06,111761,5619040,54630,2851046,42255,2610915,14876,157079,53309,1479201,0.192399,58243,2174945,0.282894,69030,3654146,0.475294,7688185
3,2021-04-07,114392,5733432,59533,2910579,38928,2649843,15931,173010,55981,1493437,0.194251,58210,2233155,0.290466,72446,3726592,0.484717,7688185
3,2021-04-08,119542,5852974,59929,2970508,39886,2689729,19727,192737,55973,1506662,0.195971,63326,2296481,0.298703,76551,3803143,0.494674,7688185
3,2021-04-09,115675,5968649,57854,3028362,39134,2728863,18687,211424,51388,1513689,0.196885,64096,2360577,0.30704,71123,3874266,0.503925,7688185
3,2021-04-10,82126,6050775,37278,3065640,29944,2758807,14904,226328,33817,1515179,0.197079,48169,2408746,0.313305,49659,3923925,0.510384,7688185
3,2021-04-11,44236,6095011,23717,3089357,12638,2771445,7881,234209,16868,1513613,0.196875,27288,2436034,0.316854,25722,3949647,0.513729,7688185
3,2021-04-12,82502,6177513,41932,3131289,32090,2803535,8480,242689,37880,1516611,0.197265,44450,2480484,0.322636,47448,3997095,0.519901,7688185
3,2021-04-13,103504,6281017,56010,3187299,47291,2850826,203,242892,54771,1524125,0.198242,48558,2529042,0.328952,56072,4053167,0.527194,7688185
3,2021-04-14,104498,6385515,57265,3244564,47143,2897969,90,242982,52739,1527274,0.198652,51526,2580568,0.335654,54675,4107842,0.534306,7688185
3,2021-04-15,115913,6501428,65259,3309823,50602,2948571,52,243034,62755,1538381,0.200097,52928,2633496,0.342538,64035,4171877,0.542635,7688185
3,2021-04-16,112409,6613837,63084,3372907,49237,2997808,88,243122,59189,1545458,0.201017,52990,2686486,0.34943,60067,4231944,0.550448,7688185
3,2021-04-17,76068,6689905,41713,3414620,34343,3032151,12,243134,42098,1554888,0.202244,33830,2720316,0.353831,43260,4275204,0.556075,7688185
3,2021-04-18,36458,6726363,21544,3436164,14910,3047061,4,243138,17371,1554249,0.202161,19015,2739331,0.356304,18376,4293580,0.558465,7688185
3,2021-04-19,77381,6803744,43323,3479487,34008,3081069,50,243188,35180,1548296,0.201386,42063,2781394,0.361775,36110,4329690,0.563162,7688185
3,2021-04-20,97161,6900905,50281,3529768,46871,3127940,9,243197,47551,1548056,0.201355,49448,2830842,0.368207,49208,4378898,0.569562,7688185
3,2021-04-21,99926,7000831,55095,3584863,44770,3172710,61,243258,47538,1545094,0.20097,52136,2882978,0.374988,49174,4428072,0.575958,7688185
3,2021-04-22,106658,7107489,59110,3643973,47529,3220239,19,243277,46586,1533777,0.199498,59816,2942794,0.382768,48499,4476571,0.582266,7688185
3,2021-04-23,101638,7209127,57784,3701757,43834,3264073,20,243297,44747,1524708,0.198318,56605,2999399,0.390131,47536,4524107,0.588449,7688185
3,2021-04-24,71944,7281071,44716,3746473,27172,3291245,56,243353,35345,1525721,0.19845,36387,3035786,0.394864,37400,4561507,0.593314,7688185
3,2021-04-25,35876,7316947,23177,3769650,12685,3303930,14,243367,18475,1527514,0.198683,17303,3053089,0.397114,19096,4580603,0.595798,7688185
3,2021-04-26,63920,7380867,35761,3805411,27805,3331735,354,243721,27042,1520532,0.197775,36688,3089777,0.401886,29706,4610309,0.599662,7688185
3,2021-04-27,81413,7462280,42401,3847812,37631,3369366,1381,245102,32449,1507860,0.196127,48741,3138518,0.408226,36069,4646378,0.604353,7688185
3,2021-04-28,80174,7542454,44984,3892796,33207,3402573,1983,247085,32306,1496501,0.194649,47663,3186181,0.414426,36304,4682682,0.609075,7688185
3,2021-04-29,75452,7617906,43036,3935832,30459,3433032,1957,249042,26415,1478239,0.192274,48831,3235012,0.420777,30569,4713251,0.613051,7688185
3,2021-04-30,82365,7700271,46456,3982288,33667,3466699,2242,251284,30579,1461372,0.19008,51578,3286590,0.427486,34711,4747962,0.617566,7688185
3,2021-05-01,52391,7752662,33014,4015302,18078,3484777,1299,252583,18918,1449385,0.188521,33337,3319927,0.431822,21350,4769312,0.620343,7688185
3,2021-05-02,24496,7777158,16414,4031716,7114,3491891,968,253551,8953,1444065,0.187829,15485,3335412,0.433836,10165,4779477,0.621665,7688185
3,2021-05-03,38640,7815798,20865,4052581,16591,3508482,1184,254735,11806,1431067,0.186138,26721,3362133,0.437312,13723,4793200,0.62345,7688185
3,2021-05-04,55218,7871016,30531,4083112,23408,3531890,1279,256014,15656,1410367,0.183446,39389,3401522,0.442435,18689,4811889,0.625881,7688185
3,2021-05-05,38620,7909636,24731,4107843,12792,3544682,1097,257111,9240,1392526,0.181125,29243,3430765,0.446239,11402,4823291,0.627364,7688185
4,2020-12-15,444,444,444,444,0,0,0,0,444,444,5.9e-05,0,0,0.0,444,444,5.9e-05,7584050
4,2020-12-16,2956,3400,2956,3400,0,0,0,0,2956,3400,0.000448,0,0,0.0,2956,3400,0.000448,7584050
4,2020-12-17,8520,11920,8520,11920,0,0,0,0,8520,11920,0.001572,0,0,0.0,8520,11920,0.001572,7584050
4,2020-12-18,15376,27296,15367,27287,9,9,0,0,15376,27296,0.003599,0,0,0.0,15376,27296,0.003599,7584050
4,2020-12-19,10231,37527,10224,37511,7,16,0,0,10166,37462,0.00494,0,0,0.0,10166,37462,0.00494,7584050
4,2020-12-20,7363,44890,7350,44861,13,29,0,0,7318,44780,0.005904,0,0,0.0,7318,44780,0.005904,7584050
4,2020-12-21,16275,61165,16252,61113,23,52,0,0,16208,60988,0.008042,0,0,0.0,16208,60988,0.008042,7584050
4,2020-12-22,17089,78254,16357,77470,732,784,0,0,17045,78033,0.010289,0,0,0.0,17045,78033,0.010289,7584050
4,2020-12-23,16901,95155,14218,91688,2683,3467,0,0,16873,94906,0.012514,0,0,0.0,16873,94906,0.012514,7584050
4,2020-12-24,8531,103686,5953,97641,2578,6045,0,0,8531,103437,0.013639,0,0,0.0,8531,103437,0.013639,7584050
4,2020-12-25,899,104585,795,98436,104,6149,0,0,899,104336,0.013757,0,0,0.0,899,104336,0.013757,7584050
4,2020-12-26,6162,110747,3862,102298,2300,8449,0,0,6162,110498,0.01457,0,0,0.0,6162,110498,0.01457,7584050
4,2020-12-27,3414,114161,1996,104294,1418,9867,0,0,3414,113912,0.01502,0,0,0.0,3414,113912,0.01502,7584050
4,2020-12-28,14947,129108,9232,113526,5715,15582,0,0,14917,128828,0.016987,1,1,0.0,14917,128829,0.016987,7584050
4,2020-12-29,15226,144334,8429,121955,6797,22379,0,0,15192,144020,0.01899,0,1,0.0,15192,144021,0.01899,7584050
4,2020-12-30,18861,163195,11061,133016,7800,30179,0,0,18850,162868,0.021475,2,3,0.0,18850,162871,0.021475,7584050
4,2020-12-31,8184,171379,3315,136331,4869,35048,0,0,8179,171045,0.022553,2,5,1e-06,8179,171050,0.022554,7584050
4,2021-01-01,1210,172589,510,136841,700,35748,0,0,1208,172251,0.022712,2,7,1e-06,1208,172258,0.022713,7584050
4,2021-01-02,5653,178242,3193,140034,2460,38208,0,0,5652,177902,0.023457,1,8,1e-06,5652,177910,0.023458,7584050
4,2021-01-03,2111,180353,1251,141285,860,39068,0,0,2097,179995,0.023733,4,12,2e-06,2097,180007,0.023735,7584050
4,2021-01-04,12937,193290,7059,148344,5878,44946,0,0,12888,192851,0.025428,32,44,6e-06,12888,192895,0.025434,7584050
4,2021-01-05,16740,210030,9893,158237,6847,51793,0,0,14716,205575,0.027106,2003,2047,0.00027,14727,207622,0.027376,7584050
4,2021-01-06,21470,231500,13160,171397,8310,60103,0,0,15636,215441,0.028407,5781,7828,0.001032,15647,223269,0.029439,7584050
4,2021-01-07,27735,259235,16915,188312,10820,70923,0,0,16966,221706,0.029233,10714,18542,0.002445,16979,240248,0.031678,7584050
4,2021-01-08,32593,291828,20916,209228,11677,82600,0,0,18462,226120,0.029815,14063,32605,0.004299,18477,258725,0.034114,7584050
4,2021-01-09,16139,307967,9548,218776,6591,89191,0,0,9412,228838,0.030174,6705,39310,0.005183,9423,268148,0.035357,7584050
4,2021-01-10,8706,316673,5627,224403,3079,92270,0,0,4101,228363,0.030111,4584,43894,0.005788,4109,272257,0.035899,7584050
4,2021-01-11,33228,349901,21764,246167,11464,103734,0,0,18748,232708,0.030684,14440,58334,0.007692,18785,291042,0.038376,7584050
4,2021-01-12,38002,387903,21804,267971,16198,119932,0,0,23990,242774,0.032011,13963,72297,0.009533,24029,315071,0.041544,7584050
4,2021-01-13,38356,426259,18880,286851,19476,139408,0,0,27182,258860,0.034132,11120,83417,0.010999,27206,342277,0.045131,7584050
4,2021-01-14,38845,465104,14834,301685,24011,163419,0,0,31812,283713,0.037409,6985,90402,0.01192,31838,374115,0.049329,7584050
4,2021-01-15,45025,510129,15589,317274,29436,192855,0,0,39516,317795,0.041903,5453,95855,0.012639,39535,413650,0.054542,7584050
4,2021-01-16,28507,538636,9328,326602,19179,212034,0,0,25409,340156,0.044851,3062,98917,0.013043,25423,439073,0.057894,7584050
4,2021-01-17,18932,557568,6640,333242,12292,224326,0,0,17424,356111,0.046955,1483,100400,0.013238,17438,456511,0.060194,7584050
4,2021-01-18,29118,586686,13369,346611,15749,240075,0,0,23170,373463,0.049243,5850,106250,0.01401,23202,479713,0.063253,7584050
4,2021-01-19,45959,632645,23173,369784,22786,262861,0,0,36670,400971,0.05287,9233,115483,0.015227,36741,516454,0.068097,7584050
4,2021-01-20,51348,683993,27192,396976,24156,287017,0,0,41004,431775,0.056932,10250,125733,0.016579,41054,557508,0.073511,7584050
4,2021-01-21,56112,740105,24775,421751,31337,318354,0,0,49789,475338,0.062676,6267,132000,0.017405,49830,607338,0.080081,7584050
4,2021-01-22,54765,794870,22004,443755,32761,351115,0,0,49699,520097,0.068578,4970,136970,0.01806,49729,657067,0.086638,7584050
4,2021-01-23,39355,834225,17401,461156,21954,373069,0,0,35069,550914,0.072641,4280,141250,0.018625,35097,692164,0.091266,7584050
4,2021-01-24,23882,858107,10489,471645,13393,386462,0,0,22019,571093,0.075302,1855,143105,0.018869,22034,714198,0.094171,7584050
4,2021-01-25,47539,905646,21966,493611,25573,412035,0,0,36549,596733,0.078683,10963,154068,0.020315,36603,750801,0.098997,7584050
4,2021-01-26,56173,961819,28666,522277,27507,439542,0,0,44117,628906,0.082925,12001,166069,0.021897,44174,794975,0.104822,7584050
4,2021-01-27,55105,1016924,26645,548922,28460,468002,0,0,44185,662356,0.087335,10785,176854,0.023319,44235,839210,0.110655,7584050
4,2021-01-28,56039,1072963,25296,574218,30743,498745,0,0,46202,698850,0.092147,9749,186603,0.024605,46243,885453,0.116752,7584050
4,2021-01-29,55982,1128945,26917,601135,29065,527810,0,0,45743,734525,0.096851,10095,196698,0.025936,45770,931223,0.122787,7584050
4,2021-01-30,37456,1166401,17054,618189,20402,548212,0,0,32226,761591,0.10042,5183,201881,0.026619,32249,963472,0.127039,7584050
4,2021-01-31,23770,1190171,12489,630678,11281,559493,0,0,22175,782201,0.103138,1579,203460,0.026827,22189,985661,0.129965,7584050
4,2021-02-01,48116,1238287,22699,653377,25417,584910,0,0,37868,809887,0.106788,10223,213683,0.028175,37909,1023570,0.134964,7584050
4,2021-02-02,55792,1294079,26313,679690,29479,614389,0,0,42126,838522,0.110564,13532,227215,0.02996,42167,1065737,0.140523,7584050
4,2021-02-03,61678,1355757,30311,710001,31367,645756,0,0,47531,872066,0.114987,14043,241258,0.031811,47587,1113324,0.146798,7584050
4,2021-02-04,67213,1422970,31356,741357,35857,681613,0,0,50605,906321,0.119504,16453,257711,0.033981,50708,1164032,0.153484,7584050
4,2021-02-05,72562,1495532,33623,774980,38939,720552,0,0,50697,935528,0.123355,21624,279335,0.036832,50831,1214863,0.160187,7584050
4,2021-02-06,47935,1543467,25949,800929,21986,742538,0,0,36527,960876,0.126697,11380,290715,0.038332,36728,1251591,0.165029,7584050
4,2021-02-07,26235,1569702,17306,818235,8929,751467,0,0,19877,974665,0.128515,6325,297040,0.039166,20114,1271705,0.167682,7584050
4,2021-02-08,58051,1627753,29799,848034,28252,779719,0,0,37829,992656,0.130887,20093,317133,0.041816,38084,1309789,0.172703,7584050
4,2021-02-09,66754,1694507,33997,882031,32757,812476,0,0,39266,1004897,0.132501,27423,344556,0.045432,39664,1349453,0.177933,7584050
4,2021-02-10,76813,1771320,38467,920498,38346,850822,0,0,40924,1010696,0.133266,35659,380215,0.050134,41458,1390911,0.1834,7584050
4,2021-02-11,80533,1851853,41991,962489,38542,889364,0,0,41784,1014600,0.133781,38538,418753,0.055215,42442,1433353,0.188996,7584050
4,2021-02-12,83703,1935556,37506,999995,46197,935561,0,0,43236,1018318,0.134271,40299,459052,0.060529,44017,1477370,0.1948,7584050
4,2021-02-13,58250,1993806,29535,1029530,28715,964276,0,0,29782,1020631,0.134576,28357,487409,0.064268,30670,1508040,0.198844,7584050
4,2021-02-14,36603,2030409,19024,1048554,17579,981855,0,0,18808,1022354,0.134803,17755,505164,0.066609,19478,1527518,0.201412,7584050
4,2021-02-15,45779,2076188,21470,1070024,24309,1006164,0,0,23597,1025028,0.135156,22116,527280,0.069525,24790,1552308,0.204681,7584050
4,2021-02-16,79312,2155500,36286,1106310,43026,1049190,0,0,40576,1028212,0.135576,38647,565927,0.074621,41831,1594139,0.210196,7584050
4,2021-02-17,80447,2235947,37877,1144187,42570,1091760,0,0,38476,1026034,0.135288,41821,607748,0.080135,39643,1633782,0.215423,7584050
4,2021-02-18,82448,2318395,45368,1189555,37080,1128840,0,0,38359,1021935,0.134748,43953,651701,0.08593,39854,1673636,0.220678,7584050
4,2021-02-19,81497,2399892,51269,1240824,30228,1159068,0,0,40936,1023137,0.134906,40427,692128,0.091261,41629,1715265,0.226167,7584050
4,2021-02-20,48098,2447990,32104,1272928,15994,1175062,0,0,26366,1028511,0.135615,21684,713812,0.09412,27058,1742323,0.229735,7584050
4,2021-02-21,25589,2473579,20006,1292934,5583,1180645,0,0,11627,1026553,0.135357,13905,727717,0.095954,11947,1754270,0.23131,7584050
4,2021-02-22,52092,2525671,35849,1328783,16243,1196888,0,0,25368,1025785,0.135256,26642,754359,0.099467,25874,1780144,0.234722,7584050
4,2021-02-23,72245,2597916,39833,1368616,32412,1229300,0,0,31814,1018999,0.134361,40324,794683,0.104783,33538,1813682,0.239144,7584050
4,2021-02-24,87470,2685386,46042,1414658,41428,1270728,0,0,39749,1013386,0.133621,47538,842221,0.111052,41925,1855607,0.244672,7584050
4,2021-02-25,97587,2782973,50663,1465321,46924,1317652,0,0,46829,1012184,0.133462,50613,892834,0.117725,49411,1905018,0.251187,7584050
4,2021-02-26,103802,2886775,52299,1517620,51503,1369155,0,0,53700,1018329,0.134272,49889,942723,0.124303,56034,1961052,0.258576,7584050
4,2021-02-27,74648,2961423,40357,1557977,34285,1403440,6,6,39936,1025150,0.135172,34600,977323,0.128866,41421,2002473,0.264037,7584050
4,2021-02-28,44878,3006301,27799,1585776,17078,1420518,1,7,25030,1031395,0.135995,19726,997049,0.131467,25971,2028444,0.267462,7584050
4,2021-03-01,74401,3080702,43458,1629234,30930,1451448,13,20,41211,1040874,0.137245,32998,1030047,0.135818,42477,2070921,0.273063,7584050
4,2021-03-02,80418,3161120,44866,1674100,35548,1486996,4,24,47165,1056773,0.139342,33116,1063163,0.140184,49015,2119936,0.279526,7584050
4,2021-03-03,97835,3258955,51629,1725729,46196,1533192,10,34,54441,1069834,0.141064,43217,1106380,0.145882,56278,2176214,0.286946,7584050
4,2021-03-04,95366,3354321,52899,1778628,42454,1575646,13,47,52408,1081303,0.142576,42770,1149150,0.151522,54239,2230453,0.294098,7584050
4,2021-03-05,92230,3446551,49329,1827957,42591,1618237,310,357,54634,1100778,0.145144,37432,1186582,0.156458,56907,2287360,0.301601,7584050
4,2021-03-06,74771,3521322,41896,1869853,30276,1648513,2599,2956,45755,1121660,0.147897,28921,1215503,0.160271,49803,2337163,0.308168,7584050
4,2021-03-07,41302,3562624,26178,1896031,13976,1662489,1148,4104,24538,1131894,0.149247,16712,1232215,0.162475,26946,2364109,0.311721,7584050
4,2021-03-08,64965,3627589,33681,1929712,28119,1690608,3165,7269,42722,1156985,0.152555,22143,1254358,0.165394,47234,2411343,0.317949,7584050
4,2021-03-09,73558,3701147,34055,1963767,34419,1725027,5084,12353,38139,1166266,0.153779,35279,1289637,0.170046,44560,2455903,0.323825,7584050
4,2021-03-10,87894,3789041,44605,2008372,35944,1760971,7345,19698,44060,1175189,0.154955,43689,1333326,0.175807,52612,2508515,0.330762,7584050
4,2021-03-11,99479,3888520,52315,2060687,38855,1799826,8309,28007,46123,1177774,0.155296,53172,1386498,0.182818,55757,2564272,0.338114,7584050
4,2021-03-12,103177,3991697,50838,2111525,42165,1841991,10174,38181,44216,1174369,0.154847,58753,1445251,0.190565,55348,2619620,0.345412,7584050
4,2021-03-13,79703,4071400,37057,2148582,34341,1876332,8305,46486,37512,1179269,0.155493,42083,1487334,0.196113,46983,2666603,0.351607,7584050
4,2021-03-14,48927,4120327,27845,2176427,17504,1893836,3578,50064,25148,1184935,0.15624,23708,1511042,0.199239,29374,2695977,0.35548,7584050
4,2021-03-15,82876,4203203,44353,2220780,34328,1928164,4195,54259,42844,1192980,0.157301,39843,1550885,0.204493,47888,2743865,0.361794,7584050
4,2021-03-16,106442,4309645,55239,2276019,47856,1976020,3347,57606,57252,1205447,0.158945,48990,1599875,0.210953,61457,2805322,0.369898,7584050
4,2021-03-17,104899,4414544,56408,2332427,45113,2021133,3378,60984,61917,1228589,0.161996,42776,1642651,0.216593,65918,2871240,0.378589,7584050
4,2021-03-18,104978,4519522,58013,2390440,43362,2064495,3603,64587,60475,1248906,0.164675,44283,1686934,0.222432,64600,2935840,0.387107,7584050
4,2021-03-19,109012,4628534,62382,2452822,41537,2106032,5093,69680,63250,1272216,0.167749,45565,1732499,0.22844,68875,3004715,0.396189,7584050
4,2021-03-20,82216,4710750,48037,2500859,31233,2137265,2946,72626,51445,1296372,0.170934,30661,1763160,0.232483,54817,3059532,0.403417,7584050
4,2021-03-21,47263,4758013,34205,2535064,10830,2148095,2228,74854,28881,1309973,0.172727,18298,1781458,0.234895,31899,3091431,0.407623,7584050
4,2021-03-22,80688,4838701,52772,2587836,25287,2173382,2629,77483,51502,1336029,0.176163,29013,1810471,0.238721,55069,3146500,0.414884,7584050
4,2021-03-23,102940,4941641,61383,2649219,39487,2212869,2070,79553,64500,1364963,0.179978,38206,1848677,0.243759,67140,3213640,0.423737,7584050
4,2021-03-24,111968,5053609,72353,2721572,37323,2250192,2292,81845,64408,1385137,0.182638,47185,1895862,0.24998,67359,3280999,0.432618,7584050
4,2021-03-25,115105,5168714,70856,2792428,41952,2292144,2297,84142,67062,1407335,0.185565,47645,1943507,0.256262,69843,3350842,0.441828,7584050
4,2021-03-26,117871,5286585,71490,2863918,43393,2335537,2988,87130,66164,1425718,0.187989,51411,1994918,0.263041,69794,3420636,0.45103,7584050
4,2021-03-27,90004,5376589,53292,2917210,34931,2370468,1781,88911,46871,1431904,0.188805,42948,2037866,0.268704,49134,3469770,0.457509,7584050
4,2021-03-28,54863,5431452,36105,2953315,17893,2388361,865,89776,30701,1439742,0.189838,24047,2061913,0.271875,31885,3501655,0.461713,7584050
4,2021-03-29,92204,5523656,55427,3008742,34762,2423123,2015,91791,51536,1453345,0.191632,40492,2102405,0.277214,54095,3555750,0.468846,7584050
4,2021-03-30,115680,5639336,63039,3071781,48572,2471695,4069,95860,74041,1490441,0.196523,41465,2143870,0.282681,78561,3634311,0.479205,7584050
4,2021-03-31,119228,5758564,70509,3142290,42548,2514243,6171,102031,69071,1516006,0.199894,49909,2193779,0.289262,75474,3709785,0.489156,7584050
4,2021-04-01,139689,5898253,79875,3222165,47047,2561290,12767,114798,82949,1555516,0.205104,56489,2250268,0.296711,95999,3805784,0.501814,7584050
4,2021-04-02,134191,6032444,71971,3294136,49175,2610465,13045,127843,78158,1591285,0.20982,55824,2306092,0.304071,91593,3897377,0.513891,7584050
4,2021-04-03,99554,6131998,53157,3347293,33360,2643825,13037,140880,52226,1609722,0.212251,47179,2353271,0.310292,65616,3962993,0.522543,7584050
4,2021-04-04,46327,6178325,24467,3371760,14471,2658296,7389,148269,20542,1612005,0.212552,25718,2378989,0.313683,28001,3990994,0.526235,7584050
4,2021-04-05,107902,6286227,60857,3432617,34540,2692836,12505,160774,56763,1630928,0.215047,50985,2429974,0.320406,69908,4060902,0.535453,7584050
4,2021-04-06,137106,6423333,77404,3510021,40199,2733035,19503,180277,71772,1657830,0.218594,65157,2495131,0.328997,92059,4152961,0.547591,7584050
4,2021-04-07,135490,6558823,77004,3587025,38106,2771141,20380,200657,70599,1684668,0.222133,64702,2559833,0.337528,91540,4244501,0.559662,7584050
4,2021-04-08,137760,6696583,77121,3664146,35599,2806740,25040,225697,68778,1710429,0.22553,68760,2628593,0.346595,94521,4339022,0.572125,7584050
4,2021-04-09,135019,6831602,74210,3738356,38294,2845034,22515,248212,64857,1728948,0.227972,69990,2698583,0.355823,88509,4427531,0.583795,7584050
4,2021-04-10,101639,6933241,50328,3788684,32932,2877966,18379,266591,46155,1739283,0.229334,55323,2753906,0.363118,65658,4493189,0.592452,7584050
4,2021-04-11,61605,6994846,37506,3826190,13040,2891006,11059,277650,27124,1744289,0.229994,34407,2788313,0.367655,39413,4532602,0.597649,7584050
4,2021-04-12,101166,7096012,61691,3887881,29743,2920749,9732,287382,51389,1757096,0.231683,49542,2837855,0.374187,62349,4594951,0.60587,7584050
4,2021-04-13,128540,7224552,80566,3968447,47822,2968571,152,287534,77249,1784539,0.235302,51081,2888936,0.380923,78524,4673475,0.616224,7584050
4,2021-04-14,133078,7357630,84768,4053215,48240,3016811,70,287604,74240,1801940,0.237596,58590,2947526,0.388648,75991,4749466,0.626244,7584050
4,2021-04-15,153007,7510637,102029,4155244,50949,3067760,29,287633,94568,1839639,0.242567,58155,3005681,0.396316,95854,4845320,0.638883,7584050
4,2021-04-16,140730,7651367,89577,4244821,51080,3118840,73,287706,82535,1865176,0.245934,57943,3063624,0.403956,83480,4928800,0.64989,7584050
4,2021-04-17,98618,7749985,62503,4307324,36107,3154947,8,287714,57990,1884097,0.248429,40431,3104055,0.409287,59352,4988152,0.657716,7584050
4,2021-04-18,53258,7803243,35691,4343015,17564,3172511,3,287717,30465,1893000,0.249603,22690,3126745,0.412279,31593,5019745,0.661882,7584050
4,2021-04-19,99088,7902331,65535,4408550,33541,3206052,12,287729,50910,1896893,0.250116,48003,3174748,0.418609,51896,5071641,0.668725,7584050
4,2021-04-20,126186,8028517,73923,4482473,52257,3258309,6,287735,66385,1905329,0.251228,59547,3234295,0.42646,67983,5139624,0.677689,7584050
4,2021-04-21,126121,8154638,80946,4563419,45127,3303436,48,287783,63807,1908691,0.251672,62056,3296351,0.434643,65418,5205042,0.686314,7584050
4,2021-04-22,135447,8290085,89133,4652552,46296,3349732,18,287801,60749,1897210,0.250158,74423,3370774,0.444456,62942,5267984,0.694614,7584050
4,2021-04-23,129218,8419303,83725,4736277,45474,3395206,19,287820,56207,1885135,0.248566,72730,3443504,0.454046,60655,5328639,0.702611,7584050
4,2021-04-24,96097,8515400,65212,4801489,30832,3426038,53,287873,44261,1880391,0.24794,51614,3495118,0.460851,46870,5375509,0.708791,7584050
4,2021-04-25,48711,8564111,34588,4836077,14100,3440138,23,287896,25561,1883702,0.248377,23050,3518168,0.46389,26361,5401870,0.712267,7584050
4,2021-04-26,78454,8642565,51354,4887431,26744,3466882,356,288252,30415,1869406,0.246492,47834,3566002,0.470198,33538,5435408,0.716689,7584050
4,2021-04-27,100708,8743273,61242,4948673,37694,3504576,1772,290024,36098,1846097,0.243418,64366,3630368,0.478685,41057,5476465,0.722103,7584050
4,2021-04-28,95773,8839046,61741,5010414,31628,3536204,2404,292428,33676,1822385,0.240292,61883,3692251,0.486844,38171,5514636,0.727136,7584050
4,2021-04-29,89548,8928594,56586,5067000,30727,3566931,2235,294663,27827,1793937,0.236541,61515,3753766,0.494955,33067,5547703,0.731496,7584050
4,2021-04-30,95452,9024046,60026,5127026,32890,3599821,2536,297199,32375,1767927,0.233111,62838,3816604,0.503241,36828,5584531,0.736352,7584050
4,2021-05-01,66725,9090771,44266,5171292,20760,3620581,1699,298898,19337,1742894,0.22981,47263,3863867,0.509473,22230,5606761,0.739283,7584050
4,2021-05-02,34446,9125217,23880,5195172,9317,3629898,1249,300147,9786,1729624,0.228061,24575,3888442,0.512713,11305,5618066,0.740774,7584050
4,2021-05-03,52015,9177232,35693,5230865,15263,3645161,1059,301206,13258,1706001,0.224946,38618,3927060,0.517805,14995,5633061,0.742751,7584050
4,2021-05-04,69713,9246945,46288,5277153,22306,3667467,1119,302325,15189,1669140,0.220086,54367,3981427,0.524974,17506,5650567,0.745059,7584050
4,2021-05-05,49109,9296054,35561,5312714,12683,3680150,865,303190,10053,1641957,0.216501,38927,4020354,0.530106,11744,5662311,0.746608,7584050
