vemquartile,administered_date,total_doses,cumulative_total_doses,pfizer_doses,cumulative_pfizer_doses,moderna_doses,cumulative_moderna_doses,jj_doses,cumulative_jj_doses,partially_vaccinated,total_partially_vaccinated,pct_age12pop_partially_vaccinated,fully_vaccinated,cumulative_fully_vaccinated,pct_age12pop_fully_vaccinated,at_least_one_dose,cumulative_at_least_one_dose,pct_age12pop_at_least_one_dose,age12_population
1,2020-12-15,153,153,153,153,0,0,0,0,153,153,1.8e-05,0,0,0.0,153,153,1.8e-05,8700223
1,2020-12-16,1260,1413,1260,1413,0,0,0,0,1260,1413,0.000162,0,0,0.0,1260,1413,0.000162,8700223
1,2020-12-17,4165,5578,4165,5578,0,0,0,0,4167,5580,0.000641,0,0,0.0,4167,5580,0.000641,8700223
1,2020-12-18,6408,11986,6384,11962,24,24,0,0,6413,11992,0.001378,1,1,0.0,6413,11993,0.001378,8700223
1,2020-12-19,2900,14886,2897,14859,3,27,0,0,2898,14889,0.001711,1,2,0.0,2898,14891,0.001712,8700223
1,2020-12-20,2142,17028,2130,16989,12,39,0,0,2144,17033,0.001958,0,2,0.0,2144,17035,0.001958,8700223
1,2020-12-21,7688,24716,7668,24657,20,59,0,0,7735,24768,0.002847,1,3,0.0,7736,24771,0.002847,8700223
1,2020-12-22,7384,32100,7031,31688,353,412,0,0,7383,32149,0.003695,2,5,1e-06,7383,32154,0.003696,8700223
1,2020-12-23,7941,40041,6659,38347,1282,1694,0,0,7941,40089,0.004608,2,7,1e-06,7942,40096,0.004609,8700223
1,2020-12-24,3315,43356,2362,40709,953,2647,0,0,3313,43402,0.004989,0,7,1e-06,3313,43409,0.004989,8700223
1,2020-12-25,240,43596,155,40864,85,2732,0,0,240,43642,0.005016,0,7,1e-06,240,43649,0.005017,8700223
1,2020-12-26,1375,44971,980,41844,395,3127,0,0,1374,45015,0.005174,1,8,1e-06,1374,45023,0.005175,8700223
1,2020-12-27,881,45852,547,42391,334,3461,0,0,881,45895,0.005275,1,9,1e-06,881,45904,0.005276,8700223
1,2020-12-28,7149,53001,4795,47186,2354,5815,0,0,7146,53041,0.006097,0,9,1e-06,7146,53050,0.006098,8700223
1,2020-12-29,9091,62092,5062,52248,4029,9844,0,0,9086,62125,0.007141,2,11,1e-06,9086,62136,0.007142,8700223
1,2020-12-30,11804,73896,6550,58798,5254,15098,0,0,11800,73922,0.008497,3,14,2e-06,11800,73936,0.008498,8700223
1,2020-12-31,6054,79950,1967,60765,4087,19185,0,0,6051,79969,0.009192,5,19,2e-06,6052,79988,0.009194,8700223
1,2021-01-01,647,80597,264,61029,383,19568,0,0,644,80612,0.009266,1,20,2e-06,644,80632,0.009268,8700223
1,2021-01-02,2941,83538,1777,62806,1164,20732,0,0,2940,83552,0.009603,0,20,2e-06,2940,83572,0.009606,8700223
1,2021-01-03,1063,84601,555,63361,508,21240,0,0,1061,84610,0.009725,3,23,3e-06,1061,84633,0.009728,8700223
1,2021-01-04,7431,92032,3614,66975,3817,25057,0,0,7434,92042,0.010579,2,25,3e-06,7434,92067,0.010582,8700223
1,2021-01-05,11018,103050,5304,72279,5714,30771,0,0,10209,101486,0.011665,791,816,9.4e-05,10235,102302,0.011759,8700223
1,2021-01-06,14186,117236,7099,79378,7087,37858,0,0,12224,111805,0.012851,1923,2739,0.000315,12242,114544,0.013166,8700223
1,2021-01-07,17638,134874,9153,88531,8485,46343,0,0,13123,120516,0.013852,4425,7164,0.000823,13136,127680,0.014675,8700223
1,2021-01-08,20245,155119,10470,99001,9775,56118,0,0,14254,128816,0.014806,5974,13138,0.00151,14274,141954,0.016316,8700223
1,2021-01-09,6714,161833,3427,102428,3287,59405,0,0,4827,131765,0.015145,1882,15020,0.001726,4831,146785,0.016871,8700223
1,2021-01-10,3127,164960,1788,104216,1339,60744,0,0,1918,132488,0.015228,1196,16216,0.001864,1919,148704,0.017092,8700223
1,2021-01-11,18207,183167,11892,116108,6315,67059,0,0,11572,137487,0.015803,6616,22832,0.002624,11615,160319,0.018427,8700223
1,2021-01-12,19277,202444,11031,127139,8246,75305,0,0,13195,144687,0.01663,6043,28875,0.003319,13243,173562,0.019949,8700223
1,2021-01-13,19916,222360,10771,137910,9145,84450,0,0,14727,154272,0.017732,5163,34038,0.003912,14748,188310,0.021644,8700223
1,2021-01-14,22205,244565,9539,147449,12666,97116,0,0,19352,170907,0.019644,2783,36821,0.004232,19418,207728,0.023876,8700223
1,2021-01-15,25304,269869,9267,156716,16037,113153,0,0,23335,192389,0.022113,1924,38745,0.004453,23406,231134,0.026566,8700223
1,2021-01-16,13955,283824,4574,161290,9381,122534,0,0,13053,204554,0.023511,893,39638,0.004556,13058,244192,0.028067,8700223
1,2021-01-17,5214,289038,2046,163336,3168,125702,0,0,4839,209021,0.024025,375,40013,0.004599,4842,249034,0.028624,8700223
1,2021-01-18,14448,303486,8665,172001,5783,131485,0,0,11218,217083,0.024951,3216,43229,0.004969,11278,260312,0.02992,8700223
1,2021-01-19,24855,328341,12957,184958,11898,143383,0,0,19540,231394,0.026596,5287,48516,0.005576,19598,279910,0.032173,8700223
1,2021-01-20,29518,357859,14780,199738,14738,158121,0,0,23537,249079,0.028629,5896,54412,0.006254,23581,303491,0.034883,8700223
1,2021-01-21,31376,389235,14815,214553,16561,174682,0,0,27975,273830,0.031474,3330,57742,0.006637,28081,331572,0.038111,8700223
1,2021-01-22,28518,417753,11354,225907,17164,191846,0,0,26399,298209,0.034276,2051,59793,0.006873,26430,358002,0.041149,8700223
1,2021-01-23,18743,436496,8225,234132,10518,202364,0,0,16771,313050,0.035982,1941,61734,0.007096,16782,374784,0.043078,8700223
1,2021-01-24,6669,443165,4149,238281,2520,204884,0,0,6004,318403,0.036597,657,62391,0.007171,6010,380794,0.043768,8700223
1,2021-01-25,25608,468773,10590,248871,15018,219902,0,0,19736,332431,0.038209,5824,68215,0.007841,19852,400646,0.04605,8700223
1,2021-01-26,28954,497727,13568,262439,15386,235288,0,0,22122,347808,0.039977,6771,74986,0.008619,22148,422794,0.048596,8700223
1,2021-01-27,32836,530563,15628,278067,17208,252496,0,0,24565,364264,0.041868,8198,83184,0.009561,24654,447448,0.051429,8700223
1,2021-01-28,35094,565657,16534,294601,18560,271056,0,0,28001,385375,0.044295,7021,90205,0.010368,28132,475580,0.054663,8700223
1,2021-01-29,33861,599518,16554,311155,17307,288363,0,0,27131,406024,0.046668,6581,96786,0.011125,27230,502810,0.057793,8700223
1,2021-01-30,20221,619739,8742,319897,11479,299842,0,0,17987,421896,0.048493,2201,98987,0.011378,18073,520883,0.05987,8700223
1,2021-01-31,7742,627481,5034,324931,2708,302550,0,0,7014,428194,0.049216,719,99706,0.01146,7017,527900,0.060677,8700223
1,2021-02-01,29271,656752,12620,337551,16651,319201,0,0,21340,441664,0.050765,7880,107586,0.012366,21350,549250,0.063131,8700223
1,2021-02-02,32895,689647,11883,349434,21012,340213,0,0,24534,457967,0.052639,8269,115855,0.013316,24572,573822,0.065955,8700223
1,2021-02-03,39780,729427,15287,364721,24493,364706,0,0,28502,475471,0.05465,11101,126956,0.014592,28605,602427,0.069243,8700223
1,2021-02-04,44248,773675,17235,381956,27013,391719,0,0,31785,495036,0.056899,12336,139292,0.01601,31901,634328,0.072909,8700223
1,2021-02-05,47128,820803,17209,399165,29919,421638,0,0,30707,509600,0.058573,16263,155555,0.017879,30827,665155,0.076453,8700223
1,2021-02-06,26697,847500,10565,409730,16132,437770,0,0,20697,524419,0.060277,5951,161506,0.018563,20770,685925,0.07884,8700223
1,2021-02-07,6339,853839,4082,413812,2257,440027,0,0,4679,527480,0.060628,1637,163143,0.018752,4698,690623,0.07938,8700223
1,2021-02-08,31835,885674,14533,428345,17302,457329,0,0,21145,538145,0.061854,10585,173728,0.019968,21250,711873,0.081822,8700223
1,2021-02-09,38739,924413,17073,445418,21666,478995,0,0,23758,547078,0.062881,14942,188670,0.021686,23875,735748,0.084567,8700223
1,2021-02-10,47528,971941,22213,467631,25315,504310,0,0,26984,553764,0.063649,20396,209066,0.02403,27082,762830,0.087679,8700223
1,2021-02-11,52223,1024164,25543,493174,26680,530990,0,0,31021,564028,0.064829,20882,229948,0.02643,31146,793976,0.091259,8700223
1,2021-02-12,50323,1074487,21664,514838,28659,559649,0,0,28824,571672,0.065708,21325,251273,0.028881,28969,822945,0.094589,8700223
1,2021-02-13,26546,1101033,11541,526379,15005,574654,0,0,15293,575862,0.066189,11184,262457,0.030167,15374,838319,0.096356,8700223
1,2021-02-14,11800,1112833,5571,531950,6229,580883,0,0,6713,577590,0.066388,5055,267512,0.030748,6783,845102,0.097136,8700223
1,2021-02-15,24058,1136891,9450,541400,14608,595491,0,0,14599,582973,0.067007,9333,276845,0.03182,14716,859818,0.098827,8700223
1,2021-02-16,47349,1184240,22561,563961,24788,620279,0,0,27486,590816,0.067908,19769,296614,0.034093,27612,887430,0.102001,8700223
1,2021-02-17,48699,1232939,24683,588644,24016,644295,0,0,26138,594707,0.068355,22400,319014,0.036667,26291,913721,0.105023,8700223
1,2021-02-18,51347,1284286,25726,614370,25621,669916,0,0,26519,596908,0.068608,24564,343578,0.039491,26765,940486,0.108099,8700223
1,2021-02-19,46813,1331099,25374,639744,21439,691355,0,0,26116,602566,0.069259,20524,364102,0.04185,26182,966668,0.111108,8700223
1,2021-02-20,27884,1358983,16926,656670,10958,702313,0,0,15871,606582,0.06972,11943,376045,0.043222,15959,982627,0.112943,8700223
1,2021-02-21,12493,1371476,10723,667393,1770,704083,0,0,7480,609168,0.070018,4947,380992,0.043791,7533,990160,0.113809,8700223
1,2021-02-22,31761,1403237,20813,688206,10948,715031,0,0,18181,613986,0.070571,13473,394465,0.04534,18291,1008451,0.115911,8700223
1,2021-02-23,45984,1449221,22360,710566,23624,738655,0,0,25187,619048,0.071153,20498,414963,0.047696,25560,1034011,0.118849,8700223
1,2021-02-24,55945,1505166,27002,737568,28943,767598,0,0,30709,625230,0.071864,24986,439949,0.050568,31168,1065179,0.122431,8700223
1,2021-02-25,68682,1573848,33373,770941,35309,802907,0,0,42456,642206,0.073815,25986,465935,0.053554,42962,1108141,0.127369,8700223
1,2021-02-26,76702,1650550,35970,806911,40732,843639,0,0,50032,666373,0.076593,26351,492286,0.056583,50518,1158659,0.133176,8700223
1,2021-02-27,52881,1703431,24324,831235,28547,872186,10,10,34642,683275,0.078535,18023,510309,0.058655,34925,1193584,0.13719,8700223
1,2021-02-28,20350,1723781,12104,843339,8244,880430,2,12,14858,692889,0.07964,5390,515699,0.059274,15004,1208588,0.138915,8700223
1,2021-03-01,46550,1770331,21525,864864,24956,905386,69,81,29849,706569,0.081213,16489,532188,0.061169,30169,1238757,0.142382,8700223
1,2021-03-02,65053,1835384,28078,892942,36963,942349,12,93,41359,725088,0.083341,23502,555690,0.063871,42021,1280778,0.147212,8700223
1,2021-03-03,72266,1907650,34386,927328,37848,980197,32,125,43860,741426,0.085219,28169,583859,0.067109,44507,1325285,0.152328,8700223
1,2021-03-04,80222,1987872,37574,964902,42611,1022808,37,162,51339,764689,0.087893,28631,612490,0.070399,51894,1377179,0.158292,8700223
1,2021-03-05,79393,2067265,35835,1000737,43349,1066157,209,371,52849,792166,0.091051,26233,638723,0.073415,53710,1430889,0.164466,8700223
1,2021-03-06,58011,2125276,27513,1028250,29153,1095310,1345,1716,39161,814334,0.093599,18701,657424,0.075564,40869,1471758,0.169163,8700223
1,2021-03-07,21041,2146317,13069,1041319,6774,1102084,1198,2914,15546,825860,0.094924,5467,662891,0.076192,16993,1488751,0.171116,8700223
1,2021-03-08,46255,2192572,22563,1063882,21737,1123821,1955,4869,32339,846686,0.097318,13798,676689,0.077778,34624,1523375,0.175096,8700223
1,2021-03-09,67155,2259727,32527,1096409,32106,1155927,2522,7391,41284,865133,0.099438,25685,702374,0.080731,44132,1567507,0.180169,8700223
1,2021-03-10,74178,2333905,36878,1133287,32785,1188712,4515,11906,45506,886972,0.101948,28521,730895,0.084009,50360,1617867,0.185957,8700223
1,2021-03-11,90376,2424281,41476,1174763,40872,1229584,8028,19934,52432,910182,0.104616,37686,768581,0.08834,60896,1678763,0.192956,8700223
1,2021-03-12,99308,2523589,43859,1218622,43129,1272713,12320,32254,57931,939713,0.10801,41131,809712,0.093068,70662,1749425,0.201078,8700223
1,2021-03-13,65452,2589041,29476,1248098,28258,1300971,7718,39972,41527,965459,0.110969,23780,833492,0.095801,49526,1798951,0.206771,8700223
1,2021-03-14,28028,2617069,15000,1263098,9460,1310431,3568,43540,15693,972644,0.111795,12251,845743,0.097209,19436,1818387,0.209005,8700223
1,2021-03-15,65367,2682436,28788,1291886,29836,1340267,6743,50283,38456,991498,0.113962,26677,872420,0.100276,45531,1863918,0.214238,8700223
1,2021-03-16,85826,2768262,39096,1330982,41074,1381341,5656,55939,53052,1017995,0.117008,32542,904962,0.104016,59039,1922957,0.221024,8700223
1,2021-03-17,93339,2861601,45528,1376510,41265,1422606,6546,62485,59945,1051692,0.120881,33136,938098,0.107825,66833,1989790,0.228706,8700223
1,2021-03-18,99034,2960635,51008,1427518,42303,1464909,5723,68208,59766,1078773,0.123994,38881,976979,0.112294,65962,2055752,0.236287,8700223
1,2021-03-19,104129,3064764,54058,1481576,43852,1508761,6219,74427,60783,1103267,0.126809,43013,1019992,0.117237,67507,2123259,0.244047,8700223
1,2021-03-20,72819,3137583,37200,1518776,30398,1539159,5221,79648,46636,1129410,0.129814,25979,1045971,0.120223,52122,2175381,0.250037,8700223
1,2021-03-21,27439,3165022,19076,1537852,6548,1545707,1815,81463,17043,1138062,0.130808,10291,1056262,0.121406,18943,2194324,0.252215,8700223
1,2021-03-22,59360,3224382,30693,1568545,25389,1571096,3278,84741,39836,1162249,0.133588,19290,1075552,0.123623,43477,2237801,0.257212,8700223
1,2021-03-23,83703,3308085,42593,1611138,37452,1608548,3658,88399,51159,1185244,0.136231,32267,1107819,0.127332,55262,2293063,0.263564,8700223
1,2021-03-24,88657,3396742,44790,1655928,39478,1648026,4389,92788,52703,1206860,0.138716,35626,1143445,0.131427,57242,2350305,0.270143,8700223
1,2021-03-25,97691,3494433,49907,1705835,41892,1689918,5892,98680,53967,1223558,0.140635,43357,1186802,0.136411,60055,2410360,0.277046,8700223
1,2021-03-26,106275,3600708,51787,1757622,48139,1738057,6349,105029,56934,1238188,0.142317,48946,1235748,0.142036,63576,2473936,0.284353,8700223
1,2021-03-27,74635,3675343,38498,1796120,31908,1769965,4229,109258,38349,1244918,0.14309,36038,1271786,0.146179,42768,2516704,0.289269,8700223
1,2021-03-28,32923,3708266,21525,1817645,10171,1780136,1227,110485,16462,1246713,0.143297,16340,1288126,0.148057,18135,2534839,0.291353,8700223
1,2021-03-29,68852,3777118,33918,1851563,31755,1811891,3179,113664,37867,1257227,0.144505,30740,1318866,0.15159,41254,2576093,0.296095,8700223
1,2021-03-30,93925,3871043,45885,1897448,41606,1853497,6434,120098,48104,1266253,0.145543,45571,1364437,0.156828,54597,2630690,0.30237,8700223
1,2021-03-31,102249,3973292,53106,1950554,42874,1896371,6269,126367,55989,1282642,0.147426,45903,1410340,0.162104,62292,2692982,0.30953,8700223
1,2021-04-01,113862,4087154,54258,2004812,50743,1947114,8861,135228,57739,1293670,0.148694,55592,1465932,0.168494,66620,2759602,0.317188,8700223
1,2021-04-02,113252,4200406,51705,2056517,51775,1998889,9772,145000,57411,1305667,0.150073,55390,1521322,0.17486,67387,2826989,0.324933,8700223
1,2021-04-03,78595,4279001,39376,2095893,29497,2028386,9722,154722,36806,1310656,0.150646,41583,1562905,0.17964,46572,2873561,0.330286,8700223
1,2021-04-04,23817,4302818,11871,2107764,8460,2036846,3486,158208,9898,1310190,0.150593,13834,1576739,0.18123,13368,2886929,0.331822,8700223
1,2021-04-05,77844,4380662,36968,2144732,31438,2068284,9438,167646,34921,1312002,0.150801,42681,1619420,0.186135,44493,2931422,0.336936,8700223
1,2021-04-06,104869,4485531,49520,2194252,38599,2106883,16750,184396,47368,1318944,0.151599,57160,1676580,0.192705,64102,2995524,0.344304,8700223
1,2021-04-07,112973,4598504,54638,2248890,40604,2147487,17731,202127,50844,1325720,0.152378,61774,1738354,0.199806,68550,3064074,0.352183,8700223
1,2021-04-08,123438,4721942,58311,2307201,43926,2191413,21201,223328,54459,1332861,0.153198,68519,1806873,0.207681,75660,3139734,0.36088,8700223
1,2021-04-09,124691,4846633,56870,2364071,46848,2238261,20973,244301,54601,1338734,0.153874,69690,1876563,0.215691,75563,3215297,0.369565,8700223
1,2021-04-10,97092,4943725,43202,2407273,30967,2269228,22923,267224,38477,1341661,0.15421,58378,1934941,0.222401,61305,3276602,0.376611,8700223
1,2021-04-11,36798,4980523,20448,2427721,9456,2278684,6894,274118,14884,1341693,0.154214,21834,1956775,0.224911,21866,3298468,0.379125,8700223
1,2021-04-12,75384,5055907,33639,2461360,31647,2310331,10098,284216,31999,1340845,0.154116,43064,1999839,0.229861,42216,3340684,0.383977,8700223
1,2021-04-13,98480,5154387,52611,2513971,45532,2355863,337,284553,53125,1349637,0.155127,45028,2044867,0.235036,53820,3394504,0.390163,8700223
1,2021-04-14,105307,5259694,54478,2568449,50748,2406611,81,284634,53420,1352036,0.155402,51473,2096340,0.240952,53872,3448376,0.396355,8700223
1,2021-04-15,106134,5365828,57637,2626086,48404,2455015,93,284727,56132,1359060,0.15621,49382,2145722,0.246628,56406,3504782,0.402838,8700223
1,2021-04-16,111448,5477276,57200,2683286,54157,2509172,91,284818,55487,1359450,0.156255,55382,2201104,0.252994,55772,3560554,0.409249,8700223
1,2021-04-17,83551,5560827,45361,2728647,38178,2547350,12,284830,46497,1369344,0.157392,36782,2237886,0.257222,46676,3607230,0.414614,8700223
1,2021-04-18,30605,5591432,20723,2749370,9875,2557225,7,284837,15287,1369630,0.157425,15221,2253107,0.258971,15507,3622737,0.416396,8700223
1,2021-04-19,67167,5658599,33994,2783364,33158,2590383,15,284852,30185,1363374,0.156706,36585,2289692,0.263176,30329,3653066,0.419882,8700223
1,2021-04-20,88414,5747013,44482,2827846,43907,2634290,25,284877,41047,1357681,0.156051,46966,2336658,0.268574,41273,3694339,0.424626,8700223
1,2021-04-21,97926,5844939,51028,2878874,46794,2681084,104,284981,43567,1347863,0.154923,53740,2390398,0.274751,43922,3738261,0.429674,8700223
1,2021-04-22,97745,5942684,51021,2929895,46705,2727789,19,285000,44640,1340188,0.154041,52555,2442953,0.280792,44880,3783141,0.434833,8700223
1,2021-04-23,103103,6045787,53236,2983131,49839,2777628,28,285028,48871,1335663,0.153521,53664,2496617,0.28696,49139,3832280,0.440481,8700223
1,2021-04-24,76761,6122548,47517,3030648,29216,2806844,28,285056,43150,1345680,0.154672,33428,2530045,0.290802,43445,3875725,0.445474,8700223
1,2021-04-25,27452,6150000,17468,3048116,9968,2816812,16,285072,15610,1349745,0.155139,11703,2541748,0.292147,15768,3891493,0.447287,8700223
1,2021-04-26,66452,6216452,34813,3082929,31231,2848043,408,285480,31357,1347096,0.154835,34751,2576499,0.296142,32102,3923595,0.450976,8700223
1,2021-04-27,81934,6298386,43525,3126454,37103,2885146,1306,286786,35334,1337809,0.153767,46272,2622771,0.30146,36985,3960580,0.455227,8700223
1,2021-04-28,81652,6380038,43358,3169812,36783,2921929,1511,288297,35632,1329547,0.152818,45629,2668400,0.306705,37367,3997947,0.459522,8700223
1,2021-04-29,85152,6465190,46791,3216603,36731,2958660,1630,289927,34505,1315622,0.151217,50230,2718630,0.312478,36305,4034252,0.463695,8700223
1,2021-04-30,92843,6558033,50229,3266832,40710,2999370,1904,291831,38509,1302247,0.14968,53946,2772576,0.318679,40571,4074823,0.468358,8700223
1,2021-05-01,63940,6621973,41132,3307964,21374,3020744,1434,293265,26900,1294051,0.148738,36745,2809321,0.322902,28549,4103372,0.47164,8700223
1,2021-05-02,23531,6645504,16671,3324635,6277,3027021,583,293848,9437,1290125,0.148286,13975,2823296,0.324508,10049,4113421,0.472795,8700223
1,2021-05-03,56518,6702022,31275,3355910,23384,3050405,1859,295707,20429,1276656,0.146738,35808,2859104,0.328624,22339,4135760,0.475363,8700223
1,2021-05-04,76080,6778102,43783,3399693,30197,3080602,2100,297807,27175,1257444,0.14453,48566,2907670,0.334206,29354,4165114,0.478736,8700223
1,2021-05-05,78685,6856787,45630,3445323,30745,3111347,2310,300117,26548,1234635,0.141908,51748,2959418,0.340154,28939,4194053,0.482063,8700223
1,2021-05-06,80248,6937035,48775,3494098,29289,3140636,2184,302301,24929,1207015,0.138734,54887,3014305,0.346463,27267,4221320,0.485197,8700223
1,2021-05-07,83792,7020827,47703,3541801,33891,3174527,2198,304499,27775,1181526,0.135804,55527,3069832,0.352845,30038,4251358,0.488649,8700223
1,2021-05-08,57647,7078474,36194,3577995,19796,3194323,1657,306156,19528,1165040,0.133909,37757,3107589,0.357185,21271,4272629,0.491094,8700223
1,2021-05-09,18379,7096853,13189,3591184,4711,3199034,479,306635,5555,1158378,0.133143,12733,3120322,0.358649,6071,4278700,0.491792,8700223
1,2021-05-10,44494,7141347,22524,3613708,20138,3219172,1832,308467,14776,1145666,0.131682,29412,3149734,0.362029,16700,4295400,0.493711,8700223
1,2021-05-11,63087,7204434,34328,3648036,26597,3245769,2162,310629,20706,1126586,0.129489,42063,3191797,0.366864,22983,4318383,0.496353,8700223
1,2021-05-12,63271,7267705,33657,3681693,27538,3273307,2076,312705,20734,1107284,0.127271,42173,3233970,0.371711,22871,4341254,0.498982,8700223
1,2021-05-13,67520,7335225,39645,3721338,25884,3299191,1991,314696,25678,1093809,0.125722,41428,3275398,0.376473,27953,4369207,0.502195,8700223
1,2021-05-14,77197,7412422,46550,3767888,28229,3327420,2418,317114,31105,1081959,0.12436,45655,3321053,0.38172,33805,4403012,0.50608,8700223
1,2021-05-15,67031,7479453,44014,3811902,21244,3348664,1773,318887,26680,1070474,0.12304,40009,3361062,0.386319,28524,4431536,0.509359,8700223
1,2021-05-16,25157,7504610,18545,3830447,5991,3354655,621,319508,10251,1066618,0.122597,14775,3375837,0.388017,10919,4442455,0.510614,8700223
1,2021-05-17,54667,7559277,33366,3863813,19516,3374171,1785,321293,23113,1060310,0.121872,31260,3407097,0.39161,24952,4467407,0.513482,8700223
1,2021-05-18,65505,7624782,39455,3903268,24206,3398377,1844,323137,28369,1053787,0.121122,36826,3443923,0.395843,30303,4497710,0.516965,8700223
1,2021-05-19,66943,7691725,40788,3944056,24207,3422584,1948,325085,29920,1049030,0.120575,36699,3480622,0.400061,31942,4529652,0.520636,8700223
1,2021-05-20,65157,7756882,37829,3981885,25091,3447675,2237,327322,26776,1040244,0.119565,38001,3518623,0.404429,29215,4558867,0.523994,8700223
1,2021-05-21,70962,7827844,42464,4024349,26610,3474285,1888,329210,29247,1030195,0.11841,41278,3559901,0.409174,31229,4590096,0.527584,8700223
1,2021-05-22,56655,7884499,37274,4061623,17648,3491933,1733,330943,24610,1024889,0.1178,31742,3591643,0.412822,26436,4616532,0.530622,8700223
1,2021-05-23,20593,7905092,14395,4076018,5610,3497543,588,331531,9532,1024087,0.117708,10948,3602591,0.41408,10146,4626678,0.531788,8700223
1,2021-05-24,44392,7949484,24783,4100801,17755,3515298,1854,333385,17963,1017840,0.11699,26146,3628737,0.417086,19899,4646577,0.534076,8700223
1,2021-05-25,51776,8001260,29867,4130668,20164,3535462,1745,335130,21532,1011305,0.116239,29904,3658641,0.420523,23369,4669946,0.536762,8700223
1,2021-05-26,49042,8050302,27798,4158466,19305,3554767,1939,337069,20787,1006147,0.115646,27925,3686566,0.423732,22767,4692713,0.539378,8700223
1,2021-05-27,47588,8097890,26731,4185197,18923,3573690,1934,339003,20366,1001652,0.115129,26909,3713475,0.426825,22414,4715127,0.541955,8700223
1,2021-05-28,53417,8151307,29869,4215066,21686,3595376,1862,340865,23929,998455,0.114762,29115,3742590,0.430172,25918,4741045,0.544934,8700223
1,2021-05-29,30958,8182265,18756,4233822,11222,3606598,980,341845,14682,998070,0.114718,16101,3758691,0.432022,15716,4756761,0.54674,8700223
1,2021-05-30,11744,8194009,7591,4241413,3591,3610189,562,342407,5529,998052,0.114716,6135,3764826,0.432728,6117,4762878,0.547443,8700223
1,2021-05-31,5835,8199844,3322,4244735,2252,3612441,261,342668,2043,996649,0.114554,3719,3768545,0.433155,2316,4765194,0.547709,8700223
1,2021-06-01,46626,8246470,26437,4271172,18602,3631043,1587,344255,17636,987342,0.113485,28595,3797140,0.436442,19288,4784482,0.549926,8700223
1,2021-06-02,40666,8287136,23648,4294820,15495,3646538,1523,345778,16410,981430,0.112805,23928,3821068,0.439192,18016,4802498,0.551997,8700223
1,2021-06-03,42235,8329371,26501,4321321,13988,3660526,1746,347524,16112,973568,0.111901,25797,3846865,0.442157,17935,4820433,0.554059,8700223
1,2021-06-04,51130,8380501,32746,4354067,16547,3677073,1837,349361,18385,961530,0.110518,32337,3879202,0.445874,20299,4840732,0.556392,8700223
1,2021-06-05,40868,8421369,27913,4381980,10935,3688008,2020,351381,14309,951588,0.109375,26326,3905528,0.4489,16384,4857116,0.558275,8700223
1,2021-06-06,13283,8434652,10630,4392610,2134,3690142,519,351900,4565,948104,0.108975,8629,3914157,0.449892,5145,4862261,0.558866,8700223
1,2021-06-07,34419,8469071,23764,4416374,9279,3699421,1376,353276,12302,939958,0.108038,21879,3936036,0.452406,13733,4875994,0.560445,8700223
1,2021-06-08,42559,8511630,29448,4445822,11444,3710865,1667,354943,14804,929055,0.106785,27463,3963499,0.455563,16560,4892554,0.562348,8700223
1,2021-06-09,42528,8554158,29497,4475319,11373,3722238,1658,356601,13845,916260,0.105315,28354,3991853,0.458822,15559,4908113,0.564136,8700223
1,2021-06-10,39656,8593814,26740,4502059,11189,3733427,1727,358328,13590,905883,0.104122,25794,4017647,0.461787,15417,4923530,0.565908,8700223
1,2021-06-11,44970,8638784,29855,4531914,13399,3746826,1716,360044,16084,895212,0.102895,28549,4046196,0.465068,17878,4941408,0.567963,8700223
1,2021-06-12,34359,8673143,24877,4556791,8253,3755079,1229,361273,11297,884970,0.101718,22834,4069030,0.467693,12592,4954000,0.569411,8700223
1,2021-06-13,11719,8684862,8522,4565313,2715,3757794,482,361755,3417,880678,0.101225,8225,4077255,0.468638,3933,4957933,0.569863,8700223
1,2021-06-14,31469,8716331,21219,4586532,8913,3766707,1337,363092,11747,874294,0.100491,19499,4096754,0.470879,13115,4971048,0.57137,8700223
1,2021-06-15,37976,8754307,24917,4611449,11178,3777885,1881,364973,14090,866776,0.099627,23577,4120331,0.473589,16059,4987107,0.573216,8700223
1,2021-06-16,36189,8790496,24501,4635950,9829,3787714,1859,366832,13645,860097,0.098859,22240,4142571,0.476145,15561,5002668,0.575005,8700223
1,2021-06-17,34053,8824549,22528,4658478,9546,3797260,1979,368811,13290,854957,0.098268,20495,4163066,0.478501,15355,5018023,0.576769,8700223
1,2021-06-18,40023,8864572,26009,4684487,11138,3808398,2876,371687,15455,849070,0.097592,24267,4187333,0.48129,18380,5036403,0.578882,8700223
1,2021-06-19,24128,8888700,16747,4701234,6179,3814577,1202,372889,9805,845971,0.097236,14146,4201479,0.482916,11047,5047450,0.580152,8700223
1,2021-06-20,8174,8896874,5984,4707218,1912,3816489,278,373167,3225,844608,0.097079,4877,4206356,0.483477,3514,5050964,0.580556,8700223
1,2021-06-21,21143,8918017,11965,4719183,6976,3823465,2202,375369,11001,847842,0.097451,10018,4216374,0.484628,13252,5064216,0.582079,8700223
1,2021-06-22,31127,8949144,20316,4739499,8634,3832099,2177,377546,12948,845083,0.097133,17946,4234320,0.486691,15187,5079403,0.583824,8700223
1,2021-06-23,29617,8978761,19892,4759391,7886,3839985,1839,379385,12864,843284,0.096927,16529,4250849,0.488591,14730,5094133,0.585518,8700223
1,2021-06-24,28698,9007459,19126,4778517,7887,3847872,1685,381070,12137,840825,0.096644,16346,4267195,0.49047,13887,5108020,0.587114,8700223
1,2021-06-25,32119,9039578,21752,4800269,8942,3856814,1425,382495,14043,838528,0.09638,17820,4285015,0.492518,15523,5123543,0.588898,8700223
1,2021-06-26,22706,9062284,16867,4817136,4988,3861802,851,383346,9887,836632,0.096162,12680,4297695,0.493975,10784,5134327,0.590137,8700223
1,2021-06-27,9291,9071575,6929,4824065,1924,3863726,438,383784,4111,836092,0.0961,5107,4302802,0.494562,4567,5138894,0.590662,8700223
1,2021-06-28,21526,9093101,16002,4840067,4260,3867986,1264,385048,9973,836035,0.096094,11340,4314142,0.495866,11283,5150177,0.591959,8700223
1,2021-06-29,27343,9120444,18741,4858808,7202,3875188,1400,386448,12129,834609,0.09593,15016,4329158,0.497592,13590,5163767,0.593521,8700223
1,2021-06-30,26713,9147157,18517,4877325,7120,3882308,1076,387524,12755,834789,0.09595,13726,4342884,0.499169,13906,5177673,0.59512,8700223
1,2021-07-01,24429,9171586,16986,4894311,6130,3888438,1313,388837,11317,834568,0.095925,12926,4355810,0.500655,12705,5190378,0.59658,8700223
1,2021-07-02,27373,9198959,18824,4913135,7487,3895925,1062,389899,12792,834141,0.095876,14362,4370172,0.502306,13935,5204313,0.598182,8700223
1,2021-07-03,15110,9214069,10569,4923704,4081,3900006,460,390359,7202,834069,0.095868,7766,4377938,0.503198,7694,5212007,0.599066,8700223
1,2021-07-04,1304,9215373,735,4924439,501,3900507,68,390427,637,834123,0.095874,656,4378594,0.503274,710,5212717,0.599148,8700223
1,2021-07-05,11311,9226684,7829,4932268,3115,3903622,367,390794,5386,834073,0.095868,5850,4384444,0.503946,5800,5218517,0.599814,8700223
1,2021-07-06,27993,9254677,19790,4952058,7042,3910664,1161,391955,11194,829938,0.095393,16592,4401036,0.505853,12457,5230974,0.601246,8700223
1,2021-07-07,24398,9279075,17108,4969166,6111,3916775,1179,393134,10500,828001,0.09517,13701,4414737,0.507428,11764,5242738,0.602598,8700223
1,2021-07-08,23359,9302434,16200,4985366,6049,3922824,1110,394244,10056,826157,0.094958,13095,4427832,0.508933,11251,5253989,0.603891,8700223
1,2021-07-09,27631,9330065,19545,5004911,6904,3929728,1182,395426,12491,824935,0.094818,14953,4442785,0.510652,13731,5267720,0.60547,8700223
1,2021-07-10,18265,9348330,13185,5018096,4300,3934028,780,396206,8158,823951,0.094705,9972,4452757,0.511798,8988,5276708,0.606503,8700223
1,2021-07-11,6847,9355177,5006,5023102,1633,3935661,208,396414,3315,824011,0.094711,3481,4456238,0.512198,3541,5280249,0.60691,8700223
1,2021-07-12,20534,9375711,14757,5037859,4865,3940526,912,397326,9113,822860,0.094579,11271,4467509,0.513494,10120,5290369,0.608073,8700223
1,2021-07-13,22813,9398524,15921,5053780,6065,3946591,827,398153,10686,822494,0.094537,11966,4479475,0.514869,11600,5301969,0.609406,8700223
1,2021-07-14,22762,9421286,15654,5069434,6111,3952702,997,399150,10279,821559,0.09443,12320,4491795,0.516285,11385,5313354,0.610715,8700223
1,2021-07-15,22250,9443536,15768,5085202,5744,3958446,738,399888,10808,821928,0.094472,11284,4503079,0.517582,11653,5325007,0.612054,8700223
1,2021-07-16,27285,9470821,19062,5104264,7209,3965655,1014,400902,13525,822971,0.094592,13580,4516659,0.519143,14623,5339630,0.613735,8700223
1,2021-07-17,18945,9489766,13704,5117968,4531,3970186,710,401612,9345,823601,0.094664,9461,4526120,0.52023,10091,5349721,0.614895,8700223
1,2021-07-18,7542,9497308,5566,5123534,1690,3971876,286,401898,3855,824132,0.094725,3627,4529747,0.520647,4158,5353879,0.615373,8700223
1,2021-07-19,21148,9518456,15320,5138854,4984,3976860,844,402742,10595,825256,0.094855,10412,4540159,0.521844,11536,5365415,0.616699,8700223
1,2021-07-20,25343,9543799,17526,5156380,6916,3983776,901,403643,13055,827208,0.095079,12095,4552254,0.523234,14047,5379462,0.618313,8700223
1,2021-07-21,25662,9569461,18022,5174402,6418,3990194,1222,404865,13135,829329,0.095323,12353,4564607,0.524654,14474,5393936,0.619977,8700223
1,2021-07-22,24808,9594269,17565,5191967,6394,3996588,849,405714,13529,832720,0.095712,11078,4575685,0.525927,14469,5408405,0.62164,8700223
1,2021-07-23,29542,9623811,20904,5212871,7610,4004198,1028,406742,16465,837414,0.096252,12870,4588555,0.527407,17564,5425969,0.623659,8700223
1,2021-07-24,18421,9642232,13019,5225890,4824,4009022,578,407320,10823,841367,0.096706,7475,4596030,0.528266,11428,5437397,0.624972,8700223
1,2021-07-25,7587,9649819,5453,5231343,2018,4011040,116,407436,5652,845267,0.097155,1888,4597918,0.528483,5788,5443185,0.625637,8700223
1,2021-07-26,21835,9671654,15117,5246460,5953,4016993,765,408201,14127,852665,0.098005,7564,4605482,0.529352,14962,5458147,0.627357,8700223
1,2021-07-27,27508,9699162,19681,5266141,6876,4023869,951,409152,16214,858773,0.098707,11111,4616593,0.530629,17219,5475366,0.629336,8700223
1,2021-07-28,28491,9727653,20217,5286358,7383,4031252,891,410043,17479,866396,0.099583,10819,4627412,0.531873,18442,5493808,0.631456,8700223
1,2021-07-29,27105,9754758,19254,5305612,7053,4038305,798,410841,16966,874259,0.100487,9964,4637376,0.533018,17827,5511635,0.633505,8700223
1,2021-07-30,31575,9786333,22607,5328219,8052,4046357,916,411757,19302,882468,0.101431,12046,4649422,0.534403,20255,5531890,0.635833,8700223
1,2021-07-31,20183,9806516,14675,5342894,4966,4051323,542,412299,12539,888099,0.102078,7477,4656899,0.535262,13108,5544998,0.63734,8700223
1,2021-08-01,8956,9815472,6752,5349646,2077,4053400,127,412426,6134,891618,0.102482,2769,4659668,0.53558,6288,5551286,0.638062,8700223
1,2021-08-02,25265,9840737,18800,5368446,5742,4059142,723,413149,16431,900155,0.103463,8663,4668331,0.536576,17200,5568486,0.640039,8700223
1,2021-08-03,29126,9869863,21108,5389554,7058,4066200,960,414109,18283,908779,0.104455,10653,4678984,0.5378,19277,5587763,0.642255,8700223
1,2021-08-04,27914,9897777,20312,5409866,6717,4072917,885,414994,17729,917465,0.105453,9974,4688958,0.538947,18660,5606423,0.6444,8700223
1,2021-08-05,27779,9925556,20376,5430242,6483,4079400,920,415914,17517,925877,0.10642,10047,4699005,0.540102,18459,5624882,0.646522,8700223
1,2021-08-06,34323,9959879,25307,5455549,8026,4087426,990,416904,21449,935728,0.107552,12630,4711635,0.541553,22481,5647363,0.649106,8700223
1,2021-08-07,22010,9981889,16545,5472094,4895,4092321,570,417474,13723,941875,0.108259,8160,4719795,0.542491,14307,5661670,0.65075,8700223
1,2021-08-08,10548,9992437,7711,5479805,2634,4094955,203,417677,6857,945322,0.108655,3623,4723418,0.542908,7070,5668740,0.651563,8700223
1,2021-08-09,28241,10020678,21198,5501003,6221,4101176,822,418499,17491,953115,0.109551,10555,4733973,0.544121,18348,5687088,0.653672,8700223
1,2021-08-10,29847,10050525,21990,5522993,6977,4108153,880,419379,17851,960117,0.110355,11785,4745758,0.545475,18787,5705875,0.655831,8700223
1,2021-08-11,27560,10078085,20377,5543370,6254,4114407,929,420308,16335,966394,0.111077,11012,4756770,0.546741,17289,5723164,0.657818,8700223
1,2021-08-12,29038,10107123,20908,5564278,7078,4121485,1052,421360,17325,973377,0.11188,11419,4768189,0.548054,18402,5741566,0.659933,8700223
1,2021-08-13,36640,10143763,26618,5590896,8922,4130407,1100,422460,21393,980985,0.112754,14929,4783118,0.54977,22537,5764103,0.662524,8700223
1,2021-08-14,24240,10168003,18407,5609303,5267,4135674,566,423026,13923,985637,0.113289,9854,4792972,0.550902,14506,5778609,0.664191,8700223
1,2021-08-15,10788,10178791,7965,5617268,2658,4138332,165,423191,6289,987917,0.113551,4196,4797168,0.551384,6476,5785085,0.664935,8700223
1,2021-08-16,29414,10208205,20897,5638165,7727,4146059,790,423981,16248,992723,0.114103,12262,4809430,0.552794,17068,5802153,0.666897,8700223
1,2021-08-17,32011,10240216,22709,5660874,8356,4154415,946,424927,16848,996346,0.11452,14209,4823639,0.554427,17832,5819985,0.668947,8700223
1,2021-08-18,32316,10272532,23211,5684085,8197,4162612,908,425835,16534,999273,0.114856,14560,4838199,0.556101,17487,5837472,0.670957,8700223
1,2021-08-19,31497,10304029,22508,5706593,7959,4170571,1030,426865,16151,1002417,0.115217,14075,4852274,0.557718,17219,5854691,0.672936,8700223
1,2021-08-20,38547,10342576,28018,5734611,9562,4180133,967,427832,19614,1005670,0.115591,17358,4869632,0.559713,20611,5875302,0.675305,8700223
1,2021-08-21,23326,10365902,17459,5752070,5290,4185423,577,428409,11449,1006585,0.115696,11129,4880761,0.560993,12044,5887346,0.676689,8700223
1,2021-08-22,11956,10377858,8763,5760833,2992,4188415,201,428610,6013,1007262,0.115774,5551,4886312,0.561631,6228,5893574,0.677405,8700223
1,2021-08-23,31544,10409402,23417,5784250,7353,4195768,774,429384,15263,1008266,0.11589,15100,4901412,0.563366,16104,5909678,0.679256,8700223
1,2021-08-24,32045,10441447,24308,5808558,6901,4202669,836,430220,15226,1008798,0.115951,15595,4917007,0.565159,16127,5925805,0.68111,8700223
1,2021-08-25,31919,10473366,24242,5832800,6926,4209595,751,430971,14993,1008923,0.115965,15676,4932683,0.566961,15801,5941606,0.682926,8700223
1,2021-08-26,31722,10505088,23671,5856471,7148,4216743,903,431874,15031,1009657,0.11605,15247,4947930,0.568713,15981,5957587,0.684763,8700223
1,2021-08-27,39214,10544302,30071,5886542,8306,4225049,837,432711,17877,1008847,0.115956,19597,4967527,0.570965,18787,5976374,0.686922,8700223
1,2021-08-28,25047,10569349,19632,5906174,4980,4230029,435,433146,10917,1006886,0.115731,13361,4980888,0.572501,11400,5987774,0.688232,8700223
1,2021-08-29,12104,10581453,9102,5915276,2856,4232885,146,433292,5606,1006602,0.115698,6068,4986956,0.573199,5784,5993558,0.688897,8700223
1,2021-08-30,29125,10610578,21359,5936635,6827,4239712,939,434231,12574,1004888,0.115501,15283,5002239,0.574955,13569,6007127,0.690457,8700223
1,2021-08-31,29397,10639975,21962,5958597,6669,4246381,766,434997,12489,1002626,0.115241,15563,5017802,0.576744,13301,6020428,0.691985,8700223
1,2021-09-01,28985,10668960,21453,5980050,6726,4253107,806,435803,13095,1002255,0.115199,14347,5032149,0.578393,13976,6034404,0.693592,8700223
1,2021-09-02,27764,10696724,20497,6000547,6537,4259644,730,436533,12098,1000986,0.115053,14142,5046291,0.580019,12873,6047277,0.695071,8700223
1,2021-09-03,34843,10731567,26128,6026675,8047,4267691,668,437201,14501,997651,0.11467,18576,5064867,0.582154,15241,6062518,0.696823,8700223
1,2021-09-04,19810,10751377,15299,6041974,4234,4271925,277,437478,8277,995376,0.114408,10877,5075744,0.583404,8602,6071120,0.697812,8700223
1,2021-09-05,10967,10762344,8186,6050160,2705,4274630,76,437554,5111,995134,0.11438,5454,5081198,0.584031,5212,6076332,0.698411,8700223
1,2021-09-06,6588,10768932,4452,6054612,2080,4276710,56,437610,2849,994533,0.114311,3512,5084710,0.584434,2911,6079243,0.698746,8700223
1,2021-09-07,29617,10798549,22067,6076679,6925,4283635,625,438235,10283,987374,0.113488,18118,5102828,0.586517,10959,6090202,0.700005,8700223
1,2021-09-08,27586,10826135,20414,6097093,6580,4290215,592,438827,11365,984511,0.113159,14880,5117708,0.588227,12017,6102219,0.701387,8700223
1,2021-09-09,26993,10853128,19864,6116957,6496,4296711,633,439460,11170,981848,0.112853,14516,5132224,0.589896,11853,6114072,0.702749,8700223
1,2021-09-10,32860,10885988,24103,6141060,8006,4304717,751,440211,12993,977277,0.112328,18378,5150602,0.592008,13807,6127879,0.704336,8700223
1,2021-09-11,20118,10906106,15294,6156354,4448,4309165,376,440587,7909,974001,0.111951,11602,5162204,0.593342,8326,6136205,0.705293,8700223
1,2021-09-12,10363,10916469,7519,6163873,2715,4311880,129,440716,4374,972820,0.111816,5707,5167911,0.593998,4526,6140731,0.705813,8700223
1,2021-09-13,13131,10929600,9114,6172987,3554,4315434,463,441179,5045,970942,0.1116,7404,5175315,0.594849,5526,6146257,0.706448,8700223
2,2020-12-15,264,264,264,264,0,0,0,0,264,264,3.1e-05,0,0,0.0,264,264,3.1e-05,8407551
2,2020-12-16,2315,2579,2315,2579,0,0,0,0,2315,2579,0.000307,0,0,0.0,2315,2579,0.000307,8407551
2,2020-12-17,7221,9800,7221,9800,0,0,0,0,7218,9797,0.001165,0,0,0.0,7218,9797,0.001165,8407551
2,2020-12-18,11191,20991,11168,20968,23,23,0,0,11191,20988,0.002496,0,0,0.0,11191,20988,0.002496,8407551
2,2020-12-19,5643,26634,5635,26603,8,31,0,0,5648,26636,0.003168,0,0,0.0,5648,26636,0.003168,8407551
2,2020-12-20,4275,30909,4256,30859,19,50,0,0,4267,30902,0.003676,1,1,0.0,4267,30903,0.003676,8407551
2,2020-12-21,12912,43821,12881,43740,31,81,0,0,12870,43771,0.005206,1,2,0.0,12870,43773,0.005206,8407551
2,2020-12-22,12287,56108,11748,55488,539,620,0,0,12286,56057,0.006667,0,2,0.0,12286,56059,0.006668,8407551
2,2020-12-23,11871,67979,9573,65061,2298,2918,0,0,11869,67924,0.008079,3,5,1e-06,11870,67929,0.00808,8407551
2,2020-12-24,5930,73909,3510,68571,2420,5338,0,0,5929,73851,0.008784,4,9,1e-06,5931,73860,0.008785,8407551
2,2020-12-25,509,74418,423,68994,86,5424,0,0,512,74363,0.008845,0,9,1e-06,512,74372,0.008846,8407551
2,2020-12-26,2602,77020,1678,70672,924,6348,0,0,2602,76963,0.009154,2,11,1e-06,2602,76974,0.009155,8407551
2,2020-12-27,2239,79259,1220,71892,1019,7367,0,0,2237,79198,0.00942,2,13,2e-06,2237,79211,0.009421,8407551
2,2020-12-28,11227,90486,7273,79165,3954,11321,0,0,11227,90420,0.010755,5,18,2e-06,11227,90438,0.010757,8407551
2,2020-12-29,13031,103517,7322,86487,5709,17030,0,0,13037,103456,0.012305,1,19,2e-06,13037,103475,0.012307,8407551
2,2020-12-30,15718,119235,8772,95259,6946,23976,0,0,15711,119164,0.014173,5,24,3e-06,15713,119188,0.014176,8407551
2,2020-12-31,7619,126854,2813,98072,4806,28782,0,0,7610,126769,0.015078,5,29,3e-06,7610,126798,0.015081,8407551
2,2021-01-01,1474,128328,709,98781,765,29547,0,0,1469,128234,0.015252,4,33,4e-06,1469,128267,0.015256,8407551
2,2021-01-02,4894,133222,2786,101567,2108,31655,0,0,4889,133121,0.015834,2,35,4e-06,4889,133156,0.015838,8407551
2,2021-01-03,1443,134665,813,102380,630,32285,0,0,1436,134554,0.016004,3,38,5e-06,1436,134592,0.016008,8407551
2,2021-01-04,11869,146534,5656,108036,6213,38498,0,0,11856,146405,0.017414,5,43,5e-06,11856,146448,0.017419,8407551
2,2021-01-05,14076,160610,7069,115105,7007,45505,0,0,12822,158011,0.018794,1250,1293,0.000154,12856,159304,0.018948,8407551
2,2021-01-06,19293,179903,10637,125742,8656,54161,0,0,15284,169359,0.020144,3951,5244,0.000624,15299,174603,0.020767,8407551
2,2021-01-07,23579,203482,13295,139037,10284,64445,0,0,15755,177302,0.021088,7834,13078,0.001556,15777,190380,0.022644,8407551
2,2021-01-08,27197,230679,16419,155456,10778,75223,0,0,16626,183445,0.021819,10518,23596,0.002807,16661,207041,0.024626,8407551
2,2021-01-09,9931,240610,5813,161269,4118,79341,0,0,6319,186173,0.022144,3603,27199,0.003235,6331,213372,0.025379,8407551
2,2021-01-10,5368,245978,2992,164261,2376,81717,0,0,3097,186993,0.022241,2281,29480,0.003506,3101,216473,0.025747,8407551
2,2021-01-11,26293,272271,18169,182430,8124,89841,0,0,15095,190926,0.022709,11214,40694,0.00484,15147,231620,0.027549,8407551
2,2021-01-12,26673,298944,16565,198995,10108,99949,0,0,16922,198169,0.02357,9772,50466,0.006002,17015,248635,0.029573,8407551
2,2021-01-13,28849,327793,15271,214266,13578,113527,0,0,20806,210984,0.025095,8032,58498,0.006958,20847,269482,0.032052,8407551
2,2021-01-14,30875,358668,11842,226108,19033,132560,0,0,26512,233220,0.027739,4362,62860,0.007477,26598,296080,0.035216,8407551
2,2021-01-15,35459,394127,12910,239018,22549,155109,0,0,32115,262088,0.031173,3343,66203,0.007874,32211,328291,0.039047,8407551
2,2021-01-16,18421,412548,6152,245170,12269,167378,0,0,16997,277651,0.033024,1442,67645,0.008046,17005,345296,0.04107,8407551
2,2021-01-17,10628,423176,3607,248777,7021,174399,0,0,9860,286740,0.034105,782,68427,0.008139,9871,355167,0.042244,8407551
2,2021-01-18,19856,443032,11091,259868,8765,183164,0,0,14989,296913,0.035315,4883,73310,0.00872,15056,370223,0.044035,8407551
2,2021-01-19,33035,476067,17255,277123,15780,198944,0,0,24791,313579,0.037297,8247,81557,0.0097,24913,395136,0.046998,8407551
2,2021-01-20,37870,513937,19032,296155,18838,217782,0,0,29165,334164,0.039746,8678,90235,0.010733,29263,424399,0.050478,8407551
2,2021-01-21,41448,555385,17626,313781,23822,241604,0,0,36779,366503,0.043592,4636,94871,0.011284,36975,461374,0.054876,8407551
2,2021-01-22,39826,595211,16636,330417,23190,264794,0,0,36408,399509,0.047518,3433,98304,0.011692,36439,497813,0.05921,8407551
2,2021-01-23,24409,619620,10844,341261,13565,278359,0,0,21412,417976,0.049714,2976,101280,0.012046,21443,519256,0.061761,8407551
2,2021-01-24,12521,632141,6142,347403,6379,284738,0,0,11576,428643,0.050983,929,102209,0.012157,11596,530852,0.06314,8407551
2,2021-01-25,34238,666379,15717,363120,18521,303259,0,0,25219,445053,0.052935,8965,111174,0.013223,25375,556227,0.066158,8407551
2,2021-01-26,40718,707097,19895,383015,20823,324082,0,0,31294,467047,0.055551,9397,120571,0.014341,31391,587618,0.069892,8407551
2,2021-01-27,46004,753101,22737,405752,23267,347349,0,0,35454,492143,0.058536,10431,131002,0.015581,35527,623145,0.074117,8407551
2,2021-01-28,48467,801568,22558,428310,25909,373258,0,0,39549,522930,0.062198,8849,139851,0.016634,39636,662781,0.078832,8407551
2,2021-01-29,46087,847655,22143,450453,23944,397202,0,0,37124,551308,0.065573,8833,148684,0.017685,37211,699992,0.083258,8407551
2,2021-01-30,31525,879180,13339,463792,18186,415388,0,0,28058,575990,0.068509,3425,152109,0.018092,28107,728099,0.086601,8407551
2,2021-01-31,17293,896473,10199,473991,7094,422482,0,0,16047,590837,0.070275,1224,153333,0.018238,16071,744170,0.088512,8407551
2,2021-02-01,41701,938174,19945,493936,21756,444238,0,0,30372,609995,0.072553,11265,164598,0.019577,30423,774593,0.092131,8407551
2,2021-02-02,48333,986507,19635,513571,28698,472936,0,0,36604,635067,0.075535,11634,176232,0.020961,36706,811299,0.096496,8407551
2,2021-02-03,54460,1040967,23893,537464,30567,503503,0,0,39992,660797,0.078596,14365,190597,0.02267,40095,851394,0.101265,8407551
2,2021-02-04,56747,1097714,24275,561739,32472,535975,0,0,41165,686606,0.081665,15467,206064,0.024509,41276,892670,0.106175,8407551
2,2021-02-05,60759,1158473,26322,588061,34437,570412,0,0,40933,708151,0.084228,19594,225658,0.02684,41139,933809,0.111068,8407551
2,2021-02-06,39753,1198226,18351,606412,21402,591814,0,0,31600,731793,0.08704,8074,233732,0.0278,31716,965525,0.11484,8407551
2,2021-02-07,15898,1214124,10427,616839,5471,597285,0,0,12029,740058,0.088023,3838,237570,0.028257,12103,977628,0.11628,8407551
2,2021-02-08,43360,1257484,21889,638728,21471,618756,0,0,29576,756223,0.089946,13631,251201,0.029878,29796,1007424,0.119824,8407551
2,2021-02-09,49986,1307470,23617,662345,26369,645125,0,0,30740,768319,0.091384,19013,270214,0.032139,31109,1038533,0.123524,8407551
2,2021-02-10,60075,1367545,28029,690374,32046,677171,0,0,34595,778111,0.092549,25187,295401,0.035135,34979,1073512,0.127684,8407551
2,2021-02-11,64836,1432381,29704,720078,35132,712303,0,0,35971,786131,0.093503,28476,323877,0.038522,36496,1110008,0.132025,8407551
2,2021-02-12,66496,1498877,28620,748698,37876,750179,0,0,35480,791575,0.09415,30718,354595,0.042176,36162,1146170,0.136326,8407551
2,2021-02-13,38521,1537398,15975,764673,22546,772725,0,0,22197,797946,0.094908,16211,370806,0.044104,22582,1168752,0.139012,8407551
2,2021-02-14,20236,1557634,9412,774085,10824,783549,0,0,11203,800552,0.095218,8976,379782,0.045172,11582,1180334,0.14039,8407551
2,2021-02-15,33491,1591125,15035,789120,18456,802005,0,0,18514,805114,0.095761,14829,394611,0.046935,19391,1199725,0.142696,8407551
2,2021-02-16,56819,1647944,27738,816858,29081,831086,0,0,29847,808807,0.0962,26848,421459,0.050129,30541,1230266,0.146329,8407551
2,2021-02-17,62153,1710097,31868,848726,30285,861371,0,0,30755,809107,0.096236,31286,452745,0.05385,31586,1261852,0.150086,8407551
2,2021-02-18,66926,1777023,33652,882378,33274,894645,0,0,32492,808618,0.096178,34148,486893,0.057911,33659,1295511,0.154089,8407551
2,2021-02-19,60232,1837255,33232,915610,27000,921645,0,0,29814,808831,0.096203,30202,517095,0.061504,30415,1325926,0.157707,8407551
2,2021-02-20,38072,1875327,24660,940270,13412,935057,0,0,20625,812834,0.096679,17329,534424,0.063565,21332,1347258,0.160244,8407551
2,2021-02-21,21951,1897278,17708,957978,4243,939300,0,0,10835,813510,0.096759,11002,545426,0.064873,11678,1358936,0.161633,8407551
2,2021-02-22,39814,1937092,27149,985127,12665,951965,0,0,18844,812264,0.096611,20804,566230,0.067348,19558,1378494,0.163959,8407551
2,2021-02-23,54268,1991360,27689,1012816,26579,978544,0,0,23754,807720,0.096071,30219,596449,0.070942,25675,1404169,0.167013,8407551
2,2021-02-24,71628,2062988,36735,1049551,34893,1013437,0,0,32694,804151,0.095646,38683,635132,0.075543,35114,1439283,0.171189,8407551
2,2021-02-25,77755,2140743,36711,1086262,41044,1054481,0,0,39351,808276,0.096137,38107,673239,0.080076,42232,1481515,0.176212,8407551
2,2021-02-26,86383,2227126,37010,1123272,49373,1103854,0,0,46321,817091,0.097185,39726,712965,0.084801,48541,1530056,0.181986,8407551
2,2021-02-27,63159,2290285,29292,1152564,33858,1137712,9,9,34175,823900,0.097995,28727,741692,0.088217,35536,1565592,0.186213,8407551
2,2021-02-28,31161,2321446,18654,1171218,12506,1150218,1,10,18058,829852,0.098703,12966,754658,0.08976,18918,1584510,0.188463,8407551
2,2021-03-01,59470,2380916,30918,1202136,28470,1178688,82,92,32498,837060,0.099561,26620,781278,0.092926,33828,1618338,0.192486,8407551
2,2021-03-02,71243,2452159,34178,1236314,37049,1215737,16,108,39822,848073,0.10087,31210,812488,0.096638,42223,1660561,0.197508,8407551
2,2021-03-03,82267,2534426,39608,1275922,42638,1258375,21,129,46359,861448,0.102461,35660,848148,0.100879,49035,1709596,0.203341,8407551
2,2021-03-04,90075,2624501,44122,1320044,45919,1304294,34,163,51430,876968,0.104307,38362,886510,0.105442,53882,1763478,0.209749,8407551
2,2021-03-05,83800,2708301,39319,1359363,44153,1348447,328,491,50681,897534,0.106753,32850,919360,0.109349,53416,1816894,0.216103,8407551
2,2021-03-06,63838,2772139,31069,1390432,31033,1379480,1736,2227,38760,914531,0.108775,24927,944287,0.112314,41924,1858818,0.221089,8407551
2,2021-03-07,28985,2801124,16426,1406858,11006,1390486,1553,3780,18332,924963,0.110016,10581,954868,0.113573,21013,1879831,0.223588,8407551
2,2021-03-08,51430,2852554,23549,1430407,25291,1415777,2590,6370,32222,942326,0.112081,19084,973952,0.115843,36447,1916278,0.227923,8407551
2,2021-03-09,71395,2923949,32518,1462925,34993,1450770,3884,10254,39435,955184,0.11361,31802,1005754,0.119625,44660,1960938,0.233235,8407551
2,2021-03-10,79168,3003117,37354,1500279,35213,1485983,6601,16855,41744,967643,0.115092,37181,1042935,0.124047,49640,2010578,0.23914,8407551
2,2021-03-11,93855,3096972,43202,1543481,42225,1528208,8428,25283,48699,981304,0.116717,44819,1087754,0.129378,58480,2069058,0.246095,8407551
2,2021-03-12,94872,3191844,39161,1582642,43758,1571966,11953,37236,46909,993820,0.118206,47683,1135437,0.13505,60199,2129257,0.253255,8407551
2,2021-03-13,69656,3261500,29072,1611714,32531,1604497,8053,45289,37945,1009505,0.120071,31552,1166989,0.138802,47237,2176494,0.258874,8407551
2,2021-03-14,37247,3298747,18440,1630154,14276,1618773,4531,49820,18683,1014999,0.120725,18445,1185434,0.140996,23939,2200433,0.261721,8407551
2,2021-03-15,67989,3366736,30659,1660813,32286,1651059,5044,54864,37357,1028108,0.122284,30378,1215812,0.14461,43487,2243920,0.266893,8407551
2,2021-03-16,86862,3453598,38475,1699288,44336,1695395,4051,58915,52206,1051054,0.125013,34426,1250238,0.148704,57372,2301292,0.273717,8407551
2,2021-03-17,93523,3547121,44745,1744033,44559,1739954,4219,63134,59131,1081116,0.128589,34083,1284321,0.152758,64145,2365437,0.281347,8407551
2,2021-03-18,98915,3646036,47163,1791196,47057,1787011,4695,67829,59784,1107343,0.131708,38784,1323105,0.157371,65011,2430448,0.289079,8407551
2,2021-03-19,98111,3744147,46597,1837793,45397,1832408,6117,73946,57721,1131616,0.134595,40056,1363161,0.162135,64329,2494777,0.296731,8407551
2,2021-03-20,70347,3814494,33991,1871784,32337,1864745,4019,77965,45722,1157332,0.137654,24367,1387528,0.165034,50083,2544860,0.302687,8407551
2,2021-03-21,33938,3848432,21825,1893609,10094,1874839,2019,79984,20243,1166504,0.138745,13523,1401051,0.166642,22695,2567555,0.305387,8407551
2,2021-03-22,63385,3911817,34909,1928518,25847,1900686,2629,82613,41844,1190598,0.141611,21274,1422325,0.169172,45368,2612923,0.310783,8407551
2,2021-03-23,84510,3996327,44911,1973429,36661,1937347,2938,85551,52230,1214643,0.14447,31961,1454286,0.172974,56006,2668929,0.317444,8407551
2,2021-03-24,92697,4089024,49736,2023165,39748,1977095,3213,88764,53886,1234121,0.146787,38440,1492726,0.177546,57918,2726847,0.324333,8407551
2,2021-03-25,102369,4191393,51637,2074802,46786,2023881,3946,92710,57401,1251665,0.148874,44572,1537298,0.182847,62116,2788963,0.331721,8407551
2,2021-03-26,104609,4296002,52023,2126825,49068,2072949,3518,96228,56754,1265539,0.150524,47434,1584732,0.188489,61308,2850271,0.339013,8407551
2,2021-03-27,76309,4372311,38059,2164884,34909,2107858,3341,99569,37970,1269676,0.151016,38037,1622769,0.193013,42174,2892445,0.344029,8407551
2,2021-03-28,38149,4410460,23584,2188468,13745,2121603,820,100389,20261,1273884,0.151517,17729,1640498,0.195122,21937,2914382,0.346639,8407551
2,2021-03-29,72437,4482897,36797,2225265,33356,2154959,2284,102673,40772,1286526,0.15302,31418,1671916,0.198859,44060,2958442,0.351879,8407551
2,2021-03-30,93039,4575936,45588,2270853,43037,2197996,4414,107087,51817,1302401,0.154908,40985,1712901,0.203734,56860,3015302,0.358642,8407551
2,2021-03-31,102201,4678137,52682,2323535,44364,2242360,5155,112242,57691,1321474,0.157177,44157,1757058,0.208986,63230,3078532,0.366163,8407551
2,2021-04-01,118723,4796860,57229,2380764,52108,2294468,9386,121628,64228,1341468,0.159555,54006,1811064,0.215409,74000,3152532,0.374964,8407551
2,2021-04-02,112471,4909331,51958,2432722,50210,2344678,10303,131931,59882,1359952,0.161754,52142,1863206,0.221611,70626,3223158,0.383365,8407551
2,2021-04-03,77066,4986397,37774,2470496,29403,2374081,9889,141820,38007,1369387,0.162876,38822,1902028,0.226229,48257,3271415,0.389104,8407551
2,2021-04-04,29156,5015553,15014,2485510,10258,2384339,3884,145704,13016,1370283,0.162982,16015,1918043,0.228133,16911,3288326,0.391116,8407551
2,2021-04-05,79849,5095402,39065,2524575,31840,2416179,8944,154648,38263,1376845,0.163763,41376,1959419,0.233055,47938,3336264,0.396818,8407551
2,2021-04-06,104591,5199993,50862,2575437,38907,2455086,14822,169470,49278,1386339,0.164892,55002,2014421,0.239597,64496,3400760,0.404489,8407551
2,2021-04-07,111324,5311317,55468,2630905,39453,2494539,16403,185873,52106,1396163,0.166061,58898,2073319,0.246602,68722,3469482,0.412663,8407551
2,2021-04-08,120109,5431426,57711,2688616,43453,2537992,18945,204818,55560,1407008,0.167351,64148,2137467,0.254232,74993,3544475,0.421582,8407551
2,2021-04-09,119579,5551005,57579,2746195,43724,2581716,18276,223094,56282,1419475,0.168833,62884,2200351,0.261711,75351,3619826,0.430545,8407551
2,2021-04-10,87916,5638921,37861,2784056,31564,2613280,18491,241585,36206,1423368,0.169296,51417,2251768,0.267827,55310,3675136,0.437123,8407551
2,2021-04-11,44756,5683677,23215,2807271,13007,2626287,8534,250119,18311,1424630,0.169446,26282,2278050,0.270953,27544,3702680,0.440399,8407551
2,2021-04-12,80652,5764329,37528,2844799,33635,2659922,9489,259608,35819,1426382,0.169655,44535,2322585,0.27625,46287,3748967,0.445905,8407551
2,2021-04-13,102313,5866642,53097,2897896,48952,2708874,264,259872,55828,1437203,0.170942,46176,2368761,0.281742,56997,3805964,0.452684,8407551
2,2021-04-14,107358,5974000,56208,2954104,51087,2759961,63,259935,54567,1440834,0.171374,52444,2421205,0.28798,56075,3862039,0.459354,8407551
2,2021-04-15,113782,6087782,60373,3014477,53312,2813273,97,260032,59130,1446938,0.1721,54212,2475417,0.294428,60316,3922355,0.466528,8407551
2,2021-04-16,111371,6199153,57931,3072408,53379,2866652,61,260093,56355,1449582,0.172414,54629,2530046,0.300925,57273,3979628,0.47334,8407551
2,2021-04-17,83904,6283057,42707,3115115,41181,2907833,16,260109,46726,1460305,0.17369,36896,2566942,0.305314,47619,4027247,0.479004,8407551
2,2021-04-18,36112,6319169,21961,3137076,14139,2921972,12,260121,17012,1459376,0.173579,18951,2585893,0.307568,18022,4045269,0.481147,8407551
2,2021-04-19,75080,6394249,40349,3177425,34711,2956683,20,260141,33912,1453061,0.172828,40870,2626763,0.312429,34555,4079824,0.485257,8407551
2,2021-04-20,97770,6492019,49425,3226850,48313,3004996,32,260173,46973,1450403,0.172512,50418,2677181,0.318426,47760,4127584,0.490938,8407551
2,2021-04-21,104284,6596303,56432,3283282,47781,3052777,71,260244,48922,1445543,0.171934,54839,2732020,0.324948,49979,4177563,0.496882,8407551
2,2021-04-22,108792,6705095,56202,3339484,52561,3105338,29,260273,47428,1433013,0.170444,60872,2792892,0.332189,48342,4225905,0.502632,8407551
2,2021-04-23,108428,6813523,57795,3397279,50611,3155949,22,260295,49884,1425755,0.16958,58101,2850993,0.339099,50843,4276748,0.508679,8407551
2,2021-04-24,81271,6894794,47786,3445065,33441,3189390,44,260339,42211,1430275,0.170118,38682,2889675,0.3437,43202,4319950,0.513818,8407551
2,2021-04-25,36761,6931555,22647,3467712,14097,3203487,17,260356,19937,1434048,0.170567,16659,2906334,0.345681,20432,4340382,0.516248,8407551
2,2021-04-26,74594,7006149,41301,3509013,32974,3236461,319,260675,34171,1429886,0.170072,40122,2946456,0.350454,35960,4376342,0.520525,8407551
2,2021-04-27,88608,7094757,46712,3555725,40510,3276971,1386,262061,37892,1420127,0.168911,50297,2996753,0.356436,40538,4416880,0.525347,8407551
2,2021-04-28,88623,7183380,47313,3603038,39426,3316397,1884,263945,38918,1412525,0.168007,49326,3046079,0.362303,41724,4458604,0.530309,8407551
2,2021-04-29,91765,7275145,49889,3652927,40147,3356544,1729,265674,35521,1394573,0.165871,55815,3101894,0.368941,37863,4496467,0.534813,8407551
2,2021-04-30,95207,7370352,52589,3705516,40600,3397144,2018,267692,36846,1376242,0.163691,57855,3159749,0.375823,39524,4535991,0.539514,8407551
2,2021-05-01,63077,7433429,38387,3743903,23073,3420217,1617,269309,24578,1365175,0.162375,38134,3197883,0.380358,27067,4563058,0.542733,8407551
2,2021-05-02,29400,7462829,20478,3764381,7943,3428160,979,270288,11142,1359275,0.161673,18111,3215994,0.382513,12211,4575269,0.544186,8407551
2,2021-05-03,60887,7523716,36138,3800519,22669,3450829,2080,272368,20346,1341722,0.159585,40241,3256235,0.387299,22688,4597957,0.546884,8407551
2,2021-05-04,80325,7604041,47961,3848480,29950,3480779,2414,274782,25961,1316495,0.156585,53990,3310225,0.39372,28763,4626720,0.550305,8407551
2,2021-05-05,81026,7685067,48198,3896678,30466,3511245,2362,277144,25228,1289072,0.153323,55378,3365603,0.400307,27955,4654675,0.55363,8407551
2,2021-05-06,83470,7768537,50697,3947375,29839,3541084,2934,280078,25211,1260103,0.149878,57751,3423354,0.407176,28782,4683457,0.557054,8407551
2,2021-05-07,84266,7852803,48683,3996058,33151,3574235,2432,282510,25727,1230606,0.146369,58108,3481462,0.414088,28611,4712068,0.560457,8407551
2,2021-05-08,55969,7908772,33949,4030007,20291,3594526,1729,284239,17439,1212225,0.144183,38281,3519743,0.418641,19900,4731968,0.562824,8407551
2,2021-05-09,21974,7930746,15821,4045828,5401,3599927,752,284991,6321,1203978,0.143202,15552,3535295,0.42049,7305,4739273,0.563692,8407551
2,2021-05-10,50543,7981289,27551,4073379,21096,3621023,1896,286887,14160,1184538,0.14089,36098,3571393,0.424784,16658,4755931,0.565674,8407551
2,2021-05-11,66713,8048002,36160,4109539,28397,3649420,2156,289043,19987,1160982,0.138088,46391,3617784,0.430302,22835,4778766,0.56839,8407551
2,2021-05-12,65612,8113614,34942,4144481,28425,3677845,2245,291288,19241,1136850,0.135218,46034,3663818,0.435777,21902,4800668,0.570995,8407551
2,2021-05-13,71458,8185072,41489,4185970,28010,3705855,1959,293247,26060,1120532,0.133277,45079,3708897,0.441139,28761,4829429,0.574416,8407551
2,2021-05-14,80479,8265551,48220,4234190,29980,3735835,2279,295526,30799,1104964,0.131425,49295,3758192,0.447002,33727,4863156,0.578427,8407551
2,2021-05-15,66943,8332494,43960,4278150,21261,3757096,1722,297248,25897,1092229,0.12991,40765,3798957,0.451851,28030,4891186,0.581761,8407551
2,2021-05-16,31874,8364368,23857,4302007,7086,3764182,931,298179,12954,1087476,0.129345,18775,3817732,0.454084,14022,4905208,0.583429,8407551
2,2021-05-17,58393,8422761,36997,4339004,19430,3783612,1966,300145,22935,1077551,0.128165,35198,3852930,0.45827,25273,4930481,0.586435,8407551
2,2021-05-18,70613,8493374,41289,4380293,27347,3810959,1977,302122,27953,1065665,0.126751,42362,3895292,0.463309,30476,4960957,0.59006,8407551
2,2021-05-19,69463,8562837,41089,4421382,26299,3837258,2075,304197,27414,1053910,0.125353,41712,3937004,0.46827,29957,4990914,0.593623,8407551
2,2021-05-20,70187,8633024,40727,4462109,27260,3864518,2200,306397,26673,1040234,0.123726,43155,3980159,0.473403,29479,5020393,0.597129,8407551
2,2021-05-21,73714,8706738,43551,4505660,27980,3892498,2183,308580,27981,1025621,0.121988,45344,4025503,0.478796,30731,5051124,0.600784,8407551
2,2021-05-22,54035,8760773,34310,4539970,17949,3910447,1776,310356,22518,1019187,0.121223,31272,4056775,0.482516,24838,5075962,0.603738,8407551
2,2021-05-23,24531,8785304,16744,4556714,7063,3917510,724,311080,10283,1016227,0.120871,14111,4070886,0.484194,11151,5087113,0.605065,8407551
2,2021-05-24,45285,8830589,25752,4582466,17744,3935254,1789,312869,17352,1008031,0.119896,27684,4098570,0.487487,19488,5106601,0.607383,8407551
2,2021-05-25,51428,8882017,30141,4612607,19403,3954657,1884,314753,19540,998440,0.118755,31557,4130127,0.49124,21966,5128567,0.609995,8407551
2,2021-05-26,49174,8931191,27555,4640162,19914,3974571,1705,316458,19208,990093,0.117762,29607,4159734,0.494762,21260,5149827,0.612524,8407551
2,2021-05-27,47131,8978322,26735,4666897,18647,3993218,1749,318207,18772,983024,0.116922,28093,4187827,0.498103,21024,5170851,0.615025,8407551
2,2021-05-28,50724,9029046,28054,4694951,20678,4013896,1992,320199,21244,977496,0.116264,29202,4217029,0.501576,23674,5194525,0.61784,8407551
2,2021-05-29,29314,9058360,17555,4712506,10686,4024582,1073,321272,13318,976252,0.116116,15820,4232849,0.503458,14576,5209101,0.619574,8407551
2,2021-05-30,12730,9071090,8204,4720710,3756,4028338,770,322042,5541,975513,0.116028,7116,4239965,0.504304,6377,5215478,0.620333,8407551
2,2021-05-31,5965,9077055,3500,4724210,2159,4030497,306,322348,1860,973690,0.115811,4039,4244004,0.504785,2216,5217694,0.620596,8407551
2,2021-06-01,45314,9122369,26042,4750252,17595,4048092,1677,324025,15740,962262,0.114452,29218,4273222,0.50826,17790,5235484,0.622712,8407551
2,2021-06-02,38679,9161048,22766,4773018,14487,4062579,1426,325451,15128,955853,0.11369,23268,4296490,0.511028,16859,5252343,0.624717,8407551
2,2021-06-03,41959,9203007,27052,4800070,13421,4076000,1486,326937,14142,944307,0.112317,27563,4324053,0.514306,16017,5268360,0.626622,8407551
2,2021-06-04,48788,9251795,31884,4831954,15337,4091337,1567,328504,15768,929473,0.110552,32697,4356750,0.518195,17863,5286223,0.628747,8407551
2,2021-06-05,38266,9290061,27319,4859273,9471,4100808,1476,329980,11896,917154,0.109087,26118,4382868,0.521301,13799,5300022,0.630388,8407551
2,2021-06-06,14994,9305055,12297,4871570,2115,4102923,582,330562,4660,912326,0.108513,10267,4393135,0.522523,5439,5305461,0.631035,8407551
2,2021-06-07,33586,9338641,23517,4895087,8780,4111703,1289,331851,10992,902423,0.107335,22422,4415557,0.525189,12519,5317980,0.632524,8407551
2,2021-06-08,40794,9379435,28850,4923937,10567,4122270,1377,333228,12494,888638,0.105695,28041,4443598,0.528525,14256,5332236,0.63422,8407551
2,2021-06-09,38300,9417735,26749,4950686,10050,4132320,1501,334729,11572,875516,0.104134,26518,4470116,0.531679,13396,5345632,0.635813,8407551
2,2021-06-10,38102,9455837,26512,4977198,10055,4142375,1535,336264,11670,862976,0.102643,26228,4496344,0.534798,13688,5359320,0.637441,8407551
2,2021-06-11,41781,9497618,27759,5004957,12338,4154713,1684,337948,13377,850217,0.101125,28124,4524468,0.538143,15365,5374685,0.639269,8407551
2,2021-06-12,29810,9527428,21967,5026924,6922,4161635,921,338869,8731,839174,0.099812,20930,4545398,0.540633,9887,5384572,0.640445,8407551
2,2021-06-13,12285,9539713,8977,5035901,2684,4164319,624,339493,3122,833994,0.099196,9095,4554493,0.541715,3915,5388487,0.64091,8407551
2,2021-06-14,30261,9569974,21487,5057388,7554,4171873,1220,340713,10448,826239,0.098273,19627,4574120,0.544049,11872,5400359,0.642322,8407551
2,2021-06-15,36081,9606055,24058,5081446,9954,4181827,2069,342782,12124,817141,0.097191,23665,4597785,0.546864,14567,5414926,0.644055,8407551
2,2021-06-16,33459,9639514,23123,5104569,8523,4190350,1813,344595,11562,809124,0.096238,21711,4619496,0.549446,13694,5428620,0.645684,8407551
2,2021-06-17,31110,9670624,20777,5125346,8525,4198875,1808,346403,10989,802194,0.095414,19934,4639430,0.551817,13004,5441624,0.647231,8407551
2,2021-06-18,34854,9705478,22971,5148317,9999,4208874,1884,348287,12606,794914,0.094548,22024,4661454,0.554437,14744,5456368,0.648984,8407551
2,2021-06-19,21035,9726513,14659,5162976,5113,4213987,1263,349550,7929,791364,0.094125,12940,4674394,0.555976,9390,5465758,0.650101,8407551
2,2021-06-20,8317,9734830,5946,5168922,1905,4215892,466,350016,3070,789772,0.093936,5199,4679593,0.556594,3607,5469365,0.65053,8407551
2,2021-06-21,19389,9754219,11877,5180799,6183,4222075,1329,351345,9882,791783,0.094175,9381,4688974,0.55771,11392,5480757,0.651885,8407551
2,2021-06-22,26952,9781171,18455,5199254,7112,4229187,1385,352730,10525,787715,0.093691,16253,4705227,0.559643,12185,5492942,0.653334,8407551
2,2021-06-23,25985,9807156,17933,5217187,6420,4235607,1632,354362,10516,784842,0.09335,15316,4720543,0.561465,12443,5505385,0.654814,8407551
2,2021-06-24,25476,9832632,17346,5234533,6599,4242206,1531,355893,10459,782202,0.093036,14861,4735404,0.563232,12221,5517606,0.656268,8407551
2,2021-06-25,28921,9861553,19599,5254132,7819,4250025,1503,357396,12010,779211,0.09268,16745,4752149,0.565224,13754,5531360,0.657904,8407551
2,2021-06-26,18769,9880322,13823,5267955,4009,4254034,937,358333,7635,776999,0.092417,11040,4763189,0.566537,8828,5540188,0.658954,8407551
2,2021-06-27,8890,9889212,6790,5274745,1650,4255684,450,358783,3572,775887,0.092285,5259,4768448,0.567163,4147,5544335,0.659447,8407551
2,2021-06-28,20009,9909221,15200,5289945,3560,4259244,1249,360032,8825,775112,0.092192,11045,4779493,0.568476,10270,5554605,0.660669,8407551
2,2021-06-29,22970,9932191,16003,5305948,5885,4265129,1082,361114,9850,773302,0.091977,12977,4792470,0.57002,11167,5565772,0.661997,8407551
2,2021-06-30,22252,9954443,15786,5321734,5432,4270561,1034,362148,9957,772383,0.091868,12139,4804609,0.571464,11220,5576992,0.663331,8407551
2,2021-07-01,20177,9974620,14258,5335992,5018,4275579,901,363049,8969,771391,0.09175,11066,4815675,0.57278,10074,5587066,0.66453,8407551
2,2021-07-02,23194,9997814,16008,5352000,6154,4281733,1032,364081,10271,770147,0.091602,12751,4828426,0.574296,11507,5598573,0.665898,8407551
2,2021-07-03,12681,10010495,9142,5361142,3062,4284795,477,364558,5813,769792,0.09156,6768,4835194,0.575101,6413,5604986,0.666661,8407551
2,2021-07-04,1022,10011517,600,5361742,355,4285150,67,364625,438,769748,0.091554,572,4835766,0.575169,528,5605514,0.666724,8407551
2,2021-07-05,11180,10022697,8188,5369930,2582,4287732,410,365035,5140,769465,0.091521,5963,4841729,0.575879,5680,5611194,0.667399,8407551
2,2021-07-06,24053,10046750,17465,5387395,5572,4293304,1016,366051,9294,765458,0.091044,14589,4856318,0.577614,10582,5621776,0.668658,8407551
2,2021-07-07,20742,10067492,14788,5402183,4842,4298146,1112,367163,8783,763804,0.090847,11810,4868128,0.579019,10156,5631932,0.669866,8407551
2,2021-07-08,19310,10086802,13449,5415632,4807,4302953,1054,368217,8096,762058,0.09064,11101,4879229,0.580339,9355,5641287,0.670979,8407551
2,2021-07-09,22752,10109554,15770,5431402,5711,4308664,1271,369488,9659,760238,0.090423,12949,4892178,0.581879,11129,5652416,0.672302,8407551
2,2021-07-10,14437,10123991,10656,5442058,3092,4311756,689,370177,6380,759503,0.090336,7959,4900137,0.582826,7224,5659640,0.673162,8407551
2,2021-07-11,6588,10130579,4843,5446901,1395,4313151,350,370527,3103,759587,0.090346,3439,4903576,0.583235,3523,5663163,0.673581,8407551
2,2021-07-12,18311,10148890,13456,5460357,3977,4317128,878,371405,7886,758252,0.090187,10302,4913878,0.58446,8967,5672130,0.674647,8407551
2,2021-07-13,19659,10168549,13882,5474239,4890,4322018,887,372292,8814,757456,0.090092,10694,4924572,0.585732,9898,5682028,0.675824,8407551
2,2021-07-14,18831,10187380,13462,5487701,4581,4326599,788,373080,8443,756646,0.089996,10254,4934826,0.586952,9444,5691472,0.676948,8407551
2,2021-07-15,18968,10206348,13748,5501449,4512,4331111,708,373788,8634,755989,0.089918,10215,4945041,0.588167,9558,5701030,0.678084,8407551
2,2021-07-16,23001,10229349,16556,5518005,5610,4336721,835,374623,11021,756208,0.089944,11844,4956885,0.589575,12063,5713093,0.679519,8407551
2,2021-07-17,14447,10243796,10530,5528535,3385,4340106,532,375155,6986,756497,0.089978,7366,4964251,0.590451,7655,5720748,0.68043,8407551
2,2021-07-18,7017,10250813,5244,5533779,1444,4341550,329,375484,3543,757010,0.090039,3430,4967681,0.590859,3943,5724691,0.680899,8407551
2,2021-07-19,18481,10269294,13772,5547551,3958,4345508,751,376235,9172,757924,0.090148,9188,4976869,0.591952,10102,5734793,0.6821,8407551
2,2021-07-20,21063,10290357,15000,5562551,5213,4350721,850,377085,10700,759470,0.090332,10224,4987093,0.593168,11770,5746563,0.6835,8407551
2,2021-07-21,20550,10310907,14965,5577516,4809,4355530,776,377861,10661,761346,0.090555,9758,4996851,0.594329,11634,5758197,0.684884,8407551
2,2021-07-22,20459,10331366,14610,5592126,4978,4360508,871,378732,10925,763929,0.090862,9385,5006236,0.595445,11968,5770165,0.686307,8407551
2,2021-07-23,24626,10355992,17259,5609385,6302,4366810,1065,379797,13405,767535,0.091291,11062,5017298,0.596761,14668,5784833,0.688052,8407551
2,2021-07-24,14911,10370903,10745,5620130,3663,4370473,503,380300,8321,769996,0.091584,6477,5023775,0.597531,8938,5793771,0.689115,8407551
2,2021-07-25,6739,10377642,4963,5625093,1632,4372105,144,380444,4978,773445,0.091994,1714,5025489,0.597735,5163,5798934,0.689729,8407551
2,2021-07-26,19255,10396897,13606,5638699,4861,4376966,788,381232,12194,779632,0.09273,6921,5032410,0.598558,13108,5812042,0.691288,8407551
2,2021-07-27,23064,10419961,16703,5655402,5493,4382459,868,382100,13498,784752,0.093339,9396,5041806,0.599676,14516,5826558,0.693015,8407551
2,2021-07-28,22797,10442758,16313,5671715,5580,4388039,904,383004,13496,790211,0.093988,9128,5050934,0.600762,14587,5841145,0.69475,8407551
2,2021-07-29,21562,10464320,15470,5687185,5176,4393215,916,383920,13030,795925,0.094668,8385,5059319,0.601759,14099,5855244,0.696427,8407551
2,2021-07-30,26394,10490714,18796,5705981,6632,4399847,966,384886,15813,802526,0.095453,10380,5069699,0.602994,16981,5872225,0.698447,8407551
2,2021-07-31,15849,10506563,11681,5717662,3658,4403505,510,385396,9611,806673,0.095946,6111,5075810,0.60372,10258,5882483,0.699667,8407551
2,2021-08-01,8136,10514699,6259,5723921,1705,4405210,172,385568,5339,809521,0.096285,2728,5078538,0.604045,5576,5888059,0.70033,8407551
2,2021-08-02,21444,10536143,16109,5740030,4563,4409773,772,386340,13600,816305,0.097092,7703,5086241,0.604961,14487,5902546,0.702053,8407551
2,2021-08-03,24284,10560427,17719,5757749,5536,4415309,1029,387369,15114,823561,0.097955,9017,5095258,0.606034,16273,5918819,0.703988,8407551
2,2021-08-04,22910,10583337,16965,5774714,5052,4420361,893,388262,14247,830287,0.098755,8511,5103769,0.607046,15237,5934056,0.705801,8407551
2,2021-08-05,23322,10606659,17095,5791809,5270,4425631,957,389219,14448,837102,0.099565,8703,5112472,0.608081,15518,5949574,0.707646,8407551
2,2021-08-06,27933,10634592,20478,5812287,6458,4432089,997,390216,17046,844571,0.100454,10701,5123173,0.609354,18170,5967744,0.709808,8407551
2,2021-08-07,17038,10651630,12665,5824952,3760,4435849,613,390829,10466,849272,0.101013,6459,5129632,0.610122,11160,5978904,0.711135,8407551
2,2021-08-08,9394,10661024,7111,5832063,2054,4437903,229,391058,5869,851976,0.101335,3438,5133070,0.610531,6142,5985046,0.711866,8407551
2,2021-08-09,23514,10684538,18028,5850091,4712,4442615,774,391832,14242,858016,0.102053,9106,5142176,0.611614,15146,6000192,0.713667,8407551
2,2021-08-10,24746,10709284,18236,5868327,5647,4448262,863,392695,14577,863611,0.102718,9984,5152160,0.612802,15579,6015771,0.71552,8407551
2,2021-08-11,22254,10731538,16611,5884938,4723,4452985,920,393615,12933,868424,0.103291,9138,5161298,0.613888,13951,6029722,0.717179,8407551
2,2021-08-12,23972,10755510,17112,5902050,5765,4458750,1095,394710,13967,873798,0.10393,9791,5171089,0.615053,15165,6044887,0.718983,8407551
2,2021-08-13,30184,10785694,21826,5923876,7286,4466036,1072,395782,17456,880099,0.10468,12362,5183451,0.616523,18663,6063550,0.721203,8407551
2,2021-08-14,19001,10804695,14020,5937896,4456,4470492,525,396307,10716,883786,0.105118,7696,5191147,0.617439,11383,6074933,0.722557,8407551
2,2021-08-15,9897,10814592,7432,5945328,2269,4472761,196,396503,5456,885505,0.105323,4006,5195153,0.617915,5725,6080658,0.723238,8407551
2,2021-08-16,24979,10839571,17676,5963004,6452,4479213,851,397354,13035,888857,0.105721,10687,5205840,0.619186,14039,6094697,0.724908,8407551
2,2021-08-17,26190,10865761,18540,5981544,6703,4485916,947,398301,13002,891224,0.106003,11717,5217557,0.62058,14084,6108781,0.726583,8407551
2,2021-08-18,26541,10892302,18861,6000405,6770,4492686,910,399211,13020,893535,0.106278,11768,5229325,0.62198,14079,6122860,0.728257,8407551
2,2021-08-19,26319,10918621,18194,6018599,7089,4499775,1036,400247,13096,896425,0.106621,11373,5240698,0.623332,14263,6137123,0.729954,8407551
2,2021-08-20,32758,10951379,23012,6041611,8688,4508463,1058,401305,15427,898161,0.106828,14899,5255597,0.625104,16635,6153758,0.731932,8407551
2,2021-08-21,19217,10970596,14188,6055799,4470,4512933,559,401864,9174,899087,0.106938,8943,5264540,0.626168,9869,6163627,0.733106,8407551
2,2021-08-22,10764,10981360,7968,6063767,2582,4515515,214,402078,5311,899818,0.107025,4872,5269412,0.626748,5603,6169230,0.733773,8407551
2,2021-08-23,26991,11008351,19758,6083525,6502,4522017,731,402809,12679,900983,0.107164,12494,5281906,0.628234,13659,6182889,0.735397,8407551
2,2021-08-24,27606,11035957,20548,6104073,6176,4528193,882,403691,12247,900857,0.107149,13472,5295378,0.629836,13346,6196235,0.736985,8407551
2,2021-08-25,26534,11062491,20126,6124199,5664,4533857,744,404435,12121,901297,0.107201,12638,5308016,0.631339,13078,6209313,0.73854,8407551
2,2021-08-26,26586,11089077,19816,6144015,5940,4539797,830,405265,11893,901454,0.10722,12764,5320780,0.632857,12921,6222234,0.740077,8407551
2,2021-08-27,32677,11121754,24272,6168287,7487,4547284,918,406183,13614,899807,0.107024,16465,5337245,0.634816,14818,6237052,0.741839,8407551
2,2021-08-28,19248,11141002,14700,6182987,4173,4551457,375,406558,8176,898681,0.10689,9864,5347109,0.635989,8738,6245790,0.742879,8407551
2,2021-08-29,11152,11152154,8521,6191508,2479,4553936,152,406710,4808,898061,0.106816,5705,5352814,0.636667,5085,6250875,0.743483,8407551
2,2021-08-30,25926,11178080,19328,6210836,5910,4559846,688,407398,10609,896331,0.10661,13290,5366104,0.638248,11560,6262435,0.744858,8407551
2,2021-08-31,25542,11203622,18606,6229442,6224,4566070,712,408110,10324,894588,0.106403,13024,5379128,0.639797,11281,6273716,0.7462,8407551
2,2021-09-01,24827,11228449,18092,6247534,6022,4572092,713,408823,10731,894410,0.106382,11851,5390979,0.641207,11673,6285389,0.747589,8407551
2,2021-09-02,23997,11252446,17229,6264763,6103,4578195,665,409488,9801,893206,0.106239,11857,5402836,0.642617,10653,6296042,0.748856,8407551
2,2021-09-03,30488,11282934,22139,6286902,7610,4585805,739,410227,11689,889961,0.105853,15901,5418737,0.644508,12656,6308698,0.750361,8407551
2,2021-09-04,16621,11299555,12605,6299507,3758,4589563,258,410485,6728,888277,0.105652,8833,5427570,0.645559,7149,6315847,0.751211,8407551
2,2021-09-05,9783,11309338,7341,6306848,2376,4591939,66,410551,4471,888144,0.105636,4758,5432328,0.646125,4625,6320472,0.751761,8407551
2,2021-09-06,5052,11314390,3433,6310281,1581,4593520,38,410589,2114,887682,0.105582,2665,5434993,0.646442,2203,6322675,0.752023,8407551
2,2021-09-07,24724,11339114,18288,6328569,5733,4599253,703,411292,8268,882241,0.104934,14670,5449663,0.648187,9229,6331904,0.753121,8407551
2,2021-09-08,22825,11361939,16715,6345284,5501,4604754,609,411901,9051,880117,0.104682,11994,5461657,0.649613,9870,6341774,0.754295,8407551
2,2021-09-09,22696,11384635,16033,6361317,5953,4610707,710,412611,8789,877770,0.104403,12026,5473683,0.651044,9679,6351453,0.755446,8407551
2,2021-09-10,27306,11411941,19406,6380723,7174,4617881,726,413337,10193,873931,0.103946,14960,5488643,0.652823,11121,6362574,0.756769,8407551
2,2021-09-11,16152,11428093,11889,6392612,3966,4621847,297,413634,6125,871337,0.103637,9180,5497823,0.653915,6586,6369160,0.757552,8407551
2,2021-09-12,9284,11437377,6748,6399360,2388,4624235,148,413782,3783,870345,0.103519,5009,5502832,0.654511,4017,6373177,0.75803,8407551
2,2021-09-13,10917,11448294,7432,6406792,3032,4627267,453,414235,3923,868743,0.103329,6032,5508864,0.655228,4430,6377607,0.758557,8407551
3,2020-12-15,341,341,341,341,0,0,0,0,341,341,4.2e-05,0,0,0.0,341,341,4.2e-05,8129050
3,2020-12-16,2556,2897,2556,2897,0,0,0,0,2556,2897,0.000356,0,0,0.0,2556,2897,0.000356,8129050
3,2020-12-17,7990,10887,7990,10887,0,0,0,0,7992,10889,0.00134,0,0,0.0,7992,10889,0.00134,8129050
3,2020-12-18,13633,24520,13612,24499,21,21,0,0,13630,24519,0.003016,0,0,0.0,13630,24519,0.003016,8129050
3,2020-12-19,7301,31821,7289,31788,12,33,0,0,7353,31870,0.003921,2,2,0.0,7353,31872,0.003921,8129050
3,2020-12-20,5711,37532,5695,37483,16,49,0,0,5759,37628,0.004629,1,3,0.0,5759,37631,0.004629,8129050
3,2020-12-21,14553,52085,14524,52007,29,78,0,0,14614,52241,0.006426,1,4,0.0,14614,52245,0.006427,8129050
3,2020-12-22,15055,67140,14438,66445,617,695,0,0,15089,67325,0.008282,5,9,1e-06,15089,67334,0.008283,8129050
3,2020-12-23,15090,82230,12416,78861,2674,3369,0,0,15110,82434,0.010141,2,11,1e-06,15111,82445,0.010142,8129050
3,2020-12-24,6896,89126,4925,83786,1971,5340,0,0,6892,89323,0.010988,3,14,2e-06,6892,89337,0.01099,8129050
3,2020-12-25,748,89874,687,84473,61,5401,0,0,743,90064,0.011079,2,16,2e-06,743,90080,0.011081,8129050
3,2020-12-26,4640,94514,3011,87484,1629,7030,0,0,4638,94702,0.01165,0,16,2e-06,4638,94718,0.011652,8129050
3,2020-12-27,3044,97558,1874,89358,1170,8200,0,0,3043,97745,0.012024,0,16,2e-06,3043,97761,0.012026,8129050
3,2020-12-28,13886,111444,8886,98244,5000,13200,0,0,13899,111635,0.013733,9,25,3e-06,13899,111660,0.013736,8129050
3,2020-12-29,15532,126976,8802,107046,6730,19930,0,0,15556,127188,0.015646,3,28,3e-06,15556,127216,0.01565,8129050
3,2020-12-30,18480,145456,10382,117428,8098,28028,0,0,18485,145671,0.01792,3,31,4e-06,18486,145702,0.017924,8129050
3,2020-12-31,8569,154025,3266,120694,5303,33331,0,0,8569,154238,0.018974,2,33,4e-06,8569,154271,0.018978,8129050
3,2021-01-01,1972,155997,946,121640,1026,34357,0,0,1965,156201,0.019215,2,35,4e-06,1965,156236,0.019219,8129050
3,2021-01-02,5034,161031,2481,124121,2553,36910,0,0,5031,161231,0.019834,1,36,4e-06,5031,161267,0.019838,8129050
3,2021-01-03,1649,162680,869,124990,780,37690,0,0,1640,162869,0.020035,2,38,5e-06,1640,162907,0.02004,8129050
3,2021-01-04,12231,174911,6077,131067,6154,43844,0,0,12199,175058,0.021535,10,48,6e-06,12199,175106,0.021541,8129050
3,2021-01-05,16009,190920,8319,139386,7690,51534,0,0,14284,187671,0.023086,1705,1753,0.000216,14318,189424,0.023302,8129050
3,2021-01-06,20840,211760,11060,150446,9780,61314,0,0,16155,199198,0.024504,4639,6392,0.000786,16166,205590,0.025291,8129050
3,2021-01-07,26928,238688,15397,165843,11531,72845,0,0,17316,206959,0.025459,9576,15968,0.001964,17337,222927,0.027423,8129050
3,2021-01-08,30991,269679,18913,184756,12078,84923,0,0,18295,212617,0.026155,12671,28639,0.003523,18329,241256,0.029678,8129050
3,2021-01-09,12657,282336,7141,191897,5516,90439,0,0,8058,216097,0.026583,4591,33230,0.004088,8071,249327,0.030671,8129050
3,2021-01-10,7289,289625,4523,196420,2766,93205,0,0,4090,216999,0.026694,3196,36426,0.004481,4098,253425,0.031175,8129050
3,2021-01-11,29580,319205,19356,215776,10224,103429,0,0,16721,220928,0.027178,12844,49270,0.006061,16773,270198,0.033239,8129050
3,2021-01-12,33149,352354,19711,235487,13438,116867,0,0,20317,228588,0.02812,12810,62080,0.007637,20470,290668,0.035757,8129050
3,2021-01-13,35134,387488,18341,253828,16793,133660,0,0,24705,242897,0.02988,10422,72502,0.008919,24731,315399,0.038799,8129050
3,2021-01-14,35150,422638,14370,268198,20780,154440,0,0,29152,266173,0.032743,5921,78423,0.009647,29197,344596,0.042391,8129050
3,2021-01-15,39481,462119,14683,282881,24798,179238,0,0,34713,296222,0.03644,4744,83167,0.010231,34793,379389,0.046671,8129050
3,2021-01-16,22090,484209,7527,290408,14563,193801,0,0,19696,313561,0.038573,2382,85549,0.010524,19721,399110,0.049097,8129050
3,2021-01-17,13237,497446,4507,294915,8730,202531,0,0,12136,324616,0.039933,1101,86650,0.010659,12156,411266,0.050592,8129050
3,2021-01-18,25024,522470,13077,307992,11947,214478,0,0,19297,338223,0.041607,5741,92391,0.011366,19348,430614,0.052972,8129050
3,2021-01-19,41655,564125,21239,329231,20416,234894,0,0,32193,361075,0.044418,9434,101825,0.012526,32286,462900,0.056944,8129050
3,2021-01-20,46677,610802,23263,352494,23414,258308,0,0,36857,388248,0.047761,9776,111601,0.013729,36949,499849,0.061489,8129050
3,2021-01-21,48700,659502,21165,373659,27535,285843,0,0,43007,425736,0.052372,5609,117210,0.014419,43097,542946,0.066791,8129050
3,2021-01-22,50322,709824,20069,393728,30253,316096,0,0,45971,467436,0.057502,4347,121557,0.014953,46047,588993,0.072455,8129050
3,2021-01-23,30722,740546,12915,406643,17807,333903,0,0,27375,491541,0.060467,3334,124891,0.015364,27439,616432,0.075831,8129050
3,2021-01-24,18116,758662,8564,415207,9552,343455,0,0,16913,507288,0.062404,1199,126090,0.015511,16946,633378,0.077915,8129050
3,2021-01-25,41409,800071,18459,433666,22950,366405,0,0,31195,528390,0.065,10190,136280,0.016765,31292,664670,0.081765,8129050
3,2021-01-26,47880,847951,22886,456552,24994,391399,0,0,37472,555587,0.068346,10392,146672,0.018043,37589,702259,0.086389,8129050
3,2021-01-27,52168,900119,24844,481396,27324,418723,0,0,41260,586098,0.072099,10837,157509,0.019376,41348,743607,0.091475,8129050
3,2021-01-28,52799,952918,24479,505875,28320,447043,0,0,43605,620665,0.076351,9102,166611,0.020496,43669,787276,0.096847,8129050
3,2021-01-29,51777,1004695,24760,530635,27017,474060,0,0,41792,652722,0.080295,9792,176403,0.0217,41849,829125,0.101995,8129050
3,2021-01-30,37910,1042605,17861,548496,20049,494109,0,0,33114,681193,0.083797,4741,181144,0.022284,33212,862337,0.106081,8129050
3,2021-01-31,22994,1065599,12960,561456,10034,504143,0,0,21536,701320,0.086273,1438,182582,0.02246,21565,883902,0.108734,8129050
3,2021-02-01,46772,1112371,21386,582842,25386,529529,0,0,35580,725823,0.089288,11124,193706,0.023829,35627,919529,0.113116,8129050
3,2021-02-02,55205,1167576,23036,605878,32169,561698,0,0,42470,755715,0.092965,12633,206339,0.025383,42525,962054,0.118348,8129050
3,2021-02-03,60706,1228282,26986,632864,33720,595418,0,0,45047,785341,0.096609,15500,221839,0.02729,45126,1007180,0.123899,8129050
3,2021-02-04,65131,1293413,28169,661033,36962,632380,0,0,47567,815685,0.100342,17354,239193,0.029424,47698,1054878,0.129766,8129050
3,2021-02-05,71426,1364839,30081,691114,41345,673725,0,0,49181,843099,0.103714,21983,261176,0.032129,49397,1104275,0.135843,8129050
3,2021-02-06,44224,1409063,21126,712240,23098,696823,0,0,34378,867882,0.106763,9794,270970,0.033334,34577,1138852,0.140097,8129050
3,2021-02-07,19991,1429054,12729,724969,7262,704085,0,0,15361,878761,0.108101,4612,275582,0.033901,15491,1154343,0.142002,8129050
3,2021-02-08,52074,1481128,25116,750085,26958,731043,0,0,33998,895024,0.110102,17934,293516,0.036107,34197,1188540,0.146209,8129050
3,2021-02-09,59429,1540557,28792,778877,30637,761680,0,0,34647,905456,0.111385,24579,318095,0.039131,35011,1223551,0.150516,8129050
3,2021-02-10,69137,1609694,32132,811009,37005,798685,0,0,36879,910909,0.112056,31954,350049,0.043061,37407,1260958,0.155118,8129050
3,2021-02-11,71643,1681337,35198,846207,36445,835130,0,0,37913,916052,0.112689,33330,383379,0.047162,38473,1299431,0.15985,8129050
3,2021-02-12,76563,1757900,32941,879148,43622,878752,0,0,42087,924797,0.113764,34126,417505,0.05136,42871,1342302,0.165124,8129050
3,2021-02-13,45665,1803565,20639,899787,25026,903778,0,0,26130,932115,0.114665,19411,436916,0.053747,26729,1369031,0.168412,8129050
3,2021-02-14,27687,1831252,13828,913615,13859,917637,0,0,15313,935598,0.115093,12304,449220,0.055261,15787,1384818,0.170354,8129050
3,2021-02-15,40669,1871921,17525,931140,23144,940781,0,0,22387,940779,0.11573,18165,467385,0.057496,23346,1408164,0.173226,8129050
3,2021-02-16,71156,1943077,33642,964782,37514,978295,0,0,36763,944378,0.116173,34222,501607,0.061705,37821,1445985,0.177879,8129050
3,2021-02-17,73000,2016077,36816,1001598,36184,1014479,0,0,34423,941578,0.115829,38303,539910,0.066417,35503,1481488,0.182246,8129050
3,2021-02-18,78072,2094149,40743,1042341,37329,1051808,0,0,35937,936962,0.115261,41916,581826,0.071574,37300,1518788,0.186835,8129050
3,2021-02-19,70146,2164295,40385,1082726,29761,1081569,0,0,35279,938254,0.11542,34677,616503,0.075839,35969,1554757,0.191259,8129050
3,2021-02-20,43668,2207963,27536,1110262,16132,1097701,0,0,22676,940616,0.11571,20860,637363,0.078406,23222,1577979,0.194116,8129050
3,2021-02-21,24627,2232590,19776,1130038,4851,1102552,0,0,11800,940129,0.115651,12715,650078,0.07997,12228,1590207,0.19562,8129050
3,2021-02-22,48044,2280634,31254,1161292,16790,1119342,0,0,22421,937595,0.115339,25466,675544,0.083102,22932,1613139,0.198441,8129050
3,2021-02-23,64350,2344984,34897,1196189,29453,1148795,0,0,27945,931419,0.114579,36147,711691,0.087549,29971,1643110,0.202128,8129050
3,2021-02-24,80539,2425523,39593,1235782,40946,1189741,0,0,35346,924414,0.113717,44909,756600,0.093074,37904,1681014,0.206791,8129050
3,2021-02-25,90266,2515789,43946,1279728,46320,1236061,0,0,44757,926633,0.11399,45175,801775,0.098631,47394,1728408,0.212621,8129050
3,2021-02-26,101433,2617222,46301,1326029,55132,1291193,0,0,53359,934611,0.114972,47629,849404,0.10449,55607,1784015,0.219462,8129050
3,2021-02-27,71816,2689038,33023,1359052,38788,1329981,5,5,37621,939641,0.115591,33939,883343,0.108665,38969,1822984,0.224255,8129050
3,2021-02-28,41942,2730980,24259,1383311,17678,1347659,5,10,21172,941244,0.115788,20558,903901,0.111194,22161,1845145,0.226982,8129050
3,2021-03-01,71176,2802156,37692,1421003,33420,1381079,64,74,39506,950817,0.116965,31384,935285,0.115055,40957,1886102,0.23202,8129050
3,2021-03-02,82565,2884721,40680,1461683,41869,1422948,16,90,47513,965632,0.118788,34862,970147,0.119343,49677,1935779,0.238131,8129050
3,2021-03-03,92558,2977279,44302,1505985,48215,1471163,41,131,51595,978894,0.120419,40697,1010844,0.12435,53959,1989738,0.244769,8129050
3,2021-03-04,96977,3074256,47454,1553439,49496,1520659,27,158,54737,994023,0.12228,41963,1052807,0.129512,57092,2046830,0.251792,8129050
3,2021-03-05,93453,3167709,45635,1599074,47509,1568168,309,467,56300,1016067,0.124992,36838,1089645,0.134043,58882,2105712,0.259035,8129050
3,2021-03-06,66721,3234430,33799,1632873,30748,1598916,2174,2641,37861,1028877,0.126568,28684,1118329,0.137572,41494,2147206,0.26414,8129050
3,2021-03-07,39736,3274166,22880,1655753,14925,1613841,1931,4572,22351,1037012,0.127569,17301,1135630,0.1397,25436,2172642,0.267269,8129050
3,2021-03-08,61023,3335189,29025,1684778,28953,1642794,3045,7617,38526,1057782,0.130124,22316,1157946,0.142445,43086,2215728,0.272569,8129050
3,2021-03-09,78279,3413468,36126,1720904,37650,1680444,4503,12120,41978,1069264,0.131536,36115,1194061,0.146888,47597,2263325,0.278424,8129050
3,2021-03-10,84424,3497892,41966,1762870,36274,1716718,6184,18304,43988,1080605,0.132931,40182,1234243,0.151831,51523,2314848,0.284762,8129050
3,2021-03-11,98617,3596509,48263,1811133,41640,1758358,8714,27018,48152,1088327,0.133881,50158,1284401,0.158001,57880,2372728,0.291883,8129050
3,2021-03-12,103496,3700005,46251,1857384,45291,1803649,11954,38972,47111,1092315,0.134372,56095,1340496,0.164902,60083,2432811,0.299274,8129050
3,2021-03-13,71356,3771361,30070,1887454,33971,1837620,7315,46287,37483,1104696,0.135895,33703,1374199,0.169048,46084,2478895,0.304943,8129050
3,2021-03-14,41710,3813071,21776,1909230,16348,1853968,3586,49873,20996,1109273,0.136458,20615,1394814,0.171584,25192,2504087,0.308042,8129050
3,2021-03-15,76590,3889661,36328,1945558,35663,1889631,4599,54472,40250,1118999,0.137654,36075,1430889,0.176022,45801,2549888,0.313676,8129050
3,2021-03-16,96049,3985710,44279,1989837,47387,1937018,4383,58855,53828,1136148,0.139764,41932,1472821,0.18118,59081,2608969,0.320944,8129050
3,2021-03-17,99512,4085222,48306,2038143,46600,1983618,4606,63461,60228,1162586,0.143016,39014,1511835,0.185979,65452,2674421,0.328996,8129050
3,2021-03-18,104791,4190013,53241,2091384,46948,2030566,4602,68063,59842,1182921,0.145518,44620,1556455,0.191468,64955,2739376,0.336986,8129050
3,2021-03-19,104559,4294572,56209,2147593,43845,2074411,4505,72568,58068,1199824,0.147597,46174,1602629,0.197148,63077,2802453,0.344745,8129050
3,2021-03-20,72738,4367310,37468,2185061,31522,2105933,3748,76316,44610,1220746,0.150171,27892,1630521,0.20058,48814,2851267,0.35075,8129050
3,2021-03-21,36722,4404032,24928,2209989,10261,2116194,1533,77849,22007,1230186,0.151332,14576,1645097,0.202373,24016,2875283,0.353705,8129050
3,2021-03-22,71282,4475314,41884,2251873,26839,2143033,2559,80408,45152,1253048,0.154144,25847,1670944,0.205552,48709,2923992,0.359697,8129050
3,2021-03-23,90966,4566280,50333,2302206,38039,2181072,2594,83002,55232,1276142,0.156985,35428,1706372,0.20991,58522,2982514,0.366896,8129050
3,2021-03-24,99978,4666258,57544,2359750,39458,2220530,2976,85978,56334,1292815,0.159036,43230,1749602,0.215228,59903,3042417,0.374265,8129050
3,2021-03-25,108766,4775024,60424,2420174,45270,2265800,3072,89050,60648,1309444,0.161082,47717,1797319,0.221098,64346,3106763,0.38218,8129050
3,2021-03-26,112173,4887197,60221,2480395,48545,2314345,3407,92457,57191,1316294,0.161925,54581,1851900,0.227813,61431,3168194,0.389737,8129050
3,2021-03-27,75466,4962663,38397,2518792,34488,2348833,2581,95038,36230,1316796,0.161986,38968,1890868,0.232606,39470,3207664,0.394593,8129050
3,2021-03-28,44899,5007562,28309,2547101,15766,2364599,824,95862,22452,1318416,0.162186,22307,1913175,0.23535,23927,3231591,0.397536,8129050
3,2021-03-29,81908,5089470,42803,2589904,37232,2401831,1873,97735,44330,1328185,0.163387,37290,1950465,0.239938,47059,3278650,0.403325,8129050
3,2021-03-30,101630,5191100,49946,2639850,47954,2449785,3730,101465,56357,1343893,0.16532,44966,1995431,0.245469,60674,3339324,0.410789,8129050
3,2021-03-31,106313,5297413,57334,2697184,44073,2493858,4906,106371,56332,1355774,0.166781,49677,2045108,0.25158,61558,3400882,0.418362,8129050
3,2021-04-01,125323,5422736,63363,2760547,52065,2545923,9895,116266,67039,1375132,0.169163,57780,2102888,0.258688,77138,3478020,0.427851,8129050
3,2021-04-02,119275,5542011,58274,2818821,50517,2596440,10484,126750,62405,1391876,0.171222,56520,2159408,0.265641,73264,3551284,0.436863,8129050
3,2021-04-03,76737,5618748,39270,2858091,28144,2624584,9323,136073,38048,1401004,0.172345,38501,2197909,0.270377,47629,3598913,0.442722,8129050
3,2021-04-04,32684,5651432,17478,2875569,10948,2635532,4258,140331,14204,1401055,0.172352,18385,2216294,0.272639,18436,3617349,0.44499,8129050
3,2021-04-05,90700,5742132,46020,2921589,35299,2670831,9381,149712,43763,1408285,0.173241,46674,2262968,0.27838,53904,3671253,0.451621,8129050
3,2021-04-06,114671,5856803,55830,2977419,43494,2714325,15347,165059,53653,1417208,0.174339,60700,2323668,0.285847,69623,3740876,0.460186,8129050
3,2021-04-07,117413,5974216,60762,3038181,40226,2754551,16425,181484,56394,1429549,0.175857,60706,2384374,0.293315,73047,3813923,0.469172,8129050
3,2021-04-08,122452,6096668,60965,3099146,41150,2795701,20337,201821,56601,1441655,0.177346,65503,2449877,0.301373,77609,3891532,0.478719,8129050
3,2021-04-09,119812,6216480,59752,3158898,40702,2836403,19358,221179,52317,1446913,0.177993,67198,2517075,0.30964,72456,3963988,0.487632,8129050
3,2021-04-10,85213,6301693,38258,3197156,31504,2867907,15451,236630,34619,1447353,0.178047,50363,2567438,0.315835,50803,4014791,0.493882,8129050
3,2021-04-11,45662,6347355,24422,3221578,13116,2881023,8124,244754,17303,1445317,0.177797,28247,2595685,0.31931,26211,4041002,0.497106,8129050
3,2021-04-12,84829,6432184,42821,3264399,33076,2914099,8932,253686,38178,1447107,0.178017,46369,2642054,0.325014,48159,4089161,0.503031,8129050
3,2021-04-13,106379,6538563,57614,3322013,48550,2962649,215,253901,55748,1453622,0.178818,50345,2692399,0.331207,56860,4146021,0.510025,8129050
3,2021-04-14,108554,6647117,59375,3381388,49065,3011714,114,254015,53689,1454356,0.178908,54518,2746917,0.337914,55252,4201273,0.516822,8129050
3,2021-04-15,120211,6767328,67626,3449014,52497,3064211,88,254103,63782,1463010,0.179973,56046,2802963,0.344808,64700,4265973,0.524781,8129050
3,2021-04-16,116391,6883719,65288,3514302,51003,3115214,100,254203,60417,1468577,0.180658,55624,2858587,0.351651,61191,4327164,0.532309,8129050
3,2021-04-17,80131,6963850,43719,3558021,36397,3151611,15,254218,44461,1478625,0.181894,35416,2894003,0.356008,45464,4372628,0.537901,8129050
3,2021-04-18,39178,7003028,23718,3581739,15450,3167061,10,254228,18292,1477081,0.181704,20738,2914741,0.358559,19194,4391822,0.540263,8129050
3,2021-04-19,79674,7082702,44345,3626084,35268,3202329,61,254289,35629,1469495,0.180771,43795,2958536,0.363946,36209,4428031,0.544717,8129050
3,2021-04-20,101398,7184100,53356,3679440,48018,3250347,24,254313,48679,1466850,0.180445,52396,3010932,0.370392,49751,4477782,0.550837,8129050
3,2021-04-21,106704,7290804,59926,3739366,46695,3297042,83,254396,50104,1461982,0.179847,56153,3067085,0.377299,51285,4529067,0.557146,8129050
3,2021-04-22,112780,7403584,63371,3802737,49380,3346422,29,254425,48210,1447033,0.178008,64159,3131244,0.385192,49210,4578277,0.5632,8129050
3,2021-04-23,107090,7510674,61251,3863988,45806,3392228,33,254458,46686,1434777,0.1765,60010,3191254,0.392574,47754,4626031,0.569074,8129050
3,2021-04-24,74544,7585218,46001,3909989,28469,3420697,74,254532,36172,1433972,0.176401,38068,3229322,0.397257,37263,4663294,0.573658,8129050
3,2021-04-25,37256,7622474,23766,3933755,13472,3434169,18,254550,18960,1435238,0.176557,18115,3247437,0.399485,19381,4682675,0.576042,8129050
3,2021-04-26,74671,7697145,42236,3975991,32005,3466174,430,254980,31732,1426130,0.175436,42633,3290070,0.40473,33525,4716200,0.580166,8129050
3,2021-04-27,91856,7789001,48246,4024237,41835,3508009,1775,256755,36251,1409666,0.173411,55268,3345338,0.411529,38804,4755004,0.58494,8129050
3,2021-04-28,87708,7876709,49814,4074051,35731,3543740,2163,258918,35620,1396247,0.17176,51751,3397089,0.417895,38332,4793336,0.589655,8129050
3,2021-04-29,90068,7966777,51429,4125480,36389,3580129,2250,261168,31971,1373252,0.168931,57715,3454804,0.424995,34720,4828056,0.593926,8129050
3,2021-04-30,91618,8058395,51672,4177152,37454,3617583,2492,263660,34010,1353028,0.166444,57197,3512001,0.432031,36973,4865029,0.598474,8129050
3,2021-05-01,56199,8114594,35186,4212338,19515,3637098,1498,265158,20226,1339606,0.164792,35643,3547644,0.436416,22221,4887250,0.601208,8129050
3,2021-05-02,27173,8141767,18548,4230886,7600,3644698,1025,266183,9942,1333564,0.164049,17113,3564757,0.438521,11071,4898321,0.60257,8129050
3,2021-05-03,60387,8202154,35487,4266373,22514,3667212,2386,268569,17503,1311014,0.161275,42621,3607378,0.443764,20071,4918392,0.605039,8129050
3,2021-05-04,78157,8280311,45183,4311556,30277,3697489,2697,271266,22596,1281343,0.157625,55235,3662613,0.450559,25564,4943956,0.608184,8129050
3,2021-05-05,79708,8360019,47830,4359386,29143,3726632,2735,274001,21945,1248948,0.15364,57378,3719991,0.457617,24983,4968939,0.611257,8129050
3,2021-05-06,83968,8443987,53126,4412512,28291,3754923,2551,276552,20587,1209776,0.148821,62855,3782846,0.465349,23683,4992622,0.61417,8129050
3,2021-05-07,83060,8527047,51748,4464260,28653,3783576,2659,279211,21858,1173787,0.144394,60808,3843654,0.472829,24819,5017441,0.617224,8129050
3,2021-05-08,53065,8580112,32903,4497163,18431,3802007,1731,280942,14006,1151023,0.141594,38772,3882426,0.477599,16008,5033449,0.619193,8129050
3,2021-05-09,21141,8601253,15460,4512623,4886,3806893,795,281737,5476,1141803,0.14046,15561,3897987,0.479513,6341,5039790,0.619973,8129050
3,2021-05-10,48492,8649745,26101,4538724,20466,3827359,1925,283662,11174,1118068,0.13754,37089,3935076,0.484076,13354,5053144,0.621616,8129050
3,2021-05-11,64632,8714377,36280,4575004,26114,3853473,2238,285900,16170,1088762,0.133935,48184,3983260,0.490003,18878,5072022,0.623938,8129050
3,2021-05-12,65358,8779735,37563,4612567,25377,3878850,2418,288318,16636,1059721,0.130362,48416,4031676,0.495959,19375,5091397,0.626321,8129050
3,2021-05-13,76011,8855746,47915,4660482,26161,3905011,1935,290253,27679,1041901,0.12817,48063,4079739,0.501872,30243,5121640,0.630042,8129050
3,2021-05-14,81016,8936762,51135,4711617,27716,3932727,2165,292418,31319,1026623,0.126291,49364,4129103,0.507944,34086,5155726,0.634235,8129050
3,2021-05-15,62660,8999422,43174,4754791,18251,3950978,1235,293653,25867,1017403,0.125156,36561,4165664,0.512442,27341,5183067,0.637598,8129050
3,2021-05-16,33400,9032822,24985,4779776,7721,3958699,694,294347,13476,1011878,0.124477,19791,4185455,0.514876,14266,5197333,0.639353,8129050
3,2021-05-17,57380,9090202,36524,4816300,18985,3977684,1871,296218,21099,999073,0.122902,35986,4221441,0.519303,23181,5220514,0.642205,8129050
3,2021-05-18,64983,9155185,38369,4854669,24728,4002412,1886,298104,24346,985362,0.121215,40342,4261783,0.524266,26631,5247145,0.645481,8129050
3,2021-05-19,64518,9219703,39225,4893894,23520,4025932,1773,299877,24935,973045,0.1197,39306,4301089,0.529101,26989,5274134,0.648801,8129050
3,2021-05-20,62270,9281973,36446,4930340,23956,4049888,1868,301745,22280,957857,0.117831,39678,4340767,0.533982,24490,5298624,0.651813,8129050
3,2021-05-21,66668,9348641,40522,4970862,24025,4073913,2121,303866,23759,941492,0.115818,42557,4383324,0.539217,26192,5324816,0.655035,8129050
3,2021-05-22,46118,9394759,30579,5001441,14059,4087972,1480,305346,19146,935650,0.1151,26725,4410049,0.542505,20883,5345699,0.657604,8129050
3,2021-05-23,21874,9416633,15142,5016583,6076,4094048,656,306002,9232,933104,0.114786,12546,4422595,0.544048,10000,5355699,0.658835,8129050
3,2021-05-24,39995,9456628,23414,5039997,14802,4108850,1779,307781,14757,924819,0.113767,25022,4447617,0.547126,16737,5372436,0.660893,8129050
3,2021-05-25,43180,9499808,24298,5064295,17185,4126035,1697,309478,15293,914458,0.112493,27587,4475204,0.55052,17226,5389662,0.663013,8129050
3,2021-05-26,42784,9542592,24476,5088771,16558,4142593,1750,311228,16014,905902,0.11144,26460,4501664,0.553775,17904,5407566,0.665215,8129050
3,2021-05-27,39725,9582317,22275,5111046,15692,4158285,1758,312986,15503,899385,0.110638,24030,4525694,0.556731,17513,5425079,0.667369,8129050
3,2021-05-28,43336,9625653,24506,5135552,17011,4175296,1819,314805,17976,894369,0.110021,25134,4550828,0.559823,20118,5445197,0.669844,8129050
3,2021-05-29,23656,9649309,14467,5150019,8349,4183645,840,315645,10981,893803,0.109952,12524,4563352,0.561364,11958,5457155,0.671315,8129050
3,2021-05-30,10689,9659998,6929,5156948,3124,4186769,636,316281,4482,892841,0.109833,6123,4569475,0.562117,5161,5462316,0.67195,8129050
3,2021-05-31,4715,9664713,2726,5159674,1721,4188490,268,316549,1470,891423,0.109659,3184,4572659,0.562508,1766,5464082,0.672167,8129050
3,2021-06-01,38124,9702837,21950,5181624,14713,4203203,1461,318010,13328,881887,0.108486,24518,4597177,0.565525,14982,5479064,0.67401,8129050
3,2021-06-02,31814,9734651,18318,5199942,12073,4215276,1423,319433,11748,875356,0.107682,19844,4617021,0.567966,13313,5492377,0.675648,8129050
3,2021-06-03,40059,9774710,27421,5227363,11189,4226465,1449,320882,11559,860290,0.105829,28314,4645335,0.571449,13248,5505625,0.677278,8129050
3,2021-06-04,46752,9821462,33090,5260453,12105,4238570,1557,322439,13308,842400,0.103628,33178,4678513,0.57553,15288,5520913,0.679158,8129050
3,2021-06-05,34668,9856130,26145,5286598,7331,4245901,1192,323631,8782,826910,0.101723,25662,4704175,0.578687,10172,5531085,0.68041,8129050
3,2021-06-06,14743,9870873,12306,5298904,1851,4247752,586,324217,3704,820404,0.100922,10968,4715143,0.580036,4462,5535547,0.680959,8129050
3,2021-06-07,30709,9901582,22319,5321223,7097,4254849,1293,325510,8874,809019,0.099522,21669,4736812,0.582702,10284,5545831,0.682224,8129050
3,2021-06-08,34468,9936050,24733,5345956,8436,4263285,1299,326809,9950,796198,0.097945,24298,4761110,0.585691,11477,5557308,0.683636,8129050
3,2021-06-09,33188,9969238,24070,5370026,7807,4271092,1311,328120,8908,782496,0.096259,24090,4785200,0.588654,10388,5567696,0.684913,8129050
3,2021-06-10,32734,10001972,23612,5393638,7579,4278671,1543,329663,9023,769721,0.094688,23542,4808742,0.59155,10767,5578463,0.686238,8129050
3,2021-06-11,35943,10037915,25425,5419063,9133,4287804,1385,331048,10687,756931,0.093114,25042,4833784,0.594631,12252,5590715,0.687745,8129050
3,2021-06-12,25526,10063441,19254,5438317,5371,4293175,901,331949,6749,746103,0.091782,18648,4852432,0.596925,7820,5598535,0.688707,8129050
3,2021-06-13,10232,10073673,7671,5445988,2067,4295242,494,332443,2379,741251,0.091185,7800,4860232,0.597884,2948,5601483,0.68907,8129050
3,2021-06-14,26104,10099777,18722,5464710,5932,4301174,1450,333893,8147,733176,0.090192,17819,4878051,0.600076,9744,5611227,0.690268,8129050
3,2021-06-15,29083,10128860,19684,5484394,7870,4309044,1529,335422,9765,725572,0.089257,19067,4897118,0.602422,11463,5622690,0.691679,8129050
3,2021-06-16,26225,10155085,18652,5503046,6138,4315182,1435,336857,8876,718876,0.088433,17155,4914273,0.604532,10459,5633149,0.692965,8129050
3,2021-06-17,25046,10180131,17928,5520974,5812,4320994,1306,338163,8687,712817,0.087688,16192,4930465,0.606524,10133,5643282,0.694212,8129050
3,2021-06-18,28090,10208221,19828,5540802,6687,4327681,1575,339738,9783,706275,0.086883,18069,4948534,0.608747,11527,5654809,0.69563,8129050
3,2021-06-19,16086,10224307,11818,5552620,3404,4331085,864,340602,5749,702792,0.086454,10205,4958739,0.610002,6722,5661531,0.696457,8129050
3,2021-06-20,6912,10231219,5185,5557805,1423,4332508,304,340906,2615,701527,0.086299,4238,4962977,0.610524,2973,5664504,0.696822,8129050
3,2021-06-21,16288,10247507,10285,5568090,4597,4337105,1406,342312,8089,703040,0.086485,8103,4971080,0.61152,9616,5674120,0.698005,8129050
3,2021-06-22,22167,10269674,15536,5583626,5320,4342425,1311,343623,8251,698975,0.085985,13782,4984862,0.613216,9717,5683837,0.699201,8129050
3,2021-06-23,20333,10290007,14231,5597857,4757,4347182,1345,344968,8037,696318,0.085658,12179,4997041,0.614714,9522,5693359,0.700372,8129050
3,2021-06-24,20044,10310051,13952,5611809,4633,4351815,1459,346427,7809,693647,0.085329,12049,5009090,0.616196,9378,5702737,0.701526,8129050
3,2021-06-25,23443,10333494,16630,5628439,5384,4357199,1429,347856,9131,690165,0.084901,14171,5023261,0.617939,10689,5713426,0.702841,8129050
3,2021-06-26,14060,10347554,10444,5638883,2843,4360042,773,348629,5867,688879,0.084743,8084,5031345,0.618934,6798,5720224,0.703677,8129050
3,2021-06-27,6771,10354325,5245,5644128,1219,4361261,307,348936,2893,688286,0.08467,3829,5035174,0.619405,3236,5723460,0.704075,8129050
3,2021-06-28,16157,10370482,12423,5656551,2644,4363905,1090,350026,6788,687054,0.084518,9216,5044390,0.620539,7984,5731444,0.705057,8129050
3,2021-06-29,18207,10388689,12822,5669373,4370,4368275,1015,351041,7476,685098,0.084278,10580,5054970,0.62184,8624,5740068,0.706118,8129050
3,2021-06-30,17287,10405976,12258,5681631,3978,4372253,1051,352092,7464,684119,0.084157,9643,5064613,0.623026,8664,5748732,0.707184,8129050
3,2021-07-01,16539,10422515,11780,5693411,3678,4375931,1081,353173,6967,682843,0.084,9425,5074038,0.624186,8149,5756881,0.708186,8129050
3,2021-07-02,18680,10441195,13287,5706698,4284,4380215,1109,354282,7977,681447,0.083829,10578,5084616,0.625487,9182,5766063,0.709316,8129050
3,2021-07-03,10194,10451389,7370,5714068,2381,4382596,443,354725,4360,680598,0.083724,5754,5090370,0.626195,4905,5770968,0.709919,8129050
3,2021-07-04,736,10452125,434,5714502,215,4382811,87,354812,286,680546,0.083718,441,5090811,0.626249,389,5771357,0.709967,8129050
3,2021-07-05,9615,10461740,7031,5721533,2158,4384969,426,355238,4357,680211,0.083677,5183,5095994,0.626887,4848,5776205,0.710563,8129050
3,2021-07-06,19278,10481018,13966,5735499,4179,4389148,1133,356371,6974,676327,0.083199,12114,5108108,0.628377,8230,5784435,0.711576,8129050
3,2021-07-07,15871,10496889,11253,5746752,3488,4392636,1130,357501,6374,674584,0.082984,9355,5117463,0.629528,7612,5792047,0.712512,8129050
3,2021-07-08,15471,10512360,11180,5757932,3287,4395923,1004,358505,6236,672832,0.082769,9080,5126543,0.630645,7328,5799375,0.713414,8129050
3,2021-07-09,17778,10530138,12410,5770342,4140,4400063,1228,359733,7370,671269,0.082577,10269,5136812,0.631908,8706,5808081,0.714485,8129050
3,2021-07-10,11007,10541145,8115,5778457,2221,4402284,671,360404,4686,670473,0.082479,6243,5143055,0.632676,5447,5813528,0.715155,8129050
3,2021-07-11,5161,10546306,3824,5782281,1060,4403344,277,360681,2337,670336,0.082462,2771,5145826,0.633017,2634,5816162,0.715479,8129050
3,2021-07-12,14414,10560720,10524,5792805,2883,4406227,1007,361688,5764,668607,0.082249,8568,5154394,0.634071,6839,5823001,0.71632,8129050
3,2021-07-13,15232,10575952,10756,5803561,3557,4409784,919,362607,6693,667864,0.082158,8435,5162829,0.635109,7692,5830693,0.717266,8129050
3,2021-07-14,14537,10590489,10328,5813889,3283,4413067,926,363533,6502,667419,0.082103,7933,5170762,0.636084,7488,5838181,0.718187,8129050
3,2021-07-15,14862,10605351,10746,5824635,3273,4416340,843,364376,6823,667221,0.082079,7940,5178702,0.637061,7742,5845923,0.71914,8129050
3,2021-07-16,17852,10623203,12832,5837467,4127,4420467,893,365269,8528,667506,0.082114,9213,5187915,0.638194,9498,5855421,0.720308,8129050
3,2021-07-17,11339,10634542,8313,5845780,2488,4422955,538,365807,5400,667644,0.082131,5865,5193780,0.638916,6003,5861424,0.721047,8129050
3,2021-07-18,5763,10640305,4354,5850134,1158,4424113,251,366058,2837,667876,0.082159,2882,5196662,0.639271,3114,5864538,0.72143,8129050
3,2021-07-19,14953,10655258,10949,5861083,3122,4427235,882,366940,7333,668648,0.082254,7519,5204181,0.640195,8291,5872829,0.72245,8129050
3,2021-07-20,16677,10671935,11611,5872694,4154,4431389,912,367852,8573,670241,0.08245,7974,5212155,0.641176,9567,5882396,0.723627,8129050
3,2021-07-21,16066,10688001,11377,5884071,3816,4435205,873,368725,8082,671425,0.082596,7851,5220006,0.642142,9035,5891431,0.724738,8129050
3,2021-07-22,16478,10704479,11640,5895711,3872,4439077,966,369691,8552,673205,0.082815,7802,5227808,0.643102,9582,5901013,0.725917,8129050
3,2021-07-23,19370,10723849,13808,5909519,4546,4443623,1016,370707,10392,675877,0.083143,8827,5236635,0.644188,11499,5912512,0.727331,8129050
3,2021-07-24,11671,10735520,8413,5917932,2674,4446297,584,371291,6448,677804,0.08338,5144,5241779,0.644821,7071,5919583,0.728201,8129050
3,2021-07-25,5692,10741212,4267,5922199,1213,4447510,212,371503,4108,680640,0.083729,1535,5243314,0.645009,4371,5923954,0.728739,8129050
3,2021-07-26,15640,10756852,10897,5933096,3766,4451276,977,372480,9465,685093,0.084277,6051,5249365,0.645754,10504,5934458,0.730031,8129050
3,2021-07-27,17629,10774481,12472,5945568,4176,4455452,981,373461,10097,688855,0.08474,7389,5256754,0.646663,11151,5945609,0.731403,8129050
3,2021-07-28,17196,10791677,12308,5957876,3846,4459298,1042,374503,9926,692751,0.085219,7121,5263875,0.647539,11017,5956626,0.732758,8129050
3,2021-07-29,16987,10808664,12228,5970104,3722,4463020,1037,375540,10034,697126,0.085757,6767,5270642,0.648371,11142,5967768,0.734129,8129050
3,2021-07-30,19725,10828389,13930,5984034,4704,4467724,1091,376631,11447,701689,0.086319,8064,5278706,0.649363,12627,5980395,0.735682,8129050
3,2021-07-31,12296,10840685,8914,5992948,2724,4470448,658,377289,7159,704573,0.086673,4995,5283701,0.649978,7879,5988274,0.736651,8129050
3,2021-08-01,6574,10847259,5010,5997958,1301,4471749,263,377552,4246,706861,0.086955,2256,5285957,0.650255,4544,5992818,0.73721,8129050
3,2021-08-02,16735,10863994,12154,6010112,3651,4475400,930,378482,10422,712089,0.087598,6187,5292144,0.651016,11415,6004233,0.738614,8129050
3,2021-08-03,18543,10882537,13379,6023491,4046,4479446,1118,379600,11051,717000,0.088202,7312,5299456,0.651916,12223,6016456,0.740118,8129050
3,2021-08-04,17646,10900183,12683,6036174,3940,4483386,1023,380623,10503,721592,0.088767,6983,5306439,0.652775,11575,6028031,0.741542,8129050
3,2021-08-05,18082,10918265,13062,6049236,3856,4487242,1164,381787,10924,726758,0.089403,6992,5313431,0.653635,12158,6040189,0.743038,8129050
3,2021-08-06,21982,10940247,15921,6065157,4888,4492130,1173,382960,13016,732253,0.090079,8759,5322190,0.654712,14254,6054443,0.744791,8129050
3,2021-08-07,12903,10953150,9575,6074732,2692,4494822,636,383596,7540,735262,0.090449,5217,5327407,0.655354,8226,6062669,0.745803,8129050
3,2021-08-08,7608,10960758,5824,6080556,1542,4496364,242,383838,4685,737388,0.09071,2838,5330245,0.655703,4964,6067633,0.746414,8129050
3,2021-08-09,18489,10979247,13841,6094397,3541,4499905,1107,384945,10433,741115,0.091169,7890,5338135,0.656674,11617,6079250,0.747843,8129050
3,2021-08-10,18811,10998058,13786,6108183,3992,4503897,1033,385978,10619,744792,0.091621,8011,5346146,0.657659,11688,6090938,0.74928,8129050
3,2021-08-11,16751,11014809,12140,6120323,3567,4507464,1044,387022,9341,748024,0.092019,7208,5353354,0.658546,10440,6101378,0.750565,8129050
3,2021-08-12,18267,11033076,12887,6133210,4276,4511740,1104,388126,10038,751196,0.092409,8017,5361371,0.659532,11189,6112567,0.751941,8129050
3,2021-08-13,22867,11055943,16205,6149415,5473,4517213,1189,389315,12481,754998,0.092877,9938,5371309,0.660755,13740,6126307,0.753631,8129050
3,2021-08-14,14856,11070799,10443,6159858,3760,4520973,653,389968,7746,757273,0.093156,6179,5377488,0.661515,8454,6134761,0.754671,8129050
3,2021-08-15,8490,11079289,6158,6166016,2039,4523012,293,390261,4284,758460,0.093302,3418,5380906,0.661935,4605,6139366,0.755238,8129050
3,2021-08-16,20904,11100193,14423,6180439,5483,4528495,998,391259,9906,760425,0.093544,9028,5389934,0.663046,10993,6150359,0.75659,8129050
3,2021-08-17,21510,11121703,14617,6195056,5827,4534322,1066,392325,9858,762061,0.093745,9399,5399333,0.664202,11035,6161394,0.757948,8129050
3,2021-08-18,21402,11143105,14283,6209339,6096,4540418,1023,393348,9649,763713,0.093949,9111,5408444,0.665323,10763,6172157,0.759272,8129050
3,2021-08-19,21491,11164596,14209,6223548,6182,4546600,1100,394448,9377,765124,0.094122,9132,5417576,0.666446,10543,6182700,0.760569,8129050
3,2021-08-20,26975,11191571,18169,6241717,7644,4554244,1162,395610,11361,765801,0.094205,11952,5429528,0.667917,12629,6195329,0.762122,8129050
3,2021-08-21,15644,11207215,11294,6253011,3753,4557997,597,396207,6584,765861,0.094213,7196,5436724,0.668802,7256,6202585,0.763015,8129050
3,2021-08-22,8918,11216133,6366,6259377,2323,4560320,229,396436,3998,766336,0.094271,3801,5440525,0.669269,4276,6206861,0.763541,8129050
3,2021-08-23,22972,11239105,16070,6275447,5940,4566260,962,397398,9855,767323,0.094393,10014,5450539,0.670501,11001,6217862,0.764894,8129050
3,2021-08-24,22767,11261872,16403,6291850,5461,4571721,903,398301,9420,767511,0.094416,10269,5460808,0.671765,10457,6228319,0.76618,8129050
3,2021-08-25,21831,11283703,15566,6307416,5347,4577068,918,399219,9088,767897,0.094463,9747,5470555,0.672964,10133,6238452,0.767427,8129050
3,2021-08-26,22361,11306064,15735,6323151,5612,4582680,1014,400233,8952,768062,0.094484,9922,5480477,0.674184,10087,6248539,0.768668,8129050
3,2021-08-27,27324,11333388,19684,6342835,6596,4589276,1044,401277,10541,766917,0.094343,12940,5493417,0.675776,11795,6260334,0.770119,8129050
3,2021-08-28,15772,11349160,11573,6354408,3734,4593010,465,401742,6298,766191,0.094253,7608,5501025,0.676712,6882,6267216,0.770965,8129050
3,2021-08-29,9117,11358277,6772,6361180,2188,4595198,157,401899,3614,765679,0.09419,4360,5505385,0.677248,3848,6271064,0.771439,8129050
3,2021-08-30,21873,11380150,15364,6376544,5665,4600863,844,402743,8198,764516,0.094047,10368,5515753,0.678524,9205,6280269,0.772571,8129050
3,2021-08-31,21051,11401201,14567,6391111,5700,4606563,784,403527,7384,762787,0.093835,10049,5525802,0.67976,8320,6288589,0.773595,8129050
3,2021-09-01,20399,11421600,14011,6405122,5546,4612109,842,404369,7780,762478,0.093797,9095,5534897,0.680879,8786,6297375,0.774675,8129050
3,2021-09-02,19864,11441464,13407,6418529,5621,4617730,836,405205,6972,761313,0.093653,9098,5543995,0.681998,7933,6305308,0.775651,8129050
3,2021-09-03,25143,11466607,17675,6436204,6614,4624344,854,406059,8677,758641,0.093325,12404,5556399,0.683524,9732,6315040,0.776848,8129050
3,2021-09-04,12908,11479515,9503,6445707,3017,4627361,388,406447,4671,757137,0.09314,6651,5563050,0.684342,5147,6320187,0.777482,8129050
3,2021-09-05,8045,11487560,5966,6451673,1986,4629347,93,406540,3313,756803,0.093099,3791,5566841,0.684808,3457,6323644,0.777907,8129050
3,2021-09-06,4020,11491580,2687,6454360,1237,4630584,96,406636,1575,756513,0.093063,1975,5568816,0.685051,1685,6325329,0.778114,8129050
3,2021-09-07,20383,11511963,14336,6468696,5211,4635795,836,407472,6351,752594,0.092581,11279,5580095,0.686439,7360,6332689,0.77902,8129050
3,2021-09-08,18127,11530090,12745,6481441,4660,4640455,722,408194,6503,751010,0.092386,8933,5589028,0.687538,7349,6340038,0.779924,8129050
3,2021-09-09,17939,11548029,12182,6493623,5033,4645488,724,408918,6339,749391,0.092187,8809,5597837,0.688621,7190,6347228,0.780808,8129050
3,2021-09-10,21920,11569949,15189,6508812,5916,4651404,815,409733,7447,746243,0.0918,11628,5609465,0.690052,8480,6355708,0.781851,8129050
3,2021-09-11,12580,11582529,9087,6517899,3121,4654525,372,410105,4457,744300,0.091561,6854,5616319,0.690895,4911,6360619,0.782455,8129050
3,2021-09-12,7297,11589826,5224,6523123,1966,4656491,107,410212,2780,743510,0.091463,3744,5620063,0.691355,2954,6363573,0.782819,8129050
3,2021-09-13,8745,11598571,5677,6528800,2472,4658963,596,410808,2741,742226,0.091305,4659,5624722,0.691929,3375,6366948,0.783234,8129050
4,2020-12-15,475,475,475,475,0,0,0,0,475,475,5.9e-05,0,0,0.0,475,475,5.9e-05,8037679
4,2020-12-16,3137,3612,3137,3612,0,0,0,0,3137,3612,0.000449,0,0,0.0,3137,3612,0.000449,8037679
4,2020-12-17,9196,12808,9196,12808,0,0,0,0,9197,12809,0.001594,0,0,0.0,9197,12809,0.001594,8037679
4,2020-12-18,16504,29312,16490,29298,14,14,0,0,16503,29312,0.003647,0,0,0.0,16503,29312,0.003647,8037679
4,2020-12-19,10506,39818,10495,39793,11,25,0,0,10448,39760,0.004947,0,0,0.0,10448,39760,0.004947,8037679
4,2020-12-20,7527,47345,7510,47303,17,42,0,0,7483,47243,0.005878,0,0,0.0,7483,47243,0.005878,8037679
4,2020-12-21,16590,63935,16554,63857,36,78,0,0,16523,63764,0.007933,2,2,0.0,16523,63766,0.007933,8037679
4,2020-12-22,17405,81340,16621,80478,784,862,0,0,17362,81122,0.010093,4,6,1e-06,17362,81128,0.010093,8037679
4,2020-12-23,17363,98703,14519,94997,2844,3706,0,0,17336,98456,0.012249,2,8,1e-06,17336,98464,0.01225,8037679
4,2020-12-24,8707,107410,6020,101017,2687,6393,0,0,8705,107160,0.013332,1,9,1e-06,8705,107169,0.013333,8037679
4,2020-12-25,918,108328,813,101830,105,6498,0,0,917,108076,0.013446,1,10,1e-06,917,108086,0.013447,8037679
4,2020-12-26,6318,114646,3954,105784,2364,8862,0,0,6316,114390,0.014232,2,12,1e-06,6316,114402,0.014233,8037679
4,2020-12-27,3502,118148,2017,107801,1485,10347,0,0,3502,117892,0.014667,0,12,1e-06,3502,117904,0.014669,8037679
4,2020-12-28,15420,133568,9499,117300,5921,16268,0,0,15390,133276,0.016581,6,18,2e-06,15390,133294,0.016584,8037679
4,2020-12-29,16083,149651,9026,126326,7057,23325,0,0,16050,149325,0.018578,1,19,2e-06,16050,149344,0.01858,8037679
4,2020-12-30,19631,169282,11473,137799,8158,31483,0,0,19622,168945,0.021019,2,21,3e-06,19622,168966,0.021022,8037679
4,2020-12-31,8467,177749,3426,141225,5041,36524,0,0,8453,177388,0.02207,10,31,4e-06,8453,177419,0.022073,8037679
4,2021-01-01,1927,179676,881,142106,1046,37570,0,0,1920,179305,0.022308,3,34,4e-06,1920,179339,0.022312,8037679
4,2021-01-02,5816,185492,3281,145387,2535,40105,0,0,5814,185118,0.023031,1,35,4e-06,5814,185153,0.023036,8037679
4,2021-01-03,2189,187681,1291,146678,898,41003,0,0,2173,187287,0.023301,4,39,5e-06,2173,187326,0.023306,8037679
4,2021-01-04,13207,200888,7117,153795,6090,47093,0,0,13158,200418,0.024935,27,66,8e-06,13158,200484,0.024943,8037679
4,2021-01-05,17223,218111,10198,163993,7025,54118,0,0,14934,213109,0.026514,2262,2328,0.00029,14953,215437,0.026803,8037679
4,2021-01-06,22019,240130,13500,177493,8519,62637,0,0,15741,222640,0.0277,6233,8561,0.001065,15764,231201,0.028765,8037679
4,2021-01-07,28433,268563,17378,194871,11055,73692,0,0,16868,228033,0.028371,11502,20063,0.002496,16895,248096,0.030867,8037679
4,2021-01-08,33439,302002,21487,216358,11952,85644,0,0,18523,231739,0.028832,14849,34912,0.004344,18555,266651,0.033175,8037679
4,2021-01-09,16501,318503,9756,226114,6745,92389,0,0,9580,234424,0.029166,6911,41823,0.005203,9596,276247,0.034369,8037679
4,2021-01-10,8878,327381,5739,231853,3139,95528,0,0,4211,233996,0.029112,4648,46471,0.005782,4220,280467,0.034894,8037679
4,2021-01-11,34006,361387,22323,254176,11683,107211,0,0,19128,238336,0.029652,14840,61311,0.007628,19180,299647,0.03728,8037679
4,2021-01-12,39079,400466,22557,276733,16522,123733,0,0,24538,248460,0.030912,14465,75776,0.009428,24589,324236,0.04034,8037679
4,2021-01-13,39410,439876,19546,296279,19864,143597,0,0,27839,264811,0.032946,11511,87287,0.01086,27862,352098,0.043806,8037679
4,2021-01-14,39937,479813,15402,311681,24535,168132,0,0,32601,290196,0.036104,7249,94536,0.011762,32634,384732,0.047866,8037679
4,2021-01-15,46080,525893,16146,327827,29934,198066,0,0,40336,324894,0.040421,5664,100200,0.012466,40362,425094,0.052888,8037679
4,2021-01-16,29129,555022,9488,337315,19641,217707,0,0,25922,347660,0.043254,3173,103373,0.012861,25939,451033,0.056115,8037679
4,2021-01-17,19143,574165,6622,343937,12521,230228,0,0,17457,363469,0.045221,1663,105036,0.013068,17472,468505,0.058289,8037679
4,2021-01-18,29850,604015,13869,357806,15981,246209,0,0,23714,381179,0.047424,6042,111078,0.01382,23752,492257,0.061244,8037679
4,2021-01-19,46926,650941,23562,381368,23364,269573,0,0,36998,408388,0.050809,9865,120943,0.015047,37074,529331,0.065856,8037679
4,2021-01-20,53378,704319,28520,409888,24858,294431,0,0,42533,440242,0.054772,10743,131686,0.016384,42597,571928,0.071156,8037679
4,2021-01-21,58666,762985,26328,436216,32338,326769,0,0,51689,485080,0.060351,6906,138592,0.017243,51744,623672,0.077594,8037679
4,2021-01-22,56121,819106,22510,458726,33611,360380,0,0,50734,530563,0.066009,5286,143878,0.0179,50769,674441,0.08391,8037679
4,2021-01-23,40125,859231,17483,476209,22642,383022,0,0,35711,561904,0.069909,4405,148283,0.018448,35746,710187,0.088357,8037679
4,2021-01-24,24344,883575,10599,486808,13745,396767,0,0,22423,582442,0.072464,1908,150191,0.018686,22446,732633,0.09115,8037679
4,2021-01-25,48746,932321,22475,509283,26271,423038,0,0,37317,608429,0.075697,11388,161579,0.020103,37375,770008,0.0958,8037679
4,2021-01-26,57737,990058,29411,538694,28326,451364,0,0,45155,641123,0.079765,12530,174109,0.021662,45224,815232,0.101426,8037679
4,2021-01-27,57160,1047218,27142,565836,30018,481382,0,0,45775,675648,0.08406,11311,185420,0.023069,45836,861068,0.107129,8037679
4,2021-01-28,57866,1105084,26121,591957,31745,513127,0,0,47469,712861,0.08869,10307,195727,0.024351,47520,908588,0.113041,8037679
4,2021-01-29,57614,1162698,27522,619479,30092,543219,0,0,46902,749261,0.093219,10541,206268,0.025663,46941,955529,0.118881,8037679
4,2021-01-30,38861,1201559,17449,636928,21412,564631,0,0,33373,777238,0.096699,5433,211701,0.026339,33410,988939,0.123038,8037679
4,2021-01-31,24598,1226157,12835,649763,11763,576394,0,0,22852,798388,0.099331,1722,213423,0.026553,22872,1011811,0.125883,8037679
4,2021-02-01,50641,1276798,24387,674150,26254,602648,0,0,38682,825225,0.10267,11892,225315,0.028032,38729,1050540,0.130702,8037679
4,2021-02-02,56506,1333304,25951,700101,30555,633203,0,0,43254,855366,0.10642,13168,238483,0.029671,43309,1093849,0.13609,8037679
4,2021-02-03,62983,1396287,30842,730943,32141,665344,0,0,48193,888944,0.110597,14676,253159,0.031497,48254,1142103,0.142094,8037679
4,2021-02-04,68582,1464869,31873,762816,36709,702053,0,0,51468,923576,0.114906,16960,270119,0.033607,51592,1193695,0.148512,8037679
4,2021-02-05,74234,1539103,34295,797111,39939,741992,0,0,51436,952608,0.118518,22552,292671,0.036412,51584,1245279,0.15493,8037679
4,2021-02-06,49347,1588450,26421,823532,22926,764918,0,0,37622,978781,0.121774,11654,304325,0.037862,37827,1283106,0.159636,8037679
4,2021-02-07,26829,1615279,17709,841241,9120,774038,0,0,20224,992682,0.123504,6572,310897,0.03868,20473,1303579,0.162184,8037679
4,2021-02-08,59566,1674845,30546,871787,29020,803058,0,0,38575,1010676,0.125742,20850,331747,0.041274,38844,1342423,0.167016,8037679
4,2021-02-09,68163,1743008,34621,906408,33542,836600,0,0,39802,1022666,0.127234,28263,360010,0.04479,40253,1382676,0.172024,8037679
4,2021-02-10,78561,1821569,39261,945669,39300,875900,0,0,41138,1027185,0.127796,37182,397192,0.049416,41701,1424377,0.177212,8037679
4,2021-02-11,82661,1904230,43056,988725,39605,915505,0,0,41932,1029288,0.128058,40516,437708,0.054457,42619,1466996,0.182515,8037679
4,2021-02-12,85553,1989783,38231,1026956,47322,962827,0,0,43879,1032504,0.128458,41465,479173,0.059616,44681,1511677,0.188074,8037679
4,2021-02-13,59615,2049398,30034,1056990,29581,992408,0,0,30284,1034526,0.12871,29181,508354,0.063246,31203,1542880,0.191956,8037679
4,2021-02-14,37306,2086704,19383,1076373,17923,1010331,0,0,18979,1035928,0.128884,18264,526618,0.065519,19666,1562546,0.194403,8037679
4,2021-02-15,46904,2133608,21998,1098371,24906,1035237,0,0,23926,1038168,0.129163,22884,549502,0.068366,25124,1587670,0.197528,8037679
4,2021-02-16,81517,2215125,37373,1135744,44144,1079381,0,0,41236,1040501,0.129453,40144,589646,0.07336,42477,1630147,0.202813,8037679
4,2021-02-17,82783,2297908,39125,1174869,43658,1123039,0,0,39200,1037483,0.129077,43378,633024,0.078757,40360,1670507,0.207835,8037679
4,2021-02-18,84766,2382674,46556,1221425,38210,1161249,0,0,38926,1032275,0.128429,45621,678645,0.084433,40413,1710920,0.212862,8037679
4,2021-02-19,83962,2466636,52808,1274233,31154,1192403,0,0,41679,1032553,0.128464,42091,720736,0.08967,42369,1753289,0.218134,8037679
4,2021-02-20,50381,2517017,33520,1307753,16861,1209264,0,0,27039,1037074,0.129027,23244,743980,0.092562,27765,1781054,0.221588,8037679
4,2021-02-21,30747,2547764,24366,1332119,6381,1215645,0,0,14655,1036065,0.128901,15990,759970,0.094551,14981,1796035,0.223452,8037679
4,2021-02-22,56239,2604003,38580,1370699,17659,1233304,0,0,26974,1034446,0.1287,29078,789048,0.098169,27459,1823494,0.226868,8037679
4,2021-02-23,77939,2681942,43192,1413891,34747,1268051,0,0,34053,1026547,0.127717,43652,832700,0.1036,35753,1859247,0.231316,8037679
4,2021-02-24,93056,2774998,49150,1463041,43906,1311957,0,0,41671,1019304,0.126816,51099,883799,0.109957,43856,1903103,0.236773,8037679
4,2021-02-25,104914,2879912,54915,1517956,49999,1361956,0,0,49700,1016721,0.126494,54964,938763,0.116795,52381,1955484,0.24329,8037679
4,2021-02-26,110927,2990839,56010,1573966,54917,1416873,0,0,56271,1021036,0.127031,54323,993086,0.123554,58638,2014122,0.250585,8037679
4,2021-02-27,80915,3071754,43996,1617962,36905,1453778,14,14,42677,1027236,0.127803,38004,1031090,0.128282,44204,2058326,0.256085,8037679
4,2021-02-28,50064,3121818,30886,1648848,19171,1472949,7,21,27162,1032641,0.128475,22679,1053769,0.131104,28084,2086410,0.259579,8037679
4,2021-03-01,81942,3203760,47922,1696770,33956,1506905,64,85,45075,1042554,0.129708,36486,1090255,0.135643,46399,2132809,0.265351,8037679
4,2021-03-02,91134,3294894,52170,1748940,38950,1545855,14,99,53094,1059685,0.13184,37821,1128076,0.140348,54952,2187761,0.272188,8037679
4,2021-03-03,104967,3399861,55718,1804658,49227,1595082,22,121,58274,1073344,0.133539,46446,1174522,0.146127,60105,2247866,0.279666,8037679
4,2021-03-04,103291,3503152,57493,1862151,45778,1640860,20,141,56129,1084402,0.134915,46896,1221418,0.151962,57954,2305820,0.286876,8037679
4,2021-03-05,99549,3602701,53695,1915846,45522,1686382,332,473,58095,1103611,0.137305,41191,1262609,0.157086,60400,2366220,0.294391,8037679
4,2021-03-06,78144,3680845,43985,1959831,31502,1717884,2657,3130,47649,1124864,0.139949,30345,1292954,0.160862,51598,2417818,0.30081,8037679
4,2021-03-07,45681,3726526,27894,1987725,15534,1733418,2253,5383,26684,1135931,0.141326,18902,1311856,0.163213,29969,2447787,0.304539,8037679
4,2021-03-08,69342,3795868,36140,2023865,29766,1763184,3436,8819,45374,1162176,0.144591,23819,1335675,0.166177,50064,2497851,0.310768,8037679
4,2021-03-09,83351,3879219,42083,2065948,35944,1799128,5324,14143,44839,1175014,0.146188,38302,1373977,0.170942,51140,2548991,0.31713,8037679
4,2021-03-10,93287,3972506,48049,2113997,37633,1836761,7605,21748,46803,1183977,0.147303,46254,1420231,0.176697,55217,2604208,0.324,8037679
4,2021-03-11,102237,4074743,53565,2167562,40088,1876849,8584,30332,47090,1185678,0.147515,54852,1475083,0.183521,56553,2660761,0.331036,8037679
4,2021-03-12,106181,4180924,52196,2219758,43510,1920359,10475,40807,45355,1181642,0.147013,60509,1535592,0.191049,56473,2717234,0.338062,8037679
4,2021-03-13,82631,4263555,38257,2258015,35783,1956142,8591,49398,38877,1186410,0.147606,43599,1579191,0.196474,48367,2765601,0.34408,8037679
4,2021-03-14,50350,4313905,28665,2286680,18019,1974161,3666,53064,23503,1187372,0.147726,26735,1605926,0.1998,27697,2793298,0.347525,8037679
4,2021-03-15,84730,4398635,45561,2332241,34827,2008988,4342,57406,42876,1193769,0.148522,41541,1647467,0.204968,47938,2841236,0.35349,8037679
4,2021-03-16,109109,4507744,56814,2389055,48841,2057829,3454,60860,57223,1203453,0.149726,51596,1699063,0.211387,61280,2902516,0.361114,8037679
4,2021-03-17,108689,4616433,58461,2447516,46685,2104514,3543,64403,63358,1225774,0.152503,45030,1744093,0.21699,67351,2969867,0.369493,8037679
4,2021-03-18,108501,4724934,60150,2507666,44594,2149108,3757,68160,61130,1243924,0.154762,47073,1791166,0.222846,65223,3035090,0.377608,8037679
4,2021-03-19,112871,4837805,64936,2572602,42665,2191773,5270,73430,63784,1264494,0.157321,48773,1839939,0.228914,69343,3104433,0.386235,8037679
4,2021-03-20,85227,4923032,49898,2622500,32262,2224035,3067,76497,51895,1286568,0.160067,33127,1873066,0.233036,55201,3159634,0.393103,8037679
4,2021-03-21,48736,4971768,35322,2657822,11155,2235190,2259,78756,28396,1297351,0.161409,20186,1893252,0.235547,30969,3190603,0.396956,8037679
4,2021-03-22,83600,5055368,54515,2712337,26308,2261498,2777,81533,51498,1320472,0.164285,31818,1925070,0.239506,54939,3245542,0.403791,8037679
4,2021-03-23,106386,5161754,63708,2776045,40485,2301983,2193,83726,62162,1341426,0.166892,43914,1968984,0.244969,64868,3310410,0.411861,8037679
4,2021-03-24,115189,5276943,74273,2850318,38443,2340426,2473,86199,63939,1357458,0.168887,50772,2019756,0.251286,66804,3377214,0.420173,8037679
4,2021-03-25,118966,5395909,73178,2923496,43303,2383729,2485,88684,66505,1374964,0.171065,51942,2071698,0.257748,69448,3446662,0.428813,8037679
4,2021-03-26,121674,5517583,73780,2997276,44797,2428526,3097,91781,65336,1388036,0.172691,55915,2127613,0.264705,68987,3515649,0.437396,8037679
4,2021-03-27,93329,5610912,54990,3052266,36505,2465031,1834,93615,46942,1391148,0.173078,46113,2173726,0.270442,49225,3564874,0.44352,8037679
4,2021-03-28,56548,5667460,37367,3089633,18291,2483322,890,94505,29682,1395424,0.17361,26663,2200389,0.273759,30939,3595813,0.44737,8037679
4,2021-03-29,95262,5762722,57011,3146644,36134,2519456,2117,96622,50803,1404728,0.174768,44157,2244546,0.279253,53461,3649274,0.454021,8037679
4,2021-03-30,118943,5881665,64928,3211572,49782,2569238,4233,100855,69694,1430067,0.17792,48953,2293499,0.285343,74292,3723566,0.463264,8037679
4,2021-03-31,122695,6004360,72405,3283977,43920,2613158,6370,107225,68185,1450661,0.180483,54112,2347611,0.292076,74706,3798272,0.472558,8037679
4,2021-04-01,144487,6148847,82287,3366264,48732,2661890,13468,120693,84512,1488943,0.185245,59392,2407003,0.299465,97674,3895946,0.48471,8037679
4,2021-04-02,138236,6287083,73849,3440113,50667,2712557,13720,134413,79277,1523257,0.189515,58618,2465621,0.306758,92932,3988878,0.496272,8037679
4,2021-04-03,102058,6389141,54539,3494652,33963,2746520,13556,147969,53119,1541108,0.191735,48705,2514326,0.312817,66556,4055434,0.504553,8037679
4,2021-04-04,47265,6436406,24973,3519625,14725,2761245,7567,155536,20515,1542326,0.191887,26616,2540942,0.316129,27834,4083268,0.508016,8037679
4,2021-04-05,111090,6547496,62304,3581929,35776,2797021,13010,168546,57391,1559598,0.194036,53430,2594372,0.322776,70702,4153970,0.516812,8037679
4,2021-04-06,140408,6687904,78984,3660913,41420,2838441,20004,188550,72559,1584899,0.197184,67576,2661948,0.331184,92877,4246847,0.528367,8037679
4,2021-04-07,139202,6827106,78887,3739800,39379,2877820,20936,209486,71831,1610592,0.20038,67076,2729024,0.339529,92769,4339616,0.539909,8037679
4,2021-04-08,141681,6968787,78906,3818706,37041,2914861,25734,235220,70549,1636230,0.20357,70785,2799809,0.348336,96423,4436039,0.551905,8037679
4,2021-04-09,139165,7107952,76253,3894959,39651,2954512,23261,258481,66339,1653966,0.205777,72528,2872337,0.357359,90264,4526303,0.563136,8037679
4,2021-04-10,104813,7212765,51682,3946641,34052,2988564,19079,277560,47287,1663825,0.207003,57283,2929620,0.364486,67142,4593445,0.571489,8037679
4,2021-04-11,63219,7275984,38394,3985035,13533,3002097,11292,288852,27647,1668225,0.207551,35437,2965057,0.368895,39837,4633282,0.576445,8037679
4,2021-04-12,103935,7379919,63093,4048128,30486,3032583,10356,299208,52237,1680595,0.20909,51348,3016405,0.375283,63718,4697000,0.584373,8037679
4,2021-04-13,131581,7511500,82532,4130660,48882,3081465,167,299375,78387,1707178,0.212397,52850,3069255,0.381858,79433,4776433,0.594255,8037679
4,2021-04-14,137132,7648632,87482,4218142,49568,3131033,82,299457,75639,1723035,0.21437,61113,3130368,0.389462,76970,4853403,0.603831,8037679
4,2021-04-15,157411,7806043,104598,4322740,52730,3183763,83,299540,96013,1758989,0.218843,60963,3191331,0.397046,96917,4950320,0.615889,8037679
4,2021-04-16,144613,7950656,91632,4414372,52895,3236658,86,299626,83613,1782796,0.221805,60632,3251963,0.40459,84439,5034759,0.626395,8037679
4,2021-04-17,102160,8052816,64165,4478537,37967,3274625,28,299654,59597,1801357,0.224114,42247,3294210,0.409846,60808,5095567,0.63396,8037679
4,2021-04-18,57632,8110448,39059,4517596,18568,3293193,5,299659,32282,1809423,0.225118,25191,3319401,0.41298,33257,5128824,0.638098,8037679
4,2021-04-19,101799,8212247,67030,4584626,34747,3327940,22,299681,51362,1811260,0.225346,50155,3369556,0.41922,51992,5180816,0.644566,8037679
4,2021-04-20,132171,8344418,78694,4663320,53452,3381392,25,299706,68235,1817061,0.226068,63561,3433117,0.427128,69362,5250178,0.653196,8037679
4,2021-04-21,135515,8479933,88433,4751753,47015,3428407,67,299773,67889,1818987,0.226307,67169,3500286,0.435485,69095,5319273,0.661792,8037679
4,2021-04-22,142600,8622533,94646,4846399,47929,3476336,25,299798,63411,1804833,0.224547,78740,3579026,0.445281,64586,5383859,0.669828,8037679
4,2021-04-23,135969,8758502,88496,4934895,47447,3523783,26,299824,58679,1787872,0.222436,76890,3655916,0.454847,59929,5443788,0.677284,8037679
4,2021-04-24,99533,8858035,67167,5002062,32311,3556094,55,299879,45619,1781064,0.221589,53580,3709496,0.461513,46772,5490560,0.683103,8037679
4,2021-04-25,50693,8908728,35741,5037803,14925,3571019,27,299906,26375,1783782,0.221927,24157,3733653,0.464519,26875,5517435,0.686446,8037679
4,2021-04-26,92756,9001484,60844,5098647,31498,3602517,414,300320,36270,1765677,0.219675,56143,3789796,0.471504,38038,5555473,0.691179,8037679
4,2021-04-27,114596,9116080,70067,5168714,42198,3644715,2331,302651,41082,1736742,0.216075,73169,3862965,0.480607,44234,5599707,0.696682,8037679
4,2021-04-28,105349,9221429,68807,5237521,33985,3678700,2557,305208,38321,1711664,0.212955,66656,3929621,0.4889,41578,5641285,0.701855,8037679
4,2021-04-29,106899,9328328,68243,5305764,36107,3714807,2549,307757,34287,1676887,0.208628,72226,4001847,0.497886,37449,5678734,0.706514,8037679
4,2021-04-30,106620,9434948,67439,5373203,36448,3751255,2733,310490,36439,1646993,0.204909,69740,4071587,0.506563,39846,5718580,0.711472,8037679
4,2021-05-01,70427,9505375,46671,5419874,21960,3773215,1796,312286,20485,1620316,0.20159,49604,4121191,0.512734,22927,5741507,0.714324,8037679
4,2021-05-02,37931,9543306,26918,5446792,9707,3782922,1306,313592,10550,1605072,0.199693,27240,4148431,0.516123,11996,5753503,0.715816,8037679
4,2021-05-03,79817,9623123,55650,5502442,21655,3804577,2512,316104,19200,1566829,0.194936,60320,4208751,0.523628,22077,5775580,0.718563,8037679
4,2021-05-04,102034,9725157,69820,5572262,29419,3833996,2795,318899,22660,1513646,0.188319,79032,4287783,0.53346,25849,5801429,0.721779,8037679
4,2021-05-05,102875,9828032,72521,5644783,27590,3861586,2764,321663,21787,1457785,0.181369,80718,4368501,0.543503,24857,5826286,0.724872,8037679
4,2021-05-06,112672,9940704,84409,5729192,25298,3886884,2965,324628,19539,1388810,0.172787,92610,4461111,0.555025,23635,5849921,0.727812,8037679
4,2021-05-07,105562,10046266,75876,5805068,26995,3913879,2691,327319,20612,1327996,0.165221,84535,4545646,0.565542,23721,5873642,0.730763,8037679
4,2021-05-08,70284,10116550,48467,5853535,19874,3933753,1943,329262,13792,1287849,0.160226,56231,4601877,0.572538,16084,5889726,0.732765,8037679
4,2021-05-09,34595,10151145,28292,5881827,5350,3939103,953,330215,7338,1269097,0.157893,27139,4629016,0.575915,8387,5898113,0.733808,8037679
4,2021-05-10,65574,10216719,43882,5925709,19348,3958451,2344,332559,11041,1228489,0.152841,54289,4683305,0.582669,13681,5911794,0.73551,8037679
4,2021-05-11,83828,10300547,52478,5978187,29144,3987595,2206,334765,15799,1179286,0.14672,67757,4751062,0.591099,18554,5930348,0.737818,8037679
4,2021-05-12,80283,10380830,53377,6031564,24423,4012018,2483,337248,16617,1135497,0.141272,63342,4814404,0.598979,19553,5949901,0.740251,8037679
4,2021-05-13,105365,10486195,77485,6109049,26329,4038347,1551,338799,40686,1114482,0.138657,64313,4878717,0.606981,43298,5993199,0.745638,8037679
4,2021-05-14,105665,10591860,74515,6183564,29008,4067355,2142,340941,40559,1092962,0.13598,64757,4943474,0.615038,43237,6036436,0.751017,8037679
4,2021-05-15,86249,10678109,66634,6250198,18273,4085628,1342,342283,37963,1084563,0.134935,48017,4991491,0.621011,39618,6076054,0.755946,8037679
4,2021-05-16,51954,10730063,41830,6292028,9404,4095032,720,343003,21272,1076186,0.133893,30514,5022005,0.624808,22137,6098191,0.7587,8037679
4,2021-05-17,71603,10801666,52307,6344335,17447,4112479,1849,344852,28211,1063332,0.132293,43159,5065164,0.630177,30305,6128496,0.762471,8037679
4,2021-05-18,82303,10883969,53514,6397849,27027,4139506,1762,346614,29348,1042253,0.129671,52569,5117733,0.636718,31490,6159986,0.766389,8037679
4,2021-05-19,77481,10961450,52367,6450216,23132,4162638,1982,348596,31064,1029497,0.128084,46082,5163815,0.642451,33326,6193312,0.770535,8037679
4,2021-05-20,69540,11030990,44714,6494930,22814,4185452,2012,350608,25717,1014064,0.126164,43510,5207325,0.647864,28077,6221389,0.774028,8037679
4,2021-05-21,74261,11105251,48938,6543868,23429,4208881,1894,352502,26111,994523,0.123733,47811,5255136,0.653813,28270,6249659,0.777545,8037679
4,2021-05-22,50269,11155520,35263,6579131,13730,4222611,1276,353778,21767,989495,0.123107,28311,5283447,0.657335,23283,6272942,0.780442,8037679
4,2021-05-23,24034,11179554,17137,6596268,6171,4228782,726,354504,9731,985891,0.122659,14172,5297619,0.659098,10568,6283510,0.781757,8037679
4,2021-05-24,43396,11222950,27584,6623852,12791,4241573,3021,357525,15166,976287,0.121464,27988,5325607,0.66258,18384,6301894,0.784044,8037679
4,2021-05-25,45321,11268271,28185,6652037,14293,4255866,2843,360368,16025,966351,0.120228,29027,5354634,0.666192,19091,6320985,0.786419,8037679
4,2021-05-26,45002,11313273,26972,6679009,15412,4271278,2618,362986,15964,956319,0.118979,28791,5383425,0.669774,18759,6339744,0.788753,8037679
4,2021-05-27,39224,11352497,23522,6702531,12550,4283828,3152,366138,14716,950066,0.118202,24288,5407713,0.672795,18035,6357779,0.790997,8037679
4,2021-05-28,43739,11396236,27826,6730357,14291,4298119,1622,367760,18966,946396,0.117745,24476,5432189,0.675841,20806,6378585,0.793585,8037679
4,2021-05-29,23870,11420106,15488,6745845,7447,4305566,935,368695,10867,945497,0.117633,12840,5445029,0.677438,11941,6390526,0.795071,8037679
4,2021-05-30,12120,11432226,8510,6754355,3079,4308645,531,369226,5006,944070,0.117456,7032,5452061,0.678313,5605,6396131,0.795768,8037679
4,2021-05-31,3662,11435888,2335,6756690,1163,4309808,164,369390,1168,942996,0.117322,2429,5454490,0.678615,1355,6397486,0.795937,8037679
4,2021-06-01,39794,11475682,24725,6781415,12606,4322414,2463,371853,13082,932309,0.115992,26448,5480938,0.681906,15761,6413247,0.797898,8037679
4,2021-06-02,32946,11508628,20577,6801992,9546,4331960,2823,374676,10982,924495,0.11502,21766,5502704,0.684614,13952,6427199,0.799634,8037679
4,2021-06-03,48626,11557254,37320,6839312,8827,4340787,2479,377155,10468,899791,0.111947,37964,5540668,0.689337,13260,6440459,0.801283,8037679
4,2021-06-04,55420,11612674,44628,6883940,9456,4350243,1336,378491,12896,872572,0.10856,42266,5582934,0.694595,15047,6455506,0.803155,8037679
4,2021-06-05,45183,11657857,38701,6922641,5481,4355724,1001,379492,8804,846468,0.105312,36211,5619145,0.6991,10107,6465613,0.804413,8037679
4,2021-06-06,21323,11679180,19026,6941667,1729,4357453,568,380060,3917,834061,0.103769,17292,5636437,0.701252,4885,6470498,0.805021,8037679
4,2021-06-07,39020,11718200,31560,6973227,5503,4362956,1957,382017,8513,814465,0.101331,30359,5666796,0.705029,10763,6481261,0.80636,8037679
4,2021-06-08,40792,11758992,31998,7005225,6240,4369196,2554,384571,9452,795672,0.098993,31139,5697935,0.708903,12346,6493607,0.807896,8037679
4,2021-06-09,39128,11798120,31019,7036244,5736,4374932,2373,386944,7917,775295,0.096458,31025,5728960,0.712763,10648,6504255,0.809221,8037679
4,2021-06-10,37374,11835494,29434,7065678,5313,4380245,2627,389571,8443,757869,0.09429,28758,5757718,0.716341,11332,6515587,0.81063,8037679
4,2021-06-11,38624,11874118,30300,7095978,6303,4386548,2021,391592,9955,741711,0.092279,28486,5786204,0.719885,12328,6527915,0.812164,8037679
4,2021-06-12,26873,11900991,22333,7118311,3785,4390333,755,392347,6119,728166,0.090594,20638,5806842,0.722453,7093,6535008,0.813047,8037679
4,2021-06-13,10901,11911892,8615,7126926,1807,4392140,479,392826,2281,722486,0.089887,8550,5815392,0.723516,2870,6537878,0.813404,8037679
4,2021-06-14,28818,11940710,21563,7148489,4445,4396585,2810,395636,7844,712534,0.088649,20824,5836216,0.726107,10872,6548750,0.814756,8037679
4,2021-06-15,30236,11970946,21404,7169893,5420,4402005,3412,399048,8361,702869,0.087447,21691,5857907,0.728806,12026,6560776,0.816253,8037679
4,2021-06-16,26862,11997808,20263,7190156,3970,4405975,2629,401677,8112,695269,0.086501,18552,5876459,0.731114,10952,6571728,0.817615,8037679
4,2021-06-17,25289,12023097,18677,7208833,3710,4409685,2902,404579,7670,688614,0.085673,17418,5893877,0.733281,10763,6582491,0.818954,8037679
4,2021-06-18,26831,12049928,21147,7229980,4446,4414131,1238,405817,8232,679944,0.084595,18388,5912265,0.735569,9718,6592209,0.820163,8037679
4,2021-06-19,15818,12065746,12796,7242776,2312,4416443,710,406527,5066,675284,0.084015,10603,5922868,0.736888,5943,6598152,0.820903,8037679
4,2021-06-20,7380,12073126,6077,7248853,998,4417441,305,406832,2620,673599,0.083805,4696,5927564,0.737472,3011,6601163,0.821277,8037679
4,2021-06-21,14625,12087751,10566,7259419,2910,4420351,1149,407981,7334,675044,0.083985,7196,5934760,0.738367,8641,6609804,0.822352,8037679
4,2021-06-22,20550,12108301,16006,7275425,3463,4423814,1081,409062,7094,670054,0.083364,13317,5948077,0.740024,8327,6618131,0.823388,8037679
4,2021-06-23,18501,12126802,14513,7289938,2985,4426799,1003,410065,6722,666273,0.082894,11632,5959709,0.741471,7851,6625982,0.824365,8037679
4,2021-06-24,17684,12144486,13680,7303618,3015,4429814,989,411054,6569,663022,0.082489,10947,5970656,0.742833,7696,6633678,0.825323,8037679
4,2021-06-25,21710,12166196,17059,7320677,3598,4433412,1053,412107,7833,658351,0.081908,13728,5984384,0.744541,9057,6642735,0.826449,8037679
4,2021-06-26,13155,12179351,10714,7331391,1822,4435234,619,412726,4841,655734,0.081583,8188,5992572,0.74556,5571,6648306,0.827143,8037679
4,2021-06-27,6917,12186268,5607,7336998,967,4436201,343,413069,2907,655068,0.0815,3970,5996542,0.746054,3304,6651610,0.827554,8037679
4,2021-06-28,15220,12201488,12775,7349773,1584,4437785,861,413930,6100,653143,0.08126,9016,6005558,0.747176,7091,6658701,0.828436,8037679
4,2021-06-29,16604,12218092,12887,7362660,2901,4440686,816,414746,6420,650447,0.080925,10053,6015611,0.748426,7357,6666058,0.829351,8037679
4,2021-06-30,14732,12232824,11489,7374149,2504,4443190,739,415485,6122,648960,0.08074,8468,6024079,0.74948,6981,6673039,0.83022,8037679
4,2021-07-01,14697,12247521,11573,7385722,2371,4445561,753,416238,6039,647372,0.080542,8517,6032596,0.75054,6929,6679968,0.831082,8037679
4,2021-07-02,17032,12264553,13500,7399222,2754,4448315,778,417016,6974,645306,0.080285,9947,6042543,0.751777,7881,6687849,0.832062,8037679
4,2021-07-03,9302,12273855,7390,7406612,1497,4449812,415,417431,4010,644584,0.080195,5205,6047748,0.752425,4483,6692332,0.83262,8037679
4,2021-07-04,449,12274304,281,7406893,107,4449919,61,417492,199,644612,0.080199,243,6047991,0.752455,271,6692603,0.832654,8037679
4,2021-07-05,9284,12283588,7544,7414437,1323,4451242,417,417909,4217,644314,0.080162,4982,6052973,0.753075,4684,6697287,0.833236,8037679
4,2021-07-06,16660,12300248,13130,7427567,2719,4453961,811,418720,6142,640995,0.079749,10382,6063355,0.754366,7063,6704350,0.834115,8037679
4,2021-07-07,13835,12314083,10794,7438361,2254,4456215,787,419507,5197,638580,0.079448,8519,6071874,0.755426,6104,6710454,0.834875,8037679
4,2021-07-08,13333,12327416,10399,7448760,2087,4458302,847,420354,5237,636788,0.079225,7964,6079838,0.756417,6172,6716626,0.835642,8037679
4,2021-07-09,15555,12342971,11928,7460688,2689,4460991,938,421292,6319,635084,0.079013,9081,6088919,0.757547,7377,6724003,0.83656,8037679
4,2021-07-10,8935,12351906,7073,7467761,1458,4462449,404,421696,3765,634230,0.078907,5082,6094001,0.758179,4228,6728231,0.837086,8037679
4,2021-07-11,4995,12356901,3995,7471756,800,4463249,200,421896,2237,633983,0.078876,2714,6096715,0.758517,2467,6730698,0.837393,8037679
4,2021-07-12,13135,12370036,10400,7482156,2004,4465253,731,422627,5095,631956,0.078624,7954,6104669,0.759506,5927,6736625,0.838131,8037679
4,2021-07-13,12912,12382948,9881,7492037,2385,4467638,646,423273,5493,630879,0.07849,7312,6111981,0.760416,6235,6742860,0.838906,8037679
4,2021-07-14,11836,12394784,9311,7501348,1965,4469603,560,423833,5133,630032,0.078385,6608,6118589,0.761238,5761,6748621,0.839623,8037679
4,2021-07-15,12540,12407324,9952,7511300,1991,4471594,597,424430,5711,629717,0.078346,6699,6125288,0.762072,6384,6755005,0.840417,8037679
4,2021-07-16,15095,12422419,11768,7523068,2655,4474249,672,425102,6959,629426,0.078309,8030,6133318,0.763071,7739,6762744,0.84138,8037679
4,2021-07-17,9408,12431827,7441,7530509,1641,4475890,326,425428,4443,629375,0.078303,4865,6138183,0.763676,4814,6767558,0.841979,8037679
4,2021-07-18,5394,12437221,4346,7534855,848,4476738,200,425628,2543,629346,0.078299,2793,6140976,0.764024,2764,6770322,0.842323,8037679
4,2021-07-19,12875,12450096,10204,7545059,2011,4478749,660,426288,6114,629533,0.078323,6663,6147639,0.764853,6850,6777172,0.843175,8037679
4,2021-07-20,13943,12464039,10741,7555800,2533,4481282,669,426957,6895,630278,0.078415,6901,6154540,0.765711,7646,6784818,0.844127,8037679
4,2021-07-21,12922,12476961,10019,7565819,2248,4483530,655,427612,6431,631071,0.078514,6349,6160889,0.766501,7142,6791960,0.845015,8037679
4,2021-07-22,13619,12490580,10637,7576456,2316,4485846,666,428278,7083,632493,0.078691,6391,6167280,0.767296,7813,6799773,0.845987,8037679
4,2021-07-23,15863,12506443,12225,7588681,2930,4488776,708,428986,8297,634195,0.078903,7390,6174670,0.768216,9092,6808865,0.847118,8037679
4,2021-07-24,9661,12516104,7558,7596239,1769,4490545,334,429320,4961,634982,0.079001,4558,6179228,0.768783,5345,6814210,0.847783,8037679
4,2021-07-25,4816,12520920,3784,7600023,873,4491418,159,429479,3390,637179,0.079274,1367,6180595,0.768953,3564,6817774,0.848227,8037679
4,2021-07-26,13137,12534057,10284,7610307,2162,4493580,691,430170,7634,640213,0.079651,5344,6185939,0.769618,8378,6826152,0.849269,8037679
4,2021-07-27,14514,12548571,11128,7621435,2619,4496199,767,430937,7843,642356,0.079918,6508,6192447,0.770427,8651,6834803,0.850345,8037679
4,2021-07-28,13326,12561897,10160,7631595,2461,4498660,705,431642,7383,644743,0.080215,5760,6198207,0.771144,8147,6842950,0.851359,8037679
4,2021-07-29,13629,12575526,10586,7642181,2318,4500978,725,432367,7647,647447,0.080551,5745,6203952,0.771859,8449,6851399,0.85241,8037679
4,2021-07-30,15914,12591440,12164,7654345,2939,4503917,811,433178,8633,650092,0.080881,6901,6210853,0.772717,9546,6860945,0.853598,8037679
4,2021-07-31,9801,12601241,7645,7661990,1729,4505646,427,433605,5526,652017,0.08112,4069,6214922,0.773223,5994,6866939,0.854344,8037679
4,2021-08-01,5487,12606728,4522,7666512,793,4506439,172,433777,3236,653328,0.081283,2132,6217054,0.773489,3443,6870382,0.854772,8037679
4,2021-08-02,14194,12620922,11327,7677839,2117,4508556,750,434527,8296,656751,0.081709,5689,6222743,0.774197,9112,6879494,0.855906,8037679
4,2021-08-03,14774,12635696,11344,7689183,2660,4511216,770,435297,8490,660030,0.082117,6057,6228800,0.77495,9336,6888830,0.857067,8037679
4,2021-08-04,13431,12649127,10463,7699646,2273,4513489,695,435992,7581,662719,0.082452,5628,6234428,0.77565,8317,6897147,0.858102,8037679
4,2021-08-05,14432,12663559,11390,7711036,2268,4515757,774,436766,8092,665553,0.082804,6081,6240509,0.776407,8915,6906062,0.859211,8037679
4,2021-08-06,17355,12680914,13311,7724347,3164,4518921,880,437646,9659,668798,0.083208,7360,6247869,0.777323,10605,6916667,0.86053,8037679
4,2021-08-07,10264,12691178,8170,7732517,1652,4520573,442,438088,5602,670403,0.083408,4480,6252349,0.77788,6085,6922752,0.861287,8037679
4,2021-08-08,6259,12697437,4974,7737491,1081,4521654,204,438292,3601,671719,0.083571,2519,6254868,0.778193,3835,6926587,0.861765,8037679
4,2021-08-09,14800,12712237,11986,7749477,2061,4523715,753,439045,7934,673854,0.083837,6626,6261494,0.779018,8761,6935348,0.862855,8037679
4,2021-08-10,15036,12727273,11568,7761045,2693,4526408,775,439820,7947,675804,0.084079,6839,6268333,0.779869,8789,6944137,0.863948,8037679
4,2021-08-11,12754,12740027,9773,7770818,2200,4528608,781,440601,6662,677449,0.084284,5828,6274161,0.780594,7473,6951610,0.864878,8037679
4,2021-08-12,14254,12754281,10842,7781660,2644,4531252,768,441369,7328,679029,0.084481,6561,6280722,0.78141,8141,6959751,0.865891,8037679
4,2021-08-13,18038,12772319,13353,7795013,3773,4535025,912,442281,8905,680468,0.08466,8450,6289172,0.782461,9889,6969640,0.867121,8037679
4,2021-08-14,12387,12784706,8829,7803842,3028,4538053,530,442811,5664,681704,0.084814,5017,6294189,0.783085,6253,6975893,0.867899,8037679
4,2021-08-15,7580,12792286,5547,7809389,1810,4539863,223,443034,3375,682419,0.084902,2928,6297117,0.78345,3643,6979536,0.868352,8037679
4,2021-08-16,18303,12810589,12675,7822064,4743,4544606,885,443919,7570,683408,0.085026,7543,6304660,0.784388,8532,6988068,0.869414,8037679
4,2021-08-17,18600,12829189,12651,7834715,5082,4549688,867,444786,7367,684177,0.085121,7545,6312205,0.785327,8314,6996382,0.870448,8037679
4,2021-08-18,18248,12847437,12289,7847004,5160,4554848,799,445585,6953,684957,0.085218,7053,6319258,0.786204,7833,7004215,0.871423,8037679
4,2021-08-19,18636,12866073,12423,7859427,5413,4560261,800,446385,6894,685819,0.085326,6913,6326171,0.787064,7775,7011990,0.87239,8037679
4,2021-08-20,23495,12889568,15880,7875307,6762,4567023,853,447238,8396,685935,0.08534,9248,6335419,0.788215,9364,7021354,0.873555,8037679
4,2021-08-21,14749,12904317,10303,7885610,4039,4571062,407,447645,4967,685551,0.085292,5821,6341240,0.788939,5437,7026791,0.874231,8037679
4,2021-08-22,8738,12913055,6168,7891778,2408,4573470,162,447807,3431,685990,0.085347,3203,6344443,0.789338,3642,7030433,0.874684,8037679
4,2021-08-23,20586,12933641,14502,7906280,5374,4578844,710,448517,7498,686352,0.085392,8040,6352483,0.790338,8402,7038835,0.87573,8037679
4,2021-08-24,19915,12953556,14064,7920344,5173,4584017,678,449195,7017,686318,0.085388,7884,6360367,0.791319,7850,7046685,0.876706,8037679
4,2021-08-25,18377,12971933,12978,7933322,4763,4588780,636,449831,6608,686716,0.085437,7013,6367380,0.792191,7411,7054096,0.877628,8037679
4,2021-08-26,18839,12990772,13274,7946596,4931,4593711,634,450465,6463,686524,0.085413,7416,6374796,0.793114,7224,7061320,0.878527,8037679
4,2021-08-27,23146,13013918,16520,7963116,5942,4599653,684,451149,7687,685388,0.085272,9714,6384510,0.794323,8578,7069898,0.879594,8037679
4,2021-08-28,14295,13028213,10224,7973340,3709,4603362,362,451511,4785,684715,0.085188,5933,6390443,0.795061,5260,7075158,0.880249,8037679
4,2021-08-29,8424,13036637,6013,7979353,2305,4605667,106,451617,2918,684346,0.085142,3466,6393909,0.795492,3097,7078255,0.880634,8037679
4,2021-08-30,18966,13055603,13253,7992606,5075,4610742,638,452255,6088,683438,0.085029,7792,6401701,0.796461,6884,7085139,0.881491,8037679
4,2021-08-31,19029,13074632,12987,8005593,5491,4616233,551,452806,5622,682187,0.084874,7562,6409263,0.797402,6311,7091450,0.882276,8037679
4,2021-09-01,17271,13091903,11869,8017462,4894,4621127,508,453314,5566,682072,0.084859,6317,6415580,0.798188,6202,7097652,0.883047,8037679
4,2021-09-02,17403,13109306,11904,8029366,4978,4626105,521,453835,5304,681505,0.084789,6505,6422085,0.798997,5938,7103590,0.883786,8037679
4,2021-09-03,21400,13130706,14824,8044190,5926,4632031,650,454485,6471,679723,0.084567,9121,6431206,0.800132,7339,7110929,0.884699,8037679
4,2021-09-04,11640,13142346,8425,8052615,2930,4634961,285,454770,3664,678525,0.084418,5244,6436450,0.800785,4046,7114975,0.885203,8037679
4,2021-09-05,7569,13149915,5416,8058031,2059,4637020,94,454864,2671,678322,0.084393,3040,6439490,0.801163,2837,7117812,0.885556,8037679
4,2021-09-06,2711,13152626,1768,8059799,892,4637912,51,454915,1012,678268,0.084386,1132,6440622,0.801304,1078,7118890,0.88569,8037679
4,2021-09-07,17808,13170434,12670,8072469,4625,4642537,513,455428,4910,675462,0.084037,8371,6448993,0.802345,5565,7124455,0.886382,8037679
4,2021-09-08,15328,13185762,10823,8083292,4045,4646582,460,455888,4762,674435,0.083909,6347,6455340,0.803135,5320,7129775,0.887044,8037679
4,2021-09-09,14961,13200723,10197,8093489,4217,4650799,547,456435,4572,673553,0.083799,6118,6461458,0.803896,5236,7135011,0.887695,8037679
4,2021-09-10,18446,13219169,12838,8106327,5019,4655818,589,457024,5524,671490,0.083543,8319,6469777,0.804931,6256,7141267,0.888474,8037679
4,2021-09-11,10530,13229699,7510,8113837,2757,4658575,263,457287,3386,670318,0.083397,4887,6474664,0.805539,3715,7144982,0.888936,8037679
4,2021-09-12,6286,13235985,4568,8118405,1644,4660219,74,457361,2197,669793,0.083332,2826,6477490,0.805891,2301,7147283,0.889222,8037679
4,2021-09-13,7244,13243229,4656,8123061,2226,4662445,362,457723,1944,668830,0.083212,3283,6480773,0.806299,2320,7149603,0.889511,8037679
