vemquartile,administered_date,total_doses,cumulative_total_doses,pfizer_doses,cumulative_pfizer_doses,moderna_doses,cumulative_moderna_doses,jj_doses,cumulative_jj_doses,partially_vaccinated,total_partially_vaccinated,pct_age12pop_partially_vaccinated,fully_vaccinated,cumulative_fully_vaccinated,pct_age12pop_fully_vaccinated,at_least_one_dose,cumulative_at_least_one_dose,pct_age12pop_at_least_one_dose,age12_population
1,2020-12-15,154,154,154,154,0,0,0,0,154,154,1.8e-05,0,0,0.0,154,154,1.8e-05,8700223
1,2020-12-16,1243,1397,1243,1397,0,0,0,0,1242,1396,0.00016,0,0,0.0,1242,1396,0.00016,8700223
1,2020-12-17,4188,5585,4188,5585,0,0,0,0,4190,5586,0.000642,0,0,0.0,4190,5586,0.000642,8700223
1,2020-12-18,6398,11983,6374,11959,24,24,0,0,6402,11987,0.001378,1,1,0.0,6402,11988,0.001378,8700223
1,2020-12-19,2890,14873,2887,14846,3,27,0,0,2889,14875,0.00171,1,2,0.0,2889,14877,0.00171,8700223
1,2020-12-20,2142,17015,2131,16977,11,38,0,0,2143,17018,0.001956,0,2,0.0,2143,17020,0.001956,8700223
1,2020-12-21,7705,24720,7684,24661,21,59,0,0,7754,24772,0.002847,1,3,0.0,7755,24775,0.002848,8700223
1,2020-12-22,7369,32089,7018,31679,351,410,0,0,7369,32139,0.003694,2,5,1e-06,7369,32144,0.003695,8700223
1,2020-12-23,7912,40001,6643,38322,1269,1679,0,0,7909,40047,0.004603,2,7,1e-06,7910,40054,0.004604,8700223
1,2020-12-24,3312,43313,2369,40691,943,2622,0,0,3314,43361,0.004984,0,7,1e-06,3314,43368,0.004985,8700223
1,2020-12-25,241,43554,158,40849,83,2705,0,0,241,43602,0.005012,0,7,1e-06,241,43609,0.005012,8700223
1,2020-12-26,1375,44929,980,41829,395,3100,0,0,1374,44975,0.005169,1,8,1e-06,1374,44983,0.00517,8700223
1,2020-12-27,881,45810,546,42375,335,3435,0,0,881,45855,0.005271,1,9,1e-06,881,45864,0.005272,8700223
1,2020-12-28,7142,52952,4794,47169,2348,5783,0,0,7139,52994,0.006091,0,9,1e-06,7139,53003,0.006092,8700223
1,2020-12-29,9075,62027,5068,52237,4007,9790,0,0,9071,62063,0.007133,2,11,1e-06,9071,62074,0.007135,8700223
1,2020-12-30,11784,73811,6560,58797,5224,15014,0,0,11782,73844,0.008488,1,12,1e-06,11782,73856,0.008489,8700223
1,2020-12-31,6051,79862,1973,60770,4078,19092,0,0,6049,79890,0.009183,4,16,2e-06,6050,79906,0.009184,8700223
1,2021-01-01,623,80485,250,61020,373,19465,0,0,619,80507,0.009253,2,18,2e-06,619,80525,0.009256,8700223
1,2021-01-02,2932,83417,1773,62793,1159,20624,0,0,2932,83439,0.00959,0,18,2e-06,2932,83457,0.009593,8700223
1,2021-01-03,1057,84474,552,63345,505,21129,0,0,1055,84491,0.009711,3,21,2e-06,1055,84512,0.009714,8700223
1,2021-01-04,7428,91902,3619,66964,3809,24938,0,0,7430,91919,0.010565,2,23,3e-06,7430,91942,0.010568,8700223
1,2021-01-05,10979,102881,5288,72252,5691,30629,0,0,10175,101333,0.011647,785,808,9.3e-05,10199,102141,0.01174,8700223
1,2021-01-06,14159,117040,7099,79351,7060,37689,0,0,12211,111649,0.012833,1912,2720,0.000313,12228,114369,0.013146,8700223
1,2021-01-07,17651,134691,9184,88535,8467,46156,0,0,13116,120334,0.013831,4442,7162,0.000823,13127,127496,0.014654,8700223
1,2021-01-08,20270,154961,10515,99050,9755,55911,0,0,14293,128683,0.014791,5960,13122,0.001508,14309,141805,0.016299,8700223
1,2021-01-09,6715,161676,3415,102465,3300,59211,0,0,4838,131655,0.015132,1870,14992,0.001723,4842,146647,0.016856,8700223
1,2021-01-10,3118,164794,1777,104242,1341,60552,0,0,1922,132386,0.015216,1192,16184,0.00186,1923,148570,0.017077,8700223
1,2021-01-11,18228,183022,11906,116148,6322,66874,0,0,11607,137430,0.015796,6609,22793,0.00262,11653,160223,0.018416,8700223
1,2021-01-12,19221,202243,11005,127153,8216,75090,0,0,13188,144659,0.016627,6002,28795,0.00331,13231,173454,0.019937,8700223
1,2021-01-13,19925,222168,10780,137933,9145,84235,0,0,14748,154272,0.017732,5154,33949,0.003902,14767,188221,0.021634,8700223
1,2021-01-14,22237,244405,9563,147496,12674,96909,0,0,19394,170946,0.019648,2781,36730,0.004222,19455,207676,0.02387,8700223
1,2021-01-15,25305,269710,9273,156769,16032,112941,0,0,23343,192434,0.022118,1923,38653,0.004443,23411,231087,0.026561,8700223
1,2021-01-16,13972,283682,4573,161342,9399,122340,0,0,13071,204613,0.023518,896,39549,0.004546,13075,244162,0.028064,8700223
1,2021-01-17,5231,288913,2044,163386,3187,125527,0,0,4854,209094,0.024033,376,39925,0.004589,4857,249019,0.028622,8700223
1,2021-01-18,14412,303325,8645,172031,5767,131294,0,0,11197,217148,0.024959,3201,43126,0.004957,11255,260274,0.029916,8700223
1,2021-01-19,24893,328218,12956,184987,11937,143231,0,0,19602,231538,0.026613,5268,48394,0.005562,19658,279932,0.032175,8700223
1,2021-01-20,29538,357756,14787,199774,14751,157982,0,0,23567,249260,0.02865,5889,54283,0.006239,23611,303543,0.034889,8700223
1,2021-01-21,31412,389168,14799,214573,16613,174595,0,0,28035,274089,0.031504,3310,57593,0.00662,28139,331682,0.038123,8700223
1,2021-01-22,28490,417658,11322,225895,17168,191763,0,0,26394,298486,0.034308,2027,59620,0.006853,26424,358106,0.041161,8700223
1,2021-01-23,18748,436406,8208,234103,10540,202303,0,0,16786,313348,0.036016,1934,61554,0.007075,16796,374902,0.043091,8700223
1,2021-01-24,6711,443117,4172,238275,2539,204842,0,0,6047,318743,0.036636,658,62212,0.007151,6053,380955,0.043787,8700223
1,2021-01-25,25633,468750,10564,248839,15069,219911,0,0,19772,332816,0.038254,5811,68023,0.007819,19884,400839,0.046072,8700223
1,2021-01-26,28961,497711,13564,262403,15397,235308,0,0,22166,348278,0.040031,6732,74755,0.008592,22194,423033,0.048623,8700223
1,2021-01-27,32801,530512,15609,278012,17192,252500,0,0,24567,364766,0.041926,8168,82923,0.009531,24656,447689,0.051457,8700223
1,2021-01-28,35125,565637,16501,294513,18624,271124,0,0,28041,385920,0.044357,7014,89937,0.010337,28168,475857,0.054695,8700223
1,2021-01-29,33878,599515,16528,311041,17350,288474,0,0,27156,406598,0.046734,6576,96513,0.011093,27254,503111,0.057827,8700223
1,2021-01-30,20222,619737,8746,319787,11476,299950,0,0,17991,422477,0.048559,2198,98711,0.011346,18077,521188,0.059905,8700223
1,2021-01-31,7722,627459,5021,324808,2701,302651,0,0,6999,428764,0.049282,715,99426,0.011428,7002,528190,0.06071,8700223
1,2021-02-01,29177,656636,12582,337390,16595,319246,0,0,21299,442248,0.050832,7824,107250,0.012327,21308,549498,0.063159,8700223
1,2021-02-02,32876,689512,11870,349260,21006,340252,0,0,24547,458594,0.052711,8240,115490,0.013274,24586,574084,0.065985,8700223
1,2021-02-03,39796,729308,15311,364571,24485,364737,0,0,28554,476178,0.054732,11070,126560,0.014547,28654,602738,0.069278,8700223
1,2021-02-04,44223,773531,17223,381794,27000,391737,0,0,31782,495757,0.056982,12317,138877,0.015962,31896,634634,0.072945,8700223
1,2021-02-05,47079,820610,17205,398999,29874,421611,0,0,30719,510390,0.058664,16204,155081,0.017825,30837,665471,0.076489,8700223
1,2021-02-06,26673,847283,10552,409551,16121,437732,0,0,20683,525202,0.060366,5943,161024,0.018508,20755,686226,0.078875,8700223
1,2021-02-07,6305,853588,4053,413604,2252,439984,0,0,4648,528233,0.060715,1636,162660,0.018696,4667,690893,0.079411,8700223
1,2021-02-08,31771,885359,14488,428092,17283,457267,0,0,21142,538947,0.061946,10530,173190,0.019906,21244,712137,0.081853,8700223
1,2021-02-09,38694,924053,17071,445163,21623,478890,0,0,23802,548001,0.062987,14861,188051,0.021615,23915,736052,0.084602,8700223
1,2021-02-10,47541,971594,22236,467399,25305,504195,0,0,27003,554698,0.063757,20403,208454,0.02396,27100,763152,0.087716,8700223
1,2021-02-11,52181,1023775,25521,492920,26660,530855,0,0,31024,565007,0.064942,20840,229294,0.026355,31149,794301,0.091297,8700223
1,2021-02-12,50265,1074040,21635,514555,28630,559485,0,0,28824,572700,0.065826,21276,250570,0.0288,28969,823270,0.094626,8700223
1,2021-02-13,26547,1100587,11556,526111,14991,574476,0,0,15332,576969,0.066317,11142,261712,0.030081,15411,838681,0.096398,8700223
1,2021-02-14,11825,1112412,5584,531695,6241,580717,0,0,6718,578680,0.066513,5076,266788,0.030665,6787,845468,0.097178,8700223
1,2021-02-15,24028,1136440,9437,541132,14591,595308,0,0,14604,584102,0.067136,9298,276086,0.031733,14720,860188,0.09887,8700223
1,2021-02-16,47279,1183719,22543,563675,24736,620044,0,0,27484,592003,0.068045,19705,295791,0.033998,27606,887794,0.102043,8700223
1,2021-02-17,48636,1232355,24637,588312,23999,644043,0,0,26126,595934,0.068496,22348,318139,0.036567,26279,914073,0.105063,8700223
1,2021-02-18,51310,1283665,25663,613975,25647,669690,0,0,26512,598147,0.068751,24544,342683,0.039388,26757,940830,0.108139,8700223
1,2021-02-19,46787,1330452,25351,639326,21436,691126,0,0,26161,603914,0.069414,20458,363141,0.041739,26225,967055,0.111153,8700223
1,2021-02-20,27845,1358297,16911,656237,10934,702060,0,0,15864,607951,0.069878,11912,375053,0.043108,15949,983004,0.112986,8700223
1,2021-02-21,12456,1370753,10703,666940,1753,703813,0,0,7472,610555,0.070177,4920,379973,0.043674,7524,990528,0.113851,8700223
1,2021-02-22,31777,1402530,20874,687814,10903,714716,0,0,18252,615491,0.070744,13424,393397,0.045217,18360,1008888,0.115961,8700223
1,2021-02-23,46022,1448552,22360,710174,23662,738378,0,0,25235,620611,0.071333,20483,413880,0.047571,25603,1034491,0.118904,8700223
1,2021-02-24,56066,1504618,27106,737280,28960,767338,0,0,30818,626895,0.072055,24992,438872,0.050444,31276,1065767,0.122499,8700223
1,2021-02-25,68701,1573319,33353,770633,35348,802686,0,0,42455,643841,0.074003,26011,464883,0.053433,42957,1108724,0.127436,8700223
1,2021-02-26,76765,1650084,35941,806574,40824,843510,0,0,50104,668079,0.076789,26351,491234,0.056462,50589,1159313,0.133251,8700223
1,2021-02-27,52843,1702927,24256,830830,28576,872086,11,11,34645,685024,0.078736,17982,509216,0.058529,34927,1194240,0.137265,8700223
1,2021-02-28,20298,1723225,12048,842878,8248,880334,2,13,14854,694672,0.079845,5352,514568,0.059144,15000,1209240,0.13899,8700223
1,2021-03-01,46364,1769589,21436,864314,24864,905198,64,77,29763,708344,0.081417,16403,530971,0.06103,30075,1239315,0.142446,8700223
1,2021-03-02,64986,1834575,28107,892421,36867,942065,12,89,41320,726850,0.083544,23474,554445,0.063728,41980,1281295,0.147272,8700223
1,2021-03-03,72268,1906843,34383,926804,37854,979919,31,120,43923,743305,0.085435,28113,582558,0.066959,44568,1325863,0.152394,8700223
1,2021-03-04,80248,1987091,37650,964454,42561,1022480,37,157,51418,766704,0.088125,28573,611131,0.070243,51972,1377835,0.158368,8700223
1,2021-03-05,79278,2066369,35736,1000190,43334,1065814,208,365,52829,794253,0.091291,26138,637269,0.073247,53687,1431522,0.164539,8700223
1,2021-03-06,58110,2124479,27628,1027818,29131,1094945,1351,1716,39314,816631,0.093863,18649,655918,0.075391,41027,1472549,0.169254,8700223
1,2021-03-07,21020,2145499,13063,1040881,6762,1101707,1195,2911,15543,828165,0.095189,5449,661367,0.076017,16983,1489532,0.171206,8700223
1,2021-03-08,46170,2191669,22545,1063426,21664,1123371,1961,4872,32324,849048,0.097589,13734,675101,0.077596,34617,1524149,0.175185,8700223
1,2021-03-09,66998,2258667,32437,1095863,32045,1155416,2516,7388,41239,867554,0.099716,25579,700680,0.080536,44085,1568234,0.180252,8700223
1,2021-03-10,74305,2332972,37015,1132878,32784,1188200,4506,11894,45738,889724,0.102265,28427,729107,0.083803,50597,1618831,0.186068,8700223
1,2021-03-11,90494,2423466,41629,1174507,40842,1229042,8023,19917,52655,913260,0.10497,37582,766689,0.088123,61118,1679949,0.193093,8700223
1,2021-03-12,99370,2522836,43794,1218301,43123,1272165,12453,32370,57969,942942,0.108381,41160,807849,0.092854,70842,1750791,0.201235,8700223
1,2021-03-13,65486,2588322,29581,1247882,28198,1300363,7707,40077,41694,968984,0.111375,23649,831498,0.095572,49691,1800482,0.206947,8700223
1,2021-03-14,27968,2616290,14964,1262846,9438,1309801,3566,43643,15663,976164,0.1122,12226,843724,0.096977,19406,1819888,0.209177,8700223
1,2021-03-15,65395,2681685,28842,1291688,29800,1339601,6753,50396,38439,994967,0.114361,26724,870448,0.100049,45527,1865415,0.21441,8700223
1,2021-03-16,85969,2767654,39183,1330871,41122,1380723,5664,56060,53242,1021716,0.117436,32494,902942,0.103784,59243,1924658,0.221219,8700223
1,2021-03-17,93414,2861068,45604,1376475,41260,1421983,6550,62610,60064,1055576,0.121327,33094,936036,0.107588,66954,1991612,0.228915,8700223
1,2021-03-18,99082,2960150,51109,1427584,42249,1464232,5724,68334,59870,1082813,0.124458,38836,974872,0.112051,66073,2057685,0.236509,8700223
1,2021-03-19,103995,3064145,53834,1481418,43854,1508086,6307,74641,60673,1107294,0.127272,43006,1017878,0.116994,67487,2125172,0.244266,8700223
1,2021-03-20,72959,3137104,37369,1518787,30372,1538458,5218,79859,46864,1133749,0.130313,25896,1043774,0.119971,52351,2177523,0.250284,8700223
1,2021-03-21,27422,3164526,19094,1537881,6518,1544976,1810,81669,17066,1142455,0.131313,10256,1054030,0.12115,18962,2196485,0.252463,8700223
1,2021-03-22,59420,3223946,30684,1568565,25427,1570403,3309,84978,39936,1166814,0.134113,19252,1073282,0.123363,43611,2240096,0.257476,8700223
1,2021-03-23,83664,3307610,42612,1611177,37413,1607816,3639,88617,51274,1190057,0.136785,32119,1105401,0.127054,55362,2295458,0.263839,8700223
1,2021-03-24,88591,3396201,44821,1655998,39395,1647211,4375,92992,52754,1211811,0.139285,35528,1140929,0.131138,57282,2352740,0.270423,8700223
1,2021-03-25,97476,3493677,49881,1705879,41745,1688956,5850,98842,53945,1228620,0.141217,43185,1184114,0.136102,59994,2412734,0.277319,8700223
1,2021-03-26,105686,3599363,51284,1757163,48072,1737028,6330,105172,56593,1243128,0.142885,48706,1232820,0.1417,63214,2475948,0.284584,8700223
1,2021-03-27,74506,3673869,38551,1795714,31742,1768770,4213,109385,38228,1249723,0.143643,36038,1268858,0.145842,42633,2518581,0.289485,8700223
1,2021-03-28,32872,3706741,21504,1817218,10139,1778909,1229,110614,16441,1251527,0.14385,16315,1285173,0.147717,18119,2536700,0.291567,8700223
1,2021-03-29,68777,3775518,33879,1851097,31728,1810637,3170,113784,37892,1262155,0.145072,30643,1315816,0.151239,41271,2577971,0.296311,8700223
1,2021-03-30,93649,3869167,45795,1896892,41437,1852074,6417,120201,48078,1271387,0.146133,45330,1361146,0.15645,54562,2632533,0.302582,8700223
1,2021-03-31,102258,3971425,53228,1950120,42775,1894849,6255,126456,56002,1287780,0.148017,45906,1407052,0.161726,62299,2694832,0.309743,8700223
1,2021-04-01,113824,4085249,54361,2004481,50630,1945479,8833,135289,57770,1298848,0.149289,55560,1462612,0.168112,66628,2761460,0.317401,8700223
1,2021-04-02,113003,4198252,51451,2055932,51793,1997272,9759,145048,57343,1310937,0.150679,55207,1517819,0.174457,67296,2828756,0.325136,8700223
1,2021-04-03,78851,4277103,39648,2095580,29488,2026760,9715,154763,37017,1316080,0.15127,41633,1559452,0.179243,46776,2875532,0.330512,8700223
1,2021-04-04,23843,4300946,11863,2107443,8497,2035257,3483,158246,9945,1315673,0.151223,13822,1573274,0.180831,13415,2888947,0.332054,8700223
1,2021-04-05,77816,4378762,37066,2144509,31339,2066596,9411,167657,35040,1317714,0.151457,42548,1615822,0.185722,44589,2933536,0.337179,8700223
1,2021-04-06,105012,4483774,49754,2194263,38544,2105140,16714,184371,47534,1324802,0.152272,57151,1672973,0.192291,64239,2997775,0.344563,8700223
1,2021-04-07,113088,4596862,54838,2249101,40558,2145698,17692,202063,50997,1331716,0.153067,61758,1734731,0.199389,68672,3066447,0.352456,8700223
1,2021-04-08,123434,4720296,58419,2307520,43875,2189573,21140,223203,54585,1339056,0.153911,68401,1803132,0.207251,75741,3142188,0.361162,8700223
1,2021-04-09,124575,4844871,56792,2364312,46849,2236422,20934,244137,54698,1345196,0.154616,69497,1872629,0.215239,75637,3217825,0.369855,8700223
1,2021-04-10,97467,4942338,43457,2407769,30947,2267369,23063,267200,38579,1348097,0.15495,58654,1931283,0.221981,61555,3279380,0.376931,8700223
1,2021-04-11,36779,4979117,20422,2428191,9457,2276826,6900,274100,14866,1348114,0.154952,21839,1953122,0.224491,21856,3301236,0.379443,8700223
1,2021-04-12,75110,5054227,33522,2461713,31519,2308345,10069,284169,31882,1347271,0.154855,42920,1996042,0.229424,42077,3343313,0.384279,8700223
1,2021-04-13,98428,5152655,52593,2514306,45491,2353836,344,284513,53152,1356157,0.155876,44957,2040999,0.234592,53843,3397156,0.390468,8700223
1,2021-04-14,105431,5258086,54624,2568930,50728,2404564,79,284592,53567,1358711,0.15617,51464,2092463,0.240507,54018,3451174,0.396676,8700223
1,2021-04-15,106207,5364293,57698,2626628,48416,2452980,93,284685,56290,1365961,0.157003,49309,2141772,0.246174,56559,3507733,0.403177,8700223
1,2021-04-16,111288,5475581,56984,2683612,54214,2507194,90,284775,55574,1366664,0.157084,55151,2196923,0.252513,55854,3563587,0.409597,8700223
1,2021-04-17,83611,5559192,45402,2729014,38197,2545391,12,284787,46604,1376699,0.158237,36745,2233668,0.256737,46780,3610367,0.414974,8700223
1,2021-04-18,30600,5589792,20714,2749728,9879,2555270,7,284794,15317,1377044,0.158277,15187,2248855,0.258482,15532,3625899,0.416759,8700223
1,2021-04-19,67325,5657117,34065,2783793,33247,2588517,13,284807,30322,1370890,0.15757,36619,2285474,0.262691,30465,3656364,0.420261,8700223
1,2021-04-20,88599,5745716,44574,2828367,44001,2632518,24,284831,41292,1365485,0.156948,46923,2332397,0.268085,41518,3697882,0.425033,8700223
1,2021-04-21,98092,5843808,51170,2879537,46818,2679336,104,284935,43769,1355877,0.155844,53724,2386121,0.27426,44116,3741998,0.430104,8700223
1,2021-04-22,97940,5941748,51210,2930747,46711,2726047,19,284954,44806,1348328,0.154976,52594,2438715,0.280305,45045,3787043,0.435281,8700223
1,2021-04-23,102932,6044680,53159,2983906,49744,2775791,29,284983,48842,1343902,0.154468,53536,2492251,0.286458,49110,3836153,0.440926,8700223
1,2021-04-24,76624,6121304,47517,3031423,29080,2804871,27,285010,43108,1353951,0.155623,33347,2525598,0.290291,43396,3879549,0.445914,8700223
1,2021-04-25,27431,6148735,17464,3048887,9953,2814824,14,285024,15628,1358064,0.156095,11673,2537271,0.291633,15786,3895335,0.447728,8700223
1,2021-04-26,66642,6215377,34974,3083861,31260,2846084,408,285432,31433,1355359,0.155784,34881,2572152,0.295642,32176,3927511,0.451426,8700223
1,2021-04-27,81984,6297361,43588,3127449,37091,2883175,1305,286737,35364,1346063,0.154716,46305,2618457,0.300964,37009,3964520,0.45568,8700223
1,2021-04-28,81790,6379151,43517,3170966,36755,2919930,1518,288255,35715,1337820,0.153768,45699,2664156,0.306217,37456,4001976,0.459985,8700223
1,2021-04-29,85251,6464402,46901,3217867,36718,2956648,1632,289887,34672,1324107,0.152192,50182,2714338,0.311985,36469,4038445,0.464177,8700223
1,2021-04-30,92894,6557296,50291,3268158,40709,2997357,1894,291781,38585,1310803,0.150663,53942,2768280,0.318185,40638,4079083,0.468848,8700223
1,2021-05-01,64067,6621363,41299,3309457,21332,3018689,1436,293217,26966,1302598,0.14972,36820,2805100,0.322417,28615,4107698,0.472137,8700223
1,2021-05-02,23562,6644925,16692,3326149,6287,3024976,583,293800,9475,1298712,0.149273,13971,2819071,0.324023,10085,4117783,0.473296,8700223
1,2021-05-03,56538,6701463,31341,3357490,23342,3048318,1855,295655,20474,1285302,0.147732,35790,2854861,0.328137,22380,4140163,0.475869,8700223
1,2021-05-04,76115,6777578,43856,3401346,30157,3078475,2102,297757,27227,1266143,0.14553,48565,2903426,0.333719,29406,4169569,0.479249,8700223
1,2021-05-05,78530,6856108,45520,3446866,30703,3109178,2307,300064,26525,1243428,0.142919,51627,2955053,0.339653,28912,4198481,0.482572,8700223
1,2021-05-06,80042,6936150,48602,3495468,29254,3138432,2186,302250,24884,1215915,0.139757,54737,3009790,0.345944,27224,4225705,0.485701,8700223
1,2021-05-07,83628,7019778,47576,3543044,33854,3172286,2198,304448,27778,1190589,0.136846,55365,3065155,0.352308,30039,4255744,0.489153,8700223
1,2021-05-08,57523,7077301,36098,3579142,19773,3192059,1652,306100,19517,1174188,0.134961,37654,3102809,0.356636,21253,4276997,0.491596,8700223
1,2021-05-09,18374,7095675,13185,3592327,4711,3196770,478,306578,5569,1167548,0.134197,12721,3115530,0.358098,6081,4283078,0.492295,8700223
1,2021-05-10,44368,7140043,22441,3614768,20094,3216864,1833,308411,14813,1155030,0.132759,29253,3144783,0.36146,16735,4299813,0.494219,8700223
1,2021-05-11,62959,7203002,34238,3649006,26554,3243418,2167,310578,20677,1136006,0.130572,41976,3186759,0.366285,22952,4322765,0.496857,8700223
1,2021-05-12,63109,7266111,33540,3682546,27499,3270917,2070,312648,20719,1116815,0.128366,42043,3228802,0.371117,22852,4345617,0.499483,8700223
1,2021-05-13,67353,7333464,39527,3722073,25834,3296751,1992,314640,25636,1103414,0.126826,41311,3270113,0.375865,27910,4373527,0.502691,8700223
1,2021-05-14,76954,7410418,46393,3768466,28153,3324904,2408,317048,31050,1091672,0.125476,45476,3315589,0.381092,33734,4407261,0.506569,8700223
1,2021-05-15,66887,7477305,43916,3812382,21201,3346105,1770,318818,26618,1080197,0.124157,39931,3355520,0.385682,28456,4435717,0.509839,8700223
1,2021-05-16,25135,7502440,18531,3830913,5983,3352088,621,319439,10242,1076340,0.123714,14766,3370286,0.387379,10909,4446626,0.511093,8700223
1,2021-05-17,54482,7556922,33290,3864203,19409,3371497,1783,321222,23077,1070133,0.123001,31123,3401409,0.390957,24916,4471542,0.513957,8700223
1,2021-05-18,65334,7622256,39370,3903573,24120,3395617,1844,323066,28327,1063683,0.122259,36709,3438118,0.395176,30259,4501801,0.517435,8700223
1,2021-05-19,66700,7688956,40623,3944196,24135,3419752,1942,325008,29833,1058972,0.121718,36560,3474678,0.399378,31849,4533650,0.521096,8700223
1,2021-05-20,65030,7753986,37743,3981939,25053,3444805,2234,327242,26741,1050222,0.120712,37923,3512601,0.403737,29173,4562823,0.524449,8700223
1,2021-05-21,70696,7824682,42281,4024220,26536,3471341,1879,329121,29129,1040181,0.119558,41141,3553742,0.408466,31100,4593923,0.528024,8700223
1,2021-05-22,56565,7881247,37220,4061440,17613,3488954,1732,330853,24586,1034905,0.118952,31686,3585428,0.412108,26410,4620333,0.531059,8700223
1,2021-05-23,20551,7901798,14372,4075812,5592,3494546,587,331440,9522,1034121,0.118861,10918,3596346,0.413363,10134,4630467,0.532224,8700223
1,2021-05-24,44309,7946107,24731,4100543,17728,3512274,1850,333290,17934,1027884,0.118145,26100,3622446,0.416362,19863,4650330,0.534507,8700223
1,2021-05-25,51453,7997560,29643,4130186,20089,3532363,1721,335011,21350,1021250,0.117382,29798,3652244,0.419787,23164,4673494,0.537169,8700223
1,2021-05-26,48904,8046464,27721,4157907,19270,3551633,1913,336924,20746,1016114,0.116792,27833,3680077,0.422987,22697,4696191,0.539778,8700223
1,2021-05-27,47384,8093848,26592,4184499,18870,3570503,1922,338846,20309,1011690,0.116283,26766,3706843,0.426063,22342,4718533,0.542346,8700223
1,2021-05-28,53057,8146905,29640,4214139,21567,3592070,1850,340696,23763,1008490,0.115915,28937,3735780,0.429389,25737,4744270,0.545304,8700223
1,2021-05-29,30845,8177750,18682,4232821,11190,3603260,973,341669,14648,1008133,0.115874,16034,3751814,0.431232,15677,4759947,0.547106,8700223
1,2021-05-30,11735,8189485,7586,4240407,3589,3606849,560,342229,5532,1008123,0.115873,6127,3757941,0.431936,6117,4766064,0.547809,8700223
1,2021-05-31,5818,8195303,3309,4243716,2248,3609097,261,342490,2036,1006715,0.115711,3716,3761657,0.432363,2308,4768372,0.548075,8700223
1,2021-06-01,46401,8241704,26281,4269997,18532,3627629,1588,344078,17583,997509,0.114653,28440,3790097,0.435632,19234,4787606,0.550285,8700223
1,2021-06-02,40389,8282093,23457,4293454,15417,3643046,1515,345593,16302,991636,0.113978,23770,3813867,0.438364,17897,4805503,0.552343,8700223
1,2021-06-03,41925,8324018,26283,4319737,13915,3656961,1727,347320,16032,983895,0.113088,25574,3839441,0.441304,17833,4823336,0.554392,8700223
1,2021-06-04,50610,8374628,32396,4352133,16389,3673350,1825,349145,18133,971833,0.111702,32096,3871537,0.444993,20034,4843370,0.556695,8700223
1,2021-06-05,40693,8415321,27767,4379900,10905,3684255,2021,351166,14257,961954,0.110567,26209,3897746,0.448005,16330,4859700,0.558572,8700223
1,2021-06-06,13264,8428585,10621,4390521,2128,3686383,515,351681,4575,958504,0.11017,8602,3906348,0.448994,5152,4864852,0.559164,8700223
1,2021-06-07,34252,8462837,23618,4414139,9263,3695646,1371,353052,12221,950345,0.109232,21803,3928151,0.4515,13644,4878496,0.560732,8700223
1,2021-06-08,42425,8505262,29361,4443500,11401,3707047,1663,354715,14767,939497,0.107985,27368,3955519,0.454646,16520,4895016,0.562631,8700223
1,2021-06-09,42349,8547611,29368,4472868,11332,3718379,1649,356364,13788,926749,0.10652,28239,3983758,0.457891,15491,4910507,0.564412,8700223
1,2021-06-10,39330,8586941,26484,4499352,11131,3729510,1715,358079,13412,916324,0.105322,25652,4009410,0.46084,15227,4925734,0.566162,8700223
1,2021-06-11,44531,8631472,29563,4528915,13265,3742775,1703,359782,15863,905624,0.104092,28345,4037755,0.464098,17645,4943379,0.56819,8700223
1,2021-06-12,34051,8665523,24624,4553539,8205,3750980,1222,361004,11174,895434,0.102921,22652,4060407,0.466701,12462,4955841,0.569622,8700223
1,2021-06-13,11691,8677214,8502,4562041,2707,3753687,482,361486,3410,891154,0.102429,8205,4068612,0.467645,3925,4959766,0.570073,8700223
1,2021-06-14,31157,8708371,20980,4583021,8849,3762536,1328,362814,11612,884790,0.101697,19333,4087945,0.469867,12969,4972735,0.571564,8700223
1,2021-06-15,37805,8746176,24801,4607822,11135,3773671,1869,364683,14080,877406,0.100849,23421,4111366,0.472559,16037,4988772,0.573407,8700223
1,2021-06-16,35874,8782050,24262,4632084,9767,3783438,1845,366528,13528,870777,0.100087,22058,4133424,0.475094,15429,5004201,0.575181,8700223
1,2021-06-17,33961,8816011,22462,4654546,9532,3792970,1967,368495,13285,865698,0.099503,20415,4153839,0.477441,15336,5019537,0.576943,8700223
1,2021-06-18,39900,8855911,25924,4680470,11107,3804077,2869,371364,15459,859933,0.09884,24145,4177984,0.480216,18380,5037917,0.579056,8700223
1,2021-06-19,24114,8880025,16735,4697205,6177,3810254,1202,372566,9806,856851,0.098486,14129,4192113,0.48184,11047,5048964,0.580326,8700223
1,2021-06-20,8171,8888196,5987,4703192,1907,3812161,277,372843,3235,855511,0.098332,4863,4196976,0.482399,3523,5052487,0.580731,8700223
1,2021-06-21,21072,8909268,11927,4715119,6947,3819108,2198,375041,10967,858739,0.098703,9985,4206961,0.483546,13213,5065700,0.582249,8700223
1,2021-06-22,30980,8940248,20226,4735345,8597,3827705,2157,377198,12947,856095,0.098399,17810,4224771,0.485593,15166,5080866,0.583993,8700223
1,2021-06-23,29542,8969790,19841,4755186,7873,3835578,1828,379026,12867,854364,0.0982,16450,4241221,0.487484,14719,5095585,0.585684,8700223
1,2021-06-24,28568,8998358,19030,4774216,7858,3843436,1680,380706,12109,851972,0.097925,16249,4257470,0.489352,13857,5109442,0.587277,8700223
1,2021-06-25,31929,9030287,21604,4795820,8909,3852345,1416,382122,14012,849786,0.097674,17669,4275139,0.491383,15483,5124925,0.589057,8700223
1,2021-06-26,22628,9052915,16810,4812630,4977,3857322,841,382963,9881,847940,0.097462,12617,4287756,0.492833,10771,5135696,0.590295,8700223
1,2021-06-27,9241,9062156,6881,4819511,1925,3859247,435,383398,4088,847397,0.097399,5081,4292837,0.493417,4538,5140234,0.590816,8700223
1,2021-06-28,21380,9083536,15891,4835402,4228,3863475,1261,384659,9904,847337,0.097393,11270,4304107,0.494712,11210,5151444,0.592105,8700223
1,2021-06-29,27078,9110614,18534,4853936,7147,3870622,1397,386056,11936,845778,0.097213,14950,4319057,0.496431,13391,5164835,0.593644,8700223
1,2021-06-30,26305,9136919,18204,4872140,7037,3877659,1064,387120,12492,845819,0.097218,13587,4332644,0.497992,13628,5178463,0.59521,8700223
1,2021-07-01,24176,9161095,16792,4888932,6071,3883730,1313,388433,11191,845582,0.097191,12815,4345459,0.499465,12578,5191041,0.596656,8700223
1,2021-07-02,26891,9187986,18476,4907408,7361,3891091,1054,389487,12569,845169,0.097143,14117,4359576,0.501088,13704,5204745,0.598231,8700223
1,2021-07-03,14917,9202903,10412,4917820,4051,3895142,454,389941,7108,845096,0.097135,7669,4367245,0.501969,7596,5212341,0.599104,8700223
1,2021-07-04,1292,9204195,728,4918548,497,3895639,67,390008,625,845137,0.09714,656,4367901,0.502045,697,5213038,0.599184,8700223
1,2021-07-05,11172,9215367,7735,4926283,3072,3898711,365,390373,5304,845059,0.097131,5796,4373697,0.502711,5718,5218756,0.599842,8700223
1,2021-07-06,27590,9242957,19497,4945780,6942,3905653,1151,391524,11008,840929,0.096656,16390,4390087,0.504595,12260,5231016,0.601251,8700223
1,2021-07-07,24091,9267048,16853,4962633,6069,3911722,1169,392693,10364,839008,0.096435,13538,4403625,0.506151,11617,5242633,0.602586,8700223
1,2021-07-08,23036,9290084,15922,4978555,6016,3917738,1098,393791,9943,837181,0.096225,12955,4416580,0.50764,11128,5253761,0.603865,8700223
1,2021-07-09,27252,9317336,19273,4997828,6806,3924544,1173,394964,12268,835875,0.096075,14802,4431382,0.509341,13496,5267257,0.605416,8700223
1,2021-07-10,18020,9335356,13007,5010835,4241,3928785,772,395736,8017,834837,0.095956,9874,4441256,0.510476,8836,5276093,0.606432,8700223
1,2021-07-11,6810,9342166,4981,5015816,1622,3930407,207,395943,3286,834877,0.09596,3471,4444727,0.510875,3511,5279604,0.606835,8700223
1,2021-07-12,20373,9362539,14640,5030456,4834,3935241,899,396842,9025,833690,0.095824,11203,4455930,0.512163,10016,5289620,0.607987,8700223
1,2021-07-13,22552,9385091,15740,5046196,5991,3941232,821,397663,10538,833273,0.095776,11864,4467794,0.513526,11447,5301067,0.609302,8700223
1,2021-07-14,22566,9407657,15499,5061695,6077,3947309,990,398653,10149,832263,0.09566,12259,4480053,0.514935,11249,5312316,0.610595,8700223
1,2021-07-15,21953,9429610,15559,5077254,5660,3952969,734,399387,10605,832507,0.095688,11200,4491253,0.516223,11444,5323760,0.611911,8700223
1,2021-07-16,27021,9456631,18890,5096144,7124,3960093,1007,400394,13371,833490,0.095801,13480,4504733,0.517772,14463,5338223,0.613573,8700223
1,2021-07-17,18766,9475397,13556,5109700,4505,3964598,705,401099,9220,834039,0.095864,9412,4514145,0.518854,9961,5348184,0.614718,8700223
1,2021-07-18,7499,9482896,5535,5115235,1678,3966276,286,401385,3833,834568,0.095925,3606,4517751,0.519268,4135,5352319,0.615193,8700223
1,2021-07-19,20964,9503860,15184,5130419,4946,3971222,834,402219,10499,835668,0.096051,10328,4528079,0.520456,11428,5363747,0.616507,8700223
1,2021-07-20,25025,9528885,17309,5147728,6827,3978049,889,403108,12852,837513,0.096263,11988,4540067,0.521833,13833,5377580,0.618097,8700223
1,2021-07-21,25379,9554264,17830,5165558,6338,3984387,1211,404319,12970,839565,0.096499,12246,4552313,0.523241,14298,5391878,0.61974,8700223
1,2021-07-22,24485,9578749,17311,5182869,6328,3990715,846,405165,13345,842889,0.096881,10958,4563271,0.5245,14282,5406160,0.621382,8700223
1,2021-07-23,29141,9607890,20592,5203461,7525,3998240,1024,406189,16240,847520,0.097414,12698,4575969,0.52596,17329,5423489,0.623374,8700223
1,2021-07-24,18195,9626085,12837,5216298,4790,4003030,568,406757,10706,851451,0.097865,7369,4583338,0.526807,11300,5434789,0.624672,8700223
1,2021-07-25,7500,9633585,5391,5221689,1992,4005022,117,406874,5596,855318,0.09831,1866,4585204,0.527021,5733,5440522,0.625331,8700223
1,2021-07-26,21470,9655055,14850,5236539,5859,4010881,761,407635,13886,862573,0.099144,7463,4592667,0.527879,14718,5455240,0.627023,8700223
1,2021-07-27,27111,9682166,19354,5255893,6816,4017697,941,408576,15979,868586,0.099835,10962,4603629,0.529139,16975,5472215,0.628974,8700223
1,2021-07-28,28139,9710305,19963,5275856,7302,4024999,874,409450,17272,876122,0.100701,10680,4614309,0.530367,18216,5490431,0.631068,8700223
1,2021-07-29,26769,9737074,18997,5294853,6974,4031973,798,410248,16751,883891,0.101594,9842,4624151,0.531498,17611,5508042,0.633092,8700223
1,2021-07-30,31285,9768359,22389,5317242,7991,4039964,905,411153,19154,892070,0.102534,11917,4636068,0.532868,20096,5528138,0.635402,8700223
1,2021-07-31,20020,9788379,14533,5331775,4945,4044909,542,411695,12465,897707,0.103182,7394,4643462,0.533718,13031,5541169,0.6369,8700223
1,2021-08-01,8884,9797263,6695,5338470,2062,4046971,127,411822,6093,901211,0.103585,2744,4646206,0.534033,6248,5547417,0.637618,8700223
1,2021-08-02,24939,9822202,18570,5357040,5662,4052633,707,412529,16241,909667,0.104557,8541,4654747,0.535015,16997,5564414,0.639571,8700223
1,2021-08-03,28617,9850819,20695,5377735,7006,4059639,916,413445,17933,918052,0.105521,10500,4665247,0.536222,18885,5583299,0.641742,8700223
1,2021-08-04,27644,9878463,20080,5397815,6684,4066323,880,414325,17566,926672,0.106511,9872,4675119,0.537356,18492,5601791,0.643868,8700223
1,2021-08-05,27354,9905817,20048,5417863,6406,4072729,900,415225,17250,934943,0.107462,9901,4685020,0.538494,18172,5619963,0.645956,8700223
1,2021-08-06,33793,9939610,24881,5442744,7935,4080664,977,416202,21077,944565,0.108568,12478,4697498,0.539928,22100,5642063,0.648496,8700223
1,2021-08-07,21748,9961358,16306,5459050,4873,4085537,569,416771,13558,950648,0.109267,8057,4705555,0.540855,14140,5656203,0.650122,8700223
1,2021-08-08,10514,9971872,7678,5466728,2636,4088173,200,416971,6841,954095,0.109663,3603,4709158,0.541269,7050,5663253,0.650932,8700223
1,2021-08-09,27846,9999718,20856,5487584,6177,4094350,813,417784,17218,961726,0.11054,10434,4719592,0.542468,18065,5681318,0.653008,8700223
1,2021-08-10,29275,10028993,21524,5509108,6884,4101234,867,418651,17447,968474,0.111316,11620,4731212,0.543804,18368,5699686,0.65512,8700223
1,2021-08-11,26966,10055959,19853,5528961,6201,4107435,912,419563,15906,974467,0.112005,10852,4742064,0.545051,16845,5716531,0.657056,8700223
1,2021-08-12,28596,10084555,20561,5549522,6998,4114433,1037,420600,17096,981410,0.112803,11211,4753275,0.546339,18154,5734685,0.659142,8700223
1,2021-08-13,35834,10120389,26059,5575581,8730,4123163,1045,421645,20876,988720,0.113643,14657,4767932,0.548024,21967,5756652,0.661667,8700223
1,2021-08-14,23855,10144244,18139,5593720,5166,4128329,550,422195,13677,993237,0.114162,9728,4777660,0.549142,14245,5770897,0.663304,8700223
1,2021-08-15,10552,10154796,7781,5601501,2615,4130944,156,422351,6115,995392,0.11441,4137,4781797,0.549618,6292,5777189,0.664028,8700223
1,2021-08-16,28913,10183709,20538,5622039,7588,4138532,787,423138,16003,1000166,0.114959,12047,4793844,0.551002,16821,5794010,0.665961,8700223
1,2021-08-17,31435,10215144,22317,5644356,8215,4146747,903,424041,16565,1003729,0.115368,13945,4807789,0.552605,17508,5811518,0.667973,8700223
1,2021-08-18,31277,10246421,22448,5666804,7958,4154705,871,424912,15912,1006379,0.115673,14179,4821968,0.554235,16829,5828347,0.669908,8700223
1,2021-08-19,30294,10276715,21604,5688408,7713,4162418,977,425889,15465,1009245,0.116002,13612,4835580,0.5558,16478,5844825,0.671802,8700223
1,2021-08-20,37233,10313948,27128,5715536,9191,4171609,914,426803,18903,1012274,0.11635,16818,4852398,0.557733,19847,5864672,0.674083,8700223
1,2021-08-21,22680,10336628,16952,5732488,5170,4176779,558,427361,11055,1013011,0.116435,10892,4863290,0.558985,11629,5876301,0.67542,8700223
1,2021-08-22,11813,10348441,8651,5741139,2965,4179744,197,427558,5945,1013686,0.116513,5480,4868770,0.559614,6155,5882456,0.676127,8700223
1,2021-08-23,29969,10378410,22285,5763424,7010,4186754,674,428232,14466,1014446,0.1166,14438,4883208,0.561274,15198,5897654,0.677874,8700223
1,2021-08-24,15786,10394196,11813,5775237,3244,4189998,729,428961,7127,1014328,0.116586,8010,4891218,0.562195,7892,5905546,0.678781,8700223
2,2020-12-15,262,262,262,262,0,0,0,0,262,262,3.1e-05,0,0,0.0,262,262,3.1e-05,8407551
2,2020-12-16,2269,2531,2269,2531,0,0,0,0,2269,2531,0.000301,0,0,0.0,2269,2531,0.000301,8407551
2,2020-12-17,7002,9533,7002,9533,0,0,0,0,7001,9532,0.001134,0,0,0.0,7001,9532,0.001134,8407551
2,2020-12-18,11172,20705,11151,20684,21,21,0,0,11175,20707,0.002463,0,0,0.0,11175,20707,0.002463,8407551
2,2020-12-19,5641,26346,5634,26318,7,28,0,0,5643,26350,0.003134,0,0,0.0,5643,26350,0.003134,8407551
2,2020-12-20,4264,30610,4248,30566,16,44,0,0,4260,30609,0.003641,1,1,0.0,4260,30610,0.003641,8407551
2,2020-12-21,12891,43501,12861,43427,30,74,0,0,12847,43456,0.005169,0,1,0.0,12847,43457,0.005169,8407551
2,2020-12-22,12286,55787,11757,55184,529,603,0,0,12285,55741,0.00663,0,1,0.0,12285,55742,0.00663,8407551
2,2020-12-23,11826,67613,9571,64755,2255,2858,0,0,11828,67568,0.008037,2,3,0.0,11829,67571,0.008037,8407551
2,2020-12-24,5932,73545,3508,68263,2424,5282,0,0,5928,73495,0.008742,3,6,1e-06,5930,73501,0.008742,8407551
2,2020-12-25,502,74047,418,68681,84,5366,0,0,505,74000,0.008802,0,6,1e-06,505,74006,0.008802,8407551
2,2020-12-26,2590,76637,1675,70356,915,6281,0,0,2591,76590,0.00911,1,7,1e-06,2591,76597,0.009111,8407551
2,2020-12-27,2246,78883,1221,71577,1025,7306,0,0,2243,78831,0.009376,2,9,1e-06,2243,78840,0.009377,8407551
2,2020-12-28,11149,90032,7234,78811,3915,11221,0,0,11149,89977,0.010702,3,12,1e-06,11149,89989,0.010703,8407551
2,2020-12-29,13002,103034,7316,86127,5686,16907,0,0,13007,102984,0.012249,0,12,1e-06,13007,102996,0.01225,8407551
2,2020-12-30,15761,118795,8850,94977,6911,23818,0,0,15755,118736,0.014123,5,17,2e-06,15757,118753,0.014125,8407551
2,2020-12-31,7638,126433,2844,97821,4794,28612,0,0,7629,126359,0.015029,6,23,3e-06,7629,126382,0.015032,8407551
2,2021-01-01,1436,127869,694,98515,742,29354,0,0,1432,127787,0.015199,4,27,3e-06,1432,127814,0.015202,8407551
2,2021-01-02,4892,132761,2788,101303,2104,31458,0,0,4887,132672,0.01578,2,29,3e-06,4887,132701,0.015784,8407551
2,2021-01-03,1432,134193,810,102113,622,32080,0,0,1424,134092,0.015949,4,33,4e-06,1424,134125,0.015953,8407551
2,2021-01-04,11821,146014,5630,107743,6191,38271,0,0,11808,145896,0.017353,4,37,4e-06,11808,145933,0.017357,8407551
2,2021-01-05,14038,160052,7034,114777,7004,45275,0,0,12793,157483,0.018731,1240,1277,0.000152,12827,158760,0.018883,8407551
2,2021-01-06,19272,179324,10660,125437,8612,53887,0,0,15305,168897,0.020089,3905,5182,0.000616,15319,174079,0.020705,8407551
2,2021-01-07,23484,202808,13242,138679,10242,64129,0,0,15737,176901,0.021041,7752,12934,0.001538,15756,189835,0.022579,8407551
2,2021-01-08,27133,229941,16363,155042,10770,74899,0,0,16689,183236,0.021794,10385,23319,0.002774,16720,206555,0.024568,8407551
2,2021-01-09,9909,239850,5800,160842,4109,79008,0,0,6314,185970,0.022119,3591,26910,0.003201,6325,212880,0.02532,8407551
2,2021-01-10,5369,245219,2990,163832,2379,81387,0,0,3096,186801,0.022218,2271,29181,0.003471,3102,215982,0.025689,8407551
2,2021-01-11,26229,271448,18139,181971,8090,89477,0,0,15039,190705,0.022683,11189,40370,0.004802,15093,231075,0.027484,8407551
2,2021-01-12,26588,298036,16523,198494,10065,99542,0,0,16864,197925,0.023541,9738,50108,0.00596,16958,248033,0.029501,8407551
2,2021-01-13,28786,326822,15277,213771,13509,113051,0,0,20716,210630,0.025052,8052,58160,0.006918,20757,268790,0.03197,8407551
2,2021-01-14,30758,357580,11777,225548,18981,132032,0,0,26420,232791,0.027688,4342,62502,0.007434,26503,295293,0.035122,8407551
2,2021-01-15,35301,392881,12785,238333,22516,154548,0,0,31962,261517,0.031105,3330,65832,0.00783,32056,327349,0.038935,8407551
2,2021-01-16,18407,411288,6158,244491,12249,166797,0,0,16980,277066,0.032954,1441,67273,0.008001,16990,344339,0.040956,8407551
2,2021-01-17,10620,421908,3587,248078,7033,173830,0,0,9863,286170,0.034037,771,68044,0.008093,9875,354214,0.04213,8407551
2,2021-01-18,19900,441808,11129,259207,8771,182601,0,0,15003,296325,0.035245,4914,72958,0.008678,15069,369283,0.043923,8407551
2,2021-01-19,32917,474725,17204,276411,15713,198314,0,0,24695,312916,0.037218,8220,81178,0.009655,24811,394094,0.046874,8407551
2,2021-01-20,37839,512564,19075,295486,18764,217078,0,0,29116,333431,0.039659,8696,89874,0.01069,29211,423305,0.050348,8407551
2,2021-01-21,41348,553912,17598,313084,23750,240828,0,0,36732,365771,0.043505,4583,94457,0.011235,36923,460228,0.05474,8407551
2,2021-01-22,39830,593742,16659,329743,23171,263999,0,0,36421,398791,0.047432,3429,97886,0.011643,36449,496677,0.059075,8407551
2,2021-01-23,24352,618094,10840,340583,13512,277511,0,0,21350,417193,0.049621,2979,100865,0.011997,21381,518058,0.061618,8407551
2,2021-01-24,12520,630614,6135,346718,6385,283896,0,0,11584,427877,0.050892,920,101785,0.012106,11604,529662,0.062998,8407551
2,2021-01-25,34195,664809,15728,362446,18467,302363,0,0,25237,444360,0.052852,8904,110689,0.013165,25387,555049,0.066018,8407551
2,2021-01-26,40661,705470,19893,382339,20768,323131,0,0,31301,466421,0.055476,9331,120020,0.014275,31392,586441,0.069752,8407551
2,2021-01-27,45972,751442,22777,405116,23195,346326,0,0,35466,491574,0.058468,10381,130401,0.01551,35534,621975,0.073978,8407551
2,2021-01-28,48397,799839,22579,427695,25818,372144,0,0,39516,522359,0.06213,8812,139213,0.016558,39597,661572,0.078688,8407551
2,2021-01-29,45999,845838,22128,449823,23871,396015,0,0,37087,550742,0.065506,8784,147997,0.017603,37167,698739,0.083109,8407551
2,2021-01-30,31541,877379,13360,463183,18181,414196,0,0,28086,575460,0.068446,3412,151409,0.018009,28130,726869,0.086454,8407551
2,2021-01-31,17320,894699,10229,473412,7091,421287,0,0,16084,590355,0.070217,1214,152623,0.018153,16109,742978,0.08837,8407551
2,2021-02-01,41632,936331,19933,493345,21699,442986,0,0,30355,609544,0.0725,11213,163836,0.019487,30402,773380,0.091986,8407551
2,2021-02-02,48261,984592,19622,512967,28639,471625,0,0,36579,634641,0.075485,11583,175419,0.020864,36680,810060,0.096349,8407551
2,2021-02-03,54367,1038959,23902,536869,30465,502090,0,0,39983,660444,0.078554,14282,189701,0.022563,40085,850145,0.101117,8407551
2,2021-02-04,56580,1095539,24274,561143,32306,534396,0,0,41119,686319,0.081631,15349,205050,0.024389,41224,891369,0.10602,8407551
2,2021-02-05,60647,1156186,26334,587477,34313,568709,0,0,40907,707911,0.084199,19516,224566,0.02671,41108,932477,0.110909,8407551
2,2021-02-06,39635,1195821,18422,605899,21213,589922,0,0,31510,731484,0.087003,8046,232612,0.027667,31619,964096,0.11467,8407551
2,2021-02-07,15794,1211615,10452,616351,5342,595264,0,0,11956,739709,0.087982,3804,236416,0.028119,12029,976125,0.116101,8407551
2,2021-02-08,43329,1254944,21951,638302,21378,616642,0,0,29619,755986,0.089918,13559,249975,0.029732,29836,1005961,0.11965,8407551
2,2021-02-09,49845,1304789,23603,661905,26242,642884,0,0,30732,768200,0.09137,18883,268858,0.031978,31097,1037058,0.123348,8407551
2,2021-02-10,59893,1364682,28011,689916,31882,674766,0,0,34515,778012,0.092537,25081,293939,0.034961,34893,1071951,0.127499,8407551
2,2021-02-11,64621,1429303,29685,719601,34936,709702,0,0,35916,786129,0.093503,28322,322261,0.03833,36439,1108390,0.131833,8407551
2,2021-02-12,66339,1495642,28624,748225,37715,747417,0,0,35409,791585,0.094152,30628,352889,0.041973,36084,1144474,0.136125,8407551
2,2021-02-13,38320,1533962,15951,764176,22369,769786,0,0,22061,797876,0.0949,16153,369042,0.043894,22444,1166918,0.138794,8407551
2,2021-02-14,20232,1554194,9419,773595,10813,780599,0,0,11223,800521,0.095215,8952,377994,0.044959,11597,1178515,0.140173,8407551
2,2021-02-15,33485,1587679,15059,788654,18426,799025,0,0,18509,805073,0.095756,14828,392822,0.046723,19380,1197895,0.142478,8407551
2,2021-02-16,56710,1644389,27781,816435,28929,827954,0,0,29781,808743,0.096192,26802,419624,0.04991,30472,1228367,0.146103,8407551
2,2021-02-17,62095,1706484,31918,848353,30177,858131,0,0,30751,809077,0.096232,31240,450864,0.053626,31574,1259941,0.149858,8407551
2,2021-02-18,66757,1773241,33643,881996,33114,891245,0,0,32435,808628,0.096179,34040,484904,0.057675,33591,1293532,0.153854,8407551
2,2021-02-19,60115,1833356,33216,915212,26899,918144,0,0,29786,808890,0.09621,30118,515022,0.061257,30380,1323912,0.157467,8407551
2,2021-02-20,38038,1871394,24648,939860,13390,931534,0,0,20610,812889,0.096686,17313,532335,0.063316,21312,1345224,0.160002,8407551
2,2021-02-21,21925,1893319,17706,957566,4219,935753,0,0,10809,813530,0.096762,11006,543341,0.064625,11647,1356871,0.161387,8407551
2,2021-02-22,39850,1933169,27224,984790,12626,948379,0,0,18880,812317,0.096618,20804,564145,0.0671,19591,1376462,0.163717,8407551
2,2021-02-23,54229,1987398,27668,1012458,26561,974940,0,0,23765,807817,0.096082,30182,594327,0.07069,25682,1402144,0.166772,8407551
2,2021-02-24,71615,2059013,36834,1049292,34781,1009721,0,0,32764,804376,0.095673,38617,632944,0.075283,35176,1437320,0.170956,8407551
2,2021-02-25,77672,2136685,36734,1086026,40938,1050659,0,0,39352,808563,0.096171,38030,670974,0.079806,42217,1479537,0.175977,8407551
2,2021-02-26,86263,2222948,36979,1123005,49284,1099943,0,0,46316,817477,0.097231,39616,710590,0.084518,48530,1528067,0.181749,8407551
2,2021-02-27,63161,2286109,29329,1152334,33824,1133767,8,8,34135,824197,0.098031,28771,739361,0.08794,35491,1563558,0.185971,8407551
2,2021-02-28,31151,2317260,18641,1170975,12509,1146276,1,9,18020,830081,0.09873,12992,752353,0.089485,18876,1582434,0.188216,8407551
2,2021-03-01,59343,2376603,30917,1201892,28349,1174625,77,86,32327,837053,0.09956,26675,779028,0.092658,33647,1616081,0.192218,8407551
2,2021-03-02,71001,2447604,34080,1235972,36905,1211530,16,102,39715,848079,0.100871,31083,810111,0.096355,42109,1658190,0.197226,8407551
2,2021-03-03,82050,2529654,39548,1275520,42482,1254012,20,122,46275,861493,0.102467,35533,845644,0.100581,48947,1707137,0.203048,8407551
2,2021-03-04,89889,2619543,44046,1319566,45810,1299822,33,155,51423,877164,0.104331,38199,883843,0.105125,53870,1761007,0.209455,8407551
2,2021-03-05,83545,2703088,39156,1358722,44068,1343890,321,476,50664,897925,0.1068,32624,916467,0.109005,53385,1814392,0.215805,8407551
2,2021-03-06,63650,2766738,31061,1389783,30872,1374762,1717,2193,38971,915507,0.108891,24534,941001,0.111923,42116,1856508,0.220814,8407551
2,2021-03-07,28871,2795609,16390,1406173,10927,1385689,1554,3747,18255,925901,0.110127,10536,951537,0.113176,20930,1877438,0.223304,8407551
2,2021-03-08,51229,2846838,23476,1429649,25175,1410864,2578,6325,32154,943318,0.112199,18949,970486,0.11543,36366,1913804,0.227629,8407551
2,2021-03-09,71153,2917991,32389,1462038,34885,1445749,3879,10204,39353,956243,0.113736,31646,1002132,0.119194,44571,1958375,0.23293,8407551
2,2021-03-10,79088,2997079,37388,1499426,35104,1480853,6596,16800,41889,969079,0.115263,36963,1039095,0.123591,49799,2008174,0.238854,8407551
2,2021-03-11,93795,3090874,43297,1542723,42085,1522938,8413,25213,48859,983114,0.116932,44605,1083700,0.128896,58640,2066814,0.245828,8407551
2,2021-03-12,94766,3185640,39031,1581754,43727,1566665,12008,37221,46987,995955,0.11846,47506,1131206,0.134546,60347,2127161,0.253006,8407551
2,2021-03-13,69582,3255222,29101,1610855,32453,1599118,8028,45249,38136,1012085,0.120378,31294,1162500,0.138269,47424,2174585,0.258647,8407551
2,2021-03-14,37148,3292370,18368,1629223,14259,1613377,4521,49770,18653,1017603,0.121034,18384,1180884,0.140455,23902,2198487,0.26149,8407551
2,2021-03-15,67881,3360251,30665,1659888,32191,1645568,5025,54795,37339,1030764,0.1226,30298,1211182,0.144059,43459,2241946,0.266659,8407551
2,2021-03-16,86808,3447059,38448,1698336,44317,1689885,4043,58838,52325,1053983,0.125361,34263,1245445,0.148134,57482,2299428,0.273496,8407551
2,2021-03-17,93473,3540532,44792,1743128,44470,1734355,4211,63049,59171,1084155,0.12895,34005,1279450,0.152179,64177,2363605,0.281129,8407551
2,2021-03-18,98779,3639311,47144,1790272,47001,1781356,4634,67683,59853,1110603,0.132096,38578,1318028,0.156767,65026,2428631,0.288863,8407551
2,2021-03-19,98060,3737371,46455,1836727,45434,1826790,6171,73854,57821,1135181,0.135019,39907,1357935,0.161514,64485,2493116,0.296533,8407551
2,2021-03-20,70425,3807796,34109,1870836,32308,1859098,4008,77862,45858,1161072,0.138099,24315,1382250,0.164406,50206,2543322,0.302504,8407551
2,2021-03-21,33823,3841619,21758,1892594,10057,1869155,2008,79870,20208,1170274,0.139193,13448,1395698,0.166005,22650,2565972,0.305199,8407551
2,2021-03-22,63279,3904898,34835,1927429,25797,1894952,2647,82517,41808,1194413,0.142064,21212,1416910,0.168528,45351,2611323,0.310593,8407551
2,2021-03-23,84370,3989268,44837,1972266,36599,1931551,2934,85451,52289,1218698,0.144953,31776,1448686,0.172308,56061,2667384,0.317261,8407551
2,2021-03-24,92429,4081697,49671,2021937,39574,1971125,3184,88635,53862,1238354,0.147291,38204,1486890,0.176852,57860,2725244,0.324142,8407551
2,2021-03-25,102080,4183777,51498,2073435,46649,2017774,3933,92568,57289,1255942,0.149383,44401,1531291,0.182133,61989,2787233,0.331515,8407551
2,2021-03-26,104124,4287901,51606,2125041,49017,2066791,3501,96069,56526,1269823,0.151034,47182,1578473,0.187745,61063,2848296,0.338778,8407551
2,2021-03-27,76148,4364049,38006,2163047,34822,2101613,3320,99389,37903,1273948,0.151524,37963,1616436,0.19226,42088,2890384,0.343784,8407551
2,2021-03-28,38032,4402081,23501,2186548,13718,2115331,813,100202,20217,1278165,0.152026,17667,1634103,0.194361,21884,2912268,0.346387,8407551
2,2021-03-29,72207,4474288,36690,2223238,33233,2148564,2284,102486,40743,1290953,0.153547,31227,1665330,0.198076,44015,2956283,0.351622,8407551
2,2021-03-30,92733,4567021,45422,2268660,42916,2191480,4395,106881,51758,1306990,0.155454,40742,1706072,0.202921,56779,3013062,0.358376,8407551
2,2021-03-31,101852,4668873,52501,2321161,44214,2235694,5137,112018,57506,1326001,0.157715,44008,1750080,0.208156,63019,3076081,0.365871,8407551
2,2021-04-01,118641,4787514,57304,2378465,51996,2287690,9341,121359,64307,1346168,0.160114,53869,1803949,0.214563,74036,3150117,0.374677,8407551
2,2021-04-02,112392,4899906,51775,2430240,50351,2338041,10266,131625,59982,1364885,0.16234,51979,1855928,0.220745,70696,3220813,0.383086,8407551
2,2021-04-03,77221,4977127,37956,2468196,29381,2367422,9884,141509,38191,1374517,0.163486,38802,1894730,0.225361,48434,3269247,0.388847,8407551
2,2021-04-04,29143,5006270,15001,2483197,10261,2377683,3881,145390,13062,1375515,0.163605,15965,1910695,0.227259,16963,3286210,0.390864,8407551
2,2021-04-05,79739,5086009,39055,2522252,31780,2409463,8904,154294,38367,1382351,0.164418,41173,1951868,0.232157,48009,3334219,0.396574,8407551
2,2021-04-06,104556,5190565,50918,2573170,38853,2448316,14785,169079,49416,1392107,0.165578,54839,2006707,0.238679,64595,3398814,0.404257,8407551
2,2021-04-07,111276,5301841,55535,2628705,39385,2487701,16356,185435,52162,1402044,0.16676,58797,2065504,0.245672,68734,3467548,0.412433,8407551
2,2021-04-08,119954,5421795,57726,2686431,43381,2531082,18847,204282,55618,1413062,0.168071,63952,2129456,0.253279,74970,3542518,0.42135,8407551
2,2021-04-09,119512,5541307,57471,2743902,43786,2574868,18255,222537,56404,1425815,0.169587,62709,2192165,0.260738,75462,3617980,0.430325,8407551
2,2021-04-10,87982,5629289,37939,2781841,31527,2606395,18516,241053,36208,1429678,0.170047,51497,2243662,0.266863,55360,3673340,0.43691,8407551
2,2021-04-11,44649,5673938,23151,2804992,12991,2619386,8507,249560,18259,1430913,0.170194,26233,2269895,0.269983,27468,3700808,0.440177,8407551
2,2021-04-12,80529,5754467,37495,2842487,33549,2652935,9485,259045,35814,1432762,0.170414,44423,2314318,0.275267,46272,3747080,0.44568,8407551
2,2021-04-13,102363,5856830,53140,2895627,48957,2701892,266,259311,55906,1443674,0.171712,46157,2360475,0.280757,57069,3804149,0.452468,8407551
2,2021-04-14,107347,5964177,56270,2951897,51016,2752908,61,259372,54685,1447531,0.17217,52327,2412802,0.28698,56184,3860333,0.459151,8407551
2,2021-04-15,113750,6077927,60425,3012322,53227,2806135,98,259470,59258,1453894,0.172927,54071,2466873,0.293412,60434,3920767,0.466339,8407551
2,2021-04-16,111344,6189271,57776,3070098,53509,2859644,59,259529,56469,1456776,0.17327,54501,2521374,0.299894,57383,3978150,0.473164,8407551
2,2021-04-17,83863,6273134,42676,3112774,41171,2900815,16,259545,46764,1467599,0.174557,36827,2558201,0.304274,47650,4025800,0.478831,8407551
2,2021-04-18,36059,6309193,21909,3134683,14139,2914954,11,259556,17033,1466757,0.174457,18880,2577081,0.30652,18038,4043838,0.480977,8407551
2,2021-04-19,75129,6384322,40448,3175131,34662,2949616,19,259575,34056,1460662,0.173732,40786,2617867,0.311371,34691,4078529,0.485103,8407551
2,2021-04-20,97844,6482166,49495,3224626,48321,2997937,28,259603,47159,1458280,0.173449,50316,2668183,0.317356,47934,4126463,0.490804,8407551
2,2021-04-21,104311,6586477,56492,3281118,47749,3045686,70,259673,49152,1453837,0.17292,54646,2722829,0.323855,50203,4176666,0.496776,8407551
2,2021-04-22,108839,6695316,56315,3337433,52496,3098182,28,259701,47550,1441476,0.17145,60819,2783648,0.331089,48458,4225124,0.502539,8407551
2,2021-04-23,108441,6803757,57741,3395174,50681,3148863,19,259720,50010,1434443,0.170614,57991,2841639,0.337987,50958,4276082,0.5086,8407551
2,2021-04-24,81273,6885030,47844,3443018,33385,3182248,44,259764,42231,1438993,0.171155,38670,2880309,0.342586,43220,4319302,0.513741,8407551
2,2021-04-25,36729,6921759,22618,3465636,14094,3196342,17,259781,19942,1442797,0.171607,16627,2896936,0.344564,20431,4339733,0.516171,8407551
2,2021-04-26,74607,6996366,41353,3506989,32936,3229278,318,260099,34172,1438606,0.171109,40136,2937072,0.349337,35945,4375678,0.520446,8407551
2,2021-04-27,88694,7085060,46823,3553812,40498,3269776,1373,261472,37944,1428831,0.169946,50341,2987413,0.355325,40566,4416244,0.525271,8407551
2,2021-04-28,88655,7173715,47412,3601224,39363,3309139,1880,263352,39003,1421344,0.169056,49291,3036704,0.361188,41804,4458048,0.530243,8407551
2,2021-04-29,91658,7265373,49945,3651169,39992,3349131,1721,265073,35520,1403469,0.16693,55718,3092422,0.367815,37843,4495891,0.534744,8407551
2,2021-04-30,95308,7360681,52660,3703829,40637,3389768,2011,267084,36939,1385201,0.164757,57877,3150299,0.374699,39609,4535500,0.539456,8407551
2,2021-05-01,63015,7423696,38433,3742262,22977,3412745,1605,268689,24554,1374104,0.163437,38110,3188409,0.379232,27013,4562513,0.542668,8407551
2,2021-05-02,29401,7453097,20468,3762730,7955,3420700,978,269667,11160,1368236,0.162739,18095,3206504,0.381384,12227,4574740,0.544123,8407551
2,2021-05-03,60901,7513998,36172,3798902,22661,3443361,2068,271735,20414,1350786,0.160663,40194,3246698,0.386165,22744,4597484,0.546828,8407551
2,2021-05-04,80346,7594344,47972,3846874,29965,3473326,2409,274144,26031,1325672,0.157676,53942,3300640,0.39258,28828,4626312,0.550257,8407551
2,2021-05-05,80961,7675305,48240,3895114,30357,3503683,2364,276508,25257,1298370,0.154429,55292,3355932,0.399157,27990,4654302,0.553586,8407551
2,2021-05-06,83387,7758692,50650,3945764,29802,3533485,2935,279443,25271,1269598,0.151007,57609,3413541,0.406009,28837,4683139,0.557016,8407551
2,2021-05-07,84164,7842856,48592,3994356,33137,3566622,2435,281878,25735,1240204,0.147511,58015,3471556,0.412909,28621,4711760,0.56042,8407551
2,2021-05-08,55932,7898788,33928,4028284,20275,3586897,1729,283607,17458,1221891,0.145333,38230,3509786,0.417456,19917,4731677,0.562789,8407551
2,2021-05-09,21930,7920718,15789,4044073,5393,3592290,748,284355,6328,1213691,0.144357,15506,3525292,0.419301,7306,4738983,0.563658,8407551
2,2021-05-10,50511,7971229,27547,4071620,21072,3613362,1892,286247,14217,1194384,0.142061,36018,3561310,0.423585,16711,4755694,0.565646,8407551
2,2021-05-11,66633,8037862,36122,4107742,28371,3641733,2140,288387,20041,1170988,0.139278,46267,3607577,0.429088,22871,4778565,0.568366,8407551
2,2021-05-12,65541,8103403,34937,4142679,28365,3670098,2239,290626,19258,1146944,0.136418,45953,3653530,0.434553,21909,4800474,0.570972,8407551
2,2021-05-13,71368,8174771,41458,4184137,27957,3698055,1953,292579,26073,1130727,0.134489,44982,3698512,0.439904,28765,4829239,0.574393,8407551
2,2021-05-14,80341,8255112,48163,4232300,29904,3727959,2274,294853,30820,1115322,0.132657,49139,3747651,0.445748,33734,4862973,0.578405,8407551
2,2021-05-15,66842,8321954,43910,4276210,21211,3749170,1721,296574,25892,1102655,0.131151,40683,3788334,0.450587,28016,4890989,0.581738,8407551
2,2021-05-16,31815,8353769,23811,4300021,7078,3756248,926,297500,12937,1097913,0.130587,18737,3807071,0.452816,13995,4904984,0.583402,8407551
2,2021-05-17,58264,8412033,36919,4336940,19383,3775631,1962,299462,22926,1088088,0.129418,35080,3842151,0.456988,25255,4930239,0.586406,8407551
2,2021-05-18,70450,8482483,41218,4378158,27262,3802893,1970,301432,27913,1076266,0.128012,42246,3884397,0.462013,30424,4960663,0.590025,8407551
2,2021-05-19,69214,8551697,40966,4419124,26226,3829119,2022,303454,27358,1064591,0.126623,41526,3925923,0.466952,29851,4990514,0.593575,8407551
2,2021-05-20,69958,8621655,40604,4459728,27156,3856275,2198,305652,26589,1050965,0.125003,43017,3968940,0.472069,29391,5019905,0.597071,8407551
2,2021-05-21,73530,8695185,43424,4503152,27932,3884207,2174,307826,27928,1036404,0.123271,45225,4014165,0.477448,30664,5050569,0.600718,8407551
2,2021-05-22,53932,8749117,34252,4537404,17908,3902115,1772,309598,22503,1030034,0.122513,31186,4045351,0.481157,24816,5075385,0.60367,8407551
2,2021-05-23,24492,8773609,16714,4554118,7052,3909167,726,310324,10272,1027089,0.122163,14086,4059437,0.482832,11141,5086526,0.604995,8407551
2,2021-05-24,45215,8818824,25717,4579835,17711,3926878,1787,312111,17373,1018993,0.1212,27599,4087036,0.486115,19503,5106029,0.607315,8407551
2,2021-05-25,51190,8870014,30001,4609836,19315,3946193,1874,313985,19458,1009449,0.120065,31413,4118449,0.489851,21869,5127898,0.609916,8407551
2,2021-05-26,49063,8919077,27509,4637345,19860,3966053,1694,315679,19189,1001145,0.119077,29527,4147976,0.493363,21223,5149121,0.61244,8407551
2,2021-05-27,46924,8966001,26630,4663975,18553,3984606,1741,317420,18725,994173,0.118248,27941,4175917,0.496686,20969,5170090,0.614934,8407551
2,2021-05-28,50495,9016496,27927,4691902,20586,4005192,1982,319402,21169,988702,0.117597,29057,4204974,0.500143,23586,5193676,0.617739,8407551
2,2021-05-29,29176,9045672,17487,4709389,10625,4015817,1064,320466,13289,987514,0.117456,15720,4220694,0.502012,14532,5208208,0.619468,8407551
2,2021-05-30,12706,9058378,8188,4717577,3750,4019567,768,321234,5537,986785,0.117369,7100,4227794,0.502857,6371,5214579,0.620226,8407551
2,2021-05-31,5951,9064329,3490,4721067,2156,4021723,305,321539,1858,984966,0.117153,4030,4231824,0.503336,2211,5216790,0.620489,8407551
2,2021-06-01,45195,9109524,25974,4747041,17549,4039272,1672,323211,15719,973590,0.115799,29135,4260959,0.506801,17759,5234549,0.622601,8407551
2,2021-06-02,38498,9148022,22660,4769701,14413,4053685,1425,324636,15060,967213,0.115041,23162,4284121,0.509556,16785,5251334,0.624597,8407551
2,2021-06-03,41724,9189746,26887,4796588,13357,4067042,1480,326116,14062,955730,0.113675,27412,4311533,0.512817,15929,5267263,0.626492,8407551
2,2021-06-04,48390,9238136,31611,4828199,15228,4082270,1551,327667,15606,940947,0.111917,32465,4343998,0.516678,17682,5284945,0.628595,8407551
2,2021-06-05,38112,9276248,27212,4855411,9429,4091699,1471,329138,11851,928677,0.110457,26017,4370015,0.519773,13747,5298692,0.63023,8407551
2,2021-06-06,14957,9291205,12273,4867684,2105,4093804,579,329717,4656,923873,0.109886,10235,4380250,0.52099,5431,5304123,0.630876,8407551
2,2021-06-07,33485,9324690,23444,4891128,8757,4102561,1284,331001,10948,913970,0.108708,22375,4402625,0.523651,12472,5316595,0.63236,8407551
2,2021-06-08,40702,9365392,28797,4919925,10534,4113095,1371,332372,12471,900217,0.107072,27979,4430604,0.526979,14226,5330821,0.634052,8407551
2,2021-06-09,38210,9403602,26678,4946603,10032,4123127,1500,333872,11543,887119,0.105515,26468,4457072,0.530127,13370,5344191,0.635642,8407551
2,2021-06-10,37892,9441494,26356,4972959,10004,4133131,1532,335404,11611,874656,0.104032,26081,4483153,0.533229,13618,5357809,0.637262,8407551
2,2021-06-11,41514,9483008,27589,5000548,12248,4145379,1677,337081,13279,861952,0.102521,27963,4511116,0.536555,15259,5373068,0.639076,8407551
2,2021-06-12,29615,9512623,21809,5022357,6890,4152269,916,337997,8692,851014,0.10122,20779,4531895,0.539027,9841,5382909,0.640247,8407551
2,2021-06-13,12258,9524881,8956,5031313,2680,4154949,622,338619,3111,845831,0.100604,9083,4540978,0.540107,3900,5386809,0.640711,8407551
2,2021-06-14,30011,9554892,21297,5052610,7505,4162454,1209,339828,10366,838141,0.099689,19468,4560446,0.542423,11778,5398587,0.642112,8407551
2,2021-06-15,35876,9590768,23905,5076515,9913,4172367,2058,341886,12061,829094,0.098613,23544,4583990,0.545223,14497,5413084,0.643836,8407551
2,2021-06-16,33233,9624001,22959,5099474,8464,4180831,1810,343696,11486,821136,0.097666,21567,4605557,0.547788,13609,5426693,0.645455,8407551
2,2021-06-17,30976,9654977,20699,5120173,8472,4189303,1805,345501,10959,814272,0.09685,19834,4625391,0.550147,12970,5439663,0.646997,8407551
2,2021-06-18,34805,9689782,22936,5143109,9987,4199290,1882,347383,12626,807077,0.095994,21953,4647344,0.552758,14758,5454421,0.648753,8407551
2,2021-06-19,20987,9710769,14623,5157732,5103,4204393,1261,348644,7912,803539,0.095573,12911,4660255,0.554294,9373,5463794,0.649867,8407551
2,2021-06-20,8302,9719071,5937,5163669,1900,4206293,465,349109,3068,801952,0.095385,5190,4665445,0.554911,3603,5467397,0.650296,8407551
2,2021-06-21,19354,9738425,11846,5175515,6186,4212479,1322,350431,9870,803964,0.095624,9361,4674806,0.556025,11373,5478770,0.651649,8407551
2,2021-06-22,26917,9765342,18434,5193949,7098,4219577,1385,351816,10522,799924,0.095144,16220,4691026,0.557954,12180,5490950,0.653097,8407551
2,2021-06-23,25953,9791295,17913,5211862,6410,4225987,1630,353446,10539,797118,0.09481,15268,4706294,0.55977,12462,5503412,0.65458,8407551
2,2021-06-24,25409,9816704,17302,5229164,6582,4232569,1525,354971,10465,794550,0.094504,14790,4721084,0.561529,12222,5515634,0.656033,8407551
2,2021-06-25,28803,9845507,19519,5248683,7789,4240358,1495,356466,11991,791626,0.094157,16649,4737733,0.563509,13725,5529359,0.657666,8407551
2,2021-06-26,18695,9864202,13762,5262445,4000,4244358,933,357399,7615,789441,0.093897,10989,4748722,0.564816,8804,5538163,0.658713,8407551
2,2021-06-27,8842,9873044,6745,5269190,1646,4246004,451,357850,3547,788324,0.093764,5239,4753961,0.565439,4122,5542285,0.659203,8407551
2,2021-06-28,19876,9892920,15092,5284282,3540,4249544,1244,359094,8770,787554,0.093672,10975,4764936,0.566745,10205,5552490,0.660417,8407551
2,2021-06-29,22805,9915725,15874,5300156,5857,4255401,1074,360168,9742,785680,0.093449,12924,4777860,0.568282,11050,5563540,0.661731,8407551
2,2021-06-30,22020,9937745,15609,5315765,5386,4260787,1025,361193,9792,784644,0.093326,12082,4789942,0.569719,11046,5574586,0.663045,8407551
2,2021-07-01,19967,9957712,14098,5329863,4971,4265758,898,362091,8867,783642,0.093207,10969,4800911,0.571024,9967,5584553,0.664231,8407551
2,2021-07-02,22956,9980668,15823,5345686,6105,4271863,1028,363119,10172,782425,0.093062,12619,4813530,0.572525,11402,5595955,0.665587,8407551
2,2021-07-03,12559,9993227,9040,5354726,3045,4274908,474,363593,5738,782035,0.093016,6723,4820253,0.573324,6333,5602288,0.66634,8407551
2,2021-07-04,1014,9994241,596,5355322,351,4275259,67,363660,434,781991,0.093011,568,4820821,0.573392,524,5602812,0.666402,8407551
2,2021-07-05,11073,10005314,8104,5363426,2560,4277819,409,364069,5068,781660,0.092971,5936,4826757,0.574098,5605,5608417,0.667069,8407551
2,2021-07-06,23756,10029070,17244,5380670,5510,4283329,1002,365071,9163,777655,0.092495,14441,4841198,0.575815,10436,5618853,0.66831,8407551
2,2021-07-07,20590,10049660,14680,5395350,4807,4288136,1103,366174,8736,776044,0.092303,11712,4852910,0.577209,10101,5628954,0.669512,8407551
2,2021-07-08,19163,10068823,13344,5408694,4778,4292914,1041,367215,8056,774338,0.0921,11005,4863915,0.578517,9299,5638253,0.670618,8407551
2,2021-07-09,22507,10091330,15573,5424267,5679,4298593,1255,368470,9508,772440,0.091875,12860,4876775,0.580047,10962,5649215,0.671922,8407551
2,2021-07-10,14280,10105610,10528,5434795,3068,4301661,684,369154,6267,771631,0.091778,7919,4884694,0.580989,7110,5656325,0.672767,8407551
2,2021-07-11,6554,10112164,4818,5439613,1387,4303048,349,369503,3081,771703,0.091787,3429,4888123,0.581397,3501,5659826,0.673184,8407551
2,2021-07-12,18188,10130352,13372,5452985,3945,4306993,871,370374,7820,770341,0.091625,10252,4898375,0.582616,8890,5668716,0.674241,8407551
2,2021-07-13,19504,10149856,13762,5466747,4860,4311853,882,371256,8727,769515,0.091527,10630,4909005,0.58388,9804,5678520,0.675407,8407551
2,2021-07-14,18665,10168521,13318,5480065,4560,4316413,787,372043,8325,768628,0.091421,10210,4919215,0.585095,9323,5687843,0.676516,8407551
2,2021-07-15,18807,10187328,13636,5493701,4472,4320885,699,372742,8539,767932,0.091338,10149,4929364,0.586302,9453,5697296,0.67764,8407551
2,2021-07-16,22842,10210170,16432,5510133,5581,4326466,829,373571,10942,768142,0.091363,11767,4941131,0.587702,11977,5709273,0.679065,8407551
2,2021-07-17,14348,10224518,10446,5520579,3368,4329834,534,374105,6921,768395,0.091393,7337,4948468,0.588574,7590,5716863,0.679968,8407551
2,2021-07-18,6980,10231498,5212,5525791,1440,4331274,328,374433,3532,768918,0.091456,3405,4951873,0.588979,3928,5720791,0.680435,8407551
2,2021-07-19,18396,10249894,13700,5539491,3955,4335229,741,375174,9136,769835,0.091565,9143,4961016,0.590067,10060,5730851,0.681631,8407551
2,2021-07-20,20827,10270721,14821,5554312,5170,4340399,836,376010,10551,771298,0.091739,10142,4971158,0.591273,11605,5742456,0.683012,8407551
2,2021-07-21,20343,10291064,14791,5569103,4784,4345183,768,376778,10547,773137,0.091957,9672,4980830,0.592423,11511,5753967,0.684381,8407551
2,2021-07-22,20246,10311310,14461,5583564,4935,4350118,850,377628,10821,775702,0.092263,9280,4990110,0.593527,11845,5765812,0.68579,8407551
2,2021-07-23,24337,10335647,17032,5600596,6261,4356379,1044,378672,13246,779258,0.092685,10933,5001043,0.594828,14489,5780301,0.687513,8407551
2,2021-07-24,14745,10350392,10623,5611219,3628,4360007,494,379166,8234,781697,0.092976,6403,5007446,0.595589,8842,5789143,0.688565,8407551
2,2021-07-25,6677,10357069,4919,5616138,1618,4361625,140,379306,4941,785124,0.093383,1693,5009139,0.59579,5120,5794263,0.689174,8407551
2,2021-07-26,18944,10376013,13363,5629501,4808,4366433,773,380079,11996,791189,0.094105,6831,5015970,0.596603,12896,5807159,0.690708,8407551
2,2021-07-27,22755,10398768,16463,5645964,5437,4371870,855,380934,13339,796273,0.094709,9260,5025230,0.597704,14344,5821503,0.692414,8407551
2,2021-07-28,22591,10421359,16151,5662115,5539,4377409,901,381835,13368,801666,0.095351,9058,5034288,0.598782,14451,5835954,0.694132,8407551
2,2021-07-29,21368,10442727,15308,5677423,5142,4382551,918,382753,12905,807315,0.096023,8322,5042610,0.599772,13971,5849925,0.695794,8407551
2,2021-07-30,26193,10468920,18665,5696088,6572,4389123,956,383709,15689,813854,0.0968,10308,5052918,0.600998,16847,5866772,0.697798,8407551
2,2021-07-31,15728,10484648,11591,5707679,3628,4392751,509,384218,9520,817935,0.097286,6083,5059001,0.601721,10164,5876936,0.699007,8407551
2,2021-08-01,8042,10492690,6193,5713872,1679,4394430,170,384388,5278,820743,0.09762,2704,5061705,0.602043,5512,5882448,0.699662,8407551
2,2021-08-02,21259,10513949,15989,5729861,4512,4398942,758,385146,13491,827483,0.098421,7623,5069328,0.602949,14363,5896811,0.701371,8407551
2,2021-08-03,24025,10537974,17501,5747362,5511,4404453,1013,386159,14939,834628,0.099271,8936,5078264,0.604012,16081,5912892,0.703284,8407551
2,2021-08-04,22682,10560656,16799,5764161,5016,4409469,867,387026,14139,841330,0.100068,8400,5086664,0.605011,15102,5927994,0.70508,8407551
2,2021-08-05,23041,10583697,16904,5781065,5220,4414689,917,387943,14248,847987,0.10086,8621,5095285,0.606037,15278,5943272,0.706897,8407551
2,2021-08-06,27595,10611292,20202,5801267,6409,4421098,984,388927,16810,855311,0.101731,10595,5105880,0.607297,17919,5961191,0.709028,8407551
2,2021-08-07,16864,10628156,12533,5813800,3740,4424838,591,389518,10362,859954,0.102284,6392,5112272,0.608057,11035,5972226,0.710341,8407551
2,2021-08-08,9360,10637516,7087,5820887,2045,4426883,228,389746,5856,862663,0.102606,3417,5115689,0.608464,6126,5978352,0.711069,8407551
2,2021-08-09,23221,10660737,17802,5838689,4654,4431537,765,390511,14067,868626,0.103315,8996,5124685,0.609534,14959,5993311,0.712849,8407551
2,2021-08-10,24262,10684999,17873,5856562,5542,4437079,847,391358,14259,874044,0.103959,9827,5134512,0.610702,15245,6008556,0.714662,8407551
2,2021-08-11,21887,10706886,16335,5872897,4653,4441732,899,392257,12722,878769,0.104521,8992,5143504,0.611772,13717,6022273,0.716293,8407551
2,2021-08-12,23791,10730677,17025,5889922,5703,4447435,1063,393320,13881,884112,0.105157,9700,5153204,0.612926,15043,6037316,0.718083,8407551
2,2021-08-13,29659,10760336,21444,5911366,7188,4454623,1027,394347,17156,890278,0.10589,12149,5165353,0.614371,18315,6055631,0.720261,8407551
2,2021-08-14,18686,10779022,13773,5925139,4410,4459033,503,394850,10487,893792,0.106308,7613,5172966,0.615276,11127,6066758,0.721584,8407551
2,2021-08-15,9709,10788731,7280,5932419,2245,4461278,184,395034,5324,895409,0.106501,3962,5176928,0.615747,5579,6072337,0.722248,8407551
2,2021-08-16,24625,10813356,17446,5949865,6340,4467618,839,395873,12853,898708,0.106893,10538,5187466,0.617001,13837,6086174,0.723894,8407551
2,2021-08-17,25766,10839122,18272,5968137,6575,4474193,919,396792,12806,901032,0.107169,11526,5198992,0.618372,13850,6100024,0.725541,8407551
2,2021-08-18,26040,10865162,18493,5986630,6669,4480862,878,397670,12766,903255,0.107434,11566,5210558,0.619747,13789,6113813,0.727181,8407551
2,2021-08-19,25787,10890949,17830,6004460,6949,4487811,1008,398678,12813,906026,0.107763,11165,5221723,0.621075,13936,6127749,0.728839,8407551
2,2021-08-20,32037,10922986,22554,6027014,8476,4496287,1007,399685,15060,907642,0.107956,14597,5236320,0.622812,16213,6143962,0.730767,8407551
2,2021-08-21,18826,10941812,13917,6040931,4378,4500665,531,400216,8967,908476,0.108055,8796,5245116,0.623858,9630,6153592,0.731913,8407551
2,2021-08-22,10617,10952429,7861,6048792,2553,4503218,203,400419,5250,909190,0.10814,4812,5249928,0.62443,5526,6159118,0.73257,8407551
2,2021-08-23,25924,10978353,18951,6067743,6290,4509508,683,401102,12120,910133,0.108252,12070,5261998,0.625866,13013,6172131,0.734118,8407551
2,2021-08-24,13468,10991821,9868,6077611,2851,4512359,749,401851,5784,910175,0.108257,6611,5268609,0.626652,6653,6178784,0.734909,8407551
3,2020-12-15,341,341,341,341,0,0,0,0,341,341,4.2e-05,0,0,0.0,341,341,4.2e-05,8129050
3,2020-12-16,2521,2862,2521,2862,0,0,0,0,2522,2863,0.000352,0,0,0.0,2522,2863,0.000352,8129050
3,2020-12-17,7939,10801,7939,10801,0,0,0,0,7939,10802,0.001329,0,0,0.0,7939,10802,0.001329,8129050
3,2020-12-18,13562,24363,13541,24342,21,21,0,0,13557,24359,0.002997,0,0,0.0,13557,24359,0.002997,8129050
3,2020-12-19,7278,31641,7265,31607,13,34,0,0,7336,31693,0.003899,2,2,0.0,7336,31695,0.003899,8129050
3,2020-12-20,5688,37329,5675,37282,13,47,0,0,5734,37426,0.004604,1,3,0.0,5734,37429,0.004604,8129050
3,2020-12-21,14474,51803,14446,51728,28,75,0,0,14538,51963,0.006392,1,4,0.0,14538,51967,0.006393,8129050
3,2020-12-22,14982,66785,14370,66098,612,687,0,0,15017,66977,0.008239,3,7,1e-06,15017,66984,0.00824,8129050
3,2020-12-23,14992,81777,12341,78439,2651,3338,0,0,15015,81991,0.010086,2,9,1e-06,15016,82000,0.010087,8129050
3,2020-12-24,6835,88612,4889,83328,1946,5284,0,0,6832,88821,0.010926,2,11,1e-06,6832,88832,0.010928,8129050
3,2020-12-25,740,89352,678,84006,62,5346,0,0,737,89558,0.011017,0,11,1e-06,737,89569,0.011018,8129050
3,2020-12-26,4649,94001,3014,87020,1635,6981,0,0,4647,94205,0.011589,0,11,1e-06,4647,94216,0.01159,8129050
3,2020-12-27,3024,97025,1872,88892,1152,8133,0,0,3024,97229,0.011961,0,11,1e-06,3024,97240,0.011962,8129050
3,2020-12-28,13787,110812,8818,97710,4969,13102,0,0,13809,111036,0.013659,2,13,2e-06,13809,111049,0.013661,8129050
3,2020-12-29,15432,126244,8743,106453,6689,19791,0,0,15459,126493,0.015561,2,15,2e-06,15459,126508,0.015562,8129050
3,2020-12-30,18418,144662,10330,116783,8088,27879,0,0,18424,144916,0.017827,2,17,2e-06,18425,144933,0.017829,8129050
3,2020-12-31,8524,153186,3260,120043,5264,33143,0,0,8524,153438,0.018875,2,19,2e-06,8524,153457,0.018878,8129050
3,2021-01-01,1861,155047,893,120936,968,34111,0,0,1856,155293,0.019103,1,20,2e-06,1856,155313,0.019106,8129050
3,2021-01-02,4987,160034,2450,123386,2537,36648,0,0,4986,160279,0.019717,0,20,2e-06,4986,160299,0.019719,8129050
3,2021-01-03,1640,161674,864,124250,776,37424,0,0,1631,161908,0.019917,2,22,3e-06,1631,161930,0.01992,8129050
3,2021-01-04,12176,173850,6050,130300,6126,43550,0,0,12146,174045,0.02141,9,31,4e-06,12146,174076,0.021414,8129050
3,2021-01-05,15923,189773,8270,138570,7653,51203,0,0,14215,186602,0.022955,1691,1722,0.000212,14248,188324,0.023167,8129050
3,2021-01-06,20774,210547,11023,149593,9751,60954,0,0,16142,198172,0.024378,4583,6305,0.000776,16153,204477,0.025154,8129050
3,2021-01-07,26849,237396,15364,164957,11485,72439,0,0,17286,205954,0.025336,9524,15829,0.001947,17306,221783,0.027283,8129050
3,2021-01-08,30904,268300,18888,183845,12016,84455,0,0,18294,211690,0.026041,12586,28415,0.003495,18322,240105,0.029537,8129050
3,2021-01-09,12565,280865,7094,190939,5471,89926,0,0,8011,215164,0.026469,4546,32961,0.004055,8020,248125,0.030523,8129050
3,2021-01-10,7275,288140,4509,195448,2766,92692,0,0,4101,216101,0.026584,3172,36133,0.004445,4109,252234,0.031029,8129050
3,2021-01-11,29387,317527,19253,214701,10134,102826,0,0,16619,220015,0.027065,12755,48888,0.006014,16669,268903,0.033079,8129050
3,2021-01-12,32883,350410,19619,234320,13264,116090,0,0,20137,227580,0.027996,12725,61613,0.007579,20290,289193,0.035575,8129050
3,2021-01-13,34853,385263,18210,252530,16643,132733,0,0,24544,241854,0.029752,10302,71915,0.008847,24576,313769,0.038598,8129050
3,2021-01-14,35001,420264,14307,266837,20694,153427,0,0,29042,265011,0.0326,5927,77842,0.009576,29084,342853,0.042176,8129050
3,2021-01-15,39313,459577,14577,281414,24736,178163,0,0,34579,294953,0.036284,4715,82557,0.010156,34657,377510,0.04644,8129050
3,2021-01-16,22038,481615,7514,288928,14524,192687,0,0,19650,312249,0.038411,2377,84934,0.010448,19673,397183,0.04886,8129050
3,2021-01-17,13201,494816,4489,293417,8712,201399,0,0,12106,323279,0.039768,1094,86028,0.010583,12124,409307,0.050351,8129050
3,2021-01-18,24988,519804,13062,306479,11926,213325,0,0,19300,336928,0.041447,5702,91730,0.011284,19351,428658,0.052732,8129050
3,2021-01-19,41554,561358,21181,327660,20373,233698,0,0,32148,359789,0.04426,9378,101108,0.012438,32239,460897,0.056698,8129050
3,2021-01-20,46539,607897,23173,350833,23366,257064,0,0,36815,387015,0.047609,9676,110784,0.013628,36902,497799,0.061237,8129050
3,2021-01-21,48551,656448,21089,371922,27462,284526,0,0,42901,424436,0.052212,5568,116352,0.014313,42989,540788,0.066525,8129050
3,2021-01-22,50169,706617,19999,391921,30170,314696,0,0,45869,466084,0.057336,4297,120649,0.014842,45945,586733,0.072177,8129050
3,2021-01-23,30647,737264,12879,404800,17768,332464,0,0,27315,490141,0.060295,3320,123969,0.01525,27377,614110,0.075545,8129050
3,2021-01-24,18076,755340,8534,413334,9542,342006,0,0,16877,505856,0.062228,1195,125164,0.015397,16910,631020,0.077625,8129050
3,2021-01-25,41261,796601,18387,431721,22874,364880,0,0,31123,526959,0.064824,10115,135279,0.016641,31218,662238,0.081466,8129050
3,2021-01-26,47700,844301,22781,454502,24919,389799,0,0,37351,554086,0.068161,10334,145613,0.017913,37461,699699,0.086074,8129050
3,2021-01-27,52000,896301,24749,479251,27251,417050,0,0,41159,584563,0.07191,10769,156382,0.019237,41246,740945,0.091148,8129050
3,2021-01-28,52644,948945,24411,503662,28233,445283,0,0,43546,619167,0.076167,9004,165386,0.020345,43608,784553,0.096512,8129050
3,2021-01-29,51656,1000601,24713,528375,26943,472226,0,0,41729,651219,0.08011,9729,175115,0.021542,41781,826334,0.101652,8129050
3,2021-01-30,37842,1038443,17825,546200,20017,492243,0,0,33079,679685,0.083612,4708,179823,0.022121,33174,859508,0.105733,8129050
3,2021-01-31,22902,1061345,12872,559072,10030,502273,0,0,21456,699738,0.086079,1428,181251,0.022297,21481,880989,0.108375,8129050
3,2021-02-01,46607,1107952,21330,580402,25277,527550,0,0,35504,724247,0.089094,11038,192289,0.023655,35547,916536,0.112748,8129050
3,2021-02-02,55008,1162960,22950,603352,32058,559608,0,0,42395,754185,0.092777,12511,204800,0.025194,42449,958985,0.11797,8129050
3,2021-02-03,60562,1223522,26926,630278,33636,593244,0,0,44968,783801,0.09642,15429,220229,0.027092,45045,1004030,0.123511,8129050
3,2021-02-04,64960,1288482,28142,658420,36818,630062,0,0,47526,814236,0.100164,17219,237448,0.02921,47654,1051684,0.129374,8129050
3,2021-02-05,71227,1359709,30020,688440,41207,671269,0,0,49167,841829,0.103558,21796,259244,0.031891,49389,1101073,0.135449,8129050
3,2021-02-06,44051,1403760,21079,709519,22972,694241,0,0,34296,866616,0.106607,9706,268950,0.033085,34493,1135566,0.139692,8129050
3,2021-02-07,19909,1423669,12669,722188,7240,701481,0,0,15283,877421,0.107936,4607,273557,0.033652,15412,1150978,0.141588,8129050
3,2021-02-08,51975,1475644,25092,747280,26883,728364,0,0,34024,893837,0.109956,17810,291367,0.035843,34226,1185204,0.145799,8129050
3,2021-02-09,59246,1534890,28750,776030,30496,758860,0,0,34595,904356,0.11125,24435,315802,0.038849,34954,1220158,0.150098,8129050
3,2021-02-10,68886,1603776,32070,808100,36816,795676,0,0,36867,910037,0.111949,31714,347516,0.04275,37395,1257553,0.154699,8129050
3,2021-02-11,71398,1675174,35097,843197,36301,831977,0,0,37833,915268,0.112592,33160,380676,0.046829,38391,1295944,0.159421,8129050
3,2021-02-12,76408,1751582,32912,876109,43496,875473,0,0,42096,924183,0.113689,33962,414638,0.051007,42877,1338821,0.164696,8129050
3,2021-02-13,45544,1797126,20611,896720,24933,900406,0,0,26083,931518,0.114591,19342,433980,0.053386,26677,1365498,0.167978,8129050
3,2021-02-14,27586,1824712,13761,910481,13825,914231,0,0,15294,935060,0.115027,12223,446203,0.05489,15765,1381263,0.169917,8129050
3,2021-02-15,40554,1865266,17477,927958,23077,937308,0,0,22351,940285,0.11567,18084,464287,0.057115,23309,1404572,0.172784,8129050
3,2021-02-16,70957,1936223,33586,961544,37371,974679,0,0,36732,944012,0.116128,34058,498345,0.061304,37785,1442357,0.177432,8129050
3,2021-02-17,72714,2008937,36729,998273,35985,1010664,0,0,34358,941355,0.115801,38089,536434,0.06599,35432,1477789,0.181791,8129050
3,2021-02-18,77864,2086801,40666,1038939,37198,1047862,0,0,35886,936836,0.115245,41763,578197,0.071127,37244,1515033,0.186373,8129050
3,2021-02-19,69930,2156731,40284,1079223,29646,1077508,0,0,35227,938218,0.115415,34526,612723,0.075374,35908,1550941,0.19079,8129050
3,2021-02-20,43519,2200250,27447,1106670,16072,1093580,0,0,22614,940593,0.115708,20780,633503,0.077931,23155,1574096,0.193638,8129050
3,2021-02-21,24498,2224748,19670,1126340,4828,1098408,0,0,11780,940186,0.115658,12608,646111,0.079482,12201,1586297,0.195139,8129050
3,2021-02-22,47975,2272723,31231,1157571,16744,1115152,0,0,22424,937723,0.115355,25391,671502,0.082605,22928,1609225,0.19796,8129050
3,2021-02-23,64125,2336848,34822,1192393,29303,1144455,0,0,27876,931621,0.114604,35999,707501,0.087034,29897,1639122,0.201638,8129050
3,2021-02-24,80337,2417185,39485,1231878,40852,1185307,0,0,35307,924727,0.113756,44756,752257,0.092539,37862,1676984,0.206295,8129050
3,2021-02-25,90043,2507228,43878,1275756,46165,1231472,0,0,44677,926990,0.114034,45042,797299,0.09808,47305,1724289,0.212114,8129050
3,2021-02-26,101082,2608310,46222,1321978,54860,1286332,0,0,53130,934848,0.115001,47507,844806,0.103924,55365,1779654,0.218925,8129050
3,2021-02-27,71690,2680000,32921,1354899,38765,1325097,4,4,37571,939887,0.115621,33869,878675,0.108091,38908,1818562,0.223712,8129050
3,2021-02-28,41820,2721820,24155,1379054,17660,1342757,5,9,21145,941548,0.115825,20463,899138,0.110608,22124,1840686,0.226433,8129050
3,2021-03-01,70792,2792612,37506,1416560,33229,1375986,57,66,39295,951056,0.116995,31227,930365,0.114449,40735,1881421,0.231444,8129050
3,2021-03-02,82194,2874806,40527,1457087,41653,1417639,14,80,47327,965853,0.118815,34685,965050,0.118716,49482,1930903,0.237531,8129050
3,2021-03-03,92146,2966952,44100,1501187,48009,1465648,37,117,51375,979067,0.120441,40510,1005560,0.1237,53724,1984627,0.24414,8129050
3,2021-03-04,96611,3063563,47259,1548446,49327,1514975,25,142,54592,994257,0.122309,41750,1047310,0.128835,56940,2041567,0.251145,8129050
3,2021-03-05,92955,3156518,45392,1593838,47262,1562237,301,443,56072,1016319,0.125023,36579,1083889,0.133335,58641,2100208,0.258358,8129050
3,2021-03-06,66499,3223017,33709,1627547,30619,1592856,2171,2614,37877,1029373,0.126629,28453,1112342,0.136835,41507,2141715,0.263464,8129050
3,2021-03-07,39512,3262529,22795,1650342,14799,1607655,1918,4532,22202,1037423,0.127619,17227,1129569,0.138955,25277,2166992,0.266574,8129050
3,2021-03-08,60667,3323196,28888,1679230,28751,1636406,3028,7560,38317,1058124,0.130166,22169,1151738,0.141682,42870,2209862,0.271848,8129050
3,2021-03-09,77994,3401190,36006,1715236,37490,1673896,4498,12058,41849,1069626,0.131581,35971,1187709,0.146107,47473,2257335,0.277687,8129050
3,2021-03-10,84114,3485304,41843,1757079,36104,1710000,6167,18225,43871,1081031,0.132984,39995,1227704,0.151027,51400,2308735,0.28401,8129050
3,2021-03-11,98322,3583626,48117,1805196,41519,1751519,8686,26911,48056,1088838,0.133944,49964,1277668,0.157173,57771,2366506,0.291117,8129050
3,2021-03-12,103081,3686707,46053,1851249,45094,1796613,11934,38845,47015,1093032,0.13446,55792,1333460,0.164036,59986,2426492,0.298496,8129050
3,2021-03-13,71046,3757753,29918,1881167,33816,1830429,7312,46157,37490,1105726,0.136022,33398,1366858,0.168145,46092,2472584,0.304166,8129050
3,2021-03-14,41593,3799346,21719,1902886,16296,1846725,3578,49735,20949,1110320,0.136587,20542,1387400,0.170672,25136,2497720,0.307259,8129050
3,2021-03-15,76408,3875754,36240,1939126,35574,1882299,4594,54329,40219,1120169,0.137798,35926,1423326,0.175091,45775,2543495,0.31289,8129050
3,2021-03-16,95871,3971625,44215,1983341,47275,1929574,4381,58710,53781,1137402,0.139918,41809,1465135,0.180234,59042,2602537,0.320153,8129050
3,2021-03-17,99218,4070843,48178,2031519,46457,1976031,4583,63293,60132,1163927,0.143181,38817,1503952,0.18501,65342,2667879,0.328191,8129050
3,2021-03-18,104565,4175408,53114,2084633,46851,2022882,4600,67893,59785,1184371,0.145696,44459,1548411,0.190479,64903,2732782,0.336175,8129050
3,2021-03-19,104168,4279576,55904,2140537,43763,2066645,4501,72394,57874,1201280,0.147776,45982,1594393,0.196135,62891,2795673,0.343911,8129050
3,2021-03-20,72556,4352132,37394,2177931,31440,2098085,3722,76116,44555,1222248,0.150356,27769,1622162,0.199551,48737,2844410,0.349907,8129050
3,2021-03-21,36626,4388758,24866,2202797,10237,2108322,1523,77639,21984,1231718,0.151521,14513,1636675,0.201337,23983,2868393,0.352857,8129050
3,2021-03-22,71156,4459914,41812,2244609,26801,2135123,2543,80182,45155,1254692,0.154347,25727,1662402,0.204501,48701,2917094,0.358848,8129050
3,2021-03-23,90629,4550543,50128,2294737,37913,2173036,2588,82770,55144,1277932,0.157206,35184,1697586,0.20883,58424,2975518,0.366035,8129050
3,2021-03-24,99589,4650132,57308,2352045,39319,2212355,2962,85732,56213,1294721,0.159271,42977,1740563,0.214116,59766,3035284,0.373387,8129050
3,2021-03-25,108341,4758473,60164,2412209,45135,2257490,3042,88774,60543,1311519,0.161337,47415,1787978,0.219949,64213,3099497,0.381286,8129050
3,2021-03-26,111732,4870205,59921,2472130,48432,2305922,3379,92153,57112,1318596,0.162208,54241,1842219,0.226622,61318,3160815,0.38883,8129050
3,2021-03-27,75254,4945459,38268,2510398,34425,2340347,2561,94714,36163,1319150,0.162276,38830,1881049,0.231398,39384,3200199,0.393674,8129050
3,2021-03-28,44765,4990224,28214,2538612,15728,2356075,823,95537,22439,1320868,0.162487,22191,1903240,0.234128,23909,3224108,0.396616,8129050
3,2021-03-29,81598,5071822,42619,2581231,37112,2393187,1867,97404,44294,1330861,0.163717,37016,1940256,0.238682,47009,3271117,0.402398,8129050
3,2021-03-30,101215,5173037,49748,2630979,47757,2440944,3710,101114,56263,1346765,0.165673,44661,1984917,0.244176,60565,3331682,0.409849,8129050
3,2021-03-31,105881,5278918,57099,2688078,43888,2484832,4894,106008,56238,1358847,0.167159,49361,2034278,0.250248,61443,3393125,0.417407,8129050
3,2021-04-01,124949,5403867,63136,2751214,51947,2536779,9866,115874,66949,1378360,0.16956,57521,2091799,0.257324,77034,3470159,0.426884,8129050
3,2021-04-02,118824,5522691,57962,2809176,50409,2587188,10453,126327,62265,1395242,0.171637,56227,2148026,0.264241,73109,3543268,0.435877,8129050
3,2021-04-03,76605,5599296,39186,2848362,28122,2615310,9297,135624,38038,1404457,0.17277,38386,2186412,0.268963,47601,3590869,0.441733,8129050
3,2021-04-04,32640,5631936,17451,2865813,10939,2626249,4250,139874,14246,1404634,0.172792,18302,2204714,0.271214,18479,3609348,0.444006,8129050
3,2021-04-05,90344,5722280,45848,2911661,35154,2661403,9342,149216,43740,1412134,0.173715,46351,2251065,0.276916,53851,3663199,0.450631,8129050
3,2021-04-06,114304,5836584,55631,2967292,43358,2704761,15315,164531,53498,1421087,0.174816,60497,2311562,0.284358,69450,3732649,0.459174,8129050
3,2021-04-07,117126,5953710,60598,3027890,40131,2744892,16397,180928,56333,1433548,0.176349,60499,2372061,0.291801,72960,3805609,0.468149,8129050
3,2021-04-08,122193,6075903,60814,3088704,41067,2785959,20312,201240,56506,1445710,0.177845,65345,2437406,0.299839,77507,3883116,0.477684,8129050
3,2021-04-09,119339,6195242,59404,3148108,40625,2826584,19310,220550,52234,1451242,0.178525,66817,2504223,0.308059,72349,3955465,0.486584,8129050
3,2021-04-10,84910,6280152,38101,3186209,31428,2858012,15381,235931,34493,1451659,0.178577,50205,2554428,0.314235,50622,4006087,0.492811,8129050
3,2021-04-11,45540,6325692,24373,3210582,13075,2871087,8092,244023,17278,1449665,0.178331,28154,2582582,0.317698,26160,4032247,0.496029,8129050
3,2021-04-12,84566,6410258,42700,3253282,32971,2904058,8895,252918,38099,1451521,0.17856,46194,2628776,0.32338,48050,4080297,0.50194,8129050
3,2021-04-13,106093,6516351,57439,3310721,48442,2952500,212,253130,55713,1458232,0.179385,50103,2678879,0.329544,56814,4137111,0.508929,8129050
3,2021-04-14,108339,6624690,59253,3369974,48976,3001476,110,253240,53745,1459266,0.179512,54262,2733141,0.336219,55296,4192407,0.515731,8129050
3,2021-04-15,120060,6744750,67529,3437503,52445,3053921,86,253326,63854,1468189,0.18061,55836,2788977,0.343088,64759,4257166,0.523698,8129050
3,2021-04-16,116249,6860999,65183,3502686,50968,3104889,98,253424,60455,1473957,0.18132,55452,2844429,0.349909,61220,4318386,0.531229,8129050
3,2021-04-17,79935,6940934,43579,3546265,36341,3141230,15,253439,44372,1484007,0.182556,35314,2879743,0.354253,45364,4363750,0.536809,8129050
3,2021-04-18,39084,6980018,23626,3569891,15449,3156679,9,253448,18274,1482499,0.182371,20673,2900416,0.356796,19165,4382915,0.539167,8129050
3,2021-04-19,79629,7059647,44304,3614195,35265,3191944,60,253508,35678,1475036,0.181452,43716,2944132,0.362174,36253,4419168,0.543627,8129050
3,2021-04-20,101324,7160971,53328,3667523,47974,3239918,22,253530,48780,1472640,0.181158,52241,2996373,0.368601,49845,4469013,0.549758,8129050
3,2021-04-21,106553,7267524,59823,3727346,46648,3286566,82,253612,50134,1467949,0.180581,56000,3052373,0.37549,51309,4520322,0.55607,8129050
3,2021-04-22,112686,7380210,63329,3790675,49328,3335894,29,253641,48260,1453167,0.178762,64030,3116403,0.383366,49248,4569570,0.562128,8129050
3,2021-04-23,106992,7487202,61217,3851892,45743,3381637,32,253673,46716,1441053,0.177272,59883,3176286,0.390733,47769,4617339,0.568005,8129050
3,2021-04-24,74407,7561609,45905,3897797,28428,3410065,74,253747,36156,1440342,0.177185,37953,3214239,0.395402,37242,4654581,0.572586,8129050
3,2021-04-25,37170,7598779,23721,3921518,13431,3423496,18,253765,18918,1441602,0.17734,18081,3232320,0.397626,19341,4673922,0.574965,8129050
3,2021-04-26,74486,7673265,42100,3963618,31967,3455463,419,254184,31674,1432538,0.176225,42511,3274831,0.402855,33447,4707369,0.57908,8129050
3,2021-04-27,91702,7764967,48136,4011754,41804,3497267,1762,255946,36245,1416199,0.174215,55122,3329953,0.409636,38783,4746152,0.583851,8129050
3,2021-04-28,87487,7852454,49720,4061474,35611,3532878,2156,258102,35605,1402950,0.172585,51555,3381508,0.415978,38306,4784458,0.588563,8129050
3,2021-04-29,89794,7942248,51308,4112782,36249,3569127,2237,260339,31970,1380193,0.169785,57449,3438957,0.423045,34692,4819150,0.592831,8129050
3,2021-04-30,91374,8033622,51572,4164354,37304,3606431,2498,262837,33932,1360046,0.167307,57041,3495998,0.430062,36894,4856044,0.597369,8129050
3,2021-05-01,55983,8089605,35089,4199443,19403,3625834,1491,264328,20155,1346667,0.165661,35517,3531515,0.434431,22138,4878182,0.600093,8129050
3,2021-05-02,27138,8116743,18526,4217969,7588,3633422,1024,265352,9935,1340640,0.16492,17085,3548600,0.436533,11058,4889240,0.601453,8129050
3,2021-05-03,60200,8176943,35357,4253326,22458,3655880,2385,267737,17511,1318278,0.162169,42437,3591037,0.441754,20075,4909315,0.603922,8129050
3,2021-05-04,78061,8255004,45126,4298452,30240,3686120,2695,270432,22625,1288757,0.158537,55115,3646152,0.448534,25594,4934909,0.607071,8129050
3,2021-05-05,79611,8334615,47791,4346243,29097,3715217,2723,273155,21974,1256486,0.154567,57266,3703418,0.455578,24995,4959904,0.610146,8129050
3,2021-05-06,83915,8418530,53102,4399345,28265,3743482,2548,275703,20650,1217470,0.149768,62754,3766172,0.463298,23738,4983642,0.613066,8129050
3,2021-05-07,82926,8501456,51668,4451013,28605,3772087,2653,278356,21880,1181640,0.14536,60662,3826834,0.47076,24832,5008474,0.61612,8129050
3,2021-05-08,52988,8554444,32852,4483865,18406,3790493,1730,280086,14004,1158940,0.142568,38700,3865534,0.475521,16000,5024474,0.618089,8129050
3,2021-05-09,21094,8575538,15423,4499288,4876,3795369,795,280881,5497,1149805,0.141444,15495,3881029,0.477427,6360,5030834,0.618871,8129050
3,2021-05-10,48445,8623983,26080,4525368,20446,3815815,1919,282800,11213,1126181,0.138538,37010,3918039,0.48198,13386,5044220,0.620518,8129050
3,2021-05-11,64532,8688515,36205,4561573,26093,3841908,2234,285034,16215,1097051,0.134954,48045,3966084,0.48789,18915,5063135,0.622845,8129050
3,2021-05-12,65253,8753768,37501,4599074,25336,3867244,2416,287450,16639,1068104,0.131393,48322,4014406,0.493835,19375,5082510,0.625228,8129050
3,2021-05-13,75900,8829668,47835,4646909,26136,3893380,1929,289379,27670,1050370,0.129212,47962,4062368,0.499735,30228,5112738,0.628947,8129050
3,2021-05-14,80851,8910519,51039,4697948,27651,3921031,2161,291540,31272,1035144,0.127339,49261,4111629,0.505795,34035,5146773,0.633133,8129050
3,2021-05-15,62530,8973049,43119,4741067,18184,3939215,1227,292767,25827,1025955,0.126208,36475,4148104,0.510282,27286,5174059,0.63649,8129050
3,2021-05-16,33333,9006382,24927,4765994,7714,3946929,692,293459,13448,1020433,0.125529,19756,4167860,0.512712,14234,5188293,0.638241,8129050
3,2021-05-17,57251,9063633,36449,4802443,18941,3965870,1861,295320,21074,1007690,0.123962,35887,4203747,0.517126,23144,5211437,0.641088,8129050
3,2021-05-18,64799,9128432,38248,4840691,24673,3990543,1878,297198,24324,994102,0.12229,40188,4243935,0.52207,26600,5238037,0.64436,8129050
3,2021-05-19,64263,9192695,39050,4879741,23449,4013992,1764,298962,24837,981824,0.12078,39160,4283095,0.526888,26882,5264919,0.647667,8129050
3,2021-05-20,62136,9254831,36364,4916105,23910,4037902,1862,300824,22289,966775,0.118928,39541,4322636,0.531752,24492,5289411,0.65068,8129050
3,2021-05-21,66470,9321301,40406,4956511,23948,4061850,2116,302940,23752,950576,0.116936,42376,4365012,0.536965,26177,5315588,0.6539,8129050
3,2021-05-22,45986,9367287,30481,4986992,14029,4075879,1476,304416,19127,944812,0.116227,26624,4391636,0.54024,20860,5336448,0.656466,8129050
3,2021-05-23,21791,9389078,15084,5002076,6053,4081932,654,305070,9206,942293,0.115917,12492,4404128,0.541776,9973,5346421,0.657693,8129050
3,2021-05-24,39881,9428959,23336,5025412,14773,4096705,1772,306842,14784,934162,0.114917,24886,4429014,0.544838,16755,5363176,0.659754,8129050
3,2021-05-25,43059,9472018,24218,5049630,17149,4113854,1692,308534,15257,923838,0.113646,27507,4456521,0.548222,17183,5380359,0.661868,8129050
3,2021-05-26,42698,9514716,24438,5074068,16516,4130370,1744,310278,15993,915315,0.112598,26395,4482916,0.551469,17872,5398231,0.664067,8129050
3,2021-05-27,39610,9554326,22214,5096282,15636,4146006,1760,312038,15497,908890,0.111808,23933,4506849,0.554413,17508,5415739,0.66622,8129050
3,2021-05-28,43139,9597465,24382,5120664,16948,4162954,1809,313847,17919,903939,0.111199,25002,4531851,0.557488,20051,5435790,0.668687,8129050
3,2021-05-29,23564,9621029,14397,5135061,8326,4171280,841,314688,10986,903468,0.111141,12432,4544283,0.559018,11961,5447751,0.670158,8129050
3,2021-05-30,10661,9631690,6910,5141971,3114,4174394,637,315325,4476,902522,0.111024,6103,4550386,0.559768,5157,5452908,0.670793,8129050
3,2021-05-31,4703,9636393,2725,5144696,1712,4176106,266,315591,1471,901112,0.110851,3177,4553563,0.560159,1767,5454675,0.67101,8129050
3,2021-06-01,38022,9674415,21887,5166583,14680,4190786,1455,317046,13295,891590,0.109679,24466,4578029,0.563169,14944,5469619,0.672848,8129050
3,2021-06-02,31701,9706116,18242,5184825,12036,4202822,1423,318469,11741,885148,0.108887,19747,4597776,0.565598,13305,5482924,0.674485,8129050
3,2021-06-03,39861,9745977,27272,5212097,11148,4213970,1441,319910,11515,870185,0.107046,28159,4625935,0.569062,13196,5496120,0.676109,8129050
3,2021-06-04,46416,9792393,32836,5244933,12030,4226000,1550,321460,13201,852398,0.104858,32961,4658896,0.573117,15174,5511294,0.677975,8129050
3,2021-06-05,34520,9826913,26027,5270960,7305,4233305,1188,322648,8755,836988,0.102963,25551,4684447,0.57626,10141,5521435,0.679223,8129050
3,2021-06-06,14694,9841607,12260,5283220,1847,4235152,587,323235,3705,830525,0.102168,10923,4695370,0.577604,4460,5525895,0.679771,8129050
3,2021-06-07,30598,9872205,22243,5305463,7067,4242219,1288,324523,8848,819188,0.100773,21592,4716962,0.58026,10255,5536150,0.681033,8129050
3,2021-06-08,34420,9906625,24698,5330161,8425,4250644,1297,325820,9949,806406,0.099201,24255,4741217,0.583244,11473,5547623,0.682444,8129050
3,2021-06-09,33065,9939690,23979,5354140,7777,4258421,1309,327129,8874,792752,0.097521,24003,4765220,0.586196,10349,5557972,0.683717,8129050
3,2021-06-10,32607,9972297,23512,5377652,7557,4265978,1538,328667,8968,779982,0.09595,23476,4788696,0.589084,10706,5568678,0.685034,8129050
3,2021-06-11,35782,10008079,25309,5402961,9095,4275073,1378,330045,10633,767227,0.094381,24943,4813639,0.592153,12188,5580866,0.686534,8129050
3,2021-06-12,25322,10033401,19085,5422046,5342,4280415,895,330940,6702,756485,0.093059,18503,4832142,0.594429,7761,5588627,0.687488,8129050
3,2021-06-13,10198,10043599,7639,5429685,2067,4282482,492,331432,2388,751684,0.092469,7756,4839898,0.595383,2955,5591582,0.687852,8129050
3,2021-06-14,25915,10069514,18576,5448261,5909,4288391,1430,332862,8107,743695,0.091486,17669,4857567,0.597557,9680,5601262,0.689043,8129050
3,2021-06-15,28939,10098453,19583,5467844,7834,4296225,1522,334384,9733,736153,0.090558,18966,4876533,0.59989,11424,5612686,0.690448,8129050
3,2021-06-16,26093,10124546,18547,5486391,6121,4302346,1425,335809,8826,729473,0.089737,17083,4893616,0.601991,10403,5623089,0.691728,8129050
3,2021-06-17,24978,10149524,17877,5504268,5801,4308147,1300,337109,8670,723438,0.088994,16143,4909759,0.603977,10108,5633197,0.692971,8129050
3,2021-06-18,28069,10177593,19816,5524084,6679,4314826,1574,338683,9809,716962,0.088198,18025,4927784,0.606194,11549,5644746,0.694392,8129050
3,2021-06-19,16050,10193643,11787,5535871,3402,4318228,861,339544,5750,713513,0.087773,10169,4937953,0.607445,6720,5651466,0.695219,8129050
3,2021-06-20,6895,10200538,5170,5541041,1423,4319651,302,339846,2610,712251,0.087618,4227,4942180,0.607965,2965,5654431,0.695583,8129050
3,2021-06-21,16265,10216803,10265,5551306,4598,4324249,1402,341248,8094,713791,0.087807,8077,4950257,0.608959,9617,5664048,0.696766,8129050
3,2021-06-22,22123,10238926,15511,5566817,5313,4329562,1299,342547,8260,709776,0.087314,13729,4963986,0.610648,9714,5673762,0.697961,8129050
3,2021-06-23,20308,10259234,14218,5581035,4748,4334310,1342,343889,8025,707117,0.086986,12164,4976150,0.612144,9505,5683267,0.699131,8129050
3,2021-06-24,19999,10279233,13920,5594955,4624,4338934,1455,345344,7803,704468,0.086661,12014,4988164,0.613622,9365,5692632,0.700283,8129050
3,2021-06-25,23343,10302576,16563,5611518,5357,4344291,1423,346767,9117,701047,0.08624,14087,5002251,0.615355,10666,5703298,0.701595,8129050
3,2021-06-26,14041,10316617,10430,5621948,2836,4347127,775,347542,5859,699764,0.086082,8075,5010326,0.616348,6792,5710090,0.70243,8129050
3,2021-06-27,6739,10323356,5219,5627167,1212,4348339,308,347850,2884,699183,0.08601,3808,5014134,0.616817,3227,5713317,0.702827,8129050
3,2021-06-28,16044,10339400,12343,5639510,2617,4350956,1084,348934,6751,697977,0.085862,9148,5023282,0.617942,7942,5721259,0.703804,8129050
3,2021-06-29,18113,10357513,12759,5652269,4344,4355300,1010,349944,7408,695969,0.085615,10557,5033839,0.619241,8549,5729808,0.704856,8129050
3,2021-06-30,17091,10374604,12110,5664379,3939,4359239,1042,350986,7354,694938,0.085488,9575,5043414,0.620419,8544,5738352,0.705907,8129050
3,2021-07-01,16384,10390988,11678,5676057,3633,4362872,1073,352059,6900,693664,0.085331,9346,5052760,0.621568,8072,5746424,0.7069,8129050
3,2021-07-02,18510,10409498,13161,5689218,4245,4367117,1104,353163,7912,692297,0.085163,10479,5063239,0.622857,9112,5755536,0.708021,8129050
3,2021-07-03,10128,10419626,7319,5696537,2369,4369486,440,353603,4343,691474,0.085062,5708,5068947,0.62356,4885,5760421,0.708622,8129050
3,2021-07-04,732,10420358,431,5696968,214,4369700,87,353690,282,691418,0.085055,441,5069388,0.623614,385,5760806,0.708669,8129050
3,2021-07-05,9548,10429906,6983,5703951,2141,4371841,424,354114,4311,691052,0.08501,5164,5074552,0.624249,4798,5765604,0.709259,8129050
3,2021-07-06,19099,10449005,13847,5717798,4133,4375974,1119,355233,6909,687190,0.084535,12014,5086566,0.625727,8152,5773756,0.710262,8129050
3,2021-07-07,15749,10464754,11178,5728976,3457,4379431,1114,356347,6344,685492,0.084326,9264,5095830,0.626867,7566,5781322,0.711193,8129050
3,2021-07-08,15323,10480077,11066,5740042,3261,4382692,996,357343,6204,683790,0.084117,8992,5104822,0.627973,7290,5788612,0.71209,8129050
3,2021-07-09,17622,10497699,12285,5752327,4117,4386809,1220,358563,7282,682197,0.083921,10205,5115027,0.629228,8612,5797224,0.713149,8129050
3,2021-07-10,10873,10508572,8006,5760333,2202,4389011,665,359228,4611,681371,0.083819,6192,5121219,0.62999,5366,5802590,0.713809,8129050
3,2021-07-11,5129,10513701,3798,5764131,1056,4390067,275,359503,2314,681214,0.0838,2766,5123985,0.63033,2609,5805199,0.71413,8129050
3,2021-07-12,14333,10528034,10455,5774586,2875,4392942,1003,360506,5716,679462,0.083584,8539,5132524,0.631381,6787,5811986,0.714965,8129050
3,2021-07-13,15132,10543166,10688,5785274,3531,4396473,913,361419,6647,678713,0.083492,8388,5140912,0.632412,7639,5819625,0.715905,8129050
3,2021-07-14,14420,10557586,10233,5795507,3270,4399743,917,362336,6432,678236,0.083434,7887,5148799,0.633383,7410,5827035,0.716816,8129050
3,2021-07-15,14738,10572324,10654,5806161,3243,4402986,841,363177,6740,677993,0.083404,7897,5156696,0.634354,7654,5834689,0.717758,8129050
3,2021-07-16,17747,10590071,12755,5818916,4100,4407086,892,364069,8468,678254,0.083436,9170,5165866,0.635482,9431,5844120,0.718918,8129050
3,2021-07-17,11275,10601346,8256,5827172,2486,4409572,533,364602,5361,678373,0.08345,5841,5171707,0.636201,5960,5850080,0.719651,8129050
3,2021-07-18,5745,10607091,4337,5831509,1156,4410728,252,364854,2822,678594,0.083478,2879,5174586,0.636555,3100,5853180,0.720032,8129050
3,2021-07-19,14877,10621968,10884,5842393,3113,4413841,880,365734,7292,679354,0.083571,7485,5182071,0.637476,8245,5861425,0.721047,8129050
3,2021-07-20,16515,10638483,11495,5853888,4117,4417958,903,366637,8485,680910,0.083763,7913,5189984,0.638449,9469,5870894,0.722212,8129050
3,2021-07-21,15954,10654437,11292,5865180,3794,4421752,868,367505,8020,682070,0.083905,7805,5197789,0.639409,8965,5879859,0.723314,8129050
3,2021-07-22,16315,10670752,11525,5876705,3827,4425579,963,368468,8474,683853,0.084125,7715,5205504,0.640358,9498,5889357,0.724483,8129050
3,2021-07-23,19228,10689980,13706,5890411,4512,4430091,1010,369478,10333,686533,0.084454,8751,5214255,0.641435,11431,5900788,0.725889,8129050
3,2021-07-24,11565,10701545,8331,5898742,2656,4432747,578,370056,6383,688430,0.084688,5101,5219356,0.642062,6998,5907786,0.72675,8129050
3,2021-07-25,5638,10707183,4223,5902965,1205,4433952,210,370266,4074,691247,0.085034,1517,5220873,0.642249,4334,5912120,0.727283,8129050
3,2021-07-26,15429,10722612,10722,5913687,3740,4437692,967,371233,9320,695595,0.085569,6000,5226873,0.642987,10348,5922468,0.728556,8129050
3,2021-07-27,17457,10740069,12345,5926032,4137,4441829,975,372208,10002,699323,0.086028,7322,5234195,0.643888,11050,5933518,0.729915,8129050
3,2021-07-28,17044,10757113,12203,5938235,3803,4445632,1038,373246,9841,703193,0.086504,7058,5241253,0.644756,10928,5944446,0.73126,8129050
3,2021-07-29,16854,10773967,12135,5950370,3688,4449320,1031,374277,9943,707504,0.087034,6735,5247988,0.645584,11046,5955492,0.732618,8129050
3,2021-07-30,19616,10793583,13856,5964226,4676,4453996,1084,375361,11388,712044,0.087593,8021,5256009,0.646571,12561,5968053,0.734164,8129050
3,2021-07-31,12220,10805803,8859,5973085,2706,4456702,655,376016,7125,714937,0.087948,4952,5260961,0.64718,7845,5975898,0.735129,8129050
3,2021-08-01,6504,10812307,4956,5978041,1289,4457991,259,376275,4210,717211,0.088228,2230,5263191,0.647455,4504,5980402,0.735683,8129050
3,2021-08-02,16591,10828898,12043,5990084,3617,4461608,931,377206,10313,722367,0.088862,6152,5269343,0.648211,11308,5991710,0.737074,8129050
3,2021-08-03,18413,10847311,13287,6003371,4020,4465628,1106,378312,10980,727251,0.089463,7256,5276599,0.649104,12140,6003850,0.738567,8129050
3,2021-08-04,17585,10864896,12632,6016003,3938,4469566,1015,379327,10479,731853,0.090029,6942,5283541,0.649958,11544,6015394,0.739987,8129050
3,2021-08-05,17939,10882835,12964,6028967,3826,4473392,1149,380476,10831,736959,0.090657,6944,5290485,0.650812,12050,6027444,0.74147,8129050
3,2021-08-06,21742,10904577,15755,6044722,4831,4478223,1156,381632,12851,742340,0.091319,8693,5299178,0.651882,14074,6041518,0.743201,8129050
3,2021-08-07,12786,10917363,9507,6054229,2653,4480876,626,382258,7487,745344,0.091689,5160,5304338,0.652516,8164,6049682,0.744205,8129050
3,2021-08-08,7576,10924939,5797,6060026,1537,4482413,242,382500,4681,747493,0.091953,2810,5307148,0.652862,4959,6054641,0.744815,8129050
3,2021-08-09,18326,10943265,13718,6073744,3538,4485951,1070,383570,10371,751215,0.092411,7792,5314940,0.653821,11514,6066155,0.746232,8129050
3,2021-08-10,18539,10961804,13574,6087318,3958,4489909,1007,384577,10447,754784,0.09285,7924,5322864,0.654795,11493,6077648,0.747646,8129050
3,2021-08-11,16551,10978355,11979,6099297,3542,4493451,1030,385607,9213,757943,0.093239,7140,5330004,0.655674,10299,6087947,0.748912,8129050
3,2021-08-12,18110,10996465,12776,6112073,4253,4497704,1081,386688,9951,761075,0.093624,7948,5337952,0.656651,11080,6099027,0.750275,8129050
3,2021-08-13,22574,11019039,16014,6128087,5398,4503102,1162,387850,12312,764799,0.094082,9820,5347772,0.657859,13544,6112571,0.751942,8129050
3,2021-08-14,14680,11033719,10333,6138420,3727,4506829,620,388470,7644,766998,0.094353,6117,5353889,0.658612,8316,6120887,0.752965,8129050
3,2021-08-15,8346,11042065,6054,6144474,2007,4508836,285,388755,4185,768121,0.094491,3374,5357263,0.659027,4497,6125384,0.753518,8129050
3,2021-08-16,20669,11062734,14247,6158721,5431,4514267,991,389746,9802,770079,0.094732,8923,5366186,0.660125,10881,6136265,0.754856,8129050
3,2021-08-17,21142,11083876,14333,6173054,5765,4520032,1044,390790,9712,771720,0.094934,9224,5375410,0.661259,10865,6147130,0.756193,8129050
3,2021-08-18,21100,11104976,14079,6187133,6015,4526047,1006,391796,9504,773313,0.09513,9006,5384416,0.662367,10599,6157729,0.757497,8129050
3,2021-08-19,21075,11126051,13935,6201068,6078,4532125,1062,392858,9184,774622,0.095291,9000,5393416,0.663474,10309,6168038,0.758765,8129050
3,2021-08-20,26453,11152504,17859,6218927,7502,4539627,1092,393950,11149,775239,0.095366,11719,5405135,0.664916,12336,6180374,0.760282,8129050
3,2021-08-21,15415,11167919,11147,6230074,3704,4543331,564,394514,6467,775223,0.095365,7118,5412253,0.665792,7102,6187476,0.761156,8129050
3,2021-08-22,8774,11176693,6283,6236357,2279,4545610,212,394726,3942,775673,0.09542,3754,5416007,0.666253,4204,6191680,0.761673,8129050
3,2021-08-23,22162,11198855,15536,6251893,5743,4551353,883,395609,9525,776556,0.095529,9663,5425670,0.667442,10546,6202226,0.762971,8129050
3,2021-08-24,11203,11210058,7807,6259700,2652,4554005,744,396353,4311,776494,0.095521,5195,5430865,0.668081,5133,6207359,0.763602,8129050
4,2020-12-15,472,472,472,472,0,0,0,0,472,472,5.9e-05,0,0,0.0,472,472,5.9e-05,8037679
4,2020-12-16,3098,3570,3098,3570,0,0,0,0,3098,3570,0.000444,0,0,0.0,3098,3570,0.000444,8037679
4,2020-12-17,9098,12668,9098,12668,0,0,0,0,9099,12669,0.001576,0,0,0.0,9099,12669,0.001576,8037679
4,2020-12-18,16377,29045,16364,29032,13,13,0,0,16376,29045,0.003614,0,0,0.0,16376,29045,0.003614,8037679
4,2020-12-19,10455,39500,10445,39477,10,23,0,0,10393,39438,0.004907,0,0,0.0,10393,39438,0.004907,8037679
4,2020-12-20,7497,46997,7483,46960,14,37,0,0,7452,46890,0.005834,0,0,0.0,7452,46890,0.005834,8037679
4,2020-12-21,16534,63531,16501,63461,33,70,0,0,16466,63355,0.007882,1,1,0.0,16466,63356,0.007882,8037679
4,2020-12-22,17323,80854,16554,80015,769,839,0,0,17279,80629,0.010031,5,6,1e-06,17279,80635,0.010032,8037679
4,2020-12-23,17289,98143,14485,94500,2804,3643,0,0,17259,97886,0.012178,2,8,1e-06,17259,97894,0.012179,8037679
4,2020-12-24,8656,106799,6012,100512,2644,6287,0,0,8654,106539,0.013255,1,9,1e-06,8654,106548,0.013256,8037679
4,2020-12-25,916,107715,811,101323,105,6392,0,0,916,107455,0.013369,0,9,1e-06,916,107464,0.01337,8037679
4,2020-12-26,6260,113975,3924,105247,2336,8728,0,0,6260,113715,0.014148,0,9,1e-06,6260,113724,0.014149,8037679
4,2020-12-27,3484,117459,2010,107257,1474,10202,0,0,3484,117199,0.014581,0,9,1e-06,3484,117208,0.014582,8037679
4,2020-12-28,15330,132789,9459,116716,5871,16073,0,0,15303,132499,0.016485,3,12,1e-06,15303,132511,0.016486,8037679
4,2020-12-29,15960,148749,8954,125670,7006,23079,0,0,15926,148424,0.018466,1,13,2e-06,15926,148437,0.018468,8037679
4,2020-12-30,19498,168247,11423,137093,8075,31154,0,0,19488,167910,0.02089,2,15,2e-06,19488,167925,0.020892,8037679
4,2020-12-31,8403,176650,3394,140487,5009,36163,0,0,8390,176291,0.021933,9,24,3e-06,8390,176315,0.021936,8037679
4,2021-01-01,1847,178497,846,141333,1001,37164,0,0,1840,178127,0.022161,4,28,3e-06,1840,178155,0.022165,8037679
4,2021-01-02,5801,184298,3272,144605,2529,39693,0,0,5799,183925,0.022883,1,29,4e-06,5799,183954,0.022886,8037679
4,2021-01-03,2175,186473,1280,145885,895,40588,0,0,2161,186083,0.023151,3,32,4e-06,2161,186115,0.023155,8037679
4,2021-01-04,13131,199604,7091,152976,6040,46628,0,0,13082,199138,0.024776,27,59,7e-06,13082,199197,0.024783,8037679
4,2021-01-05,17120,216724,10136,163112,6984,53612,0,0,14862,211789,0.02635,2229,2288,0.000285,14880,214077,0.026634,8037679
4,2021-01-06,21877,238601,13406,176518,8471,62083,0,0,15675,221329,0.027536,6154,8442,0.00105,15694,229771,0.028587,8037679
4,2021-01-07,28287,266888,17275,193793,11012,73095,0,0,16831,226787,0.028215,11395,19837,0.002468,16853,246624,0.030683,8037679
4,2021-01-08,33231,300119,21341,215134,11890,84985,0,0,18480,230610,0.028691,14685,34522,0.004295,18508,265132,0.032986,8037679
4,2021-01-09,16432,316551,9714,224848,6718,91703,0,0,9543,233289,0.029024,6878,41400,0.005151,9557,274689,0.034175,8037679
4,2021-01-10,8858,325409,5719,230567,3139,94842,0,0,4211,232874,0.028973,4636,46036,0.005728,4221,278910,0.0347,8037679
4,2021-01-11,33898,359307,22267,252834,11631,106473,0,0,19087,237228,0.029514,14782,60818,0.007567,19136,298046,0.037081,8037679
4,2021-01-12,38940,398247,22474,275308,16466,122939,0,0,24486,247368,0.030776,14397,75215,0.009358,24537,322583,0.040134,8037679
4,2021-01-13,39269,437516,19464,294772,19805,142744,0,0,27791,263766,0.032816,11422,86637,0.010779,27820,350403,0.043595,8037679
4,2021-01-14,39831,477347,15354,310126,24477,167221,0,0,32537,289091,0.035967,7246,93883,0.01168,32571,382974,0.047647,8037679
4,2021-01-15,45946,523293,16086,326212,29860,197081,0,0,40241,323728,0.040276,5630,99513,0.012381,40267,423241,0.052657,8037679
4,2021-01-16,29054,552347,9445,335657,19609,216690,0,0,25875,346474,0.043106,3147,102660,0.012772,25893,449134,0.055879,8037679
4,2021-01-17,19115,571462,6618,342275,12497,229187,0,0,17444,362281,0.045073,1649,104309,0.012978,17456,466590,0.05805,8037679
4,2021-01-18,29739,601201,13785,356060,15954,245141,0,0,23652,379973,0.047274,5993,110302,0.013723,23685,490275,0.060997,8037679
4,2021-01-19,46735,647936,23462,379522,23273,268414,0,0,36905,407180,0.050659,9772,120074,0.014939,36979,527254,0.065598,8037679
4,2021-01-20,53160,701096,28384,407906,24776,293190,0,0,42403,438995,0.054617,10654,130728,0.016264,42469,569723,0.070882,8037679
4,2021-01-21,58485,759581,26302,434208,32183,325373,0,0,51551,483736,0.060184,6861,137589,0.017118,51602,621325,0.077302,8037679
4,2021-01-22,55957,815538,22459,456667,33498,358871,0,0,50627,529167,0.065836,5228,142817,0.017768,50659,671984,0.083604,8037679
4,2021-01-23,40023,855561,17439,474106,22584,381455,0,0,35631,560448,0.069728,4382,147199,0.018314,35663,707647,0.088041,8037679
4,2021-01-24,24291,879852,10566,484672,13725,395180,0,0,22371,580933,0.072276,1909,149108,0.018551,22394,730041,0.090827,8037679
4,2021-01-25,48564,928416,22414,507086,26150,421330,0,0,37208,606883,0.075505,11317,160425,0.019959,37267,767308,0.095464,8037679
4,2021-01-26,57517,985933,29304,536390,28213,449543,0,0,45021,639526,0.079566,12442,172867,0.021507,45085,812393,0.101073,8037679
4,2021-01-27,56953,1042886,27034,563424,29919,479462,0,0,45690,674082,0.083865,11190,184057,0.022899,45746,858139,0.106765,8037679
4,2021-01-28,57646,1100532,26024,589448,31622,511084,0,0,47336,711252,0.08849,10215,194272,0.02417,47385,905524,0.11266,8037679
4,2021-01-29,57435,1157967,27444,616892,29991,541075,0,0,46825,747682,0.093022,10431,204703,0.025468,46861,952385,0.11849,8037679
4,2021-01-30,38731,1196698,17367,634259,21364,562439,0,0,33272,775584,0.096494,5403,210106,0.02614,33305,985690,0.122634,8037679
4,2021-01-31,24519,1221217,12786,647045,11733,574172,0,0,22783,796672,0.099117,1713,211819,0.026353,22801,1008491,0.12547,8037679
4,2021-02-01,50439,1271656,24264,671309,26175,600347,0,0,38555,823454,0.102449,11820,223639,0.027824,38602,1047093,0.130273,8037679
4,2021-02-02,56326,1327982,25870,697179,30456,630803,0,0,43193,853655,0.106207,13046,236685,0.029447,43247,1090340,0.135654,8037679
4,2021-02-03,62832,1390814,30797,727976,32035,662838,0,0,48122,887249,0.110386,14588,251273,0.031262,48182,1138522,0.141648,8037679
4,2021-02-04,68369,1459183,31771,759747,36598,699436,0,0,51352,921861,0.114692,16858,268131,0.033359,51470,1189992,0.148052,8037679
4,2021-02-05,73978,1533161,34216,793963,39762,739198,0,0,51307,950895,0.118305,22413,290544,0.036148,51447,1241439,0.154452,8037679
4,2021-02-06,49201,1582362,26393,820356,22808,762006,0,0,37527,977021,0.121555,11604,302148,0.037591,37730,1279169,0.159147,8037679
4,2021-02-07,26750,1609112,17675,838031,9075,771081,0,0,20157,990871,0.123278,6557,308705,0.038407,20407,1299576,0.161685,8037679
4,2021-02-08,59303,1668415,30442,868473,28861,799942,0,0,38454,1008884,0.125519,20705,329410,0.040983,38718,1338294,0.166503,8037679
4,2021-02-09,67979,1736394,34532,903005,33447,833389,0,0,39733,1020918,0.127017,28148,357558,0.044485,40182,1378476,0.171502,8037679
4,2021-02-10,78253,1814647,39159,942164,39094,872483,0,0,41039,1025550,0.127593,36967,394525,0.049084,41599,1420075,0.176677,8037679
4,2021-02-11,82408,1897055,42978,985142,39430,911913,0,0,41846,1027753,0.127867,40323,434848,0.054101,42526,1462601,0.181968,8037679
4,2021-02-12,85309,1982364,38195,1023337,47114,959027,0,0,43788,1031026,0.128274,41309,476157,0.059241,44582,1507183,0.187515,8037679
4,2021-02-13,59433,2041797,30028,1053365,29405,988432,0,0,30142,1032942,0.128512,29139,505296,0.062866,31055,1538238,0.191378,8037679
4,2021-02-14,37226,2079023,19339,1072704,17887,1006319,0,0,18979,1034410,0.128695,18184,523480,0.065128,19652,1557890,0.193823,8037679
4,2021-02-15,46800,2125823,21958,1094662,24842,1031161,0,0,23914,1036728,0.128984,22792,546272,0.067964,25110,1583000,0.196947,8037679
4,2021-02-16,81155,2206978,37215,1131877,43940,1075101,0,0,41094,1039128,0.129282,39923,586195,0.072931,42323,1625323,0.202213,8037679
4,2021-02-17,82529,2289507,39013,1170890,43516,1118617,0,0,39119,1036193,0.128917,43201,629396,0.078306,40266,1665589,0.207223,8037679
4,2021-02-18,84539,2374046,46540,1217430,37999,1156616,0,0,38910,1031163,0.128291,45412,674808,0.083956,40382,1705971,0.212247,8037679
4,2021-02-19,83838,2457884,52818,1270248,31020,1187636,0,0,41736,1031674,0.128355,41909,716717,0.08917,42420,1748391,0.217524,8037679
4,2021-02-20,50218,2508102,33414,1303662,16804,1204440,0,0,27016,1036297,0.12893,23107,739824,0.092044,27730,1776121,0.220974,8037679
4,2021-02-21,30611,2538713,24274,1327936,6337,1210777,0,0,14641,1035379,0.128816,15876,755700,0.09402,14958,1791079,0.222835,8037679
4,2021-02-22,56025,2594738,38460,1366396,17565,1228342,0,0,26929,1033871,0.128628,28915,784615,0.097617,27407,1818486,0.226245,8037679
4,2021-02-23,77699,2672437,43087,1409483,34612,1262954,0,0,33999,1026089,0.12766,43471,828086,0.103026,35689,1854175,0.230685,8037679
4,2021-02-24,92881,2765318,49090,1458573,43791,1306745,0,0,41637,1018952,0.126772,50958,879044,0.109365,43821,1897996,0.236137,8037679
4,2021-02-25,104633,2869951,54794,1513367,49839,1356584,0,0,49627,1016480,0.126464,54765,933809,0.116179,52293,1950289,0.242643,8037679
4,2021-02-26,110665,2980616,55898,1569265,54767,1411351,0,0,56211,1020923,0.127017,54131,987940,0.122914,58574,2008863,0.249931,8037679
4,2021-02-27,80728,3061344,43896,1613161,36818,1448169,14,14,42635,1027226,0.127801,37858,1025798,0.127624,44161,2053024,0.255425,8037679
4,2021-02-28,49891,3111235,30770,1643931,19114,1467283,7,21,27148,1032770,0.128491,22523,1048321,0.130426,28067,2081091,0.258917,8037679
4,2021-03-01,81650,3192885,47781,1691712,33813,1501096,56,77,44897,1042596,0.129714,36380,1084701,0.134952,46206,2127297,0.264666,8037679
4,2021-03-02,90544,3283429,51880,1743592,38653,1539749,11,88,52832,1059784,0.131852,37496,1122197,0.139617,54684,2181981,0.271469,8037679
4,2021-03-03,104451,3387880,55477,1799069,48954,1588703,20,108,58059,1073514,0.13356,46147,1168344,0.145358,59877,2241858,0.278919,8037679
4,2021-03-04,102728,3490608,57188,1856257,45521,1634224,19,127,55851,1084567,0.134935,46614,1214958,0.151158,57667,2299525,0.286093,8037679
4,2021-03-05,98829,3589437,53303,1909560,45198,1679422,328,455,57767,1103815,0.13733,40809,1255767,0.156235,60057,2359582,0.293565,8037679
4,2021-03-06,77741,3667178,43776,1953336,31313,1710735,2652,3107,47492,1125157,0.139985,30105,1285872,0.159981,51447,2411029,0.299966,8037679
4,2021-03-07,45295,3712473,27731,1981067,15338,1726073,2226,5333,26389,1136007,0.141335,18812,1304684,0.162321,29662,2440691,0.303656,8037679
4,2021-03-08,68810,3781283,35928,2016995,29465,1755538,3417,8750,45097,1162227,0.144597,23566,1328250,0.165253,49786,2490477,0.30985,8037679
4,2021-03-09,82885,3864168,41838,2058833,35738,1791276,5309,14059,44645,1175137,0.146204,38038,1366288,0.169985,50948,2541425,0.316189,8037679
4,2021-03-10,92879,3957047,47891,2106724,37412,1828688,7576,21635,46671,1184224,0.147334,45982,1412270,0.175706,55069,2596494,0.32304,8037679
4,2021-03-11,101874,4058921,53393,2160117,39921,1868609,8560,30195,46958,1186029,0.147559,54628,1466898,0.182503,56433,2652927,0.330061,8037679
4,2021-03-12,105706,4164627,52030,2212147,43272,1911881,10404,40599,45206,1182132,0.147074,60193,1527091,0.189992,56296,2709223,0.337065,8037679
4,2021-03-13,82301,4246928,38102,2250249,35642,1947523,8557,49156,38919,1187312,0.147718,43231,1570322,0.19537,48411,2757634,0.343088,8037679
4,2021-03-14,50233,4297161,28608,2278857,17966,1965489,3659,52815,23472,1188331,0.147845,26656,1596978,0.198686,27675,2785309,0.346532,8037679
4,2021-03-15,84439,4381600,45418,2324275,34707,2000196,4314,57129,42798,1194851,0.148656,41334,1638312,0.203829,47854,2833163,0.352485,8037679
4,2021-03-16,108792,4490392,56607,2380882,48736,2048932,3449,60578,57112,1204629,0.149873,51399,1689711,0.210224,61177,2894340,0.360096,8037679
4,2021-03-17,108326,4598718,58317,2439199,46479,2095411,3530,64108,63182,1226958,0.152651,44845,1734556,0.215803,67174,2961514,0.368454,8037679
4,2021-03-18,108153,4706871,60005,2499204,44410,2139821,3738,67846,60988,1245168,0.154916,46866,1781422,0.221634,65076,3026590,0.37655,8037679
4,2021-03-19,112622,4819493,64795,2563999,42571,2182392,5256,73102,63729,1265879,0.157493,48583,1830005,0.227678,69294,3095884,0.385171,8037679
4,2021-03-20,85032,4904525,49774,2613773,32205,2214597,3053,76155,51814,1287977,0.160242,33021,1863026,0.231787,55119,3151003,0.392029,8037679
4,2021-03-21,48668,4953193,35272,2649045,11133,2225730,2263,78418,28350,1298735,0.161581,20171,1883197,0.234296,30929,3181932,0.395877,8037679
4,2021-03-22,83380,5036573,54397,2703442,26226,2251956,2757,81175,51386,1321837,0.164455,31710,1914907,0.238241,54812,3236744,0.402696,8037679
4,2021-03-23,106029,5142602,63494,2766936,40357,2292313,2178,83353,62079,1342966,0.167084,43648,1958555,0.243672,64777,3301521,0.410756,8037679
4,2021-03-24,114704,5257306,73950,2840886,38298,2330611,2456,85809,63741,1359071,0.169087,50490,2009045,0.249953,66595,3368116,0.419041,8037679
4,2021-03-25,118396,5375702,72835,2913721,43105,2373716,2456,88265,66332,1376764,0.171289,51554,2060599,0.256367,69247,3437363,0.427656,8037679
4,2021-03-26,121107,5496809,73412,2987133,44634,2418350,3061,91326,65197,1390069,0.172944,55499,2116098,0.263272,68804,3506167,0.436216,8037679
4,2021-03-27,92995,5589804,54796,3041929,36380,2454730,1819,93145,46822,1393264,0.173342,45897,2161995,0.268983,49092,3555259,0.442324,8037679
4,2021-03-28,56370,5646174,37249,3079178,18241,2472971,880,94025,29652,1397636,0.173886,26524,2188519,0.272282,30896,3586155,0.446168,8037679
4,2021-03-29,94846,5741020,56788,3135966,35946,2508917,2112,96137,50686,1407116,0.175065,43860,2232379,0.277739,53340,3639495,0.452804,8037679
4,2021-03-30,118450,5859470,64653,3200619,49592,2558509,4205,100342,69622,1432769,0.178257,48547,2280926,0.283779,74200,3713695,0.462036,8037679
4,2021-03-31,122183,5981653,72092,3272711,43748,2602257,6343,106685,68035,1453548,0.180842,53752,2334678,0.290467,74531,3788226,0.471308,8037679
4,2021-04-01,143953,6125606,81993,3354704,48545,2650802,13415,120100,84361,1492028,0.185629,59027,2393705,0.29781,97507,3885733,0.48344,8037679
4,2021-04-02,137807,6263413,73626,3428330,50508,2701310,13673,133773,79198,1526588,0.189929,58280,2451985,0.305061,92840,3978573,0.49499,8037679
4,2021-04-03,101868,6365281,54434,3482764,33904,2735214,13530,147303,53083,1544576,0.192167,48557,2500542,0.311102,66545,4045118,0.503269,8037679
4,2021-04-04,47154,6412435,24902,3507666,14698,2749912,7554,154857,20538,1545970,0.19234,26494,2527036,0.314399,27888,4073006,0.506739,8037679
4,2021-04-05,110604,6523039,62050,3569716,35593,2785505,12961,167818,57294,1563509,0.194522,53050,2580086,0.320999,70589,4143595,0.515521,8037679
4,2021-04-06,139950,6662989,78753,3648469,41276,2826781,19921,187739,72466,1589019,0.197696,67219,2647305,0.329362,92729,4236324,0.527058,8037679
4,2021-04-07,138642,6801631,78574,3727043,39210,2865991,20858,208597,71620,1614805,0.200904,66735,2714040,0.337665,92521,4328845,0.538569,8037679
4,2021-04-08,141131,6942762,78638,3805681,36875,2902866,25618,234215,70314,1640480,0.204099,70481,2784521,0.346433,96156,4425001,0.550532,8037679
4,2021-04-09,138727,7081489,76012,3881693,39505,2942371,23210,257425,66220,1658397,0.206328,72221,2856742,0.355419,90138,4515139,0.561747,8037679
4,2021-04-10,104488,7185977,51496,3933189,33959,2976330,19033,276458,47165,1668323,0.207563,57087,2913829,0.362521,67013,4582152,0.570084,8037679
4,2021-04-11,63037,7249014,38258,3971447,13517,2989847,11262,287720,27580,1672746,0.208113,35330,2949159,0.366917,39753,4621905,0.57503,8037679
4,2021-04-12,103596,7352610,62922,4034369,30364,3020211,10310,298030,52133,1685198,0.209662,51129,3000288,0.373278,63581,4685486,0.58294,8037679
4,2021-04-13,131274,7483884,82391,4116760,48716,3068927,167,298197,78359,1712003,0.212997,52588,3052876,0.379821,79393,4764879,0.592818,8037679
4,2021-04-14,136831,7620715,87315,4204075,49435,3118362,81,298278,75612,1728070,0.214996,60861,3113737,0.387393,76928,4841807,0.602389,8037679
4,2021-04-15,156987,7777702,104365,4308440,52544,3170906,78,298356,95927,1764239,0.219496,60634,3174371,0.394936,96803,4938610,0.614432,8037679
4,2021-04-16,144361,7922063,91491,4399931,52789,3223695,81,298437,83600,1788245,0.222483,60402,3234773,0.402451,84408,5023018,0.624934,8037679
4,2021-04-17,101989,8024052,64025,4463956,37936,3261631,28,298465,59578,1806914,0.224805,42105,3276878,0.40769,60774,5083792,0.632495,8037679
4,2021-04-18,57341,8081393,38818,4502774,18518,3280149,5,298470,32162,1815022,0.225814,25024,3301902,0.410803,33132,5116924,0.636617,8037679
4,2021-04-19,101689,8183082,66962,4569736,34705,3314854,22,298492,51373,1816977,0.226057,50044,3351946,0.417029,51999,5168923,0.643087,8037679
4,2021-04-20,132012,8315094,78593,4648329,53397,3368251,22,298514,68272,1822992,0.226806,63374,3415320,0.424914,69389,5238312,0.651719,8037679
4,2021-04-21,135234,8450328,88259,4736588,46912,3415163,63,298577,67907,1825208,0.227081,66881,3482201,0.433235,69097,5307409,0.660316,8037679
4,2021-04-22,142335,8592663,94444,4831032,47866,3463029,25,298602,63425,1811333,0.225355,78470,3560671,0.442997,64595,5372004,0.668353,8037679
4,2021-04-23,135761,8728424,88333,4919365,47402,3510431,26,298628,58723,1794648,0.223279,76641,3637312,0.452533,59956,5431960,0.675812,8037679
4,2021-04-24,99354,8827778,67064,4986429,32238,3542669,52,298680,45645,1788042,0.222458,53391,3690703,0.459175,46785,5478745,0.681633,8037679
4,2021-04-25,50603,8878381,35672,5022101,14905,3557574,26,298706,26371,1790833,0.222805,24072,3714775,0.46217,26863,5505608,0.684975,8037679
4,2021-04-26,92578,8970959,60732,5082833,31441,3589015,405,299111,36276,1772894,0.220573,55969,3770744,0.469133,38030,5543638,0.689706,8037679
4,2021-04-27,114432,9085391,69961,5152794,42141,3631156,2330,301441,41093,1744131,0.216994,72996,3843740,0.478215,44233,5587871,0.69521,8037679
4,2021-04-28,105069,9190460,68616,5221410,33902,3665058,2551,303992,38325,1719312,0.213907,66371,3910111,0.486473,41552,5629423,0.700379,8037679
4,2021-04-29,106499,9296959,68017,5289427,35938,3700996,2544,306536,34296,1684934,0.209629,71824,3981935,0.495409,37446,5666869,0.705038,8037679
4,2021-04-30,106195,9403154,67253,5356680,36222,3737218,2720,309256,36405,1655368,0.205951,69361,4051296,0.504038,39795,5706664,0.709989,8037679
4,2021-05-01,70105,9473259,46507,5403187,21808,3759026,1790,311046,20435,1628873,0.202655,49351,4100647,0.510178,22856,5729520,0.712833,8037679
4,2021-05-02,37851,9511110,26866,5430053,9685,3768711,1300,312346,10592,1613775,0.200776,27129,4127776,0.513553,12031,5741551,0.714329,8037679
4,2021-05-03,79663,9590773,55548,5485601,21611,3790322,2504,314850,19268,1575789,0.19605,60115,4187891,0.521032,22129,5763680,0.717083,8037679
4,2021-05-04,101878,9692651,69731,5555332,29357,3819679,2790,317640,22701,1522824,0.189461,78843,4266734,0.530842,25878,5789558,0.720302,8037679
4,2021-05-05,102733,9795384,72411,5627743,27562,3847241,2760,320400,21845,1467208,0.182541,80525,4347259,0.54086,24909,5814467,0.723401,8037679
4,2021-05-06,112523,9907907,84308,5712051,25260,3872501,2955,323355,19619,1398512,0.173995,92392,4439651,0.552355,23696,5838163,0.726349,8037679
4,2021-05-07,105441,10013348,75798,5787849,26954,3899455,2689,326044,20678,1337929,0.166457,84360,4524011,0.56285,23777,5861940,0.729308,8037679
4,2021-05-08,70189,10083537,48411,5836260,19844,3919299,1934,327978,13819,1297906,0.161478,56121,4580132,0.569833,16098,5878038,0.73131,8037679
4,2021-05-09,34496,10118033,28217,5864477,5329,3924628,950,328928,7412,1279392,0.159174,26968,4607100,0.573188,8454,5886492,0.732362,8037679
4,2021-05-10,65434,10183467,43805,5908282,19294,3943922,2335,331263,11050,1238928,0.15414,54145,4661245,0.579924,13681,5900173,0.734064,8037679
4,2021-05-11,83662,10267129,52371,5960653,29089,3973011,2202,333465,15861,1190001,0.148053,67533,4728778,0.588326,18606,5918779,0.736379,8037679
4,2021-05-12,80146,10347275,53295,6013948,24369,3997380,2482,335947,16630,1146365,0.142624,63198,4791976,0.596189,19562,5938341,0.738813,8037679
4,2021-05-13,105165,10452440,77389,6091337,26236,4023616,1540,337487,40666,1125482,0.140026,64146,4856122,0.60417,43263,5981604,0.744195,8037679
4,2021-05-14,105497,10557937,74448,6165785,28912,4052528,2137,339624,40551,1104112,0.137367,64598,4920720,0.612207,43228,6024832,0.749574,8037679
4,2021-05-15,86076,10644013,66535,6232320,18202,4070730,1339,340963,37930,1095804,0.136333,47879,4968599,0.618163,39571,6064403,0.754497,8037679
4,2021-05-16,51852,10695865,41772,6274092,9361,4080091,719,341682,21255,1087488,0.135299,30434,4999033,0.62195,22118,6086521,0.757249,8037679
4,2021-05-17,71439,10767304,52199,6326291,17395,4097486,1845,343527,28189,1074733,0.133712,43028,5042061,0.627303,30273,6116794,0.761015,8037679
4,2021-05-18,82130,10849434,53392,6379683,26983,4124469,1755,345282,29312,1053733,0.131099,52441,5094502,0.633828,31441,6148235,0.764927,8037679
4,2021-05-19,77194,10926628,52164,6431847,23077,4147546,1953,347235,30967,1041035,0.129519,45902,5140404,0.639538,33204,6181439,0.769058,8037679
4,2021-05-20,69437,10996065,44644,6476491,22788,4170334,2005,349240,25723,1025703,0.127612,43409,5183813,0.644939,28077,6209516,0.772551,8037679
4,2021-05-21,74153,11070218,48872,6525363,23393,4193727,1888,351128,26104,1006237,0.12519,47723,5231536,0.650876,28257,6237773,0.776066,8037679
4,2021-05-22,50197,11120415,35212,6560575,13708,4207435,1277,352405,21774,1001281,0.124573,28247,5259783,0.654391,23291,6261064,0.778964,8037679
4,2021-05-23,24008,11144423,17123,6577698,6160,4213595,725,353130,9734,997707,0.124129,14145,5273928,0.656151,10571,6271635,0.780279,8037679
4,2021-05-24,43308,11187731,27530,6605228,12761,4226356,3017,356147,15149,988149,0.12294,27926,5301854,0.659625,18368,6290003,0.782565,8037679
4,2021-05-25,45161,11232892,28091,6633319,14233,4240589,2837,358984,15957,978226,0.121705,28943,5330797,0.663226,19020,6309023,0.784931,8037679
4,2021-05-26,44931,11277823,26939,6660258,15378,4255967,2614,361598,15956,968231,0.120462,28736,5359533,0.666801,18741,6327764,0.787263,8037679
4,2021-05-27,39127,11316950,23471,6683729,12510,4268477,3146,364744,14730,962089,0.119697,24183,5383716,0.66981,18041,6345805,0.789507,8037679
4,2021-05-28,43615,11360565,27747,6711476,14254,4282731,1614,366358,18960,958510,0.119252,24371,5408087,0.672842,20792,6366597,0.792094,8037679
4,2021-05-29,23775,11384340,15420,6726896,7420,4290151,935,367293,10875,957712,0.119153,12742,5420829,0.674427,11944,6378541,0.79358,8037679
4,2021-05-30,12110,11396450,8503,6735399,3077,4293228,530,367823,5015,956307,0.118978,7017,5427846,0.6753,5612,6384153,0.794278,8037679
4,2021-05-31,3639,11400089,2315,6737714,1160,4294388,164,367987,1162,955238,0.118845,2416,5430262,0.675601,1347,6385500,0.794446,8037679
4,2021-06-01,39678,11439767,24657,6762371,12564,4306952,2457,370444,13070,944614,0.117523,26366,5456628,0.678881,15742,6401242,0.796404,8037679
4,2021-06-02,32842,11472609,20503,6782874,9523,4316475,2816,373260,10951,936829,0.116555,21696,5478324,0.68158,13911,6415153,0.798135,8037679
4,2021-06-03,48394,11521003,37135,6820009,8791,4325266,2468,375728,10436,912275,0.1135,37772,5516096,0.68628,13218,6428371,0.79978,8037679
4,2021-06-04,55059,11576062,44322,6864331,9405,4334671,1332,377060,12756,885127,0.110122,42049,5558145,0.691511,14901,6443272,0.801633,8037679
4,2021-06-05,45021,11621083,38552,6902883,5472,4340143,997,378057,8770,859106,0.106885,36090,5594235,0.696001,10069,6453341,0.802886,8037679
4,2021-06-06,21276,11642359,18979,6921862,1732,4341875,565,378622,3915,846735,0.105346,17250,5611485,0.698147,4879,6458220,0.803493,8037679
4,2021-06-07,38926,11681285,31498,6953360,5489,4347364,1939,380561,8517,827217,0.102917,30266,5641751,0.701913,10748,6468968,0.80483,8037679
4,2021-06-08,40694,11721979,31922,6985282,6223,4353587,2549,383110,9426,808464,0.100584,31068,5672819,0.705778,12315,6481283,0.806363,8037679
4,2021-06-09,39016,11760995,30925,7016207,5722,4359309,2369,385479,7924,788198,0.098063,30913,5703732,0.709624,10647,6491930,0.807687,8037679
4,2021-06-10,37242,11798237,29341,7045548,5274,4364583,2627,388106,8403,770820,0.095901,28671,5732403,0.713191,11293,6503223,0.809092,8037679
4,2021-06-11,38455,11836692,30177,7075725,6262,4370845,2016,390122,9898,754702,0.093896,28383,5760786,0.716723,12265,6515488,0.810618,8037679
4,2021-06-12,26647,11863339,22160,7097885,3771,4374616,716,390838,6036,741178,0.092213,20496,5781282,0.719273,6972,6522460,0.811486,8037679
4,2021-06-13,10867,11874206,8585,7106470,1803,4376419,479,391317,2277,735522,0.091509,8521,5789803,0.720333,2865,6525325,0.811842,8037679
4,2021-06-14,28688,11902894,21463,7127933,4417,4380836,2808,394125,7818,725643,0.09028,20722,5810525,0.722911,10843,6536168,0.813191,8037679
4,2021-06-15,30110,11933004,21292,7149225,5407,4386243,3411,397536,8338,716055,0.089087,21590,5832115,0.725597,12002,6548170,0.814684,8037679
4,2021-06-16,26744,11959748,20162,7169387,3956,4390199,2626,400162,8069,708472,0.088144,18487,5850602,0.727897,10904,6559074,0.816041,8037679
4,2021-06-17,25220,11984968,18621,7188008,3702,4393901,2897,403059,7631,701799,0.087314,17394,5867996,0.730061,10721,6569795,0.817375,8037679
4,2021-06-18,26771,12011739,21106,7209114,4430,4398331,1235,404294,8231,693185,0.086242,18328,5886324,0.732341,9714,6579509,0.818583,8037679
4,2021-06-19,15791,12027530,12772,7221886,2310,4400641,709,405003,5066,688556,0.085666,10576,5896900,0.733657,5947,6585456,0.819323,8037679
4,2021-06-20,7372,12034902,6068,7227954,996,4401637,308,405311,2619,686874,0.085457,4693,5901593,0.734241,3011,6588467,0.819698,8037679
4,2021-06-21,14613,12049515,10558,7238512,2911,4404548,1144,406455,7332,688324,0.085637,7187,5908780,0.735135,8637,6597104,0.820772,8037679
4,2021-06-22,20527,12070042,15986,7254498,3462,4408010,1079,407534,7105,683373,0.085021,13286,5922066,0.736788,8335,6605439,0.821809,8037679
4,2021-06-23,18442,12088484,14466,7268964,2978,4410988,998,408532,6707,679611,0.084553,11593,5933659,0.73823,7831,6613270,0.822784,8037679
4,2021-06-24,17630,12106114,13633,7282597,3007,4413995,990,409522,6564,676393,0.084153,10908,5944567,0.739588,7690,6620960,0.82374,8037679
4,2021-06-25,21630,12127744,16988,7299585,3592,4417587,1050,410572,7817,671763,0.083577,13667,5958234,0.741288,9037,6629997,0.824865,8037679
4,2021-06-26,13114,12140858,10673,7310258,1821,4419408,620,411192,4825,669154,0.083252,8164,5966398,0.742304,5555,6635552,0.825556,8037679
4,2021-06-27,6874,12147732,5566,7315824,966,4420374,342,411534,2891,668501,0.083171,3941,5970339,0.742794,3288,6638840,0.825965,8037679
4,2021-06-28,15114,12162846,12684,7328508,1571,4421945,859,412393,6054,666582,0.082932,8960,5979299,0.743909,7041,6645881,0.826841,8037679
4,2021-06-29,16513,12179359,12810,7341318,2890,4424835,813,413206,6361,663852,0.082592,10026,5989325,0.745156,7296,6653177,0.827749,8037679
4,2021-06-30,14624,12193983,11401,7352719,2485,4427320,738,413944,6064,662348,0.082405,8424,5997749,0.746204,6920,6660097,0.828609,8037679
4,2021-07-01,14548,12208531,11463,7364182,2336,4429656,749,414693,5978,660769,0.082209,8443,6006192,0.747255,6864,6666961,0.829463,8037679
4,2021-07-02,16861,12225392,13362,7377544,2727,4432383,772,415465,6906,658726,0.081955,9848,6016040,0.74848,7805,6674766,0.830435,8037679
4,2021-07-03,9193,12234585,7296,7384840,1486,4433869,411,415876,3976,658033,0.081869,5137,6021177,0.749119,4444,6679210,0.830987,8037679
4,2021-07-04,445,12235030,279,7385119,106,4433975,60,415936,197,658059,0.081872,242,6021419,0.749149,268,6679478,0.831021,8037679
4,2021-07-05,9193,12244223,7476,7392595,1301,4435276,416,416352,4164,657738,0.081832,4950,6026369,0.749765,4629,6684107,0.831597,8037679
4,2021-07-06,16489,12260712,12984,7405579,2701,4437977,804,417156,6069,654428,0.08142,10292,6036661,0.751045,6982,6691089,0.832465,8037679
4,2021-07-07,13762,12274474,10734,7416313,2247,4440224,781,417937,5186,652054,0.081125,8463,6045124,0.752098,6089,6697178,0.833223,8037679
4,2021-07-08,13219,12287693,10318,7426631,2071,4442295,830,418767,5178,650236,0.080898,7916,6053040,0.753083,6098,6703276,0.833982,8037679
4,2021-07-09,15433,12303126,11835,7438466,2662,4444957,936,419703,6267,648541,0.080688,9015,6062055,0.754205,7320,6710596,0.834892,8037679
4,2021-07-10,8859,12311985,7010,7445476,1447,4446404,402,420105,3725,647680,0.08058,5048,6067103,0.754833,4187,6714783,0.835413,8037679
4,2021-07-11,4976,12316961,3982,7449458,794,4447198,200,420305,2227,647433,0.08055,2704,6069807,0.755169,2457,6717240,0.835719,8037679
4,2021-07-12,13048,12330009,10332,7459790,1992,4449190,724,421029,5063,645415,0.080299,7906,6077713,0.756153,5888,6723128,0.836451,8037679
4,2021-07-13,12849,12342858,9832,7469622,2377,4451567,640,421669,5463,644332,0.080164,7281,6084994,0.757059,6198,6729326,0.837223,8037679
4,2021-07-14,11748,12354606,9243,7478865,1949,4453516,556,422225,5084,643470,0.080057,6570,6091564,0.757876,5708,6735034,0.837933,8037679
4,2021-07-15,12426,12367032,9865,7488730,1972,4455488,589,422814,5642,643117,0.080013,6659,6098223,0.758704,6306,6741340,0.838717,8037679
4,2021-07-16,15011,12382043,11712,7500442,2631,4458119,668,423482,6925,642834,0.079978,7983,6106206,0.759698,7700,6749040,0.839675,8037679
4,2021-07-17,9358,12391401,7401,7507843,1633,4459752,324,423806,4428,642798,0.079973,4832,6111038,0.760299,4796,6753836,0.840272,8037679
4,2021-07-18,5362,12396763,4319,7512162,842,4460594,201,424007,2534,642785,0.079971,2769,6113807,0.760643,2756,6756592,0.840615,8037679
4,2021-07-19,12823,12409586,10160,7522322,2007,4462601,656,424663,6091,642972,0.079995,6638,6120445,0.761469,6825,6763417,0.841464,8037679
4,2021-07-20,13778,12423364,10618,7532940,2497,4465098,663,425326,6799,643683,0.080083,6833,6127278,0.762319,7544,6770961,0.842403,8037679
4,2021-07-21,12831,12436195,9948,7542888,2233,4467331,650,425976,6385,644466,0.080181,6309,6133587,0.763104,7092,6778053,0.843285,8037679
4,2021-07-22,13497,12449692,10531,7553419,2307,4469638,659,426635,7029,645885,0.080357,6332,6139919,0.763892,7751,6785804,0.844249,8037679
4,2021-07-23,15733,12465425,12128,7565547,2910,4472548,695,427330,8254,647614,0.080572,7308,6147227,0.764801,9037,6794841,0.845374,8037679
4,2021-07-24,9585,12475010,7506,7573053,1752,4474300,327,427657,4943,648428,0.080674,4506,6151733,0.765362,5320,6800161,0.846035,8037679
4,2021-07-25,4766,12479776,3748,7576801,860,4475160,158,427815,3358,650609,0.080945,1350,6153083,0.76553,3531,6803692,0.846475,8037679
4,2021-07-26,12981,12492757,10163,7586964,2137,4477297,681,428496,7562,653633,0.081321,5274,6158357,0.766186,8298,6811990,0.847507,8037679
4,2021-07-27,14345,12507102,10995,7597959,2590,4479887,760,429256,7751,655747,0.081584,6437,6164794,0.766987,8551,6820541,0.848571,8037679
4,2021-07-28,13219,12520321,10086,7608045,2431,4482318,702,429958,7338,658132,0.081881,5712,6170506,0.767697,8097,6828638,0.849578,8037679
4,2021-07-29,13491,12533812,10492,7618537,2285,4484603,714,430672,7571,660802,0.082213,5693,6176199,0.768406,8363,6837001,0.850619,8037679
4,2021-07-30,15796,12549608,12099,7630636,2893,4487496,804,431476,8577,663429,0.08254,6857,6183056,0.769259,9484,6846485,0.851799,8037679
4,2021-07-31,9758,12559366,7613,7638249,1721,4489217,424,431900,5520,665374,0.082782,4039,6187095,0.769761,5984,6852469,0.852543,8037679
4,2021-08-01,5432,12564798,4486,7642735,777,4489994,169,432069,3208,666670,0.082943,2115,6189210,0.770025,3411,6855880,0.852968,8037679
4,2021-08-02,14088,12578886,11251,7653986,2097,4492091,740,432809,8229,670059,0.083365,5649,6194859,0.770727,9038,6864918,0.854092,8037679
4,2021-08-03,14701,12593587,11300,7665286,2636,4494727,765,433574,8461,673341,0.083773,6019,6200878,0.771476,9301,6874219,0.855249,8037679
4,2021-08-04,13380,12606967,10423,7675709,2264,4496991,693,434267,7565,676037,0.084108,5603,6206481,0.772173,8299,6882518,0.856282,8037679
4,2021-08-05,14344,12621311,11322,7687031,2256,4499247,766,435033,8064,678890,0.084463,6027,6212508,0.772923,8880,6891398,0.857387,8037679
4,2021-08-06,17229,12638540,13223,7700254,3134,4502381,872,435905,9600,682122,0.084866,7309,6219817,0.773832,10541,6901939,0.858698,8037679
4,2021-08-07,10186,12648726,8096,7708350,1649,4504030,441,436346,5558,683714,0.085064,4448,6224265,0.774386,6040,6907979,0.859449,8037679
4,2021-08-08,6245,12654971,4966,7713316,1077,4505107,202,436548,3605,685047,0.085229,2504,6226769,0.774697,3837,6911816,0.859927,8037679
4,2021-08-09,14668,12669639,11884,7725200,2038,4507145,746,437294,7846,687123,0.085488,6593,6233362,0.775518,8669,6920485,0.861005,8037679
4,2021-08-10,14848,12684487,11430,7736630,2654,4509799,764,438058,7838,689029,0.085725,6761,6240123,0.776359,8667,6929152,0.862084,8037679
4,2021-08-11,12593,12697080,9652,7746282,2176,4511975,765,438823,6564,690622,0.085923,5766,6245889,0.777076,7359,6936511,0.862999,8037679
4,2021-08-12,14142,12711222,10776,7757058,2608,4514583,758,439581,7288,692198,0.086119,6515,6252404,0.777887,8091,6944602,0.864006,8037679
4,2021-08-13,17764,12728986,13152,7770210,3710,4518293,902,440483,8757,693586,0.086292,8342,6260746,0.778925,9730,6954332,0.865216,8037679
4,2021-08-14,12264,12741250,8752,7778962,2999,4521292,513,440996,5582,694762,0.086438,4983,6265729,0.779545,6159,6960491,0.865983,8037679
4,2021-08-15,7473,12748723,5463,7784425,1788,4523080,222,441218,3307,695421,0.08652,2914,6268643,0.779907,3573,6964064,0.866427,8037679
4,2021-08-16,18127,12766850,12555,7796980,4699,4527779,873,442091,7509,696408,0.086643,7476,6276119,0.780837,8463,6972527,0.86748,8037679
4,2021-08-17,18393,12785243,12518,7809498,5026,4532805,849,442940,7301,697160,0.086736,7478,6283597,0.781768,8230,6980757,0.868504,8037679
4,2021-08-18,18010,12803253,12137,7821635,5092,4537897,781,443721,6868,697910,0.08683,6977,6290574,0.782636,7727,6988484,0.869465,8037679
4,2021-08-19,18313,12821566,12199,7833834,5331,4543228,783,444504,6791,698743,0.086933,6821,6297395,0.783484,7654,6996138,0.870418,8037679
4,2021-08-20,23023,12844589,15600,7849434,6603,4549831,820,445324,8229,698797,0.08694,9111,6306506,0.784618,9165,7005303,0.871558,8037679
4,2021-08-21,14543,12859132,10158,7859592,3995,4553826,390,445714,4898,698384,0.086889,5767,6312273,0.785335,5354,7010657,0.872224,8037679
4,2021-08-22,8610,12867742,6120,7865712,2336,4556162,154,445868,3414,698835,0.086945,3167,6315440,0.785729,3618,7014275,0.872674,8037679
4,2021-08-23,20018,12887760,14063,7879775,5269,4561431,686,446554,7278,699123,0.086981,7841,6323281,0.786705,8129,7022404,0.873686,8037679
4,2021-08-24,9731,12897491,6663,7886438,2478,4563909,590,447144,3071,698829,0.086944,4021,6327302,0.787205,3727,7026131,0.874149,8037679
