vemquartile,administered_date,total_doses,cumulative_total_doses,pfizer_doses,cumulative_pfizer_doses,moderna_doses,cumulative_moderna_doses,jj_doses,cumulative_jj_doses,partially_vaccinated,total_partially_vaccinated,pct_age12pop_partially_vaccinated,fully_vaccinated,cumulative_fully_vaccinated,pct_age12pop_fully_vaccinated,at_least_one_dose,cumulative_at_least_one_dose,pct_age12pop_at_least_one_dose,age12_population
1,2020-12-15,154,154,154,154,0,0,0,0,154,154,1.8e-05,0,0,0.0,154,154,1.8e-05,8700223
1,2020-12-16,1254,1408,1254,1408,0,0,0,0,1253,1407,0.000162,0,0,0.0,1253,1407,0.000162,8700223
1,2020-12-17,4173,5581,4173,5581,0,0,0,0,4175,5582,0.000642,0,0,0.0,4175,5582,0.000642,8700223
1,2020-12-18,6399,11980,6375,11956,24,24,0,0,6404,11985,0.001378,1,1,0.0,6404,11986,0.001378,8700223
1,2020-12-19,2889,14869,2886,14842,3,27,0,0,2888,14872,0.001709,1,2,0.0,2888,14874,0.00171,8700223
1,2020-12-20,2135,17004,2124,16966,11,38,0,0,2137,17009,0.001955,0,2,0.0,2137,17011,0.001955,8700223
1,2020-12-21,7701,24705,7680,24646,21,59,0,0,7751,24760,0.002846,1,3,0.0,7752,24763,0.002846,8700223
1,2020-12-22,7370,32075,7020,31666,350,409,0,0,7370,32128,0.003693,2,5,1e-06,7370,32133,0.003693,8700223
1,2020-12-23,7925,40000,6651,38317,1274,1683,0,0,7923,40050,0.004603,2,7,1e-06,7924,40057,0.004604,8700223
1,2020-12-24,3317,43317,2373,40690,944,2627,0,0,3318,43368,0.004985,0,7,1e-06,3318,43375,0.004986,8700223
1,2020-12-25,241,43558,157,40847,84,2711,0,0,241,43609,0.005012,0,7,1e-06,241,43616,0.005013,8700223
1,2020-12-26,1376,44934,980,41827,396,3107,0,0,1375,44983,0.00517,1,8,1e-06,1375,44991,0.005171,8700223
1,2020-12-27,883,45817,547,42374,336,3443,0,0,883,45865,0.005272,1,9,1e-06,883,45874,0.005273,8700223
1,2020-12-28,7143,52960,4794,47168,2349,5792,0,0,7140,53005,0.006092,0,9,1e-06,7140,53014,0.006093,8700223
1,2020-12-29,9080,62040,5062,52230,4018,9810,0,0,9076,62079,0.007135,2,11,1e-06,9076,62090,0.007137,8700223
1,2020-12-30,11780,73820,6560,58790,5220,15030,0,0,11778,73856,0.008489,1,12,1e-06,11778,73868,0.00849,8700223
1,2020-12-31,6054,79874,1971,60761,4083,19113,0,0,6051,79903,0.009184,5,17,2e-06,6052,79920,0.009186,8700223
1,2021-01-01,635,80509,256,61017,379,19492,0,0,631,80532,0.009256,2,19,2e-06,631,80551,0.009258,8700223
1,2021-01-02,2940,83449,1775,62792,1165,20657,0,0,2940,83472,0.009594,0,19,2e-06,2940,83491,0.009596,8700223
1,2021-01-03,1059,84508,554,63346,505,21162,0,0,1057,84526,0.009715,3,22,3e-06,1057,84548,0.009718,8700223
1,2021-01-04,7411,91919,3610,66956,3801,24963,0,0,7414,91938,0.010567,2,24,3e-06,7414,91962,0.01057,8700223
1,2021-01-05,10983,102902,5291,72247,5692,30655,0,0,10180,101358,0.01165,785,809,9.3e-05,10205,102167,0.011743,8700223
1,2021-01-06,14174,117076,7100,79347,7074,37729,0,0,12222,111681,0.012837,1916,2725,0.000313,12239,114406,0.01315,8700223
1,2021-01-07,17654,134730,9178,88525,8476,46205,0,0,13122,120374,0.013836,4440,7165,0.000824,13133,127539,0.014659,8700223
1,2021-01-08,20242,154972,10477,99002,9765,55970,0,0,14271,128709,0.014794,5953,13118,0.001508,14288,141827,0.016302,8700223
1,2021-01-09,6708,161680,3411,102413,3297,59267,0,0,4832,131675,0.015135,1870,14988,0.001723,4836,146663,0.016857,8700223
1,2021-01-10,3114,164794,1778,104191,1336,60603,0,0,1916,132401,0.015218,1191,16179,0.00186,1917,148580,0.017078,8700223
1,2021-01-11,18223,183017,11912,116103,6311,66914,0,0,11590,137418,0.015795,6619,22798,0.00262,11636,160216,0.018415,8700223
1,2021-01-12,19230,202247,11008,127111,8222,75136,0,0,13179,144629,0.016624,6013,28811,0.003312,13224,173440,0.019935,8700223
1,2021-01-13,19905,222152,10773,137884,9132,84268,0,0,14722,154214,0.017725,5156,33967,0.003904,14741,188181,0.021629,8700223
1,2021-01-14,22228,244380,9561,147445,12667,96935,0,0,19376,170869,0.01964,2785,36752,0.004224,19440,207621,0.023864,8700223
1,2021-01-15,25307,269687,9271,156716,16036,112971,0,0,23343,192357,0.022109,1923,38675,0.004445,23411,231032,0.026555,8700223
1,2021-01-16,13960,283647,4572,161288,9388,122359,0,0,13057,204523,0.023508,896,39571,0.004548,13062,244094,0.028056,8700223
1,2021-01-17,5230,288877,2045,163333,3185,125544,0,0,4852,209001,0.024022,377,39948,0.004592,4855,248949,0.028614,8700223
1,2021-01-18,14407,303284,8643,171976,5764,131308,0,0,11192,217051,0.024948,3200,43148,0.004959,11250,260199,0.029907,8700223
1,2021-01-19,24850,328134,12952,184928,11898,143206,0,0,19553,231387,0.026596,5273,48421,0.005565,19609,279808,0.032161,8700223
1,2021-01-20,29525,357659,14790,199718,14735,157941,0,0,23550,249089,0.02863,5892,54313,0.006243,23594,303402,0.034873,8700223
1,2021-01-21,31418,389077,14810,214528,16608,174549,0,0,28025,273896,0.031481,3324,57637,0.006625,28131,331533,0.038106,8700223
1,2021-01-22,28496,417573,11326,225854,17170,191719,0,0,26383,298266,0.034283,2043,59680,0.00686,26413,357946,0.041142,8700223
1,2021-01-23,18731,436304,8204,234058,10527,202246,0,0,16768,313109,0.035989,1936,61616,0.007082,16779,374725,0.043071,8700223
1,2021-01-24,6686,442990,4173,238231,2513,204759,0,0,6023,318480,0.036606,657,62273,0.007158,6028,380753,0.043764,8700223
1,2021-01-25,25604,468594,10567,248798,15037,219796,0,0,19743,332525,0.03822,5811,68084,0.007826,19856,400609,0.046046,8700223
1,2021-01-26,28949,497543,13572,262370,15377,235173,0,0,22139,347944,0.039993,6747,74831,0.008601,22166,422775,0.048594,8700223
1,2021-01-27,32808,530351,15618,277988,17190,252363,0,0,24560,364414,0.041886,8179,83010,0.009541,24649,447424,0.051427,8700223
1,2021-01-28,35073,565424,16497,294485,18576,270939,0,0,27987,385514,0.044311,7015,90025,0.010347,28115,475539,0.054658,8700223
1,2021-01-29,33852,599276,16533,311018,17319,288258,0,0,27126,406159,0.046684,6579,96604,0.011104,27224,502763,0.057787,8700223
1,2021-01-30,20225,619501,8751,319769,11474,299732,0,0,17992,422036,0.048509,2201,98805,0.011357,18078,520841,0.059865,8700223
1,2021-01-31,7722,627223,5017,324786,2705,302437,0,0,6999,428323,0.049231,715,99520,0.011439,7002,527843,0.06067,8700223
1,2021-02-01,29202,656425,12593,337379,16609,319046,0,0,21305,441794,0.05078,7844,107364,0.01234,21315,549158,0.06312,8700223
1,2021-02-02,32887,689312,11876,349255,21011,340057,0,0,24553,458139,0.052658,8246,115610,0.013288,24591,573749,0.065946,8700223
1,2021-02-03,39799,729111,15302,364557,24497,364554,0,0,28538,475688,0.054675,11089,126699,0.014563,28638,602387,0.069238,8700223
1,2021-02-04,44226,773337,17232,381789,26994,391548,0,0,31777,495260,0.056925,12320,139019,0.015979,31892,634279,0.072904,8700223
1,2021-02-05,47082,820419,17204,398993,29878,421426,0,0,30713,509875,0.058605,16216,155235,0.017843,30831,665110,0.076447,8700223
1,2021-02-06,26678,847097,10554,409547,16124,437550,0,0,20687,524692,0.060308,5944,161179,0.018526,20761,685871,0.078834,8700223
1,2021-02-07,6314,853411,4062,413609,2252,439802,0,0,4657,527733,0.060657,1635,162814,0.018714,4676,690547,0.079371,8700223
1,2021-02-08,31777,885188,14492,428101,17285,457087,0,0,21136,538429,0.061887,10542,173356,0.019925,21238,711785,0.081812,8700223
1,2021-02-09,38711,923899,17073,445174,21638,478725,0,0,23795,547458,0.062925,14880,188236,0.021636,23909,735694,0.08456,8700223
1,2021-02-10,47535,971434,22224,467398,25311,504036,0,0,26991,554141,0.063693,20406,208642,0.023981,27089,762783,0.087674,8700223
1,2021-02-11,52215,1023649,25541,492939,26674,530710,0,0,31040,564446,0.064877,20858,229500,0.026379,31163,793946,0.091256,8700223
1,2021-02-12,50273,1073922,21625,514564,28648,559358,0,0,28816,572118,0.065759,21290,250790,0.028826,28962,822908,0.094585,8700223
1,2021-02-13,26540,1100462,11549,526113,14991,574349,0,0,15317,576362,0.066247,11152,261942,0.030108,15396,838304,0.096354,8700223
1,2021-02-14,11822,1112284,5589,531702,6233,580582,0,0,6713,578065,0.066443,5079,267021,0.030691,6782,845086,0.097134,8700223
1,2021-02-15,24044,1136328,9444,541146,14600,595182,0,0,14611,583484,0.067065,9309,276330,0.031761,14728,859814,0.098827,8700223
1,2021-02-16,47315,1183643,22552,563698,24763,619945,0,0,27476,591336,0.067968,19746,296076,0.034031,27598,887412,0.101999,8700223
1,2021-02-17,48641,1232284,24645,588343,23996,643941,0,0,26120,595249,0.068418,22360,318436,0.036601,26273,913685,0.105019,8700223
1,2021-02-18,51302,1283586,25668,614011,25634,669575,0,0,26498,597442,0.06867,24549,342985,0.039423,26742,940427,0.108092,8700223
1,2021-02-19,46805,1330391,25372,639383,21433,691008,0,0,26150,603172,0.069328,20484,363469,0.041777,26214,966641,0.111105,8700223
1,2021-02-20,27862,1358253,16921,656304,10941,701949,0,0,15865,607197,0.069791,11925,375394,0.043148,15950,982591,0.112939,8700223
1,2021-02-21,12462,1370715,10705,667009,1757,703706,0,0,7474,609800,0.07009,4924,380318,0.043714,7527,990118,0.113804,8700223
1,2021-02-22,31798,1402513,20881,687890,10917,714623,0,0,18262,614740,0.070658,13432,393750,0.045257,18372,1008490,0.115915,8700223
1,2021-02-23,46026,1448539,22368,710258,23658,738281,0,0,25236,619859,0.071246,20486,414236,0.047612,25605,1034095,0.118858,8700223
1,2021-02-24,56068,1504607,27118,737376,28950,767231,0,0,30822,626146,0.071969,24993,439229,0.050485,31280,1065375,0.122454,8700223
1,2021-02-25,68679,1573286,33366,770742,35313,802544,0,0,42445,643095,0.073917,25998,465227,0.053473,42947,1108322,0.12739,8700223
1,2021-02-26,76772,1650058,35946,806688,40826,843370,0,0,50096,667315,0.076701,26361,491588,0.056503,50581,1158903,0.133204,8700223
1,2021-02-27,52847,1702905,24272,830960,28565,871935,10,10,34644,684253,0.078648,17987,509575,0.05857,34925,1193828,0.137218,8700223
1,2021-02-28,20311,1723216,12060,843020,8249,880184,2,12,14852,693886,0.079755,5365,514940,0.059187,14998,1208826,0.138942,8700223
1,2021-03-01,46397,1769613,21454,864474,24880,905064,63,75,29775,707553,0.081326,16421,531361,0.061074,30088,1238914,0.1424,8700223
1,2021-03-02,64991,1834604,28091,892565,36888,941952,12,87,41320,726054,0.083452,23480,554841,0.063773,41981,1280895,0.147226,8700223
1,2021-03-03,72319,1906923,34429,926994,37859,979811,31,118,43936,742485,0.085341,28150,582991,0.067009,44581,1325476,0.15235,8700223
1,2021-03-04,80289,1987212,37673,964667,42578,1022389,38,156,51447,765903,0.088033,28586,611577,0.070294,52004,1377480,0.158327,8700223
1,2021-03-05,79311,2066523,35746,1000413,43357,1065746,208,364,52836,793433,0.091197,26164,637741,0.073302,53694,1431174,0.164499,8700223
1,2021-03-06,58110,2124633,27633,1028046,29128,1094874,1349,1713,39307,815796,0.093767,18656,656397,0.075446,41019,1472193,0.169213,8700223
1,2021-03-07,21044,2145677,13069,1041115,6777,1101651,1198,2911,15561,827345,0.095095,5455,661852,0.076073,17004,1489197,0.171168,8700223
1,2021-03-08,46204,2191881,22553,1063668,21691,1123342,1960,4871,32341,848228,0.097495,13748,675600,0.077653,34631,1523828,0.175148,8700223
1,2021-03-09,67063,2258944,32487,1096155,32059,1155401,2517,7388,41260,866712,0.09962,25621,701221,0.080598,44105,1567933,0.180218,8700223
1,2021-03-10,74330,2333274,37019,1133174,32806,1188207,4505,11893,45732,888845,0.102163,28454,729675,0.083869,50587,1618520,0.186032,8700223
1,2021-03-11,90527,2423801,41659,1174833,40838,1229045,8030,19923,52653,912347,0.104865,37617,767292,0.088192,61119,1679639,0.193057,8700223
1,2021-03-12,99398,2523199,43794,1218627,43144,1272189,12460,32383,57957,941981,0.108271,41198,808490,0.092928,70832,1750471,0.201198,8700223
1,2021-03-13,65500,2588699,29587,1248214,28205,1300394,7708,40091,41693,968009,0.111263,23659,832149,0.095647,49687,1800158,0.206909,8700223
1,2021-03-14,27973,2616672,14973,1263187,9433,1309827,3567,43658,15659,975178,0.112087,12233,844382,0.097053,19402,1819560,0.209139,8700223
1,2021-03-15,65418,2682090,28852,1292039,29811,1339638,6755,50413,38451,993982,0.114248,26737,871119,0.100126,45541,1865101,0.214374,8700223
1,2021-03-16,86027,2768117,39216,1331255,41140,1380778,5671,56084,53256,1020708,0.11732,32535,903654,0.103866,59261,1924362,0.221185,8700223
1,2021-03-17,93432,2861549,45621,1376876,41265,1422043,6546,62630,60051,1054522,0.121206,33123,936777,0.107673,66937,1991299,0.228879,8700223
1,2021-03-18,99126,2960675,51124,1428000,42278,1464321,5724,68354,59886,1081746,0.124335,38862,975639,0.11214,66086,2057385,0.236475,8700223
1,2021-03-19,104038,3064713,53860,1481860,43866,1508187,6312,74666,60680,1106207,0.127147,43036,1018675,0.117086,67497,2124882,0.244233,8700223
1,2021-03-20,72983,3137696,37392,1519252,30375,1538562,5216,79882,46871,1132649,0.130186,25912,1044587,0.120064,52354,2177236,0.250251,8700223
1,2021-03-21,27433,3165129,19087,1538339,6537,1545099,1809,81691,17070,1141353,0.131187,10261,1054848,0.121244,18965,2196201,0.25243,8700223
1,2021-03-22,59434,3224563,30686,1569025,25443,1570542,3305,84996,39920,1165661,0.133981,19282,1074130,0.12346,43590,2239791,0.257441,8700223
1,2021-03-23,83739,3308302,42655,1611680,37442,1607984,3642,88638,51317,1188921,0.136654,32146,1106276,0.127155,55406,2295197,0.263809,8700223
1,2021-03-24,88661,3396963,44861,1656541,39422,1647406,4378,93016,52764,1210638,0.13915,35577,1141853,0.131244,57294,2352491,0.270394,8700223
1,2021-03-25,97567,3494530,49933,1706474,41777,1689183,5857,98873,53953,1227384,0.141075,43264,1185117,0.136217,60010,2412501,0.277292,8700223
1,2021-03-26,105880,3600410,51427,1757901,48120,1737303,6333,105206,56724,1241964,0.142751,48767,1233884,0.141822,63347,2475848,0.284573,8700223
1,2021-03-27,74676,3675086,38576,1796477,31879,1769182,4221,109427,38364,1248670,0.143522,36069,1269953,0.145968,42775,2518623,0.289489,8700223
1,2021-03-28,32906,3707992,21519,1817996,10155,1779337,1232,110659,16453,1250470,0.143728,16333,1286286,0.147845,18133,2536756,0.291574,8700223
1,2021-03-29,68833,3776825,33907,1851903,31750,1811087,3176,113835,37915,1261095,0.14495,30675,1316961,0.151371,41300,2578056,0.296321,8700223
1,2021-03-30,93715,3870540,45812,1897715,41488,1852575,6415,120250,48093,1270288,0.146006,45380,1362341,0.156587,54573,2632629,0.302593,8700223
1,2021-03-31,102295,3972835,53260,1950975,42776,1895351,6259,126509,56005,1286656,0.147888,45937,1408278,0.161867,62305,2694934,0.309755,8700223
1,2021-04-01,113922,4086757,54408,2005383,50672,1946023,8842,135351,57801,1297708,0.149158,55612,1463890,0.168259,66664,2761598,0.317417,8700223
1,2021-04-02,113041,4199798,51462,2056845,51810,1997833,9769,145120,57334,1309756,0.150543,55244,1519134,0.174609,67292,2828890,0.325151,8700223
1,2021-04-03,78888,4278686,39674,2096519,29500,2027333,9714,154834,37016,1314865,0.15113,41666,1560800,0.179398,46775,2875665,0.330528,8700223
1,2021-04-04,23849,4302535,11865,2108384,8496,2035829,3488,158322,9933,1314434,0.15108,13838,1574638,0.180988,13407,2889072,0.332069,8700223
1,2021-04-05,77889,4380424,37085,2145469,31370,2067199,9434,167756,35048,1316443,0.151311,42608,1617246,0.185886,44617,2933689,0.337197,8700223
1,2021-04-06,105069,4485493,49769,2195238,38563,2105762,16737,184493,47543,1323517,0.152124,57198,1674444,0.19246,64272,2997961,0.344584,8700223
1,2021-04-07,113176,4598669,54865,2250103,40588,2146350,17723,202216,51021,1330421,0.152918,61816,1736260,0.199565,68720,3066681,0.352483,8700223
1,2021-04-08,123512,4722181,58456,2308559,43899,2190249,21157,223373,54623,1337770,0.153763,68440,1804700,0.207431,75789,3142470,0.361194,8700223
1,2021-04-09,124648,4846829,56806,2365365,46882,2237131,20960,244333,54725,1343921,0.15447,69529,1874229,0.215423,75680,3218150,0.369893,8700223
1,2021-04-10,97537,4944366,43504,2408869,30956,2268087,23077,267410,38627,1346864,0.154808,58669,1932898,0.222166,61612,3279762,0.376974,8700223
1,2021-04-11,36799,4981165,20435,2429304,9457,2277544,6907,274317,14877,1346892,0.154811,21847,1954745,0.224678,21875,3301637,0.379489,8700223
1,2021-04-12,75329,5056494,33679,2462983,31566,2309110,10084,284401,32033,1346151,0.154726,42979,1997724,0.229618,42238,3343875,0.384344,8700223
1,2021-04-13,98549,5155043,52658,2515641,45545,2354655,346,284747,53212,1355050,0.155749,45008,2042732,0.234791,53907,3397782,0.39054,8700223
1,2021-04-14,105521,5260564,54671,2570312,50770,2405425,80,284827,53580,1357546,0.156036,51535,2094267,0.240714,54031,3451813,0.39675,8700223
1,2021-04-15,106289,5366853,57763,2628075,48433,2453858,93,284920,56324,1364792,0.156869,49347,2143614,0.246386,56593,3508406,0.403255,8700223
1,2021-04-16,111371,5478224,57038,2685113,54242,2508100,91,285011,55614,1365503,0.15695,55186,2198800,0.252729,55897,3564303,0.409679,8700223
1,2021-04-17,83701,5561925,45482,2730595,38207,2546307,12,285023,46677,1375600,0.158111,36757,2235557,0.256954,46854,3611157,0.415065,8700223
1,2021-04-18,30609,5592534,20715,2751310,9887,2556194,7,285030,15305,1375914,0.158147,15207,2250764,0.258702,15521,3626678,0.416849,8700223
1,2021-04-19,67372,5659906,34103,2785413,33256,2589450,13,285043,30348,1369771,0.157441,36635,2287399,0.262913,30492,3657170,0.420354,8700223
1,2021-04-20,88639,5748545,44599,2830012,44015,2633465,25,285068,41288,1364325,0.156815,46960,2334359,0.26831,41514,3698684,0.425125,8700223
1,2021-04-21,98051,5846596,51124,2881136,46824,2680289,103,285171,43696,1354622,0.1557,53747,2388106,0.274488,44044,3742728,0.430188,8700223
1,2021-04-22,97948,5944544,51229,2932365,46700,2726989,19,285190,44800,1347058,0.15483,52604,2440710,0.280534,45040,3787768,0.435364,8700223
1,2021-04-23,102985,6047529,53189,2985554,49767,2776756,29,285219,48863,1342625,0.154321,53564,2494274,0.286691,49131,3836899,0.441012,8700223
1,2021-04-24,76967,6124496,47732,3033286,29207,2805963,28,285247,43306,1352735,0.155483,33486,2527760,0.29054,43596,3880495,0.446022,8700223
1,2021-04-25,27446,6151942,17468,3050754,9962,2815925,16,285263,15628,1356836,0.155954,11686,2539446,0.291883,15787,3896282,0.447837,8700223
1,2021-04-26,66693,6218635,35008,3085762,31278,2847203,407,285670,31448,1354116,0.155642,34911,2574357,0.295896,32191,3928473,0.451537,8700223
1,2021-04-27,82057,6300692,43638,3129400,37112,2884315,1307,286977,35399,1344823,0.154573,46339,2620696,0.301222,37046,3965519,0.455795,8700223
1,2021-04-28,81866,6382558,43581,3172981,36767,2921082,1518,288495,35770,1336620,0.153631,45715,2666411,0.306476,37512,4003031,0.460107,8700223
1,2021-04-29,85374,6467932,47001,3219982,36740,2957822,1633,290128,34696,1322840,0.152047,50274,2716685,0.312255,36494,4039525,0.464301,8700223
1,2021-04-30,92968,6560900,50325,3270307,40745,2998567,1898,292026,38609,1309522,0.150516,53982,2770667,0.318459,40664,4080189,0.468975,8700223
1,2021-05-01,64118,6625018,41346,3311653,21336,3019903,1436,293462,26989,1301315,0.149573,36843,2807510,0.322694,28636,4108825,0.472267,8700223
1,2021-05-02,23570,6648588,16697,3328350,6289,3026192,584,294046,9474,1297421,0.149125,13979,2821489,0.324301,10085,4118910,0.473426,8700223
1,2021-05-03,56587,6705175,31384,3359734,23346,3049538,1857,295903,20482,1283984,0.147581,35827,2857316,0.328419,22390,4141300,0.475999,8700223
1,2021-05-04,76177,6781352,43912,3403646,30164,3079702,2101,298004,27242,1264797,0.145375,48608,2905924,0.334006,29421,4170721,0.479381,8700223
1,2021-05-05,78587,6859939,45574,3449220,30704,3110406,2309,300313,26536,1242053,0.142761,51668,2957592,0.339944,28924,4199645,0.482705,8700223
1,2021-05-06,80113,6940052,48663,3497883,29264,3139670,2186,302499,24884,1214473,0.139591,54804,3012396,0.346244,27224,4226869,0.485835,8700223
1,2021-05-07,83722,7023774,47641,3545524,33880,3173550,2201,304700,27799,1189101,0.136675,55436,3067832,0.352615,30064,4256933,0.48929,8700223
1,2021-05-08,57651,7081425,36201,3581725,19795,3193345,1655,306355,19549,1172647,0.134784,37742,3105574,0.356953,21288,4278221,0.491737,8700223
1,2021-05-09,18371,7099796,13187,3594912,4706,3198051,478,306833,5566,1166006,0.13402,12719,3118293,0.358415,6078,4284299,0.492436,8700223
1,2021-05-10,44469,7144265,22507,3617419,20127,3218178,1835,308668,14828,1153426,0.132574,29333,3147626,0.361787,16753,4301052,0.494361,8700223
1,2021-05-11,63030,7207295,34279,3651698,26583,3244761,2168,310836,20686,1134353,0.130382,42035,3189661,0.366618,22962,4324014,0.497,8700223
1,2021-05-12,63180,7270475,33586,3685284,27522,3272283,2072,312908,20732,1115126,0.128172,42091,3231752,0.371456,22864,4346878,0.499628,8700223
1,2021-05-13,67460,7337935,39593,3724877,25875,3298158,1992,314900,25677,1101703,0.126629,41375,3273127,0.376212,27952,4374830,0.502841,8700223
1,2021-05-14,77044,7414979,46445,3771322,28188,3326346,2411,317311,31081,1089946,0.125278,45527,3318654,0.381445,33770,4408600,0.506723,8700223
1,2021-05-15,66975,7481954,43976,3815298,21229,3347575,1770,319081,26657,1078464,0.123958,39977,3358631,0.38604,28495,4437095,0.509998,8700223
1,2021-05-16,25142,7507096,18534,3833832,5986,3353561,622,319703,10246,1074609,0.123515,14768,3373399,0.387737,10913,4448008,0.511252,8700223
1,2021-05-17,54558,7561654,33317,3867149,19456,3373017,1785,321488,23084,1068346,0.122795,31186,3404585,0.391322,24923,4472931,0.514117,8700223
1,2021-05-18,65438,7627092,39413,3906562,24182,3397199,1843,323331,28349,1061844,0.122048,36783,3441368,0.395549,30281,4503212,0.517597,8700223
1,2021-05-19,66778,7693870,40670,3947232,24163,3421362,1945,325276,29857,1057111,0.121504,36608,3477976,0.399757,31875,4535087,0.521261,8700223
1,2021-05-20,65100,7758970,37790,3985022,25073,3446435,2237,327513,26757,1048331,0.120495,37971,3515947,0.404121,29191,4564278,0.524616,8700223
1,2021-05-21,70781,7829751,42338,4027360,26562,3472997,1881,329394,29166,1038283,0.11934,41187,3557134,0.408855,31139,4595417,0.528195,8700223
1,2021-05-22,56629,7886380,37260,4064620,17637,3490634,1732,331126,24606,1032990,0.118731,31723,3588857,0.412502,26430,4621847,0.531233,8700223
1,2021-05-23,20569,7906949,14385,4079005,5597,3496231,587,331713,9532,1032210,0.118642,10924,3599781,0.413757,10144,4631991,0.532399,8700223
1,2021-05-24,44342,7951291,24750,4103755,17738,3513969,1854,333567,17945,1025972,0.117925,26116,3625897,0.416759,19878,4651869,0.534684,8700223
1,2021-05-25,51635,8002926,29767,4133522,20142,3534111,1726,335293,21458,1019404,0.11717,29843,3655740,0.420189,23275,4675144,0.537359,8700223
1,2021-05-26,48984,8051910,27756,4161278,19294,3553405,1934,337227,20762,1014245,0.116577,27894,3683634,0.423395,22735,4697879,0.539972,8700223
1,2021-05-27,47525,8099435,26696,4187974,18905,3572310,1924,339151,20360,1009789,0.116065,26853,3710487,0.426482,22397,4720276,0.542547,8700223
1,2021-05-28,53324,8152759,29800,4217774,21668,3593978,1856,341007,23912,1006633,0.115702,29049,3739536,0.429821,25893,4746169,0.545523,8700223
1,2021-05-29,30937,8183696,18741,4236515,11217,3605195,979,341986,14685,1006272,0.11566,16079,3755615,0.431669,15718,4761887,0.547329,8700223
1,2021-05-30,11737,8195433,7586,4244101,3590,3608785,561,342547,5530,1006257,0.115659,6131,3761746,0.432374,6116,4768003,0.548032,8700223
1,2021-05-31,5827,8201260,3315,4247416,2251,3611036,261,342808,2039,1004848,0.115497,3720,3765466,0.432801,2311,4770314,0.548298,8700223
1,2021-06-01,46512,8247772,26351,4273767,18572,3629608,1589,344397,17625,995620,0.114436,28503,3793969,0.436077,19275,4789589,0.550513,8700223
1,2021-06-02,40616,8288388,23615,4297382,15482,3645090,1519,345916,16420,989769,0.113764,23870,3817839,0.438821,18019,4807608,0.552584,8700223
1,2021-06-03,42068,8330456,26385,4323767,13945,3659035,1738,347654,16085,982006,0.112871,25660,3843499,0.44177,17897,4825505,0.554642,8700223
1,2021-06-04,50939,8381395,32635,4356402,16478,3675513,1826,349480,18286,969937,0.111484,32258,3875757,0.445478,20189,4845694,0.556962,8700223
1,2021-06-05,40752,8422147,27809,4384211,10922,3686435,2021,351501,14267,960023,0.110345,26254,3902011,0.448496,16340,4862034,0.55884,8700223
1,2021-06-06,13264,8435411,10621,4394832,2126,3688561,517,352018,4571,956569,0.109948,8603,3910614,0.449484,5149,4867183,0.559432,8700223
1,2021-06-07,34370,8469781,23718,4418550,9276,3697837,1376,353394,12300,948465,0.109016,21834,3932448,0.451994,13730,4880913,0.56101,8700223
1,2021-06-08,42499,8512280,29404,4447954,11430,3709267,1665,355059,14798,937610,0.107769,27406,3959854,0.455144,16551,4897464,0.562912,8700223
1,2021-06-09,42432,8554712,29426,4477380,11350,3720617,1656,356715,13814,924844,0.106301,28293,3988147,0.458396,15527,4912991,0.564697,8700223
1,2021-06-10,39395,8594107,26524,4503904,11155,3731772,1716,358431,13438,914411,0.105102,25687,4013834,0.461348,15254,4928245,0.56645,8700223
1,2021-06-11,44702,8638809,29669,4533573,13326,3745098,1707,360138,15946,903718,0.103873,28426,4042260,0.464616,17733,4945978,0.568489,8700223
1,2021-06-12,34253,8673062,24792,4558365,8236,3753334,1225,361363,11255,893493,0.102698,22772,4065032,0.467233,12547,4958525,0.569931,8700223
1,2021-06-13,11720,8684782,8526,4566891,2712,3756046,482,361845,3420,889204,0.102205,8224,4073256,0.468178,3935,4962460,0.570383,8700223
1,2021-06-14,31424,8716206,21189,4588080,8898,3764944,1337,363182,11743,882849,0.101474,19464,4092720,0.470416,13109,4975569,0.57189,8700223
1,2021-06-15,37906,8754112,24869,4612949,11163,3776107,1874,365056,14101,875416,0.10062,23496,4116216,0.473116,16063,4991632,0.573736,8700223
1,2021-06-16,36050,8790162,24390,4637339,9805,3785912,1855,366911,13608,868794,0.099859,22142,4138358,0.475661,15520,5007152,0.57552,8700223
1,2021-06-17,34017,8824179,22497,4659836,9547,3795459,1973,368884,13288,863678,0.099271,20461,4158819,0.478013,15345,5022497,0.577284,8700223
1,2021-06-18,39932,8864111,25948,4685784,11115,3806574,2869,371753,15456,857877,0.098604,24178,4182997,0.480792,18377,5040874,0.579396,8700223
1,2021-06-19,24120,8888231,16741,4702525,6176,3812750,1203,372956,9803,854781,0.098248,14141,4197138,0.482417,11045,5051919,0.580665,8700223
1,2021-06-20,8172,8896403,5986,4708511,1909,3814659,277,373233,3232,853433,0.098093,4867,4202005,0.482977,3519,5055438,0.58107,8700223
1,2021-06-21,21092,8917495,11936,4720447,6959,3821618,2197,375430,10979,856668,0.098465,9989,4211994,0.484125,13224,5068662,0.58259,8700223
1,2021-06-22,31031,8948526,20250,4740697,8616,3830234,2165,377595,12948,853987,0.098157,17857,4229851,0.486177,15176,5083838,0.584334,8700223
1,2021-06-23,29561,8978087,19858,4760555,7871,3838105,1832,379427,12856,852222,0.097954,16477,4246328,0.488071,14712,5098550,0.586025,8700223
1,2021-06-24,28645,9006732,19091,4779646,7873,3845978,1681,381108,12121,849779,0.097673,16311,4262639,0.489946,13868,5112418,0.587619,8700223
1,2021-06-25,32037,9038769,21684,4801330,8928,3854906,1425,382533,14024,847527,0.097414,17756,4280395,0.491987,15504,5127922,0.589401,8700223
1,2021-06-26,22674,9061443,16843,4818173,4986,3859892,845,383378,9890,845660,0.0972,12650,4293045,0.493441,10783,5138705,0.590641,8700223
1,2021-06-27,9293,9070736,6926,4825099,1928,3861820,439,383817,4114,845125,0.097138,5104,4298149,0.494027,4569,5143274,0.591166,8700223
1,2021-06-28,21478,9092214,15963,4841062,4251,3866071,1264,385081,9952,845072,0.097132,11314,4309463,0.495328,11261,5154535,0.59246,8700223
1,2021-06-29,27296,9119510,18701,4859763,7192,3873263,1403,386484,12114,843662,0.09697,14985,4324448,0.49705,13575,5168110,0.59402,8700223
1,2021-06-30,26643,9146153,18466,4878229,7105,3880368,1072,387556,12749,843891,0.096996,13665,4338113,0.498621,13894,5182004,0.595617,8700223
1,2021-07-01,24365,9170518,16945,4895174,6107,3886475,1313,388869,11321,843731,0.096978,12868,4350981,0.5001,12708,5194712,0.597078,8700223
1,2021-07-02,27180,9197698,18691,4913865,7430,3893905,1059,389928,12738,843382,0.096938,14226,4365207,0.501735,13877,5208589,0.598673,8700223
1,2021-07-03,15056,9212754,10518,4924383,4079,3897984,459,390387,7190,843343,0.096933,7721,4372928,0.502623,7682,5216271,0.599556,8700223
1,2021-07-04,1298,9214052,731,4925114,499,3898483,68,390455,630,843389,0.096939,657,4373585,0.502698,703,5216974,0.599637,8700223
1,2021-07-05,11253,9225305,7800,4932914,3087,3901570,366,390821,5340,843307,0.096929,5836,4379421,0.503369,5754,5222728,0.600298,8700223
1,2021-07-06,27915,9253220,19740,4952654,7016,3908586,1159,391980,11173,839204,0.096458,16535,4395956,0.505269,12432,5235160,0.601727,8700223
1,2021-07-07,24219,9277439,16957,4969611,6088,3914674,1174,393154,10423,837282,0.096237,13603,4409559,0.506833,11681,5246841,0.60307,8700223
1,2021-07-08,23234,9300673,16109,4985720,6024,3920698,1101,394255,9983,835408,0.096021,13045,4422604,0.508332,11171,5258012,0.604354,8700223
1,2021-07-09,27441,9328114,19418,5005138,6847,3927545,1176,395431,12394,834171,0.095879,14862,4437466,0.51004,13625,5271637,0.60592,8700223
1,2021-07-10,18165,9346279,13116,5018254,4274,3931819,775,396206,8102,833164,0.095764,9930,4447396,0.511182,8923,5280560,0.606945,8700223
1,2021-07-11,6818,9353097,4989,5023243,1622,3933441,207,396413,3293,833210,0.095769,3472,4450868,0.511581,3518,5284078,0.60735,8700223
1,2021-07-12,20480,9373577,14728,5037971,4848,3938289,904,397317,9087,832049,0.095635,11245,4462113,0.512873,10084,5294162,0.608509,8700223
1,2021-07-13,22751,9396328,15883,5053854,6044,3944333,824,398141,10656,831678,0.095593,11937,4474050,0.514245,11566,5305728,0.609838,8700223
1,2021-07-14,22695,9419023,15600,5069454,6101,3950434,994,399135,10239,830727,0.095483,12293,4486343,0.515658,11342,5317070,0.611142,8700223
1,2021-07-15,22046,9441069,15623,5085077,5686,3956120,737,399872,10670,831011,0.095516,11228,4497571,0.516949,11512,5328582,0.612465,8700223
1,2021-07-16,27157,9468226,18982,5104059,7163,3963283,1012,400884,13459,832042,0.095635,13524,4511095,0.518503,14555,5343137,0.614138,8700223
1,2021-07-17,18857,9487083,13630,5117689,4521,3967804,706,401590,9284,832632,0.095702,9436,4520531,0.519588,10026,5353163,0.61529,8700223
1,2021-07-18,7517,9494600,5550,5123239,1681,3969485,286,401876,3842,833161,0.095763,3615,4524146,0.520003,4144,5357307,0.615767,8700223
1,2021-07-19,21084,9515684,15268,5138507,4977,3974462,839,402715,10571,834296,0.095894,10370,4534516,0.521195,11505,5368812,0.617089,8700223
1,2021-07-20,25141,9540825,17381,5155888,6868,3981330,892,403607,12935,836196,0.096112,12018,4546534,0.522577,13918,5382730,0.618689,8700223
1,2021-07-21,25477,9566302,17893,5173781,6365,3987695,1219,404826,13015,838249,0.096348,12297,4558831,0.52399,14350,5397080,0.620338,8700223
1,2021-07-22,24585,9590887,17394,5191175,6346,3994041,845,405671,13390,841571,0.09673,11004,4569835,0.525255,14326,5411406,0.621985,8700223
1,2021-07-23,29331,9620218,20752,5211927,7553,4001594,1026,406697,16358,846253,0.097268,12768,4582603,0.526722,17450,5428856,0.62399,8700223
1,2021-07-24,18289,9638507,12925,5224852,4794,4006388,570,407267,10761,850203,0.097722,7406,4590009,0.527574,11356,5440212,0.625296,8700223
1,2021-07-25,7548,9646055,5430,5230282,2001,4008389,117,407384,5625,854087,0.098168,1878,4591887,0.52779,5762,5445974,0.625958,8700223
1,2021-07-26,21711,9667766,15019,5245301,5927,4014316,765,408149,14042,861440,0.099014,7525,4599412,0.528654,14878,5460852,0.627668,8700223
1,2021-07-27,27307,9695073,19513,5264814,6843,4021159,951,409100,16089,867493,0.099709,11038,4610450,0.529923,17091,5477943,0.629632,8700223
1,2021-07-28,28195,9723268,19996,5284810,7321,4028480,878,409978,17298,875029,0.100575,10711,4621161,0.531154,18247,5496190,0.63173,8700223
1,2021-07-29,26841,9750109,19045,5303855,6998,4035478,798,410776,16791,882807,0.101469,9873,4631034,0.532289,17651,5513841,0.633759,8700223
1,2021-07-30,31370,9781479,22444,5326299,8021,4043499,905,411681,19186,890969,0.102408,11967,4643001,0.533665,20129,5533970,0.636072,8700223
1,2021-07-31,20005,9801484,14524,5340823,4939,4048438,542,412223,12434,896562,0.10305,7407,4650408,0.534516,13000,5546970,0.637566,8700223
1,2021-08-01,8892,9810376,6702,5347525,2063,4050501,127,412350,6093,900060,0.103453,2750,4653158,0.534832,6248,5553218,0.638285,8700223
1,2021-08-02,25012,9835388,18623,5366148,5678,4056179,711,413061,16269,908508,0.104424,8581,4661739,0.535818,17029,5570247,0.640242,8700223
1,2021-08-03,28869,9864257,20918,5387066,7013,4063192,938,413999,18121,917043,0.105405,10557,4672296,0.537032,19092,5589339,0.642436,8700223
1,2021-08-04,27725,9891982,20160,5407226,6684,4069876,881,414880,17625,925703,0.1064,9893,4682189,0.538169,18553,5607892,0.644569,8700223
1,2021-08-05,27515,9919497,20189,5427415,6418,4076294,908,415788,17358,934041,0.107358,9950,4692139,0.539312,18288,5626180,0.646671,8700223
1,2021-08-06,33964,9953461,25037,5452452,7950,4084244,977,416765,21206,943751,0.108474,12517,4704656,0.540751,22227,5648407,0.649226,8700223
1,2021-08-07,21767,9975228,16323,5468775,4876,4089120,568,417333,13550,949796,0.109169,8087,4712743,0.541681,14132,5662539,0.65085,8700223
1,2021-08-08,10528,9985756,7692,5476467,2635,4091755,201,417534,6850,953248,0.109566,3608,4716351,0.542095,7060,5669599,0.651661,8700223
1,2021-08-09,27894,10013650,20904,5497371,6178,4097933,812,418346,17246,960887,0.110444,10454,4726805,0.543297,18093,5687692,0.653741,8700223
1,2021-08-10,29334,10042984,21567,5518938,6897,4104830,870,419216,17466,967621,0.111218,11656,4738461,0.544637,18390,5706082,0.655855,8700223
1,2021-08-11,27049,10070033,19903,5538841,6227,4111057,919,420135,15947,973625,0.111908,10888,4749349,0.545888,16892,5722974,0.657796,8700223
1,2021-08-12,28788,10098821,20698,5559539,7043,4118100,1047,421182,17190,980577,0.112707,11308,4760657,0.547188,18260,5741234,0.659895,8700223
1,2021-08-13,36037,10134858,26186,5585725,8802,4126902,1049,422231,20971,987886,0.113547,14757,4775414,0.548884,22066,5763300,0.662431,8700223
1,2021-08-14,23905,10158763,18152,5603877,5196,4132098,557,422788,13669,992347,0.11406,9783,4785197,0.550009,14244,5777544,0.664068,8700223
1,2021-08-15,10547,10169310,7777,5611654,2614,4134712,156,422944,6098,994479,0.114305,4144,4789341,0.550485,6276,5783820,0.66479,8700223
1,2021-08-16,29070,10198380,20627,5632281,7652,4142364,791,423735,16033,999179,0.114845,12155,4801496,0.551882,16855,5800675,0.666727,8700223
1,2021-08-17,31624,10230004,22394,5654675,8289,4150653,941,424676,16635,1002745,0.115255,14049,4815545,0.553497,17615,5818290,0.668752,8700223
1,2021-08-18,31610,10261614,22659,5677334,8062,4158715,889,425565,16075,1005423,0.115563,14333,4829878,0.555144,17011,5835301,0.670707,8700223
1,2021-08-19,30836,10292450,21984,5699318,7844,4166559,1008,426573,15767,1008414,0.115907,13821,4843699,0.556733,16812,5852113,0.672639,8700223
1,2021-08-20,38003,10330453,27622,5726940,9441,4176000,940,427513,19283,1011499,0.116261,17170,4860869,0.558706,20255,5872368,0.674968,8700223
1,2021-08-21,22996,10353449,17200,5744140,5233,4181233,563,428076,11268,1012358,0.11636,10986,4871855,0.559969,11845,5884213,0.676329,8700223
1,2021-08-22,11871,10365320,8693,5752833,2976,4184209,202,428278,5980,1013051,0.11644,5503,4877358,0.560601,6196,5890409,0.677041,8700223
1,2021-08-23,30956,10396276,22974,5775807,7249,4191458,733,429011,14948,1013944,0.116542,14852,4892210,0.562309,15745,5906154,0.678851,8700223
1,2021-08-24,31534,10427810,23897,5799704,6814,4198272,823,429834,14972,1014426,0.116598,15377,4907587,0.564076,15859,5922013,0.680674,8700223
1,2021-08-25,31078,10458888,23590,5823294,6760,4205032,728,430562,14538,1014404,0.116595,15339,4922926,0.565839,15317,5937330,0.682434,8700223
1,2021-08-26,30870,10489758,22991,5846285,6996,4212028,883,431445,14593,1015049,0.116669,14874,4937800,0.567549,15519,5952849,0.684218,8700223
1,2021-08-27,37897,10527655,29088,5875373,8047,4220075,762,432207,17275,1014194,0.116571,18968,4956768,0.569729,18113,5970962,0.6863,8700223
1,2021-08-28,24242,10551897,18918,5894291,4904,4224979,420,432627,10453,1012080,0.116328,13032,4969800,0.571227,10918,5981880,0.687555,8700223
1,2021-08-29,11851,10563748,8926,5903217,2784,4227763,141,432768,5489,1011783,0.116294,5959,4975759,0.571912,5662,5987542,0.688206,8700223
1,2021-08-30,18121,10581869,12616,5915833,4661,4232424,844,433612,7317,1010154,0.116107,9820,4985579,0.57304,8191,5995733,0.689147,8700223
2,2020-12-15,263,263,263,263,0,0,0,0,263,263,3.1e-05,0,0,0.0,263,263,3.1e-05,8407551
2,2020-12-16,2341,2604,2341,2604,0,0,0,0,2342,2605,0.00031,0,0,0.0,2342,2605,0.00031,8407551
2,2020-12-17,7251,9855,7251,9855,0,0,0,0,7250,9855,0.001172,0,0,0.0,7250,9855,0.001172,8407551
2,2020-12-18,11193,21048,11172,21027,21,21,0,0,11197,21052,0.002504,0,0,0.0,11197,21052,0.002504,8407551
2,2020-12-19,5649,26697,5642,26669,7,28,0,0,5651,26703,0.003176,0,0,0.0,5651,26703,0.003176,8407551
2,2020-12-20,4268,30965,4251,30920,17,45,0,0,4260,30962,0.003683,1,1,0.0,4260,30963,0.003683,8407551
2,2020-12-21,12899,43864,12869,43789,30,75,0,0,12854,43816,0.005212,0,1,0.0,12854,43817,0.005212,8407551
2,2020-12-22,12315,56179,11780,55569,535,610,0,0,12314,56130,0.006676,0,1,0.0,12314,56131,0.006676,8407551
2,2020-12-23,11850,68029,9576,65145,2274,2884,0,0,11851,67980,0.008086,2,3,0.0,11852,67983,0.008086,8407551
2,2020-12-24,5920,73949,3501,68646,2419,5303,0,0,5918,73897,0.008789,3,6,1e-06,5920,73903,0.00879,8407551
2,2020-12-25,505,74454,421,69067,84,5387,0,0,508,74405,0.00885,0,6,1e-06,508,74411,0.00885,8407551
2,2020-12-26,2596,77050,1674,70741,922,6309,0,0,2597,77001,0.009159,1,7,1e-06,2597,77008,0.009159,8407551
2,2020-12-27,2245,79295,1221,71962,1024,7333,0,0,2242,79241,0.009425,2,9,1e-06,2242,79250,0.009426,8407551
2,2020-12-28,11170,90465,7247,79209,3923,11256,0,0,11170,90408,0.010753,3,12,1e-06,11170,90420,0.010755,8407551
2,2020-12-29,13024,103489,7324,86533,5700,16956,0,0,13029,103437,0.012303,0,12,1e-06,13029,103449,0.012304,8407551
2,2020-12-30,15764,119253,8848,95381,6916,23872,0,0,15758,119192,0.014177,5,17,2e-06,15760,119209,0.014179,8407551
2,2020-12-31,7649,126902,2846,98227,4803,28675,0,0,7641,126828,0.015085,5,22,3e-06,7641,126850,0.015088,8407551
2,2021-01-01,1454,128356,702,98929,752,29427,0,0,1449,128273,0.015257,4,26,3e-06,1449,128299,0.01526,8407551
2,2021-01-02,4890,133246,2787,101716,2103,31530,0,0,4885,133156,0.015838,2,28,3e-06,4885,133184,0.015841,8407551
2,2021-01-03,1440,134686,814,102530,626,32156,0,0,1432,134584,0.016008,4,32,4e-06,1432,134616,0.016011,8407551
2,2021-01-04,11831,146517,5634,108164,6197,38353,0,0,11817,146397,0.017413,4,36,4e-06,11817,146433,0.017417,8407551
2,2021-01-05,14054,160571,7045,115209,7009,45362,0,0,12798,157977,0.01879,1251,1287,0.000153,12831,159264,0.018943,8407551
2,2021-01-06,19313,179884,10693,125902,8620,53982,0,0,15277,169295,0.020136,3974,5261,0.000626,15292,174556,0.020762,8407551
2,2021-01-07,23529,203413,13275,139177,10254,64236,0,0,15753,177280,0.021086,7787,13048,0.001552,15772,190328,0.022638,8407551
2,2021-01-08,27236,230649,16457,155634,10779,75015,0,0,16648,183428,0.021817,10531,23579,0.002805,16679,207007,0.024622,8407551
2,2021-01-09,9925,240574,5816,161450,4109,79124,0,0,6310,186139,0.02214,3610,27189,0.003234,6321,213328,0.025373,8407551
2,2021-01-10,5364,245938,2990,164440,2374,81498,0,0,3096,186971,0.022238,2270,29459,0.003504,3102,216430,0.025742,8407551
2,2021-01-11,26253,272191,18147,182587,8106,89604,0,0,15055,190877,0.022703,11203,40662,0.004836,15109,231539,0.027539,8407551
2,2021-01-12,26614,298805,16543,199130,10071,99675,0,0,16884,198100,0.023562,9755,50417,0.005997,16978,248517,0.029559,8407551
2,2021-01-13,28792,327597,15285,214415,13507,113182,0,0,20724,210808,0.025074,8057,58474,0.006955,20765,269282,0.032029,8407551
2,2021-01-14,30793,358390,11804,226219,18989,132171,0,0,26449,232985,0.027711,4356,62830,0.007473,26533,295815,0.035184,8407551
2,2021-01-15,35342,393732,12809,239028,22533,154704,0,0,32006,261754,0.031133,3331,66161,0.007869,32100,327915,0.039002,8407551
2,2021-01-16,18410,412142,6160,245188,12250,166954,0,0,16981,277297,0.032982,1447,67608,0.008041,16990,344905,0.041023,8407551
2,2021-01-17,10615,422757,3591,248779,7024,173978,0,0,9857,286393,0.034064,772,68380,0.008133,9868,354773,0.042197,8407551
2,2021-01-18,19921,442678,11148,259927,8773,182751,0,0,15012,296545,0.035271,4926,73306,0.008719,15078,369851,0.04399,8407551
2,2021-01-19,32972,475650,17214,277141,15758,198509,0,0,24743,313177,0.037249,8228,81534,0.009698,24860,394711,0.046947,8407551
2,2021-01-20,37893,513543,19093,296234,18800,217309,0,0,29141,333693,0.03969,8722,90256,0.010735,29238,423949,0.050425,8407551
2,2021-01-21,41356,554899,17600,313834,23756,241065,0,0,36715,365992,0.043531,4608,94864,0.011283,36907,460856,0.054815,8407551
2,2021-01-22,39835,594734,16656,330490,23179,264244,0,0,36423,399013,0.047459,3432,98296,0.011691,36453,497309,0.05915,8407551
2,2021-01-23,24378,619112,10846,341336,13532,277776,0,0,21374,417438,0.04965,2980,101276,0.012046,21405,518714,0.061696,8407551
2,2021-01-24,12514,631626,6133,347469,6381,284157,0,0,11576,428112,0.05092,922,102198,0.012156,11596,530310,0.063075,8407551
2,2021-01-25,34220,665846,15732,363201,18488,302645,0,0,25246,444587,0.052879,8921,111119,0.013217,25396,555706,0.066096,8407551
2,2021-01-26,40685,706531,19893,383094,20792,323437,0,0,31298,466619,0.0555,9358,120477,0.01433,31390,587096,0.06983,8407551
2,2021-01-27,46000,752531,22773,405867,23227,346664,0,0,35477,491765,0.058491,10399,130876,0.015566,35545,622641,0.074057,8407551
2,2021-01-28,48415,800946,22578,428445,25837,372501,0,0,39514,522531,0.06215,8833,139709,0.016617,39599,662240,0.078767,8407551
2,2021-01-29,46036,846982,22142,450587,23894,396395,0,0,37101,550910,0.065526,8805,148514,0.017664,37184,699424,0.08319,8407551
2,2021-01-30,31533,878515,13353,463940,18180,414575,0,0,28075,575616,0.068464,3414,151928,0.01807,28120,727544,0.086535,8407551
2,2021-01-31,17305,895820,10229,474169,7076,421651,0,0,16066,590488,0.070233,1217,153145,0.018215,16089,743633,0.088448,8407551
2,2021-02-01,41661,937481,19944,494113,21717,443368,0,0,30368,609676,0.072515,11230,164375,0.019551,30418,774051,0.092066,8407551
2,2021-02-02,48290,985771,19638,513751,28652,472020,0,0,36583,634754,0.075498,11607,175982,0.020931,36685,810736,0.09643,8407551
2,2021-02-03,54388,1040159,23898,537649,30490,502510,0,0,39981,660534,0.078564,14303,190285,0.022633,40083,850819,0.101197,8407551
2,2021-02-04,56638,1096797,24266,561915,32372,534882,0,0,41118,686350,0.081635,15408,205693,0.024465,41224,892043,0.1061,8407551
2,2021-02-05,60697,1157494,26346,588261,34351,569233,0,0,40933,707949,0.084204,19535,225228,0.026789,41134,933177,0.110993,8407551
2,2021-02-06,39620,1197114,18387,606648,21233,590466,0,0,31488,731496,0.087005,8051,233279,0.027746,31598,964775,0.114751,8407551
2,2021-02-07,15807,1212921,10453,617101,5354,595820,0,0,11962,739719,0.087983,3812,237091,0.0282,12035,976810,0.116182,8407551
2,2021-02-08,43347,1256268,21941,639042,21406,617226,0,0,29612,755966,0.089915,13583,250674,0.029815,29830,1006640,0.11973,8407551
2,2021-02-09,49877,1306145,23597,662639,26280,643506,0,0,30712,768112,0.09136,18933,269607,0.032067,31079,1037719,0.123427,8407551
2,2021-02-10,59912,1366057,28007,690646,31905,675411,0,0,34503,777884,0.092522,25110,294717,0.035054,34882,1072601,0.127576,8407551
2,2021-02-11,64668,1430725,29688,720334,34980,710391,0,0,35928,785981,0.093485,28353,323070,0.038426,36450,1109051,0.131911,8407551
2,2021-02-12,66350,1497075,28606,748940,37744,748135,0,0,35386,791381,0.094127,30663,353733,0.042073,36063,1145114,0.136201,8407551
2,2021-02-13,38363,1535438,15961,764901,22402,770537,0,0,22083,797674,0.094876,16173,369906,0.043997,22466,1167580,0.138873,8407551
2,2021-02-14,20241,1555679,9420,774321,10821,781358,0,0,11226,800316,0.09519,8959,378865,0.045062,11601,1179181,0.140253,8407551
2,2021-02-15,33500,1589179,15059,789380,18441,799799,0,0,18516,804872,0.095732,14834,393699,0.046827,19390,1198571,0.142559,8407551
2,2021-02-16,56747,1645926,27787,817167,28960,828759,0,0,29792,808527,0.096167,26829,420528,0.050018,30484,1229055,0.146185,8407551
2,2021-02-17,62134,1708060,31928,849095,30206,858965,0,0,30758,808841,0.096204,31269,451797,0.053737,31583,1260638,0.149941,8407551
2,2021-02-18,66819,1774879,33665,882760,33154,892119,0,0,32454,808370,0.096148,34082,485879,0.057791,33611,1294249,0.153939,8407551
2,2021-02-19,60131,1835010,33212,915972,26919,919038,0,0,29769,808583,0.096173,30150,516029,0.061377,30363,1324612,0.15755,8407551
2,2021-02-20,38028,1873038,24640,940612,13388,932426,0,0,20600,812574,0.096648,17312,533341,0.063436,21303,1345915,0.160084,8407551
2,2021-02-21,21945,1894983,17715,958327,4230,936656,0,0,10820,813221,0.096725,11012,544353,0.064746,11659,1357574,0.161471,8407551
2,2021-02-22,39888,1934871,27245,985572,12643,949299,0,0,18907,812023,0.096583,20815,565168,0.067221,19617,1377191,0.163804,8407551
2,2021-02-23,54258,1989129,27664,1013236,26594,975893,0,0,23778,807521,0.096047,30195,595363,0.070813,25693,1402884,0.16686,8407551
2,2021-02-24,71648,2060777,36851,1050087,34797,1010690,0,0,32769,804065,0.095636,38637,634000,0.075408,35181,1438065,0.171044,8407551
2,2021-02-25,77716,2138493,36749,1086836,40967,1051657,0,0,39379,808271,0.096136,38043,672043,0.079933,42249,1480314,0.17607,8407551
2,2021-02-26,86323,2224816,37006,1123842,49317,1100974,0,0,46345,817189,0.097197,39643,711686,0.084648,48561,1528875,0.181845,8407551
2,2021-02-27,63175,2287991,29319,1153161,33848,1134822,8,8,34158,823942,0.098,28763,740449,0.08807,35516,1564391,0.18607,8407551
2,2021-02-28,31168,2319159,18662,1171823,12505,1147327,1,9,18037,829844,0.098702,12991,753440,0.089615,18893,1583284,0.188317,8407551
2,2021-03-01,59359,2378518,30914,1202737,28365,1175692,80,89,32357,836864,0.099537,26661,780101,0.092786,33681,1616965,0.192323,8407551
2,2021-03-02,71084,2449602,34121,1236858,36947,1212639,16,105,39746,847876,0.100847,31132,811233,0.096489,42144,1659109,0.197336,8407551
2,2021-03-03,82120,2531722,39587,1276445,42513,1255152,20,125,46317,861307,0.102444,35560,846793,0.100718,48991,1708100,0.203163,8407551
2,2021-03-04,90001,2621723,44097,1320542,45870,1301022,34,159,51477,876984,0.104309,38252,885045,0.105268,53929,1762029,0.209577,8407551
2,2021-03-05,83685,2705408,39224,1359766,44139,1345161,322,481,50742,897773,0.106782,32679,917724,0.109155,53468,1815497,0.215936,8407551
2,2021-03-06,63720,2769128,31083,1390849,30912,1376073,1725,2206,38978,915312,0.108868,24593,942317,0.11208,42132,1857629,0.220948,8407551
2,2021-03-07,28917,2798045,16410,1407259,10951,1387024,1556,3762,18278,925710,0.110105,10556,952873,0.113335,20954,1878583,0.22344,8407551
2,2021-03-08,51316,2849361,23514,1430773,25218,1412242,2584,6346,32193,943129,0.112176,18995,971868,0.115595,36414,1914997,0.227771,8407551
2,2021-03-09,71222,2920583,32429,1463202,34911,1447153,3882,10228,39374,956033,0.113711,31691,1003559,0.119364,44595,1959592,0.233075,8407551
2,2021-03-10,79160,2999743,37404,1500606,35157,1482310,6599,16827,41896,968809,0.115231,37025,1040584,0.123768,49801,2009393,0.238999,8407551
2,2021-03-11,93894,3093637,43341,1543947,42138,1524448,8415,25242,48889,982806,0.116896,44670,1085254,0.129081,58667,2068060,0.245977,8407551
2,2021-03-12,94808,3188445,39044,1582991,43748,1568196,12016,37258,46981,995599,0.118417,47552,1132806,0.134737,60345,2128405,0.253154,8407551
2,2021-03-13,69609,3258054,29102,1612093,32475,1600671,8032,45290,38122,1011676,0.120329,31330,1164136,0.138463,47407,2175812,0.258793,8407551
2,2021-03-14,37177,3295231,18383,1630476,14272,1614943,4522,49812,18659,1017179,0.120984,18404,1182540,0.140652,23907,2199719,0.261636,8407551
2,2021-03-15,67926,3363157,30693,1661169,32204,1647147,5029,54841,37344,1030314,0.122546,30331,1212871,0.14426,43466,2243185,0.266806,8407551
2,2021-03-16,86872,3450029,38496,1699665,44334,1691481,4042,58883,52354,1053534,0.125308,34290,1247161,0.148338,57510,2300695,0.273646,8407551
2,2021-03-17,93550,3543579,44832,1744497,44506,1735987,4212,63095,59208,1083706,0.128897,34041,1281202,0.152387,64213,2364908,0.281284,8407551
2,2021-03-18,98843,3642422,47183,1791680,47025,1783012,4635,67730,59862,1110111,0.132037,38631,1319833,0.156982,65036,2429944,0.289019,8407551
2,2021-03-19,98109,3740531,46476,1838156,45462,1828474,6171,73901,57820,1134639,0.134955,39953,1359786,0.161734,64481,2494425,0.296689,8407551
2,2021-03-20,70436,3810967,34116,1872272,32304,1860778,4016,77917,45859,1160528,0.138034,24325,1384111,0.164627,50214,2544639,0.302661,8407551
2,2021-03-21,33889,3844856,21788,1894060,10085,1870863,2016,79933,20230,1169718,0.139127,13486,1397597,0.166231,22676,2567315,0.305358,8407551
2,2021-03-22,63331,3908187,34864,1928924,25821,1896684,2646,82579,41837,1193864,0.141999,21231,1418828,0.168756,45377,2612692,0.310755,8407551
2,2021-03-23,84446,3992633,44883,1973807,36627,1933311,2936,85515,52298,1218098,0.144881,31836,1450664,0.172543,56070,2668762,0.317424,8407551
2,2021-03-24,92583,4085216,49752,2023559,39642,1972953,3189,88704,53930,1237745,0.147218,38285,1488949,0.177097,57932,2726694,0.324315,8407551
2,2021-03-25,102195,4187411,51573,2075132,46689,2019642,3933,92637,57320,1255285,0.149304,44481,1533430,0.182387,62021,2788715,0.331692,8407551
2,2021-03-26,104298,4291709,51703,2126835,49091,2068733,3504,96141,56598,1269143,0.150953,47278,1580708,0.188011,61136,2849851,0.338963,8407551
2,2021-03-27,76230,4367939,38040,2164875,34863,2103596,3327,99468,37946,1273282,0.151445,37995,1618703,0.19253,42134,2891985,0.343975,8407551
2,2021-03-28,38065,4406004,23527,2188402,13724,2117320,814,100282,20216,1277472,0.151943,17693,1636396,0.194634,21883,2913868,0.346577,8407551
2,2021-03-29,72283,4478287,36742,2225144,33255,2150575,2286,102568,40757,1290226,0.15346,31283,1667679,0.198355,44037,2957905,0.351815,8407551
2,2021-03-30,92828,4571115,45478,2270622,42949,2193524,4401,106969,51780,1306218,0.155362,40813,1708492,0.203209,56805,3014710,0.358572,8407551
2,2021-03-31,101972,4673087,52564,2323186,44261,2237785,5147,112116,57547,1325212,0.157622,44077,1752569,0.208452,63071,3077781,0.366073,8407551
2,2021-04-01,118719,4791806,57353,2380539,52010,2289795,9356,121472,64296,1345305,0.160012,53943,1806512,0.214868,74036,3151817,0.374879,8407551
2,2021-04-02,112478,4904284,51822,2432361,50377,2340172,10279,131751,59985,1363961,0.16223,52053,1858565,0.221059,70709,3222526,0.383289,8407551
2,2021-04-03,77263,4981547,37972,2470333,29399,2369571,9892,141643,38201,1373583,0.163375,38830,1897395,0.225677,48452,3270978,0.389052,8407551
2,2021-04-04,29162,5010709,15005,2485338,10273,2379844,3884,145527,13062,1374566,0.163492,15979,1913374,0.227578,16962,3287940,0.39107,8407551
2,2021-04-05,79828,5090537,39097,2524435,31811,2411655,8920,154447,38372,1381337,0.164297,41252,1954626,0.232485,48023,3335963,0.396782,8407551
2,2021-04-06,104625,5195162,50945,2575380,38877,2450532,14803,169250,49401,1391013,0.165448,54915,2009541,0.239016,64591,3400554,0.404464,8407551
2,2021-04-07,111385,5306547,55575,2630955,39436,2489968,16374,185624,52183,1400899,0.166624,58883,2068424,0.24602,68769,3469323,0.412644,8407551
2,2021-04-08,120053,5426600,57775,2688730,43406,2533374,18872,204496,55643,1411892,0.167931,64018,2132442,0.253634,75011,3544334,0.421566,8407551
2,2021-04-09,119553,5546153,57490,2746220,43800,2577174,18263,222759,56409,1424625,0.169446,62740,2195182,0.261096,75473,3619807,0.430542,8407551
2,2021-04-10,88068,5634221,37984,2784204,31542,2608716,18542,241301,36229,1428467,0.169903,51557,2246739,0.267229,55399,3675206,0.437132,8407551
2,2021-04-11,44697,5678918,23166,2807370,13009,2621725,8522,249823,18274,1429703,0.17005,26261,2273000,0.270352,27497,3702703,0.440402,8407551
2,2021-04-12,80601,5759519,37530,2844900,33576,2655301,9495,259318,35837,1431537,0.170268,44472,2317472,0.275642,46306,3749009,0.44591,8407551
2,2021-04-13,102432,5861951,53168,2898068,48996,2704297,268,259586,55935,1442444,0.171565,46192,2363664,0.281136,57099,3806108,0.452701,8407551
2,2021-04-14,107428,5969379,56323,2954391,51041,2755338,64,259650,54676,1446212,0.172013,52411,2416075,0.28737,56179,3862287,0.459383,8407551
2,2021-04-15,113837,6083216,60477,3014868,53259,2808597,101,259751,59277,1452540,0.172766,54131,2470206,0.293808,60459,3922746,0.466574,8407551
2,2021-04-16,111412,6194628,57822,3072690,53531,2862128,59,259810,56481,1455389,0.173105,54547,2524753,0.300296,57396,3980142,0.473401,8407551
2,2021-04-17,83912,6278540,42719,3115409,41177,2903305,16,259826,46780,1466204,0.174391,36855,2561608,0.304679,47670,4027812,0.479071,8407551
2,2021-04-18,36086,6314626,21930,3137339,14144,2917449,12,259838,17033,1465336,0.174288,18906,2580514,0.306928,18038,4045850,0.481216,8407551
2,2021-04-19,75159,6389785,40466,3177805,34674,2952123,19,259857,34033,1459171,0.173555,40834,2621348,0.311785,34669,4080519,0.48534,8407551
2,2021-04-20,97853,6487638,49506,3227311,48317,3000440,30,259887,47120,1456708,0.173262,50360,2671708,0.317775,47897,4128416,0.491037,8407551
2,2021-04-21,104352,6591990,56500,3283811,47781,3048221,71,259958,49113,1452157,0.172721,54716,2726424,0.324283,50165,4178581,0.497003,8407551
2,2021-04-22,108891,6700881,56338,3340149,52524,3100745,29,259987,47550,1439755,0.171245,60861,2787285,0.331522,48459,4227040,0.502767,8407551
2,2021-04-23,108505,6809386,57779,3397928,50706,3151451,20,260007,50003,1432646,0.1704,58060,2845345,0.338427,50951,4277991,0.508827,8407551
2,2021-04-24,81399,6890785,47942,3445870,33413,3184864,44,260051,42287,1437185,0.17094,38737,2884082,0.343035,43276,4321267,0.513975,8407551
2,2021-04-25,36741,6927526,22628,3468498,14096,3198960,17,260068,19945,1440988,0.171392,16631,2900713,0.345013,20434,4341701,0.516405,8407551
2,2021-04-26,74660,7002186,41380,3509878,32962,3231922,318,260386,34190,1436789,0.170893,40167,2940880,0.34979,35968,4377669,0.520683,8407551
2,2021-04-27,88729,7090915,46834,3556712,40521,3272443,1374,261760,37955,1427007,0.169729,50360,2991240,0.35578,40578,4418247,0.525509,8407551
2,2021-04-28,88725,7179640,47446,3604158,39399,3311842,1880,263640,39022,1419503,0.168837,49328,3040568,0.361647,41824,4460071,0.530484,8407551
2,2021-04-29,91724,7271364,49979,3654137,40024,3351866,1721,265361,35528,1401585,0.166706,55773,3096341,0.368281,37855,4497926,0.534986,8407551
2,2021-04-30,95367,7366731,52691,3706828,40663,3392529,2013,267374,36952,1383290,0.164529,57918,3154259,0.37517,39623,4537549,0.539699,8407551
2,2021-05-01,63101,7429832,38467,3745295,23023,3415552,1611,268985,24583,1372188,0.163209,38157,3192416,0.379708,27055,4564604,0.542917,8407551
2,2021-05-02,29417,7459249,20477,3765772,7962,3423514,978,269963,11165,1366317,0.162511,18103,3210519,0.381861,12232,4576836,0.544372,8407551
2,2021-05-03,60929,7520178,36191,3801963,22668,3446182,2070,272033,20422,1348859,0.160434,40211,3250730,0.386644,22753,4599589,0.547078,8407551
2,2021-05-04,80380,7600558,47995,3849958,29976,3476158,2409,274442,26032,1323715,0.157444,53973,3304703,0.393064,28829,4628418,0.550507,8407551
2,2021-05-05,81016,7681574,48265,3898223,30386,3506544,2365,276807,25264,1296382,0.154193,55330,3360033,0.399645,27997,4656415,0.553837,8407551
2,2021-05-06,83424,7764998,50679,3948902,29809,3536353,2936,279743,25257,1267546,0.150763,57661,3417694,0.406503,28825,4685240,0.557266,8407551
2,2021-05-07,84219,7849217,48634,3997536,33147,3569500,2438,282181,25747,1238126,0.147264,58055,3475749,0.413408,28635,4713875,0.560672,8407551
2,2021-05-08,55983,7905200,33964,4031500,20290,3589790,1729,283910,17467,1219790,0.145083,38265,3514014,0.417959,19929,4733804,0.563042,8407551
2,2021-05-09,21945,7927145,15800,4047300,5395,3595185,750,284660,6322,1211567,0.144105,15525,3529539,0.419806,7302,4741106,0.56391,8407551
2,2021-05-10,50549,7977694,27572,4074872,21084,3616269,1893,286553,14207,1192205,0.141802,36063,3565602,0.424095,16701,4757807,0.565897,8407551
2,2021-05-11,66665,8044359,36146,4111018,28379,3644648,2140,288693,20038,1168778,0.139015,46295,3611897,0.429602,22868,4780675,0.568617,8407551
2,2021-05-12,65580,8109939,34955,4145973,28387,3673035,2238,290931,19259,1144702,0.136152,45985,3657882,0.435071,21909,4802584,0.571223,8407551
2,2021-05-13,71403,8181342,41475,4187448,27973,3701008,1955,292886,26072,1128451,0.134219,45018,3702900,0.440426,28767,4831351,0.574644,8407551
2,2021-05-14,80389,8261731,48189,4235637,29925,3730933,2275,295161,30816,1112994,0.13238,49189,3752089,0.446276,33732,4865083,0.578656,8407551
2,2021-05-15,66888,8328619,43932,4279569,21233,3752166,1723,296884,25893,1100294,0.13087,40720,3792809,0.451119,28020,4893103,0.581989,8407551
2,2021-05-16,31834,8360453,23824,4303393,7083,3759249,927,297811,12945,1095552,0.130306,18747,3811556,0.453349,14005,4907108,0.583655,8407551
2,2021-05-17,58271,8418724,36909,4340302,19399,3778648,1963,299774,22912,1085696,0.129133,35099,3846655,0.457524,25243,4932351,0.586657,8407551
2,2021-05-18,70497,8489221,41232,4381534,27293,3805941,1972,301746,27932,1073870,0.127727,42271,3888926,0.462552,30445,4962796,0.590278,8407551
2,2021-05-19,69244,8558465,40975,4422509,26241,3832182,2028,303774,27349,1062160,0.126334,41558,3930484,0.467495,29848,4992644,0.593829,8407551
2,2021-05-20,70024,8628489,40644,4463153,27178,3859360,2202,305976,26613,1048526,0.124712,43053,3973537,0.472615,29419,5022063,0.597328,8407551
2,2021-05-21,73608,8702097,43475,4506628,27957,3887317,2176,308152,27951,1033946,0.122978,45269,4018806,0.478,30689,5052752,0.600978,8407551
2,2021-05-22,53981,8756078,34284,4540912,17919,3905236,1778,309930,22516,1027561,0.122219,31222,4050028,0.481713,24837,5077589,0.603932,8407551
2,2021-05-23,24517,8780595,16732,4557644,7060,3912296,725,310655,10273,1024595,0.121866,14107,4064135,0.483391,11141,5088730,0.605257,8407551
2,2021-05-24,45226,8825821,25722,4583366,17718,3930014,1786,312441,17373,1016488,0.120902,27609,4091744,0.486675,19502,5108232,0.607577,8407551
2,2021-05-25,51318,8877139,30078,4613444,19362,3949376,1878,314319,19519,1006951,0.119767,31473,4123217,0.490418,21936,5130168,0.610186,8407551
2,2021-05-26,49112,8926251,27532,4640976,19882,3969258,1698,316017,19202,998631,0.118778,29562,4152779,0.493934,21242,5151410,0.612712,8407551
2,2021-05-27,47029,8973280,26704,4667680,18582,3987840,1743,317760,18769,991650,0.117948,27996,4180775,0.497264,21015,5172425,0.615212,8407551
2,2021-05-28,50681,9023961,28039,4695719,20652,4008492,1990,319750,21249,986171,0.117296,29154,4209929,0.500732,23675,5196100,0.618028,8407551
2,2021-05-29,29271,9053232,17538,4713257,10664,4019156,1069,320819,13320,984963,0.117152,15778,4225707,0.502609,14570,5210670,0.619761,8407551
2,2021-05-30,12713,9065945,8187,4721444,3756,4022912,770,321589,5534,984224,0.117064,7109,4232816,0.503454,6370,5217040,0.620518,8407551
2,2021-05-31,5953,9071898,3491,4724935,2157,4025069,305,321894,1857,982401,0.116847,4033,4236849,0.503934,2210,5219250,0.620781,8407551
2,2021-06-01,45269,9117167,26019,4750954,17575,4042644,1675,323569,15740,971002,0.115492,29183,4266032,0.507405,17784,5237034,0.622896,8407551
2,2021-06-02,38642,9155809,22751,4773705,14463,4057107,1428,324997,15126,964621,0.114733,23234,4289266,0.510168,16853,5253887,0.624901,8407551
2,2021-06-03,41815,9197624,26951,4800656,13382,4070489,1482,326479,14105,953138,0.113367,27457,4316723,0.513434,15974,5269861,0.626801,8407551
2,2021-06-04,48685,9246309,31814,4832470,15306,4085795,1565,328044,15746,938359,0.111609,32614,4349337,0.517313,17835,5287696,0.628922,8407551
2,2021-06-05,38169,9284478,27247,4859717,9450,4095245,1472,329516,11865,926061,0.110146,26059,4375396,0.520413,13761,5301457,0.630559,8407551
2,2021-06-06,14973,9299451,12284,4872001,2110,4097355,579,330095,4660,921250,0.109574,10246,4385642,0.521631,5435,5306892,0.631205,8407551
2,2021-06-07,33567,9333018,23495,4895496,8783,4106138,1289,331384,10999,911376,0.1084,22399,4408041,0.524295,12525,5319417,0.632695,8407551
2,2021-06-08,40748,9373766,28829,4924325,10545,4116683,1374,332758,12493,897628,0.106765,27998,4436039,0.527626,14250,5333667,0.63439,8407551
2,2021-06-09,38238,9412004,26696,4951021,10041,4126724,1501,334259,11551,884522,0.105206,26485,4462524,0.530776,13379,5347046,0.635981,8407551
2,2021-06-10,37950,9449954,26394,4977415,10020,4136744,1536,335795,11624,872035,0.10372,26123,4488647,0.533883,13636,5360682,0.637603,8407551
2,2021-06-11,41637,9491591,27669,5005084,12289,4149033,1679,337474,13333,859320,0.102208,28030,4516677,0.537217,15315,5375997,0.639425,8407551
2,2021-06-12,29757,9521348,21917,5027001,6922,4155955,918,338392,8736,848335,0.100902,20874,4537551,0.539699,9889,5385886,0.640601,8407551
2,2021-06-13,12274,9533622,8968,5035969,2683,4158638,623,339015,3123,843163,0.100286,9085,4546636,0.54078,3913,5389799,0.641066,8407551
2,2021-06-14,30186,9563808,21439,5057408,7534,4166172,1213,340228,10443,835459,0.09937,19563,4566199,0.543107,11859,5401658,0.642477,8407551
2,2021-06-15,35979,9599787,23985,5081393,9931,4176103,2063,342291,12102,826402,0.098293,23600,4589799,0.545914,14543,5416201,0.644207,8407551
2,2021-06-16,33364,9633151,23055,5104448,8493,4184596,1816,344107,11544,818440,0.097346,21636,4611435,0.548487,13674,5429875,0.645833,8407551
2,2021-06-17,31042,9664193,20752,5125200,8483,4193079,1807,345914,10994,811587,0.096531,19861,4631296,0.55085,13008,5442883,0.64738,8407551
2,2021-06-18,34825,9699018,22952,5148152,9991,4203070,1882,347796,12619,804358,0.095671,21979,4653275,0.553464,14750,5457633,0.649135,8407551
2,2021-06-19,20990,9720008,14623,5162775,5106,4208176,1261,349057,7911,800815,0.095249,12913,4666188,0.555,9370,5467003,0.650249,8407551
2,2021-06-20,8308,9728316,5942,5168717,1901,4210077,465,349522,3068,799224,0.09506,5194,4671382,0.555617,3603,5470606,0.650678,8407551
2,2021-06-21,19371,9747687,11861,5180578,6187,4216264,1323,350845,9877,801234,0.095299,9371,4680753,0.556732,11381,5481987,0.652031,8407551
2,2021-06-22,26923,9774610,18442,5199020,7097,4223361,1384,352229,10525,797193,0.094819,16224,4696977,0.558662,12183,5494170,0.65348,8407551
2,2021-06-23,25968,9800578,17918,5216938,6421,4229782,1629,353858,10530,794356,0.094481,15289,4712266,0.56048,12452,5506622,0.654961,8407551
2,2021-06-24,25446,9826024,17332,5234270,6587,4236369,1527,355385,10463,791750,0.094171,14828,4727094,0.562244,12222,5518844,0.656415,8407551
2,2021-06-25,28880,9854904,19574,5253844,7808,4244177,1498,356883,12010,788789,0.093819,16708,4743802,0.564231,13747,5532591,0.65805,8407551
2,2021-06-26,18754,9873658,13808,5267652,4008,4248185,938,357821,7643,786608,0.09356,11017,4754819,0.565541,8836,5541427,0.659101,8407551
2,2021-06-27,8888,9882546,6790,5274442,1647,4249832,451,358272,3576,785505,0.093429,5254,4760073,0.566166,4151,5545578,0.659595,8407551
2,2021-06-28,19982,9902528,15179,5289621,3553,4253385,1250,359522,8822,784747,0.093338,11021,4771094,0.567477,10263,5555841,0.660816,8407551
2,2021-06-29,22938,9925466,15979,5305600,5879,4259264,1080,360602,9845,782953,0.093125,12953,4784047,0.569018,11159,5567000,0.662143,8407551
2,2021-06-30,22207,9947673,15750,5321350,5427,4264691,1030,361632,9946,782046,0.093017,12112,4796159,0.570459,11205,5578205,0.663476,8407551
2,2021-07-01,20125,9967798,14226,5335576,4998,4269689,901,362533,8971,781105,0.092905,11016,4807175,0.571769,10075,5588280,0.664674,8407551
2,2021-07-02,23135,9990933,15954,5351530,6150,4275839,1031,363564,10277,779932,0.092766,12683,4819858,0.573277,11510,5599790,0.666043,8407551
2,2021-07-03,12648,10003581,9113,5360643,3058,4278897,477,364041,5802,779584,0.092724,6749,4826607,0.57408,6401,5606191,0.666804,8407551
2,2021-07-04,1018,10004599,597,5361240,354,4279251,67,364108,436,779540,0.092719,570,4827177,0.574148,526,5606717,0.666867,8407551
2,2021-07-05,11128,10015727,8153,5369393,2565,4281816,410,364518,5097,779216,0.09268,5959,4833136,0.574857,5635,5612352,0.667537,8407551
2,2021-07-06,23988,10039715,17414,5386807,5561,4287377,1013,365531,9282,775240,0.092208,14541,4847677,0.576586,10565,5622917,0.668794,8407551
2,2021-07-07,20655,10060370,14722,5401529,4826,4292203,1107,366638,8757,773615,0.092014,11752,4859429,0.577984,10127,5633044,0.669998,8407551
2,2021-07-08,19237,10079607,13402,5414931,4793,4296996,1042,367680,8076,771888,0.091809,11048,4870477,0.579298,9321,5642365,0.671107,8407551
2,2021-07-09,22640,10102247,15693,5430624,5693,4302689,1254,368934,9605,770053,0.091591,12893,4883370,0.580831,11058,5653423,0.672422,8407551
2,2021-07-10,14368,10116615,10600,5441224,3082,4305771,686,369620,6336,769295,0.0915,7937,4891307,0.581775,7179,5660602,0.673276,8407551
2,2021-07-11,6570,10123185,4831,5446055,1389,4307160,350,369970,3091,769372,0.09151,3435,4894742,0.582184,3512,5664114,0.673694,8407551
2,2021-07-12,18261,10141446,13431,5459486,3957,4311117,873,370843,7865,768031,0.09135,10277,4905019,0.583406,8936,5673050,0.674757,8407551
2,2021-07-13,19621,10161067,13856,5473342,4880,4315997,885,371728,8808,767258,0.091258,10661,4915680,0.584674,9888,5682938,0.675933,8407551
2,2021-07-14,18771,10179838,13400,5486742,4578,4320575,793,372521,8407,766437,0.091161,10232,4925912,0.585891,9411,5692349,0.677052,8407551
2,2021-07-15,18869,10198707,13681,5500423,4485,4325060,703,373224,8579,765762,0.09108,10171,4936083,0.587101,9496,5701845,0.678181,8407551
2,2021-07-16,22937,10221644,16506,5516929,5597,4330657,834,374058,11005,766012,0.09111,11795,4947878,0.588504,12045,5713890,0.679614,8407551
2,2021-07-17,14399,10236043,10490,5527419,3375,4334032,534,374592,6952,766276,0.091141,7357,4955235,0.589379,7621,5721511,0.680521,8407551
2,2021-07-18,6996,10243039,5226,5532645,1441,4335473,329,374921,3538,766796,0.091203,3415,4958650,0.589785,3935,5725446,0.680989,8407551
2,2021-07-19,18448,10261487,13739,5546384,3963,4339436,746,375667,9153,767700,0.091311,9177,4967827,0.590877,10081,5735527,0.682188,8407551
2,2021-07-20,20930,10282417,14905,5561289,5183,4344619,842,376509,10616,769196,0.091489,10179,4978006,0.592088,11675,5747202,0.683576,8407551
2,2021-07-21,20431,10302848,14862,5576151,4795,4349414,774,377283,10587,771035,0.091707,9717,4987723,0.593243,11556,5758758,0.684951,8407551
2,2021-07-22,20334,10323182,14528,5590679,4952,4354366,854,378137,10863,773601,0.092013,9325,4997048,0.594352,11891,5770649,0.686365,8407551
2,2021-07-23,24434,10347616,17111,5607790,6276,4360642,1047,379184,13299,777170,0.092437,10975,5008023,0.595658,14544,5785193,0.688095,8407551
2,2021-07-24,14829,10362445,10689,5618479,3643,4364285,497,379681,8294,779648,0.092732,6427,5014450,0.596422,8905,5794098,0.689154,8407551
2,2021-07-25,6714,10369159,4946,5623425,1625,4365910,143,379824,4969,783100,0.093142,1699,5016149,0.596624,5151,5799249,0.689767,8407551
2,2021-07-26,19138,10388297,13504,5636929,4851,4370761,783,380607,12125,789252,0.093874,6880,5023029,0.597443,13032,5812281,0.691317,8407551
2,2021-07-27,22900,10411197,16576,5653505,5462,4376223,862,381469,13416,794357,0.094481,9322,5032351,0.598551,14427,5826708,0.693033,8407551
2,2021-07-28,22610,10433807,16161,5669666,5546,4381769,903,382372,13367,799734,0.095121,9076,5041427,0.599631,14453,5841161,0.694752,8407551
2,2021-07-29,21429,10455236,15347,5685013,5165,4386934,917,383289,12947,805411,0.095796,8336,5049763,0.600622,14013,5855174,0.696418,8407551
2,2021-07-30,26256,10481492,18702,5703715,6595,4393529,959,384248,15727,811969,0.096576,10330,5060093,0.601851,16888,5872062,0.698427,8407551
2,2021-07-31,15755,10497247,11607,5715322,3638,4397167,510,384758,9533,816054,0.097062,6094,5066187,0.602576,10179,5882241,0.699638,8407551
2,2021-08-01,8062,10505309,6204,5721526,1686,4398853,172,384930,5291,818871,0.097397,2710,5068897,0.602898,5527,5887768,0.700295,8407551
2,2021-08-02,21294,10526603,16009,5737535,4522,4403375,763,385693,13504,825607,0.098198,7646,5076543,0.603808,14382,5902150,0.702006,8407551
2,2021-08-03,24113,10550716,17582,5755117,5513,4408888,1018,386711,14989,832775,0.099051,8970,5085513,0.604874,16138,5918288,0.703925,8407551
2,2021-08-04,22765,10573481,16876,5771993,5019,4413907,870,387581,14190,839500,0.099851,8430,5093943,0.605877,15155,5933443,0.705728,8407551
2,2021-08-05,23150,10596631,16990,5788983,5228,4419135,932,388513,14326,846219,0.10065,8653,5102596,0.606906,15372,5948815,0.707556,8407551
2,2021-08-06,27691,10624322,20281,5809264,6422,4425557,988,389501,16862,853553,0.101522,10641,5113237,0.608172,17975,5966790,0.709694,8407551
2,2021-08-07,16891,10641213,12558,5821822,3737,4429294,596,390097,10376,858201,0.102075,6405,5119642,0.608934,11053,5977843,0.711009,8407551
2,2021-08-08,9370,10650583,7095,5828917,2046,4431340,229,390326,5851,860889,0.102395,3434,5123076,0.609342,6122,5983965,0.711737,8407551
2,2021-08-09,23299,10673882,17879,5846796,4656,4435996,764,391090,14107,866856,0.103104,9032,5132108,0.610417,14999,5998964,0.713521,8407551
2,2021-08-10,24330,10698212,17919,5864715,5560,4441556,851,391941,14297,872286,0.10375,9857,5141965,0.611589,15287,6014251,0.715339,8407551
2,2021-08-11,21951,10720163,16371,5881086,4674,4446230,906,392847,12744,877000,0.104311,9032,5150997,0.612663,13746,6027997,0.716974,8407551
2,2021-08-12,23850,10744013,17056,5898142,5721,4451951,1073,393920,13907,882349,0.104947,9730,5160727,0.61382,15079,6043076,0.718768,8407551
2,2021-08-13,29764,10773777,21521,5919663,7201,4459152,1042,394962,17199,888515,0.105681,12207,5172934,0.615272,18373,6061449,0.720953,8407551
2,2021-08-14,18695,10792472,13775,5933438,4416,4463568,504,395466,10479,892007,0.106096,7628,5180562,0.61618,11120,6072569,0.722276,8407551
2,2021-08-15,9725,10802197,7294,5940732,2245,4465813,186,395652,5327,893621,0.106288,3970,5184532,0.616652,5584,6078153,0.72294,8407551
2,2021-08-16,24718,10826915,17504,5958236,6371,4472184,843,396495,12893,896922,0.106681,10581,5195113,0.61791,13882,6092035,0.724591,8407551
2,2021-08-17,25894,10852809,18353,5976589,6603,4478787,938,397433,12848,899240,0.106956,11595,5206708,0.619289,13913,6105948,0.726246,8407551
2,2021-08-18,26157,10878966,18571,5995160,6694,4485481,892,398325,12814,901472,0.107222,11623,5218331,0.620672,13855,6119803,0.727894,8407551
2,2021-08-19,25943,10904909,17916,6013076,7004,4492485,1023,399348,12876,904267,0.107554,11231,5229562,0.622008,14026,6133829,0.729562,8407551
2,2021-08-20,32388,10937297,22756,6035832,8595,4501080,1037,400385,15243,905950,0.107754,14742,5244304,0.623761,16425,6150254,0.731516,8407551
2,2021-08-21,18993,10956290,14017,6049849,4430,4505510,546,400931,9050,906822,0.107858,8859,5253163,0.624815,9731,6159985,0.732673,8407551
2,2021-08-22,10679,10966969,7907,6057756,2560,4508070,212,401143,5278,907552,0.107945,4837,5258000,0.62539,5567,6165552,0.733335,8407551
2,2021-08-23,26613,10993582,19463,6077219,6430,4514500,720,401863,12434,908561,0.108065,12390,5270390,0.626864,13399,6178951,0.734929,8407551
2,2021-08-24,27260,11020842,20302,6097521,6102,4520602,856,402719,12054,908335,0.108038,13352,5283742,0.628452,13126,6192077,0.73649,8407551
2,2021-08-25,26161,11047003,19858,6117379,5577,4526179,726,403445,11903,908659,0.108077,12514,5296256,0.62994,12838,6204915,0.738017,8407551
2,2021-08-26,26105,11073108,19480,6136859,5815,4531994,810,404255,11679,908803,0.108094,12530,5308786,0.631431,12674,6217589,0.739524,8407551
2,2021-08-27,31963,11105071,23802,6160661,7325,4539319,836,405091,13286,907033,0.107883,16164,5324950,0.633353,14394,6231983,0.741236,8407551
2,2021-08-28,18952,11124023,14495,6175156,4095,4543414,362,405453,8052,905894,0.107748,9738,5334688,0.634512,8599,6240582,0.742259,8407551
2,2021-08-29,10979,11135002,8421,6183577,2412,4545826,146,405599,4746,905268,0.107673,5641,5340329,0.635182,5015,6245597,0.742856,8407551
2,2021-08-30,15869,11150871,11255,6194832,4035,4549861,579,406178,6052,903737,0.107491,8271,5348600,0.636166,6740,6252337,0.743657,8407551
3,2020-12-15,342,342,342,342,0,0,0,0,342,342,4.2e-05,0,0,0.0,342,342,4.2e-05,8129050
3,2020-12-16,2531,2873,2531,2873,0,0,0,0,2531,2873,0.000353,0,0,0.0,2531,2873,0.000353,8129050
3,2020-12-17,7953,10826,7953,10826,0,0,0,0,7954,10827,0.001332,0,0,0.0,7954,10827,0.001332,8129050
3,2020-12-18,13575,24401,13554,24380,21,21,0,0,13569,24396,0.003001,0,0,0.0,13569,24396,0.003001,8129050
3,2020-12-19,7290,31691,7278,31658,12,33,0,0,7347,31741,0.003905,2,2,0.0,7347,31743,0.003905,8129050
3,2020-12-20,5697,37388,5684,37342,13,46,0,0,5746,37486,0.004611,1,3,0.0,5746,37489,0.004612,8129050
3,2020-12-21,14495,51883,14467,51809,28,74,0,0,14559,52044,0.006402,1,4,0.0,14559,52048,0.006403,8129050
3,2020-12-22,15008,66891,14396,66205,612,686,0,0,15043,67083,0.008252,4,8,1e-06,15043,67091,0.008253,8129050
3,2020-12-23,15022,81913,12364,78569,2658,3344,0,0,15044,82126,0.010103,2,10,1e-06,15045,82136,0.010104,8129050
3,2020-12-24,6851,88764,4899,83468,1952,5296,0,0,6847,88971,0.010945,2,12,1e-06,6847,88983,0.010946,8129050
3,2020-12-25,742,89506,680,84148,62,5358,0,0,739,89710,0.011036,0,12,1e-06,739,89722,0.011037,8129050
3,2020-12-26,4650,94156,3015,87163,1635,6993,0,0,4648,94358,0.011608,0,12,1e-06,4648,94370,0.011609,8129050
3,2020-12-27,3028,97184,1873,89036,1155,8148,0,0,3028,97386,0.01198,0,12,1e-06,3028,97398,0.011981,8129050
3,2020-12-28,13805,110989,8831,97867,4974,13122,0,0,13827,111211,0.013681,2,14,2e-06,13827,111225,0.013682,8129050
3,2020-12-29,15462,126451,8751,106618,6711,19833,0,0,15489,126698,0.015586,2,16,2e-06,15489,126714,0.015588,8129050
3,2020-12-30,18426,144877,10333,116951,8093,27926,0,0,18432,145129,0.017853,2,18,2e-06,18433,145147,0.017855,8129050
3,2020-12-31,8539,153416,3263,120214,5276,33202,0,0,8539,153666,0.018903,2,20,2e-06,8539,153686,0.018906,8129050
3,2021-01-01,1897,155313,909,121123,988,34190,0,0,1892,155557,0.019136,1,21,3e-06,1892,155578,0.019139,8129050
3,2021-01-02,4999,160312,2461,123584,2538,36728,0,0,4997,160554,0.019751,0,21,3e-06,4997,160575,0.019753,8129050
3,2021-01-03,1640,161952,863,124447,777,37505,0,0,1631,162183,0.019951,2,23,3e-06,1631,162206,0.019954,8129050
3,2021-01-04,12190,174142,6053,130500,6137,43642,0,0,12160,174334,0.021446,9,32,4e-06,12160,174366,0.02145,8129050
3,2021-01-05,15939,190081,8278,138778,7661,51303,0,0,14223,186894,0.022991,1697,1729,0.000213,14257,188623,0.023204,8129050
3,2021-01-06,20797,210878,11037,149815,9760,61063,0,0,16144,198444,0.024412,4605,6334,0.000779,16155,204778,0.025191,8129050
3,2021-01-07,26864,237742,15372,165187,11492,72555,0,0,17279,206199,0.025366,9546,15880,0.001953,17301,222079,0.027319,8129050
3,2021-01-08,30888,268630,18857,184044,12031,84586,0,0,18258,211879,0.026064,12606,28486,0.003504,18286,240365,0.029569,8129050
3,2021-01-09,12581,281211,7113,191157,5468,90054,0,0,8007,215330,0.026489,4566,33052,0.004066,8017,248382,0.030555,8129050
3,2021-01-10,7280,288491,4507,195664,2773,92827,0,0,4106,216273,0.026605,3171,36223,0.004456,4114,252496,0.031061,8129050
3,2021-01-11,29410,317901,19268,214932,10142,102969,0,0,16621,220169,0.027084,12775,48998,0.006028,16671,269167,0.033112,8129050
3,2021-01-12,32933,350834,19639,234571,13294,116263,0,0,20150,227709,0.028012,12764,61762,0.007598,20304,289471,0.035609,8129050
3,2021-01-13,34909,385743,18240,252811,16669,132932,0,0,24580,241996,0.029769,10324,72086,0.008868,24611,314082,0.038637,8129050
3,2021-01-14,35040,420783,14319,267130,20721,153653,0,0,29071,265172,0.03262,5938,78024,0.009598,29114,343196,0.042218,8129050
3,2021-01-15,39347,460130,14606,281736,24741,178394,0,0,34604,295134,0.036306,4723,82747,0.010179,34685,377881,0.046485,8129050
3,2021-01-16,22041,482171,7521,289257,14520,192914,0,0,19650,312428,0.038434,2380,85127,0.010472,19674,397555,0.048905,8129050
3,2021-01-17,13202,495373,4492,293749,8710,201624,0,0,12106,323456,0.03979,1096,86223,0.010607,12124,409679,0.050397,8129050
3,2021-01-18,24983,520356,13053,306802,11930,213554,0,0,19291,337091,0.041467,5707,91930,0.011309,19342,429021,0.052776,8129050
3,2021-01-19,41597,561953,21214,328016,20383,233937,0,0,32175,359963,0.044281,9393,101323,0.012464,32265,461286,0.056745,8129050
3,2021-01-20,46560,608513,23185,351201,23375,257312,0,0,36818,387174,0.047628,9694,111017,0.013657,36905,498191,0.061285,8129050
3,2021-01-21,48595,657108,21114,372315,27481,284793,0,0,42927,424603,0.052233,5584,116601,0.014344,43013,541204,0.066577,8129050
3,2021-01-22,50202,707310,20014,392329,30188,314981,0,0,45893,466265,0.057358,4307,120908,0.014874,45969,587173,0.072231,8129050
3,2021-01-23,30665,737975,12894,405223,17771,332752,0,0,27333,490339,0.060319,3321,124229,0.015282,27395,614568,0.075601,8129050
3,2021-01-24,18088,756063,8545,413768,9543,342295,0,0,16887,506062,0.062254,1197,125426,0.015429,16920,631488,0.077683,8129050
3,2021-01-25,41309,797372,18408,432176,22901,365196,0,0,31149,527169,0.06485,10137,135563,0.016676,31244,662732,0.081526,8129050
3,2021-01-26,47748,845120,22804,454980,24944,390140,0,0,37380,554307,0.068188,10354,145917,0.01795,37492,700224,0.086138,8129050
3,2021-01-27,52044,897164,24772,479752,27272,417412,0,0,41180,584782,0.071937,10792,156709,0.019278,41267,741491,0.091215,8129050
3,2021-01-28,52705,949869,24440,504192,28265,445677,0,0,43572,619378,0.076193,9039,165748,0.02039,43635,785126,0.096583,8129050
3,2021-01-29,51682,1001551,24721,528913,26961,472638,0,0,41750,651447,0.080138,9734,175482,0.021587,41803,826929,0.101725,8129050
3,2021-01-30,37838,1039389,17816,546729,20022,492660,0,0,33071,679899,0.083638,4713,180195,0.022167,33165,860094,0.105805,8129050
3,2021-01-31,22927,1062316,12900,559629,10027,502687,0,0,21475,699968,0.086107,1433,181628,0.022343,21502,881596,0.10845,8129050
3,2021-02-01,46658,1108974,21355,580984,25303,527990,0,0,35527,724479,0.089122,11061,192689,0.023704,35572,917168,0.112826,8129050
3,2021-02-02,55035,1164009,22957,603941,32078,560068,0,0,42404,754407,0.092804,12530,205219,0.025245,42458,959626,0.118049,8129050
3,2021-02-03,60559,1224568,26917,630858,33642,593710,0,0,44944,783975,0.096441,15453,220672,0.027146,45021,1004647,0.123587,8129050
3,2021-02-04,65042,1289610,28158,659016,36884,630594,0,0,47544,814366,0.10018,17281,237953,0.029272,47672,1052319,0.129452,8129050
3,2021-02-05,71277,1360887,30025,689041,41252,671846,0,0,49175,841923,0.10357,21841,259794,0.031959,49398,1101717,0.135528,8129050
3,2021-02-06,44049,1404936,21068,710109,22981,694827,0,0,34287,866695,0.106617,9714,269508,0.033154,34486,1136203,0.139771,8129050
3,2021-02-07,19922,1424858,12676,722785,7246,702073,0,0,15290,877503,0.107947,4613,274121,0.033721,15421,1151624,0.141668,8129050
3,2021-02-08,51981,1476839,25098,747883,26883,728956,0,0,34011,893889,0.109962,17829,291950,0.035914,34215,1185839,0.145877,8129050
3,2021-02-09,59313,1536152,28779,776662,30534,759490,0,0,34602,904352,0.111249,24499,316449,0.038928,34962,1220801,0.150178,8129050
3,2021-02-10,68928,1605080,32073,808735,36855,796345,0,0,36871,910001,0.111944,31752,348201,0.042834,37401,1258202,0.154778,8129050
3,2021-02-11,71470,1676550,35128,843863,36342,832687,0,0,37841,915175,0.112581,33225,381426,0.046921,38399,1296601,0.159502,8129050
3,2021-02-12,76418,1752968,32911,876774,43507,876194,0,0,42078,924046,0.113672,33988,415414,0.051102,42859,1339460,0.164774,8129050
3,2021-02-13,45568,1798536,20628,897402,24940,901134,0,0,26075,931348,0.11457,19369,434783,0.053485,26671,1366131,0.168055,8129050
3,2021-02-14,27616,1826152,13776,911178,13840,914974,0,0,15304,934880,0.115005,12242,447025,0.054991,15774,1381905,0.169996,8129050
3,2021-02-15,40589,1866741,17490,928668,23099,938073,0,0,22373,940113,0.115649,18099,465124,0.057218,23332,1405237,0.172866,8129050
3,2021-02-16,70991,1937732,33595,962263,37396,975469,0,0,36713,943773,0.116099,34109,499233,0.061413,37769,1443006,0.177512,8129050
3,2021-02-17,72753,2010485,36743,999006,36010,1011479,0,0,34352,941067,0.115766,38133,537366,0.066104,35427,1478433,0.18187,8129050
3,2021-02-18,77929,2088414,40704,1039710,37225,1048704,0,0,35888,936488,0.115203,41823,579189,0.071249,37244,1515677,0.186452,8129050
3,2021-02-19,70014,2158428,40316,1080026,29698,1078402,0,0,35255,937851,0.11537,34578,613767,0.075503,35941,1551618,0.190873,8129050
3,2021-02-20,43566,2201994,27471,1107497,16095,1094497,0,0,22648,940249,0.115665,20790,634557,0.07806,23188,1574806,0.193726,8129050
3,2021-02-21,24540,2226534,19703,1127200,4837,1099334,0,0,11786,939816,0.115612,12643,647200,0.079616,12210,1587016,0.195228,8129050
3,2021-02-22,47997,2274531,31248,1158448,16749,1116083,0,0,22425,937330,0.115306,25416,672616,0.082742,22930,1609946,0.198048,8129050
3,2021-02-23,64200,2338731,34839,1193287,29361,1145444,0,0,27892,931190,0.114551,36055,708671,0.087178,29915,1639861,0.201728,8129050
3,2021-02-24,80398,2419129,39519,1232806,40879,1186323,0,0,35331,924285,0.113701,44789,753460,0.092687,37884,1677745,0.206389,8129050
3,2021-02-25,90108,2509237,43901,1276707,46207,1232530,0,0,44695,926529,0.113978,45084,798544,0.098233,47328,1725073,0.212211,8129050
3,2021-02-26,101131,2610368,46239,1322946,54892,1287422,0,0,53147,934376,0.114943,47536,846080,0.104081,55383,1780456,0.219024,8129050
3,2021-02-27,71719,2682087,32936,1355882,38779,1326201,4,4,37589,939427,0.115564,33877,879957,0.108248,38928,1819384,0.223813,8129050
3,2021-02-28,41853,2723940,24177,1380059,17671,1343872,5,9,21156,941080,0.115768,20485,900442,0.110768,22138,1841522,0.226536,8129050
3,2021-03-01,70923,2794863,37572,1417631,33292,1377164,59,68,39369,950623,0.116941,31270,931712,0.114615,40813,1882335,0.231557,8129050
3,2021-03-02,82313,2877176,40575,1458206,41723,1418887,15,83,47377,965408,0.11876,34750,966462,0.11889,49535,1931870,0.23765,8129050
3,2021-03-03,92295,2969471,44161,1502367,48096,1466983,38,121,51467,978665,0.120391,40564,1007026,0.12388,53821,1985691,0.244271,8129050
3,2021-03-04,96699,3066170,47302,1549669,49372,1516355,25,146,54629,993844,0.122258,41797,1048823,0.129022,56976,2042667,0.25128,8129050
3,2021-03-05,93099,3159269,45470,1595139,47325,1563680,304,450,56150,1015921,0.124974,36642,1085465,0.133529,58719,2101386,0.258503,8129050
3,2021-03-06,66558,3225827,33731,1628870,30653,1594333,2174,2624,37880,1028925,0.126574,28508,1113973,0.137036,41512,2142898,0.26361,8129050
3,2021-03-07,39570,3265397,22813,1651683,14831,1609164,1926,4550,22228,1036978,0.127564,17256,1131229,0.139159,25309,2168207,0.266723,8129050
3,2021-03-08,60770,3326167,28913,1680596,28821,1637985,3036,7586,38372,1057690,0.130112,22219,1153448,0.141892,42931,2211138,0.272004,8129050
3,2021-03-09,78090,3404257,36032,1716628,37553,1675538,4505,12091,41902,1069209,0.131529,36009,1189457,0.146322,47528,2258666,0.277851,8129050
3,2021-03-10,84226,3488483,41876,1758504,36171,1711709,6179,18270,43918,1080601,0.132931,40060,1229517,0.15125,51452,2310118,0.284181,8129050
3,2021-03-11,98437,3586920,48169,1806673,41576,1753285,8692,26962,48101,1088393,0.133889,50028,1279545,0.157404,57820,2367938,0.291293,8129050
3,2021-03-12,103182,3690102,46078,1852751,45164,1798449,11940,38902,47012,1092489,0.134393,55887,1335432,0.164279,59983,2427921,0.298672,8129050
3,2021-03-13,71089,3761191,29942,1882693,33836,1832285,7311,46213,37485,1105130,0.135948,33444,1368876,0.168393,46085,2474006,0.304341,8129050
3,2021-03-14,41626,3802817,21737,1904430,16311,1848596,3578,49791,20962,1109714,0.136512,20562,1389438,0.170923,25146,2499152,0.307435,8129050
3,2021-03-15,76461,3879278,36260,1940690,35606,1884202,4595,54386,40225,1119524,0.137719,35971,1425409,0.175348,45781,2544933,0.313066,8129050
3,2021-03-16,95932,3975210,44249,1984939,47298,1931500,4385,58771,53816,1136770,0.13984,41834,1467243,0.180494,59080,2604013,0.320334,8129050
3,2021-03-17,99315,4074525,48224,2033163,46498,1977998,4593,63364,60171,1163285,0.143102,38871,1506114,0.185276,65386,2669399,0.328378,8129050
3,2021-03-18,104641,4179166,53164,2086327,46876,2024874,4601,67965,59817,1183717,0.145616,44500,1550614,0.19075,64932,2734331,0.336365,8129050
3,2021-03-19,104222,4283388,55926,2142253,43791,2068665,4505,72470,57880,1200585,0.147691,46029,1596643,0.196412,62897,2797228,0.344103,8129050
3,2021-03-20,72618,4356006,37412,2179665,31473,2100138,3733,76203,44572,1221537,0.150268,27812,1624455,0.199833,48764,2845992,0.350101,8129050
3,2021-03-21,36655,4392661,24878,2204543,10248,2110386,1529,77732,21996,1231005,0.151433,14530,1638985,0.201621,23998,2869990,0.353054,8129050
3,2021-03-22,71207,4463868,41845,2246388,26814,2137200,2548,80280,45160,1253947,0.154255,25767,1664752,0.20479,48709,2918699,0.359046,8129050
3,2021-03-23,90710,4554578,50171,2296559,37949,2175149,2590,82870,55158,1277140,0.157108,35247,1699999,0.209126,58440,2977139,0.366235,8129050
3,2021-03-24,99723,4654301,57390,2353949,39368,2214517,2965,85835,56247,1293876,0.159167,43069,1743068,0.214425,59805,3036944,0.373592,8129050
3,2021-03-25,108474,4762775,60240,2414189,45184,2259701,3050,88885,60569,1310611,0.161226,47513,1790581,0.220269,64248,3101192,0.381495,8129050
3,2021-03-26,111830,4874605,59982,2474171,48459,2308160,3389,92274,57113,1317609,0.162086,54332,1844913,0.226953,61330,3162522,0.38904,8129050
3,2021-03-27,75344,4949949,38317,2512488,34459,2342619,2568,94842,36196,1318145,0.162152,38886,1883799,0.231737,39422,3201944,0.393889,8129050
3,2021-03-28,44806,4994755,28244,2540732,15740,2358359,822,95664,22453,1319852,0.162362,22217,1906016,0.23447,23924,3225868,0.396832,8129050
3,2021-03-29,81665,5076420,42647,2583379,37150,2395509,1868,97532,44290,1329769,0.163582,37089,1943105,0.239032,47006,3272874,0.402615,8129050
3,2021-03-30,101310,5177730,49806,2633185,47784,2443293,3720,101252,56277,1345614,0.165532,44741,1987846,0.244536,60586,3333460,0.410068,8129050
3,2021-03-31,105983,5283713,57150,2690335,43930,2487223,4903,106155,56240,1357611,0.167007,49456,2037302,0.25062,61453,3394913,0.417627,8129050
3,2021-04-01,125075,5408788,63211,2753546,51987,2539210,9877,116032,66990,1377094,0.169404,57596,2094898,0.257705,77079,3471992,0.427109,8129050
3,2021-04-02,118887,5527675,57986,2811532,50440,2589650,10461,126493,62247,1393885,0.17147,56301,2151199,0.264631,73092,3545084,0.436101,8129050
3,2021-04-03,76624,5604299,39206,2850738,28115,2617765,9303,135796,38047,1403105,0.172604,38395,2189594,0.269354,47615,3592699,0.441958,8129050
3,2021-04-04,32653,5636952,17459,2868197,10940,2628705,4254,140050,14231,1403243,0.172621,18327,2207921,0.271609,18465,3611164,0.44423,8129050
3,2021-04-05,90450,5727402,45897,2914094,35200,2663905,9353,149403,43758,1410685,0.173536,46432,2254353,0.277321,53874,3665038,0.450857,8129050
3,2021-04-06,114396,5841798,55666,2969760,43399,2707304,15331,164734,53514,1419589,0.174632,60573,2314926,0.284772,69477,3734515,0.459404,8129050
3,2021-04-07,117204,5959002,60640,3030400,40158,2747462,16406,181140,56343,1432001,0.176158,60561,2375487,0.292222,72973,3807488,0.46838,8129050
3,2021-04-08,122291,6081293,60855,3091255,41102,2788564,20334,201474,56526,1444124,0.17765,65417,2440904,0.300269,77540,3885028,0.477919,8129050
3,2021-04-09,119424,6200717,59444,3150699,40663,2829227,19317,220791,52261,1449628,0.178327,66873,2507777,0.308496,72377,3957405,0.486823,8129050
3,2021-04-10,84991,6285708,38136,3188835,31451,2860678,15404,236195,34526,1450057,0.17838,50243,2558020,0.314676,50672,4008077,0.493056,8129050
3,2021-04-11,45576,6331284,24385,3213220,13088,2873766,8103,244298,17285,1448049,0.178133,28182,2586202,0.318143,26174,4034251,0.496276,8129050
3,2021-04-12,84667,6415951,42740,3255960,33014,2906780,8913,253211,38129,1449888,0.178359,46257,2632459,0.323834,48096,4082347,0.502192,8129050
3,2021-04-13,106203,6522154,57505,3313465,48485,2955265,213,253424,55758,1456581,0.179182,50167,2682626,0.330005,56860,4139207,0.509187,8129050
3,2021-04-14,108407,6630561,59270,3372735,49026,3004291,111,253535,53747,1457559,0.179303,54323,2736949,0.336687,55301,4194508,0.51599,8129050
3,2021-04-15,120105,6750666,67568,3440303,52451,3056742,86,253621,63821,1466381,0.180388,55907,2792856,0.343565,64729,4259237,0.523953,8129050
3,2021-04-16,116278,6866944,65200,3505503,50980,3107722,98,253719,60437,1472089,0.18109,55498,2848354,0.350392,61206,4320443,0.531482,8129050
3,2021-04-17,79965,6946909,43594,3549097,36355,3144077,16,253735,44371,1482112,0.182323,35344,2883698,0.35474,45367,4365810,0.537063,8129050
3,2021-04-18,39118,6986027,23661,3572758,15447,3159524,10,253745,18277,1480583,0.182135,20700,2904398,0.357286,19171,4384981,0.539421,8129050
3,2021-04-19,79648,7065675,44311,3617069,35277,3194801,60,253805,35664,1473082,0.181212,43744,2948142,0.362667,36243,4421224,0.54388,8129050
3,2021-04-20,101355,7167030,53359,3670428,47974,3242775,22,253827,48751,1470604,0.180907,52295,3000437,0.369101,49817,4471041,0.550008,8129050
3,2021-04-21,106592,7273622,59848,3730276,46661,3289436,83,253910,50121,1465853,0.180323,56049,3056486,0.375995,51298,4522339,0.556318,8129050
3,2021-04-22,112729,7386351,63360,3793636,49339,3338775,30,253940,48258,1451035,0.1785,64067,3120553,0.383877,49249,4571588,0.562377,8129050
3,2021-04-23,107031,7493382,61242,3854878,45757,3384532,32,253972,46715,1438883,0.177005,59923,3180476,0.391248,47771,4619359,0.568253,8129050
3,2021-04-24,74476,7567858,45948,3900826,28454,3412986,74,254046,36164,1438124,0.176912,38008,3218484,0.395924,37249,4656608,0.572835,8129050
3,2021-04-25,37191,7605049,23730,3924556,13443,3426429,18,254064,18931,1439389,0.177067,18088,3236572,0.398149,19353,4675961,0.575216,8129050
3,2021-04-26,74513,7679562,42120,3966676,31974,3458403,419,254483,31673,1430300,0.175949,42536,3279108,0.403381,33447,4709408,0.579331,8129050
3,2021-04-27,91746,7771308,48170,4014846,41814,3500217,1762,256245,36252,1413931,0.173936,55159,3334267,0.410167,38790,4748198,0.584102,8129050
3,2021-04-28,87575,7858883,49744,4064590,35675,3535892,2156,258401,35623,1400634,0.1723,51623,3385890,0.416517,38326,4786524,0.588817,8129050
3,2021-04-29,89873,7948756,51346,4115936,36286,3572178,2241,260642,31961,1377790,0.16949,57534,3443424,0.423595,34690,4821214,0.593085,8129050
3,2021-04-30,91436,8040192,51591,4167527,37348,3609526,2497,263139,33962,1357646,0.167012,57067,3500491,0.430615,36923,4858137,0.597627,8129050
3,2021-05-01,56066,8096258,35117,4202644,19455,3628981,1494,264633,20183,1344254,0.165364,35563,3536054,0.43499,22171,4880308,0.600354,8129050
3,2021-05-02,27166,8123424,18548,4221192,7594,3636575,1024,265657,9951,1338231,0.164623,17097,3553151,0.437093,11074,4891382,0.601716,8129050
3,2021-05-03,60247,8183671,35382,4256574,22479,3659054,2386,268043,17516,1315838,0.161869,42477,3595628,0.442318,20084,4911466,0.604187,8129050
3,2021-05-04,78103,8261774,45160,4301734,30247,3689301,2696,270739,22621,1286265,0.158231,55160,3650788,0.449104,25587,4937053,0.607335,8129050
3,2021-05-05,79635,8341409,47811,4349545,29098,3718399,2726,273465,21970,1253967,0.154258,57293,3708081,0.456152,24995,4962048,0.610409,8129050
3,2021-05-06,83952,8425361,53121,4402666,28284,3746683,2547,276012,20636,1214895,0.149451,62798,3770879,0.463877,23726,4985774,0.613328,8129050
3,2021-05-07,82975,8508336,51695,4454361,28628,3775311,2652,278664,21880,1179021,0.145038,60706,3831585,0.471345,24832,5010606,0.616383,8129050
3,2021-05-08,53014,8561350,32870,4487231,18411,3793722,1733,280397,14000,1156294,0.142242,38727,3870312,0.476109,16000,5026606,0.618351,8129050
3,2021-05-09,21101,8582451,15426,4502657,4880,3798602,795,281192,5486,1147132,0.141115,15512,3885824,0.478017,6350,5032956,0.619132,8129050
3,2021-05-10,48473,8630924,26094,4528751,20457,3819059,1922,283114,11206,1123469,0.138204,37045,3922869,0.482574,13382,5046338,0.620778,8129050
3,2021-05-11,64568,8695492,36222,4564973,26112,3845171,2234,285348,16201,1094275,0.134613,48097,3970966,0.488491,18903,5065241,0.623104,8129050
3,2021-05-12,65320,8760812,37531,4602504,25371,3870542,2418,287766,16649,1065284,0.131047,48378,4019344,0.494442,19387,5084628,0.625489,8129050
3,2021-05-13,75959,8836771,47865,4650369,26163,3896705,1931,289697,27673,1047501,0.128859,48013,4067357,0.500348,30230,5114858,0.629207,8129050
3,2021-05-14,80915,8917686,51070,4701439,27682,3924387,2163,291860,31295,1032260,0.126984,49300,4116657,0.506413,34059,5148917,0.633397,8129050
3,2021-05-15,62594,8980280,43138,4744577,18226,3942613,1230,293090,25855,1023072,0.125854,36508,4153165,0.510904,27320,5176237,0.636758,8129050
3,2021-05-16,33339,9013619,24937,4769514,7710,3950323,692,293782,13448,1017545,0.125174,19761,4172926,0.513335,14234,5190471,0.638509,8129050
3,2021-05-17,57278,9070897,36464,4805978,18952,3969275,1862,295644,21086,1004801,0.123606,35901,4208827,0.517751,23157,5213628,0.641358,8129050
3,2021-05-18,64825,9135722,38254,4844232,24690,3993965,1881,297525,24335,991208,0.121934,40203,4249030,0.522697,26610,5240238,0.644631,8129050
3,2021-05-19,64316,9200038,39081,4883313,23469,4017434,1766,299291,24869,978948,0.120426,39176,4288206,0.527516,26916,5267154,0.647942,8129050
3,2021-05-20,62169,9262207,36374,4919687,23933,4041367,1862,301153,22286,963858,0.11857,39579,4327785,0.532385,24489,5291643,0.650955,8129050
3,2021-05-21,66531,9328738,40437,4960124,23976,4065343,2118,303271,23773,947649,0.116576,42409,4370194,0.537602,26200,5317843,0.654178,8129050
3,2021-05-22,46052,9374790,30526,4990650,14049,4079392,1477,304748,19155,941878,0.115866,26659,4396853,0.540882,20888,5338731,0.656747,8129050
3,2021-05-23,21844,9396634,15112,5005762,6076,4085468,656,305404,9230,939359,0.115556,12518,4409371,0.542421,9999,5348730,0.657977,8129050
3,2021-05-24,39918,9436552,23364,5029126,14778,4100246,1776,307180,14793,931215,0.114554,24911,4434282,0.545486,16767,5365497,0.66004,8129050
3,2021-05-25,43148,9479700,24285,5053411,17166,4117412,1697,308877,15302,920899,0.113285,27547,4461829,0.548875,17231,5382728,0.66216,8129050
3,2021-05-26,42749,9522449,24458,5077869,16539,4133951,1752,310629,16008,912362,0.112235,26434,4488263,0.552126,17897,5400625,0.664361,8129050
3,2021-05-27,39676,9562125,22252,5100121,15663,4149614,1761,312390,15514,905912,0.111441,23976,4512239,0.555076,17526,5418151,0.666517,8129050
3,2021-05-28,43282,9605407,24473,5124594,16996,4166610,1813,314203,18001,900988,0.110836,25059,4537298,0.558158,20135,5438286,0.668994,8129050
3,2021-05-29,23638,9629045,14445,5139039,8352,4174962,841,315044,11007,900490,0.110774,12480,4549778,0.559694,11982,5450268,0.670468,8129050
3,2021-05-30,10673,9639718,6920,5145959,3116,4178078,637,315681,4481,899541,0.110658,6110,4555888,0.560445,5161,5455429,0.671103,8129050
3,2021-05-31,4707,9644425,2727,5148686,1713,4179791,267,315948,1473,898133,0.110484,3177,4559065,0.560836,1769,5457198,0.671321,8129050
3,2021-06-01,38076,9682501,21917,5170603,14699,4194490,1460,317408,13318,888613,0.109313,24491,4583556,0.563849,14971,5472169,0.673162,8129050
3,2021-06-02,31801,9714302,18320,5188923,12058,4206548,1423,318831,11768,882130,0.108516,19814,4603370,0.566286,13331,5485500,0.674802,8129050
3,2021-06-03,39960,9754262,27344,5216267,11170,4217718,1446,320277,11536,867114,0.106669,28238,4631608,0.56976,13222,5498722,0.676429,8129050
3,2021-06-04,46663,9800925,33013,5249280,12096,4229814,1554,321831,13301,849292,0.104476,33098,4664706,0.573832,15276,5513998,0.678308,8129050
3,2021-06-05,34590,9835515,26081,5275361,7318,4237132,1191,323022,8767,833843,0.102576,25606,4690312,0.576982,10157,5524155,0.679557,8129050
3,2021-06-06,14700,9850215,12268,5287629,1845,4238977,587,323609,3702,827370,0.101779,10931,4701243,0.578326,4458,5528613,0.680106,8129050
3,2021-06-07,30677,9880892,22294,5309923,7094,4246071,1289,324898,8883,816031,0.100385,21629,4722872,0.580987,10290,5538903,0.681372,8129050
3,2021-06-08,34450,9915342,24716,5334639,8434,4254505,1300,326198,9951,803228,0.09881,24281,4747153,0.583974,11478,5550381,0.682783,8129050
3,2021-06-09,33105,9948447,24008,5358647,7788,4262293,1309,327507,8881,789548,0.097127,24037,4771190,0.586931,10357,5560738,0.684058,8129050
3,2021-06-10,32643,9981090,23536,5382183,7566,4269859,1541,329048,8985,776781,0.095556,23494,4794684,0.589821,10727,5571465,0.685377,8129050
3,2021-06-11,35883,10016973,25384,5407567,9115,4278974,1384,330432,10679,764024,0.093987,24997,4819681,0.592896,12240,5583705,0.686883,8129050
3,2021-06-12,25480,10042453,19221,5426788,5358,4284332,901,331333,6752,753238,0.09266,18603,4838284,0.595184,7817,5591522,0.687844,8129050
3,2021-06-13,10219,10052672,7659,5434447,2068,4286400,492,331825,2393,748426,0.092068,7772,4846056,0.596141,2960,5594482,0.688209,8129050
3,2021-06-14,26057,10078729,18692,5453139,5925,4292325,1440,333265,8160,740413,0.091082,17757,4863813,0.598325,9744,5604226,0.689407,8129050
3,2021-06-15,29041,10107770,19659,5472798,7856,4300181,1526,334791,9766,732844,0.090151,19031,4882844,0.600666,11462,5615688,0.690817,8129050
3,2021-06-16,26167,10133937,18601,5491399,6133,4306314,1433,336224,8856,726160,0.089329,17123,4899967,0.602772,10439,5626127,0.692101,8129050
3,2021-06-17,25013,10158950,17910,5509309,5801,4312115,1302,337526,8685,720124,0.088586,16163,4916130,0.604761,10127,5636254,0.693347,8129050
3,2021-06-18,28073,10187023,19813,5529122,6686,4318801,1574,339100,9795,713617,0.087786,18044,4934174,0.60698,11537,5647791,0.694766,8129050
3,2021-06-19,16059,10203082,11796,5540918,3402,4322203,861,339961,5741,710140,0.087358,10188,4944362,0.608234,6711,5654502,0.695592,8129050
3,2021-06-20,6900,10209982,5175,5546093,1423,4323626,302,340263,2614,708882,0.087204,4227,4948589,0.608754,2969,5657471,0.695957,8129050
3,2021-06-21,16271,10226253,10266,5556359,4598,4328224,1407,341670,8093,710420,0.087393,8083,4956672,0.609748,9621,5667092,0.697141,8129050
3,2021-06-22,22140,10248393,15513,5571872,5323,4333547,1304,342974,8260,706394,0.086897,13744,4970416,0.611439,9718,5676810,0.698336,8129050
3,2021-06-23,20317,10268710,14220,5586092,4751,4338298,1346,344320,8024,703730,0.08657,12172,4982588,0.612936,9508,5686318,0.699506,8129050
3,2021-06-24,20026,10288736,13935,5600027,4632,4342930,1459,345779,7810,701076,0.086243,12030,4994618,0.614416,9376,5695694,0.700659,8129050
3,2021-06-25,23419,10312155,16616,5616643,5375,4348305,1428,347207,9134,697621,0.085818,14144,5008762,0.616156,10689,5706383,0.701974,8129050
3,2021-06-26,14064,10326219,10448,5627091,2841,4351146,775,347982,5872,696344,0.085661,8082,5016844,0.61715,6805,5713188,0.702811,8129050
3,2021-06-27,6760,10332979,5237,5632328,1215,4352361,308,348290,2892,695758,0.085589,3821,5020665,0.61762,3235,5716423,0.703209,8129050
3,2021-06-28,16140,10349119,12418,5644746,2635,4354996,1087,349377,6794,694550,0.08544,9196,5029861,0.618751,7988,5724411,0.704192,8129050
3,2021-06-29,18208,10367327,12829,5657575,4366,4359362,1013,350390,7484,692606,0.085201,10573,5040434,0.620052,8629,5733040,0.705253,8129050
3,2021-06-30,17232,10384559,12220,5669795,3963,4363325,1049,351439,7447,691636,0.085082,9614,5050048,0.621235,8644,5741684,0.706317,8129050
3,2021-07-01,16499,10401058,11760,5681555,3661,4366986,1078,352517,6966,690388,0.084928,9392,5059440,0.62239,8144,5749828,0.707319,8129050
3,2021-07-02,18630,10419688,13248,5694803,4277,4371263,1105,353622,7972,689025,0.084761,10535,5069975,0.623686,9172,5759000,0.708447,8129050
3,2021-07-03,10180,10429868,7361,5702164,2378,4373641,441,354063,4365,688198,0.084659,5735,5075710,0.624392,4908,5763908,0.709051,8129050
3,2021-07-04,732,10430600,430,5702594,215,4373856,87,354150,283,688144,0.084652,440,5076150,0.624446,386,5764294,0.709098,8129050
3,2021-07-05,9582,10440182,7013,5709607,2146,4376002,423,354573,4328,687777,0.084607,5181,5081331,0.625083,4814,5769108,0.70969,8129050
3,2021-07-06,19254,10459436,13954,5723561,4171,4380173,1129,355702,6973,683907,0.084131,12095,5093426,0.626571,8225,5777333,0.710702,8129050
3,2021-07-07,15824,10475260,11225,5734786,3475,4383648,1124,356826,6370,682194,0.083921,9314,5102740,0.627717,7601,5784934,0.711637,8129050
3,2021-07-08,15396,10490656,11128,5745914,3267,4386915,1001,357827,6217,680475,0.083709,9026,5111766,0.628827,7307,5792241,0.712536,8129050
3,2021-07-09,17715,10508371,12362,5758276,4130,4391045,1223,359050,7337,678905,0.083516,10239,5122005,0.630087,8669,5800910,0.713602,8129050
3,2021-07-10,10935,10519306,8057,5766333,2209,4393254,669,359719,4646,678095,0.083416,6215,5128220,0.630851,5405,5806315,0.714267,8129050
3,2021-07-11,5142,10524448,3809,5770142,1058,4394312,275,359994,2322,677942,0.083397,2770,5130990,0.631192,2617,5808932,0.714589,8129050
3,2021-07-12,14377,10538825,10494,5780636,2880,4397192,1003,360997,5754,676224,0.083186,8543,5139533,0.632243,6825,5815757,0.715429,8129050
3,2021-07-13,15208,10554033,10741,5791377,3553,4400745,914,361911,6684,675482,0.083095,8421,5147954,0.633279,7679,5823436,0.716373,8129050
3,2021-07-14,14486,10568519,10287,5801664,3275,4404020,924,362835,6477,675035,0.08304,7908,5155862,0.634251,7461,5830897,0.717291,8129050
3,2021-07-15,14770,10583289,10677,5812341,3251,4407271,842,363677,6763,674808,0.083012,7905,5163767,0.635224,7678,5838575,0.718236,8129050
3,2021-07-16,17815,10601104,12809,5825150,4110,4411381,896,364573,8509,675089,0.083046,9196,5172963,0.636355,9477,5848052,0.719402,8129050
3,2021-07-17,11308,10612412,8285,5833435,2490,4413871,533,365106,5383,675221,0.083063,5850,5178813,0.637075,5982,5854034,0.720138,8129050
3,2021-07-18,5757,10618169,4349,5837784,1157,4415028,251,365357,2831,675447,0.083091,2882,5181695,0.637429,3108,5857142,0.72052,8129050
3,2021-07-19,14924,10633093,10919,5848703,3124,4418152,881,366238,7320,676217,0.083185,7504,5189199,0.638352,8274,5865416,0.721538,8129050
3,2021-07-20,16588,10649681,11549,5860252,4135,4422287,904,367142,8526,677786,0.083378,7942,5197141,0.639329,9511,5874927,0.722708,8129050
3,2021-07-21,15990,10665671,11321,5871573,3802,4426089,867,368009,8034,678940,0.08352,7824,5204965,0.640292,8978,5883905,0.723812,8129050
3,2021-07-22,16381,10682052,11572,5883145,3843,4429932,966,368975,8495,680702,0.083737,7761,5212726,0.641247,9523,5893428,0.724984,8129050
3,2021-07-23,19295,10701347,13756,5896901,4526,4434458,1013,369988,10358,683373,0.084066,8788,5221514,0.642328,11459,5904887,0.726393,8129050
3,2021-07-24,11598,10712945,8354,5905255,2665,4437123,579,370567,6412,685295,0.084302,5106,5226620,0.642956,7028,5911915,0.727258,8129050
3,2021-07-25,5671,10718616,4253,5909508,1208,4438331,210,370777,4093,688121,0.08465,1527,5228147,0.643144,4353,5916268,0.727793,8129050
3,2021-07-26,15538,10734154,10820,5920328,3748,4442079,970,371747,9394,692519,0.085191,6025,5234172,0.643885,10423,5926691,0.729075,8129050
3,2021-07-27,17544,10751698,12411,5932739,4153,4446232,980,372727,10056,696275,0.085653,7353,5241525,0.644789,11109,5937800,0.730442,8129050
3,2021-07-28,17057,10768755,12202,5944941,3820,4450052,1035,373762,9840,700127,0.086127,7073,5248598,0.645659,10925,5948725,0.731786,8129050
3,2021-07-29,16885,10785640,12160,5957101,3692,4453744,1033,374795,9962,704452,0.086659,6743,5255341,0.646489,11068,5959793,0.733148,8129050
3,2021-07-30,19672,10805312,13887,5970988,4694,4458438,1091,375886,11417,709008,0.087219,8042,5263383,0.647478,12598,5972391,0.734697,8129050
3,2021-07-31,12238,10817550,8864,5979852,2720,4461158,654,376540,7130,711893,0.087574,4964,5268347,0.648089,7849,5980240,0.735663,8129050
3,2021-08-01,6509,10824059,4961,5984813,1287,4462445,261,376801,4206,714158,0.087853,2237,5270584,0.648364,4502,5984742,0.736217,8129050
3,2021-08-02,16604,10840663,12045,5996858,3627,4466072,932,377733,10317,719311,0.088486,6159,5276743,0.649122,11312,5996054,0.737608,8129050
3,2021-08-03,18471,10859134,13333,6010191,4025,4470097,1113,378846,11004,724191,0.089087,7289,5284032,0.650018,12169,6008223,0.739105,8129050
3,2021-08-04,17599,10876733,12646,6022837,3937,4474034,1016,379862,10480,728778,0.089651,6958,5290990,0.650874,11545,6019768,0.740525,8129050
3,2021-08-05,17974,10894707,12992,6035829,3827,4477861,1155,381017,10851,733893,0.09028,6960,5297950,0.651731,12075,6031843,0.742011,8129050
3,2021-08-06,21779,10916486,15782,6051611,4834,4482695,1163,382180,12864,739274,0.090942,8712,5306662,0.652802,14093,6045936,0.743744,8129050
3,2021-08-07,12799,10929285,9507,6061118,2660,4485355,632,382812,7484,742268,0.091311,5173,5311835,0.653439,8167,6054103,0.744749,8129050
3,2021-08-08,7591,10936876,5808,6066926,1540,4486895,243,383055,4681,744404,0.091573,2825,5314660,0.653786,4961,6059064,0.745359,8129050
3,2021-08-09,18382,10955258,13751,6080677,3536,4490431,1095,384150,10380,748113,0.09203,7840,5322500,0.654751,11549,6070613,0.74678,8129050
3,2021-08-10,18580,10973838,13597,6094274,3967,4494398,1016,385166,10466,751690,0.09247,7944,5330444,0.655728,11521,6082134,0.748197,8129050
3,2021-08-11,16587,10990425,12003,6106277,3546,4497944,1038,386204,9234,754867,0.09286,7150,5337594,0.656607,10327,6092461,0.749468,8129050
3,2021-08-12,18156,11008581,12801,6119078,4259,4502203,1096,387300,9962,757994,0.093245,7979,5345573,0.657589,11106,6103567,0.750834,8129050
3,2021-08-13,22644,11031225,16057,6135135,5408,4507611,1179,388479,12330,761700,0.093701,9873,5355446,0.658803,13579,6117146,0.752504,8129050
3,2021-08-14,14711,11045936,10352,6145487,3734,4511345,625,389104,7659,763911,0.093973,6128,5361574,0.659557,8339,6125485,0.75353,8129050
3,2021-08-15,8362,11054298,6068,6151555,2009,4513354,285,389389,4199,765041,0.094112,3381,5364955,0.659973,4511,6129996,0.754085,8129050
3,2021-08-16,20692,11074990,14263,6165818,5436,4518790,993,390382,9803,766980,0.094351,8944,5373899,0.661073,10883,6140879,0.755424,8129050
3,2021-08-17,21335,11096325,14495,6180313,5787,4524577,1053,391435,9793,768621,0.094552,9314,5383213,0.662219,10955,6151834,0.756772,8129050
3,2021-08-18,21156,11117481,14103,6194416,6041,4530618,1012,392447,9516,770207,0.094747,9032,5392245,0.66333,10618,6162452,0.758078,8129050
3,2021-08-19,21239,11138720,14021,6208437,6130,4536748,1088,393535,9234,771536,0.094911,9058,5401303,0.664445,10387,6172839,0.759356,8129050
3,2021-08-20,26721,11165441,18001,6226438,7582,4544330,1138,394673,11252,772180,0.09499,11849,5413152,0.665902,12493,6185332,0.760892,8129050
3,2021-08-21,15546,11180987,11213,6237651,3746,4548076,587,395260,6522,772191,0.094992,7169,5420321,0.666784,7180,6192512,0.761776,8129050
3,2021-08-22,8847,11189834,6316,6243967,2305,4550381,226,395486,3963,772647,0.095048,3783,5424104,0.667249,4239,6196751,0.762297,8129050
3,2021-08-23,22641,11212475,15838,6259805,5872,4556253,931,396417,9713,773592,0.095164,9882,5433986,0.668465,10827,6207578,0.763629,8129050
3,2021-08-24,22591,11235066,16280,6276085,5421,4561674,890,397307,9348,773754,0.095184,10206,5444192,0.669721,10368,6217946,0.764904,8129050
3,2021-08-25,21549,11256615,15353,6291438,5281,4566955,915,398222,8964,774113,0.095228,9643,5453835,0.670907,10002,6227948,0.766135,8129050
3,2021-08-26,21955,11278570,15448,6306886,5528,4572483,979,399201,8787,774228,0.095242,9769,5463604,0.672109,9884,6237832,0.767351,8129050
3,2021-08-27,26823,11305393,19349,6326235,6482,4578965,992,400193,10346,773023,0.095094,12748,5476352,0.673677,11543,6249375,0.768771,8129050
3,2021-08-28,15503,11320896,11363,6337598,3678,4582643,462,400655,6163,772240,0.094998,7524,5483876,0.674602,6741,6256116,0.7696,8129050
3,2021-08-29,8884,11329780,6615,6344213,2114,4584757,155,400810,3546,771722,0.094934,4291,5488167,0.67513,3773,6259889,0.770064,8129050
3,2021-08-30,13642,11343422,9017,6353230,3940,4588697,685,401495,4551,770507,0.094784,6543,5494710,0.675935,5328,6265217,0.770719,8129050
4,2020-12-15,473,473,473,473,0,0,0,0,473,473,5.9e-05,0,0,0.0,473,473,5.9e-05,8037679
4,2020-12-16,3104,3577,3104,3577,0,0,0,0,3104,3577,0.000445,0,0,0.0,3104,3577,0.000445,8037679
4,2020-12-17,9116,12693,9116,12693,0,0,0,0,9116,12693,0.001579,0,0,0.0,9116,12693,0.001579,8037679
4,2020-12-18,16401,29094,16387,29080,14,14,0,0,16399,29092,0.003619,0,0,0.0,16399,29092,0.003619,8037679
4,2020-12-19,10476,39570,10466,39546,10,24,0,0,10415,39507,0.004915,0,0,0.0,10415,39507,0.004915,8037679
4,2020-12-20,7509,47079,7494,47040,15,39,0,0,7464,46971,0.005844,0,0,0.0,7464,46971,0.005844,8037679
4,2020-12-21,16557,63636,16523,63563,34,73,0,0,16488,63457,0.007895,2,2,0.0,16488,63459,0.007895,8037679
4,2020-12-22,17344,80980,16572,80135,772,845,0,0,17300,80753,0.010047,4,6,1e-06,17300,80759,0.010048,8037679
4,2020-12-23,17295,98275,14481,94616,2814,3659,0,0,17266,98017,0.012195,2,8,1e-06,17266,98025,0.012196,8037679
4,2020-12-24,8668,106943,6008,100624,2660,6319,0,0,8666,106682,0.013273,1,9,1e-06,8666,106691,0.013274,8037679
4,2020-12-25,918,107861,812,101436,106,6425,0,0,917,107598,0.013387,1,10,1e-06,917,107608,0.013388,8037679
4,2020-12-26,6271,114132,3932,105368,2339,8764,0,0,6271,113869,0.014167,0,10,1e-06,6271,113879,0.014168,8037679
4,2020-12-27,3490,117622,2013,107381,1477,10241,0,0,3490,117359,0.014601,0,10,1e-06,3490,117369,0.014602,8037679
4,2020-12-28,15361,132983,9468,116849,5893,16134,0,0,15334,132690,0.016508,3,13,2e-06,15334,132703,0.01651,8037679
4,2020-12-29,15992,148975,8970,125819,7022,23156,0,0,15958,148647,0.018494,1,14,2e-06,15958,148661,0.018496,8037679
4,2020-12-30,19510,168485,11419,137238,8091,31247,0,0,19500,168145,0.02092,2,16,2e-06,19500,168161,0.020922,8037679
4,2020-12-31,8397,176882,3389,140627,5008,36255,0,0,8384,176520,0.021962,9,25,3e-06,8384,176545,0.021965,8037679
4,2021-01-01,1879,178761,865,141492,1014,37269,0,0,1872,178388,0.022194,4,29,4e-06,1872,178417,0.022198,8037679
4,2021-01-02,5807,184568,3272,144764,2535,39804,0,0,5805,184192,0.022916,1,30,4e-06,5805,184222,0.02292,8037679
4,2021-01-03,2176,186744,1282,146046,894,40698,0,0,2162,186351,0.023185,3,33,4e-06,2162,186384,0.023189,8037679
4,2021-01-04,13148,199892,7092,153138,6056,46754,0,0,13099,199423,0.024811,27,60,7e-06,13099,199483,0.024818,8037679
4,2021-01-05,17148,217040,10152,163290,6996,53750,0,0,14885,212092,0.026387,2234,2294,0.000285,14903,214386,0.026673,8037679
4,2021-01-06,21887,238927,13406,176696,8481,62231,0,0,15673,221616,0.027572,6167,8461,0.001053,15691,230077,0.028625,8037679
4,2021-01-07,28317,267244,17298,193994,11019,73250,0,0,16830,227047,0.028248,11424,19885,0.002474,16855,246932,0.030722,8037679
4,2021-01-08,33280,300524,21369,215363,11911,85161,0,0,18487,230836,0.028719,14727,34612,0.004306,18516,265448,0.033025,8037679
4,2021-01-09,16457,316981,9729,225092,6728,91889,0,0,9558,233520,0.029053,6888,41500,0.005163,9572,275020,0.034216,8037679
4,2021-01-10,8877,325858,5734,230826,3143,95032,0,0,4214,233096,0.029,4648,46148,0.005741,4224,279244,0.034742,8037679
4,2021-01-11,33950,359808,22296,253122,11654,106686,0,0,19117,237465,0.029544,14800,60948,0.007583,19169,298413,0.037127,8037679
4,2021-01-12,38932,398740,22481,275603,16451,123137,0,0,24463,247568,0.030801,14411,75359,0.009376,24514,322927,0.040177,8037679
4,2021-01-13,39279,438019,19469,295072,19810,142947,0,0,27785,263948,0.032839,11434,86793,0.010798,27814,350741,0.043637,8037679
4,2021-01-14,39857,477876,15376,310448,24481,167428,0,0,32548,289274,0.03599,7256,94049,0.011701,32582,383323,0.047691,8037679
4,2021-01-15,45986,523862,16105,326553,29881,197309,0,0,40266,323923,0.040301,5643,99692,0.012403,40292,423615,0.052704,8037679
4,2021-01-16,29041,552903,9455,336008,19586,216895,0,0,25857,346647,0.043128,3150,102842,0.012795,25874,449489,0.055923,8037679
4,2021-01-17,19122,572025,6623,342631,12499,229394,0,0,17444,362448,0.045094,1655,104497,0.013001,17456,466945,0.058095,8037679
4,2021-01-18,29753,601778,13796,356427,15957,245351,0,0,23662,380148,0.047296,5997,110494,0.013747,23697,490642,0.061043,8037679
4,2021-01-19,46771,648549,23474,379901,23297,268648,0,0,36919,407348,0.05068,9794,120288,0.014966,36994,527636,0.065645,8037679
4,2021-01-20,53228,701777,28413,408314,24815,293463,0,0,42458,439206,0.054643,10665,130953,0.016292,42523,570159,0.070936,8037679
4,2021-01-21,58540,760317,26306,434620,32234,325697,0,0,51601,483995,0.060216,6864,137817,0.017146,51653,621812,0.077362,8037679
4,2021-01-22,56002,816319,22481,457101,33521,359218,0,0,50656,529440,0.06587,5244,143061,0.017799,50689,672501,0.083669,8037679
4,2021-01-23,40039,856358,17448,474549,22591,381809,0,0,35640,560725,0.069762,4389,147450,0.018345,35674,708175,0.088107,8037679
4,2021-01-24,24296,880654,10568,485117,13728,395537,0,0,22377,581218,0.072312,1907,149357,0.018582,22400,730575,0.090894,8037679
4,2021-01-25,48611,929265,22438,507555,26173,421710,0,0,37236,607178,0.075541,11335,160692,0.019992,37295,767870,0.095534,8037679
4,2021-01-26,57586,986851,29338,536893,28248,449958,0,0,45070,639852,0.079607,12462,173154,0.021543,45136,813006,0.101149,8037679
4,2021-01-27,57013,1043864,27069,563962,29944,479902,0,0,45720,674410,0.083906,11219,184373,0.022939,45777,858783,0.106845,8037679
4,2021-01-28,57717,1101581,26041,590003,31676,511578,0,0,47381,711597,0.088533,10243,194616,0.024213,47430,906213,0.112746,8037679
4,2021-01-29,57484,1159065,27464,617467,30020,541598,0,0,46846,748015,0.093064,10466,205082,0.025515,46884,953097,0.118579,8037679
4,2021-01-30,38766,1197831,17390,634857,21376,562974,0,0,33294,775928,0.096536,5415,210497,0.026189,33328,986425,0.122725,8037679
4,2021-01-31,24542,1222373,12801,647658,11741,574715,0,0,22803,797035,0.099162,1716,212213,0.026402,22823,1009248,0.125565,8037679
4,2021-02-01,50489,1272862,24287,671945,26202,600917,0,0,38570,823800,0.102492,11852,224065,0.027877,38617,1047865,0.130369,8037679
4,2021-02-02,56370,1329232,25886,697831,30484,631401,0,0,43207,853987,0.106248,13076,237141,0.029504,43263,1091128,0.135752,8037679
4,2021-02-03,62858,1392090,30801,728632,32057,663458,0,0,48130,887568,0.110426,14609,251750,0.031321,48190,1139318,0.141747,8037679
4,2021-02-04,68432,1460522,31789,760421,36643,700101,0,0,51378,922169,0.114731,16896,268646,0.033423,51497,1190815,0.148154,8037679
4,2021-02-05,74033,1534555,34236,794657,39797,739898,0,0,51336,951201,0.118343,22445,291091,0.036216,51477,1242292,0.154559,8037679
4,2021-02-06,49226,1583781,26385,821042,22841,762739,0,0,37528,977306,0.121591,11627,302718,0.037662,37732,1280024,0.159253,8037679
4,2021-02-07,26749,1610530,17671,838713,9078,771817,0,0,20151,991144,0.123312,6563,309281,0.038479,20401,1300425,0.161791,8037679
4,2021-02-08,59362,1669892,30468,869181,28894,800711,0,0,38481,1009154,0.125553,20736,330017,0.041059,38746,1339171,0.166612,8037679
4,2021-02-09,68023,1737915,34562,903743,33461,834172,0,0,39758,1021195,0.127051,28166,358183,0.044563,40207,1379378,0.171614,8037679
4,2021-02-10,78338,1816253,39199,942942,39139,873311,0,0,41069,1025802,0.127624,37022,395205,0.049169,41629,1421007,0.176793,8037679
4,2021-02-11,82447,1898700,42985,985927,39462,912773,0,0,41837,1027931,0.127889,40390,435595,0.054194,42519,1463526,0.182083,8037679
4,2021-02-12,85366,1984066,38207,1024134,47159,959932,0,0,43784,1031137,0.128288,41374,476969,0.059342,44580,1508106,0.18763,8037679
4,2021-02-13,59424,2043490,30029,1054163,29395,989327,0,0,30136,1033057,0.128527,29134,506103,0.062966,31054,1539160,0.191493,8037679
4,2021-02-14,37231,2080721,19340,1073503,17891,1007218,0,0,18967,1034501,0.128706,18200,524303,0.065231,19644,1558804,0.193937,8037679
4,2021-02-15,46826,2127547,21964,1095467,24862,1032080,0,0,23899,1036764,0.128988,22832,547135,0.068071,25095,1583899,0.197059,8037679
4,2021-02-16,81233,2208780,37270,1132737,43963,1076043,0,0,41099,1039101,0.129279,39994,587129,0.073047,42331,1626230,0.202326,8037679
4,2021-02-17,82601,2291381,39059,1171796,43542,1119585,0,0,39121,1036098,0.128905,43273,630402,0.078431,40270,1666500,0.207336,8037679
4,2021-02-18,84493,2375874,46455,1218251,38038,1157623,0,0,38814,1030929,0.128262,45459,675861,0.084087,40290,1706790,0.212349,8037679
4,2021-02-19,83832,2459706,52772,1271023,31060,1188683,0,0,41688,1031351,0.128315,41951,717812,0.089306,42373,1749163,0.21762,8037679
4,2021-02-20,50255,2509961,33434,1304457,16821,1205504,0,0,27002,1035915,0.128882,23157,740969,0.092187,27721,1776884,0.221069,8037679
4,2021-02-21,30660,2540621,24306,1328763,6354,1211858,0,0,14650,1034973,0.128765,15913,756882,0.094167,14971,1791855,0.222932,8037679
4,2021-02-22,56072,2596693,38472,1367235,17600,1229458,0,0,26926,1033417,0.128572,28963,785845,0.09777,27407,1819262,0.226342,8037679
4,2021-02-23,77782,2674475,43123,1410358,34659,1264117,0,0,34023,1025604,0.1276,43528,829373,0.103186,35715,1854977,0.230785,8037679
4,2021-02-24,92907,2767382,49090,1459448,43817,1307934,0,0,41640,1018449,0.126709,50981,880354,0.109528,43826,1898803,0.236238,8037679
4,2021-02-25,104727,2872109,54827,1514275,49900,1357834,0,0,49651,1015941,0.126397,54830,935184,0.11635,52322,1951125,0.242747,8037679
4,2021-02-26,110752,2982861,55942,1570217,54810,1412644,0,0,56229,1020332,0.126944,54198,989382,0.123093,58589,2009714,0.250037,8037679
4,2021-02-27,80783,3063644,43935,1614152,36834,1449478,14,14,42640,1026591,0.127722,37906,1027288,0.127809,44165,2053879,0.255531,8037679
4,2021-02-28,49938,3113582,30797,1644949,19134,1468612,7,21,27163,1032122,0.12841,22552,1049840,0.130615,28083,2081962,0.259025,8037679
4,2021-03-01,81757,3195339,47843,1692792,33857,1502469,57,78,44970,1041996,0.129639,36406,1086246,0.135144,46280,2128242,0.264783,8037679
4,2021-03-02,90724,3286063,51978,1744770,38734,1541203,12,90,52911,1059163,0.131775,37596,1123842,0.139822,54763,2183005,0.271596,8037679
4,2021-03-03,104601,3390664,55555,1800325,49025,1590228,21,111,58113,1072853,0.133478,46245,1170087,0.145575,59935,2242940,0.279053,8037679
4,2021-03-04,102884,3493548,57257,1857582,45609,1635837,18,129,55914,1083884,0.13485,46702,1216789,0.151386,57733,2300673,0.286236,8037679
4,2021-03-05,99037,3592585,53402,1910984,45305,1681142,330,459,57866,1103132,0.137245,40914,1257703,0.156476,60162,2360835,0.293721,8037679
4,2021-03-06,77858,3670443,43839,1954823,31367,1712509,2652,3111,47546,1124466,0.139899,30164,1287867,0.160229,51498,2412333,0.300128,8037679
4,2021-03-07,45406,3715849,27774,1982597,15397,1727906,2235,5346,26477,1135387,0.141258,18833,1306700,0.162572,29754,2442087,0.30383,8037679
4,2021-03-08,68949,3784798,35977,2018574,29552,1757458,3420,8766,45185,1161639,0.144524,23616,1330316,0.16551,49868,2491955,0.310034,8037679
4,2021-03-09,83027,3867825,41912,2060486,35798,1793256,5317,14083,44706,1174537,0.146129,38113,1368429,0.170252,51011,2542966,0.316381,8037679
4,2021-03-10,92999,3960824,47941,2108427,37476,1830732,7582,21665,46709,1183580,0.147254,46063,1414492,0.175983,55106,2598072,0.323237,8037679
4,2021-03-11,101974,4062798,53430,2161857,39980,1870712,8564,30229,47004,1185373,0.147477,54674,1469166,0.182785,56467,2654539,0.330262,8037679
4,2021-03-12,105815,4168613,52074,2213931,43320,1914032,10421,40650,45246,1181447,0.146989,60254,1529420,0.190281,56328,2710867,0.33727,8037679
4,2021-03-13,82397,4251010,38134,2252065,35699,1949731,8564,49214,38959,1186603,0.14763,43285,1572705,0.195667,48441,2759308,0.343297,8037679
4,2021-03-14,50240,4301250,28612,2280677,17968,1967699,3660,52874,23475,1187618,0.147756,26657,1599362,0.198983,27672,2786980,0.346739,8037679
4,2021-03-15,84498,4385748,45449,2326126,34725,2002424,4324,57198,42814,1194113,0.148564,41377,1640739,0.204131,47872,2834852,0.352695,8037679
4,2021-03-16,108864,4494612,56659,2382785,48755,2051179,3450,60648,57154,1203901,0.149782,51429,1692168,0.210529,61217,2896069,0.360312,8037679
4,2021-03-17,108445,4603057,58373,2441158,46536,2097715,3536,64184,63268,1226285,0.152567,44876,1737044,0.216113,67260,2963329,0.36868,8037679
4,2021-03-18,108247,4711304,60051,2501209,44449,2142164,3747,67931,61040,1244509,0.154834,46910,1783954,0.221949,65134,3028463,0.376783,8037679
4,2021-03-19,112702,4824006,64841,2566050,42601,2184765,5260,73191,63753,1265183,0.157407,48636,1832590,0.228,69310,3097773,0.385406,8037679
4,2021-03-20,85113,4909119,49827,2615877,32228,2216993,3058,76249,51845,1287271,0.160155,33066,1865656,0.232114,55154,3152927,0.392268,8037679
4,2021-03-21,48688,4957807,35289,2651166,11138,2228131,2261,78510,28358,1298027,0.161493,20180,1885836,0.234624,30936,3183863,0.396117,8037679
4,2021-03-22,83429,5041236,54434,2705600,26236,2254367,2759,81269,51422,1321153,0.16437,31723,1917559,0.238571,54849,3238712,0.402941,8037679
4,2021-03-23,106143,5147379,63568,2769168,40390,2294757,2185,83454,62110,1342234,0.166993,43731,1961290,0.244012,64812,3303524,0.411005,8037679
4,2021-03-24,114872,5262251,74065,2843233,38344,2333101,2463,85917,63816,1358329,0.168995,50579,2011869,0.250305,66674,3370198,0.4193,8037679
4,2021-03-25,118557,5380808,72916,2916149,43174,2376275,2467,88384,66373,1375959,0.171189,51668,2063537,0.256733,69298,3439496,0.427922,8037679
4,2021-03-26,121215,5502023,73471,2989620,44679,2420954,3065,91449,65218,1389207,0.172837,55580,2119117,0.263648,68828,3508324,0.436485,8037679
4,2021-03-27,93071,5595094,54840,3044460,36408,2457362,1823,93272,46850,1392380,0.173232,45950,2165067,0.269365,49123,3557447,0.442596,8037679
4,2021-03-28,56406,5651500,37273,3081733,18250,2475612,883,94155,29651,1396719,0.173771,26557,2191624,0.272669,30896,3588343,0.44644,8037679
4,2021-03-29,94945,5746445,56846,3138579,35988,2511600,2111,96266,50708,1406142,0.174944,43941,2235565,0.278136,53364,3641707,0.453079,8037679
4,2021-03-30,118573,5865018,64722,3203301,49641,2561241,4210,100476,69630,1431696,0.178123,48656,2284221,0.284189,74210,3715917,0.462312,8037679
4,2021-03-31,122276,5987294,72144,3275445,43785,2605026,6347,106823,68036,1452381,0.180697,53848,2338069,0.290889,74533,3790450,0.471585,8037679
4,2021-04-01,144094,6131388,82060,3357505,48606,2653632,13428,120251,84415,1490829,0.18548,59111,2397180,0.298243,97559,3888009,0.483723,8037679
4,2021-04-02,137896,6269284,73676,3431181,50536,2704168,13684,133935,79212,1525327,0.189772,58352,2455532,0.305503,92850,3980859,0.495275,8037679
4,2021-04-03,101932,6371216,54474,3485655,33918,2738086,13540,147475,53106,1543285,0.192006,48598,2504130,0.311549,66556,4047415,0.503555,8037679
4,2021-04-04,47184,6418400,24930,3510585,14697,2752783,7557,155032,20525,1544614,0.192172,26531,2530661,0.31485,27860,4075275,0.507021,8037679
4,2021-04-05,110736,6529136,62127,3572712,35630,2788413,12979,168011,57329,1562092,0.194346,53147,2583808,0.321462,70625,4145900,0.515808,8037679
4,2021-04-06,140080,6669216,78818,3651530,41323,2829736,19939,187950,72495,1587544,0.197513,67319,2651127,0.329837,92771,4238671,0.52735,8037679
4,2021-04-07,138782,6807998,78661,3730191,39238,2868974,20883,208833,71679,1613316,0.200719,66813,2717940,0.33815,92585,4331256,0.538869,8037679
4,2021-04-08,141279,6949277,78695,3808886,36936,2905910,25648,234481,70385,1638991,0.203913,70548,2788488,0.346927,96223,4427479,0.55084,8037679
4,2021-04-09,138881,7088158,76081,3884967,39553,2945463,23247,257728,66262,1656859,0.206136,72326,2860814,0.355925,90194,4517673,0.562062,8037679
4,2021-04-10,104578,7192736,51548,3936515,33983,2979446,19047,276775,47196,1666760,0.207368,57143,2917957,0.363035,67044,4584717,0.570403,8037679
4,2021-04-11,63100,7255836,38300,3974815,13526,2992972,11274,288049,27601,1671174,0.207917,35367,2953324,0.367435,39781,4624498,0.575352,8037679
4,2021-04-12,103688,7359524,62973,4037788,30391,3023363,10324,298373,52155,1683595,0.209463,51190,3004514,0.373804,63611,4688109,0.583267,8037679
4,2021-04-13,131351,7490875,82428,4120216,48757,3072120,166,298539,78338,1710284,0.212783,52685,3057199,0.380358,79374,4767483,0.593142,8037679
4,2021-04-14,136917,7627792,87373,4207589,49463,3121583,81,298620,75612,1726280,0.214773,60935,3118134,0.38794,76931,4844414,0.602713,8037679
4,2021-04-15,157135,7784927,104445,4312034,52610,3174193,80,298700,95966,1762385,0.219265,60741,3178875,0.395497,96846,4941260,0.614762,8037679
4,2021-04-16,144435,7929362,91531,4403565,52820,3227013,84,298784,83607,1786340,0.222246,60465,3239340,0.403019,84420,5025680,0.625265,8037679
4,2021-04-17,102027,8031389,64056,4467621,37943,3264956,28,298812,59588,1804995,0.224567,42132,3281472,0.408261,60787,5086467,0.632828,8037679
4,2021-04-18,57434,8088823,38895,4506516,18534,3283490,5,298817,32199,1813091,0.225574,25075,3306547,0.411381,33171,5119638,0.636955,8037679
4,2021-04-19,101721,8190544,66978,4573494,34721,3318211,22,298839,51365,1815004,0.225812,50082,3356629,0.417612,51995,5171633,0.643424,8037679
4,2021-04-20,132038,8322582,78609,4652103,53406,3371617,23,298862,68245,1820947,0.226551,63422,3420051,0.425502,69365,5240998,0.652054,8037679
4,2021-04-21,135295,8457877,88301,4740404,46928,3418545,66,298928,67889,1823073,0.226816,66957,3487008,0.433833,69083,5310081,0.660649,8037679
4,2021-04-22,142424,8600301,94511,4834915,47888,3466433,25,298953,63429,1809120,0.22508,78553,3565561,0.443606,64600,5374681,0.668686,8037679
4,2021-04-23,135808,8736109,88368,4923283,47414,3513847,26,298979,58707,1792363,0.222995,76701,3642262,0.453148,59944,5434625,0.676144,8037679
4,2021-04-24,99409,8835518,67095,4990378,32260,3546107,54,299033,45641,1785702,0.222166,53445,3695707,0.459798,46784,5481409,0.681964,8037679
4,2021-04-25,50631,8886149,35697,5026075,14908,3561015,26,299059,26376,1788477,0.222512,24094,3719801,0.462795,26869,5508278,0.685307,8037679
4,2021-04-26,92643,8978792,60766,5086841,31468,3592483,409,299468,36270,1770469,0.220271,56036,3775837,0.469767,38028,5546306,0.690038,8037679
4,2021-04-27,114487,9093279,69993,5156834,42160,3634643,2334,301802,41089,1741648,0.216685,73055,3848892,0.478856,44234,5590540,0.695542,8037679
4,2021-04-28,105141,9198420,68665,5225499,33922,3668565,2554,304356,38327,1716769,0.21359,66438,3915330,0.487122,41559,5632099,0.700712,8037679
4,2021-04-29,106601,9305021,68076,5293575,35978,3704543,2547,306903,34295,1682294,0.209301,71924,3987254,0.49607,37449,5669548,0.705371,8037679
4,2021-04-30,106307,9411328,67308,5360883,36275,3740818,2724,309627,36414,1652640,0.205612,69461,4056715,0.504712,39807,5709355,0.710324,8037679
4,2021-05-01,70193,9481521,46566,5407449,21837,3762655,1790,311417,20451,1626103,0.20231,49413,4106128,0.51086,22876,5732231,0.71317,8037679
4,2021-05-02,37864,9519385,26878,5434327,9685,3772340,1301,312718,10577,1610967,0.200427,27153,4133281,0.514238,12017,5744248,0.714665,8037679
4,2021-05-03,79692,9599077,55564,5489891,21622,3793962,2506,315224,19247,1572917,0.195693,60159,4193440,0.521723,22109,5766357,0.717416,8037679
4,2021-05-04,101917,9700994,69745,5559636,29380,3823342,2792,318016,22687,1519894,0.189096,78893,4272333,0.531538,25870,5792227,0.720634,8037679
4,2021-05-05,102754,9803748,72425,5632061,27569,3850911,2760,320776,21826,1464219,0.182169,80563,4352896,0.541561,24888,5817115,0.723731,8037679
4,2021-05-06,112591,9916339,84355,5716416,25277,3876188,2959,323735,19602,1395433,0.173611,92470,4445366,0.553066,23684,5840799,0.726677,8037679
4,2021-05-07,105485,10021824,75819,5792235,26975,3903163,2691,326426,20653,1334768,0.166064,84422,4529788,0.563569,23757,5864556,0.729633,8037679
4,2021-05-08,70213,10092037,48426,5840661,19849,3923012,1938,328364,13812,1294708,0.16108,56155,4585943,0.570556,16095,5880651,0.731635,8037679
4,2021-05-09,34527,10126564,28241,5868902,5336,3928348,950,329314,7383,1276105,0.158765,27028,4612971,0.573918,8425,5889076,0.732684,8037679
4,2021-05-10,65470,10192034,43823,5912725,19308,3947656,2339,331653,11051,1235612,0.153727,54178,4667149,0.580659,13685,5902761,0.734386,8037679
4,2021-05-11,83714,10275748,52409,5965134,29100,3976756,2205,333858,15844,1186602,0.14763,67601,4734750,0.589069,18591,5921352,0.736699,8037679
4,2021-05-12,80193,10355941,53329,6018463,24381,4001137,2483,336341,16628,1142920,0.142195,63242,4797992,0.596937,19560,5940912,0.739133,8037679
4,2021-05-13,105224,10461165,77418,6095881,26264,4027401,1542,337883,40669,1121992,0.139592,64197,4862189,0.604925,43269,5984181,0.744516,8037679
4,2021-05-14,105555,10566720,74470,6170351,28944,4056345,2141,340024,40550,1100565,0.136926,64651,4926840,0.612968,43224,6027405,0.749894,8037679
4,2021-05-15,86135,10652855,66569,6236920,18226,4074571,1340,341364,37934,1092212,0.135886,47931,4974771,0.618931,39578,6066983,0.754818,8037679
4,2021-05-16,51884,10704739,41788,6278708,9377,4083948,719,342083,21260,1083875,0.134849,30459,5005230,0.622721,22122,6089105,0.75757,8037679
4,2021-05-17,71477,10776216,52224,6330932,17405,4101353,1848,343931,28192,1071094,0.133259,43063,5048293,0.628078,30282,6119387,0.761338,8037679
4,2021-05-18,82173,10858389,53418,6384350,26999,4128352,1756,345687,29314,1050065,0.130643,52476,5100769,0.634607,31447,6150834,0.76525,8037679
4,2021-05-19,77237,10935626,52190,6436540,23091,4151443,1956,347643,30977,1037345,0.12906,45935,5146704,0.640322,33215,6184049,0.769382,8037679
4,2021-05-20,69475,11005101,44667,6481207,22800,4174243,2008,349651,25721,1021981,0.127149,43443,5190147,0.645727,28079,6212128,0.772876,8037679
4,2021-05-21,74209,11079310,48908,6530115,23411,4197654,1890,351541,26126,1002511,0.124726,47751,5237898,0.651668,28281,6240409,0.776394,8037679
4,2021-05-22,50222,11129532,35226,6565341,13719,4211373,1277,352818,21772,997530,0.124107,28271,5266169,0.655185,23290,6263699,0.779292,8037679
4,2021-05-23,24017,11153549,17126,6582467,6166,4217539,725,353543,9732,993944,0.123661,14155,5280324,0.656946,10569,6274268,0.780607,8037679
4,2021-05-24,43328,11196877,27540,6610007,12773,4230312,3015,356558,15154,984379,0.122471,27936,5308260,0.660422,18371,6292639,0.782893,8037679
4,2021-05-25,45245,11242122,28147,6638154,14259,4244571,2839,359397,15997,974462,0.121237,28979,5337239,0.664027,19062,6311701,0.785264,8037679
4,2021-05-26,44955,11287077,26947,6665101,15393,4259964,2615,362012,15954,964445,0.11999,28758,5365997,0.667605,18741,6330442,0.787596,8037679
4,2021-05-27,39172,11326249,23491,6688592,12533,4272497,3148,365160,14733,958270,0.119222,24220,5390217,0.670619,18045,6348487,0.789841,8037679
4,2021-05-28,43702,11369951,27803,6716395,14281,4286778,1618,366778,19000,954693,0.118777,24413,5414630,0.673656,20836,6369323,0.792433,8037679
4,2021-05-29,23835,11393786,15472,6731867,7429,4294207,934,367712,10889,953866,0.118674,12786,5427416,0.675247,11959,6381282,0.793921,8037679
4,2021-05-30,12116,11405902,8509,6740376,3077,4297284,530,368242,5019,952466,0.1185,7016,5434432,0.67612,5616,6386898,0.79462,8037679
4,2021-05-31,3647,11409549,2321,6742697,1162,4298446,164,368406,1165,951397,0.118367,2419,5436851,0.676421,1350,6388248,0.794788,8037679
4,2021-06-01,39723,11449272,24693,6767390,12571,4311017,2459,370865,13078,940751,0.117043,26398,5463249,0.679705,15752,6404000,0.796747,8037679
4,2021-06-02,32910,11482182,20547,6787937,9541,4320558,2822,373687,10977,932959,0.116073,21735,5484984,0.682409,13943,6417943,0.798482,8037679
4,2021-06-03,48495,11530677,37215,6825152,8807,4329365,2473,376160,10448,908332,0.113009,37859,5522843,0.687119,13232,6431175,0.800128,8037679
4,2021-06-04,55347,11586024,44561,6869713,9449,4338814,1337,377497,12891,881177,0.109631,42199,5565042,0.692369,15044,6446219,0.802,8037679
4,2021-06-05,45078,11631102,38605,6908318,5476,4344290,997,378494,8777,855116,0.106388,36137,5601179,0.696865,10076,6456295,0.803254,8037679
4,2021-06-06,21286,11652388,18987,6927305,1732,4346022,567,379061,3911,842731,0.104848,17262,5618441,0.699013,4877,6461172,0.80386,8037679
4,2021-06-07,38975,11691363,31531,6958836,5501,4351523,1943,381004,8530,823197,0.102417,30299,5648740,0.702782,10765,6471937,0.8052,8037679
4,2021-06-08,40732,11732095,31956,6990792,6228,4357751,2548,383552,9449,804450,0.100085,31084,5679824,0.70665,12337,6484274,0.806735,8037679
4,2021-06-09,39059,11771154,30960,7021752,5726,4363477,2373,385925,7934,784168,0.097561,30943,5710767,0.7105,10661,6494935,0.808061,8037679
4,2021-06-10,37281,11808435,29368,7051120,5286,4368763,2627,388552,8415,766777,0.095398,28695,5739462,0.71407,11304,6506239,0.809467,8037679
4,2021-06-11,38545,11846980,30239,7081359,6285,4375048,2021,390573,9940,750664,0.093393,28425,5767887,0.717606,12312,6518551,0.810999,8037679
4,2021-06-12,26782,11873762,22279,7103638,3785,4378833,718,391291,6102,737140,0.091711,20564,5788451,0.720164,7040,6525591,0.811875,8037679
4,2021-06-13,10893,11884655,8609,7112247,1803,4380636,481,391772,2288,731482,0.091007,8536,5796987,0.721226,2878,6528469,0.812233,8037679
4,2021-06-14,28776,11913431,21528,7133775,4437,4385073,2811,394583,7858,721600,0.089777,20768,5817755,0.72381,10886,6539355,0.813587,8037679
4,2021-06-15,30185,11943616,21360,7155135,5413,4390486,3412,397995,8353,711968,0.088579,21650,5839405,0.726504,12018,6551373,0.815083,8037679
4,2021-06-16,26824,11970440,20231,7175366,3965,4394451,2628,400623,8106,704385,0.087635,18527,5857932,0.728809,10944,6562317,0.816444,8037679
4,2021-06-17,25260,11995700,18659,7194025,3702,4398153,2899,403522,7669,697753,0.08681,17393,5875325,0.730973,10761,6573078,0.817783,8037679
4,2021-06-18,26783,12022483,21108,7215133,4438,4402591,1237,404759,8223,689112,0.085735,18349,5893674,0.733256,9708,6582786,0.818991,8037679
4,2021-06-19,15796,12038279,12773,7227906,2313,4404904,710,405469,5064,684472,0.085158,10582,5904256,0.734572,5942,6588728,0.81973,8037679
4,2021-06-20,7378,12045657,6073,7233979,997,4405901,308,405777,2620,682788,0.084948,4696,5908952,0.735157,3012,6591740,0.820105,8037679
4,2021-06-21,14619,12060276,10563,7244542,2909,4408810,1147,406924,7333,684236,0.085129,7192,5916144,0.736051,8640,6600380,0.82118,8037679
4,2021-06-22,20530,12080806,15988,7260530,3462,4412272,1080,408004,7097,679269,0.084511,13295,5929439,0.737705,8328,6608708,0.822216,8037679
4,2021-06-23,18453,12099259,14475,7275005,2978,4415250,1000,409004,6703,675492,0.084041,11606,5941045,0.739149,7829,6616537,0.82319,8037679
4,2021-06-24,17666,12116925,13664,7288669,3011,4418261,991,409995,6570,672255,0.083638,10934,5951979,0.74051,7697,6624234,0.824148,8037679
4,2021-06-25,21695,12138620,17048,7305717,3597,4421858,1050,411045,7833,667592,0.083058,13715,5965694,0.742216,9052,6633286,0.825274,8037679
4,2021-06-26,13136,12151756,10697,7316414,1821,4423679,618,411663,4838,664985,0.082733,8175,5973869,0.743233,5568,6638854,0.825967,8037679
4,2021-06-27,6892,12158648,5585,7321999,965,4424644,342,412005,2899,664328,0.082652,3953,5977822,0.743725,3296,6642150,0.826377,8037679
4,2021-06-28,15203,12173851,12762,7334761,1580,4426224,861,412866,6099,662414,0.082414,9002,5986824,0.744845,7088,6649238,0.827258,8037679
4,2021-06-29,16574,12190425,12861,7347622,2900,4429124,813,413679,6409,659720,0.082078,10037,5996861,0.746094,7343,6656581,0.828172,8037679
4,2021-06-30,14689,12205114,11457,7359079,2494,4431618,738,414417,6112,658247,0.081895,8442,6005303,0.747144,6969,6663550,0.829039,8037679
4,2021-07-01,14636,12219750,11535,7370614,2350,4433968,751,415168,6024,656678,0.0817,8481,6013784,0.748199,6912,6670462,0.829899,8037679
4,2021-07-02,16985,12236735,13462,7384076,2749,4436717,774,415942,6973,654653,0.081448,9900,6023684,0.749431,7875,6678337,0.830879,8037679
4,2021-07-03,9251,12245986,7347,7391423,1493,4438210,411,416353,4000,653953,0.081361,5168,6028852,0.750074,4468,6682805,0.831435,8037679
4,2021-07-04,450,12246436,281,7391704,108,4438318,61,416414,199,653980,0.081364,244,6029096,0.750104,271,6683076,0.831468,8037679
4,2021-07-05,9233,12255669,7509,7399213,1308,4439626,416,416830,4181,653656,0.081324,4970,6034066,0.750722,4646,6687722,0.832046,8037679
4,2021-07-06,16638,12272307,13114,7412327,2715,4442341,809,417639,6143,650357,0.080914,10360,6044426,0.752011,7061,6694783,0.832925,8037679
4,2021-07-07,13801,12286108,10767,7423094,2250,4444591,784,418423,5193,647965,0.080616,8491,6052917,0.753068,6099,6700882,0.833684,8037679
4,2021-07-08,13256,12299364,10346,7433440,2076,4446667,834,419257,5193,646150,0.08039,7933,6060850,0.754055,6118,6707000,0.834445,8037679
4,2021-07-09,15494,12314858,11877,7445317,2678,4449345,939,420196,6296,644456,0.080179,9046,6069896,0.75518,7352,6714352,0.83536,8037679
4,2021-07-10,8888,12323746,7033,7452350,1450,4450795,405,420601,3744,643608,0.080074,5056,6074952,0.755809,4208,6718560,0.835883,8037679
4,2021-07-11,4987,12328733,3992,7456342,795,4451590,200,420801,2233,643362,0.080043,2709,6077661,0.756146,2463,6721023,0.83619,8037679
4,2021-07-12,13097,12341830,10372,7466714,1999,4453589,726,421527,5088,641349,0.079793,7928,6085589,0.757133,5915,6726938,0.836925,8037679
4,2021-07-13,12887,12354717,9865,7476579,2382,4455971,640,422167,5490,640281,0.07966,7292,6092881,0.75804,6224,6733162,0.8377,8037679
4,2021-07-14,11802,12366519,9281,7485860,1962,4457933,559,422726,5121,639442,0.079556,6586,6099467,0.758859,5747,6738909,0.838415,8037679
4,2021-07-15,12473,12378992,9908,7495768,1975,4459908,590,423316,5678,639117,0.079515,6668,6106135,0.759689,6343,6745252,0.839204,8037679
4,2021-07-16,15063,12394055,11749,7507517,2644,4462552,670,423986,6953,638843,0.079481,8005,6114140,0.760685,7731,6752983,0.840166,8037679
4,2021-07-17,9379,12403434,7420,7514937,1634,4464186,325,424311,4433,638798,0.079475,4847,6118987,0.761288,4802,6757785,0.840763,8037679
4,2021-07-18,5372,12408806,4328,7519265,844,4465030,200,424511,2534,638774,0.079472,2779,6121766,0.761634,2755,6760540,0.841106,8037679
4,2021-07-19,12868,12421674,10197,7529462,2013,4467043,658,425169,6113,638962,0.079496,6660,6128426,0.762462,6848,6767388,0.841958,8037679
4,2021-07-20,13873,12435547,10688,7540150,2516,4469559,669,425838,6857,639701,0.079588,6869,6135295,0.763317,7608,6774996,0.842905,8037679
4,2021-07-21,12851,12448398,9962,7550112,2238,4471797,651,426489,6400,640495,0.079687,6312,6141607,0.764102,7106,6782102,0.843789,8037679
4,2021-07-22,13541,12461939,10565,7560677,2312,4474109,664,427153,7039,641898,0.079861,6362,6147969,0.764894,7765,6789867,0.844755,8037679
4,2021-07-23,15769,12477708,12154,7572831,2914,4477023,701,427854,8263,643615,0.080075,7334,6155303,0.765806,9051,6798918,0.845881,8037679
4,2021-07-24,9619,12487327,7529,7580360,1759,4478782,331,428185,4953,644420,0.080175,4529,6159832,0.766369,5334,6804252,0.846544,8037679
4,2021-07-25,4789,12492116,3765,7584125,865,4479647,159,428344,3370,646605,0.080447,1359,6161191,0.766539,3544,6807796,0.846985,8037679
4,2021-07-26,13053,12505169,10220,7594345,2147,4481794,686,429030,7595,649637,0.080824,5302,6166493,0.767198,8334,6816130,0.848022,8037679
4,2021-07-27,14430,12519599,11061,7605406,2604,4484398,765,429795,7785,651745,0.081086,6483,6172976,0.768005,8591,6824721,0.849091,8037679
4,2021-07-28,13249,12532848,10100,7615506,2445,4486843,704,430499,7352,654134,0.081383,5723,6178699,0.768717,8112,6832833,0.8501,8037679
4,2021-07-29,13527,12546375,10507,7626013,2303,4489146,717,431216,7594,656818,0.081717,5703,6184402,0.769426,8387,6841220,0.851144,8037679
4,2021-07-30,15843,12562218,12116,7638129,2920,4492066,807,432023,8600,659458,0.082046,6870,6191272,0.770281,9510,6850730,0.852327,8037679
4,2021-07-31,9767,12571985,7613,7645742,1726,4493792,428,432451,5512,661386,0.082286,4052,6195324,0.770785,5980,6856710,0.853071,8037679
4,2021-08-01,5440,12577425,4488,7650230,782,4494574,170,432621,3207,662679,0.082447,2118,6197442,0.771049,3411,6860121,0.853495,8037679
4,2021-08-02,14110,12591535,11264,7661494,2102,4496676,744,433365,8240,666073,0.082869,5660,6203102,0.771753,9054,6869175,0.854622,8037679
4,2021-08-03,14709,12606244,11302,7672796,2639,4499315,768,434133,8458,669342,0.083276,6032,6209134,0.772503,9301,6878476,0.855779,8037679
4,2021-08-04,13385,12619629,10424,7683220,2267,4501582,694,434827,7562,672027,0.08361,5613,6214747,0.773202,8298,6886774,0.856811,8037679
4,2021-08-05,14358,12633987,11336,7694556,2256,4503838,766,435593,8069,674874,0.083964,6039,6220786,0.773953,8886,6895660,0.857917,8037679
4,2021-08-06,17263,12651250,13239,7707795,3150,4506988,874,436467,9606,678095,0.084365,7326,6228112,0.774864,10547,6906207,0.859229,8037679
4,2021-08-07,10207,12661457,8118,7715913,1647,4508635,442,436909,5574,679698,0.084564,4454,6232566,0.775419,6057,6912264,0.859983,8037679
4,2021-08-08,6249,12667706,4969,7720882,1076,4509711,204,437113,3597,681014,0.084728,2515,6235081,0.775732,3831,6916095,0.860459,8037679
4,2021-08-09,14680,12682386,11892,7732774,2043,4511754,745,437858,7853,683091,0.084986,6596,6241677,0.776552,8673,6924768,0.861538,8037679
4,2021-08-10,14869,12697255,11440,7744214,2662,4514416,767,438625,7840,684985,0.085222,6778,6248455,0.777395,8672,6933440,0.862617,8037679
4,2021-08-11,12652,12709907,9701,7753915,2182,4516598,769,439394,6607,686609,0.085424,5783,6254238,0.778115,7407,6940847,0.863539,8037679
4,2021-08-12,14172,12724079,10783,7764698,2626,4519224,763,440157,7282,688163,0.085617,6536,6260774,0.778928,8090,6948937,0.864545,8037679
4,2021-08-13,17814,12741893,13181,7777879,3728,4522952,905,441062,8782,689559,0.085791,8363,6269137,0.779969,9759,6958696,0.865759,8037679
4,2021-08-14,12269,12754162,8752,7786631,2998,4525950,519,441581,5574,690721,0.085935,4994,6274131,0.78059,6156,6964852,0.866525,8037679
4,2021-08-15,7485,12761647,5474,7792105,1788,4527738,223,441804,3314,691390,0.086019,2913,6277044,0.780952,3582,6968434,0.866971,8037679
4,2021-08-16,18159,12779806,12580,7804685,4701,4532439,878,442682,7503,692353,0.086138,7496,6284540,0.781885,8459,6976893,0.868023,8037679
4,2021-08-17,18454,12798260,12545,7817230,5050,4537489,859,443541,7314,693099,0.086231,7508,6292048,0.782819,8254,6985147,0.86905,8037679
4,2021-08-18,18073,12816333,12167,7829397,5116,4542605,790,444331,6872,693840,0.086323,7000,6299048,0.78369,7741,6992888,0.870013,8037679
4,2021-08-19,18425,12834758,12269,7841666,5366,4547971,790,445121,6820,694677,0.086428,6855,6305903,0.784543,7692,7000580,0.87097,8037679
4,2021-08-20,23237,12857995,15716,7857382,6682,4554653,839,445960,8285,694737,0.086435,9181,6315084,0.785685,9241,7009821,0.87212,8037679
4,2021-08-21,14644,12872639,10229,7867611,4015,4558668,400,446360,4939,694355,0.086388,5787,6320871,0.786405,5405,7015226,0.872793,8037679
4,2021-08-22,8665,12881304,6141,7873752,2363,4561031,161,446521,3422,694805,0.086443,3183,6324054,0.786801,3633,7018859,0.873245,8037679
4,2021-08-23,20322,12901626,14280,7888032,5337,4566368,705,447226,7398,695142,0.086485,7956,6332010,0.787791,8293,7027152,0.874276,8037679
4,2021-08-24,19696,12921322,13919,7901951,5111,4571479,666,447892,6934,695065,0.086476,7822,6339832,0.788764,7745,7034897,0.87524,8037679
4,2021-08-25,18136,12939458,12785,7914736,4731,4576210,620,448512,6537,695440,0.086522,6947,6346779,0.789628,7322,7042219,0.876151,8037679
4,2021-08-26,18385,12957843,12959,7927695,4816,4581026,610,449122,6313,695255,0.086499,7240,6354019,0.790529,7055,7049274,0.877029,8037679
4,2021-08-27,22694,12980537,16221,7943916,5808,4586834,665,449787,7588,694120,0.086358,9593,6363612,0.791723,8458,7057732,0.878081,8037679
4,2021-08-28,14084,12994621,10060,7953976,3666,4590500,358,450145,4718,693442,0.086274,5867,6369479,0.792453,5189,7062921,0.878726,8037679
4,2021-08-29,8198,13002819,5866,7959842,2231,4592731,101,450246,2846,693036,0.086223,3425,6372904,0.792879,3019,7065940,0.879102,8037679
4,2021-08-30,12090,13014909,7934,7967776,3618,4596349,538,450784,3277,691913,0.086084,4992,6377896,0.7935,3869,7069809,0.879583,8037679
