hpiquartile,administered_date,total_doses,cumulative_total_doses,pfizer_doses,cumulative_pfizer_doses,moderna_doses,cumulative_moderna_doses,jj_doses,cumulative_jj_doses,partially_vaccinated,total_partially_vaccinated,pct_age16pop_partially_vaccinated,fully_vaccinated,cumulative_fully_vaccinated,pct_age16pop_fully_vaccinated,at_least_one_dose,cumulative_at_least_one_dose,pct_age16pop_at_least_one_dose,age16_population
1,2020-12-15,144,144,144,144,0,0,0,0,144,144,1.8e-05,0,0,0.0,144,144,1.8e-05,8051741
1,2020-12-16,1281,1425,1281,1425,0,0,0,0,1280,1424,0.000177,0,0,0.0,1280,1424,0.000177,8051741
1,2020-12-17,4105,5530,4105,5530,0,0,0,0,4105,5529,0.000687,0,0,0.0,4105,5529,0.000687,8051741
1,2020-12-18,6073,11603,6030,11560,43,43,0,0,6078,11607,0.001442,0,0,0.0,6078,11607,0.001442,8051741
1,2020-12-19,2783,14386,2783,14343,0,43,0,0,2783,14389,0.001787,1,1,0.0,2783,14390,0.001787,8051741
1,2020-12-20,2042,16428,2039,16382,3,46,0,0,2044,16433,0.002041,0,1,0.0,2044,16434,0.002041,8051741
1,2020-12-21,7861,24289,7847,24229,14,60,0,0,7918,24351,0.003024,0,1,0.0,7918,24352,0.003024,8051741
1,2020-12-22,7391,31680,6948,31177,443,503,0,0,7395,31745,0.003943,1,2,0.0,7395,31747,0.003943,8051741
1,2020-12-23,7594,39274,6329,37506,1265,1768,0,0,7592,39337,0.004886,0,2,0.0,7592,39339,0.004886,8051741
1,2020-12-24,3265,42539,2324,39830,941,2709,0,0,3266,42603,0.005291,0,2,0.0,3266,42605,0.005291,8051741
1,2020-12-25,232,42771,149,39979,83,2792,0,0,232,42835,0.00532,0,2,0.0,232,42837,0.00532,8051741
1,2020-12-26,1328,44099,966,40945,362,3154,0,0,1328,44162,0.005485,1,3,0.0,1328,44165,0.005485,8051741
1,2020-12-27,854,44953,529,41474,325,3479,0,0,855,45017,0.005591,0,3,0.0,855,45020,0.005591,8051741
1,2020-12-28,7185,52138,4979,46453,2206,5685,0,0,7185,52202,0.006483,0,3,0.0,7185,52205,0.006484,8051741
1,2020-12-29,8753,60891,4960,51413,3793,9478,0,0,8750,60951,0.00757,1,4,0.0,8750,60955,0.00757,8051741
1,2020-12-30,11285,72176,6256,57669,5029,14507,0,0,11305,72256,0.008974,0,4,0.0,11305,72260,0.008974,8051741
1,2020-12-31,5767,77943,1874,59543,3893,18400,0,0,5945,78201,0.009712,0,4,0.0,5945,78205,0.009713,8051741
1,2021-01-01,499,78442,164,59707,335,18735,0,0,499,78700,0.009774,0,4,0.0,499,78704,0.009775,8051741
1,2021-01-02,2733,81175,1619,61326,1114,19849,0,0,2832,81532,0.010126,0,4,0.0,2832,81536,0.010127,8051741
1,2021-01-03,996,82171,533,61859,463,20312,0,0,998,82529,0.01025,1,5,1e-06,998,82534,0.01025,8051741
1,2021-01-04,7265,89436,3538,65397,3727,24039,0,0,7293,89821,0.011155,1,6,1e-06,7293,89827,0.011156,8051741
1,2021-01-05,10861,100297,5213,70610,5648,29687,0,0,10132,99234,0.012325,781,787,9.8e-05,10194,100021,0.012422,8051741
1,2021-01-06,14013,114310,7109,77719,6904,36591,0,0,12217,109670,0.013621,1787,2574,0.00032,12223,112244,0.01394,8051741
1,2021-01-07,17696,132006,9283,87002,8413,45004,0,0,13331,118770,0.014751,4236,6810,0.000846,13336,125580,0.015597,8051741
1,2021-01-08,20091,152097,10329,97331,9762,54766,0,0,14371,127428,0.015826,5718,12528,0.001556,14376,139956,0.017382,8051741
1,2021-01-09,6489,158586,3266,100597,3223,57989,0,0,4785,130456,0.016202,1761,14289,0.001775,4789,144745,0.017977,8051741
1,2021-01-10,3005,161591,1708,102305,1297,59286,0,0,1851,131160,0.01629,1148,15437,0.001917,1852,146597,0.018207,8051741
1,2021-01-11,18383,179974,12085,114390,6298,65584,0,0,11485,135921,0.016881,6766,22203,0.002758,11527,158124,0.019638,8051741
1,2021-01-12,19205,199179,10758,125148,8447,74031,0,0,13124,143061,0.017768,6063,28266,0.003511,13203,171327,0.021278,8051741
1,2021-01-13,19816,218995,10476,135624,9340,83371,0,0,14844,152927,0.018993,4995,33261,0.004131,14861,186188,0.023124,8051741
1,2021-01-14,22439,241434,9324,144948,13115,96486,0,0,19756,170144,0.021131,2606,35867,0.004455,19823,206011,0.025586,8051741
1,2021-01-15,25509,266943,9518,154466,15991,112477,0,0,23524,191759,0.023816,1981,37848,0.004701,23596,229607,0.028516,8051741
1,2021-01-16,14127,281070,4517,158983,9610,122087,0,0,13380,204301,0.025374,840,38688,0.004805,13382,242989,0.030178,8051741
1,2021-01-17,5962,287032,1939,160922,4023,126110,0,0,5765,209699,0.026044,372,39060,0.004851,5770,248759,0.030895,8051741
1,2021-01-18,14811,301843,8978,169900,5833,131943,0,0,11485,217919,0.027065,3326,42386,0.005264,11546,260305,0.032329,8051741
1,2021-01-19,24236,326079,12848,182748,11388,143331,0,0,19115,231968,0.02881,5110,47496,0.005899,19159,279464,0.034709,8051741
1,2021-01-20,27478,353557,13305,196053,14173,157504,0,0,22134,248808,0.030901,5323,52819,0.00656,22163,301627,0.037461,8051741
1,2021-01-21,31040,384597,14994,211047,16046,173550,0,0,28213,274224,0.034058,2891,55710,0.006919,28307,329934,0.040977,8051741
1,2021-01-22,27287,411884,10891,221938,16396,189946,0,0,25461,297832,0.03699,1874,57584,0.007152,25482,355416,0.044142,8051741
1,2021-01-23,18332,430216,8095,230033,10237,200183,0,0,16482,312460,0.038807,1864,59448,0.007383,16492,371908,0.04619,8051741
1,2021-01-24,6441,436657,4084,234117,2357,202540,0,0,5814,317638,0.03945,640,60088,0.007463,5818,377726,0.046912,8051741
1,2021-01-25,25384,462041,10153,244270,15231,217771,0,0,19925,332177,0.041255,5528,65616,0.008149,20067,397793,0.049405,8051741
1,2021-01-26,28413,490454,13338,257608,15075,232846,0,0,21859,347518,0.043161,6548,72164,0.008963,21889,419682,0.052123,8051741
1,2021-01-27,31044,521498,15389,272997,15655,248501,0,0,23275,363005,0.045084,7813,79977,0.009933,23300,442982,0.055017,8051741
1,2021-01-28,34354,555852,16291,289288,18063,266564,0,0,27887,384233,0.04772,6711,86688,0.010766,27939,470921,0.058487,8051741
1,2021-01-29,33653,589505,16469,305757,17184,283748,0,0,27579,405521,0.050364,6340,93028,0.011554,27628,498549,0.061918,8051741
1,2021-01-30,20548,610053,8611,314368,11937,295685,0,0,18565,422111,0.052425,1983,95011,0.0118,18573,517122,0.064225,8051741
1,2021-01-31,8372,618425,5152,319520,3220,298905,0,0,7939,429311,0.053319,741,95752,0.011892,7941,525063,0.065211,8051741
1,2021-02-01,27913,646338,12084,331604,15829,314734,0,0,20835,442884,0.055005,7266,103018,0.012794,20839,545902,0.067799,8051741
1,2021-02-02,31517,677855,11376,342980,20141,334875,0,0,23796,458966,0.057002,7746,110764,0.013757,23828,569730,0.070759,8051741
1,2021-02-03,38870,716725,14713,357693,24157,359032,0,0,28273,476642,0.059197,10626,121390,0.015076,28302,598032,0.074274,8051741
1,2021-02-04,43936,760661,17002,374695,26934,385966,0,0,32091,496827,0.061704,11951,133341,0.016561,32136,630168,0.078265,8051741
1,2021-02-05,46611,807272,17345,392040,29266,415232,0,0,30880,511955,0.063583,15796,149137,0.018522,30924,661092,0.082105,8051741
1,2021-02-06,26179,833451,10501,402541,15678,430910,0,0,20397,526625,0.065405,5742,154879,0.019235,20412,681504,0.084641,8051741
1,2021-02-07,6031,839482,3841,406382,2190,433100,0,0,4499,529619,0.065777,1522,156401,0.019424,4516,686020,0.085201,8051741
1,2021-02-08,30912,870394,14056,420438,16856,449956,0,0,20541,539803,0.067042,10435,166836,0.02072,20619,706639,0.087762,8051741
1,2021-02-09,37795,908189,16357,436795,21438,471394,0,0,22991,548004,0.06806,14860,181696,0.022566,23061,729700,0.090626,8051741
1,2021-02-10,46287,954476,21701,458496,24586,495980,0,0,26940,555534,0.068996,19482,201178,0.024986,27012,756712,0.093981,8051741
1,2021-02-11,51319,1005795,25568,484064,25751,521731,0,0,30739,565463,0.070229,20903,222081,0.027582,30832,787544,0.09781,8051741
1,2021-02-12,49501,1055296,21045,505109,28456,550187,0,0,28701,573460,0.071222,20831,242912,0.030169,28828,816372,0.101391,8051741
1,2021-02-13,26617,1081913,11024,516133,15593,565780,0,0,15233,577443,0.071717,11326,254238,0.031576,15309,831681,0.103292,8051741
1,2021-02-14,12171,1094084,5296,521429,6875,572655,0,0,6494,578398,0.071835,5648,259886,0.032277,6603,838284,0.104112,8051741
1,2021-02-15,23411,1117495,9178,530607,14233,586888,0,0,14231,583597,0.072481,9193,269079,0.033419,14392,852676,0.1059,8051741
1,2021-02-16,45404,1162899,21620,552227,23784,610672,0,0,27298,592831,0.073628,18251,287330,0.035685,27485,880161,0.109313,8051741
1,2021-02-17,47273,1210172,24071,576298,23202,633874,0,0,26293,598320,0.074309,21015,308345,0.038295,26504,906665,0.112605,8051741
1,2021-02-18,49915,1260087,24847,601145,25068,658942,0,0,26402,601464,0.0747,23555,331900,0.041221,26699,933364,0.115921,8051741
1,2021-02-19,45245,1305332,24464,625609,20781,679723,0,0,26625,609497,0.075698,18656,350556,0.043538,26689,960053,0.119235,8051741
1,2021-02-20,25550,1330882,15538,641147,10012,689735,0,0,14958,613688,0.076218,10842,361398,0.044884,15033,975086,0.121103,8051741
1,2021-02-21,9434,1340316,8348,649495,1086,690821,0,0,5898,616014,0.076507,3715,365113,0.045346,6041,981127,0.121853,8051741
1,2021-02-22,30615,1370931,20709,670204,9906,700727,0,0,19172,623501,0.077437,11869,376982,0.04682,19356,1000483,0.124257,8051741
1,2021-02-23,43009,1413940,20654,690858,22355,723082,0,0,24378,629633,0.078198,18641,395623,0.049135,24773,1025256,0.127333,8051741
1,2021-02-24,54410,1468350,27068,717926,27342,750424,0,0,32324,640077,0.079495,22373,417996,0.051914,32817,1058073,0.131409,8051741
1,2021-02-25,65073,1533423,31823,749749,33250,783674,0,0,41389,658103,0.081734,23906,441902,0.054883,41932,1100005,0.136617,8051741
1,2021-02-26,72544,1605967,33769,783518,38775,822449,0,0,48980,683555,0.084895,23993,465895,0.057863,49445,1149450,0.142758,8051741
1,2021-02-27,48494,1654461,20894,804412,27594,850043,6,6,32086,699098,0.086826,16818,482713,0.059951,32361,1181811,0.146777,8051741
1,2021-02-28,18712,1673173,10878,815290,7834,857877,0,6,13713,707620,0.087884,5424,488137,0.060625,13946,1195757,0.148509,8051741
1,2021-03-01,43020,1716193,19329,834619,23685,881562,6,12,28322,721100,0.089558,15135,503272,0.062505,28615,1224372,0.152063,8051741
1,2021-03-02,58132,1774325,23718,858337,34411,915973,3,15,37425,738320,0.091697,20965,524237,0.065109,38185,1262557,0.156805,8051741
1,2021-03-03,69353,1843678,33498,891835,35840,951813,15,30,42411,754757,0.093738,26762,550999,0.068432,43199,1305756,0.162171,8051741
1,2021-03-04,77204,1920882,35906,927741,41266,993079,32,62,49780,777835,0.096605,27284,578283,0.071821,50362,1356118,0.168425,8051741
1,2021-03-05,75113,1995995,33295,961036,41618,1034697,200,262,50405,804782,0.099951,24476,602759,0.074861,51423,1407541,0.174812,8051741
1,2021-03-06,56304,2052299,27546,988582,27427,1062124,1331,1593,39072,828519,0.102899,17242,620001,0.077002,40979,1448520,0.179901,8051741
1,2021-03-07,19166,2071465,12230,1000812,6146,1068270,790,2383,14407,839256,0.104233,4741,624742,0.077591,15478,1463998,0.181824,8051741
1,2021-03-08,43102,2114567,20500,1021312,20754,1089024,1848,4231,29908,858316,0.1066,13033,637775,0.07921,32093,1496091,0.18581,8051741
1,2021-03-09,60316,2174883,26423,1047735,31443,1120467,2450,6681,36505,874202,0.108573,23720,661495,0.082156,39606,1535697,0.190729,8051741
1,2021-03-10,71797,2246680,35740,1083475,31888,1152355,4169,10850,44913,897044,0.11141,26758,688253,0.085479,49600,1585297,0.196889,8051741
1,2021-03-11,87847,2334527,40683,1124158,39491,1191846,7673,18523,52027,921719,0.114474,35598,723851,0.0899,60273,1645570,0.204374,8051741
1,2021-03-12,95968,2430495,41798,1165956,41205,1233051,12965,31488,55049,949420,0.117915,40796,764647,0.094967,68497,1714067,0.212882,8051741
1,2021-03-13,63379,2493874,29000,1194956,26789,1259840,7590,39078,40648,975386,0.12114,22634,787281,0.097778,48600,1762667,0.218917,8051741
1,2021-03-14,26817,2520691,14296,1209252,8929,1268769,3592,42670,15824,984013,0.122211,10995,798276,0.099143,19622,1782289,0.221354,8051741
1,2021-03-15,65409,2586100,29659,1238911,29044,1297813,6706,49376,37965,1001876,0.12443,27183,825459,0.102519,45046,1827335,0.226949,8051741
1,2021-03-16,85518,2671618,39374,1278285,40674,1338487,5470,54846,53819,1030076,0.127932,31555,857014,0.106438,59755,1887090,0.23437,8051741
1,2021-03-17,93453,2765071,45922,1324207,40976,1379463,6555,61401,59361,1062496,0.131959,33971,890985,0.110657,66391,1953481,0.242616,8051741
1,2021-03-18,96135,2861206,50149,1374356,40256,1419719,5730,67131,58723,1090451,0.13543,37207,928192,0.115278,65162,2018643,0.250709,8051741
1,2021-03-19,102907,2964113,53568,1427924,42937,1462656,6402,73533,61264,1117337,0.13877,41367,969559,0.120416,68253,2086896,0.259186,8051741
1,2021-03-20,68982,3033095,36150,1464074,27879,1490535,4953,78486,45374,1144490,0.142142,23499,993058,0.123335,50652,2137548,0.265476,8051741
1,2021-03-21,26126,3059221,18112,1482186,6276,1496811,1738,80224,16834,1154051,0.143329,9201,1002259,0.124477,18762,2156310,0.267807,8051741
1,2021-03-22,57549,3116770,30343,1512529,24295,1521106,2911,83135,39617,1179181,0.14645,17753,1020012,0.126682,42883,2199193,0.273133,8051741
1,2021-03-23,82159,3198929,42112,1554641,36737,1557843,3310,86445,54016,1209039,0.150159,27973,1047985,0.130156,57831,2257024,0.280315,8051741
1,2021-03-24,87758,3286687,45467,1600108,38160,1596003,4131,90576,53101,1232134,0.153027,34483,1082468,0.134439,57578,2314602,0.287466,8051741
1,2021-03-25,93642,3380329,48417,1648525,39776,1635779,5449,96025,54137,1252634,0.155573,39326,1121794,0.139323,59826,2374428,0.294896,8051741
1,2021-03-26,102688,3483017,49641,1698166,46915,1682694,6132,102157,57613,1271900,0.157966,44828,1166622,0.144891,64094,2438522,0.302856,8051741
1,2021-03-27,71760,3554777,37932,1736098,30156,1712850,3672,105829,37188,1278575,0.158795,34395,1201017,0.149162,41070,2479592,0.307957,8051741
1,2021-03-28,31507,3586284,20635,1756733,9648,1722498,1224,107053,17028,1282757,0.159314,14403,1215420,0.150951,18585,2498177,0.310265,8051741
1,2021-03-29,64935,3651219,32787,1789520,29583,1752081,2565,109618,37462,1295664,0.160917,27346,1242766,0.154347,40253,2538430,0.315265,8051741
1,2021-03-30,89685,3740904,44484,1834004,39468,1791549,5733,115351,51600,1315092,0.16333,38069,1280835,0.159076,57497,2595927,0.322406,8051741
1,2021-03-31,98530,3839434,52602,1886606,40233,1831782,5695,121046,56413,1335425,0.165855,41893,1322728,0.164279,62226,2658153,0.330134,8051741
1,2021-04-01,107607,3947041,52391,1938997,47317,1879099,7899,128945,56002,1348055,0.167424,51389,1374117,0.170661,64019,2722172,0.338085,8051741
1,2021-04-02,106923,4053964,48484,1987481,49392,1928491,9047,137992,54977,1360752,0.169001,51601,1425718,0.17707,64298,2786470,0.34607,8051741
1,2021-04-03,76023,4129987,38936,2026417,28025,1956516,9062,147054,36500,1367086,0.169788,39391,1465109,0.181962,45725,2832195,0.351749,8051741
1,2021-04-04,22988,4152975,11849,2038266,8075,1964591,3064,150118,10219,1367662,0.169859,12733,1477842,0.183543,13309,2845504,0.353402,8051741
1,2021-04-05,72931,4225906,36067,2074333,28042,1992633,8822,158940,34884,1373729,0.170613,37927,1515769,0.188254,43994,2889498,0.358866,8051741
1,2021-04-06,103612,4329518,50258,2124591,37056,2029689,16298,175238,47889,1382595,0.171714,55541,1571310,0.195152,64407,2953905,0.366865,8051741
1,2021-04-07,111476,4440994,54523,2179114,39051,2068740,17902,193140,51252,1392041,0.172887,60004,1631314,0.202604,69450,3023355,0.375491,8051741
1,2021-04-08,120870,4561864,57894,2237008,41768,2110508,21208,214348,54725,1402227,0.174152,65922,1697236,0.210791,76108,3099463,0.384943,8051741
1,2021-04-09,113432,4675296,50918,2287926,43127,2153635,19387,233735,50725,1410100,0.17513,62455,1759691,0.218548,70328,3169791,0.393678,8051741
1,2021-04-10,93913,4769209,41959,2329885,28029,2181664,23925,257660,36844,1414056,0.175621,56911,1816602,0.225616,60867,3230658,0.401237,8051741
1,2021-04-11,35675,4804884,19415,2349300,8916,2190580,7344,265004,14563,1415189,0.175762,21050,1837652,0.22823,22183,3252841,0.403992,8051741
1,2021-04-12,73008,4877892,33133,2382433,29564,2220144,10311,275315,31420,1415718,0.175828,41392,1879044,0.233371,41921,3294762,0.409199,8051741
1,2021-04-13,95850,4973742,51498,2433931,44047,2264191,305,275620,52064,1424892,0.176967,43658,1922702,0.238793,52832,3347594,0.41576,8051741
1,2021-04-14,98209,5071951,50799,2484730,47352,2311543,58,275678,49725,1426987,0.177227,48232,1970934,0.244784,50327,3397921,0.422011,8051741
1,2021-04-15,98926,5170877,54140,2538870,44717,2356260,69,275747,53078,1435056,0.178229,45533,2016467,0.250439,53602,3451523,0.428668,8051741
1,2021-04-16,103868,5274745,53747,2592617,50039,2406299,82,275829,53214,1438240,0.178625,50371,2066838,0.256695,53555,3505078,0.435319,8051741
1,2021-04-17,76424,5351169,42923,2635540,33496,2439795,5,275834,43816,1449794,0.18006,32513,2099351,0.260733,44067,3549145,0.440792,8051741
1,2021-04-18,27947,5379116,18599,2654139,9342,2449137,6,275840,14491,1451155,0.180229,13411,2112762,0.262398,14772,3563917,0.442627,8051741
1,2021-04-19,63209,5442325,32567,2686706,30614,2479751,28,275868,28575,1445625,0.179542,34338,2147100,0.266663,28808,3592725,0.446205,8051741
1,2021-04-20,82082,5524407,40976,2727682,41092,2520843,14,275882,39429,1443203,0.179241,42381,2189481,0.271926,39959,3632684,0.451168,8051741
1,2021-04-21,82239,5606646,43783,2771465,38371,2559214,85,275967,37625,1437503,0.178533,44216,2233697,0.277418,38516,3671200,0.455951,8051741
1,2021-04-22,53066,5659712,31420,2802885,21641,2580855,5,275972,24658,1434523,0.178163,28254,2261951,0.280927,25274,3696474,0.45909,8051741
2,2020-12-15,228,228,228,228,0,0,0,0,234,234,3e-05,0,0,0.0,234,234,3e-05,7897587
2,2020-12-16,1905,2133,1905,2133,0,0,0,0,1915,2149,0.000272,0,0,0.0,1915,2149,0.000272,7897587
2,2020-12-17,6597,8730,6597,8730,0,0,0,0,6642,8791,0.001113,0,0,0.0,6642,8791,0.001113,7897587
2,2020-12-18,10793,19523,10772,19502,21,21,0,0,10852,19643,0.002487,0,0,0.0,10852,19643,0.002487,7897587
2,2020-12-19,5546,25069,5541,25043,5,26,0,0,5548,25191,0.00319,0,0,0.0,5548,25191,0.00319,7897587
2,2020-12-20,4234,29303,4227,29270,7,33,0,0,4230,29421,0.003725,0,0,0.0,4230,29421,0.003725,7897587
2,2020-12-21,12441,41744,12403,41673,38,71,0,0,12431,41852,0.005299,0,0,0.0,12431,41852,0.005299,7897587
2,2020-12-22,11768,53512,11318,52991,450,521,0,0,11771,53623,0.00679,0,0,0.0,11771,53623,0.00679,7897587
2,2020-12-23,11507,65019,9347,62338,2160,2681,0,0,11517,65140,0.008248,0,0,0.0,11517,65140,0.008248,7897587
2,2020-12-24,5766,70785,3412,65750,2354,5035,0,0,5765,70905,0.008978,0,0,0.0,5765,70905,0.008978,7897587
2,2020-12-25,477,71262,401,66151,76,5111,0,0,478,71383,0.009039,0,0,0.0,478,71383,0.009039,7897587
2,2020-12-26,2531,73793,1664,67815,867,5978,0,0,2534,73917,0.009359,0,0,0.0,2534,73917,0.009359,7897587
2,2020-12-27,2205,75998,1194,69009,1011,6989,0,0,2204,76120,0.009638,1,1,0.0,2204,76121,0.009639,7897587
2,2020-12-28,10621,86619,6918,75927,3703,10692,0,0,10622,86741,0.010983,1,2,0.0,10622,86743,0.010983,7897587
2,2020-12-29,12648,99267,7169,83096,5479,16171,0,0,12653,99394,0.012585,0,2,0.0,12653,99396,0.012586,7897587
2,2020-12-30,15405,114672,8758,91854,6647,22818,0,0,15464,114858,0.014543,0,2,0.0,15464,114860,0.014544,7897587
2,2020-12-31,7426,122098,2811,94665,4615,27433,0,0,7514,122371,0.015495,1,3,0.0,7514,122374,0.015495,7897587
2,2021-01-01,1077,123175,519,95184,558,27991,0,0,1080,123450,0.015631,1,4,1e-06,1080,123454,0.015632,7897587
2,2021-01-02,4848,128023,2801,97985,2047,30038,0,0,4845,128295,0.016245,0,4,1e-06,4845,128299,0.016245,7897587
2,2021-01-03,1413,129436,782,98767,631,30669,0,0,1391,129683,0.016421,3,7,1e-06,1391,129690,0.016421,7897587
2,2021-01-04,11593,141029,5487,104254,6106,36775,0,0,11580,141258,0.017886,5,12,2e-06,11580,141270,0.017888,7897587
2,2021-01-05,13475,154504,6811,111065,6664,43439,0,0,12362,152495,0.019309,1134,1146,0.000145,12371,153641,0.019454,7897587
2,2021-01-06,18518,173022,10262,121327,8256,51695,0,0,14878,163716,0.02073,3663,4809,0.000609,14884,168525,0.021339,7897587
2,2021-01-07,22537,195559,12604,133931,9933,61628,0,0,15330,171779,0.021751,7281,12090,0.001531,15344,183869,0.023282,7897587
2,2021-01-08,25781,221340,15817,149748,9964,71592,0,0,15864,177778,0.02251,9879,21969,0.002782,15878,199747,0.025292,7897587
2,2021-01-09,9358,230698,5385,155133,3973,75565,0,0,6105,180591,0.022867,3296,25265,0.003199,6109,205856,0.026066,7897587
2,2021-01-10,5231,235929,2899,158032,2332,77897,0,0,3031,181400,0.022969,2226,27491,0.003481,3035,208891,0.02645,7897587
2,2021-01-11,25460,261389,17479,175511,7981,85878,0,0,15005,185793,0.023525,10629,38120,0.004827,15022,223913,0.028352,7897587
2,2021-01-12,25337,286726,15842,191353,9495,95373,0,0,16153,192701,0.0244,9281,47401,0.006002,16189,240102,0.030402,7897587
2,2021-01-13,27533,314259,14591,205944,12942,108315,0,0,19823,204770,0.025928,7772,55173,0.006986,19841,259943,0.032914,7897587
2,2021-01-14,28987,343246,11255,217199,17732,126047,0,0,24964,225671,0.028575,4079,59252,0.007503,24980,284923,0.036077,7897587
2,2021-01-15,33938,377184,12527,229726,21411,147458,0,0,30812,253340,0.032078,3172,62424,0.007904,30841,315764,0.039982,7897587
2,2021-01-16,17311,394495,5559,235285,11752,159210,0,0,16079,268098,0.033947,1331,63755,0.008073,16089,331853,0.04202,7897587
2,2021-01-17,9956,404451,3511,238796,6445,165655,0,0,9277,276663,0.035031,718,64473,0.008164,9283,341136,0.043195,7897587
2,2021-01-18,18772,423223,10563,249359,8209,173864,0,0,14261,286358,0.036259,4588,69061,0.008745,14283,355419,0.045003,7897587
2,2021-01-19,31414,454637,16581,265940,14833,188697,0,0,23625,302230,0.038269,7863,76924,0.00974,23735,379154,0.048009,7897587
2,2021-01-20,36218,490855,18029,283969,18189,206886,0,0,27682,321422,0.040699,8576,85500,0.010826,27768,406922,0.051525,7897587
2,2021-01-21,39103,529958,16135,300104,22968,229854,0,0,34625,351689,0.044531,4484,89984,0.011394,34751,441673,0.055925,7897587
2,2021-01-22,38764,568722,16220,316324,22544,252398,0,0,35509,383968,0.048618,3263,93247,0.011807,35542,477215,0.060425,7897587
2,2021-01-23,23829,592551,10773,327097,13056,265454,0,0,20915,402022,0.050904,2891,96138,0.012173,20945,498160,0.063077,7897587
2,2021-01-24,12253,604804,6041,333138,6212,271666,0,0,11356,412500,0.052231,888,97026,0.012286,11366,509526,0.064517,7897587
2,2021-01-25,31946,636750,15447,348585,16499,288165,0,0,23492,427589,0.054142,8462,105488,0.013357,23551,533077,0.067499,7897587
2,2021-01-26,39115,675865,19563,368148,19552,307717,0,0,30405,449333,0.056895,8722,114210,0.014461,30466,563543,0.071356,7897587
2,2021-01-27,44198,720063,22581,390729,21617,329334,0,0,34550,474365,0.060065,9567,123777,0.015673,34599,598142,0.075737,7897587
2,2021-01-28,46903,766966,22001,412730,24902,354236,0,0,38569,504634,0.063897,8352,132129,0.01673,38621,636763,0.080628,7897587
2,2021-01-29,44216,811182,21703,434433,22513,376749,0,0,35876,532189,0.067386,8354,140483,0.017788,35909,672672,0.085174,7897587
2,2021-01-30,30670,841852,13433,447866,17237,393986,0,0,27521,556617,0.070479,3124,143607,0.018184,27552,700224,0.088663,7897587
2,2021-01-31,16780,858632,10426,458292,6354,400340,0,0,15582,571033,0.072305,1188,144795,0.018334,15604,715828,0.090639,7897587
2,2021-02-01,39497,898129,19209,477501,20288,420628,0,0,29184,589872,0.07469,10378,155173,0.019648,29217,745045,0.094338,7897587
2,2021-02-02,47326,945455,19864,497365,27462,448090,0,0,36121,614818,0.077849,11269,166442,0.021075,36215,781260,0.098924,7897587
2,2021-02-03,52829,998284,23748,521113,29081,477171,0,0,39507,640988,0.081163,13413,179855,0.022773,39583,820843,0.103936,7897587
2,2021-02-04,54930,1053214,24000,545113,30930,508101,0,0,40370,666800,0.084431,14646,194501,0.024628,40458,861301,0.109059,7897587
2,2021-02-05,58214,1111428,25709,570822,32505,540606,0,0,39860,688425,0.087169,18418,212919,0.02696,40043,901344,0.114129,7897587
2,2021-02-06,39006,1150434,18092,588914,20914,561520,0,0,31540,712631,0.090234,7412,220331,0.027899,31618,932962,0.118133,7897587
2,2021-02-07,15770,1166204,10539,599453,5231,566751,0,0,11926,720791,0.091267,3829,224160,0.028383,11989,944951,0.119651,7897587
2,2021-02-08,41991,1208195,21441,620894,20550,587301,0,0,29185,737338,0.093362,12825,236985,0.030007,29372,974323,0.12337,7897587
2,2021-02-09,47975,1256170,22803,643697,25172,612473,0,0,30413,750379,0.095014,17683,254668,0.032246,30724,1005047,0.12726,7897587
2,2021-02-10,59020,1315190,27744,671441,31276,643749,0,0,35240,762104,0.096498,23857,278525,0.035267,35582,1040629,0.131765,7897587
2,2021-02-11,60564,1375754,27487,698928,33077,676826,0,0,35209,772442,0.097807,25343,303868,0.038476,35681,1076310,0.136283,7897587
2,2021-02-12,63119,1438873,27584,726512,35535,712361,0,0,34278,778412,0.098563,28949,332817,0.042142,34919,1111229,0.140705,7897587
2,2021-02-13,36677,1475550,15410,741922,21267,733628,0,0,21502,784923,0.099388,15365,348182,0.044087,21876,1133105,0.143475,7897587
2,2021-02-14,19180,1494730,9158,751080,10022,743650,0,0,11313,788571,0.09985,8085,356267,0.045111,11733,1144838,0.14496,7897587
2,2021-02-15,31966,1526696,14462,765542,17504,761154,0,0,18184,793869,0.10052,13723,369990,0.046848,19021,1163859,0.147369,7897587
2,2021-02-16,55229,1581925,27526,793068,27703,788857,0,0,29458,798482,0.101105,25719,395709,0.050105,30332,1194191,0.15121,7897587
2,2021-02-17,59853,1641778,30978,824046,28875,817732,0,0,29713,799077,0.10118,30265,425974,0.053937,30860,1225051,0.155117,7897587
2,2021-02-18,63726,1705504,32530,856576,31196,848928,0,0,31305,799309,0.101209,32574,458548,0.058062,32806,1257857,0.159271,7897587
2,2021-02-19,56728,1762232,31841,888417,24887,873815,0,0,28165,799413,0.101222,28760,487308,0.061703,28864,1286721,0.162926,7897587
2,2021-02-20,36424,1798656,23692,912109,12732,886547,0,0,20037,803886,0.101789,16562,503870,0.063801,21035,1307756,0.165589,7897587
2,2021-02-21,17386,1816042,13929,926038,3457,890004,0,0,8733,805224,0.101958,8793,512663,0.064914,10131,1317887,0.166872,7897587
2,2021-02-22,35353,1851395,24257,950295,11096,901100,0,0,16503,804079,0.101813,18905,531568,0.067308,17760,1335647,0.169121,7897587
2,2021-02-23,48334,1899729,25173,975468,23161,924261,0,0,21410,800862,0.101406,27374,558942,0.070774,24157,1359804,0.17218,7897587
2,2021-02-24,65187,1964916,33189,1008657,31998,956259,0,0,29444,797743,0.101011,35912,594854,0.075321,32793,1392597,0.176332,7897587
2,2021-02-25,70929,2035845,32571,1041228,38358,994617,0,0,35980,802066,0.101558,35297,630151,0.07979,39620,1432217,0.181349,7897587
2,2021-02-26,78835,2114680,33895,1075123,44940,1039557,0,0,42653,810627,0.102642,36364,666515,0.084395,44925,1477142,0.187037,7897587
2,2021-02-27,57024,2171704,26208,1101331,30812,1070369,4,4,31646,817889,0.103562,25881,692396,0.087672,33143,1510285,0.191234,7897587
2,2021-02-28,27664,2199368,17012,1118343,10651,1081020,1,5,16592,824577,0.104409,11513,703909,0.08913,18201,1528486,0.193538,7897587
2,2021-03-01,53516,2252884,27999,1146342,25504,1106524,13,18,29814,832235,0.105378,24046,727955,0.092174,31704,1560190,0.197553,7897587
2,2021-03-02,62691,2315575,28886,1175228,33802,1140326,3,21,35429,843028,0.106745,27712,755667,0.095683,38505,1598695,0.202428,7897587
2,2021-03-03,75627,2391202,35713,1210941,39911,1180237,3,24,42079,854758,0.10823,33525,789192,0.099928,45255,1643950,0.208159,7897587
2,2021-03-04,82204,2473406,39057,1249998,43125,1223362,22,46,47647,870681,0.110246,34555,823747,0.104304,50478,1694428,0.21455,7897587
2,2021-03-05,76719,2550125,36256,1286254,40172,1263534,291,337,46357,889475,0.112626,30297,854044,0.10814,49091,1743519,0.220766,7897587
2,2021-03-06,59317,2609442,28953,1315207,28717,1292251,1647,1984,36107,905697,0.11468,23135,877179,0.111069,39357,1782876,0.225749,7897587
2,2021-03-07,26820,2636262,15494,1330701,10393,1302644,933,2917,17120,915495,0.115921,9678,886857,0.112295,19476,1802352,0.228216,7897587
2,2021-03-08,48384,2684646,21826,1352527,24146,1326790,2412,5329,30585,932305,0.118049,17834,904691,0.114553,34644,1836996,0.232602,7897587
2,2021-03-09,62626,2747272,25387,1377914,33505,1360295,3734,9063,33055,941580,0.119224,29481,934172,0.118286,38756,1875752,0.23751,7897587
2,2021-03-10,73350,2820622,33698,1411612,33463,1393758,6189,15252,38286,952930,0.120661,34958,969130,0.122712,46308,1922060,0.243373,7897587
2,2021-03-11,90151,2910773,40654,1452266,41381,1435139,8116,23368,47355,967694,0.12253,42641,1011771,0.128111,57405,1979465,0.250642,7897587
2,2021-03-12,89487,3000260,36425,1488691,41964,1477103,11098,34466,45486,981834,0.124321,43841,1055612,0.133663,57981,2037446,0.257983,7897587
2,2021-03-13,66516,3066776,27377,1516068,31330,1508433,7809,42275,36660,997765,0.126338,29851,1085463,0.137442,45782,2083228,0.26378,7897587
2,2021-03-14,35432,3102208,17727,1533795,13354,1521787,4351,46626,18846,1005275,0.127289,16474,1101937,0.139528,23984,2107212,0.266817,7897587
2,2021-03-15,64501,3166709,28141,1561936,31574,1553361,4786,51412,36413,1019561,0.129098,28049,1129986,0.14308,42335,2149547,0.272178,7897587
2,2021-03-16,84055,3250764,36361,1598297,43756,1597117,3938,55350,51597,1044193,0.132217,32338,1162324,0.147175,56970,2206517,0.279391,7897587
2,2021-03-17,88098,3338862,41683,1639980,42521,1639638,3894,59244,56970,1075203,0.136143,30965,1193289,0.151095,61975,2268492,0.287239,7897587
2,2021-03-18,94100,3432962,43616,1683596,46205,1685843,4279,63523,58906,1104444,0.139846,34978,1228267,0.155524,64219,2332711,0.29537,7897587
2,2021-03-19,92864,3525826,43668,1727264,43428,1729271,5768,69291,56509,1131245,0.143239,36198,1264465,0.160108,62999,2395710,0.303347,7897587
2,2021-03-20,68346,3594172,32256,1759520,32237,1761508,3853,73144,45898,1159243,0.146784,22303,1286768,0.162932,50301,2446011,0.309716,7897587
2,2021-03-21,32805,3626977,21030,1780550,9704,1771212,2071,75215,20970,1171369,0.14832,11849,1298617,0.164432,23975,2469986,0.312752,7897587
2,2021-03-22,61407,3688384,33324,1813874,25035,1796247,3048,78263,41353,1196893,0.151552,19972,1318589,0.166961,45496,2515482,0.318513,7897587
2,2021-03-23,80779,3769163,42445,1856319,35352,1831599,2982,81245,53438,1227101,0.155377,27166,1345755,0.170401,57374,2572856,0.325777,7897587
2,2021-03-24,87750,3856913,46603,1902922,37805,1869404,3342,84587,53304,1250888,0.158389,34241,1379996,0.174736,58028,2630884,0.333125,7897587
2,2021-03-25,98300,3955213,48580,1951502,46001,1915405,3719,88306,57372,1272124,0.161078,40636,1420632,0.179882,61872,2692756,0.340959,7897587
2,2021-03-26,98194,4053407,48299,1999801,46524,1961929,3371,91677,55403,1289501,0.163278,42505,1463137,0.185264,59882,2752638,0.348542,7897587
2,2021-03-27,72438,4125845,35390,2035191,33852,1995781,3196,94873,37793,1296895,0.164214,34472,1497609,0.189629,41866,2794504,0.353843,7897587
2,2021-03-28,36563,4162408,22193,2057384,13592,2009373,778,95651,20664,1303248,0.165019,15828,1513437,0.191633,22181,2816685,0.356651,7897587
2,2021-03-29,69352,4231760,35219,2092603,31867,2041240,2266,97917,40767,1318723,0.166978,28456,1541893,0.195236,43931,2860616,0.362214,7897587
2,2021-03-30,88389,4320149,42579,2135182,41825,2083065,3985,101902,54494,1344062,0.170186,33756,1575649,0.19951,59095,2919711,0.369697,7897587
2,2021-03-31,97311,4417460,49278,2184460,43219,2126284,4814,106716,58200,1368545,0.173286,38925,1614574,0.204439,63408,2983119,0.377725,7897587
2,2021-04-01,112633,4530093,53403,2237863,50697,2176981,8533,115249,62411,1389980,0.176001,50005,1664579,0.210771,71440,3054559,0.386771,7897587
2,2021-04-02,106294,4636387,49433,2287296,47427,2224408,9434,124683,58464,1410768,0.178633,47609,1712188,0.216799,68397,3122956,0.395432,7897587
2,2021-04-03,73302,4709689,34822,2322118,29030,2253438,9450,134133,36768,1421108,0.179942,36413,1748601,0.22141,46753,3169709,0.401352,7897587
2,2021-04-04,28550,4738239,14185,2336303,10653,2264091,3712,137845,13120,1422639,0.180136,15383,1763984,0.223357,16914,3186623,0.403493,7897587
2,2021-04-05,76736,4814975,37461,2373764,30837,2294928,8438,146283,37839,1431049,0.181201,38800,1802784,0.22827,47210,3233833,0.409471,7897587
2,2021-04-06,100194,4915169,48543,2422307,37476,2332404,14175,160458,48475,1442889,0.1827,51534,1854318,0.234796,63374,3297207,0.417495,7897587
2,2021-04-07,106206,5021375,52833,2475140,37961,2370365,15412,175870,51180,1455489,0.184295,54890,1909208,0.241746,67490,3364697,0.426041,7897587
2,2021-04-08,115176,5136551,55264,2530404,42152,2412517,17760,193630,53912,1466775,0.185724,61072,1970280,0.249479,72358,3437055,0.435203,7897587
2,2021-04-09,108797,5245348,51536,2581940,41155,2453672,16106,209736,51971,1479405,0.187324,56614,2026894,0.256647,69244,3506299,0.443971,7897587
2,2021-04-10,82103,5327451,35832,2617772,29711,2483383,16560,226296,34467,1483762,0.187875,47493,2074387,0.262661,51850,3558149,0.450536,7897587
2,2021-04-11,42822,5370273,22415,2640187,12441,2495824,7966,234262,17953,1485930,0.18815,24791,2099178,0.2658,26959,3585108,0.45395,7897587
2,2021-04-12,77510,5447783,35940,2676127,32896,2528720,8674,242936,35071,1488455,0.18847,42241,2141419,0.271149,44766,3629874,0.459618,7897587
2,2021-04-13,97744,5545527,50394,2726521,47124,2575844,226,243162,53487,1499269,0.189839,44068,2185487,0.276728,54882,3684756,0.466567,7897587
2,2021-04-14,98701,5644228,50434,2776955,48225,2624069,42,243204,50460,1503708,0.190401,48059,2233546,0.282814,52498,3737254,0.473215,7897587
2,2021-04-15,105069,5749297,54662,2831617,50346,2674415,61,243265,54597,1509850,0.191179,50225,2283771,0.289173,56367,3793621,0.480352,7897587
2,2021-04-16,103137,5852434,53418,2885035,49673,2724088,46,243311,53669,1515369,0.191877,49216,2332987,0.295405,54735,3848356,0.487283,7897587
2,2021-04-17,77289,5929723,39325,2924360,37962,2762050,2,243313,43023,1525408,0.193149,34121,2367108,0.299725,44160,3892516,0.492874,7897587
2,2021-04-18,33163,5962886,19320,2943680,13841,2775891,2,243315,16330,1526196,0.193248,16761,2383869,0.301848,17549,3910065,0.495096,7897587
2,2021-04-19,70795,6033681,38134,2981814,32655,2808546,6,243321,32428,1521272,0.192625,38220,2422089,0.306687,33296,3943361,0.499312,7897587
2,2021-04-20,89164,6122845,44051,3025865,45100,2853646,13,243334,43658,1521387,0.192639,45304,2467393,0.312424,45419,3988780,0.505063,7897587
2,2021-04-21,84277,6207122,45712,3071577,38515,2892161,50,243384,39628,1518504,0.192274,44436,2511829,0.31805,41553,4030333,0.510325,7897587
2,2021-04-22,53487,6260609,28849,3100426,24628,2916789,10,243394,24591,1516107,0.191971,28765,2540594,0.321692,26368,4056701,0.513663,7897587
3,2020-12-15,300,300,300,300,0,0,0,0,300,300,3.9e-05,0,0,0.0,300,300,3.9e-05,7688185
3,2020-12-16,2103,2403,2103,2403,0,0,0,0,2103,2403,0.000313,0,0,0.0,2103,2403,0.000313,7688185
3,2020-12-17,7476,9879,7476,9879,0,0,0,0,7476,9879,0.001285,0,0,0.0,7476,9879,0.001285,7688185
3,2020-12-18,12649,22528,12639,22518,10,10,0,0,12649,22528,0.00293,0,0,0.0,12649,22528,0.00293,7688185
3,2020-12-19,6937,29465,6926,29444,11,21,0,0,7001,29529,0.003841,0,0,0.0,7001,29529,0.003841,7688185
3,2020-12-20,5435,34900,5428,34872,7,28,0,0,5481,35009,0.004554,1,1,0.0,5481,35010,0.004554,7688185
3,2020-12-21,14015,48915,14004,48876,11,39,0,0,14080,49088,0.006385,1,2,0.0,14080,49090,0.006385,7688185
3,2020-12-22,14219,63134,13688,62564,531,570,0,0,14258,63346,0.008239,0,2,0.0,14258,63348,0.00824,7688185
3,2020-12-23,14355,77489,11796,74360,2559,3129,0,0,14383,77729,0.01011,0,2,0.0,14383,77731,0.01011,7688185
3,2020-12-24,6715,84204,4817,79177,1898,5027,0,0,6713,84441,0.010983,1,3,0.0,6713,84444,0.010984,7688185
3,2020-12-25,717,84921,663,79840,54,5081,0,0,716,85157,0.011076,0,3,0.0,716,85160,0.011077,7688185
3,2020-12-26,4575,89496,2983,82823,1592,6673,0,0,4573,89730,0.011671,0,3,0.0,4573,89733,0.011672,7688185
3,2020-12-27,2947,92443,1830,84653,1117,7790,0,0,2948,92678,0.012055,0,3,0.0,2948,92681,0.012055,7688185
3,2020-12-28,13255,105698,8478,93131,4777,12567,0,0,13282,105959,0.013782,1,4,1e-06,13282,105963,0.013783,7688185
3,2020-12-29,14701,120399,8294,101425,6407,18974,0,0,14731,120688,0.015698,2,6,1e-06,14731,120694,0.015699,7688185
3,2020-12-30,17708,138107,9912,111337,7796,26770,0,0,17699,138387,0.018,0,6,1e-06,17699,138393,0.018001,7688185
3,2020-12-31,8022,146129,3019,114356,5003,31773,0,0,8021,146407,0.019043,1,7,1e-06,8021,146414,0.019044,7688185
3,2021-01-01,1122,147251,504,114860,618,32391,0,0,1119,147526,0.019189,0,7,1e-06,1119,147533,0.01919,7688185
3,2021-01-02,4900,152151,2407,117267,2493,34884,0,0,4901,152427,0.019826,0,7,1e-06,4901,152434,0.019827,7688185
3,2021-01-03,1549,153700,837,118104,712,35596,0,0,1556,153979,0.020028,4,11,1e-06,1556,153990,0.020029,7688185
3,2021-01-04,11750,165450,5913,124017,5837,41433,0,0,11725,165698,0.021552,6,17,2e-06,11725,165715,0.021555,7688185
3,2021-01-05,15272,180722,7872,131889,7400,48833,0,0,13760,177966,0.023148,1497,1514,0.000197,13765,179480,0.023345,7688185
3,2021-01-06,19630,200352,10239,142128,9391,58224,0,0,15505,189390,0.024634,4086,5600,0.000728,15510,194990,0.025362,7688185
3,2021-01-07,25472,225824,14527,156655,10945,69169,0,0,16581,197118,0.025639,8866,14466,0.001882,16594,211584,0.027521,7688185
3,2021-01-08,29584,255408,18132,174787,11452,80621,0,0,17631,202834,0.026383,11935,26401,0.003434,17651,229235,0.029817,7688185
3,2021-01-09,11903,267311,6690,181477,5213,85834,0,0,7671,206284,0.026831,4226,30627,0.003984,7676,236911,0.030815,7688185
3,2021-01-10,7124,274435,4449,185926,2675,88509,0,0,3995,207156,0.026945,3127,33754,0.00439,3999,240910,0.031335,7688185
3,2021-01-11,28132,302567,18358,204284,9774,98283,0,0,15966,210975,0.027441,12160,45914,0.005972,15979,256889,0.033413,7688185
3,2021-01-12,31316,333883,18661,222945,12655,110938,0,0,19220,218180,0.028379,12080,57994,0.007543,19285,276174,0.035922,7688185
3,2021-01-13,33835,367718,17746,240691,16089,127027,0,0,23974,232230,0.030206,9940,67934,0.008836,23990,300164,0.039042,7688185
3,2021-01-14,33775,401493,13943,254634,19832,146859,0,0,28030,254551,0.033109,5736,73670,0.009582,28057,328221,0.042692,7688185
3,2021-01-15,37964,439457,14217,268851,23747,170606,0,0,33448,283544,0.03688,4508,78178,0.010169,33501,361722,0.047049,7688185
3,2021-01-16,21370,460827,7584,276435,13786,184392,0,0,19071,300352,0.039067,2285,80463,0.010466,19093,380815,0.049532,7688185
3,2021-01-17,12603,473430,4456,280891,8147,192539,0,0,11589,310944,0.040444,1014,81477,0.010598,11606,392421,0.051042,7688185
3,2021-01-18,24364,497794,12660,293551,11704,204243,0,0,18943,324481,0.042205,5441,86918,0.011305,18978,411399,0.053511,7688185
3,2021-01-19,39835,537629,20538,314089,19297,223540,0,0,30978,346702,0.045095,8833,95751,0.012454,31054,442453,0.05755,7688185
3,2021-01-20,43869,581498,21591,335680,22278,245818,0,0,34781,372497,0.048451,9054,104805,0.013632,34849,477302,0.062083,7688185
3,2021-01-21,46035,627533,19742,355422,26293,272111,0,0,40837,408257,0.053102,5132,109937,0.014299,40892,518194,0.067401,7688185
3,2021-01-22,48254,675787,19224,374646,29030,301141,0,0,44213,448478,0.058333,4056,113993,0.014827,44277,562471,0.07316,7688185
3,2021-01-23,29587,705374,12624,387270,16963,318104,0,0,26324,471590,0.06134,3252,117245,0.01525,26364,588835,0.07659,7688185
3,2021-01-24,17287,722661,8430,395700,8857,326961,0,0,16148,486626,0.063295,1135,118380,0.015398,16171,605006,0.078693,7688185
3,2021-01-25,39526,762187,17613,413313,21913,348874,0,0,29887,506961,0.06594,9626,128006,0.01665,29961,634967,0.08259,7688185
3,2021-01-26,45764,807951,21892,435205,23872,372746,0,0,35996,533294,0.069365,9764,137770,0.01792,36097,671064,0.087285,7688185
3,2021-01-27,49545,857496,24083,459288,25462,398208,0,0,39271,562441,0.073157,10191,147961,0.019245,39338,710402,0.092402,7688185
3,2021-01-28,50205,907701,23445,482733,26760,424968,0,0,41654,595665,0.077478,8471,156432,0.020347,41695,752097,0.097825,7688185
3,2021-01-29,49257,956958,23786,506519,25471,450439,0,0,40014,626621,0.081504,9105,165537,0.021531,40061,792158,0.103036,7688185
3,2021-01-30,35702,992660,17134,523653,18568,469007,0,0,31450,653707,0.085027,4437,169974,0.022108,31523,823681,0.107136,7688185
3,2021-01-31,21735,1014395,12769,536422,8966,477973,0,0,20284,672563,0.08748,1442,171416,0.022296,20298,843979,0.109776,7688185
3,2021-02-01,44137,1058532,19954,556376,24183,502156,0,0,34190,696878,0.090643,9911,181327,0.023585,34226,878205,0.114228,7688185
3,2021-02-02,52885,1111417,22339,578715,30546,532702,0,0,40498,725046,0.094307,12378,193705,0.025195,40546,918751,0.119502,7688185
3,2021-02-03,58803,1170220,26310,605025,32493,565195,0,0,43902,754225,0.098102,14784,208489,0.027118,43963,962714,0.12522,7688185
3,2021-02-04,62777,1232997,27473,632498,35304,600499,0,0,46234,784018,0.101977,16539,225028,0.029269,46332,1009046,0.131246,7688185
3,2021-02-05,68764,1301761,29363,661861,39401,639900,0,0,47819,811089,0.105498,20913,245941,0.031989,47984,1057030,0.137488,7688185
3,2021-02-06,43072,1344833,20952,682813,22120,662020,0,0,33409,835046,0.108614,9637,255578,0.033243,33594,1090624,0.141857,7688185
3,2021-02-07,19269,1364102,12167,694980,7102,669122,0,0,14821,845553,0.109981,4439,260017,0.03382,14946,1105570,0.143801,7688185
3,2021-02-08,49989,1414091,23969,718949,26020,695142,0,0,32988,861627,0.112072,17098,277115,0.036044,33172,1138742,0.148116,7688185
3,2021-02-09,56952,1471043,27804,746753,29148,724290,0,0,33426,871881,0.113405,23512,300627,0.039102,33766,1172508,0.152508,7688185
3,2021-02-10,65662,1536705,30870,777623,34792,759082,0,0,35526,877877,0.114185,30046,330673,0.043011,36042,1208550,0.157196,7688185
3,2021-02-11,68146,1604851,33551,811174,34595,793677,0,0,36816,884070,0.114991,31149,361822,0.047062,37342,1245892,0.162053,7688185
3,2021-02-12,73141,1677992,31649,842823,41492,835169,0,0,40785,893288,0.11619,32316,394138,0.051265,41534,1287426,0.167455,7688185
3,2021-02-13,43644,1721636,20038,862861,23606,858775,0,0,25349,901056,0.1172,18160,412298,0.053627,25928,1313354,0.170828,7688185
3,2021-02-14,26484,1748120,13420,876281,13064,871839,0,0,15046,905165,0.117735,11397,423695,0.05511,15506,1328860,0.172844,7688185
3,2021-02-15,39170,1787290,16879,893160,22291,894130,0,0,21822,910651,0.118448,17287,440982,0.057358,22773,1351633,0.175807,7688185
3,2021-02-16,67714,1855004,32335,925495,35379,929509,0,0,35580,915146,0.119033,32130,473112,0.061538,36625,1388258,0.18057,7688185
3,2021-02-17,69211,1924215,35240,960735,33971,963480,0,0,33103,913374,0.118802,35973,509085,0.066217,34201,1422459,0.185019,7688185
3,2021-02-18,73805,1998020,38772,999507,35033,998513,0,0,34470,909924,0.118354,39288,548373,0.071327,35838,1458297,0.18968,7688185
3,2021-02-19,65755,2063775,38022,1037529,27733,1026246,0,0,33666,912111,0.118638,32171,580544,0.075511,34358,1492655,0.194149,7688185
3,2021-02-20,40432,2104207,25673,1063202,14759,1041005,0,0,21623,915493,0.119078,18733,599277,0.077948,22115,1514770,0.197026,7688185
3,2021-02-21,18978,2123185,15567,1078769,3411,1044416,0,0,8941,914884,0.118999,9980,609257,0.079246,9371,1524141,0.198245,7688185
3,2021-02-22,43400,2166585,28160,1106929,15240,1059656,0,0,20271,912619,0.118704,23087,632344,0.082249,20822,1544963,0.200953,7688185
3,2021-02-23,57703,2224288,31426,1138355,26277,1085933,0,0,25254,907508,0.118039,32398,664742,0.086463,27287,1572250,0.204502,7688185
3,2021-02-24,73522,2297810,35710,1174065,37812,1123745,0,0,32347,901319,0.117234,41093,705835,0.091808,34904,1607154,0.209042,7688185
3,2021-02-25,81780,2379590,39380,1213445,42400,1166145,0,0,40794,903923,0.117573,40815,746650,0.097117,43419,1650573,0.21469,7688185
3,2021-02-26,93247,2472837,42396,1255841,50851,1216996,0,0,49460,912060,0.118631,43510,790160,0.102776,51647,1702220,0.221407,7688185
3,2021-02-27,65012,2537849,29498,1285339,35511,1252507,3,3,34660,917808,0.119379,30220,820380,0.106707,35968,1738188,0.226086,7688185
3,2021-02-28,36590,2574439,21494,1306833,15096,1267603,0,3,18976,920281,0.119701,17500,837880,0.108983,19973,1758161,0.228683,7688185
3,2021-03-01,63888,2638327,33845,1340678,30037,1297640,6,9,35815,929566,0.120908,27948,865828,0.112618,37233,1795394,0.233526,7688185
3,2021-03-02,72674,2711001,34828,1375506,37845,1335485,1,10,42075,943283,0.122693,30480,896308,0.116583,44197,1839591,0.239275,7688185
3,2021-03-03,84880,2795881,39976,1415482,44893,1380378,11,21,47014,954922,0.124206,37716,934024,0.121488,49355,1888946,0.245695,7688185
3,2021-03-04,88472,2884353,43390,1458872,45066,1425444,16,37,50312,969568,0.126111,38006,972030,0.126432,52652,1941598,0.252543,7688185
3,2021-03-05,85684,2970037,41775,1500647,43626,1469070,283,320,52282,991194,0.128924,33221,1005251,0.130753,54847,1996445,0.259677,7688185
3,2021-03-06,62572,3032609,31290,1531937,29162,1498232,2120,2440,35786,1003979,0.130587,26679,1031930,0.134223,39464,2035909,0.26481,7688185
3,2021-03-07,36284,3068893,21335,1553272,13854,1512086,1095,3535,20870,1012152,0.13165,15372,1047302,0.136222,23545,2059454,0.267873,7688185
3,2021-03-08,56935,3125828,26883,1580155,27244,1539330,2808,6343,35898,1031511,0.134168,20941,1068243,0.138946,40300,2099754,0.273114,7688185
3,2021-03-09,68639,3194467,29124,1609279,35202,1574532,4313,10656,35603,1040227,0.135302,32964,1101207,0.143234,41680,2141434,0.278536,7688185
3,2021-03-10,78302,3272769,38671,1647950,33760,1608292,5871,16527,40582,1051037,0.136708,37580,1138787,0.148122,48390,2189824,0.28483,7688185
3,2021-03-11,92921,3365690,45407,1693357,39205,1647497,8309,24836,45528,1059194,0.137769,47201,1185988,0.154261,55358,2245182,0.29203,7688185
3,2021-03-12,98229,3463919,43488,1736845,43111,1690608,11630,36466,44780,1063476,0.138326,53287,1239275,0.161192,57569,2302751,0.299518,7688185
3,2021-03-13,67739,3531658,28390,1765235,32235,1722843,7114,43580,35681,1075690,0.139915,31977,1271252,0.165351,44191,2346942,0.305266,7688185
3,2021-03-14,39787,3571445,20922,1786157,15436,1738279,3429,47009,21693,1083497,0.14093,18041,1289293,0.167698,25848,2372790,0.308628,7688185
3,2021-03-15,73074,3644519,34217,1820374,34484,1772763,4373,51382,39101,1094146,0.142315,33833,1323126,0.172099,44482,2417272,0.314414,7688185
3,2021-03-16,91356,3735875,41818,1862192,45429,1818192,4109,55491,52260,1112638,0.144721,38943,1362069,0.177164,57435,2474707,0.321884,7688185
3,2021-03-17,93964,3829839,45121,1907313,44506,1862698,4337,59828,58034,1139972,0.148276,35784,1397853,0.181818,63118,2537825,0.330094,7688185
3,2021-03-18,98164,3928003,49181,1956494,44787,1907485,4196,64024,57903,1162834,0.151249,40073,1437926,0.187031,62935,2600760,0.33828,7688185
3,2021-03-19,98188,4026191,51940,2008434,42058,1949543,4190,68214,56081,1181850,0.153723,41949,1479875,0.192487,60965,2661725,0.34621,7688185
3,2021-03-20,69490,4095681,35671,2044105,30337,1979880,3482,71696,44068,1204729,0.156699,25292,1505167,0.195777,48171,2709896,0.352475,7688185
3,2021-03-21,34767,4130448,23683,2067788,9674,1989554,1410,73106,22772,1217802,0.158399,11940,1517107,0.19733,25013,2734909,0.355729,7688185
3,2021-03-22,67784,4198232,39604,2107392,25943,2015497,2237,75343,44684,1242901,0.161664,22956,1540063,0.200316,48055,2782964,0.361979,7688185
3,2021-03-23,86430,4284662,47552,2154944,36536,2052033,2342,77685,56388,1272512,0.165515,29882,1569945,0.204202,59493,2842457,0.369718,7688185
3,2021-03-24,95463,4380125,55150,2210094,37807,2089840,2506,80191,56462,1293609,0.168259,38751,1608696,0.209243,59848,2902305,0.377502,7688185
3,2021-03-25,103038,4483163,57208,2267302,43023,2132863,2807,82998,59724,1313712,0.170874,43095,1651791,0.214848,63198,2965503,0.385722,7688185
3,2021-03-26,106392,4589555,57371,2324673,45859,2178722,3162,86160,56967,1325518,0.17241,49210,1701001,0.221249,61016,3026519,0.393658,7688185
3,2021-03-27,71953,4661508,36279,2360952,33154,2211876,2520,88680,36230,1329370,0.172911,35583,1736584,0.225877,39435,3065954,0.398788,7688185
3,2021-03-28,42696,4704204,26793,2387745,15107,2226983,796,89476,22860,1333762,0.173482,19764,1756348,0.228448,24156,3090110,0.40193,7688185
3,2021-03-29,78580,4782784,40967,2428712,35913,2262896,1700,91176,44885,1347627,0.175285,33524,1789872,0.232808,47389,3137499,0.408094,7688185
3,2021-03-30,97186,4879970,47829,2476541,45971,2308867,3386,94562,59475,1373572,0.17866,37528,1827400,0.237689,63473,3200972,0.41635,7688185
3,2021-03-31,101964,4981934,54931,2531472,42342,2351209,4691,99253,57069,1390921,0.180917,44759,1872159,0.243511,62108,3263080,0.424428,7688185
3,2021-04-01,118197,5100131,59818,2591290,49114,2400323,9265,108518,65216,1412990,0.183787,52802,1924961,0.250379,74871,3337951,0.434166,7688185
3,2021-04-02,113087,5213218,55336,2646626,48077,2448400,9674,118192,60913,1432119,0.186275,51975,1976936,0.257139,71104,3409055,0.443415,7688185
3,2021-04-03,73431,5286649,37247,2683873,27341,2475741,8843,127035,36860,1441789,0.187533,36445,2013381,0.26188,46115,3455170,0.449413,7688185
3,2021-04-04,31251,5317900,16769,2700642,10600,2486341,3882,130917,13867,1442280,0.187597,17324,2030705,0.264133,17815,3472985,0.45173,7688185
3,2021-04-05,86305,5404205,43967,2744609,33597,2519938,8741,139658,43134,1452015,0.188863,43036,2073741,0.269731,52771,3525756,0.458594,7688185
3,2021-04-06,109715,5513920,53429,2798038,41497,2561435,14789,154447,52637,1463403,0.190344,56880,2130621,0.277129,68268,3594024,0.467474,7688185
3,2021-04-07,112176,5626096,58357,2856395,38359,2599794,15460,169907,55355,1478144,0.192262,56629,2187250,0.284495,71370,3665394,0.476757,7688185
3,2021-04-08,116365,5742461,58561,2914956,38694,2638488,19110,189017,55106,1492194,0.194089,61040,2248290,0.292434,75090,3740484,0.486524,7688185
3,2021-04-09,108748,5851209,53938,2968894,37602,2676090,17208,206225,48862,1499617,0.195055,59710,2308000,0.300201,67133,3807617,0.495256,7688185
3,2021-04-10,80329,5931538,36494,3005388,29458,2705548,14377,220602,33166,1501089,0.195246,47032,2355032,0.306318,48504,3856121,0.501565,7688185
3,2021-04-11,43157,5974695,23406,3028794,12332,2717880,7419,228021,16549,1499507,0.19504,26541,2381573,0.309771,24959,3881080,0.504811,7688185
3,2021-04-12,81068,6055763,41222,3070016,31748,2749628,8098,236119,37456,1502700,0.195456,43449,2425022,0.315422,46642,3927722,0.510878,7688185
3,2021-04-13,101225,6156988,54818,3124834,46217,2795845,190,236309,53611,1510165,0.196427,47445,2472467,0.321593,54910,3982632,0.51802,7688185
3,2021-04-14,99626,6256614,53933,3178767,45609,2841454,84,236393,50283,1513281,0.196832,49123,2521590,0.327982,52239,4034871,0.524815,7688185
3,2021-04-15,110481,6367095,61774,3240541,48655,2890109,52,236445,59635,1523595,0.198174,50627,2572217,0.334568,60941,4095812,0.532741,7688185
3,2021-04-16,109394,6476489,61309,3301850,47997,2938106,88,236533,57091,1529498,0.198941,52067,2624284,0.34134,57970,4153782,0.540281,7688185
3,2021-04-17,73735,6550224,40900,3342750,32826,2970932,9,236542,41059,1539179,0.200201,32554,2656838,0.345574,42235,4196017,0.545775,7688185
3,2021-04-18,35720,6585944,21090,3363840,14627,2985559,3,236545,16902,1538334,0.200091,18755,2675593,0.348014,17910,4213927,0.548104,7688185
3,2021-04-19,75253,6661197,42018,3405858,33188,3018747,47,236592,34105,1532223,0.199296,41016,2716609,0.353349,34905,4248832,0.552644,7688185
3,2021-04-20,92139,6753336,47191,3453049,44940,3063687,8,236600,44689,1531357,0.199183,47306,2763915,0.359502,46440,4295272,0.558685,7688185
3,2021-04-21,83827,6837163,46684,3499733,37086,3100773,57,236657,38030,1525388,0.198407,45601,2809516,0.365433,39632,4334904,0.56384,7688185
3,2021-04-22,49006,6886169,29245,3528978,19753,3120526,8,236665,21940,1521496,0.197901,26960,2836476,0.36894,23068,4357972,0.56684,7688185
4,2020-12-15,444,444,444,444,0,0,0,0,444,444,5.9e-05,0,0,0.0,444,444,5.9e-05,7584050
4,2020-12-16,2918,3362,2918,3362,0,0,0,0,2918,3362,0.000443,0,0,0.0,2918,3362,0.000443,7584050
4,2020-12-17,8432,11794,8432,11794,0,0,0,0,8432,11794,0.001555,0,0,0.0,8432,11794,0.001555,7584050
4,2020-12-18,15255,27049,15246,27040,9,9,0,0,15255,27049,0.003567,0,0,0.0,15255,27049,0.003567,7584050
4,2020-12-19,10168,37217,10161,37201,7,16,0,0,10103,37152,0.004899,0,0,0.0,10103,37152,0.004899,7584050
4,2020-12-20,7333,44550,7321,44522,12,28,0,0,7288,44440,0.00586,0,0,0.0,7288,44440,0.00586,7584050
4,2020-12-21,16151,60701,16130,60652,21,49,0,0,16084,60524,0.00798,0,0,0.0,16084,60524,0.00798,7584050
4,2020-12-22,16939,77640,16230,76882,709,758,0,0,16896,77420,0.010208,0,0,0.0,16896,77420,0.010208,7584050
4,2020-12-23,16745,94385,14080,90962,2665,3423,0,0,16716,94136,0.012412,0,0,0.0,16716,94136,0.012412,7584050
4,2020-12-24,8498,102883,5927,96889,2571,5994,0,0,8498,102634,0.013533,0,0,0.0,8498,102634,0.013533,7584050
4,2020-12-25,898,103781,793,97682,105,6099,0,0,898,103532,0.013651,0,0,0.0,898,103532,0.013651,7584050
4,2020-12-26,6152,109933,3858,101540,2294,8393,0,0,6152,109684,0.014462,0,0,0.0,6152,109684,0.014462,7584050
4,2020-12-27,3414,113347,1994,103534,1420,9813,0,0,3414,113098,0.014913,0,0,0.0,3414,113098,0.014913,7584050
4,2020-12-28,14851,128198,9190,112724,5661,15474,0,0,14822,127919,0.016867,1,1,0.0,14822,127920,0.016867,7584050
4,2020-12-29,15147,143345,8388,121112,6759,22233,0,0,15113,143032,0.01886,0,1,0.0,15113,143033,0.01886,7584050
4,2020-12-30,18761,162106,11022,132134,7739,29972,0,0,18750,161780,0.021332,2,3,0.0,18750,161783,0.021332,7584050
4,2020-12-31,8127,170233,3297,135431,4830,34802,0,0,8122,169900,0.022402,2,5,1e-06,8122,169905,0.022403,7584050
4,2021-01-01,1146,171379,475,135906,671,35473,0,0,1145,171044,0.022553,1,6,1e-06,1145,171050,0.022554,7584050
4,2021-01-02,5621,177000,3178,139084,2443,37916,0,0,5620,176663,0.023294,1,7,1e-06,5620,176670,0.023295,7584050
4,2021-01-03,2105,179105,1249,140333,856,38772,0,0,2091,178750,0.023569,4,11,1e-06,2091,178761,0.023571,7584050
4,2021-01-04,12877,191982,7024,147357,5853,44625,0,0,12829,191548,0.025257,31,42,6e-06,12829,191590,0.025262,7584050
4,2021-01-05,16570,208552,9793,157150,6777,51402,0,0,14583,204175,0.026922,1965,2007,0.000265,14592,206182,0.027186,7584050
4,2021-01-06,21314,229866,13080,170230,8234,59636,0,0,15522,213969,0.028213,5739,7746,0.001021,15533,221715,0.029234,7584050
4,2021-01-07,27527,257393,16764,186994,10763,70399,0,0,16960,220327,0.029051,10613,18359,0.002421,16971,238686,0.031472,7584050
4,2021-01-08,32401,289794,20794,207788,11607,82006,0,0,18374,224753,0.029635,13963,32322,0.004262,18389,257075,0.033897,7584050
4,2021-01-09,15950,305744,9411,217199,6539,88545,0,0,9356,227546,0.030003,6574,38896,0.005129,9367,266442,0.035132,7584050
4,2021-01-10,8672,314416,5606,222805,3066,91611,0,0,4083,227067,0.02994,4568,43464,0.005731,4089,270531,0.035671,7584050
4,2021-01-11,33010,347426,21587,244392,11423,103034,0,0,18650,231417,0.030514,14321,57785,0.007619,18671,289202,0.038133,7584050
4,2021-01-12,37730,385156,21575,265967,16155,119189,0,0,23866,241455,0.031837,13865,71650,0.009447,23903,313105,0.041285,7584050
4,2021-01-13,38164,423320,18767,284734,19397,138586,0,0,27078,257522,0.033956,11033,82683,0.010902,27100,340205,0.044858,7584050
4,2021-01-14,38628,461948,14741,299475,23887,162473,0,0,31620,282205,0.03721,6965,89648,0.011821,31648,371853,0.049031,7584050
4,2021-01-15,44771,506719,15507,314982,29264,191737,0,0,39299,316104,0.04168,5419,95067,0.012535,39318,411171,0.054215,7584050
4,2021-01-16,28422,535141,9313,324295,19109,210846,0,0,25324,338380,0.044617,3062,98129,0.012939,25338,436509,0.057556,7584050
4,2021-01-17,18859,554000,6630,330925,12229,223075,0,0,17354,354268,0.046712,1480,99609,0.013134,17368,453877,0.059846,7584050
4,2021-01-18,29044,583044,13339,344264,15705,238780,0,0,23110,371571,0.048994,5838,105447,0.013904,23141,477018,0.062898,7584050
4,2021-01-19,45613,628657,23117,367381,22496,261276,0,0,36381,398844,0.05259,9176,114623,0.015114,36449,513467,0.067704,7584050
4,2021-01-20,50907,679564,26915,394296,23992,285268,0,0,40620,429318,0.056608,10195,124818,0.016458,40669,554136,0.073066,7584050
4,2021-01-21,55661,735225,24563,418859,31098,316366,0,0,49404,472563,0.06231,6195,131013,0.017275,49440,603576,0.079585,7584050
4,2021-01-22,54351,789576,21844,440703,32507,348873,0,0,49317,516975,0.068166,4935,135948,0.017926,49347,652923,0.086092,7584050
4,2021-01-23,39238,828814,17366,458069,21872,370745,0,0,34976,547725,0.072221,4253,140201,0.018486,35003,687926,0.090707,7584050
4,2021-01-24,23764,852578,10450,468519,13314,384059,0,0,21907,567797,0.074867,1850,142051,0.01873,21922,709848,0.093597,7584050
4,2021-01-25,47152,899730,21775,490294,25377,409436,0,0,36251,593225,0.07822,10877,152928,0.020164,36305,746153,0.098385,7584050
4,2021-01-26,55778,955508,28508,518802,27270,436706,0,0,43817,625190,0.082435,11906,164834,0.021734,43871,790024,0.104169,7584050
4,2021-01-27,54671,1010179,26490,545292,28181,464887,0,0,43847,658392,0.086813,10691,175525,0.023144,43893,833917,0.109957,7584050
4,2021-01-28,55822,1066001,25344,570636,30478,495365,0,0,45987,694674,0.091597,9746,185271,0.024429,46028,879945,0.116026,7584050
4,2021-01-29,55640,1121641,26756,597392,28884,524249,0,0,45453,730111,0.096269,10046,195317,0.025754,45483,925428,0.122023,7584050
4,2021-01-30,37254,1158895,16971,614363,20283,544532,0,0,32048,757025,0.099818,5157,200474,0.026434,32071,957499,0.126252,7584050
4,2021-01-31,23703,1182598,12454,626817,11249,555781,0,0,22121,777589,0.10253,1568,202042,0.02664,22132,979631,0.12917,7584050
4,2021-02-01,47837,1230435,22610,649427,25227,581008,0,0,37647,805109,0.106158,10166,212208,0.027981,37686,1017317,0.134139,7584050
4,2021-02-02,55537,1285972,26343,675770,29194,610202,0,0,41912,833566,0.10991,13496,225704,0.02976,41953,1059270,0.139671,7584050
4,2021-02-03,61389,1347361,30197,705967,31192,641394,0,0,47329,866999,0.114319,13951,239655,0.0316,47384,1106654,0.145919,7584050
4,2021-02-04,66726,1414087,31173,737140,35553,676947,0,0,50222,900973,0.118798,16349,256004,0.033756,50323,1156977,0.152554,7584050
4,2021-02-05,72064,1486151,33441,770581,38623,715570,0,0,50372,930021,0.122629,21452,277456,0.036584,50500,1207477,0.159213,7584050
4,2021-02-06,47881,1534032,25920,796501,21961,737531,0,0,36506,955381,0.125972,11347,288803,0.03808,36707,1244184,0.164053,7584050
4,2021-02-07,26189,1560221,17270,813771,8919,746450,0,0,19857,969174,0.127791,6297,295100,0.038911,20090,1264274,0.166702,7584050
4,2021-02-08,57612,1617833,29582,843353,28030,774480,0,0,37461,986867,0.130124,20025,315125,0.041551,37718,1301992,0.171675,7584050
4,2021-02-09,66324,1684157,33843,877196,32481,806961,0,0,38914,998824,0.131701,27353,342478,0.045158,39310,1341302,0.176858,7584050
4,2021-02-10,76384,1760541,38258,915454,38126,845087,0,0,40809,1004810,0.13249,35352,377830,0.049819,41338,1382640,0.182309,7584050
4,2021-02-11,79945,1840486,41689,957143,38256,883343,0,0,41482,1008689,0.133001,38258,416088,0.054864,42137,1424777,0.187865,7584050
4,2021-02-12,83169,1923655,37262,994405,45907,929250,0,0,43023,1012494,0.133503,39996,456084,0.060137,43801,1468578,0.19364,7584050
4,2021-02-13,58009,1981664,29437,1023842,28572,957822,0,0,29709,1014853,0.133814,28235,484319,0.06386,30594,1499172,0.197674,7584050
4,2021-02-14,36435,2018099,18953,1042795,17482,975304,0,0,18804,1016690,0.134056,17638,501957,0.066186,19475,1518647,0.200242,7584050
4,2021-02-15,45512,2063611,21319,1064114,24193,999497,0,0,23556,1019548,0.134433,21893,523850,0.069073,24751,1543398,0.203506,7584050
4,2021-02-16,78755,2142366,36068,1100182,42687,1042184,0,0,40410,1022955,0.134882,38267,562117,0.074118,41674,1585072,0.209001,7584050
4,2021-02-17,79725,2222091,37658,1137840,42067,1084251,0,0,38313,1021161,0.134646,41272,603389,0.07956,39478,1624550,0.214206,7584050
4,2021-02-18,81749,2303840,45176,1183016,36573,1120824,0,0,38086,1017208,0.134125,43536,646925,0.085301,39583,1664133,0.219425,7584050
4,2021-02-19,80318,2384158,50585,1233601,29733,1150557,0,0,40574,1018857,0.134342,39617,686542,0.090524,41266,1705399,0.224867,7584050
4,2021-02-20,47471,2431629,31973,1265574,15498,1166055,0,0,26323,1024668,0.135108,21204,707746,0.09332,27015,1732414,0.228429,7584050
4,2021-02-21,25367,2456996,19878,1285452,5489,1171544,0,0,11669,1022872,0.134871,13786,721532,0.095138,11990,1744404,0.23001,7584050
4,2021-02-22,51654,2508650,35626,1321078,16028,1187572,0,0,25141,1022086,0.134768,26435,747967,0.098624,25649,1770053,0.233392,7584050
4,2021-02-23,71684,2580334,39653,1360731,32031,1219603,0,0,31544,1015329,0.133877,40033,788000,0.103902,33276,1803329,0.237779,7584050
4,2021-02-24,86658,2666992,45554,1406285,41104,1260707,0,0,39307,1009642,0.133127,47178,835178,0.110123,41491,1844820,0.24325,7584050
4,2021-02-25,96722,2763714,50215,1456500,46507,1307214,0,0,46360,1008363,0.132958,50221,885399,0.116745,48942,1893762,0.249703,7584050
4,2021-02-26,102934,2866648,51786,1508286,51148,1358362,0,0,53111,1014183,0.133726,49619,935018,0.123287,55439,1949201,0.257013,7584050
4,2021-02-27,74183,2940831,40195,1548481,33982,1392344,6,6,39696,1020929,0.134615,34433,969451,0.127828,41179,1990380,0.262443,7584050
4,2021-02-28,44580,2985411,27689,1576170,16890,1409234,1,7,24858,1027081,0.135426,19650,989101,0.130419,25802,2016182,0.265845,7584050
4,2021-03-01,73674,3059085,42988,1619158,30679,1439913,7,14,40841,1036517,0.136671,32663,1021764,0.134725,42099,2058281,0.271396,7584050
4,2021-03-02,79654,3138739,44456,1663614,35195,1475108,3,17,46824,1052486,0.138776,32701,1054465,0.139037,48670,2106951,0.277813,7584050
4,2021-03-03,96626,3235365,50797,1714411,45823,1520931,6,23,53580,1065019,0.140429,42881,1097346,0.144691,55414,2162365,0.28512,7584050
4,2021-03-04,94148,3329513,52233,1766644,41902,1562833,13,36,51794,1076452,0.141936,42187,1139533,0.150254,53620,2215985,0.29219,7584050
4,2021-03-05,91413,3420926,48870,1815514,42235,1605068,308,344,54099,1095663,0.144469,37160,1176693,0.155154,56371,2272356,0.299623,7584050
4,2021-03-06,74346,3495272,41606,1857120,30142,1635210,2598,2942,45384,1116229,0.147181,28869,1205562,0.15896,49435,2321791,0.306141,7584050
4,2021-03-07,41131,3536403,26151,1883271,13839,1649049,1141,4083,24372,1126310,0.14851,16698,1222260,0.161162,26779,2348570,0.309672,7584050
4,2021-03-08,64383,3600786,33356,1916627,27884,1676933,3143,7226,42311,1151126,0.151782,21984,1244244,0.164061,46800,2395370,0.315843,7584050
4,2021-03-09,72726,3673512,33567,1950194,34093,1711026,5066,12292,37586,1160109,0.152967,35013,1279257,0.168677,43996,2439366,0.321644,7584050
4,2021-03-10,87100,3760612,44244,1994438,35567,1746593,7289,19581,43530,1168704,0.1541,43451,1322708,0.174407,52046,2491412,0.328507,7584050
4,2021-03-11,98715,3859327,51844,2046282,38684,1785277,8187,27768,45642,1170985,0.154401,52883,1375591,0.181379,55164,2546576,0.33578,7584050
4,2021-03-12,102379,3961706,50310,2096592,41951,1827228,10118,37886,43688,1167261,0.15391,58493,1434084,0.189092,54769,2601345,0.343002,7584050
4,2021-03-13,79208,4040914,36721,2133313,34236,1861464,8251,46137,37051,1171692,0.154494,42042,1476126,0.194636,46473,2647818,0.34913,7584050
4,2021-03-14,48813,4089727,27850,2161163,17419,1878883,3544,49681,25011,1177160,0.155215,23739,1499865,0.197766,29207,2677025,0.352981,7584050
4,2021-03-15,82211,4171938,44004,2205167,34051,1912934,4156,53837,42412,1184946,0.156242,39632,1539497,0.202991,47418,2724443,0.359233,7584050
4,2021-03-16,105464,4277402,54508,2259675,47628,1960562,3328,57165,56551,1196956,0.157825,48729,1588226,0.209417,60739,2785182,0.367242,7584050
4,2021-03-17,103489,4380891,55565,2315240,44560,2005122,3364,60529,60799,1219246,0.160764,42497,1630723,0.21502,64787,2849969,0.375785,7584050
4,2021-03-18,103641,4484532,57142,2372382,42946,2048068,3553,64082,59517,1238924,0.163359,43917,1674640,0.220811,63595,2913564,0.38417,7584050
4,2021-03-19,107345,4591877,61181,2433563,41125,2089193,5039,69121,61992,1261331,0.166314,45166,1719806,0.226766,67573,2981137,0.39308,7584050
4,2021-03-20,81578,4673455,47589,2481152,31021,2120214,2968,72089,50911,1285107,0.169449,30534,1750340,0.230792,54310,3035447,0.400241,7584050
4,2021-03-21,46756,4720211,33841,2514993,10740,2130954,2175,74264,28467,1298382,0.171199,18171,1768511,0.233188,31446,3066893,0.404387,7584050
4,2021-03-22,79717,4799928,52252,2567245,24942,2155896,2523,76787,50826,1323935,0.174568,28738,1797249,0.236977,54291,3121184,0.411546,7584050
4,2021-03-23,101328,4901256,60310,2627555,38987,2194883,2031,78818,63362,1352147,0.178288,37749,1834998,0.241955,65961,3187145,0.420243,7584050
4,2021-03-24,110501,5011757,71270,2698825,36961,2231844,2270,81088,63449,1371805,0.18088,46722,1881720,0.248115,66380,3253525,0.428996,7584050
4,2021-03-25,113173,5124930,69444,2768269,41448,2273292,2281,83369,65698,1393167,0.183697,47100,1928820,0.254326,68462,3321987,0.438023,7584050
4,2021-03-26,116057,5240987,70393,2838662,42690,2315982,2974,86343,64905,1410805,0.186023,50888,1979708,0.261036,68526,3390513,0.447058,7584050
4,2021-03-27,89058,5330045,52691,2891353,34596,2350578,1771,88114,46284,1416753,0.186807,42594,2022302,0.266652,48542,3439055,0.453459,7584050
4,2021-03-28,54257,5384302,35582,2926935,17811,2368389,864,88978,30191,1424161,0.187784,23964,2046266,0.269812,31372,3470427,0.457595,7584050
4,2021-03-29,91032,5475334,54665,2981600,34386,2402775,1981,90959,50803,1437435,0.189534,40057,2086323,0.275094,53331,3523758,0.464627,7584050
4,2021-03-30,113910,5589244,61905,3043505,47954,2450729,4051,95010,72908,1473998,0.194355,40844,2127167,0.280479,77407,3601165,0.474834,7584050
4,2021-03-31,117997,5707241,69742,3113247,42104,2492833,6151,101161,68626,1499862,0.197765,49145,2176312,0.286959,75009,3676174,0.484724,7584050
4,2021-04-01,138062,5845303,78882,3192129,46461,2539294,12719,113880,82100,1539239,0.202957,55745,2232057,0.294309,95122,3771296,0.497267,7584050
4,2021-04-02,132391,5977694,70976,3263105,48516,2587810,12899,126779,77137,1574619,0.207622,55056,2287113,0.301569,90436,3861732,0.509191,7584050
4,2021-04-03,98014,6075708,52172,3315277,32909,2620719,12933,139712,51374,1592786,0.210018,46499,2333612,0.3077,64666,3926398,0.517718,7584050
4,2021-04-04,45138,6120846,23814,3339091,14255,2634974,7069,146781,19770,1594384,0.210229,25317,2358929,0.311038,26915,3953313,0.521267,7584050
4,2021-04-05,105518,6226364,59722,3398813,33466,2668440,12330,159111,55546,1613079,0.212694,49840,2408769,0.31761,68535,4021848,0.530303,7584050
4,2021-04-06,134803,6361167,75622,3474435,39796,2708236,19385,178496,70255,1639150,0.216131,64379,2473148,0.326099,90450,4112298,0.54223,7584050
4,2021-04-07,133132,6494299,75493,3549928,37559,2745795,20080,198576,69218,1665301,0.219579,63730,2536878,0.334502,89881,4202179,0.554081,7584050
4,2021-04-08,134880,6629179,75310,3625238,35155,2780950,24415,222991,67316,1690403,0.222889,67358,2604236,0.343383,92460,4294639,0.566273,7584050
4,2021-04-09,127904,6757083,69742,3694980,37331,2818281,20831,243822,61973,1708595,0.225288,65766,2670002,0.352055,83958,4378597,0.577343,7584050
4,2021-04-10,99891,6856974,49500,3744480,32455,2850736,17936,261758,45412,1718742,0.226626,54335,2724337,0.359219,64482,4443079,0.585845,7584050
4,2021-04-11,60361,6917335,36928,3781408,12795,2863531,10638,272396,26518,1723371,0.227236,33775,2758112,0.363673,38404,4481483,0.590909,7584050
4,2021-04-12,99801,7017136,61036,3842444,29409,2892940,9356,281752,50811,1736009,0.228903,48761,2806873,0.370102,61399,4542882,0.599005,7584050
4,2021-04-13,126398,7143534,79229,3921673,47020,2939960,149,281901,76185,1763453,0.232521,50011,2856884,0.376696,77455,4620337,0.609218,7584050
4,2021-04-14,128374,7271908,81237,4002910,47072,2987032,65,281966,71849,1780772,0.234805,56300,2913184,0.38412,73619,4693956,0.618925,7584050
4,2021-04-15,147766,7419674,98193,4101103,49544,3036576,29,281995,91548,1817644,0.239667,55978,2969162,0.391501,92850,4786806,0.631168,7584050
4,2021-04-16,137873,7557547,87902,4189005,49906,3086482,65,282060,81234,1843407,0.243064,56411,3025573,0.398939,82174,4868980,0.642003,7584050
4,2021-04-17,96090,7653637,61482,4250487,34604,3121086,4,282064,56648,1862163,0.245537,39256,3064829,0.404115,58012,4926992,0.649652,7584050
4,2021-04-18,52012,7705649,34675,4285162,17334,3138420,3,282067,29664,1870705,0.246663,22260,3087089,0.40705,30802,4957794,0.653713,7584050
4,2021-04-19,96405,7802054,63567,4348729,32827,3171247,11,282078,49460,1874190,0.247123,46812,3133901,0.413223,50297,5008091,0.660345,7584050
4,2021-04-20,116041,7918095,66336,4415065,49701,3220948,4,282082,59729,1879415,0.247812,56121,3190022,0.420622,61346,5069437,0.668434,7584050
4,2021-04-21,99711,8017806,64165,4479230,35500,3256448,46,282128,45301,1871999,0.246834,54223,3244245,0.427772,46807,5116244,0.674606,7584050
4,2021-04-22,60511,8078317,40555,4519785,19950,3276398,6,282134,27903,1868783,0.24641,32501,3276746,0.432058,29285,5145529,0.678467,7584050
