vemquartile,administered_date,total_doses,cumulative_total_doses,pfizer_doses,cumulative_pfizer_doses,moderna_doses,cumulative_moderna_doses,jj_doses,cumulative_jj_doses,partially_vaccinated,total_partially_vaccinated,pct_age16pop_partially_vaccinated,fully_vaccinated,cumulative_fully_vaccinated,pct_age16pop_fully_vaccinated,at_least_one_dose,cumulative_at_least_one_dose,pct_age16pop_at_least_one_dose,age16_population
1,2020-12-15,148,148,148,148,0,0,0,0,148,148,1.8e-05,0,0,0.0,148,148,1.8e-05,8051741
1,2020-12-16,1153,1301,1153,1301,0,0,0,0,1153,1301,0.000162,0,0,0.0,1153,1301,0.000162,8051741
1,2020-12-17,4112,5413,4112,5413,0,0,0,0,4113,5414,0.000672,0,0,0.0,4113,5414,0.000672,8051741
1,2020-12-18,6248,11661,6228,11641,20,20,0,0,6250,11664,0.001449,0,0,0.0,6250,11664,0.001449,8051741
1,2020-12-19,2866,14527,2865,14506,1,21,0,0,2864,14527,0.001804,1,1,0.0,2864,14528,0.001804,8051741
1,2020-12-20,2106,16633,2101,16607,5,26,0,0,2107,16634,0.002066,0,1,0.0,2107,16635,0.002066,8051741
1,2020-12-21,7605,24238,7594,24201,11,37,0,0,7656,24290,0.003017,0,1,0.0,7656,24291,0.003017,8051741
1,2020-12-22,7269,31507,6930,31131,339,376,0,0,7272,31561,0.00392,1,2,0.0,7272,31563,0.00392,8051741
1,2020-12-23,7771,39278,6553,37684,1218,1594,0,0,7766,39327,0.004884,0,2,0.0,7766,39329,0.004885,8051741
1,2020-12-24,3293,42571,2358,40042,935,2529,0,0,3295,42622,0.005294,0,2,0.0,3295,42624,0.005294,8051741
1,2020-12-25,232,42803,149,40191,83,2612,0,0,232,42854,0.005322,0,2,0.0,232,42856,0.005323,8051741
1,2020-12-26,1354,44157,965,41156,389,3001,0,0,1353,44206,0.00549,1,3,0.0,1353,44209,0.005491,8051741
1,2020-12-27,854,45011,527,41683,327,3328,0,0,854,45060,0.005596,0,3,0.0,854,45063,0.005597,8051741
1,2020-12-28,7010,52021,4743,46426,2267,5595,0,0,7009,52069,0.006467,0,3,0.0,7009,52072,0.006467,8051741
1,2020-12-29,8830,60851,4972,51398,3858,9453,0,0,8827,60895,0.007563,1,4,0.0,8827,60899,0.007563,8051741
1,2020-12-30,11587,72438,6473,57871,5114,14567,0,0,11587,72482,0.009002,0,4,0.0,11587,72486,0.009003,8051741
1,2020-12-31,5926,78364,1951,59822,3975,18542,0,0,5925,78406,0.009738,1,5,1e-06,5925,78411,0.009738,8051741
1,2021-01-01,532,78896,179,60001,353,18895,0,0,532,78938,0.009804,0,5,1e-06,532,78943,0.009804,8051741
1,2021-01-02,2884,81780,1747,61748,1137,20032,0,0,2886,81824,0.010162,0,5,1e-06,2886,81829,0.010163,8051741
1,2021-01-03,1017,82797,543,62291,474,20506,0,0,1016,82839,0.010288,1,6,1e-06,1016,82845,0.010289,8051741
1,2021-01-04,7315,90112,3567,65858,3748,24254,0,0,7320,90158,0.011197,1,7,1e-06,7320,90165,0.011198,8051741
1,2021-01-05,10717,100829,5158,71016,5559,29813,0,0,9973,99423,0.012348,731,738,9.2e-05,9996,100161,0.01244,8051741
1,2021-01-06,13942,114771,7023,78039,6919,36732,0,0,12072,109669,0.013621,1832,2570,0.000319,12078,112239,0.01394,8051741
1,2021-01-07,17353,132124,9070,87109,8283,45015,0,0,12934,118289,0.014691,4321,6891,0.000856,12941,125180,0.015547,8051741
1,2021-01-08,20024,152148,10389,97498,9635,54650,0,0,14175,126636,0.015728,5833,12724,0.00158,14180,139360,0.017308,8051741
1,2021-01-09,6621,158769,3353,100851,3268,57918,0,0,4786,129606,0.016097,1820,14544,0.001806,4790,144150,0.017903,8051741
1,2021-01-10,3054,161823,1738,102589,1316,59234,0,0,1865,130299,0.016183,1173,15717,0.001952,1866,146016,0.018135,8051741
1,2021-01-11,17989,179812,11780,114369,6209,65443,0,0,11476,135325,0.016807,6487,22204,0.002758,11513,157529,0.019565,8051741
1,2021-01-12,18790,198602,10627,124996,8163,73606,0,0,12832,142274,0.01767,5917,28121,0.003493,12866,170395,0.021163,8051741
1,2021-01-13,19612,218214,10557,135553,9055,82661,0,0,14490,151679,0.018838,5099,33220,0.004126,14504,184899,0.022964,8051741
1,2021-01-14,21913,240127,9463,145016,12450,95111,0,0,19180,168227,0.020893,2675,35895,0.004458,19223,204122,0.025351,8051741
1,2021-01-15,25113,265240,9298,154314,15815,110926,0,0,23193,189596,0.023547,1871,37766,0.00469,23240,227362,0.028238,8051741
1,2021-01-16,13848,279088,4542,158856,9306,120232,0,0,13009,201770,0.025059,837,38603,0.004794,13011,240373,0.029854,8051741
1,2021-01-17,5171,284259,1988,160844,3183,123415,0,0,4805,206218,0.025612,362,38965,0.004839,4810,245183,0.030451,8051741
1,2021-01-18,14180,298439,8524,169368,5656,129071,0,0,11045,214182,0.026601,3123,42088,0.005227,11087,256270,0.031828,8051741
1,2021-01-19,24526,322965,12782,182150,11744,140815,0,0,19399,228518,0.028381,5112,47200,0.005862,19448,275718,0.034243,8051741
1,2021-01-20,28304,351269,13893,196043,14411,155226,0,0,22709,245720,0.030518,5541,52741,0.00655,22743,298461,0.037068,8051741
1,2021-01-21,30561,381830,14212,210255,16349,171575,0,0,27444,270173,0.033555,3062,55803,0.006931,27515,325976,0.040485,8051741
1,2021-01-22,28049,409879,11137,221392,16912,188487,0,0,26082,294355,0.036558,1926,57729,0.00717,26108,352084,0.043728,8051741
1,2021-01-23,18611,428490,8182,229574,10429,198916,0,0,16694,309156,0.038396,1905,59634,0.007406,16706,368790,0.045803,8051741
1,2021-01-24,6653,435143,4157,233731,2496,201412,0,0,6004,314521,0.039062,643,60277,0.007486,6008,374798,0.046549,8051741
1,2021-01-25,24762,459905,10257,243988,14505,215917,0,0,19318,328499,0.040799,5425,65702,0.00816,19403,394201,0.048958,8051741
1,2021-01-26,28286,488191,13309,257297,14977,230894,0,0,21803,343878,0.042709,6440,72142,0.00896,21819,416020,0.051668,8051741
1,2021-01-27,31468,519659,15341,272638,16127,247021,0,0,23604,359708,0.044675,7799,79941,0.009928,23629,439649,0.054603,8051741
1,2021-01-28,34301,553960,16033,288671,18268,265289,0,0,27600,380708,0.047283,6646,86587,0.010754,27646,467295,0.058037,8051741
1,2021-01-29,33217,587177,16315,304986,16902,282191,0,0,26794,401236,0.049832,6298,92885,0.011536,26826,494121,0.061368,8051741
1,2021-01-30,19965,607142,8619,313605,11346,293537,0,0,17981,417263,0.051823,1961,94846,0.01178,17988,512109,0.063602,8051741
1,2021-01-31,7595,614737,4992,318597,2603,296140,0,0,6858,423388,0.052583,735,95581,0.011871,6860,518969,0.064454,8051741
1,2021-02-01,28103,642840,12130,330727,15973,312113,0,0,20734,436801,0.054249,7327,102908,0.012781,20740,539709,0.06703,8051741
1,2021-02-02,31814,674654,11471,342198,20343,332456,0,0,23940,452959,0.056256,7814,110722,0.013751,23972,563681,0.070007,8051741
1,2021-02-03,38901,713555,14868,357066,24033,356489,0,0,28188,470600,0.058447,10576,121298,0.015065,28217,591898,0.073512,8051741
1,2021-02-04,43594,757149,17066,374132,26528,383017,0,0,31650,490454,0.060913,11841,133139,0.016535,31695,623593,0.077448,8051741
1,2021-02-05,46627,803776,17339,391471,29288,412305,0,0,30687,505360,0.062764,15827,148966,0.018501,30733,654326,0.081265,8051741
1,2021-02-06,26432,830208,10454,401925,15978,428283,0,0,20631,520250,0.064613,5755,154721,0.019216,20645,674971,0.083829,8051741
1,2021-02-07,6171,836379,3954,405879,2217,430500,0,0,4600,523315,0.064994,1552,156273,0.019409,4617,679588,0.084403,8051741
1,2021-02-08,30978,867357,14025,419904,16953,447453,0,0,20668,533850,0.066302,10214,166487,0.020677,20749,700337,0.08698,8051741
1,2021-02-09,37902,905259,16582,436486,21320,468773,0,0,23301,542737,0.067406,14484,180971,0.022476,23371,723708,0.089882,8051741
1,2021-02-10,46539,951798,22015,458501,24524,493297,0,0,26846,550102,0.068321,19556,200527,0.024905,26921,750629,0.093226,8051741
1,2021-02-11,50364,1002162,24775,483276,25589,518886,0,0,30663,561366,0.06972,19496,220023,0.027326,30760,781389,0.097046,8051741
1,2021-02-12,49284,1051446,21287,504563,27997,546883,0,0,28401,569145,0.070686,20751,240774,0.029903,28530,809919,0.100589,8051741
1,2021-02-13,26030,1077476,11309,515872,14721,561604,0,0,15109,573478,0.071224,10852,251626,0.031251,15185,825104,0.102475,8051741
1,2021-02-14,11584,1089060,5470,521342,6114,567718,0,0,6604,575196,0.071437,4951,256577,0.031866,6669,831773,0.103303,8051741
1,2021-02-15,23297,1112357,9217,530559,14080,581798,0,0,14183,580477,0.072093,9017,265594,0.032986,14298,846071,0.105079,8051741
1,2021-02-16,46288,1158645,22082,552641,24206,606004,0,0,27400,589158,0.073172,18827,284421,0.035324,27508,873579,0.108496,8051741
1,2021-02-17,47596,1206241,24004,576645,23592,629596,0,0,25923,593645,0.073729,21572,305993,0.038003,26059,899638,0.111732,8051741
1,2021-02-18,50002,1256243,24928,601573,25074,654670,0,0,26129,596298,0.074058,23676,329669,0.040944,26329,925967,0.115002,8051741
1,2021-02-19,45228,1301471,24487,626060,20741,675411,0,0,25657,602539,0.074833,19477,349146,0.043363,25718,951685,0.118196,8051741
1,2021-02-20,26668,1328139,16217,642277,10451,685862,0,0,15327,606638,0.075342,11304,360450,0.044767,15403,967088,0.120109,8051741
1,2021-02-21,9966,1338105,8736,651013,1230,687092,0,0,5943,608644,0.075592,3985,364435,0.045262,5991,973079,0.120853,8051741
1,2021-02-22,29741,1367846,19493,670506,10248,697340,0,0,17553,614150,0.076275,12142,376577,0.04677,17648,990727,0.123045,8051741
1,2021-02-23,41919,1409765,20114,690620,21805,719145,0,0,23338,619372,0.076924,18466,395043,0.049063,23688,1014415,0.125987,8051741
1,2021-02-24,52430,1462195,25324,715944,27106,746251,0,0,29592,626668,0.07783,22743,417786,0.051888,30039,1044454,0.129718,8051741
1,2021-02-25,63783,1525978,30682,746626,33101,779352,0,0,39857,643188,0.079882,23835,441621,0.054848,40355,1084809,0.13473,8051741
1,2021-02-26,71543,1597521,33634,780260,37909,817261,0,0,47504,667265,0.082872,23895,465516,0.057816,47972,1132781,0.140688,8051741
1,2021-02-27,48388,1645909,21651,801911,26732,843993,5,5,31964,683176,0.084848,16321,481837,0.059843,32232,1165013,0.144691,8051741
1,2021-02-28,19009,1664918,11300,813211,7709,851702,0,5,14046,692453,0.086,4911,486748,0.060453,14188,1179201,0.146453,8051741
1,2021-03-01,43105,1708023,19670,832881,23421,875123,14,19,28115,705918,0.087673,14891,501639,0.062302,28356,1207557,0.149975,8051741
1,2021-03-02,58409,1766432,23979,856860,34425,909548,5,24,37193,722609,0.089746,21114,522753,0.064924,37805,1245362,0.15467,8051741
1,2021-03-03,67776,1834208,31825,888685,35939,945487,12,36,41162,737870,0.091641,26503,549256,0.068216,41764,1287126,0.159857,8051741
1,2021-03-04,75504,1909712,34801,923486,40669,986156,34,70,48385,759821,0.094367,26972,576228,0.071566,48923,1336049,0.165933,8051741
1,2021-03-05,74047,1983759,32907,956393,40939,1027095,201,271,49325,785448,0.09755,24528,600756,0.074612,50155,1386204,0.172162,8051741
1,2021-03-06,56212,2039971,26637,983030,28249,1055344,1326,1597,38223,807432,0.10028,17929,618685,0.076839,39913,1426117,0.177119,8051741
1,2021-03-07,19412,2059383,12241,995271,6377,1061721,794,2391,14535,818160,0.101613,4862,623547,0.077443,15590,1441707,0.179055,8051741
1,2021-03-08,43260,2102643,20482,1015753,20925,1082646,1853,4244,30236,837635,0.104032,12952,636499,0.079051,32427,1474134,0.183083,8051741
1,2021-03-09,59761,2162404,26013,1041766,31283,1113929,2465,6709,35795,852366,0.105861,23870,660369,0.082016,38601,1512735,0.187877,8051741
1,2021-03-10,70371,2232775,34564,1076330,31472,1145401,4335,11044,43446,873718,0.108513,26806,687175,0.085345,48158,1560893,0.193858,8051741
1,2021-03-11,88000,2320775,40179,1116509,39914,1185315,7907,18951,51624,897573,0.111476,36162,723337,0.089836,60017,1620910,0.201312,8051741
1,2021-03-12,94844,2415619,40919,1157428,41649,1226964,12276,31227,55137,925953,0.115,39537,762874,0.094746,67917,1688827,0.209747,8051741
1,2021-03-13,62874,2478493,28166,1185594,27025,1253989,7683,38910,39924,951053,0.118118,22853,785727,0.097585,47953,1736780,0.215702,8051741
1,2021-03-14,26803,2505296,14279,1199873,9029,1263018,3495,42405,15862,959715,0.119193,10896,796623,0.098938,19558,1756338,0.218131,8051741
1,2021-03-15,63399,2568695,27516,1227389,29301,1292319,6582,48987,37640,978694,0.121551,25601,822224,0.102118,44580,1800918,0.223668,8051741
1,2021-03-16,83604,2652299,37609,1264998,40511,1332830,5484,54471,52705,1006516,0.125006,30742,852966,0.105936,58564,1859482,0.230942,8051741
1,2021-03-17,90063,2742362,43193,1308191,40372,1373202,6498,60969,58089,1039663,0.129123,31834,884800,0.109889,64981,1924463,0.239012,8051741
1,2021-03-18,95435,2837797,48580,1356771,41357,1414559,5498,66467,59200,1068891,0.132753,35933,920733,0.114352,65161,1989624,0.247105,8051741
1,2021-03-19,100288,2938085,51458,1408229,42765,1457324,6065,72532,60022,1095436,0.13605,40021,960754,0.119323,66566,2056190,0.255372,8051741
1,2021-03-20,69799,3007884,35925,1444154,28697,1486021,5177,77709,45912,1123035,0.139477,23750,984504,0.122272,51349,2107539,0.261749,8051741
1,2021-03-21,25817,3033701,17794,1461948,6262,1492283,1761,79470,16771,1132674,0.140674,8982,993486,0.123388,18621,2126160,0.264062,8051741
1,2021-03-22,57750,3091451,29531,1491479,25024,1517307,3195,82665,39548,1157733,0.143787,18041,1011527,0.125628,43100,2169260,0.269415,8051741
1,2021-03-23,81031,3172482,40842,1532321,36665,1553972,3524,86189,52682,1186216,0.147324,28178,1039705,0.129128,56661,2225921,0.276452,8051741
1,2021-03-24,85388,3257870,42895,1575216,38255,1592227,4238,90427,52310,1210067,0.150286,32877,1072582,0.133211,56728,2282649,0.283498,8051741
1,2021-03-25,93796,3351666,47458,1622674,40753,1632980,5585,96012,54518,1231398,0.152936,39031,1111613,0.138059,60362,2343011,0.290994,8051741
1,2021-03-26,101061,3452727,48979,1671653,45949,1678929,6133,102145,56723,1250514,0.15531,44079,1155692,0.143533,63195,2406206,0.298843,8051741
1,2021-03-27,71476,3524203,36957,1708610,30737,1709666,3782,105927,37852,1258909,0.156352,33443,1189135,0.147687,41838,2448044,0.304039,8051741
1,2021-03-28,31326,3555529,20176,1728786,9951,1719617,1199,107126,16660,1262516,0.1568,14581,1203716,0.149498,18188,2466232,0.306298,8051741
1,2021-03-29,64970,3620499,32489,1761275,29702,1749319,2779,109905,37076,1274830,0.15833,27758,1231474,0.152945,40072,2506304,0.311275,8051741
1,2021-03-30,89082,3709581,43672,1804947,39484,1788803,5926,115831,50753,1293414,0.160638,38209,1269683,0.15769,56793,2563097,0.318328,8051741
1,2021-03-31,97154,3806735,50705,1855652,40722,1829525,5727,121558,55629,1313580,0.163142,41292,1310975,0.162819,61458,2624555,0.325961,8051741
1,2021-04-01,107453,3914188,51585,1907237,47860,1877385,8008,129566,55938,1326392,0.164734,51235,1362210,0.169182,64047,2688602,0.333916,8051741
1,2021-04-02,106391,4020579,48633,1955870,48560,1925945,9198,138764,54959,1339744,0.166392,51088,1413298,0.175527,64440,2753042,0.341919,8051741
1,2021-04-03,75401,4095980,37543,1993413,28598,1954543,9260,148024,35804,1345464,0.167102,39458,1452756,0.180428,45178,2798220,0.34753,8051741
1,2021-04-04,23488,4119468,11664,2005077,8391,1962934,3433,151457,10197,1345837,0.167149,13251,1466007,0.182073,13624,2811844,0.349222,8051741
1,2021-04-05,73603,4193071,35175,2040252,29536,1992470,8892,160349,34226,1349936,0.167658,39222,1505229,0.186945,43321,2855165,0.354602,8051741
1,2021-04-06,101683,4294754,48202,2088454,37169,2029639,16312,176661,46800,1358443,0.168714,54679,1559908,0.193735,63186,2918351,0.36245,8051741
1,2021-04-07,108063,4402817,52020,2140474,38898,2068537,17145,193806,50035,1367860,0.169884,57825,1617733,0.200917,67242,2985593,0.370801,8051741
1,2021-04-08,118302,4521119,55560,2196034,42334,2110871,20408,214214,53301,1376989,0.171018,64715,1682448,0.208955,73844,3059437,0.379972,8051741
1,2021-04-09,118088,4639207,53361,2249395,44507,2155378,20220,234434,52869,1385286,0.172048,64935,1747383,0.217019,73232,3132669,0.389067,8051741
1,2021-04-10,93390,4732597,41778,2291173,29262,2184640,22350,256784,37097,1388616,0.172462,56153,1803536,0.223993,59483,3192152,0.396455,8051741
1,2021-04-11,35505,4768102,19811,2310984,9216,2193856,6478,263262,15059,1389876,0.172618,20404,1823940,0.226527,21664,3213816,0.399145,8051741
1,2021-04-12,72156,4840258,31963,2342947,30343,2224199,9850,273112,31022,1389990,0.172632,40930,1864870,0.231611,41044,3254860,0.404243,8051741
1,2021-04-13,94911,4935169,50761,2393708,43820,2268019,330,273442,51508,1398980,0.173749,43188,1908058,0.236975,52178,3307038,0.410723,8051741
1,2021-04-14,100455,5035624,51954,2445662,48437,2316456,64,273506,51478,1402230,0.174152,48685,1956743,0.243021,51935,3358973,0.417174,8051741
1,2021-04-15,101760,5137384,55066,2500728,46610,2363066,84,273590,54725,1410656,0.175199,46569,2003312,0.248805,54995,3413968,0.424004,8051741
1,2021-04-16,105746,5243130,54724,2555452,50935,2414001,87,273677,53405,1412371,0.175412,51976,2055288,0.25526,53691,3467659,0.430672,8051741
1,2021-04-17,79573,5322703,43049,2598501,36516,2450517,8,273685,44878,1422892,0.176719,34527,2089815,0.259548,45048,3512707,0.436267,8051741
1,2021-04-18,28498,5351201,19099,2617600,9393,2459910,6,273691,14759,1424179,0.176878,13676,2103491,0.261247,14963,3527670,0.438125,8051741
1,2021-04-19,63979,5415180,32629,2650229,31340,2491250,10,273701,29201,1419019,0.176238,34500,2137991,0.265532,29340,3557010,0.441769,8051741
1,2021-04-20,83936,5499116,42043,2692272,41873,2533123,20,273721,39890,1415344,0.175781,43782,2181773,0.270969,40107,3597117,0.44675,8051741
1,2021-04-21,90778,5589894,46260,2738532,44427,2577550,91,273812,41113,1407518,0.174809,49243,2231016,0.277085,41417,3638534,0.451894,8051741
1,2021-04-22,92687,5682581,48255,2786787,44413,2621963,19,273831,42868,1401189,0.174023,49426,2280442,0.283223,43097,3681631,0.457247,8051741
1,2021-04-23,96456,5779037,50024,2836811,46408,2668371,24,273855,46584,1398532,0.173693,49483,2329925,0.289369,46826,3728457,0.463062,8051741
1,2021-04-24,72520,5851557,46067,2882878,26441,2694812,12,273867,41476,1409431,0.175047,30847,2360772,0.2932,41746,3770203,0.468247,8051741
1,2021-04-25,26723,5878280,17101,2899979,9613,2704425,9,273876,15399,1413725,0.17558,11243,2372015,0.294597,15537,3785740,0.470177,8051741
1,2021-04-26,58177,5936457,31180,2931159,26645,2731070,352,274228,27351,1411170,0.175263,30595,2402610,0.298396,28040,3813780,0.473659,8051741
1,2021-04-27,73182,6009639,38764,2969923,33301,2764371,1117,275345,31346,1402403,0.174174,41563,2444173,0.303558,32796,3846576,0.477732,8051741
1,2021-04-28,76556,6086195,40713,3010636,34425,2798796,1418,276763,33421,1394592,0.173204,42876,2487049,0.308883,35065,3881641,0.482087,8051741
1,2021-04-29,79594,6165789,44042,3054678,34008,2832804,1544,278307,32265,1381530,0.171582,47033,2534082,0.314725,33971,3915612,0.486306,8051741
1,2021-04-30,85988,6251777,46951,3101629,37260,2870064,1777,280084,35995,1369752,0.170119,49722,2583804,0.3209,37944,3953556,0.491019,8051741
1,2021-05-01,60899,6312676,39592,3141221,19963,2890027,1344,281428,25669,1361927,0.169147,35070,2618874,0.325256,27245,3980801,0.494403,8051741
1,2021-05-02,22428,6335104,15707,3156928,6199,2896226,522,281950,9374,1358890,0.16877,12965,2631839,0.326866,9928,3990729,0.495636,8051741
1,2021-05-03,53327,6388431,29934,3186862,21650,2917876,1743,283693,19290,1346167,0.16719,33840,2665679,0.331069,21117,4011846,0.498258,8051741
1,2021-05-04,71484,6459915,41101,3227963,28393,2946269,1990,285683,25847,1328708,0.165021,45387,2711066,0.336706,27928,4039774,0.501727,8051741
1,2021-05-05,73063,6532978,42084,3270047,28794,2975063,2185,287868,24847,1307860,0.162432,47946,2759012,0.34266,27098,4066872,0.505092,8051741
1,2021-05-06,74727,6607705,45024,3315071,27622,3002685,2081,289949,23879,1283452,0.159401,50528,2809540,0.348936,26120,4092992,0.508336,8051741
1,2021-05-07,77565,6685270,44428,3359499,31031,3033716,2106,292055,26238,1260875,0.156597,50986,2860526,0.355268,28409,4121401,0.511865,8051741
1,2021-05-08,53589,6738859,33496,3392995,18563,3052279,1530,293585,18210,1245657,0.154707,35054,2895580,0.359622,19836,4141237,0.514328,8051741
1,2021-05-09,17686,6756545,12537,3405532,4674,3056953,475,294060,5482,1239553,0.153948,12094,2907674,0.361124,5990,4147227,0.515072,8051741
1,2021-05-10,40541,6797086,20557,3426089,18301,3075254,1683,295743,13591,1228252,0.152545,26670,2934344,0.364436,15369,4162596,0.516981,8051741
1,2021-05-11,51185,6848271,28140,3454229,21166,3096420,1879,297622,17425,1214107,0.150788,33567,2967911,0.368605,19422,4182018,0.519393,8051741
1,2021-05-12,48274,6896545,25774,3480003,20850,3117270,1650,299272,16235,1200239,0.149066,31826,2999737,0.372558,17958,4199976,0.521623,8051741
1,2021-05-13,36947,6933492,23260,3503263,12438,3129708,1249,300521,12572,1189951,0.147788,24208,3023945,0.375564,13920,4213896,0.523352,8051741
2,2020-12-15,233,233,233,233,0,0,0,0,233,233,3e-05,0,0,0.0,233,233,3e-05,7897587
2,2020-12-16,1925,2158,1925,2158,0,0,0,0,1925,2158,0.000273,0,0,0.0,1925,2158,0.000273,7897587
2,2020-12-17,6660,8818,6660,8818,0,0,0,0,6661,8819,0.001117,0,0,0.0,6661,8819,0.001117,7897587
2,2020-12-18,10832,19650,10813,19631,19,19,0,0,10833,19652,0.002488,0,0,0.0,10833,19652,0.002488,7897587
2,2020-12-19,5581,25231,5576,25207,5,24,0,0,5583,25235,0.003195,0,0,0.0,5583,25235,0.003195,7897587
2,2020-12-20,4214,29445,4206,29413,8,32,0,0,4210,29445,0.003728,0,0,0.0,4210,29445,0.003728,7897587
2,2020-12-21,12759,42204,12735,42148,24,56,0,0,12714,42159,0.005338,0,0,0.0,12714,42159,0.005338,7897587
2,2020-12-22,12049,54253,11541,53689,508,564,0,0,12049,54208,0.006864,0,0,0.0,12049,54208,0.006864,7897587
2,2020-12-23,11619,65872,9429,63118,2190,2754,0,0,11622,65830,0.008335,0,0,0.0,11622,65830,0.008335,7897587
2,2020-12-24,5838,71710,3482,66600,2356,5110,0,0,5835,71665,0.009074,0,0,0.0,5835,71665,0.009074,7897587
2,2020-12-25,478,72188,401,67001,77,5187,0,0,479,72144,0.009135,0,0,0.0,479,72144,0.009135,7897587
2,2020-12-26,2562,74750,1667,68668,895,6082,0,0,2564,74708,0.00946,0,0,0.0,2564,74708,0.00946,7897587
2,2020-12-27,2212,76962,1198,69866,1014,7096,0,0,2210,76917,0.009739,1,1,0.0,2210,76918,0.009739,7897587
2,2020-12-28,10903,87865,7086,76952,3817,10913,0,0,10903,87819,0.01112,1,2,0.0,10903,87821,0.01112,7897587
2,2020-12-29,12688,100553,7183,84135,5505,16418,0,0,12692,100511,0.012727,0,2,0.0,12692,100513,0.012727,7897587
2,2020-12-30,15344,115897,8641,92776,6703,23121,0,0,15360,115870,0.014672,1,3,0.0,15360,115873,0.014672,7897587
2,2020-12-31,7493,123390,2801,95577,4692,27813,0,0,7490,123359,0.01562,1,4,1e-06,7490,123363,0.01562,7897587
2,2021-01-01,1113,124503,535,96112,578,28391,0,0,1115,124473,0.015761,1,5,1e-06,1115,124478,0.015762,7897587
2,2021-01-02,4813,129316,2750,98862,2063,30454,0,0,4811,129284,0.01637,0,5,1e-06,4811,129289,0.016371,7897587
2,2021-01-03,1378,130694,788,99650,590,31044,0,0,1373,130654,0.016544,3,8,1e-06,1373,130662,0.016545,7897587
2,2021-01-04,11605,142299,5547,105197,6058,37102,0,0,11592,142242,0.018011,4,12,2e-06,11592,142254,0.018012,7897587
2,2021-01-05,13804,156103,6885,112082,6919,44021,0,0,12628,153730,0.019465,1169,1181,0.00015,12657,154911,0.019615,7897587
2,2021-01-06,18927,175030,10443,122525,8484,52505,0,0,15217,165289,0.020929,3664,4845,0.000613,15223,170134,0.021543,7897587
2,2021-01-07,22882,197912,12850,135375,10032,62537,0,0,15539,173480,0.021966,7361,12206,0.001546,15552,185686,0.023512,7897587
2,2021-01-08,26340,224252,15956,151331,10384,72921,0,0,16313,179813,0.022768,9996,22202,0.002811,16329,202015,0.025579,7897587
2,2021-01-09,9698,233950,5664,156995,4034,76955,0,0,6212,182522,0.023111,3507,25709,0.003255,6216,208231,0.026366,7897587
2,2021-01-10,5272,239222,2916,159911,2356,79311,0,0,3065,183361,0.023217,2230,27939,0.003538,3069,211300,0.026755,7897587
2,2021-01-11,25944,265166,17838,177749,8106,87417,0,0,15020,187471,0.023738,10958,38897,0.004925,15068,226368,0.028663,7897587
2,2021-01-12,25949,291115,16112,193861,9837,97254,0,0,16492,194547,0.024634,9485,48382,0.006126,16561,242929,0.03076,7897587
2,2021-01-13,28239,319354,14883,208744,13356,110610,0,0,20332,207000,0.026211,7901,56283,0.007127,20354,263283,0.033337,7897587
2,2021-01-14,30051,349405,11427,220171,18624,129234,0,0,25868,228711,0.02896,4208,60491,0.007659,25919,289202,0.036619,7897587
2,2021-01-15,35120,384525,12952,233123,22168,151402,0,0,31896,257443,0.032598,3235,63726,0.008069,31967,321169,0.040667,7897587
2,2021-01-16,17547,402072,5614,238737,11933,163335,0,0,16239,272358,0.034486,1334,65060,0.008238,16249,337418,0.042724,7897587
2,2021-01-17,10556,412628,3528,242265,7028,170363,0,0,9853,281491,0.035643,728,65788,0.00833,9861,347279,0.043973,7897587
2,2021-01-18,19653,432281,11015,253280,8638,179001,0,0,14926,291721,0.036938,4742,70530,0.008931,14972,362251,0.045869,7897587
2,2021-01-19,32218,464499,16803,270083,15415,194416,0,0,24249,308108,0.039013,7973,78503,0.00994,24360,386611,0.048953,7897587
2,2021-01-20,36613,501112,18227,288310,18386,212802,0,0,28110,327818,0.041509,8484,86987,0.011014,28194,414805,0.052523,7897587
2,2021-01-21,40481,541593,17232,305542,23249,236051,0,0,36079,359674,0.045542,4380,91367,0.011569,36236,451041,0.057111,7897587
2,2021-01-22,39139,580732,16382,321924,22757,258808,0,0,35845,392258,0.049668,3296,94663,0.011986,35880,486921,0.061654,7897587
2,2021-01-23,23932,604664,10824,332748,13108,271916,0,0,20975,410331,0.051957,2931,97594,0.012357,21004,507925,0.064314,7897587
2,2021-01-24,12440,617104,6159,338907,6281,278197,0,0,11529,420974,0.053304,896,98490,0.012471,11539,519464,0.065775,7897587
2,2021-01-25,33560,650664,15575,354482,17985,296182,0,0,24869,437326,0.055375,8639,107129,0.013565,24991,544455,0.068939,7897587
2,2021-01-26,40044,690708,19801,374283,20243,316425,0,0,31136,459653,0.058202,8886,116015,0.01469,31213,575668,0.072892,7897587
2,2021-01-27,44951,735659,22912,397195,22039,338464,0,0,34993,484865,0.061394,9835,125850,0.015935,35047,610715,0.077329,7897587
2,2021-01-28,47854,783513,22569,419764,25285,363749,0,0,39365,515855,0.065318,8435,134285,0.017003,39425,650140,0.082321,7897587
2,2021-01-29,45440,828953,22292,442056,23148,386897,0,0,36918,544399,0.068932,8420,142705,0.018069,36964,687104,0.087002,7897587
2,2021-01-30,31258,860211,13653,455709,17605,404502,0,0,28025,569260,0.07208,3192,145897,0.018474,28053,715157,0.090554,7897587
2,2021-01-31,17545,877756,10651,466360,6894,411396,0,0,16327,584401,0.073997,1205,147102,0.018626,16346,731503,0.092624,7897587
2,2021-02-01,40112,917868,19171,485531,20941,432337,0,0,29752,603857,0.076461,10328,157430,0.019934,29784,761287,0.096395,7897587
2,2021-02-02,47762,965630,19750,505281,28012,460349,0,0,36344,628955,0.079639,11342,168772,0.02137,36440,797727,0.101009,7897587
2,2021-02-03,53642,1019272,23871,529152,29771,490120,0,0,39734,654960,0.082932,13813,182585,0.023119,39818,837545,0.106051,7897587
2,2021-02-04,55776,1075048,24264,553416,31512,521632,0,0,40847,681057,0.086236,14838,197423,0.024998,40935,878480,0.111234,7897587
2,2021-02-05,59462,1134510,26328,579744,33134,554766,0,0,40303,702529,0.088955,18988,216411,0.027402,40460,918940,0.116357,7897587
2,2021-02-06,38766,1173276,18142,597886,20624,575390,0,0,31229,726370,0.091974,7472,223883,0.028348,31313,950253,0.120322,7897587
2,2021-02-07,15982,1189258,10732,608618,5250,580640,0,0,12120,734718,0.093031,3838,227721,0.028834,12186,962439,0.121865,7897587
2,2021-02-08,43225,1232483,22328,630946,20897,601537,0,0,29869,751532,0.09516,13246,240967,0.030511,30060,992499,0.125671,7897587
2,2021-02-09,49161,1281644,23490,654436,25671,627208,0,0,30862,764502,0.096802,18206,259173,0.032817,31176,1023675,0.129619,7897587
2,2021-02-10,59326,1340970,28123,682559,31203,658411,0,0,34687,775122,0.098147,24413,283586,0.035908,35033,1058708,0.134055,7897587
2,2021-02-11,63678,1404648,29591,712150,34087,692498,0,0,35946,784122,0.099286,27427,311013,0.039381,36427,1095135,0.138667,7897587
2,2021-02-12,64671,1469319,27994,740144,36677,729175,0,0,34575,789473,0.099964,29878,340891,0.043164,35229,1130364,0.143128,7897587
2,2021-02-13,37479,1506798,15745,755889,21734,750909,0,0,21735,795925,0.100781,15658,356549,0.045147,22110,1152474,0.145927,7897587
2,2021-02-14,19904,1526702,9330,765219,10574,761483,0,0,11211,798836,0.101149,8658,365207,0.046243,11569,1164043,0.147392,7897587
2,2021-02-15,32860,1559562,14893,780112,17967,779450,0,0,18293,803526,0.101743,14454,379661,0.048073,19144,1183187,0.149816,7897587
2,2021-02-16,55774,1615336,27582,807694,28192,807642,0,0,29414,807327,0.102225,26277,405938,0.0514,30078,1213265,0.153625,7897587
2,2021-02-17,60911,1676247,31490,839184,29421,837063,0,0,30342,807963,0.102305,30519,436457,0.055265,31155,1244420,0.15757,7897587
2,2021-02-18,65583,1741830,33345,872529,32238,869301,0,0,32072,807855,0.102291,33303,469760,0.059481,33195,1277615,0.161773,7897587
2,2021-02-19,58694,1800524,32756,905285,25938,895239,0,0,29168,808228,0.102339,29385,499145,0.063202,29758,1307373,0.165541,7897587
2,2021-02-20,36913,1837437,24124,929409,12789,908028,0,0,20099,812260,0.102849,16740,515885,0.065322,20772,1328145,0.168171,7897587
2,2021-02-21,18159,1855596,14722,944131,3437,911465,0,0,8839,812648,0.102898,9250,525135,0.066493,9638,1337783,0.169391,7897587
2,2021-02-22,37129,1892725,25520,969651,11609,923074,0,0,17801,811891,0.102802,19229,544364,0.068928,18472,1356255,0.17173,7897587
2,2021-02-23,50663,1943388,25805,995456,24858,947932,0,0,22356,808007,0.102311,28129,572493,0.07249,24245,1380500,0.1748,7897587
2,2021-02-24,67732,2011120,34870,1030326,32862,980794,0,0,31337,805436,0.101985,36263,608756,0.077081,33692,1414192,0.179066,7897587
2,2021-02-25,73255,2084375,34417,1064743,38838,1019632,0,0,37400,809970,0.102559,35658,644414,0.081596,40192,1454384,0.184155,7897587
2,2021-02-26,81250,2165625,34819,1099562,46431,1066063,0,0,44131,819386,0.103751,36890,681304,0.086267,46306,1500690,0.190019,7897587
2,2021-02-27,58830,2224455,26888,1126450,31938,1098001,4,4,32010,826085,0.1046,26639,707943,0.08964,33338,1534028,0.19424,7897587
2,2021-02-28,28979,2253434,17414,1143864,11564,1109565,1,5,16913,831841,0.105329,11981,719924,0.091157,17737,1551765,0.196486,7897587
2,2021-03-01,55274,2308708,29034,1172898,26218,1135783,22,27,30284,838541,0.106177,24785,744709,0.094296,31485,1583250,0.200473,7897587
2,2021-03-02,64527,2373235,29934,1202832,34588,1170371,5,32,36024,848504,0.107438,28396,773105,0.097891,38359,1621609,0.20533,7897587
2,2021-03-03,77750,2450985,37669,1240501,40074,1210445,7,39,43691,860845,0.109001,33895,807000,0.102183,46236,1667845,0.211184,7897587
2,2021-03-04,86027,2537012,42463,1282964,43537,1253982,27,66,49749,876870,0.11103,36110,843110,0.106755,52135,1719980,0.217786,7897587
2,2021-03-05,78466,2615478,36740,1319704,41428,1295410,298,364,47997,897209,0.113605,30300,873410,0.110592,50639,1770619,0.224197,7897587
2,2021-03-06,61329,2676807,29896,1349600,29771,1325181,1662,2026,37650,914372,0.115779,23579,896989,0.113578,40742,1811361,0.229356,7897587
2,2021-03-07,26790,2703597,15485,1365085,10360,1335541,945,2971,17159,924011,0.116999,9575,906564,0.11479,19214,1830575,0.231789,7897587
2,2021-03-08,48895,2752492,22297,1387382,24174,1359715,2424,5395,30804,940893,0.119137,17987,924551,0.117068,34869,1865444,0.236204,7897587
2,2021-03-09,63654,2816146,26383,1413765,33510,1393225,3761,9156,34042,950537,0.120358,29510,954061,0.120804,39154,1904598,0.241162,7897587
2,2021-03-10,75032,2891178,35059,1448824,33470,1426695,6503,15659,39639,962798,0.12191,35225,989286,0.125264,47486,1952084,0.247175,7897587
2,2021-03-11,91495,2982673,42278,1491102,40900,1467595,8317,23976,48168,977624,0.123788,43078,1032364,0.130719,57904,2009988,0.254507,7897587
2,2021-03-12,91798,3074471,37760,1528862,42154,1509749,11884,35860,46069,991411,0.125533,45554,1077918,0.136487,59341,2069329,0.26202,7897587
2,2021-03-13,67239,3141710,28161,1557023,31200,1540949,7878,43738,37022,1007499,0.12757,30113,1108031,0.1403,46201,2115530,0.26787,7897587
2,2021-03-14,35968,3177678,17817,1574840,13693,1554642,4458,48196,19181,1015199,0.128545,16707,1124738,0.142415,24407,2139937,0.270961,7897587
2,2021-03-15,66139,3243817,29810,1604650,31387,1586029,4942,53138,36775,1028844,0.130273,29176,1153914,0.14611,42821,2182758,0.276383,7897587
2,2021-03-16,84982,3328799,37503,1642153,43543,1629572,3936,57074,52142,1053359,0.133377,32692,1186606,0.150249,57207,2239965,0.283627,7897587
2,2021-03-17,90694,3419493,43402,1685555,43213,1672785,4079,61153,57947,1083701,0.137219,32535,1219141,0.154369,62877,2302842,0.291588,7897587
2,2021-03-18,96154,3515647,45820,1731375,45917,1718702,4417,65570,59517,1111832,0.140781,36371,1255512,0.158974,64502,2367344,0.299755,7897587
2,2021-03-19,95364,3611011,44930,1776305,44394,1763096,6040,71610,57438,1138144,0.144113,37682,1293194,0.163745,63994,2431338,0.307858,7897587
2,2021-03-20,68383,3679394,32816,1809121,31701,1794797,3866,75476,45614,1165391,0.147563,22582,1315776,0.166605,49829,2481167,0.314168,7897587
2,2021-03-21,32479,3711873,20882,1830003,9648,1804445,1949,77425,20628,1176631,0.148986,11758,1327534,0.168094,22998,2504165,0.31708,7897587
2,2021-03-22,61652,3773525,33773,1863776,25294,1829739,2585,80010,41651,1201930,0.15219,19824,1347358,0.170604,45123,2549288,0.322793,7897587
2,2021-03-23,82252,3855777,43539,1907315,35886,1865625,2827,82837,54068,1231700,0.155959,27960,1375318,0.174144,57730,2607018,0.330103,7897587
2,2021-03-24,90008,3945785,48430,1955745,38511,1904136,3067,85904,53931,1253706,0.158745,35818,1411136,0.178679,57824,2664842,0.337425,7897587
2,2021-03-25,99603,4045388,50189,2005934,45631,1949767,3783,89687,57570,1274079,0.161325,41761,1452897,0.183967,62134,2726976,0.345292,7897587
2,2021-03-26,101094,4146482,50208,2056142,47468,1997235,3418,93105,57184,1292170,0.163616,43602,1496499,0.189488,61693,2788669,0.353104,7897587
2,2021-03-27,73915,4220397,36760,2092902,33887,2031122,3268,96373,38121,1298816,0.164457,35600,1532099,0.193996,42246,2830915,0.358453,7897587
2,2021-03-28,36776,4257173,22506,2115408,13468,2044590,802,97175,20732,1305128,0.165257,15946,1548045,0.196015,22258,2853173,0.361271,7897587
2,2021-03-29,69918,4327091,35615,2151023,32112,2076702,2191,99366,40971,1320381,0.167188,28797,1576842,0.199661,44050,2897223,0.366849,7897587
2,2021-03-30,90523,4417614,44186,2195209,42073,2118775,4264,103630,55371,1345638,0.170386,34985,1611827,0.204091,60242,2957465,0.374477,7897587
2,2021-03-31,99252,4516866,51077,2246286,43181,2161956,4994,108624,58580,1369137,0.173361,40447,1652274,0.209213,63946,3021411,0.382574,7897587
2,2021-04-01,115241,4632107,55624,2301910,50709,2212665,8908,117532,63525,1390571,0.176075,51461,1703735,0.215729,72895,3094306,0.391804,7897587
2,2021-04-02,109161,4741268,50328,2352238,49020,2261685,9813,127345,59444,1410929,0.178653,49414,1753149,0.221985,69772,3164078,0.400639,7897587
2,2021-04-03,75210,4816478,36768,2389006,28924,2290609,9518,136863,37724,1421268,0.179962,37318,1790467,0.226711,47657,3211735,0.406673,7897587
2,2021-04-04,28786,4845264,14782,2403788,10190,2300799,3814,140677,13258,1422931,0.180173,15456,1805923,0.228668,17119,3228854,0.408841,7897587
2,2021-04-05,78034,4923298,38349,2442137,31074,2331873,8611,149288,38394,1431191,0.181219,39518,1845441,0.233671,47778,3276632,0.41489,7897587
2,2021-04-06,102590,5025888,50043,2492180,38022,2369895,14525,163813,49281,1442330,0.182629,53094,1898535,0.240394,64233,3340865,0.423024,7897587
2,2021-04-07,108584,5134472,54325,2546505,38284,2408179,15975,179788,51928,1454113,0.184121,56430,1954965,0.24754,68213,3409078,0.431661,7897587
2,2021-04-08,117175,5251647,56507,2603012,42248,2450427,18420,198208,54847,1465939,0.185619,62070,2017035,0.255399,73896,3482974,0.441017,7897587
2,2021-04-09,116486,5368133,56190,2659202,42502,2492929,17794,216002,55593,1479633,0.187353,60597,2077632,0.263072,74291,3557265,0.450424,7897587
2,2021-04-10,85405,5453538,37127,2696329,30418,2523347,17860,233862,35787,1484562,0.187977,49412,2127044,0.269328,54341,3611606,0.457305,7897587
2,2021-04-11,43856,5497394,22691,2719020,12676,2536023,8489,242351,18090,1486218,0.188186,25653,2152697,0.272577,27309,3638915,0.460763,7897587
2,2021-04-12,78652,5576046,36687,2755707,32737,2568760,9228,251579,35557,1489131,0.188555,42870,2195567,0.278005,45783,3684698,0.46656,7897587
2,2021-04-13,100351,5676397,51996,2807703,48111,2616871,244,251823,55312,1500729,0.190024,44839,2240406,0.283682,56437,3741135,0.473706,7897587
2,2021-04-14,104475,5780872,54877,2862580,49551,2666422,47,251870,54184,1506323,0.190732,50072,2290478,0.290023,55666,3796801,0.480755,7897587
2,2021-04-15,110988,5891860,59182,2921762,51743,2718165,63,251933,58544,1513831,0.191683,52138,2342616,0.296624,59646,3856447,0.488307,7897587
2,2021-04-16,108256,6000116,56439,2978201,51767,2769932,50,251983,55514,1517735,0.192177,52504,2395120,0.303272,56408,3912855,0.495449,7897587
2,2021-04-17,81167,6081283,41442,3019643,39712,2809644,13,251996,45765,1529126,0.193619,35235,2430355,0.307734,46626,3959481,0.501353,7897587
2,2021-04-18,33748,6115031,20207,3039850,13537,2823181,4,252000,16297,1529025,0.193607,17365,2447720,0.309933,17264,3976745,0.503539,7897587
2,2021-04-19,72891,6187922,39456,3079306,33425,2856606,10,252010,33521,1523979,0.192968,39189,2486909,0.314895,34143,4010888,0.507862,7897587
2,2021-04-20,93986,6281908,46971,3126277,46994,2903600,21,252031,46011,1522984,0.192842,47752,2534661,0.320941,46757,4057645,0.513783,7897587
2,2021-04-21,98318,6380226,52334,3178611,45930,2949530,54,252085,46911,1519694,0.192425,51115,2585776,0.327413,47825,4105470,0.519839,7897587
2,2021-04-22,104521,6484747,53633,3232244,50869,3000399,19,252104,45967,1508294,0.190982,58250,2644026,0.334789,46850,4152320,0.525771,7897587
2,2021-04-23,103559,6588306,54759,3287003,48785,3049184,15,252119,48111,1502145,0.190203,55169,2699195,0.341775,49020,4201340,0.531978,7897587
2,2021-04-24,78073,6666379,46444,3333447,31593,3080777,36,252155,41157,1507528,0.190885,36718,2735913,0.346424,42101,4243441,0.537309,7897587
2,2021-04-25,35761,6702140,22144,3355591,13603,3094380,14,252169,19552,1511440,0.19138,16104,2752017,0.348463,20016,4263457,0.539843,7897587
2,2021-04-26,65431,6767571,36313,3391904,28833,3123213,285,252454,29960,1507781,0.190917,35293,2787310,0.352932,31634,4295091,0.543849,7897587
2,2021-04-27,79817,6847388,41713,3433617,36969,3160182,1135,253589,34145,1498764,0.189775,45459,2832769,0.358688,36442,4331533,0.548463,7897587
2,2021-04-28,84250,6931638,44557,3478174,37880,3198062,1813,255402,36895,1491213,0.188819,47143,2879912,0.364657,39592,4371125,0.553476,7897587
2,2021-04-29,86841,7018479,46960,3525134,38236,3236298,1645,257047,33473,1473786,0.186612,53133,2933045,0.371385,35706,4406831,0.557997,7897587
2,2021-04-30,90856,7109335,50126,3575260,38805,3275103,1925,258972,35208,1456173,0.184382,55374,2988419,0.378396,37761,4444592,0.562778,7897587
2,2021-05-01,60345,7169680,36792,3612052,22019,3297122,1534,260506,23785,1445954,0.183088,36377,3024796,0.383003,26158,4470750,0.566091,7897587
2,2021-05-02,28705,7198385,19824,3631876,7911,3305033,970,261476,11040,1440489,0.182396,17564,3042360,0.385227,12099,4482849,0.567623,7897587
2,2021-05-03,58922,7257307,35052,3666928,21848,3326881,2022,263498,19761,1423553,0.180252,38975,3081335,0.390162,22039,4504888,0.570413,7897587
2,2021-05-04,77104,7334411,45770,3712698,29010,3355891,2324,265822,25138,1399672,0.177228,51732,3133067,0.396712,27851,4532739,0.57394,7897587
2,2021-05-05,77411,7411822,45874,3758572,29243,3385134,2294,268116,24280,1373750,0.173946,52831,3185898,0.403401,26909,4559648,0.577347,7897587
2,2021-05-06,79499,7491321,47920,3806492,28740,3413874,2839,270955,24466,1347046,0.170564,54632,3240530,0.410319,27928,4587576,0.580883,7897587
2,2021-05-07,80079,7571400,46176,3852668,31514,3445388,2389,273344,24896,1319892,0.167126,54880,3295410,0.417268,27726,4615302,0.584394,7897587
2,2021-05-08,52658,7624058,31837,3884505,19177,3464565,1644,274988,16550,1302888,0.164973,35879,3331289,0.421811,18875,4634177,0.586784,7897587
2,2021-05-09,21094,7645152,15054,3899559,5301,3469866,739,275727,6380,1295631,0.164054,14596,3345885,0.423659,7339,4641516,0.587713,7897587
2,2021-05-10,48003,7693155,26078,3925637,20126,3489992,1799,277526,13766,1277751,0.16179,34027,3379912,0.427968,16147,4657663,0.589758,7897587
2,2021-05-11,56000,7749155,30299,3955936,23843,3513835,1858,279384,17462,1259366,0.159462,38337,3418249,0.432822,19952,4677615,0.592284,7897587
2,2021-05-12,51492,7800647,27235,3983171,22416,3536251,1841,281225,15451,1241152,0.157156,35846,3454095,0.437361,17632,4695247,0.594517,7897587
2,2021-05-13,38405,7839052,23107,4006278,14110,3550361,1188,282413,12231,1228928,0.155608,26043,3480138,0.440658,13819,4709066,0.596266,7897587
3,2020-12-15,303,303,303,303,0,0,0,0,303,303,3.9e-05,0,0,0.0,303,303,3.9e-05,7688185
3,2020-12-16,2210,2513,2210,2513,0,0,0,0,2210,2513,0.000327,0,0,0.0,2210,2513,0.000327,7688185
3,2020-12-17,7603,10116,7603,10116,0,0,0,0,7603,10116,0.001316,0,0,0.0,7603,10116,0.001316,7688185
3,2020-12-18,12809,22925,12797,22913,12,12,0,0,12808,22924,0.002982,0,0,0.0,12808,22924,0.002982,7688185
3,2020-12-19,7043,29968,7032,29945,11,23,0,0,7107,30031,0.003906,0,0,0.0,7107,30031,0.003906,7688185
3,2020-12-20,5486,35454,5479,35424,7,30,0,0,5533,35563,0.004626,1,1,0.0,5533,35564,0.004626,7688185
3,2020-12-21,14270,49724,14247,49671,23,53,0,0,14335,49897,0.00649,1,2,0.0,14335,49899,0.00649,7688185
3,2020-12-22,14627,64351,14059,63730,568,621,0,0,14666,64563,0.008398,0,2,0.0,14666,64565,0.008398,7688185
3,2020-12-23,14660,79011,12073,75803,2587,3208,0,0,14686,79249,0.010308,0,2,0.0,14686,79251,0.010308,7688185
3,2020-12-24,6763,85774,4856,80659,1907,5115,0,0,6761,86009,0.011187,1,3,0.0,6761,86012,0.011188,7688185
3,2020-12-25,719,86493,663,81322,56,5171,0,0,718,86727,0.011281,0,3,0.0,718,86730,0.011281,7688185
3,2020-12-26,4597,91090,2986,84308,1611,6782,0,0,4595,91322,0.011878,0,3,0.0,4595,91325,0.011879,7688185
3,2020-12-27,2950,94040,1832,86140,1118,7900,0,0,2951,94273,0.012262,0,3,0.0,2951,94276,0.012262,7688185
3,2020-12-28,13470,107510,8612,94752,4858,12758,0,0,13498,107770,0.014018,1,4,1e-06,13498,107774,0.014018,7688185
3,2020-12-29,14912,122422,8432,103184,6480,19238,0,0,14941,122709,0.015961,2,6,1e-06,14941,122715,0.015962,7688185
3,2020-12-30,17939,140361,10046,113230,7893,27131,0,0,17929,140638,0.018293,0,6,1e-06,17929,140644,0.018294,7688185
3,2020-12-31,8322,148683,3214,116444,5108,32239,0,0,8322,148959,0.019375,1,7,1e-06,8322,148966,0.019376,7688185
3,2021-01-01,1179,149862,535,116979,644,32883,0,0,1176,150135,0.019528,0,7,1e-06,1176,150142,0.019529,7688185
3,2021-01-02,4994,154856,2477,119456,2517,35400,0,0,4994,155129,0.020178,0,7,1e-06,4994,155136,0.020178,7688185
3,2021-01-03,1595,156451,839,120295,756,36156,0,0,1586,156711,0.020383,4,11,1e-06,1586,156722,0.020385,7688185
3,2021-01-04,11969,168420,5990,126285,5979,42135,0,0,11943,168647,0.021936,7,18,2e-06,11943,168665,0.021938,7688185
3,2021-01-05,15569,183989,8029,134314,7540,49675,0,0,13970,181057,0.02355,1584,1602,0.000208,13994,182659,0.023758,7688185
3,2021-01-06,20101,204090,10514,144828,9587,59262,0,0,15857,192716,0.025067,4204,5806,0.000755,15863,198522,0.025822,7688185
3,2021-01-07,26040,230130,14829,159657,11211,70473,0,0,16998,200713,0.026107,9015,14821,0.001928,17012,215534,0.028034,7688185
3,2021-01-08,30025,260155,18351,178008,11674,82147,0,0,17937,206602,0.026873,12068,26889,0.003497,17957,233491,0.03037,7688185
3,2021-01-09,12305,272460,6956,184964,5349,87496,0,0,7824,209959,0.027309,4475,31364,0.00408,7832,241323,0.031389,7688185
3,2021-01-10,7157,279617,4460,189424,2697,90193,0,0,4021,210850,0.027425,3134,34498,0.004487,4025,245348,0.031912,7688185
3,2021-01-11,28688,308305,18768,208192,9920,100113,0,0,16230,214670,0.027922,12453,46951,0.006107,16273,261621,0.034029,7688185
3,2021-01-12,31892,340197,19078,227270,12814,112927,0,0,19519,221916,0.028865,12357,59308,0.007714,19603,281224,0.036579,7688185
3,2021-01-13,34296,374493,17941,245211,16355,129282,0,0,24219,236077,0.030706,10077,69385,0.009025,24238,305462,0.039731,7688185
3,2021-01-14,34297,408790,14114,259325,20183,149465,0,0,28436,258717,0.033651,5829,75214,0.009783,28469,333931,0.043434,7688185
3,2021-01-15,38545,447335,14414,273739,24131,173596,0,0,33943,288128,0.037477,4593,79807,0.01038,34004,367935,0.047857,7688185
3,2021-01-16,21743,469078,7605,281344,14138,187734,0,0,19438,305296,0.03971,2291,82098,0.010678,19459,387394,0.050388,7688185
3,2021-01-17,13112,482190,4468,285812,8644,196378,0,0,12088,316379,0.041151,1023,83121,0.010812,12106,399500,0.051963,7688185
3,2021-01-18,24534,506724,12768,298580,11766,208144,0,0,19048,329965,0.042918,5504,88625,0.011527,19090,418590,0.054446,7688185
3,2021-01-19,40671,547395,20776,319356,19895,228039,0,0,31643,352686,0.045874,9002,97627,0.012698,31723,450313,0.058572,7688185
3,2021-01-20,44730,592125,22044,341400,22686,250725,0,0,35454,378981,0.049294,9234,106861,0.013899,35529,485842,0.063193,7688185
3,2021-01-21,47115,639240,20324,361724,26791,277516,0,0,41710,415422,0.054034,5333,112194,0.014593,41774,527616,0.068627,7688185
3,2021-01-22,49180,688420,19610,381334,29570,307086,0,0,45072,456448,0.05937,4115,116309,0.015128,45141,572757,0.074498,7688185
3,2021-01-23,29983,718403,12722,394056,17261,324347,0,0,26667,479856,0.062415,3305,119614,0.015558,26713,599470,0.077973,7688185
3,2021-01-24,17612,736015,8491,402547,9121,333468,0,0,16468,495205,0.064411,1142,120756,0.015707,16491,615961,0.080118,7688185
3,2021-01-25,40252,776267,18015,420562,22237,355705,0,0,30447,515947,0.067109,9787,130543,0.01698,30529,646490,0.084089,7688185
3,2021-01-26,46490,822757,22182,442744,24308,380013,0,0,36579,542724,0.070592,9905,140448,0.018268,36682,683172,0.08886,7688185
3,2021-01-27,50413,873170,24481,467225,25932,405945,0,0,39910,572281,0.074436,10425,150873,0.019624,39982,723154,0.09406,7688185
3,2021-01-28,51283,924453,23806,491031,27477,433422,0,0,42489,606102,0.078836,8713,159586,0.020757,42534,765688,0.099593,7688185
3,2021-01-29,50179,974632,24167,515198,26012,459434,0,0,40761,637674,0.082942,9232,168818,0.021958,40804,806492,0.1049,7688185
3,2021-01-30,36580,1011212,17357,532555,19223,478657,0,0,32035,665291,0.086534,4496,173314,0.022543,32113,838605,0.109077,7688185
3,2021-01-31,22210,1033422,12823,545378,9387,488044,0,0,20728,684567,0.089041,1470,174784,0.022734,20746,859351,0.111776,7688185
3,2021-02-01,44813,1078235,20231,565609,24582,512626,0,0,34659,709151,0.092239,10112,184896,0.024049,34696,894047,0.116288,7688185
3,2021-02-02,54130,1132365,22830,588439,31300,543926,0,0,41428,738012,0.095993,12614,197510,0.02569,41475,935522,0.121683,7688185
3,2021-02-03,59537,1191902,26540,614979,32997,576923,0,0,44353,767401,0.099816,15027,212537,0.027645,44416,979938,0.12746,7688185
3,2021-02-04,63928,1255830,27800,642779,36128,613051,0,0,46918,797604,0.103744,16819,229356,0.029832,47022,1026960,0.133576,7688185
3,2021-02-05,69723,1325553,29699,672478,40024,653075,0,0,48244,824735,0.107273,21270,250626,0.032599,48401,1075361,0.139872,7688185
3,2021-02-06,43437,1368990,21158,693636,22279,675354,0,0,33683,848876,0.110413,9724,260350,0.033864,33865,1109226,0.144277,7688185
3,2021-02-07,19414,1388404,12294,705930,7120,682474,0,0,14938,859474,0.111792,4466,264816,0.034445,15064,1124290,0.146236,7688185
3,2021-02-08,50678,1439082,24418,730348,26260,708734,0,0,33295,875689,0.113901,17263,282079,0.03669,33478,1157768,0.150591,7688185
3,2021-02-09,58042,1497124,28244,758592,29798,738532,0,0,34100,886362,0.115289,23771,305850,0.039782,34444,1192212,0.155071,7688185
3,2021-02-10,67332,1564456,31315,789907,36017,774549,0,0,36577,892938,0.116144,30527,336377,0.043752,37103,1229315,0.159897,7688185
3,2021-02-11,69931,1634387,34491,824398,35440,809989,0,0,37668,899206,0.116959,31928,368305,0.047905,38196,1267511,0.164865,7688185
3,2021-02-12,74599,1708986,32285,856683,42314,852303,0,0,41360,908364,0.118151,32956,401261,0.052192,42114,1309625,0.170343,7688185
3,2021-02-13,44499,1753485,20215,876898,24284,876587,0,0,25692,915973,0.11914,18663,419924,0.054619,26272,1335897,0.17376,7688185
3,2021-02-14,27075,1780560,13539,890437,13536,890123,0,0,15159,919706,0.119626,11871,431795,0.056163,15604,1351501,0.175789,7688185
3,2021-02-15,39581,1820141,17093,907530,22488,912611,0,0,21935,925012,0.120316,17560,449355,0.058447,22866,1374367,0.178764,7688185
3,2021-02-16,69289,1889430,32754,940284,36535,949146,0,0,36173,929217,0.120863,32987,482342,0.062738,37192,1411559,0.183601,7688185
3,2021-02-17,71012,1960442,35948,976232,35064,984210,0,0,33868,927211,0.120602,36945,519287,0.067544,34939,1446498,0.188146,7688185
3,2021-02-18,76057,2036499,39745,1015977,36312,1020522,0,0,35560,923735,0.12015,40372,559659,0.072795,36896,1483394,0.192945,7688185
3,2021-02-19,67887,2104386,39168,1055145,28719,1049241,0,0,34447,925524,0.120383,33348,593007,0.077132,35137,1518531,0.197515,7688185
3,2021-02-20,41511,2145897,26305,1081450,15206,1064447,0,0,22057,928702,0.120796,19369,612376,0.079652,22547,1541078,0.200448,7688185
3,2021-02-21,19984,2165881,16235,1097685,3749,1068196,0,0,9300,927760,0.120673,10617,622993,0.081033,9675,1550753,0.201706,7688185
3,2021-02-22,44696,2210577,29129,1126814,15567,1083763,0,0,21193,926006,0.120445,23426,646419,0.08408,21672,1572425,0.204525,7688185
3,2021-02-23,59588,2270165,32356,1159170,27232,1110995,0,0,26311,921150,0.119814,33147,679566,0.088391,28291,1600716,0.208205,7688185
3,2021-02-24,75870,2346035,37075,1196245,38795,1149790,0,0,34034,916007,0.119145,41674,721240,0.093811,36531,1637247,0.212956,7688185
3,2021-02-25,84637,2430672,40927,1237172,43710,1193500,0,0,42626,919401,0.119586,41800,763040,0.099248,45194,1682441,0.218835,7688185
3,2021-02-26,95034,2525706,43319,1280491,51715,1245215,0,0,50792,928448,0.120763,43930,806970,0.104962,52977,1735418,0.225725,7688185
3,2021-02-27,66646,2592352,30317,1310808,36326,1281541,3,3,35277,933816,0.121461,31205,838175,0.109021,36573,1771991,0.230482,7688185
3,2021-02-28,37579,2629931,21827,1332635,15751,1297292,1,4,19507,936339,0.121789,17933,856108,0.111354,20456,1792447,0.233143,7688185
3,2021-03-01,65154,2695085,34497,1367132,30643,1327935,14,18,36508,945688,0.123005,28499,884607,0.115061,37848,1830295,0.238066,7688185
3,2021-03-02,74305,2769390,35450,1402582,38852,1366787,3,21,42946,959446,0.124795,31247,915854,0.119125,45005,1875300,0.24392,7688185
3,2021-03-03,86839,2856229,41250,1443832,45575,1412362,14,35,48428,971888,0.126413,38249,954103,0.1241,50691,1925991,0.250513,7688185
3,2021-03-04,91442,2947671,44727,1488559,46700,1459062,15,50,52058,987021,0.128382,39197,993300,0.129198,54330,1980321,0.25758,7688185
3,2021-03-05,87345,3035016,42448,1531007,44608,1503670,289,339,53222,1008837,0.131219,33910,1027210,0.133609,55726,2036047,0.264828,7688185
3,2021-03-06,63820,3098836,32054,1563061,29630,1533300,2136,2475,36545,1021833,0.13291,27152,1054362,0.137141,40148,2076195,0.27005,7688185
3,2021-03-07,36411,3135247,21506,1584567,13797,1547097,1108,3583,20856,1029449,0.1339,15507,1069869,0.139158,23123,2099318,0.273058,7688185
3,2021-03-08,57773,3193020,27382,1611949,27575,1574672,2816,6399,36616,1049375,0.136492,21050,1090919,0.141896,40976,2140294,0.278387,7688185
3,2021-03-09,70165,3263185,29749,1641698,36081,1610753,4335,10734,36486,1057803,0.137588,33574,1124493,0.146262,42002,2182296,0.283851,7688185
3,2021-03-10,80020,3343205,39417,1681115,34584,1645337,6019,16753,41447,1068262,0.138949,38411,1162904,0.151259,48870,2231166,0.290207,7688185
3,2021-03-11,95660,3438865,46829,1727944,40324,1685661,8507,25260,47155,1076766,0.140055,48276,1211180,0.157538,56780,2287946,0.297592,7688185
3,2021-03-12,100277,3539142,44594,1772538,43900,1729561,11783,37043,46067,1081725,0.1407,54037,1265217,0.164566,58996,2346942,0.305266,7688185
3,2021-03-13,68635,3607777,29052,1801590,32397,1761958,7186,44229,36089,1093935,0.142288,32450,1297667,0.168787,44660,2391602,0.311075,7688185
3,2021-03-14,40209,3647986,21140,1822730,15587,1777545,3482,47711,21858,1101618,0.143287,18296,1315963,0.171167,25979,2417581,0.314454,7688185
3,2021-03-15,74436,3722422,35288,1858018,34655,1812200,4493,52204,39616,1112063,0.144646,34667,1350630,0.175676,45112,2462693,0.320322,7688185
3,2021-03-16,93868,3816290,43226,1901244,46390,1858590,4252,56456,53566,1130688,0.147068,40119,1390749,0.180894,58744,2521437,0.327963,7688185
3,2021-03-17,96385,3912675,46802,1948046,45192,1903782,4391,60847,59109,1157764,0.15059,37092,1427841,0.185719,64168,2585605,0.336309,7688185
3,2021-03-18,101640,4014315,51572,1999618,45709,1949491,4359,65206,59539,1180316,0.153523,41900,1469741,0.191169,64452,2650057,0.344692,7688185
3,2021-03-19,101063,4115378,53948,2053566,42731,1992222,4384,69590,57561,1199521,0.156021,43282,1513023,0.196798,62487,2712544,0.35282,7688185
3,2021-03-20,70318,4185696,36207,2089773,30554,2022776,3557,73147,44477,1222367,0.158993,25687,1538710,0.20014,48533,2761077,0.359132,7688185
3,2021-03-21,35372,4221068,24042,2113815,9870,2032646,1460,74607,22999,1234987,0.160634,12307,1551017,0.20174,24927,2786004,0.362375,7688185
3,2021-03-22,69275,4290343,40679,2154494,26131,2058777,2465,77072,45228,1259812,0.163863,23875,1574892,0.204846,48700,2834704,0.368709,7688185
3,2021-03-23,88493,4378836,48766,2203260,37279,2096056,2448,79520,57253,1289185,0.167684,31030,1605922,0.208882,60403,2895107,0.376566,7688185
3,2021-03-24,97466,4476302,56205,2259465,38477,2134533,2784,82304,56976,1309351,0.170307,40199,1646121,0.21411,60365,2955472,0.384417,7688185
3,2021-03-25,105594,4581896,58865,2318330,43889,2178422,2840,85144,61083,1329683,0.172951,44242,1690363,0.219865,64574,3020046,0.392817,7688185
3,2021-03-26,108588,4690484,58267,2376597,47111,2225533,3210,88354,58013,1341462,0.174484,50323,1740686,0.226411,62102,3082148,0.400894,7688185
3,2021-03-27,73124,4763608,37036,2413633,33563,2259096,2525,90879,36643,1344995,0.174943,36308,1776994,0.231133,39841,3121989,0.406076,7688185
3,2021-03-28,43255,4806863,27157,2440790,15294,2274390,804,91683,23109,1349349,0.175509,20055,1797049,0.233742,24409,3146398,0.409251,7688185
3,2021-03-29,79476,4886339,41508,2482298,36198,2310588,1770,93453,44967,1362568,0.177229,34318,1831367,0.238205,47537,3193935,0.415434,7688185
3,2021-03-30,98708,4985047,48526,2530824,46641,2357229,3541,96994,59830,1387867,0.180519,38674,1870041,0.243236,63973,3257908,0.423755,7688185
3,2021-03-31,103499,5088546,55851,2586675,42922,2400151,4726,101720,57395,1404380,0.182667,45944,1915985,0.249212,62457,3320365,0.431879,7688185
3,2021-04-01,121458,5210004,61514,2648189,50550,2450701,9394,111114,66384,1425696,0.18544,54827,1970812,0.256343,76143,3396508,0.441783,7688185
3,2021-04-02,115826,5325830,56599,2704788,49238,2499939,9989,121103,61794,1444189,0.187845,53821,2024633,0.263343,72314,3468822,0.451189,7688185
3,2021-04-03,74893,5400723,38206,2742994,27686,2527625,9001,130104,37693,1454142,0.18914,37090,2061723,0.268168,47043,3515865,0.457308,7688185
3,2021-04-04,32127,5432850,17171,2760165,10810,2538435,4146,134250,14374,1455011,0.189253,17695,2079418,0.270469,18564,3534429,0.459722,7688185
3,2021-04-05,87887,5520737,44680,2804845,34289,2572724,8918,143168,43557,1464146,0.190441,44177,2123595,0.276215,53312,3587741,0.466656,7688185
3,2021-04-06,112072,5632809,54694,2859539,42401,2615125,14977,158145,53372,1474743,0.191819,58484,2182079,0.283822,69081,3656822,0.475642,7688185
3,2021-04-07,114664,5747473,59672,2919211,38964,2654089,16028,174173,56109,1488827,0.193651,58356,2240435,0.291413,72440,3729262,0.485064,7688185
3,2021-04-08,119741,5867214,59972,2979183,39979,2694068,19790,193963,56040,1501991,0.195364,63469,2303904,0.299668,76633,3805895,0.495032,7688185
3,2021-04-09,116417,5983631,58207,3037390,39369,2733437,18841,212804,51675,1508879,0.196259,64554,2368458,0.308065,71442,3877337,0.504324,7688185
3,2021-04-10,82475,6066106,37449,3074839,30019,2763456,15007,227811,33942,1510276,0.196441,48392,2416850,0.314359,49789,3927126,0.5108,7688185
3,2021-04-11,44565,6110671,23964,3098803,12668,2776124,7933,235744,17139,1508832,0.196253,27352,2444202,0.317917,25908,3953034,0.51417,7688185
3,2021-04-12,82765,6193436,41963,3140766,32236,2808360,8566,244310,38015,1511911,0.196654,44576,2488778,0.323715,47655,4000689,0.520368,7688185
3,2021-04-13,104120,6297556,56518,3197284,47397,2855757,205,244515,55337,1519708,0.197668,48612,2537390,0.330038,56409,4057098,0.527706,7688185
3,2021-04-14,104982,6402538,57593,3254877,47299,2903056,90,244605,53060,1522586,0.198042,51694,2589084,0.336761,54572,4111670,0.534804,7688185
3,2021-04-15,117181,6519719,65961,3320838,51164,2954220,56,244661,63223,1532916,0.199386,53735,2642819,0.343751,64065,4175735,0.543137,7688185
3,2021-04-16,113261,6632980,63657,3384495,49515,3003735,89,244750,59666,1539964,0.200303,53369,2696188,0.350692,60417,4236152,0.550995,7688185
3,2021-04-17,77492,6710472,42403,3426898,35077,3038812,12,244762,43337,1550247,0.20164,34014,2730202,0.355117,44297,4280449,0.556757,7688185
3,2021-04-18,36754,6747226,21796,3448694,14955,3053767,3,244765,17413,1549247,0.20151,19269,2749471,0.357623,18269,4298718,0.559133,7688185
3,2021-04-19,77590,6824816,43377,3492071,34161,3087928,52,244817,35251,1542876,0.200681,42200,2791671,0.363112,35829,4334547,0.563793,7688185
3,2021-04-20,97321,6922137,50436,3542507,46876,3134804,9,244826,47620,1542008,0.200569,49529,2841200,0.369554,48661,4383208,0.570123,7688185
3,2021-04-21,100343,7022480,55403,3597910,44879,3179683,61,244887,47754,1538436,0.200104,52337,2893537,0.376362,48765,4431973,0.576465,7688185
3,2021-04-22,108104,7130584,60405,3658315,47680,3227363,19,244906,46784,1525119,0.198372,61054,2954591,0.384303,47737,4479710,0.582675,7688185
3,2021-04-23,102341,7232925,58268,3716583,44052,3271415,21,244927,45056,1514200,0.196952,56987,3011578,0.391715,46068,4525778,0.588667,7688185
3,2021-04-24,72151,7305076,44841,3761424,27253,3298668,57,244984,35394,1514076,0.196935,36535,3048113,0.396467,36411,4562189,0.593403,7688185
3,2021-04-25,35962,7341038,23241,3784665,12708,3311376,13,244997,18543,1515697,0.197146,17317,3065430,0.39872,18938,4581127,0.595866,7688185
3,2021-04-26,64758,7405796,36377,3821042,28016,3339392,365,245362,27520,1507827,0.196123,37039,3102469,0.403537,29169,4610296,0.59966,7688185
3,2021-04-27,81836,7487632,42592,3863634,37853,3377245,1391,246753,32602,1493548,0.194265,49002,3151471,0.409911,34723,4645019,0.604176,7688185
3,2021-04-28,83257,7570889,46936,3910570,34250,3411495,2071,248824,33736,1480575,0.192578,49303,3200774,0.416324,36330,4681349,0.608902,7688185
3,2021-04-29,85119,7656008,48443,3959013,34534,3446029,2142,250966,29769,1457844,0.189621,55116,3255890,0.423493,32385,4713734,0.613114,7688185
3,2021-04-30,87432,7743440,49227,4008240,35784,3481813,2421,253387,32544,1438601,0.187118,54651,3310541,0.430601,35408,4749142,0.61772,7688185
3,2021-05-01,54072,7797512,34192,4042432,18453,3500266,1427,254814,19461,1425500,0.185414,34466,3345007,0.435084,21365,4770507,0.620498,7688185
3,2021-05-02,26369,7823881,17998,4060430,7365,3507631,1006,255820,9649,1419602,0.184647,16652,3361659,0.43725,10754,4781261,0.621897,7688185
3,2021-05-03,58499,7882380,34391,4094821,21786,3529417,2322,258142,17121,1398006,0.181838,41217,3402876,0.442611,19621,4800882,0.624449,7688185
3,2021-05-04,75131,7957511,43006,4137827,29519,3558936,2606,260748,21972,1369943,0.178188,52921,3455797,0.449495,24858,4825740,0.627683,7688185
3,2021-05-05,75991,8033502,45415,4183242,27964,3586900,2612,263360,20910,1338900,0.17415,54829,3510626,0.456626,23786,4849526,0.630776,7688185
3,2021-05-06,80537,8114039,50926,4234168,27184,3614084,2427,265787,20240,1302190,0.169375,59924,3570550,0.46442,23214,4872740,0.633796,7688185
3,2021-05-07,79125,8193164,49108,4283276,27459,3641543,2558,268345,21236,1268657,0.165014,57618,3628168,0.471915,24085,4896825,0.636929,7688185
3,2021-05-08,49928,8243092,30875,4314151,17426,3658969,1627,269972,13367,1247629,0.162279,36267,3664435,0.476632,15239,4912064,0.638911,7688185
3,2021-05-09,20279,8263371,14659,4328810,4831,3663800,789,270761,5604,1239529,0.161225,14560,3678995,0.478526,6460,4918524,0.639751,7688185
3,2021-05-10,45897,8309268,24646,4353456,19387,3683187,1864,272625,10950,1217832,0.158403,34764,3713759,0.483048,13067,4931591,0.641451,7688185
3,2021-05-11,54847,8364115,30815,4384271,22077,3705264,1955,274580,14199,1193914,0.155292,40489,3754248,0.488314,16571,4948162,0.643606,7688185
3,2021-05-12,50680,8414795,28941,4413212,19752,3725016,1987,276567,13260,1172156,0.152462,37254,3791502,0.49316,15496,4963658,0.645622,7688185
3,2021-05-13,38211,8453006,23886,4437098,13251,3738267,1074,277641,11310,1157981,0.150618,26796,3818298,0.496645,12621,4976279,0.647263,7688185
4,2020-12-15,444,444,444,444,0,0,0,0,444,444,5.9e-05,0,0,0.0,444,444,5.9e-05,7584050
4,2020-12-16,2957,3401,2957,3401,0,0,0,0,2957,3401,0.000448,0,0,0.0,2957,3401,0.000448,7584050
4,2020-12-17,8526,11927,8526,11927,0,0,0,0,8526,11927,0.001573,0,0,0.0,8526,11927,0.001573,7584050
4,2020-12-18,15387,27314,15378,27305,9,9,0,0,15387,27314,0.003602,0,0,0.0,15387,27314,0.003602,7584050
4,2020-12-19,10233,37547,10226,37531,7,16,0,0,10168,37482,0.004942,0,0,0.0,10168,37482,0.004942,7584050
4,2020-12-20,7352,44899,7345,44876,7,23,0,0,7307,44789,0.005906,0,0,0.0,7307,44789,0.005906,7584050
4,2020-12-21,16273,61172,16250,61126,23,46,0,0,16206,60995,0.008043,0,0,0.0,16206,60995,0.008043,7584050
4,2020-12-22,17088,78260,16358,77484,730,776,0,0,17044,78039,0.01029,0,0,0.0,17044,78039,0.01029,7584050
4,2020-12-23,16918,95178,14232,91716,2686,3462,0,0,16890,94929,0.012517,0,0,0.0,16890,94929,0.012517,7584050
4,2020-12-24,8539,103717,5957,97673,2582,6044,0,0,8539,103468,0.013643,0,0,0.0,8539,103468,0.013643,7584050
4,2020-12-25,900,104617,796,98469,104,6148,0,0,900,104368,0.013762,0,0,0.0,900,104368,0.013762,7584050
4,2020-12-26,6167,110784,3865,102334,2302,8450,0,0,6167,110535,0.014575,0,0,0.0,6167,110535,0.014575,7584050
4,2020-12-27,3415,114199,1996,104330,1419,9869,0,0,3415,113950,0.015025,0,0,0.0,3415,113950,0.015025,7584050
4,2020-12-28,14953,129152,9241,113571,5712,15581,0,0,14923,128872,0.016993,1,1,0.0,14923,128873,0.016993,7584050
4,2020-12-29,15235,144387,8432,122003,6803,22384,0,0,15202,144074,0.018997,0,1,0.0,15202,144075,0.018997,7584050
4,2020-12-30,18869,163256,11057,133060,7812,30196,0,0,18858,162930,0.021483,2,3,0.0,18858,162933,0.021484,7584050
4,2020-12-31,8190,171446,3321,136381,4869,35065,0,0,8185,171113,0.022562,2,5,1e-06,8185,171118,0.022563,7584050
4,2021-01-01,1233,172679,524,136905,709,35774,0,0,1231,172342,0.022724,2,7,1e-06,1231,172349,0.022725,7584050
4,2021-01-02,5669,178348,3205,140110,2464,38238,0,0,5668,178009,0.023471,1,8,1e-06,5668,178017,0.023473,7584050
4,2021-01-03,2124,180472,1258,141368,866,39104,0,0,2110,180115,0.023749,4,12,2e-06,2110,180127,0.023751,7584050
4,2021-01-04,12941,193413,7058,148426,5883,44987,0,0,12893,192978,0.025445,30,42,6e-06,12893,193020,0.025451,7584050
4,2021-01-05,16757,210170,9906,158332,6851,51838,0,0,14732,205717,0.027125,2004,2046,0.00027,14743,207763,0.027395,7584050
4,2021-01-06,21470,231640,13161,171493,8309,60147,0,0,15630,215570,0.028424,5788,7834,0.001033,15641,223404,0.029457,7584050
4,2021-01-07,27749,259389,16918,188411,10831,70978,0,0,16972,221833,0.02925,10722,18556,0.002447,16985,240389,0.031697,7584050
4,2021-01-08,32620,292009,20932,209343,11688,82666,0,0,18482,226264,0.029834,14069,32625,0.004302,18500,258889,0.034136,7584050
4,2021-01-09,16152,308161,9556,218899,6596,89262,0,0,9419,228983,0.030193,6711,39336,0.005187,9430,268319,0.035379,7584050
4,2021-01-10,8704,316865,5621,224520,3083,92345,0,0,4106,228520,0.030132,4577,43913,0.00579,4114,272433,0.035922,7584050
4,2021-01-11,33230,350095,21769,246289,11461,103806,0,0,18739,232848,0.030702,14450,58363,0.007695,18778,291211,0.038398,7584050
4,2021-01-12,38024,388119,21815,268104,16209,120015,0,0,24014,242940,0.032033,13961,72324,0.009536,24053,315264,0.041569,7584050
4,2021-01-13,38403,426522,18898,287002,19505,139520,0,0,27218,259052,0.034157,11131,83455,0.011004,27243,342507,0.045161,7584050
4,2021-01-14,38867,465389,14852,301854,24015,163535,0,0,31828,283915,0.037436,6992,90447,0.011926,31855,374362,0.049362,7584050
4,2021-01-15,45046,510435,15593,317447,29453,192988,0,0,39533,318010,0.041931,5458,95905,0.012646,39553,413915,0.054577,7584050
4,2021-01-16,28519,538954,9339,326786,19180,212168,0,0,25417,340375,0.04488,3066,98971,0.01305,25431,439346,0.05793,7584050
4,2021-01-17,18940,557894,6644,333430,12296,224464,0,0,17430,356335,0.046985,1485,100456,0.013246,17445,456791,0.06023,7584050
4,2021-01-18,29129,587023,13370,346800,15759,240223,0,0,23182,373699,0.049274,5850,106306,0.014017,23214,480005,0.063291,7584050
4,2021-01-19,46000,633023,23193,369993,22807,263030,0,0,36700,401225,0.052904,9245,115551,0.015236,36771,516776,0.06814,7584050
4,2021-01-20,51510,684533,27323,397316,24187,287217,0,0,41123,432106,0.056976,10292,125843,0.016593,41173,557949,0.073569,7584050
4,2021-01-21,56239,740772,24870,422186,31369,318586,0,0,49865,475698,0.062723,6315,132158,0.017426,49907,607856,0.080149,7584050
4,2021-01-22,54793,795565,22019,444205,32774,351360,0,0,49720,520469,0.068627,4979,137137,0.018082,49750,657606,0.086709,7584050
4,2021-01-23,39376,834941,17409,461614,21967,373327,0,0,35084,551297,0.072692,4284,141421,0.018647,35112,692718,0.091339,7584050
4,2021-01-24,23894,858835,10492,472106,13402,386729,0,0,22024,571476,0.075352,1862,143283,0.018893,22041,714759,0.094245,7584050
4,2021-01-25,47557,906392,21959,494065,25598,412327,0,0,36563,597129,0.078735,10964,154247,0.020338,36617,751376,0.099073,7584050
4,2021-01-26,56224,962616,28695,522760,27529,439856,0,0,44161,629340,0.082982,12008,166255,0.021922,44219,795595,0.104904,7584050
4,2021-01-27,55176,1017792,26689,549449,28487,468343,0,0,44242,662832,0.087398,10800,177055,0.023346,44292,839887,0.110744,7584050
4,2021-01-28,56062,1073854,25303,574752,30759,499102,0,0,46218,699338,0.092212,9753,186808,0.024632,46259,886146,0.116843,7584050
4,2021-01-29,56021,1129875,26943,601695,29078,528180,0,0,45773,735030,0.096918,10107,196915,0.025964,45799,931945,0.122882,7584050
4,2021-01-30,37474,1167349,17069,618764,20405,548585,0,0,32238,762101,0.100487,5191,202106,0.026649,32262,964207,0.127136,7584050
4,2021-01-31,23790,1191139,12503,631267,11287,559872,0,0,22189,782719,0.103206,1585,203691,0.026858,22203,986410,0.130064,7584050
4,2021-02-01,48168,1239307,22717,653984,25451,585323,0,0,37909,810440,0.106861,10230,213921,0.028207,37951,1024361,0.135068,7584050
4,2021-02-02,55829,1295136,26333,680317,29496,614819,0,0,42147,839080,0.110637,13548,227469,0.029993,42188,1066549,0.140631,7584050
4,2021-02-03,61729,1356865,30344,710661,31385,646204,0,0,47558,872631,0.115061,14063,241532,0.031847,47614,1114163,0.146909,7584050
4,2021-02-04,67258,1424123,31373,742034,35885,682089,0,0,50626,906887,0.119578,16476,258008,0.03402,50732,1164895,0.153598,7584050
4,2021-02-05,72638,1496761,33655,775689,38983,721072,0,0,50752,936125,0.123433,21646,279654,0.036874,50884,1215779,0.160307,7584050
4,2021-02-06,47981,1544742,25980,801669,22001,743073,0,0,36560,961495,0.126779,11391,291045,0.038376,36761,1252540,0.165155,7584050
4,2021-02-07,26255,1570997,17322,818991,8933,752006,0,0,19894,975298,0.128599,6327,297372,0.03921,20130,1272670,0.167809,7584050
4,2021-02-08,58081,1629078,29805,848796,28276,780282,0,0,37844,993290,0.130971,20107,317479,0.041861,38099,1310769,0.172832,7584050
4,2021-02-09,66801,1695879,34016,882812,32785,813067,0,0,39293,1005537,0.132586,27444,344923,0.04548,39691,1350460,0.178066,7584050
4,2021-02-10,76853,1772732,38485,921297,38368,851435,0,0,40861,1011173,0.133329,35759,380682,0.050195,41395,1391855,0.183524,7584050
4,2021-02-11,80591,1853323,42023,963320,38568,890003,0,0,41790,1015036,0.133838,38587,419269,0.055283,42450,1434305,0.189121,7584050
4,2021-02-12,83741,1937064,37521,1000841,46220,936223,0,0,43238,1018726,0.134325,40331,459600,0.060601,44021,1478326,0.194926,7584050
4,2021-02-13,58304,1995368,29553,1030394,28751,964974,0,0,29809,1021041,0.13463,28382,487982,0.064343,30697,1509023,0.198973,7584050
4,2021-02-14,36618,2031986,19029,1049423,17589,982563,0,0,18823,1022767,0.134858,17751,505733,0.066684,19477,1528500,0.201541,7584050
4,2021-02-15,45802,2077788,21487,1070910,24315,1006878,0,0,23594,1025393,0.135204,22141,527874,0.069603,24767,1553267,0.204807,7584050
4,2021-02-16,79394,2157182,36342,1107252,43052,1049930,0,0,40594,1028486,0.135612,38707,566581,0.074707,41800,1595067,0.210319,7584050
4,2021-02-17,80624,2237806,37971,1145223,42653,1092583,0,0,38512,1026163,0.135305,41959,608540,0.080239,39636,1634703,0.215545,7584050
4,2021-02-18,82558,2320364,45439,1190662,37119,1129702,0,0,38375,1021966,0.134752,44041,652581,0.086047,39844,1674547,0.220799,7584050
4,2021-02-19,81569,2401933,51323,1241985,30246,1159948,0,0,40964,1023151,0.134908,40469,693050,0.091383,41654,1716201,0.226291,7584050
4,2021-02-20,48223,2450156,32202,1274187,16021,1175969,0,0,26409,1028481,0.135611,21764,714814,0.094252,27094,1743295,0.229863,7584050
4,2021-02-21,25733,2475889,20126,1294313,5607,1181576,0,0,11668,1026423,0.13534,14006,728820,0.096099,11948,1755243,0.231439,7584050
4,2021-02-22,52135,2528024,35888,1330201,16247,1197823,0,0,25355,1025518,0.13522,26696,755516,0.099619,25791,1781034,0.234839,7584050
4,2021-02-23,72325,2600349,39890,1370091,32435,1230258,0,0,31837,1018635,0.134313,40378,795894,0.104943,33495,1814529,0.239256,7584050
4,2021-02-24,87549,2687898,46099,1416190,41450,1271708,0,0,39758,1012932,0.133561,47604,843498,0.11122,41901,1856430,0.244781,7584050
4,2021-02-25,97817,2785715,50837,1467027,46980,1318688,0,0,46997,1011789,0.13341,50676,894174,0.117902,49533,1905963,0.251312,7584050
4,2021-02-26,103936,2889651,52376,1519403,51560,1370248,0,0,53765,1017930,0.13422,49955,944129,0.124489,56096,1962059,0.258709,7584050
4,2021-02-27,74745,2964396,40431,1559834,34308,1404556,6,6,39971,1024722,0.135115,34656,978785,0.129058,41448,2003507,0.264174,7584050
4,2021-02-28,44966,3009362,27864,1587698,17101,1421657,1,7,25058,1030882,0.135928,19777,998562,0.131666,25937,2029444,0.267594,7584050
4,2021-03-01,74533,3083895,43532,1631230,30986,1452643,15,22,41276,1040296,0.137169,33055,1031617,0.136025,42469,2071913,0.273193,7584050
4,2021-03-02,80538,3164433,44921,1676151,35613,1488256,4,26,47214,1056111,0.139254,33182,1064799,0.1404,48997,2120910,0.279654,7584050
4,2021-03-03,97957,3262390,51688,1727839,46258,1534514,11,37,54494,1069103,0.140967,43280,1108079,0.146106,56272,2177182,0.287074,7584050
4,2021-03-04,95456,3357846,52943,1780782,42499,1577013,14,51,52425,1080466,0.142466,42843,1150922,0.151756,54206,2231388,0.294221,7584050
4,2021-03-05,92332,3450178,49361,1830143,42659,1619672,312,363,54669,1099870,0.145024,37491,1188413,0.156699,56895,2288283,0.301723,7584050
4,2021-03-06,74853,3525031,41934,1872077,30319,1649991,2600,2963,45799,1120654,0.147765,28957,1217370,0.160517,49741,2338024,0.308282,7584050
4,2021-03-07,41397,3566428,26239,1898316,13999,1663990,1159,4122,24567,1130689,0.149088,16775,1234145,0.162729,26810,2364834,0.311817,7584050
4,2021-03-08,65021,3631449,33725,1932041,28128,1692118,3168,7290,42730,1155743,0.152391,22190,1256335,0.165655,47244,2412078,0.318046,7584050
4,2021-03-09,73712,3705161,34148,1966189,34473,1726591,5091,12381,38228,1164854,0.153593,35343,1291678,0.170315,44454,2456532,0.323908,7584050
4,2021-03-10,88083,3793244,44669,2010858,36026,1762617,7388,19769,44114,1173515,0.154735,43817,1335495,0.176093,52478,2509010,0.330827,7584050
4,2021-03-11,99769,3893013,52489,2063347,38931,1801548,8349,28118,46266,1175953,0.155056,53309,1388804,0.183122,55747,2564757,0.338178,7584050
4,2021-03-12,103347,3996360,50890,2114237,42265,1843813,10192,38310,44305,1172571,0.15461,58832,1447636,0.190879,55450,2620207,0.345489,7584050
4,2021-03-13,79866,4076226,37144,2151381,34375,1878188,8347,46657,37562,1177450,0.155253,42191,1489827,0.196442,47070,2667277,0.351696,7584050
4,2021-03-14,49011,4125237,27907,2179288,17520,1895708,3584,50241,25144,1183022,0.155988,23793,1513620,0.199579,29365,2696642,0.355568,7584050
4,2021-03-15,82912,4208149,44399,2223687,34319,1930027,4194,54435,42861,1191063,0.157048,39856,1553476,0.204835,47897,2744539,0.361883,7584050
4,2021-03-16,106565,4314714,55325,2279012,47886,1977913,3354,57789,57332,1203423,0.158678,49028,1602504,0.211299,61388,2805927,0.369977,7584050
4,2021-03-17,105086,4419800,56477,2335489,45216,2023129,3393,61182,62040,1226603,0.161735,42828,1645332,0.216946,66008,2871935,0.378681,7584050
4,2021-03-18,105298,4525098,58291,2393780,43396,2066525,3611,64793,60590,1246769,0.164394,44476,1689808,0.222811,64642,2936577,0.387204,7584050
4,2021-03-19,109218,4634316,62507,2456287,41600,2108125,5111,69904,63365,1270004,0.167457,45650,1735458,0.22883,68885,3005462,0.396287,7584050
4,2021-03-20,82316,4716632,48063,2504350,31306,2139431,2947,72851,51503,1294064,0.17063,30702,1766160,0.232878,54762,3060224,0.403508,7584050
4,2021-03-21,47305,4763937,34231,2538581,10848,2150279,2226,75077,28885,1307201,0.172362,18328,1784488,0.235295,31465,3091689,0.407657,7584050
4,2021-03-22,81011,4844948,52957,2591538,25407,2175686,2647,77724,51629,1332989,0.175762,29202,1813690,0.239145,54990,3146679,0.414907,7584050
4,2021-03-23,103142,4948090,61484,2653022,39564,2215250,2094,79818,64559,1361833,0.179565,38341,1852031,0.244201,67185,3213864,0.423766,7584050
4,2021-03-24,112162,5060252,72446,2725468,37413,2252663,2303,82121,64507,1381831,0.182202,47268,1899299,0.250433,67266,3281130,0.432636,7584050
4,2021-03-25,115468,5175720,71151,2796619,42017,2294680,2300,84421,67284,1404116,0.185141,47776,1947075,0.256733,70061,3351191,0.441874,7584050
4,2021-03-26,118045,5293765,71622,2868241,43433,2338113,2990,87411,66255,1422473,0.187561,51490,1998565,0.263522,69847,3421038,0.451083,7584050
4,2021-03-27,90127,5383892,53352,2921593,34996,2373109,1779,89190,46926,1428651,0.188376,43010,2041575,0.269193,49188,3470226,0.457569,7584050
4,2021-03-28,54915,5438807,36127,2957720,17922,2391031,866,90056,30702,1436445,0.189403,24094,2065669,0.27237,31888,3502114,0.461774,7584050
4,2021-03-29,92340,5531147,55465,3013185,34860,2425891,2015,92071,51587,1450031,0.191195,40559,2106228,0.277718,54145,3556259,0.468913,7584050
4,2021-03-30,115872,5647019,63142,3076327,48639,2474530,4091,96162,74087,1487054,0.196077,41602,2147830,0.283204,78625,3634884,0.47928,7584050
4,2021-03-31,119495,5766514,70626,3146953,42672,2517202,6197,102359,69206,1512665,0.199453,50022,2197852,0.289799,75633,3710517,0.489253,7584050
4,2021-04-01,140458,5906972,80389,3227342,47204,2564406,12865,115224,83485,1552594,0.204718,56689,2254541,0.297274,96618,3807135,0.501992,7584050
4,2021-04-02,134517,6041489,72080,3299422,49291,2613697,13146,128370,78286,1588419,0.209442,56002,2310543,0.304658,91827,3898962,0.5141,7584050
4,2021-04-03,99908,6141397,53329,3352751,33439,2647136,13140,141510,52393,1606892,0.211878,47361,2357904,0.310903,65834,3964796,0.522781,7584050
4,2021-04-04,46503,6187900,24530,3377281,14514,2661650,7459,148969,20614,1609207,0.212183,25812,2383716,0.314306,28127,3992923,0.52649,7584050
4,2021-04-05,108242,6296142,61025,3438306,34586,2696236,12631,161600,56880,1628115,0.214676,51201,2434917,0.321058,70109,4063032,0.535734,7584050
4,2021-04-06,137446,6433588,77531,3515837,40355,2736591,19560,181160,71868,1654829,0.218199,65390,2500307,0.32968,92104,4155136,0.547878,7584050
4,2021-04-07,135804,6569392,77179,3593016,38176,2774767,20449,201609,70745,1681514,0.221717,64858,2565165,0.338232,91543,4246679,0.559949,7584050
4,2021-04-08,138051,6707443,77240,3670256,35718,2810485,25093,226702,68925,1707315,0.225119,68897,2634062,0.347316,94698,4341377,0.572435,7584050
4,2021-04-09,135548,6842991,74469,3744725,38473,2848958,22606,249308,65126,1725865,0.227565,70248,2704310,0.356579,88798,4430175,0.584144,7584050
4,2021-04-10,101808,6944799,50451,3795176,32855,2881813,18502,267810,46111,1736022,0.228904,55532,2759842,0.363901,65689,4495864,0.592805,7584050
4,2021-04-11,61827,7006626,37689,3832865,13040,2894853,11098,278908,27280,1741021,0.229563,34472,2794314,0.368446,39471,4535335,0.59801,7584050
4,2021-04-12,101402,7108028,61705,3894570,29782,2924635,9915,288823,51406,1753806,0.231249,49756,2844070,0.375007,62541,4597876,0.606256,7584050
4,2021-04-13,128786,7236814,80792,3975362,47842,2972477,152,288975,77424,1781092,0.234847,51140,2895210,0.38175,78426,4676302,0.616597,7584050
4,2021-04-14,133521,7370335,85122,4060484,48329,3020806,70,289045,74569,1798231,0.237107,58701,2953911,0.38949,75840,4752142,0.626597,7584050
4,2021-04-15,153833,7524168,102553,4163037,51246,3072052,34,289079,95109,1835680,0.242045,58429,3012340,0.397194,95878,4848020,0.639239,7584050
4,2021-04-16,141268,7665436,89786,4252823,51408,3123460,74,289153,82735,1860899,0.24537,58288,3070628,0.40488,83507,4931527,0.65025,7584050
4,2021-04-17,99433,7764869,62824,4315647,36601,3160061,8,289161,58488,1879783,0.24786,40734,3111362,0.410251,59618,4991145,0.658111,7584050
4,2021-04-18,53549,7818418,35895,4351542,17651,3177712,3,289164,30473,1888220,0.248973,22975,3134337,0.41328,31412,5022557,0.662253,7584050
4,2021-04-19,99396,7917814,65642,4417184,33742,3211454,12,289176,50990,1891574,0.249415,48228,3182565,0.419639,51582,5074139,0.669054,7584050
4,2021-04-20,126288,8044102,74029,4491213,52254,3263708,5,289181,66385,1899350,0.25044,59648,3242213,0.427504,67424,5141563,0.677944,7584050
4,2021-04-21,126571,8170673,81316,4572529,45206,3308914,49,289230,64131,1902342,0.250835,62179,3304392,0.435703,65171,5206734,0.686537,7584050
4,2021-04-22,136265,8306938,89840,4662369,46406,3355320,19,289249,61102,1889666,0.249163,74875,3379267,0.445576,62199,5268933,0.694739,7584050
4,2021-04-23,129692,8436630,83941,4746310,45730,3401050,21,289270,56445,1874288,0.247136,72965,3452232,0.455196,57587,5326520,0.702332,7584050
4,2021-04-24,96474,8533104,65542,4811852,30880,3431930,52,289322,44545,1868226,0.246336,51696,3503928,0.462013,45634,5372154,0.708349,7584050
4,2021-04-25,48782,8581886,34664,4846516,14094,3446024,24,289346,25611,1871217,0.246731,23068,3526996,0.465054,26059,5398213,0.711785,7584050
4,2021-04-26,79929,8661815,52653,4899169,26916,3472940,360,289706,31243,1855604,0.244672,48471,3575467,0.471446,32858,5431071,0.716118,7584050
4,2021-04-27,101769,8763584,62157,4961326,37834,3510774,1778,291484,36582,1829751,0.241263,64930,3640397,0.480007,39077,5470148,0.72127,7584050
4,2021-04-28,99031,8862615,64280,5025606,32289,3543063,2462,293946,35416,1804852,0.23798,63392,3703789,0.488366,38493,5508641,0.726346,7584050
4,2021-04-29,100359,8962974,63613,5089219,34271,3577334,2475,296421,31458,1770709,0.233478,68642,3772431,0.497416,34499,5543140,0.730894,7584050
4,2021-04-30,100790,9063764,63405,5152624,34767,3612101,2618,299039,34410,1742246,0.229725,66097,3838528,0.506132,37634,5580774,0.735857,7584050
4,2021-05-01,68050,9131814,45363,5197987,20938,3633039,1749,300788,19795,1716312,0.226305,48100,3886628,0.512474,22166,5602940,0.738779,7584050
4,2021-05-02,37133,9168947,26306,5224293,9560,3642599,1267,302055,10497,1701673,0.224375,26538,3913166,0.515973,11899,5614839,0.740348,7584050
4,2021-05-03,77452,9246399,54244,5278537,20769,3663368,2439,304494,19068,1665335,0.219584,58182,3971348,0.523645,21844,5636683,0.743229,7584050
4,2021-05-04,97806,9344205,66450,5344987,28645,3692013,2711,307205,22208,1615242,0.212979,75367,4046715,0.533582,25274,5661957,0.746561,7584050
4,2021-05-05,98538,9442743,69174,5414161,26662,3718675,2702,309907,21519,1562989,0.206089,76746,4123461,0.543702,24493,5686450,0.749791,7584050
4,2021-05-06,108302,9551045,81068,5495229,24355,3743030,2879,312786,19293,1497637,0.197472,88633,4212094,0.555388,23281,5709731,0.75286,7584050
4,2021-05-07,101830,9652875,73129,5568358,26045,3769075,2656,315442,20167,1439502,0.189807,81353,4293447,0.566115,23218,5732949,0.755922,7584050
4,2021-05-08,65727,9718602,44961,5613319,18918,3787993,1848,317290,13113,1402368,0.18491,52424,4345871,0.573028,15290,5748239,0.757938,7584050
4,2021-05-09,32853,9751455,26737,5640056,5182,3793175,934,318224,7828,1386290,0.18279,24928,4370799,0.576315,8850,5757089,0.759105,7584050
4,2021-05-10,61525,9812980,40917,5680973,18368,3811543,2240,320464,10752,1348968,0.177869,50613,4421412,0.582988,13291,5770380,0.760857,7584050
4,2021-05-11,72352,9885332,44782,5725755,25666,3837209,1904,322368,14140,1307398,0.172388,58029,4479441,0.59064,16459,5786839,0.763028,7584050
4,2021-05-12,59079,9944411,37426,5763181,19590,3856799,2063,324431,12328,1275469,0.168178,46575,4526016,0.596781,14646,5801485,0.764959,7584050
4,2021-05-13,53055,9997466,37853,5801034,14387,3871186,815,325246,16611,1256822,0.165719,36320,4562336,0.60157,17673,5819158,0.767289,7584050
