vemquartile,administered_date,total_doses,cumulative_total_doses,pfizer_doses,cumulative_pfizer_doses,moderna_doses,cumulative_moderna_doses,jj_doses,cumulative_jj_doses,partially_vaccinated,total_partially_vaccinated,pct_age12pop_partially_vaccinated,fully_vaccinated,cumulative_fully_vaccinated,pct_age12pop_fully_vaccinated,at_least_one_dose,cumulative_at_least_one_dose,pct_age12pop_at_least_one_dose,age12_population
1,2020-12-15,148,148,148,148,0,0,0,0,148,148,1.7e-05,0,0,0.0,148,148,1.7e-05,8700223
1,2020-12-16,1179,1327,1179,1327,0,0,0,0,1179,1327,0.000153,0,0,0.0,1179,1327,0.000153,8700223
1,2020-12-17,4129,5456,4129,5456,0,0,0,0,4130,5457,0.000627,0,0,0.0,4130,5457,0.000627,8700223
1,2020-12-18,6264,11720,6244,11700,20,20,0,0,6265,11722,0.001347,0,0,0.0,6265,11722,0.001347,8700223
1,2020-12-19,2867,14587,2866,14566,1,21,0,0,2865,14586,0.001677,1,1,0.0,2865,14587,0.001677,8700223
1,2020-12-20,2113,16700,2108,16674,5,26,0,0,2114,16700,0.001919,0,1,0.0,2114,16701,0.00192,8700223
1,2020-12-21,7626,24326,7613,24287,13,39,0,0,7678,24378,0.002802,1,2,0.0,7679,24380,0.002802,8700223
1,2020-12-22,7287,31613,6945,31232,342,381,0,0,7290,31667,0.00364,1,3,0.0,7290,31670,0.00364,8700223
1,2020-12-23,7818,39431,6583,37815,1235,1616,0,0,7812,39479,0.004538,1,4,0.0,7813,39483,0.004538,8700223
1,2020-12-24,3299,42730,2360,40175,939,2555,0,0,3301,42780,0.004917,0,4,0.0,3301,42784,0.004918,8700223
1,2020-12-25,235,42965,151,40326,84,2639,0,0,235,43015,0.004944,0,4,0.0,235,43019,0.004945,8700223
1,2020-12-26,1360,44325,969,41295,391,3030,0,0,1359,44373,0.0051,1,5,1e-06,1359,44378,0.005101,8700223
1,2020-12-27,864,45189,530,41825,334,3364,0,0,864,45237,0.0052,0,5,1e-06,864,45242,0.0052,8700223
1,2020-12-28,7024,52213,4749,46574,2275,5639,0,0,7023,52260,0.006007,0,5,1e-06,7023,52265,0.006007,8700223
1,2020-12-29,8806,61019,4946,51520,3860,9499,0,0,8803,61062,0.007018,1,6,1e-06,8803,61068,0.007019,8700223
1,2020-12-30,11565,72584,6438,57958,5127,14626,0,0,11565,72627,0.008348,0,6,1e-06,11565,72633,0.008348,8700223
1,2020-12-31,5930,78514,1952,59910,3978,18604,0,0,5929,78555,0.009029,2,8,1e-06,5930,78563,0.00903,8700223
1,2021-01-01,541,79055,185,60095,356,18960,0,0,541,79096,0.009091,0,8,1e-06,541,79104,0.009092,8700223
1,2021-01-02,2888,81943,1798,61893,1090,20050,0,0,2890,81986,0.009423,0,8,1e-06,2890,81994,0.009424,8700223
1,2021-01-03,1020,82963,593,62486,427,20477,0,0,1019,83004,0.00954,1,9,1e-06,1019,83013,0.009541,8700223
1,2021-01-04,7318,90281,3607,66093,3711,24188,0,0,7323,90326,0.010382,1,10,1e-06,7323,90336,0.010383,8700223
1,2021-01-05,10749,101030,5273,71366,5476,29664,0,0,10000,99615,0.01145,734,744,8.6e-05,10023,100359,0.011535,8700223
1,2021-01-06,13956,114986,7072,78438,6884,36548,0,0,12078,109858,0.012627,1841,2585,0.000297,12084,112443,0.012924,8700223
1,2021-01-07,17366,132352,9104,87542,8262,44810,0,0,12930,118457,0.013615,4338,6923,0.000796,12937,125380,0.014411,8700223
1,2021-01-08,20065,152417,10416,97958,9649,54459,0,0,14196,126804,0.014575,5854,12777,0.001469,14201,139581,0.016043,8700223
1,2021-01-09,6677,159094,3389,101347,3288,57747,0,0,4835,129817,0.014921,1826,14603,0.001678,4839,144420,0.0166,8700223
1,2021-01-10,3061,162155,1767,103114,1294,59041,0,0,1875,130523,0.015002,1170,15773,0.001813,1876,146296,0.016815,8700223
1,2021-01-11,18031,180186,11811,114925,6220,65261,0,0,11510,135576,0.015583,6494,22267,0.002559,11547,157843,0.018142,8700223
1,2021-01-12,18898,199084,10732,125657,8166,73427,0,0,12944,142642,0.016395,5913,28180,0.003239,12979,170822,0.019634,8700223
1,2021-01-13,19703,218787,10656,136313,9047,82474,0,0,14582,152142,0.017487,5097,33277,0.003825,14597,185419,0.021312,8700223
1,2021-01-14,21895,240682,9414,145727,12481,94955,0,0,19161,168670,0.019387,2676,35953,0.004132,19204,204623,0.023519,8700223
1,2021-01-15,25067,265749,9235,154962,15832,110787,0,0,23141,189982,0.021836,1877,37830,0.004348,23189,227812,0.026185,8700223
1,2021-01-16,13850,279599,4530,159492,9320,120107,0,0,12991,202118,0.023231,857,38687,0.004447,12993,240805,0.027678,8700223
1,2021-01-17,5178,284777,1990,161482,3188,123295,0,0,4811,206571,0.023743,363,39050,0.004488,4816,245621,0.028232,8700223
1,2021-01-18,14213,298990,8542,170024,5671,128966,0,0,11058,214532,0.024658,3143,42193,0.00485,11104,256725,0.029508,8700223
1,2021-01-19,24562,323552,12856,182880,11706,140672,0,0,19390,228816,0.0263,5157,47350,0.005442,19441,276166,0.031742,8700223
1,2021-01-20,28536,352088,14031,196911,14505,155177,0,0,22923,246214,0.0283,5560,52910,0.006081,22958,299124,0.034381,8700223
1,2021-01-21,30599,382687,14239,211150,16360,171537,0,0,27462,270677,0.031112,3079,55989,0.006435,27542,326666,0.037547,8700223
1,2021-01-22,28051,410738,11122,222272,16929,188466,0,0,26083,294859,0.033891,1927,57916,0.006657,26109,352775,0.040548,8700223
1,2021-01-23,18646,429384,8182,230454,10464,198930,0,0,16728,309692,0.035596,1904,59820,0.006876,16737,369512,0.042472,8700223
1,2021-01-24,6657,436041,4155,234609,2502,201432,0,0,6008,315062,0.036213,643,60463,0.00695,6013,375525,0.043163,8700223
1,2021-01-25,25075,461116,10396,245005,14679,216111,0,0,19441,328980,0.037813,5612,66075,0.007595,19530,395055,0.045407,8700223
1,2021-01-26,28396,489512,13311,258316,15085,231196,0,0,21845,344337,0.039578,6505,72580,0.008342,21862,416917,0.04792,8700223
1,2021-01-27,31802,521314,15319,273635,16483,247679,0,0,23868,360360,0.04142,7869,80449,0.009247,23892,440809,0.050666,8700223
1,2021-01-28,34474,555788,16167,289802,18307,265986,0,0,27694,381383,0.043836,6724,87173,0.01002,27747,468556,0.053856,8700223
1,2021-01-29,33264,589052,16313,306115,16951,282937,0,0,26842,401968,0.046202,6290,93463,0.010743,26875,495431,0.056945,8700223
1,2021-01-30,20116,609168,8744,314859,11372,294309,0,0,18027,417937,0.048038,2065,95528,0.01098,18034,513465,0.059017,8700223
1,2021-01-31,7535,616703,4928,319787,2607,296916,0,0,6894,424194,0.048757,640,96168,0.011054,6897,520362,0.05981,8700223
1,2021-02-01,28511,645214,12409,332196,16102,313018,0,0,20900,437530,0.05029,7569,103737,0.011923,20905,541267,0.062213,8700223
1,2021-02-02,31947,677161,11473,343669,20474,333492,0,0,24086,453852,0.052166,7797,111534,0.01282,24119,565386,0.064985,8700223
1,2021-02-03,39035,716196,14975,358644,24060,357552,0,0,28238,471452,0.054188,10669,122203,0.014046,28269,593655,0.068234,8700223
1,2021-02-04,43491,759687,16941,375585,26550,384102,0,0,31632,491377,0.056479,11754,133957,0.015397,31679,625334,0.071876,8700223
1,2021-02-05,46658,806345,17319,392904,29339,413441,0,0,30725,506340,0.058199,15815,149772,0.017215,30778,656112,0.075413,8700223
1,2021-02-06,26428,832773,10456,403360,15972,429413,0,0,20606,521177,0.059904,5786,155558,0.01788,20623,676735,0.077784,8700223
1,2021-02-07,6203,838976,3980,407340,2223,431636,0,0,4619,524246,0.060257,1568,157126,0.01806,4637,681372,0.078317,8700223
1,2021-02-08,31090,870066,14107,421447,16983,448619,0,0,20783,534873,0.061478,10245,167371,0.019238,20872,702244,0.080716,8700223
1,2021-02-09,38199,908265,16787,438234,21412,470031,0,0,23674,544044,0.062532,14575,181946,0.020913,23746,725990,0.083445,8700223
1,2021-02-10,46598,954863,21896,460130,24702,494733,0,0,26884,551372,0.063374,19634,201580,0.02317,26962,752952,0.086544,8700223
1,2021-02-11,51180,1006043,25122,485252,26058,520791,0,0,30845,562258,0.064626,20057,221637,0.025475,30943,783895,0.090101,8700223
1,2021-02-12,49308,1055351,21272,506524,28036,548827,0,0,28461,570100,0.065527,20752,242389,0.02786,28594,812489,0.093387,8700223
1,2021-02-13,26076,1081427,11338,517862,14738,563565,0,0,15149,574465,0.066029,10860,253249,0.029108,15225,827714,0.095137,8700223
1,2021-02-14,11590,1093017,5465,523327,6125,569690,0,0,6615,576196,0.066228,4949,258198,0.029677,6680,834394,0.095905,8700223
1,2021-02-15,23521,1116538,9249,532576,14272,583962,0,0,14357,581606,0.06685,9063,267261,0.030719,14473,848867,0.097568,8700223
1,2021-02-16,46373,1162911,22110,554686,24263,608225,0,0,27390,590189,0.067836,18919,286180,0.032893,27502,876369,0.100729,8700223
1,2021-02-17,47739,1210650,24072,578758,23667,631892,0,0,25999,594703,0.068355,21629,307809,0.035379,26143,902512,0.103734,8700223
1,2021-02-18,50161,1260811,24970,603728,25191,657083,0,0,26197,597346,0.068659,23769,331578,0.038111,26412,928924,0.10677,8700223
1,2021-02-19,45411,1306222,24571,628299,20840,677923,0,0,25760,603613,0.069379,19555,351133,0.040359,25822,954746,0.109738,8700223
1,2021-02-20,26809,1333031,16322,644621,10487,688410,0,0,15439,607797,0.06986,11331,362464,0.041661,15515,970261,0.111521,8700223
1,2021-02-21,11366,1344397,10131,654752,1235,689645,0,0,6800,610129,0.070128,4524,366988,0.042181,6856,977117,0.112309,8700223
1,2021-02-22,29883,1374280,19594,674346,10289,699934,0,0,17644,615686,0.070767,12187,379175,0.043582,17744,994861,0.114349,8700223
1,2021-02-23,42796,1417076,20881,695227,21915,721849,0,0,24021,621416,0.071425,18651,397826,0.045726,24381,1019242,0.117151,8700223
1,2021-02-24,52807,1469883,25559,720786,27248,749097,0,0,29744,628636,0.072255,22971,420797,0.048366,30191,1049433,0.120621,8700223
1,2021-02-25,64932,1534815,31549,752335,33383,782480,0,0,40850,645999,0.074251,23987,444784,0.051123,41350,1090783,0.125374,8700223
1,2021-02-26,72785,1607600,34145,786480,38640,821120,0,0,48251,670332,0.077048,24389,469173,0.053927,48722,1139505,0.130974,8700223
1,2021-02-27,49798,1657398,22979,809459,26813,847933,6,6,33186,687282,0.078996,16506,485679,0.055824,33456,1172961,0.13482,8700223
1,2021-02-28,19086,1676484,11364,820823,7721,855654,1,7,14100,696594,0.080066,4930,490609,0.05639,14242,1187203,0.136457,8700223
1,2021-03-01,43649,1720133,20079,840902,23547,879201,23,30,28348,710007,0.081608,15188,505797,0.058136,28601,1215804,0.139744,8700223
1,2021-03-02,61501,1781634,26776,867678,34720,913921,5,35,39718,728665,0.083752,21676,527473,0.060628,40334,1256138,0.14438,8700223
1,2021-03-03,68658,1850292,32483,900161,36160,950081,15,50,41823,744380,0.085559,26718,554191,0.063698,42433,1298571,0.149257,8700223
1,2021-03-04,77055,1927347,36127,936288,40895,990976,33,83,49658,767337,0.088197,27244,581435,0.06683,50201,1348772,0.155027,8700223
1,2021-03-05,76444,2003791,34683,970971,41558,1032534,203,286,51394,794710,0.091344,24854,606289,0.069687,52227,1400999,0.16103,8700223
1,2021-03-06,56965,2060756,27210,998181,28428,1060962,1327,1613,38828,817153,0.093923,18076,624365,0.071764,40519,1441518,0.165687,8700223
1,2021-03-07,20053,2080809,12801,1010982,6448,1067410,804,2417,15072,828328,0.095208,4963,629328,0.072335,16138,1457656,0.167542,8700223
1,2021-03-08,44052,2124861,21072,1032054,21126,1088536,1854,4271,30903,848347,0.097509,13076,642404,0.073838,33095,1490751,0.171346,8700223
1,2021-03-09,65496,2190357,31585,1063639,31440,1119976,2471,6742,40502,866774,0.099627,24890,667294,0.076698,43317,1534068,0.176325,8700223
1,2021-03-10,72240,2262597,36080,1099719,31794,1151770,4366,11108,44916,889231,0.102208,27196,694490,0.079824,49653,1583721,0.182032,8700223
1,2021-03-11,88662,2351259,40431,1140150,40306,1192076,7925,19033,52014,913208,0.104964,36429,730919,0.084012,60406,1644127,0.188975,8700223
1,2021-03-12,97159,2448418,42556,1182706,42270,1234346,12333,31366,57008,943084,0.108398,39973,770892,0.088606,69849,1713976,0.197004,8700223
1,2021-03-13,64326,2512744,29311,1212017,27259,1261605,7756,39122,40999,969000,0.111376,23222,794114,0.091275,49138,1763114,0.202652,8700223
1,2021-03-14,27511,2540255,14838,1226855,9106,1270711,3567,42689,15650,976607,0.112251,11811,805925,0.092633,19418,1782532,0.204883,8700223
1,2021-03-15,64268,2604523,28099,1254954,29499,1300210,6670,49359,38091,995706,0.114446,26014,831939,0.095623,45113,1827645,0.210069,8700223
1,2021-03-16,84660,2689183,38368,1293322,40745,1340955,5547,54906,52808,1022752,0.117555,31685,863624,0.099265,58731,1886376,0.216819,8700223
1,2021-03-17,91454,2780637,44109,1337431,40796,1381751,6549,61455,58984,1056344,0.121416,32311,895935,0.102978,65903,1952279,0.224394,8700223
1,2021-03-18,97385,2878022,50075,1387506,41704,1423455,5606,67061,59690,1084711,0.124676,37388,933323,0.107276,65755,2018034,0.231952,8700223
1,2021-03-19,102457,2980479,52968,1440474,43366,1466821,6123,73184,60837,1110774,0.127672,41376,974699,0.112031,67439,2085473,0.239703,8700223
1,2021-03-20,71827,3052306,36927,1477401,29666,1496487,5234,78418,46433,1137454,0.130738,25242,999941,0.114933,51922,2137395,0.245671,8700223
1,2021-03-21,26855,3079161,18753,1496154,6299,1502786,1803,80221,17402,1147363,0.131877,9382,1009323,0.116011,19291,2156686,0.247889,8700223
1,2021-03-22,58490,3137651,30070,1526224,25152,1527938,3268,83489,39800,1172271,0.13474,18515,1027838,0.118139,43423,2200109,0.25288,8700223
1,2021-03-23,81933,3219584,41538,1567762,36791,1564729,3604,87093,51017,1196616,0.137539,30732,1058570,0.121672,55077,2255186,0.25921,8700223
1,2021-03-24,86886,3306470,43851,1611613,38699,1603428,4336,91429,52827,1220119,0.14024,33839,1092409,0.125561,57342,2312528,0.265801,8700223
1,2021-03-25,95446,3401916,48528,1660141,41130,1644558,5788,97217,53929,1238819,0.142389,41245,1133654,0.130302,59945,2372473,0.272691,8700223
1,2021-03-26,103466,3505382,50490,1710631,46686,1691244,6290,103507,56273,1254771,0.144223,46915,1180569,0.135694,62867,2435340,0.279917,8700223
1,2021-03-27,73401,3578783,38140,1748771,31089,1722333,4172,107679,38250,1262437,0.145104,34960,1215529,0.139712,42626,2477966,0.284816,8700223
1,2021-03-28,32399,3611182,21222,1769993,9974,1732307,1203,108882,16665,1265003,0.145399,15634,1231163,0.141509,18200,2496166,0.286908,8700223
1,2021-03-29,66148,3677330,33229,1803222,29824,1762131,3095,111977,36959,1276243,0.146691,29033,1260196,0.144846,40273,2536439,0.291537,8700223
1,2021-03-30,90609,3767939,44681,1847903,39654,1801785,6274,118251,47216,1286590,0.14788,43255,1303451,0.149818,53602,2590041,0.297698,8700223
1,2021-03-31,99393,3867332,52071,1899974,41406,1843191,5916,124167,55226,1303919,0.149872,43914,1347365,0.154866,61243,2651284,0.304737,8700223
1,2021-04-01,109680,3977012,52839,1952813,48468,1891659,8373,132540,56720,1316463,0.151314,52652,1400017,0.160917,65196,2716480,0.312231,8700223
1,2021-04-02,109330,4086342,50044,2002857,49738,1941397,9548,142088,56228,1329778,0.152844,52739,1452756,0.166979,66054,2782534,0.319823,8700223
1,2021-04-03,77261,4163603,38698,2041555,28978,1970375,9585,151673,36122,1334582,0.153396,40989,1493745,0.17169,45793,2828327,0.325087,8700223
1,2021-04-04,23633,4187236,11767,2053322,8412,1978787,3454,155127,9951,1334345,0.153369,13637,1507382,0.173258,13400,2841727,0.326627,8700223
1,2021-04-05,75292,4262528,36268,2089590,29970,2008757,9054,164181,34419,1337343,0.153714,40700,1548082,0.177936,43698,2885425,0.33165,8700223
1,2021-04-06,102406,4364934,48523,2138113,37422,2046179,16461,180642,46560,1344860,0.154578,55622,1603704,0.184329,63139,2948564,0.338907,8700223
1,2021-04-07,109542,4474476,52881,2190994,39332,2085511,17329,197971,49931,1352910,0.155503,59388,1663092,0.191155,67438,3016002,0.346658,8700223
1,2021-04-08,120101,4594577,56608,2247602,42866,2128377,20627,218598,53163,1360371,0.15636,66631,1729723,0.198814,74092,3090094,0.355174,8700223
1,2021-04-09,120916,4715493,55373,2302975,45219,2173596,20324,238922,53558,1367544,0.157185,67058,1796781,0.206521,74231,3164325,0.363706,8700223
1,2021-04-10,94166,4809659,41984,2344959,29725,2203321,22457,261379,36961,1370058,0.157474,57046,1853827,0.213078,59560,3223885,0.370552,8700223
1,2021-04-11,35769,4845428,19970,2364929,9250,2212571,6549,267928,14562,1370140,0.157483,21164,1874991,0.215511,21246,3245131,0.372994,8700223
1,2021-04-12,72573,4918001,32231,2397160,30478,2243049,9864,277792,30833,1369487,0.157408,41515,1916506,0.220282,40862,3285993,0.377691,8700223
1,2021-04-13,95469,5013470,51046,2448206,44092,2287141,331,278123,51511,1377941,0.15838,43732,1960238,0.225309,52186,3338179,0.383689,8700223
1,2021-04-14,102417,5115887,52879,2501085,49470,2336611,68,278191,52136,1380546,0.158679,49966,2010204,0.231052,52571,3390750,0.389731,8700223
1,2021-04-15,103904,5219791,56267,2557352,47553,2384164,84,278275,55647,1388689,0.159615,47755,2057959,0.236541,55898,3446648,0.396156,8700223
1,2021-04-16,108383,5328174,55832,2613184,52462,2436626,89,278364,54443,1389870,0.159751,53528,2111487,0.242693,54709,3501357,0.402445,8700223
1,2021-04-17,81247,5409421,44098,2657282,37141,2473767,8,278372,45650,1400278,0.160947,35415,2146902,0.246764,45823,3547180,0.407711,8700223
1,2021-04-18,28642,5438063,19185,2676467,9451,2483218,6,278378,14485,1400878,0.161016,14089,2160991,0.248383,14689,3561869,0.4094,8700223
1,2021-04-19,64426,5502489,32818,2709285,31596,2514814,12,278390,29238,1395356,0.160382,34898,2195889,0.252395,29376,3591245,0.412776,8700223
1,2021-04-20,85481,5587970,42565,2751850,42897,2557711,19,278409,40599,1391550,0.159944,44624,2240513,0.257524,40818,3632063,0.417468,8700223
1,2021-04-21,91377,5679347,46549,2798399,44735,2602446,93,278502,40881,1382687,0.158925,50045,2290558,0.263276,41182,3673245,0.422201,8700223
1,2021-04-22,93969,5773316,48530,2846929,45423,2647869,16,278518,43264,1375884,0.158144,50297,2340855,0.269057,43494,3716739,0.4272,8700223
1,2021-04-23,97831,5871147,50204,2897133,47601,2695470,26,278544,46497,1371670,0.157659,50953,2391808,0.274913,46739,3763478,0.432573,8700223
1,2021-04-24,73002,5944149,46023,2943156,26965,2722435,14,278558,41197,1381463,0.158785,31671,2423479,0.278554,41464,3804942,0.437338,8700223
1,2021-04-25,26850,5970999,17124,2960280,9717,2732152,9,278567,15420,1385680,0.159269,11343,2434822,0.279857,15560,3820502,0.439127,8700223
1,2021-04-26,59948,6030947,32322,2992602,27268,2759420,358,278925,28085,1382838,0.158943,31616,2466438,0.283491,28774,3849276,0.442434,8700223
1,2021-04-27,75442,6106389,40442,3033044,33873,2793293,1127,280052,32412,1373932,0.157919,42780,2509218,0.288408,33874,3883150,0.446328,8700223
1,2021-04-28,77260,6183649,41015,3074059,34808,2828101,1437,281489,33681,1365957,0.157003,43318,2552536,0.293387,35343,3918493,0.45039,8700223
1,2021-04-29,80385,6264034,44207,3118266,34623,2862724,1555,283044,32483,1352537,0.15546,47618,2600154,0.298861,34198,3952691,0.454321,8700223
1,2021-04-30,88021,6352055,47935,3166201,38282,2901006,1804,284848,36535,1339830,0.154,51212,2651366,0.304747,38505,3991196,0.458746,8700223
1,2021-05-01,61382,6413437,39832,3206033,20183,2921189,1367,286215,25800,1331824,0.153079,35402,2686768,0.308816,27396,4018592,0.461895,8700223
1,2021-05-02,22448,6435885,15724,3221757,6203,2927392,521,286736,9367,1328770,0.152728,12973,2699741,0.310307,9919,4028511,0.463035,8700223
1,2021-05-03,53808,6489693,30144,3251901,21892,2949284,1772,288508,19482,1315961,0.151256,34120,2733861,0.314229,21311,4049822,0.465485,8700223
1,2021-05-04,72145,6561838,41469,3293370,28663,2977947,2013,290521,25963,1298121,0.149205,45902,2779763,0.319505,28062,4077884,0.46871,8700223
1,2021-05-05,73595,6635433,42293,3335663,29075,3007022,2227,292748,24967,1277050,0.146784,48334,2828097,0.32506,27263,4105147,0.471844,8700223
1,2021-05-06,75392,6710825,45182,3380845,28071,3035093,2139,294887,23753,1251816,0.143883,51282,2879379,0.330955,26048,4131195,0.474838,8700223
1,2021-05-07,79083,6789908,45088,3425933,31855,3066948,2140,297027,26609,1228524,0.141206,52101,2931480,0.336943,28809,4160004,0.478149,8700223
1,2021-05-08,53902,6843810,33662,3459595,18709,3085657,1531,298558,18301,1213186,0.139443,35264,2966744,0.340996,19926,4179930,0.480439,8700223
1,2021-05-09,17614,6861424,12491,3472086,4652,3090309,471,299029,5441,1207071,0.13874,12060,2978804,0.342382,5945,4185875,0.481123,8700223
1,2021-05-10,41534,6902958,20832,3492918,18975,3109284,1727,300756,13883,1195409,0.1374,27364,3006168,0.345528,15702,4201577,0.482928,8700223
1,2021-05-11,57956,6960914,31093,3524011,24854,3134138,2009,302765,18880,1177576,0.13535,38847,3045015,0.349993,21014,4222591,0.485343,8700223
1,2021-05-12,57212,7018126,29942,3553953,25401,3159539,1869,304634,18833,1160237,0.133357,38117,3083132,0.354374,20778,4243369,0.487731,8700223
1,2021-05-13,59545,7077671,34586,3588539,23073,3182612,1886,306520,22479,1148160,0.131969,36723,3119855,0.358595,24646,4268015,0.490564,8700223
1,2021-05-14,73032,7150703,44081,3632620,26665,3209277,2286,308806,29731,1137490,0.130743,42993,3162848,0.363536,32323,4300338,0.494279,8700223
1,2021-05-15,62935,7213638,41648,3674268,19628,3228905,1659,310465,25138,1126795,0.129513,37573,3200421,0.367855,26878,4327216,0.497368,8700223
1,2021-05-16,23823,7237461,17384,3691652,5827,3234732,612,311077,9740,1123202,0.1291,13986,3214407,0.369463,10393,4337609,0.498563,8700223
1,2021-05-17,52735,7290196,32444,3724096,18606,3253338,1685,312762,23615,1119687,0.128696,28901,3243308,0.372784,25386,4362995,0.501481,8700223
1,2021-05-18,62938,7353134,38183,3762279,23005,3276343,1750,314512,28709,1116259,0.128302,33973,3277281,0.376689,30545,4393540,0.504992,8700223
1,2021-05-19,64855,7417989,39637,3801916,23368,3299711,1850,316362,29953,1113499,0.127985,34649,3311930,0.380672,31889,4425429,0.508657,8700223
1,2021-05-20,54157,7472146,31719,3833635,20470,3320181,1968,318330,23329,1108407,0.1274,30571,3342501,0.384186,25479,4450908,0.511586,8700223
1,2021-05-21,59502,7531648,35977,3869612,21825,3342006,1700,320030,25913,1102824,0.126758,33285,3375786,0.388011,27702,4478610,0.51477,8700223
1,2021-05-22,45835,7577483,30698,3900310,13581,3355587,1556,321586,21016,1100843,0.12653,24644,3400430,0.390844,22663,4501273,0.517374,8700223
1,2021-05-23,13855,7591338,10652,3910962,2708,3358295,495,322081,7231,1102030,0.126667,6557,3406987,0.391598,7744,4509017,0.518265,8700223
1,2021-05-24,41559,7632897,22951,3933913,16846,3375141,1762,323843,17619,1097757,0.126176,23732,3430719,0.394325,19459,4528476,0.520501,8700223
1,2021-05-25,49487,7682384,28804,3962717,19070,3394211,1613,325456,21578,1093353,0.12567,27682,3458401,0.397507,23278,4551754,0.523177,8700223
1,2021-05-26,46365,7728749,26480,3989197,18108,3412319,1777,327233,20309,1089695,0.125249,25801,3484202,0.400473,22143,4573897,0.525722,8700223
1,2021-05-27,44802,7773551,25529,4014726,17593,3429912,1680,328913,19969,1086863,0.124924,24591,3508793,0.403299,21759,4595656,0.528223,8700223
1,2021-05-28,31414,7804965,18103,4032829,12097,3442009,1214,330127,12534,1081939,0.124358,18718,3527511,0.405451,13794,4609450,0.529808,8700223
2,2020-12-15,234,234,234,234,0,0,0,0,234,234,2.8e-05,0,0,0.0,234,234,2.8e-05,8407551
2,2020-12-16,2084,2318,2084,2318,0,0,0,0,2083,2317,0.000276,0,0,0.0,2083,2317,0.000276,8407551
2,2020-12-17,6710,9028,6710,9028,0,0,0,0,6711,9028,0.001074,0,0,0.0,6711,9028,0.001074,8407551
2,2020-12-18,10843,19871,10824,19852,19,19,0,0,10845,19873,0.002364,0,0,0.0,10845,19873,0.002364,8407551
2,2020-12-19,5584,25455,5578,25430,6,25,0,0,5586,25459,0.003028,0,0,0.0,5586,25459,0.003028,8407551
2,2020-12-20,4216,29671,4207,29637,9,34,0,0,4212,29671,0.003529,0,0,0.0,4212,29671,0.003529,8407551
2,2020-12-21,12765,42436,12741,42378,24,58,0,0,12719,42390,0.005042,0,0,0.0,12719,42390,0.005042,8407551
2,2020-12-22,12088,54524,11577,53955,511,569,0,0,12088,54478,0.00648,0,0,0.0,12088,54478,0.00648,8407551
2,2020-12-23,11717,66241,9509,63464,2208,2777,0,0,11720,66198,0.007874,1,1,0.0,11721,66199,0.007874,8407551
2,2020-12-24,5853,72094,3493,66957,2360,5137,0,0,5850,72048,0.008569,2,3,0.0,5852,72051,0.00857,8407551
2,2020-12-25,480,72574,403,67360,77,5214,0,0,481,72529,0.008627,0,3,0.0,481,72532,0.008627,8407551
2,2020-12-26,2576,75150,1672,69032,904,6118,0,0,2577,75106,0.008933,0,3,0.0,2577,75109,0.008934,8407551
2,2020-12-27,2225,77375,1206,70238,1019,7137,0,0,2223,77328,0.009197,1,4,0.0,2223,77332,0.009198,8407551
2,2020-12-28,10977,88352,7148,77386,3829,10966,0,0,10977,88304,0.010503,1,5,1e-06,10977,88309,0.010504,8407551
2,2020-12-29,12636,100988,7119,84505,5517,16483,0,0,12641,100945,0.012006,0,5,1e-06,12641,100950,0.012007,8407551
2,2020-12-30,15334,116322,8629,93134,6705,23188,0,0,15351,116295,0.013832,3,8,1e-06,15353,116303,0.013833,8407551
2,2020-12-31,7506,123828,2807,95941,4699,27887,0,0,7504,123798,0.014725,1,9,1e-06,7504,123807,0.014726,8407551
2,2021-01-01,1126,124954,541,96482,585,28472,0,0,1128,124925,0.014859,1,10,1e-06,1128,124935,0.01486,8407551
2,2021-01-02,4806,129760,2794,99276,2012,30484,0,0,4804,129729,0.01543,0,10,1e-06,4804,129739,0.015431,8407551
2,2021-01-03,1380,131140,841,100117,539,31023,0,0,1375,131101,0.015593,3,13,2e-06,1375,131114,0.015595,8407551
2,2021-01-04,11615,142755,5586,105703,6029,37052,0,0,11603,142700,0.016973,4,17,2e-06,11603,142717,0.016975,8407551
2,2021-01-05,13822,156577,6982,112685,6840,43892,0,0,12640,154195,0.01834,1176,1193,0.000142,12671,155388,0.018482,8407551
2,2021-01-06,18940,175517,10492,123177,8448,52340,0,0,15217,165743,0.019714,3675,4868,0.000579,15223,170611,0.020293,8407551
2,2021-01-07,22928,198445,12909,136086,10019,62359,0,0,15562,173935,0.020688,7383,12251,0.001457,15575,186186,0.022145,8407551
2,2021-01-08,26372,224817,16001,152087,10371,72730,0,0,16326,180265,0.021441,10013,22264,0.002648,16343,202529,0.024089,8407551
2,2021-01-09,9751,234568,5686,157773,4065,76795,0,0,6256,183011,0.021767,3516,25780,0.003066,6262,208791,0.024834,8407551
2,2021-01-10,5280,239848,2974,160747,2306,79101,0,0,3069,183851,0.021867,2233,28013,0.003332,3073,211864,0.025199,8407551
2,2021-01-11,25919,265767,17807,178554,8112,87213,0,0,14990,187927,0.022352,10963,38976,0.004636,15039,226903,0.026988,8407551
2,2021-01-12,26090,291857,16241,194795,9849,97062,0,0,16621,195122,0.023208,9497,48473,0.005765,16692,243595,0.028973,8407551
2,2021-01-13,28458,320315,15100,209895,13358,110420,0,0,20545,207783,0.024714,7906,56379,0.006706,20567,264162,0.03142,8407551
2,2021-01-14,30100,350415,11435,221330,18665,129085,0,0,25903,229522,0.0273,4221,60600,0.007208,25960,290122,0.034507,8407551
2,2021-01-15,34969,385384,12766,234096,22203,151288,0,0,31735,258086,0.030697,3244,63844,0.007594,31808,321930,0.038291,8407551
2,2021-01-16,17553,402937,5601,239697,11952,163240,0,0,16245,273006,0.032472,1335,65179,0.007752,16255,338185,0.040224,8407551
2,2021-01-17,10613,413550,3585,243282,7028,170268,0,0,9909,282193,0.033564,730,65909,0.007839,9917,348102,0.041403,8407551
2,2021-01-18,19638,433188,10991,254273,8647,178915,0,0,14874,292333,0.03477,4781,70690,0.008408,14921,363023,0.043178,8407551
2,2021-01-19,32317,465505,16881,271154,15436,194351,0,0,24381,308888,0.036739,7940,78630,0.009352,24495,387518,0.046092,8407551
2,2021-01-20,36978,502483,18560,289714,18418,212769,0,0,28390,328797,0.039107,8568,87198,0.010371,28477,415995,0.049479,8407551
2,2021-01-21,40389,542872,17144,306858,23245,236014,0,0,35978,360545,0.042883,4387,91585,0.010893,36135,452130,0.053777,8407551
2,2021-01-22,39167,582039,16387,323245,22780,258794,0,0,35885,393170,0.046764,3284,94869,0.011284,35909,488039,0.058048,8407551
2,2021-01-23,23962,606001,10801,334046,13161,271955,0,0,21023,411304,0.048921,2916,97785,0.011631,21050,509089,0.060551,8407551
2,2021-01-24,12451,618452,6157,340203,6294,278249,0,0,11539,421955,0.050188,898,98683,0.011737,11549,520638,0.061925,8407551
2,2021-01-25,33687,652139,15615,355818,18072,296321,0,0,24961,438367,0.05214,8674,107357,0.012769,25086,545724,0.064909,8407551
2,2021-01-26,40109,692248,19804,375622,20305,316626,0,0,31163,460680,0.054794,8927,116284,0.013831,31240,576964,0.068625,8407551
2,2021-01-27,45166,737414,22883,398505,22283,338909,0,0,35160,485998,0.057805,9898,126182,0.015008,35216,612180,0.072813,8407551
2,2021-01-28,47961,785375,22709,421214,25252,364161,0,0,39409,516973,0.061489,8498,134680,0.016019,39473,651653,0.077508,8407551
2,2021-01-29,45462,830837,22286,443500,23176,387337,0,0,36926,545521,0.064885,8433,143113,0.017022,36981,688634,0.081907,8407551
2,2021-01-30,31381,862218,13748,457248,17633,404970,0,0,28080,570366,0.06784,3263,146376,0.01741,28108,716742,0.08525,8407551
2,2021-01-31,17400,879618,10500,467748,6900,411870,0,0,16245,585491,0.069639,1139,147515,0.017546,16264,733006,0.087184,8407551
2,2021-02-01,40930,920548,19898,487646,21032,432902,0,0,30213,605048,0.071965,10691,158206,0.018817,30248,763254,0.090782,8407551
2,2021-02-02,47472,968020,19379,507025,28093,460995,0,0,36192,630123,0.074947,11213,169419,0.020151,36288,799542,0.095098,8407551
2,2021-02-03,53932,1021952,24135,531160,29797,490792,0,0,39939,656255,0.078055,13896,183315,0.021804,40028,839570,0.099859,8407551
2,2021-02-04,55797,1077749,24226,555386,31571,522363,0,0,40874,682390,0.081164,14831,198146,0.023568,40966,880536,0.104732,8407551
2,2021-02-05,59489,1137238,26302,581688,33187,555550,0,0,40333,703901,0.083722,18985,217131,0.025826,40496,921032,0.109548,8407551
2,2021-02-06,38844,1176082,18176,599864,20668,576218,0,0,31226,727665,0.086549,7548,224679,0.026723,31312,952344,0.113272,8407551
2,2021-02-07,15942,1192024,10682,610546,5260,581478,0,0,12126,736062,0.087548,3795,228474,0.027175,12192,964536,0.114723,8407551
2,2021-02-08,43297,1235321,22387,632933,20910,602388,0,0,29875,752845,0.089544,13285,241759,0.028755,30068,994604,0.118299,8407551
2,2021-02-09,49237,1284558,23498,656431,25739,628127,0,0,30680,765539,0.091054,18302,260061,0.030932,30996,1025600,0.121986,8407551
2,2021-02-10,59331,1343889,28084,684515,31247,659374,0,0,34617,776066,0.092306,24441,284502,0.033839,34968,1060568,0.126145,8407551
2,2021-02-11,63877,1407766,29667,714182,34210,693584,0,0,36029,784994,0.093368,27587,312089,0.03712,36515,1097083,0.130488,8407551
2,2021-02-12,64822,1472588,28087,742269,36735,730319,0,0,34580,790253,0.093993,29970,342059,0.040685,35229,1132312,0.134678,8407551
2,2021-02-13,37461,1510049,15736,758005,21725,752044,0,0,21717,796681,0.094758,15665,357724,0.042548,22093,1154405,0.137306,8407551
2,2021-02-14,19917,1529966,9329,767334,10588,762632,0,0,11220,799601,0.095105,8657,366381,0.043578,11577,1165982,0.138683,8407551
2,2021-02-15,32965,1562931,14919,782253,18046,780678,0,0,18318,804237,0.095657,14534,380915,0.045306,19170,1185152,0.140963,8407551
2,2021-02-16,55901,1618832,27646,809899,28255,808933,0,0,29478,808043,0.096109,26340,407255,0.048439,30146,1215298,0.144548,8407551
2,2021-02-17,61191,1680023,31666,841565,29525,838458,0,0,30464,808653,0.096182,30672,437927,0.052087,31282,1246580,0.148269,8407551
2,2021-02-18,65724,1745747,33405,874970,32319,870777,0,0,32072,808415,0.096153,33445,471372,0.056065,33207,1279787,0.152219,8407551
2,2021-02-19,58812,1804559,32793,907763,26019,896796,0,0,29237,808820,0.096202,29432,500804,0.059566,29837,1309624,0.155768,8407551
2,2021-02-20,37019,1841578,24201,931964,12818,909614,0,0,20140,812835,0.096679,16801,517605,0.061564,20816,1330440,0.158243,8407551
2,2021-02-21,20644,1862222,17198,949162,3446,913060,0,0,9910,812891,0.096686,10665,528270,0.062833,10721,1341161,0.159519,8407551
2,2021-02-22,37265,1899487,25600,974762,11665,924725,0,0,17834,812061,0.096587,19346,547616,0.065134,18516,1359677,0.161721,8407551
2,2021-02-23,51436,1950923,26394,1001156,25042,949767,0,0,22691,808078,0.096113,28566,576182,0.068531,24583,1384260,0.164645,8407551
2,2021-02-24,68138,2019061,35147,1036303,32991,982758,0,0,31437,805310,0.095784,36563,612745,0.07288,33795,1418055,0.168664,8407551
2,2021-02-25,73660,2092721,34691,1070994,38969,1021727,0,0,37577,809808,0.096319,35879,648624,0.077148,40377,1458432,0.173467,8407551
2,2021-02-26,81816,2174537,34946,1105940,46870,1068597,0,0,44416,819256,0.097443,37156,685780,0.081567,46604,1505036,0.17901,8407551
2,2021-02-27,59702,2234239,27696,1133636,32001,1100598,5,5,32517,826110,0.098258,26996,712776,0.084778,33850,1538886,0.183036,8407551
2,2021-02-28,28967,2263206,17394,1151030,11572,1112170,1,6,16885,831827,0.098938,11997,724773,0.086205,17714,1556600,0.185143,8407551
2,2021-03-01,55971,2319177,29610,1180640,26336,1138506,25,31,30537,838370,0.099716,25205,749978,0.089203,31748,1588348,0.188919,8407551
2,2021-03-02,67470,2386647,32612,1213252,34853,1173359,5,36,38280,849922,0.10109,29070,779048,0.092661,40622,1628970,0.193751,8407551
2,2021-03-03,78732,2465379,38192,1251444,40529,1213888,11,47,44473,862863,0.10263,34095,813143,0.096716,47036,1676006,0.199345,8407551
2,2021-03-04,86733,2552112,42942,1294386,43763,1257651,28,75,50105,878923,0.10454,36447,849590,0.101051,52507,1728513,0.205591,8407551
2,2021-03-05,80210,2632322,38136,1332522,41773,1299424,301,376,49365,900291,0.107081,30667,880257,0.104698,52035,1780548,0.21178,8407551
2,2021-03-06,61949,2694271,30437,1362959,29849,1329273,1663,2039,38118,917778,0.109161,23730,903987,0.107521,41217,1821765,0.216682,8407551
2,2021-03-07,27466,2721737,16131,1379090,10386,1339659,949,2988,17723,927875,0.110362,9686,913673,0.108673,19783,1841548,0.219035,8407551
2,2021-03-08,49557,2771294,22862,1401952,24260,1363919,2435,5423,31412,945309,0.112436,18054,931727,0.11082,35488,1877036,0.223256,8407551
2,2021-03-09,69239,2840533,31767,1433719,33704,1397623,3768,9191,38660,958621,0.114019,30471,962198,0.114445,43783,1920819,0.228464,8407551
2,2021-03-10,77052,2917585,36672,1470391,33851,1431474,6529,15720,41129,971877,0.115596,35752,997950,0.118697,49008,1969827,0.234293,8407551
2,2021-03-11,91956,3009541,42469,1512860,41153,1472627,8334,24054,48360,986646,0.117352,43340,1041290,0.123852,58109,2027936,0.241204,8407551
2,2021-03-12,92731,3102272,38352,1551212,42417,1515044,11962,36016,46640,1000753,0.11903,45899,1087189,0.129311,60006,2087942,0.248341,8407551
2,2021-03-13,68001,3170273,28765,1579977,31335,1546379,7901,43917,37557,1017207,0.120987,30334,1117523,0.132919,46788,2134730,0.253906,8407551
2,2021-03-14,36490,3206763,18225,1598202,13750,1560129,4515,48432,18705,1023489,0.121734,17703,1135226,0.135025,23985,2158715,0.256759,8407551
2,2021-03-15,66680,3273443,30189,1628391,31508,1591637,4983,53415,37049,1037171,0.123362,29456,1164682,0.138528,43138,2201853,0.26189,8407551
2,2021-03-16,85579,3359022,37901,1666292,43701,1635338,3977,57392,52236,1061321,0.126234,33194,1197876,0.142476,57344,2259197,0.26871,8407551
2,2021-03-17,91603,3450625,43935,1710227,43548,1678886,4120,61512,58498,1091893,0.129871,32893,1230769,0.146389,63465,2322662,0.276259,8407551
2,2021-03-18,96882,3547507,46302,1756529,46120,1725006,4460,65972,59791,1119878,0.133199,36830,1267599,0.150769,64815,2387477,0.283968,8407551
2,2021-03-19,96604,3644111,45701,1802230,44801,1769807,6102,72074,57995,1146135,0.136322,38357,1305956,0.155331,64614,2452091,0.291653,8407551
2,2021-03-20,69087,3713198,33364,1835594,31815,1801622,3908,75982,45601,1172710,0.139483,23287,1329243,0.158101,49862,2501953,0.297584,8407551
2,2021-03-21,32930,3746128,21308,1856902,9653,1811275,1969,77951,20808,1183887,0.140812,12023,1341266,0.159531,23200,2525153,0.300343,8407551
2,2021-03-22,62164,3808292,34170,1891072,25359,1836634,2635,80586,41700,1208840,0.14378,20273,1361539,0.161942,45226,2570379,0.305723,8407551
2,2021-03-23,82956,3891248,44068,1935140,36001,1872635,2887,83473,52327,1234501,0.146832,30392,1391931,0.165557,56053,2626432,0.31239,8407551
2,2021-03-24,90864,3982112,49047,1984187,38681,1911316,3136,86609,53986,1255845,0.149371,36601,1428532,0.169911,57945,2684377,0.319282,8407551
2,2021-03-25,100525,4082637,50750,2034937,45901,1957217,3874,90483,57487,1275225,0.151676,42748,1471280,0.174995,62128,2746505,0.326671,8407551
2,2021-03-26,102610,4185247,51090,2086027,48058,2005275,3462,93945,56703,1290862,0.153536,45585,1516865,0.180417,61222,2807727,0.333953,8407551
2,2021-03-27,74764,4260011,37426,2123453,34041,2039316,3297,97242,38020,1296511,0.154208,36534,1553399,0.184762,42183,2849910,0.33897,8407551
2,2021-03-28,37390,4297401,23102,2146555,13486,2052802,802,98044,20435,1301632,0.154817,16847,1570246,0.186766,21968,2871878,0.341583,8407551
2,2021-03-29,70707,4368108,36139,2182694,32320,2085122,2248,100292,40689,1315609,0.156479,29860,1600106,0.190318,43837,2915715,0.346797,8407551
2,2021-03-30,91324,4459432,44817,2227511,42179,2127301,4328,104620,51669,1332745,0.158518,39475,1639581,0.195013,56611,2972326,0.353531,8407551
2,2021-03-31,100650,4560082,51980,2279491,43590,2170891,5080,109700,57800,1353387,0.160973,42599,1682180,0.20008,63241,3035567,0.361052,8407551
2,2021-04-01,116612,4676694,56442,2335933,51067,2221958,9103,118803,64006,1374653,0.163502,52304,1734484,0.206301,73570,3109137,0.369803,8407551
2,2021-04-02,110975,4787669,51279,2387212,49616,2271574,10080,128883,60103,1394808,0.165899,50551,1785035,0.212313,70706,3179843,0.378213,8407551
2,2021-04-03,76230,4863899,37375,2424587,29108,2300682,9747,138630,37978,1404867,0.167096,38075,1823110,0.216842,48134,3227977,0.383938,8407551
2,2021-04-04,28947,4892846,14875,2439462,10237,2310919,3835,142465,13116,1406111,0.167244,15752,1838862,0.218716,16996,3244973,0.385959,8407551
2,2021-04-05,78527,4971373,38598,2478060,31271,2342190,8658,151123,38393,1413973,0.168179,39996,1878858,0.223473,47858,3292831,0.391652,8407551
2,2021-04-06,103152,5074525,50262,2528322,38254,2380444,14636,165759,49181,1424528,0.169434,53744,1932602,0.229865,64299,3357130,0.399299,8407551
2,2021-04-07,109561,5184086,54754,2583076,38699,2419143,16108,181867,51918,1435567,0.170747,57392,1989994,0.236691,68431,3425561,0.407439,8407551
2,2021-04-08,118312,5302398,57001,2640077,42783,2461926,18528,200395,55136,1447152,0.172125,62903,2052897,0.244173,74488,3500049,0.416298,8407551
2,2021-04-09,117684,5420082,56733,2696810,43042,2504968,17909,218304,55884,1460603,0.173725,61493,2114390,0.251487,74944,3574993,0.425212,8407551
2,2021-04-10,86262,5506344,37298,2734108,30780,2535748,18184,236488,35822,1465197,0.174272,50217,2164607,0.25746,54811,3629804,0.431731,8407551
2,2021-04-11,43979,5550323,22765,2756873,12707,2548455,8507,244995,17951,1466526,0.17443,25907,2190514,0.260541,27236,3657040,0.434971,8407551
2,2021-04-12,78846,5629169,36741,2793614,32848,2581303,9257,254252,35349,1468856,0.174707,43268,2233782,0.265688,45598,3702638,0.440394,8407551
2,2021-04-13,100576,5729745,52125,2845739,48199,2629502,252,254504,55218,1480056,0.176039,45150,2278932,0.271058,56350,3758988,0.447097,8407551
2,2021-04-14,105102,5834847,55152,2900891,49900,2679402,50,254554,54104,1484867,0.176611,50756,2329688,0.277095,55567,3814555,0.453706,8407551
2,2021-04-15,111706,5946553,59505,2960396,52135,2731537,66,254620,58750,1492094,0.177471,52625,2382313,0.283354,59852,3874407,0.460825,8407551
2,2021-04-16,109011,6055564,56688,3017084,52273,2783810,50,254670,55537,1495312,0.177853,53198,2435511,0.289681,56416,3930823,0.467535,8407551
2,2021-04-17,81726,6137290,41548,3058632,40164,2823974,14,254684,45967,1506589,0.179195,35558,2471069,0.293911,46835,3977658,0.473105,8407551
2,2021-04-18,33933,6171223,20295,3078927,13633,2837607,5,254689,16229,1506188,0.179147,17598,2488667,0.296004,17197,3994855,0.475151,8407551
2,2021-04-19,73479,6244702,39660,3118587,33808,2871415,11,254700,33694,1500942,0.178523,39562,2528229,0.300709,34316,4029171,0.479232,8407551
2,2021-04-20,94769,6339471,47344,3165931,47401,2918816,24,254724,46249,1499700,0.178375,48240,2576469,0.306447,46998,4076169,0.484822,8407551
2,2021-04-21,98900,6438371,52588,3218519,46258,2965074,54,254778,46865,1495790,0.17791,51696,2628165,0.312596,47786,4123955,0.490506,8407551
2,2021-04-22,105278,6543649,53929,3272448,51329,3016403,20,254798,46254,1484236,0.176536,58695,2686860,0.319577,47141,4171096,0.496113,8407551
2,2021-04-23,104505,6648154,55144,3327592,49344,3065747,17,254815,48382,1477769,0.175767,55766,2742626,0.32621,49299,4220395,0.501977,8407551
2,2021-04-24,79033,6727187,46835,3374427,32160,3097907,38,254853,41340,1482661,0.176349,37400,2780026,0.330658,42292,4262687,0.507007,8407551
2,2021-04-25,35959,6763146,22269,3396696,13676,3111583,14,254867,19677,1486638,0.176822,16168,2796194,0.332581,20145,4282832,0.509403,8407551
2,2021-04-26,67901,6831047,37850,3434546,29762,3141345,289,255156,31067,1482766,0.176361,36612,2832806,0.336936,32740,4315572,0.513297,8407551
2,2021-04-27,82294,6913341,43355,3477901,37795,3179140,1144,256300,35324,1473703,0.175283,46697,2879503,0.34249,37634,4353206,0.517773,8407551
2,2021-04-28,85025,6998366,45083,3522984,38097,3217237,1845,258145,37260,1466186,0.174389,47506,2927009,0.34814,39989,4393195,0.52253,8407551
2,2021-04-29,87536,7085902,47255,3570239,38609,3255846,1672,259817,33652,1448500,0.172286,53595,2980604,0.354515,35909,4429104,0.526801,8407551
2,2021-04-30,91737,7177639,50593,3620832,39199,3295045,1945,261762,35519,1430720,0.170171,55874,3036478,0.361161,38094,4467198,0.531332,8407551
2,2021-05-01,60657,7238296,36992,3657824,22124,3317169,1541,263303,23838,1420343,0.168937,36591,3073069,0.365513,26214,4493412,0.53445,8407551
2,2021-05-02,28766,7267062,19867,3677691,7931,3325100,968,264271,11072,1414895,0.168289,17577,3090646,0.367604,12129,4505541,0.535892,8407551
2,2021-05-03,59176,7326238,35170,3712861,21978,3347078,2028,266299,19872,1397933,0.166271,39116,3129762,0.372256,22154,4527695,0.538527,8407551
2,2021-05-04,77506,7403744,45978,3758839,29179,3376257,2349,268648,25286,1373992,0.163424,51965,3181727,0.378437,28024,4555719,0.54186,8407551
2,2021-05-05,77679,7481423,45978,3804817,29379,3405636,2322,270970,24322,1347922,0.160323,53050,3234777,0.384747,26980,4582699,0.545069,8407551
2,2021-05-06,80051,7561474,48123,3852940,29055,3434691,2873,273843,24576,1320915,0.157111,55083,3289860,0.391298,28076,4610775,0.548409,8407551
2,2021-05-07,80980,7642454,46619,3899559,31955,3466646,2406,276249,25041,1293166,0.15381,55642,3345502,0.397916,27893,4638668,0.551726,8407551
2,2021-05-08,52875,7695329,31965,3931524,19262,3485908,1648,277897,16603,1276088,0.151779,36031,3381533,0.402202,18953,4657621,0.553981,8407551
2,2021-05-09,21167,7716496,15147,3946671,5279,3491187,741,278638,6346,1268694,0.150899,14701,3396234,0.40395,7307,4664928,0.55485,8407551
2,2021-05-10,48524,7765020,26292,3972963,20410,3511597,1822,280460,13894,1250586,0.148746,34414,3430648,0.408044,16306,4681234,0.556789,8407551
2,2021-05-11,62015,7827035,32864,4005827,27169,3538766,1982,282442,18719,1228879,0.146164,43057,3473705,0.413165,21350,4702584,0.559329,8407551
2,2021-05-12,60400,7887435,31765,4037592,26619,3565385,2016,284458,18072,1207236,0.143589,42091,3515796,0.418171,20448,4723032,0.561761,8407551
2,2021-05-13,64294,7951729,37237,4074829,25206,3590591,1851,286309,23517,1192746,0.141866,40536,3556332,0.422993,26046,4749078,0.564859,8407551
2,2021-05-14,76874,8028603,45954,4120783,28748,3619339,2172,288481,29956,1178903,0.14022,46612,3602944,0.428537,32769,4781847,0.568756,8407551
2,2021-05-15,64300,8092903,42287,4163070,20356,3639695,1657,290138,24898,1166644,0.138761,39186,3642130,0.433197,26927,4808774,0.571959,8407551
2,2021-05-16,30218,8123121,22422,4185492,6876,3646571,920,291058,12278,1162140,0.138226,17829,3659959,0.435318,13325,4822099,0.573544,8407551
2,2021-05-17,56922,8180043,36162,4221654,18856,3665427,1904,292962,23805,1155304,0.137413,32929,3692888,0.439235,26093,4848192,0.576647,8407551
2,2021-05-18,68747,8248790,40256,4261910,26552,3691979,1939,294901,28746,1146767,0.136397,39753,3732641,0.443963,31216,4879408,0.58036,8407551
2,2021-05-19,67471,8316261,40096,4302006,25456,3717435,1919,296820,28066,1138075,0.135363,39133,3771774,0.448617,30441,4909849,0.583981,8407551
2,2021-05-20,58251,8374512,33493,4335499,22800,3740235,1958,298778,23004,1128530,0.134228,35016,3806790,0.452782,25471,4935320,0.58701,8407551
2,2021-05-21,61271,8435783,36101,4371600,23223,3763458,1947,300725,24470,1118834,0.133075,36568,3843358,0.457132,26872,4962192,0.590207,8407551
2,2021-05-22,43594,8479377,27777,4399377,14234,3777692,1583,302308,18893,1115202,0.132643,24551,3867909,0.460052,20919,4983111,0.592695,8407551
2,2021-05-23,16844,8496221,12323,4411700,3925,3781617,596,302904,7708,1114516,0.132561,9071,3876980,0.461131,8385,4991496,0.593692,8407551
2,2021-05-24,42830,8539051,24067,4435767,17028,3798645,1735,304639,16943,1107844,0.131768,25689,3902669,0.464186,19017,5010513,0.595954,8407551
2,2021-05-25,49597,8588648,29124,4464891,18664,3817309,1809,306448,19609,1100070,0.130843,29722,3932391,0.467721,21948,5032461,0.598564,8407551
2,2021-05-26,46904,8635552,26476,4491367,18866,3836175,1562,308010,18972,1093256,0.130033,27659,3960050,0.471011,20845,5053306,0.601044,8407551
2,2021-05-27,44218,8679770,25269,4516636,17341,3853516,1608,309618,18198,1087698,0.129372,25830,3985880,0.474083,20272,5073578,0.603455,8407551
2,2021-05-28,27709,8707479,15037,4531673,11301,3864817,1371,310989,9689,1081104,0.128587,17888,4003768,0.476211,11294,5084872,0.604798,8407551
3,2020-12-15,304,304,304,304,0,0,0,0,304,304,3.7e-05,0,0,0.0,304,304,3.7e-05,8129050
3,2020-12-16,2309,2613,2309,2613,0,0,0,0,2310,2614,0.000322,0,0,0.0,2310,2614,0.000322,8129050
3,2020-12-17,7661,10274,7661,10274,0,0,0,0,7661,10275,0.001264,0,0,0.0,7661,10275,0.001264,8129050
3,2020-12-18,13097,23371,13084,23358,13,13,0,0,13096,23371,0.002875,0,0,0.0,13096,23371,0.002875,8129050
3,2020-12-19,7191,30562,7180,30538,11,24,0,0,7255,30626,0.003767,0,0,0.0,7255,30626,0.003767,8129050
3,2020-12-20,5637,36199,5630,36168,7,31,0,0,5684,36309,0.004467,1,1,0.0,5684,36310,0.004467,8129050
3,2020-12-21,14325,50524,14300,50468,25,56,0,0,14388,50696,0.006236,1,2,0.0,14388,50698,0.006237,8129050
3,2020-12-22,14755,65279,14181,64649,574,630,0,0,14794,65490,0.008056,0,2,0.0,14794,65492,0.008057,8129050
3,2020-12-23,14789,80068,12190,76839,2599,3229,0,0,14815,80305,0.009879,1,3,0.0,14816,80308,0.009879,8129050
3,2020-12-24,6787,86855,4871,81710,1916,5145,0,0,6785,87089,0.010713,1,4,0.0,6785,87093,0.010714,8129050
3,2020-12-25,723,87578,667,82377,56,5201,0,0,722,87811,0.010802,0,4,0.0,722,87815,0.010803,8129050
3,2020-12-26,4617,92195,2992,85369,1625,6826,0,0,4615,92426,0.01137,0,4,0.0,4615,92430,0.01137,8129050
3,2020-12-27,2964,95159,1841,87210,1123,7949,0,0,2965,95391,0.011735,0,4,0.0,2965,95395,0.011735,8129050
3,2020-12-28,13544,108703,8664,95874,4880,12829,0,0,13572,108962,0.013404,1,5,1e-06,13572,108967,0.013405,8129050
3,2020-12-29,14915,123618,8418,104292,6497,19326,0,0,14942,123902,0.015242,2,7,1e-06,14942,123909,0.015243,8129050
3,2020-12-30,17948,141566,9986,114278,7962,27288,0,0,17935,141837,0.017448,1,8,1e-06,17936,141845,0.017449,8129050
3,2020-12-31,8379,149945,3215,117493,5164,32452,0,0,8378,150214,0.018479,1,9,1e-06,8378,150223,0.01848,8129050
3,2021-01-01,1222,151167,561,118054,661,33113,0,0,1219,151433,0.018629,0,9,1e-06,1219,151442,0.01863,8129050
3,2021-01-02,4939,156106,2463,120517,2476,35589,0,0,4939,156372,0.019236,0,9,1e-06,4939,156381,0.019237,8129050
3,2021-01-03,1598,157704,882,121399,716,36305,0,0,1589,157957,0.019431,4,13,2e-06,1589,157970,0.019433,8129050
3,2021-01-04,11963,169667,6011,127410,5952,42257,0,0,11936,169886,0.020899,7,20,2e-06,11936,169906,0.020901,8129050
3,2021-01-05,15616,185283,8160,135570,7456,49713,0,0,14015,182338,0.02243,1588,1608,0.000198,14040,183946,0.022628,8129050
3,2021-01-06,20474,205757,10835,146405,9639,59352,0,0,16060,194031,0.023869,4374,5982,0.000736,16067,200013,0.024605,8129050
3,2021-01-07,26385,232142,15099,161504,11286,70638,0,0,17173,202035,0.024853,9183,15165,0.001866,17187,217200,0.026719,8129050
3,2021-01-08,30296,262438,18518,180022,11778,82416,0,0,18104,207990,0.025586,12171,27336,0.003363,18126,235326,0.028949,8129050
3,2021-01-09,12323,274761,6988,187010,5335,87751,0,0,7835,211351,0.025999,4482,31818,0.003914,7843,243169,0.029914,8129050
3,2021-01-10,7158,281919,4516,191526,2642,90393,0,0,4020,212239,0.026109,3136,34954,0.0043,4024,247193,0.030409,8129050
3,2021-01-11,28875,310794,18917,210443,9958,100351,0,0,16314,216041,0.026576,12555,47509,0.005844,16357,263550,0.032421,8129050
3,2021-01-12,32165,342959,19264,229707,12901,113252,0,0,19770,223518,0.027496,12379,59888,0.007367,19856,283406,0.034863,8129050
3,2021-01-13,34290,377249,17929,247636,16361,129613,0,0,24189,237623,0.029231,10102,69990,0.00861,24207,307613,0.037841,8129050
3,2021-01-14,34452,411701,14172,261808,20280,149893,0,0,28581,260399,0.032033,5839,75829,0.009328,28615,336228,0.041361,8129050
3,2021-01-15,38629,450330,14356,276164,24273,174166,0,0,34021,289885,0.03566,4599,80428,0.009894,34085,370313,0.045554,8129050
3,2021-01-16,21712,472042,7576,283740,14136,188302,0,0,19403,307014,0.037768,2295,82723,0.010176,19424,389737,0.047944,8129050
3,2021-01-17,13050,485092,4402,288142,8648,196950,0,0,12026,318036,0.039123,1023,83746,0.010302,12045,401782,0.049425,8129050
3,2021-01-18,24626,509718,12852,300994,11774,208724,0,0,19097,331627,0.040795,5547,89293,0.010984,19138,420920,0.05178,8129050
3,2021-01-19,40760,550478,20837,321831,19923,228647,0,0,31731,354434,0.043601,9004,98297,0.012092,31811,452731,0.055693,8129050
3,2021-01-20,44833,595311,22072,343903,22761,251408,0,0,35560,380842,0.04685,9229,107526,0.013227,35637,488368,0.060077,8129050
3,2021-01-21,47411,642722,20537,364440,26874,278282,0,0,41993,417553,0.051366,5346,112872,0.013885,42057,530425,0.065251,8129050
3,2021-01-22,49358,692080,19691,384131,29667,307949,0,0,45244,458739,0.056432,4120,116992,0.014392,45306,575731,0.070824,8129050
3,2021-01-23,30021,722101,12738,396869,17283,325232,0,0,26762,482300,0.05933,3249,120241,0.014792,26810,602541,0.074122,8129050
3,2021-01-24,17612,739713,8482,405351,9130,334362,0,0,16464,497647,0.061218,1146,121387,0.014932,16493,619034,0.076151,8129050
3,2021-01-25,40493,780206,18127,423478,22366,356728,0,0,30608,518470,0.06378,9867,131254,0.016146,30690,649724,0.079926,8129050
3,2021-01-26,46739,826945,22380,445858,24359,381087,0,0,36747,545336,0.067085,9982,141236,0.017374,36848,686572,0.084459,8129050
3,2021-01-27,50582,877527,24321,470179,26261,407348,0,0,40101,575098,0.070746,10414,151650,0.018655,40176,726748,0.089401,8129050
3,2021-01-28,51354,928881,23856,494035,27498,434846,0,0,42513,608901,0.074904,8760,160410,0.019733,42563,769311,0.094637,8129050
3,2021-01-29,50356,979237,24280,518315,26076,460922,0,0,40842,640460,0.078787,9328,169738,0.02088,40887,810198,0.099667,8129050
3,2021-01-30,36813,1016050,17561,535876,19252,480174,0,0,32131,668041,0.082179,4630,174368,0.02145,32211,842409,0.103629,8129050
3,2021-01-31,22029,1038079,12637,548513,9392,489566,0,0,20700,687438,0.084566,1319,175687,0.021612,20716,863125,0.106178,8129050
3,2021-02-01,45500,1083579,20826,569339,24674,514240,0,0,34800,711621,0.08754,10652,186339,0.022923,34835,897960,0.110463,8129050
3,2021-02-02,53792,1137371,22400,591739,31392,545632,0,0,41482,740927,0.091146,12225,198564,0.024426,41531,939491,0.115572,8129050
3,2021-02-03,59678,1197049,26626,618365,33052,578684,0,0,44401,770277,0.094756,15119,213683,0.026286,44469,983960,0.121042,8129050
3,2021-02-04,63966,1261015,27807,646172,36159,614843,0,0,46974,800550,0.09848,16806,230489,0.028354,47079,1031039,0.126834,8129050
3,2021-02-05,69755,1330770,29680,675852,40075,654918,0,0,48269,827707,0.101821,21272,251761,0.030971,48429,1079468,0.132791,8129050
3,2021-02-06,43437,1374207,21135,696987,22302,677220,0,0,33746,851973,0.104806,9661,261422,0.032159,33927,1113395,0.136965,8129050
3,2021-02-07,19441,1393648,12321,709308,7120,684340,0,0,14973,862617,0.106115,4456,265878,0.032707,15100,1128495,0.138822,8129050
3,2021-02-08,50832,1444480,24539,733847,26293,710633,0,0,33376,878828,0.10811,17350,283228,0.034841,33561,1162056,0.142951,8129050
3,2021-02-09,58162,1502642,28323,762170,29839,740472,0,0,34179,889537,0.109427,23814,307042,0.037771,34523,1196579,0.147198,8129050
3,2021-02-10,67461,1570103,31379,793549,36082,776554,0,0,36627,896080,0.110232,30610,337652,0.041536,37153,1233732,0.151768,8129050
3,2021-02-11,70151,1640254,34633,828182,35518,812072,0,0,37626,902049,0.110966,32186,369838,0.045496,38155,1271887,0.156462,8129050
3,2021-02-12,74830,1715084,32425,860607,42405,854477,0,0,41443,911148,0.112085,33103,402941,0.049568,42202,1314089,0.161653,8129050
3,2021-02-13,44585,1759669,20260,880867,24325,878802,0,0,25769,918777,0.113024,18720,421661,0.051871,26349,1340438,0.164895,8129050
3,2021-02-14,27077,1786746,13508,894375,13569,892371,0,0,15129,922452,0.113476,11902,433563,0.053335,15577,1356015,0.166811,8129050
3,2021-02-15,39759,1826505,17125,911500,22634,915005,0,0,22069,927848,0.11414,17607,451170,0.055501,23003,1379018,0.169641,8129050
3,2021-02-16,69473,1895978,32863,944363,36610,951615,0,0,36221,931972,0.114647,33122,484292,0.059575,37246,1416264,0.174223,8129050
3,2021-02-17,71209,1967187,36025,980388,35184,986799,0,0,34004,930051,0.114411,36995,521287,0.064126,35074,1451338,0.178537,8129050
3,2021-02-18,76248,2043435,39818,1020206,36430,1023229,0,0,35422,926126,0.113928,40686,561973,0.069131,36761,1488099,0.183059,8129050
3,2021-02-19,67974,2111409,39189,1059395,28785,1052014,0,0,34454,927846,0.11414,33424,595397,0.073243,35144,1523243,0.187383,8129050
3,2021-02-20,41584,2152993,26354,1085749,15230,1067244,0,0,22073,930986,0.114526,19425,614822,0.075633,22565,1545808,0.190159,8129050
3,2021-02-21,22419,2175412,18656,1104405,3763,1071007,0,0,10726,930468,0.114462,11630,626452,0.077063,11112,1556920,0.191525,8129050
3,2021-02-22,44887,2220299,29267,1133672,15620,1086627,0,0,21283,928707,0.114245,23529,649981,0.079958,21768,1578688,0.194203,8129050
3,2021-02-23,60344,2280643,32976,1166648,27368,1113995,0,0,26717,923918,0.113656,33486,683467,0.084077,28697,1607385,0.197733,8129050
3,2021-02-24,76247,2356890,37324,1203972,38923,1152918,0,0,34122,918577,0.112999,41968,725435,0.08924,36627,1644012,0.202239,8129050
3,2021-02-25,85212,2442102,41404,1245376,43808,1196726,0,0,42804,921776,0.113393,42187,767622,0.094429,45386,1689398,0.207822,8129050
3,2021-02-26,95555,2537657,43547,1288923,52008,1248734,0,0,51044,930825,0.114506,44190,811812,0.099866,53239,1742637,0.214372,8129050
3,2021-02-27,67542,2605199,31132,1320055,36407,1285141,3,3,35878,936519,0.115206,31489,843301,0.103739,37183,1779820,0.218946,8129050
3,2021-02-28,37658,2642857,21888,1341943,15769,1300910,1,4,19536,939028,0.115515,17977,861278,0.105951,20486,1800306,0.221466,8129050
3,2021-03-01,65839,2708696,35037,1376980,30784,1331694,18,22,36838,948367,0.116664,28847,890125,0.109499,38186,1838492,0.226163,8129050
3,2021-03-02,77477,2786173,38396,1415376,39077,1370771,4,26,45492,964056,0.118594,31868,921993,0.11342,47557,1886049,0.232013,8129050
3,2021-03-03,87811,2873984,41986,1457362,45810,1416581,15,41,49112,976921,0.120177,38527,960520,0.118159,51392,1937441,0.238335,8129050
3,2021-03-04,92348,2966332,45440,1502802,46893,1463474,15,56,52616,992278,0.122066,39544,1000064,0.123023,54901,1992342,0.245089,8129050
3,2021-03-05,88881,3055213,43744,1546546,44847,1508321,290,346,54406,1014931,0.124852,34263,1034327,0.127238,56916,2049258,0.252091,8129050
3,2021-03-06,64625,3119838,32780,1579326,29708,1538029,2137,2483,37119,1028286,0.126495,27376,1061703,0.130606,40731,2089989,0.257101,8129050
3,2021-03-07,37256,3157094,22277,1601603,13869,1551898,1110,3593,21512,1036378,0.127491,15693,1077396,0.132537,23785,2113774,0.260027,8129050
3,2021-03-08,58512,3215606,27999,1629602,27692,1579590,2821,6414,37225,1056823,0.130006,21156,1098552,0.135139,41601,2155375,0.265145,8129050
3,2021-03-09,75985,3291591,35349,1664951,36299,1615889,4337,10751,41101,1068667,0.131463,34774,1133326,0.139417,46618,2201993,0.27088,8129050
3,2021-03-10,82073,3373664,41167,1706118,34878,1650767,6028,16779,43042,1080288,0.132892,38855,1172181,0.144197,50476,2252469,0.277089,8129050
3,2021-03-11,96142,3469806,47024,1753142,40595,1691362,8523,25302,47335,1088676,0.133924,48582,1220763,0.150173,56970,2309439,0.284097,8129050
3,2021-03-12,101197,3571003,45213,1798355,44138,1735500,11846,37148,46648,1093978,0.134576,54370,1275133,0.156861,59672,2369111,0.291438,8129050
3,2021-03-13,69300,3640303,29561,1827916,32540,1768040,7199,44347,36508,1106413,0.136106,32690,1307823,0.160883,45125,2414236,0.296989,8129050
3,2021-03-14,40677,3680980,21507,1849423,15624,1783664,3546,47893,20892,1111768,0.136765,19724,1327547,0.163309,25079,2439315,0.300074,8129050
3,2021-03-15,74964,3755944,35652,1885075,34790,1818454,4522,52415,39746,1121995,0.138023,35049,1362596,0.167621,45276,2484591,0.305643,8129050
3,2021-03-16,94363,3850307,43545,1928620,46522,1864976,4296,56711,53457,1139957,0.140232,40718,1403314,0.17263,58680,2543271,0.312862,8129050
3,2021-03-17,97065,3947372,47187,1975807,45432,1910408,4446,61157,59398,1167013,0.143561,37468,1440782,0.177239,64524,2607795,0.320799,8129050
3,2021-03-18,102264,4049636,52027,2027834,45836,1956244,4401,65558,59567,1189065,0.146274,42469,1483251,0.182463,64521,2672316,0.328737,8129050
3,2021-03-19,102299,4151935,54877,2082711,43007,1999251,4415,69973,58019,1207999,0.148603,44046,1527297,0.187881,62980,2735296,0.336484,8129050
3,2021-03-20,70992,4222927,36661,2119372,30745,2029996,3586,73559,44332,1229920,0.151299,26497,1553794,0.191141,48418,2783714,0.34244,8129050
3,2021-03-21,35772,4258699,24409,2143781,9873,2039869,1490,75049,23121,1242427,0.152838,12575,1566369,0.192688,25082,2808796,0.345526,8129050
3,2021-03-22,69824,4328523,41070,2184851,26251,2066120,2503,77552,45284,1266876,0.155846,24350,1590719,0.195683,48799,2857595,0.351529,8129050
3,2021-03-23,89013,4417536,49161,2234012,37338,2103458,2514,80066,55147,1291605,0.158888,33639,1624358,0.199821,58368,2915963,0.358709,8129050
3,2021-03-24,98052,4515588,56550,2290562,38641,2142099,2861,82927,56654,1310638,0.161229,41092,1665450,0.204876,60125,2976088,0.366105,8129050
3,2021-03-25,106618,4622206,59411,2349973,44290,2186389,2917,85844,60795,1329466,0.163545,45535,1710985,0.210478,64363,3040451,0.374023,8129050
3,2021-03-26,109822,4732028,59059,2409032,47516,2233905,3247,89091,57513,1339044,0.164723,52033,1763018,0.216879,61611,3102062,0.381602,8129050
3,2021-03-27,73791,4805819,37583,2446615,33672,2267577,2536,91627,36446,1341540,0.16503,37161,1800179,0.22145,39657,3141719,0.38648,8129050
3,2021-03-28,43884,4849703,27768,2474383,15310,2282887,806,92433,22737,1344538,0.165399,21046,1821225,0.224039,24044,3165763,0.389438,8129050
3,2021-03-29,80176,4929879,41991,2516374,36347,2319234,1838,94271,44641,1356502,0.166871,35324,1856549,0.228384,47288,3213051,0.395255,8129050
3,2021-03-30,99424,5029303,49004,2565378,46811,2366045,3609,97880,56050,1373613,0.168976,43153,1899702,0.233693,60264,3273315,0.402669,8129050
3,2021-03-31,104487,5133790,56515,2621893,43173,2409218,4799,102679,56452,1387352,0.170666,47860,1947562,0.239581,61599,3334914,0.410246,8129050
3,2021-04-01,122673,5256463,62240,2684133,50815,2460033,9618,112297,66787,1408540,0.173272,55593,2003155,0.246419,76781,3411695,0.419692,8129050
3,2021-04-02,117354,5373817,57392,2741525,49734,2509767,10228,122525,62424,1427048,0.175549,54694,2057849,0.253148,73202,3484897,0.428697,8129050
3,2021-04-03,75778,5449595,38774,2780299,27823,2537590,9181,131706,37953,1436823,0.176752,37706,2095555,0.257786,47481,3532378,0.434538,8129050
3,2021-04-04,32281,5481876,17259,2797558,10843,2548433,4179,135885,14237,1437303,0.176811,17978,2113533,0.259998,18458,3550836,0.436808,8129050
3,2021-04-05,88582,5570458,45059,2842617,34485,2582918,9038,144923,43612,1446027,0.177884,44790,2158323,0.265507,53514,3604350,0.443391,8129050
3,2021-04-06,112616,5683074,54908,2897525,42643,2625561,15065,159988,53265,1456034,0.179115,59115,2217438,0.272779,69122,3673472,0.451894,8129050
3,2021-04-07,115480,5798554,60019,2957544,39293,2664854,16168,176156,56216,1469727,0.180799,59057,2276495,0.280044,72750,3746222,0.460844,8129050
3,2021-04-08,120549,5919103,60302,3017846,40324,2705178,19923,196079,56218,1482701,0.182395,64079,2340574,0.287927,77053,3823275,0.470322,8129050
3,2021-04-09,117392,6036495,58672,3076518,39724,2744902,18996,215075,51772,1489128,0.183186,65420,2405994,0.295975,71847,3895122,0.479161,8129050
3,2021-04-10,83047,6119542,37697,3114215,30235,2775137,15115,230190,34034,1490341,0.183335,48870,2454864,0.301987,50083,3945205,0.485322,8129050
3,2021-04-11,44705,6164247,24033,3138248,12719,2787856,7953,238143,17028,1488607,0.183122,27598,2482462,0.305382,25864,3971069,0.488503,8129050
3,2021-04-12,82962,6247209,42002,3180250,32354,2820210,8606,246749,37881,1491272,0.18345,44898,2527360,0.310905,47563,4018632,0.494354,8129050
3,2021-04-13,104277,6351486,56552,3236802,47518,2867728,207,246956,55243,1498741,0.184369,48850,2576210,0.316914,56319,4074951,0.501283,8129050
3,2021-04-14,105488,6456974,57822,3294624,47575,2915303,91,247047,53097,1501200,0.184671,52149,2628359,0.323329,54608,4129559,0.508,8129050
3,2021-04-15,117863,6574837,66421,3361045,51385,2966688,57,247104,63510,1511438,0.18593,54113,2682472,0.329986,64351,4193910,0.515916,8129050
3,2021-04-16,113821,6688658,63918,3424963,49813,3016501,90,247194,59634,1517871,0.186722,53944,2736416,0.336622,60377,4254287,0.523344,8129050
3,2021-04-17,77920,6766578,42559,3467522,35350,3051851,11,247205,43490,1528059,0.187975,34264,2770680,0.340837,44452,4298739,0.528812,8129050
3,2021-04-18,36891,6803469,21862,3489384,15026,3066877,3,247208,17361,1526831,0.187824,19451,2790131,0.34323,18223,4316962,0.531054,8129050
3,2021-04-19,77978,6881447,43673,3533057,34254,3101131,51,247259,35286,1520141,0.187001,42558,2832689,0.348465,35868,4352830,0.535466,8129050
3,2021-04-20,97834,6979281,50747,3583804,47074,3148205,13,247272,47727,1519008,0.186862,49914,2882603,0.354605,48781,4401611,0.541467,8129050
3,2021-04-21,100836,7080117,55646,3639450,45126,3193331,64,247336,47721,1514916,0.186358,52840,2935443,0.361105,48748,4450359,0.547464,8129050
3,2021-04-22,108657,7188774,60654,3700104,47982,3241313,21,247357,46928,1501343,0.184689,61458,2996901,0.368666,47885,4498244,0.553354,8129050
3,2021-04-23,103084,7291858,58476,3758580,44586,3285899,22,247379,45202,1489967,0.183289,57591,3054492,0.37575,46215,4544459,0.559039,8129050
3,2021-04-24,72794,7364652,45196,3803776,27540,3313439,58,247437,35547,1489522,0.183234,37014,3091506,0.380303,36569,4581028,0.563538,8129050
3,2021-04-25,36182,7400834,23367,3827143,12800,3326239,15,247452,18697,1491244,0.183446,17373,3108879,0.382441,19095,4600123,0.565887,8129050
3,2021-04-26,67403,7468237,37992,3865135,29031,3355270,380,247832,28734,1483173,0.182453,38469,3147348,0.387173,30398,4630521,0.569626,8129050
3,2021-04-27,84742,7552979,44447,3909582,38880,3394150,1415,249247,33926,1468684,0.180671,50560,3197908,0.393393,36071,4666592,0.574064,8129050
3,2021-04-28,83743,7636722,47221,3956803,34422,3428572,2100,251347,33968,1455732,0.179078,49545,3247453,0.399487,36593,4703185,0.578565,8129050
3,2021-04-29,85479,7722201,48535,4005338,34776,3463348,2168,253515,29888,1432921,0.176272,55339,3302792,0.406295,32528,4735713,0.582567,8129050
3,2021-04-30,88111,7810312,49534,4054872,36132,3499480,2445,255960,32753,1413445,0.173876,55120,3357912,0.413076,35644,4771357,0.586951,8129050
3,2021-05-01,54381,7864693,34380,4089252,18567,3518047,1434,257394,19597,1400312,0.17226,34640,3392552,0.417337,21507,4792864,0.589597,8129050
3,2021-05-02,26497,7891190,18016,4107268,7472,3525519,1009,258403,9795,1394562,0.171553,16652,3409204,0.419385,10902,4803766,0.590938,8129050
3,2021-05-03,58729,7949919,34534,4141802,21869,3547388,2326,260729,17235,1372968,0.168896,41329,3450533,0.424469,19735,4823501,0.593366,8129050
3,2021-05-04,75393,8025312,43154,4184956,29609,3576997,2630,263359,22054,1344835,0.165436,53092,3503625,0.431001,24959,4848460,0.596436,8129050
3,2021-05-05,76461,8101773,45634,4230590,28174,3605171,2653,266012,21130,1313814,0.16162,55062,3558687,0.437774,24041,4872501,0.599394,8129050
3,2021-05-06,80997,8182770,51082,4281672,27457,3632628,2458,268470,20281,1276765,0.157062,60337,3619024,0.445196,23288,4895789,0.602258,8129050
3,2021-05-07,79949,8262719,49603,4331275,27757,3660385,2589,271059,21430,1242854,0.15289,58221,3677245,0.452359,24310,4920099,0.605249,8129050
3,2021-05-08,50170,8312889,30979,4362254,17561,3677946,1630,272689,13418,1221700,0.150288,36456,3713701,0.456843,15302,4935401,0.607131,8129050
3,2021-05-09,20347,8333236,14717,4376971,4843,3682789,787,273476,5608,1213541,0.149284,14619,3728320,0.458642,6460,4941861,0.607926,8129050
3,2021-05-10,46620,8379856,24857,4401828,19883,3702672,1880,275356,11061,1191372,0.146557,35363,3763683,0.462992,13194,4955055,0.609549,8129050
3,2021-05-11,59923,8439779,32889,4434717,24991,3727663,2043,277399,15143,1164405,0.14324,44582,3808265,0.468476,17615,4972670,0.611716,8129050
3,2021-05-12,59625,8499404,33822,4468539,23641,3751304,2162,279561,15693,1138803,0.140091,43725,3851990,0.473855,18123,4990793,0.613945,8129050
3,2021-05-13,67948,8567352,42583,4511122,23587,3774891,1778,281339,24661,1122754,0.138116,43058,3895048,0.479152,27009,5017802,0.617268,8129050
3,2021-05-14,77858,8645210,49245,4560367,26518,3801409,2095,283434,30716,1109256,0.136456,46896,3941944,0.484921,33398,5051200,0.621376,8129050
3,2021-05-15,60464,8705674,41656,4602023,17621,3819030,1187,284621,25048,1100453,0.135373,35247,3977191,0.489257,26444,5077644,0.624629,8129050
3,2021-05-16,31181,8736855,23288,4625311,7212,3826242,681,285302,12469,1095056,0.134709,18621,3995812,0.491547,13224,5090868,0.626256,8129050
3,2021-05-17,55936,8792791,35707,4661018,18436,3844678,1793,287095,22033,1085437,0.133526,33663,4029475,0.495688,24044,5114912,0.629214,8129050
3,2021-05-18,63100,8855891,37434,4698452,23840,3868518,1826,288921,25079,1074940,0.132234,37780,4067255,0.500336,27283,5142195,0.63257,8129050
3,2021-05-19,62257,8918148,38067,4736519,22507,3891025,1683,290604,25646,1066139,0.131152,36388,4103643,0.504812,27587,5169782,0.635964,8129050
3,2021-05-20,51007,8969155,30009,4766528,19405,3910430,1593,292197,19353,1055927,0.129895,31436,4135079,0.508679,21224,5191006,0.638575,8129050
3,2021-05-21,54774,9023929,33478,4800006,19486,3929916,1810,294007,20217,1043853,0.12841,34326,4169405,0.512902,22252,5213258,0.641312,8129050
3,2021-05-22,36455,9060384,24510,4824516,10683,3940599,1262,295269,15877,1040725,0.128025,20439,4189844,0.515416,17311,5230569,0.643442,8129050
3,2021-05-23,14407,9074791,10813,4835329,3090,3943689,504,295773,6676,1040283,0.127971,7676,4197520,0.51636,7234,5237803,0.644332,8129050
3,2021-05-24,37832,9112623,21933,4857262,14212,3957901,1687,297460,14511,1033505,0.127137,23166,4220686,0.51921,16388,5254191,0.646347,8129050
3,2021-05-25,41556,9154179,23406,4880668,16537,3974438,1613,299073,15406,1024801,0.126067,25937,4246623,0.522401,17233,5271424,0.648467,8129050
3,2021-05-26,40252,9194431,22754,4903422,15856,3990294,1642,300715,15542,1017646,0.125186,24462,4271085,0.52541,17307,5288731,0.650596,8129050
3,2021-05-27,37243,9231674,20939,4924361,14686,4004980,1618,302333,15052,1012483,0.124551,22054,4293139,0.528123,16891,5305622,0.652674,8129050
3,2021-05-28,21240,9252914,11292,4935653,8950,4013930,998,303331,7020,1006446,0.123809,14133,4307272,0.529862,8096,5313718,0.65367,8129050
4,2020-12-15,447,447,447,447,0,0,0,0,447,447,5.6e-05,0,0,0.0,447,447,5.6e-05,8037679
4,2020-12-16,2983,3430,2983,3430,0,0,0,0,2983,3430,0.000427,0,0,0.0,2983,3430,0.000427,8037679
4,2020-12-17,8550,11980,8550,11980,0,0,0,0,8550,11980,0.00149,0,0,0.0,8550,11980,0.00149,8037679
4,2020-12-18,15419,27399,15410,27390,9,9,0,0,15419,27399,0.003409,0,0,0.0,15419,27399,0.003409,8037679
4,2020-12-19,10246,37645,10238,37628,8,17,0,0,10181,37580,0.004675,0,0,0.0,10181,37580,0.004675,8037679
4,2020-12-20,7377,45022,7370,44998,7,24,0,0,7332,44912,0.005588,0,0,0.0,7332,44912,0.005588,8037679
4,2020-12-21,16357,61379,16334,61332,23,47,0,0,16291,61203,0.007615,0,0,0.0,16291,61203,0.007615,8037679
4,2020-12-22,17199,78578,16466,77798,733,780,0,0,17155,78358,0.009749,0,0,0.0,17155,78358,0.009749,8037679
4,2020-12-23,17088,95666,14391,92189,2697,3477,0,0,17060,95417,0.011871,1,1,0.0,17060,95418,0.011871,8037679
4,2020-12-24,8588,104254,6002,98191,2586,6063,0,0,8588,104005,0.01294,0,1,0.0,8588,104006,0.01294,8037679
4,2020-12-25,908,105162,803,98994,105,6168,0,0,908,104913,0.013053,0,1,0.0,908,104914,0.013053,8037679
4,2020-12-26,6228,111390,3878,102872,2350,8518,0,0,6228,111141,0.013827,0,1,0.0,6228,111142,0.013828,8037679
4,2020-12-27,3425,114815,1997,104869,1428,9946,0,0,3425,114566,0.014254,0,1,0.0,3425,114567,0.014254,8037679
4,2020-12-28,14979,129794,9256,114125,5723,15669,0,0,14949,129514,0.016113,1,2,0.0,14949,129516,0.016114,8037679
4,2020-12-29,15254,145048,8441,122566,6813,22482,0,0,15221,144735,0.018007,0,2,0.0,15221,144737,0.018007,8037679
4,2020-12-30,18857,163905,11032,133598,7825,30307,0,0,18845,163578,0.020351,2,4,0.0,18845,163582,0.020352,8037679
4,2020-12-31,8199,172104,3321,136919,4878,35185,0,0,8193,171768,0.02137,3,7,1e-06,8193,171775,0.021371,8037679
4,2021-01-01,1314,173418,563,137482,751,35936,0,0,1312,173078,0.021533,2,9,1e-06,1312,173087,0.021534,8037679
4,2021-01-02,5674,179092,3227,140709,2447,38383,0,0,5673,178750,0.022239,1,10,1e-06,5673,178760,0.02224,8037679
4,2021-01-03,2124,181216,1279,141988,845,39228,0,0,2110,180856,0.022501,4,14,2e-06,2110,180870,0.022503,8037679
4,2021-01-04,12968,194184,7084,149072,5884,45112,0,0,12920,193746,0.024105,30,44,5e-06,12920,193790,0.02411,8037679
4,2021-01-05,16802,210986,9994,159066,6808,51920,0,0,14773,206523,0.025694,2007,2051,0.000255,14784,208574,0.02595,8037679
4,2021-01-06,21478,232464,13173,172239,8305,60225,0,0,15615,216340,0.026916,5811,7862,0.000978,15628,224202,0.027894,8037679
4,2021-01-07,27787,260251,16953,189192,10834,71059,0,0,16982,222590,0.027693,10748,18610,0.002315,16998,241200,0.030009,8037679
4,2021-01-08,32654,292905,20948,210140,11706,82765,0,0,18498,227020,0.028244,14087,32697,0.004068,18517,259717,0.032312,8037679
4,2021-01-09,16173,309078,9570,219710,6603,89368,0,0,9426,229733,0.028582,6724,39421,0.004905,9437,269154,0.033487,8037679
4,2021-01-10,8716,317794,5661,225371,3055,92423,0,0,4113,229272,0.028525,4582,44003,0.005475,4121,273275,0.033999,8037679
4,2021-01-11,33295,351089,21823,247194,11472,103895,0,0,18787,233632,0.029067,14466,58469,0.007274,18826,292101,0.036341,8037679
4,2021-01-12,38276,389365,22039,269233,16237,120132,0,0,24252,243949,0.030351,13975,72444,0.009013,24292,316393,0.039364,8037679
4,2021-01-13,38466,427831,18937,288170,19529,139661,0,0,27252,260066,0.032356,11160,83604,0.010402,27277,343670,0.042757,8037679
4,2021-01-14,38979,466810,14897,303067,24082,163743,0,0,31928,285020,0.03546,7003,90607,0.011273,31957,375627,0.046733,8037679
4,2021-01-15,45116,511926,15611,318678,29505,193248,0,0,39603,319187,0.039711,5456,96063,0.011952,39623,415250,0.051663,8037679
4,2021-01-16,28537,540463,9331,328009,19206,212454,0,0,25428,341559,0.042495,3072,99135,0.012334,25444,440694,0.054829,8037679
4,2021-01-17,18966,559429,6656,334665,12310,224764,0,0,17455,357543,0.044483,1486,100621,0.012519,17470,458164,0.057002,8037679
4,2021-01-18,29382,588811,13608,348273,15774,240538,0,0,23415,375112,0.046669,5872,106493,0.013249,23441,481605,0.059918,8037679
4,2021-01-19,45962,634773,23118,371391,22844,263382,0,0,36647,402572,0.050086,9260,115753,0.014401,36720,518325,0.064487,8037679
4,2021-01-20,51616,686389,27367,398758,24249,287631,0,0,41233,433573,0.053943,10286,126039,0.015681,41287,559612,0.069624,8037679
4,2021-01-21,56306,742695,24882,423640,31424,319055,0,0,49919,477208,0.059371,6326,132365,0.016468,49961,609573,0.075839,8037679
4,2021-01-22,54864,797559,22050,445690,32814,351869,0,0,49780,522027,0.064947,4989,137354,0.017089,49808,659381,0.082036,8037679
4,2021-01-23,39379,836938,17393,463083,21986,373855,0,0,35082,552849,0.068782,4288,141642,0.017622,35110,694491,0.086404,8037679
4,2021-01-24,23912,860850,10494,473577,13418,387273,0,0,22042,573044,0.071295,1863,143505,0.017854,22058,716549,0.089149,8037679
4,2021-01-25,47741,908591,22069,495646,25672,412945,0,0,36682,598752,0.074493,11028,154533,0.019226,36736,753285,0.093719,8037679
4,2021-01-26,56338,964929,28762,524408,27576,440521,0,0,44209,630944,0.078498,12075,166608,0.020728,44267,797552,0.099227,8037679
4,2021-01-27,55303,1020232,26580,550988,28723,469244,0,0,44455,664674,0.082695,10777,177385,0.022069,44507,842059,0.104764,8037679
4,2021-01-28,56170,1076402,25383,576371,30787,500031,0,0,46299,701231,0.087243,9783,187168,0.023286,46340,888399,0.110529,8037679
4,2021-01-29,56123,1132525,27020,603391,29103,529134,0,0,45858,736994,0.091692,10125,197293,0.024546,45888,934287,0.116238,8037679
4,2021-01-30,37539,1170064,17113,620504,20426,549560,0,0,32247,764018,0.095055,5247,202540,0.025199,32271,966558,0.120253,8037679
4,2021-01-31,23785,1193849,12492,632996,11293,560853,0,0,22190,784646,0.097621,1578,204118,0.025395,22206,988764,0.123016,8037679
4,2021-02-01,49656,1243505,24115,657111,25541,586394,0,0,38082,811230,0.100928,11536,215654,0.02683,38120,1026884,0.127759,8037679
4,2021-02-02,54892,1298397,25331,682442,29561,615955,0,0,42192,840826,0.104611,12638,228292,0.028403,42234,1069118,0.133013,8037679
4,2021-02-03,61745,1360142,30333,712775,31412,647367,0,0,47566,874379,0.108785,14068,242360,0.030153,47621,1116739,0.138938,8037679
4,2021-02-04,67277,1427419,31350,744125,35927,683294,0,0,50653,908663,0.11305,16475,258835,0.032203,50759,1167498,0.145253,8037679
4,2021-02-05,72748,1500167,33711,777836,39037,722331,0,0,50803,937895,0.116687,21703,280538,0.034903,50935,1218433,0.15159,8037679
4,2021-02-06,48078,1548245,26052,803888,22026,744357,0,0,36653,963355,0.119855,11393,291931,0.03632,36853,1255286,0.156175,8037679
4,2021-02-07,26332,1574577,17387,821275,8945,753302,0,0,19946,977177,0.121575,6360,298291,0.037112,20182,1275468,0.158686,8037679
4,2021-02-08,58210,1632787,29918,851193,28292,781594,0,0,37910,995171,0.123813,20175,318466,0.039622,38169,1313637,0.163435,8037679
4,2021-02-09,66932,1699719,34105,885298,32827,814421,0,0,39311,1007330,0.125326,27553,346019,0.04305,39712,1353349,0.168376,8037679
4,2021-02-10,76889,1776608,38463,923761,38426,852847,0,0,40865,1012941,0.126024,35795,381814,0.047503,41406,1394755,0.173527,8037679
4,2021-02-11,80727,1857335,42114,965875,38613,891460,0,0,41764,1016620,0.126482,38747,420561,0.052324,42426,1437181,0.178805,8037679
4,2021-02-12,83853,1941188,37581,1003456,46272,937732,0,0,43263,1020261,0.126935,40408,460969,0.057351,44049,1481230,0.184286,8037679
4,2021-02-13,58411,1999599,29630,1033086,28781,966513,0,0,29830,1022528,0.127217,28460,489429,0.060892,30727,1511957,0.188109,8037679
4,2021-02-14,36590,2036189,18976,1052062,17614,984127,0,0,18832,1024307,0.127438,17709,507138,0.063095,19488,1531445,0.190533,8037679
4,2021-02-15,45916,2082105,21503,1073565,24413,1008540,0,0,23663,1026957,0.127768,22187,529325,0.065855,24837,1556282,0.193623,8037679
4,2021-02-16,79558,2161663,36419,1109984,43139,1051679,0,0,40636,1029983,0.128144,38826,568151,0.070686,41852,1598134,0.19883,8037679
4,2021-02-17,80962,2242625,38181,1148165,42781,1094460,0,0,38700,1027706,0.127861,42105,610256,0.075924,39828,1637962,0.203785,8037679
4,2021-02-18,82706,2325331,45507,1193672,37199,1131659,0,0,38337,1023297,0.127312,44220,654476,0.081426,39811,1677773,0.208738,8037679
4,2021-02-19,81745,2407076,51422,1245094,30323,1161982,0,0,41044,1024465,0.127458,40566,695042,0.086473,41734,1719507,0.213931,8037679
4,2021-02-20,48284,2455360,32242,1277336,16042,1178024,0,0,26441,1029802,0.128122,21791,716833,0.089184,27128,1746635,0.217306,8037679
4,2021-02-21,28802,2484162,23180,1300516,5622,1183646,0,0,13914,1029174,0.128044,14828,731661,0.091029,14200,1760835,0.219073,8037679
4,2021-02-22,52394,2536556,36092,1336608,16302,1199948,0,0,25506,1028325,0.127938,26801,758462,0.094363,25952,1786787,0.222301,8037679
4,2021-02-23,73181,2609737,40614,1377222,32567,1232515,0,0,32419,1021769,0.127122,40640,799102,0.099419,34084,1820871,0.226542,8037679
4,2021-02-24,88008,2697745,46411,1423633,41597,1274112,0,0,39945,1016002,0.126405,47862,846964,0.105374,42095,1862966,0.231779,8037679
4,2021-02-25,98255,2796000,51161,1474794,47094,1321206,0,0,47146,1014737,0.126248,50960,897924,0.111714,49695,1912661,0.237962,8037679
4,2021-02-26,104213,2900213,52551,1527345,51662,1372868,0,0,53837,1020755,0.126996,50159,948083,0.117955,56177,1968838,0.244951,8037679
4,2021-02-27,75680,2975893,41312,1568657,34362,1407230,6,6,40538,1027759,0.127868,35016,983099,0.122311,42020,2010858,0.250179,8037679
4,2021-02-28,45082,3020975,27954,1596611,17126,1424356,2,8,25112,1033913,0.128633,19838,1002937,0.124779,25992,2036850,0.253413,8037679
4,2021-03-01,75459,3096434,44324,1640935,31113,1455469,22,30,41755,1043393,0.129813,33480,1036417,0.128945,42960,2079810,0.258758,8037679
4,2021-03-02,84578,3181012,48740,1689675,35833,1491302,5,35,50285,1061322,0.132043,34146,1070563,0.133193,52075,2131885,0.265236,8037679
4,2021-03-03,99003,3280015,52564,1742239,46426,1537728,13,48,55243,1074779,0.133718,43569,1114132,0.138614,57026,2188911,0.272331,8037679
4,2021-03-04,96245,3376260,53541,1795780,42688,1580416,16,64,52981,1086473,0.135172,43072,1157204,0.143972,54766,2243677,0.279145,8037679
4,2021-03-05,93920,3470180,50796,1846576,42811,1623227,313,377,55812,1106609,0.137678,37916,1195120,0.14869,58052,2301729,0.286367,8037679
4,2021-03-06,75778,3545958,42805,1889381,30369,1653596,2604,2981,46605,1128095,0.140351,29067,1224187,0.152306,50553,2352282,0.292657,8037679
4,2021-03-07,42398,3588356,27153,1916534,14078,1667674,1167,4148,25456,1138924,0.141698,16883,1241070,0.154407,27712,2379994,0.296105,8037679
4,2021-03-08,65976,3654332,34598,1951132,28207,1695881,3171,7319,43633,1164829,0.144921,22242,1263312,0.157174,48147,2428141,0.302095,8037679
4,2021-03-09,80768,3735100,41061,1992193,34605,1730486,5102,12421,43719,1177882,0.146545,36899,1300211,0.161764,49952,2478093,0.30831,8037679
4,2021-03-10,90388,3825488,46795,2038988,36186,1766672,7407,19828,45798,1187622,0.147757,44437,1344648,0.167293,54177,2532270,0.31505,8037679
4,2021-03-11,100029,3925517,52635,2091623,39029,1805701,8365,28193,46337,1189968,0.148049,53490,1398138,0.173948,55836,2588106,0.321997,8037679
4,2021-03-12,104074,4029591,51430,2143053,42393,1848094,10251,38444,44674,1186695,0.147642,59182,1457320,0.181311,55909,2644015,0.328953,8037679
4,2021-03-13,80491,4110082,37613,2180666,34495,1882589,8383,46827,37868,1191622,0.148254,42507,1499827,0.1866,47434,2691449,0.334854,8037679
4,2021-03-14,49461,4159543,28302,2208968,17542,1900131,3617,50444,23357,1193212,0.148452,26023,1525850,0.189837,27613,2719062,0.338289,8037679
4,2021-03-15,83460,4243003,44862,2253830,34374,1934505,4224,54668,42926,1200871,0.149405,40333,1566183,0.194855,47992,2767054,0.34426,8037679
4,2021-03-16,107111,4350114,55748,2309578,47980,1982485,3383,58051,57035,1212129,0.150806,49866,1616049,0.201059,61124,2828178,0.351865,8037679
4,2021-03-17,105740,4455854,56920,2366498,45391,2027876,3429,61480,62232,1235079,0.153661,43282,1659331,0.206444,66232,2894410,0.360105,8037679
4,2021-03-18,105943,4561797,58750,2425248,43552,2071428,3641,65121,60712,1254887,0.156126,44985,1704316,0.212041,64793,2959203,0.368166,8037679
4,2021-03-19,110378,4672175,63476,2488724,41746,2113174,5156,70277,63674,1277651,0.158958,46480,1750796,0.217824,69244,3028447,0.376781,8037679
4,2021-03-20,82954,4755129,48596,2537320,31375,2144549,2983,73260,51284,1300682,0.161823,31551,1782347,0.221749,54582,3083029,0.383572,8037679
4,2021-03-21,47798,4802927,34664,2571984,10872,2155421,2262,75522,29039,1313676,0.16344,18660,1801007,0.224071,31654,3114683,0.38751,8037679
4,2021-03-22,81563,4884490,53404,2625388,25451,2180872,2708,78230,51500,1338734,0.166557,29868,1830875,0.227787,54926,3169609,0.394344,8037679
4,2021-03-23,103776,4988266,62027,2687415,39608,2220480,2141,80371,62097,1362079,0.169462,41432,1872307,0.232941,64777,3234386,0.402403,8037679
4,2021-03-24,112872,5101138,72964,2760379,37531,2258011,2377,82748,64182,1380814,0.171793,48288,1920595,0.238949,67023,3301409,0.410742,8037679
4,2021-03-25,116277,5217415,71709,2832088,42205,2300216,2363,85111,67078,1401963,0.174424,48772,1969367,0.245017,69921,3371330,0.419441,8037679
4,2021-03-26,119035,5336450,72390,2904478,43619,2343835,3026,88137,65641,1418160,0.176439,53084,2022451,0.251621,69281,3440611,0.42806,8037679
4,2021-03-27,90879,5427329,53976,2958454,35118,2378953,1785,89922,46517,1422786,0.177015,44161,2066612,0.257116,48787,3489398,0.43413,8037679
4,2021-03-28,55443,5482772,36642,2995096,17934,2396887,867,90789,30040,1428745,0.177756,25268,2091880,0.260259,31227,3520625,0.438015,8037679
4,2021-03-29,92946,5575718,55912,3051008,34961,2431848,2073,92862,50915,1440463,0.179214,41828,2133708,0.265463,53546,3574171,0.444677,8037679
4,2021-03-30,116608,5692326,63724,3114732,48744,2480592,4140,97002,69409,1467462,0.182573,47002,2180710,0.271311,74001,3648172,0.453884,8037679
4,2021-03-31,120419,5812745,71245,3185977,42883,2523475,6291,103293,68010,1489886,0.185363,52115,2232825,0.277795,74539,3722711,0.463157,8037679
4,2021-04-01,141646,5954391,81011,3266988,47475,2570950,13160,116453,83826,1529660,0.190311,57479,2290304,0.284946,97253,3819964,0.475257,8037679
4,2021-04-02,135895,6090286,72795,3339783,49608,2620558,13492,129945,78793,1565501,0.19477,56846,2347150,0.292018,92687,3912651,0.486789,8037679
4,2021-04-03,100850,6191136,53904,3393687,33596,2654154,13350,143295,52745,1583949,0.197065,47935,2395085,0.297982,66383,3979034,0.495048,8037679
4,2021-04-04,46723,6237859,24667,3418354,14561,2668715,7495,150790,20490,1585842,0.197301,26145,2421230,0.301235,28038,4007072,0.498536,8037679
4,2021-04-05,108795,6346654,61326,3479680,34755,2703470,12714,163504,56962,1604472,0.199619,51653,2472883,0.307661,70283,4077355,0.50728,8037679
4,2021-04-06,138058,6484712,77836,3557516,40570,2744040,19652,183156,71933,1630853,0.202901,65923,2538806,0.315863,92304,4169659,0.518764,8037679
4,2021-04-07,136601,6621313,77581,3635097,38426,2782466,20594,203750,70959,1657375,0.206201,65428,2604234,0.324003,91950,4261609,0.530204,8037679
4,2021-04-08,138984,6760297,77696,3712793,36035,2818501,25253,229003,69290,1683245,0.209419,69452,2673686,0.332644,95322,4356931,0.542063,8037679
4,2021-04-09,136576,6896873,75029,3787822,38812,2857313,22735,251738,65422,1701629,0.211707,70968,2744654,0.341473,89352,4446283,0.55318,8037679
4,2021-04-10,102470,6999343,50706,3838528,33063,2890376,18701,270439,46187,1711580,0.212945,56102,2800756,0.348453,66053,4512336,0.561398,8037679
4,2021-04-11,61940,7061283,37761,3876289,13066,2903442,11113,281552,27142,1716257,0.213526,34715,2835471,0.352772,39392,4551728,0.566299,8037679
4,2021-04-12,101638,7162921,61801,3938090,29831,2933273,10006,291558,51312,1728722,0.215077,50072,2885543,0.359002,62537,4614265,0.574079,8037679
4,2021-04-13,128941,7291862,80888,4018978,47898,2981171,155,291713,77363,1755757,0.218441,51332,2936875,0.365388,78367,4692632,0.583829,8037679
4,2021-04-14,133886,7425748,85309,4104287,48503,3029674,74,291787,74523,1772457,0.220519,59094,2995969,0.372741,75794,4768426,0.593259,8037679
4,2021-04-15,154276,7580024,102799,4207086,51442,3081116,35,291822,95161,1809581,0.225137,58811,3054780,0.380057,95935,4864361,0.605195,8037679
4,2021-04-16,141683,7721707,89983,4297069,51625,3132741,75,291897,82826,1834548,0.228244,58635,3113415,0.387352,83602,4947963,0.615596,8037679
4,2021-04-17,99723,7821430,62977,4360046,36738,3169479,8,291905,58575,1853325,0.23058,40927,3154342,0.392444,59704,5007667,0.623024,8037679
4,2021-04-18,53872,7875302,36017,4396063,17852,3187331,3,291908,30674,1861841,0.231639,23101,3177443,0.395318,31617,5039284,0.626958,8037679
4,2021-04-19,100041,7975343,66122,4462185,33906,3221237,13,291921,51286,1865166,0.232053,48557,3226000,0.40136,51882,5091166,0.633412,8037679
4,2021-04-20,127026,8102369,74578,4536763,52439,3273676,9,291930,66722,1872882,0.233013,60054,3286054,0.408831,67770,5158936,0.641844,8037679
4,2021-04-21,126984,8229353,81514,4618277,45419,3319095,51,291981,64174,1875570,0.233347,62536,3348590,0.416612,65224,5224160,0.649959,8037679
4,2021-04-22,136862,8366215,90179,4708456,46662,3365757,21,292002,61384,1862883,0.231769,75177,3423767,0.425965,62490,5286650,0.657733,8037679
4,2021-04-23,130208,8496423,84140,4792596,46046,3411803,22,292024,56581,1847270,0.229826,73344,3497111,0.43509,57731,5344381,0.664916,8037679
4,2021-04-24,97053,8593476,65921,4858517,31080,3442883,52,292076,44684,1840921,0.229036,52124,3549235,0.441575,45775,5390156,0.670611,8037679
4,2021-04-25,49317,8642793,35059,4893576,14234,3457117,24,292100,26061,1844292,0.229456,23139,3572374,0.444453,26510,5416666,0.673909,8037679
4,2021-04-26,83467,8726260,55235,4948811,27856,3484973,376,292476,32949,1828600,0.227503,50282,3622656,0.450709,34590,5451256,0.678213,8037679
4,2021-04-27,105736,8831996,65058,5013869,38874,3523847,1804,294280,38367,1802395,0.224243,67107,3689763,0.459058,40902,5492158,0.683301,8037679
4,2021-04-28,99442,8931438,64567,5078436,32392,3556239,2483,296763,35660,1777610,0.22116,63547,3753310,0.466964,38762,5530920,0.688124,8037679
4,2021-04-29,100686,9032124,63752,5142188,34436,3590675,2498,299261,31551,1743359,0.216898,68867,3822177,0.475532,34616,5565536,0.692431,8037679
4,2021-04-30,101411,9133535,63783,5205971,34978,3625653,2650,301911,34531,1714592,0.213319,66563,3888740,0.483814,37796,5603332,0.697133,8037679
4,2021-05-01,68286,9201821,45527,5251498,21014,3646667,1745,303656,19859,1688566,0.210081,48251,3936991,0.489817,22225,5625557,0.699898,8037679
4,2021-05-02,37160,9238981,26329,5277827,9560,3656227,1271,304927,10508,1673927,0.20826,26555,3963546,0.493121,11916,5637473,0.701381,8037679
4,2021-05-03,77583,9316564,54271,5332098,20866,3677093,2446,307373,19081,1637497,0.203728,58292,4021838,0.500373,21862,5659335,0.704101,8037679
4,2021-05-04,98008,9414572,66550,5398648,28724,3705817,2734,310107,22257,1587340,0.197487,75508,4097346,0.509767,25351,5684686,0.707255,8037679
4,2021-05-05,98751,9513323,69296,5467944,26749,3732566,2706,312813,21554,1534959,0.19097,76920,4174266,0.519337,24539,5709225,0.710308,8037679
4,2021-05-06,108866,9622189,81460,5549404,24499,3757065,2907,315720,19410,1469335,0.182806,89055,4263321,0.530417,23431,5732656,0.713223,8037679
4,2021-05-07,102477,9724666,73562,5622966,26247,3783312,2668,318388,20282,1410806,0.175524,81878,4345199,0.540604,23349,5756005,0.716128,8037679
4,2021-05-08,65931,9790597,45116,5668082,18953,3802265,1862,320250,13135,1373541,0.170888,52601,4397800,0.547148,15336,5771341,0.718036,8037679
4,2021-05-09,33213,9823810,27085,5695167,5192,3807457,936,321186,7841,1357140,0.168847,25267,4423067,0.550292,8866,5780207,0.719139,8037679
4,2021-05-10,62553,9886363,41535,5736702,18746,3826203,2272,323458,10810,1318950,0.164096,51569,4474636,0.556707,13379,5793586,0.720803,8037679
4,2021-05-11,76848,9963211,46909,5783611,27925,3854128,2014,325472,14942,1274623,0.158581,61701,4536337,0.564384,17374,5810960,0.722965,8037679
4,2021-05-12,72959,10036170,47868,5831479,22839,3876967,2252,327724,16017,1236485,0.153836,56718,4593055,0.57144,18580,5829540,0.725277,8037679
4,2021-05-13,95425,10131595,70088,5901567,23919,3900886,1418,329142,36671,1217034,0.151416,58478,4651533,0.578716,39027,5868567,0.730132,8037679
4,2021-05-14,101429,10233024,71399,5972966,27933,3928819,2097,331239,39611,1197701,0.149011,61551,4713084,0.586374,42218,5910785,0.735385,8037679
4,2021-05-15,82986,10316010,64097,6037063,17590,3946409,1299,332538,36526,1189534,0.147995,46266,4759350,0.59213,38099,5948884,0.740125,8037679
4,2021-05-16,48182,10364192,38963,6076026,8531,3954940,688,333226,19681,1181654,0.147014,28377,4787727,0.59566,20497,5969381,0.742675,8037679
4,2021-05-17,69346,10433538,50566,6126592,16957,3971897,1823,335049,28781,1172097,0.145825,40389,4828116,0.600685,30832,6000213,0.746511,8037679
4,2021-05-18,79726,10513264,51769,6178361,26215,3998112,1742,336791,30044,1154894,0.143685,49342,4877458,0.606824,32139,6032352,0.750509,8037679
4,2021-05-19,74585,10587849,50270,6228631,22412,4020524,1903,338694,31861,1146441,0.142633,42488,4919946,0.61211,34035,6066387,0.754744,8037679
4,2021-05-20,56913,10644762,36688,6265319,18549,4039073,1676,340370,22399,1136442,0.141389,34310,4954256,0.616379,24311,6090698,0.757768,8037679
4,2021-05-21,61911,10706673,41384,6306703,18962,4058035,1565,341935,22311,1121129,0.139484,39376,4993632,0.621278,24063,6114761,0.760762,8037679
4,2021-05-22,40273,10746946,28860,6335563,10343,4068378,1070,343005,17875,1117933,0.139087,22281,5015913,0.62405,19085,6133846,0.763136,8037679
4,2021-05-23,15956,10762902,12243,6347806,3195,4071573,518,343523,6749,1116110,0.13886,9147,5025060,0.625188,7324,6141170,0.764048,8037679
4,2021-05-24,40954,10803856,25666,6373472,12339,4083912,2949,346472,15008,1108485,0.137911,25776,5050836,0.628395,18151,6159321,0.766306,8037679
4,2021-05-25,43485,10847341,26910,6400382,13842,4097754,2733,349205,16259,1100670,0.136939,27035,5077871,0.631758,19220,6178541,0.768697,8037679
4,2021-05-26,42872,10890213,25585,6425967,14757,4112511,2530,351735,15891,1092440,0.135915,26811,5104682,0.635094,18581,6197122,0.771009,8037679
4,2021-05-27,37149,10927362,22319,6448286,11779,4124290,3051,354786,14658,1087971,0.135359,22336,5127018,0.637873,17867,6214989,0.773232,8037679
4,2021-05-28,22084,10949446,13490,6461776,7775,4132065,819,355605,7787,1082424,0.134669,14210,5141228,0.639641,8663,6223652,0.77431,8037679
