vemquartile,administered_date,total_doses,cumulative_total_doses,pfizer_doses,cumulative_pfizer_doses,moderna_doses,cumulative_moderna_doses,jj_doses,cumulative_jj_doses,partially_vaccinated,total_partially_vaccinated,pct_age12pop_partially_vaccinated,fully_vaccinated,cumulative_fully_vaccinated,pct_age12pop_fully_vaccinated,at_least_one_dose,cumulative_at_least_one_dose,pct_age12pop_at_least_one_dose,age12_population
1,2020-12-15,157,157,157,157,0,0,0,0,157,157,1.8e-05,0,0,0.0,157,157,1.8e-05,8700223
1,2020-12-16,1226,1383,1226,1383,0,0,0,0,1226,1383,0.000159,0,0,0.0,1226,1383,0.000159,8700223
1,2020-12-17,4184,5567,4184,5567,0,0,0,0,4185,5568,0.00064,0,0,0.0,4185,5568,0.00064,8700223
1,2020-12-18,6376,11943,6353,11920,23,23,0,0,6378,11945,0.001373,1,1,0.0,6378,11946,0.001373,8700223
1,2020-12-19,2881,14824,2878,14798,3,26,0,0,2880,14824,0.001704,1,2,0.0,2880,14826,0.001704,8700223
1,2020-12-20,2132,16956,2122,16920,10,36,0,0,2133,16957,0.001949,0,2,0.0,2133,16959,0.001949,8700223
1,2020-12-21,7651,24607,7630,24550,21,57,0,0,7700,24657,0.002834,1,3,0.0,7701,24660,0.002834,8700223
1,2020-12-22,7318,31925,6974,31524,344,401,0,0,7319,31974,0.003675,2,5,1e-06,7319,31979,0.003676,8700223
1,2020-12-23,7841,39766,6582,38106,1259,1660,0,0,7836,39809,0.004576,2,7,1e-06,7837,39816,0.004576,8700223
1,2020-12-24,3299,43065,2357,40463,942,2602,0,0,3301,43110,0.004955,0,7,1e-06,3301,43117,0.004956,8700223
1,2020-12-25,240,43305,156,40619,84,2686,0,0,240,43350,0.004983,0,7,1e-06,240,43357,0.004983,8700223
1,2020-12-26,1365,44670,973,41592,392,3078,0,0,1364,44713,0.005139,1,8,1e-06,1364,44721,0.00514,8700223
1,2020-12-27,877,45547,542,42134,335,3413,0,0,877,45589,0.00524,1,9,1e-06,877,45598,0.005241,8700223
1,2020-12-28,7096,52643,4751,46885,2345,5758,0,0,7094,52683,0.006055,0,9,1e-06,7094,52692,0.006056,8700223
1,2020-12-29,8907,61550,4979,51864,3928,9686,0,0,8903,61584,0.007078,2,11,1e-06,8903,61595,0.00708,8700223
1,2020-12-30,11581,73131,6443,58307,5138,14824,0,0,11580,73163,0.008409,1,12,1e-06,11580,73175,0.008411,8700223
1,2020-12-31,5983,79114,1954,60261,4029,18853,0,0,5981,79141,0.009096,4,16,2e-06,5982,79157,0.009098,8700223
1,2021-01-01,602,79716,231,60492,371,19224,0,0,599,79738,0.009165,2,18,2e-06,599,79756,0.009167,8700223
1,2021-01-02,2921,82637,1770,62262,1151,20375,0,0,2921,82659,0.009501,0,18,2e-06,2921,82677,0.009503,8700223
1,2021-01-03,1040,83677,550,62812,490,20865,0,0,1038,83694,0.00962,3,21,2e-06,1038,83715,0.009622,8700223
1,2021-01-04,7384,91061,3595,66407,3789,24654,0,0,7387,91079,0.010469,2,23,3e-06,7387,91102,0.010471,8700223
1,2021-01-05,10867,101928,5247,71654,5620,30274,0,0,10069,100390,0.011539,780,803,9.2e-05,10091,101193,0.011631,8700223
1,2021-01-06,14085,116013,7064,78718,7021,37295,0,0,12161,110677,0.012721,1888,2691,0.000309,12175,113368,0.01303,8700223
1,2021-01-07,17536,133549,9169,87887,8367,45662,0,0,13016,119276,0.01371,4427,7118,0.000818,13026,126394,0.014528,8700223
1,2021-01-08,20210,153759,10497,98384,9713,55375,0,0,14262,127616,0.014668,5931,13049,0.0015,14271,140665,0.016168,8700223
1,2021-01-09,6696,160455,3400,101784,3296,58671,0,0,4840,130606,0.015012,1853,14902,0.001713,4843,145508,0.016725,8700223
1,2021-01-10,3099,163554,1768,103552,1331,60002,0,0,1908,131328,0.015095,1187,16089,0.001849,1909,147417,0.016944,8700223
1,2021-01-11,18077,181631,11853,115405,6224,66226,0,0,11526,136356,0.015673,6541,22630,0.002601,11569,158986,0.018274,8700223
1,2021-01-12,19139,200770,10966,126371,8173,74399,0,0,13141,143569,0.016502,5970,28600,0.003287,13183,172169,0.019789,8700223
1,2021-01-13,19867,220637,10750,137121,9117,83516,0,0,14702,153145,0.017602,5144,33744,0.003879,14720,186889,0.021481,8700223
1,2021-01-14,22046,242683,9448,146569,12598,96114,0,0,19289,169794,0.019516,2699,36443,0.004189,19348,206237,0.023705,8700223
1,2021-01-15,25210,267893,9254,155823,15956,112070,0,0,23265,191213,0.021978,1907,38350,0.004408,23326,229563,0.026386,8700223
1,2021-01-16,13895,281788,4546,160369,9349,121419,0,0,13019,203362,0.023374,873,39223,0.004508,13022,242585,0.027883,8700223
1,2021-01-17,5221,287009,2038,162407,3183,124602,0,0,4851,207847,0.02389,369,39592,0.004551,4854,247439,0.028441,8700223
1,2021-01-18,14344,301353,8612,171019,5732,130334,0,0,11159,215889,0.024814,3172,42764,0.004915,11214,258653,0.029729,8700223
1,2021-01-19,24695,326048,12773,183792,11922,142256,0,0,19536,230341,0.026475,5138,47902,0.005506,19590,278243,0.031981,8700223
1,2021-01-20,29448,355496,14738,198530,14710,156966,0,0,23517,248048,0.028511,5851,53753,0.006178,23558,301801,0.034689,8700223
1,2021-01-21,31260,386756,14675,213205,16585,173551,0,0,27976,272904,0.031367,3218,56971,0.006548,28074,329875,0.037916,8700223
1,2021-01-22,28423,415179,11288,224493,17135,190686,0,0,26352,297283,0.03417,2005,58976,0.006779,26384,356259,0.040948,8700223
1,2021-01-23,18742,433921,8200,232693,10542,201228,0,0,16779,312140,0.035877,1932,60908,0.007001,16789,373048,0.042878,8700223
1,2021-01-24,6689,440610,4159,236852,2530,203758,0,0,6030,317522,0.036496,654,61562,0.007076,6036,379084,0.043572,8700223
1,2021-01-25,25465,466075,10508,247360,14957,218715,0,0,19661,331534,0.038106,5756,67318,0.007738,19768,398852,0.045844,8700223
1,2021-01-26,28845,494920,13489,260849,15356,234071,0,0,22142,347057,0.039891,6641,73959,0.008501,22164,421016,0.048391,8700223
1,2021-01-27,32724,527644,15574,276423,17150,251221,0,0,24598,363630,0.041795,8061,82020,0.009427,24634,445650,0.051223,8700223
1,2021-01-28,35023,562667,16430,292853,18593,269814,0,0,28041,384826,0.044232,6914,88934,0.010222,28110,473760,0.054454,8700223
1,2021-01-29,33768,596435,16486,309339,17282,287096,0,0,27145,405534,0.046612,6479,95413,0.010967,27187,500947,0.057579,8700223
1,2021-01-30,20183,616618,8719,318058,11464,298560,0,0,18040,421473,0.048444,2113,97526,0.01121,18052,518999,0.059654,8700223
1,2021-01-31,7696,624314,5012,323070,2684,301244,0,0,6981,427750,0.049165,707,98233,0.011291,6984,525983,0.060456,8700223
1,2021-02-01,29054,653368,12548,335618,16506,317750,0,0,21202,441157,0.050706,7800,106033,0.012187,21207,547190,0.062894,8700223
1,2021-02-02,32789,686157,11841,347459,20948,338698,0,0,24508,457505,0.052585,8197,114230,0.01313,24545,571735,0.065715,8700223
1,2021-02-03,39687,725844,15272,362731,24415,363113,0,0,28562,475148,0.054613,10956,125186,0.014389,28599,600334,0.069002,8700223
1,2021-02-04,44108,769952,17156,379887,26952,390065,0,0,31777,494769,0.056869,12205,137391,0.015792,31826,632160,0.07266,8700223
1,2021-02-05,46823,816775,17173,397060,29650,419715,0,0,30664,509480,0.058559,16008,153399,0.017632,30719,662879,0.076191,8700223
1,2021-02-06,26558,843333,10491,407551,16067,435782,0,0,20637,524261,0.060258,5873,159272,0.018307,20654,683533,0.078565,8700223
1,2021-02-07,6277,849610,4038,411589,2239,438021,0,0,4631,527285,0.060606,1625,160897,0.018493,4649,688182,0.079099,8700223
1,2021-02-08,31640,881250,14449,426038,17191,455212,0,0,21075,537990,0.061836,10468,171365,0.019697,21173,709355,0.081533,8700223
1,2021-02-09,38631,919881,16988,443026,21643,476855,0,0,23814,547150,0.062889,14734,186099,0.02139,23894,733249,0.084279,8700223
1,2021-02-10,47410,967291,22257,465283,25153,502008,0,0,26979,553907,0.063666,20304,206403,0.023724,27061,760310,0.08739,8700223
1,2021-02-11,51878,1019169,25456,490739,26422,528430,0,0,30961,564375,0.064869,20600,227003,0.026092,31068,791378,0.090961,8700223
1,2021-02-12,50063,1069232,21529,512268,28534,556964,0,0,28709,572025,0.065748,21199,248202,0.028528,28849,820227,0.094277,8700223
1,2021-02-13,26389,1095621,11538,523806,14851,571815,0,0,15260,576302,0.06624,11059,259261,0.029799,15336,835563,0.096039,8700223
1,2021-02-14,11804,1107425,5569,529375,6235,578050,0,0,6718,578032,0.066439,5055,264316,0.03038,6785,842348,0.096819,8700223
1,2021-02-15,23961,1131386,9414,538789,14547,592597,0,0,14586,583484,0.067065,9250,273566,0.031444,14702,857050,0.098509,8700223
1,2021-02-16,47240,1178626,22528,561317,24712,617309,0,0,27541,591525,0.06799,19614,293180,0.033698,27655,884705,0.101688,8700223
1,2021-02-17,48583,1227209,24606,585923,23977,641286,0,0,26138,595523,0.068449,22287,315467,0.03626,26285,910990,0.104709,8700223
1,2021-02-18,51225,1278434,25617,611540,25608,666894,0,0,26512,597804,0.068711,24466,339933,0.039072,26747,937737,0.107783,8700223
1,2021-02-19,46684,1325118,25306,636846,21378,688272,0,0,26120,603585,0.069376,20402,360335,0.041417,26183,963920,0.110793,8700223
1,2021-02-20,27688,1352806,16870,653716,10818,699090,0,0,15795,607631,0.069841,11827,372162,0.042776,15873,979793,0.112617,8700223
1,2021-02-21,12389,1365195,10662,664378,1727,700817,0,0,7440,610234,0.07014,4886,377048,0.043338,7489,987282,0.113478,8700223
1,2021-02-22,31648,1396843,20838,685216,10810,711627,0,0,18201,615186,0.070709,13350,390398,0.044872,18302,1005584,0.115581,8700223
1,2021-02-23,45959,1442802,22317,707533,23642,735269,0,0,25226,620337,0.071301,20437,410835,0.047221,25588,1031172,0.118522,8700223
1,2021-02-24,55948,1498750,27000,734533,28948,764217,0,0,30749,626548,0.072015,24992,435827,0.050094,31203,1062375,0.122109,8700223
1,2021-02-25,68585,1567335,33292,767825,35293,799510,0,0,42407,643456,0.073959,26001,461828,0.053082,42909,1105284,0.127041,8700223
1,2021-02-26,76655,1643990,35886,803711,40769,840279,0,0,50062,667651,0.07674,26341,488169,0.05611,50536,1155820,0.132849,8700223
1,2021-02-27,52806,1696796,24222,827933,28575,868854,9,9,34634,684534,0.07868,18027,506196,0.058182,34910,1190730,0.136862,8700223
1,2021-02-28,20238,1717034,12012,839945,8224,877078,2,11,14828,694184,0.079789,5320,511516,0.058793,14970,1205700,0.138583,8700223
1,2021-03-01,46110,1763144,21340,861285,24719,901797,51,62,29610,707771,0.081351,16312,527828,0.060668,29899,1235599,0.142019,8700223
1,2021-03-02,64813,1827957,28025,889310,36779,938576,9,71,41217,726208,0.08347,23410,551238,0.063359,41847,1277446,0.146829,8700223
1,2021-03-03,72058,1900015,34266,923576,37765,976341,27,98,43796,742531,0.085346,28094,579332,0.066588,44417,1321863,0.151934,8700223
1,2021-03-04,80086,1980101,37554,961130,42496,1018837,36,134,51403,765997,0.088043,28489,607821,0.069863,51955,1373818,0.157906,8700223
1,2021-03-05,79086,2059187,35632,996762,43247,1062084,207,341,52734,793466,0.091201,26103,633924,0.072863,53572,1427390,0.164064,8700223
1,2021-03-06,58021,2117208,27582,1024344,29089,1091173,1350,1691,39276,815793,0.093767,18661,652585,0.075008,40988,1468378,0.168775,8700223
1,2021-03-07,20963,2138171,13044,1037388,6728,1097901,1191,2882,15522,827342,0.095094,5414,657999,0.07563,16963,1485341,0.170724,8700223
1,2021-03-08,46067,2184238,22492,1059880,21615,1119516,1960,4842,32274,848220,0.097494,13689,671688,0.077204,34567,1519908,0.174698,8700223
1,2021-03-09,66764,2251002,32287,1092167,31966,1151482,2511,7353,41060,866576,0.099604,25547,697235,0.08014,43903,1563811,0.179744,8700223
1,2021-03-10,73790,2324792,36730,1128897,32563,1184045,4497,11850,45396,888550,0.10213,28281,725516,0.083391,50255,1614066,0.18552,8700223
1,2021-03-11,90259,2415051,41516,1170413,40735,1224780,8008,19858,52567,912111,0.104838,37455,762971,0.087696,61016,1675082,0.192533,8700223
1,2021-03-12,99084,2514135,43713,1214126,42971,1267751,12400,32258,57911,941904,0.108262,40956,803927,0.092403,70749,1745831,0.200665,8700223
1,2021-03-13,65327,2579462,29539,1243665,28115,1295866,7673,39931,41679,968050,0.111267,23513,827440,0.095106,49659,1795490,0.206373,8700223
1,2021-03-14,27919,2607381,14932,1258597,9418,1305284,3569,43500,15637,975233,0.112093,12207,839647,0.096509,19390,1814880,0.208602,8700223
1,2021-03-15,65288,2672669,28799,1287396,29736,1335020,6753,50253,38369,994012,0.114251,26697,866344,0.099577,45476,1860356,0.213829,8700223
1,2021-03-16,85834,2758503,39137,1326533,41049,1376069,5648,55901,53196,1020786,0.117329,32409,898753,0.103302,59183,1919539,0.220631,8700223
1,2021-03-17,93147,2851650,45394,1371927,41216,1417285,6537,62438,59857,1054481,0.121202,33047,931800,0.107101,66742,1986281,0.228302,8700223
1,2021-03-18,98867,2950517,50973,1422900,42174,1459459,5720,68158,59746,1081675,0.124327,38756,970556,0.111555,65950,2052231,0.235883,8700223
1,2021-03-19,103750,3054267,53748,1476648,43704,1503163,6298,74456,60591,1106227,0.127149,42851,1013407,0.116481,67403,2119634,0.24363,8700223
1,2021-03-20,72850,3127117,37303,1513951,30328,1533491,5219,79675,46798,1132664,0.130188,25861,1039268,0.119453,52298,2171932,0.249641,8700223
1,2021-03-21,27272,3154389,19040,1532991,6425,1539916,1807,81482,16960,1141305,0.131181,10217,1049485,0.120627,18858,2190790,0.251808,8700223
1,2021-03-22,59290,3213679,30640,1563631,25343,1565259,3307,84789,39869,1165659,0.13398,19192,1068677,0.122833,43546,2234336,0.256814,8700223
1,2021-03-23,83429,3297108,42447,1606078,37342,1602601,3640,88429,51189,1188962,0.136659,31979,1100656,0.126509,55282,2289618,0.263168,8700223
1,2021-03-24,88330,3385438,44664,1650742,39300,1641901,4366,92795,52617,1210691,0.139156,35418,1136074,0.13058,57147,2346765,0.269736,8700223
1,2021-03-25,97182,3482620,49678,1700420,41670,1683571,5834,98629,53782,1227444,0.141082,43065,1179139,0.13553,59818,2406583,0.276612,8700223
1,2021-03-26,105486,3588106,51162,1751582,48002,1731573,6322,104951,56510,1241970,0.142752,48598,1227737,0.141116,63124,2469707,0.283867,8700223
1,2021-03-27,74263,3662369,38377,1789959,31669,1763242,4217,109168,38063,1248480,0.1435,35964,1263701,0.145249,42474,2512181,0.288749,8700223
1,2021-03-28,32823,3695192,21493,1811452,10109,1773351,1221,110389,16431,1250300,0.143709,16280,1279981,0.14712,18100,2530281,0.290829,8700223
1,2021-03-29,67436,3762628,33506,1844958,30758,1804109,3172,113561,37002,1260466,0.144877,30209,1310190,0.150593,40375,2570656,0.29547,8700223
1,2021-03-30,92551,3855179,45650,1890608,40497,1844606,6404,119965,47313,1269253,0.145887,45009,1355199,0.155766,53796,2624452,0.301653,8700223
1,2021-03-31,101181,3956360,52801,1943409,42137,1886743,6243,126208,55245,1285201,0.14772,45604,1400803,0.161008,61552,2686004,0.308728,8700223
1,2021-04-01,113331,4069691,54050,1997459,50480,1937223,8801,135009,57626,1296431,0.149011,55237,1456040,0.167357,66467,2752471,0.316368,8700223
1,2021-04-02,112816,4182507,51369,2048828,51720,1988943,9727,144736,57303,1308596,0.150409,55066,1511106,0.173686,67231,2819702,0.324095,8700223
1,2021-04-03,78734,4261241,39600,2088428,29465,2018408,9669,154405,37002,1313784,0.151006,41536,1552642,0.17846,46724,2866426,0.329466,8700223
1,2021-04-04,23810,4285051,11839,2100267,8493,2026901,3478,157883,9942,1313390,0.15096,13799,1566441,0.180046,13405,2879831,0.331007,8700223
1,2021-04-05,77643,4362694,37006,2137273,31244,2058145,9393,167276,34993,1315497,0.151203,42428,1608869,0.184923,44535,2924366,0.336125,8700223
1,2021-04-06,104746,4467440,49591,2186864,38474,2096619,16681,183957,47394,1322548,0.152013,57037,1665906,0.191479,64088,2988454,0.343492,8700223
1,2021-04-07,112809,4580249,54665,2241529,40468,2137087,17676,201633,50969,1329671,0.152832,61523,1727429,0.19855,68646,3057100,0.351382,8700223
1,2021-04-08,123287,4703536,58378,2299907,43795,2180882,21114,222747,54603,1337184,0.153695,68245,1795674,0.206394,75758,3132858,0.360089,8700223
1,2021-04-09,124427,4827963,56731,2356638,46780,2227662,20916,243663,54652,1343374,0.154407,69407,1865081,0.214372,75597,3208455,0.368778,8700223
1,2021-04-10,97310,4925273,43394,2400032,30865,2258527,23051,266714,38519,1346314,0.154745,58568,1923649,0.221103,61508,3269963,0.375848,8700223
1,2021-04-11,36735,4962008,20400,2420432,9438,2267965,6897,273611,14854,1346347,0.154749,21815,1945464,0.223611,21848,3291811,0.378359,8700223
1,2021-04-12,74973,5036981,33459,2453891,31464,2299429,10050,283661,31844,1345553,0.154657,42827,1988291,0.228533,42033,3333844,0.383191,8700223
1,2021-04-13,98295,5135276,52543,2506434,45411,2344840,341,284002,53119,1354495,0.155685,44864,2033155,0.23369,53806,3387650,0.389375,8700223
1,2021-04-14,105155,5240431,54506,2560940,50575,2395415,74,284076,53398,1356966,0.155969,51370,2084525,0.239594,53841,3441491,0.395564,8700223
1,2021-04-15,105981,5346412,57526,2618466,48366,2443781,89,284165,56248,1364347,0.156817,49134,2133659,0.245242,56515,3498006,0.402059,8700223
1,2021-04-16,110846,5457258,56827,2675293,53931,2497712,88,284253,55305,1364928,0.156884,54997,2188656,0.251563,55578,3553584,0.408447,8700223
1,2021-04-17,83488,5540746,45322,2720615,38155,2535867,11,284264,46524,1374902,0.158031,36724,2225380,0.255784,46698,3600282,0.413815,8700223
1,2021-04-18,30328,5571074,20464,2741079,9857,2545724,7,284271,15264,1375405,0.158088,14970,2240350,0.257505,15473,3615755,0.415593,8700223
1,2021-04-19,67169,5638243,33981,2775060,33176,2578900,12,284283,30325,1369400,0.157398,36471,2276821,0.261697,30466,3646221,0.419095,8700223
1,2021-04-20,88451,5726694,44480,2819540,43947,2622847,24,284307,41281,1364102,0.156789,46805,2323626,0.267077,41507,3687728,0.423866,8700223
1,2021-04-21,97856,5824550,51042,2870582,46712,2669559,102,284409,43748,1354659,0.155704,53529,2377155,0.273229,44086,3731814,0.428933,8700223
1,2021-04-22,97685,5922235,51036,2921618,46631,2716190,18,284427,44702,1347145,0.15484,52452,2429607,0.279258,44938,3776752,0.434098,8700223
1,2021-04-23,102651,6024886,52987,2974605,49637,2765827,27,284454,48771,1342826,0.154344,53346,2482953,0.28539,49027,3825779,0.439733,8700223
1,2021-04-24,76444,6101330,47409,3022014,29008,2794835,27,284481,43063,1352947,0.155507,33226,2516179,0.289209,43347,3869126,0.444716,8700223
1,2021-04-25,27352,6128682,17421,3039435,9917,2804752,14,284495,15607,1357086,0.155983,11623,2527802,0.290545,15762,3884888,0.446527,8700223
1,2021-04-26,66476,6195158,34862,3074297,31211,2835963,403,284898,31699,1355068,0.155751,34460,2562262,0.294505,32442,3917330,0.450256,8700223
1,2021-04-27,81802,6276960,43495,3117792,36999,2872962,1308,286206,35645,1346513,0.154768,45848,2608110,0.299775,37293,3954623,0.454543,8700223
1,2021-04-28,81604,6358564,43418,3161210,36675,2909637,1511,287717,35880,1338771,0.153878,45360,2653470,0.304989,37618,3992241,0.458867,8700223
1,2021-04-29,85027,6443591,46794,3208004,36603,2946240,1630,289347,34634,1325192,0.152317,50005,2703475,0.310736,36426,4028667,0.463053,8700223
1,2021-04-30,92687,6536278,50192,3258196,40609,2986849,1886,291233,38540,1311988,0.150799,53791,2757266,0.316919,40587,4069254,0.467718,8700223
1,2021-05-01,63871,6600149,41191,3299387,21250,3008099,1430,292663,26897,1303824,0.149861,36706,2793972,0.321138,28542,4097796,0.470999,8700223
1,2021-05-02,23480,6623629,16612,3315999,6289,3014388,579,293242,9466,1299993,0.149421,13903,2807875,0.322736,10072,4107868,0.472157,8700223
1,2021-05-03,56326,6679955,31212,3347211,23268,3037656,1846,295088,20434,1286698,0.147893,35631,2843506,0.326831,22336,4130204,0.474724,8700223
1,2021-05-04,75898,6755853,43684,3390895,30115,3067771,2099,297187,27183,1267666,0.145705,48396,2891902,0.332394,29364,4159568,0.478099,8700223
1,2021-05-05,78395,6834248,45423,3436318,30666,3098437,2306,299493,26543,1245112,0.143113,51483,2943385,0.338311,28929,4188497,0.481424,8700223
1,2021-05-06,79903,6914151,48510,3484828,29210,3127647,2183,301676,24903,1217757,0.139968,54595,2997980,0.344587,27240,4215737,0.484555,8700223
1,2021-05-07,83520,6997671,47518,3532346,33800,3161447,2202,303878,27884,1192736,0.137093,55170,3053150,0.350928,30149,4245886,0.48802,8700223
1,2021-05-08,57358,7055029,35967,3568313,19745,3181192,1646,305524,19491,1176445,0.13522,37521,3090671,0.35524,21230,4267116,0.490461,8700223
1,2021-05-09,18292,7073321,13113,3581426,4700,3185892,479,306003,5572,1169889,0.134467,12641,3103312,0.356693,6085,4273201,0.49116,8700223
1,2021-05-10,44300,7117621,22388,3603814,20081,3205973,1831,307834,14814,1157433,0.133035,29195,3132507,0.360049,16739,4289940,0.493084,8700223
1,2021-05-11,62804,7180425,34136,3637950,26509,3232482,2159,309993,20648,1138500,0.130859,41858,3174365,0.36486,22925,4312865,0.495719,8700223
1,2021-05-12,62949,7243374,33424,3671374,27460,3259942,2065,312058,20677,1119377,0.128661,41933,3216298,0.36968,22810,4335675,0.498341,8700223
1,2021-05-13,67099,7310473,39338,3710712,25769,3285711,1992,314050,25563,1106078,0.127132,41134,3257432,0.374408,27835,4363510,0.50154,8700223
1,2021-05-14,76741,7387214,46278,3756990,28058,3313769,2405,316455,31019,1094471,0.125798,45308,3302740,0.379616,33701,4397211,0.505414,8700223
1,2021-05-15,66688,7453902,43766,3800756,21157,3334926,1765,318220,26573,1083082,0.124489,39791,3342531,0.384189,28402,4425613,0.508678,8700223
1,2021-05-16,25073,7478975,18473,3819229,5979,3340905,621,318841,10223,1079245,0.124048,14728,3357259,0.385882,10891,4436504,0.50993,8700223
1,2021-05-17,54338,7533313,33209,3852438,19356,3360261,1773,320614,23049,1073106,0.123342,31016,3388275,0.389447,24877,4461381,0.512789,8700223
1,2021-05-18,65160,7598473,39267,3891705,24055,3384316,1838,322452,28261,1066683,0.122604,36613,3424888,0.393655,30190,4491571,0.516259,8700223
1,2021-05-19,66404,7664877,40418,3932123,24061,3408377,1925,324377,29658,1061898,0.122054,36448,3461336,0.397845,31663,4523234,0.519899,8700223
1,2021-05-20,64661,7729538,37474,3969597,24969,3433346,2218,326595,26576,1053163,0.12105,37733,3499069,0.402182,28998,4552232,0.523232,8700223
1,2021-05-21,69968,7799506,41818,4011415,26289,3459635,1861,328456,28857,1043276,0.119914,40701,3539770,0.40686,30814,4583046,0.526773,8700223
1,2021-05-22,55951,7855457,36739,4048154,17489,3477124,1723,330179,24314,1038047,0.119313,31364,3571134,0.410465,26135,4609181,0.529777,8700223
1,2021-05-23,20490,7875947,14323,4062477,5580,3482704,587,330766,9490,1037250,0.119221,10897,3582031,0.411717,10100,4619281,0.530938,8700223
1,2021-05-24,43743,7919690,24382,4086859,17523,3500227,1838,332604,17686,1031054,0.118509,25801,3607832,0.414683,19605,4638886,0.533192,8700223
1,2021-05-25,50869,7970559,29255,4116114,19917,3520144,1697,334301,21080,1024428,0.117747,29500,3637332,0.418073,22874,4661760,0.535821,8700223
1,2021-05-26,48477,8019036,27471,4143585,19111,3539255,1895,336196,20506,1019208,0.117147,27665,3664997,0.421253,22445,4684205,0.538401,8700223
1,2021-05-27,47007,8066043,26356,4169941,18737,3557992,1914,338110,20144,1014812,0.116642,26570,3691567,0.424307,22174,4706379,0.540949,8700223
1,2021-05-28,52510,8118553,29290,4199231,21389,3579381,1831,339941,23511,1011613,0.116274,28665,3720232,0.427602,25466,4731845,0.543876,8700223
1,2021-05-29,30686,8149239,18580,4217811,11140,3590521,966,340907,14600,1011305,0.116239,15928,3736160,0.429433,15620,4747465,0.545672,8700223
1,2021-05-30,11693,8160932,7544,4225355,3593,3594114,556,341463,5530,1011325,0.116241,6090,3742250,0.430133,6110,4753575,0.546374,8700223
1,2021-05-31,5744,8166676,3266,4228621,2222,3596336,256,341719,1998,1009905,0.116078,3687,3745937,0.430556,2267,4755842,0.546634,8700223
1,2021-06-01,45903,8212579,25939,4254560,18391,3614727,1573,343292,17360,1000712,0.115021,28198,3774135,0.433798,19005,4774847,0.548819,8700223
1,2021-06-02,40032,8252611,23209,4277769,15308,3630035,1515,344807,16130,994838,0.114346,23597,3797732,0.43651,17723,4792570,0.550856,8700223
1,2021-06-03,41490,8294101,25965,4303734,13802,3643837,1723,346530,15816,987084,0.113455,25366,3823098,0.439425,17612,4810182,0.55288,8700223
1,2021-06-04,50222,8344323,32116,4335850,16294,3660131,1812,348342,17935,974992,0.112065,31919,3855017,0.443094,19827,4830009,0.555159,8700223
1,2021-06-05,40375,8384698,27529,4363379,10836,3670967,2010,350352,14156,965209,0.110941,26001,3881018,0.446083,16218,4846227,0.557023,8700223
1,2021-06-06,13209,8397907,10568,4373947,2126,3673093,515,350867,4563,961784,0.110547,8563,3889581,0.447067,5138,4851365,0.557614,8700223
1,2021-06-07,34019,8431926,23422,4397369,9236,3682329,1361,352228,12072,953534,0.109599,21733,3911314,0.449565,13483,4864848,0.559164,8700223
1,2021-06-08,42283,8474209,29250,4426619,11374,3693703,1659,353887,14709,942699,0.108353,27295,3938609,0.452702,16460,4881308,0.561056,8700223
1,2021-06-09,42223,8516432,29283,4455902,11291,3704994,1649,355536,13746,929991,0.106893,28161,3966770,0.455939,15453,4896761,0.562832,8700223
1,2021-06-10,39164,8555596,26356,4482258,11102,3716096,1706,357242,13361,919614,0.1057,25547,3992317,0.458875,15170,4911931,0.564575,8700223
1,2021-06-11,44112,8599708,29239,4511497,13183,3729279,1690,358932,15718,909013,0.104482,28086,4020403,0.462103,17485,4929416,0.566585,8700223
1,2021-06-12,33819,8633527,24432,4535929,8169,3737448,1218,360150,11130,898957,0.103326,22470,4042873,0.464686,12414,4941830,0.568012,8700223
1,2021-06-13,11635,8645162,8451,4544380,2704,3740152,480,360630,3385,894678,0.102834,8177,4051050,0.465626,3898,4945728,0.56846,8700223
1,2021-06-14,31024,8676186,20878,4565258,8832,3748984,1314,361944,11614,888427,0.102115,19208,4070258,0.467834,12957,4958685,0.569949,8700223
1,2021-06-15,37345,8713531,24465,4589723,11022,3760006,1858,363802,13853,881014,0.101263,23216,4093474,0.470502,15803,4974488,0.571766,8700223
1,2021-06-16,35578,8749109,24024,4613747,9711,3769717,1843,365645,13375,874354,0.100498,21932,4115406,0.473023,15272,4989760,0.573521,8700223
1,2021-06-17,33712,8782821,22282,4636029,9474,3779191,1956,367601,13163,869259,0.099912,20308,4135714,0.475357,15213,5004973,0.57527,8700223
1,2021-06-18,39778,8822599,25824,4661853,11092,3790283,2862,370463,15462,863607,0.099263,24033,4159747,0.47812,18381,5023354,0.577382,8700223
1,2021-06-19,24087,8846686,16707,4678560,6179,3796462,1201,371664,9815,860562,0.098913,14100,4173847,0.47974,11055,5034409,0.578653,8700223
1,2021-06-20,8157,8854843,5976,4684536,1905,3798367,276,371940,3238,859235,0.09876,4852,4178699,0.480298,3525,5037934,0.579058,8700223
1,2021-06-21,21012,8875855,11884,4696420,6937,3805304,2191,374131,10952,862484,0.099134,9944,4188643,0.481441,13193,5051127,0.580574,8700223
1,2021-06-22,30864,8906719,20138,4716558,8578,3813882,2148,376279,12926,859900,0.098837,17722,4206365,0.483478,15138,5066265,0.582314,8700223
1,2021-06-23,29459,8936178,19776,4736334,7864,3821746,1819,378098,12861,858230,0.098645,16375,4222740,0.48536,14705,5080970,0.584005,8700223
1,2021-06-24,28475,8964653,18961,4755295,7836,3829582,1678,379776,12083,855872,0.098374,16187,4238927,0.48722,13829,5094799,0.585594,8700223
1,2021-06-25,31809,8996462,21549,4776844,8854,3838436,1406,381182,14005,853772,0.098132,17563,4256490,0.489239,15463,5110262,0.587371,8700223
1,2021-06-26,22257,9018719,16507,4793351,4919,3843355,831,382013,9712,851945,0.097922,12424,4268914,0.490667,10597,5120859,0.588589,8700223
1,2021-06-27,9147,9027866,6798,4800149,1917,3845272,432,382445,4055,851423,0.097862,5024,4273938,0.491245,4502,5125361,0.589107,8700223
1,2021-06-28,21151,9049017,15695,4815844,4202,3849474,1254,383699,9799,851366,0.097856,11158,4285096,0.492527,11101,5136462,0.590383,8700223
1,2021-06-29,26632,9075649,18205,4834049,7040,3856514,1387,385086,11730,849822,0.097678,14717,4299813,0.494219,13173,5149635,0.591897,8700223
1,2021-06-30,25942,9101591,17931,4851980,6953,3863467,1058,386144,12324,849878,0.097685,13397,4313210,0.495759,13453,5163088,0.593443,8700223
1,2021-07-01,23702,9125293,16476,4868456,5955,3869422,1271,387415,10960,849605,0.097653,12586,4325796,0.497205,12313,5175401,0.594858,8700223
1,2021-07-02,26429,9151722,18132,4886588,7254,3876676,1043,388458,12344,849181,0.097605,13893,4339689,0.498802,13469,5188870,0.596407,8700223
1,2021-07-03,14601,9166323,10201,4896789,3960,3880636,440,388898,6937,849058,0.09759,7532,4347221,0.499668,7409,5196279,0.597258,8700223
1,2021-07-04,1267,9167590,708,4897497,493,3881129,66,388964,610,849093,0.097594,647,4347868,0.499742,682,5196961,0.597337,8700223
1,2021-07-05,11006,9178596,7585,4905082,3057,3884186,364,389328,5223,849011,0.097585,5714,4353582,0.500399,5632,5202593,0.597984,8700223
1,2021-07-06,27167,9205763,19195,4924277,6832,3891018,1140,390468,10829,844926,0.097115,16154,4369736,0.502256,12069,5214662,0.599371,8700223
1,2021-07-07,23686,9229449,16577,4940854,5951,3896969,1158,391626,10185,843037,0.096898,13318,4383054,0.503786,11429,5226091,0.600685,8700223
1,2021-07-08,22741,9252190,15695,4956549,5956,3902925,1090,392716,9826,841262,0.096694,12781,4395835,0.505255,11006,5237097,0.60195,8700223
1,2021-07-09,26821,9279011,18973,4975522,6687,3909612,1161,393877,12072,839980,0.096547,14575,4410410,0.506931,13293,5250390,0.603478,8700223
1,2021-07-10,17673,9296684,12759,4988281,4157,3913769,757,394634,7859,838955,0.096429,9691,4420101,0.508045,8666,5259056,0.604474,8700223
1,2021-07-11,6745,9303429,4928,4993209,1616,3915385,201,394835,3254,838988,0.096433,3440,4423541,0.50844,3473,5262529,0.604873,8700223
1,2021-07-12,20154,9323583,14462,5007671,4805,3920190,887,395722,8928,837808,0.096297,11087,4434628,0.509714,9907,5272436,0.606012,8700223
1,2021-07-13,22155,9345738,15475,5023146,5881,3926071,799,396521,10364,837410,0.096252,11648,4446276,0.511053,11250,5283686,0.607305,8700223
1,2021-07-14,22160,9367898,15210,5038356,5975,3932046,975,397496,9962,836422,0.096138,12038,4458314,0.512437,11050,5294736,0.608575,8700223
1,2021-07-15,21569,9389467,15350,5053706,5489,3937535,730,398226,10354,836540,0.096152,11070,4469384,0.513709,11188,5305924,0.609861,8700223
1,2021-07-16,26603,9416070,18622,5072328,6987,3944522,994,399220,13100,837384,0.096249,13338,4482722,0.515242,14182,5320106,0.611491,8700223
1,2021-07-17,18393,9434463,13264,5085592,4427,3948949,702,399922,9018,837889,0.096307,9250,4491972,0.516305,9755,5329861,0.612612,8700223
1,2021-07-18,7428,9441891,5479,5091071,1663,3950612,286,400208,3799,838420,0.096368,3571,4495543,0.516716,4102,5333963,0.613083,8700223
1,2021-07-19,20830,9462721,15099,5106170,4901,3955513,830,401038,10455,839564,0.096499,10241,4505784,0.517893,11385,5345348,0.614392,8700223
1,2021-07-20,24534,9487255,16972,5123142,6686,3962199,876,401914,12602,841388,0.096709,11747,4517531,0.519243,13571,5358919,0.615952,8700223
1,2021-07-21,24882,9512137,17497,5140639,6186,3968385,1199,403113,12711,843398,0.09694,12017,4529548,0.520624,14027,5372946,0.617564,8700223
1,2021-07-22,24089,9536226,17003,5157642,6252,3974637,834,403947,13134,846686,0.097318,10768,4540316,0.521862,14056,5387002,0.61918,8700223
1,2021-07-23,28516,9564742,20118,5177760,7392,3982029,1006,404953,15842,851108,0.097826,12496,4552812,0.523298,16918,5403920,0.621124,8700223
1,2021-07-24,17923,9582665,12638,5190398,4728,3986757,557,405510,10562,855008,0.098274,7246,4560058,0.524131,11146,5415066,0.622405,8700223
1,2021-07-25,7374,9590039,5290,5195688,1976,3988733,108,405618,5504,858811,0.098711,1830,4561888,0.524342,5633,5420699,0.623053,8700223
1,2021-07-26,21046,9611085,14544,5210232,5765,3994498,737,406355,13574,865837,0.099519,7354,4569242,0.525187,14380,5435079,0.624706,8700223
1,2021-07-27,26602,9637687,18978,5229210,6697,4001195,927,407282,15692,871771,0.100201,10742,4579984,0.526421,16676,5451755,0.626622,8700223
1,2021-07-28,27483,9665170,19461,5248671,7162,4008357,860,408142,16877,879155,0.10105,10422,4590406,0.527619,17806,5469561,0.628669,8700223
1,2021-07-29,26119,9691289,18542,5267213,6822,4015179,755,408897,16349,886714,0.101919,9605,4600011,0.528723,17164,5486725,0.630642,8700223
1,2021-07-30,30442,9721731,21801,5289014,7753,4022932,888,409785,18641,894684,0.102835,11597,4611608,0.530056,19567,5506292,0.632891,8700223
1,2021-07-31,19578,9741309,14232,5303246,4812,4027744,534,410319,12189,900200,0.103469,7231,4618839,0.530887,12747,5519039,0.634356,8700223
1,2021-08-01,8705,9750014,6586,5309832,1996,4029740,123,410442,5955,903601,0.10386,2705,4621544,0.531198,6106,5525145,0.635058,8700223
1,2021-08-02,24467,9774481,18258,5328090,5521,4035261,688,411130,15889,911807,0.104803,8424,4629968,0.532167,16630,5541775,0.636969,8700223
1,2021-08-03,27663,9802144,20014,5348104,6768,4042029,881,412011,17314,919874,0.10573,10166,4640134,0.533335,18233,5560008,0.639065,8700223
1,2021-08-04,25709,9827853,18599,5366703,6308,4048337,802,412813,16275,927751,0.106635,9240,4649374,0.534397,17117,5577125,0.641032,8700223
1,2021-08-05,17210,9845063,12434,5379137,4085,4052422,691,413504,10691,932772,0.107212,6383,4655757,0.535131,11404,5588529,0.642343,8700223
2,2020-12-15,248,248,248,248,0,0,0,0,248,248,2.9e-05,0,0,0.0,248,248,2.9e-05,8407551
2,2020-12-16,2115,2363,2115,2363,0,0,0,0,2114,2362,0.000281,0,0,0.0,2114,2362,0.000281,8407551
2,2020-12-17,6928,9291,6928,9291,0,0,0,0,6929,9291,0.001105,0,0,0.0,6929,9291,0.001105,8407551
2,2020-12-18,11110,20401,11090,20381,20,20,0,0,11110,20401,0.002427,0,0,0.0,11110,20401,0.002427,8407551
2,2020-12-19,5625,26026,5619,26000,6,26,0,0,5626,26027,0.003096,0,0,0.0,5626,26027,0.003096,8407551
2,2020-12-20,4260,30286,4249,30249,11,37,0,0,4255,30281,0.003602,1,1,0.0,4255,30282,0.003602,8407551
2,2020-12-21,12815,43101,12786,43035,29,66,0,0,12770,43051,0.005121,0,1,0.0,12770,43052,0.005121,8407551
2,2020-12-22,12168,55269,11651,54686,517,583,0,0,12166,55217,0.006568,0,1,0.0,12166,55218,0.006568,8407551
2,2020-12-23,11731,67000,9500,64186,2231,2814,0,0,11733,66950,0.007963,1,2,0.0,11734,66952,0.007963,8407551
2,2020-12-24,5913,72913,3501,67687,2412,5226,0,0,5909,72858,0.008666,3,5,1e-06,5911,72863,0.008666,8407551
2,2020-12-25,488,73401,409,68096,79,5305,0,0,490,73348,0.008724,0,5,1e-06,490,73353,0.008725,8407551
2,2020-12-26,2561,75962,1662,69758,899,6204,0,0,2562,75909,0.009029,1,6,1e-06,2562,75915,0.009029,8407551
2,2020-12-27,2237,78199,1216,70974,1021,7225,0,0,2234,78141,0.009294,2,8,1e-06,2234,78149,0.009295,8407551
2,2020-12-28,11042,89241,7174,78148,3868,11093,0,0,11041,89180,0.010607,2,10,1e-06,11041,89190,0.010608,8407551
2,2020-12-29,12753,101994,7169,85317,5584,16677,0,0,12758,101938,0.012125,0,10,1e-06,12758,101948,0.012126,8407551
2,2020-12-30,15470,117464,8674,93991,6796,23473,0,0,15464,117399,0.013964,5,15,2e-06,15466,117414,0.013965,8407551
2,2020-12-31,7595,125059,2833,96824,4762,28235,0,0,7588,124982,0.014865,5,20,2e-06,7588,125002,0.014868,8407551
2,2021-01-01,1274,126333,631,97455,643,28878,0,0,1273,126251,0.015016,4,24,3e-06,1273,126275,0.015019,8407551
2,2021-01-02,4857,131190,2770,100225,2087,30965,0,0,4854,131103,0.015593,2,26,3e-06,4854,131129,0.015597,8407551
2,2021-01-03,1414,132604,796,101021,618,31583,0,0,1406,132505,0.01576,4,30,4e-06,1406,132535,0.015764,8407551
2,2021-01-04,11707,144311,5564,106585,6143,37726,0,0,11697,144199,0.017151,3,33,4e-06,11697,144232,0.017155,8407551
2,2021-01-05,13905,158216,6957,113542,6948,44674,0,0,12680,155697,0.018519,1217,1250,0.000149,12715,156947,0.018667,8407551
2,2021-01-06,19066,177282,10508,124050,8558,53232,0,0,15232,167165,0.019883,3775,5025,0.000598,15243,172190,0.02048,8407551
2,2021-01-07,23343,200625,13147,137197,10196,63428,0,0,15646,175127,0.02083,7700,12725,0.001514,15662,187852,0.022343,8407551
2,2021-01-08,26937,227562,16233,153430,10704,74132,0,0,16586,181444,0.021581,10295,23020,0.002738,16612,204464,0.024319,8407551
2,2021-01-09,9882,237444,5783,159213,4099,78231,0,0,6290,184159,0.021904,3582,26602,0.003164,6297,210761,0.025068,8407551
2,2021-01-10,5319,242763,2973,162186,2346,80577,0,0,3052,184950,0.021998,2267,28869,0.003434,3058,213819,0.025432,8407551
2,2021-01-11,26063,268826,18019,180205,8044,88621,0,0,14934,188810,0.022457,11125,39994,0.004757,14985,228804,0.027214,8407551
2,2021-01-12,26396,295222,16384,196589,10012,98633,0,0,16772,196045,0.023318,9626,49620,0.005902,16861,245665,0.02922,8407551
2,2021-01-13,28611,323833,15172,211761,13439,112072,0,0,20589,208663,0.024819,8002,57622,0.006854,20620,266285,0.031672,8407551
2,2021-01-14,30612,354445,11675,223436,18937,131009,0,0,26307,230736,0.027444,4312,61934,0.007366,26385,292670,0.03481,8407551
2,2021-01-15,35118,389563,12705,236141,22413,153422,0,0,31816,259351,0.030847,3293,65227,0.007758,31908,324578,0.038606,8407551
2,2021-01-16,18123,407686,5999,242140,12124,165546,0,0,16780,274785,0.032683,1358,66585,0.00792,16792,341370,0.040603,8407551
2,2021-01-17,10559,418245,3561,245701,6998,172544,0,0,9822,283865,0.033763,752,67337,0.008009,9832,351202,0.041772,8407551
2,2021-01-18,19778,438023,11051,256752,8727,181271,0,0,14954,294038,0.034973,4843,72180,0.008585,15016,366218,0.043558,8407551
2,2021-01-19,32655,470678,16973,273725,15682,196953,0,0,24604,310708,0.036956,8050,80230,0.009543,24720,390938,0.046498,8407551
2,2021-01-20,37672,508350,19000,292725,18672,215625,0,0,29035,331228,0.039396,8607,88837,0.010566,29127,420065,0.049963,8407551
2,2021-01-21,41071,549421,17439,310164,23632,239257,0,0,36548,363465,0.043231,4491,93328,0.0111,36728,456793,0.054331,8407551
2,2021-01-22,39654,589075,16580,326744,23074,262331,0,0,36286,396395,0.047147,3385,96713,0.011503,36315,493108,0.058651,8407551
2,2021-01-23,24154,613229,10789,337533,13365,275696,0,0,21171,414633,0.049317,2964,99677,0.011856,21202,514310,0.061172,8407551
2,2021-01-24,12446,625675,6107,343640,6339,282035,0,0,11525,425268,0.050582,905,100582,0.011963,11540,525850,0.062545,8407551
2,2021-01-25,33946,659621,15613,359253,18333,300368,0,0,25091,441698,0.052536,8803,109385,0.01301,25233,551083,0.065546,8407551
2,2021-01-26,40415,700036,19786,379039,20629,320997,0,0,31166,463727,0.055156,9224,118609,0.014107,31253,582336,0.069263,8407551
2,2021-01-27,45710,745746,22658,401697,23052,344049,0,0,35341,488889,0.058149,10241,128850,0.015326,35403,617739,0.073474,8407551
2,2021-01-28,47953,793699,22380,424077,25573,369622,0,0,39195,519469,0.061786,8691,137541,0.016359,39271,657010,0.078145,8407551
2,2021-01-29,45651,839350,22006,446083,23645,393267,0,0,36856,547722,0.065146,8669,146210,0.01739,36922,693932,0.082537,8407551
2,2021-01-30,31309,870659,13324,459407,17985,411252,0,0,27896,572278,0.068067,3374,149584,0.017792,27930,721862,0.085859,8407551
2,2021-01-31,17176,887835,10216,469623,6960,418212,0,0,15959,587065,0.069826,1195,150779,0.017934,15982,737844,0.08776,8407551
2,2021-02-01,41151,928986,19720,489343,21431,439643,0,0,29996,606005,0.072079,11095,161874,0.019253,30035,767879,0.091332,8407551
2,2021-02-02,47942,976928,19467,508810,28475,468118,0,0,36375,631002,0.075052,11474,173348,0.020618,36471,804350,0.09567,8407551
2,2021-02-03,54074,1031002,23798,532608,30276,498394,0,0,39787,656705,0.078109,14182,187530,0.022305,39885,844235,0.100414,8407551
2,2021-02-04,56292,1087294,24159,556767,32133,530527,0,0,40958,682539,0.081182,15223,202753,0.024116,41057,885292,0.105297,8407551
2,2021-02-05,60210,1147504,26230,582997,33980,564507,0,0,40596,703921,0.083725,19402,222155,0.026423,40784,926076,0.110148,8407551
2,2021-02-06,39377,1186881,18365,601362,21012,585519,0,0,31376,727466,0.086525,7925,230080,0.027366,31470,957546,0.113891,8407551
2,2021-02-07,15733,1202614,10451,611813,5282,590801,0,0,11939,735711,0.087506,3764,233844,0.027814,12009,969555,0.11532,8407551
2,2021-02-08,43098,1245712,21883,633696,21215,612016,0,0,29486,751942,0.089437,13466,247310,0.029415,29697,999252,0.118852,8407551
2,2021-02-09,49646,1295358,23433,657129,26213,638229,0,0,30645,764240,0.090899,18699,266009,0.031639,30997,1030249,0.122539,8407551
2,2021-02-10,59664,1355022,27921,685050,31743,669972,0,0,34414,774054,0.092067,24956,290965,0.034608,34770,1065019,0.126674,8407551
2,2021-02-11,64349,1419371,29547,714597,34802,704774,0,0,35811,782196,0.093035,28170,319135,0.037958,36312,1101331,0.130993,8407551
2,2021-02-12,65637,1485008,28215,742812,37422,742196,0,0,34844,787225,0.093633,30479,349614,0.041583,35508,1136839,0.135216,8407551
2,2021-02-13,38132,1523140,15907,758719,22225,764421,0,0,22000,793580,0.094389,16026,365640,0.043489,22381,1159220,0.137878,8407551
2,2021-02-14,20155,1543295,9362,768081,10793,775214,0,0,11191,796227,0.094704,8911,374551,0.044549,11558,1170778,0.139253,8407551
2,2021-02-15,33324,1576619,15006,783087,18318,793532,0,0,18470,800837,0.095252,14715,389266,0.0463,19325,1190103,0.141552,8407551
2,2021-02-16,56567,1633186,27712,810799,28855,822387,0,0,29775,804619,0.095702,26670,415936,0.049472,30452,1220555,0.145174,8407551
2,2021-02-17,61888,1695074,31826,842625,30062,852449,0,0,30713,805085,0.095757,31073,447009,0.053168,31539,1252094,0.148925,8407551
2,2021-02-18,66528,1761602,33510,876135,33018,885467,0,0,32373,804728,0.095715,33887,480896,0.057198,33530,1285624,0.152913,8407551
2,2021-02-19,59883,1821485,33148,909283,26735,912202,0,0,29720,805089,0.095758,29965,510861,0.060762,30326,1315950,0.15652,8407551
2,2021-02-20,37859,1859344,24564,933847,13295,925497,0,0,20563,809148,0.096241,17187,528048,0.062806,21246,1337196,0.159047,8407551
2,2021-02-21,21793,1881137,17637,951484,4156,929653,0,0,10791,809837,0.096323,10904,538952,0.064103,11593,1348789,0.160426,8407551
2,2021-02-22,39528,1920665,26996,978480,12532,942185,0,0,18689,808525,0.096167,20681,559633,0.066563,19369,1368158,0.16273,8407551
2,2021-02-23,54009,1974674,27568,1006048,26441,968626,0,0,23665,804018,0.09563,30073,589706,0.07014,25566,1393724,0.165771,8407551
2,2021-02-24,71354,2046028,36727,1042775,34627,1003253,0,0,32704,800675,0.095233,38427,628133,0.074711,35084,1428808,0.169943,8407551
2,2021-02-25,77383,2123411,36587,1079362,40796,1044049,0,0,39268,804936,0.09574,37834,665967,0.079211,42095,1470903,0.17495,8407551
2,2021-02-26,85998,2209409,36833,1116195,49165,1093214,0,0,46233,813920,0.096808,39446,705413,0.083902,48430,1519333,0.180711,8407551
2,2021-02-27,63044,2272453,29300,1145495,33736,1126950,8,8,34141,820750,0.097621,28655,734068,0.087311,35485,1554818,0.184931,8407551
2,2021-02-28,30998,2303451,18579,1164074,12418,1139368,1,9,18014,826756,0.098335,12848,746916,0.088839,18854,1573672,0.187174,8407551
2,2021-03-01,58796,2362247,30696,1194770,28046,1167414,54,63,32045,833635,0.099153,26422,773338,0.091981,33301,1606973,0.191134,8407551
2,2021-03-02,70587,2432834,33855,1228625,36721,1204135,11,74,39503,844597,0.100457,30890,804228,0.095655,41852,1648825,0.196112,8407551
2,2021-03-03,81585,2514419,39321,1267946,42249,1246384,15,89,46095,858025,0.102054,35270,839498,0.09985,48698,1697523,0.201905,8407551
2,2021-03-04,89490,2603909,43807,1311753,45652,1292036,31,120,51539,874285,0.103988,37694,877192,0.104334,53954,1751477,0.208322,8407551
2,2021-03-05,83097,2687006,38980,1350733,43807,1335843,310,430,50573,895273,0.106484,32289,909481,0.108174,53277,1804754,0.214659,8407551
2,2021-03-06,63381,2750387,30941,1381674,30735,1366578,1705,2135,38867,912899,0.108581,24372,933853,0.111073,41998,1846752,0.219654,8407551
2,2021-03-07,28658,2779045,16283,1397957,10833,1377411,1542,3677,18167,923303,0.109818,10418,944271,0.112312,20822,1867574,0.222131,8407551
2,2021-03-08,50927,2829972,23344,1421301,25017,1402428,2566,6243,31974,940636,0.11188,18843,963114,0.114553,36176,1903750,0.226433,8407551
2,2021-03-09,70770,2900742,32227,1453528,34686,1437114,3857,10100,39154,953510,0.113411,31471,994585,0.118297,44345,1948095,0.231708,8407551
2,2021-03-10,78729,2979471,37244,1490772,34922,1472036,6563,16663,41740,966372,0.114941,36759,1031344,0.122669,49621,1997716,0.23761,8407551
2,2021-03-11,93471,3072942,43118,1533890,41969,1514005,8384,25047,48745,980485,0.11662,44396,1075740,0.127949,58509,2056225,0.244569,8407551
2,2021-03-12,94423,3167365,38852,1572742,43591,1557596,11980,37027,46972,993647,0.118185,47181,1122921,0.133561,60343,2116568,0.251746,8407551
2,2021-03-13,69354,3236719,29012,1601754,32331,1589927,8011,45038,38081,1009894,0.120117,31133,1154054,0.137264,47380,2163948,0.257381,8407551
2,2021-03-14,37068,3273787,18326,1620080,14221,1604148,4521,49559,18608,1015411,0.120774,18351,1172405,0.139447,23868,2187816,0.26022,8407551
2,2021-03-15,67564,3341351,30489,1650569,32066,1636214,5009,54568,37193,1028565,0.122338,30137,1202542,0.143031,43291,2231107,0.265369,8407551
2,2021-03-16,86513,3427864,38292,1688861,44190,1680404,4031,58599,52250,1051923,0.125116,34046,1236588,0.147081,57404,2288511,0.272197,8407551
2,2021-03-17,93094,3520958,44584,1733445,44306,1724710,4204,62803,58915,1081964,0.12869,33891,1270479,0.151112,63932,2352443,0.279801,8407551
2,2021-03-18,98428,3619386,46951,1780396,46878,1771588,4599,67402,59706,1108427,0.131837,38390,1308869,0.155678,64853,2417296,0.287515,8407551
2,2021-03-19,97718,3717104,46237,1826633,45338,1816926,6143,73545,57688,1133067,0.134768,39703,1348572,0.1604,64343,2481639,0.295168,8407551
2,2021-03-20,70204,3787308,34002,1860635,32219,1849145,3983,77528,45749,1158946,0.137846,24211,1372783,0.16328,50090,2531729,0.301126,8407551
2,2021-03-21,33511,3820819,21639,1882274,9869,1859014,2003,79531,19991,1168002,0.138923,13366,1386149,0.16487,22422,2554151,0.303793,8407551
2,2021-03-22,63001,3883820,34671,1916945,25695,1884709,2635,82166,41678,1192132,0.141793,21077,1407226,0.167376,45207,2599358,0.309169,8407551
2,2021-03-23,84101,3967921,44685,1961630,36496,1921205,2920,85086,52197,1216485,0.14469,31604,1438830,0.171135,55957,2655315,0.315825,8407551
2,2021-03-24,92077,4059998,49443,2011073,39460,1960665,3174,88260,53673,1236091,0.147022,38056,1476886,0.175662,57662,2712977,0.322683,8407551
2,2021-03-25,101715,4161713,51269,2062342,46546,2007211,3900,92160,57168,1253755,0.149122,44163,1521049,0.180915,61827,2774804,0.330037,8407551
2,2021-03-26,103831,4265544,51424,2113766,48908,2056119,3499,95659,56411,1267690,0.15078,47013,1568062,0.186506,60948,2835752,0.337286,8407551
2,2021-03-27,75948,4341492,37877,2151643,34763,2090882,3308,98967,37825,1271836,0.151273,37846,1605908,0.191008,41992,2877744,0.342281,8407551
2,2021-03-28,37878,4379370,23398,2175041,13668,2104550,812,99779,20158,1276067,0.151776,17586,1623494,0.1931,21817,2899561,0.344876,8407551
2,2021-03-29,71636,4451006,36421,2211462,32939,2137489,2276,102055,40515,1288868,0.153299,30893,1654387,0.196774,43694,2943255,0.350073,8407551
2,2021-03-30,92295,4543301,45244,2256706,42672,2180161,4379,106434,51573,1304922,0.155208,40500,1694887,0.201591,56554,2999809,0.356799,8407551
2,2021-03-31,101499,4644800,52317,2309023,44063,2224224,5119,111553,57364,1323944,0.157471,43810,1738697,0.206802,62832,3062641,0.364273,8407551
2,2021-04-01,118026,4762826,56957,2365980,51806,2276030,9263,120816,64055,1344122,0.159871,53533,1792230,0.213169,73711,3136352,0.37304,8407551
2,2021-04-02,112021,4874847,51570,2417550,50224,2326254,10227,131043,59858,1362904,0.162105,51756,1843986,0.219325,70538,3206890,0.38143,8407551
2,2021-04-03,76989,4951836,37831,2455381,29321,2355575,9837,140880,38098,1372534,0.16325,38676,1882662,0.223925,48306,3255196,0.387175,8407551
2,2021-04-04,29039,4980875,14943,2470324,10236,2365811,3860,144740,13020,1373536,0.163369,15907,1898569,0.225817,16909,3272105,0.389186,8407551
2,2021-04-05,79411,5060286,38896,2509220,31655,2397466,8860,153600,38248,1380404,0.164186,40973,1939542,0.23069,47841,3319946,0.394877,8407551
2,2021-04-06,104192,5164478,50735,2559955,38723,2436189,14734,168334,49302,1390229,0.165355,54596,1994138,0.237184,64421,3384367,0.402539,8407551
2,2021-04-07,110752,5275230,55230,2615185,39220,2475409,16302,184636,52045,1400422,0.166567,58397,2052535,0.24413,68590,3452957,0.410697,8407551
2,2021-04-08,119645,5394875,57576,2672761,43283,2518692,18786,203422,55479,1411435,0.167877,63783,2116318,0.251716,74796,3527753,0.419593,8407551
2,2021-04-09,119166,5514041,57321,2730082,43691,2562383,18154,221576,56324,1424285,0.169405,62453,2178771,0.259145,75303,3603056,0.42855,8407551
2,2021-04-10,87764,5601805,37867,2767949,31441,2593824,18456,240032,36123,1428154,0.169866,51375,2230146,0.265255,55244,3658300,0.435121,8407551
2,2021-04-11,44544,5646349,23110,2791059,12953,2606777,8481,248513,18218,1429389,0.170013,26176,2256322,0.268369,27411,3685711,0.438381,8407551
2,2021-04-12,80305,5726654,37378,2828437,33480,2640257,9447,257960,35737,1431269,0.170236,44289,2300611,0.273636,46169,3731880,0.443872,8407551
2,2021-04-13,102145,5828799,53029,2881466,48853,2689110,263,258223,55851,1442271,0.171545,46006,2346617,0.279108,57008,3788888,0.450653,8407551
2,2021-04-14,106985,5935784,56050,2937516,50880,2739990,55,258278,54565,1446226,0.172015,52102,2398719,0.285305,56057,3844945,0.45732,8407551
2,2021-04-15,113320,6049104,60135,2997651,53098,2793088,87,258365,59004,1452478,0.172759,53909,2452628,0.291717,60161,3905106,0.464476,8407551
2,2021-04-16,111009,6160113,57538,3055189,53416,2846504,55,258420,56278,1455303,0.173095,54360,2506988,0.298183,57185,3962291,0.471278,8407551
2,2021-04-17,83648,6243761,42545,3097734,41089,2887593,14,258434,46668,1466129,0.174382,36722,2543710,0.302551,47548,4009839,0.476933,8407551
2,2021-04-18,35759,6279520,21663,3119397,14089,2901682,7,258441,17011,1465523,0.17431,18606,2562316,0.304764,18000,4027839,0.479074,8407551
2,2021-04-19,74963,6354483,40345,3159742,34600,2936282,18,258459,34044,1459571,0.173602,40635,2602951,0.309597,34683,4062522,0.483199,8407551
2,2021-04-20,97617,6452100,49364,3209106,48226,2984508,27,258486,47100,1457284,0.17333,50157,2653108,0.315563,47870,4110392,0.488893,8407551
2,2021-04-21,103967,6556067,56269,3265375,47637,3032145,61,258547,49010,1452859,0.172804,54465,2707573,0.322041,50040,4160432,0.494845,8407551
2,2021-04-22,108497,6664564,56092,3321467,52380,3084525,25,258572,47409,1440545,0.171339,60642,2768215,0.329253,48328,4208760,0.500593,8407551
2,2021-04-23,108084,6772648,57505,3378972,50560,3135085,19,258591,49869,1433581,0.170511,57777,2825992,0.336125,50813,4259573,0.506637,8407551
2,2021-04-24,81064,6853712,47715,3426687,33309,3168394,40,258631,42171,1438201,0.171061,38528,2864520,0.340708,43148,4302721,0.511769,8407551
2,2021-04-25,36634,6890346,22562,3449249,14057,3182451,15,258646,19910,1442026,0.171516,16566,2881086,0.342678,20391,4323112,0.514194,8407551
2,2021-04-26,74377,6964723,41201,3490450,32867,3215318,309,258955,34186,1438062,0.171044,39907,2920993,0.347425,35943,4359055,0.518469,8407551
2,2021-04-27,88450,7053173,46658,3537108,40426,3255744,1366,260321,37922,1428464,0.169903,50128,2971121,0.353387,40530,4399585,0.52329,8407551
2,2021-04-28,88368,7141541,47219,3584327,39276,3295020,1873,262194,38988,1421217,0.169041,49024,3020145,0.359218,41777,4441362,0.528259,8407551
2,2021-04-29,91378,7232919,49763,3634090,39898,3334918,1717,263911,35445,1403458,0.166928,55522,3075667,0.365822,37763,4479125,0.53275,8407551
2,2021-04-30,95026,7327945,52509,3686599,40508,3375426,2009,265920,36860,1385300,0.164769,57684,3133351,0.372683,39526,4518651,0.537452,8407551
2,2021-05-01,62665,7390610,38218,3724817,22856,3398282,1591,267511,24405,1374221,0.163451,37925,3171276,0.377194,26846,4545497,0.540645,8407551
2,2021-05-02,29279,7419889,20365,3745182,7935,3406217,979,268490,11107,1368361,0.162754,18034,3189310,0.379339,12174,4557671,0.542093,8407551
2,2021-05-03,60710,7480599,36035,3781217,22611,3428828,2064,270554,20389,1351046,0.160694,40032,3229342,0.3841,22717,4580388,0.544795,8407551
2,2021-05-04,80127,7560726,47848,3829065,29886,3458714,2393,272947,26013,1326094,0.157727,53751,3283093,0.390493,28799,4609187,0.54822,8407551
2,2021-05-05,80707,7641433,48061,3877126,30295,3489009,2351,275298,25227,1298961,0.154499,55078,3338171,0.397044,27945,4637132,0.551544,8407551
2,2021-05-06,83198,7724631,50509,3927635,29759,3518768,2930,278228,25329,1270486,0.151112,57371,3395542,0.403868,28896,4666028,0.554981,8407551
2,2021-05-07,83967,7808598,48475,3976110,33062,3551830,2430,280658,25804,1241425,0.147656,57753,3453295,0.410737,28692,4694720,0.558393,8407551
2,2021-05-08,55790,7864388,33816,4009926,20250,3572080,1724,282382,17488,1223309,0.145501,38059,3491354,0.415264,19943,4714663,0.560765,8407551
2,2021-05-09,21877,7886265,15743,4025669,5383,3577463,751,283133,6359,1215224,0.14454,15426,3506780,0.417099,7341,4722004,0.561638,8407551
2,2021-05-10,50357,7936622,27440,4053109,21036,3598499,1881,285014,14187,1195995,0.142252,35905,3542685,0.421369,16676,4738680,0.563622,8407551
2,2021-05-11,66471,8003093,36023,4089132,28319,3626818,2129,287143,20008,1172674,0.139479,46149,3588834,0.426858,22828,4761508,0.566337,8407551
2,2021-05-12,65356,8068449,34825,4123957,28302,3655120,2229,289372,19226,1148727,0.13663,45817,3634651,0.432308,21870,4783378,0.568938,8407551
2,2021-05-13,71144,8139593,41336,4165293,27855,3682975,1953,291325,26050,1132682,0.134722,44790,3679441,0.437635,28745,4812123,0.572357,8407551
2,2021-05-14,80090,8219683,47994,4213287,29830,3712805,2266,293591,30764,1117407,0.132905,48950,3728391,0.443457,33675,4845798,0.576363,8407551
2,2021-05-15,66517,8286200,43691,4256978,21107,3733912,1719,295310,25771,1104803,0.131406,40489,3768880,0.448273,27885,4873683,0.579679,8407551
2,2021-05-16,31685,8317885,23686,4280664,7073,3740985,926,296236,12868,1100049,0.130841,18677,3787557,0.450495,13923,4887606,0.581335,8407551
2,2021-05-17,58164,8376049,36847,4317511,19366,3760351,1951,298187,22920,1090296,0.129681,34991,3822548,0.454657,25238,4912844,0.584337,8407551
2,2021-05-18,70270,8446319,41128,4358639,27175,3787526,1967,300154,27911,1078644,0.128295,42076,3864624,0.459661,30424,4943268,0.587956,8407551
2,2021-05-19,68891,8515210,40757,4399396,26121,3813647,2013,302167,27247,1067040,0.126914,41331,3905955,0.464577,29727,4972995,0.591492,8407551
2,2021-05-20,69561,8584771,40324,4439720,27050,3840697,2187,304354,26418,1053431,0.125296,42803,3948758,0.469668,29194,5002189,0.594964,8407551
2,2021-05-21,72914,8657685,43040,4482760,27716,3868413,2158,306512,27672,1038938,0.123572,44877,3993635,0.475006,30384,5032573,0.598578,8407551
2,2021-05-22,53418,8711103,33835,4516595,17808,3886221,1775,308287,22270,1032608,0.122819,30912,4024547,0.478682,24582,5057155,0.601502,8407551
2,2021-05-23,24409,8735512,16650,4533245,7034,3893255,725,309012,10248,1029691,0.122472,14030,4038577,0.480351,11113,5068268,0.602823,8407551
2,2021-05-24,44757,8780269,25417,4558662,17572,3910827,1768,310780,17159,1021587,0.121508,27373,4065950,0.483607,19269,5087537,0.605115,8407551
2,2021-05-25,50726,8830995,29691,4588353,19170,3929997,1865,312645,19250,1012073,0.120377,31170,4097120,0.487314,21656,5109193,0.607691,8407551
2,2021-05-26,48670,8879665,27245,4615598,19739,3949736,1686,314331,18980,1003723,0.119384,29358,4126478,0.490806,21008,5130201,0.61019,8407551
2,2021-05-27,46546,8926211,26376,4641974,18438,3968174,1732,316063,18559,996778,0.118557,27741,4154219,0.494106,20796,5150997,0.612663,8407551
2,2021-05-28,50006,8976217,27615,4669589,20419,3988593,1972,318035,20976,991386,0.117916,28769,4182988,0.497528,23377,5174374,0.615444,8407551
2,2021-05-29,28964,9005181,17354,4686943,10551,3999144,1059,319094,13223,990253,0.117781,15587,4198575,0.499381,14454,5188828,0.617163,8407551
2,2021-05-30,12663,9017844,8159,4695102,3739,4002883,765,319859,5524,989528,0.117695,7080,4205655,0.500224,6355,5195183,0.617919,8407551
2,2021-05-31,5896,9023740,3445,4698547,2148,4005031,303,320162,1829,987703,0.117478,4006,4209661,0.5007,2181,5197364,0.618178,8407551
2,2021-06-01,44760,9068500,25697,4724244,17400,4022431,1663,321825,15565,976422,0.116136,28886,4238547,0.504136,17605,5214969,0.620272,8407551
2,2021-06-02,38201,9106701,22467,4746711,14325,4036756,1409,323234,14925,970047,0.115378,23010,4261557,0.506873,16635,5231604,0.622251,8407551
2,2021-06-03,41361,9148062,26615,4773326,13275,4050031,1471,324705,13884,958554,0.114011,27232,4288789,0.510112,15739,5247343,0.624123,8407551
2,2021-06-04,47993,9196055,31351,4804677,15102,4065133,1540,326245,15464,943856,0.112263,32226,4321015,0.513945,17528,5264871,0.626207,8407551
2,2021-06-05,37847,9233902,26986,4831663,9398,4074531,1463,327708,11780,931686,0.110815,25833,4346848,0.517017,13663,5278534,0.627833,8407551
2,2021-06-06,14896,9248798,12219,4843882,2098,4076629,579,328287,4661,926945,0.110251,10170,4357018,0.518227,5429,5283963,0.628478,8407551
2,2021-06-07,33279,9282077,23277,4867159,8725,4085354,1277,329564,10792,916925,0.10906,22335,4379353,0.520883,12315,5296278,0.629943,8407551
2,2021-06-08,40607,9322684,28739,4895898,10501,4095855,1367,330931,12440,903189,0.107426,27922,4407275,0.524204,14186,5310464,0.63163,8407551
2,2021-06-09,38121,9360805,26610,4922508,10014,4105869,1497,332428,11510,890107,0.10587,26416,4433691,0.527346,13334,5323798,0.633216,8407551
2,2021-06-10,37745,9398550,26239,4948747,9980,4115849,1526,333954,11575,877708,0.104395,25973,4459664,0.530436,13574,5337372,0.634831,8407551
2,2021-06-11,41254,9439804,27375,4976122,12208,4128057,1671,335625,13191,865072,0.102892,27796,4487460,0.533742,15160,5352532,0.636634,8407551
2,2021-06-12,29390,9469194,21622,4997744,6856,4134913,912,336537,8663,854286,0.101609,20587,4508047,0.53619,9801,5362333,0.6378,8407551
2,2021-06-13,12213,9481407,8915,5006659,2679,4137592,619,337156,3102,849127,0.100996,9048,4517095,0.537266,3889,5366222,0.638262,8407551
2,2021-06-14,29883,9511290,21199,5027858,7488,4145080,1196,338352,10348,841511,0.10009,19368,4536463,0.53957,11752,5377974,0.63966,8407551
2,2021-06-15,35548,9546838,23649,5051507,9851,4154931,2048,340400,11946,832517,0.09902,23364,4559827,0.542349,14370,5392344,0.641369,8407551
2,2021-06-16,32971,9579809,22745,5074252,8435,4163366,1791,342191,11377,824571,0.098075,21424,4581251,0.544897,13478,5405822,0.642972,8407551
2,2021-06-17,30790,9610599,20555,5094807,8438,4171804,1797,343988,10866,817695,0.097257,19749,4601000,0.547246,12873,5418695,0.644503,8407551
2,2021-06-18,34701,9645300,22861,5117668,9965,4181769,1875,345863,12647,810640,0.096418,21836,4622836,0.549843,14781,5433476,0.646261,8407551
2,2021-06-19,20906,9666206,14551,5132219,5095,4186864,1260,347123,7893,807140,0.096002,12850,4635686,0.551372,9350,5442826,0.647374,8407551
2,2021-06-20,8274,9674480,5910,5138129,1899,4188763,465,347588,3059,805560,0.095814,5172,4640858,0.551987,3592,5446418,0.647801,8407551
2,2021-06-21,19314,9693794,11814,5149943,6179,4194942,1321,348909,9870,807605,0.096057,9324,4650182,0.553096,11369,5457787,0.649153,8407551
2,2021-06-22,26859,9720653,18390,5168333,7093,4202035,1376,350285,10529,803618,0.095583,16166,4666348,0.555019,12179,5469966,0.650602,8407551
2,2021-06-23,25880,9746533,17862,5186195,6396,4208431,1622,351907,10540,800876,0.095257,15200,4681548,0.556827,12458,5482424,0.652083,8407551
2,2021-06-24,25314,9771847,17228,5203423,6567,4214998,1519,353426,10446,798353,0.094957,14720,4696268,0.558577,12197,5494621,0.653534,8407551
2,2021-06-25,28693,9800540,19451,5222874,7753,4222751,1489,354915,11987,795517,0.094619,16547,4712815,0.560546,13711,5508332,0.655165,8407551
2,2021-06-26,18490,9819030,13622,5236496,3940,4226691,928,355843,7522,793338,0.09436,10879,4723694,0.561839,8700,5517032,0.6562,8407551
2,2021-06-27,8773,9827803,6695,5243191,1631,4228322,447,356290,3516,792218,0.094227,5206,4728900,0.562459,4086,5521118,0.656686,8407551
2,2021-06-28,19723,9847526,14978,5258169,3504,4231826,1241,357531,8679,791416,0.094132,10912,4739812,0.563757,10110,5531228,0.657888,8407551
2,2021-06-29,22611,9870137,15759,5273928,5780,4237606,1072,358603,9636,789519,0.093906,12841,4752653,0.565284,10944,5542172,0.65919,8407551
2,2021-06-30,21837,9891974,15476,5289404,5338,4242944,1023,359626,9713,788496,0.093784,11987,4764640,0.56671,10964,5553136,0.660494,8407551
2,2021-07-01,19716,9911690,13931,5303335,4909,4247853,876,360502,8756,787493,0.093665,10839,4775479,0.567999,9836,5562972,0.661664,8407551
2,2021-07-02,22658,9934348,15625,5318960,6006,4253859,1027,361529,10000,786220,0.093514,12501,4787980,0.569486,11228,5574200,0.662999,8407551
2,2021-07-03,12446,9946794,8978,5327938,2998,4256857,470,361999,5686,785832,0.093467,6664,4794644,0.570278,6276,5580476,0.663746,8407551
2,2021-07-04,996,9947790,588,5328526,341,4257198,67,362066,430,785797,0.093463,555,4795199,0.570344,520,5580996,0.663808,8407551
2,2021-07-05,10973,9958763,8024,5336550,2541,4259739,408,362474,5035,785491,0.093427,5875,4801074,0.571043,5569,5586565,0.66447,8407551
2,2021-07-06,23527,9982290,17110,5353660,5444,4265183,973,363447,9084,781525,0.092955,14300,4815374,0.572744,10334,5596899,0.665699,8407551
2,2021-07-07,20438,10002728,14575,5368235,4766,4269949,1097,364544,8679,779945,0.092767,11620,4826994,0.574126,10040,5606939,0.666893,8407551
2,2021-07-08,18999,10021727,13227,5381462,4743,4274692,1029,365573,8016,778314,0.092573,10881,4837875,0.57542,9250,5616189,0.667993,8407551
2,2021-07-09,22323,10044050,15447,5396909,5633,4280325,1243,366816,9424,776420,0.092348,12768,4850643,0.576939,10874,5627063,0.669287,8407551
2,2021-07-10,14092,10058142,10387,5407296,3018,4283343,687,367503,6171,775609,0.092251,7828,4858471,0.57787,7017,5634080,0.670121,8407551
2,2021-07-11,6538,10064680,4802,5412098,1387,4284730,349,367852,3083,775701,0.092262,3410,4861881,0.578276,3502,5637582,0.670538,8407551
2,2021-07-12,18085,10082765,13288,5425386,3933,4288663,864,368716,7778,774349,0.092102,10195,4872076,0.579488,8843,5646425,0.67159,8407551
2,2021-07-13,19324,10102089,13632,5439018,4808,4293471,884,369600,8635,773513,0.092002,10551,4882627,0.580743,9715,5656140,0.672745,8407551
2,2021-07-14,18495,10120584,13216,5452234,4502,4297973,777,370377,8256,772640,0.091898,10117,4892744,0.581946,9244,5665384,0.673845,8407551
2,2021-07-15,18630,10139214,13523,5465757,4414,4302387,693,371070,8469,771965,0.091818,10050,4902794,0.583142,9375,5674759,0.67496,8407551
2,2021-07-16,22559,10161773,16240,5481997,5494,4307881,825,371895,10780,772122,0.091837,11650,4914444,0.584527,11807,5686566,0.676364,8407551
2,2021-07-17,14186,10175959,10335,5492332,3321,4311202,530,372425,6857,772404,0.09187,7239,4921683,0.585388,7521,5694087,0.677259,8407551
2,2021-07-18,6963,10182922,5205,5497537,1434,4312636,324,372749,3531,772938,0.091934,3389,4925072,0.585792,3923,5698010,0.677725,8407551
2,2021-07-19,18214,10201136,13573,5511110,3912,4316548,729,373478,9030,773812,0.092038,9070,4934142,0.58687,9944,5707954,0.678908,8407551
2,2021-07-20,20573,10221709,14663,5525773,5079,4321627,831,374309,10405,775229,0.092206,10038,4944180,0.588064,11455,5719409,0.680271,8407551
2,2021-07-21,20112,10241821,14636,5540409,4718,4326345,758,375067,10408,777014,0.092419,9578,4953758,0.589203,11363,5730772,0.681622,8407551
2,2021-07-22,20044,10261865,14316,5554725,4887,4331232,841,375908,10706,779541,0.092719,9194,4962952,0.590297,11721,5742493,0.683016,8407551
2,2021-07-23,24062,10285927,16845,5571570,6186,4337418,1031,376939,13111,783078,0.09314,10803,4973755,0.591582,14340,5756833,0.684722,8407551
2,2021-07-24,14604,10300531,10535,5582105,3578,4340996,491,377430,8152,785488,0.093426,6347,4980102,0.592337,8757,5765590,0.685763,8407551
2,2021-07-25,6590,10307121,4839,5586944,1615,4342611,136,377566,4872,788860,0.093828,1675,4981777,0.592536,5047,5770637,0.686364,8407551
2,2021-07-26,18693,10325814,13208,5600152,4730,4347341,755,378321,11833,794828,0.094537,6746,4988523,0.593338,12714,5783351,0.687876,8407551
2,2021-07-27,22380,10348194,16197,5616349,5346,4352687,837,379158,13129,799841,0.095134,9102,4997625,0.594421,14115,5797466,0.689555,8407551
2,2021-07-28,22280,10370474,15948,5632297,5447,4358134,885,380043,13169,805127,0.095762,8952,5006577,0.595486,14238,5811704,0.691248,8407551
2,2021-07-29,20977,10391451,15055,5647352,5063,4363197,859,380902,12659,810611,0.096415,8182,5014759,0.596459,13666,5825370,0.692874,8407551
2,2021-07-30,25581,10417032,18276,5665628,6399,4369596,906,381808,15341,817010,0.097176,10051,5024810,0.597654,16450,5841820,0.69483,8407551
2,2021-07-31,15437,10432469,11396,5677024,3555,4373151,486,382294,9348,821005,0.097651,5969,5030779,0.598364,9964,5851784,0.696015,8407551
2,2021-08-01,7889,10440358,6090,5683114,1633,4374784,166,382460,5155,823708,0.097972,2679,5033458,0.598683,5382,5857166,0.696655,8407551
2,2021-08-02,20775,10461133,15640,5698754,4403,4379187,732,383192,13165,830249,0.09875,7476,5040934,0.599572,14017,5871183,0.698323,8407551
2,2021-08-03,23416,10484549,17106,5715860,5352,4384539,958,384150,14572,837205,0.099578,8700,5049634,0.600607,15656,5886839,0.700185,8407551
2,2021-08-04,21329,10505878,15817,5731677,4761,4389300,751,384901,13321,843494,0.100326,7880,5057514,0.601544,14169,5901008,0.70187,8407551
2,2021-08-05,14477,10520355,10577,5742254,3187,4392487,713,385614,8869,847688,0.100825,5502,5063016,0.602199,9696,5910704,0.703023,8407551
3,2020-12-15,322,322,322,322,0,0,0,0,322,322,4e-05,0,0,0.0,322,322,4e-05,8129050
3,2020-12-16,2466,2788,2466,2788,0,0,0,0,2467,2789,0.000343,0,0,0.0,2467,2789,0.000343,8129050
3,2020-12-17,7857,10645,7857,10645,0,0,0,0,7857,10646,0.00131,0,0,0.0,7857,10646,0.00131,8129050
3,2020-12-18,13469,24114,13450,24095,19,19,0,0,13468,24114,0.002966,0,0,0.0,13468,24114,0.002966,8129050
3,2020-12-19,7270,31384,7257,31352,13,32,0,0,7333,31447,0.003868,0,0,0.0,7333,31447,0.003868,8129050
3,2020-12-20,5668,37052,5658,37010,10,42,0,0,5715,37161,0.004571,1,1,0.0,5715,37162,0.004572,8129050
3,2020-12-21,14385,51437,14359,51369,26,68,0,0,14449,51609,0.006349,1,2,0.0,14449,51611,0.006349,8129050
3,2020-12-22,14844,66281,14263,65632,581,649,0,0,14881,66487,0.008179,3,5,1e-06,14881,66492,0.00818,8129050
3,2020-12-23,14859,81140,12253,77885,2606,3255,0,0,14875,81361,0.010009,2,7,1e-06,14876,81368,0.01001,8129050
3,2020-12-24,6798,87938,4878,82763,1920,5175,0,0,6795,88154,0.010844,2,9,1e-06,6795,88163,0.010845,8129050
3,2020-12-25,724,88662,666,83429,58,5233,0,0,722,88876,0.010933,0,9,1e-06,722,88885,0.010934,8129050
3,2020-12-26,4626,93288,3002,86431,1624,6857,0,0,4624,93500,0.011502,0,9,1e-06,4624,93509,0.011503,8129050
3,2020-12-27,2985,96273,1854,88285,1131,7988,0,0,2985,96485,0.011869,0,9,1e-06,2985,96494,0.01187,8129050
3,2020-12-28,13653,109926,8734,97019,4919,12907,0,0,13677,110161,0.013552,1,10,1e-06,13677,110171,0.013553,8129050
3,2020-12-29,15061,124987,8474,105493,6587,19494,0,0,15087,125246,0.015407,2,12,1e-06,15087,125258,0.015409,8129050
3,2020-12-30,18073,143060,10080,115573,7993,27487,0,0,18078,143323,0.017631,2,14,2e-06,18079,143337,0.017633,8129050
3,2020-12-31,8460,151520,3247,118820,5213,32700,0,0,8459,151780,0.018671,2,16,2e-06,8459,151796,0.018673,8129050
3,2021-01-01,1617,153137,768,119588,849,33549,0,0,1614,153393,0.01887,1,17,2e-06,1614,153410,0.018872,8129050
3,2021-01-02,4946,158083,2427,122015,2519,36068,0,0,4946,158339,0.019478,0,17,2e-06,4946,158356,0.01948,8129050
3,2021-01-03,1621,159704,853,122868,768,36836,0,0,1612,159949,0.019676,2,19,2e-06,1612,159968,0.019679,8129050
3,2021-01-04,12061,171765,5971,128839,6090,42926,0,0,12032,171973,0.021155,8,27,3e-06,12032,172000,0.021159,8129050
3,2021-01-05,15756,187521,8159,136998,7597,50523,0,0,14080,184422,0.022687,1661,1688,0.000208,14110,186110,0.022894,8129050
3,2021-01-06,20638,208159,10920,147918,9718,60241,0,0,16069,195979,0.024108,4522,6210,0.000764,16079,202189,0.024872,8129050
3,2021-01-07,26693,234852,15262,163180,11431,71672,0,0,17202,203744,0.025064,9454,15664,0.001927,17219,219408,0.026991,8129050
3,2021-01-08,30709,265561,18768,181948,11941,83613,0,0,18202,209484,0.02577,12485,28149,0.003463,18225,237633,0.029233,8129050
3,2021-01-09,12472,278033,7052,189000,5420,89033,0,0,7934,212896,0.02619,4531,32680,0.00402,7943,245576,0.03021,8129050
3,2021-01-10,7236,285269,4491,193491,2745,91778,0,0,4073,213814,0.026302,3161,35841,0.004409,4079,249655,0.030711,8129050
3,2021-01-11,29181,314450,19099,212590,10082,101860,0,0,16518,217724,0.026783,12655,48496,0.005966,16565,266220,0.032749,8129050
3,2021-01-12,32664,347114,19504,232094,13160,115020,0,0,20013,225256,0.02771,12629,61125,0.007519,20161,286381,0.035229,8129050
3,2021-01-13,34614,381728,18065,250159,16549,131569,0,0,24374,239427,0.029453,10225,71350,0.008777,24396,310777,0.03823,8129050
3,2021-01-14,34807,416535,14228,264387,20579,152148,0,0,28869,262438,0.032284,5896,77246,0.009502,28907,339684,0.041786,8129050
3,2021-01-15,39058,455593,14469,278856,24589,176737,0,0,34361,292194,0.035944,4678,81924,0.010078,34434,374118,0.046022,8129050
3,2021-01-16,21812,477405,7441,286297,14371,191108,0,0,19472,309358,0.038056,2329,84253,0.010364,19493,393611,0.04842,8129050
3,2021-01-17,13166,490571,4468,290765,8698,199806,0,0,12123,320459,0.039421,1042,85295,0.010493,12143,405754,0.049914,8129050
3,2021-01-18,24811,515382,12963,303728,11848,211654,0,0,19193,334090,0.041098,5606,90901,0.011182,19237,424991,0.052281,8129050
3,2021-01-19,41172,556554,20920,324648,20252,231906,0,0,32027,357097,0.043929,9108,100009,0.012303,32115,457106,0.056231,8129050
3,2021-01-20,46280,602834,23050,347698,23230,255136,0,0,36688,384326,0.047278,9544,109553,0.013477,36773,493879,0.060755,8129050
3,2021-01-21,48171,651005,20897,368595,27274,282410,0,0,42637,421576,0.05186,5466,115019,0.014149,42716,536595,0.06601,8129050
3,2021-01-22,49860,700865,19870,388465,29990,312400,0,0,45622,463062,0.056964,4209,119228,0.014667,45695,582290,0.071631,8129050
3,2021-01-23,30402,731267,12822,401287,17580,329980,0,0,27096,486915,0.059898,3298,122526,0.015073,27151,609441,0.074971,8129050
3,2021-01-24,17908,749175,8500,409787,9408,339388,0,0,16717,502475,0.061812,1188,123714,0.015219,16748,626189,0.077031,8129050
3,2021-01-25,40935,790110,18241,428028,22694,362082,0,0,30926,523511,0.0644,9981,133695,0.016447,31017,657206,0.080847,8129050
3,2021-01-26,47447,837557,22645,450673,24802,386884,0,0,37235,550674,0.067741,10179,143874,0.017699,37342,694548,0.08544,8129050
3,2021-01-27,51566,889123,24539,475212,27027,413911,0,0,40867,580996,0.071472,10627,154501,0.019006,40949,735497,0.090478,8129050
3,2021-01-28,52056,941179,24146,499358,27910,441821,0,0,43076,615236,0.075684,8895,163396,0.0201,43135,778632,0.095784,8129050
3,2021-01-29,51171,992350,24535,523893,26636,468457,0,0,41374,647043,0.079596,9619,173015,0.021284,41426,820058,0.10088,8129050
3,2021-01-30,37440,1029790,17772,541665,19668,488125,0,0,32709,675163,0.083056,4676,177691,0.021859,32796,852854,0.104914,8129050
3,2021-01-31,22504,1052294,12800,554465,9704,497829,0,0,21081,694857,0.085478,1408,179099,0.022032,21102,873956,0.10751,8129050
3,2021-02-01,46060,1098354,21062,575527,24998,522827,0,0,35099,719081,0.088458,10909,190008,0.023374,35133,909089,0.111832,8129050
3,2021-02-02,54627,1152981,22782,598309,31845,554672,0,0,42112,748828,0.092118,12416,202424,0.024901,42163,951252,0.117019,8129050
3,2021-02-03,60233,1213214,26726,625035,33507,588179,0,0,44776,778351,0.095749,15326,217750,0.026787,44849,996101,0.122536,8129050
3,2021-02-04,64601,1277815,27957,652992,36644,624823,0,0,47287,808640,0.099475,17115,234865,0.028892,47404,1043505,0.128367,8129050
3,2021-02-05,70570,1348385,29808,682800,40762,665585,0,0,48712,835920,0.102831,21614,256479,0.031551,48894,1092399,0.134382,8129050
3,2021-02-06,43757,1392142,20979,703779,22778,688363,0,0,34080,860555,0.105862,9631,266110,0.032736,34266,1126665,0.138597,8129050
3,2021-02-07,19767,1411909,12574,716353,7193,695556,0,0,15160,871254,0.107178,4587,270697,0.0333,15286,1141951,0.140478,8129050
3,2021-02-08,51670,1463579,24955,741308,26715,722271,0,0,33851,887621,0.109191,17678,288375,0.035475,34045,1175996,0.144666,8129050
3,2021-02-09,58921,1522500,28528,769836,30393,752664,0,0,34445,898219,0.110495,24197,312572,0.038451,34795,1210791,0.148946,8129050
3,2021-02-10,68536,1591036,31898,801734,36638,789302,0,0,36727,903945,0.111199,31511,344083,0.042328,37237,1248028,0.153527,8129050
3,2021-02-11,70961,1661997,34879,836613,36082,825384,0,0,37690,909258,0.111853,32921,377004,0.046377,38234,1286262,0.15823,8129050
3,2021-02-12,75817,1737814,32697,869310,43120,868504,0,0,41746,918025,0.112931,33757,410761,0.05053,42524,1328786,0.163461,8129050
3,2021-02-13,45332,1783146,20543,889853,24789,893293,0,0,26075,925545,0.113856,19139,429900,0.052884,26659,1355445,0.166741,8129050
3,2021-02-14,27455,1810601,13719,903572,13736,907029,0,0,15219,929049,0.114288,12169,442069,0.054381,15673,1371118,0.168669,8129050
3,2021-02-15,40341,1850942,17371,920943,22970,929999,0,0,22265,934291,0.114932,17964,460033,0.056591,23206,1394324,0.171524,8129050
3,2021-02-16,70575,1921517,33389,954332,37186,967185,0,0,36615,938129,0.115405,33811,493844,0.060751,37649,1431973,0.176155,8129050
3,2021-02-17,72435,1993952,36583,990915,35852,1003037,0,0,34300,935610,0.115095,37894,531738,0.065412,35375,1467348,0.180507,8129050
3,2021-02-18,77539,2071491,40488,1031403,37051,1040088,0,0,35811,931240,0.114557,41526,573264,0.07052,37156,1504504,0.185077,8129050
3,2021-02-19,69640,2141131,40135,1071538,29505,1069593,0,0,35120,932707,0.114738,34353,607617,0.074746,35820,1540324,0.189484,8129050
3,2021-02-20,43296,2184427,27331,1098869,15965,1085558,0,0,22608,935258,0.115051,20564,628181,0.077276,23115,1563439,0.192327,8129050
3,2021-02-21,24312,2208739,19549,1118418,4763,1090321,0,0,11832,935099,0.115032,12383,640564,0.078799,12224,1575663,0.193831,8129050
3,2021-02-22,47648,2256387,31009,1149427,16639,1106960,0,0,22253,932594,0.114724,25243,665807,0.081905,22738,1598401,0.196628,8129050
3,2021-02-23,63766,2320153,34658,1184085,29108,1136068,0,0,27787,926629,0.11399,35746,701553,0.086302,29781,1628182,0.200292,8129050
3,2021-02-24,79991,2400144,39310,1223395,40681,1176749,0,0,35314,920057,0.113181,44412,745965,0.091765,37840,1666022,0.204947,8129050
3,2021-02-25,89680,2489824,43671,1267066,46009,1222758,0,0,44622,922540,0.113487,44744,790709,0.09727,47227,1713249,0.210756,8129050
3,2021-02-26,100667,2590491,46046,1313112,54621,1277379,0,0,53103,930728,0.114494,47125,837834,0.103067,55313,1768562,0.217561,8129050
3,2021-02-27,71374,2661865,32801,1345913,38569,1315948,4,4,37681,936281,0.115177,33447,871281,0.107181,39000,1807562,0.222358,8129050
3,2021-02-28,41580,2703445,24014,1369927,17562,1333510,4,8,21320,938510,0.115451,20049,891330,0.109647,22278,1829840,0.225099,8129050
3,2021-03-01,70115,2773560,37212,1407139,32862,1366372,41,49,38912,947858,0.116601,30948,922278,0.113455,40296,1870136,0.230056,8129050
3,2021-03-02,81634,2855194,40256,1447395,41370,1407742,8,57,47058,962605,0.118415,34402,956680,0.117687,49149,1919285,0.236102,8129050
3,2021-03-03,91590,2946784,43819,1491214,47746,1455488,25,82,51116,975794,0.120038,40226,996906,0.122635,53415,1972700,0.242673,8129050
3,2021-03-04,96058,3042842,46955,1538169,49082,1504570,21,103,54309,990915,0.121898,41488,1038394,0.127739,56609,2029309,0.249637,8129050
3,2021-03-05,92299,3135141,45136,1583305,46870,1551440,293,396,55981,1013395,0.124663,36033,1074427,0.132171,58513,2087822,0.256835,8129050
3,2021-03-06,66202,3201343,33546,1616851,30490,1581930,2166,2562,37763,1026505,0.126276,28277,1102704,0.13565,41387,2129209,0.261926,8129050
3,2021-03-07,39267,3240610,22700,1639551,14668,1596598,1899,4461,22077,1034537,0.127264,17106,1119810,0.137754,25138,2154347,0.265018,8129050
3,2021-03-08,60348,3300958,28752,1668303,28588,1625186,3008,7469,38157,1055211,0.129807,22021,1141831,0.140463,42695,2197042,0.27027,8129050
3,2021-03-09,77556,3378514,35805,1704108,37263,1662449,4488,11957,41623,1066679,0.131218,35776,1177607,0.144864,47244,2244286,0.276082,8129050
3,2021-03-10,83631,3462145,41640,1745748,35851,1698300,6140,18097,43635,1078068,0.132619,39755,1217362,0.149755,51144,2295430,0.282374,8129050
3,2021-03-11,97793,3559938,47764,1793512,41369,1739669,8660,26757,47872,1086015,0.133597,49626,1266988,0.155859,57573,2353003,0.289456,8129050
3,2021-03-12,102548,3662486,45690,1839202,44938,1784607,11920,38677,47010,1090754,0.13418,55276,1322264,0.162659,60015,2413018,0.296839,8129050
3,2021-03-13,70819,3733305,29811,1869013,33711,1818318,7297,45974,37415,1103533,0.135752,33255,1355519,0.16675,46034,2459052,0.302502,8129050
3,2021-03-14,41436,3774741,21638,1890651,16229,1834547,3569,49543,20855,1108081,0.136311,20490,1376009,0.169271,25038,2484090,0.305582,8129050
3,2021-03-15,76079,3850820,36067,1926718,35440,1869987,4572,54115,40038,1117879,0.137517,35793,1411802,0.173674,45591,2529681,0.31119,8129050
3,2021-03-16,95466,3946286,44015,1970733,47108,1917095,4343,58458,53622,1135150,0.139641,41579,1453381,0.178789,58850,2588531,0.31843,8129050
3,2021-03-17,98826,4045112,47985,2018718,46282,1963377,4559,63017,59900,1161578,0.142892,38667,1492048,0.183545,65095,2653626,0.326437,8129050
3,2021-03-18,104146,4149258,52920,2071638,46682,2010059,4544,67561,59637,1182091,0.145416,44192,1536240,0.188981,64705,2718331,0.334397,8129050
3,2021-03-19,103705,4252963,55600,2127238,43625,2053684,4480,72041,57625,1198947,0.147489,45777,1582017,0.194613,62633,2780964,0.342102,8129050
3,2021-03-20,72286,4325249,37270,2164508,31340,2085024,3676,75717,44399,1219848,0.15006,27668,1609685,0.198016,48569,2829533,0.348077,8129050
3,2021-03-21,36426,4361675,24762,2189270,10153,2095177,1511,77228,21871,1229264,0.151219,14442,1624127,0.199793,23858,2853391,0.351012,8129050
3,2021-03-22,70878,4432553,41662,2230932,26687,2121864,2529,79757,45020,1252226,0.154043,25601,1649728,0.202942,48563,2901954,0.356986,8129050
3,2021-03-23,90271,4522824,49923,2280855,37799,2159663,2549,82306,55005,1275499,0.156906,34976,1684704,0.207245,58249,2960203,0.364151,8129050
3,2021-03-24,99295,4622119,57122,2337977,39233,2198896,2940,85246,56131,1292391,0.158984,42778,1727482,0.212507,59670,3019873,0.371492,8129050
3,2021-03-25,107994,4730113,59966,2397943,45042,2243938,2986,88232,60445,1309271,0.161061,47185,1774667,0.218312,64065,3083938,0.379372,8129050
3,2021-03-26,111363,4841476,59714,2457657,48288,2292226,3361,91593,57003,1316479,0.161947,53990,1828657,0.224953,61198,3145136,0.386901,8129050
3,2021-03-27,75034,4916510,38124,2495781,34352,2326578,2558,94151,36111,1317140,0.162029,38669,1867326,0.22971,39330,3184466,0.391739,8129050
3,2021-03-28,44617,4961127,28115,2523896,15689,2342267,813,94964,22405,1318912,0.162247,22085,1889411,0.232427,23857,3208323,0.394674,8129050
3,2021-03-29,81122,5042249,42395,2566291,36865,2379132,1862,96826,44128,1329003,0.163488,36714,1926125,0.236943,46805,3255128,0.400432,8129050
3,2021-03-30,100791,5143040,49539,2615830,47603,2426735,3649,100475,56154,1345041,0.165461,44362,1970487,0.242401,60400,3315528,0.407862,8129050
3,2021-03-31,105455,5248495,56864,2672694,43717,2470452,4874,105349,56094,1357230,0.16696,49092,2019579,0.24844,61281,3376809,0.4154,8129050
3,2021-04-01,124254,5372749,62790,2735484,51673,2522125,9791,115140,66641,1376751,0.169362,57167,2076746,0.255472,76688,3453497,0.424834,8129050
3,2021-04-02,118407,5491156,57762,2793246,50260,2572385,10385,125525,62141,1393776,0.171456,55945,2132691,0.262354,72970,3526467,0.43381,8129050
3,2021-04-03,76367,5567523,39083,2832329,28022,2600407,9262,134787,37921,1402962,0.172586,38279,2170970,0.267063,47465,3573932,0.439649,8129050
3,2021-04-04,32508,5600031,17392,2849721,10879,2611286,4237,139024,14183,1403149,0.172609,18242,2189212,0.269307,18429,3592361,0.441916,8129050
3,2021-04-05,89943,5689974,45633,2895354,35025,2646311,9285,148309,43578,1410683,0.173536,46118,2235330,0.27498,53652,3646013,0.448516,8129050
3,2021-04-06,113908,5803882,55384,2950738,43247,2689558,15277,163586,53326,1419658,0.17464,60282,2295612,0.282396,69257,3715270,0.457036,8129050
3,2021-04-07,116723,5920605,60355,3011093,40012,2729570,16356,179942,56230,1432268,0.176191,60212,2355824,0.289803,72822,3788092,0.465994,8129050
3,2021-04-08,121832,6042437,60636,3071729,40961,2770531,20235,200177,56357,1444436,0.177688,65144,2420968,0.297817,77312,3865404,0.475505,8129050
3,2021-04-09,118999,6161436,59220,3130949,40521,2811052,19258,219435,52149,1450118,0.178387,66576,2487544,0.306007,72258,3937662,0.484394,8129050
3,2021-04-10,84679,6246115,37976,3168925,31362,2842414,15341,234776,34386,1450530,0.178438,50091,2537635,0.312169,50503,3988165,0.490607,8129050
3,2021-04-11,45426,6291541,24331,3193256,13053,2855467,8042,242818,17236,1448524,0.178191,28087,2565722,0.315624,26081,4014246,0.493815,8129050
3,2021-04-12,84306,6375847,42576,3235832,32877,2888344,8853,251671,38027,1450461,0.178429,46018,2611740,0.321285,47955,4062201,0.499714,8129050
3,2021-04-13,105888,6481735,57315,3293147,48366,2936710,207,251878,55698,1457328,0.179274,49922,2661662,0.327426,56789,4118990,0.5067,8129050
3,2021-04-14,108020,6589755,59061,3352208,48858,2985568,101,251979,53639,1458442,0.179411,54065,2715727,0.334077,55179,4174169,0.513488,8129050
3,2021-04-15,119622,6709377,67236,3419444,52305,3037873,81,252060,63659,1467379,0.180511,55610,2771337,0.340918,64547,4238716,0.521428,8129050
3,2021-04-16,115932,6825309,64986,3484430,50853,3088726,93,252153,60305,1473151,0.181221,55293,2826630,0.34772,61065,4299781,0.52894,8129050
3,2021-04-17,79756,6905065,43451,3527881,36290,3125016,15,252168,44329,1483289,0.182468,35177,2861807,0.352047,45315,4345096,0.534515,8129050
3,2021-04-18,38864,6943929,23442,3551323,15415,3140431,7,252175,18186,1481805,0.182285,20552,2882359,0.354575,19068,4364164,0.53686,8129050
3,2021-04-19,79436,7023365,44182,3595505,35197,3175628,57,252232,35636,1474426,0.181377,43579,2925938,0.359936,36200,4400364,0.541313,8129050
3,2021-04-20,101052,7124417,53134,3648639,47900,3223528,18,252250,48709,1472117,0.181093,52060,2977998,0.36634,49751,4450115,0.547434,8129050
3,2021-04-21,106236,7230653,59652,3708291,46510,3270038,74,252324,50023,1467482,0.180523,55815,3033813,0.373206,51180,4501295,0.55373,8129050
3,2021-04-22,112402,7343055,63141,3771432,49234,3319272,27,252351,48194,1452832,0.178721,63830,3097643,0.381058,49180,4550475,0.559779,8129050
3,2021-04-23,106722,7449777,61033,3832465,45659,3364931,30,252381,46692,1440915,0.177255,59651,3157294,0.388396,47734,4598209,0.565651,8129050
3,2021-04-24,74245,7524022,45814,3878279,28359,3393290,72,252453,36103,1440242,0.177172,37842,3195136,0.393052,37169,4635378,0.570224,8129050
3,2021-04-25,37074,7561096,23658,3901937,13399,3406689,17,252470,18901,1441553,0.177334,18014,3213150,0.395268,19325,4654703,0.572601,8129050
3,2021-04-26,74290,7635386,42004,3943941,31874,3438563,412,252882,31680,1432665,0.17624,42324,3255474,0.400474,33436,4688139,0.576714,8129050
3,2021-04-27,91448,7726834,47983,3991924,41712,3480275,1753,254635,36230,1416519,0.174254,54894,3310368,0.407227,38748,4726887,0.581481,8129050
3,2021-04-28,87149,7813983,49524,4041448,35476,3515751,2149,256784,35522,1403404,0.172641,51316,3361684,0.41354,38201,4765088,0.58618,8129050
3,2021-04-29,89469,7903452,51138,4092586,36108,3551859,2223,259007,31880,1380764,0.169856,57232,3418916,0.42058,34592,4799680,0.590436,8129050
3,2021-04-30,91093,7994545,51403,4143989,37204,3589063,2486,261493,33876,1360757,0.167394,56833,3475749,0.427571,36826,4836506,0.594966,8129050
3,2021-05-01,55610,8050155,34894,4178883,19239,3608302,1477,262970,20014,1347421,0.165754,35316,3511065,0.431916,21980,4858486,0.59767,8129050
3,2021-05-02,27050,8077205,18472,4197355,7559,3615861,1019,263989,9905,1341408,0.165014,17033,3528098,0.434011,11020,4869506,0.599025,8129050
3,2021-05-03,60043,8137248,35239,4232594,22422,3638283,2382,266371,17497,1319165,0.162278,42307,3570405,0.439216,20064,4889570,0.601493,8129050
3,2021-05-04,77912,8215160,45039,4277633,30180,3668463,2693,269064,22628,1289795,0.158665,54974,3625379,0.445978,25604,4915174,0.604643,8129050
3,2021-05-05,79438,8294598,47704,4325337,29025,3697488,2709,271773,21979,1257666,0.154713,57103,3682482,0.453003,24974,4940148,0.607715,8129050
3,2021-05-06,83740,8378338,53006,4378343,28199,3725687,2535,274308,20715,1218937,0.149948,62526,3745008,0.460694,23797,4963945,0.610643,8129050
3,2021-05-07,82756,8461094,51553,4429896,28564,3754251,2639,276947,21953,1183390,0.145575,60433,3805441,0.468129,24886,4988831,0.613704,8129050
3,2021-05-08,52817,8513911,32742,4462638,18349,3772600,1726,278673,13976,1160792,0.142796,38560,3844001,0.472872,15962,5004793,0.615668,8129050
3,2021-05-09,21027,8534938,15366,4478004,4873,3777473,788,279461,5531,1151777,0.141687,15400,3859401,0.474767,6385,5011178,0.616453,8129050
3,2021-05-10,48312,8583250,25970,4503974,20425,3797898,1917,281378,11200,1128257,0.138793,36898,3896299,0.479306,13378,5024556,0.618099,8129050
3,2021-05-11,64413,8647663,36110,4540084,26075,3823973,2228,283606,16193,1099189,0.135217,47958,3944257,0.485205,18890,5043446,0.620423,8129050
3,2021-05-12,65096,8712759,37403,4577487,25286,3849259,2407,286013,16614,1070324,0.131667,48205,3992462,0.491135,19340,5062786,0.622802,8129050
3,2021-05-13,75685,8788444,47694,4625181,26074,3875333,1917,287930,27628,1052697,0.129498,47800,4040262,0.497015,30173,5092959,0.626513,8129050
3,2021-05-14,80643,8869087,50924,4676105,27577,3902910,2142,290072,31238,1037573,0.127638,49103,4089365,0.503056,33979,5126938,0.630693,8129050
3,2021-05-15,62312,8931399,42972,4719077,18130,3921040,1210,291282,25750,1028419,0.126512,36348,4125713,0.507527,27194,5154132,0.634039,8129050
3,2021-05-16,33264,8964663,24860,4743937,7713,3928753,691,291973,13415,1022890,0.125831,19725,4145438,0.509954,14196,5168328,0.635785,8129050
3,2021-05-17,57091,9021754,36352,4780289,18897,3947650,1842,293815,21040,1010213,0.124272,35770,4181208,0.514354,23093,5191421,0.638626,8129050
3,2021-05-18,64634,9086388,38158,4818447,24607,3972257,1869,295684,24284,996702,0.12261,40062,4221270,0.519282,26551,5217972,0.641892,8129050
3,2021-05-19,63982,9150370,38886,4857333,23346,3995603,1750,297434,24751,984512,0.12111,38968,4260238,0.524076,26778,5244750,0.645186,8129050
3,2021-05-20,61843,9212213,36186,4893519,23807,4019410,1850,299284,22217,969585,0.119274,39330,4299568,0.528914,24403,5269153,0.648188,8129050
3,2021-05-21,66007,9278220,40097,4933616,23809,4043219,2101,301385,23595,953495,0.117295,42087,4341655,0.534091,25997,5295150,0.651386,8129050
3,2021-05-22,45681,9323901,30264,4963880,13944,4057163,1473,302858,19025,947808,0.116595,26441,4368096,0.537344,20754,5315904,0.653939,8129050
3,2021-05-23,21739,9345640,15040,4978920,6046,4063209,653,303511,9188,945297,0.116286,12462,4380558,0.538877,9951,5325855,0.655163,8129050
3,2021-05-24,39507,9385147,23098,5002018,14652,4077861,1757,305268,14632,937217,0.115292,24674,4405232,0.541912,16594,5342449,0.657205,8129050
3,2021-05-25,42713,9427860,24017,5026035,17017,4094878,1679,306947,15144,926969,0.114032,27296,4432528,0.54527,17048,5359497,0.659302,8129050
3,2021-05-26,42409,9470269,24270,5050305,16421,4111299,1718,308665,15866,918442,0.112983,26245,4458773,0.548499,17718,5377215,0.661481,8129050
3,2021-05-27,39353,9509622,22065,5072370,15539,4126838,1749,310414,15424,912096,0.112202,23764,4482537,0.551422,17418,5394633,0.663624,8129050
3,2021-05-28,42774,9552396,24163,5096533,16818,4143656,1793,312207,17774,907190,0.111599,24797,4507334,0.554472,19891,5414524,0.666071,8129050
3,2021-05-29,23461,9575857,14333,5110866,8290,4151946,838,313045,10979,906786,0.111549,12347,4519681,0.555991,11943,5426467,0.66754,8129050
3,2021-05-30,10616,9586473,6883,5117749,3096,4155042,637,313682,4456,905841,0.111433,6080,4525761,0.556739,5135,5431602,0.668172,8129050
3,2021-05-31,4651,9591124,2682,5120431,1704,4156746,265,313947,1459,904443,0.111261,3151,4528912,0.557127,1753,5433355,0.668387,8129050
3,2021-06-01,37700,9628824,21693,5142124,14569,4171315,1438,315385,13166,894945,0.110092,24296,4553208,0.560116,14798,5448153,0.670208,8129050
3,2021-06-02,31485,9660309,18085,5160209,11989,4183304,1411,316796,11644,888507,0.1093,19632,4572840,0.562531,13194,5461347,0.671831,8129050
3,2021-06-03,39602,9699911,27083,5187292,11083,4194387,1436,318232,11419,873582,0.107464,28005,4600845,0.565976,13080,5474427,0.67344,8129050
3,2021-06-04,46162,9746073,32647,5219939,11967,4206354,1548,319780,13109,855841,0.105282,32808,4633653,0.570012,15067,5489494,0.675293,8129050
3,2021-06-05,34324,9780397,25870,5245809,7267,4213621,1187,320967,8695,840494,0.103394,25420,4659073,0.573139,10073,5499567,0.676533,8129050
3,2021-06-06,14639,9795036,12216,5258025,1841,4215462,582,321549,3710,834082,0.102605,10867,4669940,0.574475,4455,5504022,0.677081,8129050
3,2021-06-07,30393,9825429,22091,5280116,7019,4222481,1283,322832,8705,822651,0.101199,21539,4691479,0.577125,10108,5514130,0.678324,8129050
3,2021-06-08,34312,9859741,24637,5304753,8385,4230866,1290,324122,9926,809915,0.099632,24176,4715655,0.580099,11440,5525570,0.679731,8129050
3,2021-06-09,32976,9892717,23919,5328672,7755,4238621,1302,325424,8851,796286,0.097956,23946,4739601,0.583045,10317,5535887,0.681,8129050
3,2021-06-10,32470,9925187,23411,5352083,7531,4246152,1528,326952,8940,783576,0.096392,23374,4762975,0.58592,10664,5546551,0.682312,8129050
3,2021-06-11,35557,9960744,25139,5377222,9049,4255201,1369,328321,10571,770902,0.094833,24787,4787762,0.588969,12113,5558664,0.683802,8129050
3,2021-06-12,25143,9985887,18938,5396160,5311,4260512,894,329215,6688,760299,0.093529,18336,4806098,0.591225,7733,5566397,0.684754,8129050
3,2021-06-13,10133,9996020,7581,5403741,2063,4262575,489,329704,2365,755509,0.092939,7715,4813813,0.592174,2925,5569322,0.685114,8129050
3,2021-06-14,25795,10021815,18481,5422222,5890,4268465,1424,331128,8081,747571,0.091963,17581,4831394,0.594337,9643,5578965,0.6863,8129050
3,2021-06-15,28727,10050542,19432,5441654,7790,4276255,1505,332633,9650,740047,0.091037,18848,4850242,0.596655,11324,5590289,0.687693,8129050
3,2021-06-16,25868,10076410,18364,5460018,6090,4282345,1414,334047,8722,733375,0.090217,16961,4867203,0.598742,10289,5600578,0.688958,8129050
3,2021-06-17,24846,10101256,17792,5477810,5765,4288110,1289,335336,8614,727334,0.089473,16080,4883283,0.60072,10039,5610617,0.690193,8129050
3,2021-06-18,27997,10129253,19764,5497574,6660,4294770,1573,336909,9803,720919,0.088684,17960,4901243,0.602929,11545,5622162,0.691614,8129050
3,2021-06-19,16010,10145263,11760,5509334,3391,4298161,859,337768,5724,717454,0.088258,10158,4911401,0.604179,6693,5628855,0.692437,8129050
3,2021-06-20,6861,10152124,5145,5514479,1417,4299578,299,338067,2600,716198,0.088104,4207,4915608,0.604696,2951,5631806,0.6928,8129050
3,2021-06-21,16221,10168345,10231,5524710,4593,4304171,1397,339464,8088,717760,0.088296,8042,4923650,0.605686,9604,5641410,0.693981,8129050
3,2021-06-22,22076,10190421,15475,5540185,5304,4309475,1297,340761,8262,713780,0.087806,13693,4937343,0.60737,9713,5651123,0.695176,8129050
3,2021-06-23,20250,10210671,14182,5554367,4735,4314210,1333,342094,8027,711168,0.087485,12109,4949452,0.60886,9497,5660620,0.696345,8129050
3,2021-06-24,19958,10230629,13887,5568254,4619,4318829,1452,343546,7791,708527,0.08716,11995,4961447,0.610335,9354,5669974,0.697495,8129050
3,2021-06-25,23272,10253901,16505,5584759,5343,4324172,1424,344970,9092,705126,0.086742,14048,4975495,0.612064,10647,5680621,0.698805,8129050
3,2021-06-26,13873,10267774,10289,5595048,2812,4326984,772,345742,5790,703835,0.086583,8012,4983507,0.613049,6721,5687342,0.699632,8129050
3,2021-06-27,6691,10274465,5172,5600220,1210,4328194,309,346051,2861,703245,0.08651,3793,4987300,0.613516,3203,5690545,0.700026,8129050
3,2021-06-28,15865,10290330,12185,5612405,2601,4330795,1079,347130,6684,702041,0.086362,9069,4996369,0.614631,7865,5698410,0.700993,8129050
3,2021-06-29,17946,10308276,12645,5625050,4307,4335102,994,348124,7344,700032,0.086115,10479,5006848,0.61592,8470,5706880,0.702035,8129050
3,2021-06-30,16961,10325237,11998,5637048,3922,4339024,1041,349165,7296,698988,0.085986,9529,5016377,0.617093,8485,5715365,0.703079,8129050
3,2021-07-01,16171,10341408,11519,5648567,3591,4342615,1061,350226,6800,697681,0.085826,9272,5025649,0.618233,7965,5723330,0.704059,8129050
3,2021-07-02,18369,10359777,13076,5661643,4192,4346807,1101,351327,7826,696275,0.085653,10432,5036081,0.619517,9026,5732356,0.705169,8129050
3,2021-07-03,10006,10369783,7230,5668873,2345,4349152,431,351758,4290,695445,0.085551,5652,5041733,0.620212,4822,5737178,0.705762,8129050
3,2021-07-04,708,10370491,412,5669285,209,4349361,87,351845,272,695391,0.085544,429,5042162,0.620265,375,5737553,0.705809,8129050
3,2021-07-05,9493,10379984,6939,5676224,2131,4351492,423,352268,4294,695036,0.0855,5133,5047295,0.620896,4778,5742331,0.706396,8129050
3,2021-07-06,18936,10398920,13720,5689944,4100,4355592,1116,353384,6861,691204,0.085029,11931,5059226,0.622364,8099,5750430,0.707393,8129050
3,2021-07-07,15584,10414504,11047,5700991,3432,4359024,1105,354489,6290,689513,0.084821,9192,5068418,0.623495,7501,5757931,0.708315,8129050
3,2021-07-08,15230,10429734,10989,5711980,3246,4362270,995,355484,6186,687840,0.084615,8941,5077359,0.624594,7268,5765199,0.709209,8129050
3,2021-07-09,17468,10447202,12181,5724161,4075,4366345,1212,356696,7206,686224,0.084416,10146,5087505,0.625843,8530,5773729,0.710259,8129050
3,2021-07-10,10758,10457960,7911,5732072,2184,4368529,663,357359,4568,685420,0.084317,6123,5093628,0.626596,5319,5779048,0.710913,8129050
3,2021-07-11,5087,10463047,3764,5735836,1047,4369576,276,357635,2293,685262,0.084298,2747,5096375,0.626934,2589,5781637,0.711232,8129050
3,2021-07-12,14289,10477336,10414,5746250,2874,4372450,1001,358636,5701,683523,0.084084,8510,5104885,0.627981,6771,5788408,0.712065,8129050
3,2021-07-13,15030,10492366,10616,5756866,3507,4375957,907,359543,6577,682732,0.083987,8354,5113239,0.629008,7563,5795971,0.712995,8129050
3,2021-07-14,14300,10506666,10138,5767004,3239,4379196,923,360466,6355,682229,0.083925,7846,5121085,0.629973,7343,5803314,0.713898,8129050
3,2021-07-15,14565,10521231,10519,5777523,3212,4382408,834,361300,6669,682002,0.083897,7802,5128887,0.630933,7575,5810889,0.71483,8129050
3,2021-07-16,17585,10538816,12641,5790164,4058,4386466,886,362186,8387,682255,0.083928,9091,5137978,0.632051,9344,5820233,0.715979,8129050
3,2021-07-17,11148,10549964,8163,5798327,2453,4388919,532,362718,5293,682361,0.083941,5786,5143764,0.632763,5892,5826125,0.716704,8129050
3,2021-07-18,5705,10555669,4304,5802631,1150,4390069,251,362969,2798,682570,0.083967,2866,5146630,0.633116,3075,5829200,0.717083,8129050
3,2021-07-19,14788,10570457,10797,5813428,3113,4393182,878,363847,7251,683335,0.084061,7438,5154068,0.634031,8203,5837403,0.718092,8129050
3,2021-07-20,16367,10586824,11382,5824810,4084,4397266,901,364748,8413,684887,0.084252,7843,5161911,0.634996,9395,5846798,0.719247,8129050
3,2021-07-21,15839,10602663,11207,5836017,3768,4401034,864,365612,7966,686046,0.084394,7747,5169658,0.635949,8906,5855704,0.720343,8129050
3,2021-07-22,16179,10618842,11436,5847453,3791,4404825,952,366564,8395,687791,0.084609,7666,5177324,0.636892,9411,5865115,0.721501,8129050
3,2021-07-23,19061,10637903,13579,5861032,4481,4409306,1001,367565,10234,690423,0.084933,8685,5186009,0.63796,11317,5876432,0.722893,8129050
3,2021-07-24,11478,10649381,8263,5869295,2639,4411945,576,368141,6335,692305,0.085164,5065,5191074,0.638583,6947,5883379,0.723747,8129050
3,2021-07-25,5556,10654937,4166,5873461,1182,4413127,208,368349,4018,695089,0.085507,1493,5192567,0.638767,4277,5887656,0.724274,8129050
3,2021-07-26,15297,10670234,10642,5884103,3702,4416829,953,369302,9235,699391,0.086036,5954,5198521,0.639499,10256,5897912,0.725535,8129050
3,2021-07-27,17269,10687503,12225,5896328,4080,4420909,964,370266,9906,703099,0.086492,7237,5205758,0.640389,10945,5908857,0.726882,8129050
3,2021-07-28,16871,10704374,12103,5908431,3742,4424651,1026,371292,9749,706939,0.086965,6981,5212739,0.641248,10821,5919678,0.728213,8129050
3,2021-07-29,16581,10720955,11944,5920375,3630,4428281,1007,372299,9753,711118,0.087479,6652,5219391,0.642067,10831,5930509,0.729545,8129050
3,2021-07-30,19298,10740253,13650,5934025,4593,4432874,1055,373354,11213,715592,0.088029,7886,5227277,0.643037,12360,5942869,0.731066,8129050
3,2021-07-31,11942,10752195,8666,5942691,2659,4435533,617,373971,6959,718383,0.088372,4852,5232129,0.643634,7643,5950512,0.732006,8129050
3,2021-08-01,6411,10758606,4881,5947572,1273,4436806,257,374228,4156,720632,0.088649,2198,5234327,0.643904,4447,5954959,0.732553,8129050
3,2021-08-02,16387,10774993,11961,5959533,3541,4440347,885,375113,10214,725743,0.089278,6054,5240381,0.644649,11165,5966124,0.733926,8129050
3,2021-08-03,17977,10792970,12975,5972508,3937,4444284,1065,376178,10726,730508,0.089864,7080,5247461,0.64552,11845,5977969,0.735383,8129050
3,2021-08-04,16696,10809666,12013,5984521,3727,4448011,956,377134,9990,734944,0.09041,6557,5254018,0.646326,10993,5988962,0.736736,8129050
3,2021-08-05,11730,10821396,8258,5992779,2508,4450519,964,378098,6960,738254,0.090817,4668,5258686,0.6469,7978,5996940,0.737717,8129050
4,2020-12-15,455,455,455,455,0,0,0,0,455,455,5.7e-05,0,0,0.0,455,455,5.7e-05,8037679
4,2020-12-16,3059,3514,3059,3514,0,0,0,0,3059,3514,0.000437,0,0,0.0,3059,3514,0.000437,8037679
4,2020-12-17,8983,12497,8983,12497,0,0,0,0,8983,12497,0.001555,0,0,0.0,8983,12497,0.001555,8037679
4,2020-12-18,16231,28728,16219,28716,12,12,0,0,16231,28728,0.003574,0,0,0.0,16231,28728,0.003574,8037679
4,2020-12-19,10398,39126,10389,39105,9,21,0,0,10334,39062,0.00486,0,0,0.0,10334,39062,0.00486,8037679
4,2020-12-20,7439,46565,7431,46536,8,29,0,0,7394,46456,0.00578,0,0,0.0,7394,46456,0.00578,8037679
4,2020-12-21,16432,62997,16405,62941,27,56,0,0,16365,62820,0.007816,1,1,0.0,16365,62821,0.007816,8037679
4,2020-12-22,17225,80222,16474,79415,751,807,0,0,17180,79996,0.009953,4,5,1e-06,17180,80001,0.009953,8037679
4,2020-12-23,17160,97382,14421,93836,2739,3546,0,0,17139,97132,0.012085,3,8,1e-06,17139,97140,0.012086,8037679
4,2020-12-24,8574,105956,5976,99812,2598,6144,0,0,8573,105705,0.013151,0,8,1e-06,8573,105713,0.013152,8037679
4,2020-12-25,906,106862,801,100613,105,6249,0,0,906,106611,0.013264,0,8,1e-06,906,106619,0.013265,8037679
4,2020-12-26,6181,113043,3898,104511,2283,8532,0,0,6181,112792,0.014033,0,8,1e-06,6181,112800,0.014034,8037679
4,2020-12-27,3429,116472,1993,106504,1436,9968,0,0,3429,116221,0.01446,0,8,1e-06,3429,116229,0.014461,8037679
4,2020-12-28,15191,131663,9389,115893,5802,15770,0,0,15163,131381,0.016346,3,11,1e-06,15163,131392,0.016347,8037679
4,2020-12-29,15444,147107,8544,124437,6900,22670,0,0,15411,146791,0.018263,1,12,1e-06,15411,146803,0.018264,8037679
4,2020-12-30,19029,166136,11102,135539,7927,30597,0,0,19018,165807,0.020629,2,14,2e-06,19018,165821,0.02063,8037679
4,2020-12-31,8325,174461,3370,138909,4955,35552,0,0,8312,174110,0.021662,9,23,3e-06,8312,174133,0.021665,8037679
4,2021-01-01,1676,176137,758,139667,918,36470,0,0,1672,175779,0.021869,3,26,3e-06,1672,175805,0.021873,8037679
4,2021-01-02,5743,181880,3243,142910,2500,38970,0,0,5741,181519,0.022584,1,27,3e-06,5741,181546,0.022587,8037679
4,2021-01-03,2152,184032,1272,144182,880,39850,0,0,2138,183654,0.022849,3,30,4e-06,2138,183684,0.022853,8037679
4,2021-01-04,13021,197053,7048,151230,5973,45823,0,0,12973,196599,0.02446,28,58,7e-06,12973,196657,0.024467,8037679
4,2021-01-05,17007,214060,10076,161306,6931,52754,0,0,14787,209209,0.026029,2191,2249,0.00028,14801,211458,0.026308,8037679
4,2021-01-06,21722,235782,13316,174622,8406,61160,0,0,15589,218729,0.027213,6084,8333,0.001037,15604,227062,0.02825,8037679
4,2021-01-07,28070,263852,17115,191737,10955,72115,0,0,16751,224244,0.027899,11258,19591,0.002437,16773,243835,0.030336,8037679
4,2021-01-08,33036,296888,21205,212942,11831,83946,0,0,18407,228109,0.02838,14563,34154,0.004249,18428,262263,0.032629,8037679
4,2021-01-09,16354,313242,9677,222619,6677,90623,0,0,9498,230773,0.028711,6846,41000,0.005101,9510,271773,0.033812,8037679
4,2021-01-10,8807,322049,5690,228309,3117,93740,0,0,4179,230343,0.028658,4617,45617,0.005675,4187,275960,0.034333,8037679
4,2021-01-11,33660,355709,22109,250418,11551,105291,0,0,18950,234659,0.029195,14682,60299,0.007502,18998,294958,0.036697,8037679
4,2021-01-12,38722,394431,22337,272755,16385,121676,0,0,24370,244774,0.030453,14297,74596,0.009281,24412,319370,0.039734,8037679
4,2021-01-13,39059,433490,19346,292101,19713,141389,0,0,27640,261064,0.03248,11377,85973,0.010696,27667,347037,0.043176,8037679
4,2021-01-14,39612,473102,15253,307354,24359,165748,0,0,32365,286248,0.035613,7210,93183,0.011593,32394,379431,0.047207,8037679
4,2021-01-15,45640,518742,15951,323305,29689,195437,0,0,40032,320766,0.039908,5540,98723,0.012283,40058,419489,0.05219,8037679
4,2021-01-16,28879,547621,9421,332726,19458,214895,0,0,25748,343433,0.042728,3099,101822,0.012668,25766,445255,0.055396,8037679
4,2021-01-17,19189,566810,6757,339483,12432,227327,0,0,17654,359588,0.044738,1513,103335,0.012856,17668,462923,0.057594,8037679
4,2021-01-18,29578,596388,13693,353176,15885,243212,0,0,23575,377254,0.046936,5935,109270,0.013595,23601,486524,0.06053,8037679
4,2021-01-19,46326,642714,23155,376331,23171,266383,0,0,36901,404852,0.050369,9377,118647,0.014761,36975,523499,0.065131,8037679
4,2021-01-20,52865,695579,28293,404624,24572,290955,0,0,42254,436656,0.054326,10513,129160,0.016069,42317,565816,0.070395,8037679
4,2021-01-21,58103,753682,26171,430795,31932,322887,0,0,51291,481267,0.059876,6728,135888,0.016906,51339,617155,0.076783,8037679
4,2021-01-22,55651,809333,22356,453151,33295,356182,0,0,50452,526616,0.065518,5130,141018,0.017545,50479,667634,0.083063,8037679
4,2021-01-23,39814,849147,17470,470621,22344,378526,0,0,35449,557739,0.069391,4356,145374,0.018087,35479,703113,0.087477,8037679
4,2021-01-24,24088,873235,10526,481147,13562,392088,0,0,22178,578036,0.071916,1901,147275,0.018323,22198,725311,0.090239,8037679
4,2021-01-25,48252,921487,22326,503473,25926,418014,0,0,37030,603935,0.075138,11190,158465,0.019715,37089,762400,0.094853,8037679
4,2021-01-26,57259,978746,29211,532684,28048,446062,0,0,44894,636563,0.079197,12328,170793,0.021249,44956,807356,0.100446,8037679
4,2021-01-27,56574,1035320,26923,559607,29651,475713,0,0,45429,670982,0.08348,11064,181857,0.022626,45483,852839,0.106105,8037679
4,2021-01-28,57047,1092367,25781,585388,31266,506979,0,0,46944,707969,0.088081,10004,191861,0.02387,46991,899830,0.111951,8037679
4,2021-01-29,56973,1149340,27324,612712,29649,536628,0,0,46426,744087,0.092575,10344,202205,0.025157,46462,946292,0.117732,8037679
4,2021-01-30,38277,1187617,17301,630013,20976,557604,0,0,32871,771639,0.096003,5349,207554,0.025823,32901,979193,0.121825,8037679
4,2021-01-31,24117,1211734,12718,642731,11399,569003,0,0,22399,792358,0.09858,1697,209251,0.026034,22416,1001609,0.124614,8037679
4,2021-02-01,49968,1261702,24078,666809,25890,594893,0,0,38219,818931,0.101887,11692,220943,0.027488,38265,1039874,0.129375,8037679
4,2021-02-02,55875,1317577,25682,692491,30193,625086,0,0,42861,848911,0.105616,12928,233871,0.029097,42908,1082782,0.134713,8037679
4,2021-02-03,62535,1380112,30706,723197,31829,656915,0,0,47924,882429,0.109787,14460,248331,0.030896,47978,1130760,0.140682,8037679
4,2021-02-04,67911,1448023,31498,754695,36413,693328,0,0,50970,916740,0.114055,16766,265097,0.032982,51077,1181837,0.147037,8037679
4,2021-02-05,73722,1521745,34159,788854,39563,732891,0,0,51155,945747,0.117664,22284,287381,0.035754,51291,1233128,0.153418,8037679
4,2021-02-06,49001,1570746,26356,815210,22645,755536,0,0,37321,971662,0.120888,11610,298991,0.037199,37525,1270653,0.158087,8037679
4,2021-02-07,26635,1597381,17608,832818,9027,764563,0,0,20108,985516,0.122612,6493,305484,0.038006,20347,1291000,0.160619,8037679
4,2021-02-08,59071,1656452,30407,863225,28664,793227,0,0,38343,1003539,0.124854,20587,326071,0.040568,38610,1329610,0.165422,8037679
4,2021-02-09,67722,1724174,34304,897529,33418,826645,0,0,39623,1015702,0.126368,27906,353977,0.04404,40069,1369679,0.170407,8037679
4,2021-02-10,77941,1802115,39014,936543,38927,865572,0,0,40921,1020403,0.126952,36765,390742,0.048614,41466,1411145,0.175566,8037679
4,2021-02-11,82184,1884299,42919,979462,39265,904837,0,0,41756,1022690,0.127237,40149,430891,0.053609,42436,1453581,0.180846,8037679
4,2021-02-12,85161,1969460,38193,1017655,46968,951805,0,0,43716,1026037,0.127653,41159,472050,0.05873,44506,1498087,0.186383,8037679
4,2021-02-13,59295,2028755,30043,1047698,29252,981057,0,0,30153,1028099,0.12791,28994,501044,0.062337,31056,1529143,0.190247,8037679
4,2021-02-14,37127,2065882,19312,1067010,17815,998872,0,0,18982,1029654,0.128103,18086,519130,0.064587,19641,1548784,0.19269,8037679
4,2021-02-15,46617,2112499,21886,1088896,24731,1023603,0,0,23846,1032004,0.128396,22681,541811,0.067409,25031,1573815,0.195805,8037679
4,2021-02-16,80932,2193431,37152,1126048,43780,1067383,0,0,41074,1034587,0.128717,39711,581522,0.072349,42294,1616109,0.201067,8037679
4,2021-02-17,82262,2275693,38904,1164952,43358,1110741,0,0,39049,1031769,0.128367,42995,624517,0.077699,40177,1656286,0.206065,8037679
4,2021-02-18,84188,2359881,46372,1211324,37816,1148557,0,0,38850,1026966,0.127769,45133,669650,0.083314,40330,1696616,0.211083,8037679
4,2021-02-19,83536,2443417,52666,1263990,30870,1179427,0,0,41653,1027615,0.12785,41698,711348,0.088502,42347,1738963,0.216351,8037679
4,2021-02-20,50015,2493432,33316,1297306,16699,1196126,0,0,27038,1032460,0.128453,22888,734236,0.091349,27733,1766696,0.219802,8037679
4,2021-02-21,30383,2523815,24125,1321431,6258,1202384,0,0,14654,1031760,0.128365,15640,749876,0.093295,14940,1781636,0.221661,8037679
4,2021-02-22,55696,2579511,38262,1359693,17434,1219818,0,0,26768,1030221,0.128174,28758,778634,0.096873,27219,1808855,0.225047,8037679
4,2021-02-23,77309,2656820,42887,1402580,34422,1254240,0,0,33877,1022560,0.127221,43215,821849,0.10225,35554,1844409,0.22947,8037679
4,2021-02-24,92543,2749363,48938,1451518,43605,1297845,0,0,41605,1015671,0.126364,50653,872502,0.108551,43764,1888173,0.234915,8037679
4,2021-02-25,104076,2853439,54447,1505965,49629,1347474,0,0,49579,1013554,0.1261,54256,926758,0.115302,52139,1940312,0.241402,8037679
4,2021-02-26,110207,2963646,55701,1561666,54506,1401980,0,0,56219,1018458,0.12671,53675,980433,0.12198,58579,1998891,0.24869,8037679
4,2021-02-27,80318,3043964,43734,1605400,36574,1438554,10,10,42783,1025433,0.127578,37306,1017739,0.126621,44281,2043172,0.254199,8037679
4,2021-02-28,49631,3093595,30659,1636059,18965,1457519,7,17,27315,1031532,0.128337,22110,1039849,0.129372,28209,2071381,0.257709,8037679
4,2021-03-01,81029,3174624,47463,1683522,33515,1491034,51,68,44590,1041276,0.129549,36092,1075941,0.133862,45836,2117217,0.263411,8037679
4,2021-03-02,89752,3264376,51480,1735002,38263,1529297,9,77,52517,1058559,0.1317,37031,1112972,0.138469,54314,2171531,0.270169,8037679
4,2021-03-03,103768,3368144,55157,1790159,48595,1577892,16,93,57781,1072378,0.133419,45751,1158723,0.144161,59570,2231101,0.27758,8037679
4,2021-03-04,102143,3470287,56868,1847027,45258,1623150,17,110,55610,1083499,0.134802,46280,1205003,0.149919,57401,2288502,0.284722,8037679
4,2021-03-05,98184,3568471,53033,1900060,44827,1667977,324,434,57465,1102740,0.137196,40487,1245490,0.154956,59728,2348230,0.292153,8037679
4,2021-03-06,77425,3645896,43631,1943691,31148,1699125,2646,3080,47356,1124136,0.139858,29925,1275415,0.15868,51321,2399551,0.298538,8037679
4,2021-03-07,44972,3690868,27606,1971297,15165,1714290,2201,5281,26162,1134847,0.141191,18721,1294136,0.161009,29432,2428983,0.3022,8037679
4,2021-03-08,68377,3759245,35731,2007028,29263,1743553,3383,8664,44833,1160952,0.144439,23404,1317540,0.16392,49509,2478492,0.308359,8037679
4,2021-03-09,82417,3841662,41598,2048626,35524,1779077,5295,13959,44369,1173807,0.146038,37852,1355392,0.16863,50707,2529199,0.314668,8037679
4,2021-03-10,92414,3934076,47702,2096328,37159,1816236,7553,21512,46416,1182856,0.147164,45781,1401173,0.174326,54830,2584029,0.321489,8037679
4,2021-03-11,101466,4035542,53173,2149501,39767,1856003,8526,30038,46736,1184670,0.14739,54452,1455625,0.1811,56266,2640295,0.32849,8037679
4,2021-03-12,105283,4140825,51871,2201372,43079,1899082,10333,40371,44953,1180751,0.146902,60026,1515651,0.188568,56107,2696402,0.33547,8037679
4,2021-03-13,82003,4222828,37974,2239346,35498,1934580,8531,48902,38726,1185911,0.147544,43124,1558775,0.193933,48284,2744686,0.341477,8037679
4,2021-03-14,50081,4272909,28521,2267867,17912,1952492,3648,52550,23378,1186910,0.147668,26598,1585373,0.197243,27597,2772283,0.344911,8037679
4,2021-03-15,84107,4357016,45246,2313113,34583,1987075,4278,56828,42604,1193373,0.148472,41220,1626593,0.202371,47683,2819966,0.350843,8037679
4,2021-03-16,108418,4465434,56384,2369497,48603,2035678,3431,60259,56903,1203126,0.149686,51241,1677834,0.208746,60994,2880960,0.358432,8037679
4,2021-03-17,107871,4573305,58094,2427591,46266,2081944,3511,63770,62868,1225305,0.152445,44711,1722545,0.214309,66890,2947850,0.366754,8037679
4,2021-03-18,107775,4681080,59805,2487396,44257,2126201,3713,67483,60772,1243481,0.154706,46709,1769254,0.22012,64885,3012735,0.374826,8037679
4,2021-03-19,112248,4793328,64569,2551965,42448,2168649,5231,72714,63529,1264166,0.15728,48421,1817675,0.226144,69106,3081841,0.383424,8037679
4,2021-03-20,84749,4878077,49628,2601593,32092,2200741,3029,75743,51639,1286188,0.16002,32930,1850605,0.230241,54952,3136793,0.390261,8037679
4,2021-03-21,48478,4926555,35129,2636722,11088,2211829,2261,78004,28220,1296898,0.161352,20112,1870717,0.232743,30822,3167615,0.394096,8037679
4,2021-03-22,83063,5009618,54271,2690993,26049,2237878,2743,80747,51184,1319914,0.164216,31602,1902319,0.236675,54618,3222233,0.400891,8037679
4,2021-03-23,105671,5115289,63285,2754278,40234,2278112,2152,82899,61939,1341098,0.166851,43439,1945758,0.24208,64623,3286856,0.408931,8037679
4,2021-03-24,114404,5229693,73786,2828064,38184,2316296,2434,85333,63612,1357243,0.16886,50334,1996092,0.248342,66479,3353335,0.417202,8037679
4,2021-03-25,117969,5347662,72557,2900621,42999,2359295,2413,87746,66181,1375019,0.171072,51284,2047376,0.254722,69060,3422395,0.425794,8037679
4,2021-03-26,120764,5468426,73201,2973822,44517,2403812,3046,90792,65151,1388571,0.172758,55218,2102594,0.261592,68770,3491165,0.43435,8037679
4,2021-03-27,92680,5561106,54599,3028421,36277,2440089,1804,92596,46708,1391848,0.173165,45705,2148299,0.267279,48982,3540147,0.440444,8037679
4,2021-03-28,56174,5617280,37104,3065525,18192,2458281,878,93474,29594,1396294,0.173719,26390,2174689,0.270562,30836,3570983,0.44428,8037679
4,2021-03-29,94370,5711650,56575,3122100,35701,2493982,2094,95568,50520,1405883,0.174912,43559,2218248,0.275981,53148,3624131,0.450893,8037679
4,2021-03-30,117947,5829597,64391,3186491,49382,2543364,4174,99742,69494,1431752,0.17813,48184,2266432,0.281976,74053,3698184,0.460106,8037679
4,2021-03-31,121759,5951356,71856,3258347,43575,2586939,6328,106070,67891,1452664,0.180732,53482,2319914,0.28863,74394,3772578,0.469362,8037679
4,2021-04-01,143260,6094616,81680,3340027,48254,2635193,13326,119396,83889,1490986,0.1855,58841,2378755,0.29595,97163,3869741,0.48145,8037679
4,2021-04-02,137375,6231991,73379,3413406,50354,2685547,13642,133038,78887,1525498,0.189793,58163,2436918,0.303187,92675,3962416,0.49298,8037679
4,2021-04-03,101594,6333585,54274,3467680,33821,2719368,13499,146537,52805,1543338,0.192013,48564,2485482,0.309229,66404,4028820,0.501242,8037679
4,2021-04-04,47008,6380593,24813,3492493,14655,2734023,7540,154077,20411,1544744,0.192188,26478,2511960,0.312523,27884,4056704,0.504711,8037679
4,2021-04-05,110138,6490731,61821,3554314,35426,2769449,12891,166968,57025,1562252,0.194366,52870,2564830,0.319101,70378,4127082,0.513467,8037679
4,2021-04-06,139476,6630207,78461,3632775,41144,2810593,19871,186839,72215,1587791,0.197543,66998,2631828,0.327436,92537,4219619,0.52498,8037679
4,2021-04-07,138177,6768384,78285,3711060,39090,2849683,20802,207641,71385,1613631,0.200758,66509,2698337,0.335711,92349,4311968,0.536469,8037679
4,2021-04-08,140701,6909085,78368,3789428,36756,2886439,25577,233218,69924,1639118,0.203929,70450,2768787,0.344476,95937,4407905,0.548405,8037679
4,2021-04-09,138362,7047447,75823,3865251,39385,2925824,23154,256372,65958,1656987,0.206152,72129,2840916,0.35345,89998,4497903,0.559602,8037679
4,2021-04-10,104187,7151634,51381,3916632,33858,2959682,18948,275320,46961,1666844,0.207379,56995,2897911,0.360541,66852,4564755,0.56792,8037679
4,2021-04-11,62883,7214517,38170,3954802,13499,2973181,11214,286534,27452,1671196,0.20792,35305,2933216,0.364933,39657,4604412,0.572853,8037679
4,2021-04-12,103288,7317805,62784,4017586,30261,3003442,10243,296777,52003,1683668,0.209472,50961,2984177,0.371273,63433,4667845,0.580745,8037679
4,2021-04-13,131029,7448834,82251,4099837,48609,3052051,169,296946,78336,1710663,0.21283,52375,3036552,0.37779,79370,4747215,0.59062,8037679
4,2021-04-14,136528,7585362,87140,4186977,49310,3101361,78,297024,75561,1726913,0.214852,60620,3097172,0.385332,76870,4824085,0.600184,8037679
4,2021-04-15,156591,7741953,104125,4291102,52395,3153756,71,297095,95809,1763195,0.219366,60369,3157541,0.392842,96651,4920736,0.612209,8037679
4,2021-04-16,144025,7885978,91287,4382389,52659,3206415,79,297174,83485,1787287,0.222364,60194,3217735,0.400331,84286,5005022,0.622695,8037679
4,2021-04-17,101742,7987720,63863,4446252,37854,3244269,25,297199,59496,1806012,0.224693,41946,3259681,0.40555,60671,5065693,0.630243,8037679
4,2021-04-18,56945,8044665,38460,4484712,18482,3262751,3,297202,31987,1814157,0.225707,24808,3284489,0.408636,32953,5098646,0.634343,8037679
4,2021-04-19,101522,8146187,66875,4551587,34629,3297380,18,297220,51455,1816426,0.225989,49808,3334297,0.414833,52077,5150723,0.640822,8037679
4,2021-04-20,131729,8277916,78398,4629985,53315,3350695,16,297236,68234,1822603,0.226757,63147,3397444,0.42269,69324,5220047,0.649447,8037679
4,2021-04-21,134925,8412841,88072,4718057,46796,3397491,57,297293,67850,1824984,0.227054,66640,3464084,0.430981,69021,5289068,0.658034,8037679
4,2021-04-22,141991,8554832,94219,4812276,47748,3445239,24,297317,63329,1811234,0.225343,78238,3542322,0.440715,64488,5353556,0.666057,8037679
4,2021-04-23,135453,8690285,88139,4900415,47290,3492529,24,297341,58716,1794813,0.2233,76356,3618678,0.450214,59935,5413491,0.673514,8037679
4,2021-04-24,99127,8789412,66910,4967325,32167,3524696,50,297391,45609,1788353,0.222496,53199,3671877,0.456833,46739,5460230,0.679329,8037679
4,2021-04-25,50477,8839889,35585,5002910,14865,3539561,27,297418,26353,1791219,0.222853,23968,3695845,0.459815,26834,5487064,0.682668,8037679
4,2021-04-26,92325,8932214,60561,5063471,31364,3570925,400,297818,36306,1773566,0.220656,55700,3751545,0.466745,38047,5525111,0.687401,8037679
4,2021-04-27,114163,9046377,69776,5133247,42067,3612992,2320,300138,41090,1745045,0.217108,72732,3824277,0.475794,44211,5569322,0.692902,8037679
4,2021-04-28,104682,9151059,68397,5201644,33747,3646739,2538,302676,38272,1720466,0.21405,66050,3890327,0.484011,41471,5610793,0.698061,8037679
4,2021-04-29,106043,9257102,67741,5269385,35767,3682506,2535,305211,34248,1686426,0.209815,71429,3961756,0.492898,37389,5648182,0.702713,8037679
4,2021-04-30,105778,9362880,67032,5336417,36037,3718543,2709,307920,36349,1657128,0.20617,69020,4030776,0.501485,39722,5687904,0.707655,8037679
4,2021-05-01,69668,9432548,46240,5382657,21647,3740190,1781,309701,20283,1630747,0.202888,49087,4079863,0.507592,22706,5710610,0.71048,8037679
4,2021-05-02,37740,9470288,26782,5409439,9664,3749854,1294,310995,10579,1615733,0.20102,27033,4106896,0.510955,12019,5722629,0.711975,8037679
4,2021-05-03,79432,9549720,55423,5464862,21516,3771370,2493,313488,19299,1578034,0.19633,59863,4166759,0.518403,22164,5744793,0.714733,8037679
4,2021-05-04,101666,9651386,69606,5534468,29289,3800659,2771,316259,22737,1525323,0.189772,78617,4245376,0.528184,25906,5770699,0.717956,8037679
4,2021-05-05,102553,9753939,72317,5606785,27491,3828150,2745,319004,21847,1469872,0.182873,80352,4325728,0.538181,24901,5795600,0.721054,8037679
4,2021-05-06,112341,9866280,84188,5690973,25203,3853353,2950,321954,19692,1401482,0.174364,92154,4417882,0.549646,23764,5819364,0.724011,8037679
4,2021-05-07,105196,9971476,75607,5766580,26902,3880255,2687,324641,20732,1341252,0.166871,84068,4501950,0.560106,23838,5843202,0.726976,8037679
4,2021-05-08,70093,10041569,48339,5814919,19821,3900076,1933,326574,13861,1301428,0.161916,55977,4557927,0.56707,16153,5859355,0.728986,8037679
4,2021-05-09,34424,10075993,28166,5843085,5310,3905386,948,327522,7511,1283178,0.159645,26800,4584727,0.570404,8550,5867905,0.73005,8037679
4,2021-05-10,65334,10141327,43747,5886832,19259,3924645,2328,329850,11051,1242821,0.154624,54051,4638778,0.577129,13694,5881599,0.731753,8037679
4,2021-05-11,83481,10224808,52238,5939070,29046,3953691,2197,332047,15870,1194091,0.148562,67345,4706123,0.585508,18615,5900214,0.734069,8037679
4,2021-05-12,79944,10304752,53138,5992208,24332,3978023,2474,334521,16633,1150654,0.143157,63000,4769123,0.593346,19563,5919777,0.736503,8037679
4,2021-05-13,104904,10409656,77211,6069419,26157,4004180,1536,336057,40634,1129957,0.140582,63930,4833053,0.6013,43233,5963010,0.741882,8037679
4,2021-05-14,105276,10514932,74340,6143759,28802,4032982,2134,338191,40544,1108781,0.137948,64394,4897447,0.609311,43218,6006228,0.747259,8037679
4,2021-05-15,85835,10600767,66360,6210119,18144,4051126,1331,339522,37867,1100567,0.136926,47718,4945165,0.615248,39504,6045732,0.752174,8037679
4,2021-05-16,51684,10652451,41643,6251762,9326,4060452,715,340237,21168,1092233,0.135889,30359,4975524,0.619025,22025,6067757,0.754914,8037679
4,2021-05-17,71333,10723784,52083,6303845,17407,4077859,1843,342080,28201,1079600,0.134317,42915,5018439,0.624364,30282,6098039,0.758682,8037679
4,2021-05-18,81901,10805685,53234,6357079,26913,4104772,1754,343834,29253,1058693,0.131716,52282,5070721,0.630869,31375,6129414,0.762585,8037679
4,2021-05-19,76924,10882609,52007,6409086,22972,4127744,1945,345779,30899,1046112,0.130151,45715,5116436,0.636556,33134,6162548,0.766707,8037679
4,2021-05-20,69208,10951817,44496,6453582,22707,4150451,2005,347784,25650,1030855,0.128253,43261,5159697,0.641939,28004,6190552,0.770191,8037679
4,2021-05-21,73754,11025571,48642,6502224,23248,4173699,1864,349648,26026,1011596,0.125857,47419,5207116,0.647838,28160,6218712,0.773695,8037679
4,2021-05-22,49863,11075434,34943,6537167,13645,4187344,1275,350923,21666,1006746,0.125253,28026,5235142,0.651325,23176,6241888,0.776578,8037679
4,2021-05-23,23989,11099423,17117,6554284,6148,4193492,724,351647,9763,1003241,0.124817,14102,5249244,0.65308,10597,6252485,0.777897,8037679
4,2021-05-24,43073,11142496,27393,6581677,12678,4206170,3002,354649,15056,993710,0.123631,27788,5277032,0.656537,18257,6270742,0.780168,8037679
4,2021-05-25,44900,11187396,27890,6609567,14184,4220354,2826,357475,15861,983839,0.122403,28787,5305819,0.660118,18916,6289658,0.782522,8037679
4,2021-05-26,44620,11232016,26729,6636296,15288,4235642,2603,360078,15832,973888,0.121165,28559,5334378,0.663671,18608,6308266,0.784837,8037679
4,2021-05-27,38909,11270925,23331,6659627,12441,4248083,3137,363215,14645,967785,0.120406,24055,5358433,0.666664,17952,6326218,0.78707,8037679
4,2021-05-28,43292,11314217,27564,6687191,14124,4262207,1604,364819,18851,964299,0.119972,24167,5382600,0.669671,20681,6346899,0.789643,8037679
4,2021-05-29,23701,11337918,15374,6702565,7394,4269601,933,365752,10888,963590,0.119884,12663,5395263,0.671246,11954,6358853,0.79113,8037679
4,2021-05-30,12109,11350027,8508,6711073,3073,4272674,528,366280,5026,962202,0.119711,7013,5402276,0.672119,5625,6364478,0.79183,8037679
4,2021-05-31,3588,11353615,2282,6713355,1144,4273818,162,366442,1144,961138,0.119579,2389,5404665,0.672416,1325,6365803,0.791995,8037679
4,2021-06-01,39461,11393076,24528,6737883,12492,4286310,2441,368883,13020,950598,0.118268,26215,5430880,0.675678,15675,6381478,0.793945,8037679
4,2021-06-02,32631,11425707,20381,6758264,9453,4295763,2797,371680,10881,942866,0.117306,21560,5452440,0.67836,13828,6395306,0.795666,8037679
4,2021-06-03,48063,11473770,36868,6795132,8740,4304503,2455,374135,10336,918414,0.114264,37553,5489993,0.683032,13101,6408407,0.797296,8037679
4,2021-06-04,54809,11528579,44121,6839253,9361,4313864,1327,375462,12705,891394,0.110902,41865,5531858,0.688241,14845,6423252,0.799143,8037679
4,2021-06-05,44813,11573392,38370,6877623,5447,4319311,996,376458,8717,865466,0.107676,35938,5567796,0.692712,10010,6433262,0.800388,8037679
4,2021-06-06,21239,11594631,18949,6896572,1726,4321037,564,377022,3936,853167,0.106146,17196,5584992,0.694851,4897,6438159,0.800997,8037679
4,2021-06-07,38717,11633348,31333,6927905,5464,4326501,1920,378942,8408,833615,0.103713,30168,5615160,0.698605,10616,6448775,0.802318,8037679
4,2021-06-08,40598,11673946,31841,6959746,6212,4332713,2545,381487,9417,814932,0.101389,30988,5646148,0.70246,12305,6461080,0.803849,8037679
4,2021-06-09,38947,11712893,30877,6990623,5709,4338422,2361,383848,7919,794709,0.098873,30858,5677006,0.706299,10635,6471715,0.805172,8037679
4,2021-06-10,37142,11750035,29258,7019881,5259,4343681,2625,386473,8397,777414,0.096721,28582,5705588,0.709855,11287,6483002,0.806576,8037679
4,2021-06-11,38287,11788322,30040,7049921,6234,4349915,2013,388486,9864,761379,0.094726,28264,5733852,0.713372,12229,6495231,0.808098,8037679
4,2021-06-12,26552,11814874,22086,7072007,3752,4353667,714,389200,6033,747935,0.093054,20413,5754265,0.715911,6969,6502200,0.808965,8037679
4,2021-06-13,10841,11825715,8566,7080573,1799,4355466,476,389676,2278,742300,0.092353,8496,5762761,0.716968,2861,6505061,0.809321,8037679
4,2021-06-14,28586,11854301,21383,7101956,4395,4359861,2808,392484,7800,732481,0.091131,20646,5783407,0.719537,10827,6515888,0.810668,8037679
4,2021-06-15,29943,11884244,21164,7123120,5376,4365237,3403,395887,8277,722916,0.089941,21502,5804909,0.722212,11937,6527825,0.812153,8037679
4,2021-06-16,26579,11910823,20031,7143151,3924,4369161,2624,398511,8007,715359,0.089001,18393,5823302,0.7245,10836,6538661,0.813501,8037679
4,2021-06-17,25142,11935965,18562,7161713,3685,4372846,2895,401406,7609,708707,0.088173,17345,5840647,0.726658,10693,6549354,0.814831,8037679
4,2021-06-18,26766,11962731,21110,7182823,4423,4377269,1233,402639,8256,700142,0.087107,18305,5858952,0.728936,9740,6559094,0.816043,8037679
4,2021-06-19,15747,11978478,12737,7195560,2309,4379578,701,403340,5056,695529,0.086534,10543,5869495,0.730248,5930,6565024,0.816781,8037679
4,2021-06-20,7363,11985841,6066,7201626,991,4380569,306,403646,2618,693850,0.086325,4687,5874182,0.730831,3008,6568032,0.817155,8037679
4,2021-06-21,14581,12000422,10540,7212166,2902,4383471,1139,404785,7336,695331,0.086509,7158,5881340,0.731721,8639,6576671,0.81823,8037679
4,2021-06-22,20505,12020927,15977,7228143,3454,4386925,1074,405859,7115,690411,0.085897,13263,5894603,0.733371,8343,6585014,0.819268,8037679
4,2021-06-23,18399,12039326,14436,7242579,2972,4389897,991,406850,6707,686679,0.085432,11552,5906155,0.734809,7820,6592834,0.820241,8037679
4,2021-06-24,17577,12056903,13590,7256169,2999,4392896,988,407838,6552,683491,0.085036,10869,5917024,0.736161,7681,6600515,0.821197,8037679
4,2021-06-25,21548,12078451,16931,7273100,3570,4396466,1047,408885,7804,678906,0.084465,13604,5930628,0.737853,9019,6609534,0.822319,8037679
4,2021-06-26,13028,12091479,10599,7283699,1812,4398278,617,409502,4792,676293,0.08414,8132,5938760,0.738865,5519,6615053,0.823005,8037679
4,2021-06-27,6841,12098320,5540,7289239,958,4399236,343,409845,2878,675647,0.08406,3922,5942682,0.739353,3276,6618329,0.823413,8037679
4,2021-06-28,15044,12113364,12629,7301868,1561,4400797,854,410699,6036,673739,0.083823,8923,5951605,0.740463,7015,6625344,0.824286,8037679
4,2021-06-29,16454,12129818,12769,7314637,2880,4403677,805,411504,6356,671038,0.083487,9986,5961591,0.741706,7285,6632629,0.825192,8037679
4,2021-06-30,14530,12144348,11323,7325960,2470,4406147,737,412241,6030,669532,0.083299,8391,5969982,0.742749,6885,6639514,0.826049,8037679
4,2021-07-01,14431,12158779,11386,7337346,2303,4408450,742,412983,5909,667915,0.083098,8408,5978390,0.743796,6791,6646305,0.826894,8037679
4,2021-07-02,16752,12175531,13299,7350645,2692,4411142,761,413744,6850,665851,0.082841,9803,5988193,0.745015,7739,6654044,0.827856,8037679
4,2021-07-03,9153,12184684,7266,7357911,1478,4412620,409,414153,3967,665170,0.082756,5115,5993308,0.745652,4434,6658478,0.828408,8037679
4,2021-07-04,433,12185117,268,7358179,106,4412726,59,414212,191,665194,0.082759,237,5993545,0.745681,261,6658739,0.828441,8037679
4,2021-07-05,9191,12194308,7477,7365656,1299,4414025,415,414627,4173,664890,0.082722,4941,5998486,0.746296,4637,6663376,0.829017,8037679
4,2021-07-06,16446,12210754,12961,7378617,2685,4416710,800,415427,6061,661595,0.082312,10268,6008754,0.747573,6973,6670349,0.829885,8037679
4,2021-07-07,13690,12224444,10681,7389298,2231,4418941,778,416205,5167,659230,0.082017,8431,6017185,0.748622,6066,6676415,0.83064,8037679
4,2021-07-08,13194,12237638,10318,7399616,2046,4420987,830,417035,5163,657398,0.08179,7916,6025101,0.749607,6084,6682499,0.831397,8037679
4,2021-07-09,15369,12253007,11802,7411418,2631,4423618,936,417971,6248,655718,0.081581,8980,6034081,0.750724,7300,6689799,0.832305,8037679
4,2021-07-10,8813,12261820,6971,7418389,1444,4425062,398,418369,3707,654863,0.081474,5021,6039102,0.751349,4166,6693965,0.832823,8037679
4,2021-07-11,4968,12266788,3978,7422367,789,4425851,201,418570,2226,654619,0.081444,2701,6041803,0.751685,2457,6696422,0.833129,8037679
4,2021-07-12,13019,12279807,10322,7432689,1981,4427832,716,419286,5056,652609,0.081194,7884,6049687,0.752666,5874,6702296,0.83386,8037679
4,2021-07-13,12762,12292569,9776,7442465,2356,4430188,630,419916,5438,651556,0.081063,7216,6056903,0.753564,6163,6708459,0.834626,8037679
4,2021-07-14,11660,12304229,9181,7451646,1930,4432118,549,420465,5049,650702,0.080956,6524,6063427,0.754375,5670,6714129,0.835332,8037679
4,2021-07-15,12382,12316611,9833,7461479,1964,4434082,585,421050,5649,650402,0.080919,6608,6070035,0.755197,6308,6720437,0.836117,8037679
4,2021-07-16,14902,12331513,11616,7473095,2618,4436700,668,421718,6863,650105,0.080882,7936,6077971,0.756185,7639,6728076,0.837067,8037679
4,2021-07-17,9292,12340805,7339,7480434,1631,4438331,322,422040,4385,650046,0.080875,4808,6082779,0.756783,4749,6732825,0.837658,8037679
4,2021-07-18,5350,12346155,4307,7484741,843,4439174,200,422240,2527,650033,0.080873,2763,6085542,0.757127,2750,6735575,0.838,8037679
4,2021-07-19,12755,12358910,10117,7494858,1987,4441161,651,422891,6042,650184,0.080892,6622,6092164,0.757951,6773,6742348,0.838843,8037679
4,2021-07-20,13677,12372587,10546,7505404,2470,4443631,661,423552,6734,650863,0.080976,6798,6098962,0.758796,7477,6749825,0.839773,8037679
4,2021-07-21,12758,12385345,9898,7515302,2219,4445850,641,424193,6344,651627,0.081072,6279,6105241,0.759578,7043,6756868,0.840649,8037679
4,2021-07-22,13405,12398750,10466,7525768,2290,4448140,649,424842,6978,653018,0.081245,6296,6111537,0.760361,7687,6764555,0.841606,8037679
4,2021-07-23,15613,12414363,12049,7537817,2877,4451017,687,425529,8184,654715,0.081456,7261,6118798,0.761264,8958,6773513,0.84272,8037679
4,2021-07-24,9543,12423906,7473,7545290,1743,4452760,327,425856,4901,655491,0.081552,4503,6123301,0.761825,5279,6778792,0.843377,8037679
4,2021-07-25,4742,12428648,3737,7549027,852,4453612,153,426009,3348,657668,0.081823,1339,6124640,0.761991,3516,6782308,0.843814,8037679
4,2021-07-26,12864,12441512,10097,7559124,2109,4455721,658,426667,7483,660625,0.082191,5240,6129880,0.762643,8197,6790505,0.844834,8037679
4,2021-07-27,14193,12455705,10897,7570021,2546,4458267,750,427417,7654,662683,0.082447,6387,6136267,0.763438,8445,6798950,0.845885,8037679
4,2021-07-28,13067,12468772,10009,7580030,2380,4460647,678,428095,7258,665033,0.082739,5644,6141911,0.76414,7994,6806944,0.846879,8037679
4,2021-07-29,13358,12482130,10399,7590429,2260,4462907,699,428794,7513,667701,0.083071,5629,6147540,0.76484,8297,6815241,0.847912,8037679
4,2021-07-30,15650,12497780,12050,7602479,2845,4465752,755,429549,8516,670306,0.083395,6773,6154313,0.765683,9378,6824619,0.849078,8037679
4,2021-07-31,9626,12507406,7536,7610015,1701,4467453,389,429938,5460,672223,0.083634,3973,6158286,0.766177,5890,6830509,0.849811,8037679
4,2021-08-01,5398,12512804,4465,7614480,772,4468225,161,430099,3191,673508,0.083794,2102,6160388,0.766439,3387,6833896,0.850233,8037679
4,2021-08-02,13845,12526649,11105,7625585,2046,4470271,694,430793,8106,676839,0.084208,5538,6165926,0.767128,8869,6842765,0.851336,8037679
4,2021-08-03,14482,12541131,11159,7636744,2588,4472859,735,431528,8344,680081,0.084612,5914,6171840,0.767863,9156,6851921,0.852475,8037679
4,2021-08-04,12885,12554016,10073,7646817,2178,4475037,634,432162,7311,682698,0.084937,5372,6177212,0.768532,7989,6859910,0.853469,8037679
4,2021-08-05,9477,12563493,7306,7654123,1521,4476558,650,432812,5144,684374,0.085146,4162,6181374,0.76905,5838,6865748,0.854195,8037679
