vemquartile,administered_date,total_doses,cumulative_total_doses,pfizer_doses,cumulative_pfizer_doses,moderna_doses,cumulative_moderna_doses,jj_doses,cumulative_jj_doses,partially_vaccinated,total_partially_vaccinated,pct_age12pop_partially_vaccinated,fully_vaccinated,cumulative_fully_vaccinated,pct_age12pop_fully_vaccinated,at_least_one_dose,cumulative_at_least_one_dose,pct_age12pop_at_least_one_dose,age12_population
1,2020-12-15,148,148,148,148,0,0,0,0,148,148,1.7e-05,0,0,0.0,148,148,1.7e-05,8700223
1,2020-12-16,1155,1303,1155,1303,0,0,0,0,1155,1303,0.00015,0,0,0.0,1155,1303,0.00015,8700223
1,2020-12-17,4117,5420,4117,5420,0,0,0,0,4118,5421,0.000623,0,0,0.0,4118,5421,0.000623,8700223
1,2020-12-18,6247,11667,6227,11647,20,20,0,0,6249,11670,0.001341,0,0,0.0,6249,11670,0.001341,8700223
1,2020-12-19,2866,14533,2865,14512,1,21,0,0,2864,14533,0.00167,1,1,0.0,2864,14534,0.001671,8700223
1,2020-12-20,2112,16645,2107,16619,5,26,0,0,2113,16646,0.001913,0,1,0.0,2113,16647,0.001913,8700223
1,2020-12-21,7609,24254,7598,24217,11,37,0,0,7660,24306,0.002794,0,1,0.0,7660,24307,0.002794,8700223
1,2020-12-22,7269,31523,6930,31147,339,376,0,0,7272,31577,0.003629,1,2,0.0,7272,31579,0.00363,8700223
1,2020-12-23,7769,39292,6551,37698,1218,1594,0,0,7765,39342,0.004522,0,2,0.0,7765,39344,0.004522,8700223
1,2020-12-24,3293,42585,2358,40056,935,2529,0,0,3295,42637,0.004901,0,2,0.0,3295,42639,0.004901,8700223
1,2020-12-25,232,42817,149,40205,83,2612,0,0,232,42869,0.004927,0,2,0.0,232,42871,0.004928,8700223
1,2020-12-26,1355,44172,965,41170,390,3002,0,0,1354,44222,0.005083,1,3,0.0,1354,44225,0.005083,8700223
1,2020-12-27,857,45029,527,41697,330,3332,0,0,857,45079,0.005181,0,3,0.0,857,45082,0.005182,8700223
1,2020-12-28,7014,52043,4746,46443,2268,5600,0,0,7013,52092,0.005987,0,3,0.0,7013,52095,0.005988,8700223
1,2020-12-29,8832,60875,4974,51417,3858,9458,0,0,8829,60920,0.007002,1,4,0.0,8829,60924,0.007003,8700223
1,2020-12-30,11597,72472,6471,57888,5126,14584,0,0,11597,72517,0.008335,0,4,0.0,11597,72521,0.008336,8700223
1,2020-12-31,5931,78403,1952,59840,3979,18563,0,0,5930,78446,0.009017,1,5,1e-06,5930,78451,0.009017,8700223
1,2021-01-01,534,78937,180,60020,354,18917,0,0,534,78980,0.009078,0,5,1e-06,534,78985,0.009079,8700223
1,2021-01-02,2885,81822,1745,61765,1140,20057,0,0,2887,81867,0.00941,0,5,1e-06,2887,81872,0.00941,8700223
1,2021-01-03,1019,82841,545,62310,474,20531,0,0,1018,82884,0.009527,1,6,1e-06,1018,82890,0.009527,8700223
1,2021-01-04,7322,90163,3569,65879,3753,24284,0,0,7327,90210,0.010369,1,7,1e-06,7327,90217,0.01037,8700223
1,2021-01-05,10736,100899,5169,71048,5567,29851,0,0,9994,99499,0.011436,728,735,8.4e-05,10017,100234,0.011521,8700223
1,2021-01-06,13954,114853,7021,78069,6933,36784,0,0,12087,109763,0.012616,1829,2564,0.000295,12093,112327,0.012911,8700223
1,2021-01-07,17369,132222,9076,87145,8293,45077,0,0,12947,118393,0.013608,4324,6888,0.000792,12954,125281,0.0144,8700223
1,2021-01-08,20055,152277,10389,97534,9666,54743,0,0,14204,126767,0.014571,5835,12723,0.001462,14209,139490,0.016033,8700223
1,2021-01-09,6626,158903,3355,100889,3271,58014,0,0,4791,129742,0.014912,1820,14543,0.001672,4795,144285,0.016584,8700223
1,2021-01-10,3059,161962,1741,102630,1318,59332,0,0,1870,130440,0.014993,1173,15716,0.001806,1871,146156,0.016799,8700223
1,2021-01-11,18014,179976,11798,114428,6216,65548,0,0,11500,135489,0.015573,6488,22204,0.002552,11537,157693,0.018125,8700223
1,2021-01-12,18807,198783,10637,125065,8170,73718,0,0,12848,142455,0.016374,5917,28121,0.003232,12883,170576,0.019606,8700223
1,2021-01-13,19616,218399,10556,135621,9060,82778,0,0,14491,151859,0.017455,5101,33222,0.003819,14505,185081,0.021273,8700223
1,2021-01-14,21947,240346,9476,145097,12471,95249,0,0,19213,168438,0.01936,2677,35899,0.004126,19256,204337,0.023486,8700223
1,2021-01-15,25126,265472,9301,154398,15825,111074,0,0,23205,189818,0.021818,1872,37771,0.004341,23252,227589,0.026159,8700223
1,2021-01-16,13848,279320,4541,158939,9307,120381,0,0,13006,201987,0.023216,839,38610,0.004438,13008,240597,0.027654,8700223
1,2021-01-17,5175,284495,1989,160928,3186,123567,0,0,4808,206437,0.023728,363,38973,0.00448,4813,245410,0.028207,8700223
1,2021-01-18,14197,298692,8538,169466,5659,129226,0,0,11058,214410,0.024644,3127,42100,0.004839,11100,256510,0.029483,8700223
1,2021-01-19,24609,323301,12860,182326,11749,140975,0,0,19424,228714,0.026288,5170,47270,0.005433,19474,275984,0.031721,8700223
1,2021-01-20,28419,351720,13941,196267,14478,155453,0,0,22787,245956,0.02827,5579,52849,0.006074,22821,298805,0.034345,8700223
1,2021-01-21,30616,382336,14251,210518,16365,171818,0,0,27488,270448,0.031085,3072,55921,0.006428,27564,326369,0.037513,8700223
1,2021-01-22,28085,410421,11154,221672,16931,188749,0,0,26117,294664,0.033869,1927,57848,0.006649,26143,352512,0.040518,8700223
1,2021-01-23,18640,429061,8196,229868,10444,199193,0,0,16717,309481,0.035572,1909,59757,0.006868,16726,369238,0.04244,8700223
1,2021-01-24,6667,435728,4163,234031,2504,201697,0,0,6017,314858,0.03619,644,60401,0.006942,6021,375259,0.043132,8700223
1,2021-01-25,24909,460637,10380,244411,14529,216226,0,0,19348,328753,0.037787,5538,65939,0.007579,19433,394692,0.045366,8700223
1,2021-01-26,28330,488967,13338,257749,14992,231218,0,0,21823,344130,0.039554,6463,72402,0.008322,21840,416532,0.047876,8700223
1,2021-01-27,31480,520447,15338,273087,16142,247360,0,0,23617,359973,0.041375,7799,80201,0.009218,23642,440174,0.050593,8700223
1,2021-01-28,34347,554794,16066,289153,18281,265641,0,0,27642,381015,0.043794,6649,86850,0.009983,27691,467865,0.053776,8700223
1,2021-01-29,33237,588031,16326,305479,16911,282552,0,0,26805,401545,0.046153,6307,93157,0.010707,26837,494702,0.056861,8700223
1,2021-01-30,19978,608009,8627,314106,11351,293903,0,0,17988,417574,0.047996,1966,95123,0.010933,17995,512697,0.058929,8700223
1,2021-01-31,7614,615623,5007,319113,2607,296510,0,0,6878,423718,0.048702,736,95859,0.011018,6880,519577,0.05972,8700223
1,2021-02-01,28291,643914,12258,331371,16033,312543,0,0,20814,437103,0.05024,7435,103294,0.011873,20820,540397,0.062113,8700223
1,2021-02-02,31873,675787,11475,342846,20398,332941,0,0,23992,453308,0.052103,7819,111113,0.012771,24024,564421,0.064874,8700223
1,2021-02-03,38956,714743,14907,357753,24049,356990,0,0,28228,470977,0.054134,10589,121702,0.013988,28258,592679,0.068122,8700223
1,2021-02-04,43636,758379,17096,374849,26540,383530,0,0,31669,490830,0.056416,11863,133565,0.015352,31716,624395,0.071768,8700223
1,2021-02-05,46701,805080,17387,392236,29314,412844,0,0,30731,505755,0.058131,15853,149418,0.017174,30778,655173,0.075305,8700223
1,2021-02-06,26447,831527,10476,402712,15971,428815,0,0,20657,520665,0.059845,5762,155180,0.017836,20672,675845,0.077681,8700223
1,2021-02-07,6205,837732,3986,406698,2219,431034,0,0,4614,523725,0.060197,1572,156752,0.018017,4632,680477,0.078214,8700223
1,2021-02-08,31041,868773,14070,420768,16971,448005,0,0,20746,534319,0.061414,10237,166989,0.019194,20831,701308,0.080608,8700223
1,2021-02-09,38009,906782,16603,437371,21406,469411,0,0,23597,543480,0.062467,14507,181496,0.020861,23668,724976,0.083328,8700223
1,2021-02-10,46653,953435,22041,459412,24612,494023,0,0,27000,550992,0.063331,19565,201061,0.02311,27077,752053,0.086441,8700223
1,2021-02-11,50589,1004024,24970,484382,25619,519642,0,0,30778,562317,0.064632,19550,220611,0.025357,30875,782928,0.089989,8700223
1,2021-02-12,49318,1053342,21309,505691,28009,547651,0,0,28462,570124,0.06553,20786,241397,0.027746,28593,811521,0.093276,8700223
1,2021-02-13,26082,1079424,11342,517033,14740,562391,0,0,15151,574485,0.066031,10866,252263,0.028995,15227,826748,0.095026,8700223
1,2021-02-14,11602,1091026,5484,522517,6118,568509,0,0,6613,576200,0.066228,4963,257226,0.029565,6678,833426,0.095794,8700223
1,2021-02-15,23428,1114454,9243,531760,14185,582694,0,0,14287,581559,0.066844,9043,266269,0.030605,14402,847828,0.097449,8700223
1,2021-02-16,46382,1160836,22122,553882,24260,606954,0,0,27435,590220,0.06784,18882,285151,0.032775,27543,875371,0.100615,8700223
1,2021-02-17,47727,1208563,24073,577955,23654,630608,0,0,26007,594748,0.06836,21616,306767,0.03526,26144,901515,0.10362,8700223
1,2021-02-18,50152,1258715,24981,602936,25171,655779,0,0,26202,597409,0.068666,23744,330511,0.037989,26405,927920,0.106655,8700223
1,2021-02-19,45374,1304089,24555,627491,20819,676598,0,0,25746,603689,0.069388,19528,350039,0.040233,25808,953728,0.109621,8700223
1,2021-02-20,26795,1330884,16316,643807,10479,687077,0,0,15424,607860,0.069867,11330,361369,0.041536,15501,969229,0.111403,8700223
1,2021-02-21,11324,1342208,10089,653896,1235,688312,0,0,6811,610251,0.070142,4468,365837,0.042049,6859,976088,0.112191,8700223
1,2021-02-22,29854,1372062,19581,673477,10273,698585,0,0,17629,615798,0.07078,12177,378014,0.043449,17724,993812,0.114228,8700223
1,2021-02-23,42721,1414783,20857,694334,21864,720449,0,0,24016,621581,0.071444,18586,396600,0.045585,24369,1018181,0.117029,8700223
1,2021-02-24,52739,1467522,25535,719869,27204,747653,0,0,29780,628947,0.072291,22861,419461,0.048213,30227,1048408,0.120504,8700223
1,2021-02-25,64849,1532371,31526,751395,33323,780976,0,0,40849,646402,0.074297,23895,443356,0.050959,41350,1089758,0.125256,8700223
1,2021-02-26,72238,1604609,34141,785536,38097,819073,0,0,48130,671042,0.077129,23959,467315,0.053713,48599,1138357,0.130842,8700223
1,2021-02-27,49686,1654295,22902,808438,26778,845851,6,6,33104,687938,0.079071,16477,483792,0.055607,33373,1171730,0.134678,8700223
1,2021-02-28,19099,1673394,11378,819816,7720,853571,1,7,14108,697255,0.080142,4933,488725,0.056174,14250,1185980,0.136316,8700223
1,2021-03-01,43542,1716936,20046,839862,23477,877048,19,26,28315,710697,0.081687,15118,503843,0.057912,28560,1214540,0.139599,8700223
1,2021-03-02,61450,1778386,26787,866649,34658,911706,5,31,39710,729385,0.083835,21634,525477,0.060398,40322,1254862,0.144233,8700223
1,2021-03-03,68588,1846974,32455,899104,36120,947826,13,44,41801,745117,0.085643,26672,552149,0.063464,42404,1297266,0.149107,8700223
1,2021-03-04,76982,1923956,36171,935275,40777,988603,34,78,49692,768212,0.088298,27137,579286,0.066583,50232,1347498,0.154881,8700223
1,2021-03-05,75852,1999808,34425,969700,41225,1029828,202,280,50971,795327,0.091415,24688,603974,0.069421,51803,1399301,0.160835,8700223
1,2021-03-06,56846,2056654,27104,996804,28415,1058243,1327,1607,38727,817691,0.093985,18054,622028,0.071496,40418,1439719,0.165481,8700223
1,2021-03-07,20036,2076690,12804,1009608,6436,1064679,796,2403,15051,828833,0.095266,4966,626994,0.072066,16108,1455827,0.167332,8700223
1,2021-03-08,43961,2120651,21080,1030688,21027,1085706,1854,4257,30876,848892,0.097571,13009,640003,0.073562,33068,1488895,0.171133,8700223
1,2021-03-09,65415,2186066,31539,1062227,31410,1117116,2466,6723,40465,867324,0.09969,24843,664846,0.076417,43275,1532170,0.176107,8700223
1,2021-03-10,72055,2258121,36063,1098290,31634,1148750,4358,11081,44774,889678,0.102259,27154,692000,0.079538,49508,1581678,0.181797,8700223
1,2021-03-11,88304,2346425,40260,1138550,40128,1188878,7916,18997,51762,913504,0.104998,36323,728323,0.083713,60149,1641827,0.188711,8700223
1,2021-03-12,95143,2441568,40955,1179505,41900,1230778,12288,31285,55292,941904,0.108262,39668,767991,0.088273,68068,1709895,0.196535,8700223
1,2021-03-13,62950,2504518,28187,1207692,27076,1257854,7687,38972,39917,966923,0.111138,22927,790918,0.090908,47946,1757841,0.202046,8700223
1,2021-03-14,26834,2531352,14299,1221991,9037,1266891,3498,42470,15171,974180,0.111972,11613,802531,0.092243,18870,1776711,0.204214,8700223
1,2021-03-15,63479,2594831,27533,1249524,29355,1296246,6591,49061,37562,992936,0.114128,25752,828283,0.095203,44508,1821219,0.20933,8700223
1,2021-03-16,83730,2678561,37661,1287185,40581,1336827,5488,54549,52215,1019663,0.1172,31349,859632,0.098806,58076,1879295,0.216005,8700223
1,2021-03-17,90293,2768854,43232,1330417,40555,1377382,6506,61055,58163,1052725,0.121,31977,891609,0.102481,65039,1944334,0.223481,8700223
1,2021-03-18,95803,2864657,48813,1379230,41483,1418865,5507,66562,58770,1080737,0.124219,36724,928333,0.106702,64736,2009070,0.230922,8700223
1,2021-03-19,100445,2965102,51496,1430726,42879,1461744,6070,72632,59721,1106540,0.127185,40470,968803,0.111354,66273,2075343,0.238539,8700223
1,2021-03-20,69854,3034956,35935,1466661,28738,1490482,5181,77813,44951,1132180,0.130132,24750,993553,0.114199,50390,2125733,0.244331,8700223
1,2021-03-21,25946,3060902,17914,1484575,6270,1496752,1762,79575,16829,1141809,0.131239,9051,1002604,0.115239,18680,2144413,0.246478,8700223
1,2021-03-22,57814,3118716,29551,1514126,25065,1521817,3198,82773,39416,1166550,0.134083,18230,1020834,0.117334,42971,2187384,0.251417,8700223
1,2021-03-23,81086,3199802,40866,1554992,36692,1558509,3528,86301,50718,1191058,0.1369,30193,1051027,0.120805,54701,2242085,0.257704,8700223
1,2021-03-24,85621,3285423,43052,1598044,38328,1596837,4241,90542,52066,1214204,0.13956,33342,1084369,0.124637,56488,2298573,0.264197,8700223
1,2021-03-25,94153,3379576,47572,1645616,40967,1637804,5614,96156,53402,1232953,0.141715,40492,1124861,0.129291,59241,2357814,0.271006,8700223
1,2021-03-26,101335,3480911,49001,1694617,46199,1684003,6135,102291,55590,1249507,0.143618,45477,1170338,0.134518,62031,2419845,0.278136,8700223
1,2021-03-27,71713,3552624,37048,1731665,30846,1714849,3819,106110,37658,1257327,0.144517,33868,1204206,0.138411,41688,2461533,0.282928,8700223
1,2021-03-28,31376,3584000,20212,1751877,9965,1724814,1199,107309,16290,1260174,0.144844,14975,1219181,0.140132,17822,2479355,0.284976,8700223
1,2021-03-29,65197,3649197,32645,1784522,29772,1754586,2780,110089,36686,1271492,0.146145,28366,1247547,0.143393,39684,2519039,0.289537,8700223
1,2021-03-30,89237,3738434,43706,1828228,39518,1794104,6013,116102,46897,1282308,0.147388,42213,1289760,0.148244,53029,2572068,0.295632,8700223
1,2021-03-31,97558,3835992,50797,1879025,41019,1835123,5742,121844,54612,1300074,0.14943,42700,1332460,0.153152,60466,2632534,0.302582,8700223
1,2021-04-01,107866,3943858,51737,1930762,48097,1883220,8032,129876,56085,1312841,0.150897,51493,1383953,0.159071,64260,2696794,0.309968,8700223
1,2021-04-02,106867,4050725,48802,1979564,48821,1932041,9244,139120,55014,1325914,0.1524,51504,1435457,0.164991,64577,2761371,0.317391,8700223
1,2021-04-03,75654,4126379,37635,2017199,28747,1960788,9272,148392,35822,1331462,0.153038,39688,1475145,0.169553,45236,2806607,0.32259,8700223
1,2021-04-04,23620,4149999,11751,2028950,8416,1969204,3453,151845,10223,1331799,0.153076,13353,1488498,0.171087,13690,2820297,0.324164,8700223
1,2021-04-05,73928,4223927,35258,2064208,29756,1998960,8914,160759,34256,1335679,0.153522,39510,1528008,0.175629,43390,2863687,0.329151,8700223
1,2021-04-06,101957,4325884,48347,2112555,37267,2036227,16343,177102,46836,1344031,0.154482,54910,1582918,0.18194,63262,2926949,0.336422,8700223
1,2021-04-07,108853,4434737,52599,2165154,39051,2075278,17203,194305,50175,1353023,0.155516,58467,1641385,0.18866,67459,2994408,0.344176,8700223
1,2021-04-08,118943,4553680,56040,2221194,42466,2117744,20437,214742,53342,1361626,0.156505,65300,1706685,0.196166,73903,3068311,0.35267,8700223
1,2021-04-09,118999,4672679,53901,2275095,44844,2162588,20254,234996,52983,1369262,0.157382,65719,1772404,0.203719,73355,3141666,0.361102,8700223
1,2021-04-10,93503,4766182,41801,2316896,29329,2191917,22373,257369,37120,1372548,0.15776,56232,1828636,0.210183,59518,3201184,0.367943,8700223
1,2021-04-11,35695,4801877,19944,2336840,9242,2201159,6509,263878,15091,1373710,0.157894,20563,1849199,0.212546,21725,3222909,0.37044,8700223
1,2021-04-12,72457,4874334,32195,2369035,30409,2231568,9853,273731,31085,1373661,0.157888,41155,1890354,0.217276,41106,3264015,0.375165,8700223
1,2021-04-13,95266,4969600,50998,2420033,43938,2275506,330,274061,51722,1382733,0.158931,43322,1933676,0.222256,52394,3316409,0.381187,8700223
1,2021-04-14,102093,5071693,52745,2472778,49282,2324788,66,274127,52364,1386108,0.159319,49422,1983098,0.227936,52797,3369206,0.387255,8700223
1,2021-04-15,103617,5175310,56092,2528870,47440,2372228,85,274212,55787,1394798,0.160317,47347,2030445,0.233379,56037,3425243,0.393696,8700223
1,2021-04-16,107175,5282485,55231,2584101,51856,2424084,88,274300,54221,1396714,0.160538,52569,2083014,0.239421,54485,3479728,0.399958,8700223
1,2021-04-17,80584,5363069,43595,2627696,36981,2461065,8,274308,45716,1407915,0.161825,34686,2117700,0.243408,45887,3525615,0.405233,8700223
1,2021-04-18,28538,5391607,19115,2646811,9417,2470482,6,274314,14782,1409212,0.161974,13689,2131389,0.244981,14986,3540601,0.406955,8700223
1,2021-04-19,64253,5455860,32784,2679595,31457,2501939,12,274326,29325,1404037,0.161379,34637,2166026,0.248962,29462,3570063,0.410342,8700223
1,2021-04-20,84362,5540222,42284,2721879,42058,2543997,20,274346,40152,1400458,0.160968,43949,2209975,0.254014,40370,3610433,0.414982,8700223
1,2021-04-21,91151,5631373,46480,2768359,44580,2588577,91,274437,41262,1392572,0.160062,49446,2259421,0.259697,41560,3651993,0.419759,8700223
1,2021-04-22,92908,5724281,48362,2816721,44527,2633104,19,274456,42966,1386274,0.159338,49498,2308919,0.265386,43200,3695193,0.424724,8700223
1,2021-04-23,96726,5821007,50174,2866895,46528,2679632,24,274480,46683,1383579,0.159028,49619,2358538,0.271089,46924,3742117,0.430117,8700223
1,2021-04-24,72785,5893792,46156,2913051,26617,2706249,12,274492,41654,1394518,0.160285,30985,2389523,0.274651,41924,3784041,0.434936,8700223
1,2021-04-25,26792,5920584,17160,2930211,9623,2715872,9,274501,15434,1398837,0.160782,11253,2400776,0.275944,15572,3799613,0.436726,8700223
1,2021-04-26,59751,5980335,32278,2962489,27121,2742993,352,274853,28064,1396144,0.160472,31442,2432218,0.279558,28749,3828362,0.44003,8700223
1,2021-04-27,75099,6055434,40223,3002712,33754,2776747,1122,275975,32265,1387320,0.159458,42546,2474764,0.284448,33722,3862084,0.443906,8700223
1,2021-04-28,76900,6132334,40828,3043540,34642,2811389,1430,277405,33568,1379473,0.158556,43070,2517834,0.289399,35223,3897307,0.447955,8700223
1,2021-04-29,79889,6212223,44093,3087633,34245,2845634,1551,278956,32337,1366282,0.15704,47240,2565074,0.294829,34049,3931356,0.451868,8700223
1,2021-04-30,86294,6298517,47028,3134661,37476,2883110,1790,280746,36063,1354363,0.15567,49942,2615016,0.300569,38023,3969379,0.456239,8700223
1,2021-05-01,61088,6359605,39745,3174406,19979,2903089,1364,282110,25788,1346615,0.154779,35132,2650148,0.304607,27384,3996763,0.459386,8700223
1,2021-05-02,22438,6382043,15716,3190122,6201,2909290,521,282631,9371,1343566,0.154429,12973,2663121,0.306098,9924,4006687,0.460527,8700223
1,2021-05-03,53691,6435734,30126,3220248,21817,2931107,1748,284379,19448,1330783,0.15296,34037,2697158,0.31001,21254,4027941,0.46297,8700223
1,2021-05-04,71813,6507547,41249,3261497,28563,2959670,2001,286380,25798,1312923,0.150907,45749,2742907,0.315269,27889,4055830,0.466175,8700223
1,2021-05-05,73271,6580818,42157,3303654,28893,2988563,2221,288601,24807,1291832,0.148483,48184,2791091,0.320807,27093,4082923,0.469289,8700223
1,2021-05-06,75001,6655819,45118,3348772,27765,3016328,2118,290719,23709,1266865,0.145613,50956,2842047,0.326664,25989,4108912,0.472277,8700223
1,2021-05-07,78078,6733897,44631,3393403,31328,3047656,2119,292838,26358,1244043,0.14299,51365,2893412,0.332568,28543,4137455,0.475557,8700223
1,2021-05-08,53716,6787613,33547,3426950,18637,3066293,1532,294370,18270,1228830,0.141241,35111,2928523,0.336603,19898,4157353,0.477844,8700223
1,2021-05-09,17695,6805308,12544,3439494,4676,3070969,475,294845,5478,1222713,0.140538,12103,2940626,0.337994,5986,4163339,0.478532,8700223
1,2021-05-10,40889,6846197,20682,3460176,18484,3089453,1723,296568,13721,1211365,0.139234,26884,2967510,0.341084,15536,4178875,0.480318,8700223
1,2021-05-11,57548,6903745,31017,3491193,24540,3113993,1991,298559,18786,1193729,0.137207,38536,3006046,0.345514,20900,4199775,0.48272,8700223
1,2021-05-12,56464,6960209,29822,3521015,24906,3138899,1736,300295,18628,1176581,0.135236,37586,3043632,0.349834,20438,4220213,0.48507,8700223
1,2021-05-13,58894,7019103,34464,3555479,22663,3161562,1767,302062,22245,1164509,0.133848,36360,3079992,0.354013,24288,4244501,0.487861,8700223
1,2021-05-14,71797,7090900,43445,3598924,26244,3187806,2108,304170,29201,1153805,0.132618,42314,3122306,0.358877,31610,4276111,0.491494,8700223
1,2021-05-15,62404,7153304,41447,3640371,19426,3207232,1531,305701,24869,1142971,0.131373,37323,3159629,0.363166,26489,4302600,0.494539,8700223
1,2021-05-16,23179,7176483,17266,3657637,5317,3212549,596,306297,9601,1139710,0.130998,13497,3173126,0.364718,10236,4312836,0.495716,8700223
1,2021-05-17,50776,7227259,31729,3689366,17429,3229978,1618,307915,22658,1136138,0.130587,27910,3201036,0.367926,24338,4337174,0.498513,8700223
1,2021-05-18,49676,7276935,28849,3718215,19302,3249280,1525,309440,21408,1131063,0.130004,28058,3229094,0.371151,22983,4360157,0.501155,8700223
1,2021-05-19,38402,7315337,24027,3742242,13052,3262332,1323,310763,17063,1128288,0.129685,21181,3250275,0.373585,18406,4378563,0.50327,8700223
2,2020-12-15,234,234,234,234,0,0,0,0,234,234,2.8e-05,0,0,0.0,234,234,2.8e-05,8407551
2,2020-12-16,1930,2164,1930,2164,0,0,0,0,1930,2164,0.000257,0,0,0.0,1930,2164,0.000257,8407551
2,2020-12-17,6668,8832,6668,8832,0,0,0,0,6668,8832,0.00105,0,0,0.0,6668,8832,0.00105,8407551
2,2020-12-18,10836,19668,10817,19649,19,19,0,0,10836,19668,0.002339,0,0,0.0,10836,19668,0.002339,8407551
2,2020-12-19,5584,25252,5579,25228,5,24,0,0,5586,25254,0.003004,0,0,0.0,5586,25254,0.003004,8407551
2,2020-12-20,4216,29468,4207,29435,9,33,0,0,4212,29466,0.003505,0,0,0.0,4212,29466,0.003505,8407551
2,2020-12-21,12761,42229,12737,42172,24,57,0,0,12715,42181,0.005017,0,0,0.0,12715,42181,0.005017,8407551
2,2020-12-22,12055,54284,11546,53718,509,566,0,0,12055,54236,0.006451,0,0,0.0,12055,54236,0.006451,8407551
2,2020-12-23,11621,65905,9430,63148,2191,2757,0,0,11624,65860,0.007833,0,0,0.0,11624,65860,0.007833,8407551
2,2020-12-24,5838,71743,3482,66630,2356,5113,0,0,5835,71695,0.008527,0,0,0.0,5835,71695,0.008527,8407551
2,2020-12-25,478,72221,401,67031,77,5190,0,0,479,72174,0.008584,0,0,0.0,479,72174,0.008584,8407551
2,2020-12-26,2566,74787,1669,68700,897,6087,0,0,2568,74742,0.00889,0,0,0.0,2568,74742,0.00889,8407551
2,2020-12-27,2215,77002,1200,69900,1015,7102,0,0,2213,76954,0.009153,1,1,0.0,2213,76955,0.009153,8407551
2,2020-12-28,10909,87911,7091,76991,3818,10920,0,0,10909,87862,0.01045,1,2,0.0,10909,87864,0.010451,8407551
2,2020-12-29,12688,100599,7181,84172,5507,16427,0,0,12692,100554,0.01196,0,2,0.0,12692,100556,0.01196,8407551
2,2020-12-30,15347,115946,8642,92814,6705,23132,0,0,15363,115916,0.013787,1,3,0.0,15363,115919,0.013787,8407551
2,2020-12-31,7496,123442,2803,95617,4693,27825,0,0,7493,123408,0.014678,1,4,0.0,7493,123412,0.014679,8407551
2,2021-01-01,1116,124558,535,96152,581,28406,0,0,1118,124525,0.014811,1,5,1e-06,1118,124530,0.014812,8407551
2,2021-01-02,4808,129366,2745,98897,2063,30469,0,0,4806,129331,0.015383,0,5,1e-06,4806,129336,0.015383,8407551
2,2021-01-03,1379,130745,789,99686,590,31059,0,0,1374,130702,0.015546,3,8,1e-06,1374,130710,0.015547,8407551
2,2021-01-04,11610,142355,5548,105234,6062,37121,0,0,11598,142296,0.016925,4,12,1e-06,11598,142308,0.016926,8407551
2,2021-01-05,13822,156177,6899,112133,6923,44044,0,0,12641,153793,0.018292,1174,1186,0.000141,12671,154979,0.018433,8407551
2,2021-01-06,18935,175112,10449,122582,8486,52530,0,0,15222,165354,0.019667,3667,4853,0.000577,15228,170207,0.020245,8407551
2,2021-01-07,22895,198007,12854,135436,10041,62571,0,0,15546,173548,0.020642,7365,12218,0.001453,15559,185766,0.022095,8407551
2,2021-01-08,26366,224373,15972,151408,10394,72965,0,0,16335,179899,0.021397,10000,22218,0.002643,16351,202117,0.02404,8407551
2,2021-01-09,9703,234076,5665,157073,4038,77003,0,0,6215,182611,0.02172,3509,25727,0.00306,6221,208338,0.02478,8407551
2,2021-01-10,5276,239352,2918,159991,2358,79361,0,0,3067,183451,0.02182,2231,27958,0.003325,3071,211409,0.025145,8407551
2,2021-01-11,25947,265299,17844,177835,8103,87464,0,0,15021,187560,0.022309,10960,38918,0.004629,15069,226478,0.026937,8407551
2,2021-01-12,25994,291293,16134,193969,9860,97324,0,0,16532,194672,0.023154,9491,48409,0.005758,16603,243081,0.028912,8407551
2,2021-01-13,28279,319572,14922,208891,13357,110681,0,0,20371,207162,0.02464,7903,56312,0.006698,20393,263474,0.031338,8407551
2,2021-01-14,30097,349669,11447,220338,18650,129331,0,0,25909,228911,0.027227,4212,60524,0.007199,25961,289435,0.034426,8407551
2,2021-01-15,35155,384824,12960,233298,22195,151526,0,0,31930,257675,0.030648,3238,63762,0.007584,32002,321437,0.038232,8407551
2,2021-01-16,17556,402380,5617,238915,11939,163465,0,0,16247,272597,0.032423,1335,65097,0.007743,16257,337694,0.040166,8407551
2,2021-01-17,10551,412931,3523,242438,7028,170493,0,0,9848,281724,0.033508,729,65826,0.007829,9856,347550,0.041338,8407551
2,2021-01-18,19711,432642,11067,253505,8644,179137,0,0,14971,291985,0.034729,4756,70582,0.008395,15017,362567,0.043124,8407551
2,2021-01-19,32241,464883,16822,270327,15419,194556,0,0,24272,308396,0.036681,7974,78556,0.009344,24385,386952,0.046024,8407551
2,2021-01-20,36796,501679,18391,288718,18405,212961,0,0,28199,328105,0.039025,8577,87133,0.010364,28286,415238,0.049389,8407551
2,2021-01-21,40565,542244,17290,306008,23275,236236,0,0,36151,360021,0.042821,4392,91525,0.010886,36308,451546,0.053707,8407551
2,2021-01-22,39201,581445,16419,322427,22782,259018,0,0,35917,392674,0.046705,3286,94811,0.011277,35939,487485,0.057982,8407551
2,2021-01-23,23966,605411,10828,333255,13138,272156,0,0,21010,410779,0.048858,2933,97744,0.011626,21038,508523,0.060484,8407551
2,2021-01-24,12448,617859,6156,339411,6292,278448,0,0,11537,421430,0.050125,896,98640,0.011732,11547,520070,0.061857,8407551
2,2021-01-25,33635,651494,15636,355047,17999,296447,0,0,24913,437794,0.052072,8672,107312,0.012764,25036,545106,0.064835,8407551
2,2021-01-26,40085,691579,19832,374879,20253,316700,0,0,31158,460119,0.054727,8910,116222,0.013824,31235,576341,0.06855,8407551
2,2021-01-27,44975,736554,22916,397795,22059,338759,0,0,35023,485367,0.05773,9829,126051,0.014993,35077,611418,0.072722,8407551
2,2021-01-28,47925,784479,22632,420427,25293,364052,0,0,39408,516373,0.061418,8463,134514,0.015999,39469,650887,0.077417,8407551
2,2021-01-29,45481,829960,22310,442737,23171,387223,0,0,36936,544920,0.064813,8442,142956,0.017003,36989,687876,0.081816,8407551
2,2021-01-30,31271,861231,13660,456397,17611,404834,0,0,28039,569795,0.067772,3191,146147,0.017383,28066,715942,0.085155,8407551
2,2021-01-31,17553,878784,10656,467053,6897,411731,0,0,16330,584937,0.069573,1207,147354,0.017526,16349,732291,0.087099,8407551
2,2021-02-01,40449,919233,19465,486518,20984,432715,0,0,29897,604346,0.071881,10519,157873,0.018778,29928,762219,0.090659,8407551
2,2021-02-02,47741,966974,19691,506209,28050,460765,0,0,36358,629494,0.074872,11306,169179,0.020122,36454,798673,0.094995,8407551
2,2021-02-03,53949,1020923,24152,530361,29797,490562,0,0,39945,655618,0.07798,13907,183086,0.021776,40031,838704,0.099756,8407551
2,2021-02-04,55784,1076707,24249,554610,31535,522097,0,0,40851,681719,0.081084,14841,197927,0.023542,40942,879646,0.104626,8407551
2,2021-02-05,59525,1136232,26368,580978,33157,555254,0,0,40349,703221,0.083642,19007,216934,0.025802,40509,920155,0.109444,8407551
2,2021-02-06,38854,1175086,18203,599181,20651,575905,0,0,31282,727097,0.086481,7491,224425,0.026693,31367,951522,0.113175,8407551
2,2021-02-07,16018,1191104,10765,609946,5253,581158,0,0,12141,735453,0.087475,3851,228276,0.027151,12207,963729,0.114627,8407551
2,2021-02-08,43307,1234411,22401,632347,20906,602064,0,0,29884,752260,0.089474,13272,241548,0.02873,30079,993808,0.118204,8407551
2,2021-02-09,49251,1283662,23530,655877,25721,627785,0,0,30693,765018,0.090992,18250,259798,0.030901,31008,1024816,0.121892,8407551
2,2021-02-10,59410,1343072,28165,684042,31245,659030,0,0,34667,775576,0.092248,24458,284256,0.03381,35016,1059832,0.126057,8407551
2,2021-02-11,63842,1406914,29673,713715,34169,693199,0,0,36040,784553,0.093315,27549,311805,0.037086,36526,1096358,0.130402,8407551
2,2021-02-12,64791,1471705,28061,741776,36730,729929,0,0,34554,789810,0.093941,29951,341756,0.040649,35208,1131566,0.134589,8407551
2,2021-02-13,37520,1509225,15778,757554,21742,751671,0,0,21758,796272,0.094709,15673,357429,0.042513,22135,1153701,0.137222,8407551
2,2021-02-14,19938,1529163,9361,766915,10577,762248,0,0,11232,799196,0.095057,8666,366095,0.043544,11590,1165291,0.138601,8407551
2,2021-02-15,32979,1562142,14948,781863,18031,780279,0,0,18334,803850,0.09561,14530,380625,0.045272,19184,1184475,0.140882,8407551
2,2021-02-16,55861,1618003,27632,809495,28229,808508,0,0,29468,807672,0.096065,26311,406936,0.048401,30133,1214608,0.144466,8407551
2,2021-02-17,61151,1679154,31667,841162,29484,837992,0,0,30444,808275,0.096137,30655,437591,0.052047,31258,1245866,0.148184,8407551
2,2021-02-18,65728,1744882,33430,874592,32298,870290,0,0,32057,808004,0.096105,33455,471046,0.056027,33184,1279050,0.152131,8407551
2,2021-02-19,58804,1803686,32822,907414,25982,896272,0,0,29239,808407,0.096152,29425,500471,0.059526,29828,1308878,0.155679,8407551
2,2021-02-20,36993,1840679,24194,931608,12799,909071,0,0,20140,812441,0.096632,16778,517249,0.061522,20812,1329690,0.158154,8407551
2,2021-02-21,20639,1861318,17198,948806,3441,912512,0,0,9899,812473,0.096636,10665,527914,0.06279,10697,1340387,0.159427,8407551
2,2021-02-22,37246,1898564,25627,974433,11619,924131,0,0,17843,811684,0.096542,19304,547218,0.065086,18515,1358902,0.161629,8407551
2,2021-02-23,51353,1949917,26387,1000820,24966,949097,0,0,22670,807746,0.096074,28499,575717,0.068476,24561,1383463,0.16455,8407551
2,2021-02-24,68090,2018007,35132,1035952,32958,982055,0,0,31430,805011,0.095749,36524,612241,0.07282,33789,1417252,0.168569,8407551
2,2021-02-25,73572,2091579,34650,1070602,38922,1020977,0,0,37613,809665,0.096302,35759,648000,0.077074,40413,1457665,0.173376,8407551
2,2021-02-26,81653,2173232,34974,1105576,46679,1067656,0,0,44423,819285,0.097446,36982,684982,0.081472,46602,1504267,0.178919,8407551
2,2021-02-27,59626,2232858,27648,1133224,31974,1099630,4,4,32491,826165,0.098265,26949,711931,0.084678,33829,1538096,0.182942,8407551
2,2021-02-28,29050,2261908,17471,1150695,11578,1111208,1,5,16927,831897,0.098946,12019,723950,0.086107,17751,1555847,0.185054,8407551
2,2021-03-01,55937,2317845,29647,1180342,26267,1137475,23,28,30519,838416,0.099722,25205,749155,0.089105,31724,1587571,0.188827,8407551
2,2021-03-02,67362,2385207,32552,1212894,34805,1172280,5,33,38250,850007,0.1011,28998,778153,0.092554,40589,1628160,0.193654,8407551
2,2021-03-03,78696,2463903,38212,1251106,40476,1212756,8,41,44465,862959,0.102641,34061,812214,0.096605,47013,1675173,0.199246,8407551
2,2021-03-04,86695,2550598,42978,1294084,43690,1256446,27,68,50178,879192,0.104572,36342,848556,0.100928,52575,1727748,0.2055,8407551
2,2021-03-05,80065,2630663,38147,1332231,41620,1298066,298,366,49342,900634,0.107122,30547,879103,0.104561,51989,1779737,0.211683,8407551
2,2021-03-06,61922,2692585,30430,1362661,29829,1327895,1663,2029,38096,918102,0.1092,23723,902826,0.107383,41191,1820928,0.216582,8407551
2,2021-03-07,27460,2720045,16124,1378785,10388,1338283,948,2977,17730,928215,0.110403,9675,912501,0.108534,19788,1840716,0.218936,8407551
2,2021-03-08,49517,2769562,22867,1401652,24220,1362503,2430,5407,31396,945649,0.112476,18036,930537,0.110679,35470,1876186,0.223155,8407551
2,2021-03-09,69135,2838697,31736,1433388,33634,1396137,3765,9172,38571,958888,0.114051,30450,960987,0.1143,43689,1919875,0.228351,8407551
2,2021-03-10,76944,2915641,36635,1470023,33784,1429921,6525,15697,41081,972151,0.115628,35694,996681,0.118546,48957,1968832,0.234174,8407551
2,2021-03-11,91758,3007399,42343,1512366,41080,1471001,8335,24032,48242,986874,0.117379,43262,1039943,0.123692,57985,2026817,0.241071,8407551
2,2021-03-12,91973,3099372,37806,1550172,42260,1513261,11907,35939,46131,1000635,0.119016,45657,1085600,0.129122,59418,2086235,0.248138,8407551
2,2021-03-13,67277,3166649,28175,1578347,31222,1544483,7880,43819,37005,1016657,0.120922,30162,1115762,0.13271,46184,2132419,0.253631,8407551
2,2021-03-14,35999,3202648,17832,1596179,13704,1558187,4463,48282,18393,1022750,0.121647,17525,1133287,0.134794,23618,2156037,0.256441,8407551
2,2021-03-15,66221,3268869,29845,1626024,31421,1589608,4955,53237,36710,1036193,0.123246,29325,1162612,0.138282,42768,2198805,0.261527,8407551
2,2021-03-16,85034,3353903,37525,1663549,43565,1633173,3944,57181,51881,1060143,0.126094,33005,1195617,0.142208,56955,2255760,0.268302,8407551
2,2021-03-17,90935,3444838,43452,1707001,43383,1676556,4100,61281,57997,1090366,0.129689,32724,1228341,0.1461,62947,2318707,0.275789,8407551
2,2021-03-18,96263,3541101,45854,1752855,45974,1722530,4435,65716,59431,1118220,0.133002,36580,1264921,0.150451,64434,2383141,0.283452,8407551
2,2021-03-19,95509,3636610,44959,1797814,44504,1767034,6046,71762,57446,1144407,0.136117,37820,1302741,0.154949,64007,2447148,0.291065,8407551
2,2021-03-20,68424,3705034,32836,1830650,31718,1798752,3870,75632,45243,1170890,0.139266,22984,1325725,0.157683,49467,2496615,0.296949,8407551
2,2021-03-21,32492,3737526,20894,1851544,9649,1808401,1949,77581,20604,1182077,0.140597,11789,1337514,0.159085,22976,2519591,0.299682,8407551
2,2021-03-22,61699,3799225,33788,1885332,25321,1833722,2590,80171,41480,1207009,0.143562,20030,1357544,0.161467,44962,2564553,0.30503,8407551
2,2021-03-23,82312,3881537,43582,1928914,35903,1869625,2827,82998,52174,1232936,0.146646,29909,1387453,0.165025,55836,2620389,0.311671,8407551
2,2021-03-24,90210,3971747,48571,1977485,38570,1908195,3069,86067,53694,1254279,0.149185,36248,1423701,0.169336,57591,2677980,0.318521,8407551
2,2021-03-25,99782,4071529,50285,2027770,45711,1953906,3786,89853,57218,1273770,0.151503,42282,1465983,0.174365,61773,2739753,0.325868,8407551
2,2021-03-26,101429,4172958,50275,2078045,47734,2001640,3420,93273,56244,1289624,0.153389,44870,1510853,0.179702,60724,2800477,0.333091,8407551
2,2021-03-27,74005,4246963,36808,2114853,33921,2035561,3276,96549,37762,1295491,0.154087,36039,1546892,0.183988,41906,2842383,0.338075,8407551
2,2021-03-28,36801,4283764,22524,2137377,13475,2049036,802,97351,20259,1300839,0.154723,16439,1563331,0.185944,21787,2864170,0.340666,8407551
2,2021-03-29,70064,4353828,35694,2173071,32177,2081213,2193,99544,40506,1315025,0.15641,29403,1592734,0.189441,43589,2907759,0.345851,8407551
2,2021-03-30,90603,4444431,44237,2217308,42098,2123311,4268,103812,51484,1332438,0.158481,38948,1631682,0.194073,56361,2964120,0.352555,8407551
2,2021-03-31,99528,4543959,51148,2268456,43377,2166688,5003,108815,57312,1353145,0.160944,41981,1673663,0.199067,62688,3026808,0.360011,8407551
2,2021-04-01,115576,4659535,55762,2324218,50876,2217564,8938,117753,63652,1374577,0.163493,51660,1725323,0.205211,73092,3099900,0.368704,8407551
2,2021-04-02,109602,4769137,50491,2374709,49264,2266828,9847,127600,59537,1394747,0.165892,49755,1775078,0.211129,69925,3169825,0.377021,8407551
2,2021-04-03,75386,4844523,36825,2411534,29028,2295856,9533,137133,37789,1405075,0.167121,37423,1812501,0.21558,47751,3217576,0.382701,8407551
2,2021-04-04,28912,4873435,14857,2426391,10224,2306080,3831,140964,13312,1406754,0.16732,15527,1828028,0.217427,17206,3234782,0.384747,8407551
2,2021-04-05,78292,4951727,38460,2464851,31198,2337278,8634,149598,38512,1415038,0.168306,39652,1867680,0.222143,47936,3282718,0.390449,8407551
2,2021-04-06,102795,5054522,50145,2514996,38091,2375369,14559,164157,49287,1426034,0.169613,53286,1920966,0.228481,64282,3347000,0.398095,8407551
2,2021-04-07,108953,5163475,54496,2569492,38437,2413806,16020,180177,51913,1437517,0.170979,56797,1977763,0.235237,68280,3415280,0.406216,8407551
2,2021-04-08,117332,5280807,56563,2626055,42326,2456132,18443,198620,54876,1449259,0.172376,62194,2039957,0.242634,73936,3489216,0.41501,8407551
2,2021-04-09,116770,5397577,56321,2682376,42616,2498748,17833,216453,55707,1462932,0.174002,60760,2100717,0.249861,74433,3563649,0.423863,8407551
2,2021-04-10,85476,5483053,37146,2719522,30461,2529209,17869,234322,35802,1467828,0.174584,49465,2150182,0.255744,54361,3618010,0.430329,8407551
2,2021-04-11,43874,5526927,22699,2742221,12683,2541892,8492,242814,18085,1469468,0.17478,25666,2175848,0.258797,27306,3645316,0.433576,8407551
2,2021-04-12,78820,5605747,36741,2778962,32839,2574731,9240,252054,35573,1472260,0.175112,43017,2218865,0.263913,45809,3691125,0.439025,8407551
2,2021-04-13,100464,5706211,52064,2831026,48151,2622882,249,252303,55370,1483870,0.176493,44890,2263755,0.269253,56500,3747625,0.445745,8407551
2,2021-04-14,105014,5811225,55164,2886190,49802,2672684,48,252351,54342,1489240,0.177131,50437,2314192,0.275252,55807,3803432,0.452383,8407551
2,2021-04-15,111381,5922606,59409,2945599,51907,2724591,65,252416,58742,1496766,0.178026,52316,2366508,0.281474,59842,3863274,0.459501,8407551
2,2021-04-16,108751,6031357,56644,3002243,52057,2776648,50,252466,55702,1500575,0.178479,52773,2419281,0.287751,56582,3919856,0.46623,8407551
2,2021-04-17,81594,6112951,41575,3043818,40006,2816654,13,252479,46115,1512250,0.179868,35305,2454586,0.29195,46980,3966836,0.471818,8407551
2,2021-04-18,33885,6146836,20253,3064071,13627,2830281,5,252484,16362,1512158,0.179857,17422,2472008,0.294022,17330,3984166,0.473879,8407551
2,2021-04-19,73322,6220158,39700,3103771,33611,2863892,11,252495,33702,1507081,0.179253,39403,2511411,0.298709,34326,4018492,0.477962,8407551
2,2021-04-20,94427,6314585,47242,3151013,47163,2911055,22,252517,46236,1506118,0.179139,47947,2559358,0.304412,46984,4065476,0.483551,8407551
2,2021-04-21,98587,6413172,52491,3203504,46043,2957098,53,252570,47030,1502831,0.178748,51238,2610596,0.310506,47951,4113427,0.489254,8407551
2,2021-04-22,104809,6517981,53785,3257289,51004,3008102,20,252590,46147,1491511,0.177401,58354,2668950,0.317447,47034,4160461,0.494848,8407551
2,2021-04-23,103965,6621946,55011,3312300,48938,3057040,16,252606,48344,1485458,0.176681,55310,2724260,0.324025,49257,4209718,0.500707,8407551
2,2021-04-24,78401,6700347,46560,3358860,31804,3088844,37,252643,41286,1490859,0.177324,36832,2761092,0.328406,42233,4251951,0.50573,8407551
2,2021-04-25,35889,6736236,22254,3381114,13621,3102465,14,252657,19644,1494837,0.177797,16134,2777226,0.330325,20112,4272063,0.508122,8407551
2,2021-04-26,67612,6803848,37803,3418917,29522,3131987,287,252944,30992,1491099,0.177352,36406,2813632,0.334655,32668,4304731,0.512008,8407551
2,2021-04-27,82061,6885909,43303,3462220,37621,3169608,1137,254081,35251,1482080,0.17628,46573,2860205,0.340195,37554,4342285,0.516474,8407551
2,2021-04-28,84493,6970402,44712,3506932,37960,3207568,1821,255902,37001,1474547,0.175384,47239,2907444,0.345813,39706,4381991,0.521197,8407551
2,2021-04-29,87064,7057466,46995,3553927,38411,3245979,1658,257560,33538,1457051,0.173303,53282,2960726,0.352151,35786,4417777,0.525453,8407551
2,2021-04-30,91172,7148638,50312,3604239,38925,3284904,1935,259495,35284,1439296,0.171191,55603,3016329,0.358764,37848,4455625,0.529955,8407551
2,2021-05-01,60419,7209057,36823,3641062,22058,3306962,1538,261033,23806,1429067,0.169974,36412,3052741,0.363095,26183,4481808,0.533069,8407551
2,2021-05-02,28716,7237773,19829,3660891,7917,3314879,970,262003,11042,1423597,0.169324,17570,3070311,0.365185,12100,4493908,0.534509,8407551
2,2021-05-03,59102,7296875,35147,3696038,21930,3336809,2025,264028,19827,1406622,0.167305,39079,3109390,0.369833,22104,4516012,0.537138,8407551
2,2021-05-04,77281,7374156,45859,3741897,29093,3365902,2329,266357,25176,1382651,0.164453,51862,3161252,0.376002,27891,4543903,0.540455,8407551
2,2021-05-05,77579,7451735,45934,3787831,29336,3395238,2309,268666,24325,1356676,0.161364,52944,3214196,0.382299,26969,4570872,0.543663,8407551
2,2021-05-06,79710,7531445,48021,3835852,28838,3424076,2851,271517,24497,1329844,0.158173,54803,3268999,0.388817,27971,4598843,0.54699,8407551
2,2021-05-07,80608,7612053,46432,3882284,31778,3455854,2398,273915,25032,1302455,0.154915,55261,3324260,0.39539,27872,4626715,0.550305,8407551
2,2021-05-08,52772,7664825,31889,3914173,19239,3475093,1644,275559,16581,1285409,0.152887,35954,3360214,0.399666,18908,4645623,0.552554,8407551
2,2021-05-09,21205,7686030,15160,3929333,5304,3480397,741,276300,6358,1278003,0.152007,14726,3374940,0.401418,7320,4652943,0.553424,8407551
2,2021-05-10,48281,7734311,26245,3955578,20224,3500621,1812,278112,13863,1260060,0.149872,34200,3409140,0.405485,16257,4669200,0.555358,8407551
2,2021-05-11,61677,7795988,32872,3988450,26844,3527465,1961,280073,18587,1238411,0.147297,42848,3451988,0.410582,21199,4690399,0.557879,8407551
2,2021-05-12,59951,7855939,31597,4020047,26342,3553807,2012,282085,17931,1216928,0.144742,41784,3493772,0.415552,20301,4710700,0.560294,8407551
2,2021-05-13,63657,7919596,36983,4057030,24870,3578677,1804,283889,23397,1202729,0.143053,40055,3533827,0.420316,25856,4736556,0.563369,8407551
2,2021-05-14,75503,7995099,45138,4102168,28276,3606953,2089,285978,29479,1189194,0.141444,45741,3579568,0.425756,32206,4768762,0.5672,8407551
2,2021-05-15,62808,8057907,41666,4143834,19595,3626548,1547,287525,24426,1177350,0.140035,38200,3617768,0.4303,26356,4795118,0.570335,8407551
2,2021-05-16,29330,8087237,22172,4166006,6293,3632841,865,288390,12140,1173393,0.139564,17097,3634865,0.432333,13140,4808258,0.571898,8407551
2,2021-05-17,55287,8142524,35195,4201201,18278,3651119,1814,290204,23029,1166485,0.138743,32094,3666959,0.436151,25186,4833444,0.574893,8407551
2,2021-05-18,53927,8196451,30081,4231282,22284,3673403,1562,291766,20756,1156228,0.137523,32987,3699946,0.440074,22730,4856174,0.577597,8407551
2,2021-05-19,33663,8230114,20434,4251716,12169,3685572,1060,292826,13254,1150461,0.136837,20274,3720220,0.442486,14507,4870681,0.579322,8407551
3,2020-12-15,304,304,304,304,0,0,0,0,304,304,3.7e-05,0,0,0.0,304,304,3.7e-05,8129050
3,2020-12-16,2216,2520,2216,2520,0,0,0,0,2216,2520,0.00031,0,0,0.0,2216,2520,0.00031,8129050
3,2020-12-17,7611,10131,7611,10131,0,0,0,0,7611,10131,0.001246,0,0,0.0,7611,10131,0.001246,8129050
3,2020-12-18,13036,23167,13023,23154,13,13,0,0,13036,23167,0.00285,0,0,0.0,13036,23167,0.00285,8129050
3,2020-12-19,7187,30354,7176,30330,11,24,0,0,7251,30418,0.003742,0,0,0.0,7251,30418,0.003742,8129050
3,2020-12-20,5629,35983,5622,35952,7,31,0,0,5676,36093,0.00444,1,1,0.0,5676,36094,0.00444,8129050
3,2020-12-21,14272,50255,14249,50201,23,54,0,0,14337,50429,0.006204,1,2,0.0,14337,50431,0.006204,8129050
3,2020-12-22,14695,64950,14125,64326,570,624,0,0,14734,65163,0.008016,0,2,0.0,14734,65165,0.008016,8129050
3,2020-12-23,14665,79615,12077,76403,2588,3212,0,0,14691,79854,0.009823,0,2,0.0,14691,79856,0.009824,8129050
3,2020-12-24,6767,86382,4858,81261,1909,5121,0,0,6765,86618,0.010655,1,3,0.0,6765,86621,0.010656,8129050
3,2020-12-25,720,87102,664,81925,56,5177,0,0,719,87337,0.010744,0,3,0.0,719,87340,0.010744,8129050
3,2020-12-26,4600,91702,2988,84913,1612,6789,0,0,4598,91935,0.011309,0,3,0.0,4598,91938,0.01131,8129050
3,2020-12-27,2952,94654,1833,86746,1119,7908,0,0,2953,94888,0.011673,0,3,0.0,2953,94891,0.011673,8129050
3,2020-12-28,13477,108131,8615,95361,4862,12770,0,0,13505,108392,0.013334,1,4,0.0,13505,108396,0.013334,8129050
3,2020-12-29,14936,123067,8432,103793,6504,19274,0,0,14964,123354,0.015174,2,6,1e-06,14964,123360,0.015175,8129050
3,2020-12-30,18002,141069,10046,113839,7956,27230,0,0,17989,141343,0.017387,0,6,1e-06,17989,141349,0.017388,8129050
3,2020-12-31,8376,149445,3213,117052,5163,32393,0,0,8376,149718,0.018418,1,7,1e-06,8376,149725,0.018419,8129050
3,2021-01-01,1189,150634,542,117594,647,33040,0,0,1186,150904,0.018564,0,7,1e-06,1186,150911,0.018564,8129050
3,2021-01-02,4995,155629,2479,120073,2516,35556,0,0,4995,155899,0.019178,0,7,1e-06,4995,155906,0.019179,8129050
3,2021-01-03,1597,157226,840,120913,757,36313,0,0,1588,157483,0.019373,4,11,1e-06,1588,157494,0.019374,8129050
3,2021-01-04,11966,169192,5989,126902,5977,42290,0,0,11939,169415,0.020841,7,18,2e-06,11939,169433,0.020843,8129050
3,2021-01-05,15591,184783,8049,134951,7542,49832,0,0,13991,181845,0.02237,1586,1604,0.000197,14016,183449,0.022567,8129050
3,2021-01-06,20472,205255,10791,145742,9681,59513,0,0,16079,193578,0.023813,4352,5956,0.000733,16085,199534,0.024546,8129050
3,2021-01-07,26355,231610,15032,160774,11323,70836,0,0,17184,201633,0.024804,9143,15099,0.001857,17198,216732,0.026661,8129050
3,2021-01-08,30235,261845,18465,179239,11770,82606,0,0,18075,207589,0.025537,12139,27238,0.003351,18095,234827,0.028887,8129050
3,2021-01-09,12333,274178,6961,186200,5372,87978,0,0,7849,210968,0.025952,4478,31716,0.003902,7857,242684,0.029854,8129050
3,2021-01-10,7159,281337,4461,190661,2698,90676,0,0,4021,211857,0.026062,3136,34852,0.004287,4025,246709,0.030349,8129050
3,2021-01-11,28787,310124,18862,209523,9925,100601,0,0,16285,215688,0.026533,12497,47349,0.005825,16328,263037,0.032358,8129050
3,2021-01-12,32001,342125,19097,228620,12904,113505,0,0,19622,223030,0.027436,12364,59713,0.007346,19706,282743,0.034782,8129050
3,2021-01-13,34323,376448,17956,246576,16367,129872,0,0,24242,237209,0.02918,10082,69795,0.008586,24261,307004,0.037766,8129050
3,2021-01-14,34407,410855,14134,260710,20273,150145,0,0,28541,259951,0.031978,5833,75628,0.009303,28575,335579,0.041281,8129050
3,2021-01-15,38659,449514,14412,275122,24247,174392,0,0,34050,289465,0.035609,4598,80226,0.009869,34112,369691,0.045478,8129050
3,2021-01-16,21728,471242,7598,282720,14130,188522,0,0,19422,306615,0.037718,2293,82519,0.010151,19443,389134,0.04787,8129050
3,2021-01-17,13112,484354,4468,287188,8644,197166,0,0,12085,317692,0.039081,1026,83545,0.010277,12103,401237,0.049358,8129050
3,2021-01-18,24577,508931,12806,299994,11771,208937,0,0,19073,331287,0.040753,5522,89067,0.010957,19117,420354,0.05171,8129050
3,2021-01-19,40770,549701,20852,320846,19918,228855,0,0,31735,354092,0.043559,9010,98077,0.012065,31815,452169,0.055624,8129050
3,2021-01-20,44837,594538,22096,342942,22741,251596,0,0,35534,380442,0.0468,9260,107337,0.013204,35610,487779,0.060004,8129050
3,2021-01-21,47298,641836,20441,363383,26857,278453,0,0,41884,417048,0.051303,5342,112679,0.013861,41948,529727,0.065165,8129050
3,2021-01-22,49409,691245,19772,383155,29637,308090,0,0,45306,458306,0.056379,4110,116789,0.014367,45368,575095,0.070746,8129050
3,2021-01-23,30021,721266,12745,395900,17276,325366,0,0,26702,481746,0.059262,3308,120097,0.014774,26748,601843,0.074036,8129050
3,2021-01-24,17621,738887,8490,404390,9131,334497,0,0,16477,497105,0.061152,1142,121239,0.014914,16501,618344,0.076066,8129050
3,2021-01-25,40385,779272,18128,422518,22257,356754,0,0,30529,517879,0.063707,9838,131077,0.016125,30612,648956,0.079832,8129050
3,2021-01-26,46642,825914,22324,444842,24318,381072,0,0,36705,544760,0.067014,9926,141003,0.017346,36807,685763,0.08436,8129050
3,2021-01-27,50341,876255,24394,469236,25947,407019,0,0,39846,574262,0.070643,10418,151421,0.018627,39920,725683,0.08927,8129050
3,2021-01-28,51342,927597,23849,493085,27493,434512,0,0,42514,608077,0.074803,8746,160167,0.019703,42561,768244,0.094506,8129050
3,2021-01-29,50204,977801,24173,517258,26031,460543,0,0,40777,639659,0.078688,9241,169408,0.02084,40823,809067,0.099528,8129050
3,2021-01-30,36604,1014405,17369,534627,19235,479778,0,0,32055,667292,0.082087,4500,173908,0.021393,32133,841200,0.103481,8129050
3,2021-01-31,22219,1036624,12830,547457,9389,489167,0,0,20733,686569,0.084459,1474,175382,0.021575,20751,861951,0.106033,8129050
3,2021-02-01,45082,1081706,20444,567901,24638,513805,0,0,34737,711041,0.087469,10303,185685,0.022842,34775,896726,0.110311,8129050
3,2021-02-02,54094,1135800,22736,590637,31358,545163,0,0,41453,739989,0.09103,12553,198238,0.024386,41501,938227,0.115417,8129050
3,2021-02-03,59636,1195436,26620,617257,33016,578179,0,0,44397,769372,0.094645,15082,213320,0.026242,44465,982692,0.120886,8129050
3,2021-02-04,63974,1259410,27837,645094,36137,614316,0,0,46933,799559,0.098358,16850,230170,0.028315,47037,1029729,0.126673,8129050
3,2021-02-05,69785,1329195,29740,674834,40045,654361,0,0,48270,826687,0.101695,21302,251472,0.030935,48430,1078159,0.13263,8129050
3,2021-02-06,43462,1372657,21173,696007,22289,676650,0,0,33714,850862,0.104669,9720,261192,0.032131,33895,1112054,0.1368,8129050
3,2021-02-07,19439,1392096,12317,708324,7122,683772,0,0,14954,861467,0.105974,4475,265667,0.032681,15080,1127134,0.138655,8129050
3,2021-02-08,50745,1442841,24473,732797,26272,710044,0,0,33310,877644,0.107964,17316,282983,0.034811,33493,1160627,0.142775,8129050
3,2021-02-09,58135,1500976,28312,761109,29823,739867,0,0,34150,888324,0.109278,23814,306797,0.037741,34494,1195121,0.147019,8129050
3,2021-02-10,67380,1568356,31344,792453,36036,775903,0,0,36592,894884,0.110085,30560,337357,0.0415,37120,1232241,0.151585,8129050
3,2021-02-11,70110,1638466,34637,827090,35473,811376,0,0,37621,900886,0.110823,32148,369505,0.045455,38150,1270391,0.156278,8129050
3,2021-02-12,74703,1713169,32369,859459,42334,853710,0,0,41393,910009,0.111945,33025,402530,0.049517,42148,1312539,0.161463,8129050
3,2021-02-13,44550,1757719,20255,879714,24295,878005,0,0,25712,917611,0.11288,18690,421220,0.051817,26292,1338831,0.164697,8129050
3,2021-02-14,27100,1784819,13559,893273,13541,891546,0,0,15167,921338,0.113339,11888,433108,0.053279,15615,1354446,0.166618,8129050
3,2021-02-15,39706,1824525,17126,910399,22580,914126,0,0,22009,926672,0.113995,17609,450717,0.055445,22943,1377389,0.16944,8129050
3,2021-02-16,69420,1893945,32830,943229,36590,950716,0,0,36220,930846,0.114509,33070,483787,0.059513,37244,1414633,0.174022,8129050
3,2021-02-17,71221,1965166,36070,979299,35151,985867,0,0,34000,928916,0.114271,37001,520788,0.064065,35071,1449704,0.178336,8129050
3,2021-02-18,76176,2041342,39805,1019104,36371,1022238,0,0,35379,924971,0.113786,40661,561449,0.069067,36716,1486420,0.182853,8129050
3,2021-02-19,67981,2109323,39227,1058331,28754,1050992,0,0,34495,926765,0.114007,33389,594838,0.073174,35183,1521603,0.187181,8129050
3,2021-02-20,41571,2150894,26355,1084686,15216,1066208,0,0,22083,929937,0.114397,19403,614241,0.075561,22575,1544178,0.189958,8129050
3,2021-02-21,22319,2173213,18561,1103247,3758,1069966,0,0,10681,929428,0.114334,11567,625808,0.076984,11058,1555236,0.191318,8129050
3,2021-02-22,44822,2218035,29240,1132487,15582,1085548,0,0,21266,927694,0.114121,23479,649287,0.079872,21745,1576981,0.193993,8129050
3,2021-02-23,60282,2278317,32967,1165454,27315,1112863,0,0,26724,922976,0.11354,33424,682711,0.083984,28706,1605687,0.197525,8129050
3,2021-02-24,76192,2354509,37332,1202786,38860,1151723,0,0,34181,917818,0.112906,41838,724549,0.089131,36680,1642367,0.202037,8129050
3,2021-02-25,85125,2439634,41379,1244165,43746,1195469,0,0,42864,921213,0.113324,42043,766592,0.094303,45438,1687805,0.207626,8129050
3,2021-02-26,95438,2535072,43529,1287694,51909,1247378,0,0,51121,930533,0.11447,43991,810583,0.099714,53311,1741116,0.214184,8129050
3,2021-02-27,67455,2602527,31095,1318789,36357,1283735,3,3,35855,936264,0.115175,31424,842007,0.10358,37155,1778271,0.218755,8129050
3,2021-02-28,37660,2640187,21901,1340690,15758,1299493,1,4,19543,938789,0.115486,17967,859974,0.10579,20492,1798763,0.221276,8129050
3,2021-03-01,65719,2705906,35012,1375702,30692,1330185,15,19,36784,948137,0.116636,28780,888754,0.109331,38128,1836891,0.225966,8129050
3,2021-03-02,77355,2783261,38335,1414037,39016,1369201,4,23,45420,963803,0.118563,31819,920573,0.113245,47485,1884376,0.231808,8129050
3,2021-03-03,87663,2870924,41931,1455968,45717,1414918,15,38,49073,976721,0.120152,38421,958994,0.117971,51339,1935715,0.238123,8129050
3,2021-03-04,92198,2963122,45405,1501373,46778,1461696,15,53,52569,992135,0.122048,39435,998429,0.122822,54849,1990564,0.24487,8129050
3,2021-03-05,88720,3051842,43690,1545063,44740,1506436,290,343,54333,1014809,0.124837,34168,1032597,0.127026,56842,2047406,0.251863,8129050
3,2021-03-06,64451,3116293,32654,1577717,29660,1536096,2137,2480,36982,1028059,0.126467,27340,1059937,0.130389,40590,2087996,0.256856,8129050
3,2021-03-07,37225,3153518,22264,1599981,13851,1549947,1110,3590,21494,1036149,0.127462,15678,1075615,0.132317,23768,2111764,0.25978,8129050
3,2021-03-08,58392,3211910,27954,1627935,27616,1577563,2822,6412,37162,1056588,0.129977,21095,1096710,0.134912,41534,2153298,0.264889,8129050
3,2021-03-09,75858,3287768,35290,1663225,36230,1613793,4338,10750,41014,1068389,0.131429,34732,1131442,0.139185,46533,2199831,0.270614,8129050
3,2021-03-10,81957,3369725,41131,1704356,34797,1648590,6029,16779,42987,1080018,0.132859,38792,1170234,0.143957,50421,2250252,0.276816,8129050
3,2021-03-11,95910,3465635,46885,1751241,40516,1689106,8509,25288,47226,1088432,0.133894,48441,1218675,0.149916,56855,2307107,0.28381,8129050
3,2021-03-12,100411,3566046,44623,1795864,43995,1733101,11793,37081,46131,1093396,0.134505,54104,1272779,0.156572,59068,2366175,0.291076,8129050
3,2021-03-13,68690,3634736,29087,1824951,32413,1765514,7190,44271,36083,1105545,0.135999,32506,1305285,0.16057,44655,2410830,0.29657,8129050
3,2021-03-14,40228,3674964,21147,1846098,15597,1781111,3484,47755,20629,1110758,0.136641,19538,1324823,0.162974,24751,2435581,0.299614,8129050
3,2021-03-15,74488,3749452,35308,1881406,34684,1815795,4496,52251,39480,1120899,0.137888,34843,1359666,0.16726,44984,2480565,0.305148,8129050
3,2021-03-16,93911,3843363,43244,1924650,46413,1862208,4254,56505,53181,1138721,0.14008,40541,1400207,0.172247,58363,2538928,0.312328,8129050
3,2021-03-17,96505,3939868,46828,1971478,45280,1907488,4397,60902,59051,1165579,0.143384,37262,1437469,0.176831,64120,2603048,0.320216,8129050
3,2021-03-18,101752,4041620,51628,2023106,45758,1953246,4366,65268,59319,1187615,0.146095,42205,1479674,0.182023,64241,2667289,0.328118,8129050
3,2021-03-19,101264,4142884,54070,2077176,42804,1996050,4390,69658,57519,1206551,0.148425,43516,1523190,0.187376,62452,2729741,0.335801,8129050
3,2021-03-20,70366,4213250,36224,2113400,30583,2026633,3559,73217,43961,1228329,0.151104,26242,1549432,0.190604,48020,2777761,0.341708,8129050
3,2021-03-21,35413,4248663,24076,2137476,9875,2036508,1462,74679,22966,1240852,0.152644,12376,1561808,0.192127,24899,2802660,0.344771,8129050
3,2021-03-22,69332,4317995,40713,2178189,26151,2062659,2468,77147,45028,1265236,0.155644,24123,1585931,0.195094,48507,2851167,0.350738,8129050
3,2021-03-23,88581,4406576,48822,2227011,37308,2099967,2451,79598,55038,1290110,0.158704,33320,1619251,0.199193,58194,2909361,0.357897,8129050
3,2021-03-24,97507,4504083,56159,2283170,38561,2138528,2787,82385,56455,1309205,0.161053,40755,1660006,0.204207,59850,2969211,0.365259,8129050
3,2021-03-25,105979,4610062,58978,2342148,44155,2182683,2846,85231,60582,1328172,0.163386,45115,1705121,0.209756,64082,3033293,0.373142,8129050
3,2021-03-26,108803,4718865,58280,2400428,47313,2229996,3210,88441,57137,1337965,0.164591,51405,1756526,0.21608,61198,3094491,0.380671,8129050
3,2021-03-27,73175,4792040,37064,2437492,33584,2263580,2527,90968,36257,1340689,0.164926,36741,1793267,0.2206,39465,3133956,0.385525,8129050
3,2021-03-28,43279,4835319,27173,2464665,15302,2278882,804,91772,22562,1343932,0.165325,20621,1813888,0.223137,23864,3157820,0.388461,8129050
3,2021-03-29,79587,4914906,41575,2506240,36239,2315121,1773,93545,44462,1356047,0.166815,34925,1848813,0.227433,47040,3204860,0.394248,8129050
3,2021-03-30,98799,5013705,48564,2554804,46678,2361799,3557,97102,55887,1373402,0.16895,42698,1891511,0.232685,60053,3264913,0.401635,8129050
3,2021-03-31,103688,5117393,55925,2610729,43031,2404830,4732,101834,56139,1387231,0.170651,47382,1938893,0.238514,61211,3326124,0.409165,8129050
3,2021-04-01,121821,5239214,61677,2672406,50724,2455554,9420,111254,66527,1408573,0.173276,55015,1993908,0.245282,76357,3402481,0.418558,8129050
3,2021-04-02,116163,5355377,56699,2729105,49419,2504973,10045,121299,61869,1426969,0.175539,54074,2047982,0.251934,72470,3474951,0.427473,8129050
3,2021-04-03,75076,5430453,38301,2767406,27761,2532734,9014,130313,37762,1436910,0.176762,37201,2085183,0.25651,47142,3522093,0.433272,8129050
3,2021-04-04,32262,5462715,17246,2784652,10842,2543576,4174,134487,14418,1437779,0.176869,17782,2102965,0.258698,18651,3540744,0.435567,8129050
3,2021-04-05,88072,5550787,44745,2829397,34384,2577960,8943,143430,43606,1446887,0.17799,44304,2147269,0.264148,53412,3594156,0.442137,8129050
3,2021-04-06,112236,5663023,54779,2884176,42453,2620413,15004,158434,53325,1457277,0.179268,58688,2205957,0.271367,69078,3663234,0.450635,8129050
3,2021-04-07,114893,5777916,59760,2943936,39076,2659489,16057,174491,56086,1471140,0.180973,58607,2264564,0.278577,72470,3735704,0.45955,8129050
3,2021-04-08,119873,5897789,60016,3003952,40039,2699528,19818,194309,56026,1484177,0.182577,63605,2328169,0.286401,76642,3812346,0.468978,8129050
3,2021-04-09,116570,6014359,58248,3062200,39461,2738989,18861,213170,51647,1490876,0.183401,64728,2392897,0.294364,71427,3883773,0.477765,8129050
3,2021-04-10,82537,6096896,37467,3099667,30056,2769045,15014,228184,33949,1492232,0.183568,48445,2441342,0.300323,49801,3933574,0.483891,8129050
3,2021-04-11,44588,6141484,23970,3123637,12680,2781725,7938,236122,17140,1490776,0.183389,27370,2468712,0.30369,25914,3959488,0.487079,8129050
3,2021-04-12,82828,6224312,41978,3165615,32274,2813999,8576,244698,38007,1493784,0.183759,44644,2513356,0.309182,47652,4007140,0.492941,8129050
3,2021-04-13,104193,6328505,56540,3222155,47446,2861445,207,244905,55351,1501545,0.184713,48665,2562021,0.315169,56426,4063566,0.499882,8129050
3,2021-04-14,105338,6433843,57796,3279951,47451,2908896,91,244996,53172,1504294,0.185052,51931,2613952,0.321557,54680,4118246,0.506609,8129050
3,2021-04-15,117582,6551425,66234,3346185,51292,2960188,56,245052,63397,1514578,0.186317,53948,2667900,0.328193,64232,4182478,0.51451,8129050
3,2021-04-16,113580,6665005,63789,3409974,49701,3009889,90,245142,59781,1521538,0.187173,53565,2721465,0.334783,60525,4243003,0.521956,8129050
3,2021-04-17,77763,6742768,42534,3452508,35217,3045106,12,245154,43546,1531978,0.188457,34067,2755532,0.338973,44507,4287510,0.527431,8129050
3,2021-04-18,36855,6779623,21836,3474344,15016,3060122,3,245157,17489,1531034,0.188341,19291,2774823,0.341347,18347,4305857,0.529688,8129050
3,2021-04-19,77862,6857485,43589,3517933,34222,3094344,51,245208,35401,1524671,0.187558,42339,2817162,0.346555,35976,4341833,0.534113,8129050
3,2021-04-20,97636,6955121,50640,3568573,46986,3141330,10,245218,47774,1523814,0.187453,49680,2866842,0.352666,48823,4390656,0.540119,8129050
3,2021-04-21,100605,7055726,55527,3624100,45017,3186347,61,245279,47842,1520173,0.187005,52502,2919344,0.359125,48861,4439517,0.54613,8129050
3,2021-04-22,108343,7164069,60519,3684619,47803,3234150,21,245300,46962,1506943,0.185378,61149,2980493,0.366647,47919,4487436,0.552025,8129050
3,2021-04-23,102537,7266606,58356,3742975,44159,3278309,22,245322,45215,1496109,0.184045,57061,3037554,0.373667,46227,4533663,0.557711,8129050
3,2021-04-24,72397,7339003,44942,3787917,27398,3305707,57,245379,35506,1495961,0.184027,36672,3074226,0.378178,36524,4570187,0.562204,8129050
3,2021-04-25,36123,7375126,23347,3811264,12762,3318469,14,245393,18680,1497678,0.184238,17360,3091586,0.380313,19077,4589264,0.564551,8129050
3,2021-04-26,67092,7442218,37885,3849149,28831,3347300,376,245769,28601,1489633,0.183248,38306,3129892,0.385026,30261,4619525,0.568274,8129050
3,2021-04-27,84536,7526754,44337,3893486,38798,3386098,1401,247170,33906,1475275,0.181482,50398,3180290,0.391225,36040,4655565,0.572707,8129050
3,2021-04-28,83370,7610124,46968,3940454,34323,3420421,2079,249249,33784,1462287,0.179884,49374,3229664,0.397299,36386,4691951,0.577183,8129050
3,2021-04-29,85304,7695428,48463,3988917,34686,3455107,2155,251404,29825,1439503,0.177081,55239,3284903,0.404094,32455,4724406,0.581176,8129050
3,2021-04-30,87678,7783106,49351,4038268,35895,3491002,2432,253836,32580,1420115,0.174696,54842,3339745,0.410841,35454,4759860,0.585537,8129050
3,2021-05-01,54157,7837263,34242,4072510,18487,3509489,1428,255264,19504,1407027,0.173086,34499,3374244,0.415085,21411,4781271,0.588171,8129050
3,2021-05-02,26480,7863743,18008,4090518,7465,3516954,1007,256271,9747,1401219,0.172372,16662,3390906,0.417134,10854,4792125,0.589506,8129050
3,2021-05-03,58655,7922398,34492,4125010,21838,3538792,2325,258596,17180,1379594,0.169712,41306,3432212,0.422216,19681,4811806,0.591927,8129050
3,2021-05-04,75268,7997666,43073,4168083,29580,3568372,2615,261211,21987,1351435,0.166248,53038,3485250,0.42874,24879,4836685,0.594988,8129050
3,2021-05-05,76199,8073865,45496,4213579,28063,3596435,2640,263851,20982,1320366,0.162426,54951,3540201,0.4355,23882,4860567,0.597926,8129050
3,2021-05-06,80773,8154638,51049,4264628,27285,3623720,2439,266290,20265,1283491,0.157889,60128,3600329,0.442897,23253,4883820,0.600786,8129050
3,2021-05-07,79372,8234010,49230,4313858,27579,3651299,2563,268853,21316,1249883,0.153755,57778,3658107,0.450004,24170,4907990,0.603759,8129050
3,2021-05-08,50088,8284098,30922,4344780,17537,3668836,1629,270482,13401,1228771,0.151158,36387,3694494,0.45448,15275,4923265,0.605638,8129050
3,2021-05-09,20360,8304458,14727,4359507,4842,3673678,791,271273,5607,1220602,0.150153,14633,3709127,0.456281,6464,4929729,0.606434,8129050
3,2021-05-10,46168,8350626,24795,4384302,19494,3693172,1879,273152,11017,1198790,0.14747,34961,3744088,0.460581,13149,4942878,0.608051,8129050
3,2021-05-11,59415,8410041,32761,4417063,24638,3717810,2016,275168,15063,1172128,0.14419,44167,3788255,0.466014,17505,4960383,0.610205,8129050
3,2021-05-12,58934,8468975,33594,4450657,23212,3741022,2128,277296,15539,1146866,0.141082,43197,3831452,0.471328,17935,4978318,0.612411,8129050
3,2021-05-13,66720,8535695,41988,4492645,22990,3764012,1742,279038,24183,1130995,0.13913,42349,3873801,0.476538,26478,5004796,0.615668,8129050
3,2021-05-14,76543,8612238,48385,4541030,26077,3790089,2081,281119,29990,1117331,0.137449,46324,3920125,0.482237,32660,5037456,0.619686,8129050
3,2021-05-15,59115,8671353,40789,4581819,17217,3807306,1109,282228,24470,1108634,0.136379,34486,3954611,0.486479,25789,5063245,0.622858,8129050
3,2021-05-16,29376,8700729,22401,4604220,6305,3813611,670,282898,11859,1103812,0.135786,17430,3972041,0.488623,12608,5075853,0.624409,8129050
3,2021-05-17,53827,8754556,34418,4638638,17667,3831278,1742,284640,21020,1094189,0.134602,32567,4004608,0.492629,22944,5098797,0.627232,8129050
3,2021-05-18,47346,8801902,26594,4665232,19425,3850703,1327,285967,16809,1082160,0.133123,30360,4034968,0.496364,18331,5117128,0.629487,8129050
3,2021-05-19,29189,8831091,17755,4682987,10612,3861315,822,286789,11406,1076783,0.132461,17676,4052644,0.498538,12299,5129427,0.631,8129050
4,2020-12-15,446,446,446,446,0,0,0,0,446,446,5.5e-05,0,0,0.0,446,446,5.5e-05,8037679
4,2020-12-16,2969,3415,2969,3415,0,0,0,0,2969,3415,0.000425,0,0,0.0,2969,3415,0.000425,8037679
4,2020-12-17,8537,11952,8537,11952,0,0,0,0,8538,11953,0.001487,0,0,0.0,8538,11953,0.001487,8037679
4,2020-12-18,15390,27342,15381,27333,9,9,0,0,15390,27343,0.003402,0,0,0.0,15390,27343,0.003402,8037679
4,2020-12-19,10234,37576,10227,37560,7,16,0,0,10169,37512,0.004667,0,0,0.0,10169,37512,0.004667,8037679
4,2020-12-20,7352,44928,7345,44905,7,23,0,0,7307,44819,0.005576,0,0,0.0,7307,44819,0.005576,8037679
4,2020-12-21,16276,61204,16253,61158,23,46,0,0,16209,61028,0.007593,0,0,0.0,16209,61028,0.007593,8037679
4,2020-12-22,17091,78295,16361,77519,730,776,0,0,17047,78075,0.009714,0,0,0.0,17047,78075,0.009714,8037679
4,2020-12-23,16930,95225,14242,91761,2688,3464,0,0,16902,94977,0.011816,0,0,0.0,16902,94977,0.011816,8037679
4,2020-12-24,8542,103767,5959,97720,2583,6047,0,0,8542,103519,0.012879,0,0,0.0,8542,103519,0.012879,8037679
4,2020-12-25,900,104667,796,98516,104,6151,0,0,900,104419,0.012991,0,0,0.0,900,104419,0.012991,8037679
4,2020-12-26,6168,110835,3866,102382,2302,8453,0,0,6168,110587,0.013759,0,0,0.0,6168,110587,0.013759,8037679
4,2020-12-27,3416,114251,1996,104378,1420,9873,0,0,3416,114003,0.014184,0,0,0.0,3416,114003,0.014184,8037679
4,2020-12-28,14965,129216,9251,113629,5714,15587,0,0,14935,128937,0.016042,1,1,0.0,14935,128938,0.016042,8037679
4,2020-12-29,15233,144449,8428,122057,6805,22392,0,0,15200,144137,0.017933,0,1,0.0,15200,144138,0.017933,8037679
4,2020-12-30,18870,163319,11052,133109,7818,30210,0,0,18859,162994,0.020279,2,3,0.0,18859,162997,0.020279,8037679
4,2020-12-31,8196,171515,3324,136433,4872,35082,0,0,8191,171183,0.021298,2,5,1e-06,8191,171188,0.021298,8037679
4,2021-01-01,1255,172770,535,136968,720,35802,0,0,1253,172434,0.021453,2,7,1e-06,1253,172441,0.021454,8037679
4,2021-01-02,5668,178438,3197,140165,2471,38273,0,0,5667,178100,0.022158,1,8,1e-06,5667,178108,0.022159,8037679
4,2021-01-03,2128,180566,1262,141427,866,39139,0,0,2114,180210,0.022421,4,12,1e-06,2114,180222,0.022422,8037679
4,2021-01-04,12963,193529,7068,148495,5895,45034,0,0,12915,193095,0.024024,30,42,5e-06,12915,193137,0.024029,8037679
4,2021-01-05,16776,210305,9923,158418,6853,51887,0,0,14750,205851,0.025611,2005,2047,0.000255,14761,207898,0.025865,8037679
4,2021-01-06,21478,231783,13163,171581,8315,60202,0,0,15635,215707,0.026837,5792,7839,0.000975,15648,223546,0.027812,8037679
4,2021-01-07,27764,259547,16928,188509,10836,71038,0,0,16980,221972,0.027616,10729,18568,0.00231,16994,240540,0.029927,8037679
4,2021-01-08,32619,292166,20927,209436,11692,82730,0,0,18480,226400,0.028167,14070,32638,0.004061,18498,259038,0.032228,8037679
4,2021-01-09,16167,308333,9558,218994,6609,89339,0,0,9432,229130,0.028507,6713,39351,0.004896,9443,268481,0.033403,8037679
4,2021-01-10,8708,317041,5624,224618,3084,92423,0,0,4109,228669,0.02845,4578,43929,0.005465,4117,272598,0.033915,8037679
4,2021-01-11,33271,350312,21803,246421,11468,103891,0,0,18776,233031,0.028992,14453,58382,0.007264,18815,291413,0.036256,8037679
4,2021-01-12,38126,388438,21880,268301,16246,120137,0,0,24112,243218,0.03026,13964,72346,0.009001,24151,315564,0.039261,8037679
4,2021-01-13,38425,426863,18912,287213,19513,139650,0,0,27235,259342,0.032266,11136,83482,0.010386,27260,342824,0.042652,8037679
4,2021-01-14,38930,465793,14869,302082,24061,163711,0,0,31887,284260,0.035366,6996,90478,0.011257,31914,374738,0.046623,8037679
4,2021-01-15,45095,510888,15605,317687,29490,193201,0,0,39578,318399,0.039613,5459,95937,0.011936,39598,414336,0.051549,8037679
4,2021-01-16,28554,539442,9350,327037,19204,212405,0,0,25452,340799,0.0424,3066,99003,0.012317,25466,439802,0.054718,8037679
4,2021-01-17,18948,558390,6651,333688,12297,224702,0,0,17438,356767,0.044387,1485,100488,0.012502,17453,457255,0.056889,8037679
4,2021-01-18,29430,587820,13667,347355,15763,240465,0,0,23477,374413,0.046582,5862,106350,0.013231,23508,480763,0.059814,8037679
4,2021-01-19,45815,633635,22994,370349,22821,263286,0,0,36506,401737,0.049982,9254,115604,0.014383,36578,517341,0.064364,8037679
4,2021-01-20,51582,685217,27362,397711,24220,287506,0,0,41187,432679,0.053831,10299,125903,0.015664,41241,558582,0.069495,8037679
4,2021-01-21,56346,741563,24958,422669,31388,318894,0,0,49963,476361,0.059266,6323,132226,0.016451,50005,608587,0.075717,8037679
4,2021-01-22,54844,796407,22052,444721,32792,351686,0,0,49767,521172,0.064841,4983,137209,0.017071,49794,658381,0.081912,8037679
4,2021-01-23,39380,835787,17408,462129,21972,373658,0,0,35087,552002,0.068677,4285,141494,0.017604,35115,693496,0.086281,8037679
4,2021-01-24,23908,859695,10496,472625,13412,387070,0,0,22038,572194,0.071189,1862,143356,0.017835,22054,715550,0.089024,8037679
4,2021-01-25,47644,907339,22037,494662,25607,412677,0,0,36614,597862,0.074382,11000,154356,0.019204,36668,752218,0.093586,8037679
4,2021-01-26,56290,963629,28752,523414,27538,440215,0,0,44184,630050,0.078387,12054,166410,0.020704,44242,796460,0.099091,8037679
4,2021-01-27,55159,1018788,26658,550072,28501,468716,0,0,44251,663578,0.082558,10776,177186,0.022044,44304,840764,0.104603,8037679
4,2021-01-28,56098,1074886,25324,575396,30774,499490,0,0,46238,700088,0.087101,9769,186955,0.02326,46279,887043,0.110361,8037679
4,2021-01-29,56035,1130921,26952,602348,29083,528573,0,0,45778,735778,0.091541,10116,197071,0.024518,45806,932849,0.116059,8037679
4,2021-01-30,37506,1168427,17090,619438,20416,548989,0,0,32260,762861,0.094911,5201,202272,0.025165,32284,965133,0.120076,8037679
4,2021-01-31,23808,1192235,12518,631956,11290,560279,0,0,22204,783491,0.097477,1589,203861,0.025363,22219,987352,0.12284,8037679
4,2021-02-01,48312,1240547,22823,654779,25489,585768,0,0,37952,811158,0.100919,10327,214188,0.026648,37994,1025346,0.127567,8037679
4,2021-02-02,55849,1296396,26334,681113,29515,615283,0,0,42108,839705,0.104471,13603,227791,0.02834,42150,1067496,0.132811,8037679
4,2021-02-03,61807,1358203,30411,711524,31396,646679,0,0,47599,873262,0.108646,14098,241889,0.030094,47655,1115151,0.13874,8037679
4,2021-02-04,67291,1425494,31391,742915,35900,682579,0,0,50648,907527,0.112909,16488,258377,0.032146,50753,1165904,0.145055,8037679
4,2021-02-05,72695,1498189,33698,776613,38997,721576,0,0,50788,936782,0.116549,21665,280042,0.034841,50920,1216824,0.15139,8037679
4,2021-02-06,48032,1546221,26020,802633,22012,743588,0,0,36599,962181,0.119709,11400,291442,0.036259,36799,1253623,0.155968,8037679
4,2021-02-07,26291,1572512,17355,819988,8936,752524,0,0,19922,975995,0.121427,6344,297786,0.037049,20158,1273781,0.158476,8037679
4,2021-02-08,58141,1630653,29855,849843,28286,780810,0,0,37872,993982,0.123665,20142,317928,0.039555,38129,1311910,0.16322,8037679
4,2021-02-09,66901,1697554,34102,883945,32799,813609,0,0,39292,1006133,0.125177,27541,345469,0.042981,39692,1351602,0.168158,8037679
4,2021-02-10,76855,1774409,38477,922422,38378,851987,0,0,40858,1011766,0.125878,35765,381234,0.047431,41398,1393000,0.173309,8037679
4,2021-02-11,80679,1855088,42093,964515,38586,890573,0,0,41766,1015496,0.126342,38697,419931,0.052245,42427,1435427,0.178587,8037679
4,2021-02-12,83781,1938869,37546,1002061,46235,936808,0,0,43246,1019166,0.126799,40360,460291,0.057267,44030,1479457,0.184065,8037679
4,2021-02-13,58350,1997219,29587,1031648,28763,965571,0,0,29819,1021468,0.127085,28414,488705,0.060802,30716,1510173,0.187887,8037679
4,2021-02-14,36642,2033861,19049,1050697,17593,983164,0,0,18832,1023193,0.1273,17764,506469,0.063012,19489,1529662,0.190311,8037679
4,2021-02-15,45892,2079753,21513,1072210,24379,1007543,0,0,23647,1025835,0.127628,22178,528647,0.065771,24820,1554482,0.193399,8037679
4,2021-02-16,79501,2159254,36398,1108608,43103,1050646,0,0,40631,1028901,0.12801,38777,567424,0.070596,41843,1596325,0.198605,8037679
4,2021-02-17,80831,2240085,38122,1146730,42709,1093355,0,0,38640,1026642,0.127729,42030,609454,0.075825,39771,1636096,0.203553,8037679
4,2021-02-18,82664,2322749,45512,1192242,37152,1130507,0,0,38300,1022212,0.127178,44202,653656,0.081324,39772,1675868,0.208501,8037679
4,2021-02-19,81656,2404405,51379,1243621,30277,1160784,0,0,41023,1023434,0.12733,40492,694148,0.086362,41714,1717582,0.213691,8037679
4,2021-02-20,48278,2452683,32246,1275867,16032,1176816,0,0,26433,1028766,0.127993,21787,715935,0.089072,27119,1744701,0.217065,8037679
4,2021-02-21,28754,2481437,23136,1299003,5618,1182434,0,0,13891,1028139,0.127915,14800,730735,0.090914,14173,1758874,0.218829,8037679
4,2021-02-22,52325,2533762,36063,1335066,16262,1198696,0,0,25491,1027319,0.127813,26748,757483,0.094242,25928,1784802,0.222054,8037679
4,2021-02-23,73102,2606864,40577,1375643,32525,1231221,0,0,32406,1020806,0.127003,40579,798062,0.09929,34066,1818868,0.226293,8037679
4,2021-02-24,87925,2694789,46401,1422044,41524,1272745,0,0,39975,1015173,0.126302,47754,845816,0.105231,42121,1860989,0.231533,8037679
4,2021-02-25,98137,2792926,51121,1473165,47016,1319761,0,0,47172,1014076,0.126165,50814,896630,0.111553,49717,1910706,0.237719,8037679
4,2021-02-26,104132,2897058,52530,1525695,51602,1371363,0,0,53896,1020297,0.126939,50006,946636,0.117775,56227,1966933,0.244714,8037679
4,2021-02-27,75609,2972667,41273,1566968,34330,1405693,6,6,40522,1027336,0.127815,34964,981600,0.122125,42003,2008936,0.24994,8037679
4,2021-02-28,45044,3017711,27934,1594902,17108,1422801,2,8,25103,1033511,0.128583,19809,1001409,0.124589,25984,2034920,0.253173,8037679
4,2021-03-01,75304,3093015,44252,1639154,31034,1453835,18,26,41689,1042993,0.129763,33405,1034814,0.128745,42887,2077807,0.258508,8037679
4,2021-03-02,84444,3177459,48676,1687830,35764,1489599,4,30,50223,1060924,0.131994,34077,1068891,0.132985,52008,2129815,0.264979,8037679
4,2021-03-03,98870,3276329,52487,1740317,46371,1535970,12,42,55185,1074398,0.13367,43494,1112385,0.138396,56968,2186783,0.272066,8037679
4,2021-03-04,96124,3372453,53525,1793842,42584,1578554,15,57,52933,1086114,0.135128,43001,1155386,0.143746,54717,2241500,0.278874,8037679
4,2021-03-05,93708,3466161,50680,1844522,42716,1621270,312,369,55695,1106210,0.137628,37829,1193215,0.148453,57925,2299425,0.286081,8037679
4,2021-03-06,75629,3541790,42687,1887209,30340,1651610,2602,2971,46487,1127605,0.14029,29037,1222252,0.152065,50432,2349857,0.292355,8037679
4,2021-03-07,42355,3584145,27139,1914348,14055,1665665,1161,4132,25433,1138418,0.141635,16866,1239118,0.154164,27679,2377536,0.295799,8037679
4,2021-03-08,65922,3650067,34594,1948942,28158,1693823,3170,7302,43604,1164317,0.144857,22216,1261334,0.156928,48115,2425651,0.301785,8037679
4,2021-03-09,80662,3730729,41007,1989949,34554,1728377,5101,12403,43649,1177338,0.146477,36859,1298193,0.161513,49880,2475531,0.307991,8037679
4,2021-03-10,90224,3820953,46718,2036667,36107,1764484,7399,19802,45720,1187097,0.147692,44337,1342530,0.16703,54096,2529627,0.314721,8037679
4,2021-03-11,99881,3920834,52546,2089213,38980,1803464,8355,28157,46279,1189459,0.147985,53402,1395932,0.173674,55764,2585391,0.321659,8037679
4,2021-03-12,103423,4024257,50923,2140136,42304,1845768,10196,38353,44332,1186071,0.147564,58869,1454801,0.180998,55481,2640872,0.328562,8037679
4,2021-03-13,79909,4104166,37162,2177298,34392,1880160,8355,46708,37536,1190864,0.14816,42255,1497056,0.186255,47048,2687920,0.334415,8037679
4,2021-03-14,49036,4153202,27925,2205223,17523,1897683,3588,50296,23116,1192363,0.148347,25842,1522898,0.18947,27341,2715261,0.337817,8037679
4,2021-03-15,82958,4236160,44422,2249645,34339,1932022,4197,54493,42694,1200029,0.1493,40064,1562962,0.194454,47730,2762991,0.343755,8037679
4,2021-03-16,106618,4342778,55360,2305005,47902,1979924,3356,57849,56799,1211277,0.1507,49611,1612573,0.200627,60859,2823850,0.351327,8037679
4,2021-03-17,105160,4447938,56511,2361516,45252,2025176,3397,61246,61860,1234035,0.153531,43073,1655646,0.205986,65831,2889681,0.359517,8037679
4,2021-03-18,105373,4553311,58339,2419855,43420,2068596,3614,64860,60444,1253846,0.155996,44687,1700333,0.211545,64498,2954179,0.367541,8037679
4,2021-03-19,109296,4662607,62557,2482412,41624,2110220,5115,69975,63275,1276838,0.158857,45808,1746141,0.217244,68800,3022979,0.376101,8037679
4,2021-03-20,82357,4744964,48083,2530495,31326,2141546,2948,72923,51015,1299891,0.161725,31223,1777364,0.221129,54276,3077255,0.382854,8037679
4,2021-03-21,47327,4792291,34245,2564740,10854,2152400,2228,75151,28848,1312939,0.163348,18382,1795746,0.223416,31430,3108685,0.386764,8037679
4,2021-03-22,81058,4873349,52990,2617730,25420,2177820,2648,77799,51307,1338050,0.166472,29560,1825306,0.227094,54671,3163356,0.393566,8037679
4,2021-03-23,103214,4976563,61539,2679269,39580,2217400,2095,79894,61931,1361570,0.169398,41037,1866343,0.232199,64557,3227913,0.401598,8037679
4,2021-03-24,112270,5088833,72500,2751769,37465,2254865,2305,82199,64004,1380471,0.17175,47872,1914215,0.238155,66773,3294686,0.409905,8037679
4,2021-03-25,115659,5204492,71245,2823014,42110,2296975,2304,84503,66889,1401793,0.174403,48354,1962569,0.244171,69676,3364362,0.418574,8037679
4,2021-03-26,118125,5322617,71658,2894672,43476,2340451,2991,87494,65372,1418314,0.176458,52446,2015015,0.250696,68967,3433329,0.427154,8037679
4,2021-03-27,90180,5412797,53388,2948060,35013,2375464,1779,89273,46307,1423217,0.177068,43676,2058691,0.25613,48579,3481908,0.433198,8037679
4,2021-03-28,54955,5467752,36159,2984219,17930,2393394,866,90139,29952,1429483,0.177848,24875,2083566,0.259225,31141,3513049,0.437073,8037679
4,2021-03-29,92429,5560181,55528,3039747,34886,2428280,2015,92154,50779,1441373,0.179327,41450,2125016,0.264382,53340,3566389,0.443709,8037679
4,2021-03-30,115953,5676134,63190,3102937,48671,2476951,4092,96246,69247,1468641,0.18272,46518,2171534,0.270169,73786,3640175,0.452889,8037679
4,2021-03-31,119680,5795814,70705,3173642,42763,2519714,6212,102458,67789,1491270,0.185535,51614,2223148,0.276591,74243,3714418,0.462126,8037679
4,2021-04-01,140817,5936631,80563,3254205,47359,2567073,12895,115353,83605,1531165,0.190498,56910,2280058,0.283671,96805,3811223,0.47417,8037679
4,2021-04-02,134770,6071401,72198,3326403,49373,2616446,13199,128552,78363,1566978,0.194954,56160,2336218,0.290658,91973,3903196,0.485612,8037679
4,2021-04-03,100164,6171565,53471,3379874,33537,2649983,13156,141708,52531,1585527,0.197262,47471,2383689,0.296564,66020,3969216,0.493826,8037679
4,2021-04-04,46692,6218257,24644,3404518,14557,2664540,7491,149199,20688,1587861,0.197552,25924,2409613,0.29979,28258,3997474,0.497342,8037679
4,2021-04-05,108467,6326724,61150,3465668,34667,2699207,12650,161849,56964,1606761,0.199904,51337,2460950,0.306177,70237,4067711,0.50608,8037679
4,2021-04-06,137609,6464333,77627,3543295,40394,2739601,19588,181437,71836,1633296,0.203205,65581,2526531,0.314336,92116,4159827,0.517541,8037679
4,2021-04-07,136065,6600398,77315,3620610,38251,2777852,20499,201936,70859,1660014,0.206529,64999,2591530,0.322423,91717,4251544,0.528952,8037679
4,2021-04-08,138190,6738588,77327,3697937,35746,2813598,25117,227053,68976,1685797,0.209737,68982,2660512,0.331005,94765,4346309,0.540742,8037679
4,2021-04-09,135701,6874289,74558,3772495,38514,2852112,22629,249682,65171,1704313,0.21204,70351,2730863,0.339758,88867,4435176,0.551798,8037679
4,2021-04-10,101889,6976178,50488,3822983,32894,2885006,18507,268189,46132,1714442,0.213301,55584,2786447,0.346673,65713,4500889,0.559974,8037679
4,2021-04-11,61851,7038029,37706,3860689,13041,2898047,11104,279293,27285,1719431,0.213921,34488,2820935,0.350964,39477,4540366,0.564885,8037679
4,2021-04-12,101555,7139584,61751,3922440,29815,2927862,9989,289282,51429,1732193,0.215509,49874,2870809,0.357169,62636,4603002,0.572678,8037679
4,2021-04-13,128851,7268435,80831,4003271,47867,2975729,153,289435,77446,1759472,0.218903,51170,2921979,0.363535,78449,4681451,0.582438,8037679
4,2021-04-14,133846,7402281,85289,4088560,48484,3024213,73,289508,74685,1776522,0.221024,58905,2980884,0.370864,75955,4757406,0.591888,8037679
4,2021-04-15,154197,7556478,102761,4191321,51401,3075614,35,289543,95269,1813930,0.225678,58633,3039517,0.378159,96041,4853447,0.603837,8037679
4,2021-04-16,141502,7697980,89901,4281222,51528,3127142,73,289616,82891,1839190,0.228821,58401,3097918,0.385424,83661,4937108,0.614245,8037679
4,2021-04-17,99641,7797621,62969,4344191,36664,3163806,8,289624,58670,1858228,0.23119,40762,3138680,0.390496,59800,4996908,0.621685,8037679
4,2021-04-18,53816,7851437,35975,4380166,17838,3181644,3,289627,30726,1866900,0.232269,22996,3161676,0.393357,31668,5028576,0.625625,8037679
4,2021-04-19,99888,7951325,66058,4446224,33817,3215461,13,289640,51244,1870280,0.232689,48460,3210136,0.399386,51840,5080416,0.632075,8037679
4,2021-04-20,126728,8078053,74395,4520619,52326,3267787,7,289647,66589,1878030,0.233653,59883,3270019,0.406836,67633,5148049,0.640489,8037679
4,2021-04-21,126796,8204849,81453,4602072,45293,3313080,50,289697,64257,1881058,0.23403,62277,3332296,0.414584,65305,5213354,0.648614,8037679
4,2021-04-22,136546,8341395,90030,4692102,46497,3359577,19,289716,61298,1868511,0.232469,74951,3407247,0.423909,62404,5275758,0.656378,8037679
4,2021-04-23,129903,8471298,84090,4776192,45792,3405369,21,289737,56569,1853177,0.230561,73049,3480296,0.432998,57715,5333473,0.663559,8037679
4,2021-04-24,96871,8568169,65804,4841996,31015,3436384,52,289789,44789,1847216,0.22982,51843,3532139,0.439448,45882,5379355,0.669267,8037679
4,2021-04-25,49187,8617356,35024,4877020,14139,3450523,24,289813,25949,1850488,0.230227,23125,3555264,0.442325,26397,5405752,0.672551,8037679
4,2021-04-26,83230,8700586,55127,4932147,27729,3478252,374,290187,32830,1834784,0.228273,50173,3605437,0.448567,34469,5440221,0.67684,8037679
4,2021-04-27,105495,8806081,64945,4997092,38756,3517008,1794,291981,38256,1808584,0.225013,66977,3672414,0.4569,40777,5480998,0.681913,8037679
4,2021-04-28,99158,8905239,64357,5061449,32325,3549333,2476,294457,35457,1783664,0.221913,63470,3735884,0.464796,38550,5519548,0.686709,8037679
4,2021-04-29,100510,9005749,63650,5125099,34374,3583707,2486,296943,31445,1749365,0.217646,68800,3804684,0.473356,34501,5554049,0.691002,8037679
4,2021-04-30,101127,9106876,63642,5188741,34849,3618556,2636,299579,34465,1720709,0.21408,66365,3871049,0.481613,37709,5591758,0.695693,8037679
4,2021-05-01,68126,9175002,45415,5234156,20968,3639524,1743,301322,19829,1694770,0.210853,48134,3919183,0.487601,22195,5613953,0.698454,8037679
4,2021-05-02,37149,9212151,26313,5260469,9565,3649089,1271,302593,10497,1680121,0.209031,26553,3945736,0.490905,11904,5625857,0.699936,8037679
4,2021-05-03,77529,9289680,54292,5314761,20794,3669883,2443,305036,19091,1643761,0.204507,58229,4003965,0.498149,21869,5647726,0.702656,8037679
4,2021-05-04,97894,9387574,66508,5381269,28668,3698551,2718,307754,22228,1593640,0.198271,75424,4079389,0.507533,25303,5673029,0.705804,8037679
4,2021-05-05,98677,9486251,69258,5450527,26709,3725260,2710,310464,21570,1541368,0.191768,76827,4156216,0.517092,24555,5697584,0.708859,8037679
4,2021-05-06,108715,9594966,81389,5531916,24432,3749692,2894,313358,19381,1475810,0.183611,88941,4245157,0.528157,23383,5720967,0.711769,8037679
4,2021-05-07,102182,9697148,73307,5605223,26215,3775907,2660,316018,20280,1417566,0.176365,81580,4326737,0.538307,23336,5744303,0.714672,8037679
4,2021-05-08,65841,9762989,45053,5650276,18931,3794838,1857,317875,13107,1380321,0.171731,52538,4379275,0.544843,15293,5759596,0.716575,8037679
4,2021-05-09,33179,9796168,27055,5677331,5189,3800027,935,318810,7832,1363933,0.169692,25244,4404519,0.547984,8856,5768452,0.717676,8037679
4,2021-05-10,62090,9858258,41396,5718727,18431,3818458,2263,321073,10764,1326097,0.164985,51161,4455680,0.554349,13325,5781777,0.719334,8037679
4,2021-05-11,76251,9934509,46707,5765434,27566,3846024,1978,323051,14806,1282060,0.159506,61242,4516922,0.561968,17205,5798982,0.721475,8037679
4,2021-05-12,72220,10006729,47457,5812891,22555,3868579,2208,325259,15759,1244086,0.154782,56247,4573169,0.568966,18273,5817255,0.723748,8037679
4,2021-05-13,93823,10100552,68839,5881730,23560,3892139,1424,326683,36082,1224852,0.152389,57517,4630686,0.576122,38283,5855538,0.728511,8037679
4,2021-05-14,99763,10200315,70027,5951757,27664,3919803,2072,328755,38699,1205334,0.14996,60811,4691497,0.583688,41293,5896831,0.733648,8037679
4,2021-05-15,80817,10281132,62328,6014085,17313,3937116,1176,329931,35449,1197069,0.148932,45170,4736667,0.589308,36905,5933736,0.73824,8037679
4,2021-05-16,46357,10327489,37775,6051860,7911,3945027,671,330602,18869,1189356,0.147973,27382,4764049,0.592715,19669,5953405,0.740687,8037679
4,2021-05-17,67259,10394748,48941,6100801,16581,3961608,1737,332339,27623,1179466,0.146742,39460,4803509,0.597624,29570,5982975,0.744366,8037679
4,2021-05-18,60432,10455180,37306,6138107,21847,3983455,1279,333618,19783,1160334,0.144362,40376,4843885,0.602647,21244,6004219,0.747009,8037679
4,2021-05-19,34070,10489250,23599,6161706,9571,3993026,900,334518,14289,1155899,0.14381,19688,4863573,0.605097,15253,6019472,0.748907,8037679
