vemquartile,administered_date,total_doses,cumulative_total_doses,pfizer_doses,cumulative_pfizer_doses,moderna_doses,cumulative_moderna_doses,jj_doses,cumulative_jj_doses,partially_vaccinated,total_partially_vaccinated,pct_age12pop_partially_vaccinated,fully_vaccinated,cumulative_fully_vaccinated,pct_age12pop_fully_vaccinated,at_least_one_dose,cumulative_at_least_one_dose,pct_age12pop_at_least_one_dose,age12_population
1,2020-12-15,153,153,153,153,0,0,0,0,153,153,1.8e-05,0,0,0.0,153,153,1.8e-05,8700223
1,2020-12-16,1227,1380,1227,1380,0,0,0,0,1227,1380,0.000159,0,0,0.0,1227,1380,0.000159,8700223
1,2020-12-17,4181,5561,4181,5561,0,0,0,0,4182,5562,0.000639,0,0,0.0,4182,5562,0.000639,8700223
1,2020-12-18,6376,11937,6354,11915,22,22,0,0,6378,11939,0.001372,1,1,0.0,6378,11940,0.001372,8700223
1,2020-12-19,2874,14811,2871,14786,3,25,0,0,2873,14811,0.001702,1,2,0.0,2873,14813,0.001703,8700223
1,2020-12-20,2127,16938,2119,16905,8,33,0,0,2128,16939,0.001947,0,2,0.0,2128,16941,0.001947,8700223
1,2020-12-21,7650,24588,7630,24535,20,53,0,0,7699,24638,0.002832,1,3,0.0,7700,24641,0.002832,8700223
1,2020-12-22,7306,31894,6964,31499,342,395,0,0,7307,31943,0.003672,2,5,1e-06,7307,31948,0.003672,8700223
1,2020-12-23,7834,39728,6575,38074,1259,1654,0,0,7829,39771,0.004571,2,7,1e-06,7830,39778,0.004572,8700223
1,2020-12-24,3297,43025,2361,40435,936,2590,0,0,3299,43070,0.00495,0,7,1e-06,3299,43077,0.004951,8700223
1,2020-12-25,238,43263,153,40588,85,2675,0,0,238,43308,0.004978,0,7,1e-06,238,43315,0.004979,8700223
1,2020-12-26,1359,44622,966,41554,393,3068,0,0,1358,44665,0.005134,1,8,1e-06,1358,44673,0.005135,8700223
1,2020-12-27,870,45492,538,42092,332,3400,0,0,870,45534,0.005234,1,9,1e-06,870,45543,0.005235,8700223
1,2020-12-28,7092,52584,4753,46845,2339,5739,0,0,7090,52624,0.006049,0,9,1e-06,7090,52633,0.00605,8700223
1,2020-12-29,8905,61489,4978,51823,3927,9666,0,0,8901,61522,0.007071,3,12,1e-06,8901,61534,0.007073,8700223
1,2020-12-30,11572,73061,6442,58265,5130,14796,0,0,11572,73094,0.008401,0,12,1e-06,11572,73106,0.008403,8700223
1,2020-12-31,5981,79042,1954,60219,4027,18823,0,0,5979,79071,0.009088,3,15,2e-06,5980,79086,0.00909,8700223
1,2021-01-01,584,79626,211,60430,373,19196,0,0,582,79651,0.009155,2,17,2e-06,582,79668,0.009157,8700223
1,2021-01-02,2912,82538,1766,62196,1146,20342,0,0,2914,82565,0.00949,0,17,2e-06,2914,82582,0.009492,8700223
1,2021-01-03,1037,83575,548,62744,489,20831,0,0,1036,83599,0.009609,2,19,2e-06,1036,83618,0.009611,8700223
1,2021-01-04,7375,90950,3583,66327,3792,24623,0,0,7379,90977,0.010457,1,20,2e-06,7379,90997,0.010459,8700223
1,2021-01-05,10864,101814,5252,71579,5612,30235,0,0,10069,100291,0.011527,777,797,9.2e-05,10091,101088,0.011619,8700223
1,2021-01-06,14077,115891,7064,78643,7013,37248,0,0,12155,110573,0.012709,1886,2683,0.000308,12168,113256,0.013018,8700223
1,2021-01-07,17519,133410,9163,87806,8356,45604,0,0,13003,119161,0.013696,4425,7108,0.000817,13013,126269,0.014513,8700223
1,2021-01-08,20183,153593,10481,98287,9702,55306,0,0,14241,127483,0.014653,5926,13034,0.001498,14248,140517,0.016151,8700223
1,2021-01-09,6685,160278,3398,101685,3287,58593,0,0,4832,130468,0.014996,1850,14884,0.001711,4835,145352,0.016707,8700223
1,2021-01-10,3091,163369,1762,103447,1329,59922,0,0,1905,131192,0.015079,1182,16066,0.001847,1906,147258,0.016926,8700223
1,2021-01-11,18073,181442,11844,115291,6229,66151,0,0,11525,136222,0.015657,6537,22603,0.002598,11567,158825,0.018255,8700223
1,2021-01-12,19105,200547,10952,126243,8153,74304,0,0,13121,143427,0.016485,5957,28560,0.003283,13162,171987,0.019768,8700223
1,2021-01-13,19831,220378,10734,136977,9097,83401,0,0,14683,153000,0.017586,5128,33688,0.003872,14701,186688,0.021458,8700223
1,2021-01-14,22031,242409,9449,146426,12582,95983,0,0,19282,169640,0.019498,2696,36384,0.004182,19336,206024,0.02368,8700223
1,2021-01-15,25176,267585,9248,155674,15928,111911,0,0,23229,191020,0.021956,1908,38292,0.004401,23288,229312,0.026357,8700223
1,2021-01-16,13870,281455,4529,160203,9341,121252,0,0,13001,203158,0.023351,866,39158,0.004501,13004,242316,0.027852,8700223
1,2021-01-17,5215,286670,2033,162236,3182,124434,0,0,4849,207644,0.023867,366,39524,0.004543,4852,247168,0.028409,8700223
1,2021-01-18,14333,301003,8606,170842,5727,130161,0,0,11151,215681,0.02479,3169,42693,0.004907,11206,258374,0.029697,8700223
1,2021-01-19,24677,325680,12744,183586,11933,142094,0,0,19528,230132,0.026451,5131,47824,0.005497,19582,277956,0.031948,8700223
1,2021-01-20,29421,355101,14704,198290,14717,156811,0,0,23506,247838,0.028486,5839,53663,0.006168,23545,301501,0.034654,8700223
1,2021-01-21,31227,386328,14652,212942,16575,173386,0,0,27958,272689,0.031343,3201,56864,0.006536,28052,329553,0.037879,8700223
1,2021-01-22,28379,414707,11274,224216,17105,190491,0,0,26313,297033,0.034141,2001,58865,0.006766,26345,355898,0.040907,8700223
1,2021-01-23,18725,433432,8194,232410,10531,201022,0,0,16762,311872,0.035846,1933,60798,0.006988,16772,372670,0.042835,8700223
1,2021-01-24,6686,440118,4160,236570,2526,203548,0,0,6029,317254,0.036465,653,61451,0.007063,6035,378705,0.043528,8700223
1,2021-01-25,25443,465561,10488,247058,14955,218503,0,0,19659,331278,0.038077,5739,67190,0.007723,19763,398468,0.0458,8700223
1,2021-01-26,28835,494396,13484,260542,15351,233854,0,0,22141,346805,0.039862,6634,73824,0.008485,22161,420629,0.048347,8700223
1,2021-01-27,32662,527058,15544,276086,17118,250972,0,0,24542,363326,0.041761,8053,81877,0.009411,24574,445203,0.051171,8700223
1,2021-01-28,34981,562039,16404,292490,18577,269549,0,0,28037,384551,0.0442,6877,88754,0.010201,28102,473305,0.054401,8700223
1,2021-01-29,33661,595700,16444,308934,17217,286766,0,0,27081,405236,0.046578,6435,95189,0.010941,27120,500425,0.057519,8700223
1,2021-01-30,20200,615900,8738,317672,11462,298228,0,0,18069,421214,0.048414,2102,97291,0.011183,18080,518505,0.059597,8700223
1,2021-01-31,7646,623546,4970,322642,2676,300904,0,0,6936,427445,0.04913,707,97998,0.011264,6938,525443,0.060394,8700223
1,2021-02-01,28925,652471,12507,335149,16418,317322,0,0,21116,440807,0.050666,7759,105757,0.012156,21121,546564,0.062822,8700223
1,2021-02-02,32683,685154,11810,346959,20873,338195,0,0,24407,457057,0.052534,8194,113951,0.013097,24444,571008,0.065631,8700223
1,2021-02-03,39673,724827,15257,362216,24416,362611,0,0,28573,474730,0.054565,10937,124888,0.014355,28610,599618,0.06892,8700223
1,2021-02-04,44006,768833,17133,379349,26873,389484,0,0,31743,494381,0.056824,12140,137028,0.01575,31791,631409,0.072574,8700223
1,2021-02-05,46792,815625,17170,396519,29622,419106,0,0,30660,509110,0.058517,15983,153011,0.017587,30712,662121,0.076104,8700223
1,2021-02-06,26544,842169,10489,407008,16055,435161,0,0,20633,523895,0.060216,5864,158875,0.018261,20649,682770,0.078477,8700223
1,2021-02-07,6276,848445,4040,411048,2236,437397,0,0,4632,526920,0.060564,1625,160500,0.018448,4650,687420,0.079012,8700223
1,2021-02-08,31622,880067,14445,425493,17177,454574,0,0,21076,537638,0.061796,10454,170954,0.019649,21172,708592,0.081445,8700223
1,2021-02-09,38443,918510,16856,442349,21587,476161,0,0,23663,546691,0.062836,14687,185641,0.021337,23740,732332,0.084174,8700223
1,2021-02-10,47197,965707,22126,464475,25071,501232,0,0,26829,553353,0.063602,20246,205887,0.023665,26908,759240,0.087267,8700223
1,2021-02-11,51776,1017483,25424,489899,26352,527584,0,0,30909,563811,0.064804,20554,226441,0.026027,31012,790252,0.090831,8700223
1,2021-02-12,49993,1067476,21511,511410,28482,556066,0,0,28683,571477,0.065685,21156,247597,0.028459,28822,819074,0.094144,8700223
1,2021-02-13,26377,1093853,11535,522945,14842,570908,0,0,15269,575785,0.06618,11037,258634,0.029727,15345,834419,0.095908,8700223
1,2021-02-14,11778,1105631,5563,528508,6215,577123,0,0,6699,577500,0.066378,5049,263683,0.030308,6764,841183,0.096685,8700223
1,2021-02-15,23870,1129501,9380,537888,14490,591613,0,0,14514,582892,0.066997,9236,272919,0.031369,14628,855811,0.098367,8700223
1,2021-02-16,47111,1176612,22502,560390,24609,616222,0,0,27502,590980,0.067927,19526,292445,0.033614,27614,883425,0.101541,8700223
1,2021-02-17,48446,1225058,24546,584936,23900,640122,0,0,26100,595034,0.068393,22194,314639,0.036164,26248,909673,0.104557,8700223
1,2021-02-18,51133,1276191,25579,610515,25554,665676,0,0,26493,597357,0.06866,24401,339040,0.038969,26724,936397,0.107629,8700223
1,2021-02-19,46582,1322773,25264,635779,21318,686994,0,0,26098,603187,0.06933,20330,359370,0.041306,26160,962557,0.110636,8700223
1,2021-02-20,27624,1350397,16837,652616,10787,697781,0,0,15769,607240,0.069796,11793,371163,0.042661,15846,978403,0.112457,8700223
1,2021-02-21,12321,1362718,10615,663231,1706,699487,0,0,7420,609869,0.070098,4841,376004,0.043218,7470,985873,0.113316,8700223
1,2021-02-22,31525,1394243,20773,684004,10752,710239,0,0,18142,614823,0.070667,13289,389293,0.044745,18243,1004116,0.115413,8700223
1,2021-02-23,45635,1439878,22086,706090,23549,733788,0,0,25044,619925,0.071254,20304,409597,0.047079,25406,1029522,0.118333,8700223
1,2021-02-24,55663,1495541,26880,732970,28783,762571,0,0,30609,626137,0.071968,24849,434446,0.049935,31061,1060583,0.121903,8700223
1,2021-02-25,68187,1563728,33099,766069,35088,797659,0,0,42133,642887,0.073893,25883,460329,0.05291,42633,1103216,0.126803,8700223
1,2021-02-26,76074,1639802,35705,801774,40369,838028,0,0,49751,667022,0.076667,26090,486419,0.055909,50225,1153441,0.132576,8700223
1,2021-02-27,52366,1692168,24021,825795,28336,866364,9,9,34348,683769,0.078592,17875,504294,0.057963,34622,1188063,0.136555,8700223
1,2021-02-28,19956,1712124,11832,837627,8122,874486,2,11,14638,693317,0.07969,5233,509527,0.058565,14781,1202844,0.138254,8700223
1,2021-03-01,45103,1757227,20814,858441,24247,898733,42,53,28974,706618,0.081218,15952,525479,0.060398,29253,1232097,0.141617,8700223
1,2021-03-02,62559,1819786,27276,885717,35275,934008,8,61,40291,725423,0.08338,22113,547592,0.06294,40918,1273015,0.14632,8700223
1,2021-03-03,70315,1890101,33669,919386,36621,970629,25,86,43042,741969,0.085282,27114,574706,0.066056,43660,1316675,0.151338,8700223
1,2021-03-04,78618,1968719,37126,956512,41456,1012085,36,122,50745,765574,0.087995,27686,602392,0.069239,51291,1367966,0.157233,8700223
1,2021-03-05,77782,2046501,35255,991767,42321,1054406,206,328,52136,793142,0.091163,25402,627794,0.072158,52970,1420936,0.163322,8700223
1,2021-03-06,57429,2103930,27450,1019217,28628,1083034,1351,1679,39079,815659,0.093752,18272,646066,0.074259,40789,1461725,0.16801,8700223
1,2021-03-07,20921,2124851,13017,1032234,6714,1089748,1190,2869,15488,827185,0.095076,5406,651472,0.07488,16932,1478657,0.169956,8700223
1,2021-03-08,45932,2170783,22451,1054685,21523,1111271,1958,4827,32196,848041,0.097473,13634,665106,0.076447,34490,1513147,0.17392,8700223
1,2021-03-09,66613,2237396,32229,1086914,31881,1143152,2503,7330,40977,866372,0.09958,25487,690593,0.079376,43818,1556965,0.178957,8700223
1,2021-03-10,73569,2310965,36655,1123569,32436,1175588,4478,11808,45289,888337,0.102105,28170,718763,0.082614,50135,1607100,0.184719,8700223
1,2021-03-11,90053,2401018,41380,1164949,40668,1216256,8005,19813,52416,911805,0.104802,37409,756172,0.086914,60877,1667977,0.191717,8700223
1,2021-03-12,98823,2499841,43558,1208507,42851,1259107,12414,32227,57749,941560,0.108223,40864,797036,0.091611,70619,1738596,0.199833,8700223
1,2021-03-13,65261,2565102,29524,1238031,28070,1287177,7667,39894,41632,967684,0.111225,23498,820534,0.094312,49622,1788218,0.205537,8700223
1,2021-03-14,27872,2592974,14902,1252933,9398,1296575,3572,43466,15618,974883,0.112053,12183,832717,0.095712,19382,1807600,0.207765,8700223
1,2021-03-15,65191,2658165,28749,1281682,29690,1326265,6752,50218,38339,993699,0.114215,26636,859353,0.098774,45452,1853052,0.212989,8700223
1,2021-03-16,85658,2743823,39084,1320766,40929,1367194,5645,55863,53090,1020449,0.11729,32344,891697,0.102491,59094,1912146,0.219781,8700223
1,2021-03-17,92858,2836681,45279,1366045,41037,1408231,6542,62405,59680,1054084,0.121156,32951,924648,0.106279,66586,1978732,0.227435,8700223
1,2021-03-18,98574,2935255,50830,1416875,42023,1450254,5721,68126,59657,1081390,0.124295,38561,963209,0.110711,65867,2044599,0.235005,8700223
1,2021-03-19,103537,3038792,53635,1470510,43605,1493859,6297,74423,60551,1106061,0.12713,42699,1005908,0.115619,67370,2111969,0.242749,8700223
1,2021-03-20,72462,3111254,37272,1507782,29977,1523836,5213,79636,46535,1132348,0.130152,25740,1031648,0.118577,52027,2163996,0.248729,8700223
1,2021-03-21,27232,3138486,19017,1526799,6405,1530241,1810,81446,16996,1141104,0.131158,10144,1041792,0.119743,18900,2182896,0.250901,8700223
1,2021-03-22,59157,3197643,30566,1557365,25306,1555547,3285,84731,39958,1165746,0.13399,18976,1060768,0.121924,43618,2226514,0.255915,8700223
1,2021-03-23,83008,3280651,42264,1599629,37128,1592675,3616,88347,51179,1189417,0.136711,31585,1092353,0.125555,55256,2281770,0.262266,8700223
1,2021-03-24,87895,3368546,44505,1644134,39048,1631723,4342,92689,52570,1211464,0.139245,35034,1127387,0.129581,57081,2338851,0.268827,8700223
1,2021-03-25,96665,3465211,49431,1693565,41413,1673136,5821,98510,53689,1228538,0.141208,42645,1170032,0.134483,59719,2398570,0.275691,8700223
1,2021-03-26,104413,3569624,50937,1744502,47168,1720304,6308,104818,55936,1242969,0.142866,48110,1218142,0.140013,62541,2461111,0.282879,8700223
1,2021-03-27,73956,3643580,38218,1782720,31529,1751833,4209,109027,37987,1249623,0.143631,35742,1253884,0.144121,42396,2503507,0.287752,8700223
1,2021-03-28,32662,3676242,21386,1804106,10059,1761892,1217,110244,16376,1251487,0.143845,16178,1270062,0.14598,18042,2521549,0.289826,8700223
1,2021-03-29,67133,3743375,33352,1837458,30621,1792513,3160,113404,37034,1261992,0.145053,29893,1299955,0.149416,40398,2561947,0.294469,8700223
1,2021-03-30,91954,3835329,45319,1882777,40264,1832777,6371,119775,47284,1271271,0.146119,44464,1344419,0.154527,53743,2615690,0.300646,8700223
1,2021-03-31,100794,3936123,52658,1935435,41946,1874723,6190,125965,55298,1287647,0.148002,45178,1389597,0.15972,61554,2677244,0.307721,8700223
1,2021-04-01,111880,4048003,53547,1988982,49549,1924272,8784,134749,57017,1299061,0.149314,54436,1444033,0.165977,65850,2743094,0.31529,8700223
1,2021-04-02,111273,4159276,50920,2039902,50653,1974925,9700,144449,56469,1311059,0.150693,54375,1498408,0.172226,66373,2809467,0.322919,8700223
1,2021-04-03,77997,4237273,39273,2079175,29091,2004016,9633,154082,36483,1315911,0.15125,41332,1539740,0.176977,46184,2855651,0.328227,8700223
1,2021-04-04,23766,4261039,11827,2091002,8473,2012489,3466,157548,9945,1315557,0.15121,13755,1553495,0.178558,13401,2869052,0.329768,8700223
1,2021-04-05,76306,4337345,36653,2127655,30342,2042831,9311,166859,34229,1317387,0.15142,41877,1595372,0.183371,43707,2912759,0.334791,8700223
1,2021-04-06,103623,4440968,49258,2176913,37781,2080612,16584,183443,46781,1324236,0.152207,56549,1651921,0.189871,63398,2976157,0.342078,8700223
1,2021-04-07,111828,4552796,54376,2231289,39914,2120526,17538,200981,50397,1331067,0.152992,61129,1713050,0.196897,67960,3044117,0.34989,8700223
1,2021-04-08,122263,4675059,57928,2289217,43358,2163884,20977,221958,53987,1338240,0.153817,67859,1780909,0.204697,75032,3119149,0.358514,8700223
1,2021-04-09,123527,4798586,56431,2345648,46282,2210166,20814,242772,54210,1344363,0.154521,68954,1849863,0.212622,75077,3194226,0.367143,8700223
1,2021-04-10,95697,4894283,42524,2388172,30469,2240635,22704,265476,37375,1346302,0.154743,58112,1907975,0.219302,60051,3254277,0.374045,8700223
1,2021-04-11,36495,4930778,20348,2408520,9410,2250045,6737,272213,14817,1346343,0.154748,21616,1929591,0.221786,21657,3275934,0.376534,8700223
1,2021-04-12,74310,5005088,33240,2441760,31087,2281132,9983,282196,31457,1345372,0.154636,42563,1972154,0.226679,41592,3317526,0.381315,8700223
1,2021-04-13,97255,5102343,52091,2493851,44825,2325957,339,282535,52492,1354080,0.155637,44468,2016622,0.23179,53176,3370702,0.387427,8700223
1,2021-04-14,104943,5207286,54388,2548239,50483,2376440,72,282607,53430,1356809,0.155951,51145,2067767,0.237668,53874,3424576,0.393619,8700223
1,2021-04-15,106156,5313442,57766,2606005,48301,2424741,89,282696,56750,1365003,0.156893,48820,2116587,0.24328,57014,3481590,0.400173,8700223
1,2021-04-16,110735,5424177,56813,2662818,53834,2478575,88,282784,55437,1365946,0.157001,54766,2171353,0.249574,55709,3537299,0.406576,8700223
1,2021-04-17,83389,5507566,45295,2708113,38083,2516658,11,282795,46705,1376376,0.1582,36448,2207801,0.253764,46878,3584177,0.411964,8700223
1,2021-04-18,30236,5537802,20430,2728543,9799,2526457,7,282802,15274,1376986,0.15827,14873,2222674,0.255473,15483,3599660,0.413743,8700223
1,2021-04-19,67165,5604967,34029,2762572,33123,2559580,13,282815,30499,1371314,0.157618,36312,2258986,0.259647,30640,3630300,0.417265,8700223
1,2021-04-20,88570,5693537,44680,2807252,43868,2603448,22,282837,41772,1366863,0.157107,46449,2305435,0.264986,41998,3672298,0.422092,8700223
1,2021-04-21,97631,5791168,50922,2858174,46609,2650057,100,282937,43897,1357917,0.156078,53177,2358612,0.271098,44231,3716529,0.427176,8700223
1,2021-04-22,97267,5888435,50812,2908986,46439,2696496,16,282953,44755,1350902,0.155272,52007,2410619,0.277076,44992,3761521,0.432348,8700223
1,2021-04-23,101996,5990431,52701,2961687,49268,2745764,27,282980,48882,1347421,0.154872,52617,2463236,0.283123,49136,3810657,0.437995,8700223
1,2021-04-24,75639,6066070,46897,3008584,28716,2774480,26,283006,42805,1357800,0.156065,32706,2495942,0.286883,43085,3853742,0.442947,8700223
1,2021-04-25,27052,6093122,17222,3025806,9816,2784296,14,283020,15461,1361936,0.15654,11479,2507421,0.288202,15615,3869357,0.444742,8700223
1,2021-04-26,65873,6158995,34549,3060355,30924,2815220,400,283420,31520,1360147,0.156335,34048,2541469,0.292115,32259,3901616,0.44845,8700223
1,2021-04-27,81183,6240178,43146,3103501,36735,2851955,1302,284722,35499,1351886,0.155385,45405,2586874,0.297334,37144,3938760,0.452719,8700223
1,2021-04-28,80870,6321048,43042,3146543,36330,2888285,1498,286220,35709,1344504,0.154537,44825,2631699,0.302486,37443,3976203,0.457023,8700223
1,2021-04-29,83933,6404981,46156,3192699,36165,2924450,1612,287832,34663,1332016,0.153101,48925,2680624,0.30811,36437,4012640,0.461211,8700223
1,2021-04-30,91409,6496390,49533,3242232,40017,2964467,1859,289691,38625,1320207,0.151744,52462,2733086,0.31414,40653,4053293,0.465884,8700223
1,2021-05-01,62415,6558805,40304,3282536,20698,2985165,1413,291104,26342,1312343,0.15084,35838,2768924,0.318259,27974,4081267,0.469099,8700223
1,2021-05-02,23262,6582067,16449,3298985,6236,2991401,577,291681,9427,1308645,0.150415,13730,2782654,0.319837,10032,4091299,0.470252,8700223
1,2021-05-03,55576,6637643,30740,3329725,23007,3014408,1829,293510,20547,1296284,0.148994,34792,2817446,0.323836,22431,4113730,0.47283,8700223
1,2021-05-04,75077,6712720,43222,3372947,29767,3044175,2088,295598,27285,1278248,0.146921,47495,2864941,0.329295,29459,4143189,0.476216,8700223
1,2021-05-05,77287,6790007,44833,3417780,30173,3074348,2281,297879,26418,1256491,0.144421,50540,2915481,0.335104,28783,4171972,0.479525,8700223
1,2021-05-06,78463,6868470,47513,3465293,28790,3103138,2160,300039,24671,1230055,0.141382,53423,2968904,0.341245,26987,4198959,0.482627,8700223
1,2021-05-07,82524,6950994,46938,3512231,33400,3136538,2186,302225,27742,1205692,0.138582,54357,3023261,0.347492,29994,4228953,0.486074,8700223
1,2021-05-08,56657,7007651,35562,3547793,19462,3156000,1633,303858,19352,1189795,0.136755,36975,3060236,0.351742,21078,4250031,0.488497,8700223
1,2021-05-09,18192,7025843,13073,3560866,4640,3160640,479,304337,5568,1183329,0.136011,12548,3072784,0.353185,6082,4256113,0.489196,8700223
1,2021-05-10,43747,7069590,22078,3582944,19867,3180507,1802,306139,14812,1171365,0.134636,28671,3101455,0.35648,16707,4272820,0.491116,8700223
1,2021-05-11,61786,7131376,33489,3616433,26149,3206656,2148,308287,20476,1153062,0.132532,41045,3142500,0.361198,22742,4295562,0.49373,8700223
1,2021-05-12,62336,7193712,33163,3649596,27121,3233777,2052,310339,20494,1134149,0.130359,41528,3184028,0.365971,22615,4318177,0.496329,8700223
1,2021-05-13,66333,7260045,38863,3688459,25480,3259257,1990,312329,25249,1120958,0.128842,40707,3224735,0.37065,27516,4345693,0.499492,8700223
1,2021-05-14,75903,7335948,45768,3734227,27748,3287005,2387,314716,30715,1109544,0.127531,44793,3269528,0.375798,33379,4379072,0.503329,8700223
1,2021-05-15,66048,7401996,43307,3777534,20992,3307997,1749,316465,26344,1098287,0.126237,39418,3308946,0.380329,28161,4407233,0.506566,8700223
1,2021-05-16,24920,7426916,18353,3795887,5947,3313944,620,317085,10232,1094609,0.125814,14576,3323522,0.382004,10898,4418131,0.507818,8700223
1,2021-05-17,53979,7480895,33006,3828893,19214,3333158,1759,318844,22934,1088572,0.12512,30789,3354311,0.385543,24752,4442883,0.510663,8700223
1,2021-05-18,64816,7545711,39063,3867956,23927,3357085,1826,320670,28145,1082227,0.124391,36401,3390712,0.389727,30056,4472939,0.514118,8700223
1,2021-05-19,66170,7611881,40288,3908244,23959,3381044,1923,322593,29565,1077476,0.123845,36325,3427037,0.393902,31574,4504513,0.517747,8700223
1,2021-05-20,64100,7675981,37092,3945336,24806,3405850,2202,324795,26351,1068821,0.12285,37412,3464449,0.398202,28757,4533270,0.521052,8700223
1,2021-05-21,69775,7745756,41724,3987060,26211,3432061,1840,326635,28862,1059110,0.121734,40510,3504959,0.402859,30799,4564069,0.524592,8700223
1,2021-05-22,55771,7801527,36658,4023718,17395,3449456,1718,328353,24353,1054120,0.12116,31159,3536118,0.40644,26169,4590238,0.5276,8700223
1,2021-05-23,20427,7821954,14267,4037985,5574,3455030,586,328939,9480,1053365,0.121073,10844,3546962,0.407686,10089,4600327,0.52876,8700223
1,2021-05-24,43671,7865625,24345,4062330,17493,3472523,1833,330772,17728,1047316,0.120378,25692,3572654,0.410639,19643,4619970,0.531017,8700223
1,2021-05-25,50737,7916362,29209,4091539,19842,3492365,1686,332458,21075,1040792,0.119628,29386,3602040,0.414017,22862,4642832,0.533645,8700223
1,2021-05-26,48369,7964731,27412,4118951,19067,3511432,1890,334348,20526,1035711,0.119044,27544,3629584,0.417183,22463,4665295,0.536227,8700223
1,2021-05-27,46921,8011652,26333,4145284,18688,3530120,1900,336248,20180,1031449,0.118554,26458,3656042,0.420224,22196,4687491,0.538778,8700223
1,2021-05-28,52258,8063910,29105,4174389,21331,3551451,1822,338070,23417,1028295,0.118192,28519,3684561,0.423502,25365,4712856,0.541694,8700223
1,2021-05-29,30607,8094517,18539,4192928,11108,3562559,960,339030,14643,1028141,0.118174,15812,3700373,0.425319,15658,4728514,0.543493,8700223
1,2021-05-30,11666,8106183,7523,4200451,3590,3566149,553,339583,5538,1028199,0.118181,6057,3706430,0.426016,6115,4734629,0.544196,8700223
1,2021-05-31,5718,8111901,3250,4203701,2214,3568363,254,339837,1994,1026793,0.118019,3667,3710097,0.426437,2261,4736890,0.544456,8700223
1,2021-06-01,45730,8157631,25859,4229560,18314,3586677,1557,341394,17372,1017758,0.116981,28042,3738139,0.42966,19007,4755897,0.546641,8700223
1,2021-06-02,39894,8197525,23132,4252692,15257,3601934,1505,342899,16098,1011925,0.11631,23508,3761647,0.432362,17675,4773572,0.548672,8700223
1,2021-06-03,41230,8238755,25836,4278528,13719,3615653,1675,344574,15801,1004346,0.115439,25128,3786775,0.43525,17549,4791121,0.550689,8700223
1,2021-06-04,50082,8288837,32034,4310562,16240,3631893,1808,346382,17946,992391,0.114065,31786,3818561,0.438904,19831,4810952,0.552969,8700223
1,2021-06-05,40249,8329086,27474,4338036,10785,3642678,1990,348372,14223,982846,0.112968,25811,3844372,0.441871,16266,4827218,0.554838,8700223
1,2021-06-06,13176,8342262,10547,4348583,2121,3644799,508,348880,4586,979491,0.112582,8510,3852882,0.442849,5155,4832373,0.555431,8700223
1,2021-06-07,33950,8376212,23407,4371990,9196,3653995,1347,350227,12099,971343,0.111646,21645,3874527,0.445337,13497,4845870,0.556982,8700223
1,2021-06-08,42198,8418410,29214,4401204,11343,3665338,1641,351868,14733,960614,0.110413,27196,3901723,0.448462,16467,4862337,0.558875,8700223
1,2021-06-09,42122,8460532,29228,4430432,11255,3676593,1639,353507,13757,948008,0.108964,28060,3929783,0.451688,15454,4877791,0.560651,8700223
1,2021-06-10,39011,8499543,26277,4456709,11040,3687633,1694,355201,13422,937887,0.1078,25341,3955124,0.4546,15220,4893011,0.562401,8700223
1,2021-06-11,43818,8543361,29043,4485752,13092,3700725,1683,356884,15570,927269,0.10658,27951,3983075,0.457813,17333,4910344,0.564393,8700223
1,2021-06-12,33677,8577038,24366,4510118,8110,3708835,1201,358085,11101,917279,0.105432,22362,4005437,0.460383,12372,4922716,0.565815,8700223
1,2021-06-13,11618,8588656,8435,4518553,2703,3711538,480,358565,3380,913004,0.10494,8170,4013607,0.461322,3895,4926611,0.566263,8700223
1,2021-06-14,30874,8619530,20794,4539347,8779,3720317,1301,359866,11576,906811,0.104228,19100,4032707,0.463518,12907,4939518,0.567746,8700223
1,2021-06-15,37147,8656677,24369,4563716,10932,3731249,1846,361712,13774,899420,0.103379,23106,4055813,0.466173,15715,4955233,0.569552,8700223
1,2021-06-16,35321,8691998,23847,4587563,9645,3740894,1829,363541,13245,892736,0.102611,21818,4077631,0.468681,15134,4970367,0.571292,8700223
1,2021-06-17,33490,8725488,22155,4609718,9394,3750288,1941,365482,13094,887710,0.102033,20159,4097790,0.470998,15133,4985500,0.573031,8700223
1,2021-06-18,39293,8764781,25490,4635208,10962,3761250,2841,368323,15245,882069,0.101385,23788,4121578,0.473732,18147,5003647,0.575117,8700223
1,2021-06-19,23860,8788641,16570,4651778,6091,3767341,1199,369522,9773,879150,0.101049,13923,4135501,0.475333,11004,5014651,0.576382,8700223
1,2021-06-20,8123,8796764,5949,4657727,1899,3769240,275,369797,3235,877846,0.100899,4825,4140326,0.475887,3521,5018172,0.576787,8700223
1,2021-06-21,20865,8817629,11823,4669550,6862,3776102,2180,371977,10875,881076,0.101271,9877,4150203,0.477023,13107,5031279,0.578293,8700223
1,2021-06-22,30671,8848300,20033,4689583,8512,3784614,2126,374103,12878,878569,0.100982,17583,4167786,0.479044,15076,5046355,0.580026,8700223
1,2021-06-23,29231,8877531,19625,4709208,7797,3792411,1809,375912,12786,876956,0.100797,16237,4184023,0.48091,14624,5060979,0.581707,8700223
1,2021-06-24,28193,8905724,18799,4728007,7749,3800160,1645,377557,11982,874638,0.100531,16010,4200033,0.48275,13692,5074671,0.583281,8700223
1,2021-06-25,31513,8937237,21354,4749361,8770,3808930,1389,378946,13845,872496,0.100284,17432,4217465,0.484754,15290,5089961,0.585038,8700223
1,2021-06-26,22133,8959370,16426,4765787,4894,3813824,813,379759,9656,870655,0.100073,12359,4229824,0.486174,10518,5100479,0.586247,8700223
1,2021-06-27,9113,8968483,6777,4772564,1909,3815733,427,380186,4056,870160,0.100016,4994,4234818,0.486748,4499,5104978,0.586764,8700223
1,2021-06-28,21006,8989489,15601,4788165,4160,3819893,1245,381431,9723,870081,0.100007,11100,4245918,0.488024,11021,5115999,0.588031,8700223
1,2021-06-29,26438,9015927,18082,4806247,6994,3826887,1362,382793,11643,868523,0.099828,14625,4260543,0.489705,13067,5129066,0.589533,8700223
1,2021-06-30,25660,9041587,17768,4824015,6851,3833738,1041,383834,12178,868544,0.09983,13272,4273815,0.491231,13293,5142359,0.591061,8700223
1,2021-07-01,23443,9065030,16332,4840347,5858,3839596,1253,385087,10869,868316,0.099804,12431,4286246,0.492659,12203,5154562,0.592463,8700223
1,2021-07-02,26203,9091233,18001,4858348,7177,3846773,1025,386112,12269,867946,0.099761,13747,4299993,0.494239,13377,5167939,0.594001,8700223
1,2021-07-03,14496,9105729,10140,4868488,3923,3850696,433,386545,6875,867794,0.099744,7496,4307489,0.495101,7344,5175283,0.594845,8700223
1,2021-07-04,1260,9106989,707,4869195,488,3851184,65,386610,607,867827,0.099748,645,4308134,0.495175,678,5175961,0.594923,8700223
1,2021-07-05,10906,9117895,7521,4876716,3025,3854209,360,386970,5192,867773,0.099741,5651,4313785,0.495825,5597,5181558,0.595566,8700223
1,2021-07-06,26914,9144809,19028,4895744,6766,3860975,1120,388090,10740,863744,0.099278,15992,4329777,0.497663,11963,5193521,0.596941,8700223
1,2021-07-07,23341,9168150,16364,4912108,5892,3866867,1085,389175,10043,861832,0.099059,13128,4342905,0.499172,11216,5204737,0.59823,8700223
1,2021-07-08,22117,9190267,15311,4927419,5840,3872707,966,390141,9632,860168,0.098867,12353,4355258,0.500592,10689,5215426,0.599459,8700223
1,2021-07-09,26027,9216294,18481,4945900,6577,3879284,969,391110,11839,859029,0.098736,14018,4369276,0.502203,12879,5228305,0.600939,8700223
1,2021-07-10,16996,9233290,12305,4958205,4076,3883360,615,391725,7633,858084,0.098628,9244,4378520,0.503265,8299,5236604,0.601893,8700223
1,2021-07-11,6701,9239991,4896,4963101,1614,3884974,191,391916,3234,858110,0.098631,3417,4381937,0.503658,3443,5240047,0.602289,8700223
1,2021-07-12,19581,9259572,14109,4977210,4694,3889668,778,392694,8727,856981,0.098501,10731,4392668,0.504891,9602,5249649,0.603392,8700223
1,2021-07-13,21425,9280997,15045,4992255,5697,3895365,683,393377,10097,856657,0.098464,11191,4403859,0.506178,10867,5260516,0.604642,8700223
1,2021-07-14,18887,9299884,13498,5005753,4500,3899865,889,394266,8507,855909,0.098378,10241,4414100,0.507355,9493,5270009,0.605733,8700223
1,2021-07-15,18298,9318182,13509,5019262,4144,3904009,645,394911,8726,855909,0.098378,9462,4423562,0.508442,9462,5279471,0.60682,8700223
1,2021-07-16,17782,9335964,12535,5031797,4552,3908561,695,395606,8641,856293,0.098422,9027,4432589,0.50948,9411,5288882,0.607902,8700223
2,2020-12-15,245,245,245,245,0,0,0,0,245,245,2.9e-05,0,0,0.0,245,245,2.9e-05,8407551
2,2020-12-16,2120,2365,2120,2365,0,0,0,0,2119,2364,0.000281,0,0,0.0,2119,2364,0.000281,8407551
2,2020-12-17,6927,9292,6927,9292,0,0,0,0,6928,9292,0.001105,0,0,0.0,6928,9292,0.001105,8407551
2,2020-12-18,11101,20393,11081,20373,20,20,0,0,11101,20393,0.002426,0,0,0.0,11101,20393,0.002426,8407551
2,2020-12-19,5628,26021,5622,25995,6,26,0,0,5629,26022,0.003095,0,0,0.0,5629,26022,0.003095,8407551
2,2020-12-20,4251,30272,4241,30236,10,36,0,0,4246,30267,0.0036,1,1,0.0,4246,30268,0.0036,8407551
2,2020-12-21,12786,43058,12758,42994,28,64,0,0,12741,43008,0.005115,0,1,0.0,12741,43009,0.005116,8407551
2,2020-12-22,12145,55203,11629,54623,516,580,0,0,12143,55151,0.00656,0,1,0.0,12143,55152,0.00656,8407551
2,2020-12-23,11722,66925,9503,64126,2219,2799,0,0,11724,66875,0.007954,1,2,0.0,11725,66877,0.007954,8407551
2,2020-12-24,5911,72836,3496,67622,2415,5214,0,0,5907,72781,0.008657,3,5,1e-06,5909,72786,0.008657,8407551
2,2020-12-25,484,73320,406,68028,78,5292,0,0,486,73267,0.008714,0,5,1e-06,486,73272,0.008715,8407551
2,2020-12-26,2557,75877,1661,69689,896,6188,0,0,2558,75824,0.009019,1,6,1e-06,2558,75830,0.009019,8407551
2,2020-12-27,2235,78112,1215,70904,1020,7208,0,0,2232,78054,0.009284,2,8,1e-06,2232,78062,0.009285,8407551
2,2020-12-28,11026,89138,7166,78070,3860,11068,0,0,11026,89079,0.010595,1,9,1e-06,11026,89088,0.010596,8407551
2,2020-12-29,12725,101863,7154,85224,5571,16639,0,0,12729,101808,0.012109,0,9,1e-06,12729,101817,0.01211,8407551
2,2020-12-30,15453,117316,8670,93894,6783,23422,0,0,15447,117252,0.013946,5,14,2e-06,15449,117266,0.013948,8407551
2,2020-12-31,7583,124899,2831,96725,4752,28174,0,0,7576,124823,0.014847,5,19,2e-06,7576,124842,0.014849,8407551
2,2021-01-01,1221,126120,604,97329,617,28791,0,0,1220,126039,0.014991,4,23,3e-06,1220,126062,0.014994,8407551
2,2021-01-02,4851,130971,2764,100093,2087,30878,0,0,4846,130883,0.015567,2,25,3e-06,4846,130908,0.01557,8407551
2,2021-01-03,1406,132377,789,100882,617,31495,0,0,1398,132277,0.015733,4,29,3e-06,1398,132306,0.015737,8407551
2,2021-01-04,11672,144049,5564,106446,6108,37603,0,0,11661,143935,0.01712,3,32,4e-06,11661,143967,0.017124,8407551
2,2021-01-05,13903,157952,6941,113387,6962,44565,0,0,12684,155444,0.018489,1210,1242,0.000148,12719,156686,0.018636,8407551
2,2021-01-06,19029,176981,10495,123882,8534,53099,0,0,15197,166879,0.019849,3773,5015,0.000596,15208,171894,0.020445,8407551
2,2021-01-07,23288,200269,13138,137020,10150,63249,0,0,15594,174792,0.02079,7696,12711,0.001512,15609,187503,0.022302,8407551
2,2021-01-08,26792,227061,16258,153278,10534,73783,0,0,16460,181000,0.021528,10276,22987,0.002734,16484,203987,0.024262,8407551
2,2021-01-09,9856,236917,5766,159044,4090,77873,0,0,6276,183712,0.021851,3571,26558,0.003159,6283,210270,0.02501,8407551
2,2021-01-10,5303,242220,2963,162007,2340,80213,0,0,3038,184491,0.021943,2265,28823,0.003428,3044,213314,0.025372,8407551
2,2021-01-11,26177,268397,18007,180014,8170,88383,0,0,15072,188511,0.022422,11102,39925,0.004749,15122,228436,0.02717,8407551
2,2021-01-12,26367,294764,16371,196385,9996,98379,0,0,16765,195758,0.023284,9602,49527,0.005891,16849,245285,0.029174,8407551
2,2021-01-13,28580,323344,15152,211537,13428,111807,0,0,20577,208378,0.024785,7985,57512,0.006841,20605,265890,0.031625,8407551
2,2021-01-14,30574,353918,11643,223180,18931,130738,0,0,26283,230438,0.027408,4298,61810,0.007352,26358,292248,0.03476,8407551
2,2021-01-15,35089,389007,12687,235867,22402,153140,0,0,31793,259034,0.03081,3288,65098,0.007743,31884,324132,0.038552,8407551
2,2021-01-16,18125,407132,5999,241866,12126,165266,0,0,16788,274483,0.032647,1351,66449,0.007903,16800,340932,0.040551,8407551
2,2021-01-17,10544,417676,3551,245417,6993,172259,0,0,9810,283554,0.033726,748,67197,0.007992,9819,350751,0.041719,8407551
2,2021-01-18,19732,437408,11028,256445,8704,180963,0,0,14921,293707,0.034934,4829,72026,0.008567,14982,365733,0.043501,8407551
2,2021-01-19,32615,470023,16943,273388,15672,196635,0,0,24585,310379,0.036917,8027,80053,0.009522,24699,390432,0.046438,8407551
2,2021-01-20,37617,507640,18977,292365,18640,215275,0,0,28988,330862,0.039353,8596,88649,0.010544,29079,419511,0.049897,8407551
2,2021-01-21,40964,548604,17400,309765,23564,238839,0,0,36456,363017,0.043177,4477,93126,0.011076,36632,456143,0.054254,8407551
2,2021-01-22,39613,588217,16547,326312,23066,261905,0,0,36260,395933,0.047093,3371,96497,0.011477,36287,492430,0.05857,8407551
2,2021-01-23,24113,612330,10778,337090,13335,275240,0,0,21140,414150,0.049259,2953,99450,0.011829,21170,513600,0.061088,8407551
2,2021-01-24,12438,624768,6098,343188,6340,281580,0,0,11521,424782,0.050524,901,100351,0.011936,11533,525133,0.06246,8407551
2,2021-01-25,33887,658655,15603,358791,18284,299864,0,0,25041,441166,0.052473,8795,109146,0.012982,25179,550312,0.065454,8407551
2,2021-01-26,40380,699035,19781,378572,20599,320463,0,0,31156,463205,0.055094,9199,118345,0.014076,31238,581550,0.06917,8407551
2,2021-01-27,45654,744689,22666,401238,22988,343451,0,0,35319,488377,0.058088,10207,128552,0.01529,35379,616929,0.073378,8407551
2,2021-01-28,47847,792536,22400,423638,25447,368898,0,0,39129,518926,0.061721,8653,137205,0.016319,39202,656131,0.078041,8407551
2,2021-01-29,45592,838128,21990,445628,23602,392500,0,0,36836,547195,0.065084,8632,145837,0.017346,36901,693032,0.08243,8407551
2,2021-01-30,31280,869408,13336,458964,17944,410444,0,0,27880,571744,0.068004,3362,149199,0.017746,27911,720943,0.085749,8407551
2,2021-01-31,17114,886522,10166,469130,6948,417392,0,0,15909,586487,0.069757,1186,150385,0.017887,15929,736872,0.087644,8407551
2,2021-02-01,41029,927551,19677,488807,21352,438744,0,0,29934,605421,0.072009,11039,161424,0.0192,29973,766845,0.091209,8407551
2,2021-02-02,47918,975469,19456,508263,28462,467206,0,0,36358,630396,0.07498,11478,172902,0.020565,36453,803298,0.095545,8407551
2,2021-02-03,54038,1029507,23815,532078,30223,497429,0,0,39765,656085,0.078035,14170,187072,0.02225,39859,843157,0.100286,8407551
2,2021-02-04,56140,1085647,24117,556195,32023,529452,0,0,40918,681989,0.081116,15114,202186,0.024048,41018,884175,0.105164,8407551
2,2021-02-05,60061,1145708,26211,582406,33850,563302,0,0,40524,703367,0.083659,19330,221516,0.026347,40708,924883,0.110006,8407551
2,2021-02-06,39324,1185032,18355,600761,20969,584271,0,0,31337,726887,0.086456,7911,229427,0.027288,31431,956314,0.113745,8407551
2,2021-02-07,15645,1200677,10371,611132,5274,589545,0,0,11868,735075,0.08743,3749,233176,0.027734,11937,968251,0.115164,8407551
2,2021-02-08,42918,1243595,21747,632879,21171,610716,0,0,29336,751185,0.089346,13437,246613,0.029332,29547,997798,0.118679,8407551
2,2021-02-09,49423,1293018,23248,656127,26175,636891,0,0,30503,763387,0.090798,18631,265244,0.031548,30833,1028631,0.122346,8407551
2,2021-02-10,59565,1352583,27866,683993,31699,668590,0,0,34345,773149,0.091959,24936,290180,0.034514,34698,1063329,0.126473,8407551
2,2021-02-11,64241,1416824,29511,713504,34730,703320,0,0,35778,781321,0.092931,28103,318283,0.037857,36275,1099604,0.130788,8407551
2,2021-02-12,65529,1482353,28137,741641,37392,740712,0,0,34778,786313,0.093525,30440,348723,0.041477,35432,1135036,0.135002,8407551
2,2021-02-13,38097,1520450,15888,757529,22209,762921,0,0,21989,792671,0.094281,16009,364732,0.043381,22367,1157403,0.137662,8407551
2,2021-02-14,20112,1540562,9336,766865,10776,773697,0,0,11178,795328,0.094597,8883,373615,0.044438,11540,1168943,0.139035,8407551
2,2021-02-15,33161,1573723,14943,781808,18218,791915,0,0,18377,799914,0.095142,14648,388263,0.04618,19234,1188177,0.141323,8407551
2,2021-02-16,56459,1630182,27683,809491,28776,820691,0,0,29742,803720,0.095595,26605,414868,0.049345,30411,1218588,0.14494,8407551
2,2021-02-17,61752,1691934,31786,841277,29966,850657,0,0,30658,804203,0.095652,31000,445868,0.053032,31483,1250071,0.148684,8407551
2,2021-02-18,66397,1758331,33477,874754,32920,883577,0,0,32334,803881,0.095614,33804,479672,0.057053,33482,1283553,0.152667,8407551
2,2021-02-19,59768,1818099,33100,907854,26668,910245,0,0,29666,804246,0.095658,29906,509578,0.06061,30271,1313824,0.156267,8407551
2,2021-02-20,37793,1855892,24527,932381,13266,923511,0,0,20538,808309,0.096141,17153,526731,0.06265,21216,1335040,0.158791,8407551
2,2021-02-21,21678,1877570,17555,949936,4123,927634,0,0,10769,809058,0.09623,10823,537554,0.063937,11572,1346612,0.160167,8407551
2,2021-02-22,39372,1916942,26897,976833,12475,940109,0,0,18656,807822,0.096083,20565,558119,0.066383,19329,1365941,0.162466,8407551
2,2021-02-23,53694,1970636,27394,1004227,26300,966409,0,0,23533,803346,0.095551,29902,588021,0.06994,25426,1391367,0.16549,8407551
2,2021-02-24,70974,2041610,36558,1040785,34416,1000825,0,0,32546,800048,0.095158,38215,626236,0.074485,34917,1426284,0.169643,8407551
2,2021-02-25,76893,2118503,36325,1077110,40568,1041393,0,0,39027,804299,0.095664,37592,663828,0.078956,41843,1468127,0.17462,8407551
2,2021-02-26,85397,2203900,36604,1113714,48793,1090186,0,0,45884,813177,0.09672,39202,703030,0.083619,48080,1516207,0.180339,8407551
2,2021-02-27,62427,2266327,29023,1142737,33397,1123583,7,7,33829,819990,0.09753,28358,731388,0.086992,35171,1551378,0.184522,8407551
2,2021-02-28,30549,2296876,18252,1160989,12296,1135879,1,8,17847,826098,0.098257,12576,743964,0.088488,18684,1570062,0.186744,8407551
2,2021-03-01,57370,2354246,29827,1190816,27499,1163378,44,52,31423,833121,0.099092,25637,769601,0.091537,32660,1602722,0.190629,8407551
2,2021-03-02,68704,2422950,32873,1223689,35820,1199198,11,63,38651,844240,0.100414,29878,799479,0.095091,40997,1643719,0.195505,8407551
2,2021-03-03,79913,2502863,38646,1262335,41252,1240450,15,78,45347,857826,0.10203,34351,833830,0.099176,47937,1691656,0.201207,8407551
2,2021-03-04,88033,2590896,43211,1305546,44792,1285242,30,108,50892,874232,0.103982,36896,870726,0.103565,53302,1744958,0.207547,8407551
2,2021-03-05,82055,2672951,38573,1344119,43174,1328416,308,416,50197,895492,0.10651,31629,902355,0.107327,52889,1797847,0.213837,8407551
2,2021-03-06,62914,2735865,30755,1374874,30460,1358876,1699,2115,38735,913317,0.108631,24044,926399,0.110187,41869,1839716,0.218817,8407551
2,2021-03-07,28583,2764448,16236,1391110,10804,1369680,1543,3658,18135,923727,0.109869,10375,936774,0.111421,20785,1860501,0.221289,8407551
2,2021-03-08,50743,2815191,23272,1414382,24907,1394587,2564,6222,31900,941099,0.111935,18735,955509,0.113649,36107,1896608,0.225584,8407551
2,2021-03-09,70582,2885773,32122,1446504,34614,1429201,3846,10068,39080,954008,0.11347,31359,986868,0.117379,44268,1940876,0.230849,8407551
2,2021-03-10,78430,2964203,37099,1483603,34794,1463995,6537,16605,41640,966940,0.115009,36568,1023436,0.121728,49500,1990376,0.236737,8407551
2,2021-03-11,93272,3057475,43020,1526623,41879,1505874,8373,24978,48662,981084,0.116691,44290,1067726,0.126996,58434,2048810,0.243687,8407551
2,2021-03-12,94113,3151588,38696,1565319,43450,1549324,11967,36945,46827,994268,0.118259,47028,1114754,0.13259,60212,2109022,0.250849,8407551
2,2021-03-13,69251,3220839,28983,1594302,32283,1581607,7985,44930,38047,1010530,0.120193,31065,1145819,0.136285,47327,2156349,0.256478,8407551
2,2021-03-14,37025,3257864,18309,1612611,14193,1595800,4523,49453,18563,1016009,0.120845,18358,1164177,0.138468,23837,2180186,0.259313,8407551
2,2021-03-15,67439,3325303,30414,1643025,32012,1627812,5013,54466,37176,1029252,0.12242,30041,1194218,0.142041,43284,2223470,0.264461,8407551
2,2021-03-16,86296,3411599,38167,1681192,44105,1671917,4024,58490,52161,1052636,0.125201,33931,1228149,0.146077,57315,2280785,0.271278,8407551
2,2021-03-17,92814,3504413,44446,1725638,44184,1716101,4184,62674,58788,1082704,0.128778,33748,1261897,0.150091,63816,2344601,0.278868,8407551
2,2021-03-18,98163,3602576,46805,1772443,46765,1762866,4593,67267,59649,1109320,0.131943,38194,1300091,0.154634,64810,2409411,0.286577,8407551
2,2021-03-19,97514,3700090,46158,1818601,45233,1808099,6123,73390,57695,1134159,0.134898,39505,1339596,0.159332,64344,2473755,0.29423,8407551
2,2021-03-20,70014,3770104,33928,1852529,32121,1840220,3965,77355,45721,1160154,0.13799,24057,1363653,0.162194,50052,2523807,0.300183,8407551
2,2021-03-21,33419,3803523,21589,1874118,9836,1850056,1994,79349,19986,1169277,0.139075,13291,1376944,0.163775,22414,2546221,0.302849,8407551
2,2021-03-22,62908,3866431,34617,1908735,25656,1875712,2635,81984,41752,1193646,0.141973,20915,1397859,0.166262,45284,2591505,0.308235,8407551
2,2021-03-23,83755,3950186,44518,1953253,36322,1912034,2915,84899,52290,1218511,0.144931,31180,1429039,0.169971,56045,2647550,0.314901,8407551
2,2021-03-24,91620,4041806,49228,2002481,39226,1951260,3166,88065,53673,1238556,0.147315,37609,1466648,0.174444,57654,2705204,0.321759,8407551
2,2021-03-25,101207,4143013,51066,2053547,46240,1997500,3901,91966,57178,1256732,0.149477,43660,1510308,0.179637,61836,2767040,0.329114,8407551
2,2021-03-26,103321,4246334,51254,2104801,48573,2046073,3494,95460,56357,1271068,0.151182,46564,1556872,0.185175,60900,2827940,0.336357,8407551
2,2021-03-27,75591,4321925,37724,2142525,34569,2080642,3298,98758,37802,1275488,0.151707,37537,1594409,0.18964,41957,2869897,0.341348,8407551
2,2021-03-28,37680,4359605,23275,2165800,13594,2094236,811,99569,20082,1279762,0.152216,17470,1611879,0.191718,21744,2891641,0.343934,8407551
2,2021-03-29,71291,4430896,36229,2202029,32786,2127022,2276,101845,40585,1293034,0.153794,30489,1642368,0.195344,43761,2935402,0.349139,8407551
2,2021-03-30,91886,4522782,45002,2247031,42507,2169529,4377,106222,51644,1309628,0.155768,40032,1682400,0.200106,56626,2992028,0.355874,8407551
2,2021-03-31,101161,4623943,52105,2299136,43947,2213476,5109,111331,57417,1329067,0.15808,43431,1725831,0.205272,62870,3054898,0.363352,8407551
2,2021-04-01,117521,4741464,56772,2355908,51516,2264992,9233,120564,64012,1349629,0.160526,53106,1778937,0.211588,73668,3128566,0.372114,8407551
2,2021-04-02,111607,4853071,51431,2407339,49996,2314988,10180,130744,59918,1368900,0.162818,51298,1830235,0.217689,70569,3199135,0.380507,8407551
2,2021-04-03,76841,4929912,37722,2445061,29291,2344279,9828,140572,38084,1378649,0.163977,38547,1868782,0.222274,48296,3247431,0.386252,8407551
2,2021-04-04,29000,4958912,14918,2459979,10223,2354502,3859,144431,13016,1379675,0.1641,15878,1884660,0.224163,16904,3264335,0.388262,8407551
2,2021-04-05,79127,5038039,38773,2498752,31513,2386015,8841,153272,38179,1386678,0.164932,40766,1925426,0.229012,47769,3312104,0.393944,8407551
2,2021-04-06,103890,5141929,50574,2549326,38604,2424619,14712,167984,49238,1396656,0.166119,54367,1979793,0.235478,64345,3376449,0.401597,8407551
2,2021-04-07,110496,5252425,55110,2604436,39131,2463750,16255,184239,52039,1407066,0.167357,58159,2037952,0.242395,68569,3445018,0.409753,8407551
2,2021-04-08,119334,5371759,57435,2661871,43174,2506924,18725,202964,55342,1418086,0.168668,63624,2101576,0.249963,74644,3519662,0.418631,8407551
2,2021-04-09,118840,5490599,57228,2719099,43491,2550415,18121,221085,56212,1431017,0.170206,62246,2163822,0.257367,75177,3594839,0.427573,8407551
2,2021-04-10,87624,5578223,37799,2756898,31400,2581815,18425,239510,36100,1434965,0.170676,51258,2215080,0.263463,55206,3650045,0.434139,8407551
2,2021-04-11,44479,5622702,23081,2779979,12926,2594741,8472,247982,18216,1436254,0.170829,26122,2241202,0.26657,27411,3677456,0.437399,8407551
2,2021-04-12,79998,5702700,37262,2817241,33332,2628073,9404,257386,35622,1438172,0.171057,44103,2285305,0.271816,46021,3723477,0.442873,8407551
2,2021-04-13,101868,5804568,52853,2870094,48755,2676828,260,257646,55834,1449392,0.172392,45769,2331074,0.27726,56989,3780466,0.449651,8407551
2,2021-04-14,106807,5911375,55935,2926029,50819,2727647,53,257699,54641,1453660,0.172899,51859,2382933,0.283428,56127,3836593,0.456327,8407551
2,2021-04-15,113402,6024777,60287,2986316,53033,2780680,82,257781,59374,1460544,0.173718,53639,2436572,0.289808,60523,3897116,0.463526,8407551
2,2021-04-16,110878,6135655,57482,3043798,53343,2834023,53,257834,56353,1463622,0.174084,54180,2490752,0.296252,57258,3954374,0.470336,8407551
2,2021-04-17,83589,6219244,42527,3086325,41047,2875070,15,257849,46804,1474768,0.17541,36537,2527289,0.300598,47683,4002057,0.476007,8407551
2,2021-04-18,35630,6254874,21634,3107959,13989,2889059,7,257856,17002,1474263,0.17535,18496,2545785,0.302797,17991,4020048,0.478147,8407551
2,2021-04-19,74948,6329822,40341,3148300,34591,2923650,16,257872,34213,1468648,0.174682,40466,2586251,0.307611,34851,4054899,0.482293,8407551
2,2021-04-20,97763,6427585,49568,3197868,48169,2971819,26,257898,47557,1467117,0.1745,49857,2636108,0.313541,48326,4103225,0.48804,8407551
2,2021-04-21,103587,6531172,56034,3253902,47495,3019314,58,257956,49002,1463019,0.174013,54129,2690237,0.319979,50031,4153256,0.493991,8407551
2,2021-04-22,108046,6639218,55916,3309818,52107,3071421,23,257979,47383,1451073,0.172592,60244,2750481,0.327144,48298,4201554,0.499736,8407551
2,2021-04-23,107475,6746693,57142,3366960,50316,3121737,17,257996,49793,1444533,0.171814,57270,2807751,0.333956,50730,4252284,0.50577,8407551
2,2021-04-24,80317,6827010,47307,3414267,32970,3154707,40,258036,41864,1449245,0.172374,38122,2845873,0.33849,42834,4295118,0.510864,8407551
2,2021-04-25,36274,6863284,22335,3436602,13925,3168632,14,258050,19735,1453057,0.172828,16403,2862276,0.340441,20215,4315333,0.513269,8407551
2,2021-04-26,73821,6937105,40891,3477493,32622,3201254,308,258358,34031,1449315,0.172383,39527,2901803,0.345142,35785,4351118,0.517525,8407551
2,2021-04-27,87968,7025073,46353,3523846,40253,3241507,1362,259720,37833,1439988,0.171273,49764,2951567,0.351061,40437,4391555,0.522335,8407551
2,2021-04-28,87752,7112825,46902,3570748,38989,3280496,1861,261581,38759,1432865,0.170426,48657,3000224,0.356849,41534,4433089,0.527275,8407551
2,2021-04-29,90364,7203189,49213,3619961,39451,3319947,1700,263281,35148,1415475,0.168358,54838,3055062,0.363371,37448,4470537,0.531729,8407551
2,2021-04-30,94190,7297379,52077,3672038,40120,3360067,1993,265274,36698,1397771,0.166252,57051,3112113,0.370157,39347,4509884,0.536409,8407551
2,2021-05-01,61956,7359335,37766,3709804,22621,3382688,1569,266843,24157,1386855,0.164954,37494,3149607,0.374616,26578,4536462,0.53957,8407551
2,2021-05-02,29055,7388390,20197,3730001,7887,3390575,971,267814,11051,1381094,0.164268,17872,3167479,0.376742,12111,4548573,0.54101,8407551
2,2021-05-03,59940,7448330,35478,3765479,22409,3412984,2053,269867,20195,1364126,0.16225,39482,3206961,0.381438,22514,4571087,0.543688,8407551
2,2021-05-04,79398,7527728,47396,3812875,29631,3442615,2371,272238,25834,1339497,0.159321,53232,3260193,0.38777,28603,4599690,0.54709,8407551
2,2021-05-05,79855,7607583,47567,3860442,29941,3472556,2347,274585,25027,1312795,0.156145,54439,3314632,0.394245,27737,4627427,0.550389,8407551
2,2021-05-06,82118,7689701,49757,3910199,29452,3502008,2909,277494,25149,1284991,0.152838,56504,3371136,0.400965,28700,4656127,0.553803,8407551
2,2021-05-07,83184,7772885,48023,3958222,32737,3534745,2424,279918,25612,1256284,0.149423,57202,3428338,0.407769,28495,4684622,0.557192,8407551
2,2021-05-08,55157,7828042,33427,3991649,20023,3554768,1707,281625,17304,1238405,0.147297,37619,3465957,0.412243,19740,4704362,0.55954,8407551
2,2021-05-09,21711,7849753,15690,4007339,5273,3560041,748,282373,6348,1230445,0.14635,15286,3481243,0.414061,7326,4711688,0.560411,8407551
2,2021-05-10,49841,7899594,27122,4034461,20851,3580892,1868,284241,14070,1211461,0.144092,35532,3516775,0.418288,16548,4728236,0.56238,8407551
2,2021-05-11,65581,7965175,35409,4069870,28066,3608958,2106,286347,19814,1188599,0.141373,45473,3562248,0.423696,22611,4750847,0.565069,8407551
2,2021-05-12,64729,8029904,34514,4104384,28000,3636958,2215,288562,19099,1164977,0.138563,45326,3607574,0.429087,21704,4772551,0.567651,8407551
2,2021-05-13,70506,8100410,40959,4145343,27606,3664564,1941,290503,25833,1149088,0.136673,44394,3651968,0.434368,28505,4801056,0.571041,8407551
2,2021-05-14,79359,8179769,47545,4192888,29560,3694124,2254,292757,30510,1134009,0.13488,48489,3700457,0.440135,33410,4834466,0.575015,8407551
2,2021-05-15,65941,8245710,43318,4236206,20911,3715035,1712,294469,25552,1121513,0.133394,40151,3740608,0.444911,27655,4862121,0.578304,8407551
2,2021-05-16,31506,8277216,23560,4259766,7023,3722058,923,295392,12856,1116899,0.132845,18521,3759129,0.447113,13907,4876028,0.579958,8407551
2,2021-05-17,57817,8335033,36639,4296405,19246,3741304,1932,297324,22815,1107232,0.131695,34778,3793907,0.45125,25111,4901139,0.582945,8407551
2,2021-05-18,69945,8404978,40938,4337343,27045,3768349,1962,299286,27822,1095698,0.130323,41858,3835765,0.456229,30324,4931463,0.586552,8407551
2,2021-05-19,68686,8473664,40635,4377978,26045,3794394,2006,301292,27227,1084238,0.12896,41161,3876926,0.461124,29701,4961164,0.590084,8407551
2,2021-05-20,69072,8542736,39968,4417946,26924,3821318,2180,303472,26209,1070680,0.127347,42540,3919466,0.466184,28982,4990146,0.593531,8407551
2,2021-05-21,72704,8615440,42900,4460846,27654,3848972,2150,305622,27611,1056253,0.125631,44740,3964206,0.471505,30313,5020459,0.597137,8407551
2,2021-05-22,53321,8668761,33779,4494625,17768,3866740,1774,307396,22311,1050090,0.124898,30787,3994993,0.475167,24624,5045083,0.600066,8407551
2,2021-05-23,24380,8693141,16630,4511255,7024,3873764,726,308122,10269,1047239,0.124559,13984,4008977,0.476831,11133,5056216,0.60139,8407551
2,2021-05-24,44725,8737866,25396,4536651,17562,3891326,1767,309889,17237,1039308,0.123616,27275,4036252,0.480075,19344,5075560,0.603691,8407551
2,2021-05-25,50635,8788501,29636,4566287,19139,3910465,1860,311749,19286,1029939,0.122502,31052,4067304,0.483768,21683,5097243,0.60627,8407551
2,2021-05-26,48602,8837103,27229,4593516,19693,3930158,1680,313429,19028,1021741,0.121527,29246,4096550,0.487247,21048,5118291,0.608773,8407551
2,2021-05-27,46490,8883593,26342,4619858,18410,3948568,1738,315167,18587,1014902,0.120713,27666,4124216,0.490537,20827,5139118,0.61125,8407551
2,2021-05-28,49873,8933466,27524,4647382,20376,3968944,1973,317140,20951,1009584,0.120081,28668,4152884,0.493947,23350,5162468,0.614028,8407551
2,2021-05-29,28950,8962416,17355,4664737,10542,3979486,1053,318193,13269,1008546,0.119957,15530,4168414,0.495794,14492,5176960,0.615751,8407551
2,2021-05-30,12620,8975036,8132,4672869,3727,3983213,761,318954,5527,1007857,0.119875,7043,4175457,0.496632,6354,5183314,0.616507,8407551
2,2021-05-31,5862,8980898,3425,4676294,2133,3985346,304,319258,1820,1006041,0.119659,3989,4179446,0.497106,2173,5185487,0.616765,8407551
2,2021-06-01,44657,9025555,25655,4701949,17351,4002697,1651,320909,15596,994896,0.118334,28770,4208216,0.500528,17625,5203112,0.618862,8407551
2,2021-06-02,38123,9063678,22442,4724391,14277,4016974,1404,322313,14960,988647,0.11759,22908,4231124,0.503253,16659,5219771,0.620843,8407551
2,2021-06-03,41296,9104974,26601,4750992,13231,4030205,1464,323777,13937,977305,0.116241,27124,4258248,0.506479,15782,5235553,0.62272,8407551
2,2021-06-04,47884,9152858,31274,4782266,15076,4045281,1534,325311,15505,962780,0.114514,32089,4290337,0.510296,17564,5253117,0.624809,8407551
2,2021-06-05,37757,9190615,26946,4809212,9354,4054635,1457,326768,11844,950807,0.11309,25689,4316026,0.513351,13716,5266833,0.626441,8407551
2,2021-06-06,14871,9205486,12196,4821408,2095,4056730,580,327348,4689,946146,0.112535,10119,4326145,0.514555,5458,5272291,0.62709,8407551
2,2021-06-07,33193,9238679,23227,4844635,8699,4065429,1267,328615,10787,936185,0.11135,22263,4348408,0.517203,12302,5284593,0.628553,8407551
2,2021-06-08,40511,9279190,28686,4873321,10462,4075891,1363,329978,12445,922537,0.109727,27827,4376235,0.520512,14179,5298772,0.63024,8407551
2,2021-06-09,38045,9317235,26574,4899895,9980,4085871,1491,331469,11540,909581,0.108186,26311,4402546,0.523642,13355,5312127,0.631828,8407551
2,2021-06-10,37652,9354887,26188,4926083,9949,4095820,1515,332984,11674,897458,0.106744,25779,4428325,0.526708,13656,5325783,0.633452,8407551
2,2021-06-11,41108,9395995,27277,4953360,12168,4107988,1663,334647,13176,884920,0.105253,27671,4455996,0.529999,15133,5340916,0.635252,8407551
2,2021-06-12,29332,9425327,21580,4974940,6838,4114826,914,335561,8680,874214,0.10398,20520,4476516,0.53244,9814,5350730,0.63642,8407551
2,2021-06-13,12202,9437529,8911,4983851,2674,4117500,617,336178,3105,869068,0.103368,9036,4485552,0.533515,3890,5354620,0.636882,8407551
2,2021-06-14,29823,9467352,21157,5005008,7472,4124972,1194,337372,10343,861494,0.102467,19319,4504871,0.535813,11745,5366365,0.638279,8407551
2,2021-06-15,35416,9502768,23575,5028583,9808,4134780,2033,339405,11926,852571,0.101405,23260,4528131,0.538579,14337,5380702,0.639984,8407551
2,2021-06-16,32806,9535574,22636,5051219,8387,4143167,1783,341188,11286,844596,0.100457,21354,4549485,0.541119,13379,5394081,0.641576,8407551
2,2021-06-17,30686,9566260,20506,5071725,8390,4151557,1790,342978,10878,837832,0.099652,19639,4569124,0.543455,12875,5406956,0.643107,8407551
2,2021-06-18,34487,9600747,22702,5094427,9918,4161475,1867,344845,12589,830863,0.098823,21682,4590806,0.546034,14713,5421669,0.644857,8407551
2,2021-06-19,20774,9621521,14470,5108897,5050,4166525,1254,346099,7864,827423,0.098414,12748,4603554,0.54755,9308,5430977,0.645964,8407551
2,2021-06-20,8230,9629751,5883,5114780,1883,4168408,464,346563,3051,825868,0.098229,5137,4608691,0.548161,3582,5434559,0.64639,8407551
2,2021-06-21,19215,9648966,11762,5126542,6140,4174548,1313,347876,9833,827928,0.098474,9267,4617958,0.549263,11327,5445886,0.647737,8407551
2,2021-06-22,26713,9675679,18299,5144841,7050,4181598,1364,349240,10468,823956,0.098002,16076,4634034,0.551175,12104,5457990,0.649177,8407551
2,2021-06-23,25772,9701451,17806,5162647,6357,4187955,1609,350849,10517,821260,0.097681,15113,4649147,0.552973,12417,5470407,0.650654,8407551
2,2021-06-24,25168,9726619,17143,5179790,6524,4194479,1501,352350,10419,818806,0.097389,14604,4663751,0.55471,12150,5482557,0.652099,8407551
2,2021-06-25,28523,9755142,19324,5199114,7717,4202196,1482,353832,11896,815938,0.097048,16476,4680227,0.556669,13608,5496165,0.653718,8407551
2,2021-06-26,18402,9773544,13562,5212676,3919,4206115,921,354753,7498,813779,0.096791,10821,4691048,0.557957,8662,5504827,0.654748,8407551
2,2021-06-27,8726,9782270,6665,5219341,1616,4207731,445,355198,3490,812649,0.096657,5189,4696237,0.558574,4059,5508886,0.655231,8407551
2,2021-06-28,19637,9801907,14929,5234270,3475,4211206,1233,356431,8648,811857,0.096563,10863,4707100,0.559866,10071,5518957,0.656429,8407551
2,2021-06-29,22475,9824382,15647,5249917,5763,4216969,1065,357496,9566,809943,0.096335,12781,4719881,0.561386,10867,5529824,0.657721,8407551
2,2021-06-30,21654,9846036,15379,5265296,5254,4222223,1021,358517,9592,808855,0.096206,11928,4731809,0.562805,10840,5540664,0.65901,8407551
2,2021-07-01,19607,9865643,13876,5279172,4866,4227089,865,359382,8713,807854,0.096087,10781,4742590,0.564087,9780,5550444,0.660174,8407551
2,2021-07-02,22518,9888161,15540,5294712,5964,4233053,1014,360396,9928,806560,0.095933,12436,4755026,0.565566,11142,5561586,0.661499,8407551
2,2021-07-03,12348,9900509,8926,5303638,2961,4236014,461,360857,5642,806159,0.095885,6624,4761650,0.566354,6223,5567809,0.662239,8407551
2,2021-07-04,982,9901491,576,5304214,339,4236353,67,360924,418,806113,0.09588,554,4762204,0.56642,508,5568317,0.6623,8407551
2,2021-07-05,10887,9912378,7974,5312188,2509,4238862,404,361328,4998,805804,0.095843,5837,4768041,0.567114,5528,5573845,0.662957,8407551
2,2021-07-06,23351,9935729,16980,5329168,5406,4244268,965,362293,9013,801856,0.095373,14201,4782242,0.568803,10253,5584098,0.664177,8407551
2,2021-07-07,20252,9955981,14446,5343614,4729,4248997,1077,363370,8619,800294,0.095188,11523,4793765,0.570174,9961,5594059,0.665361,8407551
2,2021-07-08,18724,9974705,13106,5356720,4704,4253701,914,364284,7970,798732,0.095002,10654,4804419,0.571441,9092,5603151,0.666443,8407551
2,2021-07-09,21982,9996687,15216,5371936,5598,4259299,1168,365452,9317,796896,0.094783,12534,4816953,0.572932,10698,5613849,0.667715,8407551
2,2021-07-10,13825,10010512,10199,5382135,2982,4262281,644,366096,6083,796128,0.094692,7653,4824606,0.573842,6885,5620734,0.668534,8407551
2,2021-07-11,6503,10017015,4776,5386911,1387,4263668,340,366436,3067,796209,0.094702,3394,4828000,0.574246,3475,5624209,0.668947,8407551
2,2021-07-12,17821,10034836,13096,5400007,3888,4267556,837,367273,7730,794991,0.094557,9984,4837984,0.575433,8766,5632975,0.66999,8407551
2,2021-07-13,18897,10053733,13360,5413367,4695,4272251,842,368115,8475,794214,0.094464,10287,4848271,0.576657,9510,5642485,0.671121,8407551
2,2021-07-14,16309,10070042,12039,5425406,3536,4275787,734,368849,7206,793344,0.094361,9004,4857275,0.577728,8134,5650619,0.672089,8407551
2,2021-07-15,16200,10086242,12209,5437615,3430,4279217,561,369410,7320,792631,0.094276,8780,4866055,0.578772,8067,5658686,0.673048,8407551
2,2021-07-16,14642,10100884,10466,5448081,3566,4282783,610,370020,6871,792627,0.094276,7678,4873733,0.579685,7674,5666360,0.673961,8407551
3,2020-12-15,310,310,310,310,0,0,0,0,310,310,3.8e-05,0,0,0.0,310,310,3.8e-05,8129050
3,2020-12-16,2445,2755,2445,2755,0,0,0,0,2446,2756,0.000339,0,0,0.0,2446,2756,0.000339,8129050
3,2020-12-17,7857,10612,7857,10612,0,0,0,0,7857,10613,0.001306,0,0,0.0,7857,10613,0.001306,8129050
3,2020-12-18,13425,24037,13407,24019,18,18,0,0,13424,24037,0.002957,0,0,0.0,13424,24037,0.002957,8129050
3,2020-12-19,7250,31287,7237,31256,13,31,0,0,7314,31351,0.003857,0,0,0.0,7314,31351,0.003857,8129050
3,2020-12-20,5665,36952,5657,36913,8,39,0,0,5712,37062,0.004559,1,1,0.0,5712,37063,0.004559,8129050
3,2020-12-21,14387,51339,14361,51274,26,65,0,0,14451,51512,0.006337,1,2,0.0,14451,51514,0.006337,8129050
3,2020-12-22,14811,66150,14241,65515,570,635,0,0,14850,66361,0.008163,1,3,0.0,14850,66364,0.008164,8129050
3,2020-12-23,14817,80967,12218,77733,2599,3234,0,0,14834,81194,0.009988,2,5,1e-06,14835,81199,0.009989,8129050
3,2020-12-24,6785,87752,4868,82601,1917,5151,0,0,6782,87974,0.010822,2,7,1e-06,6782,87981,0.010823,8129050
3,2020-12-25,725,88477,667,83268,58,5209,0,0,723,88697,0.010911,0,7,1e-06,723,88704,0.010912,8129050
3,2020-12-26,4622,93099,2998,86266,1624,6833,0,0,4620,93317,0.011479,0,7,1e-06,4620,93324,0.01148,8129050
3,2020-12-27,2982,96081,1855,88121,1127,7960,0,0,2982,96299,0.011846,0,7,1e-06,2982,96306,0.011847,8129050
3,2020-12-28,13630,109711,8723,96844,4907,12867,0,0,13655,109953,0.013526,1,8,1e-06,13655,109961,0.013527,8129050
3,2020-12-29,15026,124737,8467,105311,6559,19426,0,0,15054,125005,0.015378,2,10,1e-06,15054,125015,0.015379,8129050
3,2020-12-30,18035,142772,10057,115368,7978,27404,0,0,18040,143044,0.017597,2,12,1e-06,18041,143056,0.017598,8129050
3,2020-12-31,8447,151219,3238,118606,5209,32613,0,0,8446,151488,0.018635,2,14,2e-06,8446,151502,0.018637,8129050
3,2021-01-01,1497,152716,704,119310,793,33406,0,0,1494,152981,0.018819,1,15,2e-06,1494,152996,0.018821,8129050
3,2021-01-02,4934,157650,2418,121728,2516,35922,0,0,4934,157915,0.019426,0,15,2e-06,4934,157930,0.019428,8129050
3,2021-01-03,1613,159263,848,122576,765,36687,0,0,1603,159515,0.019623,3,18,2e-06,1603,159533,0.019625,8129050
3,2021-01-04,12030,171293,5970,128546,6060,42747,0,0,12003,171511,0.021099,7,25,3e-06,12003,171536,0.021102,8129050
3,2021-01-05,15728,187021,8149,136695,7579,50326,0,0,14051,183928,0.022626,1662,1687,0.000208,14079,185615,0.022834,8129050
3,2021-01-06,20609,207630,10906,147601,9703,60029,0,0,16067,195508,0.024051,4496,6183,0.000761,16076,201691,0.024811,8129050
3,2021-01-07,26634,234264,15231,162832,11403,71432,0,0,17159,203245,0.025002,9439,15622,0.001922,17176,218867,0.026924,8129050
3,2021-01-08,30614,264878,18725,181557,11889,83321,0,0,18133,208943,0.025703,12458,28080,0.003454,18156,237023,0.029158,8129050
3,2021-01-09,12446,277324,7033,188590,5413,88734,0,0,7915,212344,0.026122,4524,32604,0.004011,7925,244948,0.030132,8129050
3,2021-01-10,7221,284545,4477,193067,2744,91478,0,0,4070,213270,0.026236,3149,35753,0.004398,4075,249023,0.030634,8129050
3,2021-01-11,29089,313634,19036,212103,10053,101531,0,0,16464,217160,0.026714,12618,48371,0.00595,16508,265531,0.032664,8129050
3,2021-01-12,32600,346234,19478,231581,13122,114653,0,0,19954,224636,0.027634,12625,60996,0.007503,20101,285632,0.035137,8129050
3,2021-01-13,34571,380805,18047,249628,16524,131177,0,0,24339,238777,0.029373,10218,71214,0.00876,24359,309991,0.038134,8129050
3,2021-01-14,34737,415542,14207,263835,20530,151707,0,0,28823,261762,0.032201,5876,77090,0.009483,28861,338852,0.041684,8129050
3,2021-01-15,38991,454533,14457,278292,24534,176241,0,0,34298,291453,0.035853,4677,81767,0.010059,34368,373220,0.045912,8129050
3,2021-01-16,21750,476283,7413,285705,14337,190578,0,0,19424,308583,0.037961,2315,84082,0.010343,19445,392665,0.048304,8129050
3,2021-01-17,13145,489428,4457,290162,8688,199266,0,0,12105,319668,0.039324,1039,85121,0.010471,12124,404789,0.049795,8129050
3,2021-01-18,24782,514210,12950,303112,11832,211098,0,0,19173,333287,0.041,5597,90718,0.01116,19216,424005,0.052159,8129050
3,2021-01-19,41080,555290,20893,324005,20187,231285,0,0,31949,356227,0.043821,9095,99813,0.012279,32035,456040,0.0561,8129050
3,2021-01-20,46181,601471,23009,347014,23172,254457,0,0,36620,383415,0.047166,9515,109328,0.013449,36703,492743,0.060615,8129050
3,2021-01-21,48070,649541,20838,367852,27232,281689,0,0,42562,420610,0.051742,5443,114771,0.014119,42638,535381,0.06586,8129050
3,2021-01-22,49817,699358,19843,387695,29974,311663,0,0,45584,462065,0.056841,4203,118974,0.014636,45658,581039,0.071477,8129050
3,2021-01-23,30359,729717,12796,400491,17563,329226,0,0,27063,485896,0.059773,3287,122261,0.01504,27118,608157,0.074813,8129050
3,2021-01-24,17885,747602,8479,408970,9406,338632,0,0,16702,501449,0.061686,1180,123441,0.015185,16733,624890,0.076871,8129050
3,2021-01-25,40849,788451,18218,427188,22631,361263,0,0,30860,522440,0.064268,9959,133400,0.01641,30950,655840,0.080679,8129050
3,2021-01-26,47343,835794,22613,449801,24730,385993,0,0,37164,549560,0.067604,10146,143546,0.017658,37266,693106,0.085263,8129050
3,2021-01-27,51491,887285,24514,474315,26977,412970,0,0,40819,579859,0.071332,10601,154147,0.018962,40900,734006,0.090294,8129050
3,2021-01-28,51917,939202,24090,498405,27827,440797,0,0,42967,614022,0.075534,8863,163010,0.020053,43026,777032,0.095587,8129050
3,2021-01-29,51043,990245,24494,522899,26549,467346,0,0,41286,645775,0.07944,9580,172590,0.021231,41333,818365,0.100672,8129050
3,2021-01-30,37426,1027671,17789,540688,19637,486983,0,0,32708,673903,0.082901,4664,177254,0.021805,32792,851157,0.104706,8129050
3,2021-01-31,22443,1050114,12753,553441,9690,496673,0,0,21027,693549,0.085317,1401,178655,0.021977,21047,872204,0.107295,8129050
3,2021-02-01,45926,1096040,20985,574426,24941,521614,0,0,35018,717747,0.088294,10854,189509,0.023313,35052,907256,0.111607,8129050
3,2021-02-02,54569,1150609,22764,597190,31805,553419,0,0,42106,747533,0.091958,12370,201879,0.024834,42156,949412,0.116792,8129050
3,2021-02-03,60117,1210726,26678,623868,33439,586858,0,0,44721,777061,0.095591,15265,217144,0.026712,44793,994205,0.122303,8129050
3,2021-02-04,64462,1275188,27916,651784,36546,623404,0,0,47195,807299,0.09931,17071,234215,0.028812,47309,1041514,0.128122,8129050
3,2021-02-05,70352,1345540,29769,681553,40583,663987,0,0,48622,834611,0.10267,21487,255702,0.031455,48799,1090313,0.134126,8129050
3,2021-02-06,43708,1389248,20958,702511,22750,686737,0,0,34059,859249,0.105701,9603,265305,0.032637,34241,1124554,0.138338,8129050
3,2021-02-07,19745,1408993,12562,715073,7183,693920,0,0,15160,869966,0.107019,4567,269872,0.033198,15284,1139838,0.140218,8129050
3,2021-02-08,51636,1460629,24992,740065,26644,720564,0,0,33871,886399,0.109041,17624,287496,0.035366,34057,1173895,0.144407,8129050
3,2021-02-09,58854,1519483,28527,768592,30327,750891,0,0,34437,897025,0.110348,24142,311638,0.038336,34768,1208663,0.148684,8129050
3,2021-02-10,68393,1587876,31827,800419,36566,787457,0,0,36678,902783,0.111056,31419,343057,0.042201,37177,1245840,0.153258,8129050
3,2021-02-11,70797,1658673,34827,835246,35970,823427,0,0,37614,908100,0.11171,32837,375894,0.046241,38154,1283994,0.157951,8129050
3,2021-02-12,75736,1734409,32686,867932,43050,866477,0,0,41756,916951,0.112799,33682,409576,0.050384,42533,1326527,0.163184,8129050
3,2021-02-13,45262,1779671,20515,888447,24747,891224,0,0,26071,924527,0.113731,19077,428653,0.052731,26653,1353180,0.166462,8129050
3,2021-02-14,27421,1807092,13718,902165,13703,904927,0,0,15228,928068,0.114167,12137,440790,0.054224,15678,1368858,0.168391,8129050
3,2021-02-15,40216,1847308,17305,919470,22911,927838,0,0,22220,933340,0.114815,17887,458677,0.056424,23159,1392017,0.17124,8129050
3,2021-02-16,70390,1917698,33327,952797,37063,964901,0,0,36554,937227,0.115294,33698,492375,0.06057,37585,1429602,0.175863,8129050
3,2021-02-17,72209,1989907,36503,989300,35706,1000607,0,0,34222,934771,0.114991,37752,530127,0.065214,35296,1464898,0.180205,8129050
3,2021-02-18,77418,2067325,40431,1029731,36987,1037594,0,0,35796,930485,0.114464,41427,571554,0.07031,37141,1502039,0.184774,8129050
3,2021-02-19,69515,2136840,40054,1069785,29461,1067055,0,0,35077,931979,0.114648,34280,605834,0.074527,35774,1537813,0.189175,8129050
3,2021-02-20,43122,2179962,27242,1097027,15880,1082935,0,0,22494,934468,0.114954,20508,626342,0.07705,22997,1560810,0.192004,8129050
3,2021-02-21,24208,2204170,19507,1116534,4701,1087636,0,0,11822,934385,0.114944,12292,638634,0.078562,12209,1573019,0.193506,8129050
3,2021-02-22,47399,2251569,30875,1147409,16524,1104160,0,0,22150,931915,0.11464,25106,663740,0.08165,22636,1595655,0.19629,8129050
3,2021-02-23,63392,2314961,34463,1181872,28929,1133089,0,0,27606,925955,0.113907,35556,699296,0.086024,29596,1625251,0.199931,8129050
3,2021-02-24,79522,2394483,39051,1220923,40471,1173560,0,0,35116,919435,0.113105,44153,743449,0.091456,37633,1662884,0.204561,8129050
3,2021-02-25,89077,2483560,43385,1264308,45692,1219252,0,0,44305,921870,0.113404,44462,787911,0.096925,46897,1709781,0.21033,8129050
3,2021-02-26,99986,2583546,45771,1310079,54215,1273467,0,0,52775,930066,0.114413,46784,834695,0.102681,54980,1764761,0.217093,8129050
3,2021-02-27,70768,2654314,32501,1342580,38263,1311730,4,4,37385,935620,0.115096,33144,867839,0.106758,38698,1803459,0.221854,8129050
3,2021-02-28,41158,2695472,23744,1366324,17411,1329141,3,7,21150,937911,0.115378,19812,887651,0.109195,22103,1825562,0.224573,8129050
3,2021-03-01,68732,2764204,36443,1402767,32256,1361397,33,40,38171,947135,0.116512,30319,917970,0.112925,39543,1865105,0.229437,8129050
3,2021-03-02,79317,2843521,39176,1441943,40133,1401530,8,48,45943,961941,0.118334,33219,951189,0.117011,48025,1913130,0.235345,8129050
3,2021-03-03,89476,2932997,42951,1484894,46504,1448034,21,69,50148,975292,0.119976,39089,990278,0.12182,52440,1965570,0.241796,8129050
3,2021-03-04,93990,3026987,46002,1530896,47968,1496002,20,89,53334,990516,0.121849,40407,1030685,0.12679,55631,2021201,0.248639,8129050
3,2021-03-05,90841,3117828,44463,1575359,46087,1542089,291,380,55509,1013483,0.124674,35062,1065747,0.131104,58029,2079230,0.255778,8129050
3,2021-03-06,65406,3183234,33166,1608525,30079,1572168,2161,2541,37553,1026962,0.126332,27697,1093444,0.134511,41176,2120406,0.260843,8129050
3,2021-03-07,39167,3222401,22628,1631153,14646,1586814,1893,4434,22022,1034981,0.127319,17067,1110511,0.13661,25086,2145492,0.263929,8129050
3,2021-03-08,59950,3282351,28588,1659741,28359,1615173,3003,7437,37942,1055625,0.129858,21839,1132350,0.139297,42483,2187975,0.269155,8129050
3,2021-03-09,77202,3359553,35652,1695393,37096,1652269,4454,11891,41507,1067201,0.131282,35543,1167893,0.143669,47119,2235094,0.274951,8129050
3,2021-03-10,83077,3442630,41378,1736771,35613,1687882,6086,17977,43443,1078716,0.132699,39404,1207297,0.148516,50919,2286013,0.281215,8129050
3,2021-03-11,97477,3540107,47630,1784401,41229,1729111,8618,26595,47787,1086789,0.133692,49406,1256703,0.154594,57479,2343492,0.288286,8129050
3,2021-03-12,102185,3642292,45524,1829925,44763,1773874,11898,38493,46833,1091548,0.134277,55107,1311810,0.161373,59866,2403358,0.295651,8129050
3,2021-03-13,70675,3712967,29728,1859653,33675,1807549,7272,45765,37379,1104384,0.135856,33163,1344973,0.165453,45999,2449357,0.301309,8129050
3,2021-03-14,41389,3754356,21613,1881266,16209,1823758,3567,49332,20833,1108945,0.136418,20466,1365439,0.16797,25027,2474384,0.304388,8129050
3,2021-03-15,75905,3830261,35971,1917237,35372,1859130,4562,53894,39974,1118781,0.137628,35695,1401134,0.172361,45531,2519915,0.309989,8129050
3,2021-03-16,95219,3925480,43871,1961108,47010,1906140,4338,58232,53522,1136115,0.13976,41441,1442575,0.177459,58775,2578690,0.317219,8129050
3,2021-03-17,98439,4023919,47783,2008891,46111,1952251,4545,62777,59744,1162626,0.143021,38439,1481014,0.182188,64950,2643640,0.325209,8129050
3,2021-03-18,103837,4127756,52785,2061676,46524,1998775,4528,67305,59578,1183325,0.145567,43950,1524964,0.187594,64649,2708289,0.333162,8129050
3,2021-03-19,103402,4231158,55449,2117125,43490,2042265,4463,71768,57542,1200311,0.147657,45571,1570535,0.1932,62557,2770846,0.340857,8129050
3,2021-03-20,72091,4303249,37162,2154287,31269,2073534,3660,75428,44463,1221507,0.150264,27428,1597963,0.196574,48624,2819470,0.346839,8129050
3,2021-03-21,36382,4339631,24732,2179019,10144,2083678,1506,76934,21900,1231019,0.151435,14371,1612334,0.198342,23883,2843353,0.349777,8129050
3,2021-03-22,70698,4410329,41567,2220586,26606,2110284,2525,79459,45173,1254452,0.154317,25282,1637616,0.201452,48715,2892068,0.355769,8129050
3,2021-03-23,89863,4500192,49723,2270309,37602,2147886,2538,81997,55198,1278496,0.157275,34396,1672012,0.205684,58440,2950508,0.362959,8129050
3,2021-03-24,98777,4598969,56865,2327174,38987,2186873,2925,84922,56227,1296069,0.159437,42182,1714194,0.210873,59755,3010263,0.370309,8129050
3,2021-03-25,107394,4706363,59650,2386824,44777,2231650,2967,87889,60545,1313729,0.161609,46497,1760691,0.216592,64157,3074420,0.378202,8129050
3,2021-03-26,110710,4817073,59422,2446246,47955,2279605,3333,91222,57035,1321610,0.162579,53328,1814019,0.223153,61209,3135629,0.385731,8129050
3,2021-03-27,74679,4891752,37975,2484221,34156,2313761,2548,93770,36094,1322579,0.162698,38348,1852367,0.22787,39317,3174946,0.390568,8129050
3,2021-03-28,44382,4936134,27972,2512193,15597,2329358,813,94583,22350,1324470,0.16293,21911,1874278,0.230565,23802,3198748,0.393496,8129050
3,2021-03-29,80693,5016827,42117,2554310,36720,2366078,1856,96439,44231,1335177,0.164248,36194,1910472,0.235018,46901,3245649,0.399265,8129050
3,2021-03-30,100336,5117163,49298,2603608,47401,2413479,3637,100076,56304,1351949,0.166311,43769,1954241,0.240402,60541,3306190,0.406713,8129050
3,2021-03-31,105124,5222287,56697,2660305,43572,2457051,4855,104931,56192,1364638,0.167872,48686,2002927,0.246391,61375,3367565,0.414263,8129050
3,2021-04-01,123729,5346016,62537,2722842,51441,2508492,9751,114682,66742,1384863,0.17036,56571,2059498,0.25335,76796,3444361,0.42371,8129050
3,2021-04-02,118008,5464024,57556,2780398,50102,2558594,10350,125032,62234,1402458,0.172524,55468,2114966,0.260174,73063,3517424,0.432698,8129050
3,2021-04-03,76176,5540200,38972,2819370,27960,2586554,9244,134276,37895,1411774,0.17367,38125,2153091,0.264864,47441,3564865,0.438534,8129050
3,2021-04-04,32432,5572632,17346,2836716,10871,2597425,4215,138491,14151,1411961,0.173693,18202,2171293,0.267103,18389,3583254,0.440796,8129050
3,2021-04-05,89579,5662211,45498,2882214,34848,2632273,9233,147724,43573,1419817,0.17466,45768,2217061,0.272733,53624,3636878,0.447393,8129050
3,2021-04-06,113581,5775792,55258,2937472,43106,2675379,15217,162941,53360,1429153,0.175808,59936,2276997,0.280106,69272,3706150,0.455914,8129050
3,2021-04-07,116392,5892184,60190,2997662,39876,2715255,16326,179267,56237,1442093,0.1774,59881,2336878,0.287472,72821,3778971,0.464872,8129050
3,2021-04-08,121526,6013710,60489,3058151,40854,2756109,20183,199450,56248,1454325,0.178905,64961,2401839,0.295464,77193,3856164,0.474368,8129050
3,2021-04-09,118583,6132293,59109,3117260,40296,2796405,19178,218628,52042,1460156,0.179622,66279,2468118,0.303617,72110,3928274,0.483239,8129050
3,2021-04-10,84483,6216776,37887,3155147,31321,2827726,15275,233903,34305,1460559,0.179672,49988,2518106,0.309766,50391,3978665,0.489438,8129050
3,2021-04-11,45351,6262127,24294,3179441,13041,2840767,8016,241919,17198,1458542,0.179423,28060,2546166,0.313218,26043,4004708,0.492642,8129050
3,2021-04-12,84080,6346207,42468,3221909,32786,2873553,8826,250745,37986,1460588,0.179675,45850,2592016,0.318858,47896,4052604,0.498534,8129050
3,2021-04-13,105594,6451801,57184,3279093,48200,2921753,210,250955,55653,1467644,0.180543,49692,2641708,0.324971,56748,4109352,0.505514,8129050
3,2021-04-14,107716,6559517,58895,3337988,48722,2970475,99,251054,53595,1468954,0.180704,53820,2695528,0.331592,55130,4164482,0.512296,8129050
3,2021-04-15,119729,6679246,67400,3405388,52253,3022728,76,251130,64068,1478572,0.181887,55334,2750862,0.338399,64952,4229434,0.520286,8129050
3,2021-04-16,115751,6794997,64914,3470302,50743,3073471,94,251224,60401,1484699,0.182641,55035,2805897,0.345169,61162,4290596,0.52781,8129050
3,2021-04-17,79630,6874627,43388,3513690,36229,3109700,13,251237,44350,1494980,0.183906,35051,2840948,0.349481,45332,4335928,0.533387,8129050
3,2021-04-18,38793,6913420,23394,3537084,15394,3125094,5,251242,18217,1493618,0.183738,20458,2861406,0.351998,19096,4355024,0.535736,8129050
3,2021-04-19,79413,6992833,44230,3581314,35128,3160222,55,251297,35891,1486754,0.182894,43317,2904723,0.357326,36453,4391477,0.54022,8129050
3,2021-04-20,101157,7093990,53274,3634588,47865,3208087,18,251315,49134,1485168,0.182699,51763,2956486,0.363694,50177,4441654,0.546393,8129050
3,2021-04-21,105896,7199886,59455,3694043,46371,3254458,70,251385,50066,1480930,0.182177,55460,3011946,0.370516,51222,4492876,0.552694,8129050
3,2021-04-22,111914,7311800,62888,3756931,49001,3303459,25,251410,48196,1466741,0.180432,63367,3075313,0.378311,49178,4542054,0.558744,8129050
3,2021-04-23,106256,7418056,60778,3817709,45450,3348909,28,251438,46670,1455219,0.179015,59229,3134542,0.385598,47707,4589761,0.564612,8129050
3,2021-04-24,73654,7491710,45486,3863195,28103,3377012,65,251503,35886,1454666,0.178947,37496,3172038,0.39021,36943,4626704,0.569157,8129050
3,2021-04-25,36767,7528477,23472,3886667,13278,3390290,17,251520,18770,1456007,0.179112,17852,3189890,0.392406,19193,4645897,0.571518,8129050
3,2021-04-26,73865,7602342,41763,3928430,31693,3421983,409,251929,31550,1447267,0.178036,42042,3231932,0.397578,33302,4679199,0.575614,8129050
3,2021-04-27,90961,7693303,47728,3976158,41493,3463476,1740,253669,36134,1431389,0.176083,54518,3286450,0.404285,38640,4717839,0.580368,8129050
3,2021-04-28,86584,7779887,49178,4025336,35271,3498747,2135,255804,35407,1418576,0.174507,50884,3337334,0.410544,38071,4755910,0.585051,8129050
3,2021-04-29,88654,7868541,50668,4076004,35780,3534527,2206,258010,31653,1396254,0.171761,56668,3394002,0.417515,34346,4790256,0.589276,8129050
3,2021-04-30,90380,7958921,50998,4127002,36903,3571430,2479,260489,33707,1376573,0.16934,56334,3450336,0.424445,36653,4826909,0.593785,8129050
3,2021-05-01,55101,8014022,34576,4161578,19066,3590496,1459,261948,19862,1363397,0.167719,34987,3485323,0.428749,21811,4848720,0.596468,8129050
3,2021-05-02,26875,8040897,18342,4179920,7518,3598014,1015,262963,9860,1357457,0.166988,16911,3502234,0.430829,10971,4859691,0.597818,8129050
3,2021-05-03,59314,8100211,34651,4214571,22293,3620307,2370,265333,17410,1335724,0.164315,41690,3543924,0.435958,19957,4879648,0.600273,8129050
3,2021-05-04,77313,8177524,44689,4259260,29945,3650252,2679,268012,22506,1306675,0.160741,54517,3598441,0.442664,25468,4905116,0.603406,8129050
3,2021-05-05,78757,8256281,47322,4306582,28735,3678987,2700,270712,21887,1274998,0.156845,56547,3654988,0.449621,24870,4929986,0.606465,8129050
3,2021-05-06,82841,8339122,52336,4358918,27982,3706969,2523,273235,20615,1236926,0.152161,61758,3716746,0.457218,23686,4953672,0.609379,8129050
3,2021-05-07,82150,8421272,51191,4410109,28342,3735311,2617,275852,21844,1201717,0.14783,59963,3776709,0.464594,24754,4978426,0.612424,8129050
3,2021-05-08,52285,8473557,32390,4442499,18187,3753498,1708,277560,13868,1179395,0.145084,38160,3814869,0.469288,15838,4994264,0.614372,8129050
3,2021-05-09,20894,8494451,15299,4457798,4809,3758307,786,278346,5515,1170474,0.143987,15288,3830157,0.471169,6367,5000631,0.615156,8129050
3,2021-05-10,47875,8542326,25662,4483460,20312,3778619,1901,280247,11121,1147200,0.141124,36558,3866715,0.475666,13284,5013915,0.61679,8129050
3,2021-05-11,63641,8605967,35567,4519027,25856,3804475,2218,282465,16089,1118660,0.137613,47313,3914028,0.481487,18773,5032688,0.619099,8129050
3,2021-05-12,64588,8670555,37122,4556149,25074,3829549,2392,284857,16536,1090084,0.134097,47803,3961831,0.487367,19227,5051915,0.621464,8129050
3,2021-05-13,75057,8745612,47323,4603472,25829,3855378,1905,286762,27473,1072724,0.131962,47347,4009178,0.493191,29987,5081902,0.625153,8129050
3,2021-05-14,80020,8825632,50567,4654039,27326,3882704,2127,288889,31012,1057738,0.130118,48722,4057900,0.499185,33736,5115638,0.629303,8129050
3,2021-05-15,61843,8887475,42687,4696726,17952,3900656,1204,290093,25604,1048721,0.129009,36042,4093942,0.503619,27025,5142663,0.632628,8129050
3,2021-05-16,33061,8920536,24703,4721429,7667,3908323,691,290784,13364,1043282,0.12834,19581,4113523,0.506028,14142,5156805,0.634367,8129050
3,2021-05-17,56759,8977295,36168,4757597,18758,3927081,1833,292617,20945,1030716,0.126794,35548,4149071,0.5104,22982,5179787,0.637195,8129050
3,2021-05-18,64351,9041646,38006,4795603,24492,3951573,1853,294470,24241,1017362,0.125151,39842,4188913,0.515302,26488,5206275,0.640453,8129050
3,2021-05-19,63777,9105423,38778,4834381,23259,3974832,1740,296210,24741,1005330,0.123671,38786,4227699,0.520073,26754,5233029,0.643744,8129050
3,2021-05-20,61338,9166761,35826,4870207,23678,3998510,1834,298044,22003,990454,0.121841,39060,4266759,0.524878,24184,5257213,0.646719,8129050
3,2021-05-21,65721,9232482,39928,4910135,23697,4022207,2096,300140,23507,974447,0.119872,41911,4308670,0.530034,25904,5283117,0.649906,8129050
3,2021-05-22,45555,9278037,30223,4940358,13867,4036074,1465,301605,19091,968997,0.119202,26263,4334933,0.533264,20813,5303930,0.652466,8129050
3,2021-05-23,21707,9299744,15026,4955384,6032,4042106,649,302254,9200,966535,0.118899,12422,4347355,0.534793,9960,5313890,0.653691,8129050
3,2021-05-24,39442,9339186,23062,4978446,14624,4056730,1756,304010,14681,958603,0.117923,24574,4371929,0.537815,16642,5330532,0.655739,8129050
3,2021-05-25,42617,9381803,24004,5002450,16945,4073675,1668,305678,15180,948496,0.11668,27180,4399109,0.541159,17073,5347605,0.657839,8129050
3,2021-05-26,42305,9424108,24223,5026673,16364,4090039,1718,307396,15868,940069,0.115643,26146,4425255,0.544375,17719,5365324,0.660019,8129050
3,2021-05-27,39289,9463397,22046,5048719,15496,4105535,1747,309143,15449,933822,0.114875,23682,4448937,0.547289,17435,5382759,0.662163,8129050
3,2021-05-28,42651,9506048,24095,5072814,16762,4122297,1794,310937,17733,928955,0.114276,24716,4473653,0.550329,19849,5402608,0.664605,8129050
3,2021-05-29,23424,9529472,14314,5087128,8273,4130570,837,311774,11001,928625,0.114235,12293,4485946,0.551841,11963,5414571,0.666077,8129050
3,2021-05-30,10578,9540050,6855,5093983,3086,4133656,637,312411,4458,927714,0.114123,6046,4491992,0.552585,5135,5419706,0.666708,8129050
3,2021-05-31,4616,9544666,2665,5096648,1687,4135343,264,312675,1452,926331,0.113953,3128,4495120,0.55297,1745,5421451,0.666923,8129050
3,2021-06-01,37608,9582274,21667,5118315,14508,4149851,1433,314108,13180,916934,0.112797,24204,4519324,0.555947,14807,5436258,0.668745,8129050
3,2021-06-02,31413,9613687,18058,5136373,11949,4161800,1406,315514,11654,910566,0.112014,19555,4538879,0.558353,13187,5449445,0.670367,8129050
3,2021-06-03,39513,9653200,27044,5163417,11037,4172837,1432,316946,11446,895777,0.110195,27888,4566767,0.561784,13099,5462544,0.671978,8129050
3,2021-06-04,46064,9699264,32587,5196004,11935,4184772,1542,318488,13135,878155,0.108027,32699,4599466,0.565806,15077,5477621,0.673833,8129050
3,2021-06-05,34272,9733536,25852,5221856,7234,4192006,1186,319674,8748,862953,0.106157,25319,4624785,0.568921,10117,5487738,0.675077,8129050
3,2021-06-06,14589,9748125,12174,5234030,1834,4193840,581,320255,3753,856669,0.105384,10779,4635564,0.570247,4495,5492233,0.67563,8129050
3,2021-06-07,30343,9778468,22058,5256088,7004,4200844,1281,321536,8718,845305,0.103986,21483,4657047,0.572889,10119,5502352,0.676875,8129050
3,2021-06-08,34225,9812693,24585,5280673,8353,4209197,1287,322823,9950,832689,0.102434,24064,4681111,0.57585,11448,5513800,0.678283,8129050
3,2021-06-09,32905,9845598,23879,5304552,7729,4216926,1297,324120,8863,819138,0.100767,23867,4704978,0.578786,10316,5524116,0.679552,8129050
3,2021-06-10,32415,9878013,23385,5327937,7507,4224433,1523,325643,9051,806695,0.099236,23215,4728193,0.581642,10772,5534888,0.680878,8129050
3,2021-06-11,35422,9913435,25050,5352987,9012,4233445,1360,327003,10552,794105,0.097687,24677,4752870,0.584677,12087,5546975,0.682364,8129050
3,2021-06-12,25084,9938519,18912,5371899,5282,4238727,890,327893,6689,783554,0.096389,18281,4771151,0.586926,7730,5554705,0.683315,8129050
3,2021-06-13,10120,9948639,7570,5379469,2060,4240787,490,328383,2360,778768,0.095801,7706,4778857,0.587874,2920,5557625,0.683675,8129050
3,2021-06-14,25745,9974384,18437,5397906,5894,4246681,1414,329797,8086,770879,0.09483,17529,4796386,0.59003,9640,5567265,0.68486,8129050
3,2021-06-15,28651,10003035,19398,5417304,7753,4254434,1500,331297,9649,763413,0.093912,18782,4815168,0.592341,11316,5578581,0.686253,8129050
3,2021-06-16,25792,10028827,18304,5435608,6077,4260511,1411,332708,8701,756768,0.093094,16912,4832080,0.594421,10267,5588848,0.687516,8129050
3,2021-06-17,24771,10053598,17749,5453357,5738,4266249,1284,333992,8602,750772,0.092357,16017,4848097,0.596392,10021,5598869,0.688748,8129050
3,2021-06-18,27874,10081472,19684,5473041,6625,4272874,1565,335557,9780,744409,0.091574,17873,4865970,0.59859,11510,5610379,0.690164,8129050
3,2021-06-19,15928,10097400,11699,5484740,3381,4276255,848,336405,5699,740959,0.09115,10104,4876074,0.599833,6654,5617033,0.690983,8129050
3,2021-06-20,6842,10104242,5136,5489876,1408,4277663,298,336703,2594,739708,0.090996,4196,4880270,0.600349,2945,5619978,0.691345,8129050
3,2021-06-21,16132,10120374,10194,5500070,4552,4282215,1386,338089,8039,741247,0.091185,8006,4888276,0.601334,9545,5629523,0.692519,8129050
3,2021-06-22,22011,10142385,15443,5515513,5279,4287494,1289,339378,8253,737299,0.090699,13643,4901919,0.603013,9695,5639218,0.693712,8129050
3,2021-06-23,20157,10162542,14153,5529666,4693,4292187,1311,340689,7999,734700,0.09038,12048,4913967,0.604495,9449,5648667,0.694874,8129050
3,2021-06-24,19855,10182397,13827,5543493,4592,4296779,1436,342125,7750,732061,0.090055,11936,4925903,0.605963,9297,5657964,0.696018,8129050
3,2021-06-25,23195,10205592,16459,5559952,5314,4302093,1422,343547,9070,728681,0.089639,13998,4939901,0.607685,10618,5668582,0.697324,8129050
3,2021-06-26,13773,10219365,10217,5570169,2785,4304878,771,344318,5729,727355,0.089476,7979,4947880,0.608666,6653,5675235,0.698142,8129050
3,2021-06-27,6667,10226032,5146,5575315,1212,4306090,309,344627,2847,726756,0.089402,3786,4951666,0.609132,3187,5678422,0.698535,8129050
3,2021-06-28,15804,10241836,12139,5587454,2594,4308684,1071,345698,6669,725569,0.089256,9026,4960692,0.610243,7839,5686261,0.699499,8129050
3,2021-06-29,17868,10259704,12600,5600054,4285,4312969,983,346681,7328,723588,0.089013,10424,4971116,0.611525,8443,5694704,0.700537,8129050
3,2021-06-30,16811,10276515,11908,5611962,3870,4316839,1033,347714,7206,722490,0.088878,9481,4980597,0.612691,8383,5703087,0.701569,8129050
3,2021-07-01,16089,10292604,11478,5623440,3556,4320395,1055,348769,6759,721168,0.088715,9236,4989833,0.613827,7914,5711001,0.702542,8129050
3,2021-07-02,18252,10310856,12986,5636426,4170,4324565,1096,349865,7773,719768,0.088543,10371,5000204,0.615103,8971,5719972,0.703646,8129050
3,2021-07-03,9952,10320808,7204,5643630,2323,4326888,425,350290,4263,718933,0.08844,5626,5005830,0.615795,4791,5724763,0.704235,8129050
3,2021-07-04,700,10321508,405,5644035,208,4327096,87,350377,266,718873,0.088433,429,5006259,0.615848,369,5725132,0.704281,8129050
3,2021-07-05,9464,10330972,6926,5650961,2117,4329213,421,350798,4285,718526,0.08839,5115,5011374,0.616477,4768,5729900,0.704867,8129050
3,2021-07-06,18816,10349788,13654,5664615,4058,4333271,1104,351902,6813,714695,0.087919,11867,5023241,0.617937,8036,5737936,0.705856,8129050
3,2021-07-07,15507,10365295,10996,5675611,3407,4336678,1104,353006,6267,713030,0.087714,9141,5032382,0.619062,7476,5745412,0.706775,8129050
3,2021-07-08,15002,10380297,10902,5686513,3217,4339895,883,353889,6133,711350,0.087507,8779,5041161,0.620141,7099,5752511,0.707649,8129050
3,2021-07-09,17171,10397468,12063,5698576,4046,4343941,1062,354951,7140,709736,0.087309,9924,5051085,0.621362,8310,5760821,0.708671,8129050
3,2021-07-10,10541,10408009,7828,5706404,2156,4346097,557,355508,4532,708969,0.087214,5944,5057029,0.622093,5177,5765998,0.709308,8129050
3,2021-07-11,5047,10413056,3729,5710133,1045,4347142,273,355781,2293,708834,0.087198,2721,5059750,0.622428,2586,5768584,0.709626,8129050
3,2021-07-12,14054,10427110,10349,5720482,2854,4349996,851,356632,5679,707143,0.08699,8301,5068051,0.623449,6610,5775194,0.710439,8129050
3,2021-07-13,14721,10441831,10494,5730976,3454,4353450,773,357405,6504,706379,0.086896,8121,5076172,0.624448,7357,5782551,0.711344,8129050
3,2021-07-14,12440,10454271,9160,5740136,2543,4355993,737,358142,5608,706029,0.086853,6750,5082922,0.625279,6400,5788951,0.712131,8129050
3,2021-07-15,12540,10466811,9452,5749588,2475,4358468,613,358755,5778,705807,0.086825,6679,5089601,0.6261,6457,5795408,0.712926,8129050
3,2021-07-16,11687,10478498,8425,5758013,2650,4361118,612,359367,5519,705942,0.086842,6105,5095706,0.626851,6240,5801648,0.713693,8129050
4,2020-12-15,457,457,457,457,0,0,0,0,457,457,5.7e-05,0,0,0.0,457,457,5.7e-05,8037679
4,2020-12-16,3042,3499,3042,3499,0,0,0,0,3042,3499,0.000435,0,0,0.0,3042,3499,0.000435,8037679
4,2020-12-17,8955,12454,8955,12454,0,0,0,0,8955,12454,0.001549,0,0,0.0,8955,12454,0.001549,8037679
4,2020-12-18,16220,28674,16208,28662,12,12,0,0,16220,28674,0.003567,0,0,0.0,16220,28674,0.003567,8037679
4,2020-12-19,10395,39069,10386,39048,9,21,0,0,10330,39004,0.004853,0,0,0.0,10330,39004,0.004853,8037679
4,2020-12-20,7422,46491,7415,46463,7,28,0,0,7377,46381,0.00577,0,0,0.0,7377,46381,0.00577,8037679
4,2020-12-21,16407,62898,16381,62844,26,54,0,0,16340,62720,0.007803,1,1,0.0,16340,62721,0.007803,8037679
4,2020-12-22,17236,80134,16485,79329,751,805,0,0,17190,79907,0.009942,3,4,0.0,17190,79911,0.009942,8037679
4,2020-12-23,17145,97279,14418,93747,2727,3532,0,0,17123,97028,0.012072,2,6,1e-06,17123,97034,0.012072,8037679
4,2020-12-24,8564,105843,5977,99724,2587,6119,0,0,8564,105592,0.013137,0,6,1e-06,8564,105598,0.013138,8037679
4,2020-12-25,905,106748,800,100524,105,6224,0,0,905,106497,0.01325,0,6,1e-06,905,106503,0.01325,8037679
4,2020-12-26,6187,112935,3907,104431,2280,8504,0,0,6187,112684,0.014019,0,6,1e-06,6187,112690,0.01402,8037679
4,2020-12-27,3429,116364,1995,106426,1434,9938,0,0,3429,116113,0.014446,0,6,1e-06,3429,116119,0.014447,8037679
4,2020-12-28,15157,131521,9375,115801,5782,15720,0,0,15128,131238,0.016328,3,9,1e-06,15128,131247,0.016329,8037679
4,2020-12-29,15428,146949,8537,124338,6891,22611,0,0,15394,146632,0.018243,0,9,1e-06,15394,146641,0.018244,8037679
4,2020-12-30,18988,165937,11082,135420,7906,30517,0,0,18977,165607,0.020604,2,11,1e-06,18977,165618,0.020605,8037679
4,2020-12-31,8310,174247,3366,138786,4944,35461,0,0,8298,173896,0.021635,9,20,2e-06,8298,173916,0.021638,8037679
4,2021-01-01,1608,175855,726,139512,882,36343,0,0,1604,175497,0.021834,3,23,3e-06,1604,175520,0.021837,8037679
4,2021-01-02,5741,181596,3245,142757,2496,38839,0,0,5739,181235,0.022548,1,24,3e-06,5739,181259,0.022551,8037679
4,2021-01-03,2152,183748,1275,144032,877,39716,0,0,2136,183367,0.022813,4,28,3e-06,2136,183395,0.022817,8037679
4,2021-01-04,12979,196727,7025,151057,5954,45670,0,0,12930,196268,0.024418,29,57,7e-06,12930,196325,0.024426,8037679
4,2021-01-05,16963,213690,10047,161104,6916,52586,0,0,14749,208845,0.025983,2185,2242,0.000279,14762,211087,0.026262,8037679
4,2021-01-06,21663,235353,13275,174379,8388,60974,0,0,15549,218344,0.027165,6064,8306,0.001033,15563,226650,0.028198,8037679
4,2021-01-07,28047,263400,17096,191475,10951,71925,0,0,16748,223874,0.027853,11239,19545,0.002432,16769,243419,0.030285,8037679
4,2021-01-08,32971,296371,21173,212648,11798,83723,0,0,18366,227722,0.028332,14538,34083,0.00424,18386,261805,0.032572,8037679
4,2021-01-09,16338,312709,9678,222326,6660,90383,0,0,9480,230368,0.028661,6846,40929,0.005092,9492,271297,0.033753,8037679
4,2021-01-10,8790,321499,5677,228003,3113,93496,0,0,4169,229935,0.028607,4610,45539,0.005666,4177,275474,0.034273,8037679
4,2021-01-11,33515,355014,21986,249989,11529,105025,0,0,18887,234269,0.029146,14599,60138,0.007482,18933,294407,0.036628,8037679
4,2021-01-12,38683,393697,22322,272311,16361,121386,0,0,24337,244365,0.030402,14282,74420,0.009259,24378,318785,0.039661,8037679
4,2021-01-13,38964,432661,19293,291604,19671,141057,0,0,27567,260601,0.032422,11358,85778,0.010672,27594,346379,0.043094,8037679
4,2021-01-14,39449,472110,15172,306776,24277,165334,0,0,32255,285727,0.035548,7158,92936,0.011563,32284,378663,0.047111,8037679
4,2021-01-15,45653,517763,15995,322771,29658,194992,0,0,39989,320130,0.039829,5612,98548,0.012261,40015,418678,0.052089,8037679
4,2021-01-16,28860,546623,9435,332206,19425,214417,0,0,25707,342732,0.042641,3123,101671,0.012649,25725,444403,0.05529,8037679
4,2021-01-17,19169,565792,6753,338959,12416,226833,0,0,17635,358869,0.044648,1512,103183,0.012837,17649,462052,0.057486,8037679
4,2021-01-18,29540,595332,13676,352635,15864,242697,0,0,23543,376508,0.046843,5930,109113,0.013575,23569,485621,0.060418,8037679
4,2021-01-19,46239,641571,23113,375748,23126,265823,0,0,36832,404056,0.05027,9359,118472,0.01474,36907,522528,0.06501,8037679
4,2021-01-20,52763,694334,28248,403996,24515,290338,0,0,42174,435799,0.05422,10491,128963,0.016045,42234,564762,0.070264,8037679
4,2021-01-21,57979,752313,26149,430145,31830,322168,0,0,51177,480300,0.059756,6720,135683,0.016881,51221,615983,0.076637,8037679
4,2021-01-22,55544,807857,22321,452466,33223,355391,0,0,50361,525577,0.065389,5111,140794,0.017517,50388,666371,0.082906,8037679
4,2021-01-23,39744,847601,17452,469918,22292,377683,0,0,35382,556638,0.069254,4352,145146,0.018058,35413,701784,0.087312,8037679
4,2021-01-24,24067,871668,10521,480439,13546,391229,0,0,22156,576911,0.071776,1901,147047,0.018295,22174,723958,0.090071,8037679
4,2021-01-25,48121,919789,22269,502708,25852,417081,0,0,36959,602796,0.074996,11131,158178,0.01968,37016,760974,0.094676,8037679
4,2021-01-26,57123,976912,29143,531851,27980,445061,0,0,44787,635345,0.079046,12300,170478,0.02121,44849,805823,0.100256,8037679
4,2021-01-27,56440,1033352,26869,558720,29571,474632,0,0,45329,669694,0.083319,11032,181510,0.022582,45381,851204,0.105902,8037679
4,2021-01-28,56891,1090243,25733,584453,31158,505790,0,0,46822,706591,0.08791,9971,191481,0.023823,46868,898072,0.111733,8037679
4,2021-01-29,56795,1147038,27260,611713,29535,535325,0,0,46300,742631,0.092394,10296,201777,0.025104,46336,944408,0.117498,8037679
4,2021-01-30,38223,1185261,17280,628993,20943,556268,0,0,32832,770155,0.095818,5334,207111,0.025768,32858,977266,0.121586,8037679
4,2021-01-31,24064,1209325,12694,641687,11370,567638,0,0,22347,790823,0.098389,1697,208808,0.025979,22365,999631,0.124368,8037679
4,2021-02-01,49884,1259209,24043,665730,25841,593479,0,0,38162,817361,0.101691,11666,220474,0.02743,38204,1037835,0.129121,8037679
4,2021-02-02,55760,1314969,25635,691365,30125,623604,0,0,42795,847312,0.105417,12887,233361,0.029033,42838,1080673,0.134451,8037679
4,2021-02-03,62417,1377386,30667,722032,31750,655354,0,0,47842,880783,0.109582,14424,247785,0.030828,47895,1128568,0.14041,8037679
4,2021-02-04,67832,1445218,31460,753492,36372,691726,0,0,50932,915098,0.113851,16724,264509,0.032909,51039,1179607,0.14676,8037679
4,2021-02-05,73640,1518858,34154,787646,39486,731212,0,0,51107,944090,0.117458,22249,286758,0.035677,51241,1230848,0.153135,8037679
4,2021-02-06,48930,1567788,26331,813977,22599,753811,0,0,37285,970001,0.120682,11575,298333,0.037117,37486,1268334,0.157799,8037679
4,2021-02-07,26668,1594456,17649,831626,9019,762830,0,0,20141,983886,0.122409,6493,304826,0.037925,20378,1288712,0.160334,8037679
4,2021-02-08,58991,1653447,30458,862084,28533,791363,0,0,38364,1002025,0.124666,20486,325312,0.040473,38625,1327337,0.165139,8037679
4,2021-02-09,67680,1721127,34327,896411,33353,824716,0,0,39692,1014331,0.126197,27796,353108,0.043932,40102,1367439,0.170129,8037679
4,2021-02-10,77790,1798917,38942,935353,38848,863564,0,0,40848,1019034,0.126782,36690,389798,0.048496,41393,1408832,0.175278,8037679
4,2021-02-11,81913,1880830,42846,978199,39067,902631,0,0,41627,1021325,0.127067,40008,429806,0.053474,42299,1451131,0.180541,8037679
4,2021-02-12,84991,1965821,38132,1016331,46859,949490,0,0,43635,1024678,0.127484,41071,470877,0.058584,44424,1495555,0.186068,8037679
4,2021-02-13,59229,2025050,30023,1046354,29206,978696,0,0,30148,1026788,0.127747,28939,499816,0.062184,31049,1526604,0.189931,8037679
4,2021-02-14,37094,2062144,19293,1065647,17801,996497,0,0,18975,1028360,0.127942,18060,517876,0.064431,19632,1546236,0.192373,8037679
4,2021-02-15,46496,2108640,21811,1087458,24685,1021182,0,0,23807,1030749,0.12824,22601,540477,0.067243,24990,1571226,0.195483,8037679
4,2021-02-16,80737,2189377,37077,1124535,43660,1064842,0,0,41003,1033380,0.128567,39590,580067,0.072168,42221,1613447,0.200735,8037679
4,2021-02-17,82040,2271417,38808,1163343,43232,1108074,0,0,38990,1030656,0.128228,42839,622906,0.077498,40115,1653562,0.205726,8037679
4,2021-02-18,83952,2355369,46234,1209577,37718,1145792,0,0,38748,1025878,0.127634,45007,667913,0.083098,40229,1693791,0.210731,8037679
4,2021-02-19,83367,2438736,52376,1261953,30991,1176783,0,0,41589,1026558,0.127718,41599,709512,0.088273,42279,1736070,0.215991,8037679
4,2021-02-20,49887,2488623,33227,1295180,16660,1193443,0,0,26995,1031442,0.128326,22805,732317,0.091111,27689,1763759,0.219436,8037679
4,2021-02-21,30224,2518847,24051,1319231,6173,1199616,0,0,14610,1030811,0.128247,15526,747843,0.093042,14895,1778654,0.22129,8037679
4,2021-02-22,55436,2574283,38098,1357329,17338,1216954,0,0,26647,1029277,0.128056,28631,776474,0.096604,27097,1805751,0.224661,8037679
4,2021-02-23,76635,2650918,42433,1399762,34202,1251156,0,0,33499,1021522,0.127092,42926,819400,0.101945,35171,1840922,0.229037,8037679
4,2021-02-24,91816,2742734,48500,1448262,43316,1294472,0,0,41214,1014560,0.126225,50331,869731,0.108207,43369,1884291,0.234432,8037679
4,2021-02-25,103384,2846118,54073,1502335,49311,1343783,0,0,49229,1012419,0.125959,53925,923656,0.114916,51784,1936075,0.240875,8037679
4,2021-02-26,109579,2955697,55408,1557743,54171,1397954,0,0,55924,1017352,0.126573,53349,977005,0.121553,58282,1994357,0.248126,8037679
4,2021-02-27,79676,3035373,43416,1601159,36250,1434204,10,10,42446,1024283,0.127435,37012,1014017,0.126158,43943,2038300,0.253593,8037679
4,2021-02-28,49130,3084503,30320,1631479,18803,1453007,7,17,27086,1030409,0.128197,21853,1035870,0.128877,27979,2066279,0.257074,8037679
4,2021-03-01,78921,3163424,46279,1677758,32597,1485604,45,62,43424,1039895,0.129378,35176,1071046,0.133253,44662,2110941,0.262631,8037679
4,2021-03-02,86464,3249888,49695,1727453,36760,1522364,9,71,50628,1056679,0.131466,35641,1106687,0.137687,52425,2163366,0.269153,8037679
4,2021-03-03,100797,3350685,53639,1781092,47142,1569506,16,87,56298,1070485,0.133183,44277,1150964,0.143196,58083,2221449,0.276379,8037679
4,2021-03-04,98320,3449005,54537,1835629,43765,1613271,18,105,53781,1081765,0.134587,44295,1195259,0.148707,55575,2277024,0.283294,8037679
4,2021-03-05,95803,3544808,51793,1887422,43691,1656962,319,424,56545,1101535,0.137046,39031,1234290,0.153563,58801,2335825,0.290609,8037679
4,2021-03-06,76731,3621539,43241,1930663,30849,1687811,2641,3065,47107,1123133,0.139733,29487,1263777,0.157232,51085,2386910,0.296965,8037679
4,2021-03-07,44856,3666395,27552,1958215,15111,1702922,2193,5258,26067,1133784,0.141059,18702,1282479,0.159558,29353,2416263,0.300617,8037679
4,2021-03-08,67970,3734365,35591,1993806,29007,1731929,3372,8630,44664,1159980,0.144318,23167,1305646,0.162441,49363,2465626,0.306758,8037679
4,2021-03-09,81978,3816343,41394,2035200,35331,1767260,5253,13883,44237,1173008,0.145939,37549,1343195,0.167112,50577,2516203,0.313051,8037679
4,2021-03-10,91548,3907891,47212,2082412,36850,1804110,7486,21369,46197,1182475,0.147116,45143,1388338,0.172729,54610,2570813,0.319845,8037679
4,2021-03-11,101100,4008991,53044,2135456,39593,1843703,8463,29832,46654,1184489,0.147367,54182,1442520,0.17947,56196,2627009,0.326837,8037679
4,2021-03-12,104828,4113819,51654,2187110,42863,1886566,10311,40143,44752,1180689,0.146894,59779,1502299,0.186907,55979,2682988,0.333801,8037679
4,2021-03-13,81809,4195628,37913,2225023,35442,1922008,8454,48597,38645,1185861,0.147538,43019,1545318,0.192259,48191,2731179,0.339797,8037679
4,2021-03-14,50016,4245644,28473,2253496,17895,1939903,3648,52245,23323,1186852,0.147661,26592,1571910,0.195568,27583,2758762,0.343229,8037679
4,2021-03-15,83947,4329591,45160,2298656,34532,1974435,4255,56500,42576,1193412,0.148477,41110,1613020,0.200682,47670,2806432,0.34916,8037679
4,2021-03-16,108098,4437689,56176,2354832,48503,2022938,3419,59919,56969,1203625,0.149748,50866,1663886,0.207011,61079,2867511,0.356759,8037679
4,2021-03-17,107312,4545001,57800,2412632,46018,2068956,3494,63413,62697,1226030,0.152535,44337,1708223,0.212527,66742,2934253,0.365062,8037679
4,2021-03-18,107437,4652438,59596,2472228,44151,2113107,3690,67103,60758,1244511,0.154835,46392,1754615,0.218299,64873,2999126,0.373133,8037679
4,2021-03-19,111920,4764358,64415,2536643,42293,2155400,5212,72315,63462,1265396,0.157433,48174,1802789,0.224292,69059,3068185,0.381725,8037679
4,2021-03-20,84397,4848755,49360,2586003,32022,2187422,3015,75330,51616,1287721,0.160211,32613,1835402,0.22835,54938,3123123,0.38856,8037679
4,2021-03-21,48387,4897142,35068,2621071,11061,2198483,2258,77588,28241,1298555,0.161558,20016,1855418,0.23084,30850,3153973,0.392398,8037679
4,2021-03-22,82795,4979937,54086,2675157,25968,2224451,2741,80329,51389,1322253,0.164507,31143,1886561,0.234715,54841,3208814,0.399221,8037679
4,2021-03-23,105132,5085069,62960,2738117,40023,2264474,2149,82478,62457,1345019,0.167339,42389,1928950,0.239988,65155,3273969,0.407328,8037679
4,2021-03-24,113762,5198831,73425,2811542,37916,2302390,2421,84899,63974,1362521,0.169517,49340,1978290,0.246127,66842,3340811,0.415644,8037679
4,2021-03-25,117331,5316162,72217,2883759,42716,2345106,2398,87297,66885,1382330,0.171981,49951,2028241,0.252342,69760,3410571,0.424323,8037679
4,2021-03-26,120032,5436194,72835,2956594,44157,2389263,3040,90337,65421,1397158,0.173826,54228,2082469,0.259088,69056,3479627,0.432914,8037679
4,2021-03-27,92224,5528418,54363,3010957,36072,2425335,1789,92126,46718,1400899,0.174291,45248,2127717,0.264718,48989,3528616,0.439009,8037679
4,2021-03-28,55868,5584286,36881,3047838,18112,2443447,875,93001,29541,1405543,0.174869,26142,2153859,0.26797,30786,3559402,0.44284,8037679
4,2021-03-29,93800,5678086,56228,3104066,35493,2478940,2079,95080,50642,1415924,0.176161,42886,2196745,0.273306,53267,3612669,0.449467,8037679
4,2021-03-30,117331,5795417,64030,3168096,49140,2528080,4161,99241,69669,1442761,0.1795,47412,2244157,0.279205,74249,3686918,0.458704,8037679
4,2021-03-31,121335,5916752,71585,3239681,43442,2571522,6308,105549,67986,1464271,0.182176,52982,2297139,0.285796,74492,3761410,0.467972,8037679
4,2021-04-01,142837,6059589,81454,3321135,48098,2619620,13285,118834,84005,1503336,0.187036,58341,2355480,0.293055,97406,3858816,0.480091,8037679
4,2021-04-02,136909,6196498,73131,3394266,50164,2669784,13614,132448,78919,1538474,0.191408,57676,2413156,0.30023,92814,3951630,0.491638,8037679
4,2021-04-03,101387,6297885,54177,3448443,33768,2703552,13442,145890,52686,1556322,0.193628,48487,2461643,0.306263,66335,4017965,0.499891,8037679
4,2021-04-04,46941,6344826,24766,3473209,14637,2718189,7538,153428,20340,1557717,0.193802,26489,2488132,0.309559,27884,4045849,0.50336,8037679
4,2021-04-05,109691,6454517,61605,3534814,35230,2753419,12856,166284,56804,1575269,0.195986,52656,2540788,0.31611,70208,4116057,0.512095,8037679
4,2021-04-06,139081,6593598,78259,3613073,41015,2794434,19807,186091,72130,1601083,0.199197,66701,2607489,0.324408,92515,4208572,0.523605,8037679
4,2021-04-07,137887,6731485,78140,3691213,38992,2833426,20755,206846,71374,1627235,0.202451,66246,2673735,0.33265,92398,4300970,0.535101,8037679
4,2021-04-08,140284,6871769,78151,3769364,36631,2870057,25502,232348,69666,1652672,0.205616,70311,2744046,0.341398,95748,4396718,0.547013,8037679
4,2021-04-09,137973,7009742,75669,3845033,39208,2909265,23096,255444,65747,1670530,0.207837,71973,2816019,0.350352,89831,4486549,0.55819,8037679
4,2021-04-10,104000,7113742,51302,3896335,33798,2943063,18900,274344,46899,1680461,0.209073,56885,2872904,0.35743,66816,4553365,0.566502,8037679
4,2021-04-11,62788,7176530,38123,3934458,13479,2956542,11186,285530,27371,1684768,0.209609,35304,2908208,0.361822,39611,4592976,0.571431,8037679
4,2021-04-12,103004,7279534,62602,3997060,30193,2986735,10209,295739,51888,1697269,0.211164,50807,2959015,0.368143,63308,4656284,0.579307,8037679
4,2021-04-13,130606,7410140,81952,4079012,48489,3035224,165,295904,78163,1724325,0.21453,52132,3011147,0.374629,79188,4735472,0.589159,8037679
4,2021-04-14,135780,7545920,86510,4165522,49194,3084418,76,295980,75126,1740449,0.216536,60309,3071456,0.382132,76433,4811905,0.598668,8037679
4,2021-04-15,156564,7702484,104162,4269684,52334,3136752,68,296048,96114,1777336,0.221126,60057,3131513,0.389604,96944,4908849,0.61073,8037679
4,2021-04-16,143807,7846291,91200,4360884,52529,3189281,78,296126,83591,1801842,0.224174,59880,3191393,0.397054,84386,4993235,0.621228,8037679
4,2021-04-17,101688,7947979,63895,4424779,37769,3227050,24,296150,59641,1820901,0.226546,41755,3233148,0.402249,60814,5054049,0.628795,8037679
4,2021-04-18,56899,8004878,38451,4463230,18445,3245495,3,296153,32079,1829266,0.227586,24680,3257828,0.405319,33045,5087094,0.632906,8037679
4,2021-04-19,101718,8106596,67074,4530304,34627,3280122,17,296170,51931,1832278,0.227961,49537,3307365,0.411483,52549,5139643,0.639444,8037679
4,2021-04-20,132029,8238625,78783,4609087,53230,3333352,16,296186,68956,1839573,0.228869,62750,3370115,0.41929,70045,5209688,0.648158,8037679
4,2021-04-21,134407,8373032,87737,4696824,46617,3379969,53,296239,67870,1842462,0.229228,66145,3436260,0.427519,69034,5278722,0.656747,8037679
4,2021-04-22,141453,8514485,93930,4790754,47500,3427469,23,296262,63349,1829243,0.227583,77715,3513975,0.437188,64496,5343218,0.664771,8037679
4,2021-04-23,134863,8649348,87834,4878588,47005,3474474,24,296286,58735,1813427,0.225616,75766,3589741,0.446614,59950,5403168,0.67223,8037679
4,2021-04-24,98413,8747761,66402,4944990,31962,3506436,49,296335,45323,1807084,0.224827,52787,3642528,0.453182,46444,5449612,0.678008,8037679
4,2021-04-25,50162,8797923,35360,4980350,14775,3521211,27,296362,26233,1810012,0.225191,23782,3666310,0.45614,26710,5476322,0.681331,8037679
4,2021-04-26,91779,8889702,60187,5040537,31196,3552407,396,296758,36156,1792582,0.223022,55319,3721629,0.463023,37889,5514211,0.686045,8037679
4,2021-04-27,113627,9003329,69442,5109979,41870,3594277,2315,299073,41004,1764401,0.219516,72297,3793926,0.472018,44116,5558327,0.691534,8037679
4,2021-04-28,104029,9107358,68010,5177989,33502,3627779,2517,301590,38182,1740248,0.216511,65516,3859442,0.480169,41363,5599690,0.69668,8037679
4,2021-04-29,105163,9212521,67188,5245177,35458,3663237,2517,304107,34050,1706654,0.212332,70764,3930206,0.488973,37170,5636860,0.701304,8037679
4,2021-04-30,104939,9317460,66536,5311713,35709,3698946,2694,306801,36137,1677737,0.208734,68414,3998620,0.497484,39497,5676357,0.706218,8037679
4,2021-05-01,69089,9386549,45856,5357569,21462,3720408,1771,308572,20090,1651491,0.205469,48749,4047369,0.503549,22503,5698860,0.709018,8037679
4,2021-05-02,37511,9424060,26618,5384187,9611,3730019,1282,309854,10534,1636595,0.203615,26858,4074227,0.506891,11962,5710822,0.710506,8037679
4,2021-05-03,78439,9502499,54568,5438755,21392,3751411,2479,312333,19179,1599611,0.199014,59011,4133238,0.514233,22027,5732849,0.713247,8037679
4,2021-05-04,100921,9603420,69100,5507855,29063,3780474,2758,315091,22664,1547447,0.192524,77978,4211216,0.523934,25814,5758663,0.716458,8037679
4,2021-05-05,101713,9705133,71763,5579618,27224,3807698,2726,317817,22085,1493263,0.185783,79302,4290518,0.533801,25118,5783781,0.719583,8037679
4,2021-05-06,111241,9816374,83353,5662971,24953,3832651,2935,320752,19677,1425901,0.177402,91094,4381612,0.545134,23732,5807513,0.722536,8037679
4,2021-05-07,104453,9920827,75127,5738098,26645,3859296,2681,323433,20653,1366214,0.169976,83438,4465050,0.555515,23751,5831264,0.725491,8037679
4,2021-05-08,69376,9990203,47811,5785909,19636,3878932,1929,325362,13762,1326891,0.165084,55371,4520421,0.562404,16048,5847312,0.727488,8037679
4,2021-05-09,34187,10024390,27959,5813868,5282,3884214,946,326308,7500,1308852,0.16284,26581,4547002,0.565711,8542,5855854,0.72855,8037679
4,2021-05-10,64762,10089152,43291,5857159,19155,3903369,2316,328624,11005,1268940,0.157874,53547,4600549,0.572373,13635,5869489,0.730247,8037679
4,2021-05-11,82342,10171494,51378,5908537,28781,3932150,2183,330807,15791,1221101,0.151922,66309,4666858,0.580623,18470,5887959,0.732545,8037679
4,2021-05-12,79391,10250885,52833,5961370,24098,3956248,2460,333267,16673,1178178,0.146582,62431,4729289,0.58839,19508,5907467,0.734972,8037679
4,2021-05-13,104189,10355074,76749,6038119,25908,3982156,1532,334799,40432,1157721,0.144037,63431,4792720,0.596282,42974,5950441,0.740318,8037679
4,2021-05-14,104534,10459608,73841,6111960,28573,4010729,2120,336919,40291,1136730,0.141425,63936,4856656,0.604236,42945,5993386,0.745661,8037679
4,2021-05-15,85215,10544823,65936,6177896,17954,4028683,1325,338244,37661,1128690,0.140425,47315,4903971,0.610123,39275,6032661,0.750548,8037679
4,2021-05-16,51439,10596262,41460,6219356,9267,4037950,712,338956,21084,1120417,0.139396,30207,4934178,0.613881,21934,6054595,0.753277,8037679
4,2021-05-17,70940,10667202,51833,6271189,17272,4055222,1835,340791,28084,1107908,0.137839,42655,4976833,0.619188,30146,6084741,0.757027,8037679
4,2021-05-18,81504,10748706,53041,6324230,26707,4081929,1756,342547,29221,1087321,0.135278,51928,5028761,0.625648,31341,6116082,0.760926,8037679
4,2021-05-19,76629,10825335,51826,6376056,22858,4104787,1945,344492,30868,1074943,0.133738,45481,5074242,0.631307,33103,6149185,0.765045,8037679
4,2021-05-20,68592,10893927,44032,6420088,22564,4127351,1996,346488,25393,1059761,0.131849,42917,5117159,0.636646,27735,6176920,0.768495,8037679
4,2021-05-21,73374,10967301,48405,6468493,23110,4150461,1859,348347,25891,1040584,0.129463,47197,5164356,0.642518,28020,6204940,0.771982,8037679
4,2021-05-22,49640,11016941,34844,6503337,13522,4163983,1274,349621,21675,1035948,0.128886,27807,5192163,0.645978,23171,6228111,0.774864,8037679
4,2021-05-23,23966,11040907,17093,6520430,6150,4170133,723,350344,9781,1032497,0.128457,14065,5206228,0.647728,10614,6238725,0.776185,8037679
4,2021-05-24,43029,11083936,27370,6547800,12660,4182793,2999,353343,15115,1023111,0.127289,27698,5233926,0.651174,18312,6257037,0.778463,8037679
4,2021-05-25,44760,11128696,27835,6575635,14106,4196899,2819,356162,15883,1013398,0.126081,28646,5262572,0.654738,18933,6275970,0.780819,8037679
4,2021-05-26,44511,11173207,26694,6602329,15217,4212116,2600,358762,15857,1003588,0.12486,28442,5291014,0.658276,18632,6294602,0.783137,8037679
4,2021-05-27,38800,11212007,23311,6625640,12357,4224473,3132,361894,14649,997581,0.124113,23956,5314970,0.661257,17949,6312551,0.78537,8037679
4,2021-05-28,43140,11255147,27508,6653148,14031,4238504,1601,363495,18812,994140,0.123685,24077,5339047,0.664252,20636,6333187,0.787937,8037679
4,2021-05-29,23584,11278731,15353,6668501,7299,4245803,932,364427,10855,993466,0.123601,12593,5351640,0.665819,11919,6345106,0.78942,8037679
4,2021-05-30,12040,11290771,8458,6676959,3056,4248859,526,364953,5021,992127,0.123435,6955,5358595,0.666684,5616,6350722,0.790119,8037679
4,2021-05-31,3560,11294331,2264,6679223,1136,4249995,160,365113,1138,991069,0.123303,2377,5360972,0.66698,1319,6352041,0.790283,8037679
4,2021-06-01,39327,11333658,24469,6703692,12418,4262413,2440,367553,13009,980632,0.122004,26103,5387075,0.670228,15666,6367707,0.792232,8037679
4,2021-06-02,32531,11366189,20346,6724038,9389,4271802,2796,370349,10880,972987,0.121053,21472,5408547,0.672899,13827,6381534,0.793952,8037679
4,2021-06-03,47959,11414148,36819,6760857,8693,4280495,2447,372796,10371,948686,0.11803,37427,5445974,0.677556,13126,6394660,0.795585,8037679
4,2021-06-04,54659,11468807,44010,6804867,9322,4289817,1327,374123,12740,921865,0.114693,41691,5487665,0.682742,14870,6409530,0.797435,8037679
4,2021-06-05,44676,11513483,38285,6843152,5396,4295213,995,375118,8776,896166,0.111496,35750,5523415,0.68719,10051,6419581,0.798686,8037679
4,2021-06-06,21197,11534680,18914,6862066,1719,4296932,564,375682,3981,883989,0.109981,17117,5540532,0.68932,4940,6424521,0.799301,8037679
4,2021-06-07,38648,11573328,31284,6893350,5449,4302381,1915,377597,8454,864582,0.107566,30064,5570596,0.69306,10657,6435178,0.800626,8037679
4,2021-06-08,40465,11613793,31766,6925116,6159,4308540,2540,380137,9453,846086,0.105265,30823,5601419,0.696895,12327,6447505,0.80216,8037679
4,2021-06-09,38835,11652628,30798,6955914,5680,4314220,2357,382494,7937,826007,0.102767,30728,5632147,0.700718,10649,6458154,0.803485,8037679
4,2021-06-10,37046,11689674,29206,6985120,5220,4319440,2620,385114,8551,809103,0.100664,28338,5660485,0.704244,11434,6469588,0.804907,8037679
4,2021-06-11,38167,11727841,29982,7015102,6172,4325612,2013,387127,9872,793201,0.098685,28138,5688623,0.707744,12236,6481824,0.80643,8037679
4,2021-06-12,26466,11754307,22044,7037146,3713,4329325,709,387836,6058,779885,0.097029,20301,5708924,0.71027,6985,6488809,0.807299,8037679
4,2021-06-13,10820,11765127,8549,7045695,1795,4331120,476,388312,2283,774280,0.096331,8471,5717395,0.711324,2866,6491675,0.807655,8037679
4,2021-06-14,28552,11793679,21358,7067053,4390,4335510,2804,391116,7811,764508,0.095116,20605,5738000,0.713888,10833,6502508,0.809003,8037679
4,2021-06-15,29861,11823540,21115,7088168,5345,4340855,3401,394517,8297,755053,0.093939,21410,5759410,0.716551,11955,6514463,0.810491,8037679
4,2021-06-16,26498,11850038,19964,7108132,3918,4344773,2616,397133,7993,747532,0.093003,18335,5777745,0.718833,10814,6525277,0.811836,8037679
4,2021-06-17,25069,11875107,18516,7126648,3662,4348435,2891,400024,7593,740912,0.09218,17293,5795038,0.720984,10673,6535950,0.813164,8037679
4,2021-06-18,26657,11901764,21033,7147681,4397,4352832,1227,401251,8249,732435,0.091125,18206,5813244,0.723249,9729,6545679,0.814374,8037679
4,2021-06-19,15703,11917467,12705,7160386,2296,4355128,702,401953,5049,727843,0.090554,10510,5823754,0.724557,5918,6551597,0.815111,8037679
4,2021-06-20,7368,11924835,6070,7166456,990,4356118,308,402261,2624,726174,0.090346,4683,5828437,0.725139,3014,6554611,0.815486,8037679
4,2021-06-21,14512,11939347,10494,7176950,2881,4358999,1137,403398,7323,727683,0.090534,7112,5835549,0.726024,8621,6563232,0.816558,8037679
4,2021-06-22,20390,11959737,15908,7192858,3415,4362414,1067,404465,7095,722821,0.089929,13177,5848726,0.727664,8315,6571547,0.817593,8037679
4,2021-06-23,18349,11978086,14403,7207261,2962,4365376,984,405449,6704,719119,0.089468,11514,5860240,0.729096,7812,6579359,0.818565,8037679
4,2021-06-24,17507,11995593,13563,7220824,2960,4368336,984,406433,6539,715970,0.089077,10813,5871053,0.730441,7664,6587023,0.819518,8037679
4,2021-06-25,21468,12017061,16882,7237706,3544,4371880,1042,407475,7767,711380,0.088506,13565,5884618,0.732129,8975,6595998,0.820635,8037679
4,2021-06-26,12979,12030040,10570,7248276,1795,4373675,614,408089,4787,708797,0.088184,8091,5892709,0.733136,5508,6601506,0.82132,8037679
4,2021-06-27,6822,12036862,5526,7253802,954,4374629,342,408431,2876,708162,0.088105,3908,5896617,0.733622,3273,6604779,0.821727,8037679
4,2021-06-28,14988,12051850,12594,7266396,1546,4376175,848,409279,6017,706260,0.087869,8890,5905507,0.734728,6988,6611767,0.822597,8037679
4,2021-06-29,16379,12068229,12710,7279106,2868,4379043,801,410080,6343,703596,0.087537,9930,5915437,0.735963,7266,6619033,0.823501,8037679
4,2021-06-30,14429,12082658,11261,7290367,2439,4381482,729,410809,5992,702094,0.08735,8336,5923773,0.737,6834,6625867,0.824351,8037679
4,2021-07-01,14366,12097024,11345,7301712,2282,4383764,739,411548,5878,700473,0.087149,8379,5932152,0.738043,6758,6632625,0.825192,8037679
4,2021-07-02,16658,12113682,13228,7314940,2673,4386437,757,412305,6804,698403,0.086891,9761,5941913,0.739257,7691,6640316,0.826148,8037679
4,2021-07-03,9115,12122797,7243,7322183,1466,4387903,406,412711,3950,697725,0.086807,5093,5947006,0.739891,4415,6644731,0.826698,8037679
4,2021-07-04,421,12123218,258,7322441,104,4388007,59,412770,183,697744,0.086809,234,5947240,0.73992,253,6644984,0.826729,8037679
4,2021-07-05,9167,12132385,7465,7329906,1293,4389300,409,413179,4165,697444,0.086772,4928,5952168,0.740533,4628,6649612,0.827305,8037679
4,2021-07-06,16367,12148752,12909,7342815,2666,4391966,792,413971,6042,694182,0.086366,10207,5962375,0.741803,6945,6656557,0.828169,8037679
4,2021-07-07,13614,12162366,10630,7353445,2218,4394184,766,414737,5153,691844,0.086075,8375,5970750,0.742845,6037,6662594,0.82892,8037679
4,2021-07-08,13039,12175405,10243,7363688,2017,4396201,779,415516,5116,690025,0.085849,7810,5978560,0.743817,5991,6668585,0.829666,8037679
4,2021-07-09,15199,12190604,11710,7375398,2606,4398807,883,416399,6194,688343,0.08564,8878,5987438,0.744921,7196,6675781,0.830561,8037679
4,2021-07-10,8701,12199305,6887,7382285,1427,4400234,387,416786,3672,687513,0.085536,4951,5992389,0.745537,4121,6679902,0.831073,8037679
4,2021-07-11,4949,12204254,3968,7386253,785,4401019,196,416982,2226,687280,0.085507,2684,5995073,0.745871,2451,6682353,0.831378,8037679
4,2021-07-12,12929,12217183,10275,7396528,1960,4402979,694,417676,5039,685308,0.085262,7811,6002884,0.746843,5839,6688192,0.832105,8037679
4,2021-07-13,12480,12229663,9569,7406097,2295,4405274,616,418292,5303,684251,0.08513,7075,6009959,0.747723,6018,6694210,0.832854,8037679
4,2021-07-14,10483,12240146,8432,7414529,1534,4406808,517,418809,4550,683525,0.08504,5859,6015818,0.748452,5133,6699343,0.833492,8037679
4,2021-07-15,10993,12251139,8860,7423389,1581,4408389,552,419361,5020,683295,0.085011,5860,6021678,0.749181,5630,6704973,0.834193,8037679
4,2021-07-16,9819,12260958,7505,7430894,1801,4410190,513,419874,4426,683013,0.084976,5324,6027002,0.749844,5042,6710015,0.83482,8037679
