vemquartile,administered_date,total_doses,cumulative_total_doses,pfizer_doses,cumulative_pfizer_doses,moderna_doses,cumulative_moderna_doses,jj_doses,cumulative_jj_doses,partially_vaccinated,total_partially_vaccinated,pct_age12pop_partially_vaccinated,fully_vaccinated,cumulative_fully_vaccinated,pct_age12pop_fully_vaccinated,at_least_one_dose,cumulative_at_least_one_dose,pct_age12pop_at_least_one_dose,age12_population
1,2020-12-15,153,153,153,153,0,0,0,0,153,153,1.8e-05,0,0,0.0,153,153,1.8e-05,8700223
1,2020-12-16,1261,1414,1261,1414,0,0,0,0,1261,1414,0.000163,0,0,0.0,1261,1414,0.000163,8700223
1,2020-12-17,4165,5579,4165,5579,0,0,0,0,4167,5581,0.000641,0,0,0.0,4167,5581,0.000641,8700223
1,2020-12-18,6405,11984,6381,11960,24,24,0,0,6410,11990,0.001378,1,1,0.0,6410,11991,0.001378,8700223
1,2020-12-19,2896,14880,2893,14853,3,27,0,0,2894,14883,0.001711,1,2,0.0,2894,14885,0.001711,8700223
1,2020-12-20,2140,17020,2128,16981,12,39,0,0,2142,17025,0.001957,0,2,0.0,2142,17027,0.001957,8700223
1,2020-12-21,7694,24714,7674,24655,20,59,0,0,7741,24766,0.002847,1,3,0.0,7742,24769,0.002847,8700223
1,2020-12-22,7383,32097,7030,31685,353,412,0,0,7382,32146,0.003695,2,5,1e-06,7382,32151,0.003695,8700223
1,2020-12-23,7936,40033,6655,38340,1281,1693,0,0,7935,40080,0.004607,2,7,1e-06,7936,40087,0.004608,8700223
1,2020-12-24,3317,43350,2364,40704,953,2646,0,0,3315,43395,0.004988,0,7,1e-06,3315,43402,0.004989,8700223
1,2020-12-25,239,43589,155,40859,84,2730,0,0,239,43634,0.005015,0,7,1e-06,239,43641,0.005016,8700223
1,2020-12-26,1375,44964,979,41838,396,3126,0,0,1374,45007,0.005173,1,8,1e-06,1374,45015,0.005174,8700223
1,2020-12-27,881,45845,547,42385,334,3460,0,0,881,45887,0.005274,1,9,1e-06,881,45896,0.005275,8700223
1,2020-12-28,7144,52989,4795,47180,2349,5809,0,0,7141,53028,0.006095,0,9,1e-06,7141,53037,0.006096,8700223
1,2020-12-29,9084,62073,5060,52240,4024,9833,0,0,9079,62105,0.007138,2,11,1e-06,9079,62116,0.00714,8700223
1,2020-12-30,11799,73872,6549,58789,5250,15083,0,0,11795,73897,0.008494,3,14,2e-06,11795,73911,0.008495,8700223
1,2020-12-31,6055,79927,1968,60757,4087,19170,0,0,6052,79945,0.009189,5,19,2e-06,6053,79964,0.009191,8700223
1,2021-01-01,648,80575,264,61021,384,19554,0,0,644,80587,0.009263,2,21,2e-06,644,80608,0.009265,8700223
1,2021-01-02,2941,83516,1776,62797,1165,20719,0,0,2941,83528,0.009601,0,21,2e-06,2941,83549,0.009603,8700223
1,2021-01-03,1064,84580,556,63353,508,21227,0,0,1062,84587,0.009722,3,24,3e-06,1062,84611,0.009725,8700223
1,2021-01-04,7425,92005,3610,66963,3815,25042,0,0,7428,92013,0.010576,2,26,3e-06,7428,92039,0.010579,8700223
1,2021-01-05,11009,103014,5303,72266,5706,30748,0,0,10201,101450,0.011661,790,816,9.4e-05,10227,102266,0.011754,8700223
1,2021-01-06,14179,117193,7096,79362,7083,37831,0,0,12218,111764,0.012846,1922,2738,0.000315,12236,114502,0.013161,8700223
1,2021-01-07,17641,134834,9159,88521,8482,46313,0,0,13125,120476,0.013847,4426,7164,0.000823,13138,127640,0.014671,8700223
1,2021-01-08,20236,155070,10469,98990,9767,56080,0,0,14248,128774,0.014801,5970,13134,0.00151,14268,141908,0.016311,8700223
1,2021-01-09,6708,161778,3421,102411,3287,59367,0,0,4825,131727,0.015141,1876,15010,0.001725,4829,146737,0.016866,8700223
1,2021-01-10,3120,164898,1783,104194,1337,60704,0,0,1914,132449,0.015224,1193,16203,0.001862,1915,148652,0.017086,8700223
1,2021-01-11,18214,183112,11899,116093,6315,67019,0,0,11575,137447,0.015798,6621,22824,0.002623,11619,160271,0.018421,8700223
1,2021-01-12,19268,202380,11031,127124,8237,75256,0,0,13187,144639,0.016625,6042,28866,0.003318,13234,173505,0.019943,8700223
1,2021-01-13,19914,222294,10767,137891,9147,84403,0,0,14727,154226,0.017727,5161,34027,0.003911,14748,188253,0.021638,8700223
1,2021-01-14,22202,244496,9538,147429,12664,97067,0,0,19350,170859,0.019638,2783,36810,0.004231,19416,207669,0.023869,8700223
1,2021-01-15,25303,269799,9268,156697,16035,113102,0,0,23333,192337,0.022107,1926,38736,0.004452,23404,231073,0.026559,8700223
1,2021-01-16,13954,283753,4572,161269,9382,122484,0,0,13053,204503,0.023505,892,39628,0.004555,13058,244131,0.02806,8700223
1,2021-01-17,5212,288965,2045,163314,3167,125651,0,0,4836,208967,0.024019,375,40003,0.004598,4839,248970,0.028617,8700223
1,2021-01-18,14453,303418,8674,171988,5779,131430,0,0,11227,217041,0.024947,3212,43215,0.004967,11286,260256,0.029914,8700223
1,2021-01-19,24835,328253,12947,184935,11888,143318,0,0,19525,231342,0.02659,5282,48497,0.005574,19583,279839,0.032165,8700223
1,2021-01-20,29516,357769,14783,199718,14733,158051,0,0,23536,249028,0.028623,5894,54391,0.006252,23580,303419,0.034875,8700223
1,2021-01-21,31384,389153,14814,214532,16570,174621,0,0,27985,273792,0.03147,3327,57718,0.006634,28091,331510,0.038104,8700223
1,2021-01-22,28525,417678,11359,225891,17166,191787,0,0,26407,298179,0.034273,2051,59769,0.00687,26438,357948,0.041142,8700223
1,2021-01-23,18740,436418,8224,234115,10516,202303,0,0,16768,313016,0.035978,1942,61711,0.007093,16779,374727,0.043071,8700223
1,2021-01-24,6686,443104,4167,238282,2519,204822,0,0,6022,318387,0.036595,656,62367,0.007168,6027,380754,0.043764,8700223
1,2021-01-25,25606,468710,10585,248867,15021,219843,0,0,19739,332422,0.038208,5819,68186,0.007837,19854,400608,0.046046,8700223
1,2021-01-26,28949,497659,13567,262434,15382,235225,0,0,22122,347804,0.039976,6766,74952,0.008615,22148,422756,0.048591,8700223
1,2021-01-27,32824,530483,15625,278059,17199,252424,0,0,24559,364260,0.041868,8192,83144,0.009557,24648,447404,0.051424,8700223
1,2021-01-28,35093,565576,16533,294592,18560,270984,0,0,27999,385366,0.044294,7024,90168,0.010364,28130,475534,0.054658,8700223
1,2021-01-29,33866,599442,16555,311147,17311,288295,0,0,27137,406022,0.046668,6580,96748,0.01112,27236,502770,0.057788,8700223
1,2021-01-30,20226,619668,8751,319898,11475,299770,0,0,17990,421895,0.048492,2203,98951,0.011373,18076,520846,0.059866,8700223
1,2021-01-31,7740,627408,5034,324932,2706,302476,0,0,7013,428193,0.049216,718,99669,0.011456,7016,527862,0.060672,8700223
1,2021-02-01,29254,656662,12619,337551,16635,319111,0,0,21327,441654,0.050764,7876,107545,0.012361,21337,549199,0.063125,8700223
1,2021-02-02,32886,689548,11876,349427,21010,340121,0,0,24533,457963,0.052638,8262,115807,0.013311,24571,573770,0.065949,8700223
1,2021-02-03,39773,729321,15284,364711,24489,364610,0,0,28504,475477,0.054651,11093,126900,0.014586,28607,602377,0.069237,8700223
1,2021-02-04,44264,773585,17235,381946,27029,391639,0,0,31800,495056,0.056902,12337,139237,0.016004,31916,634293,0.072905,8700223
1,2021-02-05,47114,820699,17205,399151,29909,421548,0,0,30707,509631,0.058577,16251,155488,0.017872,30826,665119,0.076449,8700223
1,2021-02-06,26684,847383,10567,409718,16117,437665,0,0,20689,524448,0.06028,5945,161433,0.018555,20762,685881,0.078835,8700223
1,2021-02-07,6330,853713,4077,413795,2253,439918,0,0,4673,527506,0.060631,1634,163067,0.018743,4692,690573,0.079374,8700223
1,2021-02-08,31825,885538,14529,428324,17296,457214,0,0,21136,538162,0.061856,10585,173652,0.019959,21241,711814,0.081816,8700223
1,2021-02-09,38727,924265,17069,445393,21658,478872,0,0,23762,547115,0.062885,14926,188578,0.021675,23879,735693,0.08456,8700223
1,2021-02-10,47529,971794,22226,467619,25303,504175,0,0,26974,553777,0.063651,20409,208987,0.024021,27071,762764,0.087672,8700223
1,2021-02-11,52230,1024024,25544,493163,26686,530861,0,0,31025,564042,0.064831,20885,229872,0.026421,31150,793914,0.091252,8700223
1,2021-02-12,50301,1074325,21655,514818,28646,559507,0,0,28809,571678,0.065708,21318,251190,0.028872,28954,822868,0.09458,8700223
1,2021-02-13,26513,1100838,11541,526359,14972,574479,0,0,15260,575835,0.066186,11184,262374,0.030157,15341,838209,0.096343,8700223
1,2021-02-14,11818,1112656,5589,531948,6229,580708,0,0,6716,577550,0.066383,5071,267445,0.03074,6786,844995,0.097123,8700223
1,2021-02-15,24054,1136710,9448,541396,14606,595314,0,0,14601,582941,0.067003,9327,276772,0.031812,14718,859713,0.098815,8700223
1,2021-02-16,47328,1184038,22565,563961,24763,620077,0,0,27482,590798,0.067906,19752,296524,0.034082,27609,887322,0.101988,8700223
1,2021-02-17,48685,1232723,24679,588640,24006,644083,0,0,26132,594691,0.068354,22392,318916,0.036656,26285,913607,0.10501,8700223
1,2021-02-18,51320,1284043,25720,614360,25600,669683,0,0,26503,596883,0.068605,24557,343473,0.039479,26749,940356,0.108084,8700223
1,2021-02-19,46803,1330846,25369,639729,21434,691117,0,0,26110,602538,0.069255,20521,363994,0.041837,26176,966532,0.111093,8700223
1,2021-02-20,27891,1358737,16935,656664,10956,702073,0,0,15872,606549,0.069716,11948,375942,0.043211,15959,982491,0.112927,8700223
1,2021-02-21,12491,1371228,10721,667385,1770,703843,0,0,7479,609135,0.070014,4946,380888,0.043779,7532,990023,0.113793,8700223
1,2021-02-22,31749,1402977,20806,688191,10943,714786,0,0,18177,613958,0.070568,13464,394352,0.045327,18287,1008310,0.115895,8700223
1,2021-02-23,45980,1448957,22361,710552,23619,738405,0,0,25187,619025,0.07115,20493,414845,0.047682,25560,1033870,0.118833,8700223
1,2021-02-24,55944,1504901,27003,737555,28941,767346,0,0,30708,625206,0.071861,24986,439831,0.050554,31167,1065037,0.122415,8700223
1,2021-02-25,68679,1573580,33371,770926,35308,802654,0,0,42452,642177,0.073812,25986,465817,0.053541,42957,1107994,0.127352,8700223
1,2021-02-26,76716,1650296,35977,806903,40739,843393,0,0,50039,666344,0.076589,26358,492175,0.05657,50525,1158519,0.13316,8700223
1,2021-02-27,52876,1703172,24324,831227,28542,871935,10,10,34648,683264,0.078534,18011,510186,0.058641,34931,1193450,0.137175,8700223
1,2021-02-28,20344,1723516,12094,843321,8248,880183,2,12,14858,692883,0.07964,5385,515571,0.05926,15004,1208454,0.138899,8700223
1,2021-03-01,46531,1770047,21519,864840,24944,905127,68,80,29835,706552,0.081211,16485,532056,0.061154,30154,1238608,0.142365,8700223
1,2021-03-02,65045,1835092,28073,892913,36960,942087,12,92,41355,725071,0.083339,23498,555554,0.063855,42017,1280625,0.147195,8700223
1,2021-03-03,72255,1907347,34385,927298,37838,979925,32,124,43856,741411,0.085217,28162,583716,0.067092,44502,1325127,0.15231,8700223
1,2021-03-04,80222,1987569,37573,964871,42612,1022537,37,161,51347,764689,0.087893,28624,612340,0.070382,51902,1377029,0.158275,8700223
1,2021-03-05,79374,2066943,35817,1000688,43348,1065885,209,370,52841,792170,0.091052,26221,638561,0.073396,53702,1430731,0.164448,8700223
1,2021-03-06,58007,2124950,27510,1028198,29152,1095037,1345,1715,39173,814365,0.093603,18686,657247,0.075544,40881,1471612,0.169146,8700223
1,2021-03-07,21038,2145988,13067,1041265,6773,1101810,1198,2913,15543,825888,0.094927,5467,662714,0.076172,16990,1488602,0.171099,8700223
1,2021-03-08,46261,2192249,22563,1063828,21741,1123551,1957,4870,32347,846727,0.097322,13796,676510,0.077758,34635,1523237,0.17508,8700223
1,2021-03-09,67146,2259395,32522,1096350,32103,1155654,2521,7391,41281,865176,0.099443,25679,702189,0.080709,44128,1567365,0.180152,8700223
1,2021-03-10,74160,2333555,36872,1133222,32776,1188430,4512,11903,45506,887029,0.101955,28504,730693,0.083986,50357,1617722,0.18594,8700223
1,2021-03-11,90381,2423936,41475,1174697,40879,1229309,8027,19930,52434,910237,0.104622,37688,768381,0.088317,60896,1678618,0.19294,8700223
1,2021-03-12,99307,2523243,43856,1218553,43130,1272439,12321,32251,57938,939785,0.108018,41123,809504,0.093044,70671,1749289,0.201063,8700223
1,2021-03-13,65438,2588681,29465,1248018,28253,1300692,7720,39971,41546,965587,0.110984,23746,833250,0.095773,49548,1798837,0.206758,8700223
1,2021-03-14,28028,2616709,14996,1263014,9462,1310154,3570,43541,15688,972764,0.111809,12256,845506,0.097182,19433,1818270,0.208991,8700223
1,2021-03-15,65371,2682080,28790,1291804,29836,1339990,6745,50286,38462,991628,0.113977,26675,872181,0.100248,45539,1863809,0.214225,8700223
1,2021-03-16,85826,2767906,39097,1330901,41072,1381062,5657,55943,53071,1018165,0.117027,32523,904704,0.103986,59060,1922869,0.221014,8700223
1,2021-03-17,93338,2861244,45521,1376422,41271,1422333,6546,62489,59957,1051887,0.120903,33123,937827,0.107793,66845,1989714,0.228697,8700223
1,2021-03-18,99044,2960288,51018,1427440,42301,1464634,5725,68214,59780,1078988,0.124018,38877,976704,0.112262,65978,2055692,0.23628,8700223
1,2021-03-19,104126,3064414,54066,1481506,43840,1508474,6220,74434,60798,1103516,0.126838,42995,1019699,0.117204,67523,2123215,0.244041,8700223
1,2021-03-20,72815,3137229,37194,1518700,30399,1538873,5222,79656,46638,1129668,0.129844,25973,1045672,0.120189,52125,2175340,0.250033,8700223
1,2021-03-21,27434,3164663,19070,1537770,6549,1545422,1815,81471,17044,1138326,0.130839,10286,1055958,0.121371,18944,2194284,0.25221,8700223
1,2021-03-22,59359,3224022,30693,1568463,25387,1570809,3279,84750,39835,1162513,0.133619,19290,1075248,0.123589,43477,2237761,0.257207,8700223
1,2021-03-23,83698,3307720,42592,1611055,37448,1608257,3658,88408,51167,1185526,0.136264,32255,1107503,0.127296,55268,2293029,0.26356,8700223
1,2021-03-24,88646,3396366,44780,1655835,39476,1647733,4390,92798,52689,1207127,0.138747,35628,1143131,0.131391,57229,2350258,0.270138,8700223
1,2021-03-25,97674,3494040,49902,1705737,41879,1689612,5893,98691,53958,1223823,0.140666,43350,1186481,0.136374,60046,2410304,0.277039,8700223
1,2021-03-26,106244,3600284,51773,1757510,48122,1737734,6349,105040,56933,1238482,0.142351,48916,1235397,0.141996,63575,2473879,0.284347,8700223
1,2021-03-27,74626,3674910,38489,1795999,31906,1769640,4231,109271,38346,1245216,0.143125,36033,1271430,0.146138,42767,2516646,0.289262,8700223
1,2021-03-28,32919,3707829,21525,1817524,10168,1779808,1226,110497,16458,1247006,0.14333,16340,1287770,0.148016,18130,2534776,0.291346,8700223
1,2021-03-29,68835,3776664,33914,1851438,31752,1811560,3169,113666,37878,1257550,0.144542,30711,1318481,0.151546,41255,2576031,0.296088,8700223
1,2021-03-30,93905,3870569,45875,1897313,41598,1853158,6432,120098,48102,1266590,0.145581,45553,1364034,0.156781,54593,2630624,0.302363,8700223
1,2021-03-31,102224,3972793,53101,1950414,42855,1896013,6268,126366,55987,1282998,0.147467,45881,1409915,0.162055,62289,2692913,0.309522,8700223
1,2021-04-01,113859,4086652,54259,2004673,50738,1946751,8862,135228,57736,1294022,0.148734,55592,1465507,0.168445,66616,2759529,0.317179,8700223
1,2021-04-02,113250,4199902,51692,2056365,51787,1998538,9771,144999,57424,1306046,0.150116,55374,1520881,0.174809,67398,2826927,0.324926,8700223
1,2021-04-03,78584,4278486,39369,2095734,29492,2028030,9723,154722,36803,1311042,0.150691,41574,1562455,0.179588,46570,2873497,0.330279,8700223
1,2021-04-04,23822,4302308,11870,2107604,8465,2036495,3487,158209,9908,1310591,0.150639,13830,1576285,0.181178,13379,2886876,0.331816,8700223
1,2021-04-05,77839,4380147,36968,2144572,31436,2067931,9435,167644,34923,1312409,0.150848,42674,1618959,0.186082,44492,2931368,0.33693,8700223
1,2021-04-06,104855,4485002,49513,2194085,38589,2106520,16753,184397,47363,1319355,0.151646,57155,1676114,0.192652,64101,2995469,0.344298,8700223
1,2021-04-07,112969,4597971,54641,2248726,40596,2147116,17732,202129,50845,1326139,0.152426,61770,1737884,0.199752,68554,3064023,0.352178,8700223
1,2021-04-08,123430,4721401,58298,2307024,43933,2191049,21199,223328,54463,1333294,0.153248,68507,1806391,0.207626,75662,3139685,0.360874,8700223
1,2021-04-09,124687,4846088,56873,2363897,46845,2237894,20969,244297,54596,1339159,0.153922,69692,1876083,0.215636,75557,3215242,0.369559,8700223
1,2021-04-10,97074,4943162,43187,2407084,30965,2268859,22922,267219,38470,1342089,0.154259,58368,1934451,0.222345,61298,3276540,0.376604,8700223
1,2021-04-11,36788,4979950,20440,2427524,9454,2278313,6894,274113,14879,1342122,0.154263,21829,1956280,0.224854,21862,3298402,0.379117,8700223
1,2021-04-12,75375,5055325,33634,2461158,31644,2309957,10097,284210,32001,1341287,0.154167,43053,1999333,0.229803,42218,3340620,0.383969,8700223
1,2021-04-13,98482,5153807,52611,2513769,45534,2355491,337,284547,53125,1350076,0.155177,45031,2044364,0.234978,53820,3394440,0.390156,8700223
1,2021-04-14,105292,5259099,54466,2568235,50745,2406236,81,284628,53413,1352477,0.155453,51464,2095828,0.240894,53865,3448305,0.396347,8700223
1,2021-04-15,106129,5365228,57635,2625870,48402,2454638,92,284720,56140,1359522,0.156263,49368,2145196,0.246568,56413,3504718,0.402831,8700223
1,2021-04-16,111442,5476670,57187,2683057,54164,2508802,91,284811,55486,1359915,0.156308,55378,2200574,0.252933,55771,3560489,0.409241,8700223
1,2021-04-17,83546,5560216,45351,2728408,38183,2546985,12,284823,46490,1369800,0.157444,36784,2237358,0.257161,46669,3607158,0.414605,8700223
1,2021-04-18,30601,5590817,20716,2749124,9878,2556863,7,284830,15286,1370087,0.157477,15218,2252576,0.25891,15505,3622663,0.416387,8700223
1,2021-04-19,67154,5657971,33986,2783110,33153,2590016,15,284845,30179,1363831,0.156758,36579,2289155,0.263115,30323,3652986,0.419873,8700223
1,2021-04-20,88408,5746379,44474,2827584,43909,2633925,25,284870,41044,1358137,0.156104,46964,2336119,0.268513,41270,3694256,0.424616,8700223
1,2021-04-21,97909,5844288,51022,2878606,46783,2680708,104,284974,43562,1348325,0.154976,53728,2389847,0.274688,43916,3738172,0.429664,8700223
1,2021-04-22,97719,5942007,51006,2929612,46694,2727402,19,284993,44629,1340655,0.154094,52539,2442386,0.280727,44869,3783041,0.434821,8700223
1,2021-04-23,103085,6045092,53231,2982843,49826,2777228,28,285021,48861,1336128,0.153574,53656,2496042,0.286894,49129,3832170,0.440468,8700223
1,2021-04-24,76747,6121839,47508,3030351,29211,2806439,28,285049,43144,1346145,0.154725,33420,2529462,0.290735,43437,3875607,0.445461,8700223
1,2021-04-25,27454,6149293,17471,3047822,9967,2816406,16,285065,15612,1350210,0.155193,11705,2541167,0.292081,15770,3891377,0.447273,8700223
1,2021-04-26,66449,6215742,34807,3082629,31234,2847640,408,285473,31358,1347564,0.154888,34749,2575916,0.296075,32103,3923480,0.450963,8700223
1,2021-04-27,81922,6297664,43517,3126146,37099,2884739,1306,286779,35333,1338285,0.153822,46263,2622179,0.301392,36984,3960464,0.455214,8700223
1,2021-04-28,81633,6379297,43349,3169495,36773,2921512,1511,288290,35632,1330038,0.152874,45614,2667793,0.306635,37367,3997831,0.459509,8700223
1,2021-04-29,85135,6464432,46786,3216281,36719,2958231,1630,289920,34505,1316128,0.151275,50215,2718008,0.312407,36305,4034136,0.463682,8700223
1,2021-04-30,92830,6557262,50223,3266504,40704,2998935,1903,291823,38506,1302760,0.149739,53935,2771943,0.318606,40567,4074703,0.468345,8700223
1,2021-05-01,63923,6621185,41125,3307629,21364,3020299,1434,293257,26897,1294575,0.148798,36731,2808674,0.322828,28546,4103249,0.471626,8700223
1,2021-05-02,23525,6644710,16665,3324294,6277,3026576,583,293840,9431,1290644,0.148346,13975,2822649,0.324434,10044,4113293,0.47278,8700223
1,2021-05-03,56512,6701222,31270,3355564,23383,3049959,1859,295699,20432,1277186,0.146799,35800,2858449,0.328549,22342,4135635,0.475348,8700223
1,2021-05-04,76068,6777290,43780,3399344,30188,3080147,2100,297799,27174,1257983,0.144592,48556,2907005,0.33413,29353,4164988,0.478722,8700223
1,2021-05-05,78581,6855871,45528,3444872,30744,3110891,2309,300108,26521,1235221,0.141976,51672,2958677,0.340069,28910,4193898,0.482045,8700223
1,2021-05-06,80236,6936107,48763,3493635,29289,3140180,2184,302292,24925,1207603,0.138801,54880,3013557,0.346377,27262,4221160,0.485178,8700223
1,2021-05-07,83775,7019882,47696,3541331,33882,3174062,2197,304489,27777,1182131,0.135874,55511,3069068,0.352757,30039,4251199,0.488631,8700223
1,2021-05-08,57638,7077520,36188,3577519,19795,3193857,1655,306144,19524,1165644,0.133979,37752,3106820,0.357097,21265,4272464,0.491075,8700223
1,2021-05-09,18375,7095895,13187,3590706,4709,3198566,479,306623,5554,1158984,0.133213,12730,3119550,0.35856,6070,4278534,0.491773,8700223
1,2021-05-10,44454,7140349,22489,3613195,20133,3218699,1832,308455,14769,1146299,0.131755,29377,3148927,0.361936,16692,4295226,0.493691,8700223
1,2021-05-11,63040,7203389,34284,3647479,26595,3245294,2161,310616,20676,1127204,0.12956,42048,3190975,0.366769,22953,4318179,0.49633,8700223
1,2021-05-12,63185,7266574,33578,3681057,27532,3272826,2075,312691,20718,1107955,0.127348,42103,3233078,0.371609,22854,4341033,0.498957,8700223
1,2021-05-13,67503,7334077,39632,3720689,25880,3298706,1991,314682,25673,1094488,0.1258,41415,3274493,0.376369,27948,4368981,0.502169,8700223
1,2021-05-14,77147,7411224,46502,3767191,28226,3326932,2419,317101,31097,1082674,0.124442,45612,3320105,0.381611,33798,4402779,0.506054,8700223
1,2021-05-15,67022,7478246,44007,3811198,21242,3348174,1773,318874,26674,1071185,0.123122,40006,3360111,0.38621,28517,4431296,0.509331,8700223
1,2021-05-16,25159,7503405,18546,3829744,5992,3354166,621,319495,10253,1067331,0.122679,14775,3374886,0.387908,10921,4442217,0.510587,8700223
1,2021-05-17,54661,7558066,33365,3863109,19511,3373677,1785,321280,23112,1061028,0.121954,31255,3406141,0.3915,24952,4467169,0.513455,8700223
1,2021-05-18,65502,7623568,39451,3902560,24207,3397884,1844,323124,28368,1054506,0.121204,36824,3442965,0.395733,30302,4497471,0.516937,8700223
1,2021-05-19,66942,7690510,40789,3943349,24205,3422089,1948,325072,29924,1049758,0.120659,36694,3479659,0.399951,31946,4529417,0.520609,8700223
1,2021-05-20,65152,7755662,37823,3981172,25089,3447178,2240,327312,26772,1040971,0.119649,38001,3517660,0.404318,29214,4558631,0.523967,8700223
1,2021-05-21,70950,7826612,42455,4023627,26607,3473785,1888,329200,29244,1030927,0.118494,41269,3558929,0.409062,31225,4589856,0.527556,8700223
1,2021-05-22,56647,7883259,37268,4060895,17646,3491431,1733,330933,24608,1025625,0.117885,31736,3590665,0.41271,26434,4616290,0.530594,8700223
1,2021-05-23,20589,7903848,14395,4075290,5606,3497037,588,331521,9531,1024825,0.117793,10945,3601610,0.413968,10145,4626435,0.531761,8700223
1,2021-05-24,44378,7948226,24773,4100063,17751,3514788,1854,333375,17955,1018574,0.117074,26142,3627752,0.416972,19891,4646326,0.534047,8700223
1,2021-05-25,51758,7999984,29869,4129932,20163,3534951,1726,335101,21530,1012034,0.116323,29888,3657640,0.420408,23348,4669674,0.53673,8700223
1,2021-05-26,49035,8049019,27792,4157724,19305,3554256,1938,337039,20787,1006880,0.11573,27920,3685560,0.423617,22766,4692440,0.539347,8700223
1,2021-05-27,47581,8096600,26724,4184448,18924,3573180,1933,338972,20363,1002386,0.115214,26904,3712464,0.426709,22410,4714850,0.541923,8700223
1,2021-05-28,53418,8150018,29867,4214315,21688,3594868,1863,340835,23934,999199,0.114848,29111,3741575,0.430055,25924,4740774,0.544903,8700223
1,2021-05-29,30955,8180973,18754,4233069,11221,3606089,980,341815,14685,998823,0.114804,16095,3757670,0.431905,15719,4756493,0.546709,8700223
1,2021-05-30,11740,8192713,7588,4240657,3590,3609679,562,342377,5528,998806,0.114802,6133,3763803,0.43261,6116,4762609,0.547412,8700223
1,2021-05-31,5835,8198548,3321,4243978,2253,3611932,261,342638,2043,997403,0.114641,3719,3767522,0.433037,2316,4764925,0.547678,8700223
1,2021-06-01,46616,8245164,26433,4270411,18596,3630528,1587,344225,17642,988116,0.113574,28580,3796102,0.436322,19293,4784218,0.549896,8700223
1,2021-06-02,40653,8285817,23642,4294053,15489,3646017,1522,345747,16424,982244,0.112899,23901,3820003,0.43907,18029,4802247,0.551968,8700223
1,2021-06-03,42231,8328048,26505,4320558,13981,3659998,1745,347492,16117,974393,0.111996,25790,3845793,0.442034,17939,4820186,0.55403,8700223
1,2021-06-04,51121,8379169,32741,4353299,16545,3676543,1835,349327,18383,962357,0.110613,32330,3878123,0.44575,20294,4840480,0.556363,8700223
1,2021-06-05,40866,8420035,27911,4381210,10935,3687478,2020,351347,14309,952417,0.10947,26324,3904447,0.448776,16384,4856864,0.558246,8700223
1,2021-06-06,13277,8433312,10624,4391834,2134,3689612,519,351866,4565,948939,0.109071,8623,3913070,0.449767,5145,4862009,0.558837,8700223
1,2021-06-07,34418,8467730,23764,4415598,9277,3698889,1377,353243,12306,940802,0.108135,21874,3934944,0.452281,13737,4875746,0.560416,8700223
1,2021-06-08,42557,8510287,29445,4445043,11445,3710334,1667,354910,14809,929911,0.106884,27456,3962400,0.455437,16565,4892311,0.56232,8700223
1,2021-06-09,42521,8552808,29495,4474538,11368,3721702,1658,356568,13851,917133,0.105415,28343,3990743,0.458694,15565,4907876,0.564109,8700223
1,2021-06-10,39598,8592406,26698,4501236,11176,3732878,1724,358292,13569,906768,0.104224,25757,4016500,0.461655,15392,4923268,0.565878,8700223
1,2021-06-11,44940,8637346,29836,4531072,13389,3746267,1715,360007,16072,896102,0.102998,28531,4045031,0.464934,17865,4941133,0.567932,8700223
1,2021-06-12,34351,8671697,24872,4555944,8250,3754517,1229,361236,11295,885864,0.101821,22829,4067860,0.467558,12591,4953724,0.569379,8700223
1,2021-06-13,11721,8683418,8524,4564468,2715,3757232,482,361718,3417,881570,0.101327,8227,4076087,0.468504,3933,4957657,0.569831,8700223
1,2021-06-14,31471,8714889,21219,4585687,8915,3766147,1337,363055,11751,875192,0.100594,19497,4095584,0.470745,13119,4970776,0.571339,8700223
1,2021-06-15,37972,8752861,24912,4610599,11180,3777327,1880,364935,14089,867676,0.09973,23572,4119156,0.473454,16056,4986832,0.573184,8700223
1,2021-06-16,36187,8789048,24501,4635100,9827,3787154,1859,366794,13648,861004,0.098963,22235,4141391,0.47601,15563,5002395,0.574973,8700223
1,2021-06-17,34047,8823095,22523,4657623,9547,3796701,1977,368771,13292,855873,0.098374,20486,4161877,0.478364,15355,5017750,0.576738,8700223
1,2021-06-18,40018,8863113,26010,4683633,11133,3807834,2875,371646,15455,849989,0.097697,24263,4186140,0.481153,18379,5036129,0.578851,8700223
1,2021-06-19,24130,8887243,16750,4700383,6178,3814012,1202,372848,9806,846890,0.097341,14147,4200287,0.482779,11048,5047177,0.58012,8700223
1,2021-06-20,8170,8895413,5982,4706365,1910,3815922,278,373126,3225,845531,0.097185,4873,4205160,0.483339,3514,5050691,0.580524,8700223
1,2021-06-21,21141,8916554,11964,4718329,6975,3822897,2202,375328,11001,848767,0.097557,10016,4215176,0.484491,13252,5063943,0.582047,8700223
1,2021-06-22,31118,8947672,20310,4738639,8632,3831529,2176,377504,12948,846015,0.097241,17939,4233115,0.486552,15187,5079130,0.583793,8700223
1,2021-06-23,29615,8977287,19892,4758531,7884,3839413,1839,379343,12864,844218,0.097034,16526,4249641,0.488452,14729,5093859,0.585486,8700223
1,2021-06-24,28691,9005978,19121,4777652,7886,3847299,1684,381027,12134,841760,0.096752,16341,4265982,0.49033,13883,5107742,0.587082,8700223
1,2021-06-25,32115,9038093,21746,4799398,8944,3856243,1425,382452,14047,839474,0.096489,17813,4283795,0.492378,15527,5123269,0.588866,8700223
1,2021-06-26,22700,9060793,16860,4816258,4988,3861231,852,383304,9885,837582,0.096271,12676,4296471,0.493835,10784,5134053,0.590106,8700223
1,2021-06-27,9288,9070081,6927,4823185,1923,3863154,438,383742,4111,837045,0.09621,5104,4301575,0.494421,4567,5138620,0.590631,8700223
1,2021-06-28,21524,9091605,16000,4839185,4260,3867414,1264,385006,9972,836988,0.096203,11339,4312914,0.495725,11282,5149902,0.591928,8700223
1,2021-06-29,27338,9118943,18737,4857922,7200,3874614,1401,386407,12128,835565,0.096039,15013,4327927,0.49745,13590,5163492,0.59349,8700223
1,2021-06-30,26715,9145658,18520,4876442,7119,3881733,1076,387483,12761,835753,0.096061,13724,4341651,0.499028,13912,5177404,0.595089,8700223
1,2021-07-01,24424,9170082,16981,4893423,6130,3887863,1313,388796,11323,835549,0.096038,12915,4354566,0.500512,12711,5190115,0.59655,8700223
1,2021-07-02,27366,9197448,18819,4912242,7485,3895348,1062,389858,12793,835131,0.09599,14354,4368920,0.502162,13936,5204051,0.598151,8700223
1,2021-07-03,15110,9212558,10569,4922811,4081,3899429,460,390318,7201,835057,0.095981,7767,4376687,0.503055,7693,5211744,0.599036,8700223
1,2021-07-04,1305,9213863,736,4923547,501,3899930,68,390386,637,835110,0.095987,657,4377344,0.50313,710,5212454,0.599117,8700223
1,2021-07-05,11311,9225174,7830,4931377,3114,3903044,367,390753,5388,835064,0.095982,5848,4383192,0.503802,5802,5218256,0.599784,8700223
1,2021-07-06,27997,9253171,19794,4951171,7042,3910086,1161,391914,11196,830931,0.095507,16592,4399784,0.505709,12459,5230715,0.601216,8700223
1,2021-07-07,24398,9277569,17108,4968279,6111,3916197,1179,393093,10501,828996,0.095284,13700,4413484,0.507284,11765,5242480,0.602568,8700223
1,2021-07-08,23356,9300925,16196,4984475,6050,3922247,1110,394203,10054,827151,0.095072,13094,4426578,0.508789,11249,5253729,0.603861,8700223
1,2021-07-09,27613,9328538,19538,5004013,6894,3929141,1181,395384,12483,825931,0.094932,14944,4441522,0.510507,13724,5267453,0.605439,8700223
1,2021-07-10,18260,9346798,13184,5017197,4296,3933437,780,396164,8156,824947,0.094819,9969,4451491,0.511653,8985,5276438,0.606472,8700223
1,2021-07-11,6845,9353643,5004,5022201,1633,3935070,208,396372,3314,825007,0.094826,3480,4454971,0.512053,3540,5279978,0.606878,8700223
1,2021-07-12,20529,9374172,14758,5036959,4864,3939934,907,397279,9114,823858,0.094694,11265,4466236,0.513347,10116,5290094,0.608041,8700223
1,2021-07-13,22808,9396980,15917,5052876,6064,3945998,827,398106,10687,823499,0.094653,11960,4478196,0.514722,11601,5301695,0.609375,8700223
1,2021-07-14,22759,9419739,15653,5068529,6111,3952109,995,399101,10277,822562,0.094545,12319,4490515,0.516138,11382,5313077,0.610683,8700223
1,2021-07-15,22241,9441980,15766,5084295,5738,3957847,737,399838,10810,822943,0.094589,11273,4501788,0.517434,11654,5324731,0.612022,8700223
1,2021-07-16,27281,9469261,19057,5103352,7210,3965057,1014,400852,13524,823988,0.094709,13577,4515365,0.518994,14622,5339353,0.613703,8700223
1,2021-07-17,18943,9488204,13704,5117056,4531,3969588,708,401560,9347,824622,0.094782,9457,4524822,0.520081,10091,5349444,0.614863,8700223
1,2021-07-18,7541,9495745,5563,5122619,1692,3971280,286,401846,3855,825154,0.094843,3626,4528448,0.520498,4158,5353602,0.615341,8700223
1,2021-07-19,21146,9516891,15316,5137935,4987,3976267,843,402689,10593,826275,0.094972,10412,4538860,0.521695,11533,5365135,0.616666,8700223
1,2021-07-20,25342,9542233,17526,5155461,6915,3983182,901,403590,13056,828229,0.095196,12094,4550954,0.523085,14048,5379183,0.618281,8700223
1,2021-07-21,25663,9567896,18020,5173481,6420,3989602,1223,404813,13134,830348,0.09544,12355,4563309,0.524505,14474,5393657,0.619945,8700223
1,2021-07-22,24803,9592699,17563,5191044,6391,3995993,849,405662,13526,833737,0.095829,11077,4574386,0.525778,14466,5408123,0.621607,8700223
1,2021-07-23,29542,9622241,20906,5211950,7609,4003602,1027,406689,16466,838432,0.096369,12870,4587256,0.527257,17565,5425688,0.623626,8700223
1,2021-07-24,18413,9640654,13014,5224964,4821,4008423,578,407267,10820,842386,0.096823,7470,4594726,0.528116,11424,5437112,0.624939,8700223
1,2021-07-25,7601,9648255,5465,5230429,2019,4010442,117,407384,5664,846298,0.097273,1889,4596615,0.528333,5801,5442913,0.625606,8700223
1,2021-07-26,21833,9670088,15115,5245544,5953,4016395,765,408149,14126,853696,0.098123,7563,4604178,0.529202,14961,5457874,0.627326,8700223
1,2021-07-27,27515,9697603,19687,5265231,6877,4023272,951,409100,16221,859811,0.098826,11111,4615289,0.530479,17226,5475100,0.629306,8700223
1,2021-07-28,28482,9726085,20212,5285443,7382,4030654,888,409988,17476,867435,0.099703,10812,4626101,0.531722,18436,5493536,0.631425,8700223
1,2021-07-29,27100,9753185,19249,5304692,7052,4037706,799,410787,16963,875298,0.100606,9962,4636063,0.532867,17825,5511361,0.633474,8700223
1,2021-07-30,31571,9784756,22603,5327295,8055,4045761,913,411700,19302,883508,0.10155,12042,4648105,0.534251,20252,5531613,0.635801,8700223
1,2021-07-31,20174,9804930,14665,5341960,4967,4050728,542,412242,12535,889139,0.102197,7473,4655578,0.53511,13104,5544717,0.637307,8700223
1,2021-08-01,8926,9813856,6729,5348689,2071,4052799,126,412368,6112,892643,0.1026,2761,4658339,0.535428,6265,5550982,0.638028,8700223
1,2021-08-02,25248,9839104,18789,5367478,5739,4058538,720,413088,16425,901181,0.103581,8653,4666992,0.536422,17191,5568173,0.640003,8700223
1,2021-08-03,29041,9868145,21040,5388518,7043,4065581,958,414046,18224,909770,0.104569,10627,4677619,0.537644,19216,5587389,0.642212,8700223
1,2021-08-04,27886,9896031,20284,5408802,6717,4072298,885,414931,17705,918436,0.105565,9970,4687589,0.53879,18636,5606025,0.644354,8700223
1,2021-08-05,27745,9923776,20356,5429158,6471,4078769,918,415849,17495,926835,0.10653,10036,4697625,0.539943,18435,5624460,0.646473,8700223
1,2021-08-06,34249,9958025,25247,5454405,8017,4086786,985,416834,21400,936657,0.107659,12605,4710230,0.541392,22427,5646887,0.649051,8700223
1,2021-08-07,21958,9979983,16494,5470899,4894,4091680,570,417404,13686,942782,0.108363,8145,4718375,0.542328,14270,5661157,0.650691,8700223
1,2021-08-08,10549,9990532,7712,5478611,2634,4094314,203,417607,6859,946231,0.108759,3623,4721998,0.542744,7072,5668229,0.651504,8700223
1,2021-08-09,28182,10018714,21147,5499758,6215,4100529,820,418427,17450,953998,0.109652,10538,4732536,0.543956,18305,5686534,0.653608,8700223
1,2021-08-10,29757,10048471,21915,5521673,6963,4107492,879,419306,17781,960946,0.110451,11769,4744305,0.545308,18717,5705251,0.655759,8700223
1,2021-08-11,27514,10075985,20343,5542016,6245,4113737,926,420232,16310,967215,0.111171,10992,4755297,0.546572,17261,5722512,0.657743,8700223
1,2021-08-12,29012,10104997,20895,5562911,7067,4120804,1050,421282,17303,974177,0.111971,11416,4766713,0.547884,18378,5740890,0.659856,8700223
1,2021-08-13,36580,10141577,26575,5589486,8907,4129711,1098,422380,21346,981750,0.112842,14915,4781628,0.549598,22488,5763378,0.66244,8700223
1,2021-08-14,24199,10165776,18375,5607861,5260,4134971,564,422944,13895,986381,0.113374,9845,4791473,0.55073,14476,5777854,0.664104,8700223
1,2021-08-15,10683,10176459,7887,5615748,2631,4137602,165,423109,6196,988581,0.113627,4183,4795656,0.551211,6383,5784237,0.664838,8700223
1,2021-08-16,29342,10205801,20837,5636585,7715,4145317,790,423899,16198,993354,0.114176,12245,4807901,0.552618,17018,5801255,0.666794,8700223
1,2021-08-17,31950,10237751,22666,5659251,8338,4153655,946,424845,16804,996948,0.114589,14194,4822095,0.55425,17788,5819043,0.668838,8700223
1,2021-08-18,32176,10269927,23093,5682344,8175,4161830,908,425753,16427,999800,0.114917,14528,4836623,0.555919,17380,5836423,0.670836,8700223
1,2021-08-19,31412,10301339,22440,5704784,7947,4169777,1025,426778,16099,1002912,0.115274,14050,4850673,0.557534,17162,5853585,0.672809,8700223
1,2021-08-20,38450,10339789,27938,5732722,9549,4179326,963,427741,19539,1006105,0.115641,17339,4868012,0.559527,20532,5874117,0.675169,8700223
1,2021-08-21,23291,10363080,17425,5750147,5289,4184615,577,428318,11424,1007005,0.115745,11119,4879131,0.560805,12019,5886136,0.67655,8700223
1,2021-08-22,11929,10375009,8740,5758887,2988,4187603,201,428519,6000,1007682,0.115823,5538,4884669,0.561442,6215,5892351,0.677264,8700223
1,2021-08-23,31466,10406475,23353,5782240,7345,4194948,768,429287,15208,1008649,0.115934,15078,4899747,0.563175,16045,5908396,0.679109,8700223
1,2021-08-24,31958,10438433,24237,5806477,6885,4201833,836,430123,15160,1009133,0.115989,15575,4915322,0.564965,16059,5924455,0.680954,8700223
1,2021-08-25,31789,10470222,24127,5830604,6919,4208752,743,430866,14910,1009207,0.115998,15636,4930958,0.566762,15710,5940165,0.68276,8700223
1,2021-08-26,31667,10501889,23635,5854239,7134,4215886,898,431764,14991,1009909,0.116079,15233,4946191,0.568513,15935,5956100,0.684592,8700223
1,2021-08-27,39113,10541002,29995,5884234,8296,4224182,822,432586,17823,1009070,0.115982,19559,4965750,0.570761,18720,5974820,0.686743,8700223
1,2021-08-28,24960,10565962,19554,5903788,4976,4229158,430,433016,10866,1007088,0.115754,13326,4979076,0.572293,11344,5986164,0.688047,8700223
1,2021-08-29,12103,10578065,9102,5912890,2855,4232013,146,433162,5606,1006806,0.115722,6066,4985142,0.57299,5784,5991948,0.688712,8700223
1,2021-08-30,29084,10607149,21336,5934226,6816,4238829,932,434094,12554,1005083,0.115524,15265,5000407,0.574745,13542,6005490,0.690269,8700223
1,2021-08-31,29274,10636423,21871,5956097,6637,4245466,766,434860,12441,1002842,0.115266,15494,5015901,0.576526,13253,6018743,0.691792,8700223
1,2021-09-01,28949,10665372,21429,5977526,6717,4252183,803,435663,13087,1002481,0.115225,14326,5030227,0.578172,13965,6032708,0.693397,8700223
1,2021-09-02,27706,10693078,20471,5997997,6510,4258693,725,436388,12069,1001201,0.115078,14118,5044345,0.579795,12838,6045546,0.694873,8700223
1,2021-09-03,34755,10727833,26065,6024062,8032,4266725,658,437046,14460,997861,0.114694,18530,5062875,0.581925,15190,6060736,0.696618,8700223
1,2021-09-04,19760,10747593,15262,6039324,4224,4270949,274,437320,8258,995593,0.114433,10848,5073723,0.583172,8580,6069316,0.697605,8700223
1,2021-09-05,10953,10758546,8175,6047499,2704,4273653,74,437394,5108,995354,0.114406,5446,5079169,0.583798,5207,6074523,0.698203,8700223
1,2021-09-06,6558,10765104,4429,6051928,2073,4275726,56,437450,2840,994766,0.114338,3490,5082659,0.584199,2902,6077425,0.698537,8700223
1,2021-09-07,29464,10794568,21957,6073885,6886,4282612,621,438071,10220,987620,0.113517,18038,5100697,0.586272,10892,6088317,0.699789,8700223
1,2021-09-08,27360,10821928,20247,6094132,6527,4289139,586,438657,11267,984774,0.11319,14758,5115455,0.587968,11912,6100229,0.701158,8700223
1,2021-09-09,26654,10848582,19618,6113750,6408,4295547,628,439285,11019,982121,0.112885,14350,5129805,0.589618,11697,6111926,0.702502,8700223
1,2021-09-10,31895,10880477,23389,6137139,7789,4303336,717,440002,12593,977622,0.112367,17872,5147677,0.591672,13373,6125299,0.704039,8700223
1,2021-09-11,8596,10889073,6916,6144055,1346,4304682,334,440336,3278,976182,0.112202,5072,5152749,0.592255,3632,6128931,0.704457,8700223
2,2020-12-15,264,264,264,264,0,0,0,0,264,264,3.1e-05,0,0,0.0,264,264,3.1e-05,8407551
2,2020-12-16,2313,2577,2313,2577,0,0,0,0,2313,2577,0.000307,0,0,0.0,2313,2577,0.000307,8407551
2,2020-12-17,7225,9802,7225,9802,0,0,0,0,7223,9800,0.001166,0,0,0.0,7223,9800,0.001166,8407551
2,2020-12-18,11183,20985,11160,20962,23,23,0,0,11183,20983,0.002496,0,0,0.0,11183,20983,0.002496,8407551
2,2020-12-19,5644,26629,5636,26598,8,31,0,0,5649,26632,0.003168,0,0,0.0,5649,26632,0.003168,8407551
2,2020-12-20,4270,30899,4253,30851,17,48,0,0,4262,30893,0.003674,1,1,0.0,4262,30894,0.003675,8407551
2,2020-12-21,12916,43815,12885,43736,31,79,0,0,12874,43766,0.005206,1,2,0.0,12874,43768,0.005206,8407551
2,2020-12-22,12281,56096,11743,55479,538,617,0,0,12280,56046,0.006666,0,2,0.0,12280,56048,0.006666,8407551
2,2020-12-23,11871,67967,9574,65053,2297,2914,0,0,11870,67914,0.008078,3,5,1e-06,11871,67919,0.008078,8407551
2,2020-12-24,5928,73895,3508,68561,2420,5334,0,0,5927,73839,0.008782,4,9,1e-06,5929,73848,0.008784,8407551
2,2020-12-25,509,74404,423,68984,86,5420,0,0,512,74351,0.008843,0,9,1e-06,512,74360,0.008844,8407551
2,2020-12-26,2601,77005,1677,70661,924,6344,0,0,2601,76950,0.009152,2,11,1e-06,2601,76961,0.009154,8407551
2,2020-12-27,2237,79242,1218,71879,1019,7363,0,0,2235,79183,0.009418,2,13,2e-06,2235,79196,0.00942,8407551
2,2020-12-28,11224,90466,7276,79155,3948,11311,0,0,11224,90402,0.010752,5,18,2e-06,11224,90420,0.010755,8407551
2,2020-12-29,13028,103494,7319,86474,5709,17020,0,0,13034,103435,0.012303,1,19,2e-06,13034,103454,0.012305,8407551
2,2020-12-30,15719,119213,8774,95248,6945,23965,0,0,15712,119144,0.014171,5,24,3e-06,15714,119168,0.014174,8407551
2,2020-12-31,7616,126829,2813,98061,4803,28768,0,0,7607,126746,0.015075,5,29,3e-06,7607,126775,0.015079,8407551
2,2021-01-01,1469,128298,707,98768,762,29530,0,0,1464,128206,0.015249,4,33,4e-06,1464,128239,0.015253,8407551
2,2021-01-02,4890,133188,2783,101551,2107,31637,0,0,4885,133089,0.01583,2,35,4e-06,4885,133124,0.015834,8407551
2,2021-01-03,1442,134630,812,102363,630,32267,0,0,1435,134521,0.016,3,38,5e-06,1435,134559,0.016005,8407551
2,2021-01-04,11862,146492,5654,108017,6208,38475,0,0,11849,146365,0.017409,5,43,5e-06,11849,146408,0.017414,8407551
2,2021-01-05,14082,160574,7073,115090,7009,45484,0,0,12827,157975,0.01879,1251,1294,0.000154,12861,159269,0.018944,8407551
2,2021-01-06,19288,179862,10635,125725,8653,54137,0,0,15285,169330,0.02014,3945,5239,0.000623,15300,174569,0.020763,8407551
2,2021-01-07,23567,203429,13286,139011,10281,64418,0,0,15752,177279,0.021086,7825,13064,0.001554,15774,190343,0.02264,8407551
2,2021-01-08,27191,230620,16414,155425,10777,75195,0,0,16627,183429,0.021817,10512,23576,0.002804,16662,207005,0.024621,8407551
2,2021-01-09,9922,240542,5813,161238,4109,79304,0,0,6310,186146,0.02214,3605,27181,0.003233,6322,213327,0.025373,8407551
2,2021-01-10,5362,245904,2992,164230,2370,81674,0,0,3094,186967,0.022238,2278,29459,0.003504,3099,216426,0.025742,8407551
2,2021-01-11,26292,272196,18173,182403,8119,89793,0,0,15087,190887,0.022704,11219,40678,0.004838,15139,231565,0.027543,8407551
2,2021-01-12,26665,298861,16561,198964,10104,99897,0,0,16920,198133,0.023566,9768,50446,0.006,17014,248579,0.029566,8407551
2,2021-01-13,28842,327703,15273,214237,13569,113466,0,0,20795,210932,0.025088,8037,58483,0.006956,20836,269415,0.032044,8407551
2,2021-01-14,30853,358556,11828,226065,19025,132491,0,0,26500,233167,0.027733,4351,62834,0.007474,26586,296001,0.035207,8407551
2,2021-01-15,35438,393994,12902,238967,22536,155027,0,0,32098,262023,0.031165,3338,66172,0.007871,32194,328195,0.039036,8407551
2,2021-01-16,18419,412413,6154,245121,12265,167292,0,0,16994,277582,0.033016,1443,67615,0.008042,17002,345197,0.041058,8407551
2,2021-01-17,10626,423039,3606,248727,7020,174312,0,0,9858,286669,0.034097,782,68397,0.008135,9869,355066,0.042232,8407551
2,2021-01-18,19860,442899,11093,259820,8767,183079,0,0,14987,296834,0.035306,4889,73286,0.008717,15054,370120,0.044022,8407551
2,2021-01-19,33037,475936,17256,277076,15781,198860,0,0,24793,313503,0.037288,8246,81532,0.009697,24915,395035,0.046986,8407551
2,2021-01-20,37860,513796,19032,296108,18828,217688,0,0,29157,334081,0.039736,8677,90209,0.01073,29255,424290,0.050465,8407551
2,2021-01-21,41428,555224,17624,313732,23804,241492,0,0,36762,366402,0.04358,4635,94844,0.011281,36956,461246,0.054861,8407551
2,2021-01-22,39819,595043,16636,330368,23183,264675,0,0,36404,399407,0.047506,3430,98274,0.011689,36435,497681,0.059195,8407551
2,2021-01-23,24401,619444,10838,341206,13563,278238,0,0,21407,417873,0.049702,2972,101246,0.012042,21438,519119,0.061744,8407551
2,2021-01-24,12515,631959,6136,347342,6379,284617,0,0,11569,428532,0.05097,930,102176,0.012153,11589,530708,0.063123,8407551
2,2021-01-25,34239,666198,15725,363067,18514,303131,0,0,25222,444947,0.052922,8963,111139,0.013219,25378,556086,0.066141,8407551
2,2021-01-26,40700,706898,19884,382951,20816,323947,0,0,31282,466934,0.055537,9390,120529,0.014336,31377,587463,0.069873,8407551
2,2021-01-27,46004,752902,22745,405696,23259,347206,0,0,35455,492030,0.058522,10431,130960,0.015576,35527,622990,0.074099,8407551
2,2021-01-28,48458,801360,22551,428247,25907,373113,0,0,39545,522818,0.062184,8844,139804,0.016628,39632,662622,0.078813,8407551
2,2021-01-29,46085,847445,22150,450397,23935,397048,0,0,37123,551197,0.06556,8831,148635,0.017679,37210,699832,0.083239,8407551
2,2021-01-30,31524,878969,13337,463734,18187,415235,0,0,28057,575878,0.068495,3425,152060,0.018086,28106,727938,0.086581,8407551
2,2021-01-31,17295,896264,10204,473938,7091,422326,0,0,16049,590727,0.070261,1224,153284,0.018232,16073,744011,0.088493,8407551
2,2021-02-01,41692,937956,19941,493879,21751,444077,0,0,30370,609890,0.072541,11258,164542,0.019571,30421,774432,0.092111,8407551
2,2021-02-02,48327,986283,19633,513512,28694,472771,0,0,36598,634957,0.075522,11634,176176,0.020954,36701,811133,0.096477,8407551
2,2021-02-03,54440,1040723,23891,537403,30549,503320,0,0,39978,660678,0.078582,14359,190535,0.022662,40080,851213,0.101244,8407551
2,2021-02-04,56707,1097430,24270,561673,32437,535757,0,0,41133,686463,0.081648,15459,205994,0.024501,41244,892457,0.106149,8407551
2,2021-02-05,60724,1158154,26323,587996,34401,570158,0,0,40904,707985,0.084208,19588,225582,0.026831,41110,933567,0.111039,8407551
2,2021-02-06,39621,1197775,18352,606348,21269,591427,0,0,31476,731510,0.087006,8066,233648,0.02779,31591,965158,0.114797,8407551
2,2021-02-07,15806,1213581,10434,616782,5372,596799,0,0,11945,739700,0.08798,3829,237477,0.028246,12019,977177,0.116226,8407551
2,2021-02-08,43334,1256915,21893,638675,21441,618240,0,0,29558,755854,0.089902,13623,251100,0.029866,29777,1006954,0.119768,8407551
2,2021-02-09,49959,1306874,23623,662298,26336,644576,0,0,30721,767940,0.091339,19004,270104,0.032126,31090,1038044,0.123466,8407551
2,2021-02-10,60004,1366878,28022,690320,31982,676558,0,0,34544,777700,0.0925,25167,295271,0.03512,34927,1072971,0.12762,8407551
2,2021-02-11,64784,1431662,29709,720029,35075,711633,0,0,35933,785694,0.093451,28463,323734,0.038505,36457,1109428,0.131956,8407551
2,2021-02-12,66389,1498051,28622,748651,37767,749400,0,0,35386,791057,0.094089,30705,354439,0.042157,36068,1145496,0.136246,8407551
2,2021-02-13,38382,1536433,15967,764618,22415,771815,0,0,22060,797292,0.09483,16210,370649,0.044085,22445,1167941,0.138916,8407551
2,2021-02-14,20232,1556665,9408,774026,10824,782639,0,0,11207,799908,0.095142,8968,379617,0.045152,11584,1179525,0.140294,8407551
2,2021-02-15,33491,1590156,15039,789065,18452,801091,0,0,18516,804473,0.095685,14827,394444,0.046915,19392,1198917,0.1426,8407551
2,2021-02-16,56750,1646906,27740,816805,29010,830101,0,0,29786,808113,0.096118,26839,421283,0.050108,30479,1229396,0.146225,8407551
2,2021-02-17,62111,1709017,31871,848676,30240,860341,0,0,30725,808395,0.096151,31273,452556,0.053827,31555,1260951,0.149978,8407551
2,2021-02-18,66839,1775856,33653,882329,33186,893527,0,0,32432,807873,0.096089,34120,486676,0.057886,33598,1294549,0.153975,8407551
2,2021-02-19,60208,1836064,33233,915562,26975,920502,0,0,29802,808085,0.096114,30190,516866,0.061476,30402,1324951,0.157591,8407551
2,2021-02-20,38050,1874114,24649,940211,13401,933903,0,0,20620,812098,0.096592,17313,534179,0.063536,21326,1346277,0.160127,8407551
2,2021-02-21,21951,1896065,17708,957919,4243,938146,0,0,10835,812773,0.096672,11002,545181,0.064844,11677,1357954,0.161516,8407551
2,2021-02-22,39816,1935881,27150,985069,12666,950812,0,0,18852,811542,0.096525,20797,565978,0.067318,19566,1377520,0.163843,8407551
2,2021-02-23,54259,1990140,27683,1012752,26576,977388,0,0,23748,806996,0.095985,30215,596193,0.070912,25669,1403189,0.166896,8407551
2,2021-02-24,71616,2061756,36727,1049479,34889,1012277,0,0,32691,803431,0.095561,38674,634867,0.075512,35109,1438298,0.171072,8407551
2,2021-02-25,77722,2139478,36696,1086175,41026,1053303,0,0,39336,807554,0.096051,38090,672957,0.080042,42213,1480511,0.176093,8407551
2,2021-02-26,86373,2225851,37006,1123181,49367,1102670,0,0,46319,816374,0.0971,39717,712674,0.084766,48537,1529048,0.181866,8407551
2,2021-02-27,63159,2289010,29294,1152475,33856,1136526,9,9,34171,823174,0.097909,28731,741405,0.088183,35531,1564579,0.186092,8407551
2,2021-02-28,31159,2320169,18663,1171138,12495,1149021,1,10,18054,829121,0.098616,12967,754372,0.089726,18914,1583493,0.188342,8407551
2,2021-03-01,59460,2379629,30915,1202053,28463,1177484,82,92,32490,836321,0.099473,26618,780990,0.092891,33818,1617311,0.192364,8407551
2,2021-03-02,71233,2450862,34172,1236225,37045,1214529,16,108,39820,847339,0.100783,31203,812193,0.096603,42221,1659532,0.197386,8407551
2,2021-03-03,82241,2533103,39595,1275820,42625,1257154,21,129,46354,860727,0.102375,35640,847833,0.100842,49028,1708560,0.203217,8407551
2,2021-03-04,90051,2623154,44113,1319933,45904,1303058,34,163,51433,876278,0.104225,38334,886167,0.105401,53885,1762445,0.209626,8407551
2,2021-03-05,83776,2706930,39314,1359247,44134,1347192,328,491,50697,896900,0.106678,32810,918977,0.109304,53432,1815877,0.215982,8407551
2,2021-03-06,63836,2770766,31066,1390313,31035,1378227,1735,2226,38969,914317,0.10875,24715,943692,0.112243,42132,1858009,0.220993,8407551
2,2021-03-07,28972,2799738,16423,1406736,10998,1389225,1551,3777,18324,924743,0.10999,10577,954269,0.113501,21003,1879012,0.223491,8407551
2,2021-03-08,51414,2851152,23540,1430276,25285,1414510,2589,6366,32239,942156,0.112061,19051,973320,0.115767,36464,1915476,0.227828,8407551
2,2021-03-09,71380,2922532,32507,1462783,34987,1449497,3886,10252,39450,955063,0.113596,31772,1005092,0.119546,44679,1960155,0.233142,8407551
2,2021-03-10,79137,3001669,37335,1500118,35200,1484697,6602,16854,41771,967606,0.115088,37123,1042215,0.123962,49666,2009821,0.23905,8407551
2,2021-03-11,93844,3095513,43208,1543326,42207,1526904,8429,25283,48734,981352,0.116723,44773,1086988,0.129287,58519,2068340,0.24601,8407551
2,2021-03-12,94834,3190347,39137,1582463,43743,1570647,11954,37237,46948,993986,0.118225,47606,1134594,0.134949,60240,2128580,0.253175,8407551
2,2021-03-13,69638,3259985,29066,1611529,32519,1603166,8053,45290,38060,1009918,0.12012,31419,1166013,0.138686,47351,2175931,0.258807,8407551
2,2021-03-14,37240,3297225,18434,1629963,14279,1617445,4527,49817,18683,1015415,0.120774,18438,1184451,0.140879,23935,2199866,0.261654,8407551
2,2021-03-15,67971,3365196,30653,1660616,32276,1649721,5042,54859,37379,1028586,0.122341,30339,1214790,0.144488,43510,2243376,0.266829,8407551
2,2021-03-16,86830,3452026,38459,1699075,44323,1694044,4048,58907,52244,1051636,0.125082,34356,1249146,0.148574,57406,2300782,0.273657,8407551
2,2021-03-17,93505,3545531,44734,1743809,44555,1738599,4216,63123,59156,1081762,0.128666,34041,1283187,0.152623,64167,2364949,0.281289,8407551
2,2021-03-18,98894,3644425,47144,1790953,47059,1785658,4691,67814,59824,1108088,0.131797,38723,1321910,0.157229,65049,2429998,0.289026,8407551
2,2021-03-19,98095,3742520,46587,1837540,45394,1831052,6114,73928,57777,1132483,0.134698,39984,1361894,0.161985,64379,2494377,0.296683,8407551
2,2021-03-20,70330,3812850,33983,1871523,32329,1863381,4018,77946,45716,1158202,0.137757,24357,1386251,0.164882,50076,2544453,0.302639,8407551
2,2021-03-21,33927,3846777,21827,1893350,10081,1873462,2019,79965,20236,1167369,0.138848,13520,1399771,0.16649,22687,2567140,0.305337,8407551
2,2021-03-22,63367,3910144,34900,1928250,25840,1899302,2627,82592,41839,1191469,0.141714,21261,1421032,0.169019,45361,2612501,0.310733,8407551
2,2021-03-23,84506,3994650,44908,1973158,36660,1935962,2938,85530,52242,1215538,0.144577,31948,1452980,0.172818,56017,2668518,0.317395,8407551
2,2021-03-24,92669,4087319,49728,2022886,39730,1975692,3211,88741,53879,1235028,0.146895,38419,1491399,0.177388,57909,2726427,0.324283,8407551
2,2021-03-25,102327,4189646,51622,2074508,46761,2022453,3944,92685,57377,1252561,0.14898,44556,1535955,0.182688,62089,2788516,0.331668,8407551
2,2021-03-26,104581,4294227,52008,2126516,49056,2071509,3517,96202,56738,1266430,0.15063,47422,1583377,0.188328,61291,2849807,0.338958,8407551
2,2021-03-27,76283,4370510,38046,2164562,34899,2106408,3338,99540,37962,1270572,0.151123,38019,1621396,0.19285,42161,2891968,0.343973,8407551
2,2021-03-28,38144,4408654,23582,2188144,13744,2120152,818,100358,20261,1274782,0.151623,17725,1639121,0.194958,21935,2913903,0.346582,8407551
2,2021-03-29,72423,4481077,36795,2224939,33345,2153497,2283,102641,40775,1287442,0.153129,31401,1670522,0.198693,44061,2957964,0.351822,8407551
2,2021-03-30,93030,4574107,45581,2270520,43035,2196532,4414,107055,51816,1303323,0.155018,40977,1711499,0.203567,56858,3014822,0.358585,8407551
2,2021-03-31,102172,4676279,52659,2323179,44359,2240891,5154,112209,57686,1322412,0.157289,44134,1755633,0.208816,63223,3078045,0.366105,8407551
2,2021-04-01,118696,4794975,57229,2380408,52081,2292972,9386,121595,64217,1342409,0.159667,53994,1809627,0.215238,73991,3152036,0.374905,8407551
2,2021-04-02,112467,4907442,51958,2432366,50207,2343179,10302,131897,59900,1360931,0.16187,52121,1861748,0.221438,70643,3222679,0.383308,8407551
2,2021-04-03,77053,4984495,37765,2470131,29397,2372576,9891,141788,38004,1370373,0.162993,38813,1900561,0.226054,48255,3270934,0.389047,8407551
2,2021-04-04,29150,5013645,15011,2485142,10253,2382829,3886,145674,13014,1371274,0.1631,16011,1916572,0.227958,16912,3287846,0.391059,8407551
2,2021-04-05,79845,5093490,39058,2524200,31845,2414674,8942,154616,38264,1377838,0.163881,41373,1957945,0.232879,47937,3335783,0.39676,8407551
2,2021-04-06,104558,5198048,50845,2575045,38895,2453569,14818,169434,49269,1387338,0.165011,54977,2012922,0.239418,64477,3400260,0.404429,8407551
2,2021-04-07,111302,5309350,55457,2630502,39449,2493018,16396,185830,52107,1397182,0.166182,58875,2071797,0.246421,68719,3468979,0.412603,8407551
2,2021-04-08,120102,5429452,57712,2688214,43451,2536469,18939,204769,55552,1408014,0.16747,64150,2135947,0.254051,74982,3543961,0.421521,8407551
2,2021-04-09,119573,5549025,57567,2745781,43727,2580196,18279,223048,56284,1420495,0.168955,62877,2198824,0.26153,75358,3619319,0.430484,8407551
2,2021-04-10,87913,5636938,37861,2783642,31558,2611754,18494,241542,36202,1424386,0.169417,51419,2250243,0.267645,55310,3674629,0.437063,8407551
2,2021-04-11,44746,5681684,23212,2806854,13005,2624759,8529,250071,18309,1425649,0.169568,26274,2276517,0.270771,27537,3702166,0.440338,8407551
2,2021-04-12,80642,5762326,37530,2844384,33620,2658379,9492,259563,35817,1427408,0.169777,44529,2321046,0.276067,46288,3748454,0.445844,8407551
2,2021-04-13,102308,5864634,53102,2897486,48942,2707321,264,259827,55828,1438234,0.171065,46171,2367217,0.281558,56997,3805451,0.452623,8407551
2,2021-04-14,107354,5971988,56202,2953688,51089,2758410,63,259890,54578,1441890,0.171499,52430,2419647,0.287795,56086,3861537,0.459294,8407551
2,2021-04-15,113765,6085753,60365,3014053,53303,2811713,97,259987,59131,1448009,0.172227,54196,2473843,0.294241,60315,3921852,0.466468,8407551
2,2021-04-16,111362,6197115,57929,3071982,53372,2865085,61,260048,56361,1450673,0.172544,54615,2528458,0.300737,57279,3979131,0.473281,8407551
2,2021-04-17,83886,6281001,42694,3114676,41176,2906261,16,260064,46717,1461396,0.173819,36887,2565345,0.305124,47610,4026741,0.478943,8407551
2,2021-04-18,36102,6317103,21958,3136634,14132,2920393,12,260076,17014,1460480,0.173711,18939,2584284,0.307377,18023,4044764,0.481087,8407551
2,2021-04-19,75067,6392170,40349,3176983,34698,2955091,20,260096,33912,1454175,0.172961,40857,2625141,0.312236,34552,4079316,0.485197,8407551
2,2021-04-20,97747,6489917,49416,3226399,48299,3003390,32,260128,46965,1451523,0.172645,50402,2675543,0.318231,47750,4127066,0.490876,8407551
2,2021-04-21,104262,6594179,56423,3282822,47768,3051158,71,260199,48915,1446671,0.172068,54823,2730366,0.324752,49971,4177037,0.49682,8407551
2,2021-04-22,108765,6702944,56197,3339019,52539,3103697,29,260228,47421,1434152,0.170579,60853,2791219,0.33199,48334,4225371,0.502569,8407551
2,2021-04-23,108411,6811355,57790,3396809,50599,3154296,22,260250,49885,1426910,0.169718,58084,2849303,0.338898,50842,4276213,0.508616,8407551
2,2021-04-24,81253,6892608,47779,3444588,33430,3187726,44,260294,42210,1431448,0.170257,38664,2887967,0.343497,43202,4319415,0.513754,8407551
2,2021-04-25,36757,6929365,22647,3467235,14093,3201819,17,260311,19938,1435226,0.170707,16655,2904622,0.345478,20433,4339848,0.516185,8407551
2,2021-04-26,74590,7003955,41304,3508539,32967,3234786,319,260630,34173,1431070,0.170212,40116,2944738,0.350249,35960,4375808,0.520462,8407551
2,2021-04-27,88595,7092550,46710,3555249,40500,3275286,1385,262015,37892,1421323,0.169053,50284,2995022,0.35623,40537,4416345,0.525283,8407551
2,2021-04-28,88600,7181150,47310,3602559,39406,3314692,1884,263899,38911,1413730,0.16815,49310,3044332,0.362095,41717,4458062,0.530245,8407551
2,2021-04-29,91742,7272892,49882,3652441,40131,3354823,1729,265628,35518,1395796,0.166017,55794,3100126,0.368731,37860,4495922,0.534748,8407551
2,2021-04-30,95191,7368083,52583,3705024,40591,3395414,2017,267645,36839,1377463,0.163836,57849,3157975,0.375612,39516,4535438,0.539448,8407551
2,2021-05-01,63060,7431143,38379,3743403,23064,3418478,1617,269262,24567,1366391,0.16252,38128,3196103,0.380147,27056,4562494,0.542666,8407551
2,2021-05-02,29397,7460540,20477,3763880,7942,3426420,978,270240,11143,1360494,0.161818,18107,3214210,0.3823,12210,4574704,0.544118,8407551
2,2021-05-03,60880,7521420,36134,3800014,22667,3449087,2079,272319,20348,1342951,0.159732,40232,3254442,0.387086,22689,4597393,0.546817,8407551
2,2021-05-04,80319,7601739,47959,3847973,29947,3479034,2413,274732,25959,1317723,0.156731,53987,3308429,0.393507,28759,4626152,0.550238,8407551
2,2021-05-05,81013,7682752,48193,3896166,30459,3509493,2361,277093,25225,1290306,0.15347,55368,3363797,0.400092,27951,4654103,0.553562,8407551
2,2021-05-06,83461,7766213,50694,3946860,29836,3539329,2931,280024,25211,1261342,0.150025,57742,3421539,0.40696,28778,4682881,0.556985,8407551
2,2021-05-07,84259,7850472,48676,3995536,33151,3572480,2432,282456,25729,1231854,0.146518,58101,3479640,0.413871,28613,4711494,0.560388,8407551
2,2021-05-08,55966,7906438,33947,4029483,20288,3592768,1731,284187,17441,1213481,0.144332,38277,3517917,0.418424,19904,4731398,0.562756,8407551
2,2021-05-09,21967,7928405,15816,4045299,5400,3598168,751,284938,6317,1205232,0.143351,15549,3533466,0.420273,7300,4738698,0.563624,8407551
2,2021-05-10,50534,7978939,27550,4072849,21090,3619258,1894,286832,14161,1185801,0.14104,36088,3569554,0.424565,16657,4755355,0.565605,8407551
2,2021-05-11,66709,8045648,36156,4109005,28396,3647654,2157,288989,19988,1162252,0.138239,46387,3615941,0.430083,22838,4778193,0.568322,8407551
2,2021-05-12,65604,8111252,34936,4143941,28423,3676077,2245,291234,19241,1138126,0.13537,46028,3661969,0.435557,21902,4800095,0.570927,8407551
2,2021-05-13,71438,8182690,41470,4185411,28009,3704086,1959,293193,26057,1121820,0.13343,45063,3707032,0.440917,28757,4828852,0.574347,8407551
2,2021-05-14,80453,8263143,48207,4233618,29968,3734054,2278,295471,30800,1106279,0.131582,49269,3756301,0.446777,33728,4862580,0.578359,8407551
2,2021-05-15,66937,8330080,43958,4277576,21258,3755312,1721,297192,25898,1093550,0.130068,40758,3797059,0.451625,28029,4890609,0.581692,8407551
2,2021-05-16,31869,8361949,23851,4301427,7087,3762399,931,298123,12951,1088795,0.129502,18773,3815832,0.453858,14018,4904627,0.58336,8407551
2,2021-05-17,58387,8420336,36993,4338420,19428,3781827,1966,300089,22931,1078869,0.128321,35195,3851027,0.458044,25269,4929896,0.586365,8407551
2,2021-05-18,70597,8490933,41282,4379702,27339,3809166,1976,302065,27944,1066981,0.126907,42353,3893380,0.463081,30465,4960361,0.589989,8407551
2,2021-05-19,69455,8560388,41090,4420792,26291,3835457,2074,304139,27410,1055226,0.125509,41708,3935088,0.468042,29953,4990314,0.593551,8407551
2,2021-05-20,70181,8630569,40726,4461518,27256,3862713,2199,306338,26672,1041554,0.123883,43148,3978236,0.473174,29476,5019790,0.597057,8407551
2,2021-05-21,73708,8704277,43548,4505066,27977,3890690,2183,308521,27982,1026948,0.122146,45338,4023574,0.478567,30732,5050522,0.600713,8407551
2,2021-05-22,54029,8758306,34308,4539374,17945,3908635,1776,310297,22518,1020518,0.121381,31267,4054841,0.482286,24837,5075359,0.603667,8407551
2,2021-05-23,24532,8782838,16745,4556119,7063,3915698,724,311021,10285,1017561,0.121029,14110,4068951,0.483964,11153,5086512,0.604993,8407551
2,2021-05-24,45274,8828112,25742,4581861,17743,3933441,1789,312810,17346,1009360,0.120054,27680,4096631,0.487256,19479,5105991,0.60731,8407551
2,2021-05-25,51420,8879532,30136,4611997,19401,3952842,1883,314693,19541,999777,0.118914,31549,4128180,0.491009,21966,5127957,0.609923,8407551
2,2021-05-26,49160,8928692,27556,4639553,19898,3972740,1706,316399,19206,991438,0.117922,29593,4157773,0.494528,21254,5149211,0.612451,8407551
2,2021-05-27,47128,8975820,26737,4666290,18643,3991383,1748,318147,18774,984374,0.117082,28088,4185861,0.497869,21024,5170235,0.614951,8407551
2,2021-05-28,50721,9026541,28053,4694343,20675,4012058,1993,320140,21249,978858,0.116426,29196,4215057,0.501342,23680,5193915,0.617768,8407551
2,2021-05-29,29314,9055855,17556,4711899,10685,4022743,1073,321213,13319,977615,0.116278,15820,4230877,0.503223,14577,5208492,0.619502,8407551
2,2021-05-30,12730,9068585,8203,4720102,3757,4026500,770,321983,5542,976877,0.11619,7116,4237993,0.50407,6378,5214870,0.62026,8407551
2,2021-05-31,5964,9074549,3500,4723602,2158,4028658,306,322289,1860,975055,0.115974,4038,4242031,0.50455,2216,5217086,0.620524,8407551
2,2021-06-01,45309,9119858,26038,4749640,17594,4046252,1677,323966,15737,963626,0.114614,29215,4271246,0.508025,17786,5234872,0.622639,8407551
2,2021-06-02,38674,9158532,22765,4772405,14483,4060735,1426,325392,15128,957222,0.113853,23263,4294509,0.510792,16859,5251731,0.624645,8407551
2,2021-06-03,41949,9200481,27041,4799446,13421,4074156,1487,326879,14141,945684,0.11248,27555,4322064,0.514069,16017,5267748,0.62655,8407551
2,2021-06-04,48780,9249261,31882,4831328,15332,4089488,1566,328445,15768,930857,0.110717,32690,4354754,0.517957,17863,5285611,0.628674,8407551
2,2021-06-05,38261,9287522,27317,4858645,9468,4098956,1476,329921,11897,918545,0.109252,26112,4380866,0.521063,13800,5299411,0.630316,8407551
2,2021-06-06,14989,9302511,12294,4870939,2113,4101069,582,330503,4656,913714,0.108678,10266,4391132,0.522284,5435,5304846,0.630962,8407551
2,2021-06-07,33581,9336092,23511,4894450,8782,4109851,1288,331791,10989,903810,0.1075,22419,4413551,0.524951,12515,5317361,0.632451,8407551
2,2021-06-08,40784,9376876,28844,4923294,10563,4120414,1377,333168,12493,890032,0.105861,28032,4441583,0.528285,14254,5331615,0.634146,8407551
2,2021-06-09,38295,9415171,26744,4950038,10049,4130463,1502,334670,11569,876910,0.1043,26516,4468099,0.531439,13394,5345009,0.635739,8407551
2,2021-06-10,38056,9453227,26475,4976513,10044,4140507,1537,336207,11648,864371,0.102809,26206,4494305,0.534556,13667,5358676,0.637365,8407551
2,2021-06-11,41748,9494975,27737,5004250,12329,4152836,1682,337889,13368,851627,0.101293,28099,4522404,0.537898,15355,5374031,0.639191,8407551
2,2021-06-12,29813,9524788,21968,5026218,6924,4159760,921,338810,8730,840579,0.099979,20934,4543338,0.540388,9886,5383917,0.640367,8407551
2,2021-06-13,12282,9537070,8975,5035193,2684,4162444,623,339433,3121,835399,0.099363,9093,4552431,0.541469,3913,5387830,0.640832,8407551
2,2021-06-14,30252,9567322,21480,5056673,7552,4169996,1220,340653,10442,827640,0.09844,19625,4572056,0.543804,11866,5399696,0.642244,8407551
2,2021-06-15,36074,9603396,24056,5080729,9952,4179948,2066,342719,12128,818552,0.097359,23657,4595713,0.546617,14569,5414265,0.643976,8407551
2,2021-06-16,33448,9636844,23115,5103844,8520,4188468,1813,344532,11562,810544,0.096407,21700,4617413,0.549198,13692,5427957,0.645605,8407551
2,2021-06-17,31108,9667952,20773,5124617,8527,4196995,1808,346340,10990,803620,0.095583,19929,4637342,0.551569,13005,5440962,0.647152,8407551
2,2021-06-18,34854,9702806,22970,5147587,10000,4206995,1884,348224,12606,796340,0.094717,22024,4659366,0.554188,14744,5455706,0.648905,8407551
2,2021-06-19,21030,9723836,14655,5162242,5112,4212107,1263,349487,7927,792791,0.094295,12937,4672303,0.555727,9388,5465094,0.650022,8407551
2,2021-06-20,8318,9732154,5948,5168190,1904,4214011,466,349953,3070,791199,0.094106,5199,4677502,0.556345,3607,5468701,0.650451,8407551
2,2021-06-21,19389,9751543,11877,5180067,6184,4220195,1328,351281,9883,793211,0.094345,9381,4686883,0.557461,11393,5480094,0.651806,8407551
2,2021-06-22,26949,9778492,18455,5198522,7109,4227304,1385,352666,10520,789138,0.093861,16253,4703136,0.559394,12180,5492274,0.653255,8407551
2,2021-06-23,25985,9804477,17929,5216451,6423,4233727,1633,354299,10514,786262,0.093519,15319,4718455,0.561216,12443,5504717,0.654735,8407551
2,2021-06-24,25475,9829952,17346,5233797,6598,4240325,1531,355830,10461,783627,0.093205,14858,4733313,0.562984,12223,5516940,0.656189,8407551
2,2021-06-25,28919,9858871,19597,5253394,7819,4248144,1503,357333,12008,780634,0.092849,16745,4750058,0.564975,13752,5530692,0.657824,8407551
2,2021-06-26,18770,9877641,13823,5267217,4010,4252154,937,358270,7634,778419,0.092586,11042,4761100,0.566289,8827,5539519,0.658874,8407551
2,2021-06-27,8889,9886530,6788,5274005,1650,4253804,451,358721,3573,777310,0.092454,5257,4766357,0.566914,4148,5543667,0.659368,8407551
2,2021-06-28,20006,9906536,15198,5289203,3559,4257363,1249,359970,8825,776539,0.092362,11041,4777398,0.568227,10270,5553937,0.660589,8407551
2,2021-06-29,22971,9929507,16004,5305207,5885,4263248,1082,361052,9853,774734,0.092147,12975,4790373,0.56977,11170,5565107,0.661918,8407551
2,2021-06-30,22250,9951757,15784,5320991,5432,4268680,1034,362086,9956,773814,0.092038,12139,4802512,0.571214,11219,5576326,0.663252,8407551
2,2021-07-01,20169,9971926,14258,5335249,5011,4273691,900,362986,8975,772840,0.091922,11053,4813565,0.572529,10079,5586405,0.664451,8407551
2,2021-07-02,23192,9995118,16007,5351256,6153,4279844,1032,364018,10280,771615,0.091776,12741,4826306,0.574044,11516,5597921,0.665821,8407551
2,2021-07-03,12683,10007801,9143,5360399,3062,4282906,478,364496,5812,771256,0.091734,6772,4833078,0.57485,6413,5604334,0.666583,8407551
2,2021-07-04,1020,10008821,599,5360998,354,4283260,67,364563,437,771212,0.091728,571,4833649,0.574918,527,5604861,0.666646,8407551
2,2021-07-05,11177,10019998,8185,5369183,2582,4285842,410,364973,5139,770929,0.091695,5961,4839610,0.575627,5678,5610539,0.667321,8407551
2,2021-07-06,24052,10044050,17465,5386648,5571,4291413,1016,365989,9295,766924,0.091218,14588,4854198,0.577362,10583,5621122,0.66858,8407551
2,2021-07-07,20739,10064789,14787,5401435,4841,4296254,1111,367100,8785,765276,0.091022,11805,4866003,0.578766,10157,5631279,0.669788,8407551
2,2021-07-08,19308,10084097,13449,5414884,4805,4301059,1054,368154,8099,763538,0.090816,11096,4877099,0.580086,9358,5640637,0.670901,8407551
2,2021-07-09,22742,10106839,15764,5430648,5707,4306766,1271,369425,9657,761723,0.0906,12942,4890041,0.581625,11127,5651764,0.672225,8407551
2,2021-07-10,14437,10121276,10656,5441304,3092,4309858,689,370114,6382,760991,0.090513,7958,4897999,0.582571,7226,5658990,0.673084,8407551
2,2021-07-11,6588,10127864,4844,5446148,1394,4311252,350,370464,3104,761077,0.090523,3438,4901437,0.58298,3524,5662514,0.673503,8407551
2,2021-07-12,18308,10146172,13457,5459605,3974,4315226,877,371341,7884,759740,0.090364,10300,4911737,0.584205,8963,5671477,0.674569,8407551
2,2021-07-13,19658,10165830,13880,5473485,4891,4320117,887,372228,8816,758949,0.09027,10691,4922428,0.585477,9900,5681377,0.675747,8407551
2,2021-07-14,18831,10184661,13461,5486946,4582,4324699,788,373016,8446,758143,0.090174,10252,4932680,0.586696,9446,5690823,0.67687,8407551
2,2021-07-15,18964,10203625,13745,5500691,4511,4329210,708,373724,8635,757491,0.090097,10211,4942891,0.587911,9559,5700382,0.678007,8407551
2,2021-07-16,22995,10226620,16550,5517241,5609,4334819,836,374560,11020,757715,0.090123,11839,4954730,0.589319,12063,5712445,0.679442,8407551
2,2021-07-17,14446,10241066,10528,5527769,3384,4338203,534,375094,6984,758003,0.090157,7367,4962097,0.590195,7655,5720100,0.680353,8407551
2,2021-07-18,7018,10248084,5245,5533014,1444,4339647,329,375423,3543,758515,0.090218,3431,4965528,0.590603,3943,5724043,0.680822,8407551
2,2021-07-19,18481,10266565,13770,5546784,3960,4343607,751,376174,9171,759426,0.090327,9190,4974718,0.591696,10101,5734144,0.682023,8407551
2,2021-07-20,21062,10287627,15000,5561784,5213,4348820,849,377023,10700,760972,0.090511,10223,4984941,0.592912,11769,5745913,0.683423,8407551
2,2021-07-21,20543,10308170,14960,5576744,4808,4353628,775,377798,10657,762846,0.090733,9755,4994696,0.594073,11629,5757542,0.684806,8407551
2,2021-07-22,20459,10328629,14608,5591352,4980,4358608,871,378669,10926,765431,0.091041,9384,5004080,0.595189,11969,5769511,0.68623,8407551
2,2021-07-23,24630,10353259,17259,5608611,6306,4364914,1065,379734,13408,769040,0.09147,11062,5015142,0.596504,14671,5784182,0.687975,8407551
2,2021-07-24,14912,10368171,10745,5619356,3664,4368578,503,380237,8323,771504,0.091763,6476,5021618,0.597275,8940,5793122,0.689038,8407551
2,2021-07-25,6740,10374911,4967,5624323,1630,4370208,143,380380,4980,774955,0.092174,1712,5023330,0.597478,5163,5798285,0.689652,8407551
2,2021-07-26,19251,10394162,13602,5637925,4861,4375069,788,381168,12194,781145,0.09291,6918,5030248,0.598301,13108,5811393,0.691211,8407551
2,2021-07-27,23058,10417220,16701,5654626,5489,4380558,868,382036,13495,786265,0.093519,9393,5039641,0.599418,14513,5825906,0.692937,8407551
2,2021-07-28,22794,10440014,16309,5670935,5581,4386139,904,382940,13496,791727,0.094169,9125,5048766,0.600504,14587,5840493,0.694672,8407551
2,2021-07-29,21555,10461569,15465,5686400,5176,4391315,914,383854,13028,797442,0.094848,8380,5057146,0.6015,14095,5854588,0.696349,8407551
2,2021-07-30,26386,10487955,18794,5705194,6626,4397941,966,384820,15806,804037,0.095633,10379,5067525,0.602735,16974,5871562,0.698368,8407551
2,2021-07-31,15844,10503799,11677,5716871,3657,4401598,510,385330,9604,808176,0.096125,6112,5073637,0.603462,10251,5881813,0.699587,8407551
2,2021-08-01,8101,10511900,6232,5723103,1697,4403295,172,385502,5308,810998,0.096461,2723,5076360,0.603786,5545,5887358,0.700246,8407551
2,2021-08-02,21433,10533333,16104,5739207,4556,4407851,773,386275,13590,817775,0.097267,7701,5084061,0.604702,14478,5901836,0.701969,8407551
2,2021-08-03,24216,10557549,17661,5756868,5527,4413378,1028,387303,15053,824975,0.098123,9011,5093072,0.605774,16211,5918047,0.703897,8407551
2,2021-08-04,22891,10580440,16947,5773815,5050,4418428,894,388197,14228,831684,0.098921,8510,5101582,0.606786,15219,5933266,0.705707,8407551
2,2021-08-05,23296,10603736,17078,5790893,5262,4423690,956,389153,14428,838485,0.09973,8696,5110278,0.60782,15497,5948763,0.70755,8407551
2,2021-08-06,27876,10631612,20437,5811330,6443,4430133,996,390149,17001,845920,0.100614,10689,5120967,0.609091,18124,5966887,0.709706,8407551
2,2021-08-07,17020,10648632,12651,5823981,3757,4433890,612,390761,10449,850605,0.101172,6457,5127424,0.609859,11142,5978029,0.711031,8407551
2,2021-08-08,9388,10658020,7107,5831088,2052,4435942,229,390990,5864,853304,0.101493,3438,5130862,0.610268,6137,5984166,0.711761,8407551
2,2021-08-09,23477,10681497,17999,5849087,4705,4440647,773,391763,14212,859321,0.102208,9099,5139961,0.611351,15116,5999282,0.713559,8407551
2,2021-08-10,24657,10706154,18167,5867254,5626,4446273,864,392627,14507,864865,0.102868,9966,5149927,0.612536,15510,6014792,0.715404,8407551
2,2021-08-11,22231,10728385,16597,5883851,4716,4450989,918,393545,12920,869672,0.103439,9129,5159056,0.613622,13936,6028728,0.717061,8407551
2,2021-08-12,23969,10752354,17108,5900959,5765,4456754,1096,394641,13967,875050,0.104079,9788,5168844,0.614786,15166,6043894,0.718865,8407551
2,2021-08-13,30149,10782503,21808,5922767,7281,4464035,1060,395701,17439,881339,0.104827,12345,5181189,0.616254,18634,6062528,0.721081,8407551
2,2021-08-14,18994,10801497,14011,5936778,4458,4468493,525,396226,10710,885024,0.105265,7692,5188881,0.617169,11377,6073905,0.722435,8407551
2,2021-08-15,9855,10811352,7402,5944180,2258,4470751,195,396421,5423,886715,0.105467,3999,5192880,0.617645,5690,6079595,0.723111,8407551
2,2021-08-16,24932,10836284,17645,5961825,6439,4477190,848,397269,13009,890056,0.105864,10671,5203551,0.618914,14012,6093607,0.724778,8407551
2,2021-08-17,26129,10862413,18500,5980325,6685,4483875,944,398213,12962,892395,0.106142,11701,5215252,0.620306,14040,6107647,0.726448,8407551
2,2021-08-18,26441,10888854,18782,5999107,6750,4490625,909,399122,12946,894650,0.10641,11749,5227001,0.621703,14004,6121651,0.728113,8407551
2,2021-08-19,26265,10915119,18165,6017272,7070,4497695,1030,400152,13059,897511,0.106751,11359,5238360,0.623054,14220,6135871,0.729805,8407551
2,2021-08-20,32645,10947764,22926,6040198,8664,4506359,1055,401207,15350,899198,0.106951,14869,5253229,0.624823,16556,6152427,0.731774,8407551
2,2021-08-21,19162,10966926,14136,6054334,4469,4510828,557,401764,9133,900092,0.107058,8932,5262161,0.625885,9826,6162253,0.732943,8407551
2,2021-08-22,10740,10977666,7944,6062278,2582,4513410,214,401978,5301,900826,0.107145,4859,5267020,0.626463,5593,6167846,0.733608,8407551
2,2021-08-23,26920,11004586,19694,6081972,6496,4519906,730,402708,12623,901943,0.107278,12485,5279505,0.627948,13602,6181448,0.735226,8407551
2,2021-08-24,27523,11032109,20484,6102456,6161,4526067,878,403586,12189,901779,0.107258,13448,5292953,0.629548,13284,6194732,0.736806,8407551
2,2021-08-25,26462,11058571,20066,6122522,5655,4531722,741,404327,12070,902183,0.107306,12621,5305574,0.631049,13025,6207757,0.738355,8407551
2,2021-08-26,26535,11085106,19780,6142302,5931,4537653,824,405151,11867,902328,0.107324,12744,5318318,0.632564,12889,6220646,0.739888,8407551
2,2021-08-27,32622,11117728,24224,6166526,7487,4545140,911,406062,13579,900653,0.107124,16450,5334768,0.634521,14775,6235421,0.741645,8407551
2,2021-08-28,19202,11136930,14663,6181189,4170,4549310,369,406431,8151,899514,0.106989,9846,5344614,0.635692,8707,6244128,0.742681,8407551
2,2021-08-29,11153,11148083,8525,6189714,2476,4551786,152,406583,4812,898900,0.106916,5703,5350317,0.63637,5089,6249217,0.743286,8407551
2,2021-08-30,25881,11173964,19304,6209018,5895,4557681,682,407265,10595,897174,0.106711,13266,5363583,0.637948,11540,6260757,0.744659,8407551
2,2021-08-31,25497,11199461,18577,6227595,6213,4563894,707,407972,10305,895429,0.106503,13001,5376584,0.639495,11256,6272013,0.745998,8407551
2,2021-09-01,24797,11224258,18071,6245666,6018,4569912,708,408680,10715,895245,0.106481,11836,5388420,0.640902,11652,6283665,0.747384,8407551
2,2021-09-02,23956,11248214,17205,6262871,6090,4576002,661,409341,9777,894024,0.106336,11846,5400266,0.642311,10625,6294290,0.748647,8407551
2,2021-09-03,30397,11278611,22080,6284951,7587,4583589,730,410071,11663,890784,0.10595,15859,5416125,0.644198,12619,6306909,0.750148,8407551
2,2021-09-04,16596,11295207,12592,6297543,3746,4587335,258,410329,6717,889094,0.105749,8826,5424951,0.645247,7136,6314045,0.750997,8407551
2,2021-09-05,9775,11304982,7337,6304880,2373,4589708,65,410394,4469,888964,0.105734,4752,5429703,0.645813,4622,6318667,0.751547,8407551
2,2021-09-06,5043,11310025,3426,6308306,1579,4591287,38,410432,2107,888496,0.105678,2663,5432366,0.646129,2195,6320862,0.751808,8407551
2,2021-09-07,24565,11334590,18194,6326500,5673,4596960,698,411130,8214,883087,0.105035,14575,5446941,0.647863,9166,6330028,0.752898,8407551
2,2021-09-08,22673,11357263,16613,6343113,5455,4602415,605,411735,8994,880984,0.104785,11910,5458851,0.64928,9807,6339835,0.754064,8407551
2,2021-09-09,22423,11379686,15855,6358968,5875,4608290,693,412428,8668,878635,0.104505,11892,5470743,0.650694,9543,6349378,0.755199,8407551
2,2021-09-10,26635,11406321,18985,6377953,6959,4615249,691,413119,9952,874877,0.104058,14602,5485345,0.652431,10844,6360222,0.756489,8407551
2,2021-09-11,6416,11412737,4910,6382863,1230,4616479,276,413395,2252,873692,0.103918,3839,5489184,0.652887,2654,6362876,0.756805,8407551
3,2020-12-15,340,340,340,340,0,0,0,0,340,340,4.2e-05,0,0,0.0,340,340,4.2e-05,8129050
3,2020-12-16,2552,2892,2552,2892,0,0,0,0,2552,2892,0.000356,0,0,0.0,2552,2892,0.000356,8129050
3,2020-12-17,7983,10875,7983,10875,0,0,0,0,7984,10876,0.001338,0,0,0.0,7984,10876,0.001338,8129050
3,2020-12-18,13625,24500,13604,24479,21,21,0,0,13622,24498,0.003014,0,0,0.0,13622,24498,0.003014,8129050
3,2020-12-19,7301,31801,7289,31768,12,33,0,0,7353,31849,0.003918,2,2,0.0,7353,31851,0.003918,8129050
3,2020-12-20,5711,37512,5696,37464,15,48,0,0,5759,37607,0.004626,1,3,0.0,5759,37610,0.004627,8129050
3,2020-12-21,14540,52052,14511,51975,29,77,0,0,14601,52207,0.006422,1,4,0.0,14601,52211,0.006423,8129050
3,2020-12-22,15048,67100,14431,66406,617,694,0,0,15082,67284,0.008277,5,9,1e-06,15082,67293,0.008278,8129050
3,2020-12-23,15082,82182,12409,78815,2673,3367,0,0,15102,82385,0.010135,2,11,1e-06,15103,82396,0.010136,8129050
3,2020-12-24,6893,89075,4923,83738,1970,5337,0,0,6889,89271,0.010982,3,14,2e-06,6889,89285,0.010983,8129050
3,2020-12-25,748,89823,687,84425,61,5398,0,0,743,90012,0.011073,2,16,2e-06,743,90028,0.011075,8129050
3,2020-12-26,4638,94461,3009,87434,1629,7027,0,0,4636,94648,0.011643,0,16,2e-06,4636,94664,0.011645,8129050
3,2020-12-27,3043,97504,1874,89308,1169,8196,0,0,3042,97690,0.012017,0,16,2e-06,3042,97706,0.012019,8129050
3,2020-12-28,13878,111382,8880,98188,4998,13194,0,0,13891,111572,0.013725,9,25,3e-06,13891,111597,0.013728,8129050
3,2020-12-29,15533,126915,8803,106991,6730,19924,0,0,15557,127126,0.015638,3,28,3e-06,15557,127154,0.015642,8129050
3,2020-12-30,18474,145389,10377,117368,8097,28021,0,0,18479,145603,0.017911,3,31,4e-06,18480,145634,0.017915,8129050
3,2020-12-31,8568,153957,3265,120633,5303,33324,0,0,8568,154169,0.018965,2,33,4e-06,8568,154202,0.018969,8129050
3,2021-01-01,1960,155917,941,121574,1019,34343,0,0,1953,156120,0.019205,2,35,4e-06,1953,156155,0.01921,8129050
3,2021-01-02,5027,160944,2478,124052,2549,36892,0,0,5024,161143,0.019823,1,36,4e-06,5024,161179,0.019828,8129050
3,2021-01-03,1648,162592,868,124920,780,37672,0,0,1639,162780,0.020024,2,38,5e-06,1639,162818,0.020029,8129050
3,2021-01-04,12220,174812,6070,130990,6150,43822,0,0,12188,174959,0.021523,9,47,6e-06,12188,175006,0.021528,8129050
3,2021-01-05,15999,190811,8311,139301,7688,51510,0,0,14279,187572,0.023074,1700,1747,0.000215,14313,189319,0.023289,8129050
3,2021-01-06,20834,211645,11052,150353,9782,61292,0,0,16154,199103,0.024493,4634,6381,0.000785,16165,205484,0.025278,8129050
3,2021-01-07,26920,238565,15393,165746,11527,72819,0,0,17309,206858,0.025447,9575,15956,0.001963,17330,222814,0.02741,8129050
3,2021-01-08,30974,269539,18898,184644,12076,84895,0,0,18287,212513,0.026142,12662,28618,0.00352,18317,241131,0.029663,8129050
3,2021-01-09,12640,282179,7135,191779,5505,90400,0,0,8045,215983,0.026569,4587,33205,0.004085,8057,249188,0.030654,8129050
3,2021-01-10,7291,289470,4522,196301,2769,93169,0,0,4094,216890,0.026681,3194,36399,0.004478,4101,253289,0.031158,8129050
3,2021-01-11,29551,319021,19330,215631,10221,103390,0,0,16714,220834,0.027166,12822,49221,0.006055,16766,270055,0.033221,8129050
3,2021-01-12,33134,352155,19699,235330,13435,116825,0,0,20308,228491,0.028108,12804,62025,0.00763,20461,290516,0.035738,8129050
3,2021-01-13,35115,387270,18334,253664,16781,133606,0,0,24692,242794,0.029867,10416,72441,0.008911,24719,315235,0.038779,8129050
3,2021-01-14,35127,422397,14364,268028,20763,154369,0,0,29131,266050,0.032728,5918,78359,0.009639,29174,344409,0.042368,8129050
3,2021-01-15,39483,461880,14687,282715,24796,179165,0,0,34717,296105,0.036426,4742,83101,0.010223,34797,379206,0.046648,8129050
3,2021-01-16,22081,483961,7521,290236,14560,193725,0,0,19690,313440,0.038558,2379,85480,0.010515,19714,398920,0.049073,8129050
3,2021-01-17,13239,497200,4507,294743,8732,202457,0,0,12138,324496,0.039918,1101,86581,0.010651,12157,411077,0.050569,8129050
3,2021-01-18,25011,522211,13065,307808,11946,214403,0,0,19285,338092,0.041591,5740,92321,0.011357,19336,430413,0.052948,8129050
3,2021-01-19,41639,563850,21230,329038,20409,234812,0,0,32182,360937,0.044401,9429,101750,0.012517,32274,462687,0.056918,8129050
3,2021-01-20,46665,610515,23252,352290,23413,258225,0,0,36852,388111,0.047744,9769,111519,0.013719,36943,499630,0.061462,8129050
3,2021-01-21,48686,659201,21160,373450,27526,285751,0,0,42996,425590,0.052354,5606,117125,0.014408,43085,542715,0.066762,8129050
3,2021-01-22,50304,709505,20054,393504,30250,316001,0,0,45954,467273,0.057482,4346,121471,0.014943,46029,588744,0.072425,8129050
3,2021-01-23,30705,740210,12909,406413,17796,333797,0,0,27364,491371,0.060446,3329,124800,0.015352,27427,616171,0.075799,8129050
3,2021-01-24,18098,758308,8552,414965,9546,343343,0,0,16896,507102,0.062381,1198,125998,0.0155,16929,633100,0.077881,8129050
3,2021-01-25,41389,799697,18446,433411,22943,366286,0,0,31185,528203,0.064977,10180,136178,0.016752,31281,664381,0.081729,8129050
3,2021-01-26,47865,847562,22875,456286,24990,391276,0,0,37460,555390,0.068322,10389,146567,0.01803,37576,701957,0.086352,8129050
3,2021-01-27,52157,899719,24841,481127,27316,418592,0,0,41252,585897,0.072074,10834,157401,0.019363,41341,743298,0.091437,8129050
3,2021-01-28,52774,952493,24463,505590,28311,446903,0,0,43590,620459,0.076326,9092,166493,0.020481,43654,786952,0.096807,8129050
3,2021-01-29,51736,1004229,24739,530329,26997,473900,0,0,41761,652495,0.080267,9782,176275,0.021685,41818,828770,0.101952,8129050
3,2021-01-30,37904,1042133,17854,548183,20050,493950,0,0,33109,680962,0.083769,4740,181015,0.022268,33207,861977,0.106037,8129050
3,2021-01-31,22989,1065122,12949,561132,10040,503990,0,0,21531,701084,0.086244,1438,182453,0.022445,21560,883537,0.108689,8129050
3,2021-02-01,46756,1111878,21381,582513,25375,529365,0,0,35575,725593,0.089259,11113,193566,0.023812,35622,919159,0.113071,8129050
3,2021-02-02,55191,1167069,23031,605544,32160,561525,0,0,42464,755487,0.092937,12625,206191,0.025365,42519,961678,0.118301,8129050
3,2021-02-03,60692,1227761,26985,632529,33707,595232,0,0,45036,785104,0.09658,15497,221688,0.027271,45114,1006792,0.123851,8129050
3,2021-02-04,65107,1292868,28164,660693,36943,632175,0,0,47557,815453,0.100313,17339,239027,0.029404,47688,1054480,0.129717,8129050
3,2021-02-05,71408,1364276,30076,690769,41332,673507,0,0,49161,842846,0.103683,21984,261011,0.032108,49377,1103857,0.135792,8129050
3,2021-02-06,44129,1408405,21109,711878,23020,696527,0,0,34301,867569,0.106725,9776,270787,0.033311,34499,1138356,0.140036,8129050
3,2021-02-07,19961,1428366,12720,724598,7241,703768,0,0,15328,878412,0.108058,4615,275402,0.033879,15458,1153814,0.141937,8129050
3,2021-02-08,52064,1480430,25113,749711,26951,730719,0,0,33993,894674,0.110059,17930,293332,0.036084,34192,1188006,0.146143,8129050
3,2021-02-09,59395,1539825,28782,778493,30613,761332,0,0,34621,905087,0.11134,24571,317903,0.039107,34984,1222990,0.150447,8129050
3,2021-02-10,69080,1608905,32113,810606,36967,798299,0,0,36849,910534,0.11201,31928,349831,0.043035,37375,1260365,0.155045,8129050
3,2021-02-11,71595,1680500,35184,845790,36411,834710,0,0,37882,915663,0.112641,33312,383143,0.047133,38441,1298806,0.159773,8129050
3,2021-02-12,76503,1757003,32934,878724,43569,878279,0,0,42049,924389,0.113714,34104,417247,0.051328,42830,1341636,0.165042,8129050
3,2021-02-13,45570,1802573,20637,899361,24933,903212,0,0,26043,931625,0.114604,19405,436652,0.053715,26641,1368277,0.168319,8129050
3,2021-02-14,27666,1830239,13809,913170,13857,917069,0,0,15310,935122,0.115035,12286,448938,0.055226,15783,1384060,0.170261,8129050
3,2021-02-15,40652,1870891,17517,930687,23135,940204,0,0,22381,940308,0.115673,18154,467092,0.05746,23340,1407400,0.173132,8129050
3,2021-02-16,71117,1942008,33640,964327,37477,977681,0,0,36735,943890,0.116113,34210,501302,0.061668,37792,1445192,0.177781,8129050
3,2021-02-17,72931,2014939,36814,1001141,36117,1013798,0,0,34376,941066,0.115766,38280,539582,0.066377,35456,1480648,0.182143,8129050
3,2021-02-18,78001,2092940,40724,1041865,37277,1051075,0,0,35895,936437,0.115196,41888,581470,0.07153,37259,1517907,0.186726,8129050
3,2021-02-19,70092,2163032,40353,1082218,29739,1080814,0,0,35269,937760,0.115359,34635,616105,0.075791,35958,1553865,0.19115,8129050
3,2021-02-20,43656,2206688,27527,1109745,16129,1096943,0,0,22674,940126,0.11565,20851,636956,0.078356,23217,1577082,0.194006,8129050
3,2021-02-21,24614,2231302,19766,1129511,4848,1101791,0,0,11798,939648,0.115591,12704,649660,0.079918,12226,1589308,0.19551,8129050
3,2021-02-22,48037,2279339,31255,1160766,16782,1118573,0,0,22420,937117,0.11528,25460,675120,0.08305,22929,1612237,0.19833,8129050
3,2021-02-23,64337,2343676,34900,1195666,29437,1148010,0,0,27946,930954,0.114522,36133,711253,0.087495,29970,1642207,0.202017,8129050
3,2021-02-24,80526,2424202,39593,1235259,40933,1188943,0,0,35346,923961,0.113662,44896,756149,0.093018,37903,1680110,0.20668,8129050
3,2021-02-25,90241,2514443,43936,1279195,46305,1235248,0,0,44744,926178,0.113934,45163,801312,0.098574,47380,1727490,0.212508,8129050
3,2021-02-26,101391,2615834,46288,1325483,55103,1290351,0,0,53344,934164,0.114917,47602,848914,0.10443,55588,1783078,0.219346,8129050
3,2021-02-27,71796,2687630,32995,1358478,38796,1329147,5,5,37611,939192,0.115535,33929,882843,0.108603,38957,1822035,0.224139,8129050
3,2021-02-28,41928,2729558,24244,1382722,17679,1346826,5,10,21168,940797,0.115733,20549,903392,0.111131,22154,1844189,0.226864,8129050
3,2021-03-01,71126,2800684,37664,1420386,33398,1380224,64,74,39479,950366,0.11691,31362,934754,0.114989,40931,1885120,0.231899,8129050
3,2021-03-02,82519,2883203,40659,1461045,41844,1422068,16,90,47497,965192,0.118734,34832,969586,0.119274,49658,1934778,0.238008,8129050
3,2021-03-03,92523,2975726,44283,1505328,48199,1470267,41,131,51577,978451,0.120365,40680,1010266,0.124278,53939,1988717,0.244643,8129050
3,2021-03-04,96934,3072660,47423,1552751,49484,1519751,27,158,54722,993590,0.122227,41936,1052202,0.129437,57075,2045792,0.251664,8129050
3,2021-03-05,93411,3166071,45607,1598358,47495,1567246,309,467,56283,1015641,0.12494,36814,1089016,0.133966,58865,2104657,0.258906,8129050
3,2021-03-06,66694,3232765,33789,1632147,30732,1597978,2173,2640,37931,1028616,0.126536,28586,1117602,0.137482,41561,2146218,0.264018,8129050
3,2021-03-07,39692,3272457,22858,1655005,14905,1612883,1929,4569,22324,1036739,0.127535,17284,1134886,0.139609,25407,2171625,0.267144,8129050
3,2021-03-08,60984,3333441,29013,1684018,28928,1641811,3043,7612,38509,1057512,0.13009,22294,1157180,0.142351,43067,2214692,0.272442,8129050
3,2021-03-09,78268,3411709,36120,1720138,37642,1679453,4506,12118,41985,1069023,0.131507,36097,1193277,0.146792,47608,2262300,0.278298,8129050
3,2021-03-10,84416,3496125,41956,1762094,36274,1715727,6186,18304,44012,1080420,0.132909,40152,1233429,0.151731,51549,2313849,0.28464,8129050
3,2021-03-11,98591,3594716,48242,1810336,41634,1757361,8715,27019,48163,1088192,0.133865,50122,1283551,0.157897,57894,2371743,0.291761,8129050
3,2021-03-12,103457,3698173,46223,1856559,45282,1802643,11952,38971,47131,1092256,0.134365,56037,1339588,0.16479,60101,2431844,0.299155,8129050
3,2021-03-13,71315,3769488,30044,1886603,33961,1836604,7310,46281,37533,1104774,0.135904,33614,1373202,0.168925,46132,2477976,0.30483,8129050
3,2021-03-14,41694,3811182,21770,1908373,16340,1852944,3584,49865,20996,1109363,0.136469,20599,1393801,0.171459,25188,2503164,0.307928,8129050
3,2021-03-15,76561,3887743,36313,1944686,35647,1888591,4601,54466,40272,1119164,0.137675,36025,1429826,0.175891,45826,2548990,0.313566,8129050
3,2021-03-16,96033,3983776,44269,1988955,47383,1935974,4381,58847,53846,1136364,0.139791,41899,1471725,0.181045,59099,2608089,0.320836,8129050
3,2021-03-17,99474,4083250,48296,2037251,46573,1982547,4605,63452,60239,1162863,0.14305,38965,1510690,0.185838,65464,2673553,0.328889,8129050
3,2021-03-18,104751,4188001,53219,2090470,46932,2029479,4600,68052,59854,1183258,0.145559,44570,1555260,0.191321,64965,2738518,0.33688,8129050
3,2021-03-19,104539,4292540,56201,2146671,43836,2073315,4502,72554,58093,1200229,0.147647,46129,1601389,0.196996,63100,2801618,0.344643,8129050
3,2021-03-20,72714,4365254,37455,2184126,31514,2104829,3745,76299,44599,1221150,0.150221,27879,1629268,0.200425,48800,2850418,0.350646,8129050
3,2021-03-21,36720,4401974,24919,2209045,10268,2115097,1533,77832,22018,1230611,0.151384,14566,1643834,0.202217,24027,2874445,0.353602,8129050
3,2021-03-22,71274,4473248,41872,2250917,26841,2141938,2561,80393,45157,1253492,0.154199,25836,1669670,0.205395,48717,2923162,0.359595,8129050
3,2021-03-23,90922,4564170,50309,2301226,38021,2179959,2592,82985,55206,1276576,0.157039,35411,1705081,0.209752,58495,2981657,0.36679,8129050
3,2021-03-24,99978,4664148,57547,2358773,39457,2219416,2974,85959,56351,1293285,0.159094,43213,1748294,0.215067,59922,3041579,0.374162,8129050
3,2021-03-25,108726,4772874,60399,2419172,45255,2264671,3072,89031,60636,1309930,0.161142,47690,1795984,0.220934,64335,3105914,0.382076,8129050
3,2021-03-26,112114,4884988,60180,2479352,48529,2313200,3405,92436,57197,1316847,0.161993,54517,1850501,0.22764,61434,3167348,0.389633,8129050
3,2021-03-27,75451,4960439,38387,2517739,34485,2347685,2579,95015,36227,1317355,0.162055,38957,1889458,0.232433,39465,3206813,0.394488,8129050
3,2021-03-28,44887,5005326,28299,2546038,15764,2363449,824,95839,22455,1318993,0.162257,22292,1911750,0.235175,23930,3230743,0.397432,8129050
3,2021-03-29,81881,5087207,42780,2588818,37229,2400678,1872,97711,44335,1328796,0.163463,37260,1949010,0.239759,47063,3277806,0.403221,8129050
3,2021-03-30,101596,5188803,49927,2638745,47940,2448618,3729,101440,56357,1344537,0.165399,44932,1993942,0.245286,60673,3338479,0.410685,8129050
3,2021-03-31,106272,5295075,57314,2696059,44053,2492671,4905,106345,56323,1356438,0.166863,49648,2043590,0.251393,61549,3400028,0.418256,8129050
3,2021-04-01,125306,5420381,63347,2759406,52066,2544737,9893,116238,67035,1375805,0.169245,57767,2101357,0.2585,77134,3477162,0.427745,8129050
3,2021-04-02,119249,5539630,58260,2817666,50502,2595239,10487,126725,62398,1392563,0.171307,56503,2157860,0.26545,73261,3550423,0.436757,8129050
3,2021-04-03,76702,5616332,39245,2856911,28141,2623380,9316,136041,38034,1401691,0.17243,38480,2196340,0.270184,47608,3598031,0.442614,8129050
3,2021-04-04,32670,5649002,17471,2874382,10944,2634324,4255,140296,14204,1401754,0.172438,18371,2214711,0.272444,18434,3616465,0.444882,8129050
3,2021-04-05,90668,5739670,46006,2920388,35283,2669607,9379,149675,43769,1409026,0.173332,46635,2261346,0.278181,53907,3670372,0.451513,8129050
3,2021-04-06,114636,5854306,55802,2976190,43489,2713096,15345,165020,53638,1417950,0.17443,60683,2322029,0.285646,69607,3739979,0.460076,8129050
3,2021-04-07,117400,5971706,60751,3036941,40226,2753322,16423,181443,56400,1430308,0.17595,60688,2382717,0.293111,73046,3813025,0.469062,8129050
3,2021-04-08,122424,6094130,60952,3097893,41135,2794457,20337,201780,56592,1442427,0.177441,65484,2448201,0.301167,77603,3890628,0.478608,8129050
3,2021-04-09,119783,6213913,59739,3157632,40687,2835144,19357,221137,52311,1447700,0.17809,67176,2515377,0.309431,72449,3963077,0.48752,8129050
3,2021-04-10,85205,6299118,38256,3195888,31503,2866647,15446,236583,34625,1448153,0.178145,50351,2565728,0.315625,50804,4013881,0.49377,8129050
3,2021-04-11,45655,6344773,24418,3220306,13115,2879762,8122,244705,17299,1446112,0.177894,28244,2593972,0.319099,26203,4040084,0.496993,8129050
3,2021-04-12,84809,6429582,42805,3263111,33076,2912838,8928,253633,38174,1447909,0.178115,46353,2640325,0.324801,48150,4088234,0.502917,8129050
3,2021-04-13,106349,6535931,57597,3320708,48538,2961376,214,253847,55742,1454439,0.178919,50320,2690645,0.330991,56850,4145084,0.50991,8129050
3,2021-04-14,108531,6644462,59362,3380070,49056,3010432,113,253960,53696,1455205,0.179013,54490,2745135,0.337694,55256,4200340,0.516707,8129050
3,2021-04-15,120198,6764660,67623,3447693,52487,3062919,88,254048,63788,1463880,0.18008,56029,2801164,0.344587,64704,4265044,0.524667,8129050
3,2021-04-16,116379,6881039,65280,3512973,50999,3113918,100,254148,60426,1469473,0.180768,55604,2856768,0.351427,61197,4326241,0.532195,8129050
3,2021-04-17,80116,6961155,43713,3556686,36388,3150306,15,254163,44456,1479526,0.182005,35406,2892174,0.355783,45459,4371700,0.537787,8129050
3,2021-04-18,39175,7000330,23711,3580397,15454,3165760,10,254173,18291,1477984,0.181815,20735,2912909,0.358333,19193,4390893,0.540148,8129050
3,2021-04-19,79672,7080002,44342,3624739,35269,3201029,61,254234,35642,1470424,0.180885,43782,2956691,0.363719,36222,4427115,0.544604,8129050
3,2021-04-20,101380,7181382,53348,3678087,48008,3249037,24,254258,48671,1467779,0.18056,52388,3009079,0.370164,49743,4476858,0.550723,8129050
3,2021-04-21,106684,7288066,59918,3738005,46683,3295720,83,254341,50096,1462913,0.179961,56143,3065222,0.37707,51277,4528135,0.557031,8129050
3,2021-04-22,112750,7400816,63364,3801369,49357,3345077,29,254370,48205,1447984,0.178125,64134,3129356,0.38496,49205,4577340,0.563084,8129050
3,2021-04-23,107069,7507885,61236,3862605,45800,3390877,33,254403,46681,1435737,0.176618,59994,3189350,0.39234,47747,4625087,0.568958,8129050
3,2021-04-24,74536,7582421,45998,3908603,28464,3419341,74,254477,36173,1434944,0.176521,38057,3227407,0.397021,37264,4662351,0.573542,8129050
3,2021-04-25,37242,7619663,23757,3932360,13467,3432808,18,254495,18958,1436219,0.176677,18104,3245511,0.399248,19379,4681730,0.575926,8129050
3,2021-04-26,74660,7694323,42226,3974586,32004,3464812,430,254925,31733,1427122,0.175558,42622,3288133,0.404492,33525,4715255,0.58005,8129050
3,2021-04-27,91831,7786154,48225,4022811,41832,3506644,1774,256699,36251,1410684,0.173536,55241,3343374,0.411287,38803,4754058,0.584823,8129050
3,2021-04-28,87695,7873849,49808,4072619,35725,3542369,2162,258861,35625,1397288,0.171888,51733,3395107,0.417651,38337,4792395,0.589539,8129050
3,2021-04-29,90043,7963892,51416,4124035,36378,3578747,2249,261110,31964,1374300,0.16906,57699,3452806,0.424749,34711,4827106,0.593809,8129050
3,2021-04-30,91576,8055468,51657,4175692,37425,3616172,2494,263604,33998,1354090,0.166574,57168,3509974,0.431782,36958,4864064,0.598356,8129050
3,2021-05-01,56168,8111636,35173,4210865,19500,3635672,1495,265099,20216,1340674,0.164924,35624,3545598,0.436164,22208,4886272,0.601088,8129050
3,2021-05-02,27171,8138807,18546,4229411,7599,3643271,1026,266125,9944,1334640,0.164182,17108,3562706,0.438268,11074,4897346,0.60245,8129050
3,2021-05-03,60376,8199183,35479,4264890,22511,3665782,2386,268511,17506,1312108,0.16141,42606,3605312,0.44351,20074,4917420,0.604919,8129050
3,2021-05-04,78144,8277327,45174,4310064,30273,3696055,2697,271208,22595,1282449,0.157761,55222,3660534,0.450303,25563,4942983,0.608064,8129050
3,2021-05-05,79690,8357017,47824,4357888,29132,3725187,2734,273942,21947,1250072,0.153778,57361,3717895,0.457359,24984,4967967,0.611137,8129050
3,2021-05-06,83972,8440989,53132,4411020,28288,3753475,2552,276494,20593,1210906,0.14896,62856,3780751,0.465091,23690,4991657,0.614052,8129050
3,2021-05-07,83035,8524024,51738,4462758,28638,3782113,2659,279153,21858,1174942,0.144536,60782,3841533,0.472569,24818,5016475,0.617105,8129050
3,2021-05-08,53066,8577090,32902,4495660,18433,3800546,1731,280884,14006,1152179,0.141736,38772,3880305,0.477338,16009,5032484,0.619074,8129050
3,2021-05-09,21133,8598223,15452,4511112,4886,3805432,795,281679,5470,1142955,0.140601,15559,3895864,0.479252,6335,5038819,0.619853,8129050
3,2021-05-10,48490,8646713,26097,4537209,20467,3825899,1926,283605,11177,1119227,0.137682,37086,3932950,0.483814,13358,5052177,0.621497,8129050
3,2021-05-11,64627,8711340,36275,4573484,26115,3852014,2237,285842,16174,1089933,0.134079,48175,3981125,0.48974,18881,5071058,0.623819,8129050
3,2021-05-12,65357,8776697,37561,4611045,25378,3877392,2418,288260,16638,1060895,0.130507,48414,4029539,0.495696,19376,5090434,0.626203,8129050
3,2021-05-13,76012,8852709,47918,4658963,26159,3903551,1935,290195,27683,1043081,0.128315,48060,4077599,0.501608,30246,5120680,0.629924,8129050
3,2021-05-14,81014,8933723,51131,4710094,27719,3931270,2164,292359,31316,1027796,0.126435,49367,4126966,0.507681,34082,5154762,0.634116,8129050
3,2021-05-15,62644,8996367,43161,4753255,18248,3949518,1235,293594,25865,1018588,0.125302,36548,4163514,0.512177,27340,5182102,0.637479,8129050
3,2021-05-16,33395,9029762,24984,4778239,7717,3957235,694,294288,13479,1013072,0.124624,19783,4183297,0.514611,14267,5196369,0.639234,8129050
3,2021-05-17,57370,9087132,36519,4814758,18981,3976216,1870,296158,21096,1000270,0.123049,35979,4219276,0.519037,23177,5219546,0.642086,8129050
3,2021-05-18,64973,9152105,38365,4853123,24722,4000938,1886,298044,24347,986570,0.121364,40332,4259608,0.523998,26632,5246178,0.645362,8129050
3,2021-05-19,64503,9216608,39217,4892340,23513,4024451,1773,299817,24930,974259,0.119849,39296,4298904,0.528832,26985,5273163,0.648681,8129050
3,2021-05-20,62257,9278865,36441,4928781,23949,4048400,1867,301684,22278,959079,0.117982,39669,4338573,0.533712,24489,5297652,0.651694,8129050
3,2021-05-21,66658,9345523,40520,4969301,24018,4072418,2120,303804,23764,942731,0.115971,42545,4381118,0.538946,26197,5323849,0.654917,8129050
3,2021-05-22,46103,9391626,30568,4999869,14055,4086473,1480,305284,19142,936895,0.115253,26714,4407832,0.542232,20878,5344727,0.657485,8129050
3,2021-05-23,21873,9413499,15139,5015008,6078,4092551,656,305940,9231,934349,0.11494,12546,4420378,0.543775,10000,5354727,0.658715,8129050
3,2021-05-24,39985,9453484,23411,5038419,14798,4107349,1776,307716,14755,926068,0.113921,25013,4445391,0.546852,16732,5371459,0.660773,8129050
3,2021-05-25,43177,9496661,24294,5062713,17185,4124534,1698,309414,15294,915713,0.112647,27582,4472973,0.550245,17227,5388686,0.662892,8129050
3,2021-05-26,42787,9539448,24478,5087191,16560,4141094,1749,311163,16018,907161,0.111595,26459,4499432,0.5535,17907,5406593,0.665095,8129050
3,2021-05-27,39717,9579165,22271,5109462,15687,4156781,1759,312922,15506,900657,0.110795,24020,4523452,0.556455,17516,5424109,0.66725,8129050
3,2021-05-28,43328,9622493,24503,5133965,17005,4173786,1820,314742,17978,895655,0.11018,25123,4548575,0.559546,20121,5444230,0.669725,8129050
3,2021-05-29,23655,9646148,14466,5148431,8349,4182135,840,315582,10989,895105,0.110112,12515,4561090,0.561085,11965,5456195,0.671197,8129050
3,2021-05-30,10691,9656839,6931,5155362,3124,4185259,636,316218,4485,894147,0.109994,6122,4567212,0.561838,5164,5461359,0.671832,8129050
3,2021-05-31,4714,9661553,2726,5158088,1721,4186980,267,316485,1470,892729,0.10982,3184,4570396,0.56223,1766,5463125,0.67205,8129050
3,2021-06-01,38120,9699673,21949,5180037,14710,4201690,1461,317946,13327,883193,0.108647,24516,4594912,0.565246,14980,5478105,0.673892,8129050
3,2021-06-02,31814,9731487,18319,5198356,12072,4213762,1423,319369,11749,876663,0.107843,19843,4614755,0.567687,13313,5491418,0.67553,8129050
3,2021-06-03,40060,9771547,27421,5225777,11190,4224952,1449,320818,11562,861603,0.105991,28310,4643065,0.571169,13250,5504668,0.67716,8129050
3,2021-06-04,46745,9818292,33085,5258862,12102,4237054,1558,322376,13309,843721,0.103791,33170,4676235,0.57525,15288,5519956,0.679041,8129050
3,2021-06-05,34661,9852953,26140,5285002,7329,4244383,1192,323568,8780,828233,0.101886,25657,4701892,0.578406,10169,5530125,0.680292,8129050
3,2021-06-06,14738,9867691,12301,5297303,1851,4246234,586,324154,3701,821726,0.101085,10967,4712859,0.579755,4460,5534585,0.68084,8129050
3,2021-06-07,30703,9898394,22314,5319617,7096,4253330,1293,325447,8874,810347,0.099685,21663,4734522,0.58242,10284,5544869,0.682105,8129050
3,2021-06-08,34468,9932862,24733,5344350,8437,4261767,1298,326745,9949,797523,0.098108,24299,4758821,0.585409,11475,5556344,0.683517,8129050
3,2021-06-09,33177,9966039,24061,5368411,7807,4269574,1309,328054,8905,783824,0.096423,24082,4782903,0.588372,10383,5566727,0.684794,8129050
3,2021-06-10,32701,9998740,23583,5391994,7577,4277151,1541,329595,9008,771050,0.094851,23525,4806428,0.591266,10751,5577478,0.686117,8129050
3,2021-06-11,35929,10034669,25419,5417413,9125,4286276,1385,330980,10678,758256,0.093277,25037,4831465,0.594346,12243,5589721,0.687623,8129050
3,2021-06-12,25519,10060188,19246,5436659,5373,4291649,900,331880,6747,747430,0.091946,18643,4850108,0.596639,7817,5597538,0.688585,8129050
3,2021-06-13,10230,10070418,7670,5444329,2066,4293715,494,332374,2381,742584,0.091349,7796,4857904,0.597598,2950,5600488,0.688947,8129050
3,2021-06-14,26093,10096511,18715,5463044,5928,4299643,1450,333824,8147,734517,0.090357,17808,4875712,0.599789,9741,5610229,0.690146,8129050
3,2021-06-15,29076,10125587,19681,5482725,7866,4307509,1529,335353,9762,726914,0.089422,19063,4894775,0.602134,11460,5621689,0.691555,8129050
3,2021-06-16,26222,10151809,18651,5501376,6137,4313646,1434,336787,8872,720213,0.088597,17156,4911931,0.604244,10455,5632144,0.692842,8129050
3,2021-06-17,25041,10176850,17926,5519302,5810,4319456,1305,338092,8684,714152,0.087852,16190,4928121,0.606236,10129,5642273,0.694088,8129050
3,2021-06-18,28086,10204936,19827,5539129,6685,4326141,1574,339666,9784,707612,0.087047,18067,4946188,0.608458,11527,5653800,0.695506,8129050
3,2021-06-19,16076,10221012,11812,5550941,3401,4329542,863,340529,5745,704130,0.086619,10199,4956387,0.609713,6717,5660517,0.696332,8129050
3,2021-06-20,6913,10227925,5187,5556128,1423,4330965,303,340832,2617,702866,0.086463,4238,4960625,0.610234,2974,5663491,0.696698,8129050
3,2021-06-21,16282,10244207,10279,5566407,4597,4335562,1406,342238,8088,704383,0.08665,8098,4968723,0.61123,9615,5673106,0.697881,8129050
3,2021-06-22,22161,10266368,15528,5581935,5322,4340884,1311,343549,8251,700325,0.086151,13775,4982498,0.612925,9717,5682823,0.699076,8129050
3,2021-06-23,20331,10286699,14230,5596165,4756,4345640,1345,344894,8036,697668,0.085824,12178,4994676,0.614423,9521,5692344,0.700247,8129050
3,2021-06-24,20045,10306744,13952,5610117,4633,4350273,1460,346354,7811,695000,0.085496,12049,5006725,0.615905,9381,5701725,0.701401,8129050
3,2021-06-25,23443,10330187,16632,5626749,5384,4355657,1427,347781,9132,691518,0.085068,14170,5020895,0.617648,10688,5712413,0.702716,8129050
3,2021-06-26,14059,10344246,10445,5637194,2841,4358498,773,348554,5867,690233,0.084909,8083,5028978,0.618643,6798,5719211,0.703552,8129050
3,2021-06-27,6768,10351014,5242,5642436,1219,4359717,307,348861,2890,689637,0.084836,3829,5032807,0.619114,3233,5722444,0.70395,8129050
3,2021-06-28,16152,10367166,12419,5654855,2644,4362361,1089,349950,6787,688407,0.084685,9212,5042019,0.620247,7982,5730426,0.704932,8129050
3,2021-06-29,18205,10385371,12820,5667675,4370,4366731,1015,350965,7477,686453,0.084444,10579,5052598,0.621548,8625,5739051,0.705993,8129050
3,2021-06-30,17274,10402645,12251,5679926,3972,4370703,1051,352016,7454,685467,0.084323,9640,5062238,0.622734,8654,5747705,0.707057,8129050
3,2021-07-01,16534,10419179,11776,5691702,3677,4374380,1081,353097,6969,684200,0.084167,9418,5071656,0.623893,8151,5755856,0.70806,8129050
3,2021-07-02,18678,10437857,13285,5704987,4284,4378664,1109,354206,7979,682810,0.083996,10574,5082230,0.625194,9184,5765040,0.70919,8129050
3,2021-07-03,10189,10448046,7365,5712352,2382,4381046,442,354648,4361,681967,0.083893,5748,5087978,0.625901,4905,5769945,0.709793,8129050
3,2021-07-04,735,10448781,433,5712785,215,4381261,87,354735,286,681916,0.083886,440,5088418,0.625955,389,5770334,0.709841,8129050
3,2021-07-05,9616,10458397,7030,5719815,2160,4383421,426,355161,4361,681588,0.083846,5180,5093598,0.626592,4852,5775186,0.710438,8129050
3,2021-07-06,19265,10477662,13955,5733770,4177,4387598,1133,356294,6970,677708,0.083369,12106,5105704,0.628081,8226,5783412,0.71145,8129050
3,2021-07-07,15865,10493527,11248,5745018,3487,4391085,1130,357424,6372,675965,0.083154,9352,5115056,0.629232,7609,5791021,0.712386,8129050
3,2021-07-08,15468,10508995,11178,5756196,3286,4394371,1004,358428,6235,674214,0.082939,9078,5124134,0.630348,7327,5798348,0.713287,8129050
3,2021-07-09,17773,10526768,12407,5768603,4139,4398510,1227,359655,7368,672652,0.082747,10265,5134399,0.631611,8703,5807051,0.714358,8129050
3,2021-07-10,10997,10537765,8105,5776708,2222,4400732,670,360325,4681,671854,0.082649,6238,5140637,0.632379,5440,5812491,0.715027,8129050
3,2021-07-11,5161,10542926,3824,5780532,1060,4401792,277,360602,2338,671718,0.082632,2771,5143408,0.632719,2635,5815126,0.715351,8129050
3,2021-07-12,14405,10557331,10516,5791048,2882,4404674,1007,361609,5762,669994,0.08242,8562,5151970,0.633773,6838,5821964,0.716192,8129050
3,2021-07-13,15226,10572557,10753,5801801,3554,4408228,919,362528,6693,669257,0.082329,8429,5160399,0.63481,7692,5829656,0.717139,8129050
3,2021-07-14,14537,10587094,10330,5812131,3281,4411509,926,363454,6504,668816,0.082275,7931,5168330,0.635785,7490,5837146,0.71806,8129050
3,2021-07-15,14855,10601949,10743,5822874,3270,4414779,842,364296,6822,668621,0.082251,7935,5176265,0.636761,7740,5844886,0.719012,8129050
3,2021-07-16,17851,10619800,12833,5835707,4125,4418904,893,365189,8527,668905,0.082286,9213,5185478,0.637895,9497,5854383,0.72018,8129050
3,2021-07-17,11339,10631139,8313,5844020,2488,4421392,538,365727,5400,669044,0.082303,5865,5191343,0.638616,6004,5860387,0.720919,8129050
3,2021-07-18,5762,10636901,4354,5848374,1157,4422549,251,365978,2837,669277,0.082332,2881,5194224,0.638971,3114,5863501,0.721302,8129050
3,2021-07-19,14956,10651857,10949,5859323,3125,4425674,882,366860,7332,670044,0.082426,7522,5201746,0.639896,8289,5871790,0.722322,8129050
3,2021-07-20,16673,10668530,11607,5870930,4155,4429829,911,367771,8572,671636,0.082622,7973,5209719,0.640877,9565,5881355,0.723498,8129050
3,2021-07-21,16060,10684590,11373,5882303,3815,4433644,872,368643,8082,672825,0.082768,7845,5217564,0.641842,9034,5890389,0.72461,8129050
3,2021-07-22,16477,10701067,11640,5893943,3871,4437515,966,369609,8553,674609,0.082987,7799,5225363,0.642801,9583,5899972,0.725789,8129050
3,2021-07-23,19368,10720435,13809,5907752,4543,4442058,1016,370625,10392,677283,0.083316,8825,5234188,0.643887,11499,5911471,0.727203,8129050
3,2021-07-24,11669,10732104,8411,5916163,2674,4444732,584,371209,6447,679210,0.083553,5143,5239331,0.644519,7070,5918541,0.728073,8129050
3,2021-07-25,5692,10737796,4267,5920430,1213,4445945,212,371421,4108,682047,0.083902,1534,5240865,0.644708,4371,5922912,0.728611,8129050
3,2021-07-26,15636,10753432,10896,5931326,3762,4449707,978,372399,9459,686493,0.084449,6053,5246918,0.645453,10499,5933411,0.729902,8129050
3,2021-07-27,17622,10771054,12469,5943795,4172,4453879,981,373380,10095,690256,0.084912,7386,5254304,0.646361,11149,5944560,0.731274,8129050
3,2021-07-28,17183,10788237,12297,5956092,3844,4457723,1042,374422,9926,694165,0.085393,7109,5261413,0.647236,11018,5955578,0.732629,8129050
3,2021-07-29,16978,10805215,12223,5968315,3718,4461441,1037,375459,10026,698533,0.08593,6766,5268179,0.648068,11134,5966712,0.733999,8129050
3,2021-07-30,19715,10824930,13924,5982239,4700,4466141,1091,376550,11444,703100,0.086492,8057,5276236,0.649059,12624,5979336,0.735552,8129050
3,2021-07-31,12295,10837225,8912,5991151,2725,4468866,658,377208,7159,705987,0.086847,4993,5281229,0.649674,7880,5987216,0.736521,8129050
3,2021-08-01,6545,10843770,4986,5996137,1296,4470162,263,377471,4228,708264,0.087128,2249,5283478,0.64995,4526,5991742,0.737078,8129050
3,2021-08-02,16712,10860482,12139,6008276,3643,4473805,930,378401,10405,713481,0.087769,6181,5289659,0.650711,11398,6003140,0.73848,8129050
3,2021-08-03,18508,10878990,13349,6021625,4040,4477845,1119,379520,11024,718372,0.088371,7305,5296964,0.651609,12196,6015336,0.73998,8129050
3,2021-08-04,17632,10896622,12674,6034299,3938,4481783,1020,380540,10490,722950,0.088934,6981,5303945,0.652468,11559,6026895,0.741402,8129050
3,2021-08-05,18068,10914690,13053,6047352,3853,4485636,1162,381702,10915,728110,0.089569,6987,5310932,0.653328,12147,6039042,0.742896,8129050
3,2021-08-06,21948,10936638,15896,6063248,4880,4490516,1172,382874,12988,733582,0.090242,8753,5319685,0.654404,14225,6053267,0.744646,8129050
3,2021-08-07,12890,10949528,9569,6072817,2686,4493202,635,383509,7534,736590,0.090612,5211,5324896,0.655045,8219,6061486,0.745657,8129050
3,2021-08-08,7601,10957129,5818,6078635,1541,4494743,242,383751,4680,738713,0.090873,2836,5327732,0.655394,4959,6066445,0.746267,8129050
3,2021-08-09,18479,10975608,13832,6092467,3541,4498284,1106,384857,10428,742440,0.091332,7884,5335616,0.656364,11611,6078056,0.747696,8129050
3,2021-08-10,18774,10994382,13756,6106223,3986,4502270,1032,385889,10589,746094,0.091781,8003,5343619,0.657349,11657,6089713,0.74913,8129050
3,2021-08-11,16721,11011103,12117,6118340,3561,4505831,1043,386932,9322,749316,0.092178,7198,5350817,0.658234,10420,6100133,0.750412,8129050
3,2021-08-12,18259,11029362,12883,6131223,4272,4510103,1104,388036,10031,752483,0.092567,8015,5358832,0.65922,11182,6111315,0.751787,8129050
3,2021-08-13,22820,11052182,16170,6147393,5461,4515564,1189,389225,12445,756260,0.093032,9927,5368759,0.660441,13704,6125019,0.753473,8129050
3,2021-08-14,14848,11067030,10437,6157830,3758,4519322,653,389878,7740,758530,0.093311,6178,5374937,0.661201,8448,6133467,0.754512,8129050
3,2021-08-15,8453,11075483,6130,6163960,2030,4521352,293,390171,4259,759706,0.093456,3404,5378341,0.66162,4580,6138047,0.755076,8129050
3,2021-08-16,20875,11096358,14403,6178363,5474,4526826,998,391169,9890,761663,0.093696,9020,5387361,0.662729,10977,6149024,0.756426,8129050
3,2021-08-17,21452,11117810,14581,6192944,5810,4532636,1061,392230,9832,763287,0.093896,9379,5396740,0.663883,11003,6160027,0.757779,8129050
3,2021-08-18,21353,11139163,14247,6207191,6086,4538722,1020,393250,9623,764927,0.094098,9094,5405834,0.665002,10734,6170761,0.7591,8129050
3,2021-08-19,21465,11160628,14191,6221382,6176,4544898,1098,394348,9359,766326,0.09427,9124,5414958,0.666124,10523,6181284,0.760394,8129050
3,2021-08-20,26909,11187537,18125,6239507,7624,4552522,1160,395508,11321,766981,0.094351,11933,5426891,0.667592,12588,6193872,0.761943,8129050
3,2021-08-21,15621,11203158,11269,6250776,3755,4556277,597,396105,6563,767021,0.094356,7194,5434085,0.668477,7234,6201106,0.762833,8129050
3,2021-08-22,8895,11212053,6344,6257120,2322,4558599,229,396334,3984,767489,0.094413,3794,5437879,0.668944,4262,6205368,0.763357,8129050
3,2021-08-23,22921,11234974,16036,6273156,5925,4564524,960,397294,9830,768466,0.094533,9997,5447876,0.670174,10974,6216342,0.764707,8129050
3,2021-08-24,22722,11257696,16366,6289522,5454,4569978,902,398196,9392,768636,0.094554,10258,5458134,0.671436,10428,6226770,0.76599,8129050
3,2021-08-25,21770,11279466,15527,6305049,5328,4575306,915,399111,9056,769012,0.0946,9722,5467856,0.672632,10098,6236868,0.767232,8129050
3,2021-08-26,22315,11301781,15707,6320756,5600,4580906,1008,400119,8927,769158,0.094618,9910,5477766,0.673851,10056,6246924,0.768469,8129050
3,2021-08-27,27289,11329070,19659,6340415,6594,4587500,1036,401155,10517,767989,0.094475,12931,5490697,0.675441,11762,6258686,0.769916,8129050
3,2021-08-28,15750,11344820,11555,6351970,3732,4591232,463,401618,6280,767249,0.094384,7602,5498299,0.676377,6862,6265548,0.77076,8129050
3,2021-08-29,9118,11353938,6774,6358744,2187,4593419,157,401775,3615,766739,0.094321,4359,5502658,0.676913,3849,6269397,0.771234,8129050
3,2021-08-30,21838,11375776,15358,6374102,5647,4599066,833,402608,8194,765575,0.094178,10354,5513012,0.678187,9190,6278587,0.772364,8129050
3,2021-08-31,21030,11396806,14549,6388651,5700,4604766,781,403389,7372,763836,0.093964,10043,5523055,0.679422,8304,6286891,0.773386,8129050
3,2021-09-01,20374,11417180,14000,6402651,5538,4610304,836,404225,7772,763524,0.093925,9084,5532139,0.680539,8772,6295663,0.774465,8129050
3,2021-09-02,19841,11437021,13396,6416047,5616,4615920,829,405054,6967,762358,0.093782,9087,5541226,0.681657,7921,6303584,0.775439,8129050
3,2021-09-03,25083,11462104,17643,6433690,6591,4622511,849,405903,8667,759692,0.093454,12380,5553606,0.68318,9714,6313298,0.776634,8129050
3,2021-09-04,12890,11474994,9492,6443182,3013,4625524,385,406288,4666,758191,0.093269,6640,5560246,0.683997,5139,6318437,0.777266,8129050
3,2021-09-05,8045,11483039,5968,6449150,1987,4627511,90,406378,3315,757857,0.093228,3790,5564036,0.684463,3456,6321893,0.777691,8129050
3,2021-09-06,4018,11487057,2686,6451836,1237,4628748,95,406473,1574,757566,0.093192,1975,5566011,0.684706,1684,6323577,0.777899,8129050
3,2021-09-07,20278,11507335,14264,6466100,5185,4633933,829,407302,6313,753655,0.092711,11222,5577233,0.686087,7311,6330888,0.778798,8129050
3,2021-09-08,18049,11525384,12696,6478796,4637,4638570,716,408018,6467,752065,0.092516,8897,5586130,0.687181,7307,6338195,0.779697,8129050
3,2021-09-09,17778,11543162,12110,6490906,4948,4643518,720,408738,6291,750481,0.092321,8718,5594848,0.688254,7134,6345329,0.780574,8129050
3,2021-09-10,21402,11564564,14848,6505754,5783,4649301,771,409509,7269,747381,0.09194,11356,5606204,0.689651,8256,6353585,0.78159,8129050
3,2021-09-11,4624,11569188,3395,6509149,890,4650191,339,409848,1541,746669,0.091852,2660,5608864,0.689978,1948,6355533,0.78183,8129050
4,2020-12-15,473,473,473,473,0,0,0,0,473,473,5.9e-05,0,0,0.0,473,473,5.9e-05,8037679
4,2020-12-16,3136,3609,3136,3609,0,0,0,0,3136,3609,0.000449,0,0,0.0,3136,3609,0.000449,8037679
4,2020-12-17,9180,12789,9180,12789,0,0,0,0,9181,12790,0.001591,0,0,0.0,9181,12790,0.001591,8037679
4,2020-12-18,16497,29286,16483,29272,14,14,0,0,16496,29286,0.003644,0,0,0.0,16496,29286,0.003644,8037679
4,2020-12-19,10500,39786,10489,39761,11,25,0,0,10442,39728,0.004943,0,0,0.0,10442,39728,0.004943,8037679
4,2020-12-20,7527,47313,7510,47271,17,42,0,0,7483,47211,0.005874,0,0,0.0,7483,47211,0.005874,8037679
4,2020-12-21,16596,63909,16561,63832,35,77,0,0,16529,63738,0.00793,2,2,0.0,16529,63740,0.00793,8037679
4,2020-12-22,17401,81310,16619,80451,782,859,0,0,17358,81092,0.010089,4,6,1e-06,17358,81098,0.01009,8037679
4,2020-12-23,17350,98660,14511,94962,2839,3698,0,0,17323,98413,0.012244,2,8,1e-06,17323,98421,0.012245,8037679
4,2020-12-24,8702,107362,6019,100981,2683,6381,0,0,8700,107112,0.013326,1,9,1e-06,8700,107121,0.013327,8037679
4,2020-12-25,918,108280,813,101794,105,6486,0,0,917,108028,0.01344,1,10,1e-06,917,108038,0.013441,8037679
4,2020-12-26,6314,114594,3955,105749,2359,8845,0,0,6312,114338,0.014225,2,12,1e-06,6312,114350,0.014227,8037679
4,2020-12-27,3504,118098,2018,107767,1486,10331,0,0,3504,117842,0.014661,0,12,1e-06,3504,117854,0.014663,8037679
4,2020-12-28,15412,133510,9494,117261,5918,16249,0,0,15382,133218,0.016574,6,18,2e-06,15382,133236,0.016576,8037679
4,2020-12-29,16075,149585,9023,126284,7052,23301,0,0,16042,149259,0.01857,1,19,2e-06,16042,149278,0.018572,8037679
4,2020-12-30,19623,169208,11471,137755,8152,31453,0,0,19614,168871,0.02101,2,21,3e-06,19614,168892,0.021013,8037679
4,2020-12-31,8462,177670,3422,141177,5040,36493,0,0,8448,177309,0.02206,10,31,4e-06,8448,177340,0.022064,8037679
4,2021-01-01,1918,179588,875,142052,1043,37536,0,0,1911,179217,0.022297,3,34,4e-06,1911,179251,0.022301,8037679
4,2021-01-02,5817,185405,3282,145334,2535,40071,0,0,5815,185031,0.02302,1,35,4e-06,5815,185066,0.023025,8037679
4,2021-01-03,2186,187591,1288,146622,898,40969,0,0,2170,187197,0.02329,4,39,5e-06,2170,187236,0.023295,8037679
4,2021-01-04,13211,200802,7122,153744,6089,47058,0,0,13162,200332,0.024924,27,66,8e-06,13162,200398,0.024932,8037679
4,2021-01-05,17208,218010,10188,163932,7020,54078,0,0,14926,213022,0.026503,2255,2321,0.000289,14945,215343,0.026792,8037679
4,2021-01-06,22004,240014,13491,177423,8513,62591,0,0,15731,222548,0.027688,6228,8549,0.001064,15754,231097,0.028752,8037679
4,2021-01-07,28416,268430,17365,194788,11051,73642,0,0,16863,227948,0.02836,11490,20039,0.002493,16890,247987,0.030853,8037679
4,2021-01-08,33423,301853,21474,216262,11949,85591,0,0,18518,231660,0.028822,14838,34877,0.004339,18550,266537,0.033161,8037679
4,2021-01-09,16504,318357,9756,226018,6748,92339,0,0,9584,234350,0.029156,6910,41787,0.005199,9600,276137,0.034355,8037679
4,2021-01-10,8882,327239,5743,231761,3139,95478,0,0,4212,233920,0.029103,4651,46438,0.005778,4221,280358,0.03488,8037679
4,2021-01-11,34001,361240,22327,254088,11674,107152,0,0,19121,238251,0.029642,14842,61280,0.007624,19173,299531,0.037266,8037679
4,2021-01-12,39068,400308,22548,276636,16520,123672,0,0,24537,248386,0.030903,14455,75735,0.009422,24590,324121,0.040325,8037679
4,2021-01-13,39405,439713,19541,296177,19864,143536,0,0,27842,264747,0.032938,11503,87238,0.010854,27864,351985,0.043792,8037679
4,2021-01-14,39934,479647,15405,311582,24529,168065,0,0,32594,290122,0.036095,7253,94491,0.011756,32628,384613,0.047851,8037679
4,2021-01-15,46065,525712,16136,327718,29929,197994,0,0,40323,324809,0.040411,5662,100153,0.01246,40349,424962,0.052871,8037679
4,2021-01-16,29120,554832,9484,337202,19636,217630,0,0,25915,347570,0.043243,3171,103324,0.012855,25932,450894,0.056098,8037679
4,2021-01-17,19138,573970,6620,343822,12518,230148,0,0,17454,363377,0.045209,1661,104985,0.013062,17468,468362,0.058271,8037679
4,2021-01-18,29838,603808,13865,357687,15973,246121,0,0,23707,381085,0.047412,6037,111022,0.013813,23745,492107,0.061225,8037679
4,2021-01-19,46911,650719,23554,381241,23357,269478,0,0,36992,408296,0.050798,9856,120878,0.015039,37067,529174,0.065837,8037679
4,2021-01-20,53361,704080,28508,409749,24853,294331,0,0,42524,440150,0.054761,10735,131613,0.016375,42589,571763,0.071135,8037679
4,2021-01-21,58640,762720,26316,436065,32324,326655,0,0,51672,484979,0.060338,6897,138510,0.017233,51726,623489,0.077571,8037679
4,2021-01-22,56112,818832,22509,458574,33603,360258,0,0,50729,530461,0.065997,5282,143792,0.01789,50764,674253,0.083887,8037679
4,2021-01-23,40107,858939,17471,476045,22636,382894,0,0,35693,561784,0.069894,4405,148197,0.018438,35728,709981,0.088332,8037679
4,2021-01-24,24339,883278,10594,486639,13745,396639,0,0,22419,582319,0.072449,1907,150104,0.018675,22442,732423,0.091124,8037679
4,2021-01-25,48737,932015,22470,509109,26267,422906,0,0,37311,608303,0.075681,11385,161489,0.020091,37369,769792,0.095773,8037679
4,2021-01-26,57721,989736,29402,538511,28319,451225,0,0,45142,640987,0.079748,12527,174016,0.02165,45211,815003,0.101398,8037679
4,2021-01-27,57144,1046880,27128,565639,30016,481241,0,0,45767,675512,0.084043,11303,185319,0.023056,45828,860831,0.107099,8037679
4,2021-01-28,57858,1104738,26118,591757,31740,512981,0,0,47465,712726,0.088673,10302,195621,0.024338,47516,908347,0.113011,8037679
4,2021-01-29,57597,1162335,27516,619273,30081,543062,0,0,46893,749125,0.093202,10533,206154,0.025648,46932,955279,0.11885,8037679
4,2021-01-30,38847,1201182,17441,636714,21406,564468,0,0,33363,777097,0.096682,5428,211582,0.026324,33400,988679,0.123006,8037679
4,2021-01-31,24588,1225770,12831,649545,11757,576225,0,0,22842,798237,0.099312,1722,213304,0.026538,22862,1011541,0.12585,8037679
4,2021-02-01,50624,1276394,24374,673919,26250,602475,0,0,38666,825059,0.102649,11891,225195,0.028017,38713,1050254,0.130666,8037679
4,2021-02-02,56485,1332879,25946,699865,30539,633014,0,0,43242,855197,0.106399,13159,238354,0.029655,43297,1093551,0.136053,8037679
4,2021-02-03,62944,1395823,30824,730689,32120,665134,0,0,48159,888746,0.110572,14671,253025,0.03148,48220,1141771,0.142052,8037679
4,2021-02-04,68551,1464374,31869,762558,36682,701816,0,0,51443,923360,0.114879,16953,269978,0.033589,51567,1193338,0.148468,8037679
4,2021-02-05,74167,1538541,34281,796839,39886,741702,0,0,51386,952356,0.118486,22535,292513,0.036393,51531,1244869,0.154879,8037679
4,2021-02-06,49306,1587847,26418,823257,22888,764590,0,0,37576,978478,0.121736,11659,304172,0.037843,37781,1282650,0.15958,8037679
4,2021-02-07,26789,1614636,17703,840960,9086,773676,0,0,20182,992335,0.12346,6574,310746,0.038661,20431,1303081,0.162122,8037679
4,2021-02-08,59506,1674142,30534,871494,28972,802648,0,0,38527,1010293,0.125695,20837,331583,0.041254,38795,1341876,0.166948,8037679
4,2021-02-09,68112,1742254,34610,906104,33502,836150,0,0,39758,1022246,0.127182,28255,359838,0.044769,40208,1382084,0.171951,8037679
4,2021-02-10,78481,1820735,39249,945353,39232,875382,0,0,41077,1026722,0.127739,37164,397002,0.049393,41640,1423724,0.177131,8037679
4,2021-02-11,82582,1903317,43043,988396,39539,914921,0,0,41875,1028790,0.127996,40494,437496,0.054431,42562,1466286,0.182427,8037679
4,2021-02-12,85465,1988782,38222,1026618,47243,962164,0,0,43802,1031939,0.128388,41454,478950,0.059588,44603,1510889,0.187976,8037679
4,2021-02-13,59435,2048217,30031,1056649,29404,991568,0,0,30113,1033799,0.128619,29172,508122,0.063218,31032,1541921,0.191837,8037679
4,2021-02-14,37294,2085511,19376,1076025,17918,1009486,0,0,18976,1035206,0.128794,18255,526377,0.065489,19662,1561583,0.194283,8037679
4,2021-02-15,46896,2132407,21994,1098019,24902,1034388,0,0,23925,1037451,0.129073,22877,549254,0.068335,25122,1586705,0.197408,8037679
4,2021-02-16,81368,2213775,37353,1135372,44015,1078403,0,0,41120,1039695,0.129353,40113,589367,0.073326,42357,1629062,0.202678,8037679
4,2021-02-17,82713,2296488,39111,1174483,43602,1122005,0,0,39143,1036631,0.128971,43365,632732,0.078721,40301,1669363,0.207692,8037679
4,2021-02-18,84668,2381156,46547,1221030,38121,1160126,0,0,38848,1031362,0.128316,45603,678335,0.084394,40334,1709697,0.21271,8037679
4,2021-02-19,83947,2465103,52801,1273831,31146,1191272,0,0,41674,1031644,0.128351,42081,720416,0.08963,42363,1752060,0.217981,8037679
4,2021-02-20,50369,2515472,33510,1307341,16859,1208131,0,0,27033,1036162,0.128913,23238,743654,0.092521,27756,1779816,0.221434,8037679
4,2021-02-21,30738,2546210,24357,1331698,6381,1214512,0,0,14657,1035163,0.128789,15980,759634,0.094509,14981,1794797,0.223298,8037679
4,2021-02-22,56214,2602424,38560,1370258,17654,1232166,0,0,26958,1033538,0.128587,29068,788702,0.098126,27443,1822240,0.226712,8037679
4,2021-02-23,77920,2680344,43175,1413433,34745,1266911,0,0,34048,1025647,0.127605,43639,832341,0.103555,35748,1857988,0.23116,8037679
4,2021-02-24,93030,2773374,49136,1462569,43894,1310805,0,0,41668,1018424,0.126706,51076,883417,0.109909,43853,1901841,0.236616,8037679
4,2021-02-25,104899,2878273,54907,1517476,49992,1360797,0,0,49706,1015864,0.126388,54943,938360,0.116745,52383,1954224,0.243133,8037679
4,2021-02-26,110897,2989170,55991,1573467,54906,1415703,0,0,56267,1020199,0.126927,54299,992659,0.123501,58634,2012858,0.250428,8037679
4,2021-02-27,80896,3070066,43994,1617461,36888,1452591,14,14,42666,1026396,0.127698,37997,1030656,0.128228,44194,2057052,0.255926,8037679
4,2021-02-28,50049,3120115,30875,1648336,19167,1471758,7,21,27160,1031812,0.128372,22666,1053322,0.131048,28082,2085134,0.25942,8037679
4,2021-03-01,81921,3202036,47910,1696246,33947,1505705,64,85,45074,1041744,0.129608,36466,1089788,0.135585,46398,2131532,0.265192,8037679
4,2021-03-02,91060,3293096,52138,1748384,38909,1544614,13,98,53060,1058880,0.13174,37781,1127569,0.140285,54917,2186449,0.272025,8037679
4,2021-03-03,104909,3398005,55692,1804076,49195,1593809,22,120,58247,1072540,0.133439,46415,1173984,0.14606,60075,2246524,0.279499,8037679
4,2021-03-04,103221,3501226,57460,1861536,45741,1639550,20,140,56103,1083613,0.134817,46853,1220837,0.151889,57926,2304450,0.286706,8037679
4,2021-03-05,99483,3600709,53650,1915186,45501,1685051,332,472,58105,1102906,0.137217,41115,1261952,0.157005,60408,2364858,0.294222,8037679
4,2021-03-06,78096,3678805,43964,1959150,31476,1716527,2656,3128,47688,1124283,0.139877,30259,1292211,0.160769,51636,2416494,0.300646,8037679
4,2021-03-07,45661,3724466,27887,1987037,15519,1732046,2255,5383,26666,1135340,0.141252,18899,1311110,0.16312,29956,2446450,0.304373,8037679
4,2021-03-08,69292,3793758,36128,2023165,29729,1761775,3435,8818,45387,1161661,0.144527,23755,1334865,0.166076,50076,2496526,0.310603,8037679
4,2021-03-09,83293,3877051,42056,2065221,35916,1797691,5321,14139,44844,1174564,0.146132,38239,1373104,0.170833,51142,2547668,0.316966,8037679
4,2021-03-10,93234,3970285,48030,2113251,37602,1835293,7602,21741,46833,1183638,0.147261,46171,1419275,0.176578,55245,2602913,0.323839,8037679
4,2021-03-11,102204,4072489,53546,2166797,40077,1875370,8581,30322,47107,1185407,0.147481,54802,1474077,0.183396,56571,2659484,0.330877,8037679
4,2021-03-12,106136,4178625,52177,2218974,43492,1918862,10467,40789,45370,1181438,0.146987,60450,1534527,0.190917,56481,2715965,0.337904,8037679
4,2021-03-13,82604,4261229,38241,2257215,35772,1954634,8591,49380,39026,1186532,0.147621,43422,1577949,0.196319,48516,2764481,0.34394,8037679
4,2021-03-14,50343,4311572,28660,2285875,18015,1972649,3668,53048,23503,1187505,0.147742,26728,1604677,0.199644,27701,2792182,0.347387,8037679
4,2021-03-15,84710,4396282,45544,2331419,34828,2007477,4338,57386,42921,1194010,0.148552,41476,1646153,0.204805,47981,2840163,0.353356,8037679
4,2021-03-16,109086,4505368,56796,2388215,48834,2056311,3456,60842,57300,1203876,0.149779,51495,1697648,0.211211,61361,2901524,0.36099,8037679
4,2021-03-17,108661,4614029,58443,2446658,46673,2102984,3545,64387,63412,1226332,0.152573,44950,1742598,0.216804,67406,2968930,0.369377,8037679
4,2021-03-18,108470,4722499,60138,2506796,44577,2147561,3755,68142,61151,1244553,0.15484,47021,1789619,0.222654,65242,3034172,0.377494,8037679
4,2021-03-19,112824,4835323,64899,2571695,42657,2190218,5268,73410,63818,1265237,0.157413,48692,1838311,0.228712,69376,3103548,0.386125,8037679
4,2021-03-20,85212,4920535,49887,2621582,32259,2222477,3066,76476,51888,1287312,0.16016,33118,1871429,0.232832,55193,3158741,0.392992,8037679
4,2021-03-21,48714,4969249,35306,2656888,11150,2233627,2258,78734,28382,1298088,0.1615,20178,1891607,0.235342,30954,3189695,0.396843,8037679
4,2021-03-22,83574,5052823,54507,2711395,26291,2259918,2776,81510,51492,1321221,0.164378,31798,1923405,0.239299,54931,3244626,0.403677,8037679
4,2021-03-23,106358,5159181,63699,2775094,40468,2300386,2191,83701,62146,1342172,0.166985,43902,1967307,0.244761,64853,3309479,0.411746,8037679
4,2021-03-24,115141,5274322,74247,2849341,38421,2338807,2473,86174,63917,1358209,0.16898,50746,2018053,0.251074,66783,3376262,0.420054,8037679
4,2021-03-25,118923,5393245,73159,2922500,43281,2382088,2483,88657,66496,1375736,0.171161,51907,2069960,0.257532,69434,3445696,0.428693,8037679
4,2021-03-26,121657,5514902,73760,2996260,44801,2426889,3096,91753,65355,1388858,0.172793,55880,2125840,0.264484,69002,3514698,0.437278,8037679
4,2021-03-27,93311,5608213,54983,3051243,36494,2463383,1834,93587,46945,1391995,0.173184,46091,2171931,0.270219,49228,3563926,0.443402,8037679
4,2021-03-28,56539,5664752,37363,3088606,18286,2481669,890,94477,29678,1396274,0.173716,26658,2198589,0.273535,30937,3594863,0.447251,8037679
4,2021-03-29,95242,5759994,57008,3145614,36117,2517786,2117,96594,50796,1405583,0.174874,44144,2242733,0.279027,53453,3648316,0.453902,8037679
4,2021-03-30,118910,5878904,64912,3210526,49766,2567552,4232,100826,69702,1430965,0.178032,48916,2291649,0.285113,74298,3722614,0.463145,8037679
4,2021-03-31,122659,6001563,72391,3282917,43902,2611454,6366,107192,68188,1451595,0.180599,54074,2345723,0.291841,74704,3797318,0.47244,8037679
4,2021-04-01,144411,6145974,82240,3365157,48704,2660158,13467,120659,84499,1489922,0.185367,59334,2405057,0.299223,97661,3894979,0.48459,8037679
4,2021-04-02,138189,6284163,73829,3438986,50647,2710805,13713,134372,79254,1524233,0.189636,58595,2463652,0.306513,92906,3987885,0.496149,8037679
4,2021-04-03,102041,6386204,54529,3493515,33956,2744761,13556,147928,53122,1542109,0.19186,48687,2512339,0.31257,66563,4054448,0.50443,8037679
4,2021-04-04,47250,6433454,24966,3518481,14720,2759481,7564,155492,20516,1543343,0.192014,26600,2538939,0.31588,27834,4082282,0.507893,8037679
4,2021-04-05,111061,6544515,62293,3580774,35758,2795239,13010,168502,57386,1560632,0.194165,53408,2592347,0.322524,70697,4152979,0.516689,8037679
4,2021-04-06,140366,6684881,78972,3659746,41394,2836633,20000,188502,72553,1585967,0.197317,67539,2659886,0.330927,92874,4245853,0.528244,8037679
4,2021-04-07,139153,6824034,78866,3738612,39357,2875990,20930,209432,71805,1611653,0.200512,67056,2726942,0.33927,92742,4338595,0.539782,8037679
4,2021-04-08,141621,6965655,78882,3817494,37009,2912999,25730,235162,70534,1637318,0.203705,70738,2797680,0.348071,96403,4434998,0.551776,8037679
4,2021-04-09,139127,7104782,76226,3893720,39642,2952641,23259,258421,66321,1655059,0.205913,72508,2870188,0.357092,90249,4525247,0.563004,8037679
4,2021-04-10,104791,7209573,51675,3945395,34040,2986681,19076,277497,47284,1664933,0.207141,57265,2927453,0.364216,67139,4592386,0.571357,8037679
4,2021-04-11,63207,7272780,38380,3983775,13535,3000216,11292,288789,27643,1669339,0.207689,35429,2962882,0.368624,39835,4632221,0.576313,8037679
4,2021-04-12,103923,7376703,63086,4046861,30485,3030701,10352,299141,52233,1681717,0.209229,51339,3014221,0.375011,63717,4695938,0.584241,8037679
4,2021-04-13,131557,7508260,82515,4129376,48876,3079577,166,299307,78394,1708332,0.21254,52822,3067043,0.381583,79437,4775375,0.594124,8037679
4,2021-04-14,137103,7645363,87462,4216838,49560,3129137,81,299388,75636,1724209,0.214516,61087,3128130,0.389183,76964,4852339,0.603699,8037679
4,2021-04-15,157364,7802727,104573,4321411,52708,3181845,83,299471,95992,1760163,0.218989,60937,3189067,0.396765,96891,4949230,0.615754,8037679
4,2021-04-16,144581,7947308,91618,4413029,52877,3234722,86,299557,83600,1783972,0.221951,60614,3249681,0.404306,84423,5033653,0.626257,8037679
4,2021-04-17,102144,8049452,64156,4477185,37960,3272682,28,299585,59598,1802548,0.224262,42231,3291912,0.40956,60807,5094460,0.633822,8037679
4,2021-04-18,57603,8107055,39036,4516221,18562,3291244,5,299590,32272,1810623,0.225267,25171,3317083,0.412692,33246,5127706,0.637959,8037679
4,2021-04-19,101773,8208828,67018,4583239,34733,3325977,22,299612,51348,1812457,0.225495,50144,3367227,0.41893,51978,5179684,0.644425,8037679
4,2021-04-20,132143,8340971,78673,4661912,53445,3379422,25,299637,68228,1818268,0.226218,63542,3430769,0.426836,69353,5249037,0.653054,8037679
4,2021-04-21,135494,8476465,88424,4750336,47003,3426425,67,299704,67895,1820225,0.226462,67142,3497911,0.435189,69099,5318136,0.661651,8037679
4,2021-04-22,142568,8619033,94619,4844955,47924,3474349,25,299729,63411,1806099,0.224704,78712,3576623,0.444982,64586,5382722,0.669686,8037679
4,2021-04-23,135948,8754981,88480,4933435,47442,3521791,26,299755,58671,1789139,0.222594,76878,3653501,0.454547,59918,5442640,0.677141,8037679
4,2021-04-24,99514,8854495,67153,5000588,32307,3554098,54,299809,45623,1782353,0.22175,53560,3707061,0.46121,46774,5489414,0.68296,8037679
4,2021-04-25,50691,8905186,35740,5036328,14924,3569022,27,299836,26379,1785081,0.222089,24150,3731211,0.464215,26878,5516292,0.686304,8037679
4,2021-04-26,92744,8997930,60841,5097169,31489,3600511,414,300250,36271,1766989,0.219838,56129,3787340,0.471198,38037,5554329,0.691036,8037679
4,2021-04-27,114584,9112514,70064,5167233,42189,3642700,2331,302581,41082,1738063,0.216239,73158,3860498,0.4803,44232,5598561,0.69654,8037679
4,2021-04-28,105329,9217843,68788,5236021,33984,3676684,2557,305138,38320,1712999,0.213121,66637,3927135,0.488591,41573,5640134,0.701712,8037679
4,2021-04-29,106838,9324681,68213,5304234,36078,3712762,2547,307685,34280,1678264,0.2088,72173,3999308,0.49757,37438,5677572,0.70637,8037679
4,2021-04-30,106561,9431242,67413,5371647,36417,3749179,2731,310416,36441,1648428,0.205088,69683,4068991,0.50624,39847,5717419,0.711327,8037679
4,2021-05-01,70388,9501630,46654,5418301,21938,3771117,1796,312212,20472,1621756,0.201769,49580,4118571,0.512408,22908,5740327,0.714177,8037679
4,2021-05-02,37921,9539551,26914,5445215,9702,3780819,1305,313517,10554,1606529,0.199875,27227,4145798,0.515795,12000,5752327,0.71567,8037679
4,2021-05-03,79799,9619350,55644,5500859,21645,3802464,2510,316027,19201,1568298,0.195118,60302,4206100,0.523298,22071,5774398,0.718416,8037679
4,2021-05-04,102018,9721368,69808,5570667,29414,3831878,2796,318823,22657,1515121,0.188502,79022,4285122,0.533129,25845,5800243,0.721632,8037679
4,2021-05-05,102853,9824221,72502,5643169,27586,3859464,2765,321588,21789,1459286,0.181556,80693,4365815,0.543169,24858,5825101,0.724724,8037679
4,2021-05-06,112650,9936871,84400,5727569,25286,3884750,2964,324552,19540,1390332,0.172977,92588,4458403,0.554688,23634,5848735,0.727665,8037679
4,2021-05-07,105558,10042429,75875,5803444,26991,3911741,2692,327244,20616,1329530,0.165412,84528,4542931,0.565204,23726,5872461,0.730617,8037679
4,2021-05-08,70271,10112700,48462,5851906,19866,3931607,1943,329187,13795,1289400,0.160419,56216,4599147,0.572198,16086,5888547,0.732618,8037679
4,2021-05-09,34580,10147280,28278,5880184,5349,3936956,953,330140,7331,1270649,0.158087,27131,4626278,0.575574,8380,5896927,0.73366,8037679
4,2021-05-10,65554,10212834,43864,5924048,19346,3956302,2344,332484,11038,1230055,0.153036,54273,4680551,0.582326,13679,5910606,0.735362,8037679
4,2021-05-11,83809,10296643,52465,5976513,29138,3985440,2206,334690,15808,1180888,0.146919,67729,4748280,0.590753,18562,5929168,0.737672,8037679
4,2021-05-12,80267,10376910,53368,6029881,24415,4009855,2484,337174,16613,1137108,0.141472,63328,4811608,0.598632,19548,5948716,0.740104,8037679
4,2021-05-13,105334,10482244,77467,6107348,26316,4036171,1551,338725,40675,1116099,0.138858,64296,4875904,0.606631,43287,5992003,0.745489,8037679
4,2021-05-14,105634,10587878,74501,6181849,28992,4065163,2141,340866,40560,1094612,0.136185,64723,4940627,0.614683,43236,6035239,0.750868,8037679
4,2021-05-15,86248,10674126,66637,6248486,18268,4083431,1343,342209,37970,1086227,0.135142,48009,4988636,0.620656,39624,6074863,0.755798,8037679
4,2021-05-16,51944,10726070,41824,6290310,9400,4092831,720,342929,21269,1077854,0.1341,30507,5019143,0.624452,22134,6096997,0.758552,8037679
4,2021-05-17,71584,10797654,52294,6342604,17440,4110271,1850,344779,28205,1065004,0.132501,43149,5062292,0.62982,30299,6127296,0.762322,8037679
4,2021-05-18,82294,10879948,53511,6396115,27021,4137292,1762,346541,29348,1043931,0.12988,52561,5114853,0.636359,31488,6158784,0.766239,8037679
4,2021-05-19,77446,10957394,52354,6448469,23133,4160425,1959,348500,31063,1031184,0.128294,46049,5160902,0.642089,33302,6192086,0.770382,8037679
4,2021-05-20,69541,11026935,44715,6493184,22816,4183241,2010,350510,25724,1015762,0.126375,43505,5204407,0.647501,28083,6220169,0.773876,8037679
4,2021-05-21,74255,11101190,48935,6542119,23426,4206667,1894,352404,26112,996227,0.123945,47806,5252213,0.653449,28271,6248440,0.777394,8037679
4,2021-05-22,50264,11151454,35256,6577375,13732,4220399,1276,353680,21774,991217,0.123321,28300,5280513,0.65697,23290,6271730,0.780291,8037679
4,2021-05-23,24033,11175487,17137,6594512,6171,4226570,725,354405,9733,987617,0.122873,14169,5294682,0.658733,10569,6282299,0.781606,8037679
4,2021-05-24,43390,11218877,27579,6622091,12789,4239359,3022,357427,15161,978012,0.121678,27986,5322668,0.662215,18381,6300680,0.783893,8037679
4,2021-05-25,45309,11264186,28180,6650271,14286,4253645,2843,360270,16027,968091,0.120444,29014,5351682,0.665824,19093,6319773,0.786268,8037679
4,2021-05-26,44989,11309175,26964,6677235,15407,4269052,2618,362888,15959,958060,0.119196,28784,5380466,0.669405,18753,6338526,0.788602,8037679
4,2021-05-27,39217,11348392,23518,6700753,12547,4281599,3152,366040,14721,951822,0.11842,24276,5404742,0.672426,18038,6356564,0.790846,8037679
4,2021-05-28,43732,11392124,27822,6728575,14290,4295889,1620,367660,18967,948157,0.117964,24470,5429212,0.67547,20805,6377369,0.793434,8037679
4,2021-05-29,23863,11415987,15484,6744059,7445,4303334,934,368594,10871,947270,0.117854,12830,5442042,0.677066,11943,6389312,0.79492,8037679
4,2021-05-30,12117,11428104,8507,6752566,3079,4306413,531,369125,5008,945849,0.117677,7028,5449070,0.677941,5607,6394919,0.795618,8037679
4,2021-05-31,3660,11431764,2332,6754898,1163,4307576,165,369290,1166,944773,0.117543,2428,5451498,0.678243,1352,6396271,0.795786,8037679
4,2021-06-01,39788,11471552,24720,6779618,12605,4320181,2463,371753,13083,934090,0.116214,26445,5477943,0.681533,15762,6412033,0.797747,8037679
4,2021-06-02,32938,11504490,20570,6800188,9545,4329726,2823,374576,10981,926282,0.115242,21759,5499702,0.68424,13951,6425984,0.799483,8037679
4,2021-06-03,48610,11553100,37306,6837494,8825,4338551,2479,377055,10469,901595,0.112171,37948,5537650,0.688961,13261,6439245,0.801132,8037679
4,2021-06-04,55412,11608512,44624,6882118,9452,4348003,1336,378391,12893,874377,0.108785,42262,5579912,0.694219,15044,6454289,0.803004,8037679
4,2021-06-05,45182,11653694,38700,6920818,5481,4353484,1001,379392,8801,848268,0.105536,36214,5616126,0.698725,10105,6464394,0.804261,8037679
4,2021-06-06,21316,11675010,19019,6939837,1729,4355213,568,379960,3915,835862,0.103993,17288,5633414,0.700876,4882,6469276,0.804869,8037679
4,2021-06-07,39006,11714016,31546,6971383,5504,4360717,1956,381916,8516,816285,0.101557,30342,5663756,0.704651,10765,6480041,0.806208,8037679
4,2021-06-08,40774,11754790,31983,7003366,6237,4366954,2554,384470,9447,797500,0.09922,31126,5694882,0.708523,12341,6492382,0.807743,8037679
4,2021-06-09,39111,11793901,31003,7034369,5734,4372688,2374,386844,7916,777137,0.096687,31011,5725893,0.712381,10648,6503030,0.809068,8037679
4,2021-06-10,37353,11831254,29420,7063789,5307,4377995,2626,389470,8433,759712,0.094519,28747,5754640,0.715958,11322,6514352,0.810477,8037679
4,2021-06-11,38608,11869862,30286,7094075,6301,4384296,2021,391491,9956,743572,0.092511,28469,5783109,0.7195,12329,6526681,0.812011,8037679
4,2021-06-12,26833,11896695,22330,7116405,3784,4388080,719,392210,6117,730026,0.090825,20600,5803709,0.722063,7054,6533735,0.812888,8037679
4,2021-06-13,10900,11907595,8614,7125019,1807,4389887,479,392689,2283,724351,0.090119,8547,5812256,0.723126,2872,6536607,0.813246,8037679
4,2021-06-14,28807,11936402,21553,7146572,4445,4394332,2809,395498,7850,714421,0.088884,20807,5833063,0.725715,10877,6547484,0.814599,8037679
4,2021-06-15,30238,11966640,21404,7167976,5422,4399754,3412,398910,8362,704758,0.087682,21690,5854753,0.728413,12027,6559511,0.816095,8037679
4,2021-06-16,26862,11993502,20262,7188238,3972,4403726,2628,401538,8114,697160,0.086736,18550,5873303,0.730721,10952,6570463,0.817458,8037679
4,2021-06-17,25285,12018787,18675,7206913,3708,4407434,2902,404440,7668,690504,0.085908,17417,5890720,0.732888,10761,6581224,0.818797,8037679
4,2021-06-18,26820,12045607,21137,7228050,4446,4411880,1237,405677,8230,681841,0.084831,18378,5909098,0.735175,9715,6590939,0.820005,8037679
4,2021-06-19,15818,12061425,12795,7240845,2313,4414193,710,406387,5066,677181,0.084251,10603,5919701,0.736494,5943,6596882,0.820745,8037679
4,2021-06-20,7379,12068804,6074,7246919,999,4415192,306,406693,2620,675498,0.084041,4695,5924396,0.737078,3012,6599894,0.821119,8037679
4,2021-06-21,14626,12083430,10568,7257487,2908,4418100,1150,407843,7336,676946,0.084222,7196,5931592,0.737973,8644,6608538,0.822195,8037679
4,2021-06-22,20553,12103983,16009,7273496,3463,4421563,1081,408924,7095,671955,0.083601,13319,5944911,0.73963,8328,6616866,0.823231,8037679
4,2021-06-23,18492,12122475,14508,7288004,2982,4424545,1002,409926,6719,668177,0.083131,11626,5956537,0.741077,7848,6624714,0.824207,8037679
4,2021-06-24,17679,12140154,13676,7301680,3014,4427559,989,410915,6569,664929,0.082726,10944,5967481,0.742438,7696,6632410,0.825165,8037679
4,2021-06-25,21709,12161863,17058,7318738,3598,4431157,1053,411968,7832,660259,0.082145,13727,5981208,0.744146,9057,6641467,0.826292,8037679
4,2021-06-26,13156,12175019,10715,7329453,1823,4432980,618,412586,4841,657641,0.08182,8189,5989397,0.745165,5571,6647038,0.826985,8037679
4,2021-06-27,6912,12181931,5604,7335057,966,4433946,342,412928,2908,656981,0.081738,3964,5993361,0.745658,3304,6650342,0.827396,8037679
4,2021-06-28,15218,12197149,12774,7347831,1584,4435530,860,413788,6100,655055,0.081498,9015,6002376,0.74678,7089,6657431,0.828278,8037679
4,2021-06-29,16598,12213747,12882,7360713,2900,4438430,816,414604,6419,652363,0.081163,10048,6012424,0.74803,7356,6664787,0.829193,8037679
4,2021-06-30,14730,12228477,11488,7372201,2503,4440933,739,415343,6126,650885,0.080979,8463,6020887,0.749083,6985,6671772,0.830062,8037679
4,2021-07-01,14687,12243164,11566,7383767,2368,4443301,753,416096,6036,649300,0.080782,8511,6029398,0.750142,6926,6678698,0.830924,8037679
4,2021-07-02,17029,12260193,13498,7397265,2753,4446054,778,416874,6974,647237,0.080525,9944,6039342,0.751379,7881,6686579,0.831904,8037679
4,2021-07-03,9301,12269494,7389,7404654,1497,4447551,415,417289,4013,646522,0.080436,5201,6044543,0.752026,4486,6691065,0.832462,8037679
4,2021-07-04,450,12269944,281,7404935,108,4447659,61,417350,200,646551,0.08044,243,6044786,0.752056,272,6691337,0.832496,8037679
4,2021-07-05,9283,12279227,7545,7412480,1321,4448980,417,417767,4218,646256,0.080403,4980,6049766,0.752676,4685,6696022,0.833079,8037679
4,2021-07-06,16658,12295885,13131,7425611,2716,4451696,811,418578,6143,642942,0.079991,10378,6060144,0.753967,7064,6703086,0.833958,8037679
4,2021-07-07,13831,12309716,10791,7436402,2254,4453950,786,419364,5198,640532,0.079691,8514,6068658,0.755026,6104,6709190,0.834717,8037679
4,2021-07-08,13333,12323049,10399,7446801,2087,4456037,847,420211,5239,638744,0.079469,7962,6076620,0.756017,6174,6715364,0.835485,8037679
4,2021-07-09,15554,12338603,11924,7458725,2692,4458729,938,421149,6321,637045,0.079257,9078,6085698,0.757146,7379,6722743,0.836404,8037679
4,2021-07-10,8935,12347538,7073,7465798,1458,4460187,404,421553,3766,636193,0.079151,5081,6090779,0.757778,4229,6726972,0.83693,8037679
4,2021-07-11,4995,12352533,3996,7469794,799,4460986,200,421753,2238,635948,0.079121,2713,6093492,0.758116,2468,6729440,0.837237,8037679
4,2021-07-12,13135,12365668,10401,7480195,2003,4462989,731,422484,5096,633922,0.078869,7954,6101446,0.759105,5928,6735368,0.837974,8037679
4,2021-07-13,12908,12378576,9881,7490076,2386,4465375,641,423125,5494,632846,0.078735,7307,6108753,0.760015,6231,6741599,0.838749,8037679
4,2021-07-14,11833,12390409,9306,7499382,1966,4467341,561,423686,5128,631992,0.078629,6611,6115364,0.760837,5757,6747356,0.839466,8037679
4,2021-07-15,12542,12402951,9954,7509336,1991,4469332,597,424283,5712,631678,0.07859,6699,6122063,0.761671,6385,6753741,0.84026,8037679
4,2021-07-16,15093,12418044,11769,7521105,2653,4471985,671,424954,6960,631390,0.078554,8027,6130090,0.762669,7739,6761480,0.841223,8037679
4,2021-07-17,9405,12427449,7439,7528544,1640,4473625,326,425280,4443,631341,0.078548,4863,6134953,0.763274,4814,6766294,0.841822,8037679
4,2021-07-18,5395,12432844,4346,7532890,849,4474474,200,425480,2545,631315,0.078544,2792,6137745,0.763622,2766,6769060,0.842166,8037679
4,2021-07-19,12872,12445716,10201,7543091,2011,4476485,660,426140,6113,631503,0.078568,6661,6144406,0.76445,6849,6775909,0.843018,8037679
4,2021-07-20,13939,12459655,10739,7553830,2532,4479017,668,426808,6893,632248,0.078661,6898,6151304,0.765308,7643,6783552,0.843969,8037679
4,2021-07-21,12921,12472576,10020,7563850,2246,4481263,655,427463,6432,633043,0.078759,6347,6157651,0.766098,7142,6790694,0.844858,8037679
4,2021-07-22,13609,12486185,10625,7574475,2318,4483581,666,428129,7078,634464,0.078936,6386,6164037,0.766893,7807,6798501,0.845829,8037679
4,2021-07-23,15856,12502041,12219,7586694,2929,4486510,708,428837,8293,636163,0.079148,7388,6171425,0.767812,9087,6807588,0.846959,8037679
4,2021-07-24,9658,12511699,7556,7594250,1769,4488279,333,429170,4960,636950,0.079246,4556,6175981,0.768379,5343,6812931,0.847624,8037679
4,2021-07-25,4814,12516513,3783,7598033,872,4489151,159,429329,3388,639144,0.079518,1368,6177349,0.768549,3562,6816493,0.848067,8037679
4,2021-07-26,13133,12529646,10281,7608314,2162,4491313,690,430019,7632,642178,0.079896,5341,6182690,0.769213,8375,6824868,0.849109,8037679
4,2021-07-27,14505,12544151,11120,7619434,2618,4493931,767,430786,7837,644318,0.080162,6504,6189194,0.770023,8644,6833512,0.850185,8037679
4,2021-07-28,13322,12557473,10157,7629591,2461,4496392,704,431490,7384,646708,0.08046,5755,6194949,0.770739,8145,6841657,0.851198,8037679
4,2021-07-29,13627,12571100,10586,7640177,2316,4498708,725,432215,7647,649413,0.080796,5744,6200693,0.771453,8449,6850106,0.852249,8037679
4,2021-07-30,15913,12587013,12164,7652341,2938,4501646,811,433026,8632,652057,0.081125,6901,6207594,0.772312,9545,6859651,0.853437,8037679
4,2021-07-31,9798,12596811,7644,7659985,1727,4503373,427,433453,5526,653983,0.081365,4068,6211662,0.772818,5994,6865645,0.854183,8037679
4,2021-08-01,5471,12602282,4507,7664492,792,4504165,172,433625,3228,655293,0.081528,2125,6213787,0.773082,3435,6869080,0.85461,8037679
4,2021-08-02,14189,12616471,11324,7675816,2115,4506280,750,434375,8291,658711,0.081953,5689,6219476,0.77379,9107,6878187,0.855743,8037679
4,2021-08-03,14749,12631220,11325,7687141,2658,4508938,766,435141,8475,661981,0.08236,6047,6225523,0.774542,9317,6887504,0.856902,8037679
4,2021-08-04,13424,12644644,10457,7697598,2272,4511210,695,435836,7578,664669,0.082694,5626,6231149,0.775242,8314,6895818,0.857936,8037679
4,2021-08-05,14426,12659070,11384,7708982,2268,4513478,774,436610,8089,667502,0.083047,6079,6237228,0.775999,8912,6904730,0.859045,8037679
4,2021-08-06,17334,12676404,13298,7722280,3158,4516636,878,437488,9647,670742,0.08345,7351,6244579,0.776913,10591,6915321,0.860363,8037679
4,2021-08-07,10250,12686654,8159,7730439,1649,4518285,442,437930,5591,672339,0.083648,4477,6249056,0.77747,6074,6921395,0.861119,8037679
4,2021-08-08,6254,12692908,4969,7735408,1081,4519366,204,438134,3598,673653,0.083812,2517,6251573,0.777783,3831,6925226,0.861595,8037679
4,2021-08-09,14776,12707684,11969,7747377,2055,4521421,752,438886,7919,675780,0.084077,6619,6258192,0.778607,8746,6933972,0.862683,8037679
4,2021-08-10,15005,12722689,11540,7758917,2690,4524111,775,439661,7921,677709,0.084317,6834,6265026,0.779457,8763,6942735,0.863774,8037679
4,2021-08-11,12737,12735426,9756,7768673,2199,4526310,782,440443,6650,679348,0.08452,5823,6270849,0.780182,7462,6950197,0.864702,8037679
4,2021-08-12,14248,12749674,10840,7779513,2640,4528950,768,441211,7325,680927,0.084717,6559,6277408,0.780998,8138,6958335,0.865714,8037679
4,2021-08-13,18009,12767683,13334,7792847,3765,4532715,910,442121,8887,682357,0.084895,8439,6285847,0.782048,9869,6968204,0.866942,8037679
4,2021-08-14,12377,12780060,8826,7801673,3021,4535736,530,442651,5657,683591,0.085048,5012,6290859,0.782671,6246,6974450,0.867719,8037679
4,2021-08-15,7549,12787609,5525,7807198,1800,4537536,224,442875,3356,684294,0.085136,2922,6293781,0.783035,3625,6978075,0.86817,8037679
4,2021-08-16,18263,12805872,12649,7819847,4729,4542265,885,443760,7546,685270,0.085257,7533,6301314,0.783972,8509,6986584,0.869229,8037679
4,2021-08-17,18572,12824444,12634,7832481,5074,4547339,864,444624,7353,686027,0.085351,7540,6308854,0.78491,8297,6994881,0.870261,8037679
4,2021-08-18,18197,12842641,12255,7844736,5145,4552484,797,445421,6926,686785,0.085446,7046,6315900,0.785787,7804,7002685,0.871232,8037679
4,2021-08-19,18619,12861260,12416,7857152,5406,4557890,797,446218,6886,687638,0.085552,6911,6322811,0.786646,7764,7010449,0.872198,8037679
4,2021-08-20,23451,12884711,15850,7873002,6751,4564641,850,447068,8375,687746,0.085565,9232,6332043,0.787795,9340,7019789,0.87336,8037679
4,2021-08-21,14736,12899447,10295,7883297,4035,4568676,406,447474,4963,687361,0.085517,5818,6337861,0.788519,5433,7025222,0.874036,8037679
4,2021-08-22,8735,12908182,6170,7889467,2403,4571079,162,447636,3436,687812,0.085573,3196,6341057,0.788916,3647,7028869,0.87449,8037679
4,2021-08-23,20547,12928729,14468,7903935,5371,4576450,708,448344,7475,688158,0.085617,8030,6349087,0.789915,8376,7037245,0.875532,8037679
4,2021-08-24,19868,12948597,14032,7917967,5162,4581612,674,449018,6997,688112,0.085611,7872,6356959,0.790895,7826,7045071,0.876506,8037679
4,2021-08-25,18345,12966942,12955,7930922,4758,4586370,632,449650,6595,688499,0.085659,7007,6363966,0.791767,7394,7052465,0.877426,8037679
4,2021-08-26,18825,12985767,13261,7944183,4933,4591303,631,450281,6450,688293,0.085633,7415,6371381,0.792689,7209,7059674,0.878322,8037679
4,2021-08-27,23116,13008883,16501,7960684,5932,4597235,683,450964,7677,687150,0.085491,9710,6381091,0.793897,8567,7068241,0.879388,8037679
4,2021-08-28,14278,13023161,10212,7970896,3704,4600939,362,451326,4778,686473,0.085407,5931,6387022,0.794635,5254,7073495,0.880042,8037679
4,2021-08-29,8421,13031582,6009,7976905,2306,4603245,106,451432,2918,686102,0.085361,3468,6390490,0.795067,3097,7076592,0.880427,8037679
4,2021-08-30,18957,13050539,13246,7990151,5076,4608321,635,452067,6086,685192,0.085247,7789,6398279,0.796036,6879,7083471,0.881283,8037679
4,2021-08-31,19000,13069539,12964,8003115,5486,4613807,550,452617,5618,683945,0.085092,7552,6405831,0.796975,6305,7089776,0.882068,8037679
4,2021-09-01,17243,13086782,11848,8014963,4888,4618695,507,453124,5557,683827,0.085078,6310,6412141,0.79776,6192,7095968,0.882838,8037679
4,2021-09-02,17370,13104152,11880,8026843,4971,4623666,519,453643,5303,683270,0.085008,6491,6418632,0.798568,5934,7101902,0.883576,8037679
4,2021-09-03,21340,13125492,14785,8041628,5908,4629574,647,454290,6453,681488,0.084787,9100,6427732,0.7997,7318,7109220,0.884487,8037679
4,2021-09-04,11621,13137113,8410,8050038,2926,4632500,285,454575,3661,680290,0.084638,5240,6432972,0.800352,4042,7113262,0.88499,8037679
4,2021-09-05,7563,13144676,5415,8055453,2054,4634554,94,454669,2671,680089,0.084613,3038,6436010,0.80073,2837,7116099,0.885343,8037679
4,2021-09-06,2707,13147383,1766,8057219,892,4635446,49,454718,1013,680038,0.084606,1128,6437138,0.80087,1077,7117176,0.885477,8037679
4,2021-09-07,17753,13165136,12626,8069845,4617,4640063,510,455228,4899,677237,0.084258,8350,6445488,0.801909,5549,7122725,0.886167,8037679
4,2021-09-08,15293,13180429,10798,8080643,4037,4644100,458,455686,4752,676212,0.08413,6332,6451820,0.802697,5307,7128032,0.886827,8037679
4,2021-09-09,14840,13195269,10140,8090783,4162,4648262,538,456224,4546,675337,0.084021,6076,6457896,0.803453,5201,7133233,0.887474,8037679
4,2021-09-10,18146,13213415,12635,8103418,4953,4653215,558,456782,5429,673281,0.083766,8185,6466081,0.804471,6129,7139362,0.888237,8037679
4,2021-09-11,3813,13217228,2732,8106150,832,4654047,249,457031,1130,672739,0.083698,1977,6468058,0.804717,1435,7140797,0.888415,8037679
