vemquartile,administered_date,total_doses,cumulative_total_doses,pfizer_doses,cumulative_pfizer_doses,moderna_doses,cumulative_moderna_doses,jj_doses,cumulative_jj_doses,partially_vaccinated,total_partially_vaccinated,pct_age12pop_partially_vaccinated,fully_vaccinated,cumulative_fully_vaccinated,pct_age12pop_fully_vaccinated,at_least_one_dose,cumulative_at_least_one_dose,pct_age12pop_at_least_one_dose,age12_population
1,2020-12-15,154,154,154,154,0,0,0,0,154,154,1.8e-05,0,0,0.0,154,154,1.8e-05,8700223
1,2020-12-16,1227,1381,1227,1381,0,0,0,0,1227,1381,0.000159,0,0,0.0,1227,1381,0.000159,8700223
1,2020-12-17,4180,5561,4180,5561,0,0,0,0,4181,5562,0.000639,0,0,0.0,4181,5562,0.000639,8700223
1,2020-12-18,6376,11937,6354,11915,22,22,0,0,6378,11939,0.001372,1,1,0.0,6378,11940,0.001372,8700223
1,2020-12-19,2875,14812,2872,14787,3,25,0,0,2874,14812,0.001702,1,2,0.0,2874,14814,0.001703,8700223
1,2020-12-20,2124,16936,2116,16903,8,33,0,0,2125,16937,0.001947,0,2,0.0,2125,16939,0.001947,8700223
1,2020-12-21,7645,24581,7624,24527,21,54,0,0,7694,24631,0.002831,1,3,0.0,7695,24634,0.002831,8700223
1,2020-12-22,7308,31889,6966,31493,342,396,0,0,7309,31938,0.003671,2,5,1e-06,7309,31943,0.003672,8700223
1,2020-12-23,7832,39721,6575,38068,1257,1653,0,0,7827,39764,0.00457,2,7,1e-06,7828,39771,0.004571,8700223
1,2020-12-24,3299,43020,2360,40428,939,2592,0,0,3301,43065,0.00495,0,7,1e-06,3301,43072,0.004951,8700223
1,2020-12-25,237,43257,153,40581,84,2676,0,0,237,43302,0.004977,0,7,1e-06,237,43309,0.004978,8700223
1,2020-12-26,1362,44619,970,41551,392,3068,0,0,1361,44662,0.005133,1,8,1e-06,1361,44670,0.005134,8700223
1,2020-12-27,871,45490,539,42090,332,3400,0,0,871,45532,0.005233,1,9,1e-06,871,45541,0.005234,8700223
1,2020-12-28,7095,52585,4755,46845,2340,5740,0,0,7093,52625,0.006049,0,9,1e-06,7093,52634,0.00605,8700223
1,2020-12-29,8906,61491,4979,51824,3927,9667,0,0,8902,61524,0.007072,3,12,1e-06,8902,61536,0.007073,8700223
1,2020-12-30,11572,73063,6443,58267,5129,14796,0,0,11572,73096,0.008402,0,12,1e-06,11572,73108,0.008403,8700223
1,2020-12-31,5984,79047,1956,60223,4028,18824,0,0,5982,79076,0.009089,3,15,2e-06,5983,79091,0.009091,8700223
1,2021-01-01,598,79645,218,60441,380,19204,0,0,596,79670,0.009157,2,17,2e-06,596,79687,0.009159,8700223
1,2021-01-02,2913,82558,1765,62206,1148,20352,0,0,2913,82583,0.009492,0,17,2e-06,2913,82600,0.009494,8700223
1,2021-01-03,1040,83598,551,62757,489,20841,0,0,1038,83618,0.009611,3,20,2e-06,1038,83638,0.009613,8700223
1,2021-01-04,7375,90973,3584,66341,3791,24632,0,0,7379,90996,0.010459,1,21,2e-06,7379,91017,0.010461,8700223
1,2021-01-05,10867,101840,5250,71591,5617,30249,0,0,10072,100313,0.01153,777,798,9.2e-05,10094,101111,0.011622,8700223
1,2021-01-06,14079,115919,7067,78658,7012,37261,0,0,12156,110595,0.012712,1887,2685,0.000309,12169,113280,0.01302,8700223
1,2021-01-07,17524,133443,9165,87823,8359,45620,0,0,13008,119188,0.013699,4425,7110,0.000817,13018,126298,0.014517,8700223
1,2021-01-08,20178,153621,10481,98304,9697,55317,0,0,14234,127503,0.014655,5928,13038,0.001499,14243,140541,0.016154,8700223
1,2021-01-09,6684,160305,3396,101700,3288,58605,0,0,4832,130489,0.014998,1849,14887,0.001711,4835,145376,0.016709,8700223
1,2021-01-10,3093,163398,1763,103463,1330,59935,0,0,1908,131217,0.015082,1181,16068,0.001847,1909,147285,0.016929,8700223
1,2021-01-11,18074,181472,11845,115308,6229,66164,0,0,11531,136258,0.015661,6533,22601,0.002598,11574,158859,0.018259,8700223
1,2021-01-12,19115,200587,10954,126262,8161,74325,0,0,13126,143463,0.01649,5962,28563,0.003283,13167,172026,0.019773,8700223
1,2021-01-13,19838,220425,10736,136998,9102,83427,0,0,14686,153035,0.01759,5132,33695,0.003873,14704,186730,0.021463,8700223
1,2021-01-14,22034,242459,9453,146451,12581,96008,0,0,19282,169677,0.019503,2698,36393,0.004183,19340,206070,0.023686,8700223
1,2021-01-15,25185,267644,9245,155696,15940,111948,0,0,23240,191072,0.021962,1906,38299,0.004402,23301,229371,0.026364,8700223
1,2021-01-16,13876,281520,4532,160228,9344,121292,0,0,13006,203214,0.023357,867,39166,0.004502,13009,242380,0.027859,8700223
1,2021-01-17,5220,286740,2036,162264,3184,124476,0,0,4852,207701,0.023873,368,39534,0.004544,4855,247235,0.028417,8700223
1,2021-01-18,14337,301077,8608,170872,5729,130205,0,0,11155,215742,0.024797,3169,42703,0.004908,11210,258445,0.029706,8700223
1,2021-01-19,24690,325767,12762,183634,11928,142133,0,0,19533,230190,0.026458,5139,47842,0.005499,19587,278032,0.031957,8700223
1,2021-01-20,29440,355207,14720,198354,14720,156853,0,0,23519,247904,0.028494,5844,53686,0.006171,23558,301590,0.034665,8700223
1,2021-01-21,31220,386427,14649,213003,16571,173424,0,0,27948,272741,0.031349,3206,56892,0.006539,28043,329633,0.037888,8700223
1,2021-01-22,28388,414815,11279,224282,17109,190533,0,0,26318,297088,0.034147,2004,58896,0.006769,26351,355984,0.040917,8700223
1,2021-01-23,18733,433548,8197,232479,10536,201069,0,0,16772,311938,0.035854,1932,60828,0.006992,16782,372766,0.042846,8700223
1,2021-01-24,6688,440236,4162,236641,2526,203595,0,0,6029,317319,0.036473,654,61482,0.007067,6035,378801,0.043539,8700223
1,2021-01-25,25444,465680,10492,247133,14952,218547,0,0,19656,331340,0.038084,5741,67223,0.007727,19762,398563,0.045811,8700223
1,2021-01-26,28828,494508,13485,260618,15343,233890,0,0,22134,346861,0.039868,6634,73857,0.008489,22155,420718,0.048357,8700223
1,2021-01-27,32673,527181,15553,276171,17120,251010,0,0,24550,363388,0.041768,8056,81913,0.009415,24583,445301,0.051183,8700223
1,2021-01-28,35001,562182,16409,292580,18592,269602,0,0,28038,384598,0.044206,6894,88807,0.010207,28104,473405,0.054413,8700223
1,2021-01-29,33681,595863,16448,309028,17233,286835,0,0,27100,405301,0.046585,6436,95243,0.010947,27139,500544,0.057532,8700223
1,2021-01-30,20206,616069,8739,317767,11467,298302,0,0,18071,421278,0.048422,2105,97348,0.011189,18082,518626,0.059611,8700223
1,2021-01-31,7649,623718,4973,322740,2676,300978,0,0,6937,427509,0.049138,709,98057,0.011271,6940,525566,0.060408,8700223
1,2021-02-01,29008,652726,12532,335272,16476,317454,0,0,21176,440908,0.050678,7782,105839,0.012165,21181,546747,0.062843,8700223
1,2021-02-02,32753,685479,11825,347097,20928,338382,0,0,24484,457243,0.052555,8186,114025,0.013106,24521,571268,0.065661,8700223
1,2021-02-03,39685,725164,15263,362360,24422,362804,0,0,28582,474924,0.054588,10938,124963,0.014363,28619,599887,0.068951,8700223
1,2021-02-04,44027,769191,17134,379494,26893,389697,0,0,31752,494572,0.056846,12152,137115,0.01576,31800,631687,0.072606,8700223
1,2021-02-05,46790,815981,17167,396661,29623,419320,0,0,30663,509312,0.05854,15976,153091,0.017596,30716,662403,0.076136,8700223
1,2021-02-06,26547,842528,10490,407151,16057,435377,0,0,20635,524098,0.06024,5865,158956,0.01827,20651,683054,0.07851,8700223
1,2021-02-07,6267,848795,4032,411183,2235,437612,0,0,4623,527114,0.060586,1625,160581,0.018457,4641,687695,0.079043,8700223
1,2021-02-08,31616,880411,14436,425619,17180,454792,0,0,21066,537821,0.061817,10455,171036,0.019659,21162,708857,0.081476,8700223
1,2021-02-09,38476,918887,16879,442498,21597,476389,0,0,23686,546884,0.062859,14701,185737,0.021349,23764,732621,0.084207,8700223
1,2021-02-10,47239,966126,22146,464644,25093,501482,0,0,26852,553552,0.063625,20263,206000,0.023678,26931,759552,0.087303,8700223
1,2021-02-11,51792,1017918,25429,490073,26363,527845,0,0,30923,564027,0.064829,20552,226552,0.02604,31027,790579,0.090869,8700223
1,2021-02-12,50012,1067930,21520,511593,28492,556337,0,0,28689,571689,0.06571,21166,247718,0.028473,28828,819407,0.094182,8700223
1,2021-02-13,26383,1094313,11534,523127,14849,571186,0,0,15261,575975,0.066202,11051,258769,0.029743,15337,834744,0.095945,8700223
1,2021-02-14,11787,1106100,5562,528689,6225,577411,0,0,6705,577694,0.0664,5051,263820,0.030323,6770,841514,0.096723,8700223
1,2021-02-15,23897,1129997,9385,538074,14512,591923,0,0,14543,583118,0.067023,9234,273054,0.031385,14658,856172,0.098408,8700223
1,2021-02-16,47154,1177151,22514,560588,24640,616563,0,0,27524,591207,0.067953,19547,292601,0.033631,27636,883808,0.101585,8700223
1,2021-02-17,48508,1225659,24571,585159,23937,640500,0,0,26120,595239,0.068417,22236,314837,0.036187,26268,910076,0.104604,8700223
1,2021-02-18,51155,1276814,25593,610752,25562,666062,0,0,26503,597563,0.068684,24410,339247,0.038993,26734,936810,0.107677,8700223
1,2021-02-19,46606,1323420,25283,636035,21323,687385,0,0,26095,603366,0.069351,20355,359602,0.041333,26158,962968,0.110683,8700223
1,2021-02-20,27641,1351061,16841,652876,10800,698185,0,0,15774,607411,0.069816,11806,371408,0.042689,15851,978819,0.112505,8700223
1,2021-02-21,12337,1363398,10621,663497,1716,699901,0,0,7426,610035,0.070117,4851,376259,0.043247,7475,986294,0.113364,8700223
1,2021-02-22,31565,1394963,20788,684285,10777,710678,0,0,18156,614977,0.070685,13315,389574,0.044777,18257,1004551,0.115463,8700223
1,2021-02-23,45688,1440651,22129,706414,23559,734237,0,0,25071,620085,0.071272,20326,409900,0.047114,25434,1029985,0.118386,8700223
1,2021-02-24,55759,1496410,26929,733343,28830,763067,0,0,30666,626317,0.071989,24886,434786,0.049974,31118,1061103,0.121963,8700223
1,2021-02-25,68375,1564785,33205,766548,35170,798237,0,0,42260,643130,0.073921,25947,460733,0.052956,42760,1103863,0.126878,8700223
1,2021-02-26,76337,1641122,35788,802336,40549,838786,0,0,49870,667248,0.076693,26227,486960,0.055971,50345,1154208,0.132664,8700223
1,2021-02-27,52584,1693706,24154,826490,28421,867207,9,9,34485,684054,0.078625,17954,504914,0.058035,34760,1188968,0.136659,8700223
1,2021-02-28,20131,1713837,11947,838437,8182,875389,2,11,14753,693657,0.079729,5292,510206,0.058643,14895,1203863,0.138372,8700223
1,2021-03-01,45623,1759460,21115,859552,24463,899852,45,56,29287,707067,0.08127,16160,526366,0.0605,29570,1233433,0.14177,8700223
1,2021-03-02,63584,1823044,27558,887110,36017,935869,9,65,40538,725364,0.083373,22867,549233,0.063129,41164,1274597,0.146502,8700223
1,2021-03-03,70415,1893459,33728,920838,36661,972530,26,91,43088,741905,0.085274,27166,576399,0.066251,43707,1318304,0.151525,8700223
1,2021-03-04,78647,1972106,37155,957993,41456,1013986,36,127,50743,765480,0.087984,27715,604114,0.069437,51290,1369594,0.157421,8700223
1,2021-03-05,77945,2050051,35347,993340,42391,1056377,207,334,52211,793035,0.091151,25488,629602,0.072366,53043,1422637,0.163517,8700223
1,2021-03-06,57485,2107536,27489,1020829,28644,1085021,1352,1686,39102,815546,0.093739,18303,647905,0.07447,40814,1463451,0.168208,8700223
1,2021-03-07,20932,2128468,13025,1033854,6717,1091738,1190,2876,15496,827075,0.095064,5410,653315,0.075092,16939,1480390,0.170155,8700223
1,2021-03-08,45966,2174434,22474,1056328,21536,1113274,1956,4832,32204,847914,0.097459,13657,666972,0.076661,34496,1514886,0.17412,8700223
1,2021-03-09,66652,2241086,32242,1088570,31907,1145181,2503,7335,40990,866236,0.099565,25508,692480,0.079593,43830,1558716,0.179158,8700223
1,2021-03-10,73630,2314716,36676,1125246,32470,1177651,4484,11819,45310,888184,0.102087,28212,720692,0.082836,50160,1608876,0.184924,8700223
1,2021-03-11,90096,2404812,41405,1166651,40684,1218335,8007,19826,52446,911669,0.104787,37418,758110,0.087137,60903,1669779,0.191924,8700223
1,2021-03-12,98830,2503642,43565,1210216,42858,1261193,12407,32233,57745,941397,0.108204,40874,798984,0.091835,70602,1740381,0.200039,8700223
1,2021-03-13,65283,2568925,29531,1239747,28080,1289273,7672,39905,41646,967530,0.111207,23504,822488,0.094536,49637,1790018,0.205744,8700223
1,2021-03-14,27887,2596812,14913,1254660,9404,1298677,3570,43475,15619,974712,0.112033,12196,834684,0.095938,19378,1809396,0.207971,8700223
1,2021-03-15,65232,2662044,28769,1283429,29714,1328391,6749,50224,38354,993514,0.114194,26657,861341,0.099002,45459,1854855,0.213196,8700223
1,2021-03-16,85774,2747818,39106,1322535,41026,1369417,5642,55866,53173,1020317,0.117275,32373,893714,0.102723,59176,1914031,0.219998,8700223
1,2021-03-17,92965,2840783,45338,1367873,41087,1410504,6540,62406,59744,1053970,0.121143,32990,926704,0.106515,66643,1980674,0.227658,8700223
1,2021-03-18,98740,2939523,50904,1418777,42118,1452622,5718,68124,59710,1081211,0.124274,38673,965377,0.11096,65914,2046588,0.235234,8700223
1,2021-03-19,103615,3043138,53661,1472438,43653,1496275,6301,74425,60568,1105845,0.127105,42752,1008129,0.115874,67386,2113974,0.242979,8700223
1,2021-03-20,72489,3115627,37279,1509717,29996,1526271,5214,79639,46503,1132046,0.130117,25797,1033926,0.118839,51998,2165972,0.248956,8700223
1,2021-03-21,27238,3142865,19021,1528738,6409,1532680,1808,81447,16961,1140724,0.131114,10182,1044108,0.120009,18860,2184832,0.251124,8700223
1,2021-03-22,59192,3202057,30581,1559319,25324,1558004,3287,84734,39895,1165210,0.133929,19070,1063178,0.122201,43556,2228388,0.25613,8700223
1,2021-03-23,83063,3285120,42283,1601602,37161,1595165,3619,88353,51124,1188719,0.136631,31691,1094869,0.125844,55200,2283588,0.262475,8700223
1,2021-03-24,87909,3373029,44508,1646110,39059,1634224,4342,92695,52533,1210676,0.139155,35086,1129955,0.129877,57043,2340631,0.269031,8700223
1,2021-03-25,96724,3469753,49468,1695578,41433,1675657,5823,98518,53680,1227673,0.141108,42711,1172666,0.134786,59708,2400339,0.275894,8700223
1,2021-03-26,104440,3574193,50947,1746525,47179,1722836,6314,104832,55894,1241996,0.142755,48178,1220844,0.140323,62501,2462840,0.283078,8700223
1,2021-03-27,73970,3648163,38231,1784756,31526,1754362,4213,109045,37955,1248579,0.143511,35785,1256629,0.144436,42368,2505208,0.287948,8700223
1,2021-03-28,32686,3680849,21403,1806159,10066,1764428,1217,110262,16367,1250404,0.143721,16208,1272837,0.146299,18033,2523241,0.29002,8700223
1,2021-03-29,67174,3748023,33370,1839529,30644,1795072,3160,113422,36958,1260724,0.144907,30002,1302839,0.149748,40322,2563563,0.294655,8700223
1,2021-03-30,92009,3840032,45331,1884860,40306,1835378,6372,119794,47219,1269817,0.145952,44580,1347419,0.154872,53673,2617236,0.300824,8700223
1,2021-03-31,100855,3940887,52667,1937527,41992,1877370,6196,125990,55292,1286125,0.147827,45241,1392660,0.160072,61549,2678785,0.307898,8700223
1,2021-04-01,111962,4052849,53594,1991121,49579,1926949,8789,134779,57019,1297472,0.149131,54505,1447165,0.166337,65852,2744637,0.315467,8700223
1,2021-04-02,111291,4164140,50927,2042048,50663,1977612,9701,144480,56408,1309329,0.150494,54454,1501619,0.172595,66311,2810948,0.323089,8700223
1,2021-04-03,78045,4242185,39304,2081352,29103,2006715,9638,154118,36502,1314170,0.15105,41357,1542976,0.177349,46198,2857146,0.328399,8700223
1,2021-04-04,23774,4265959,11829,2093181,8478,2015193,3467,157585,9947,1313813,0.151009,13761,1556737,0.178931,13404,2870550,0.32994,8700223
1,2021-04-05,76364,4342323,36669,2129850,30377,2045570,9318,166903,34227,1315583,0.151213,41930,1598667,0.18375,43700,2914250,0.334963,8700223
1,2021-04-06,103660,4445983,49253,2179103,37816,2083386,16591,183494,46764,1322370,0.151993,56597,1655264,0.190255,63384,2977634,0.342248,8700223
1,2021-04-07,111866,4557849,54387,2233490,39931,2123317,17548,201042,50377,1329134,0.15277,61183,1716447,0.197288,67947,3045581,0.350058,8700223
1,2021-04-08,122398,4680247,57988,2291478,43431,2166748,20979,222021,54075,1336346,0.153599,67902,1784349,0.205092,75114,3120695,0.358691,8700223
1,2021-04-09,123657,4803904,56477,2347955,46359,2213107,20821,242842,54251,1342408,0.154296,69054,1853403,0.213029,75116,3195811,0.367325,8700223
1,2021-04-10,95751,4899655,42542,2390497,30501,2243608,22708,265550,37399,1344340,0.154518,58138,1911541,0.219712,60070,3255881,0.37423,8700223
1,2021-04-11,36565,4936220,20358,2410855,9419,2253027,6788,272338,14821,1344369,0.154521,21681,1933222,0.222204,21710,3277591,0.376725,8700223
1,2021-04-12,74375,5010595,33252,2444107,31135,2284162,9988,282326,31498,1343418,0.154412,42584,1975806,0.227098,41633,3319224,0.38151,8700223
1,2021-04-13,97325,5107920,52123,2496230,44863,2329025,339,282665,52496,1352067,0.155406,44532,2020338,0.232217,53181,3372405,0.387623,8700223
1,2021-04-14,105015,5212935,54440,2550670,50502,2379527,73,282738,53457,1354787,0.155719,51182,2071520,0.2381,53902,3426307,0.393818,8700223
1,2021-04-15,106071,5319006,57663,2608333,48319,2427846,89,282827,56561,1362690,0.156627,48922,2120442,0.243723,56825,3483132,0.40035,8700223
1,2021-04-16,110808,5429814,56822,2665155,53898,2481744,88,282915,55442,1363572,0.156728,54832,2175274,0.250025,55714,3538846,0.406753,8700223
1,2021-04-17,83433,5513247,45306,2710461,38116,2519860,11,282926,46716,1373983,0.157925,36478,2211752,0.254218,46889,3585735,0.412143,8700223
1,2021-04-18,30267,5543514,20443,2730904,9817,2529677,7,282933,15277,1374567,0.157992,14902,2226654,0.255931,15486,3601221,0.413923,8700223
1,2021-04-19,67210,5610724,34054,2764958,33144,2562821,12,282945,30508,1368871,0.157337,36344,2262998,0.260108,30648,3631869,0.417446,8700223
1,2021-04-20,88640,5699364,44689,2809647,43929,2606750,22,282967,41776,1364362,0.156819,46511,2309509,0.265454,42002,3673871,0.422273,8700223
1,2021-04-21,97780,5797144,51023,2860670,46656,2653406,101,283068,43938,1355361,0.155785,53274,2362783,0.271577,44273,3718144,0.427362,8700223
1,2021-04-22,97514,5894658,50962,2911632,46535,2699941,17,283085,44864,1348325,0.154976,52134,2414917,0.27757,45098,3763242,0.432545,8700223
1,2021-04-23,102448,5997106,52945,2964577,49476,2749417,27,283112,49137,1344922,0.154585,52794,2467711,0.283638,49391,3812633,0.438222,8700223
1,2021-04-24,76341,6073447,47347,3011924,28967,2778384,27,283139,43245,1355494,0.1558,32954,2500665,0.287425,43526,3856159,0.443225,8700223
1,2021-04-25,27318,6100765,17418,3029342,9886,2788270,14,283153,15653,1359753,0.156289,11548,2512213,0.288753,15807,3871966,0.445042,8700223
1,2021-04-26,66329,6167094,34790,3064132,31138,2819408,401,283554,31769,1358010,0.156089,34251,2546464,0.29269,32508,3904474,0.448779,8700223
1,2021-04-27,81672,6248766,43445,3107577,36923,2856331,1304,284858,35737,1349753,0.15514,45639,2592103,0.297935,37382,3941856,0.453075,8700223
1,2021-04-28,81389,6330155,43298,3150875,36591,2892922,1500,286358,35960,1342367,0.154291,45077,2637180,0.303116,37691,3979547,0.457407,8700223
1,2021-04-29,84546,6414701,46503,3197378,36425,2929347,1618,287976,34864,1329696,0.152835,49317,2686497,0.308785,36646,4016193,0.46162,8700223
1,2021-04-30,92247,6506948,50039,3247417,40337,2969684,1871,289847,38950,1317733,0.15146,52953,2739450,0.314871,40990,4057183,0.466331,8700223
1,2021-05-01,62726,6569674,40494,3287911,20814,2990498,1418,291265,26488,1309871,0.150556,35984,2775434,0.319007,28122,4085305,0.469563,8700223
1,2021-05-02,23339,6593013,16512,3304423,6248,2996746,579,291844,9447,1306139,0.150127,13785,2789219,0.320592,10053,4095358,0.470719,8700223
1,2021-05-03,56015,6649028,31048,3335471,23132,3019878,1835,293679,20711,1293680,0.148695,35060,2824279,0.324621,22601,4117959,0.473316,8700223
1,2021-05-04,75297,6724325,43336,3378807,29875,3049753,2086,295765,27370,1275596,0.146616,47625,2871904,0.330095,29541,4147500,0.476712,8700223
1,2021-05-05,77673,6801998,45030,3423837,30358,3080111,2285,298050,26530,1253692,0.144099,50801,2922705,0.335934,28897,4176397,0.480033,8700223
1,2021-05-06,78944,6880942,47853,3471690,28927,3109038,2164,300214,24792,1227028,0.141034,53774,2976479,0.342115,27110,4203507,0.483149,8700223
1,2021-05-07,82709,6963651,47030,3518720,33491,3142529,2188,302402,27808,1202626,0.138229,54463,3030942,0.348375,30061,4233568,0.486605,8700223
1,2021-05-08,56767,7020418,35610,3554330,19526,3162055,1631,304033,19423,1186759,0.136406,37013,3067955,0.352629,21146,4254714,0.489035,8700223
1,2021-05-09,18206,7038624,13068,3567398,4659,3166714,479,304512,5562,1180268,0.13566,12566,3080521,0.354074,6075,4260789,0.489733,8700223
1,2021-05-10,43825,7082449,22095,3589493,19925,3186639,1805,306317,14827,1168261,0.134279,28731,3109252,0.357376,16724,4277513,0.491656,8700223
1,2021-05-11,61848,7144297,33498,3622991,26201,3212840,2149,308466,20484,1149913,0.132171,41099,3150351,0.3621,22751,4300264,0.494271,8700223
1,2021-05-12,62377,7206674,33166,3656157,27158,3239998,2053,310519,20473,1130923,0.129988,41584,3191935,0.36688,22594,4322858,0.496867,8700223
1,2021-05-13,66376,7273050,38904,3695061,25484,3265482,1988,312507,25262,1117717,0.12847,40733,3232668,0.371562,27527,4350385,0.500031,8700223
1,2021-05-14,75937,7348987,45788,3740849,27762,3293244,2387,314894,30698,1106239,0.127151,44840,3277508,0.376715,33362,4383747,0.503866,8700223
1,2021-05-15,66098,7415085,43331,3784180,21015,3314259,1752,316646,26295,1094850,0.125842,39502,3317010,0.381256,28113,4411860,0.507097,8700223
1,2021-05-16,24931,7440016,18366,3802546,5945,3320204,620,317266,10182,1091063,0.125406,14636,3331646,0.382938,10849,4422709,0.508344,8700223
1,2021-05-17,54002,7494018,33019,3835565,19217,3339421,1766,319032,22909,1084963,0.124705,30833,3362479,0.386482,24733,4447442,0.511187,8700223
1,2021-05-18,64823,7558841,39067,3874632,23928,3363349,1828,320860,28118,1078561,0.123969,36432,3398911,0.390669,30030,4477472,0.514639,8700223
1,2021-05-19,66198,7625039,40309,3914941,23966,3387315,1923,322783,29569,1073791,0.123421,36345,3435256,0.394847,31575,4509047,0.518268,8700223
1,2021-05-20,64406,7689445,37340,3952281,24860,3412175,2206,324989,26497,1065136,0.122426,37563,3472819,0.399164,28908,4537955,0.521591,8700223
1,2021-05-21,69818,7759263,41751,3994032,26225,3438400,1842,326831,28824,1055311,0.121297,40587,3513406,0.403829,30762,4568717,0.525126,8700223
1,2021-05-22,55850,7815113,36701,4030733,17430,3455830,1719,328550,24323,1050186,0.120708,31264,3544670,0.407423,26139,4594856,0.528131,8700223
1,2021-05-23,20480,7835593,14313,4045046,5581,3461411,586,329136,9496,1049411,0.120619,10880,3555550,0.408673,10105,4604961,0.529292,8700223
1,2021-05-24,43692,7879285,24357,4069403,17502,3478913,1833,330969,17692,1043265,0.119912,25753,3581303,0.411633,19607,4624568,0.531546,8700223
1,2021-05-25,50772,7930057,29221,4098624,19860,3498773,1691,332660,21079,1036723,0.119161,29412,3610715,0.415014,22870,4647438,0.534175,8700223
1,2021-05-26,48392,7978449,27434,4126058,19070,3517843,1888,334548,20502,1031570,0.118568,27591,3638306,0.418185,22438,4669876,0.536754,8700223
1,2021-05-27,46956,8025405,26349,4152407,18701,3536544,1906,336454,20161,1027244,0.118071,26510,3664816,0.421232,22184,4692060,0.539303,8700223
1,2021-05-28,52281,8077686,29141,4181548,21317,3557861,1823,338277,23387,1024012,0.1177,28568,3693384,0.424516,25336,4717396,0.542216,8700223
1,2021-05-29,30635,8108321,18559,4200107,11115,3568976,961,339238,14635,1023818,0.117677,15844,3709228,0.426337,15650,4733046,0.544014,8700223
1,2021-05-30,11670,8119991,7526,4207633,3589,3572565,555,339793,5531,1023861,0.117682,6067,3715295,0.427034,6110,4739156,0.544717,8700223
1,2021-05-31,5724,8125715,3255,4210888,2215,3574780,254,340047,1998,1022456,0.117521,3670,3718965,0.427456,2265,4741421,0.544977,8700223
1,2021-06-01,45793,8171508,25889,4236777,18337,3593117,1567,341614,17374,1013375,0.116477,28095,3747060,0.430686,19014,4760435,0.547162,8700223
1,2021-06-02,39932,8211440,23158,4259935,15266,3608383,1508,343122,16116,1007546,0.115807,23522,3770582,0.433389,17693,4778128,0.549196,8700223
1,2021-06-03,41293,8252733,25863,4285798,13745,3622128,1685,344807,15803,999922,0.114931,25186,3795768,0.436284,17562,4795690,0.551215,8700223
1,2021-06-04,50115,8302848,32049,4317847,16258,3638386,1808,346615,17963,987977,0.113558,31795,3827563,0.439938,19850,4815540,0.553496,8700223
1,2021-06-05,40288,8343136,27493,4345340,10797,3649183,1998,348613,14227,978410,0.112458,25845,3853408,0.442909,16278,4831818,0.555367,8700223
1,2021-06-06,13199,8356335,10559,4355899,2127,3651310,513,349126,4592,975052,0.112072,8523,3861931,0.443889,5165,4836983,0.555961,8700223
1,2021-06-07,33971,8390306,23417,4379316,9209,3660519,1345,350471,12110,966908,0.111136,21651,3883582,0.446377,13507,4850490,0.557513,8700223
1,2021-06-08,42221,8432527,29228,4408544,11343,3671862,1650,352121,14740,956181,0.109903,27208,3910790,0.449505,16481,4866971,0.559408,8700223
1,2021-06-09,42159,8474686,29250,4437794,11264,3683126,1645,353766,13766,943564,0.108453,28086,3938876,0.452733,15469,4882440,0.561186,8700223
1,2021-06-10,39081,8513767,26317,4464111,11064,3694190,1700,355466,13368,933274,0.10727,25462,3964338,0.455659,15172,4897612,0.562929,8700223
1,2021-06-11,43967,8557734,29183,4493294,13102,3707292,1682,357148,15690,922751,0.106061,27973,3992311,0.458875,17450,4915062,0.564935,8700223
1,2021-06-12,33712,8591446,24395,4517689,8118,3715410,1199,358347,11112,912751,0.104911,22381,4014692,0.461447,12381,4927443,0.566358,8700223
1,2021-06-13,11621,8603067,8440,4526129,2701,3718111,480,358827,3384,908480,0.10442,8168,4022860,0.462386,3897,4931340,0.566806,8700223
1,2021-06-14,30914,8633981,20820,4546949,8791,3726902,1303,360130,11593,902280,0.103708,19126,4041986,0.464584,12926,4944266,0.568292,8700223
1,2021-06-15,37213,8671194,24405,4571354,10957,3737859,1851,361981,13799,894878,0.102857,23146,4065132,0.467245,15744,4960010,0.570101,8700223
1,2021-06-16,35400,8706594,23897,4595251,9671,3747530,1832,363813,13271,888173,0.102086,21867,4086999,0.469758,15162,4975172,0.571844,8700223
1,2021-06-17,33546,8740140,22185,4617436,9417,3756947,1944,365757,13104,883114,0.101505,20204,4107203,0.47208,15145,4990317,0.573585,8700223
1,2021-06-18,39571,8779711,25695,4643131,11020,3767967,2856,368613,15413,877564,0.100867,23877,4131080,0.474825,18327,5008644,0.575691,8700223
1,2021-06-19,23937,8803648,16612,4659743,6124,3774091,1201,369814,9794,874615,0.100528,13974,4145054,0.476431,11025,5019669,0.576959,8700223
1,2021-06-20,8151,8811799,5969,4665712,1906,3775997,276,370090,3241,873297,0.100376,4846,4149900,0.476988,3528,5023197,0.577364,8700223
1,2021-06-21,20939,8832738,11854,4677566,6905,3782902,2180,372270,10923,876551,0.10075,9900,4159800,0.478126,13154,5036351,0.578876,8700223
1,2021-06-22,30767,8863505,20086,4697652,8542,3791444,2139,374409,12920,874040,0.100462,17635,4177435,0.480153,15124,5051475,0.580614,8700223
1,2021-06-23,29337,8892842,19690,4717342,7830,3799274,1817,376226,12821,872395,0.100273,16303,4193738,0.482026,14658,5066133,0.582299,8700223
1,2021-06-24,28337,8921179,18892,4736234,7785,3807059,1660,377886,12051,870095,0.100008,16079,4209817,0.483875,13779,5079912,0.583883,8700223
1,2021-06-25,31647,8952826,21462,4757696,8791,3815850,1394,379280,13940,868017,0.09977,17466,4227283,0.485882,15388,5095300,0.585652,8700223
1,2021-06-26,22203,8975029,16465,4774161,4914,3820764,824,380104,9698,866203,0.099561,12386,4239669,0.487306,10572,5105872,0.586867,8700223
1,2021-06-27,9141,8984170,6798,4780959,1911,3822675,432,380536,4056,865686,0.099502,5020,4244689,0.487883,4503,5110375,0.587384,8700223
1,2021-06-28,21067,9005237,15643,4796602,4174,3826849,1250,381786,9752,865613,0.099493,11127,4255816,0.489162,11054,5121429,0.588655,8700223
1,2021-06-29,26522,9031759,18149,4814751,7006,3833855,1367,383153,11684,864062,0.099315,14662,4270478,0.490847,13111,5134540,0.590162,8700223
1,2021-06-30,25827,9057586,17866,4832617,6913,3840768,1048,384201,12283,864137,0.099324,13331,4283809,0.492379,13406,5147946,0.591703,8700223
1,2021-07-01,23566,9081152,16420,4849037,5887,3846655,1259,385460,10925,863906,0.099297,12496,4296305,0.493816,12265,5160211,0.593112,8700223
1,2021-07-02,26282,9107434,18052,4867089,7201,3853856,1029,386489,12296,863519,0.099253,13796,4310101,0.495401,13409,5173620,0.594654,8700223
1,2021-07-03,14565,9121999,10184,4877273,3942,3857798,439,386928,6918,863392,0.099238,7518,4317619,0.496265,7391,5181011,0.595503,8700223
1,2021-07-04,1265,9123264,710,4877983,490,3858288,65,386993,609,863426,0.099242,647,4318266,0.49634,681,5181692,0.595582,8700223
1,2021-07-05,10998,9134262,7580,4885563,3055,3861343,363,387356,5220,863344,0.099232,5710,4323976,0.496996,5628,5187320,0.596228,8700223
1,2021-07-06,27025,9161287,19096,4904659,6799,3868142,1130,388486,10778,859291,0.098767,16063,4340039,0.498842,12010,5199330,0.597609,8700223
1,2021-07-07,23507,9184794,16479,4921138,5914,3874056,1114,389600,10113,857395,0.098549,13210,4353249,0.500361,11314,5210644,0.598909,8700223
1,2021-07-08,22604,9207398,15600,4936738,5930,3879986,1074,390674,9759,855609,0.098343,12710,4365959,0.501822,10924,5221568,0.600165,8700223
1,2021-07-09,26689,9234087,18889,4955627,6651,3886637,1149,391823,12042,854389,0.098203,14474,4380433,0.503485,13254,5234822,0.601688,8700223
1,2021-07-10,17634,9251721,12738,4968365,4139,3890776,757,392580,7848,853382,0.098087,9661,4390094,0.504596,8654,5243476,0.602683,8700223
1,2021-07-11,6737,9258458,4920,4973285,1616,3892392,201,392781,3251,853416,0.098091,3436,4393530,0.504991,3470,5246946,0.603082,8700223
1,2021-07-12,20024,9278482,14374,4987659,4776,3897168,874,393655,8874,852245,0.097957,11015,4404545,0.506257,9844,5256790,0.604213,8700223
1,2021-07-13,22021,9300503,15390,5003049,5845,3903013,786,394441,10306,851849,0.097911,11576,4416121,0.507587,11180,5267970,0.605498,8700223
1,2021-07-14,21978,9322481,15080,5018129,5935,3908948,963,395404,9880,850868,0.097798,11939,4428060,0.508959,10958,5278928,0.606758,8700223
1,2021-07-15,21393,9343874,15229,5033358,5444,3914392,720,396124,10282,851004,0.097814,10970,4439030,0.51022,11106,5290034,0.608034,8700223
1,2021-07-16,26281,9370155,18378,5051736,6926,3921318,977,397101,12941,851833,0.097909,13177,4452207,0.511735,14006,5304040,0.609644,8700223
1,2021-07-17,17987,9388142,12926,5064662,4366,3925684,695,397796,8807,852307,0.097964,9062,4461269,0.512776,9536,5313576,0.61074,8700223
1,2021-07-18,7102,9395244,5289,5069951,1554,3927238,259,398055,3655,852849,0.098026,3389,4464658,0.513166,3931,5317507,0.611192,8700223
1,2021-07-19,20558,9415802,14893,5084844,4855,3932093,810,398865,10316,853962,0.098154,10114,4474772,0.514328,11227,5328734,0.612482,8700223
1,2021-07-20,24180,9439982,16739,5101583,6600,3938693,841,399706,12416,855729,0.098357,11582,4486354,0.51566,13349,5342083,0.614017,8700223
1,2021-07-21,24250,9464232,17057,5118640,6029,3944722,1164,400870,12411,857710,0.098585,11695,4498049,0.517004,13676,5355759,0.615589,8700223
1,2021-07-22,23218,9487450,16438,5135078,6002,3950724,778,401648,12682,860886,0.09895,10361,4508410,0.518195,13537,5369296,0.617145,8700223
1,2021-07-23,26909,9514359,18966,5154044,7036,3957760,907,402555,14959,865039,0.099427,11775,4520185,0.519548,15928,5385224,0.618975,8700223
1,2021-07-24,17121,9531480,12102,5166146,4555,3962315,464,403019,10118,868746,0.099853,6899,4527084,0.520341,10606,5395830,0.620194,8700223
1,2021-07-25,4398,9535878,2765,5168911,1570,3963885,63,403082,3178,870802,0.10009,1197,4528281,0.520479,3253,5399083,0.620568,8700223
2,2020-12-15,247,247,247,247,0,0,0,0,247,247,2.9e-05,0,0,0.0,247,247,2.9e-05,8407551
2,2020-12-16,2121,2368,2121,2368,0,0,0,0,2120,2367,0.000282,0,0,0.0,2120,2367,0.000282,8407551
2,2020-12-17,6931,9299,6931,9299,0,0,0,0,6932,9299,0.001106,0,0,0.0,6932,9299,0.001106,8407551
2,2020-12-18,11100,20399,11080,20379,20,20,0,0,11100,20399,0.002426,0,0,0.0,11100,20399,0.002426,8407551
2,2020-12-19,5634,26033,5628,26007,6,26,0,0,5635,26034,0.003097,0,0,0.0,5635,26034,0.003097,8407551
2,2020-12-20,4262,30295,4251,30258,11,37,0,0,4257,30290,0.003603,1,1,0.0,4257,30291,0.003603,8407551
2,2020-12-21,12803,43098,12775,43033,28,65,0,0,12758,43048,0.00512,0,1,0.0,12758,43049,0.00512,8407551
2,2020-12-22,12162,55260,11643,54676,519,584,0,0,12160,55208,0.006566,0,1,0.0,12160,55209,0.006567,8407551
2,2020-12-23,11729,66989,9505,64181,2224,2808,0,0,11731,66939,0.007962,1,2,0.0,11732,66941,0.007962,8407551
2,2020-12-24,5909,72898,3495,67676,2414,5222,0,0,5905,72843,0.008664,3,5,1e-06,5907,72848,0.008665,8407551
2,2020-12-25,486,73384,407,68083,79,5301,0,0,488,73331,0.008722,0,5,1e-06,488,73336,0.008723,8407551
2,2020-12-26,2558,75942,1662,69745,896,6197,0,0,2559,75889,0.009026,1,6,1e-06,2559,75895,0.009027,8407551
2,2020-12-27,2231,78173,1212,70957,1019,7216,0,0,2228,78115,0.009291,2,8,1e-06,2228,78123,0.009292,8407551
2,2020-12-28,11030,89203,7171,78128,3859,11075,0,0,11029,89142,0.010603,2,10,1e-06,11029,89152,0.010604,8407551
2,2020-12-29,12731,101934,7158,85286,5573,16648,0,0,12735,101877,0.012117,0,10,1e-06,12735,101887,0.012119,8407551
2,2020-12-30,15458,117392,8673,93959,6785,23433,0,0,15452,117326,0.013955,5,15,2e-06,15454,117341,0.013957,8407551
2,2020-12-31,7585,124977,2832,96791,4753,28186,0,0,7578,124899,0.014856,5,20,2e-06,7578,124919,0.014858,8407551
2,2021-01-01,1235,126212,613,97404,622,28808,0,0,1234,126129,0.015002,4,24,3e-06,1234,126153,0.015005,8407551
2,2021-01-02,4855,131067,2768,100172,2087,30895,0,0,4852,130979,0.015579,2,26,3e-06,4852,131005,0.015582,8407551
2,2021-01-03,1412,132479,795,100967,617,31512,0,0,1404,132379,0.015745,4,30,4e-06,1404,132409,0.015749,8407551
2,2021-01-04,11695,144174,5563,106530,6132,37644,0,0,11685,144061,0.017135,3,33,4e-06,11685,144094,0.017139,8407551
2,2021-01-05,13893,158067,6951,113481,6942,44586,0,0,12670,155552,0.018501,1214,1247,0.000148,12705,156799,0.01865,8407551
2,2021-01-06,19040,177107,10498,123979,8542,53128,0,0,15209,167000,0.019863,3772,5019,0.000597,15220,172019,0.02046,8407551
2,2021-01-07,23304,200411,13150,137129,10154,63282,0,0,15603,174915,0.020805,7704,12723,0.001513,15619,187638,0.022318,8407551
2,2021-01-08,26926,227337,16259,153388,10667,73949,0,0,16593,181256,0.021559,10276,22999,0.002736,16617,204255,0.024294,8407551
2,2021-01-09,9872,237209,5779,159167,4093,78042,0,0,6282,183964,0.021881,3581,26580,0.003161,6289,210544,0.025042,8407551
2,2021-01-10,5315,242524,2973,162140,2342,80384,0,0,3045,184745,0.021974,2270,28850,0.003431,3051,213595,0.025405,8407551
2,2021-01-11,26061,268585,18030,180170,8031,88415,0,0,14943,188624,0.022435,11114,39964,0.004753,14993,228588,0.027188,8407551
2,2021-01-12,26376,294961,16381,196551,9995,98410,0,0,16766,195863,0.023296,9612,49576,0.005897,16851,245439,0.029193,8407551
2,2021-01-13,28591,323552,15163,211714,13428,111838,0,0,20577,208473,0.024796,7996,57572,0.006848,20606,266045,0.031644,8407551
2,2021-01-14,30593,354145,11658,223372,18935,130773,0,0,26292,230534,0.02742,4306,61878,0.00736,26367,292412,0.03478,8407551
2,2021-01-15,35097,389242,12693,236065,22404,153177,0,0,31802,259139,0.030822,3288,65166,0.007751,31893,324305,0.038573,8407551
2,2021-01-16,18116,407358,5992,242057,12124,165301,0,0,16779,274578,0.032658,1352,66518,0.007912,16791,341096,0.04057,8407551
2,2021-01-17,10543,417901,3551,245608,6992,172293,0,0,9810,283650,0.033738,747,67265,0.008001,9819,350915,0.041738,8407551
2,2021-01-18,19760,437661,11040,256648,8720,181013,0,0,14944,293821,0.034947,4834,72099,0.008576,15005,365920,0.043523,8407551
2,2021-01-19,32612,470273,16942,273590,15670,196683,0,0,24574,310474,0.036928,8035,80134,0.009531,24688,390608,0.046459,8407551
2,2021-01-20,37631,507904,18981,292571,18650,215333,0,0,29006,330978,0.039367,8593,88727,0.010553,29097,419705,0.04992,8407551
2,2021-01-21,41015,548919,17426,309997,23589,238922,0,0,36501,363174,0.043196,4481,93208,0.011086,36677,456382,0.054282,8407551
2,2021-01-22,39631,588550,16563,326560,23068,261990,0,0,36275,396101,0.047113,3375,96583,0.011488,36302,492684,0.0586,8407551
2,2021-01-23,24140,612690,10789,337349,13351,275341,0,0,21161,414334,0.049281,2958,99541,0.011839,21191,513875,0.061121,8407551
2,2021-01-24,12439,625129,6099,343448,6340,281681,0,0,11520,424964,0.050546,903,100444,0.011947,11533,525408,0.062492,8407551
2,2021-01-25,33910,659039,15611,359059,18299,299980,0,0,25065,441374,0.052497,8794,109238,0.012993,25204,550612,0.06549,8407551
2,2021-01-26,40401,699440,19789,378848,20612,320592,0,0,31162,463407,0.055118,9214,118452,0.014089,31247,581859,0.069207,8407551
2,2021-01-27,45654,745094,22660,401508,22994,343586,0,0,35311,488564,0.05811,10215,128667,0.015304,35372,617231,0.073414,8407551
2,2021-01-28,47925,793019,22399,423907,25526,369112,0,0,39164,519108,0.061743,8694,137361,0.016338,39238,656469,0.078081,8407551
2,2021-01-29,45593,838612,22007,445914,23586,392698,0,0,36827,547359,0.065103,8641,146002,0.017366,36892,693361,0.082469,8407551
2,2021-01-30,31288,869900,13344,459258,17944,410642,0,0,27882,571904,0.068023,3368,149370,0.017766,27913,721274,0.085789,8407551
2,2021-01-31,17131,887031,10178,469436,6953,417595,0,0,15920,586656,0.069777,1190,150560,0.017908,15942,737216,0.087685,8407551
2,2021-02-01,41092,928123,19703,489139,21389,438984,0,0,29940,605541,0.072023,11095,161655,0.019227,29980,767196,0.091251,8407551
2,2021-02-02,47898,976021,19463,508602,28435,467419,0,0,36352,630525,0.074995,11463,173118,0.020591,36447,803643,0.095586,8407551
2,2021-02-03,54037,1030058,23811,532413,30226,497645,0,0,39775,656236,0.078053,14159,187277,0.022275,39870,843513,0.100328,8407551
2,2021-02-04,56185,1086243,24128,556541,32057,529702,0,0,40937,682133,0.081133,15139,202416,0.024076,41036,884549,0.105209,8407551
2,2021-02-05,60084,1146327,26215,582756,33869,563571,0,0,40530,703501,0.083675,19347,221763,0.026377,40715,925264,0.110052,8407551
2,2021-02-06,39334,1185661,18350,601106,20984,584555,0,0,31346,727028,0.086473,7913,229676,0.027318,31440,956704,0.113791,8407551
2,2021-02-07,15717,1201378,10437,611543,5280,589835,0,0,11940,735289,0.087456,3748,233424,0.027764,12009,968713,0.115219,8407551
2,2021-02-08,42988,1244366,21806,633349,21182,611017,0,0,29400,751455,0.089379,13442,246866,0.029362,29608,998321,0.118741,8407551
2,2021-02-09,49521,1293887,23351,656700,26170,637187,0,0,30588,763749,0.090841,18638,265504,0.031579,30932,1029253,0.12242,8407551
2,2021-02-10,59574,1353461,27866,684566,31708,668895,0,0,34350,773515,0.092002,24938,290442,0.034545,34704,1063957,0.126548,8407551
2,2021-02-11,64262,1417723,29516,714082,34746,703641,0,0,35781,781675,0.092973,28120,318562,0.03789,36280,1100237,0.130863,8407551
2,2021-02-12,65572,1483295,28174,742256,37398,741039,0,0,34808,786688,0.093569,30453,349015,0.041512,35466,1135703,0.135081,8407551
2,2021-02-13,38123,1521418,15909,758165,22214,763253,0,0,22003,793049,0.094326,16020,365035,0.043418,22381,1158084,0.137743,8407551
2,2021-02-14,20124,1541542,9344,767509,10780,774033,0,0,11184,795707,0.094642,8890,373925,0.044475,11548,1169632,0.139117,8407551
2,2021-02-15,33232,1574774,14963,782472,18269,792302,0,0,18423,800315,0.09519,14671,388596,0.04622,19279,1188911,0.14141,8407551
2,2021-02-16,56498,1631272,27703,810175,28795,821097,0,0,29759,804123,0.095643,26621,415217,0.049386,30429,1219340,0.145029,8407551
2,2021-02-17,61821,1693093,31809,841984,30012,851109,0,0,30703,804632,0.095703,31019,446236,0.053076,31528,1250868,0.148779,8407551
2,2021-02-18,66453,1759546,33490,875474,32963,884072,0,0,32355,804300,0.095664,33836,480072,0.0571,33504,1284372,0.152764,8407551
2,2021-02-19,59805,1819351,33117,908591,26688,910760,0,0,29677,804652,0.095706,29931,510003,0.06066,30283,1314655,0.156366,8407551
2,2021-02-20,37799,1857150,24533,933124,13266,924026,0,0,20539,808714,0.096189,17155,527158,0.062701,21217,1335872,0.15889,8407551
2,2021-02-21,21704,1878854,17561,950685,4143,928169,0,0,10768,809436,0.096275,10847,538005,0.063991,11569,1347441,0.160266,8407551
2,2021-02-22,39401,1918255,26920,977605,12481,940650,0,0,18650,808165,0.096124,20597,558602,0.066441,19326,1366767,0.162564,8407551
2,2021-02-23,53751,1972006,27408,1005013,26343,966993,0,0,23561,803692,0.095592,29928,588530,0.07,25455,1392222,0.165592,8407551
2,2021-02-24,71079,2043085,36609,1041622,34470,1001463,0,0,32585,800368,0.095196,38280,626810,0.074553,34956,1427178,0.16975,8407551
2,2021-02-25,77107,2120192,36433,1078055,40674,1042137,0,0,39144,804641,0.095705,37686,664496,0.079036,41959,1469137,0.17474,8407551
2,2021-02-26,85660,2205852,36699,1114754,48961,1091098,0,0,46019,813530,0.096762,39327,703823,0.083713,48216,1517353,0.180475,8407551
2,2021-02-27,62683,2268535,29173,1143927,33503,1124601,7,7,33947,820326,0.09757,28495,732318,0.087102,35291,1552644,0.184673,8407551
2,2021-02-28,30884,2299419,18514,1162441,12369,1136970,1,8,17954,826315,0.098282,12801,745119,0.088625,18790,1571434,0.186907,8407551
2,2021-03-01,58123,2357542,30309,1192750,27768,1164738,46,54,31745,833239,0.099106,26062,771181,0.091725,32986,1604420,0.190831,8407551
2,2021-03-02,69348,2426890,33256,1226006,36081,1200819,11,65,38867,844151,0.100404,30301,801482,0.095329,41213,1645633,0.195733,8407551
2,2021-03-03,80049,2506939,38728,1264734,41306,1242125,15,80,45390,857692,0.102014,34445,835927,0.099426,47986,1693619,0.20144,8407551
2,2021-03-04,88116,2595055,43261,1307995,44824,1286949,31,111,50911,874056,0.103961,36957,872884,0.103821,53321,1746940,0.207782,8407551
2,2021-03-05,82198,2677253,38659,1346654,43231,1330180,308,419,50234,895251,0.106482,31733,904617,0.107596,52928,1799868,0.214078,8407551
2,2021-03-06,62977,2740230,30802,1377456,30476,1360656,1699,2118,38740,913022,0.108595,24102,928719,0.110462,41873,1841741,0.219058,8407551
2,2021-03-07,28608,2768838,16249,1393705,10816,1371472,1543,3661,18141,923421,0.109832,10395,939114,0.111699,20794,1862535,0.221531,8407551
2,2021-03-08,50790,2819628,23301,1417006,24926,1396398,2563,6224,31923,940788,0.111898,18760,957874,0.11393,36127,1898662,0.225828,8407551
2,2021-03-09,70644,2890272,32170,1449176,34630,1431028,3844,10068,39098,953665,0.11343,31403,989277,0.117665,44280,1942942,0.231095,8407551
2,2021-03-10,78498,2968770,37135,1486311,34823,1465851,6540,16608,41677,966603,0.114968,36595,1025872,0.122018,49533,1992475,0.236986,8407551
2,2021-03-11,93313,3062083,43050,1529361,41890,1507741,8373,24981,48678,980736,0.116649,44313,1070185,0.127289,58446,2050921,0.243938,8407551
2,2021-03-12,94164,3156247,38720,1568081,43475,1551216,11969,36950,46852,993913,0.118217,47051,1117236,0.132885,60228,2111149,0.251102,8407551
2,2021-03-13,69282,3225529,28998,1597079,32296,1583512,7988,44938,38060,1010170,0.12015,31081,1148317,0.136582,47338,2158487,0.256732,8407551
2,2021-03-14,37041,3262570,18310,1615389,14207,1597719,4524,49462,18581,1015666,0.120804,18354,1166671,0.138765,23850,2182337,0.259569,8407551
2,2021-03-15,67488,3330058,30445,1645834,32028,1629747,5015,54477,37178,1028866,0.122374,30085,1196756,0.142343,43285,2225622,0.264717,8407551
2,2021-03-16,86406,3416464,38244,1684078,44136,1673883,4026,58503,52230,1052283,0.125159,33968,1230724,0.146383,57385,2283007,0.271542,8407551
2,2021-03-17,92954,3509418,44532,1728610,44235,1718118,4187,62690,58891,1082408,0.128742,33782,1264506,0.150401,63907,2346914,0.279144,8407551
2,2021-03-18,98254,3607672,46856,1775466,46802,1764920,4596,67286,59649,1108938,0.131898,38279,1302785,0.154954,64809,2411723,0.286852,8407551
2,2021-03-19,97596,3705268,46182,1821648,45286,1810206,6128,73414,57705,1133715,0.134845,39576,1342361,0.159661,64353,2476076,0.294506,8407551
2,2021-03-20,70027,3775295,33944,1855592,32115,1842321,3968,77382,45698,1159655,0.13793,24090,1366451,0.162527,50030,2526106,0.300457,8407551
2,2021-03-21,33448,3808743,21605,1877197,9845,1852166,1998,79380,19963,1168708,0.139007,13337,1379788,0.164113,22390,2548496,0.30312,8407551
2,2021-03-22,62931,3871674,34633,1911830,25665,1877831,2633,82013,41710,1192966,0.141892,20980,1400768,0.166608,45238,2593734,0.308501,8407551
2,2021-03-23,83754,3955428,44500,1956330,36338,1914169,2916,84929,52190,1217634,0.144826,31276,1432044,0.170328,55944,2649678,0.315155,8407551
2,2021-03-24,91649,4047077,49237,2005567,39243,1953412,3169,88098,53637,1237586,0.147199,37669,1469713,0.174809,57621,2707299,0.322008,8407551
2,2021-03-25,101264,4148341,51099,2056666,46265,1999677,3900,91998,57168,1255689,0.149353,43721,1513434,0.180009,61824,2769123,0.329361,8407551
2,2021-03-26,103379,4251720,51269,2107935,48616,2048293,3494,95492,56328,1269909,0.151044,46649,1560083,0.185557,60869,2829992,0.336601,8407551
2,2021-03-27,75613,4327333,37729,2145664,34587,2082880,3297,98789,37775,1274262,0.151562,37577,1597660,0.190027,41930,2871922,0.341588,8407551
2,2021-03-28,37702,4365035,23285,2168949,13606,2096486,811,99600,20078,1278509,0.152067,17492,1615152,0.192107,21739,2893661,0.344174,8407551
2,2021-03-29,71331,4436366,36251,2205200,32804,2129290,2276,101876,40474,1291519,0.153614,30639,1645791,0.195752,43649,2937310,0.349366,8407551
2,2021-03-30,91919,4528285,45018,2250218,42524,2171814,4377,106253,51585,1307965,0.15557,40119,1685910,0.200523,56565,2993875,0.356094,8407551
2,2021-03-31,101197,4629482,52137,2302355,43953,2215767,5107,111360,57397,1327331,0.157874,43483,1729393,0.205695,62849,3056724,0.363569,8407551
2,2021-04-01,117600,4747082,56817,2359172,51537,2267304,9246,120606,64032,1347860,0.160315,53155,1782548,0.212018,73684,3130408,0.372333,8407551
2,2021-04-02,111670,4858752,51437,2410609,50035,2317339,10198,130804,59917,1367081,0.162602,51358,1833906,0.218126,70579,3200987,0.380728,8407551
2,2021-04-03,76850,4935602,37745,2448354,29279,2346618,9826,140630,38058,1376768,0.163754,38579,1872485,0.222715,48266,3249253,0.386468,8407551
2,2021-04-04,29010,4964612,14924,2463278,10227,2356845,3859,144489,13017,1377788,0.163875,15884,1888369,0.224604,16904,3266157,0.388479,8407551
2,2021-04-05,79164,5043776,38795,2502073,31529,2388374,8840,153329,38180,1384754,0.164704,40797,1929166,0.229456,47763,3313920,0.39416,8407551
2,2021-04-06,103921,5147697,50599,2552672,38604,2426978,14718,168047,49177,1394588,0.165873,54455,1983621,0.235933,64289,3378209,0.401807,8407551
2,2021-04-07,110523,5258220,55130,2607802,39134,2466112,16259,184306,51976,1404842,0.167093,58245,2041866,0.242861,68499,3446708,0.409954,8407551
2,2021-04-08,119361,5377581,57450,2665252,43180,2509292,18731,203037,55349,1415850,0.168402,63637,2105503,0.25043,74645,3521353,0.418832,8407551
2,2021-04-09,118899,5496480,57244,2722496,43528,2552820,18127,221164,56219,1428730,0.169934,62300,2167803,0.25784,75180,3596533,0.427774,8407551
2,2021-04-10,87616,5584096,37789,2760285,31402,2584222,18425,239589,36072,1432624,0.170397,51278,2219081,0.263939,55172,3651705,0.434336,8407551
2,2021-04-11,44490,5628586,23082,2783367,12938,2597160,8470,248059,18218,1433903,0.170549,26131,2245212,0.267047,27410,3679115,0.437597,8407551
2,2021-04-12,80032,5708618,37279,2820646,33344,2630504,9409,257468,35617,1435781,0.170773,44138,2289350,0.272297,46016,3725131,0.44307,8407551
2,2021-04-13,101892,5810510,52862,2873508,48769,2679273,261,257729,55815,1446948,0.172101,45803,2335153,0.277745,56970,3782101,0.449846,8407551
2,2021-04-14,106867,5917377,55969,2929477,50845,2730118,53,257782,54638,1451156,0.172602,51918,2387071,0.28392,56126,3838227,0.456521,8407551
2,2021-04-15,113384,6030761,60234,2989711,53064,2783182,86,257868,59275,1457876,0.173401,53709,2440780,0.290308,60429,3898656,0.463709,8407551
2,2021-04-16,110908,6141669,57481,3047192,53373,2836555,54,257922,56342,1460910,0.173762,54213,2494993,0.296756,57247,3955903,0.470518,8407551
2,2021-04-17,83635,6225304,42548,3089740,41072,2877627,15,257937,46828,1472062,0.175088,36556,2531549,0.301104,47708,4003611,0.476192,8407551
2,2021-04-18,35677,6260981,21652,3111392,14018,2891645,7,257944,17028,1471562,0.175029,18517,2550066,0.303307,18017,4021628,0.478335,8407551
2,2021-04-19,74990,6335971,40373,3151765,34600,2926245,17,257961,34234,1465953,0.174361,40481,2590547,0.308121,34872,4056500,0.482483,8407551
2,2021-04-20,97831,6433802,49600,3201365,48205,2974450,26,257987,47590,1464421,0.174179,49891,2640438,0.314056,48359,4104859,0.488235,8407551
2,2021-04-21,103793,6537595,56186,3257551,47549,3021999,58,258045,49131,1460382,0.173699,54200,2694638,0.320502,50161,4155020,0.494201,8407551
2,2021-04-22,108307,6645902,56020,3313571,52263,3074262,24,258069,47504,1448426,0.172277,60378,2755016,0.327684,48422,4203442,0.49996,8407551
2,2021-04-23,107932,6753834,57415,3370986,50499,3124761,18,258087,50039,1441933,0.171505,57470,2812486,0.334519,50977,4254419,0.506024,8407551
2,2021-04-24,80951,6834785,47659,3418645,33252,3158013,40,258127,42244,1446787,0.172082,38360,2850846,0.339082,43214,4297633,0.511163,8407551
2,2021-04-25,36559,6871344,22513,3441158,14031,3172044,15,258142,19920,1450698,0.172547,16490,2867336,0.341043,20401,4318034,0.51359,8407551
2,2021-04-26,74282,6945626,41138,3482296,32836,3204880,308,258450,34275,1446998,0.172107,39730,2907066,0.345768,36030,4354064,0.517875,8407551
2,2021-04-27,88352,7033978,46613,3528909,40374,3245254,1365,259815,38007,1437654,0.170996,49956,2957022,0.35171,40612,4394676,0.522706,8407551
2,2021-04-28,88200,7122178,47132,3576041,39199,3284453,1869,261684,39005,1430589,0.170155,48851,3005873,0.357521,41786,4436462,0.527676,8407551
2,2021-04-29,90903,7213081,49492,3625533,39701,3324154,1710,263394,35342,1413070,0.168072,55172,3061045,0.364083,37653,4474115,0.532154,8407551
2,2021-04-30,94815,7307896,52443,3677976,40374,3364528,1998,265392,36958,1395300,0.165958,57383,3118428,0.370908,39613,4513728,0.536866,8407551
2,2021-05-01,62245,7370141,37947,3715923,22720,3387248,1578,266970,24286,1384376,0.164659,37641,3156069,0.375385,26717,4540445,0.540044,8407551
2,2021-05-02,29123,7399264,20241,3736164,7908,3395156,974,267944,11071,1378593,0.163971,17917,3173986,0.377516,12134,4552579,0.541487,8407551
2,2021-05-03,60452,7459716,35880,3772044,22518,3417674,2054,269998,20356,1361446,0.161931,39824,3213810,0.382253,22677,4575256,0.544184,8407551
2,2021-05-04,79595,7539311,47503,3819547,29718,3447392,2374,272372,25927,1336818,0.159002,53325,3267135,0.388595,28697,4603953,0.547597,8407551
2,2021-05-05,80165,7619476,47741,3867288,30078,3477470,2346,274718,25137,1310026,0.155815,54640,3321775,0.395094,27848,4631801,0.55091,8407551
2,2021-05-06,82427,7701903,49960,3917248,29556,3507026,2911,277629,25201,1282029,0.152485,56747,3378522,0.401844,28750,4660551,0.554329,8407551
2,2021-05-07,83361,7785264,48097,3965345,32839,3539865,2425,280054,25662,1253259,0.149064,57314,3435836,0.408661,28544,4689095,0.557724,8407551
2,2021-05-08,55246,7840510,33460,3998805,20074,3559939,1712,281766,17342,1235374,0.146936,37669,3473505,0.413141,19784,4708879,0.560077,8407551
2,2021-05-09,21754,7862264,15700,4014505,5306,3565245,748,282514,6343,1227363,0.145983,15332,3488837,0.414965,7321,4716200,0.560948,8407551
2,2021-05-10,49917,7912181,27140,4041645,20909,3586154,1868,284382,14090,1208349,0.143722,35581,3524418,0.419197,16567,4732767,0.562919,8407551
2,2021-05-11,65639,7977820,35428,4077073,28102,3614256,2109,286491,19816,1185435,0.140996,45529,3569947,0.424612,22615,4755382,0.565608,8407551
2,2021-05-12,64808,8042628,34544,4111617,28049,3642305,2215,288706,19096,1161729,0.138177,45404,3615351,0.430012,21698,4777080,0.568189,8407551
2,2021-05-13,70519,8113147,40961,4152578,27617,3669922,1941,290647,25827,1145822,0.136285,44409,3659760,0.435294,28502,4805582,0.571579,8407551
2,2021-05-14,79398,8192545,47560,4200138,29580,3699502,2258,292905,30491,1130673,0.134483,48542,3708302,0.441068,33393,4838975,0.575551,8407551
2,2021-05-15,65971,8258516,43317,4243455,20943,3720445,1711,294616,25525,1118096,0.132987,40205,3748507,0.44585,27628,4866603,0.578837,8407551
2,2021-05-16,31505,8290021,23556,4267011,7025,3727470,924,295540,12809,1113390,0.132427,18567,3767074,0.448058,13861,4880464,0.580486,8407551
2,2021-05-17,57835,8347856,36643,4303654,19258,3746728,1934,297474,22781,1103644,0.131268,34822,3801896,0.4522,25076,4905540,0.583468,8407551
2,2021-05-18,69969,8417825,40951,4344605,27055,3773783,1963,299437,27810,1092067,0.129891,41890,3843786,0.457183,30313,4935853,0.587074,8407551
2,2021-05-19,68692,8486517,40631,4385236,26051,3799834,2010,301447,27177,1080513,0.128517,41208,3884994,0.462084,29654,4965507,0.590601,8407551
2,2021-05-20,69344,8555861,40204,4425440,26953,3826787,2187,303634,26352,1066979,0.126907,42662,3927656,0.467158,29128,4994635,0.594065,8407551
2,2021-05-21,72736,8628597,42916,4468356,27669,3854456,2151,305785,27577,1052460,0.12518,44802,3972458,0.472487,30283,5024918,0.597667,8407551
2,2021-05-22,53345,8681942,33797,4502153,17774,3872230,1774,307559,22277,1046211,0.124437,30838,4003296,0.476155,24589,5049507,0.600592,8407551
2,2021-05-23,24408,8706350,16654,4518807,7028,3879258,726,308285,10274,1043344,0.124096,14006,4017302,0.477821,11139,5060646,0.601917,8407551
2,2021-05-24,44744,8751094,25410,4544217,17566,3896824,1768,310053,17178,1035283,0.123137,27347,4044649,0.481073,19286,5079932,0.604211,8407551
2,2021-05-25,50659,8801753,29649,4573866,19148,3915972,1862,311915,19260,1025848,0.122015,31097,4075746,0.484772,21662,5101594,0.606787,8407551
2,2021-05-26,48613,8850366,27228,4601094,19699,3935671,1686,313601,18988,1017567,0.12103,29295,4105041,0.488256,21014,5122608,0.609287,8407551
2,2021-05-27,46504,8896870,26346,4627440,18419,3954090,1739,315340,18575,1010695,0.120213,27688,4132729,0.49155,20816,5143424,0.611762,8407551
2,2021-05-28,49901,8946771,27541,4654981,20386,3974476,1974,317314,20947,1005345,0.119576,28698,4161427,0.494963,23348,5166772,0.614539,8407551
2,2021-05-29,28934,8975705,17344,4672325,10536,3985012,1054,318368,13252,1004289,0.119451,15532,4176959,0.49681,14476,5181248,0.616261,8407551
2,2021-05-30,12634,8988339,8136,4680461,3735,3988747,763,319131,5529,1003593,0.119368,7054,4184013,0.497649,6358,5187606,0.617017,8407551
2,2021-05-31,5870,8994209,3425,4683886,2141,3990888,304,319435,1821,1001776,0.119152,3991,4188004,0.498124,2174,5189780,0.617276,8407551
2,2021-06-01,44680,9038889,25667,4709553,17353,4008241,1660,321095,15585,990598,0.117822,28798,4216802,0.501549,17620,5207400,0.619372,8407551
2,2021-06-02,38141,9077030,22453,4732006,14284,4022525,1404,322499,14952,984317,0.117075,22932,4239734,0.504277,16651,5224051,0.621352,8407551
2,2021-06-03,41306,9118336,26600,4758606,13241,4035766,1465,323964,13924,972942,0.115722,27145,4266879,0.507506,15770,5239821,0.623228,8407551
2,2021-06-04,47915,9166251,31303,4789909,15075,4050841,1537,325501,15507,958399,0.113993,32111,4298990,0.511325,17568,5257389,0.625318,8407551
2,2021-06-05,37763,9204014,26946,4816855,9356,4060197,1461,326962,11839,946418,0.112568,25699,4324689,0.514382,13718,5271107,0.626949,8407551
2,2021-06-06,14880,9218894,12209,4829064,2092,4062289,579,327541,4694,941758,0.112013,10122,4334811,0.515585,5462,5276569,0.627599,8407551
2,2021-06-07,33217,9252111,23245,4852309,8700,4070989,1272,328813,10802,931807,0.11083,22271,4357082,0.518234,12320,5288889,0.629064,8407551
2,2021-06-08,40554,9292665,28708,4881017,10475,4081464,1371,330184,12467,918172,0.109208,27846,4384928,0.521546,14211,5303100,0.630754,8407551
2,2021-06-09,38048,9330713,26569,4907586,9987,4091451,1492,331676,11531,905195,0.107665,26324,4411252,0.524677,13347,5316447,0.632342,8407551
2,2021-06-10,37686,9368399,26209,4933795,9952,4101403,1525,333201,11583,892871,0.106199,25902,4437154,0.527758,13578,5330025,0.633957,8407551
2,2021-06-11,41180,9409579,27336,4961131,12179,4113582,1665,334866,13210,880334,0.104708,27707,4464861,0.531054,15170,5345195,0.635761,8407551
2,2021-06-12,29337,9438916,21582,4982713,6842,4120424,913,335779,8666,869601,0.103431,20534,4485395,0.533496,9801,5354996,0.636927,8407551
2,2021-06-13,12203,9451119,8910,4991623,2676,4123100,617,336396,3100,864443,0.102817,9042,4494437,0.534571,3884,5358880,0.637389,8407551
2,2021-06-14,29842,9480961,21176,5012799,7473,4130573,1193,337589,10345,856857,0.101915,19331,4513768,0.536871,11745,5370625,0.638786,8407551
2,2021-06-15,35454,9516415,23590,5036389,9819,4140392,2045,339634,11919,847898,0.10085,23299,4537067,0.539642,14340,5384965,0.640492,8407551
2,2021-06-16,32852,9549267,22650,5059039,8414,4148806,1788,341422,11295,839904,0.099899,21389,4558456,0.542186,13395,5398360,0.642085,8407551
2,2021-06-17,30739,9580006,20519,5079558,8424,4157230,1796,343218,10878,833096,0.099089,19687,4578143,0.544528,12879,5411239,0.643617,8407551
2,2021-06-18,34580,9614586,22775,5102333,9934,4167164,1871,345089,12629,826121,0.098259,21732,4599875,0.547112,14757,5425996,0.645372,8407551
2,2021-06-19,20849,9635435,14509,5116842,5081,4172245,1259,346348,7895,822668,0.097849,12794,4612669,0.548634,9341,5435337,0.646483,8407551
2,2021-06-20,8258,9643693,5898,5122740,1896,4174141,464,346812,3055,821092,0.097661,5162,4617831,0.549248,3586,5438923,0.646909,8407551
2,2021-06-21,19265,9662958,11798,5134538,6154,4180295,1313,348125,9850,823138,0.097905,9298,4627129,0.550354,11344,5450267,0.648259,8407551
2,2021-06-22,26771,9689729,18331,5152869,7067,4187362,1373,349498,10495,819168,0.097432,16110,4643239,0.55227,12140,5462407,0.649703,8407551
2,2021-06-23,25826,9715555,17832,5170701,6379,4193741,1615,351113,10532,816455,0.09711,15153,4658392,0.554072,12440,5474847,0.651182,8407551
2,2021-06-24,25221,9740776,17180,5187881,6535,4200276,1506,352619,10434,813980,0.096815,14643,4673035,0.555814,12168,5487015,0.652629,8407551
2,2021-06-25,28619,9769395,19406,5207287,7731,4208007,1482,354101,11963,811154,0.096479,16499,4689534,0.557776,13673,5500688,0.654256,8407551
2,2021-06-26,18454,9787849,13598,5220885,3930,4211937,926,355027,7513,808982,0.096221,10855,4700389,0.559068,8683,5509371,0.655288,8407551
2,2021-06-27,8761,9796610,6686,5227571,1629,4213566,446,355473,3511,807861,0.096088,5202,4705591,0.559686,4081,5513452,0.655774,8407551
2,2021-06-28,19696,9816306,14965,5242536,3493,4217059,1238,356711,8675,807071,0.095994,10892,4716483,0.560982,10102,5523554,0.656975,8407551
2,2021-06-29,22555,9838861,15715,5258251,5770,4222829,1070,357781,9598,805152,0.095765,12823,4729306,0.562507,10904,5534458,0.658272,8407551
2,2021-06-30,21789,9860650,15460,5273711,5307,4228136,1022,358803,9696,804141,0.095645,11957,4741263,0.563929,10946,5545404,0.659574,8407551
2,2021-07-01,19641,9880291,13897,5287608,4876,4233012,868,359671,8727,803139,0.095526,10800,4752063,0.565214,9798,5555202,0.66074,8407551
2,2021-07-02,22608,9902899,15607,5303215,5984,4238996,1017,360688,9979,801859,0.095374,12474,4764537,0.566697,11194,5566396,0.662071,8407551
2,2021-07-03,12420,9915319,8960,5312175,2990,4241986,470,361158,5681,801476,0.095328,6653,4771190,0.567489,6270,5572666,0.662817,8407551
2,2021-07-04,982,9916301,577,5312752,338,4242324,67,361225,419,801432,0.095323,553,4771743,0.567554,509,5573175,0.662877,8407551
2,2021-07-05,10954,9927255,8015,5320767,2532,4244856,407,361632,5023,801114,0.095285,5874,4777617,0.568253,5556,5578731,0.663538,8407551
2,2021-07-06,23440,9950695,17047,5337814,5425,4250281,968,362600,9061,797177,0.094817,14240,4791857,0.569947,10303,5589034,0.664764,8407551
2,2021-07-07,20343,9971038,14519,5352333,4743,4255024,1081,363681,8651,795614,0.094631,11558,4803415,0.571322,9995,5599029,0.665952,8407551
2,2021-07-08,18978,9990016,13230,5365563,4726,4259750,1022,364703,8021,794009,0.09444,10855,4814270,0.572613,9250,5608279,0.667053,8407551
2,2021-07-09,22255,10012271,15413,5380976,5626,4265376,1216,365919,9406,792128,0.094216,12712,4826982,0.574125,10831,5619110,0.668341,8407551
2,2021-07-10,14064,10026335,10369,5391345,3008,4268384,687,366606,6159,791319,0.09412,7811,4834793,0.575054,7002,5626112,0.669174,8407551
2,2021-07-11,6530,10032865,4795,5396140,1385,4269769,350,366956,3079,791408,0.094131,3408,4838201,0.575459,3497,5629609,0.66959,8407551
2,2021-07-12,18033,10050898,13249,5409389,3922,4273691,862,367818,7769,790091,0.093974,10153,4848354,0.576667,8836,5638445,0.670641,8407551
2,2021-07-13,19280,10070178,13607,5422996,4799,4278490,874,368692,8640,789299,0.09388,10501,4858855,0.577916,9709,5648154,0.671795,8407551
2,2021-07-14,18399,10088577,13147,5436143,4477,4282967,775,369467,8212,788422,0.093775,10069,4868924,0.579113,9192,5657346,0.672889,8407551
2,2021-07-15,18573,10107150,13494,5449637,4400,4287367,679,370146,8445,787741,0.093694,10017,4878941,0.580305,9336,5666682,0.673999,8407551
2,2021-07-16,22448,10129598,16178,5465815,5467,4292834,803,370949,10742,787913,0.093715,11577,4890518,0.581682,11749,5678431,0.675397,8407551
2,2021-07-17,13853,10143451,10077,5475892,3279,4296113,497,371446,6698,788173,0.093746,7067,4897585,0.582522,7327,5685758,0.676268,8407551
2,2021-07-18,6703,10150154,5027,5480919,1354,4297467,322,371768,3404,788710,0.09381,3258,4900843,0.58291,3795,5689553,0.676719,8407551
2,2021-07-19,18076,10168230,13475,5494394,3883,4301350,718,372486,8956,789563,0.093911,9005,4909848,0.583981,9858,5699411,0.677892,8407551
2,2021-07-20,20342,10188572,14518,5508912,5017,4306367,807,373293,10317,791001,0.094082,9897,4919745,0.585158,11335,5710746,0.67924,8407551
2,2021-07-21,19600,10208172,14307,5523219,4571,4310938,722,374015,10176,792772,0.094293,9304,4929049,0.586265,11075,5721821,0.680557,8407551
2,2021-07-22,19392,10227564,13917,5537136,4678,4315616,797,374812,10432,795325,0.094597,8827,4937876,0.587314,11380,5733201,0.681911,8407551
2,2021-07-23,22746,10250310,16088,5553224,5810,4321426,848,375660,12487,798718,0.095,10116,4947992,0.588518,13509,5746710,0.683518,8407551
2,2021-07-24,14029,10264339,10153,5563377,3429,4324855,447,376107,7817,800968,0.095268,6111,4954103,0.589244,8361,5755071,0.684512,8407551
2,2021-07-25,4032,10268371,2704,5566081,1219,4326074,109,376216,2869,802828,0.095489,1141,4955244,0.58938,3001,5758072,0.684869,8407551
3,2020-12-15,326,326,326,326,0,0,0,0,326,326,4e-05,0,0,0.0,326,326,4e-05,8129050
3,2020-12-16,2467,2793,2467,2793,0,0,0,0,2468,2794,0.000344,0,0,0.0,2468,2794,0.000344,8129050
3,2020-12-17,7855,10648,7855,10648,0,0,0,0,7855,10649,0.00131,0,0,0.0,7855,10649,0.00131,8129050
3,2020-12-18,13427,24075,13409,24057,18,18,0,0,13426,24075,0.002962,0,0,0.0,13426,24075,0.002962,8129050
3,2020-12-19,7258,31333,7245,31302,13,31,0,0,7321,31396,0.003862,0,0,0.0,7321,31396,0.003862,8129050
3,2020-12-20,5660,36993,5651,36953,9,40,0,0,5707,37102,0.004564,1,1,0.0,5707,37103,0.004564,8129050
3,2020-12-21,14392,51385,14366,51319,26,66,0,0,14456,51557,0.006342,1,2,0.0,14456,51559,0.006343,8129050
3,2020-12-22,14831,66216,14248,65567,583,649,0,0,14869,66424,0.008171,2,4,0.0,14869,66428,0.008172,8129050
3,2020-12-23,14834,81050,12232,77799,2602,3251,0,0,14851,81274,0.009998,2,6,1e-06,14852,81280,0.009999,8129050
3,2020-12-24,6782,87832,4866,82665,1916,5167,0,0,6779,88051,0.010832,2,8,1e-06,6779,88059,0.010833,8129050
3,2020-12-25,722,88554,664,83329,58,5225,0,0,720,88771,0.01092,0,8,1e-06,720,88779,0.010921,8129050
3,2020-12-26,4627,93181,3001,86330,1626,6851,0,0,4625,93396,0.011489,0,8,1e-06,4625,93404,0.01149,8129050
3,2020-12-27,2984,96165,1856,88186,1128,7979,0,0,2984,96380,0.011856,0,8,1e-06,2984,96388,0.011857,8129050
3,2020-12-28,13637,109802,8719,96905,4918,12897,0,0,13662,110041,0.013537,1,9,1e-06,13662,110050,0.013538,8129050
3,2020-12-29,15031,124833,8466,105371,6565,19462,0,0,15058,125097,0.015389,2,11,1e-06,15058,125108,0.01539,8129050
3,2020-12-30,18045,142878,10061,115432,7984,27446,0,0,18050,143146,0.017609,2,13,2e-06,18051,143159,0.017611,8129050
3,2020-12-31,8452,151330,3242,118674,5210,32656,0,0,8451,151595,0.018649,2,15,2e-06,8451,151610,0.01865,8129050
3,2021-01-01,1546,152876,734,119408,812,33468,0,0,1543,153137,0.018838,1,16,2e-06,1543,153153,0.01884,8129050
3,2021-01-02,4938,157814,2422,121830,2516,35984,0,0,4938,158075,0.019446,0,16,2e-06,4938,158091,0.019448,8129050
3,2021-01-03,1615,159429,847,122677,768,36752,0,0,1606,159679,0.019643,2,18,2e-06,1606,159697,0.019645,8129050
3,2021-01-04,12042,171471,5975,128652,6067,42819,0,0,12014,171686,0.02112,7,25,3e-06,12014,171711,0.021123,8129050
3,2021-01-05,15731,187202,8147,136799,7584,50403,0,0,14058,184114,0.022649,1658,1683,0.000207,14086,185797,0.022856,8129050
3,2021-01-06,20614,207816,10909,147708,9705,60108,0,0,16066,195687,0.024073,4502,6185,0.000761,16075,201872,0.024833,8129050
3,2021-01-07,26649,234465,15235,162943,11414,71522,0,0,17176,203444,0.025027,9436,15621,0.001922,17193,219065,0.026948,8129050
3,2021-01-08,30660,265125,18735,181678,11925,83447,0,0,18173,209175,0.025732,12465,28086,0.003455,18196,237261,0.029187,8129050
3,2021-01-09,12460,277585,7045,188723,5415,88862,0,0,7928,212587,0.026152,4525,32611,0.004012,7937,245198,0.030163,8129050
3,2021-01-10,7225,284810,4482,193205,2743,91605,0,0,4070,213510,0.026265,3153,35764,0.0044,4076,249274,0.030665,8129050
3,2021-01-11,29129,313939,19066,212271,10063,101668,0,0,16482,217396,0.026743,12640,48404,0.005954,16526,265800,0.032698,8129050
3,2021-01-12,32613,346552,19487,231758,13126,114794,0,0,19966,224883,0.027664,12627,61031,0.007508,20114,285914,0.035172,8129050
3,2021-01-13,34571,381123,18044,249802,16527,131321,0,0,24346,239039,0.029406,10210,71241,0.008764,24366,310280,0.038169,8129050
3,2021-01-14,34746,415869,14214,264016,20532,151853,0,0,28822,262015,0.032232,5884,77125,0.009488,28860,339140,0.04172,8129050
3,2021-01-15,39000,454869,14443,278459,24557,176410,0,0,34318,291739,0.035888,4665,81790,0.010061,34389,373529,0.04595,8129050
3,2021-01-16,21770,476639,7419,285878,14351,190761,0,0,19443,308887,0.037998,2316,84106,0.010346,19464,392993,0.048344,8129050
3,2021-01-17,13150,489789,4459,290337,8691,199452,0,0,12110,319977,0.039362,1039,85145,0.010474,12129,405122,0.049836,8129050
3,2021-01-18,24802,514591,12956,303293,11846,211298,0,0,19189,333608,0.041039,5601,90746,0.011163,19232,424354,0.052202,8129050
3,2021-01-19,41105,555696,20894,324187,20211,231509,0,0,31978,356582,0.043865,9091,99837,0.012282,32065,456419,0.056147,8129050
3,2021-01-20,46218,601914,23028,347215,23190,254699,0,0,36645,383785,0.047212,9526,109363,0.013453,36729,493148,0.060665,8129050
3,2021-01-21,48101,650015,20860,368075,27241,281940,0,0,42583,420994,0.051789,5452,114815,0.014124,42661,535809,0.065913,8129050
3,2021-01-22,49834,699849,19852,387927,29982,311922,0,0,45604,462469,0.056891,4201,119016,0.014641,45676,581485,0.071532,8129050
3,2021-01-23,30362,730211,12797,400724,17565,329487,0,0,27065,486299,0.059822,3289,122305,0.015045,27119,608604,0.074868,8129050
3,2021-01-24,17900,748111,8491,409215,9409,338896,0,0,16715,501863,0.061737,1182,123487,0.015191,16746,625350,0.076928,8129050
3,2021-01-25,40881,788992,18230,427445,22651,361547,0,0,30883,522867,0.064321,9969,133456,0.016417,30973,656323,0.080738,8129050
3,2021-01-26,47387,836379,22636,450081,24751,386298,0,0,37195,550006,0.067659,10158,143614,0.017667,37297,693620,0.085326,8129050
3,2021-01-27,51525,887904,24527,474608,26998,413296,0,0,40843,580320,0.071388,10611,154225,0.018972,40925,734545,0.09036,8129050
3,2021-01-28,51945,939849,24104,498712,27841,441137,0,0,42994,614507,0.075594,8866,163091,0.020063,43053,777598,0.095657,8129050
3,2021-01-29,51060,990909,24504,523216,26556,467693,0,0,41290,646254,0.079499,9592,172683,0.021243,41339,818937,0.100742,8129050
3,2021-01-30,37434,1028343,17792,541008,19642,487335,0,0,32709,674378,0.082959,4670,177353,0.021817,32794,851731,0.104776,8129050
3,2021-01-31,22449,1050792,12754,553762,9695,497030,0,0,21028,694021,0.085375,1406,178759,0.02199,21049,872780,0.107366,8129050
3,2021-02-01,45953,1096745,21003,574765,24950,521980,0,0,35033,718219,0.088352,10867,189626,0.023327,35065,907845,0.111679,8129050
3,2021-02-02,54557,1151302,22763,597528,31794,553774,0,0,42089,747983,0.092014,12375,202001,0.024849,42139,949984,0.116863,8129050
3,2021-02-03,60135,1211437,26688,624216,33447,587221,0,0,44717,777486,0.095643,15286,217287,0.02673,44789,994773,0.122373,8129050
3,2021-02-04,64494,1275931,27919,652135,36575,623796,0,0,47223,807747,0.099365,17076,234363,0.02883,47337,1042110,0.128196,8129050
3,2021-02-05,70458,1346389,29785,681920,40673,664469,0,0,48654,835021,0.102721,21561,255924,0.031483,48835,1090945,0.134203,8129050
3,2021-02-06,43719,1390108,20965,702885,22754,687223,0,0,34058,859646,0.10575,9615,265539,0.032665,34240,1125185,0.138415,8129050
3,2021-02-07,19741,1409849,12549,715434,7192,694415,0,0,15149,870346,0.107066,4573,270112,0.033228,15273,1140458,0.140294,8129050
3,2021-02-08,51622,1461471,24968,740402,26654,721069,0,0,33840,886732,0.109082,17641,287753,0.035398,34027,1174485,0.14448,8129050
3,2021-02-09,58849,1520320,28514,768916,30335,751404,0,0,34408,897322,0.110385,24165,311918,0.038371,34755,1209240,0.148755,8129050
3,2021-02-10,68433,1588753,31848,800764,36585,787989,0,0,36684,903054,0.11109,31451,343369,0.04224,37183,1246423,0.153329,8129050
3,2021-02-11,70834,1659587,34844,835608,35990,823979,0,0,37628,908364,0.111743,32858,376227,0.046282,38168,1284591,0.158025,8129050
3,2021-02-12,75759,1735346,32685,868293,43074,867053,0,0,41755,917195,0.112829,33697,409924,0.050427,42528,1327119,0.163256,8129050
3,2021-02-13,45281,1780627,20516,888809,24765,891818,0,0,26068,924746,0.113758,19099,429023,0.052777,26650,1353769,0.166535,8129050
3,2021-02-14,27437,1808064,13721,902530,13716,905534,0,0,15228,928275,0.114192,12150,441173,0.054271,15679,1369448,0.168463,8129050
3,2021-02-15,40316,1848380,17356,919886,22960,928494,0,0,22266,933542,0.11484,17938,459111,0.056478,23205,1392653,0.171318,8129050
3,2021-02-16,70465,1918845,33350,953236,37115,965609,0,0,36580,937405,0.115315,33745,492856,0.060629,37608,1430261,0.175944,8129050
3,2021-02-17,72293,1991138,36531,989767,35762,1001371,0,0,34235,934892,0.115006,37819,530675,0.065281,35306,1465567,0.180288,8129050
3,2021-02-18,77442,2068580,40442,1030209,37000,1038371,0,0,35800,930591,0.114477,41445,572120,0.07038,37144,1502711,0.184857,8129050
3,2021-02-19,69546,2138126,40097,1070306,29449,1067820,0,0,35086,932077,0.11466,34297,606417,0.074599,35783,1538494,0.189259,8129050
3,2021-02-20,43153,2181279,27264,1097570,15889,1083709,0,0,22516,934582,0.114968,20514,626931,0.077122,23019,1561513,0.19209,8129050
3,2021-02-21,24257,2205536,19500,1117070,4757,1088466,0,0,11821,934451,0.114952,12341,639272,0.07864,12210,1573723,0.193592,8129050
3,2021-02-22,47463,2252999,30912,1147982,16551,1105017,0,0,22181,931980,0.114648,25136,664408,0.081733,22665,1596388,0.196381,8129050
3,2021-02-23,63413,2316412,34444,1182426,28969,1133986,0,0,27614,926016,0.113914,35569,699977,0.086108,29605,1625993,0.200023,8129050
3,2021-02-24,79659,2396071,39129,1221555,40530,1174516,0,0,35172,919478,0.11311,44229,744206,0.091549,37691,1663684,0.204659,8129050
3,2021-02-25,89287,2485358,43477,1265032,45810,1220326,0,0,44417,921934,0.113412,44557,788763,0.09703,47013,1710697,0.210442,8129050
3,2021-02-26,100226,2585584,45876,1310908,54350,1274676,0,0,52892,930130,0.114421,46906,835669,0.1028,55102,1765799,0.217221,8129050
3,2021-02-27,71005,2656589,32635,1343543,38366,1313042,4,4,37497,935677,0.115103,33263,868932,0.106892,38810,1804609,0.221995,8129050
3,2021-02-28,41435,2698024,23928,1367471,17503,1330545,4,8,21266,937933,0.11538,19966,888898,0.109348,22222,1826831,0.224729,8129050
3,2021-03-01,69512,2767536,36886,1404357,32592,1363137,34,42,38572,947186,0.116519,30691,919589,0.113124,39944,1866775,0.229642,8129050
3,2021-03-02,79897,2847433,39494,1443851,40395,1403532,8,50,46143,961822,0.118319,33592,953181,0.117256,48228,1915003,0.235575,8129050
3,2021-03-03,89610,2937043,43013,1486864,46574,1450106,23,73,50197,975137,0.119957,39174,992355,0.122075,52489,1967492,0.242032,8129050
3,2021-03-04,94109,3031152,46080,1532944,48008,1498114,21,94,53387,990348,0.121828,40472,1032827,0.127054,55683,2023175,0.248882,8129050
3,2021-03-05,91048,3122200,44622,1577566,46134,1544248,292,386,55535,1013167,0.124635,35239,1068066,0.131389,58058,2081233,0.256024,8129050
3,2021-03-06,65556,3187756,33291,1610857,30104,1574352,2161,2547,37578,1026546,0.126281,27820,1095886,0.134811,41199,2122432,0.261092,8129050
3,2021-03-07,39227,3226983,22674,1633531,14657,1589009,1896,4443,22044,1034553,0.127266,17100,1112986,0.136915,25107,2147539,0.264181,8129050
3,2021-03-08,60038,3287021,28646,1662177,28385,1617394,3007,7450,37982,1055186,0.129804,21887,1134873,0.139607,42520,2190059,0.269411,8129050
3,2021-03-09,77302,3364323,35705,1697882,37140,1654534,4457,11907,41533,1066707,0.131222,35616,1170489,0.143988,47137,2237196,0.27521,8129050
3,2021-03-10,83162,3447485,41399,1739281,35669,1690203,6094,18001,43489,1078229,0.132639,39438,1209927,0.14884,50960,2288156,0.281479,8129050
3,2021-03-11,97533,3545018,47647,1786928,41263,1731466,8623,26624,47814,1086297,0.133631,49431,1259358,0.154921,57499,2345655,0.288552,8129050
3,2021-03-12,102231,3647249,45549,1832477,44778,1776244,11904,38528,46862,1091060,0.134217,55117,1314475,0.161701,59880,2405535,0.295918,8129050
3,2021-03-13,70697,3717946,29745,1862222,33681,1809925,7271,45799,37383,1103876,0.135794,33181,1347656,0.165783,45997,2451532,0.301577,8129050
3,2021-03-14,41400,3759346,21624,1883846,16214,1826139,3562,49361,20846,1108441,0.136356,20465,1368121,0.1683,25030,2476562,0.304656,8129050
3,2021-03-15,75986,3835332,36021,1919867,35398,1861537,4567,53928,40020,1118289,0.137567,35726,1403847,0.172695,45574,2522136,0.310262,8129050
3,2021-03-16,95364,3930696,43973,1963840,47052,1908589,4339,58267,53639,1135701,0.139709,41468,1445315,0.177796,58880,2581016,0.317505,8129050
3,2021-03-17,98646,4029342,47932,2011772,46164,1954753,4550,62817,59922,1162343,0.142986,38467,1483782,0.182528,65109,2646125,0.325515,8129050
3,2021-03-18,103973,4133315,52848,2064620,46596,2001349,4529,67346,59622,1182990,0.145526,44040,1527822,0.187946,64687,2710812,0.333472,8129050
3,2021-03-19,103511,4236826,55505,2120125,43541,2044890,4465,71811,57576,1199936,0.147611,45639,1573461,0.19356,62585,2773397,0.341171,8129050
3,2021-03-20,72137,4308963,37186,2157311,31286,2076176,3665,75476,44452,1221076,0.150211,27474,1600935,0.19694,48614,2822011,0.347151,8129050
3,2021-03-21,36399,4345362,24742,2182053,10149,2086325,1508,76984,21867,1230507,0.151372,14420,1615355,0.198714,23851,2845862,0.350085,8129050
3,2021-03-22,70763,4416125,41602,2223655,26633,2112958,2528,79512,45091,1253717,0.154227,25422,1640777,0.201841,48632,2894494,0.356068,8129050
3,2021-03-23,89899,4506024,49746,2273401,37617,2150575,2536,82048,55147,1277623,0.157168,34479,1675256,0.206083,58385,2952879,0.36325,8129050
3,2021-03-24,98810,4604834,56883,2330284,39000,2189575,2927,84975,56199,1295114,0.159319,42237,1717493,0.211278,59728,3012607,0.370598,8129050
3,2021-03-25,107466,4712300,59682,2389966,44811,2234386,2973,87948,60531,1312674,0.161479,46582,1764075,0.217009,64142,3076749,0.378488,8129050
3,2021-03-26,110759,4823059,59439,2449405,47971,2282357,3349,91297,56997,1320446,0.162435,53410,1817485,0.223579,61182,3137931,0.386014,8129050
3,2021-03-27,74709,4897768,37992,2487397,34165,2316522,2552,93849,36044,1321289,0.162539,38423,1855908,0.228306,39266,3177197,0.390845,8129050
3,2021-03-28,44410,4942178,27984,2515381,15612,2332134,814,94663,22329,1323114,0.162764,21956,1877864,0.231007,23781,3200978,0.39377,8129050
3,2021-03-29,80729,5022907,42141,2557522,36726,2368860,1862,96525,44112,1333550,0.164047,36348,1914212,0.235478,46784,3247762,0.399525,8129050
3,2021-03-30,100394,5123301,49316,2606838,47437,2416297,3641,100166,56255,1350172,0.166092,43875,1958087,0.240875,60497,3308259,0.406967,8129050
3,2021-03-31,105155,5228456,56710,2663548,43586,2459883,4859,105025,56173,1362798,0.167645,48729,2006816,0.24687,61355,3369614,0.414515,8129050
3,2021-04-01,123822,5352278,62573,2726121,51475,2511358,9774,114799,66771,1382998,0.17013,56629,2063445,0.253836,76829,3446443,0.423966,8129050
3,2021-04-02,118095,5470373,57603,2783724,50138,2561496,10354,125153,62278,1400591,0.172295,55505,2118950,0.260664,73098,3519541,0.432958,8129050
3,2021-04-03,76206,5546579,38989,2822713,27970,2589466,9247,134400,37890,1409866,0.173436,38158,2157108,0.265358,47433,3566974,0.438793,8129050
3,2021-04-04,32478,5579057,17376,2840089,10878,2600344,4224,138624,14177,1410066,0.17346,18220,2175328,0.267599,18420,3585394,0.441059,8129050
3,2021-04-05,89645,5668702,45512,2885601,34884,2635228,9249,147873,43546,1417812,0.174413,45856,2221184,0.27324,53602,3638996,0.447653,8129050
3,2021-04-06,113644,5782346,55281,2940882,43133,2678361,15230,163103,53294,1426963,0.175539,60058,2281242,0.280628,69209,3708205,0.456167,8129050
3,2021-04-07,116457,5898803,60219,3001101,39904,2718265,16334,179437,56147,1439659,0.177101,60031,2341273,0.288013,72727,3780932,0.465114,8129050
3,2021-04-08,121583,6020386,60510,3061611,40879,2759144,20194,199631,56258,1451857,0.178601,65001,2406274,0.296009,77199,3858131,0.47461,8129050
3,2021-04-09,118636,6139022,59123,3120734,40324,2799468,19189,218820,52060,1457673,0.179317,66309,2472583,0.304166,72125,3930256,0.483483,8129050
3,2021-04-10,84525,6223547,37907,3158641,31336,2830804,15282,234102,34334,1458090,0.179368,49994,2522577,0.310316,50411,3980667,0.489684,8129050
3,2021-04-11,45371,6268918,24307,3182948,13045,2843849,8019,242121,17213,1456085,0.179121,28060,2550637,0.313768,26055,4006722,0.492889,8129050
3,2021-04-12,84108,6353026,42480,3225428,32798,2876647,8830,250951,37976,1458088,0.179368,45888,2596525,0.319413,47891,4054613,0.498781,8129050
3,2021-04-13,105637,6458663,57207,3282635,48221,2924868,209,251160,55661,1465120,0.180233,49723,2646248,0.32553,56755,4111368,0.505762,8129050
3,2021-04-14,107804,6566467,58924,3341559,48779,2973647,101,251261,53618,1466391,0.180389,53884,2700132,0.332158,55155,4166523,0.512547,8129050
3,2021-04-15,119702,6686169,67325,3408884,52299,3025946,78,251339,63957,1475817,0.181549,55417,2755549,0.338976,64843,4231366,0.520524,8129050
3,2021-04-16,115817,6801986,64945,3473829,50778,3076724,94,251433,60414,1481913,0.182298,55079,2810628,0.345751,61175,4292541,0.52805,8129050
3,2021-04-17,79690,6881676,43404,3517233,36272,3112996,14,251447,44387,1492215,0.183566,35068,2845696,0.350065,45370,4337911,0.533631,8129050
3,2021-04-18,38823,6920499,23415,3540648,15402,3128398,6,251453,18228,1490853,0.183398,20471,2866167,0.352583,19109,4357020,0.535981,8129050
3,2021-04-19,79481,6999980,44253,3584901,35172,3163570,56,251509,35898,1483942,0.182548,43373,2909540,0.357919,36462,4393482,0.540467,8129050
3,2021-04-20,101226,7101206,53318,3638219,47890,3211460,18,251527,49172,1482366,0.182354,51790,2961330,0.36429,50214,4443696,0.546644,8129050
3,2021-04-21,106112,7207318,59594,3697813,46448,3257908,70,251597,50172,1478133,0.181833,55560,3016890,0.371125,51327,4495023,0.552958,8129050
3,2021-04-22,112193,7319511,63028,3760841,49138,3307046,27,251624,48334,1463953,0.180089,63497,3080387,0.378936,49317,4544340,0.559025,8129050
3,2021-04-23,106599,7426110,60981,3821822,45588,3352634,30,251654,46846,1452455,0.178675,59386,3139773,0.386241,47888,4592228,0.564916,8129050
3,2021-04-24,74069,7500179,45741,3867563,28261,3380895,67,251721,36117,1451965,0.178614,37667,3177440,0.390875,37177,4629405,0.569489,8129050
3,2021-04-25,37018,7537197,23631,3891194,13370,3394265,17,251738,18931,1453381,0.178789,17938,3195378,0.393081,19354,4648759,0.57187,8129050
3,2021-04-26,74172,7611369,41947,3933141,31816,3426081,409,252147,31731,1444700,0.177721,42165,3237543,0.398268,33484,4682243,0.575989,8129050
3,2021-04-27,91331,7702700,47943,3981084,41646,3467727,1742,253889,36320,1428834,0.175769,54695,3292238,0.404997,38829,4721072,0.580766,8129050
3,2021-04-28,86960,7789660,49421,4030505,35399,3503126,2140,256029,35601,1416047,0.174196,51057,3343295,0.411277,38270,4759342,0.585473,8129050
3,2021-04-29,89048,7878708,50893,4081398,35942,3539068,2213,258242,31795,1393631,0.171438,56911,3400206,0.418278,34495,4793837,0.589717,8129050
3,2021-04-30,90879,7969587,51291,4132689,37106,3576174,2482,260724,33900,1373857,0.169006,56620,3456826,0.425244,36846,4830683,0.594249,8129050
3,2021-05-01,55299,8024886,34704,4167393,19131,3595305,1464,262188,19947,1360672,0.167384,35086,3491912,0.42956,21901,4852584,0.596944,8129050
3,2021-05-02,26944,8051830,18390,4185783,7538,3602843,1016,263204,9876,1354703,0.16665,16957,3508869,0.431646,10988,4863572,0.598295,8129050
3,2021-05-03,59841,8111671,35115,4220898,22356,3625199,2370,265574,17531,1332702,0.163943,42082,3550951,0.436822,20081,4883653,0.600766,8129050
3,2021-05-04,77489,8189160,44802,4265700,30006,3655205,2681,268255,22581,1303630,0.160367,54614,3605565,0.443541,25542,4909195,0.603908,8129050
3,2021-05-05,78956,8268116,47449,4313149,28807,3684012,2700,270955,21927,1271849,0.156457,56693,3662258,0.450515,24912,4934107,0.606972,8129050
3,2021-05-06,83100,8351216,52521,4365670,28052,3712064,2527,273482,20648,1233596,0.151752,61974,3724232,0.458139,23721,4957828,0.60989,8129050
3,2021-05-07,82275,8433491,51273,4416943,28384,3740448,2618,276100,21883,1198349,0.147416,60043,3784275,0.465525,24796,4982624,0.612941,8129050
3,2021-05-08,52340,8485831,32418,4449361,18213,3758661,1709,277809,13892,1176028,0.14467,38183,3822458,0.470222,15862,4998486,0.614892,8129050
3,2021-05-09,20923,8506754,15309,4464670,4826,3763487,788,278597,5513,1167078,0.143569,15317,3837775,0.472106,6367,5004853,0.615675,8129050
3,2021-05-10,47894,8554648,25670,4490340,20323,3783810,1901,280498,11122,1143792,0.140704,36572,3874347,0.476605,13286,5018139,0.617309,8129050
3,2021-05-11,63677,8618325,35582,4525922,25879,3809689,2216,282714,16093,1115226,0.13719,47343,3921690,0.482429,18777,5036916,0.619619,8129050
3,2021-05-12,64628,8682953,37134,4563056,25098,3834787,2396,285110,16519,1086581,0.133666,47857,3969547,0.488316,19212,5056128,0.621983,8129050
3,2021-05-13,75105,8758058,47345,4610401,25853,3860640,1907,287017,27463,1069160,0.131523,47400,4016947,0.494147,29979,5086107,0.625671,8129050
3,2021-05-14,80063,8838121,50583,4660984,27348,3887988,2132,289149,31007,1054129,0.129674,48768,4065715,0.500146,33737,5119844,0.629821,8129050
3,2021-05-15,61870,8899991,42686,4703670,17979,3905967,1205,290354,25571,1045026,0.128555,36096,4101811,0.504587,26993,5146837,0.633141,8129050
3,2021-05-16,33073,8933064,24715,4728385,7667,3913634,691,291045,13344,1039537,0.127879,19611,4121422,0.506999,14122,5160959,0.634878,8129050
3,2021-05-17,56793,8989857,36189,4764574,18770,3932404,1834,292879,20937,1026928,0.126328,35583,4157005,0.511376,22974,5183933,0.637705,8129050
3,2021-05-18,64386,9054243,38023,4802597,24504,3956908,1859,294738,24226,1013522,0.124679,39886,4196891,0.516283,26480,5210413,0.640962,8129050
3,2021-05-19,63825,9118068,38803,4841400,23281,3980189,1741,296479,24735,1001429,0.123191,38840,4235731,0.521061,26747,5237160,0.644252,8129050
3,2021-05-20,61628,9179696,36088,4877488,23702,4003891,1838,298317,22155,986568,0.121363,39193,4274924,0.525882,24332,5261492,0.647246,8129050
3,2021-05-21,65748,9245444,39940,4917428,23710,4027601,2098,300415,23488,970508,0.119388,41948,4316872,0.531043,25888,5287380,0.65043,8129050
3,2021-05-22,45582,9291026,30241,4947669,13875,4041476,1466,301881,19066,964986,0.118708,26310,4343182,0.534279,20788,5308168,0.652987,8129050
3,2021-05-23,21729,9312755,15039,4962708,6040,4047516,650,302531,9195,962496,0.118402,12446,4355628,0.53581,9956,5318124,0.654212,8129050
3,2021-05-24,39466,9352221,23076,4985784,14634,4062150,1756,304287,14630,954446,0.117412,24641,4380269,0.538841,16591,5334715,0.656253,8129050
3,2021-05-25,42648,9394869,24007,5009791,16965,4079115,1676,305963,15159,944279,0.116161,27228,4407497,0.542191,17061,5351776,0.658352,8129050
3,2021-05-26,42329,9437198,24237,5034028,16373,4095488,1719,307682,15850,935799,0.115118,26185,4433682,0.545412,17705,5369481,0.66053,8129050
3,2021-05-27,39290,9476488,22052,5056080,15488,4110976,1750,309432,15431,929519,0.114345,23701,4457383,0.548328,17421,5386902,0.662673,8129050
3,2021-05-28,42675,9519163,24121,5080201,16758,4127734,1796,311228,17732,924629,0.113744,24740,4482123,0.551371,19850,5406752,0.665115,8129050
3,2021-05-29,23434,9542597,14326,5094527,8272,4136006,836,312064,10988,924264,0.113699,12314,4494437,0.552886,11949,5418701,0.666585,8129050
3,2021-05-30,10577,9553174,6853,5101380,3088,4139094,636,312700,4452,923343,0.113586,6049,4500486,0.55363,5128,5423829,0.667216,8129050
3,2021-05-31,4624,9557798,2673,5104053,1687,4140781,264,312964,1455,921958,0.113415,3133,4503619,0.554015,1748,5425577,0.667431,8129050
3,2021-06-01,37624,9595422,21671,5125724,14518,4155299,1435,314399,13179,912551,0.112258,24213,4527832,0.556994,14806,5440383,0.669252,8129050
3,2021-06-02,31423,9626845,18065,5143789,11952,4167251,1406,315805,11652,906176,0.111474,19565,4547397,0.559401,13190,5453573,0.670875,8129050
3,2021-06-03,39533,9666378,27064,5170853,11036,4178287,1433,317238,11446,891369,0.109652,27907,4575304,0.562834,13100,5466673,0.672486,8129050
3,2021-06-04,46095,9712473,32610,5203463,11940,4190227,1545,318783,13136,873725,0.107482,32725,4608029,0.566859,15081,5481754,0.674341,8129050
3,2021-06-05,34288,9746761,25860,5229323,7241,4197468,1187,319970,8751,858518,0.105611,25329,4633358,0.569975,10122,5491876,0.675586,8129050
3,2021-06-06,14617,9761378,12197,5241520,1839,4199307,581,320551,3757,852218,0.104836,10800,4644158,0.571304,4500,5496376,0.67614,8129050
3,2021-06-07,30362,9791740,22072,5263592,7010,4206317,1280,321831,8725,840854,0.103438,21489,4665647,0.573947,10125,5506501,0.677386,8129050
3,2021-06-08,34257,9825997,24610,5288202,8362,4214679,1285,323116,9965,828233,0.101886,24082,4689729,0.57691,11461,5517962,0.678795,8129050
3,2021-06-09,32939,9858936,23900,5312102,7741,4222420,1298,324414,8866,814659,0.100216,23896,4713625,0.579849,10322,5528284,0.680065,8129050
3,2021-06-10,32430,9891366,23391,5335493,7515,4229935,1524,325938,8955,802011,0.09866,23321,4736946,0.582718,10673,5538957,0.681378,8129050
3,2021-06-11,35479,9926845,25096,5360589,9020,4238955,1363,327301,10564,789393,0.097108,24720,4761666,0.585759,12102,5551059,0.682867,8129050
3,2021-06-12,25098,9951943,18918,5379507,5288,4244243,892,328193,6698,778847,0.09581,18287,4779953,0.588009,7741,5558800,0.683819,8129050
3,2021-06-13,10127,9962070,7575,5387082,2062,4246305,490,328683,2364,774063,0.095222,7709,4787662,0.588957,2925,5561725,0.684179,8129050
3,2021-06-14,25753,9987823,18453,5405535,5884,4252189,1416,330099,8072,766140,0.094247,17550,4805212,0.591116,9627,5571352,0.685363,8129050
3,2021-06-15,28667,10016490,19404,5424939,7763,4259952,1500,331599,9651,758668,0.093328,18791,4824003,0.593428,11319,5582671,0.686756,8129050
3,2021-06-16,25806,10042296,18318,5443257,6078,4266030,1410,333009,8698,752004,0.092508,16927,4840930,0.59551,10263,5592934,0.688018,8129050
3,2021-06-17,24795,10067091,17763,5461020,5747,4271777,1285,334294,8610,746002,0.09177,16033,4856963,0.597482,10031,5602965,0.689252,8129050
3,2021-06-18,27918,10095009,19714,5480734,6635,4278412,1569,335863,9792,739631,0.090986,17900,4874863,0.599684,11529,5614494,0.69067,8129050
3,2021-06-19,15962,10110971,11732,5492466,3376,4281788,854,336717,5706,736166,0.09056,10131,4884994,0.60093,6666,5621160,0.69149,8129050
3,2021-06-20,6857,10117828,5141,5497607,1417,4283205,299,337016,2602,734916,0.090406,4203,4889197,0.601448,2953,5624113,0.691854,8129050
3,2021-06-21,16192,10134020,10213,5507820,4582,4287787,1397,338413,8070,736470,0.090597,8031,4897228,0.602435,9585,5633698,0.693033,8129050
3,2021-06-22,22036,10156056,15454,5523274,5290,4293077,1292,339705,8259,732512,0.09011,13662,4910890,0.604116,9704,5643402,0.694227,8129050
3,2021-06-23,20190,10176246,14152,5537426,4711,4297788,1327,341032,7999,729897,0.089789,12079,4922969,0.605602,9464,5652866,0.695391,8129050
3,2021-06-24,19893,10196139,13851,5551277,4597,4302385,1445,342477,7771,727270,0.089466,11954,4934923,0.607073,9327,5662193,0.696538,8129050
3,2021-06-25,23235,10219374,16483,5567760,5329,4307714,1423,343900,9088,723885,0.089049,14019,4948942,0.608797,10634,5672827,0.697846,8129050
3,2021-06-26,13818,10233192,10257,5578017,2791,4310505,770,344670,5759,722578,0.088888,7990,4956932,0.60978,6683,5679510,0.698668,8129050
3,2021-06-27,6679,10239871,5163,5583180,1208,4311713,308,344978,2856,721986,0.088816,3788,4960720,0.610246,3196,5682706,0.699062,8129050
3,2021-06-28,15853,10255724,12178,5595358,2601,4314314,1074,346052,6696,720806,0.08867,9048,4969768,0.611359,7868,5690574,0.700029,8129050
3,2021-06-29,17899,10273623,12624,5607982,4286,4318600,989,347041,7333,718811,0.088425,10448,4980216,0.612644,8453,5699027,0.701069,8129050
3,2021-06-30,16913,10290536,11976,5619958,3903,4322503,1034,348075,7283,717770,0.088297,9501,4989717,0.613813,8460,5707487,0.70211,8129050
3,2021-07-01,16122,10306658,11497,5631455,3565,4326068,1060,349135,6777,716460,0.088136,9247,4998964,0.614951,7937,5715424,0.703086,8129050
3,2021-07-02,18299,10324957,13030,5644485,4173,4330241,1096,350231,7792,715052,0.087963,10398,5009362,0.61623,8990,5724414,0.704192,8129050
3,2021-07-03,9974,10334931,7222,5651707,2325,4332566,427,350658,4276,714221,0.08786,5634,5014996,0.616923,4803,5729217,0.704783,8129050
3,2021-07-04,699,10335630,403,5652110,209,4332775,87,350745,263,714158,0.087853,429,5015425,0.616976,366,5729583,0.704828,8129050
3,2021-07-05,9472,10345102,6924,5659034,2125,4334900,423,351168,4290,713813,0.08781,5119,5020544,0.617605,4774,5734357,0.705415,8129050
3,2021-07-06,18862,10363964,13684,5672718,4065,4338965,1113,352281,6827,709974,0.087338,11898,5032442,0.619069,8059,5742416,0.706407,8129050
3,2021-07-07,15548,10379512,11028,5683746,3414,4342379,1106,353387,6283,708301,0.087132,9166,5041608,0.620196,7493,5749909,0.707329,8129050
3,2021-07-08,15176,10394688,10958,5694704,3231,4345610,987,354374,6162,706615,0.086925,8921,5050529,0.621294,7235,5757144,0.708219,8129050
3,2021-07-09,17421,10412109,12155,5706859,4067,4349677,1199,355573,7192,704995,0.086725,10118,5060647,0.622539,8498,5765642,0.709264,8129050
3,2021-07-10,10722,10422831,7890,5714749,2171,4351848,661,356234,4562,704210,0.086629,6095,5066742,0.623288,5310,5770952,0.709917,8129050
3,2021-07-11,5083,10427914,3759,5718508,1048,4352896,276,356510,2305,704066,0.086611,2745,5069487,0.623626,2601,5773553,0.710237,8129050
3,2021-07-12,14264,10442178,10398,5728906,2871,4355767,995,357505,5694,702334,0.086398,8492,5077979,0.624671,6760,5780313,0.711069,8129050
3,2021-07-13,15003,10457181,10593,5739499,3505,4359272,905,358410,6566,701544,0.086301,8339,5086318,0.625696,7549,5787862,0.711997,8129050
3,2021-07-14,14261,10471442,10120,5749619,3224,4362496,917,359327,6345,701051,0.08624,7817,5094135,0.626658,7324,5795186,0.712898,8129050
3,2021-07-15,14499,10485941,10478,5760097,3194,4365690,827,360154,6655,700851,0.086216,7753,5101888,0.627612,7553,5802739,0.713827,8129050
3,2021-07-16,17481,10503422,12590,5772687,4024,4369714,867,361021,8358,701125,0.086249,9023,5110911,0.628722,9297,5812036,0.714971,8129050
3,2021-07-17,10945,10514367,7987,5780674,2432,4372146,526,361547,5196,701234,0.086263,5681,5116592,0.629421,5790,5817826,0.715683,8129050
3,2021-07-18,5435,10519802,4105,5784779,1088,4373234,242,361789,2665,701436,0.086288,2733,5119325,0.629757,2935,5820761,0.716044,8129050
3,2021-07-19,14702,10534504,10759,5795538,3089,4376323,854,362643,7210,702183,0.086379,7394,5126719,0.630666,8141,5828902,0.717046,8129050
3,2021-07-20,16126,10550630,11228,5806766,4029,4380352,869,363512,8296,703701,0.086566,7725,5134444,0.631617,9243,5838145,0.718183,8129050
3,2021-07-21,15597,10566227,11080,5817846,3702,4384054,815,364327,7886,704883,0.086712,7593,5142037,0.632551,8775,5846920,0.719262,8129050
3,2021-07-22,15804,10582031,11222,5829068,3684,4387738,898,365225,8215,706582,0.086921,7478,5149515,0.633471,9177,5856097,0.720391,8129050
3,2021-07-23,18295,10600326,13169,5842237,4297,4392035,829,366054,9903,709134,0.087235,8258,5157773,0.634487,10810,5866907,0.721721,8129050
3,2021-07-24,10991,10611317,7994,5850231,2598,4394633,399,366453,6137,710918,0.087454,4784,5162557,0.635075,6568,5873475,0.722529,8129050
3,2021-07-25,3345,10614662,2302,5852533,877,4395510,166,366619,2343,712474,0.087645,973,5163530,0.635195,2529,5876004,0.72284,8129050
4,2020-12-15,456,456,456,456,0,0,0,0,456,456,5.7e-05,0,0,0.0,456,456,5.7e-05,8037679
4,2020-12-16,3048,3504,3048,3504,0,0,0,0,3048,3504,0.000436,0,0,0.0,3048,3504,0.000436,8037679
4,2020-12-17,8967,12471,8967,12471,0,0,0,0,8967,12471,0.001552,0,0,0.0,8967,12471,0.001552,8037679
4,2020-12-18,16216,28687,16204,28675,12,12,0,0,16216,28687,0.003569,0,0,0.0,16216,28687,0.003569,8037679
4,2020-12-19,10392,39079,10383,39058,9,21,0,0,10328,39015,0.004854,0,0,0.0,10328,39015,0.004854,8037679
4,2020-12-20,7429,46508,7422,46480,7,28,0,0,7384,46399,0.005773,0,0,0.0,7384,46399,0.005773,8037679
4,2020-12-21,16410,62918,16384,62864,26,54,0,0,16343,62741,0.007806,1,1,0.0,16343,62742,0.007806,8037679
4,2020-12-22,17221,80139,16471,79335,750,804,0,0,17176,79913,0.009942,4,5,1e-06,17176,79918,0.009943,8037679
4,2020-12-23,17142,97281,14408,93743,2734,3538,0,0,17120,97030,0.012072,3,8,1e-06,17120,97038,0.012073,8037679
4,2020-12-24,8570,105851,5979,99722,2591,6129,0,0,8569,105599,0.013138,0,8,1e-06,8569,105607,0.013139,8037679
4,2020-12-25,907,106758,802,100524,105,6234,0,0,907,106506,0.013251,0,8,1e-06,907,106514,0.013252,8037679
4,2020-12-26,6183,112941,3901,104425,2282,8516,0,0,6183,112689,0.01402,0,8,1e-06,6183,112697,0.014021,8037679
4,2020-12-27,3425,116366,1990,106415,1435,9951,0,0,3425,116114,0.014446,0,8,1e-06,3425,116122,0.014447,8037679
4,2020-12-28,15166,131532,9380,115795,5786,15737,0,0,15137,131248,0.016329,3,11,1e-06,15137,131259,0.01633,8037679
4,2020-12-29,15436,146968,8539,124334,6897,22634,0,0,15403,146651,0.018245,0,11,1e-06,15403,146662,0.018247,8037679
4,2020-12-30,19006,165974,11092,135426,7914,30548,0,0,18995,165644,0.020608,2,13,2e-06,18995,165657,0.02061,8037679
4,2020-12-31,8313,174287,3365,138791,4948,35496,0,0,8300,173935,0.02164,9,22,3e-06,8300,173957,0.021643,8037679
4,2021-01-01,1632,175919,739,139530,893,36389,0,0,1628,175560,0.021842,3,25,3e-06,1628,175585,0.021845,8037679
4,2021-01-02,5742,181661,3244,142774,2498,38887,0,0,5740,181299,0.022556,1,26,3e-06,5740,181325,0.022559,8037679
4,2021-01-03,2147,183808,1269,144043,878,39765,0,0,2133,183429,0.022821,3,29,4e-06,2133,183458,0.022825,8037679
4,2021-01-04,12992,196800,7033,151076,5959,45724,0,0,12943,196343,0.024428,29,58,7e-06,12943,196401,0.024435,8037679
4,2021-01-05,16976,213776,10060,161136,6916,52640,0,0,14758,208925,0.025993,2189,2247,0.00028,14771,211172,0.026273,8037679
4,2021-01-06,21675,235451,13285,174421,8390,61030,0,0,15561,218435,0.027176,6065,8312,0.001034,15575,226747,0.028211,8037679
4,2021-01-07,28046,263497,17097,191518,10949,71979,0,0,16745,223960,0.027864,11241,19553,0.002433,16766,243513,0.030296,8037679
4,2021-01-08,32991,296488,21175,212693,11816,83795,0,0,18386,227829,0.028345,14538,34091,0.004241,18407,261920,0.032587,8037679
4,2021-01-09,16334,312822,9667,222360,6667,90462,0,0,9483,230484,0.028675,6840,40931,0.005092,9495,271415,0.033768,8037679
4,2021-01-10,8797,321619,5683,228043,3114,93576,0,0,4173,230052,0.028622,4613,45544,0.005666,4181,275596,0.034288,8037679
4,2021-01-11,33591,355210,22062,250105,11529,105105,0,0,18903,234342,0.029155,14660,60204,0.00749,18950,294546,0.036646,8037679
4,2021-01-12,38673,393883,22307,272412,16366,121471,0,0,24341,244447,0.030413,14277,74481,0.009266,24382,318928,0.039679,8037679
4,2021-01-13,39015,432898,19328,291740,19687,141158,0,0,27597,260694,0.032434,11377,85858,0.010682,27624,346552,0.043116,8037679
4,2021-01-14,39534,472432,15227,306967,24307,165465,0,0,32296,285820,0.03556,7199,93057,0.011578,32325,378877,0.047138,8037679
4,2021-01-15,45598,518030,15949,322916,29649,195114,0,0,39994,320304,0.03985,5536,98593,0.012266,40020,418897,0.052117,8037679
4,2021-01-16,28845,546875,9416,332332,19429,214543,0,0,25716,342939,0.042666,3099,101692,0.012652,25734,444631,0.055318,8037679
4,2021-01-17,19181,566056,6758,339090,12423,226966,0,0,17647,359088,0.044676,1512,103204,0.01284,17661,462292,0.057516,8037679
4,2021-01-18,29546,595602,13675,352765,15871,242837,0,0,23549,376733,0.046871,5930,109134,0.013578,23575,485867,0.060449,8037679
4,2021-01-19,46262,641864,23121,375886,23141,265978,0,0,36846,404286,0.050299,9368,118502,0.014743,36921,522788,0.065042,8037679
4,2021-01-20,52797,694661,28269,404155,24528,290506,0,0,42198,436045,0.05425,10501,129003,0.01605,42260,565048,0.0703,8037679
4,2021-01-21,57993,752654,26151,430306,31842,322348,0,0,51192,480563,0.059789,6719,135722,0.016886,51237,616285,0.076674,8037679
4,2021-01-22,55569,808223,22330,452636,33239,355587,0,0,50378,525847,0.065423,5121,140843,0.017523,50405,666690,0.082946,8037679
4,2021-01-23,39756,847979,17451,470087,22305,377892,0,0,35393,556916,0.069288,4353,145196,0.018064,35422,702112,0.087353,8037679
4,2021-01-24,24062,872041,10514,480601,13548,391440,0,0,22153,577188,0.07181,1900,147096,0.018301,22172,724284,0.090111,8037679
4,2021-01-25,48163,920204,22291,502892,25872,417312,0,0,36980,603074,0.075031,11151,158247,0.019688,37037,761321,0.094719,8037679
4,2021-01-26,57143,977347,29163,532055,27980,445292,0,0,44803,635636,0.079082,12303,170550,0.021219,44865,806186,0.100301,8037679
4,2021-01-27,56484,1033831,26889,558944,29595,474887,0,0,45354,669994,0.083357,11050,181600,0.022594,45408,851594,0.10595,8037679
4,2021-01-28,56913,1090744,25747,584691,31166,506053,0,0,46835,706894,0.087948,9981,191581,0.023835,46881,898475,0.111783,8037679
4,2021-01-29,56830,1147574,27283,611974,29547,535600,0,0,46322,742944,0.092433,10307,201888,0.025118,46357,944832,0.11755,8037679
4,2021-01-30,38241,1185815,17290,629264,20951,556551,0,0,32850,770487,0.095859,5334,207222,0.025781,32877,977709,0.121641,8037679
4,2021-01-31,24072,1209887,12690,641954,11382,567933,0,0,22362,791177,0.098434,1690,208912,0.025992,22380,1000089,0.124425,8037679
4,2021-02-01,49864,1259751,24038,665992,25826,593759,0,0,38145,817702,0.101734,11663,220575,0.027443,38188,1038277,0.129176,8037679
4,2021-02-02,55769,1315520,25652,691644,30117,623876,0,0,42801,847657,0.10546,12889,233464,0.029046,42844,1081121,0.134507,8037679
4,2021-02-03,62446,1377966,30673,722317,31773,655649,0,0,47868,881152,0.109628,14426,247890,0.030841,47921,1129042,0.140469,8037679
4,2021-02-04,67846,1445812,31469,753786,36377,692026,0,0,50936,915461,0.113896,16735,264625,0.032923,51044,1180086,0.146819,8037679
4,2021-02-05,73652,1519464,34152,787938,39500,731526,0,0,51104,944435,0.117501,22264,286889,0.035693,51238,1231324,0.153194,8037679
4,2021-02-06,48933,1568397,26324,814262,22609,754135,0,0,37275,970327,0.120722,11587,298476,0.037135,37479,1268803,0.157857,8037679
4,2021-02-07,26620,1595017,17605,831867,9015,763150,0,0,20092,984162,0.122444,6495,304971,0.037943,20330,1289133,0.160386,8037679
4,2021-02-08,58967,1653984,30430,862297,28537,791687,0,0,38324,1002247,0.124694,20502,325473,0.040493,38587,1327720,0.165187,8037679
4,2021-02-09,67670,1721654,34306,896603,33364,825051,0,0,39625,1014462,0.126213,27851,353324,0.043958,40066,1367786,0.170172,8037679
4,2021-02-10,77822,1799476,38961,935564,38861,863912,0,0,40862,1019161,0.126798,36708,390032,0.048525,41407,1409193,0.175323,8037679
4,2021-02-11,81937,1881413,42859,978423,39078,902990,0,0,41627,1021432,0.12708,40032,430064,0.053506,42303,1451496,0.180586,8037679
4,2021-02-12,85033,1966446,38149,1016572,46884,949874,0,0,43649,1024773,0.127496,41098,471162,0.058619,44439,1495935,0.186115,8037679
4,2021-02-13,59252,2025698,30030,1046602,29222,979096,0,0,30159,1026887,0.127759,28948,500110,0.062221,31062,1526997,0.18998,8037679
4,2021-02-14,37102,2062800,19301,1065903,17801,996897,0,0,18986,1028473,0.127956,18057,518167,0.064467,19643,1546640,0.192424,8037679
4,2021-02-15,46534,2109334,21825,1087728,24709,1021606,0,0,23823,1030857,0.128253,22622,540789,0.067282,25006,1571646,0.195535,8037679
4,2021-02-16,80812,2190146,37103,1124831,43709,1065315,0,0,41049,1033507,0.128583,39617,580406,0.072211,42267,1613913,0.200793,8037679
4,2021-02-17,82111,2272257,38842,1163673,43269,1108584,0,0,39023,1030785,0.128244,42871,623277,0.077544,40149,1654062,0.205789,8037679
4,2021-02-18,83995,2356252,46253,1209926,37742,1146326,0,0,38767,1026004,0.127649,45028,668305,0.083147,40247,1694309,0.210796,8037679
4,2021-02-19,83410,2439662,52585,1262511,30825,1177151,0,0,41598,1026663,0.127731,41631,709936,0.088326,42290,1736599,0.216057,8037679
4,2021-02-20,49932,2489594,33257,1295768,16675,1193826,0,0,27008,1031529,0.128337,22837,732773,0.091167,27703,1764302,0.219504,8037679
4,2021-02-21,30313,2519907,24072,1319840,6241,1200067,0,0,14624,1030839,0.128251,15600,748373,0.093108,14910,1779212,0.221359,8037679
4,2021-02-22,55484,2575391,38141,1357981,17343,1217410,0,0,26684,1029335,0.128064,28639,777012,0.096671,27135,1806347,0.224735,8037679
4,2021-02-23,76697,2652088,42472,1400453,34225,1251635,0,0,33541,1021603,0.127102,42945,819957,0.102014,35213,1841560,0.229116,8037679
4,2021-02-24,91945,2744033,48584,1449037,43361,1294996,0,0,41283,1014655,0.126237,50385,870342,0.108283,43437,1884997,0.23452,8037679
4,2021-02-25,103539,2847572,54167,1503204,49372,1344368,0,0,49326,1012557,0.125976,53977,924319,0.114998,51879,1936876,0.240975,8037679
4,2021-02-26,109774,2957346,55493,1558697,54281,1398649,0,0,56030,1017514,0.126593,53432,977751,0.121646,58389,1995265,0.248239,8037679
4,2021-02-27,79912,3037258,43544,1602241,36358,1435007,10,10,42571,1024464,0.127458,37117,1014868,0.126264,44067,2039332,0.253722,8037679
4,2021-02-28,49438,3086696,30551,1632792,18880,1453887,7,17,27224,1030562,0.128216,22019,1036887,0.129003,28117,2067449,0.25722,8037679
4,2021-03-01,80092,3166788,46953,1679745,33094,1486981,45,62,44056,1040156,0.12941,35701,1072588,0.133445,45295,2112744,0.262855,8037679
4,2021-03-02,87053,3253841,50001,1729746,37043,1524024,9,71,50890,1056877,0.13149,35966,1108554,0.13792,52687,2165431,0.26941,8037679
4,2021-03-03,101014,3354855,53784,1783530,47214,1571238,16,87,56411,1070699,0.13321,44376,1152930,0.143441,58198,2223629,0.276651,8037679
4,2021-03-04,98404,3453259,54594,1838124,43793,1615031,17,104,53818,1081971,0.134612,44340,1197270,0.148957,55612,2279241,0.28357,8037679
4,2021-03-05,95971,3549230,51922,1890046,43729,1658760,320,424,56604,1101694,0.137066,39138,1236408,0.153826,58861,2338102,0.290893,8037679
4,2021-03-06,76855,3626085,43336,1933382,30874,1689634,2645,3069,47143,1123237,0.139746,29573,1265981,0.157506,51116,2389218,0.297252,8037679
4,2021-03-07,44896,3670981,27568,1960950,15137,1704771,2191,5260,26088,1133884,0.141071,18718,1284699,0.159835,29365,2418583,0.300906,8037679
4,2021-03-08,68006,3738987,35605,1996555,29027,1733798,3374,8634,44683,1160068,0.144329,23190,1307889,0.16272,49374,2467957,0.307048,8037679
4,2021-03-09,82070,3821057,41458,2038013,35354,1769152,5258,13892,44266,1173054,0.145944,37609,1345498,0.167399,50595,2518552,0.313343,8037679
4,2021-03-10,91605,3912662,47241,2085254,36879,1806031,7485,21377,46234,1182522,0.147122,45161,1390659,0.173017,54629,2573181,0.32014,8037679
4,2021-03-11,101145,4013807,53064,2138318,39615,1845646,8466,29843,46689,1184549,0.147375,54189,1444848,0.179759,56216,2629397,0.327134,8037679
4,2021-03-12,104882,4118689,51690,2190008,42873,1888519,10319,40162,44801,1180762,0.146903,59786,1504634,0.187198,55999,2685396,0.334101,8037679
4,2021-03-13,81843,4200532,37928,2227936,35456,1923975,8459,48621,38672,1185936,0.147547,43023,1547657,0.19255,48197,2733593,0.340097,8037679
4,2021-03-14,50044,4250576,28487,2256423,17906,1941881,3651,52272,23353,1186944,0.147672,26587,1574244,0.195858,27595,2761188,0.343531,8037679
4,2021-03-15,84008,4334584,45212,2301635,34537,1976418,4259,56531,42601,1193492,0.148487,41138,1615382,0.200976,47686,2808874,0.349463,8037679
4,2021-03-16,108260,4442844,56285,2357920,48550,2024968,3425,59956,57065,1203737,0.149762,50927,1666309,0.207312,61172,2870046,0.357074,8037679
4,2021-03-17,107562,4550406,57984,2415904,46073,2071041,3505,63461,62884,1226258,0.152564,44397,1710706,0.212836,66918,2936964,0.3654,8037679
4,2021-03-18,107573,4657979,59676,2475580,44197,2115238,3700,67161,60831,1244749,0.154864,46452,1757158,0.218615,64943,3001907,0.373479,8037679
4,2021-03-19,112031,4770010,64480,2540060,42334,2157572,5217,72378,63509,1265616,0.15746,48229,1805387,0.224615,69096,3071003,0.382076,8037679
4,2021-03-20,84447,4854457,49387,2589447,32041,2189613,3019,75397,51611,1287881,0.16023,32666,1838053,0.22868,54931,3125934,0.38891,8037679
4,2021-03-21,48419,4902876,35085,2624532,11075,2200688,2259,77656,28203,1298610,0.161565,20080,1858133,0.231178,30809,3156743,0.392743,8037679
4,2021-03-22,82859,4985735,54136,2678668,25986,2226674,2737,80393,51250,1321964,0.164471,31339,1889472,0.235077,54693,3211436,0.399548,8037679
4,2021-03-23,105192,5090927,62999,2741667,40044,2266718,2149,82542,62399,1344550,0.167281,42505,1931977,0.240365,65091,3276527,0.407646,8037679
4,2021-03-24,113858,5204785,73475,2815142,37960,2304678,2423,84965,63990,1361991,0.169451,49414,1981391,0.246513,66855,3343382,0.415964,8037679
4,2021-03-25,117398,5322183,72247,2887389,42750,2347428,2401,87366,66865,1381694,0.171902,50034,2031425,0.252738,69737,3413119,0.42464,8037679
4,2021-03-26,120097,5442280,72871,2960260,44182,2391610,3044,90410,65398,1396406,0.173732,54313,2085738,0.259495,69025,3482144,0.433228,8037679
4,2021-03-27,92280,5534560,54395,3014655,36094,2427704,1791,92201,46708,1400068,0.174188,45312,2131050,0.265133,48974,3531118,0.439321,8037679
4,2021-03-28,55882,5590442,36888,3051543,18120,2445824,874,93075,29518,1404656,0.174759,26176,2157226,0.268389,30764,3561882,0.443148,8037679
4,2021-03-29,93860,5684302,56245,3107788,35534,2481358,2081,95156,50496,1414689,0.176007,43083,2200309,0.273749,53116,3614998,0.449756,8037679
4,2021-03-30,117387,5801689,64059,3171847,49168,2530526,4160,99316,69603,1441331,0.179322,47529,2247838,0.279663,74171,3689169,0.458984,8037679
4,2021-03-31,121440,5923129,71640,3243487,43488,2574014,6312,105628,67980,1462729,0.181984,53085,2300923,0.286267,74483,3763652,0.468251,8037679
4,2021-04-01,142899,6066028,81478,3324965,48126,2622140,13295,118923,84044,1501778,0.186842,58349,2359272,0.293527,97398,3861050,0.480369,8037679
4,2021-04-02,136981,6203009,73161,3398126,50206,2672346,13614,132537,78996,1536951,0.191218,57666,2416938,0.300701,92839,3953889,0.491919,8037679
4,2021-04-03,101428,6304437,54193,3452319,33780,2706126,13455,145992,52716,1554803,0.193439,48495,2465433,0.306734,66347,4020236,0.500174,8037679
4,2021-04-04,46970,6351407,24788,3477107,14647,2720773,7535,153527,20383,1556224,0.193616,26472,2491905,0.310028,27893,4048129,0.503644,8037679
4,2021-04-05,109766,6461173,61628,3538735,35272,2756045,12866,166393,56837,1573752,0.195797,52693,2544598,0.316584,70221,4118350,0.512381,8037679
4,2021-04-06,139136,6600309,78278,3617013,41042,2797087,19816,186209,72109,1599442,0.198993,66774,2611372,0.324891,92464,4210814,0.523884,8037679
4,2021-04-07,137941,6738250,78176,3695189,38998,2836085,20767,206976,71292,1625351,0.202216,66379,2677751,0.33315,92288,4303102,0.535366,8037679
4,2021-04-08,140366,6878616,78184,3773373,36662,2872747,25520,232496,69725,1650804,0.205383,70328,2748079,0.3419,95781,4398883,0.547283,8037679
4,2021-04-09,138067,7016683,75715,3849088,39237,2911984,23115,255611,65792,1668662,0.207605,72010,2820089,0.350859,89868,4488751,0.558464,8037679
4,2021-04-10,104067,7120750,51353,3900441,33810,2945794,18904,274515,46938,1678589,0.20884,56910,2876999,0.357939,66837,4555588,0.566779,8037679
4,2021-04-11,62813,7183563,38137,3938578,13487,2959281,11189,285704,27393,1682905,0.209377,35305,2912304,0.362331,39621,4595209,0.571708,8037679
4,2021-04-12,103028,7286591,62611,4001189,30203,2989484,10214,295918,51887,1695381,0.210929,50828,2963132,0.368655,63304,4658513,0.579584,8037679
4,2021-04-13,130648,7417239,81974,4083163,48505,3037989,169,296087,78163,1722400,0.214291,52173,3015305,0.375146,79192,4737705,0.589437,8037679
4,2021-04-14,135858,7553097,86547,4169710,49235,3087224,76,296163,75136,1738467,0.21629,60374,3075679,0.382658,76441,4814146,0.598947,8037679
4,2021-04-15,156545,7709642,104103,4273813,52373,3139597,69,296232,96008,1775177,0.220857,60135,3135814,0.390139,96845,4910991,0.610996,8037679
4,2021-04-16,143845,7853487,91212,4365025,52554,3192151,79,296311,83568,1799607,0.223896,59938,3195752,0.397596,84368,4995359,0.621493,8037679
4,2021-04-17,101781,7955268,63939,4428964,37818,3229969,24,296335,59680,1818657,0.226266,41803,3237555,0.402797,60853,5056212,0.629064,8037679
4,2021-04-18,56918,8012186,38457,4467421,18458,3248427,3,296338,32082,1827012,0.227306,24692,3262247,0.405869,33047,5089259,0.633175,8037679
4,2021-04-19,101756,8113942,67102,4534523,34636,3283063,18,296356,51936,1830005,0.227678,49563,3311810,0.412036,52556,5141815,0.639714,8037679
4,2021-04-20,132088,8246030,78820,4613343,53252,3336315,16,296372,68978,1837291,0.228585,62781,3374591,0.419846,70067,5211882,0.648431,8037679
4,2021-04-21,134727,8380757,87964,4701307,46709,3383024,54,296426,68048,1840229,0.22895,66274,3440865,0.428092,69212,5281094,0.657042,8037679
4,2021-04-22,141723,8522480,94098,4795405,47602,3430626,23,296449,63484,1827025,0.227308,77839,3518704,0.437776,64635,5345729,0.665084,8037679
4,2021-04-23,135264,8657744,88072,4883477,47168,3477794,24,296473,58949,1811240,0.225344,75949,3594653,0.447225,60164,5405893,0.672569,8037679
4,2021-04-24,98910,8756654,66737,4950214,32124,3509918,49,296522,45641,1805045,0.224573,52957,3647610,0.453814,46762,5452655,0.678387,8037679
4,2021-04-25,50420,8807074,35542,4985756,14851,3524769,27,296549,26372,1807998,0.22494,23898,3671508,0.456787,26851,5479506,0.681727,8037679
4,2021-04-26,92152,8899226,60438,5046194,31316,3556085,398,296947,36401,1790691,0.222787,55443,3726951,0.463685,38136,5517642,0.686472,8037679
4,2021-04-27,113991,9013217,69687,5115881,41989,3598074,2315,299262,41219,1762583,0.21929,72440,3799391,0.472698,44332,5561974,0.691988,8037679
4,2021-04-28,104483,9117700,68303,5184184,33651,3631725,2529,301791,38373,1738388,0.21628,65761,3865152,0.480879,41566,5603540,0.697159,8037679
4,2021-04-29,105625,9223325,67499,5251683,35597,3667322,2529,304320,34213,1704677,0.212086,71057,3936209,0.48972,37346,5640886,0.701805,8037679
4,2021-04-30,105459,9328784,66869,5318552,35892,3703214,2698,307018,36346,1675673,0.208477,68712,4004921,0.498268,39708,5680594,0.706746,8037679
4,2021-05-01,69328,9398112,46021,5364573,21534,3724748,1773,308791,20214,1649462,0.205216,48840,4053761,0.504345,22629,5703223,0.709561,8037679
4,2021-05-02,37563,9435675,26656,5391229,9623,3734371,1284,310075,10557,1634563,0.203363,26885,4080646,0.50769,11986,5715209,0.711052,8037679
4,2021-05-03,79183,9514858,55263,5446492,21438,3755809,2482,312557,19299,1597091,0.198701,59622,4140268,0.515107,22150,5737359,0.713808,8037679
4,2021-05-04,101196,9616054,69301,5515793,29130,3784939,2765,315322,22770,1544886,0.192205,78135,4218403,0.524828,25930,5763289,0.717034,8037679
4,2021-05-05,102007,9718061,71989,5587782,27283,3812222,2735,318057,22162,1490582,0.185449,79505,4297908,0.53472,25201,5788490,0.720169,8037679
4,2021-05-06,111550,9829611,83579,5671361,25033,3837255,2938,320995,19705,1422983,0.177039,91361,4389269,0.546087,23762,5812252,0.723126,8037679
4,2021-05-07,104584,9934195,75216,5746577,26686,3863941,2682,323677,20685,1363232,0.169605,83534,4472803,0.556479,23783,5836035,0.726085,8037679
4,2021-05-08,69412,10003607,47834,5794411,19649,3883590,1929,325606,13774,1323901,0.164712,55392,4528195,0.563371,16061,5852096,0.728083,8037679
4,2021-05-09,34192,10037799,27958,5822369,5289,3888879,945,326551,7494,1305843,0.162465,26591,4554786,0.566679,8533,5860629,0.729144,8037679
4,2021-05-10,64792,10102591,43303,5865672,19171,3908050,2318,328869,11022,1265942,0.157501,53555,4608341,0.573342,13654,5874283,0.730843,8037679
4,2021-05-11,82358,10184949,51386,5917058,28786,3936836,2186,331055,15796,1218102,0.151549,66318,4674659,0.581593,18478,5892761,0.733142,8037679
4,2021-05-12,79415,10264364,52837,5969895,24117,3960953,2461,333516,16633,1175079,0.146196,62490,4737149,0.589368,19467,5912228,0.735564,8037679
4,2021-05-13,104216,10368580,76762,6046657,25921,3986874,1533,335049,40421,1154577,0.143646,63466,4800615,0.597264,42964,5955192,0.740909,8037679
4,2021-05-14,104584,10473164,73875,6120532,28586,4015460,2123,337172,40288,1133546,0.141029,63978,4864593,0.605224,42947,5998139,0.746253,8037679
4,2021-05-15,85273,10558437,65964,6186496,17982,4033442,1327,338499,37649,1125432,0.14002,47380,4911973,0.611118,39266,6037405,0.751138,8037679
4,2021-05-16,51465,10609902,41477,6227973,9276,4042718,712,339211,21074,1117116,0.138985,30240,4942213,0.614881,21924,6059329,0.753866,8037679
4,2021-05-17,70984,10680886,51849,6279822,17294,4060012,1841,341052,28064,1104533,0.137419,42718,4984931,0.620195,30135,6089464,0.757615,8037679
4,2021-05-18,81537,10762423,53059,6332881,26723,4086735,1755,342807,29196,1083869,0.134849,51980,5036911,0.626662,31316,6120780,0.761511,8037679
4,2021-05-19,76656,10839079,51845,6384726,22868,4109603,1943,344750,30842,1071421,0.1333,45522,5082433,0.632326,33074,6153854,0.765626,8037679
4,2021-05-20,68946,10908025,44365,6429091,22585,4132188,1996,346746,25565,1056234,0.13141,43091,5125524,0.637687,27904,6181758,0.769097,8037679
4,2021-05-21,73412,10981437,48422,6477513,23130,4155318,1860,348606,25881,1037002,0.129018,47240,5172764,0.643564,28008,6209766,0.772582,8037679
4,2021-05-22,49683,11031120,34876,6512389,13533,4168851,1274,349880,21647,1032275,0.128429,27874,5200638,0.647032,23147,6232913,0.775462,8037679
4,2021-05-23,23965,11055085,17095,6529484,6147,4174998,723,350603,9756,1028778,0.127994,14086,5214724,0.648785,10589,6243502,0.776779,8037679
4,2021-05-24,43049,11098134,27379,6556863,12668,4187666,3002,353605,15063,1019276,0.126812,27766,5242490,0.652239,18264,6261766,0.779052,8037679
4,2021-05-25,44779,11142913,27845,6584708,14110,4201776,2824,356429,15864,1009514,0.125598,28681,5271171,0.655808,18919,6280685,0.781405,8037679
4,2021-05-26,44521,11187434,26704,6611412,15216,4216992,2601,359030,15842,999673,0.124373,28460,5299631,0.659348,18619,6299304,0.783722,8037679
4,2021-05-27,38824,11226258,23322,6634734,12364,4229356,3138,362168,14637,993629,0.123621,23987,5323618,0.662333,17943,6317247,0.785954,8037679
4,2021-05-28,43171,11269429,27527,6662261,14042,4243398,1602,363770,18809,990160,0.12319,24103,5347721,0.665331,20634,6337881,0.788521,8037679
4,2021-05-29,23599,11293028,15360,6677621,7306,4250704,933,364703,10844,989456,0.123102,12613,5360334,0.666901,11909,6349790,0.790003,8037679
4,2021-05-30,12049,11305077,8464,6686085,3059,4253763,526,365229,5022,988112,0.122935,6961,5367295,0.667767,5617,6355407,0.790702,8037679
4,2021-05-31,3567,11308644,2267,6688352,1140,4254903,160,365389,1138,987052,0.122803,2379,5369674,0.668063,1319,6356726,0.790866,8037679
4,2021-06-01,39348,11347992,24487,6712839,12421,4267324,2440,367829,13012,976602,0.121503,26118,5395792,0.671312,15668,6372394,0.792815,8037679
4,2021-06-02,32544,11380536,20350,6733189,9399,4276723,2795,370624,10881,968946,0.12055,21482,5417274,0.673985,13826,6386220,0.794535,8037679
4,2021-06-03,47983,11428519,36841,6770030,8691,4285414,2451,373075,10360,944609,0.117523,37456,5454730,0.678645,13119,6399339,0.796168,8037679
4,2021-06-04,54674,11483193,44017,6814047,9329,4294743,1328,374403,12722,917742,0.11418,41721,5496451,0.683836,14854,6414193,0.798016,8037679
4,2021-06-05,44702,11527895,38302,6852349,5404,4300147,996,375399,8778,892024,0.11098,35771,5532222,0.688286,10053,6424246,0.799266,8037679
4,2021-06-06,21203,11549098,18919,6871268,1720,4301867,564,375963,3977,879834,0.109464,17126,5549348,0.690417,4936,6429182,0.79988,8037679
4,2021-06-07,38667,11587765,31297,6902565,5452,4307319,1918,377881,8448,860403,0.107046,30085,5579433,0.69416,10654,6439836,0.801206,8037679
4,2021-06-08,40478,11628243,31770,6934335,6164,4313483,2544,380425,9449,841890,0.104743,30840,5610273,0.697997,12327,6452163,0.80274,8037679
4,2021-06-09,38856,11667099,30812,6965147,5684,4319167,2360,382785,7935,821789,0.102242,30750,5641023,0.701822,10649,6462812,0.804064,8037679
4,2021-06-10,37070,11704169,29221,6994368,5224,4324391,2625,385410,8401,804569,0.1001,28510,5669533,0.705369,11290,6474102,0.805469,8037679
4,2021-06-11,38201,11742370,30003,7024371,6185,4330576,2013,387423,9877,788645,0.098118,28167,5697700,0.708874,12243,6486345,0.806992,8037679
4,2021-06-12,26467,11768837,22044,7046415,3712,4334288,711,388134,6041,775294,0.096457,20321,5718021,0.711402,6970,6493315,0.807859,8037679
4,2021-06-13,10821,11779658,8549,7054964,1796,4336084,476,388610,2278,769677,0.095759,8478,5726499,0.712457,2861,6496176,0.808215,8037679
4,2021-06-14,28570,11808228,21370,7076334,4393,4340477,2807,391417,7808,759888,0.094541,20622,5747121,0.715022,10833,6507009,0.809563,8037679
4,2021-06-15,29867,11838095,21115,7097449,5351,4345828,3401,394818,8279,750394,0.09336,21430,5768551,0.717689,11936,6518945,0.811048,8037679
4,2021-06-16,26521,11864616,19988,7117437,3912,4349740,2621,397439,7996,742863,0.092423,18353,5786904,0.719972,10822,6529767,0.812395,8037679
4,2021-06-17,25096,11889712,18535,7135972,3667,4353407,2894,400333,7604,736244,0.091599,17307,5804211,0.722125,10688,6540455,0.813724,8037679
4,2021-06-18,26707,11916419,21074,7157046,4400,4357807,1233,401566,8256,727738,0.090541,18247,5822458,0.724395,9741,6550196,0.814936,8037679
4,2021-06-19,15718,11932137,12711,7169757,2305,4360112,702,402268,5053,723145,0.089969,10518,5832976,0.725704,5925,6556121,0.815673,8037679
4,2021-06-20,7364,11939501,6068,7175825,989,4361101,307,402575,2620,721470,0.089761,4684,5837660,0.726287,3009,6559130,0.816048,8037679
4,2021-06-21,14553,11954054,10523,7186348,2891,4363992,1139,403714,7335,722970,0.089948,7136,5844796,0.727175,8636,6567766,0.817122,8037679
4,2021-06-22,20411,11974465,15921,7202269,3417,4367409,1073,404787,7104,718115,0.089344,13185,5857981,0.728815,8330,6576096,0.818159,8037679
4,2021-06-23,18367,11992832,14424,7216693,2957,4370366,986,405773,6713,714415,0.088883,11520,5869501,0.730248,7820,6583916,0.819131,8037679
4,2021-06-24,17541,12010373,13576,7230269,2978,4373344,987,406760,6555,711267,0.088492,10830,5880331,0.731596,7682,6591598,0.820087,8037679
4,2021-06-25,21497,12031870,16903,7247172,3551,4376895,1043,407803,7788,706692,0.087922,13573,5893904,0.733284,8998,6600596,0.821207,8037679
4,2021-06-26,12985,12044855,10571,7257743,1799,4378694,615,408418,4787,704101,0.0876,8098,5902002,0.734292,5507,6606103,0.821892,8037679
4,2021-06-27,6831,12051686,5532,7263275,956,4379650,343,408761,2880,703464,0.087521,3913,5905915,0.734779,3276,6609379,0.822299,8037679
4,2021-06-28,15007,12066693,12609,7275884,1546,4381196,852,409613,6024,701560,0.087284,8902,5914817,0.735886,6998,6616377,0.82317,8037679
4,2021-06-29,16394,12083087,12724,7288608,2870,4384066,800,410413,6351,698897,0.086953,9935,5924752,0.737122,7272,6623649,0.824075,8037679
4,2021-06-30,14502,12097589,11299,7299907,2466,4386532,737,411150,6034,697420,0.086769,8360,5933112,0.738162,6883,6630532,0.824931,8037679
4,2021-07-01,14388,12111977,11360,7311267,2288,4388820,740,411890,5892,695806,0.086568,8385,5941497,0.739206,6771,6637303,0.825774,8037679
4,2021-07-02,16698,12128675,13262,7324529,2679,4391499,757,412647,6828,693744,0.086311,9777,5951274,0.740422,7715,6645018,0.826733,8037679
4,2021-07-03,9122,12137797,7248,7331777,1466,4392965,408,413055,3960,693079,0.086229,5091,5956365,0.741055,4426,6649444,0.827284,8037679
4,2021-07-04,424,12138221,261,7332038,104,4393069,59,413114,186,693101,0.086231,234,5956599,0.741084,256,6649700,0.827316,8037679
4,2021-07-05,9176,12147397,7466,7339504,1296,4394365,414,413528,4167,692803,0.086194,4929,5961528,0.741698,4631,6654331,0.827892,8037679
4,2021-07-06,16407,12163804,12935,7352439,2675,4397040,797,414325,6050,689524,0.085786,10238,5971766,0.742971,6959,6661290,0.828758,8037679
4,2021-07-07,13646,12177450,10654,7363093,2219,4399259,773,415098,5156,687168,0.085493,8402,5980168,0.744017,6046,6667336,0.82951,8037679
4,2021-07-08,13108,12190558,10260,7373353,2026,4401285,822,415920,5123,685335,0.085265,7870,5988038,0.744996,6037,6673373,0.830261,8037679
4,2021-07-09,15301,12205859,11756,7385109,2614,4403899,931,416851,6217,683650,0.085056,8950,5996988,0.746109,7265,6680638,0.831165,8037679
4,2021-07-10,8755,12214614,6927,7392036,1430,4405329,398,417249,3685,682802,0.08495,4991,6001979,0.74673,4143,6684781,0.831681,8037679
4,2021-07-11,4966,12219580,3979,7396015,786,4406115,201,417450,2233,682571,0.084921,2694,6004673,0.747066,2463,6687244,0.831987,8037679
4,2021-07-12,12980,12232560,10295,7406310,1973,4408088,712,418162,5036,680560,0.084671,7866,6012539,0.748044,5855,6693099,0.832715,8037679
4,2021-07-13,12647,12245207,9688,7415998,2330,4410418,629,418791,5377,679499,0.084539,7165,6019704,0.748936,6104,6699203,0.833475,8037679
4,2021-07-14,11618,12256825,9156,7425154,1917,4412335,545,419336,5037,678654,0.084434,6498,6026202,0.749744,5653,6704856,0.834178,8037679
4,2021-07-15,12336,12269161,9802,7434956,1953,4414288,581,419917,5624,678345,0.084396,6589,6032791,0.750564,6280,6711136,0.834959,8037679
4,2021-07-16,14839,12284000,11581,7446537,2601,4416889,657,420574,6836,678044,0.084358,7901,6040692,0.751547,7600,6718736,0.835905,8037679
4,2021-07-17,9073,12293073,7136,7453673,1618,4418507,319,420893,4292,678013,0.084354,4683,6045375,0.752129,4652,6723388,0.836484,8037679
4,2021-07-18,5102,12298175,4122,7457795,782,4419289,198,421091,2406,677999,0.084353,2641,6048016,0.752458,2627,6726015,0.836811,8037679
4,2021-07-19,12660,12310835,10051,7467846,1972,4421261,637,421728,5997,678153,0.084372,6573,6054589,0.753276,6727,6732742,0.837648,8037679
4,2021-07-20,13540,12324375,10444,7478290,2449,4423710,647,422375,6670,678825,0.084455,6726,6061315,0.754113,7398,6740140,0.838568,8037679
4,2021-07-21,12587,12336962,9810,7488100,2181,4425891,596,422971,6287,679597,0.084551,6170,6067485,0.75488,6942,6747082,0.839432,8037679
4,2021-07-22,13120,12350082,10308,7498408,2200,4428091,612,423583,6839,680950,0.08472,6159,6073644,0.755646,7512,6754594,0.840366,8037679
4,2021-07-23,15038,12365120,11672,7510080,2744,4430835,622,424205,7911,682585,0.084923,6977,6080621,0.756515,8612,6763206,0.841438,8037679
4,2021-07-24,9304,12374424,7294,7517374,1713,4432548,297,424502,4786,683326,0.085015,4387,6085008,0.75706,5128,6768334,0.842076,8037679
4,2021-07-25,2888,12377312,2089,7519463,683,4433231,116,424618,1980,684555,0.085168,873,6085881,0.757169,2102,6770436,0.842337,8037679
