vemquartile,administered_date,total_doses,cumulative_total_doses,pfizer_doses,cumulative_pfizer_doses,moderna_doses,cumulative_moderna_doses,jj_doses,cumulative_jj_doses,partially_vaccinated,total_partially_vaccinated,pct_age12pop_partially_vaccinated,fully_vaccinated,cumulative_fully_vaccinated,pct_age12pop_fully_vaccinated,at_least_one_dose,cumulative_at_least_one_dose,pct_age12pop_at_least_one_dose,age12_population
1,2020-12-15,156,156,156,156,0,0,0,0,156,156,1.8e-05,0,0,0.0,156,156,1.8e-05,8700223
1,2020-12-16,1236,1392,1236,1392,0,0,0,0,1236,1392,0.00016,0,0,0.0,1236,1392,0.00016,8700223
1,2020-12-17,4200,5592,4200,5592,0,0,0,0,4202,5594,0.000643,0,0,0.0,4202,5594,0.000643,8700223
1,2020-12-18,6408,12000,6384,11976,24,24,0,0,6412,12005,0.00138,1,1,0.0,6412,12006,0.00138,8700223
1,2020-12-19,2895,14895,2892,14868,3,27,0,0,2894,14898,0.001712,1,2,0.0,2894,14900,0.001713,8700223
1,2020-12-20,2137,17032,2127,16995,10,37,0,0,2138,17036,0.001958,0,2,0.0,2138,17038,0.001958,8700223
1,2020-12-21,7667,24699,7646,24641,21,58,0,0,7717,24753,0.002845,1,3,0.0,7718,24756,0.002845,8700223
1,2020-12-22,7323,32022,6979,31620,344,402,0,0,7324,32075,0.003687,2,5,1e-06,7324,32080,0.003687,8700223
1,2020-12-23,7842,39864,6579,38199,1263,1665,0,0,7838,39912,0.004587,2,7,1e-06,7839,39919,0.004588,8700223
1,2020-12-24,3310,43174,2366,40565,944,2609,0,0,3312,43224,0.004968,0,7,1e-06,3312,43231,0.004969,8700223
1,2020-12-25,242,43416,158,40723,84,2693,0,0,242,43466,0.004996,0,7,1e-06,242,43473,0.004997,8700223
1,2020-12-26,1372,44788,977,41700,395,3088,0,0,1371,44836,0.005153,1,8,1e-06,1371,44844,0.005154,8700223
1,2020-12-27,877,45665,542,42242,335,3423,0,0,877,45712,0.005254,1,9,1e-06,877,45721,0.005255,8700223
1,2020-12-28,7093,52758,4747,46989,2346,5769,0,0,7090,52802,0.006069,0,9,1e-06,7090,52811,0.00607,8700223
1,2020-12-29,9006,61764,5005,51994,4001,9770,0,0,9002,61802,0.007103,2,11,1e-06,9002,61813,0.007105,8700223
1,2020-12-30,11674,73438,6462,58456,5212,14982,0,0,11672,73473,0.008445,1,12,1e-06,11672,73485,0.008446,8700223
1,2020-12-31,6030,79468,1959,60415,4071,19053,0,0,6028,79498,0.009137,4,16,2e-06,6029,79514,0.009139,8700223
1,2021-01-01,615,80083,246,60661,369,19422,0,0,611,80107,0.009207,2,18,2e-06,611,80125,0.00921,8700223
1,2021-01-02,2925,83008,1771,62432,1154,20576,0,0,2925,83032,0.009544,0,18,2e-06,2925,83050,0.009546,8700223
1,2021-01-03,1055,84063,552,62984,503,21079,0,0,1053,84082,0.009664,3,21,2e-06,1053,84103,0.009667,8700223
1,2021-01-04,7403,91466,3601,66585,3802,24881,0,0,7407,91487,0.010515,2,23,3e-06,7407,91510,0.010518,8700223
1,2021-01-05,10931,102397,5250,71835,5681,30562,0,0,10131,100858,0.011593,782,805,9.3e-05,10153,101663,0.011685,8700223
1,2021-01-06,14110,116507,7066,78901,7044,37606,0,0,12186,111171,0.012778,1888,2693,0.00031,12201,113864,0.013087,8700223
1,2021-01-07,17625,134132,9178,88079,8447,46053,0,0,13092,119834,0.013774,4440,7133,0.00082,13103,126967,0.014594,8700223
1,2021-01-08,20240,154372,10508,98587,9732,55785,0,0,14271,128166,0.014731,5953,13086,0.001504,14285,141252,0.016235,8700223
1,2021-01-09,6718,161090,3417,102004,3301,59086,0,0,4842,131142,0.015073,1870,14956,0.001719,4846,146098,0.016792,8700223
1,2021-01-10,3114,164204,1774,103778,1340,60426,0,0,1920,131873,0.015157,1190,16146,0.001856,1921,148019,0.017013,8700223
1,2021-01-11,18164,182368,11855,115633,6309,66735,0,0,11598,136959,0.015742,6556,22702,0.002609,11642,159661,0.018351,8700223
1,2021-01-12,19166,201534,10970,126603,8196,74931,0,0,13163,144190,0.016573,5974,28676,0.003296,13205,172866,0.019869,8700223
1,2021-01-13,19894,221428,10769,137372,9125,84056,0,0,14726,153789,0.017676,5146,33822,0.003887,14745,187611,0.021564,8700223
1,2021-01-14,22170,243598,9484,146856,12686,96742,0,0,19397,170535,0.019601,2713,36535,0.004199,19459,207070,0.023801,8700223
1,2021-01-15,25265,268863,9256,156112,16009,112751,0,0,23319,192009,0.022069,1909,38444,0.004419,23383,230453,0.026488,8700223
1,2021-01-16,13917,282780,4571,160683,9346,122097,0,0,13019,204137,0.023463,895,39339,0.004522,13023,243476,0.027985,8700223
1,2021-01-17,5236,288016,2041,162724,3195,125292,0,0,4860,208625,0.023979,375,39714,0.004565,4863,248339,0.028544,8700223
1,2021-01-18,14378,302394,8629,171353,5749,131041,0,0,11183,216683,0.024905,3181,42895,0.00493,11239,259578,0.029836,8700223
1,2021-01-19,24801,327195,12808,184161,11993,143034,0,0,19615,231193,0.026573,5164,48059,0.005524,19674,279252,0.032097,8700223
1,2021-01-20,29473,356668,14750,198911,14723,157757,0,0,23533,248911,0.02861,5858,53917,0.006197,23576,302828,0.034807,8700223
1,2021-01-21,31328,387996,14723,213634,16605,174362,0,0,28029,273808,0.031471,3234,57151,0.006569,28131,330959,0.03804,8700223
1,2021-01-22,28442,416438,11297,224931,17145,191507,0,0,26357,298178,0.034272,2018,59169,0.006801,26388,357347,0.041073,8700223
1,2021-01-23,18752,435190,8204,233135,10548,202055,0,0,16790,313047,0.035981,1931,61100,0.007023,16800,374147,0.043004,8700223
1,2021-01-24,6707,441897,4171,237306,2536,204591,0,0,6043,318439,0.036601,658,61758,0.007098,6050,380197,0.0437,8700223
1,2021-01-25,25601,467498,10533,247839,15068,219659,0,0,19764,332526,0.03822,5788,67546,0.007764,19875,400072,0.045984,8700223
1,2021-01-26,28905,496403,13510,261349,15395,235054,0,0,22159,348025,0.040002,6682,74228,0.008532,22181,422253,0.048534,8700223
1,2021-01-27,32752,529155,15584,276933,17168,252222,0,0,24594,364564,0.041903,8093,82321,0.009462,24632,446885,0.051365,8700223
1,2021-01-28,35069,564224,16459,293392,18610,270832,0,0,28071,385776,0.044341,6930,89251,0.010258,28142,475027,0.054599,8700223
1,2021-01-29,33838,598062,16522,309914,17316,288148,0,0,27193,406516,0.046725,6500,95751,0.011006,27240,502267,0.05773,8700223
1,2021-01-30,20221,618283,8745,318659,11476,299624,0,0,18071,422481,0.04856,2118,97869,0.011249,18083,520350,0.059809,8700223
1,2021-01-31,7720,626003,5018,323677,2702,302326,0,0,6996,428764,0.049282,716,98585,0.011331,6999,527349,0.060613,8700223
1,2021-02-01,29140,655143,12571,336248,16569,318895,0,0,21267,442223,0.050829,7817,106402,0.01223,21276,548625,0.063059,8700223
1,2021-02-02,32845,687988,11854,348102,20991,339886,0,0,24533,458569,0.052708,8226,114628,0.013175,24572,573197,0.065883,8700223
1,2021-02-03,39725,727713,15290,363392,24435,364321,0,0,28596,476241,0.054739,10960,125588,0.014435,28632,601829,0.069174,8700223
1,2021-02-04,44169,771882,17191,380583,26978,391299,0,0,31812,495872,0.056995,12231,137819,0.015841,31862,633691,0.072836,8700223
1,2021-02-05,46950,818832,17185,397768,29765,421064,0,0,30708,510551,0.058683,16088,153907,0.01769,30767,664458,0.076373,8700223
1,2021-02-06,26576,845408,10498,408266,16078,437142,0,0,20646,525334,0.060382,5882,159789,0.018366,20665,685123,0.078748,8700223
1,2021-02-07,6293,851701,4043,412309,2250,439392,0,0,4638,528356,0.060729,1635,161424,0.018554,4657,689780,0.079283,8700223
1,2021-02-08,31711,883412,14456,426765,17255,456647,0,0,21105,539053,0.061959,10508,171932,0.019762,21205,710985,0.08172,8700223
1,2021-02-09,38649,922061,16984,443749,21665,478312,0,0,23806,548181,0.063008,14762,186694,0.021459,23890,734875,0.084466,8700223
1,2021-02-10,47426,969487,22240,465989,25186,503498,0,0,26979,554923,0.063783,20318,207012,0.023794,27060,761935,0.087576,8700223
1,2021-02-11,52111,1021598,25491,491480,26620,530118,0,0,30997,565241,0.064969,20795,227807,0.026184,31113,793048,0.091153,8700223
1,2021-02-12,50120,1071718,21538,513018,28582,558700,0,0,28721,572866,0.065845,21236,249043,0.028625,28861,821909,0.09447,8700223
1,2021-02-13,26480,1098198,11545,524563,14935,573635,0,0,15333,577203,0.066343,11074,260117,0.029898,15411,837320,0.096241,8700223
1,2021-02-14,11815,1110013,5575,530138,6240,579875,0,0,6719,578928,0.066542,5062,265179,0.03048,6787,844107,0.097021,8700223
1,2021-02-15,24017,1134030,9443,539581,14574,594449,0,0,14606,584364,0.067167,9286,274465,0.031547,14722,858829,0.098713,8700223
1,2021-02-16,47275,1181305,22539,562120,24736,619185,0,0,27496,592287,0.068077,19689,294154,0.03381,27612,886441,0.101887,8700223
1,2021-02-17,48620,1229925,24617,586737,24003,643188,0,0,26148,596276,0.068536,22310,316464,0.036374,26299,912740,0.10491,8700223
1,2021-02-18,51308,1281233,25661,612398,25647,668835,0,0,26525,598514,0.068793,24530,340994,0.039194,26768,939508,0.107987,8700223
1,2021-02-19,46733,1327966,25331,637729,21402,690237,0,0,26136,604280,0.069456,20431,361425,0.041542,26197,965705,0.110998,8700223
1,2021-02-20,27820,1355786,16896,654625,10924,701161,0,0,15854,608320,0.06992,11899,373324,0.04291,15939,981644,0.11283,8700223
1,2021-02-21,12424,1368210,10683,665308,1741,702902,0,0,7456,610925,0.070219,4903,378227,0.043473,7508,989152,0.113693,8700223
1,2021-02-22,31763,1399973,20869,686177,10894,713796,0,0,18258,615884,0.070789,13406,391633,0.045014,18365,1007517,0.115804,8700223
1,2021-02-23,46007,1445980,22341,708518,23666,737462,0,0,25242,621025,0.07138,20467,412100,0.047367,25608,1033125,0.118747,8700223
1,2021-02-24,56065,1502045,27084,735602,28981,766443,0,0,30814,627253,0.072096,25044,437144,0.050245,31272,1064397,0.122341,8700223
1,2021-02-25,68670,1570715,33342,768944,35328,801771,0,0,42437,644138,0.074037,26055,463199,0.05324,42940,1107337,0.127277,8700223
1,2021-02-26,76741,1647456,35925,804869,40816,842587,0,0,50112,668358,0.076821,26376,489575,0.056272,50596,1157933,0.133092,8700223
1,2021-02-27,52812,1700268,24232,829101,28571,871158,9,9,34640,685254,0.078763,18025,507600,0.058343,34921,1192854,0.137106,8700223
1,2021-02-28,20272,1720540,12032,841133,8238,879396,2,11,14839,694896,0.079871,5343,512943,0.058957,14985,1207839,0.138829,8700223
1,2021-03-01,46290,1766830,21405,862538,24828,904224,57,68,29727,708554,0.081441,16373,529316,0.060839,30031,1237870,0.14228,8700223
1,2021-03-02,64921,1831751,28066,890604,36844,941068,11,79,41279,727038,0.083565,23452,552768,0.063535,41936,1279806,0.1471,8700223
1,2021-03-03,72209,1903960,34342,924946,37838,978906,29,108,43894,743430,0.08545,28143,580911,0.06677,44535,1324341,0.152219,8700223
1,2021-03-04,80171,1984131,37597,962543,42538,1021444,36,144,51449,766904,0.088148,28526,609437,0.070048,52000,1376341,0.158196,8700223
1,2021-03-05,79179,2063310,35698,998241,43272,1064716,209,353,52795,794426,0.091311,26132,635569,0.073052,53654,1429995,0.164363,8700223
1,2021-03-06,58077,2121387,27611,1025852,29116,1093832,1350,1703,39306,816766,0.093879,18685,654254,0.0752,41025,1471020,0.169078,8700223
1,2021-03-07,20997,2142384,13053,1038905,6751,1100583,1193,2896,15551,828340,0.095209,5418,659672,0.075822,16992,1488012,0.171031,8700223
1,2021-03-08,46150,2188534,22535,1061440,21655,1122238,1960,4856,32326,849241,0.097611,13717,673389,0.077399,34618,1522630,0.17501,8700223
1,2021-03-09,66896,2255430,32365,1093805,32018,1154256,2513,7369,41146,867640,0.099726,25594,698983,0.080341,43993,1566623,0.180067,8700223
1,2021-03-10,74219,2329649,36991,1130796,32734,1186990,4494,11863,45734,889859,0.10228,28369,727352,0.083602,50588,1617211,0.185882,8700223
1,2021-03-11,90421,2420070,41610,1172406,40800,1227790,8011,19874,52653,913443,0.104991,37526,764878,0.087915,61110,1678321,0.192906,8700223
1,2021-03-12,99271,2519341,43771,1216177,43092,1270882,12408,32282,57973,943187,0.10841,41067,805945,0.092635,70811,1749132,0.201045,8700223
1,2021-03-13,65422,2584763,29564,1245741,28182,1299064,7676,39958,41731,969339,0.111415,23552,829497,0.095342,49704,1798836,0.206757,8700223
1,2021-03-14,27951,2612714,14950,1260691,9433,1308497,3568,43526,15658,976529,0.112242,12216,841713,0.096746,19406,1818242,0.208988,8700223
1,2021-03-15,65375,2678089,28831,1289522,29789,1338286,6755,50281,38434,995351,0.114405,26713,868426,0.099817,45535,1863777,0.214222,8700223
1,2021-03-16,85885,2763974,39154,1328676,41084,1379370,5647,55928,53203,1022090,0.117479,32449,900875,0.103546,59188,1922965,0.221025,8700223
1,2021-03-17,93356,2857330,45563,1374239,41250,1420620,6543,62471,60034,1055940,0.121369,33070,933945,0.107347,66920,1989885,0.228717,8700223
1,2021-03-18,98912,2956242,50989,1425228,42202,1462822,5721,68192,59761,1083125,0.124494,38782,972727,0.111805,65967,2055852,0.236299,8700223
1,2021-03-19,103925,3060167,53813,1479041,43812,1506634,6300,74492,60653,1107623,0.12731,42962,1015689,0.116743,67460,2123312,0.244053,8700223
1,2021-03-20,72929,3133096,37350,1516391,30362,1536996,5217,79709,46851,1134078,0.13035,25882,1041571,0.119718,52337,2175649,0.250068,8700223
1,2021-03-21,27349,3160445,19075,1535466,6464,1543460,1810,81519,17009,1142745,0.131347,10241,1051812,0.120895,18908,2194557,0.252241,8700223
1,2021-03-22,59358,3219803,30657,1566123,25394,1568854,3307,84826,39920,1167132,0.13415,19208,1071020,0.123103,43595,2238152,0.257252,8700223
1,2021-03-23,83587,3303390,42584,1608707,37369,1606223,3634,88460,51243,1190384,0.136822,32079,1103099,0.12679,55331,2293483,0.263612,8700223
1,2021-03-24,88458,3391848,44732,1653439,39356,1645579,4370,92830,52678,1212110,0.139319,35478,1138577,0.130868,57204,2350687,0.270187,8700223
1,2021-03-25,97324,3489172,49781,1703220,41695,1687274,5848,98678,53859,1228898,0.141249,43126,1181703,0.135824,59914,2410601,0.277073,8700223
1,2021-03-26,105626,3594798,51246,1754466,48055,1735329,6325,105003,56586,1243447,0.142921,48658,1230361,0.141417,63207,2473808,0.284338,8700223
1,2021-03-27,74310,3669108,38399,1792865,31700,1767029,4211,109214,38077,1249934,0.143667,35996,1266357,0.145555,42483,2516291,0.289221,8700223
1,2021-03-28,32856,3701964,21508,1814373,10122,1777151,1226,110440,16442,1251751,0.143876,16301,1282658,0.147428,18118,2534409,0.291304,8700223
1,2021-03-29,68756,3770720,33867,1848240,31717,1808868,3172,113612,37899,1262413,0.145101,30617,1313275,0.150947,41279,2575688,0.296049,8700223
1,2021-03-30,93520,3864240,45707,1893947,41403,1850271,6410,120022,48075,1271762,0.146176,45206,1358481,0.156143,54555,2630243,0.302319,8700223
1,2021-03-31,102137,3966377,53147,1947094,42739,1893010,6251,126273,55933,1288136,0.148058,45859,1404340,0.161414,62233,2692476,0.309472,8700223
1,2021-04-01,113749,4080126,54344,2001438,50579,1943589,8826,135099,57739,1299200,0.14933,55534,1459874,0.167797,66598,2759074,0.317127,8700223
1,2021-04-02,112914,4193040,51422,2052860,51753,1995342,9739,144838,57340,1311353,0.150726,55122,1514996,0.174133,67275,2826349,0.324859,8700223
1,2021-04-03,78807,4271847,39640,2092500,29480,2024822,9687,154525,37023,1316526,0.151321,41584,1556580,0.178913,46757,2873106,0.330234,8700223
1,2021-04-04,23821,4295668,11848,2104348,8495,2033317,3478,158003,9942,1316125,0.151275,13807,1570387,0.1805,13406,2886512,0.331774,8700223
1,2021-04-05,77719,4373387,37031,2141379,31292,2064609,9396,167399,35024,1318219,0.151516,42470,1612857,0.185381,44564,2931076,0.336897,8700223
1,2021-04-06,104952,4478339,49739,2191118,38514,2103123,16699,184098,47533,1325351,0.152335,57100,1669957,0.191944,64232,2995308,0.344279,8700223
1,2021-04-07,112941,4591280,54750,2245868,40506,2143629,17685,201783,50971,1332354,0.15314,61646,1731603,0.19903,68649,3063957,0.35217,8700223
1,2021-04-08,123351,4714631,58383,2304251,43840,2187469,21128,222911,54591,1339779,0.153994,68318,1799921,0.206882,75743,3139700,0.360876,8700223
1,2021-04-09,124502,4839133,56766,2361017,46811,2234280,20925,243836,54694,1345978,0.154706,69436,1869357,0.214863,75635,3215335,0.369569,8700223
1,2021-04-10,97419,4936552,43435,2404452,30927,2265207,23057,266893,38566,1348902,0.155042,58622,1927979,0.221601,61546,3276881,0.376643,8700223
1,2021-04-11,36760,4973312,20414,2424866,9449,2274656,6897,273790,14861,1348922,0.155045,21831,1949810,0.22411,21851,3298732,0.379155,8700223
1,2021-04-12,75056,5048368,33493,2458359,31506,2306162,10057,283847,31870,1348100,0.15495,42881,1992691,0.229039,42059,3340791,0.383989,8700223
1,2021-04-13,98385,5146753,52575,2510934,45467,2351629,343,284190,53147,1357017,0.155975,44922,2037613,0.234202,53839,3394630,0.390177,8700223
1,2021-04-14,105268,5252021,54523,2565457,50667,2402296,78,284268,53467,1359524,0.156263,51408,2089021,0.240111,53915,3448545,0.396374,8700223
1,2021-04-15,106050,5358071,57557,2623014,48400,2450696,93,284361,56239,1366828,0.157103,49202,2138223,0.245766,56506,3505051,0.402869,8700223
1,2021-04-16,111024,5469095,56846,2679860,54088,2504784,90,284451,55401,1367437,0.157173,55071,2193294,0.252096,55680,3560731,0.409269,8700223
1,2021-04-17,83555,5552650,45368,2725228,38175,2542959,12,284463,46568,1377441,0.158322,36739,2230033,0.256319,46743,3607474,0.414642,8700223
1,2021-04-18,30554,5583204,20676,2745904,9871,2552830,7,284470,15330,1377857,0.15837,15129,2245162,0.258058,15545,3623019,0.416428,8700223
1,2021-04-19,67268,5650472,34049,2779953,33206,2586036,13,284483,30324,1371760,0.15767,36565,2281727,0.262261,30468,3653487,0.41993,8700223
1,2021-04-20,88551,5739023,44563,2824516,43964,2630000,24,284507,41305,1366418,0.157056,46872,2328599,0.267648,41530,3695017,0.424704,8700223
1,2021-04-21,98023,5837046,51135,2875651,46784,2676784,104,284611,43762,1356858,0.155957,53668,2382267,0.273817,44108,3739125,0.429773,8700223
1,2021-04-22,97841,5934887,51172,2926823,46650,2723434,19,284630,44766,1349322,0.155091,52539,2434806,0.279856,45003,3784128,0.434946,8700223
1,2021-04-23,102790,6037677,53092,2979915,49670,2773104,28,284658,48792,1344925,0.154585,53456,2488262,0.286,49059,3833187,0.440585,8700223
1,2021-04-24,76536,6114213,47480,3027395,29029,2802133,27,284685,43063,1354963,0.155739,33312,2521574,0.289829,43350,3876537,0.445568,8700223
1,2021-04-25,27413,6141626,17456,3044851,9943,2812076,14,284699,15626,1359082,0.156212,11663,2533237,0.291169,15782,3892319,0.447382,8700223
1,2021-04-26,66589,6208215,34940,3079791,31244,2843320,405,285104,31416,1356388,0.155903,34851,2568088,0.295175,32157,3924476,0.451078,8700223
1,2021-04-27,81912,6290127,43562,3123353,37043,2880363,1307,286411,35317,1347070,0.154832,46282,2614370,0.300495,36964,3961440,0.455326,8700223
1,2021-04-28,81713,6371840,43484,3166837,36712,2917075,1517,287928,35686,1338838,0.153885,45659,2660029,0.305743,37427,3998867,0.459628,8700223
1,2021-04-29,85117,6456957,46854,3213691,36630,2953705,1633,289561,34628,1325167,0.152314,50096,2710125,0.311501,36425,4035292,0.463815,8700223
1,2021-04-30,92816,6549773,50266,3263957,40662,2994367,1888,291449,38564,1311884,0.150787,53893,2764018,0.317695,40610,4075902,0.468482,8700223
1,2021-05-01,63999,6613772,41271,3305228,21295,3015662,1433,292882,26938,1303683,0.149845,36787,2800805,0.321923,28586,4104488,0.471768,8700223
1,2021-05-02,23537,6637309,16675,3321903,6283,3021945,579,293461,9473,1299810,0.1494,13952,2814757,0.323527,10079,4114567,0.472927,8700223
1,2021-05-03,56469,6693778,31322,3353225,23299,3045244,1848,295309,20451,1286412,0.14786,35750,2850507,0.327636,22352,4136919,0.475496,8700223
1,2021-05-04,76088,6769866,43849,3397074,30136,3075380,2103,297412,27223,1267273,0.14566,48544,2899051,0.333216,29405,4166324,0.478876,8700223
1,2021-05-05,78489,6848355,45495,3442569,30688,3106068,2306,299718,26573,1244689,0.143064,51543,2950594,0.33914,28959,4195283,0.482204,8700223
1,2021-05-06,79984,6928339,48567,3491136,29231,3135299,2186,301904,24942,1217340,0.139921,54630,3005224,0.345419,27281,4222564,0.48534,8700223
1,2021-05-07,83589,7011928,47580,3538716,33810,3169109,2199,304103,27888,1192264,0.137038,55225,3060449,0.351767,30149,4252713,0.488805,8700223
1,2021-05-08,57484,7069412,36069,3574785,19765,3188874,1650,305753,19526,1175917,0.135159,37610,3098059,0.35609,21263,4273976,0.491249,8700223
1,2021-05-09,18355,7087767,13169,3587954,4707,3193581,479,306232,5575,1169305,0.134399,12700,3110759,0.357549,6088,4280064,0.491949,8700223
1,2021-05-10,44356,7132123,22436,3610390,20087,3213668,1833,308065,14826,1156817,0.132964,29235,3139994,0.36091,16747,4296811,0.493874,8700223
1,2021-05-11,62897,7195020,34210,3644600,26527,3240195,2160,310225,20659,1137809,0.130779,41935,3181929,0.36573,22927,4319738,0.496509,8700223
1,2021-05-12,63026,7258046,33496,3678096,27464,3267659,2066,312291,20692,1118640,0.128576,41992,3223921,0.370556,22823,4342561,0.499132,8700223
1,2021-05-13,67298,7325344,39488,3717584,25817,3293476,1993,314284,25623,1105269,0.127039,41269,3265190,0.3753,27898,4370459,0.502339,8700223
1,2021-05-14,76883,7402227,46372,3763956,28105,3321581,2406,316690,31056,1093603,0.125698,45407,3310597,0.380519,33741,4404200,0.506217,8700223
1,2021-05-15,66855,7469082,43906,3807862,21179,3342760,1770,318460,26631,1082181,0.124385,39889,3350486,0.385103,28467,4432667,0.509489,8700223
1,2021-05-16,25125,7494207,18526,3826388,5979,3348739,620,319080,10243,1078334,0.123943,14756,3365242,0.3868,10909,4443576,0.510743,8700223
1,2021-05-17,54424,7548631,33276,3859664,19369,3368108,1779,320859,23079,1072182,0.123236,31066,3396308,0.39037,24914,4468490,0.513606,8700223
1,2021-05-18,65243,7613874,39327,3898991,24075,3392183,1841,322700,28293,1065744,0.122496,36661,3432969,0.394584,30223,4498713,0.51708,8700223
1,2021-05-19,66652,7680526,40612,3939603,24106,3416289,1934,324634,29825,1061054,0.121957,36524,3469493,0.398782,31834,4530547,0.520739,8700223
1,2021-05-20,64908,7745434,37670,3977273,25013,3441302,2225,326859,26694,1052318,0.120953,37856,3507349,0.403133,29120,4559667,0.524086,8700223
1,2021-05-21,70556,7815990,42205,4019478,26480,3467782,1871,328730,29113,1042370,0.11981,41024,3548373,0.407849,31076,4590743,0.527658,8700223
1,2021-05-22,56492,7872482,37176,4056654,17585,3485367,1731,330461,24572,1037127,0.119207,31637,3580010,0.411485,26394,4617137,0.530692,8700223
1,2021-05-23,20525,7893007,14357,4071011,5581,3490948,587,331048,9512,1036343,0.119117,10907,3590917,0.412739,10123,4627260,0.531855,8700223
1,2021-05-24,44172,7937179,24654,4095665,17674,3508622,1844,332892,17879,1030118,0.118401,26029,3616946,0.41573,19804,4647064,0.534132,8700223
1,2021-05-25,51086,7988265,29411,4125076,19969,3528591,1706,334598,21183,1023493,0.11764,29610,3646556,0.419134,22985,4670049,0.536773,8700223
1,2021-05-26,48578,8036843,27536,4152612,19138,3547729,1904,336502,20552,1018275,0.11704,27712,3674268,0.422319,22494,4692543,0.539359,8700223
1,2021-05-27,47051,8083894,26394,4179006,18740,3566469,1917,338419,20139,1013830,0.116529,26615,3700883,0.425378,22170,4714713,0.541907,8700223
1,2021-05-28,52597,8136491,29346,4208352,21416,3587885,1835,340254,23532,1010599,0.116158,28723,3729606,0.428679,25492,4740205,0.544837,8700223
1,2021-05-29,30696,8167187,18592,4226944,11137,3599022,967,341221,14602,1010285,0.116122,15939,3745545,0.430511,15625,4755830,0.546633,8700223
1,2021-05-30,11714,8178901,7567,4234511,3588,3602610,559,341780,5528,1010286,0.116122,6110,3751655,0.431214,6111,4761941,0.547336,8700223
1,2021-05-31,5765,8184666,3277,4237788,2231,3604841,257,342037,2009,1008871,0.115959,3692,3755347,0.431638,2277,4764218,0.547597,8700223
1,2021-06-01,45962,8230628,25983,4263771,18399,3623240,1580,343617,17370,999651,0.114899,28232,3783579,0.434883,19012,4783230,0.549782,8700223
1,2021-06-02,40066,8270694,23242,4287013,15310,3638550,1514,345131,16134,993756,0.114222,23624,3807203,0.437598,17729,4800959,0.55182,8700223
1,2021-06-03,41561,8312255,26030,4313043,13809,3652359,1722,346853,15832,985967,0.113327,25419,3832622,0.44052,17630,4818589,0.553847,8700223
1,2021-06-04,50284,8362539,32186,4345229,16283,3668642,1815,348668,17961,973867,0.111936,31955,3864577,0.444193,19855,4838444,0.556129,8700223
1,2021-06-05,40438,8402977,27591,4372820,10837,3679479,2010,350678,14167,964046,0.110807,26049,3890626,0.447187,16228,4854672,0.557994,8700223
1,2021-06-06,13249,8416226,10608,4383428,2126,3681605,515,351193,4566,960591,0.11041,8598,3899224,0.448175,5143,4859815,0.558585,8700223
1,2021-06-07,34043,8450269,23457,4406885,9219,3690824,1367,352560,12054,952292,0.109456,21772,3920996,0.450678,13473,4873288,0.560134,8700223
1,2021-06-08,42323,8492592,29284,4436169,11378,3702202,1661,354221,14722,941444,0.108209,27320,3948316,0.453818,16472,4889760,0.562027,8700223
1,2021-06-09,42237,8534829,29299,4465468,11290,3713492,1648,355869,13730,928685,0.106743,28192,3976508,0.457058,15433,4905193,0.563801,8700223
1,2021-06-10,39217,8574046,26400,4491868,11110,3724602,1707,357576,13364,918264,0.105545,25592,4002100,0.46,15171,4920364,0.565545,8700223
1,2021-06-11,44155,8618201,29277,4521145,13186,3737788,1692,359268,15678,907549,0.104313,28163,4030263,0.463237,17448,4937812,0.56755,8700223
1,2021-06-12,33867,8652068,24485,4545630,8163,3745951,1219,360487,11098,897381,0.103145,22551,4052814,0.465829,12383,4950195,0.568973,8700223
1,2021-06-13,11648,8663716,8470,4554100,2698,3748649,480,360967,3385,893090,0.102651,8189,4061003,0.46677,3898,4954093,0.569421,8700223
1,2021-06-14,31043,8694759,20894,4574994,8827,3757476,1322,362289,11559,886723,0.10192,19276,4080279,0.468986,12909,4967002,0.570905,8700223
1,2021-06-15,37390,8732149,24503,4599497,11024,3768500,1863,364152,13847,879262,0.101062,23260,4103539,0.471659,15799,4982801,0.572721,8700223
1,2021-06-16,35604,8767753,24060,4623557,9700,3778200,1844,365996,13376,872583,0.100294,21954,4125493,0.474182,15275,4998076,0.574477,8700223
1,2021-06-17,33740,8801493,22311,4645868,9470,3787670,1959,367955,13165,867465,0.099706,20331,4145824,0.476519,15213,5013289,0.576225,8700223
1,2021-06-18,39850,8841343,25892,4671760,11094,3798764,2864,370819,15488,861802,0.099055,24068,4169892,0.479286,18405,5031694,0.578341,8700223
1,2021-06-19,24095,8865438,16717,4688477,6177,3804941,1201,372020,9803,858728,0.098702,14117,4184009,0.480908,11043,5042737,0.57961,8700223
1,2021-06-20,8162,8873600,5979,4694456,1906,3806847,277,372297,3239,857402,0.098549,4853,4188862,0.481466,3527,5046264,0.580015,8700223
1,2021-06-21,21039,8894639,11902,4706358,6940,3813787,2197,374494,10963,860649,0.098923,9958,4198820,0.482611,13205,5059469,0.581533,8700223
1,2021-06-22,30930,8925569,20195,4726553,8584,3822371,2151,376645,12959,858071,0.098626,17752,4216572,0.484651,15174,5074643,0.583277,8700223
1,2021-06-23,29505,8955074,19822,4746375,7862,3830233,1821,378466,12874,856384,0.098432,16407,4232979,0.486537,14720,5089363,0.584969,8700223
1,2021-06-24,28515,8983589,18990,4765365,7848,3838081,1677,380143,12102,854026,0.098161,16206,4249185,0.4884,13848,5103211,0.586561,8700223
1,2021-06-25,31856,9015445,21562,4786927,8883,3846964,1411,381554,14006,851893,0.097916,17607,4266792,0.490423,15474,5118685,0.58834,8700223
1,2021-06-26,22542,9037987,16744,4803671,4958,3851922,840,382394,9847,850059,0.097705,12571,4279363,0.491868,10737,5129422,0.589574,8700223
1,2021-06-27,9201,9047188,6852,4810523,1914,3853836,435,382829,4073,849524,0.097644,5058,4284421,0.49245,4523,5133945,0.590093,8700223
1,2021-06-28,21264,9068452,15804,4826327,4206,3858042,1254,384083,9853,849464,0.097637,11214,4295635,0.493738,11154,5145099,0.591376,8700223
1,2021-06-29,27022,9095474,18493,4844820,7134,3865176,1395,385478,11919,847924,0.09746,14911,4310546,0.495452,13371,5158470,0.592912,8700223
1,2021-06-30,26231,9121705,18142,4862962,7028,3872204,1061,386539,12468,847986,0.097467,13538,4324084,0.497008,13600,5172070,0.594476,8700223
1,2021-07-01,24061,9145766,16724,4879686,6033,3878237,1304,387843,11141,847749,0.09744,12759,4336843,0.498475,12522,5184592,0.595915,8700223
1,2021-07-02,26793,9172559,18407,4898093,7337,3885574,1049,388892,12527,847341,0.097393,14066,4350909,0.500092,13658,5198250,0.597485,8700223
1,2021-07-03,14881,9187440,10392,4908485,4036,3889610,453,389345,7091,847264,0.097384,7655,4358564,0.500972,7578,5205828,0.598356,8700223
1,2021-07-04,1289,9188729,726,4909211,496,3890106,67,389412,622,847302,0.097389,656,4359220,0.501047,694,5206522,0.598435,8700223
1,2021-07-05,11152,9199881,7723,4916934,3065,3893171,364,389776,5291,847213,0.097378,5792,4365012,0.501713,5703,5212225,0.599091,8700223
1,2021-07-06,27522,9227403,19448,4936382,6925,3900096,1149,390925,11008,843141,0.09691,16330,4381342,0.50359,12258,5224483,0.6005,8700223
1,2021-07-07,24052,9251455,16830,4953212,6054,3906150,1168,392093,10365,841261,0.096694,13498,4394840,0.505141,11618,5236101,0.601835,8700223
1,2021-07-08,23006,9274461,15898,4969110,6012,3912162,1096,393189,9945,839468,0.096488,12923,4407763,0.506626,11130,5247231,0.603115,8700223
1,2021-07-09,27152,9301613,19202,4988312,6778,3918940,1172,394361,12219,838158,0.096338,14756,4422519,0.508322,13446,5260677,0.60466,8700223
1,2021-07-10,17971,9319584,12971,5001283,4230,3923170,770,395131,8000,837130,0.096219,9845,4432364,0.509454,8817,5269494,0.605673,8700223
1,2021-07-11,6798,9326382,4976,5006259,1617,3924787,205,395336,3281,837170,0.096224,3464,4435828,0.509852,3504,5272998,0.606076,8700223
1,2021-07-12,20322,9346704,14598,5020857,4828,3929615,896,396232,9000,835978,0.096087,11181,4447009,0.511137,9989,5282987,0.607224,8700223
1,2021-07-13,22462,9369166,15690,5036547,5963,3935578,809,397041,10514,835586,0.096042,11801,4458810,0.512494,11409,5294396,0.608536,8700223
1,2021-07-14,22499,9391665,15456,5052003,6060,3941638,983,398024,10122,834580,0.095926,12221,4471031,0.513898,11215,5305611,0.609825,8700223
1,2021-07-15,21921,9413586,15545,5067548,5643,3947281,733,398757,10588,834821,0.095954,11184,4482215,0.515184,11425,5317036,0.611138,8700223
1,2021-07-16,26962,9440548,18845,5086393,7113,3954394,1004,399761,13370,835854,0.096073,13428,4495643,0.516727,14461,5331497,0.6128,8700223
1,2021-07-17,18731,9459279,13530,5099923,4496,3958890,705,400466,9205,836405,0.096136,9395,4505038,0.517807,9946,5341443,0.613943,8700223
1,2021-07-18,7488,9466767,5527,5105450,1675,3960565,286,400752,3837,836951,0.096199,3593,4508631,0.51822,4139,5345582,0.614419,8700223
1,2021-07-19,20924,9487691,15166,5120616,4925,3965490,833,401585,10497,838085,0.096329,10294,4518925,0.519403,11428,5357010,0.615732,8700223
1,2021-07-20,24954,9512645,17278,5137894,6792,3972282,884,402469,12823,839940,0.096542,11944,4530869,0.520776,13799,5370809,0.617319,8700223
1,2021-07-21,25265,9537910,17785,5155679,6271,3978553,1209,403678,12915,841989,0.096778,12192,4543061,0.522178,14241,5385050,0.618955,8700223
1,2021-07-22,24431,9562341,17277,5172956,6311,3984864,843,404521,13309,845297,0.097158,10936,4553997,0.523435,14244,5399294,0.620593,8700223
1,2021-07-23,29060,9591401,20536,5193492,7506,3992370,1018,405539,16195,849909,0.097688,12668,4566665,0.524891,17280,5416574,0.622579,8700223
1,2021-07-24,18187,9609588,12834,5206326,4787,3997157,566,406105,10707,853848,0.098141,7361,4574026,0.525737,11300,5427874,0.623878,8700223
1,2021-07-25,7497,9617085,5393,5211719,1988,3999145,116,406221,5593,857712,0.098585,1865,4575891,0.525951,5729,5433603,0.624536,8700223
1,2021-07-26,21405,9638490,14800,5226519,5844,4004989,761,406982,13835,864929,0.099415,7451,4583342,0.526807,14668,5448271,0.626222,8700223
1,2021-07-27,27039,9665529,19287,5245806,6813,4011802,939,407921,15938,870929,0.100104,10933,4594275,0.528064,16933,5465204,0.628168,8700223
1,2021-07-28,28065,9693594,19908,5265714,7285,4019087,872,408793,17231,878459,0.10097,10643,4604918,0.529287,18173,5483377,0.630257,8700223
1,2021-07-29,26666,9720260,18924,5284638,6951,4026038,791,409584,16682,886184,0.101858,9810,4614728,0.530415,17535,5500912,0.632273,8700223
1,2021-07-30,31078,9751338,22226,5306864,7949,4033987,903,410487,19015,894289,0.102789,11851,4626579,0.531777,19956,5520868,0.634566,8700223
1,2021-07-31,19915,9771253,14443,5321307,4933,4038920,539,411026,12386,899866,0.10343,7372,4633951,0.532624,12949,5533817,0.636055,8700223
1,2021-08-01,8838,9780091,6662,5327969,2049,4040969,127,411153,6054,903338,0.103829,2738,4636689,0.532939,6210,5540027,0.636768,8700223
1,2021-08-02,24808,9804899,18478,5346447,5625,4046594,705,411858,16140,911718,0.104792,8513,4645202,0.533918,16893,5556920,0.63871,8700223
1,2021-08-03,28451,9833350,20580,5367027,6962,4053556,909,412767,17802,920002,0.105745,10463,4655665,0.53512,18747,5575667,0.640865,8700223
1,2021-08-04,27488,9860838,19957,5386984,6659,4060215,872,413639,17454,928540,0.106726,9832,4665497,0.53625,18370,5594037,0.642976,8700223
1,2021-08-05,27120,9887958,19847,5406831,6380,4066595,893,414532,17091,936719,0.107666,9828,4675325,0.53738,18007,5612044,0.645046,8700223
1,2021-08-06,33521,9921479,24685,5431516,7872,4074467,964,415496,20874,946184,0.108754,12419,4687744,0.538807,21884,5633928,0.647561,8700223
1,2021-08-07,21654,9943133,16236,5447752,4852,4079319,566,416062,13491,952223,0.109448,8030,4695774,0.53973,14069,5647997,0.649178,8700223
1,2021-08-08,10480,9953613,7657,5455409,2623,4081942,200,416262,6808,955637,0.109841,3602,4699376,0.540144,7016,5655013,0.649985,8700223
1,2021-08-09,27557,9981170,20630,5476039,6137,4088079,790,417052,17039,963172,0.110707,10328,4709704,0.541331,17863,5672876,0.652038,8700223
1,2021-08-10,28992,10010162,21338,5497377,6796,4094875,858,417910,17280,969855,0.111475,11506,4721210,0.542654,18189,5691065,0.654129,8700223
1,2021-08-11,26342,10036504,19422,5516799,6027,4100902,893,418803,15493,975621,0.112137,10647,4731857,0.543878,16413,5707478,0.656015,8700223
1,2021-08-12,27955,10064459,20134,5536933,6811,4107713,1010,419813,16665,982309,0.112906,11008,4742865,0.545143,17696,5725174,0.658049,8700223
1,2021-08-13,34533,10098992,25214,5562147,8387,4116100,932,420745,20148,989336,0.113714,14099,4756964,0.546763,21126,5746300,0.660477,8700223
1,2021-08-14,22766,10121758,17236,5579383,5016,4121116,514,421259,12961,993465,0.114188,9366,4766330,0.54784,13495,5759795,0.662028,8700223
1,2021-08-15,4044,10125802,2746,5582129,1162,4122278,136,421395,2282,994242,0.114278,1655,4767985,0.54803,2432,5762227,0.662308,8700223
2,2020-12-15,261,261,261,261,0,0,0,0,261,261,3.1e-05,0,0,0.0,261,261,3.1e-05,8407551
2,2020-12-16,2266,2527,2266,2527,0,0,0,0,2265,2526,0.0003,0,0,0.0,2265,2526,0.0003,8407551
2,2020-12-17,6975,9502,6975,9502,0,0,0,0,6974,9500,0.00113,0,0,0.0,6974,9500,0.00113,8407551
2,2020-12-18,11158,20660,11137,20639,21,21,0,0,11157,20657,0.002457,0,0,0.0,11157,20657,0.002457,8407551
2,2020-12-19,5640,26300,5633,26272,7,28,0,0,5641,26298,0.003128,0,0,0.0,5641,26298,0.003128,8407551
2,2020-12-20,4269,30569,4255,30527,14,42,0,0,4264,30561,0.003635,1,1,0.0,4264,30562,0.003635,8407551
2,2020-12-21,12862,43431,12833,43360,29,71,0,0,12817,43378,0.005159,0,1,0.0,12817,43379,0.00516,8407551
2,2020-12-22,12205,55636,11678,55038,527,598,0,0,12203,55581,0.006611,0,1,0.0,12203,55582,0.006611,8407551
2,2020-12-23,11773,67409,9530,64568,2243,2841,0,0,11776,67357,0.008011,1,2,0.0,11777,67359,0.008012,8407551
2,2020-12-24,5927,73336,3506,68074,2421,5262,0,0,5922,73278,0.008716,3,5,1e-06,5924,73283,0.008716,8407551
2,2020-12-25,502,73838,419,68493,83,5345,0,0,505,73783,0.008776,0,5,1e-06,505,73788,0.008776,8407551
2,2020-12-26,2584,76422,1670,70163,914,6259,0,0,2585,76367,0.009083,1,6,1e-06,2585,76373,0.009084,8407551
2,2020-12-27,2248,78670,1222,71385,1026,7285,0,0,2245,78610,0.00935,2,8,1e-06,2245,78618,0.009351,8407551
2,2020-12-28,11109,89779,7209,78594,3900,11185,0,0,11109,89717,0.010671,2,10,1e-06,11109,89727,0.010672,8407551
2,2020-12-29,12914,102693,7271,85865,5643,16828,0,0,12920,102637,0.012208,0,10,1e-06,12920,102647,0.012209,8407551
2,2020-12-30,15607,118300,8708,94573,6899,23727,0,0,15601,118235,0.014063,5,15,2e-06,15603,118250,0.014065,8407551
2,2020-12-31,7618,125918,2839,97412,4779,28506,0,0,7610,125840,0.014967,5,20,2e-06,7610,125860,0.01497,8407551
2,2021-01-01,1397,127315,677,98089,720,29226,0,0,1393,127229,0.015133,4,24,3e-06,1393,127253,0.015136,8407551
2,2021-01-02,4884,132199,2786,100875,2098,31324,0,0,4880,132107,0.015713,2,26,3e-06,4880,132133,0.015716,8407551
2,2021-01-03,1429,133628,805,101680,624,31948,0,0,1421,133524,0.015881,4,30,4e-06,1421,133554,0.015885,8407551
2,2021-01-04,11756,145384,5587,107267,6169,38117,0,0,11744,145264,0.017278,4,34,4e-06,11744,145298,0.017282,8407551
2,2021-01-05,13980,159364,6989,114256,6991,45108,0,0,12741,156809,0.018651,1231,1265,0.00015,12776,158074,0.018801,8407551
2,2021-01-06,19174,178538,10597,124853,8577,53685,0,0,15249,168207,0.020007,3864,5129,0.00061,15262,173336,0.020617,8407551
2,2021-01-07,23428,201966,13198,138051,10230,63915,0,0,15715,176221,0.02096,7718,12847,0.001528,15732,189068,0.022488,8407551
2,2021-01-08,27057,229023,16299,154350,10758,74673,0,0,16659,182572,0.021715,10338,23185,0.002758,16689,205757,0.024473,8407551
2,2021-01-09,9907,238930,5796,160146,4111,78784,0,0,6312,185303,0.02204,3589,26774,0.003185,6320,212077,0.025225,8407551
2,2021-01-10,5358,244288,2985,163131,2373,81157,0,0,3085,186122,0.022137,2272,29046,0.003455,3091,215168,0.025592,8407551
2,2021-01-11,26133,270421,18053,181184,8080,89237,0,0,14993,190034,0.022603,11135,40181,0.004779,15047,230215,0.027382,8407551
2,2021-01-12,26502,296923,16444,197628,10058,99295,0,0,16849,197321,0.023469,9654,49835,0.005927,16941,247156,0.029397,8407551
2,2021-01-13,28766,325689,15259,212887,13507,112802,0,0,20706,210029,0.024981,8037,57872,0.006883,20745,267901,0.031864,8407551
2,2021-01-14,30709,356398,11744,224631,18965,131767,0,0,26388,232173,0.027615,4325,62197,0.007398,26469,294370,0.035013,8407551
2,2021-01-15,35253,391651,12762,237393,22491,154258,0,0,31916,260856,0.031026,3327,65524,0.007793,32010,326380,0.03882,8407551
2,2021-01-16,18338,409989,6143,243536,12195,166453,0,0,16910,276335,0.032867,1441,66965,0.007965,16920,343300,0.040832,8407551
2,2021-01-17,10591,420580,3576,247112,7015,173468,0,0,9836,285413,0.033947,770,67735,0.008056,9848,353148,0.042004,8407551
2,2021-01-18,19862,440442,11102,258214,8760,182228,0,0,15003,295604,0.035159,4876,72611,0.008636,15067,368215,0.043796,8407551
2,2021-01-19,32862,473304,17078,275292,15784,198012,0,0,24718,312301,0.037145,8143,80754,0.009605,24840,393055,0.04675,8407551
2,2021-01-20,37781,511085,19040,294332,18741,216753,0,0,29115,332880,0.039593,8638,89392,0.010632,29217,422272,0.050225,8407551
2,2021-01-21,41283,552368,17549,311881,23734,240487,0,0,36714,365249,0.043443,4533,93925,0.011172,36902,459174,0.054614,8407551
2,2021-01-22,39779,592147,16620,328501,23159,263646,0,0,36400,398281,0.047372,3396,97321,0.011575,36428,495602,0.058947,8407551
2,2021-01-23,24294,616441,10816,339317,13478,277124,0,0,21297,416634,0.049555,2976,100297,0.011929,21329,516931,0.061484,8407551
2,2021-01-24,12516,628957,6127,345444,6389,283513,0,0,11589,427329,0.050827,911,101208,0.012038,11606,528537,0.062865,8407551
2,2021-01-25,34112,663069,15680,361124,18432,301945,0,0,25217,443853,0.052792,8841,110049,0.013089,25365,553902,0.065881,8407551
2,2021-01-26,40576,703645,19842,380966,20734,322679,0,0,31266,465922,0.055417,9283,119332,0.014193,31352,585254,0.069611,8407551
2,2021-01-27,45911,749556,22746,403712,23165,345844,0,0,35450,491106,0.058412,10332,129664,0.015422,35516,620770,0.073835,8407551
2,2021-01-28,48266,797822,22518,426230,25748,371592,0,0,39449,521887,0.062074,8747,138411,0.016463,39528,660298,0.078536,8407551
2,2021-01-29,45900,843722,22100,448330,23800,395392,0,0,37044,550279,0.065451,8727,147138,0.017501,37119,697417,0.082951,8407551
2,2021-01-30,31511,875233,13348,461678,18163,413555,0,0,28075,574996,0.06839,3396,150534,0.017905,28113,725530,0.086295,8407551
2,2021-01-31,17317,892550,10239,471917,7078,420633,0,0,16091,589907,0.070164,1204,151738,0.018048,16115,741645,0.088212,8407551
2,2021-02-01,41567,934117,19904,491821,21663,442296,0,0,30326,609103,0.072447,11177,162915,0.019377,30373,772018,0.091824,8407551
2,2021-02-02,48189,982306,19598,511419,28591,470887,0,0,36555,634219,0.075434,11539,174454,0.02075,36655,808673,0.096184,8407551
2,2021-02-03,54292,1036598,23896,535315,30396,501283,0,0,39931,659992,0.0785,14257,188711,0.022445,40030,848703,0.100945,8407551
2,2021-02-04,56503,1093101,24255,559570,32248,533531,0,0,41099,685900,0.081581,15293,204004,0.024264,41201,889904,0.105846,8407551
2,2021-02-05,60456,1153557,26319,585889,34137,567668,0,0,40762,707377,0.084136,19477,223481,0.026581,40954,930858,0.110717,8407551
2,2021-02-06,39578,1193135,18475,604364,21103,588771,0,0,31485,730955,0.08694,8015,231496,0.027534,31593,962451,0.114475,8407551
2,2021-02-07,15801,1208936,10473,614837,5328,594099,0,0,11978,739217,0.087923,3789,235285,0.027985,12051,974502,0.115908,8407551
2,2021-02-08,43283,1252219,21947,636784,21336,615435,0,0,29601,755502,0.08986,13533,248818,0.029595,29818,1004320,0.119455,8407551
2,2021-02-09,49819,1302038,23528,660312,26291,641726,0,0,30737,767824,0.091326,18779,267597,0.031828,31101,1035421,0.123154,8407551
2,2021-02-10,59832,1361870,27992,688304,31840,673566,0,0,34483,777625,0.092491,25052,292649,0.034808,34853,1070274,0.127299,8407551
2,2021-02-11,64552,1426422,29657,717961,34895,708461,0,0,35903,785781,0.093461,28269,320918,0.03817,36425,1106699,0.131632,8407551
2,2021-02-12,65818,1492240,28287,746248,37531,745992,0,0,34931,790819,0.094061,30567,351485,0.041806,35605,1142304,0.135866,8407551
2,2021-02-13,38242,1530482,15939,762187,22303,768295,0,0,22056,797179,0.094817,16076,367561,0.043718,22436,1164740,0.138535,8407551
2,2021-02-14,20199,1550681,9402,771589,10797,779092,0,0,11210,799829,0.095132,8934,376495,0.044781,11584,1176324,0.139913,8407551
2,2021-02-15,33448,1584129,15059,786648,18389,797481,0,0,18527,804443,0.095681,14777,391272,0.046538,19391,1195715,0.142219,8407551
2,2021-02-16,56692,1640821,27769,814417,28923,826404,0,0,29790,808148,0.096122,26774,418046,0.049723,30479,1226194,0.145844,8407551
2,2021-02-17,62038,1702859,31913,846330,30125,856529,0,0,30774,808585,0.096174,31161,449207,0.053429,31598,1257792,0.149603,8407551
2,2021-02-18,66715,1769574,33619,879949,33096,889625,0,0,32426,808150,0.096122,34015,483222,0.057475,33580,1291372,0.153597,8407551
2,2021-02-19,60047,1829621,33213,913162,26834,916459,0,0,29774,808448,0.096157,30070,513292,0.061051,30368,1321740,0.157209,8407551
2,2021-02-20,37998,1867619,24633,937795,13365,929824,0,0,20599,812463,0.096635,17286,530578,0.063107,21301,1343041,0.159742,8407551
2,2021-02-21,21914,1889533,17708,955503,4206,934030,0,0,10801,813095,0.09671,11006,541584,0.064416,11638,1354679,0.161126,8407551
2,2021-02-22,39831,1929364,27214,982717,12617,946647,0,0,18871,811883,0.096566,20793,562377,0.06689,19581,1374260,0.163455,8407551
2,2021-02-23,54201,1983565,27669,1010386,26532,973179,0,0,23753,807379,0.09603,30172,592549,0.070478,25668,1399928,0.166508,8407551
2,2021-02-24,71576,2055141,36826,1047212,34750,1007929,0,0,32757,803958,0.095623,38588,631137,0.075068,35167,1435095,0.170691,8407551
2,2021-02-25,77609,2132750,36713,1083925,40896,1048825,0,0,39323,808144,0.096121,37999,669136,0.079588,42185,1477280,0.175709,8407551
2,2021-02-26,86235,2218985,36961,1120886,49274,1098099,0,0,46300,817043,0.09718,39610,708746,0.084299,48509,1525789,0.181478,8407551
2,2021-02-27,63194,2282179,29366,1150252,33820,1131919,8,8,34135,823716,0.097973,28813,737559,0.087726,35486,1561275,0.185699,8407551
2,2021-02-28,31121,2313300,18640,1168892,12480,1144399,1,9,17998,829582,0.098671,12987,750546,0.08927,18853,1580128,0.187942,8407551
2,2021-03-01,59257,2372557,30883,1199775,28302,1172701,72,81,32261,836499,0.099494,26656,777202,0.092441,33573,1613701,0.191935,8407551
2,2021-03-02,70864,2443421,34018,1233793,36831,1209532,15,96,39652,847524,0.100805,31014,808216,0.09613,42039,1655740,0.196935,8407551
2,2021-03-03,81938,2525359,39495,1273288,42424,1251956,19,115,46230,860949,0.102402,35476,843692,0.100349,48901,1704641,0.202751,8407551
2,2021-03-04,89737,2615096,43958,1317246,45746,1297702,33,148,51642,877202,0.104335,37834,881526,0.104849,54087,1758728,0.209184,8407551
2,2021-03-05,83354,2698450,39105,1356351,43930,1341632,319,467,50707,898226,0.106836,32407,913933,0.108704,53431,1812159,0.215539,8407551
2,2021-03-06,63569,2762019,31022,1387373,30833,1372465,1714,2181,38945,915836,0.10893,24480,938413,0.111615,42090,1854249,0.220546,8407551
2,2021-03-07,28801,2790820,16356,1403729,10899,1383364,1546,3727,18254,926285,0.110173,10471,948884,0.112861,20920,1875169,0.223034,8407551
2,2021-03-08,51132,2841952,23432,1427161,25123,1408487,2577,6304,32095,943676,0.112241,18915,967799,0.115111,36306,1911475,0.227352,8407551
2,2021-03-09,71038,2912990,32338,1459499,34826,1443313,3874,10178,39291,956583,0.113777,31596,999395,0.118869,44503,1955978,0.232645,8407551
2,2021-03-10,79011,2992001,37362,1496861,35067,1478380,6582,16760,41872,969450,0.115307,36906,1036301,0.123258,49773,2005751,0.238565,8407551
2,2021-03-11,93700,3085701,43250,1540111,42049,1520429,8401,25161,48824,983510,0.116979,44543,1080844,0.128556,58603,2064354,0.245536,8407551
2,2021-03-12,94648,3180349,38978,1579089,43677,1564106,11993,37154,47081,996664,0.118544,47297,1128141,0.134182,60451,2124805,0.252726,8407551
2,2021-03-13,69511,3249860,29070,1608159,32415,1596521,8026,45180,38158,1012908,0.120476,31206,1159347,0.137894,47450,2172255,0.25837,8407551
2,2021-03-14,37137,3286997,18356,1626515,14256,1610777,4525,49705,18647,1018432,0.121133,18378,1177725,0.140079,23902,2196157,0.261212,8407551
2,2021-03-15,67761,3354758,30582,1657097,32157,1642934,5022,54727,37300,1031627,0.122702,30221,1207946,0.143674,43416,2239573,0.266376,8407551
2,2021-03-16,86728,3441486,38415,1695512,44279,1687213,4034,58761,52282,1054839,0.125463,34225,1242171,0.147745,57437,2297010,0.273208,8407551
2,2021-03-17,93287,3534773,44693,1740205,44384,1731597,4210,62971,59039,1084934,0.129043,33957,1276128,0.151784,64052,2361062,0.280826,8407551
2,2021-03-18,98637,3633410,47068,1787273,46959,1778556,4610,67581,59799,1111399,0.132191,38491,1314619,0.156362,64956,2426018,0.288552,8407551
2,2021-03-19,97918,3731328,46359,1833632,45398,1823954,6161,73742,57768,1136000,0.135117,39823,1354442,0.161098,64424,2490442,0.296215,8407551
2,2021-03-20,70355,3801683,34060,1867692,32301,1856255,3994,77736,45839,1161910,0.138198,24268,1378710,0.163985,50178,2540620,0.302183,8407551
2,2021-03-21,33718,3835401,21744,1889436,9968,1866223,2006,79742,20127,1171051,0.139286,13426,1392136,0.165582,22567,2563187,0.304867,8407551
2,2021-03-22,63194,3898595,34787,1924223,25767,1891990,2640,82382,41782,1195216,0.14216,21154,1413290,0.168098,45319,2608506,0.310258,8407551
2,2021-03-23,84308,3982903,44789,1969012,36588,1928578,2931,85313,52289,1219560,0.145055,31714,1445004,0.17187,56058,2664564,0.316925,8407551
2,2021-03-24,92284,4075187,49571,2018583,39530,1968108,3183,88496,53781,1239192,0.14739,38147,1483151,0.176407,57779,2722343,0.323797,8407551
2,2021-03-25,101911,4177098,51403,2069986,46607,2014715,3901,92397,57258,1256854,0.149491,44265,1527416,0.181672,61927,2784270,0.331163,8407551
2,2021-03-26,104047,4281145,51568,2121554,48979,2063694,3500,95897,56500,1270767,0.151146,47132,1574548,0.187278,61045,2845315,0.338424,8407551
2,2021-03-27,76078,4357223,37950,2159504,34815,2098509,3313,99210,37882,1274911,0.151639,37917,1612465,0.191788,42061,2887376,0.343427,8407551
2,2021-03-28,37992,4395215,23473,2182977,13708,2112217,811,100021,20223,1279167,0.152145,17629,1630094,0.193885,21885,2909261,0.34603,8407551
2,2021-03-29,72130,4467345,36631,2219608,33217,2145434,2282,102303,40738,1292018,0.153674,31154,1661248,0.19759,44005,2953266,0.351264,8407551
2,2021-03-30,92638,4559983,45375,2264983,42878,2188312,4385,106688,51764,1308153,0.155593,40643,1701891,0.202424,56778,3010044,0.358017,8407551
2,2021-03-31,101783,4661766,52465,2317448,44191,2232503,5127,111815,57512,1327233,0.157862,43936,1745827,0.20765,63016,3073060,0.365512,8407551
2,2021-04-01,118457,4780223,57206,2374654,51950,2284453,9301,121116,64253,1347444,0.160266,53748,1799575,0.214043,73959,3147019,0.374309,8407551
2,2021-04-02,112282,4892505,51721,2426375,50308,2334761,10253,131369,59973,1366235,0.162501,51888,1851463,0.220214,70679,3217698,0.382715,8407551
2,2021-04-03,77155,4969660,37921,2464296,29367,2364128,9867,141236,38172,1375882,0.163648,38763,1890226,0.224825,48410,3266108,0.388473,8407551
2,2021-04-04,29119,4998779,14988,2479284,10254,2374382,3877,145113,13051,1376883,0.163767,15953,1906179,0.226722,16954,3283062,0.39049,8407551
2,2021-04-05,79637,5078416,39005,2518289,31738,2406120,8894,154007,38352,1383780,0.164588,41090,1947269,0.23161,47987,3331049,0.396197,8407551
2,2021-04-06,104437,5182853,50879,2569168,38801,2444921,14757,168764,49410,1393617,0.165758,54732,2002001,0.238119,64569,3395618,0.403877,8407551
2,2021-04-07,111122,5293975,55441,2624609,39349,2484270,16332,185096,52159,1403687,0.166956,58648,2060649,0.245095,68718,3464336,0.412051,8407551
2,2021-04-08,119861,5413836,57700,2682309,43337,2527607,18824,203920,55585,1414727,0.168269,63891,2124540,0.252694,74931,3539267,0.420963,8407551
2,2021-04-09,119392,5533228,57423,2739732,43746,2571353,18223,222143,56404,1427577,0.169797,62592,2187132,0.260139,75442,3614709,0.429936,8407551
2,2021-04-10,87891,5621119,37910,2777642,31497,2602850,18484,240627,36189,1431472,0.17026,51430,2238562,0.266256,55325,3670034,0.436516,8407551
2,2021-04-11,44621,5665740,23144,2800786,12978,2615828,8499,249126,18246,1432706,0.170407,26220,2264782,0.269375,27454,3697488,0.439782,8407551
2,2021-04-12,80455,5746195,37445,2838231,33539,2649367,9471,258597,35787,1434559,0.170627,44382,2309164,0.274654,46235,3743723,0.445281,8407551
2,2021-04-13,102281,5848476,53093,2891324,48920,2698287,268,258865,55893,1445522,0.171931,46093,2355257,0.280136,57056,3800779,0.452067,8407551
2,2021-04-14,107165,5955641,56136,2947460,50969,2749256,60,258925,54645,1449472,0.172401,52194,2407451,0.286344,56144,3856923,0.458745,8407551
2,2021-04-15,113526,6069167,60256,3007716,53174,2802430,96,259021,59119,1455772,0.173151,53990,2461441,0.292766,60290,3917213,0.465916,8407551
2,2021-04-16,111149,6180316,57620,3065336,53470,2855900,59,259080,56342,1458597,0.173487,54430,2515871,0.299239,57255,3974468,0.472726,8407551
2,2021-04-17,83741,6264057,42573,3107909,41153,2897053,15,259095,46694,1469394,0.174771,36782,2552653,0.303614,47579,4022047,0.478385,8407551
2,2021-04-18,36023,6300080,21880,3129789,14132,2911185,11,259106,17075,1468672,0.174685,18802,2571455,0.305851,18080,4040127,0.480536,8407551
2,2021-04-19,75090,6375170,40434,3170223,34637,2945822,19,259125,34069,1462639,0.173967,40734,2612189,0.310696,34701,4074828,0.484663,8407551
2,2021-04-20,97804,6472974,49472,3219695,48304,2994126,28,259153,47168,1460314,0.173691,50270,2662459,0.316675,47945,4122773,0.490366,8407551
2,2021-04-21,104248,6577222,56464,3276159,47715,3041841,69,259222,49154,1455925,0.173169,54591,2717050,0.323168,50202,4172975,0.496337,8407551
2,2021-04-22,108728,6685950,56261,3332420,52440,3094281,27,259249,47519,1443600,0.171703,60752,2777802,0.330394,48427,4221402,0.502097,8407551
2,2021-04-23,108309,6794259,57670,3390090,50620,3144901,19,259268,49953,1436584,0.170868,57915,2835717,0.337282,50899,4272301,0.50815,8407551
2,2021-04-24,81225,6875484,47812,3437902,33370,3178271,43,259311,42232,1441181,0.171415,38622,2874339,0.341876,43219,4315520,0.513291,8407551
2,2021-04-25,36703,6912187,22593,3460495,14094,3192365,16,259327,19938,1445001,0.171869,16608,2890947,0.343851,20428,4335948,0.515721,8407551
2,2021-04-26,74556,6986743,41329,3501824,32912,3225277,315,259642,34156,1440816,0.171372,40109,2931056,0.348622,35924,4371872,0.519994,8407551
2,2021-04-27,88604,7075347,46778,3548602,40456,3265733,1370,261012,37909,1431044,0.170209,50297,2981353,0.354604,40525,4412397,0.524814,8407551
2,2021-04-28,88587,7163934,47372,3595974,39334,3305067,1881,262893,38991,1423599,0.169324,49237,3030590,0.36046,41792,4454189,0.529784,8407551
2,2021-04-29,91557,7255491,49895,3645869,39942,3345009,1720,264613,35488,1405751,0.167201,55658,3086248,0.36708,37810,4491999,0.534282,8407551
2,2021-04-30,95222,7350713,52635,3698504,40576,3385585,2011,266624,36930,1387546,0.165036,57801,3144049,0.373955,39596,4531595,0.538991,8407551
2,2021-05-01,62915,7413628,38388,3736892,22925,3408510,1602,268226,24511,1376451,0.163716,38060,3182109,0.378482,26965,4558560,0.542198,8407551
2,2021-05-02,29380,7443008,20454,3757346,7949,3416459,977,269203,11150,1370581,0.163018,18088,3200197,0.380634,12218,4570778,0.543652,8407551
2,2021-05-03,60854,7503862,36143,3793489,22643,3439102,2068,271271,20412,1353166,0.160947,40155,3240352,0.38541,22740,4593518,0.546356,8407551
2,2021-05-04,80286,7584148,47940,3841429,29938,3469040,2408,273679,26016,1328078,0.157963,53901,3294253,0.391821,28813,4622331,0.549783,8407551
2,2021-05-05,80918,7665066,48211,3889640,30344,3499384,2363,276042,25284,1300870,0.154726,55225,3349478,0.398389,28017,4650348,0.553116,8407551
2,2021-05-06,83338,7748404,50615,3940255,29787,3529171,2936,278978,25358,1272321,0.151331,57475,3406953,0.405225,28926,4679274,0.556556,8407551
2,2021-05-07,84076,7832480,48540,3988795,33104,3562275,2432,281410,25844,1243228,0.14787,57821,3464774,0.412103,28728,4708002,0.559973,8407551
2,2021-05-08,55901,7888381,33914,4022709,20260,3582535,1727,283137,17511,1225051,0.145708,38143,3502917,0.416639,19966,4727968,0.562348,8407551
2,2021-05-09,21928,7910309,15791,4038500,5387,3587922,750,283887,6344,1216885,0.144737,15489,3518406,0.418482,7323,4735291,0.563219,8407551
2,2021-05-10,50458,7960767,27508,4066008,21062,3608984,1888,285775,14212,1197612,0.142445,35974,3554380,0.42276,16701,4751992,0.565205,8407551
2,2021-05-11,66606,8027373,36115,4102123,28354,3637338,2137,287912,20038,1174232,0.139664,46246,3600626,0.428261,22866,4774858,0.567925,8407551
2,2021-05-12,65520,8092893,34924,4137047,28358,3665696,2238,290150,19254,1150191,0.136805,45945,3646571,0.433726,21904,4796762,0.57053,8407551
2,2021-05-13,71315,8164208,41453,4178500,27907,3693603,1955,292105,26073,1134026,0.134882,44931,3691502,0.43907,28766,4825528,0.573952,8407551
2,2021-05-14,80277,8244485,48136,4226636,29868,3723471,2273,294378,30822,1118689,0.133058,49073,3740575,0.444907,33736,4859264,0.577964,8407551
2,2021-05-15,66792,8311277,43883,4270519,21187,3744658,1722,296100,25896,1106077,0.131558,40632,3781207,0.449739,28020,4887284,0.581297,8407551
2,2021-05-16,31795,8343072,23790,4294309,7078,3751736,927,297027,12935,1101354,0.130996,18717,3799924,0.451966,13994,4901278,0.582961,8407551
2,2021-05-17,58240,8401312,36917,4331226,19365,3771101,1958,298985,22942,1091581,0.129833,35038,3834962,0.456133,25265,4926543,0.585966,8407551
2,2021-05-18,70419,8471731,41213,4372439,27236,3798337,1970,300955,27933,1079827,0.128435,42197,3877159,0.461152,30443,4956986,0.589587,8407551
2,2021-05-19,69165,8540896,40933,4413372,26215,3824552,2017,302972,27346,1068167,0.127049,41495,3918654,0.466087,29835,4986821,0.593136,8407551
2,2021-05-20,69893,8610789,40568,4453940,27133,3851685,2192,305164,26588,1054590,0.125434,42955,3961609,0.471197,29378,5016199,0.59663,8407551
2,2021-05-21,73470,8684259,43403,4497343,27896,3879581,2171,307335,27915,1040055,0.123705,45182,4006791,0.476571,30647,5046846,0.600275,8407551
2,2021-05-22,53878,8738137,34215,4531558,17889,3897470,1774,309109,22478,1033689,0.122948,31158,4037949,0.480276,24792,5071638,0.603224,8407551
2,2021-05-23,24447,8762584,16678,4548236,7043,3904513,726,309835,10246,1030730,0.122596,14072,4052021,0.48195,11113,5082751,0.604546,8407551
2,2021-05-24,45128,8807712,25676,4573912,17670,3922183,1782,311617,17345,1022652,0.121635,27545,4079566,0.485226,19467,5102218,0.606861,8407551
2,2021-05-25,50928,8858640,29820,4603732,19237,3941420,1871,313488,19343,1013133,0.120503,31272,4110838,0.488946,21753,5123971,0.609449,8407551
2,2021-05-26,48785,8907425,27334,4631066,19765,3961185,1686,315174,19031,1004775,0.119509,29414,4140252,0.492444,21056,5145027,0.611953,8407551
2,2021-05-27,46626,8954051,26434,4657500,18456,3979641,1736,316910,18586,997811,0.11868,27789,4168041,0.49575,20825,5165852,0.61443,8407551
2,2021-05-28,50161,9004212,27732,4685232,20451,4000092,1978,318888,21022,992369,0.118033,28877,4196918,0.499184,23435,5189287,0.617217,8407551
2,2021-05-29,29023,9033235,17400,4702632,10562,4010654,1061,319949,13232,991210,0.117895,15629,4212547,0.501043,14470,5203757,0.618938,8407551
2,2021-05-30,12688,9045923,8182,4710814,3739,4014393,767,320716,5531,990478,0.117808,7096,4219643,0.501887,6364,5210121,0.619695,8407551
2,2021-05-31,5910,9051833,3456,4714270,2150,4016543,304,321020,1837,988656,0.117591,4012,4223655,0.502364,2190,5212311,0.619956,8407551
2,2021-06-01,44848,9096681,25759,4740029,17424,4033967,1665,322685,15580,977323,0.116243,28947,4252602,0.505807,17614,5229925,0.622051,8407551
2,2021-06-02,38264,9134945,22505,4762534,14340,4048307,1419,324104,14947,970943,0.115485,23047,4275649,0.508549,16667,5246592,0.624033,8407551
2,2021-06-03,41410,9176355,26657,4789191,13278,4061585,1475,325579,13900,959442,0.114117,27262,4302911,0.511791,15761,5262353,0.625908,8407551
2,2021-06-04,48080,9224435,31419,4820610,15115,4076700,1546,327125,15482,944704,0.112364,32289,4335200,0.515632,17551,5279904,0.627995,8407551
2,2021-06-05,37916,9262351,27052,4847662,9397,4086097,1467,328592,11774,932464,0.110908,25905,4361105,0.518713,13665,5293569,0.629621,8407551
2,2021-06-06,14943,9277294,12260,4859922,2104,4088201,579,329171,4651,927661,0.110337,10226,4371331,0.519929,5423,5298992,0.630266,8407551
2,2021-06-07,33314,9310608,23305,4883227,8731,4096932,1278,330449,10803,917626,0.109143,22355,4393686,0.522588,12320,5311312,0.631731,8407551
2,2021-06-08,40653,9351261,28776,4912003,10510,4107442,1367,331816,12446,903864,0.107506,27959,4421645,0.525914,14197,5325509,0.63342,8407551
2,2021-06-09,38158,9389419,26639,4938642,10020,4117462,1499,333315,11517,890762,0.105948,26445,4448090,0.529059,13343,5338852,0.635007,8407551
2,2021-06-10,37789,9427208,26283,4964925,9975,4127437,1531,334846,11564,878303,0.104466,26029,4474119,0.532155,13570,5352422,0.636621,8407551
2,2021-06-11,41284,9468492,27407,4992332,12208,4139645,1669,336515,13169,865595,0.102954,27849,4501968,0.535467,15141,5367563,0.638422,8407551
2,2021-06-12,29500,9497992,21722,5014054,6864,4146509,914,337429,8645,854675,0.101656,20712,4522680,0.537931,9792,5377355,0.639586,8407551
2,2021-06-13,12216,9510208,8921,5022975,2677,4149186,618,338047,3091,849491,0.101039,9061,4531741,0.539008,3877,5381232,0.640048,8407551
2,2021-06-14,29916,9540124,21226,5044201,7491,4156677,1199,339246,10310,841770,0.100121,19434,4551175,0.54132,11713,5392945,0.641441,8407551
2,2021-06-15,35582,9575706,23682,5067883,9851,4166528,2049,341295,11949,832764,0.09905,23384,4574559,0.544101,14378,5407323,0.643151,8407551
2,2021-06-16,33021,9608727,22788,5090671,8437,4174965,1796,343091,11385,824794,0.098102,21466,4596025,0.546654,13496,5420819,0.644756,8407551
2,2021-06-17,30844,9639571,20607,5111278,8436,4183401,1801,344892,10890,817914,0.097283,19780,4615805,0.549007,12900,5433719,0.64629,8407551
2,2021-06-18,34772,9674343,22928,5134206,9968,4193369,1876,346768,12646,810785,0.096435,21905,4637710,0.551612,14776,5448495,0.648048,8407551
2,2021-06-19,20957,9695300,14602,5148808,5097,4198466,1258,348026,7921,807289,0.09602,12873,4650583,0.553144,9377,5457872,0.649163,8407551
2,2021-06-20,8296,9703596,5933,5154741,1898,4200364,465,348491,3069,805707,0.095831,5185,4655768,0.55376,3603,5461475,0.649592,8407551
2,2021-06-21,19346,9722942,11843,5166584,6181,4206545,1322,349813,9883,807751,0.096074,9341,4665109,0.554871,11385,5472860,0.650946,8407551
2,2021-06-22,26893,9749835,18426,5185010,7089,4213634,1378,351191,10541,803761,0.0956,16183,4681292,0.556796,12193,5485053,0.652396,8407551
2,2021-06-23,25920,9775755,17888,5202898,6403,4220037,1629,352820,10555,801013,0.095273,15226,4696518,0.558607,12478,5497531,0.65388,8407551
2,2021-06-24,25349,9801104,17257,5220155,6571,4226608,1521,354341,10446,798460,0.094969,14754,4711272,0.560362,12201,5509732,0.655331,8407551
2,2021-06-25,28751,9829855,19485,5239640,7772,4234380,1494,355835,12000,795601,0.094629,16591,4727863,0.562335,13732,5523464,0.656965,8407551
2,2021-06-26,18648,9848503,13724,5253364,3993,4238373,931,356766,7607,793444,0.094373,10951,4738814,0.563638,8794,5532258,0.658011,8407551
2,2021-06-27,8802,9857305,6720,5260084,1634,4240007,448,357214,3528,792324,0.09424,5221,4744035,0.564259,4101,5536359,0.658498,8407551
2,2021-06-28,19801,9877106,15040,5275124,3517,4243524,1244,358458,8722,791532,0.094145,10949,4754984,0.565561,10157,5546516,0.659706,8407551
2,2021-06-29,22772,9899878,15853,5290977,5847,4249371,1072,359530,9733,789670,0.093924,12901,4767885,0.567096,11039,5557555,0.661019,8407551
2,2021-06-30,21999,9921877,15592,5306569,5384,4254755,1023,360553,9797,788660,0.093804,12059,4779944,0.56853,11049,5568604,0.662334,8407551
2,2021-07-01,19879,9941756,14031,5320600,4960,4259715,888,361441,8819,787640,0.093682,10930,4790874,0.56983,9910,5578514,0.663512,8407551
2,2021-07-02,22850,9964606,15748,5336348,6077,4265792,1025,362466,10114,786403,0.093535,12576,4803450,0.571326,11339,5589853,0.664861,8407551
2,2021-07-03,12537,9977143,9027,5345375,3038,4268830,472,362938,5722,786000,0.093487,6718,4810168,0.572125,6315,5596168,0.665612,8407551
2,2021-07-04,1012,9978155,595,5345970,350,4269180,67,363005,434,785957,0.093482,567,4810735,0.572192,524,5596692,0.665674,8407551
2,2021-07-05,11056,9989211,8093,5354063,2554,4271734,409,363414,5063,785628,0.093443,5928,4816663,0.572897,5599,5602291,0.66634,8407551
2,2021-07-06,23688,10012899,17216,5371279,5494,4277228,978,364392,9169,781674,0.092973,14372,4831035,0.574607,10418,5612709,0.66758,8407551
2,2021-07-07,20547,10033446,14655,5385934,4794,4282022,1098,365490,8731,780088,0.092784,11678,4842713,0.575996,10092,5622801,0.66878,8407551
2,2021-07-08,19152,10052598,13336,5399270,4778,4286800,1038,366528,8069,778418,0.092586,10980,4853693,0.577302,9310,5632111,0.669887,8407551
2,2021-07-09,22458,10075056,15547,5414817,5660,4292460,1251,367779,9484,776515,0.092359,12836,4866529,0.578828,10933,5643044,0.671188,8407551
2,2021-07-10,14240,10089296,10496,5425313,3059,4295519,685,368464,6248,775709,0.092263,7898,4874427,0.579768,7092,5650136,0.672031,8407551
2,2021-07-11,6545,10095841,4807,5430120,1389,4296908,349,368813,3076,775779,0.092272,3425,4877852,0.580175,3495,5653631,0.672447,8407551
2,2021-07-12,18138,10113979,13333,5443453,3939,4300847,866,369679,7791,774401,0.092108,10234,4888086,0.581392,8856,5662487,0.6735,8407551
2,2021-07-13,19482,10133461,13742,5457195,4854,4305701,886,370565,8710,773561,0.092008,10630,4898716,0.582657,9790,5672277,0.674665,8407551
2,2021-07-14,18637,10152098,13296,5470491,4562,4310263,779,371344,8323,772684,0.091904,10188,4908904,0.583868,9311,5681588,0.675772,8407551
2,2021-07-15,18763,10170861,13613,5484104,4457,4314720,693,372037,8530,772003,0.091823,10119,4919023,0.585072,9438,5691026,0.676895,8407551
2,2021-07-16,22759,10193620,16366,5500470,5565,4320285,828,372865,10922,772248,0.091852,11707,4930730,0.586464,11952,5702978,0.678316,8407551
2,2021-07-17,14324,10207944,10425,5510895,3367,4323652,532,373397,6905,772493,0.091881,7327,4938057,0.587336,7572,5710550,0.679217,8407551
2,2021-07-18,6973,10214917,5211,5516106,1435,4325087,327,373724,3531,773020,0.091944,3399,4941456,0.58774,3926,5714476,0.679684,8407551
2,2021-07-19,18353,10233270,13681,5529787,3936,4329023,736,374460,9116,773935,0.092052,9120,4950576,0.588825,10035,5724511,0.680877,8407551
2,2021-07-20,20798,10254068,14806,5544593,5155,4334178,837,375297,10532,775388,0.092225,10134,4960710,0.59003,11587,5736098,0.682256,8407551
2,2021-07-21,20316,10274384,14776,5559369,4775,4338953,765,376062,10525,777207,0.092442,9666,4970376,0.59118,11485,5747583,0.683622,8407551
2,2021-07-22,20222,10294606,14442,5573811,4932,4343885,848,376910,10810,779770,0.092746,9269,4979645,0.592282,11832,5759415,0.685029,8407551
2,2021-07-23,24282,10318888,17003,5590814,6242,4350127,1037,377947,13224,783326,0.093169,10901,4990546,0.593579,14457,5773872,0.686748,8407551
2,2021-07-24,14751,10333639,10627,5601441,3632,4353759,492,378439,8250,785787,0.093462,6395,4996941,0.59434,8856,5782728,0.687802,8407551
2,2021-07-25,6643,10340282,4883,5606324,1624,4355383,136,378575,4913,789188,0.093867,1688,4998629,0.59454,5089,5787817,0.688407,8407551
2,2021-07-26,18880,10359162,13316,5619640,4797,4360180,767,379342,11959,795236,0.094586,6804,5005433,0.59535,12852,5800669,0.689936,8407551
2,2021-07-27,22669,10381831,16395,5636035,5425,4365605,849,380191,13286,800290,0.095187,9231,5014664,0.596448,14285,5814954,0.691635,8407551
2,2021-07-28,22519,10404350,16089,5652124,5530,4371135,900,381091,13313,805642,0.095824,9043,5023707,0.597523,14395,5829349,0.693347,8407551
2,2021-07-29,21326,10425676,15285,5667409,5127,4376262,914,382005,12885,811289,0.096495,8299,5032006,0.59851,13946,5843295,0.695006,8407551
2,2021-07-30,26021,10451697,18523,5685932,6557,4382819,941,382946,15592,817788,0.097268,10236,5042242,0.599728,16735,5860030,0.696996,8407551
2,2021-07-31,15656,10467353,11531,5697463,3619,4386438,506,383452,9462,821819,0.097748,6069,5048311,0.60045,10100,5870130,0.698197,8407551
2,2021-08-01,7979,10475332,6139,5703602,1671,4388109,169,383621,5228,824586,0.098077,2692,5051003,0.60077,5459,5875589,0.698847,8407551
2,2021-08-02,21155,10496487,15909,5719511,4495,4392604,751,384372,13415,831268,0.098872,7598,5058601,0.601674,14280,5889869,0.700545,8407551
2,2021-08-03,23920,10520407,17432,5736943,5488,4398092,1000,385372,14882,838385,0.099718,8893,5067494,0.602731,16010,5905879,0.702449,8407551
2,2021-08-04,22549,10542956,16696,5753639,4994,4403086,859,386231,14030,844991,0.100504,8380,5075874,0.603728,14986,5920865,0.704232,8407551
2,2021-08-05,22904,10565860,16816,5770455,5197,4408283,891,387122,14162,851585,0.101288,8572,5084446,0.604748,15166,5936031,0.706036,8407551
2,2021-08-06,27352,10593212,20019,5790474,6370,4414653,963,388085,16664,858832,0.10215,10503,5094949,0.605997,17750,5953781,0.708147,8407551
2,2021-08-07,16779,10609991,12464,5802938,3727,4418380,588,388673,10300,863429,0.102697,6371,5101320,0.606755,10968,5964749,0.709451,8407551
2,2021-08-08,9323,10619314,7054,5809992,2041,4420421,228,388901,5824,866108,0.103015,3415,5104735,0.607161,6094,5970843,0.710176,8407551
2,2021-08-09,23042,10642356,17689,5827681,4613,4425034,740,389641,13960,872007,0.103717,8926,5113661,0.608222,14825,5985668,0.71194,8407551
2,2021-08-10,24058,10666414,17746,5845427,5496,4430530,816,390457,14138,877352,0.104353,9747,5123408,0.609382,15092,6000760,0.713735,8407551
2,2021-08-11,21647,10688061,16174,5861601,4599,4435129,874,391331,12571,881984,0.104904,8908,5132316,0.610441,13540,6014300,0.715345,8407551
2,2021-08-12,23293,10711354,16758,5878359,5546,4440675,989,392320,13575,887137,0.105517,9515,5141831,0.611573,14668,6028968,0.71709,8407551
2,2021-08-13,28783,10740137,20874,5899233,6968,4447643,941,393261,16643,893054,0.10622,11795,5153626,0.612976,17712,6046680,0.719196,8407551
2,2021-08-14,18152,10758289,13364,5912597,4311,4451954,477,393738,10142,896375,0.106615,7432,5161058,0.61386,10753,6057433,0.720475,8407551
2,2021-08-15,4118,10762407,2901,5915498,1054,4453008,163,393901,2161,896951,0.106684,1803,5162861,0.614074,2379,6059812,0.720758,8407551
3,2020-12-15,339,339,339,339,0,0,0,0,339,339,4.2e-05,0,0,0.0,339,339,4.2e-05,8129050
3,2020-12-16,2510,2849,2510,2849,0,0,0,0,2511,2850,0.000351,0,0,0.0,2511,2850,0.000351,8129050
3,2020-12-17,7918,10767,7918,10767,0,0,0,0,7918,10768,0.001325,0,0,0.0,7918,10768,0.001325,8129050
3,2020-12-18,13548,24315,13527,24294,21,21,0,0,13546,24314,0.002991,0,0,0.0,13546,24314,0.002991,8129050
3,2020-12-19,7270,31585,7257,31551,13,34,0,0,7333,31647,0.003893,0,0,0.0,7333,31647,0.003893,8129050
3,2020-12-20,5680,37265,5667,37218,13,47,0,0,5727,37373,0.004597,1,1,0.0,5727,37374,0.004598,8129050
3,2020-12-21,14434,51699,14407,51625,27,74,0,0,14498,51870,0.006381,1,2,0.0,14498,51872,0.006381,8129050
3,2020-12-22,14876,66575,14280,65905,596,670,0,0,14913,66780,0.008215,3,5,1e-06,14913,66785,0.008216,8129050
3,2020-12-23,14922,81497,12287,78192,2635,3305,0,0,14938,81717,0.010052,2,7,1e-06,14939,81724,0.010053,8129050
3,2020-12-24,6826,88323,4887,83079,1939,5244,0,0,6823,88538,0.010892,2,9,1e-06,6823,88547,0.010893,8129050
3,2020-12-25,735,89058,674,83753,61,5305,0,0,732,89270,0.010982,0,9,1e-06,732,89279,0.010983,8129050
3,2020-12-26,4655,93713,3018,86771,1637,6942,0,0,4653,93923,0.011554,0,9,1e-06,4653,93932,0.011555,8129050
3,2020-12-27,3018,96731,1867,88638,1151,8093,0,0,3018,96941,0.011925,0,9,1e-06,3018,96950,0.011926,8129050
3,2020-12-28,13723,110454,8763,97401,4960,13053,0,0,13747,110687,0.013616,1,10,1e-06,13747,110697,0.013617,8129050
3,2020-12-29,15343,125797,8693,106094,6650,19703,0,0,15368,126053,0.015506,2,12,1e-06,15368,126065,0.015508,8129050
3,2020-12-30,18229,144026,10154,116248,8075,27778,0,0,18235,144287,0.01775,2,14,2e-06,18236,144301,0.017751,8129050
3,2020-12-31,8512,152538,3261,119509,5251,33029,0,0,8512,152797,0.018796,2,16,2e-06,8512,152813,0.018798,8129050
3,2021-01-01,1789,154327,852,120361,937,33966,0,0,1784,154580,0.019016,1,17,2e-06,1784,154597,0.019018,8129050
3,2021-01-02,4977,159304,2441,122802,2536,36502,0,0,4976,159556,0.019628,0,17,2e-06,4976,159573,0.01963,8129050
3,2021-01-03,1633,160937,860,123662,773,37275,0,0,1624,161178,0.019827,2,19,2e-06,1624,161197,0.01983,8129050
3,2021-01-04,12125,173062,6007,129669,6118,43393,0,0,12095,173265,0.021314,8,27,3e-06,12095,173292,0.021318,8129050
3,2021-01-05,15843,188905,8205,137874,7638,51031,0,0,14152,185777,0.022853,1673,1700,0.000209,14185,187477,0.023063,8129050
3,2021-01-06,20715,209620,10965,148839,9750,60781,0,0,16111,197345,0.024277,4555,6255,0.000769,16123,203600,0.025046,8129050
3,2021-01-07,26774,236394,15310,164149,11464,72245,0,0,17242,205111,0.025232,9494,15749,0.001937,17260,220860,0.027169,8129050
3,2021-01-08,30836,267230,18850,182999,11986,84231,0,0,18260,210846,0.025937,12551,28300,0.003481,18286,239146,0.029419,8129050
3,2021-01-09,12519,279749,7070,190069,5449,89680,0,0,7982,214306,0.026363,4531,32831,0.004039,7991,247137,0.030402,8129050
3,2021-01-10,7272,287021,4509,194578,2763,92443,0,0,4103,215249,0.026479,3167,35998,0.004428,4110,251247,0.030907,8129050
3,2021-01-11,29294,316315,19164,213742,10130,102573,0,0,16603,219223,0.026968,12681,48679,0.005988,16655,267902,0.032956,8129050
3,2021-01-12,32751,349066,19524,233266,13227,115800,0,0,20072,226794,0.027899,12655,61334,0.007545,20226,288128,0.035444,8129050
3,2021-01-13,34756,383822,18141,251407,16615,132415,0,0,24482,241050,0.029653,10257,71591,0.008807,24513,312641,0.03846,8129050
3,2021-01-14,34932,418754,14281,265688,20651,153066,0,0,28975,264150,0.032495,5915,77506,0.009534,29015,341656,0.042029,8129050
3,2021-01-15,39227,457981,14547,280235,24680,177746,0,0,34489,294002,0.036167,4714,82220,0.010114,34566,376222,0.046281,8129050
3,2021-01-16,21941,479922,7505,287740,14436,192182,0,0,19556,311208,0.038283,2373,84593,0.010406,19579,395801,0.04869,8129050
3,2021-01-17,13206,493128,4491,292231,8715,200897,0,0,12114,322249,0.039642,1091,85684,0.01054,12132,407933,0.050182,8129050
3,2021-01-18,24928,518056,13030,305261,11898,212795,0,0,19269,335920,0.041323,5647,91331,0.011235,19318,427251,0.052559,8129050
3,2021-01-19,41491,559547,21080,326341,20411,233206,0,0,32153,358876,0.044147,9299,100630,0.012379,32255,459506,0.056526,8129050
3,2021-01-20,46449,605996,23114,349455,23335,256541,0,0,36813,386190,0.047507,9586,110216,0.013558,36900,496406,0.061066,8129050
3,2021-01-21,48434,654430,20995,370450,27439,283980,0,0,42848,423603,0.05211,5518,115734,0.014237,42931,539337,0.066347,8129050
3,2021-01-22,50076,704506,19950,390400,30126,314106,0,0,45812,465255,0.057234,4234,119968,0.014758,45886,585223,0.071992,8129050
3,2021-01-23,30602,735108,12853,403253,17749,331855,0,0,27279,489280,0.060189,3314,123282,0.015166,27339,612562,0.075355,8129050
3,2021-01-24,18066,753174,8528,411781,9538,341393,0,0,16868,504985,0.062121,1194,124476,0.015312,16899,629461,0.077434,8129050
3,2021-01-25,41126,794300,18315,430096,22811,364204,0,0,31047,526081,0.064716,10049,134525,0.016549,31145,660606,0.081265,8129050
3,2021-01-26,47639,841939,22721,452817,24918,389122,0,0,37323,553231,0.068056,10283,144808,0.017814,37433,698039,0.08587,8129050
3,2021-01-27,51870,893809,24662,477479,27208,416330,0,0,41084,583684,0.071802,10714,155522,0.019132,41167,739206,0.090934,8129050
3,2021-01-28,52473,946282,24311,501790,28162,444492,0,0,43423,618207,0.076049,8961,164483,0.020234,43484,782690,0.096283,8129050
3,2021-01-29,51551,997833,24654,526444,26897,471389,0,0,41680,650247,0.079991,9690,174173,0.021426,41730,824420,0.101417,8129050
3,2021-01-30,37801,1035634,17807,544251,19994,491383,0,0,33046,678686,0.083489,4699,178872,0.022004,33138,857558,0.105493,8129050
3,2021-01-31,22855,1058489,12837,557088,10018,501401,0,0,21419,698710,0.085952,1419,180291,0.022179,21443,879001,0.108131,8129050
3,2021-02-01,46446,1104935,21217,578305,25229,526630,0,0,35396,723159,0.08896,10987,191278,0.02353,35436,914437,0.11249,8129050
3,2021-02-02,54876,1159811,22889,601194,31987,558617,0,0,42298,753038,0.092635,12473,203751,0.025065,42352,956789,0.1177,8129050
3,2021-02-03,60420,1220231,26829,628023,33591,592208,0,0,44908,782646,0.096278,15375,219126,0.026956,44983,1001772,0.123234,8129050
3,2021-02-04,64815,1285046,28066,656089,36749,628957,0,0,47452,813061,0.100019,17164,236290,0.029067,47579,1049351,0.129087,8129050
3,2021-02-05,70822,1355868,29906,685995,40916,669873,0,0,48890,840449,0.103388,21688,257978,0.031735,49076,1098427,0.135124,8129050
3,2021-02-06,43899,1399767,21040,707035,22859,692732,0,0,34173,865136,0.106425,9677,267655,0.032926,34364,1132791,0.139351,8129050
3,2021-02-07,19867,1419634,12629,719664,7238,699970,0,0,15242,875900,0.107749,4606,272261,0.033492,15370,1148161,0.141242,8129050
3,2021-02-08,51880,1471514,25048,744712,26832,726802,0,0,33979,892319,0.109769,17760,290021,0.035677,34179,1182340,0.145446,8129050
3,2021-02-09,59127,1530641,28643,773355,30484,757286,0,0,34544,902917,0.111073,24301,314322,0.038667,34899,1217239,0.149739,8129050
3,2021-02-10,68772,1599413,32019,805374,36753,794039,0,0,36842,908661,0.111779,31624,345946,0.042557,37368,1254607,0.154336,8129050
3,2021-02-11,71198,1670611,34975,840349,36223,830262,0,0,37793,913963,0.112432,33047,378993,0.046622,38349,1292956,0.159054,8129050
3,2021-02-12,75992,1746603,32762,873111,43230,873492,0,0,41832,922728,0.11351,33846,412839,0.050786,42611,1335567,0.164296,8129050
3,2021-02-13,45475,1792078,20592,893703,24883,898375,0,0,26145,930254,0.114436,19209,432048,0.053149,26735,1362302,0.167584,8129050
3,2021-02-14,27572,1819650,13750,907453,13822,912197,0,0,15290,933800,0.114872,12213,444261,0.054651,15759,1378061,0.169523,8129050
3,2021-02-15,40501,1860151,17451,924904,23050,935247,0,0,22347,939068,0.11552,18036,462297,0.05687,23304,1401365,0.17239,8129050
3,2021-02-16,70761,1930912,33475,958379,37286,972533,0,0,36671,942850,0.115985,33940,496237,0.061045,37722,1439087,0.17703,8129050
3,2021-02-17,72622,2003534,36671,995050,35951,1008484,0,0,34372,940292,0.115671,38002,534239,0.06572,35444,1474531,0.18139,8129050
3,2021-02-18,77738,2081272,40584,1035634,37154,1045638,0,0,35857,935833,0.115122,41670,575909,0.070846,37211,1511742,0.185968,8129050
3,2021-02-19,69822,2151094,40236,1075870,29586,1075224,0,0,35189,937246,0.115296,34458,610367,0.075085,35871,1547613,0.190381,8129050
3,2021-02-20,43449,2194543,27402,1103272,16047,1091271,0,0,22588,939635,0.11559,20733,631100,0.077635,23122,1570735,0.193225,8129050
3,2021-02-21,24451,2218994,19629,1122901,4822,1096093,0,0,11789,939283,0.115546,12556,643656,0.07918,12204,1582939,0.194726,8129050
3,2021-02-22,47911,2266905,31191,1154092,16720,1112813,0,0,22412,936859,0.115248,25340,668996,0.082297,22916,1605855,0.197545,8129050
3,2021-02-23,64009,2330914,34774,1188866,29235,1142048,0,0,27871,930852,0.114509,35891,704887,0.086712,29884,1635739,0.201221,8129050
3,2021-02-24,80202,2411116,39393,1228259,40809,1182857,0,0,35321,924109,0.11368,44614,749501,0.0922,37871,1673610,0.20588,8129050
3,2021-02-25,89930,2501046,43814,1272073,46116,1228973,0,0,44641,926406,0.113962,44967,794468,0.097732,47264,1720874,0.211694,8129050
3,2021-02-26,101004,2602050,46188,1318261,54816,1283789,0,0,53101,934281,0.114931,47461,841929,0.10357,55336,1776210,0.218502,8129050
3,2021-02-27,71606,2673656,32880,1351141,38722,1322511,4,4,37555,939368,0.115557,33802,875731,0.107729,38889,1815099,0.223286,8129050
3,2021-02-28,41760,2715416,24103,1375244,17652,1340163,5,9,21144,941093,0.115769,20397,896128,0.110238,22122,1837221,0.226007,8129050
3,2021-03-01,70598,2786014,37415,1412659,33130,1373293,53,62,39173,950535,0.116931,31163,927291,0.114071,40605,1877826,0.231002,8129050
3,2021-03-02,81988,2868002,40449,1453108,41525,1414818,14,76,47232,965344,0.118752,34575,961866,0.118325,49384,1927210,0.237077,8129050
3,2021-03-03,91967,2959969,44005,1497113,47930,1462748,32,108,51296,978575,0.12038,40413,1002279,0.123296,53644,1980854,0.243676,8129050
3,2021-03-04,96389,3056358,47139,1544252,49225,1511973,25,133,54484,993769,0.122249,41636,1043915,0.128418,56830,2037684,0.250667,8129050
3,2021-03-05,92675,3149033,45294,1589546,47083,1559056,298,431,56193,1016341,0.125026,36184,1080099,0.132869,58756,2096440,0.257895,8129050
3,2021-03-06,66372,3215405,33637,1623183,30568,1589624,2167,2598,37832,1029424,0.126635,28374,1108473,0.136359,41457,2137897,0.262995,8129050
3,2021-03-07,39431,3254836,22759,1645942,14756,1604380,1916,4514,22187,1037531,0.127633,17159,1125632,0.13847,25266,2163163,0.266103,8129050
3,2021-03-08,60564,3315400,28852,1674794,28698,1633078,3014,7528,38274,1058244,0.130181,22109,1147741,0.14119,42822,2205985,0.271371,8129050
3,2021-03-09,77805,3393205,35933,1710727,37374,1670452,4498,12026,41757,1069747,0.131596,35883,1183624,0.145604,47386,2253371,0.2772,8129050
3,2021-03-10,83917,3477122,41773,1752500,35987,1706439,6157,18183,43784,1081172,0.133001,39886,1223510,0.150511,51311,2304682,0.283512,8129050
3,2021-03-11,98177,3575299,48025,1800525,41476,1747915,8676,26859,47991,1088994,0.133963,49883,1273393,0.156647,57705,2362387,0.29061,8129050
3,2021-03-12,102946,3678245,45976,1846501,45034,1792949,11936,38795,47166,1093640,0.134535,55510,1328903,0.163476,60156,2422543,0.298011,8129050
3,2021-03-13,70975,3749220,29885,1876386,33790,1826739,7300,46095,37494,1106410,0.136106,33327,1362230,0.167576,46097,2468640,0.303681,8129050
3,2021-03-14,41538,3790758,21687,1898073,16279,1843018,3572,49667,20918,1110993,0.136669,20521,1382751,0.1701,25104,2493744,0.306769,8129050
3,2021-03-15,76309,3867067,36199,1934272,35526,1878544,4584,54251,40178,1120855,0.137883,35876,1418627,0.174513,45738,2539482,0.312396,8129050
3,2021-03-16,95709,3962776,44157,1978429,47197,1925741,4355,58606,53713,1138085,0.140002,41722,1460349,0.179646,58952,2598434,0.319648,8129050
3,2021-03-17,99099,4061875,48124,2026553,46407,1972148,4568,63174,60076,1164607,0.143265,38755,1499104,0.184413,65277,2663711,0.327678,8129050
3,2021-03-18,104370,4166245,53051,2079604,46767,2018915,4552,67726,59734,1185113,0.145787,44309,1543413,0.189864,64815,2728526,0.335651,8129050
3,2021-03-19,103988,4270233,55776,2135380,43721,2062636,4491,72217,57785,1202018,0.147867,45896,1589309,0.19551,62801,2791327,0.343377,8129050
3,2021-03-20,72450,4342683,37348,2172728,31415,2094051,3687,75904,44519,1222988,0.150447,27704,1617013,0.198918,48674,2840001,0.349364,8129050
3,2021-03-21,36567,4379250,24842,2197570,10207,2104258,1518,77422,21949,1232442,0.15161,14495,1631508,0.200701,23949,2863950,0.352311,8129050
3,2021-03-22,71075,4450325,41777,2239347,26767,2131025,2531,79953,45125,1255428,0.154437,25684,1657192,0.20386,48670,2912620,0.358298,8129050
3,2021-03-23,90492,4540817,50051,2289398,37882,2168907,2559,82512,55126,1278733,0.157304,35073,1692265,0.208175,58378,2970998,0.365479,8129050
3,2021-03-24,99496,4640313,57253,2346651,39292,2208199,2951,85463,56198,1295574,0.159376,42904,1735169,0.213453,59745,3030743,0.372829,8129050
3,2021-03-25,108181,4748494,60072,2406723,45113,2253312,2996,88459,60528,1312452,0.161452,47282,1782451,0.219269,64160,3094903,0.380721,8129050
3,2021-03-26,111596,4860090,59844,2466567,48382,2301694,3370,91829,57088,1319610,0.162333,54136,1836587,0.225929,61294,3156197,0.388261,8129050
3,2021-03-27,75174,4935264,38197,2504764,34413,2336107,2564,94393,36152,1320219,0.162408,38765,1875352,0.230698,39374,3195571,0.393105,8129050
3,2021-03-28,44709,4979973,28164,2532928,15724,2351831,821,95214,22428,1321965,0.162622,22147,1897499,0.233422,23893,3219464,0.396044,8129050
3,2021-03-29,81490,5061463,42570,2575498,37059,2388890,1861,97075,44289,1332043,0.163862,36916,1934415,0.237963,46994,3266458,0.401825,8129050
3,2021-03-30,101078,5162541,49681,2625179,47735,2436625,3662,100737,56281,1348078,0.165835,44508,1978923,0.243438,60543,3327001,0.409273,8129050
3,2021-03-31,105766,5268307,57032,2682211,43849,2480474,4885,105622,56233,1360254,0.167332,49255,2028178,0.249498,61431,3388432,0.41683,8129050
3,2021-04-01,124726,5393033,63030,2745241,51864,2532338,9832,115454,66893,1379852,0.169743,57360,2085538,0.256554,76958,3465390,0.426297,8129050
3,2021-04-02,118667,5511700,57891,2803132,50348,2582686,10428,125882,62227,1396808,0.171829,56112,2141650,0.263456,73068,3538458,0.435286,8129050
3,2021-04-03,76514,5588214,39151,2842283,28090,2610776,9273,135155,38012,1406047,0.172966,38322,2179972,0.268171,47561,3586019,0.441136,8129050
3,2021-04-04,32584,5620798,17424,2859707,10915,2621691,4245,139400,14227,1406243,0.17299,18269,2198241,0.270418,18465,3604484,0.443408,8129050
3,2021-04-05,90223,5711021,45784,2905491,35118,2656809,9321,148721,43712,1413806,0.17392,46258,2244499,0.276108,53821,3658305,0.450029,8129050
3,2021-04-06,114193,5825214,55567,2961058,43327,2700136,15299,164020,53453,1422779,0.175024,60432,2304931,0.283542,69405,3727710,0.458566,8129050
3,2021-04-07,116967,5942181,60509,3021567,40077,2740213,16381,180401,56294,1435301,0.176564,60386,2365317,0.290971,72908,3800618,0.467535,8129050
3,2021-04-08,122073,6064254,60785,3082352,41011,2781224,20277,200678,56482,1447512,0.178067,65253,2430570,0.298998,77464,3878082,0.477065,8129050
3,2021-04-09,119239,6183493,59354,3141706,40589,2821813,19296,219974,52274,1453225,0.178769,66682,2497252,0.307201,72395,3950477,0.48597,8129050
3,2021-04-10,84816,6268309,38056,3179762,31396,2853209,15364,235338,34463,1453661,0.178823,50147,2547399,0.31337,50583,4001060,0.492193,8129050
3,2021-04-11,45507,6313816,24359,3204121,13070,2866279,8078,243416,17275,1451684,0.17858,28126,2575525,0.31683,26149,4027209,0.49541,8129050
3,2021-04-12,84461,6398277,42646,3246767,32935,2899214,8880,252296,38061,1453556,0.17881,46133,2621658,0.322505,48005,4075214,0.501315,8129050
3,2021-04-13,106016,6504293,57385,3304152,48419,2947633,212,252508,55721,1460356,0.179647,50020,2671678,0.328658,56820,4132034,0.508305,8129050
3,2021-04-14,108182,6612475,59151,3363303,48923,2996556,108,252616,53689,1461422,0.179778,54169,2725847,0.335322,55235,4187269,0.515099,8129050
3,2021-04-15,119871,6732346,67401,3430704,52384,3048940,86,252702,63766,1470344,0.180875,55745,2781592,0.342179,64667,4251936,0.523054,8129050
3,2021-04-16,116069,6848415,65038,3495742,50933,3099873,98,252800,60352,1476083,0.181581,55379,2836971,0.348992,61118,4313054,0.530573,8129050
3,2021-04-17,79858,6928273,43511,3539253,36332,3136205,15,252815,44361,1486187,0.182824,35246,2872217,0.353328,45350,4358404,0.536152,8129050
3,2021-04-18,39011,6967284,23564,3562817,15437,3151642,10,252825,18252,1484703,0.182642,20628,2892845,0.355865,19144,4377548,0.538507,8129050
3,2021-04-19,79591,7046875,44285,3607102,35246,3186888,60,252885,35680,1477274,0.181728,43683,2936528,0.361239,36254,4413802,0.542967,8129050
3,2021-04-20,101251,7148126,53270,3660372,47959,3234847,22,252907,48781,1474943,0.181441,52175,2988703,0.367657,49844,4463646,0.549098,8129050
3,2021-04-21,106432,7254558,59767,3720139,46585,3281432,80,252987,50093,1470280,0.180867,55927,3044630,0.374537,51264,4514910,0.555404,8129050
3,2021-04-22,112599,7367157,63273,3783412,49297,3330729,29,253016,48245,1455550,0.179055,63965,3108595,0.382406,49235,4564145,0.561461,8129050
3,2021-04-23,106847,7474004,61132,3844544,45683,3376412,32,253048,46688,1443518,0.177575,59771,3168366,0.389758,47739,4611884,0.567334,8129050
3,2021-04-24,74353,7548357,45862,3890406,28418,3404830,73,253121,36139,1442824,0.17749,37915,3206281,0.394423,37221,4649105,0.571912,8129050
3,2021-04-25,37145,7585502,23707,3914113,13420,3418250,18,253139,18927,1444124,0.17765,18051,3224332,0.396643,19351,4668456,0.574293,8129050
3,2021-04-26,74419,7659921,42069,3956182,31934,3450184,416,253555,31674,1435115,0.176542,42452,3266784,0.401865,33443,4701899,0.578407,8129050
3,2021-04-27,91600,7751521,48093,4004275,41751,3491935,1756,255311,36238,1418856,0.174541,55028,3321812,0.408635,38769,4740668,0.583176,8129050
3,2021-04-28,87344,7838865,49649,4053924,35543,3527478,2152,257463,35569,1405667,0.172919,51452,3373264,0.414964,38263,4778931,0.587883,8129050
3,2021-04-29,89699,7928564,51268,4105192,36202,3563680,2229,259692,31949,1382948,0.170124,57381,3430645,0.422023,34662,4813593,0.592147,8129050
3,2021-04-30,91283,8019847,51517,4156709,37274,3600954,2492,262184,33921,1362854,0.167652,56971,3487616,0.429031,36877,4850470,0.596683,8129050
3,2021-05-01,55854,8075701,35021,4191730,19346,3620300,1487,263671,20105,1349486,0.166008,35451,3523067,0.433392,22083,4872553,0.5994,8129050
3,2021-05-02,27114,8102815,18514,4210244,7576,3627876,1024,264695,9925,1343463,0.165267,17072,3540139,0.435492,11049,4883602,0.600759,8129050
3,2021-05-03,60163,8162978,35323,4245567,22454,3650330,2386,267081,17539,1321193,0.162527,42375,3582514,0.440705,20105,4903707,0.603232,8129050
3,2021-05-04,78000,8240978,45093,4290660,30213,3680543,2694,269775,22629,1291737,0.158904,55053,3637567,0.447478,25597,4929304,0.606381,8129050
3,2021-05-05,79561,8320539,47761,4338421,29081,3709624,2719,272494,22004,1259565,0.154946,57192,3694759,0.454513,25020,4954324,0.609459,8129050
3,2021-05-06,83856,8404395,53081,4391502,28232,3737856,2543,275037,20702,1220703,0.150166,62648,3757407,0.46222,23786,4978110,0.612385,8129050
3,2021-05-07,82875,8487270,51632,4443134,28595,3766451,2648,277685,21983,1185117,0.145788,60517,3817924,0.469664,24931,5003041,0.615452,8129050
3,2021-05-08,52930,8540200,32815,4475949,18387,3784838,1728,279413,14011,1162485,0.143004,38635,3856559,0.474417,16003,5019044,0.617421,8129050
3,2021-05-09,21069,8561269,15397,4491346,4878,3789716,794,280207,5511,1153398,0.141886,15459,3872018,0.476319,6372,5025416,0.618205,8129050
3,2021-05-10,48422,8609691,26053,4517399,20447,3810163,1922,282129,11225,1129818,0.138985,36979,3908997,0.480868,13399,5038815,0.619853,8129050
3,2021-05-11,64477,8674168,36166,4553565,26079,3836242,2232,284361,16198,1100700,0.135403,48012,3957009,0.486774,18894,5057709,0.622177,8129050
3,2021-05-12,65185,8739353,37461,4591026,25310,3861552,2414,286775,16629,1071796,0.131848,48266,4005275,0.492711,19362,5077071,0.624559,8129050
3,2021-05-13,75820,8815173,47785,4638811,26110,3887662,1925,288700,27661,1054118,0.129673,47896,4053171,0.498603,30218,5107289,0.628276,8129050
3,2021-05-14,80780,8895953,51006,4689817,27617,3915279,2157,290857,31268,1038947,0.127807,49200,4102371,0.504656,34029,5141318,0.632462,8129050
3,2021-05-15,62501,8958454,43102,4732919,18182,3933461,1217,292074,25832,1029786,0.12668,36444,4138815,0.509139,27283,5168601,0.635819,8129050
3,2021-05-16,33316,8991770,24912,4757831,7712,3941173,692,292766,13443,1024267,0.126001,19746,4158561,0.511568,14227,5182828,0.637569,8129050
3,2021-05-17,57217,9048987,36437,4794268,18925,3960098,1855,294621,21078,1011554,0.124437,35857,4194418,0.515979,23144,5205972,0.640416,8129050
3,2021-05-18,64760,9113747,38237,4832505,24649,3984747,1874,296495,24314,997985,0.122768,40156,4234574,0.520919,26587,5232559,0.643686,8129050
3,2021-05-19,64192,9177939,39017,4871522,23418,4008165,1757,298252,24825,985742,0.121262,39106,4273680,0.525729,26863,5259422,0.646991,8129050
3,2021-05-20,62073,9240012,36326,4907848,23888,4032053,1859,300111,22283,970742,0.119416,39481,4313161,0.530586,24481,5283903,0.650003,8129050
3,2021-05-21,66375,9306387,40342,4948190,23917,4055970,2116,302227,23718,954565,0.117426,42319,4355480,0.535792,26142,5310045,0.653218,8129050
3,2021-05-22,45925,9352312,30444,4978634,14006,4069976,1475,303702,19110,948815,0.116719,26591,4382071,0.539063,20841,5330886,0.655782,8129050
3,2021-05-23,21762,9374074,15059,4993693,6049,4076025,654,304356,9193,946297,0.116409,12479,4394550,0.540598,9961,5340847,0.657008,8129050
3,2021-05-24,39821,9413895,23304,5016997,14745,4090770,1772,306128,14772,938200,0.115413,24840,4419390,0.543654,16743,5357590,0.659067,8129050
3,2021-05-25,42896,9456791,24126,5041123,17080,4107850,1690,307818,15216,927943,0.114151,27396,4446786,0.547024,17139,5374729,0.661176,8129050
3,2021-05-26,42503,9499294,24313,5065436,16454,4124304,1736,309554,15897,919412,0.113102,26297,4473083,0.550259,17766,5392495,0.663361,8129050
3,2021-05-27,39422,9538716,22100,5087536,15564,4139868,1758,311312,15419,913006,0.112314,23833,4496916,0.553191,17427,5409922,0.665505,8129050
3,2021-05-28,42937,9581653,24264,5111800,16868,4156736,1805,313117,17834,908075,0.111707,24892,4521808,0.556253,19961,5429883,0.66796,8129050
3,2021-05-29,23491,9605144,14350,5126150,8301,4165037,840,313957,10971,907640,0.111654,12379,4534187,0.557776,11944,5441827,0.66943,8129050
3,2021-05-30,10637,9615781,6897,5133047,3103,4168140,637,314594,4467,906699,0.111538,6089,4540276,0.558525,5148,5446975,0.670063,8129050
3,2021-05-31,4672,9620453,2698,5135745,1708,4169848,266,314860,1465,905302,0.111366,3158,4543434,0.558913,1761,5448736,0.67028,8129050
3,2021-06-01,37780,9658233,21744,5157489,14590,4184438,1446,316306,13187,895785,0.110196,24344,4567778,0.561908,14827,5463563,0.672104,8129050
3,2021-06-02,31526,9689759,18113,5175602,11997,4196435,1416,317722,11658,889338,0.109402,19659,4587437,0.564326,13212,5476775,0.673729,8129050
3,2021-06-03,39641,9729400,27105,5202707,11098,4207533,1438,319160,11416,874387,0.107563,28043,4615480,0.567776,13092,5489867,0.675339,8129050
3,2021-06-04,46232,9775632,32700,5235407,11982,4219515,1550,320710,13129,856635,0.105379,32853,4648333,0.571817,15101,5504968,0.677197,8129050
3,2021-06-05,34365,9809997,25895,5261302,7283,4226798,1187,321897,8699,841264,0.103489,25454,4673787,0.574949,10083,5515051,0.678437,8129050
3,2021-06-06,14665,9824662,12233,5273535,1846,4228644,586,322483,3699,834814,0.102695,10902,4684689,0.57629,4452,5519503,0.678985,8129050
3,2021-06-07,30433,9855095,22112,5295647,7034,4235678,1287,323770,8707,823353,0.101285,21576,4706265,0.578944,10115,5529618,0.680229,8129050
3,2021-06-08,34361,9889456,24673,5320320,8397,4244075,1291,325061,9935,810592,0.099715,24215,4730480,0.581923,11454,5541072,0.681638,8129050
3,2021-06-09,33000,9922456,23935,5344255,7760,4251835,1305,326366,8852,796952,0.098038,23963,4754443,0.584871,10323,5551395,0.682908,8129050
3,2021-06-10,32534,9954990,23457,5367712,7544,4259379,1533,327899,8950,784209,0.09647,23424,4777867,0.587752,10681,5562076,0.684222,8129050
3,2021-06-11,35598,9990588,25164,5392876,9059,4268438,1375,329274,10558,771480,0.094904,24839,4802706,0.590808,12110,5574186,0.685712,8129050
3,2021-06-12,25233,10015821,19022,5411898,5318,4273756,893,330167,6674,760766,0.093586,18441,4821147,0.593076,7727,5581913,0.686662,8129050
3,2021-06-13,10143,10025964,7586,5419484,2067,4275823,490,330657,2358,755958,0.092995,7732,4828879,0.594027,2924,5584837,0.687022,8129050
3,2021-06-14,25829,10051793,18502,5437986,5900,4281723,1427,332084,8071,747973,0.092012,17625,4846504,0.596196,9640,5594477,0.688208,8129050
3,2021-06-15,28752,10080545,19453,5457439,7790,4289513,1509,333593,9639,740408,0.091082,18883,4865387,0.598519,11318,5605795,0.6896,8129050
3,2021-06-16,25911,10106456,18404,5475843,6091,4295604,1416,335009,8730,733708,0.090258,16998,4882385,0.60061,10298,5616093,0.690867,8129050
3,2021-06-17,24869,10131325,17805,5493648,5771,4301375,1293,336302,8621,727670,0.089515,16091,4898476,0.602589,10053,5626146,0.692104,8129050
3,2021-06-18,28038,10159363,19801,5513449,6662,4308037,1575,337877,9812,721233,0.088723,17992,4916468,0.604802,11555,5637701,0.693525,8129050
3,2021-06-19,16033,10175396,11776,5525225,3395,4311432,862,338739,5742,717782,0.088298,10164,4926632,0.606053,6713,5644414,0.694351,8129050
3,2021-06-20,6889,10182285,5167,5530392,1420,4312852,302,339041,2607,716520,0.088143,4224,4930856,0.606572,2962,5647376,0.694715,8129050
3,2021-06-21,16244,10198529,10249,5540641,4594,4317446,1401,340442,8087,718067,0.088333,8063,4938919,0.607564,9610,5656986,0.695898,8129050
3,2021-06-22,22105,10220634,15497,5556138,5310,4322756,1298,341740,8270,714085,0.087844,13706,4952625,0.60925,9724,5666710,0.697094,8129050
3,2021-06-23,20285,10240919,14213,5570351,4736,4327492,1336,343076,8040,711474,0.087522,12128,4964753,0.610742,9517,5676227,0.698264,8129050
3,2021-06-24,19968,10260887,13898,5584249,4617,4332109,1453,344529,7794,708831,0.087197,11999,4976752,0.612218,9356,5685583,0.699415,8129050
3,2021-06-25,23299,10284186,16529,5600778,5348,4337457,1422,345951,9098,705413,0.086777,14066,4990818,0.613948,10648,5696231,0.700725,8129050
3,2021-06-26,14008,10298194,10401,5611179,2833,4340290,774,346725,5845,704133,0.086619,8058,4998876,0.61494,6778,5703009,0.701559,8129050
3,2021-06-27,6708,10304902,5192,5616371,1207,4341497,309,347034,2864,703542,0.086547,3799,5002675,0.615407,3208,5706217,0.701954,8129050
3,2021-06-28,16000,10320902,12301,5628672,2616,4344113,1083,348117,6741,702357,0.086401,9116,5011791,0.616528,7931,5714148,0.702929,8129050
3,2021-06-29,18078,10338980,12734,5641406,4336,4348449,1008,349125,7396,700358,0.086155,10535,5022326,0.617824,8536,5722684,0.703979,8129050
3,2021-06-30,17055,10356035,12084,5653490,3928,4352377,1043,350168,7335,699322,0.086028,9563,5031889,0.619001,8527,5731211,0.705028,8129050
3,2021-07-01,16321,10372356,11630,5665120,3622,4355999,1069,351237,6866,698033,0.085869,9324,5041213,0.620148,8035,5739246,0.706017,8129050
3,2021-07-02,18448,10390804,13122,5678242,4223,4360222,1103,352340,7871,696646,0.085698,10459,5051672,0.621434,9072,5748318,0.707133,8129050
3,2021-07-03,10091,10400895,7288,5685530,2364,4362586,439,352779,4324,695822,0.085597,5690,5057362,0.622134,4866,5753184,0.707731,8129050
3,2021-07-04,726,10401621,427,5685957,212,4362798,87,352866,279,695764,0.08559,440,5057802,0.622189,382,5753566,0.707778,8129050
3,2021-07-05,9523,10411144,6961,5692918,2139,4364937,423,353289,4303,695404,0.085546,5149,5062951,0.622822,4789,5758355,0.708368,8129050
3,2021-07-06,19052,10430196,13811,5706729,4124,4369061,1117,354406,6901,691570,0.085074,11976,5074927,0.624295,8142,5766497,0.709369,8129050
3,2021-07-07,15736,10445932,11175,5717904,3449,4372510,1112,355518,6346,689881,0.084866,9254,5084181,0.625434,7565,5774062,0.7103,8129050
3,2021-07-08,15310,10461242,11055,5728959,3259,4375769,996,356514,6208,688199,0.084659,8976,5093157,0.626538,7294,5781356,0.711197,8129050
3,2021-07-09,17599,10478841,12267,5741226,4114,4379883,1218,357732,7270,686604,0.084463,10195,5103352,0.627792,8600,5789956,0.712255,8129050
3,2021-07-10,10815,10489656,7958,5749184,2194,4382077,663,358395,4592,685792,0.084363,6155,5109507,0.628549,5343,5795299,0.712912,8129050
3,2021-07-11,5116,10494772,3786,5752970,1055,4383132,275,358670,2310,685640,0.084344,2757,5112264,0.628888,2605,5797904,0.713233,8129050
3,2021-07-12,14330,10509102,10448,5763418,2879,4386011,1003,359673,5721,683901,0.08413,8532,5120796,0.629938,6793,5804697,0.714068,8129050
3,2021-07-13,15111,10524213,10675,5774093,3526,4389537,910,360583,6627,683134,0.084036,8386,5129182,0.630969,7619,5812316,0.715006,8129050
3,2021-07-14,14390,10538603,10206,5784299,3261,4392798,923,361506,6412,682653,0.083977,7877,5137059,0.631938,7396,5819712,0.715915,8129050
3,2021-07-15,14702,10553305,10625,5794924,3238,4396036,839,362345,6726,682412,0.083947,7881,5144940,0.632908,7640,5827352,0.716855,8129050
3,2021-07-16,17701,10571006,12730,5807654,4082,4400118,889,363234,8456,682691,0.083982,9136,5154076,0.634032,9415,5836767,0.718013,8129050
3,2021-07-17,11254,10582260,8248,5815902,2474,4402592,532,363766,5353,682813,0.083997,5831,5159907,0.634749,5953,5842720,0.718746,8129050
3,2021-07-18,5732,10587992,4332,5820234,1149,4403741,251,364017,2819,683039,0.084024,2870,5162777,0.635102,3096,5845816,0.719127,8129050
3,2021-07-19,14859,10602851,10867,5831101,3118,4406859,874,364891,7306,683838,0.084123,7454,5170231,0.636019,8253,5854069,0.720142,8129050
3,2021-07-20,16512,10619363,11487,5842588,4122,4410981,903,365794,8504,685432,0.084319,7893,5178124,0.63699,9487,5863556,0.721309,8129050
3,2021-07-21,15935,10635298,11281,5853869,3788,4414769,866,366660,8021,686611,0.084464,7786,5185910,0.637948,8965,5872521,0.722412,8129050
3,2021-07-22,16298,10651596,11529,5865398,3810,4418579,959,367619,8469,688394,0.084683,7706,5193616,0.638896,9489,5882010,0.723579,8129050
3,2021-07-23,19214,10670810,13697,5879095,4508,4423087,1009,368628,10335,691087,0.085014,8736,5202352,0.63997,11429,5893439,0.724985,8129050
3,2021-07-24,11545,10682355,8316,5887411,2650,4425737,579,369207,6370,692974,0.085247,5097,5207449,0.640597,6984,5900423,0.725844,8129050
3,2021-07-25,5610,10687965,4200,5891611,1200,4426937,210,369417,4056,695784,0.085592,1506,5208955,0.640783,4316,5904739,0.726375,8129050
3,2021-07-26,15401,10703366,10702,5902313,3734,4430671,965,370382,9304,700130,0.086127,5987,5214942,0.641519,10333,5915072,0.727646,8129050
3,2021-07-27,17412,10720778,12314,5914627,4128,4434799,970,371352,9975,703844,0.086584,7306,5222248,0.642418,11020,5926092,0.729002,8129050
3,2021-07-28,17015,10737793,12187,5926814,3793,4438592,1035,372387,9829,707712,0.08706,7045,5229293,0.643285,10913,5937005,0.730344,8129050
3,2021-07-29,16788,10754581,12078,5938892,3682,4442274,1028,373415,9899,711998,0.087587,6713,5236006,0.64411,10999,5948004,0.731697,8129050
3,2021-07-30,19522,10774103,13784,5952676,4666,4446940,1072,374487,11340,716527,0.088144,7975,5243981,0.645091,12504,5960508,0.733235,8129050
3,2021-07-31,12174,10786277,8814,5961490,2702,4449642,658,375145,7087,719392,0.088496,4948,5248929,0.6457,7813,5968321,0.734197,8129050
3,2021-08-01,6480,10792757,4937,5966427,1286,4450928,257,375402,4200,721662,0.088776,2222,5251151,0.645974,4492,5972813,0.734749,8129050
3,2021-08-02,16577,10809334,12048,5978475,3606,4454534,923,376325,10319,726835,0.089412,6134,5257285,0.646728,11307,5984120,0.73614,8129050
3,2021-08-03,18379,10827713,13269,5991744,4014,4458548,1096,377421,10971,731725,0.090014,7229,5264514,0.647617,12119,5996239,0.737631,8129050
3,2021-08-04,17538,10845251,12598,6004342,3927,4462475,1013,378434,10449,736309,0.090577,6928,5271442,0.64847,11512,6007751,0.739047,8129050
3,2021-08-05,17878,10863129,12929,6017271,3812,4466287,1137,379571,10797,741395,0.091203,6918,5278360,0.649321,12004,6019755,0.740524,8129050
3,2021-08-06,21651,10884780,15709,6032980,4795,4471082,1147,380718,12785,746726,0.091859,8668,5287028,0.650387,13999,6033754,0.742246,8129050
3,2021-08-07,12733,10897513,9477,6042457,2638,4473720,618,381336,7461,749720,0.092227,5135,5292163,0.651019,8129,6041883,0.743246,8129050
3,2021-08-08,7562,10905075,5790,6048247,1532,4475252,240,381576,4678,751871,0.092492,2802,5294965,0.651363,4953,6046836,0.743855,8129050
3,2021-08-09,18169,10923244,13603,6061850,3521,4478773,1045,382621,10292,755564,0.092946,7715,5302680,0.652312,11408,6058244,0.745259,8129050
3,2021-08-10,18356,10941600,13455,6075305,3930,4482703,971,383592,10347,759080,0.093379,7844,5310524,0.653277,11360,6069604,0.746656,8129050
3,2021-08-11,16354,10957954,11872,6087177,3486,4486189,996,384588,9132,762227,0.093766,7033,5317557,0.654142,10180,6079784,0.747908,8129050
3,2021-08-12,17847,10975801,12605,6099782,4203,4490392,1039,385627,9815,765302,0.094144,7830,5325387,0.655106,10905,6090689,0.74925,8129050
3,2021-08-13,22010,10997811,15671,6115453,5255,4495647,1084,386711,12028,768911,0.094588,9571,5334958,0.656283,13180,6103869,0.750871,8129050
3,2021-08-14,14272,11012083,10046,6125499,3641,4499288,585,387296,7422,771016,0.094847,5958,5340916,0.657016,8063,6111932,0.751863,8129050
3,2021-08-15,3488,11015571,2318,6127817,919,4500207,251,387547,1645,771384,0.094892,1564,5342480,0.657208,1932,6113864,0.752101,8129050
4,2020-12-15,468,468,468,468,0,0,0,0,468,468,5.8e-05,0,0,0.0,468,468,5.8e-05,8037679
4,2020-12-16,3081,3549,3081,3549,0,0,0,0,3081,3549,0.000442,0,0,0.0,3081,3549,0.000442,8037679
4,2020-12-17,9051,12600,9051,12600,0,0,0,0,9052,12601,0.001568,0,0,0.0,9052,12601,0.001568,8037679
4,2020-12-18,16313,28913,16300,28900,13,13,0,0,16313,28914,0.003597,0,0,0.0,16313,28914,0.003597,8037679
4,2020-12-19,10427,39340,10417,39317,10,23,0,0,10363,39277,0.004887,0,0,0.0,10363,39277,0.004887,8037679
4,2020-12-20,7469,46809,7456,46773,13,36,0,0,7424,46701,0.00581,0,0,0.0,7424,46701,0.00581,8037679
4,2020-12-21,16482,63291,16450,63223,32,68,0,0,16414,63114,0.007852,1,1,0.0,16414,63115,0.007852,8037679
4,2020-12-22,17272,80563,16507,79730,765,833,0,0,17227,80337,0.009995,4,5,1e-06,17227,80342,0.009996,8037679
4,2020-12-23,17248,97811,14457,94187,2791,3624,0,0,17225,97559,0.012138,3,8,1e-06,17225,97567,0.012139,8037679
4,2020-12-24,8631,106442,6002,100189,2629,6253,0,0,8630,106189,0.013211,0,8,1e-06,8630,106197,0.013212,8037679
4,2020-12-25,913,107355,808,100997,105,6358,0,0,913,107102,0.013325,0,8,1e-06,913,107110,0.013326,8037679
4,2020-12-26,6241,113596,3913,104910,2328,8686,0,0,6241,113343,0.014101,0,8,1e-06,6241,113351,0.014102,8037679
4,2020-12-27,3470,117066,2007,106917,1463,10149,0,0,3470,116813,0.014533,0,8,1e-06,3470,116821,0.014534,8037679
4,2020-12-28,15279,132345,9427,116344,5852,16001,0,0,15251,132061,0.01643,3,11,1e-06,15251,132072,0.016432,8037679
4,2020-12-29,15877,148222,8907,125251,6970,22971,0,0,15844,147904,0.018401,1,12,1e-06,15844,147916,0.018403,8037679
4,2020-12-30,19336,167558,11288,136539,8048,31019,0,0,19326,167228,0.020806,2,14,2e-06,19326,167242,0.020807,8037679
4,2020-12-31,8380,175938,3384,139923,4996,36015,0,0,8367,175586,0.021845,9,23,3e-06,8367,175609,0.021848,8037679
4,2021-01-01,1801,177739,822,140745,979,36994,0,0,1795,177377,0.022068,4,27,3e-06,1795,177404,0.022072,8037679
4,2021-01-02,5791,183530,3266,144011,2525,39519,0,0,5789,183165,0.022788,1,28,3e-06,5789,183193,0.022792,8037679
4,2021-01-03,2167,185697,1278,145289,889,40408,0,0,2153,185315,0.023056,3,31,4e-06,2153,185346,0.02306,8037679
4,2021-01-04,13094,198791,7068,152357,6026,46434,0,0,13044,198331,0.024675,28,59,7e-06,13044,198390,0.024682,8037679
4,2021-01-05,17052,215843,10095,162452,6957,53391,0,0,14815,210954,0.026246,2209,2268,0.000282,14832,213222,0.026528,8037679
4,2021-01-06,21816,237659,13366,175818,8450,61841,0,0,15645,220494,0.027433,6122,8390,0.001044,15662,228884,0.028476,8037679
4,2021-01-07,28181,265840,17189,193007,10992,72833,0,0,16793,225981,0.028115,11328,19718,0.002453,16815,245699,0.030568,8037679
4,2021-01-08,33143,298983,21270,214277,11873,84706,0,0,18461,229853,0.028597,14616,34334,0.004272,18488,264187,0.032869,8037679
4,2021-01-09,16409,315392,9707,223984,6702,91408,0,0,9535,232538,0.028931,6863,41197,0.005125,9548,273735,0.034056,8037679
4,2021-01-10,8838,324230,5703,229687,3135,94543,0,0,4201,232122,0.028879,4626,45823,0.005701,4210,277945,0.03458,8037679
4,2021-01-11,33802,358032,22198,251885,11604,106147,0,0,19051,236500,0.029424,14722,60545,0.007533,19100,297045,0.036957,8037679
4,2021-01-12,38871,396903,22412,274297,16459,122606,0,0,24468,246670,0.030689,14346,74891,0.009317,24516,321561,0.040007,8037679
4,2021-01-13,39199,436102,19429,293726,19770,142376,0,0,27744,263032,0.032725,11411,86302,0.010737,27773,349334,0.043462,8037679
4,2021-01-14,39750,475852,15322,309048,24428,166804,0,0,32485,288324,0.035872,7226,93528,0.011636,32518,381852,0.047508,8037679
4,2021-01-15,45829,521681,16028,325076,29801,196605,0,0,40152,322898,0.040173,5604,99132,0.012333,40178,422030,0.052506,8037679
4,2021-01-16,28981,550662,9440,334516,19541,216146,0,0,25803,345571,0.042994,3146,102278,0.012725,25819,447849,0.055719,8037679
4,2021-01-17,19092,569754,6611,341127,12481,228627,0,0,17423,361359,0.044958,1647,103925,0.01293,17435,465284,0.057888,8037679
4,2021-01-18,29683,599437,13748,354875,15935,244562,0,0,23645,379067,0.047161,5970,109895,0.013672,23678,488962,0.060834,8037679
4,2021-01-19,46659,646096,23313,378188,23346,267908,0,0,36922,406378,0.050559,9688,119583,0.014878,36999,525961,0.065437,8037679
4,2021-01-20,53072,699168,28338,406526,24734,292642,0,0,42381,438235,0.054523,10589,130172,0.016195,42446,568407,0.070718,8037679
4,2021-01-21,58398,757566,26256,432782,32142,324784,0,0,51507,482986,0.06009,6806,136978,0.017042,51557,619964,0.077132,8037679
4,2021-01-22,55886,813452,22414,455196,33472,358256,0,0,50621,528447,0.065746,5193,142171,0.017688,50654,670618,0.083434,8037679
4,2021-01-23,39969,853421,17431,472627,22538,380794,0,0,35582,559683,0.069632,4377,146548,0.018233,35613,706231,0.087865,8037679
4,2021-01-24,24231,877652,10549,483176,13682,394476,0,0,22314,580113,0.072174,1907,148455,0.01847,22337,728568,0.090644,8037679
4,2021-01-25,48431,926083,22357,505533,26074,420550,0,0,37142,606059,0.075402,11256,159711,0.01987,37202,765770,0.095273,8037679
4,2021-01-26,57379,983462,29236,534769,28143,448693,0,0,44956,638692,0.079462,12386,172097,0.021411,45019,810789,0.100874,8037679
4,2021-01-27,56891,1040353,27017,561786,29874,478567,0,0,45657,673251,0.083762,11153,183250,0.022799,45712,856501,0.106561,8037679
4,2021-01-28,57525,1097878,25954,587740,31571,510138,0,0,47270,710417,0.088386,10153,193403,0.024062,47319,903820,0.112448,8037679
4,2021-01-29,57359,1155237,27413,615153,29946,540084,0,0,46763,746825,0.092916,10393,203796,0.025355,46801,950621,0.118271,8037679
4,2021-01-30,38683,1193920,17345,632498,21338,561422,0,0,33244,774720,0.096386,5380,209176,0.026024,33275,983896,0.12241,8037679
4,2021-01-31,24473,1218393,12748,645246,11725,573147,0,0,22748,795784,0.099007,1702,210878,0.026236,22766,1006662,0.125243,8037679
4,2021-02-01,50353,1268746,24221,669467,26132,599279,0,0,38518,822575,0.10234,11773,222651,0.027701,38564,1045226,0.130041,8037679
4,2021-02-02,56185,1324931,25816,695283,30369,629648,0,0,43100,852733,0.106092,12996,235647,0.029318,43154,1088380,0.13541,8037679
4,2021-02-03,62767,1387698,30793,726076,31974,661622,0,0,48085,886349,0.110274,14528,250175,0.031125,48144,1136524,0.1414,8037679
4,2021-02-04,68258,1455956,31692,757768,36566,698188,0,0,51243,920871,0.114569,16837,267012,0.03322,51359,1187883,0.147789,8037679
4,2021-02-05,73894,1529850,34202,791970,39692,737880,0,0,51263,949928,0.118184,22344,289356,0.036,51401,1239284,0.154184,8037679
4,2021-02-06,49087,1578937,26347,818317,22740,760620,0,0,37427,975971,0.121424,11590,300946,0.037442,37633,1276917,0.158866,8037679
4,2021-02-07,26703,1605640,17632,835949,9071,769691,0,0,20144,989840,0.12315,6521,307467,0.038253,20390,1297307,0.161403,8037679
4,2021-02-08,59230,1664870,30426,866375,28804,798495,0,0,38425,1007867,0.125393,20661,328128,0.040824,38688,1335995,0.166217,8037679
4,2021-02-09,67890,1732760,34376,900751,33514,832009,0,0,39685,1019995,0.126902,28005,356133,0.044308,40133,1376128,0.17121,8037679
4,2021-02-10,78121,1810881,39083,939834,39038,871047,0,0,40982,1024656,0.127482,36876,393009,0.048896,41537,1417665,0.176377,8037679
4,2021-02-11,82359,1893240,42983,982817,39376,910423,0,0,41819,1026896,0.12776,40259,433268,0.053905,42499,1460164,0.181665,8037679
4,2021-02-12,85345,1978585,38263,1021080,47082,957505,0,0,43804,1030241,0.128176,41254,474522,0.059037,44599,1504763,0.187214,8037679
4,2021-02-13,59379,2037964,30036,1051116,29343,986848,0,0,30176,1032279,0.12843,29050,503572,0.062651,31088,1535851,0.191081,8037679
4,2021-02-14,37174,2075138,19315,1070431,17859,1004707,0,0,18971,1033780,0.128617,18138,521710,0.064908,19639,1555490,0.193525,8037679
4,2021-02-15,46747,2121885,21925,1092356,24822,1029529,0,0,23930,1036181,0.128915,22726,544436,0.067735,25127,1580617,0.196651,8037679
4,2021-02-16,81110,2202995,37224,1129580,43886,1073415,0,0,41111,1038675,0.129226,39842,584278,0.072692,42336,1622953,0.201918,8037679
4,2021-02-17,82464,2285459,38997,1168577,43467,1116882,0,0,39100,1035783,0.128866,43133,627411,0.078059,40241,1663194,0.206925,8037679
4,2021-02-18,84453,2369912,46499,1215076,37954,1154836,0,0,38893,1030800,0.128246,45344,672755,0.0837,40361,1703555,0.211946,8037679
4,2021-02-19,83710,2453622,52734,1267810,30976,1185812,0,0,41694,1031352,0.128315,41824,714579,0.088904,42376,1745931,0.217218,8037679
4,2021-02-20,50159,2503781,33383,1301193,16776,1202588,0,0,26995,1035988,0.128891,23070,737649,0.091774,27706,1773637,0.220665,8037679
4,2021-02-21,30545,2534326,24230,1325423,6315,1208903,0,0,14641,1035130,0.128785,15811,753460,0.093741,14953,1788590,0.222526,8037679
4,2021-02-22,55956,2590282,38415,1363838,17541,1226444,0,0,26909,1033643,0.1286,28866,782326,0.097332,27379,1815969,0.225932,8037679
4,2021-02-23,77586,2667868,43026,1406864,34560,1261004,0,0,33974,1025920,0.127639,43385,825711,0.10273,35662,1851631,0.230369,8037679
4,2021-02-24,92791,2760659,49055,1455919,43736,1304740,0,0,41628,1018854,0.12676,50875,876586,0.10906,43809,1895440,0.235819,8037679
4,2021-02-25,104417,2865076,54655,1510574,49762,1354502,0,0,49612,1016481,0.126464,54558,931144,0.115847,52185,1947625,0.242312,8037679
4,2021-02-26,110492,2975568,55822,1566396,54670,1409172,0,0,56183,1021033,0.127031,53991,985135,0.122565,58543,2006168,0.249595,8037679
4,2021-02-27,80607,3056175,43820,1610216,36775,1445947,12,12,42588,1027363,0.127818,37782,1022917,0.127265,44112,2050280,0.255084,8037679
4,2021-02-28,49820,3105995,30723,1640939,19090,1465037,7,19,27129,1032935,0.128512,22474,1045391,0.130061,28046,2078326,0.258573,8037679
4,2021-03-01,81471,3187466,47675,1688614,33742,1498779,54,73,44813,1042749,0.129733,36293,1081684,0.134577,46107,2124433,0.264309,8037679
4,2021-03-02,90204,3277670,51717,1740331,38477,1537256,10,83,52700,1059997,0.131878,37288,1118972,0.139216,54536,2178969,0.271094,8037679
4,2021-03-03,104206,3381876,55349,1795680,48837,1586093,20,103,57941,1073733,0.133587,46022,1164994,0.144942,59758,2238727,0.278529,8037679
4,2021-03-04,102490,3484366,57061,1852741,45409,1631502,20,123,55727,1084776,0.134961,46501,1211495,0.150727,57544,2296271,0.285688,8037679
4,2021-03-05,98570,3582936,53194,1905935,45048,1676550,328,451,57654,1104043,0.137358,40676,1252171,0.155788,59943,2356214,0.293146,8037679
4,2021-03-06,77629,3660565,43715,1949650,31267,1707817,2647,3098,47439,1125402,0.140016,30046,1282217,0.159526,51405,2407619,0.299542,8037679
4,2021-03-07,45142,3705707,27664,1977314,15260,1723077,2218,5316,26292,1136209,0.14136,18758,1300975,0.16186,29565,2437184,0.30322,8037679
4,2021-03-08,68638,3774345,35853,2013167,29383,1752460,3402,8718,44996,1162395,0.144618,23496,1324471,0.164783,49682,2486866,0.309401,8037679
4,2021-03-09,82707,3857052,41753,2054920,35655,1788115,5299,14017,44564,1175322,0.146227,37942,1362413,0.169503,50869,2537735,0.31573,8037679
4,2021-03-10,92706,3949758,47832,2102752,37309,1825424,7565,21582,46597,1184436,0.14736,45886,1408299,0.175212,55000,2592735,0.322573,8037679
4,2021-03-11,101748,4051506,53334,2156086,39860,1865284,8554,30136,46897,1186269,0.147589,54567,1462866,0.182001,56400,2649135,0.32959,8037679
4,2021-03-12,105550,4157056,51971,2208057,43210,1908494,10369,40505,45136,1182400,0.147107,60105,1522971,0.189479,56236,2705371,0.336586,8037679
4,2021-03-13,82208,4239264,38062,2246119,35601,1944095,8545,49050,38881,1187617,0.147756,43174,1566145,0.19485,48391,2753762,0.342607,8037679
4,2021-03-14,50174,4289438,28569,2274688,17955,1962050,3650,52700,23435,1188628,0.147882,26632,1592777,0.198164,27643,2781405,0.346046,8037679
4,2021-03-15,84341,4373779,45365,2320053,34680,1996730,4296,56996,42725,1195104,0.148688,41314,1634091,0.203304,47790,2829195,0.351992,8037679
4,2021-03-16,108647,4482426,56510,2376563,48696,2045426,3441,60437,57025,1204860,0.149901,51342,1685433,0.209692,61098,2890293,0.359593,8037679
4,2021-03-17,108134,4590560,58217,2434780,46399,2091825,3518,63955,63046,1227119,0.152671,44788,1730221,0.215264,67047,2957340,0.367935,8037679
4,2021-03-18,107986,4698546,59908,2494688,44355,2136180,3723,67678,60895,1245306,0.154934,46794,1777015,0.221086,64981,3022321,0.376019,8037679
4,2021-03-19,112456,4811002,64693,2559381,42519,2178699,5244,72922,63634,1265992,0.157507,48515,1825530,0.227122,69201,3091522,0.384629,8037679
4,2021-03-20,84939,4895941,49735,2609116,32161,2210860,3043,75965,51769,1288084,0.160256,32978,1858508,0.231224,55070,3146592,0.39148,8037679
4,2021-03-21,48604,4944545,35219,2644335,11125,2221985,2260,78225,28301,1298822,0.161592,20153,1878661,0.233732,30891,3177483,0.395323,8037679
4,2021-03-22,83307,5027852,54367,2698702,26186,2248171,2754,80979,51352,1321935,0.164467,31671,1910332,0.237672,54784,3232267,0.402139,8037679
4,2021-03-23,105910,5133762,63429,2762131,40322,2288493,2159,83138,62057,1343126,0.167104,43552,1953884,0.243091,64743,3297010,0.410194,8037679
4,2021-03-24,114580,5248342,73873,2836004,38266,2326759,2441,85579,63703,1359272,0.169113,50408,2004292,0.249362,66554,3363564,0.418475,8037679
4,2021-03-25,118231,5366573,72718,2908722,43089,2369848,2424,88003,66285,1377014,0.17132,51435,2055727,0.255761,69177,3432741,0.427081,8037679
4,2021-03-26,120970,5487543,73323,2982045,44592,2414440,3055,91058,65172,1390408,0.172986,55392,2111119,0.262653,68786,3501527,0.435639,8037679
4,2021-03-27,92860,5580403,54706,3036751,36341,2450781,1813,92871,46793,1393677,0.173393,45791,2156910,0.26835,49060,3550587,0.441743,8037679
4,2021-03-28,56308,5636711,37206,3073957,18225,2469006,877,93748,29645,1398094,0.173943,26471,2183381,0.271643,30888,3581475,0.445586,8037679
4,2021-03-29,94738,5731449,56730,3130687,35902,2504908,2106,95854,50679,1407663,0.175133,43761,2227142,0.277088,53330,3634805,0.452221,8037679
4,2021-03-30,118268,5849717,64554,3195241,49530,2554438,4184,100038,69621,1433482,0.178345,48368,2275510,0.283105,74187,3708992,0.461451,8037679
4,2021-03-31,122054,5971771,72023,3267264,43699,2598137,6332,106370,68007,1454329,0.180939,53655,2329165,0.289781,74502,3783494,0.47072,8037679
4,2021-04-01,143749,6115520,81913,3349177,48453,2646590,13383,119753,84253,1492829,0.185729,58939,2388104,0.297114,97439,3880933,0.482842,8037679
4,2021-04-02,137664,6253184,73564,3422741,50447,2697037,13653,133406,79114,1527406,0.190031,58221,2446325,0.304357,92798,3973731,0.494388,8037679
4,2021-04-03,101768,6354952,54380,3477121,33884,2730921,13504,146910,52989,1545346,0.192263,48554,2494879,0.310398,66494,4040225,0.502661,8037679
4,2021-04-04,47112,6402064,24874,3501995,14691,2745612,7547,154457,20529,1546801,0.192444,26461,2521340,0.31369,27916,4068141,0.506134,8037679
4,2021-04-05,110436,6512500,61963,3563958,35545,2781157,12928,167385,57221,1564378,0.194631,52962,2574302,0.320279,70539,4138680,0.51491,8037679
4,2021-04-06,139784,6652284,78657,3642615,41232,2822389,19895,187280,72396,1589937,0.19781,67121,2641423,0.32863,92680,4231360,0.526441,8037679
4,2021-04-07,138476,6790760,78479,3721094,39165,2861554,20832,208112,71556,1615782,0.201026,66635,2708058,0.33692,92480,4323840,0.537946,8037679
4,2021-04-08,140945,6931705,78532,3799626,36826,2898380,25587,233699,70179,1641420,0.204216,70436,2778494,0.345684,96074,4419914,0.549899,8037679
4,2021-04-09,138565,7070270,75949,3875575,39442,2937822,23174,256873,66155,1659373,0.206449,72128,2850622,0.354657,90081,4509995,0.561107,8037679
4,2021-04-10,104355,7174625,51454,3927029,33913,2971735,18988,275861,47098,1669280,0.207682,57023,2907645,0.361752,66930,4576925,0.569434,8037679
4,2021-04-11,62961,7237586,38219,3965248,13512,2985247,11230,287091,27541,1673686,0.20823,35294,2942939,0.366143,39700,4616625,0.574373,8037679
4,2021-04-12,103477,7341063,62892,4028140,30324,3015571,10261,297352,52106,1686162,0.209782,51043,2993982,0.372493,63519,4680144,0.582276,8037679
4,2021-04-13,131167,7472230,82322,4110462,48676,3064247,169,297521,78350,1713047,0.213127,52496,3046478,0.379025,79381,4759525,0.592152,8037679
4,2021-04-14,136723,7608953,87242,4197704,49400,3113647,81,297602,75645,1729274,0.215146,60728,3107206,0.38658,76955,4836480,0.601726,8037679
4,2021-04-15,156804,7765757,104233,4301937,52495,3166142,76,297678,95887,1765528,0.219656,60497,3167703,0.394107,96751,4933231,0.613763,8037679
4,2021-04-16,144195,7909952,91374,4393311,52742,3218884,79,297757,83536,1789565,0.222647,60302,3228005,0.401609,84339,5017570,0.624256,8037679
4,2021-04-17,101871,8011823,63936,4457247,37907,3256791,28,297785,59529,1808250,0.224972,42039,3270044,0.406839,60724,5078294,0.631811,8037679
4,2021-04-18,57216,8069039,38705,4495952,18506,3275297,5,297790,32105,1816364,0.225981,24956,3295000,0.409944,33070,5111364,0.635925,8037679
4,2021-04-19,101615,8170654,66927,4562879,34667,3309964,21,297811,51393,1818420,0.226237,49958,3344958,0.41616,52014,5163378,0.642397,8037679
4,2021-04-20,131945,8302599,78547,4641426,53379,3363343,19,297830,68284,1824504,0.226994,63305,3408263,0.424036,69389,5232767,0.65103,8037679
4,2021-04-21,135109,8437708,88181,4729607,46867,3410210,61,297891,67894,1826797,0.227279,66778,3475041,0.432344,69071,5301838,0.659623,8037679
4,2021-04-22,142206,8579914,94360,4823967,47822,3458032,24,297915,63400,1812995,0.225562,78369,3553410,0.442094,64567,5366405,0.667656,8037679
4,2021-04-23,135601,8715515,88224,4912191,47351,3505383,26,297941,58703,1796425,0.2235,76502,3629912,0.451612,59932,5426337,0.675112,8037679
4,2021-04-24,99262,8814777,66999,4979190,32212,3537595,51,297992,45642,1789898,0.222688,53302,3683214,0.458243,46775,5473112,0.680932,8037679
4,2021-04-25,50559,8865336,35636,5014826,14897,3552492,26,298018,26373,1792726,0.22304,24027,3707241,0.461233,26855,5499967,0.684273,8037679
4,2021-04-26,92494,8957830,60687,5075513,31405,3583897,402,298420,36276,1774857,0.220817,55888,3763129,0.468186,38019,5537986,0.689003,8037679
4,2021-04-27,114335,9072165,69895,5145408,42118,3626015,2322,300742,41088,1746169,0.217248,72905,3836034,0.477256,44217,5582203,0.694504,8037679
4,2021-04-28,104898,9177063,68525,5213933,33827,3659842,2546,303288,38291,1721436,0.214171,66240,3902274,0.485498,41507,5623710,0.699668,8037679
4,2021-04-29,106291,9283354,67883,5281816,35867,3695709,2541,305829,34270,1687202,0.209912,71650,3973924,0.494412,37416,5661126,0.704323,8037679
4,2021-04-30,106024,9389378,67171,5348987,36141,3731850,2712,308541,36392,1657756,0.206248,69214,4043138,0.503023,39768,5700894,0.709271,8037679
4,2021-05-01,69975,9459353,46442,5395429,21746,3753596,1787,310328,20397,1631299,0.202956,49268,4092406,0.509153,22811,5723705,0.712109,8037679
4,2021-05-02,37827,9497180,26848,5422277,9680,3763276,1299,311627,10592,1616220,0.20108,27108,4119514,0.512525,12029,5735734,0.713606,8037679
4,2021-05-03,79597,9576777,55519,5477796,21579,3784855,2499,314126,19284,1578327,0.196366,60035,4179549,0.519995,22142,5757876,0.716361,8037679
4,2021-05-04,101811,9678588,69692,5547488,29334,3814189,2785,316911,22721,1525454,0.189788,78763,4258312,0.529794,25890,5783766,0.719582,8037679
4,2021-05-05,102669,9781257,72379,5619867,27533,3841722,2757,319668,21866,1469937,0.182881,80445,4338757,0.539802,24928,5808694,0.722683,8037679
4,2021-05-06,112473,9893730,84280,5704147,25239,3866961,2954,322622,19670,1401384,0.174352,92301,4431058,0.551286,23748,5832442,0.725638,8037679
4,2021-05-07,105371,9999101,75748,5779895,26933,3893894,2690,325312,20729,1340973,0.166836,84240,4515298,0.561766,23829,5856271,0.728602,8037679
4,2021-05-08,70170,10069271,48394,5828289,19841,3913735,1935,327247,13863,1301055,0.161869,56059,4571357,0.568741,16141,5872412,0.73061,8037679
4,2021-05-09,34473,10103744,28209,5856498,5316,3919051,948,328195,7458,1282655,0.15958,26898,4598255,0.572087,8498,5880910,0.731668,8037679
4,2021-05-10,65399,10169143,43790,5900288,19280,3938331,2329,330524,11060,1242237,0.154552,54105,4652360,0.578819,13687,5894597,0.733371,8037679
4,2021-05-11,83578,10252721,52312,5952600,29068,3967399,2198,332722,15863,1193390,0.148474,67450,4719810,0.587211,18603,5913200,0.735685,8037679
4,2021-05-12,80110,10332831,53271,6005871,24359,3991758,2480,335202,16637,1149803,0.143052,63155,4782965,0.595068,19568,5932768,0.73812,8037679
4,2021-05-13,105094,10437925,77359,6083230,26198,4017956,1537,336739,40669,1128991,0.140462,64074,4847039,0.60304,43262,5976030,0.743502,8037679
4,2021-05-14,105401,10543326,74423,6157653,28843,4046799,2135,338874,40551,1107713,0.137815,64503,4911542,0.611065,43225,6019255,0.74888,8037679
4,2021-05-15,86046,10629372,66518,6224171,18189,4064988,1339,340213,37942,1099449,0.136787,47846,4959388,0.617017,39582,6058837,0.753804,8037679
4,2021-05-16,51795,10681167,41729,6265900,9348,4074336,718,340931,21243,1091157,0.135755,30394,4989782,0.620799,22102,6080939,0.756554,8037679
4,2021-05-17,71451,10752618,52183,6318083,17423,4091759,1845,342776,28207,1078425,0.134171,43023,5032805,0.626152,30291,6111230,0.760323,8037679
4,2021-05-18,82071,10834689,53347,6371430,26967,4118726,1757,344533,29293,1057444,0.131561,52404,5085209,0.632671,31423,6142653,0.764232,8037679
4,2021-05-19,77133,10911822,52128,6423558,23051,4141777,1954,346487,30958,1044784,0.129986,45856,5131065,0.638376,33196,6175849,0.768362,8037679
4,2021-05-20,69362,10981184,44589,6468147,22763,4164540,2010,348497,25702,1029486,0.128082,43357,5174422,0.643771,28059,6203908,0.771853,8037679
4,2021-05-21,74068,11055252,48825,6516972,23363,4187903,1880,350377,26104,1010095,0.12567,47642,5222064,0.649698,28251,6232159,0.775368,8037679
4,2021-05-22,50152,11105404,35177,6552149,13698,4201601,1277,351654,21775,1005181,0.125059,28204,5250268,0.653207,23290,6255449,0.778266,8037679
4,2021-05-23,23995,11129399,17110,6569259,6160,4207761,725,352379,9730,1001611,0.124614,14137,5264405,0.654966,10567,6266016,0.77958,8037679
4,2021-05-24,43241,11172640,27489,6596748,12738,4220499,3014,355393,15122,992061,0.123426,27886,5292291,0.658435,18336,6284352,0.781862,8037679
4,2021-05-25,45018,11217658,27977,6624725,14209,4234708,2832,358225,15899,982152,0.122193,28864,5321155,0.662026,18955,6303307,0.78422,8037679
4,2021-05-26,44688,11262346,26773,6651498,15304,4250012,2611,360836,15848,972172,0.120952,28611,5349766,0.665586,18631,6321938,0.786538,8037679
4,2021-05-27,38967,11301313,23356,6674854,12469,4262481,3142,363978,14646,966014,0.120186,24109,5373875,0.668585,17951,6339889,0.788771,8037679
4,2021-05-28,43422,11344735,27630,6702484,14183,4276664,1609,365587,18896,962490,0.119747,24250,5398125,0.671602,20726,6360615,0.79135,8037679
4,2021-05-29,23719,11368454,15379,6717863,7406,4284070,934,366521,10870,961731,0.119653,12696,5410821,0.673182,11937,6372552,0.792835,8037679
4,2021-05-30,12102,11380556,8497,6726360,3075,4287145,530,367051,5015,960331,0.119479,7012,5417833,0.674054,5612,6378164,0.793533,8037679
4,2021-05-31,3617,11384173,2298,6728658,1156,4288301,163,367214,1155,959264,0.119346,2406,5420239,0.674354,1339,6379503,0.7937,8037679
4,2021-06-01,39498,11423671,24534,6753192,12518,4300819,2446,369660,13003,948668,0.118028,26261,5446500,0.677621,15665,6395168,0.795649,8037679
4,2021-06-02,32659,11456330,20387,6773579,9463,4310282,2809,372469,10874,940901,0.117061,21595,5468095,0.680308,13828,6408996,0.797369,8037679
4,2021-06-03,48128,11504458,36911,6810490,8757,4319039,2460,374929,10313,916352,0.114007,37635,5505730,0.68499,13086,6422082,0.798997,8037679
4,2021-06-04,54857,11559315,44153,6854643,9373,4328412,1331,376260,12695,889275,0.110638,41914,5547644,0.690205,14837,6436919,0.800843,8037679
4,2021-06-05,44843,11604158,38390,6893033,5456,4333868,997,377257,8711,863312,0.107408,35973,5583617,0.69468,10010,6446929,0.802088,8037679
4,2021-06-06,21248,11625406,18954,6911987,1729,4335597,565,377822,3916,850968,0.105872,17224,5600841,0.696823,4880,6451809,0.802696,8037679
4,2021-06-07,38730,11664136,31338,6943325,5467,4341064,1925,379747,8380,831356,0.103432,30209,5631050,0.700582,10597,6462406,0.804014,8037679
4,2021-06-08,40632,11704768,31870,6975195,6213,4347277,2549,382296,9410,812628,0.101102,31028,5662078,0.704442,12300,6474706,0.805544,8037679
4,2021-06-09,38962,11743730,30885,7006080,5713,4352990,2364,384660,7913,792383,0.098584,30876,5692954,0.708283,10631,6485337,0.806867,8037679
4,2021-06-10,37155,11780885,29269,7035349,5261,4358251,2625,387285,8376,775031,0.096425,28616,5721570,0.711844,11264,6496601,0.808268,8037679
4,2021-06-11,38329,11819214,30067,7065416,6244,4364495,2018,389303,9848,758928,0.094421,28318,5749888,0.715367,12215,6508816,0.809788,8037679
4,2021-06-12,26580,11845794,22102,7087518,3764,4368259,714,390017,6009,745410,0.092739,20460,5770348,0.717912,6942,6515758,0.810652,8037679
4,2021-06-13,10835,11856629,8559,7096077,1799,4370058,477,390494,2268,739766,0.092037,8498,5778846,0.718969,2854,6518612,0.811007,8037679
4,2021-06-14,28580,11885209,21370,7117447,4402,4374460,2808,393302,7761,729875,0.090807,20677,5799523,0.721542,10786,6529398,0.812349,8037679
4,2021-06-15,29949,11915158,21157,7138604,5385,4379845,3407,396709,8267,720291,0.089614,21514,5821037,0.724219,11930,6541328,0.813833,8037679
4,2021-06-16,26586,11941744,20029,7158633,3932,4383777,2625,399334,7995,712713,0.088671,18407,5839444,0.726509,10829,6552157,0.81518,8037679
4,2021-06-17,25149,11966893,18561,7177194,3691,4387468,2897,402231,7604,706052,0.087843,17355,5856799,0.728668,10694,6562851,0.816511,8037679
4,2021-06-18,26763,11993656,21102,7198296,4427,4391895,1234,403465,8248,697471,0.086775,18310,5875109,0.730946,9729,6572580,0.817721,8037679
4,2021-06-19,15768,12009424,12753,7211049,2308,4394203,707,404172,5059,692847,0.0862,10560,5885669,0.73226,5936,6578516,0.81846,8037679
4,2021-06-20,7361,12016785,6059,7217108,995,4395198,307,404479,2616,691168,0.085991,4686,5890355,0.732843,3007,6581523,0.818834,8037679
4,2021-06-21,14594,12031379,10546,7227654,2908,4398106,1140,405619,7333,692632,0.086173,7170,5897525,0.733735,8634,6590157,0.819908,8037679
4,2021-06-22,20498,12051877,15959,7243613,3458,4401564,1081,406700,7106,687709,0.085561,13261,5910786,0.735385,8338,6598495,0.820945,8037679
4,2021-06-23,18411,12070288,14444,7258057,2972,4404536,995,407695,6707,683973,0.085096,11563,5922349,0.736823,7827,6606322,0.821919,8037679
4,2021-06-24,17601,12087889,13605,7271662,3005,4407541,991,408686,6566,680786,0.084699,10879,5933228,0.738177,7692,6614014,0.822876,8037679
4,2021-06-25,21574,12109463,16941,7288603,3584,4411125,1049,409735,7805,676179,0.084126,13629,5946857,0.739872,9022,6623036,0.823999,8037679
4,2021-06-26,13091,12122554,10655,7299258,1818,4412943,618,410353,4815,673571,0.083802,8152,5955009,0.740887,5544,6628580,0.824688,8037679
4,2021-06-27,6844,12129398,5542,7304800,959,4413902,343,410696,2874,672913,0.08372,3930,5958939,0.741376,3272,6631852,0.825095,8037679
4,2021-06-28,15075,12144473,12651,7317451,1568,4415470,856,411552,6039,670996,0.083481,8938,5967877,0.742488,7021,6638873,0.825969,8037679
4,2021-06-29,16474,12160947,12777,7330228,2885,4418355,812,412364,6340,668257,0.083141,10013,5977890,0.743733,7274,6646147,0.826874,8037679
4,2021-06-30,14597,12175544,11380,7341608,2480,4420835,737,413101,6053,666752,0.082953,8413,5986303,0.74478,6908,6653055,0.827733,8037679
4,2021-07-01,14465,12190009,11405,7353013,2315,4423150,745,413846,5923,665138,0.082752,8419,5994722,0.745827,6805,6659860,0.82858,8037679
4,2021-07-02,16785,12206794,13310,7366323,2710,4425860,765,414611,6856,663062,0.082494,9825,6004547,0.74705,7749,6667609,0.829544,8037679
4,2021-07-03,9175,12215969,7281,7373604,1486,4427346,408,415019,3971,662375,0.082409,5124,6009671,0.747687,4437,6672046,0.830096,8037679
4,2021-07-04,440,12216409,274,7373878,106,4427452,60,415079,195,662402,0.082412,239,6009910,0.747717,266,6672312,0.830129,8037679
4,2021-07-05,9177,12225586,7460,7381338,1301,4428753,416,415495,4157,662083,0.082372,4941,6014851,0.748332,4622,6676934,0.830704,8037679
4,2021-07-06,16472,12242058,12969,7394307,2702,4431455,801,416296,6063,658774,0.081961,10285,6025136,0.749611,6976,6683910,0.831572,8037679
4,2021-07-07,13736,12255794,10718,7405025,2240,4433695,778,417074,5182,656413,0.081667,8443,6033579,0.750662,6082,6689992,0.832329,8037679
4,2021-07-08,13207,12269001,10314,7415339,2064,4435759,829,417903,5179,654607,0.081442,7904,6041483,0.751645,6098,6696090,0.833088,8037679
4,2021-07-09,15412,12284413,11819,7427158,2656,4438415,937,418840,6265,652927,0.081233,8998,6050481,0.752765,7318,6703408,0.833998,8037679
4,2021-07-10,8838,12293251,6991,7434149,1448,4439863,399,419239,3711,652057,0.081125,5040,6055521,0.753392,4170,6707578,0.834517,8037679
4,2021-07-11,4971,12298222,3979,7438128,791,4440654,201,419440,2226,651812,0.081095,2702,6058223,0.753728,2457,6710035,0.834822,8037679
4,2021-07-12,13025,12311247,10315,7448443,1992,4442646,718,420158,5061,649807,0.080845,7886,6066109,0.754709,5881,6715916,0.835554,8037679
4,2021-07-13,12807,12324054,9800,7458243,2375,4445021,632,420790,5451,648738,0.080712,7248,6073357,0.755611,6179,6722095,0.836323,8037679
4,2021-07-14,11692,12335746,9207,7467450,1936,4446957,549,421339,5057,647869,0.080604,6544,6079901,0.756425,5675,6727770,0.837029,8037679
4,2021-07-15,12414,12348160,9863,7477313,1965,4448922,586,421925,5646,647531,0.080562,6642,6086543,0.757251,6304,6734074,0.837813,8037679
4,2021-07-16,14984,12363144,11688,7489001,2628,4451550,668,422593,6918,647259,0.080528,7965,6094508,0.758242,7693,6741767,0.83877,8037679
4,2021-07-17,9358,12372502,7396,7496397,1637,4453187,325,422918,4433,647233,0.080525,4826,6099334,0.758843,4800,6746567,0.839368,8037679
4,2021-07-18,5344,12377846,4300,7500697,844,4454031,200,423118,2527,647223,0.080524,2758,6102092,0.759186,2748,6749315,0.839709,8037679
4,2021-07-19,12787,12390633,10141,7510838,1993,4456024,653,423771,6073,647406,0.080546,6622,6108714,0.76001,6805,6756120,0.840556,8037679
4,2021-07-20,13733,12404366,10591,7521429,2478,4458502,664,424435,6770,648105,0.080633,6817,6115531,0.760858,7516,6763636,0.841491,8037679
4,2021-07-21,12816,12417182,9940,7531369,2227,4460729,649,425084,6378,648888,0.080731,6301,6121832,0.761642,7084,6770720,0.842373,8037679
4,2021-07-22,13468,12430650,10516,7541885,2299,4463028,653,425737,7019,650306,0.080907,6316,6128148,0.762428,7734,6778454,0.843335,8037679
4,2021-07-23,15683,12446333,12105,7553990,2888,4465916,690,426427,8236,652042,0.081123,7276,6135424,0.763333,9012,6787466,0.844456,8037679
4,2021-07-24,9563,12455896,7491,7561481,1745,4467661,327,426754,4926,652847,0.081223,4499,6139923,0.763893,5304,6792770,0.845116,8037679
4,2021-07-25,4750,12460646,3737,7565218,857,4468518,156,426910,3350,655024,0.081494,1344,6141267,0.76406,3521,6796291,0.845554,8037679
4,2021-07-26,12949,12473595,10136,7575354,2133,4470651,680,427590,7540,658033,0.081869,5265,6146532,0.764715,8274,6804565,0.846583,8037679
4,2021-07-27,14301,12487896,10957,7586311,2585,4473236,759,428349,7720,660126,0.082129,6426,6152958,0.765514,8519,6813084,0.847643,8037679
4,2021-07-28,13177,12501073,10059,7596370,2420,4475656,698,429047,7317,662507,0.082425,5690,6158648,0.766222,8071,6821155,0.848647,8037679
4,2021-07-29,13475,12514548,10481,7606851,2281,4477937,713,429760,7572,665193,0.082759,5678,6164326,0.766929,8364,6829519,0.849688,8037679
4,2021-07-30,15769,12530317,12096,7618947,2885,4480822,788,430548,8575,667829,0.083087,6831,6171157,0.767778,9467,6838986,0.850866,8037679
4,2021-07-31,9738,12540055,7601,7626548,1718,4482540,419,430967,5513,669775,0.083329,4027,6175184,0.768279,5973,6844959,0.851609,8037679
4,2021-08-01,5422,12545477,4482,7631030,773,4483313,167,431134,3205,671070,0.083491,2111,6177295,0.768542,3406,6848365,0.852033,8037679
4,2021-08-02,14040,12559517,11214,7642244,2088,4485401,738,431872,8200,674448,0.083911,5629,6182924,0.769242,9007,6857372,0.853153,8037679
4,2021-08-03,14661,12574178,11271,7653515,2631,4488032,759,432631,8439,677724,0.084318,5997,6188921,0.769989,9273,6866645,0.854307,8037679
4,2021-08-04,13338,12587516,10392,7663907,2258,4490290,688,433319,7550,680427,0.084655,5576,6194497,0.770682,8279,6874924,0.855337,8037679
4,2021-08-05,14314,12601830,11302,7675209,2250,4492540,762,434081,8054,683283,0.08501,6010,6200507,0.77143,8866,6883790,0.85644,8037679
4,2021-08-06,17148,12618978,13184,7688393,3106,4495646,858,434939,9570,686521,0.085413,7259,6207766,0.772333,10497,6894287,0.857746,8037679
4,2021-08-07,10158,12629136,8076,7696469,1644,4497290,438,435377,5540,688103,0.08561,4438,6212204,0.772885,6020,6900307,0.858495,8037679
4,2021-08-08,6224,12635360,4951,7701420,1072,4498362,201,435578,3593,689432,0.085775,2495,6214699,0.773196,3824,6904131,0.858971,8037679
4,2021-08-09,14512,12649872,11764,7713184,2020,4500382,728,436306,7775,691497,0.086032,6513,6221212,0.774006,8578,6912709,0.860038,8037679
4,2021-08-10,14734,12664606,11367,7724551,2632,4503014,735,437041,7801,693407,0.08627,6690,6227902,0.774838,8600,6921309,0.861108,8037679
4,2021-08-11,12463,12677069,9567,7734118,2152,4505166,744,437785,6500,694970,0.086464,5711,6233613,0.775549,7274,6928583,0.862013,8037679
4,2021-08-12,13902,12690971,10595,7744713,2579,4507745,728,438513,7169,696508,0.086655,6404,6240017,0.776346,7942,6936525,0.863001,8037679
4,2021-08-13,17323,12708294,12888,7757601,3613,4511358,822,439335,8580,697881,0.086826,8099,6248116,0.777353,9472,6945997,0.864179,8037679
4,2021-08-14,11984,12720278,8553,7766154,2947,4514305,484,439819,5451,698998,0.086965,4874,6252990,0.77796,5991,6951988,0.864925,8037679
4,2021-08-15,3172,12723450,2072,7768226,912,4515217,188,440007,1288,699133,0.086982,1359,6254349,0.778129,1494,6953482,0.865111,8037679
