vemquartile,administered_date,total_doses,cumulative_total_doses,pfizer_doses,cumulative_pfizer_doses,moderna_doses,cumulative_moderna_doses,jj_doses,cumulative_jj_doses,partially_vaccinated,total_partially_vaccinated,pct_age12pop_partially_vaccinated,fully_vaccinated,cumulative_fully_vaccinated,pct_age12pop_fully_vaccinated,at_least_one_dose,cumulative_at_least_one_dose,pct_age12pop_at_least_one_dose,age12_population
1,2020-12-15,154,154,154,154,0,0,0,0,154,154,1.8e-05,0,0,0.0,154,154,1.8e-05,8700223
1,2020-12-16,1256,1410,1256,1410,0,0,0,0,1255,1409,0.000162,0,0,0.0,1255,1409,0.000162,8700223
1,2020-12-17,4163,5573,4163,5573,0,0,0,0,4165,5574,0.000641,0,0,0.0,4165,5574,0.000641,8700223
1,2020-12-18,6400,11973,6376,11949,24,24,0,0,6405,11978,0.001377,1,1,0.0,6405,11979,0.001377,8700223
1,2020-12-19,2888,14861,2885,14834,3,27,0,0,2887,14864,0.001708,1,2,0.0,2887,14866,0.001709,8700223
1,2020-12-20,2135,16996,2123,16957,12,39,0,0,2137,17001,0.001954,0,2,0.0,2137,17003,0.001954,8700223
1,2020-12-21,7696,24692,7676,24633,20,59,0,0,7745,24746,0.002844,1,3,0.0,7746,24749,0.002845,8700223
1,2020-12-22,7366,32058,7017,31650,349,408,0,0,7366,32110,0.003691,2,5,1e-06,7366,32115,0.003691,8700223
1,2020-12-23,7925,39983,6647,38297,1278,1686,0,0,7923,40032,0.004601,2,7,1e-06,7924,40039,0.004602,8700223
1,2020-12-24,3312,43295,2364,40661,948,2634,0,0,3312,43344,0.004982,0,7,1e-06,3312,43351,0.004983,8700223
1,2020-12-25,239,43534,155,40816,84,2718,0,0,239,43583,0.005009,0,7,1e-06,239,43590,0.00501,8700223
1,2020-12-26,1378,44912,980,41796,398,3116,0,0,1377,44959,0.005168,1,8,1e-06,1377,44967,0.005168,8700223
1,2020-12-27,883,45795,547,42343,336,3452,0,0,883,45841,0.005269,1,9,1e-06,883,45850,0.00527,8700223
1,2020-12-28,7132,52927,4789,47132,2343,5795,0,0,7129,52970,0.006088,0,9,1e-06,7129,52979,0.006089,8700223
1,2020-12-29,9078,62005,5055,52187,4023,9818,0,0,9074,62042,0.007131,2,11,1e-06,9074,62053,0.007132,8700223
1,2020-12-30,11778,73783,6558,58745,5220,15038,0,0,11774,73813,0.008484,3,14,2e-06,11774,73827,0.008486,8700223
1,2020-12-31,6052,79835,1970,60715,4082,19120,0,0,6049,79858,0.009179,5,19,2e-06,6050,79877,0.009181,8700223
1,2021-01-01,648,80483,264,60979,384,19504,0,0,644,80500,0.009253,2,21,2e-06,644,80521,0.009255,8700223
1,2021-01-02,2938,83421,1774,62753,1164,20668,0,0,2938,83438,0.00959,0,21,2e-06,2938,83459,0.009593,8700223
1,2021-01-03,1064,84485,557,63310,507,21175,0,0,1062,84497,0.009712,3,24,3e-06,1062,84521,0.009715,8700223
1,2021-01-04,7411,91896,3608,66918,3803,24978,0,0,7414,91909,0.010564,2,26,3e-06,7414,91935,0.010567,8700223
1,2021-01-05,10993,102889,5301,72219,5692,30670,0,0,10191,101342,0.011648,783,809,9.3e-05,10216,102151,0.011741,8700223
1,2021-01-06,14170,117059,7099,79318,7071,37741,0,0,12215,111657,0.012834,1918,2727,0.000313,12233,114384,0.013147,8700223
1,2021-01-07,17630,134689,9163,88481,8467,46208,0,0,13108,120348,0.013833,4430,7157,0.000823,13121,127505,0.014655,8700223
1,2021-01-08,20229,154918,10469,98950,9760,55968,0,0,14257,128670,0.014789,5954,13111,0.001507,14276,141781,0.016296,8700223
1,2021-01-09,6707,161625,3418,102368,3289,59257,0,0,4825,131623,0.015129,1875,14986,0.001722,4828,146609,0.016851,8700223
1,2021-01-10,3109,164734,1773,104141,1336,60593,0,0,1909,132346,0.015212,1187,16173,0.001859,1910,148519,0.017071,8700223
1,2021-01-11,18212,182946,11902,116043,6310,66903,0,0,11583,137360,0.015788,6613,22786,0.002619,11627,160146,0.018407,8700223
1,2021-01-12,19246,202192,11015,127058,8231,75134,0,0,13176,144554,0.016615,6028,28814,0.003312,13222,173368,0.019927,8700223
1,2021-01-13,19907,222099,10765,137823,9142,84276,0,0,14725,154144,0.017717,5155,33969,0.003904,14745,188113,0.021622,8700223
1,2021-01-14,22191,244290,9540,147363,12651,96927,0,0,19344,170775,0.019629,2777,36746,0.004224,19408,207521,0.023852,8700223
1,2021-01-15,25300,269590,9270,156633,16030,112957,0,0,23334,192255,0.022098,1923,38669,0.004445,23403,230924,0.026542,8700223
1,2021-01-16,13962,283552,4574,161207,9388,122345,0,0,13060,204426,0.023497,894,39563,0.004547,13065,243989,0.028044,8700223
1,2021-01-17,5215,288767,2043,163250,3172,125517,0,0,4838,208891,0.02401,376,39939,0.004591,4841,248830,0.0286,8700223
1,2021-01-18,14419,303186,8654,171904,5765,131282,0,0,11201,216947,0.024936,3204,43143,0.004959,11260,260090,0.029895,8700223
1,2021-01-19,24829,328015,12939,184843,11890,143172,0,0,19533,231269,0.026582,5269,48412,0.005564,19591,279681,0.032146,8700223
1,2021-01-20,29526,357541,14793,199636,14733,157905,0,0,23544,248960,0.028615,5897,54309,0.006242,23588,303269,0.034858,8700223
1,2021-01-21,31393,388934,14803,214439,16590,174495,0,0,27992,273729,0.031462,3329,57638,0.006625,28098,331367,0.038087,8700223
1,2021-01-22,28503,417437,11338,225777,17165,191660,0,0,26395,298111,0.034265,2043,59681,0.00686,26425,357792,0.041124,8700223
1,2021-01-23,18728,436165,8208,233985,10520,202180,0,0,16756,312935,0.035969,1943,61624,0.007083,16767,374559,0.043052,8700223
1,2021-01-24,6684,442849,4170,238155,2514,204694,0,0,6019,318302,0.036585,657,62281,0.007159,6024,380583,0.043744,8700223
1,2021-01-25,25588,468437,10566,248721,15022,219716,0,0,19727,332332,0.038198,5812,68093,0.007827,19842,400425,0.046025,8700223
1,2021-01-26,28937,497374,13571,262292,15366,235082,0,0,22115,347714,0.039966,6760,74853,0.008604,22142,422567,0.04857,8700223
1,2021-01-27,32807,530181,15625,277917,17182,252264,0,0,24564,364194,0.04186,8173,83026,0.009543,24653,447220,0.051403,8700223
1,2021-01-28,35094,565275,16528,294445,18566,270830,0,0,28014,385329,0.04429,7010,90036,0.010349,28145,475365,0.054638,8700223
1,2021-01-29,33854,599129,16551,310996,17303,288133,0,0,27115,405952,0.04666,6590,96626,0.011106,27213,502578,0.057766,8700223
1,2021-01-30,20234,619363,8759,319755,11475,299608,0,0,18000,421837,0.048486,2201,98827,0.011359,18086,520664,0.059845,8700223
1,2021-01-31,7724,627087,5020,324775,2704,302312,0,0,6998,428121,0.049208,717,99544,0.011442,7001,527665,0.06065,8700223
1,2021-02-01,29216,656303,12610,337385,16606,318918,0,0,21306,441578,0.050755,7859,107403,0.012345,21316,548981,0.0631,8700223
1,2021-02-02,32877,689180,11880,349265,20997,339915,0,0,24535,457898,0.052631,8253,115656,0.013293,24573,573554,0.065924,8700223
1,2021-02-03,39761,728941,15286,364551,24475,364390,0,0,28502,475417,0.054644,11084,126740,0.014567,28603,602157,0.069212,8700223
1,2021-02-04,44227,773168,17223,381774,27004,391394,0,0,31779,494994,0.056894,12318,139058,0.015983,31895,634052,0.072878,8700223
1,2021-02-05,47085,820253,17210,398984,29875,421269,0,0,30715,509612,0.058575,16216,155274,0.017847,30834,664886,0.076422,8700223
1,2021-02-06,26677,846930,10557,409541,16120,437389,0,0,20681,524420,0.060277,5946,161220,0.018531,20754,685640,0.078807,8700223
1,2021-02-07,6323,853253,4073,413614,2250,439639,0,0,4666,527471,0.060627,1634,162854,0.018718,4685,690325,0.079346,8700223
1,2021-02-08,31807,885060,14510,428124,17297,456936,0,0,21137,538148,0.061855,10565,173419,0.019933,21242,711567,0.081787,8700223
1,2021-02-09,38691,923751,17058,445182,21633,478569,0,0,23764,547140,0.062888,14888,188307,0.021644,23880,735447,0.084532,8700223
1,2021-02-10,47495,971246,22208,467390,25287,503856,0,0,26962,553811,0.063655,20388,208695,0.023987,27059,762506,0.087642,8700223
1,2021-02-11,52219,1023465,25536,492926,26683,530539,0,0,31037,564110,0.064839,20864,229559,0.026385,31163,793669,0.091224,8700223
1,2021-02-12,50249,1073714,21621,514547,28628,559167,0,0,28782,571740,0.065716,21297,250856,0.028833,28927,822596,0.094549,8700223
1,2021-02-13,26520,1100234,11540,526087,14980,574147,0,0,15286,575942,0.066199,11163,262019,0.030116,15365,837961,0.096315,8700223
1,2021-02-14,11817,1112051,5588,531675,6229,580376,0,0,6714,577654,0.066395,5072,267091,0.030699,6784,844745,0.097095,8700223
1,2021-02-15,24045,1136096,9450,541125,14595,594971,0,0,14605,583062,0.067017,9314,276405,0.03177,14722,859467,0.098787,8700223
1,2021-02-16,47322,1183418,22556,563681,24766,619737,0,0,27491,590940,0.067922,19738,296143,0.034039,27616,887083,0.101961,8700223
1,2021-02-17,48655,1232073,24658,588339,23997,643734,0,0,26108,594815,0.068368,22386,318529,0.036612,26261,913344,0.104979,8700223
1,2021-02-18,51305,1283378,25698,614037,25607,669341,0,0,26498,597008,0.06862,24548,343077,0.039433,26741,940085,0.108053,8700223
1,2021-02-19,46791,1330169,25373,639410,21418,690759,0,0,26124,602699,0.069274,20497,363574,0.041789,26188,966273,0.111063,8700223
1,2021-02-20,27879,1358048,16926,656336,10953,701712,0,0,15869,606715,0.069736,11939,375513,0.043161,15955,982228,0.112897,8700223
1,2021-02-21,12472,1370520,10710,667046,1762,703474,0,0,7478,609317,0.070035,4929,380442,0.043728,7531,989759,0.113762,8700223
1,2021-02-22,31723,1402243,20809,687855,10914,714388,0,0,18173,614158,0.070591,13442,393884,0.045273,18283,1008042,0.115864,8700223
1,2021-02-23,45924,1448167,22360,710215,23564,737952,0,0,25139,619185,0.071169,20484,414368,0.047627,25511,1033553,0.118796,8700223
1,2021-02-24,55953,1504120,27004,737219,28949,766901,0,0,30719,625380,0.071881,24982,439350,0.050499,31177,1064730,0.12238,8700223
1,2021-02-25,68630,1572750,33360,770579,35270,802171,0,0,42408,642310,0.073827,25982,465332,0.053485,42912,1107642,0.127312,8700223
1,2021-02-26,76699,1649449,35968,806547,40731,842902,0,0,50013,666444,0.076601,26365,491697,0.056515,50499,1158141,0.133116,8700223
1,2021-02-27,52860,1702309,24293,830840,28557,871459,10,10,34642,683368,0.078546,18000,509697,0.058584,34924,1193065,0.13713,8700223
1,2021-02-28,20324,1722633,12077,842917,8245,879704,2,12,14848,692983,0.079651,5379,515076,0.059203,14994,1208059,0.138854,8700223
1,2021-03-01,46438,1769071,21485,864402,24889,904593,64,76,29790,706646,0.081222,16442,531518,0.061092,30105,1238164,0.142314,8700223
1,2021-03-02,64946,1834017,28075,892477,36860,941453,11,87,41279,725110,0.083344,23475,554993,0.063791,41939,1280103,0.147135,8700223
1,2021-03-03,72216,1906233,34356,926833,37829,979282,31,118,43843,741462,0.085223,28136,583129,0.067025,44488,1324591,0.152248,8700223
1,2021-03-04,80134,1986367,37542,964375,42555,1021837,37,155,51295,764726,0.087897,28586,611715,0.07031,51850,1376441,0.158208,8700223
1,2021-03-05,79277,2065644,35758,1000133,43312,1065149,207,362,52797,792214,0.091057,26168,637883,0.073318,53656,1430097,0.164375,8700223
1,2021-03-06,57981,2123625,27489,1027622,29147,1094296,1345,1707,39158,814405,0.093607,18676,656559,0.075465,40867,1470964,0.169072,8700223
1,2021-03-07,21023,2144648,13063,1040685,6762,1101058,1198,2905,15536,825928,0.094932,5461,662020,0.076092,16984,1487948,0.171024,8700223
1,2021-03-08,46203,2190851,22538,1063223,21707,1122765,1958,4863,32313,846754,0.097326,13776,675796,0.077676,34602,1522550,0.175001,8700223
1,2021-03-09,67096,2257947,32511,1095734,32070,1154835,2515,7378,41265,865215,0.099447,25645,701441,0.080623,44106,1566656,0.180071,8700223
1,2021-03-10,74088,2332035,36834,1132568,32746,1187581,4508,11886,45494,887112,0.101964,28446,729887,0.083893,50343,1616999,0.185857,8700223
1,2021-03-11,90332,2422367,41450,1174018,40848,1228429,8034,19920,52433,910371,0.104638,37643,767530,0.08822,60902,1677901,0.192857,8700223
1,2021-03-12,99194,2521561,43762,1217780,43115,1271544,12317,32237,57867,939886,0.10803,41084,808614,0.092942,70599,1748500,0.200972,8700223
1,2021-03-13,65354,2586915,29405,1247185,28231,1299775,7718,39955,41497,965678,0.110995,23709,832323,0.095667,49501,1798001,0.206661,8700223
1,2021-03-14,27989,2614904,14983,1262168,9437,1309212,3569,43524,15664,972846,0.111819,12241,844564,0.097074,19409,1817410,0.208892,8700223
1,2021-03-15,65321,2680225,28787,1290955,29784,1338996,6750,50274,38413,991669,0.113982,26675,871239,0.10014,45498,1862908,0.214122,8700223
1,2021-03-16,85846,2766071,39090,1330045,41094,1380090,5662,55936,53082,1018216,0.117033,32533,903772,0.103879,59080,1921988,0.220912,8700223
1,2021-03-17,93307,2859378,45509,1375554,41251,1421341,6547,62483,59944,1051948,0.12091,33103,936875,0.107684,66835,1988823,0.228594,8700223
1,2021-03-18,98919,2958297,50990,1426544,42209,1463550,5720,68203,59687,1078977,0.124017,38853,975728,0.11215,65882,2054705,0.236167,8700223
1,2021-03-19,103866,3062163,53841,1480385,43810,1507360,6215,74418,60571,1103299,0.126813,42972,1018700,0.117089,67294,2121999,0.243902,8700223
1,2021-03-20,72806,3134969,37188,1517573,30397,1537757,5221,79639,46655,1129493,0.129823,25950,1044650,0.120072,52144,2174143,0.249895,8700223
1,2021-03-21,27419,3162388,19062,1536635,6548,1544305,1809,81448,17046,1138166,0.13082,10268,1054918,0.121252,18941,2193084,0.252072,8700223
1,2021-03-22,59341,3221729,30682,1567317,25384,1569689,3275,84723,39845,1162384,0.133604,19265,1074183,0.123466,43483,2236567,0.25707,8700223
1,2021-03-23,83639,3305368,42597,1609914,37390,1607079,3652,88375,51179,1185477,0.136258,32186,1106369,0.127166,55279,2291846,0.263424,8700223
1,2021-03-24,88559,3393927,44724,1654638,39447,1646526,4388,92763,52649,1207081,0.138741,35583,1141952,0.131255,57187,2349033,0.269997,8700223
1,2021-03-25,97534,3491461,49841,1704479,41819,1688345,5874,98637,53928,1223833,0.140667,43246,1185198,0.136226,59998,2409031,0.276893,8700223
1,2021-03-26,105915,3597376,51490,1755969,48080,1736425,6345,104982,56694,1238336,0.142334,48828,1234026,0.141838,63331,2472362,0.284172,8700223
1,2021-03-27,74569,3671945,38461,1794430,31880,1768305,4228,109210,38330,1245092,0.14311,35992,1270018,0.145975,42748,2515110,0.289086,8700223
1,2021-03-28,32907,3704852,21520,1815950,10166,1778471,1221,110431,16451,1246875,0.143315,16336,1286354,0.147853,18119,2533229,0.291168,8700223
1,2021-03-29,68766,3773618,33856,1849806,31746,1810217,3164,113595,37834,1257394,0.144524,30687,1317041,0.15138,41206,2574435,0.295904,8700223
1,2021-03-30,93706,3867324,45801,1895607,41476,1851693,6429,120024,48031,1266489,0.14557,45425,1362466,0.156601,54520,2628955,0.302171,8700223
1,2021-03-31,102107,3969431,53050,1948657,42800,1894493,6257,126281,55927,1282888,0.147455,45822,1408288,0.161868,62221,2691176,0.309323,8700223
1,2021-04-01,113730,4083161,54189,2002846,50684,1945177,8857,135138,57677,1293912,0.148722,55528,1463816,0.16825,66552,2757728,0.316972,8700223
1,2021-04-02,112982,4196143,51477,2054323,51734,1996911,9771,144909,57278,1305906,0.1501,55256,1519072,0.174602,67250,2824978,0.324702,8700223
1,2021-04-03,78576,4274719,39366,2093689,29484,2026395,9726,154635,36837,1310982,0.150684,41531,1560603,0.179375,46607,2871585,0.330059,8700223
1,2021-04-04,23816,4298535,11867,2105556,8463,2034858,3486,158121,9908,1310536,0.150632,13826,1574429,0.180964,13380,2884965,0.331597,8700223
1,2021-04-05,77774,4376309,36928,2142484,31413,2066271,9433,167554,34894,1312355,0.150842,42642,1617071,0.185865,44461,2929426,0.336707,8700223
1,2021-04-06,104815,4481124,49477,2191961,38587,2104858,16751,184305,47354,1319323,0.151642,57126,1674197,0.192432,64094,2993520,0.344074,8700223
1,2021-04-07,112939,4594063,54633,2246594,40589,2145447,17717,202022,50872,1326173,0.15243,61717,1735914,0.199525,68567,3062087,0.351955,8700223
1,2021-04-08,123346,4717409,58277,2304871,43912,2189359,21157,223179,54465,1333368,0.153257,68431,1804345,0.207391,75626,3137713,0.360647,8700223
1,2021-04-09,124425,4841834,56649,2361520,46832,2236191,20944,244123,54545,1339370,0.153947,69482,1873827,0.215377,75484,3213197,0.369324,8700223
1,2021-04-10,97063,4938897,43185,2404705,30968,2267159,22910,267033,38467,1342295,0.154283,58360,1932187,0.222085,61285,3274482,0.376368,8700223
1,2021-04-11,36760,4975657,20423,2425128,9448,2276607,6889,273922,14874,1342340,0.154288,21807,1953994,0.224591,21852,3296334,0.378879,8700223
1,2021-04-12,75294,5050951,33602,2458730,31606,2308213,10086,284008,31976,1341526,0.154194,42998,1996992,0.229533,42184,3338518,0.383728,8700223
1,2021-04-13,98380,5149331,52530,2511260,45512,2353725,338,284346,53034,1350237,0.155196,45018,2042010,0.234708,53729,3392247,0.389903,8700223
1,2021-04-14,105267,5254598,54445,2565705,50742,2404467,80,284426,53426,1352688,0.155477,51426,2093436,0.240619,53877,3446124,0.396096,8700223
1,2021-04-15,105963,5360561,57541,2623246,48330,2452797,92,284518,56078,1359774,0.156292,49265,2142701,0.246281,56351,3502475,0.402573,8700223
1,2021-04-16,111217,5471778,56996,2680242,54130,2506927,91,284609,55454,1360324,0.156355,55189,2197890,0.252625,55739,3558214,0.40898,8700223
1,2021-04-17,83454,5555232,45263,2725505,38179,2545106,12,284621,46473,1370266,0.157498,36710,2234600,0.256844,46652,3604866,0.414342,8700223
1,2021-04-18,30580,5585812,20694,2746199,9879,2554985,7,284628,15287,1370572,0.157533,15197,2249797,0.258591,15503,3620369,0.416124,8700223
1,2021-04-19,67062,5652874,33895,2780094,33153,2588138,14,284642,30149,1364346,0.156817,36518,2286315,0.262788,30292,3650661,0.419605,8700223
1,2021-04-20,88279,5741153,44350,2824444,43904,2632042,25,284667,41033,1358752,0.156174,46852,2333167,0.268173,41258,3691919,0.424348,8700223
1,2021-04-21,97845,5838998,50977,2875421,46765,2678807,103,284770,43562,1349001,0.155054,53665,2386832,0.274341,43914,3735833,0.429395,8700223
1,2021-04-22,97667,5936665,50987,2926408,46661,2725468,19,284789,44611,1341340,0.154173,52512,2439344,0.280377,44851,3780684,0.43455,8700223
1,2021-04-23,102886,6039551,53115,2979523,49742,2775210,29,284818,48773,1336832,0.153655,53550,2492894,0.286532,49042,3829726,0.440187,8700223
1,2021-04-24,76735,6116286,47509,3027032,29198,2804408,28,284846,43158,1346885,0.15481,33397,2526291,0.290371,43450,3873176,0.445181,8700223
1,2021-04-25,27441,6143727,17465,3044497,9960,2814368,16,284862,15613,1350962,0.155279,11694,2537985,0.291715,15771,3888947,0.446994,8700223
1,2021-04-26,66443,6210170,34792,3079289,31243,2845611,408,285270,31375,1348354,0.154979,34729,2572714,0.295707,32121,3921068,0.450686,8700223
1,2021-04-27,81796,6291966,43409,3122698,37081,2882692,1306,286576,35321,1339171,0.153924,46154,2618868,0.301012,36971,3958039,0.454935,8700223
1,2021-04-28,81577,6373543,43319,3166017,36748,2919440,1510,288086,35606,1330925,0.152976,45586,2664454,0.306251,37340,3995379,0.459227,8700223
1,2021-04-29,85116,6458659,46786,3212803,36699,2956139,1631,289717,34524,1317069,0.151383,50181,2714635,0.312019,36325,4031704,0.463402,8700223
1,2021-04-30,92710,6551369,50129,3262932,40679,2996818,1902,291619,38486,1303770,0.149855,53843,2768478,0.318208,40544,4072248,0.468062,8700223
1,2021-05-01,63897,6615266,41122,3304054,21340,3018158,1435,293054,26895,1295603,0.148916,36711,2805189,0.322427,28544,4100792,0.471343,8700223
1,2021-05-02,23509,6638775,16656,3320710,6270,3024428,583,293637,9430,1291685,0.148466,13960,2819149,0.324032,10042,4110834,0.472498,8700223
1,2021-05-03,56488,6695263,31255,3351965,23375,3047803,1858,295495,20432,1278247,0.146921,35778,2854927,0.328144,22340,4133174,0.475065,8700223
1,2021-05-04,75922,6771185,43672,3395637,30151,3077954,2099,297594,27122,1259081,0.144718,48466,2903393,0.333715,29300,4162474,0.478433,8700223
1,2021-05-05,78539,6849724,45500,3441137,30732,3108686,2307,299901,26512,1236336,0.142104,51643,2955036,0.339651,28898,4191372,0.481755,8700223
1,2021-05-06,80126,6929850,48662,3489799,29281,3137967,2183,302084,24870,1208712,0.138929,54831,3009867,0.345953,27207,4218579,0.484882,8700223
1,2021-05-07,83681,7013531,47620,3537419,33865,3171832,2196,304280,27766,1183314,0.13601,55427,3065294,0.352324,30029,4248608,0.488333,8700223
1,2021-05-08,57643,7071174,36188,3573607,19799,3191631,1656,305936,19541,1166853,0.134118,37742,3103036,0.356662,21281,4269889,0.490779,8700223
1,2021-05-09,18376,7089550,13187,3586794,4709,3196340,480,306416,5557,1160197,0.133353,12730,3115766,0.358125,6074,4275963,0.491477,8700223
1,2021-05-10,44435,7133985,22475,3609269,20128,3216468,1832,308248,14802,1147596,0.131904,29326,3145092,0.361496,16725,4292688,0.4934,8700223
1,2021-05-11,63019,7197004,34262,3643531,26596,3243064,2161,310409,20669,1128506,0.12971,42036,3187128,0.366327,22946,4315634,0.496037,8700223
1,2021-05-12,63168,7260172,33562,3677093,27531,3270595,2075,312484,20719,1109275,0.1275,42086,3229214,0.371165,22855,4338489,0.498664,8700223
1,2021-05-13,67441,7327613,39582,3716675,25869,3296464,1990,314474,25645,1095808,0.125952,41387,3270601,0.375922,27920,4366409,0.501873,8700223
1,2021-05-14,77098,7404711,46459,3763134,28225,3324689,2414,316888,31089,1084020,0.124597,45572,3316173,0.38116,33784,4400193,0.505756,8700223
1,2021-05-15,67013,7471724,44002,3807136,21239,3345928,1772,318660,26672,1072535,0.123277,39998,3356171,0.385757,28513,4428706,0.509034,8700223
1,2021-05-16,25158,7496882,18547,3825683,5991,3351919,620,319280,10252,1068678,0.122833,14776,3370947,0.387455,10919,4439625,0.510289,8700223
1,2021-05-17,54605,7551487,33341,3859024,19479,3371398,1785,321065,23095,1062396,0.122111,31218,3402165,0.391043,24936,4464561,0.513155,8700223
1,2021-05-18,65475,7616962,39432,3898456,24200,3395598,1843,322908,28351,1055868,0.121361,36813,3438978,0.395275,30285,4494846,0.516636,8700223
1,2021-05-19,66886,7683848,40743,3939199,24194,3419792,1949,324857,29913,1051153,0.120819,36651,3475629,0.399487,31936,4526782,0.520306,8700223
1,2021-05-20,65131,7748979,37812,3977011,25081,3444873,2238,327095,26770,1042378,0.11981,37986,3513615,0.403853,29211,4555993,0.523664,8700223
1,2021-05-21,70840,7819819,42366,4019377,26591,3471464,1883,328978,29194,1032334,0.118656,41214,3554829,0.408591,31170,4587163,0.527247,8700223
1,2021-05-22,56633,7876452,37262,4056639,17639,3489103,1732,330710,24600,1027026,0.118046,31733,3586562,0.412238,26425,4613588,0.530284,8700223
1,2021-05-23,20583,7897035,14392,4071031,5604,3494707,587,331297,9531,1026230,0.117954,10940,3597502,0.413495,10144,4623732,0.53145,8700223
1,2021-05-24,44356,7941391,24756,4095787,17746,3512453,1854,333151,17950,1019991,0.117237,26126,3623628,0.416498,19887,4643619,0.533736,8700223
1,2021-05-25,51713,7993104,29834,4125621,20153,3532606,1726,334877,21515,1013462,0.116487,29862,3653490,0.419931,23333,4666952,0.536418,8700223
1,2021-05-26,49001,8042105,27772,4153393,19297,3551903,1932,336809,20774,1008311,0.115895,27898,3681388,0.423137,22747,4689699,0.539032,8700223
1,2021-05-27,47561,8089666,26716,4180109,18915,3570818,1930,338739,20370,1003848,0.115382,26877,3708265,0.426226,22414,4712113,0.541608,8700223
1,2021-05-28,53362,8143028,29813,4209922,21685,3592503,1864,340603,23919,1000683,0.115018,29074,3737339,0.429568,25909,4738022,0.544586,8700223
1,2021-05-29,30952,8173980,18753,4228675,11220,3603723,979,341582,14685,1000307,0.114975,16094,3753433,0.431418,15718,4753740,0.546393,8700223
1,2021-05-30,11741,8185721,7592,4236267,3587,3607310,562,342144,5528,1000287,0.114973,6136,3759569,0.432123,6116,4759856,0.547096,8700223
1,2021-05-31,5830,8191551,3318,4239585,2251,3609561,261,342405,2038,998878,0.114811,3720,3763289,0.432551,2311,4762167,0.547361,8700223
1,2021-06-01,46523,8238074,26359,4265944,18577,3628138,1587,343992,17626,989646,0.113749,28509,3791798,0.435828,19277,4781444,0.549577,8700223
1,2021-06-02,40626,8278700,23616,4289560,15492,3643630,1518,345510,16410,983767,0.113074,23890,3815688,0.438574,18011,4799455,0.551647,8700223
1,2021-06-03,42183,8320883,26458,4316018,13982,3657612,1743,347253,16115,975954,0.112176,25748,3841436,0.441533,17935,4817390,0.553709,8700223
1,2021-06-04,51032,8371915,32675,4348693,16526,3674138,1831,349084,18350,963931,0.110794,32281,3873717,0.445243,20258,4837648,0.556037,8700223
1,2021-06-05,40856,8412771,27902,4376595,10933,3685071,2021,351105,14309,954002,0.109653,26313,3900030,0.448268,16384,4854032,0.55792,8700223
1,2021-06-06,13269,8426040,10619,4387214,2131,3687202,519,351624,4562,950526,0.109253,8618,3908648,0.449258,5142,4859174,0.558511,8700223
1,2021-06-07,34392,8460432,23743,4410957,9273,3696475,1376,353000,12301,942403,0.108319,21855,3930503,0.45177,13732,4872906,0.56009,8700223
1,2021-06-08,42513,8502945,29406,4440363,11440,3707915,1667,354667,14793,931524,0.107069,27426,3957929,0.454923,16547,4889453,0.561992,8700223
1,2021-06-09,42485,8545430,29472,4469835,11355,3719270,1658,356325,13835,918751,0.105601,28323,3986252,0.458178,15550,4905003,0.563779,8700223
1,2021-06-10,39469,8584899,26591,4496426,11160,3730430,1718,358043,13478,908325,0.104402,25721,4011973,0.461135,15295,4920298,0.565537,8700223
1,2021-06-11,44869,8629768,29772,4526198,13384,3743814,1713,359756,16052,897683,0.103179,28485,4040458,0.464409,17843,4938141,0.567588,8700223
1,2021-06-12,34332,8664100,24851,4551049,8252,3752066,1229,360985,11279,887431,0.102001,22827,4063285,0.467032,12575,4950716,0.569033,8700223
1,2021-06-13,11721,8675821,8525,4559574,2713,3754779,483,361468,3417,883137,0.101507,8227,4071512,0.467978,3933,4954649,0.569485,8700223
1,2021-06-14,31441,8707262,21198,4580772,8906,3763685,1337,362805,11740,876762,0.100775,19482,4090994,0.470217,13107,4967756,0.570992,8700223
1,2021-06-15,37940,8745202,24886,4605658,11177,3774862,1877,364682,14087,869271,0.099914,23543,4114537,0.472923,16052,4983808,0.572837,8700223
1,2021-06-16,36127,8781329,24448,4630106,9821,3784683,1858,366540,13637,862635,0.099151,22188,4136725,0.475473,15552,4999360,0.574624,8700223
1,2021-06-17,34038,8815367,22515,4652621,9549,3794232,1974,368514,13286,857498,0.09856,20482,4157207,0.477828,15345,5014705,0.576388,8700223
1,2021-06-18,39978,8855345,25971,4678592,11136,3805368,2871,371385,15453,851645,0.097888,24227,4181434,0.480612,18374,5033079,0.5785,8700223
1,2021-06-19,24136,8879481,16754,4695346,6180,3811548,1202,372587,9811,848551,0.097532,14147,4195581,0.482238,11053,5044132,0.57977,8700223
1,2021-06-20,8173,8887654,5984,4701330,1912,3813460,277,372864,3226,847190,0.097376,4875,4200456,0.482799,3514,5047646,0.580174,8700223
1,2021-06-21,21113,8908767,11944,4713274,6969,3820429,2200,375064,10988,850424,0.097747,10003,4210459,0.483948,13237,5060883,0.581696,8700223
1,2021-06-22,31041,8939808,20247,4733521,8618,3829047,2176,377240,12933,847718,0.097436,17878,4228337,0.486003,15172,5076055,0.58344,8700223
1,2021-06-23,29575,8969383,19857,4753378,7882,3836929,1836,379076,12860,845948,0.097233,16491,4244828,0.487899,14721,5090776,0.585132,8700223
1,2021-06-24,28645,8998028,19093,4772471,7871,3844800,1681,380757,12104,843472,0.096948,16327,4261155,0.489775,13851,5104627,0.586724,8700223
1,2021-06-25,32073,9030101,21714,4794185,8934,3853734,1425,382182,14032,841199,0.096687,17785,4278940,0.49182,15512,5120139,0.588507,8700223
1,2021-06-26,22686,9052787,16848,4811033,4988,3858722,850,383032,9885,839317,0.096471,12664,4291604,0.493275,10782,5130921,0.589746,8700223
1,2021-06-27,9291,9062078,6929,4817962,1924,3860646,438,383470,4114,838784,0.096409,5103,4296707,0.493862,4570,5135491,0.590271,8700223
1,2021-06-28,21497,9083575,15979,4833941,4254,3864900,1264,384734,9959,838726,0.096403,11327,4308034,0.495164,11269,5146760,0.591566,8700223
1,2021-06-29,27300,9110875,18704,4852645,7196,3872096,1400,386134,12116,837316,0.096241,14987,4323021,0.496886,13577,5160337,0.593127,8700223
1,2021-06-30,26700,9137575,18504,4871149,7122,3879218,1074,387208,12763,837521,0.096264,13707,4336728,0.498462,13912,5174249,0.594726,8700223
1,2021-07-01,24397,9161972,16959,4888108,6124,3885342,1314,388522,11326,837342,0.096244,12894,4349622,0.499944,12715,5186964,0.596187,8700223
1,2021-07-02,27290,9189262,18780,4906888,7450,3892792,1060,389582,12763,836935,0.096197,14311,4363933,0.501589,13904,5200868,0.597786,8700223
1,2021-07-03,15101,9204363,10561,4917449,4080,3896872,460,390042,7198,836865,0.096189,7760,4371693,0.502481,7690,5208558,0.598669,8700223
1,2021-07-04,1305,9205668,736,4918185,501,3897373,68,390110,637,836918,0.096195,657,4372350,0.502556,710,5209268,0.598751,8700223
1,2021-07-05,11311,9216979,7830,4926015,3114,3900487,367,390477,5395,836887,0.096191,5840,4378190,0.503227,5809,5215077,0.599419,8700223
1,2021-07-06,27967,9244946,19775,4945790,7033,3907520,1159,391636,11187,832764,0.095718,16571,4394761,0.505132,12448,5227525,0.60085,8700223
1,2021-07-07,24370,9269316,17084,4962874,6108,3913628,1178,392814,10493,830840,0.095496,13680,4408441,0.506704,11756,5239281,0.602201,8700223
1,2021-07-08,23299,9292615,16157,4979031,6037,3919665,1105,393919,10019,828975,0.095282,13074,4421515,0.508207,11209,5250490,0.603489,8700223
1,2021-07-09,27578,9320193,19516,4998547,6882,3926547,1180,395099,12472,827765,0.095143,14920,4436435,0.509922,13710,5264200,0.605065,8700223
1,2021-07-10,18234,9338427,13167,5011714,4290,3930837,777,395876,8147,826784,0.09503,9953,4446388,0.511066,8972,5273172,0.606096,8700223
1,2021-07-11,6839,9345266,4998,5016712,1633,3932470,208,396084,3311,826844,0.095037,3477,4449865,0.511466,3537,5276709,0.606503,8700223
1,2021-07-12,20497,9365763,14733,5031445,4860,3937330,904,396988,9097,825689,0.094904,11251,4461116,0.512759,10096,5286805,0.607663,8700223
1,2021-07-13,22789,9388552,15909,5047354,6055,3943385,825,397813,10683,825339,0.094864,11945,4473061,0.514132,11595,5298400,0.608996,8700223
1,2021-07-14,22705,9411257,15610,5062964,6100,3949485,995,398808,10247,824395,0.094756,12296,4485357,0.515545,11352,5309752,0.610301,8700223
1,2021-07-15,22117,9433374,15671,5078635,5709,3955194,737,399545,10720,824714,0.094792,11244,4496601,0.516837,11563,5321315,0.61163,8700223
1,2021-07-16,27214,9460588,19014,5097649,7189,3962383,1011,400556,13501,825775,0.094914,13536,4510137,0.518393,14597,5335912,0.613307,8700223
1,2021-07-17,18923,9479511,13682,5111331,4533,3966916,708,401264,9337,826408,0.094987,9448,4519585,0.519479,10081,5345993,0.614466,8700223
1,2021-07-18,7538,9487049,5561,5116892,1691,3968607,286,401550,3856,826945,0.095049,3622,4523207,0.519896,4159,5350152,0.614944,8700223
1,2021-07-19,21136,9508185,15305,5132197,4989,3973596,842,402392,10595,828078,0.095179,10400,4533607,0.521091,11533,5361685,0.61627,8700223
1,2021-07-20,25318,9533503,17507,5149704,6911,3980507,900,403292,13048,830038,0.095404,12080,4545687,0.522479,14040,5375725,0.617884,8700223
1,2021-07-21,25622,9559125,17999,5167703,6404,3986911,1219,404511,13113,832147,0.095647,12339,4558026,0.523898,14448,5390173,0.619544,8700223
1,2021-07-22,24742,9583867,17521,5185224,6374,3993285,847,405358,13492,835525,0.096035,11053,4569079,0.525168,14431,5404604,0.621203,8700223
1,2021-07-23,29507,9613374,20880,5206104,7600,4000885,1027,406385,16449,840220,0.096575,12853,4581932,0.526645,17548,5422152,0.62322,8700223
1,2021-07-24,18402,9631776,13004,5219108,4819,4005704,579,406964,10816,844176,0.097029,7464,4589396,0.527503,11420,5433572,0.624532,8700223
1,2021-07-25,7602,9639378,5467,5224575,2018,4007722,117,407081,5668,848094,0.09748,1887,4591283,0.52772,5805,5439377,0.6252,8700223
1,2021-07-26,21806,9661184,15094,5239669,5946,4013668,766,407847,14107,855483,0.098329,7555,4598838,0.528589,14944,5454321,0.626917,8700223
1,2021-07-27,27462,9688646,19639,5259308,6874,4020542,949,408796,16188,861581,0.09903,11092,4609930,0.529863,17190,5471511,0.628893,8700223
1,2021-07-28,28384,9717030,20141,5279449,7363,4027905,880,409676,17413,869168,0.099902,10778,4620708,0.531102,18365,5489876,0.631004,8700223
1,2021-07-29,27006,9744036,19171,5298620,7040,4034945,795,410471,16900,876998,0.100802,9929,4630637,0.532243,17759,5507635,0.633045,8700223
1,2021-07-30,31474,9775510,22524,5321144,8037,4042982,913,411384,19236,885171,0.101741,12014,4642651,0.533624,20187,5527822,0.635366,8700223
1,2021-07-31,20012,9795522,14525,5335669,4946,4047928,541,411925,12427,890744,0.102382,7420,4650071,0.534477,12993,5540815,0.636859,8700223
1,2021-08-01,8895,9804417,6706,5342375,2063,4049991,126,412051,6091,894235,0.102783,2754,4652825,0.534794,6245,5547060,0.637577,8700223
1,2021-08-02,25042,9829459,18634,5361009,5693,4055684,715,412766,16290,902701,0.103756,8587,4661412,0.535781,17053,5564113,0.639537,8700223
1,2021-08-03,28943,9858402,20972,5381981,7025,4062709,946,413712,18170,911270,0.104741,10581,4671993,0.536997,19150,5583263,0.641738,8700223
1,2021-08-04,27801,9886203,20222,5402203,6700,4069409,879,414591,17667,919938,0.105737,9926,4681919,0.538138,18594,5601857,0.643875,8700223
1,2021-08-05,27572,9913775,20223,5422426,6434,4075843,915,415506,17378,928272,0.106695,9981,4691900,0.539285,18315,5620172,0.64598,8700223
1,2021-08-06,34020,9947795,25068,5447494,7976,4083819,976,416482,21229,937973,0.10781,12547,4704447,0.540727,22248,5642420,0.648537,8700223
1,2021-08-07,21812,9969607,16378,5463872,4865,4088684,569,417051,13588,944047,0.108508,8097,4712544,0.541658,14171,5656591,0.650166,8700223
1,2021-08-08,10537,9980144,7696,5471568,2639,4091323,202,417253,6855,947500,0.108905,3614,4716158,0.542073,7067,5663658,0.650978,8700223
1,2021-08-09,27962,10008106,20966,5492534,6184,4097507,812,418065,17285,955149,0.109784,10485,4726643,0.543278,18134,5681792,0.653063,8700223
1,2021-08-10,29438,10037544,21666,5514200,6902,4104409,870,418935,17551,961946,0.110566,11678,4738321,0.544621,18475,5700267,0.655186,8700223
1,2021-08-11,27346,10064890,20201,5534401,6225,4110634,920,419855,16185,968129,0.111276,10948,4749269,0.545879,17131,5717398,0.657155,8700223
1,2021-08-12,28907,10093797,20816,5555217,7042,4117676,1049,420904,17241,975070,0.112074,11376,4760645,0.547187,18317,5735715,0.659261,8700223
1,2021-08-13,36256,10130053,26373,5581590,8826,4126502,1057,421961,21115,982461,0.112924,14827,4775472,0.548891,22218,5757933,0.661814,8700223
1,2021-08-14,23934,10153987,18172,5599762,5204,4131706,558,422519,13665,986888,0.113432,9814,4785286,0.550019,14241,5772174,0.663451,8700223
1,2021-08-15,10591,10164578,7820,5607582,2609,4134315,162,422681,6120,989028,0.113678,4165,4789451,0.550497,6305,5778479,0.664176,8700223
1,2021-08-16,29108,10193686,20658,5628240,7656,4141971,794,423475,16037,993713,0.114217,12177,4801628,0.551897,16862,5795341,0.666114,8700223
1,2021-08-17,31699,10225385,22454,5650694,8302,4150273,943,424418,16651,997249,0.114623,14098,4815726,0.553518,17634,5812975,0.668141,8700223
1,2021-08-18,31796,10257181,22803,5673497,8100,4158373,893,425311,16178,999962,0.114935,14406,4830132,0.555173,17119,5830094,0.670109,8700223
1,2021-08-19,31038,10288219,22147,5695644,7881,4166254,1010,426321,15885,1002991,0.115283,13906,4844038,0.556772,16935,5847029,0.672055,8700223
1,2021-08-20,38204,10326423,27737,5723381,9512,4175766,955,427276,19371,1006081,0.115639,17268,4861306,0.558756,20358,5867387,0.674395,8700223
1,2021-08-21,23118,10349541,17299,5740680,5255,4181021,564,427840,11336,1006957,0.115739,11039,4872345,0.560025,11915,5879302,0.675765,8700223
1,2021-08-22,11880,10361421,8701,5749381,2977,4183998,202,428042,5976,1007633,0.115817,5516,4877861,0.560659,6192,5885494,0.676476,8700223
1,2021-08-23,31120,10392541,23089,5772470,7282,4191280,749,428791,14991,1008475,0.115914,14966,4892827,0.562379,15808,5901302,0.678293,8700223
1,2021-08-24,31836,10424377,24129,5796599,6871,4198151,836,429627,15082,1008919,0.115965,15537,4908364,0.564165,15981,5917283,0.68013,8700223
1,2021-08-25,31461,10455838,23868,5820467,6853,4205004,740,430367,14729,1008936,0.115967,15509,4923873,0.565948,15526,5932809,0.681915,8700223
1,2021-08-26,31367,10487205,23371,5843838,7108,4212112,888,431255,14840,1009617,0.116045,15093,4938966,0.567683,15774,5948583,0.683728,8700223
1,2021-08-27,38710,10525915,29710,5873548,8193,4220305,807,432062,17638,1008767,0.115947,19372,4958338,0.569909,18522,5967105,0.685857,8700223
1,2021-08-28,24708,10550623,19323,5892871,4953,4225258,432,432494,10739,1006782,0.115719,13203,4971541,0.571427,11218,5978323,0.687146,8700223
1,2021-08-29,12061,10562684,9063,5901934,2852,4228110,146,432640,5589,1006508,0.115688,6041,4977582,0.572121,5767,5984090,0.687809,8700223
1,2021-08-30,28828,10591512,21156,5923090,6752,4234862,920,433560,12434,1004780,0.115489,15139,4992721,0.573861,13411,5997501,0.68935,8700223
1,2021-08-31,29113,10620625,21759,5944849,6601,4241463,753,434313,12379,1002556,0.115233,15398,5008119,0.575631,13174,6010675,0.690864,8700223
1,2021-09-01,28446,10649071,21141,5965990,6639,4248102,666,434979,12921,1002190,0.115191,14023,5022142,0.577243,13657,6024332,0.692434,8700223
1,2021-09-02,27294,10676365,20225,5986215,6382,4254484,687,435666,11879,1000873,0.11504,13932,5036074,0.578844,12615,6036947,0.693884,8700223
1,2021-09-03,33709,10710074,25322,6011537,7747,4262231,640,436306,14021,997549,0.114658,18056,5054130,0.58092,14732,6051679,0.695577,8700223
1,2021-09-04,19464,10729538,15055,6026592,4162,4266393,247,436553,8150,995327,0.114402,10670,5064800,0.582146,8448,6060127,0.696548,8700223
1,2021-09-05,10023,10739561,7365,6033957,2585,4268978,73,436626,4677,995124,0.114379,4977,5069777,0.582718,4774,6064901,0.697097,8700223
1,2021-09-06,2741,10742302,1754,6035711,950,4269928,37,436663,1173,994904,0.114354,1434,5071211,0.582883,1214,6066115,0.697237,8700223
2,2020-12-15,264,264,264,264,0,0,0,0,264,264,3.1e-05,0,0,0.0,264,264,3.1e-05,8407551
2,2020-12-16,2334,2598,2334,2598,0,0,0,0,2335,2599,0.000309,0,0,0.0,2335,2599,0.000309,8407551
2,2020-12-17,7253,9851,7253,9851,0,0,0,0,7252,9851,0.001172,0,0,0.0,7252,9851,0.001172,8407551
2,2020-12-18,11190,21041,11169,21020,21,21,0,0,11192,21043,0.002503,0,0,0.0,11192,21043,0.002503,8407551
2,2020-12-19,5653,26694,5645,26665,8,29,0,0,5656,26699,0.003176,0,0,0.0,5656,26699,0.003176,8407551
2,2020-12-20,4275,30969,4258,30923,17,46,0,0,4267,30965,0.003683,1,1,0.0,4267,30966,0.003683,8407551
2,2020-12-21,12904,43873,12873,43796,31,77,0,0,12859,43823,0.005212,1,2,0.0,12859,43825,0.005213,8407551
2,2020-12-22,12300,56173,11763,55559,537,614,0,0,12298,56121,0.006675,0,2,0.0,12298,56123,0.006675,8407551
2,2020-12-23,11882,68055,9588,65147,2294,2908,0,0,11882,68002,0.008088,2,4,0.0,11883,68006,0.008089,8407551
2,2020-12-24,5927,73982,3506,68653,2421,5329,0,0,5924,73924,0.008793,4,8,1e-06,5926,73932,0.008794,8407551
2,2020-12-25,506,74488,422,69075,84,5413,0,0,509,74433,0.008853,0,8,1e-06,509,74441,0.008854,8407551
2,2020-12-26,2605,77093,1676,70751,929,6342,0,0,2605,77036,0.009163,2,10,1e-06,2605,77046,0.009164,8407551
2,2020-12-27,2238,79331,1216,71967,1022,7364,0,0,2236,79270,0.009428,2,12,1e-06,2236,79282,0.00943,8407551
2,2020-12-28,11216,90547,7276,79243,3940,11304,0,0,11214,90479,0.010762,5,17,2e-06,11214,90496,0.010764,8407551
2,2020-12-29,13054,103601,7348,86591,5706,17010,0,0,13058,103536,0.012315,1,18,2e-06,13058,103554,0.012317,8407551
2,2020-12-30,15765,119366,8836,95427,6929,23939,0,0,15759,119292,0.014189,5,23,3e-06,15761,119315,0.014191,8407551
2,2020-12-31,7635,127001,2832,98259,4803,28742,0,0,7627,126914,0.015095,5,28,3e-06,7627,126942,0.015099,8407551
2,2021-01-01,1458,128459,704,98963,754,29496,0,0,1453,128363,0.015268,4,32,4e-06,1453,128395,0.015271,8407551
2,2021-01-02,4892,133351,2785,101748,2107,31603,0,0,4887,133248,0.015849,2,34,4e-06,4887,133282,0.015853,8407551
2,2021-01-03,1443,134794,814,102562,629,32232,0,0,1436,134681,0.016019,3,37,4e-06,1436,134718,0.016023,8407551
2,2021-01-04,11862,146656,5667,108229,6195,38427,0,0,11848,146524,0.017428,5,42,5e-06,11848,146566,0.017433,8407551
2,2021-01-05,14073,160729,7067,115296,7006,45433,0,0,12819,158126,0.018808,1251,1293,0.000154,12853,159419,0.018961,8407551
2,2021-01-06,19317,180046,10676,125972,8641,54074,0,0,15279,169442,0.020154,3978,5271,0.000627,15294,174713,0.02078,8407551
2,2021-01-07,23534,203580,13266,139238,10268,64342,0,0,15744,177405,0.021101,7802,13073,0.001555,15765,190478,0.022656,8407551
2,2021-01-08,27221,230801,16443,155681,10778,75120,0,0,16634,183538,0.02183,10535,23608,0.002808,16668,207146,0.024638,8407551
2,2021-01-09,9917,240718,5808,161489,4109,79229,0,0,6309,186257,0.022154,3601,27209,0.003236,6320,213466,0.02539,8407551
2,2021-01-10,5365,246083,2996,164485,2369,81598,0,0,3096,187079,0.022251,2279,29488,0.003507,3101,216567,0.025759,8407551
2,2021-01-11,26254,272337,18147,182632,8107,89705,0,0,15056,190976,0.022715,11210,40698,0.004841,15107,231674,0.027555,8407551
2,2021-01-12,26647,298984,16567,199199,10080,99785,0,0,16913,198223,0.023577,9760,50458,0.006002,17007,248681,0.029578,8407551
2,2021-01-13,28851,327835,15309,214508,13542,113327,0,0,20762,210949,0.02509,8078,58536,0.006962,20804,269485,0.032053,8407551
2,2021-01-14,30808,358643,11804,226312,19004,132331,0,0,26469,233164,0.027733,4338,62874,0.007478,26553,296038,0.035211,8407551
2,2021-01-15,35428,394071,12885,239197,22543,154874,0,0,32094,262022,0.031165,3331,66205,0.007874,32189,328227,0.03904,8407551
2,2021-01-16,18404,412475,6150,245347,12254,167128,0,0,16978,277565,0.033014,1443,67648,0.008046,16986,345213,0.04106,8407551
2,2021-01-17,10615,423090,3595,248942,7020,174148,0,0,9849,286645,0.034094,780,68428,0.008139,9860,355073,0.042233,8407551
2,2021-01-18,19912,443002,11138,260080,8774,182922,0,0,15001,296785,0.0353,4927,73355,0.008725,15067,370140,0.044025,8407551
2,2021-01-19,33012,476014,17250,277330,15762,198684,0,0,24766,313423,0.037279,8247,81602,0.009706,24885,395025,0.046985,8407551
2,2021-01-20,37908,513922,19098,296428,18810,217494,0,0,29140,333918,0.039716,8743,90345,0.010746,29238,424263,0.050462,8407551
2,2021-01-21,41370,555292,17601,314029,23769,241263,0,0,36716,366203,0.043556,4624,94969,0.011296,36909,461172,0.054852,8407551
2,2021-01-22,39807,595099,16643,330672,23164,264427,0,0,36385,399180,0.047479,3439,98408,0.011705,36416,497588,0.059183,8407551
2,2021-01-23,24391,619490,10845,341517,13546,277973,0,0,21391,417626,0.049673,2977,101385,0.012059,21423,519011,0.061732,8407551
2,2021-01-24,12516,632006,6136,347653,6380,284353,0,0,11573,428291,0.050941,928,102313,0.012169,11593,530604,0.06311,8407551
2,2021-01-25,34244,666250,15740,363393,18504,302857,0,0,25239,444732,0.052897,8952,111265,0.013234,25393,555997,0.066131,8407551
2,2021-01-26,40682,706932,19874,383267,20808,323665,0,0,31285,466742,0.055515,9369,120634,0.014348,31379,587376,0.069863,8407551
2,2021-01-27,45994,752926,22749,406016,23245,346910,0,0,35458,491855,0.058502,10416,131050,0.015587,35529,622905,0.074089,8407551
2,2021-01-28,48409,801335,22557,428573,25852,372762,0,0,39496,522593,0.062158,8844,139894,0.016639,39582,662487,0.078797,8407551
2,2021-01-29,46057,847392,22143,450716,23914,396676,0,0,37108,550969,0.065533,8818,148712,0.017688,37194,699681,0.083221,8407551
2,2021-01-30,31535,878927,13348,464064,18187,414863,0,0,28071,575667,0.06847,3422,152134,0.018095,28120,727801,0.086565,8407551
2,2021-01-31,17301,896228,10221,474285,7080,421943,0,0,16062,590535,0.070239,1217,153351,0.01824,16085,743886,0.088478,8407551
2,2021-02-01,41666,937894,19937,494222,21729,443672,0,0,30372,609726,0.072521,11232,164583,0.019576,30423,774309,0.092097,8407551
2,2021-02-02,48303,986197,19630,513852,28673,472345,0,0,36581,634784,0.075502,11626,176209,0.020958,36684,810993,0.09646,8407551
2,2021-02-03,54413,1040610,23896,537748,30517,502862,0,0,39969,660517,0.078562,14340,190549,0.022664,40073,851066,0.101226,8407551
2,2021-02-04,56671,1097281,24262,562010,32409,535271,0,0,41127,686322,0.081632,15432,205981,0.0245,41237,892303,0.106131,8407551
2,2021-02-05,60690,1157971,26319,588329,34371,569642,0,0,40898,707860,0.084193,19565,225546,0.026827,41103,933406,0.11102,8407551
2,2021-02-06,39617,1197588,18372,606701,21245,590887,0,0,31485,731405,0.086994,8052,233598,0.027784,31597,965003,0.114778,8407551
2,2021-02-07,15803,1213391,10436,617137,5367,596254,0,0,11953,739615,0.08797,3817,237415,0.028238,12027,977030,0.116209,8407551
2,2021-02-08,43343,1256734,21924,639061,21419,617673,0,0,29586,755814,0.089897,13606,251021,0.029857,29805,1006835,0.119754,8407551
2,2021-02-09,49911,1306645,23619,662680,26292,643965,0,0,30711,767927,0.091338,18966,269987,0.032112,31079,1037914,0.12345,8407551
2,2021-02-10,59934,1366579,28013,690693,31921,675886,0,0,34497,777664,0.092496,25141,295128,0.035103,34878,1072792,0.127599,8407551
2,2021-02-11,64711,1431290,29700,720393,35011,710897,0,0,35933,785724,0.093455,28395,323523,0.03848,36455,1109247,0.131935,8407551
2,2021-02-12,66361,1497651,28607,749000,37754,748651,0,0,35384,791109,0.094095,30679,354202,0.042129,36064,1145311,0.136224,8407551
2,2021-02-13,38358,1536009,15958,764958,22400,771051,0,0,22045,797337,0.094836,16202,370404,0.044056,22430,1167741,0.138892,8407551
2,2021-02-14,20231,1556240,9415,774373,10816,781867,0,0,11212,799964,0.095148,8961,379365,0.045122,11588,1179329,0.14027,8407551
2,2021-02-15,33497,1589737,15048,789421,18449,800316,0,0,18515,804521,0.09569,14832,394197,0.046886,19389,1198718,0.142576,8407551
2,2021-02-16,56748,1646485,27765,817186,28983,829299,0,0,29788,808170,0.096124,26834,421031,0.050078,30483,1229201,0.146202,8407551
2,2021-02-17,62088,1708573,31877,849063,30211,859510,0,0,30742,808509,0.096165,31231,452262,0.053792,31570,1260771,0.149957,8407551
2,2021-02-18,66818,1775391,33650,882713,33168,892678,0,0,32437,808010,0.096105,34098,486360,0.057848,33599,1294370,0.153953,8407551
2,2021-02-19,60143,1835534,33213,915926,26930,919608,0,0,29784,808245,0.096133,30144,516504,0.061433,30379,1324749,0.157567,8407551
2,2021-02-20,38040,1873574,24647,940573,13393,933001,0,0,20605,812237,0.096608,17317,533821,0.063493,21309,1346058,0.160101,8407551
2,2021-02-21,21941,1895515,17706,958279,4235,937236,0,0,10823,812896,0.096686,11005,544826,0.064802,11664,1357722,0.161488,8407551
2,2021-02-22,39783,1935298,27141,985420,12642,949878,0,0,18812,811619,0.096535,20803,565629,0.067276,19526,1377248,0.163811,8407551
2,2021-02-23,54231,1989529,27668,1013088,26563,976441,0,0,23730,807057,0.095992,30210,595839,0.07087,25648,1402896,0.166861,8407551
2,2021-02-24,71574,2061103,36730,1049818,34844,1011285,0,0,32676,803497,0.095568,38650,634489,0.075467,35090,1437986,0.171035,8407551
2,2021-02-25,77693,2138796,36714,1086532,40979,1052264,0,0,39347,807666,0.096064,38052,672541,0.079992,42221,1480207,0.176057,8407551
2,2021-02-26,86298,2225094,36999,1123531,49299,1101563,0,0,46286,816496,0.097115,39674,712215,0.084711,48504,1528711,0.181826,8407551
2,2021-02-27,63150,2288244,29306,1152837,33835,1135398,9,9,34157,823275,0.097921,28737,740952,0.088129,35516,1564227,0.18605,8407551
2,2021-02-28,31137,2319381,18657,1171494,12479,1147877,1,10,18032,829199,0.098626,12967,753919,0.089672,18891,1583118,0.188297,8407551
2,2021-03-01,59406,2378787,30932,1202426,28391,1176268,83,93,32413,836293,0.099469,26646,780565,0.092841,33740,1616858,0.19231,8407551
2,2021-03-02,71137,2449924,34133,1236559,36988,1213256,16,109,39764,847293,0.100778,31163,811728,0.096547,42163,1659021,0.197325,8407551
2,2021-03-03,82118,2532042,39547,1276106,42550,1255806,21,130,46283,860658,0.102367,35592,847320,0.100781,48957,1707978,0.203148,8407551
2,2021-03-04,89965,2622007,44068,1320174,45863,1301669,34,164,51378,876179,0.104213,38308,885628,0.105337,53829,1761807,0.209551,8407551
2,2021-03-05,83672,2705679,39272,1359446,44075,1345744,325,489,50655,896815,0.106668,32750,918378,0.109233,53386,1815193,0.2159,8407551
2,2021-03-06,63700,2769379,31008,1390454,30963,1376707,1729,2218,38914,914252,0.108742,24633,943011,0.112162,42070,1857263,0.220904,8407551
2,2021-03-07,28922,2798301,16404,1406858,10970,1387677,1548,3766,18289,924656,0.109979,10561,953572,0.113419,20965,1878228,0.223398,8407551
2,2021-03-08,51333,2849634,23527,1430385,25217,1412894,2589,6355,32190,942056,0.112049,19017,972589,0.11568,36417,1914645,0.227729,8407551
2,2021-03-09,71275,2920909,32460,1462845,34929,1447823,3886,10241,39401,954971,0.113585,31715,1004304,0.119453,44630,1959275,0.233038,8407551
2,2021-03-10,79010,2999919,37300,1500145,35110,1482933,6600,16841,41727,967555,0.115082,37043,1041347,0.123859,49627,2008902,0.23894,8407551
2,2021-03-11,93762,3093681,43177,1543322,42158,1525091,8427,25268,48704,981322,0.116719,44722,1086069,0.129178,58489,2067391,0.245897,8407551
2,2021-03-12,94700,3188381,39047,1582369,43707,1568798,11946,37214,46883,993958,0.118222,47537,1133606,0.134832,60173,2127564,0.253054,8407551
2,2021-03-13,69545,3257926,29023,1611392,32478,1601276,8044,45258,38024,1009907,0.120119,31364,1164970,0.138562,47313,2174877,0.258681,8407551
2,2021-03-14,37189,3295115,18406,1629798,14261,1615537,4522,49780,18663,1015408,0.120773,18409,1183379,0.140752,23910,2198787,0.261525,8407551
2,2021-03-15,67848,3362963,30615,1660413,32198,1647735,5035,54815,37300,1028533,0.122334,30298,1213677,0.144356,43423,2242210,0.26669,8407551
2,2021-03-16,86773,3449736,38432,1698845,44291,1692026,4050,58865,52221,1051591,0.125077,34324,1248001,0.148438,57382,2299592,0.273515,8407551
2,2021-03-17,93447,3543183,44724,1743569,44510,1736536,4213,63078,59120,1081697,0.128658,34022,1282023,0.152485,64128,2363720,0.281143,8407551
2,2021-03-18,98838,3642021,47127,1790696,47026,1783562,4685,67763,59787,1108007,0.131787,38702,1320725,0.157088,65012,2428732,0.288875,8407551
2,2021-03-19,97923,3739944,46468,1837164,45344,1828906,6111,73874,57643,1132308,0.134678,39942,1360667,0.161839,64243,2492975,0.296516,8407551
2,2021-03-20,70295,3810239,33960,1871124,32318,1861224,4017,77891,45703,1158029,0.137737,24339,1385006,0.164734,50060,2543035,0.30247,8407551
2,2021-03-21,33900,3844139,21797,1892921,10086,1871310,2017,79908,20230,1167208,0.138829,13499,1398505,0.166339,22678,2565713,0.305168,8407551
2,2021-03-22,63331,3907470,34879,1927800,25825,1897135,2627,82535,41824,1191314,0.141696,21241,1419746,0.168866,45347,2611060,0.310561,8407551
2,2021-03-23,84412,3991882,44864,1972664,36613,1933748,2935,85470,52197,1215386,0.144559,31897,1451643,0.172659,55969,2667029,0.317218,8407551
2,2021-03-24,92566,4084448,49656,2022320,39708,1973456,3202,88672,53856,1234920,0.146882,38341,1489984,0.17722,57875,2724904,0.324102,8407551
2,2021-03-25,102256,4186704,51581,2073901,46731,2020187,3944,92616,57369,1252512,0.148975,44490,1534474,0.182511,62082,2786986,0.331486,8407551
2,2021-03-26,104351,4291055,51819,2125720,49018,2069205,3514,96130,56572,1266275,0.150612,47358,1581832,0.188144,61121,2848107,0.338756,8407551
2,2021-03-27,76194,4367249,37988,2163708,34869,2104074,3337,99467,37933,1270440,0.151107,37965,1619797,0.19266,42130,2890237,0.343767,8407551
2,2021-03-28,38108,4405357,23559,2187267,13731,2117805,818,100285,20245,1274655,0.151608,17704,1637501,0.194766,21919,2912156,0.346374,8407551
2,2021-03-29,72303,4477660,36726,2223993,33298,2151103,2279,102564,40723,1287319,0.153115,31336,1668837,0.198493,44000,2956156,0.351607,8407551
2,2021-03-30,92906,4570566,45520,2269513,42982,2194085,4404,106968,51788,1303257,0.15501,40881,1709718,0.203355,56819,3012975,0.358365,8407551
2,2021-03-31,102076,4672642,52603,2322116,44321,2238406,5152,112120,57663,1322390,0.157286,44061,1753779,0.208596,63194,3076169,0.365882,8407551
2,2021-04-01,118600,4791242,57181,2379297,52044,2290450,9375,121495,64205,1342445,0.159671,53910,1807689,0.215008,73965,3150134,0.374679,8407551
2,2021-04-02,112321,4903563,51836,2431133,50194,2340644,10291,131786,59854,1361008,0.161879,52019,1859708,0.221195,70582,3220716,0.383074,8407551
2,2021-04-03,77013,4980576,37740,2468873,29383,2370027,9890,141676,38014,1370508,0.163009,38763,1898471,0.225805,48263,3268979,0.388815,8407551
2,2021-04-04,29139,5009715,15007,2483880,10248,2380275,3884,145560,13037,1371464,0.163123,15978,1914449,0.227706,16934,3285913,0.390829,8407551
2,2021-04-05,79763,5089478,39021,2522901,31815,2412090,8927,154487,38264,1378096,0.163912,41292,1955741,0.232617,47924,3333837,0.396529,8407551
2,2021-04-06,104446,5193924,50770,2573671,38863,2450953,14813,169300,49226,1387615,0.165044,54911,2010652,0.239148,64430,3398267,0.404192,8407551
2,2021-04-07,111209,5305133,55426,2629097,39405,2490358,16378,185678,52089,1397492,0.166219,58800,2069452,0.246142,68677,3466944,0.412361,8407551
2,2021-04-08,120050,5425183,57685,2686782,43435,2533793,18930,204608,55543,1408344,0.167509,64107,2133559,0.253767,74959,3541903,0.421276,8407551
2,2021-04-09,119412,5544595,57429,2744211,43715,2577508,18268,222876,56280,1420969,0.169011,62723,2196282,0.261227,75348,3617251,0.430238,8407551
2,2021-04-10,87827,5632422,37816,2782027,31542,2609050,18469,241345,36196,1424905,0.169479,51345,2247627,0.267334,55281,3672532,0.436814,8407551
2,2021-04-11,44705,5677127,23182,2805209,12999,2622049,8524,249869,18298,1426181,0.169631,26244,2273871,0.270456,27520,3700052,0.440087,8407551
2,2021-04-12,80581,5757708,37499,2842708,33599,2655648,9483,259352,35808,1427967,0.169843,44482,2318353,0.275747,46268,3746320,0.44559,8407551
2,2021-04-13,102189,5859897,53012,2895720,48914,2704562,263,259615,55761,1438772,0.171129,46124,2364477,0.281233,56929,3803249,0.452361,8407551
2,2021-04-14,107279,5967176,56188,2951908,51028,2755590,63,259678,54558,1442461,0.171567,52376,2416853,0.287462,56065,3859314,0.45903,8407551
2,2021-04-15,113711,6080887,60347,3012255,53266,2808856,98,259776,59125,1448614,0.172299,54154,2471007,0.293903,60307,3919621,0.466202,8407551
2,2021-04-16,111244,6192131,57827,3070082,53356,2862212,61,259837,56354,1451382,0.172628,54502,2525509,0.300386,57270,3976891,0.473014,8407551
2,2021-04-17,83849,6275980,42661,3112743,41172,2903384,16,259853,46714,1462135,0.173907,36853,2562362,0.304769,47606,4024497,0.478676,8407551
2,2021-04-18,36093,6312073,21946,3134689,14135,2917519,12,259865,17012,1461221,0.173799,18932,2581294,0.307021,18018,4042515,0.48082,8407551
2,2021-04-19,74997,6387070,40297,3174986,34680,2952199,20,259885,33910,1454981,0.173056,40789,2622083,0.311872,34549,4077064,0.484929,8407551
2,2021-04-20,97654,6484724,49347,3224333,48275,3000474,32,259917,46966,1452419,0.172752,50312,2672395,0.317857,47750,4124814,0.490608,8407551
2,2021-04-21,104215,6588939,56383,3280716,47761,3048235,71,259988,48913,1447606,0.172179,54781,2727176,0.324372,49968,4174782,0.496551,8407551
2,2021-04-22,108715,6697654,56182,3336898,52504,3100739,29,260017,47419,1435129,0.170695,60807,2787983,0.331605,48330,4223112,0.5023,8407551
2,2021-04-23,108352,6806006,57748,3394646,50583,3151322,21,260038,49869,1427912,0.169837,58039,2846022,0.338508,50822,4273934,0.508345,8407551
2,2021-04-24,81222,6887228,47768,3442414,33410,3184732,44,260082,42206,1432469,0.170379,38638,2884660,0.343103,43195,4317129,0.513482,8407551
2,2021-04-25,36742,6923970,22633,3465047,14092,3198824,17,260099,19932,1436250,0.170829,16643,2901303,0.345083,20424,4337553,0.515912,8407551
2,2021-04-26,74561,6998531,41294,3506341,32949,3231773,318,260417,34178,1432127,0.170338,40082,2941385,0.34985,35959,4373512,0.520189,8407551
2,2021-04-27,88572,7087103,46689,3553030,40505,3272278,1378,261795,37893,1422397,0.169181,50257,2991642,0.355828,40527,4414039,0.525009,8407551
2,2021-04-28,88526,7175629,47268,3600298,39375,3311653,1883,263678,38893,1414842,0.168282,49255,3040897,0.361686,41700,4455739,0.529969,8407551
2,2021-04-29,91678,7267307,49863,3650161,40092,3351745,1723,265401,35512,1396951,0.166154,55739,3096636,0.368316,37848,4493587,0.53447,8407551
2,2021-04-30,95126,7362433,52547,3702708,40562,3392307,2017,267418,36831,1378666,0.163979,57791,3154427,0.37519,39506,4533093,0.539169,8407551
2,2021-05-01,62994,7425427,38354,3741062,23026,3415333,1614,269032,24535,1367583,0.162661,38097,3192524,0.379721,27014,4560107,0.542382,8407551
2,2021-05-02,29396,7454823,20470,3761532,7947,3423280,979,270011,11148,1361698,0.161961,18101,3210625,0.381874,12216,4572323,0.543835,8407551
2,2021-05-03,60875,7515698,36136,3797668,22663,3445943,2076,272087,20363,1344185,0.159878,40215,3250840,0.386657,22702,4595025,0.546535,8407551
2,2021-05-04,80203,7595901,47857,3845525,29935,3475878,2411,274498,25942,1319040,0.156888,53887,3304727,0.393067,28742,4623767,0.549954,8407551
2,2021-05-05,80963,7676864,48185,3893710,30417,3506295,2361,276859,25206,1291637,0.153628,55336,3360063,0.399648,27933,4651700,0.553276,8407551
2,2021-05-06,83426,7760290,50680,3944390,29815,3536110,2931,279790,25210,1262708,0.150187,57708,3417771,0.406512,28779,4680479,0.556699,8407551
2,2021-05-07,84227,7844517,48637,3993027,33157,3569267,2433,282223,25721,1233236,0.146682,58078,3475849,0.41342,28606,4709085,0.560102,8407551
2,2021-05-08,55945,7900462,33936,4026963,20279,3589546,1730,283953,17433,1214870,0.144497,38262,3514111,0.417971,19896,4728981,0.562468,8407551
2,2021-05-09,21966,7922428,15818,4042781,5397,3594943,751,284704,6324,1206634,0.143518,15543,3529654,0.41982,7307,4736288,0.563337,8407551
2,2021-05-10,50511,7972939,27537,4070318,21084,3616027,1890,286594,14171,1187240,0.141211,36056,3565710,0.424108,16662,4752950,0.565319,8407551
2,2021-05-11,66673,8039612,36137,4106455,28390,3644417,2146,288740,20001,1163739,0.138416,46340,3612050,0.42962,22839,4775789,0.568036,8407551
2,2021-05-12,65575,8105187,34929,4141384,28404,3672821,2242,290982,19242,1139638,0.135549,46000,3658050,0.435091,21899,4797688,0.57064,8407551
2,2021-05-13,71384,8176571,41437,4182821,27993,3700814,1954,292936,26029,1123325,0.133609,45040,3703090,0.440448,28727,4826415,0.574057,8407551
2,2021-05-14,80405,8256976,48180,4231001,29950,3730764,2275,295211,30795,1107815,0.131764,49229,3752319,0.446303,33719,4860134,0.578068,8407551
2,2021-05-15,66921,8323897,43950,4274951,21250,3752014,1721,296932,25894,1095091,0.130251,40750,3793069,0.45115,28026,4888160,0.581401,8407551
2,2021-05-16,31860,8355757,23841,4298792,7088,3759102,931,297863,12952,1090347,0.129687,18763,3811832,0.453382,14019,4902179,0.583069,8407551
2,2021-05-17,58328,8414085,36953,4335745,19410,3778512,1965,299828,22908,1080429,0.128507,35162,3846994,0.457564,25244,4927423,0.586071,8407551
2,2021-05-18,70568,8484653,41269,4377014,27330,3805842,1969,301797,27932,1068537,0.127093,42337,3889331,0.4626,30445,4957868,0.589692,8407551
2,2021-05-19,69402,8554055,41057,4418071,26276,3832118,2069,303866,27394,1056799,0.125696,41671,3931002,0.467556,29933,4987801,0.593253,8407551
2,2021-05-20,70121,8624176,40712,4458783,27212,3859330,2197,306063,26644,1043130,0.124071,43117,3974119,0.472684,29448,5017249,0.596755,8407551
2,2021-05-21,73677,8697853,43530,4502313,27967,3887297,2180,308243,27962,1028508,0.122331,45329,4019448,0.478076,30707,5047956,0.600407,8407551
2,2021-05-22,54006,8751859,34290,4536603,17938,3905235,1778,310021,22514,1022096,0.121569,31247,4050695,0.481792,24835,5072791,0.603361,8407551
2,2021-05-23,24531,8776390,16744,4553347,7063,3912298,724,310745,10284,1019138,0.121217,14110,4064805,0.483471,11152,5083943,0.604688,8407551
2,2021-05-24,45262,8821652,25740,4579087,17733,3930031,1789,312534,17343,1010940,0.120242,27674,4092479,0.486762,19476,5103419,0.607004,8407551
2,2021-05-25,51358,8873010,30094,4609181,19380,3949411,1884,314418,19527,1001384,0.119105,31505,4123984,0.49051,21949,5125368,0.609615,8407551
2,2021-05-26,49143,8922153,27548,4636729,19890,3969301,1705,316123,19203,993051,0.118114,29582,4153566,0.494028,21249,5146617,0.612142,8407551
2,2021-05-27,47106,8969259,26720,4663449,18641,3987942,1745,317868,18765,985989,0.117274,28075,4181641,0.497367,21013,5167630,0.614642,8407551
2,2021-05-28,50698,9019957,28042,4691491,20663,4008605,1993,319861,21244,980488,0.11662,29176,4210817,0.500838,23675,5191305,0.617457,8407551
2,2021-05-29,29289,9049246,17544,4709035,10675,4019280,1070,320931,13321,979269,0.116475,15795,4226612,0.502716,14576,5205881,0.619191,8407551
2,2021-05-30,12723,9061969,8196,4717231,3758,4023038,769,321700,5538,978527,0.116387,7115,4233727,0.503562,6373,5212254,0.619949,8407551
2,2021-05-31,5961,9067930,3499,4720730,2156,4025194,306,322006,1859,976705,0.11617,4036,4237763,0.504042,2214,5214468,0.620212,8407551
2,2021-06-01,45287,9113217,26020,4746750,17591,4042785,1676,323682,15731,965279,0.114811,29204,4266967,0.507516,17778,5232246,0.622327,8407551
2,2021-06-02,38643,9151860,22753,4769503,14466,4057251,1424,325106,15118,958882,0.11405,23242,4290209,0.51028,16845,5249091,0.624331,8407551
2,2021-06-03,41907,9193767,27008,4796511,13413,4070664,1486,326592,14138,947379,0.112682,27515,4317724,0.513553,16012,5265103,0.626235,8407551
2,2021-06-04,48749,9242516,31856,4828367,15324,4085988,1569,328161,15753,932557,0.110919,32670,4350394,0.517439,17848,5282951,0.628358,8407551
2,2021-06-05,38246,9280762,27312,4855679,9461,4095449,1473,329634,11894,920248,0.109455,26102,4376496,0.520543,13793,5296744,0.629998,8407551
2,2021-06-06,14978,9295740,12287,4867966,2110,4097559,581,330215,4655,915424,0.108881,10256,4386752,0.521763,5432,5302176,0.630645,8407551
2,2021-06-07,33577,9329317,23504,4891470,8784,4106343,1289,331504,10996,905536,0.107705,22409,4409161,0.524429,12521,5314697,0.632134,8407551
2,2021-06-08,40751,9370068,28824,4920294,10553,4116896,1374,332878,12481,891763,0.106067,28014,4437175,0.527761,14241,5328938,0.633828,8407551
2,2021-06-09,38279,9408347,26724,4947018,10052,4126948,1503,334381,11557,878630,0.104505,26516,4463691,0.530915,13383,5342321,0.635419,8407551
2,2021-06-10,37996,9446343,26423,4973441,10036,4136984,1537,335918,11628,866109,0.103016,26166,4489857,0.534027,13645,5355966,0.637042,8407551
2,2021-06-11,41713,9488056,27717,5001158,12317,4149301,1679,337597,13352,853361,0.101499,28085,4517942,0.537367,15337,5371303,0.638867,8407551
2,2021-06-12,29806,9517862,21965,5023123,6921,4156222,920,338517,8731,842322,0.100186,20926,4538868,0.539856,9887,5381190,0.640043,8407551
2,2021-06-13,12278,9530140,8971,5032094,2684,4158906,623,339140,3121,837146,0.099571,9089,4547957,0.540937,3913,5385103,0.640508,8407551
2,2021-06-14,30235,9560375,21466,5053560,7552,4166458,1217,340357,10440,829393,0.098649,19613,4567570,0.54327,11860,5396963,0.641919,8407551
2,2021-06-15,36040,9596415,24034,5077594,9941,4176399,2065,342422,12118,820314,0.097569,23638,4591208,0.546081,14559,5411522,0.64365,8407551
2,2021-06-16,33416,9629831,23091,5100685,8512,4184911,1813,344235,11551,812316,0.096617,21678,4612886,0.54866,13680,5425202,0.645277,8407551
2,2021-06-17,31081,9660912,20765,5121450,8508,4193419,1808,346043,10993,805425,0.095798,19900,4632786,0.551027,13009,5438211,0.646825,8407551
2,2021-06-18,34833,9695745,22958,5144408,9993,4203412,1882,347925,12609,798173,0.094935,21997,4654783,0.553643,14745,5452956,0.648578,8407551
2,2021-06-19,21014,9716759,14637,5159045,5114,4208526,1263,349188,7919,794624,0.094513,12929,4667712,0.555181,9380,5462336,0.649694,8407551
2,2021-06-20,8311,9725070,5942,5164987,1903,4210429,466,349654,3069,793034,0.094324,5195,4672907,0.555799,3605,5465941,0.650123,8407551
2,2021-06-21,19382,9744452,11871,5176858,6184,4216613,1327,350981,9884,795053,0.094564,9372,4682279,0.556914,11391,5477332,0.651478,8407551
2,2021-06-22,26926,9771378,18441,5195299,7101,4223714,1384,352365,10514,790989,0.094081,16237,4698516,0.558845,12173,5489505,0.652926,8407551
2,2021-06-23,25982,9797360,17930,5213229,6421,4230135,1631,353996,10528,788139,0.093742,15303,4713819,0.560665,12453,5501958,0.654407,8407551
2,2021-06-24,25454,9822814,17333,5230562,6589,4236724,1532,355528,10450,785505,0.093429,14847,4728666,0.562431,12213,5514171,0.655859,8407551
2,2021-06-25,28909,9851723,19586,5250148,7821,4244545,1502,357030,12008,782521,0.093074,16735,4745401,0.564421,13751,5527922,0.657495,8407551
2,2021-06-26,18765,9870488,13820,5263968,4008,4248553,937,357967,7640,780321,0.092812,11032,4756433,0.565733,8832,5536754,0.658545,8407551
2,2021-06-27,8888,9879376,6787,5270755,1650,4250203,451,358418,3573,779212,0.09268,5257,4761690,0.566359,4148,5540902,0.659039,8407551
2,2021-06-28,19986,9899362,15181,5285936,3555,4253758,1250,359668,8820,778450,0.092589,11027,4772717,0.56767,10265,5551167,0.66026,8407551
2,2021-06-29,22954,9922316,15989,5301925,5884,4259642,1081,360749,9849,776653,0.092376,12962,4785679,0.569212,11165,5562332,0.661588,8407551
2,2021-06-30,22233,9944549,15778,5317703,5424,4265066,1031,361780,9947,775728,0.092266,12133,4797812,0.570655,11208,5573540,0.662921,8407551
2,2021-07-01,20153,9964702,14246,5331949,5008,4270074,899,362679,8978,774773,0.092152,11035,4808847,0.571968,10080,5583620,0.66412,8407551
2,2021-07-02,23187,9987889,16002,5347951,6154,4276228,1031,363710,10284,773563,0.092008,12730,4821577,0.573482,11520,5595140,0.66549,8407551
2,2021-07-03,12681,10000570,9141,5357092,3062,4279290,478,364188,5812,773206,0.091966,6770,4828347,0.574287,6413,5601553,0.666253,8407551
2,2021-07-04,1019,10001589,598,5357690,354,4279644,67,364255,437,773163,0.091961,570,4828917,0.574355,527,5602080,0.666315,8407551
2,2021-07-05,11175,10012764,8180,5365870,2585,4282229,410,364665,5139,772880,0.091927,5961,4834878,0.575064,5678,5607758,0.666991,8407551
2,2021-07-06,24029,10036793,17447,5383317,5567,4287796,1015,365680,9292,768889,0.091452,14570,4849448,0.576797,10579,5618337,0.668249,8407551
2,2021-07-07,20728,10057521,14780,5398097,4837,4292633,1111,366791,8780,767241,0.091256,11801,4861249,0.5782,10153,5628490,0.669457,8407551
2,2021-07-08,19283,10076804,13426,5411523,4801,4297434,1056,367847,8085,765500,0.091049,11086,4872335,0.579519,9345,5637835,0.670568,8407551
2,2021-07-09,22736,10099540,15761,5427284,5706,4303140,1269,369116,9661,763695,0.090834,12935,4885270,0.581057,11130,5648965,0.671892,8407551
2,2021-07-10,14414,10113954,10636,5437920,3089,4306229,689,369805,6367,762957,0.090747,7951,4893221,0.582003,7213,5656178,0.67275,8407551
2,2021-07-11,6580,10120534,4841,5442761,1389,4307618,350,370155,3101,763043,0.090757,3435,4896656,0.582412,3521,5659699,0.673169,8407551
2,2021-07-12,18280,10138814,13439,5456200,3967,4311585,874,371029,7871,761704,0.090598,10286,4906942,0.583635,8947,5668646,0.674233,8407551
2,2021-07-13,19637,10158451,13873,5470073,4878,4316463,886,371915,8808,760916,0.090504,10678,4917620,0.584905,9890,5678536,0.675409,8407551
2,2021-07-14,18783,10177234,13415,5483488,4581,4321044,787,372702,8406,760076,0.090404,10245,4927865,0.586124,9405,5687941,0.676528,8407551
2,2021-07-15,18909,10196143,13705,5497193,4499,4325543,705,373407,8602,759412,0.090325,10187,4938052,0.587335,9523,5697464,0.67766,8407551
2,2021-07-16,22962,10219105,16520,5513713,5607,4331150,835,374242,11020,759666,0.090355,11807,4949859,0.58874,12061,5709525,0.679095,8407551
2,2021-07-17,14439,10233544,10520,5524233,3385,4334535,534,374776,6980,759949,0.090389,7366,4957225,0.589616,7649,5717174,0.680005,8407551
2,2021-07-18,7013,10240557,5239,5529472,1445,4335980,329,375105,3543,760466,0.09045,3426,4960651,0.590023,3943,5721117,0.680474,8407551
2,2021-07-19,18476,10259033,13767,5543239,3963,4339943,746,375851,9170,761374,0.090558,9189,4969840,0.591116,10097,5731214,0.681675,8407551
2,2021-07-20,21024,10280057,14973,5558212,5202,4345145,849,376700,10674,762905,0.09074,10212,4980052,0.592331,11743,5742957,0.683071,8407551
2,2021-07-21,20520,10300577,14943,5573155,4803,4349948,774,377474,10649,764784,0.090964,9741,4989793,0.593489,11620,5754577,0.684453,8407551
2,2021-07-22,20431,10321008,14586,5587741,4977,4354925,868,378342,10912,767367,0.091271,9370,4999163,0.594604,11953,5766530,0.685875,8407551
2,2021-07-23,24596,10345604,17234,5604975,6301,4361226,1061,379403,13389,770966,0.091699,11048,5010211,0.595918,14647,5781177,0.687617,8407551
2,2021-07-24,14914,10360518,10751,5615726,3660,4364886,503,379906,8334,773448,0.091994,6469,5016680,0.596687,8951,5790128,0.688682,8407551
2,2021-07-25,6733,10367251,4962,5620688,1628,4366514,143,380049,4977,776899,0.092405,1708,5018388,0.596891,5159,5795287,0.689295,8407551
2,2021-07-26,19197,10386448,13557,5634245,4856,4371370,784,380833,12154,783057,0.093137,6905,5025293,0.597712,13063,5808350,0.690849,8407551
2,2021-07-27,23025,10409473,16675,5650920,5484,4376854,866,381699,13480,788178,0.093746,9376,5034669,0.598827,14497,5822847,0.692573,8407551
2,2021-07-28,22739,10432212,16271,5667191,5564,4382418,904,382603,13458,793614,0.094393,9112,5043781,0.599911,14548,5837395,0.694304,8407551
2,2021-07-29,21533,10453745,15446,5682637,5173,4387591,914,383517,13018,799331,0.095073,8369,5052150,0.600906,14086,5851481,0.695979,8407551
2,2021-07-30,26338,10480083,18758,5701395,6614,4394205,966,384483,15773,805904,0.095855,10366,5062516,0.602139,16939,5868420,0.697994,8407551
2,2021-07-31,15769,10495852,11617,5713012,3644,4397849,508,384991,9548,810002,0.096342,6095,5068611,0.602864,10193,5878613,0.699206,8407551
2,2021-08-01,8066,10503918,6205,5719217,1689,4399538,172,385163,5286,812809,0.096676,2715,5071326,0.603187,5522,5884135,0.699863,8407551
2,2021-08-02,21303,10525221,16016,5735233,4522,4404060,765,385928,13502,819533,0.097476,7658,5078984,0.604098,14382,5898517,0.701574,8407551
2,2021-08-03,24165,10549386,17623,5752856,5523,4409583,1019,386947,15024,826721,0.098331,8987,5087971,0.605167,16175,5914692,0.703498,8407551
2,2021-08-04,22811,10572197,16893,5769749,5035,4414618,883,387830,14209,833456,0.099132,8455,5096426,0.606172,15190,5929882,0.705304,8407551
2,2021-08-05,23184,10595381,16988,5786737,5246,4419864,950,388780,14340,840187,0.099932,8672,5105098,0.607204,15403,5945285,0.707136,8407551
2,2021-08-06,27736,10623117,20308,5807045,6438,4426302,990,389770,16896,847547,0.100808,10654,5115752,0.608471,18014,5963299,0.709279,8407551
2,2021-08-07,16911,10640028,12575,5819620,3739,4430041,597,390367,10384,852195,0.101361,6415,5122167,0.609234,11063,5974362,0.710595,8407551
2,2021-08-08,9374,10649402,7098,5826718,2047,4432088,229,390596,5855,854888,0.101681,3433,5125600,0.609642,6126,5980488,0.711323,8407551
2,2021-08-09,23314,10672716,17885,5844603,4663,4436751,766,391362,14099,860834,0.102388,9050,5134650,0.610719,14996,5995484,0.713107,8407551
2,2021-08-10,24392,10697108,17972,5862575,5566,4442317,854,392216,14325,866263,0.103034,9889,5144539,0.611895,15318,6010802,0.714929,8407551
2,2021-08-11,22056,10719164,16464,5879039,4678,4446995,914,393130,12799,870996,0.103597,9078,5153617,0.612975,13811,6024613,0.716572,8407551
2,2021-08-12,23899,10743063,17088,5896127,5727,4452722,1084,394214,13923,876341,0.104233,9764,5163381,0.614136,15109,6039722,0.718369,8407551
2,2021-08-13,29950,10773013,21675,5917802,7229,4459951,1046,395260,17320,882572,0.104974,12270,5175651,0.615596,18501,6058223,0.720569,8407551
2,2021-08-14,18750,10791763,13821,5931623,4421,4464372,508,395768,10508,886079,0.105391,7649,5183300,0.616505,11156,6069379,0.721896,8407551
2,2021-08-15,9768,10801531,7333,5938956,2245,4466617,190,395958,5350,887702,0.105584,3988,5187288,0.61698,5611,6074990,0.722564,8407551
2,2021-08-16,24757,10826288,17512,5956468,6399,4473016,846,396804,12908,890995,0.105976,10606,5197894,0.618241,13899,6088889,0.724217,8407551
2,2021-08-17,25992,10852280,18385,5974853,6665,4479681,942,397746,12892,893313,0.106251,11646,5209540,0.619626,13964,6102853,0.725878,8407551
2,2021-08-18,26254,10878534,18640,5993493,6712,4486393,902,398648,12846,895533,0.106515,11677,5221217,0.621015,13897,6116750,0.727531,8407551
2,2021-08-19,26036,10904570,17979,6011472,7034,4493427,1023,399671,12911,898311,0.106846,11287,5232504,0.622358,14065,6130815,0.729203,8407551
2,2021-08-20,32496,10937066,22824,6034296,8629,4502056,1043,400714,15272,899969,0.107043,14808,5247312,0.624119,16466,6147281,0.731162,8407551
2,2021-08-21,19038,10956104,14050,6048346,4438,4506494,550,401264,9066,900839,0.107146,8882,5256194,0.625175,9752,6157033,0.732322,8407551
2,2021-08-22,10705,10966809,7920,6056266,2571,4509065,214,401478,5277,901557,0.107232,4851,5261045,0.625752,5569,6162602,0.732984,8407551
2,2021-08-23,26701,10993510,19528,6075794,6449,4515514,724,402202,12481,902587,0.107354,12423,5273468,0.62723,13453,6176055,0.734584,8407551
2,2021-08-24,27403,11020913,20398,6096192,6134,4521648,871,403073,12116,902373,0.107329,13418,5286886,0.628826,13204,6189259,0.736155,8407551
2,2021-08-25,26265,11047178,19913,6116105,5613,4527261,739,403812,11948,902708,0.107369,12565,5299451,0.63032,12900,6202159,0.737689,8407551
2,2021-08-26,26434,11073612,19713,6135818,5902,4533163,819,404631,11824,902850,0.107386,12692,5312143,0.63183,12834,6214993,0.739216,8407551
2,2021-08-27,32471,11106083,24141,6159959,7425,4540588,905,405536,13507,901150,0.107183,16395,5328538,0.63378,14695,6229688,0.740963,8407551
2,2021-08-28,19142,11125225,14621,6174580,4152,4544740,369,405905,8122,900008,0.107048,9818,5338356,0.634948,8676,6238364,0.741995,8407551
2,2021-08-29,11158,11136383,8535,6183115,2472,4547212,151,406056,4819,899397,0.106975,5706,5344062,0.635626,5095,6243459,0.742601,8407551
2,2021-08-30,25780,11162163,19217,6202332,5883,4553095,680,406736,10548,897664,0.106769,13217,5357279,0.637199,11484,6254943,0.743967,8407551
2,2021-08-31,25414,11187577,18526,6220858,6186,4559281,702,407438,10287,895937,0.106563,12954,5370233,0.638739,11227,6266170,0.745303,8407551
2,2021-09-01,24677,11212254,18001,6238859,5969,4565250,707,408145,10676,895771,0.106544,11776,5382009,0.64014,11610,6277780,0.746684,8407551
2,2021-09-02,23706,11235960,17029,6255888,6031,4571281,646,408791,9679,894565,0.1064,11710,5393719,0.641533,10504,6288284,0.747933,8407551
2,2021-09-03,29630,11265590,21587,6277475,7368,4578649,675,409466,11362,891308,0.106013,15515,5409234,0.643378,12258,6300542,0.749391,8407551
2,2021-09-04,16340,11281930,12409,6289884,3698,4582347,233,409699,6627,889643,0.105815,8684,5417918,0.644411,7019,6307561,0.750226,8407551
2,2021-09-05,9303,11291233,6953,6296837,2285,4584632,65,409764,4251,889525,0.105801,4519,5422437,0.644948,4401,6311962,0.750749,8407551
2,2021-09-06,2341,11293574,1571,6298408,737,4585369,33,409797,1012,889420,0.105788,1181,5423618,0.645089,1076,6313038,0.750877,8407551
3,2020-12-15,342,342,342,342,0,0,0,0,342,342,4.2e-05,0,0,0.0,342,342,4.2e-05,8129050
3,2020-12-16,2543,2885,2543,2885,0,0,0,0,2543,2885,0.000355,0,0,0.0,2543,2885,0.000355,8129050
3,2020-12-17,7966,10851,7966,10851,0,0,0,0,7967,10852,0.001335,0,0,0.0,7967,10852,0.001335,8129050
3,2020-12-18,13585,24436,13564,24415,21,21,0,0,13580,24432,0.003006,0,0,0.0,13580,24432,0.003006,8129050
3,2020-12-19,7290,31726,7278,31693,12,33,0,0,7344,31774,0.003909,2,2,0.0,7344,31776,0.003909,8129050
3,2020-12-20,5707,37433,5693,37386,14,47,0,0,5755,37528,0.004617,1,3,0.0,5755,37531,0.004617,8129050
3,2020-12-21,14518,51951,14489,51875,29,76,0,0,14581,52108,0.00641,1,4,0.0,14581,52112,0.006411,8129050
3,2020-12-22,15013,66964,14399,66274,614,690,0,0,15048,67151,0.008261,5,9,1e-06,15048,67160,0.008262,8129050
3,2020-12-23,15039,82003,12378,78652,2661,3351,0,0,15060,82210,0.010113,2,11,1e-06,15061,82221,0.010114,8129050
3,2020-12-24,6881,88884,4922,83574,1959,5310,0,0,6877,89084,0.010959,3,14,2e-06,6877,89098,0.01096,8129050
3,2020-12-25,748,89632,686,84260,62,5372,0,0,743,89825,0.01105,2,16,2e-06,743,89841,0.011052,8129050
3,2020-12-26,4638,94270,3012,87272,1626,6998,0,0,4636,94461,0.01162,0,16,2e-06,4636,94477,0.011622,8129050
3,2020-12-27,3034,97304,1875,89147,1159,8157,0,0,3033,97494,0.011993,0,16,2e-06,3033,97510,0.011995,8129050
3,2020-12-28,13853,111157,8864,98011,4989,13146,0,0,13868,111353,0.013698,9,25,3e-06,13868,111378,0.013701,8129050
3,2020-12-29,15505,126662,8786,106797,6719,19865,0,0,15531,126881,0.015608,3,28,3e-06,15531,126909,0.015612,8129050
3,2020-12-30,18426,145088,10340,117137,8086,27951,0,0,18431,145310,0.017875,3,31,4e-06,18432,145341,0.017879,8129050
3,2020-12-31,8550,153638,3261,120398,5289,33240,0,0,8550,153858,0.018927,2,33,4e-06,8550,153891,0.018931,8129050
3,2021-01-01,1926,155564,929,121327,997,34237,0,0,1920,155776,0.019163,2,35,4e-06,1920,155811,0.019167,8129050
3,2021-01-02,5008,160572,2468,123795,2540,36777,0,0,5005,160780,0.019778,1,36,4e-06,5005,160816,0.019783,8129050
3,2021-01-03,1641,162213,863,124658,778,37555,0,0,1632,162410,0.019979,2,38,5e-06,1632,162448,0.019984,8129050
3,2021-01-04,12210,174423,6065,130723,6145,43700,0,0,12179,174580,0.021476,9,47,6e-06,12179,174627,0.021482,8129050
3,2021-01-05,15970,190393,8298,139021,7672,51372,0,0,14252,187168,0.023025,1698,1745,0.000215,14286,188913,0.023239,8129050
3,2021-01-06,20812,211205,11033,150054,9779,61151,0,0,16146,198706,0.024444,4619,6364,0.000783,16157,205070,0.025227,8129050
3,2021-01-07,26895,238100,15373,165427,11522,72673,0,0,17300,206469,0.025399,9556,15920,0.001958,17319,222389,0.027357,8129050
3,2021-01-08,30910,269010,18854,184281,12056,84729,0,0,18270,212155,0.026098,12614,28534,0.00351,18300,240689,0.029609,8129050
3,2021-01-09,12614,281624,7122,191403,5492,90221,0,0,8031,215621,0.026525,4575,33109,0.004073,8041,248730,0.030598,8129050
3,2021-01-10,7287,288911,4514,195917,2773,92994,0,0,4099,216543,0.026638,3185,36294,0.004465,4107,252837,0.031103,8129050
3,2021-01-11,29489,318400,19281,215198,10208,103202,0,0,16682,220483,0.027123,12792,49086,0.006038,16732,269569,0.033161,8129050
3,2021-01-12,33076,351476,19658,234856,13418,116620,0,0,20267,228117,0.028062,12786,61872,0.007611,20420,289989,0.035673,8129050
3,2021-01-13,35054,386530,18283,253139,16771,133391,0,0,24669,242434,0.029823,10378,72250,0.008888,24695,314684,0.038711,8129050
3,2021-01-14,35094,421624,14347,267486,20747,154138,0,0,29107,265672,0.032682,5911,78161,0.009615,29149,343833,0.042297,8129050
3,2021-01-15,39415,461039,14660,282146,24755,178893,0,0,34660,295680,0.036373,4732,82893,0.010197,34740,378573,0.04657,8129050
3,2021-01-16,22053,483092,7527,289673,14526,193419,0,0,19662,312986,0.038502,2379,85272,0.01049,19685,398258,0.048992,8129050
3,2021-01-17,13228,496320,4503,294176,8725,202144,0,0,12131,324038,0.039862,1097,86369,0.010625,12149,410407,0.050486,8129050
3,2021-01-18,24986,521306,13051,307227,11935,214079,0,0,19290,337669,0.041539,5710,92079,0.011327,19341,429748,0.052866,8129050
3,2021-01-19,41602,562908,21220,328447,20382,234461,0,0,32161,360509,0.044348,9413,101492,0.012485,32253,462001,0.056833,8129050
3,2021-01-20,46604,609512,23206,351653,23398,257859,0,0,36844,387728,0.047697,9716,111208,0.01368,36935,498936,0.061377,8129050
3,2021-01-21,48657,658169,21157,372810,27500,285359,0,0,42975,425193,0.052305,5598,116806,0.014369,43063,541999,0.066674,8129050
3,2021-01-22,50259,708428,20039,392849,30220,315579,0,0,45923,466860,0.057431,4330,121136,0.014902,45997,587996,0.072333,8129050
3,2021-01-23,30686,739114,12905,405754,17781,333360,0,0,27352,490951,0.060395,3323,124459,0.01531,27414,615410,0.075705,8129050
3,2021-01-24,18103,757217,8560,414314,9543,342903,0,0,16901,506687,0.06233,1198,125657,0.015458,16934,632344,0.077788,8129050
3,2021-01-25,41346,798563,18428,432742,22918,365821,0,0,31163,527787,0.064926,10159,135816,0.016707,31259,663603,0.081634,8129050
3,2021-01-26,47805,846368,22838,455580,24967,390788,0,0,37416,554944,0.068267,10373,146189,0.017984,37530,701133,0.08625,8129050
3,2021-01-27,52109,898477,24804,480384,27305,418093,0,0,41231,585456,0.07202,10807,156996,0.019313,41319,742452,0.091333,8129050
3,2021-01-28,52718,951195,24425,504809,28293,446386,0,0,43565,620025,0.076273,9060,166056,0.020427,43629,786081,0.0967,8129050
3,2021-01-29,51694,1002889,24726,529535,26968,473354,0,0,41750,652082,0.080216,9749,175805,0.021627,41806,827887,0.101843,8129050
3,2021-01-30,37840,1040729,17815,547350,20025,493379,0,0,33057,680509,0.083713,4728,180533,0.022208,33155,861042,0.105922,8129050
3,2021-01-31,22958,1063687,12929,560279,10029,503408,0,0,21503,700603,0.086185,1436,181969,0.022385,21530,882572,0.10857,8129050
3,2021-02-01,46701,1110388,21371,581650,25330,528738,0,0,35541,725099,0.089198,11090,193059,0.023749,35586,918158,0.112948,8129050
3,2021-02-02,55102,1165490,22982,604632,32120,560858,0,0,42438,755029,0.09288,12563,205622,0.025295,42493,960651,0.118175,8129050
3,2021-02-03,60612,1226102,26933,631565,33679,594537,0,0,44980,784616,0.09652,15471,221093,0.027198,45058,1005709,0.123718,8129050
3,2021-02-04,65069,1291171,28156,659721,36913,631450,0,0,47540,814971,0.100254,17316,238409,0.029328,47671,1053380,0.129582,8129050
3,2021-02-05,71334,1362505,30043,689764,41291,672741,0,0,49140,842394,0.103628,21932,260341,0.032026,49355,1102735,0.135654,8129050
3,2021-02-06,44092,1406597,21087,710851,23005,695746,0,0,34282,867113,0.106668,9761,270102,0.033227,34480,1137215,0.139895,8129050
3,2021-02-07,19939,1426536,12699,723550,7240,702986,0,0,15303,877929,0.107999,4617,274719,0.033795,15433,1152648,0.141794,8129050
3,2021-02-08,51998,1478534,25103,748653,26895,729881,0,0,33970,894207,0.110001,17889,292608,0.035995,34167,1186815,0.145997,8129050
3,2021-02-09,59351,1537885,28788,777441,30563,760444,0,0,34622,904672,0.111289,24519,317127,0.039012,34984,1221799,0.1503,8129050
3,2021-02-10,69018,1606903,32104,809545,36914,797358,0,0,36841,910167,0.111965,31871,348998,0.042932,37366,1259165,0.154897,8129050
3,2021-02-11,71552,1678455,35170,844715,36382,833740,0,0,37862,915301,0.112596,33286,382284,0.047027,38420,1297585,0.159623,8129050
3,2021-02-12,76472,1754927,32931,877646,43541,877281,0,0,42050,924059,0.113674,34070,416354,0.051218,42828,1340413,0.164892,8129050
3,2021-02-13,45565,1800492,20638,898284,24927,902208,0,0,26059,931329,0.114568,19384,435738,0.053603,26654,1367067,0.168171,8129050
3,2021-02-14,27649,1828141,13801,912085,13848,916056,0,0,15308,934838,0.115,12270,448008,0.055112,15779,1382846,0.170112,8129050
3,2021-02-15,40629,1868770,17510,929595,23119,939175,0,0,22384,940055,0.115641,18127,466135,0.057342,23344,1406190,0.172983,8129050
3,2021-02-16,71008,1939778,33618,963213,37390,976565,0,0,36702,943676,0.116087,34137,500272,0.061541,37758,1443948,0.177628,8129050
3,2021-02-17,72816,2012594,36772,999985,36044,1012609,0,0,34353,940913,0.115747,38193,538465,0.06624,35430,1479378,0.181987,8129050
3,2021-02-18,77931,2090525,40689,1040674,37242,1049851,0,0,35886,936331,0.115183,41827,580292,0.071385,37245,1516623,0.186568,8129050
3,2021-02-19,70053,2160578,40344,1081018,29709,1079560,0,0,35264,937676,0.115349,34604,614896,0.075642,35949,1552572,0.190991,8129050
3,2021-02-20,43591,2204169,27487,1108505,16104,1095664,0,0,22655,940068,0.115643,20804,635700,0.078201,23196,1575768,0.193844,8129050
3,2021-02-21,24590,2228759,19741,1128246,4849,1100513,0,0,11793,939603,0.115586,12685,648385,0.079761,12220,1587988,0.195347,8129050
3,2021-02-22,48029,2276788,31247,1159493,16782,1117295,0,0,22420,937081,0.115276,25451,673836,0.082892,22929,1610917,0.198168,8129050
3,2021-02-23,64268,2341056,34877,1194370,29391,1146686,0,0,27928,930949,0.114521,36083,709919,0.087331,29951,1640868,0.201852,8129050
3,2021-02-24,80451,2421507,39543,1233913,40908,1187594,0,0,35326,923987,0.113665,44842,754761,0.092847,37880,1678748,0.206512,8129050
3,2021-02-25,90183,2511690,43910,1277823,46273,1233867,0,0,44716,926200,0.113937,45136,799897,0.0984,47349,1726097,0.212337,8129050
3,2021-02-26,101177,2612867,46258,1324081,54919,1288786,0,0,53143,933995,0.114896,47589,847486,0.104254,55384,1781481,0.21915,8129050
3,2021-02-27,71727,2684594,32952,1357033,38771,1327557,4,4,37610,939083,0.115522,33863,881349,0.10842,38951,1820432,0.223942,8129050
3,2021-02-28,41898,2726492,24215,1381248,17678,1345235,5,9,21170,940719,0.115723,20518,901867,0.110944,22154,1842586,0.226667,8129050
3,2021-03-01,70991,2797483,37599,1418847,33331,1378566,61,70,39415,950289,0.1169,31292,933159,0.114793,40862,1883448,0.231693,8129050
3,2021-03-02,82406,2879889,40616,1459463,41774,1420340,16,86,47423,965076,0.118719,34796,967955,0.119074,49583,1933031,0.237793,8129050
3,2021-03-03,92397,2972286,44208,1503671,48150,1468490,39,125,51505,978316,0.120348,40623,1008578,0.124071,53863,1986894,0.244419,8129050
3,2021-03-04,96792,3069078,47346,1551017,49420,1517910,26,151,54652,993451,0.12221,41866,1050444,0.129221,57001,2043895,0.251431,8129050
3,2021-03-05,93254,3162332,45534,1596551,47413,1565323,307,458,56199,1015483,0.12492,36742,1087186,0.133741,58774,2102669,0.258661,8129050
3,2021-03-06,66617,3228949,33759,1630310,30684,1596007,2174,2632,37892,1028454,0.126516,28552,1115738,0.137253,41523,2144192,0.263769,8129050
3,2021-03-07,39622,3268571,22833,1653143,14858,1610865,1931,4563,22260,1036524,0.127509,17276,1133014,0.139378,25346,2169538,0.266887,8129050
3,2021-03-08,60876,3329447,28961,1682104,28873,1639738,3042,7605,38429,1057246,0.130058,22267,1155281,0.142118,42989,2212527,0.272175,8129050
3,2021-03-09,78148,3407595,36047,1718151,37593,1677331,4508,12113,41919,1068741,0.131472,36049,1191330,0.146552,47544,2260071,0.278024,8129050
3,2021-03-10,84274,3491869,41897,1760048,36197,1713528,6180,18293,43929,1080110,0.13287,40090,1231420,0.151484,51459,2311530,0.284354,8129050
3,2021-03-11,98503,3590372,48198,1808246,41602,1755130,8703,26996,48125,1087888,0.133827,50071,1281491,0.157643,57849,2369379,0.291471,8129050
3,2021-03-12,103265,3693637,46118,1854364,45208,1800338,11939,38935,47035,1091949,0.134327,55939,1337430,0.164525,60000,2429379,0.298852,8129050
3,2021-03-13,71180,3764817,29966,1884330,33902,1834240,7312,46247,37487,1104506,0.135871,33531,1370961,0.16865,46088,2475467,0.304521,8129050
3,2021-03-14,41659,3806476,21753,1906083,16321,1850561,3585,49832,20974,1109086,0.136435,20585,1391546,0.171182,25165,2500632,0.307617,8129050
3,2021-03-15,76503,3882979,36280,1942363,35629,1886190,4594,54426,40247,1118899,0.137642,35988,1427534,0.175609,45801,2546433,0.313251,8129050
3,2021-03-16,95961,3978940,44247,1986610,47336,1933526,4378,58804,53823,1136120,0.13976,41855,1469389,0.180758,59076,2605509,0.320518,8129050
3,2021-03-17,99362,4078302,48240,2034850,46524,1980050,4598,63402,60190,1162623,0.143021,38904,1508293,0.185544,65407,2670916,0.328564,8129050
3,2021-03-18,104648,4182950,53178,2088028,46872,2026922,4598,68000,59808,1183026,0.145531,44516,1552809,0.19102,64919,2735835,0.33655,8129050
3,2021-03-19,104285,4287235,55969,2143997,43815,2070737,4501,72501,57895,1199856,0.147601,46075,1598884,0.196688,62905,2798740,0.344289,8129050
3,2021-03-20,72653,4359888,37432,2181429,31481,2102218,3740,76241,44573,1220783,0.150175,27844,1626728,0.200113,48771,2847511,0.350288,8129050
3,2021-03-21,36688,4396576,24896,2206325,10259,2112477,1533,77774,22004,1230242,0.151339,14551,1641279,0.201903,24010,2871521,0.353242,8129050
3,2021-03-22,71227,4467803,41844,2248169,26829,2139306,2554,80328,45157,1253162,0.154158,25790,1667069,0.205076,48710,2920231,0.359234,8129050
3,2021-03-23,90812,4558615,50245,2298414,37980,2177286,2587,82915,55180,1276298,0.157005,35326,1702395,0.209421,58462,2978693,0.366426,8129050
3,2021-03-24,99907,4658522,57489,2355903,39446,2216732,2972,85887,56348,1293068,0.159068,43147,1745542,0.214729,59917,3038610,0.373796,8129050
3,2021-03-25,108617,4767139,60331,2416234,45223,2261955,3063,88950,60619,1309779,0.161123,47598,1793140,0.220584,64309,3102919,0.381707,8129050
3,2021-03-26,111972,4879111,60072,2476306,48499,2310454,3401,92351,57152,1316743,0.16198,54421,1847561,0.227279,61385,3164304,0.389259,8129050
3,2021-03-27,75424,4954535,38366,2514672,34482,2344936,2576,94927,36232,1317285,0.162047,38925,1886486,0.232067,39467,3203771,0.394114,8129050
3,2021-03-28,44864,4999399,28283,2542955,15757,2360693,824,95751,22468,1318970,0.162254,22257,1908743,0.234805,23942,3227713,0.397059,8129050
3,2021-03-29,81805,5081204,42732,2585687,37204,2397897,1869,97620,44328,1328833,0.163467,37188,1945931,0.23938,47051,3274764,0.402847,8129050
3,2021-03-30,101500,5182704,49883,2635570,47890,2445787,3727,101347,56356,1344659,0.165414,44843,1990774,0.244896,60669,3335433,0.41031,8129050
3,2021-03-31,106166,5288870,57253,2692823,44008,2489795,4905,106252,56322,1356657,0.16689,49548,2040322,0.250991,61546,3396979,0.417881,8129050
3,2021-04-01,125193,5414063,63277,2756100,52027,2541822,9889,116141,67023,1376109,0.169283,57669,2097991,0.258086,77121,3474100,0.427369,8129050
3,2021-04-02,118982,5533045,58021,2814121,50479,2592301,10482,126623,62251,1392834,0.17134,56387,2154378,0.265022,73112,3547212,0.436362,8129050
3,2021-04-03,76637,5609682,39206,2853327,28123,2620424,9308,135931,38040,1402030,0.172472,38412,2192790,0.269747,47608,3594820,0.442219,8129050
3,2021-04-04,32655,5642337,17467,2870794,10932,2631356,4256,140187,14211,1402129,0.172484,18347,2211137,0.272004,18446,3613266,0.444488,8129050
3,2021-04-05,90558,5732895,45950,2916744,35242,2666598,9366,149553,43782,1409525,0.173394,46512,2257649,0.277726,53908,3667174,0.45112,8129050
3,2021-04-06,114447,5847342,55665,2972409,43439,2710037,15343,164896,53533,1418429,0.174489,60600,2318249,0.285181,69504,3736678,0.45967,8129050
3,2021-04-07,117272,5964614,60680,3033089,40175,2750212,16417,181313,56368,1430845,0.176016,60593,2378842,0.292635,73009,3809687,0.468651,8129050
3,2021-04-08,122343,6086957,60905,3093994,41100,2791312,20338,201651,56569,1442997,0.177511,65428,2444270,0.300683,77580,3887267,0.478194,8129050
3,2021-04-09,119503,6206460,59497,3153491,40672,2831984,19334,220985,52268,1448447,0.178182,66940,2511210,0.308918,72390,3959657,0.4871,8129050
3,2021-04-10,85119,6291579,38224,3191715,31464,2863448,15431,236416,34602,1448925,0.17824,50291,2561501,0.315105,50769,4010426,0.493345,8129050
3,2021-04-11,45623,6337202,24406,3216121,13107,2876555,8110,244526,17305,1446920,0.177994,28205,2589706,0.318574,26200,4036626,0.496568,8129050
3,2021-04-12,84750,6421952,42769,3258890,33057,2909612,8924,253450,38159,1448745,0.178218,46308,2636014,0.324271,48133,4084759,0.502489,8129050
3,2021-04-13,106297,6528249,57562,3316452,48521,2958133,214,253664,55742,1455322,0.179027,50270,2686284,0.330455,56847,4141606,0.509482,8129050
3,2021-04-14,108477,6636726,59332,3375784,49032,3007165,113,253777,53715,1456175,0.179132,54419,2740703,0.337149,55272,4196878,0.516281,8129050
3,2021-04-15,120121,6756847,67579,3443363,52455,3059620,87,253864,63794,1464931,0.180209,55949,2796652,0.344032,64705,4261583,0.524241,8129050
3,2021-04-16,116305,6873152,65217,3508580,50988,3110608,100,253964,60417,1470578,0.180904,55541,2852193,0.350864,61188,4322771,0.531768,8129050
3,2021-04-17,80074,6953226,43698,3552278,36361,3146969,15,253979,44455,1480664,0.182145,35369,2887562,0.355215,45455,4368226,0.53736,8129050
3,2021-04-18,39138,6992364,23680,3575958,15448,3162417,10,253989,18279,1479129,0.181956,20713,2908275,0.357763,19178,4387404,0.539719,8129050
3,2021-04-19,79626,7071990,44298,3620256,35267,3197684,61,254050,35632,1471591,0.181029,43751,2952026,0.363145,36213,4423617,0.544174,8129050
3,2021-04-20,101326,7173316,53320,3673576,47982,3245666,24,254074,48672,1468993,0.180709,52339,3004365,0.369584,49741,4473358,0.550293,8129050
3,2021-04-21,106645,7279961,59892,3733468,46671,3292337,82,254156,50082,1464125,0.18011,56130,3060495,0.376489,51262,4524620,0.556599,8129050
3,2021-04-22,112710,7392671,63329,3796797,49352,3341689,29,254185,48208,1449233,0.178278,64096,3124591,0.384373,49204,4573824,0.562652,8129050
3,2021-04-23,107041,7499712,61226,3858023,45782,3387471,33,254218,46678,1437004,0.176774,59968,3184559,0.39175,47739,4621563,0.568524,8129050
3,2021-04-24,74504,7574216,45974,3903997,28456,3415927,74,254292,36177,1436247,0.176681,38022,3222581,0.396428,37265,4658828,0.573109,8129050
3,2021-04-25,37212,7611428,23739,3927736,13455,3429382,18,254310,18936,1437504,0.176835,18100,3240681,0.398654,19357,4678185,0.57549,8129050
3,2021-04-26,74611,7686039,42194,3969930,31995,3461377,422,254732,31727,1428435,0.17572,42578,3283259,0.403892,33509,4711694,0.579612,8129050
3,2021-04-27,91759,7777798,48193,4018123,41803,3503180,1763,256495,36242,1412038,0.173703,55180,3338439,0.41068,38783,4750477,0.584383,8129050
3,2021-04-28,87618,7865416,49759,4067882,35701,3538881,2158,258653,35611,1398676,0.172059,51678,3390117,0.417037,38316,4788793,0.589096,8129050
3,2021-04-29,89947,7955363,51374,4119256,36327,3575208,2246,260899,31951,1375747,0.169238,57619,3447736,0.424125,34690,4823483,0.593364,8129050
3,2021-04-30,91474,8046837,51597,4170853,37384,3612592,2493,263392,33957,1355558,0.166755,57105,3504841,0.43115,36916,4860399,0.597905,8129050
3,2021-05-01,56100,8102937,35127,4205980,19478,3632070,1495,264887,20192,1342158,0.165106,35582,3540423,0.435527,22182,4882581,0.600634,8129050
3,2021-05-02,27162,8130099,18546,4224526,7591,3639661,1025,265912,9946,1336133,0.164365,17097,3557520,0.43763,11072,4893653,0.601996,8129050
3,2021-05-03,60343,8190442,35462,4259988,22493,3662154,2388,268300,17500,1313621,0.161596,42581,3600101,0.442869,20069,4913722,0.604464,8129050
3,2021-05-04,78108,8268550,45149,4305137,30261,3692415,2698,270998,22598,1284000,0.157952,55188,3655289,0.449658,25567,4939289,0.60761,8129050
3,2021-05-05,79657,8348207,47819,4352956,29109,3721524,2729,273727,21946,1251644,0.153972,57333,3712622,0.45671,24977,4964266,0.610682,8129050
3,2021-05-06,83929,8432136,53097,4406053,28283,3749807,2549,276276,20587,1212501,0.149157,62823,3775445,0.464439,23680,4987946,0.613595,8129050
3,2021-05-07,83004,8515140,51721,4457774,28627,3778434,2656,278932,21871,1176591,0.144739,60737,3836182,0.47191,24827,5012773,0.616649,8129050
3,2021-05-08,53034,8568174,32884,4490658,18418,3796852,1732,280664,14001,1153847,0.141941,38747,3874929,0.476677,16003,5028776,0.618618,8129050
3,2021-05-09,21122,8589296,15443,4506101,4885,3801737,794,281458,5487,1144667,0.140812,15531,3890460,0.478587,6351,5035127,0.619399,8129050
3,2021-05-10,48472,8637768,26088,4532189,20462,3822199,1922,283380,11193,1120984,0.137899,37053,3927513,0.483145,13370,5048497,0.621044,8129050
3,2021-05-11,64588,8702356,36243,4568432,26111,3848310,2234,285614,16179,1091732,0.1343,48136,3975649,0.489067,18884,5067381,0.623367,8129050
3,2021-05-12,65332,8767688,37544,4605976,25372,3873682,2416,288030,16639,1062713,0.13073,48392,4024041,0.49502,19373,5086754,0.62575,8129050
3,2021-05-13,75977,8843665,47886,4653862,26159,3899841,1932,289962,27682,1044930,0.128543,48022,4072063,0.500927,30239,5116993,0.62947,8129050
3,2021-05-14,80980,8924645,51106,4704968,27710,3927551,2164,292126,31308,1029661,0.126664,49343,4121406,0.506997,34074,5151067,0.633662,8129050
3,2021-05-15,62604,8987249,43141,4748109,18231,3945782,1232,293358,25854,1020464,0.125533,36519,4157925,0.51149,27322,5178389,0.637023,8129050
3,2021-05-16,33371,9020620,24964,4773073,7714,3953496,693,294051,13469,1014947,0.124854,19773,4177698,0.513922,14256,5192645,0.638776,8129050
3,2021-05-17,57331,9077951,36502,4809575,18964,3972460,1865,295916,21084,1002153,0.12328,35953,4213651,0.518345,23159,5215804,0.641625,8129050
3,2021-05-18,64935,9142886,38336,4847911,24718,3997178,1881,297797,24348,988482,0.121599,40295,4253946,0.523302,26624,5242428,0.6449,8129050
3,2021-05-19,64451,9207337,39174,4887085,23506,4020684,1771,299568,24912,976182,0.120086,39264,4293210,0.528132,26964,5269392,0.648217,8129050
3,2021-05-20,62236,9269573,36424,4923509,23947,4044631,1865,301433,22280,961019,0.11822,39650,4332860,0.533009,24487,5293879,0.65123,8129050
3,2021-05-21,66618,9336191,40493,4964002,24006,4068637,2119,303552,23767,944715,0.116215,42499,4375359,0.538237,26195,5320074,0.654452,8129050
3,2021-05-22,46086,9382277,30548,4994550,14060,4082697,1478,305030,19142,938887,0.115498,26704,4402063,0.541522,20876,5340950,0.65702,8129050
3,2021-05-23,21867,9404144,15132,5009682,6079,4088776,656,305686,9243,936371,0.115188,12528,4414591,0.543064,10012,5350962,0.658252,8129050
3,2021-05-24,39945,9444089,23390,5033072,14780,4103556,1775,307461,14738,928093,0.11417,24991,4439582,0.546138,16713,5367675,0.660308,8129050
3,2021-05-25,43169,9487258,24290,5057362,17182,4120738,1697,309158,15302,917756,0.112898,27569,4467151,0.549529,17232,5384907,0.662428,8129050
3,2021-05-26,42767,9530025,24467,5081829,16549,4137287,1751,310909,16015,909219,0.111848,26443,4493594,0.552782,17906,5402813,0.66463,8129050
3,2021-05-27,39698,9569723,22258,5104087,15678,4152965,1762,312671,15501,902727,0.11105,24006,4517600,0.555735,17514,5420327,0.666785,8129050
3,2021-05-28,43300,9613023,24485,5128572,17001,4169966,1814,314485,17983,897756,0.110438,25092,4542692,0.558822,20121,5440448,0.66926,8129050
3,2021-05-29,23649,9636672,14455,5143027,8353,4178319,841,315326,10998,897230,0.110373,12500,4555192,0.56036,11974,5452422,0.670733,8129050
3,2021-05-30,10684,9647356,6928,5149955,3119,4181438,637,315963,4484,896276,0.110256,6118,4561310,0.561112,5164,5457586,0.671368,8129050
3,2021-05-31,4712,9652068,2729,5152684,1716,4183154,267,316230,1475,894868,0.110083,3179,4564489,0.561503,1771,5459357,0.671586,8129050
3,2021-06-01,38085,9690153,21922,5174606,14704,4197858,1459,317689,13322,885351,0.108912,24491,4588980,0.564516,14974,5474331,0.673428,8129050
3,2021-06-02,31796,9721949,18316,5192922,12056,4209914,1424,319113,11750,878840,0.108111,19825,4608805,0.566955,13314,5487645,0.675066,8129050
3,2021-06-03,40031,9761980,27398,5220320,11184,4221098,1449,320562,11554,863792,0.10626,28290,4637095,0.570435,13242,5500887,0.676695,8129050
3,2021-06-04,46719,9808699,33065,5253385,12100,4233198,1554,322116,13306,845926,0.104062,33148,4670243,0.574513,15282,5516169,0.678575,8129050
3,2021-06-05,34627,9843326,26114,5279499,7321,4240519,1192,323308,8770,830451,0.102158,25636,4695879,0.577666,10161,5526330,0.679825,8129050
3,2021-06-06,14723,9858049,12288,5291787,1849,4242368,586,323894,3700,823955,0.101359,10953,4706832,0.579014,4457,5530787,0.680373,8129050
3,2021-06-07,30683,9888732,22299,5314086,7092,4249460,1292,325186,8874,812595,0.099962,21643,4728475,0.581676,10283,5541070,0.681638,8129050
3,2021-06-08,34456,9923188,24720,5338806,8434,4257894,1302,326488,9948,799785,0.098386,24288,4752763,0.584664,11478,5552548,0.68305,8129050
3,2021-06-09,33144,9956332,24040,5362846,7796,4265690,1308,327796,8894,786093,0.096702,24062,4776825,0.587624,10370,5562918,0.684326,8129050
3,2021-06-10,32662,9988994,23552,5386398,7570,4273260,1540,329336,8986,773313,0.09513,23508,4800333,0.590516,10728,5573646,0.685645,8129050
3,2021-06-11,35902,10024896,25398,5411796,9120,4282380,1384,330720,10673,760528,0.093557,25020,4825353,0.593594,12235,5585881,0.687151,8129050
3,2021-06-12,25503,10050399,19235,5431031,5368,4287748,900,331620,6749,749718,0.092227,18627,4843980,0.595885,7817,5593698,0.688112,8129050
3,2021-06-13,10227,10060626,7667,5438698,2068,4289816,492,332112,2384,744878,0.091632,7791,4851771,0.596844,2951,5596649,0.688475,8129050
3,2021-06-14,26087,10086713,18709,5457407,5928,4295744,1450,333562,8152,736828,0.090641,17795,4869566,0.599033,9745,5606394,0.689674,8129050
3,2021-06-15,29066,10115779,19678,5477085,7861,4303605,1527,335089,9763,729234,0.089707,19054,4888620,0.601377,11460,5617854,0.691084,8129050
3,2021-06-16,26206,10141985,18641,5495726,6132,4309737,1433,336522,8867,722532,0.088883,17151,4905771,0.603486,10449,5628303,0.692369,8129050
3,2021-06-17,25013,10166998,17906,5513632,5804,4315541,1303,337825,8679,716488,0.088139,16166,4921937,0.605475,10122,5638425,0.693614,8129050
3,2021-06-18,28082,10195080,19820,5533452,6689,4322230,1573,339398,9786,709954,0.087335,18061,4939998,0.607697,11527,5649952,0.695032,8129050
3,2021-06-19,16065,10211145,11802,5545254,3400,4325630,863,340261,5744,706478,0.086908,10192,4950190,0.608951,6716,5656668,0.695858,8129050
3,2021-06-20,6907,10218052,5184,5550438,1421,4327051,302,340563,2618,705220,0.086753,4231,4954421,0.609471,2973,5659641,0.696224,8129050
3,2021-06-21,16276,10234328,10270,5560708,4599,4331650,1407,341970,8090,706748,0.086941,8089,4962510,0.610466,9617,5669258,0.697407,8129050
3,2021-06-22,22142,10256470,15509,5576217,5323,4336973,1310,343280,8243,702692,0.086442,13763,4976273,0.612159,9707,5678965,0.698601,8129050
3,2021-06-23,20325,10276795,14227,5590444,4753,4341726,1345,344625,8032,700034,0.086115,12175,4988448,0.613657,9517,5688482,0.699772,8129050
3,2021-06-24,20030,10296825,13938,5604382,4633,4346359,1459,346084,7810,697378,0.085788,12035,5000483,0.615137,9379,5697861,0.700926,8129050
3,2021-06-25,23427,10320252,16622,5621004,5378,4351737,1427,347511,9132,693910,0.085362,14154,5014637,0.616879,10686,5708547,0.70224,8129050
3,2021-06-26,14059,10334311,10443,5631447,2842,4354579,774,348285,5866,692626,0.085204,8082,5022719,0.617873,6798,5715345,0.703077,8129050
3,2021-06-27,6762,10341073,5238,5636685,1217,4355796,307,348592,2888,692029,0.08513,3827,5026546,0.618344,3230,5718575,0.703474,8129050
3,2021-06-28,16142,10357215,12409,5649094,2645,4358441,1088,349680,6787,690807,0.08498,9203,5035749,0.619476,7981,5726556,0.704456,8129050
3,2021-06-29,18211,10375426,12828,5661922,4368,4362809,1015,350695,7477,688849,0.084739,10583,5046332,0.620778,8625,5735181,0.705517,8129050
3,2021-06-30,17268,10392694,12249,5674171,3968,4366777,1051,351746,7456,687870,0.084619,9633,5055965,0.621963,8654,5743835,0.706581,8129050
3,2021-07-01,16522,10409216,11774,5685945,3669,4370446,1079,352825,6975,686621,0.084465,9404,5065369,0.623119,8155,5751990,0.707585,8129050
3,2021-07-02,18671,10427887,13280,5699225,4283,4374729,1108,353933,7982,685242,0.084295,10564,5075933,0.624419,9185,5761175,0.708714,8129050
3,2021-07-03,10194,10438081,7372,5706597,2381,4377110,441,354374,4369,684409,0.084193,5745,5081678,0.625126,4912,5766087,0.709319,8129050
3,2021-07-04,733,10438814,432,5707029,214,4377324,87,354461,284,684356,0.084186,440,5082118,0.62518,387,5766474,0.709366,8129050
3,2021-07-05,9605,10448419,7021,5714050,2158,4379482,426,354887,4353,684022,0.084145,5178,5087296,0.625817,4844,5771318,0.709962,8129050
3,2021-07-06,19262,10467681,13955,5728005,4176,4383658,1131,356018,6973,680146,0.083669,12103,5099399,0.627306,8227,5779545,0.710974,8129050
3,2021-07-07,15858,10483539,11248,5739253,3484,4387142,1126,357144,6375,678411,0.083455,9344,5108743,0.628455,7609,5787154,0.71191,8129050
3,2021-07-08,15433,10498972,11156,5750409,3275,4390417,1002,358146,6220,676665,0.08324,9057,5117800,0.629569,7311,5794465,0.71281,8129050
3,2021-07-09,17755,10516727,12396,5762805,4135,4394552,1224,359370,7361,675107,0.083049,10253,5128053,0.630831,8695,5803160,0.713879,8129050
3,2021-07-10,10978,10527705,8090,5770895,2218,4396770,670,360040,4672,674311,0.082951,6228,5134281,0.631597,5432,5808592,0.714547,8129050
3,2021-07-11,5163,10532868,3824,5774719,1062,4397832,277,360317,2336,674168,0.082933,2776,5137057,0.631938,2633,5811225,0.714871,8129050
3,2021-07-12,14387,10547255,10503,5785222,2882,4400714,1002,361319,5754,672442,0.082721,8551,5145608,0.63299,6825,5818050,0.715711,8129050
3,2021-07-13,15221,10562476,10749,5795971,3555,4404269,917,362236,6690,671702,0.08263,8426,5154034,0.634027,7686,5825736,0.716656,8129050
3,2021-07-14,14496,10576972,10295,5806266,3275,4407544,926,363162,6480,671253,0.082575,7915,5161949,0.635,7466,5833202,0.717575,8129050
3,2021-07-15,14803,10591775,10704,5816970,3256,4410800,843,364005,6785,671038,0.082548,7918,5169867,0.635974,7703,5840905,0.718522,8129050
3,2021-07-16,17831,10609606,12814,5829784,4122,4414922,895,364900,8516,671320,0.082583,9204,5179071,0.637107,9486,5850391,0.719689,8129050
3,2021-07-17,11329,10620935,8303,5838087,2490,4417412,536,365436,5394,671456,0.0826,5860,5184931,0.637827,5996,5856387,0.720427,8129050
3,2021-07-18,5769,10626704,4361,5842448,1157,4418569,251,365687,2842,671692,0.082629,2883,5187814,0.638182,3119,5859506,0.720811,8129050
3,2021-07-19,14947,10641651,10937,5853385,3127,4421696,883,366570,7324,672450,0.082722,7523,5195337,0.639108,8281,5867787,0.721829,8129050
3,2021-07-20,16664,10658315,11606,5864991,4152,4425848,906,367476,8567,674036,0.082917,7969,5203306,0.640088,9555,5877342,0.723005,8129050
3,2021-07-21,16049,10674364,11367,5876358,3813,4429661,869,368345,8078,675225,0.083063,7838,5211144,0.641052,9027,5886369,0.724115,8129050
3,2021-07-22,16455,10690819,11624,5887982,3864,4433525,967,369312,8533,676994,0.083281,7795,5218939,0.642011,9564,5895933,0.725292,8129050
3,2021-07-23,19350,10710169,13798,5901780,4538,4438063,1014,370326,10385,679667,0.08361,8815,5227754,0.643095,11488,5907421,0.726705,8129050
3,2021-07-24,11668,10721837,8411,5910191,2675,4440738,582,370908,6453,681605,0.083848,5136,5232890,0.643727,7074,5914495,0.727575,8129050
3,2021-07-25,5694,10727531,4268,5914459,1215,4441953,211,371119,4111,684444,0.084197,1533,5234423,0.643916,4372,5918867,0.728113,8129050
3,2021-07-26,15597,10743128,10863,5925322,3759,4445712,975,372094,9429,688865,0.084741,6045,5240468,0.644659,10466,5929333,0.7294,8129050
3,2021-07-27,17603,10760731,12451,5937773,4170,4449882,982,373076,10083,692621,0.085203,7381,5247849,0.645567,11137,5940470,0.730771,8129050
3,2021-07-28,17153,10777884,12281,5950054,3833,4453715,1039,374115,9910,696523,0.085683,7096,5254945,0.64644,10998,5951468,0.732123,8129050
3,2021-07-29,16951,10794835,12205,5962259,3711,4457426,1035,375150,10009,700881,0.086219,6757,5261702,0.647271,11115,5962583,0.733491,8129050
3,2021-07-30,19698,10814533,13910,5976169,4698,4462124,1090,376240,11428,705433,0.086779,8055,5269757,0.648262,12607,5975190,0.735042,8129050
3,2021-07-31,12241,10826774,8864,5985033,2721,4464845,656,376896,7130,708316,0.087134,4966,5274723,0.648873,7849,5983039,0.736007,8129050
3,2021-08-01,6514,10833288,4961,5989994,1292,4466137,261,377157,4211,710585,0.087413,2238,5276961,0.649149,4507,5987546,0.736562,8129050
3,2021-08-02,16611,10849899,12047,6002041,3633,4469770,931,378088,10326,715749,0.088048,6158,5283119,0.649906,11322,5998868,0.737954,8129050
3,2021-08-03,18487,10868386,13334,6015375,4036,4473806,1117,379205,11012,720635,0.088649,7296,5290415,0.650804,12182,6011050,0.739453,8129050
3,2021-08-04,17591,10885977,12646,6028021,3930,4477736,1015,380220,10465,725198,0.089211,6966,5297381,0.651661,11529,6022579,0.740871,8129050
3,2021-08-05,17999,10903976,13001,6041022,3838,4481574,1160,381380,10864,730321,0.089841,6970,5304351,0.652518,12093,6034672,0.742359,8129050
3,2021-08-06,21814,10925790,15801,6056823,4853,4486427,1160,382540,12895,735728,0.090506,8715,5313066,0.65359,14122,6048794,0.744096,8129050
3,2021-08-07,12827,10938617,9518,6066341,2677,4489104,632,383172,7498,738722,0.090874,5187,5318253,0.654228,8181,6056975,0.745102,8129050
3,2021-08-08,7592,10946209,5810,6072151,1540,4490644,242,383414,4679,740851,0.091136,2829,5321082,0.654576,4958,6061933,0.745712,8129050
3,2021-08-09,18401,10964610,13771,6085922,3533,4494177,1097,384511,10387,744558,0.091592,7853,5328935,0.655542,11560,6073493,0.747134,8129050
3,2021-08-10,18616,10983226,13623,6099545,3970,4498147,1023,385534,10485,748146,0.092034,7957,5336892,0.656521,11545,6085038,0.748555,8129050
3,2021-08-11,16637,10999863,12046,6111591,3549,4501696,1042,386576,9265,751338,0.092426,7170,5344062,0.657403,10362,6095400,0.749829,8129050
3,2021-08-12,18200,11018063,12845,6124436,4258,4505954,1097,387673,9999,754491,0.092814,7990,5352052,0.658386,11143,6106543,0.7512,8129050
3,2021-08-13,22704,11040767,16091,6140527,5433,4511387,1180,388853,12363,758208,0.093271,9895,5361947,0.659603,13612,6120155,0.752875,8129050
3,2021-08-14,14741,11055508,10358,6150885,3737,4515124,646,389499,7653,760397,0.093541,6164,5368111,0.660361,8353,6128508,0.753902,8129050
3,2021-08-15,8389,11063897,6083,6156968,2016,4517140,290,389789,4210,761532,0.09368,3393,5371504,0.660779,4528,6133036,0.754459,8129050
3,2021-08-16,20725,11084622,14295,6171263,5435,4522575,995,390784,9813,763466,0.093918,8962,5380466,0.661881,10896,6143932,0.7558,8129050
3,2021-08-17,21363,11105985,14511,6185774,5794,4528369,1058,391842,9797,765098,0.094119,9333,5389799,0.663029,10965,6154897,0.757148,8129050
3,2021-08-18,21188,11127173,14112,6199886,6062,4534431,1014,392856,9518,766673,0.094313,9048,5398847,0.664142,10623,6165520,0.758455,8129050
3,2021-08-19,21281,11148454,14046,6213932,6143,4540574,1092,393948,9243,767999,0.094476,9076,5407923,0.665259,10402,6175922,0.759735,8129050
3,2021-08-20,26820,11175274,18062,6231994,7607,4548181,1151,395099,11286,768655,0.094557,11887,5419810,0.666721,12543,6188465,0.761278,8129050
3,2021-08-21,15561,11190835,11224,6243218,3748,4551929,589,395688,6525,768668,0.094558,7173,5426983,0.667604,7186,6195651,0.762162,8129050
3,2021-08-22,8857,11199692,6310,6249528,2320,4554249,227,395915,3959,769122,0.094614,3781,5430764,0.668069,4235,6199886,0.762683,8129050
3,2021-08-23,22742,11222434,15900,6265428,5895,4560144,947,396862,9740,770061,0.09473,9933,5440697,0.669291,10872,6210758,0.76402,8129050
3,2021-08-24,22643,11245077,16310,6281738,5437,4565581,896,397758,9359,770217,0.094749,10234,5450931,0.67055,10390,6221148,0.765298,8129050
3,2021-08-25,21657,11266734,15438,6297176,5304,4570885,915,398673,8997,770559,0.094791,9695,5460626,0.671742,10037,6231185,0.766533,8129050
3,2021-08-26,22222,11288956,15648,6312824,5584,4576469,990,399663,8896,770706,0.094809,9859,5470485,0.672955,10006,6241191,0.767764,8129050
3,2021-08-27,27177,11316133,19594,6332418,6567,4583036,1016,400679,10489,769554,0.094667,12865,5483350,0.674538,11713,6252904,0.769205,8129050
3,2021-08-28,15709,11331842,11513,6343931,3732,4586768,464,401143,6259,768807,0.094575,7589,5490939,0.675471,6842,6259746,0.770046,8129050
3,2021-08-29,9107,11340949,6765,6350696,2186,4588954,156,401299,3623,768311,0.094514,4351,5495290,0.676006,3855,6263601,0.770521,8129050
3,2021-08-30,21794,11362743,15327,6366023,5636,4594590,831,402130,8184,767157,0.094372,10332,5505622,0.677277,9178,6272779,0.77165,8129050
3,2021-08-31,20872,11383615,14416,6380439,5680,4600270,776,402906,7329,765448,0.094162,9963,5515585,0.678503,8254,6281033,0.772665,8129050
3,2021-09-01,20207,11403822,13903,6394342,5478,4605748,826,403732,7736,765158,0.094126,9017,5524602,0.679612,8727,6289760,0.773739,8129050
3,2021-09-02,19639,11423461,13284,6407626,5548,4611296,807,404539,6901,763994,0.093983,9001,5533603,0.68072,7837,6297597,0.774703,8129050
3,2021-09-03,24546,11448007,17337,6424963,6430,4617726,779,405318,8519,761348,0.093658,12141,5545744,0.682213,9495,6307092,0.775871,8129050
3,2021-09-04,12656,11460663,9326,6434289,2967,4620693,363,405681,4584,759853,0.093474,6526,5552270,0.683016,5031,6312123,0.77649,8129050
3,2021-09-05,7746,11468409,5739,6440028,1920,4622613,87,405768,3194,759532,0.093434,3651,5555921,0.683465,3330,6315453,0.776899,8129050
3,2021-09-06,1633,11470042,1026,6441054,541,4623154,66,405834,590,759387,0.093416,812,5556733,0.683565,667,6316120,0.776981,8129050
4,2020-12-15,476,476,476,476,0,0,0,0,476,476,5.9e-05,0,0,0.0,476,476,5.9e-05,8037679
4,2020-12-16,3120,3596,3120,3596,0,0,0,0,3120,3596,0.000447,0,0,0.0,3120,3596,0.000447,8037679
4,2020-12-17,9136,12732,9136,12732,0,0,0,0,9136,12732,0.001584,0,0,0.0,9136,12732,0.001584,8037679
4,2020-12-18,16444,29176,16430,29162,14,14,0,0,16443,29175,0.00363,0,0,0.0,16443,29175,0.00363,8037679
4,2020-12-19,10490,39666,10479,39641,11,25,0,0,10431,39606,0.004928,0,0,0.0,10431,39606,0.004928,8037679
4,2020-12-20,7515,47181,7499,47140,16,41,0,0,7471,47077,0.005857,0,0,0.0,7471,47077,0.005857,8037679
4,2020-12-21,16583,63764,16548,63688,35,76,0,0,16515,63590,0.007911,2,2,0.0,16515,63592,0.007912,8037679
4,2020-12-22,17380,81144,16603,80291,777,853,0,0,17336,80922,0.010068,4,6,1e-06,17336,80928,0.010069,8037679
4,2020-12-23,17337,98481,14507,94798,2830,3683,0,0,17310,98230,0.012221,2,8,1e-06,17310,98238,0.012222,8037679
4,2020-12-24,8688,107169,6011,100809,2677,6360,0,0,8686,106915,0.013302,1,9,1e-06,8686,106924,0.013303,8037679
4,2020-12-25,918,108087,812,101621,106,6466,0,0,917,107831,0.013416,1,10,1e-06,917,107841,0.013417,8037679
4,2020-12-26,6294,114381,3947,105568,2347,8813,0,0,6292,114121,0.014198,2,12,1e-06,6292,114133,0.0142,8037679
4,2020-12-27,3496,117877,2015,107583,1481,10294,0,0,3496,117617,0.014633,0,12,1e-06,3496,117629,0.014635,8037679
4,2020-12-28,15399,133276,9495,117078,5904,16198,0,0,15369,132980,0.016545,6,18,2e-06,15369,132998,0.016547,8037679
4,2020-12-29,16028,149304,8989,126067,7039,23237,0,0,15994,148973,0.018534,1,19,2e-06,15994,148992,0.018537,8037679
4,2020-12-30,19542,168846,11418,137485,8124,31361,0,0,19532,168503,0.020964,2,21,3e-06,19532,168524,0.020967,8037679
4,2020-12-31,8426,177272,3396,140881,5030,36391,0,0,8412,176906,0.02201,9,30,4e-06,8412,176936,0.022013,8037679
4,2021-01-01,1898,179170,870,141751,1028,37419,0,0,1891,178794,0.022244,3,33,4e-06,1891,178827,0.022249,8037679
4,2021-01-02,5818,184988,3281,145032,2537,39956,0,0,5816,184609,0.022968,1,34,4e-06,5816,184643,0.022972,8037679
4,2021-01-03,2180,187168,1283,146315,897,40853,0,0,2165,186770,0.023237,4,38,5e-06,2165,186808,0.023242,8037679
4,2021-01-04,13188,200356,7104,153419,6084,46937,0,0,13139,199882,0.024868,27,65,8e-06,13139,199947,0.024876,8037679
4,2021-01-05,17185,217541,10174,163593,7011,53948,0,0,14906,212555,0.026445,2251,2316,0.000288,14924,214871,0.026733,8037679
4,2021-01-06,21921,239462,13433,177026,8488,62436,0,0,15694,222086,0.027631,6181,8497,0.001057,15712,230583,0.028688,8037679
4,2021-01-07,28355,267817,17334,194360,11021,73457,0,0,16833,227488,0.028303,11459,19956,0.002483,16861,247444,0.030786,8037679
4,2021-01-08,33357,301174,21427,215787,11930,85387,0,0,18508,231243,0.02877,14782,34738,0.004322,18537,265981,0.033092,8037679
4,2021-01-09,16471,317645,9739,225526,6732,92119,0,0,9564,233924,0.029103,6897,41635,0.00518,9578,275559,0.034283,8037679
4,2021-01-10,8873,326518,5737,231263,3136,95255,0,0,4205,233488,0.029049,4649,46284,0.005758,4213,279772,0.034808,8037679
4,2021-01-11,33984,360502,22316,253579,11668,106923,0,0,19119,237832,0.02959,14827,61111,0.007603,19171,298943,0.037193,8037679
4,2021-01-12,39011,399513,22521,276100,16490,123413,0,0,24501,247948,0.030848,14436,75547,0.009399,24552,323495,0.040247,8037679
4,2021-01-13,39372,438885,19525,295625,19847,143260,0,0,27831,264320,0.032885,11482,87029,0.010828,27854,351349,0.043713,8037679
4,2021-01-14,39917,478802,15407,311032,24510,167770,0,0,32578,289680,0.03604,7252,94281,0.01173,32612,383961,0.04777,8037679
4,2021-01-15,46019,524821,16122,327154,29897,197667,0,0,40282,324331,0.040351,5657,99938,0.012434,40308,424269,0.052785,8037679
4,2021-01-16,29087,553908,9466,336620,19621,217288,0,0,25890,347077,0.043181,3162,103100,0.012827,25908,450177,0.056008,8037679
4,2021-01-17,19134,573042,6625,343245,12509,229797,0,0,17453,362885,0.045148,1658,104758,0.013033,17466,467643,0.058181,8037679
4,2021-01-18,29794,602836,13828,357073,15966,245763,0,0,23684,380591,0.047351,6016,110774,0.013782,23722,491365,0.061133,8037679
4,2021-01-19,46845,649681,23518,380591,23327,269090,0,0,36954,407789,0.050735,9831,120605,0.015005,37029,528394,0.06574,8037679
4,2021-01-20,53278,702959,28435,409026,24843,293933,0,0,42497,439673,0.054701,10678,131283,0.016333,42562,570956,0.071035,8037679
4,2021-01-21,58582,761541,26302,435328,32280,326213,0,0,51633,484481,0.060276,6878,138161,0.017189,51686,622642,0.077465,8037679
4,2021-01-22,56060,817601,22493,457821,33567,359780,0,0,50701,529959,0.065934,5257,143418,0.017843,50735,673377,0.083778,8037679
4,2021-01-23,40073,857674,17459,475280,22614,382394,0,0,35667,561263,0.069829,4398,147816,0.01839,35702,709079,0.088219,8037679
4,2021-01-24,24304,881978,10573,485853,13731,396125,0,0,22386,581768,0.07238,1905,149721,0.018627,22410,731489,0.091007,8037679
4,2021-01-25,48681,930659,22455,508308,26226,422351,0,0,37275,607735,0.075611,11365,161086,0.020041,37332,768821,0.095652,8037679
4,2021-01-26,57660,988319,29374,537682,28286,450637,0,0,45113,640421,0.079677,12495,173581,0.021596,45181,814002,0.101273,8037679
4,2021-01-27,57075,1045394,27095,564777,29980,480617,0,0,45738,674954,0.083974,11263,184844,0.022997,45796,859798,0.106971,8037679
4,2021-01-28,57783,1103177,26070,590847,31713,512330,0,0,47417,712148,0.088601,10274,195118,0.024275,47468,907266,0.112877,8037679
4,2021-01-29,57555,1160732,27492,618339,30063,542393,0,0,46882,748570,0.093133,10499,205617,0.025582,46921,954187,0.118714,8037679
4,2021-01-30,38820,1199552,17426,635765,21394,563787,0,0,33341,776524,0.09661,5423,211040,0.026256,33377,987564,0.122867,8037679
4,2021-01-31,24573,1224125,12815,648580,11758,575545,0,0,22829,797653,0.099239,1720,212760,0.02647,22849,1010413,0.12571,8037679
4,2021-02-01,50577,1274702,24341,672921,26236,601781,0,0,38625,824441,0.102572,11884,224644,0.027949,38672,1049085,0.130521,8037679
4,2021-02-02,56419,1331121,25918,698839,30501,632282,0,0,43224,854610,0.106325,13111,237755,0.02958,43280,1092365,0.135906,8037679
4,2021-02-03,62921,1394042,30826,729665,32095,664377,0,0,48160,888186,0.110503,14644,252399,0.031402,48220,1140585,0.141905,8037679
4,2021-02-04,68481,1462523,31831,761496,36650,701027,0,0,51404,922792,0.114808,16922,269321,0.033507,51528,1192113,0.148316,8037679
4,2021-02-05,74091,1536614,34256,795752,39835,740862,0,0,51344,951780,0.118415,22500,291821,0.036307,51488,1243601,0.154721,8037679
4,2021-02-06,49262,1585876,26399,822151,22863,763725,0,0,37557,977906,0.121665,11635,303456,0.037754,37761,1281362,0.159419,8037679
4,2021-02-07,26770,1612646,17684,839835,9086,772811,0,0,20166,991750,0.123388,6571,310027,0.038572,20415,1301777,0.161959,8037679
4,2021-02-08,59449,1672095,30506,870341,28943,801754,0,0,38501,1009713,0.125622,20803,330830,0.04116,38766,1340543,0.166782,8037679
4,2021-02-09,68076,1740171,34587,904928,33489,835243,0,0,39761,1021705,0.127114,28217,359047,0.04467,40209,1380752,0.171785,8037679
4,2021-02-10,78420,1818591,39231,944159,39189,874432,0,0,41076,1026245,0.127679,37098,396145,0.049286,41638,1422390,0.176965,8037679
4,2021-02-11,82514,1901105,43008,987167,39506,913938,0,0,41856,1028342,0.12794,40444,436589,0.054318,42541,1464931,0.182258,8037679
4,2021-02-12,85412,1986517,38215,1025382,47197,961135,0,0,43793,1031525,0.128336,41410,477999,0.05947,44593,1509524,0.187806,8037679
4,2021-02-13,59410,2045927,30021,1055403,29389,990524,0,0,30110,1033404,0.12857,29148,507147,0.063096,31027,1540551,0.191666,8037679
4,2021-02-14,37258,2083185,19354,1074757,17904,1008428,0,0,18969,1034830,0.128747,18224,525371,0.065364,19650,1560201,0.194111,8037679
4,2021-02-15,46844,2130029,21971,1096728,24873,1033301,0,0,23905,1037087,0.129028,22845,548216,0.068206,25102,1585303,0.197234,8037679
4,2021-02-16,81306,2211335,37314,1134042,43992,1077293,0,0,41111,1039374,0.129313,40059,588275,0.07319,42346,1627649,0.202502,8037679
4,2021-02-17,82667,2294002,39089,1173131,43578,1120871,0,0,39131,1036326,0.128933,43331,631606,0.078581,40283,1667932,0.207514,8037679
4,2021-02-18,84602,2378604,46512,1219643,38090,1158961,0,0,38850,1031121,0.128286,45534,677140,0.084246,40329,1708261,0.212532,8037679
4,2021-02-19,83901,2462505,52781,1272424,31120,1190081,0,0,41685,1031470,0.128329,42024,719164,0.089474,42373,1750634,0.217803,8037679
4,2021-02-20,50333,2512838,33490,1305914,16843,1206924,0,0,27027,1036011,0.128894,23209,742373,0.092362,27750,1778384,0.221256,8037679
4,2021-02-21,30700,2543538,24333,1330247,6367,1213291,0,0,14659,1035047,0.128774,15944,758317,0.094345,14980,1793364,0.22312,8037679
4,2021-02-22,56136,2599674,38508,1368755,17628,1230919,0,0,26930,1033440,0.128574,29020,787337,0.097956,27413,1820777,0.22653,8037679
4,2021-02-23,77853,2677527,43145,1411900,34708,1265627,0,0,34037,1025589,0.127598,43583,830920,0.103378,35732,1856509,0.230976,8037679
4,2021-02-24,92961,2770488,49117,1461017,43844,1309471,0,0,41654,1018407,0.126704,51020,881940,0.109726,43838,1900347,0.23643,8037679
4,2021-02-25,104802,2875290,54859,1515876,49943,1359414,0,0,49676,1015877,0.126389,54879,936819,0.116553,52349,1952696,0.242943,8037679
4,2021-02-26,110798,2986088,55965,1571841,54833,1414247,0,0,56233,1020236,0.126932,54235,991054,0.123301,58594,2011290,0.250233,8037679
4,2021-02-27,80858,3066946,43974,1615815,36870,1451117,14,14,42667,1026473,0.127708,37957,1029011,0.128023,44194,2055484,0.255731,8037679
4,2021-02-28,50019,3116965,30854,1646669,19158,1470275,7,21,27160,1031920,0.128385,22632,1051643,0.130839,28079,2083563,0.259224,8037679
4,2021-03-01,81856,3198821,47880,1694549,33914,1504189,62,83,45044,1041850,0.129621,36431,1088074,0.135372,46361,2129924,0.264992,8037679
4,2021-03-02,90891,3289712,52051,1746600,38828,1543017,12,95,52984,1058997,0.131754,37690,1125764,0.140061,54837,2184761,0.271815,8037679
4,2021-03-03,104784,3394496,55642,1802242,49120,1592137,22,117,58197,1072676,0.133456,46343,1172107,0.145827,60022,2244783,0.279282,8037679
4,2021-03-04,103055,3497551,57371,1859613,45666,1637803,18,135,56010,1083728,0.134831,46777,1218884,0.151646,57829,2302612,0.286477,8037679
4,2021-03-05,99278,3596829,53546,1913159,45401,1683204,331,466,58008,1103026,0.137232,41012,1259896,0.156749,60310,2362922,0.293981,8037679
4,2021-03-06,77974,3674803,43889,1957048,31429,1714633,2656,3122,47617,1124384,0.139889,30208,1290104,0.160507,51566,2414488,0.300396,8037679
4,2021-03-07,45544,3720347,27836,1984884,15458,1730091,2250,5372,26573,1135372,0.141256,18874,1308978,0.162855,29862,2444350,0.304111,8037679
4,2021-03-08,69116,3789463,36048,2020932,29640,1759731,3428,8800,45289,1161665,0.144527,23678,1332656,0.165801,49971,2494321,0.310329,8037679
4,2021-03-09,83142,3872605,41983,2062915,35842,1795573,5317,14117,44754,1174540,0.146129,38178,1370834,0.170551,51053,2545374,0.31668,8037679
4,2021-03-10,93112,3965717,47989,2110904,37531,1833104,7592,21709,46768,1183597,0.147256,46117,1416951,0.176289,55174,2600548,0.323545,8037679
4,2021-03-11,102071,4067788,53484,2164388,40016,1873120,8571,30280,47039,1185358,0.147475,54738,1471689,0.183099,56499,2657047,0.330574,8037679
4,2021-03-12,105979,4173767,52122,2216510,43407,1916527,10450,40730,45304,1181403,0.146983,60360,1532049,0.190608,56405,2713452,0.337591,8037679
4,2021-03-13,82480,4256247,38170,2254680,35737,1952264,8573,49303,38980,1186521,0.14762,43344,1575393,0.196001,48462,2761914,0.343621,8037679
4,2021-03-14,50272,4306519,28637,2283317,17975,1970239,3660,52963,23481,1187514,0.147743,26682,1602075,0.199321,27675,2789589,0.347064,8037679
4,2021-03-15,84626,4391145,45511,2328828,34785,2005024,4330,57293,42897,1194054,0.148557,41416,1643491,0.204473,47956,2837545,0.35303,8037679
4,2021-03-16,108963,4500108,56732,2385560,48785,2053809,3446,60739,57224,1203879,0.149779,51452,1694943,0.210875,61277,2898822,0.360654,8037679
4,2021-03-17,108561,4608669,58412,2443972,46610,2100419,3539,64278,63341,1226289,0.152568,44921,1739864,0.216463,67331,2966153,0.369031,8037679
4,2021-03-18,108344,4717013,60087,2504059,44505,2144924,3752,68030,61087,1244508,0.154834,46960,1786824,0.222306,65179,3031332,0.37714,8037679
4,2021-03-19,112738,4829751,64858,2568917,42620,2187544,5260,73290,63761,1265159,0.157404,48666,1835490,0.228361,69317,3100649,0.385764,8037679
4,2021-03-20,85159,4914910,49862,2618779,32237,2219781,3060,76350,51864,1287237,0.16015,33090,1868580,0.232478,55168,3155817,0.392628,8037679
4,2021-03-21,48694,4963604,35297,2654076,11139,2230920,2258,78608,28367,1297999,0.161489,20176,1888756,0.234988,30938,3186755,0.396477,8037679
4,2021-03-22,83491,5047095,54472,2708548,26258,2257178,2761,81369,51452,1321120,0.164366,31756,1920512,0.238939,54877,3241632,0.403304,8037679
4,2021-03-23,106273,5153368,63641,2772189,40440,2297618,2192,83561,62132,1342123,0.166979,43837,1964349,0.244393,64840,3306472,0.411371,8037679
4,2021-03-24,115054,5268422,74203,2846392,38381,2335999,2470,86031,63901,1358214,0.168981,50673,2015022,0.250697,66764,3373236,0.419678,8037679
4,2021-03-25,118787,5387209,73072,2919464,43241,2379240,2474,88505,66459,1375788,0.171167,51813,2066835,0.257143,69387,3442623,0.428311,8037679
4,2021-03-26,121478,5508687,73649,2993113,44743,2423983,3086,91591,65306,1388975,0.172808,55754,2122589,0.26408,68941,3511564,0.436888,8037679
4,2021-03-27,93208,5601895,54925,3048038,36454,2460437,1829,93420,46926,1392169,0.173205,46010,2168599,0.269804,49204,3560768,0.443009,8037679
4,2021-03-28,56485,5658380,37329,3085367,18269,2478706,887,94307,29668,1396471,0.173741,26617,2195216,0.273116,30919,3591687,0.446856,8037679
4,2021-03-29,95124,5753504,56949,3142316,36059,2514765,2116,96423,50765,1405832,0.174905,44061,2239277,0.278597,53422,3645109,0.453503,8037679
4,2021-03-30,118788,5872292,64843,3207159,49719,2564484,4226,100649,69682,1431288,0.178072,48814,2288091,0.284671,74270,3719379,0.462743,8037679
4,2021-03-31,122534,5994826,72314,3279473,43864,2608348,6356,107005,68168,1451990,0.180648,53971,2342062,0.291385,74673,3794052,0.472033,8037679
4,2021-04-01,144270,6139096,82150,3361623,48664,2657012,13456,120461,84479,1490411,0.185428,59218,2401280,0.298753,97639,3891691,0.484181,8037679
4,2021-04-02,138046,6277142,73767,3435390,50583,2707595,13696,134157,79230,1524806,0.189707,58474,2459754,0.306028,92869,3984560,0.495735,8037679
4,2021-04-03,101998,6379140,54507,3489897,33942,2741537,13549,147706,53129,1542743,0.191939,48637,2508391,0.312079,66574,4051134,0.504018,8037679
4,2021-04-04,47225,6426365,24946,3514843,14719,2756256,7560,155266,20532,1544032,0.192099,26561,2534952,0.315384,27850,4078984,0.507483,8037679
4,2021-04-05,110920,6537285,62225,3577068,35697,2791953,12998,168264,57367,1561416,0.194262,53287,2588239,0.322013,70671,4149655,0.516275,8037679
4,2021-04-06,140235,6677520,78905,3655973,41358,2833311,19972,188236,72542,1586834,0.197424,67421,2655660,0.330401,92839,4242494,0.527826,8037679
4,2021-04-07,138997,6816517,78777,3734750,39311,2872622,20909,209145,71765,1612581,0.200628,66940,2722600,0.33873,92687,4335181,0.539357,8037679
4,2021-04-08,141448,6957965,78790,3813540,36973,2909595,25685,234830,70478,1638281,0.203825,70620,2793220,0.347516,96320,4431501,0.551341,8037679
4,2021-04-09,139001,7096966,76153,3889693,39592,2949187,23256,258086,66303,1656112,0.206044,72401,2865621,0.356523,90232,4521733,0.562567,8037679
4,2021-04-10,104697,7201663,51609,3941302,34017,2983204,19071,277157,47253,1666014,0.207276,57203,2922824,0.36364,67105,4588838,0.570916,8037679
4,2021-04-11,63164,7264827,38347,3979649,13530,2996734,11287,288444,27641,1670454,0.207828,35388,2958212,0.368043,39828,4628666,0.575871,8037679
4,2021-04-12,103820,7368647,63041,4042690,30446,3027180,10333,298777,52206,1682861,0.209372,51266,3009478,0.374421,63673,4692339,0.583793,8037679
4,2021-04-13,131474,7500121,82470,4125160,48838,3076018,166,298943,78381,1709528,0.212689,52755,3062233,0.380985,79422,4771761,0.593674,8037679
4,2021-04-14,137031,7637152,87425,4212585,49525,3125543,81,299024,75618,1725435,0.214668,61035,3123268,0.388578,76942,4848703,0.603247,8037679
4,2021-04-15,157253,7794405,104502,4317087,52669,3178212,82,299106,95983,1761470,0.219152,60838,3184106,0.396147,96873,4945576,0.615299,8037679
4,2021-04-16,144496,7938901,91575,4408662,52837,3231049,84,299190,83600,1785349,0.222122,60536,3244642,0.403679,84415,5029991,0.625801,8037679
4,2021-04-17,102104,8041005,64135,4472797,37941,3268990,28,299218,59609,1803982,0.224441,42182,3286824,0.408927,60815,5090806,0.633368,8037679
4,2021-04-18,57506,8098511,38955,4511752,18546,3287536,5,299223,32231,1812071,0.225447,25114,3311938,0.412052,33203,5124009,0.637499,8037679
4,2021-04-19,101751,8200262,66987,4578739,34742,3322278,22,299245,51362,1813952,0.225681,50109,3362047,0.418286,51990,5175999,0.643967,8037679
4,2021-04-20,132079,8332341,78631,4657370,53423,3375701,25,299270,68233,1819834,0.226413,63475,3425522,0.426183,69357,5245356,0.652596,8037679
4,2021-04-21,135383,8467724,88356,4745726,46960,3422661,67,299337,67869,1821842,0.226663,67058,3492580,0.434526,69066,5314422,0.661189,8037679
4,2021-04-22,142475,8610199,94547,4840273,47903,3470564,25,299362,63400,1807785,0.224914,78630,3571210,0.444309,64573,5378995,0.669222,8037679
4,2021-04-23,135863,8746062,88422,4928695,47415,3517979,26,299388,58691,1790944,0.222819,76774,3647984,0.45386,59933,5438928,0.676679,8037679
4,2021-04-24,99460,8845522,67132,4995827,32274,3550253,54,299442,45631,1784219,0.221982,53503,3701487,0.460517,46778,5485706,0.682499,8037679
4,2021-04-25,50661,8896183,35726,5031553,14908,3565161,27,299469,26379,1786975,0.222325,24121,3725608,0.463518,26877,5512583,0.685843,8037679
4,2021-04-26,92715,8988898,60828,5092381,31477,3596638,410,299879,36292,1768947,0.220082,56081,3781689,0.470495,38053,5550636,0.690577,8037679
4,2021-04-27,114538,9103436,70037,5162418,42170,3638808,2331,302210,41077,1740055,0.216487,73117,3854806,0.479592,44225,5594861,0.696079,8037679
4,2021-04-28,105250,9208686,68738,5231156,33959,3672767,2553,304763,38324,1715071,0.213379,66550,3921356,0.487872,41566,5636427,0.701251,8037679
4,2021-04-29,106725,9315411,68155,5299311,36023,3708790,2547,307310,34283,1680451,0.209072,72059,3993415,0.496837,37439,5673866,0.705909,8037679
4,2021-04-30,106417,9421828,67364,5366675,36325,3745115,2728,310038,36430,1650734,0.205374,69548,4062963,0.50549,39831,5713697,0.710864,8037679
4,2021-05-01,70278,9492106,46601,5413276,21883,3766998,1794,311832,20464,1624147,0.202067,49481,4112444,0.511646,22894,5736591,0.713712,8037679
4,2021-05-02,37897,9530003,26894,5440170,9698,3776696,1305,313137,10561,1608955,0.200177,27198,4139642,0.51503,12006,5748597,0.715206,8037679
4,2021-05-03,79745,9609748,55611,5495781,21628,3798324,2506,315643,19219,1570801,0.19543,60235,4199877,0.522524,22081,5770678,0.717953,8037679
4,2021-05-04,101957,9711705,69774,5565555,29388,3827712,2795,318438,22658,1517690,0.188822,78959,4278836,0.532347,25848,5796526,0.721169,8037679
4,2021-05-05,102794,9814499,72456,5638011,27574,3855286,2764,321202,21802,1461938,0.181886,80621,4359457,0.542378,24869,5821395,0.724263,8037679
4,2021-05-06,112639,9927138,84390,5722401,25286,3880572,2963,324165,19572,1393059,0.173316,92542,4451999,0.553891,23663,5845058,0.727207,8037679
4,2021-05-07,105524,10032662,75848,5798249,26983,3907555,2693,326858,20637,1332329,0.16576,84477,4536476,0.564401,23747,5868805,0.730162,8037679
4,2021-05-08,70245,10102907,48446,5846695,19859,3927414,1940,328798,13793,1292214,0.16077,56197,4592673,0.571393,16082,5884887,0.732162,8037679
4,2021-05-09,34553,10137460,28258,5874953,5343,3932757,952,329750,7363,1273548,0.158447,27073,4619746,0.574761,8407,5893294,0.733208,8037679
4,2021-05-10,65511,10202971,43845,5918798,19321,3952078,2345,332095,11047,1233015,0.153404,54221,4673967,0.581507,13688,5906982,0.734911,8037679
4,2021-05-11,83749,10286720,52425,5971223,29118,3981196,2206,334301,15814,1183914,0.147296,67665,4741632,0.589926,18564,5925546,0.737221,8037679
4,2021-05-12,80238,10366958,53346,6024569,24408,4005604,2484,336785,16620,1140176,0.141854,63292,4804924,0.5978,19554,5945100,0.739654,8037679
4,2021-05-13,105288,10472246,77446,6102015,26296,4031900,1546,338331,40673,1119200,0.139244,64255,4869179,0.605794,43279,5988379,0.745038,8037679
4,2021-05-14,105575,10577821,74477,6176492,28957,4060857,2141,340472,40557,1097767,0.136578,64665,4933844,0.613839,43232,6031611,0.750417,8037679
4,2021-05-15,86212,10664033,66620,6243112,18251,4079108,1341,341813,37959,1089391,0.135536,47984,4981828,0.619809,39608,6071219,0.755345,8037679
4,2021-05-16,51917,10715950,41809,6284921,9388,4088496,720,342533,21263,1081031,0.134495,30486,5012314,0.623602,22126,6093345,0.758098,8037679
4,2021-05-17,71534,10787484,52267,6337188,17418,4105914,1849,344382,28197,1068208,0.1329,43110,5055424,0.628966,30287,6123632,0.761866,8037679
4,2021-05-18,82261,10869745,53492,6390680,27008,4132922,1761,346143,29342,1047154,0.130281,52534,5107958,0.635502,31480,6155112,0.765782,8037679
4,2021-05-19,77401,10947146,52328,6443008,23114,4156036,1959,348102,31059,1034442,0.128699,46011,5153969,0.641226,33299,6188411,0.769925,8037679
4,2021-05-20,69522,11016668,44702,6487710,22809,4178845,2011,350113,25726,1019044,0.126783,43485,5197454,0.646636,28087,6216498,0.77342,8037679
4,2021-05-21,74246,11090914,48935,6536645,23418,4202263,1893,352006,26125,999540,0.124357,47786,5245240,0.652581,28282,6244780,0.776938,8037679
4,2021-05-22,50251,11141165,35246,6571891,13728,4215991,1277,353283,21780,994550,0.123736,28287,5273527,0.656101,23297,6268077,0.779837,8037679
4,2021-05-23,24028,11165193,17136,6589027,6165,4222156,727,354010,9736,990963,0.12329,14161,5287688,0.657863,10574,6278651,0.781152,8037679
4,2021-05-24,43356,11208549,27555,6616582,12783,4234939,3018,357028,15146,981357,0.122095,27971,5315659,0.661343,18365,6297016,0.783437,8037679
4,2021-05-25,45277,11253826,28164,6644746,14270,4249209,2843,359871,16013,971442,0.120861,28994,5344653,0.66495,19079,6316095,0.785811,8037679
4,2021-05-26,44985,11298811,26964,6671710,15403,4264612,2618,362489,15964,961416,0.119614,28780,5373433,0.66853,18754,6334849,0.788144,8037679
4,2021-05-27,39205,11338016,23511,6695221,12545,4277157,3149,365638,14731,955208,0.118841,24253,5397686,0.671548,18045,6352894,0.790389,8037679
4,2021-05-28,43725,11381741,27814,6723035,14291,4291448,1620,367258,18988,951590,0.118391,24445,5422131,0.674589,20827,6373721,0.79298,8037679
4,2021-05-29,23847,11405588,15474,6738509,7439,4298887,934,368192,10877,950729,0.118284,12809,5434940,0.676183,11948,6385669,0.794467,8037679
4,2021-05-30,12121,11417709,8513,6747022,3078,4301965,530,368722,5012,949312,0.118108,7028,5441968,0.677057,5611,6391280,0.795165,8037679
4,2021-05-31,3654,11421363,2327,6749349,1163,4303128,164,368886,1165,948239,0.117974,2423,5444391,0.677359,1350,6392630,0.795333,8037679
4,2021-06-01,39742,11461105,24699,6774048,12583,4315711,2460,371346,13073,937573,0.116647,26414,5470805,0.680645,15748,6408378,0.797292,8037679
4,2021-06-02,32924,11494029,20553,6794601,9548,4325259,2823,374169,10981,929779,0.115678,21744,5492549,0.68335,13950,6422328,0.799028,8037679
4,2021-06-03,48581,11542610,37281,6831882,8824,4334083,2476,376645,10474,905127,0.11261,37915,5530464,0.688067,13263,6435591,0.800678,8037679
4,2021-06-04,55386,11597996,44596,6876478,9453,4343536,1337,377982,12898,877945,0.109229,42232,5572696,0.693322,15050,6450641,0.80255,8037679
4,2021-06-05,45151,11643147,38672,6915150,5480,4349016,999,378981,8794,851848,0.105982,36192,5608888,0.697824,10095,6460736,0.803806,8037679
4,2021-06-06,21301,11664448,19001,6934151,1732,4350748,568,379549,3913,839453,0.10444,17275,5626163,0.699974,4880,6465616,0.804413,8037679
4,2021-06-07,38973,11703421,31530,6965681,5500,4356248,1943,381492,8514,819891,0.102006,30311,5656474,0.703745,10749,6476365,0.805751,8037679
4,2021-06-08,40751,11744172,31967,6997648,6233,4362481,2551,384043,9447,801123,0.099671,31104,5687578,0.707614,12336,6488701,0.807285,8037679
4,2021-06-09,39100,11783272,30992,7028640,5734,4368215,2374,386417,7925,780787,0.097141,30991,5718569,0.71147,10655,6499356,0.808611,8037679
4,2021-06-10,37318,11820590,29390,7058030,5300,4373515,2628,389045,8423,763378,0.094975,28722,5747291,0.715044,11313,6510669,0.810019,8037679
4,2021-06-11,38578,11859168,30265,7088295,6293,4379808,2020,391065,9960,747273,0.092971,28437,5775728,0.718582,12332,6523001,0.811553,8037679
4,2021-06-12,26812,11885980,22310,7110605,3783,4383591,719,391784,6103,733721,0.091285,20593,5796321,0.721144,7041,6530042,0.812429,8037679
4,2021-06-13,10892,11896872,8609,7119214,1803,4385394,480,392264,2282,728052,0.09058,8540,5804861,0.722206,2871,6532913,0.812786,8037679
4,2021-06-14,28795,11925667,21542,7140756,4442,4389836,2811,395075,7849,718134,0.089346,20796,5825657,0.724793,10878,6543791,0.814139,8037679
4,2021-06-15,30228,11955895,21397,7162153,5419,4395255,3412,398487,8364,708484,0.088145,21679,5847336,0.727491,12029,6555820,0.815636,8037679
4,2021-06-16,26843,11982738,20248,7182401,3968,4399223,2627,401114,8112,700896,0.087201,18537,5865873,0.729797,10949,6566769,0.816998,8037679
4,2021-06-17,25276,12008014,18670,7201071,3705,4402928,2901,404015,7665,694243,0.086374,17410,5883283,0.731963,10757,6577526,0.818336,8037679
4,2021-06-18,26803,12034817,21123,7222194,4443,4407371,1237,405252,8229,685595,0.085298,18362,5901645,0.734247,9714,6587240,0.819545,8037679
4,2021-06-19,15795,12050612,12772,7234966,2314,4409685,709,405961,5061,680947,0.084719,10585,5912230,0.735564,5937,6593177,0.820284,8037679
4,2021-06-20,7382,12057994,6075,7241041,1001,4410686,306,406267,2619,679257,0.084509,4700,5916930,0.736149,3010,6596187,0.820658,8037679
4,2021-06-21,14624,12072618,10569,7251610,2907,4413593,1148,407415,7336,680705,0.084689,7195,5924125,0.737044,8643,6604830,0.821733,8037679
4,2021-06-22,20545,12093163,16004,7267614,3459,4417052,1082,408497,7095,675722,0.084069,13312,5937437,0.7387,8329,6613159,0.82277,8037679
4,2021-06-23,18473,12111636,14490,7282104,2980,4420032,1003,409500,6706,671937,0.083598,11621,5949058,0.740146,7836,6620995,0.823745,8037679
4,2021-06-24,17668,12129304,13665,7295769,3012,4423044,991,410491,6565,668691,0.083195,10939,5959997,0.741507,7693,6628688,0.824702,8037679
4,2021-06-25,21707,12151011,17055,7312824,3599,4426643,1053,411544,7834,664022,0.082614,13725,5973722,0.743215,9056,6637744,0.825828,8037679
4,2021-06-26,13144,12164155,10702,7323526,1824,4428467,618,412162,4839,661411,0.082289,8180,5981902,0.744233,5569,6643313,0.826521,8037679
4,2021-06-27,6899,12171054,5592,7329118,965,4429432,342,412504,2903,660755,0.082207,3956,5985858,0.744725,3300,6646613,0.826932,8037679
4,2021-06-28,15208,12186262,12764,7341882,1583,4431015,861,413365,6097,658834,0.081968,9008,5994866,0.745845,7087,6653700,0.827814,8037679
4,2021-06-29,16594,12202856,12880,7354762,2899,4433914,815,414180,6420,656145,0.081634,10045,6004911,0.747095,7356,6661056,0.828729,8037679
4,2021-06-30,14726,12217582,11484,7366246,2503,4436417,739,414919,6125,654666,0.08145,8462,6013373,0.748148,6983,6668039,0.829598,8037679
4,2021-07-01,14675,12232257,11561,7377807,2362,4438779,752,415671,6039,653094,0.081254,8500,6021873,0.749205,6928,6674967,0.83046,8037679
4,2021-07-02,17016,12249273,13485,7391292,2753,4441532,778,416449,6976,651045,0.080999,9931,6031804,0.750441,7882,6682849,0.83144,8037679
4,2021-07-03,9284,12258557,7373,7398665,1497,4443029,414,416863,4010,650337,0.080911,5190,6036994,0.751087,4482,6687331,0.831998,8037679
4,2021-07-04,449,12259006,280,7398945,108,4443137,61,416924,199,650365,0.080915,243,6037237,0.751117,271,6687602,0.832031,8037679
4,2021-07-05,9274,12268280,7541,7406486,1317,4444454,416,417340,4216,650071,0.080878,4975,6042212,0.751736,4681,6692283,0.832614,8037679
4,2021-07-06,16653,12284933,13128,7419614,2716,4447170,809,418149,6144,646762,0.080466,10371,6052583,0.753026,7062,6699345,0.833492,8037679
4,2021-07-07,13823,12298756,10785,7430399,2254,4449424,784,418933,5202,644367,0.080168,8503,6061086,0.754084,6108,6705453,0.834252,8037679
4,2021-07-08,13315,12312071,10392,7440791,2084,4451508,839,419772,5231,642574,0.079945,7954,6069040,0.755074,6161,6711614,0.835019,8037679
4,2021-07-09,15551,12327622,11919,7452710,2693,4454201,939,420711,6325,640886,0.079735,9070,6078110,0.756202,7382,6718996,0.835937,8037679
4,2021-07-10,8925,12336547,7065,7459775,1456,4455657,404,421115,3767,640045,0.079631,5071,6083181,0.756833,4230,6723226,0.836464,8037679
4,2021-07-11,4994,12341541,3996,7463771,798,4456455,200,421315,2238,639801,0.0796,2712,6085893,0.75717,2468,6725694,0.836771,8037679
4,2021-07-12,13118,12354659,10387,7474158,2001,4458456,730,422045,5095,637787,0.07935,7940,6093833,0.758158,5926,6731620,0.837508,8037679
4,2021-07-13,12894,12367553,9871,7484029,2384,4460840,639,422684,5492,636717,0.079217,7297,6101130,0.759066,6227,6737847,0.838283,8037679
4,2021-07-14,11806,12379359,9281,7493310,1966,4462806,559,423243,5117,635867,0.079111,6594,6107724,0.759887,5744,6743591,0.838997,8037679
4,2021-07-15,12496,12391855,9921,7503231,1982,4464788,593,423836,5689,635546,0.079071,6678,6114402,0.760717,6357,6749948,0.839788,8037679
4,2021-07-16,15074,12406929,11756,7514987,2648,4467436,670,424506,6952,635259,0.079035,8017,6122419,0.761715,7730,6757678,0.84075,8037679
4,2021-07-17,9401,12416330,7435,7522422,1640,4469076,326,424832,4446,635220,0.07903,4856,6127275,0.762319,4817,6762495,0.841349,8037679
4,2021-07-18,5389,12421719,4340,7526762,849,4469925,200,425032,2546,635202,0.079028,2785,6130060,0.762665,2767,6765262,0.841693,8037679
4,2021-07-19,12874,12434593,10201,7536963,2014,4471939,659,425691,6119,635398,0.079052,6659,6136719,0.763494,6855,6772117,0.842546,8037679
4,2021-07-20,13921,12448514,10724,7547687,2528,4474467,669,426360,6883,636143,0.079145,6889,6143608,0.764351,7634,6779751,0.843496,8037679
4,2021-07-21,12905,12461419,10006,7557693,2245,4476712,654,427014,6428,636941,0.079244,6338,6149946,0.76514,7136,6786887,0.844384,8037679
4,2021-07-22,13606,12475025,10618,7568311,2322,4479034,666,427680,7075,638357,0.079421,6388,6156334,0.765934,7804,6794691,0.845355,8037679
4,2021-07-23,15833,12490858,12203,7580514,2924,4481958,706,428386,8288,640066,0.079633,7371,6163705,0.766851,9080,6803771,0.846485,8037679
4,2021-07-24,9653,12500511,7555,7588069,1765,4483723,333,428719,4964,640863,0.079732,4550,6168255,0.767417,5347,6809118,0.84715,8037679
4,2021-07-25,4811,12505322,3781,7591850,871,4484594,159,428878,3390,643065,0.080006,1362,6169617,0.767587,3564,6812682,0.847593,8037679
4,2021-07-26,13082,12518404,10242,7602092,2152,4486746,688,429566,7606,646096,0.080383,5316,6174933,0.768248,8347,6821029,0.848632,8037679
4,2021-07-27,14488,12532892,11109,7613201,2614,4489360,765,430331,7822,648222,0.080648,6501,6181434,0.769057,8627,6829656,0.849705,8037679
4,2021-07-28,13305,12546197,10143,7623344,2458,4491818,704,431035,7382,650622,0.080947,5742,6187176,0.769771,8142,6837798,0.850718,8037679
4,2021-07-29,13603,12559800,10566,7633910,2316,4494134,721,431756,7637,653327,0.081283,5731,6192907,0.770484,8436,6846234,0.851768,8037679
4,2021-07-30,15887,12575687,12143,7646053,2934,4497068,810,432566,8620,655971,0.081612,6889,6199796,0.771342,9533,6855767,0.852954,8037679
4,2021-07-31,9767,12585454,7617,7653670,1723,4498791,427,432993,5508,657891,0.081851,4056,6203852,0.771846,5976,6861743,0.853697,8037679
4,2021-08-01,5454,12590908,4497,7658167,787,4499578,170,433163,3219,659196,0.082013,2118,6205970,0.77211,3423,6865166,0.854123,8037679
4,2021-08-02,14119,12605027,11267,7669434,2105,4501683,747,433910,8238,662573,0.082433,5673,6211643,0.772816,9050,6874216,0.855249,8037679
4,2021-08-03,14721,12619748,11302,7680736,2653,4504336,766,434676,8462,665839,0.08284,6037,6217680,0.773567,9303,6883519,0.856406,8037679
4,2021-08-04,13398,12633146,10435,7691171,2266,4506602,697,435373,7563,668520,0.083173,5620,6223300,0.774266,8301,6891820,0.857439,8037679
4,2021-08-05,14367,12647513,11337,7702508,2262,4508864,768,436141,8069,671361,0.083527,6046,6229346,0.775018,8887,6900707,0.858545,8037679
4,2021-08-06,17288,12664801,13262,7715770,3150,4512014,876,437017,9620,674588,0.083928,7335,6236681,0.775931,10562,6911269,0.859859,8037679
4,2021-08-07,10209,12675010,8121,7723891,1645,4513659,443,437460,5566,676174,0.084126,4464,6241145,0.776486,6050,6917319,0.860612,8037679
4,2021-08-08,6253,12681263,4975,7728866,1074,4514733,204,437664,3599,677490,0.084289,2516,6243661,0.776799,3832,6921151,0.861088,8037679
4,2021-08-09,14719,12695982,11926,7740792,2044,4516777,749,438413,7880,679591,0.084551,6604,6250265,0.777621,8705,6929856,0.862171,8037679
4,2021-08-10,14884,12710866,11451,7752243,2663,4519440,770,439183,7850,681494,0.084787,6783,6257048,0.778465,8686,6938542,0.863252,8037679
4,2021-08-11,12689,12723555,9727,7761970,2186,4521626,776,439959,6623,683119,0.08499,5804,6262852,0.779187,7429,6945971,0.864176,8037679
4,2021-08-12,14210,12737765,10816,7772786,2630,4524256,764,440723,7307,684693,0.085185,6542,6269394,0.780001,8116,6954087,0.865186,8037679
4,2021-08-13,17889,12755654,13243,7786029,3738,4527994,908,441631,8812,686088,0.085359,8398,6277792,0.781045,9793,6963880,0.866404,8037679
4,2021-08-14,12277,12767931,8755,7794784,3000,4530994,522,442153,5569,687237,0.085502,5003,6282795,0.781668,6152,6970032,0.86717,8037679
4,2021-08-15,7505,12775436,5491,7800275,1790,4532784,224,442377,3322,687909,0.085586,2919,6285714,0.782031,3591,6973623,0.867617,8037679
4,2021-08-16,18184,12793620,12595,7812870,4709,4537493,880,443257,7505,688864,0.085704,7508,6293222,0.782965,8463,6982086,0.868669,8037679
4,2021-08-17,18490,12812110,12566,7825436,5062,4542555,862,444119,7321,689611,0.085797,7516,6300738,0.7839,8263,6990349,0.869697,8037679
4,2021-08-18,18087,12830197,12171,7837607,5122,4547677,794,444913,6868,690342,0.085888,7011,6307749,0.784772,7742,6998091,0.870661,8037679
4,2021-08-19,18480,12848677,12310,7849917,5377,4553054,793,445706,6822,691159,0.08599,6879,6314628,0.785628,7696,7005787,0.871618,8037679
4,2021-08-20,23325,12872002,15747,7865664,6728,4559782,850,446556,8303,691227,0.085998,9200,6323828,0.786773,9268,7015055,0.872771,8037679
4,2021-08-21,14686,12886688,10257,7875921,4026,4563808,403,446959,4949,690843,0.085951,5801,6329629,0.787495,5417,7020472,0.873445,8037679
4,2021-08-22,8686,12895374,6147,7882068,2378,4566186,161,447120,3418,691282,0.086005,3189,6332818,0.787891,3628,7024100,0.873897,8037679
4,2021-08-23,20412,12915786,14363,7896431,5341,4571527,708,447828,7424,691616,0.086047,7990,6340808,0.788885,8324,7032424,0.874932,8037679
4,2021-08-24,19795,12935581,13989,7910420,5134,4576661,672,448500,6969,691558,0.08604,7855,6348663,0.789863,7797,7040221,0.875902,8037679
4,2021-08-25,18214,12953795,12846,7923266,4739,4581400,629,449129,6550,691919,0.086084,6985,6355648,0.790732,7346,7047567,0.876816,8037679
4,2021-08-26,18739,12972534,13204,7936470,4906,4586306,629,449758,6411,691700,0.086057,7388,6363036,0.791651,7169,7054736,0.877708,8037679
4,2021-08-27,23058,12995592,16462,7952932,5924,4592230,672,450430,7663,690544,0.085913,9699,6372735,0.792858,8543,7063279,0.878771,8037679
4,2021-08-28,14240,13009832,10176,7963108,3703,4595933,361,450791,4763,689864,0.085829,5917,6378652,0.793594,5237,7068516,0.879423,8037679
4,2021-08-29,8415,13018247,6006,7969114,2303,4598236,106,450897,2920,689495,0.085783,3469,6382121,0.794025,3100,7071616,0.879808,8037679
4,2021-08-30,18905,13037152,13209,7982323,5066,4603302,630,451527,6071,688587,0.08567,7768,6389889,0.794992,6860,7078476,0.880662,8037679
4,2021-08-31,18917,13056069,12923,7995246,5448,4608750,546,452073,5620,687371,0.085519,7517,6397406,0.795927,6301,7084777,0.881446,8037679
4,2021-09-01,17126,13073195,11782,8007028,4840,4613590,504,452577,5545,687263,0.085505,6282,6403688,0.796709,6174,7090951,0.882214,8037679
4,2021-09-02,17120,13090315,11728,8018756,4892,4618482,500,453077,5236,686712,0.085437,6400,6410088,0.797505,5849,7096800,0.882941,8037679
4,2021-09-03,20968,13111283,14580,8033336,5775,4624257,613,453690,6363,684936,0.085216,8968,6419056,0.798621,7192,7103992,0.883836,8037679
4,2021-09-04,11466,13122749,8310,8041646,2895,4627152,261,453951,3610,683729,0.085065,5174,6424230,0.799264,3967,7107959,0.88433,8037679
4,2021-09-05,7390,13130139,5286,8046932,2012,4629164,92,454043,2618,683552,0.085043,2959,6427189,0.799632,2782,7110741,0.884676,8037679
4,2021-09-06,1077,13131216,671,8047603,360,4629524,46,454089,374,683510,0.085038,468,6427657,0.799691,426,7111167,0.884729,8037679
