hpiquartile,administered_date,total_doses,cumulative_total_doses,pfizer_doses,cumulative_pfizer_doses,moderna_doses,cumulative_moderna_doses,jj_doses,cumulative_jj_doses,partially_vaccinated,total_partially_vaccinated,pct_age16pop_partially_vaccinated,fully_vaccinated,cumulative_fully_vaccinated,pct_age16pop_fully_vaccinated,at_least_one_dose,cumulative_at_least_one_dose,pct_age16pop_at_least_one_dose,age16_population
1,2020-12-15,147,147,147,147,0,0,0,0,147,147,1.8e-05,0,0,0.0,147,147,1.8e-05,8051741
1,2020-12-16,1154,1301,1154,1301,0,0,0,0,1154,1301,0.000162,0,0,0.0,1154,1301,0.000162,8051741
1,2020-12-17,4103,5404,4103,5404,0,0,0,0,4104,5405,0.000671,0,0,0.0,4104,5405,0.000671,8051741
1,2020-12-18,6249,11653,6229,11633,20,20,0,0,6251,11656,0.001448,0,0,0.0,6251,11656,0.001448,8051741
1,2020-12-19,2868,14521,2867,14500,1,21,0,0,2866,14521,0.001803,1,1,0.0,2866,14522,0.001804,8051741
1,2020-12-20,2076,16597,2072,16572,4,25,0,0,2077,16598,0.002061,0,1,0.0,2077,16599,0.002062,8051741
1,2020-12-21,7618,24215,7603,24175,15,40,0,0,7670,24268,0.003014,0,1,0.0,7670,24269,0.003014,8051741
1,2020-12-22,7269,31484,6929,31104,340,380,0,0,7272,31539,0.003917,1,2,0.0,7272,31541,0.003917,8051741
1,2020-12-23,7796,39280,6576,37680,1220,1600,0,0,7793,39332,0.004885,0,2,0.0,7793,39334,0.004885,8051741
1,2020-12-24,3288,42568,2354,40034,934,2534,0,0,3290,42622,0.005294,0,2,0.0,3290,42624,0.005294,8051741
1,2020-12-25,232,42800,149,40183,83,2617,0,0,232,42854,0.005322,0,2,0.0,232,42856,0.005323,8051741
1,2020-12-26,1353,44153,966,41149,387,3004,0,0,1352,44205,0.00549,1,3,0.0,1352,44208,0.00549,8051741
1,2020-12-27,852,45005,527,41676,325,3329,0,0,852,45057,0.005596,0,3,0.0,852,45060,0.005596,8051741
1,2020-12-28,6992,51997,4738,46414,2254,5583,0,0,6991,52048,0.006464,0,3,0.0,6991,52051,0.006465,8051741
1,2020-12-29,8819,60816,4973,51387,3846,9429,0,0,8816,60863,0.007559,1,4,0.0,8816,60867,0.007559,8051741
1,2020-12-30,11557,72373,6467,57854,5090,14519,0,0,11557,72420,0.008994,0,4,0.0,11557,72424,0.008995,8051741
1,2020-12-31,5915,78288,1950,59804,3965,18484,0,0,5916,78336,0.009729,0,4,0.0,5916,78340,0.00973,8051741
1,2021-01-01,507,78795,170,59974,337,18821,0,0,507,78843,0.009792,0,4,0.0,507,78847,0.009793,8051741
1,2021-01-02,2871,81666,1740,61714,1131,19952,0,0,2873,81716,0.010149,0,4,0.0,2873,81720,0.010149,8051741
1,2021-01-03,1000,82666,534,62248,466,20418,0,0,999,82714,0.010273,1,5,1e-06,999,82719,0.010273,8051741
1,2021-01-04,7272,89938,3541,65789,3731,24149,0,0,7277,89990,0.011176,1,6,1e-06,7277,89996,0.011177,8051741
1,2021-01-05,10678,100616,5147,70936,5531,29680,0,0,9935,99216,0.012322,730,736,9.1e-05,9956,99952,0.012414,8051741
1,2021-01-06,13787,114403,6958,77894,6829,36509,0,0,11925,109325,0.013578,1822,2558,0.000318,11931,111883,0.013896,8051741
1,2021-01-07,17340,131743,9070,86964,8270,44779,0,0,12931,117953,0.014649,4309,6867,0.000853,12937,124820,0.015502,8051741
1,2021-01-08,19984,151727,10395,97359,9589,54368,0,0,14135,126262,0.015681,5831,12698,0.001577,14140,138960,0.017258,8051741
1,2021-01-09,6597,158324,3339,100698,3258,57626,0,0,4772,129227,0.01605,1811,14509,0.001802,4776,143736,0.017852,8051741
1,2021-01-10,3022,161346,1717,102415,1305,58931,0,0,1853,129928,0.016137,1153,15662,0.001945,1854,145590,0.018082,8051741
1,2021-01-11,17990,179336,11792,114207,6198,65129,0,0,11467,134922,0.016757,6496,22158,0.002752,11490,157080,0.019509,8051741
1,2021-01-12,18765,198101,10610,124817,8155,73284,0,0,12821,141873,0.01762,5902,28060,0.003485,12853,169933,0.021105,8051741
1,2021-01-13,19554,217655,10522,135339,9032,82316,0,0,14463,151277,0.018788,5069,33129,0.004115,14473,184406,0.022903,8051741
1,2021-01-14,21813,239468,9398,144737,12415,94731,0,0,19085,167732,0.020832,2668,35797,0.004446,19123,203529,0.025278,8051741
1,2021-01-15,25034,264502,9273,154010,15761,110492,0,0,23121,189034,0.023477,1860,37657,0.004677,23162,226691,0.028154,8051741
1,2021-01-16,13847,278349,4541,158551,9306,119798,0,0,13010,201208,0.024989,838,38495,0.004781,13012,239703,0.02977,8051741
1,2021-01-17,5157,283506,1980,160531,3177,122975,0,0,4792,205644,0.02554,361,38856,0.004826,4797,244500,0.030366,8051741
1,2021-01-18,14140,297646,8501,169032,5639,128614,0,0,11016,213584,0.026526,3112,41968,0.005212,11052,255552,0.031739,8051741
1,2021-01-19,24461,322107,12769,181801,11692,140306,0,0,19338,227859,0.028299,5109,47077,0.005847,19384,274936,0.034146,8051741
1,2021-01-20,27873,349980,13477,195278,14396,154702,0,0,22482,245001,0.030428,5370,52447,0.006514,22512,297448,0.036942,8051741
1,2021-01-21,30337,380317,14021,209299,16316,171018,0,0,27279,269336,0.033451,3005,55452,0.006887,27340,324788,0.040338,8051741
1,2021-01-22,27934,408251,11088,220387,16846,187864,0,0,25988,293444,0.036445,1905,57357,0.007124,26013,350801,0.043568,8051741
1,2021-01-23,18601,426852,8167,228554,10434,198298,0,0,16689,308244,0.038283,1900,59257,0.00736,16700,367501,0.045642,8051741
1,2021-01-24,6642,433494,4155,232709,2487,200785,0,0,6000,313610,0.038949,638,59895,0.007439,6004,373505,0.046388,8051741
1,2021-01-25,24686,458180,10233,242942,14453,215238,0,0,19269,327559,0.040682,5401,65296,0.00811,19350,392855,0.048791,8051741
1,2021-01-26,28229,486409,13272,256214,14957,230195,0,0,21774,342935,0.042591,6414,71710,0.008906,21790,414645,0.051498,8051741
1,2021-01-27,31278,517687,15296,271510,15982,246177,0,0,23532,358800,0.044562,7691,79401,0.009861,23556,438201,0.054423,8051741
1,2021-01-28,34152,551839,15965,287475,18187,264364,0,0,27484,379713,0.047159,6613,86014,0.010683,27526,465727,0.057842,8051741
1,2021-01-29,33134,584973,16284,303759,16850,281214,0,0,26731,400203,0.049704,6276,92290,0.011462,26766,492493,0.061166,8051741
1,2021-01-30,19936,604909,8618,312377,11318,292532,0,0,17957,416212,0.051692,1954,94244,0.011705,17963,510456,0.063397,8051741
1,2021-01-31,7580,612489,4981,317358,2599,295131,0,0,6851,422336,0.052453,728,94972,0.011795,6852,517308,0.064248,8051741
1,2021-02-01,28012,640501,12085,329443,15927,311058,0,0,20672,435714,0.054114,7298,102270,0.012702,20676,537984,0.066816,8051741
1,2021-02-02,31724,672225,11437,340880,20287,331345,0,0,23899,451879,0.056122,7766,110036,0.013666,23931,561915,0.069788,8051741
1,2021-02-03,38792,711017,14803,355683,23989,355334,0,0,28187,469607,0.058324,10486,120522,0.014968,28214,590129,0.073292,8051741
1,2021-02-04,43510,754527,17016,372699,26494,381828,0,0,31654,489550,0.060801,11756,132278,0.016428,31699,621828,0.077229,8051741
1,2021-02-05,46476,801003,17260,389959,29216,411044,0,0,30643,504515,0.062659,15720,147998,0.018381,30685,652513,0.08104,8051741
1,2021-02-06,26402,827405,10445,400404,15957,427001,0,0,20619,519410,0.064509,5739,153737,0.019094,20634,673147,0.083603,8051741
1,2021-02-07,6134,833539,3930,404334,2204,429205,0,0,4582,522472,0.064889,1537,155274,0.019285,4599,677746,0.084174,8051741
1,2021-02-08,30928,864467,14012,418346,16916,446121,0,0,20665,533051,0.066203,10162,165436,0.020547,20741,698487,0.08675,8051741
1,2021-02-09,37798,902265,16553,434899,21245,467366,0,0,23229,541883,0.0673,14465,179901,0.022343,23297,721784,0.089643,8051741
1,2021-02-10,46417,948682,21972,456871,24445,491811,0,0,26926,549522,0.068249,19360,199261,0.024748,26999,748783,0.092996,8051741
1,2021-02-11,50206,998888,24722,481593,25484,517295,0,0,30698,560992,0.069673,19320,218581,0.027147,30790,779573,0.09682,8051741
1,2021-02-12,49140,1048028,21249,502842,27891,545186,0,0,28393,568884,0.070654,20628,239209,0.029709,28520,808093,0.100363,8051741
1,2021-02-13,25973,1074001,11291,514133,14682,559868,0,0,15063,573177,0.071187,10845,250054,0.031056,15138,823231,0.102243,8051741
1,2021-02-14,11557,1085558,5453,519586,6104,565972,0,0,6597,574948,0.071407,4934,254988,0.031669,6705,829936,0.103075,8051741
1,2021-02-15,23250,1108808,9214,528800,14036,580008,0,0,14170,580283,0.072069,8995,263983,0.032786,14330,844266,0.104855,8051741
1,2021-02-16,46175,1154983,22067,550867,24108,604116,0,0,27343,589037,0.073156,18776,282759,0.035118,27530,871796,0.108274,8051741
1,2021-02-17,47383,1202366,23973,574840,23410,627526,0,0,25865,593688,0.073734,21422,304181,0.037778,26073,897869,0.111512,8051741
1,2021-02-18,49823,1252189,24913,599753,24910,652436,0,0,26077,596501,0.074083,23559,327740,0.040704,26372,924241,0.114788,8051741
1,2021-02-19,44739,1296928,24169,623922,20570,673006,0,0,25505,602931,0.074882,19135,346875,0.043081,25565,949806,0.117963,8051741
1,2021-02-20,26192,1323120,15933,639855,10259,683265,0,0,15084,607015,0.075389,11075,357950,0.044456,15159,964965,0.119846,8051741
1,2021-02-21,9573,1332693,8362,648217,1211,684476,0,0,5841,609303,0.075673,3696,361646,0.044915,5984,970949,0.120589,8051741
1,2021-02-22,29635,1362328,19494,667711,10141,694617,0,0,17474,614841,0.076361,12119,373765,0.04642,17657,988606,0.122782,8051741
1,2021-02-23,41681,1404009,20002,687713,21679,716296,0,0,23214,620093,0.077014,18356,392121,0.0487,23608,1012214,0.125714,8051741
1,2021-02-24,52126,1456135,25169,712882,26957,743253,0,0,29413,627371,0.077917,22628,414749,0.05151,29906,1042120,0.129428,8051741
1,2021-02-25,63324,1519459,30410,743292,32914,776167,0,0,39529,643730,0.079949,23707,438456,0.054455,40066,1082186,0.134404,8051741
1,2021-02-26,71200,1590659,33523,776815,37677,813844,0,0,47299,667724,0.082929,23770,462226,0.057407,47764,1129950,0.140336,8051741
1,2021-02-27,47985,1638644,21326,798141,26653,840497,6,6,31819,683745,0.084919,16072,478298,0.059403,32093,1162043,0.144322,8051741
1,2021-02-28,18849,1657493,11185,809326,7664,848161,0,6,13992,693155,0.086088,4812,483110,0.060001,14222,1176265,0.146088,8051741
1,2021-03-01,42826,1700319,19531,828857,23288,871449,7,13,27935,706571,0.087754,14810,497920,0.06184,28226,1204491,0.149594,8051741
1,2021-03-02,57963,1758282,23777,852634,34181,905630,5,18,36852,723150,0.089813,21033,518953,0.064452,37612,1242103,0.154265,8051741
1,2021-03-03,66983,1825265,31371,884005,35601,941231,11,29,40491,738045,0.091663,26382,545335,0.067729,41277,1283380,0.159392,8051741
1,2021-03-04,74511,1899776,34389,918394,40092,981323,30,59,47688,759629,0.094343,26685,572020,0.071043,48269,1331649,0.165386,8051741
1,2021-03-05,73491,1973267,32728,951122,40565,1021888,198,257,48880,785085,0.097505,24440,596460,0.074078,49896,1381545,0.171583,8051741
1,2021-03-06,55944,2029211,26454,977576,28167,1050055,1323,1580,38007,807108,0.10024,17882,614342,0.076299,39905,1421450,0.176539,8051741
1,2021-03-07,19329,2048540,12212,989788,6335,1056390,782,2362,14486,817836,0.101573,4832,619174,0.076899,15560,1437010,0.178472,8051741
1,2021-03-08,42718,2091258,20131,1009919,20735,1077125,1852,4214,29758,836880,0.103938,12902,632076,0.078502,31946,1468956,0.18244,8051741
1,2021-03-09,59314,2150572,25776,1035695,31084,1108209,2454,6668,35552,851844,0.105796,23691,655767,0.081444,38655,1507611,0.18724,8051741
1,2021-03-10,69862,2220434,34311,1070006,31334,1139543,4217,10885,43197,873209,0.10845,26567,682334,0.084744,47932,1555543,0.193193,8051741
1,2021-03-11,86660,2307094,39370,1109376,39565,1179108,7725,18610,50915,896869,0.111388,35549,717883,0.089159,59209,1614752,0.200547,8051741
1,2021-03-12,93233,2400327,40134,1149510,40889,1219997,12210,30820,53784,924064,0.114766,39291,757174,0.094039,66486,1681238,0.208804,8051741
1,2021-03-13,62712,2463039,28075,1177585,26997,1246994,7640,38460,40003,949452,0.117919,22614,779788,0.096847,48002,1729240,0.214766,8051741
1,2021-03-14,26601,2489640,14227,1191812,8914,1255908,3460,41920,15730,958020,0.118983,10827,790615,0.098192,19395,1748635,0.217175,8051741
1,2021-03-15,63007,2552647,27295,1219107,29150,1285058,6562,48482,37333,976749,0.121309,25540,816155,0.101364,44269,1792904,0.222673,8051741
1,2021-03-16,82934,2635581,37053,1256160,40401,1325459,5483,53965,52122,1004146,0.124712,30684,846839,0.105175,58081,1850985,0.229886,8051741
1,2021-03-17,88993,2724574,42531,1298691,39967,1365426,6495,60460,57131,1036503,0.12873,31740,878579,0.109117,64097,1915082,0.237847,8051741
1,2021-03-18,93159,2817733,47436,1346127,40231,1405657,5492,65952,57636,1065074,0.132279,35265,913844,0.113496,63836,1978918,0.245775,8051741
1,2021-03-19,98671,2916404,50910,1397037,41708,1447365,6053,72005,58909,1091048,0.135505,39549,953393,0.118408,65523,2044441,0.253913,8051741
1,2021-03-20,68907,2985311,35468,1432505,28518,1475883,4921,76926,45420,1118360,0.138897,23353,976746,0.121309,50665,2095106,0.260205,8051741
1,2021-03-21,25673,3010984,17738,1450243,6179,1482062,1756,78682,16676,1128038,0.140099,8941,985687,0.122419,18619,2113725,0.262518,8051741
1,2021-03-22,56542,3067526,29365,1479608,24038,1506100,3139,81821,38760,1152636,0.143154,17658,1003345,0.124612,42256,2155981,0.267766,8051741
1,2021-03-23,79709,3147235,40396,1520004,35881,1541981,3432,85253,51923,1180863,0.146659,27631,1030976,0.128044,55858,2211839,0.274703,8051741
1,2021-03-24,83789,3231024,42241,1562245,37365,1579346,4183,89436,51453,1204681,0.149617,32159,1063135,0.132038,55977,2267816,0.281655,8051741
1,2021-03-25,91643,3322667,46212,1608457,39980,1619326,5451,94887,53356,1225658,0.152223,38067,1101202,0.136766,59044,2326860,0.288988,8051741
1,2021-03-26,99766,3422433,47989,1656446,45672,1664998,6105,100992,55968,1244521,0.154565,43554,1144756,0.142175,62417,2389277,0.29674,8051741
1,2021-03-27,70155,3492588,36279,1692725,30208,1695206,3668,104660,36862,1252145,0.155512,33121,1177877,0.146288,40745,2430022,0.301801,8051741
1,2021-03-28,31056,3523644,20004,1712729,9857,1705063,1195,105855,16549,1255793,0.155965,14428,1192305,0.14808,18076,2448098,0.304046,8051741
1,2021-03-29,64265,3587909,32037,1744766,29526,1734589,2702,108557,36953,1268487,0.157542,27187,1219492,0.151457,39881,2487979,0.308999,8051741
1,2021-03-30,87859,3675768,42826,1787592,39210,1773799,5823,114380,50326,1287374,0.159888,37422,1256914,0.156105,56309,2544288,0.315992,8051741
1,2021-03-31,96284,3772052,50229,1837821,40374,1814173,5681,120061,55476,1308058,0.162457,40589,1297503,0.161146,61273,2605561,0.323602,8051741
1,2021-04-01,105141,3877193,50367,1888188,46884,1861057,7890,127951,55017,1321190,0.164087,49888,1347391,0.167342,63020,2668581,0.331429,8051741
1,2021-04-02,104459,3981652,47297,1935485,48033,1909090,9129,137080,54133,1334708,0.165766,50016,1397407,0.173553,63534,2732115,0.33932,8051741
1,2021-04-03,74343,4055995,36933,1972418,28293,1937383,9117,146197,35451,1340662,0.166506,38775,1436182,0.178369,44729,2776844,0.344875,8051741
1,2021-04-04,23386,4079381,11631,1984049,8345,1945728,3410,149607,10163,1341068,0.166556,13186,1449368,0.180007,13592,2790436,0.346563,8051741
1,2021-04-05,71668,4151049,34651,2018700,28221,1973949,8796,158403,33842,1346292,0.167205,37697,1487065,0.184689,42921,2833357,0.351894,8051741
1,2021-04-06,100255,4251304,47327,2066027,36683,2010632,16245,174648,46041,1354773,0.168258,54017,1541082,0.191397,62498,2895855,0.359656,8051741
1,2021-04-07,107408,4358712,51833,2117860,38485,2049117,17090,191738,49683,1364312,0.169443,57529,1598611,0.198542,67068,2962923,0.367985,8051741
1,2021-04-08,117301,4476013,55142,2173002,41876,2090993,20283,212021,52928,1373596,0.170596,64096,1662707,0.206503,73380,3036303,0.377099,8051741
1,2021-04-09,115245,4591258,51987,2224989,43313,2134306,19945,231966,51591,1381962,0.171635,63383,1726090,0.214375,71749,3108052,0.38601,8051741
1,2021-04-10,91768,4683026,41133,2266122,28539,2162845,22096,254062,36456,1385461,0.17207,55153,1781243,0.221225,58652,3166704,0.393294,8051741
1,2021-04-11,34518,4717544,19060,2285182,9039,2171884,6419,260481,14270,1386240,0.172166,20187,1801430,0.223732,20966,3187670,0.395898,8051741
1,2021-04-12,71297,4788841,32010,2317192,29832,2201716,9455,269936,30889,1386571,0.172208,40208,1841638,0.228725,40539,3228209,0.400933,8051741
1,2021-04-13,93035,4881876,49298,2366490,43416,2245132,321,270257,50001,1394612,0.173206,42838,1884476,0.234046,50879,3279088,0.407252,8051741
1,2021-04-14,98332,4980208,51165,2417655,47109,2292241,58,270315,50246,1397659,0.173585,47800,1932276,0.239982,50847,3329935,0.413567,8051741
1,2021-04-15,98945,5079153,53786,2471441,45091,2337332,68,270383,53122,1405931,0.174612,45374,1977650,0.245618,53646,3383581,0.42023,8051741
1,2021-04-16,102719,5181872,53117,2524558,49518,2386850,84,270467,51972,1407875,0.174853,50416,2028066,0.251879,52360,3435941,0.426733,8051741
1,2021-04-17,76681,5258553,42254,2566812,34422,2421272,5,270472,43255,1418110,0.176125,33271,2061337,0.256011,43506,3479447,0.432136,8051741
1,2021-04-18,27542,5286095,18158,2584970,9378,2430650,6,270478,14481,1419879,0.176344,12993,2074330,0.257625,14762,3494209,0.433969,8051741
1,2021-04-19,62912,5349007,32127,2617097,30757,2461407,28,270506,28680,1414874,0.175723,33957,2108287,0.261842,28952,3523161,0.437565,8051741
1,2021-04-20,82027,5431034,41109,2658206,40902,2502309,16,270522,39394,1412415,0.175417,42386,2150673,0.267107,39927,3563088,0.442524,8051741
1,2021-04-21,88440,5519474,45612,2703818,42741,2545050,87,270609,40565,1406393,0.174669,47501,2198174,0.273006,41479,3604567,0.447675,8051741
1,2021-04-22,87610,5607084,46394,2750212,41205,2586255,11,270620,40877,1401651,0.17408,46404,2244578,0.278769,41662,3646229,0.45285,8051741
1,2021-04-23,81223,5688307,42529,2792741,38666,2624921,28,270648,38626,1398695,0.173713,42258,2286836,0.284018,39302,3685531,0.457731,8051741
1,2021-04-24,57472,5745779,37377,2830118,20083,2645004,12,270660,33926,1409535,0.17506,23423,2310259,0.286927,34263,3719794,0.461986,8051741
1,2021-04-25,7455,5753234,5377,2835495,2078,2647082,0,270660,4849,1411887,0.175352,2590,2312849,0.287248,4942,3724736,0.4626,8051741
2,2020-12-15,232,232,232,232,0,0,0,0,232,232,2.9e-05,0,0,0.0,232,232,2.9e-05,7897587
2,2020-12-16,1924,2156,1924,2156,0,0,0,0,1924,2156,0.000273,0,0,0.0,1924,2156,0.000273,7897587
2,2020-12-17,6659,8815,6659,8815,0,0,0,0,6660,8816,0.001116,0,0,0.0,6660,8816,0.001116,7897587
2,2020-12-18,10821,19636,10802,19617,19,19,0,0,10822,19638,0.002487,0,0,0.0,10822,19638,0.002487,7897587
2,2020-12-19,5571,25207,5566,25183,5,24,0,0,5573,25211,0.003192,0,0,0.0,5573,25211,0.003192,7897587
2,2020-12-20,4219,29426,4212,29395,7,31,0,0,4216,29427,0.003726,0,0,0.0,4216,29427,0.003726,7897587
2,2020-12-21,12775,42201,12751,42146,24,55,0,0,12729,42156,0.005338,0,0,0.0,12729,42156,0.005338,7897587
2,2020-12-22,12034,54235,11527,53673,507,562,0,0,12034,54190,0.006862,0,0,0.0,12034,54190,0.006862,7897587
2,2020-12-23,11593,65828,9407,63080,2186,2748,0,0,11595,65785,0.00833,0,0,0.0,11595,65785,0.00833,7897587
2,2020-12-24,5846,71674,3490,66570,2356,5104,0,0,5843,71628,0.00907,0,0,0.0,5843,71628,0.00907,7897587
2,2020-12-25,477,72151,401,66971,76,5180,0,0,478,72106,0.00913,0,0,0.0,478,72106,0.00913,7897587
2,2020-12-26,2560,74711,1666,68637,894,6074,0,0,2562,74668,0.009455,0,0,0.0,2562,74668,0.009455,7897587
2,2020-12-27,2208,76919,1196,69833,1012,7086,0,0,2206,76873,0.009734,1,1,0.0,2206,76874,0.009734,7897587
2,2020-12-28,10890,87809,7074,76907,3816,10902,0,0,10890,87762,0.011113,1,2,0.0,10890,87764,0.011113,7897587
2,2020-12-29,12672,100481,7184,84091,5488,16390,0,0,12676,100438,0.012718,0,2,0.0,12676,100440,0.012718,7897587
2,2020-12-30,15303,115784,8625,92716,6678,23068,0,0,15319,115756,0.014657,1,3,0.0,15319,115759,0.014658,7897587
2,2020-12-31,7437,123221,2753,95469,4684,27752,0,0,7435,123190,0.015598,1,4,1e-06,7435,123194,0.015599,7897587
2,2021-01-01,1082,124303,522,95991,560,28312,0,0,1083,124272,0.015735,1,5,1e-06,1083,124277,0.015736,7897587
2,2021-01-02,4804,129107,2753,98744,2051,30363,0,0,4802,129074,0.016343,0,5,1e-06,4802,129079,0.016344,7897587
2,2021-01-03,1378,130485,785,99529,593,30956,0,0,1373,130444,0.016517,3,8,1e-06,1373,130452,0.016518,7897587
2,2021-01-04,11454,141939,5425,104954,6029,36985,0,0,11442,141882,0.017965,4,12,2e-06,11442,141894,0.017967,7897587
2,2021-01-05,13740,155679,6863,111817,6877,43862,0,0,12570,153316,0.019413,1165,1177,0.000149,12599,154493,0.019562,7897587
2,2021-01-06,18786,174465,10393,122210,8393,52255,0,0,15099,164777,0.020864,3643,4820,0.00061,15104,169597,0.021475,7897587
2,2021-01-07,22798,197263,12826,135036,9972,62227,0,0,15536,173038,0.02191,7287,12107,0.001533,15548,185145,0.023443,7897587
2,2021-01-08,26164,223427,15940,150976,10224,72451,0,0,16145,179208,0.022691,9990,22097,0.002798,16160,201305,0.025489,7897587
2,2021-01-09,9539,232966,5546,156522,3993,76444,0,0,6168,181989,0.023044,3391,25488,0.003227,6172,207477,0.026271,7897587
2,2021-01-10,5252,238218,2911,159433,2341,78785,0,0,3046,182810,0.023148,2229,27717,0.00351,3050,210527,0.026657,7897587
2,2021-01-11,25854,264072,17812,177245,8042,86827,0,0,14937,186828,0.023656,10951,38668,0.004896,14969,225496,0.028553,7897587
2,2021-01-12,25902,289974,16106,193351,9796,96623,0,0,16448,193860,0.024547,9483,48151,0.006097,16515,242011,0.030644,7897587
2,2021-01-13,28120,318094,14835,208186,13285,109908,0,0,20253,206274,0.026119,7861,56012,0.007092,20275,262286,0.033211,7897587
2,2021-01-14,29920,348014,11359,219545,18561,128469,0,0,25766,227903,0.028857,4181,60193,0.007622,25810,288096,0.036479,7897587
2,2021-01-15,35004,383018,12912,232457,22092,150561,0,0,31800,256541,0.032483,3219,63412,0.008029,31857,319953,0.040513,7897587
2,2021-01-16,17520,400538,5600,238057,11920,162481,0,0,16215,271436,0.034369,1330,64742,0.008198,16225,336178,0.042567,7897587
2,2021-01-17,10546,411084,3522,241579,7024,169505,0,0,9845,280562,0.035525,726,65468,0.00829,9852,346030,0.043815,7897587
2,2021-01-18,19608,430692,10981,252560,8627,178132,0,0,14889,290760,0.036816,4735,70203,0.008889,14933,360963,0.045705,7897587
2,2021-01-19,32051,462743,16763,269323,15288,193420,0,0,24100,307013,0.038874,7956,78159,0.009897,24209,385172,0.048771,7897587
2,2021-01-20,36309,499052,17939,287262,18370,211790,0,0,27840,326485,0.04134,8451,86610,0.010967,27923,413095,0.052306,7897587
2,2021-01-21,40310,539362,17122,304384,23188,234978,0,0,35950,358245,0.045361,4340,90950,0.011516,36100,449195,0.056877,7897587
2,2021-01-22,38871,578233,16171,320555,22700,257678,0,0,35610,390620,0.049461,3265,94215,0.01193,35640,484835,0.06139,7897587
2,2021-01-23,23883,602116,10801,331356,13082,270760,0,0,20939,408668,0.051746,2919,97134,0.012299,20967,505802,0.064045,7897587
2,2021-01-24,12391,614507,6128,337484,6263,277023,0,0,11483,419266,0.053088,895,98029,0.012413,11493,517295,0.0655,7897587
2,2021-01-25,33416,647923,15473,352957,17943,294966,0,0,24763,435514,0.055145,8631,106660,0.013505,24879,542174,0.068651,7897587
2,2021-01-26,39987,687910,19782,372739,20205,315171,0,0,31122,457865,0.057975,8845,115505,0.014625,31196,573370,0.072601,7897587
2,2021-01-27,44682,732592,22809,395548,21873,337044,0,0,34908,483143,0.061176,9683,125188,0.015851,34961,608331,0.077027,7897587
2,2021-01-28,47478,780070,22330,417878,25148,362192,0,0,39039,513851,0.065064,8391,133579,0.016914,39099,647430,0.081978,7897587
2,2021-01-29,45194,825264,22110,439988,23084,385276,0,0,36706,542218,0.068656,8395,141974,0.017977,36762,684192,0.086633,7897587
2,2021-01-30,30995,856259,13428,453416,17567,402843,0,0,27793,566874,0.071778,3165,145139,0.018378,27821,712013,0.090156,7897587
2,2021-01-31,17529,873788,10640,464056,6889,409732,0,0,16316,582017,0.073696,1195,146334,0.018529,16338,728351,0.092224,7897587
2,2021-02-01,39989,913777,19121,483177,20868,430600,0,0,29692,601470,0.076159,10272,156606,0.01983,29725,758076,0.095988,7897587
2,2021-02-02,47538,961315,19724,502901,27814,458414,0,0,36167,626432,0.079319,11299,167905,0.02126,36261,794337,0.10058,7897587
2,2021-02-03,53433,1014748,23754,526655,29679,488093,0,0,39734,652632,0.082637,13612,181517,0.022984,39812,834149,0.105621,7897587
2,2021-02-04,55642,1070390,24203,550858,31439,519532,0,0,40805,678775,0.085947,14750,196267,0.024852,40893,875042,0.110799,7897587
2,2021-02-05,59251,1129641,26277,577135,32974,552506,0,0,40293,700458,0.088693,18794,215061,0.027231,40477,915519,0.115924,7897587
2,2021-02-06,38710,1168351,18112,595247,20598,573104,0,0,31218,724329,0.091715,7425,222486,0.028171,31296,946815,0.119887,7897587
2,2021-02-07,15890,1184241,10652,605899,5238,578342,0,0,12037,732599,0.092762,3830,226316,0.028656,12100,958915,0.121419,7897587
2,2021-02-08,42842,1227083,22038,627937,20804,599146,0,0,29604,749252,0.094871,13140,239456,0.03032,29793,988708,0.125191,7897587
2,2021-02-09,48875,1275958,23353,651290,25522,624668,0,0,30767,762307,0.096524,18025,257481,0.032602,31080,1019788,0.129127,7897587
2,2021-02-10,59048,1335006,27926,679216,31122,655790,0,0,34680,773167,0.097899,24161,281642,0.035662,35021,1054809,0.133561,7897587
2,2021-02-11,63189,1398195,29314,708530,33875,689665,0,0,35735,782198,0.099043,27177,308819,0.039103,36208,1091017,0.138146,7897587
2,2021-02-12,64236,1462431,27739,736269,36497,726162,0,0,34438,787662,0.099735,29613,338432,0.042853,35077,1126094,0.142587,7897587
2,2021-02-13,37348,1499779,15683,751952,21665,747827,0,0,21651,794075,0.100547,15614,354046,0.04483,22027,1148121,0.145376,7897587
2,2021-02-14,19856,1519635,9318,761270,10538,758365,0,0,11205,797085,0.100928,8615,362661,0.04592,11625,1159746,0.146848,7897587
2,2021-02-15,32677,1552312,14765,776035,17912,776277,0,0,18275,801895,0.101537,14303,376964,0.047732,19113,1178859,0.149268,7897587
2,2021-02-16,55474,1607786,27537,803572,27937,804214,0,0,29266,805897,0.102043,26135,403099,0.051041,30137,1208996,0.153084,7897587
2,2021-02-17,60645,1668431,31439,835011,29206,833420,0,0,30167,806781,0.102155,30431,433530,0.054894,31315,1240311,0.157049,7897587
2,2021-02-18,64981,1733412,33208,868219,31773,865193,0,0,31892,807266,0.102217,32910,466440,0.059061,33395,1273706,0.161278,7897587
2,2021-02-19,58217,1791629,32424,900643,25793,890986,0,0,29057,807980,0.102307,29045,495485,0.062739,29759,1303465,0.165046,7897587
2,2021-02-20,36624,1828253,23924,924567,12700,903686,0,0,19949,812312,0.102856,16613,512098,0.064842,20945,1324410,0.167698,7897587
2,2021-02-21,17755,1846008,14339,938906,3416,907102,0,0,8728,813460,0.103001,8972,521070,0.065978,10120,1334530,0.168979,7897587
2,2021-02-22,36865,1882873,25390,964296,11475,918577,0,0,17671,813281,0.102978,19108,540178,0.068398,18929,1353459,0.171376,7897587
2,2021-02-23,50376,1933249,25732,990028,24644,943221,0,0,22126,810060,0.102571,28090,568268,0.071955,24869,1378328,0.174525,7897587
2,2021-02-24,67517,2000766,34768,1024796,32749,975970,0,0,31189,808383,0.102358,36207,604475,0.076539,34530,1412858,0.178897,7897587
2,2021-02-25,72624,2073390,34004,1058800,38620,1014590,0,0,36875,813334,0.102985,35559,640034,0.081042,40510,1453368,0.184027,7897587
2,2021-02-26,80859,2154249,34666,1093466,46193,1060783,0,0,43871,822703,0.104171,36772,676806,0.085698,46141,1499509,0.189869,7897587
2,2021-02-27,58412,2212661,26568,1120034,31840,1092623,4,4,31896,829752,0.105064,26346,703152,0.089034,33395,1532904,0.194098,7897587
2,2021-02-28,28796,2241457,17276,1137310,11519,1104142,1,5,16849,836330,0.105897,11877,715029,0.090538,18455,1551359,0.196435,7897587
2,2021-03-01,54908,2296365,28825,1166135,26070,1130212,13,18,30069,843623,0.10682,24668,739697,0.093661,31961,1583320,0.200481,7897587
2,2021-03-02,64026,2360391,29702,1195837,34321,1164533,3,21,35779,854319,0.108175,28155,767852,0.097226,38851,1622171,0.205401,7897587
2,2021-03-03,76868,2437259,37055,1232892,39807,1204340,6,27,43162,867094,0.109792,33559,801411,0.101475,46334,1668505,0.211268,7897587
2,2021-03-04,84308,2521567,41112,1274004,43170,1247510,26,53,48933,883631,0.111886,35231,836642,0.105936,51768,1720273,0.217823,7897587
2,2021-03-05,77808,2599375,36390,1310394,41125,1288635,293,346,47602,903923,0.114456,30045,866687,0.109741,50337,1770610,0.224196,7897587
2,2021-03-06,60960,2660335,29681,1340075,29627,1318262,1652,1998,37403,921112,0.116632,23468,890155,0.112712,40657,1811267,0.229344,7897587
2,2021-03-07,26684,2687019,15451,1355526,10298,1328560,935,2933,17077,930983,0.117882,9552,899707,0.113922,19423,1830690,0.231804,7897587
2,2021-03-08,48532,2735551,22087,1377613,24031,1352591,2414,5347,30526,947657,0.119993,17914,917621,0.11619,34588,1865278,0.236183,7897587
2,2021-03-09,62545,2798096,25686,1403299,33125,1385716,3734,9081,33265,957447,0.121233,29171,946792,0.119884,38961,1904239,0.241117,7897587
2,2021-03-10,74157,2872253,34733,1438032,33283,1418999,6141,15222,39358,970131,0.122839,34639,981431,0.12427,47323,1951562,0.247109,7897587
2,2021-03-11,90112,2962365,41327,1479359,40677,1459676,8108,23330,47438,985165,0.124743,42442,1023873,0.129644,57476,2009038,0.254386,7897587
2,2021-03-12,91155,3053520,37501,1516860,41891,1501567,11763,35093,45717,998755,0.126463,45278,1069151,0.135377,58868,2067906,0.26184,7897587
2,2021-03-13,66928,3120448,28001,1544861,31137,1532704,7790,42883,36978,1014978,0.128517,29856,1099007,0.139157,46079,2113985,0.267675,7897587
2,2021-03-14,35306,3155754,17736,1562597,13146,1545850,4424,47307,18648,1022248,0.129438,16586,1115593,0.141257,23856,2137841,0.270695,7897587
2,2021-03-15,65803,3221557,29590,1592187,31297,1577147,4916,52223,36594,1035858,0.131161,29035,1144628,0.144934,42645,2180486,0.276095,7897587
2,2021-03-16,84543,3306100,37211,1629398,43411,1620558,3921,56144,51911,1060630,0.134298,32494,1177122,0.149048,57266,2237752,0.283346,7897587
2,2021-03-17,90042,3396142,43115,1672513,42982,1663540,3945,60089,57621,1091079,0.138153,32229,1209351,0.153129,62678,2300430,0.291283,7897587
2,2021-03-18,94599,3490741,44623,1717136,45593,1709133,4383,64472,58596,1119341,0.141732,35750,1245101,0.157656,64012,2364442,0.299388,7897587
2,2021-03-19,94706,3585447,44561,1761697,44149,1753282,5996,70468,57083,1145733,0.145074,37406,1282507,0.162392,63798,2428240,0.307466,7897587
2,2021-03-20,68085,3653532,32634,1794331,31595,1784877,3856,74324,45440,1173107,0.14854,22470,1304977,0.165237,49844,2478084,0.313777,7897587
2,2021-03-21,32346,3685878,20815,1815146,9580,1794457,1951,76275,20547,1184817,0.150023,11719,1316696,0.166721,23429,2501513,0.316744,7897587
2,2021-03-22,61203,3747081,33540,1848686,25120,1819577,2543,78818,41500,1210406,0.153263,19550,1336246,0.169197,45139,2546652,0.32246,7897587
2,2021-03-23,81343,3828424,42845,1891531,35699,1855276,2799,81617,53807,1240628,0.15709,27336,1363582,0.172658,57558,2604210,0.329748,7897587
2,2021-03-24,89384,3917808,48141,1939672,38192,1893468,3051,84668,53720,1263336,0.159965,35437,1399019,0.177145,58145,2662355,0.33711,7897587
2,2021-03-25,98160,4015968,49138,1988810,45303,1938771,3719,88387,56794,1283514,0.16252,41113,1440132,0.182351,61291,2723646,0.344871,7897587
2,2021-03-26,100130,4116098,49564,2038374,47169,1985940,3397,91784,56686,1301554,0.164804,43150,1483282,0.187815,61190,2784836,0.352619,7897587
2,2021-03-27,73428,4189526,36487,2074861,33737,2019677,3204,94988,37968,1308314,0.16566,35289,1518571,0.192283,42049,2826885,0.357943,7897587
2,2021-03-28,36653,4226179,22435,2097296,13415,2033092,803,95791,20706,1314701,0.166469,15860,1534431,0.194291,22247,2849132,0.36076,7897587
2,2021-03-29,69299,4295478,35289,2132585,31863,2064955,2147,97938,40718,1330018,0.168408,28446,1562877,0.197893,43763,2892895,0.366301,7897587
2,2021-03-30,89042,4384520,43298,2175883,41758,2106713,3986,101924,54933,1355594,0.171647,33957,1596834,0.202193,59533,2952428,0.373839,7897587
2,2021-03-31,98380,4482900,50594,2226477,42930,2149643,4856,106780,58490,1379631,0.17469,39700,1636534,0.207219,63737,3016165,0.38191,7897587
2,2021-04-01,113158,4596058,54531,2281008,50069,2199712,8558,115338,62544,1400828,0.177374,50399,1686933,0.213601,71596,3087761,0.390975,7897587
2,2021-04-02,107906,4703964,49802,2330810,48468,2248180,9636,124974,58967,1421280,0.179964,48649,1735582,0.219761,69101,3156862,0.399725,7897587
2,2021-04-03,74164,4778128,36297,2367107,28519,2276699,9348,134322,37262,1431685,0.181281,36732,1772314,0.224412,47137,3203999,0.405693,7897587
2,2021-04-04,28553,4806681,14683,2381790,10102,2286801,3768,138090,13148,1433340,0.181491,15347,1787661,0.226355,17002,3221001,0.407846,7897587
2,2021-04-05,76955,4883636,38028,2419818,30495,2317296,8432,146522,38073,1441993,0.182587,38779,1826440,0.231266,47432,3268433,0.413852,7897587
2,2021-04-06,100990,4984626,49417,2469235,37400,2354696,14173,160695,48748,1453588,0.184055,52046,1878486,0.237856,63641,3332074,0.42191,7897587
2,2021-04-07,107722,5092348,53932,2523167,38015,2392711,15775,176470,51598,1465935,0.185618,55919,1934405,0.244936,68266,3400340,0.430554,7897587
2,2021-04-08,115837,5208185,56181,2579348,41555,2434266,18101,194571,54515,1478132,0.187162,61096,1995501,0.252672,73293,3473633,0.439835,7897587
2,2021-04-09,115210,5323395,55739,2635087,41991,2476257,17480,212051,55207,1492248,0.18895,59740,2055241,0.260237,73856,3547489,0.449186,7897587
2,2021-04-10,83691,5407086,36700,2671787,29380,2505637,17611,229662,34859,1496858,0.189534,48680,2103921,0.2664,53290,3600779,0.455934,7897587
2,2021-04-11,42469,5449555,22272,2694059,11874,2517511,8323,237985,17656,1499141,0.189823,24734,2128655,0.269532,27017,3627796,0.459355,7897587
2,2021-04-12,78002,5527557,36454,2730513,32476,2549987,9072,247057,35261,1501953,0.190179,42539,2171194,0.274919,45351,3673147,0.465097,7897587
2,2021-04-13,98708,5626265,51187,2781700,47286,2597273,235,247292,54341,1513550,0.191647,44167,2215361,0.280511,55764,3728911,0.472158,7897587
2,2021-04-14,102987,5729252,54017,2835717,48928,2646201,42,247334,53366,1519535,0.192405,49417,2264778,0.286768,55402,3784313,0.479173,7897587
2,2021-04-15,108318,5837570,57775,2893492,50481,2696682,62,247396,57161,1527594,0.193425,50874,2315652,0.29321,58933,3843246,0.486635,7897587
2,2021-04-16,105900,5943470,55437,2948929,50417,2747099,46,247442,54411,1532013,0.193985,51267,2366919,0.299702,55686,3898932,0.493686,7897587
2,2021-04-17,78001,6021471,40245,2989174,37752,2784851,4,247446,43390,1542089,0.195261,34451,2401370,0.304064,44527,3943459,0.499325,7897587
2,2021-04-18,33123,6054594,19702,3008876,13419,2798270,2,247448,16088,1542432,0.195304,16962,2418332,0.306212,17305,3960764,0.501516,7897587
2,2021-04-19,71627,6126221,38716,3047592,32905,2831175,6,247454,32801,1537559,0.194687,38660,2456992,0.311107,33787,3994551,0.505794,7897587
2,2021-04-20,92278,6218499,45844,3093436,46420,2877595,14,247468,45248,1537766,0.194713,46805,2503797,0.317033,47012,4041563,0.511747,7897587
2,2021-04-21,96063,6314562,51244,3144680,44762,2922357,57,247525,45887,1535772,0.194461,49897,2553694,0.323351,47903,4089466,0.517812,7897587
2,2021-04-22,97406,6411968,50222,3194902,47170,2969527,14,247539,43176,1527412,0.193402,53975,2607669,0.330186,45615,4135081,0.523588,7897587
2,2021-04-23,88596,6500564,47912,3242814,40666,3010193,18,247557,40698,1523232,0.192873,47678,2655347,0.336223,43498,4178579,0.529096,7897587
2,2021-04-24,59099,6559663,35380,3278194,23692,3033885,27,247584,31714,1529207,0.19363,27273,2682620,0.339676,33248,4211827,0.533306,7897587
2,2021-04-25,10991,6570654,7219,3285413,3772,3037657,0,247584,6630,1531784,0.193956,4339,2686959,0.340225,6916,4218743,0.534181,7897587
3,2020-12-15,302,302,302,302,0,0,0,0,302,302,3.9e-05,0,0,0.0,302,302,3.9e-05,7688185
3,2020-12-16,2204,2506,2204,2506,0,0,0,0,2204,2506,0.000326,0,0,0.0,2204,2506,0.000326,7688185
3,2020-12-17,7602,10108,7602,10108,0,0,0,0,7602,10108,0.001315,0,0,0.0,7602,10108,0.001315,7688185
3,2020-12-18,12804,22912,12793,22901,11,11,0,0,12803,22911,0.00298,0,0,0.0,12803,22911,0.00298,7688185
3,2020-12-19,7032,29944,7021,29922,11,22,0,0,7096,30007,0.003903,0,0,0.0,7096,30007,0.003903,7688185
3,2020-12-20,5476,35420,5469,35391,7,29,0,0,5522,35528,0.004621,1,1,0.0,5522,35529,0.004621,7688185
3,2020-12-21,14263,49683,14242,49633,21,50,0,0,14328,49855,0.006485,1,2,0.0,14328,49857,0.006485,7688185
3,2020-12-22,14606,64289,14041,63674,565,615,0,0,14645,64500,0.008389,0,2,0.0,14645,64502,0.00839,7688185
3,2020-12-23,14640,78929,12062,75736,2578,3193,0,0,14666,79166,0.010297,0,2,0.0,14666,79168,0.010297,7688185
3,2020-12-24,6753,85682,4852,80588,1901,5094,0,0,6751,85916,0.011175,1,3,0.0,6751,85919,0.011175,7688185
3,2020-12-25,717,86399,663,81251,54,5148,0,0,716,86632,0.011268,0,3,0.0,716,86635,0.011269,7688185
3,2020-12-26,4595,90994,2983,84234,1612,6760,0,0,4593,91225,0.011866,0,3,0.0,4593,91228,0.011866,7688185
3,2020-12-27,2950,93944,1832,86066,1118,7878,0,0,2951,94176,0.012249,0,3,0.0,2951,94179,0.01225,7688185
3,2020-12-28,13452,107396,8602,94668,4850,12728,0,0,13479,107654,0.014003,1,4,1e-06,13479,107658,0.014003,7688185
3,2020-12-29,14879,122275,8411,103079,6468,19196,0,0,14909,122561,0.015941,2,6,1e-06,14909,122567,0.015942,7688185
3,2020-12-30,17916,140191,10032,113111,7884,27080,0,0,17906,140467,0.018271,0,6,1e-06,17906,140473,0.018271,7688185
3,2020-12-31,8258,148449,3166,116277,5092,32172,0,0,8257,148723,0.019344,1,7,1e-06,8257,148730,0.019345,7688185
3,2021-01-01,1129,149578,508,116785,621,32793,0,0,1126,149849,0.019491,0,7,1e-06,1126,149856,0.019492,7688185
3,2021-01-02,4972,154550,2460,119245,2512,35305,0,0,4972,154821,0.020138,0,7,1e-06,4972,154828,0.020138,7688185
3,2021-01-03,1587,156137,840,120085,747,36052,0,0,1578,156395,0.020342,4,11,1e-06,1578,156406,0.020344,7688185
3,2021-01-04,11930,168067,5974,126059,5956,42008,0,0,11904,168292,0.02189,7,18,2e-06,11904,168310,0.021892,7688185
3,2021-01-05,15523,183590,8011,134070,7512,49520,0,0,13925,180656,0.023498,1583,1601,0.000208,13947,182257,0.023706,7688185
3,2021-01-06,20001,203591,10486,144556,9515,59035,0,0,15769,192237,0.025004,4194,5795,0.000754,15775,198032,0.025758,7688185
3,2021-01-07,25986,229577,14806,159362,11180,70215,0,0,16951,200193,0.026039,9008,14803,0.001925,16964,214996,0.027964,7688185
3,2021-01-08,29846,259423,18307,177669,11539,81754,0,0,17782,205950,0.026788,12045,26848,0.003492,17802,232798,0.03028,7688185
3,2021-01-09,12005,271428,6765,184434,5240,86994,0,0,7706,209368,0.027232,4293,31141,0.004051,7711,240509,0.031283,7688185
3,2021-01-10,7145,278573,4463,188897,2682,89676,0,0,4005,210239,0.027346,3138,34279,0.004459,4009,244518,0.031804,7688185
3,2021-01-11,28577,307150,18689,207586,9888,99564,0,0,16153,213994,0.027834,12418,46697,0.006074,16173,260691,0.033908,7688185
3,2021-01-12,31827,338977,19016,226602,12811,112375,0,0,19473,221212,0.028773,12338,59035,0.007679,19556,280247,0.036452,7688185
3,2021-01-13,34205,373182,17911,244513,16294,128669,0,0,24146,235316,0.030607,10059,69094,0.008987,24163,304410,0.039595,7688185
3,2021-01-14,34231,407413,14067,258580,20164,148833,0,0,28383,257912,0.033547,5818,74912,0.009744,28414,332824,0.04329,7688185
3,2021-01-15,38483,445896,14378,272958,24105,172938,0,0,33896,287287,0.037367,4577,79489,0.010339,33952,366776,0.047706,7688185
3,2021-01-16,21728,467624,7602,280560,14126,187064,0,0,19427,304449,0.0396,2287,81776,0.010637,19449,386225,0.050236,7688185
3,2021-01-17,13090,480714,4461,285021,8629,195693,0,0,12070,315516,0.041039,1020,82796,0.010769,12087,398312,0.051808,7688185
3,2021-01-18,24507,505221,12745,297766,11762,207455,0,0,19031,329091,0.042805,5494,88290,0.011484,19069,417381,0.054289,7688185
3,2021-01-19,40386,545607,20735,318501,19651,227106,0,0,31382,351570,0.045729,8979,97269,0.012652,31458,448839,0.05838,7688185
3,2021-01-20,44487,590094,21819,340320,22668,249774,0,0,35288,377771,0.049137,9158,106427,0.013843,35359,484198,0.062979,7688185
3,2021-01-21,46883,636977,20152,360472,26731,276505,0,0,41520,414060,0.053857,5293,111720,0.014531,41582,525780,0.068388,7688185
3,2021-01-22,49002,685979,19511,379983,29491,305996,0,0,44921,454953,0.059176,4093,115813,0.015064,44986,570766,0.074239,7688185
3,2021-01-23,29921,715900,12688,392671,17233,323229,0,0,26622,478329,0.062216,3288,119101,0.015491,26664,597430,0.077708,7688185
3,2021-01-24,17579,733479,8474,401145,9105,332334,0,0,16438,493653,0.064209,1137,120238,0.015639,16461,613891,0.079849,7688185
3,2021-01-25,40152,773631,17970,419115,22182,354516,0,0,30388,514370,0.066904,9748,129986,0.016907,30465,644356,0.083811,7688185
3,2021-01-26,46406,820037,22115,441230,24291,378807,0,0,36513,541097,0.07038,9889,139875,0.018194,36616,680972,0.088574,7688185
3,2021-01-27,50251,870288,24390,465620,25861,404668,0,0,39815,570622,0.074221,10359,150234,0.019541,39884,720856,0.093762,7688185
3,2021-01-28,51110,921398,23714,489334,27396,432064,0,0,42366,604369,0.07861,8663,158897,0.020668,42410,763266,0.099278,7688185
3,2021-01-29,49991,971389,24064,513398,25927,457991,0,0,40627,635871,0.082708,9180,168077,0.021862,40682,803948,0.104569,7688185
3,2021-01-30,36522,1007911,17312,530710,19210,477201,0,0,32010,663490,0.0863,4468,172545,0.022443,32087,836035,0.108743,7688185
3,2021-01-31,22163,1030074,12795,543505,9368,486569,0,0,20703,682756,0.088806,1452,173997,0.022632,20718,856753,0.111438,7688185
3,2021-02-01,44659,1074733,20116,563621,24543,511112,0,0,34600,707372,0.092008,10020,184017,0.023935,34636,891389,0.115943,7688185
3,2021-02-02,53904,1128637,22794,586415,31110,542222,0,0,41275,736148,0.095751,12546,196563,0.025567,41322,932711,0.121317,7688185
3,2021-02-03,59405,1188042,26476,612891,32929,575151,0,0,44354,765663,0.09959,14900,211463,0.027505,44415,977126,0.127094,7688185
3,2021-02-04,63793,1251835,27743,640634,36050,611201,0,0,46883,795923,0.103525,16722,228185,0.02968,46982,1024108,0.133205,7688185
3,2021-02-05,69575,1321410,29652,670286,39923,651124,0,0,48258,823239,0.107078,21109,249294,0.032426,48425,1072533,0.139504,7688185
3,2021-02-06,43356,1364766,21112,691398,22244,673368,0,0,33670,847435,0.110226,9659,258953,0.033682,33855,1106388,0.143908,7688185
3,2021-02-07,19360,1384126,12243,703641,7117,680485,0,0,14906,858023,0.111603,4444,263397,0.03426,15032,1121420,0.145863,7688185
3,2021-02-08,50541,1434667,24340,727981,26201,706686,0,0,33247,874276,0.113717,17178,280575,0.036494,33431,1154851,0.150211,7688185
3,2021-02-09,57910,1492577,28195,756176,29715,736401,0,0,34068,885009,0.115113,23676,304251,0.039574,34409,1189260,0.154687,7688185
3,2021-02-10,67117,1559694,31192,787368,35925,772326,0,0,36517,891669,0.115979,30373,334624,0.043524,37033,1226293,0.159504,7688185
3,2021-02-11,69566,1629260,34299,821667,35267,807593,0,0,37621,898195,0.116828,31621,366245,0.047637,38147,1264440,0.164465,7688185
3,2021-02-12,74151,1703411,32032,853699,42119,849712,0,0,41159,907359,0.11802,32744,398989,0.051896,41908,1306348,0.169916,7688185
3,2021-02-13,44373,1747784,20164,873863,24209,873921,0,0,25618,914947,0.119007,18609,417598,0.054317,26197,1332545,0.173324,7688185
3,2021-02-14,27019,1774803,13510,887373,13509,887430,0,0,15132,918697,0.119495,11843,429441,0.055857,15593,1348138,0.175352,7688185
3,2021-02-15,39443,1814246,17054,904427,22389,909819,0,0,21898,924079,0.120195,17465,446906,0.058129,22847,1370985,0.178324,7688185
3,2021-02-16,68699,1882945,32616,937043,36083,945902,0,0,35946,928438,0.120762,32631,479537,0.062373,36990,1407975,0.183135,7688185
3,2021-02-17,70392,1953337,35729,972772,34663,980565,0,0,33609,926557,0.120517,36592,516129,0.067133,34711,1442686,0.18765,7688185
3,2021-02-18,75390,2028727,39428,1012200,35962,1016527,0,0,35439,923525,0.120123,39838,555967,0.072314,36806,1479492,0.192437,7688185
3,2021-02-19,67072,2095799,38766,1050966,28306,1044833,0,0,34134,925497,0.120379,32854,588821,0.076588,34826,1514318,0.196967,7688185
3,2021-02-20,40998,2136797,25977,1076943,15021,1059854,0,0,21868,928810,0.12081,19047,607868,0.079065,22360,1536678,0.199875,7688185
3,2021-02-21,19467,2156264,15748,1092691,3719,1063573,0,0,9197,928226,0.120734,10211,618079,0.080393,9627,1546305,0.201127,7688185
3,2021-02-22,44403,2200667,28979,1121670,15424,1078997,0,0,21019,926486,0.120508,23310,641389,0.083425,21570,1567875,0.203933,7688185
3,2021-02-23,59166,2259833,32188,1153858,26978,1105975,0,0,26040,921547,0.119865,33012,674401,0.087719,28073,1595948,0.207584,7688185
3,2021-02-24,75401,2335234,36811,1190669,38590,1144565,0,0,33737,916328,0.119187,41512,715913,0.093119,36293,1632241,0.212305,7688185
3,2021-02-25,83747,2418981,40300,1230969,43447,1188012,0,0,42009,919421,0.119589,41540,757453,0.098522,44633,1676874,0.218111,7688185
3,2021-02-26,94260,2513241,42906,1273875,51354,1239366,0,0,50228,928099,0.120718,43737,801190,0.104211,52415,1729289,0.224928,7688185
3,2021-02-27,66185,2579426,29936,1303811,36246,1275612,3,3,35122,933624,0.121436,30906,832096,0.10823,36431,1765720,0.229667,7688185
3,2021-02-28,37292,2616718,21618,1325429,15674,1291286,0,3,19419,936281,0.121782,17760,849856,0.110541,20417,1786137,0.232322,7688185
3,2021-03-01,64689,2681407,34258,1359687,30424,1321710,7,10,36174,945494,0.12298,28379,878235,0.114232,37592,1823729,0.237212,7688185
3,2021-03-02,73824,2755231,35223,1394910,38600,1360310,1,11,42762,959421,0.124792,30954,909189,0.118258,44881,1868610,0.24305,7688185
3,2021-03-03,85878,2841109,40609,1435519,45257,1405567,12,23,47766,971569,0.126372,37958,947147,0.123195,50106,1918716,0.249567,7688185
3,2021-03-04,90245,2931354,43949,1479468,46281,1451848,15,38,51507,986852,0.12836,38564,985711,0.128211,53847,1972563,0.256571,7688185
3,2021-03-05,86731,3018085,42105,1521573,44341,1496189,285,323,52946,1008774,0.131211,33592,1019303,0.13258,55514,2028077,0.263791,7688185
3,2021-03-06,63546,3081631,31911,1553484,29509,1525698,2126,2449,36399,1021825,0.132908,27031,1046334,0.136096,40082,2068159,0.269005,7688185
3,2021-03-07,36242,3117873,21426,1574910,13714,1539412,1102,3551,20765,1029831,0.13395,15437,1061771,0.138104,23443,2091602,0.272054,7688185
3,2021-03-08,57133,3175006,26970,1601880,27366,1566778,2797,6348,36094,1049369,0.136491,20947,1082718,0.140829,40485,2132087,0.27732,7688185
3,2021-03-09,69638,3244644,29423,1631303,35906,1602684,4309,10657,36189,1058270,0.137649,33359,1116077,0.145168,42260,2174347,0.282817,7688185
3,2021-03-10,79399,3324043,39106,1670409,34422,1637106,5871,16528,41116,1069053,0.139051,38135,1154212,0.150128,48918,2223265,0.289179,7688185
3,2021-03-11,94353,3418396,45903,1716312,40067,1677173,8383,24911,46497,1077805,0.14019,47644,1201856,0.156325,56396,2279661,0.296515,7688185
3,2021-03-12,99681,3518077,44377,1760689,43601,1720774,11703,36614,45693,1082529,0.140804,53828,1255684,0.163326,58552,2338213,0.304131,7688185
3,2021-03-13,68182,3586259,28777,1789466,32313,1753087,7092,43706,35989,1094899,0.142413,32106,1287790,0.167502,44476,2382689,0.309916,7688185
3,2021-03-14,40135,3626394,21059,1810525,15617,1768704,3459,47165,21874,1102748,0.143434,18209,1305999,0.169871,26058,2408747,0.313305,7688185
3,2021-03-15,74039,3700433,35072,1845597,34522,1803226,4445,51610,39401,1113104,0.144781,34494,1340493,0.174358,44850,2453597,0.319139,7688185
3,2021-03-16,93330,3793763,42875,1888472,46238,1849464,4217,55827,53406,1132037,0.147244,39754,1380247,0.179528,58687,2512284,0.326772,7688185
3,2021-03-17,95821,3889584,46496,1934968,44962,1894426,4363,60190,58887,1159249,0.150783,36780,1417027,0.184312,63992,2576276,0.335095,7688185
3,2021-03-18,100257,3989841,50490,1985458,45451,1939877,4316,64506,58835,1182017,0.153745,41219,1458246,0.189674,63987,2640263,0.343418,7688185
3,2021-03-19,99954,4089795,53091,2038549,42476,1982353,4387,68893,57139,1201603,0.156292,42624,1500870,0.195218,62210,2702473,0.35151,7688185
3,2021-03-20,69971,4159766,36027,2074576,30405,2012758,3539,72432,44285,1224502,0.159271,25545,1526415,0.19854,48444,2750917,0.357811,7688185
3,2021-03-21,35284,4195050,23975,2098551,9851,2022609,1458,73890,22977,1237507,0.160962,12257,1538672,0.200135,25262,2776179,0.361097,7688185
3,2021-03-22,68373,4263423,40043,2138594,25913,2048522,2417,76307,44899,1262621,0.164229,23331,1562003,0.203169,48445,2824624,0.367398,7688185
3,2021-03-23,87773,4351196,48212,2186806,37151,2085673,2410,78717,57270,1292746,0.168147,30317,1592320,0.207113,60442,2885066,0.37526,7688185
3,2021-03-24,96849,4448045,55937,2242743,38185,2123858,2727,81444,56862,1313481,0.170844,39734,1632054,0.212281,60469,2945535,0.383125,7688185
3,2021-03-25,104348,4552393,57897,2300640,43644,2167502,2807,84251,60370,1333593,0.17346,43732,1675786,0.217969,63844,3009379,0.391429,7688185
3,2021-03-26,107639,4660032,57828,2358468,46632,2214134,3179,87430,57592,1345430,0.175,49818,1725604,0.224449,61655,3071034,0.399449,7688185
3,2021-03-27,72697,4732729,36830,2395298,33348,2247482,2519,89949,36469,1349025,0.175467,36074,1761678,0.229141,39669,3110703,0.404608,7688185
3,2021-03-28,43085,4775814,27067,2422365,15219,2262701,799,90748,23063,1353443,0.176042,19945,1781623,0.231735,24363,3135066,0.407777,7688185
3,2021-03-29,78822,4854636,41178,2463543,35919,2298620,1725,92473,44904,1367135,0.177823,33741,1815364,0.236124,47433,3182499,0.413947,7688185
3,2021-03-30,97810,4952446,48116,2511659,46264,2344884,3430,95903,59499,1392551,0.181129,38125,1853489,0.241083,63541,3246040,0.422211,7688185
3,2021-03-31,102739,5055185,55468,2567127,42578,2387462,4693,100596,57359,1409714,0.183361,45235,1898724,0.246966,62398,3308438,0.430328,7688185
3,2021-04-01,119759,5174944,60293,2627420,50190,2437652,9276,109872,65650,1431108,0.186144,53917,1952641,0.253979,75311,3383749,0.440123,7688185
3,2021-04-02,114526,5289470,55887,2683307,48786,2486438,9853,119725,61348,1449848,0.188581,52975,2005616,0.26087,71715,3455464,0.449451,7688185
3,2021-04-03,74150,5363620,37755,2721062,27473,2513911,8922,128647,37368,1459860,0.189884,36685,2042301,0.265642,46697,3502161,0.455525,7688185
3,2021-04-04,31902,5395522,17045,2738107,10751,2524662,4106,132753,14261,1460705,0.189993,17588,2059889,0.267929,18433,3520594,0.457923,7688185
3,2021-04-05,86810,5482332,44271,2782378,33715,2558377,8824,141577,43363,1470472,0.191264,43310,2103199,0.273562,53077,3573671,0.464826,7688185
3,2021-04-06,111154,5593486,54267,2836645,42031,2600408,14856,156433,53102,1481424,0.192688,57849,2161048,0.281087,68801,3642472,0.473775,7688185
3,2021-04-07,113659,5707145,59057,2895702,38712,2639120,15890,172323,55675,1495755,0.194552,57787,2218835,0.288603,72118,3714590,0.483156,7688185
3,2021-04-08,118568,5825713,59504,2955206,39517,2678637,19547,191870,55702,1509227,0.196305,62645,2281480,0.296751,76117,3790707,0.493056,7688185
3,2021-04-09,114886,5940599,57502,3012708,38813,2717450,18571,210441,51215,1516584,0.197262,63487,2344967,0.305009,70844,3861551,0.502271,7688185
3,2021-04-10,81471,6022070,36951,3049659,29650,2747100,14870,225311,33419,1517910,0.197434,47917,2392884,0.311242,49243,3910794,0.508676,7688185
3,2021-04-11,43917,6065987,23575,3073234,12575,2759675,7767,233078,16741,1516306,0.197225,27102,2419986,0.314767,25498,3936292,0.511992,7688185
3,2021-04-12,82159,6148146,41785,3115019,31968,2791643,8406,241484,37850,1519505,0.197642,44144,2464130,0.320509,47343,3983635,0.51815,7688185
3,2021-04-13,103096,6251242,55885,3170904,47016,2838659,195,241679,54608,1527126,0.198633,48317,2512447,0.326793,55938,4039573,0.525426,7688185
3,2021-04-14,103470,6354712,56609,3227513,46777,2885436,84,241763,52619,1531070,0.199146,50626,2563073,0.333378,54570,4094143,0.532524,7688185
3,2021-04-15,114355,6469067,64496,3292009,49807,2935243,52,241815,62037,1542310,0.200608,52098,2615171,0.340155,63338,4157481,0.540762,7688185
3,2021-04-16,111443,6580510,62471,3354480,48884,2984127,88,241903,58622,1549229,0.201508,52598,2667769,0.346996,59517,4216998,0.548504,7688185
3,2021-04-17,75334,6655844,41449,3395929,33875,3018002,10,241913,41836,1558872,0.202762,33371,2701140,0.351336,43014,4260012,0.554099,7688185
3,2021-04-18,36264,6692108,21365,3417294,14896,3032898,3,241916,17251,1558186,0.202673,18945,2720085,0.353801,18259,4278271,0.556473,7688185
3,2021-04-19,76545,6768653,42734,3460028,33763,3066661,48,241964,34794,1552286,0.201905,41622,2761707,0.359214,35722,4313993,0.56112,7688185
3,2021-04-20,95909,6864562,49338,3509366,46563,3113224,8,241972,46902,1552081,0.201879,48852,2810559,0.365569,48647,4362640,0.567447,7688185
3,2021-04-21,97216,6961778,53475,3562841,43682,3156906,59,242031,46090,1548991,0.201477,50891,2861450,0.372188,47801,4410441,0.573665,7688185
3,2021-04-22,97458,7059236,54547,3617388,42895,3199801,16,242047,42469,1538660,0.200133,54770,2916220,0.379312,44439,4454880,0.579445,7688185
3,2021-04-23,87276,7146512,49893,3667281,37368,3237169,15,242062,37824,1530157,0.199027,49213,2965433,0.385713,40710,4495590,0.58474,7688185
3,2021-04-24,52902,7199414,32386,3699667,20479,3257648,37,242099,25655,1529935,0.198998,27133,2992566,0.389242,26911,4522501,0.58824,7688185
3,2021-04-25,9913,7209327,6578,3706245,3334,3260982,1,242100,5485,1531236,0.199167,4410,2996976,0.389816,5711,4528212,0.588983,7688185
4,2020-12-15,444,444,444,444,0,0,0,0,444,444,5.9e-05,0,0,0.0,444,444,5.9e-05,7584050
4,2020-12-16,2955,3399,2955,3399,0,0,0,0,2955,3399,0.000448,0,0,0.0,2955,3399,0.000448,7584050
4,2020-12-17,8516,11915,8516,11915,0,0,0,0,8516,11915,0.001571,0,0,0.0,8516,11915,0.001571,7584050
4,2020-12-18,15365,27280,15355,27270,10,10,0,0,15365,27280,0.003597,0,0,0.0,15365,27280,0.003597,7584050
4,2020-12-19,10229,37509,10222,37492,7,17,0,0,10164,37444,0.004937,0,0,0.0,10164,37444,0.004937,7584050
4,2020-12-20,7359,44868,7347,44839,12,29,0,0,7314,44758,0.005902,0,0,0.0,7314,44758,0.005902,7584050
4,2020-12-21,16266,61134,16242,61081,24,53,0,0,16199,60957,0.008038,0,0,0.0,16199,60957,0.008038,7584050
4,2020-12-22,17084,78218,16355,77436,729,782,0,0,17040,77997,0.010284,0,0,0.0,17040,77997,0.010284,7584050
4,2020-12-23,16876,95094,14203,91639,2673,3455,0,0,16847,94844,0.012506,0,0,0.0,16847,94844,0.012506,7584050
4,2020-12-24,8522,103616,5948,97587,2574,6029,0,0,8522,103366,0.013629,0,0,0.0,8522,103366,0.013629,7584050
4,2020-12-25,898,104514,793,98380,105,6134,0,0,898,104264,0.013748,0,0,0.0,898,104264,0.013748,7584050
4,2020-12-26,6159,110673,3858,102238,2301,8435,0,0,6159,110423,0.01456,0,0,0.0,6159,110423,0.01456,7584050
4,2020-12-27,3416,114089,1996,104234,1420,9855,0,0,3416,113839,0.01501,0,0,0.0,3416,113839,0.01501,7584050
4,2020-12-28,14944,129033,9231,113465,5713,15568,0,0,14915,128753,0.016977,1,1,0.0,14915,128754,0.016977,7584050
4,2020-12-29,15209,144242,8419,121884,6790,22358,0,0,15175,143928,0.018978,0,1,0.0,15175,143929,0.018978,7584050
4,2020-12-30,18843,163085,11057,132941,7786,30144,0,0,18832,162758,0.021461,2,3,0.0,18832,162761,0.021461,7584050
4,2020-12-31,8176,171261,3310,136251,4866,35010,0,0,8171,170927,0.022538,2,5,1e-06,8171,170932,0.022538,7584050
4,2021-01-01,1155,172416,481,136732,674,35684,0,0,1154,172080,0.02269,1,6,1e-06,1154,172086,0.022691,7584050
4,2021-01-02,5638,178054,3185,139917,2453,38137,0,0,5637,177716,0.023433,1,7,1e-06,5637,177723,0.023434,7584050
4,2021-01-03,2106,180160,1249,141166,857,38994,0,0,2092,179804,0.023708,4,11,1e-06,2092,179815,0.02371,7584050
4,2021-01-04,12912,193072,7040,148206,5872,44866,0,0,12864,192637,0.0254,31,42,6e-06,12864,192679,0.025406,7584050
4,2021-01-05,16660,209732,9847,158053,6813,51679,0,0,14636,205282,0.027068,2002,2044,0.00027,14647,207326,0.027337,7584050
4,2021-01-06,21410,231142,13140,171193,8270,59949,0,0,15580,215097,0.028362,5776,7820,0.001031,15591,222917,0.029393,7584050
4,2021-01-07,27704,258846,16897,188090,10807,70756,0,0,16943,221345,0.029186,10707,18527,0.002443,16955,239872,0.031628,7584050
4,2021-01-08,32542,291388,20905,208995,11637,82393,0,0,18418,225723,0.029763,14055,32582,0.004296,18433,258305,0.034059,7584050
4,2021-01-09,16022,307410,9466,218461,6556,88949,0,0,9376,228484,0.030127,6626,39208,0.00517,9387,267692,0.035297,7584050
4,2021-01-10,8688,316098,5619,224080,3069,92018,0,0,4086,227996,0.030063,4581,43789,0.005774,4093,271785,0.035836,7584050
4,2021-01-11,33181,349279,21730,245810,11451,103469,0,0,18724,232327,0.030634,14418,58207,0.007675,18749,290534,0.038309,7584050
4,2021-01-12,37970,387249,21788,267598,16182,119651,0,0,23963,242370,0.031958,13957,72164,0.009515,24000,314534,0.041473,7584050
4,2021-01-13,38310,425559,18849,286447,19461,139112,0,0,27156,258449,0.034078,11101,83265,0.010979,27180,341714,0.045057,7584050
4,2021-01-14,38748,464307,14767,301214,23981,163093,0,0,31716,283207,0.037342,6984,90249,0.0119,31742,373456,0.049242,7584050
4,2021-01-15,44974,509281,15570,316784,29404,192497,0,0,39470,317248,0.041831,5449,95698,0.012618,39490,412946,0.054449,7584050
4,2021-01-16,28486,537767,9322,326106,19164,211661,0,0,25387,339586,0.044776,3063,98761,0.013022,25401,438347,0.057799,7584050
4,2021-01-17,18931,556698,6633,332739,12298,223959,0,0,17425,355544,0.04688,1481,100242,0.013217,17439,455786,0.060098,7584050
4,2021-01-18,29097,585795,13359,346098,15738,239697,0,0,23151,372878,0.049166,5848,106090,0.013989,23182,478968,0.063155,7584050
4,2021-01-19,45823,631618,23149,369247,22674,262371,0,0,36553,400287,0.05278,9213,115303,0.015203,36622,515590,0.067983,7584050
4,2021-01-20,51092,682710,26970,396217,24122,286493,0,0,40767,430873,0.056813,10231,125534,0.016552,40817,556407,0.073365,7584050
4,2021-01-21,55883,738593,24625,420842,31258,317751,0,0,49594,474276,0.062536,6227,131761,0.017373,49630,606037,0.079909,7584050
4,2021-01-22,54671,793264,21946,442788,32725,350476,0,0,49614,518962,0.068428,4958,136719,0.018027,49644,655681,0.086455,7584050
4,2021-01-23,39335,832599,17392,460180,21943,372419,0,0,35055,549774,0.072491,4271,140990,0.01859,35083,690764,0.091081,7584050
4,2021-01-24,23875,856474,10480,470660,13395,385814,0,0,22012,569945,0.07515,1856,142846,0.018835,22027,712791,0.093986,7584050
4,2021-01-25,47476,903950,21938,492598,25538,411352,0,0,36515,595579,0.07853,10935,153781,0.020277,36569,749360,0.098807,7584050
4,2021-01-26,56096,960046,28616,521214,27480,438832,0,0,44101,627794,0.082778,11940,165721,0.021851,44155,793515,0.104629,7584050
4,2021-01-27,55009,1015055,26593,547807,28416,467248,0,0,44140,661244,0.087189,10737,176458,0.023267,44187,837702,0.110456,7584050
4,2021-01-28,55922,1070977,25241,573048,30681,497929,0,0,46116,697686,0.091994,9718,186176,0.024548,46160,883862,0.116542,7584050
4,2021-01-29,55903,1126880,26866,599914,29037,526966,0,0,45694,733348,0.096696,10070,196246,0.025876,45732,929594,0.122572,7584050
4,2021-01-30,37407,1164287,17012,616926,20395,547361,0,0,32192,760397,0.100263,5167,201413,0.026557,32216,961810,0.12682,7584050
4,2021-01-31,23746,1188033,12474,629400,11272,558633,0,0,22163,781003,0.10298,1568,202981,0.026764,22174,983984,0.129744,7584050
4,2021-02-01,48015,1236048,22641,652041,25374,584007,0,0,37796,808644,0.106624,10194,213175,0.028108,37835,1021819,0.134733,7584050
4,2021-02-02,55601,1291649,26268,678309,29333,613340,0,0,41990,837195,0.110389,13480,226655,0.029886,42031,1063850,0.140275,7584050
4,2021-02-03,61623,1353272,30285,708594,31338,644678,0,0,47518,870773,0.114816,13995,240650,0.031731,47573,1111423,0.146547,7584050
4,2021-02-04,67081,1420353,31278,739872,35803,680481,0,0,50558,905063,0.119338,16369,257019,0.033889,50659,1162082,0.153227,7584050
4,2021-02-05,72460,1492813,33580,773452,38880,719361,0,0,50681,934333,0.123197,21539,278558,0.036729,50809,1212891,0.159927,7584050
4,2021-02-06,47911,1540724,25936,799388,21975,741336,0,0,36531,959713,0.126544,11352,289910,0.038226,36732,1249623,0.16477,7584050
4,2021-02-07,26200,1566924,17280,816668,8920,750256,0,0,19867,973514,0.128363,6299,296209,0.039057,20100,1269723,0.16742,7584050
4,2021-02-08,58004,1624928,29783,846451,28221,778477,0,0,37811,991518,0.130737,20064,316273,0.041702,38068,1307791,0.17244,7584050
4,2021-02-09,66684,1691612,33970,880421,32714,811191,0,0,39239,1003768,0.132353,27385,343658,0.045313,39635,1347426,0.177666,7584050
4,2021-02-10,76694,1768306,38383,918804,38311,849502,0,0,41025,1009879,0.133158,35443,379101,0.049987,41554,1388980,0.183145,7584050
4,2021-02-11,80374,1848680,41917,960721,38457,887959,0,0,41797,1013960,0.133696,38371,417472,0.055046,42452,1431432,0.188742,7584050
4,2021-02-12,83532,1932212,37433,998154,46099,934058,0,0,43215,1017786,0.134201,40168,457640,0.060342,43994,1475426,0.194543,7584050
4,2021-02-13,58221,1990433,29522,1027676,28699,962757,0,0,29774,1020107,0.134507,28338,485978,0.064079,30659,1506085,0.198586,7584050
4,2021-02-14,36546,2026979,18994,1046670,17552,980309,0,0,18784,1021837,0.134735,17725,503703,0.066416,19455,1525540,0.201151,7584050
4,2021-02-15,45684,2072663,21448,1068118,24236,1004545,0,0,23580,1024574,0.135096,22037,525740,0.069322,24774,1550314,0.204418,7584050
4,2021-02-16,79081,2151744,36212,1104330,42869,1047414,0,0,40494,1027825,0.135525,38506,564246,0.074399,41757,1592071,0.209924,7584050
4,2021-02-17,80045,2231789,37790,1142120,42255,1089669,0,0,38417,1025921,0.135274,41486,605732,0.079869,39582,1631653,0.215143,7584050
4,2021-02-18,82077,2313866,45302,1187422,36775,1126444,0,0,38296,1022059,0.134764,43656,649388,0.085625,39794,1671447,0.22039,7584050
4,2021-02-19,80787,2394653,50820,1238242,29967,1156411,0,0,40759,1023610,0.134969,39900,689288,0.090887,41451,1712898,0.225855,7584050
4,2021-02-20,47667,2442320,32066,1270308,15601,1172012,0,0,26315,1029307,0.13572,21310,710598,0.093696,27007,1739905,0.229416,7584050
4,2021-02-21,25506,2467826,19939,1290247,5567,1177579,0,0,11589,1027347,0.135462,13870,724468,0.095525,11910,1751815,0.230987,7584050
4,2021-02-22,51938,2519764,35748,1325995,16190,1193769,0,0,25285,1026567,0.135359,26573,751041,0.099029,25793,1777608,0.234388,7584050
4,2021-02-23,72058,2591822,39754,1365749,32304,1226073,0,0,31722,1019784,0.134464,40235,791276,0.104334,33452,1811060,0.238799,7584050
4,2021-02-24,87184,2679006,45846,1411595,41338,1267411,0,0,39548,1014056,0.133709,47459,838735,0.110592,41731,1852791,0.244301,7584050
4,2021-02-25,97325,2776331,50560,1462155,46765,1314176,0,0,46724,1012902,0.133557,50460,889195,0.117245,49306,1902097,0.250802,7584050
4,2021-02-26,103517,2879848,52136,1514291,51381,1365557,0,0,53506,1018932,0.134352,49806,939001,0.123813,55836,1957933,0.258165,7584050
4,2021-02-27,74553,2954401,40293,1554584,34254,1399811,6,6,39885,1025740,0.13525,34559,973560,0.128369,41367,1999300,0.263619,7584050
4,2021-02-28,44756,2999157,27740,1582324,17015,1416826,1,7,24978,1031991,0.136074,19670,993230,0.130963,25921,2025221,0.267037,7584050
4,2021-03-01,74127,3073284,43284,1625608,30834,1447660,9,16,41030,1041360,0.137309,32922,1026152,0.135304,42291,2067512,0.272613,7584050
4,2021-03-02,80047,3153331,44658,1670266,35386,1483046,3,19,47030,1057346,0.139417,32888,1059040,0.13964,48874,2116386,0.279057,7584050
4,2021-03-03,97071,3250402,51049,1721315,46016,1529062,6,25,53879,1070033,0.14109,43025,1102065,0.145314,55712,2172098,0.286403,7584050
4,2021-03-04,94725,3345127,52606,1773921,42107,1571169,12,37,52070,1081449,0.142595,42478,1144543,0.150914,53894,2225992,0.29351,7584050
4,2021-03-05,91779,3436906,49085,1823006,42386,1613555,308,345,54342,1100781,0.145144,37282,1181825,0.15583,56614,2282606,0.300975,7584050
4,2021-03-06,74584,3511490,41765,1864771,30218,1643773,2601,2946,45606,1121556,0.147884,28885,1210710,0.159639,49660,2332266,0.307522,7584050
4,2021-03-07,41199,3552689,26141,1890912,13916,1657689,1142,4088,24473,1131758,0.149229,16679,1227389,0.161838,26881,2359147,0.311067,7584050
4,2021-03-08,64643,3617332,33475,1924387,28015,1685704,3153,7241,42469,1156645,0.15251,22081,1249470,0.16475,46968,2406115,0.31726,7584050
4,2021-03-09,73163,3690495,33831,1958218,34261,1719965,5071,12312,37875,1165781,0.153715,35154,1284624,0.169385,44290,2450405,0.3231,7584050
4,2021-03-10,87538,3778033,44436,2002654,35809,1755774,7293,19605,43879,1174646,0.154884,43530,1328154,0.175125,52395,2502800,0.330008,7584050
4,2021-03-11,99066,3877099,52114,2054768,38737,1794511,8215,27820,45888,1177075,0.155204,53007,1381161,0.182114,55436,2558236,0.337318,7584050
4,2021-03-12,102914,3980013,50698,2105466,42076,1836587,10140,37960,44070,1173599,0.154746,58646,1439807,0.189847,55170,2613406,0.344592,7584050
4,2021-03-13,79516,4059529,36934,2142400,34318,1870905,8264,46224,37408,1178437,0.155384,42003,1481810,0.195385,46841,2660247,0.350769,7584050
4,2021-03-14,48868,4108397,27803,2170203,17495,1888400,3570,49794,25137,1184127,0.156134,23665,1505475,0.198505,29355,2689602,0.354639,7584050
4,2021-03-15,82705,4191102,44236,2214439,34291,1922691,4178,53972,42787,1192196,0.157198,39745,1545220,0.203746,47814,2737416,0.360944,7584050
4,2021-03-16,106147,4297249,55023,2269462,47784,1970475,3340,57312,57096,1204624,0.158837,48866,1594086,0.210189,61294,2798710,0.369026,7584050
4,2021-03-17,104535,4401784,56197,2325659,44971,2015446,3367,60679,61687,1227648,0.161872,42653,1636739,0.215813,65677,2864387,0.377686,7584050
4,2021-03-18,104549,4506333,57784,2383443,43176,2058622,3589,64268,60225,1247871,0.164539,44115,1680854,0.22163,64338,2928725,0.386169,7584050
4,2021-03-19,108496,4614829,62013,2445456,41400,2100022,5083,69351,62967,1271117,0.167604,45342,1726196,0.227609,68588,2997313,0.395213,7584050
4,2021-03-20,81957,4696786,47836,2493292,31175,2131197,2946,72297,51256,1295158,0.170774,30593,1756789,0.231643,54634,3051947,0.402417,7584050
4,2021-03-21,47169,4743955,34143,2527435,10798,2141995,2228,74525,28832,1308756,0.172567,18260,1775049,0.23405,31858,3083805,0.406617,7584050
4,2021-03-22,80458,4824413,52627,2580062,25206,2167201,2625,77150,51396,1334815,0.176003,28903,1803952,0.237861,54962,3138767,0.413864,7584050
4,2021-03-23,102622,4927035,61168,2641230,39388,2206589,2066,79216,64445,1363935,0.179843,37957,1841909,0.242866,67077,3205844,0.422709,7584050
4,2021-03-24,111668,5038703,72174,2713404,37200,2243789,2294,81510,64397,1384345,0.182534,46941,1888850,0.249056,67351,3273195,0.431589,7584050
4,2021-03-25,114685,5153388,70562,2783966,41836,2285625,2287,83797,66868,1406547,0.185461,47439,1936289,0.255311,69641,3342836,0.440772,7584050
4,2021-03-26,117444,5270832,71324,2855290,43137,2328762,2983,86780,66062,1425124,0.187911,51114,1987403,0.26205,69691,3412527,0.449961,7584050
4,2021-03-27,89765,5360597,53118,2908408,34875,2363637,1772,88552,46802,1431399,0.188738,42784,2030187,0.267692,49059,3461586,0.45643,7584050
4,2021-03-28,54740,5415337,36037,2944445,17839,2381476,864,89416,30638,1439214,0.189769,24002,2054189,0.270856,31817,3493403,0.460625,7584050
4,2021-03-29,91816,5507153,55214,2999659,34613,2416089,1989,91405,51443,1452994,0.191585,40199,2094388,0.276157,53979,3547382,0.467742,7584050
4,2021-03-30,115035,5622188,62684,3062343,48299,2464388,4052,95457,73763,1490145,0.196484,41112,2135500,0.281578,78263,3625645,0.478062,7584050
4,2021-03-31,118822,5741010,70322,3132665,42342,2506730,6158,101615,69179,1516304,0.199933,49410,2184910,0.288093,75569,3701214,0.488026,7584050
4,2021-04-01,139136,5880146,79651,3212316,46757,2553487,12728,114343,82846,1556111,0.205182,56065,2240975,0.295485,95872,3797086,0.500667,7584050
4,2021-04-02,133438,6013584,71590,3283906,48836,2602323,13012,127355,77770,1591826,0.209891,55461,2296436,0.302798,91176,3888262,0.512689,7584050
4,2021-04-03,99120,6112704,52838,3336744,33263,2635586,13019,140374,52097,1610418,0.212343,46880,2343316,0.30898,65472,3953734,0.521322,7584050
4,2021-04-04,46194,6158898,24377,3361121,14434,2650020,7383,147757,20478,1612693,0.212643,25660,2368976,0.312363,27935,3981669,0.525006,7584050
4,2021-04-05,106655,6265553,60626,3421747,33615,2683635,12414,160171,56476,1632195,0.215214,50046,2419022,0.318962,69548,4051217,0.534176,7584050
4,2021-04-06,136522,6402075,77041,3498788,40011,2723646,19470,179641,71483,1659087,0.21876,64870,2483892,0.327515,91762,4142979,0.546275,7584050
4,2021-04-07,134921,6536996,76647,3575435,37941,2761587,20333,199974,70317,1685897,0.222295,64415,2548307,0.336009,91225,4234204,0.558304,7584050
4,2021-04-08,136658,6673654,76588,3652023,35313,2796900,24757,224731,68391,1711715,0.225699,68053,2616360,0.344982,93871,4328075,0.570681,7584050
4,2021-04-09,134349,6808003,73826,3725849,38077,2834977,22446,247177,64582,1730300,0.22815,69597,2685957,0.354159,88182,4416257,0.582309,7584050
4,2021-04-10,101284,6909287,50128,3775977,32809,2867786,18347,265524,46036,1740717,0.229523,55097,2741054,0.361424,65514,4481771,0.590947,7584050
4,2021-04-11,61397,6970684,37388,3813365,13002,2880788,11007,276531,27032,1745712,0.230182,34294,2775348,0.365945,39289,4521060,0.596127,7584050
4,2021-04-12,100870,7071554,61519,3874884,29682,2910470,9669,286200,51305,1758585,0.231879,49333,2824681,0.37245,62206,4583266,0.60433,7584050
4,2021-04-13,128126,7199680,80406,3955290,47571,2958041,149,286349,77134,1786277,0.235531,50784,2875465,0.379146,78476,4661742,0.614677,7584050
4,2021-04-14,132515,7332195,84399,4039689,48051,3006092,65,286414,74261,1804299,0.237907,58009,2933474,0.386795,76031,4737773,0.624702,7584050
4,2021-04-15,151615,7483810,101242,4140931,50344,3056436,29,286443,93914,1842085,0.242889,57430,2990904,0.394368,95216,4832989,0.637257,7584050
4,2021-04-16,140276,7624086,89327,4230258,50881,3107317,68,286511,82366,1867739,0.246272,57662,3048566,0.401971,83316,4916305,0.648243,7584050
4,2021-04-17,97605,7721691,62029,4292287,35571,3142888,5,286516,57586,1886864,0.248794,39832,3088398,0.407223,58957,4975262,0.656017,7584050
4,2021-04-18,52942,7774633,35393,4327680,17546,3160434,3,286519,30268,1895689,0.249957,22582,3110980,0.4102,31407,5006669,0.660158,7584050
4,2021-04-19,98053,7872686,64688,4392368,33354,3193788,11,286530,50332,1899458,0.250454,47564,3158544,0.416472,51333,5058002,0.666926,7584050
4,2021-04-20,124304,7996990,72386,4464754,51913,3245701,5,286535,65153,1907311,0.25149,58925,3217469,0.424242,66778,5124780,0.675731,7584050
4,2021-04-21,124029,8121019,79676,4544430,44306,3290007,47,286582,62225,1909589,0.25179,61566,3279035,0.432359,63844,5188624,0.684149,7584050
4,2021-04-22,122315,8243334,79304,4623734,42992,3332999,19,286601,53401,1896554,0.250071,68682,3347717,0.441415,55647,5244271,0.691487,7584050
4,2021-04-23,108209,8351543,69739,4693473,38451,3371450,19,286620,45735,1884623,0.248498,62252,3409969,0.449624,50321,5294592,0.698122,7584050
4,2021-04-24,69043,8420586,45388,4738861,23618,3395068,37,286657,29781,1877062,0.247501,39144,3449113,0.454785,31583,5326175,0.702286,7584050
4,2021-04-25,12695,8433281,9820,4748681,2873,3397941,2,286659,7247,1879264,0.247792,5431,3454544,0.455501,7633,5333808,0.703293,7584050
