vemquartile,administered_date,total_doses,cumulative_total_doses,pfizer_doses,cumulative_pfizer_doses,moderna_doses,cumulative_moderna_doses,jj_doses,cumulative_jj_doses,partially_vaccinated,total_partially_vaccinated,pct_age12pop_partially_vaccinated,fully_vaccinated,cumulative_fully_vaccinated,pct_age12pop_fully_vaccinated,at_least_one_dose,cumulative_at_least_one_dose,pct_age12pop_at_least_one_dose,age12_population
1,2020-12-15,150,150,150,150,0,0,0,0,150,150,1.7e-05,0,0,0.0,150,150,1.7e-05,8700223
1,2020-12-16,1182,1332,1182,1332,0,0,0,0,1182,1332,0.000153,0,0,0.0,1182,1332,0.000153,8700223
1,2020-12-17,4160,5492,4160,5492,0,0,0,0,4161,5493,0.000631,0,0,0.0,4161,5493,0.000631,8700223
1,2020-12-18,6322,11814,6302,11794,20,20,0,0,6324,11816,0.001358,1,1,0.0,6324,11817,0.001358,8700223
1,2020-12-19,2876,14690,2875,14669,1,21,0,0,2875,14690,0.001688,1,2,0.0,2875,14692,0.001689,8700223
1,2020-12-20,2131,16821,2123,16792,8,29,0,0,2132,16822,0.001934,0,2,0.0,2132,16824,0.001934,8700223
1,2020-12-21,7642,24463,7627,24419,15,44,0,0,7691,24513,0.002818,1,3,0.0,7692,24516,0.002818,8700223
1,2020-12-22,7285,31748,6941,31360,344,388,0,0,7286,31797,0.003655,2,5,1e-06,7286,31802,0.003655,8700223
1,2020-12-23,7837,39585,6580,37940,1257,1645,0,0,7832,39628,0.004555,2,7,1e-06,7833,39635,0.004556,8700223
1,2020-12-24,3301,42886,2366,40306,935,2580,0,0,3303,42931,0.004934,0,7,1e-06,3303,42938,0.004935,8700223
1,2020-12-25,236,43122,152,40458,84,2664,0,0,236,43167,0.004962,0,7,1e-06,236,43174,0.004962,8700223
1,2020-12-26,1362,44484,968,41426,394,3058,0,0,1361,44527,0.005118,1,8,1e-06,1361,44535,0.005119,8700223
1,2020-12-27,870,45354,534,41960,336,3394,0,0,870,45396,0.005218,1,9,1e-06,870,45405,0.005219,8700223
1,2020-12-28,7098,52452,4763,46723,2335,5729,0,0,7096,52492,0.006033,0,9,1e-06,7096,52501,0.006034,8700223
1,2020-12-29,8887,61339,4985,51708,3902,9631,0,0,8884,61374,0.007054,2,11,1e-06,8884,61385,0.007056,8700223
1,2020-12-30,11591,72930,6449,58157,5142,14773,0,0,11591,72965,0.008387,0,11,1e-06,11591,72976,0.008388,8700223
1,2020-12-31,5966,78896,1956,60113,4010,18783,0,0,5964,78927,0.009072,3,14,2e-06,5965,78941,0.009073,8700223
1,2021-01-01,580,79476,200,60313,380,19163,0,0,579,79505,0.009138,1,15,2e-06,579,79520,0.00914,8700223
1,2021-01-02,2907,82383,1761,62074,1146,20309,0,0,2909,82414,0.009473,0,15,2e-06,2909,82429,0.009474,8700223
1,2021-01-03,1018,83401,544,62618,474,20783,0,0,1017,83429,0.009589,2,17,2e-06,1017,83446,0.009591,8700223
1,2021-01-04,7345,90746,3582,66200,3763,24546,0,0,7349,90777,0.010434,1,18,2e-06,7349,90795,0.010436,8700223
1,2021-01-05,10824,101570,5222,71422,5602,30148,0,0,10065,100120,0.011508,744,762,8.8e-05,10087,100882,0.011595,8700223
1,2021-01-06,14036,115606,7047,78469,6989,37137,0,0,12134,110400,0.012689,1865,2627,0.000302,12145,113027,0.012991,8700223
1,2021-01-07,17484,133090,9128,87597,8356,45493,0,0,12995,119009,0.013679,4396,7023,0.000807,13005,126032,0.014486,8700223
1,2021-01-08,20173,153263,10460,98057,9713,55206,0,0,14252,127361,0.014639,5907,12930,0.001486,14259,140291,0.016125,8700223
1,2021-01-09,6692,159955,3389,101446,3303,58509,0,0,4841,130362,0.014984,1844,14774,0.001698,4845,145136,0.016682,8700223
1,2021-01-10,3086,163041,1760,103206,1326,59835,0,0,1894,131073,0.015065,1184,15958,0.001834,1895,147031,0.0169,8700223
1,2021-01-11,18068,181109,11839,115045,6229,66064,0,0,11529,136117,0.015645,6524,22482,0.002584,11568,158599,0.018229,8700223
1,2021-01-12,19099,200208,10903,125948,8196,74260,0,0,13132,143350,0.016477,5936,28418,0.003266,13169,171768,0.019743,8700223
1,2021-01-13,19857,220065,10741,136689,9116,83376,0,0,14704,152941,0.017579,5131,33549,0.003856,14722,186490,0.021435,8700223
1,2021-01-14,22089,242154,9523,146212,12566,95942,0,0,19330,169622,0.019496,2702,36251,0.004167,19383,205873,0.023663,8700223
1,2021-01-15,25184,267338,9247,155459,15937,111879,0,0,23239,191015,0.021955,1904,38155,0.004386,23297,229170,0.026341,8700223
1,2021-01-16,13918,281256,4563,160022,9355,121234,0,0,13051,203203,0.023356,866,39021,0.004485,13054,242224,0.027841,8700223
1,2021-01-17,5190,286446,2000,162022,3190,124424,0,0,4823,207665,0.023869,365,39386,0.004527,4827,247051,0.028396,8700223
1,2021-01-18,14313,300759,8584,170606,5729,130153,0,0,11125,215668,0.024789,3175,42561,0.004892,11178,258229,0.029681,8700223
1,2021-01-19,24685,325444,12771,183377,11914,142067,0,0,19537,230128,0.026451,5131,47692,0.005482,19591,277820,0.031933,8700223
1,2021-01-20,29477,354921,14751,198128,14726,156793,0,0,23557,247877,0.028491,5846,53538,0.006154,23595,301415,0.034645,8700223
1,2021-01-21,31237,386158,14585,212713,16652,173445,0,0,27966,272729,0.031347,3206,56744,0.006522,28058,329473,0.037869,8700223
1,2021-01-22,28352,414510,11220,223933,17132,190577,0,0,26301,297079,0.034146,1982,58726,0.00675,26332,355805,0.040896,8700223
1,2021-01-23,18785,433295,8205,232138,10580,201157,0,0,16826,311988,0.03586,1927,60653,0.006971,16836,372641,0.042831,8700223
1,2021-01-24,6674,439969,4159,236297,2515,203672,0,0,6018,317361,0.036477,651,61304,0.007046,6024,378665,0.043524,8700223
1,2021-01-25,25428,465397,10473,246770,14955,218627,0,0,19660,331398,0.038091,5724,67028,0.007704,19761,398426,0.045795,8700223
1,2021-01-26,28654,494051,13360,260130,15294,233921,0,0,21982,346793,0.03986,6607,73635,0.008464,22002,420428,0.048324,8700223
1,2021-01-27,32517,526568,15418,275548,17099,251020,0,0,24384,363147,0.04174,8062,81697,0.00939,24416,444844,0.05113,8700223
1,2021-01-28,34831,561399,16285,291833,18546,269566,0,0,27899,384252,0.044166,6858,88555,0.010178,27963,472807,0.054344,8700223
1,2021-01-29,33531,594930,16320,308153,17211,286777,0,0,26978,404859,0.046534,6408,94963,0.010915,27015,499822,0.057449,8700223
1,2021-01-30,20097,615027,8655,316808,11442,298219,0,0,17995,420788,0.048365,2076,97039,0.011154,18005,517827,0.059519,8700223
1,2021-01-31,7521,622548,4848,321656,2673,300892,0,0,6818,426908,0.049069,700,97739,0.011234,6820,524647,0.060303,8700223
1,2021-02-01,28910,651458,12471,334127,16439,317331,0,0,21146,440347,0.050613,7712,105451,0.01212,21151,545798,0.062734,8700223
1,2021-02-02,32489,683947,11631,345758,20858,338189,0,0,24302,456580,0.052479,8105,113556,0.013052,24338,570136,0.065531,8700223
1,2021-02-03,39613,723560,15160,360918,24453,362642,0,0,28556,474279,0.054513,10894,124450,0.014304,28593,598729,0.068818,8700223
1,2021-02-04,44128,767688,17213,378131,26915,389557,0,0,31923,494166,0.056799,12083,136533,0.015693,31970,630699,0.072492,8700223
1,2021-02-05,46977,814665,17397,395528,29580,419137,0,0,30794,508970,0.058501,16046,152579,0.017537,30850,661549,0.076038,8700223
1,2021-02-06,26530,841195,10491,406019,16039,435176,0,0,20622,523742,0.060199,5867,158446,0.018212,20639,682188,0.07841,8700223
1,2021-02-07,6235,847430,4001,410020,2234,437410,0,0,4631,526808,0.060551,1583,160029,0.018394,4649,686837,0.078945,8700223
1,2021-02-08,31341,878771,14179,424199,17162,454572,0,0,20854,537346,0.061762,10411,170440,0.01959,20949,707786,0.081353,8700223
1,2021-02-09,38403,917174,16768,440967,21635,476207,0,0,23672,546386,0.062801,14709,185149,0.021281,23749,731535,0.084082,8700223
1,2021-02-10,47103,964277,22041,463008,25062,501269,0,0,26742,552944,0.063555,20263,205412,0.02361,26821,758356,0.087165,8700223
1,2021-02-11,51699,1015976,25271,488279,26428,527697,0,0,30899,563471,0.064765,20476,225888,0.025963,31003,789359,0.090729,8700223
1,2021-02-12,50069,1066045,21447,509726,28622,556319,0,0,28782,571234,0.065657,21158,247046,0.028395,28921,818280,0.094053,8700223
1,2021-02-13,26346,1092391,11528,521254,14818,571137,0,0,15223,575479,0.066145,11054,258100,0.029666,15299,833579,0.095811,8700223
1,2021-02-14,11718,1104109,5538,526792,6180,577317,0,0,6673,577198,0.066343,5019,263119,0.030243,6738,840317,0.096586,8700223
1,2021-02-15,23783,1127892,9365,536157,14418,591735,0,0,14470,582585,0.066962,9200,272319,0.0313,14587,854904,0.098262,8700223
1,2021-02-16,46877,1174769,22322,558479,24555,616290,0,0,27527,590952,0.067924,19270,291589,0.033515,27637,882541,0.101439,8700223
1,2021-02-17,48246,1223015,24360,582839,23886,640176,0,0,26093,595179,0.06841,22014,313603,0.036045,26241,908782,0.104455,8700223
1,2021-02-18,51139,1274154,25397,608236,25742,665918,0,0,26579,597660,0.068695,24326,337929,0.038841,26807,935589,0.107536,8700223
1,2021-02-19,46450,1320604,25065,633301,21385,687303,0,0,26124,603657,0.069384,20190,358119,0.041162,26187,961776,0.110546,8700223
1,2021-02-20,27443,1348047,16692,649993,10751,698054,0,0,15720,607789,0.069859,11664,369783,0.042503,15796,977572,0.112362,8700223
1,2021-02-21,12194,1360241,10498,660491,1696,699750,0,0,7413,610527,0.070174,4725,374508,0.043046,7463,985035,0.11322,8700223
1,2021-02-22,31227,1391468,20507,680998,10720,710470,0,0,17994,615468,0.070742,13154,387662,0.044558,18095,1003130,0.115299,8700223
1,2021-02-23,45106,1436574,21768,702766,23338,733808,0,0,24848,620697,0.071343,19981,407643,0.046854,25210,1028340,0.118197,8700223
1,2021-02-24,54644,1491218,26414,729180,28230,762038,0,0,30320,627321,0.072104,24146,431789,0.04963,30770,1059110,0.121734,8700223
1,2021-02-25,65991,1557209,32072,761252,33919,795957,0,0,41271,644497,0.074078,24595,456384,0.052457,41771,1100881,0.126535,8700223
1,2021-02-26,73801,1631010,34575,795827,39226,835183,0,0,48582,668523,0.07684,25031,481415,0.055334,49057,1149938,0.132173,8700223
1,2021-02-27,50370,1681380,23216,819043,27145,862328,9,9,33487,685530,0.078795,16754,498169,0.057259,33761,1183699,0.136054,8700223
1,2021-02-28,19450,1700830,11509,830552,7939,870267,2,11,14322,694932,0.079875,5062,503231,0.057841,14464,1198163,0.137716,8700223
1,2021-03-01,44526,1745356,20408,850960,24078,894345,40,51,28743,708327,0.081415,15624,518855,0.059637,29019,1227182,0.141052,8700223
1,2021-03-02,62329,1807685,27134,878094,35187,929532,8,59,40265,727294,0.083595,21922,540777,0.062157,40889,1268071,0.145752,8700223
1,2021-03-03,70194,1877879,33567,911661,36604,966136,23,82,42991,743853,0.085498,27050,567827,0.065266,43609,1311680,0.150764,8700223
1,2021-03-04,78463,1956342,36988,948649,41439,1007575,36,118,50721,767553,0.088222,27567,595394,0.068434,51267,1362947,0.156657,8700223
1,2021-03-05,77577,2033919,35168,983817,42203,1049778,206,324,52039,795111,0.09139,25314,620708,0.071344,52872,1415819,0.162734,8700223
1,2021-03-06,57340,2091259,27399,1011216,28594,1078372,1347,1671,39030,817613,0.093976,18238,638946,0.07344,40740,1456559,0.167416,8700223
1,2021-03-07,20200,2111459,12864,1024080,6524,1084896,812,2483,15173,828859,0.095269,5003,643949,0.074015,16249,1472808,0.169284,8700223
1,2021-03-08,45746,2157205,22475,1046555,21399,1106295,1872,4355,32141,849701,0.097664,13509,657458,0.075568,34351,1507159,0.173232,8700223
1,2021-03-09,66590,2223795,32192,1078747,31922,1138217,2476,6831,41010,868078,0.099777,25453,682911,0.078494,43830,1550989,0.17827,8700223
1,2021-03-10,73472,2297267,36619,1115366,32393,1170610,4460,11291,45263,890058,0.102303,28110,711021,0.081724,50090,1601079,0.184027,8700223
1,2021-03-11,90075,2387342,41310,1156676,40763,1211373,8002,19293,52504,913676,0.105018,37352,748373,0.086018,60970,1662049,0.191035,8700223
1,2021-03-12,98850,2486192,43544,1200220,42879,1254252,12427,31720,57747,943416,0.108436,40901,789274,0.090719,70641,1732690,0.199155,8700223
1,2021-03-13,65283,2551475,29476,1229696,28040,1282292,7767,39487,41577,969513,0.111435,23578,812852,0.093429,49675,1782365,0.204864,8700223
1,2021-03-14,27851,2579326,14920,1244616,9358,1291650,3573,43060,15606,976713,0.112263,12176,825028,0.094828,19376,1801741,0.207091,8700223
1,2021-03-15,65279,2644605,28763,1273379,29777,1321427,6739,49799,38501,995749,0.114451,26571,851599,0.097882,45607,1847348,0.212333,8700223
1,2021-03-16,85742,2730347,39051,1312430,41041,1362468,5650,55449,53236,1022702,0.117549,32294,883893,0.101594,59247,1906595,0.219143,8700223
1,2021-03-17,92877,2823224,45275,1357705,41034,1403502,6568,62017,59822,1056601,0.121445,32855,916748,0.105371,66754,1973349,0.226816,8700223
1,2021-03-18,98750,2921974,50896,1408601,42113,1445615,5741,67758,60080,1084584,0.124662,38332,955080,0.109776,66315,2039664,0.234438,8700223
1,2021-03-19,103502,3025476,53611,1462212,43586,1489201,6305,74063,60973,1110120,0.127597,42255,997335,0.114633,67791,2107455,0.24223,8700223
1,2021-03-20,72402,3097878,37187,1499399,29949,1519150,5266,79329,46692,1136834,0.130667,25522,1022857,0.117567,52236,2159691,0.248234,8700223
1,2021-03-21,27187,3125065,18987,1518386,6385,1525535,1815,81144,17099,1145846,0.131703,10001,1032858,0.118716,19013,2178704,0.250419,8700223
1,2021-03-22,59221,3184286,30548,1548934,25398,1550933,3275,84419,40142,1170771,0.134568,18867,1051725,0.120885,43792,2222496,0.255453,8700223
1,2021-03-23,83000,3267286,42247,1591181,37135,1588068,3618,88037,51290,1194661,0.137314,31482,1083207,0.124503,55372,2277868,0.261817,8700223
1,2021-03-24,87851,3355137,44502,1635683,38988,1627056,4361,92398,52755,1217128,0.139896,34822,1118029,0.128506,57289,2335157,0.268402,8700223
1,2021-03-25,96677,3451814,49406,1685089,41443,1668499,5828,98226,54032,1234863,0.141935,42338,1160367,0.133372,60073,2395230,0.275307,8700223
1,2021-03-26,104427,3556241,51011,1736100,47077,1715576,6339,104565,56365,1250143,0.143691,47726,1208093,0.138858,63006,2458236,0.282549,8700223
1,2021-03-27,74006,3630247,38214,1774314,31599,1747175,4193,108758,38323,1257402,0.144525,35458,1243551,0.142933,42717,2500953,0.287458,8700223
1,2021-03-28,32583,3662830,21334,1795648,10036,1757211,1213,109971,16495,1259572,0.144775,15987,1259538,0.144771,18157,2519110,0.289545,8700223
1,2021-03-29,67000,3729830,33285,1828933,30548,1787759,3167,113138,37130,1270392,0.146018,29681,1289219,0.148182,40501,2559611,0.294201,8700223
1,2021-03-30,91811,3821641,45278,1874211,40161,1827920,6372,119510,47341,1279906,0.147112,44289,1333508,0.153273,53803,2613414,0.300385,8700223
1,2021-03-31,100573,3922214,52588,1926799,41844,1869764,6141,125651,55294,1296430,0.149011,44979,1378487,0.158443,61503,2674917,0.307454,8700223
1,2021-04-01,111649,4033863,53447,1980246,49412,1919176,8790,134441,57019,1308068,0.150349,54226,1432713,0.164675,65864,2740781,0.315024,8700223
1,2021-04-02,111131,4144994,50883,2031129,50561,1969737,9687,144128,56554,1320365,0.151762,54150,1486863,0.170899,66447,2807228,0.322662,8700223
1,2021-04-03,77987,4222981,39246,2070375,29108,1998845,9633,153761,36511,1325280,0.152327,41299,1528162,0.175646,46214,2853442,0.327973,8700223
1,2021-04-04,23712,4246693,11811,2082186,8439,2007284,3462,157223,9937,1324961,0.15229,13709,1541871,0.177222,13390,2866832,0.329512,8700223
1,2021-04-05,76264,4322957,36804,2118990,30224,2037508,9236,166459,34452,1327205,0.152548,41617,1583488,0.182005,43861,2910693,0.334554,8700223
1,2021-04-06,103595,4426552,49213,2168203,37773,2075281,16609,183068,46858,1334242,0.153357,56470,1639958,0.188496,63507,2974200,0.341853,8700223
1,2021-04-07,111663,4538215,54307,2222510,39837,2115118,17519,200587,50397,1341218,0.154159,60969,1700927,0.195504,67945,3042145,0.349663,8700223
1,2021-04-08,122005,4660220,57808,2280318,43269,2158387,20928,221515,53939,1348493,0.154995,67661,1768588,0.203281,74936,3117081,0.358276,8700223
1,2021-04-09,123328,4783548,56415,2336733,46161,2204548,20752,242267,54213,1354761,0.155716,68756,1837344,0.211184,75024,3192105,0.366899,8700223
1,2021-04-10,95491,4879039,42452,2379185,30349,2234897,22690,264957,37273,1356691,0.155937,58017,1895361,0.217852,59947,3252052,0.373789,8700223
1,2021-04-11,36292,4915331,20296,2399481,9367,2244264,6629,271586,14784,1356765,0.155946,21449,1916810,0.220317,21523,3273575,0.376263,8700223
1,2021-04-12,74195,4989526,33204,2432685,31016,2275280,9975,281561,31408,1355799,0.155835,42505,1959315,0.225203,41539,3315114,0.381038,8700223
1,2021-04-13,97095,5086621,52023,2484708,44733,2320013,339,281900,52459,1364588,0.156845,44353,2003668,0.230301,53142,3368256,0.387146,8700223
1,2021-04-14,104873,5191494,54341,2539049,50461,2370474,71,281971,53410,1367338,0.157161,51103,2054771,0.236175,53853,3422109,0.393336,8700223
1,2021-04-15,106110,5297604,57749,2596798,48269,2418743,92,282063,56758,1375578,0.158108,48779,2103550,0.241781,57019,3479128,0.39989,8700223
1,2021-04-16,110524,5408128,56782,2653580,53654,2472397,88,282151,55425,1376700,0.158237,54574,2158124,0.248054,55696,3534824,0.406291,8700223
1,2021-04-17,83379,5491507,45305,2698885,38062,2510459,12,282163,46817,1387354,0.159462,36338,2194462,0.252231,46992,3581816,0.411692,8700223
1,2021-04-18,30126,5521633,20381,2719266,9738,2520197,7,282170,15220,1387962,0.159532,14820,2209282,0.253934,15428,3597244,0.413466,8700223
1,2021-04-19,67069,5588702,33977,2753243,33079,2553276,13,282183,30511,1382401,0.158893,36213,2245495,0.258096,30652,3627896,0.416989,8700223
1,2021-04-20,88375,5677077,44548,2797791,43803,2597079,24,282207,41647,1377881,0.158373,46393,2291888,0.263429,41873,3669769,0.421802,8700223
1,2021-04-21,97193,5774270,50685,2848476,46411,2643490,97,282304,43761,1369074,0.157361,52898,2344786,0.269509,44091,3713860,0.42687,8700223
1,2021-04-22,96670,5870940,50422,2898898,46232,2689722,16,282320,44453,1362018,0.15655,51743,2396529,0.275456,44687,3758547,0.432006,8700223
1,2021-04-23,101230,5972170,52279,2951177,48925,2738647,26,282346,48434,1358395,0.156133,52308,2448837,0.281468,48685,3807232,0.437602,8700223
1,2021-04-24,75308,6047478,46691,2997868,28592,2767239,25,282371,42642,1368753,0.157324,32562,2481399,0.285211,42920,3850152,0.442535,8700223
1,2021-04-25,26958,6074436,17162,3015030,9783,2777022,13,282384,15421,1372898,0.1578,11427,2492826,0.286524,15572,3865724,0.444325,8700223
1,2021-04-26,65930,6140366,34644,3049674,30886,2807908,400,282784,31485,1370967,0.157578,34155,2526981,0.29045,32224,3897948,0.448029,8700223
1,2021-04-27,81106,6221472,43135,3092809,36672,2844580,1299,284083,35501,1362782,0.156638,45327,2572308,0.29566,37142,3935090,0.452298,8700223
1,2021-04-28,80687,6302159,42920,3135729,36280,2880860,1487,285570,35706,1355551,0.155806,44652,2616960,0.300792,37421,3972511,0.456599,8700223
1,2021-04-29,83763,6385922,46083,3181812,36072,2916932,1608,287178,34659,1343201,0.154387,48777,2665737,0.306399,36427,4008938,0.460786,8700223
1,2021-04-30,91371,6477293,49554,3231366,39964,2956896,1853,289031,38640,1331441,0.153035,52421,2718158,0.312424,40661,4049599,0.465459,8700223
1,2021-05-01,62183,6539476,40180,3271546,20591,2977487,1412,290443,26242,1323587,0.152133,35728,2753886,0.316531,27874,4077473,0.468663,8700223
1,2021-05-02,23213,6562689,16405,3287951,6233,2983720,575,291018,9398,1319880,0.151706,13708,2767594,0.318106,10001,4087474,0.469813,8700223
1,2021-05-03,55561,6618250,30718,3318669,23006,3006726,1837,292855,20554,1307547,0.150289,34779,2802373,0.322104,22446,4109920,0.472392,8700223
1,2021-05-04,74951,6693201,43158,3361827,29712,3036438,2081,294936,27266,1289577,0.148223,47406,2849779,0.327552,29436,4139356,0.475776,8700223
1,2021-05-05,77171,6770372,44775,3406602,30102,3066540,2294,297230,26421,1267945,0.145737,50430,2900209,0.333349,28798,4168154,0.479086,8700223
1,2021-05-06,78342,6848714,47440,3454042,28735,3095275,2167,299397,24627,1241542,0.142702,53352,2953561,0.339481,26949,4195103,0.482183,8700223
1,2021-05-07,82378,6931092,46824,3500866,33361,3128636,2193,301590,27719,1217270,0.139913,54250,3007811,0.345717,29978,4225081,0.485629,8700223
1,2021-05-08,56592,6987684,35504,3536370,19453,3148089,1635,303225,19355,1201432,0.138092,36922,3044733,0.34996,21084,4246165,0.488052,8700223
1,2021-05-09,18144,7005828,13052,3549422,4619,3152708,473,303698,5556,1194987,0.137351,12510,3057243,0.351398,6065,4252230,0.48875,8700223
1,2021-05-10,43677,7049505,22077,3571499,19797,3172505,1803,305501,14824,1183112,0.135986,28597,3085840,0.354685,16722,4268952,0.490672,8700223
1,2021-05-11,61633,7111138,33446,3604945,26051,3198556,2136,307637,20443,1164890,0.133892,40923,3126763,0.359389,22701,4291653,0.493281,8700223
1,2021-05-12,62157,7173295,33116,3638061,27033,3225589,2008,309645,20489,1146089,0.131731,41369,3168132,0.364144,22568,4314221,0.495875,8700223
1,2021-05-13,66131,7239426,38800,3676861,25351,3250940,1980,311625,25208,1132993,0.130226,40563,3208695,0.368806,27467,4341688,0.499032,8700223
1,2021-05-14,75772,7315198,45688,3722549,27700,3278640,2384,314009,30729,1121723,0.12893,44662,3253357,0.373939,33392,4375080,0.50287,8700223
1,2021-05-15,65892,7381090,43247,3765796,20911,3299551,1734,315743,26320,1110558,0.127647,39292,3292649,0.378456,28127,4403207,0.506103,8700223
1,2021-05-16,24831,7405921,18284,3784080,5926,3305477,621,316364,10189,1106881,0.127224,14533,3307182,0.380126,10856,4414063,0.507351,8700223
1,2021-05-17,53876,7459797,32966,3817046,19152,3324629,1758,318122,22942,1100959,0.126544,30682,3337864,0.383653,24760,4438823,0.510196,8700223
1,2021-05-18,64696,7524493,38995,3856041,23883,3348512,1818,319940,28113,1094657,0.125819,36318,3374182,0.387827,30016,4468839,0.513646,8700223
1,2021-05-19,66040,7590533,40218,3896259,23902,3372414,1920,321860,29507,1089913,0.125274,36260,3410442,0.391995,31516,4500355,0.517269,8700223
1,2021-05-20,63857,7654390,37072,3933331,24608,3397022,2177,324037,26294,1081349,0.12429,37237,3447679,0.396275,28673,4529028,0.520565,8700223
1,2021-05-21,69607,7723997,41603,3974934,26156,3423178,1848,325885,28793,1071669,0.123177,40420,3488099,0.400921,30740,4559768,0.524098,8700223
1,2021-05-22,55537,7779534,36521,4011455,17305,3440483,1711,327596,24255,1066705,0.122607,31028,3519127,0.404487,26064,4585832,0.527094,8700223
1,2021-05-23,20153,7799687,14193,4025648,5373,3445856,587,328183,9429,1066121,0.12254,10624,3529751,0.405708,10040,4595872,0.528248,8700223
1,2021-05-24,43532,7843219,24300,4049948,17414,3463270,1818,330001,17685,1060104,0.121848,25603,3555354,0.408651,19586,4615458,0.530499,8700223
1,2021-05-25,50608,7893827,29151,4079099,19787,3483057,1670,331671,21008,1053554,0.121095,29329,3584683,0.412022,22779,4638237,0.533117,8700223
1,2021-05-26,48276,7942103,27391,4106490,18994,3502051,1891,333562,20504,1048525,0.120517,27470,3612153,0.415179,22441,4660678,0.535696,8700223
1,2021-05-27,46773,7988876,26282,4132772,18609,3520660,1882,335444,20123,1044280,0.120029,26367,3638520,0.41821,22122,4682800,0.538239,8700223
1,2021-05-28,52173,8041049,29032,4161804,21337,3541997,1804,337248,23398,1041142,0.119668,28466,3666986,0.421482,25328,4708128,0.54115,8700223
1,2021-05-29,30427,8071476,18392,4180196,11074,3553071,961,338209,14516,1040918,0.119643,15757,3682743,0.423293,15533,4723661,0.542936,8700223
1,2021-05-30,11580,8083056,7477,4187673,3555,3556626,548,338757,5478,1040936,0.119645,6032,3688775,0.423986,6050,4729711,0.543631,8700223
1,2021-05-31,5678,8088734,3238,4190911,2190,3558816,250,339007,1986,1039549,0.119485,3636,3692411,0.424404,2249,4731960,0.54389,8700223
1,2021-06-01,45623,8134357,25792,4216703,18274,3577090,1557,340564,17331,1030525,0.118448,27989,3720400,0.427621,18965,4750925,0.546069,8700223
1,2021-06-02,39822,8174179,23114,4239817,15205,3592295,1503,342067,16065,1024697,0.117778,23469,3743869,0.430319,17641,4768566,0.548097,8700223
1,2021-06-03,41157,8215336,25775,4265592,13697,3605992,1685,343752,15780,1017154,0.116911,25081,3768950,0.433202,17538,4786104,0.550113,8700223
1,2021-06-04,49938,8265274,31974,4297566,16165,3622157,1799,345551,17896,1005213,0.115539,31714,3800664,0.436847,19773,4805877,0.552385,8700223
1,2021-06-05,40143,8305417,27406,4324972,10747,3632904,1990,347541,14144,995621,0.114436,25782,3826446,0.43981,16190,4822067,0.554246,8700223
1,2021-06-06,13101,8318518,10494,4335466,2107,3635011,500,348041,4562,992284,0.114053,8460,3834906,0.440782,5123,4827190,0.554835,8700223
1,2021-06-07,33854,8352372,23356,4358822,9153,3644164,1345,349386,12052,984132,0.113116,21601,3856507,0.443265,13449,4840639,0.556381,8700223
1,2021-06-08,42085,8394457,29130,4387952,11320,3655484,1635,351021,14670,973375,0.111879,27155,3883662,0.446386,16398,4857037,0.558266,8700223
1,2021-06-09,41965,8436422,29133,4417085,11208,3666692,1624,352645,13715,960820,0.110436,27956,3911618,0.4496,15401,4872438,0.560036,8700223
1,2021-06-10,38854,8475276,26223,4443308,10959,3677651,1672,354317,13377,950736,0.109277,25242,3936860,0.452501,15158,4887596,0.561778,8700223
1,2021-06-11,43481,8518757,28798,4472106,13025,3690676,1658,355975,15407,940103,0.108055,27779,3964639,0.455694,17146,4904742,0.563749,8700223
1,2021-06-12,33575,8552332,24299,4496405,8084,3698760,1192,357167,11067,930133,0.106909,22299,3986938,0.458257,12329,4917071,0.565166,8700223
1,2021-06-13,11610,8563942,8425,4504830,2703,3701463,482,357649,3401,925910,0.106424,8141,3995079,0.459193,3918,4920989,0.565616,8700223
1,2021-06-14,30693,8594635,20671,4525501,8729,3710192,1293,358942,11475,919688,0.105709,19028,4014107,0.46138,12806,4933795,0.567088,8700223
1,2021-06-15,37030,8631665,24286,4549787,10894,3721086,1850,360792,13728,912313,0.104861,23046,4037153,0.464029,15671,4949466,0.56889,8700223
1,2021-06-16,35208,8666873,23774,4573561,9603,3730689,1831,362623,13199,905646,0.104095,21762,4058915,0.46653,15095,4964561,0.570625,8700223
1,2021-06-17,33345,8700218,22048,4595609,9338,3740027,1959,364582,13050,900682,0.103524,20066,4078981,0.468836,15102,4979663,0.57236,8700223
1,2021-06-18,39125,8739343,25372,4620981,10914,3750941,2839,367421,15173,895061,0.102878,23692,4102673,0.47156,18071,4997734,0.574437,8700223
1,2021-06-19,23693,8763036,16414,4637395,6082,3757023,1197,368618,9795,892356,0.102567,13732,4116405,0.473138,11027,5008761,0.575705,8700223
1,2021-06-20,8081,8771117,5906,4643301,1900,3758923,275,368893,3214,891050,0.102417,4805,4121210,0.47369,3499,5012260,0.576107,8700223
1,2021-06-21,20787,8791904,11771,4655072,6835,3765758,2181,371074,10838,894274,0.102787,9843,4131053,0.474822,13067,5025327,0.577609,8700223
1,2021-06-22,30530,8822434,19948,4675020,8466,3774224,2116,373190,12855,891839,0.102508,17479,4148532,0.476831,15044,5040371,0.579338,8700223
1,2021-06-23,29157,8851591,19571,4694591,7775,3781999,1811,375001,12757,890235,0.102323,16204,4164736,0.478693,14600,5054971,0.581016,8700223
1,2021-06-24,27953,8879544,18643,4713234,7671,3789670,1639,376640,11885,887939,0.102059,15885,4180621,0.480519,13589,5068560,0.582578,8700223
1,2021-06-25,31388,8910932,21295,4734529,8697,3798367,1396,378036,13815,885848,0.101819,17355,4197976,0.482514,15264,5083824,0.584333,8700223
1,2021-06-26,22111,8933043,16413,4750942,4886,3803253,812,378848,9651,884017,0.101609,12344,4210320,0.483932,10513,5094337,0.585541,8700223
1,2021-06-27,9078,8942121,6751,4757693,1901,3805154,426,379274,4059,883557,0.101556,4962,4215282,0.484503,4502,5098839,0.586058,8700223
1,2021-06-28,20854,8962975,15492,4773185,4105,3809259,1257,380531,9690,883547,0.101555,11008,4226290,0.485768,10998,5109837,0.587323,8700223
1,2021-06-29,26251,8989226,17949,4791134,6956,3816215,1346,381877,11573,882019,0.101379,14508,4240798,0.487436,12980,5122817,0.588814,8700223
1,2021-06-30,25295,9014521,17547,4808681,6719,3822934,1029,382906,12022,882055,0.101383,13085,4253883,0.48894,13121,5135938,0.590323,8700223
1,2021-07-01,23151,9037672,16136,4824817,5781,3828715,1234,384140,10732,881824,0.101356,12273,4266156,0.49035,12042,5147980,0.591707,8700223
1,2021-07-02,25744,9063416,17700,4842517,7051,3835766,993,385133,12114,881562,0.101326,13447,4279603,0.491896,13185,5161165,0.593222,8700223
1,2021-07-03,14330,9077746,10025,4852542,3887,3839653,418,385551,6795,881400,0.101308,7412,4287015,0.492748,7250,5168415,0.594055,8700223
1,2021-07-04,1257,9079003,705,4853247,486,3840139,66,385617,605,881433,0.101312,644,4287659,0.492822,677,5169092,0.594133,8700223
1,2021-07-05,10821,9089824,7498,4860745,2969,3843108,354,385971,5163,881395,0.101307,5598,4293257,0.493465,5560,5174652,0.594772,8700223
1,2021-07-06,18611,9108435,13481,4874226,4291,3847399,839,386810,7013,877827,0.100897,11489,4304746,0.494786,7921,5182573,0.595683,8700223
2,2020-12-15,242,242,242,242,0,0,0,0,242,242,2.9e-05,0,0,0.0,242,242,2.9e-05,8407551
2,2020-12-16,2093,2335,2093,2335,0,0,0,0,2092,2334,0.000278,0,0,0.0,2092,2334,0.000278,8407551
2,2020-12-17,6841,9176,6841,9176,0,0,0,0,6842,9176,0.001091,0,0,0.0,6842,9176,0.001091,8407551
2,2020-12-18,11079,20255,11059,20235,20,20,0,0,11079,20255,0.002409,0,0,0.0,11079,20255,0.002409,8407551
2,2020-12-19,5616,25871,5610,25845,6,26,0,0,5617,25872,0.003077,0,0,0.0,5617,25872,0.003077,8407551
2,2020-12-20,4255,30126,4245,30090,10,36,0,0,4250,30121,0.003583,1,1,0.0,4250,30122,0.003583,8407551
2,2020-12-21,12773,42899,12748,42838,25,61,0,0,12728,42849,0.005096,0,1,0.0,12728,42850,0.005097,8407551
2,2020-12-22,12152,55051,11640,54478,512,573,0,0,12152,55001,0.006542,0,1,0.0,12152,55002,0.006542,8407551
2,2020-12-23,11696,66747,9480,63958,2216,2789,0,0,11698,66699,0.007933,1,2,0.0,11699,66701,0.007933,8407551
2,2020-12-24,5910,72657,3497,67455,2413,5202,0,0,5906,72604,0.008636,3,5,1e-06,5908,72609,0.008636,8407551
2,2020-12-25,482,73139,404,67859,78,5280,0,0,484,73088,0.008693,0,5,1e-06,484,73093,0.008694,8407551
2,2020-12-26,2562,75701,1669,69528,893,6173,0,0,2563,75650,0.008998,1,6,1e-06,2563,75656,0.008999,8407551
2,2020-12-27,2224,77925,1209,70737,1015,7188,0,0,2221,77869,0.009262,2,8,1e-06,2221,77877,0.009263,8407551
2,2020-12-28,11024,88949,7165,77902,3859,11047,0,0,11024,88892,0.010573,1,9,1e-06,11024,88901,0.010574,8407551
2,2020-12-29,12725,101674,7148,85050,5577,16624,0,0,12729,101621,0.012087,0,9,1e-06,12729,101630,0.012088,8407551
2,2020-12-30,15436,117110,8665,93715,6771,23395,0,0,15431,117049,0.013922,5,14,2e-06,15433,117063,0.013924,8407551
2,2020-12-31,7584,124694,2831,96546,4753,28148,0,0,7577,124621,0.014823,5,19,2e-06,7577,124640,0.014825,8407551
2,2021-01-01,1214,125908,588,97134,626,28774,0,0,1216,125834,0.014967,3,22,3e-06,1216,125856,0.014969,8407551
2,2021-01-02,4851,130759,2771,99905,2080,30854,0,0,4846,130678,0.015543,2,24,3e-06,4846,130702,0.015546,8407551
2,2021-01-03,1387,132146,792,100697,595,31449,0,0,1380,132055,0.015707,3,27,3e-06,1380,132082,0.01571,8407551
2,2021-01-04,11666,143812,5562,106259,6104,37553,0,0,11655,143707,0.017093,3,30,4e-06,11655,143737,0.017096,8407551
2,2021-01-05,13876,157688,6922,113181,6954,44507,0,0,12678,155227,0.018463,1192,1222,0.000145,12712,156449,0.018608,8407551
2,2021-01-06,18971,176659,10456,123637,8515,53022,0,0,15200,166718,0.01983,3718,4940,0.000588,15209,171658,0.020417,8407551
2,2021-01-07,23231,199890,13111,136748,10120,63142,0,0,15597,174689,0.020778,7641,12581,0.001496,15612,187270,0.022274,8407551
2,2021-01-08,26667,226557,16210,152958,10457,73599,0,0,16392,180878,0.021514,10227,22808,0.002713,16416,203686,0.024227,8407551
2,2021-01-09,9839,236396,5745,158703,4094,77693,0,0,6283,183605,0.021838,3563,26371,0.003137,6290,209976,0.024975,8407551
2,2021-01-10,5341,241737,2971,161674,2370,80063,0,0,3086,184432,0.021936,2264,28635,0.003406,3091,213067,0.025342,8407551
2,2021-01-11,26139,267876,17994,179668,8145,88208,0,0,15066,188465,0.022416,11083,39718,0.004724,15116,228183,0.02714,8407551
2,2021-01-12,26242,294118,16322,195990,9920,98128,0,0,16684,195660,0.023272,9571,49289,0.005862,16766,244949,0.029134,8407551
2,2021-01-13,28600,322718,15174,211164,13426,111554,0,0,20633,208366,0.024783,7954,57243,0.006809,20660,265609,0.031592,8407551
2,2021-01-14,30322,353040,11486,222650,18836,130390,0,0,26063,230224,0.027383,4275,61518,0.007317,26133,291742,0.0347,8407551
2,2021-01-15,35185,388225,12834,235484,22351,152741,0,0,31909,258943,0.030799,3278,64796,0.007707,31997,323739,0.038506,8407551
2,2021-01-16,17716,405941,5624,241108,12092,164833,0,0,16384,273989,0.032588,1349,66145,0.007867,16395,340134,0.040456,8407551
2,2021-01-17,10682,416623,3632,244740,7050,171883,0,0,9954,283205,0.033685,746,66891,0.007956,9962,350096,0.041641,8407551
2,2021-01-18,19714,436337,11019,255759,8695,180578,0,0,14915,293361,0.034893,4817,71708,0.008529,14973,365069,0.043422,8407551
2,2021-01-19,32491,468828,16874,272633,15617,196195,0,0,24502,309989,0.03687,7987,79695,0.009479,24615,389684,0.046349,8407551
2,2021-01-20,37650,506478,18991,291624,18659,214854,0,0,29037,330533,0.039314,8584,88279,0.0105,29128,418812,0.049814,8407551
2,2021-01-21,40934,547412,17422,309046,23512,238366,0,0,36455,362710,0.043141,4450,92729,0.011029,36627,455439,0.05417,8407551
2,2021-01-22,39583,586995,16549,325595,23034,261400,0,0,36241,395612,0.047054,3365,96094,0.011429,36267,491706,0.058484,8407551
2,2021-01-23,24113,611108,10788,336383,13325,274725,0,0,21137,413822,0.04922,2957,99051,0.011781,21167,512873,0.061001,8407551
2,2021-01-24,12436,623544,6110,342493,6326,281051,0,0,11513,424441,0.050483,906,99957,0.011889,11525,524398,0.062372,8407551
2,2021-01-25,33932,657476,15687,358180,18245,299296,0,0,25114,440924,0.052444,8769,108726,0.012932,25252,549650,0.065376,8407551
2,2021-01-26,40540,698016,19940,378120,20600,319896,0,0,31393,463272,0.055102,9127,117853,0.014018,31475,581125,0.069119,8407551
2,2021-01-27,45927,743943,22918,401038,23009,342905,0,0,35668,488856,0.058145,10142,127995,0.015224,35726,616851,0.073369,8407551
2,2021-01-28,48242,792185,22757,423795,25485,368390,0,0,39548,519841,0.06183,8635,136630,0.016251,39620,656471,0.078081,8407551
2,2021-01-29,45850,838035,22298,446093,23552,391942,0,0,37089,548348,0.065221,8646,145276,0.017279,37153,693624,0.0825,8407551
2,2021-01-30,31639,869674,13687,459780,17952,409894,0,0,28239,573258,0.068184,3362,148638,0.017679,28272,721896,0.085863,8407551
2,2021-01-31,17576,887250,10610,470390,6966,416860,0,0,16367,588457,0.069991,1188,149826,0.01782,16387,738283,0.087812,8407551
2,2021-02-01,41188,928438,19867,490257,21321,438181,0,0,30147,607649,0.072274,10993,160819,0.019128,30185,768468,0.091402,8407551
2,2021-02-02,48074,976512,19627,509884,28447,466628,0,0,36550,632847,0.075271,11447,172266,0.020489,36645,805113,0.095761,8407551
2,2021-02-03,54418,1030930,24247,534131,30171,496799,0,0,40156,658937,0.078374,14158,186424,0.022173,40248,845361,0.100548,8407551
2,2021-02-04,56323,1087253,24362,558493,31961,528760,0,0,41183,685185,0.081496,15034,201458,0.023962,41282,886643,0.105458,8407551
2,2021-02-05,60164,1147417,26541,585034,33623,562383,0,0,40739,706872,0.084076,19227,220685,0.026248,40914,927557,0.110324,8407551
2,2021-02-06,39072,1186489,18199,603233,20873,583256,0,0,31384,730744,0.086915,7604,228289,0.027153,31476,959033,0.114068,8407551
2,2021-02-07,16018,1202507,10725,613958,5293,588549,0,0,12159,739138,0.087914,3834,232123,0.027609,12228,971261,0.115522,8407551
2,2021-02-08,43522,1246029,22412,636370,21110,609659,0,0,29955,755884,0.089905,13418,245541,0.029205,30164,1001425,0.11911,8407551
2,2021-02-09,49491,1295520,23486,659856,26005,635664,0,0,30662,768391,0.091393,18484,264025,0.031403,30991,1032416,0.122796,8407551
2,2021-02-10,59875,1355395,28227,688083,31648,667312,0,0,34634,778431,0.092587,24948,288973,0.034371,34988,1067404,0.126958,8407551
2,2021-02-11,64480,1419875,29851,717934,34629,701941,0,0,36045,786855,0.093589,28117,317090,0.037715,36541,1103945,0.131304,8407551
2,2021-02-12,65527,1485402,28230,746164,37297,739238,0,0,34789,791887,0.094188,30412,347502,0.041332,35444,1139389,0.13552,8407551
2,2021-02-13,38119,1523521,15939,762103,22180,761418,0,0,22055,798355,0.094957,15964,363466,0.043231,22432,1161821,0.138188,8407551
2,2021-02-14,20094,1543615,9433,771536,10661,772079,0,0,11268,801209,0.095296,8775,372241,0.044275,11629,1173450,0.139571,8407551
2,2021-02-15,33293,1576908,15103,786639,18190,790269,0,0,18409,805724,0.095833,14751,386992,0.046029,19266,1192716,0.141862,8407551
2,2021-02-16,56466,1633374,27857,814496,28609,818878,0,0,29716,809463,0.096278,26647,413639,0.049199,30386,1223102,0.145477,8407551
2,2021-02-17,62074,1695448,32164,846660,29910,848788,0,0,30700,809701,0.096306,31290,444929,0.05292,31528,1254630,0.149227,8407551
2,2021-02-18,66594,1762042,33817,880477,32777,881565,0,0,32316,809133,0.096239,34031,478960,0.056968,33463,1288093,0.153207,8407551
2,2021-02-19,60097,1822139,33540,914017,26557,908122,0,0,29658,809151,0.096241,30243,509203,0.060565,30261,1318354,0.156806,8407551
2,2021-02-20,38033,1860172,24796,938813,13237,921359,0,0,20476,812843,0.09668,17464,526667,0.062642,21156,1339510,0.159322,8407551
2,2021-02-21,22073,1882245,17959,956772,4114,925473,0,0,10764,813188,0.096721,11222,537889,0.063977,11567,1351077,0.160698,8407551
2,2021-02-22,39094,1921339,26824,983596,12270,937743,0,0,18487,811866,0.096564,20481,558370,0.066413,19159,1370236,0.162977,8407551
2,2021-02-23,53469,1974808,27387,1010983,26082,963825,0,0,23355,807248,0.096015,29867,588237,0.069965,25249,1395485,0.16598,8407551
2,2021-02-24,70152,2044960,36221,1047204,33931,997756,0,0,32140,803923,0.095619,37835,626072,0.074465,34510,1429995,0.170085,8407551
2,2021-02-25,75263,2120223,35546,1082750,39717,1037473,0,0,38309,808325,0.096143,36718,662790,0.078833,41120,1471115,0.174975,8407551
2,2021-02-26,83177,2203400,35625,1118375,47552,1085025,0,0,44828,817284,0.097208,38064,700854,0.08336,47023,1518138,0.180568,8407551
2,2021-02-27,60657,2264057,28090,1146465,32560,1117585,7,7,33127,824446,0.09806,27306,728160,0.086608,34468,1552606,0.184668,8407551
2,2021-02-28,29969,2294026,17927,1164392,12041,1129626,1,8,17523,830460,0.098775,12342,740502,0.088076,18356,1570962,0.186851,8407551
2,2021-03-01,57271,2351297,30109,1194501,27123,1156749,39,47,31128,836958,0.099548,25862,766364,0.091152,32360,1603322,0.1907,8407551
2,2021-03-02,68100,2419397,32750,1227251,35341,1192090,9,56,38538,848435,0.100913,29405,795769,0.094649,40882,1644204,0.195563,8407551
2,2021-03-03,79987,2499384,38845,1266096,41128,1233218,14,70,45211,861656,0.102486,34572,830341,0.098761,47793,1691997,0.201247,8407551
2,2021-03-04,87772,2587156,43287,1309383,44455,1277673,30,100,50561,877647,0.104388,36977,867318,0.103159,52968,1744965,0.207547,8407551
2,2021-03-05,81365,2668521,38320,1347703,42738,1320411,307,407,49784,898742,0.106897,31371,898689,0.106891,52466,1797431,0.213788,8407551
2,2021-03-06,62596,2731117,30600,1378303,30308,1350719,1688,2095,38538,916472,0.109006,23930,922619,0.109737,41660,1839091,0.218743,8407551
2,2021-03-07,27776,2758893,16188,1394491,10609,1361328,979,3074,17851,926551,0.110205,9860,932479,0.11091,19939,1859030,0.221114,8407551
2,2021-03-08,50346,2809239,23138,1417629,24737,1386065,2471,5545,31727,943881,0.112266,18508,950987,0.113111,35838,1894868,0.225377,8407551
2,2021-03-09,70283,2879522,32084,1449713,34408,1420473,3791,9336,38957,956777,0.1138,31199,982186,0.116822,44095,1938963,0.230622,8407551
2,2021-03-10,78210,2957732,37014,1486727,34644,1455117,6552,15888,41516,969691,0.115336,36484,1018670,0.121161,49398,1988361,0.236497,8407551
2,2021-03-11,93127,3050859,42988,1529715,41769,1496886,8370,24258,48602,983845,0.117019,44221,1062891,0.126421,58375,2046736,0.24344,8407551
2,2021-03-12,93954,3144813,38640,1568355,43317,1540203,11997,36255,46763,997089,0.118594,46947,1109838,0.132005,60191,2106927,0.250599,8407551
2,2021-03-13,69175,3213988,28930,1597285,32329,1572532,7916,44171,38097,1013453,0.120541,30947,1140785,0.135686,47311,2154238,0.256227,8407551
2,2021-03-14,37014,3251002,18288,1615573,14201,1586733,4525,48696,18577,1018978,0.121198,18333,1159118,0.137866,23858,2178096,0.259064,8407551
2,2021-03-15,67436,3318438,30430,1646003,31955,1618688,5051,53747,37213,1032339,0.122787,30004,1189122,0.141435,43365,2221461,0.264222,8407551
2,2021-03-16,86214,3404652,38165,1684168,44034,1662722,4015,57762,52253,1055954,0.125596,33784,1222906,0.145453,57399,2278860,0.271049,8407551
2,2021-03-17,92576,3497228,44331,1728499,44084,1706806,4161,61923,58810,1086269,0.129202,33500,1256406,0.149438,63815,2342675,0.278639,8407551
2,2021-03-18,97934,3595162,46742,1775241,46604,1753410,4588,66511,59823,1113443,0.132434,37804,1294210,0.153934,64978,2407653,0.286368,8407551
2,2021-03-19,97384,3692546,46102,1821343,45140,1798550,6142,72653,57997,1139019,0.135476,39093,1333303,0.158584,64669,2472322,0.29406,8407551
2,2021-03-20,69822,3762368,33782,1855125,32113,1830663,3927,76580,45835,1165410,0.138615,23742,1357045,0.161408,50133,2522455,0.300023,8407551
2,2021-03-21,33343,3795711,21533,1876658,9824,1840487,1986,78566,20061,1174742,0.139725,13147,1370192,0.162972,22479,2544934,0.302696,8407551
2,2021-03-22,62758,3858469,34536,1911194,25576,1866063,2646,81212,41736,1199225,0.142637,20796,1390988,0.165445,45279,2590213,0.308082,8407551
2,2021-03-23,83655,3942124,44516,1955710,36229,1902292,2910,84122,52406,1224397,0.145631,30981,1421969,0.16913,56153,2646366,0.314761,8407551
2,2021-03-24,91479,4033603,49197,2004907,39123,1941415,3159,87281,53777,1244769,0.148054,37378,1459347,0.173576,57750,2704116,0.321629,8407551
2,2021-03-25,101087,4134690,50988,2055895,46205,1987620,3894,91175,57399,1263474,0.150278,43351,1502698,0.178732,62056,2766172,0.32901,8407551
2,2021-03-26,103210,4237900,51218,2107113,48495,2036115,3497,94672,56755,1278684,0.152088,46088,1548786,0.184214,61298,2827470,0.336301,8407551
2,2021-03-27,75469,4313369,37595,2144708,34566,2070681,3308,97980,38023,1283668,0.15268,37204,1585990,0.188639,42188,2869658,0.341319,8407551
2,2021-03-28,37623,4350992,23229,2167937,13584,2084265,810,98790,20258,1288344,0.153237,17244,1603234,0.19069,21920,2891578,0.343926,8407551
2,2021-03-29,71219,4422211,36194,2204131,32757,2117022,2268,101058,40672,1301833,0.154841,30350,1633584,0.1943,43839,2935417,0.349141,8407551
2,2021-03-30,91796,4514007,44932,2249063,42508,2159530,4356,105414,51740,1318676,0.156844,39855,1673439,0.19904,56698,2992115,0.355884,8407551
2,2021-03-31,101097,4615104,52048,2301111,43929,2203459,5120,110534,57534,1338420,0.159193,43257,1716696,0.204185,63001,3055116,0.363378,8407551
2,2021-04-01,117408,4732512,56709,2357820,51487,2254946,9212,119746,64112,1359259,0.161671,52920,1769616,0.210479,73759,3128875,0.372151,8407551
2,2021-04-02,111572,4844084,51399,2409219,50007,2304953,10166,129912,60215,1379131,0.164035,50985,1820601,0.216544,70857,3199732,0.380578,8407551
2,2021-04-03,76718,4920802,37648,2446867,29253,2334206,9817,139729,38101,1389031,0.165212,38409,1859010,0.221112,48309,3248041,0.386324,8407551
2,2021-04-04,29037,4949839,14917,2461784,10268,2344474,3852,143581,13094,1390165,0.165347,15845,1874855,0.222997,16979,3265020,0.388344,8407551
2,2021-04-05,78997,5028836,38747,2500531,31458,2375932,8792,152373,38342,1397569,0.166228,40483,1915338,0.227812,47887,3312907,0.394039,8407551
2,2021-04-06,103872,5132708,50586,2551117,38586,2414518,14700,167073,49355,1407782,0.167443,54251,1969589,0.234264,64464,3377371,0.401707,8407551
2,2021-04-07,110417,5243125,55075,2606192,39106,2453624,16236,183309,52078,1418316,0.168695,58065,2027654,0.241171,68599,3445970,0.409866,8407551
2,2021-04-08,119328,5362453,57428,2663620,43171,2496795,18729,202038,55408,1429467,0.170022,63574,2091228,0.248732,74725,3520695,0.418754,8407551
2,2021-04-09,118833,5481286,57164,2720784,43503,2540298,18166,220204,56210,1442444,0.171565,62255,2153483,0.256137,75232,3595927,0.427702,8407551
2,2021-04-10,87550,5568836,37785,2758569,31395,2571693,18370,238574,36175,1446562,0.172055,51111,2204594,0.262216,55229,3651156,0.434271,8407551
2,2021-04-11,44463,5613299,23047,2781616,12950,2584643,8466,247040,18217,1447862,0.17221,26112,2230706,0.265322,27412,3678568,0.437531,8407551
2,2021-04-12,79981,5693280,37255,2818871,33335,2617978,9391,256431,35698,1449934,0.172456,44016,2274722,0.270557,46088,3724656,0.443013,8407551
2,2021-04-13,101924,5795204,52878,2871749,48787,2666765,259,256690,55916,1461248,0.173802,45754,2320476,0.275999,57068,3781724,0.449801,8407551
2,2021-04-14,106731,5901935,55871,2927620,50808,2717573,52,256742,54690,1465682,0.174329,51740,2372216,0.282153,56174,3837898,0.456482,8407551
2,2021-04-15,113396,6015331,60271,2987891,53047,2770620,78,256820,59430,1472677,0.175161,53582,2425798,0.288526,60577,3898475,0.463687,8407551
2,2021-04-16,110701,6126032,57506,3045397,53145,2823765,50,256870,56347,1475921,0.175547,54002,2479800,0.294949,57246,3955721,0.470496,8407551
2,2021-04-17,83420,6209452,42450,3087847,40953,2864718,17,256887,46865,1487366,0.176908,36300,2516100,0.299267,47745,4003466,0.476175,8407551
2,2021-04-18,35575,6245027,21630,3109477,13939,2878657,6,256893,16958,1486830,0.176845,18481,2534581,0.301465,17945,4021411,0.478309,8407551
2,2021-04-19,74865,6319892,40335,3149812,34514,2913171,16,256909,34212,1481306,0.176188,40374,2574955,0.306267,34850,4056261,0.482455,8407551
2,2021-04-20,97593,6417485,49479,3199291,48088,2961259,26,256935,47482,1479778,0.176006,49777,2624732,0.312187,48249,4104510,0.488193,8407551
2,2021-04-21,103339,6520824,55967,3255258,47316,3008575,56,256991,48941,1475783,0.175531,53962,2678694,0.318606,49967,4154477,0.494136,8407551
2,2021-04-22,107378,6628202,55577,3310835,51778,3060353,23,257014,47080,1463873,0.174114,59905,2738599,0.325731,47995,4202472,0.499845,8407551
2,2021-04-23,106775,6734977,56794,3367629,49963,3110316,18,257032,49342,1457130,0.173312,57022,2795621,0.332513,50279,4252751,0.505825,8407551
2,2021-04-24,79740,6814717,47084,3414713,32616,3142932,40,257072,41646,1461971,0.173888,37773,2833394,0.337006,42614,4295365,0.510894,8407551
2,2021-04-25,36206,6850923,22282,3436995,13909,3156841,15,257087,19703,1465778,0.174341,16376,2849770,0.338954,20183,4315548,0.513294,8407551
2,2021-04-26,73607,6924530,40820,3477815,32484,3189325,303,257390,33913,1462008,0.173892,39433,2889203,0.343644,35663,4351211,0.517536,8407551
2,2021-04-27,87744,7012274,46250,3524065,40133,3229458,1361,258751,37710,1452642,0.172778,49673,2938876,0.349552,40307,4391518,0.52233,8407551
2,2021-04-28,87494,7099768,46771,3570836,38862,3268320,1861,260612,38642,1445520,0.171931,48535,2987411,0.355325,41413,4432931,0.527256,8407551
2,2021-04-29,90202,7189970,49121,3619957,39385,3307705,1696,262308,35095,1428164,0.169867,54747,3042158,0.361836,37391,4470322,0.531703,8407551
2,2021-04-30,93834,7283804,51899,3671856,39948,3347653,1987,264295,36527,1410455,0.167761,56877,3099035,0.368601,39168,4509490,0.536362,8407551
2,2021-05-01,61778,7345582,37733,3709589,22481,3370134,1564,265859,24036,1399457,0.166452,37444,3136479,0.373055,26446,4535936,0.539507,8407551
2,2021-05-02,29106,7374688,20193,3729782,7941,3378075,972,266831,11073,1393693,0.165767,17898,3154377,0.375184,12134,4548070,0.540951,8407551
2,2021-05-03,59908,7434596,35467,3765249,22394,3400469,2047,268878,20158,1376683,0.163744,39482,3193859,0.37988,22472,4570542,0.543623,8407551
2,2021-05-04,79410,7514006,47405,3812654,29637,3430106,2368,271246,25811,1351986,0.160806,53273,3247132,0.386216,28576,4599118,0.547022,8407551
2,2021-05-05,79826,7593832,47573,3860227,29909,3460015,2344,273590,25030,1325309,0.157633,54413,3301545,0.392688,27736,4626854,0.550321,8407551
2,2021-05-06,82073,7675905,49726,3909953,29450,3489465,2897,276487,25142,1297504,0.154326,56485,3358030,0.399406,28680,4655534,0.553732,8407551
2,2021-05-07,83130,7759035,47983,3957936,32722,3522187,2425,278912,25606,1268814,0.150914,57178,3415208,0.406207,28488,4684022,0.557121,8407551
2,2021-05-08,55142,7814177,33406,3991342,20028,3542215,1708,280620,17274,1250890,0.148782,37636,3452844,0.410684,19712,4703734,0.559465,8407551
2,2021-05-09,21696,7835873,15654,4006996,5296,3547511,746,281366,6334,1242916,0.147833,15286,3468130,0.412502,7312,4711046,0.560335,8407551
2,2021-05-10,49795,7885668,27119,4034115,20816,3568327,1860,283226,14053,1223925,0.145574,35515,3503645,0.416726,16524,4727570,0.5623,8407551
2,2021-05-11,65446,7951114,35317,4069432,28025,3596352,2104,285330,19795,1201145,0.142865,45370,3549015,0.422122,22590,4750160,0.564987,8407551
2,2021-05-12,64673,8015787,34500,4103932,27968,3624320,2205,287535,19062,1177484,0.140051,45316,3594331,0.427512,21655,4771815,0.567563,8407551
2,2021-05-13,70538,8086325,40981,4144913,27619,3651939,1938,289473,25870,1161626,0.138165,44395,3638726,0.432793,28537,4800352,0.570957,8407551
2,2021-05-14,79283,8165608,47513,4192426,29530,3681469,2240,291713,30495,1146577,0.136375,48431,3687157,0.438553,33382,4833734,0.574928,8407551
2,2021-05-15,65910,8231518,43317,4235743,20877,3702346,1716,293429,25558,1134120,0.134893,40122,3727279,0.443325,27665,4861399,0.578218,8407551
2,2021-05-16,31504,8263022,23551,4259294,7030,3709376,923,294352,12857,1129503,0.134344,18527,3745806,0.445529,13910,4875309,0.579873,8407551
2,2021-05-17,57661,8320683,36568,4295862,19153,3728529,1940,296292,22783,1119923,0.133204,34664,3780470,0.449652,25084,4900393,0.582856,8407551
2,2021-05-18,69828,8390511,40851,4336713,27017,3755546,1960,298252,27774,1108397,0.131834,41798,3822268,0.454623,30272,4930665,0.586457,8407551
2,2021-05-19,68504,8459015,40541,4377254,25976,3781522,1987,300239,27221,1097073,0.130487,41000,3863268,0.4595,29676,4960341,0.589986,8407551
2,2021-05-20,68781,8527796,39836,4417090,26774,3808296,2171,302410,26148,1083666,0.128892,42321,3905589,0.464533,28914,4989255,0.593425,8407551
2,2021-05-21,72278,8600074,42654,4459744,27488,3835784,2136,304546,27557,1069535,0.127211,44374,3949963,0.469811,30243,5019498,0.597023,8407551
2,2021-05-22,53222,8653296,33693,4493437,17766,3853550,1763,306309,22253,1063330,0.126473,30757,3980720,0.47347,24552,5044050,0.599943,8407551
2,2021-05-23,24124,8677420,16576,4510013,6824,3860374,724,307033,10232,1060651,0.126155,13768,3994488,0.475107,11089,5055139,0.601262,8407551
2,2021-05-24,44562,8721982,25344,4535357,17447,3877821,1771,308804,17193,1052798,0.125221,27156,4021644,0.478337,19303,5074442,0.603558,8407551
2,2021-05-25,50519,8772501,29610,4564967,19048,3896869,1861,310665,19249,1043468,0.124111,30981,4052625,0.482022,21651,5096093,0.606133,8407551
2,2021-05-26,48546,8821047,27230,4592197,19644,3916513,1672,312337,19010,1035278,0.123137,29219,4081844,0.485497,21029,5117122,0.608634,8407551
2,2021-05-27,46473,8867520,26315,4618512,18415,3934928,1743,314080,18600,1028482,0.122328,27640,4109484,0.488785,20844,5137966,0.611113,8407551
2,2021-05-28,49764,8917284,27504,4646016,20303,3955231,1957,316037,20945,1023240,0.121705,28567,4138051,0.492183,23325,5161291,0.613888,8407551
2,2021-05-29,28904,8946188,17293,4663309,10563,3965794,1048,317085,13237,1022176,0.121578,15518,4153569,0.494028,14454,5175745,0.615607,8407551
2,2021-05-30,12584,8958772,8107,4671416,3716,3969510,761,317846,5514,1021495,0.121497,7022,4160591,0.494864,6341,5182086,0.616361,8407551
2,2021-05-31,5878,8964650,3427,4674843,2149,3971659,302,318148,1828,1019675,0.121281,3999,4164590,0.495339,2179,5184265,0.61662,8407551
2,2021-06-01,44482,9009132,25601,4700444,17309,3988968,1572,319720,15563,1008550,0.119958,28640,4193230,0.498746,17515,5201780,0.618703,8407551
2,2021-06-02,38081,9047213,22396,4722840,14291,4003259,1394,321114,14977,1002362,0.119222,22852,4216082,0.501464,16664,5218444,0.620685,8407551
2,2021-06-03,41255,9088468,26599,4749439,13205,4016464,1451,322565,13933,991038,0.117875,27088,4243170,0.504686,15764,5234208,0.62256,8407551
2,2021-06-04,47845,9136313,31229,4780668,15075,4031539,1541,324106,15491,976526,0.116149,32068,4275238,0.5085,17556,5251764,0.624648,8407551
2,2021-06-05,37671,9173984,26899,4807567,9325,4040864,1447,325553,11799,964532,0.114722,25654,4300892,0.511551,13660,5265424,0.626273,8407551
2,2021-06-06,14826,9188810,12146,4819713,2098,4042962,582,326135,4674,959882,0.114169,10094,4310986,0.512752,5444,5270868,0.626921,8407551
2,2021-06-07,33130,9221940,23174,4842887,8686,4051648,1270,327405,10744,949896,0.112981,22246,4333232,0.515398,12260,5283128,0.628379,8407551
2,2021-06-08,40422,9262362,28623,4871510,10434,4062082,1365,328770,12407,936267,0.11136,27771,4361003,0.518701,14142,5297270,0.630061,8407551
2,2021-06-09,37950,9300312,26539,4898049,9919,4072001,1492,330262,11504,923329,0.109821,26255,4387258,0.521824,13317,5310587,0.631645,8407551
2,2021-06-10,37583,9337895,26165,4924214,9901,4081902,1517,331779,11707,911337,0.108395,25678,4412936,0.524878,13686,5324273,0.633273,8407551
2,2021-06-11,41082,9378977,27265,4951479,12148,4094050,1669,333448,13223,898919,0.106918,27599,4440535,0.52816,15181,5339454,0.635078,8407551
2,2021-06-12,29268,9408245,21542,4973021,6811,4100861,915,334363,8689,888282,0.105653,20455,4460990,0.530593,9818,5349272,0.636246,8407551
2,2021-06-13,12159,9420404,8884,4981905,2665,4103526,610,334973,3092,883148,0.105042,9004,4469994,0.531664,3870,5353142,0.636706,8407551
2,2021-06-14,29747,9450151,21108,5003013,7450,4110976,1189,336162,10310,875575,0.104142,19282,4489276,0.533958,11709,5364851,0.638099,8407551
2,2021-06-15,35385,9485536,23563,5026576,9789,4120765,2033,338195,11967,866767,0.103094,23185,4512461,0.536715,14377,5379228,0.639809,8407551
2,2021-06-16,32753,9518289,22609,5049185,8360,4129125,1784,339979,11286,858838,0.102151,21303,4533764,0.539249,13374,5392602,0.6414,8407551
2,2021-06-17,30562,9548851,20455,5069640,8327,4137452,1780,341759,10837,852112,0.101351,19551,4553315,0.541574,12825,5405427,0.642925,8407551
2,2021-06-18,34349,9583200,22613,5092253,9870,4147322,1866,343625,12545,845188,0.100527,21595,4574910,0.544143,14671,5420098,0.64467,8407551
2,2021-06-19,20732,9603932,14442,5106695,5041,4152363,1249,344874,7899,841844,0.10013,12677,4587587,0.545651,9333,5429431,0.64578,8407551
2,2021-06-20,8202,9612134,5851,5112546,1887,4154250,464,345338,3036,840287,0.099944,5124,4592711,0.54626,3567,5432998,0.646205,8407551
2,2021-06-21,19164,9631298,11715,5124261,6145,4160395,1304,346642,9827,842377,0.100193,9221,4601932,0.547357,11311,5444309,0.64755,8407551
2,2021-06-22,26673,9657971,18292,5142553,7036,4167431,1345,347987,10500,838483,0.09973,16006,4617938,0.549261,12112,5456421,0.648991,8407551
2,2021-06-23,25729,9683700,17757,5160310,6363,4173794,1609,349596,10489,835768,0.099407,15102,4633040,0.551057,12387,5468808,0.650464,8407551
2,2021-06-24,25072,9708772,17106,5177416,6513,4180307,1453,351049,10402,833321,0.099116,14531,4647571,0.552785,12084,5480892,0.651901,8407551
2,2021-06-25,28388,9737160,19234,5196650,7693,4188000,1461,352510,11833,830445,0.098774,16395,4663966,0.554735,13519,5494411,0.653509,8407551
2,2021-06-26,18318,9755478,13485,5210135,3919,4191919,914,353424,7463,828286,0.098517,10771,4674737,0.556016,8612,5503023,0.654533,8407551
2,2021-06-27,8715,9764193,6650,5216785,1615,4193534,450,353874,3504,827192,0.098387,5167,4679904,0.556631,4073,5507096,0.655018,8407551
2,2021-06-28,19518,9783711,14835,5231620,3469,4197003,1214,355088,8647,826477,0.098302,10761,4690665,0.557911,10046,5517142,0.656213,8407551
2,2021-06-29,22336,9806047,15548,5247168,5738,4202741,1050,356138,9518,824580,0.098076,12693,4703358,0.559421,10796,5527938,0.657497,8407551
2,2021-06-30,21535,9827582,15304,5262472,5220,4207961,1011,357149,9573,823539,0.097952,11844,4715202,0.560829,10803,5538741,0.658782,8407551
2,2021-07-01,19377,9846959,13743,5276215,4787,4212748,847,357996,8610,822528,0.097832,10661,4725863,0.562097,9650,5548391,0.65993,8407551
2,2021-07-02,22295,9869254,15441,5291656,5860,4218608,994,358990,9852,821273,0.097683,12294,4738157,0.56356,11039,5559430,0.661242,8407551
2,2021-07-03,12291,9881545,8902,5300558,2932,4221540,457,359447,5640,820912,0.09764,6570,4744727,0.564341,6209,5565639,0.661981,8407551
2,2021-07-04,979,9882524,576,5301134,338,4221878,65,359512,418,820867,0.097634,551,4745278,0.564407,506,5566145,0.662041,8407551
2,2021-07-05,10806,9893330,7918,5309052,2492,4224370,396,359908,4971,820568,0.097599,5784,4751062,0.565095,5485,5571630,0.662694,8407551
2,2021-07-06,15727,9909057,11591,5320643,3418,4227788,718,360626,5770,817397,0.097222,9863,4760925,0.566268,6692,5578322,0.66349,8407551
3,2020-12-15,308,308,308,308,0,0,0,0,308,308,3.8e-05,0,0,0.0,308,308,3.8e-05,8129050
3,2020-12-16,2320,2628,2320,2628,0,0,0,0,2321,2629,0.000323,0,0,0.0,2321,2629,0.000323,8129050
3,2020-12-17,7791,10419,7791,10419,0,0,0,0,7791,10420,0.001282,0,0,0.0,7791,10420,0.001282,8129050
3,2020-12-18,13392,23811,13378,23797,14,14,0,0,13391,23811,0.002929,0,0,0.0,13391,23811,0.002929,8129050
3,2020-12-19,7227,31038,7216,31013,11,25,0,0,7291,31102,0.003826,0,0,0.0,7291,31102,0.003826,8129050
3,2020-12-20,5653,36691,5645,36658,8,33,0,0,5700,36801,0.004527,1,1,0.0,5700,36802,0.004527,8129050
3,2020-12-21,14350,51041,14325,50983,25,58,0,0,14414,51214,0.0063,1,2,0.0,14414,51216,0.0063,8129050
3,2020-12-22,14785,65826,14205,65188,580,638,0,0,14823,66036,0.008123,1,3,0.0,14823,66039,0.008124,8129050
3,2020-12-23,14819,80645,12211,77399,2608,3246,0,0,14845,80880,0.00995,2,5,1e-06,14846,80885,0.00995,8129050
3,2020-12-24,6790,87435,4872,82271,1918,5164,0,0,6787,87665,0.010784,2,7,1e-06,6787,87672,0.010785,8129050
3,2020-12-25,722,88157,665,82936,57,5221,0,0,720,88385,0.010873,0,7,1e-06,720,88392,0.010874,8129050
3,2020-12-26,4613,92770,2991,85927,1622,6843,0,0,4611,92996,0.01144,0,7,1e-06,4611,93003,0.011441,8129050
3,2020-12-27,2983,95753,1853,87780,1130,7973,0,0,2983,95979,0.011807,0,7,1e-06,2983,95986,0.011808,8129050
3,2020-12-28,13633,109386,8724,96504,4909,12882,0,0,13659,109637,0.013487,1,8,1e-06,13659,109645,0.013488,8129050
3,2020-12-29,15021,124407,8468,104972,6553,19435,0,0,15048,124683,0.015338,2,10,1e-06,15048,124693,0.015339,8129050
3,2020-12-30,18009,142416,10033,115005,7976,27411,0,0,18013,142695,0.017554,2,12,1e-06,18014,142707,0.017555,8129050
3,2020-12-31,8451,150867,3234,118239,5217,32628,0,0,8450,151143,0.018593,2,14,2e-06,8450,151157,0.018595,8129050
3,2021-01-01,1413,152280,655,118894,758,33386,0,0,1410,152552,0.018766,1,15,2e-06,1410,152567,0.018768,8129050
3,2021-01-02,4943,157223,2423,121317,2520,35906,0,0,4943,157495,0.019374,0,15,2e-06,4943,157510,0.019376,8129050
3,2021-01-03,1611,158834,847,122164,764,36670,0,0,1600,159091,0.019571,4,19,2e-06,1600,159110,0.019573,8129050
3,2021-01-04,11992,170826,5948,128112,6044,42714,0,0,11965,171049,0.021042,7,26,3e-06,11965,171075,0.021045,8129050
3,2021-01-05,15661,186487,8105,136217,7556,50270,0,0,14032,183495,0.022573,1614,1640,0.000202,14060,185135,0.022774,8129050
3,2021-01-06,20542,207029,10831,147048,9711,59981,0,0,16065,195132,0.024004,4436,6076,0.000747,16073,201208,0.024752,8129050
3,2021-01-07,26538,233567,15176,162224,11362,71343,0,0,17117,202874,0.024957,9390,15466,0.001903,17132,218340,0.026859,8129050
3,2021-01-08,30509,264076,18644,180868,11865,83208,0,0,18083,208576,0.025658,12403,27869,0.003428,18105,236445,0.029086,8129050
3,2021-01-09,12429,276505,7031,187899,5398,88606,0,0,7894,211950,0.026073,4529,32398,0.003985,7903,244348,0.030059,8129050
3,2021-01-10,7191,283696,4472,192371,2719,91325,0,0,4043,212852,0.026184,3146,35544,0.004372,4048,248396,0.030557,8129050
3,2021-01-11,28998,312694,18991,211362,10007,101332,0,0,16407,216718,0.02666,12584,48128,0.00592,16450,264846,0.03258,8129050
3,2021-01-12,32395,345089,19420,230782,12975,114307,0,0,19863,224156,0.027575,12512,60640,0.00746,19950,284796,0.035034,8129050
3,2021-01-13,34478,379567,18017,248799,16461,130768,0,0,24279,238256,0.029309,10199,70839,0.008714,24299,309095,0.038024,8129050
3,2021-01-14,34690,414257,14233,263032,20457,151225,0,0,28791,261213,0.032133,5872,76711,0.009437,28829,337924,0.04157,8129050
3,2021-01-15,38880,453137,14465,277497,24415,175640,0,0,34202,290819,0.035775,4666,81377,0.010011,34272,372196,0.045786,8129050
3,2021-01-16,21915,475052,7590,285087,14325,189965,0,0,19593,308125,0.037904,2309,83686,0.010295,19615,391811,0.048199,8129050
3,2021-01-17,13138,488190,4439,289526,8699,198664,0,0,12097,319202,0.039267,1039,84725,0.010422,12116,403927,0.049689,8129050
3,2021-01-18,24706,512896,12893,302419,11813,210477,0,0,19125,332773,0.040936,5596,90321,0.011111,19167,423094,0.052047,8129050
3,2021-01-19,40975,553871,20840,323259,20135,230612,0,0,31871,355651,0.043751,9080,99401,0.012228,31958,455052,0.055978,8129050
3,2021-01-20,45894,599765,22826,346085,23068,253680,0,0,36355,382593,0.047065,9496,108897,0.013396,36438,491490,0.060461,8129050
3,2021-01-21,48021,647786,20876,366961,27145,280825,0,0,42508,419737,0.051634,5438,114335,0.014065,42582,534072,0.065699,8129050
3,2021-01-22,49694,697480,19798,386759,29896,310721,0,0,45513,461139,0.056727,4184,118519,0.01458,45586,579658,0.071307,8129050
3,2021-01-23,30337,727817,12792,399551,17545,328266,0,0,27037,484936,0.059655,3293,121812,0.014985,27090,606748,0.074639,8129050
3,2021-01-24,17825,745642,8476,408027,9349,337615,0,0,16652,500449,0.061563,1170,122982,0.015129,16683,623431,0.076692,8129050
3,2021-01-25,40734,786376,18150,426177,22584,360199,0,0,30773,521370,0.064137,9939,132921,0.016351,30860,654291,0.080488,8129050
3,2021-01-26,47083,833459,22504,448681,24579,384778,0,0,36954,548315,0.067451,10115,143036,0.017596,37060,691351,0.085047,8129050
3,2021-01-27,51293,884752,24379,473060,26914,411692,0,0,40654,578484,0.071163,10565,153601,0.018895,40734,732085,0.090058,8129050
3,2021-01-28,51649,936401,23926,496986,27723,439415,0,0,42692,612366,0.075331,8868,162469,0.019986,42750,774835,0.095317,8129050
3,2021-01-29,50770,987171,24325,521311,26445,465860,0,0,41057,643953,0.079216,9517,171986,0.021157,41104,815939,0.100373,8129050
3,2021-01-30,37243,1024414,17571,538882,19672,485532,0,0,32513,671875,0.082651,4675,176661,0.021732,32597,848536,0.104383,8129050
3,2021-01-31,22208,1046622,12567,551449,9641,495173,0,0,20804,691307,0.085042,1391,178052,0.021903,20823,869359,0.106945,8129050
3,2021-02-01,45692,1092314,20836,572285,24856,520029,0,0,34840,715379,0.088003,10802,188854,0.023232,34874,904233,0.111235,8129050
3,2021-02-02,54327,1146641,22576,594861,31751,551780,0,0,41870,744934,0.091639,12366,201220,0.024753,41921,946154,0.116392,8129050
3,2021-02-03,60108,1206749,26740,621601,33368,585148,0,0,44643,774348,0.095257,15301,216521,0.026635,44715,990869,0.121892,8129050
3,2021-02-04,64400,1271149,27964,649565,36436,621584,0,0,47201,804674,0.098987,16985,233506,0.028725,47311,1038180,0.127712,8129050
3,2021-02-05,70378,1341527,29885,679450,40493,662077,0,0,48586,831897,0.102336,21535,255041,0.031374,48758,1086938,0.13371,8129050
3,2021-02-06,43908,1385435,21200,700650,22708,684785,0,0,34137,856495,0.105362,9722,264763,0.03257,34320,1121258,0.137932,8129050
3,2021-02-07,19528,1404963,12372,713022,7156,691941,0,0,15018,867146,0.106672,4493,269256,0.033123,15144,1136402,0.139795,8129050
3,2021-02-08,51149,1456112,24647,737669,26502,718443,0,0,33519,883355,0.108666,17495,286751,0.035275,33704,1170106,0.143941,8129050
3,2021-02-09,58457,1514569,28340,766009,30117,748560,0,0,34254,894003,0.109976,23955,310706,0.038222,34603,1204709,0.148198,8129050
3,2021-02-10,67981,1582550,31565,797574,36416,784976,0,0,36489,899791,0.110688,31233,341939,0.042064,37021,1241730,0.152752,8129050
3,2021-02-11,70629,1653179,34792,832366,35837,820813,0,0,37464,905008,0.11133,32785,374724,0.046097,38002,1279732,0.157427,8129050
3,2021-02-12,75554,1728733,32677,865043,42877,863690,0,0,41673,913909,0.112425,33555,408279,0.050225,42456,1322188,0.16265,8129050
3,2021-02-13,45215,1773948,20486,885529,24729,888419,0,0,26023,921433,0.113351,19083,427362,0.052572,26607,1348795,0.165923,8129050
3,2021-02-14,27319,1801267,13669,899198,13650,902069,0,0,15191,924999,0.113789,12073,439435,0.054057,15639,1364434,0.167847,8129050
3,2021-02-15,40064,1841331,17216,916414,22848,924917,0,0,22154,930280,0.114439,17810,457245,0.056248,23091,1387525,0.170687,8129050
3,2021-02-16,70093,1911424,33175,949589,36918,961835,0,0,36411,934182,0.114919,33536,490781,0.060374,37438,1424963,0.175293,8129050
3,2021-02-17,71807,1983231,36351,985940,35456,997291,0,0,34139,931958,0.114645,37439,528220,0.064979,35215,1460178,0.179625,8129050
3,2021-02-18,77008,2060239,40240,1026180,36768,1034059,0,0,35653,927775,0.114131,41180,569400,0.070045,36997,1497175,0.184176,8129050
3,2021-02-19,69160,2129399,39833,1066013,29327,1063386,0,0,34930,929312,0.11432,34090,603490,0.074239,35627,1532802,0.188559,8129050
3,2021-02-20,42846,2172245,27002,1093015,15844,1079230,0,0,22475,932034,0.114655,20253,623743,0.07673,22975,1555777,0.191385,8129050
3,2021-02-21,23981,2196226,19284,1112299,4697,1083927,0,0,11799,932127,0.114666,12088,635831,0.078217,12181,1567958,0.192883,8129050
3,2021-02-22,46769,2242995,30489,1142788,16280,1100207,0,0,21930,929829,0.114383,24715,660546,0.081257,22417,1590375,0.195641,8129050
3,2021-02-23,62565,2305560,34079,1176867,28486,1128693,0,0,27406,924253,0.113698,34969,695515,0.085559,29393,1619768,0.199257,8129050
3,2021-02-24,78267,2383827,38425,1215292,39842,1168535,0,0,34735,918181,0.112951,43320,738835,0.090888,37248,1657016,0.203839,8129050
3,2021-02-25,86822,2470649,42324,1257616,44498,1213033,0,0,43462,921143,0.113315,43091,781926,0.096189,46053,1703069,0.209504,8129050
3,2021-02-26,97306,2567955,44546,1302162,52760,1265793,0,0,51641,929691,0.114367,45295,827221,0.101761,53843,1756912,0.216128,8129050
3,2021-02-27,68787,2636742,31646,1333808,37138,1302931,3,3,36566,935552,0.115087,32015,859236,0.105699,37876,1794788,0.220787,8129050
3,2021-02-28,39913,2676655,22972,1356780,16938,1319869,3,6,20727,938212,0.115415,19020,878256,0.108039,21680,1816468,0.223454,8129050
3,2021-03-01,67696,2744351,35917,1392697,31750,1351619,29,35,37844,947761,0.116589,29663,907919,0.111688,39212,1855680,0.228278,8129050
3,2021-03-02,78173,2822524,38611,1431308,39554,1391173,8,43,45737,963279,0.118498,32295,940214,0.115661,47813,1903493,0.234159,8129050
3,2021-03-03,89185,2911709,42781,1474089,46386,1437559,18,61,50054,976706,0.12015,38912,979126,0.120448,52339,1955832,0.240598,8129050
3,2021-03-04,93208,3004917,45636,1519725,47551,1485110,21,82,52989,991996,0.122031,39993,1019119,0.125368,55283,2011115,0.247399,8129050
3,2021-03-05,89825,3094742,43991,1563716,45543,1530653,291,373,54889,1014705,0.124825,34698,1053817,0.129636,57407,2068522,0.25446,8129050
3,2021-03-06,65029,3159771,32951,1596667,29929,1560582,2149,2522,37336,1028113,0.126474,27546,1081363,0.133025,40954,2109476,0.259498,8129050
3,2021-03-07,37864,3197635,22401,1619068,14310,1574892,1153,3675,21635,1035906,0.127433,16161,1097524,0.135013,23954,2133430,0.262445,8129050
3,2021-03-08,59232,3256867,28344,1647412,28022,1602914,2866,6541,37568,1056376,0.129951,21507,1119031,0.137658,41977,2175407,0.267609,8129050
3,2021-03-09,76786,3333653,35516,1682928,36900,1639814,4370,10911,41320,1067897,0.131368,35332,1154363,0.142005,46853,2222260,0.273373,8129050
3,2021-03-10,82918,3416571,41369,1724297,35460,1675274,6089,17000,43339,1079360,0.132778,39358,1193721,0.146846,50821,2273081,0.279624,8129050
3,2021-03-11,97132,3513703,47527,1771824,41025,1716299,8580,25580,47595,1087344,0.13376,49272,1242993,0.152908,57256,2330337,0.286668,8129050
3,2021-03-12,101978,3615681,45422,1817246,44692,1760991,11864,37444,46754,1092112,0.134347,54989,1297982,0.159672,59757,2390094,0.294019,8129050
3,2021-03-13,70579,3686260,29698,1846944,33638,1794629,7243,44687,37347,1104942,0.135925,33109,1331091,0.163745,45939,2436033,0.29967,8129050
3,2021-03-14,41325,3727585,21573,1868517,16187,1810816,3565,48252,20790,1109479,0.136483,20447,1351538,0.16626,24984,2461017,0.302743,8129050
3,2021-03-15,75639,3803224,35849,1904366,35246,1846062,4544,52796,39881,1119367,0.1377,35541,1387079,0.170632,45429,2506446,0.308332,8129050
3,2021-03-16,95046,3898270,43820,1948186,46904,1892966,4322,57118,53513,1136825,0.139847,41295,1428374,0.175712,58753,2565199,0.31556,8129050
3,2021-03-17,98174,3996444,47705,1995891,45956,1938922,4513,61631,59712,1163490,0.143127,38224,1466598,0.180414,64889,2630088,0.323542,8129050
3,2021-03-18,103547,4099991,52696,2048587,46336,1985258,4515,66146,59705,1184701,0.145737,43566,1510164,0.185774,64777,2694865,0.33151,8129050
3,2021-03-19,103247,4203238,55399,2103986,43392,2028650,4456,70602,57839,1202434,0.147918,45123,1555287,0.191325,62856,2757721,0.339243,8129050
3,2021-03-20,71833,4275071,37014,2141000,31187,2059837,3632,74234,44587,1224102,0.150584,27056,1582343,0.194653,48724,2806445,0.345237,8129050
3,2021-03-21,36296,4311367,24698,2165698,10096,2069933,1502,75736,21961,1233808,0.151778,14233,1596576,0.196404,23939,2830384,0.348181,8129050
3,2021-03-22,70436,4381803,41427,2207125,26494,2096427,2515,78251,45116,1257355,0.154674,25102,1621678,0.199492,48649,2879033,0.354166,8129050
3,2021-03-23,89643,4471446,49648,2256773,37474,2133901,2521,80772,55207,1281610,0.157658,34179,1655857,0.203696,58434,2937467,0.361354,8129050
3,2021-03-24,98586,4570032,56768,2313541,38921,2172822,2897,83669,56361,1299596,0.159871,41876,1697733,0.208848,59862,2997329,0.368718,8129050
3,2021-03-25,107148,4677180,59547,2373088,44653,2217475,2948,86617,60693,1317760,0.162105,46118,1743851,0.214521,64282,3061611,0.376626,8129050
3,2021-03-26,110418,4787598,59258,2432346,47857,2265332,3303,89920,57410,1326630,0.163196,52687,1796538,0.221002,61557,3123168,0.384198,8129050
3,2021-03-27,74468,4862066,37895,2470241,34027,2299359,2546,92466,36332,1328262,0.163397,37919,1834457,0.225667,39551,3162719,0.389064,8129050
3,2021-03-28,44325,4906391,27921,2498162,15591,2314950,813,93279,22516,1330535,0.163677,21697,1856154,0.228336,23970,3186689,0.392012,8129050
3,2021-03-29,80616,4987007,42075,2540237,36680,2351630,1861,95140,44352,1341546,0.165031,36013,1892167,0.232766,47024,3233713,0.397797,8129050
3,2021-03-30,100094,5087101,49197,2589434,47269,2398899,3628,98768,56261,1358450,0.167111,43586,1935753,0.238128,60490,3294203,0.405238,8129050
3,2021-03-31,105019,5192120,56621,2646055,43558,2442457,4840,103608,56205,1371232,0.168683,48591,1984344,0.244105,61373,3355576,0.412788,8129050
3,2021-04-01,123479,5315599,62450,2708505,51289,2493746,9740,113348,66808,1391802,0.171213,56292,2040636,0.25103,76862,3432438,0.422243,8129050
3,2021-04-02,117877,5433476,57554,2766059,49999,2543745,10324,123672,62501,1410011,0.173453,55098,2095734,0.257808,73307,3505745,0.431261,8129050
3,2021-04-03,76067,5509543,38869,2804928,27966,2571711,9232,132904,38001,1419636,0.174637,37920,2133654,0.262473,47545,3553290,0.43711,8129050
3,2021-04-04,32400,5541943,17323,2822251,10866,2582577,4211,137115,14234,1420027,0.174685,18084,2151738,0.264697,18475,3571765,0.439383,8129050
3,2021-04-05,89057,5631000,45206,2867457,34717,2617294,9134,146249,43546,1428240,0.175696,45291,2197029,0.270269,53504,3625269,0.445965,8129050
3,2021-04-06,113376,5744376,55181,2922638,43020,2660314,15175,161424,53410,1437834,0.176876,59697,2256726,0.277613,69291,3694560,0.454489,8129050
3,2021-04-07,116308,5860684,60156,2982794,39850,2700164,16302,177726,56282,1450924,0.178486,59770,2316496,0.284965,72860,3767420,0.463451,8129050
3,2021-04-08,121372,5982056,60415,3043209,40807,2740971,20150,197876,56256,1463284,0.180007,64816,2381312,0.292939,77176,3844596,0.472945,8129050
3,2021-04-09,118320,6100376,58980,3102189,40201,2781172,19139,217015,51957,1469159,0.180729,66119,2447431,0.301072,71994,3916590,0.481802,8129050
3,2021-04-10,84401,6184777,37873,3140062,31270,2812442,15258,232273,34336,1469680,0.180794,49892,2497323,0.30721,50413,3967003,0.488003,8129050
3,2021-04-11,45263,6230040,24288,3164350,13006,2825448,7969,240242,17178,1467668,0.180546,27993,2525316,0.310653,25981,3992984,0.491199,8129050
3,2021-04-12,83950,6313990,42430,3206780,32742,2858190,8778,249020,38031,1469873,0.180817,45686,2571002,0.316273,47891,4040875,0.497091,8129050
3,2021-04-13,105515,6419505,57162,3263942,48140,2906330,213,249233,55712,1477107,0.181707,49572,2620574,0.322371,56806,4097681,0.504079,8129050
3,2021-04-14,107642,6527147,58851,3322793,48693,2955023,98,249331,53608,1478503,0.181879,53748,2674322,0.328983,55144,4152825,0.510862,8129050
3,2021-04-15,119413,6646560,67208,3390001,52131,3007154,74,249405,63969,1488218,0.183074,55134,2729456,0.335766,64849,4217674,0.51884,8129050
3,2021-04-16,115535,6762095,64812,3454813,50628,3057782,95,249500,60401,1494550,0.183853,54830,2784286,0.342511,61162,4278836,0.526364,8129050
3,2021-04-17,79436,6841531,43335,3498148,36087,3093869,14,249514,44325,1504962,0.185134,34893,2819179,0.346803,45305,4324141,0.531937,8129050
3,2021-04-18,38723,6880254,23346,3521494,15374,3109243,3,249517,18219,1503659,0.184974,20399,2839578,0.349312,19096,4343237,0.534286,8129050
3,2021-04-19,79274,6959528,44177,3565671,35043,3144286,54,249571,35873,1496865,0.184138,43228,2882806,0.35463,36434,4379671,0.538768,8129050
3,2021-04-20,100909,7060437,53129,3618800,47763,3192049,17,249588,49037,1495317,0.183947,51628,2934434,0.360981,50080,4429751,0.544928,8129050
3,2021-04-21,105591,7166028,59263,3678063,46260,3238309,68,249656,49953,1491134,0.183433,55288,2989722,0.367782,51105,4480856,0.551215,8129050
3,2021-04-22,111284,7277312,62502,3740565,48760,3287069,22,249678,47908,1476981,0.181692,63042,3052764,0.375538,48889,4529745,0.557229,8129050
3,2021-04-23,105601,7382913,60418,3800983,45157,3332226,26,249704,46326,1465390,0.180266,58953,3111717,0.38279,47362,4577107,0.563056,8129050
3,2021-04-24,73162,7456075,45254,3846237,27845,3360071,63,249767,35711,1464964,0.180213,37193,3148910,0.387365,36767,4613874,0.567578,8129050
3,2021-04-25,36657,7492732,23400,3869637,13240,3373311,17,249784,18720,1466308,0.180379,17799,3166709,0.389555,19143,4633017,0.569933,8129050
3,2021-04-26,73491,7566223,41468,3911105,31618,3404929,405,250189,31443,1457700,0.17932,41797,3208506,0.394696,33189,4666206,0.574016,8129050
3,2021-04-27,90697,7656920,47607,3958712,41353,3446282,1737,251926,36062,1441921,0.177379,54347,3262853,0.401382,38568,4704774,0.578761,8129050
3,2021-04-28,86322,7743242,48987,4007699,35207,3481489,2128,254054,35317,1429172,0.17581,50724,3313577,0.407622,37975,4742749,0.583432,8129050
3,2021-04-29,88455,7831697,50560,4058259,35699,3517188,2196,256250,31605,1406925,0.173074,56534,3370111,0.414576,34287,4777036,0.58765,8129050
3,2021-04-30,90125,7921822,50846,4109105,36801,3553989,2478,258728,33591,1387237,0.170652,56225,3426336,0.421493,36537,4813573,0.592145,8129050
3,2021-05-01,54875,7976697,34508,4143613,18907,3572896,1460,260188,19728,1373979,0.169021,34929,3461265,0.42579,21671,4835244,0.59481,8129050
3,2021-05-02,26821,8003518,18294,4161907,7516,3580412,1011,261199,9838,1368026,0.168289,16899,3478164,0.427868,10946,4846190,0.596157,8129050
3,2021-05-03,59224,8062742,34589,4196496,22272,3602684,2363,263562,17383,1346304,0.165616,41647,3519811,0.432992,19925,4866115,0.598608,8129050
3,2021-05-04,77241,8139983,44643,4241139,29942,3632626,2656,266218,22487,1317254,0.162043,54477,3574288,0.439693,25427,4891542,0.601736,8129050
3,2021-05-05,78701,8218684,47283,4288422,28726,3661352,2692,268910,21864,1285561,0.158144,56534,3630822,0.446648,24841,4916383,0.604792,8129050
3,2021-05-06,82712,8301396,52219,4340641,27971,3689323,2522,271432,20634,1247639,0.153479,61624,3692446,0.454228,23702,4940085,0.607708,8129050
3,2021-05-07,82042,8383438,51113,4391754,28312,3717635,2617,274049,21821,1212481,0.149154,59889,3752335,0.461596,24731,4964816,0.61075,8129050
3,2021-05-08,52192,8435630,32329,4424083,18161,3735796,1702,275751,13852,1190211,0.146415,38086,3790421,0.466281,15816,4980632,0.612695,8129050
3,2021-05-09,20873,8456503,15275,4439358,4812,3740608,786,276537,5523,1181321,0.145321,15266,3805687,0.468159,6376,4987008,0.61348,8129050
3,2021-05-10,47814,8504317,25616,4464974,20296,3760904,1902,278439,11117,1158097,0.142464,36506,3842193,0.47265,13282,5000290,0.615114,8129050
3,2021-05-11,63586,8567903,35544,4500518,25835,3786739,2207,280646,16117,1129650,0.138965,47239,3889432,0.478461,18792,5019082,0.617425,8129050
3,2021-05-12,64477,8632380,37026,4537544,25062,3811801,2389,283035,16525,1101148,0.135458,47715,3937147,0.484331,19213,5038295,0.619789,8129050
3,2021-05-13,74929,8707309,47226,4584770,25808,3837609,1895,284930,27473,1083907,0.133337,47218,3984365,0.490139,29977,5068272,0.623477,8129050
3,2021-05-14,79913,8787222,50498,4635268,27287,3864896,2128,287058,31019,1069033,0.131508,48617,4032982,0.49612,33743,5102015,0.627627,8129050
3,2021-05-15,61698,8848920,42593,4677861,17900,3882796,1205,288263,25573,1060093,0.130408,35934,4068916,0.50054,26994,5129009,0.630948,8129050
3,2021-05-16,33019,8881939,24671,4702532,7661,3890457,687,288950,13366,1054689,0.129743,19544,4088460,0.502944,14140,5143149,0.632688,8129050
3,2021-05-17,56682,8938621,36106,4738638,18748,3909205,1828,290778,20955,1042210,0.128208,35467,4123927,0.507307,22988,5166137,0.635515,8129050
3,2021-05-18,64253,9002874,37984,4776622,24428,3933633,1841,292619,24236,1028931,0.126575,39750,4163677,0.512197,26471,5192608,0.638772,8129050
3,2021-05-19,63609,9066483,38668,4815290,23209,3956842,1732,294351,24735,1017040,0.125112,38631,4202308,0.516949,26740,5219348,0.642061,8129050
3,2021-05-20,61095,9127578,35765,4851055,23512,3980354,1818,296169,21997,1002373,0.123308,38826,4241134,0.521726,24159,5243507,0.645033,8129050
3,2021-05-21,65363,9192941,39777,4890832,23504,4003858,2082,298251,23454,986592,0.121366,41616,4282750,0.526845,25835,5269342,0.648211,8129050
3,2021-05-22,45478,9238419,30146,4920978,13866,4017724,1466,299717,19036,981103,0.120691,26247,4308997,0.530074,20758,5290100,0.650765,8129050
3,2021-05-23,21371,9259790,14964,4935942,5758,4023482,649,300366,9161,978896,0.120419,12128,4321125,0.531566,9921,5300021,0.651985,8129050
3,2021-05-24,39320,9299110,23019,4958961,14556,4038038,1745,302111,14646,970997,0.119448,24496,4345621,0.534579,16597,5316618,0.654027,8129050
3,2021-05-25,42511,9341621,23932,4982893,16916,4054954,1663,303774,15139,960897,0.118205,27126,4372747,0.537916,17026,5333644,0.656121,8129050
3,2021-05-26,42153,9383774,24152,5007045,16292,4071246,1709,305483,15841,952552,0.117179,26027,4398774,0.541118,17682,5351326,0.658297,8129050
3,2021-05-27,39232,9423006,22001,5029046,15491,4086737,1740,307223,15451,946352,0.116416,23630,4422404,0.544025,17430,5368756,0.660441,8129050
3,2021-05-28,42564,9465570,24049,5053095,16725,4103462,1790,309013,17712,941521,0.115822,24652,4447056,0.547057,19821,5388577,0.662879,8129050
3,2021-05-29,23357,9488927,14256,5067351,8265,4111727,836,309849,10949,941142,0.115775,12288,4459344,0.548569,11909,5400486,0.664344,8129050
3,2021-05-30,10542,9499469,6833,5074184,3076,4114803,633,310482,4440,940223,0.115662,6032,4465376,0.549311,5113,5405599,0.664973,8129050
3,2021-05-31,4615,9504084,2662,5076846,1685,4116488,268,310750,1452,938838,0.115492,3132,4468508,0.549696,1747,5407346,0.665188,8129050
3,2021-06-01,37562,9541646,21652,5098498,14478,4130966,1432,312182,13165,929447,0.114336,24183,4492691,0.552671,14792,5422138,0.667008,8129050
3,2021-06-02,31412,9573058,18049,5116547,11951,4142917,1412,313594,11638,923050,0.11355,19574,4512265,0.555079,13177,5435315,0.668629,8129050
3,2021-06-03,39470,9612528,27010,5143557,11036,4153953,1424,315018,11472,908347,0.111741,27819,4540084,0.558501,13116,5448431,0.670242,8129050
3,2021-06-04,46020,9658548,32554,5176111,11929,4165882,1537,316555,13112,890724,0.109573,32675,4572759,0.562521,15052,5463483,0.672094,8129050
3,2021-06-05,34188,9692736,25784,5201895,7216,4173098,1188,317743,8701,875510,0.107701,25285,4598044,0.565631,10071,5473554,0.673333,8129050
3,2021-06-06,14556,9707292,12151,5214046,1825,4174923,580,318323,3735,869219,0.106928,10766,4608810,0.566956,4475,5478029,0.673883,8129050
3,2021-06-07,30284,9737576,22017,5236063,6994,4181917,1273,319596,8674,857812,0.105524,21472,4630282,0.569597,10065,5488094,0.675121,8129050
3,2021-06-08,34228,9771804,24593,5260656,8350,4190267,1285,320881,9970,845230,0.103976,24048,4654330,0.572555,11466,5499560,0.676532,8129050
3,2021-06-09,32842,9804646,23837,5284493,7717,4197984,1288,322169,8858,831715,0.102314,23816,4678146,0.575485,10301,5509861,0.677799,8129050
3,2021-06-10,32331,9836977,23338,5307831,7465,4205449,1528,323697,9014,819276,0.100784,23176,4701322,0.578336,10737,5520598,0.67912,8129050
3,2021-06-11,35340,9872317,24998,5332829,8982,4214431,1360,325057,10516,806689,0.099235,24640,4725962,0.581367,12053,5532651,0.680602,8129050
3,2021-06-12,25054,9897371,18897,5351726,5267,4219698,890,325947,6694,796175,0.097942,18246,4744208,0.583612,7732,5540383,0.681554,8129050
3,2021-06-13,10100,9907471,7560,5359286,2048,4221746,492,326439,2356,791399,0.097354,7694,4751902,0.584558,2918,5543301,0.681913,8129050
3,2021-06-14,25655,9933126,18374,5377660,5875,4227621,1406,327845,8044,783504,0.096383,17481,4769383,0.586709,9586,5552887,0.683092,8129050
3,2021-06-15,28536,9961662,19322,5396982,7720,4235341,1494,329339,9632,776108,0.095473,18684,4788067,0.589007,11288,5564175,0.68448,8129050
3,2021-06-16,25732,9987394,18267,5415249,6072,4241413,1393,330732,8703,769502,0.094661,16855,4804922,0.59108,10249,5574424,0.685741,8129050
3,2021-06-17,24652,10012046,17678,5432927,5717,4247130,1257,331989,8559,763511,0.093924,15940,4820862,0.593041,9949,5584373,0.686965,8129050
3,2021-06-18,27761,10039807,19598,5452525,6605,4253735,1558,333547,9739,757167,0.093143,17807,4838669,0.595232,11463,5595836,0.688375,8129050
3,2021-06-19,15856,10055663,11632,5464157,3372,4257107,852,334399,5716,753821,0.092732,10018,4848687,0.596464,6672,5602508,0.689196,8129050
3,2021-06-20,6833,10062496,5135,5469292,1402,4258509,296,334695,2601,752591,0.09258,4180,4852867,0.596978,2950,5605458,0.689559,8129050
3,2021-06-21,16095,10078591,10183,5479475,4538,4263047,1374,336069,8034,754142,0.092771,7976,4860843,0.59796,9527,5614985,0.690731,8129050
3,2021-06-22,21897,10100488,15380,5494855,5263,4268310,1254,337323,8226,750221,0.092289,13554,4874397,0.599627,9633,5624618,0.691916,8129050
3,2021-06-23,20076,10120564,14110,5508965,4667,4272977,1299,338622,7985,747659,0.091974,11982,4886379,0.601101,9420,5634038,0.693075,8129050
3,2021-06-24,19806,10140370,13795,5522760,4581,4277558,1430,340052,7732,745018,0.091649,11914,4898293,0.602566,9273,5643311,0.694215,8129050
3,2021-06-25,23118,10163488,16397,5539157,5312,4282870,1409,341461,9050,741656,0.091235,13948,4912241,0.604282,10586,5653897,0.695518,8129050
3,2021-06-26,13722,10177210,10173,5549330,2784,4285654,765,342226,5728,740370,0.091077,7930,4920171,0.605258,6644,5660541,0.696335,8129050
3,2021-06-27,6652,10183862,5128,5554458,1215,4286869,309,342535,2849,739790,0.091006,3768,4923939,0.605721,3188,5663729,0.696727,8129050
3,2021-06-28,15707,10199569,12065,5566523,2585,4289454,1057,343592,6640,738615,0.090861,8970,4932909,0.606825,7795,5671524,0.697686,8129050
3,2021-06-29,17816,10217385,12568,5579091,4272,4293726,976,344568,7311,736637,0.090618,10394,4943303,0.608103,8416,5679940,0.698721,8129050
3,2021-06-30,16736,10234121,11881,5590972,3822,4297548,1033,345601,7213,735607,0.090491,9415,4952718,0.609262,8385,5688325,0.699753,8129050
3,2021-07-01,15994,10250115,11444,5602416,3518,4301066,1032,346633,6758,734344,0.090336,9150,4961868,0.610387,7887,5696212,0.700723,8129050
3,2021-07-02,18090,10268205,12896,5615312,4117,4305183,1077,347710,7732,732993,0.09017,10257,4972125,0.611649,8906,5705118,0.701819,8129050
3,2021-07-03,9891,10278096,7166,5622478,2306,4307489,419,348129,4255,732188,0.090071,5574,4977699,0.612335,4769,5709887,0.702405,8129050
3,2021-07-04,685,10278781,391,5622869,206,4307695,88,348217,264,732139,0.090065,418,4978117,0.612386,369,5710256,0.702451,8129050
3,2021-07-05,9308,10288089,6832,5629701,2063,4309758,413,348630,4227,731820,0.090025,5022,4983139,0.613004,4703,5714959,0.703029,8129050
3,2021-07-06,12844,10300933,9469,5639170,2540,4312298,835,349465,4414,728804,0.089654,8336,4991475,0.614029,5320,5720279,0.703684,8129050
4,2020-12-15,455,455,455,455,0,0,0,0,455,455,5.7e-05,0,0,0.0,455,455,5.7e-05,8037679
4,2020-12-16,3014,3469,3014,3469,0,0,0,0,3014,3469,0.000432,0,0,0.0,3014,3469,0.000432,8037679
4,2020-12-17,8907,12376,8907,12376,0,0,0,0,8907,12376,0.00154,0,0,0.0,8907,12376,0.00154,8037679
4,2020-12-18,16126,28502,16115,28491,11,11,0,0,16126,28502,0.003546,0,0,0.0,16126,28502,0.003546,8037679
4,2020-12-19,10355,38857,10346,38837,9,20,0,0,10290,38792,0.004826,0,0,0.0,10290,38792,0.004826,8037679
4,2020-12-20,7398,46255,7391,46228,7,27,0,0,7353,46145,0.005741,0,0,0.0,7353,46145,0.005741,8037679
4,2020-12-21,16361,62616,16335,62563,26,53,0,0,16294,62438,0.007768,1,1,0.0,16294,62439,0.007768,8037679
4,2020-12-22,17182,79798,16442,79005,740,793,0,0,17135,79570,0.0099,3,4,0.0,17135,79574,0.0099,8037679
4,2020-12-23,17087,96885,14380,93385,2707,3500,0,0,17056,96624,0.012021,2,6,1e-06,17056,96630,0.012022,8037679
4,2020-12-24,8524,105409,5949,99334,2575,6075,0,0,8524,105148,0.013082,0,6,1e-06,8524,105154,0.013083,8037679
4,2020-12-25,904,106313,799,100133,105,6180,0,0,904,106052,0.013194,0,6,1e-06,904,106058,0.013195,8037679
4,2020-12-26,6173,112486,3896,104029,2277,8457,0,0,6173,112225,0.013962,0,6,1e-06,6173,112231,0.013963,8037679
4,2020-12-27,3435,115921,2000,106029,1435,9892,0,0,3435,115660,0.01439,0,6,1e-06,3435,115666,0.01439,8037679
4,2020-12-28,15096,131017,9329,115358,5767,15659,0,0,15068,130727,0.016264,1,7,1e-06,15068,130734,0.016265,8037679
4,2020-12-29,15365,146382,8507,123865,6858,22517,0,0,15331,146058,0.018172,0,7,1e-06,15331,146065,0.018173,8037679
4,2020-12-30,18933,165315,11067,134932,7866,30383,0,0,18922,164978,0.020526,2,9,1e-06,18922,164987,0.020527,8037679
4,2020-12-31,8269,173584,3355,138287,4914,35297,0,0,8257,173226,0.021552,9,18,2e-06,8257,173244,0.021554,8037679
4,2021-01-01,1529,175113,683,138970,846,36143,0,0,1524,174748,0.021741,2,20,2e-06,1524,174768,0.021744,8037679
4,2021-01-02,5723,180836,3229,142199,2494,38637,0,0,5722,180469,0.022453,1,21,3e-06,5722,180490,0.022455,8037679
4,2021-01-03,2141,182977,1267,143466,874,39511,0,0,2125,182590,0.022717,4,25,3e-06,2125,182615,0.02272,8037679
4,2021-01-04,12938,195915,7006,150472,5932,45443,0,0,12889,195450,0.024317,29,54,7e-06,12889,195504,0.024323,8037679
4,2021-01-05,16880,212795,10001,160473,6879,52322,0,0,14692,207993,0.025877,2162,2216,0.000276,14705,210209,0.026153,8037679
4,2021-01-06,21594,234389,13231,173704,8363,60685,0,0,15532,217524,0.027063,6014,8230,0.001024,15545,225754,0.028087,8037679
4,2021-01-07,27947,262336,17028,190732,10919,71604,0,0,16704,223063,0.027752,11186,19416,0.002416,16725,242479,0.030168,8037679
4,2021-01-08,32811,295147,21067,211799,11744,83348,0,0,18300,226933,0.028234,14449,33865,0.004213,18319,260798,0.032447,8037679
4,2021-01-09,16285,311432,9643,221442,6642,89990,0,0,9465,229608,0.028566,6801,40666,0.005059,9476,270274,0.033626,8037679
4,2021-01-10,8768,320200,5660,227102,3108,93098,0,0,4149,229162,0.028511,4603,45269,0.005632,4157,274431,0.034143,8037679
4,2021-01-11,33442,353642,21917,249019,11525,104623,0,0,18862,233522,0.029053,14546,59815,0.007442,18906,293337,0.036495,8037679
4,2021-01-12,38577,392219,22260,271279,16317,120940,0,0,24265,243583,0.030305,14243,74058,0.009214,24304,317641,0.039519,8037679
4,2021-01-13,38789,431008,19181,290460,19608,140548,0,0,27405,259685,0.032308,11330,85388,0.010623,27432,345073,0.042932,8037679
4,2021-01-14,39305,470313,15109,305569,24196,164744,0,0,32131,284718,0.035423,7127,92515,0.01151,32160,377233,0.046933,8037679
4,2021-01-15,45365,515678,15745,321314,29620,194364,0,0,39718,318870,0.039672,5588,98103,0.012205,39740,416973,0.051877,8037679
4,2021-01-16,28751,544429,9356,330670,19395,213759,0,0,25600,341370,0.042471,3118,101221,0.012593,25618,442591,0.055065,8037679
4,2021-01-17,19061,563490,6670,337340,12391,226150,0,0,17532,357410,0.044467,1506,102727,0.012781,17546,460137,0.057247,8037679
4,2021-01-18,29475,592965,13640,350980,15835,241985,0,0,23468,374990,0.046654,5914,108641,0.013516,23494,483631,0.06017,8037679
4,2021-01-19,46120,639085,23080,374060,23040,265025,0,0,36746,402492,0.050076,9317,117958,0.014676,36819,520450,0.064751,8037679
4,2021-01-20,52632,691717,28194,402254,24438,289463,0,0,42079,434178,0.054018,10453,128411,0.015976,42139,562589,0.069994,8037679
4,2021-01-21,57566,749283,25878,428132,31688,321151,0,0,50804,478334,0.059511,6692,135103,0.016809,50848,613437,0.07632,8037679
4,2021-01-22,55350,804633,22257,450389,33093,354244,0,0,50168,523447,0.065124,5082,140185,0.017441,50195,663632,0.082565,8037679
4,2021-01-23,39655,844288,17405,467794,22250,376494,0,0,35311,554454,0.068982,4334,144519,0.01798,35341,698973,0.086962,8037679
4,2021-01-24,23945,868233,10490,478284,13455,389949,0,0,22052,574642,0.071494,1882,146401,0.018214,22070,721043,0.089708,8037679
4,2021-01-25,47972,916205,22134,500418,25838,415787,0,0,36824,600411,0.0747,11111,157512,0.019597,36880,757923,0.094296,8037679
4,2021-01-26,56827,973032,28915,529333,27912,443699,0,0,44513,632725,0.07872,12260,169772,0.021122,44574,802497,0.099842,8037679
4,2021-01-27,56203,1029235,26692,556025,29511,473210,0,0,45143,666938,0.082976,10982,180754,0.022488,45195,847692,0.105465,8037679
4,2021-01-28,56581,1085816,25498,581523,31083,504293,0,0,46573,703638,0.087542,9918,190672,0.023722,46618,894310,0.111265,8037679
4,2021-01-29,56571,1142387,27109,608632,29462,533755,0,0,46135,739553,0.092011,10254,200926,0.024998,46169,940479,0.117009,8037679
4,2021-01-30,38020,1180407,17116,625748,20904,554659,0,0,32646,766906,0.095414,5317,206243,0.02566,32670,973149,0.121073,8037679
4,2021-01-31,23865,1204272,12496,638244,11369,566028,0,0,22160,787399,0.097963,1685,207928,0.025869,22178,995327,0.123833,8037679
4,2021-02-01,49701,1253973,23952,662196,25749,591777,0,0,37999,813787,0.101247,11652,219580,0.027319,38040,1033367,0.128565,8037679
4,2021-02-02,55445,1309418,25445,687641,30000,621777,0,0,42539,843536,0.104948,12833,232413,0.028915,42582,1075949,0.133863,8037679
4,2021-02-03,62070,1371488,30405,718046,31665,653442,0,0,47712,877061,0.109119,14241,246654,0.030687,47766,1123715,0.139806,8037679
4,2021-02-04,67726,1439214,31517,749563,36209,689651,0,0,50884,911368,0.113387,16683,263337,0.032763,50990,1174705,0.14615,8037679
4,2021-02-05,73204,1512418,33846,783409,39358,729009,0,0,50995,940546,0.117017,21952,285289,0.035494,51130,1225835,0.152511,8037679
4,2021-02-06,48686,1561104,26148,809557,22538,751547,0,0,37170,966469,0.120242,11448,296737,0.036918,37371,1263206,0.157161,8037679
4,2021-02-07,26428,1587532,17433,826990,8995,760542,0,0,20007,980325,0.121966,6386,303123,0.037713,20242,1283448,0.159679,8037679
4,2021-02-08,58576,1646108,30126,857116,28450,788992,0,0,38068,998281,0.1242,20374,323497,0.040248,38330,1321778,0.164448,8037679
4,2021-02-09,67238,1713346,34077,891193,33161,822153,0,0,39397,1010432,0.125712,27653,351150,0.043688,39804,1361582,0.1694,8037679
4,2021-02-10,77468,1790814,38714,929907,38754,860907,0,0,40646,1015037,0.126285,36586,387736,0.04824,41191,1402773,0.174525,8037679
4,2021-02-11,81285,1872099,42377,972284,38908,899815,0,0,41376,1017400,0.126579,39684,427420,0.053177,42047,1444820,0.179756,8037679
4,2021-02-12,84663,1956762,37904,1010188,46759,946574,0,0,43489,1020731,0.126993,40947,468367,0.058271,44278,1489098,0.185265,8037679
4,2021-02-13,59082,2015844,29917,1040105,29165,975739,0,0,30081,1022850,0.127257,28862,497229,0.061862,30981,1520079,0.189119,8037679
4,2021-02-14,36957,2052801,19214,1059319,17743,993482,0,0,18900,1024409,0.127451,17999,515228,0.064102,19558,1539637,0.191552,8037679
4,2021-02-15,46250,2099051,21629,1080948,24621,1018103,0,0,23732,1026881,0.127758,22439,537667,0.066893,24911,1564548,0.194652,8037679
4,2021-02-16,80111,2179162,36698,1117646,43413,1061516,0,0,40771,1029645,0.128102,39225,576892,0.071773,41989,1606537,0.199876,8037679
4,2021-02-17,81488,2260650,38503,1156149,42985,1104501,0,0,38751,1026973,0.12777,42551,619443,0.077067,39879,1646416,0.204837,8037679
4,2021-02-18,83496,2344146,45938,1202087,37558,1142059,0,0,38653,1022447,0.127207,44660,664103,0.082624,40134,1686550,0.20983,8037679
4,2021-02-19,82990,2427136,52158,1254245,30832,1172891,0,0,41460,1023238,0.127305,41359,705462,0.087769,42150,1728700,0.215075,8037679
4,2021-02-20,49549,2476685,32926,1287171,16623,1189514,0,0,26907,1028280,0.127932,22560,728022,0.090576,27602,1756302,0.218509,8037679
4,2021-02-21,29983,2506668,23832,1311003,6151,1195665,0,0,14570,1027804,0.127873,15331,743353,0.092484,14855,1771157,0.220357,8037679
4,2021-02-22,54885,2561553,37709,1348712,17176,1212841,0,0,26436,1026381,0.127696,28307,771660,0.096005,26884,1798041,0.223702,8037679
4,2021-02-23,75748,2637301,41966,1390678,33782,1246623,0,0,33254,1019002,0.126778,42304,813964,0.101269,34925,1832966,0.228047,8037679
4,2021-02-24,90339,2727640,47706,1438384,42633,1289256,0,0,40708,1012472,0.125966,49389,863353,0.107413,42859,1875825,0.233379,8037679
4,2021-02-25,100613,2828253,52558,1490942,48055,1337311,0,0,48172,1010947,0.125776,52256,915609,0.113915,50731,1926556,0.239691,8037679
4,2021-02-26,106677,2934930,53891,1544833,52786,1390097,0,0,54648,1016178,0.126427,51771,967380,0.120356,57002,1983558,0.246782,8037679
4,2021-02-27,77215,3012145,42028,1586861,35178,1425275,9,9,41426,1023479,0.127335,35615,1002995,0.124787,42916,2026474,0.252122,8037679
4,2021-02-28,47714,3059859,29405,1616266,18302,1443577,7,16,26543,1029905,0.128135,21009,1024004,0.1274,27435,2053909,0.255535,8037679
4,2021-03-01,77915,3137774,45755,1662021,32119,1475696,41,57,43018,1039532,0.129332,34622,1058626,0.131708,44249,2098158,0.26104,8037679
4,2021-03-02,85256,3223030,49046,1711067,36201,1511897,9,66,50428,1057106,0.131519,34650,1093276,0.136019,52224,2150382,0.267538,8037679
4,2021-03-03,100302,3323332,53379,1764446,46909,1558806,14,80,56075,1070950,0.133241,44012,1137288,0.141495,57856,2208238,0.274736,8037679
4,2021-03-04,97162,3420494,53878,1818324,43266,1602072,18,98,53404,1082617,0.134693,43530,1180818,0.14691,55197,2263435,0.281603,8037679
4,2021-03-05,94427,3514921,50942,1869266,43168,1645240,317,415,56005,1102663,0.137187,38206,1219024,0.151664,58252,2321687,0.28885,8037679
4,2021-03-06,76232,3591153,42939,1912205,30673,1675913,2620,3035,46874,1124260,0.139874,29232,1248256,0.155301,50829,2372516,0.295174,8037679
4,2021-03-07,43134,3634287,27281,1939486,14664,1690577,1189,4224,25647,1134762,0.14118,17412,1265668,0.157467,27914,2400430,0.298647,8037679
4,2021-03-08,66629,3700916,34972,1974458,28462,1719039,3195,7419,43990,1160771,0.144416,22514,1288182,0.160268,48523,2448953,0.304684,8037679
4,2021-03-09,81315,3782231,41221,2015679,34960,1753999,5134,12553,43899,1173663,0.14602,37241,1325423,0.164901,50133,2499086,0.310921,8037679
4,2021-03-10,91178,3873409,47043,2062722,36705,1790704,7430,19983,46079,1183199,0.147207,44914,1370337,0.170489,54450,2553536,0.317696,8037679
4,2021-03-11,100678,3974087,52935,2115657,39346,1830050,8397,28380,46455,1185172,0.147452,53978,1424315,0.177205,55951,2609487,0.324657,8037679
4,2021-03-12,104560,4078647,51558,2167215,42755,1872805,10247,38627,44625,1181327,0.146974,59655,1483970,0.184627,55810,2665297,0.3316,8037679
4,2021-03-13,81522,4160169,37823,2205038,35285,1908090,8414,47041,38491,1186442,0.14761,42891,1526861,0.189963,48006,2713303,0.337573,8037679
4,2021-03-14,49891,4210060,28394,2233432,17870,1925960,3627,50668,23250,1187389,0.147728,26548,1553409,0.193266,27495,2740798,0.340994,8037679
4,2021-03-15,83689,4293749,45057,2278489,34384,1960344,4248,54916,42445,1193920,0.14854,41003,1594412,0.198367,47534,2788332,0.346908,8037679
4,2021-03-16,107683,4401432,55998,2334487,48285,2008629,3400,58316,56900,1204371,0.149841,50542,1644954,0.204655,60993,2849325,0.354496,8037679
4,2021-03-17,106919,4508351,57597,2392084,45825,2054454,3497,61813,62564,1226904,0.152644,44091,1689045,0.210141,66624,2915949,0.362785,8037679
4,2021-03-18,107087,4615438,59412,2451496,43984,2098438,3691,65504,60845,1245911,0.155009,45960,1735005,0.215859,64967,2980916,0.370868,8037679
4,2021-03-19,111590,4727028,64256,2515752,42144,2140582,5190,70694,63690,1267544,0.1577,47640,1782645,0.221786,69273,3050189,0.379486,8037679
4,2021-03-20,84041,4811069,49061,2564813,31976,2172558,3004,73698,51748,1290474,0.160553,32133,1814778,0.225784,55063,3105252,0.386337,8037679
4,2021-03-21,48246,4859315,34975,2599788,11018,2183576,2253,75951,28336,1301628,0.161941,19790,1834568,0.228246,30944,3136196,0.390187,8037679
4,2021-03-22,82502,4941817,53932,2653720,25835,2209411,2735,78686,51303,1325418,0.164901,30964,1865532,0.232098,54754,3190950,0.396999,8037679
4,2021-03-23,104841,5046658,62784,2716504,39902,2249313,2155,80841,62446,1348441,0.167765,42121,1907653,0.237339,65144,3256094,0.405104,8037679
4,2021-03-24,113491,5160149,73275,2789779,37805,2287118,2411,83252,63987,1366220,0.169977,49069,1956722,0.243444,66848,3322942,0.413421,8037679
4,2021-03-25,117070,5277219,72090,2861869,42589,2329707,2391,85643,67094,1386686,0.172523,49496,2006218,0.249602,69962,3392904,0.422125,8037679
4,2021-03-26,119666,5396885,72626,2934495,43999,2373706,3041,88684,65625,1402267,0.174462,53679,2059897,0.25628,69260,3462164,0.430742,8037679
4,2021-03-27,91982,5488867,54237,2988732,35960,2409666,1785,90469,46847,1406495,0.174988,44889,2104786,0.261865,49117,3511281,0.436853,8037679
4,2021-03-28,55762,5544629,36807,3025539,18083,2427749,872,91341,29665,1411479,0.175608,25925,2130711,0.26509,30909,3542190,0.440698,8037679
4,2021-03-29,93568,5638197,56066,3081605,35426,2463175,2076,93417,50805,1422389,0.176965,42518,2173229,0.27038,53428,3595618,0.447345,8037679
4,2021-03-30,117118,5755315,63890,3145495,49065,2512240,4163,97580,69614,1449323,0.180316,47269,2220498,0.276261,74203,3669821,0.456577,8037679
4,2021-03-31,121041,5876356,71415,3216910,43305,2555545,6321,103901,67914,1470986,0.183011,52776,2273274,0.282827,74439,3744260,0.465838,8037679
4,2021-04-01,142493,6018849,81270,3298180,47973,2603518,13250,117151,84034,1510410,0.187916,58014,2331288,0.290045,97438,3841698,0.477961,8037679
4,2021-04-02,136595,6155444,72987,3371167,50028,2653546,13580,130731,79094,1546178,0.192366,57203,2388491,0.297162,92971,3934669,0.489528,8037679
4,2021-04-03,101216,6256660,54095,3425262,33715,2687261,13406,144137,52774,1564342,0.194626,48237,2436728,0.303163,66401,4001070,0.497789,8037679
4,2021-04-04,46870,6303530,24744,3450006,14605,2701866,7521,151658,20483,1566081,0.194842,26279,2463007,0.306433,28018,4029088,0.501275,8037679
4,2021-04-05,109300,6412830,61482,3511488,35027,2736893,12791,164449,57086,1584512,0.197136,52004,2515011,0.312903,70435,4099523,0.510038,8037679
4,2021-04-06,138751,6551581,78116,3589604,40898,2777791,19737,184186,72201,1610729,0.200397,66314,2581325,0.321153,92531,4192054,0.52155,8037679
4,2021-04-07,137575,6689156,77944,3667548,38935,2816726,20696,204882,71286,1636956,0.20366,66036,2647361,0.329369,92263,4284317,0.533029,8037679
4,2021-04-08,139939,6829095,78022,3745570,36493,2853219,25424,230306,69595,1662521,0.206841,70058,2717419,0.338085,95623,4379940,0.544926,8037679
4,2021-04-09,137617,6966712,75550,3821120,39091,2892310,22976,253282,65677,1680468,0.209074,71711,2789130,0.347007,89658,4469598,0.556081,8037679
4,2021-04-10,103785,7070497,51199,3872319,33737,2926047,18849,272131,46858,1690491,0.210321,56716,2845846,0.354063,66739,4536337,0.564384,8037679
4,2021-04-11,62606,7133103,38037,3910356,13403,2939450,11166,283297,27308,1694843,0.210862,35189,2881035,0.358441,39541,4575878,0.569303,8037679
4,2021-04-12,102733,7235836,62481,3972837,30110,2969560,10142,293439,51777,1707321,0.212415,50659,2931694,0.364744,63137,4639015,0.577159,8037679
4,2021-04-13,130223,7366059,81696,4054533,48362,3017922,165,293604,77981,1734381,0.215781,51944,2983638,0.371206,79004,4718019,0.586988,8037679
4,2021-04-14,135383,7501442,86279,4140812,49030,3066952,74,293678,74997,1750627,0.217803,60054,3043692,0.378678,76300,4794319,0.596481,8037679
4,2021-04-15,156120,7657562,103959,4244771,52097,3119049,64,293742,95877,1787452,0.222384,59876,3103568,0.386127,96701,4891020,0.608511,8037679
4,2021-04-16,143469,7801031,90981,4335752,52409,3171458,79,293821,83478,1812034,0.225442,59691,3163259,0.393554,84273,4975293,0.618996,8037679
4,2021-04-17,101407,7902438,63756,4399508,37627,3209085,24,293845,59634,1831336,0.227844,41503,3204762,0.398717,60805,5036098,0.626561,8037679
4,2021-04-18,56736,7959174,38337,4437845,18396,3227481,3,293848,32023,1839743,0.22889,24582,3229344,0.401776,32989,5069087,0.630666,8037679
4,2021-04-19,101462,8060636,66888,4504733,34556,3262037,18,293866,51862,1842866,0.229278,49355,3278699,0.407916,52478,5121565,0.637195,8037679
4,2021-04-20,131670,8192306,78585,4583318,53070,3315107,15,293881,68807,1850204,0.230191,62555,3341254,0.415699,69893,5191458,0.64589,8037679
4,2021-04-21,134011,8326317,87524,4670842,46433,3361540,54,293935,67693,1853127,0.230555,65932,3407186,0.423902,68855,5260313,0.654457,8037679
4,2021-04-22,140588,8466905,93377,4764219,47188,3408728,23,293958,62973,1839997,0.228921,77246,3484432,0.433512,64116,5324429,0.662434,8037679
4,2021-04-23,134030,8600935,87352,4851571,46654,3455382,24,293982,58261,1824043,0.226937,75427,3559859,0.442896,59473,5383902,0.669833,8037679
4,2021-04-24,97706,8698641,66095,4917666,31561,3486943,50,294032,45043,1817829,0.226163,52377,3612236,0.449413,46163,5430065,0.675576,8037679
4,2021-04-25,50054,8748695,35282,4952948,14747,3501690,25,294057,26189,1820769,0.226529,23725,3635961,0.452365,26665,5456730,0.678894,8037679
4,2021-04-26,91599,8840294,60081,5013029,31121,3532811,397,294454,36087,1803365,0.224364,55221,3691182,0.459235,37817,5494547,0.683599,8037679
4,2021-04-27,113358,8953652,69272,5082301,41782,3574593,2304,296758,40936,1775287,0.220871,72113,3763295,0.468207,44035,5538582,0.689077,8037679
4,2021-04-28,103590,9057242,67696,5149997,33382,3607975,2512,299270,37986,1751147,0.217867,65300,3828595,0.476331,41160,5579742,0.694198,8037679
4,2021-04-29,105018,9162260,67101,5217098,35397,3643372,2520,301790,34028,1717638,0.213698,70658,3899253,0.485122,37149,5616891,0.69882,8037679
4,2021-04-30,104677,9266937,66370,5283468,35633,3679005,2674,304464,36056,1688779,0.210108,68250,3967503,0.493613,39391,5656282,0.703721,8037679
4,2021-05-01,68864,9335801,45790,5329258,21317,3700322,1757,306221,19999,1662548,0.206844,48629,4016132,0.499663,22398,5678680,0.706507,8037679
4,2021-05-02,37428,9373229,26564,5355822,9584,3709906,1280,307501,10509,1647678,0.204994,26804,4042936,0.502998,11934,5690614,0.707992,8037679
4,2021-05-03,78245,9451474,54453,5410275,21326,3731232,2466,309967,19182,1610875,0.200415,58817,4101753,0.510316,22014,5712628,0.710731,8037679
4,2021-05-04,100732,9552206,68978,5479253,28999,3760231,2755,312722,22706,1558969,0.193958,77756,4179509,0.51999,25850,5738478,0.713947,8037679
4,2021-05-05,101482,9653688,71580,5550833,27179,3787410,2723,315445,22043,1504930,0.187234,79115,4258624,0.529833,25076,5763554,0.717067,8037679
4,2021-05-06,111008,9764696,83204,5634037,24875,3812285,2929,318374,19672,1437765,0.178878,90888,4349512,0.54114,23723,5787277,0.720018,8037679
4,2021-05-07,104173,9868869,74936,5708973,26561,3838846,2676,321050,20619,1378276,0.171477,83200,4432712,0.551492,23711,5810988,0.722968,8037679
4,2021-05-08,69212,9938081,47718,5756691,19571,3858417,1923,322973,13745,1339054,0.166597,55243,4487955,0.558365,16021,5827009,0.724962,8037679
4,2021-05-09,34069,9972150,27898,5784589,5231,3863648,940,323913,7487,1321097,0.164363,26479,4514434,0.561659,8522,5835531,0.726022,8037679
4,2021-05-10,64515,10036665,43160,5827749,19046,3882694,2309,326222,10980,1281361,0.159419,53338,4567772,0.568295,13602,5849133,0.727714,8037679
4,2021-05-11,82111,10118776,51273,5879022,28658,3911352,2180,328402,15788,1233730,0.153493,66095,4633867,0.576518,18464,5867597,0.730011,8037679
4,2021-05-12,79185,10197961,52724,5931746,23968,3935320,2493,330895,16653,1190994,0.148176,62258,4696125,0.584264,19522,5887119,0.73244,8037679
4,2021-05-13,103944,10301905,76604,6008350,25821,3961141,1519,332414,40391,1170676,0.145649,63239,4759364,0.592132,42921,5930040,0.73778,8037679
4,2021-05-14,104314,10406219,73711,6082061,28474,3989615,2129,334543,40234,1149788,0.14305,63782,4823146,0.600067,42894,5972934,0.743117,8037679
4,2021-05-15,85057,10491276,65811,6147872,17925,4007540,1321,335864,37612,1141804,0.142056,47207,4870353,0.60594,39223,6012157,0.747997,8037679
4,2021-05-16,51319,10542595,41363,6189235,9248,4016788,708,336572,21040,1133560,0.141031,30130,4900483,0.609689,21886,6034043,0.75072,8037679
4,2021-05-17,70827,10613422,51770,6241005,17217,4034005,1840,338412,28060,1121111,0.139482,42574,4943057,0.614986,30125,6064168,0.754468,8037679
4,2021-05-18,81310,10694732,52941,6293946,26624,4060629,1745,340157,29184,1100626,0.136933,51777,4994834,0.621427,31292,6095460,0.758361,8037679
4,2021-05-19,76377,10771109,51694,6345640,22745,4083374,1938,342095,30845,1088444,0.135418,45256,5040090,0.627058,33074,6128534,0.762476,8037679
4,2021-05-20,68449,10839558,43964,6389604,22493,4105867,1992,344087,25366,1073338,0.133538,42806,5082896,0.632384,27700,6156234,0.765922,8037679
4,2021-05-21,73131,10912689,48274,6437878,22996,4128863,1861,345948,25856,1054317,0.131172,47004,5129900,0.638232,27983,6184217,0.769403,8037679
4,2021-05-22,49484,10962173,34733,6472611,13472,4142335,1279,347227,21595,1049678,0.130595,27735,5157635,0.641682,23096,6207313,0.772277,8037679
4,2021-05-23,23785,10985958,17066,6489677,6000,4148335,719,347946,9775,1046390,0.130186,13890,5171525,0.64341,10602,6217915,0.773596,8037679
4,2021-05-24,42907,11028865,27331,6517008,12582,4160917,2994,350940,15066,1037013,0.129019,27636,5199161,0.646849,18259,6236174,0.775868,8037679
4,2021-05-25,44718,11073583,27808,6544816,14097,4175014,2813,353753,15884,1027335,0.127815,28607,5227768,0.650408,18929,6255103,0.778223,8037679
4,2021-05-26,44331,11117914,26636,6571452,15102,4190116,2593,356346,15812,1017598,0.126603,28318,5256086,0.653931,18581,6273684,0.780534,8037679
4,2021-05-27,38723,11156637,23284,6594736,12312,4202428,3127,359473,14614,1011583,0.125855,23923,5280009,0.656907,17908,6291592,0.782762,8037679
4,2021-05-28,43086,11199723,27489,6622225,14000,4216428,1597,361070,18806,1008168,0.12543,24043,5304052,0.659898,20628,6312220,0.785329,8037679
4,2021-05-29,23557,11223280,15337,6637562,7287,4223715,933,362003,10860,1007521,0.12535,12572,5316624,0.661463,11925,6324145,0.786812,8037679
4,2021-05-30,11998,11235278,8427,6645989,3045,4226760,526,362529,5010,1006198,0.125185,6928,5323552,0.662325,5605,6329750,0.78751,8037679
4,2021-05-31,3545,11238823,2255,6648244,1132,4227892,158,362687,1137,1005144,0.125054,2371,5325923,0.66262,1317,6331067,0.787674,8037679
4,2021-06-01,39278,11278101,24422,6672666,12414,4240306,2442,365129,12991,994712,0.123756,26081,5352004,0.665864,15649,6346716,0.78962,8037679
4,2021-06-02,32412,11310513,20275,6692941,9358,4249664,2779,367908,10842,987081,0.122807,21400,5373404,0.668527,13769,6360485,0.791334,8037679
4,2021-06-03,47839,11358352,36714,6729655,8675,4258339,2450,370358,10357,962863,0.119794,37331,5410735,0.673171,13113,6373598,0.792965,8037679
4,2021-06-04,54560,11412912,43941,6773596,9299,4267638,1320,371678,12753,936157,0.116471,41582,5452317,0.678345,14876,6388474,0.794816,8037679
4,2021-06-05,44551,11457463,38170,6811766,5386,4273024,995,372673,8734,910494,0.113278,35672,5487989,0.682783,10009,6398483,0.796061,8037679
4,2021-06-06,21131,11478594,18862,6830628,1709,4274733,560,373233,3961,898337,0.111766,17068,5505057,0.684906,4911,6403394,0.796672,8037679
4,2021-06-07,38556,11517150,31215,6861843,5432,4280165,1909,375142,8439,878977,0.109357,29989,5535046,0.688637,10629,6414023,0.797994,8037679
4,2021-06-08,40405,11557555,31721,6893564,6155,4286320,2529,377671,9461,860538,0.107063,30759,5565805,0.692464,12320,6426343,0.799527,8037679
4,2021-06-09,38771,11596326,30755,6924319,5664,4291984,2352,380023,7927,840494,0.104569,30677,5596482,0.696281,10633,6436976,0.80085,8037679
4,2021-06-10,36965,11633291,29149,6953468,5203,4297187,2613,382636,8549,823653,0.102474,28265,5624747,0.699797,11424,6448400,0.802271,8037679
4,2021-06-11,38082,11671373,29910,6983378,6163,4303350,2009,384645,9860,807799,0.100502,28070,5652817,0.70329,12216,6460616,0.803791,8037679
4,2021-06-12,26424,11697797,22010,7005388,3704,4307054,710,385355,6052,794511,0.098848,20267,5673084,0.705811,6979,6467595,0.80466,8037679
4,2021-06-13,10808,11708605,8540,7013928,1791,4308845,477,385832,2285,788919,0.098153,8460,5681544,0.706864,2868,6470463,0.805016,8037679
4,2021-06-14,28478,11737083,21302,7035230,4376,4313221,2800,388632,7764,779115,0.096933,20582,5702126,0.709424,10778,6481241,0.806357,8037679
4,2021-06-15,29795,11766878,21082,7056312,5318,4318539,3395,392027,8297,769707,0.095762,21353,5723479,0.712081,11945,6493186,0.807843,8037679
4,2021-06-16,26410,11793288,19910,7076222,3900,4322439,2600,394627,8022,762310,0.094842,18225,5741704,0.714349,10828,6504014,0.809191,8037679
4,2021-06-17,24962,11818250,18438,7094660,3654,4326093,2870,397497,7567,755717,0.094022,17214,5758918,0.71649,10621,6514635,0.810512,8037679
4,2021-06-18,26551,11844801,20943,7115603,4384,4330477,1224,398721,8217,747273,0.092971,18135,5777053,0.718746,9691,6524326,0.811718,8037679
4,2021-06-19,15700,11860501,12708,7128311,2298,4332775,694,399415,5054,742685,0.0924,10500,5787553,0.720053,5912,6530238,0.812453,8037679
4,2021-06-20,7346,11867847,6054,7134365,985,4333760,307,399722,2616,741015,0.092193,4673,5792226,0.720634,3003,6533241,0.812827,8037679
4,2021-06-21,14467,11882314,10462,7144827,2871,4336631,1134,400856,7330,742579,0.092387,7061,5799287,0.721513,8625,6541866,0.8139,8037679
4,2021-06-22,20350,11902664,15875,7160702,3407,4340038,1068,401924,7084,737732,0.091784,13150,5812437,0.723149,8303,6550169,0.814933,8037679
4,2021-06-23,18304,11920968,14369,7175071,2954,4342992,981,402905,6703,734060,0.091327,11479,5823916,0.724577,7807,6557976,0.815904,8037679
4,2021-06-24,17476,11938444,13536,7188607,2951,4345943,989,403894,6537,730936,0.090939,10790,5834706,0.725919,7666,6565642,0.816858,8037679
4,2021-06-25,21429,11959873,16861,7205468,3532,4349475,1036,404930,7763,726365,0.09037,13536,5848242,0.727603,8965,6574607,0.817973,8037679
4,2021-06-26,12961,11972834,10557,7216025,1789,4351264,615,405545,4795,723812,0.090052,8066,5856308,0.728607,5513,6580120,0.818659,8037679
4,2021-06-27,6807,11979641,5514,7221539,952,4352216,341,405886,2877,723190,0.089975,3894,5860202,0.729091,3272,6583392,0.819066,8037679
4,2021-06-28,14962,11994603,12574,7234113,1548,4353764,840,406726,6026,721321,0.089742,8854,5869056,0.730193,6985,6590377,0.819935,8037679
4,2021-06-29,16308,12010911,12669,7246782,2853,4356617,786,407512,6343,718705,0.089417,9864,5878920,0.73142,7248,6597625,0.820837,8037679
4,2021-06-30,14348,12025259,11206,7257988,2426,4359043,716,408228,5966,717203,0.08923,8292,5887212,0.732452,6790,6604415,0.821682,8037679
4,2021-07-01,14211,12039470,11225,7269213,2265,4361308,721,408949,5826,715599,0.089031,8284,5895496,0.733482,6680,6611095,0.822513,8037679
4,2021-07-02,16460,12055930,13082,7282295,2636,4363944,742,409691,6732,713553,0.088776,9639,5905135,0.734682,7593,6618688,0.823458,8037679
4,2021-07-03,9064,12064994,7203,7289498,1458,4365402,403,410094,3930,712877,0.088692,5067,5910202,0.735312,4391,6623079,0.824004,8037679
4,2021-07-04,418,12065412,254,7289752,104,4365506,60,410154,184,712901,0.088695,231,5910433,0.735341,255,6623334,0.824036,8037679
4,2021-07-05,9095,12074507,7420,7297172,1274,4366780,401,410555,4149,712631,0.088661,4871,5915304,0.735947,4601,6627935,0.824608,8037679
4,2021-07-06,11193,12085700,8832,7306004,1762,4368542,599,411154,3907,709986,0.088332,7207,5922511,0.736843,4562,6632497,0.825176,8037679
