vemquartile,administered_date,total_doses,cumulative_total_doses,pfizer_doses,cumulative_pfizer_doses,moderna_doses,cumulative_moderna_doses,jj_doses,cumulative_jj_doses,partially_vaccinated,total_partially_vaccinated,pct_age12pop_partially_vaccinated,fully_vaccinated,cumulative_fully_vaccinated,pct_age12pop_fully_vaccinated,at_least_one_dose,cumulative_at_least_one_dose,pct_age12pop_at_least_one_dose,age12_population
1,2020-12-15,157,157,157,157,0,0,0,0,157,157,1.8e-05,0,0,0.0,157,157,1.8e-05,8700223
1,2020-12-16,1226,1383,1226,1383,0,0,0,0,1226,1383,0.000159,0,0,0.0,1226,1383,0.000159,8700223
1,2020-12-17,4189,5572,4189,5572,0,0,0,0,4190,5573,0.000641,0,0,0.0,4190,5573,0.000641,8700223
1,2020-12-18,6378,11950,6355,11927,23,23,0,0,6380,11952,0.001374,1,1,0.0,6380,11953,0.001374,8700223
1,2020-12-19,2883,14833,2880,14807,3,26,0,0,2882,14833,0.001705,1,2,0.0,2882,14835,0.001705,8700223
1,2020-12-20,2131,16964,2121,16928,10,36,0,0,2132,16965,0.00195,0,2,0.0,2132,16967,0.00195,8700223
1,2020-12-21,7654,24618,7633,24561,21,57,0,0,7703,24668,0.002835,1,3,0.0,7704,24671,0.002836,8700223
1,2020-12-22,7319,31937,6975,31536,344,401,0,0,7320,31986,0.003676,2,5,1e-06,7320,31991,0.003677,8700223
1,2020-12-23,7843,39780,6584,38120,1259,1660,0,0,7839,39824,0.004577,2,7,1e-06,7840,39831,0.004578,8700223
1,2020-12-24,3300,43080,2357,40477,943,2603,0,0,3302,43126,0.004957,0,7,1e-06,3302,43133,0.004958,8700223
1,2020-12-25,240,43320,156,40633,84,2687,0,0,240,43366,0.004984,0,7,1e-06,240,43373,0.004985,8700223
1,2020-12-26,1366,44686,973,41606,393,3080,0,0,1365,44730,0.005141,1,8,1e-06,1365,44738,0.005142,8700223
1,2020-12-27,878,45564,542,42148,336,3416,0,0,878,45607,0.005242,1,9,1e-06,878,45616,0.005243,8700223
1,2020-12-28,7094,52658,4749,46897,2345,5761,0,0,7091,52698,0.006057,0,9,1e-06,7091,52707,0.006058,8700223
1,2020-12-29,8934,61592,4992,51889,3942,9703,0,0,8930,61626,0.007083,2,11,1e-06,8930,61637,0.007085,8700223
1,2020-12-30,11627,73219,6456,58345,5171,14874,0,0,11626,73251,0.008419,1,12,1e-06,11626,73263,0.008421,8700223
1,2020-12-31,5983,79202,1954,60299,4029,18903,0,0,5981,79229,0.009107,4,16,2e-06,5982,79245,0.009108,8700223
1,2021-01-01,604,79806,232,60531,372,19275,0,0,601,79828,0.009175,2,18,2e-06,601,79846,0.009177,8700223
1,2021-01-02,2919,82725,1769,62300,1150,20425,0,0,2919,82747,0.009511,0,18,2e-06,2919,82765,0.009513,8700223
1,2021-01-03,1041,83766,550,62850,491,20916,0,0,1039,83783,0.00963,3,21,2e-06,1039,83804,0.009632,8700223
1,2021-01-04,7387,91153,3597,66447,3790,24706,0,0,7390,91171,0.010479,2,23,3e-06,7390,91194,0.010482,8700223
1,2021-01-05,10869,102022,5249,71696,5620,30326,0,0,10071,100484,0.01155,780,803,9.2e-05,10093,101287,0.011642,8700223
1,2021-01-06,14102,116124,7065,78761,7037,37363,0,0,12178,110788,0.012734,1888,2691,0.000309,12192,113479,0.013043,8700223
1,2021-01-07,17540,133664,9171,87932,8369,45732,0,0,13017,119386,0.013722,4430,7121,0.000818,13028,126507,0.014541,8700223
1,2021-01-08,20210,153874,10499,98431,9711,55443,0,0,14256,127716,0.01468,5937,13058,0.001501,14267,140774,0.016181,8700223
1,2021-01-09,6701,160575,3402,101833,3299,58742,0,0,4842,130705,0.015023,1856,14914,0.001714,4845,145619,0.016737,8700223
1,2021-01-10,3104,163679,1768,103601,1336,60078,0,0,1913,131432,0.015107,1187,16101,0.001851,1914,147533,0.016957,8700223
1,2021-01-11,18090,181769,11856,115457,6234,66312,0,0,11533,136461,0.015685,6547,22648,0.002603,11576,159109,0.018288,8700223
1,2021-01-12,19140,200909,10967,126424,8173,74485,0,0,13139,143669,0.016513,5973,28621,0.00329,13181,172290,0.019803,8700223
1,2021-01-13,19866,220775,10747,137171,9119,83604,0,0,14701,153244,0.017614,5144,33765,0.003881,14719,187009,0.021495,8700223
1,2021-01-14,22049,242824,9449,146620,12600,96204,0,0,19289,169891,0.019527,2702,36467,0.004192,19349,206358,0.023719,8700223
1,2021-01-15,25217,268041,9254,155874,15963,112167,0,0,23272,191317,0.02199,1907,38374,0.004411,23333,229691,0.026401,8700223
1,2021-01-16,13894,281935,4546,160420,9348,121515,0,0,13017,203464,0.023386,873,39247,0.004511,13020,242711,0.027897,8700223
1,2021-01-17,5228,287163,2040,162460,3188,124703,0,0,4853,207946,0.023901,374,39621,0.004554,4856,247567,0.028455,8700223
1,2021-01-18,14346,301509,8613,171073,5733,130436,0,0,11159,215987,0.024825,3173,42794,0.004919,11214,258781,0.029744,8700223
1,2021-01-19,24701,326210,12780,183853,11921,142357,0,0,19531,230423,0.026485,5149,47943,0.005511,19585,278366,0.031995,8700223
1,2021-01-20,29456,355666,14740,198593,14716,157073,0,0,23521,248131,0.02852,5854,53797,0.006183,23562,301928,0.034703,8700223
1,2021-01-21,31260,386926,14676,213269,16584,173657,0,0,27969,272974,0.031376,3225,57022,0.006554,28068,329996,0.03793,8700223
1,2021-01-22,28424,415350,11290,224559,17134,190791,0,0,26350,297348,0.034177,2008,59030,0.006785,26382,356378,0.040962,8700223
1,2021-01-23,18739,434089,8198,232757,10541,201332,0,0,16777,312203,0.035884,1932,60962,0.007007,16787,373165,0.042891,8700223
1,2021-01-24,6690,440779,4159,236916,2531,203863,0,0,6030,317584,0.036503,655,61617,0.007082,6036,379201,0.043585,8700223
1,2021-01-25,25465,466244,10510,247426,14955,218818,0,0,19658,331590,0.038113,5759,67376,0.007744,19765,398966,0.045857,8700223
1,2021-01-26,28851,495095,13491,260917,15360,234178,0,0,22125,347076,0.039893,6662,74038,0.00851,22148,421114,0.048403,8700223
1,2021-01-27,32726,527821,15573,276490,17153,251331,0,0,24581,363613,0.041794,8080,82118,0.009439,24617,445731,0.051232,8700223
1,2021-01-28,35017,562838,16429,292919,18588,269919,0,0,28033,384801,0.044229,6914,89032,0.010233,28102,473833,0.054462,8700223
1,2021-01-29,33773,596611,16489,309408,17284,287203,0,0,27144,405503,0.046608,6484,95516,0.010979,27186,501019,0.057587,8700223
1,2021-01-30,20186,616797,8720,318128,11466,298669,0,0,18042,421444,0.048441,2113,97629,0.011221,18054,519073,0.059662,8700223
1,2021-01-31,7698,624495,5013,323141,2685,301354,0,0,6983,427723,0.049162,707,98336,0.011303,6986,526059,0.060465,8700223
1,2021-02-01,29064,653559,12549,335690,16515,317869,0,0,21211,441139,0.050704,7800,106136,0.012199,21216,547275,0.062904,8700223
1,2021-02-02,32791,686350,11840,347530,20951,338820,0,0,24509,457487,0.052583,8198,114334,0.013142,24546,571821,0.065725,8700223
1,2021-02-03,39692,726042,15275,362805,24417,363237,0,0,28569,475139,0.054612,10954,125288,0.014401,28606,600427,0.069013,8700223
1,2021-02-04,44113,770155,17157,379962,26956,390193,0,0,31775,494750,0.056866,12213,137501,0.015804,31824,632251,0.072671,8700223
1,2021-02-05,46821,816976,17172,397134,29649,419842,0,0,30662,509459,0.058557,16008,153509,0.017644,30717,662968,0.076201,8700223
1,2021-02-06,26561,843537,10493,407627,16068,435910,0,0,20638,524239,0.060256,5875,159384,0.01832,20655,683623,0.078575,8700223
1,2021-02-07,6282,849819,4039,411666,2243,438153,0,0,4628,527252,0.060602,1633,161017,0.018507,4646,688269,0.079109,8700223
1,2021-02-08,31644,881463,14450,426116,17194,455347,0,0,21074,537951,0.061832,10473,171490,0.019711,21172,709441,0.081543,8700223
1,2021-02-09,38641,920104,16991,443107,21650,476997,0,0,23817,547107,0.062884,14741,186231,0.021405,23897,733338,0.08429,8700223
1,2021-02-10,47424,967528,22258,465365,25166,502163,0,0,26989,553870,0.063662,20308,206539,0.02374,27071,760409,0.087401,8700223
1,2021-02-11,51893,1019421,25462,490827,26431,528594,0,0,30974,564351,0.064866,20600,227139,0.026107,31081,791490,0.090974,8700223
1,2021-02-12,50070,1069491,21530,512357,28540,557134,0,0,28712,572002,0.065746,21201,248340,0.028544,28852,820342,0.09429,8700223
1,2021-02-13,26389,1095880,11536,523893,14853,571987,0,0,15258,576276,0.066237,11060,259400,0.029815,15334,835676,0.096052,8700223
1,2021-02-14,11805,1107685,5569,529462,6236,578223,0,0,6718,578005,0.066436,5056,264456,0.030396,6785,842461,0.096832,8700223
1,2021-02-15,23962,1131647,9414,538876,14548,592771,0,0,14588,583460,0.067063,9249,273705,0.03146,14704,857165,0.098522,8700223
1,2021-02-16,47240,1178887,22528,561404,24712,617483,0,0,27542,591503,0.067987,19613,293318,0.033714,27656,884821,0.101701,8700223
1,2021-02-17,48585,1227472,24604,586008,23981,641464,0,0,26137,595498,0.068446,22289,315607,0.036276,26284,911105,0.104722,8700223
1,2021-02-18,51231,1278703,25618,611626,25613,667077,0,0,26510,597770,0.068707,24474,340081,0.039089,26746,937851,0.107796,8700223
1,2021-02-19,46685,1325388,25309,636935,21376,688453,0,0,26119,603548,0.069372,20404,360485,0.041434,26182,964033,0.110806,8700223
1,2021-02-20,27693,1353081,16874,653809,10819,699272,0,0,15795,607590,0.069836,11831,372316,0.042794,15873,979906,0.11263,8700223
1,2021-02-21,12392,1365473,10663,664472,1729,701001,0,0,7441,610192,0.070135,4888,377204,0.043356,7490,987396,0.113491,8700223
1,2021-02-22,31662,1397135,20850,685322,10812,711813,0,0,18212,615152,0.070705,13353,390557,0.04489,18313,1005709,0.115596,8700223
1,2021-02-23,45966,1443101,22322,707644,23644,735457,0,0,25230,620305,0.071298,20439,410996,0.04724,25592,1031301,0.118537,8700223
1,2021-02-24,55995,1499096,27038,734682,28957,764414,0,0,30790,626551,0.072016,24998,435994,0.050113,31244,1062545,0.122128,8700223
1,2021-02-25,68588,1567684,33291,767973,35297,799711,0,0,42411,643465,0.07396,25999,461993,0.053101,42913,1105458,0.127061,8700223
1,2021-02-26,76660,1644344,35887,803860,40773,840484,0,0,50063,667657,0.07674,26345,488338,0.056129,50537,1155995,0.13287,8700223
1,2021-02-27,52808,1697152,24230,828090,28569,869053,9,9,34635,684543,0.078681,18025,506363,0.058201,34911,1190906,0.136882,8700223
1,2021-02-28,20238,1717390,12014,840104,8222,877275,2,11,14827,694191,0.07979,5322,511685,0.058813,14970,1205876,0.138603,8700223
1,2021-03-01,46169,1763559,21348,861452,24768,902043,53,64,29659,707819,0.081356,16322,528007,0.060689,29950,1235826,0.142045,8700223
1,2021-03-02,64838,1828397,28024,889476,36805,938848,9,73,41238,726274,0.083478,23413,551420,0.06338,41868,1277694,0.146858,8700223
1,2021-03-03,72091,1900488,34268,923744,37796,976644,27,100,43825,742622,0.085357,28098,579518,0.06661,44446,1322140,0.151966,8700223
1,2021-03-04,80110,1980598,37561,961305,42513,1019157,36,136,51419,766096,0.088055,28497,608015,0.069885,51971,1374111,0.15794,8700223
1,2021-03-05,79105,2059703,35644,996949,43254,1062411,207,343,52749,793576,0.091213,26107,634122,0.072886,53587,1427698,0.164099,8700223
1,2021-03-06,58027,2117730,27589,1024538,29088,1091499,1350,1693,39282,815909,0.09378,18661,652783,0.075031,40994,1468692,0.168811,8700223
1,2021-03-07,20968,2138698,13045,1037583,6732,1098231,1191,2884,15527,827463,0.095108,5414,658197,0.075653,16968,1485660,0.170761,8700223
1,2021-03-08,46088,2184786,22513,1060096,21614,1119845,1961,4845,32293,848359,0.09751,13691,671888,0.077227,34587,1520247,0.174737,8700223
1,2021-03-09,66794,2251580,32303,1092399,31980,1151825,2511,7356,41087,866738,0.099623,25550,697438,0.080163,43929,1564176,0.179786,8700223
1,2021-03-10,74092,2325672,36908,1129307,32688,1184513,4496,11852,45647,888912,0.102171,28332,725770,0.08342,50506,1614682,0.185591,8700223
1,2021-03-11,90290,2415962,41543,1170850,40740,1225253,8007,19859,52579,912464,0.104878,37473,763243,0.087727,61025,1675707,0.192605,8700223
1,2021-03-12,99092,2515054,43715,1214565,42976,1268229,12401,32260,57913,942249,0.108302,40961,804204,0.092435,70746,1746453,0.200737,8700223
1,2021-03-13,65336,2580390,29543,1244108,28119,1296348,7674,39934,41683,968391,0.111306,23518,827722,0.095138,49660,1796113,0.206444,8700223
1,2021-03-14,27931,2608321,14939,1259047,9423,1305771,3569,43503,15647,975583,0.112133,12208,839930,0.096541,19400,1815513,0.208674,8700223
1,2021-03-15,65313,2673634,28803,1287850,29753,1335524,6757,50260,38391,994382,0.114294,26698,866628,0.09961,45497,1861010,0.213904,8700223
1,2021-03-16,85833,2759467,39135,1326985,41051,1376575,5647,55907,53183,1021129,0.117368,32420,899048,0.103336,59167,1920177,0.220704,8700223
1,2021-03-17,93146,2852613,45393,1372378,41215,1417790,6538,62445,59857,1054827,0.121241,33044,932092,0.107134,66742,1986919,0.228376,8700223
1,2021-03-18,98866,2951479,50975,1423353,42172,1459962,5719,68164,59743,1082013,0.124366,38758,970850,0.111589,65944,2052863,0.235955,8700223
1,2021-03-19,103761,3055240,53758,1477111,43703,1503665,6300,74464,60595,1106562,0.127188,42857,1013707,0.116515,67406,2120269,0.243703,8700223
1,2021-03-20,72863,3128103,37316,1514427,30328,1533993,5219,79683,46803,1132993,0.130226,25869,1039576,0.119488,52300,2172569,0.249714,8700223
1,2021-03-21,27286,3155389,19044,1533471,6435,1540428,1807,81490,16972,1141644,0.13122,10219,1049795,0.120663,18870,2191439,0.251883,8700223
1,2021-03-22,59295,3214684,30648,1564119,25342,1565770,3305,84795,39878,1166007,0.13402,19189,1068984,0.122869,43552,2234991,0.256889,8700223
1,2021-03-23,83426,3298110,42442,1606561,37345,1603115,3639,88434,51187,1189308,0.136699,31976,1100960,0.126544,55277,2290268,0.263242,8700223
1,2021-03-24,88352,3386462,44686,1651247,39300,1642415,4366,92800,52626,1211032,0.139196,35431,1136391,0.130616,57155,2347423,0.269812,8700223
1,2021-03-25,97189,3483651,49677,1700924,41675,1684090,5837,98637,53784,1227785,0.141121,43070,1179461,0.135567,59823,2407246,0.276688,8700223
1,2021-03-26,105492,3589143,51168,1752092,48002,1732092,6322,104959,56512,1242311,0.142791,48600,1228061,0.141153,63126,2470372,0.283944,8700223
1,2021-03-27,74269,3663412,38380,1790472,31671,1763763,4218,109177,38066,1248823,0.143539,35967,1264028,0.145287,42479,2512851,0.288826,8700223
1,2021-03-28,32824,3696236,21496,1811968,10106,1773869,1222,110399,16434,1250649,0.143749,16278,1280306,0.147158,18104,2530955,0.290907,8700223
1,2021-03-29,68663,3764899,33828,1845796,31663,1805532,3172,113571,37848,1261289,0.144972,30580,1310886,0.150673,41220,2572175,0.295645,8700223
1,2021-03-30,93426,3858325,45650,1891446,41372,1846904,6404,119975,48050,1270678,0.146051,45141,1356027,0.155861,54530,2626705,0.301912,8700223
1,2021-03-31,102046,3960371,53094,1944540,42705,1889609,6247,126222,55892,1287065,0.147935,45814,1401841,0.161127,62201,2688906,0.309062,8700223
1,2021-04-01,113345,4073716,54059,1998599,50488,1940097,8798,135020,57617,1298260,0.149221,55258,1457099,0.167478,66453,2755359,0.3167,8700223
1,2021-04-02,112827,4186543,51375,2049974,51721,1991818,9731,144751,57300,1310413,0.150618,55078,1512177,0.173809,67231,2822590,0.324427,8700223
1,2021-04-03,78741,4265284,39605,2089579,29468,2021286,9668,154419,37004,1315597,0.151214,41540,1553717,0.178584,46724,2869314,0.329798,8700223
1,2021-04-04,23809,4289093,11840,2101419,8494,2029780,3475,157894,9945,1315207,0.151169,13795,1567512,0.180169,13405,2882719,0.331339,8700223
1,2021-04-05,77649,4366742,37011,2138430,31244,2061024,9394,167288,34994,1317307,0.151411,42433,1609945,0.185046,44533,2927252,0.336457,8700223
1,2021-04-06,104765,4471507,49596,2188026,38484,2099508,16685,183973,47394,1324341,0.152219,57057,1667002,0.191605,64091,2991343,0.343824,8700223
1,2021-04-07,112824,4584331,54667,2242693,40480,2139988,17677,201650,50960,1331433,0.153034,61546,1728548,0.198679,68638,3059981,0.351713,8700223
1,2021-04-08,123304,4707635,58389,2301082,43801,2183789,21114,222764,54622,1338959,0.153899,68243,1796791,0.206522,75769,3135750,0.360422,8700223
1,2021-04-09,124439,4832074,56740,2357822,46783,2230572,20916,243680,54658,1345148,0.154611,69413,1866204,0.214501,75602,3211352,0.369111,8700223
1,2021-04-10,97311,4929385,43398,2401220,30863,2261435,23050,266730,38513,1348076,0.154947,58574,1924778,0.221233,61502,3272854,0.37618,8700223
1,2021-04-11,36742,4966127,20407,2421627,9438,2270873,6897,273627,14857,1348106,0.154951,21819,1946597,0.223741,21849,3294703,0.378692,8700223
1,2021-04-12,74981,5041108,33461,2455088,31470,2302343,10050,283677,31844,1347302,0.154858,42835,1989432,0.228664,42031,3336734,0.383523,8700223
1,2021-04-13,98302,5139410,52545,2507633,45417,2347760,340,284017,53122,1356244,0.155886,44867,2034299,0.233821,53809,3390543,0.389708,8700223
1,2021-04-14,105155,5244565,54507,2562140,50574,2398334,74,284091,53397,1358713,0.15617,51371,2085670,0.239726,53840,3444383,0.395896,8700223
1,2021-04-15,105974,5350539,57523,2619663,48362,2446696,89,284180,56234,1366074,0.157016,49139,2134809,0.245374,56500,3500883,0.40239,8700223
1,2021-04-16,110859,5461398,56832,2676495,53939,2500635,88,284268,55309,1366651,0.157082,55005,2189814,0.251696,55582,3556465,0.408779,8700223
1,2021-04-17,83495,5544893,45325,2721820,38159,2538794,11,284279,46529,1376631,0.158229,36723,2226537,0.255917,46703,3603168,0.414147,8700223
1,2021-04-18,30510,5575403,20647,2742467,9857,2548651,6,284285,15322,1377069,0.15828,15093,2241630,0.257652,15531,3618699,0.415932,8700223
1,2021-04-19,67226,5642629,34035,2776502,33179,2581830,12,284297,30325,1371011,0.157583,36524,2278154,0.26185,30466,3649165,0.419434,8700223
1,2021-04-20,88506,5731135,44538,2821040,43944,2625774,24,284321,41305,1365707,0.156974,46835,2324989,0.267233,41531,3690696,0.424207,8700223
1,2021-04-21,97924,5829059,51114,2872154,46708,2672482,102,284423,43754,1356213,0.155883,53586,2378575,0.273392,44092,3734788,0.429275,8700223
1,2021-04-22,97769,5926828,51116,2923270,46635,2719117,18,284441,44746,1348705,0.15502,52490,2431065,0.279426,44982,3779770,0.434445,8700223
1,2021-04-23,102721,6029549,53053,2976323,49641,2768758,27,284468,48776,1344330,0.154517,53408,2484473,0.285564,49033,3828803,0.440081,8700223
1,2021-04-24,76484,6106033,47445,3023768,29012,2797770,27,284495,43053,1354393,0.155673,33275,2517748,0.289389,43338,3872141,0.445062,8700223
1,2021-04-25,27384,6133417,17445,3041213,9925,2807695,14,284509,15617,1358520,0.156148,11645,2529393,0.290727,15772,3887913,0.446875,8700223
1,2021-04-26,66533,6199950,34909,3076122,31220,2838915,404,284913,31426,1355901,0.155847,34788,2564181,0.294726,32169,3920082,0.450573,8700223
1,2021-04-27,81879,6281829,43541,3119663,37031,2875946,1307,286220,35328,1346635,0.154782,46241,2610422,0.300041,36975,3957057,0.454822,8700223
1,2021-04-28,81658,6363487,43456,3163119,36691,2912637,1511,287731,35676,1338431,0.153839,45618,2656040,0.305284,37414,3994471,0.459123,8700223
1,2021-04-29,85080,6448567,46838,3209957,36612,2949249,1630,289361,34614,1324759,0.152267,50078,2706118,0.31104,36406,4030877,0.463307,8700223
1,2021-04-30,92761,6541328,50250,3260207,40625,2989874,1886,291247,38544,1311489,0.150742,53861,2759979,0.317231,40591,4071468,0.467973,8700223
1,2021-05-01,63944,6605272,41255,3301462,21259,3011133,1430,292677,26911,1303281,0.149799,36764,2796743,0.321456,28556,4100024,0.471255,8700223
1,2021-05-02,23530,6628802,16663,3318125,6288,3017421,579,293256,9474,1299416,0.149354,13945,2810688,0.323059,10080,4110104,0.472414,8700223
1,2021-05-03,56412,6685214,31296,3349421,23270,3040691,1846,295102,20445,1286059,0.147819,35704,2846392,0.327163,22347,4132451,0.474982,8700223
1,2021-05-04,75983,6761197,43764,3393185,30119,3070810,2100,297202,27200,1266976,0.145626,48465,2894857,0.332734,29382,4161833,0.478359,8700223
1,2021-05-05,78458,6839655,45483,3438668,30669,3101479,2306,299508,26563,1244402,0.143031,51523,2946380,0.338656,28949,4190782,0.481687,8700223
1,2021-05-06,79961,6919616,48565,3487233,29211,3130690,2185,301693,24929,1217045,0.139887,54624,3001004,0.344934,27267,4218049,0.484821,8700223
1,2021-05-07,83581,7003197,47569,3534802,33811,3164501,2201,303894,27908,1192010,0.137009,55206,3056210,0.35128,30171,4248220,0.488289,8700223
1,2021-05-08,57468,7060665,36061,3570863,19760,3184261,1647,305541,19528,1175684,0.135133,37594,3093804,0.355601,21268,4269488,0.490733,8700223
1,2021-05-09,18338,7079003,13157,3584020,4702,3188963,479,306020,5570,1169079,0.134373,12688,3106492,0.357059,6083,4275571,0.491432,8700223
1,2021-05-10,44330,7123333,22420,3606440,20078,3209041,1832,307852,14814,1156594,0.132938,29224,3135716,0.360418,16739,4292310,0.493356,8700223
1,2021-05-11,62872,7186205,34198,3640638,26516,3235557,2158,310010,20663,1137623,0.130758,41909,3177625,0.365235,22938,4315248,0.495993,8700223
1,2021-05-12,62996,7249201,33467,3674105,27463,3263020,2066,312076,20683,1118466,0.128556,41974,3219599,0.370059,22817,4338065,0.498615,8700223
1,2021-05-13,67214,7316415,39435,3713540,25788,3288808,1991,314067,25616,1105159,0.127027,41194,3260793,0.374794,27887,4365952,0.501821,8700223
1,2021-05-14,76831,7393246,46357,3759897,28068,3316876,2406,316473,31051,1093531,0.12569,45362,3306155,0.380008,33734,4399686,0.505698,8700223
1,2021-05-15,66781,7460027,43845,3803742,21166,3338042,1770,318243,26623,1082156,0.124383,39832,3345987,0.384586,28457,4428143,0.508969,8700223
1,2021-05-16,25111,7485138,18510,3822252,5980,3344022,621,318864,10246,1078328,0.123943,14742,3360729,0.386281,10914,4439057,0.510223,8700223
1,2021-05-17,54383,7539521,33242,3855494,19365,3363387,1776,320640,23066,1072182,0.123236,31043,3391772,0.389849,24897,4463954,0.513085,8700223
1,2021-05-18,65217,7604738,39319,3894813,24059,3387446,1839,322479,28294,1065770,0.122499,36636,3428408,0.39406,30224,4494178,0.516559,8700223
1,2021-05-19,66453,7671191,40458,3935271,24069,3411515,1926,324405,29688,1060999,0.121951,36465,3464873,0.398251,31694,4525872,0.520202,8700223
1,2021-05-20,64766,7735957,37560,3972831,24987,3436502,2219,326624,26632,1052272,0.120948,37782,3502655,0.402594,29055,4554927,0.523541,8700223
1,2021-05-21,70133,7806090,41926,4014757,26343,3462845,1864,328488,28930,1042371,0.11981,40791,3543446,0.407282,30890,4585817,0.527092,8700223
1,2021-05-22,56127,7862217,36881,4051638,17519,3480364,1727,330215,24413,1037174,0.119212,31435,3574881,0.410895,26238,4612055,0.530108,8700223
1,2021-05-23,20506,7882723,14340,4065978,5579,3485943,587,330802,9499,1036380,0.119121,10903,3585784,0.412149,10109,4622164,0.53127,8700223
1,2021-05-24,43773,7926496,24405,4090383,17529,3503472,1839,332641,17696,1030175,0.118408,25820,3611604,0.415116,19615,4641779,0.533524,8700223
1,2021-05-25,50903,7977399,29286,4119669,19918,3523390,1699,334340,21101,1023559,0.117647,29512,3641116,0.418508,22896,4664675,0.536156,8700223
1,2021-05-26,48510,8025909,27503,4147172,19112,3542502,1895,336235,20521,1018337,0.117047,27682,3668798,0.42169,22460,4687135,0.538737,8700223
1,2021-05-27,47042,8072951,26387,4173559,18741,3561243,1914,338149,20151,1013922,0.11654,26596,3695394,0.424747,22181,4709316,0.541287,8700223
1,2021-05-28,52549,8125500,29317,4202876,21399,3582642,1833,339982,23524,1010713,0.116171,28689,3724083,0.428045,25480,4734796,0.544215,8700223
1,2021-05-29,30693,8156193,18589,4221465,11138,3593780,966,340948,14605,1010408,0.116136,15930,3740013,0.429876,15625,4750421,0.546011,8700223
1,2021-05-30,11710,8167903,7561,4229026,3593,3597373,556,341504,5530,1010411,0.116136,6107,3746120,0.430577,6110,4756531,0.546714,8700223
1,2021-05-31,5757,8173660,3277,4232303,2223,3599596,257,341761,2006,1008995,0.115973,3691,3749811,0.431002,2275,4758806,0.546975,8700223
1,2021-06-01,45931,8219591,25967,4258270,18390,3617986,1574,343335,17372,999801,0.114917,28210,3778021,0.434244,19016,4777822,0.549161,8700223
1,2021-06-02,40066,8259657,23243,4281513,15308,3633294,1515,344850,16146,993925,0.114241,23615,3801636,0.436958,17739,4795561,0.5512,8700223
1,2021-06-03,41530,8301187,25996,4307509,13810,3647104,1724,346574,15820,986139,0.113346,25402,3827038,0.439878,17616,4813177,0.553225,8700223
1,2021-06-04,50269,8351456,32161,4339670,16297,3663401,1811,348385,17955,974038,0.111956,31946,3858984,0.44355,19845,4833022,0.555506,8700223
1,2021-06-05,40422,8391878,27577,4367247,10835,3674236,2010,350395,14165,964226,0.110828,26037,3885021,0.446543,16225,4849247,0.55737,8700223
1,2021-06-06,13247,8405125,10607,4377854,2125,3676361,515,350910,4570,960779,0.110432,8592,3893613,0.44753,5145,4854392,0.557962,8700223
1,2021-06-07,34045,8439170,23450,4401304,9234,3685595,1361,352271,12080,952519,0.109482,21751,3915364,0.45003,13491,4867883,0.559512,8700223
1,2021-06-08,42322,8481492,29288,4430592,11374,3696969,1660,353931,14716,941659,0.108234,27327,3942691,0.453171,16467,4884350,0.561405,8700223
1,2021-06-09,42239,8523731,29302,4459894,11288,3708257,1649,355580,13748,928936,0.106772,28178,3970869,0.45641,15455,4899805,0.563182,8700223
1,2021-06-10,39189,8562920,26380,4486274,11104,3719361,1705,357285,13368,918547,0.105577,25565,3996434,0.459348,15176,4914981,0.564926,8700223
1,2021-06-11,44142,8607062,29267,4515541,13185,3732546,1690,358975,15712,907905,0.104354,28121,4024555,0.462581,17479,4932460,0.566935,8700223
1,2021-06-12,33853,8640915,24465,4540006,8170,3740716,1218,360193,11128,897811,0.103194,22506,4047061,0.465168,12412,4944872,0.568362,8700223
1,2021-06-13,11643,8652558,8459,4548465,2704,3743420,480,360673,3388,893530,0.102702,8182,4055243,0.466108,3901,4948773,0.56881,8700223
1,2021-06-14,31049,8683607,20899,4569364,8832,3752252,1318,361991,11612,887255,0.101981,19234,4074477,0.468319,12959,4961732,0.570299,8700223
1,2021-06-15,37380,8720987,24496,4593860,11025,3763277,1859,363850,13864,879833,0.101128,23237,4097714,0.47099,15815,4977547,0.572117,8700223
1,2021-06-16,35606,8756593,24053,4617913,9710,3772987,1843,365693,13387,873171,0.100362,21946,4119660,0.473512,15284,4992831,0.573874,8700223
1,2021-06-17,33741,8790334,22310,4640223,9474,3782461,1957,367650,13174,868070,0.099776,20325,4139985,0.475848,15224,5008055,0.575624,8700223
1,2021-06-18,39824,8830158,25857,4666080,11104,3793565,2863,370513,15479,862417,0.099126,24052,4164037,0.478613,18399,5026454,0.577739,8700223
1,2021-06-19,24102,8854260,16720,4682800,6181,3799746,1201,371714,9819,859365,0.098775,14111,4178148,0.480235,11059,5037513,0.57901,8700223
1,2021-06-20,8166,8862426,5985,4688785,1905,3801651,276,371990,3241,858035,0.098622,4858,4183006,0.480793,3528,5041041,0.579415,8700223
1,2021-06-21,21037,8883463,11903,4700688,6939,3808590,2195,374185,10965,861289,0.098996,9956,4192962,0.481937,13210,5054251,0.580934,8700223
1,2021-06-22,30904,8914367,20176,4720864,8579,3817169,2149,376334,12943,858702,0.098699,17744,4210706,0.483977,15157,5069408,0.582676,8700223
1,2021-06-23,29506,8943873,19821,4740685,7866,3825035,1819,378153,12889,857042,0.098508,16393,4227099,0.485861,14733,5084141,0.584369,8700223
1,2021-06-24,28495,8972368,18971,4759656,7845,3832880,1679,379832,12091,854681,0.098237,16199,4243298,0.487723,13838,5097979,0.58596,8700223
1,2021-06-25,31831,9004199,21564,4781220,8861,3841741,1406,381238,14016,852581,0.097995,17574,4260872,0.489743,15474,5113453,0.587738,8700223
1,2021-06-26,22289,9026488,16541,4797761,4917,3846658,831,382069,9722,850742,0.097784,12446,4273318,0.491173,10607,5124060,0.588957,8700223
1,2021-06-27,9167,9035655,6818,4804579,1917,3848575,432,382501,4065,850221,0.097724,5033,4278351,0.491752,4512,5128572,0.589476,8700223
1,2021-06-28,21188,9056843,15731,4820310,4203,3852778,1254,383755,9826,850179,0.097719,11170,4289521,0.493036,11128,5139700,0.590755,8700223
1,2021-06-29,26667,9083510,18238,4838548,7043,3859821,1386,385141,11748,848636,0.097542,14733,4304254,0.494729,13190,5152890,0.592271,8700223
1,2021-06-30,25966,9109476,17956,4856504,6952,3866773,1058,386199,12329,848678,0.097547,13416,4317670,0.496271,13458,5166348,0.593818,8700223
1,2021-07-01,23725,9133201,16490,4872994,5965,3872738,1270,387469,10968,848397,0.097514,12601,4330271,0.49772,12320,5178668,0.595234,8700223
1,2021-07-02,26456,9159657,18155,4891149,7257,3879995,1044,388513,12355,847969,0.097465,13909,4344180,0.499318,13481,5192149,0.596783,8700223
1,2021-07-03,14619,9174276,10216,4901365,3963,3883958,440,388953,6946,847847,0.097451,7540,4351720,0.500185,7418,5199567,0.597636,8700223
1,2021-07-04,1268,9175544,709,4902074,493,3884451,66,389019,611,847883,0.097455,647,4352367,0.500259,683,5200250,0.597715,8700223
1,2021-07-05,11032,9186576,7610,4909684,3058,3887509,364,389383,5236,847801,0.097446,5727,4358094,0.500918,5645,5205895,0.598363,8700223
1,2021-07-06,27209,9213785,19235,4928919,6833,3894342,1141,390524,10852,843721,0.096977,16173,4374267,0.502776,12093,5217988,0.599753,8700223
1,2021-07-07,23722,9237507,16598,4945517,5965,3900307,1159,391683,10198,841827,0.096759,13338,4387605,0.504309,11444,5229432,0.601069,8700223
1,2021-07-08,22749,9260256,15699,4961216,5957,3906264,1093,392776,9813,840021,0.096552,12802,4400407,0.505781,10996,5240428,0.602333,8700223
1,2021-07-09,26843,9287099,18988,4980204,6694,3912958,1161,393937,12076,838725,0.096403,14592,4414999,0.507458,13296,5253724,0.603861,8700223
1,2021-07-10,17692,9304791,12771,4992975,4161,3917119,760,394697,7865,837693,0.096284,9704,4424703,0.508574,8672,5262396,0.604858,8700223
1,2021-07-11,6752,9311543,4935,4997910,1616,3918735,201,394898,3253,837718,0.096287,3447,4428150,0.50897,3472,5265868,0.605257,8700223
1,2021-07-12,20159,9331702,14468,5012378,4805,3923540,886,395784,8928,836532,0.096151,11092,4439242,0.510245,9906,5275774,0.606395,8700223
1,2021-07-13,22168,9353870,15484,5027862,5884,3929424,800,396584,10363,836120,0.096103,11662,4450904,0.511585,11250,5287024,0.607688,8700223
1,2021-07-14,22170,9376040,15219,5043081,5976,3935400,975,397559,9956,835105,0.095987,12058,4462962,0.512971,11043,5298067,0.608958,8700223
1,2021-07-15,21595,9397635,15368,5058449,5497,3940897,730,398289,10369,835227,0.096001,11081,4474043,0.514245,11203,5309270,0.610245,8700223
1,2021-07-16,26628,9424263,18644,5077093,6989,3947886,995,399284,13125,836094,0.0961,13339,4487382,0.515778,14206,5323476,0.611878,8700223
1,2021-07-17,18397,9442660,13268,5090361,4427,3952313,702,399986,9021,836601,0.096159,9251,4496633,0.516841,9758,5333234,0.613,8700223
1,2021-07-18,7426,9450086,5477,5095838,1663,3953976,286,400272,3795,837125,0.096219,3574,4500207,0.517252,4098,5337332,0.613471,8700223
1,2021-07-19,20835,9470921,15101,5110939,4903,3958879,831,401103,10454,838263,0.09635,10247,4510454,0.51843,11385,5348717,0.614779,8700223
1,2021-07-20,24541,9495462,16975,5127914,6687,3965566,879,401982,12601,840081,0.096559,11755,4522209,0.519781,13573,5362290,0.616339,8700223
1,2021-07-21,24888,9520350,17499,5145413,6187,3971753,1202,403184,12710,842086,0.096789,12024,4534233,0.521163,14029,5376319,0.617952,8700223
1,2021-07-22,24090,9544440,17000,5162413,6256,3978009,834,404018,13134,845373,0.097167,10769,4545002,0.522401,14056,5390375,0.619567,8700223
1,2021-07-23,28519,9572959,20118,5182531,7394,3985403,1007,405025,15841,849792,0.097675,12498,4557500,0.523837,16917,5407292,0.621512,8700223
1,2021-07-24,17921,9590880,12634,5195165,4730,3990133,557,405582,10560,853690,0.098123,7246,4564746,0.52467,11144,5418436,0.622793,8700223
1,2021-07-25,7374,9598254,5291,5200456,1975,3992108,108,405690,5505,857494,0.09856,1830,4566576,0.52488,5634,5424070,0.62344,8700223
1,2021-07-26,21044,9619298,14541,5214997,5765,3997873,738,406428,13571,864517,0.099367,7355,4573931,0.525726,14378,5438448,0.625093,8700223
1,2021-07-27,26605,9645903,18974,5233971,6699,4004572,932,407360,15679,870428,0.100047,10758,4584689,0.526962,16669,5455117,0.627009,8700223
1,2021-07-28,27521,9673424,19490,5253461,7167,4011739,864,408224,16899,877823,0.100897,10438,4595127,0.528162,17833,5472950,0.629059,8700223
1,2021-07-29,26190,9699614,18601,5272062,6833,4018572,756,408980,16399,885411,0.101769,9628,4604755,0.529269,17216,5490166,0.631037,8700223
1,2021-07-30,30585,9730199,21920,5293982,7774,4026346,891,409871,18732,893424,0.10269,11648,4616403,0.530607,19661,5509827,0.633297,8700223
1,2021-07-31,19587,9749786,14242,5308224,4811,4031157,534,410405,12188,898929,0.103323,7241,4623644,0.53144,12746,5522573,0.634762,8700223
1,2021-08-01,8725,9758511,6597,5314821,2005,4033162,123,410528,5965,902331,0.103714,2715,4626359,0.531752,6117,5528690,0.635465,8700223
1,2021-08-02,24508,9783019,18283,5333104,5529,4038691,696,411224,15899,910519,0.104655,8455,4634814,0.532724,16643,5545333,0.637378,8700223
1,2021-08-03,27910,9810929,20196,5353300,6828,4045519,886,412110,17470,918660,0.10559,10255,4645069,0.533902,18396,5563729,0.639493,8700223
1,2021-08-04,26684,9837613,19359,5372659,6505,4052024,820,412930,16963,926966,0.106545,9521,4654590,0.534997,17827,5581556,0.641542,8700223
1,2021-08-05,26058,9863671,19027,5391686,6193,4058217,838,413768,16435,934830,0.107449,9433,4664023,0.536081,17297,5598853,0.64353,8700223
1,2021-08-06,30843,9894514,22752,5414438,7240,4065457,851,414619,19162,943407,0.108435,11472,4675495,0.537399,20049,5618902,0.645834,8700223
1,2021-08-07,13543,9908057,9962,5424400,3128,4068585,453,415072,8270,946950,0.108842,5187,4680682,0.537996,8730,5627632,0.646838,8700223
2,2020-12-15,248,248,248,248,0,0,0,0,248,248,2.9e-05,0,0,0.0,248,248,2.9e-05,8407551
2,2020-12-16,2114,2362,2114,2362,0,0,0,0,2113,2361,0.000281,0,0,0.0,2113,2361,0.000281,8407551
2,2020-12-17,6930,9292,6930,9292,0,0,0,0,6931,9292,0.001105,0,0,0.0,6931,9292,0.001105,8407551
2,2020-12-18,11112,20404,11092,20384,20,20,0,0,11112,20404,0.002427,0,0,0.0,11112,20404,0.002427,8407551
2,2020-12-19,5624,26028,5618,26002,6,26,0,0,5625,26029,0.003096,0,0,0.0,5625,26029,0.003096,8407551
2,2020-12-20,4259,30287,4248,30250,11,37,0,0,4254,30282,0.003602,1,1,0.0,4254,30283,0.003602,8407551
2,2020-12-21,12814,43101,12785,43035,29,66,0,0,12770,43052,0.005121,0,1,0.0,12770,43053,0.005121,8407551
2,2020-12-22,12170,55271,11653,54688,517,583,0,0,12168,55220,0.006568,0,1,0.0,12168,55221,0.006568,8407551
2,2020-12-23,11729,67000,9497,64185,2232,2815,0,0,11730,66950,0.007963,1,2,0.0,11731,66952,0.007963,8407551
2,2020-12-24,5911,72911,3501,67686,2410,5225,0,0,5907,72856,0.008666,3,5,1e-06,5909,72861,0.008666,8407551
2,2020-12-25,488,73399,409,68095,79,5304,0,0,490,73346,0.008724,0,5,1e-06,490,73351,0.008724,8407551
2,2020-12-26,2562,75961,1662,69757,900,6204,0,0,2563,75908,0.009029,1,6,1e-06,2563,75914,0.009029,8407551
2,2020-12-27,2238,78199,1217,70974,1021,7225,0,0,2235,78141,0.009294,2,8,1e-06,2235,78149,0.009295,8407551
2,2020-12-28,11046,89245,7177,78151,3869,11094,0,0,11046,89185,0.010608,2,10,1e-06,11046,89195,0.010609,8407551
2,2020-12-29,12806,102051,7200,85351,5606,16700,0,0,12811,101996,0.012131,0,10,1e-06,12811,102006,0.012133,8407551
2,2020-12-30,15567,117618,8694,94045,6873,23573,0,0,15561,117554,0.013982,5,15,2e-06,15563,117569,0.013984,8407551
2,2020-12-31,7595,125213,2835,96880,4760,28333,0,0,7588,125137,0.014884,5,20,2e-06,7588,125157,0.014886,8407551
2,2021-01-01,1275,126488,632,97512,643,28976,0,0,1274,126407,0.015035,4,24,3e-06,1274,126431,0.015038,8407551
2,2021-01-02,4858,131346,2771,100283,2087,31063,0,0,4855,131260,0.015612,2,26,3e-06,4855,131286,0.015615,8407551
2,2021-01-03,1415,132761,796,101079,619,31682,0,0,1407,132663,0.015779,4,30,4e-06,1407,132693,0.015783,8407551
2,2021-01-04,11705,144466,5562,106641,6143,37825,0,0,11695,144355,0.01717,3,33,4e-06,11695,144388,0.017174,8407551
2,2021-01-05,13908,158374,6956,113597,6952,44777,0,0,12683,155856,0.018538,1217,1250,0.000149,12718,157106,0.018686,8407551
2,2021-01-06,19067,177441,10508,124105,8559,53336,0,0,15231,167321,0.019901,3777,5027,0.000598,15242,172348,0.020499,8407551
2,2021-01-07,23345,200786,13148,137253,10197,63533,0,0,15646,175281,0.020848,7702,12729,0.001514,15662,188010,0.022362,8407551
2,2021-01-08,26953,227739,16236,153489,10717,74250,0,0,16598,181607,0.0216,10298,23027,0.002739,16624,204634,0.024339,8407551
2,2021-01-09,9880,237619,5781,159270,4099,78349,0,0,6290,184324,0.021924,3580,26607,0.003165,6297,210931,0.025088,8407551
2,2021-01-10,5329,242948,2973,162243,2356,80705,0,0,3062,185125,0.022019,2267,28874,0.003434,3068,213999,0.025453,8407551
2,2021-01-11,26064,269012,18016,180259,8048,88753,0,0,14937,188990,0.022479,11123,39997,0.004757,14988,228987,0.027236,8407551
2,2021-01-12,26390,295402,16379,196638,10011,98764,0,0,16768,196223,0.023339,9624,49621,0.005902,16857,245844,0.029241,8407551
2,2021-01-13,28616,324018,15172,211810,13444,112208,0,0,20595,208848,0.024841,8001,57622,0.006854,20626,266470,0.031694,8407551
2,2021-01-14,30616,354634,11677,223487,18939,131147,0,0,26309,230921,0.027466,4314,61936,0.007367,26387,292857,0.034833,8407551
2,2021-01-15,35110,389744,12705,236192,22405,153552,0,0,31804,259520,0.030867,3297,65233,0.007759,31896,324753,0.038626,8407551
2,2021-01-16,18131,407875,6002,242194,12129,165681,0,0,16789,274963,0.032704,1358,66591,0.00792,16801,341554,0.040625,8407551
2,2021-01-17,10565,418440,3562,245756,7003,172684,0,0,9816,284025,0.033782,764,67355,0.008011,9826,351380,0.041793,8407551
2,2021-01-18,19781,438221,11052,256808,8729,181413,0,0,14954,294195,0.034992,4846,72201,0.008588,15016,366396,0.043579,8407551
2,2021-01-19,32657,470878,16975,273783,15682,197095,0,0,24575,310805,0.036967,8081,80282,0.009549,24691,391087,0.046516,8407551
2,2021-01-20,37675,508553,18999,292782,18676,215771,0,0,29037,331325,0.039408,8609,88891,0.010573,29129,420216,0.049981,8407551
2,2021-01-21,41074,549627,17441,310223,23633,239404,0,0,36546,363557,0.043242,4495,93386,0.011107,36727,456943,0.054349,8407551
2,2021-01-22,39653,589280,16579,326802,23074,262478,0,0,36283,396482,0.047158,3387,96773,0.01151,36312,493255,0.058668,8407551
2,2021-01-23,24161,613441,10793,337595,13368,275846,0,0,21175,414723,0.049327,2966,99739,0.011863,21207,514462,0.06119,8407551
2,2021-01-24,12451,625892,6110,343705,6341,282187,0,0,11530,425363,0.050593,905,100644,0.011971,11545,526007,0.062564,8407551
2,2021-01-25,33954,659846,15617,359322,18337,300524,0,0,25098,441799,0.052548,8804,109448,0.013018,25240,551247,0.065566,8407551
2,2021-01-26,40414,700260,19787,379109,20627,321151,0,0,31141,463779,0.055162,9248,118696,0.014118,31228,582475,0.06928,8407551
2,2021-01-27,45716,745976,22659,401768,23057,344208,0,0,35305,488864,0.058146,10283,128979,0.015341,35368,617843,0.073487,8407551
2,2021-01-28,47961,793937,22387,424155,25574,369782,0,0,39191,519428,0.061781,8703,137682,0.016376,39267,657110,0.078157,8407551
2,2021-01-29,45650,839587,22006,446161,23644,393426,0,0,36843,547656,0.065139,8681,146363,0.017409,36909,694019,0.082547,8407551
2,2021-01-30,31308,870895,13324,459485,17984,411410,0,0,27895,572211,0.068059,3374,149737,0.01781,27929,721948,0.085869,8407551
2,2021-01-31,17177,888072,10215,469700,6962,418372,0,0,15960,586999,0.069818,1195,150932,0.017952,15983,737931,0.08777,8407551
2,2021-02-01,41148,929220,19719,489419,21429,439801,0,0,29991,605931,0.07207,11097,162029,0.019272,30029,767960,0.091342,8407551
2,2021-02-02,47951,977171,19472,508891,28479,468280,0,0,36384,630937,0.075044,11474,173503,0.020637,36480,804440,0.095681,8407551
2,2021-02-03,54082,1031253,23805,532696,30277,498557,0,0,39792,656642,0.078101,14185,187688,0.022324,39890,844330,0.100425,8407551
2,2021-02-04,56295,1087548,24155,556851,32140,530697,0,0,40958,682473,0.081174,15226,202914,0.024135,41057,885387,0.105309,8407551
2,2021-02-05,60224,1147772,26232,583083,33992,564689,0,0,40598,703846,0.083716,19413,222327,0.026444,40786,926173,0.11016,8407551
2,2021-02-06,39378,1187150,18364,601447,21014,585703,0,0,31375,727387,0.086516,7927,230254,0.027387,31468,957641,0.113902,8407551
2,2021-02-07,15734,1202884,10451,611898,5283,590986,0,0,11930,735613,0.087494,3774,234028,0.027835,12000,969641,0.11533,8407551
2,2021-02-08,43103,1245987,21884,633782,21219,612205,0,0,29488,751843,0.089425,13469,247497,0.029437,29699,999340,0.118862,8407551
2,2021-02-09,49648,1295635,23433,657215,26215,638420,0,0,30641,764131,0.090886,18705,266202,0.031662,30993,1030333,0.122549,8407551
2,2021-02-10,59664,1355299,27923,685138,31741,670161,0,0,34411,773940,0.092053,24958,291160,0.034631,34767,1065100,0.126684,8407551
2,2021-02-11,64344,1419643,29549,714687,34795,704956,0,0,35811,782087,0.093022,28164,319324,0.037981,36311,1101411,0.131003,8407551
2,2021-02-12,65646,1485289,28221,742908,37425,742381,0,0,34847,787113,0.09362,30485,349809,0.041607,35511,1136922,0.135226,8407551
2,2021-02-13,38135,1523424,15908,758816,22227,764608,0,0,21992,793449,0.094373,16037,365846,0.043514,22373,1159295,0.137887,8407551
2,2021-02-14,20162,1543586,9368,768184,10794,775402,0,0,11192,796091,0.094688,8917,374763,0.044575,11559,1170854,0.139262,8407551
2,2021-02-15,33328,1576914,15007,783191,18321,793723,0,0,18470,800697,0.095235,14720,389483,0.046325,19326,1190180,0.141561,8407551
2,2021-02-16,56569,1633483,27715,810906,28854,822577,0,0,29773,804473,0.095685,26674,416157,0.049498,30450,1220630,0.145183,8407551
2,2021-02-17,61896,1695379,31830,842736,30066,852643,0,0,30715,804935,0.09574,31080,447237,0.053195,31542,1252172,0.148934,8407551
2,2021-02-18,66537,1761916,33516,876252,33021,885664,0,0,32373,804570,0.095696,33896,481133,0.057226,33531,1285703,0.152922,8407551
2,2021-02-19,59887,1821803,33149,909401,26738,912402,0,0,29723,804932,0.095739,29966,511099,0.06079,30328,1316031,0.15653,8407551
2,2021-02-20,37866,1859669,24569,933970,13297,925699,0,0,20562,808984,0.096221,17195,528294,0.062836,21247,1337278,0.159057,8407551
2,2021-02-21,21796,1881465,17639,951609,4157,929856,0,0,10790,809669,0.096303,10907,539201,0.064133,11592,1348870,0.160436,8407551
2,2021-02-22,39661,1921126,27127,978736,12534,942390,0,0,18811,808476,0.096161,20692,559893,0.066594,19499,1368369,0.162755,8407551
2,2021-02-23,54012,1975138,27570,1006306,26442,968832,0,0,23665,803966,0.095624,30076,589969,0.070171,25566,1393935,0.165796,8407551
2,2021-02-24,71375,2046513,36738,1043044,34637,1003469,0,0,32715,800624,0.095227,38437,628406,0.074743,35095,1429030,0.16997,8407551
2,2021-02-25,77383,2123896,36587,1079631,40796,1044265,0,0,39266,804882,0.095733,37835,666241,0.079243,42093,1471123,0.174976,8407551
2,2021-02-26,85995,2209891,36834,1116465,49161,1093426,0,0,46229,813860,0.096801,39447,705688,0.083935,48425,1519548,0.180736,8407551
2,2021-02-27,63052,2272943,29303,1145768,33741,1127167,8,8,34154,820706,0.097615,28654,734342,0.087343,35500,1555048,0.184958,8407551
2,2021-02-28,31004,2303947,18583,1164351,12420,1139587,1,9,18016,826708,0.098329,12853,747195,0.088872,18855,1573903,0.187201,8407551
2,2021-03-01,58780,2362727,30698,1195049,28027,1167614,55,64,32035,833583,0.099147,26417,773612,0.092014,33292,1607195,0.191161,8407551
2,2021-03-02,70608,2433335,33861,1228910,36736,1204350,11,75,39521,844560,0.100453,30893,804505,0.095688,41870,1649065,0.196141,8407551
2,2021-03-03,81593,2514928,39332,1268242,42245,1246595,16,91,46098,857986,0.102049,35276,839781,0.099884,48702,1697767,0.201934,8407551
2,2021-03-04,89497,2604425,43815,1312057,45651,1292246,31,122,51530,874223,0.103981,37709,877490,0.104369,53946,1751713,0.20835,8407551
2,2021-03-05,83106,2687531,38984,1351041,43812,1336058,310,432,50577,895209,0.106477,32294,909784,0.10821,53280,1804993,0.214687,8407551
2,2021-03-06,63391,2750922,30939,1381980,30747,1366805,1705,2137,38871,912832,0.108573,24378,934162,0.11111,42001,1846994,0.219683,8407551
2,2021-03-07,28671,2779593,16289,1398269,10839,1377644,1543,3680,18174,923237,0.10981,10424,944586,0.11235,20829,1867823,0.22216,8407551
2,2021-03-08,50935,2830528,23347,1421616,25022,1402666,2566,6246,31984,940578,0.111873,18841,963427,0.114591,36182,1904005,0.226464,8407551
2,2021-03-09,70771,2901299,32225,1453841,34688,1437354,3858,10104,39153,953448,0.113404,31473,994900,0.118334,44343,1948348,0.231738,8407551
2,2021-03-10,78766,2980065,37266,1491107,34938,1472292,6562,16666,41770,966332,0.114936,36764,1031664,0.122707,49648,1997996,0.237643,8407551
2,2021-03-11,93503,3073568,43143,1534250,41971,1514263,8389,25055,48744,980415,0.116611,44429,1076093,0.127991,58512,2056508,0.244603,8407551
2,2021-03-12,94434,3168002,38860,1573110,43595,1557858,11979,37034,46981,993581,0.118177,47183,1123276,0.133603,60349,2116857,0.25178,8407551
2,2021-03-13,69359,3237361,29016,1602126,32336,1590194,8007,45041,38094,1009836,0.120111,31124,1154400,0.137305,47379,2164236,0.257416,8407551
2,2021-03-14,37068,3274429,18323,1620449,14224,1604418,4521,49562,18606,1015348,0.120766,18352,1172752,0.139488,23864,2188100,0.260254,8407551
2,2021-03-15,67571,3342000,30494,1650943,32069,1636487,5008,54570,37199,1028507,0.122331,30137,1202889,0.143072,43296,2231396,0.265404,8407551
2,2021-03-16,86519,3428519,38296,1689239,44191,1680678,4032,58602,52160,1051665,0.125086,34141,1237030,0.147133,57299,2288695,0.272219,8407551
2,2021-03-17,93111,3521630,44591,1733830,44316,1724994,4204,62806,58925,1081708,0.128659,33897,1270927,0.151165,63940,2352635,0.279824,8407551
2,2021-03-18,98438,3620068,46956,1780786,46881,1771875,4601,67407,59715,1108180,0.131808,38390,1309317,0.155731,64862,2417497,0.287539,8407551
2,2021-03-19,97713,3717781,46236,1827022,45334,1817209,6143,73550,57680,1132806,0.134737,39707,1349024,0.160454,64333,2481830,0.295191,8407551
2,2021-03-20,70218,3787999,34013,1861035,32221,1849430,3984,77534,45750,1158672,0.137813,24224,1373248,0.163335,50090,2531920,0.301148,8407551
2,2021-03-21,33535,3821534,21648,1882683,9883,1859313,2004,79538,20006,1167737,0.138891,13373,1386621,0.164926,22438,2554358,0.303817,8407551
2,2021-03-22,63004,3884538,34668,1917351,25700,1885013,2636,82174,41678,1191865,0.141761,21080,1407701,0.167433,45208,2599566,0.309194,8407551
2,2021-03-23,84122,3968660,44697,1962048,36505,1921518,2920,85094,52208,1216219,0.144658,31615,1439316,0.171193,55969,2655535,0.315851,8407551
2,2021-03-24,92082,4060742,49453,2011501,39455,1960973,3174,88268,53673,1235817,0.146989,38060,1477376,0.17572,57658,2713193,0.322709,8407551
2,2021-03-25,101724,4162466,51278,2062779,46548,2007521,3898,92166,57170,1253475,0.149089,44169,1521545,0.180974,61827,2775020,0.330063,8407551
2,2021-03-26,103848,4266314,51434,2114213,48914,2056435,3500,95666,56423,1267417,0.150747,47018,1568563,0.186566,60960,2835980,0.337313,8407551
2,2021-03-27,75958,4342272,37886,2152099,34763,2091198,3309,98975,37835,1271572,0.151242,37846,1606409,0.191067,42001,2877981,0.342309,8407551
2,2021-03-28,37881,4380153,23402,2175501,13668,2104866,811,99786,20161,1275804,0.151745,17586,1623995,0.193159,21818,2899799,0.344904,8407551
2,2021-03-29,71845,4451998,36472,2211973,33097,2137963,2276,102062,40647,1288663,0.153274,30967,1654962,0.196842,43826,2943625,0.350117,8407551
2,2021-03-30,92429,4544427,45254,2257227,42794,2180757,4381,106443,51675,1304786,0.155192,40532,1695494,0.201663,56655,3000280,0.356855,8407551
2,2021-03-31,101592,4646019,52343,2309570,44128,2224885,5121,111564,57428,1323849,0.15746,43834,1739328,0.206877,62897,3063177,0.364336,8407551
2,2021-04-01,118039,4764058,56958,2366528,51812,2276697,9269,120833,64060,1344025,0.159859,53540,1792868,0.213245,73716,3136893,0.373104,8407551
2,2021-04-02,112027,4876085,51576,2418104,50220,2326917,10231,131064,59858,1362799,0.162092,51761,1844629,0.219401,70535,3207428,0.381494,8407551
2,2021-04-03,77002,4953087,37837,2455941,29324,2356241,9841,140905,38106,1372428,0.163238,38681,1883310,0.224002,48310,3255738,0.38724,8407551
2,2021-04-04,29037,4982124,14943,2470884,10234,2366475,3860,144765,13012,1373414,0.163355,15913,1899223,0.225895,16899,3272637,0.38925,8407551
2,2021-04-05,79414,5061538,38897,2509781,31659,2398134,8858,153623,38248,1380274,0.164171,40976,1940199,0.230769,47836,3320473,0.394939,8407551
2,2021-04-06,104192,5165730,50732,2560513,38727,2436861,14733,168356,49296,1390085,0.165338,54602,1994801,0.237263,64413,3384886,0.402601,8407551
2,2021-04-07,110771,5276501,55239,2615752,39227,2476088,16305,184661,52050,1400269,0.166549,58409,2053210,0.24421,68593,3453479,0.410759,8407551
2,2021-04-08,119659,5396160,57581,2673333,43288,2519376,18790,203451,55495,1411295,0.16786,63780,2116990,0.251796,74806,3528285,0.419657,8407551
2,2021-04-09,119171,5515331,57326,2730659,43689,2563065,18156,221607,56328,1424146,0.169389,62455,2179445,0.259225,75306,3603591,0.428614,8407551
2,2021-04-10,87771,5603102,37867,2768526,31447,2594512,18457,240064,36131,1428019,0.16985,51372,2230817,0.265335,55245,3658836,0.435185,8407551
2,2021-04-11,44545,5647647,23113,2791639,12954,2607466,8478,248542,18220,1429255,0.169997,26174,2256991,0.268448,27410,3686246,0.438445,8407551
2,2021-04-12,80306,5727953,37377,2829016,33482,2640948,9447,257989,35740,1431139,0.170221,44286,2301277,0.273715,46170,3732416,0.443936,8407551
2,2021-04-13,102154,5830107,53037,2882053,48854,2689802,263,258252,55848,1442126,0.171527,46019,2347296,0.279189,57006,3789422,0.450717,8407551
2,2021-04-14,106994,5937101,56049,2938102,50890,2740692,55,258307,54566,1446076,0.171997,52108,2399404,0.285387,56058,3845480,0.457384,8407551
2,2021-04-15,113328,6050429,60137,2998239,53104,2793796,87,258394,59010,1452332,0.172741,53911,2453315,0.291799,60167,3905647,0.46454,8407551
2,2021-04-16,111025,6161454,57549,3055788,53421,2847217,55,258449,56288,1455162,0.173078,54365,2507680,0.298265,57195,3962842,0.471343,8407551
2,2021-04-17,83658,6245112,42550,3098338,41094,2888311,14,258463,46667,1465977,0.174364,36733,2544413,0.302634,47548,4010390,0.476999,8407551
2,2021-04-18,35935,6281047,21833,3120171,14095,2902406,7,258470,17071,1465317,0.174286,18720,2563133,0.304861,18060,4028450,0.479147,8407551
2,2021-04-19,74999,6356046,40381,3160552,34600,2937006,18,258488,34055,1459350,0.173576,40661,2603794,0.309697,34694,4063144,0.483273,8407551
2,2021-04-20,97676,6453722,49409,3209961,48240,2985246,27,258515,47128,1457064,0.173304,50185,2653979,0.315666,47899,4111043,0.48897,8407551
2,2021-04-21,104091,6557813,56373,3266334,47657,3032903,61,258576,49106,1452711,0.172786,54490,2708469,0.322147,50137,4161180,0.494934,8407551
2,2021-04-22,108597,6666410,56175,3322509,52397,3085300,25,258601,47476,1440434,0.171326,60672,2769141,0.329364,48395,4209575,0.50069,8407551
2,2021-04-23,108185,6774595,57598,3380107,50568,3135868,19,258620,49932,1433495,0.170501,57815,2826956,0.33624,50876,4260451,0.506741,8407551
2,2021-04-24,81115,6855710,47758,3427865,33317,3169185,40,258660,42187,1438099,0.171049,38561,2865517,0.340827,43165,4303616,0.511875,8407551
2,2021-04-25,36660,6892370,22576,3450441,14069,3183254,15,258675,19916,1441911,0.171502,16586,2882103,0.342799,20398,4324014,0.514301,8407551
2,2021-04-26,74443,6966813,41254,3491695,32879,3216133,310,258985,34155,1437822,0.171016,40003,2922106,0.347557,35914,4359928,0.518573,8407551
2,2021-04-27,88508,7055321,46713,3538408,40428,3256561,1367,260352,37893,1428109,0.16986,50215,2972321,0.35353,40502,4400430,0.52339,8407551
2,2021-04-28,88444,7143765,47294,3585702,39278,3295839,1872,262224,38971,1420754,0.168985,49115,3021436,0.359372,41760,4442190,0.528357,8407551
2,2021-04-29,91439,7235204,49821,3635523,39900,3335739,1718,263942,35472,1402987,0.166872,55557,3076993,0.36598,37790,4479980,0.532852,8407551
2,2021-04-30,95097,7330301,52576,3688099,40512,3376251,2009,265951,36899,1384837,0.164713,57715,3134708,0.372844,39565,4519545,0.537558,8407551
2,2021-05-01,62754,7393055,38300,3726399,22863,3399114,1591,267542,24430,1373721,0.163391,37987,3172695,0.377363,26871,4546416,0.540754,8407551
2,2021-05-02,29353,7422408,20442,3746841,7932,3407046,979,268521,11137,1367848,0.162693,18077,3190772,0.379513,12204,4558620,0.542205,8407551
2,2021-05-03,60791,7483199,36113,3782954,22614,3429660,2064,270585,20397,1350466,0.160625,40106,3230878,0.384283,22724,4581344,0.544908,8407551
2,2021-05-04,80195,7563394,47907,3830861,29894,3459554,2394,272979,26018,1325461,0.157651,53811,3284689,0.390683,28806,4610150,0.548334,8407551
2,2021-05-05,80810,7644204,48150,3879011,30308,3489862,2352,275331,25257,1298289,0.154419,55148,3339837,0.397243,27976,4638126,0.551662,8407551
2,2021-05-06,83259,7727463,50562,3929573,29768,3519630,2929,278260,25354,1269801,0.151031,57407,3397244,0.404071,28919,4667045,0.555102,8407551
2,2021-05-07,84032,7811495,48525,3978098,33075,3552705,2432,280692,25839,1240746,0.147575,57783,3455027,0.410943,28728,4695773,0.558519,8407551
2,2021-05-08,55888,7867383,33904,4012002,20258,3572963,1726,282418,17518,1222595,0.145416,38126,3493153,0.415478,19975,4715748,0.560894,8407551
2,2021-05-09,21922,7889305,15785,4027787,5387,3578350,750,283168,6348,1214444,0.144447,15480,3508633,0.417319,7329,4723077,0.561766,8407551
2,2021-05-10,50399,7939704,27478,4055265,21039,3599389,1882,285050,14194,1195189,0.142157,35937,3544570,0.421594,16682,4739759,0.56375,8407551
2,2021-05-11,66538,8006242,36088,4091353,28319,3627708,2131,287181,20027,1171841,0.13938,46195,3590765,0.427088,22847,4762606,0.566468,8407551
2,2021-05-12,65445,8071687,34902,4126255,28311,3656019,2232,289413,19246,1147850,0.136526,45883,3636648,0.432545,21892,4784498,0.569072,8407551
2,2021-05-13,71224,8142911,41401,4167656,27869,3683888,1954,291367,26073,1131772,0.134614,44847,3681495,0.43788,28769,4813267,0.572493,8407551
2,2021-05-14,80191,8223102,48092,4215748,29833,3713721,2266,293633,30803,1116473,0.132794,49012,3730507,0.443709,33713,4846980,0.576503,8407551
2,2021-05-15,66642,8289744,43803,4259551,21118,3734839,1721,295354,25838,1103885,0.131297,40543,3771050,0.448531,27955,4874935,0.579828,8407551
2,2021-05-16,31761,8321505,23762,4283313,7074,3741913,925,296279,12900,1099121,0.13073,18718,3789768,0.450758,13954,4888889,0.581488,8407551
2,2021-05-17,58203,8379708,36883,4320196,19368,3761281,1952,298231,22937,1089367,0.12957,35010,3824778,0.454922,25256,4914145,0.584492,8407551
2,2021-05-18,70366,8450074,41186,4361382,27214,3788495,1966,300197,27938,1077669,0.128179,42144,3866922,0.459934,30446,4944591,0.588113,8407551
2,2021-05-19,68995,8519069,40830,4402212,26151,3814646,2014,302211,27265,1066004,0.126791,41411,3908333,0.46486,29746,4974337,0.591651,8407551
2,2021-05-20,69705,8588774,40439,4442651,27074,3841720,2192,304403,26481,1052387,0.125172,42880,3951213,0.46996,29263,5003600,0.595132,8407551
2,2021-05-21,73080,8661854,43147,4485798,27770,3869490,2163,306566,27719,1037831,0.12344,44993,3996206,0.475312,30437,5034037,0.598752,8407551
2,2021-05-22,53533,8715387,33926,4519724,17832,3887322,1775,308341,22296,1031438,0.12268,31001,4027207,0.478999,24608,5058645,0.601679,8407551
2,2021-05-23,24419,8739806,16659,4536383,7034,3894356,726,309067,10235,1028485,0.122329,14054,4041261,0.48067,11101,5069746,0.602999,8407551
2,2021-05-24,44771,8784577,25431,4561814,17571,3911927,1769,310836,17163,1020376,0.121364,27383,4068644,0.483927,19274,5089020,0.605292,8407551
2,2021-05-25,50749,8835326,29700,4591514,19183,3931110,1866,312702,19265,1010870,0.120234,31178,4099822,0.487636,21672,5110692,0.607869,8407551
2,2021-05-26,48705,8884031,27280,4618794,19739,3950849,1686,314388,19000,1002525,0.119241,29373,4129195,0.491129,21028,5131720,0.61037,8407551
2,2021-05-27,46574,8930605,26401,4645195,18441,3969290,1732,316120,18563,995562,0.118413,27763,4156958,0.494431,20800,5152520,0.612844,8407551
2,2021-05-28,50035,8980640,27641,4672836,20425,3989715,1969,318089,20977,990143,0.117768,28795,4185753,0.497856,23376,5175896,0.615625,8407551
2,2021-05-29,28983,9009623,17368,4690204,10555,4000270,1060,319149,13220,988987,0.117631,15608,4201361,0.499713,14452,5190348,0.617344,8407551
2,2021-05-30,12677,9022300,8174,4698378,3740,4004010,763,319912,5526,988251,0.117543,7091,4208452,0.500556,6355,5196703,0.618099,8407551
2,2021-05-31,5892,9028192,3441,4701819,2148,4006158,303,320215,1828,986427,0.117326,4004,4212456,0.501032,2180,5198883,0.618359,8407551
2,2021-06-01,44786,9072978,25717,4727536,17406,4023564,1663,321878,15565,975123,0.115982,28908,4241364,0.504471,17604,5216487,0.620453,8407551
2,2021-06-02,38223,9111201,22488,4750024,14326,4037890,1409,323287,14935,968747,0.115223,23021,4264385,0.507209,16645,5233132,0.622432,8407551
2,2021-06-03,41392,9152593,26646,4776670,13275,4051165,1471,324758,13894,957241,0.113855,27254,4291639,0.510451,15748,5248880,0.624305,8407551
2,2021-06-04,48024,9200617,31383,4808053,15101,4066266,1540,326298,15465,942515,0.112103,32255,4323894,0.514287,17529,5266409,0.62639,8407551
2,2021-06-05,37890,9238507,27027,4835080,9399,4075665,1464,327762,11774,930293,0.11065,25880,4349774,0.517365,13658,5280067,0.628015,8407551
2,2021-06-06,14913,9253420,12235,4847315,2099,4077764,579,328341,4646,925506,0.11008,10201,4359975,0.518578,5414,5285481,0.628659,8407551
2,2021-06-07,33299,9286719,23295,4870610,8727,4086491,1277,329618,10789,915460,0.108885,22357,4382332,0.521238,12311,5297792,0.630123,8407551
2,2021-06-08,40631,9327350,28759,4899369,10505,4096996,1367,330985,12444,901708,0.10725,27943,4410275,0.524561,14191,5311983,0.631811,8407551
2,2021-06-09,38140,9365490,26629,4925998,10014,4107010,1497,332482,11511,888609,0.105692,26434,4436709,0.527705,13335,5325318,0.633397,8407551
2,2021-06-10,37761,9403251,26254,4952252,9981,4116991,1526,334008,11570,876184,0.104214,25994,4462703,0.530797,13569,5338887,0.635011,8407551
2,2021-06-11,41262,9444513,27386,4979638,12205,4129196,1671,335679,13189,863536,0.10271,27808,4490511,0.534105,15160,5354047,0.636814,8407551
2,2021-06-12,29406,9473919,21639,5001277,6855,4136051,912,336591,8665,852739,0.101425,20602,4511113,0.536555,9805,5363852,0.63798,8407551
2,2021-06-13,12215,9486134,8918,5010195,2678,4138729,619,337210,3099,847572,0.100811,9053,4520166,0.537632,3886,5367738,0.638443,8407551
2,2021-06-14,29906,9516040,21223,5031418,7487,4146216,1196,338406,10357,839955,0.099905,19379,4539545,0.539937,11762,5379500,0.639841,8407551
2,2021-06-15,35558,9551598,23657,5055075,9854,4156070,2047,340453,11948,830956,0.098834,23370,4562915,0.542716,14371,5393871,0.641551,8407551
2,2021-06-16,33005,9584603,22779,5077854,8434,4164504,1792,342245,11388,822997,0.097888,21449,4584364,0.545267,13490,5407361,0.643155,8407551
2,2021-06-17,30817,9615420,20580,5098434,8440,4172944,1797,344042,10880,816121,0.09707,19763,4604127,0.547618,12887,5420248,0.644688,8407551
2,2021-06-18,34721,9650141,22878,5121312,9968,4182912,1875,345917,12653,809057,0.09623,21851,4625978,0.550217,14787,5435035,0.646447,8407551
2,2021-06-19,20926,9671067,14569,5135881,5097,4188009,1260,347177,7898,805548,0.095812,12865,4638843,0.551747,9356,5444391,0.64756,8407551
2,2021-06-20,8281,9679348,5917,5141798,1899,4189908,465,347642,3062,803967,0.095624,5176,4644019,0.552363,3595,5447986,0.647987,8407551
2,2021-06-21,19327,9698675,11822,5153620,6183,4196091,1322,348964,9875,806010,0.095867,9333,4653352,0.553473,11376,5459362,0.64934,8407551
2,2021-06-22,26879,9725554,18406,5172026,7095,4203186,1378,350342,10535,802020,0.095393,16178,4669530,0.555397,12188,5471550,0.65079,8407551
2,2021-06-23,25889,9751443,17872,5189898,6395,4209581,1622,351964,10539,799267,0.095065,15210,4684740,0.557206,12457,5484007,0.652272,8407551
2,2021-06-24,25321,9776764,17236,5207134,6566,4216147,1519,353483,10445,796734,0.094764,14729,4699469,0.558958,12196,5496203,0.653722,8407551
2,2021-06-25,28712,9805476,19466,5226600,7755,4223902,1491,354974,11993,793894,0.094426,16560,4716029,0.560928,13720,5509923,0.655354,8407551
2,2021-06-26,18503,9823979,13633,5240233,3942,4227844,928,355902,7528,791715,0.094167,10886,4726915,0.562223,8707,5518630,0.65639,8407551
2,2021-06-27,8785,9832764,6706,5246939,1632,4229476,447,356349,3521,790594,0.094034,5212,4732127,0.562842,4091,5522721,0.656876,8407551
2,2021-06-28,19743,9852507,15000,5261939,3503,4232979,1240,357589,8696,789804,0.09394,10916,4743043,0.564141,10126,5532847,0.658081,8407551
2,2021-06-29,22621,9875128,15767,5277706,5782,4238761,1072,358661,9634,787894,0.093713,12852,4755895,0.565669,10942,5543789,0.659382,8407551
2,2021-06-30,21848,9896976,15484,5293190,5340,4244101,1024,359685,9721,786876,0.093592,11990,4767885,0.567096,10972,5554761,0.660687,8407551
2,2021-07-01,19722,9916698,13933,5307123,4912,4249013,877,360562,8759,785875,0.093473,10841,4778726,0.568385,9840,5564601,0.661858,8407551
2,2021-07-02,22666,9939364,15635,5322758,6006,4255019,1025,361587,10002,784596,0.09332,12507,4791233,0.569873,11228,5575829,0.663193,8407551
2,2021-07-03,12455,9951819,8984,5331742,3001,4258020,470,362057,5691,784209,0.093274,6668,4797901,0.570666,6281,5582110,0.66394,8407551
2,2021-07-04,998,9952817,589,5332331,342,4258362,67,362124,432,784176,0.09327,555,4798456,0.570732,522,5582632,0.664002,8407551
2,2021-07-05,10998,9963815,8050,5340381,2540,4260902,408,362532,5039,783854,0.093232,5895,4804351,0.571433,5573,5588205,0.664665,8407551
2,2021-07-06,23538,9987353,17118,5357499,5445,4266347,975,363507,9087,779883,0.09276,14310,4818661,0.573135,10339,5598544,0.665895,8407551
2,2021-07-07,20446,10007799,14585,5372084,4764,4271111,1097,364604,8677,778292,0.092571,11629,4830290,0.574518,10038,5608582,0.667089,8407551
2,2021-07-08,19010,10026809,13244,5385328,4737,4275848,1029,365633,8015,776647,0.092375,10894,4841184,0.575814,9249,5617831,0.668189,8407551
2,2021-07-09,22320,10049129,15451,5400779,5625,4281473,1244,366877,9417,774741,0.092148,12772,4853956,0.577333,10866,5628697,0.669481,8407551
2,2021-07-10,14096,10063225,10392,5411171,3019,4284492,685,367562,6171,773923,0.092051,7833,4861789,0.578265,7015,5635712,0.670316,8407551
2,2021-07-11,6539,10069764,4802,5415973,1388,4285880,349,367911,3080,774007,0.092061,3415,4865204,0.578671,3499,5639211,0.670732,8407551
2,2021-07-12,18091,10087855,13293,5429266,3932,4289812,866,368777,7778,772648,0.091899,10202,4875406,0.579884,8843,5648054,0.671783,8407551
2,2021-07-13,19336,10107191,13643,5442909,4809,4294621,884,369661,8637,771807,0.091799,10559,4885965,0.58114,9718,5657772,0.672939,8407551
2,2021-07-14,18502,10125693,13221,5456130,4503,4299124,778,370439,8259,770935,0.091696,10119,4896084,0.582344,9247,5667019,0.674039,8407551
2,2021-07-15,18631,10144324,13523,5469653,4414,4303538,694,371133,8464,770250,0.091614,10056,4906140,0.58354,9371,5676390,0.675154,8407551
2,2021-07-16,22576,10166900,16255,5485908,5496,4309034,825,371958,10790,770411,0.091633,11656,4917796,0.584926,11817,5688207,0.676559,8407551
2,2021-07-17,14183,10181083,10331,5496239,3322,4312356,530,372488,6852,770687,0.091666,7240,4925036,0.585787,7516,5695723,0.677453,8407551
2,2021-07-18,6966,10188049,5205,5501444,1435,4313791,326,372814,3532,771222,0.09173,3391,4928427,0.586191,3926,5699649,0.67792,8407551
2,2021-07-19,18219,10206268,13577,5515021,3913,4317704,729,373543,9028,772086,0.091832,9078,4937505,0.58727,9942,5709591,0.679103,8407551
2,2021-07-20,20574,10226842,14663,5529684,5080,4322784,831,374374,10404,773500,0.092001,10040,4947545,0.588464,11454,5721045,0.680465,8407551
2,2021-07-21,20115,10246957,14637,5544321,4720,4327504,758,375132,10410,775285,0.092213,9580,4957125,0.589604,11365,5732410,0.681817,8407551
2,2021-07-22,20047,10267004,14315,5558636,4891,4332395,841,375973,10706,777808,0.092513,9198,4966323,0.590698,11721,5744131,0.683211,8407551
2,2021-07-23,24068,10291072,16847,5575483,6189,4338584,1032,377005,13115,781347,0.092934,10805,4977128,0.591983,14344,5758475,0.684917,8407551
2,2021-07-24,14601,10305673,10532,5586015,3578,4342162,491,377496,8150,783756,0.09322,6346,4983474,0.592738,8755,5767230,0.685958,8407551
2,2021-07-25,6587,10312260,4836,5590851,1615,4343777,136,377632,4871,787129,0.093622,1673,4985147,0.592937,5046,5772276,0.686559,8407551
2,2021-07-26,18696,10330956,13208,5604059,4733,4348510,755,378387,11833,793098,0.094332,6747,4991894,0.593739,12716,5784992,0.688071,8407551
2,2021-07-27,22392,10353348,16206,5620265,5348,4353858,838,379225,13130,798103,0.094927,9113,5001007,0.594823,14118,5799110,0.68975,8407551
2,2021-07-28,22297,10375645,15963,5636228,5448,4359306,886,380111,13180,803396,0.095556,8956,5009963,0.595889,14249,5813359,0.691445,8407551
2,2021-07-29,21046,10396691,15113,5651341,5073,4364379,860,380971,12708,808910,0.096212,8202,5018165,0.596864,13716,5827075,0.693076,8407551
2,2021-07-30,25643,10422334,18312,5669653,6424,4370803,907,381878,15379,815323,0.096975,10076,5028241,0.598063,16489,5843564,0.695038,8407551
2,2021-07-31,15460,10437794,11411,5681064,3562,4374365,487,382365,9360,819327,0.097451,5978,5034219,0.598774,9982,5853546,0.696225,8407551
2,2021-08-01,7891,10445685,6091,5687155,1634,4375999,166,382531,5151,822019,0.097772,2686,5036905,0.599093,5378,5858924,0.696865,8407551
2,2021-08-02,20910,10466595,15762,5702917,4414,4380413,734,383265,13259,828612,0.098556,7514,5044419,0.599987,14107,5873031,0.698542,8407551
2,2021-08-03,23559,10490154,17211,5720128,5379,4385792,969,384234,14657,835608,0.099388,8757,5053176,0.601028,15753,5888784,0.700416,8407551
2,2021-08-04,22171,10512325,16473,5736601,4892,4390684,806,385040,13846,842164,0.100168,8195,5061371,0.602003,14751,5903535,0.702171,8407551
2,2021-08-05,22083,10534408,16215,5752816,5020,4395704,848,385888,13660,848519,0.100923,8268,5069639,0.602986,14623,5918158,0.70391,8407551
2,2021-08-06,24540,10558948,18005,5770821,5642,4401346,893,386781,14932,855009,0.101695,9439,5079078,0.604109,15929,5934087,0.705804,8407551
2,2021-08-07,9895,10568843,7155,5777976,2257,4403603,483,387264,5874,857452,0.101986,3947,5083025,0.604579,6390,5940477,0.706564,8407551
3,2020-12-15,322,322,322,322,0,0,0,0,322,322,4e-05,0,0,0.0,322,322,4e-05,8129050
3,2020-12-16,2467,2789,2467,2789,0,0,0,0,2468,2790,0.000343,0,0,0.0,2468,2790,0.000343,8129050
3,2020-12-17,7858,10647,7858,10647,0,0,0,0,7858,10648,0.00131,0,0,0.0,7858,10648,0.00131,8129050
3,2020-12-18,13473,24120,13454,24101,19,19,0,0,13472,24120,0.002967,0,0,0.0,13472,24120,0.002967,8129050
3,2020-12-19,7271,31391,7258,31359,13,32,0,0,7334,31454,0.003869,0,0,0.0,7334,31454,0.003869,8129050
3,2020-12-20,5669,37060,5659,37018,10,42,0,0,5716,37169,0.004572,1,1,0.0,5716,37170,0.004572,8129050
3,2020-12-21,14392,51452,14366,51384,26,68,0,0,14456,51624,0.006351,1,2,0.0,14456,51626,0.006351,8129050
3,2020-12-22,14847,66299,14266,65650,581,649,0,0,14884,66505,0.008181,3,5,1e-06,14884,66510,0.008182,8129050
3,2020-12-23,14865,81164,12259,77909,2606,3255,0,0,14881,81385,0.010012,2,7,1e-06,14882,81392,0.010012,8129050
3,2020-12-24,6801,87965,4877,82786,1924,5179,0,0,6798,88181,0.010848,2,9,1e-06,6798,88190,0.010849,8129050
3,2020-12-25,724,88689,666,83452,58,5237,0,0,722,88903,0.010936,0,9,1e-06,722,88912,0.010938,8129050
3,2020-12-26,4625,93314,3000,86452,1625,6862,0,0,4623,93526,0.011505,0,9,1e-06,4623,93535,0.011506,8129050
3,2020-12-27,2987,96301,1855,88307,1132,7994,0,0,2987,96513,0.011873,0,9,1e-06,2987,96522,0.011874,8129050
3,2020-12-28,13659,109960,8739,97046,4920,12914,0,0,13683,110195,0.013556,1,10,1e-06,13683,110205,0.013557,8129050
3,2020-12-29,15155,125115,8548,105594,6607,19521,0,0,15181,125374,0.015423,2,12,1e-06,15181,125386,0.015424,8129050
3,2020-12-30,18166,143281,10126,115720,8040,27561,0,0,18171,143544,0.017658,2,14,2e-06,18172,143558,0.01766,8129050
3,2020-12-31,8460,151741,3246,118966,5214,32775,0,0,8459,152001,0.018698,2,16,2e-06,8459,152017,0.0187,8129050
3,2021-01-01,1624,153365,774,119740,850,33625,0,0,1620,153620,0.018898,1,17,2e-06,1620,153637,0.0189,8129050
3,2021-01-02,4948,158313,2428,122168,2520,36145,0,0,4948,158568,0.019506,0,17,2e-06,4948,158585,0.019508,8129050
3,2021-01-03,1621,159934,853,123021,768,36913,0,0,1612,160178,0.019704,2,19,2e-06,1612,160197,0.019707,8129050
3,2021-01-04,12063,171997,5972,128993,6091,43004,0,0,12034,172204,0.021184,8,27,3e-06,12034,172231,0.021187,8129050
3,2021-01-05,15763,187760,8163,137156,7600,50604,0,0,14084,184655,0.022715,1663,1690,0.000208,14114,186345,0.022923,8129050
3,2021-01-06,20646,208406,10922,148078,9724,60328,0,0,16076,196218,0.024138,4523,6213,0.000764,16086,202431,0.024902,8129050
3,2021-01-07,26693,235099,15261,163339,11432,71760,0,0,17203,203985,0.025093,9453,15666,0.001927,17220,219651,0.027021,8129050
3,2021-01-08,30720,265819,18777,182116,11943,83703,0,0,18207,209723,0.025799,12492,28158,0.003464,18230,237881,0.029263,8129050
3,2021-01-09,12470,278289,7052,189168,5418,89121,0,0,7932,213133,0.026219,4531,32689,0.004021,7941,245822,0.03024,8129050
3,2021-01-10,7241,285530,4491,193659,2750,91871,0,0,4078,214056,0.026332,3161,35850,0.00441,4084,249906,0.030742,8129050
3,2021-01-11,29202,314732,19107,212766,10095,101966,0,0,16535,217979,0.026815,12659,48509,0.005967,16582,266488,0.032782,8129050
3,2021-01-12,32674,347406,19510,232276,13164,115130,0,0,20017,225509,0.027741,12635,61144,0.007522,20165,286653,0.035263,8129050
3,2021-01-13,34622,382028,18072,250348,16550,131680,0,0,24378,239680,0.029484,10229,71373,0.00878,24400,311053,0.038264,8129050
3,2021-01-14,34813,416841,14229,264577,20584,152264,0,0,28874,262695,0.032316,5897,77270,0.009505,28912,339965,0.041821,8129050
3,2021-01-15,39067,455908,14472,279049,24595,176859,0,0,34360,292442,0.035975,4686,81956,0.010082,34433,374398,0.046057,8129050
3,2021-01-16,21815,477723,7443,286492,14372,191231,0,0,19474,309609,0.038087,2330,84286,0.010368,19497,393895,0.048455,8129050
3,2021-01-17,13164,490887,4466,290958,8698,199929,0,0,12082,320630,0.039442,1081,85367,0.010501,12102,405997,0.049944,8129050
3,2021-01-18,24814,515701,12966,303924,11848,211777,0,0,19193,334257,0.041119,5610,90977,0.011192,19237,425234,0.05231,8129050
3,2021-01-19,41176,556877,20919,324843,20257,232034,0,0,31972,357150,0.043935,9167,100144,0.012319,32060,457294,0.056254,8129050
3,2021-01-20,46287,603164,23054,347897,23233,255267,0,0,36690,384376,0.047284,9549,109693,0.013494,36775,494069,0.060778,8129050
3,2021-01-21,48180,651344,20899,368796,27281,282548,0,0,42636,421615,0.051865,5476,115169,0.014168,42715,536784,0.066033,8129050
3,2021-01-22,49865,701209,19868,388664,29997,312545,0,0,45627,463106,0.056969,4209,119378,0.014685,45700,582484,0.071655,8129050
3,2021-01-23,30406,731615,12823,401487,17583,330128,0,0,27098,486959,0.059904,3300,122678,0.015091,27153,609637,0.074995,8129050
3,2021-01-24,17910,749525,8501,409988,9409,339537,0,0,16718,502520,0.061818,1189,123867,0.015238,16750,626387,0.077055,8129050
3,2021-01-25,40939,790464,18240,428228,22699,362236,0,0,30930,523560,0.064406,9981,133848,0.016465,31021,657408,0.080871,8129050
3,2021-01-26,47450,837914,22644,450872,24806,387042,0,0,37210,550669,0.067741,10208,144056,0.017721,37317,694725,0.085462,8129050
3,2021-01-27,51567,889481,24542,475414,27025,414067,0,0,40837,580930,0.071463,10658,154714,0.019032,40919,735644,0.090496,8129050
3,2021-01-28,52057,941538,24144,499558,27913,441980,0,0,43068,615154,0.075674,8903,163617,0.020127,43127,778771,0.095801,8129050
3,2021-01-29,51185,992723,24544,524102,26641,468621,0,0,41378,646955,0.079586,9629,173246,0.021312,41430,820201,0.100898,8129050
3,2021-01-30,37448,1030171,17777,541879,19671,488292,0,0,32717,675083,0.083046,4676,177922,0.021887,32804,853005,0.104933,8129050
3,2021-01-31,22511,1052682,12804,554683,9707,497999,0,0,21088,694784,0.085469,1408,179330,0.02206,21109,874114,0.10753,8129050
3,2021-02-01,46073,1098755,21069,575752,25004,523003,0,0,35112,719021,0.088451,10909,190239,0.023402,35146,909260,0.111853,8129050
3,2021-02-02,54633,1153388,22782,598534,31851,554854,0,0,42113,748763,0.09211,12421,202660,0.02493,42163,951423,0.11704,8129050
3,2021-02-03,60233,1213621,26727,625261,33506,588360,0,0,44767,778269,0.095739,15334,217994,0.026817,44840,996263,0.122556,8129050
3,2021-02-04,64604,1278225,27959,653220,36645,625005,0,0,47288,808557,0.099465,17117,235111,0.028922,47405,1043668,0.128387,8129050
3,2021-02-05,70576,1348801,29814,683034,40762,665767,0,0,48713,835833,0.102821,21619,256730,0.031582,48895,1092563,0.134402,8129050
3,2021-02-06,43764,1392565,20984,704018,22780,688547,0,0,34084,860469,0.105851,9634,266364,0.032767,34270,1126833,0.138618,8129050
3,2021-02-07,19777,1412342,12578,716596,7199,695746,0,0,15164,871166,0.107167,4593,270957,0.033332,15290,1142123,0.140499,8129050
3,2021-02-08,51673,1464015,24956,741552,26717,722463,0,0,33848,887523,0.109179,17684,288641,0.035507,34041,1176164,0.144687,8129050
3,2021-02-09,58928,1522943,28532,770084,30396,752859,0,0,34444,898112,0.110482,24205,312846,0.038485,34794,1210958,0.148967,8129050
3,2021-02-10,68538,1591481,31902,801986,36636,789495,0,0,36724,903830,0.111185,31516,344362,0.042362,37234,1248192,0.153547,8129050
3,2021-02-11,70974,1662455,34879,836865,36095,825590,0,0,37688,909128,0.111837,32935,377297,0.046413,38233,1286425,0.15825,8129050
3,2021-02-12,75819,1738274,32698,869563,43121,868711,0,0,41748,917895,0.112915,33758,411055,0.050566,42525,1328950,0.163482,8129050
3,2021-02-13,45338,1783612,20543,890106,24795,893506,0,0,26077,925411,0.11384,19143,430198,0.052921,26659,1355609,0.166761,8129050
3,2021-02-14,27455,1811067,13720,903826,13735,907241,0,0,15218,928914,0.114271,12169,442367,0.054418,15672,1371281,0.168689,8129050
3,2021-02-15,40346,1851413,17373,921199,22973,930214,0,0,22264,934152,0.114915,17969,460336,0.056629,23207,1394488,0.171544,8129050
3,2021-02-16,70582,1921995,33394,954593,37188,967402,0,0,36613,937979,0.115386,33820,494156,0.060789,37647,1432135,0.176175,8129050
3,2021-02-17,72440,1994435,36590,991183,35850,1003252,0,0,34303,935461,0.115076,37896,532052,0.065451,35378,1467513,0.180527,8129050
3,2021-02-18,77543,2071978,40487,1031670,37056,1040308,0,0,35814,931094,0.114539,41526,573578,0.070559,37159,1504672,0.185098,8129050
3,2021-02-19,69659,2141637,40143,1071813,29516,1069824,0,0,35123,932549,0.114718,34368,607946,0.074787,35823,1540495,0.189505,8129050
3,2021-02-20,43307,2184944,27337,1099150,15970,1085794,0,0,22609,935092,0.115031,20573,628519,0.077318,23116,1563611,0.192349,8129050
3,2021-02-21,24313,2209257,19549,1118699,4764,1090558,0,0,11831,934930,0.115011,12385,640904,0.078841,12223,1575834,0.193852,8129050
3,2021-02-22,47740,2256997,31094,1149793,16646,1107204,0,0,22341,932509,0.114713,25247,666151,0.081947,22826,1598660,0.19666,8129050
3,2021-02-23,63783,2320780,34667,1184460,29116,1136320,0,0,27791,926536,0.113978,35759,701910,0.086346,29786,1628446,0.200324,8129050
3,2021-02-24,80005,2400785,39318,1223778,40687,1177007,0,0,35324,919969,0.113171,44416,746326,0.09181,37849,1666295,0.20498,8129050
3,2021-02-25,89693,2490478,43679,1267457,46014,1223021,0,0,44626,922450,0.113476,44751,791077,0.097315,47232,1713527,0.210791,8129050
3,2021-02-26,100682,2591160,46054,1313511,54628,1277649,0,0,53110,930637,0.114483,47133,838210,0.103113,55320,1768847,0.217596,8129050
3,2021-02-27,71379,2662539,32805,1346316,38570,1316219,4,4,37684,936190,0.115166,33448,871658,0.107228,39001,1807848,0.222394,8129050
3,2021-02-28,41590,2704129,24020,1370336,17566,1333785,4,8,21324,938417,0.11544,20055,891713,0.109695,22282,1830130,0.225135,8129050
3,2021-03-01,70133,2774262,37225,1407561,32867,1366652,41,49,38922,947767,0.11659,30956,922669,0.113503,40306,1870436,0.230093,8129050
3,2021-03-02,81658,2855920,40274,1447835,41376,1408028,8,57,47065,962506,0.118403,34418,957087,0.117737,49157,1919593,0.23614,8129050
3,2021-03-03,91616,2947536,43838,1491673,47753,1455781,25,82,51137,975711,0.120028,40231,997318,0.122686,53436,1973029,0.242713,8129050
3,2021-03-04,96076,3043612,46977,1538650,49078,1504859,21,103,54321,990839,0.121889,41494,1038812,0.12779,56622,2029651,0.249679,8129050
3,2021-03-05,92318,3135930,45144,1583794,46880,1551739,294,397,55994,1013329,0.124655,36038,1074850,0.132223,58528,2088179,0.256879,8129050
3,2021-03-06,66208,3202138,33550,1617344,30491,1582230,2167,2564,37766,1026436,0.126268,28281,1103131,0.135702,41388,2129567,0.26197,8129050
3,2021-03-07,39275,3241413,22704,1640048,14673,1596903,1898,4462,22080,1034464,0.127255,17111,1120242,0.137807,25139,2154706,0.265062,8129050
3,2021-03-08,60351,3301764,28747,1668795,28597,1625500,3007,7469,38162,1055138,0.129798,22019,1142261,0.140516,42693,2197399,0.270314,8129050
3,2021-03-09,77557,3379321,35805,1704600,37264,1662764,4488,11957,41622,1066599,0.131208,35778,1178039,0.144917,47239,2244638,0.276126,8129050
3,2021-03-10,83669,3462990,41662,1746262,35865,1698629,6142,18099,43662,1078004,0.132611,39766,1217805,0.149809,51171,2295809,0.28242,8129050
3,2021-03-11,97899,3560889,47861,1794123,41375,1740004,8663,26762,47892,1085885,0.133581,49710,1267515,0.155924,57591,2353400,0.289505,8129050
3,2021-03-12,102565,3663454,45696,1839819,44946,1784950,11923,38685,47030,1090636,0.134165,55274,1322789,0.162724,60025,2413425,0.296889,8129050
3,2021-03-13,70834,3734288,29817,1869636,33717,1818667,7300,45985,37421,1103410,0.135737,33264,1356053,0.166816,46038,2459463,0.302552,8129050
3,2021-03-14,41438,3775726,21639,1891275,16230,1834897,3569,49554,20860,1107964,0.136297,20487,1376540,0.169336,25041,2484504,0.305633,8129050
3,2021-03-15,76091,3851817,36078,1927353,35440,1870337,4573,54127,40051,1117770,0.137503,35793,1412333,0.173739,45599,2530103,0.311242,8129050
3,2021-03-16,95478,3947295,44020,1971373,47112,1917449,4346,58473,53558,1134898,0.13961,41655,1453988,0.178863,58783,2588886,0.318473,8129050
3,2021-03-17,98836,4046131,47990,2019363,46287,1963736,4559,63032,59906,1161321,0.142861,38671,1492659,0.18362,65094,2653980,0.326481,8129050
3,2021-03-18,104166,4150297,52932,2072295,46690,2010426,4544,67576,59640,1181819,0.145382,44208,1536867,0.189059,64706,2718686,0.334441,8129050
3,2021-03-19,103726,4254023,55613,2127908,43632,2054058,4481,72057,57642,1198686,0.147457,45781,1582648,0.19469,62648,2781334,0.342147,8129050
3,2021-03-20,72292,4326315,37273,2165181,31342,2085400,3677,75734,44410,1219599,0.15003,27662,1610310,0.198093,48575,2829909,0.348123,8129050
3,2021-03-21,36433,4362748,24765,2189946,10156,2095556,1512,77246,21873,1229013,0.151188,14447,1624757,0.19987,23861,2853770,0.351058,8129050
3,2021-03-22,70894,4433642,41676,2231622,26689,2122245,2529,79775,45026,1251969,0.154012,25611,1650368,0.203021,48567,2902337,0.357033,8129050
3,2021-03-23,90269,4523911,49922,2281544,37797,2160042,2550,82325,54999,1275229,0.156873,34980,1685348,0.207324,58240,2960577,0.364197,8129050
3,2021-03-24,99312,4623223,57135,2338679,39237,2199279,2940,85265,56139,1292118,0.158951,42785,1728133,0.212587,59674,3020251,0.371538,8129050
3,2021-03-25,108006,4731229,59974,2398653,45045,2244324,2987,88252,60448,1308990,0.161026,47193,1775326,0.218393,64065,3084316,0.379419,8129050
3,2021-03-26,111379,4842608,59726,2458379,48291,2292615,3362,91614,57004,1316180,0.161911,54005,1829331,0.225036,61195,3145511,0.386947,8129050
3,2021-03-27,75038,4917646,38124,2496503,34356,2326971,2558,94172,36110,1316835,0.161991,38674,1868005,0.229794,39329,3184840,0.391785,8129050
3,2021-03-28,44622,4962268,28118,2524621,15691,2342662,813,94985,22404,1318601,0.162208,22090,1890095,0.232511,23856,3208696,0.39472,8129050
3,2021-03-29,81259,5043527,42442,2567063,36956,2379618,1861,96846,44197,1328695,0.16345,36780,1926875,0.237036,46874,3255570,0.400486,8129050
3,2021-03-30,100836,5144363,49548,2616611,47639,2427257,3649,100495,56177,1344735,0.165423,44382,1971257,0.242495,60422,3315992,0.407919,8129050
3,2021-03-31,105545,5249908,56906,2673517,43766,2471023,4873,105368,56144,1356933,0.166924,49134,2020391,0.24854,61332,3377324,0.415464,8129050
3,2021-04-01,124267,5374175,62797,2736314,51678,2522701,9792,115160,66649,1376449,0.169325,57169,2077560,0.255572,76685,3454009,0.424897,8129050
3,2021-04-02,118421,5492596,57773,2794087,50261,2572962,10387,125547,62157,1393475,0.171419,55943,2133503,0.262454,72969,3526978,0.433873,8129050
3,2021-04-03,76365,5568961,39081,2833168,28024,2600986,9260,134807,37931,1402675,0.172551,38265,2171768,0.267161,47465,3574443,0.439712,8129050
3,2021-04-04,32509,5601470,17392,2850560,10878,2611864,4239,139046,14182,1402859,0.172574,18244,2190012,0.269406,18428,3592871,0.441979,8129050
3,2021-04-05,89958,5691428,45635,2896195,35034,2646898,9289,148335,43588,1410395,0.173501,46123,2236135,0.275079,53659,3646530,0.44858,8129050
3,2021-04-06,113917,5805345,55392,2951587,43248,2690146,15277,163612,53331,1419363,0.174604,60285,2296420,0.282495,69253,3715783,0.457099,8129050
3,2021-04-07,116725,5922070,60362,3011949,40005,2730151,16358,179970,56230,1431965,0.176154,60214,2356634,0.289903,72816,3788599,0.466057,8129050
3,2021-04-08,121844,6043914,60643,3072592,40962,2771113,20239,200209,56378,1444148,0.177653,65136,2421770,0.297916,77319,3865918,0.475568,8129050
3,2021-04-09,119012,6162926,59226,3131818,40527,2811640,19259,219468,52162,1449833,0.178352,66576,2488346,0.306105,72261,3938179,0.484457,8129050
3,2021-04-10,84689,6247615,37981,3169799,31361,2843001,15347,234815,34393,1450248,0.178403,50094,2538440,0.312268,50509,3988688,0.490671,8129050
3,2021-04-11,45428,6293043,24331,3194130,13054,2856055,8043,242858,17244,1448251,0.178157,28081,2566521,0.315722,26084,4014772,0.49388,8129050
3,2021-04-12,84313,6377356,42581,3236711,32879,2888934,8853,251711,38024,1450174,0.178394,46028,2612549,0.321384,47951,4062723,0.499778,8129050
3,2021-04-13,105894,6483250,57322,3294033,48365,2937299,207,251918,55702,1457044,0.179239,49924,2662473,0.327526,56794,4119517,0.506765,8129050
3,2021-04-14,108030,6591280,59064,3353097,48865,2986164,101,252019,53639,1458149,0.179375,54074,2716547,0.334178,55179,4174696,0.513553,8129050
3,2021-04-15,119628,6710908,67243,3420340,52304,3038468,81,252100,63659,1467080,0.180474,55616,2772163,0.341019,64547,4239243,0.521493,8129050
3,2021-04-16,115942,6826850,64988,3485328,50861,3089329,93,252193,60306,1472844,0.181183,55303,2827466,0.347822,61067,4300310,0.529005,8129050
3,2021-04-17,79758,6906608,43448,3528776,36295,3125624,15,252208,44323,1482971,0.182429,35183,2862649,0.35215,45310,4345620,0.534579,8129050
3,2021-04-18,38925,6945533,23504,3552280,15414,3141038,7,252215,18209,1481471,0.182244,20590,2883239,0.354683,19090,4364710,0.536927,8129050
3,2021-04-19,79464,7024997,44194,3596474,35213,3176251,57,252272,35650,1474094,0.181337,43592,2926831,0.360046,36215,4400925,0.541382,8129050
3,2021-04-20,101094,7126091,53160,3649634,47916,3224167,18,252290,48746,1471819,0.181057,52063,2978894,0.36645,49788,4450713,0.547507,8129050
3,2021-04-21,106282,7232373,59675,3709309,46534,3270701,73,252363,50040,1467172,0.180485,55843,3034737,0.37332,51196,4501909,0.553805,8129050
3,2021-04-22,112433,7344806,63163,3772472,49243,3319944,27,252390,48210,1452525,0.178683,63843,3098580,0.381174,49196,4551105,0.559857,8129050
3,2021-04-23,106751,7451557,61063,3833535,45657,3365601,31,252421,46698,1440590,0.177215,59675,3158255,0.388515,47740,4598845,0.56573,8129050
3,2021-04-24,74268,7525825,45829,3879364,28367,3393968,72,252493,36106,1439900,0.17713,37862,3196117,0.393172,37172,4636017,0.570302,8129050
3,2021-04-25,37095,7562920,23679,3903043,13399,3407367,17,252510,18907,1441202,0.17729,18028,3214145,0.39539,19330,4655347,0.57268,8129050
3,2021-04-26,74317,7637237,42028,3945071,31877,3439244,412,252922,31675,1432277,0.176192,42356,3256501,0.4006,33431,4688778,0.576793,8129050
3,2021-04-27,91468,7728705,48014,3993085,41699,3480943,1755,254677,36216,1416087,0.174201,54926,3311427,0.407357,38736,4727514,0.581558,8129050
3,2021-04-28,87208,7815913,49571,4042656,35487,3516430,2150,256827,35544,1402962,0.172586,51350,3362777,0.413674,38225,4765739,0.58626,8129050
3,2021-04-29,89517,7905430,51180,4093836,36114,3552544,2223,259050,31900,1380318,0.169801,57256,3420033,0.420717,34612,4800351,0.590518,8129050
3,2021-04-30,91106,7996536,51416,4145252,37204,3589748,2486,261536,33871,1360293,0.167337,56849,3476882,0.427711,36824,4837175,0.595048,8129050
3,2021-05-01,55652,8052188,34932,4180184,19241,3608989,1479,263015,20029,1346948,0.165696,35339,3512221,0.432058,21994,4859169,0.597754,8129050
3,2021-05-02,27070,8079258,18493,4198677,7558,3616547,1019,264034,9914,1340933,0.164956,17044,3529265,0.434155,11029,4870198,0.59911,8129050
3,2021-05-03,60073,8139331,35264,4233941,22426,3638973,2383,266417,17509,1318683,0.162219,42326,3571591,0.439361,20076,4890274,0.60158,8129050
3,2021-05-04,77939,8217270,45066,4279007,30181,3669154,2692,269109,22626,1289283,0.158602,55000,3626591,0.446127,25600,4915874,0.604729,8129050
3,2021-05-05,79454,8296724,47710,4326717,29035,3698189,2709,271818,21982,1257144,0.154648,57115,3683706,0.453153,24976,4940850,0.607802,8129050
3,2021-05-06,83786,8380510,53038,4379755,28212,3726401,2536,274354,20715,1218374,0.149879,62568,3746274,0.46085,23798,4964648,0.610729,8129050
3,2021-05-07,82804,8463314,51596,4431351,28569,3754970,2639,276993,21961,1182794,0.145502,60472,3806746,0.468289,24892,4989540,0.613791,8129050
3,2021-05-08,52874,8516188,32786,4464137,18364,3773334,1724,278717,14007,1160200,0.142723,38585,3845331,0.473036,15991,5005531,0.615758,8129050
3,2021-05-09,21037,8537225,15376,4479513,4872,3778206,789,279506,5516,1151145,0.141609,15426,3860757,0.474933,6371,5011902,0.616542,8129050
3,2021-05-10,48338,8585563,25991,4505504,20428,3798634,1919,281425,11209,1127619,0.138715,36915,3897672,0.479474,13389,5025291,0.618189,8129050
3,2021-05-11,64422,8649985,36121,4541625,26072,3824706,2229,283654,16190,1098534,0.135137,47970,3945642,0.485376,18885,5044176,0.620512,8129050
3,2021-05-12,65135,8715120,37434,4579059,25294,3850000,2407,286061,16625,1069652,0.131584,48234,3993876,0.491309,19352,5063528,0.622893,8129050
3,2021-05-13,75728,8790848,47731,4626790,26078,3876078,1919,287980,27648,1052024,0.129415,47823,4041699,0.497192,30195,5093723,0.626607,8129050
3,2021-05-14,80689,8871537,50956,4677746,27589,3903667,2144,290124,31249,1036878,0.127552,49137,4090836,0.503237,33991,5127714,0.630789,8129050
3,2021-05-15,62392,8933929,43042,4720788,18140,3921807,1210,291334,25793,1027732,0.126427,36383,4127219,0.507712,27237,5154951,0.634139,8129050
3,2021-05-16,33278,8967207,24874,4745662,7712,3929519,692,292026,13416,1022194,0.125746,19736,4146955,0.51014,14198,5169149,0.635886,8129050
3,2021-05-17,57140,9024347,36389,4782051,18908,3948427,1843,293869,21046,1009482,0.124182,35812,4182767,0.514546,23100,5192249,0.638728,8129050
3,2021-05-18,64697,9089044,38190,4820241,24634,3973061,1873,295742,24288,995919,0.122514,40121,4222888,0.519481,26558,5218807,0.641995,8129050
3,2021-05-19,64054,9153098,38924,4859165,23378,3996439,1752,297494,24764,983684,0.121008,39028,4261916,0.524282,26793,5245600,0.645291,8129050
3,2021-05-20,61933,9215031,36243,4895408,23838,4020277,1852,299346,22241,968718,0.119167,39393,4301309,0.529128,24427,5270027,0.648296,8129050
3,2021-05-21,66113,9281144,40163,4935571,23849,4044126,2101,301447,23617,952569,0.117181,42168,4343477,0.534315,26019,5296046,0.651496,8129050
3,2021-05-22,45723,9326867,30298,4965869,13952,4058078,1473,302920,19031,946854,0.116478,26474,4369951,0.537572,20759,5316805,0.65405,8129050
3,2021-05-23,21736,9348603,15041,4980910,6043,4064121,652,303572,9181,944331,0.116167,12466,4382417,0.539106,9943,5326748,0.655273,8129050
3,2021-05-24,39522,9388125,23103,5004013,14657,4078778,1762,305334,14631,936239,0.115172,24690,4407107,0.542143,16598,5343346,0.657315,8129050
3,2021-05-25,42722,9430847,24021,5028034,17020,4095798,1681,307015,15143,925984,0.11391,27305,4434412,0.545502,17050,5360396,0.659412,8129050
3,2021-05-26,42423,9473270,24269,5052303,16429,4112227,1725,308740,15870,917458,0.112862,26254,4460666,0.548732,17728,5378124,0.661593,8129050
3,2021-05-27,39348,9512618,22059,5074362,15538,4127765,1751,310491,15410,911091,0.112078,23772,4484438,0.551656,17405,5395529,0.663734,8129050
3,2021-05-28,42786,9555404,24173,5098535,16817,4144582,1796,312287,17772,906172,0.111473,24809,4509247,0.554708,19890,5415419,0.666181,8129050
3,2021-05-29,23465,9578869,14337,5112872,8290,4152872,838,313125,10979,905764,0.111423,12351,4521598,0.556227,11943,5427362,0.66765,8129050
3,2021-05-30,10621,9589490,6886,5119758,3097,4155969,638,313763,4455,904812,0.111306,6087,4527685,0.556976,5135,5432497,0.668282,8129050
3,2021-05-31,4658,9594148,2688,5122446,1705,4157674,265,314028,1463,903417,0.111134,3152,4530837,0.557364,1757,5434254,0.668498,8129050
3,2021-06-01,37712,9631860,21703,5144149,14571,4172245,1438,315466,13168,893915,0.109965,24303,4555140,0.560353,14801,5449055,0.670319,8129050
3,2021-06-02,31490,9663350,18087,5162236,11992,4184237,1411,316877,11640,887464,0.109172,19641,4574781,0.562769,13190,5462245,0.671941,8129050
3,2021-06-03,39618,9702968,27090,5189326,11092,4195329,1436,318313,11414,872514,0.107333,28025,4602806,0.566217,13075,5475320,0.67355,8129050
3,2021-06-04,46169,9749137,32652,5221978,11968,4207297,1549,319862,13106,854761,0.105149,32818,4635624,0.570254,15065,5490385,0.675403,8129050
3,2021-06-05,34335,9783472,25878,5247856,7270,4214567,1187,321049,8687,839385,0.103257,25439,4661063,0.573383,10063,5500448,0.676641,8129050
3,2021-06-06,14644,9798116,12221,5260077,1841,4216408,582,321631,3706,832962,0.102467,10874,4671937,0.574721,4451,5504899,0.677188,8129050
3,2021-06-07,30391,9828507,22089,5282166,7019,4223427,1283,322914,8696,821514,0.101059,21547,4693484,0.577372,10099,5514998,0.678431,8129050
3,2021-06-08,34320,9862827,24644,5306810,8386,4231813,1290,324204,9924,808766,0.099491,24186,4717670,0.580347,11438,5526436,0.679838,8129050
3,2021-06-09,32976,9895803,23917,5330727,7757,4239570,1302,325506,8845,795127,0.097813,23950,4741620,0.583293,10311,5536747,0.681106,8129050
3,2021-06-10,32487,9928290,23427,5354154,7532,4247102,1528,327034,8949,782420,0.09625,23380,4765000,0.586169,10673,5547420,0.682419,8129050
3,2021-06-11,35570,9963860,25149,5379303,9052,4256154,1369,328403,10566,769724,0.094688,24804,4789804,0.589221,12108,5559528,0.683909,8129050
3,2021-06-12,25144,9989004,18939,5398242,5312,4261466,893,329296,6684,759111,0.093382,18341,4808145,0.591477,7728,5567256,0.684859,8129050
3,2021-06-13,10135,9999139,7583,5405825,2063,4263529,489,329785,2362,754313,0.092792,7720,4815865,0.592427,2922,5570178,0.685219,8129050
3,2021-06-14,25800,10024939,18483,5424308,5893,4269422,1424,331209,8082,746368,0.091815,17587,4833452,0.59459,9642,5579820,0.686405,8129050
3,2021-06-15,28724,10053663,19434,5443742,7785,4277207,1505,332714,9647,738839,0.090889,18849,4852301,0.596909,11320,5591140,0.687797,8129050
3,2021-06-16,25864,10079527,18361,5462103,6089,4283296,1414,334128,8718,732162,0.090067,16962,4869263,0.598995,10285,5601425,0.689063,8129050
3,2021-06-17,24849,10104376,17794,5479897,5766,4289062,1289,335417,8618,726128,0.089325,16077,4885340,0.600973,10043,5611468,0.690298,8129050
3,2021-06-18,28004,10132380,19769,5499666,6662,4295724,1573,336990,9804,719708,0.088535,17966,4903306,0.603183,11546,5623014,0.691718,8129050
3,2021-06-19,16010,10148390,11760,5511426,3391,4299115,859,337849,5726,716246,0.088109,10156,4913462,0.604432,6694,5629708,0.692542,8129050
3,2021-06-20,6864,10155254,5147,5516573,1418,4300533,299,338148,2602,714991,0.087955,4208,4917670,0.60495,2953,5632661,0.692905,8129050
3,2021-06-21,16229,10171483,10236,5526809,4594,4305127,1399,339547,8088,716547,0.088146,8050,4925720,0.60594,9606,5642267,0.694087,8129050
3,2021-06-22,22085,10193568,15481,5542290,5307,4310434,1297,340844,8263,712563,0.087656,13699,4939419,0.607626,9715,5651982,0.695282,8129050
3,2021-06-23,20262,10213830,14189,5556479,4739,4315173,1334,342178,8031,709949,0.087335,12116,4951535,0.609116,9502,5661484,0.696451,8129050
3,2021-06-24,19960,10233790,13889,5570368,4617,4319790,1454,343632,7790,707307,0.08701,11997,4963532,0.610592,9355,5670839,0.697602,8129050
3,2021-06-25,23275,10257065,16507,5586875,5344,4325134,1424,345056,9094,703908,0.086592,14047,4977579,0.61232,10648,5681487,0.698912,8129050
3,2021-06-26,13876,10270941,10293,5597168,2811,4327945,772,345828,5790,702615,0.086433,8014,4985593,0.613306,6721,5688208,0.699738,8129050
3,2021-06-27,6693,10277634,5173,5602341,1211,4329156,309,346137,2860,702021,0.08636,3796,4989389,0.613773,3202,5691410,0.700132,8129050
3,2021-06-28,15865,10293499,12185,5614526,2601,4331757,1079,347216,6684,700818,0.086212,9068,4998457,0.614888,7865,5699275,0.7011,8129050
3,2021-06-29,17953,10311452,12646,5627172,4311,4336068,996,348212,7348,698811,0.085965,10482,5008939,0.616178,8475,5707750,0.702142,8129050
3,2021-06-30,16965,10328417,12001,5639173,3923,4339991,1041,349253,7300,697771,0.085837,9529,5018468,0.61735,8489,5716239,0.703187,8129050
3,2021-07-01,16184,10344601,11525,5650698,3597,4343588,1062,350315,6799,696451,0.085674,9284,5027752,0.618492,7964,5724203,0.704166,8129050
3,2021-07-02,18375,10362976,13077,5663775,4196,4347784,1102,351417,7829,695047,0.085502,10434,5038186,0.619775,9030,5733233,0.705277,8129050
3,2021-07-03,10008,10372984,7228,5671003,2349,4350133,431,351848,4295,694224,0.0854,5650,5043836,0.620471,4827,5738060,0.705871,8129050
3,2021-07-04,709,10373693,415,5671418,207,4350340,87,351935,273,694170,0.085394,430,5044266,0.620523,376,5738436,0.705917,8129050
3,2021-07-05,9497,10383190,6940,5678358,2134,4352474,423,352358,4298,693820,0.085351,5132,5049398,0.621155,4782,5743218,0.706505,8129050
3,2021-07-06,18948,10402138,13728,5692086,4104,4356578,1116,353474,6862,689979,0.084878,11941,5061339,0.622624,8100,5751318,0.707502,8129050
3,2021-07-07,15584,10417722,11046,5703132,3433,4360011,1105,354579,6290,688289,0.08467,9191,5070530,0.623754,7501,5758819,0.708425,8129050
3,2021-07-08,15241,10432963,10998,5714130,3248,4363259,995,355574,6188,686610,0.084464,8948,5079478,0.624855,7269,5766088,0.709319,8129050
3,2021-07-09,17478,10450441,12184,5726314,4082,4367341,1212,356786,7212,684995,0.084265,10151,5089629,0.626104,8536,5774624,0.710369,8129050
3,2021-07-10,10755,10461196,7912,5734226,2181,4369522,662,357448,4563,684182,0.084165,6126,5095755,0.626857,5313,5779937,0.711022,8129050
3,2021-07-11,5090,10466286,3767,5737993,1047,4370569,276,357724,2295,684026,0.084146,2747,5098502,0.627195,2591,5782528,0.711341,8129050
3,2021-07-12,14292,10480578,10419,5748412,2873,4373442,1000,358724,5702,682286,0.083932,8511,5107013,0.628242,6771,5789299,0.712174,8129050
3,2021-07-13,15024,10495602,10615,5759027,3502,4376944,907,359631,6570,681487,0.083834,8355,5115368,0.62927,7556,5796855,0.713104,8129050
3,2021-07-14,14301,10509903,10137,5769164,3241,4380185,923,360554,6356,680983,0.083772,7848,5123216,0.630236,7344,5804199,0.714007,8129050
3,2021-07-15,14564,10524467,10518,5779682,3212,4383397,834,361388,6665,680749,0.083743,7806,5131022,0.631196,7572,5811771,0.714939,8129050
3,2021-07-16,17597,10542064,12649,5792331,4059,4387456,889,362277,8396,681010,0.083775,9094,5140116,0.632314,9355,5821126,0.716089,8129050
3,2021-07-17,11152,10553216,8168,5800499,2453,4389909,531,362808,5296,681118,0.083788,5787,5145903,0.633026,5895,5827021,0.716815,8129050
3,2021-07-18,5708,10558924,4307,5804806,1150,4391059,251,363059,2800,681329,0.083814,2866,5148769,0.633379,3077,5830098,0.717193,8129050
3,2021-07-19,14792,10573716,10800,5815606,3114,4394173,878,363937,7251,682089,0.083908,7443,5156212,0.634295,8203,5838301,0.718202,8129050
3,2021-07-20,16365,10590081,11382,5826988,4082,4398255,901,364838,8411,683641,0.084099,7842,5164054,0.635259,9394,5847695,0.719358,8129050
3,2021-07-21,15849,10605930,11212,5838200,3772,4402027,865,365703,7968,684797,0.084241,7754,5171808,0.636213,8910,5856605,0.720454,8129050
3,2021-07-22,16184,10622114,11438,5849638,3793,4405820,953,366656,8399,686546,0.084456,7666,5179474,0.637156,9415,5866020,0.721612,8129050
3,2021-07-23,19065,10641179,13580,5863218,4480,4410300,1005,367661,10232,689174,0.084779,8691,5188165,0.638225,11319,5877339,0.723004,8129050
3,2021-07-24,11473,10652652,8261,5871479,2636,4412936,576,368237,6330,691049,0.08501,5067,5193232,0.638849,6942,5884281,0.723858,8129050
3,2021-07-25,5558,10658210,4168,5875647,1182,4414118,208,368445,4018,693831,0.085352,1495,5194727,0.639032,4277,5888558,0.724385,8129050
3,2021-07-26,15302,10673512,10644,5886291,3704,4417822,954,369399,9237,698130,0.085881,5958,5200685,0.639765,10257,5898815,0.725646,8129050
3,2021-07-27,17277,10690789,12230,5898521,4083,4421905,964,370363,9907,701834,0.086337,7242,5207927,0.640656,10946,5909761,0.726993,8129050
3,2021-07-28,16891,10707680,12117,5910638,3748,4425653,1026,371389,9768,705692,0.086811,6984,5214911,0.641515,10842,5920603,0.728327,8129050
3,2021-07-29,16599,10724279,11952,5922590,3638,4429291,1009,372398,9767,709883,0.087327,6656,5221567,0.642334,10847,5931450,0.729661,8129050
3,2021-07-30,19340,10743619,13670,5936260,4608,4433899,1062,373460,11235,714370,0.087879,7902,5229469,0.643306,12389,5943839,0.731185,8129050
3,2021-07-31,11951,10755570,8666,5944926,2666,4436565,619,374079,6966,717169,0.088223,4854,5234323,0.643903,7653,5951492,0.732126,8129050
3,2021-08-01,6417,10761987,4884,5949810,1276,4437841,257,374336,4158,719418,0.0885,2201,5236524,0.644174,4450,5955942,0.732674,8129050
3,2021-08-02,16423,10778410,11979,5961789,3559,4441400,885,375221,10240,724546,0.08913,6062,5242586,0.64492,11190,5967132,0.73405,8129050
3,2021-08-03,18035,10796445,13000,5974789,3964,4445364,1071,376292,10765,729341,0.08972,7096,5249682,0.645793,11891,5979023,0.735513,8129050
3,2021-08-04,17238,10813683,12393,5987182,3866,4449230,979,377271,10298,733885,0.090279,6786,5256468,0.646628,11330,5990353,0.736907,8129050
3,2021-08-05,17360,10831043,12541,5999723,3733,4452963,1086,378357,10487,738814,0.090886,6714,5263182,0.647454,11643,6001996,0.738339,8129050
3,2021-08-06,19802,10850845,14444,6014167,4298,4457261,1060,379417,11682,743698,0.091486,7939,5271121,0.64843,12823,6014819,0.739917,8129050
3,2021-08-07,7889,10858734,5672,6019839,1682,4458943,535,379952,4494,745419,0.091698,3325,5274446,0.648839,5046,6019865,0.740537,8129050
4,2020-12-15,455,455,455,455,0,0,0,0,455,455,5.7e-05,0,0,0.0,455,455,5.7e-05,8037679
4,2020-12-16,3061,3516,3061,3516,0,0,0,0,3061,3516,0.000437,0,0,0.0,3061,3516,0.000437,8037679
4,2020-12-17,8988,12504,8988,12504,0,0,0,0,8988,12504,0.001556,0,0,0.0,8988,12504,0.001556,8037679
4,2020-12-18,16232,28736,16220,28724,12,12,0,0,16232,28736,0.003575,0,0,0.0,16232,28736,0.003575,8037679
4,2020-12-19,10401,39137,10392,39116,9,21,0,0,10337,39073,0.004861,0,0,0.0,10337,39073,0.004861,8037679
4,2020-12-20,7443,46580,7435,46551,8,29,0,0,7398,46471,0.005782,0,0,0.0,7398,46471,0.005782,8037679
4,2020-12-21,16433,63013,16405,62956,28,57,0,0,16365,62835,0.007818,1,1,0.0,16365,62836,0.007818,8037679
4,2020-12-22,17223,80236,16472,79428,751,808,0,0,17178,80009,0.009954,4,5,1e-06,17178,80014,0.009955,8037679
4,2020-12-23,17157,97393,14419,93847,2738,3546,0,0,17136,97142,0.012086,3,8,1e-06,17136,97150,0.012087,8037679
4,2020-12-24,8575,105968,5976,99823,2599,6145,0,0,8574,105716,0.013153,0,8,1e-06,8574,105724,0.013154,8037679
4,2020-12-25,906,106874,801,100624,105,6250,0,0,906,106622,0.013265,0,8,1e-06,906,106630,0.013266,8037679
4,2020-12-26,6182,113056,3898,104522,2284,8534,0,0,6182,112804,0.014034,0,8,1e-06,6182,112812,0.014035,8037679
4,2020-12-27,3430,116486,1994,106516,1436,9970,0,0,3430,116234,0.014461,0,8,1e-06,3430,116242,0.014462,8037679
4,2020-12-28,15190,131676,9387,115903,5803,15773,0,0,15162,131393,0.016347,3,11,1e-06,15162,131404,0.016349,8037679
4,2020-12-29,15734,147410,8789,124692,6945,22718,0,0,15701,147093,0.0183,1,12,1e-06,15701,147105,0.018302,8037679
4,2020-12-30,19282,166692,11278,135970,8004,30722,0,0,19271,166362,0.020698,2,14,2e-06,19271,166376,0.0207,8037679
4,2020-12-31,8327,175019,3371,139341,4956,35678,0,0,8314,174667,0.021731,9,23,3e-06,8314,174690,0.021734,8037679
4,2021-01-01,1683,176702,763,140104,920,36598,0,0,1679,176343,0.02194,3,26,3e-06,1679,176369,0.021943,8037679
4,2021-01-02,5745,182447,3244,143348,2501,39099,0,0,5743,182085,0.022654,1,27,3e-06,5743,182112,0.022657,8037679
4,2021-01-03,2152,184599,1272,144620,880,39979,0,0,2138,184220,0.02292,3,30,4e-06,2138,184250,0.022923,8037679
4,2021-01-04,13022,197621,7049,151669,5973,45952,0,0,12974,197166,0.02453,28,58,7e-06,12974,197224,0.024537,8037679
4,2021-01-05,17009,214630,10077,161746,6932,52884,0,0,14789,209778,0.026099,2191,2249,0.00028,14803,212027,0.026379,8037679
4,2021-01-06,21730,236360,13323,175069,8407,61291,0,0,15595,219302,0.027284,6086,8335,0.001037,15610,227637,0.028321,8037679
4,2021-01-07,28075,264435,17119,192188,10956,72247,0,0,16750,224810,0.02797,11264,19599,0.002438,16772,244409,0.030408,8037679
4,2021-01-08,33037,297472,21201,213389,11836,84083,0,0,18408,228676,0.028451,14563,34162,0.00425,18429,262838,0.032701,8037679
4,2021-01-09,16361,313833,9683,223072,6678,90761,0,0,9499,231337,0.028782,6851,41013,0.005103,9512,272350,0.033884,8037679
4,2021-01-10,8816,322649,5691,228763,3125,93886,0,0,4187,230914,0.028729,4618,45631,0.005677,4195,276545,0.034406,8037679
4,2021-01-11,33670,356319,22108,250871,11562,105448,0,0,18964,235248,0.029268,14678,60309,0.007503,19012,295557,0.036771,8037679
4,2021-01-12,38727,395046,22339,273210,16388,121836,0,0,24373,245364,0.030527,14299,74608,0.009282,24415,319972,0.039809,8037679
4,2021-01-13,39062,434108,19348,292558,19714,141550,0,0,27642,261655,0.032554,11378,85986,0.010698,27669,347641,0.043251,8037679
4,2021-01-14,39614,473722,15254,307812,24360,165910,0,0,32367,286841,0.035687,7210,93196,0.011595,32396,380037,0.047282,8037679
4,2021-01-15,45646,519368,15954,323766,29692,195602,0,0,40004,321301,0.039974,5570,98766,0.012288,40030,420067,0.052262,8037679
4,2021-01-16,28880,548248,9419,333185,19461,215063,0,0,25748,343967,0.042794,3100,101866,0.012674,25766,445833,0.055468,8037679
4,2021-01-17,19193,567441,6758,339943,12435,227498,0,0,17532,359873,0.044773,1639,103505,0.012877,17545,463378,0.057651,8037679
4,2021-01-18,29581,597022,13693,353636,15888,243386,0,0,23577,377540,0.046971,5936,109441,0.013616,23603,486981,0.060587,8037679
4,2021-01-19,46333,643355,23155,376791,23178,266564,0,0,36723,404776,0.05036,9562,119003,0.014806,36798,523779,0.065165,8037679
4,2021-01-20,52877,696232,28303,405094,24574,291138,0,0,42234,436528,0.05431,10545,129548,0.016118,42297,566076,0.070428,8037679
4,2021-01-21,58114,754346,26176,431270,31938,323076,0,0,51278,481102,0.059856,6752,136300,0.016958,51326,617402,0.076813,8037679
4,2021-01-22,55663,810009,22366,453636,33297,356373,0,0,50456,526447,0.065497,5138,141438,0.017597,50483,667885,0.083094,8037679
4,2021-01-23,39820,849829,17471,471107,22349,378722,0,0,35454,557574,0.06937,4357,145795,0.018139,35484,703369,0.087509,8037679
4,2021-01-24,24085,873914,10525,481632,13560,392282,0,0,22174,577867,0.071895,1902,147697,0.018376,22195,725564,0.09027,8037679
4,2021-01-25,48262,922176,22332,503964,25930,418212,0,0,37038,603772,0.075118,11192,158889,0.019768,37097,762661,0.094886,8037679
4,2021-01-26,57264,979440,29218,533182,28046,446258,0,0,44851,636309,0.079166,12376,171265,0.021308,44913,807574,0.100474,8037679
4,2021-01-27,56581,1036021,26928,560110,29653,475911,0,0,45397,670657,0.083439,11103,182368,0.022689,45451,853025,0.106128,8037679
4,2021-01-28,57058,1093079,25786,585896,31272,507183,0,0,46927,707600,0.088035,10031,192399,0.023937,46974,899999,0.111972,8037679
4,2021-01-29,56974,1150053,27321,613217,29653,536836,0,0,46416,743697,0.092526,10355,202754,0.025225,46452,946451,0.117752,8037679
4,2021-01-30,38284,1188337,17304,630521,20980,557816,0,0,32876,771253,0.095955,5350,208104,0.025891,32906,979357,0.121846,8037679
4,2021-01-31,24119,1212456,12720,643241,11399,569215,0,0,22400,791972,0.098532,1698,209802,0.026102,22417,1001774,0.124635,8037679
4,2021-02-01,49979,1262435,24082,667323,25897,595112,0,0,38223,818543,0.101838,11698,221500,0.027558,38269,1040043,0.129396,8037679
4,2021-02-02,55886,1318321,25691,693014,30195,625307,0,0,42869,848528,0.105569,12931,234431,0.029167,42916,1082959,0.134735,8037679
4,2021-02-03,62539,1380860,30707,723721,31832,657139,0,0,47923,882040,0.109738,14465,248896,0.030966,47977,1130936,0.140704,8037679
4,2021-02-04,67917,1448777,31503,755224,36414,693553,0,0,50972,916349,0.114007,16770,265666,0.033053,51079,1182015,0.147059,8037679
4,2021-02-05,73734,1522511,34167,789391,39567,733120,0,0,51162,945358,0.117616,22289,287955,0.035826,51298,1233313,0.153441,8037679
4,2021-02-06,49008,1571519,26363,815754,22645,755765,0,0,37328,971281,0.120841,11610,299565,0.03727,37533,1270846,0.158111,8037679
4,2021-02-07,26643,1598162,17610,833364,9033,764798,0,0,20107,985125,0.122563,6502,306067,0.038079,20346,1291192,0.160642,8037679
4,2021-02-08,59077,1657239,30413,863777,28664,793462,0,0,38337,1003130,0.124803,20599,326666,0.040642,38604,1329796,0.165445,8037679
4,2021-02-09,67721,1724960,34305,898082,33416,826878,0,0,39616,1015282,0.126315,27910,354576,0.044114,40062,1369858,0.17043,8037679
4,2021-02-10,77947,1802907,39019,937101,38928,865806,0,0,40917,1019969,0.126898,36775,391351,0.04869,41462,1411320,0.175588,8037679
4,2021-02-11,82197,1885104,42925,980026,39272,905078,0,0,41762,1022255,0.127183,40156,431507,0.053686,42442,1453762,0.180868,8037679
4,2021-02-12,85173,1970277,38201,1018227,46972,952050,0,0,43717,1025593,0.127598,41169,472676,0.058808,44507,1498269,0.186406,8037679
4,2021-02-13,59305,2029582,30046,1048273,29259,981309,0,0,30159,1027657,0.127855,28998,501674,0.062415,31062,1529331,0.19027,8037679
4,2021-02-14,37134,2066716,19313,1067586,17821,999130,0,0,18988,1029218,0.128049,18086,519760,0.064665,19647,1548978,0.192715,8037679
4,2021-02-15,46618,2113334,21888,1089474,24730,1023860,0,0,23843,1031561,0.128341,22685,542445,0.067488,25028,1574006,0.195828,8037679
4,2021-02-16,80951,2194285,37160,1126634,43791,1067651,0,0,41079,1034137,0.128661,39724,582169,0.07243,42300,1616306,0.201091,8037679
4,2021-02-17,82277,2276562,38908,1165542,43369,1111020,0,0,39050,1031306,0.128309,43008,625177,0.077781,40177,1656483,0.20609,8037679
4,2021-02-18,84195,2360757,46376,1211918,37819,1148839,0,0,38843,1026482,0.127709,45147,670324,0.083398,40323,1696806,0.211106,8037679
4,2021-02-19,83541,2444298,52665,1264583,30876,1179715,0,0,41656,1027135,0.12779,41697,712021,0.088585,42350,1739156,0.216375,8037679
4,2021-02-20,50020,2494318,33319,1297902,16701,1196416,0,0,27038,1031977,0.128392,22892,734913,0.091433,27734,1766890,0.219826,8037679
4,2021-02-21,30389,2524707,24130,1322032,6259,1202675,0,0,14656,1031275,0.128305,15644,750557,0.09338,14942,1781832,0.221685,8037679
4,2021-02-22,55741,2580448,38305,1360337,17436,1220111,0,0,26808,1029771,0.128118,28763,779320,0.096958,27259,1809091,0.225076,8037679
4,2021-02-23,77327,2657775,42896,1403233,34431,1254542,0,0,33883,1022104,0.127164,43227,822547,0.102336,35560,1844651,0.2295,8037679
4,2021-02-24,92571,2750346,48955,1452188,43616,1298158,0,0,41627,1015231,0.126309,50659,873206,0.108639,43786,1888437,0.234948,8037679
4,2021-02-25,104086,2854432,54454,1506642,49632,1347790,0,0,49584,1013114,0.126046,54261,927467,0.11539,52144,1940581,0.241435,8037679
4,2021-02-26,110222,2964654,55710,1562352,54512,1402302,0,0,56222,1018010,0.126655,53687,981154,0.122069,58583,1999164,0.248724,8037679
4,2021-02-27,80324,3044978,43735,1606087,36579,1438881,10,10,42778,1024969,0.127521,37317,1018471,0.126712,44276,2043440,0.254233,8037679
4,2021-02-28,49632,3094610,30661,1636748,18964,1457845,7,17,27313,1031063,0.128279,22113,1040584,0.129463,28207,2071647,0.257742,8037679
4,2021-03-01,81033,3175643,47474,1684222,33508,1491353,51,68,44583,1040792,0.129489,36100,1076684,0.133955,45829,2117476,0.263444,8037679
4,2021-03-02,89775,3265418,51497,1735719,38269,1529622,9,77,52528,1058074,0.131639,37044,1113728,0.138563,54326,2171802,0.270203,8037679
4,2021-03-03,103809,3369227,55184,1790903,48609,1578231,16,93,57800,1071890,0.133358,45773,1159501,0.144258,59589,2231391,0.277616,8037679
4,2021-03-04,102166,3471393,56884,1847787,45264,1623495,18,111,55621,1083012,0.134742,46291,1205792,0.150017,57413,2288804,0.284759,8037679
4,2021-03-05,98217,3569610,53054,1900841,44838,1668333,325,436,57484,1102256,0.137136,40501,1246293,0.155056,59745,2348549,0.292192,8037679
4,2021-03-06,77435,3647045,43636,1944477,31153,1699486,2646,3082,47361,1123646,0.139797,29930,1276223,0.15878,51320,2399869,0.298577,8037679
4,2021-03-07,44983,3692028,27611,1972088,15167,1714653,2205,5287,26176,1134369,0.141131,18718,1294941,0.161109,29441,2429310,0.30224,8037679
4,2021-03-08,68383,3760411,35729,2007817,29266,1743919,3388,8675,44838,1160476,0.144379,23404,1318345,0.164021,49511,2478821,0.3084,8037679
4,2021-03-09,82430,3842841,41608,2049425,35527,1779446,5295,13970,44382,1173335,0.145979,37852,1356197,0.16873,50711,2529532,0.314709,8037679
4,2021-03-10,92454,3935295,47726,2097151,37174,1816620,7554,21524,46451,1182413,0.147109,45786,1401983,0.174426,54864,2584396,0.321535,8037679
4,2021-03-11,101475,4036770,53181,2150332,39770,1856390,8524,30048,46747,1184227,0.147334,54450,1456433,0.181201,56264,2640660,0.328535,8037679
4,2021-03-12,105299,4142069,51874,2202206,43089,1899479,10336,40384,44985,1180330,0.14685,60010,1516443,0.188667,56113,2696773,0.335516,8037679
4,2021-03-13,82027,4224096,37978,2240184,35515,1934994,8534,48918,38753,1185503,0.147493,43121,1559564,0.194032,48294,2745067,0.341525,8037679
4,2021-03-14,50092,4274188,28525,2268709,17920,1952914,3647,52565,23384,1186499,0.147617,26603,1586167,0.197341,27599,2772666,0.344959,8037679
4,2021-03-15,84109,4358297,45245,2313954,34585,1987499,4279,56844,42610,1192963,0.148421,41216,1627383,0.202469,47680,2820346,0.350891,8037679
4,2021-03-16,108437,4466734,56399,2370353,48608,2036107,3430,60274,56880,1202647,0.149626,51282,1678665,0.208849,60966,2881312,0.358476,8037679
4,2021-03-17,107888,4574622,58108,2428461,46270,2082377,3510,63784,62883,1224827,0.152386,44712,1723377,0.214412,66892,2948204,0.366798,8037679
4,2021-03-18,107796,4682418,59815,2488276,44265,2126642,3716,67500,60795,1243023,0.154649,46706,1770083,0.220223,64902,3013106,0.374873,8037679
4,2021-03-19,112265,4794683,64573,2552849,42461,2169103,5231,72731,63539,1263708,0.157223,48427,1818510,0.226248,69112,3082218,0.383471,8037679
4,2021-03-20,84757,4879440,49633,2602482,32093,2201196,3031,75762,51647,1285738,0.159964,32928,1851438,0.230345,54958,3137176,0.390309,8037679
4,2021-03-21,48485,4927925,35135,2637617,11090,2212286,2260,78022,28227,1296452,0.161297,20112,1871550,0.232847,30826,3168002,0.394144,8037679
4,2021-03-22,83075,5011000,54280,2691897,26048,2238334,2747,80769,51191,1319468,0.16416,31605,1903155,0.236779,54621,3222623,0.40094,8037679
4,2021-03-23,105692,5116692,63297,2755194,40242,2278576,2153,82922,61958,1340663,0.166797,43441,1946596,0.242184,64636,3287259,0.408981,8037679
4,2021-03-24,114414,5231106,73788,2828982,38191,2316767,2435,85357,63617,1356803,0.168805,50340,1996936,0.248447,66480,3353739,0.417252,8037679
4,2021-03-25,117991,5349097,72572,2901554,43006,2359773,2413,87770,66196,1374584,0.171018,51290,2048226,0.254828,69071,3422810,0.425846,8037679
4,2021-03-26,120776,5469873,73204,2974758,44526,2404299,3046,90816,65143,1388107,0.1727,55236,2103462,0.2617,68759,3491569,0.4344,8037679
4,2021-03-27,92686,5562559,54601,3029359,36282,2440581,1803,92619,46712,1391384,0.173108,45705,2149167,0.267387,48982,3540551,0.440494,8037679
4,2021-03-28,56175,5618734,37108,3066467,18189,2458770,878,93497,29591,1395822,0.17366,26395,2175562,0.27067,30833,3571384,0.44433,8037679
4,2021-03-29,94472,5713206,56614,3123081,35763,2494533,2095,95592,50564,1405400,0.174851,43615,2219177,0.276097,53193,3624577,0.450948,8037679
4,2021-03-30,118011,5831217,64406,3187487,49431,2543964,4174,99766,69537,1431286,0.178072,48205,2267382,0.282094,74091,3698668,0.460166,8037679
4,2021-03-31,121813,5953030,71875,3259362,43608,2587572,6330,106096,67914,1452186,0.180672,53512,2320894,0.288752,74412,3773080,0.469424,8037679
4,2021-04-01,143293,6096323,81691,3341053,48269,2635841,13333,119429,83949,1490551,0.185445,58811,2379705,0.296069,97176,3870256,0.481514,8037679
4,2021-04-02,137394,6233717,73390,3414443,50364,2686205,13640,133069,78937,1525103,0.189744,58132,2437837,0.303301,92684,3962940,0.493045,8037679
4,2021-04-03,101600,6335317,54277,3468720,33821,2720026,13502,146571,52839,1542972,0.191967,48536,2486373,0.30934,66405,4029345,0.501307,8037679
4,2021-04-04,47024,6382341,24820,3493540,14656,2734682,7548,154119,20441,1544403,0.192145,26464,2512837,0.312632,27895,4057240,0.504778,8037679
4,2021-04-05,110149,6492490,61821,3555361,35431,2770113,12897,167016,57051,1561935,0.194327,52855,2565692,0.319208,70387,4127627,0.513535,8037679
4,2021-04-06,139501,6631991,78473,3633834,41151,2811264,19877,186893,72252,1587495,0.197507,66986,2632678,0.327542,92546,4220173,0.525049,8037679
4,2021-04-07,138193,6770184,78294,3712128,39092,2850356,20807,207700,71400,1613330,0.200721,66512,2699190,0.335817,92347,4312520,0.536538,8037679
4,2021-04-08,140713,6910897,78383,3790511,36754,2887110,25576,233276,69965,1638848,0.203896,70421,2769611,0.344578,95939,4408459,0.548474,8037679
4,2021-04-09,138382,7049279,75832,3866343,39388,2926498,23162,256438,66001,1656751,0.206123,72105,2841716,0.353549,90008,4498467,0.559672,8037679
4,2021-04-10,104195,7153474,51382,3917725,33862,2960360,18951,275389,46985,1666628,0.207352,56979,2898695,0.360638,66856,4565323,0.56799,8037679
4,2021-04-11,62889,7216363,38173,3955898,13499,2973859,11217,286606,27460,1670984,0.207894,35303,2933998,0.365031,39659,4604982,0.572924,8037679
4,2021-04-12,103302,7319665,62790,4018688,30266,3004125,10246,296852,52016,1683462,0.209446,50961,2984959,0.371371,63439,4668421,0.580817,8037679
4,2021-04-13,131032,7450697,82249,4100937,48613,3052738,170,297022,78327,1710437,0.212802,52387,3037346,0.377888,79362,4747783,0.590691,8037679
4,2021-04-14,136539,7587236,87149,4188086,49312,3102050,78,297100,75561,1726676,0.214823,60631,3097977,0.385432,76870,4824653,0.600255,8037679
4,2021-04-15,156614,7743850,104137,4292223,52406,3154456,71,297171,95813,1762946,0.219335,60387,3158364,0.392945,96657,4921310,0.61228,8037679
4,2021-04-16,144034,7887884,91289,4383512,52666,3207122,79,297250,83481,1787025,0.222331,60203,3218567,0.400435,84282,5005592,0.622766,8037679
4,2021-04-17,101742,7989626,63866,4447378,37851,3244973,25,297275,59492,1805742,0.22466,41950,3260517,0.405654,60667,5066259,0.630314,8037679
4,2021-04-18,57085,8046711,38594,4485972,18488,3263461,3,297278,32057,1813889,0.225673,24875,3285392,0.408749,33022,5099281,0.634422,8037679
4,2021-04-19,101540,8148251,66891,4552863,34631,3298092,18,297296,51455,1816140,0.225953,49824,3335216,0.414948,52075,5151356,0.640901,8037679
4,2021-04-20,131802,8280053,78459,4631322,53327,3351419,16,297312,68268,1822314,0.226721,63185,3398401,0.422809,69359,5220715,0.64953,8037679
4,2021-04-21,135012,8415065,88127,4719449,46827,3398246,58,297370,67915,1824741,0.227023,66660,3465061,0.431102,69087,5289802,0.658126,8037679
4,2021-04-22,142081,8557146,94288,4813737,47769,3446015,24,297394,63379,1811005,0.225314,78277,3543338,0.440841,64541,5354343,0.666155,8037679
4,2021-04-23,135529,8692675,88177,4901914,47328,3493343,24,297418,58753,1794585,0.223272,76390,3619728,0.450345,59970,5414313,0.673616,8037679
4,2021-04-24,99188,8791863,66966,4968880,32172,3525515,50,297468,45642,1788130,0.222468,53226,3672954,0.456967,46771,5461084,0.679435,8037679
4,2021-04-25,50535,8842398,35630,5004510,14879,3540394,26,297494,26380,1790993,0.222825,23998,3696952,0.459953,26861,5487945,0.682777,8037679
4,2021-04-26,92390,8934788,60628,5065138,31363,3571757,399,297893,36321,1773306,0.220624,55748,3752700,0.466889,38061,5526006,0.687513,8037679
4,2021-04-27,114246,9049034,69853,5134991,42074,3613831,2319,300212,41109,1744738,0.21707,72796,3825496,0.475945,44228,5570234,0.693015,8037679
4,2021-04-28,104730,9153764,68436,5203427,33754,3647585,2540,302752,38285,1720137,0.214009,66084,3891580,0.484167,41483,5611717,0.698176,8037679
4,2021-04-29,106117,9259881,67798,5271225,35784,3683369,2535,305287,34264,1686054,0.209769,71487,3963067,0.493061,37404,5649121,0.70283,8037679
4,2021-04-30,105840,9365721,67084,5338309,36047,3719416,2709,307996,36372,1656742,0.206122,69057,4032124,0.501653,39745,5688866,0.707775,8037679
4,2021-05-01,69756,9435477,46327,5384636,21646,3741062,1783,309779,20303,1630314,0.202834,49154,4081278,0.507768,22726,5711592,0.710602,8037679
4,2021-05-02,37798,9473275,26839,5411475,9665,3750727,1294,311073,10602,1615285,0.200964,27070,4108348,0.511136,12041,5723633,0.7121,8037679
4,2021-05-03,79494,9552769,55477,5466952,21523,3772250,2494,313567,19308,1577547,0.196269,59913,4168261,0.51859,22175,5745808,0.714859,8037679
4,2021-05-04,101727,9654496,69659,5536611,29294,3801544,2774,316341,22750,1524803,0.189707,78663,4246924,0.528377,25919,5771727,0.718084,8037679
4,2021-05-05,102597,9757093,72358,5608969,27493,3829037,2746,319087,21855,1469325,0.182805,80388,4327312,0.538378,24910,5796637,0.721183,8037679
4,2021-05-06,112425,9869518,84264,5693233,25211,3854248,2950,322037,19701,1400871,0.174288,92227,4419539,0.549853,23773,5820410,0.724141,8037679
4,2021-05-07,105295,9974813,75699,5768932,26909,3881157,2687,324724,20739,1340557,0.166784,84157,4503696,0.560323,23843,5844253,0.727107,8037679
4,2021-05-08,70130,10044943,48373,5817305,19822,3900979,1935,326659,13879,1300726,0.161829,56003,4559699,0.567291,16172,5860425,0.729119,8037679
4,2021-05-09,34446,10079389,28190,5845495,5308,3906287,948,327607,7486,1282406,0.159549,26845,4586544,0.57063,8525,5868950,0.73018,8037679
4,2021-05-10,65337,10144726,43749,5889244,19259,3925546,2329,329936,11046,1242034,0.154526,54058,4640602,0.577356,13686,5882636,0.731882,8037679
4,2021-05-11,83529,10228255,52278,5941522,29054,3954600,2197,332133,15874,1193257,0.148458,67390,4707992,0.58574,18613,5901249,0.734198,8037679
4,2021-05-12,80039,10308294,53229,5994751,24336,3978936,2474,334607,16638,1149740,0.143044,63087,4771079,0.593589,19570,5920819,0.736633,8037679
4,2021-05-13,104994,10413288,77299,6072050,26160,4005096,1535,336142,40662,1129013,0.140465,63987,4835066,0.60155,43260,5964079,0.742015,8037679
4,2021-05-14,105335,10518623,74383,6146433,28820,4033916,2132,338274,40548,1107784,0.137824,64450,4899516,0.609569,43221,6007300,0.747392,8037679
4,2021-05-15,85927,10604550,66445,6212878,18149,4052065,1333,339607,37884,1099516,0.136795,47791,4947307,0.615514,39523,6046823,0.75231,8037679
4,2021-05-16,51769,10656319,41717,6254595,9336,4061401,716,340323,21184,1091130,0.135752,30427,4977734,0.6193,22041,6068864,0.755052,8037679
4,2021-05-17,71428,10727747,52170,6306765,17415,4078816,1843,342166,28206,1078415,0.13417,43003,5020737,0.62465,30288,6099152,0.75882,8037679
4,2021-05-18,82014,10809761,53312,6360077,26947,4105763,1755,343921,29260,1057417,0.131558,52382,5073119,0.631167,31384,6130536,0.762725,8037679
4,2021-05-19,77035,10886796,52058,6412135,23030,4128793,1947,345868,30910,1044756,0.129982,45809,5118928,0.636866,33148,6163684,0.766849,8037679
4,2021-05-20,69286,10956082,44551,6456686,22729,4151522,2006,347874,25671,1029467,0.12808,43315,5162243,0.642255,28026,6191710,0.770336,8037679
4,2021-05-21,73863,11029945,48693,6505379,23301,4174823,1869,349743,26025,1010104,0.125671,47525,5209768,0.648168,28162,6219872,0.773839,8037679
4,2021-05-22,49916,11079861,34991,6540370,13648,4188471,1277,351020,21668,1005207,0.125062,28077,5237845,0.651661,23180,6243052,0.776723,8037679
4,2021-05-23,23990,11103851,17114,6557484,6153,4194624,723,351743,9740,1001656,0.12462,14124,5251969,0.653419,10573,6253625,0.778039,8037679
4,2021-05-24,43076,11146927,27391,6584875,12682,4207306,3003,354746,15055,992120,0.123434,27793,5279762,0.656876,18257,6271882,0.78031,8037679
4,2021-05-25,44913,11191840,27899,6612774,14190,4221496,2824,357570,15861,982234,0.122204,28799,5308561,0.660459,18913,6290795,0.782663,8037679
4,2021-05-26,44605,11236445,26717,6639491,15284,4236780,2604,360174,15815,972262,0.120963,28564,5337125,0.664013,18592,6309387,0.784976,8037679
4,2021-05-27,38927,11275372,23337,6662828,12455,4249235,3135,363309,14643,966134,0.120201,24075,5361200,0.667008,17947,6327334,0.787209,8037679
4,2021-05-28,43304,11318676,27570,6690398,14130,4263365,1604,364913,18857,962647,0.119767,24174,5385374,0.670016,20687,6348021,0.789783,8037679
4,2021-05-29,23704,11342380,15378,6705776,7394,4270759,932,365845,10880,961918,0.119676,12674,5398048,0.671593,11945,6359966,0.791269,8037679
4,2021-05-30,12096,11354476,8499,6714275,3069,4273828,528,366373,5019,960529,0.119503,7007,5405055,0.672465,5618,6365584,0.791968,8037679
4,2021-05-31,3590,11358066,2283,6716558,1145,4274973,162,366535,1142,959459,0.11937,2393,5407448,0.672762,1323,6366907,0.792133,8037679
4,2021-06-01,39461,11397527,24523,6741081,12499,4287472,2439,368974,13011,948898,0.118056,26226,5433674,0.676025,15665,6382572,0.794081,8037679
4,2021-06-02,32640,11430167,20387,6761468,9455,4296927,2798,371772,10875,941147,0.117092,21575,5455249,0.678709,13824,6396396,0.795801,8037679
4,2021-06-03,48070,11478237,36871,6798339,8745,4305672,2454,374226,10322,916659,0.114045,37573,5492822,0.683384,13085,6409481,0.797429,8037679
4,2021-06-04,54823,11533060,44133,6842472,9363,4315035,1327,375553,12702,889622,0.110681,41878,5534700,0.688594,14841,6424322,0.799276,8037679
4,2021-06-05,44809,11577869,38367,6880839,5447,4320482,995,376548,8715,863693,0.107456,35936,5570636,0.693065,10007,6434329,0.800521,8037679
4,2021-06-06,21246,11599115,18955,6899794,1727,4322209,564,377112,3922,851358,0.105921,17218,5587854,0.695207,4883,6439212,0.801128,8037679
4,2021-06-07,38726,11637841,31341,6931135,5465,4327674,1920,379032,8396,831773,0.103484,30188,5618042,0.698963,10603,6449815,0.802447,8037679
4,2021-06-08,40611,11678452,31855,6962990,6211,4333885,2545,381577,9410,813066,0.101157,31005,5649047,0.702821,12298,6462113,0.803977,8037679
4,2021-06-09,38955,11717407,30885,6993875,5709,4339594,2361,383938,7912,792822,0.098638,30871,5679918,0.706661,10627,6472740,0.8053,8037679
4,2021-06-10,37145,11754552,29261,7023136,5258,4344852,2626,386564,8386,775502,0.096483,28597,5708515,0.710219,11277,6484017,0.806703,8037679
4,2021-06-11,38296,11792848,30047,7053183,6236,4351088,2013,388577,9862,759456,0.094487,28275,5736790,0.713737,12229,6496246,0.808224,8037679
4,2021-06-12,26559,11819407,22092,7075275,3752,4354840,715,389292,6025,745991,0.092812,20426,5757216,0.716278,6961,6503207,0.80909,8037679
4,2021-06-13,10842,11830249,8565,7083840,1801,4356641,476,389768,2280,740360,0.092111,8495,5765711,0.717335,2864,6506071,0.809446,8037679
4,2021-06-14,28581,11858830,21379,7105219,4394,4361035,2808,392576,7798,730541,0.09089,20643,5786354,0.719904,10824,6516895,0.810793,8037679
4,2021-06-15,29957,11888787,21173,7126392,5379,4366414,3405,395981,8282,720975,0.089699,21508,5807862,0.722579,11942,6528837,0.812279,8037679
4,2021-06-16,26576,11915363,20026,7146418,3925,4370339,2625,398606,8004,713418,0.088759,18391,5826253,0.724868,10834,6539671,0.813627,8037679
4,2021-06-17,25142,11940505,18562,7164980,3684,4374023,2896,401502,7607,706763,0.087931,17347,5843600,0.727026,10692,6550363,0.814957,8037679
4,2021-06-18,26771,11967276,21117,7186097,4421,4378444,1233,402735,8259,698199,0.086866,18307,5861907,0.729303,9743,6560106,0.816169,8037679
4,2021-06-19,15742,11983018,12734,7198831,2307,4380751,701,403436,5053,693585,0.086292,10541,5872448,0.730615,5927,6566033,0.816907,8037679
4,2021-06-20,7362,11990380,6064,7204895,992,4381743,306,403742,2619,691909,0.086083,4685,5877133,0.731198,3009,6569042,0.817281,8037679
4,2021-06-21,14585,12004965,10545,7215440,2902,4384645,1138,404880,7340,693393,0.086268,7157,5884290,0.732088,8641,6577683,0.818356,8037679
4,2021-06-22,20497,12025462,15971,7231411,3452,4388097,1074,405954,7114,688477,0.085656,13258,5897548,0.733738,8342,6586025,0.819394,8037679
4,2021-06-23,18399,12043861,14440,7245851,2968,4391065,991,406945,6708,684748,0.085192,11550,5909098,0.735175,7821,6593846,0.820367,8037679
4,2021-06-24,17582,12061443,13593,7259444,3001,4394066,988,407933,6554,681559,0.084795,10872,5919970,0.736527,7683,6601529,0.821323,8037679
4,2021-06-25,21555,12082998,16938,7276382,3570,4397636,1047,408980,7805,676969,0.084224,13610,5933580,0.738221,9020,6610549,0.822445,8037679
4,2021-06-26,13025,12096023,10596,7286978,1812,4399448,617,409597,4792,674358,0.0839,8129,5941709,0.739232,5518,6616067,0.823132,8037679
4,2021-06-27,6839,12102862,5539,7292517,957,4400405,343,409940,2878,673714,0.083819,3920,5945629,0.73972,3276,6619343,0.823539,8037679
4,2021-06-28,15054,12117916,12636,7305153,1563,4401968,855,410795,6036,671799,0.083581,8932,5954561,0.740831,7017,6626360,0.824412,8037679
4,2021-06-29,16459,12134375,12771,7317924,2881,4404849,807,411602,6354,669090,0.083244,9994,5964555,0.742074,7285,6633645,0.825318,8037679
4,2021-06-30,14536,12148911,11329,7329253,2470,4407319,737,412339,6030,667579,0.083056,8396,5972951,0.743119,6885,6640530,0.826175,8037679
4,2021-07-01,14437,12163348,11390,7340643,2304,4409623,743,413082,5912,665963,0.082855,8411,5981362,0.744165,6795,6647325,0.82702,8037679
4,2021-07-02,16754,12180102,13302,7353945,2691,4412314,761,413843,6849,663894,0.082598,9807,5991169,0.745385,7738,6655063,0.827983,8037679
4,2021-07-03,9155,12189257,7267,7361212,1479,4413793,409,414252,3966,663211,0.082513,5116,5996285,0.746022,4433,6659496,0.828535,8037679
4,2021-07-04,435,12189692,268,7361480,107,4413900,60,414312,191,663235,0.082516,238,5996523,0.746052,262,6659758,0.828567,8037679
4,2021-07-05,9189,12198881,7473,7368953,1300,4415200,416,414728,4171,662930,0.082478,4941,6001464,0.746666,4636,6664394,0.829144,8037679
4,2021-07-06,16448,12215329,12962,7381915,2686,4417886,800,415528,6059,659630,0.082067,10271,6011735,0.747944,6971,6671365,0.830011,8037679
4,2021-07-07,13692,12229021,10682,7392597,2233,4420119,777,416305,5171,657269,0.081773,8430,6020165,0.748993,6069,6677434,0.830766,8037679
4,2021-07-08,13197,12242218,10318,7402915,2051,4422170,828,417133,5170,655445,0.081547,7912,6028077,0.749977,6088,6683522,0.831524,8037679
4,2021-07-09,15391,12257609,11806,7414721,2648,4424818,937,418070,6263,653775,0.081339,8985,6037062,0.751095,7315,6690837,0.832434,8037679
4,2021-07-10,8825,12266434,6979,7421700,1448,4426266,398,418468,3717,652929,0.081234,5021,6042083,0.75172,4175,6695012,0.832953,8037679
4,2021-07-11,4965,12271399,3976,7425676,788,4427054,201,418669,2223,652682,0.081203,2701,6044784,0.752056,2454,6697466,0.833259,8037679
4,2021-07-12,13023,12284422,10322,7435998,1984,4429038,717,419386,5057,650671,0.080953,7887,6052671,0.753037,5876,6703342,0.83399,8037679
4,2021-07-13,12772,12297194,9782,7445780,2359,4431397,631,420017,5446,649624,0.080822,7219,6059890,0.753935,6172,6709514,0.834758,8037679
4,2021-07-14,11666,12308860,9189,7454969,1929,4433326,548,420565,5051,648770,0.080716,6525,6066415,0.754747,5671,6715185,0.835463,8037679
4,2021-07-15,12386,12321246,9836,7464805,1965,4435291,585,421150,5650,648468,0.080679,6610,6073025,0.755569,6308,6721493,0.836248,8037679
4,2021-07-16,14914,12336160,11629,7476434,2618,4437909,667,421817,6877,648183,0.080643,7936,6080961,0.756557,7651,6729144,0.8372,8037679
4,2021-07-17,9319,12345479,7365,7483799,1630,4439539,324,422141,4408,648146,0.080638,4810,6085771,0.757155,4773,6733917,0.837794,8037679
4,2021-07-18,5350,12350829,4307,7488106,843,4440382,200,422341,2526,648131,0.080637,2764,6088535,0.757499,2749,6736666,0.838136,8037679
4,2021-07-19,12751,12363580,10113,7498219,1987,4442369,651,422992,6041,648285,0.080656,6618,6095153,0.758323,6772,6743438,0.838978,8037679
4,2021-07-20,13685,12377265,10547,7508766,2474,4444843,664,423656,6739,648969,0.080741,6801,6101954,0.759169,7485,6750923,0.83991,8037679
4,2021-07-21,12770,12390035,9898,7518664,2224,4447067,648,424304,6347,649735,0.080836,6287,6108241,0.759951,7053,6757976,0.840787,8037679
4,2021-07-22,13416,12403451,10471,7529135,2295,4449362,650,424954,6984,651128,0.081009,6301,6114542,0.760735,7694,6765670,0.841744,8037679
4,2021-07-23,15618,12419069,12048,7541183,2880,4452242,690,425644,8184,652824,0.08122,7265,6121807,0.761639,8961,6774631,0.842859,8037679
4,2021-07-24,9547,12428616,7476,7548659,1744,4453986,327,425971,4902,653599,0.081317,4505,6126312,0.762199,5280,6779911,0.843516,8037679
4,2021-07-25,4742,12433358,3737,7552396,852,4454838,153,426124,3348,655776,0.081588,1339,6127651,0.762366,3516,6783427,0.843953,8037679
4,2021-07-26,12866,12446224,10099,7562495,2107,4456945,660,426784,7484,658735,0.081956,5241,6132892,0.763018,8200,6791627,0.844974,8037679
4,2021-07-27,14201,12460425,10904,7573399,2546,4459491,751,427535,7658,660793,0.082212,6391,6139283,0.763813,8449,6800076,0.846025,8037679
4,2021-07-28,13084,12473509,10022,7583421,2384,4461875,678,428213,7268,663145,0.082505,5652,6144935,0.764516,8004,6808080,0.847021,8037679
4,2021-07-29,13387,12486896,10435,7593856,2253,4464128,699,428912,7528,665817,0.082837,5640,6150575,0.765218,8312,6816392,0.848055,8037679
4,2021-07-30,15678,12502574,12065,7605921,2853,4466981,760,429672,8533,668436,0.083163,6781,6157356,0.766061,9400,6825792,0.849224,8037679
4,2021-07-31,9633,12512207,7542,7613463,1702,4468683,389,430061,5463,670354,0.083401,3977,6161333,0.766556,5895,6831687,0.849958,8037679
4,2021-08-01,5395,12517602,4463,7617926,771,4469454,161,430222,3188,671635,0.083561,2102,6163435,0.766818,3383,6835070,0.850379,8037679
4,2021-08-02,13881,12531483,11128,7629054,2052,4471506,701,430923,8124,674976,0.083976,5554,6168989,0.767509,8895,6843965,0.851485,8037679
4,2021-08-03,14517,12546000,11183,7640237,2595,4474101,739,431662,8361,678221,0.08438,5931,6174920,0.768247,9176,6853141,0.852627,8037679
4,2021-08-04,13153,12559153,10287,7650524,2223,4476324,643,432305,7470,680904,0.084714,5473,6180393,0.768928,8156,6861297,0.853642,8037679
4,2021-08-05,13879,12573032,10963,7661487,2188,4478512,728,433033,7815,683669,0.085058,5824,6186217,0.769652,8589,6869886,0.85471,8037679
4,2021-08-06,15885,12588917,12310,7673797,2781,4481293,794,433827,8835,686629,0.085426,6746,6192963,0.770491,9706,6879592,0.855918,8037679
4,2021-08-07,6090,12595007,4613,7678410,1118,4482411,359,434186,3231,687477,0.085532,2762,6195725,0.770835,3610,6883202,0.856367,8037679
