vemquartile,administered_date,total_doses,cumulative_total_doses,pfizer_doses,cumulative_pfizer_doses,moderna_doses,cumulative_moderna_doses,jj_doses,cumulative_jj_doses,partially_vaccinated,total_partially_vaccinated,pct_age12pop_partially_vaccinated,fully_vaccinated,cumulative_fully_vaccinated,pct_age12pop_fully_vaccinated,at_least_one_dose,cumulative_at_least_one_dose,pct_age12pop_at_least_one_dose,age12_population
1,2020-12-15,154,154,154,154,0,0,0,0,154,154,1.8e-05,0,0,0.0,154,154,1.8e-05,8700223
1,2020-12-16,1252,1406,1252,1406,0,0,0,0,1251,1405,0.000161,0,0,0.0,1251,1405,0.000161,8700223
1,2020-12-17,4179,5585,4179,5585,0,0,0,0,4181,5586,0.000642,0,0,0.0,4181,5586,0.000642,8700223
1,2020-12-18,6403,11988,6379,11964,24,24,0,0,6407,11992,0.001378,1,1,0.0,6407,11993,0.001378,8700223
1,2020-12-19,2886,14874,2883,14847,3,27,0,0,2885,14876,0.00171,1,2,0.0,2885,14878,0.00171,8700223
1,2020-12-20,2138,17012,2127,16974,11,38,0,0,2140,17016,0.001956,0,2,0.0,2140,17018,0.001956,8700223
1,2020-12-21,7704,24716,7683,24657,21,59,0,0,7754,24770,0.002847,1,3,0.0,7755,24773,0.002847,8700223
1,2020-12-22,7374,32090,7024,31681,350,409,0,0,7374,32142,0.003694,2,5,1e-06,7374,32147,0.003695,8700223
1,2020-12-23,7924,40014,6650,38331,1274,1683,0,0,7922,40063,0.004605,2,7,1e-06,7923,40070,0.004606,8700223
1,2020-12-24,3312,43326,2369,40700,943,2626,0,0,3313,43376,0.004986,0,7,1e-06,3313,43383,0.004986,8700223
1,2020-12-25,241,43567,157,40857,84,2710,0,0,241,43617,0.005013,0,7,1e-06,241,43624,0.005014,8700223
1,2020-12-26,1374,44941,979,41836,395,3105,0,0,1373,44989,0.005171,1,8,1e-06,1373,44997,0.005172,8700223
1,2020-12-27,882,45823,547,42383,335,3440,0,0,882,45870,0.005272,1,9,1e-06,882,45879,0.005273,8700223
1,2020-12-28,7142,52965,4792,47175,2350,5790,0,0,7139,53009,0.006093,0,9,1e-06,7139,53018,0.006094,8700223
1,2020-12-29,9075,62040,5062,52237,4013,9803,0,0,9071,62078,0.007135,2,11,1e-06,9071,62089,0.007136,8700223
1,2020-12-30,11783,73823,6565,58802,5218,15021,0,0,11781,73858,0.008489,1,12,1e-06,11781,73870,0.008491,8700223
1,2020-12-31,6054,79877,1972,60774,4082,19103,0,0,6051,79905,0.009184,5,17,2e-06,6052,79922,0.009186,8700223
1,2021-01-01,631,80508,255,61029,376,19479,0,0,627,80530,0.009256,2,19,2e-06,627,80549,0.009258,8700223
1,2021-01-02,2935,83443,1776,62805,1159,20638,0,0,2935,83465,0.009593,0,19,2e-06,2935,83484,0.009596,8700223
1,2021-01-03,1058,84501,553,63358,505,21143,0,0,1056,84518,0.009714,3,22,3e-06,1056,84540,0.009717,8700223
1,2021-01-04,7412,91913,3611,66969,3801,24944,0,0,7415,91931,0.010567,2,24,3e-06,7415,91955,0.010569,8700223
1,2021-01-05,10980,102893,5287,72256,5693,30637,0,0,10177,101347,0.011649,785,809,9.3e-05,10201,102156,0.011742,8700223
1,2021-01-06,14167,117060,7097,79353,7070,37707,0,0,12215,111663,0.012834,1916,2725,0.000313,12232,114388,0.013148,8700223
1,2021-01-07,17652,134712,9182,88535,8470,46177,0,0,13117,120348,0.013833,4443,7168,0.000824,13128,127516,0.014657,8700223
1,2021-01-08,20252,154964,10490,99025,9762,55939,0,0,14275,128681,0.014791,5959,13127,0.001509,14292,141808,0.016299,8700223
1,2021-01-09,6709,161673,3412,102437,3297,59236,0,0,4834,131650,0.015132,1869,14996,0.001724,4838,146646,0.016855,8700223
1,2021-01-10,3120,164793,1779,104216,1341,60577,0,0,1923,132382,0.015216,1192,16188,0.001861,1924,148570,0.017077,8700223
1,2021-01-11,18221,183014,11908,116124,6313,66890,0,0,11591,137404,0.015793,6615,22803,0.002621,11637,160207,0.018414,8700223
1,2021-01-12,19227,202241,11009,127133,8218,75108,0,0,13182,144616,0.016622,6013,28816,0.003312,13225,173432,0.019934,8700223
1,2021-01-13,19910,222151,10777,137910,9133,84241,0,0,14728,154206,0.017724,5157,33973,0.003905,14747,188179,0.021629,8700223
1,2021-01-14,22229,244380,9560,147470,12669,96910,0,0,19383,170871,0.01964,2782,36755,0.004225,19447,207626,0.023864,8700223
1,2021-01-15,25304,269684,9272,156742,16032,112942,0,0,23344,192362,0.02211,1921,38676,0.004445,23412,231038,0.026555,8700223
1,2021-01-16,13964,283648,4571,161313,9393,122335,0,0,13063,204536,0.023509,894,39570,0.004548,13068,244106,0.028057,8700223
1,2021-01-17,5231,288879,2045,163358,3186,125521,0,0,4853,209015,0.024024,377,39947,0.004591,4856,248962,0.028616,8700223
1,2021-01-18,14406,303285,8644,172002,5762,131283,0,0,11192,217066,0.024949,3199,43146,0.004959,11250,260212,0.029909,8700223
1,2021-01-19,24858,328143,12949,184951,11909,143192,0,0,19561,231410,0.026598,5273,48419,0.005565,19617,279829,0.032163,8700223
1,2021-01-20,29529,357672,14795,199746,14734,157926,0,0,23551,249111,0.028633,5894,54313,0.006243,23595,303424,0.034875,8700223
1,2021-01-21,31417,389089,14808,214554,16609,174535,0,0,28023,273914,0.031484,3325,57638,0.006625,28128,331552,0.038108,8700223
1,2021-01-22,28493,417582,11326,225880,17167,191702,0,0,26382,298286,0.034285,2041,59679,0.006859,26413,357965,0.041144,8700223
1,2021-01-23,18741,436323,8204,234084,10537,202239,0,0,16777,313137,0.035992,1937,61616,0.007082,16788,374753,0.043074,8700223
1,2021-01-24,6682,443005,4173,238257,2509,204748,0,0,6019,318504,0.036609,657,62273,0.007158,6024,380777,0.043766,8700223
1,2021-01-25,25607,468612,10566,248823,15041,219789,0,0,19747,332553,0.038224,5811,68084,0.007826,19860,400637,0.046049,8700223
1,2021-01-26,28957,497569,13572,262395,15385,235174,0,0,22151,347990,0.039998,6742,74826,0.0086,22179,422816,0.048598,8700223
1,2021-01-27,32806,530375,15613,278008,17193,252367,0,0,24565,364472,0.041892,8172,82998,0.00954,24654,447470,0.051432,8700223
1,2021-01-28,35073,565448,16498,294506,18575,270942,0,0,27988,385573,0.044318,7014,90012,0.010346,28115,475585,0.054664,8700223
1,2021-01-29,33856,599304,16536,311042,17320,288262,0,0,27127,406216,0.04669,6582,96594,0.011102,27225,502810,0.057793,8700223
1,2021-01-30,20229,619533,8753,319795,11476,299738,0,0,17997,422100,0.048516,2199,98793,0.011355,18083,520893,0.059871,8700223
1,2021-01-31,7723,627256,5019,324814,2704,302442,0,0,7000,428388,0.049239,715,99508,0.011437,7003,527896,0.060676,8700223
1,2021-02-01,29197,656453,12591,337405,16606,319048,0,0,21302,441858,0.050787,7842,107350,0.012339,21312,549208,0.063126,8700223
1,2021-02-02,32881,689334,11877,349282,21004,340052,0,0,24545,458194,0.052665,8248,115598,0.013287,24584,573792,0.065951,8700223
1,2021-02-03,39798,729132,15307,364589,24491,364543,0,0,28546,475760,0.054684,11080,126678,0.01456,28646,602438,0.069244,8700223
1,2021-02-04,44222,773354,17230,381819,26992,391535,0,0,31776,495331,0.056933,12320,138998,0.015976,31891,634329,0.07291,8700223
1,2021-02-05,47072,820426,17199,399018,29873,421408,0,0,30709,509947,0.058613,16211,155209,0.01784,30827,665156,0.076453,8700223
1,2021-02-06,26675,847101,10555,409573,16120,437528,0,0,20683,524759,0.060316,5945,161154,0.018523,20757,685913,0.078839,8700223
1,2021-02-07,6313,853414,4059,413632,2254,439782,0,0,4654,527795,0.060665,1637,162791,0.018711,4673,690586,0.079376,8700223
1,2021-02-08,31779,885193,14491,428123,17288,457070,0,0,21138,538493,0.061894,10542,173333,0.019923,21240,711826,0.081817,8700223
1,2021-02-09,38707,923900,17069,445192,21638,478708,0,0,23797,547528,0.062933,14876,188209,0.021633,23911,735737,0.084565,8700223
1,2021-02-10,47528,971428,22223,467415,25305,504013,0,0,26983,554201,0.0637,20407,208616,0.023978,27080,762817,0.087678,8700223
1,2021-02-11,52190,1023618,25533,492948,26657,530670,0,0,31023,564496,0.064883,20851,229467,0.026375,31146,793963,0.091258,8700223
1,2021-02-12,50276,1073894,21628,514576,28648,559318,0,0,28817,572166,0.065765,21293,250760,0.028822,28963,822926,0.094587,8700223
1,2021-02-13,26542,1100436,11549,526125,14993,574311,0,0,15323,576420,0.066253,11148,261908,0.030104,15402,838328,0.096357,8700223
1,2021-02-14,11820,1112256,5588,531713,6232,580543,0,0,6714,578127,0.06645,5076,266984,0.030687,6783,845111,0.097137,8700223
1,2021-02-15,24048,1136304,9444,541157,14604,595147,0,0,14611,583544,0.067072,9311,276295,0.031757,14728,859839,0.09883,8700223
1,2021-02-16,47267,1183571,22550,563707,24717,619864,0,0,27472,591436,0.067979,19702,295997,0.034022,27594,887433,0.102001,8700223
1,2021-02-17,48633,1232204,24640,588347,23993,643857,0,0,26130,595376,0.068432,22343,318340,0.03659,26283,913716,0.105022,8700223
1,2021-02-18,51301,1283505,25668,614015,25633,669490,0,0,26502,597577,0.068685,24546,342886,0.039411,26747,940463,0.108096,8700223
1,2021-02-19,46800,1330305,25368,639383,21432,690922,0,0,26152,603314,0.069345,20479,363365,0.041765,26216,966679,0.11111,8700223
1,2021-02-20,27863,1358168,16922,656305,10941,701863,0,0,15868,607343,0.069808,11924,375289,0.043136,15953,982632,0.112943,8700223
1,2021-02-21,12463,1370631,10705,667010,1758,703621,0,0,7474,609945,0.070107,4925,380214,0.043702,7527,990159,0.113808,8700223
1,2021-02-22,31792,1402423,20877,687887,10915,714536,0,0,18262,614890,0.070675,13426,393640,0.045245,18371,1008530,0.11592,8700223
1,2021-02-23,46020,1448443,22366,710253,23654,738190,0,0,25237,620016,0.071264,20480,414120,0.047599,25606,1034136,0.118863,8700223
1,2021-02-24,56061,1504504,27107,737360,28954,767144,0,0,30816,626299,0.071987,24991,439111,0.050471,31274,1065410,0.122458,8700223
1,2021-02-25,68687,1573191,33358,770718,35329,802473,0,0,42452,643253,0.073935,26000,465111,0.05346,42954,1108364,0.127395,8700223
1,2021-02-26,76775,1649966,35945,806663,40830,843303,0,0,50108,667492,0.076721,26354,491465,0.056489,50593,1158957,0.13321,8700223
1,2021-02-27,52861,1702827,24276,830939,28574,871877,11,11,34654,684437,0.078669,17991,509456,0.058557,34936,1193893,0.137226,8700223
1,2021-02-28,20308,1723135,12058,842997,8248,880125,2,13,14855,694078,0.079777,5360,514816,0.059173,15001,1208894,0.13895,8700223
1,2021-03-01,46388,1769523,21451,864448,24874,904999,63,76,29775,707752,0.081349,16414,531230,0.061059,30088,1238982,0.142408,8700223
1,2021-03-02,64999,1834522,28107,892555,36880,941879,12,88,41336,726278,0.083478,23471,554701,0.063757,41997,1280979,0.147235,8700223
1,2021-03-03,72313,1906835,34422,926977,37860,979739,31,119,43926,742696,0.085365,28154,582855,0.066993,44572,1325551,0.152358,8700223
1,2021-03-04,80275,1987110,37668,964645,42569,1022308,38,157,51441,766117,0.088057,28577,611432,0.070278,51998,1377549,0.158335,8700223
1,2021-03-05,79308,2066418,35742,1000387,43358,1065666,208,365,52836,793649,0.091222,26162,637594,0.073285,53694,1431243,0.164506,8700223
1,2021-03-06,58107,2124525,27636,1028023,29121,1094787,1350,1715,39309,816020,0.093793,18650,656244,0.075428,41021,1472264,0.169221,8700223
1,2021-03-07,21032,2145557,13064,1041087,6771,1101558,1197,2912,15553,827564,0.09512,5451,661695,0.076055,16995,1489259,0.171175,8700223
1,2021-03-08,46196,2191753,22555,1063642,21681,1123239,1960,4872,32336,848446,0.09752,13745,675440,0.077635,34627,1523886,0.175155,8700223
1,2021-03-09,67067,2258820,32490,1096132,32062,1155301,2515,7387,41268,866940,0.099646,25617,701057,0.080579,44111,1567997,0.180225,8700223
1,2021-03-10,74315,2333135,37019,1133151,32792,1188093,4504,11891,45735,889091,0.102192,28439,729496,0.083848,50590,1618587,0.18604,8700223
1,2021-03-11,90497,2423632,41637,1174788,40836,1228929,8024,19915,52645,912600,0.104894,37596,767092,0.088169,61105,1679692,0.193063,8700223
1,2021-03-12,99389,2523021,43795,1218583,43133,1272062,12461,32376,57957,942242,0.108301,41191,808283,0.092904,70833,1750525,0.201205,8700223
1,2021-03-13,65489,2588510,29585,1248168,28196,1300258,7708,40084,41693,968280,0.111294,23650,831933,0.095622,49688,1800213,0.206916,8700223
1,2021-03-14,27969,2616479,14969,1263137,9435,1309693,3565,43649,15658,975449,0.112118,12231,844164,0.097028,19400,1819613,0.209146,8700223
1,2021-03-15,65409,2681888,28849,1291986,29804,1339497,6756,50405,38445,994249,0.114279,26732,870896,0.1001,45532,1865145,0.214379,8700223
1,2021-03-16,86018,2767906,39212,1331198,41134,1380631,5672,56077,53252,1020977,0.117351,32529,903425,0.103839,59257,1924402,0.22119,8700223
1,2021-03-17,93442,2861348,45626,1376824,41266,1421897,6550,62627,60060,1054805,0.121239,33122,936547,0.107646,66950,1991352,0.228885,8700223
1,2021-03-18,99114,2960462,51121,1427945,42271,1464168,5722,68349,59885,1082038,0.124369,38851,975398,0.112112,66084,2057436,0.236481,8700223
1,2021-03-19,104034,3064496,53856,1481801,43867,1508035,6311,74660,60678,1106499,0.127181,43034,1018432,0.117058,67495,2124931,0.244239,8700223
1,2021-03-20,72980,3137476,37394,1519195,30369,1538404,5217,79877,46863,1132930,0.130219,25917,1044349,0.120037,52348,2177279,0.250256,8700223
1,2021-03-21,27433,3164909,19090,1538285,6534,1544938,1809,81686,17069,1141632,0.131219,10262,1054611,0.121217,18964,2196243,0.252435,8700223
1,2021-03-22,59424,3224333,30680,1568965,25436,1570374,3308,84994,39921,1165956,0.134014,19269,1073880,0.123431,43593,2239836,0.257446,8700223
1,2021-03-23,83697,3308030,42634,1611599,37423,1607797,3640,88634,51295,1189206,0.136687,32131,1106011,0.127124,55381,2295217,0.263811,8700223
1,2021-03-24,88617,3396647,44840,1656439,39401,1647198,4376,93010,52753,1210934,0.139184,35554,1141565,0.131211,57282,2352499,0.270395,8700223
1,2021-03-25,97520,3494167,49917,1706356,41750,1688948,5853,98863,53939,1227695,0.141111,43231,1184796,0.13618,59992,2412491,0.277291,8700223
1,2021-03-26,105831,3599998,51399,1757755,48102,1737050,6330,105193,56700,1242274,0.142786,48741,1233537,0.141782,63320,2475811,0.284569,8700223
1,2021-03-27,74639,3674637,38557,1796312,31864,1768914,4218,109411,38339,1248963,0.143555,36058,1269595,0.145927,42747,2518558,0.289482,8700223
1,2021-03-28,32880,3707517,21503,1817815,10148,1779062,1229,110640,16437,1250753,0.143761,16325,1285920,0.147803,18115,2536673,0.291564,8700223
1,2021-03-29,68802,3776319,33894,1851709,31736,1810798,3172,113812,37899,1261373,0.144982,30660,1316580,0.151327,41280,2577953,0.296309,8700223
1,2021-03-30,93687,3870006,45805,1897514,41468,1852266,6414,120226,48092,1270592,0.146041,45353,1361933,0.15654,54572,2632525,0.302581,8700223
1,2021-03-31,102269,3972275,53245,1950759,42768,1895034,6256,126482,55993,1286958,0.147922,45924,1407857,0.161818,62290,2694815,0.309741,8700223
1,2021-04-01,113889,4086164,54387,2005146,50664,1945698,8838,135320,57790,1298014,0.149193,55594,1463451,0.168208,66650,2761465,0.317402,8700223
1,2021-04-02,113023,4199187,51449,2056595,51809,1997507,9765,145085,57329,1310064,0.150578,55234,1518685,0.174557,67284,2828749,0.325135,8700223
1,2021-04-03,78877,4278064,39668,2096263,29495,2027002,9714,154799,37022,1315191,0.151168,41653,1560338,0.179345,46780,2875529,0.330512,8700223
1,2021-04-04,23851,4301915,11866,2108129,8498,2035500,3487,158286,9935,1314761,0.151118,13838,1574176,0.180935,13408,2888937,0.332053,8700223
1,2021-04-05,77873,4379788,37085,2145214,31359,2066859,9429,167715,35046,1316775,0.15135,42597,1616773,0.185831,44611,2933548,0.337181,8700223
1,2021-04-06,105052,4484840,49764,2194978,38560,2105419,16728,184443,47539,1323850,0.152163,57185,1673958,0.192404,64260,2997808,0.344567,8700223
1,2021-04-07,113114,4597954,54849,2249827,40565,2145984,17700,202143,51001,1330751,0.152956,61777,1735735,0.199505,68678,3066486,0.352461,8700223
1,2021-04-08,123471,4721425,58433,2308260,43892,2189876,21146,223289,54610,1338101,0.153801,68415,1804150,0.207368,75765,3142251,0.361169,8700223
1,2021-04-09,124623,4846048,56805,2365065,46868,2236744,20950,244239,54715,1344243,0.154507,69519,1873669,0.215359,75661,3217912,0.369865,8700223
1,2021-04-10,97518,4943566,43497,2408562,30950,2267694,23071,267310,38618,1347184,0.154845,58658,1932327,0.222101,61599,3279511,0.376946,8700223
1,2021-04-11,36790,4980356,20427,2428989,9459,2277153,6904,274214,14872,1347209,0.154848,21842,1954169,0.224611,21867,3301378,0.379459,8700223
1,2021-04-12,75290,5055646,33660,2462649,31548,2308701,10082,284296,32018,1346474,0.154763,42956,1997125,0.229549,42221,3343599,0.384312,8700223
1,2021-04-13,98512,5154158,52644,2515293,45522,2354223,346,284642,53203,1355387,0.155788,44984,2042109,0.234719,53897,3397496,0.390507,8700223
1,2021-04-14,105492,5259650,54665,2569958,50747,2404970,80,284722,53576,1357903,0.156077,51512,2093621,0.24064,54028,3451524,0.396717,8700223
1,2021-04-15,106285,5365935,57762,2627720,48430,2453400,93,284815,56330,1365163,0.156911,49339,2142960,0.246311,56599,3508123,0.403222,8700223
1,2021-04-16,111346,5477281,57036,2684756,54219,2507619,91,284906,55614,1365897,0.156996,55162,2198122,0.252651,55896,3564019,0.409647,8700223
1,2021-04-17,83690,5560971,45482,2730238,38196,2545815,12,284918,46676,1376002,0.158157,36748,2234870,0.256875,46853,3610872,0.415032,8700223
1,2021-04-18,30610,5591581,20718,2750956,9885,2555700,7,284925,15309,1376323,0.158194,15204,2250074,0.258623,15525,3626397,0.416817,8700223
1,2021-04-19,67368,5658949,34103,2785059,33252,2588952,13,284938,30354,1370194,0.15749,36627,2286701,0.262832,30498,3656895,0.420322,8700223
1,2021-04-20,88628,5747577,44595,2829654,44009,2632961,24,284962,41290,1364759,0.156865,46950,2333651,0.268229,41515,3698410,0.425094,8700223
1,2021-04-21,98033,5845610,51114,2880768,46816,2679777,103,285065,43693,1355063,0.15575,53736,2387387,0.274405,44040,3742450,0.430156,8700223
1,2021-04-22,97944,5943554,51229,2931997,46696,2726473,19,285084,44804,1347510,0.154882,52597,2439984,0.280451,45044,3787494,0.435333,8700223
1,2021-04-23,102987,6046541,53194,2985191,49764,2776237,29,285113,48875,1343099,0.154375,53555,2493539,0.286606,49144,3836638,0.440982,8700223
1,2021-04-24,76955,6123496,47726,3032917,29202,2805439,27,285140,43299,1353206,0.155537,33481,2527020,0.290455,43588,3880226,0.445992,8700223
1,2021-04-25,27440,6150936,17468,3050385,9956,2815395,16,285156,15628,1357313,0.156009,11680,2538700,0.291797,15787,3896013,0.447806,8700223
1,2021-04-26,66684,6217620,35003,3085388,31273,2846668,408,285564,31448,1354599,0.155697,34906,2573606,0.295809,32192,3928205,0.451506,8700223
1,2021-04-27,82044,6299664,43632,3129020,37106,2883774,1306,286870,35397,1345312,0.15463,46330,2619936,0.301134,37043,3965248,0.455764,8700223
1,2021-04-28,81858,6381522,43577,3172597,36763,2920537,1518,288388,35771,1337120,0.153688,45705,2665641,0.306388,37513,4002761,0.460076,8700223
1,2021-04-29,85361,6466883,46989,3219586,36739,2957276,1633,290021,34706,1323372,0.152108,50253,2715894,0.312164,36505,4039266,0.464272,8700223
1,2021-04-30,92959,6559842,50322,3269908,40740,2998016,1897,291918,38609,1310057,0.150577,53979,2769873,0.318368,40664,4079930,0.468945,8700223
1,2021-05-01,64111,6623953,41342,3311250,21333,3019349,1436,293354,26992,1301862,0.149635,36834,2806707,0.322602,28639,4108569,0.472237,8700223
1,2021-05-02,23569,6647522,16695,3327945,6290,3025639,584,293938,9473,1297968,0.149188,13978,2820685,0.324208,10084,4118653,0.473396,8700223
1,2021-05-03,56580,6704102,31378,3359323,23345,3048984,1857,295795,20483,1284538,0.147644,35821,2856506,0.328326,22391,4141044,0.47597,8700223
1,2021-05-04,76174,6780276,43909,3403232,30163,3079147,2102,297897,27243,1265356,0.145439,48604,2905110,0.333912,29422,4170466,0.479352,8700223
1,2021-05-05,78580,6858856,45568,3448800,30703,3109850,2309,300206,26540,1242625,0.142827,51659,2956769,0.33985,28928,4199394,0.482677,8700223
1,2021-05-06,80116,6938972,48667,3497467,29264,3139114,2185,302391,24895,1215063,0.139659,54796,3011565,0.346148,27234,4226628,0.485807,8700223
1,2021-05-07,83718,7022690,47643,3545110,33874,3172988,2201,304592,27804,1189704,0.136744,55428,3066993,0.352519,30069,4256697,0.489263,8700223
1,2021-05-08,57640,7080330,36195,3581305,19789,3192777,1656,306248,19540,1173243,0.134852,37741,3104734,0.356857,21280,4277977,0.491709,8700223
1,2021-05-09,18374,7098704,13188,3594493,4708,3197485,478,306726,5568,1166603,0.134089,12720,3117454,0.358319,6080,4284057,0.492408,8700223
1,2021-05-10,44451,7143155,22511,3617004,20106,3217591,1834,308560,14835,1154053,0.132646,29309,3146763,0.361688,16759,4300816,0.494334,8700223
1,2021-05-11,63015,7206170,34272,3651276,26574,3244165,2169,310729,20689,1135001,0.130457,42018,3188781,0.366517,22966,4323782,0.496974,8700223
1,2021-05-12,63171,7269341,33581,3684857,27518,3271683,2072,312801,20733,1115782,0.128248,42085,3230866,0.371354,22866,4346648,0.499602,8700223
1,2021-05-13,67445,7336786,39588,3724445,25866,3297549,1991,314792,25676,1102371,0.126706,41361,3272227,0.376108,27950,4374598,0.502814,8700223
1,2021-05-14,77031,7413817,46446,3770891,28174,3325723,2411,317203,31080,1090621,0.125356,45519,3317746,0.38134,33769,4408367,0.506696,8700223
1,2021-05-15,66968,7480785,43977,3814868,21220,3346943,1771,318974,26657,1079147,0.124037,39970,3357716,0.385934,28496,4436863,0.509971,8700223
1,2021-05-16,25140,7505925,18534,3833402,5984,3352927,622,319596,10246,1075295,0.123594,14766,3372482,0.387632,10914,4447777,0.511226,8700223
1,2021-05-17,54517,7560442,33312,3866714,19421,3372348,1784,321380,23081,1069066,0.122878,31149,3403631,0.391212,24920,4472697,0.51409,8700223
1,2021-05-18,65372,7625814,39406,3906120,24123,3396471,1843,323223,28344,1062617,0.122137,36725,3440356,0.395433,30276,4502973,0.51757,8700223
1,2021-05-19,66766,7692580,40671,3946791,24152,3420623,1943,325166,29855,1057892,0.121594,36598,3476954,0.39964,31873,4534846,0.521233,8700223
1,2021-05-20,65096,7757676,37791,3984582,25068,3445691,2237,327403,26757,1049115,0.120585,37968,3514922,0.404004,29191,4564037,0.524589,8700223
1,2021-05-21,70772,7828448,42334,4026916,26558,3472249,1880,329283,29164,1039073,0.119431,41178,3556100,0.408737,31136,4595173,0.528167,8700223
1,2021-05-22,56617,7885065,37254,4064170,17631,3489880,1732,331015,24605,1033789,0.118823,31713,3587813,0.412382,26429,4621602,0.531205,8700223
1,2021-05-23,20567,7905632,14384,4078554,5596,3495476,587,331602,9531,1033009,0.118734,10923,3598736,0.413637,10143,4631745,0.532371,8700223
1,2021-05-24,44339,7949971,24746,4103300,17740,3513216,1853,333455,17945,1026771,0.118017,26115,3624851,0.416639,19877,4651622,0.534655,8700223
1,2021-05-25,51616,8001587,29759,4133059,20131,3533347,1726,335181,21450,1020184,0.11726,29854,3654705,0.42007,23267,4674889,0.53733,8700223
1,2021-05-26,48958,8050545,27751,4160810,19292,3552639,1915,337096,20763,1015032,0.116667,27868,3682573,0.423273,22716,4697605,0.539941,8700223
1,2021-05-27,47515,8098060,26692,4187502,18900,3571539,1923,339019,20361,1010585,0.116156,26842,3709415,0.426359,22395,4720000,0.542515,8700223
1,2021-05-28,53281,8151341,29775,4217277,21651,3593190,1855,340874,23883,1007412,0.115792,29036,3738451,0.429696,25863,4745863,0.545488,8700223
1,2021-05-29,30933,8182274,18741,4236018,11214,3604404,978,341852,14686,1007056,0.115751,16075,3754526,0.431544,15719,4761582,0.547294,8700223
1,2021-05-30,11734,8194008,7584,4243602,3590,3607994,560,342412,5529,1007041,0.115749,6129,3760655,0.432248,6114,4767696,0.547997,8700223
1,2021-05-31,5826,8199834,3315,4246917,2250,3610244,261,342673,2039,1005632,0.115587,3720,3764375,0.432676,2311,4770007,0.548263,8700223
1,2021-06-01,46505,8246339,26349,4273266,18568,3628812,1588,344261,17629,996418,0.114528,28492,3792867,0.435951,19278,4789285,0.550478,8700223
1,2021-06-02,40583,8286922,23590,4296856,15475,3644287,1518,345779,16402,990565,0.113855,23853,3816720,0.438692,18000,4807285,0.552547,8700223
1,2021-06-03,42027,8328949,26351,4323207,13937,3658224,1739,347518,16074,982821,0.112965,25631,3842351,0.441638,17887,4825172,0.554603,8700223
1,2021-06-04,50890,8379839,32599,4355806,16466,3674690,1825,349343,18264,970752,0.111578,32236,3874587,0.445343,20167,4845339,0.556921,8700223
1,2021-06-05,40731,8420570,27797,4383603,10913,3685603,2021,351364,14267,960857,0.110441,26235,3900822,0.448359,16340,4861679,0.558799,8700223
1,2021-06-06,13261,8433831,10619,4394222,2126,3687729,516,351880,4570,957403,0.110044,8601,3909423,0.449347,5147,4866826,0.559391,8700223
1,2021-06-07,34367,8468198,23714,4417936,9277,3697006,1376,353256,12301,949303,0.109112,21831,3931254,0.451857,13731,4880557,0.560969,8700223
1,2021-06-08,42499,8510697,29408,4447344,11427,3708433,1664,354920,14800,938453,0.107865,27403,3958657,0.455006,16553,4897110,0.562872,8700223
1,2021-06-09,42412,8553109,29409,4476753,11348,3719781,1655,356575,13807,925694,0.106399,28279,3986936,0.458257,15520,4912630,0.564656,8700223
1,2021-06-10,39383,8592492,26515,4503268,11151,3730932,1717,358292,13430,915259,0.105199,25682,4012618,0.461209,15247,4927877,0.566408,8700223
1,2021-06-11,44654,8637146,29637,4532905,13312,3744244,1705,359997,15929,904575,0.103971,28397,4041015,0.464473,17713,4945590,0.568444,8700223
1,2021-06-12,34098,8671244,24653,4557558,8223,3752467,1222,361219,11191,894373,0.102799,22682,4063697,0.46708,12480,4958070,0.569878,8700223
1,2021-06-13,11708,8682952,8517,4566075,2709,3755176,482,361701,3414,890084,0.102306,8218,4071915,0.468024,3929,4961999,0.57033,8700223
1,2021-06-14,31403,8714355,21173,4587248,8892,3764068,1338,363039,11727,883719,0.101574,19459,4091374,0.470261,13094,4975093,0.571835,8700223
1,2021-06-15,37896,8752251,24862,4612110,11160,3775228,1874,364913,14098,876288,0.10072,23491,4114865,0.472961,16060,4991153,0.573681,8700223
1,2021-06-16,36028,8788279,24375,4636485,9799,3785027,1854,366767,13600,869669,0.099959,22130,4136995,0.475504,15511,5006664,0.575464,8700223
1,2021-06-17,34000,8822279,22485,4658970,9542,3794569,1973,368740,13284,864560,0.099372,20450,4157445,0.477855,15341,5022005,0.577227,8700223
1,2021-06-18,39928,8862207,25943,4684913,11116,3805685,2869,371609,15458,858767,0.098706,24172,4181617,0.480633,18379,5040384,0.57934,8700223
1,2021-06-19,24120,8886327,16739,4701652,6178,3811863,1203,372812,9801,855667,0.09835,14143,4195760,0.482259,11043,5051427,0.580609,8700223
1,2021-06-20,8171,8894498,5986,4707638,1908,3813771,277,373089,3235,854326,0.098196,4863,4200623,0.482818,3522,5054949,0.581014,8700223
1,2021-06-21,21090,8915588,11936,4719574,6957,3820728,2197,375286,10978,857561,0.098568,9988,4210611,0.483966,13223,5068172,0.582534,8700223
1,2021-06-22,31020,8946608,20247,4739821,8611,3829339,2162,377448,12949,854890,0.098261,17845,4228456,0.486017,15174,5083346,0.584278,8700223
1,2021-06-23,29557,8976165,19855,4759676,7871,3837210,1831,379279,12853,853123,0.098058,16476,4244932,0.487911,14709,5098055,0.585968,8700223
1,2021-06-24,28642,9004807,19090,4778766,7871,3845081,1681,380960,12128,850697,0.097779,16301,4261233,0.489784,13875,5111930,0.587563,8700223
1,2021-06-25,32011,9036818,21663,4800429,8924,3854005,1424,382384,14021,848461,0.097522,17736,4278969,0.491823,15500,5127430,0.589345,8700223
1,2021-06-26,22672,9059490,16840,4817269,4987,3858992,845,383229,9892,846599,0.097308,12647,4291616,0.493277,10785,5138215,0.590584,8700223
1,2021-06-27,9293,9068783,6926,4824195,1928,3860920,439,383668,4114,846064,0.097246,5104,4296720,0.493863,4569,5142784,0.591109,8700223
1,2021-06-28,21476,9090259,15962,4840157,4250,3865170,1264,384932,9950,846008,0.09724,11315,4308035,0.495164,11259,5154043,0.592404,8700223
1,2021-06-29,27263,9117522,18678,4858835,7184,3872354,1401,386333,12086,844572,0.097075,14981,4323016,0.496886,13545,5167588,0.59396,8700223
1,2021-06-30,26570,9144092,18409,4877244,7090,3879444,1071,387404,12703,844780,0.097099,13639,4336655,0.498453,13847,5181435,0.595552,8700223
1,2021-07-01,24312,9168404,16904,4894148,6096,3885540,1312,388716,11290,844608,0.097079,12848,4349503,0.49993,12676,5194111,0.597009,8700223
1,2021-07-02,27146,9195550,18667,4912815,7420,3892960,1059,389775,12726,844267,0.09704,14206,4363709,0.501563,13865,5207976,0.598603,8700223
1,2021-07-03,15052,9210602,10515,4923330,4079,3897039,458,390233,7205,844261,0.097039,7703,4371412,0.502448,7697,5215673,0.599487,8700223
1,2021-07-04,1296,9211898,729,4924059,499,3897538,68,390301,629,844307,0.097044,656,4372068,0.502524,702,5216375,0.599568,8700223
1,2021-07-05,11252,9223150,7800,4931859,3086,3900624,366,390667,5342,844230,0.097035,5833,4377901,0.503194,5756,5222131,0.60023,8700223
1,2021-07-06,27857,9251007,19695,4951554,7004,3907628,1158,391825,11149,840135,0.096565,16502,4394403,0.505091,12407,5234538,0.601656,8700223
1,2021-07-07,24177,9275184,16922,4968476,6083,3913711,1172,392997,10400,838207,0.096343,13584,4407987,0.506652,11656,5246194,0.602995,8700223
1,2021-07-08,23214,9298398,16091,4984567,6022,3919733,1101,394098,9974,836334,0.096128,13035,4421022,0.50815,11162,5257356,0.604278,8700223
1,2021-07-09,27389,9325787,19379,5003946,6835,3926568,1175,395273,12365,835089,0.095985,14839,4435861,0.509856,13594,5270950,0.605841,8700223
1,2021-07-10,18095,9343882,13051,5016997,4270,3930838,774,396047,8060,834066,0.095867,9903,4445764,0.510994,8880,5279830,0.606861,8700223
1,2021-07-11,6815,9350697,4986,5021983,1622,3932460,207,396254,3292,834112,0.095872,3471,4449235,0.511393,3517,5283347,0.607266,8700223
1,2021-07-12,20468,9371165,14714,5036697,4850,3937310,904,397158,9085,832958,0.09574,11235,4460470,0.512685,10081,5293428,0.608424,8700223
1,2021-07-13,22690,9393855,15834,5052531,6032,3943342,824,397982,10624,832582,0.095697,11910,4472380,0.514053,11534,5304962,0.60975,8700223
1,2021-07-14,22656,9416511,15567,5068098,6098,3949440,991,398973,10214,831617,0.095586,12279,4484659,0.515465,11314,5316276,0.611051,8700223
1,2021-07-15,22025,9438536,15611,5083709,5678,3955118,736,399709,10660,831901,0.095618,11217,4495876,0.516754,11501,5327777,0.612372,8700223
1,2021-07-16,27138,9465674,18969,5102678,7159,3962277,1010,400719,13454,832938,0.095738,13512,4509388,0.518307,14549,5342326,0.614045,8700223
1,2021-07-17,18842,9484516,13616,5116294,4520,3966797,706,401425,9279,833532,0.095806,9427,4518815,0.519391,10021,5352347,0.615197,8700223
1,2021-07-18,7512,9492028,5548,5121842,1678,3968475,286,401711,3838,834057,0.095866,3615,4522430,0.519806,4140,5356487,0.615672,8700223
1,2021-07-19,21044,9513072,15238,5137080,4969,3973444,837,402548,10550,835185,0.095996,10354,4532784,0.520996,11482,5367969,0.616992,8700223
1,2021-07-20,25098,9538170,17350,5154430,6858,3980302,890,403438,12903,837062,0.096212,12007,4544791,0.522376,13884,5381853,0.618588,8700223
1,2021-07-21,25456,9563626,17881,5172311,6359,3986661,1216,404654,13010,839121,0.096448,12283,4557074,0.523788,14342,5396195,0.620236,8700223
1,2021-07-22,24526,9588152,17346,5189657,6335,3992996,845,405499,13359,842433,0.096829,10983,4568057,0.525051,14295,5410490,0.621879,8700223
1,2021-07-23,29300,9617452,20726,5210383,7548,4000544,1026,406525,16337,847105,0.097366,12756,4580813,0.526517,17428,5427918,0.623883,8700223
1,2021-07-24,18213,9635665,12857,5223240,4787,4005331,569,407094,10712,851031,0.097817,7380,4588193,0.527365,11306,5439224,0.625182,8700223
1,2021-07-25,7538,9643203,5424,5228664,1997,4007328,117,407211,5619,854911,0.098263,1876,4590069,0.527581,5756,5444980,0.625844,8700223
1,2021-07-26,21644,9664847,14969,5243633,5911,4013239,764,407975,13999,862236,0.099105,7509,4597578,0.528444,14834,5459814,0.627549,8700223
1,2021-07-27,27188,9692035,19421,5263054,6824,4020063,943,408918,16013,868245,0.099796,11000,4608578,0.529708,17009,5476823,0.629504,8700223
1,2021-07-28,28168,9720203,19979,5283033,7311,4027374,878,409796,17277,875766,0.10066,10705,4619283,0.530938,18226,5495049,0.631599,8700223
1,2021-07-29,26800,9747003,19009,5302042,6994,4034368,797,410593,16763,883528,0.101552,9860,4629143,0.532072,17622,5512671,0.633624,8700223
1,2021-07-30,31316,9778319,22404,5324446,8007,4042375,905,411498,19161,891689,0.10249,11943,4641086,0.533444,20104,5532775,0.635935,8700223
1,2021-07-31,20009,9798328,14520,5338966,4947,4047322,542,412040,12443,897295,0.103135,7403,4648489,0.534295,13009,5545784,0.63743,8700223
1,2021-08-01,8889,9807217,6698,5345664,2064,4049386,127,412167,6091,900792,0.103537,2749,4651238,0.534611,6246,5552030,0.638148,8700223
1,2021-08-02,24978,9832195,18598,5364262,5668,4055054,712,412879,16249,909235,0.104507,8568,4659806,0.535596,17011,5569041,0.640103,8700223
1,2021-08-03,28867,9861062,20921,5385183,7009,4062063,937,413816,18129,917786,0.10549,10548,4670354,0.536809,19099,5588140,0.642298,8700223
1,2021-08-04,27716,9888778,20150,5405333,6686,4068749,880,414696,17621,926446,0.106485,9888,4680242,0.537945,18548,5606688,0.64443,8700223
1,2021-08-05,27509,9916287,20185,5425518,6418,4075167,906,415602,17363,934796,0.107445,9941,4690183,0.539088,18291,5624979,0.646533,8700223
1,2021-08-06,33925,9950212,25005,5450523,7944,4083111,976,416578,21186,944502,0.108561,12500,4702683,0.540524,22206,5647185,0.649085,8700223
1,2021-08-07,21766,9971978,16322,5466845,4876,4087987,568,417146,13556,950560,0.109257,8080,4710763,0.541453,14138,5661323,0.65071,8700223
1,2021-08-08,10518,9982496,7681,5474526,2636,4090623,201,417347,6840,954002,0.109653,3608,4714371,0.541868,7050,5668373,0.65152,8700223
1,2021-08-09,27855,10010351,20862,5495388,6179,4096802,814,418161,17211,961611,0.110527,10450,4724821,0.543069,18059,5686432,0.653596,8700223
1,2021-08-10,29324,10039675,21558,5516946,6896,4103698,870,419031,17468,968358,0.111303,11645,4736466,0.544407,18392,5704824,0.65571,8700223
1,2021-08-11,27037,10066712,19901,5536847,6219,4109917,917,419948,15942,974360,0.111993,10883,4747349,0.545658,16885,5721709,0.657651,8700223
1,2021-08-12,28738,10095450,20657,5557504,7036,4116953,1045,420993,17165,981309,0.112791,11284,4758633,0.546955,18233,5739942,0.659747,8700223
1,2021-08-13,36017,10131467,26172,5583676,8797,4125750,1048,422041,20959,988611,0.113631,14751,4773384,0.548651,22053,5761995,0.662281,8700223
1,2021-08-14,23921,10155388,18169,5601845,5196,4130946,556,422597,13694,993105,0.114147,9774,4783158,0.549774,14268,5776263,0.663921,8700223
1,2021-08-15,10554,10165942,7781,5609626,2617,4133563,156,422753,6105,995244,0.114393,4144,4787302,0.55025,6283,5782546,0.664643,8700223
1,2021-08-16,29019,10194961,20590,5630216,7640,4141203,789,423542,16016,999953,0.114934,12127,4799429,0.551644,16836,5799382,0.666579,8700223
1,2021-08-17,31577,10226538,22394,5652610,8268,4149471,915,424457,16631,1003527,0.115345,14012,4813441,0.553255,17586,5816968,0.6686,8700223
1,2021-08-18,31472,10258010,22562,5675172,8028,4157499,882,425339,16001,1006176,0.115649,14281,4827722,0.554896,16930,5833898,0.670546,8700223
1,2021-08-19,30721,10288731,21909,5697081,7809,4165308,1003,426342,15706,1009147,0.115991,13775,4841497,0.55648,16746,5850644,0.672471,8700223
1,2021-08-20,37759,10326490,27434,5724515,9388,4174696,937,427279,19157,1012208,0.116343,17065,4858562,0.558441,20126,5870770,0.674784,8700223
1,2021-08-21,22967,10349457,17170,5741685,5234,4179930,563,427842,11255,1013069,0.116442,10971,4869533,0.559702,11832,5882602,0.676144,8700223
1,2021-08-22,11862,10361319,8686,5750371,2974,4182904,202,428044,5976,1013763,0.116521,5498,4875031,0.560334,6192,5888794,0.676856,8700223
1,2021-08-23,30768,10392087,22821,5773192,7220,4190124,727,428771,14868,1014627,0.116621,14794,4889825,0.562034,15658,5904452,0.678655,8700223
1,2021-08-24,31436,10423523,23828,5797020,6788,4196912,820,429591,14908,1015069,0.116672,15350,4905175,0.563799,15792,5920244,0.68047,8700223
1,2021-08-25,30909,10454432,23448,5820468,6745,4203657,716,430307,14437,1014991,0.116663,15282,4920457,0.565555,15204,5935448,0.682218,8700223
1,2021-08-26,30525,10484957,22782,5843250,6875,4210532,868,431175,14408,1015581,0.11673,14728,4935185,0.567248,15318,5950766,0.683979,8700223
1,2021-08-27,36990,10521947,28391,5871641,7857,4218389,742,431917,16832,1014685,0.116627,18544,4953729,0.56938,17648,5968414,0.686007,8700223
1,2021-08-28,15149,10537096,11555,5883196,3232,4221621,362,432279,6300,1013101,0.116445,8275,4962004,0.570331,6691,5975105,0.686776,8700223
2,2020-12-15,263,263,263,263,0,0,0,0,263,263,3.1e-05,0,0,0.0,263,263,3.1e-05,8407551
2,2020-12-16,2343,2606,2343,2606,0,0,0,0,2344,2607,0.00031,0,0,0.0,2344,2607,0.00031,8407551
2,2020-12-17,7256,9862,7256,9862,0,0,0,0,7255,9862,0.001173,0,0,0.0,7255,9862,0.001173,8407551
2,2020-12-18,11185,21047,11164,21026,21,21,0,0,11189,21051,0.002504,0,0,0.0,11189,21051,0.002504,8407551
2,2020-12-19,5650,26697,5643,26669,7,28,0,0,5652,26703,0.003176,0,0,0.0,5652,26703,0.003176,8407551
2,2020-12-20,4267,30964,4250,30919,17,45,0,0,4260,30962,0.003683,1,1,0.0,4260,30963,0.003683,8407551
2,2020-12-21,12897,43861,12867,43786,30,75,0,0,12852,43814,0.005211,0,1,0.0,12852,43815,0.005211,8407551
2,2020-12-22,12316,56177,11782,55568,534,609,0,0,12315,56129,0.006676,0,1,0.0,12315,56130,0.006676,8407551
2,2020-12-23,11837,68014,9570,65138,2267,2876,0,0,11838,67966,0.008084,2,3,0.0,11839,67969,0.008084,8407551
2,2020-12-24,5921,73935,3503,68641,2418,5294,0,0,5919,73884,0.008788,3,6,1e-06,5921,73890,0.008789,8407551
2,2020-12-25,504,74439,420,69061,84,5378,0,0,507,74391,0.008848,0,6,1e-06,507,74397,0.008849,8407551
2,2020-12-26,2592,77031,1676,70737,916,6294,0,0,2593,76983,0.009156,1,7,1e-06,2593,76990,0.009157,8407551
2,2020-12-27,2246,79277,1221,71958,1025,7319,0,0,2243,79224,0.009423,2,9,1e-06,2243,79233,0.009424,8407551
2,2020-12-28,11158,90435,7236,79194,3922,11241,0,0,11158,90379,0.01075,3,12,1e-06,11158,90391,0.010751,8407551
2,2020-12-29,13016,103451,7321,86515,5695,16936,0,0,13021,103400,0.012298,0,12,1e-06,13021,103412,0.0123,8407551
2,2020-12-30,15771,119222,8852,95367,6919,23855,0,0,15765,119162,0.014173,5,17,2e-06,15767,119179,0.014175,8407551
2,2020-12-31,7648,126870,2849,98216,4799,28654,0,0,7639,126795,0.015081,6,23,3e-06,7639,126818,0.015084,8407551
2,2021-01-01,1452,128322,702,98918,750,29404,0,0,1447,128238,0.015253,4,27,3e-06,1447,128265,0.015256,8407551
2,2021-01-02,4890,133212,2787,101705,2103,31507,0,0,4885,133121,0.015834,2,29,3e-06,4885,133150,0.015837,8407551
2,2021-01-03,1438,134650,814,102519,624,32131,0,0,1430,134547,0.016003,4,33,4e-06,1430,134580,0.016007,8407551
2,2021-01-04,11830,146480,5632,108151,6198,38329,0,0,11816,146359,0.017408,4,37,4e-06,11816,146396,0.017412,8407551
2,2021-01-05,14056,160536,7047,115198,7009,45338,0,0,12801,157943,0.018786,1250,1287,0.000153,12834,159230,0.018939,8407551
2,2021-01-06,19313,179849,10695,125893,8618,53956,0,0,15280,169267,0.020133,3971,5258,0.000625,15295,174525,0.020758,8407551
2,2021-01-07,23519,203368,13270,139163,10249,64205,0,0,15745,177247,0.021082,7784,13042,0.001551,15764,190289,0.022633,8407551
2,2021-01-08,27230,230598,16454,155617,10776,74981,0,0,16646,183397,0.021813,10527,23569,0.002803,16677,206966,0.024617,8407551
2,2021-01-09,9925,240523,5814,161431,4111,79092,0,0,6311,186110,0.022136,3609,27178,0.003233,6322,213288,0.025369,8407551
2,2021-01-10,5367,245890,2987,164418,2380,81472,0,0,3098,186946,0.022235,2268,29446,0.003502,3104,216392,0.025738,8407551
2,2021-01-11,26254,272144,18152,182570,8102,89574,0,0,15053,190850,0.0227,11203,40649,0.004835,15107,231499,0.027535,8407551
2,2021-01-12,26616,298760,16538,199108,10078,99652,0,0,16881,198072,0.023559,9753,50402,0.005995,16975,248474,0.029554,8407551
2,2021-01-13,28793,327553,15282,214390,13511,113163,0,0,20726,210787,0.025071,8052,58454,0.006953,20767,269241,0.032024,8407551
2,2021-01-14,30777,358330,11796,226186,18981,132144,0,0,26431,232948,0.027707,4354,62808,0.00747,26515,295756,0.035177,8407551
2,2021-01-15,35337,393667,12812,238998,22525,154669,0,0,32000,261712,0.031128,3330,66138,0.007867,32094,327850,0.038995,8407551
2,2021-01-16,18410,412077,6164,245162,12246,166915,0,0,16979,277252,0.032977,1448,67586,0.008039,16988,344838,0.041015,8407551
2,2021-01-17,10614,422691,3590,248752,7024,173939,0,0,9857,286350,0.034059,771,68357,0.00813,9869,354707,0.042189,8407551
2,2021-01-18,19903,442594,11136,259888,8767,182706,0,0,14997,296491,0.035265,4923,73280,0.008716,15064,369771,0.043981,8407551
2,2021-01-19,32962,475556,17212,277100,15750,198456,0,0,24734,313115,0.037242,8227,81507,0.009694,24851,394622,0.046937,8407551
2,2021-01-20,37873,513429,19091,296191,18782,217238,0,0,29131,333629,0.039682,8714,90221,0.010731,29228,423850,0.050413,8407551
2,2021-01-21,41361,554790,17603,313794,23758,240996,0,0,36723,365938,0.043525,4605,94826,0.011279,36914,460764,0.054804,8407551
2,2021-01-22,39844,594634,16662,330456,23182,264178,0,0,36433,398970,0.047454,3431,98257,0.011687,36463,497227,0.059141,8407551
2,2021-01-23,24369,619003,10848,341304,13521,277699,0,0,21369,417394,0.049645,2976,101233,0.012041,21400,518627,0.061686,8407551
2,2021-01-24,12519,631522,6135,347439,6384,284083,0,0,11583,428077,0.050916,920,102153,0.01215,11603,530230,0.063066,8407551
2,2021-01-25,34222,665744,15739,363178,18483,302566,0,0,25249,444557,0.052876,8919,111072,0.013211,25399,555629,0.066087,8407551
2,2021-01-26,40672,706416,19890,383068,20782,323348,0,0,31295,466595,0.055497,9349,120421,0.014323,31387,587016,0.06982,8407551
2,2021-01-27,45989,752405,22775,405843,23214,346562,0,0,35469,491735,0.058487,10397,130818,0.01556,35537,622553,0.074047,8407551
2,2021-01-28,48422,800827,22582,428425,25840,372402,0,0,39523,522512,0.062148,8830,139648,0.01661,39607,662160,0.078758,8407551
2,2021-01-29,46020,846847,22134,450559,23886,396288,0,0,37093,550891,0.065523,8797,148445,0.017656,37176,699336,0.08318,8407551
2,2021-01-30,31533,878380,13352,463911,18181,414469,0,0,28076,575599,0.068462,3413,151858,0.018062,28121,727457,0.086524,8407551
2,2021-01-31,17310,895690,10232,474143,7078,421547,0,0,16073,590480,0.070232,1215,153073,0.018207,16096,743553,0.088439,8407551
2,2021-02-01,41661,937351,19942,494085,21719,443266,0,0,30371,609675,0.072515,11226,164299,0.019542,30421,773974,0.092057,8407551
2,2021-02-02,48284,985635,19631,513716,28653,471919,0,0,36585,634763,0.075499,11599,175898,0.020921,36687,810661,0.096421,8407551
2,2021-02-03,54384,1040019,23899,537615,30485,502404,0,0,39980,660545,0.078566,14300,190198,0.022622,40082,850743,0.101188,8407551
2,2021-02-04,56637,1096656,24273,561888,32364,534768,0,0,41124,686374,0.081638,15400,205598,0.024454,41229,891972,0.106092,8407551
2,2021-02-05,60695,1157351,26353,588241,34342,569110,0,0,40932,707971,0.084207,19536,225134,0.026778,41133,933105,0.110984,8407551
2,2021-02-06,39640,1196991,18401,606642,21239,590349,0,0,31508,731537,0.08701,8051,233185,0.027735,31617,964722,0.114745,8407551
2,2021-02-07,15807,1212798,10455,617097,5352,595701,0,0,11963,739762,0.087988,3811,236996,0.028188,12036,976758,0.116176,8407551
2,2021-02-08,43337,1256135,21938,639035,21399,617100,0,0,29615,756026,0.089922,13570,250566,0.029802,29834,1006592,0.119725,8407551
2,2021-02-09,49858,1305993,23599,662634,26259,643359,0,0,30713,768193,0.091369,18913,269479,0.032052,31080,1037672,0.123421,8407551
2,2021-02-10,59912,1365905,28011,690645,31901,675260,0,0,34505,777968,0.092532,25108,294587,0.035038,34883,1072555,0.12757,8407551
2,2021-02-11,64648,1430553,29681,720326,34967,710227,0,0,35925,786079,0.093497,28336,322923,0.038409,36447,1109002,0.131905,8407551
2,2021-02-12,66345,1496898,28610,748936,37735,747962,0,0,35392,791495,0.094141,30652,353575,0.042054,36068,1145070,0.136195,8407551
2,2021-02-13,38356,1535254,15965,764901,22391,770353,0,0,22075,797779,0.094888,16174,369749,0.043978,22458,1167528,0.138867,8407551
2,2021-02-14,20239,1555493,9426,774327,10813,781166,0,0,11229,800426,0.095203,8955,378704,0.045043,11602,1179130,0.140247,8407551
2,2021-02-15,33494,1588987,15064,789391,18430,799596,0,0,18516,804987,0.095746,14828,393532,0.046807,19389,1198519,0.142553,8407551
2,2021-02-16,56729,1645716,27782,817173,28947,828543,0,0,29790,808656,0.096182,26813,420345,0.049996,30482,1229001,0.146178,8407551
2,2021-02-17,62119,1707835,31918,849091,30201,858744,0,0,30752,808973,0.09622,31260,451605,0.053714,31577,1260578,0.149934,8407551
2,2021-02-18,66813,1774648,33660,882751,33153,891897,0,0,32453,808505,0.096164,34078,485683,0.057767,33610,1294188,0.153932,8407551
2,2021-02-19,60129,1834777,33207,915958,26922,918819,0,0,29773,808729,0.096191,30143,515826,0.061353,30367,1324555,0.157543,8407551
2,2021-02-20,38028,1872805,24641,940599,13387,932206,0,0,20602,812724,0.096666,17310,533136,0.063412,21305,1345860,0.160078,8407551
2,2021-02-21,21940,1894745,17717,958316,4223,936429,0,0,10816,813367,0.096742,11012,544148,0.064721,11655,1357515,0.161464,8407551
2,2021-02-22,39883,1934628,27244,985560,12639,949068,0,0,18904,812167,0.0966,20814,564962,0.067197,19614,1377129,0.163797,8407551
2,2021-02-23,54262,1988890,27669,1013229,26593,975661,0,0,23778,807660,0.096064,30202,595164,0.070789,25695,1402824,0.166853,8407551
2,2021-02-24,71638,2060528,36843,1050072,34795,1010456,0,0,32763,804200,0.095652,38635,633799,0.075384,35175,1437999,0.171037,8407551
2,2021-02-25,77705,2138233,36755,1086827,40950,1051406,0,0,39373,808404,0.096152,38038,671837,0.079909,42242,1480241,0.176061,8407551
2,2021-02-26,86310,2224543,36999,1123826,49311,1100717,0,0,46332,817308,0.097211,39644,711481,0.084624,48548,1528789,0.181835,8407551
2,2021-02-27,63168,2287711,29318,1153144,33842,1134559,8,8,34146,824044,0.098012,28768,740249,0.088046,35504,1564293,0.186058,8407551
2,2021-02-28,31167,2318878,18660,1171804,12506,1147065,1,9,18030,829933,0.098713,12997,753246,0.089592,18886,1583179,0.188304,8407551
2,2021-03-01,59359,2378237,30915,1202719,28364,1175429,80,89,32341,836923,0.099544,26675,779921,0.092764,33665,1616844,0.192309,8407551
2,2021-03-02,71067,2449304,34107,1236826,36944,1212373,16,105,39739,847936,0.100854,31123,811044,0.096466,42136,1658980,0.19732,8407551
2,2021-03-03,82093,2531397,39574,1276400,42499,1254872,20,125,46300,861358,0.102451,35551,846595,0.100695,48973,1707953,0.203145,8407551
2,2021-03-04,89965,2621362,44076,1320476,45855,1300727,34,159,51463,877044,0.104316,38229,884824,0.105242,53915,1761868,0.209558,8407551
2,2021-03-05,83642,2705004,39211,1359687,44110,1344837,321,480,50719,897827,0.106788,32660,917484,0.109126,53443,1815311,0.215914,8407551
2,2021-03-06,63704,2768708,31069,1390756,30911,1375748,1724,2204,38965,915354,0.108873,24591,942075,0.112051,42118,1857429,0.220924,8407551
2,2021-03-07,28903,2797611,16405,1407161,10943,1386691,1555,3759,18267,925744,0.110109,10553,952628,0.113306,20943,1878372,0.223415,8407551
2,2021-03-08,51281,2848892,23497,1430658,25201,1411892,2583,6342,32173,943154,0.112179,18981,971609,0.115564,36391,1914763,0.227743,8407551
2,2021-03-09,71201,2920093,32415,1463073,34904,1446796,3882,10224,39360,956051,0.113713,31685,1003294,0.119332,44582,1959345,0.233046,8407551
2,2021-03-10,79132,2999225,37389,1500462,35145,1481941,6598,16822,41880,968823,0.115232,37012,1040306,0.123735,49784,2009129,0.238967,8407551
2,2021-03-11,93870,3093095,43331,1543793,42124,1524065,8415,25237,48876,982819,0.116897,44659,1084965,0.129046,58655,2067784,0.245944,8407551
2,2021-03-12,94801,3187896,39040,1582833,43745,1567810,12016,37253,46977,995609,0.118418,47550,1132515,0.134702,60340,2128124,0.253121,8407551
2,2021-03-13,69602,3257498,29103,1611936,32467,1600277,8032,45285,38126,1011702,0.120333,31319,1163834,0.138427,47412,2175536,0.25876,8407551
2,2021-03-14,37166,3294664,18374,1630310,14270,1614547,4522,49807,18653,1017204,0.120987,18399,1182233,0.140616,23901,2199437,0.261603,8407551
2,2021-03-15,67911,3362575,30685,1660995,32199,1646746,5027,54834,37338,1030341,0.122549,30321,1212554,0.144222,43458,2242895,0.266772,8407551
2,2021-03-16,86841,3449416,38476,1699471,44326,1691072,4039,58873,52334,1053549,0.12531,34280,1246834,0.148299,57488,2300383,0.273609,8407551
2,2021-03-17,93522,3542938,44820,1744291,44493,1735565,4209,63082,59195,1083720,0.128898,34027,1280861,0.152347,64198,2364581,0.281245,8407551
2,2021-03-18,98829,3641767,47178,1791469,47017,1782582,4634,67716,59854,1110123,0.132039,38625,1319486,0.156941,65028,2429609,0.288979,8407551
2,2021-03-19,98096,3739863,46470,1837939,45452,1828034,6174,73890,57814,1134653,0.134956,39948,1359434,0.161692,64478,2494087,0.296648,8407551
2,2021-03-20,70440,3810303,34117,1872056,32309,1860343,4014,77904,45867,1160551,0.138037,24322,1383756,0.164585,50220,2544307,0.302622,8407551
2,2021-03-21,33861,3844164,21779,1893835,10071,1870414,2011,79915,20223,1169748,0.139131,13467,1397223,0.166187,22664,2566971,0.305317,8407551
2,2021-03-22,63311,3907475,34857,1928692,25809,1896223,2645,82560,41828,1193894,0.142003,21223,1418446,0.168711,45369,2612340,0.310714,8407551
2,2021-03-23,84412,3991887,44862,1973554,36614,1932837,2936,85496,52293,1218147,0.144887,31812,1450258,0.172495,56065,2668405,0.317382,8407551
2,2021-03-24,92524,4084411,49727,2023281,39612,1972449,3185,88681,53913,1237808,0.147226,38250,1488508,0.177044,57911,2726316,0.32427,8407551
2,2021-03-25,102135,4186546,51534,2074815,46669,2019118,3932,92613,57296,1255357,0.149313,44447,1532955,0.182331,61996,2788312,0.331644,8407551
2,2021-03-26,104241,4290787,51687,2126502,49053,2068171,3501,96114,56583,1269238,0.150964,47237,1580192,0.187949,61118,2849430,0.338913,8407551
2,2021-03-27,76204,4366991,38022,2164524,34857,2103028,3325,99439,37935,1273376,0.151456,37983,1618175,0.192467,42121,2891551,0.343923,8407551
2,2021-03-28,38044,4405035,23513,2188037,13717,2116745,814,100253,20212,1277578,0.151956,17676,1635851,0.194569,21878,2913429,0.346525,8407551
2,2021-03-29,72249,4477284,36726,2224763,33237,2149982,2286,102539,40740,1290332,0.153473,31265,1667116,0.198288,44019,2957448,0.351761,8407551
2,2021-03-30,92781,4570065,45450,2270213,42933,2192915,4398,106937,51761,1306329,0.155376,40785,1707901,0.203139,56782,3014230,0.358515,8407551
2,2021-03-31,101927,4671992,52543,2322756,44242,2237157,5142,112079,57536,1325338,0.157637,44046,1751947,0.208378,63055,3077285,0.366014,8407551
2,2021-04-01,118692,4790684,57337,2380093,52005,2289162,9350,121429,64300,1345455,0.160029,53916,1805863,0.214791,74033,3151318,0.37482,8407551
2,2021-04-02,112445,4903129,51805,2431898,50368,2339530,10272,131701,59979,1364125,0.16225,52027,1857890,0.220979,70697,3222015,0.383229,8407551
2,2021-04-03,77243,4980372,37965,2469863,29393,2368923,9885,141586,38199,1373759,0.163396,38810,1896700,0.225595,48444,3270459,0.388991,8407551
2,2021-04-04,29163,5009535,15007,2484870,10271,2379194,3885,145471,13070,1374758,0.163515,15972,1912672,0.227495,16971,3287430,0.391009,8407551
2,2021-04-05,79804,5089339,39082,2523952,31803,2410997,8919,154390,38364,1381539,0.164321,41235,1953907,0.232399,48016,3335446,0.39672,8407551
2,2021-04-06,104584,5193923,50924,2574876,38867,2449864,14793,169183,49399,1391242,0.165475,54879,2008786,0.238926,64582,3400028,0.404402,8407551
2,2021-04-07,111338,5305261,55555,2630431,39413,2489277,16370,185553,52173,1401152,0.166654,58845,2067631,0.245925,68755,3468783,0.412579,8407551
2,2021-04-08,120017,5425278,57758,2688189,43395,2532672,18864,204417,55629,1412145,0.167962,63997,2131628,0.253537,74990,3543773,0.421499,8407551
2,2021-04-09,119528,5544806,57477,2745666,43790,2576462,18261,222678,56404,1424892,0.169478,62721,2194349,0.260997,75468,3619241,0.430475,8407551
2,2021-04-10,88046,5632852,37976,2783642,31535,2607997,18535,241213,36222,1428735,0.169935,51544,2245893,0.267128,55387,3674628,0.437063,8407551
2,2021-04-11,44678,5677530,23160,2806802,13001,2620998,8517,249730,18265,1429967,0.170081,26251,2272144,0.27025,27483,3702111,0.440332,8407551
2,2021-04-12,80562,5758092,37513,2844315,33557,2654555,9492,259222,35816,1431793,0.170298,44456,2316600,0.275538,46282,3748393,0.445836,8407551
2,2021-04-13,102408,5860500,53169,2897484,48972,2703527,267,259489,55920,1442693,0.171595,46184,2362784,0.281031,57084,3805477,0.452626,8407551
2,2021-04-14,107408,5967908,56316,2953800,51029,2754556,63,259552,54674,1446473,0.172045,52394,2415178,0.287263,56174,3861651,0.459307,8407551
2,2021-04-15,113799,6081707,60450,3014250,53248,2807804,101,259653,59263,1452808,0.172798,54110,2469288,0.293699,60445,3922096,0.466497,8407551
2,2021-04-16,111393,6193100,57812,3072062,53522,2861326,59,259712,56479,1455667,0.173138,54535,2523823,0.300185,57394,3979490,0.473323,8407551
2,2021-04-17,83906,6277006,42708,3114770,41182,2902508,16,259728,46777,1466481,0.174424,36852,2560675,0.304568,47666,4027156,0.478993,8407551
2,2021-04-18,36072,6313078,21921,3136691,14139,2916647,12,259740,17029,1465617,0.174322,18898,2579573,0.306816,18034,4045190,0.481138,8407551
2,2021-04-19,75149,6388227,40464,3177155,34666,2951313,19,259759,34035,1459466,0.17359,40822,2620395,0.311672,34671,4079861,0.485262,8407551
2,2021-04-20,97866,6486093,49519,3226674,48318,2999631,29,259788,47147,1457043,0.173302,50347,2670742,0.31766,47924,4127785,0.490962,8407551
2,2021-04-21,104352,6590445,56509,3283183,47772,3047403,71,259859,49127,1452517,0.172763,54705,2725447,0.324167,50179,4177964,0.49693,8407551
2,2021-04-22,108879,6699324,56337,3339520,52514,3099917,28,259887,47557,1440135,0.171291,60846,2786293,0.331404,48464,4226428,0.502694,8407551
2,2021-04-23,108497,6807821,57771,3397291,50706,3150623,20,259907,50011,1433050,0.170448,58044,2844337,0.338307,50959,4277387,0.508755,8407551
2,2021-04-24,81394,6889215,47939,3445230,33411,3184034,44,259951,42286,1437591,0.170988,38734,2883071,0.342914,43275,4320662,0.513903,8407551
2,2021-04-25,36733,6925948,22623,3467853,14093,3198127,17,259968,19937,1441386,0.171439,16631,2899702,0.344893,20426,4341088,0.516332,8407551
2,2021-04-26,74643,7000591,41374,3509227,32951,3231078,318,260286,34195,1437211,0.170943,40146,2939848,0.349668,35971,4377059,0.52061,8407551
2,2021-04-27,88730,7089321,46834,3556061,40522,3271600,1374,261660,37965,1427448,0.169782,50351,2990199,0.355656,40588,4417647,0.525438,8407551
2,2021-04-28,88706,7178027,47436,3603497,39388,3310988,1882,263542,39023,1419962,0.168891,49311,3039510,0.361521,41825,4459472,0.530413,8407551
2,2021-04-29,91712,7269739,49976,3653473,40015,3351003,1721,265263,35537,1402074,0.166764,55751,3095261,0.368153,37863,4497335,0.534916,8407551
2,2021-04-30,95358,7365097,52687,3706160,40658,3391661,2013,267276,36949,1383783,0.164588,57912,3153173,0.375041,39621,4536956,0.539629,8407551
2,2021-05-01,63079,7428176,38456,3744616,23014,3414675,1609,268885,24583,1372697,0.16327,38136,3191309,0.379577,27050,4564006,0.542846,8407551
2,2021-05-02,29414,7457590,20477,3765093,7960,3422635,977,269862,11162,1366821,0.162571,18104,3209413,0.38173,12228,4576234,0.5443,8407551
2,2021-05-03,60923,7518513,36188,3801281,22667,3445302,2068,271930,20421,1349366,0.160495,40205,3249618,0.386512,22750,4598984,0.547006,8407551
2,2021-05-04,80380,7598893,47994,3849275,29977,3475279,2409,274339,26037,1324230,0.157505,53970,3303588,0.392931,28834,4627818,0.550436,8407551
2,2021-05-05,81005,7679898,48259,3897534,30381,3505660,2365,276704,25267,1296910,0.154255,55320,3358908,0.399511,28000,4655818,0.553766,8407551
2,2021-05-06,83422,7763320,50681,3948215,29805,3535465,2936,279640,25267,1268098,0.150828,57647,3416555,0.406367,28835,4684653,0.557196,8407551
2,2021-05-07,84203,7847523,48624,3996839,33143,3568608,2436,282076,25747,1238692,0.147331,58039,3474594,0.413271,28633,4713286,0.560602,8407551
2,2021-05-08,55972,7903495,33958,4030797,20287,3588895,1727,283803,17466,1220364,0.145151,38254,3512848,0.417821,19926,4733212,0.562972,8407551
2,2021-05-09,21938,7925433,15793,4046590,5397,3594292,748,284551,6324,1212148,0.144174,15518,3528366,0.419666,7302,4740514,0.56384,8407551
2,2021-05-10,50538,7975971,27565,4074155,21079,3615371,1894,286445,14217,1192817,0.141874,36043,3564409,0.423953,16712,4757226,0.565828,8407551
2,2021-05-11,66652,8042623,36137,4110292,28376,3643747,2139,288584,20043,1169411,0.139091,46277,3610686,0.429458,22871,4780097,0.568548,8407551
2,2021-05-12,65564,8108187,34955,4145247,28371,3672118,2238,290822,19256,1145344,0.136228,45973,3656659,0.434926,21906,4802003,0.571154,8407551
2,2021-05-13,71390,8179577,41477,4186724,27958,3700076,1955,292777,26074,1129109,0.134297,45003,3701662,0.440278,28768,4830771,0.574575,8407551
2,2021-05-14,80364,8259941,48182,4234906,29909,3729985,2273,295050,30813,1113670,0.132461,49166,3750828,0.446126,33727,4864498,0.578587,8407551
2,2021-05-15,66865,8326806,43923,4278829,21219,3751204,1723,296773,25897,1100999,0.130954,40695,3791523,0.450966,28024,4892522,0.58192,8407551
2,2021-05-16,31833,8358639,23824,4302653,7083,3758287,926,297699,12946,1096259,0.13039,18745,3810268,0.453196,14005,4906527,0.583586,8407551
2,2021-05-17,58268,8416907,36916,4339569,19389,3777676,1963,299662,22916,1086414,0.129219,35092,3845360,0.45737,25247,4931774,0.586589,8407551
2,2021-05-18,70480,8487387,41228,4380797,27281,3804957,1971,301633,27928,1074593,0.127813,42261,3887621,0.462396,30440,4962214,0.590209,8407551
2,2021-05-19,69236,8556623,40972,4421769,26236,3831193,2028,303661,27354,1062898,0.126422,41547,3929168,0.467338,29852,4992066,0.59376,8407551
2,2021-05-20,70019,8626642,40639,4462408,27179,3858372,2201,305862,26612,1049266,0.1248,43049,3972217,0.472458,29417,5021483,0.597259,8407551
2,2021-05-21,73599,8700241,43467,4505875,27956,3886328,2176,308038,27951,1034690,0.123067,45266,4017483,0.477842,30690,5052173,0.600909,8407551
2,2021-05-22,53971,8754212,34280,4540155,17913,3904241,1778,309816,22513,1028308,0.122308,31216,4048699,0.481555,24834,5077007,0.603863,8407551
2,2021-05-23,24514,8778726,16728,4556883,7060,3911301,726,310542,10270,1025338,0.121954,14109,4062808,0.483233,11139,5088146,0.605188,8407551
2,2021-05-24,45226,8823952,25722,4582605,17718,3929019,1786,312328,17375,1017235,0.120991,27607,4090415,0.486517,19504,5107650,0.607507,8407551
2,2021-05-25,51301,8875253,30069,4612674,19356,3948375,1876,314204,19512,1007696,0.119856,31466,4121881,0.490259,21927,5129577,0.610115,8407551
2,2021-05-26,49100,8924353,27526,4640200,19880,3968255,1694,315898,19197,999374,0.118866,29555,4151436,0.493775,21233,5150810,0.612641,8407551
2,2021-05-27,47027,8971380,26704,4666904,18580,3986835,1743,317641,18770,992395,0.118036,27995,4179431,0.497104,21016,5171826,0.615141,8407551
2,2021-05-28,50645,9022025,28016,4694920,20640,4007475,1989,319630,21231,986913,0.117384,29138,4208569,0.50057,23656,5195482,0.617954,8407551
2,2021-05-29,29261,9051286,17533,4712453,10659,4018134,1069,320699,13322,985717,0.117242,15767,4224336,0.502445,14571,5210053,0.619687,8407551
2,2021-05-30,12713,9063999,8189,4720642,3754,4021888,770,321469,5536,984982,0.117154,7107,4231443,0.503291,6372,5216425,0.620445,8407551
2,2021-05-31,5952,9069951,3491,4724133,2156,4024044,305,321774,1857,983160,0.116938,4032,4235475,0.50377,2210,5218635,0.620708,8407551
2,2021-06-01,45260,9115211,26014,4750147,17573,4041617,1673,323447,15742,971771,0.115583,29173,4264648,0.50724,17784,5236419,0.622823,8407551
2,2021-06-02,38627,9153838,22743,4772890,14457,4056074,1427,324874,15122,965393,0.114825,23226,4287874,0.510003,16848,5253267,0.624827,8407551
2,2021-06-03,41807,9195645,26945,4799835,13381,4069455,1481,326355,14099,953903,0.113458,27457,4315331,0.513268,15967,5269234,0.626726,8407551
2,2021-06-04,48653,9244298,31791,4831626,15299,4084754,1563,327918,15741,939144,0.111702,32587,4347918,0.517144,17828,5287062,0.628847,8407551
2,2021-06-05,38147,9282445,27231,4858857,9445,4094199,1471,329389,11859,926857,0.110241,26041,4373959,0.520242,13754,5300816,0.630483,8407551
2,2021-06-06,14972,9297417,12284,4871141,2109,4096308,579,329968,4663,922053,0.10967,10242,4384201,0.52146,5438,5306254,0.63113,8407551
2,2021-06-07,33563,9330980,23497,4894638,8779,4105087,1287,331255,11000,912184,0.108496,22394,4406595,0.524123,12525,5318779,0.632619,8407551
2,2021-06-08,40742,9371722,28826,4923464,10543,4115630,1373,332628,12492,898439,0.106861,27993,4434588,0.527453,14248,5333027,0.634314,8407551
2,2021-06-09,38232,9409954,26689,4950153,10041,4125671,1502,334130,11547,885331,0.105302,26484,4461072,0.530603,13376,5346403,0.635905,8407551
2,2021-06-10,37937,9447891,26385,4976538,10017,4135688,1535,335665,11622,872850,0.103817,26114,4487186,0.533709,13633,5360036,0.637526,8407551
2,2021-06-11,41596,9489487,27639,5004177,12278,4147966,1679,337344,13314,860137,0.102305,28008,4515194,0.53704,15295,5375331,0.639346,8407551
2,2021-06-12,29683,9519170,21861,5026038,6904,4154870,918,338262,8713,849179,0.101002,20824,4536018,0.539517,9866,5385197,0.640519,8407551
2,2021-06-13,12264,9531434,8960,5034998,2682,4157552,622,338884,3119,844006,0.100387,9081,4545099,0.540597,3908,5389105,0.640984,8407551
2,2021-06-14,30159,9561593,21420,5056418,7526,4165078,1213,340097,10432,836306,0.099471,19548,4564647,0.542922,11848,5400953,0.642393,8407551
2,2021-06-15,35975,9597568,23981,5080399,9932,4175010,2062,342159,12101,827250,0.098394,23597,4588244,0.545729,14541,5415494,0.644123,8407551
2,2021-06-16,33352,9630920,23047,5103446,8489,4183499,1816,343975,11542,819293,0.097447,21629,4609873,0.548302,13672,5429166,0.645749,8407551
2,2021-06-17,31045,9661965,20752,5124198,8486,4191985,1807,345782,10998,812445,0.096633,19860,4629733,0.550664,13012,5442178,0.647296,8407551
2,2021-06-18,34820,9696785,22950,5147148,9988,4201973,1882,347664,12619,805221,0.095774,21975,4651708,0.553277,14751,5456929,0.649051,8407551
2,2021-06-19,20991,9717776,14624,5161772,5106,4207079,1261,348925,7912,801678,0.095352,12914,4664622,0.554813,9371,5466300,0.650166,8407551
2,2021-06-20,8312,9726088,5945,5167717,1902,4208981,465,349390,3068,800084,0.095163,5197,4669819,0.555432,3603,5469903,0.650594,8407551
2,2021-06-21,19359,9745447,11853,5179570,6184,4215165,1322,350712,9872,802095,0.095402,9364,4679183,0.556545,11375,5481278,0.651947,8407551
2,2021-06-22,26924,9772371,18442,5198012,7099,4222264,1383,352095,10528,798059,0.094922,16220,4695403,0.558475,12184,5493462,0.653396,8407551
2,2021-06-23,25965,9798336,17918,5215930,6418,4228682,1629,353724,10530,795222,0.094584,15289,4710692,0.560293,12452,5505914,0.654877,8407551
2,2021-06-24,25443,9823779,17330,5233260,6586,4235268,1527,355251,10468,792628,0.094276,14821,4725513,0.562056,12227,5518141,0.656332,8407551
2,2021-06-25,28863,9852642,19562,5252822,7803,4243071,1498,356749,12006,789677,0.093925,16694,4742207,0.564041,13743,5531884,0.657966,8407551
2,2021-06-26,18749,9871391,13806,5266628,4005,4247076,938,357687,7644,787504,0.093666,11010,4753217,0.565351,8837,5540721,0.659017,8407551
2,2021-06-27,8888,9880279,6790,5273418,1647,4248723,451,358138,3576,786401,0.093535,5254,4758471,0.565976,4151,5544872,0.659511,8407551
2,2021-06-28,19978,9900257,15175,5288593,3554,4252277,1249,359387,8821,785643,0.093445,11019,4769490,0.567286,10261,5555133,0.660731,8407551
2,2021-06-29,22896,9923153,15946,5304539,5871,4258148,1079,360466,9818,783836,0.09323,12938,4782428,0.568825,11131,5566264,0.662055,8407551
2,2021-06-30,22160,9945313,15716,5320255,5414,4263562,1030,361496,9906,782895,0.093118,12106,4794534,0.570265,11165,5577429,0.663383,8407551
2,2021-07-01,20089,9965402,14198,5334453,4990,4268552,901,362397,8951,781945,0.093005,11005,4805539,0.571574,10055,5587484,0.664579,8407551
2,2021-07-02,23104,9988506,15932,5350385,6141,4274693,1031,363428,10260,780766,0.092865,12672,4818211,0.573081,11493,5598977,0.665946,8407551
2,2021-07-03,12647,10001153,9111,5359496,3058,4277751,478,363906,5803,780422,0.092824,6746,4824957,0.573884,6402,5605379,0.666708,8407551
2,2021-07-04,1018,10002171,597,5360093,354,4278105,67,363973,437,780380,0.092819,569,4825526,0.573951,527,5605906,0.66677,8407551
2,2021-07-05,11123,10013294,8149,5368242,2564,4280669,410,364383,5096,780058,0.092781,5956,4831482,0.57466,5634,5611540,0.66744,8407551
2,2021-07-06,23952,10037246,17392,5385634,5549,4286218,1011,365394,9265,776080,0.092307,14524,4846006,0.576387,10546,5622086,0.668695,8407551
2,2021-07-07,20640,10057886,14711,5400345,4822,4291040,1107,366501,8758,774471,0.092116,11737,4857743,0.577783,10128,5632214,0.669899,8407551
2,2021-07-08,19228,10077114,13394,5413739,4792,4295832,1042,367543,8073,772747,0.091911,11042,4868785,0.579097,9318,5641532,0.671008,8407551
2,2021-07-09,22613,10099727,15670,5429409,5689,4301521,1254,368797,9590,770908,0.091692,12882,4881667,0.580629,11043,5652575,0.672321,8407551
2,2021-07-10,14333,10114060,10571,5439980,3076,4304597,686,369483,6308,770129,0.0916,7930,4889597,0.581572,7151,5659726,0.673172,8407551
2,2021-07-11,6567,10120627,4827,5444807,1390,4305987,350,369833,3088,770203,0.091608,3435,4893032,0.581981,3509,5663235,0.673589,8407551
2,2021-07-12,18253,10138880,13427,5458234,3955,4309942,871,370704,7864,768867,0.09145,10270,4903302,0.583202,8934,5672169,0.674652,8407551
2,2021-07-13,19605,10158485,13846,5472080,4874,4314816,885,371589,8799,768090,0.091357,10656,4913958,0.58447,9879,5682048,0.675827,8407551
2,2021-07-14,18751,10177236,13386,5485466,4573,4319389,792,372381,8392,767258,0.091258,10227,4924185,0.585686,9395,5691443,0.676944,8407551
2,2021-07-15,18861,10196097,13673,5499139,4485,4323874,703,373084,8574,766581,0.091178,10168,4934353,0.586895,9491,5700934,0.678073,8407551
2,2021-07-16,22928,10219025,16500,5515639,5595,4329469,833,373917,10997,766823,0.091206,11794,4946147,0.588298,12036,5712970,0.679505,8407551
2,2021-07-17,14399,10233424,10490,5526129,3375,4332844,534,374451,6952,767087,0.091238,7357,4953504,0.589173,7621,5720591,0.680411,8407551
2,2021-07-18,6994,10240418,5222,5531351,1443,4334287,329,374780,3536,767605,0.091299,3415,4956919,0.589579,3933,5724524,0.680879,8407551
2,2021-07-19,18438,10258856,13729,5545080,3964,4338251,745,375525,9149,768509,0.091407,9173,4966092,0.59067,10077,5734601,0.682077,8407551
2,2021-07-20,20879,10279735,14867,5559947,5173,4343424,839,376364,10581,769983,0.091582,10163,4976255,0.591879,11637,5746238,0.683462,8407551
2,2021-07-21,20418,10300153,14852,5574799,4793,4348217,773,377137,10578,771817,0.0918,9712,4985967,0.593034,11546,5757784,0.684835,8407551
2,2021-07-22,20303,10320456,14508,5589307,4944,4353161,851,377988,10845,774377,0.092105,9311,4995278,0.594142,11871,5769655,0.686247,8407551
2,2021-07-23,24418,10344874,17098,5606405,6273,4359434,1047,379035,13293,777949,0.09253,10966,5006244,0.595446,14538,5784193,0.687976,8407551
2,2021-07-24,14771,10359645,10644,5617049,3632,4363066,495,379530,8250,780395,0.092821,6413,5012657,0.596209,8859,5793052,0.68903,8407551
2,2021-07-25,6706,10366351,4941,5621990,1624,4364690,141,379671,4964,783843,0.093231,1696,5014353,0.596411,5144,5798196,0.689641,8407551
2,2021-07-26,19077,10385428,13459,5635449,4838,4369528,780,380451,12086,789969,0.093959,6864,5021217,0.597227,12990,5811186,0.691187,8407551
2,2021-07-27,22842,10408270,16529,5651978,5453,4374981,860,381311,13380,795057,0.094565,9302,5030519,0.598333,14390,5825576,0.692898,8407551
2,2021-07-28,22607,10430877,16160,5668138,5544,4380525,903,382214,13368,800440,0.095205,9071,5039590,0.599412,14454,5840030,0.694617,8407551
2,2021-07-29,21388,10452265,15317,5683455,5153,4385678,918,383132,12916,806094,0.095877,8328,5047918,0.600403,13982,5854012,0.69628,8407551
2,2021-07-30,26234,10478499,18685,5702140,6590,4392268,959,384091,15713,812644,0.096656,10324,5058242,0.601631,16874,5870886,0.698287,8407551
2,2021-07-31,15755,10494254,11607,5713747,3638,4395906,510,384601,9535,816732,0.097143,6093,5064335,0.602356,10181,5881067,0.699498,8407551
2,2021-08-01,8060,10502314,6206,5719953,1682,4397588,172,384773,5290,819548,0.097478,2710,5067045,0.602678,5526,5886593,0.700155,8407551
2,2021-08-02,21289,10523603,16007,5735960,4519,4402107,763,385536,13503,826286,0.098279,7642,5074687,0.603587,14380,5900973,0.701866,8407551
2,2021-08-03,24098,10547701,17568,5753528,5514,4407621,1016,386552,14978,833444,0.09913,8967,5083654,0.604653,16125,5917098,0.703784,8407551
2,2021-08-04,22763,10570464,16875,5770403,5018,4412639,870,387422,14186,840164,0.09993,8431,5092085,0.605656,15151,5932249,0.705586,8407551
2,2021-08-05,23132,10593596,16971,5787374,5230,4417869,931,388353,14309,846867,0.100727,8650,5100735,0.606685,15353,5947602,0.707412,8407551
2,2021-08-06,27663,10621259,20256,5807630,6419,4424288,988,389341,16839,854185,0.101597,10635,5111370,0.60795,17953,5965555,0.709547,8407551
2,2021-08-07,16888,10638147,12555,5820185,3739,4428027,594,389935,10374,858830,0.10215,6404,5117774,0.608712,11049,5976604,0.710861,8407551
2,2021-08-08,9375,10647522,7101,5827286,2046,4430073,228,390163,5862,861536,0.102472,3426,5121200,0.609119,6132,5982736,0.711591,8407551
2,2021-08-09,23237,10670759,17813,5845099,4657,4434730,767,390930,14069,867492,0.10318,9008,5130208,0.610191,14964,5997700,0.713371,8407551
2,2021-08-10,24323,10695082,17917,5863016,5558,4440288,848,391778,14296,872923,0.103826,9852,5140060,0.611362,15283,6012983,0.715188,8407551
2,2021-08-11,21939,10717021,16359,5879375,4673,4444961,907,392685,12743,877647,0.104388,9022,5149082,0.612435,13746,6026729,0.716823,8407551
2,2021-08-12,23842,10740863,17052,5896427,5717,4450678,1073,393758,13900,882991,0.105024,9728,5158810,0.613592,15072,6041801,0.718616,8407551
2,2021-08-13,29757,10770620,21517,5917944,7198,4457876,1042,394800,17200,889166,0.105758,12199,5171009,0.615043,18374,6060175,0.720801,8407551
2,2021-08-14,18712,10789332,13792,5931736,4417,4462293,503,395303,10504,892689,0.106177,7621,5178630,0.61595,11144,6071319,0.722127,8407551
2,2021-08-15,9723,10799055,7292,5939028,2245,4464538,186,395489,5328,894305,0.106369,3969,5182599,0.616422,5585,6076904,0.722791,8407551
2,2021-08-16,24694,10823749,17492,5956520,6359,4470897,843,396332,12879,897602,0.106761,10571,5193170,0.617679,13868,6090772,0.724441,8407551
2,2021-08-17,25852,10849601,18326,5974846,6593,4477490,933,397265,12829,899913,0.107036,11579,5204749,0.619056,13890,6104662,0.726093,8407551
2,2021-08-18,26126,10875727,18548,5993394,6688,4484178,890,398155,12800,902142,0.107301,11610,5216359,0.620437,13839,6118501,0.727739,8407551
2,2021-08-19,25894,10901621,17883,6011277,6991,4491169,1020,399175,12856,904926,0.107633,11213,5227572,0.621771,13997,6132498,0.729404,8407551
2,2021-08-20,32293,10933914,22695,6033972,8570,4499739,1028,400203,15179,906561,0.107827,14717,5242289,0.623522,16352,6148850,0.731349,8407551
2,2021-08-21,18980,10952894,14010,6047982,4427,4504166,543,400746,9049,907434,0.107931,8854,5251143,0.624575,9727,6158577,0.732505,8407551
2,2021-08-22,10680,10963574,7905,6055887,2562,4506728,213,400959,5279,908165,0.108018,4839,5255982,0.62515,5570,6164147,0.733168,8407551
2,2021-08-23,26517,10990091,19387,6075274,6412,4513140,718,401677,12379,909145,0.108134,12360,5268342,0.62662,13340,6177487,0.734755,8407551
2,2021-08-24,27185,11017276,20237,6095511,6098,4519238,850,402527,12018,908908,0.108106,13321,5281663,0.628205,13084,6190571,0.736311,8407551
2,2021-08-25,26083,11043359,19804,6115315,5560,4524798,719,403246,11864,909222,0.108144,12477,5294140,0.629689,12791,6203362,0.737832,8407551
2,2021-08-26,25883,11069242,19340,6134655,5740,4530538,803,404049,11575,909353,0.108159,12428,5306568,0.631167,12559,6215921,0.739326,8407551
2,2021-08-27,31342,11100584,23345,6158000,7192,4537730,805,404854,12992,907537,0.107943,15878,5322446,0.633055,14062,6229983,0.740999,8407551
2,2021-08-28,11164,11111748,8205,6166205,2638,4540368,321,405175,4373,906405,0.107808,5934,5328380,0.633761,4802,6234785,0.74157,8407551
3,2020-12-15,342,342,342,342,0,0,0,0,342,342,4.2e-05,0,0,0.0,342,342,4.2e-05,8129050
3,2020-12-16,2527,2869,2527,2869,0,0,0,0,2527,2869,0.000353,0,0,0.0,2527,2869,0.000353,8129050
3,2020-12-17,7933,10802,7933,10802,0,0,0,0,7934,10803,0.001329,0,0,0.0,7934,10803,0.001329,8129050
3,2020-12-18,13576,24378,13555,24357,21,21,0,0,13570,24373,0.002998,0,0,0.0,13570,24373,0.002998,8129050
3,2020-12-19,7285,31663,7273,31630,12,33,0,0,7342,31713,0.003901,2,2,0.0,7342,31715,0.003901,8129050
3,2020-12-20,5693,37356,5680,37310,13,46,0,0,5741,37453,0.004607,1,3,0.0,5741,37456,0.004608,8129050
3,2020-12-21,14485,51841,14457,51767,28,74,0,0,14549,52001,0.006397,1,4,0.0,14549,52005,0.006397,8129050
3,2020-12-22,15004,66845,14392,66159,612,686,0,0,15039,67036,0.008246,4,8,1e-06,15039,67044,0.008247,8129050
3,2020-12-23,15013,81858,12356,78515,2657,3343,0,0,15035,82070,0.010096,2,10,1e-06,15036,82080,0.010097,8129050
3,2020-12-24,6840,88698,4891,83406,1949,5292,0,0,6836,88904,0.010937,2,12,1e-06,6836,88916,0.010938,8129050
3,2020-12-25,740,89438,678,84084,62,5354,0,0,737,89641,0.011027,0,12,1e-06,737,89653,0.011029,8129050
3,2020-12-26,4652,94090,3016,87100,1636,6990,0,0,4650,94291,0.011599,0,12,1e-06,4650,94303,0.011601,8129050
3,2020-12-27,3028,97118,1874,88974,1154,8144,0,0,3028,97319,0.011972,0,12,1e-06,3028,97331,0.011973,8129050
3,2020-12-28,13796,110914,8823,97797,4973,13117,0,0,13818,111135,0.013671,2,14,2e-06,13818,111149,0.013673,8129050
3,2020-12-29,15441,126355,8748,106545,6693,19810,0,0,15468,126601,0.015574,2,16,2e-06,15468,126617,0.015576,8129050
3,2020-12-30,18425,144780,10339,116884,8086,27896,0,0,18431,145031,0.017841,2,18,2e-06,18432,145049,0.017843,8129050
3,2020-12-31,8535,153315,3263,120147,5272,33168,0,0,8535,153564,0.018891,2,20,2e-06,8535,153584,0.018893,8129050
3,2021-01-01,1895,155210,909,121056,986,34154,0,0,1890,155453,0.019123,1,21,3e-06,1890,155474,0.019126,8129050
3,2021-01-02,4995,160205,2457,123513,2538,36692,0,0,4994,160447,0.019737,0,21,3e-06,4994,160468,0.01974,8129050
3,2021-01-03,1640,161845,863,124376,777,37469,0,0,1631,162076,0.019938,2,23,3e-06,1631,162099,0.019941,8129050
3,2021-01-04,12181,174026,6052,130428,6129,43598,0,0,12151,174218,0.021432,9,32,4e-06,12151,174250,0.021435,8129050
3,2021-01-05,15930,189956,8273,138701,7657,51255,0,0,14217,186775,0.022976,1694,1726,0.000212,14251,188501,0.023189,8129050
3,2021-01-06,20775,210731,11023,149724,9752,61007,0,0,16134,198327,0.024397,4593,6319,0.000777,16145,204646,0.025175,8129050
3,2021-01-07,26848,237579,15362,165086,11486,72493,0,0,17278,206096,0.025353,9531,15850,0.00195,17300,221946,0.027303,8129050
3,2021-01-08,30875,268454,18848,183934,12027,84520,0,0,18250,211772,0.026051,12601,28451,0.0035,18277,240223,0.029551,8129050
3,2021-01-09,12571,281025,7107,191041,5464,89984,0,0,8003,215225,0.026476,4560,33011,0.004061,8013,248236,0.030537,8129050
3,2021-01-10,7282,288307,4513,195554,2769,92753,0,0,4105,216163,0.026591,3175,36186,0.004451,4113,252349,0.031043,8129050
3,2021-01-11,29399,317706,19264,214818,10135,102888,0,0,16620,220067,0.027072,12766,48952,0.006022,16670,269019,0.033094,8129050
3,2021-01-12,32917,350623,19631,234449,13286,116174,0,0,20143,227608,0.027999,12755,61707,0.007591,20296,289315,0.03559,8129050
3,2021-01-13,34895,385518,18235,252684,16660,132834,0,0,24571,241891,0.029756,10319,72026,0.00886,24602,313917,0.038617,8129050
3,2021-01-14,35033,420551,14312,266996,20721,153555,0,0,29068,265069,0.032608,5933,77959,0.00959,29111,343028,0.042198,8129050
3,2021-01-15,39345,459896,14604,281600,24741,178296,0,0,34606,295036,0.036294,4719,82678,0.010171,34686,377714,0.046465,8129050
3,2021-01-16,22043,481939,7520,289120,14523,192819,0,0,19651,312330,0.038421,2381,85059,0.010464,19675,397389,0.048885,8129050
3,2021-01-17,13206,495145,4493,293613,8713,201532,0,0,12109,323361,0.039778,1096,86155,0.010598,12127,409516,0.050377,8129050
3,2021-01-18,24993,520138,13062,306675,11931,213463,0,0,19299,337002,0.041457,5709,91864,0.011301,19350,428866,0.052757,8129050
3,2021-01-19,41583,561721,21208,327883,20375,233838,0,0,32167,359872,0.04427,9387,101251,0.012455,32257,461123,0.056725,8129050
3,2021-01-20,46554,608275,23178,351061,23376,257214,0,0,36819,387091,0.047618,9687,110938,0.013647,36906,498029,0.061265,8129050
3,2021-01-21,48582,656857,21104,372165,27478,284692,0,0,42921,424520,0.052223,5578,116516,0.014333,43007,541036,0.066556,8129050
3,2021-01-22,50185,707042,20009,392174,30176,314868,0,0,45879,466172,0.057346,4303,120819,0.014863,45955,586991,0.072209,8129050
3,2021-01-23,30658,737700,12882,405056,17776,332644,0,0,27327,490241,0.060307,3320,124139,0.015271,27389,614380,0.075578,8129050
3,2021-01-24,18083,755783,8537,413593,9546,342190,0,0,16882,505959,0.062241,1197,125336,0.015418,16915,631295,0.077659,8129050
3,2021-01-25,41293,797076,18402,431995,22891,365081,0,0,31137,527059,0.064836,10132,135468,0.016665,31232,662527,0.081501,8129050
3,2021-01-26,47734,844810,22796,454791,24938,390019,0,0,37371,554193,0.068174,10349,145817,0.017938,37483,700010,0.086112,8129050
3,2021-01-27,52024,896834,24761,479552,27263,417282,0,0,41169,584666,0.071923,10783,156600,0.019264,41256,741266,0.091187,8129050
3,2021-01-28,52684,949518,24430,503982,28254,445536,0,0,43564,619265,0.076179,9026,165626,0.020375,43625,784891,0.096554,8129050
3,2021-01-29,51668,1001186,24710,528692,26958,472494,0,0,41742,651332,0.080124,9728,175354,0.021571,41795,826686,0.101695,8129050
3,2021-01-30,37835,1039021,17816,546508,20019,492513,0,0,33071,679786,0.083624,4711,180065,0.022151,33165,859851,0.105775,8129050
3,2021-01-31,22916,1061937,12888,559396,10028,502541,0,0,21465,699845,0.086092,1432,181497,0.022327,21491,881342,0.108419,8129050
3,2021-02-01,46655,1108592,21354,580750,25301,527842,0,0,35532,724364,0.089108,11056,192553,0.023687,35575,916917,0.112795,8129050
3,2021-02-02,55031,1163623,22960,603710,32071,559913,0,0,42408,754304,0.092791,12522,205075,0.025227,42462,959379,0.118019,8129050
3,2021-02-03,60564,1224187,26923,630633,33641,593554,0,0,44953,783887,0.09643,15447,220522,0.027128,45030,1004409,0.123558,8129050
3,2021-02-04,65015,1289202,28146,658779,36869,630423,0,0,47534,814283,0.10017,17266,237788,0.029252,47662,1052071,0.129421,8129050
3,2021-02-05,71269,1360471,30026,688805,41243,671666,0,0,49176,841849,0.103561,21833,259621,0.031937,49399,1101470,0.135498,8129050
3,2021-02-06,44041,1404512,21067,709872,22974,694640,0,0,34286,866627,0.106609,9707,269328,0.033132,34485,1135955,0.13974,8129050
3,2021-02-07,19924,1424436,12680,722552,7244,701884,0,0,15292,877437,0.107938,4613,273941,0.033699,15423,1151378,0.141637,8129050
3,2021-02-08,51974,1476410,25098,747650,26876,728760,0,0,34012,893832,0.109955,17821,291762,0.035891,34216,1185594,0.145847,8129050
3,2021-02-09,59290,1535700,28767,776417,30523,759283,0,0,34594,904302,0.111243,24483,316245,0.038903,34953,1220547,0.150146,8129050
3,2021-02-10,68918,1604618,32071,808488,36847,796130,0,0,36871,909961,0.111939,31742,347987,0.042808,37401,1257948,0.154747,8129050
3,2021-02-11,71455,1676073,35119,843607,36336,832466,0,0,37834,915136,0.112576,33217,381204,0.046894,38392,1296340,0.15947,8129050
3,2021-02-12,76411,1752484,32906,876513,43505,875971,0,0,42084,924025,0.113669,33976,415180,0.051074,42865,1339205,0.164743,8129050
3,2021-02-13,45563,1798047,20619,897132,24944,900915,0,0,26084,931348,0.11457,19357,434537,0.053455,26680,1365885,0.168025,8129050
3,2021-02-14,27603,1825650,13761,910893,13842,914757,0,0,15300,934886,0.115006,12233,446770,0.05496,15771,1381656,0.169965,8129050
3,2021-02-15,40579,1866229,17482,928375,23097,937854,0,0,22364,940113,0.115649,18097,464867,0.057186,23324,1404980,0.172834,8129050
3,2021-02-16,70975,1937204,33586,961961,37389,975243,0,0,36714,943789,0.116101,34093,498960,0.06138,37769,1442749,0.177481,8129050
3,2021-02-17,72737,2009941,36738,998699,35999,1011242,0,0,34350,941096,0.115769,38118,537078,0.066069,35425,1478174,0.181838,8129050
3,2021-02-18,77914,2087855,40696,1039395,37218,1048460,0,0,35892,936539,0.115209,41804,578882,0.071212,37247,1515421,0.18642,8129050
3,2021-02-19,69984,2157839,40302,1079697,29682,1078142,0,0,35256,937929,0.11538,34548,613430,0.075461,35938,1551359,0.190841,8129050
3,2021-02-20,43548,2201387,27460,1107157,16088,1094230,0,0,22640,940327,0.115675,20782,634212,0.078018,23180,1574539,0.193693,8129050
3,2021-02-21,24524,2225911,19688,1126845,4836,1099066,0,0,11787,939911,0.115624,12626,646838,0.079571,12210,1586749,0.195195,8129050
3,2021-02-22,48003,2273914,31248,1158093,16755,1115821,0,0,22429,937429,0.115318,25416,672254,0.082698,22934,1609683,0.198016,8129050
3,2021-02-23,64188,2338102,34836,1192929,29352,1145173,0,0,27896,931306,0.114565,36040,708294,0.087131,29917,1639600,0.201696,8129050
3,2021-02-24,80374,2418476,39512,1232441,40862,1186035,0,0,35321,924405,0.113716,44776,753070,0.092639,37875,1677475,0.206356,8129050
3,2021-02-25,90084,2508560,43885,1276326,46199,1232234,0,0,44681,926643,0.113992,45076,798146,0.098184,47314,1724789,0.212176,8129050
3,2021-02-26,101141,2609701,46238,1322564,54903,1287137,0,0,53145,934477,0.114955,47547,845693,0.104033,55381,1780170,0.218989,8129050
3,2021-02-27,71703,2681404,32926,1355490,38773,1325910,4,4,37581,939526,0.115576,33870,879563,0.1082,38919,1819089,0.223776,8129050
3,2021-02-28,41839,2723243,24172,1379662,17662,1343572,5,9,21149,941178,0.11578,20479,900042,0.110719,22131,1841220,0.226499,8129050
3,2021-03-01,70886,2794129,37551,1417213,33276,1376848,59,68,39342,950697,0.116951,31266,931308,0.114565,40785,1882005,0.231516,8129050
3,2021-03-02,82284,2876413,40555,1457768,41714,1418562,15,83,47373,965502,0.118772,34725,966033,0.118837,49530,1931535,0.237609,8129050
3,2021-03-03,92284,2968697,44159,1501927,48087,1466649,38,121,51463,978758,0.120403,40559,1006592,0.123827,53815,1985350,0.244229,8129050
3,2021-03-04,96672,3065369,47286,1549213,49361,1516010,25,146,54616,993940,0.12227,41782,1048374,0.128966,56964,2042314,0.251236,8129050
3,2021-03-05,93069,3158438,45453,1594666,47313,1563323,303,449,56133,1016011,0.124985,36630,1085004,0.133472,58701,2101015,0.258458,8129050
3,2021-03-06,66531,3224969,33720,1628386,30638,1593961,2173,2622,37871,1029022,0.126586,28491,1113495,0.136977,41502,2142517,0.263563,8129050
3,2021-03-07,39555,3264524,22810,1651196,14822,1608783,1923,4545,22222,1037076,0.127577,17247,1130742,0.139099,25301,2167818,0.266675,8129050
3,2021-03-08,60744,3325268,28904,1680100,28805,1637588,3035,7580,38359,1057786,0.130124,22206,1152948,0.141831,42916,2210734,0.271955,8129050
3,2021-03-09,78067,3403335,36028,1716128,37535,1675123,4504,12084,41887,1069298,0.13154,36001,1188949,0.146259,47513,2258247,0.2778,8129050
3,2021-03-10,84187,3487522,41866,1757994,36150,1711273,6171,18255,43907,1080698,0.132943,40034,1228983,0.151184,51434,2309681,0.284127,8129050
3,2021-03-11,98421,3585943,48154,1806148,41575,1752848,8692,26947,48096,1088495,0.133902,50017,1279000,0.157337,57814,2367495,0.291239,8129050
3,2021-03-12,103153,3689096,46072,1852220,45145,1797993,11936,38883,47009,1092610,0.134408,55862,1334862,0.164209,59977,2427472,0.298617,8129050
3,2021-03-13,71075,3760171,29942,1882162,33822,1831815,7311,46194,37488,1105270,0.135965,33428,1368290,0.168321,46088,2473560,0.304286,8129050
3,2021-03-14,41617,3801788,21734,1903896,16305,1848120,3578,49772,20957,1109854,0.136529,20558,1388848,0.17085,25142,2498702,0.307379,8129050
3,2021-03-15,76448,3878236,36259,1940155,35592,1883712,4597,54369,40224,1119674,0.137737,35959,1424807,0.175273,45779,2544481,0.313011,8129050
3,2021-03-16,95921,3974157,44241,1984396,47293,1931005,4387,58756,53802,1136905,0.139857,41837,1466644,0.18042,59068,2603549,0.320277,8129050
3,2021-03-17,99290,4073447,48215,2032611,46484,1977489,4591,63347,60162,1163424,0.143119,38856,1505500,0.1852,65375,2668924,0.328319,8129050
3,2021-03-18,104614,4178061,53146,2085757,46867,2024356,4601,67948,59805,1183859,0.145633,44486,1549986,0.190672,64921,2733845,0.336306,8129050
3,2021-03-19,104202,4282263,55912,2141669,43785,2068141,4505,72453,57868,1200724,0.147708,46020,1596006,0.196334,62885,2796730,0.344041,8129050
3,2021-03-20,72600,4354863,37409,2179078,31460,2099601,3731,76184,44563,1221672,0.150285,27806,1623812,0.199754,48754,2845484,0.350039,8129050
3,2021-03-21,36640,4391503,24871,2203949,10241,2109842,1528,77712,21990,1231140,0.151449,14522,1638334,0.201541,23990,2869474,0.35299,8129050
3,2021-03-22,71197,4462700,41840,2245789,26812,2136654,2545,80257,45164,1254098,0.154274,25754,1664088,0.204709,48712,2918186,0.358982,8129050
3,2021-03-23,90679,4553379,50153,2295942,37937,2174591,2589,82846,55145,1277295,0.157127,35229,1699317,0.209043,58426,2976612,0.36617,8129050
3,2021-03-24,99670,4653049,57362,2353304,39345,2213936,2963,85809,56229,1294040,0.159187,43040,1742357,0.214337,59785,3036397,0.373524,8129050
3,2021-03-25,108401,4761450,60201,2413505,45155,2259091,3045,88854,60552,1310809,0.16125,47458,1789815,0.220175,64227,3100624,0.381425,8129050
3,2021-03-26,111791,4873241,59958,2473463,48447,2307538,3386,92240,57109,1317832,0.162114,54299,1844114,0.226855,61322,3161946,0.388969,8129050
3,2021-03-27,75305,4948546,38288,2511751,34455,2341993,2562,94802,36178,1318366,0.16218,38866,1882980,0.231636,39400,3201346,0.393816,8129050
3,2021-03-28,44784,4993330,28231,2539982,15731,2357724,822,95624,22445,1320078,0.16239,22204,1905184,0.234367,23916,3225262,0.396758,8129050
3,2021-03-29,81625,5074955,42628,2582610,37129,2394853,1868,97492,44271,1329998,0.163611,37069,1942253,0.238927,46989,3272251,0.402538,8129050
3,2021-03-30,101277,5176232,49785,2632395,47773,2442626,3719,101211,56266,1345851,0.165561,44723,1986976,0.244429,60576,3332827,0.40999,8129050
3,2021-03-31,105946,5282178,57132,2689527,43913,2486539,4901,106112,56229,1357859,0.167038,49431,2036407,0.25051,61439,3394266,0.417548,8129050
3,2021-04-01,125035,5407213,63186,2752713,51974,2538513,9875,115987,66971,1377344,0.169435,57575,2093982,0.257592,77060,3471326,0.427027,8129050
3,2021-04-02,118881,5526094,57992,2810705,50431,2588944,10458,126445,62255,1394154,0.171503,56289,2150271,0.264517,73099,3544425,0.43602,8129050
3,2021-04-03,76622,5602716,39204,2849909,28118,2617062,9300,135745,38043,1403363,0.172636,38398,2188669,0.26924,47607,3592032,0.441876,8129050
3,2021-04-04,32648,5635364,17456,2867365,10938,2628000,4254,139999,14236,1403515,0.172654,18318,2206987,0.271494,18470,3610502,0.444148,8129050
3,2021-04-05,90403,5725767,45879,2913244,35175,2663175,9349,149348,43739,1410960,0.17357,46408,2253395,0.277203,53853,3664355,0.450773,8129050
3,2021-04-06,114348,5840115,55645,2968889,43379,2706554,15324,164672,53508,1419897,0.174669,60529,2313924,0.284649,69466,3733821,0.459318,8129050
3,2021-04-07,117170,5957285,60619,3029508,40147,2746701,16404,181076,56337,1432330,0.176199,60533,2374457,0.292095,72966,3806787,0.468294,8129050
3,2021-04-08,122242,6079527,60838,3090346,41081,2787782,20323,201399,56506,1444453,0.17769,65391,2439848,0.300139,77514,3884301,0.47783,8129050
3,2021-04-09,119393,6198920,59426,3149772,40650,2828432,19317,220716,52255,1449974,0.178369,66850,2506698,0.308363,72371,3956672,0.486732,8129050
3,2021-04-10,84950,6283870,38126,3187898,31440,2859872,15384,236100,34516,1450404,0.178422,50214,2556912,0.31454,50644,4007316,0.492962,8129050
3,2021-04-11,45560,6329430,24382,3212280,13079,2872951,8099,244199,17277,1448395,0.178175,28173,2585085,0.318006,26164,4033480,0.496181,8129050
3,2021-04-12,84630,6414060,42724,3255004,32998,2905949,8908,253107,38106,1450219,0.1784,46243,2631328,0.323694,48067,4081547,0.502094,8129050
3,2021-04-13,106166,6520226,57477,3312481,48476,2954425,213,253320,55745,1456921,0.179224,50145,2681473,0.329863,56847,4138394,0.509087,8129050
3,2021-04-14,108380,6628606,59266,3371747,49004,3003429,110,253430,53749,1457928,0.179348,54295,2735768,0.336542,55302,4193696,0.51589,8129050
3,2021-04-15,120091,6748697,67558,3439305,52447,3055876,86,253516,63834,1466788,0.180438,55881,2791649,0.343416,64741,4258437,0.523854,8129050
3,2021-04-16,116265,6864962,65199,3504504,50968,3106844,98,253614,60434,1472501,0.181141,55489,2847138,0.350242,61202,4319639,0.531383,8129050
3,2021-04-17,79955,6944917,43586,3548090,36353,3143197,16,253630,44373,1482539,0.182375,35330,2882468,0.354589,45368,4365007,0.536964,8129050
3,2021-04-18,39101,6984018,23644,3571734,15447,3158644,10,253640,18274,1481020,0.182189,20686,2903154,0.357133,19167,4384174,0.539322,8129050
3,2021-04-19,79647,7063665,44312,3616046,35275,3193919,60,253700,35671,1473531,0.181267,43739,2946893,0.362514,36250,4420424,0.543781,8129050
3,2021-04-20,101340,7165005,53353,3669399,47965,3241884,22,253722,48753,1471072,0.180965,52278,2999171,0.368945,49819,4470243,0.54991,8129050
3,2021-04-21,106582,7271587,59839,3729238,46660,3288544,83,253805,50123,1466336,0.180382,56035,3055206,0.375838,51299,4521542,0.55622,8129050
3,2021-04-22,112714,7384301,63347,3792585,49337,3337881,30,253835,48254,1451523,0.17856,64058,3119264,0.383718,49245,4570787,0.562278,8129050
3,2021-04-23,107012,7491313,61232,3853817,45748,3383629,32,253867,46710,1439375,0.177066,59912,3179176,0.391088,47764,4618551,0.568154,8129050
3,2021-04-24,74462,7565775,45942,3899759,28446,3412075,74,253941,36171,1438642,0.176975,37989,3217165,0.395761,37256,4655807,0.572737,8129050
3,2021-04-25,37187,7602962,23726,3923485,13443,3425518,18,253959,18930,1439909,0.177131,18085,3235250,0.397986,19352,4675159,0.575118,8129050
3,2021-04-26,74507,7677469,42116,3965601,31972,3457490,419,254378,31677,1430833,0.176015,42525,3277775,0.403217,33449,4708608,0.579232,8129050
3,2021-04-27,91744,7769213,48170,4013771,41811,3499301,1763,256141,36255,1414474,0.174002,55154,3332929,0.410002,38795,4747403,0.584005,8129050
3,2021-04-28,87551,7856764,49737,4063508,35659,3534960,2155,258296,35625,1401203,0.17237,51598,3384527,0.41635,38327,4785730,0.588719,8129050
3,2021-04-29,89856,7946620,51342,4114850,36275,3571235,2239,260535,31974,1378398,0.169564,57506,3442033,0.423424,34701,4820431,0.592988,8129050
3,2021-04-30,91415,8038035,51582,4166432,37338,3608573,2495,263030,33953,1358254,0.167086,57058,3499091,0.430443,36914,4857345,0.597529,8129050
3,2021-05-01,56047,8094082,35108,4201540,19445,3628018,1494,264524,20178,1344868,0.16544,35550,3534641,0.434816,22164,4879509,0.600256,8129050
3,2021-05-02,27153,8121235,18539,4220079,7589,3635607,1025,265549,9942,1338841,0.164698,17093,3551734,0.436919,11066,4890575,0.601617,8129050
3,2021-05-03,60226,8181461,35369,4255448,22472,3658079,2385,267934,17515,1316466,0.161946,42456,3594190,0.442141,20081,4910656,0.604087,8129050
3,2021-05-04,78089,8259550,45149,4300597,30245,3688324,2695,270629,22625,1286912,0.15831,55144,3649334,0.448925,25590,4936246,0.607235,8129050
3,2021-05-05,79628,8339178,47805,4348402,29098,3717422,2725,273354,21973,1254624,0.154338,57284,3706618,0.455972,24996,4961242,0.61031,8129050
3,2021-05-06,83944,8423122,53119,4401521,28277,3745699,2548,275902,20649,1215580,0.149535,62782,3769400,0.463695,23738,4984980,0.61323,8129050
3,2021-05-07,82958,8506080,51685,4453206,28621,3774320,2652,278554,21879,1179718,0.145124,60692,3830092,0.471161,24830,5009810,0.616285,8129050
3,2021-05-08,53014,8559094,32869,4486075,18412,3792732,1733,280287,14008,1157007,0.14233,38718,3868810,0.475924,16007,5025817,0.618254,8129050
3,2021-05-09,21097,8580191,15424,4501499,4878,3797610,795,281082,5485,1147848,0.141203,15508,3884318,0.477832,6349,5032166,0.619035,8129050
3,2021-05-10,48469,8628660,26092,4527591,20456,3818066,1921,283003,11208,1124193,0.138293,37039,3921357,0.482388,13384,5045550,0.620681,8129050
3,2021-05-11,64565,8693225,36223,4563814,26108,3844174,2234,285237,16214,1095028,0.134706,48080,3969437,0.488303,18915,5064465,0.623008,8129050
3,2021-05-12,65282,8758507,37518,4601332,25346,3869520,2418,287655,16643,1066064,0.131143,48345,4017782,0.49425,19381,5083846,0.625392,8129050
3,2021-05-13,75917,8834424,47847,4649179,26140,3895660,1930,289585,27666,1048308,0.128958,47978,4065760,0.500152,30222,5114068,0.62911,8129050
3,2021-05-14,80870,8915294,51054,4700233,27655,3923315,2161,291746,31285,1033090,0.127086,49265,4115025,0.506212,34047,5148115,0.633298,8129050
3,2021-05-15,62552,8977846,43130,4743363,18192,3941507,1230,292976,25841,1023915,0.125958,36480,4151505,0.5107,27305,5175420,0.636657,8129050
3,2021-05-16,33340,9011186,24937,4768300,7711,3949218,692,293668,13454,1018398,0.125279,19757,4171262,0.51313,14240,5189660,0.638409,8129050
3,2021-05-17,57261,9068447,36455,4804755,18944,3968162,1862,295530,21080,1005658,0.123712,35891,4207153,0.517545,23151,5212811,0.641257,8129050
3,2021-05-18,64824,9133271,38258,4843013,24686,3992848,1880,297410,24339,992075,0.122041,40196,4247349,0.52249,26613,5239424,0.644531,8129050
3,2021-05-19,64296,9197567,39071,4882084,23459,4016307,1766,299176,24861,979817,0.120533,39166,4286515,0.527308,26908,5266332,0.647841,8129050
3,2021-05-20,62163,9259730,36372,4918456,23929,4040236,1862,301038,22292,964744,0.118679,39567,4326082,0.532176,24494,5290826,0.650854,8129050
3,2021-05-21,66517,9326247,40432,4958888,23968,4064204,2117,303155,23763,948528,0.116684,42405,4368487,0.537392,26189,5317015,0.654076,8129050
3,2021-05-22,46035,9372282,30514,4989402,14045,4078249,1476,304631,19149,942761,0.115974,26648,4395135,0.54067,20881,5337896,0.656645,8129050
3,2021-05-23,21837,9394119,15105,5004507,6077,4084326,655,305286,9231,940250,0.115665,12510,4407645,0.542209,9999,5347895,0.657875,8129050
3,2021-05-24,39908,9434027,23358,5027865,14775,4099101,1775,307061,14792,932111,0.114664,24904,4432549,0.545273,16765,5364660,0.659937,8129050
3,2021-05-25,43146,9477173,24282,5052147,17167,4116268,1697,308758,15305,921803,0.113396,27542,4460091,0.548661,17234,5381894,0.662057,8129050
3,2021-05-26,42738,9519911,24455,5076602,16537,4132805,1746,310504,16007,913271,0.112347,26422,4486513,0.551911,17890,5399784,0.664258,8129050
3,2021-05-27,39675,9559586,22248,5098850,15666,4148471,1761,312265,15515,906821,0.111553,23977,4510490,0.554861,17527,5417311,0.666414,8129050
3,2021-05-28,43256,9602842,24461,5123311,16983,4165454,1812,314077,17996,901912,0.110949,25038,4535528,0.557941,20129,5437440,0.66889,8129050
3,2021-05-29,23632,9626474,14443,5137754,8348,4173802,841,314918,11007,901420,0.110889,12474,4548002,0.559475,11982,5449422,0.670364,8129050
3,2021-05-30,10667,9637141,6916,5144670,3114,4176916,637,315555,4478,900472,0.110772,6107,4554109,0.560226,5159,5454581,0.670999,8129050
3,2021-05-31,4705,9641846,2726,5147396,1712,4178628,267,315822,1472,899064,0.110599,3176,4557285,0.560617,1768,5456349,0.671216,8129050
3,2021-06-01,38067,9679913,21913,5169309,14694,4193322,1460,317282,13314,889539,0.109427,24491,4581776,0.56363,14966,5471315,0.673057,8129050
3,2021-06-02,31786,9711699,18308,5187617,12054,4205376,1424,318706,11764,883064,0.108631,19805,4601581,0.566066,13330,5484645,0.674697,8129050
3,2021-06-03,39921,9751620,27313,5214930,11164,4216540,1444,320150,11531,868075,0.106787,28204,4629785,0.569536,13215,5497860,0.676323,8129050
3,2021-06-04,46622,9798242,32984,5247914,12084,4228624,1554,321704,13292,850275,0.104597,33067,4662852,0.573604,15267,5513127,0.678201,8129050
3,2021-06-05,34551,9832793,26050,5273964,7311,4235935,1190,322894,8760,834847,0.102699,25577,4688429,0.57675,10149,5523276,0.679449,8129050
3,2021-06-06,14698,9847491,12266,5286230,1845,4237780,587,323481,3701,828371,0.101903,10932,4699361,0.578095,4456,5527732,0.679997,8129050
3,2021-06-07,30668,9878159,22287,5308517,7092,4244872,1289,324770,8884,817043,0.100509,21619,4720980,0.580754,10291,5538023,0.681263,8129050
3,2021-06-08,34449,9912608,24715,5333232,8435,4253307,1299,326069,9950,804238,0.098934,24281,4745261,0.583741,11476,5549499,0.682675,8129050
3,2021-06-09,33097,9945705,24001,5357233,7787,4261094,1309,327378,8882,790568,0.097252,24027,4769288,0.586697,10357,5559856,0.683949,8129050
3,2021-06-10,32632,9978337,23531,5380764,7562,4268656,1539,328917,8978,777796,0.095681,23490,4792778,0.589586,10718,5570574,0.685268,8129050
3,2021-06-11,35842,10014179,25350,5406114,9111,4277767,1381,330298,10657,765033,0.094111,24978,4817756,0.592659,12215,5582789,0.68677,8129050
3,2021-06-12,25414,10039593,19167,5425281,5348,4283115,899,331197,6728,754262,0.092786,18562,4836318,0.594943,7791,5590580,0.687729,8129050
3,2021-06-13,10214,10049807,7652,5432933,2070,4285185,492,331689,2389,749447,0.092194,7771,4844089,0.595899,2956,5593536,0.688092,8129050
3,2021-06-14,26029,10075836,18671,5451604,5919,4291104,1439,333128,8148,741437,0.091208,17741,4861830,0.598081,9731,5603267,0.689289,8129050
3,2021-06-15,29032,10104868,19655,5471259,7851,4298955,1526,334654,9764,733873,0.090278,19024,4880854,0.600421,11460,5614727,0.690699,8129050
3,2021-06-16,26157,10131025,18594,5489853,6132,4305087,1431,336085,8850,727185,0.089455,17119,4897973,0.602527,10431,5625158,0.691982,8129050
3,2021-06-17,25009,10156034,17905,5507758,5802,4310889,1302,337387,8685,721153,0.088713,16159,4914132,0.604515,10127,5635285,0.693228,8129050
3,2021-06-18,28070,10184104,19817,5527575,6679,4317568,1574,338961,9801,714660,0.087914,18035,4932167,0.606734,11542,5646827,0.694648,8129050
3,2021-06-19,16053,10200157,11791,5539366,3401,4320969,861,339822,5739,711185,0.087487,10184,4942351,0.607986,6709,5653536,0.695473,8129050
3,2021-06-20,6895,10207052,5171,5544537,1422,4322391,302,340124,2611,709926,0.087332,4225,4946576,0.608506,2966,5656502,0.695838,8129050
3,2021-06-21,16271,10223323,10264,5554801,4599,4326990,1408,341532,8093,711465,0.087521,8083,4954659,0.6095,9622,5666124,0.697022,8129050
3,2021-06-22,22131,10245454,15510,5570311,5320,4332310,1301,342833,8263,707448,0.087027,13735,4968394,0.61119,9718,5675842,0.698217,8129050
3,2021-06-23,20314,10265768,14219,5584530,4749,4337059,1346,344179,8020,704779,0.086699,12173,4980567,0.612687,9504,5685346,0.699386,8129050
3,2021-06-24,20021,10285789,13931,5598461,4631,4341690,1459,345638,7813,702134,0.086373,12024,4992591,0.614167,9379,5694725,0.70054,8129050
3,2021-06-25,23400,10309189,16603,5615064,5372,4347062,1425,347063,9136,698699,0.085951,14124,5006715,0.615904,10689,5705414,0.701855,8129050
3,2021-06-26,14062,10323251,10445,5625509,2842,4349904,775,347838,5870,697418,0.085793,8084,5014799,0.616899,6803,5712217,0.702692,8129050
3,2021-06-27,6761,10330012,5239,5630748,1214,4351118,308,348146,2893,696833,0.085721,3821,5018620,0.617369,3236,5715453,0.70309,8129050
3,2021-06-28,16137,10346149,12418,5643166,2634,4353752,1085,349231,6796,695631,0.085573,9190,5027810,0.618499,7988,5723441,0.704073,8129050
3,2021-06-29,18180,10364329,12810,5655976,4357,4358109,1013,350244,7463,693671,0.085332,10568,5038378,0.619799,8608,5732049,0.705131,8129050
3,2021-06-30,17194,10381523,12191,5668167,3957,4362066,1046,351290,7434,692706,0.085214,9593,5047971,0.620979,8628,5740677,0.706193,8129050
3,2021-07-01,16479,10398002,11749,5679916,3652,4365718,1078,352368,6961,691467,0.085061,9378,5057349,0.622133,8139,5748816,0.707194,8129050
3,2021-07-02,18607,10416609,13231,5693147,4271,4369989,1105,353473,7965,690112,0.084895,10520,5067869,0.623427,9165,5757981,0.708322,8129050
3,2021-07-03,10175,10426784,7357,5700504,2377,4372366,441,353914,4370,689300,0.084795,5725,5073594,0.624131,4913,5762894,0.708926,8129050
3,2021-07-04,732,10427516,430,5700934,215,4372581,87,354001,283,689246,0.084788,440,5074034,0.624185,386,5763280,0.708973,8129050
3,2021-07-05,9581,10437097,7012,5707946,2146,4374727,423,354424,4329,688881,0.084743,5180,5079214,0.624823,4815,5768095,0.709566,8129050
3,2021-07-06,19229,10456326,13939,5721885,4163,4378890,1127,355551,6959,685003,0.084266,12087,5091301,0.626309,8209,5776304,0.710576,8129050
3,2021-07-07,15803,10472129,11215,5733100,3465,4382355,1123,356674,6363,683296,0.084056,9300,5100601,0.627454,7593,5783897,0.71151,8129050
3,2021-07-08,15390,10487519,11125,5744225,3265,4385620,1000,357674,6215,681577,0.083845,9023,5109624,0.628563,7304,5791201,0.712408,8129050
3,2021-07-09,17690,10505209,12341,5756566,4127,4389747,1222,358896,7325,680006,0.083651,10227,5119851,0.629822,8656,5799857,0.713473,8129050
3,2021-07-10,10909,10516118,8036,5764602,2205,4391952,668,359564,4631,679189,0.083551,6206,5126057,0.630585,5389,5805246,0.714136,8129050
3,2021-07-11,5132,10521250,3800,5768402,1057,4393009,275,359839,2315,679032,0.083532,2767,5128824,0.630925,2610,5807856,0.714457,8129050
3,2021-07-12,14366,10535616,10484,5778886,2878,4395887,1004,360843,5744,677306,0.083319,8542,5137366,0.631976,6816,5814672,0.715295,8129050
3,2021-07-13,15194,10550810,10733,5789619,3548,4399435,913,361756,6678,676564,0.083228,8414,5145780,0.633011,7672,5822344,0.716239,8129050
3,2021-07-14,14475,10565285,10280,5799899,3274,4402709,921,362677,6474,676119,0.083173,7900,5153680,0.633983,7455,5829799,0.717156,8129050
3,2021-07-15,14764,10580049,10673,5810572,3249,4405958,842,363519,6757,675886,0.083145,7905,5161585,0.634955,7672,5837471,0.7181,8129050
3,2021-07-16,17803,10597852,12801,5823373,4106,4410064,896,364415,8503,676166,0.083179,9190,5170775,0.636086,9470,5846941,0.719265,8129050
3,2021-07-17,11301,10609153,8278,5831651,2490,4412554,533,364948,5379,676296,0.083195,5848,5176623,0.636805,5978,5852919,0.72,8129050
3,2021-07-18,5758,10614911,4350,5836001,1157,4413711,251,365199,2831,676521,0.083223,2883,5179506,0.63716,3108,5856027,0.720383,8129050
3,2021-07-19,14917,10629828,10916,5846917,3121,4416832,880,366079,7315,677289,0.083317,7500,5187006,0.638083,8268,5864295,0.7214,8129050
3,2021-07-20,16556,10646384,11524,5858441,4129,4420961,903,366982,8511,678857,0.08351,7927,5194933,0.639058,9495,5873790,0.722568,8129050
3,2021-07-21,15991,10662375,11324,5869765,3799,4424760,868,367850,8040,680022,0.083653,7820,5202753,0.64002,8985,5882775,0.723673,8129050
3,2021-07-22,16359,10678734,11556,5881321,3838,4428598,965,368815,8482,681780,0.08387,7751,5210504,0.640973,9509,5892284,0.724843,8129050
3,2021-07-23,19287,10698021,13750,5895071,4524,4433122,1013,369828,10357,684456,0.084199,8782,5219286,0.642054,11458,5903742,0.726252,8129050
3,2021-07-24,11582,10709603,8338,5903409,2665,4435787,579,370407,6400,686370,0.084434,5102,5224388,0.642681,7016,5910758,0.727115,8129050
3,2021-07-25,5661,10715264,4243,5907652,1208,4436995,210,370617,4086,689191,0.084781,1525,5225913,0.642869,4346,5915104,0.72765,8129050
3,2021-07-26,15505,10730769,10791,5918443,3746,4440741,968,371585,9373,693574,0.08532,6019,5231932,0.643609,10402,5925506,0.72893,8129050
3,2021-07-27,17501,10748270,12374,5930817,4148,4444889,979,372564,10025,697309,0.08578,7342,5239274,0.644512,11077,5936583,0.730292,8129050
3,2021-07-28,17058,10765328,12204,5943021,3819,4448708,1035,373599,9846,701172,0.086255,7068,5246342,0.645382,10931,5947514,0.731637,8129050
3,2021-07-29,16862,10782190,12143,5955164,3686,4452394,1033,374632,9946,705485,0.086786,6739,5253081,0.646211,11052,5958566,0.732997,8129050
3,2021-07-30,19642,10801832,13862,5969026,4689,4457083,1091,375723,11397,710029,0.087345,8034,5261115,0.647199,12578,5971144,0.734544,8129050
3,2021-07-31,12231,10814063,8863,5977889,2714,4459797,654,376377,7125,712913,0.087699,4960,5266075,0.647809,7844,5978988,0.735509,8129050
3,2021-08-01,6509,10820572,4958,5982847,1291,4461088,260,376637,4207,715179,0.087978,2236,5268311,0.648084,4502,5983490,0.736063,8129050
3,2021-08-02,16603,10837175,12047,5994894,3624,4464712,932,377569,10319,720337,0.088613,6156,5274467,0.648842,11314,5994804,0.737454,8129050
3,2021-08-03,18469,10855644,13332,6008226,4025,4468737,1112,378681,11005,725220,0.089213,7286,5281753,0.649738,12169,6006973,0.738951,8129050
3,2021-08-04,17587,10873231,12633,6020859,3939,4472676,1015,379696,10476,729810,0.089778,6950,5288703,0.650593,11540,6018513,0.740371,8129050
3,2021-08-05,17970,10891201,12990,6033849,3826,4476502,1154,380850,10847,734921,0.090407,6959,5295662,0.651449,12070,6030583,0.741856,8129050
3,2021-08-06,21774,10912975,15778,6049627,4833,4481335,1163,382013,12869,740316,0.09107,8703,5304365,0.65252,14098,6044681,0.74359,8129050
3,2021-08-07,12792,10925767,9505,6059132,2655,4483990,632,382645,7480,743308,0.091438,5171,5309536,0.653156,8163,6052844,0.744594,8129050
3,2021-08-08,7577,10933344,5797,6064929,1538,4485528,242,382887,4672,745438,0.091701,2820,5312356,0.653503,4950,6057794,0.745203,8129050
3,2021-08-09,18363,10951707,13731,6078660,3536,4489064,1096,383983,10370,749146,0.092157,7831,5320187,0.654466,11539,6069333,0.746623,8129050
3,2021-08-10,18578,10970285,13595,6092255,3966,4493030,1017,385000,10468,752730,0.092598,7940,5328127,0.655443,11524,6080857,0.74804,8129050
3,2021-08-11,16580,10986865,11998,6104253,3544,4496574,1038,386038,9227,755901,0.092988,7149,5335276,0.656322,10320,6091177,0.74931,8129050
3,2021-08-12,18138,11005003,12790,6117043,4256,4500830,1092,387130,9957,759030,0.093373,7968,5343244,0.657302,11097,6102274,0.750675,8129050
3,2021-08-13,22637,11027640,16053,6133096,5405,4506235,1179,388309,12329,762740,0.093829,9868,5353112,0.658516,13578,6115852,0.752345,8129050
3,2021-08-14,14708,11042348,10354,6143450,3732,4509967,622,388931,7668,764966,0.094103,6116,5359228,0.659269,8342,6124194,0.753371,8129050
3,2021-08-15,8366,11050714,6072,6149522,2009,4511976,285,389216,4201,766099,0.094242,3380,5362608,0.659684,4513,6128707,0.753927,8129050
3,2021-08-16,20690,11071404,14262,6163784,5436,4517412,992,390208,9811,768052,0.094482,8937,5371545,0.660784,10890,6139597,0.755266,8129050
3,2021-08-17,21325,11092729,14493,6178277,5778,4523190,1054,391262,9793,769699,0.094685,9309,5380854,0.661929,10956,6150553,0.756614,8129050
3,2021-08-18,21148,11113877,14100,6192377,6036,4529226,1012,392274,9513,771282,0.09488,9032,5389886,0.66304,10615,6161168,0.75792,8129050
3,2021-08-19,21199,11135076,13993,6206370,6119,4535345,1087,393361,9216,772603,0.095042,9047,5398933,0.664153,10368,6171536,0.759195,8129050
3,2021-08-20,26680,11161756,17975,6224345,7568,4542913,1137,394498,11229,773230,0.095119,11839,5410772,0.665609,12466,6184002,0.760729,8129050
3,2021-08-21,15537,11177293,11206,6235551,3744,4546657,587,395085,6514,773232,0.09512,7170,5417942,0.666491,7172,6191174,0.761611,8129050
3,2021-08-22,8846,11186139,6317,6241868,2303,4548960,226,395311,3966,773694,0.095176,3780,5421722,0.666956,4242,6195416,0.762133,8129050
3,2021-08-23,22594,11208733,15807,6257675,5859,4554819,928,396239,9695,774630,0.095292,9866,5431588,0.66817,10802,6206218,0.763462,8129050
3,2021-08-24,22505,11231238,16214,6273889,5403,4560222,888,397127,9311,774782,0.09531,10177,5441765,0.669422,10329,6216547,0.764732,8129050
3,2021-08-25,21427,11252665,15273,6289162,5262,4565484,892,398019,8919,775126,0.095353,9591,5451356,0.670602,9935,6226482,0.765954,8129050
3,2021-08-26,21713,11274378,15306,6304468,5451,4570935,956,398975,8713,775228,0.095365,9687,5461043,0.671794,9789,6236271,0.767159,8129050
3,2021-08-27,26197,11300575,18948,6323416,6322,4577257,927,399902,10107,774010,0.095215,12453,5473496,0.673325,11235,6247506,0.768541,8129050
3,2021-08-28,9340,11309915,6350,6329766,2584,4579841,406,400308,3386,773313,0.09513,4552,5478048,0.673885,3855,6251361,0.769015,8129050
4,2020-12-15,473,473,473,473,0,0,0,0,473,473,5.9e-05,0,0,0.0,473,473,5.9e-05,8037679
4,2020-12-16,3104,3577,3104,3577,0,0,0,0,3104,3577,0.000445,0,0,0.0,3104,3577,0.000445,8037679
4,2020-12-17,9116,12693,9116,12693,0,0,0,0,9116,12693,0.001579,0,0,0.0,9116,12693,0.001579,8037679
4,2020-12-18,16384,29077,16371,29064,13,13,0,0,16383,29076,0.003617,0,0,0.0,16383,29076,0.003617,8037679
4,2020-12-19,10467,39544,10457,39521,10,23,0,0,10406,39482,0.004912,0,0,0.0,10406,39482,0.004912,8037679
4,2020-12-20,7511,47055,7496,47017,15,38,0,0,7466,46948,0.005841,0,0,0.0,7466,46948,0.005841,8037679
4,2020-12-21,16555,63610,16521,63538,34,72,0,0,16487,63434,0.007892,1,1,0.0,16487,63435,0.007892,8037679
4,2020-12-22,17334,80944,16563,80101,771,843,0,0,17290,80720,0.010043,4,5,1e-06,17290,80725,0.010043,8037679
4,2020-12-23,17291,98235,14480,94581,2811,3654,0,0,17262,97980,0.01219,2,7,1e-06,17262,97987,0.012191,8037679
4,2020-12-24,8673,106908,6013,100594,2660,6314,0,0,8671,106650,0.013269,1,8,1e-06,8671,106658,0.01327,8037679
4,2020-12-25,918,107826,813,101407,105,6419,0,0,917,107566,0.013383,1,9,1e-06,917,107575,0.013384,8037679
4,2020-12-26,6268,114094,3928,105335,2340,8759,0,0,6268,113834,0.014163,0,9,1e-06,6268,113843,0.014164,8037679
4,2020-12-27,3489,117583,2013,107348,1476,10235,0,0,3489,117323,0.014597,0,9,1e-06,3489,117332,0.014598,8037679
4,2020-12-28,15350,132933,9464,116812,5886,16121,0,0,15323,132643,0.016503,3,12,1e-06,15323,132655,0.016504,8037679
4,2020-12-29,15983,148916,8965,125777,7018,23139,0,0,15949,148591,0.018487,1,13,2e-06,15949,148604,0.018488,8037679
4,2020-12-30,19504,168420,11417,137194,8087,31226,0,0,19494,168083,0.020912,2,15,2e-06,19494,168098,0.020914,8037679
4,2020-12-31,8402,176822,3392,140586,5010,36236,0,0,8389,176463,0.021954,9,24,3e-06,8389,176487,0.021957,8037679
4,2021-01-01,1874,178696,863,141449,1011,37247,0,0,1867,178326,0.022186,4,28,3e-06,1867,178354,0.02219,8037679
4,2021-01-02,5805,184501,3272,144721,2533,39780,0,0,5803,184128,0.022908,1,29,4e-06,5803,184157,0.022912,8037679
4,2021-01-03,2178,186679,1282,146003,896,40676,0,0,2164,186289,0.023177,3,32,4e-06,2164,186321,0.023181,8037679
4,2021-01-04,13146,199825,7091,153094,6055,46731,0,0,13097,199359,0.024803,27,59,7e-06,13097,199418,0.02481,8037679
4,2021-01-05,17137,216962,10147,163241,6990,53721,0,0,14873,212015,0.026378,2235,2294,0.000285,14891,214309,0.026663,8037679
4,2021-01-06,21888,238850,13410,176651,8478,62199,0,0,15675,221542,0.027563,6166,8460,0.001053,15693,230002,0.028615,8037679
4,2021-01-07,28311,267161,17293,193944,11018,73217,0,0,16831,226980,0.028239,11417,19877,0.002473,16855,246857,0.030712,8037679
4,2021-01-08,33258,300419,21354,215298,11904,85121,0,0,18486,230787,0.028713,14707,34584,0.004303,18514,265371,0.033016,8037679
4,2021-01-09,16452,316871,9723,225021,6729,91850,0,0,9557,233474,0.029047,6884,41468,0.005159,9571,274942,0.034207,8037679
4,2021-01-10,8869,325740,5729,230750,3140,94990,0,0,4213,233055,0.028995,4642,46110,0.005737,4223,279165,0.034732,8037679
4,2021-01-11,33935,359675,22292,253042,11643,106633,0,0,19107,237416,0.029538,14798,60908,0.007578,19159,298324,0.037116,8037679
4,2021-01-12,38934,398609,22484,275526,16450,123083,0,0,24470,247530,0.030796,14407,75315,0.00937,24521,322845,0.040166,8037679
4,2021-01-13,39262,437871,19457,294983,19805,142888,0,0,27774,263904,0.032833,11429,86744,0.010792,27803,350648,0.043626,8037679
4,2021-01-14,39848,477719,15374,310357,24474,167362,0,0,32543,289227,0.035984,7254,93998,0.011695,32577,383225,0.047679,8037679
4,2021-01-15,45973,523692,16100,326457,29873,197235,0,0,40255,323867,0.040294,5641,99639,0.012396,40281,423506,0.05269,8037679
4,2021-01-16,29028,552720,9447,335904,19581,216816,0,0,25848,346585,0.04312,3147,102786,0.012788,25865,449371,0.055908,8037679
4,2021-01-17,19123,571843,6622,342526,12501,229317,0,0,17445,362387,0.045086,1655,104441,0.012994,17457,466828,0.05808,8037679
4,2021-01-18,29749,601592,13793,356319,15956,245273,0,0,23660,380087,0.047288,5995,110436,0.01374,23695,490523,0.061028,8037679
4,2021-01-19,46764,648356,23471,379790,23293,268566,0,0,36917,407291,0.050673,9788,120224,0.014958,36992,527515,0.06563,8037679
4,2021-01-20,53206,701562,28397,408187,24809,293375,0,0,42440,439134,0.054634,10662,130886,0.016284,42505,570020,0.070918,8037679
4,2021-01-21,58520,760082,26301,434488,32219,325594,0,0,51579,483899,0.060204,6866,137752,0.017138,51631,621651,0.077342,8037679
4,2021-01-22,55983,816065,22471,456959,33512,359106,0,0,50640,529330,0.065856,5241,142993,0.01779,50672,672323,0.083646,8037679
4,2021-01-23,40033,856098,17444,474403,22589,381695,0,0,35636,560613,0.069748,4387,147380,0.018336,35670,707993,0.088084,8037679
4,2021-01-24,24296,880394,10566,484969,13730,395425,0,0,22376,581104,0.072297,1908,149288,0.018574,22399,730392,0.090871,8037679
4,2021-01-25,48596,928990,22430,507399,26166,421591,0,0,37227,607061,0.075527,11329,160617,0.019983,37286,767678,0.09551,8037679
4,2021-01-26,57566,986556,29329,536728,28237,449828,0,0,45057,639729,0.079591,12455,173072,0.021533,45123,812801,0.101124,8037679
4,2021-01-27,56993,1043549,27062,563790,29931,479759,0,0,45706,674279,0.08389,11213,184285,0.022928,45763,858564,0.106817,8037679
4,2021-01-28,57708,1101257,26045,589835,31663,511422,0,0,47383,711479,0.088518,10232,194517,0.024201,47432,905996,0.112719,8037679
4,2021-01-29,57473,1158730,27460,617295,30013,541435,0,0,46841,747898,0.093049,10459,204976,0.025502,46878,952874,0.118551,8037679
4,2021-01-30,38764,1197494,17389,634684,21375,562810,0,0,33292,775810,0.096522,5414,210390,0.026175,33326,986200,0.122697,8037679
4,2021-01-31,24531,1222025,12793,647477,11738,574548,0,0,22793,796907,0.099146,1715,212105,0.026389,22812,1009012,0.125535,8037679
4,2021-02-01,50481,1272506,24284,671761,26197,600745,0,0,38564,823668,0.102476,11851,223956,0.027863,38612,1047624,0.130339,8037679
4,2021-02-02,56366,1328872,25884,697645,30482,631227,0,0,43204,853852,0.106231,13075,237031,0.02949,43259,1090883,0.135721,8037679
4,2021-02-03,62844,1391716,30801,728446,32043,663270,0,0,48128,887443,0.11041,14597,251628,0.031306,48188,1139071,0.141716,8037679
4,2021-02-04,68409,1460125,31789,760235,36620,699890,0,0,51379,922068,0.114718,16873,268501,0.033405,51498,1190569,0.148123,8037679
4,2021-02-05,74010,1534135,34224,794459,39786,739676,0,0,51321,951095,0.11833,22435,290936,0.036197,51462,1242031,0.154526,8037679
4,2021-02-06,49213,1583348,26383,820842,22830,762506,0,0,37524,977205,0.121578,11618,302554,0.037642,37728,1279759,0.15922,8037679
4,2021-02-07,26753,1610101,17674,838516,9079,771585,0,0,20155,991047,0.1233,6563,309117,0.038458,20405,1300164,0.161759,8037679
4,2021-02-08,59357,1669458,30466,868982,28891,800476,0,0,38476,1009052,0.12554,20736,329853,0.041038,38741,1338905,0.166579,8037679
4,2021-02-09,68001,1737459,34545,903527,33456,833932,0,0,39749,1021097,0.127039,28153,358006,0.044541,40198,1379103,0.17158,8037679
4,2021-02-10,78310,1815769,39184,942711,39126,873058,0,0,41063,1025721,0.127614,37000,395006,0.049144,41624,1420727,0.176758,8037679
4,2021-02-11,82434,1898203,42985,985696,39449,912507,0,0,41847,1027889,0.127884,40361,435367,0.054166,42529,1463256,0.18205,8037679
4,2021-02-12,85351,1983554,38198,1023894,47153,959660,0,0,43782,1031110,0.128285,41357,476724,0.059311,44578,1507834,0.187596,8037679
4,2021-02-13,59435,2042989,30029,1053923,29406,989066,0,0,30149,1033044,0.128525,29132,505856,0.062936,31066,1538900,0.191461,8037679
4,2021-02-14,37232,2080221,19343,1073266,17889,1006955,0,0,18967,1034486,0.128705,18201,524057,0.0652,19643,1558543,0.193905,8037679
4,2021-02-15,46815,2127036,21957,1095223,24858,1031813,0,0,23905,1036771,0.128989,22816,546873,0.068039,25101,1583644,0.197028,8037679
4,2021-02-16,81204,2208240,37249,1132472,43955,1075768,0,0,41091,1039119,0.129281,39974,586847,0.073012,42322,1625966,0.202293,8037679
4,2021-02-17,82597,2290837,39049,1171521,43548,1119316,0,0,39124,1036124,0.128908,43266,630113,0.078395,40271,1666237,0.207303,8037679
4,2021-02-18,84484,2375321,46456,1217977,38028,1157344,0,0,38813,1030960,0.128266,45452,675565,0.08405,40288,1706525,0.212316,8037679
4,2021-02-19,83822,2459143,52773,1270750,31049,1188393,0,0,41689,1031394,0.12832,41940,717505,0.089268,42374,1748899,0.217588,8037679
4,2021-02-20,50239,2509382,33426,1304176,16813,1205206,0,0,26997,1035963,0.128888,23146,740651,0.092147,27715,1776614,0.221036,8037679
4,2021-02-21,30650,2540032,24300,1328476,6350,1211556,0,0,14648,1035027,0.128772,15905,756556,0.094126,14969,1791583,0.222898,8037679
4,2021-02-22,56042,2596074,38465,1366941,17577,1229133,0,0,26922,1033491,0.128581,28939,785495,0.097727,27403,1818986,0.226307,8037679
4,2021-02-23,77761,2673835,43110,1410051,34651,1263784,0,0,34026,1025702,0.127612,43504,828999,0.103139,35715,1854701,0.230751,8037679
4,2021-02-24,92898,2766733,49091,1459142,43807,1307591,0,0,41638,1018551,0.126722,50974,879973,0.109481,43823,1898524,0.236203,8037679
4,2021-02-25,104710,2871443,54822,1513964,49888,1357479,0,0,49641,1016043,0.12641,54821,934794,0.116301,52313,1950837,0.242711,8037679
4,2021-02-26,110720,2982163,55924,1569888,54796,1412275,0,0,56213,1020436,0.126957,54181,988975,0.123042,58574,2009411,0.249999,8037679
4,2021-02-27,80772,3062935,43928,1613816,36830,1449105,14,14,42630,1026685,0.127734,37905,1026880,0.127758,44154,2053565,0.255492,8037679
4,2021-02-28,49918,3112853,30785,1644601,19126,1468231,7,21,27154,1032216,0.128422,22543,1049423,0.130563,28074,2081639,0.258985,8037679
4,2021-03-01,81722,3194575,47826,1692427,33839,1502070,57,78,44950,1042086,0.12965,36390,1085813,0.13509,46260,2127899,0.26474,8037679
4,2021-03-02,90659,3285234,51944,1744371,38703,1540773,12,90,52881,1059257,0.131786,37563,1123376,0.139764,54734,2182633,0.27155,8037679
4,2021-03-03,104553,3389787,55525,1799896,49007,1589780,21,111,58096,1072961,0.133491,46213,1169589,0.145513,59917,2242550,0.279005,8037679
4,2021-03-04,102852,3492639,57246,1857142,45588,1635368,18,129,55892,1083979,0.134862,46690,1216279,0.151322,57708,2300258,0.286184,8037679
4,2021-03-05,98951,3591590,53360,1910502,45261,1680629,330,459,57814,1103206,0.137254,40881,1257160,0.156408,60108,2360366,0.293663,8037679
4,2021-03-06,77827,3669417,43818,1954320,31357,1711986,2652,3111,47531,1124540,0.139909,30148,1287308,0.160159,51482,2411848,0.300068,8037679
4,2021-03-07,45369,3714786,27765,1982085,15374,1727360,2230,5341,26448,1135435,0.141264,18826,1306134,0.162501,29721,2441569,0.303765,8037679
4,2021-03-08,68903,3783689,35954,2018039,29530,1756890,3419,8760,45156,1161675,0.144529,23600,1329734,0.165438,49840,2491409,0.309966,8037679
4,2021-03-09,82980,3866669,41885,2059924,35781,1792671,5314,14074,44686,1174577,0.146134,38087,1367821,0.170176,50989,2542398,0.31631,8037679
4,2021-03-10,92958,3959627,47930,2107854,37450,1830121,7578,21652,46702,1183643,0.147262,46030,1413851,0.175903,55096,2597494,0.323165,8037679
4,2021-03-11,101930,4061557,53408,2161262,39960,1870081,8562,30214,46973,1185421,0.147483,54663,1468514,0.182704,56441,2653935,0.330187,8037679
4,2021-03-12,105791,4167348,52059,2213321,43315,1913396,10417,40631,45232,1181493,0.146994,60246,1528760,0.190199,56318,2710253,0.337193,8037679
4,2021-03-13,82372,4249720,38120,2251441,35691,1949087,8561,49192,38949,1186658,0.147637,43270,1572030,0.195583,48435,2758688,0.343219,8037679
4,2021-03-14,50242,4299962,28614,2280055,17967,1967054,3661,52853,23477,1187677,0.147764,26658,1598688,0.198899,27677,2786365,0.346663,8037679
4,2021-03-15,84476,4384438,45439,2325494,34718,2001772,4319,57172,42809,1194183,0.148573,41360,1640048,0.204045,47866,2834231,0.352618,8037679
4,2021-03-16,108839,4493277,56646,2382140,48744,2050516,3449,60621,57143,1203975,0.149791,51414,1691462,0.210442,61206,2895437,0.360233,8037679
4,2021-03-17,108424,4601701,58371,2440511,46518,2097034,3535,64156,63253,1226353,0.152576,44868,1736330,0.216024,67246,2962683,0.368599,8037679
4,2021-03-18,108221,4709922,60044,2500555,44431,2141465,3746,67902,61031,1244584,0.154844,46893,1783223,0.221858,65124,3027807,0.376702,8037679
4,2021-03-19,112687,4822609,64835,2565390,42596,2184061,5256,73158,63751,1265270,0.157417,48623,1831846,0.227907,69309,3097116,0.385325,8037679
4,2021-03-20,85093,4907702,49811,2615201,32224,2216285,3058,76216,51840,1287369,0.160167,33050,1864896,0.232019,55149,3152265,0.392186,8037679
4,2021-03-21,48691,4956393,35288,2650489,11141,2227426,2262,78478,28359,1298127,0.161505,20180,1885076,0.23453,30938,3183203,0.396035,8037679
4,2021-03-22,83409,5039802,54419,2704908,26231,2253657,2759,81237,51405,1321239,0.164381,31721,1916797,0.238476,54833,3238036,0.402857,8037679
4,2021-03-23,106101,5145903,63539,2768447,40377,2294034,2185,83422,62088,1342319,0.167003,43711,1960508,0.243915,64791,3302827,0.410918,8037679
4,2021-03-24,114803,5260706,74007,2842454,38335,2332369,2461,85883,63789,1358425,0.169007,50538,2011046,0.250202,66644,3369471,0.419209,8037679
4,2021-03-25,118467,5379173,72870,2915324,43135,2375504,2462,88345,66347,1376089,0.171205,51603,2062649,0.256622,69267,3438738,0.427827,8037679
4,2021-03-26,121163,5500336,73439,2988763,44661,2420165,3063,91408,65213,1389375,0.172858,55534,2118183,0.263532,68820,3507558,0.436389,8037679
4,2021-03-27,93031,5593367,54817,3043580,36394,2456559,1820,93228,46827,1392542,0.173252,45930,2164113,0.269246,49097,3556655,0.442498,8037679
4,2021-03-28,56390,5649757,37261,3080841,18246,2474805,883,94111,29643,1396881,0.173792,26549,2190662,0.272549,30888,3587543,0.446341,8037679
4,2021-03-29,94902,5744659,56820,3137661,35971,2510776,2111,96222,50696,1406323,0.174966,43909,2234571,0.278012,53351,3640894,0.452978,8037679
4,2021-03-30,118509,5863168,64684,3202345,49618,2560394,4207,100429,69618,1431909,0.17815,48607,2283178,0.284059,74193,3715087,0.462209,8037679
4,2021-03-31,122233,5985401,72122,3274467,43768,2604162,6343,106772,68019,1452602,0.180724,53821,2336999,0.290755,74514,3789601,0.47148,8037679
4,2021-04-01,144048,6129449,82037,3356504,48587,2652749,13424,120196,84397,1491061,0.185509,59083,2396082,0.298106,97542,3887143,0.483615,8037679
4,2021-04-02,137856,6267305,73660,3430164,50521,2703270,13675,133871,79195,1525563,0.189801,58327,2454409,0.305363,92829,3979972,0.495164,8037679
4,2021-04-03,101913,6369218,54457,3484621,33915,2737185,13541,147412,53096,1543524,0.192036,48589,2502998,0.311408,66550,4046522,0.503444,8037679
4,2021-04-04,47179,6416397,24925,3509546,14699,2751884,7555,154967,20535,1544877,0.192204,26518,2529516,0.314707,27871,4074393,0.506912,8037679
4,2021-04-05,110681,6527078,62093,3571639,35613,2787497,12975,167942,57311,1562377,0.194382,53110,2582626,0.321315,70610,4145003,0.515697,8037679
4,2021-04-06,140046,6667124,78798,3650437,41307,2828804,19941,187883,72486,1587844,0.19755,67294,2649920,0.329687,92761,4237764,0.527237,8037679
4,2021-04-07,138745,6805869,78643,3729080,39226,2868030,20876,208759,71660,1613607,0.200755,66796,2716716,0.337998,92559,4330323,0.538753,8037679
4,2021-04-08,141228,6947097,78676,3807756,36914,2904944,25638,234397,70357,1639271,0.203948,70526,2787242,0.346772,96190,4426513,0.55072,8037679
4,2021-04-09,138825,7085922,76059,3883815,39537,2944481,23229,257626,66240,1657138,0.206171,72293,2859535,0.355766,90160,4516673,0.561937,8037679
4,2021-04-10,104561,7190483,51532,3935347,33981,2978462,19048,276674,47189,1667046,0.207404,57134,2916669,0.362875,67042,4583715,0.570278,8037679
4,2021-04-11,63084,7253567,38288,3973635,13523,2991985,11273,287947,27596,1671465,0.207954,35356,2952025,0.367273,39775,4623490,0.575227,8037679
4,2021-04-12,103654,7357221,62959,4036594,30376,3022361,10319,298266,52154,1683911,0.209502,51160,3003185,0.373638,63606,4687096,0.58314,8037679
4,2021-04-13,131310,7488531,82409,4119003,48735,3071096,166,298432,78332,1710629,0.212826,52650,3055835,0.380189,79368,4766464,0.593015,8037679
4,2021-04-14,136888,7625419,87350,4206353,49457,3120553,81,298513,75603,1726633,0.214817,60919,3116754,0.387768,76923,4843387,0.602585,8037679
4,2021-04-15,157077,7782496,104409,4310762,52589,3173142,79,298592,95954,1762771,0.219313,60694,3177448,0.395319,96832,4940219,0.614633,8037679
4,2021-04-16,144418,7926914,91519,4402281,52815,3225957,84,298676,83605,1786737,0.222295,60452,3237900,0.40284,84418,5024637,0.625135,8037679
4,2021-04-17,102015,8028929,64042,4466323,37945,3263902,28,298704,59584,1805395,0.224616,42125,3280025,0.408081,60783,5085420,0.632698,8037679
4,2021-04-18,57410,8086339,38875,4505198,18530,3282432,5,298709,32188,1813490,0.225624,25064,3305089,0.411199,33159,5118579,0.636823,8037679
4,2021-04-19,101712,8188051,66968,4572166,34722,3317154,22,298731,51369,1815416,0.225863,50069,3355158,0.417429,51995,5170574,0.643292,8037679
4,2021-04-20,132012,8320063,78593,4650759,53396,3370550,23,298754,68241,1821375,0.226605,63401,3418559,0.425317,69360,5239934,0.651921,8037679
4,2021-04-21,135287,8455350,88289,4739048,46932,3417482,66,298820,67893,1823517,0.226871,66944,3485503,0.433645,69086,5309020,0.660517,8037679
4,2021-04-22,142393,8597743,94488,4833536,47880,3465362,25,298845,63425,1809588,0.225138,78525,3564028,0.443415,64596,5373616,0.668553,8037679
4,2021-04-23,135797,8733540,88359,4921895,47412,3512774,26,298871,58713,1792851,0.223056,76685,3640713,0.452956,59948,5433564,0.676012,8037679
4,2021-04-24,99393,8832933,67086,4988981,32254,3545028,53,298924,45643,1786210,0.22223,53427,3694140,0.459603,46786,5480350,0.681832,8037679
4,2021-04-25,50627,8883560,35692,5024673,14909,3559937,26,298950,26380,1788996,0.222576,24087,3718227,0.4626,26873,5507223,0.685176,8037679
4,2021-04-26,92627,8976187,60758,5085431,31462,3591399,407,299357,36272,1771008,0.220338,56019,3774246,0.469569,38031,5545254,0.689907,8037679
4,2021-04-27,114462,9090649,69981,5155412,42149,3633548,2332,301689,41083,1742200,0.216754,73035,3847281,0.478656,44227,5589481,0.69541,8037679
4,2021-04-28,105132,9195781,68654,5224066,33925,3667473,2553,304242,38338,1717349,0.213662,66419,3913700,0.486919,41568,5631049,0.700581,8037679
4,2021-04-29,106569,9302350,68061,5292127,35961,3703434,2547,306789,34297,1682911,0.209378,71889,3985589,0.495863,37451,5668500,0.705241,8037679
4,2021-04-30,106268,9408618,67290,5359417,36255,3739689,2723,309512,36414,1653293,0.205693,69423,4055012,0.5045,39805,5708305,0.710193,8037679
4,2021-05-01,70172,9478790,46552,5405969,21830,3761519,1790,311302,20450,1626771,0.202393,49397,4104409,0.510646,22875,5731180,0.713039,8037679
4,2021-05-02,37863,9516653,26878,5432847,9685,3771204,1300,312602,10587,1611653,0.200512,27144,4131553,0.514023,12026,5743206,0.714535,8037679
4,2021-05-03,79686,9596339,55561,5488408,21619,3792823,2506,315108,19255,1573621,0.195781,60148,4191701,0.521506,22116,5765322,0.717287,8037679
4,2021-05-04,101902,9698241,69741,5558149,29369,3822192,2792,317900,22693,1520622,0.189187,78873,4270574,0.531319,25874,5791196,0.720506,8037679
4,2021-05-05,102746,9800987,72421,5630570,27565,3849757,2760,320660,21828,1464961,0.182262,80551,4351125,0.541341,24890,5816086,0.723603,8037679
4,2021-05-06,112569,9913556,84343,5714913,25268,3875025,2958,323618,19612,1396212,0.173708,92442,4443567,0.552842,23693,5839779,0.72655,8037679
4,2021-05-07,105467,10019023,75814,5790727,26963,3901988,2690,326308,20662,1335578,0.166165,84398,4527965,0.563342,23764,5863543,0.729507,8037679
4,2021-05-08,70209,10089232,48422,5839149,19852,3921840,1935,328243,13817,1295529,0.161182,56146,4584111,0.570328,16097,5879640,0.73151,8037679
4,2021-05-09,34523,10123755,28240,5867389,5333,3927173,950,329193,7397,1276959,0.158872,27009,4611120,0.573688,8439,5888079,0.73256,8037679
4,2021-05-10,65459,10189214,43819,5911208,19302,3946475,2338,331531,11051,1236476,0.153835,54168,4665288,0.580427,13685,5901764,0.734262,8037679
4,2021-05-11,83695,10272909,52396,5963604,29095,3975570,2204,333735,15852,1187500,0.147742,67575,4732863,0.588835,18599,5920363,0.736576,8037679
4,2021-05-12,80180,10353089,53323,6016927,24374,3999944,2483,336218,16632,1143835,0.142309,63229,4796092,0.596701,19564,5939927,0.73901,8037679
4,2021-05-13,105205,10458294,77410,6094337,26253,4026197,1542,337760,40665,1122917,0.139707,64183,4860275,0.604686,43265,5983192,0.744393,8037679
4,2021-05-14,105532,10563826,74462,6168799,28930,4055127,2140,339900,40544,1101499,0.137042,64637,4924912,0.612728,43219,6026411,0.74977,8037679
4,2021-05-15,86119,10649945,66559,6235358,18221,4073348,1339,341239,37933,1093158,0.136004,47916,4972828,0.61869,39575,6065986,0.754694,8037679
4,2021-05-16,51878,10701823,41782,6277140,9377,4082725,719,341958,21258,1084823,0.134967,30455,5003283,0.622479,22120,6088106,0.757446,8037679
4,2021-05-17,71459,10773282,52213,6329353,17400,4100125,1846,343804,28187,1072049,0.133378,43048,5046331,0.627834,30274,6118380,0.761212,8037679
4,2021-05-18,82161,10855443,53411,6382764,26994,4127119,1756,345560,29317,1051037,0.130764,52461,5098792,0.634361,31449,6149829,0.765125,8037679
4,2021-05-19,77230,10932673,52185,6434949,23089,4150208,1956,347516,30973,1038318,0.129181,45931,5144723,0.640076,33212,6183041,0.769257,8037679
4,2021-05-20,69463,11002136,44663,6479612,22793,4173001,2007,349523,25723,1022968,0.127272,43430,5188153,0.645479,28080,6211121,0.772751,8037679
4,2021-05-21,74197,11076333,48900,6528512,23407,4196408,1890,351413,26123,1003501,0.12485,47745,5235898,0.651419,28278,6239399,0.776269,8037679
4,2021-05-22,50219,11126552,35226,6563738,13716,4210124,1277,352690,21782,998542,0.124233,28258,5264156,0.654935,23299,6262698,0.779167,8037679
4,2021-05-23,24021,11150573,17131,6580869,6165,4216289,725,353415,9733,994953,0.123786,14159,5278315,0.656696,10570,6273268,0.780483,8037679
4,2021-05-24,43328,11193901,27540,6608409,12772,4229061,3016,356431,15154,985388,0.122596,27937,5306252,0.660172,18372,6291640,0.782768,8037679
4,2021-05-25,45232,11239133,28136,6636545,14257,4243318,2839,359270,15993,975472,0.121362,28974,5335226,0.663777,19058,6310698,0.785139,8037679
4,2021-05-26,44950,11284083,26944,6663489,15391,4258709,2615,361885,15957,965464,0.120117,28752,5363978,0.667354,18744,6329442,0.787471,8037679
4,2021-05-27,39169,11323252,23493,6686982,12528,4271237,3148,365033,14736,959297,0.11935,24215,5388193,0.670367,18048,6347490,0.789717,8037679
4,2021-05-28,43681,11366933,27791,6714773,14274,4285511,1616,366649,18991,955721,0.118905,24401,5412594,0.673403,20825,6368315,0.792308,8037679
4,2021-05-29,23832,11390765,15471,6730244,7427,4292938,934,367583,10892,954903,0.118803,12780,5425374,0.674993,11962,6380277,0.793796,8037679
4,2021-05-30,12114,11402879,8508,6738752,3077,4296015,529,368112,5019,953501,0.118629,7017,5432391,0.675866,5615,6385892,0.794495,8037679
4,2021-05-31,3644,11406523,2318,6741070,1162,4297177,164,368276,1165,952434,0.118496,2417,5434808,0.676166,1350,6387242,0.794662,8037679
4,2021-06-01,39713,11446236,24686,6765756,12569,4309746,2458,370734,13077,941794,0.117172,26391,5461199,0.67945,15751,6402993,0.796622,8037679
4,2021-06-02,32911,11479147,20550,6786306,9539,4319285,2822,373556,10980,934006,0.116203,21734,5482933,0.682154,13946,6416939,0.798357,8037679
4,2021-06-03,48463,11527610,37187,6823493,8805,4328090,2471,376027,10450,909414,0.113144,37824,5520757,0.68686,13232,6430171,0.800003,8037679
4,2021-06-04,55316,11582926,44535,6868028,9445,4337535,1336,377363,12889,882285,0.109769,42170,5562927,0.692106,15041,6445212,0.801875,8037679
4,2021-06-05,45043,11627969,38572,6906600,5474,4343009,997,378360,8768,856240,0.106528,36112,5599039,0.696599,10067,6455279,0.803127,8037679
4,2021-06-06,21282,11649251,18983,6925583,1733,4344742,566,378926,3913,843862,0.104988,17256,5616295,0.698746,4878,6460157,0.803734,8037679
4,2021-06-07,38970,11688221,31529,6957112,5499,4350241,1942,380868,8527,824326,0.102558,30297,5646592,0.702515,10761,6470918,0.805073,8037679
4,2021-06-08,40734,11728955,31957,6989069,6227,4356468,2550,383418,9450,805584,0.100226,31083,5677675,0.706382,12341,6483259,0.806608,8037679
4,2021-06-09,39041,11767996,30948,7020017,5723,4362191,2370,385788,7932,785312,0.097704,30928,5708603,0.71023,10656,6493915,0.807934,8037679
4,2021-06-10,37278,11805274,29366,7049383,5284,4367475,2628,388416,8416,767927,0.095541,28691,5737294,0.7138,11306,6505221,0.809341,8037679
4,2021-06-11,38509,11843783,30213,7079596,6280,4373755,2016,390432,9925,751814,0.093536,28405,5765699,0.717334,12292,6517513,0.81087,8037679
4,2021-06-12,26745,11870528,22244,7101840,3784,4377539,717,391149,6085,738293,0.091854,20543,5786242,0.71989,7022,6524535,0.811744,8037679
4,2021-06-13,10887,11881415,8603,7110443,1804,4379343,480,391629,2283,732630,0.091149,8535,5794777,0.720952,2872,6527407,0.812101,8037679
4,2021-06-14,28764,11910179,21523,7131966,4430,4383773,2811,394440,7852,722745,0.08992,20764,5815541,0.723535,10879,6538286,0.813454,8037679
4,2021-06-15,30180,11940359,21356,7153322,5412,4389185,3412,397852,8354,713119,0.088722,21645,5837186,0.726228,12019,6550305,0.81495,8037679
4,2021-06-16,26818,11967177,20226,7173548,3965,4393150,2627,400479,8105,705538,0.087779,18523,5855709,0.728532,10942,6561247,0.816311,8037679
4,2021-06-17,25259,11992436,18661,7192209,3700,4396850,2898,403377,7670,698907,0.086954,17392,5873101,0.730696,10761,6572008,0.81765,8037679
4,2021-06-18,26782,12019218,21108,7213317,4437,4401287,1237,404614,8228,690277,0.08588,18343,5891444,0.732978,9713,6581721,0.818858,8037679
4,2021-06-19,15796,12035014,12773,7226090,2313,4403600,710,405324,5066,685641,0.085303,10580,5902024,0.734295,5944,6587665,0.819598,8037679
4,2021-06-20,7375,12042389,6070,7232160,997,4404597,308,405632,2618,683955,0.085094,4696,5906720,0.734879,3010,6590675,0.819972,8037679
4,2021-06-21,14621,12057010,10564,7242724,2910,4407507,1147,406779,7333,685402,0.085274,7194,5913914,0.735774,8641,6599316,0.821047,8037679
4,2021-06-22,20527,12077537,15985,7258709,3462,4410969,1080,407859,7099,680439,0.084656,13292,5927206,0.737428,8329,6607645,0.822084,8037679
4,2021-06-23,18453,12095990,14474,7273183,2978,4413947,1001,408860,6703,676662,0.084186,11607,5938813,0.738872,7830,6615475,0.823058,8037679
4,2021-06-24,17664,12113654,13662,7286845,3011,4416958,991,409851,6570,673426,0.083784,10933,5949746,0.740232,7697,6623172,0.824015,8037679
4,2021-06-25,21686,12135340,17042,7303887,3594,4420552,1050,410901,7833,668771,0.083204,13707,5963453,0.741937,9052,6632224,0.825142,8037679
4,2021-06-26,13132,12148472,10692,7314579,1822,4422374,618,411519,4837,666167,0.082881,8171,5971624,0.742954,5567,6637791,0.825834,8037679
4,2021-06-27,6893,12155365,5584,7320163,967,4423341,342,411861,2898,665509,0.082799,3953,5975577,0.743446,3295,6641086,0.826244,8037679
4,2021-06-28,15192,12170557,12751,7332914,1581,4424922,860,412721,6096,663599,0.082561,8993,5984570,0.744564,7083,6648169,0.827125,8037679
4,2021-06-29,16557,12187114,12848,7345762,2896,4427818,813,413534,6399,660903,0.082226,10029,5994599,0.745812,7333,6655502,0.828038,8037679
4,2021-06-30,14673,12201787,11444,7357206,2491,4430309,738,414272,6098,659418,0.082041,8440,6003039,0.746862,6955,6662457,0.828903,8037679
4,2021-07-01,14611,12216398,11516,7368722,2346,4432655,749,415021,6010,657843,0.081845,8471,6011510,0.747916,6896,6669353,0.829761,8037679
4,2021-07-02,16965,12233363,13445,7382167,2746,4435401,774,415795,6968,655828,0.081594,9885,6021395,0.749146,7870,6677223,0.83074,8037679
4,2021-07-03,9253,12242616,7349,7389516,1493,4436894,411,416206,4009,655144,0.081509,5161,6026556,0.749788,4477,6681700,0.831297,8037679
4,2021-07-04,446,12243062,280,7389796,106,4437000,60,416266,197,655170,0.081512,243,6026799,0.749818,269,6681969,0.831331,8037679
4,2021-07-05,9229,12252291,7507,7397303,1306,4438306,416,416682,4180,654848,0.081472,4967,6031766,0.750436,4645,6686614,0.831909,8037679
4,2021-07-06,16616,12268907,13095,7410398,2714,4441020,807,417489,6134,651550,0.081062,10348,6042114,0.751724,7050,6693664,0.832786,8037679
4,2021-07-07,13791,12282698,10760,7421158,2248,4443268,783,418272,5189,649157,0.080764,8487,6050601,0.75278,6094,6699758,0.833544,8037679
4,2021-07-08,13251,12295949,10345,7431503,2075,4445343,831,419103,5192,647342,0.080538,7929,6058530,0.753766,6114,6705872,0.834305,8037679
4,2021-07-09,15469,12311418,11864,7443367,2668,4448011,937,420040,6285,645648,0.080328,9033,6067563,0.75489,7339,6713211,0.835218,8037679
4,2021-07-10,8883,12320301,7030,7450397,1450,4449461,403,420443,3738,644792,0.080221,5056,6072619,0.755519,4200,6717411,0.83574,8037679
4,2021-07-11,4984,12325285,3989,7454386,795,4450256,200,420643,2232,644547,0.080191,2707,6075326,0.755856,2462,6719873,0.836046,8037679
4,2021-07-12,13090,12338375,10366,7464752,1999,4452255,725,421368,5087,642537,0.079941,7923,6083249,0.756841,5913,6725786,0.836782,8037679
4,2021-07-13,12880,12351255,9859,7474611,2381,4454636,640,422008,5485,641466,0.079807,7290,6090539,0.757748,6219,6732005,0.837556,8037679
4,2021-07-14,11795,12363050,9278,7483889,1959,4456595,558,422566,5116,640624,0.079703,6583,6097122,0.758567,5741,6737746,0.83827,8037679
4,2021-07-15,12471,12375521,9907,7493796,1975,4458570,589,423155,5678,640300,0.079662,6666,6103788,0.759397,6342,6744088,0.839059,8037679
4,2021-07-16,15057,12390578,11743,7505539,2644,4461214,670,423825,6951,640028,0.079628,8001,6111789,0.760392,7729,6751817,0.840021,8037679
4,2021-07-17,9376,12399954,7418,7512957,1634,4462848,324,424149,4435,639988,0.079623,4843,6116632,0.760995,4803,6756620,0.840618,8037679
4,2021-07-18,5369,12405323,4325,7517282,844,4463692,200,424349,2534,639967,0.079621,2776,6119408,0.76134,2755,6759375,0.840961,8037679
4,2021-07-19,12857,12418180,10187,7527469,2012,4465704,658,425007,6104,640148,0.079643,6658,6126066,0.762169,6839,6766214,0.841812,8037679
4,2021-07-20,13822,12432002,10650,7538119,2508,4468212,664,425671,6822,640863,0.079732,6853,6132919,0.763021,7568,6773782,0.842753,8037679
4,2021-07-21,12848,12444850,9962,7548081,2236,4470448,650,426321,6399,641657,0.079831,6310,6139229,0.763806,7104,6780886,0.843637,8037679
4,2021-07-22,13538,12458388,10561,7558642,2313,4472761,664,426985,7042,643069,0.080007,6356,6145585,0.764597,7768,6788654,0.844604,8037679
4,2021-07-23,15763,12474151,12149,7570791,2913,4475674,701,427686,8264,644793,0.080221,7328,6152913,0.765509,9052,6797706,0.84573,8037679
4,2021-07-24,9607,12483758,7522,7578313,1755,4477429,330,428016,4948,645599,0.080322,4522,6157435,0.766071,5328,6803034,0.846393,8037679
4,2021-07-25,4781,12488539,3758,7582071,865,4478294,158,428174,3365,647780,0.080593,1357,6158792,0.76624,3538,6806572,0.846833,8037679
4,2021-07-26,13039,12501578,10206,7592277,2148,4480442,685,428859,7589,650809,0.08097,5298,6164090,0.766899,8327,6814899,0.847869,8037679
4,2021-07-27,14395,12515973,11035,7603312,2597,4483039,763,429622,7769,652916,0.081232,6466,6170556,0.767704,8573,6823472,0.848936,8037679
4,2021-07-28,13237,12529210,10092,7613404,2442,4485481,703,430325,7346,655302,0.081529,5719,6176275,0.768415,8105,6831577,0.849944,8037679
4,2021-07-29,13518,12542728,10500,7623904,2303,4487784,715,431040,7589,657981,0.081862,5701,6181976,0.769125,8380,6839957,0.850987,8037679
4,2021-07-30,15826,12558554,12102,7636006,2918,4490702,806,431846,8585,660608,0.082189,6867,6188843,0.769979,9494,6849451,0.852168,8037679
4,2021-07-31,9763,12568317,7617,7643623,1719,4492421,427,432273,5517,662546,0.08243,4046,6192889,0.770482,5984,6855435,0.852912,8037679
4,2021-08-01,5434,12573751,4485,7648108,779,4493200,170,432443,3203,663836,0.082591,2117,6195006,0.770746,3407,6858842,0.853336,8037679
4,2021-08-02,14102,12587853,11261,7659369,2100,4495300,741,433184,8234,667224,0.083012,5657,6200663,0.771449,9045,6867887,0.854461,8037679
4,2021-08-03,14706,12602559,11302,7670671,2638,4497938,766,433950,8459,670496,0.083419,6028,6206691,0.772199,9300,6877187,0.855619,8037679
4,2021-08-04,13382,12615941,10424,7681095,2264,4500202,694,434644,7560,673181,0.083753,5611,6212302,0.772897,8296,6885483,0.856651,8037679
4,2021-08-05,14362,12630303,11341,7692436,2255,4502457,766,435410,8074,676034,0.084108,6037,6218339,0.773649,8890,6894373,0.857757,8037679
4,2021-08-06,17255,12647558,13233,7705669,3148,4505605,874,436284,9601,679253,0.084509,7323,6225662,0.77456,10542,6904915,0.859068,8037679
4,2021-08-07,10191,12657749,8100,7713769,1649,4507254,442,436726,5561,680847,0.084707,4450,6230112,0.775113,6044,6910959,0.85982,8037679
4,2021-08-08,6250,12663999,4971,7718740,1076,4508330,203,436929,3598,682163,0.084871,2515,6232627,0.775426,3831,6914790,0.860297,8037679
4,2021-08-09,14675,12678674,11888,7730628,2041,4510371,746,437675,7851,684242,0.085129,6594,6239221,0.776247,8673,6923463,0.861376,8037679
4,2021-08-10,14867,12693541,11440,7742068,2661,4513032,766,438441,7841,686139,0.085365,6775,6245996,0.77709,8672,6932135,0.862455,8037679
4,2021-08-11,12645,12706186,9700,7751768,2177,4515209,768,439209,6606,687767,0.085568,5777,6251773,0.777808,7405,6939540,0.863376,8037679
4,2021-08-12,14167,12720353,10780,7762548,2625,4517834,762,439971,7281,689324,0.085762,6531,6258304,0.778621,8088,6947628,0.864382,8037679
4,2021-08-13,17810,12738163,13180,7775728,3725,4521559,905,440876,8782,690723,0.085936,8360,6266664,0.779661,9759,6957387,0.865597,8037679
4,2021-08-14,12273,12750436,8754,7784482,3000,4524559,519,441395,5580,691893,0.086081,4992,6271656,0.780282,6162,6963549,0.866363,8037679
4,2021-08-15,7487,12757923,5474,7789956,1790,4526349,223,441618,3315,692560,0.086164,2916,6274572,0.780645,3583,6967132,0.866809,8037679
4,2021-08-16,18140,12776063,12564,7802520,4698,4531047,878,442496,7503,693531,0.086285,7489,6282061,0.781576,8460,6975592,0.867861,8037679
4,2021-08-17,18450,12794513,12544,7815064,5048,4536095,858,443354,7316,694286,0.086379,7500,6289561,0.78251,8255,6983847,0.868889,8037679
4,2021-08-18,18067,12812580,12163,7827227,5113,4541208,791,444145,6876,695038,0.086472,6994,6296555,0.78338,7746,6991593,0.869852,8037679
4,2021-08-19,18397,12830977,12255,7839482,5353,4546561,789,444934,6809,695870,0.086576,6848,6303403,0.784232,7680,6999273,0.870808,8037679
4,2021-08-20,23207,12854184,15697,7855179,6672,4553233,838,445772,8278,695932,0.086584,9172,6312575,0.785373,9234,7008507,0.871957,8037679
4,2021-08-21,14641,12868825,10224,7865403,4017,4557250,400,446172,4943,695554,0.086537,5787,6318362,0.786093,5409,7013916,0.87263,8037679
4,2021-08-22,8652,12877477,6139,7871542,2352,4559602,161,446333,3420,696002,0.086592,3183,6321545,0.786489,3631,7017547,0.873081,8037679
4,2021-08-23,20305,12897782,14269,7885811,5332,4564934,704,447037,7388,696332,0.086633,7952,6329497,0.787478,8282,7025829,0.874112,8037679
4,2021-08-24,19621,12917403,13875,7899686,5083,4570017,663,447700,6919,696260,0.086625,7799,6337296,0.788449,7727,7033556,0.875073,8037679
4,2021-08-25,18057,12935460,12730,7912416,4710,4574727,617,448317,6518,696629,0.08667,6931,6344227,0.789311,7300,7040856,0.875981,8037679
4,2021-08-26,18242,12953702,12861,7925277,4781,4579508,600,448917,6289,696450,0.086648,7198,6351425,0.790206,7019,7047875,0.876854,8037679
4,2021-08-27,22231,12975933,15915,7941192,5688,4585196,628,449545,7460,695355,0.086512,9386,6360811,0.791374,8291,7056166,0.877886,8037679
4,2021-08-28,8571,12984504,5676,7946868,2602,4587798,293,449838,2505,694650,0.086424,3542,6364353,0.791815,2837,7059003,0.878239,8037679
