vemquartile,administered_date,total_doses,cumulative_total_doses,pfizer_doses,cumulative_pfizer_doses,moderna_doses,cumulative_moderna_doses,jj_doses,cumulative_jj_doses,partially_vaccinated,total_partially_vaccinated,pct_age12pop_partially_vaccinated,fully_vaccinated,cumulative_fully_vaccinated,pct_age12pop_fully_vaccinated,at_least_one_dose,cumulative_at_least_one_dose,pct_age12pop_at_least_one_dose,age12_population
1,2020-12-15,154,154,154,154,0,0,0,0,154,154,1.8e-05,0,0,0.0,154,154,1.8e-05,8700223
1,2020-12-16,1228,1382,1228,1382,0,0,0,0,1228,1382,0.000159,0,0,0.0,1228,1382,0.000159,8700223
1,2020-12-17,4193,5575,4193,5575,0,0,0,0,4195,5577,0.000641,0,0,0.0,4195,5577,0.000641,8700223
1,2020-12-18,6381,11956,6357,11932,24,24,0,0,6385,11961,0.001375,1,1,0.0,6385,11962,0.001375,8700223
1,2020-12-19,2893,14849,2890,14822,3,27,0,0,2892,14852,0.001707,1,2,0.0,2892,14854,0.001707,8700223
1,2020-12-20,2136,16985,2126,16948,10,37,0,0,2137,16989,0.001953,0,2,0.0,2137,16991,0.001953,8700223
1,2020-12-21,7666,24651,7645,24593,21,58,0,0,7715,24704,0.002839,1,3,0.0,7716,24707,0.00284,8700223
1,2020-12-22,7322,31973,6978,31571,344,402,0,0,7323,32025,0.003681,2,5,1e-06,7323,32030,0.003682,8700223
1,2020-12-23,7840,39813,6577,38148,1263,1665,0,0,7836,39860,0.004581,2,7,1e-06,7837,39867,0.004582,8700223
1,2020-12-24,3310,43123,2365,40513,945,2610,0,0,3312,43172,0.004962,0,7,1e-06,3312,43179,0.004963,8700223
1,2020-12-25,242,43365,158,40671,84,2694,0,0,242,43414,0.00499,0,7,1e-06,242,43421,0.004991,8700223
1,2020-12-26,1373,44738,978,41649,395,3089,0,0,1372,44785,0.005148,1,8,1e-06,1372,44793,0.005148,8700223
1,2020-12-27,879,45617,544,42193,335,3424,0,0,879,45663,0.005248,1,9,1e-06,879,45672,0.00525,8700223
1,2020-12-28,7098,52715,4752,46945,2346,5770,0,0,7095,52758,0.006064,0,9,1e-06,7095,52767,0.006065,8700223
1,2020-12-29,9005,61720,5005,51950,4000,9770,0,0,9001,61757,0.007098,2,11,1e-06,9001,61768,0.0071,8700223
1,2020-12-30,11671,73391,6460,58410,5211,14981,0,0,11669,73425,0.008439,1,12,1e-06,11669,73437,0.008441,8700223
1,2020-12-31,6029,79420,1959,60369,4070,19051,0,0,6027,79449,0.009132,4,16,2e-06,6028,79465,0.009134,8700223
1,2021-01-01,615,80035,247,60616,368,19419,0,0,611,80058,0.009202,2,18,2e-06,611,80076,0.009204,8700223
1,2021-01-02,2925,82960,1771,62387,1154,20573,0,0,2925,82983,0.009538,0,18,2e-06,2925,83001,0.00954,8700223
1,2021-01-03,1055,84015,552,62939,503,21076,0,0,1053,84033,0.009659,3,21,2e-06,1053,84054,0.009661,8700223
1,2021-01-04,7410,91425,3607,66546,3803,24879,0,0,7413,91444,0.010511,2,23,3e-06,7413,91467,0.010513,8700223
1,2021-01-05,10937,102362,5256,71802,5681,30560,0,0,10136,100819,0.011588,783,806,9.3e-05,10158,101625,0.011681,8700223
1,2021-01-06,14114,116476,7068,78870,7046,37606,0,0,12188,111132,0.012773,1890,2696,0.00031,12203,113828,0.013083,8700223
1,2021-01-07,17625,134101,9177,88047,8448,46054,0,0,13094,119799,0.01377,4438,7134,0.00082,13105,126933,0.01459,8700223
1,2021-01-08,20235,154336,10505,98552,9730,55784,0,0,14269,128132,0.014727,5950,13084,0.001504,14283,141216,0.016231,8700223
1,2021-01-09,6718,161054,3418,101970,3300,59084,0,0,4843,131109,0.01507,1870,14954,0.001719,4847,146063,0.016788,8700223
1,2021-01-10,3114,164168,1774,103744,1340,60424,0,0,1920,131840,0.015154,1190,16144,0.001856,1921,147984,0.017009,8700223
1,2021-01-11,18168,182336,11860,115604,6308,66732,0,0,11603,136932,0.015739,6555,22699,0.002609,11647,159631,0.018348,8700223
1,2021-01-12,19168,201504,10971,126575,8197,74929,0,0,13166,144167,0.01657,5973,28672,0.003296,13208,172839,0.019866,8700223
1,2021-01-13,19894,221398,10766,137341,9128,84057,0,0,14729,153772,0.017674,5143,33815,0.003887,14748,187587,0.021561,8700223
1,2021-01-14,22172,243570,9484,146825,12688,96745,0,0,19401,170523,0.0196,2711,36526,0.004198,19462,207049,0.023798,8700223
1,2021-01-15,25266,268836,9257,156082,16009,112754,0,0,23318,191994,0.022068,1911,38437,0.004418,23382,230431,0.026486,8700223
1,2021-01-16,13918,282754,4571,160653,9347,122101,0,0,13020,204123,0.023462,895,39332,0.004521,13024,243455,0.027983,8700223
1,2021-01-17,5235,287989,2043,162696,3192,125293,0,0,4858,208608,0.023977,376,39708,0.004564,4861,248316,0.028541,8700223
1,2021-01-18,14371,302360,8625,171321,5746,131039,0,0,11176,216659,0.024903,3181,42889,0.00493,11232,259548,0.029832,8700223
1,2021-01-19,24796,327156,12807,184128,11989,143028,0,0,19606,231152,0.026569,5168,48057,0.005524,19661,279209,0.032092,8700223
1,2021-01-20,29471,356627,14746,198874,14725,157753,0,0,23536,248877,0.028606,5853,53910,0.006196,23578,302787,0.034802,8700223
1,2021-01-21,31330,387957,14722,213596,16608,174361,0,0,28029,273772,0.031467,3236,57146,0.006568,28131,330918,0.038036,8700223
1,2021-01-22,28441,416398,11295,224891,17146,191507,0,0,26359,298147,0.034269,2015,59161,0.0068,26390,357308,0.041069,8700223
1,2021-01-23,18752,435150,8203,233094,10549,202056,0,0,16790,313016,0.035978,1931,61092,0.007022,16800,374108,0.043,8700223
1,2021-01-24,6707,441857,4169,237263,2538,204594,0,0,6043,318408,0.036598,658,61750,0.007098,6050,380158,0.043695,8700223
1,2021-01-25,25598,467455,10532,247795,15066,219660,0,0,19764,332497,0.038217,5785,67535,0.007762,19874,400032,0.04598,8700223
1,2021-01-26,28909,496364,13513,261308,15396,235056,0,0,22161,347996,0.039999,6684,74219,0.008531,22183,422215,0.048529,8700223
1,2021-01-27,32759,529123,15592,276900,17167,252223,0,0,24594,364528,0.041899,8100,82319,0.009462,24632,446847,0.05136,8700223
1,2021-01-28,35074,564197,16459,293359,18615,270838,0,0,28078,385749,0.044338,6928,89247,0.010258,28149,474996,0.054596,8700223
1,2021-01-29,33836,598033,16520,309879,17316,288154,0,0,27193,406491,0.046722,6498,95745,0.011005,27240,502236,0.057727,8700223
1,2021-01-30,20224,618257,8744,318623,11480,299634,0,0,18074,422458,0.048557,2119,97864,0.011248,18086,520322,0.059806,8700223
1,2021-01-31,7720,625977,5018,323641,2702,302336,0,0,6997,428743,0.04928,715,98579,0.011331,7000,527322,0.06061,8700223
1,2021-02-01,29142,655119,12575,336216,16567,318903,0,0,21268,442202,0.050827,7818,106397,0.012229,21277,548599,0.063056,8700223
1,2021-02-02,32852,687971,11859,348075,20993,339896,0,0,24535,458545,0.052705,8231,114628,0.013175,24574,573173,0.06588,8700223
1,2021-02-03,39725,727696,15284,363359,24441,364337,0,0,28591,476207,0.054735,10965,125593,0.014436,28627,601800,0.069171,8700223
1,2021-02-04,44168,771864,17188,380547,26980,391317,0,0,31815,495845,0.056992,12227,137820,0.015841,31865,633665,0.072833,8700223
1,2021-02-05,46943,818807,17183,397730,29760,421077,0,0,30702,510520,0.058679,16086,153906,0.01769,30761,664426,0.076369,8700223
1,2021-02-06,26577,845384,10498,408228,16079,437156,0,0,20648,525306,0.060378,5881,159787,0.018366,20667,685093,0.078744,8700223
1,2021-02-07,6292,851676,4042,412270,2250,439406,0,0,4636,528325,0.060725,1636,161423,0.018554,4655,689748,0.079279,8700223
1,2021-02-08,31714,883390,14460,426730,17254,456660,0,0,21109,539027,0.061956,10507,171930,0.019762,21209,710957,0.081717,8700223
1,2021-02-09,38652,922042,16985,443715,21667,478327,0,0,23807,548157,0.063005,14761,186691,0.021458,23891,734848,0.084463,8700223
1,2021-02-10,47428,969470,22240,465955,25188,503515,0,0,26981,554900,0.06378,20319,207010,0.023794,27062,761910,0.087574,8700223
1,2021-02-11,52104,1021574,25489,491444,26615,530130,0,0,30992,565214,0.064965,20794,227804,0.026184,31108,793018,0.091149,8700223
1,2021-02-12,50125,1071699,21540,512984,28585,558715,0,0,28727,572846,0.065843,21235,249039,0.028624,28867,821885,0.094467,8700223
1,2021-02-13,26475,1098174,11545,524529,14930,573645,0,0,15333,577188,0.066342,11069,260108,0.029897,15411,837296,0.096238,8700223
1,2021-02-14,11814,1109988,5575,530104,6239,579884,0,0,6721,578917,0.06654,5060,265168,0.030478,6789,844085,0.097019,8700223
1,2021-02-15,24015,1134003,9441,539545,14574,594458,0,0,14606,584356,0.067166,9284,274452,0.031545,14723,858808,0.098711,8700223
1,2021-02-16,47265,1181268,22539,562084,24726,619184,0,0,27495,592284,0.068077,19683,294135,0.033808,27611,886419,0.101885,8700223
1,2021-02-17,48627,1229895,24619,586703,24008,643192,0,0,26150,596270,0.068535,22315,316450,0.036373,26301,912720,0.104908,8700223
1,2021-02-18,51309,1281204,25658,612361,25651,668843,0,0,26523,598503,0.068792,24533,340983,0.039192,26766,939486,0.107984,8700223
1,2021-02-19,46734,1327938,25330,637691,21404,690247,0,0,26135,604266,0.069454,20433,361416,0.041541,26196,965682,0.110995,8700223
1,2021-02-20,27817,1355755,16891,654582,10926,701173,0,0,15851,608304,0.069918,11898,373314,0.042909,15936,981618,0.112827,8700223
1,2021-02-21,12423,1368178,10682,665264,1741,702914,0,0,7454,610906,0.070217,4904,378218,0.043472,7506,989124,0.113689,8700223
1,2021-02-22,31759,1399937,20865,686129,10894,713808,0,0,18254,615860,0.070787,13407,391625,0.045013,18361,1007485,0.1158,8700223
1,2021-02-23,46006,1445943,22341,708470,23665,737473,0,0,25241,620999,0.071377,20468,412093,0.047366,25607,1033092,0.118743,8700223
1,2021-02-24,56068,1502011,27084,735554,28984,766457,0,0,30820,627236,0.072094,25041,437134,0.050244,31278,1064370,0.122338,8700223
1,2021-02-25,68667,1570678,33339,768893,35328,801785,0,0,42434,644118,0.074035,26055,463189,0.053239,42937,1107307,0.127273,8700223
1,2021-02-26,76741,1647419,35919,804812,40822,842607,0,0,50106,668328,0.076817,26380,489569,0.056271,50590,1157897,0.133088,8700223
1,2021-02-27,52813,1700232,24230,829042,28574,871181,9,9,34635,685213,0.078758,18031,507600,0.058343,34916,1192813,0.137101,8700223
1,2021-02-28,20272,1720504,12030,841072,8240,879421,2,11,14841,694859,0.079867,5341,512941,0.058957,14987,1207800,0.138824,8700223
1,2021-03-01,46291,1766795,21404,862476,24830,904251,57,68,29726,708514,0.081436,16375,529316,0.060839,30030,1237830,0.142276,8700223
1,2021-03-02,64918,1831713,28067,890543,36841,941092,10,78,41278,726998,0.083561,23450,552766,0.063535,41934,1279764,0.147096,8700223
1,2021-03-03,72213,1903926,34342,924885,37842,978934,29,107,43898,743395,0.085446,28142,580908,0.066769,44539,1324303,0.152215,8700223
1,2021-03-04,80172,1984098,37597,962482,42539,1021473,36,143,51447,766864,0.088143,28529,609437,0.070048,51998,1376301,0.158191,8700223
1,2021-03-05,79179,2063277,35697,998179,43273,1064746,209,352,52795,794387,0.091307,26131,635568,0.073052,53654,1429955,0.164358,8700223
1,2021-03-06,58077,2121354,27613,1025792,29114,1093860,1350,1702,39307,816730,0.093875,18683,654251,0.075199,41026,1470981,0.169074,8700223
1,2021-03-07,20996,2142350,13053,1038845,6750,1100610,1193,2895,15550,828303,0.095205,5418,659669,0.075822,16991,1487972,0.171027,8700223
1,2021-03-08,46147,2188497,22535,1061380,21651,1122261,1961,4856,32324,849205,0.097607,13716,673385,0.077399,34618,1522590,0.175006,8700223
1,2021-03-09,66894,2255391,32360,1093740,32020,1154281,2514,7370,41146,867608,0.099723,25592,698977,0.08034,43995,1566585,0.180063,8700223
1,2021-03-10,74214,2329605,36988,1130728,32731,1187012,4495,11865,45733,889832,0.102277,28365,727342,0.0836,50589,1617174,0.185877,8700223
1,2021-03-11,90411,2420016,41605,1172333,40796,1227808,8010,19875,52644,913410,0.104987,37525,764867,0.087913,61103,1678277,0.1929,8700223
1,2021-03-12,99267,2519283,43768,1216101,43091,1270899,12408,32283,57972,943157,0.108406,41065,805932,0.092633,70812,1749089,0.20104,8700223
1,2021-03-13,65414,2584697,29559,1245660,28181,1299080,7674,39957,41723,969302,0.111411,23552,829484,0.095341,49697,1798786,0.206752,8700223
1,2021-03-14,27949,2612646,14948,1260608,9432,1308512,3569,43526,15657,976494,0.112238,12215,841699,0.096745,19407,1818193,0.208982,8700223
1,2021-03-15,65370,2678016,28829,1289437,29786,1338298,6755,50281,38430,995313,0.114401,26712,868411,0.099815,45531,1863724,0.214216,8700223
1,2021-03-16,85870,2763886,39149,1328586,41076,1379374,5645,55926,53196,1022053,0.117474,32441,900852,0.103544,59181,1922905,0.221018,8700223
1,2021-03-17,93355,2857241,45562,1374148,41249,1420623,6544,62470,60028,1055893,0.121364,33075,933927,0.107345,66915,1989820,0.228709,8700223
1,2021-03-18,98910,2956151,50990,1425138,42200,1462823,5720,68190,59762,1083081,0.124489,38779,972706,0.111802,65967,2055787,0.236291,8700223
1,2021-03-19,103916,3060067,53811,1478949,43806,1506629,6299,74489,60648,1107577,0.127304,42958,1015664,0.11674,67454,2123241,0.244044,8700223
1,2021-03-20,72928,3132995,37347,1516296,30363,1536992,5218,79707,46851,1134034,0.130345,25881,1041545,0.119715,52338,2175579,0.25006,8700223
1,2021-03-21,27349,3160344,19076,1535372,6464,1543456,1809,81516,17011,1142703,0.131342,10239,1051784,0.120892,18908,2194487,0.252233,8700223
1,2021-03-22,59357,3219701,30656,1566028,25394,1568850,3307,84823,39920,1167090,0.134145,19207,1070991,0.123099,43594,2238081,0.257244,8700223
1,2021-03-23,83592,3303293,42585,1608613,37371,1606221,3636,88459,51245,1190343,0.136818,32082,1103073,0.126787,55335,2293416,0.263604,8700223
1,2021-03-24,88454,3391747,44731,1653344,39354,1645575,4369,92828,52675,1212068,0.139315,35477,1138550,0.130864,57202,2350618,0.270179,8700223
1,2021-03-25,97327,3489074,49782,1703126,41696,1687271,5849,98677,53864,1228864,0.141245,43124,1181674,0.135821,59920,2410538,0.277066,8700223
1,2021-03-26,105619,3594693,51244,1754370,48051,1735322,6324,105001,56581,1243410,0.142917,48655,1230329,0.141414,63201,2473739,0.284331,8700223
1,2021-03-27,74308,3669001,38398,1792768,31698,1767020,4212,109213,38076,1249899,0.143663,35995,1266324,0.145551,42484,2516223,0.289214,8700223
1,2021-03-28,32855,3701856,21508,1814276,10122,1777142,1225,110438,16441,1251713,0.143871,16301,1282625,0.147424,18115,2534338,0.291296,8700223
1,2021-03-29,68754,3770610,33863,1848139,31719,1808861,3172,113610,37900,1262379,0.145097,30615,1313240,0.150943,41281,2575619,0.296041,8700223
1,2021-03-30,93518,3864128,45705,1893844,41404,1850265,6409,120019,48080,1271740,0.146173,45199,1358439,0.156138,54560,2630179,0.302312,8700223
1,2021-03-31,102131,3966259,53141,1946985,42741,1893006,6249,126268,55929,1288111,0.148055,45858,1404297,0.161409,62229,2692408,0.309464,8700223
1,2021-04-01,113744,4080003,54339,2001324,50576,1943582,8829,135097,57735,1299176,0.149327,55533,1459830,0.167792,66598,2759006,0.317119,8700223
1,2021-04-02,112908,4192911,51415,2052739,51755,1995337,9738,144835,57337,1311328,0.150723,55118,1514948,0.174127,67270,2826276,0.324851,8700223
1,2021-04-03,78802,4271713,39640,2092379,29475,2024812,9687,154522,37022,1316504,0.151318,41580,1556528,0.178907,46756,2873032,0.330225,8700223
1,2021-04-04,23821,4295534,11848,2104227,8495,2033307,3478,158000,9944,1316106,0.151273,13806,1570334,0.180494,13408,2886440,0.331766,8700223
1,2021-04-05,77723,4373257,37033,2141260,31295,2064602,9395,167395,35028,1318203,0.151514,42470,1612804,0.185375,44567,2931007,0.336889,8700223
1,2021-04-06,104938,4478195,49724,2190984,38515,2103117,16699,184094,47531,1325346,0.152335,57088,1669892,0.191937,64231,2995238,0.344271,8700223
1,2021-04-07,112940,4591135,54746,2245730,40508,2143625,17686,201780,50968,1332347,0.153139,61648,1731540,0.199022,68649,3063887,0.352162,8700223
1,2021-04-08,123355,4714490,58387,2304117,43839,2187464,21129,222909,54596,1339781,0.153994,68318,1799858,0.206875,75752,3139639,0.360869,8700223
1,2021-04-09,124504,4838994,56769,2360886,46812,2234276,20923,243832,54689,1345972,0.154705,69443,1869301,0.214857,75634,3215273,0.369562,8700223
1,2021-04-10,97411,4936405,43434,2404320,30921,2265197,23056,266888,38559,1348893,0.155041,58621,1927922,0.221595,61542,3276815,0.376636,8700223
1,2021-04-11,36763,4973168,20415,2424735,9449,2274646,6899,273787,14862,1348913,0.155043,21834,1949756,0.224104,21854,3298669,0.379148,8700223
1,2021-04-12,75040,5048208,33480,2458215,31505,2306151,10055,283842,31859,1348084,0.154948,42876,1992632,0.229032,42047,3340716,0.383981,8700223
1,2021-04-13,98387,5146595,52579,2510794,45465,2351616,343,284185,53149,1357003,0.155973,44921,2037553,0.234195,53840,3394556,0.390169,8700223
1,2021-04-14,105270,5251865,54526,2565320,50666,2402282,78,284263,53468,1359510,0.156262,51409,2088962,0.240104,53916,3448472,0.396366,8700223
1,2021-04-15,106046,5357911,57555,2622875,48398,2450680,93,284356,56238,1366816,0.157101,49199,2138161,0.245759,56505,3504977,0.402861,8700223
1,2021-04-16,110896,5468807,56845,2679720,53961,2504641,90,284446,55297,1367345,0.157162,55047,2193208,0.252086,55576,3560553,0.409248,8700223
1,2021-04-17,83530,5552337,45345,2725065,38173,2542814,12,284458,46545,1377327,0.158309,36738,2229946,0.256309,46720,3607273,0.414618,8700223
1,2021-04-18,30549,5582886,20671,2745736,9871,2552685,7,284465,15326,1377740,0.158357,15128,2245074,0.258048,15541,3622814,0.416405,8700223
1,2021-04-19,67269,5650155,34049,2779785,33207,2585892,13,284478,30323,1371640,0.157656,36567,2281641,0.262251,30467,3653281,0.419907,8700223
1,2021-04-20,88547,5738702,44562,2824347,43961,2629853,24,284502,41309,1366306,0.157043,46868,2328509,0.267638,41534,3694815,0.42468,8700223
1,2021-04-21,98018,5836720,51133,2875480,46781,2676634,104,284606,43762,1356750,0.155944,53664,2382173,0.273806,44108,3738923,0.42975,8700223
1,2021-04-22,97835,5934555,51164,2926644,46652,2723286,19,284625,44763,1349214,0.155078,52536,2434709,0.279844,45000,3783923,0.434923,8700223
1,2021-04-23,102786,6037341,53090,2979734,49668,2772954,28,284653,48789,1344815,0.154572,53455,2488164,0.285989,49056,3832979,0.440561,8700223
1,2021-04-24,76529,6113870,47473,3027207,29029,2801983,27,284680,43062,1354858,0.155727,33306,2521470,0.289817,43349,3876328,0.445544,8700223
1,2021-04-25,27409,6141279,17454,3044661,9941,2811924,14,284694,15624,1358976,0.1562,11662,2533132,0.291157,15780,3892108,0.447357,8700223
1,2021-04-26,66588,6207867,34939,3079600,31244,2843168,405,285099,31416,1356282,0.15589,34851,2567983,0.295163,32157,3924265,0.451053,8700223
1,2021-04-27,81911,6289778,43561,3123161,37043,2880211,1307,286406,35315,1346962,0.154819,46282,2614265,0.300483,36962,3961227,0.455302,8700223
1,2021-04-28,81708,6371486,43480,3166641,36711,2916922,1517,287923,35680,1338723,0.153872,45660,2659925,0.305731,37421,3998648,0.459603,8700223
1,2021-04-29,85117,6456603,46855,3213496,36629,2953551,1633,289556,34626,1325048,0.1523,50098,2710023,0.311489,36423,4035071,0.463789,8700223
1,2021-04-30,92810,6549413,50263,3263759,40659,2994210,1888,291444,38559,1311761,0.150773,53892,2763915,0.317683,40605,4075676,0.468456,8700223
1,2021-05-01,63991,6613404,41270,3305029,21288,3015498,1433,292877,26934,1303560,0.149831,36783,2800698,0.321911,28582,4104258,0.471742,8700223
1,2021-05-02,23538,6636942,16676,3321705,6283,3021781,579,293456,9472,1299684,0.149385,13954,2814652,0.323515,10078,4114336,0.4729,8700223
1,2021-05-03,56463,6693405,31317,3353022,23299,3045080,1847,295303,20449,1286287,0.147845,35746,2850398,0.327624,22349,4136685,0.475469,8700223
1,2021-05-04,76076,6769481,43838,3396860,30134,3075214,2104,297407,27224,1267162,0.145647,48532,2898930,0.333202,29407,4166092,0.478849,8700223
1,2021-05-05,78487,6847968,45494,3442354,30687,3105901,2306,299713,26572,1244578,0.143051,51542,2950472,0.339126,28958,4195050,0.482177,8700223
1,2021-05-06,79984,6927952,48565,3490919,29232,3135133,2187,301900,24941,1217228,0.139908,54631,3005103,0.345405,27281,4222331,0.485313,8700223
1,2021-05-07,83586,7011538,47576,3538495,33811,3168944,2199,304099,27891,1192160,0.137026,55220,3060323,0.351752,30152,4252483,0.488779,8700223
1,2021-05-08,57475,7069013,36066,3574561,19759,3188703,1650,305749,19524,1175818,0.135148,37603,3097926,0.356074,21261,4273744,0.491222,8700223
1,2021-05-09,18352,7087365,13165,3587726,4708,3193411,479,306228,5574,1169207,0.134388,12698,3110624,0.357534,6087,4279831,0.491922,8700223
1,2021-05-10,44353,7131718,22435,3610161,20086,3213497,1832,308060,14826,1156722,0.132953,29232,3139856,0.360894,16747,4296578,0.493847,8700223
1,2021-05-11,62900,7194618,34212,3644373,26529,3240026,2159,310219,20657,1137707,0.130768,41940,3181796,0.365714,22925,4319503,0.496482,8700223
1,2021-05-12,63027,7257645,33498,3677871,27464,3267490,2065,312284,20693,1118540,0.128565,41991,3223787,0.370541,22824,4342327,0.499105,8700223
1,2021-05-13,67294,7324939,39485,3717356,25815,3293305,1994,314278,25623,1105174,0.127028,41265,3265052,0.375284,27899,4370226,0.502312,8700223
1,2021-05-14,76879,7401818,46372,3763728,28101,3321406,2406,316684,31060,1093520,0.125689,45399,3310451,0.380502,33745,4403971,0.506191,8700223
1,2021-05-15,66856,7468674,43905,3807633,21181,3342587,1770,318454,26632,1082099,0.124376,39889,3350340,0.385087,28468,4432439,0.509463,8700223
1,2021-05-16,25117,7493791,18521,3826154,5976,3348563,620,319074,10242,1078258,0.123935,14749,3365089,0.386782,10908,4443347,0.510716,8700223
1,2021-05-17,54422,7548213,33273,3859427,19369,3367932,1780,320854,23077,1072105,0.123227,31066,3396155,0.390353,24913,4468260,0.51358,8700223
1,2021-05-18,65240,7613453,39327,3898754,24072,3392004,1841,322695,28293,1065669,0.122488,36659,3432814,0.394566,30223,4498483,0.517054,8700223
1,2021-05-19,66650,7680103,40610,3939364,24107,3416111,1933,324628,29826,1060983,0.121949,36521,3469335,0.398764,31835,4530318,0.520713,8700223
1,2021-05-20,64904,7745007,37665,3977029,25014,3441125,2225,326853,26693,1052249,0.120945,37853,3507188,0.403115,29119,4559437,0.52406,8700223
1,2021-05-21,70554,7815561,42205,4019234,26478,3467603,1871,328724,29114,1042306,0.119802,41020,3548208,0.40783,31077,4590514,0.527632,8700223
1,2021-05-22,56490,7872051,37173,4056407,17586,3485189,1731,330455,24571,1037063,0.1192,31636,3579844,0.411466,26393,4616907,0.530665,8700223
1,2021-05-23,20519,7892570,14352,4070759,5580,3490769,587,331042,9507,1036276,0.119109,10905,3590749,0.412719,10118,4627025,0.531828,8700223
1,2021-05-24,44169,7936739,24651,4095410,17674,3508443,1844,332886,17878,1030052,0.118394,26027,3616776,0.415711,19803,4646828,0.534104,8700223
1,2021-05-25,51077,7987816,29404,4124814,19968,3528411,1705,334591,21179,1023426,0.117632,29606,3646382,0.419114,22980,4669808,0.536746,8700223
1,2021-05-26,48573,8036389,27534,4152348,19135,3547546,1904,336495,20552,1018213,0.117033,27707,3674089,0.422298,22494,4692302,0.539331,8700223
1,2021-05-27,47050,8083439,26393,4178741,18740,3566286,1917,338412,20138,1013768,0.116522,26614,3700703,0.425357,22169,4714471,0.541879,8700223
1,2021-05-28,52597,8136036,29344,4208085,21418,3587704,1835,340247,23534,1010541,0.116151,28721,3729424,0.428658,25494,4739965,0.54481,8700223
1,2021-05-29,30692,8166728,18588,4226673,11137,3598841,967,341214,14600,1010227,0.116115,15937,3745361,0.43049,15623,4755588,0.546605,8700223
1,2021-05-30,11714,8178442,7567,4234240,3589,3602430,558,341772,5529,1010229,0.116115,6109,3751470,0.431192,6111,4761699,0.547308,8700223
1,2021-05-31,5762,8184204,3277,4237517,2228,3604658,257,342029,2008,1008815,0.115953,3691,3755161,0.431617,2277,4763976,0.547569,8700223
1,2021-06-01,45960,8230164,25983,4263500,18398,3623056,1579,343608,17371,999597,0.114893,28230,3783391,0.434861,19012,4782988,0.549755,8700223
1,2021-06-02,40065,8270229,23242,4286742,15309,3638365,1514,345122,16135,993705,0.114216,23622,3807013,0.437576,17730,4800718,0.551793,8700223
1,2021-06-03,41558,8311787,26028,4312770,13808,3652173,1722,346844,15830,985915,0.113321,25418,3832431,0.440498,17628,4818346,0.553819,8700223
1,2021-06-04,50284,8362071,32187,4344957,16282,3668455,1815,348659,17960,973814,0.11193,31955,3864386,0.444171,19854,4838200,0.556101,8700223
1,2021-06-05,40434,8402505,27587,4372544,10838,3679293,2009,350668,14168,963998,0.110802,26044,3890430,0.447164,16228,4854428,0.557966,8700223
1,2021-06-06,13247,8415752,10607,4383151,2125,3681418,515,351183,4566,960545,0.110405,8596,3899026,0.448152,5143,4859571,0.558557,8700223
1,2021-06-07,34041,8449793,23455,4406606,9219,3690637,1367,352550,12055,952248,0.109451,21770,3920796,0.450655,13473,4873044,0.560106,8700223
1,2021-06-08,42319,8492112,29281,4435887,11377,3702014,1661,354211,14716,941392,0.108203,27321,3948117,0.453795,16465,4889509,0.561998,8700223
1,2021-06-09,42235,8534347,29298,4465185,11290,3713304,1647,355858,13730,928634,0.106737,28190,3976307,0.457035,15432,4904941,0.563772,8700223
1,2021-06-10,39210,8573557,26396,4491581,11108,3724412,1706,357564,13362,918215,0.105539,25588,4001895,0.459976,15169,4920110,0.565515,8700223
1,2021-06-11,44151,8617708,29275,4520856,13185,3737597,1691,359255,15676,907498,0.104307,28162,4030057,0.463213,17445,4937555,0.567521,8700223
1,2021-06-12,33862,8651570,24481,4545337,8162,3745759,1219,360474,11095,897330,0.103139,22548,4052605,0.465805,12380,4949935,0.568943,8700223
1,2021-06-13,11646,8663216,8468,4553805,2698,3748457,480,360954,3386,893043,0.102646,8186,4060791,0.466746,3899,4953834,0.569392,8700223
1,2021-06-14,31040,8694256,20894,4574699,8826,3757283,1320,362274,11558,886675,0.101914,19274,4080065,0.468961,12906,4966740,0.570875,8700223
1,2021-06-15,37386,8731642,24501,4599200,11022,3768305,1863,364137,13847,879217,0.101057,23257,4103322,0.471634,15799,4982539,0.572691,8700223
1,2021-06-16,35599,8767241,24057,4623257,9699,3778004,1843,365980,13372,872534,0.100289,21953,4125275,0.474157,15270,4997809,0.574446,8700223
1,2021-06-17,33739,8800980,22311,4645568,9469,3787473,1959,367939,13167,867422,0.099701,20327,4145602,0.476494,15215,5013024,0.576195,8700223
1,2021-06-18,39844,8840824,25887,4671455,11093,3798566,2864,370803,15483,861754,0.09905,24068,4169670,0.47926,18400,5031424,0.57831,8700223
1,2021-06-19,24096,8864920,16717,4688172,6178,3804744,1201,372004,9805,858683,0.098697,14116,4183786,0.480883,11045,5042469,0.579579,8700223
1,2021-06-20,8161,8873081,5979,4694151,1905,3806649,277,372281,3240,857358,0.098544,4853,4188639,0.48144,3528,5045997,0.579985,8700223
1,2021-06-21,21038,8894119,11902,4706053,6939,3813588,2197,374478,10963,860605,0.098918,9957,4198596,0.482585,13204,5059201,0.581502,8700223
1,2021-06-22,30927,8925046,20194,4726247,8582,3822170,2151,376629,12955,858022,0.098621,17753,4216349,0.484625,15170,5074371,0.583246,8700223
1,2021-06-23,29506,8954552,19823,4746070,7863,3830033,1820,378449,12876,856338,0.098427,16406,4232755,0.486511,14722,5089093,0.584938,8700223
1,2021-06-24,28512,8983064,18989,4765059,7846,3837879,1677,380126,12103,853983,0.098156,16204,4248959,0.488374,13849,5102942,0.58653,8700223
1,2021-06-25,31856,9014920,21563,4786622,8882,3846761,1411,381537,14004,851846,0.097911,17609,4266568,0.490398,15472,5118414,0.588308,8700223
1,2021-06-26,22284,9037204,16550,4803172,4903,3851664,831,382368,9713,849995,0.097698,12447,4279015,0.491828,10596,5129010,0.589526,8700223
1,2021-06-27,9164,9046368,6818,4809990,1914,3853578,432,382800,4061,849469,0.097638,5034,4284049,0.492407,4508,5133518,0.590044,8700223
1,2021-06-28,21179,9067547,15738,4825728,4188,3857766,1253,384053,9816,849418,0.097632,11167,4295216,0.49369,11116,5144634,0.591322,8700223
1,2021-06-29,26675,9094222,18239,4843967,7047,3864813,1389,385442,11743,847867,0.097453,14740,4309956,0.495385,13189,5157823,0.592838,8700223
1,2021-06-30,25984,9120206,17967,4861934,6959,3871772,1058,386500,12339,847914,0.097459,13421,4323377,0.496927,13468,5171291,0.594386,8700223
1,2021-07-01,23778,9143984,16502,4878436,5974,3877746,1302,387802,10979,847632,0.097426,12640,4336017,0.49838,12358,5183649,0.595806,8700223
1,2021-07-02,26499,9170483,18196,4896632,7259,3885005,1044,388846,12372,847196,0.097376,13934,4349951,0.499982,13498,5197147,0.597358,8700223
1,2021-07-03,14633,9185116,10227,4906859,3966,3888971,440,389286,6950,847069,0.097362,7550,4357501,0.500849,7423,5204570,0.598211,8700223
1,2021-07-04,1289,9186405,726,4907585,496,3889467,67,389353,622,847107,0.097366,656,4358157,0.500925,694,5205264,0.598291,8700223
1,2021-07-05,11019,9197424,7615,4915200,3041,3892508,363,389716,5230,847026,0.097357,5722,4363879,0.501582,5641,5210905,0.598939,8700223
1,2021-07-06,27226,9224650,19244,4934444,6840,3899348,1142,390858,10864,842955,0.096889,16177,4380056,0.503442,12106,5223011,0.600331,8700223
1,2021-07-07,23743,9248393,16607,4951051,5976,3905324,1160,392018,10211,841067,0.096672,13344,4393400,0.504976,11456,5234467,0.601647,8700223
1,2021-07-08,22761,9271154,15709,4966760,5959,3911283,1093,393111,9820,839263,0.096465,12806,4406206,0.506447,11002,5245469,0.602912,8700223
1,2021-07-09,26852,9298006,18991,4985751,6696,3917979,1165,394276,12075,837956,0.096314,14602,4420808,0.508126,13295,5258764,0.60444,8700223
1,2021-07-10,17734,9315740,12794,4998545,4175,3922154,765,395041,7871,836901,0.096193,9738,4430546,0.509245,8683,5267447,0.605438,8700223
1,2021-07-11,6746,9322486,4937,5003482,1607,3923761,202,395243,3249,836926,0.096196,3445,4433991,0.509641,3470,5270917,0.605837,8700223
1,2021-07-12,20225,9342711,14521,5018003,4814,3928575,890,396133,8967,835759,0.096062,11117,4445108,0.510919,9950,5280867,0.606981,8700223
1,2021-07-13,22173,9364884,15492,5033495,5879,3934454,802,396935,10358,835335,0.096013,11670,4456778,0.51226,11246,5292113,0.608273,8700223
1,2021-07-14,22238,9387122,15282,5048777,5978,3940432,978,397913,9983,834306,0.095895,12100,4468878,0.513651,11071,5303184,0.609546,8700223
1,2021-07-15,21677,9408799,15374,5064151,5571,3946003,732,398645,10443,834497,0.095917,11088,4479966,0.514925,11279,5314463,0.610842,8700223
1,2021-07-16,26668,9435467,18660,5082811,7010,3953013,998,399643,13167,835411,0.096022,13338,4493304,0.516458,14252,5328715,0.61248,8700223
1,2021-07-17,18451,9453918,13323,5096134,4426,3957439,702,400345,9054,835934,0.096082,9269,4502573,0.517524,9792,5338507,0.613606,8700223
1,2021-07-18,7439,9461357,5489,5101623,1664,3959103,286,400631,3806,836467,0.096143,3575,4506148,0.517935,4108,5342615,0.614078,8700223
1,2021-07-19,20842,9482199,15104,5116727,4907,3964010,831,401462,10458,837603,0.096274,10252,4516400,0.519113,11388,5354003,0.615387,8700223
1,2021-07-20,24578,9506777,17005,5133732,6693,3970703,880,402342,12625,839434,0.096484,11766,4528166,0.520466,13597,5367600,0.61695,8700223
1,2021-07-21,24961,9531738,17565,5151297,6192,3976895,1204,403546,12766,841482,0.09672,12039,4540205,0.521849,14087,5381687,0.618569,8700223
1,2021-07-22,24117,9555855,17025,5168322,6255,3983150,837,404383,13144,844766,0.097097,10787,4550992,0.523089,14071,5395758,0.620186,8700223
1,2021-07-23,28659,9584514,20247,5188569,7405,3990555,1007,405390,15931,849241,0.097611,12530,4563522,0.524529,17005,5412763,0.622141,8700223
1,2021-07-24,17941,9602455,12651,5201220,4733,3995288,557,405947,10573,853148,0.09806,7250,4570772,0.525363,11157,5423920,0.623423,8700223
1,2021-07-25,7368,9609823,5288,5206508,1972,3997260,108,406055,5503,856952,0.098498,1827,4572599,0.525573,5631,5429551,0.62407,8700223
1,2021-07-26,21101,9630924,14579,5221087,5778,4003038,744,406799,13598,863982,0.099306,7384,4579983,0.526421,14414,5443965,0.625727,8700223
1,2021-07-27,26682,9657606,19027,5240114,6720,4009758,935,407734,15724,869905,0.099987,10793,4590776,0.527662,16716,5460681,0.627648,8700223
1,2021-07-28,27626,9685232,19570,5259684,7188,4016946,868,408602,16964,877332,0.10084,10475,4601251,0.528866,17902,5478583,0.629706,8700223
1,2021-07-29,26362,9711594,18715,5278399,6860,4023806,787,409389,16507,884999,0.101721,9689,4610940,0.52998,17356,5495939,0.631701,8700223
1,2021-07-30,30714,9742308,21986,5300385,7827,4031633,901,410290,18798,893028,0.102644,11708,4622648,0.531325,19737,5515676,0.633969,8700223
1,2021-07-31,19645,9761953,14284,5314669,4824,4036457,537,410827,12224,898549,0.103279,7264,4629912,0.53216,12785,5528461,0.635439,8700223
1,2021-08-01,8734,9770687,6602,5321271,2005,4038462,127,410954,5966,901948,0.10367,2723,4632635,0.532473,6122,5534583,0.636143,8700223
1,2021-08-02,24612,9795299,18353,5339624,5556,4044018,703,411657,15983,910207,0.104619,8474,4641109,0.533447,16733,5551316,0.638066,8700223
1,2021-08-03,28048,9823347,20267,5359891,6872,4050890,909,412566,17557,918405,0.105561,10304,4651413,0.534631,18502,5569818,0.640193,8700223
1,2021-08-04,27066,9850413,19612,5379503,6589,4057479,865,413431,17201,926850,0.106532,9665,4661078,0.535742,18110,5587928,0.642274,8700223
1,2021-08-05,26702,9877115,19510,5399013,6314,4063793,878,414309,16828,934902,0.107457,9678,4670756,0.536855,17730,5605658,0.644312,8700223
1,2021-08-06,33006,9910121,24312,5423325,7746,4071539,948,415257,20527,944169,0.108522,12254,4683010,0.538263,21521,5627179,0.646786,8700223
1,2021-08-07,21234,9931355,15912,5439237,4765,4076304,557,415814,13234,950104,0.109205,7869,4690879,0.539168,13804,5640983,0.648372,8700223
1,2021-08-08,10264,9941619,7491,5446728,2582,4078886,191,416005,6652,953413,0.109585,3542,4694421,0.539575,6851,5647834,0.64916,8700223
1,2021-08-09,27200,9968819,20400,5467128,6023,4084909,777,416782,16755,960725,0.110425,10254,4704675,0.540753,17566,5665400,0.651179,8700223
1,2021-08-10,28537,9997356,20977,5488105,6705,4091614,855,417637,17018,967331,0.111185,11318,4715993,0.542054,17924,5683324,0.653239,8700223
1,2021-08-11,25905,10023261,19118,5507223,5898,4097512,889,418526,15214,972969,0.111833,10492,4726485,0.54326,16130,5699454,0.655093,8700223
1,2021-08-12,27220,10050481,19619,5526842,6605,4104117,996,419522,16214,979473,0.11258,10728,4737213,0.544493,17232,5716686,0.657074,8700223
1,2021-08-13,17848,10068329,13443,5540285,3547,4107664,858,420380,10049,982752,0.112957,7661,4744874,0.545374,10940,5727626,0.658331,8700223
2,2020-12-15,259,259,259,259,0,0,0,0,259,259,3.1e-05,0,0,0.0,259,259,3.1e-05,8407551
2,2020-12-16,2260,2519,2260,2519,0,0,0,0,2259,2518,0.000299,0,0,0.0,2259,2518,0.000299,8407551
2,2020-12-17,6951,9470,6951,9470,0,0,0,0,6950,9468,0.001126,0,0,0.0,6950,9468,0.001126,8407551
2,2020-12-18,11137,20607,11116,20586,21,21,0,0,11136,20604,0.002451,0,0,0.0,11136,20604,0.002451,8407551
2,2020-12-19,5639,26246,5632,26218,7,28,0,0,5640,26244,0.003121,0,0,0.0,5640,26244,0.003121,8407551
2,2020-12-20,4268,30514,4254,30472,14,42,0,0,4263,30506,0.003628,1,1,0.0,4263,30507,0.003629,8407551
2,2020-12-21,12848,43362,12819,43291,29,71,0,0,12804,43310,0.005151,0,1,0.0,12804,43311,0.005151,8407551
2,2020-12-22,12207,55569,11680,54971,527,598,0,0,12205,55515,0.006603,0,1,0.0,12205,55516,0.006603,8407551
2,2020-12-23,11775,67344,9532,64503,2243,2841,0,0,11777,67292,0.008004,1,2,0.0,11778,67294,0.008004,8407551
2,2020-12-24,5928,73272,3508,68011,2420,5261,0,0,5923,73214,0.008708,3,5,1e-06,5925,73219,0.008709,8407551
2,2020-12-25,501,73773,418,68429,83,5344,0,0,503,73717,0.008768,0,5,1e-06,503,73722,0.008769,8407551
2,2020-12-26,2585,76358,1671,70100,914,6258,0,0,2586,76302,0.009075,1,6,1e-06,2586,76308,0.009076,8407551
2,2020-12-27,2248,78606,1221,71321,1027,7285,0,0,2245,78545,0.009342,2,8,1e-06,2245,78553,0.009343,8407551
2,2020-12-28,11120,89726,7220,78541,3900,11185,0,0,11120,89663,0.010665,2,10,1e-06,11120,89673,0.010666,8407551
2,2020-12-29,12912,102638,7272,85813,5640,16825,0,0,12918,102581,0.012201,0,10,1e-06,12918,102591,0.012202,8407551
2,2020-12-30,15611,118249,8713,94526,6898,23723,0,0,15605,118183,0.014057,5,15,2e-06,15607,118198,0.014059,8407551
2,2020-12-31,7617,125866,2839,97365,4778,28501,0,0,7609,125787,0.014961,5,20,2e-06,7609,125807,0.014964,8407551
2,2021-01-01,1397,127263,677,98042,720,29221,0,0,1393,127176,0.015126,4,24,3e-06,1393,127200,0.015129,8407551
2,2021-01-02,4883,132146,2786,100828,2097,31318,0,0,4880,132054,0.015707,2,26,3e-06,4880,132080,0.01571,8407551
2,2021-01-03,1429,133575,805,101633,624,31942,0,0,1421,133471,0.015875,4,30,4e-06,1421,133501,0.015879,8407551
2,2021-01-04,11752,145327,5585,107218,6167,38109,0,0,11741,145208,0.017271,4,34,4e-06,11741,145242,0.017275,8407551
2,2021-01-05,13973,159300,6985,114203,6988,45097,0,0,12732,156743,0.018643,1233,1267,0.000151,12768,158010,0.018794,8407551
2,2021-01-06,19174,178474,10598,124801,8576,53673,0,0,15248,168140,0.019999,3865,5132,0.00061,15262,173272,0.020609,8407551
2,2021-01-07,23421,201895,13196,137997,10225,63898,0,0,15707,176145,0.020951,7719,12851,0.001529,15724,188996,0.022479,8407551
2,2021-01-08,27048,228943,16294,154291,10754,74652,0,0,16656,182498,0.021706,10333,23184,0.002758,16686,205682,0.024464,8407551
2,2021-01-09,9909,238852,5797,160088,4112,78764,0,0,6314,185233,0.022032,3587,26771,0.003184,6322,212004,0.025216,8407551
2,2021-01-10,5356,244208,2985,163073,2371,81135,0,0,3083,186050,0.022129,2272,29043,0.003454,3089,215093,0.025583,8407551
2,2021-01-11,26131,270339,18053,181126,8078,89213,0,0,14991,189960,0.022594,11135,40178,0.004779,15045,230138,0.027373,8407551
2,2021-01-12,26502,296841,16443,197569,10059,99272,0,0,16848,197245,0.02346,9655,49833,0.005927,16940,247078,0.029388,8407551
2,2021-01-13,28763,325604,15257,212826,13506,112778,0,0,20704,209952,0.024972,8036,57869,0.006883,20743,267821,0.031855,8407551
2,2021-01-14,30709,356313,11745,224571,18964,131742,0,0,26385,232089,0.027605,4329,62198,0.007398,26466,294287,0.035003,8407551
2,2021-01-15,35249,391562,12757,237328,22492,154234,0,0,31916,260776,0.031017,3323,65521,0.007793,32010,326297,0.03881,8407551
2,2021-01-16,18338,409900,6140,243468,12198,166432,0,0,16910,276255,0.032858,1441,66962,0.007965,16920,343217,0.040822,8407551
2,2021-01-17,10590,420490,3573,247041,7017,173449,0,0,9838,285337,0.033938,767,67729,0.008056,9849,353066,0.041994,8407551
2,2021-01-18,19870,440360,11106,258147,8764,182213,0,0,15008,295530,0.035151,4879,72608,0.008636,15072,368138,0.043787,8407551
2,2021-01-19,32873,473233,17081,275228,15792,198005,0,0,24735,312241,0.037138,8137,80745,0.009604,24848,392986,0.046742,8407551
2,2021-01-20,37789,511022,19048,294276,18741,216746,0,0,29123,332822,0.039586,8637,89382,0.010631,29218,422204,0.050217,8407551
2,2021-01-21,41274,552296,17547,311823,23727,240473,0,0,36704,365180,0.043435,4534,93916,0.01117,36892,459096,0.054605,8407551
2,2021-01-22,39782,592078,16622,328445,23160,263633,0,0,36401,398211,0.047363,3398,97314,0.011575,36429,495525,0.058938,8407551
2,2021-01-23,24294,616372,10814,339259,13480,277113,0,0,21297,416564,0.049546,2976,100290,0.011929,21329,516854,0.061475,8407551
2,2021-01-24,12514,628886,6125,345384,6389,283502,0,0,11587,427257,0.050818,911,101201,0.012037,11604,528458,0.062855,8407551
2,2021-01-25,34107,662993,15675,361059,18432,301934,0,0,25216,443784,0.052784,8837,110038,0.013088,25364,553822,0.065872,8407551
2,2021-01-26,40576,703569,19844,380903,20732,322666,0,0,31268,465857,0.055409,9281,119319,0.014192,31354,585176,0.069601,8407551
2,2021-01-27,45909,749478,22745,403648,23164,345830,0,0,35452,491047,0.058405,10328,129647,0.01542,35518,620694,0.073826,8407551
2,2021-01-28,48265,797743,22522,426170,25743,371573,0,0,39446,521822,0.062066,8749,138396,0.016461,39524,660218,0.078527,8407551
2,2021-01-29,45896,843639,22096,448266,23800,395373,0,0,37046,550221,0.065444,8721,147117,0.017498,37120,697338,0.082942,8407551
2,2021-01-30,31509,875148,13349,461615,18160,413533,0,0,28073,574936,0.068383,3396,150513,0.017902,28111,725449,0.086285,8407551
2,2021-01-31,17317,892465,10240,471855,7077,420610,0,0,16092,589849,0.070157,1203,151716,0.018045,16116,741565,0.088202,8407551
2,2021-02-01,41561,934026,19902,491757,21659,442269,0,0,30319,609037,0.072439,11178,162894,0.019375,30366,771931,0.091814,8407551
2,2021-02-02,48181,982207,19591,511348,28590,470859,0,0,36554,634160,0.075427,11531,174425,0.020746,36654,808585,0.096174,8407551
2,2021-02-03,54283,1036490,23890,535238,30393,501252,0,0,39928,659937,0.078493,14250,188675,0.022441,40027,848612,0.100935,8407551
2,2021-02-04,56491,1092981,24251,559489,32240,533492,0,0,41097,685853,0.081576,15283,203958,0.024259,41199,889811,0.105835,8407551
2,2021-02-05,60448,1153429,26314,585803,34134,567626,0,0,40760,707333,0.084131,19472,223430,0.026575,40952,930763,0.110706,8407551
2,2021-02-06,39576,1193005,18476,604279,21100,588726,0,0,31486,730915,0.086936,8012,231442,0.027528,31594,962357,0.114463,8407551
2,2021-02-07,15800,1208805,10475,614754,5325,594051,0,0,11978,739178,0.087918,3788,235230,0.027978,12051,974408,0.115897,8407551
2,2021-02-08,43280,1252085,21941,636695,21339,615390,0,0,29600,755464,0.089855,13531,248761,0.029588,29817,1004225,0.119443,8407551
2,2021-02-09,49817,1301902,23526,660221,26291,641681,0,0,30735,767783,0.091321,18780,267541,0.031822,31099,1035324,0.123142,8407551
2,2021-02-10,59831,1361733,27991,688212,31840,673521,0,0,34483,777585,0.092487,25050,292591,0.034801,34852,1070176,0.127287,8407551
2,2021-02-11,64542,1426275,29653,717865,34889,708410,0,0,35905,785755,0.093458,28257,320848,0.038162,36427,1106603,0.13162,8407551
2,2021-02-12,65822,1492097,28291,746156,37531,745941,0,0,34931,790787,0.094057,30573,351421,0.041798,35605,1142208,0.135855,8407551
2,2021-02-13,38243,1530340,15938,762094,22305,768246,0,0,22056,797146,0.094813,16077,367498,0.04371,22436,1164644,0.138524,8407551
2,2021-02-14,20199,1550539,9399,771493,10800,779046,0,0,11208,799792,0.095128,8936,376434,0.044773,11582,1176226,0.139901,8407551
2,2021-02-15,33446,1583985,15059,786552,18387,797433,0,0,18527,804407,0.095677,14775,391209,0.046531,19390,1195616,0.142207,8407551
2,2021-02-16,56703,1640688,27775,814327,28928,826361,0,0,29794,808109,0.096117,26781,417990,0.049716,30483,1226099,0.145833,8407551
2,2021-02-17,62045,1702733,31919,846246,30126,856487,0,0,30777,808545,0.096169,31165,449155,0.053423,31601,1257700,0.149592,8407551
2,2021-02-18,66714,1769447,33618,879864,33096,889583,0,0,32425,808110,0.096117,34015,483170,0.057469,33580,1291280,0.153586,8407551
2,2021-02-19,60045,1829492,33210,913074,26835,916418,0,0,29776,808413,0.096153,30067,513237,0.061045,30370,1321650,0.157198,8407551
2,2021-02-20,37996,1867488,24632,937706,13364,929782,0,0,20595,812421,0.09663,17289,530526,0.063101,21297,1342947,0.159731,8407551
2,2021-02-21,21913,1889401,17708,955414,4205,933987,0,0,10802,813056,0.096705,11004,541530,0.06441,11639,1354586,0.161115,8407551
2,2021-02-22,39827,1929228,27213,982627,12614,946601,0,0,18872,811850,0.096562,20788,562318,0.066882,19582,1374168,0.163445,8407551
2,2021-02-23,54202,1983430,27666,1010293,26536,973137,0,0,23756,807350,0.096027,30171,592489,0.070471,25671,1399839,0.166498,8407551
2,2021-02-24,71575,2055005,36825,1047118,34750,1007887,0,0,32755,803925,0.095619,38590,631079,0.075061,35165,1435004,0.17068,8407551
2,2021-02-25,77608,2132613,36710,1083828,40898,1048785,0,0,39324,808114,0.096118,37997,669076,0.07958,42186,1477190,0.175698,8407551
2,2021-02-26,86240,2218853,36963,1120791,49277,1098062,0,0,46305,817018,0.097177,39611,708687,0.084292,48515,1525705,0.181468,8407551
2,2021-02-27,63195,2282048,29367,1150158,33820,1131882,8,8,34136,823692,0.097971,28813,737500,0.087719,35487,1561192,0.185689,8407551
2,2021-02-28,31115,2313163,18635,1168793,12479,1144361,1,9,17990,829548,0.098667,12989,750489,0.089264,18845,1580037,0.187931,8407551
2,2021-03-01,59247,2372410,30881,1199674,28294,1172655,72,81,32261,836474,0.099491,26647,777136,0.092433,33573,1613610,0.191924,8407551
2,2021-03-02,70860,2443270,34014,1233688,36831,1209486,15,96,39649,847496,0.100802,31014,808150,0.096122,42036,1655646,0.196924,8407551
2,2021-03-03,81928,2525198,39487,1273175,42422,1251908,19,115,46228,860927,0.102399,35468,843618,0.100341,48899,1704545,0.20274,8407551
2,2021-03-04,89724,2614922,43950,1317125,45741,1297649,33,148,51636,877181,0.104333,37827,881445,0.10484,54081,1758626,0.209172,8407551
2,2021-03-05,83342,2698264,39103,1356228,43921,1341570,318,466,50698,898198,0.106832,32404,913849,0.108694,53421,1812047,0.215526,8407551
2,2021-03-06,63563,2761827,31019,1387247,30830,1372400,1714,2180,38943,915811,0.108927,24477,938326,0.111605,42090,1854137,0.220532,8407551
2,2021-03-07,28792,2790619,16354,1403601,10892,1383292,1546,3726,18245,926252,0.110169,10472,948798,0.112851,20913,1875050,0.22302,8407551
2,2021-03-08,51129,2841748,23428,1427029,25125,1408417,2576,6302,32091,943637,0.112237,18917,967715,0.115101,36302,1911352,0.227338,8407551
2,2021-03-09,71034,2912782,32339,1459368,34823,1443240,3872,10174,39286,956537,0.113771,31597,999312,0.118859,44497,1955849,0.23263,8407551
2,2021-03-10,79010,2991792,37366,1496734,35063,1478303,6581,16755,41871,969403,0.115301,36906,1036218,0.123248,49772,2005621,0.23855,8407551
2,2021-03-11,93695,3085487,43246,1539980,42046,1520349,8403,25158,48821,983468,0.116974,44541,1080759,0.128546,58606,2064227,0.245521,8407551
2,2021-03-12,94638,3180125,38972,1578952,43677,1564026,11989,37147,47071,996614,0.118538,47295,1128054,0.134172,60441,2124668,0.252709,8407551
2,2021-03-13,69510,3249635,29070,1608022,32417,1596443,8023,45170,38162,1012867,0.120471,31201,1159255,0.137883,47454,2172122,0.258354,8407551
2,2021-03-14,37136,3286771,18354,1626376,14255,1610698,4527,49697,18645,1018390,0.121128,18379,1177634,0.140069,23902,2196024,0.261197,8407551
2,2021-03-15,67754,3354525,30578,1656954,32153,1642851,5023,54720,37296,1031585,0.122697,30218,1207852,0.143663,43413,2239437,0.26636,8407551
2,2021-03-16,86733,3441258,38415,1695369,44284,1687135,4034,58754,52283,1054794,0.125458,34229,1242081,0.147734,57438,2296875,0.273192,8407551
2,2021-03-17,93282,3534540,44693,1740062,44382,1731517,4207,62961,59035,1084887,0.129037,33956,1276037,0.151773,64049,2360924,0.28081,8407551
2,2021-03-18,98631,3633171,47064,1787126,46958,1778475,4609,67570,59797,1111355,0.132185,38486,1314523,0.15635,64954,2425878,0.288536,8407551
2,2021-03-19,97917,3731088,46359,1833485,45396,1823871,6162,73732,57767,1135958,0.135112,39823,1354346,0.161087,64426,2490304,0.296199,8407551
2,2021-03-20,70337,3801425,34056,1867541,32288,1856159,3993,77725,45829,1161865,0.138193,24260,1378606,0.163972,50167,2540471,0.302165,8407551
2,2021-03-21,33710,3835135,21734,1889275,9970,1866129,2006,79731,20125,1171008,0.139281,13422,1392028,0.165569,22565,2563036,0.304849,8407551
2,2021-03-22,63191,3898326,34788,1924063,25763,1891892,2640,82371,41776,1195168,0.142154,21157,1413185,0.168085,45317,2608353,0.310239,8407551
2,2021-03-23,84301,3982627,44787,1968850,36586,1928478,2928,85299,52287,1219513,0.14505,31709,1444894,0.171857,56054,2664407,0.316906,8407551
2,2021-03-24,92284,4074911,49571,2018421,39529,1968007,3184,88483,53781,1239147,0.147385,38147,1483041,0.176394,57781,2722188,0.323779,8407551
2,2021-03-25,101907,4176818,51397,2069818,46610,2014617,3900,92383,57254,1256807,0.149486,44265,1527306,0.181659,61925,2784113,0.331144,8407551
2,2021-03-26,104044,4280862,51565,2121383,48978,2063595,3501,95884,56497,1270717,0.15114,47134,1574440,0.187265,61044,2845157,0.338405,8407551
2,2021-03-27,76087,4356949,37956,2159339,34817,2098412,3314,99198,37885,1274862,0.151633,37923,1612363,0.191776,42068,2887225,0.343409,8407551
2,2021-03-28,37991,4394940,23473,2182812,13707,2112119,811,100009,20222,1279116,0.152139,17630,1629993,0.193873,21884,2909109,0.346011,8407551
2,2021-03-29,72130,4467070,36629,2219441,33218,2145337,2283,102292,40736,1291964,0.153667,31156,1661149,0.197578,44004,2953113,0.351245,8407551
2,2021-03-30,92632,4559702,45370,2264811,42878,2188215,4384,106676,51763,1308103,0.155587,40638,1701787,0.202412,56777,3009890,0.357998,8407551
2,2021-03-31,101785,4661487,52468,2317279,44190,2232405,5127,111803,57516,1327189,0.157857,43934,1745721,0.207637,63020,3072910,0.365494,8407551
2,2021-04-01,118451,4779938,57205,2374484,51948,2284353,9298,121101,64252,1347402,0.160261,53743,1799464,0.21403,73956,3146866,0.37429,8407551
2,2021-04-02,112278,4892216,51719,2426203,50307,2334660,10252,131353,59975,1366201,0.162497,51882,1851346,0.2202,70681,3217547,0.382697,8407551
2,2021-04-03,77156,4969372,37921,2464124,29368,2364028,9867,141220,38173,1375850,0.163645,38763,1890109,0.224811,48412,3265959,0.388455,8407551
2,2021-04-04,29117,4998489,14987,2479111,10254,2374282,3876,145096,13052,1376854,0.163764,15950,1906059,0.226708,16954,3282913,0.390472,8407551
2,2021-04-05,79633,5078122,39003,2518114,31735,2406017,8895,153991,38351,1383755,0.164585,41087,1947146,0.231595,47988,3330901,0.39618,8407551
2,2021-04-06,104423,5182545,50869,2568983,38798,2444815,14756,168747,49403,1393595,0.165755,54725,2001871,0.238104,64565,3395466,0.403859,8407551
2,2021-04-07,111110,5293655,55434,2624417,39344,2484159,16332,185079,52151,1403665,0.166953,58643,2060514,0.245079,68713,3464179,0.412032,8407551
2,2021-04-08,119855,5413510,57694,2682111,43340,2527499,18821,203900,55580,1414701,0.168266,63890,2124404,0.252678,74926,3539105,0.420944,8407551
2,2021-04-09,119390,5532900,57422,2739533,43748,2571247,18220,222120,56404,1427554,0.169794,62589,2186993,0.260122,75442,3614547,0.429917,8407551
2,2021-04-10,87891,5620791,37909,2777442,31497,2602744,18485,240605,36184,1431443,0.170257,51435,2238428,0.26624,55324,3669871,0.436497,8407551
2,2021-04-11,44619,5665410,23143,2800585,12979,2615723,8497,249102,18245,1432676,0.170403,26219,2264647,0.269359,27452,3697323,0.439762,8407551
2,2021-04-12,80447,5745857,37441,2838026,33534,2649257,9472,258574,35781,1434526,0.170624,44381,2309028,0.274637,46231,3743554,0.445261,8407551
2,2021-04-13,102277,5848134,53089,2891115,48920,2698177,268,258842,55889,1445486,0.171927,46093,2355121,0.28012,57053,3800607,0.452047,8407551
2,2021-04-14,107160,5955294,56134,2947249,50966,2749143,60,258902,54646,1449442,0.172398,52188,2407309,0.286327,56144,3856751,0.458725,8407551
2,2021-04-15,113518,6068812,60249,3007498,53173,2802316,96,258998,59115,1455742,0.173147,53986,2461295,0.292748,60286,3917037,0.465895,8407551
2,2021-04-16,111145,6179957,57619,3065117,53467,2855783,59,259057,56338,1458563,0.173483,54430,2515725,0.299222,57251,3974288,0.472705,8407551
2,2021-04-17,83737,6263694,42576,3107693,41146,2896929,15,259072,46692,1469360,0.174767,36781,2552506,0.303597,47578,4021866,0.478364,8407551
2,2021-04-18,36026,6299720,21884,3129577,14131,2911060,11,259083,17079,1468643,0.174681,18801,2571307,0.305833,18084,4039950,0.480514,8407551
2,2021-04-19,75082,6374802,40433,3170010,34630,2945690,19,259102,34066,1462612,0.173964,40729,2612036,0.310677,34698,4074648,0.484641,8407551
2,2021-04-20,97801,6472603,49470,3219480,48303,2993993,28,259130,47169,1460292,0.173688,50266,2662302,0.316656,47946,4122594,0.490344,8407551
2,2021-04-21,104241,6576844,56461,3275941,47711,3041704,69,259199,49150,1455901,0.173166,54589,2716891,0.323149,50198,4172792,0.496315,8407551
2,2021-04-22,108728,6685572,56261,3332202,52440,3094144,27,259226,47517,1443571,0.171699,60755,2777646,0.330375,48425,4221217,0.502075,8407551
2,2021-04-23,108302,6793874,57665,3389867,50618,3144762,19,259245,49955,1436563,0.170866,57909,2835555,0.337263,50901,4272118,0.508129,8407551
2,2021-04-24,81230,6875104,47817,3437684,33370,3178132,43,259288,42234,1441158,0.171412,38626,2874181,0.341857,43221,4315339,0.513269,8407551
2,2021-04-25,36701,6911805,22591,3460275,14094,3192226,16,259304,19937,1444978,0.171867,16607,2890788,0.343832,20427,4335766,0.515699,8407551
2,2021-04-26,74552,6986357,41324,3501599,32913,3225139,315,259619,34156,1440797,0.171369,40105,2930893,0.348602,35924,4371690,0.519972,8407551
2,2021-04-27,88602,7074959,46776,3548375,40456,3265595,1370,260989,37909,1431027,0.170207,50295,2981188,0.354585,40525,4412215,0.524792,8407551
2,2021-04-28,88589,7163548,47367,3595742,39341,3304936,1881,262870,38996,1423591,0.169323,49233,3030421,0.36044,41797,4454012,0.529763,8407551
2,2021-04-29,91547,7255095,49889,3645631,39937,3344873,1721,264591,35492,1405761,0.167202,55644,3086065,0.367059,37814,4491826,0.534261,8407551
2,2021-04-30,95217,7350312,52637,3698268,40569,3385442,2011,266602,36927,1387554,0.165037,57799,3143864,0.373933,39592,4531418,0.53897,8407551
2,2021-05-01,62909,7413221,38386,3736654,22921,3408363,1602,268204,24510,1376459,0.163717,38057,3181921,0.37846,26962,4558380,0.542177,8407551
2,2021-05-02,29375,7442596,20450,3757104,7948,3416311,977,269181,11148,1370590,0.163019,18085,3200006,0.380611,12216,4570596,0.54363,8407551
2,2021-05-03,60852,7503448,36142,3793246,22643,3438954,2067,271248,20412,1353177,0.160948,40153,3240159,0.385387,22740,4593336,0.546335,8407551
2,2021-05-04,80281,7583729,47935,3841181,29938,3468892,2408,273656,26015,1328092,0.157964,53897,3294056,0.391797,28812,4622148,0.549762,8407551
2,2021-05-05,80917,7664646,48210,3889391,30343,3499235,2364,276020,25286,1300890,0.154729,55221,3349277,0.398365,28019,4650167,0.553094,8407551
2,2021-05-06,83333,7747979,50611,3940002,29786,3529021,2936,278956,25357,1272345,0.151334,57471,3406748,0.405201,28926,4679093,0.556535,8407551
2,2021-05-07,84075,7832054,48541,3988543,33103,3562124,2431,281387,25845,1243255,0.147874,57819,3464567,0.412078,28729,4707822,0.559952,8407551
2,2021-05-08,55901,7887955,33914,4022457,20260,3582384,1727,283114,17511,1225077,0.145712,38144,3502711,0.416615,19966,4727788,0.562326,8407551
2,2021-05-09,21934,7909889,15797,4038254,5387,3587771,750,283864,6346,1216909,0.14474,15493,3518204,0.418458,7325,4735113,0.563198,8407551
2,2021-05-10,50457,7960346,27507,4065761,21062,3608833,1888,285752,14213,1197639,0.142448,35972,3554176,0.422736,16702,4751815,0.565184,8407551
2,2021-05-11,66604,8026950,36114,4101875,28353,3637186,2137,287889,20038,1174261,0.139667,46244,3600420,0.428236,22866,4774681,0.567904,8407551
2,2021-05-12,65515,8092465,34922,4136797,28355,3665541,2238,290127,19252,1150221,0.136808,45942,3646362,0.433701,21902,4796583,0.570509,8407551
2,2021-05-13,71311,8163776,41453,4178250,27903,3693444,1955,292082,26071,1134057,0.134886,44928,3691290,0.439045,28764,4825347,0.57393,8407551
2,2021-05-14,80265,8244041,48127,4226377,29866,3723310,2272,294354,30814,1118715,0.133061,49070,3740360,0.444881,33728,4859075,0.577942,8407551
2,2021-05-15,66786,8310827,43883,4270260,21181,3744491,1722,296076,25894,1106104,0.131561,40629,3780989,0.449713,28018,4887093,0.581274,8407551
2,2021-05-16,31796,8342623,23791,4294051,7078,3751569,927,297003,12934,1101378,0.130999,18719,3799708,0.45194,13993,4901086,0.582939,8407551
2,2021-05-17,58234,8400857,36913,4330964,19363,3770932,1958,298961,22939,1091605,0.129836,35035,3834743,0.456107,25262,4926348,0.585943,8407551
2,2021-05-18,70418,8471275,41211,4372175,27236,3798168,1971,300932,27932,1079852,0.128438,42197,3876940,0.461126,30444,4956792,0.589564,8407551
2,2021-05-19,69163,8540438,40932,4413107,26213,3824381,2018,302950,27345,1068193,0.127052,41494,3918434,0.466061,29835,4986627,0.593113,8407551
2,2021-05-20,69890,8610328,40565,4453672,27133,3851514,2192,305142,26584,1054611,0.125436,42956,3961390,0.47117,29374,5016001,0.596607,8407551
2,2021-05-21,73473,8683801,43406,4497078,27896,3879410,2171,307313,27918,1040078,0.123708,45183,4006573,0.476545,30650,5046651,0.600252,8407551
2,2021-05-22,53876,8737677,34213,4531291,17889,3897299,1774,309087,22476,1033710,0.12295,31158,4037731,0.480251,24790,5071441,0.603201,8407551
2,2021-05-23,24449,8762126,16679,4547970,7044,3904343,726,309813,10249,1030754,0.122599,14072,4051803,0.481924,11116,5082557,0.604523,8407551
2,2021-05-24,45129,8807255,25678,4573648,17670,3922013,1781,311594,17345,1022675,0.121638,27546,4079349,0.485201,19467,5102024,0.606838,8407551
2,2021-05-25,50929,8858184,29820,4603468,19238,3941251,1871,313465,19342,1013154,0.120505,31273,4110622,0.48892,21752,5123776,0.609426,8407551
2,2021-05-26,48788,8906972,27335,4630803,19767,3961018,1686,315151,19032,1004795,0.119511,29416,4140038,0.492419,21057,5144833,0.61193,8407551
2,2021-05-27,46629,8953601,26438,4657241,18455,3979473,1736,316887,18589,997834,0.118683,27789,4167827,0.495724,20828,5165661,0.614407,8407551
2,2021-05-28,50159,9003760,27732,4684973,20449,3999922,1978,318865,21023,992394,0.118036,28874,4196701,0.499159,23434,5189095,0.617195,8407551
2,2021-05-29,29021,9032781,17399,4702372,10561,4010483,1061,319926,13231,991234,0.117898,15629,4212330,0.501017,14469,5203564,0.618916,8407551
2,2021-05-30,12687,9045468,8182,4710554,3738,4014221,767,320693,5529,990499,0.117811,7097,4219427,0.501862,6362,5209926,0.619672,8407551
2,2021-05-31,5908,9051376,3454,4714008,2150,4016371,304,320997,1836,988676,0.117594,4012,4223439,0.502339,2189,5212115,0.619933,8407551
2,2021-06-01,44847,9096223,25759,4739767,17422,4033793,1666,322663,15581,977346,0.116246,28946,4252385,0.505782,17616,5229731,0.622028,8407551
2,2021-06-02,38259,9134482,22502,4762269,14338,4048131,1419,324082,14945,970966,0.115487,23045,4275430,0.508523,16665,5246396,0.62401,8407551
2,2021-06-03,41407,9175889,26658,4788927,13274,4061405,1475,325557,13899,959466,0.11412,27260,4302690,0.511765,15760,5262156,0.625885,8407551
2,2021-06-04,48070,9223959,31411,4820338,15113,4076518,1546,327103,15477,944728,0.112367,32284,4334974,0.515605,17546,5279702,0.627971,8407551
2,2021-06-05,37918,9261877,27054,4847392,9397,4085915,1467,328570,11774,932486,0.110911,25907,4360881,0.518686,13665,5293367,0.629597,8407551
2,2021-06-06,14942,9276819,12259,4859651,2104,4088019,579,329149,4651,927684,0.110339,10225,4371106,0.519902,5423,5298790,0.630242,8407551
2,2021-06-07,33310,9310129,23301,4882952,8731,4096750,1278,330427,10801,917649,0.109146,22353,4393459,0.522561,12318,5311108,0.631707,8407551
2,2021-06-08,40651,9350780,28775,4911727,10509,4107259,1367,331794,12446,903888,0.107509,27958,4421417,0.525886,14197,5325305,0.633396,8407551
2,2021-06-09,38155,9388935,26639,4938366,10018,4117277,1498,333292,11516,890786,0.105951,26443,4447860,0.529032,13341,5338646,0.634982,8407551
2,2021-06-10,37787,9426722,26281,4964647,9975,4127252,1531,334823,11565,878331,0.104469,26026,4473886,0.532127,13571,5352217,0.636596,8407551
2,2021-06-11,41285,9468007,27409,4992056,12206,4139458,1670,336493,13168,865621,0.102958,27851,4501737,0.53544,15141,5367358,0.638397,8407551
2,2021-06-12,29500,9497507,21723,5013779,6863,4146321,914,337407,8646,854703,0.101659,20711,4522448,0.537903,9793,5377151,0.639562,8407551
2,2021-06-13,12217,9509724,8922,5022701,2677,4148998,618,338025,3090,849516,0.101042,9063,4531511,0.538981,3876,5381027,0.640023,8407551
2,2021-06-14,29916,9539640,21226,5043927,7490,4156488,1200,339225,10309,841794,0.100124,19435,4550946,0.541293,11713,5392740,0.641416,8407551
2,2021-06-15,35581,9575221,23680,5067607,9852,4166340,2049,341274,11948,832787,0.099052,23384,4574330,0.544074,14377,5407117,0.643126,8407551
2,2021-06-16,33025,9608246,22793,5090400,8437,4174777,1795,343069,11390,824821,0.098105,21466,4595796,0.546627,13500,5420617,0.644732,8407551
2,2021-06-17,30839,9639085,20605,5111005,8433,4183210,1801,344870,10888,817942,0.097287,19777,4615573,0.548979,12898,5433515,0.646266,8407551
2,2021-06-18,34777,9673862,22932,5133937,9969,4193179,1876,346746,12650,810816,0.096439,21906,4637479,0.551585,14780,5448295,0.648024,8407551
2,2021-06-19,20953,9694815,14599,5148536,5096,4198275,1258,348004,7918,807318,0.096023,12872,4650351,0.553116,9374,5457669,0.649139,8407551
2,2021-06-20,8295,9703110,5932,5154468,1898,4200173,465,348469,3067,805734,0.095835,5185,4655536,0.553733,3601,5461270,0.649567,8407551
2,2021-06-21,19345,9722455,11843,5166311,6180,4206353,1322,349791,9884,807780,0.096078,9340,4664876,0.554844,11386,5472656,0.650922,8407551
2,2021-06-22,26891,9749346,18423,5184734,7090,4213443,1378,351169,10540,803790,0.095603,16182,4681058,0.556768,12192,5484848,0.652372,8407551
2,2021-06-23,25916,9775262,17886,5202620,6401,4219844,1629,352798,10551,801039,0.095276,15225,4696283,0.558579,12474,5497322,0.653855,8407551
2,2021-06-24,25346,9800608,17255,5219875,6570,4226414,1521,354319,10444,798485,0.094972,14753,4711036,0.560334,12199,5509521,0.655306,8407551
2,2021-06-25,28749,9829357,19486,5239361,7770,4234184,1493,355812,12000,795628,0.094633,16588,4727624,0.562307,13731,5523252,0.656939,8407551
2,2021-06-26,18525,9847882,13654,5253015,3943,4238127,928,356740,7534,793445,0.094373,10901,4738525,0.563603,8718,5531970,0.657976,8407551
2,2021-06-27,8796,9856678,6716,5259731,1632,4239759,448,357188,3525,792325,0.09424,5218,4743743,0.564224,4098,5536068,0.658464,8407551
2,2021-06-28,19766,9876444,15016,5274747,3508,4243267,1242,358430,8705,791532,0.094145,10931,4754674,0.565524,10138,5546206,0.65967,8407551
2,2021-06-29,22646,9899090,15786,5290533,5789,4249056,1071,359501,9661,789648,0.093921,12850,4767524,0.567053,10966,5557172,0.660974,8407551
2,2021-06-30,21869,9920959,15504,5306037,5343,4254399,1022,360523,9722,788615,0.093798,12006,4779530,0.568481,10973,5568145,0.662279,8407551
2,2021-07-01,19750,9940709,13945,5319982,4920,4259319,885,361408,8760,787599,0.093678,10864,4790394,0.569773,9848,5577993,0.66345,8407551
2,2021-07-02,22690,9963399,15643,5335625,6023,4265342,1024,362432,10022,786335,0.093527,12511,4802905,0.571261,11247,5589240,0.664788,8407551
2,2021-07-03,12441,9975840,8975,5344600,2997,4268339,469,362901,5683,785945,0.093481,6663,4809568,0.572053,6273,5595513,0.665534,8407551
2,2021-07-04,1009,9976849,593,5345193,349,4268688,67,362968,433,785903,0.093476,565,4810133,0.572121,523,5596036,0.665596,8407551
2,2021-07-05,11013,9987862,8059,5353252,2546,4271234,408,363376,5050,785588,0.093438,5900,4816033,0.572822,5585,5601621,0.666261,8407551
2,2021-07-06,23553,10011415,17129,5370381,5446,4276680,978,364354,9092,781610,0.092965,14318,4830351,0.574525,10340,5611961,0.667491,8407551
2,2021-07-07,20451,10031866,14592,5384973,4762,4281442,1097,365451,8677,780012,0.092775,11635,4841986,0.575909,10037,5621998,0.668684,8407551
2,2021-07-08,19043,10050909,13267,5398240,4741,4286183,1035,366486,8029,778366,0.092579,10913,4852899,0.577207,9267,5631265,0.669787,8407551
2,2021-07-09,22339,10073248,15468,5413708,5623,4291806,1248,367734,9422,776452,0.092352,12782,4865681,0.578728,10868,5642133,0.671079,8407551
2,2021-07-10,14110,10087358,10405,5424113,3021,4294827,684,368418,6179,775635,0.092255,7839,4873520,0.57966,7022,5649155,0.671914,8407551
2,2021-07-11,6541,10093899,4806,5428919,1386,4296213,349,368767,3078,775713,0.092264,3419,4876939,0.580067,3497,5652652,0.67233,8407551
2,2021-07-12,18115,10112014,13326,5442245,3925,4300138,864,369631,7783,774339,0.0921,10221,4887160,0.581282,8847,5661499,0.673383,8407551
2,2021-07-13,19356,10131370,13652,5455897,4820,4304958,884,370515,8656,773514,0.092002,10559,4897719,0.582538,9734,5671233,0.67454,8407551
2,2021-07-14,18534,10149904,13230,5469127,4525,4309483,779,371294,8270,772634,0.091898,10138,4907857,0.583744,9258,5680491,0.675642,8407551
2,2021-07-15,18651,10168555,13544,5482671,4414,4313897,693,371987,8476,771956,0.091817,10062,4917919,0.584941,9384,5689875,0.676758,8407551
2,2021-07-16,22615,10191170,16279,5498950,5509,4319406,827,372814,10812,772123,0.091837,11674,4929593,0.586329,11841,5701716,0.678166,8407551
2,2021-07-17,14212,10205382,10349,5509299,3332,4322738,531,373345,6860,772389,0.091868,7260,4936853,0.587193,7526,5709242,0.679061,8407551
2,2021-07-18,6961,10212343,5199,5514498,1435,4324173,327,373672,3521,772908,0.09193,3397,4940250,0.587597,3916,5713158,0.679527,8407551
2,2021-07-19,18320,10230663,13668,5528166,3917,4328090,735,374407,9110,773842,0.092041,9094,4949344,0.588678,10028,5723186,0.68072,8407551
2,2021-07-20,20627,10251290,14703,5542869,5090,4333180,834,375241,10435,775270,0.092211,10059,4959403,0.589875,11487,5734673,0.682086,8407551
2,2021-07-21,20165,10271455,14673,5557542,4734,4337914,758,375999,10443,777070,0.092425,9596,4968999,0.591016,11396,5746069,0.683441,8407551
2,2021-07-22,20106,10291561,14362,5571904,4897,4342811,847,376846,10744,779617,0.092728,9218,4978217,0.592113,11765,5757834,0.684841,8407551
2,2021-07-23,24146,10315707,16912,5588816,6199,4349010,1035,377881,13157,783170,0.093151,10835,4989052,0.593401,14388,5772222,0.686552,8407551
2,2021-07-24,14604,10330311,10530,5599346,3583,4352593,491,378372,8150,785576,0.093437,6349,4995401,0.594156,8755,5780977,0.687593,8407551
2,2021-07-25,6599,10336910,4845,5604191,1618,4354211,136,378508,4876,788948,0.093838,1680,4997081,0.594356,5052,5786029,0.688194,8407551
2,2021-07-26,18737,10355647,13231,5617422,4748,4358959,758,379266,11853,794918,0.094548,6767,5003848,0.595161,12737,5798766,0.689709,8407551
2,2021-07-27,22507,10378154,16307,5633729,5361,4364320,839,380105,13205,799962,0.095148,9151,5012999,0.59625,14195,5812961,0.691398,8407551
2,2021-07-28,22361,10400515,16005,5649734,5464,4369784,892,380997,13217,805273,0.09578,8981,5021980,0.597318,14292,5827253,0.693098,8407551
2,2021-07-29,21199,10421714,15203,5664937,5084,4374868,912,381909,12793,810858,0.096444,8267,5030247,0.598301,13852,5841105,0.694745,8407551
2,2021-07-30,25845,10447559,18434,5683371,6477,4381345,934,382843,15502,817342,0.097215,10154,5040401,0.599509,16638,5857743,0.696724,8407551
2,2021-07-31,15524,10463083,11455,5694826,3574,4384919,495,383338,9389,821346,0.097691,6012,5046413,0.600224,10016,5867759,0.697915,8407551
2,2021-08-01,7910,10470993,6095,5700921,1646,4386565,169,383507,5161,824047,0.098013,2691,5049104,0.600544,5392,5873151,0.698557,8407551
2,2021-08-02,21047,10492040,15850,5716771,4447,4391012,750,384257,13330,830666,0.0988,7575,5056679,0.601445,14194,5887345,0.700245,8407551
2,2021-08-03,23726,10515766,17312,5734083,5420,4396432,994,385251,14766,837739,0.099641,8815,5065494,0.602493,15888,5903233,0.702135,8407551
2,2021-08-04,22406,10538172,16604,5750687,4961,4401393,841,386092,13952,844315,0.100423,8315,5073809,0.603482,14891,5918124,0.703906,8407551
2,2021-08-05,22727,10560899,16720,5767407,5121,4406514,886,386978,14048,850851,0.101201,8511,5082320,0.604495,15047,5933171,0.705696,8407551
2,2021-08-06,27116,10588015,19860,5787267,6299,4412813,957,387935,16508,858014,0.102053,10425,5092745,0.605735,17588,5950759,0.707787,8407551
2,2021-08-07,16596,10604611,12343,5799610,3666,4416479,587,388522,10155,862502,0.102587,6334,5099079,0.606488,10822,5961581,0.709075,8407551
2,2021-08-08,9247,10613858,7001,5806611,2020,4418499,226,388748,5763,865132,0.102899,3401,5102480,0.606893,6031,5967612,0.709792,8407551
2,2021-08-09,22915,10636773,17621,5824232,4556,4423055,738,389486,13862,870959,0.103592,8898,5111378,0.607951,14725,5982337,0.711543,8407551
2,2021-08-10,23909,10660682,17654,5841886,5441,4428496,814,390300,14066,876306,0.104228,9671,5121049,0.609101,15018,5997355,0.71333,8407551
2,2021-08-11,21426,10682108,16046,5857932,4509,4433005,871,391171,12447,880904,0.104775,8814,5129863,0.610149,13412,6010767,0.714925,8407551
2,2021-08-12,22880,10704988,16481,5874413,5418,4438423,981,392152,13309,885924,0.105372,9370,5139233,0.611264,14390,6025157,0.716636,8407551
2,2021-08-13,14247,10719235,10470,5884883,2921,4441344,856,393008,7893,888621,0.105693,6204,5145437,0.612002,8901,6034058,0.717695,8407551
3,2020-12-15,336,336,336,336,0,0,0,0,336,336,4.1e-05,0,0,0.0,336,336,4.1e-05,8129050
3,2020-12-16,2494,2830,2494,2830,0,0,0,0,2495,2831,0.000348,0,0,0.0,2495,2831,0.000348,8129050
3,2020-12-17,7908,10738,7908,10738,0,0,0,0,7908,10739,0.001321,0,0,0.0,7908,10739,0.001321,8129050
3,2020-12-18,13514,24252,13493,24231,21,21,0,0,13512,24251,0.002983,0,0,0.0,13512,24251,0.002983,8129050
3,2020-12-19,7277,31529,7264,31495,13,34,0,0,7340,31591,0.003886,0,0,0.0,7340,31591,0.003886,8129050
3,2020-12-20,5683,37212,5670,37165,13,47,0,0,5730,37320,0.004591,1,1,0.0,5730,37321,0.004591,8129050
3,2020-12-21,14415,51627,14388,51553,27,74,0,0,14479,51798,0.006372,1,2,0.0,14479,51800,0.006372,8129050
3,2020-12-22,14877,66504,14281,65834,596,670,0,0,14914,66709,0.008206,3,5,1e-06,14914,66714,0.008207,8129050
3,2020-12-23,14923,81427,12290,78124,2633,3303,0,0,14939,81647,0.010044,2,7,1e-06,14940,81654,0.010045,8129050
3,2020-12-24,6830,88257,4891,83015,1939,5242,0,0,6827,88472,0.010883,2,9,1e-06,6827,88481,0.010885,8129050
3,2020-12-25,736,88993,675,83690,61,5303,0,0,734,89206,0.010974,0,9,1e-06,734,89215,0.010975,8129050
3,2020-12-26,4652,93645,3015,86705,1637,6940,0,0,4650,93856,0.011546,0,9,1e-06,4650,93865,0.011547,8129050
3,2020-12-27,3018,96663,1868,88573,1150,8090,0,0,3018,96874,0.011917,0,9,1e-06,3018,96883,0.011918,8129050
3,2020-12-28,13734,110397,8774,97347,4960,13050,0,0,13758,110631,0.013609,1,10,1e-06,13758,110641,0.013611,8129050
3,2020-12-29,15340,125737,8691,106038,6649,19699,0,0,15365,125994,0.015499,2,12,1e-06,15365,126006,0.015501,8129050
3,2020-12-30,18223,143960,10148,116186,8075,27774,0,0,18229,144222,0.017742,2,14,2e-06,18230,144236,0.017743,8129050
3,2020-12-31,8511,152471,3260,119446,5251,33025,0,0,8511,152731,0.018788,2,16,2e-06,8511,152747,0.01879,8129050
3,2021-01-01,1789,154260,852,120298,937,33962,0,0,1784,154514,0.019008,1,17,2e-06,1784,154531,0.01901,8129050
3,2021-01-02,4978,159238,2441,122739,2537,36499,0,0,4977,159491,0.01962,0,17,2e-06,4977,159508,0.019622,8129050
3,2021-01-03,1633,160871,860,123599,773,37272,0,0,1624,161113,0.019819,2,19,2e-06,1624,161132,0.019822,8129050
3,2021-01-04,12118,172989,6002,129601,6116,43388,0,0,12088,173193,0.021305,8,27,3e-06,12088,173220,0.021309,8129050
3,2021-01-05,15837,188826,8200,137801,7637,51025,0,0,14151,185708,0.022845,1668,1695,0.000209,14183,187403,0.023053,8129050
3,2021-01-06,20708,209534,10959,148760,9749,60774,0,0,16110,197281,0.024269,4549,6244,0.000768,16122,203525,0.025037,8129050
3,2021-01-07,26775,236309,15312,164072,11463,72237,0,0,17242,205046,0.025224,9495,15739,0.001936,17260,220785,0.02716,8129050
3,2021-01-08,30835,267144,18848,182920,11987,84224,0,0,18261,210785,0.02593,12549,28288,0.00348,18288,239073,0.02941,8129050
3,2021-01-09,12519,279663,7070,189990,5449,89673,0,0,7980,214241,0.026355,4533,32821,0.004037,7989,247062,0.030392,8129050
3,2021-01-10,7275,286938,4510,194500,2765,92438,0,0,4104,215183,0.026471,3169,35990,0.004427,4111,251173,0.030898,8129050
3,2021-01-11,29300,316238,19169,213669,10131,102569,0,0,16604,219152,0.026959,12686,48676,0.005988,16655,267828,0.032947,8129050
3,2021-01-12,32757,348995,19528,233197,13229,115798,0,0,20079,226729,0.027891,12654,61330,0.007545,20231,288059,0.035436,8129050
3,2021-01-13,34746,383741,18140,251337,16606,132404,0,0,24474,240979,0.029644,10255,71585,0.008806,24505,312564,0.03845,8129050
3,2021-01-14,34927,418668,14282,265619,20645,153049,0,0,28972,264078,0.032486,5913,77498,0.009533,29012,341576,0.042019,8129050
3,2021-01-15,39227,457895,14550,280169,24677,177726,0,0,34483,293918,0.036157,4720,82218,0.010114,34560,376136,0.046271,8129050
3,2021-01-16,21936,479831,7506,287675,14430,192156,0,0,19551,311119,0.038272,2373,84591,0.010406,19574,395710,0.048679,8129050
3,2021-01-17,13207,493038,4492,292167,8715,200871,0,0,12114,322159,0.039631,1092,85683,0.01054,12132,407842,0.050171,8129050
3,2021-01-18,24930,517968,13029,305196,11901,212772,0,0,19273,335836,0.041313,5645,91328,0.011235,19322,427164,0.052548,8129050
3,2021-01-19,41475,559443,21071,326267,20404,233176,0,0,32140,358772,0.044135,9296,100624,0.012378,32232,459396,0.056513,8129050
3,2021-01-20,46458,605901,23115,349382,23343,256519,0,0,36824,386099,0.047496,9584,110208,0.013557,36911,496307,0.061054,8129050
3,2021-01-21,48430,654331,20993,370375,27437,283956,0,0,42848,423516,0.052099,5514,115722,0.014236,42931,539238,0.066335,8129050
3,2021-01-22,50064,704395,19939,390314,30125,314081,0,0,45800,465156,0.057221,4234,119956,0.014756,45874,585112,0.071978,8129050
3,2021-01-23,30599,734994,12855,403169,17744,331825,0,0,27276,489178,0.060177,3314,123270,0.015164,27336,612448,0.075341,8129050
3,2021-01-24,18062,753056,8528,411697,9534,341359,0,0,16865,504881,0.062108,1193,124463,0.015311,16896,629344,0.077419,8129050
3,2021-01-25,41125,794181,18313,430010,22812,364171,0,0,31047,525975,0.064703,10048,134511,0.016547,31142,660486,0.08125,8129050
3,2021-01-26,47627,841808,22714,452724,24913,389084,0,0,37321,553133,0.068044,10273,144784,0.017811,37431,697917,0.085855,8129050
3,2021-01-27,51862,893670,24657,477381,27205,416289,0,0,41081,583588,0.07179,10709,155493,0.019128,41164,739081,0.090918,8129050
3,2021-01-28,52463,946133,24307,501688,28156,444445,0,0,43413,618101,0.076036,8961,164454,0.02023,43474,782555,0.096266,8129050
3,2021-01-29,51542,997675,24652,526340,26890,471335,0,0,41675,650141,0.079977,9686,174140,0.021422,41726,824281,0.101399,8129050
3,2021-01-30,37794,1035469,17806,544146,19988,491323,0,0,33043,678580,0.083476,4695,178835,0.021999,33134,857415,0.105475,8129050
3,2021-01-31,22854,1058323,12836,556982,10018,501341,0,0,21417,698601,0.085939,1420,180255,0.022174,21441,878856,0.108113,8129050
3,2021-02-01,46443,1104766,21211,578193,25232,526573,0,0,35396,723053,0.088947,10984,191239,0.023525,35436,914292,0.112472,8129050
3,2021-02-02,54871,1159637,22886,601079,31985,558558,0,0,42292,752925,0.092622,12474,203713,0.02506,42346,956638,0.117681,8129050
3,2021-02-03,60414,1220051,26830,627909,33584,592142,0,0,44904,782531,0.096264,15373,219086,0.026951,44979,1001617,0.123215,8129050
3,2021-02-04,64808,1284859,28063,655972,36745,628887,0,0,47447,812942,0.100005,17162,236248,0.029062,47573,1049190,0.129067,8129050
3,2021-02-05,70819,1355678,29906,685878,40913,669800,0,0,48887,840327,0.103373,21687,257935,0.03173,49072,1098262,0.135103,8129050
3,2021-02-06,43896,1399574,21038,706916,22858,692658,0,0,34171,865013,0.10641,9676,267611,0.03292,34362,1132624,0.13933,8129050
3,2021-02-07,19865,1419439,12625,719541,7240,699898,0,0,15238,875773,0.107734,4607,272218,0.033487,15367,1147991,0.141221,8129050
3,2021-02-08,51877,1471316,25047,744588,26830,726728,0,0,33978,892192,0.109754,17758,289976,0.035672,34177,1182168,0.145425,8129050
3,2021-02-09,59122,1530438,28639,773227,30483,757211,0,0,34545,902797,0.111058,24295,314271,0.03866,34900,1217068,0.149718,8129050
3,2021-02-10,68762,1599200,32015,805242,36747,793958,0,0,36834,908535,0.111764,31622,345893,0.04255,37360,1254428,0.154314,8129050
3,2021-02-11,71199,1670399,34974,840216,36225,830183,0,0,37796,913842,0.112417,33045,378938,0.046615,38352,1292780,0.159032,8129050
3,2021-02-12,75979,1746378,32757,872973,43222,873405,0,0,41828,922613,0.113496,33835,412773,0.050778,42606,1335386,0.164273,8129050
3,2021-02-13,45478,1791856,20594,893567,24884,898289,0,0,26148,930144,0.114422,19208,431981,0.05314,26739,1362125,0.167563,8129050
3,2021-02-14,27566,1819422,13748,907315,13818,912107,0,0,15288,933692,0.114859,12209,444190,0.054642,15757,1377882,0.169501,8129050
3,2021-02-15,40500,1859922,17451,924766,23049,935156,0,0,22343,938953,0.115506,18039,462229,0.056861,23300,1401182,0.172367,8129050
3,2021-02-16,70751,1930673,33472,958238,37279,972435,0,0,36667,942737,0.115971,33934,496163,0.061036,37718,1438900,0.177007,8129050
3,2021-02-17,72621,2003294,36671,994909,35950,1008385,0,0,34372,940180,0.115657,38001,534164,0.065711,35444,1474344,0.181367,8129050
3,2021-02-18,77735,2081029,40581,1035490,37154,1045539,0,0,35858,935725,0.115109,41666,575830,0.070836,37211,1511555,0.185945,8129050
3,2021-02-19,69825,2150854,40237,1075727,29588,1075127,0,0,35185,937128,0.115281,34464,610294,0.075076,35867,1547422,0.190357,8129050
3,2021-02-20,43447,2194301,27401,1103128,16046,1091173,0,0,22588,939519,0.115575,20731,631025,0.077626,23122,1570544,0.193201,8129050
3,2021-02-21,24448,2218749,19627,1122755,4821,1095994,0,0,11789,939170,0.115533,12553,643578,0.07917,12204,1582748,0.194703,8129050
3,2021-02-22,47911,2266660,31192,1153947,16719,1112713,0,0,22414,936751,0.115235,25337,668915,0.082287,22918,1605666,0.197522,8129050
3,2021-02-23,63995,2330655,34772,1188719,29223,1141936,0,0,27868,930752,0.114497,35880,704795,0.086701,29881,1635547,0.201198,8129050
3,2021-02-24,80188,2410843,39388,1228107,40800,1182736,0,0,35318,924018,0.113669,44602,749397,0.092188,37868,1673415,0.205856,8129050
3,2021-02-25,89917,2500760,43814,1271921,46103,1228839,0,0,44637,926320,0.113952,44958,794355,0.097718,47260,1720675,0.21167,8129050
3,2021-02-26,100985,2601745,46177,1318098,54808,1283647,0,0,53094,934200,0.114921,47449,841804,0.103555,55329,1776004,0.218476,8129050
3,2021-02-27,71600,2673345,32876,1350974,38720,1322367,4,4,37555,939293,0.115548,33796,875600,0.107712,38889,1814893,0.22326,8129050
3,2021-02-28,41753,2715098,24097,1375071,17651,1340018,5,9,21145,941026,0.115761,20390,895990,0.110221,22123,1837016,0.225982,8129050
3,2021-03-01,70582,2785680,37404,1412475,33125,1373143,53,62,39159,950456,0.116921,31161,927151,0.114054,40591,1877607,0.230975,8129050
3,2021-03-02,81984,2867664,40447,1452922,41523,1414666,14,76,47226,965257,0.118742,34577,961728,0.118308,49378,1926985,0.237049,8129050
3,2021-03-03,91944,2959608,44001,1496923,47911,1462577,32,108,51283,978485,0.120369,40403,1002131,0.123278,53631,1980616,0.243647,8129050
3,2021-03-04,96370,3055978,47134,1544057,49212,1511789,24,132,54476,993681,0.122238,41626,1043757,0.128398,56822,2037438,0.250637,8129050
3,2021-03-05,92652,3148630,45287,1589344,47067,1558856,298,430,56185,1016258,0.125016,36171,1079928,0.132848,58748,2096186,0.257864,8129050
3,2021-03-06,66363,3214993,33629,1622973,30567,1589423,2167,2597,37825,1029338,0.126625,28372,1108300,0.136338,41452,2137638,0.262963,8129050
3,2021-03-07,39424,3254417,22756,1645729,14755,1604178,1913,4510,22182,1037443,0.127622,17157,1125457,0.138449,25262,2162900,0.26607,8129050
3,2021-03-08,60556,3314973,28848,1674577,28696,1632874,3012,7522,38266,1058151,0.130169,22108,1147565,0.141168,42816,2205716,0.271337,8129050
3,2021-03-09,77793,3392766,35926,1710503,37370,1670244,4497,12019,41753,1069658,0.131585,35875,1183440,0.145582,47382,2253098,0.277166,8129050
3,2021-03-10,83909,3476675,41771,1752274,35983,1706227,6155,18174,43781,1081085,0.13299,39881,1223321,0.150488,51308,2304406,0.283478,8129050
3,2021-03-11,98166,3574841,48021,1800295,41469,1747696,8676,26850,47982,1088900,0.133952,49881,1273202,0.156624,57696,2362102,0.290575,8129050
3,2021-03-12,102941,3677782,45973,1846268,45029,1792725,11939,38789,47153,1093536,0.134522,55518,1328720,0.163453,60154,2422256,0.297975,8129050
3,2021-03-13,70972,3748754,29882,1876150,33788,1826513,7302,46091,37490,1106306,0.136093,33328,1362048,0.167553,46098,2468354,0.303646,8129050
3,2021-03-14,41539,3790293,21689,1897839,16280,1842793,3570,49661,20921,1110893,0.136657,20519,1382567,0.170077,25106,2493460,0.306734,8129050
3,2021-03-15,76307,3866600,36198,1934037,35526,1878319,4583,54244,40176,1120756,0.13787,35876,1418443,0.174491,45739,2539199,0.312361,8129050
3,2021-03-16,95708,3962308,44155,1978192,47194,1925513,4359,58603,53714,1137994,0.139991,41720,1460163,0.179623,58958,2598157,0.319614,8129050
3,2021-03-17,99094,4061402,48123,2026315,46403,1971916,4568,63171,60073,1164516,0.143254,38754,1498917,0.18439,65276,2663433,0.327644,8129050
3,2021-03-18,104367,4165769,53047,2079362,46766,2018682,4554,67725,59734,1185027,0.145777,44307,1543224,0.189841,64818,2728251,0.335617,8129050
3,2021-03-19,103976,4269745,55769,2135131,43717,2062399,4490,72215,57779,1201931,0.147856,45891,1589115,0.195486,62795,2791046,0.343342,8129050
3,2021-03-20,72453,4342198,37348,2172479,31418,2093817,3687,75902,44521,1222902,0.150436,27705,1616820,0.198894,48676,2839722,0.34933,8129050
3,2021-03-21,36566,4378764,24845,2197324,10205,2104022,1516,77418,21949,1232355,0.151599,14495,1631315,0.200677,23948,2863670,0.352276,8129050
3,2021-03-22,71073,4449837,41774,2239098,26768,2130790,2531,79949,45131,1255355,0.154428,25676,1656991,0.203836,48676,2912346,0.358264,8129050
3,2021-03-23,90480,4540317,50037,2289135,37884,2168674,2559,82508,55130,1278682,0.157298,35055,1692046,0.208148,58382,2970728,0.365446,8129050
3,2021-03-24,99479,4639796,57241,2346376,39288,2207962,2950,85458,56198,1295542,0.159372,42886,1734932,0.213424,59746,3030474,0.372796,8129050
3,2021-03-25,108170,4747966,60069,2406445,45104,2253066,2997,88455,60520,1312419,0.161448,47279,1782211,0.21924,64156,3094630,0.380688,8129050
3,2021-03-26,111590,4859556,59837,2466282,48384,2301450,3369,91824,57089,1319585,0.16233,54129,1836340,0.225898,61295,3155925,0.388228,8129050
3,2021-03-27,75161,4934717,38191,2504473,34407,2335857,2563,94387,36150,1320202,0.162405,38755,1875095,0.230666,39372,3195297,0.393071,8129050
3,2021-03-28,44713,4979430,28166,2532639,15726,2351583,821,95208,22432,1321952,0.162621,22147,1897242,0.23339,23897,3219194,0.396011,8129050
3,2021-03-29,81482,5060912,42568,2575207,37053,2388636,1861,97069,44288,1332037,0.163861,36908,1934150,0.237931,46993,3266187,0.401792,8129050
3,2021-03-30,101064,5161976,49678,2624885,47724,2436360,3662,100731,56274,1348075,0.165834,44501,1978651,0.243405,60539,3326726,0.409239,8129050
3,2021-03-31,105753,5267729,57025,2681910,43843,2480203,4885,105616,56233,1360266,0.167334,49242,2027893,0.249462,61433,3388159,0.416796,8129050
3,2021-04-01,124722,5392451,63028,2744938,51860,2532063,9834,115450,66897,1379882,0.169747,57353,2085246,0.256518,76969,3465128,0.426265,8129050
3,2021-04-02,118655,5511106,57887,2802825,50343,2582406,10425,125875,62224,1396845,0.171834,56104,2141350,0.263419,73067,3538195,0.435253,8129050
3,2021-04-03,76509,5587615,39150,2841975,28086,2610492,9273,135148,38006,1406079,0.17297,38324,2179674,0.268134,47558,3585753,0.441104,8129050
3,2021-04-04,32585,5620200,17426,2859401,10915,2621407,4244,139392,14227,1406275,0.172994,18270,2197944,0.270381,18466,3604219,0.443375,8129050
3,2021-04-05,90213,5710413,45782,2905183,35112,2656519,9319,148711,43709,1413843,0.173925,46251,2244195,0.276071,53819,3658038,0.449996,8129050
3,2021-04-06,114190,5824603,55563,2960746,43327,2699846,15300,164011,53443,1422806,0.175027,60439,2304634,0.283506,69402,3727440,0.458533,8129050
3,2021-04-07,116965,5941568,60508,3021254,40077,2739923,16380,180391,56296,1435333,0.176568,60382,2365016,0.290934,72909,3800349,0.467502,8129050
3,2021-04-08,122060,6063628,60784,3082038,41002,2780925,20274,200665,56475,1447544,0.178071,65249,2430265,0.298961,77460,3877809,0.477031,8129050
3,2021-04-09,119227,6182855,59348,3141386,40586,2821511,19293,219958,52268,1453255,0.178773,66677,2496942,0.307163,72388,3950197,0.485936,8129050
3,2021-04-10,84812,6267667,38052,3179438,31396,2852907,15364,235322,34456,1453684,0.178826,50151,2547093,0.313332,50580,4000777,0.492158,8129050
3,2021-04-11,45507,6313174,24358,3203796,13071,2865978,8078,243400,17273,1451703,0.178582,28128,2575221,0.316792,26147,4026924,0.495374,8129050
3,2021-04-12,84467,6397641,42650,3246446,32937,2898915,8880,252280,38066,1453581,0.178813,46134,2621355,0.322468,48012,4074936,0.501281,8129050
3,2021-04-13,106013,6503654,57380,3303826,48421,2947336,212,252492,55722,1460385,0.17965,50017,2671372,0.32862,56821,4131757,0.508271,8129050
3,2021-04-14,108181,6611835,59150,3362976,48923,2996259,108,252600,53690,1461455,0.179782,54167,2725539,0.335284,55237,4186994,0.515066,8129050
3,2021-04-15,119872,6731707,67401,3430377,52385,3048644,86,252686,63766,1470375,0.180879,55746,2781285,0.342141,64666,4251660,0.523021,8129050
3,2021-04-16,116060,6847767,65035,3495412,50927,3099571,98,252784,60348,1476115,0.181585,55374,2836659,0.348953,61114,4312774,0.530539,8129050
3,2021-04-17,79857,6927624,43509,3538921,36333,3135904,15,252799,44363,1486225,0.182829,35242,2871901,0.353289,45352,4358126,0.536118,8129050
3,2021-04-18,39008,6966632,23563,3562484,15435,3151339,10,252809,18246,1484732,0.182645,20631,2892532,0.355827,19138,4377264,0.538472,8129050
3,2021-04-19,79595,7046227,44285,3606769,35250,3186589,60,252869,35684,1477307,0.181732,43683,2936215,0.3612,36258,4413522,0.542932,8129050
3,2021-04-20,101248,7147475,53268,3660037,47958,3234547,22,252891,48780,1474977,0.181445,52173,2988388,0.367618,49843,4463365,0.549064,8129050
3,2021-04-21,106429,7253904,59761,3719798,46588,3281135,80,252971,50095,1470321,0.180872,55922,3044310,0.374498,51266,4514631,0.55537,8129050
3,2021-04-22,112588,7366492,63270,3783068,49289,3330424,29,253000,48243,1455596,0.179061,63956,3108266,0.382365,49231,4563862,0.561426,8129050
3,2021-04-23,106840,7473332,61125,3844193,45683,3376107,32,253032,46691,1443575,0.177582,59762,3168028,0.389717,47741,4611603,0.567299,8129050
3,2021-04-24,74352,7547684,45864,3890057,28415,3404522,73,253105,36140,1442886,0.177497,37911,3205939,0.394381,37222,4648825,0.571878,8129050
3,2021-04-25,37144,7584828,23708,3913765,13418,3417940,18,253123,18929,1444191,0.177658,18048,3223987,0.396601,19353,4668178,0.574259,8129050
3,2021-04-26,74414,7659242,42069,3955834,31930,3449870,415,253538,31670,1435179,0.176549,42451,3266438,0.401823,33439,4701617,0.578372,8129050
3,2021-04-27,91596,7750838,48091,4003925,41749,3491619,1756,255294,36240,1418927,0.17455,55023,3321461,0.408592,38771,4740388,0.583142,8129050
3,2021-04-28,87336,7838174,49645,4053570,35540,3527159,2151,257445,35572,1405750,0.172929,51441,3372902,0.41492,38264,4778652,0.587849,8129050
3,2021-04-29,89693,7927867,51265,4104835,36199,3563358,2229,259674,31947,1383033,0.170135,57377,3430279,0.421978,34660,4813312,0.592112,8129050
3,2021-04-30,91268,8019135,51513,4156348,37263,3600621,2492,262166,33918,1362948,0.167664,56959,3487238,0.428985,36874,4850186,0.596649,8129050
3,2021-05-01,55844,8074979,35018,4191366,19338,3619959,1488,263654,20101,1349582,0.16602,35445,3522683,0.433345,22079,4872265,0.599365,8129050
3,2021-05-02,27117,8102096,18517,4209883,7576,3627535,1024,264678,9925,1343556,0.165278,17075,3539758,0.435445,11049,4883314,0.600724,8129050
3,2021-05-03,60165,8162261,35326,4245209,22452,3649987,2387,267065,17540,1321286,0.162539,42377,3582135,0.440659,20107,4903421,0.603197,8129050
3,2021-05-04,77999,8240260,45092,4290301,30214,3680201,2693,269758,22628,1291828,0.158915,55053,3637188,0.447431,25595,4929016,0.606346,8129050
3,2021-05-05,79555,8319815,47755,4338056,29081,3709282,2719,272477,22001,1259656,0.154957,57189,3694377,0.454466,25017,4954033,0.609423,8129050
3,2021-05-06,83848,8403663,53076,4391132,28230,3737512,2542,275019,20697,1220792,0.150176,62645,3757022,0.462172,23781,4977814,0.612349,8129050
3,2021-05-07,82870,8486533,51631,4442763,28591,3766103,2648,277667,21984,1185213,0.1458,60511,3817533,0.469616,24932,5002746,0.615416,8129050
3,2021-05-08,52928,8539461,32815,4475578,18385,3784488,1728,279395,14012,1162585,0.143016,38632,3856165,0.474368,16004,5018750,0.617385,8129050
3,2021-05-09,21068,8560529,15396,4490974,4878,3789366,794,280189,5513,1153503,0.141899,15456,3871621,0.47627,6374,5025124,0.618169,8129050
3,2021-05-10,48421,8608950,26049,4517023,20449,3809815,1923,282112,11224,1129923,0.138998,36979,3908600,0.480819,13399,5038523,0.619817,8129050
3,2021-05-11,64477,8673427,36168,4553191,26076,3835891,2233,284345,16199,1100808,0.135417,48011,3956611,0.486725,18896,5057419,0.622141,8129050
3,2021-05-12,65187,8738614,37463,4590654,25310,3861201,2414,286759,16631,1071905,0.131861,48267,4004878,0.492662,19364,5076783,0.624524,8129050
3,2021-05-13,75820,8814434,47785,4638439,26110,3887311,1925,288684,27663,1054231,0.129687,47894,4052772,0.498554,30220,5107003,0.628241,8129050
3,2021-05-14,80777,8895211,51005,4689444,27614,3914925,2158,290842,31271,1039069,0.127822,49194,4101966,0.504606,34032,5141035,0.632428,8129050
3,2021-05-15,62507,8957718,43108,4732552,18182,3933107,1217,292059,25837,1029913,0.126695,36444,4138410,0.509089,27288,5168323,0.635784,8129050
3,2021-05-16,33318,8991036,24914,4757466,7712,3940819,692,292751,13444,1024394,0.126016,19747,4158157,0.511518,14228,5182551,0.637535,8129050
3,2021-05-17,57218,9048254,36438,4793904,18926,3959745,1854,294605,21081,1011685,0.124453,35855,4194012,0.515929,23146,5205697,0.640382,8129050
3,2021-05-18,64763,9113017,38237,4832141,24652,3984397,1874,296479,24316,998118,0.122784,40156,4234168,0.520869,26589,5232286,0.643653,8129050
3,2021-05-19,64191,9177208,39018,4871159,23416,4007813,1757,298236,24823,985872,0.121278,39107,4273275,0.52568,26861,5259147,0.646957,8129050
3,2021-05-20,62071,9239279,36328,4907487,23884,4031697,1859,300095,22286,970880,0.119433,39476,4312751,0.530536,24484,5283631,0.649969,8129050
3,2021-05-21,66373,9305652,40339,4947826,23918,4055615,2116,302211,23719,954707,0.117444,42316,4355067,0.535741,26143,5309774,0.653185,8129050
3,2021-05-22,45923,9351575,30442,4978268,14006,4069621,1475,303686,19110,948959,0.116737,26589,4381656,0.539012,20841,5330615,0.655749,8129050
3,2021-05-23,21763,9373338,15061,4993329,6048,4075669,654,304340,9194,946442,0.116427,12479,4394135,0.540547,9962,5340577,0.656974,8129050
3,2021-05-24,39820,9413158,23303,5016632,14746,4090415,1771,306111,14772,938345,0.115431,24839,4418974,0.543603,16742,5357319,0.659034,8129050
3,2021-05-25,42887,9456045,24119,5040751,17077,4107492,1691,307802,15213,928092,0.11417,27390,4446364,0.546972,17137,5374456,0.661142,8129050
3,2021-05-26,42499,9498544,24308,5065059,16455,4123947,1736,309538,15896,919562,0.11312,26294,4472658,0.550207,17764,5392220,0.663327,8129050
3,2021-05-27,39419,9537963,22096,5087155,15565,4139512,1758,311296,15417,913155,0.112332,23832,4496490,0.553138,17425,5409645,0.665471,8129050
3,2021-05-28,42931,9580894,24260,5111415,16866,4156378,1805,313101,17835,908232,0.111727,24885,4521375,0.5562,19962,5429607,0.667926,8129050
3,2021-05-29,23490,9604384,14350,5125765,8300,4164678,840,313941,10974,907804,0.111674,12375,4533750,0.557722,11947,5441554,0.669396,8129050
3,2021-05-30,10636,9615020,6897,5132662,3102,4167780,637,314578,4466,906862,0.111558,6089,4539839,0.558471,5147,5446701,0.670029,8129050
3,2021-05-31,4671,9619691,2697,5135359,1708,4169488,266,314844,1465,905466,0.111386,3157,4542996,0.558859,1761,5448462,0.670246,8129050
3,2021-06-01,37780,9657471,21744,5157103,14590,4184078,1446,316290,13187,895949,0.110216,24344,4567340,0.561854,14827,5463289,0.67207,8129050
3,2021-06-02,31524,9688995,18111,5175214,11997,4196075,1416,317706,11656,889500,0.109422,19659,4586999,0.564272,13210,5476499,0.673695,8129050
3,2021-06-03,39637,9728632,27103,5202317,11096,4207171,1438,319144,11410,874540,0.107582,28046,4615045,0.567723,13086,5489585,0.675305,8129050
3,2021-06-04,46233,9774865,32703,5235020,11980,4219151,1550,320694,13129,856786,0.105398,32854,4647899,0.571764,15100,5504685,0.677162,8129050
3,2021-06-05,34365,9809230,25896,5260916,7282,4226433,1187,321881,8699,841415,0.103507,25454,4673353,0.574895,10083,5514768,0.678403,8129050
3,2021-06-06,14668,9823898,12236,5273152,1846,4228279,586,322467,3699,834962,0.102713,10905,4684258,0.576237,4452,5519220,0.67895,8129050
3,2021-06-07,30433,9854331,22113,5295265,7033,4235312,1287,323754,8706,823499,0.101303,21577,4705835,0.578891,10114,5529334,0.680194,8129050
3,2021-06-08,34358,9888689,24674,5319939,8394,4243706,1290,325044,9936,810742,0.099734,24211,4730046,0.581869,11454,5540788,0.681603,8129050
3,2021-06-09,33000,9921689,23935,5343874,7760,4251466,1305,326349,8852,797102,0.098056,23963,4754009,0.584817,10323,5551111,0.682873,8129050
3,2021-06-10,32534,9954223,23459,5367333,7543,4259009,1532,327881,8949,784356,0.096488,23425,4777434,0.587699,10679,5561790,0.684187,8129050
3,2021-06-11,35596,9989819,25162,5392495,9059,4268068,1375,329256,10558,771629,0.094922,24837,4802271,0.590754,12110,5573900,0.685677,8129050
3,2021-06-12,25234,10015053,19023,5411518,5318,4273386,893,330149,6676,760918,0.093605,18440,4820711,0.593023,7729,5581629,0.686627,8129050
3,2021-06-13,10144,10025197,7587,5419105,2067,4275453,490,330639,2358,756109,0.093013,7733,4828444,0.593974,2924,5584553,0.686987,8129050
3,2021-06-14,25827,10051024,18499,5437604,5901,4281354,1427,332066,8070,748124,0.092031,17624,4846068,0.596142,9639,5594192,0.688173,8129050
3,2021-06-15,28752,10079776,19452,5457056,7791,4289145,1509,333575,9639,740560,0.0911,18882,4864950,0.598465,11318,5605510,0.689565,8129050
3,2021-06-16,25907,10105683,18402,5475458,6089,4295234,1416,334991,8731,733866,0.090277,16993,4881943,0.600555,10299,5615809,0.690832,8129050
3,2021-06-17,24871,10130554,17807,5493265,5771,4301005,1293,336284,8624,727831,0.089535,16091,4898034,0.602535,10056,5625865,0.692069,8129050
3,2021-06-18,28037,10158591,19801,5513066,6661,4307666,1575,337859,9813,721396,0.088743,17991,4916025,0.604748,11556,5637421,0.693491,8129050
3,2021-06-19,16033,10174624,11777,5524843,3394,4311060,862,338721,5742,717945,0.088318,10164,4926189,0.605998,6713,5644134,0.694317,8129050
3,2021-06-20,6888,10181512,5166,5530009,1420,4312480,302,339023,2607,716683,0.088163,4224,4930413,0.606518,2962,5647096,0.694681,8129050
3,2021-06-21,16243,10197755,10247,5540256,4595,4317075,1401,340424,8085,718228,0.088353,8063,4938476,0.60751,9608,5656704,0.695863,8129050
3,2021-06-22,22106,10219861,15498,5555754,5310,4322385,1298,341722,8273,714251,0.087864,13704,4952180,0.609195,9727,5666431,0.697059,8129050
3,2021-06-23,20282,10240143,14210,5569964,4736,4327121,1336,343058,8038,711639,0.087543,12127,4964307,0.610687,9515,5675946,0.69823,8129050
3,2021-06-24,19967,10260110,13896,5583860,4618,4331739,1453,344511,7794,708997,0.087218,11998,4976305,0.612163,9356,5685302,0.699381,8129050
3,2021-06-25,23299,10283409,16528,5600388,5349,4337088,1422,345933,9099,705580,0.086797,14066,4990371,0.613894,10649,5695951,0.700691,8129050
3,2021-06-26,13890,10297299,10299,5610687,2818,4339906,773,346706,5790,704279,0.086637,8023,4998394,0.61488,6722,5702673,0.701518,8129050
3,2021-06-27,6690,10303989,5175,5615862,1206,4341112,309,347015,2857,703683,0.086564,3797,5002191,0.615348,3201,5705874,0.701912,8129050
3,2021-06-28,15897,10319886,12202,5628064,2612,4343724,1083,348098,6690,702468,0.086415,9094,5011285,0.616466,7879,5713753,0.702881,8129050
3,2021-06-29,17971,10337857,12651,5640715,4313,4348037,1007,349105,7351,700460,0.086168,10498,5021783,0.617758,8490,5722243,0.703925,8129050
3,2021-06-30,16969,10354826,12007,5652722,3920,4351957,1042,350147,7289,699396,0.086037,9544,5031327,0.618932,8480,5730723,0.704968,8129050
3,2021-07-01,16219,10371045,11545,5664267,3605,4355562,1069,351216,6817,698085,0.085875,9297,5040624,0.620075,7986,5738709,0.705951,8129050
3,2021-07-02,18389,10389434,13084,5677351,4202,4359764,1103,352319,7838,696686,0.085703,10438,5051062,0.621359,9039,5747748,0.707063,8129050
3,2021-07-03,10026,10399460,7235,5684586,2353,4362117,438,352757,4294,695854,0.085601,5668,5056730,0.622057,4836,5752584,0.707658,8129050
3,2021-07-04,727,10400187,428,5685014,212,4362329,87,352844,279,695795,0.085594,441,5057171,0.622111,382,5752966,0.707705,8129050
3,2021-07-05,9511,10409698,6951,5691965,2137,4364466,423,353267,4302,695442,0.08555,5141,5062312,0.622743,4788,5757754,0.708294,8129050
3,2021-07-06,18964,10428662,13738,5705703,4109,4368575,1117,354384,6864,691593,0.085077,11954,5074266,0.624214,8105,5765859,0.709291,8129050
3,2021-07-07,15627,10444289,11072,5716775,3443,4372018,1112,355496,6296,689881,0.084866,9227,5083493,0.625349,7515,5773374,0.710215,8129050
3,2021-07-08,15254,10459543,11006,5727781,3251,4375269,997,356493,6187,688192,0.084658,8962,5092455,0.626451,7273,5780647,0.71111,8129050
3,2021-07-09,17508,10477051,12200,5739981,4093,4379362,1215,357708,7227,686583,0.08446,10163,5102618,0.627702,8554,5789201,0.712162,8129050
3,2021-07-10,10768,10487819,7919,5747900,2186,4381548,663,358371,4569,685770,0.08436,6133,5108751,0.628456,5320,5794521,0.712817,8129050
3,2021-07-11,5098,10492917,3768,5751668,1055,4382603,275,358646,2297,685610,0.084341,2752,5111503,0.628795,2592,5797113,0.713135,8129050
3,2021-07-12,14314,10507231,10436,5762104,2877,4385480,1001,359647,5712,683869,0.084127,8524,5120027,0.629843,6783,5803896,0.71397,8129050
3,2021-07-13,15040,10522271,10620,5772724,3510,4388990,910,360557,6579,683076,0.084029,8364,5128391,0.630872,7571,5811467,0.714901,8129050
3,2021-07-14,14337,10536608,10158,5782882,3256,4392246,923,361480,6386,682596,0.08397,7850,5136241,0.631838,7370,5818837,0.715808,8129050
3,2021-07-15,14584,10551192,10517,5793399,3229,4395475,838,362318,6666,682353,0.08394,7822,5144063,0.6328,7579,5826416,0.71674,8129050
3,2021-07-16,17611,10568803,12661,5806060,4060,4399535,890,363208,8404,682619,0.083973,9098,5153161,0.633919,9364,5835780,0.717892,8129050
3,2021-07-17,11161,10579964,8177,5814237,2452,4401987,532,363740,5304,682736,0.083987,5787,5158948,0.634631,5904,5841684,0.718618,8129050
3,2021-07-18,5728,10585692,4327,5818564,1150,4403137,251,363991,2816,682960,0.084015,2869,5161817,0.634984,3093,5844777,0.718999,8129050
3,2021-07-19,14840,10600532,10852,5829416,3112,4406249,876,364867,7295,683758,0.084113,7446,5169263,0.6359,8244,5853021,0.720013,8129050
3,2021-07-20,16401,10616933,11409,5840825,4091,4410340,901,365768,8441,685333,0.084307,7847,5177110,0.636865,9422,5862443,0.721172,8129050
3,2021-07-21,15855,10632788,11220,5852045,3771,4414111,864,366632,7974,686494,0.084449,7754,5184864,0.637819,8915,5871358,0.722269,8129050
3,2021-07-22,16211,10648999,11454,5863499,3799,4417910,958,367590,8416,688256,0.084666,7674,5192538,0.638763,9436,5880794,0.723429,8129050
3,2021-07-23,19114,10668113,13621,5877120,4486,4422396,1007,368597,10271,690922,0.084994,8697,5201235,0.639833,11363,5892157,0.724827,8129050
3,2021-07-24,11488,10679601,8272,5885392,2639,4425035,577,369174,6334,692792,0.085224,5076,5206311,0.640457,6946,5899103,0.725682,8129050
3,2021-07-25,5575,10685176,4170,5889562,1195,4426230,210,369384,4028,695582,0.085567,1499,5207810,0.640642,4289,5903392,0.726209,8129050
3,2021-07-26,15343,10700519,10667,5900229,3713,4429943,963,370347,9261,699897,0.086098,5973,5213783,0.641377,10288,5913680,0.727475,8129050
3,2021-07-27,17335,10717854,12262,5912491,4104,4434047,969,371316,9938,703613,0.086555,7267,5221050,0.642271,10983,5924663,0.728826,8129050
3,2021-07-28,16933,10734787,12129,5924620,3771,4437818,1033,372349,9787,707475,0.08703,7007,5228057,0.643133,10869,5935532,0.730163,8129050
3,2021-07-29,16703,10751490,12025,5936645,3653,4441471,1025,373374,9834,711714,0.087552,6692,5234749,0.643956,10931,5946463,0.731508,8129050
3,2021-07-30,19432,10770922,13722,5950367,4641,4446112,1069,374443,11285,716221,0.088106,7939,5242688,0.644932,12446,5958909,0.733039,8129050
3,2021-07-31,12087,10783009,8762,5959129,2691,4448803,634,375077,7041,719057,0.088455,4907,5247595,0.645536,7743,5966652,0.733991,8129050
3,2021-08-01,6434,10789443,4899,5964028,1278,4450081,257,375334,4170,721313,0.088733,2206,5249801,0.645807,4462,5971114,0.73454,8129050
3,2021-08-02,16529,10805972,12013,5976041,3594,4453675,922,376256,10283,726459,0.089366,6123,5255924,0.646561,11269,5982383,0.735926,8129050
3,2021-08-03,18268,10824240,13180,5989221,3992,4457667,1096,377352,10900,731318,0.089964,7189,5263113,0.647445,12048,5994431,0.737409,8129050
3,2021-08-04,17434,10841674,12513,6001734,3916,4461583,1005,378357,10392,735884,0.090525,6883,5269996,0.648292,11449,6005880,0.738817,8129050
3,2021-08-05,17801,10859475,12867,6014601,3797,4465380,1137,379494,10733,740920,0.091145,6904,5276900,0.649141,11940,6017820,0.740286,8129050
3,2021-08-06,21533,10881008,15623,6030224,4764,4470144,1146,380640,12715,746226,0.091797,8622,5285522,0.650202,13928,6031748,0.741999,8129050
3,2021-08-07,12688,10893696,9440,6039664,2631,4472775,617,381257,7430,749202,0.092164,5121,5290643,0.650832,8097,6039845,0.742995,8129050
3,2021-08-08,7518,10901214,5752,6045416,1526,4474301,240,381497,4645,751330,0.092425,2792,5293435,0.651175,4920,6044765,0.7436,8129050
3,2021-08-09,18101,10919315,13560,6058976,3498,4477799,1043,382540,10243,754989,0.092875,7698,5301133,0.652122,11357,6056122,0.744998,8129050
3,2021-08-10,18228,10937543,13350,6072326,3907,4481706,971,383511,10281,758502,0.093308,7781,5308914,0.653079,11294,6067416,0.746387,8129050
3,2021-08-11,16267,10953810,11819,6084145,3460,4485166,988,384499,9081,761626,0.093692,6997,5315911,0.65394,10121,6077537,0.747632,8129050
3,2021-08-12,17551,10971361,12405,6096550,4124,4489290,1022,385521,9665,764678,0.094067,7689,5323600,0.654886,10741,6088278,0.748953,8129050
3,2021-08-13,10658,10982019,7526,6104076,2118,4491408,1014,386535,5494,766268,0.094263,5028,5328628,0.655504,6618,6094896,0.749767,8129050
4,2020-12-15,469,469,469,469,0,0,0,0,469,469,5.8e-05,0,0,0.0,469,469,5.8e-05,8037679
4,2020-12-16,3079,3548,3079,3548,0,0,0,0,3079,3548,0.000441,0,0,0.0,3079,3548,0.000441,8037679
4,2020-12-17,9044,12592,9044,12592,0,0,0,0,9045,12593,0.001567,0,0,0.0,9045,12593,0.001567,8037679
4,2020-12-18,16305,28897,16292,28884,13,13,0,0,16305,28898,0.003595,0,0,0.0,16305,28898,0.003595,8037679
4,2020-12-19,10425,39322,10415,39299,10,23,0,0,10361,39259,0.004884,0,0,0.0,10361,39259,0.004884,8037679
4,2020-12-20,7467,46789,7454,46753,13,36,0,0,7422,46681,0.005808,0,0,0.0,7422,46681,0.005808,8037679
4,2020-12-21,16479,63268,16447,63200,32,68,0,0,16411,63091,0.007849,1,1,0.0,16411,63092,0.00785,8037679
4,2020-12-22,17268,80536,16503,79703,765,833,0,0,17223,80310,0.009992,4,5,1e-06,17223,80315,0.009992,8037679
4,2020-12-23,17244,97780,14457,94160,2787,3620,0,0,17222,97529,0.012134,3,8,1e-06,17222,97537,0.012135,8037679
4,2020-12-24,8619,106399,5996,100156,2623,6243,0,0,8618,106147,0.013206,0,8,1e-06,8618,106155,0.013207,8037679
4,2020-12-25,913,107312,808,100964,105,6348,0,0,913,107060,0.01332,0,8,1e-06,913,107068,0.013321,8037679
4,2020-12-26,6241,113553,3914,104878,2327,8675,0,0,6241,113301,0.014096,0,8,1e-06,6241,113309,0.014097,8037679
4,2020-12-27,3468,117021,2006,106884,1462,10137,0,0,3468,116769,0.014528,0,8,1e-06,3468,116777,0.014529,8037679
4,2020-12-28,15279,132300,9429,116313,5850,15987,0,0,15251,132017,0.016425,3,11,1e-06,15251,132028,0.016426,8037679
4,2020-12-29,15879,148179,8906,125219,6973,22960,0,0,15846,147862,0.018396,1,12,1e-06,15846,147874,0.018398,8037679
4,2020-12-30,19337,167516,11292,136511,8045,31005,0,0,19327,167187,0.0208,2,14,2e-06,19327,167201,0.020802,8037679
4,2020-12-31,8379,175895,3385,139896,4994,35999,0,0,8366,175544,0.02184,9,23,3e-06,8366,175567,0.021843,8037679
4,2021-01-01,1801,177696,822,140718,979,36978,0,0,1795,177335,0.022063,4,27,3e-06,1795,177362,0.022066,8037679
4,2021-01-02,5791,183487,3266,143984,2525,39503,0,0,5788,183122,0.022783,1,28,3e-06,5788,183150,0.022786,8037679
4,2021-01-03,2168,185655,1278,145262,890,40393,0,0,2154,185273,0.023051,3,31,4e-06,2154,185304,0.023054,8037679
4,2021-01-04,13097,198752,7069,152331,6028,46421,0,0,13047,198292,0.02467,28,59,7e-06,13047,198351,0.024678,8037679
4,2021-01-05,17052,215804,10095,162426,6957,53378,0,0,14816,210917,0.026241,2208,2267,0.000282,14833,213184,0.026523,8037679
4,2021-01-06,21820,237624,13369,175795,8451,61829,0,0,15647,220457,0.027428,6124,8391,0.001044,15664,228848,0.028472,8037679
4,2021-01-07,28177,265801,17187,192982,10990,72819,0,0,16795,225953,0.028112,11321,19712,0.002452,16817,245665,0.030564,8037679
4,2021-01-08,33149,298950,21274,214256,11875,84694,0,0,18460,229818,0.028593,14622,34334,0.004272,18487,264152,0.032864,8037679
4,2021-01-09,16406,315356,9705,223961,6701,91395,0,0,9532,232500,0.028926,6863,41197,0.005125,9545,273697,0.034052,8037679
4,2021-01-10,8837,324193,5703,229664,3134,94529,0,0,4200,232083,0.028874,4626,45823,0.005701,4209,277906,0.034575,8037679
4,2021-01-11,33789,357982,22185,251849,11604,106133,0,0,19049,236470,0.02942,14711,60534,0.007531,19098,297004,0.036951,8037679
4,2021-01-12,38852,396834,22404,274253,16448,122581,0,0,24454,246631,0.030684,14341,74875,0.009316,24502,321506,0.04,8037679
4,2021-01-13,39203,436037,19431,293684,19772,142353,0,0,27745,262991,0.03272,11414,86289,0.010736,27774,349280,0.043455,8037679
4,2021-01-14,39747,475784,15323,309007,24424,166777,0,0,32480,288275,0.035865,7228,93517,0.011635,32512,381792,0.0475,8037679
4,2021-01-15,45825,521609,16026,325033,29799,196576,0,0,40151,322851,0.040167,5601,99118,0.012332,40177,421969,0.052499,8037679
4,2021-01-16,28981,550590,9440,334473,19541,216117,0,0,25802,345522,0.042988,3147,102265,0.012723,25818,447787,0.055711,8037679
4,2021-01-17,19091,569681,6610,341083,12481,228598,0,0,17422,361309,0.044952,1647,103912,0.012928,17434,465221,0.05788,8037679
4,2021-01-18,29677,599358,13746,354829,15931,244529,0,0,23642,379017,0.047155,5967,109879,0.01367,23675,488896,0.060826,8037679
4,2021-01-19,46654,646012,23314,378143,23340,267869,0,0,36921,406328,0.050553,9684,119563,0.014875,36995,525891,0.065428,8037679
4,2021-01-20,53054,699066,28337,406480,24717,292586,0,0,42368,438175,0.054515,10585,130148,0.016192,42432,568323,0.070707,8037679
4,2021-01-21,58393,757459,26260,432740,32133,324719,0,0,51507,482931,0.060083,6801,136949,0.017038,51557,619880,0.077122,8037679
4,2021-01-22,55888,813347,22426,455166,33462,358181,0,0,50625,528397,0.06574,5191,142140,0.017684,50657,670537,0.083424,8037679
4,2021-01-23,39971,853318,17431,472597,22540,380721,0,0,35584,559635,0.069626,4377,146517,0.018229,35615,706152,0.087855,8037679
4,2021-01-24,24229,877547,10548,483145,13681,394402,0,0,22312,580063,0.072168,1907,148424,0.018466,22335,728487,0.090634,8037679
4,2021-01-25,48427,925974,22359,505504,26068,420470,0,0,37135,605998,0.075395,11259,159683,0.019867,37194,765681,0.095261,8037679
4,2021-01-26,57378,983352,29238,534742,28140,448610,0,0,44953,638626,0.079454,12388,172071,0.021408,45016,810697,0.100862,8037679
4,2021-01-27,56886,1040238,27012,561754,29874,478484,0,0,45654,673184,0.083754,11151,183222,0.022795,45709,856406,0.106549,8037679
4,2021-01-28,57518,1097756,25950,587704,31568,510052,0,0,47267,710351,0.088378,10149,193371,0.024058,47316,903722,0.112436,8037679
4,2021-01-29,57352,1155108,27410,615114,29942,539994,0,0,46757,746755,0.092907,10391,203762,0.025351,46795,950517,0.118258,8037679
4,2021-01-30,38681,1193789,17343,632457,21338,561332,0,0,33240,774645,0.096377,5381,209143,0.02602,33271,983788,0.122397,8037679
4,2021-01-31,24473,1218262,12748,645205,11725,573057,0,0,22748,795709,0.098997,1702,210845,0.026232,22766,1006554,0.125229,8037679
4,2021-02-01,50346,1268608,24218,669423,26128,599185,0,0,38512,822497,0.10233,11771,222616,0.027697,38559,1045113,0.130027,8037679
4,2021-02-02,56179,1324787,25813,695236,30366,629551,0,0,43099,852659,0.106083,12991,235607,0.029313,43153,1088266,0.135396,8037679
4,2021-02-03,62771,1387558,30796,726032,31975,661526,0,0,48090,886282,0.110266,14526,250133,0.03112,48149,1136415,0.141386,8037679
4,2021-02-04,68260,1455818,31693,757725,36567,698093,0,0,51243,920803,0.114561,16838,266971,0.033215,51359,1187774,0.147776,8037679
4,2021-02-05,73887,1529705,34203,791928,39684,737777,0,0,51259,949859,0.118176,22341,289312,0.035994,51397,1239171,0.15417,8037679
4,2021-02-06,49084,1578789,26344,818272,22740,760517,0,0,37424,975900,0.121416,11590,300902,0.037436,37631,1276802,0.158852,8037679
4,2021-02-07,26701,1605490,17626,835898,9075,769592,0,0,20144,989770,0.123141,6519,307421,0.038247,20389,1297191,0.161389,8037679
4,2021-02-08,59227,1664717,30425,866323,28802,798394,0,0,38424,1007799,0.125384,20659,328080,0.040818,38688,1335879,0.166202,8037679
4,2021-02-09,67879,1732596,34375,900698,33504,831898,0,0,39681,1019929,0.126893,27998,356078,0.044301,40128,1376007,0.171195,8037679
4,2021-02-10,78116,1810712,39085,939783,39031,870929,0,0,40984,1024598,0.127474,36870,392948,0.048888,41539,1417546,0.176363,8037679
4,2021-02-11,82375,1893087,42994,982777,39381,910310,0,0,41822,1026828,0.127752,40272,433220,0.053899,42502,1460048,0.18165,8037679
4,2021-02-12,85349,1978436,38267,1021044,47082,957392,0,0,43803,1030168,0.128167,41258,474478,0.059032,44598,1504646,0.187199,8037679
4,2021-02-13,59374,2037810,30038,1051082,29336,986728,0,0,30173,1032205,0.128421,29048,503526,0.062646,31085,1535731,0.191066,8037679
4,2021-02-14,37173,2074983,19313,1070395,17860,1004588,0,0,18970,1033705,0.128607,18138,521664,0.064902,19638,1555369,0.19351,8037679
4,2021-02-15,46746,2121729,21925,1092320,24821,1029409,0,0,23932,1036111,0.128907,22723,544387,0.067729,25129,1580498,0.196636,8037679
4,2021-02-16,81103,2202832,37221,1129541,43882,1073291,0,0,41112,1038613,0.129218,39835,584222,0.072685,42337,1622835,0.201903,8037679
4,2021-02-17,82448,2285280,38989,1168530,43459,1116750,0,0,39097,1035730,0.128859,43120,627342,0.07805,40237,1663072,0.206909,8037679
4,2021-02-18,84440,2369720,46496,1215026,37944,1154694,0,0,38892,1030758,0.128241,45332,672674,0.08369,40360,1703432,0.211931,8037679
4,2021-02-19,83694,2453414,52728,1267754,30966,1185660,0,0,41691,1031320,0.128311,41811,714485,0.088892,42373,1745805,0.217203,8037679
4,2021-02-20,50153,2503567,33377,1301131,16776,1202436,0,0,26994,1035960,0.128888,23065,737550,0.091762,27705,1773510,0.22065,8037679
4,2021-02-21,30548,2534115,24230,1325361,6318,1208754,0,0,14642,1035101,0.128781,15813,753363,0.093729,14954,1788464,0.22251,8037679
4,2021-02-22,55949,2590064,38410,1363771,17539,1226293,0,0,26908,1033618,0.128597,28861,782224,0.09732,27378,1815842,0.225916,8037679
4,2021-02-23,77577,2667641,43029,1406800,34548,1260841,0,0,33971,1025898,0.127636,43379,825603,0.102717,35659,1851501,0.230353,8037679
4,2021-02-24,92781,2760422,49050,1455850,43731,1304572,0,0,41625,1018836,0.126757,50868,876471,0.109045,43806,1895307,0.235803,8037679
4,2021-02-25,104406,2864828,54649,1510499,49757,1354329,0,0,49605,1016461,0.126462,54553,931024,0.115832,52178,1947485,0.242294,8037679
4,2021-02-26,110487,2975315,55825,1566324,54662,1408991,0,0,56184,1021020,0.127029,53985,985009,0.122549,58544,2006029,0.249578,8037679
4,2021-02-27,80598,3055913,43819,1610143,36768,1445759,11,11,42588,1027359,0.127818,37772,1022781,0.127248,44111,2050140,0.255066,8037679
4,2021-02-28,49822,3105735,30724,1640867,19091,1464850,7,18,27133,1032937,0.128512,22472,1045253,0.130044,28050,2078190,0.258556,8037679
4,2021-03-01,81454,3187189,47665,1688532,33735,1498585,54,72,44807,1042756,0.129733,36282,1081535,0.134558,46101,2124291,0.264292,8037679
4,2021-03-02,90177,3277366,51707,1740239,38460,1537045,10,82,52694,1060018,0.131881,37267,1118802,0.139195,54529,2178820,0.271076,8037679
4,2021-03-03,104186,3381552,55343,1795582,48823,1585868,20,102,57928,1073747,0.133589,46016,1164818,0.14492,59745,2238565,0.278509,8037679
4,2021-03-04,102469,3484021,57047,1852629,45402,1631270,20,122,55713,1084783,0.134962,46494,1211312,0.150704,57530,2296095,0.285666,8037679
4,2021-03-05,98553,3582574,53183,1905812,45042,1676312,328,450,57645,1104051,0.137359,40666,1251978,0.155764,59934,2356029,0.293123,8037679
4,2021-03-06,77622,3660196,43711,1949523,31264,1707576,2647,3097,47434,1125410,0.140017,30044,1282022,0.159502,51403,2407432,0.299518,8037679
4,2021-03-07,45131,3705327,27663,1977186,15251,1722827,2217,5314,26282,1136209,0.14136,18756,1300778,0.161835,29555,2436987,0.303195,8037679
4,2021-03-08,68627,3773954,35852,2013038,29375,1752202,3400,8714,44989,1162392,0.144618,23492,1324270,0.164758,49675,2486662,0.309376,8037679
4,2021-03-09,82695,3856649,41747,2054785,35648,1787850,5300,14014,44552,1175313,0.146225,37942,1362212,0.169478,50863,2537525,0.315704,8037679
4,2021-03-10,92694,3949343,47829,2102614,37297,1825147,7568,21582,46584,1184420,0.147358,45887,1408099,0.175187,54994,2592519,0.322546,8037679
4,2021-03-11,101744,4051087,53333,2155947,39860,1865007,8551,30133,46891,1186248,0.147586,54569,1462668,0.181976,56397,2648916,0.329562,8037679
4,2021-03-12,105538,4156625,51969,2207916,43204,1908211,10365,40498,45131,1182390,0.147106,60099,1522767,0.189454,56241,2705157,0.336559,8037679
4,2021-03-13,82196,4238821,38056,2245972,35594,1943805,8546,49044,38870,1187605,0.147755,43173,1565940,0.194825,48388,2753545,0.34258,8037679
4,2021-03-14,50166,4288987,28567,2274539,17950,1961755,3649,52693,23428,1188611,0.14788,26631,1592571,0.198138,27637,2781182,0.346018,8037679
4,2021-03-15,84337,4373324,45363,2319902,34679,1996434,4295,56988,42726,1195095,0.148687,41309,1633880,0.203278,47793,2828975,0.351964,8037679
4,2021-03-16,108633,4481957,56500,2376402,48693,2045127,3440,60428,57012,1204843,0.149899,51341,1685221,0.209665,61089,2890064,0.359564,8037679
4,2021-03-17,108122,4590079,58211,2434613,46394,2091521,3517,63945,63039,1227102,0.152669,44782,1730003,0.215237,67041,2957105,0.367905,8037679
4,2021-03-18,107984,4698063,59906,2494519,44355,2135876,3723,67668,60894,1245293,0.154932,46793,1776796,0.221058,64984,3022089,0.37599,8037679
4,2021-03-19,112452,4810515,64689,2559208,42520,2178396,5243,72911,63632,1265982,0.157506,48513,1825309,0.227094,69202,3091291,0.3846,8037679
4,2021-03-20,84933,4895448,49729,2608937,32163,2210559,3041,75952,51760,1288063,0.160253,32982,1858291,0.231197,55063,3146354,0.391451,8037679
4,2021-03-21,48603,4944051,35217,2644154,11125,2221684,2261,78213,28294,1298796,0.161588,20158,1878449,0.233705,30891,3177245,0.395294,8037679
4,2021-03-22,83298,5027349,54360,2698514,26185,2247869,2753,80966,51345,1321905,0.164464,31668,1910117,0.237645,54777,3232022,0.402109,8037679
4,2021-03-23,105898,5133247,63426,2761940,40313,2288182,2159,83125,62052,1343098,0.1671,43547,1953664,0.243063,64740,3296762,0.410163,8037679
4,2021-03-24,114572,5247819,73867,2835807,38263,2326445,2442,85567,63697,1359245,0.169109,50407,2004071,0.249335,66554,3363316,0.418444,8037679
4,2021-03-25,118222,5366041,72712,2908519,43087,2369532,2423,87990,66287,1377001,0.171318,51423,2055494,0.255732,69179,3432495,0.427051,8037679
4,2021-03-26,120963,5487004,73318,2981837,44590,2414122,3055,91045,65179,1390417,0.172987,55379,2110873,0.262622,68795,3501290,0.43561,8037679
4,2021-03-27,92851,5579855,54696,3036533,36344,2450466,1811,92856,46781,1393674,0.173393,45792,2156665,0.268319,49049,3550339,0.441712,8037679
4,2021-03-28,56303,5636158,37200,3073733,18226,2468692,877,93733,29640,1398087,0.173942,26470,2183135,0.271613,30883,3581222,0.445554,8037679
4,2021-03-29,94734,5730892,56730,3130463,35900,2504592,2104,95837,50679,1407662,0.175133,43757,2226892,0.277057,53332,3634554,0.452189,8037679
4,2021-03-30,118254,5849146,64546,3195009,49526,2554118,4182,100019,69615,1433485,0.178346,48361,2275253,0.283073,74184,3708738,0.461419,8037679
4,2021-03-31,122048,5971194,72019,3267028,43697,2597815,6332,106351,68003,1454334,0.18094,53653,2328906,0.289749,74502,3783240,0.470688,8037679
4,2021-04-01,143737,6114931,81909,3348937,48446,2646261,13382,119733,84233,1492821,0.185728,58947,2387853,0.297082,97434,3880674,0.48281,8037679
4,2021-04-02,137650,6252581,73554,3422491,50442,2696703,13654,133387,79102,1527397,0.19003,58219,2446072,0.304326,92795,3973469,0.494355,8037679
4,2021-04-03,101770,6354351,54375,3476866,33890,2730593,13505,146892,52980,1545327,0.19226,48564,2494636,0.310368,66494,4039963,0.502628,8037679
4,2021-04-04,47110,6401461,24873,3501739,14690,2745283,7547,154439,20527,1546790,0.192442,26461,2521097,0.31366,27924,4067887,0.506102,8037679
4,2021-04-05,110425,6511886,61957,3563696,35543,2780826,12925,167364,57211,1564365,0.194629,52961,2574058,0.320249,70536,4138423,0.514878,8037679
4,2021-04-06,139773,6651659,78648,3642344,41232,2822058,19893,187257,72392,1589934,0.19781,67114,2641172,0.328599,92683,4231106,0.526409,8037679
4,2021-04-07,138461,6790120,78472,3720816,39161,2861219,20828,208085,71545,1615777,0.201025,66632,2707804,0.336889,92475,4323581,0.537914,8037679
4,2021-04-08,140942,6931062,78524,3799340,36828,2898047,25590,233675,70155,1641391,0.204212,70457,2778261,0.345655,96071,4419652,0.549867,8037679
4,2021-04-09,138566,7069628,75947,3875287,39441,2937488,23178,256853,66145,1659338,0.206445,72140,2850401,0.35463,90087,4509739,0.561075,8037679
4,2021-04-10,104340,7173968,51448,3926735,33909,2971397,18983,275836,47088,1669244,0.207677,57018,2907419,0.361724,66924,4576663,0.569401,8037679
4,2021-04-11,62957,7236925,38215,3964950,13511,2984908,11231,287067,27525,1673636,0.208224,35306,2942725,0.366116,39698,4616361,0.57434,8037679
4,2021-04-12,103473,7340398,62889,4027839,30324,3015232,10260,297327,52100,1686109,0.209776,51045,2993770,0.372467,63518,4679879,0.582243,8037679
4,2021-04-13,131156,7471554,82317,4110156,48670,3063902,169,297496,78351,1713005,0.213122,52484,3046254,0.378997,79380,4759259,0.592119,8037679
4,2021-04-14,136711,7608265,87234,4197390,49396,3113298,81,297577,75648,1729249,0.215143,60714,3106968,0.38655,76958,4836217,0.601693,8037679
4,2021-04-15,156800,7765065,104228,4301618,52496,3165794,76,297653,95884,1765499,0.219653,60496,3167464,0.394077,96746,4932963,0.61373,8037679
4,2021-04-16,144193,7909258,91366,4392984,52748,3218542,79,297732,83542,1789550,0.222645,60294,3227758,0.401578,84345,5017308,0.624223,8037679
4,2021-04-17,101862,8011120,63928,4456912,37906,3256448,28,297760,59530,1808246,0.224971,42029,3269787,0.406807,60725,5078033,0.631779,8037679
4,2021-04-18,57205,8068325,38692,4495604,18508,3274956,5,297765,32103,1816367,0.225982,24946,3294733,0.409911,33067,5111100,0.635893,8037679
4,2021-04-19,101611,8169936,66922,4562526,34668,3309624,21,297786,51396,1818432,0.226238,49951,3344684,0.416126,52016,5163116,0.642364,8037679
4,2021-04-20,131938,8301874,78543,4641069,53376,3363000,19,297805,68289,1824531,0.226997,63294,3407978,0.424,69393,5232509,0.650998,8037679
4,2021-04-21,135097,8436971,88172,4729241,46864,3409864,61,297866,67896,1826842,0.227285,66762,3474740,0.432306,69073,5301582,0.659591,8037679
4,2021-04-22,142200,8579171,94356,4823597,47820,3457684,24,297890,63407,1813057,0.22557,78357,3553097,0.442055,64572,5366154,0.667625,8037679
4,2021-04-23,135596,8714767,88217,4911814,47353,3505037,26,297916,58706,1796500,0.22351,76491,3629588,0.451572,59934,5426088,0.675081,8037679
4,2021-04-24,99261,8814028,66996,4978810,32214,3537251,51,297967,45648,1789986,0.222699,53295,3682883,0.458202,46781,5472869,0.680902,8037679
4,2021-04-25,50558,8864586,35635,5014445,14897,3552148,26,297993,26372,1792813,0.223051,24027,3706910,0.461192,26854,5499723,0.684243,8037679
4,2021-04-26,92495,8957081,60686,5075131,31407,3583555,402,298395,36280,1774951,0.220829,55885,3762795,0.468144,38023,5537746,0.688973,8037679
4,2021-04-27,114334,9071415,69896,5145027,42116,3625671,2322,300717,41093,1746273,0.217261,72900,3835695,0.477214,44222,5581968,0.694475,8037679
4,2021-04-28,104889,9176304,68522,5213549,33820,3659491,2547,303264,38289,1721543,0.214184,66234,3901929,0.485455,41504,5623472,0.699639,8037679
4,2021-04-29,106271,9282575,67873,5281422,35859,3695350,2539,305803,34271,1687328,0.209927,71630,3973559,0.494366,37415,5660887,0.704294,8037679
4,2021-04-30,105999,9388574,67160,5348582,36127,3731477,2712,308515,36390,1657901,0.206266,69193,4042752,0.502975,39766,5700653,0.709241,8037679
4,2021-05-01,69968,9458542,46438,5395020,21745,3753222,1785,310300,20397,1631451,0.202975,49261,4092013,0.509104,22811,5723464,0.712079,8037679
4,2021-05-02,37822,9496364,26845,5421865,9678,3762900,1299,311599,10594,1616381,0.2011,27101,4119114,0.512476,12031,5735495,0.713576,8037679
4,2021-05-03,79595,9575959,55514,5477379,21581,3784481,2500,314099,19287,1578497,0.196387,60029,4179143,0.519944,22145,5757640,0.716331,8037679
4,2021-05-04,101811,9677770,69693,5547072,29333,3813814,2785,316884,22728,1525638,0.189811,78756,4257899,0.529742,25897,5783537,0.719553,8037679
4,2021-05-05,102664,9780434,72381,5619453,27527,3841341,2756,319640,21863,1470119,0.182903,80443,4338342,0.539751,24924,5808461,0.722654,8037679
4,2021-05-06,112474,9892908,84280,5703733,25240,3866581,2954,322594,19676,1401576,0.174376,92296,4430638,0.551234,23753,5832214,0.725609,8037679
4,2021-05-07,105370,9998278,75746,5779479,26934,3893515,2690,325284,20735,1341178,0.166861,84233,4514871,0.561713,23835,5856049,0.728575,8037679
4,2021-05-08,70167,10068445,48392,5827871,19840,3913355,1935,327219,13865,1301267,0.161896,56054,4570925,0.568687,16143,5872192,0.730583,8037679
4,2021-05-09,34469,10102914,28206,5856077,5315,3918670,948,328167,7460,1282875,0.159608,26892,4597817,0.572033,8500,5880692,0.731641,8037679
4,2021-05-10,65392,10168306,43786,5899863,19277,3937947,2329,330496,11061,1242465,0.15458,54098,4651915,0.578763,13688,5894380,0.733344,8037679
4,2021-05-11,83566,10251872,52301,5952164,29067,3967014,2198,332694,15860,1193625,0.148504,67441,4719356,0.587154,18601,5912981,0.735658,8037679
4,2021-05-12,80101,10331973,53262,6005426,24359,3991373,2480,335174,16635,1150043,0.143081,63148,4782504,0.595011,19566,5932547,0.738092,8037679
4,2021-05-13,105088,10437061,77354,6082780,26197,4017570,1537,336711,40667,1129232,0.140492,64071,4846575,0.602982,43260,5975807,0.743474,8037679
4,2021-05-14,105403,10542464,74419,6157199,28849,4046419,2135,338846,40552,1107955,0.137845,64503,4911078,0.611007,43226,6019033,0.748852,8037679
4,2021-05-15,86038,10628502,66512,6223711,18187,4064606,1339,340185,37936,1099686,0.136816,47844,4958922,0.616959,39575,6058608,0.753776,8037679
4,2021-05-16,51797,10680299,41731,6265442,9348,4073954,718,340903,21243,1091393,0.135785,30395,4989317,0.620741,22102,6080710,0.756526,8037679
4,2021-05-17,71451,10751750,52184,6317626,17421,4091375,1846,342749,28208,1078664,0.134201,43022,5032339,0.626094,30293,6111003,0.760294,8037679
4,2021-05-18,82063,10833813,53342,6370968,26965,4118340,1756,344505,29288,1057680,0.13159,52401,5084740,0.632613,31417,6142420,0.764203,8037679
4,2021-05-19,77134,10910947,52128,6423096,23052,4141392,1954,346459,30959,1045021,0.130015,45856,5130596,0.638318,33197,6175617,0.768333,8037679
4,2021-05-20,69361,10980308,44586,6467682,22765,4164157,2010,348469,25703,1029725,0.128112,43356,5173952,0.643712,28060,6203677,0.771824,8037679
4,2021-05-21,74066,11054374,48822,6516504,23364,4187521,1880,350349,26102,1010332,0.125699,47643,5221595,0.64964,28250,6231927,0.775339,8037679
4,2021-05-22,50152,11104526,35179,6551683,13696,4201217,1277,351626,21773,1005414,0.125088,28206,5249801,0.653149,23288,6255215,0.778236,8037679
4,2021-05-23,23993,11128519,17109,6568792,6159,4207376,725,352351,9729,1001844,0.124643,14136,5263937,0.654908,10566,6265781,0.779551,8037679
4,2021-05-24,43243,11171762,27489,6596281,12738,4220114,3016,355367,15123,992296,0.123456,27887,5291824,0.658377,18339,6284120,0.781833,8037679
4,2021-05-25,45017,11216779,27975,6624256,14210,4234324,2832,358199,15898,982387,0.122223,28863,5320687,0.661968,18954,6303074,0.784191,8037679
4,2021-05-26,44685,11261464,26772,6651028,15302,4249626,2611,360810,15848,972410,0.120981,28608,5349295,0.665527,18631,6321705,0.786509,8037679
4,2021-05-27,38964,11300428,23352,6674380,12470,4262096,3142,363952,14644,966251,0.120215,24108,5373403,0.668527,17949,6339654,0.788742,8037679
4,2021-05-28,43418,11343846,27632,6702012,14177,4276273,1609,365561,18895,962728,0.119777,24248,5397651,0.671543,20725,6360379,0.79132,8037679
4,2021-05-29,23719,11367565,15379,6717391,7406,4283679,934,366495,10872,961972,0.119683,12695,5410346,0.673123,11939,6372318,0.792806,8037679
4,2021-05-30,12101,11379666,8496,6725887,3076,4286755,529,367024,5016,960574,0.119509,7010,5417356,0.673995,5612,6377930,0.793504,8037679
4,2021-05-31,3618,11383284,2298,6728185,1157,4287912,163,367187,1155,959506,0.119376,2407,5419763,0.674295,1339,6379269,0.793671,8037679
4,2021-06-01,39495,11422779,24531,6752716,12518,4300430,2446,369633,13003,948913,0.118058,26258,5446021,0.677561,15665,6394934,0.795619,8037679
4,2021-06-02,32659,11455438,20387,6773103,9463,4309893,2809,372442,10875,941148,0.117092,21594,5467615,0.680248,13829,6408763,0.79734,8037679
4,2021-06-03,48120,11503558,36906,6810009,8754,4318647,2460,374902,10314,916609,0.114039,37626,5505241,0.684929,13087,6421850,0.798968,8037679
4,2021-06-04,54853,11558411,44151,6854160,9371,4328018,1331,376233,12694,889533,0.11067,41912,5547153,0.690144,14836,6436686,0.800814,8037679
4,2021-06-05,44844,11603255,38391,6892551,5456,4333474,997,377230,8712,863571,0.10744,35973,5583126,0.694619,10011,6446697,0.80206,8037679
4,2021-06-06,21245,11624500,18951,6911502,1729,4335203,565,377795,3914,851226,0.105904,17223,5600349,0.696762,4878,6451575,0.802666,8037679
4,2021-06-07,38731,11663231,31340,6942842,5467,4340670,1924,379719,8381,831614,0.103464,30209,5630558,0.70052,10597,6462172,0.803985,8037679
4,2021-06-08,40630,11703861,31869,6974711,6212,4346882,2549,382268,9411,812891,0.101135,31024,5661582,0.70438,12301,6474473,0.805515,8037679
4,2021-06-09,38960,11742821,30883,7005594,5713,4352595,2364,384632,7912,792646,0.098616,30875,5692457,0.708221,10630,6485103,0.806838,8037679
4,2021-06-10,37152,11779973,29267,7034861,5261,4357856,2624,387256,8375,775294,0.096457,28614,5721071,0.711781,11262,6496365,0.808239,8037679
4,2021-06-11,38324,11818297,30063,7064924,6243,4364099,2018,389274,9845,759189,0.094454,28317,5749388,0.715305,12212,6508577,0.809758,8037679
4,2021-06-12,26582,11844879,22102,7087026,3765,4367864,715,389989,6009,745670,0.092772,20462,5769850,0.71785,6943,6515520,0.810622,8037679
4,2021-06-13,10836,11855715,8560,7095586,1799,4369663,477,390466,2269,740027,0.09207,8498,5778348,0.718908,2855,6518375,0.810977,8037679
4,2021-06-14,28578,11884293,21371,7116957,4400,4374063,2807,393273,7763,730140,0.09084,20674,5799022,0.72148,10787,6529162,0.812319,8037679
4,2021-06-15,29951,11914244,21159,7138116,5385,4379448,3407,396680,8269,720559,0.089648,21513,5820535,0.724156,11932,6541094,0.813804,8037679
4,2021-06-16,26584,11940828,20026,7158142,3933,4383381,2625,399305,7992,712977,0.088704,18408,5838943,0.726446,10826,6551920,0.815151,8037679
4,2021-06-17,25148,11965976,18560,7176702,3691,4387072,2897,402202,7604,706317,0.087876,17354,5856297,0.728605,10694,6562614,0.816481,8037679
4,2021-06-18,26761,11992737,21100,7197802,4427,4391499,1234,403436,8250,697742,0.086809,18306,5874603,0.730883,9731,6572345,0.817692,8037679
4,2021-06-19,15768,12008505,12754,7210556,2307,4393806,707,404143,5058,693116,0.086233,10561,5885164,0.732197,5935,6578280,0.81843,8037679
4,2021-06-20,7360,12015865,6060,7216616,993,4394799,307,404450,2616,691440,0.086025,4684,5889848,0.73278,3008,6581288,0.818805,8037679
4,2021-06-21,14593,12030458,10546,7227162,2908,4397707,1139,405589,7332,692903,0.086207,7170,5897018,0.733672,8633,6589921,0.819879,8037679
4,2021-06-22,20495,12050953,15958,7243120,3456,4401163,1081,406670,7104,687978,0.085594,13261,5910279,0.735322,8336,6598257,0.820916,8037679
4,2021-06-23,18412,12069365,14445,7257565,2972,4404135,995,407665,6708,684243,0.085129,11562,5921841,0.73676,7827,6606084,0.82189,8037679
4,2021-06-24,17599,12086964,13603,7271168,3005,4407140,991,408656,6566,681058,0.084733,10877,5932718,0.738113,7692,6613776,0.822846,8037679
4,2021-06-25,21569,12108533,16940,7288108,3579,4410719,1050,409706,7803,676453,0.08416,13626,5946344,0.739809,9021,6622797,0.823969,8037679
4,2021-06-26,13039,12121572,10605,7298713,1817,4412536,617,410323,4791,673830,0.083834,8142,5954486,0.740822,5519,6628316,0.824655,8037679
4,2021-06-27,6837,12128409,5535,7304248,959,4413495,343,410666,2866,673163,0.083751,3931,5958417,0.741311,3264,6631580,0.825062,8037679
4,2021-06-28,15034,12143443,12610,7316858,1568,4415063,856,411522,6017,671231,0.083511,8931,5967348,0.742422,6999,6638579,0.825932,8037679
4,2021-06-29,16446,12159889,12754,7329612,2881,4417944,811,412333,6329,668486,0.083169,10007,5977355,0.743667,7262,6645841,0.826836,8037679
4,2021-06-30,14553,12174442,11339,7340951,2477,4420421,737,413070,6031,666964,0.08298,8408,5985763,0.744713,6886,6652727,0.827693,8037679
4,2021-07-01,14436,12188878,11375,7352326,2316,4422737,745,413815,5910,665347,0.082778,8409,5994172,0.745759,6792,6659519,0.828538,8037679
4,2021-07-02,16764,12205642,13296,7365622,2703,4425440,765,414580,6849,663273,0.08252,9816,6003988,0.74698,7742,6667261,0.829501,8037679
4,2021-07-03,9152,12214794,7260,7372882,1484,4426924,408,414988,3962,662586,0.082435,5114,6009102,0.747617,4427,6671688,0.830052,8037679
4,2021-07-04,440,12215234,274,7373156,106,4427030,60,415048,195,662613,0.082438,239,6009341,0.747646,266,6671954,0.830085,8037679
4,2021-07-05,9177,12224411,7460,7380616,1301,4428331,416,415464,4156,662292,0.082398,4942,6014283,0.748261,4621,6676575,0.83066,8037679
4,2021-07-06,16446,12240857,12949,7393565,2697,4431028,800,416264,6050,658976,0.081986,10279,6024562,0.74954,6963,6683538,0.831526,8037679
4,2021-07-07,13697,12254554,10682,7404247,2237,4433265,778,417042,5165,656604,0.081691,8437,6032999,0.75059,6065,6689603,0.83228,8037679
4,2021-07-08,13190,12267744,10301,7414548,2060,4435325,829,417871,5171,654792,0.081465,7902,6040901,0.751573,6090,6695693,0.833038,8037679
4,2021-07-09,15382,12283126,11794,7426342,2651,4437976,937,418808,6249,653106,0.081256,8988,6049889,0.752691,7302,6702995,0.833947,8037679
4,2021-07-10,8825,12291951,6979,7433321,1447,4439423,399,419207,3703,652233,0.081147,5035,6054924,0.753317,4162,6707157,0.834464,8037679
4,2021-07-11,4966,12296917,3974,7437295,791,4440214,201,419408,2221,651983,0.081116,2702,6057626,0.753654,2452,6709609,0.834769,8037679
4,2021-07-12,13023,12309940,10313,7447608,1990,4442204,720,420128,5057,649975,0.080866,7887,6065513,0.754635,5879,6715488,0.835501,8037679
4,2021-07-13,12779,12322719,9776,7457384,2371,4444575,632,420760,5446,648924,0.080735,7225,6072738,0.755534,6174,6721662,0.836269,8037679
4,2021-07-14,11681,12334400,9199,7466583,1933,4446508,549,421309,5047,648046,0.080626,6543,6079281,0.756348,5665,6727327,0.836974,8037679
4,2021-07-15,12382,12346782,9835,7476418,1961,4448469,586,421895,5630,647709,0.080584,6626,6085907,0.757172,6289,6733616,0.837756,8037679
4,2021-07-16,14967,12361749,11670,7488088,2630,4451099,667,422562,6913,647444,0.080551,7953,6093860,0.758162,7688,6741304,0.838713,8037679
4,2021-07-17,9342,12371091,7384,7495472,1633,4452732,325,422887,4420,647409,0.080547,4822,6098682,0.758762,4787,6746091,0.839308,8037679
4,2021-07-18,5342,12376433,4299,7499771,843,4453575,200,423087,2527,647401,0.080546,2756,6101438,0.759104,2748,6748839,0.83965,8037679
4,2021-07-19,12791,12389224,10144,7509915,1992,4455567,655,423742,6075,647586,0.080569,6624,6108062,0.759929,6809,6755648,0.840497,8037679
4,2021-07-20,13703,12402927,10564,7520479,2475,4458042,664,424406,6755,648284,0.080656,6803,6114865,0.760775,7501,6763149,0.841431,8037679
4,2021-07-21,12794,12415721,9922,7530401,2223,4460265,649,425055,6367,649067,0.080753,6290,6121155,0.761558,7073,6770222,0.842311,8037679
4,2021-07-22,13446,12429167,10503,7540904,2291,4462556,652,425707,7008,650484,0.080929,6305,6127460,0.762342,7722,6777944,0.843271,8037679
4,2021-07-23,15648,12444815,12073,7552977,2885,4465441,690,426397,8211,652205,0.081143,7267,6134727,0.763246,8988,6786932,0.84439,8037679
4,2021-07-24,9551,12454366,7481,7560458,1743,4467184,327,426724,4915,653002,0.081243,4496,6139223,0.763805,5293,6792225,0.845048,8037679
4,2021-07-25,4748,12459114,3737,7564195,856,4468040,155,426879,3351,655182,0.081514,1341,6140564,0.763972,3521,6795746,0.845486,8037679
4,2021-07-26,12926,12472040,10118,7574313,2130,4470170,678,427557,7522,658176,0.081886,5260,6145824,0.764627,8254,6804000,0.846513,8037679
4,2021-07-27,14268,12486308,10932,7585245,2579,4472749,757,428314,7700,660260,0.082146,6413,6152237,0.765425,8497,6812497,0.84757,8037679
4,2021-07-28,13159,12499467,10045,7595290,2417,4475166,697,429011,7308,662640,0.082442,5681,6157918,0.766131,8061,6820558,0.848573,8037679
4,2021-07-29,13454,12512921,10465,7605755,2275,4477441,714,429725,7558,665319,0.082775,5672,6163590,0.766837,8351,6828909,0.849612,8037679
4,2021-07-30,15748,12528669,12084,7617839,2878,4480319,786,430511,8568,667959,0.083103,6817,6170407,0.767685,9457,6838366,0.850789,8037679
4,2021-07-31,9707,12538376,7592,7625431,1713,4482032,402,430913,5504,669901,0.083345,4005,6174412,0.768183,5947,6844313,0.851529,8037679
4,2021-08-01,5406,12543782,4469,7629900,771,4482803,166,431079,3194,671189,0.083505,2106,6176518,0.768445,3394,6847707,0.851951,8037679
4,2021-08-02,14019,12557801,11195,7641095,2086,4484889,738,431817,8186,674560,0.083925,5624,6182142,0.769145,8995,6856702,0.85307,8037679
4,2021-08-03,14630,12572431,11245,7652340,2626,4487515,759,432576,8419,677827,0.084331,5986,6188128,0.76989,9253,6865955,0.854221,8037679
4,2021-08-04,13302,12585733,10363,7662703,2253,4489768,686,433262,7529,680524,0.084667,5560,6193688,0.770582,8257,6874212,0.855248,8037679
4,2021-08-05,14283,12600016,11284,7673987,2238,4492006,761,434023,8028,683358,0.085019,6005,6199693,0.771329,8839,6883051,0.856348,8037679
4,2021-08-06,17109,12617125,13150,7687137,3102,4495108,857,434880,9551,686596,0.085422,7239,6206932,0.772229,10477,6893528,0.857652,8037679
4,2021-08-07,10139,12627264,8066,7695203,1638,4496746,435,435315,5529,688170,0.085618,4432,6211364,0.772781,6006,6899534,0.858399,8037679
4,2021-08-08,6211,12633475,4940,7700143,1070,4497816,201,435516,3585,689496,0.085783,2490,6213854,0.773091,3816,6903350,0.858874,8037679
4,2021-08-09,14479,12647954,11745,7711888,2006,4499822,728,436244,7752,691548,0.086038,6504,6220358,0.7739,8556,6911906,0.859938,8037679
4,2021-08-10,14674,12662628,11322,7723210,2618,4502440,734,436978,7771,693456,0.086276,6661,6227019,0.774729,8569,6920475,0.861004,8037679
4,2021-08-11,12405,12675033,9524,7732734,2146,4504586,735,437713,6468,695004,0.086468,5685,6232704,0.775436,7233,6927708,0.861904,8037679
4,2021-08-12,13813,12688846,10534,7743268,2558,4507144,721,438434,7113,696514,0.086656,6371,6239075,0.776228,7881,6935589,0.862885,8037679
4,2021-08-13,8194,12697040,6042,7749310,1389,4508533,763,439197,3755,696845,0.086697,4290,6243365,0.776762,4621,6940210,0.863459,8037679
