vemquartile,administered_date,total_doses,cumulative_total_doses,pfizer_doses,cumulative_pfizer_doses,moderna_doses,cumulative_moderna_doses,jj_doses,cumulative_jj_doses,partially_vaccinated,total_partially_vaccinated,pct_age12pop_partially_vaccinated,fully_vaccinated,cumulative_fully_vaccinated,pct_age12pop_fully_vaccinated,at_least_one_dose,cumulative_at_least_one_dose,pct_age12pop_at_least_one_dose,age12_population
1,2020-12-15,156,156,156,156,0,0,0,0,156,156,1.8e-05,0,0,0.0,156,156,1.8e-05,8700223
1,2020-12-16,1226,1382,1226,1382,0,0,0,0,1226,1382,0.000159,0,0,0.0,1226,1382,0.000159,8700223
1,2020-12-17,4183,5565,4183,5565,0,0,0,0,4184,5566,0.00064,0,0,0.0,4184,5566,0.00064,8700223
1,2020-12-18,6380,11945,6357,11922,23,23,0,0,6382,11947,0.001373,1,1,0.0,6382,11948,0.001373,8700223
1,2020-12-19,2879,14824,2876,14798,3,26,0,0,2878,14824,0.001704,1,2,0.0,2878,14826,0.001704,8700223
1,2020-12-20,2130,16954,2120,16918,10,36,0,0,2131,16955,0.001949,0,2,0.0,2131,16957,0.001949,8700223
1,2020-12-21,7652,24606,7631,24549,21,57,0,0,7701,24656,0.002834,1,3,0.0,7702,24659,0.002834,8700223
1,2020-12-22,7318,31924,6973,31522,345,402,0,0,7319,31973,0.003675,2,5,1e-06,7319,31978,0.003676,8700223
1,2020-12-23,7837,39761,6578,38100,1259,1661,0,0,7832,39804,0.004575,2,7,1e-06,7833,39811,0.004576,8700223
1,2020-12-24,3299,43060,2357,40457,942,2603,0,0,3301,43105,0.004954,0,7,1e-06,3301,43112,0.004955,8700223
1,2020-12-25,240,43300,156,40613,84,2687,0,0,240,43345,0.004982,0,7,1e-06,240,43352,0.004983,8700223
1,2020-12-26,1365,44665,973,41586,392,3079,0,0,1364,44708,0.005139,1,8,1e-06,1364,44716,0.00514,8700223
1,2020-12-27,873,45538,539,42125,334,3413,0,0,873,45580,0.005239,1,9,1e-06,873,45589,0.00524,8700223
1,2020-12-28,7091,52629,4750,46875,2341,5754,0,0,7089,52669,0.006054,0,9,1e-06,7089,52678,0.006055,8700223
1,2020-12-29,8904,61533,4977,51852,3927,9681,0,0,8900,61567,0.007076,2,11,1e-06,8900,61578,0.007078,8700223
1,2020-12-30,11576,73109,6444,58296,5132,14813,0,0,11575,73141,0.008407,1,12,1e-06,11575,73153,0.008408,8700223
1,2020-12-31,5981,79090,1954,60250,4027,18840,0,0,5979,79117,0.009094,4,16,2e-06,5980,79133,0.009096,8700223
1,2021-01-01,599,79689,231,60481,368,19208,0,0,596,79711,0.009162,2,18,2e-06,596,79729,0.009164,8700223
1,2021-01-02,2921,82610,1769,62250,1152,20360,0,0,2921,82632,0.009498,0,18,2e-06,2921,82650,0.0095,8700223
1,2021-01-03,1040,83650,550,62800,490,20850,0,0,1038,83667,0.009617,3,21,2e-06,1038,83688,0.009619,8700223
1,2021-01-04,7388,91038,3595,66395,3793,24643,0,0,7391,91056,0.010466,2,23,3e-06,7391,91079,0.010469,8700223
1,2021-01-05,10869,101907,5245,71640,5624,30267,0,0,10072,100371,0.011537,779,802,9.2e-05,10094,101173,0.011629,8700223
1,2021-01-06,14086,115993,7066,78706,7020,37287,0,0,12161,110657,0.012719,1889,2691,0.000309,12175,113348,0.013028,8700223
1,2021-01-07,17535,133528,9171,87877,8364,45651,0,0,13013,119251,0.013707,4429,7120,0.000818,13023,126371,0.014525,8700223
1,2021-01-08,20213,153741,10499,98376,9714,55365,0,0,14264,127592,0.014665,5932,13052,0.0015,14273,140644,0.016166,8700223
1,2021-01-09,6695,160436,3399,101775,3296,58661,0,0,4839,130581,0.015009,1853,14905,0.001713,4842,145486,0.016722,8700223
1,2021-01-10,3096,163532,1766,103541,1330,59991,0,0,1907,131304,0.015092,1185,16090,0.001849,1908,147394,0.016941,8700223
1,2021-01-11,18079,181611,11850,115391,6229,66220,0,0,11528,136334,0.01567,6541,22631,0.002601,11571,158965,0.018271,8700223
1,2021-01-12,19133,200744,10963,126354,8170,74390,0,0,13137,143544,0.016499,5969,28600,0.003287,13179,172144,0.019786,8700223
1,2021-01-13,19857,220601,10746,137100,9111,83501,0,0,14694,153114,0.017599,5142,33742,0.003878,14712,186856,0.021477,8700223
1,2021-01-14,22054,242655,9449,146549,12605,96106,0,0,19298,169772,0.019514,2699,36441,0.004189,19357,206213,0.023702,8700223
1,2021-01-15,25198,267853,9249,155798,15949,112055,0,0,23254,191181,0.021974,1906,38347,0.004408,23315,229528,0.026382,8700223
1,2021-01-16,13889,281742,4543,160341,9346,121401,0,0,13012,203322,0.02337,874,39221,0.004508,13015,242543,0.027878,8700223
1,2021-01-17,5218,286960,2037,162378,3181,124582,0,0,4849,207806,0.023885,368,39589,0.00455,4852,247395,0.028435,8700223
1,2021-01-18,14338,301298,8608,170986,5730,130312,0,0,11154,215843,0.024809,3171,42760,0.004915,11208,258603,0.029724,8700223
1,2021-01-19,24688,325986,12766,183752,11922,142234,0,0,19531,230292,0.02647,5136,47896,0.005505,19585,278188,0.031975,8700223
1,2021-01-20,29449,355435,14738,198490,14711,156945,0,0,23518,247999,0.028505,5852,53748,0.006178,23559,301747,0.034683,8700223
1,2021-01-21,31245,386680,14666,213156,16579,173524,0,0,27962,272841,0.03136,3218,56966,0.006548,28060,329807,0.037908,8700223
1,2021-01-22,28417,415097,11289,224445,17128,190652,0,0,26348,297218,0.034162,2003,58969,0.006778,26380,356187,0.04094,8700223
1,2021-01-23,18738,433835,8195,232640,10543,201195,0,0,16777,312074,0.03587,1931,60900,0.007,16787,372974,0.042869,8700223
1,2021-01-24,6690,440525,4160,236800,2530,203725,0,0,6031,317457,0.036488,654,61554,0.007075,6037,379011,0.043563,8700223
1,2021-01-25,25462,465987,10505,247305,14957,218682,0,0,19660,331470,0.038099,5754,67308,0.007736,19767,398778,0.045835,8700223
1,2021-01-26,28841,494828,13486,260791,15355,234037,0,0,22143,346999,0.039884,6636,73944,0.008499,22165,420943,0.048383,8700223
1,2021-01-27,32692,527520,15569,276360,17123,251160,0,0,24568,363544,0.041786,8059,82003,0.009425,24604,445547,0.051211,8700223
1,2021-01-28,35021,562541,16428,292788,18593,269753,0,0,28042,384745,0.044222,6910,88913,0.01022,28111,473658,0.054442,8700223
1,2021-01-29,33742,596283,16485,309273,17257,287010,0,0,27136,405461,0.046604,6462,95375,0.010962,27178,500836,0.057566,8700223
1,2021-01-30,20182,616465,8716,317989,11466,298476,0,0,18039,421399,0.048435,2113,97488,0.011205,18051,518887,0.059641,8700223
1,2021-01-31,7696,624161,5013,323002,2683,301159,0,0,6982,427677,0.049157,707,98195,0.011286,6985,525872,0.060444,8700223
1,2021-02-01,29048,653209,12548,335550,16500,317659,0,0,21199,441084,0.050698,7797,105992,0.012183,21204,547076,0.062881,8700223
1,2021-02-02,32777,685986,11833,347383,20944,338603,0,0,24499,457426,0.052576,8194,114186,0.013124,24536,571612,0.065701,8700223
1,2021-02-03,39689,725675,15270,362653,24419,363022,0,0,28568,475080,0.054605,10952,125138,0.014383,28606,600218,0.068989,8700223
1,2021-02-04,44082,769757,17147,379800,26935,389957,0,0,31771,494715,0.056862,12185,137323,0.015784,31820,632038,0.072646,8700223
1,2021-02-05,46821,816578,17170,396970,29651,419608,0,0,30669,509435,0.058554,16002,153325,0.017623,30722,662760,0.076177,8700223
1,2021-02-06,26558,843136,10489,407459,16069,435677,0,0,20637,524216,0.060253,5873,159198,0.018298,20654,683414,0.078551,8700223
1,2021-02-07,6273,849409,4036,411495,2237,437914,0,0,4628,527237,0.0606,1625,160823,0.018485,4646,688060,0.079085,8700223
1,2021-02-08,31633,881042,14440,425935,17193,455107,0,0,21067,537934,0.06183,10468,171291,0.019688,21165,709225,0.081518,8700223
1,2021-02-09,38628,919670,16987,442922,21641,476748,0,0,23818,547106,0.062884,14726,186017,0.021381,23898,733123,0.084265,8700223
1,2021-02-10,47397,967067,22259,465181,25138,501886,0,0,26976,553869,0.063661,20294,206311,0.023713,27057,760180,0.087375,8700223
1,2021-02-11,51859,1018926,25439,490620,26420,528306,0,0,30956,564346,0.064866,20586,226897,0.026079,31063,791243,0.090945,8700223
1,2021-02-12,50052,1068978,21528,512148,28524,556830,0,0,28707,572004,0.065746,21189,248086,0.028515,28847,820090,0.094261,8700223
1,2021-02-13,26391,1095369,11538,523686,14853,571683,0,0,15268,576295,0.066239,11053,259139,0.029785,15344,835434,0.096024,8700223
1,2021-02-14,11801,1107170,5568,529254,6233,577916,0,0,6715,578022,0.066438,5055,264194,0.030366,6782,842216,0.096804,8700223
1,2021-02-15,23957,1131127,9411,538665,14546,592462,0,0,14582,583470,0.067064,9250,273444,0.03143,14698,856914,0.098493,8700223
1,2021-02-16,47231,1178358,22528,561193,24703,617165,0,0,27538,591514,0.067988,19608,293052,0.033683,27652,884566,0.101672,8700223
1,2021-02-17,48571,1226929,24595,585788,23976,641141,0,0,26130,595508,0.068447,22283,315335,0.036244,26277,910843,0.104692,8700223
1,2021-02-18,51207,1278136,25614,611402,25593,666734,0,0,26507,597796,0.06871,24453,339788,0.039055,26741,937584,0.107766,8700223
1,2021-02-19,46669,1324805,25304,636706,21365,688099,0,0,26114,603577,0.069375,20396,360184,0.041399,26177,963761,0.110774,8700223
1,2021-02-20,27674,1352479,16863,653569,10811,698910,0,0,15787,607619,0.069839,11823,372007,0.042758,15865,979626,0.112598,8700223
1,2021-02-21,12377,1364856,10654,664223,1723,700633,0,0,7432,610217,0.070138,4883,376890,0.04332,7481,987107,0.113458,8700223
1,2021-02-22,31645,1396501,20840,685063,10805,711438,0,0,18195,615160,0.070706,13353,390243,0.044854,18296,1005403,0.115561,8700223
1,2021-02-23,45944,1442445,22307,707370,23637,735075,0,0,25221,620316,0.071299,20427,410670,0.047202,25583,1030986,0.118501,8700223
1,2021-02-24,55918,1498363,26996,734366,28922,763997,0,0,30746,626552,0.072016,24965,435635,0.050072,31201,1062187,0.122087,8700223
1,2021-02-25,68572,1566935,33289,767655,35283,799280,0,0,42396,643449,0.073958,26001,461636,0.05306,42898,1105085,0.127018,8700223
1,2021-02-26,76627,1643562,35879,803534,40748,840028,0,0,50040,667625,0.076737,26338,487974,0.056088,50514,1155599,0.132824,8700223
1,2021-02-27,52800,1696362,24215,827749,28576,868604,9,9,34632,684509,0.078677,18024,505998,0.058159,34908,1190507,0.136836,8700223
1,2021-02-28,20234,1716596,12008,839757,8224,876828,2,11,14828,694163,0.079787,5316,511314,0.05877,14970,1205477,0.138557,8700223
1,2021-03-01,46096,1762692,21332,861089,24713,901541,51,62,29605,707755,0.081349,16303,527617,0.060644,29895,1235372,0.141993,8700223
1,2021-03-02,64776,1827468,27998,889087,36769,938310,9,71,41190,726173,0.083466,23402,551019,0.063334,41820,1277192,0.1468,8700223
1,2021-03-03,72025,1899493,34244,923331,37754,976064,27,98,43773,742484,0.085341,28083,579102,0.066562,44394,1321586,0.151903,8700223
1,2021-03-04,80046,1979539,37528,960859,42482,1018546,36,134,51373,765929,0.088036,28480,607582,0.069835,51925,1373511,0.157871,8700223
1,2021-03-05,79054,2058593,35615,996474,43232,1061778,207,341,52706,793371,0.09119,26100,633682,0.072835,53542,1427053,0.164025,8700223
1,2021-03-06,58015,2116608,27578,1024052,29087,1090865,1350,1691,39278,815705,0.093757,18655,652337,0.074979,40989,1468042,0.168736,8700223
1,2021-03-07,20947,2137555,13035,1037087,6721,1097586,1191,2882,15508,827242,0.095083,5412,657749,0.075601,16949,1484991,0.170684,8700223
1,2021-03-08,46060,2183615,22489,1059576,21611,1119197,1960,4842,32269,848119,0.097482,13686,671435,0.077174,34563,1519554,0.174657,8700223
1,2021-03-09,66731,2250346,32271,1091847,31952,1151149,2508,7350,41037,866459,0.09959,25539,696974,0.08011,43879,1563433,0.1797,8700223
1,2021-03-10,73763,2324109,36717,1128564,32547,1183696,4499,11849,45382,888435,0.102116,28268,725242,0.083359,50244,1613677,0.185475,8700223
1,2021-03-11,90225,2414334,41486,1170050,40730,1224426,8009,19858,52553,912001,0.104825,37437,762679,0.087662,61003,1674680,0.192487,8700223
1,2021-03-12,99043,2513377,43691,1213741,42946,1267372,12406,32264,57878,941778,0.108248,40950,803629,0.092369,70727,1745407,0.200616,8700223
1,2021-03-13,65315,2578692,29538,1243279,28103,1295475,7674,39938,41667,967918,0.111252,23513,827142,0.095071,49653,1795060,0.206323,8700223
1,2021-03-14,27906,2606598,14923,1258202,9414,1304889,3569,43507,15632,975104,0.112078,12200,839342,0.096474,19386,1814446,0.208552,8700223
1,2021-03-15,65274,2671872,28792,1286994,29731,1334620,6751,50258,38361,993878,0.114236,26691,866033,0.099541,45465,1859911,0.213777,8700223
1,2021-03-16,85819,2757691,39126,1326120,41047,1375667,5646,55904,53188,1020650,0.117313,32403,898436,0.103266,59175,1919086,0.220579,8700223
1,2021-03-17,93102,2850793,45384,1371504,41179,1416846,6539,62443,59825,1054329,0.121184,33036,931472,0.107063,66715,1985801,0.228247,8700223
1,2021-03-18,98858,2949651,50966,1422470,42170,1459016,5722,68165,59738,1081518,0.124309,38756,970228,0.111518,65945,2051746,0.235827,8700223
1,2021-03-19,103732,3053383,53732,1476202,43698,1502714,6302,74467,60593,1106093,0.127134,42835,1013063,0.116441,67410,2119156,0.243575,8700223
1,2021-03-20,72526,3125909,37295,1513497,30015,1532729,5216,79683,46496,1132245,0.13014,25841,1038904,0.119411,51993,2171149,0.249551,8700223
1,2021-03-21,27264,3153173,19037,1532534,6420,1539149,1807,81490,16959,1140891,0.131134,10210,1049114,0.120585,18856,2190005,0.251718,8700223
1,2021-03-22,59282,3212455,30636,1563170,25339,1564488,3307,84797,39867,1165250,0.133933,19186,1068300,0.12279,43545,2233550,0.256723,8700223
1,2021-03-23,83406,3295861,42433,1605603,37333,1601821,3640,88437,51188,1188573,0.136614,31960,1100260,0.126463,55283,2288833,0.263078,8700223
1,2021-03-24,88315,3384176,44653,1650256,39295,1641116,4367,92804,52622,1210330,0.139115,35397,1135657,0.130532,57154,2345987,0.269647,8700223
1,2021-03-25,97170,3481346,49662,1699918,41672,1682788,5836,98640,53800,1227136,0.141046,43034,1178691,0.135478,59840,2405827,0.276525,8700223
1,2021-03-26,104894,3586240,51149,1751067,47423,1730211,6322,104962,55988,1241207,0.142664,48531,1227222,0.141056,62602,2468429,0.28372,8700223
1,2021-03-27,74255,3660495,38371,1789438,31666,1761877,4218,109180,38061,1247723,0.143413,35958,1263180,0.145189,42474,2510903,0.288602,8700223
1,2021-03-28,32818,3693313,21489,1810927,10108,1771985,1221,110401,16432,1249551,0.143623,16273,1279453,0.14706,18101,2529004,0.290683,8700223
1,2021-03-29,67419,3760732,33495,1844422,30754,1802739,3170,113571,36998,1259721,0.144792,30199,1309652,0.150531,40369,2569373,0.295323,8700223
1,2021-03-30,92332,3853064,45469,1889891,40468,1843207,6395,119966,47199,1268487,0.145799,44910,1354562,0.155693,53676,2623049,0.301492,8700223
1,2021-03-31,101126,3954190,52800,1942691,42118,1885325,6208,126174,55241,1284443,0.147633,45556,1400118,0.160929,61512,2684561,0.308562,8700223
1,2021-04-01,113277,4067467,54038,1996729,50443,1935768,8796,134970,57617,1295699,0.148927,55197,1455315,0.167273,66453,2751014,0.3162,8700223
1,2021-04-02,112471,4179938,51364,2048093,51383,1987151,9724,144694,57015,1307626,0.150298,55013,1510328,0.173596,66940,2817954,0.323894,8700223
1,2021-04-03,78728,4258666,39594,2087687,29467,2016618,9667,154361,37008,1312828,0.150896,41527,1551855,0.17837,46729,2864683,0.329265,8700223
1,2021-04-04,23794,4282460,11834,2099521,8488,2025106,3472,157833,9943,1312447,0.150852,13782,1565637,0.179954,13401,2878084,0.330806,8700223
1,2021-04-05,77605,4360065,36993,2136514,31236,2056342,9376,167209,34991,1314571,0.151096,42392,1608029,0.184826,44516,2922600,0.335922,8700223
1,2021-04-06,104701,4464766,49584,2186098,38442,2094784,16675,183884,47364,1321606,0.151905,57024,1665053,0.19138,64059,2986659,0.343285,8700223
1,2021-04-07,112789,4577555,54656,2240754,40457,2135241,17676,201560,50969,1328751,0.152726,61503,1726556,0.19845,68648,3055307,0.351176,8700223
1,2021-04-08,123272,4700827,58363,2299117,43799,2179040,21110,222670,54596,1336266,0.15359,68237,1794793,0.206293,75752,3131059,0.359883,8700223
1,2021-04-09,124380,4825207,56714,2355831,46755,2225795,20911,243581,54635,1342465,0.154302,69377,1864170,0.214267,75576,3206635,0.368569,8700223
1,2021-04-10,97322,4922529,43412,2399243,30862,2256657,23048,266629,38539,1345433,0.154644,58562,1922732,0.220998,61530,3268165,0.375642,8700223
1,2021-04-11,36735,4959264,20400,2419643,9437,2266094,6898,273527,14854,1345467,0.154647,21816,1944548,0.223506,21850,3290015,0.378153,8700223
1,2021-04-12,74955,5034219,33453,2453096,31454,2297548,10048,283575,31838,1344677,0.154557,42815,1987363,0.228427,42025,3332040,0.382983,8700223
1,2021-04-13,98285,5132504,52549,2505645,45395,2342943,341,283916,53113,1353616,0.155584,44860,2032223,0.233583,53799,3385839,0.389167,8700223
1,2021-04-14,105129,5237633,54489,2560134,50566,2393509,74,283990,53394,1356105,0.15587,51348,2083571,0.239485,53837,3439676,0.395355,8700223
1,2021-04-15,105964,5343597,57530,2617664,48344,2441853,90,284080,56263,1363529,0.156723,49105,2132676,0.245129,56529,3496205,0.401852,8700223
1,2021-04-16,110827,5454424,56820,2674484,53919,2495772,88,284168,55321,1364160,0.156796,54963,2187639,0.251446,55594,3551799,0.408242,8700223
1,2021-04-17,83457,5537881,45314,2719798,38132,2533904,11,284179,46619,1374354,0.157968,36599,2224238,0.255653,46793,3598592,0.413621,8700223
1,2021-04-18,30321,5568202,20461,2740259,9853,2543757,7,284186,15259,1374855,0.158025,14967,2239205,0.257373,15468,3614060,0.415399,8700223
1,2021-04-19,67153,5635355,33982,2774241,33159,2576916,12,284198,30325,1368866,0.157337,36455,2275660,0.261563,30466,3644526,0.4189,8700223
1,2021-04-20,88474,5723829,44500,2818741,43950,2620866,24,284222,41345,1363673,0.15674,46764,2322424,0.266938,41571,3686097,0.423678,8700223
1,2021-04-21,97836,5821665,51040,2869781,46694,2667560,102,284324,43741,1354234,0.155655,53518,2375942,0.27309,44079,3730176,0.428745,8700223
1,2021-04-22,97660,5919325,51025,2920806,46618,2714178,17,284341,44712,1346761,0.154796,52421,2428363,0.279115,44948,3775124,0.433911,8700223
1,2021-04-23,102600,6021925,52983,2973789,49590,2763768,27,284368,48945,1342837,0.154345,53123,2481486,0.285221,49199,3824323,0.439566,8700223
1,2021-04-24,76429,6098354,47405,3021194,28997,2792765,27,284395,43073,1352993,0.155512,33200,2514686,0.289037,43356,3867679,0.444549,8700223
1,2021-04-25,27337,6125691,17422,3038616,9901,2802666,14,284409,15613,1357158,0.155991,11603,2526289,0.290371,15768,3883447,0.446362,8700223
1,2021-04-26,66456,6192147,34859,3073475,31195,2833861,402,284811,31707,1355176,0.155763,34432,2560721,0.294328,32450,3915897,0.450092,8700223
1,2021-04-27,81785,6273932,43483,3116958,36994,2870855,1308,286119,35653,1346653,0.154784,45824,2606545,0.299595,37301,3953198,0.454379,8700223
1,2021-04-28,81550,6355482,43385,3160343,36655,2907510,1510,287629,35854,1338910,0.153894,45335,2651880,0.304806,37592,3990790,0.4587,8700223
1,2021-04-29,84998,6440480,46770,3207113,36598,2944108,1630,289259,34649,1325388,0.15234,49964,2701844,0.310549,36442,4027232,0.462888,8700223
1,2021-04-30,92633,6533113,50182,3257295,40567,2984675,1884,291143,38643,1312444,0.150852,53633,2755477,0.316713,40689,4067921,0.467565,8700223
1,2021-05-01,63521,6596634,40848,3298143,21243,3005918,1430,292573,26754,1304342,0.149921,36501,2791978,0.320909,28399,4096320,0.470829,8700223
1,2021-05-02,23472,6620106,16606,3314749,6287,3012205,579,293152,9464,1300515,0.149481,13897,2805875,0.322506,10070,4106390,0.471987,8700223
1,2021-05-03,56324,6676430,31210,3345959,23267,3035472,1847,294999,20440,1287233,0.147954,35625,2841500,0.326601,22343,4128733,0.474555,8700223
1,2021-05-04,75889,6752319,43680,3389639,30110,3065582,2099,297098,27185,1268214,0.145768,48386,2889886,0.332162,29367,4158100,0.47793,8700223
1,2021-05-05,78357,6830676,45409,3435048,30644,3096226,2304,299402,26532,1245672,0.143177,51459,2941345,0.338077,28917,4187017,0.481254,8700223
1,2021-05-06,79877,6910553,48505,3483553,29191,3125417,2181,301583,24891,1218316,0.140033,54582,2995927,0.344351,27226,4214243,0.484383,8700223
1,2021-05-07,83398,6993951,47475,3531028,33725,3159142,2198,303781,27837,1193318,0.137159,55097,3051024,0.350683,30099,4244342,0.487843,8700223
1,2021-05-08,57314,7051265,35947,3566975,19722,3178864,1645,305426,19468,1177027,0.135287,37497,3088521,0.354993,21206,4265548,0.49028,8700223
1,2021-05-09,18272,7069537,13095,3580070,4698,3183562,479,305905,5570,1170487,0.134535,12623,3101144,0.356444,6083,4271631,0.490979,8700223
1,2021-05-10,44296,7113833,22391,3602461,20074,3203636,1831,307736,14813,1158032,0.133104,29193,3130337,0.3598,16738,4288369,0.492903,8700223
1,2021-05-11,62720,7176553,34083,3636544,26479,3230115,2158,309894,20628,1139141,0.130932,41794,3172131,0.364603,22903,4311272,0.495536,8700223
1,2021-05-12,62896,7239449,33407,3669951,27427,3257542,2062,311956,20658,1120027,0.128735,41900,3214031,0.369419,22786,4334058,0.498155,8700223
1,2021-05-13,67008,7306457,39280,3709231,25737,3283279,1991,313947,25517,1106723,0.127206,41090,3255121,0.374142,27786,4361844,0.501349,8700223
1,2021-05-14,76626,7383083,46203,3755434,28021,3311300,2402,316349,30969,1095129,0.125874,45242,3300363,0.379342,33648,4395492,0.505216,8700223
1,2021-05-15,66623,7449706,43720,3799154,21140,3332440,1763,318112,26531,1083713,0.124562,39774,3340137,0.383914,28358,4423850,0.508475,8700223
1,2021-05-16,25033,7474739,18437,3817591,5975,3338415,621,318733,10211,1079888,0.124122,14704,3354841,0.385604,10879,4434729,0.509726,8700223
1,2021-05-17,54230,7528969,33135,3850726,19327,3357742,1768,320501,22991,1073736,0.123415,30966,3385807,0.389163,24814,4459543,0.512578,8700223
1,2021-05-18,65057,7594026,39197,3889923,24025,3381767,1835,322336,28212,1067312,0.122676,36561,3422368,0.393366,30137,4489680,0.516042,8700223
1,2021-05-19,66317,7660343,40371,3930294,24021,3405788,1925,324261,29616,1062526,0.122126,36408,3458776,0.39755,31622,4521302,0.519677,8700223
1,2021-05-20,64533,7724876,37386,3967680,24930,3430718,2217,326478,26512,1053785,0.121122,37674,3496450,0.401881,28933,4550235,0.523002,8700223
1,2021-05-21,69887,7794763,41767,4009447,26264,3456982,1856,328334,28807,1043877,0.119983,40669,3537119,0.406555,30761,4580996,0.526538,8700223
1,2021-05-22,55917,7850680,36720,4046167,17475,3474457,1722,330056,24317,1038685,0.119386,31328,3568447,0.410156,26136,4607132,0.529542,8700223
1,2021-05-23,20485,7871165,14319,4060486,5580,3480037,586,330642,9488,1037889,0.119295,10893,3579340,0.411408,10097,4617229,0.530702,8700223
1,2021-05-24,43732,7914897,24372,4084858,17522,3497559,1838,332480,17677,1031685,0.118581,25800,3605140,0.414373,19596,4636825,0.532955,8700223
1,2021-05-25,50847,7965744,29245,4114103,19908,3517467,1694,334174,21073,1025063,0.11782,29487,3634627,0.417763,22865,4659690,0.535583,8700223
1,2021-05-26,48464,8014208,27464,4141567,19106,3536573,1894,336068,20503,1019844,0.11722,27660,3662287,0.420942,22441,4682131,0.538162,8700223
1,2021-05-27,47001,8061209,26353,4167920,18734,3555307,1914,337982,20146,1015458,0.116716,26561,3688848,0.423995,22175,4704306,0.540711,8700223
1,2021-05-28,52488,8113697,29286,4197206,21374,3576681,1828,339810,23515,1012287,0.116352,28638,3717486,0.427286,25467,4729773,0.543638,8700223
1,2021-05-29,30674,8144371,18577,4215783,11135,3587816,962,340772,14600,1011987,0.116317,15916,3733402,0.429116,15616,4745389,0.545433,8700223
1,2021-05-30,11677,8156048,7532,4223315,3590,3591406,555,341327,5520,1012002,0.116319,6084,3739486,0.429815,6099,4751488,0.546134,8700223
1,2021-05-31,5728,8161776,3259,4226574,2215,3593621,254,341581,1990,1010580,0.116156,3679,3743165,0.430238,2257,4753745,0.546393,8700223
1,2021-06-01,45880,8207656,25931,4252505,18378,3611999,1571,343152,17354,1001392,0.1151,28185,3771350,0.433477,18997,4772742,0.548577,8700223
1,2021-06-02,40022,8247678,23203,4275708,15304,3627303,1515,344667,16130,995527,0.114425,23588,3794938,0.436189,17723,4790465,0.550614,8700223
1,2021-06-03,41416,8289094,25941,4301649,13785,3641088,1690,346357,15805,987791,0.113536,25302,3820240,0.439097,17566,4808031,0.552633,8700223
1,2021-06-04,50211,8339305,32108,4333757,16293,3657381,1810,348167,17938,975708,0.112147,31910,3852150,0.442765,19827,4827858,0.554912,8700223
1,2021-06-05,40362,8379667,27517,4361274,10838,3668219,2007,350174,14158,965941,0.111025,25984,3878134,0.445751,16217,4844075,0.556776,8700223
1,2021-06-06,13209,8392876,10569,4371843,2125,3670344,515,350689,4577,962544,0.110634,8549,3886683,0.446734,5152,4849227,0.557368,8700223
1,2021-06-07,34021,8426897,23423,4395266,9238,3679582,1360,352049,12082,954313,0.109688,21723,3908406,0.449231,13492,4862719,0.558919,8700223
1,2021-06-08,42280,8469177,29250,4424516,11373,3690955,1657,353706,14720,943500,0.108445,27280,3935686,0.452366,16467,4879186,0.560812,8700223
1,2021-06-09,42206,8511383,29267,4453783,11289,3702244,1650,355356,13744,930803,0.106986,28148,3963834,0.455601,15451,4894637,0.562588,8700223
1,2021-06-10,39148,8550531,26346,4480129,11100,3713344,1702,357058,13366,920446,0.105796,25528,3989362,0.458536,15171,4909808,0.564331,8700223
1,2021-06-11,44016,8594547,29192,4509321,13141,3726485,1683,358741,15689,909876,0.104581,28019,4017381,0.461756,17449,4927257,0.566337,8700223
1,2021-06-12,33761,8628308,24401,4533722,8147,3734632,1213,359954,11108,899828,0.103426,22435,4039816,0.464335,12387,4939644,0.567761,8700223
1,2021-06-13,11627,8639935,8443,4542165,2704,3737336,480,360434,3385,895555,0.102935,8171,4047987,0.465274,3898,4943542,0.568209,8700223
1,2021-06-14,30941,8670876,20827,4562992,8809,3746145,1305,361739,11589,889326,0.102219,19151,4067138,0.467475,12922,4956464,0.569694,8700223
1,2021-06-15,37256,8708132,24421,4587413,10977,3757122,1858,363597,13808,881909,0.101366,23175,4090313,0.470139,15758,4972222,0.571505,8700223
1,2021-06-16,35513,8743645,23986,4611399,9688,3766810,1839,365436,13347,875252,0.100601,21898,4112211,0.472656,15241,4987463,0.573257,8700223
1,2021-06-17,33602,8777247,22209,4633608,9446,3776256,1947,367383,13127,870186,0.100019,20235,4132446,0.474982,15169,5002632,0.575,8700223
1,2021-06-18,39653,8816900,25745,4659353,11048,3787304,2860,370243,15414,864563,0.099373,23955,4156401,0.477735,18332,5020964,0.577108,8700223
1,2021-06-19,24036,8840936,16683,4676036,6152,3793456,1201,371444,9801,861539,0.099025,14064,4170465,0.479352,11040,5032004,0.578376,8700223
1,2021-06-20,8157,8849093,5975,4682011,1906,3795362,276,371720,3240,860216,0.098873,4850,4175315,0.479909,3527,5035531,0.578782,8700223
1,2021-06-21,20961,8870054,11857,4693868,6920,3802282,2184,373904,10933,863470,0.099247,9913,4185228,0.481048,13167,5048698,0.580295,8700223
1,2021-06-22,30813,8900867,20106,4713974,8567,3810849,2140,376044,12913,860903,0.098952,17684,4202912,0.483081,15117,5063815,0.582033,8700223
1,2021-06-23,29393,8930260,19732,4733706,7846,3818695,1815,377859,12833,859234,0.09876,16340,4219252,0.484959,14671,5078486,0.583719,8700223
1,2021-06-24,28400,8958660,18918,4752624,7809,3826504,1673,379532,12045,856872,0.098489,16149,4235401,0.486815,13787,5092273,0.585304,8700223
1,2021-06-25,31711,8990371,21488,4774112,8823,3835327,1400,380932,13963,854779,0.098248,17507,4252908,0.488827,15414,5107687,0.587075,8700223
1,2021-06-26,22223,9012594,16479,4790591,4917,3840244,827,381759,9702,852958,0.098039,12400,4265308,0.490253,10579,5118266,0.588291,8700223
1,2021-06-27,9151,9021745,6802,4797393,1917,3842161,432,382191,4057,852436,0.097979,5026,4270334,0.49083,4504,5122770,0.588809,8700223
1,2021-06-28,21112,9042857,15662,4813055,4199,3846360,1251,383442,9789,852396,0.097974,11128,4281462,0.492109,11088,5133858,0.590083,8700223
1,2021-06-29,26579,9069436,18180,4831235,7022,3853382,1377,384819,11708,850850,0.097796,14688,4296150,0.493798,13142,5147000,0.591594,8700223
1,2021-06-30,25871,9095307,17889,4849124,6930,3860312,1052,385871,12305,850929,0.097805,13350,4309500,0.495332,13429,5160429,0.593138,8700223
1,2021-07-01,23642,9118949,16437,4865561,5938,3866250,1267,387138,10946,850676,0.097776,12547,4322047,0.496774,12294,5172723,0.594551,8700223
1,2021-07-02,26349,9145298,18081,4883642,7229,3873479,1039,388177,12322,850283,0.097731,13836,4335883,0.498365,13443,5186166,0.596096,8700223
1,2021-07-03,14598,9159896,10197,4893839,3961,3877440,440,388617,6936,850161,0.097717,7530,4343413,0.49923,7408,5193574,0.596947,8700223
1,2021-07-04,1267,9161163,708,4894547,494,3877934,65,388682,611,850197,0.097721,647,4344060,0.499304,683,5194257,0.597026,8700223
1,2021-07-05,11003,9172166,7581,4902128,3058,3880992,364,389046,5218,850109,0.097711,5715,4349775,0.499961,5627,5199884,0.597672,8700223
1,2021-07-06,27086,9199252,19128,4921256,6824,3887816,1134,390180,10817,846075,0.097248,16085,4365860,0.50181,12051,5211935,0.599058,8700223
1,2021-07-07,23636,9222888,16551,4937807,5934,3893750,1151,391331,10166,844196,0.097032,13282,4379142,0.503337,11403,5223338,0.600368,8700223
1,2021-07-08,22693,9245581,15658,4953465,5946,3899696,1089,392420,9811,842440,0.09683,12748,4391890,0.504802,10992,5234330,0.601632,8700223
1,2021-07-09,26758,9272339,18926,4972391,6677,3906373,1155,393575,12065,841200,0.096687,14519,4406409,0.506471,13279,5247609,0.603158,8700223
1,2021-07-10,17663,9290002,12749,4985140,4157,3910530,757,394332,7857,840181,0.09657,9683,4416092,0.507584,8664,5256273,0.604154,8700223
1,2021-07-11,6744,9296746,4927,4990067,1616,3912146,201,394533,3252,840211,0.096574,3441,4419533,0.507979,3471,5259744,0.604553,8700223
1,2021-07-12,20086,9316832,14413,5004480,4793,3916939,880,395413,8910,839055,0.096441,11038,4430571,0.509248,9882,5269626,0.605689,8700223
1,2021-07-13,22101,9338933,15436,5019916,5870,3922809,795,396208,10338,838653,0.096394,11622,4442193,0.510584,11220,5280846,0.606978,8700223
1,2021-07-14,22086,9361019,15148,5035064,5964,3928773,974,397182,9924,837663,0.096281,12003,4454196,0.511963,11013,5291859,0.608244,8700223
1,2021-07-15,21496,9382515,15293,5050357,5480,3934253,723,397905,10312,837764,0.096292,11039,4465235,0.513232,11140,5302999,0.609524,8700223
1,2021-07-16,26487,9409002,18532,5068889,6969,3941222,986,398891,13056,838625,0.096391,13268,4478503,0.514757,14129,5317128,0.611148,8700223
1,2021-07-17,18383,9427385,13256,5082145,4425,3945647,702,399593,9014,839131,0.096449,9244,4487747,0.51582,9750,5326878,0.612269,8700223
1,2021-07-18,7426,9434811,5479,5087624,1661,3947308,286,399879,3800,839665,0.096511,3569,4491316,0.51623,4103,5330981,0.612741,8700223
1,2021-07-19,20751,9455562,15046,5102670,4882,3952190,823,400702,10415,840800,0.096641,10203,4501519,0.517403,11338,5342319,0.614044,8700223
1,2021-07-20,24441,9480003,16917,5119587,6663,3958853,861,401563,12558,842613,0.09685,11698,4513217,0.518747,13511,5355830,0.615597,8700223
1,2021-07-21,24836,9504839,17472,5137059,6171,3965024,1193,402756,12700,844638,0.097082,11985,4525202,0.520125,14010,5369840,0.617207,8700223
1,2021-07-22,24018,9528857,16956,5154015,6236,3971260,826,403582,13110,847939,0.097462,10723,4535925,0.521357,14024,5383864,0.618819,8700223
1,2021-07-23,28348,9557205,19990,5174005,7360,3978620,998,404580,15767,852373,0.097971,12401,4548326,0.522783,16835,5400699,0.620754,8700223
1,2021-07-24,17911,9575116,12642,5186647,4715,3983335,554,405134,10558,856275,0.09842,7237,4555563,0.523615,11139,5411838,0.622034,8700223
1,2021-07-25,7373,9582489,5292,5191939,1973,3985308,108,405242,5504,860078,0.098857,1829,4557392,0.523825,5632,5417470,0.622682,8700223
1,2021-07-26,20925,9603414,14444,5206383,5748,3991056,733,405975,13486,867046,0.099658,7320,4564712,0.524666,14288,5431758,0.624324,8700223
1,2021-07-27,26439,9629853,18849,5225232,6670,3997726,920,406895,15616,872983,0.10034,10656,4575368,0.525891,16593,5448351,0.626231,8700223
1,2021-07-28,27279,9657132,19308,5244540,7119,4004845,852,407747,16751,880312,0.101183,10341,4585709,0.527079,17670,5466021,0.628262,8700223
1,2021-07-29,25899,9683031,18363,5262903,6793,4011638,743,408490,16219,887819,0.102046,9517,4595226,0.528173,17024,5483045,0.630219,8700223
1,2021-07-30,30077,9713108,21517,5284420,7696,4019334,864,409354,18446,895734,0.102955,11440,4606666,0.529488,19355,5502400,0.632444,8700223
1,2021-07-31,19361,9732469,14055,5298475,4781,4024115,525,409879,12056,901186,0.103582,7152,4613818,0.53031,12604,5515004,0.633892,8700223
1,2021-08-01,8677,9741146,6560,5305035,1995,4026110,122,410001,5937,904575,0.103971,2695,4616513,0.53062,6084,5521088,0.634592,8700223
1,2021-08-02,23781,9764927,17785,5322820,5349,4031459,647,410648,15479,912591,0.104893,8159,4624672,0.531558,16175,5537263,0.636451,8700223
1,2021-08-03,15490,9780417,11320,5334140,3441,4034900,729,411377,9617,917198,0.105422,5761,4630433,0.53222,10368,5547631,0.637642,8700223
2,2020-12-15,248,248,248,248,0,0,0,0,248,248,2.9e-05,0,0,0.0,248,248,2.9e-05,8407551
2,2020-12-16,2114,2362,2114,2362,0,0,0,0,2113,2361,0.000281,0,0,0.0,2113,2361,0.000281,8407551
2,2020-12-17,6928,9290,6928,9290,0,0,0,0,6929,9290,0.001105,0,0,0.0,6929,9290,0.001105,8407551
2,2020-12-18,11105,20395,11085,20375,20,20,0,0,11105,20395,0.002426,0,0,0.0,11105,20395,0.002426,8407551
2,2020-12-19,5626,26021,5620,25995,6,26,0,0,5627,26022,0.003095,0,0,0.0,5627,26022,0.003095,8407551
2,2020-12-20,4260,30281,4249,30244,11,37,0,0,4255,30276,0.003601,1,1,0.0,4255,30277,0.003601,8407551
2,2020-12-21,12812,43093,12783,43027,29,66,0,0,12767,43043,0.00512,0,1,0.0,12767,43044,0.00512,8407551
2,2020-12-22,12162,55255,11644,54671,518,584,0,0,12160,55203,0.006566,0,1,0.0,12160,55204,0.006566,8407551
2,2020-12-23,11730,66985,9504,64175,2226,2810,0,0,11733,66936,0.007961,1,2,0.0,11734,66938,0.007962,8407551
2,2020-12-24,5911,72896,3499,67674,2412,5222,0,0,5906,72840,0.008664,4,6,1e-06,5908,72846,0.008664,8407551
2,2020-12-25,488,73384,409,68083,79,5301,0,0,490,73330,0.008722,0,6,1e-06,490,73336,0.008723,8407551
2,2020-12-26,2559,75943,1661,69744,898,6199,0,0,2560,75889,0.009026,1,7,1e-06,2560,75896,0.009027,8407551
2,2020-12-27,2234,78177,1214,70958,1020,7219,0,0,2231,78118,0.009291,2,9,1e-06,2231,78127,0.009292,8407551
2,2020-12-28,11040,89217,7174,78132,3866,11085,0,0,11039,89155,0.010604,2,11,1e-06,11039,89166,0.010605,8407551
2,2020-12-29,12747,101964,7165,85297,5582,16667,0,0,12752,101907,0.012121,0,11,1e-06,12752,101918,0.012122,8407551
2,2020-12-30,15473,117437,8676,93973,6797,23464,0,0,15467,117371,0.01396,5,16,2e-06,15469,117387,0.013962,8407551
2,2020-12-31,7590,125027,2831,96804,4759,28223,0,0,7583,124949,0.014862,5,21,2e-06,7583,124970,0.014864,8407551
2,2021-01-01,1265,126292,626,97430,639,28862,0,0,1264,126209,0.015011,4,25,3e-06,1264,126234,0.015014,8407551
2,2021-01-02,4856,131148,2770,100200,2086,30948,0,0,4853,131060,0.015588,2,27,3e-06,4853,131087,0.015592,8407551
2,2021-01-03,1413,132561,796,100996,617,31565,0,0,1405,132461,0.015755,4,31,4e-06,1405,132492,0.015759,8407551
2,2021-01-04,11702,144263,5562,106558,6140,37705,0,0,11692,144150,0.017145,3,34,4e-06,11692,144184,0.017149,8407551
2,2021-01-05,13902,158165,6954,113512,6948,44653,0,0,12677,155645,0.018513,1217,1251,0.000149,12712,156896,0.018661,8407551
2,2021-01-06,19046,177211,10501,124013,8545,53198,0,0,15216,167101,0.019875,3771,5022,0.000597,15227,172123,0.020472,8407551
2,2021-01-07,23325,200536,13143,137156,10182,63380,0,0,15630,175049,0.02082,7698,12720,0.001513,15646,187769,0.022333,8407551
2,2021-01-08,26929,227465,16227,153383,10702,74082,0,0,16583,181368,0.021572,10290,23010,0.002737,16609,204378,0.024309,8407551
2,2021-01-09,9879,237344,5781,159164,4098,78180,0,0,6289,184084,0.021895,3580,26590,0.003163,6296,210674,0.025058,8407551
2,2021-01-10,5317,242661,2972,162136,2345,80525,0,0,3049,184871,0.021989,2268,28858,0.003432,3055,213729,0.025421,8407551
2,2021-01-11,26059,268720,18016,180152,8043,88568,0,0,14932,188731,0.022448,11123,39981,0.004755,14983,228712,0.027203,8407551
2,2021-01-12,26392,295112,16380,196532,10012,98580,0,0,16774,195975,0.023309,9619,49600,0.005899,16863,245575,0.029209,8407551
2,2021-01-13,28606,323718,15165,211697,13441,112021,0,0,20587,208593,0.02481,8000,57600,0.006851,20618,266193,0.031661,8407551
2,2021-01-14,30601,354319,11673,223370,18928,130949,0,0,26297,230657,0.027435,4311,61911,0.007364,26375,292568,0.034798,8407551
2,2021-01-15,35112,389431,12700,236070,22412,153361,0,0,31810,259266,0.030837,3293,65204,0.007755,31902,324470,0.038593,8407551
2,2021-01-16,18121,407552,5999,242069,12122,165483,0,0,16780,274702,0.032673,1356,66560,0.007917,16792,341262,0.04059,8407551
2,2021-01-17,10553,418105,3557,245626,6996,172479,0,0,9819,283782,0.033753,749,67309,0.008006,9829,351091,0.041759,8407551
2,2021-01-18,19778,437883,11052,256678,8726,181205,0,0,14955,293957,0.034963,4842,72151,0.008582,15017,366108,0.043545,8407551
2,2021-01-19,32646,470529,16970,273648,15676,196881,0,0,24595,310619,0.036945,8049,80200,0.009539,24711,390819,0.046484,8407551
2,2021-01-20,37658,508187,18988,292636,18670,215551,0,0,29027,331138,0.039386,8600,88800,0.010562,29119,419938,0.049948,8407551
2,2021-01-21,41027,549214,17439,310075,23588,239139,0,0,36507,363337,0.043216,4488,93288,0.011096,36687,456625,0.054311,8407551
2,2021-01-22,39640,588854,16574,326649,23066,262205,0,0,36275,396258,0.047131,3382,96670,0.011498,36303,492928,0.058629,8407551
2,2021-01-23,24150,613004,10790,337439,13360,275565,0,0,21170,414498,0.049301,2960,99630,0.01185,21200,514128,0.061151,8407551
2,2021-01-24,12447,625451,6107,343546,6340,281905,0,0,11525,425132,0.050565,906,100536,0.011958,11540,525668,0.062523,8407551
2,2021-01-25,33936,659387,15609,359155,18327,300232,0,0,25087,441564,0.05252,8797,109333,0.013004,25229,550897,0.065524,8407551
2,2021-01-26,40412,699799,19784,378939,20628,320860,0,0,31167,463598,0.055141,9220,118553,0.014101,31254,582151,0.069241,8407551
2,2021-01-27,45684,745483,22659,401598,23025,343885,0,0,35319,488741,0.058131,10237,128790,0.015318,35380,617531,0.07345,8407551
2,2021-01-28,47940,793423,22374,423972,25566,369451,0,0,39187,519317,0.061768,8686,137476,0.016351,39262,656793,0.078119,8407551
2,2021-01-29,45609,839032,22001,445973,23608,393059,0,0,36831,547562,0.065127,8652,146128,0.017381,36897,693690,0.082508,8407551
2,2021-01-30,31292,870324,13316,459289,17976,411035,0,0,27883,572108,0.068047,3371,149499,0.017782,27917,721607,0.085828,8407551
2,2021-01-31,17171,887495,10213,469502,6958,417993,0,0,15956,586893,0.069805,1194,150693,0.017924,15979,737586,0.087729,8407551
2,2021-02-01,41123,928618,19708,489210,21415,439408,0,0,29982,605833,0.072058,11081,161774,0.019242,30021,767607,0.0913,8407551
2,2021-02-02,47934,976552,19471,508681,28463,467871,0,0,36379,630843,0.075033,11464,173238,0.020605,36474,804081,0.095638,8407551
2,2021-02-03,54056,1030608,23797,532478,30259,498130,0,0,39790,656568,0.078093,14162,187400,0.022289,39887,843968,0.100382,8407551
2,2021-02-04,56253,1086861,24160,556638,32093,530223,0,0,40955,682434,0.081169,15188,202588,0.024096,41054,885022,0.105265,8407551
2,2021-02-05,60160,1147021,26225,582863,33935,564158,0,0,40572,703816,0.083712,19377,221965,0.026401,40759,925781,0.110113,8407551
2,2021-02-06,39368,1186389,18361,601224,21007,585165,0,0,31371,727360,0.086513,7921,229886,0.027343,31465,957246,0.113856,8407551
2,2021-02-07,15726,1202115,10443,611667,5283,590448,0,0,11934,735601,0.087493,3763,233649,0.02779,12004,969250,0.115283,8407551
2,2021-02-08,43096,1245211,21885,633552,21211,611659,0,0,29487,751834,0.089424,13464,247113,0.029392,29697,998947,0.118815,8407551
2,2021-02-09,49647,1294858,23433,656985,26214,637873,0,0,30649,764138,0.090887,18696,265809,0.031616,31000,1029947,0.122503,8407551
2,2021-02-10,59642,1354500,27911,684896,31731,669604,0,0,34409,773964,0.092056,24939,290748,0.034582,34765,1064712,0.126638,8407551
2,2021-02-11,64340,1418840,29546,714442,34794,704398,0,0,35809,782110,0.093025,28164,318912,0.037932,36310,1101022,0.130956,8407551
2,2021-02-12,65627,1484467,28210,742652,37417,741815,0,0,34844,787147,0.093624,30470,349382,0.041556,35507,1136529,0.13518,8407551
2,2021-02-13,38128,1522595,15908,758560,22220,764035,0,0,21997,793500,0.094379,16025,365407,0.043462,22378,1158907,0.137841,8407551
2,2021-02-14,20155,1542750,9364,767924,10791,774826,0,0,11195,796153,0.094695,8907,374314,0.044521,11560,1170467,0.139216,8407551
2,2021-02-15,33301,1576051,15001,782925,18300,793126,0,0,18456,800758,0.095243,14706,389020,0.04627,19311,1189778,0.141513,8407551
2,2021-02-16,56558,1632609,27712,810637,28846,821972,0,0,29775,804548,0.095694,26661,415681,0.049441,30451,1220229,0.145135,8407551
2,2021-02-17,61881,1694490,31825,842462,30056,852028,0,0,30713,805021,0.09575,31067,446748,0.053137,31540,1251769,0.148886,8407551
2,2021-02-18,66519,1761009,33513,875975,33006,885034,0,0,32372,804670,0.095708,33879,480627,0.057166,33528,1285297,0.152874,8407551
2,2021-02-19,59865,1820874,33142,909117,26723,911757,0,0,29713,805035,0.095751,29954,510581,0.060729,30319,1315616,0.15648,8407551
2,2021-02-20,37849,1858723,24557,933674,13292,925049,0,0,20559,809094,0.096234,17183,527764,0.062773,21242,1336858,0.159007,8407551
2,2021-02-21,21767,1880490,17612,951286,4155,929204,0,0,10790,809801,0.096318,10884,538648,0.064067,11591,1348449,0.160385,8407551
2,2021-02-22,39521,1920011,26993,978279,12528,941732,0,0,18692,808498,0.096163,20673,559321,0.066526,19370,1367819,0.162689,8407551
2,2021-02-23,53997,1974008,27562,1005841,26435,968167,0,0,23664,804000,0.095628,30064,589385,0.070102,25566,1393385,0.16573,8407551
2,2021-02-24,71315,2045323,36725,1042566,34590,1002757,0,0,32700,800679,0.095233,38395,627780,0.074669,35074,1428459,0.169902,8407551
2,2021-02-25,77368,2122691,36580,1079146,40788,1043545,0,0,39265,804949,0.095741,37823,665603,0.079167,42093,1470552,0.174908,8407551
2,2021-02-26,85965,2208656,36834,1115980,49131,1092676,0,0,46219,813935,0.09681,39428,705031,0.083857,48414,1518966,0.180667,8407551
2,2021-02-27,63027,2271683,29299,1145279,33720,1126396,8,8,34135,820769,0.097623,28644,733675,0.087264,35478,1554444,0.184887,8407551
2,2021-02-28,30989,2302672,18575,1163854,12413,1138809,1,9,18014,826781,0.098338,12842,746517,0.088791,18854,1573298,0.187129,8407551
2,2021-03-01,58784,2361456,30692,1194546,28040,1166849,52,61,32041,833658,0.099156,26419,772936,0.091934,33296,1606594,0.191089,8407551
2,2021-03-02,70375,2431831,33760,1228306,36604,1203453,11,72,39366,844558,0.100452,30815,803751,0.095599,41715,1648309,0.196051,8407551
2,2021-03-03,81452,2513283,39263,1267569,42174,1245627,15,87,46024,857975,0.102048,35209,838960,0.099786,48626,1696935,0.201835,8407551
2,2021-03-04,89142,2602425,43637,1311206,45474,1291101,31,118,51355,874216,0.10398,37529,876489,0.10425,53770,1750705,0.20823,8407551
2,2021-03-05,82924,2685349,38894,1350100,43720,1334821,310,428,50512,895254,0.106482,32178,908667,0.108077,53216,1803921,0.21456,8407551
2,2021-03-06,63355,2748704,30922,1381022,30729,1365550,1704,2132,38852,912877,0.108578,24362,933029,0.110975,41985,1845906,0.219553,8407551
2,2021-03-07,28641,2777345,16274,1397296,10825,1376375,1542,3674,18155,923274,0.109815,10413,943442,0.112214,20810,1866716,0.222029,8407551
2,2021-03-08,50881,2828226,23328,1420624,24988,1401363,2565,6239,31956,940615,0.111877,18817,962259,0.114452,36158,1902874,0.226329,8407551
2,2021-03-09,70727,2898953,32215,1452839,34655,1436018,3857,10096,39137,953498,0.11341,31446,993705,0.118192,44329,1947203,0.231602,8407551
2,2021-03-10,78609,2977562,37171,1490010,34882,1470900,6556,16652,41701,966393,0.114943,36679,1030384,0.122555,49574,1996777,0.237498,8407551
2,2021-03-11,93409,3070971,43091,1533101,41937,1512837,8381,25033,48727,980535,0.116626,44351,1074735,0.12783,58493,2055270,0.244455,8407551
2,2021-03-12,94336,3165307,38827,1571928,43535,1556372,11974,37007,46922,993681,0.118189,47146,1121881,0.133437,60292,2115562,0.251626,8407551
2,2021-03-13,69326,3234633,29003,1600931,32314,1588686,8009,45016,38063,1009919,0.12012,31123,1153004,0.137139,47361,2162923,0.25726,8407551
2,2021-03-14,37067,3271700,18324,1619255,14222,1602908,4521,49537,18601,1015424,0.120775,18358,1171362,0.139323,23863,2186786,0.260098,8407551
2,2021-03-15,67545,3339245,30476,1649731,32052,1634960,5017,54554,37181,1028579,0.12234,30133,1201495,0.142907,43288,2230074,0.265247,8407551
2,2021-03-16,86481,3425726,38279,1688010,44175,1679135,4027,58581,52237,1051939,0.125118,34027,1235522,0.146954,57387,2287461,0.272072,8407551
2,2021-03-17,93057,3518783,44563,1732573,44293,1723428,4201,62782,58904,1081994,0.128693,33865,1269387,0.150982,63920,2351381,0.279675,8407551
2,2021-03-18,98404,3617187,46939,1779512,46866,1770294,4599,67381,59694,1108463,0.131841,38378,1307765,0.155546,64847,2416228,0.287388,8407551
2,2021-03-19,97709,3714896,46231,1825743,45339,1815633,6139,73520,57687,1133102,0.134772,39701,1347466,0.160269,64340,2480568,0.29504,8407551
2,2021-03-20,70099,3784995,33988,1859731,32144,1847777,3967,77487,45687,1158947,0.137846,24169,1371635,0.163143,50014,2530582,0.300989,8407551
2,2021-03-21,33467,3818462,21614,1881345,9852,1857629,2001,79488,19955,1167973,0.13892,13360,1384995,0.164732,22386,2552968,0.303652,8407551
2,2021-03-22,62976,3881438,34663,1916008,25679,1883308,2634,82122,41664,1192098,0.141789,21069,1406064,0.167238,45194,2598162,0.309027,8407551
2,2021-03-23,84103,3965541,44689,1960697,36494,1919802,2920,85042,52212,1216518,0.144694,31593,1437657,0.170996,56013,2654175,0.315689,8407551
2,2021-03-24,92062,4057603,49434,2010131,39452,1959254,3176,88218,53699,1236199,0.147034,38015,1475672,0.175517,57696,2711871,0.322552,8407551
2,2021-03-25,101672,4159275,51259,2061390,46516,2005770,3897,92115,57246,1254062,0.149159,44042,1519714,0.180756,61905,2773776,0.329915,8407551
2,2021-03-26,103749,4263024,51407,2112797,48841,2054611,3501,95616,56394,1268050,0.150823,46948,1566662,0.18634,60936,2834712,0.337163,8407551
2,2021-03-27,75929,4338953,37863,2150660,34759,2089370,3307,98923,37838,1272238,0.151321,37817,1604479,0.190838,42005,2876717,0.342159,8407551
2,2021-03-28,37833,4376786,23361,2174021,13662,2103032,810,99733,20139,1276474,0.151825,17560,1622039,0.192926,21796,2898513,0.344751,8407551
2,2021-03-29,71612,4448398,36399,2210420,32937,2135969,2276,102009,40519,1289314,0.153352,30866,1652905,0.196598,43706,2942219,0.34995,8407551
2,2021-03-30,92248,4540646,45207,2255627,42657,2178626,4384,106393,51572,1305458,0.155272,40456,1693361,0.20141,56600,2998819,0.356682,8407551
2,2021-03-31,101450,4642096,52292,2307919,44043,2222669,5115,111508,57345,1324484,0.157535,43781,1737142,0.206617,62807,3061626,0.364152,8407551
2,2021-04-01,117971,4760067,56933,2364852,51778,2274447,9260,120768,64068,1344744,0.159945,53471,1790613,0.212977,73731,3135357,0.372922,8407551
2,2021-04-02,111947,4872014,51550,2416402,50177,2324624,10220,130988,59877,1363631,0.162191,51666,1842279,0.219122,70553,3205910,0.381313,8407551
2,2021-04-03,76987,4949001,37833,2454235,29318,2353942,9836,140824,38095,1373261,0.163337,38677,1880956,0.223722,48307,3254217,0.387059,8407551
2,2021-04-04,29036,4978037,14938,2469173,10238,2364180,3860,144684,13023,1374272,0.163457,15901,1896857,0.225613,16912,3271129,0.38907,8407551
2,2021-04-05,79395,5057432,38887,2508060,31651,2395831,8857,153541,38249,1381158,0.164276,40955,1937812,0.230485,47841,3318970,0.394761,8407551
2,2021-04-06,104177,5161609,50734,2558794,38707,2434538,14736,168277,49305,1391008,0.165447,54578,1992390,0.236976,64428,3383398,0.402424,8407551
2,2021-04-07,110741,5272350,55226,2614020,39217,2473755,16298,184575,52050,1401222,0.166662,58382,2050772,0.24392,68596,3451994,0.410583,8407551
2,2021-04-08,119619,5391969,57574,2671594,43264,2517019,18781,203356,55470,1412246,0.167974,63765,2114537,0.251505,74789,3526783,0.419478,8407551
2,2021-04-09,119103,5511072,57307,2728901,43646,2560665,18150,221506,56292,1425092,0.169501,62426,2176963,0.25893,75272,3602055,0.428431,8407551
2,2021-04-10,87762,5598834,37864,2766765,31442,2592107,18456,239962,36126,1428968,0.169962,51370,2228333,0.265039,55246,3657301,0.435002,8407551
2,2021-04-11,44521,5643355,23093,2789858,12949,2605056,8479,248441,18220,1430231,0.170113,26150,2254483,0.26815,27413,3684714,0.438262,8407551
2,2021-04-12,80266,5723621,37349,2827207,33474,2638530,9443,257884,35717,1432110,0.170336,44269,2298752,0.273415,46148,3730862,0.443751,8407551
2,2021-04-13,102110,5825731,53021,2880228,48827,2687357,262,258146,55842,1443123,0.171646,45985,2344737,0.278885,56998,3787860,0.450531,8407551
2,2021-04-14,106928,5932659,56008,2936236,50866,2738223,54,258200,54534,1447074,0.172116,52075,2396812,0.285078,56026,3843886,0.457194,8407551
2,2021-04-15,113304,6045963,60127,2996363,53091,2791314,86,258286,58998,1453329,0.17286,53898,2450710,0.291489,60153,3904039,0.464349,8407551
2,2021-04-16,110965,6156928,57511,3053874,53399,2844713,55,258341,56260,1456157,0.173196,54339,2505049,0.297952,57167,3961206,0.471149,8407551
2,2021-04-17,83643,6240571,42534,3096408,41095,2885808,14,258355,46714,1467080,0.174496,36672,2541721,0.302314,47595,4008801,0.47681,8407551
2,2021-04-18,35750,6276321,21654,3118062,14089,2899897,7,258362,17032,1466523,0.174429,18578,2560299,0.304524,18021,4026822,0.478953,8407551
2,2021-04-19,74941,6351262,40324,3158386,34599,2934496,18,258380,34052,1460606,0.173725,40609,2600908,0.309354,34692,4061514,0.483079,8407551
2,2021-04-20,97651,6448913,49383,3207769,48241,2982737,27,258407,47135,1458355,0.173458,50156,2651064,0.315319,47905,4109419,0.488777,8407551
2,2021-04-21,103954,6552867,56264,3264033,47629,3030366,61,258468,49009,1453937,0.172932,54457,2705521,0.321797,50039,4159458,0.494729,8407551
2,2021-04-22,108476,6661343,56080,3320113,52371,3082737,25,258493,47406,1441636,0.171469,60626,2766147,0.329007,48325,4207783,0.500477,8407551
2,2021-04-23,108072,6769415,57486,3377599,50567,3133304,19,258512,49914,1434770,0.170653,57722,2823869,0.335873,50856,4258639,0.506526,8407551
2,2021-04-24,81060,6850475,47714,3425313,33306,3166610,40,258552,42177,1439398,0.171203,38520,2862389,0.340455,43148,4301787,0.511658,8407551
2,2021-04-25,36624,6887099,22552,3447865,14057,3180667,15,258567,19909,1443229,0.171659,16559,2878948,0.342424,20390,4322177,0.514083,8407551
2,2021-04-26,74377,6961476,41198,3489063,32871,3213538,308,258875,34200,1439292,0.17119,39893,2918841,0.347169,35956,4358133,0.518359,8407551
2,2021-04-27,88446,7049922,46653,3535716,40427,3253965,1366,260241,37927,1429705,0.17005,50122,2968963,0.353131,40535,4398668,0.523181,8407551
2,2021-04-28,88338,7138260,47209,3582925,39257,3293222,1872,262113,38976,1422463,0.169189,49007,3017970,0.358959,41765,4440433,0.528148,8407551
2,2021-04-29,91349,7229609,49753,3632678,39881,3333103,1715,263828,35432,1404704,0.167076,55507,3073477,0.365562,37748,4478181,0.532638,8407551
2,2021-04-30,95031,7324640,52514,3685192,40507,3373610,2010,265838,36900,1386620,0.164926,57650,3131127,0.372418,39566,4517747,0.537344,8407551
2,2021-05-01,62629,7387269,38195,3723387,22844,3396454,1590,267428,24388,1375539,0.163608,37909,3169036,0.376927,26828,4544575,0.540535,8407551
2,2021-05-02,29277,7416546,20362,3743749,7936,3404390,979,268407,11112,1369688,0.162912,18029,3187065,0.379072,12178,4556753,0.541983,8407551
2,2021-05-03,60696,7477242,36026,3779775,22607,3426997,2063,270470,20388,1352385,0.160854,40020,3227085,0.383832,22717,4579470,0.544685,8407551
2,2021-05-04,80120,7557362,47852,3827627,29877,3456874,2391,272861,26014,1327438,0.157886,53745,3280830,0.390224,28798,4608268,0.548111,8407551
2,2021-05-05,80696,7638058,48065,3875692,30281,3487155,2350,275211,25251,1300360,0.154666,55045,3335875,0.396771,27967,4636235,0.551437,8407551
2,2021-05-06,83179,7721237,50517,3926209,29734,3516889,2928,278139,25330,1271903,0.151281,57351,3393226,0.403593,28894,4665129,0.554874,8407551
2,2021-05-07,83861,7805098,48427,3974636,33004,3549893,2430,280569,25765,1242863,0.147827,57693,3450919,0.410455,28653,4693782,0.558282,8407551
2,2021-05-08,55737,7860835,33778,4008414,20238,3570131,1721,282290,17475,1224774,0.145675,38016,3488935,0.414976,19927,4713709,0.560652,8407551
2,2021-05-09,21866,7882701,15732,4024146,5383,3575514,751,283041,6362,1216703,0.144716,15415,3504350,0.41681,7344,4721053,0.561525,8407551
2,2021-05-10,50331,7933032,27424,4051570,21028,3596542,1879,284920,14196,1197514,0.142433,35870,3540220,0.421076,16681,4737734,0.563509,8407551
2,2021-05-11,66408,7999440,35997,4087567,28285,3624827,2126,287046,19995,1174227,0.139663,46099,3586319,0.426559,22812,4760546,0.566223,8407551
2,2021-05-12,65283,8064723,34789,4122356,28273,3653100,2221,289267,19225,1150331,0.136821,45744,3632063,0.432,21848,4782394,0.568821,8407551
2,2021-05-13,71037,8135760,41283,4163639,27805,3680905,1949,291216,26011,1134304,0.134915,44728,3676791,0.43732,28701,4811095,0.572235,8407551
2,2021-05-14,79978,8215738,47927,4211566,29788,3710693,2263,293479,30710,1119029,0.133098,48892,3725683,0.443135,33617,4844712,0.576233,8407551
2,2021-05-15,66454,8282192,43655,4255221,21079,3731772,1720,295199,25744,1106434,0.1316,40453,3766136,0.447947,27858,4872570,0.579547,8407551
2,2021-05-16,31649,8313841,23656,4278877,7066,3738838,927,296126,12856,1101693,0.131036,18653,3784789,0.450165,13912,4886482,0.581202,8407551
2,2021-05-17,58074,8371915,36780,4315657,19350,3758188,1944,298070,22875,1091926,0.129874,34950,3819739,0.454322,25183,4911665,0.584197,8407551
2,2021-05-18,70192,8442107,41080,4356737,27144,3785332,1968,300038,27870,1080262,0.128487,42042,3861781,0.459323,30378,4942043,0.58781,8407551
2,2021-05-19,68839,8510946,40722,4397459,26106,3811438,2011,302049,27220,1068655,0.127107,41305,3903086,0.464236,29698,4971741,0.591342,8407551
2,2021-05-20,69467,8580413,40272,4437731,27010,3838448,2185,304234,26379,1055057,0.125489,42750,3945836,0.46932,29152,5000893,0.59481,8407551
2,2021-05-21,72809,8653222,42963,4480694,27688,3866136,2158,306392,27611,1040544,0.123763,44835,3990671,0.474653,30322,5031215,0.598416,8407551
2,2021-05-22,53397,8706619,33825,4514519,17798,3883934,1774,308166,22267,1034229,0.123012,30894,4021565,0.478328,24579,5055794,0.60134,8407551
2,2021-05-23,24406,8731025,16650,4531169,7031,3890965,725,308891,10247,1031310,0.122665,14031,4035596,0.479997,11112,5066906,0.602661,8407551
2,2021-05-24,44762,8775787,25419,4556588,17575,3908540,1768,310659,17163,1023204,0.121701,27378,4062974,0.483253,19272,5086178,0.604954,8407551
2,2021-05-25,50721,8826508,29685,4586273,19172,3927712,1864,312523,19247,1013689,0.120569,31167,4094141,0.48696,21652,5107830,0.607529,8407551
2,2021-05-26,48663,8875171,27242,4613515,19735,3947447,1686,314209,18977,1005339,0.119576,29355,4123496,0.490452,21005,5128835,0.610027,8407551
2,2021-05-27,46537,8921708,26368,4639883,18437,3965884,1732,315941,18558,998398,0.11875,27734,4151230,0.49375,20793,5149628,0.6125,8407551
2,2021-05-28,49992,8971700,27606,4667489,20416,3986300,1970,317911,20970,993005,0.118109,28762,4179992,0.497171,23369,5172997,0.61528,8407551
2,2021-05-29,28961,9000661,17350,4684839,10553,3996853,1058,318969,13224,991877,0.117975,15581,4195573,0.499024,14453,5187450,0.616999,8407551
2,2021-05-30,12651,9013312,8149,4692988,3737,4000590,765,319734,5521,991155,0.117889,7074,4202647,0.499866,6352,5193802,0.617754,8407551
2,2021-05-31,5880,9019192,3434,4696422,2143,4002733,303,320037,1825,989337,0.117672,3995,4206642,0.500341,2177,5195979,0.618013,8407551
2,2021-06-01,44747,9063939,25694,4722116,17389,4020122,1664,321701,15566,978065,0.116332,28878,4235520,0.503776,17606,5213585,0.620107,8407551
2,2021-06-02,38190,9102129,22467,4744583,14315,4034437,1408,323109,14925,971701,0.115575,23000,4258520,0.506511,16636,5230221,0.622086,8407551
2,2021-06-03,41353,9143482,26616,4771199,13271,4047708,1466,324575,13885,960211,0.114208,27225,4285745,0.50975,15735,5245956,0.623958,8407551
2,2021-06-04,47977,9191459,31337,4802536,15101,4062809,1539,326114,15474,945546,0.112464,32203,4317948,0.51358,17538,5263494,0.626044,8407551
2,2021-06-05,37838,9229297,26978,4829514,9396,4072205,1464,327578,11785,933390,0.111018,25824,4343772,0.516651,13668,5277162,0.627669,8407551
2,2021-06-06,14895,9244192,12218,4841732,2098,4074303,579,328157,4667,928662,0.110456,10163,4353935,0.51786,5435,5282597,0.628316,8407551
2,2021-06-07,33269,9277461,23271,4865003,8721,4083024,1277,329434,10799,918660,0.109266,22323,4376258,0.520515,12321,5294918,0.629781,8407551
2,2021-06-08,40601,9318062,28734,4893737,10497,4093521,1370,330804,12443,904939,0.107634,27910,4404168,0.523835,14189,5309107,0.631469,8407551
2,2021-06-09,38122,9356184,26610,4920347,10016,4103537,1496,332300,11528,891886,0.106082,26400,4430568,0.526975,13347,5322454,0.633056,8407551
2,2021-06-10,37742,9393926,26236,4946583,9980,4113517,1526,333826,11583,879510,0.10461,25958,4456526,0.530062,13582,5336036,0.634672,8407551
2,2021-06-11,41229,9435155,27360,4973943,12202,4125719,1667,335493,13198,866908,0.103111,27766,4484292,0.533365,15164,5351200,0.636475,8407551
2,2021-06-12,29381,9464536,21617,4995560,6852,4132571,912,336405,8663,856128,0.101828,20579,4504871,0.535813,9799,5360999,0.637641,8407551
2,2021-06-13,12208,9476744,8911,5004471,2678,4135249,619,337024,3100,850971,0.101215,9044,4513915,0.536888,3887,5364886,0.638103,8407551
2,2021-06-14,29864,9506608,21191,5025662,7478,4142727,1195,338219,10343,843361,0.10031,19355,4533270,0.53919,11745,5376631,0.6395,8407551
2,2021-06-15,35524,9542132,23636,5049298,9841,4152568,2047,340266,11936,834370,0.099241,23351,4556621,0.541968,14360,5390991,0.641208,8407551
2,2021-06-16,32964,9575096,22743,5072041,8430,4160998,1791,342057,11373,826424,0.098295,21421,4578042,0.544516,13475,5404466,0.642811,8407551
2,2021-06-17,30778,9605874,20547,5092588,8436,4169434,1795,343852,10871,819566,0.09748,19733,4597775,0.546863,12875,5417341,0.644342,8407551
2,2021-06-18,34682,9640556,22853,5115441,9959,4179393,1870,345722,12644,812520,0.096642,21818,4619593,0.549458,14772,5432113,0.646099,8407551
2,2021-06-19,20904,9661460,14549,5129990,5095,4184488,1260,346982,7898,809027,0.096226,12843,4632436,0.550985,9350,5441463,0.647211,8407551
2,2021-06-20,8271,9669731,5909,5135899,1897,4186385,465,347447,3060,807451,0.096039,5169,4637605,0.5516,3593,5445056,0.647639,8407551
2,2021-06-21,19299,9689030,11809,5147708,6173,4192558,1317,348764,9867,809500,0.096282,9316,4646921,0.552708,11365,5456421,0.648991,8407551
2,2021-06-22,26850,9715880,18388,5166096,7087,4199645,1375,350139,10528,805517,0.095809,16158,4663079,0.55463,12175,5468596,0.650439,8407551
2,2021-06-23,25858,9741738,17854,5183950,6387,4206032,1617,351756,10535,802779,0.095483,15183,4678262,0.556436,12445,5481041,0.651919,8407551
2,2021-06-24,25298,9767036,17216,5201166,6568,4212600,1514,353270,10446,800262,0.095184,14704,4692966,0.558185,12187,5493228,0.653368,8407551
2,2021-06-25,28674,9795710,19442,5220608,7749,4220349,1483,354753,11986,797432,0.094847,16526,4709492,0.56015,13696,5506924,0.654997,8407551
2,2021-06-26,18476,9814186,13613,5234221,3936,4224285,927,355680,7522,795260,0.094589,10866,4720358,0.561443,8694,5515618,0.656031,8407551
2,2021-06-27,8768,9822954,6692,5240913,1630,4225915,446,356126,3517,794144,0.094456,5202,4725560,0.562061,4086,5519704,0.656517,8407551
2,2021-06-28,19710,9842664,14972,5255885,3498,4229413,1240,357366,8674,793341,0.094361,10906,4736466,0.563359,10103,5529807,0.657719,8407551
2,2021-06-29,22601,9865265,15752,5271637,5777,4235190,1072,358438,9625,791432,0.094133,12841,4749307,0.564886,10932,5540739,0.659019,8407551
2,2021-06-30,21837,9887102,15480,5287117,5334,4240524,1023,359461,9715,790412,0.094012,11986,4761293,0.566312,10966,5551705,0.660324,8407551
2,2021-07-01,19706,9906808,13926,5301043,4906,4245430,874,360335,8754,789413,0.093893,10831,4772124,0.5676,9832,5561537,0.661493,8407551
2,2021-07-02,22639,9929447,15614,5316657,6001,4251431,1024,361359,9989,788132,0.093741,12493,4784617,0.569086,11212,5572749,0.662827,8407551
2,2021-07-03,12442,9941889,8974,5325631,2998,4254429,470,361829,5684,787744,0.093695,6662,4791279,0.569878,6274,5579023,0.663573,8407551
2,2021-07-04,992,9942881,584,5326215,341,4254770,67,361896,426,787705,0.09369,555,4791834,0.569944,516,5579539,0.663634,8407551
2,2021-07-05,10969,9953850,8022,5334237,2539,4257309,408,362304,5036,787401,0.093654,5874,4797708,0.570643,5570,5585109,0.664297,8407551
2,2021-07-06,23511,9977361,17100,5351337,5441,4262750,970,363274,9085,783447,0.093184,14285,4811993,0.572342,10331,5595440,0.665526,8407551
2,2021-07-07,20409,9997770,14559,5365896,4753,4267503,1097,364371,8665,781865,0.092996,11608,4823601,0.573722,10026,5605466,0.666718,8407551
2,2021-07-08,18991,10016761,13227,5379123,4737,4272240,1027,365398,8012,780234,0.092802,10874,4834475,0.575016,9243,5614709,0.667817,8407551
2,2021-07-09,22317,10039078,15447,5394570,5629,4277869,1241,366639,9421,778338,0.092576,12764,4847239,0.576534,10868,5625577,0.66911,8407551
2,2021-07-10,14090,10053168,10388,5404958,3016,4280885,686,367325,6169,777523,0.092479,7828,4855067,0.577465,7013,5632590,0.669944,8407551
2,2021-07-11,6539,10059707,4803,5409761,1387,4282272,349,367674,3084,777616,0.09249,3409,4858476,0.577871,3502,5636092,0.670361,8407551
2,2021-07-12,18066,10077773,13277,5423038,3926,4286198,863,368537,7766,776256,0.092328,10190,4868666,0.579083,8830,5644922,0.671411,8407551
2,2021-07-13,19315,10097088,13623,5436661,4809,4291007,883,369420,8632,775423,0.092229,10544,4879210,0.580337,9711,5654633,0.672566,8407551
2,2021-07-14,18465,10115553,13191,5449852,4497,4295504,777,370197,8242,774544,0.092125,10103,4889313,0.581538,9224,5663857,0.673663,8407551
2,2021-07-15,18604,10134157,13501,5463353,4410,4299914,693,370890,8451,773860,0.092043,10042,4899355,0.582733,9358,5673215,0.674776,8407551
2,2021-07-16,22543,10156700,16231,5479584,5491,4305405,821,371711,10774,774019,0.092062,11639,4910994,0.584117,11798,5685013,0.676179,8407551
2,2021-07-17,14188,10170888,10336,5489920,3322,4308727,530,372241,6860,774303,0.092096,7237,4918231,0.584978,7521,5692534,0.677074,8407551
2,2021-07-18,6962,10177850,5204,5495124,1434,4310161,324,372565,3531,774839,0.09216,3388,4921619,0.585381,3924,5696458,0.677541,8407551
2,2021-07-19,18203,10196053,13566,5508690,3909,4314070,728,373293,9024,775709,0.092263,9066,4930685,0.586459,9936,5706394,0.678722,8407551
2,2021-07-20,20546,10216599,14652,5523342,5072,4319142,822,374115,10397,777126,0.092432,10020,4940705,0.587651,11437,5717831,0.680083,8407551
2,2021-07-21,20098,10236697,14625,5537967,4716,4323858,757,374872,10404,778913,0.092644,9567,4950272,0.588789,11354,5729185,0.681433,8407551
2,2021-07-22,20023,10256720,14306,5552273,4878,4328736,839,375711,10704,781453,0.092947,9175,4959447,0.58988,11715,5740900,0.682827,8407551
2,2021-07-23,23995,10280715,16798,5569071,6174,4334910,1023,376734,13084,784987,0.093367,10764,4970211,0.59116,14298,5755198,0.684527,8407551
2,2021-07-24,14595,10295310,10530,5579601,3574,4338484,491,377225,8151,787402,0.093654,6338,4976549,0.591914,8753,5763951,0.685568,8407551
2,2021-07-25,6585,10301895,4834,5584435,1615,4340099,136,377361,4870,790774,0.094055,1674,4978223,0.592113,5046,5768997,0.686169,8407551
2,2021-07-26,18639,10320534,13165,5597600,4720,4344819,754,378115,11791,796710,0.094761,6734,4984957,0.592914,12670,5781667,0.687676,8407551
2,2021-07-27,22305,10342839,16139,5613739,5336,4350155,830,378945,13077,801689,0.095353,9078,4994035,0.593994,14057,5795724,0.689347,8407551
2,2021-07-28,22204,10365043,15897,5629636,5437,4355592,870,379815,13127,806946,0.095979,8923,5002958,0.595055,14180,5809904,0.691034,8407551
2,2021-07-29,20881,10385924,14997,5644633,5041,4360633,843,380658,12617,812426,0.096631,8128,5011086,0.596022,13608,5823512,0.692653,8407551
2,2021-07-30,25421,10411345,18198,5662831,6345,4366978,878,381536,15259,818783,0.097387,9977,5021063,0.597209,16334,5839846,0.694595,8407551
2,2021-07-31,15354,10426699,11327,5674158,3543,4370521,484,382020,9293,822744,0.097858,5942,5027005,0.597915,9903,5849749,0.695773,8407551
2,2021-08-01,7860,10434559,6080,5680238,1635,4372156,145,382165,5149,825442,0.098179,2656,5029661,0.598231,5354,5855103,0.69641,8407551
2,2021-08-02,20371,10454930,15347,5695585,4322,4376478,702,382867,12899,831831,0.098939,7341,5037002,0.599105,13730,5868833,0.698043,8407551
2,2021-08-03,13125,10468055,9532,5705117,2799,4379277,794,383661,7931,835539,0.09938,5120,5042122,0.599714,8828,5877661,0.699093,8407551
3,2020-12-15,322,322,322,322,0,0,0,0,322,322,4e-05,0,0,0.0,322,322,4e-05,8129050
3,2020-12-16,2469,2791,2469,2791,0,0,0,0,2470,2792,0.000343,0,0,0.0,2470,2792,0.000343,8129050
3,2020-12-17,7854,10645,7854,10645,0,0,0,0,7854,10646,0.00131,0,0,0.0,7854,10646,0.00131,8129050
3,2020-12-18,13457,24102,13439,24084,18,18,0,0,13456,24102,0.002965,0,0,0.0,13456,24102,0.002965,8129050
3,2020-12-19,7270,31372,7257,31341,13,31,0,0,7333,31435,0.003867,0,0,0.0,7333,31435,0.003867,8129050
3,2020-12-20,5668,37040,5658,36999,10,41,0,0,5715,37149,0.00457,1,1,0.0,5715,37150,0.00457,8129050
3,2020-12-21,14384,51424,14358,51357,26,67,0,0,14448,51596,0.006347,1,2,0.0,14448,51598,0.006347,8129050
3,2020-12-22,14844,66268,14264,65621,580,647,0,0,14881,66474,0.008177,3,5,1e-06,14881,66479,0.008178,8129050
3,2020-12-23,14851,81119,12247,77868,2604,3251,0,0,14867,81340,0.010006,2,7,1e-06,14868,81347,0.010007,8129050
3,2020-12-24,6795,87914,4876,82744,1919,5170,0,0,6792,88130,0.010841,2,9,1e-06,6792,88139,0.010842,8129050
3,2020-12-25,724,88638,666,83410,58,5228,0,0,722,88852,0.01093,0,9,1e-06,722,88861,0.010931,8129050
3,2020-12-26,4623,93261,2999,86409,1624,6852,0,0,4621,93473,0.011499,0,9,1e-06,4621,93482,0.0115,8129050
3,2020-12-27,2985,96246,1855,88264,1130,7982,0,0,2985,96458,0.011866,0,9,1e-06,2985,96467,0.011867,8129050
3,2020-12-28,13651,109897,8731,96995,4920,12902,0,0,13675,110132,0.013548,1,10,1e-06,13675,110142,0.013549,8129050
3,2020-12-29,15055,124952,8472,105467,6583,19485,0,0,15082,125212,0.015403,2,12,1e-06,15082,125224,0.015405,8129050
3,2020-12-30,18068,143020,10077,115544,7991,27476,0,0,18073,143284,0.017626,2,14,2e-06,18074,143298,0.017628,8129050
3,2020-12-31,8459,151479,3248,118792,5211,32687,0,0,8458,151740,0.018666,2,16,2e-06,8458,151756,0.018668,8129050
3,2021-01-01,1602,153081,760,119552,842,33529,0,0,1599,153338,0.018863,1,17,2e-06,1599,153355,0.018865,8129050
3,2021-01-02,4943,158024,2426,121978,2517,36046,0,0,4943,158281,0.019471,0,17,2e-06,4943,158298,0.019473,8129050
3,2021-01-03,1618,159642,851,122829,767,36813,0,0,1609,159888,0.019669,2,19,2e-06,1609,159907,0.019671,8129050
3,2021-01-04,12062,171704,5974,128803,6088,42901,0,0,12033,171913,0.021148,8,27,3e-06,12033,171940,0.021151,8129050
3,2021-01-05,15752,187456,8157,136960,7595,50496,0,0,14077,184360,0.022679,1660,1687,0.000208,14107,186047,0.022887,8129050
3,2021-01-06,20630,208086,10915,147875,9715,60211,0,0,16064,195914,0.0241,4519,6206,0.000763,16073,202120,0.024864,8129050
3,2021-01-07,26687,234773,15258,163133,11429,71640,0,0,17198,203677,0.025055,9452,15658,0.001926,17215,219335,0.026982,8129050
3,2021-01-08,30701,265474,18763,181896,11938,83578,0,0,18203,209427,0.025763,12476,28134,0.003461,18226,237561,0.029224,8129050
3,2021-01-09,12471,277945,7054,188950,5417,88995,0,0,7933,212838,0.026182,4531,32665,0.004018,7942,245503,0.030201,8129050
3,2021-01-10,7233,285178,4490,193440,2743,91738,0,0,4070,213753,0.026295,3161,35826,0.004407,4076,249579,0.030702,8129050
3,2021-01-11,29176,314354,19099,212539,10077,101815,0,0,16514,217660,0.026776,12654,48480,0.005964,16561,266140,0.032739,8129050
3,2021-01-12,32650,347004,19497,232036,13153,114968,0,0,20001,225182,0.027701,12627,61107,0.007517,20149,286289,0.035218,8129050
3,2021-01-13,34603,381607,18060,250096,16543,131511,0,0,24366,239348,0.029444,10222,71329,0.008775,24388,310677,0.038218,8129050
3,2021-01-14,34789,416396,14224,264320,20565,152076,0,0,28854,262346,0.032273,5894,77223,0.0095,28892,339569,0.041772,8129050
3,2021-01-15,39045,455441,14464,278784,24581,176657,0,0,34350,292093,0.035932,4676,81899,0.010075,34423,373992,0.046007,8129050
3,2021-01-16,21802,477243,7433,286217,14369,191026,0,0,19466,309255,0.038043,2325,84224,0.010361,19487,393479,0.048404,8129050
3,2021-01-17,13160,490403,4465,290682,8695,199721,0,0,12117,320350,0.039408,1042,85266,0.010489,12137,405616,0.049897,8129050
3,2021-01-18,24810,515213,12965,303647,11845,211566,0,0,19193,333981,0.041085,5605,90871,0.011179,19236,424852,0.052263,8129050
3,2021-01-19,41161,556374,20911,324558,20250,231816,0,0,32024,356991,0.043915,9101,99972,0.012298,32111,456963,0.056214,8129050
3,2021-01-20,46269,602643,23050,347608,23219,255035,0,0,36681,384214,0.047264,9541,109513,0.013472,36764,493727,0.060736,8129050
3,2021-01-21,48136,650779,20880,368488,27256,282291,0,0,42606,421437,0.051843,5462,114975,0.014144,42685,536412,0.065987,8129050
3,2021-01-22,49846,700625,19860,388348,29986,312277,0,0,45611,462915,0.056946,4206,119181,0.014661,45684,582096,0.071607,8129050
3,2021-01-23,30393,731018,12813,401161,17580,329857,0,0,27089,486763,0.059879,3296,122477,0.015067,27144,609240,0.074946,8129050
3,2021-01-24,17902,748920,8495,409656,9407,339264,0,0,16712,502319,0.061793,1187,123664,0.015213,16743,625983,0.077006,8129050
3,2021-01-25,40922,789842,18235,427891,22687,361951,0,0,30914,523344,0.064379,9980,133644,0.01644,31005,656988,0.08082,8129050
3,2021-01-26,47429,837271,22639,450530,24790,386741,0,0,37223,550500,0.06772,10173,143817,0.017692,37329,694317,0.085412,8129050
3,2021-01-27,51553,888824,24541,475071,27012,413753,0,0,40857,580814,0.071449,10625,154442,0.018999,40939,735256,0.090448,8129050
3,2021-01-28,52037,940861,24135,499206,27902,441655,0,0,43064,615049,0.075661,8888,163330,0.020092,43123,778379,0.095753,8129050
3,2021-01-29,51137,991998,24528,523734,26609,468264,0,0,41347,646835,0.079571,9612,172942,0.021275,41398,819777,0.100845,8129050
3,2021-01-30,37435,1029433,17770,541504,19665,487929,0,0,32706,674953,0.08303,4674,177616,0.02185,32792,852569,0.104879,8129050
3,2021-01-31,22501,1051934,12797,554301,9704,497633,0,0,21077,694643,0.085452,1409,179025,0.022023,21099,873668,0.107475,8129050
3,2021-02-01,46043,1097977,21055,575356,24988,522621,0,0,35081,718848,0.08843,10911,189936,0.023365,35116,908784,0.111795,8129050
3,2021-02-02,54601,1152578,22773,598129,31828,554449,0,0,42093,748583,0.092087,12409,202345,0.024892,42144,950928,0.116979,8129050
3,2021-02-03,60206,1212784,26719,624848,33487,587936,0,0,44758,778097,0.095718,15318,217663,0.026776,44832,995760,0.122494,8129050
3,2021-02-04,64561,1277345,27943,652791,36618,624554,0,0,47268,808385,0.099444,17096,234759,0.028879,47384,1043144,0.128323,8129050
3,2021-02-05,70549,1347894,29803,682594,40746,665300,0,0,48703,835669,0.1028,21601,256360,0.031536,48885,1092029,0.134337,8129050
3,2021-02-06,43752,1391646,20975,703569,22777,688077,0,0,34082,860313,0.105832,9624,265984,0.03272,34268,1126297,0.138552,8129050
3,2021-02-07,19761,1411407,12567,716136,7194,695271,0,0,15158,871013,0.107148,4584,270568,0.033284,15284,1141581,0.140432,8129050
3,2021-02-08,51647,1463054,24951,741087,26696,721967,0,0,33843,887384,0.109162,17664,288232,0.035457,34035,1175616,0.144619,8129050
3,2021-02-09,58911,1521965,28527,769614,30384,752351,0,0,34449,897999,0.110468,24183,312415,0.038432,34798,1210414,0.1489,8129050
3,2021-02-10,68522,1590487,31889,801503,36633,788984,0,0,36722,903727,0.111173,31503,343918,0.042307,37231,1247645,0.15348,8129050
3,2021-02-11,70932,1661419,34870,836373,36062,825046,0,0,37674,909038,0.111826,32908,376826,0.046355,38219,1285864,0.158181,8129050
3,2021-02-12,75804,1737223,32695,869068,43109,868155,0,0,41748,917818,0.112906,33745,410571,0.050507,42525,1328389,0.163413,8129050
3,2021-02-13,45318,1782541,20534,889602,24784,892939,0,0,26074,925347,0.113832,19128,429699,0.05286,26657,1355046,0.166692,8129050
3,2021-02-14,27448,1809989,13716,903318,13732,906671,0,0,15220,928858,0.114264,12163,441862,0.054356,15674,1370720,0.16862,8129050
3,2021-02-15,40333,1850322,17368,920686,22965,929636,0,0,22268,934114,0.114911,17953,459815,0.056564,23209,1393929,0.171475,8129050
3,2021-02-16,70555,1920877,33379,954065,37176,966812,0,0,36614,937965,0.115384,33794,493609,0.060722,37645,1431574,0.176106,8129050
3,2021-02-17,72418,1993295,36578,990643,35840,1002652,0,0,34295,935452,0.115075,37883,531492,0.065382,35370,1466944,0.180457,8129050
3,2021-02-18,77525,2070820,40488,1031131,37037,1039689,0,0,35817,931107,0.114541,41507,572999,0.070488,37162,1504106,0.185029,8129050
3,2021-02-19,69619,2140439,40130,1071261,29489,1069178,0,0,35113,932580,0.114722,34339,607338,0.074712,35812,1539918,0.189434,8129050
3,2021-02-20,43289,2183728,27325,1098586,15964,1085142,0,0,22605,935130,0.115036,20561,627899,0.077241,23111,1563029,0.192277,8129050
3,2021-02-21,24299,2208027,19534,1118120,4765,1089907,0,0,11823,934966,0.115015,12379,640278,0.078764,12215,1575244,0.19378,8129050
3,2021-02-22,47635,2255662,31002,1149122,16633,1106540,0,0,22256,932476,0.114709,25229,665507,0.081868,22739,1597983,0.196577,8129050
3,2021-02-23,63744,2319406,34650,1183772,29094,1135634,0,0,27783,926524,0.113977,35728,701235,0.086263,29776,1627759,0.20024,8129050
3,2021-02-24,79958,2399364,39296,1223068,40662,1176296,0,0,35310,919972,0.113171,44385,745620,0.091723,37833,1665592,0.204894,8129050
3,2021-02-25,89636,2489000,43642,1266710,45994,1222290,0,0,44599,922452,0.113476,44724,790344,0.097225,47204,1712796,0.210701,8129050
3,2021-02-26,100638,2589638,46040,1312750,54598,1276888,0,0,53106,930672,0.114487,47096,837440,0.103018,55316,1768112,0.217505,8129050
3,2021-02-27,71361,2660999,32794,1345544,38563,1315451,4,4,37680,936235,0.115172,33436,870876,0.107131,38999,1807111,0.222303,8129050
3,2021-02-28,41569,2702568,24006,1369550,17559,1333010,4,8,21321,938473,0.115447,20041,890917,0.109597,22279,1829390,0.225044,8129050
3,2021-03-01,70080,2772648,37192,1406742,32847,1365857,41,49,38886,947803,0.116595,30940,921857,0.113403,40270,1869660,0.229997,8129050
3,2021-03-02,81129,2853777,40002,1446744,41119,1406976,8,57,46754,962444,0.118396,34203,956060,0.11761,48844,1918504,0.236006,8129050
3,2021-03-03,91300,2945077,43662,1490406,47613,1454589,25,82,50936,975565,0.12001,40116,996176,0.122545,53237,1971741,0.242555,8129050
3,2021-03-04,95400,3040477,46611,1537017,48768,1503357,21,103,53933,990588,0.121858,41209,1037385,0.127615,56232,2027973,0.249472,8129050
3,2021-03-05,91984,3132461,44961,1581978,46730,1550087,293,396,55880,1013180,0.124637,35819,1073204,0.132021,58411,2086384,0.256658,8129050
3,2021-03-06,66165,3198626,33521,1615499,30480,1580567,2164,2560,37741,1026284,0.126249,28263,1101467,0.135498,41367,2127751,0.261747,8129050
3,2021-03-07,39258,3237884,22697,1638196,14663,1595230,1898,4458,22072,1034314,0.127237,17102,1118569,0.137601,25132,2152883,0.264838,8129050
3,2021-03-08,60289,3298173,28717,1666913,28566,1623796,3006,7464,38121,1054973,0.129778,21999,1140568,0.140308,42658,2195541,0.270086,8129050
3,2021-03-09,77497,3375670,35778,1702691,37234,1661030,4485,11949,41603,1066458,0.131191,35738,1176306,0.144704,47223,2242764,0.275895,8129050
3,2021-03-10,83383,3459053,41494,1744185,35753,1696783,6136,18085,43540,1077900,0.132599,39606,1215912,0.149576,51048,2293812,0.282175,8129050
3,2021-03-11,97683,3556736,47692,1791877,41330,1738113,8661,26746,47856,1085924,0.133586,49535,1265447,0.15567,57559,2351371,0.289255,8129050
3,2021-03-12,102457,3659193,45650,1837527,44889,1783002,11918,38664,46977,1090689,0.134172,55222,1320669,0.162463,59987,2411358,0.296635,8129050
3,2021-03-13,70788,3729981,29794,1867321,33703,1816705,7291,45955,37403,1103471,0.135744,33240,1353909,0.166552,46022,2457380,0.302296,8129050
3,2021-03-14,41420,3771401,21632,1888953,16221,1832926,3567,49522,20852,1108028,0.136305,20477,1374386,0.169071,25034,2482414,0.305376,8129050
3,2021-03-15,76057,3847458,36061,1925014,35424,1868350,4572,54094,40025,1117822,0.13751,35787,1410173,0.173473,45581,2527995,0.310983,8129050
3,2021-03-16,95438,3942896,43998,1969012,47095,1915445,4345,58439,53624,1135125,0.139638,41550,1451723,0.178585,58853,2586848,0.318223,8129050
3,2021-03-17,98778,4041674,47967,2016979,46253,1961698,4558,62997,59887,1161572,0.142891,38635,1490358,0.183337,65082,2651930,0.326229,8129050
3,2021-03-18,104089,4145763,52891,2069870,46663,2008361,4535,67532,59623,1182109,0.145418,44149,1534507,0.188768,64686,2716616,0.334186,8129050
3,2021-03-19,103668,4249431,55583,2125453,43609,2051970,4476,72008,57615,1198978,0.147493,45756,1580263,0.194397,62625,2779241,0.34189,8129050
3,2021-03-20,72195,4321626,37206,2162659,31317,2083287,3672,75680,44379,1219928,0.15007,27597,1607860,0.197792,48547,2827788,0.347862,8129050
3,2021-03-21,36415,4358041,24751,2187410,10153,2093440,1511,77191,21861,1229334,0.151227,14441,1622301,0.199568,23847,2851635,0.350796,8129050
3,2021-03-22,70838,4428879,41635,2229045,26674,2120114,2529,79720,45007,1252315,0.154054,25572,1647873,0.202714,48553,2900188,0.356768,8129050
3,2021-03-23,90233,4519112,49910,2278955,37778,2157892,2545,82265,55005,1275758,0.156938,34939,1682812,0.207012,58382,2958570,0.36395,8129050
3,2021-03-24,99255,4618367,57097,2336052,39221,2197113,2937,85202,56192,1292821,0.159037,42682,1725494,0.212263,59745,3018315,0.3713,8129050
3,2021-03-25,107956,4726323,59932,2395984,45039,2242152,2985,88187,60597,1310045,0.161156,46998,1772492,0.218044,64222,3082537,0.3792,8129050
3,2021-03-26,111290,4837613,59689,2455673,48248,2290400,3353,91540,57091,1317495,0.162072,53835,1826327,0.224667,61285,3143822,0.386739,8129050
3,2021-03-27,75012,4912625,38117,2493790,34337,2324737,2558,94098,36128,1318215,0.162161,38629,1864956,0.229419,39349,3183171,0.39158,8129050
3,2021-03-28,44585,4957210,28090,2521880,15683,2340420,812,94910,22403,1320017,0.162383,22054,1887010,0.232132,23856,3207027,0.394514,8129050
3,2021-03-29,81038,5038248,42319,2564199,36855,2377275,1864,96774,44145,1330230,0.163639,36614,1923624,0.236636,46827,3253854,0.400275,8129050
3,2021-03-30,100740,5138988,49503,2613702,47590,2424865,3647,100421,56170,1346403,0.165629,44297,1967921,0.242085,60470,3314324,0.407714,8129050
3,2021-03-31,105418,5244406,56851,2670553,43700,2468565,4867,105288,56092,1358615,0.167131,49059,2016980,0.24812,61271,3375595,0.415251,8129050
3,2021-04-01,124201,5368607,62756,2733309,51653,2520218,9792,115080,66741,1378401,0.169565,57017,2073997,0.255134,76803,3452398,0.424699,8129050
3,2021-04-02,118334,5486941,57739,2791048,50215,2570433,10380,125460,62192,1395605,0.171681,55824,2129821,0.262001,73028,3525426,0.433682,8129050
3,2021-04-03,76354,5563295,39075,2830123,28017,2598450,9262,134722,37913,1404791,0.172811,38275,2168096,0.26671,47461,3572887,0.439521,8129050
3,2021-04-04,32494,5595789,17389,2847512,10874,2609324,4231,138953,14177,1404980,0.172834,18234,2186330,0.268953,18423,3591310,0.441787,8129050
3,2021-04-05,89907,5685696,45617,2893129,35019,2644343,9271,148224,43579,1412548,0.173765,46081,2232411,0.274621,53649,3644959,0.448387,8129050
3,2021-04-06,113859,5799555,55368,2948497,43245,2687588,15246,163470,53307,1421518,0.174869,60254,2292665,0.282034,69224,3714183,0.456902,8129050
3,2021-04-07,116674,5916229,60330,3008827,39994,2727582,16350,179820,56200,1434115,0.176419,60194,2352859,0.289438,72791,3786974,0.465857,8129050
3,2021-04-08,121779,6038008,60619,3069446,40934,2768516,20226,200046,56327,1446278,0.177915,65121,2417980,0.297449,77284,3864258,0.475364,8129050
3,2021-04-09,118966,6156974,59221,3128667,40514,2809030,19231,219277,52156,1451987,0.178617,66539,2484519,0.305635,72248,3936506,0.484252,8129050
3,2021-04-10,84642,6241616,37948,3166615,31361,2840391,15333,234610,34363,1452391,0.178667,50076,2534595,0.311795,50480,3986986,0.490461,8129050
3,2021-04-11,45429,6287045,24332,3190947,13051,2853442,8046,242656,17246,1450408,0.178423,28081,2562676,0.315249,26098,4013084,0.493672,8129050
3,2021-04-12,84276,6371321,42567,3233514,32864,2886306,8845,251501,38025,1452366,0.178664,45994,2608670,0.320907,47952,4061036,0.499571,8129050
3,2021-04-13,105842,6477163,57284,3290798,48349,2934655,209,251710,55669,1459224,0.179507,49904,2658574,0.327046,56762,4117798,0.506553,8129050
3,2021-04-14,107919,6585082,58966,3349764,48850,2983505,103,251813,53570,1460298,0.179639,54036,2712610,0.333693,55110,4172908,0.513333,8129050
3,2021-04-15,119588,6704670,67204,3416968,52304,3035809,80,251893,63649,1469244,0.18074,55590,2768200,0.340532,64536,4237444,0.521272,8129050
3,2021-04-16,115888,6820558,64962,3481930,50833,3086642,93,251986,60283,1475015,0.18145,55273,2823473,0.347331,61044,4298488,0.528781,8129050
3,2021-04-17,79738,6900296,43426,3525356,36297,3122939,15,252001,44327,1485165,0.182698,35163,2858636,0.351657,45313,4343801,0.534355,8129050
3,2021-04-18,38851,6939147,23430,3548786,15414,3138353,7,252008,18190,1483701,0.182518,20535,2879171,0.354183,19071,4362872,0.536701,8129050
3,2021-04-19,79413,7018560,44165,3592951,35192,3173545,56,252064,35650,1476374,0.181617,43540,2922711,0.359539,36213,4399085,0.541156,8129050
3,2021-04-20,101064,7119624,53130,3646081,47916,3221461,18,252082,48751,1474133,0.181341,52034,2974745,0.36594,49793,4448878,0.547281,8129050
3,2021-04-21,106212,7225836,59636,3705717,46503,3267964,73,252155,50023,1469516,0.180773,55796,3030541,0.372804,51179,4500057,0.553577,8129050
3,2021-04-22,112388,7338224,63120,3768837,49241,3317205,27,252182,48199,1454883,0.178973,63817,3094358,0.380654,49184,4549241,0.559628,8129050
3,2021-04-23,106727,7444951,61025,3829862,45672,3362877,30,252212,46717,1443010,0.177513,59630,3153988,0.38799,47757,4596998,0.565502,8129050
3,2021-04-24,74242,7519193,45811,3875673,28359,3391236,72,252284,36109,1442349,0.177431,37836,3191824,0.392644,37175,4634173,0.570076,8129050
3,2021-04-25,37067,7556260,23655,3899328,13395,3404631,17,252301,18909,1443681,0.177595,18001,3209825,0.394859,19333,4653506,0.572454,8129050
3,2021-04-26,74283,7630543,42009,3941337,31866,3436497,408,252709,31685,1434806,0.176504,42313,3252138,0.400064,33438,4686944,0.576567,8129050
3,2021-04-27,91432,7721975,47977,3989314,41705,3478202,1750,254459,36234,1418683,0.17452,54873,3307011,0.406814,38750,4725694,0.581334,8129050
3,2021-04-28,87122,7809097,49509,4038823,35469,3513671,2144,256603,35531,1405609,0.172912,51277,3358288,0.413122,38203,4763897,0.586034,8129050
3,2021-04-29,89440,7898537,51125,4089948,36093,3549764,2222,258825,31880,1382993,0.17013,57206,3415494,0.420159,34590,4798487,0.590289,8129050
3,2021-04-30,91079,7989616,51390,4141338,37204,3586968,2485,261310,33885,1363016,0.167672,56813,3472307,0.427148,36836,4835323,0.59482,8129050
3,2021-05-01,55556,8045172,34851,4176189,19228,3606196,1477,262787,20004,1349709,0.166035,35279,3507586,0.431488,21972,4857295,0.597523,8129050
3,2021-05-02,27058,8072230,18482,4194671,7558,3613754,1018,263805,9907,1343690,0.165295,17040,3524626,0.433584,11021,4868316,0.598879,8129050
3,2021-05-03,60043,8132273,35239,4229910,22423,3636177,2381,266186,17505,1321465,0.162561,42296,3566922,0.438787,20071,4888387,0.601348,8129050
3,2021-05-04,77895,8210168,45031,4274941,30176,3666353,2688,268874,22645,1292136,0.158953,54943,3621865,0.445546,25614,4914001,0.604499,8129050
3,2021-05-05,79413,8289581,47691,4322632,29011,3695364,2711,271585,22038,1260149,0.155018,57021,3678886,0.45256,25034,4939035,0.607578,8129050
3,2021-05-06,83723,8373304,52997,4375629,28192,3723556,2534,274119,20729,1221456,0.150258,62503,3741389,0.460249,23810,4962845,0.610507,8129050
3,2021-05-07,82664,8455968,51502,4427131,28530,3752086,2632,276751,21914,1185916,0.145886,60381,3801770,0.467677,24841,4987686,0.613563,8129050
3,2021-05-08,52745,8508713,32678,4459809,18343,3770429,1724,278475,13970,1163375,0.143113,38495,3840265,0.472413,15954,5003640,0.615526,8129050
3,2021-05-09,21011,8529724,15353,4475162,4870,3775299,788,279263,5533,1154379,0.142007,15383,3855648,0.474305,6387,5010027,0.616312,8129050
3,2021-05-10,48292,8578016,25956,4501118,20420,3795719,1916,281179,11203,1130883,0.139116,36876,3892524,0.478841,13380,5023407,0.617957,8129050
3,2021-05-11,64364,8642380,36074,4537192,26067,3821786,2223,283402,16202,1101873,0.135548,47903,3940427,0.484734,18893,5042300,0.620282,8129050
3,2021-05-12,65025,8707405,37355,4574547,25267,3847053,2403,285805,16605,1073052,0.132002,48146,3988573,0.490657,19325,5061625,0.622659,8129050
3,2021-05-13,75600,8783005,47644,4622191,26041,3873094,1915,287720,27604,1055454,0.129837,47739,4036312,0.496529,30141,5091766,0.626367,8129050
3,2021-05-14,80561,8863566,50881,4673072,27540,3900634,2140,289860,31210,1040350,0.127979,49051,4085363,0.502563,33947,5125713,0.630543,8129050
3,2021-05-15,62265,8925831,42945,4716017,18111,3918745,1209,291069,25748,1031234,0.126858,36308,4121671,0.50703,27192,5152905,0.633888,8129050
3,2021-05-16,33231,8959062,24840,4740857,7699,3926444,692,291761,13400,1025707,0.126178,19707,4141378,0.509454,14180,5167085,0.635632,8129050
3,2021-05-17,56999,9016061,36295,4777152,18865,3945309,1839,293600,21008,1013052,0.124621,35713,4177091,0.513847,23058,5190143,0.638469,8129050
3,2021-05-18,64585,9080646,38120,4815272,24600,3969909,1865,295465,24254,999521,0.122957,40046,4217137,0.518774,26515,5216658,0.64173,8129050
3,2021-05-19,63926,9144572,38855,4854127,23326,3993235,1745,297210,24739,987347,0.121459,38933,4256070,0.523563,26759,5243417,0.645022,8129050
3,2021-05-20,61758,9206330,36129,4890256,23785,4017020,1844,299054,22169,972398,0.11962,39300,4295370,0.528398,24351,5267768,0.648018,8129050
3,2021-05-21,65874,9272204,40004,4930260,23771,4040791,2099,301153,23534,956314,0.117642,42018,4337388,0.533566,25934,5293702,0.651208,8129050
3,2021-05-22,45675,9317879,30257,4960517,13944,4054735,1474,302627,19020,950622,0.116941,26442,4363830,0.536819,20750,5314452,0.653761,8129050
3,2021-05-23,21735,9339614,15042,4975559,6042,4060777,651,303278,9188,948113,0.116633,12459,4376289,0.538352,9950,5324402,0.654985,8129050
3,2021-05-24,39502,9379116,23096,4998655,14650,4075427,1756,305034,14631,940036,0.115639,24669,4400958,0.541387,16592,5340994,0.657026,8129050
3,2021-05-25,42708,9421824,24017,5022672,17014,4092441,1677,306711,15142,929788,0.114378,27294,4428252,0.544744,17046,5358040,0.659123,8129050
3,2021-05-26,42402,9464226,24264,5046936,16422,4108863,1716,308427,15862,921256,0.113329,26244,4454496,0.547973,17712,5375752,0.661301,8129050
3,2021-05-27,39350,9503576,22065,5069001,15538,4124401,1747,310174,15433,914919,0.112549,23755,4478251,0.550895,17418,5393170,0.663444,8129050
3,2021-05-28,42762,9546338,24161,5093162,16815,4141216,1786,311960,17781,910035,0.111949,24775,4503026,0.553942,19891,5413061,0.665891,8129050
3,2021-05-29,23462,9569800,14332,5107494,8291,4149507,839,312799,10985,909641,0.1119,12343,4515369,0.555461,11949,5425010,0.667361,8129050
3,2021-05-30,10599,9580399,6871,5114365,3092,4152599,636,313435,4446,908690,0.111783,6075,4521444,0.556208,5124,5430134,0.667991,8129050
3,2021-05-31,4633,9585032,2676,5117041,1692,4154291,265,313700,1456,907302,0.111612,3138,4524582,0.556594,1750,5431884,0.668206,8129050
3,2021-06-01,37694,9622726,21687,5138728,14570,4168861,1437,315137,13166,897808,0.110444,24291,4548873,0.559582,14797,5446681,0.670027,8129050
3,2021-06-02,31472,9654198,18084,5156812,11979,4180840,1409,316546,11638,891368,0.109652,19626,4568499,0.561997,13186,5459867,0.671649,8129050
3,2021-06-03,39586,9693784,27076,5183888,11077,4191917,1433,317979,11422,876465,0.107819,27982,4596481,0.565439,13079,5472946,0.673258,8129050
3,2021-06-04,46159,9739943,32650,5216538,11963,4203880,1546,319525,13125,858746,0.105639,32792,4629273,0.569473,15073,5488019,0.675112,8129050
3,2021-06-05,34322,9774265,25869,5242407,7266,4211146,1187,320712,8703,843411,0.103753,25409,4654682,0.572599,10074,5498093,0.676351,8129050
3,2021-06-06,14630,9788895,12208,5254615,1840,4212986,582,321294,3718,837023,0.102967,10852,4665534,0.573933,4464,5502557,0.6769,8129050
3,2021-06-07,30382,9819277,22084,5276699,7017,4220003,1281,322575,8708,825607,0.101563,21524,4687058,0.576581,10108,5512665,0.678144,8129050
3,2021-06-08,34304,9853581,24631,5301330,8386,4228389,1287,323862,9941,812896,0.099999,24151,4711209,0.579552,11440,5524105,0.679551,8129050
3,2021-06-09,32967,9886548,23912,5325242,7755,4236144,1300,325162,8863,799290,0.098325,23926,4735135,0.582495,10320,5534425,0.680821,8129050
3,2021-06-10,32453,9919001,23403,5348645,7523,4243667,1527,326689,8944,786600,0.096764,23357,4758492,0.585369,10667,5545092,0.682133,8129050
3,2021-06-11,35544,9954545,25129,5373774,9046,4252713,1369,328058,10582,773959,0.095209,24765,4783257,0.588415,12124,5557216,0.683624,8129050
3,2021-06-12,25138,9979683,18937,5392711,5310,4258023,891,328949,6692,763362,0.093905,18330,4801587,0.59067,7733,5564949,0.684576,8129050
3,2021-06-13,10132,9989815,7580,5400291,2063,4260086,489,329438,2362,758569,0.093316,7715,4809302,0.591619,2922,5567871,0.684935,8129050
3,2021-06-14,25787,10015602,18478,5418769,5889,4265975,1420,330858,8083,750640,0.09234,17572,4826874,0.593781,9643,5577514,0.686121,8129050
3,2021-06-15,28708,10044310,19423,5438192,7784,4273759,1501,332359,9648,743126,0.091416,18831,4845705,0.596097,11317,5588831,0.687513,8129050
3,2021-06-16,25866,10070176,18362,5456554,6091,4279850,1413,333772,8722,736455,0.090595,16961,4862666,0.598184,10290,5599121,0.688779,8129050
3,2021-06-17,24827,10095003,17778,5474332,5762,4285612,1287,335059,8614,730431,0.089854,16060,4878726,0.600159,10036,5609157,0.690014,8129050
3,2021-06-18,27976,10122979,19753,5494085,6652,4292264,1571,336630,9797,724019,0.089066,17948,4896674,0.602367,11536,5620693,0.691433,8129050
3,2021-06-19,16003,10138982,11759,5505844,3388,4295652,856,337486,5723,720554,0.088639,10153,4906827,0.603616,6688,5627381,0.692256,8129050
3,2021-06-20,6859,10145841,5143,5510987,1417,4297069,299,337785,2599,719297,0.088485,4207,4911034,0.604134,2950,5630331,0.692619,8129050
3,2021-06-21,16215,10162056,10229,5521216,4590,4301659,1396,339181,8085,720859,0.088677,8038,4919072,0.605123,9600,5639931,0.6938,8129050
3,2021-06-22,22066,10184122,15469,5536685,5303,4306962,1294,340475,8260,716879,0.088187,13687,4932759,0.606806,9707,5649638,0.694994,8129050
3,2021-06-23,20240,10204362,14178,5550863,4731,4311693,1331,341806,8024,714269,0.087866,12102,4944861,0.608295,9492,5659130,0.696161,8129050
3,2021-06-24,19944,10224306,13878,5564741,4616,4316309,1450,343256,7788,711630,0.087542,11986,4956847,0.60977,9347,5668477,0.697311,8129050
3,2021-06-25,23267,10247573,16503,5581244,5341,4321650,1423,344679,9096,708234,0.087124,14040,4970887,0.611497,10644,5679121,0.698621,8129050
3,2021-06-26,13869,10261442,10286,5591530,2811,4324461,772,345451,5796,706953,0.086966,8002,4978889,0.612481,6721,5685842,0.699447,8129050
3,2021-06-27,6688,10268130,5170,5596700,1210,4325671,308,345759,2860,706363,0.086894,3791,4982680,0.612947,3201,5689043,0.699841,8129050
3,2021-06-28,15856,10283986,12182,5608882,2596,4328267,1078,346837,6686,705165,0.086746,9062,4991742,0.614062,7864,5696907,0.700808,8129050
3,2021-06-29,17941,10301927,12639,5621521,4309,4332576,993,347830,7345,703159,0.0865,10474,5002216,0.615351,8468,5705375,0.70185,8129050
3,2021-06-30,16951,10318878,11990,5633511,3921,4336497,1040,348870,7297,702118,0.086371,9519,5011735,0.616522,8478,5713853,0.702893,8129050
3,2021-07-01,16160,10335038,11516,5645027,3583,4340080,1061,349931,6796,700812,0.086211,9265,5021000,0.617661,7959,5721812,0.703872,8129050
3,2021-07-02,18358,10353396,13073,5658100,4187,4344267,1098,351029,7823,699409,0.086038,10423,5031423,0.618944,9020,5730832,0.704982,8129050
3,2021-07-03,10000,10363396,7228,5665328,2342,4346609,430,351459,4289,698582,0.085936,5648,5037071,0.619638,4821,5735653,0.705575,8129050
3,2021-07-04,705,10364101,410,5665738,208,4346817,87,351546,269,698525,0.085929,429,5037500,0.619691,372,5736025,0.705621,8129050
3,2021-07-05,9484,10373585,6934,5672672,2127,4348944,423,351969,4292,698172,0.085886,5129,5042629,0.620322,4776,5740801,0.706208,8129050
3,2021-07-06,18916,10392501,13716,5686388,4084,4353028,1116,353085,6853,694340,0.085415,11922,5054551,0.621789,8090,5748891,0.707203,8129050
3,2021-07-07,15572,10408073,11043,5697431,3425,4356453,1104,354189,6289,692654,0.085207,9183,5063734,0.622918,7497,5756388,0.708126,8129050
3,2021-07-08,15220,10423293,10985,5708416,3243,4359696,992,355181,6185,690983,0.085002,8933,5072667,0.624017,7262,5763650,0.709019,8129050
3,2021-07-09,17455,10440748,12179,5720595,4073,4363769,1203,356384,7201,689358,0.084802,10139,5082806,0.625264,8514,5772164,0.710066,8129050
3,2021-07-10,10753,10451501,7907,5728502,2183,4365952,663,357047,4568,688557,0.084703,6119,5088925,0.626017,5318,5777482,0.71072,8129050
3,2021-07-11,5086,10456587,3763,5732265,1047,4366999,276,357323,2294,688402,0.084684,2745,5091670,0.626355,2590,5780072,0.711039,8129050
3,2021-07-12,14278,10470865,10403,5742668,2875,4369874,1000,358323,5689,686651,0.084469,8510,5100180,0.627402,6759,5786831,0.711871,8129050
3,2021-07-13,15024,10485889,10613,5753281,3507,4373381,904,359227,6580,685869,0.084373,8344,5108524,0.628428,7562,5794393,0.712801,8129050
3,2021-07-14,14307,10500196,10148,5763429,3238,4376619,921,360148,6365,685377,0.084312,7840,5116364,0.629393,7348,5801741,0.713705,8129050
3,2021-07-15,14555,10514751,10519,5773948,3207,4379826,829,360977,6671,685158,0.084285,7792,5124156,0.630351,7573,5809314,0.714636,8129050
3,2021-07-16,17567,10532318,12633,5786581,4053,4383879,881,361858,8385,685417,0.084317,9078,5133234,0.631468,9337,5818651,0.715785,8129050
3,2021-07-17,11144,10543462,8161,5794742,2451,4386330,532,362390,5295,685530,0.084331,5781,5139015,0.632179,5894,5824545,0.71651,8129050
3,2021-07-18,5704,10549166,4303,5799045,1150,4387480,251,362641,2796,685736,0.084356,2867,5141882,0.632532,3073,5827618,0.716888,8129050
3,2021-07-19,14767,10563933,10790,5809835,3103,4390583,874,363515,7238,686490,0.084449,7431,5149313,0.633446,8185,5835803,0.717895,8129050
3,2021-07-20,16333,10580266,11361,5821196,4077,4394660,895,364410,8395,688033,0.084639,7827,5157140,0.634409,9370,5845173,0.719047,8129050
3,2021-07-21,15819,10596085,11198,5832394,3760,4398420,861,365271,7957,689189,0.084781,7737,5164877,0.63536,8893,5854066,0.720141,8129050
3,2021-07-22,16168,10612253,11425,5843819,3791,4402211,952,366223,8389,690932,0.084995,7663,5172540,0.636303,9406,5863472,0.721299,8129050
3,2021-07-23,19022,10631275,13560,5857379,4465,4406676,997,367220,10224,693579,0.085321,8657,5181197,0.637368,11304,5874776,0.722689,8129050
3,2021-07-24,11477,10642752,8262,5865641,2639,4409315,576,367796,6337,695464,0.085553,5063,5186260,0.637991,6948,5881724,0.723544,8129050
3,2021-07-25,5555,10648307,4167,5869808,1181,4410496,207,368003,4018,698248,0.085895,1492,5187752,0.638174,4276,5886000,0.72407,8129050
3,2021-07-26,15274,10663581,10620,5880428,3701,4414197,953,368956,9222,702544,0.086424,5945,5193697,0.638906,10241,5896241,0.72533,8129050
3,2021-07-27,17230,10680811,12202,5892630,4073,4418270,955,369911,9890,706250,0.08688,7215,5200912,0.639793,10921,5907162,0.726673,8129050
3,2021-07-28,16840,10697651,12082,5904712,3738,4422008,1020,370931,9734,710080,0.087351,6969,5207881,0.640651,10799,5917961,0.728002,8129050
3,2021-07-29,16538,10714189,11910,5916622,3625,4425633,1003,371934,9735,714259,0.087865,6630,5214511,0.641466,10809,5928770,0.729331,8129050
3,2021-07-30,19234,10733423,13619,5930241,4567,4430200,1048,372982,11181,718724,0.088414,7856,5222367,0.642433,12321,5941091,0.730847,8129050
3,2021-07-31,11899,10745322,8636,5938877,2646,4432846,617,373599,6937,721512,0.088757,4833,5227200,0.643027,7621,5948712,0.731784,8129050
3,2021-08-01,6375,10751697,4857,5943734,1261,4434107,257,373856,4136,723757,0.089033,2182,5229382,0.643296,4427,5953139,0.732329,8129050
3,2021-08-02,16066,10767763,11742,5955476,3459,4437566,865,374721,10004,728758,0.089649,5948,5235330,0.644027,10949,5964088,0.733676,8129050
3,2021-08-03,10358,10778121,7368,5962844,2065,4439631,925,375646,6016,731495,0.089985,4247,5239577,0.64455,6984,5971072,0.734535,8129050
4,2020-12-15,454,454,454,454,0,0,0,0,454,454,5.6e-05,0,0,0.0,454,454,5.6e-05,8037679
4,2020-12-16,3056,3510,3056,3510,0,0,0,0,3056,3510,0.000437,0,0,0.0,3056,3510,0.000437,8037679
4,2020-12-17,8971,12481,8971,12481,0,0,0,0,8971,12481,0.001553,0,0,0.0,8971,12481,0.001553,8037679
4,2020-12-18,16226,28707,16214,28695,12,12,0,0,16226,28707,0.003572,0,0,0.0,16226,28707,0.003572,8037679
4,2020-12-19,10392,39099,10383,39078,9,21,0,0,10328,39035,0.004857,0,0,0.0,10328,39035,0.004857,8037679
4,2020-12-20,7434,46533,7427,46505,7,28,0,0,7389,46424,0.005776,0,0,0.0,7389,46424,0.005776,8037679
4,2020-12-21,16427,62960,16401,62906,26,54,0,0,16360,62783,0.007811,1,1,0.0,16360,62784,0.007811,8037679
4,2020-12-22,17228,80188,16478,79384,750,804,0,0,17183,79962,0.009948,4,5,1e-06,17183,79967,0.009949,8037679
4,2020-12-23,17152,97340,14417,93801,2735,3539,0,0,17130,97089,0.012079,3,8,1e-06,17130,97097,0.01208,8037679
4,2020-12-24,8575,105915,5979,99780,2596,6135,0,0,8574,105663,0.013146,0,8,1e-06,8574,105671,0.013147,8037679
4,2020-12-25,905,106820,800,100580,105,6240,0,0,905,106568,0.013259,0,8,1e-06,905,106576,0.01326,8037679
4,2020-12-26,6183,113003,3902,104482,2281,8521,0,0,6183,112751,0.014028,0,8,1e-06,6183,112759,0.014029,8037679
4,2020-12-27,3429,116432,1993,106475,1436,9957,0,0,3429,116180,0.014454,0,8,1e-06,3429,116188,0.014455,8037679
4,2020-12-28,15182,131614,9384,115859,5798,15755,0,0,15154,131331,0.016339,3,11,1e-06,15154,131342,0.016341,8037679
4,2020-12-29,15442,147056,8543,124402,6899,22654,0,0,15408,146738,0.018256,1,12,1e-06,15408,146750,0.018258,8037679
4,2020-12-30,19020,166076,11100,135502,7920,30574,0,0,19009,165745,0.020621,2,14,2e-06,19009,165759,0.020623,8037679
4,2020-12-31,8323,174399,3368,138870,4955,35529,0,0,8310,174046,0.021654,9,23,3e-06,8310,174069,0.021657,8037679
4,2021-01-01,1663,176062,755,139625,908,36437,0,0,1659,175702,0.02186,3,26,3e-06,1659,175728,0.021863,8037679
4,2021-01-02,5740,181802,3241,142866,2499,38936,0,0,5738,181439,0.022574,1,27,3e-06,5738,181466,0.022577,8037679
4,2021-01-03,2151,183953,1271,144137,880,39816,0,0,2137,183573,0.022839,3,30,4e-06,2137,183603,0.022843,8037679
4,2021-01-04,13010,196963,7044,151181,5966,45782,0,0,12962,196507,0.024448,28,58,7e-06,12962,196565,0.024455,8037679
4,2021-01-05,16992,213955,10071,161252,6921,52703,0,0,14775,209108,0.026016,2188,2246,0.000279,14789,211354,0.026295,8037679
4,2021-01-06,21710,235665,13308,174560,8402,61105,0,0,15583,218627,0.0272,6078,8324,0.001036,15597,226951,0.028236,8037679
4,2021-01-07,28062,263727,17109,191669,10953,72058,0,0,16753,224154,0.027888,11248,19572,0.002435,16775,243726,0.030323,8037679
4,2021-01-08,33027,296754,21201,212870,11826,83884,0,0,18405,228024,0.028369,14556,34128,0.004246,18426,262152,0.032615,8037679
4,2021-01-09,16349,313103,9674,222544,6675,90559,0,0,9494,230685,0.0287,6845,40973,0.005098,9506,271658,0.033798,8037679
4,2021-01-10,8807,321910,5690,228234,3117,93676,0,0,4180,230257,0.028647,4616,45589,0.005672,4188,275846,0.034319,8037679
4,2021-01-11,33641,355551,22100,250334,11541,105217,0,0,18939,234568,0.029184,14675,60264,0.007498,18986,294832,0.036681,8037679
4,2021-01-12,38714,394265,22333,272667,16381,121598,0,0,24365,244680,0.030442,14294,74558,0.009276,24406,319238,0.039718,8037679
4,2021-01-13,39056,433321,19348,292015,19708,141306,0,0,27638,260969,0.032468,11376,85934,0.010691,27665,346903,0.04316,8037679
4,2021-01-14,39593,472914,15243,307258,24350,165656,0,0,32349,286141,0.0356,7206,93140,0.011588,32378,379281,0.047188,8037679
4,2021-01-15,45628,518542,15949,323207,29679,195335,0,0,40023,320653,0.039894,5537,98677,0.012277,40049,419330,0.052171,8037679
4,2021-01-16,28874,547416,9424,332631,19450,214785,0,0,25740,343309,0.042712,3102,101779,0.012663,25758,445088,0.055375,8037679
4,2021-01-17,19190,566606,6759,339390,12431,227216,0,0,17654,359463,0.044722,1514,103293,0.012851,17668,462756,0.057573,8037679
4,2021-01-18,29571,596177,13688,353078,15883,243099,0,0,23570,377126,0.04692,5933,109226,0.013589,23596,486352,0.060509,8037679
4,2021-01-19,46301,642478,23141,376219,23160,266259,0,0,36879,404705,0.050351,9374,118600,0.014756,36953,523305,0.065106,8037679
4,2021-01-20,52849,695327,28285,404504,24564,290823,0,0,42244,436504,0.054307,10507,129107,0.016063,42306,565611,0.07037,8037679
4,2021-01-21,58076,753403,26168,430672,31908,322731,0,0,51270,481097,0.059855,6724,135831,0.016899,51317,616928,0.076754,8037679
4,2021-01-22,55647,809050,22355,453027,33292,356023,0,0,50450,526446,0.065497,5128,140959,0.017537,50477,667405,0.083035,8037679
4,2021-01-23,39800,848850,17465,470492,22335,378358,0,0,35437,557560,0.069368,4353,145312,0.018079,35467,702872,0.087447,8037679
4,2021-01-24,24075,872925,10518,481010,13557,391915,0,0,22165,577844,0.071892,1901,147213,0.018315,22185,725057,0.090207,8037679
4,2021-01-25,48235,921160,22319,503329,25916,417831,0,0,37025,603750,0.075115,11178,158391,0.019706,37084,762141,0.094821,8037679
4,2021-01-26,57238,978398,29202,532531,28036,445867,0,0,44875,636361,0.079172,12326,170717,0.02124,44937,807078,0.100412,8037679
4,2021-01-27,56550,1034948,26909,559440,29641,475508,0,0,45413,670771,0.083453,11057,181774,0.022615,45467,852545,0.106069,8037679
4,2021-01-28,57035,1091983,25781,585221,31254,506762,0,0,46940,707761,0.088055,9997,191771,0.023859,46987,899532,0.111914,8037679
4,2021-01-29,56928,1148911,27311,612532,29617,536379,0,0,46403,743875,0.092548,10324,202095,0.025143,46438,945970,0.117692,8037679
4,2021-01-30,38267,1187178,17296,629828,20971,557350,0,0,32869,771433,0.095977,5341,207436,0.025808,32899,978869,0.121785,8037679
4,2021-01-31,24111,1211289,12713,642541,11398,568748,0,0,22393,792146,0.098554,1697,209133,0.026019,22410,1001279,0.124573,8037679
4,2021-02-01,49935,1261224,24065,666606,25870,594618,0,0,38195,818703,0.101858,11683,220816,0.027473,38240,1039519,0.129331,8037679
4,2021-02-02,55866,1317090,25682,692288,30184,624802,0,0,42863,848695,0.10559,12918,233734,0.02908,42910,1082429,0.134669,8037679
4,2021-02-03,62520,1379610,30702,722990,31818,656620,0,0,47914,882207,0.109759,14456,248190,0.030878,47968,1130397,0.140637,8037679
4,2021-02-04,67900,1447510,31491,754481,36409,693029,0,0,50967,916523,0.114028,16759,264949,0.032963,51075,1181472,0.146992,8037679
4,2021-02-05,73704,1521214,34155,788636,39549,732578,0,0,51142,945523,0.117636,22278,287227,0.035735,51278,1232750,0.153371,8037679
4,2021-02-06,48988,1570202,26352,814988,22636,755214,0,0,37314,971436,0.12086,11605,298832,0.037179,37518,1270268,0.158039,8037679
4,2021-02-07,26634,1596836,17608,832596,9026,764240,0,0,20108,985291,0.122584,6492,305324,0.037987,20347,1290615,0.160571,8037679
4,2021-02-08,59050,1655886,30401,862997,28649,792889,0,0,38333,1003314,0.124826,20577,325901,0.040547,38600,1329215,0.165373,8037679
4,2021-02-09,67699,1723585,34297,897294,33402,826291,0,0,39623,1015501,0.126343,27883,353784,0.044016,40070,1369285,0.170358,8037679
4,2021-02-10,77927,1801512,39007,936301,38920,865211,0,0,40921,1020215,0.126929,36752,390536,0.048588,41466,1410751,0.175517,8037679
4,2021-02-11,82165,1883677,42905,979206,39260,904471,0,0,41745,1022499,0.127213,40141,430677,0.053582,42425,1453176,0.180795,8037679
4,2021-02-12,85146,1968823,38189,1017395,46957,951428,0,0,43712,1025856,0.127631,41145,471822,0.058701,44502,1497678,0.186332,8037679
4,2021-02-13,59282,2028105,30040,1047435,29242,980670,0,0,30151,1027927,0.127889,28983,500805,0.062307,31054,1528732,0.190196,8037679
4,2021-02-14,37116,2065221,19305,1066740,17811,998481,0,0,18983,1029495,0.128084,18074,518879,0.064556,19642,1548374,0.192639,8037679
4,2021-02-15,46614,2111835,21883,1088623,24731,1023212,0,0,23844,1031843,0.128376,22681,541560,0.067378,25029,1573403,0.195753,8037679
4,2021-02-16,80924,2192759,37150,1125773,43774,1066986,0,0,41079,1034443,0.128699,39698,581258,0.072317,42298,1615701,0.201016,8037679
4,2021-02-17,82245,2275004,38895,1164668,43350,1110336,0,0,39046,1031637,0.12835,42981,624239,0.077664,40175,1655876,0.206014,8037679
4,2021-02-18,84164,2359168,46363,1211031,37801,1148137,0,0,38842,1026843,0.127754,45117,669356,0.083277,40323,1696199,0.211031,8037679
4,2021-02-19,83522,2442690,52655,1263686,30867,1179004,0,0,41654,1027507,0.127836,41684,711040,0.088463,42348,1738547,0.2163,8037679
4,2021-02-20,50000,2492690,33308,1296994,16692,1195696,0,0,27036,1032362,0.12844,22876,733916,0.091309,27731,1766278,0.21975,8037679
4,2021-02-21,30364,2523054,24111,1321105,6253,1201949,0,0,14645,1031662,0.128353,15631,749547,0.093254,14931,1781209,0.221607,8037679
4,2021-02-22,55674,2578728,38250,1359355,17424,1219373,0,0,26763,1030133,0.128163,28743,778290,0.09683,27214,1808423,0.224993,8037679
4,2021-02-23,77285,2656013,42873,1402228,34412,1253785,0,0,33861,1022465,0.127209,43207,821497,0.102206,35539,1843962,0.229415,8037679
4,2021-02-24,92512,2748525,48928,1451156,43584,1297369,0,0,41600,1015596,0.126354,50628,872125,0.108505,43759,1887721,0.234859,8037679
4,2021-02-25,104052,2852577,54436,1505592,49616,1346985,0,0,49576,1013495,0.126093,54236,926361,0.115252,52135,1939856,0.241345,8037679
4,2021-02-26,110175,2962752,55688,1561280,54487,1401472,0,0,56205,1018404,0.126704,53656,980017,0.121928,58565,1998421,0.248632,8037679
4,2021-02-27,80302,3043054,43723,1605003,36569,1438041,10,10,42768,1025364,0.12757,37306,1017323,0.126569,44266,2042687,0.254139,8037679
4,2021-02-28,49621,3092675,30653,1635656,18961,1457002,7,17,27314,1031470,0.128329,22101,1039424,0.129319,28207,2070894,0.257648,8037679
4,2021-03-01,80962,3173637,47427,1683083,33486,1490488,49,66,44545,1041189,0.129539,36071,1075495,0.133807,45790,2116684,0.263345,8037679
4,2021-03-02,88362,3261999,50728,1733811,37625,1528113,9,75,51604,1058035,0.131634,36556,1112051,0.138355,53402,2170086,0.269989,8037679
4,2021-03-03,102946,3364945,54609,1788420,48321,1576434,16,91,57260,1071634,0.133326,45450,1157501,0.144009,59049,2229135,0.277336,8037679
4,2021-03-04,99898,3464843,55355,1843775,44526,1620960,17,108,54394,1082569,0.134687,45251,1202752,0.149639,56186,2285321,0.284326,8037679
4,2021-03-05,97113,3561956,52412,1896187,44378,1665338,323,431,57077,1102102,0.137117,39806,1242558,0.154592,59339,2344660,0.291709,8037679
4,2021-03-06,77383,3639339,43603,1939790,31135,1696473,2645,3076,47328,1123487,0.139778,29911,1272469,0.158313,51296,2395956,0.298091,8037679
4,2021-03-07,44921,3684260,27571,1967361,15152,1711625,2198,5274,26111,1134150,0.141104,18721,1291190,0.160642,29384,2425340,0.301746,8037679
4,2021-03-08,68280,3752540,35676,2003037,29225,1740850,3379,8653,44768,1160225,0.144348,23374,1314564,0.16355,49449,2474789,0.307898,8037679
4,2021-03-09,82276,3834816,41520,2044557,35471,1776321,5285,13938,44315,1173116,0.145952,37765,1352329,0.168249,50656,2525445,0.314201,8037679
4,2021-03-10,91834,3926650,47326,2091883,36971,1813292,7537,21475,46279,1182474,0.147116,45339,1397668,0.17389,54697,2580142,0.321006,8037679
4,2021-03-11,101297,4027947,53092,2144975,39686,1852978,8519,29994,46699,1184394,0.147355,54324,1451992,0.180648,56244,2636386,0.328003,8037679
4,2021-03-12,105117,4133064,51798,2196773,42987,1895965,10332,40326,44911,1180568,0.146879,59901,1511893,0.188101,56075,2692461,0.33498,8037679
4,2021-03-13,81953,4215017,37941,2234714,35482,1931447,8530,48856,38701,1185736,0.147522,43100,1554993,0.193463,48268,2740729,0.340985,8037679
4,2021-03-14,50071,4265088,28510,2263224,17913,1949360,3648,52504,23364,1186727,0.147645,26602,1581595,0.196773,27593,2768322,0.344418,8037679
4,2021-03-15,84063,4349151,45228,2308452,34570,1983930,4265,56769,42587,1193201,0.148451,41195,1622790,0.201898,47669,2815991,0.350349,8037679
4,2021-03-16,108347,4457498,56332,2364784,48586,2032516,3429,60198,56886,1202996,0.14967,51187,1673977,0.208266,60982,2876973,0.357936,8037679
4,2021-03-17,107786,4565284,58044,2422828,46231,2078747,3511,63709,62839,1225208,0.152433,44657,1718634,0.213822,66869,2943842,0.366255,8037679
4,2021-03-18,107707,4672991,59766,2482594,44232,2122979,3709,67418,60759,1243422,0.154699,46655,1765289,0.219627,64869,3008711,0.374326,8037679
4,2021-03-19,112188,4785179,64529,2547123,42429,2165408,5230,72648,63502,1264120,0.157274,48389,1813678,0.225647,69087,3077798,0.382921,8037679
4,2021-03-20,84529,4869708,49444,2596567,32061,2197469,3024,75672,51607,1286297,0.160033,32747,1846425,0.229721,54924,3132722,0.389755,8037679
4,2021-03-21,48458,4918166,35114,2631681,11084,2208553,2260,77932,28199,1296987,0.161363,20114,1866539,0.232224,30804,3163526,0.393587,8037679
4,2021-03-22,83004,5001170,54234,2685915,26029,2234582,2741,80673,51148,1319998,0.164226,31580,1898119,0.236153,54591,3218117,0.400379,8037679
4,2021-03-23,105585,5106755,63217,2749132,40217,2274799,2151,82824,61926,1341665,0.166922,43367,1941486,0.241548,65034,3283151,0.40847,8037679
4,2021-03-24,114363,5221118,73753,2822885,38177,2312976,2433,85257,63859,1358404,0.169005,50046,1991532,0.247775,66785,3349936,0.416779,8037679
4,2021-03-25,117908,5339026,72512,2895397,42985,2355961,2411,87668,66878,1377663,0.171401,50525,2042057,0.254061,69784,3419720,0.425461,8037679
4,2021-03-26,120664,5459690,73161,2968558,44454,2400415,3049,90717,65479,1392001,0.173184,54791,2096848,0.260877,69129,3488849,0.434062,8037679
4,2021-03-27,92644,5552334,54573,3023131,36271,2436686,1800,92517,46841,1395583,0.17363,45537,2142385,0.266543,49119,3537968,0.440173,8037679
4,2021-03-28,56069,5608403,37004,3060135,18188,2454874,877,93394,29593,1400144,0.174198,26286,2168671,0.269813,30847,3568815,0.444011,8037679
4,2021-03-29,94220,5702623,56442,3116577,35686,2490560,2092,95486,50541,1409938,0.175416,43388,2212059,0.275211,53182,3621997,0.450627,8037679
4,2021-03-30,117838,5820461,64314,3180891,49355,2539915,4169,99655,69504,1436128,0.178674,48070,2260129,0.281192,74260,3696257,0.459866,8037679
4,2021-03-31,121711,5942172,71826,3252717,43561,2583476,6324,105979,67872,1457055,0.181278,53454,2313583,0.287842,74381,3770638,0.46912,8037679
4,2021-04-01,143177,6085349,81630,3334347,48231,2631707,13316,119295,83966,1495670,0.186082,58686,2372269,0.295144,97301,3867939,0.481226,8037679
4,2021-04-02,137305,6222654,73348,3407695,50321,2682028,13636,132931,78977,1530485,0.190414,58004,2430273,0.30236,92819,3960758,0.492774,8037679
4,2021-04-03,101559,6324213,54254,3461949,33815,2715843,13490,146421,52761,1548295,0.19263,48575,2478848,0.308403,66385,4027143,0.501033,8037679
4,2021-04-04,47002,6371215,24808,3486757,14658,2730501,7536,153957,20403,1549706,0.192805,26481,2505329,0.311698,27892,4055035,0.504503,8037679
4,2021-04-05,110042,6481257,61753,3548510,35406,2765907,12883,166840,56960,1567194,0.194981,52842,2558171,0.318272,70330,4125365,0.513253,8037679
4,2021-04-06,139395,6620652,78417,3626927,41120,2807027,19858,186698,72153,1592713,0.198156,66981,2625152,0.326606,92500,4217865,0.524762,8037679
4,2021-04-07,138118,6758770,78257,3705184,39079,2846106,20782,207480,71358,1618561,0.201372,66483,2691635,0.334877,92331,4310196,0.536249,8037679
4,2021-04-08,140622,6899392,78326,3783510,36738,2882844,25558,233038,69861,1644027,0.20454,70436,2762071,0.34364,95902,4406098,0.54818,8037679
4,2021-04-09,138282,7037674,75782,3859292,39364,2922208,23136,256174,65888,1661856,0.206758,72121,2834192,0.352613,89950,4496048,0.559371,8037679
4,2021-04-10,104122,7141796,51335,3910627,33843,2956051,18944,275118,46894,1671667,0.207979,56998,2891190,0.359705,66809,4562857,0.567683,8037679
4,2021-04-11,62840,7204636,38143,3948770,13498,2969549,11199,286317,27419,1676002,0.208518,35298,2926488,0.364096,39633,4602490,0.572614,8037679
4,2021-04-12,103228,7307864,62737,4011507,30256,2999805,10235,296552,51966,1688464,0.210069,50939,2977427,0.370434,63401,4665891,0.580502,8037679
4,2021-04-13,130887,7438751,82118,4093625,48601,3048406,168,296720,78211,1715349,0.213413,52359,3029786,0.376948,79244,4745135,0.590361,8037679
4,2021-04-14,135951,7574702,86598,4180223,49275,3097681,78,296798,75016,1731087,0.215372,60586,3090372,0.384486,76324,4821459,0.599857,8037679
4,2021-04-15,156476,7731178,104027,4284250,52378,3150059,71,296869,95732,1767328,0.21988,60334,3150706,0.391992,96575,4918034,0.611872,8037679
4,2021-04-16,143936,7875114,91232,4375482,52625,3202684,79,296948,83433,1791403,0.222876,60159,3210865,0.399477,84234,5002268,0.622352,8037679
4,2021-04-17,101744,7976858,63866,4439348,37853,3240537,25,296973,59518,1810166,0.22521,41929,3252794,0.404693,60692,5062960,0.629903,8037679
4,2021-04-18,56916,8033774,38438,4477786,18475,3259012,3,296976,32006,1818378,0.226232,24760,3277554,0.407774,32972,5095932,0.634005,8037679
4,2021-04-19,101496,8135270,66851,4544637,34627,3293639,18,296994,51482,1820724,0.226524,49757,3327311,0.413964,52103,5148035,0.640488,8037679
4,2021-04-20,131721,8266991,78420,4623057,53285,3346924,16,297010,68267,1826972,0.227301,63108,3390419,0.421816,69356,5217391,0.649117,8037679
4,2021-04-21,134917,8401908,88062,4711119,46798,3393722,57,297067,67881,1829423,0.227606,66599,3457018,0.430102,69050,5286441,0.657707,8037679
4,2021-04-22,141964,8543872,94209,4805328,47731,3441453,24,297091,63352,1815742,0.225904,78192,3535210,0.43983,64511,5350952,0.665733,8037679
4,2021-04-23,135451,8679323,88138,4893466,47289,3488742,24,297115,58746,1799381,0.223868,76324,3611534,0.449325,59963,5410915,0.673194,8037679
4,2021-04-24,99101,8778424,66887,4960353,32164,3520906,50,297165,45607,1792938,0.223067,53175,3664709,0.455941,46732,5457647,0.679008,8037679
4,2021-04-25,50472,8828896,35583,4995936,14862,3535768,27,297192,26356,1795814,0.223424,23961,3688670,0.458922,26837,5484484,0.682347,8037679
4,2021-04-26,92288,8921184,60530,5056466,31360,3567128,398,297590,36330,1778238,0.221238,55642,3744312,0.465845,38066,5522550,0.687083,8037679
4,2021-04-27,114131,9035315,69755,5126221,42055,3609183,2321,299911,41097,1749761,0.217695,72693,3817005,0.474889,44216,5566766,0.692584,8037679
4,2021-04-28,104641,9139956,68371,5194592,33734,3642917,2536,302447,38272,1725219,0.214641,66014,3883019,0.483102,41472,5608238,0.697743,8037679
4,2021-04-29,105999,9245955,67711,5262303,35754,3678671,2534,304981,34253,1691230,0.210413,71381,3954400,0.491983,37392,5645630,0.702396,8037679
4,2021-04-30,105733,9351688,67002,5329305,36025,3714696,2706,307687,36355,1661983,0.206774,68972,4023372,0.500564,39725,5685355,0.707338,8037679
4,2021-05-01,69610,9421298,46197,5375502,21635,3736331,1778,309465,20275,1635635,0.203496,49044,4072416,0.506666,22696,5708051,0.710162,8037679
4,2021-05-02,37718,9459016,26761,5402263,9663,3745994,1294,310759,10586,1620655,0.201632,27005,4099421,0.510025,12025,5720076,0.711658,8037679
4,2021-05-03,79416,9538432,55416,5457679,21507,3767501,2493,313252,19321,1583013,0.196949,59828,4159249,0.517469,22186,5742262,0.714418,8037679
4,2021-05-04,101628,9640060,69583,5527262,29274,3796775,2771,316023,22786,1530434,0.190407,78534,4237783,0.52724,25955,5768217,0.717647,8037679
4,2021-05-05,102508,9742568,72284,5599546,27481,3824256,2743,318766,22243,1475813,0.183612,79912,4317695,0.537182,25291,5793508,0.720794,8037679
4,2021-05-06,112296,9854864,84152,5683698,25198,3849454,2946,321712,19773,1407625,0.175128,92029,4409724,0.548632,23841,5817349,0.72376,8037679
4,2021-05-07,105076,9959940,75532,5759230,26860,3876314,2684,324396,20762,1347566,0.167656,83924,4493648,0.559073,23865,5841214,0.726729,8037679
4,2021-05-08,69947,10029887,48206,5807436,19808,3896122,1933,326329,13872,1307908,0.162722,55822,4549470,0.566018,16164,5857378,0.72874,8037679
4,2021-05-09,34353,10064240,28098,5835534,5307,3901429,948,327277,7530,1289766,0.160465,26712,4576182,0.569341,8570,5865948,0.729806,8037679
4,2021-05-10,65314,10129554,43734,5879268,19254,3920683,2326,329603,11074,1249466,0.155451,54010,4630192,0.576061,13710,5879658,0.731512,8037679
4,2021-05-11,83424,10212978,52206,5931474,29023,3949706,2195,331798,15874,1200789,0.149395,67287,4697479,0.584432,18610,5898268,0.733827,8037679
4,2021-05-12,79824,10292802,53062,5984536,24288,3973994,2474,334272,16624,1157445,0.144002,62899,4760378,0.592258,19555,5917823,0.73626,8037679
4,2021-05-13,104806,10397608,77141,6061677,26131,4000125,1534,335806,40592,1136754,0.141428,63879,4824257,0.600205,43188,5961011,0.741633,8037679
4,2021-05-14,105206,10502814,74297,6135974,28778,4028903,2131,337937,40536,1115620,0.138799,64337,4888594,0.60821,43203,6004214,0.747008,8037679
4,2021-05-15,85794,10588608,66328,6202302,18137,4047040,1329,339266,37858,1107428,0.13778,47684,4936278,0.614142,39492,6043706,0.751922,8037679
4,2021-05-16,51650,10640258,41621,6243923,9316,4056356,713,339979,21157,1099101,0.136744,30339,4966617,0.617917,22012,6065718,0.75466,8037679
4,2021-05-17,71263,10711521,52031,6295954,17389,4073745,1843,341822,28173,1086480,0.135173,42873,5009490,0.623251,30252,6095970,0.758424,8037679
4,2021-05-18,81848,10793369,53207,6349161,26887,4100632,1754,343576,29238,1065594,0.132575,52245,5061735,0.629751,31359,6127329,0.762326,8037679
4,2021-05-19,76859,10870228,51946,6401107,22971,4123603,1942,345518,30866,1053007,0.131009,45685,5107420,0.635435,33098,6160427,0.766444,8037679
4,2021-05-20,69120,10939348,44441,6445548,22683,4146286,1996,347514,25614,1037755,0.129111,43210,5150630,0.640811,27958,6188385,0.769922,8037679
4,2021-05-21,73609,11012957,48537,6494085,23211,4169497,1861,349375,25959,1018492,0.126715,47351,5197981,0.646702,28088,6216473,0.773416,8037679
4,2021-05-22,49850,11062807,34932,6529017,13644,4183141,1274,350649,21664,1013648,0.126112,28017,5225998,0.650187,23173,6239646,0.776299,8037679
4,2021-05-23,23982,11086789,17111,6546128,6148,4189289,723,351372,9759,1010143,0.125676,14098,5240096,0.651941,10593,6250239,0.777617,8037679
4,2021-05-24,43067,11129856,27392,6573520,12674,4201963,3001,354373,15059,1000619,0.124491,27784,5267880,0.655398,18260,6268499,0.779889,8037679
4,2021-05-25,44890,11174746,27882,6601402,14182,4216145,2826,357199,15859,990746,0.123263,28789,5296669,0.65898,18916,6287415,0.782243,8037679
4,2021-05-26,44618,11219364,26727,6628129,15287,4231432,2604,359803,15838,980805,0.122026,28555,5325224,0.662533,18614,6306029,0.784558,8037679
4,2021-05-27,38908,11258272,23332,6651461,12437,4243869,3139,362942,14647,974707,0.121267,24051,5349275,0.665525,17953,6323982,0.786792,8037679
4,2021-05-28,43286,11301558,27559,6679020,14121,4257990,1606,364548,18857,971236,0.120835,24159,5373434,0.668531,20688,6344670,0.789366,8037679
4,2021-05-29,23698,11325256,15374,6694394,7390,4265380,934,365482,10895,970540,0.120749,12657,5386091,0.670105,11961,6356631,0.790854,8037679
4,2021-05-30,12093,11337349,8500,6702894,3067,4268447,526,366008,5021,969157,0.120577,7001,5393092,0.670976,5618,6362249,0.791553,8037679
4,2021-05-31,3578,11340927,2275,6705169,1142,4269589,161,366169,1141,968094,0.120444,2385,5395477,0.671273,1322,6363571,0.791717,8037679
4,2021-06-01,39452,11380379,24521,6729690,12490,4282079,2441,368610,13016,957552,0.119133,26215,5421692,0.674535,15673,6379244,0.793667,8037679
4,2021-06-02,32620,11412999,20371,6750061,9452,4291531,2797,371407,10881,949828,0.118172,21552,5443244,0.677216,13828,6393072,0.795388,8037679
4,2021-06-03,48050,11461049,36859,6786920,8736,4300267,2455,373862,10340,925393,0.115132,37539,5480783,0.681886,13104,6406176,0.797018,8037679
4,2021-06-04,54808,11515857,44119,6831039,9361,4309628,1328,375190,12722,898397,0.111773,41848,5522631,0.687093,14852,6421028,0.798866,8037679
4,2021-06-05,44811,11560668,38369,6869408,5446,4315074,996,376186,8738,872495,0.108551,35918,5558549,0.691561,10016,6431044,0.800112,8037679
4,2021-06-06,21235,11581903,18947,6888355,1724,4316798,564,376750,3948,860220,0.107023,17184,5575733,0.693699,4909,6435953,0.800723,8037679
4,2021-06-07,38708,11620611,31326,6919681,5462,4322260,1920,378670,8410,840678,0.104592,30160,5605893,0.697452,10618,6446571,0.802044,8037679
4,2021-06-08,40585,11661196,31838,6951519,6206,4328466,2541,381211,9431,822021,0.102271,30967,5636860,0.701304,12310,6458881,0.803575,8037679
4,2021-06-09,38936,11700132,30869,6982388,5707,4334173,2360,383571,7920,801809,0.099756,30845,5667705,0.705142,10633,6469514,0.804898,8037679
4,2021-06-10,37132,11737264,29252,7011640,5256,4339429,2624,386195,8407,784540,0.097608,28565,5696270,0.708696,11296,6480810,0.806304,8037679
4,2021-06-11,38290,11775554,30044,7041684,6234,4345663,2012,388207,9881,768535,0.095617,28251,5724521,0.712211,12246,6493056,0.807827,8037679
4,2021-06-12,26550,11802104,22084,7063768,3753,4349416,713,388920,6031,755088,0.093944,20413,5744934,0.71475,6966,6500022,0.808694,8037679
4,2021-06-13,10842,11812946,8566,7072334,1800,4351216,476,389396,2279,749453,0.093242,8497,5753431,0.715808,2862,6502884,0.80905,8037679
4,2021-06-14,28582,11841528,21376,7093710,4398,4355614,2808,392204,7798,739634,0.092021,20644,5774075,0.718376,10825,6513709,0.810397,8037679
4,2021-06-15,29940,11871468,21162,7114872,5375,4360989,3403,395607,8280,730077,0.090832,21497,5795572,0.72105,11940,6525649,0.811882,8037679
4,2021-06-16,26575,11898043,20028,7134900,3924,4364913,2623,398230,8007,722520,0.089892,18392,5813964,0.723339,10835,6536484,0.81323,8037679
4,2021-06-17,25131,11923174,18556,7153456,3682,4368595,2893,401123,7608,715874,0.089065,17335,5831299,0.725495,10689,6547173,0.81456,8037679
4,2021-06-18,26764,11949938,21108,7174564,4423,4373018,1233,402356,8259,707317,0.088,18301,5849600,0.727772,9744,6556917,0.815772,8037679
4,2021-06-19,15747,11965685,12736,7187300,2310,4375328,701,403057,5059,702708,0.087427,10540,5860140,0.729084,5931,6562848,0.81651,8037679
4,2021-06-20,7364,11973049,6067,7193367,991,4376319,306,403363,2619,701031,0.087218,4686,5864826,0.729667,3009,6565857,0.816885,8037679
4,2021-06-21,14577,11987626,10535,7203902,2903,4379222,1139,404502,7338,702519,0.087403,7153,5871979,0.730557,8641,6574498,0.81796,8037679
4,2021-06-22,20496,12008122,15968,7219870,3454,4382676,1074,405576,7111,697599,0.086791,13259,5885238,0.732206,8339,6582837,0.818997,8037679
4,2021-06-23,18393,12026515,14435,7234305,2970,4385646,988,406564,6708,693869,0.086327,11548,5896786,0.733643,7818,6590655,0.81997,8037679
4,2021-06-24,17578,12044093,13592,7247897,2998,4388644,988,407552,6554,690685,0.085931,10865,5907651,0.734995,7681,6598336,0.820926,8037679
4,2021-06-25,21536,12065629,16922,7264819,3568,4392212,1046,408598,7802,686103,0.085361,13596,5921247,0.736686,9014,6607350,0.822047,8037679
4,2021-06-26,13024,12078653,10595,7275414,1812,4394024,617,409215,4794,683492,0.085036,8127,5929374,0.737697,5516,6612866,0.822733,8037679
4,2021-06-27,6839,12085492,5538,7280952,958,4394982,343,409558,2879,682847,0.084956,3920,5933294,0.738185,3275,6616141,0.823141,8037679
4,2021-06-28,15036,12100528,12624,7293576,1559,4396541,853,410411,6036,680942,0.084719,8916,5942210,0.739294,7011,6623152,0.824013,8037679
4,2021-06-29,16441,12116969,12762,7306338,2878,4399419,801,411212,6355,678244,0.084383,9976,5952186,0.740535,7278,6630430,0.824918,8037679
4,2021-06-30,14527,12131496,11322,7317660,2468,4401887,737,411949,6036,676750,0.084197,8381,5960567,0.741578,6887,6637317,0.825775,8037679
4,2021-07-01,14430,12145926,11384,7329044,2305,4404192,741,412690,5911,675135,0.083996,8406,5968973,0.742624,6791,6644108,0.82662,8037679
4,2021-07-02,16745,12162671,13295,7342339,2689,4406881,761,413451,6847,673070,0.083739,9801,5978774,0.743843,7736,6651844,0.827583,8037679
4,2021-07-03,9155,12171826,7269,7349608,1476,4408357,410,413861,3966,672386,0.083654,5117,5983891,0.74448,4433,6656277,0.828134,8037679
4,2021-07-04,430,12172256,265,7349873,106,4408463,59,413920,188,672407,0.083657,237,5984128,0.744509,258,6656535,0.828166,8037679
4,2021-07-05,9191,12181447,7478,7357351,1298,4409761,415,414335,4173,672106,0.083619,4938,5989066,0.745124,4637,6661172,0.828743,8037679
4,2021-07-06,16444,12197891,12960,7370311,2683,4412444,801,415136,6059,668811,0.083209,10266,5999332,0.746401,6971,6668143,0.829611,8037679
4,2021-07-07,13681,12211572,10675,7380986,2230,4414674,776,415912,5165,666446,0.082915,8426,6007758,0.747449,6061,6674204,0.830365,8037679
4,2021-07-08,13180,12224752,10310,7391296,2040,4416714,830,416742,5150,664603,0.082686,7915,6015673,0.748434,6072,6680276,0.83112,8037679
4,2021-07-09,15361,12240113,11796,7403092,2630,4419344,935,417677,6249,662929,0.082478,8974,6024647,0.749551,7300,6687576,0.832028,8037679
4,2021-07-10,8807,12248920,6966,7410058,1443,4420787,398,418075,3702,662070,0.082371,5020,6029667,0.750175,4161,6691737,0.832546,8037679
4,2021-07-11,4967,12253887,3977,7414035,789,4421576,201,418276,2227,661828,0.082341,2700,6032367,0.750511,2458,6694195,0.832852,8037679
4,2021-07-12,13011,12266898,10316,7424351,1979,4423555,716,418992,5051,659816,0.08209,7881,6040248,0.751492,5869,6700064,0.833582,8037679
4,2021-07-13,12740,12279638,9755,7434106,2355,4425910,630,419622,5422,658752,0.081958,7211,6047459,0.752389,6147,6706211,0.834347,8037679
4,2021-07-14,11659,12291297,9183,7443289,1929,4427839,547,420169,5050,657898,0.081852,6522,6053981,0.7532,5668,6711879,0.835052,8037679
4,2021-07-15,12388,12303685,9840,7453129,1964,4429803,584,420753,5657,657608,0.081816,6605,6060586,0.754022,6315,6718194,0.835838,8037679
4,2021-07-16,14895,12318580,11612,7464741,2616,4432419,667,421420,6858,657306,0.081778,7935,6068521,0.755009,7633,6725827,0.836787,8037679
4,2021-07-17,9288,12327868,7339,7472080,1627,4434046,322,421742,4383,657247,0.081771,4806,6073327,0.755607,4747,6730574,0.837378,8037679
4,2021-07-18,5348,12333216,4305,7476385,843,4434889,200,421942,2525,657231,0.081769,2764,6076091,0.755951,2748,6733322,0.83772,8037679
4,2021-07-19,12735,12345951,10112,7486497,1979,4436868,644,422586,6033,657379,0.081787,6610,6082701,0.756773,6758,6740080,0.83856,8037679
4,2021-07-20,13659,12359610,10539,7497036,2465,4439333,655,423241,6728,658057,0.081872,6786,6089487,0.757618,7464,6747544,0.839489,8037679
4,2021-07-21,12746,12372356,9892,7506928,2216,4441549,638,423879,6337,658817,0.081966,6274,6095761,0.758398,7034,6754578,0.840364,8037679
4,2021-07-22,13395,12385751,10458,7517386,2290,4443839,647,424526,6967,660195,0.082138,6297,6102058,0.759182,7675,6762253,0.841319,8037679
4,2021-07-23,15583,12401334,12033,7529419,2870,4446709,680,425206,8178,661900,0.08235,7239,6109297,0.760082,8944,6771197,0.842432,8037679
4,2021-07-24,9554,12410888,7485,7536904,1742,4448451,327,425533,4907,662674,0.082446,4509,6113806,0.760643,5283,6776480,0.843089,8037679
4,2021-07-25,4739,12415627,3735,7540639,851,4449302,153,425686,3346,664851,0.082717,1337,6115143,0.76081,3514,6779994,0.843526,8037679
4,2021-07-26,12847,12428474,10085,7550724,2107,4451409,655,426341,7481,667818,0.083086,5225,6120368,0.76146,8192,6788186,0.844546,8037679
4,2021-07-27,14174,12442648,10886,7561610,2543,4453952,745,427086,7645,669872,0.083341,6378,6126746,0.762253,8432,6796618,0.845595,8037679
4,2021-07-28,13039,12455687,9993,7571603,2370,4456322,676,427762,7241,672215,0.083633,5631,6132377,0.762954,7974,6804592,0.846587,8037679
4,2021-07-29,13313,12469000,10370,7581973,2252,4458574,691,428453,7490,674872,0.083964,5610,6137987,0.763652,8267,6812859,0.847615,8037679
4,2021-07-30,15578,12484578,12009,7593982,2825,4461399,744,429197,8477,677453,0.084285,6748,6144735,0.764491,9329,6822188,0.848776,8037679
4,2021-07-31,9588,12494166,7506,7601488,1698,4463097,384,429581,5445,679374,0.084524,3950,6148685,0.764983,5871,6828059,0.849506,8037679
4,2021-08-01,5389,12499555,4461,7605949,767,4463864,161,429742,3186,680656,0.084683,2100,6150785,0.765244,3382,6831441,0.849927,8037679
4,2021-08-02,13615,12513170,10937,7616886,2010,4465874,668,430410,7982,683948,0.085093,5435,6156220,0.76592,8727,6840168,0.851013,8037679
4,2021-08-03,8438,12521608,6396,7623282,1417,4467291,625,431035,4728,685759,0.085318,3590,6159810,0.766367,5401,6845569,0.851685,8037679
