hpiquartile,administered_date,total_doses,cumulative_total_doses,pfizer_doses,cumulative_pfizer_doses,moderna_doses,cumulative_moderna_doses,jj_doses,cumulative_jj_doses,partially_vaccinated,total_partially_vaccinated,pct_age16pop_partially_vaccinated,fully_vaccinated,cumulative_fully_vaccinated,pct_age16pop_fully_vaccinated,at_least_one_dose,cumulative_at_least_one_dose,pct_age16pop_at_least_one_dose,age16_population
1,2020-12-15,144,144,144,144,0,0,0,0,144,144,1.8e-05,0,0,0.0,144,144,1.8e-05,8051741
1,2020-12-16,1276,1420,1276,1420,0,0,0,0,1276,1420,0.000176,0,0,0.0,1276,1420,0.000176,8051741
1,2020-12-17,4101,5521,4101,5521,0,0,0,0,4102,5522,0.000686,0,0,0.0,4102,5522,0.000686,8051741
1,2020-12-18,6073,11594,6032,11553,41,41,0,0,6078,11600,0.001441,0,0,0.0,6078,11600,0.001441,8051741
1,2020-12-19,2781,14375,2781,14334,0,41,0,0,2781,14380,0.001786,1,1,0.0,2781,14381,0.001786,8051741
1,2020-12-20,2030,16405,2027,16361,3,44,0,0,2032,16412,0.002038,0,1,0.0,2032,16413,0.002038,8051741
1,2020-12-21,7840,24245,7827,24188,13,57,0,0,7895,24307,0.003019,0,1,0.0,7895,24308,0.003019,8051741
1,2020-12-22,7385,31630,6942,31130,443,500,0,0,7389,31695,0.003936,1,2,0.0,7389,31697,0.003937,8051741
1,2020-12-23,7576,39206,6315,37445,1261,1761,0,0,7574,39269,0.004877,0,2,0.0,7574,39271,0.004877,8051741
1,2020-12-24,3265,42471,2323,39768,942,2703,0,0,3266,42535,0.005283,0,2,0.0,3266,42537,0.005283,8051741
1,2020-12-25,230,42701,147,39915,83,2786,0,0,230,42765,0.005311,0,2,0.0,230,42767,0.005312,8051741
1,2020-12-26,1328,44029,966,40881,362,3148,0,0,1328,44092,0.005476,1,3,0.0,1328,44095,0.005476,8051741
1,2020-12-27,851,44880,526,41407,325,3473,0,0,852,44944,0.005582,0,3,0.0,852,44947,0.005582,8051741
1,2020-12-28,7180,52060,4974,46381,2206,5679,0,0,7180,52124,0.006474,0,3,0.0,7180,52127,0.006474,8051741
1,2020-12-29,8691,60751,4944,51325,3747,9426,0,0,8687,60809,0.007552,2,5,1e-06,8687,60814,0.007553,8051741
1,2020-12-30,11247,71998,6233,57558,5014,14440,0,0,11268,72077,0.008952,0,5,1e-06,11268,72082,0.008952,8051741
1,2020-12-31,5757,77755,1877,59435,3880,18320,0,0,5935,78012,0.009689,0,5,1e-06,5935,78017,0.009689,8051741
1,2021-01-01,479,78234,156,59591,323,18643,0,0,478,78490,0.009748,0,5,1e-06,478,78495,0.009749,8051741
1,2021-01-02,2724,80958,1616,61207,1108,19751,0,0,2823,81313,0.010099,0,5,1e-06,2823,81318,0.010099,8051741
1,2021-01-03,994,81952,532,61739,462,20213,0,0,994,82306,0.010222,1,6,1e-06,994,82312,0.010223,8051741
1,2021-01-04,7249,89201,3522,65261,3727,23940,0,0,7276,89581,0.011126,1,7,1e-06,7276,89588,0.011127,8051741
1,2021-01-05,10846,100047,5212,70473,5634,29574,0,0,10113,98973,0.012292,782,789,9.8e-05,10174,99762,0.01239,8051741
1,2021-01-06,13997,114044,7115,77588,6882,36456,0,0,12198,109389,0.013586,1788,2577,0.00032,12204,111966,0.013906,8051741
1,2021-01-07,17652,131696,9246,86834,8406,44862,0,0,13288,118451,0.014711,4231,6808,0.000846,13293,125259,0.015557,8051741
1,2021-01-08,20057,151753,10322,97156,9735,54597,0,0,14347,127095,0.015785,5708,12516,0.001554,14352,139611,0.017339,8051741
1,2021-01-09,6486,158239,3260,100416,3226,57823,0,0,4785,130126,0.016161,1757,14273,0.001773,4788,144399,0.017934,8051741
1,2021-01-10,3000,161239,1706,102122,1294,59117,0,0,1848,130829,0.016249,1146,15419,0.001915,1849,146248,0.018164,8051741
1,2021-01-11,18307,179546,12054,114176,6253,65370,0,0,11428,135550,0.016835,6749,22168,0.002753,11470,157718,0.019588,8051741
1,2021-01-12,19177,198723,10753,124929,8424,73794,0,0,13184,142761,0.01773,5979,28147,0.003496,13190,170908,0.021226,8051741
1,2021-01-13,19735,218458,10451,135380,9284,83078,0,0,14784,152583,0.01895,4976,33123,0.004114,14798,185706,0.023064,8051741
1,2021-01-14,22276,240734,9317,144697,12959,96037,0,0,19605,169650,0.02107,2594,35717,0.004436,19661,205367,0.025506,8051741
1,2021-01-15,25314,266048,9485,154182,15829,111866,0,0,23346,191096,0.023734,1965,37682,0.00468,23411,228778,0.028413,8051741
1,2021-01-16,14117,280165,4511,158693,9606,121472,0,0,13369,203627,0.02529,840,38522,0.004784,13371,242149,0.030074,8051741
1,2021-01-17,5950,286115,1929,160622,4021,125493,0,0,5759,209025,0.02596,366,38888,0.00483,5764,247913,0.03079,8051741
1,2021-01-18,14809,300924,8970,169592,5839,131332,0,0,11487,217254,0.026982,3320,42208,0.005242,11549,259462,0.032224,8051741
1,2021-01-19,24136,325060,12826,182418,11310,142642,0,0,19033,231243,0.02872,5090,47298,0.005874,19079,278541,0.034594,8051741
1,2021-01-20,27414,352474,13259,195677,14155,156797,0,0,22099,248074,0.03081,5295,52593,0.006532,22126,300667,0.037342,8051741
1,2021-01-21,30941,383415,14972,210649,15969,172766,0,0,28123,273411,0.033957,2879,55472,0.006889,28216,328883,0.040846,8051741
1,2021-01-22,27204,410619,10886,221535,16318,189084,0,0,25377,296933,0.036878,1874,57346,0.007122,25396,354279,0.044,8051741
1,2021-01-23,18273,428892,8076,229611,10197,199281,0,0,16445,311548,0.038693,1841,59187,0.007351,16456,370735,0.046044,8051741
1,2021-01-24,6398,435290,4049,233660,2349,201630,0,0,5770,316683,0.039331,638,59825,0.00743,5773,376508,0.046761,8051741
1,2021-01-25,25302,460592,10106,243766,15196,216826,0,0,19858,331180,0.041131,5501,65326,0.008113,19998,396506,0.049245,8051741
1,2021-01-26,28278,488870,13260,257026,15018,231844,0,0,21746,346433,0.043026,6524,71850,0.008924,21777,418283,0.051949,8051741
1,2021-01-27,30783,519653,15283,272309,15500,247344,0,0,23032,361701,0.044922,7787,79637,0.009891,23055,441338,0.054813,8051741
1,2021-01-28,34212,553865,16193,288502,18019,265363,0,0,27781,382858,0.04755,6677,86314,0.01072,27834,469172,0.05827,8051741
1,2021-01-29,33571,587436,16423,304925,17148,282511,0,0,27518,404100,0.050188,6321,92635,0.011505,27563,496735,0.061693,8051741
1,2021-01-30,20486,607922,8575,313500,11911,294422,0,0,18520,420661,0.052245,1967,94602,0.011749,18528,515263,0.063994,8051741
1,2021-01-31,8381,616303,5165,318665,3216,297638,0,0,7958,427889,0.053142,732,95334,0.01184,7960,523223,0.064983,8051741
1,2021-02-01,27824,644127,12018,330683,15806,313444,0,0,20778,441432,0.054824,7239,102573,0.012739,20782,544005,0.067564,8051741
1,2021-02-02,31323,675450,11304,341987,20019,333463,0,0,23614,457347,0.056801,7731,110304,0.013699,23646,567651,0.0705,8051741
1,2021-02-03,38762,714212,14641,356628,24121,357584,0,0,28212,475012,0.058995,10575,120879,0.015013,28240,595891,0.074008,8051741
1,2021-02-04,43895,758107,16977,373605,26918,384502,0,0,32068,495195,0.061502,11929,132808,0.016494,32112,628003,0.077996,8051741
1,2021-02-05,46455,804562,17255,390860,29200,413702,0,0,30771,510260,0.063373,15751,148559,0.018451,30816,658819,0.081823,8051741
1,2021-02-06,26154,830716,10496,401356,15658,429360,0,0,20376,524910,0.065192,5739,154298,0.019163,20389,679208,0.084355,8051741
1,2021-02-07,5985,836701,3796,405152,2189,431549,0,0,4456,527866,0.065559,1519,155817,0.019352,4475,683683,0.084911,8051741
1,2021-02-08,30869,867570,14038,419190,16831,448380,0,0,20576,538142,0.066835,10376,166193,0.020641,20652,704335,0.087476,8051741
1,2021-02-09,37624,905194,16295,435485,21329,469709,0,0,22922,546312,0.06785,14833,181026,0.022483,23003,727338,0.090333,8051741
1,2021-02-10,46138,951332,21663,457148,24475,494184,0,0,26886,553883,0.06879,19391,200417,0.024891,26962,754300,0.093682,8051741
1,2021-02-11,51006,1002338,25497,482645,25509,519693,0,0,30617,563869,0.070031,20727,221144,0.027465,30713,785013,0.097496,8051741
1,2021-02-12,49274,1051612,21014,503659,28260,547953,0,0,28644,571969,0.071037,20669,241813,0.030032,28769,813782,0.101069,8051741
1,2021-02-13,26533,1078145,10976,514635,15557,563510,0,0,15194,575954,0.071532,11287,253100,0.031434,15272,829054,0.102966,8051741
1,2021-02-14,12141,1090286,5282,519917,6859,570369,0,0,6509,576921,0.071652,5612,258712,0.032131,6579,835633,0.103783,8051741
1,2021-02-15,23338,1113624,9132,529049,14206,584575,0,0,14213,582129,0.072299,9137,267849,0.033266,14345,849978,0.105564,8051741
1,2021-02-16,45170,1158794,21550,550599,23620,608195,0,0,27195,591321,0.07344,18117,285966,0.035516,27309,877287,0.108956,8051741
1,2021-02-17,47121,1205915,23988,574587,23133,631328,0,0,26317,596935,0.074137,20841,306807,0.038104,26455,903742,0.112242,8051741
1,2021-02-18,49803,1255718,24760,599347,25043,656371,0,0,26415,600145,0.074536,23419,330226,0.041013,26629,930371,0.115549,8051741
1,2021-02-19,45165,1300883,24428,623775,20737,677108,0,0,26640,608297,0.075549,18565,348791,0.043319,26717,957088,0.118867,8051741
1,2021-02-20,25494,1326377,15528,639303,9966,687074,0,0,14944,612516,0.076072,10802,359593,0.04466,15021,972109,0.120733,8051741
1,2021-02-21,9283,1335660,8212,647515,1071,688145,0,0,5836,614764,0.076352,3632,363225,0.045111,5880,977989,0.121463,8051741
1,2021-02-22,30381,1366041,20603,668118,9778,697923,0,0,19137,622319,0.07729,11674,374899,0.046561,19229,997218,0.123851,8051741
1,2021-02-23,42656,1408697,20500,688618,22156,720079,0,0,24328,628638,0.078075,18342,393241,0.048839,24661,1021879,0.126914,8051741
1,2021-02-24,54127,1462824,26914,715532,27213,747292,0,0,32369,639408,0.079412,22044,415285,0.051577,32814,1054693,0.130989,8051741
1,2021-02-25,64700,1527524,31624,747156,33076,780368,0,0,41203,657396,0.081646,23715,439000,0.054522,41703,1096396,0.136169,8051741
1,2021-02-26,72219,1599743,33684,780840,38535,818903,0,0,48845,682895,0.084813,23805,462805,0.057479,49304,1145700,0.142292,8051741
1,2021-02-27,48039,1647782,20483,801323,27555,846458,1,1,31681,698073,0.086698,16767,479572,0.059561,31945,1177645,0.14626,8051741
1,2021-02-28,18708,1666490,10877,812200,7831,854289,0,1,13817,706724,0.087773,5317,484889,0.060222,13968,1191613,0.147994,8051741
1,2021-03-01,42895,1709385,19280,831480,23609,877898,6,7,28327,720290,0.089458,15002,499891,0.062085,28568,1220181,0.151543,8051741
1,2021-03-02,57119,1766504,23275,854755,33842,911740,2,9,37018,737603,0.091608,20356,520247,0.064613,37669,1257850,0.156221,8051741
1,2021-03-03,68534,1835038,33121,887876,35402,947142,11,20,41925,753714,0.093609,26412,546659,0.067893,42523,1300373,0.161502,8051741
1,2021-03-04,75170,1910208,35149,923025,39992,987134,29,49,48511,776281,0.096412,26474,573133,0.071181,49041,1349414,0.167593,8051741
1,2021-03-05,73855,1984063,32670,955695,40991,1028125,194,243,49937,803357,0.099774,23682,596815,0.074122,50758,1400172,0.173897,8051741
1,2021-03-06,55360,2039423,27081,982776,27003,1055128,1276,1519,38677,827066,0.102719,16683,613498,0.076194,40392,1440564,0.178913,8051741
1,2021-03-07,18978,2058401,12084,994860,6107,1061235,787,2306,14299,837745,0.104045,4660,618158,0.076773,15339,1455903,0.180818,8051741
1,2021-03-08,41836,2100237,20065,1014925,19927,1081162,1844,4150,29123,856475,0.106371,12569,630727,0.078334,31299,1487202,0.184706,8051741
1,2021-03-09,58302,2158539,25260,1040185,30648,1111810,2394,6544,35844,872706,0.108387,22362,653089,0.081112,38593,1525795,0.189499,8051741
1,2021-03-10,70636,2229175,34956,1075141,31610,1143420,4070,10614,44726,896112,0.111294,25780,678869,0.084313,49186,1574981,0.195608,8051741
1,2021-03-11,86071,2315246,39873,1115014,38893,1182313,7305,17919,51629,921300,0.114422,34214,713083,0.088563,59402,1634383,0.202985,8051741
1,2021-03-12,94974,2410220,41490,1156504,40633,1222946,12851,30770,54536,948878,0.117848,40310,753393,0.093569,67888,1702271,0.211417,8051741
1,2021-03-13,62146,2472366,28711,1185215,25886,1248832,7549,38319,40015,974713,0.121056,22098,775491,0.096313,47933,1750204,0.21737,8051741
1,2021-03-14,26592,2498958,14205,1199420,8805,1257637,3582,41901,15675,983292,0.122122,10884,786375,0.097665,19463,1769667,0.219787,8051741
1,2021-03-15,65004,2563962,29478,1228898,28835,1286472,6691,48592,37861,1001269,0.124354,26961,813336,0.101014,44938,1814605,0.225368,8051741
1,2021-03-16,84247,2648209,39246,1268144,39542,1326014,5459,54051,53114,1029225,0.127826,31005,844341,0.104864,58961,1873566,0.232691,8051741
1,2021-03-17,91650,2739859,45423,1313567,39850,1365864,6377,60428,58160,1060823,0.131751,33376,877717,0.10901,64974,1938540,0.24076,8051741
1,2021-03-18,94722,2834581,49377,1362944,39666,1405530,5679,66107,57838,1088286,0.135162,36535,914252,0.113547,63998,2002538,0.248709,8051741
1,2021-03-19,102201,2936782,53088,1416032,42725,1448255,6388,72495,61005,1115208,0.138505,40991,955243,0.118638,67913,2070451,0.257143,8051741
1,2021-03-20,67605,3004387,35274,1451306,27472,1475727,4859,77354,44965,1142786,0.14193,22509,977752,0.121434,50087,2120538,0.263364,8051741
1,2021-03-21,25947,3030334,18008,1469314,6205,1481932,1734,79088,16914,1152553,0.143143,8980,986732,0.122549,18747,2139285,0.265692,8051741
1,2021-03-22,57012,3087346,29966,1499280,24137,1506069,2909,81997,39281,1177490,0.14624,17609,1004341,0.124736,42546,2181831,0.270976,8051741
1,2021-03-23,81420,3168766,41769,1541049,36346,1542415,3305,85302,53949,1207886,0.150016,27318,1031659,0.128129,57714,2239545,0.278144,8051741
1,2021-03-24,86820,3255586,45023,1586072,37685,1580100,4112,89414,52840,1231226,0.152914,33813,1065472,0.132328,57153,2296698,0.285242,8051741
1,2021-03-25,91987,3347573,47826,1633898,38993,1619093,5168,94582,53436,1251745,0.155463,38326,1103798,0.137088,58845,2355543,0.292551,8051741
1,2021-03-26,101618,3449191,49191,1683089,46386,1665479,6041,100623,57279,1271289,0.15789,44110,1147908,0.142566,63654,2419197,0.300456,8051741
1,2021-03-27,70210,3519401,37114,1720203,29502,1694981,3594,104217,36241,1277529,0.158665,33807,1181715,0.146765,40047,2459244,0.30543,8051741
1,2021-03-28,31228,3550629,20504,1740707,9571,1704552,1153,105370,17003,1281850,0.159202,14164,1195879,0.148524,18485,2477729,0.307726,8051741
1,2021-03-29,63638,3614267,32331,1773038,28817,1733369,2490,107860,36941,1294935,0.160827,26580,1222459,0.151825,39665,2517394,0.312652,8051741
1,2021-03-30,88955,3703222,44344,1817382,39174,1772543,5437,113297,52160,1315892,0.163429,36790,1259249,0.156395,57747,2575141,0.319824,8051741
1,2021-03-31,96756,3799978,51607,1868989,39539,1812082,5610,118907,55839,1336738,0.166019,40716,1299965,0.161451,61562,2636703,0.32747,8051741
1,2021-04-01,104153,3904131,50200,1919189,46209,1858291,7744,126651,55882,1352425,0.167967,48059,1348024,0.16742,63746,2700449,0.335387,8051741
1,2021-04-02,103271,4007402,46646,1965835,47707,1905998,8918,135569,54328,1367344,0.16982,48607,1396631,0.173457,63526,2763975,0.343277,8051741
1,2021-04-03,73981,4081383,37882,2003717,27553,1933551,8546,144115,35974,1374099,0.170659,37886,1434517,0.178162,44641,2808616,0.348821,8051741
1,2021-04-04,22245,4103628,11190,2014907,8006,1941557,3049,147164,9625,1374192,0.17067,12587,1447104,0.179726,12680,2821296,0.350396,8051741
1,2021-04-05,70630,4174258,34628,2049535,27465,1969022,8537,155701,34226,1380894,0.171503,36286,1483390,0.184232,42988,2864284,0.355735,8051741
1,2021-04-06,98591,4272849,48367,2097902,35412,2004434,14812,170513,46561,1390557,0.172703,51830,1535220,0.190669,61493,2925777,0.363372,8051741
1,2021-04-07,99828,4372677,46531,2144433,37459,2041893,15838,186351,46221,1399302,0.173789,53422,1588642,0.197304,62167,2987944,0.371093,8051741
1,2021-04-08,71779,4444456,33245,2177678,25486,2067379,13048,199399,31884,1404526,0.174438,39725,1628367,0.202238,44949,3032893,0.376675,8051741
2,2020-12-15,227,227,227,227,0,0,0,0,233,233,3e-05,0,0,0.0,233,233,3e-05,7897587
2,2020-12-16,1908,2135,1908,2135,0,0,0,0,1917,2150,0.000272,0,0,0.0,1917,2150,0.000272,7897587
2,2020-12-17,6600,8735,6600,8735,0,0,0,0,6644,8794,0.001114,0,0,0.0,6644,8794,0.001114,7897587
2,2020-12-18,11014,19749,10993,19728,21,21,0,0,11076,19870,0.002516,0,0,0.0,11076,19870,0.002516,7897587
2,2020-12-19,5688,25437,5684,25412,4,25,0,0,5690,25560,0.003236,0,0,0.0,5690,25560,0.003236,7897587
2,2020-12-20,4375,29812,4369,29781,6,31,0,0,4371,29931,0.00379,0,0,0.0,4371,29931,0.00379,7897587
2,2020-12-21,12414,42226,12377,42158,37,68,0,0,12405,42336,0.005361,0,0,0.0,12405,42336,0.005361,7897587
2,2020-12-22,11824,54050,11375,53533,449,517,0,0,11827,54163,0.006858,0,0,0.0,11827,54163,0.006858,7897587
2,2020-12-23,11470,65520,9310,62843,2160,2677,0,0,11480,65643,0.008312,0,0,0.0,11480,65643,0.008312,7897587
2,2020-12-24,5770,71290,3416,66259,2354,5031,0,0,5769,71412,0.009042,0,0,0.0,5769,71412,0.009042,7897587
2,2020-12-25,477,71767,401,66660,76,5107,0,0,478,71890,0.009103,0,0,0.0,478,71890,0.009103,7897587
2,2020-12-26,2530,74297,1662,68322,868,5975,0,0,2533,74423,0.009424,0,0,0.0,2533,74423,0.009424,7897587
2,2020-12-27,2201,76498,1191,69513,1010,6985,0,0,2200,76622,0.009702,1,1,0.0,2200,76623,0.009702,7897587
2,2020-12-28,10593,87091,6900,76413,3693,10678,0,0,10594,87215,0.011043,1,2,0.0,10594,87217,0.011043,7897587
2,2020-12-29,12612,99703,7129,83542,5483,16161,0,0,12616,99831,0.012641,0,2,0.0,12616,99833,0.012641,7897587
2,2020-12-30,15431,115134,8725,92267,6706,22867,0,0,15487,115318,0.014602,0,2,0.0,15487,115320,0.014602,7897587
2,2020-12-31,7464,122598,2803,95070,4661,27528,0,0,7552,122869,0.015558,1,3,0.0,7552,122872,0.015558,7897587
2,2021-01-01,1044,123642,503,95573,541,28069,0,0,1048,123916,0.01569,1,4,1e-06,1048,123920,0.015691,7897587
2,2021-01-02,4829,128471,2791,98364,2038,30107,0,0,4826,128742,0.016301,0,4,1e-06,4826,128746,0.016302,7897587
2,2021-01-03,1402,129873,776,99140,626,30733,0,0,1382,130121,0.016476,3,7,1e-06,1382,130128,0.016477,7897587
2,2021-01-04,11568,141441,5471,104611,6097,36830,0,0,11556,141672,0.017939,5,12,2e-06,11556,141684,0.01794,7897587
2,2021-01-05,13432,154873,6804,111415,6628,43458,0,0,12314,152859,0.019355,1136,1148,0.000145,12323,154007,0.019501,7897587
2,2021-01-06,18826,173699,10520,121935,8306,51764,0,0,15034,164081,0.020776,3818,4966,0.000629,15040,169047,0.021405,7897587
2,2021-01-07,22838,196537,12793,134728,10045,61809,0,0,15523,172227,0.021808,7389,12355,0.001564,15535,184582,0.023372,7897587
2,2021-01-08,25922,222459,15916,150644,10006,71815,0,0,15950,178253,0.022571,9938,22293,0.002823,15964,200546,0.025393,7897587
2,2021-01-09,9384,231843,5382,156026,4002,75817,0,0,6129,181086,0.022929,3300,25593,0.003241,6133,206679,0.02617,7897587
2,2021-01-10,5240,237083,2905,158931,2335,78152,0,0,3036,181895,0.023032,2231,27824,0.003523,3040,209719,0.026555,7897587
2,2021-01-11,25488,262571,17525,176456,7963,86115,0,0,15020,186288,0.023588,10643,38467,0.004871,15036,224755,0.028459,7897587
2,2021-01-12,25289,287860,15827,192283,9462,95577,0,0,16104,193151,0.024457,9278,47745,0.006046,16141,240896,0.030502,7897587
2,2021-01-13,27489,315349,14554,206837,12935,108512,0,0,19799,205217,0.025985,7750,55495,0.007027,19816,260712,0.033012,7897587
2,2021-01-14,28952,344301,11234,218071,17718,126230,0,0,24935,226093,0.028628,4073,59568,0.007543,24949,285661,0.036171,7897587
2,2021-01-15,33888,378189,12510,230581,21378,147608,0,0,30766,253721,0.032126,3164,62732,0.007943,30792,316453,0.04007,7897587
2,2021-01-16,17283,395472,5539,236120,11744,159352,0,0,16054,268456,0.033992,1329,64061,0.008111,16064,332517,0.042104,7897587
2,2021-01-17,9938,405410,3502,239622,6436,165788,0,0,9265,277011,0.035075,714,64775,0.008202,9269,341786,0.043277,7897587
2,2021-01-18,18737,424147,10545,250167,8192,173980,0,0,14232,286677,0.036299,4583,69358,0.008782,14249,356035,0.045081,7897587
2,2021-01-19,31367,455514,16541,266708,14826,188806,0,0,23608,302558,0.03831,7834,77192,0.009774,23715,379750,0.048084,7897587
2,2021-01-20,36108,491622,17957,284665,18151,206957,0,0,27617,321724,0.040737,8534,85726,0.010855,27700,407450,0.051592,7897587
2,2021-01-21,38978,530600,16100,300765,22878,229835,0,0,34524,351907,0.044559,4462,90188,0.01142,34645,442095,0.055978,7897587
2,2021-01-22,38795,569395,16188,316953,22607,252442,0,0,35559,384245,0.048653,3247,93435,0.011831,35585,477680,0.060484,7897587
2,2021-01-23,23795,593190,10755,327708,13040,265482,0,0,20897,402291,0.050938,2879,96314,0.012195,20925,498605,0.063134,7897587
2,2021-01-24,12222,605412,6032,333740,6190,271672,0,0,11341,412767,0.052265,873,97187,0.012306,11349,509954,0.064571,7897587
2,2021-01-25,31832,637244,15373,349113,16459,288131,0,0,23423,427828,0.054172,8420,105607,0.013372,23481,533435,0.067544,7897587
2,2021-01-26,38847,676091,19428,368541,19419,307550,0,0,30168,449365,0.056899,8691,114298,0.014473,30228,563663,0.071372,7897587
2,2021-01-27,43897,719988,22427,390968,21470,329020,0,0,34297,474181,0.060041,9524,123822,0.015678,34340,598003,0.07572,7897587
2,2021-01-28,46663,766651,21866,412834,24797,353817,0,0,38386,504315,0.063857,8299,132121,0.016729,38433,636436,0.080586,7897587
2,2021-01-29,44070,810721,21623,434457,22447,376264,0,0,35771,531805,0.067338,8314,140435,0.017782,35804,672240,0.08512,7897587
2,2021-01-30,30742,841463,13512,447969,17230,393494,0,0,27610,556333,0.070443,3109,143544,0.018176,27637,699877,0.088619,7897587
2,2021-01-31,16379,857842,10034,458003,6345,399839,0,0,15194,570368,0.072221,1174,144718,0.018324,15209,715086,0.090545,7897587
2,2021-02-01,38820,896662,18575,476578,20245,420084,0,0,28539,588589,0.074528,10348,155066,0.019635,28569,743655,0.094162,7897587
2,2021-02-02,46545,943207,19229,495807,27316,447400,0,0,35383,612839,0.077598,11228,166294,0.021056,35478,779133,0.098655,7897587
2,2021-02-03,52051,995258,23005,518812,29046,476446,0,0,38788,638343,0.080828,13358,179652,0.022748,38862,817995,0.103575,7897587
2,2021-02-04,54140,1049398,23301,542113,30839,507285,0,0,39614,663422,0.084003,14619,194271,0.024599,39698,857693,0.108602,7897587
2,2021-02-05,58110,1107508,25668,567781,32442,539727,0,0,39793,685020,0.086738,18382,212653,0.026926,39980,897673,0.113664,7897587
2,2021-02-06,38958,1146466,18058,585839,20900,560627,0,0,31503,709200,0.0898,7401,220054,0.027863,31581,929254,0.117663,7897587
2,2021-02-07,15108,1161574,9860,595699,5248,565875,0,0,11275,716718,0.090752,3821,223875,0.028347,11339,940593,0.119099,7897587
2,2021-02-08,41423,1202997,20897,616596,20526,586401,0,0,28664,732792,0.092787,12775,236650,0.029965,28849,969442,0.122752,7897587
2,2021-02-09,47358,1250355,22306,638902,25052,611453,0,0,29848,745321,0.094373,17635,254285,0.032198,30164,999606,0.126571,7897587
2,2021-02-10,58164,1308519,27224,666126,30940,642393,0,0,34450,756316,0.095765,23803,278088,0.035212,34798,1034404,0.130977,7897587
2,2021-02-11,59949,1368468,27106,693232,32843,675236,0,0,34681,766219,0.097019,25252,303340,0.038409,35155,1069559,0.135429,7897587
2,2021-02-12,62502,1430970,27038,720270,35464,710700,0,0,33716,771672,0.09771,28902,332242,0.042069,34355,1103914,0.139779,7897587
2,2021-02-13,36371,1467341,15109,735379,21262,731962,0,0,21268,778024,0.098514,15293,347535,0.044005,21645,1125559,0.142519,7897587
2,2021-02-14,18940,1486281,8941,744320,9999,741961,0,0,11179,781589,0.098966,7974,355509,0.045015,11539,1137098,0.14398,7897587
2,2021-02-15,31763,1518044,14326,758646,17437,759398,0,0,18046,786808,0.099626,13657,369166,0.046744,18876,1155974,0.146371,7897587
2,2021-02-16,54876,1572920,27373,786019,27503,786901,0,0,29424,791527,0.100224,25405,394571,0.049961,30124,1186098,0.150185,7897587
2,2021-02-17,59414,1632334,30577,816596,28837,815738,0,0,29715,792298,0.100322,29787,424358,0.053733,30558,1216656,0.154054,7897587
2,2021-02-18,63431,1695765,32287,848883,31144,846882,0,0,31357,792614,0.100362,32202,456560,0.05781,32518,1249174,0.158172,7897587
2,2021-02-19,56574,1752339,31760,880643,24814,871696,0,0,28200,792860,0.100393,28570,485130,0.061428,28816,1277990,0.16182,7897587
2,2021-02-20,36205,1788544,23603,904246,12602,884298,0,0,20023,797205,0.100943,16360,501490,0.063499,20705,1298695,0.164442,7897587
2,2021-02-21,16850,1805394,13418,917664,3432,887730,0,0,8918,798788,0.101143,8081,509571,0.064522,9664,1308359,0.165666,7897587
2,2021-02-22,35122,1840516,24055,941719,11067,898797,0,0,16992,798299,0.101081,18191,527762,0.066826,17702,1326061,0.167907,7897587
2,2021-02-23,47595,1888111,24725,966444,22870,921667,0,0,21757,795684,0.10075,26293,554055,0.070155,23678,1349739,0.170905,7897587
2,2021-02-24,64739,1952850,32832,999276,31907,953574,0,0,30274,793744,0.100505,34639,588694,0.074541,32699,1382438,0.175046,7897587
2,2021-02-25,70194,2023044,32293,1031569,37901,991475,0,0,36458,798983,0.101168,34091,622785,0.078858,39330,1421768,0.180026,7897587
2,2021-02-26,78315,2101359,33725,1065294,44590,1036065,0,0,42544,807745,0.102277,35951,658736,0.08341,44713,1466481,0.185687,7897587
2,2021-02-27,56891,2158250,26102,1091396,30785,1066850,4,4,31737,815137,0.103213,25671,684407,0.08666,33063,1499544,0.189874,7897587
2,2021-02-28,27469,2185719,16839,1108235,10630,1077480,0,4,17216,822549,0.104152,10699,695106,0.088015,18111,1517655,0.192167,7897587
2,2021-03-01,53162,2238881,27776,1136011,25376,1102856,10,14,30207,830679,0.105181,23305,718411,0.090966,31435,1549090,0.196147,7897587
2,2021-03-02,60145,2299026,27861,1163872,32281,1135137,3,17,35027,842628,0.106694,25581,743992,0.094205,37530,1586620,0.200899,7897587
2,2021-03-03,74482,2373508,35122,1198994,39358,1174495,2,19,41770,854359,0.10818,32693,776685,0.098345,44424,1631044,0.206524,7897587
2,2021-03-04,80250,2453758,38198,1237192,42030,1216525,22,41,47209,870933,0.110278,33046,809731,0.102529,49620,1680664,0.212807,7897587
2,2021-03-05,75087,2528845,35342,1272534,39455,1255980,290,331,45852,890335,0.112735,29178,838909,0.106223,48580,1729244,0.218959,7897587
2,2021-03-06,57538,2586383,28028,1300562,27892,1283872,1618,1949,35379,906721,0.11481,22097,861006,0.109021,38483,1767727,0.223831,7897587
2,2021-03-07,26667,2613050,15380,1315942,10359,1294231,928,2877,17425,917019,0.116114,9225,870231,0.110189,19523,1787250,0.226303,7897587
2,2021-03-08,47185,2660235,21360,1337302,23447,1317678,2378,5255,30042,933899,0.118251,17173,887404,0.112364,34053,1821303,0.230615,7897587
2,2021-03-09,60906,2721141,24487,1361789,32717,1350395,3702,8957,33007,944157,0.11955,27831,915235,0.115888,38089,1859392,0.235438,7897587
2,2021-03-10,71965,2793106,32766,1394555,33166,1383561,6033,14990,38605,956902,0.121164,33267,948502,0.1201,46012,1905404,0.241264,7897587
2,2021-03-11,88200,2881306,39886,1434441,40737,1424298,7577,22567,47369,972616,0.123154,40689,989191,0.125252,56403,1961807,0.248406,7897587
2,2021-03-12,88312,2969618,36047,1470488,41326,1465624,10939,33506,45036,986864,0.124958,43119,1032310,0.130712,57367,2019174,0.25567,7897587
2,2021-03-13,65228,3034846,26961,1497449,30518,1496142,7749,41255,35952,1002657,0.126957,29211,1061521,0.134411,45004,2064178,0.261368,7897587
2,2021-03-14,34894,3069740,17514,1514963,13039,1509181,4341,45596,18625,1010186,0.127911,16202,1077723,0.136462,23731,2087909,0.264373,7897587
2,2021-03-15,64003,3133743,27954,1542917,31275,1540456,4774,50370,36527,1025232,0.129816,27377,1105100,0.139929,42423,2130332,0.269745,7897587
2,2021-03-16,83427,3217170,36324,1579241,43171,1583627,3932,54302,51948,1050933,0.13307,31343,1136443,0.143897,57044,2187376,0.276968,7897587
2,2021-03-17,87447,3304617,41576,1620817,42021,1625648,3850,58152,57003,1082376,0.137051,30286,1166729,0.147732,61729,2249105,0.284784,7897587
2,2021-03-18,93006,3397623,43490,1664307,45253,1670901,4263,62415,59116,1112643,0.140884,33736,1200465,0.152004,64003,2313108,0.292888,7897587
2,2021-03-19,92327,3489950,43507,1707814,43063,1713964,5757,68172,56448,1139774,0.144319,35682,1236147,0.156522,62813,2375921,0.300841,7897587
2,2021-03-20,67451,3557401,32170,1739984,31455,1745419,3826,71998,45454,1167528,0.147834,21887,1258034,0.159293,49641,2425562,0.307127,7897587
2,2021-03-21,32725,3590126,21069,1761053,9686,1755105,1970,73968,21750,1180769,0.14951,10927,1268961,0.160677,24168,2449730,0.310187,7897587
2,2021-03-22,61126,3651252,33286,1794339,24801,1779906,3039,77007,41620,1206964,0.152827,19366,1288327,0.163129,45561,2495291,0.315956,7897587
2,2021-03-23,80009,3731261,42318,1836657,34811,1814717,2880,79887,53874,1238611,0.156834,25957,1314284,0.166416,57604,2552895,0.32325,7897587
2,2021-03-24,86997,3818258,46347,1883004,37439,1852156,3211,83098,54125,1264113,0.160063,32687,1346971,0.170555,58189,2611084,0.330618,7897587
2,2021-03-25,96676,3914934,47978,1930982,45125,1897281,3573,86671,57110,1286201,0.16286,39370,1386341,0.17554,61458,2672542,0.3384,7897587
2,2021-03-26,97155,4012089,47819,1978801,45991,1943272,3345,90016,55427,1304637,0.165194,41472,1427813,0.180791,59908,2732450,0.345985,7897587
2,2021-03-27,71495,4083584,34959,2013760,33378,1976650,3158,93174,37295,1311916,0.166116,34048,1461861,0.185102,41327,2773777,0.351218,7897587
2,2021-03-28,36367,4119951,22122,2035882,13484,1990134,761,93935,20608,1318312,0.166926,15702,1477563,0.18709,22098,2795875,0.354016,7897587
2,2021-03-29,68261,4188212,34811,2070693,31217,2021351,2233,96168,40814,1334977,0.169036,27307,1504870,0.190548,43972,2839847,0.359584,7897587
2,2021-03-30,87821,4276033,42461,2113154,41532,2062883,3828,99996,55100,1361916,0.172447,32602,1537472,0.194676,59541,2899388,0.367123,7897587
2,2021-03-31,96103,4372136,48793,2161947,42670,2105553,4640,104636,58058,1387097,0.175636,37889,1575361,0.199474,63070,2962458,0.375109,7897587
2,2021-04-01,110228,4482364,52012,2213959,49971,2155524,8245,112881,62074,1409967,0.178531,47959,1623320,0.205546,70829,3033287,0.384078,7897587
2,2021-04-02,103738,4586102,48152,2262111,46420,2201944,9166,122047,57898,1431908,0.18131,45631,1668951,0.211324,67572,3100859,0.392634,7897587
2,2021-04-03,71963,4658065,34058,2296169,28920,2230864,8985,131032,37032,1443539,0.182782,34820,1703771,0.215733,46451,3147310,0.398515,7897587
2,2021-04-04,28112,4686177,14094,2310263,10369,2241233,3649,134681,12937,1445031,0.182971,15135,1718906,0.21765,16627,3163937,0.400621,7897587
2,2021-04-05,75286,4761463,36511,2346774,30622,2271855,8153,142834,37372,1453534,0.184048,37822,1756728,0.222439,46325,3210262,0.406486,7897587
2,2021-04-06,97430,4858893,47418,2394192,36592,2308447,13420,156254,47325,1464798,0.185474,49932,1806660,0.228761,61196,3271458,0.414235,7897587
2,2021-04-07,96943,4955836,46978,2441170,36061,2344508,13904,170158,46568,1475346,0.18681,50238,1856898,0.235122,60786,3332244,0.421932,7897587
2,2021-04-08,67865,5023701,32258,2473428,24943,2369451,10664,180822,30941,1480263,0.187432,36775,1893673,0.239779,41692,3373936,0.427211,7897587
3,2020-12-15,298,298,298,298,0,0,0,0,298,298,3.9e-05,0,0,0.0,298,298,3.9e-05,7688185
3,2020-12-16,2102,2400,2102,2400,0,0,0,0,2102,2400,0.000312,0,0,0.0,2102,2400,0.000312,7688185
3,2020-12-17,7471,9871,7471,9871,0,0,0,0,7471,9871,0.001284,0,0,0.0,7471,9871,0.001284,7688185
3,2020-12-18,12651,22522,12641,22512,10,10,0,0,12649,22520,0.002929,0,0,0.0,12649,22520,0.002929,7688185
3,2020-12-19,6933,29455,6922,29434,11,21,0,0,6997,29517,0.003839,0,0,0.0,6997,29517,0.003839,7688185
3,2020-12-20,5429,34884,5421,34855,8,29,0,0,5477,34993,0.004552,1,1,0.0,5477,34994,0.004552,7688185
3,2020-12-21,14015,48899,14004,48859,11,40,0,0,14080,49072,0.006383,1,2,0.0,14080,49074,0.006383,7688185
3,2020-12-22,14203,63102,13672,62531,531,571,0,0,14242,63314,0.008235,0,2,0.0,14242,63316,0.008235,7688185
3,2020-12-23,14340,77442,11788,74319,2552,3123,0,0,14368,77682,0.010104,0,2,0.0,14368,77684,0.010104,7688185
3,2020-12-24,6702,84144,4805,79124,1897,5020,0,0,6700,84381,0.010975,1,3,0.0,6700,84384,0.010976,7688185
3,2020-12-25,711,84855,657,79781,54,5074,0,0,710,85091,0.011068,0,3,0.0,710,85094,0.011068,7688185
3,2020-12-26,4522,89377,2972,82753,1550,6624,0,0,4520,89611,0.011656,0,3,0.0,4520,89614,0.011656,7688185
3,2020-12-27,2915,92292,1825,84578,1090,7714,0,0,2916,92527,0.012035,0,3,0.0,2916,92530,0.012035,7688185
3,2020-12-28,13196,105488,8448,93026,4748,12462,0,0,13223,105749,0.013755,1,4,1e-06,13223,105753,0.013755,7688185
3,2020-12-29,14657,120145,8255,101281,6402,18864,0,0,14689,120437,0.015665,1,5,1e-06,14689,120442,0.015666,7688185
3,2020-12-30,17653,137798,9894,111175,7759,26623,0,0,17642,138079,0.01796,0,5,1e-06,17642,138084,0.017961,7688185
3,2020-12-31,7952,145750,3005,114180,4947,31570,0,0,7950,146027,0.018994,2,7,1e-06,7950,146034,0.018995,7688185
3,2021-01-01,1074,146824,475,114655,599,32169,0,0,1071,147098,0.019133,0,7,1e-06,1071,147105,0.019134,7688185
3,2021-01-02,4875,151699,2395,117050,2480,34649,0,0,4876,151974,0.019767,0,7,1e-06,4876,151981,0.019768,7688185
3,2021-01-03,1547,153246,835,117885,712,35361,0,0,1555,153525,0.019969,4,11,1e-06,1555,153536,0.01997,7688185
3,2021-01-04,11705,164951,5886,123771,5819,41180,0,0,11680,165199,0.021487,6,17,2e-06,11680,165216,0.02149,7688185
3,2021-01-05,15263,180214,7860,131631,7403,48583,0,0,13741,177443,0.02308,1501,1518,0.000197,13745,178961,0.023277,7688185
3,2021-01-06,19614,199828,10243,141874,9371,57954,0,0,15490,188855,0.024564,4083,5601,0.000729,15495,194456,0.025293,7688185
3,2021-01-07,25372,225200,14505,156379,10867,68821,0,0,16488,196497,0.025558,8859,14460,0.001881,16501,210957,0.027439,7688185
3,2021-01-08,29508,254708,18106,174485,11402,80223,0,0,17569,202169,0.026296,11916,26376,0.003431,17588,228545,0.029727,7688185
3,2021-01-09,11866,266574,6684,181169,5182,85405,0,0,7636,205587,0.026741,4223,30599,0.00398,7641,236186,0.030721,7688185
3,2021-01-10,7099,273673,4439,185608,2660,88065,0,0,3975,206444,0.026852,3122,33721,0.004386,3979,240165,0.031238,7688185
3,2021-01-11,28073,301746,18313,203921,9760,97825,0,0,15927,210243,0.027346,12140,45861,0.005965,15939,256104,0.033311,7688185
3,2021-01-12,31228,332974,18622,222543,12606,110431,0,0,19140,217375,0.028274,12071,57932,0.007535,19203,275307,0.035809,7688185
3,2021-01-13,33729,366703,17719,240262,16010,126441,0,0,23876,231330,0.030089,9933,67865,0.008827,23888,299195,0.038916,7688185
3,2021-01-14,33677,400380,13918,254180,19759,146200,0,0,27949,253578,0.032983,5719,73584,0.009571,27967,327162,0.042554,7688185
3,2021-01-15,37759,438139,14130,268310,23629,169829,0,0,33273,282397,0.036731,4479,78063,0.010154,33298,360460,0.046885,7688185
3,2021-01-16,21316,459455,7561,275871,13755,183584,0,0,19029,299166,0.038912,2273,80336,0.010449,19042,379502,0.049362,7688185
3,2021-01-17,12577,472032,4442,280313,8135,191719,0,0,11566,309734,0.040287,1011,81347,0.010581,11579,391081,0.050868,7688185
3,2021-01-18,24296,496328,12621,292934,11675,203394,0,0,18904,323241,0.042044,5412,86759,0.011285,18919,410000,0.053329,7688185
3,2021-01-19,39751,536079,20480,313414,19271,222665,0,0,30918,345413,0.044928,8810,95569,0.012431,30982,440982,0.057358,7688185
3,2021-01-20,43788,579867,21544,334958,22244,244909,0,0,34722,371158,0.048276,9034,104603,0.013606,34779,475761,0.061882,7688185
3,2021-01-21,45917,625784,19677,354635,26240,271149,0,0,40739,406831,0.052916,5110,109713,0.01427,40783,516544,0.067187,7688185
3,2021-01-22,48121,673905,19195,373830,28926,300075,0,0,44114,446960,0.058136,4023,113736,0.014794,44152,560696,0.07293,7688185
3,2021-01-23,29502,703407,12601,386431,16901,316976,0,0,26273,470029,0.061137,3218,116954,0.015212,26287,586983,0.076349,7688185
3,2021-01-24,17219,720626,8410,394841,8809,325785,0,0,16109,485035,0.063088,1108,118062,0.015356,16114,603097,0.078445,7688185
3,2021-01-25,39411,760037,17578,412419,21833,347618,0,0,29818,505327,0.065728,9580,127642,0.016602,29872,632969,0.08233,7688185
3,2021-01-26,45567,805604,21803,434222,23764,371382,0,0,35861,531571,0.069141,9704,137346,0.017865,35948,668917,0.087006,7688185
3,2021-01-27,49163,854767,23888,458110,25275,396657,0,0,38996,560520,0.072907,10084,147430,0.019176,39033,707950,0.092083,7688185
3,2021-01-28,50018,904785,23321,481431,26697,423354,0,0,41512,593636,0.077214,8430,155860,0.020273,41546,749496,0.097487,7688185
3,2021-01-29,49064,953849,23667,505098,25397,448751,0,0,39851,624446,0.081222,9072,164932,0.021453,39882,789378,0.102674,7688185
3,2021-01-30,35628,989477,17079,522177,18549,467300,0,0,31402,651504,0.084741,4411,169343,0.022026,31469,820847,0.106767,7688185
3,2021-01-31,22023,1011500,13066,535243,8957,476257,0,0,20583,670668,0.087234,1432,170775,0.022213,20596,841443,0.109446,7688185
3,2021-02-01,44480,1055980,20359,555602,24121,500378,0,0,34567,695391,0.090449,9877,180652,0.023497,34600,876043,0.113947,7688185
3,2021-02-02,53131,1109111,22724,578326,30407,530785,0,0,40766,723842,0.09415,12360,193012,0.025105,40811,916854,0.119255,7688185
3,2021-02-03,59284,1168395,26826,605152,32458,563243,0,0,44434,753604,0.098021,14731,207743,0.027021,44493,961347,0.125042,7688185
3,2021-02-04,63212,1231607,27967,633119,35245,598488,0,0,46704,783896,0.101961,16499,224242,0.029167,46791,1008138,0.131128,7688185
3,2021-02-05,68600,1300207,29277,662396,39323,637811,0,0,47715,810895,0.105473,20855,245097,0.03188,47854,1055992,0.137353,7688185
3,2021-02-06,42985,1343192,20917,683313,22068,659879,0,0,33360,834826,0.108586,9598,254695,0.033128,33529,1089521,0.141714,7688185
3,2021-02-07,19797,1362989,12754,696067,7043,666922,0,0,15364,845891,0.110025,4421,259116,0.033703,15486,1105007,0.143728,7688185
3,2021-02-08,50390,1413379,24446,720513,25944,692866,0,0,33413,862403,0.112173,17071,276187,0.035924,33583,1138590,0.148096,7688185
3,2021-02-09,57091,1470470,28093,748606,28998,721864,0,0,33618,872898,0.113538,23464,299651,0.038976,33959,1172549,0.152513,7688185
3,2021-02-10,65832,1536302,31182,779788,34650,756514,0,0,35791,879235,0.114362,29955,329606,0.042872,36292,1208841,0.157234,7688185
3,2021-02-11,68157,1604459,33629,813417,34528,791042,0,0,36933,885632,0.115194,31056,360662,0.046911,37453,1246294,0.162105,7688185
3,2021-02-12,72915,1677374,31585,845002,41330,832372,0,0,40656,894796,0.116386,32219,392881,0.051102,41383,1287677,0.167488,7688185
3,2021-02-13,43451,1720825,19881,864883,23570,855942,0,0,25271,902609,0.117402,18046,410927,0.053449,25859,1313536,0.170851,7688185
3,2021-02-14,26341,1747166,13316,878199,13025,868967,0,0,14957,906661,0.117929,11343,422270,0.054925,15395,1328931,0.172854,7688185
3,2021-02-15,39037,1786203,16798,894997,22239,891206,0,0,21756,912128,0.11864,17227,439497,0.057165,22694,1351625,0.175805,7688185
3,2021-02-16,67521,1853724,32247,927244,35274,926480,0,0,35479,916585,0.11922,32041,471538,0.061333,36498,1388123,0.180553,7688185
3,2021-02-17,68966,1922690,35044,962288,33922,960402,0,0,33023,914855,0.118995,35855,507393,0.065996,34125,1422248,0.184991,7688185
3,2021-02-18,73582,1996272,38662,1000950,34920,995322,0,0,34319,911329,0.118536,39194,546587,0.071094,35668,1457916,0.189631,7688185
3,2021-02-19,65622,2061894,37989,1038939,27633,1022955,0,0,33645,913654,0.118839,32063,578650,0.075265,34388,1492304,0.194104,7688185
3,2021-02-20,40280,2102174,25642,1064581,14638,1037593,0,0,21521,916983,0.119272,18688,597338,0.077696,22017,1514321,0.196967,7688185
3,2021-02-21,18529,2120703,15279,1079860,3250,1040843,0,0,8766,916274,0.119179,9707,607045,0.078958,8998,1523319,0.198138,7688185
3,2021-02-22,43244,2163947,28068,1107928,15176,1056019,0,0,20293,914134,0.118901,22914,629959,0.081939,20774,1544093,0.20084,7688185
3,2021-02-23,57250,2221197,31227,1139155,26023,1082042,0,0,25106,909105,0.118247,32091,662050,0.086113,27062,1571155,0.20436,7688185
3,2021-02-24,73188,2294385,35514,1174669,37674,1119716,0,0,32377,903228,0.117483,40736,702786,0.091411,34859,1606014,0.208894,7688185
3,2021-02-25,81180,2375565,39099,1213768,42081,1161797,0,0,40548,905873,0.117827,40463,743249,0.096674,43108,1649122,0.214501,7688185
3,2021-02-26,92712,2468277,42165,1255933,50547,1212344,0,0,49169,913937,0.118876,43282,786531,0.102304,51346,1700468,0.221179,7688185
3,2021-02-27,64828,2533105,29378,1285311,35447,1247791,3,3,34584,919694,0.119624,30126,816657,0.106222,35883,1736351,0.225847,7688185
3,2021-02-28,36450,2569555,21373,1306684,15077,1262868,0,3,18978,922255,0.119957,17369,834026,0.108482,19930,1756281,0.228439,7688185
3,2021-03-01,63353,2632908,33629,1340313,29723,1292591,1,4,35471,931297,0.121134,27768,861794,0.112093,36810,1793091,0.233227,7688185
3,2021-03-02,70181,2703089,33864,1374177,36316,1328907,1,5,41162,945687,0.123005,28906,890700,0.115853,43296,1836387,0.238858,7688185
3,2021-03-03,83428,2786517,39275,1413452,44143,1373050,10,15,46042,956746,0.124444,37245,927945,0.120698,48304,1884691,0.245141,7688185
3,2021-03-04,86655,2873172,42584,1456036,44057,1417107,14,29,49501,971519,0.126365,37001,964946,0.12551,51774,1936465,0.251875,7688185
3,2021-03-05,84125,2957297,40913,1496949,42932,1460039,280,309,51522,993100,0.129172,32427,997373,0.129728,54008,1990473,0.2589,7688185
3,2021-03-06,60714,3018011,30292,1527241,28353,1488392,2069,2378,34905,1005846,0.13083,25714,1023087,0.133073,38460,2028933,0.263903,7688185
3,2021-03-07,36051,3054062,21236,1548477,13736,1502128,1079,3457,21229,1014573,0.131965,14785,1037872,0.134996,23512,2052445,0.266961,7688185
3,2021-03-08,55660,3109722,26509,1574986,26418,1528546,2733,6190,35267,1033805,0.134467,20306,1058178,0.137637,39538,2091983,0.272104,7688185
3,2021-03-09,66922,3176644,28453,1603439,34217,1562763,4252,10442,35531,1043501,0.135728,31319,1089497,0.141711,41015,2132998,0.277438,7688185
3,2021-03-10,76774,3253418,37630,1641069,33390,1596153,5754,16196,40688,1055425,0.137279,35969,1125466,0.146389,47893,2180891,0.283668,7688185
3,2021-03-11,91204,3344622,44788,1685857,38402,1634555,8014,24210,45295,1064154,0.138414,45737,1171203,0.152338,54466,2235357,0.290752,7688185
3,2021-03-12,96762,3441384,43007,1728864,42290,1676845,11465,35675,44134,1068408,0.138968,52487,1223690,0.159165,56741,2292098,0.298133,7688185
3,2021-03-13,66222,3507606,27962,1756826,31228,1708073,7032,42707,34959,1080595,0.140553,31191,1254881,0.163222,43378,2335476,0.303775,7688185
3,2021-03-14,39157,3546763,20712,1777538,15035,1723108,3410,46117,21467,1088474,0.141577,17647,1272528,0.165517,25526,2361002,0.307095,7688185
3,2021-03-15,72295,3619058,33928,1811466,34030,1757138,4337,50454,39057,1099767,0.143046,33123,1305651,0.169826,44416,2405418,0.312872,7688185
3,2021-03-16,90667,3709725,41646,1853112,44973,1802111,4048,54502,52408,1119066,0.145557,38102,1343753,0.174782,57401,2462819,0.320338,7688185
3,2021-03-17,93285,3803010,44955,1898067,44078,1846189,4252,58754,57835,1146551,0.149132,35297,1379050,0.179373,62782,2525601,0.328504,7688185
3,2021-03-18,97210,3900220,49012,1947079,44034,1890223,4164,62918,58076,1170470,0.152243,38964,1418014,0.184441,62883,2588484,0.336683,7688185
3,2021-03-19,97268,3997488,51579,1998658,41515,1931738,4174,67092,55576,1189289,0.15469,41506,1459520,0.189839,60325,2648809,0.34453,7688185
3,2021-03-20,68962,4066450,35554,2034212,29971,1961709,3437,70529,43906,1212219,0.157673,24919,1484439,0.193081,47849,2696658,0.350754,7688185
3,2021-03-21,34622,4101072,23594,2057806,9613,1971322,1415,71944,23310,1226178,0.159489,11259,1495698,0.194545,25218,2721876,0.354034,7688185
3,2021-03-22,67370,4168442,39377,2097183,25757,1997079,2236,74180,44913,1252029,0.162851,22327,1518025,0.197449,48178,2770054,0.3603,7688185
3,2021-03-23,85618,4254060,47364,2144547,35979,2033058,2275,76455,56774,1283127,0.166896,28682,1546707,0.20118,59780,2829834,0.368076,7688185
3,2021-03-24,94606,4348666,54832,2199379,37336,2070394,2438,78893,57046,1305907,0.169859,37321,1584028,0.206034,60101,2889935,0.375893,7688185
3,2021-03-25,101989,4450655,56843,2256222,42459,2112853,2687,81580,59915,1327329,0.172645,41841,1625869,0.211476,63263,2953198,0.384122,7688185
3,2021-03-26,105637,4556292,57043,2313265,45473,2158326,3121,84701,57361,1340679,0.174382,48061,1673930,0.217728,61411,3014609,0.392109,7688185
3,2021-03-27,71357,4627649,35944,2349209,32954,2191280,2459,87160,36098,1344805,0.174918,35112,1709042,0.222295,39238,3053847,0.397213,7688185
3,2021-03-28,42493,4670142,26713,2375922,14996,2206276,784,87944,22775,1349209,0.175491,19652,1728694,0.224851,24056,3077903,0.400342,7688185
3,2021-03-29,77408,4747550,40624,2416546,35107,2241383,1677,89621,45095,1364661,0.177501,32152,1760846,0.229033,47604,3125507,0.406534,7688185
3,2021-03-30,96600,4844150,47658,2464204,45706,2287089,3236,92857,60005,1392081,0.181068,36436,1797282,0.233772,63856,3189363,0.41484,7688185
3,2021-03-31,100627,4944777,54408,2518612,41687,2328776,4532,97389,57033,1410537,0.183468,43451,1840733,0.239424,61907,3251270,0.422892,7688185
3,2021-04-01,115437,5060214,58356,2576968,48435,2377211,8646,106035,64973,1434260,0.186554,50302,1891035,0.245966,74025,3325295,0.43252,7688185
3,2021-04-02,110903,5171117,54278,2631246,46970,2424181,9655,115690,60627,1454972,0.189248,50092,1941127,0.252482,70804,3396099,0.44173,7688185
3,2021-04-03,72294,5243411,36466,2667712,27250,2451431,8578,124268,37211,1466160,0.190703,34962,1976089,0.257029,46150,3442249,0.447732,7688185
3,2021-04-04,30991,5274402,16574,2684286,10560,2461991,3857,128125,13889,1466900,0.190799,17058,1993147,0.259248,17798,3460047,0.450047,7688185
3,2021-04-05,84597,5358999,42792,2727078,33300,2495291,8505,136630,42677,1477132,0.19213,41796,2034943,0.264684,52028,3512075,0.456815,7688185
3,2021-04-06,105932,5464931,52201,2779279,39613,2534904,14118,150748,51229,1488712,0.193636,54520,2089463,0.271776,66100,3578175,0.465412,7688185
3,2021-04-07,100952,5565883,51150,2830429,36372,2571276,13430,164178,49489,1500644,0.195188,51302,2140765,0.278449,63234,3641409,0.473637,7688185
3,2021-04-08,65229,5631112,31911,2862340,22867,2594143,10451,174629,30362,1506736,0.195981,34746,2175511,0.282968,40838,3682247,0.478949,7688185
4,2020-12-15,444,444,444,444,0,0,0,0,444,444,5.9e-05,0,0,0.0,444,444,5.9e-05,7584050
4,2020-12-16,2914,3358,2914,3358,0,0,0,0,2914,3358,0.000443,0,0,0.0,2914,3358,0.000443,7584050
4,2020-12-17,8426,11784,8426,11784,0,0,0,0,8426,11784,0.001554,0,0,0.0,8426,11784,0.001554,7584050
4,2020-12-18,15242,27026,15233,27017,9,9,0,0,15240,27023,0.003563,1,1,0.0,15240,27024,0.003563,7584050
4,2020-12-19,10163,37189,10157,37174,6,15,0,0,10098,37121,0.004895,0,1,0.0,10098,37122,0.004895,7584050
4,2020-12-20,7334,44523,7322,44496,12,27,0,0,7287,44408,0.005855,0,1,0.0,7287,44409,0.005856,7584050
4,2020-12-21,16133,60656,16113,60609,20,47,0,0,16066,60474,0.007974,0,1,0.0,16066,60475,0.007974,7584050
4,2020-12-22,16939,77595,16231,76840,708,755,0,0,16896,77370,0.010202,0,1,0.0,16896,77371,0.010202,7584050
4,2020-12-23,16730,94325,14072,90912,2658,3413,0,0,16701,94071,0.012404,0,1,0.0,16701,94072,0.012404,7584050
4,2020-12-24,8481,102806,5918,96830,2563,5976,0,0,8481,102552,0.013522,0,1,0.0,8481,102553,0.013522,7584050
4,2020-12-25,895,103701,790,97620,105,6081,0,0,894,103445,0.01364,1,2,0.0,894,103447,0.01364,7584050
4,2020-12-26,6153,109854,3859,101479,2294,8375,0,0,6152,109597,0.014451,0,2,0.0,6152,109599,0.014451,7584050
4,2020-12-27,3408,113262,1991,103470,1417,9792,0,0,3408,113005,0.0149,0,2,0.0,3408,113007,0.014901,7584050
4,2020-12-28,14850,128112,9189,112659,5661,15453,0,0,14821,127825,0.016854,1,3,0.0,14821,127828,0.016855,7584050
4,2020-12-29,15121,143233,8380,121039,6741,22194,0,0,15086,142911,0.018844,0,3,0.0,15086,142914,0.018844,7584050
4,2020-12-30,18734,161967,11011,132050,7723,29917,0,0,18723,161632,0.021312,2,5,1e-06,18723,161637,0.021313,7584050
4,2020-12-31,8097,170064,3301,135351,4796,34713,0,0,8092,169722,0.022379,2,7,1e-06,8092,169729,0.02238,7584050
4,2021-01-01,1093,171157,448,135799,645,35358,0,0,1093,170815,0.022523,0,7,1e-06,1093,170822,0.022524,7584050
4,2021-01-02,5614,176771,3177,138976,2437,37795,0,0,5613,176427,0.023263,1,8,1e-06,5613,176435,0.023264,7584050
4,2021-01-03,2096,178867,1245,140221,851,38646,0,0,2082,178505,0.023537,4,12,2e-06,2082,178517,0.023538,7584050
4,2021-01-04,12846,191713,7011,147232,5835,44481,0,0,12798,191272,0.02522,31,43,6e-06,12798,191315,0.025226,7584050
4,2021-01-05,16549,208262,9794,157026,6755,51236,0,0,14559,203874,0.026882,1966,2009,0.000265,14568,205883,0.027147,7584050
4,2021-01-06,21274,229536,13062,170088,8212,59448,0,0,15495,213657,0.028172,5723,7732,0.00102,15506,221389,0.029191,7584050
4,2021-01-07,27449,256985,16728,186816,10721,70169,0,0,16894,219961,0.029003,10601,18333,0.002417,16905,238294,0.03142,7584050
4,2021-01-08,32386,289371,20784,207600,11602,81771,0,0,18368,224390,0.029587,13953,32286,0.004257,18382,256676,0.033844,7584050
4,2021-01-09,15932,305303,9398,216998,6534,88305,0,0,9342,227173,0.029954,6569,38855,0.005123,9352,266028,0.035077,7584050
4,2021-01-10,8664,313967,5599,222597,3065,91370,0,0,4076,226689,0.02989,4566,43421,0.005725,4082,270110,0.035616,7584050
4,2021-01-11,32975,346942,21558,244155,11417,102787,0,0,18622,231017,0.030461,14313,57734,0.007613,18641,288751,0.038073,7584050
4,2021-01-12,37612,384554,21559,265714,16053,118840,0,0,23756,240951,0.031771,13858,71592,0.00944,23792,312543,0.041211,7584050
4,2021-01-13,38085,422639,18732,284446,19353,138193,0,0,27018,256976,0.033884,11014,82606,0.010892,27039,339582,0.044776,7584050
4,2021-01-14,38586,461225,14724,299170,23862,162055,0,0,31582,281625,0.037134,6961,89567,0.01181,31610,371192,0.048944,7584050
4,2021-01-15,44718,505943,15489,314659,29229,191284,0,0,39254,315491,0.041599,5409,94976,0.012523,39275,410467,0.054122,7584050
4,2021-01-16,28357,534300,9285,323944,19072,210356,0,0,25261,337707,0.044529,3059,98035,0.012926,25275,435742,0.057455,7584050
4,2021-01-17,18836,553136,6619,330563,12217,222573,0,0,17334,353578,0.046621,1477,99512,0.013121,17348,453090,0.059742,7584050
4,2021-01-18,29013,582149,13329,343892,15684,238257,0,0,23084,370858,0.0489,5834,105346,0.01389,23114,476204,0.06279,7584050
4,2021-01-19,45562,627711,23091,366983,22471,260728,0,0,36341,398105,0.052492,9165,114511,0.015099,36412,512616,0.067591,7584050
4,2021-01-20,50843,678554,26889,393872,23954,284682,0,0,40578,428558,0.056508,10173,124684,0.01644,40626,553242,0.072948,7584050
4,2021-01-21,55589,734143,24535,418407,31054,315736,0,0,49334,471731,0.0622,6194,130878,0.017257,49367,602609,0.079457,7584050
4,2021-01-22,54279,788422,21814,440221,32465,348201,0,0,49253,516088,0.068049,4925,135803,0.017906,49282,651891,0.085956,7584050
4,2021-01-23,39222,827644,17362,457583,21860,370061,0,0,34961,546824,0.072102,4252,140055,0.018467,34988,686879,0.090569,7584050
4,2021-01-24,23699,851343,10403,467986,13296,383357,0,0,21853,566849,0.074742,1841,141896,0.01871,21866,708745,0.093452,7584050
4,2021-01-25,47037,898380,21724,489710,25313,408670,0,0,36153,592195,0.078084,10860,152756,0.020142,36206,744951,0.098226,7584050
4,2021-01-26,55582,953962,28393,518103,27189,435859,0,0,43681,624084,0.082289,11846,164602,0.021704,43735,788686,0.103993,7584050
4,2021-01-27,54471,1008433,26375,544478,28096,463955,0,0,43674,657145,0.086648,10658,175260,0.023109,43719,832405,0.109757,7584050
4,2021-01-28,55641,1064074,25240,569718,30401,494356,0,0,45861,693354,0.091423,9692,184952,0.024387,45901,878306,0.11581,7584050
4,2021-01-29,55498,1119572,26665,596383,28833,523189,0,0,45351,728717,0.096085,10009,194961,0.025707,45372,923678,0.121792,7584050
4,2021-01-30,37187,1156759,16919,613302,20268,543457,0,0,31997,755593,0.099629,5143,200104,0.026385,32019,955697,0.126014,7584050
4,2021-01-31,23710,1180469,12474,625776,11236,554693,0,0,22145,776196,0.102346,1551,201655,0.026589,22154,977851,0.128935,7584050
4,2021-02-01,47760,1228229,22586,648362,25174,579867,0,0,37599,803693,0.105971,10141,211796,0.027927,37638,1015489,0.133898,7584050
4,2021-02-02,55396,1283625,26339,674701,29057,608924,0,0,41796,832057,0.109711,13470,225266,0.029703,41834,1057323,0.139414,7584050
4,2021-02-03,61344,1344969,30199,704900,31145,640069,0,0,47332,865533,0.114125,13907,239173,0.031536,47383,1104706,0.145662,7584050
4,2021-02-04,66640,1411609,31135,736035,35505,675574,0,0,50186,899509,0.118605,16300,255473,0.033686,50276,1154982,0.152291,7584050
4,2021-02-05,71942,1483551,33360,769395,38582,714156,0,0,50291,928518,0.12243,21414,276887,0.036509,50423,1205405,0.158939,7584050
4,2021-02-06,47808,1531359,25881,795276,21927,736083,0,0,36453,953849,0.12577,11328,288215,0.038003,36659,1242064,0.163773,7584050
4,2021-02-07,26191,1557550,17263,812539,8928,745011,0,0,19872,967669,0.127593,6283,294498,0.038831,20103,1262167,0.166424,7584050
4,2021-02-08,57559,1615109,29579,842118,27980,772991,0,0,37444,985381,0.129928,19990,314488,0.041467,37702,1299869,0.171395,7584050
4,2021-02-09,66225,1681334,33847,875965,32378,805369,0,0,38879,997365,0.131508,27290,341778,0.045065,39274,1339143,0.176574,7584050
4,2021-02-10,76310,1757644,38241,914206,38069,843438,0,0,40802,1003402,0.132304,35293,377071,0.049719,41330,1380473,0.182023,7584050
4,2021-02-11,79638,1837282,41527,955733,38111,881549,0,0,41376,1007366,0.132827,38066,415137,0.054738,42030,1422503,0.187565,7584050
4,2021-02-12,82965,1920247,37124,992857,45841,927390,0,0,42879,1011078,0.133316,39940,455077,0.060004,43652,1466155,0.193321,7584050
4,2021-02-13,57497,1977744,28960,1021817,28537,955927,0,0,29382,1013296,0.133609,28054,483131,0.063704,30272,1496427,0.197312,7584050
4,2021-02-14,36078,2013822,18626,1040443,17452,973379,0,0,18521,1014904,0.133821,17564,500695,0.066019,19172,1515599,0.19984,7584050
4,2021-02-15,45380,2059202,21257,1061700,24123,997502,0,0,23528,1017824,0.134206,21791,522486,0.068893,24711,1540310,0.203099,7584050
4,2021-02-16,78310,2137512,35752,1097452,42558,1040060,0,0,40091,1020986,0.134623,38145,560631,0.073922,41307,1581617,0.208545,7584050
4,2021-02-17,79225,2216737,37201,1134653,42024,1082084,0,0,38029,1019081,0.134372,41062,601693,0.079337,39157,1620774,0.213708,7584050
4,2021-02-18,81260,2297997,44806,1179459,36454,1118538,0,0,37843,1015103,0.133847,43286,644979,0.085044,39308,1660082,0.218891,7584050
4,2021-02-19,80130,2378127,50536,1229995,29594,1148132,0,0,40542,1016905,0.134085,39462,684441,0.090247,41264,1701346,0.224332,7584050
4,2021-02-20,47355,2425482,31935,1261930,15420,1163552,0,0,26251,1022688,0.134847,21164,705605,0.093038,26947,1728293,0.227885,7584050
4,2021-02-21,24920,2450402,19443,1281373,5477,1169029,0,0,11333,1020590,0.134571,13685,719290,0.094842,11587,1739880,0.229413,7584050
4,2021-02-22,51517,2501919,35535,1316908,15982,1185011,0,0,25159,1019903,0.13448,26284,745574,0.098308,25597,1765477,0.232788,7584050
4,2021-02-23,71113,2573032,39295,1356203,31818,1216829,0,0,31392,1013307,0.13361,39627,785201,0.103533,33031,1798508,0.237143,7584050
4,2021-02-24,86306,2659338,45290,1401493,41016,1257845,0,0,39281,1007859,0.132892,46862,832063,0.109712,41414,1839922,0.242604,7584050
4,2021-02-25,96207,2755545,50060,1451553,46147,1303992,0,0,46158,1006643,0.132732,49914,881977,0.116294,48698,1888620,0.249025,7584050
4,2021-02-26,102585,2858130,51614,1503167,50971,1354963,0,0,52992,1012549,0.13351,49401,931378,0.122807,55307,1943927,0.256318,7584050
4,2021-02-27,73959,2932089,40027,1543194,33927,1388890,5,5,39601,1019318,0.134403,34310,965688,0.127331,41079,1985006,0.261734,7584050
4,2021-02-28,44413,2976502,27558,1570752,16854,1405744,1,6,24843,1025523,0.135221,19521,985209,0.129905,25726,2010732,0.265126,7584050
4,2021-03-01,73302,3049804,42745,1613497,30554,1436298,3,9,40669,1034895,0.136457,32479,1017688,0.134188,41851,2052583,0.270645,7584050
4,2021-03-02,76187,3125991,42695,1656192,33489,1469787,3,12,45636,1051905,0.1387,30429,1048117,0.1382,47439,2100022,0.2769,7584050
4,2021-03-03,95286,3221277,50254,1706446,45028,1514815,4,16,52522,1063591,0.140241,42603,1090720,0.143818,54289,2154311,0.284058,7584050
4,2021-03-04,92679,3313956,51584,1758030,41085,1555900,10,26,51130,1075098,0.141758,41389,1132109,0.149275,52896,2207207,0.291033,7584050
4,2021-03-05,90109,3404065,48135,1806165,41671,1597571,303,329,53603,1094557,0.144324,36365,1168474,0.15407,55824,2263031,0.298393,7584050
4,2021-03-06,71675,3475740,40074,1846239,29029,1626600,2572,2901,44191,1115291,0.147057,27404,1195878,0.157683,48138,2311169,0.304741,7584050
4,2021-03-07,40790,3516530,25906,1872145,13760,1640360,1124,4025,24853,1126526,0.148539,15883,1211761,0.159778,27118,2338287,0.308316,7584050
4,2021-03-08,63603,3580133,32870,1905015,27703,1668063,3030,7055,41834,1151051,0.151773,21686,1233447,0.162637,46211,2384498,0.31441,7584050
4,2021-03-09,71920,3652053,33187,1938202,33678,1701741,5055,12110,37592,1160678,0.153042,34203,1267650,0.167147,43830,2428328,0.320189,7584050
4,2021-03-10,86356,3738409,43870,1982072,35281,1737022,7205,19315,43627,1169909,0.154259,42620,1310270,0.172767,51851,2480179,0.327026,7584050
4,2021-03-11,97773,3836182,51527,2033599,38289,1775311,7957,27272,45627,1172690,0.154626,51976,1362246,0.17962,54757,2534936,0.334246,7584050
4,2021-03-12,100822,3937004,49848,2083447,41094,1816405,9880,37152,43098,1169071,0.154149,57555,1419801,0.187209,53936,2588872,0.341357,7584050
4,2021-03-13,77551,4014555,36269,2119716,33121,1849526,8161,45313,36227,1173384,0.154717,41228,1461029,0.192645,45541,2634413,0.347362,7584050
4,2021-03-14,47963,4062518,27538,2147254,16904,1866430,3521,48834,24559,1178738,0.155423,23349,1484378,0.195724,28703,2663116,0.351147,7584050
4,2021-03-15,81601,4144119,43572,2190826,33891,1900321,4138,52972,43203,1188713,0.156739,38249,1522627,0.200767,48224,2711340,0.357506,7584050
4,2021-03-16,104501,4248620,54379,2245205,46813,1947134,3309,56281,56881,1202184,0.158515,47458,1570085,0.207025,60929,2772269,0.365539,7584050
4,2021-03-17,102743,4351363,55377,2300582,44043,1991177,3323,59604,60348,1224231,0.161422,42220,1612305,0.212592,64267,2836536,0.374013,7584050
4,2021-03-18,102573,4453936,57017,2357599,42023,2033200,3533,63137,59950,1245777,0.164263,42434,1654739,0.218187,63980,2900516,0.382449,7584050
4,2021-03-19,106295,4560231,60878,2418477,40382,2073582,5035,68172,61366,1267864,0.167175,44741,1699480,0.224086,66828,2967344,0.391261,7584050
4,2021-03-20,81051,4641282,47452,2465929,30680,2104262,2919,71091,50665,1291549,0.170298,30227,1729707,0.228072,53912,3021256,0.39837,7584050
4,2021-03-21,46633,4687915,33724,2499653,10648,2114910,2261,73352,29544,1306723,0.172299,17024,1746731,0.230316,32198,3053454,0.402615,7584050
4,2021-03-22,79180,4767095,52085,2551738,24582,2139492,2513,75865,51363,1333683,0.175854,27677,1774408,0.233966,54637,3108091,0.409819,7584050
4,2021-03-23,100633,4867728,60182,2611920,38493,2177985,1958,77823,64252,1364284,0.179889,36187,1810595,0.238737,66788,3174879,0.418626,7584050
4,2021-03-24,109238,4976966,70998,2682918,36089,2214074,2151,79974,63907,1385787,0.182724,45052,1855647,0.244678,66555,3241434,0.427401,7584050
4,2021-03-25,111706,5088672,68678,2751596,40858,2254932,2170,82144,65850,1408808,0.185759,45507,1901154,0.250678,68528,3309962,0.436437,7584050
4,2021-03-26,115083,5203755,69990,2821586,42131,2297063,2962,85106,65254,1428146,0.188309,49599,1950753,0.257218,68937,3378899,0.445527,7584050
4,2021-03-27,88342,5292097,52242,2873828,34371,2331434,1729,86835,46068,1434320,0.189123,42110,1992863,0.26277,48284,3427183,0.451894,7584050
4,2021-03-28,53997,5346094,35476,2909304,17662,2349096,859,87694,30118,1441813,0.190111,23798,2016661,0.265908,31291,3458474,0.456019,7584050
4,2021-03-29,90373,5436467,54382,2963686,34035,2383131,1956,89650,51545,1457248,0.192146,38673,2055334,0.271007,54108,3512582,0.463154,7584050
4,2021-03-30,113327,5549794,61774,3025460,47646,2430777,3907,93557,73656,1495758,0.197224,39526,2094860,0.276219,78036,3590618,0.473443,7584050
4,2021-03-31,116448,5666242,69346,3094806,41279,2472056,5823,99380,68667,1522928,0.200807,47572,2142432,0.282492,74742,3665360,0.483299,7584050
4,2021-04-01,134942,5801184,76882,3171688,45685,2517741,12375,111755,81561,1563998,0.206222,53188,2195620,0.289505,94258,3759618,0.495727,7584050
4,2021-04-02,129846,5931030,69665,3241353,47564,2565305,12617,124372,76877,1601105,0.211115,52787,2248407,0.296465,89894,3849512,0.50758,7584050
4,2021-04-03,96548,6027578,51211,3292564,32845,2598150,12492,136864,51872,1621234,0.213769,44550,2292957,0.302339,64679,3914191,0.516108,7584050
4,2021-04-04,44761,6072339,23515,3316079,14224,2612374,7022,143886,19700,1622999,0.214002,25012,2317969,0.305637,26777,3940968,0.519639,7584050
4,2021-04-05,103367,6175706,58182,3374261,33217,2645591,11968,155854,54364,1641055,0.216382,48890,2366859,0.312084,66946,4007914,0.528466,7584050
4,2021-04-06,131141,6306847,73671,3447932,38734,2684325,18736,174590,68228,1665963,0.219667,62756,2429615,0.320359,87664,4095578,0.540025,7584050
4,2021-04-07,120874,6427721,67356,3515288,36223,2720548,17295,191885,62325,1687577,0.222517,58385,2488000,0.328057,79999,4175577,0.550574,7584050
4,2021-04-08,81977,6509698,45378,3560666,22368,2742916,14231,206116,41073,1702155,0.224439,40772,2528772,0.333433,55350,4230927,0.557872,7584050
