vemquartile,administered_date,total_doses,cumulative_total_doses,pfizer_doses,cumulative_pfizer_doses,moderna_doses,cumulative_moderna_doses,jj_doses,cumulative_jj_doses,partially_vaccinated,total_partially_vaccinated,pct_age12pop_partially_vaccinated,fully_vaccinated,cumulative_fully_vaccinated,pct_age12pop_fully_vaccinated,at_least_one_dose,cumulative_at_least_one_dose,pct_age12pop_at_least_one_dose,age12_population
1,2020-12-15,155,155,155,155,0,0,0,0,155,155,1.8e-05,0,0,0.0,155,155,1.8e-05,8700223
1,2020-12-16,1226,1381,1226,1381,0,0,0,0,1226,1381,0.000159,0,0,0.0,1226,1381,0.000159,8700223
1,2020-12-17,4193,5574,4193,5574,0,0,0,0,4195,5576,0.000641,0,0,0.0,4195,5576,0.000641,8700223
1,2020-12-18,6374,11948,6350,11924,24,24,0,0,6377,11952,0.001374,1,1,0.0,6377,11953,0.001374,8700223
1,2020-12-19,2891,14839,2888,14812,3,27,0,0,2890,14841,0.001706,1,2,0.0,2890,14843,0.001706,8700223
1,2020-12-20,2136,16975,2126,16938,10,37,0,0,2137,16978,0.001951,0,2,0.0,2137,16980,0.001952,8700223
1,2020-12-21,7664,24639,7643,24581,21,58,0,0,7712,24690,0.002838,1,3,0.0,7713,24693,0.002838,8700223
1,2020-12-22,7324,31963,6980,31561,344,402,0,0,7325,32013,0.00368,2,5,1e-06,7325,32018,0.00368,8700223
1,2020-12-23,7844,39807,6580,38141,1264,1666,0,0,7840,39852,0.004581,2,7,1e-06,7841,39859,0.004581,8700223
1,2020-12-24,3307,43114,2363,40504,944,2610,0,0,3309,43161,0.004961,0,7,1e-06,3309,43168,0.004962,8700223
1,2020-12-25,242,43356,158,40662,84,2694,0,0,242,43403,0.004989,0,7,1e-06,242,43410,0.00499,8700223
1,2020-12-26,1371,44727,976,41638,395,3089,0,0,1370,44772,0.005146,1,8,1e-06,1370,44780,0.005147,8700223
1,2020-12-27,879,45606,544,42182,335,3424,0,0,879,45650,0.005247,1,9,1e-06,879,45659,0.005248,8700223
1,2020-12-28,7097,52703,4753,46935,2344,5768,0,0,7094,52744,0.006062,0,9,1e-06,7094,52753,0.006063,8700223
1,2020-12-29,9001,61704,5004,51939,3997,9765,0,0,8997,61739,0.007096,2,11,1e-06,8997,61750,0.007098,8700223
1,2020-12-30,11661,73365,6458,58397,5203,14968,0,0,11660,73398,0.008436,1,12,1e-06,11660,73410,0.008438,8700223
1,2020-12-31,6030,79395,1959,60356,4071,19039,0,0,6028,79423,0.009129,4,16,2e-06,6029,79439,0.009131,8700223
1,2021-01-01,613,80008,248,60604,365,19404,0,0,609,80030,0.009199,2,18,2e-06,609,80048,0.009201,8700223
1,2021-01-02,2923,82931,1770,62374,1153,20557,0,0,2923,82953,0.009535,0,18,2e-06,2923,82971,0.009537,8700223
1,2021-01-03,1055,83986,553,62927,502,21059,0,0,1053,84003,0.009655,3,21,2e-06,1053,84024,0.009658,8700223
1,2021-01-04,7402,91388,3603,66530,3799,24858,0,0,7405,91406,0.010506,2,23,3e-06,7405,91429,0.010509,8700223
1,2021-01-05,10931,102319,5253,71783,5678,30536,0,0,10131,100777,0.011583,782,805,9.3e-05,10153,101582,0.011676,8700223
1,2021-01-06,14114,116433,7069,78852,7045,37581,0,0,12189,111092,0.012769,1889,2694,0.00031,12204,113786,0.013079,8700223
1,2021-01-07,17549,133982,9176,88028,8373,45954,0,0,13018,119684,0.013756,4437,7131,0.00082,13029,126815,0.014576,8700223
1,2021-01-08,20228,154210,10502,98530,9726,55680,0,0,14268,128024,0.014715,5942,13073,0.001503,14282,141097,0.016218,8700223
1,2021-01-09,6718,160928,3414,101944,3304,58984,0,0,4849,131012,0.015058,1865,14938,0.001717,4853,145950,0.016775,8700223
1,2021-01-10,3112,164040,1773,103717,1339,60323,0,0,1918,131741,0.015142,1190,16128,0.001854,1919,147869,0.016996,8700223
1,2021-01-11,18109,182149,11855,115572,6254,66577,0,0,11551,136788,0.015722,6548,22676,0.002606,11595,159464,0.018329,8700223
1,2021-01-12,19167,201316,10973,126545,8194,74771,0,0,13163,144017,0.016553,5976,28652,0.003293,13205,172669,0.019847,8700223
1,2021-01-13,19890,221206,10753,137298,9137,83908,0,0,14722,153612,0.017656,5146,33798,0.003885,14741,187410,0.021541,8700223
1,2021-01-14,22072,243278,9457,146755,12615,96523,0,0,19304,170268,0.019571,2709,36507,0.004196,19365,206775,0.023767,8700223
1,2021-01-15,25251,268529,9255,156010,15996,112519,0,0,23303,191726,0.022037,1909,38416,0.004416,23367,230142,0.026452,8700223
1,2021-01-16,13919,282448,4571,160581,9348,121867,0,0,13022,203858,0.023431,894,39310,0.004518,13026,243168,0.02795,8700223
1,2021-01-17,5235,287683,2043,162624,3192,125059,0,0,4858,208343,0.023947,376,39686,0.004561,4861,248029,0.028508,8700223
1,2021-01-18,14363,302046,8621,171245,5742,130801,0,0,11168,216386,0.024871,3181,42867,0.004927,11224,259253,0.029798,8700223
1,2021-01-19,24742,326788,12806,184051,11936,142737,0,0,19556,230833,0.026532,5164,48031,0.005521,19611,278864,0.032053,8700223
1,2021-01-20,29462,356250,14736,198787,14726,157463,0,0,23526,248546,0.028568,5855,53886,0.006194,23568,302432,0.034761,8700223
1,2021-01-21,31292,387542,14688,213475,16604,174067,0,0,27991,273402,0.031425,3236,57122,0.006566,28092,330524,0.03799,8700223
1,2021-01-22,28433,415975,11282,224757,17151,191218,0,0,26354,297775,0.034226,2012,59134,0.006797,26385,356909,0.041023,8700223
1,2021-01-23,18751,434726,8205,232962,10546,201764,0,0,16790,312645,0.035935,1930,61064,0.007019,16800,373709,0.042954,8700223
1,2021-01-24,6710,441436,4170,237132,2540,204304,0,0,6047,318041,0.036555,657,61721,0.007094,6053,379762,0.04365,8700223
1,2021-01-25,25515,466951,10525,247657,14990,219294,0,0,19685,332055,0.038166,5781,67502,0.007759,19795,399557,0.045925,8700223
1,2021-01-26,28887,495838,13509,261166,15378,234672,0,0,22152,347558,0.039948,6671,74173,0.008525,22174,421731,0.048474,8700223
1,2021-01-27,32748,528586,15584,276750,17164,251836,0,0,24591,364095,0.041849,8092,82265,0.009456,24629,446360,0.051304,8700223
1,2021-01-28,35035,563621,16433,293183,18602,270438,0,0,28046,385290,0.044285,6922,89187,0.010251,28117,474477,0.054536,8700223
1,2021-01-29,33810,597431,16510,309693,17300,287738,0,0,27171,406011,0.046667,6494,95681,0.010998,27215,501692,0.057664,8700223
1,2021-01-30,20216,617647,8737,318430,11479,299217,0,0,18067,421971,0.048501,2119,97800,0.011241,18079,519771,0.059742,8700223
1,2021-01-31,7713,625360,5016,323446,2697,301914,0,0,6994,428257,0.049224,711,98511,0.011323,6997,526768,0.060546,8700223
1,2021-02-01,29131,654491,12571,336017,16560,318474,0,0,21264,441718,0.050771,7811,106322,0.012221,21272,548040,0.062991,8700223
1,2021-02-02,32840,687331,11853,347870,20987,339461,0,0,24528,458059,0.052649,8226,114548,0.013166,24567,572607,0.065815,8700223
1,2021-02-03,39722,727053,15287,363157,24435,363896,0,0,28590,475721,0.054679,10964,125512,0.014426,28626,601233,0.069105,8700223
1,2021-02-04,44146,771199,17171,380328,26975,390871,0,0,31798,495347,0.056935,12222,137734,0.015831,31848,633081,0.072766,8700223
1,2021-02-05,46854,818053,17178,397506,29676,420547,0,0,30690,510085,0.058629,16010,153744,0.017671,30748,663829,0.0763,8700223
1,2021-02-06,26573,844626,10494,408000,16079,436626,0,0,20642,524863,0.060328,5883,159627,0.018347,20661,684490,0.078675,8700223
1,2021-02-07,6289,850915,4040,412040,2249,438875,0,0,4634,527881,0.060674,1635,161262,0.018535,4653,689143,0.07921,8700223
1,2021-02-08,31682,882597,14460,426500,17222,456097,0,0,21101,538599,0.061906,10483,171745,0.01974,21201,710344,0.081647,8700223
1,2021-02-09,38646,921243,16986,443486,21660,477757,0,0,23808,547737,0.062957,14754,186499,0.021436,23892,734236,0.084393,8700223
1,2021-02-10,47392,968635,22217,465703,25175,502932,0,0,26967,554489,0.063733,20298,206797,0.023769,27050,761286,0.087502,8700223
1,2021-02-11,51943,1020578,25477,491180,26466,529398,0,0,30996,564972,0.064938,20628,227425,0.02614,31111,792397,0.091078,8700223
1,2021-02-12,50104,1070682,21531,512711,28573,557971,0,0,28729,572628,0.065818,21213,248638,0.028578,28869,821266,0.094396,8700223
1,2021-02-13,26407,1097089,11542,524253,14865,572836,0,0,15267,576905,0.066309,11067,259705,0.02985,15344,836610,0.09616,8700223
1,2021-02-14,11813,1108902,5573,529826,6240,579076,0,0,6722,578636,0.066508,5059,264764,0.030432,6790,843400,0.09694,8700223
1,2021-02-15,24003,1132905,9430,539256,14573,593649,0,0,14601,584077,0.067134,9277,274041,0.031498,14718,858118,0.098632,8700223
1,2021-02-16,47254,1180159,22538,561794,24716,618365,0,0,27535,592094,0.068055,19633,293674,0.033755,27650,885768,0.10181,8700223
1,2021-02-17,48616,1228775,24615,586409,24001,642366,0,0,26147,596083,0.068514,22309,315983,0.036319,26298,912066,0.104832,8700223
1,2021-02-18,51289,1280064,25648,612057,25641,668007,0,0,26539,598365,0.068776,24499,340482,0.039135,26781,938847,0.107911,8700223
1,2021-02-19,46718,1326782,25319,637376,21399,689406,0,0,26131,604133,0.069439,20424,360906,0.041482,26192,965039,0.110921,8700223
1,2021-02-20,27731,1354513,16891,654267,10840,700246,0,0,15806,608167,0.069902,11857,372763,0.042845,15891,980930,0.112748,8700223
1,2021-02-21,12416,1366929,10677,664944,1739,701985,0,0,7451,610770,0.070202,4900,377663,0.043408,7503,988433,0.11361,8700223
1,2021-02-22,31692,1398621,20867,685811,10825,712810,0,0,18222,615726,0.070771,13372,391035,0.044945,18328,1006761,0.115717,8700223
1,2021-02-23,45983,1444604,22325,708136,23658,736468,0,0,25234,620876,0.071363,20450,411485,0.047296,25600,1032361,0.118659,8700223
1,2021-02-24,56067,1500671,27089,735225,28978,765446,0,0,30830,627134,0.072083,25030,436515,0.050173,31288,1063649,0.122255,8700223
1,2021-02-25,68658,1569329,33336,768561,35322,800768,0,0,42448,644054,0.074027,26031,462546,0.053165,42951,1106600,0.127192,8700223
1,2021-02-26,76728,1646057,35919,804480,40809,841577,0,0,50104,668270,0.076811,26371,488917,0.056196,50587,1157187,0.133007,8700223
1,2021-02-27,52813,1698870,24232,828712,28572,870149,9,9,34635,685155,0.078751,18031,506948,0.058268,34916,1192103,0.13702,8700223
1,2021-02-28,20261,1719131,12021,840733,8238,878387,2,11,14834,694798,0.07986,5337,512285,0.058882,14980,1207083,0.138742,8700223
1,2021-03-01,46272,1765403,21396,862129,24820,903207,56,67,29712,708445,0.081428,16369,528654,0.060763,30016,1237099,0.142192,8700223
1,2021-03-02,64893,1830296,28050,890179,36833,940040,10,77,41268,726932,0.083553,23437,552091,0.063457,41924,1279023,0.14701,8700223
1,2021-03-03,72163,1902459,34307,924486,37827,977867,29,106,43868,743318,0.085437,28122,580213,0.066689,44508,1323531,0.152126,8700223
1,2021-03-04,80145,1982604,37574,962060,42535,1020402,36,142,51438,766795,0.088135,28512,608725,0.069967,51989,1375520,0.158102,8700223
1,2021-03-05,79158,2061762,35680,997740,43272,1063674,206,348,52786,794316,0.091298,26122,634847,0.072969,53643,1429163,0.164267,8700223
1,2021-03-06,58063,2119825,27607,1025347,29105,1092779,1351,1699,39302,816661,0.093867,18676,653523,0.075116,41021,1470184,0.168982,8700223
1,2021-03-07,20989,2140814,13051,1038398,6747,1099526,1191,2890,15546,828232,0.095197,5415,658938,0.075738,16986,1487170,0.170935,8700223
1,2021-03-08,46121,2186935,22527,1060925,21633,1121159,1961,4851,32312,849136,0.097599,13702,672640,0.077313,34606,1521776,0.174912,8700223
1,2021-03-09,66870,2253805,32348,1093273,32010,1153169,2512,7363,41137,867542,0.099715,25576,698216,0.080253,43982,1565758,0.179968,8700223
1,2021-03-10,74185,2327990,36981,1130254,32708,1185877,4496,11859,45716,889762,0.102269,28353,726569,0.083512,50573,1616331,0.18578,8700223
1,2021-03-11,90391,2418381,41598,1171852,40783,1226660,8010,19869,52642,913354,0.104981,37507,764076,0.087823,61099,1677430,0.192803,8700223
1,2021-03-12,99132,2517513,43730,1215582,42993,1269653,12409,32278,57935,943154,0.108406,40976,805052,0.092532,70776,1748206,0.200938,8700223
1,2021-03-13,65368,2582881,29557,1245139,28137,1297790,7674,39952,41705,969311,0.111412,23525,828577,0.095236,49682,1797888,0.206648,8700223
1,2021-03-14,27943,2610824,14944,1260083,9429,1307219,3570,43522,15654,976505,0.112239,12212,840789,0.09664,19406,1817294,0.208879,8700223
1,2021-03-15,65350,2676174,28823,1288906,29770,1336989,6757,50279,38411,995308,0.1144,26711,867500,0.09971,45514,1862808,0.21411,8700223
1,2021-03-16,85854,2762028,39144,1328050,41063,1378052,5647,55926,53190,1022057,0.117475,32431,899931,0.103438,59180,1921988,0.220912,8700223
1,2021-03-17,93212,2855240,45429,1373479,41241,1419293,6542,62468,59892,1055764,0.121349,33070,933001,0.107239,66777,1988765,0.228588,8700223
1,2021-03-18,98899,2954139,50987,1424466,42191,1461484,5721,68189,59756,1082951,0.124474,38775,971776,0.111696,65962,2054727,0.236169,8700223
1,2021-03-19,103823,3057962,53793,1478259,43731,1505215,6299,74488,60637,1107520,0.127298,42875,1014651,0.116624,67444,2122171,0.243921,8700223
1,2021-03-20,72918,3130880,37341,1515600,30359,1535574,5218,79706,46846,1133976,0.130339,25877,1040528,0.119598,52333,2174504,0.249937,8700223
1,2021-03-21,27325,3158205,19064,1534664,6452,1542026,1809,81515,16998,1142642,0.131335,10229,1050757,0.120774,18895,2193399,0.252108,8700223
1,2021-03-22,59337,3217542,30658,1565322,25372,1567398,3307,84822,39897,1167004,0.134135,19211,1069968,0.122982,43573,2236972,0.257117,8700223
1,2021-03-23,83570,3301112,42570,1607892,37362,1604760,3638,88460,51242,1190274,0.13681,32063,1102031,0.126667,55333,2292305,0.263477,8700223
1,2021-03-24,88410,3389522,44719,1652611,39323,1644083,4368,92828,52650,1211990,0.139306,35459,1137490,0.130743,57175,2349480,0.270048,8700223
1,2021-03-25,97243,3486765,49707,1702318,41688,1685771,5848,98676,53809,1228757,0.141233,43098,1180588,0.135696,59865,2409345,0.276929,8700223
1,2021-03-26,105577,3592342,51214,1753532,48039,1733810,6324,105000,56552,1243286,0.142903,48643,1229231,0.141287,63172,2472517,0.28419,8700223
1,2021-03-27,74306,3666648,38397,1791929,31695,1765505,4214,109214,38086,1249799,0.143651,35984,1265215,0.145423,42497,2515014,0.289075,8700223
1,2021-03-28,32847,3699495,21503,1813432,10119,1775624,1225,110439,16437,1251613,0.14386,16297,1281512,0.147296,18111,2533125,0.291156,8700223
1,2021-03-29,68702,3768197,33857,1847289,31674,1807298,3171,113610,37865,1262258,0.145083,30600,1312112,0.150814,41245,2574370,0.295897,8700223
1,2021-03-30,93480,3861677,45688,1892977,41381,1848679,6411,120021,48059,1271617,0.146159,45183,1357295,0.156007,54542,2628912,0.302166,8700223
1,2021-03-31,102112,3963789,53137,1946114,42729,1891408,6246,126267,55922,1287994,0.148041,45847,1403142,0.161277,62224,2691136,0.309318,8700223
1,2021-04-01,113690,4077479,54327,2000441,50557,1941965,8806,135073,57721,1299064,0.149314,55495,1458637,0.167655,66565,2757701,0.316969,8700223
1,2021-04-02,112887,4190366,51405,2051846,51748,1993713,9734,144807,57338,1311235,0.150713,55098,1513735,0.173988,67269,2824970,0.324701,8700223
1,2021-04-03,78780,4269146,39634,2091480,29470,2023183,9676,154483,37021,1316422,0.151309,41559,1555294,0.178765,46746,2871716,0.330074,8700223
1,2021-04-04,23816,4292962,11846,2103326,8493,2031676,3477,157960,9943,1316026,0.151263,13802,1569096,0.180351,13406,2885122,0.331615,8700223
1,2021-04-05,77689,4370651,37024,2140350,31263,2062939,9402,167362,35002,1318112,0.151503,42463,1611559,0.185232,44549,2929671,0.336735,8700223
1,2021-04-06,104820,4475471,49631,2189981,38495,2101434,16694,184056,47421,1325152,0.152312,57082,1668641,0.191793,64122,2993793,0.344105,8700223
1,2021-04-07,112857,4588328,54681,2244662,40489,2141923,17687,201743,50967,1332236,0.153127,61570,1730211,0.19887,68654,3062447,0.351996,8700223
1,2021-04-08,123332,4711660,58389,2303051,43820,2185743,21123,222866,54619,1339736,0.153989,68272,1798483,0.206717,75772,3138219,0.360706,8700223
1,2021-04-09,124487,4836147,56766,2359817,46800,2232543,20921,243787,54675,1345918,0.154699,69441,1867924,0.214698,75623,3213842,0.369398,8700223
1,2021-04-10,97363,4933510,43424,2403241,30886,2263429,23053,266840,38546,1348858,0.155037,58591,1926515,0.221433,61531,3275373,0.37647,8700223
1,2021-04-11,36753,4970263,20409,2423650,9446,2272875,6898,273738,14858,1348881,0.15504,21828,1948343,0.223942,21851,3297224,0.378982,8700223
1,2021-04-12,75016,5045279,33476,2457126,31483,2304358,10057,283795,31857,1348073,0.154947,42855,1991198,0.228867,42047,3339271,0.383814,8700223
1,2021-04-13,98362,5143641,52574,2509700,45446,2349804,342,284137,53146,1357010,0.155974,44899,2036097,0.234028,53836,3393107,0.390002,8700223
1,2021-04-14,105278,5248919,54532,2564232,50668,2400472,78,284215,53488,1359547,0.156266,51399,2087496,0.239936,53936,3447043,0.396202,8700223
1,2021-04-15,106010,5354929,57548,2621780,48372,2448844,90,284305,56233,1366873,0.157108,49172,2136668,0.245588,56498,3503541,0.402696,8700223
1,2021-04-16,110895,5465824,56852,2678632,53953,2502797,90,284395,55307,1367422,0.157171,55037,2191705,0.251914,55586,3559127,0.409085,8700223
1,2021-04-17,83522,5549346,45337,2723969,38173,2540970,12,284407,46543,1377407,0.158319,36733,2228438,0.256136,46718,3605845,0.414454,8700223
1,2021-04-18,30536,5579882,20658,2744627,9871,2550841,7,284414,15325,1377831,0.158367,15116,2243554,0.257873,15540,3621385,0.41624,8700223
1,2021-04-19,67246,5647128,34045,2778672,33188,2584029,13,284427,30327,1371762,0.15767,36540,2280094,0.262073,30471,3651856,0.419743,8700223
1,2021-04-20,88533,5735661,44551,2823223,43958,2627987,24,284451,41315,1366451,0.157059,46850,2326944,0.267458,41539,3693395,0.424517,8700223
1,2021-04-21,97995,5833656,51139,2874362,46752,2674739,104,284555,43771,1356934,0.155965,53635,2380579,0.273623,44118,3737513,0.429588,8700223
1,2021-04-22,97819,5931475,51153,2925515,46647,2721386,19,284574,44763,1349412,0.155101,52522,2433101,0.27966,45000,3782513,0.43476,8700223
1,2021-04-23,102782,6034257,53084,2978599,49670,2771056,28,284602,48791,1345020,0.154596,53450,2486551,0.285803,49058,3831571,0.440399,8700223
1,2021-04-24,76524,6110781,47467,3026066,29030,2800086,27,284629,43062,1355066,0.155751,33303,2519854,0.289631,43349,3874920,0.445382,8700223
1,2021-04-25,27403,6138184,17452,3043518,9937,2810023,14,284643,15624,1359190,0.156225,11655,2531509,0.290971,15779,3890699,0.447195,8700223
1,2021-04-26,66570,6204754,34932,3078450,31233,2841256,405,285048,31435,1356550,0.155921,34816,2566325,0.294972,32176,3922875,0.450894,8700223
1,2021-04-27,81903,6286657,43557,3122007,37038,2878294,1308,286356,35336,1347280,0.154856,46254,2612579,0.300289,36984,3959859,0.455145,8700223
1,2021-04-28,81700,6368357,43474,3165481,36708,2915002,1518,287874,35683,1339055,0.15391,45651,2658230,0.305536,37426,3997285,0.459446,8700223
1,2021-04-29,85109,6453466,46854,3212335,36623,2951625,1632,289506,34629,1325391,0.15234,50089,2708319,0.311293,36425,4033710,0.463633,8700223
1,2021-04-30,92807,6546273,50266,3262601,40654,2992279,1887,291393,38560,1312108,0.150813,53889,2762208,0.317487,40606,4074316,0.4683,8700223
1,2021-05-01,63974,6610247,41265,3303866,21277,3013556,1432,292825,26926,1303907,0.149871,36773,2798981,0.321714,28572,4102888,0.471584,8700223
1,2021-05-02,23533,6633780,16667,3320533,6287,3019843,579,293404,9474,1300039,0.149426,13948,2812929,0.323317,10080,4112968,0.472743,8700223
1,2021-05-03,56456,6690236,31315,3351848,23294,3043137,1847,295251,20465,1286680,0.14789,35726,2848655,0.327423,22367,4135335,0.475314,8700223
1,2021-05-04,76077,6766313,43850,3395698,30124,3073261,2103,297354,27246,1267596,0.145697,48512,2897167,0.332999,29428,4164763,0.478696,8700223
1,2021-05-05,78479,6844792,45494,3441192,30679,3103940,2306,299660,26574,1245022,0.143102,51534,2948701,0.338922,28960,4193723,0.482025,8700223
1,2021-05-06,79979,6924771,48573,3489765,29220,3133160,2186,301846,24940,1217673,0.139959,54629,3003330,0.345201,27280,4221003,0.48516,8700223
1,2021-05-07,83599,7008370,47578,3537343,33821,3166981,2200,304046,27908,1192625,0.13708,55219,3058549,0.351548,30171,4251174,0.488628,8700223
1,2021-05-08,57476,7065846,36061,3573404,19766,3186747,1649,305695,19527,1176288,0.135202,37602,3096151,0.35587,21265,4272439,0.491072,8700223
1,2021-05-09,18349,7084195,13161,3586565,4709,3191456,479,306174,5579,1169690,0.134444,12690,3108841,0.357329,6092,4278531,0.491773,8700223
1,2021-05-10,44354,7128549,22434,3608999,20088,3211544,1832,308006,14831,1157214,0.13301,29228,3138069,0.360688,16752,4295283,0.493698,8700223
1,2021-05-11,62913,7191462,34221,3643220,26532,3238076,2160,310166,20672,1138220,0.130827,41937,3180006,0.365509,22943,4318226,0.496335,8700223
1,2021-05-12,63035,7254497,33493,3676713,27477,3265553,2065,312231,20700,1119058,0.128624,41994,3222000,0.370335,22832,4341058,0.498959,8700223
1,2021-05-13,67293,7321790,39485,3716198,25816,3291369,1992,314223,25636,1105717,0.127091,41251,3263251,0.375077,27910,4368968,0.502167,8700223
1,2021-05-14,76874,7398664,46365,3762563,28102,3319471,2407,316630,31063,1094076,0.125753,45390,3308641,0.380294,33749,4402717,0.506046,8700223
1,2021-05-15,66850,7465514,43900,3806463,21180,3340651,1770,318400,26641,1082675,0.124442,39878,3348519,0.384877,28477,4431194,0.50932,8700223
1,2021-05-16,25124,7490638,18518,3824981,5984,3346635,622,319022,10249,1078844,0.124002,14749,3363268,0.386573,10918,4442112,0.510574,8700223
1,2021-05-17,54411,7545049,33256,3858237,19375,3366010,1780,320802,23075,1072696,0.123295,31060,3394328,0.390143,24912,4467024,0.513438,8700223
1,2021-05-18,65240,7610289,39324,3897561,24074,3390084,1842,322644,28296,1066268,0.122556,36656,3430984,0.394356,30228,4497252,0.516912,8700223
1,2021-05-19,66643,7676932,40609,3938170,24101,3414185,1933,324577,29827,1061591,0.122019,36513,3467497,0.398553,31836,4529088,0.520571,8700223
1,2021-05-20,64881,7741813,37639,3975809,25017,3439202,2225,326802,26688,1052869,0.121016,37836,3505333,0.402902,29114,4558202,0.523918,8700223
1,2021-05-21,70507,7812320,42178,4017987,26460,3465662,1869,328671,29092,1042926,0.119873,40997,3546330,0.407614,31054,4589256,0.527487,8700223
1,2021-05-22,56401,7868721,37086,4055073,17585,3483247,1730,330401,24540,1037708,0.119274,31579,3577909,0.411243,26361,4615617,0.530517,8700223
1,2021-05-23,20514,7889235,14344,4069417,5583,3488830,587,330988,9504,1036917,0.119183,10906,3588815,0.412497,10115,4625732,0.53168,8700223
1,2021-05-24,44111,7933346,24615,4094032,17652,3506482,1844,332832,17865,1030725,0.118471,25982,3614797,0.415483,19790,4645522,0.533954,8700223
1,2021-05-25,50953,7984299,29310,4123342,19940,3526422,1703,334535,21123,1024109,0.117711,29540,3644337,0.418879,22924,4668446,0.536589,8700223
1,2021-05-26,48529,8032828,27511,4150853,19121,3545543,1897,336432,20530,1018888,0.117111,27690,3672027,0.422061,22469,4690915,0.539172,8700223
1,2021-05-27,47050,8079878,26394,4177247,18740,3564283,1916,338348,20147,1014460,0.116602,26606,3698633,0.425119,22178,4713093,0.541721,8700223
1,2021-05-28,52563,8132441,29324,4206571,21406,3585689,1833,340181,23526,1011247,0.116232,28697,3727330,0.428418,25484,4738577,0.54465,8700223
1,2021-05-29,30697,8163138,18591,4225162,11139,3596828,967,341148,14609,1010948,0.116198,15931,3743261,0.430249,15632,4754209,0.546447,8700223
1,2021-05-30,11715,8174853,7564,4232726,3594,3600422,557,341705,5528,1010945,0.116198,6112,3749373,0.430951,6109,4760318,0.547149,8700223
1,2021-05-31,5761,8180614,3278,4236004,2226,3602648,257,341962,2009,1009531,0.116035,3692,3753065,0.431376,2278,4762596,0.547411,8700223
1,2021-06-01,45971,8226585,25987,4261991,18406,3621054,1578,343540,17381,1000319,0.114976,28235,3781300,0.434621,19023,4781619,0.549597,8700223
1,2021-06-02,40076,8266661,23249,4285240,15313,3636367,1514,345054,16143,994429,0.114299,23627,3804927,0.437337,17737,4799356,0.551636,8700223
1,2021-06-03,41557,8308218,26020,4311260,13814,3650181,1723,346777,15835,986650,0.113405,25411,3830338,0.440257,17632,4816988,0.553663,8700223
1,2021-06-04,50295,8358513,32184,4343444,16297,3666478,1814,348591,17966,974549,0.112014,31960,3862298,0.443931,19859,4836847,0.555945,8700223
1,2021-06-05,40429,8398942,27584,4371028,10836,3677314,2009,350600,14165,964732,0.110886,26042,3888340,0.446924,16225,4853072,0.55781,8700223
1,2021-06-06,13249,8412191,10608,4381636,2126,3679440,515,351115,4568,961281,0.110489,8596,3896936,0.447912,5145,4858217,0.558401,8700223
1,2021-06-07,34054,8446245,23450,4405086,9238,3688678,1366,352481,12068,952996,0.109537,21770,3918706,0.450414,13485,4871702,0.559951,8700223
1,2021-06-08,42324,8488569,29286,4434372,11377,3700055,1661,354142,14716,942135,0.108289,27327,3946033,0.453555,16466,4888168,0.561844,8700223
1,2021-06-09,42248,8530817,29306,4463678,11295,3711350,1647,355789,13738,929379,0.106822,28196,3974229,0.456796,15440,4903608,0.563619,8700223
1,2021-06-10,39210,8570027,26396,4490074,11109,3722459,1705,357494,13362,918960,0.105625,25589,3999818,0.459737,15170,4918778,0.565362,8700223
1,2021-06-11,44163,8614190,29280,4519354,13193,3735652,1690,359184,15690,908258,0.104395,28160,4027978,0.462974,17458,4936236,0.567369,8700223
1,2021-06-12,33862,8648052,24473,4543827,8170,3743822,1219,360403,11113,898126,0.10323,22530,4050508,0.465564,12398,4948634,0.568794,8700223
1,2021-06-13,11649,8659701,8465,4552292,2704,3746526,480,360883,3388,893840,0.102738,8187,4058695,0.466505,3901,4952535,0.569242,8700223
1,2021-06-14,31054,8690755,20899,4573191,8835,3755361,1320,362203,11580,887502,0.102009,19267,4077962,0.468719,12929,4965464,0.570728,8700223
1,2021-06-15,37393,8728148,24502,4597693,11029,3766390,1862,364065,13865,880071,0.101155,23247,4101209,0.471391,15816,4981280,0.572546,8700223
1,2021-06-16,35623,8763771,24067,4621760,9713,3776103,1843,365908,13390,873401,0.100388,21958,4123167,0.473915,15288,4996568,0.574303,8700223
1,2021-06-17,33759,8797530,22314,4644074,9486,3785589,1959,367867,13176,868287,0.099801,20338,4143505,0.476253,15224,5011792,0.576053,8700223
1,2021-06-18,39849,8837379,25878,4669952,11107,3796696,2864,370731,15490,862630,0.09915,24065,4167570,0.479019,18408,5030200,0.578169,8700223
1,2021-06-19,24107,8861486,16723,4686675,6183,3802879,1201,371932,9818,859573,0.098799,14115,4181685,0.480641,11058,5041258,0.57944,8700223
1,2021-06-20,8162,8869648,5978,4692653,1907,3804786,277,372209,3236,858239,0.098646,4858,4186543,0.4812,3524,5044782,0.579845,8700223
1,2021-06-21,21039,8890687,11901,4704554,6943,3811729,2195,374404,10964,861485,0.099019,9960,4196503,0.482344,13206,5057988,0.581363,8700223
1,2021-06-22,30923,8921610,20189,4724743,8585,3820314,2149,376553,12951,858895,0.098721,17754,4214257,0.484385,15164,5073152,0.583106,8700223
1,2021-06-23,29512,8951122,19822,4744565,7870,3828184,1820,378373,12884,857220,0.098529,16404,4230661,0.48627,14729,5087881,0.584799,8700223
1,2021-06-24,28515,8979637,18986,4763551,7849,3836033,1680,380053,12104,854867,0.098258,16206,4246867,0.488133,13853,5101734,0.586391,8700223
1,2021-06-25,31862,9011499,21566,4785117,8888,3844921,1408,381461,14009,852731,0.098013,17610,4264477,0.490157,15474,5117208,0.58817,8700223
1,2021-06-26,22291,9033790,16545,4801662,4915,3849836,831,382292,9718,850882,0.0978,12451,4276928,0.491588,10602,5127810,0.589388,8700223
1,2021-06-27,9168,9042958,6819,4808481,1917,3851753,432,382724,4065,850360,0.09774,5034,4281962,0.492167,4512,5132322,0.589907,8700223
1,2021-06-28,21190,9064148,15733,4824214,4203,3855956,1254,383978,9824,850313,0.097735,11173,4293135,0.493451,11126,5143448,0.591186,8700223
1,2021-06-29,26680,9090828,18243,4842457,7049,3863005,1388,385366,11749,848765,0.097557,14742,4307877,0.495146,13194,5156642,0.592702,8700223
1,2021-06-30,25986,9116814,17971,4860428,6956,3869961,1059,386425,12338,848809,0.097562,13424,4321301,0.496689,13468,5170110,0.59425,8700223
1,2021-07-01,23773,9140587,16500,4876928,5971,3875932,1302,387727,10976,848528,0.097529,12637,4333938,0.498141,12356,5182466,0.59567,8700223
1,2021-07-02,26496,9167083,18189,4895117,7263,3883195,1044,388771,12367,848084,0.097478,13936,4347874,0.499743,13492,5195958,0.597221,8700223
1,2021-07-03,14631,9181714,10223,4905340,3967,3887162,441,389212,6949,847958,0.097464,7549,4355423,0.500611,7423,5203381,0.598074,8700223
1,2021-07-04,1268,9182982,709,4906049,493,3887655,66,389278,612,847995,0.097468,646,4356069,0.500685,683,5204064,0.598153,8700223
1,2021-07-05,11027,9194009,7608,4913657,3054,3890709,365,389643,5233,847915,0.097459,5726,4361795,0.501343,5646,5209710,0.598802,8700223
1,2021-07-06,27229,9221238,19242,4932899,6845,3897554,1142,390785,10866,843843,0.096991,16180,4377975,0.503203,12108,5221818,0.600194,8700223
1,2021-07-07,23751,9244989,16607,4949506,5984,3903538,1160,391945,10216,841957,0.096774,13347,4391322,0.504737,11461,5233279,0.601511,8700223
1,2021-07-08,22764,9267753,15709,4965215,5961,3909499,1094,393039,9823,840156,0.096567,12807,4404129,0.506209,11006,5244285,0.602776,8700223
1,2021-07-09,26858,9294611,18987,4984202,6706,3916205,1165,394204,12077,838848,0.096417,14605,4418734,0.507887,13297,5257582,0.604304,8700223
1,2021-07-10,17732,9312343,12790,4996992,4177,3920382,765,394969,7870,837793,0.096296,9737,4428471,0.509007,8682,5266264,0.605302,8700223
1,2021-07-11,6744,9319087,4934,5001926,1609,3921991,201,395170,3250,837821,0.096299,3442,4431913,0.509402,3470,5269734,0.605701,8700223
1,2021-07-12,20211,9339298,14507,5016433,4818,3926809,886,396056,8971,836670,0.096167,11100,4443013,0.510678,9949,5279683,0.606845,8700223
1,2021-07-13,22165,9361463,15488,5031921,5877,3932686,800,396856,10354,836244,0.096118,11666,4454679,0.512019,11240,5290923,0.608136,8700223
1,2021-07-14,22249,9383712,15285,5047206,5987,3938673,977,397833,9993,835224,0.096,12100,4466779,0.51341,11080,5302003,0.60941,8700223
1,2021-07-15,21676,9405388,15375,5062581,5569,3944242,732,398565,10437,835403,0.096021,11094,4477873,0.514685,11273,5313276,0.610706,8700223
1,2021-07-16,26652,9432040,18658,5081239,6998,3951240,996,399561,13147,836292,0.096123,13341,4491214,0.516218,14230,5327506,0.612341,8700223
1,2021-07-17,18454,9450494,13324,5094563,4429,3955669,701,400262,9060,836823,0.096184,9266,4500480,0.517283,9797,5337303,0.613467,8700223
1,2021-07-18,7436,9457930,5486,5100049,1664,3957333,286,400548,3803,837353,0.096245,3575,4504055,0.517694,4105,5341408,0.613939,8700223
1,2021-07-19,20830,9478760,15093,5115142,4906,3962239,831,401379,10447,838479,0.096374,10251,4514306,0.518872,11377,5352785,0.615247,8700223
1,2021-07-20,24568,9503328,16998,5132140,6691,3968930,879,402258,12618,840305,0.096584,11763,4526069,0.520224,13589,5366374,0.616809,8700223
1,2021-07-21,24929,9528257,17536,5149676,6191,3975121,1202,403460,12736,842322,0.096816,12039,4538108,0.521608,14056,5380430,0.618424,8700223
1,2021-07-22,24116,9552373,17023,5166699,6256,3981377,837,404297,13139,845597,0.097193,10790,4548898,0.522848,14065,5394495,0.620041,8700223
1,2021-07-23,28571,9580944,20159,5186858,7405,3988782,1007,405304,15865,850010,0.0977,12525,4561423,0.524288,16938,5411433,0.621988,8700223
1,2021-07-24,17938,9598882,12649,5199507,4732,3993514,557,405861,10569,853911,0.098148,7252,4568675,0.525122,11153,5422586,0.62327,8700223
1,2021-07-25,7370,9606252,5289,5204796,1972,3995486,109,405970,5503,857714,0.098585,1829,4570504,0.525332,5632,5428218,0.623917,8700223
1,2021-07-26,21082,9627334,14566,5219362,5776,4001262,740,406710,13590,864743,0.099393,7373,4577877,0.526179,14402,5442620,0.625572,8700223
1,2021-07-27,26668,9654002,19022,5238384,6712,4007974,934,407644,15714,870659,0.100073,10789,4588666,0.527419,16705,5459325,0.627493,8700223
1,2021-07-28,27608,9681610,19561,5257945,7181,4015155,866,408510,16957,878087,0.100927,10465,4599131,0.528622,17893,5477218,0.629549,8700223
1,2021-07-29,26316,9707926,18686,5276631,6844,4021999,786,409296,16479,885742,0.101807,9671,4608802,0.529734,17326,5494544,0.631541,8700223
1,2021-07-30,30671,9738597,21970,5298601,7802,4029801,899,410195,18786,893787,0.102732,11678,4620480,0.531076,19723,5514267,0.633808,8700223
1,2021-07-31,19645,9758242,14286,5312887,4823,4034624,536,410731,12228,899315,0.103367,7260,4627740,0.531911,12788,5527055,0.635277,8700223
1,2021-08-01,8730,9766972,6600,5319487,2005,4036629,125,410856,5965,902713,0.103757,2721,4630461,0.532223,6119,5533174,0.635981,8700223
1,2021-08-02,24591,9791563,18341,5337828,5550,4042179,700,411556,15957,910937,0.104703,8480,4638941,0.533198,16704,5549878,0.637901,8700223
1,2021-08-03,28029,9819592,20256,5358084,6866,4049045,907,412463,17546,919130,0.105644,10296,4649237,0.534381,18489,5568367,0.640026,8700223
1,2021-08-04,26989,9846581,19569,5377653,6578,4055623,842,413305,17147,927520,0.106609,9643,4658880,0.53549,18033,5586400,0.642098,8700223
1,2021-08-05,26557,9873138,19381,5397034,6305,4061928,871,414176,16772,935596,0.107537,9591,4668471,0.536592,17667,5604067,0.644129,8700223
1,2021-08-06,32578,9905716,23952,5420986,7691,4069619,935,415111,20233,944688,0.108582,12121,4680592,0.537985,21213,5625280,0.646567,8700223
1,2021-08-07,21019,9926735,15718,5436704,4745,4074364,556,415667,13069,950505,0.109251,7820,4688412,0.538884,13637,5638917,0.648135,8700223
1,2021-08-08,10209,9936944,7452,5444156,2575,4076939,182,415849,6619,953795,0.109629,3519,4691931,0.539289,6809,5645726,0.648917,8700223
1,2021-08-09,26703,9963647,19979,5464135,5973,4082912,751,416600,16409,960883,0.110443,10105,4702036,0.54045,17193,5662919,0.650894,8700223
1,2021-08-10,27299,9990946,20001,5484136,6488,4089400,810,417410,16061,966758,0.111119,11044,4713080,0.541719,16919,5679838,0.652838,8700223
1,2021-08-11,14110,10005056,10584,5494720,2712,4092112,814,418224,8158,969900,0.11148,5855,4718935,0.542392,8997,5688835,0.653872,8700223
2,2020-12-15,258,258,258,258,0,0,0,0,258,258,3.1e-05,0,0,0.0,258,258,3.1e-05,8407551
2,2020-12-16,2161,2419,2161,2419,0,0,0,0,2160,2418,0.000288,0,0,0.0,2160,2418,0.000288,8407551
2,2020-12-17,6949,9368,6949,9368,0,0,0,0,6949,9367,0.001114,0,0,0.0,6949,9367,0.001114,8407551
2,2020-12-18,11135,20503,11114,20482,21,21,0,0,11134,20501,0.002438,0,0,0.0,11134,20501,0.002438,8407551
2,2020-12-19,5636,26139,5629,26111,7,28,0,0,5637,26138,0.003109,0,0,0.0,5637,26138,0.003109,8407551
2,2020-12-20,4266,30405,4252,30363,14,42,0,0,4261,30398,0.003616,1,1,0.0,4261,30399,0.003616,8407551
2,2020-12-21,12841,43246,12811,43174,30,72,0,0,12798,43196,0.005138,0,1,0.0,12798,43197,0.005138,8407551
2,2020-12-22,12200,55446,11674,54848,526,598,0,0,12198,55394,0.006589,0,1,0.0,12198,55395,0.006589,8407551
2,2020-12-23,11769,67215,9528,64376,2241,2839,0,0,11771,67165,0.007989,1,2,0.0,11772,67167,0.007989,8407551
2,2020-12-24,5929,73144,3508,67884,2421,5260,0,0,5924,73088,0.008693,3,5,1e-06,5926,73093,0.008694,8407551
2,2020-12-25,501,73645,418,68302,83,5343,0,0,503,73591,0.008753,0,5,1e-06,503,73596,0.008754,8407551
2,2020-12-26,2583,76228,1669,69971,914,6257,0,0,2584,76174,0.00906,1,6,1e-06,2584,76180,0.009061,8407551
2,2020-12-27,2248,78476,1221,71192,1027,7284,0,0,2245,78417,0.009327,2,8,1e-06,2245,78425,0.009328,8407551
2,2020-12-28,11116,89592,7218,78410,3898,11182,0,0,11116,89531,0.010649,2,10,1e-06,11116,89541,0.01065,8407551
2,2020-12-29,12910,102502,7273,85683,5637,16819,0,0,12916,102447,0.012185,0,10,1e-06,12916,102457,0.012186,8407551
2,2020-12-30,15601,118103,8708,94391,6893,23712,0,0,15595,118039,0.01404,5,15,2e-06,15597,118054,0.014041,8407551
2,2020-12-31,7618,125721,2842,97233,4776,28488,0,0,7610,125644,0.014944,5,20,2e-06,7610,125664,0.014947,8407551
2,2021-01-01,1391,127112,675,97908,716,29204,0,0,1387,127027,0.015109,4,24,3e-06,1387,127051,0.015112,8407551
2,2021-01-02,4883,131995,2786,100694,2097,31301,0,0,4880,131905,0.015689,2,26,3e-06,4880,131931,0.015692,8407551
2,2021-01-03,1426,133421,802,101496,624,31925,0,0,1418,133319,0.015857,4,30,4e-06,1418,133349,0.015861,8407551
2,2021-01-04,11752,145173,5587,107083,6165,38090,0,0,11741,145056,0.017253,4,34,4e-06,11741,145090,0.017257,8407551
2,2021-01-05,13967,159140,6981,114064,6986,45076,0,0,12735,156603,0.018626,1224,1258,0.00015,12771,157861,0.018776,8407551
2,2021-01-06,19143,178283,10567,124631,8576,53652,0,0,15265,168065,0.01999,3817,5075,0.000604,15279,173140,0.020593,8407551
2,2021-01-07,23409,201692,13190,137821,10219,63871,0,0,15698,176065,0.020941,7715,12790,0.001521,15715,188855,0.022463,8407551
2,2021-01-08,27041,228733,16288,154109,10753,74624,0,0,16657,182424,0.021698,10327,23117,0.00275,16686,205541,0.024447,8407551
2,2021-01-09,9907,238640,5796,159905,4111,78735,0,0,6312,185158,0.022023,3586,26703,0.003176,6320,211861,0.025199,8407551
2,2021-01-10,5354,243994,2985,162890,2369,81104,0,0,3082,185975,0.02212,2271,28974,0.003446,3088,214949,0.025566,8407551
2,2021-01-11,26116,270110,18045,180935,8071,89175,0,0,14981,189880,0.022584,11130,40104,0.00477,15035,229984,0.027354,8407551
2,2021-01-12,26488,296598,16432,197367,10056,99231,0,0,16844,197171,0.023452,9645,49749,0.005917,16936,246920,0.029369,8407551
2,2021-01-13,28747,325345,15237,212604,13510,112741,0,0,20689,209862,0.024961,8035,57784,0.006873,20726,267646,0.031834,8407551
2,2021-01-14,30710,356055,11718,224322,18992,131733,0,0,26391,232009,0.027595,4324,62108,0.007387,26471,294117,0.034982,8407551
2,2021-01-15,35238,391293,12747,237069,22491,154224,0,0,31908,260691,0.031007,3320,65428,0.007782,32002,326119,0.038789,8407551
2,2021-01-16,18333,409626,6140,243209,12193,166417,0,0,16905,276165,0.032847,1441,66869,0.007953,16915,343034,0.040801,8407551
2,2021-01-17,10601,420227,3578,246787,7023,173440,0,0,9850,285260,0.033929,766,67635,0.008045,9861,352895,0.041974,8407551
2,2021-01-18,19873,440100,11104,257891,8769,182209,0,0,15012,295457,0.035142,4878,72513,0.008625,15075,367970,0.043767,8407551
2,2021-01-19,32811,472911,17074,274965,15737,197946,0,0,24671,312102,0.037122,8139,80652,0.009593,24784,392754,0.046714,8407551
2,2021-01-20,37772,510683,19037,294002,18735,216681,0,0,29116,332687,0.03957,8626,89278,0.010619,29211,421965,0.050189,8407551
2,2021-01-21,41241,551924,17529,311531,23712,240393,0,0,36674,365015,0.043415,4532,93810,0.011158,36860,458825,0.054573,8407551
2,2021-01-22,39768,591692,16624,328155,23144,263537,0,0,36385,398028,0.047342,3400,97210,0.011562,36413,495238,0.058904,8407551
2,2021-01-23,24264,615956,10826,338981,13438,276975,0,0,21269,416355,0.049522,2974,100184,0.011916,21301,516539,0.061438,8407551
2,2021-01-24,12497,628453,6124,345105,6373,283348,0,0,11570,427031,0.050791,911,101095,0.012024,11587,528126,0.062816,8407551
2,2021-01-25,34085,662538,15669,360774,18416,301764,0,0,25197,443540,0.052755,8835,109930,0.013075,25344,553470,0.06583,8407551
2,2021-01-26,40569,703107,19839,380613,20730,322494,0,0,31263,465609,0.05538,9279,119209,0.014179,31348,584818,0.069559,8407551
2,2021-01-27,45860,748967,22740,403353,23120,345614,0,0,35414,490772,0.058373,10317,129526,0.015406,35480,620298,0.073779,8407551
2,2021-01-28,48139,797106,22470,425823,25669,371283,0,0,39337,521456,0.062022,8731,138257,0.016444,39415,659713,0.078467,8407551
2,2021-01-29,45802,842908,22081,447904,23721,395004,0,0,36955,549765,0.065389,8719,146976,0.017481,37028,696741,0.082871,8407551
2,2021-01-30,31410,874318,13351,461255,18059,413063,0,0,27974,574381,0.068317,3396,150372,0.017885,28012,724753,0.086203,8407551
2,2021-01-31,17237,891555,10240,471495,6997,420060,0,0,16015,589219,0.070082,1200,151572,0.018028,16038,740791,0.08811,8407551
2,2021-02-01,41533,933088,19884,491379,21649,441709,0,0,30300,608396,0.072363,11169,162741,0.019357,30346,771137,0.09172,8407551
2,2021-02-02,48167,981255,19585,510964,28582,470291,0,0,36543,633511,0.07535,11528,174269,0.020728,36643,807780,0.096078,8407551
2,2021-02-03,54261,1035516,23884,534848,30377,500668,0,0,39912,659279,0.078415,14243,188512,0.022422,40011,847791,0.100837,8407551
2,2021-02-04,56481,1091997,24249,559097,32232,532900,0,0,41096,685203,0.081499,15274,203786,0.024238,41198,888989,0.105737,8407551
2,2021-02-05,60425,1152422,26310,585407,34115,567015,0,0,40747,706681,0.084053,19461,223247,0.026553,40939,929928,0.110606,8407551
2,2021-02-06,39560,1191982,18473,603880,21087,588102,0,0,31474,730255,0.086857,8008,231255,0.027506,31582,961510,0.114363,8407551
2,2021-02-07,15802,1207784,10479,614359,5323,593425,0,0,11983,738525,0.087841,3785,235040,0.027956,12055,973565,0.115797,8407551
2,2021-02-08,43261,1251045,21941,636300,21320,614745,0,0,29592,754813,0.089778,13521,248561,0.029564,29809,1003374,0.119342,8407551
2,2021-02-09,49805,1300850,23518,659818,26287,641032,0,0,30735,767145,0.091245,18766,267327,0.031796,31098,1034472,0.123041,8407551
2,2021-02-10,59819,1360669,27992,687810,31827,672859,0,0,34492,776975,0.092414,25030,292357,0.034773,34860,1069332,0.127187,8407551
2,2021-02-11,64522,1425191,29638,717448,34884,707743,0,0,35890,785132,0.093384,28254,320611,0.038134,36411,1105743,0.131518,8407551
2,2021-02-12,65817,1491008,28290,745738,37527,745270,0,0,34938,790183,0.093985,30561,351172,0.041769,35612,1141355,0.135754,8407551
2,2021-02-13,38233,1529241,15938,761676,22295,767565,0,0,22056,796550,0.094742,16069,367241,0.04368,22436,1163791,0.138422,8407551
2,2021-02-14,20233,1549474,9410,771086,10823,778388,0,0,11236,799218,0.09506,8942,376183,0.044743,11610,1175401,0.139803,8407551
2,2021-02-15,33437,1582911,15058,786144,18379,796767,0,0,18526,803837,0.095609,14770,390953,0.0465,19389,1194790,0.142109,8407551
2,2021-02-16,56697,1639608,27774,813918,28923,825690,0,0,29842,807639,0.096061,26728,417681,0.049679,30530,1225320,0.14574,8407551
2,2021-02-17,62035,1701643,31917,845835,30118,855808,0,0,30787,808105,0.096117,31145,448826,0.053384,31611,1256931,0.1495,8407551
2,2021-02-18,66698,1768341,33611,879446,33087,888895,0,0,32459,807751,0.096074,33966,482792,0.057424,33612,1290543,0.153498,8407551
2,2021-02-19,60023,1828364,33201,912647,26822,915717,0,0,29782,808087,0.096114,30039,512831,0.060996,30375,1320918,0.157111,8407551
2,2021-02-20,37981,1866345,24619,937266,13362,929079,0,0,20616,812157,0.096599,17253,530084,0.063049,21323,1342241,0.159647,8407551
2,2021-02-21,21912,1888257,17708,954974,4204,933283,0,0,10834,812856,0.096682,10974,541058,0.064354,11673,1353914,0.161035,8407551
2,2021-02-22,39807,1928064,27210,982184,12597,945880,0,0,18869,811661,0.09654,20772,561830,0.066824,19577,1373491,0.163364,8407551
2,2021-02-23,54160,1982224,27649,1009833,26511,972391,0,0,23733,807154,0.096003,30154,591984,0.070411,25647,1399138,0.166414,8407551
2,2021-02-24,71547,2053771,36813,1046646,34734,1007125,0,0,32767,803778,0.095602,38552,630536,0.074996,35176,1434314,0.170598,8407551
2,2021-02-25,77583,2131354,36706,1083352,40877,1048002,0,0,39352,808043,0.096109,37947,668483,0.07951,42212,1476526,0.175619,8407551
2,2021-02-26,86220,2217574,36952,1120304,49268,1097270,0,0,46362,817080,0.097184,39534,708017,0.084212,48571,1525097,0.181396,8407551
2,2021-02-27,63188,2280762,29364,1149668,33816,1131086,8,8,34233,823956,0.098002,28709,736726,0.087627,35585,1560682,0.185629,8407551
2,2021-02-28,31117,2311879,18633,1168301,12483,1143569,1,9,18081,829991,0.09872,12900,749626,0.089161,18935,1579617,0.187881,8407551
2,2021-03-01,59204,2371083,30861,1199162,28271,1171840,72,81,32240,836915,0.099543,26627,776253,0.092328,33551,1613168,0.191871,8407551
2,2021-03-02,70830,2441913,33973,1233135,36842,1208682,15,96,39635,847941,0.100855,30997,807250,0.096015,42023,1655191,0.19687,8407551
2,2021-03-03,81880,2523793,39470,1272605,42390,1251072,20,116,46214,861390,0.102454,35434,842684,0.100229,48883,1704074,0.202684,8407551
2,2021-03-04,89700,2613493,43909,1316514,45758,1296830,33,149,51640,877674,0.104391,37801,880485,0.104726,54085,1758159,0.209117,8407551
2,2021-03-05,83307,2696800,39070,1355584,43920,1340750,317,466,50679,898687,0.10689,32387,912872,0.108578,53400,1811559,0.215468,8407551
2,2021-03-06,63542,2760342,31012,1386596,30819,1371569,1711,2177,38943,916318,0.108988,24456,937328,0.111486,42087,1853646,0.220474,8407551
2,2021-03-07,28776,2789118,16349,1402945,10883,1382452,1544,3721,18233,926749,0.110228,10468,947796,0.112732,20899,1874545,0.22296,8407551
2,2021-03-08,51116,2840234,23430,1426375,25111,1407563,2575,6296,32079,944122,0.112295,18917,966713,0.114982,36290,1910835,0.227276,8407551
2,2021-03-09,71011,2911245,32336,1458711,34805,1442368,3870,10166,39276,957025,0.113829,31584,998297,0.118738,44487,1955322,0.232567,8407551
2,2021-03-10,78975,2990220,37366,1496077,35032,1477400,6577,16743,41859,969902,0.115361,36883,1035180,0.123125,49760,2005082,0.238486,8407551
2,2021-03-11,93672,3083892,43233,1539310,42038,1519438,8401,25144,48814,983975,0.117035,44527,1079707,0.128421,58600,2063682,0.245456,8407551
2,2021-03-12,94595,3178487,38930,1578240,43675,1563113,11990,37134,47062,997154,0.118602,47262,1126969,0.134042,60441,2124123,0.252645,8407551
2,2021-03-13,69484,3247971,29060,1607300,32405,1595518,8019,45153,38152,1013417,0.120537,31185,1158154,0.137752,47448,2171571,0.258288,8407551
2,2021-03-14,37129,3285100,18348,1625648,14256,1609774,4525,49678,18639,1018934,0.121193,18378,1176532,0.139938,23895,2195466,0.26113,8407551
2,2021-03-15,67720,3352820,30563,1656211,32138,1641912,5019,54697,37275,1032114,0.12276,30208,1206740,0.143531,43388,2238854,0.266291,8407551
2,2021-03-16,86703,3439523,38393,1694604,44275,1686187,4035,58732,52264,1055316,0.12552,34219,1240959,0.147601,57421,2296275,0.273121,8407551
2,2021-03-17,93261,3532784,44674,1739278,44379,1730566,4208,62940,59015,1085390,0.129097,33956,1274915,0.151639,64030,2360305,0.280736,8407551
2,2021-03-18,98613,3631397,47059,1786337,46946,1777512,4608,67548,59801,1111881,0.132248,38468,1313383,0.156215,64959,2425264,0.288463,8407551
2,2021-03-19,97877,3729274,46339,1832676,45383,1822895,6155,73703,57755,1136498,0.135176,39795,1353178,0.160948,64412,2489676,0.296124,8407551
2,2021-03-20,70325,3799599,34052,1866728,32282,1855177,3991,77694,45820,1162401,0.138257,24258,1377436,0.163833,50161,2539837,0.30209,8407551
2,2021-03-21,33681,3833280,21727,1888455,9948,1865125,2006,79700,20105,1171532,0.139343,13414,1390850,0.165429,22545,2562382,0.304772,8407551
2,2021-03-22,63167,3896447,34777,1923232,25750,1890875,2640,82340,41762,1195685,0.142216,21149,1411999,0.167944,45302,2607684,0.31016,8407551
2,2021-03-23,84268,3980715,44778,1968010,36563,1927438,2927,85267,52279,1220046,0.145113,31685,1443684,0.171713,56046,2663730,0.316826,8407551
2,2021-03-24,92260,4072975,49560,2017570,39519,1966957,3181,88448,53767,1239674,0.147448,38137,1481821,0.176249,57765,2721495,0.323697,8407551
2,2021-03-25,101872,4174847,51372,2068942,46599,2013556,3901,92349,57243,1257346,0.14955,44242,1526063,0.181511,61914,2783409,0.331061,8407551
2,2021-03-26,104016,4278863,51544,2120486,48970,2062526,3502,95851,56493,1271275,0.151206,47112,1573175,0.187115,61041,2844450,0.338321,8407551
2,2021-03-27,76077,4354940,37946,2158432,34818,2097344,3313,99164,37887,1275432,0.151701,37911,1611086,0.191624,42068,2886518,0.343324,8407551
2,2021-03-28,37977,4392917,23463,2181895,13703,2111047,811,99975,20219,1279693,0.152208,17620,1628706,0.193719,21881,2908399,0.345927,8407551
2,2021-03-29,72086,4465003,36623,2218518,33181,2144228,2282,102257,40716,1292540,0.153736,31133,1659839,0.197422,43980,2952379,0.351158,8407551
2,2021-03-30,92590,4557593,45361,2263879,42849,2187077,4380,106637,51736,1308664,0.155653,40625,1700464,0.202254,56749,3009128,0.357908,8407551
2,2021-03-31,101770,4659363,52459,2316338,44182,2231259,5129,111766,57510,1327752,0.157924,43927,1744391,0.207479,63015,3072143,0.365403,8407551
2,2021-04-01,118421,4777784,57186,2373524,51940,2283199,9295,121061,64234,1347955,0.160327,53734,1798125,0.21387,73937,3146080,0.374197,8407551
2,2021-04-02,112245,4890029,51703,2425227,50291,2333490,10251,131312,59961,1366759,0.162563,51865,1849990,0.220039,70669,3216749,0.382602,8407551
2,2021-04-03,77138,4967167,37909,2463136,29367,2362857,9862,141174,38172,1376417,0.163712,38747,1888737,0.224648,48405,3265154,0.38836,8407551
2,2021-04-04,29113,4996280,14985,2478121,10253,2373110,3875,145049,13053,1377429,0.163832,15945,1904682,0.226544,16957,3282111,0.390377,8407551
2,2021-04-05,79597,5075877,38994,2517115,31707,2404817,8896,153945,38331,1384323,0.164652,41075,1945757,0.23143,47969,3330080,0.396082,8407551
2,2021-04-06,104401,5180278,50861,2567976,38780,2443597,14760,168705,49387,1394159,0.165822,54718,2000475,0.237938,64554,3394634,0.40376,8407551
2,2021-04-07,111043,5291321,55398,2623374,39315,2482912,16330,185035,52139,1404272,0.167025,58588,2059063,0.244906,68701,3463335,0.411931,8407551
2,2021-04-08,119830,5411151,57680,2681054,43333,2526245,18817,203852,55574,1415321,0.168339,63870,2122933,0.252503,74919,3538254,0.420842,8407551
2,2021-04-09,119360,5530511,57406,2738460,43735,2569980,18219,222071,56392,1428177,0.169868,62574,2185507,0.259946,75430,3613684,0.429814,8407551
2,2021-04-10,87879,5618390,37909,2776369,31493,2601473,18477,240548,36186,1432074,0.170332,51422,2236929,0.266062,55319,3669003,0.436394,8407551
2,2021-04-11,44616,5663006,23142,2799511,12976,2614449,8498,249046,18247,1433317,0.17048,26215,2263144,0.26918,27458,3696461,0.43966,8407551
2,2021-04-12,80422,5743428,37446,2836957,33512,2647961,9464,258510,35782,1435189,0.170702,44355,2307499,0.274456,46227,3742688,0.445158,8407551
2,2021-04-13,102251,5845679,53080,2890037,48902,2696863,269,258779,55891,1446176,0.172009,46068,2353567,0.279935,57055,3799743,0.451944,8407551
2,2021-04-14,107146,5952825,56133,2946170,50953,2747816,60,258839,54645,1450143,0.172481,52176,2405743,0.286141,56143,3855886,0.458622,8407551
2,2021-04-15,113489,6066314,60239,3006409,53155,2800971,95,258934,59092,1456423,0.173228,53982,2459725,0.292561,60262,3916148,0.465789,8407551
2,2021-04-16,111128,6177442,57611,3064020,53458,2854429,59,258993,56337,1459260,0.173565,54413,2514138,0.299033,57250,3973398,0.472599,8407551
2,2021-04-17,83729,6261171,42575,3106595,41139,2895568,15,259008,46695,1470070,0.174851,36772,2550910,0.303407,47582,4020980,0.478258,8407551
2,2021-04-18,36012,6297183,21877,3128472,14125,2909693,10,259018,17088,1469385,0.17477,18777,2569687,0.30564,18092,4039072,0.48041,8407551
2,2021-04-19,75090,6372273,40436,3168908,34635,2944328,19,259037,34094,1463401,0.174058,40711,2610398,0.310483,34727,4073799,0.484541,8407551
2,2021-04-20,97802,6470075,49471,3218379,48303,2992631,28,259065,47180,1461104,0.173785,50255,2660653,0.31646,47958,4121757,0.490245,8407551
2,2021-04-21,104224,6574299,56459,3274838,47696,3040327,69,259134,49158,1456745,0.173266,54566,2715219,0.32295,50207,4171964,0.496216,8407551
2,2021-04-22,108715,6683014,56253,3331091,52435,3092762,27,259161,47517,1444428,0.171801,60744,2775963,0.330175,48427,4220391,0.501976,8407551
2,2021-04-23,108300,6791314,57673,3388764,50608,3143370,19,259180,49978,1437465,0.170973,57886,2833849,0.33706,50923,4271314,0.508033,8407551
2,2021-04-24,81223,6872537,47812,3436576,33368,3176738,43,259223,42234,1442066,0.17152,38621,2872470,0.341654,43222,4314536,0.513174,8407551
2,2021-04-25,36701,6909238,22593,3459169,14092,3190830,16,259239,19937,1445886,0.171975,16607,2889077,0.343629,20427,4334963,0.515604,8407551
2,2021-04-26,74560,6983798,41327,3500496,32918,3223748,315,259554,34196,1441776,0.171486,40073,2929150,0.348395,35963,4370926,0.519881,8407551
2,2021-04-27,88600,7072398,46775,3547271,40455,3264203,1370,260924,37929,1432048,0.170329,50272,2979422,0.354375,40544,4411470,0.524703,8407551
2,2021-04-28,88571,7160969,47360,3594631,39332,3303535,1879,262803,39007,1424652,0.169449,49205,3028627,0.360227,41809,4453279,0.529676,8407551
2,2021-04-29,91528,7252497,49877,3644508,39929,3343464,1722,264525,35497,1406851,0.167332,55620,3084247,0.366842,37819,4491098,0.534174,8407551
2,2021-04-30,95201,7347698,52636,3697144,40554,3384018,2011,266536,36931,1388664,0.165169,57782,3142029,0.373715,39595,4530693,0.538884,8407551
2,2021-05-01,62900,7410598,38378,3735522,22922,3406940,1600,268136,24514,1377581,0.16385,38047,3180076,0.37824,26964,4557657,0.542091,8407551
2,2021-05-02,29385,7439983,20460,3755982,7948,3414888,977,269113,11154,1371713,0.163153,18089,3198165,0.380392,12221,4569878,0.543544,8407551
2,2021-05-03,60860,7500843,36156,3792138,22637,3437525,2067,271180,20431,1354328,0.161085,40143,3238308,0.385167,22758,4592636,0.546251,8407551
2,2021-05-04,80283,7581126,47946,3840084,29930,3467455,2407,273587,26047,1329304,0.158108,53867,3292175,0.391574,28843,4621479,0.549682,8407551
2,2021-05-05,80915,7662041,48207,3888291,30349,3497804,2359,275946,25296,1302119,0.154875,55209,3347384,0.39814,28024,4649503,0.553015,8407551
2,2021-05-06,83329,7745370,50606,3938897,29787,3527591,2936,278882,25372,1273602,0.151483,57456,3404840,0.404974,28939,4678442,0.556457,8407551
2,2021-05-07,84070,7829440,48540,3987437,33098,3560689,2432,281314,25850,1244526,0.148025,57810,3462650,0.41185,28734,4707176,0.559875,8407551
2,2021-05-08,55914,7885354,33917,4021354,20269,3580958,1728,283042,17522,1226358,0.145864,38146,3500796,0.416387,19978,4727154,0.562251,8407551
2,2021-05-09,21936,7907290,15797,4037151,5389,3586347,750,283792,6351,1218198,0.144893,15490,3516286,0.41823,7330,4734484,0.563123,8407551
2,2021-05-10,50462,7957752,27508,4064659,21067,3607414,1887,285679,14219,1198935,0.142602,35972,3552258,0.422508,16709,4751193,0.56511,8407551
2,2021-05-11,66601,8024353,36112,4100771,28353,3635767,2136,287815,20049,1175579,0.139824,46234,3598492,0.428007,22878,4774071,0.567831,8407551
2,2021-05-12,65506,8089859,34920,4135691,28349,3664116,2237,290052,19266,1151572,0.136969,45922,3644414,0.433469,21915,4795986,0.570438,8407551
2,2021-05-13,71326,8161185,41460,4177151,27909,3692025,1957,292009,26104,1135457,0.135052,44912,3689326,0.438811,28797,4824783,0.573863,8407551
2,2021-05-14,80264,8241449,48129,4225280,29865,3721890,2270,294279,30815,1120118,0.133228,49070,3738396,0.444647,33731,4858514,0.577875,8407551
2,2021-05-15,66771,8308220,43882,4269162,21166,3743056,1723,296002,25896,1107528,0.13173,40612,3779008,0.449478,28022,4886536,0.581208,8407551
2,2021-05-16,31778,8339998,23772,4292934,7080,3750136,926,296928,12912,1102775,0.131165,18723,3797731,0.451705,13970,4900506,0.58287,8407551
2,2021-05-17,58270,8398268,36929,4329863,19383,3769519,1958,298886,22964,1093015,0.130004,35047,3832778,0.455873,25287,4925793,0.585877,8407551
2,2021-05-18,70432,8468700,41215,4371078,27247,3796766,1970,300856,27948,1081276,0.128608,42198,3874976,0.460892,30459,4956252,0.5895,8407551
2,2021-05-19,69187,8537887,40955,4412033,26215,3822981,2017,302873,27379,1069657,0.127226,41487,3916463,0.465827,29868,4986120,0.593053,8407551
2,2021-05-20,69874,8607761,40548,4452581,27134,3850115,2192,305065,26579,1056082,0.125611,42946,3959409,0.470935,29371,5015491,0.596546,8407551
2,2021-05-21,73446,8681207,43381,4495962,27893,3878008,2172,307237,27907,1041555,0.123883,45167,4004576,0.476307,30640,5046131,0.60019,8407551
2,2021-05-22,53748,8734955,34089,4530051,17885,3895893,1774,309011,22413,1035188,0.123126,31094,4035670,0.480005,24727,5070858,0.603131,8407551
2,2021-05-23,24454,8759409,16684,4546735,7044,3902937,726,309737,10255,1032239,0.122775,14070,4049740,0.481679,11121,5081979,0.604454,8407551
2,2021-05-24,45078,8804487,25629,4572364,17669,3920606,1780,311517,17320,1024155,0.121814,27525,4077265,0.484953,19441,5101420,0.606766,8407551
2,2021-05-25,50820,8855307,29744,4602108,19207,3939813,1869,313386,19296,1014647,0.120683,31212,4108477,0.488665,21704,5123124,0.609348,8407551
2,2021-05-26,48759,8904066,27319,4629427,19754,3959567,1686,315072,19017,1006284,0.119688,29408,4137885,0.492163,21045,5144169,0.611851,8407551
2,2021-05-27,46626,8950692,26437,4655864,18453,3978020,1736,316808,18591,999329,0.118861,27785,4165670,0.495468,20830,5164999,0.614329,8407551
2,2021-05-28,50096,9000788,27681,4683545,20439,3998459,1976,318784,21000,993903,0.118216,28834,4194504,0.498897,23408,5188407,0.617113,8407551
2,2021-05-29,29030,9029818,17396,4700941,10573,4009032,1061,319845,13237,992744,0.118078,15632,4210136,0.500757,14473,5202880,0.618834,8407551
2,2021-05-30,12695,9042513,8183,4709124,3745,4012777,767,320612,5532,992008,0.11799,7102,4217238,0.501601,6366,5209246,0.619591,8407551
2,2021-05-31,5907,9048420,3453,4712577,2150,4014927,304,320916,1836,990187,0.117774,4010,4221248,0.502078,2189,5211435,0.619852,8407551
2,2021-06-01,44854,9093274,25762,4738339,17428,4032355,1664,322580,15591,978867,0.116427,28944,4250192,0.505521,17624,5229059,0.621948,8407551
2,2021-06-02,38264,9131538,22503,4760842,14344,4046699,1417,323997,14951,972491,0.115669,23046,4273238,0.508262,16670,5245729,0.623931,8407551
2,2021-06-03,41424,9172962,26664,4787506,13286,4059985,1474,325471,13902,960978,0.114299,27275,4300513,0.511506,15762,5261491,0.625805,8407551
2,2021-06-04,48080,9221042,31421,4818927,15113,4075098,1546,327017,15484,946243,0.112547,32288,4332801,0.515346,17553,5279044,0.627893,8407551
2,2021-06-05,37930,9258972,27060,4845987,9405,4084503,1465,328482,11782,934004,0.111091,25911,4358712,0.518428,13672,5292716,0.629519,8407551
2,2021-06-06,14933,9273905,12250,4858237,2104,4086607,579,329061,4655,929219,0.110522,10212,4368924,0.519643,5427,5298143,0.630165,8407551
2,2021-06-07,33324,9307229,23312,4881549,8734,4095341,1278,330339,10800,919168,0.109326,22368,4391292,0.522303,12317,5310460,0.63163,8407551
2,2021-06-08,40661,9347890,28780,4910329,10513,4105854,1368,331707,12453,905409,0.10769,27962,4419254,0.525629,14203,5324663,0.633319,8407551
2,2021-06-09,38182,9386072,26662,4936991,10021,4115875,1499,333206,11520,892289,0.106129,26466,4445720,0.528777,13346,5338009,0.634907,8407551
2,2021-06-10,37797,9423869,26286,4963277,9981,4125856,1530,334736,11577,879848,0.10465,26023,4471743,0.531872,13582,5351591,0.636522,8407551
2,2021-06-11,41294,9465163,27414,4990691,12210,4138066,1670,336406,13175,867141,0.103138,27855,4499598,0.535185,15148,5366739,0.638324,8407551
2,2021-06-12,29463,9494626,21685,5012376,6865,4144931,913,337319,8654,856273,0.101846,20666,4520264,0.537643,9798,5376537,0.639489,8407551
2,2021-06-13,12220,9506846,8922,5021298,2680,4147611,618,337937,3096,851093,0.10123,9062,4529326,0.538721,3882,5380419,0.639951,8407551
2,2021-06-14,29931,9536777,21239,5042537,7492,4155103,1200,339137,10323,843383,0.100313,19437,4548763,0.541033,11727,5392146,0.641346,8407551
2,2021-06-15,35596,9572373,23682,5066219,9866,4164969,2048,341185,11958,834378,0.099242,23391,4572154,0.543815,14386,5406532,0.643057,8407551
2,2021-06-16,33037,9605410,22798,5089017,8446,4173415,1793,342978,11399,826416,0.098294,21469,4593623,0.546369,13507,5420039,0.644663,8407551
2,2021-06-17,30841,9636251,20600,5109617,8441,4181856,1800,344778,10888,819534,0.097476,19779,4613402,0.548721,12897,5432936,0.646197,8407551
2,2021-06-18,34755,9671006,22907,5132524,9972,4191828,1876,346654,12653,812434,0.096631,21884,4635286,0.551324,14784,5447720,0.647956,8407551
2,2021-06-19,20943,9691949,14582,5147106,5103,4196931,1258,347912,7908,808927,0.096214,12871,4648157,0.552855,9364,5457084,0.649069,8407551
2,2021-06-20,8297,9700246,5931,5153037,1901,4198832,465,348377,3070,807347,0.096026,5184,4653341,0.553472,3604,5460688,0.649498,8407551
2,2021-06-21,19353,9719599,11838,5164875,6192,4205024,1323,349700,9889,809395,0.09627,9342,4662683,0.554583,11390,5472078,0.650853,8407551
2,2021-06-22,26907,9746506,18424,5183299,7104,4212128,1379,351079,10547,805404,0.095795,16191,4678874,0.556509,12200,5484278,0.652304,8407551
2,2021-06-23,25917,9772423,17890,5201189,6400,4218528,1627,352706,10552,802654,0.095468,15224,4694098,0.558319,12474,5496752,0.653788,8407551
2,2021-06-24,25350,9797773,17254,5218443,6576,4225104,1520,354226,10447,800101,0.095165,14754,4708852,0.560074,12201,5508953,0.655239,8407551
2,2021-06-25,28756,9826529,19489,5237932,7773,4232877,1494,355720,12001,797239,0.094824,16594,4725446,0.562048,13732,5522685,0.656872,8407551
2,2021-06-26,18523,9845052,13648,5251580,3946,4236823,929,356649,7529,795049,0.094564,10904,4736350,0.563345,8714,5531399,0.657908,8407551
2,2021-06-27,8792,9853844,6712,5258292,1632,4238455,448,357097,3523,793929,0.09443,5216,4741566,0.563965,4096,5535495,0.658396,8407551
2,2021-06-28,19765,9873609,15018,5273310,3505,4241960,1242,358339,8704,793135,0.094336,10931,4752497,0.565265,10137,5545632,0.659601,8407551
2,2021-06-29,22643,9896252,15779,5289089,5791,4247751,1073,359412,9652,791238,0.09411,12856,4765353,0.566794,10959,5556591,0.660905,8407551
2,2021-06-30,21871,9918123,15500,5304589,5346,4253097,1025,360437,9717,790196,0.093986,12013,4777366,0.568223,10971,5567562,0.66221,8407551
2,2021-07-01,19760,9937883,13950,5318539,4926,4258023,884,361321,8771,789189,0.093867,10865,4788231,0.569516,9858,5577420,0.663382,8407551
2,2021-07-02,22684,9960567,15645,5334184,6014,4264037,1025,362346,10016,787920,0.093716,12511,4800742,0.571004,11242,5588662,0.664719,8407551
2,2021-07-03,12452,9973019,8979,5343163,3003,4267040,470,362816,5690,787534,0.09367,6667,4807409,0.571797,6281,5594943,0.665466,8407551
2,2021-07-04,998,9974017,587,5343750,344,4267384,67,362883,431,787499,0.093666,556,4807965,0.571863,521,5595464,0.665528,8407551
2,2021-07-05,11011,9985028,8055,5351805,2548,4269932,408,363291,5046,787179,0.093628,5901,4813866,0.572565,5581,5601045,0.666192,8407551
2,2021-07-06,23557,10008585,17130,5368935,5451,4275383,976,364267,9094,783198,0.093154,14321,4828187,0.574268,10340,5611385,0.667422,8407551
2,2021-07-07,20453,10029038,14591,5383526,4764,4280147,1098,365365,8677,781599,0.092964,11637,4839824,0.575652,10038,5621423,0.668616,8407551
2,2021-07-08,19041,10048079,13261,5396787,4746,4284893,1034,366399,8028,779954,0.092768,10911,4850735,0.57695,9266,5630689,0.669718,8407551
2,2021-07-09,22345,10070424,15465,5412252,5632,4290525,1248,367647,9425,778040,0.092541,12787,4863522,0.578471,10873,5641562,0.671011,8407551
2,2021-07-10,14106,10084530,10400,5422652,3022,4293547,684,368331,6178,777225,0.092444,7836,4871358,0.579403,7021,5648583,0.671846,8407551
2,2021-07-11,6545,10091075,4805,5427457,1391,4294938,349,368680,3083,777309,0.092454,3418,4874776,0.579809,3502,5652085,0.672263,8407551
2,2021-07-12,18107,10109182,13322,5440779,3920,4298858,865,369545,7784,775945,0.092291,10213,4884989,0.581024,8849,5660934,0.673315,8407551
2,2021-07-13,19357,10128539,13657,5454436,4817,4303675,883,370428,8654,775115,0.092193,10562,4895551,0.58228,9732,5670666,0.674473,8407551
2,2021-07-14,18509,10147048,13225,5467661,4505,4308180,779,371207,8256,774230,0.092087,10128,4905679,0.583485,9243,5679909,0.675572,8407551
2,2021-07-15,18647,10165695,13541,5481202,4413,4312593,693,371900,8471,773546,0.092006,10063,4915742,0.584682,9379,5689288,0.676688,8407551
2,2021-07-16,22584,10188279,16255,5497457,5502,4318095,827,372727,10791,773704,0.092025,11663,4927405,0.586069,11821,5701109,0.678094,8407551
2,2021-07-17,14201,10202480,10344,5507801,3326,4321421,531,373258,6857,773974,0.092057,7253,4934658,0.586932,7523,5708632,0.678989,8407551
2,2021-07-18,6962,10209442,5201,5513002,1435,4322856,326,373584,3524,774497,0.092119,3395,4938053,0.587335,3918,5712550,0.679455,8407551
2,2021-07-19,18257,10227699,13613,5526615,3914,4326770,730,374314,9061,775389,0.092225,9082,4947135,0.588416,9974,5722524,0.680641,8407551
2,2021-07-20,20618,10248317,14698,5541313,5087,4331857,833,375147,10427,776809,0.092394,10059,4957194,0.589612,11479,5734003,0.682006,8407551
2,2021-07-21,20138,10268455,14649,5555962,4730,4336587,759,375906,10418,778588,0.092606,9593,4966787,0.590753,11372,5745375,0.683359,8407551
2,2021-07-22,20071,10288526,14325,5570287,4898,4341485,848,376754,10713,781109,0.092906,9214,4976001,0.591849,11735,5757110,0.684755,8407551
2,2021-07-23,24090,10312616,16861,5587148,6195,4347680,1034,377788,13119,784635,0.093325,10823,4986824,0.593136,14349,5771459,0.686461,8407551
2,2021-07-24,14603,10327219,10531,5597679,3581,4351261,491,378279,8150,787042,0.093611,6348,4993172,0.593891,8755,5780214,0.687503,8407551
2,2021-07-25,6593,10333812,4840,5602519,1617,4352878,136,378415,4871,790409,0.094012,1679,4994851,0.594091,5046,5785260,0.688103,8407551
2,2021-07-26,18720,10352532,13223,5615742,4742,4357620,755,379170,11846,796378,0.094722,6758,5001609,0.594895,12727,5797987,0.689617,8407551
2,2021-07-27,22490,10375022,16291,5632033,5360,4362980,839,380009,13196,801420,0.095321,9144,5010753,0.595982,14186,5812173,0.691304,8407551
2,2021-07-28,22346,10397368,15998,5648031,5458,4368438,890,380899,13209,806727,0.095953,8975,5019728,0.59705,14282,5826455,0.693003,8407551
2,2021-07-29,21186,10418554,15197,5663228,5083,4373521,906,381805,12786,812305,0.096616,8262,5027990,0.598033,13840,5840295,0.694649,8407551
2,2021-07-30,25776,10444330,18392,5681620,6458,4379979,926,382731,15466,818778,0.097386,10122,5038112,0.599237,16595,5856890,0.696623,8407551
2,2021-07-31,15512,10459842,11452,5693072,3569,4383548,491,383222,9386,822784,0.097863,6004,5044116,0.599951,10010,5866900,0.697813,8407551
2,2021-08-01,7908,10467750,6096,5699168,1644,4385192,168,383390,5164,825491,0.098184,2687,5046803,0.60027,5394,5872294,0.698455,8407551
2,2021-08-02,21010,10488760,15826,5714994,4440,4389632,744,384134,13307,832095,0.09897,7561,5054364,0.60117,14165,5886459,0.70014,8407551
2,2021-08-03,23694,10512454,17286,5732280,5417,4395049,991,385125,14739,839143,0.099808,8809,5063173,0.602217,15857,5902316,0.702026,8407551
2,2021-08-04,22364,10534818,16589,5748869,4945,4399994,830,385955,13925,845695,0.100588,8301,5071474,0.603205,14853,5917169,0.703792,8407551
2,2021-08-05,22629,10557447,16641,5765510,5109,4405103,879,386834,14004,852230,0.101365,8461,5079935,0.604211,14996,5932165,0.705576,8407551
2,2021-08-06,26934,10584381,19710,5785220,6271,4411374,953,387787,16416,859383,0.102216,10338,5090273,0.605441,17491,5949656,0.707656,8407551
2,2021-08-07,16537,10600918,12298,5797518,3659,4415033,580,388367,10118,863848,0.102747,6313,5096586,0.606192,10778,5960434,0.708938,8407551
2,2021-08-08,9225,10610143,6988,5804506,2012,4417045,225,388592,5748,866466,0.103058,3396,5099982,0.606595,6014,5966448,0.709654,8407551
2,2021-08-09,22451,10632594,17219,5821725,4508,4421553,724,389316,13541,872090,0.103727,8761,5108743,0.607637,14385,5980833,0.711364,8407551
2,2021-08-10,22905,10655499,16798,5838523,5312,4426865,795,390111,13328,876934,0.104303,9412,5118155,0.608757,14256,5995089,0.71306,8407551
2,2021-08-11,11118,10666617,8406,5846929,1971,4428836,741,390852,6277,879304,0.104585,4764,5122919,0.609324,7134,6002223,0.713909,8407551
3,2020-12-15,335,335,335,335,0,0,0,0,335,335,4.1e-05,0,0,0.0,335,335,4.1e-05,8129050
3,2020-12-16,2491,2826,2491,2826,0,0,0,0,2492,2827,0.000348,0,0,0.0,2492,2827,0.000348,8129050
3,2020-12-17,7891,10717,7891,10717,0,0,0,0,7891,10718,0.001318,0,0,0.0,7891,10718,0.001318,8129050
3,2020-12-18,13509,24226,13488,24205,21,21,0,0,13508,24226,0.00298,0,0,0.0,13508,24226,0.00298,8129050
3,2020-12-19,7277,31503,7263,31468,14,35,0,0,7340,31566,0.003883,0,0,0.0,7340,31566,0.003883,8129050
3,2020-12-20,5679,37182,5667,37135,12,47,0,0,5726,37291,0.004587,1,1,0.0,5726,37292,0.004587,8129050
3,2020-12-21,14402,51584,14374,51509,28,75,0,0,14466,51756,0.006367,1,2,0.0,14466,51758,0.006367,8129050
3,2020-12-22,14871,66455,14275,65784,596,671,0,0,14908,66661,0.0082,3,5,1e-06,14908,66666,0.008201,8129050
3,2020-12-23,14912,81367,12281,78065,2631,3302,0,0,14928,81588,0.010037,2,7,1e-06,14929,81595,0.010037,8129050
3,2020-12-24,6828,88195,4891,82956,1937,5239,0,0,6825,88411,0.010876,2,9,1e-06,6825,88420,0.010877,8129050
3,2020-12-25,734,88929,673,83629,61,5300,0,0,732,89143,0.010966,0,9,1e-06,732,89152,0.010967,8129050
3,2020-12-26,4647,93576,3015,86644,1632,6932,0,0,4645,93788,0.011537,0,9,1e-06,4645,93797,0.011538,8129050
3,2020-12-27,3012,96588,1862,88506,1150,8082,0,0,3012,96800,0.011908,0,9,1e-06,3012,96809,0.011909,8129050
3,2020-12-28,13729,110317,8773,97279,4956,13038,0,0,13753,110552,0.0136,1,10,1e-06,13753,110562,0.013601,8129050
3,2020-12-29,15333,125650,8689,105968,6644,19682,0,0,15358,125908,0.015489,2,12,1e-06,15358,125920,0.01549,8129050
3,2020-12-30,18216,143866,10147,116115,8069,27751,0,0,18222,144129,0.01773,2,14,2e-06,18223,144143,0.017732,8129050
3,2020-12-31,8503,152369,3258,119373,5245,32996,0,0,8503,152630,0.018776,2,16,2e-06,8503,152646,0.018778,8129050
3,2021-01-01,1772,154141,846,120219,926,33922,0,0,1767,154396,0.018993,1,17,2e-06,1767,154413,0.018995,8129050
3,2021-01-02,4977,159118,2441,122660,2536,36458,0,0,4976,159372,0.019605,0,17,2e-06,4976,159389,0.019607,8129050
3,2021-01-03,1630,160748,857,123517,773,37231,0,0,1621,160991,0.019804,2,19,2e-06,1621,161010,0.019807,8129050
3,2021-01-04,12122,172870,6009,129526,6113,43344,0,0,12092,173075,0.021291,8,27,3e-06,12092,173102,0.021294,8129050
3,2021-01-05,15833,188703,8200,137726,7633,50977,0,0,14148,185586,0.02283,1669,1696,0.000209,14180,187282,0.023039,8129050
3,2021-01-06,20711,209414,10964,148690,9747,60724,0,0,16119,197173,0.024255,4544,6240,0.000768,16131,203413,0.025023,8129050
3,2021-01-07,26758,236172,15302,163992,11456,72180,0,0,17242,204955,0.025213,9478,15718,0.001934,17260,220673,0.027146,8129050
3,2021-01-08,30821,266993,18845,182837,11976,84156,0,0,18255,210694,0.025919,12541,28259,0.003476,18280,238953,0.029395,8129050
3,2021-01-09,12512,279505,7068,189905,5444,89600,0,0,7977,214151,0.026344,4529,32788,0.004033,7986,246939,0.030377,8129050
3,2021-01-10,7272,286777,4507,194412,2765,92365,0,0,4104,215096,0.02646,3166,35954,0.004423,4111,251050,0.030883,8129050
3,2021-01-11,29280,316057,19155,213567,10125,102490,0,0,16595,219066,0.026949,12676,48630,0.005982,16646,267696,0.032931,8129050
3,2021-01-12,32773,348830,19553,233120,13220,115710,0,0,20101,226669,0.027884,12648,61278,0.007538,20251,287947,0.035422,8129050
3,2021-01-13,34729,383559,18123,251243,16606,132316,0,0,24468,240923,0.029637,10244,71522,0.008798,24498,312445,0.038436,8129050
3,2021-01-14,34926,418485,14268,265511,20658,152974,0,0,28972,264023,0.032479,5912,77434,0.009526,29012,341457,0.042005,8129050
3,2021-01-15,39205,457690,14544,280055,24661,177635,0,0,34464,293847,0.036148,4717,82151,0.010106,34541,375998,0.046254,8129050
3,2021-01-16,21933,479623,7506,287561,14427,192062,0,0,19546,311041,0.038263,2375,84526,0.010398,19569,395567,0.048661,8129050
3,2021-01-17,13209,492832,4494,292055,8715,200777,0,0,12117,322085,0.039621,1091,85617,0.010532,12135,407702,0.050154,8129050
3,2021-01-18,24928,517760,13028,305083,11900,212677,0,0,19274,335765,0.041304,5642,91259,0.011226,19322,427024,0.052531,8129050
3,2021-01-19,41413,559173,21065,326148,20348,233025,0,0,32087,358656,0.04412,9287,100546,0.012369,32178,459202,0.056489,8129050
3,2021-01-20,46424,605597,23097,349245,23327,256352,0,0,36790,385948,0.047478,9585,110131,0.013548,36877,496079,0.061025,8129050
3,2021-01-21,48350,653947,20953,370198,27397,283749,0,0,42777,423305,0.052073,5502,115633,0.014225,42859,538938,0.066298,8129050
3,2021-01-22,50008,703955,19930,390128,30078,313827,0,0,45746,464894,0.057189,4232,119865,0.014745,45821,584759,0.071934,8129050
3,2021-01-23,30516,734471,12850,402978,17666,331493,0,0,27192,488831,0.060134,3315,123180,0.015153,27252,612011,0.075287,8129050
3,2021-01-24,17974,752445,8518,411496,9456,340949,0,0,16778,504448,0.062055,1192,124372,0.0153,16809,628820,0.077355,8129050
3,2021-01-25,41107,793552,18318,429814,22789,363738,0,0,31035,525536,0.064649,10042,134414,0.016535,31130,659950,0.081184,8129050
3,2021-01-26,47606,841158,22711,452525,24895,388633,0,0,37310,552693,0.06799,10263,144677,0.017798,37420,697370,0.085787,8129050
3,2021-01-27,51771,892929,24654,477179,27117,415750,0,0,40993,583063,0.071726,10706,155383,0.019115,41076,738446,0.09084,8129050
3,2021-01-28,52255,945184,24231,501410,28024,443774,0,0,43233,617423,0.075953,8934,164317,0.020214,43294,781740,0.096166,8129050
3,2021-01-29,51361,996545,24644,526054,26717,470491,0,0,41506,649306,0.079875,9674,173991,0.021404,41557,823297,0.101278,8129050
3,2021-01-30,37547,1034092,17817,543871,19730,490221,0,0,32798,677501,0.083343,4693,178684,0.021981,32888,856185,0.105324,8129050
3,2021-01-31,22594,1056686,12833,556704,9761,499982,0,0,21161,697269,0.085775,1417,180101,0.022155,21185,877370,0.10793,8129050
3,2021-02-01,46426,1103112,21208,577912,25218,525200,0,0,35381,721707,0.088781,10983,191084,0.023506,35421,912791,0.112288,8129050
3,2021-02-02,54859,1157971,22878,600790,31981,557181,0,0,42283,751571,0.092455,12472,203556,0.025041,42336,955127,0.117496,8129050
3,2021-02-03,60399,1218370,26814,627604,33585,590766,0,0,44891,781165,0.096095,15372,218928,0.026932,44966,1000093,0.123027,8129050
3,2021-02-04,64783,1283153,28058,655662,36725,627491,0,0,47430,811568,0.099836,17153,236081,0.029042,47556,1047649,0.128877,8129050
3,2021-02-05,70786,1353939,29894,685556,40892,668383,0,0,48877,838965,0.103206,21664,257745,0.031707,49061,1096710,0.134912,8129050
3,2021-02-06,43889,1397828,21039,706595,22850,691233,0,0,34171,863658,0.106243,9669,267414,0.032896,34362,1131072,0.13914,8129050
3,2021-02-07,19857,1417685,12620,719215,7237,698470,0,0,15230,874411,0.107566,4607,272021,0.033463,15360,1146432,0.141029,8129050
3,2021-02-08,51840,1469525,25034,744249,26806,725276,0,0,33968,890847,0.109588,17731,289752,0.035644,34167,1180599,0.145232,8129050
3,2021-02-09,59100,1528625,28623,772872,30477,755753,0,0,34543,901468,0.110895,24277,314029,0.03863,34898,1215497,0.149525,8129050
3,2021-02-10,68720,1597345,31995,804867,36725,792478,0,0,36824,907226,0.111603,31591,345620,0.042517,37349,1252846,0.15412,8129050
3,2021-02-11,71143,1668488,34951,839818,36192,828670,0,0,37797,912590,0.112263,32988,378608,0.046575,38352,1291198,0.158838,8129050
3,2021-02-12,75953,1744441,32747,872565,43206,871876,0,0,41831,921396,0.113346,33804,412412,0.050733,42610,1333808,0.164079,8129050
3,2021-02-13,45450,1789891,20589,893154,24861,896737,0,0,26127,928910,0.11427,19201,431613,0.053095,26715,1360523,0.167366,8129050
3,2021-02-14,27518,1817409,13751,906905,13767,910504,0,0,15246,932422,0.114702,12203,443816,0.054596,15715,1376238,0.169299,8129050
3,2021-02-15,40494,1857903,17448,924353,23046,933550,0,0,22343,937689,0.11535,18033,461849,0.056815,23300,1399538,0.172165,8129050
3,2021-02-16,70733,1928636,33467,957820,37266,970816,0,0,36704,941565,0.115827,33879,495728,0.060982,37755,1437293,0.176809,8129050
3,2021-02-17,72604,2001240,36670,994490,35934,1006750,0,0,34384,939048,0.115518,37973,533701,0.065654,35456,1472749,0.181171,8129050
3,2021-02-18,77719,2078959,40574,1035064,37145,1043895,0,0,35911,934714,0.114984,41598,575299,0.070771,37264,1510013,0.185755,8129050
3,2021-02-19,69807,2148766,40224,1075288,29583,1073478,0,0,35205,936172,0.115164,34427,609726,0.075006,35885,1545898,0.19017,8129050
3,2021-02-20,43439,2192205,27398,1102686,16041,1089519,0,0,22651,938715,0.115477,20661,630387,0.077547,23204,1569102,0.193024,8129050
3,2021-02-21,24443,2216648,19623,1122309,4820,1094339,0,0,11870,938545,0.115456,12468,642855,0.079081,12298,1581400,0.194537,8129050
3,2021-02-22,47881,2264529,31178,1153487,16703,1111042,0,0,22407,936139,0.11516,25315,668170,0.082195,22909,1604309,0.197355,8129050
3,2021-02-23,63968,2328497,34755,1188242,29213,1140255,0,0,27865,930157,0.114424,35861,704031,0.086607,29879,1634188,0.201031,8129050
3,2021-02-24,80165,2408662,39385,1227627,40780,1181035,0,0,35370,923550,0.113611,44527,748558,0.092084,37920,1672108,0.205695,8129050
3,2021-02-25,89891,2498553,43798,1271425,46093,1227128,0,0,44722,926045,0.113918,44849,793407,0.097601,47344,1719452,0.211519,8129050
3,2021-02-26,100947,2599500,46170,1317595,54777,1281905,0,0,53233,934242,0.114926,47270,840677,0.103416,55467,1774919,0.218343,8129050
3,2021-02-27,71576,2671076,32863,1350458,38709,1320614,4,4,37760,939766,0.115606,33569,874246,0.107546,39093,1814012,0.223152,8129050
3,2021-02-28,41745,2712821,24091,1374549,17649,1338263,5,9,21403,942022,0.115883,20125,894371,0.110022,22381,1836393,0.225905,8129050
3,2021-03-01,70538,2783359,37386,1411935,33099,1371362,53,62,39133,951445,0.117043,31142,925513,0.113853,40565,1876958,0.230895,8129050
3,2021-03-02,81946,2865305,40412,1452347,41521,1412883,13,75,47215,966260,0.118865,34550,960063,0.118103,49365,1926323,0.236968,8129050
3,2021-03-03,91903,2957208,43981,1496328,47890,1460773,32,107,51280,979521,0.120496,40366,1000429,0.123068,53627,1979950,0.243565,8129050
3,2021-03-04,96326,3053534,47097,1543425,49205,1509978,24,131,54455,994718,0.122366,41604,1042033,0.128186,56801,2036751,0.250552,8129050
3,2021-03-05,92613,3146147,45255,1588680,47061,1557039,297,428,56170,1017304,0.125144,36147,1078180,0.132633,58733,2095484,0.257777,8129050
3,2021-03-06,66350,3212497,33626,1622306,30555,1587594,2169,2597,37841,1030432,0.126759,28343,1106523,0.13612,41471,2136955,0.262879,8129050
3,2021-03-07,39400,3251897,22753,1645059,14737,1602331,1910,4507,22162,1038519,0.127754,17153,1123676,0.13823,25240,2162195,0.265984,8129050
3,2021-03-08,60524,3312421,28831,1673890,28681,1631012,3012,7519,38250,1059232,0.130302,22091,1145767,0.140947,42804,2204999,0.271249,8129050
3,2021-03-09,77765,3390186,35909,1709799,37360,1668372,4496,12015,41739,1070738,0.131717,35863,1181630,0.145359,47369,2252368,0.277076,8129050
3,2021-03-10,83870,3474056,41756,1751555,35961,1704333,6153,18168,43763,1082168,0.133124,39860,1221490,0.150262,51290,2303658,0.283386,8129050
3,2021-03-11,98129,3572185,48006,1799561,41449,1745782,8674,26842,47973,1089999,0.134087,49855,1271345,0.156395,57686,2361344,0.290482,8129050
3,2021-03-12,102732,3674917,45778,1845339,45021,1790803,11933,38775,47102,1094742,0.13467,55363,1326708,0.163206,60106,2421450,0.297876,8129050
3,2021-03-13,70947,3745864,29871,1875210,33776,1824579,7300,46075,37487,1107533,0.136244,33306,1360014,0.167303,46097,2467547,0.303547,8129050
3,2021-03-14,41524,3787388,21683,1896893,16272,1840851,3569,49644,20921,1112133,0.13681,20504,1380518,0.169825,25104,2492651,0.306635,8129050
3,2021-03-15,76278,3863666,36177,1933070,35520,1876371,4581,54225,40162,1121995,0.138023,35862,1416380,0.174237,45724,2538375,0.31226,8129050
3,2021-03-16,95666,3959332,44136,1977206,47175,1923546,4355,58580,53686,1139222,0.140142,41707,1458087,0.179367,58934,2597309,0.31951,8129050
3,2021-03-17,99037,4058369,48086,2025292,46383,1969929,4568,63148,60037,1165729,0.143403,38735,1496822,0.184132,65242,2662551,0.327535,8129050
3,2021-03-18,104333,4162702,53028,2078320,46754,2016683,4551,67699,59716,1186237,0.145926,44291,1541113,0.189581,64799,2727350,0.335507,8129050
3,2021-03-19,103924,4266626,55719,2134039,43714,2060397,4491,72190,57761,1203155,0.148007,45858,1586971,0.195222,62776,2790126,0.343229,8129050
3,2021-03-20,72441,4339067,37340,2171379,31414,2091811,3687,75877,44513,1224124,0.150586,27703,1614674,0.19863,48672,2838798,0.349216,8129050
3,2021-03-21,36560,4375627,24845,2196224,10199,2102010,1516,77393,21948,1233582,0.15175,14490,1629164,0.200413,23948,2862746,0.352162,8129050
3,2021-03-22,71044,4446671,41765,2237989,26750,2128760,2529,79922,45115,1256579,0.154579,25664,1654828,0.20357,48661,2911407,0.358148,8129050
3,2021-03-23,90466,4537137,50039,2288028,37869,2166629,2558,82480,55118,1279901,0.157448,35050,1689878,0.207881,58372,2969779,0.365329,8129050
3,2021-03-24,99447,4636584,57228,2345256,39272,2205901,2947,85427,56198,1296786,0.159525,42857,1732735,0.213153,59742,3029521,0.372678,8129050
3,2021-03-25,108144,4744728,60059,2405315,45090,2250991,2995,88422,60509,1313666,0.161601,47266,1780001,0.218968,64146,3093667,0.380569,8129050
3,2021-03-26,111562,4856290,59824,2465139,48370,2299361,3368,91790,57077,1320838,0.162484,54112,1834113,0.225625,61284,3154951,0.388108,8129050
3,2021-03-27,75146,4931436,38186,2503325,34399,2333760,2561,94351,36148,1321466,0.162561,38742,1872855,0.23039,39370,3194321,0.392951,8129050
3,2021-03-28,44706,4976142,28163,2531488,15724,2349484,819,95170,22438,1323233,0.162778,22134,1894989,0.233113,23901,3218222,0.395892,8129050
3,2021-03-29,81432,5057574,42554,2574042,37015,2386499,1863,97033,44266,1333322,0.164019,36883,1931872,0.23765,46972,3265194,0.40167,8129050
3,2021-03-30,101030,5158604,49667,2623709,47703,2434202,3660,100693,56268,1349376,0.165994,44476,1976348,0.243122,60530,3325724,0.409116,8129050
3,2021-03-31,105722,5264326,57010,2680719,43832,2478034,4880,105573,56225,1361580,0.167496,49220,2025568,0.249176,61424,3387148,0.416672,8129050
3,2021-04-01,124678,5389004,63012,2743731,51844,2529878,9822,115395,66886,1381213,0.169911,57321,2082889,0.256228,76954,3464102,0.426139,8129050
3,2021-04-02,118625,5507629,57871,2801602,50336,2580214,10418,125813,62224,1398206,0.172001,56076,2138965,0.263126,73069,3537171,0.435127,8129050
3,2021-04-03,76499,5584128,39147,2840749,28078,2608292,9274,135087,38007,1407454,0.173139,38315,2177280,0.267839,47563,3584734,0.440978,8129050
3,2021-04-04,32591,5616719,17426,2858175,10917,2619209,4248,139335,14232,1407666,0.173165,18271,2195551,0.270087,18483,3603217,0.443252,8129050
3,2021-04-05,90184,5706903,45769,2903944,35098,2654307,9317,148652,43698,1415244,0.174097,46232,2241783,0.275774,53810,3657027,0.449871,8129050
3,2021-04-06,114144,5821047,55540,2959484,43304,2697611,15300,163952,53417,1424201,0.175199,60422,2302205,0.283207,69379,3726406,0.458406,8129050
3,2021-04-07,116915,5937962,60479,3019963,40057,2737668,16379,180331,56300,1436784,0.176747,60329,2362534,0.290629,72912,3799318,0.467375,8129050
3,2021-04-08,122026,6059988,60767,3080730,40992,2778660,20267,200598,56461,1448997,0.178249,65231,2427765,0.298653,77444,3876762,0.476902,8129050
3,2021-04-09,119203,6179191,59334,3140064,40576,2819236,19293,219891,52256,1454717,0.178953,66666,2494431,0.306854,72386,3949148,0.485807,8129050
3,2021-04-10,84796,6263987,38041,3178105,31390,2850626,15365,235256,34442,1455141,0.179005,50149,2544580,0.313023,50573,3999721,0.492028,8129050
3,2021-04-11,45506,6309493,24361,3202466,13073,2863699,8072,243328,17277,1453163,0.178762,28123,2572703,0.316483,26145,4025866,0.495244,8129050
3,2021-04-12,84462,6393955,42660,3245126,32926,2896625,8876,252204,38077,1455066,0.178996,46119,2618822,0.322156,48022,4073888,0.501152,8129050
3,2021-04-13,106007,6499962,57382,3302508,48413,2945038,212,252416,55738,1461908,0.179837,49996,2668818,0.328306,56838,4130726,0.508144,8129050
3,2021-04-14,108173,6608135,59151,3361659,48915,2993953,107,252523,53699,1463001,0.179972,54152,2722970,0.334968,55245,4185971,0.51494,8129050
3,2021-04-15,119844,6727979,67395,3429054,52363,3046316,86,252609,63763,1471942,0.181072,55723,2778693,0.341823,64664,4250635,0.522894,8129050
3,2021-04-16,116065,6844044,65044,3494098,50924,3097240,97,252706,60359,1477699,0.18178,55368,2834061,0.348634,61125,4311760,0.530414,8129050
3,2021-04-17,79850,6923894,43505,3537603,36330,3133570,15,252721,44370,1487829,0.183026,35229,2869290,0.352967,45359,4357119,0.535994,8129050
3,2021-04-18,39002,6962896,23554,3561157,15438,3149008,10,252731,18250,1486348,0.182844,20621,2889911,0.355504,19140,4376259,0.538348,8129050
3,2021-04-19,79599,7042495,44281,3605438,35258,3184266,60,252791,35715,1478978,0.181937,43659,2933570,0.360875,36289,4412548,0.542812,8129050
3,2021-04-20,101253,7143748,53263,3658701,47968,3232234,22,252813,48794,1476668,0.181653,52165,2985735,0.367292,49855,4462403,0.548945,8129050
3,2021-04-21,106420,7250168,59757,3718458,46583,3278817,80,252893,50104,1472032,0.181083,55910,3041645,0.37417,51274,4513677,0.555253,8129050
3,2021-04-22,112580,7362748,63266,3781724,49285,3328102,29,252922,48262,1457350,0.179277,63932,3105577,0.382034,49250,4562927,0.561311,8129050
3,2021-04-23,106849,7469597,61130,3842854,45687,3373789,32,252954,46721,1445381,0.177804,59742,3165319,0.389384,47773,4610700,0.567188,8129050
3,2021-04-24,74347,7543944,45868,3888722,28406,3402195,73,253027,36140,1444695,0.17772,37906,3203225,0.394047,37220,4647920,0.571767,8129050
3,2021-04-25,37138,7581082,23705,3912427,13416,3415611,17,253044,18928,1446000,0.177881,18046,3221271,0.396267,19351,4667271,0.574147,8129050
3,2021-04-26,74422,7655504,42074,3954501,31933,3447544,415,253459,31707,1437056,0.17678,42421,3263692,0.401485,33477,4700748,0.578265,8129050
3,2021-04-27,91584,7747088,48081,4002582,41747,3489291,1756,255215,36262,1420858,0.174788,54990,3318682,0.40825,38792,4739540,0.583037,8129050
3,2021-04-28,87330,7834418,49641,4052223,35537,3524828,2152,257367,35574,1407689,0.173168,51438,3370120,0.414577,38269,4777809,0.587745,8129050
3,2021-04-29,89669,7924087,51258,4103481,36184,3561012,2227,259594,31951,1385001,0.170377,57349,3427469,0.421632,34661,4812470,0.592009,8129050
3,2021-04-30,91244,8015331,51497,4154978,37254,3598266,2493,262087,33920,1364943,0.167909,56933,3484402,0.428636,36875,4849345,0.596545,8129050
3,2021-05-01,55822,8071153,35005,4189983,19328,3617594,1489,263576,20099,1351593,0.166267,35427,3519829,0.432994,22077,4871422,0.599261,8129050
3,2021-05-02,27116,8098269,18518,4208501,7575,3625169,1023,264599,9927,1345571,0.165526,17073,3536902,0.435094,11051,4882473,0.60062,8129050
3,2021-05-03,60174,8158443,35337,4243838,22451,3647620,2386,266985,17550,1323309,0.162788,42378,3579280,0.440307,20116,4902589,0.603095,8129050
3,2021-05-04,78010,8236453,45111,4288949,30206,3677826,2693,269678,22658,1293898,0.15917,55036,3634316,0.447078,25625,4928214,0.606247,8129050
3,2021-05-05,79561,8316014,47767,4336716,29078,3706904,2716,272394,22011,1261736,0.155213,57186,3691502,0.454112,25024,4953238,0.609326,8129050
3,2021-05-06,83865,8399879,53093,4389809,28231,3735135,2541,274935,20719,1222897,0.150435,62643,3754145,0.461818,23804,4977042,0.612254,8129050
3,2021-05-07,82877,8482756,51645,4441454,28586,3763721,2646,277581,21994,1187329,0.14606,60508,3814653,0.469262,24940,5001982,0.615322,8129050
3,2021-05-08,52920,8535676,32815,4474269,18380,3782101,1725,279306,14018,1164716,0.143278,38620,3853273,0.474013,16007,5017989,0.617291,8129050
3,2021-05-09,21069,8556745,15393,4489662,4883,3786984,793,280099,5517,1155639,0.142162,15454,3868727,0.475914,6377,5024366,0.618075,8129050
3,2021-05-10,48417,8605162,26041,4515703,20453,3807437,1923,282022,11232,1132077,0.139263,36969,3905696,0.480462,13407,5037773,0.619725,8129050
3,2021-05-11,64480,8669642,36169,4551872,26079,3833516,2232,284254,16206,1102976,0.135683,48006,3953702,0.486367,18905,5056678,0.62205,8129050
3,2021-05-12,65204,8734846,37471,4589343,25319,3858835,2414,286668,16645,1074083,0.132129,48272,4001974,0.492305,19379,5076057,0.624434,8129050
3,2021-05-13,75830,8810676,47790,4637133,26115,3884950,1925,288593,27679,1056430,0.129957,47890,4049864,0.498196,30237,5106294,0.628154,8129050
3,2021-05-14,80776,8891452,50997,4688130,27622,3912572,2157,290750,31279,1041284,0.128094,49186,4099050,0.504247,34040,5140334,0.632341,8129050
3,2021-05-15,62473,8953925,43084,4731214,18174,3930746,1215,291965,25828,1032139,0.126969,36422,4135472,0.508728,27277,5167611,0.635697,8129050
3,2021-05-16,33305,8987230,24900,4756114,7712,3938458,693,292658,13430,1026606,0.126289,19749,4155221,0.511157,14216,5181827,0.637446,8129050
3,2021-05-17,57220,9044450,36434,4792548,18932,3957390,1854,294512,21084,1013901,0.124726,35854,4191075,0.515568,23149,5204976,0.640293,8129050
3,2021-05-18,64766,9109216,38231,4830779,24662,3982052,1873,296385,24318,1000334,0.123057,40157,4231232,0.520508,26590,5231566,0.643564,8129050
3,2021-05-19,64199,9173415,39026,4869805,23416,4005468,1757,298142,24844,988123,0.121555,39093,4270325,0.525317,26882,5258448,0.646871,8129050
3,2021-05-20,62059,9235474,36317,4906122,23884,4029352,1858,300000,22285,973138,0.119711,39467,4309792,0.530172,24482,5282930,0.649883,8129050
3,2021-05-21,66343,9301817,40311,4946433,23918,4053270,2114,302114,23713,956978,0.117723,42295,4352087,0.535375,26135,5309065,0.653098,8129050
3,2021-05-22,45851,9347668,30388,4976821,13989,4067259,1474,303588,19089,951259,0.11702,26540,4378627,0.538639,20821,5329886,0.655659,8129050
3,2021-05-23,21760,9369428,15060,4991881,6046,4073305,654,304242,9196,948749,0.116711,12474,4391101,0.540174,9964,5339850,0.656885,8129050
3,2021-05-24,39785,9409213,23275,5015156,14738,4088043,1772,306014,14756,940654,0.115715,24822,4415923,0.543227,16727,5356577,0.658943,8129050
3,2021-05-25,42813,9452026,24077,5039233,17047,4105090,1689,307703,15183,930410,0.114455,27347,4443270,0.546592,17103,5373680,0.661046,8129050
3,2021-05-26,42474,9494500,24293,5063526,16448,4121538,1733,309436,15886,921878,0.113405,26284,4469554,0.549825,17752,5391432,0.66323,8129050
3,2021-05-27,39410,9533910,22090,5085616,15561,4137099,1759,311195,15421,915486,0.112619,23822,4493376,0.552755,17430,5408862,0.665374,8129050
3,2021-05-28,42857,9576767,24214,5109830,16841,4153940,1802,312997,17803,910567,0.112014,24845,4518221,0.555812,19926,5428788,0.667826,8129050
3,2021-05-29,23495,9600262,14352,5124182,8303,4162243,840,313837,10979,910140,0.111961,12378,4530599,0.557334,11951,5440739,0.669296,8129050
3,2021-05-30,10640,9610902,6899,5131081,3104,4165347,637,314474,4470,909202,0.111846,6089,4536688,0.558083,5151,5445890,0.669929,8129050
3,2021-05-31,4669,9615571,2694,5133775,1709,4167056,266,314740,1465,907806,0.111674,3157,4539845,0.558472,1761,5447651,0.670146,8129050
3,2021-06-01,37778,9653349,21738,5155513,14596,4181652,1444,316184,13189,898291,0.110504,24344,4564189,0.561466,14829,5462480,0.67197,8129050
3,2021-06-02,31526,9684875,18111,5173624,12000,4193652,1415,317599,11658,891843,0.109711,19659,4583848,0.563885,13211,5475691,0.673595,8129050
3,2021-06-03,39658,9724533,27121,5200745,11100,4204752,1437,319036,11422,876884,0.10787,28057,4611905,0.567336,13098,5488789,0.675207,8129050
3,2021-06-04,46234,9770767,32702,5233447,11981,4216733,1551,320587,13133,859137,0.105687,32853,4644758,0.571378,15106,5503895,0.677065,8129050
3,2021-06-05,34356,9805123,25890,5259337,7280,4224013,1186,321773,8696,843767,0.103797,25448,4670206,0.574508,10078,5513973,0.678305,8129050
3,2021-06-06,14665,9819788,12233,5271570,1847,4225860,585,322358,3707,837332,0.103005,10894,4681100,0.575848,4459,5518432,0.678853,8129050
3,2021-06-07,30440,9850228,22117,5293687,7037,4232897,1286,323644,8708,825865,0.101594,21582,4702682,0.578503,10115,5528547,0.680098,8129050
3,2021-06-08,34355,9884583,24673,5318360,8393,4241290,1289,324933,9936,813109,0.100025,24209,4726891,0.581481,11453,5540000,0.681506,8129050
3,2021-06-09,33020,9917603,23951,5342311,7764,4249054,1305,326238,8852,799448,0.098345,23984,4750875,0.584432,10323,5550323,0.682776,8129050
3,2021-06-10,32537,9950140,23460,5365771,7544,4256598,1533,327771,8953,786707,0.096777,23425,4774300,0.587313,10684,5561007,0.684091,8129050
3,2021-06-11,35594,9985734,25164,5390935,9057,4265655,1373,329144,10565,773992,0.095213,24830,4799130,0.590368,12115,5573122,0.685581,8129050
3,2021-06-12,25199,10010933,18986,5409921,5320,4270975,893,330037,6688,763340,0.093903,18393,4817523,0.592631,7741,5580863,0.686533,8129050
3,2021-06-13,10139,10021072,7585,5417506,2064,4273039,490,330527,2357,758534,0.093312,7729,4825252,0.593581,2923,5583786,0.686893,8129050
3,2021-06-14,25828,10046900,18504,5436010,5897,4278936,1427,331954,8069,750546,0.092329,17626,4842878,0.59575,9638,5593424,0.688078,8129050
3,2021-06-15,28758,10075658,19456,5455466,7794,4286730,1508,333462,9650,742996,0.0914,18878,4861756,0.598072,11328,5604752,0.689472,8129050
3,2021-06-16,25899,10101557,18394,5473860,6088,4292818,1417,334879,8727,736303,0.090577,16989,4878745,0.600162,10296,5615048,0.690739,8129050
3,2021-06-17,24868,10126425,17805,5491665,5769,4298587,1294,336173,8620,730263,0.089834,16092,4894837,0.602141,10052,5625100,0.691975,8129050
3,2021-06-18,28037,10154462,19799,5511464,6663,4305250,1575,337748,9819,723840,0.089044,17985,4912822,0.604354,11562,5636662,0.693397,8129050
3,2021-06-19,16031,10170493,11775,5523239,3394,4308644,862,338610,5733,720374,0.088617,10170,4922992,0.605605,6704,5643366,0.694222,8129050
3,2021-06-20,6882,10177375,5162,5528401,1419,4310063,301,338911,2605,719111,0.088462,4222,4927214,0.606124,2959,5646325,0.694586,8129050
3,2021-06-21,16246,10193621,10248,5538649,4597,4314660,1401,340312,8087,720657,0.088652,8064,4935278,0.607116,9610,5655935,0.695768,8129050
3,2021-06-22,22108,10215729,15499,5554148,5312,4319972,1297,341609,8277,716684,0.088163,13703,4948981,0.608802,9730,5665665,0.696965,8129050
3,2021-06-23,20280,10236009,14206,5568354,4739,4324711,1335,342944,8035,714067,0.087841,12128,4961109,0.610294,9511,5675176,0.698135,8129050
3,2021-06-24,19978,10255987,13901,5582255,4623,4329334,1454,344398,7798,711423,0.087516,12005,4973114,0.611771,9361,5684537,0.699287,8129050
3,2021-06-25,23298,10279285,16523,5598778,5351,4334685,1424,345822,9101,708014,0.087097,14063,4987177,0.613501,10654,5695191,0.700597,8129050
3,2021-06-26,13890,10293175,10299,5609077,2819,4337504,772,346594,5795,706720,0.086938,8020,4995197,0.614487,6726,5701917,0.701425,8129050
3,2021-06-27,6692,10299867,5172,5614249,1211,4338715,309,346903,2858,706125,0.086864,3797,4998994,0.614954,3202,5705119,0.701819,8129050
3,2021-06-28,15897,10315764,12204,5626453,2613,4341328,1080,347983,6693,704913,0.086715,9092,5008086,0.616073,7880,5712999,0.702788,8129050
3,2021-06-29,17969,10333733,12656,5639109,4313,4345641,1000,348983,7356,702910,0.086469,10491,5018577,0.617363,8488,5721487,0.703832,8129050
3,2021-06-30,16973,10350706,12011,5651120,3919,4349560,1043,350026,7295,701854,0.086339,9543,5028120,0.618537,8487,5729974,0.704876,8129050
3,2021-07-01,16224,10366930,11546,5662666,3609,4353169,1069,351095,6823,700550,0.086179,9298,5037418,0.619681,7994,5737968,0.70586,8129050
3,2021-07-02,18389,10385319,13088,5675754,4198,4357367,1103,352198,7836,699147,0.086006,10440,5047858,0.620965,9037,5747005,0.706971,8129050
3,2021-07-03,10018,10395337,7231,5682985,2354,4359721,433,352631,4293,698313,0.085903,5662,5053520,0.621662,4828,5751833,0.707565,8129050
3,2021-07-04,714,10396051,418,5683403,209,4359930,87,352718,276,698261,0.085897,432,5053952,0.621715,380,5752213,0.707612,8129050
3,2021-07-05,9506,10405557,6947,5690350,2136,4362066,423,353141,4304,697916,0.085855,5135,5059087,0.622347,4790,5757003,0.708201,8129050
3,2021-07-06,18968,10424525,13739,5704089,4112,4366178,1117,354258,6865,694064,0.085381,11958,5071045,0.623818,8106,5765109,0.709198,8129050
3,2021-07-07,15612,10440137,11062,5715151,3444,4369622,1106,355364,6295,692359,0.085171,9213,5080258,0.624951,7508,5772617,0.710122,8129050
3,2021-07-08,15252,10455389,11001,5726152,3254,4372876,997,356361,6191,690679,0.084964,8957,5089215,0.626053,7277,5779894,0.711017,8129050
3,2021-07-09,17502,10472891,12199,5738351,4091,4376967,1212,357573,7224,689068,0.084766,10159,5099374,0.627303,8548,5788442,0.712069,8129050
3,2021-07-10,10770,10483661,7921,5746272,2186,4379153,663,358236,4573,688262,0.084667,6131,5105505,0.628057,5325,5793767,0.712724,8129050
3,2021-07-11,5092,10488753,3764,5750036,1052,4380205,276,358512,2296,688106,0.084648,2748,5108253,0.628395,2592,5796359,0.713043,8129050
3,2021-07-12,14311,10503064,10432,5760468,2878,4383083,1001,359513,5712,686369,0.084434,8520,5116773,0.629443,6783,5803142,0.713877,8129050
3,2021-07-13,15033,10518097,10617,5771085,3507,4386590,909,360422,6573,685570,0.084336,8362,5125135,0.630472,7563,5810705,0.714807,8129050
3,2021-07-14,14330,10532427,10155,5781240,3251,4389841,924,361346,6378,685086,0.084276,7851,5132986,0.631437,7367,5818072,0.715714,8129050
3,2021-07-15,14572,10546999,10518,5791758,3218,4393059,836,362182,6665,684850,0.084247,7812,5140798,0.632398,7576,5825648,0.716646,8129050
3,2021-07-16,17618,10564617,12666,5804424,4062,4397121,890,363072,8408,685118,0.08428,9101,5149899,0.633518,9369,5835017,0.717798,8129050
3,2021-07-17,11162,10575779,8179,5812603,2451,4399572,532,363604,5303,685233,0.084294,5789,5155688,0.63423,5904,5840921,0.718524,8129050
3,2021-07-18,5724,10581503,4323,5816926,1150,4400722,251,363855,2814,685456,0.084322,2868,5158556,0.634583,3091,5844012,0.718905,8129050
3,2021-07-19,14814,10596317,10824,5827750,3113,4403835,877,364732,7267,686226,0.084417,7448,5166004,0.635499,8218,5852230,0.719916,8129050
3,2021-07-20,16383,10612700,11395,5839145,4087,4407922,901,365633,8429,687795,0.08461,7841,5173845,0.636464,9410,5861640,0.721073,8129050
3,2021-07-21,15856,10628556,11219,5850364,3773,4411695,864,366497,7974,688956,0.084752,7755,5181600,0.637418,8916,5870556,0.72217,8129050
3,2021-07-22,16192,10644748,11438,5861802,3797,4415492,957,367454,8399,690702,0.084967,7672,5189272,0.638361,9418,5879974,0.723329,8129050
3,2021-07-23,19077,10663825,13586,5875388,4485,4419977,1006,368460,10236,693329,0.08529,8698,5197970,0.639431,11325,5891299,0.724722,8129050
3,2021-07-24,11480,10675305,8266,5883654,2638,4422615,576,369036,6332,695202,0.085521,5070,5203040,0.640055,6943,5898242,0.725576,8129050
3,2021-07-25,5565,10680870,4173,5887827,1184,4423799,208,369244,4024,697992,0.085864,1495,5204535,0.640239,4285,5902527,0.726103,8129050
3,2021-07-26,15319,10696189,10658,5898485,3706,4427505,955,370199,9249,702300,0.086394,5961,5210496,0.640972,10269,5912796,0.727366,8129050
3,2021-07-27,17305,10713494,12250,5910735,4087,4431592,968,371167,9923,706015,0.086851,7252,5217748,0.641864,10967,5923763,0.728715,8129050
3,2021-07-28,16921,10730415,12128,5922863,3761,4435353,1032,372199,9781,709874,0.087326,7002,5224750,0.642726,10861,5934624,0.730051,8129050
3,2021-07-29,16631,10747046,11971,5934834,3647,4439000,1013,373212,9781,714068,0.087842,6672,5231422,0.643547,10866,5945490,0.731388,8129050
3,2021-07-30,19389,10766435,13701,5948535,4623,4443623,1065,374277,11260,718562,0.088394,7923,5239345,0.644521,12417,5957907,0.732916,8129050
3,2021-07-31,12056,10778491,8760,5957295,2675,4446298,621,374898,7030,721392,0.088742,4889,5244234,0.645123,7719,5965626,0.733865,8129050
3,2021-08-01,6431,10784922,4896,5962191,1278,4447576,257,375155,4166,723644,0.08902,2207,5246441,0.645394,4459,5970085,0.734414,8129050
3,2021-08-02,16475,10801397,12005,5974196,3573,4451149,897,376052,10262,728777,0.089651,6090,5252531,0.646143,11223,5981308,0.735794,8129050
3,2021-08-03,18210,10819607,13141,5987337,3982,4455131,1087,377139,10862,733608,0.090245,7171,5259702,0.647025,12002,5993310,0.737271,8129050
3,2021-08-04,17387,10836994,12487,5999824,3901,4459032,999,378138,10362,738155,0.090805,6866,5266568,0.64787,11413,6004723,0.738675,8129050
3,2021-08-05,17764,10854758,12856,6012680,3776,4462808,1132,379270,10713,743180,0.091423,6889,5273457,0.648718,11914,6016637,0.74014,8129050
3,2021-08-06,21414,10876172,15566,6028246,4724,4467532,1124,380394,12656,748460,0.092072,8566,5282023,0.649771,13846,6030483,0.741844,8129050
3,2021-08-07,12635,10888807,9408,6037654,2618,4470150,609,381003,7396,751413,0.092436,5102,5287125,0.650399,8055,6038538,0.742834,8129050
3,2021-08-08,7505,10896312,5742,6043396,1525,4471675,238,381241,4636,753532,0.092696,2789,5289914,0.650742,4908,6043446,0.743438,8129050
3,2021-08-09,17826,10914138,13365,6056761,3444,4475119,1017,382258,10069,757096,0.093135,7597,5297511,0.651677,11161,6054607,0.744811,8129050
3,2021-08-10,17518,10931656,12789,6069550,3824,4478943,905,383163,9788,760269,0.093525,7570,5305081,0.652608,10743,6065350,0.746133,8129050
3,2021-08-11,8039,10939695,5698,6075248,1494,4480437,847,384010,4335,761879,0.093723,3640,5308721,0.653056,5250,6070600,0.746779,8129050
4,2020-12-15,468,468,468,468,0,0,0,0,468,468,5.8e-05,0,0,0.0,468,468,5.8e-05,8037679
4,2020-12-16,3077,3545,3077,3545,0,0,0,0,3077,3545,0.000441,0,0,0.0,3077,3545,0.000441,8037679
4,2020-12-17,9034,12579,9034,12579,0,0,0,0,9034,12579,0.001565,0,0,0.0,9034,12579,0.001565,8037679
4,2020-12-18,16287,28866,16274,28853,13,13,0,0,16287,28866,0.003591,0,0,0.0,16287,28866,0.003591,8037679
4,2020-12-19,10420,39286,10410,39263,10,23,0,0,10356,39222,0.00488,0,0,0.0,10356,39222,0.00488,8037679
4,2020-12-20,7466,46752,7453,46716,13,36,0,0,7421,46643,0.005803,0,0,0.0,7421,46643,0.005803,8037679
4,2020-12-21,16471,63223,16439,63155,32,68,0,0,16403,63045,0.007844,1,1,0.0,16403,63046,0.007844,8037679
4,2020-12-22,17260,80483,16496,79651,764,832,0,0,17215,80256,0.009985,4,5,1e-06,17215,80261,0.009986,8037679
4,2020-12-23,17235,97718,14452,94103,2783,3615,0,0,17213,97466,0.012126,3,8,1e-06,17213,97474,0.012127,8037679
4,2020-12-24,8616,106334,5993,100096,2623,6238,0,0,8615,106081,0.013198,0,8,1e-06,8615,106089,0.013199,8037679
4,2020-12-25,911,107245,806,100902,105,6343,0,0,911,106992,0.013311,0,8,1e-06,911,107000,0.013312,8037679
4,2020-12-26,6238,113483,3912,104814,2326,8669,0,0,6238,113230,0.014087,0,8,1e-06,6238,113238,0.014088,8037679
4,2020-12-27,3466,116949,2006,106820,1460,10129,0,0,3466,116696,0.014519,0,8,1e-06,3466,116704,0.01452,8037679
4,2020-12-28,15269,132218,9424,116244,5845,15974,0,0,15241,131934,0.016414,3,11,1e-06,15241,131945,0.016416,8037679
4,2020-12-29,15869,148087,8899,125143,6970,22944,0,0,15836,147769,0.018385,1,12,1e-06,15836,147781,0.018386,8037679
4,2020-12-30,19322,167409,11288,136431,8034,30978,0,0,19311,167078,0.020787,2,14,2e-06,19311,167092,0.020789,8037679
4,2020-12-31,8373,175782,3383,139814,4990,35968,0,0,8360,175429,0.021826,9,23,3e-06,8360,175452,0.021829,8037679
4,2021-01-01,1788,177570,820,140634,968,36936,0,0,1782,177207,0.022047,4,27,3e-06,1782,177234,0.02205,8037679
4,2021-01-02,5785,183355,3262,143896,2523,39459,0,0,5782,182988,0.022766,1,28,3e-06,5782,183016,0.02277,8037679
4,2021-01-03,2166,185521,1277,145173,889,40348,0,0,2152,185137,0.023034,3,31,4e-06,2152,185168,0.023037,8037679
4,2021-01-04,13087,198608,7067,152240,6020,46368,0,0,13037,198146,0.024652,28,59,7e-06,13037,198205,0.024659,8037679
4,2021-01-05,17062,215670,10107,162347,6955,53323,0,0,14831,210791,0.026225,2202,2261,0.000281,14847,213052,0.026507,8037679
4,2021-01-06,21816,237486,13371,175718,8445,61768,0,0,15651,220343,0.027414,6116,8377,0.001042,15668,228720,0.028456,8037679
4,2021-01-07,28165,265651,17177,192895,10988,72756,0,0,16795,225851,0.028099,11309,19686,0.002449,16817,245537,0.030548,8037679
4,2021-01-08,33125,298776,21256,214151,11869,84625,0,0,18454,229727,0.028581,14604,34290,0.004266,18480,264017,0.032847,8037679
4,2021-01-09,16400,315176,9703,223854,6697,91322,0,0,9527,232405,0.028914,6862,41152,0.00512,9540,273557,0.034034,8037679
4,2021-01-10,8839,324015,5703,229557,3136,94458,0,0,4202,231990,0.028863,4626,45778,0.005695,4211,277768,0.034558,8037679
4,2021-01-11,33774,357789,22173,251730,11601,106059,0,0,19045,236384,0.029409,14700,60478,0.007524,19094,296862,0.036934,8037679
4,2021-01-12,38842,396631,22398,274128,16444,122503,0,0,24453,246551,0.030674,14332,74810,0.009307,24499,321361,0.039982,8037679
4,2021-01-13,39192,435823,19414,293542,19778,142281,0,0,27738,262909,0.03271,11410,86220,0.010727,27768,349129,0.043437,8037679
4,2021-01-14,39741,475564,15315,308857,24426,166707,0,0,32476,288191,0.035855,7226,93446,0.011626,32508,381637,0.047481,8037679
4,2021-01-15,45803,521367,16020,324877,29783,196490,0,0,40134,322755,0.040155,5596,99042,0.012322,40160,421797,0.052477,8037679
4,2021-01-16,29018,550385,9479,334356,19539,216029,0,0,25843,345471,0.042981,3143,102185,0.012713,25859,447656,0.055695,8037679
4,2021-01-17,19257,569642,6786,341142,12471,228500,0,0,17587,361422,0.044966,1648,103833,0.012918,17599,465255,0.057884,8037679
4,2021-01-18,29684,599326,13755,354897,15929,244429,0,0,23648,379135,0.04717,5968,109801,0.013661,23681,488936,0.06083,8037679
4,2021-01-19,46609,645935,23298,378195,23311,267740,0,0,36886,406419,0.050564,9675,119476,0.014864,36959,525895,0.065429,8037679
4,2021-01-20,53026,698961,28335,406530,24691,292431,0,0,42350,438257,0.054525,10576,130052,0.01618,42414,568309,0.070706,8037679
4,2021-01-21,58313,757274,26235,432765,32078,324509,0,0,51439,482958,0.060087,6788,136840,0.017025,51489,619798,0.077112,8037679
4,2021-01-22,55828,813102,22417,455182,33411,357920,0,0,50571,528376,0.065737,5185,142025,0.01767,50603,670401,0.083407,8037679
4,2021-01-23,39962,853064,17509,472691,22453,380373,0,0,35578,559611,0.069623,4374,146399,0.018214,35609,706010,0.087838,8037679
4,2021-01-24,24162,877226,10537,483228,13625,393998,0,0,22248,579977,0.072157,1905,148304,0.018451,22271,728281,0.090608,8037679
4,2021-01-25,48415,925641,22372,505600,26043,420041,0,0,37126,605908,0.075383,11254,159558,0.019851,37185,765466,0.095235,8037679
4,2021-01-26,57394,983035,29264,534864,28130,448171,0,0,44939,638492,0.079437,12417,171975,0.021396,45001,810467,0.100833,8037679
4,2021-01-27,56762,1039797,27013,561877,29749,477920,0,0,45541,672948,0.083724,11140,183115,0.022782,45596,856063,0.106506,8037679
4,2021-01-28,57291,1097088,25900,587777,31391,509311,0,0,47112,710030,0.088338,10078,193193,0.024036,47160,903223,0.112374,8037679
4,2021-01-29,57162,1154250,27397,615174,29765,539076,0,0,46572,746254,0.092844,10386,203579,0.025328,46610,949833,0.118173,8037679
4,2021-01-30,38404,1192654,17338,632512,21066,560142,0,0,32967,773875,0.096281,5377,208956,0.025997,32998,982831,0.122278,8037679
4,2021-01-31,24202,1216856,12743,645255,11459,571601,0,0,22478,794669,0.098868,1702,210658,0.026209,22496,1005327,0.125077,8037679
4,2021-02-01,50323,1267179,24212,669467,26111,597712,0,0,38494,821444,0.102199,11766,222424,0.027673,38541,1043868,0.129872,8037679
4,2021-02-02,56121,1323300,25794,695261,30327,628039,0,0,43055,851576,0.105948,12977,235401,0.029287,43109,1086977,0.135235,8037679
4,2021-02-03,62700,1386000,30774,726035,31926,659965,0,0,48034,885158,0.110126,14511,249912,0.031093,48093,1135070,0.141219,8037679
4,2021-02-04,68182,1454182,31677,757712,36505,696470,0,0,51174,919619,0.114414,16829,266741,0.033186,51290,1186360,0.1476,8037679
4,2021-02-05,73907,1528089,34240,791952,39667,736137,0,0,51288,948712,0.118033,22333,289074,0.035965,51426,1237786,0.153998,8037679
4,2021-02-06,49140,1577229,26410,818362,22730,758867,0,0,37429,974708,0.121267,11641,300715,0.037413,37637,1275423,0.158681,8037679
4,2021-02-07,26723,1603952,17650,836012,9073,767940,0,0,20166,988600,0.122996,6519,307234,0.038224,20411,1295834,0.16122,8037679
4,2021-02-08,59265,1663217,30468,866480,28797,796737,0,0,38428,1006599,0.125235,20693,327927,0.040799,38692,1334526,0.166034,8037679
4,2021-02-09,67870,1731087,34374,900854,33496,830233,0,0,39687,1018750,0.126747,27983,355910,0.04428,40134,1374660,0.171027,8037679
4,2021-02-10,78101,1809188,39077,939931,39024,869257,0,0,40986,1023437,0.12733,36854,392764,0.048865,41541,1416201,0.176195,8037679
4,2021-02-11,82343,1891531,42983,982914,39360,908617,0,0,41819,1025693,0.127611,40243,433007,0.053872,42499,1458700,0.181483,8037679
4,2021-02-12,85312,1976843,38252,1021166,47060,955677,0,0,43800,1029063,0.12803,41224,474231,0.059001,44594,1503294,0.187031,8037679
4,2021-02-13,59410,2036253,30076,1051242,29334,985011,0,0,30196,1031107,0.128284,29062,503293,0.062617,31106,1534400,0.190901,8037679
4,2021-02-14,37223,2073476,19356,1070598,17867,1002878,0,0,19027,1032670,0.128479,18132,521425,0.064873,19695,1554095,0.193351,8037679
4,2021-02-15,46747,2120223,21931,1092529,24816,1027694,0,0,23926,1035064,0.128776,22730,544155,0.067701,25124,1579219,0.196477,8037679
4,2021-02-16,81081,2201304,37208,1129737,43873,1071567,0,0,41128,1037620,0.129094,39797,583952,0.072652,42353,1621572,0.201746,8037679
4,2021-02-17,82435,2283739,38990,1168727,43445,1115012,0,0,39097,1034746,0.128737,43111,627063,0.078015,40237,1661809,0.206752,8037679
4,2021-02-18,84399,2368138,46474,1215201,37925,1152937,0,0,38924,1029875,0.128131,45263,672326,0.083647,40392,1702201,0.211778,8037679
4,2021-02-19,83687,2451825,52745,1267946,30942,1183879,0,0,41711,1030481,0.128206,41784,714110,0.088845,42390,1744591,0.217052,8037679
4,2021-02-20,50136,2501961,33375,1301321,16761,1200640,0,0,27048,1035275,0.128803,22996,737106,0.091706,27790,1772381,0.220509,8037679
4,2021-02-21,30535,2532496,24221,1325542,6314,1206954,0,0,14717,1034596,0.128718,15725,752831,0.093663,15046,1787427,0.222381,8037679
4,2021-02-22,55920,2588416,38398,1363940,17522,1224476,0,0,26898,1033119,0.128534,28843,781674,0.097251,27366,1814793,0.225786,8037679
4,2021-02-23,77531,2665947,42997,1406937,34534,1259010,0,0,33961,1025424,0.127577,43344,825018,0.102644,35649,1850442,0.230221,8037679
4,2021-02-24,92748,2758695,49036,1455973,43712,1302722,0,0,41681,1018503,0.126716,50780,875798,0.108962,43859,1894301,0.235678,8037679
4,2021-02-25,104366,2863061,54627,1510600,49739,1352461,0,0,49680,1016317,0.126444,54438,930236,0.115734,52252,1946553,0.242178,8037679
4,2021-02-26,110460,2973521,55811,1566411,54649,1407110,0,0,56318,1021170,0.127048,53826,984062,0.122431,58679,2005232,0.249479,8037679
4,2021-02-27,80577,3054098,43805,1610216,36761,1443871,11,11,42861,1028077,0.127907,37479,1021541,0.127094,44386,2049618,0.255001,8037679
4,2021-02-28,49824,3103922,30739,1640955,19078,1462949,7,18,27399,1034183,0.128667,22210,1043751,0.129857,28316,2077934,0.258524,8037679
4,2021-03-01,81395,3185317,47637,1688592,33705,1496654,53,71,44774,1043991,0.129887,36258,1080009,0.134368,46066,2124000,0.264255,8037679
4,2021-03-02,90093,3275410,51640,1740232,38443,1535097,10,81,52683,1061313,0.132042,37196,1117205,0.138996,54518,2178518,0.271038,8037679
4,2021-03-03,104118,3379528,55313,1795545,48787,1583884,18,99,57946,1075143,0.133763,45931,1163136,0.14471,59761,2238279,0.278473,8037679
4,2021-03-04,102399,3481927,57001,1852546,45379,1629263,19,118,55744,1086304,0.135151,46395,1209531,0.150483,57556,2295835,0.285634,8037679
4,2021-03-05,98514,3580441,53166,1905712,45020,1674283,328,446,57642,1105603,0.137553,40631,1250162,0.155538,59930,2355765,0.29309,8037679
4,2021-03-06,77590,3658031,43695,1949407,31248,1705531,2647,3093,47438,1127007,0.140215,30008,1280170,0.159271,51412,2407177,0.299487,8037679
4,2021-03-07,45118,3703149,27671,1977078,15233,1720764,2214,5307,26257,1137768,0.141554,18769,1298939,0.161606,29530,2436707,0.303161,8037679
4,2021-03-08,68571,3771720,35828,2012906,29349,1750113,3394,8701,44959,1163941,0.144811,23466,1322405,0.164526,49639,2486346,0.309336,8037679
4,2021-03-09,82647,3854367,41723,2054629,35624,1785737,5300,14001,44521,1176852,0.146417,37926,1360331,0.169244,50837,2537183,0.315661,8037679
4,2021-03-10,92670,3947037,47826,2102455,37274,1823011,7570,21571,46564,1185953,0.147549,45883,1406214,0.174953,54984,2592167,0.322502,8037679
4,2021-03-11,101684,4048721,53303,2155758,39839,1862850,8542,30113,46858,1187779,0.147776,54541,1460755,0.181738,56367,2648534,0.329515,8037679
4,2021-03-12,105484,4154205,51953,2207711,43178,1906028,10353,40466,45097,1183917,0.147296,60078,1520833,0.189213,56216,2704750,0.336509,8037679
4,2021-03-13,82173,4236378,38046,2245757,35585,1941613,8542,49008,38846,1189123,0.147944,43173,1564006,0.194584,48379,2753129,0.342528,8037679
4,2021-03-14,50152,4286530,28559,2274316,17946,1959559,3647,52655,23424,1190133,0.148069,26622,1590628,0.197896,27632,2780761,0.345966,8037679
4,2021-03-15,84306,4370836,45349,2319665,34668,1994227,4289,56944,42715,1196623,0.148877,41291,1631919,0.203034,47781,2828542,0.35191,8037679
4,2021-03-16,108615,4479451,56501,2376166,48677,2042904,3437,60381,57001,1206371,0.150089,51336,1683255,0.209421,61084,2889626,0.35951,8037679
4,2021-03-17,108108,4587559,58225,2434391,46371,2089275,3512,63893,63046,1228659,0.152862,44764,1728019,0.21499,67052,2956678,0.367852,8037679
4,2021-03-18,107977,4695536,59923,2494314,44335,2133610,3719,67612,60905,1246881,0.155129,46774,1774793,0.220809,64996,3021674,0.375939,8037679
4,2021-03-19,112437,4807973,64689,2559003,42507,2176117,5241,72853,63637,1267597,0.157707,48493,1823286,0.226842,69209,3090883,0.384549,8037679
4,2021-03-20,84911,4892884,49722,2608725,32151,2208268,3038,75891,51754,1289688,0.160455,32969,1856255,0.230944,55060,3145943,0.391399,8037679
4,2021-03-21,48596,4941480,35212,2643937,11123,2219391,2261,78152,28300,1300440,0.161793,20146,1876401,0.233451,30898,3176841,0.395244,8037679
4,2021-03-22,83238,5024718,54372,2698309,26114,2245505,2752,80904,51291,1323504,0.164662,31662,1908063,0.23739,54726,3231567,0.402052,8037679
4,2021-03-23,105880,5130598,63428,2761737,40295,2285800,2157,83061,62065,1344739,0.167304,43518,1951581,0.242804,64753,3296320,0.410108,8037679
4,2021-03-24,114570,5245168,73884,2835621,38250,2324050,2436,85497,63720,1360930,0.169319,50386,2001967,0.249073,66577,3362897,0.418392,8037679
4,2021-03-25,118206,5363374,72715,2908336,43074,2367124,2417,87914,66300,1378720,0.171532,51397,2053364,0.255467,69187,3432084,0.426999,8037679
4,2021-03-26,120946,5484320,73314,2981650,44580,2411704,3052,90966,65198,1392189,0.173208,55345,2108709,0.262353,68814,3500898,0.435561,8037679
4,2021-03-27,92826,5577146,54684,3036334,36332,2448036,1810,92776,46780,1395468,0.173616,45770,2154479,0.268047,49049,3549947,0.441663,8037679
4,2021-03-28,56290,5633436,37186,3073520,18226,2466262,878,93654,29649,1399914,0.174169,26448,2180927,0.271338,30894,3580841,0.445507,8037679
4,2021-03-29,94665,5728101,56728,3130248,35835,2502097,2102,95756,50649,1409497,0.175361,43719,2224646,0.276777,53302,3634143,0.452138,8037679
4,2021-03-30,118237,5846338,64542,3194790,49515,2551612,4180,99936,69628,1435366,0.17858,48332,2272978,0.28279,74201,3708344,0.46137,8037679
4,2021-03-31,122013,5968351,72003,3266793,43677,2595289,6333,106269,68000,1456247,0.181178,53621,2326599,0.289462,74502,3782846,0.470639,8037679
4,2021-04-01,143676,6112027,81879,3348672,48425,2643714,13372,119641,84196,1494736,0.185966,58924,2385523,0.296793,97413,3880259,0.482759,8037679
4,2021-04-02,137619,6249646,73540,3422212,50428,2694142,13651,133292,79072,1529310,0.190268,58219,2443742,0.304036,92793,3973052,0.494303,8037679
4,2021-04-03,101766,6351412,54361,3476573,33891,2728033,13514,146806,52956,1547231,0.192497,48584,2492326,0.31008,66505,4039557,0.502578,8037679
4,2021-04-04,47109,6398521,24870,3501443,14680,2742713,7559,154365,20507,1548687,0.192678,26482,2518808,0.313375,27938,4067495,0.506053,8037679
4,2021-04-05,110372,6508893,61930,3563373,35514,2778227,12928,167293,57167,1566249,0.194863,52955,2571763,0.319963,70517,4138012,0.514827,8037679
4,2021-04-06,139739,6648632,78633,3642006,41203,2819430,19903,187196,72359,1591824,0.198045,67113,2638876,0.328313,92688,4230700,0.526358,8037679
4,2021-04-07,138429,6787061,78451,3720457,39141,2858571,20837,208033,71516,1617679,0.201262,66629,2705505,0.336603,92484,4323184,0.537865,8037679
4,2021-04-08,140937,6927998,78522,3798979,36816,2895387,25599,233632,70123,1643280,0.204447,70484,2775989,0.345372,96085,4419269,0.549819,8037679
4,2021-04-09,138554,7066552,75931,3874910,39435,2934822,23188,256820,66110,1661211,0.206678,72164,2848153,0.35435,90095,4509364,0.561028,8037679
4,2021-04-10,104330,7170882,51453,3926363,33901,2968723,18976,275796,47073,1671110,0.20791,57023,2905176,0.361445,66922,4576286,0.569354,8037679
4,2021-04-11,62953,7233835,38215,3964578,13509,2982232,11229,287025,27517,1675503,0.208456,35310,2940486,0.365838,39703,4615989,0.574294,8037679
4,2021-04-12,103444,7337279,62878,4027456,30307,3012539,10259,297284,52091,1687991,0.21001,51027,2991513,0.372186,63515,4679504,0.582196,8037679
4,2021-04-13,131146,7468425,82323,4109779,48654,3061193,169,297453,78366,1714922,0.21336,52460,3043973,0.378713,79391,4758895,0.592073,8037679
4,2021-04-14,136725,7605150,87262,4197041,49382,3110575,81,297534,75656,1731167,0.215381,60721,3104694,0.386267,76966,4835861,0.601649,8037679
4,2021-04-15,156805,7761955,104254,4301295,52476,3163051,75,297609,95896,1767430,0.219893,60490,3165184,0.393793,96753,4932614,0.613686,8037679
4,2021-04-16,144163,7906118,91368,4392663,52716,3215767,79,297688,83541,1791505,0.222888,60267,3225451,0.401291,84342,5016956,0.62418,8037679
4,2021-04-17,101852,8007970,63932,4456595,37893,3253660,27,297715,59530,1810207,0.225215,42019,3267470,0.406519,60721,5077677,0.631734,8037679
4,2021-04-18,57167,8065137,38661,4495256,18501,3272161,5,297720,32091,1818340,0.226227,24919,3292389,0.409619,33052,5110729,0.635846,8037679
4,2021-04-19,101630,8166767,66944,4562200,34665,3306826,21,297741,51455,1820505,0.226496,49912,3342301,0.415829,52077,5162806,0.642325,8037679
4,2021-04-20,131965,8298732,78563,4640763,53384,3360210,18,297759,68322,1826641,0.22726,63287,3405588,0.423703,69423,5232229,0.650963,8037679
4,2021-04-21,135169,8433901,88238,4729001,46870,3407080,61,297820,67963,1829016,0.227555,66764,3472352,0.432009,69139,5301368,0.659565,8037679
4,2021-04-22,142211,8576112,94365,4823366,47822,3454902,24,297844,63424,1815250,0.225843,78353,3550705,0.441758,64587,5365955,0.6676,8037679
4,2021-04-23,135672,8711784,88296,4911662,47350,3502252,26,297870,58787,1798778,0.223793,76489,3627194,0.451274,60017,5425972,0.675067,8037679
4,2021-04-24,99281,8811065,67024,4978686,32206,3534458,51,297921,45677,1792306,0.222988,53284,3680478,0.457903,46812,5472784,0.680891,8037679
4,2021-04-25,50589,8861654,35665,5014351,14898,3549356,26,297947,26400,1795158,0.223343,24030,3704508,0.460893,26882,5499666,0.684236,8037679
4,2021-04-26,92505,8954159,60700,5075051,31404,3580760,401,298348,36349,1777418,0.221136,55830,3760338,0.467839,38090,5537756,0.688975,8037679
4,2021-04-27,114352,9068511,69915,5144966,42116,3622876,2321,300669,41136,1748808,0.217576,72875,3833213,0.476905,44265,5582021,0.694482,8037679
4,2021-04-28,104880,9173391,68518,5213484,33819,3656695,2543,303212,38316,1724136,0.214507,66197,3899410,0.485141,41525,5623546,0.699648,8037679
4,2021-04-29,106259,9279650,67878,5281362,35844,3692539,2537,305749,34294,1689979,0.210257,71595,3971005,0.494049,37438,5660984,0.704306,8037679
4,2021-04-30,105993,9385643,67173,5348535,36108,3728647,2712,308461,36415,1660603,0.206602,69165,4040170,0.502654,39789,5700773,0.709256,8037679
4,2021-05-01,69948,9455591,46434,5394969,21729,3750376,1785,310246,20391,1634160,0.203312,49248,4089418,0.508781,22805,5723578,0.712093,8037679
4,2021-05-02,37837,9493428,26862,5421831,9678,3760054,1297,311543,10614,1619115,0.201441,27096,4116514,0.512152,12051,5735629,0.713593,8037679
4,2021-05-03,79615,9573043,55540,5477371,21575,3781629,2500,314043,19339,1581313,0.196738,59997,4176511,0.519617,22195,5757824,0.716354,8037679
4,2021-05-04,101817,9674860,69707,5547078,29327,3810956,2783,316826,22768,1528524,0.19017,78725,4255236,0.529411,25936,5783760,0.719581,8037679
4,2021-05-05,102692,9777552,72421,5619499,27516,3838472,2755,319581,21886,1473021,0.183264,80449,4335685,0.53942,24946,5808706,0.722684,8037679
4,2021-05-06,112505,9890057,84318,5703817,25234,3863706,2953,322534,19710,1404509,0.174741,92294,4427979,0.550903,23782,5832488,0.725643,8037679
4,2021-05-07,105365,9995422,75755,5779572,26921,3890627,2689,325223,20744,1344134,0.167229,84220,4512199,0.561381,23845,5856333,0.72861,8037679
4,2021-05-08,70174,10065596,48400,5827972,19836,3910463,1938,327161,13886,1304260,0.162268,56040,4568239,0.568353,16166,5872499,0.730621,8037679
4,2021-05-09,34467,10100063,28207,5856179,5312,3915775,948,328109,7476,1285902,0.159984,26874,4595113,0.571697,8516,5881015,0.731681,8037679
4,2021-05-10,65394,10165457,43784,5899963,19280,3935055,2330,330439,11071,1245511,0.154959,54090,4649203,0.578426,13699,5894714,0.733385,8037679
4,2021-05-11,83590,10249047,52312,5952275,29079,3964134,2199,332638,15888,1196709,0.148887,67436,4716639,0.586816,18634,5913348,0.735703,8037679
4,2021-05-12,80116,10329163,53274,6005549,24362,3988496,2480,335118,16651,1153146,0.143468,63148,4779787,0.594673,19585,5932933,0.73814,8037679
4,2021-05-13,105096,10434259,77367,6082916,26193,4014689,1536,336654,40704,1132403,0.140887,64042,4843829,0.60264,43299,5976232,0.743527,8037679
4,2021-05-14,105423,10539682,74441,6157357,28847,4043536,2135,338789,40587,1111180,0.138246,64487,4908316,0.610663,43264,6019496,0.74891,8037679
4,2021-05-15,86046,10625728,66530,6223887,18179,4061715,1337,340126,37942,1102910,0.137217,47850,4956166,0.616617,39580,6059076,0.753834,8037679
4,2021-05-16,51812,10677540,41752,6265639,9343,4071058,717,340843,21204,1094523,0.136174,30449,4986615,0.620405,22062,6081138,0.756579,8037679
4,2021-05-17,71471,10749011,52198,6317837,17428,4088486,1845,342688,28217,1081791,0.13459,43033,5029648,0.625759,30301,6111439,0.760349,8037679
4,2021-05-18,82083,10831094,53355,6371192,26972,4115458,1756,344444,29292,1060792,0.131977,52419,5082067,0.63228,31420,6142859,0.764258,8037679
4,2021-05-19,77163,10908257,52159,6423351,23051,4138509,1953,346397,30978,1048143,0.130404,45866,5127933,0.637987,33217,6176076,0.76839,8037679
4,2021-05-20,69380,10977637,44606,6467957,22765,4161274,2009,348406,25710,1032842,0.1285,43368,5171301,0.643382,28067,6204143,0.771882,8037679
4,2021-05-21,74071,11051708,48836,6516793,23359,4184633,1876,350282,26116,1013465,0.126089,47635,5218936,0.649309,28258,6232401,0.775398,8037679
4,2021-05-22,50072,11101780,35115,6551908,13680,4198313,1277,351559,21744,1008567,0.12548,28155,5247091,0.652812,23257,6255658,0.778292,8037679
4,2021-05-23,24015,11125795,17131,6569039,6159,4204472,725,352284,9745,1005007,0.125037,14142,5261233,0.654571,10582,6266240,0.779608,8037679
4,2021-05-24,43227,11169022,27494,6596533,12718,4217190,3015,355299,15126,995481,0.123852,27868,5289101,0.658038,18342,6284582,0.78189,8037679
4,2021-05-25,44979,11214001,27944,6624477,14206,4231396,2829,358128,15888,985586,0.122621,28836,5317937,0.661626,18941,6303523,0.784247,8037679
4,2021-05-26,44678,11258679,26767,6651244,15301,4246697,2610,360738,15843,975604,0.121379,28608,5346545,0.665185,18626,6322149,0.786564,8037679
4,2021-05-27,38974,11297653,23362,6674606,12470,4259167,3142,363880,14650,969448,0.120613,24112,5370657,0.668185,17956,6340105,0.788798,8037679
4,2021-05-28,43354,11341007,27595,6702201,14154,4273321,1605,365485,18870,965937,0.120176,24209,5394866,0.671197,20698,6360803,0.791373,8037679
4,2021-05-29,23729,11364736,15392,6717593,7404,4280725,933,366418,10884,965193,0.120084,12693,5407559,0.672776,11949,6372752,0.79286,8037679
4,2021-05-30,12119,11376855,8515,6726108,3076,4283801,528,366946,5028,963801,0.11991,7018,5414577,0.673649,5626,6378378,0.79356,8037679
4,2021-05-31,3616,11380471,2298,6728406,1155,4284956,163,367109,1154,962733,0.119777,2406,5416983,0.673949,1338,6379716,0.793726,8037679
4,2021-06-01,39534,11420005,24569,6752975,12516,4297472,2449,369558,13027,952151,0.118461,26273,5443256,0.677217,15691,6395407,0.795678,8037679
4,2021-06-02,32683,11452688,20414,6773389,9460,4306932,2809,372367,10894,944400,0.117497,21599,5464855,0.679905,13848,6409255,0.797401,8037679
4,2021-06-03,48145,11500833,36938,6810327,8748,4315680,2459,374826,10331,919866,0.114444,37636,5502491,0.684587,13102,6422357,0.799031,8037679
4,2021-06-04,54889,11555722,44193,6854520,9367,4325047,1329,376155,12710,892789,0.111075,41930,5544421,0.689804,14853,6437210,0.800879,8037679
4,2021-06-05,44862,11600584,38410,6892930,5455,4330502,997,377152,8724,866831,0.107846,35980,5580401,0.69428,10022,6447232,0.802126,8037679
4,2021-06-06,21272,11621856,18979,6911909,1728,4332230,565,377717,3937,854505,0.106312,17227,5597628,0.696423,4901,6452133,0.802736,8037679
4,2021-06-07,38753,11660609,31362,6943271,5467,4337697,1924,379641,8399,834908,0.103874,30212,5627840,0.700182,10615,6462748,0.804056,8037679
4,2021-06-08,40648,11701257,31886,6975157,6215,4343912,2547,382188,9422,816193,0.101546,31029,5658869,0.704043,12314,6475062,0.805589,8037679
4,2021-06-09,38980,11740237,30906,7006063,5711,4349623,2363,384551,7916,795934,0.099025,30892,5689761,0.707886,10633,6485695,0.806911,8037679
4,2021-06-10,37180,11777417,29296,7035359,5260,4354883,2624,387175,8398,778602,0.096869,28620,5718381,0.711447,11288,6496983,0.808316,8037679
4,2021-06-11,38356,11815773,30093,7065452,6243,4361126,2020,389195,9867,762513,0.094867,28327,5746708,0.714971,12238,6509221,0.809838,8037679
4,2021-06-12,26603,11842376,22128,7087580,3761,4364887,714,389909,6031,749015,0.093188,20463,5767171,0.717517,6965,6516186,0.810705,8037679
4,2021-06-13,10849,11853225,8571,7096151,1801,4366688,477,390386,2279,743379,0.092487,8501,5775672,0.718575,2865,6519051,0.811061,8037679
4,2021-06-14,28608,11881833,21402,7117553,4399,4371087,2807,393193,7788,733513,0.091259,20681,5796353,0.721148,10815,6529866,0.812407,8037679
4,2021-06-15,29979,11911812,21193,7138746,5380,4376467,3406,396599,8281,723926,0.090067,21531,5817884,0.723826,11944,6541810,0.813893,8037679
4,2021-06-16,26607,11938419,20052,7158798,3929,4380396,2626,399225,8004,716347,0.089124,18419,5836303,0.726118,10840,6552650,0.815242,8037679
4,2021-06-17,25166,11963585,18581,7177379,3688,4384084,2897,402122,7618,709696,0.088296,17358,5853661,0.728278,10707,6563357,0.816574,8037679
4,2021-06-18,26794,11990379,21134,7198513,4427,4388511,1233,403355,8268,701127,0.08723,18320,5871981,0.730557,9751,6573108,0.817787,8037679
4,2021-06-19,15773,12006152,12758,7211271,2308,4390819,707,404062,5060,696500,0.086654,10564,5882545,0.731871,5937,6579045,0.818525,8037679
4,2021-06-20,7377,12013529,6077,7217348,993,4391812,307,404369,2623,694821,0.086445,4694,5887239,0.732455,3015,6582060,0.818901,8037679
4,2021-06-21,14598,12028127,10551,7227899,2909,4394721,1138,405507,7341,696297,0.086629,7167,5894406,0.733347,8643,6590703,0.819976,8037679
4,2021-06-22,20523,12048650,15987,7243886,3455,4398176,1081,406588,7118,691374,0.086017,13275,5907681,0.734998,8352,6599055,0.821015,8037679
4,2021-06-23,18431,12067081,14465,7258351,2972,4401148,994,407582,6714,687630,0.085551,11576,5919257,0.736439,7832,6606887,0.821989,8037679
4,2021-06-24,17611,12084692,13617,7271968,3004,4404152,990,408572,6568,684439,0.085154,10888,5930145,0.737793,7697,6614584,0.822947,8037679
4,2021-06-25,21585,12106277,16956,7288924,3579,4407731,1050,409622,7811,679834,0.084581,13634,5943779,0.739489,9029,6623613,0.82407,8037679
4,2021-06-26,13043,12119320,10610,7299534,1816,4409547,617,410239,4796,677214,0.084255,8143,5951922,0.740503,5523,6629136,0.824757,8037679
4,2021-06-27,6850,12126170,5548,7305082,959,4410506,343,410582,2876,676556,0.084173,3933,5955855,0.740992,3275,6632411,0.825165,8037679
4,2021-06-28,15072,12141242,12649,7317731,1567,4412073,856,411438,6043,674640,0.083935,8941,5964796,0.742104,7025,6639436,0.826039,8037679
4,2021-06-29,16467,12157709,12777,7330508,2882,4414955,808,412246,6343,671903,0.083594,10014,5974810,0.74335,7277,6646713,0.826944,8037679
4,2021-06-30,14562,12172271,11346,7341854,2479,4417434,737,412983,6042,670395,0.083407,8406,5983216,0.744396,6898,6653611,0.827803,8037679
4,2021-07-01,14459,12186730,11400,7353254,2313,4419747,746,413729,5920,668778,0.083205,8423,5991639,0.745444,6806,6660417,0.828649,8037679
4,2021-07-02,16779,12203509,13318,7366572,2696,4422443,765,414494,6852,666695,0.082946,9828,6001467,0.746667,7745,6668162,0.829613,8037679
4,2021-07-03,9163,12212672,7272,7373844,1484,4423927,407,414901,3967,666007,0.082861,5121,6006588,0.747304,4433,6672595,0.830164,8037679
4,2021-07-04,436,12213108,270,7374114,106,4424033,60,414961,192,666032,0.082864,238,6006826,0.747333,263,6672858,0.830197,8037679
4,2021-07-05,9200,12222308,7480,7381594,1304,4425337,416,415377,4174,665723,0.082825,4948,6011774,0.747949,4639,6677497,0.830774,8037679
4,2021-07-06,16472,12238780,12980,7394574,2692,4428029,800,416177,6065,662413,0.082413,10288,6022062,0.749229,6978,6684475,0.831642,8037679
4,2021-07-07,13707,12252487,10695,7405269,2235,4430264,777,416954,5174,660047,0.082119,8439,6030501,0.750279,6073,6690548,0.832398,8037679
4,2021-07-08,13205,12265692,10320,7415589,2058,4432322,827,417781,5177,658229,0.081893,7912,6038413,0.751263,6094,6696642,0.833156,8037679
4,2021-07-09,15404,12281096,11816,7427405,2651,4434973,937,418718,6266,656553,0.081684,8995,6047408,0.752382,7319,6703961,0.834067,8037679
4,2021-07-10,8829,12289925,6984,7434389,1446,4436419,399,419117,3713,655694,0.081578,5031,6052439,0.753008,4172,6708133,0.834586,8037679
4,2021-07-11,4976,12294901,3983,7438372,792,4437211,201,419318,2227,655445,0.081547,2707,6055146,0.753345,2458,6710591,0.834892,8037679
4,2021-07-12,13036,12307937,10330,7448702,1987,4439198,719,420037,5062,653434,0.081296,7895,6063041,0.754327,5884,6716475,0.835624,8037679
4,2021-07-13,12789,12320726,9789,7458491,2368,4441566,632,420669,5457,652394,0.081167,7225,6070266,0.755226,6185,6722660,0.836393,8037679
4,2021-07-14,11681,12332407,9201,7467692,1931,4443497,549,421218,5050,651523,0.081059,6540,6076806,0.75604,5669,6728329,0.837098,8037679
4,2021-07-15,12403,12344810,9847,7477539,1971,4445468,585,421803,5646,651198,0.081018,6630,6083436,0.756865,6305,6734634,0.837883,8037679
4,2021-07-16,14944,12359754,11655,7489194,2622,4448090,667,422470,6896,650920,0.080984,7948,6091384,0.757854,7670,6742304,0.838837,8037679
4,2021-07-17,9333,12369087,7376,7496570,1632,4449722,325,422795,4412,650877,0.080978,4822,6096206,0.758454,4779,6747083,0.839432,8037679
4,2021-07-18,5342,12374429,4299,7500869,843,4450565,200,422995,2521,650858,0.080976,2761,6098967,0.758797,2742,6749825,0.839773,8037679
4,2021-07-19,12771,12387200,10127,7510996,1991,4452556,653,423648,6050,651011,0.080995,6629,6105596,0.759622,6782,6756607,0.840617,8037679
4,2021-07-20,13702,12400902,10564,7521560,2474,4455030,664,424312,6747,651694,0.08108,6810,6112406,0.760469,7493,6764100,0.841549,8037679
4,2021-07-21,12789,12413691,9916,7531476,2224,4457254,649,424961,6359,652466,0.081176,6293,6118699,0.761252,7065,6771165,0.842428,8037679
4,2021-07-22,13430,12427121,10483,7541959,2295,4459549,652,425613,6988,653859,0.081349,6309,6125008,0.762037,7702,6778867,0.843386,8037679
4,2021-07-23,15632,12442753,12059,7554018,2884,4462433,689,426302,8189,655552,0.08156,7273,6132281,0.762942,8966,6787833,0.844502,8037679
4,2021-07-24,9548,12452301,7477,7561495,1744,4464177,327,426629,4901,656324,0.081656,4507,6136788,0.763502,5279,6793112,0.845158,8037679
4,2021-07-25,4740,12457041,3735,7565230,852,4465029,153,426782,3345,658498,0.081926,1339,6138127,0.763669,3513,6796625,0.845595,8037679
4,2021-07-26,12868,12469909,10102,7575332,2106,4467135,660,427442,7483,661454,0.082294,5243,6143370,0.764321,8199,6804824,0.846616,8037679
4,2021-07-27,14233,12484142,10926,7586258,2554,4469689,753,428195,7672,663511,0.08255,6408,6149778,0.765119,8465,6813289,0.847669,8037679
4,2021-07-28,13115,12497257,10041,7596299,2393,4472082,681,428876,7282,665865,0.082843,5667,6155445,0.765824,8021,6821310,0.848667,8037679
4,2021-07-29,13426,12510683,10457,7606756,2260,4474342,709,429585,7540,668531,0.083175,5662,6161107,0.766528,8328,6829638,0.849703,8037679
4,2021-07-30,15707,12526390,12078,7618834,2860,4477202,769,430354,8539,671138,0.083499,6805,6167912,0.767375,9412,6839050,0.850874,8037679
4,2021-07-31,9690,12536080,7590,7626424,1706,4478908,394,430748,5497,673071,0.083739,3999,6171911,0.767872,5932,6844982,0.851612,8037679
4,2021-08-01,5399,12541479,4467,7630891,771,4479679,161,430909,3188,674349,0.083898,2105,6174016,0.768134,3383,6848365,0.852033,8037679
4,2021-08-02,13949,12555428,11178,7642069,2058,4481737,713,431622,8157,677703,0.084316,5585,6179601,0.768829,8939,6857304,0.853145,8037679
4,2021-08-03,14606,12570034,11245,7653314,2606,4484343,755,432377,8401,680954,0.08472,5980,6185581,0.769573,9231,6866535,0.854293,8037679
4,2021-08-04,13249,12583283,10355,7663669,2230,4486573,664,433041,7506,683636,0.085054,5533,6191114,0.770261,8215,6874750,0.855315,8037679
4,2021-08-05,14213,12597496,11235,7674904,2219,4488792,759,433800,7974,686429,0.085401,5990,6197104,0.771007,8783,6883533,0.856408,8037679
4,2021-08-06,17032,12614528,13126,7688030,3060,4491852,846,434646,9514,689655,0.085803,7202,6204306,0.771903,10428,6893961,0.857705,8037679
4,2021-08-07,10115,12624643,8062,7696092,1629,4493481,424,435070,5523,691227,0.085998,4416,6208722,0.772452,5988,6899949,0.85845,8037679
4,2021-08-08,6190,12630833,4934,7701026,1061,4494542,195,435265,3576,692546,0.086162,2480,6211202,0.772761,3799,6903748,0.858923,8037679
4,2021-08-09,14276,12645109,11592,7712618,1976,4496518,708,435973,7632,694534,0.08641,6422,6217624,0.77356,8410,6912158,0.859969,8037679
4,2021-08-10,14161,12659270,10915,7723533,2547,4499065,699,436672,7412,696182,0.086615,6525,6224149,0.774371,8173,6920331,0.860986,8037679
4,2021-08-11,5860,12665130,4345,7727878,901,4499966,614,437286,2930,696949,0.08671,2843,6226992,0.774725,3610,6923941,0.861435,8037679
