vemquartile,administered_date,total_doses,cumulative_total_doses,pfizer_doses,cumulative_pfizer_doses,moderna_doses,cumulative_moderna_doses,jj_doses,cumulative_jj_doses,partially_vaccinated,total_partially_vaccinated,pct_age12pop_partially_vaccinated,fully_vaccinated,cumulative_fully_vaccinated,pct_age12pop_fully_vaccinated,at_least_one_dose,cumulative_at_least_one_dose,pct_age12pop_at_least_one_dose,age12_population
1,2020-12-15,154,154,154,154,0,0,0,0,154,154,1.8e-05,0,0,0.0,154,154,1.8e-05,8700223
1,2020-12-16,1229,1383,1229,1383,0,0,0,0,1229,1383,0.000159,0,0,0.0,1229,1383,0.000159,8700223
1,2020-12-17,4193,5576,4193,5576,0,0,0,0,4195,5578,0.000641,0,0,0.0,4195,5578,0.000641,8700223
1,2020-12-18,6382,11958,6358,11934,24,24,0,0,6386,11963,0.001375,1,1,0.0,6386,11964,0.001375,8700223
1,2020-12-19,2895,14853,2892,14826,3,27,0,0,2894,14856,0.001708,1,2,0.0,2894,14858,0.001708,8700223
1,2020-12-20,2137,16990,2127,16953,10,37,0,0,2138,16994,0.001953,0,2,0.0,2138,16996,0.001954,8700223
1,2020-12-21,7667,24657,7646,24599,21,58,0,0,7717,24711,0.00284,1,3,0.0,7718,24714,0.002841,8700223
1,2020-12-22,7323,31980,6979,31578,344,402,0,0,7324,32033,0.003682,2,5,1e-06,7324,32038,0.003682,8700223
1,2020-12-23,7841,39821,6578,38156,1263,1665,0,0,7837,39869,0.004583,2,7,1e-06,7838,39876,0.004583,8700223
1,2020-12-24,3309,43130,2365,40521,944,2609,0,0,3311,43180,0.004963,0,7,1e-06,3311,43187,0.004964,8700223
1,2020-12-25,242,43372,158,40679,84,2693,0,0,242,43422,0.004991,0,7,1e-06,242,43429,0.004992,8700223
1,2020-12-26,1373,44745,978,41657,395,3088,0,0,1372,44793,0.005148,1,8,1e-06,1372,44801,0.005149,8700223
1,2020-12-27,879,45624,544,42201,335,3423,0,0,879,45671,0.005249,1,9,1e-06,879,45680,0.00525,8700223
1,2020-12-28,7098,52722,4752,46953,2346,5769,0,0,7095,52766,0.006065,0,9,1e-06,7095,52775,0.006066,8700223
1,2020-12-29,9005,61727,5005,51958,4000,9769,0,0,9001,61765,0.007099,2,11,1e-06,9001,61776,0.007101,8700223
1,2020-12-30,11676,73403,6463,58421,5213,14982,0,0,11674,73438,0.008441,1,12,1e-06,11674,73450,0.008442,8700223
1,2020-12-31,6030,79433,1959,60380,4071,19053,0,0,6028,79463,0.009133,4,16,2e-06,6029,79479,0.009135,8700223
1,2021-01-01,615,80048,246,60626,369,19422,0,0,611,80072,0.009203,2,18,2e-06,611,80090,0.009206,8700223
1,2021-01-02,2925,82973,1771,62397,1154,20576,0,0,2925,82997,0.00954,0,18,2e-06,2925,83015,0.009542,8700223
1,2021-01-03,1055,84028,552,62949,503,21079,0,0,1053,84047,0.00966,3,21,2e-06,1053,84068,0.009663,8700223
1,2021-01-04,7410,91438,3607,66556,3803,24882,0,0,7413,91458,0.010512,2,23,3e-06,7413,91481,0.010515,8700223
1,2021-01-05,10938,102376,5256,71812,5682,30564,0,0,10137,100834,0.01159,783,806,9.3e-05,10159,101640,0.011682,8700223
1,2021-01-06,14116,116492,7070,78882,7046,37610,0,0,12189,111147,0.012775,1891,2697,0.00031,12204,113844,0.013085,8700223
1,2021-01-07,17626,134118,9177,88059,8449,46059,0,0,13095,119815,0.013771,4438,7135,0.00082,13106,126950,0.014592,8700223
1,2021-01-08,20239,154357,10509,98568,9730,55789,0,0,14269,128144,0.014729,5954,13089,0.001504,14283,141233,0.016233,8700223
1,2021-01-09,6717,161074,3416,101984,3301,59090,0,0,4843,131122,0.015071,1869,14958,0.001719,4847,146080,0.01679,8700223
1,2021-01-10,3114,164188,1774,103758,1340,60430,0,0,1920,131853,0.015155,1190,16148,0.001856,1921,148001,0.017011,8700223
1,2021-01-11,18167,182355,11860,115618,6307,66737,0,0,11601,136942,0.01574,6556,22704,0.00261,11645,159646,0.01835,8700223
1,2021-01-12,19170,201525,10973,126591,8197,74934,0,0,13165,144173,0.016571,5976,28680,0.003296,13207,172853,0.019868,8700223
1,2021-01-13,19892,221417,10767,137358,9125,84059,0,0,14726,153774,0.017675,5144,33824,0.003888,14745,187598,0.021562,8700223
1,2021-01-14,22171,243588,9482,146840,12689,96748,0,0,19400,170524,0.0196,2711,36535,0.004199,19461,207059,0.023799,8700223
1,2021-01-15,25268,268856,9258,156098,16010,112758,0,0,23320,191997,0.022068,1911,38446,0.004419,23384,230443,0.026487,8700223
1,2021-01-16,13917,282773,4570,160668,9347,122105,0,0,13019,204125,0.023462,895,39341,0.004522,13023,243466,0.027984,8700223
1,2021-01-17,5238,288011,2043,162711,3195,125300,0,0,4861,208613,0.023978,376,39717,0.004565,4864,248330,0.028543,8700223
1,2021-01-18,14374,302385,8628,171339,5746,131046,0,0,11178,216665,0.024903,3182,42899,0.004931,11234,259564,0.029834,8700223
1,2021-01-19,24800,327185,12807,184146,11993,143039,0,0,19610,231162,0.02657,5168,48067,0.005525,19665,279229,0.032094,8700223
1,2021-01-20,29471,356656,14747,198893,14724,157763,0,0,23536,248887,0.028607,5853,53920,0.006198,23578,302807,0.034805,8700223
1,2021-01-21,31329,387985,14722,213615,16607,174370,0,0,28028,273781,0.031468,3236,57156,0.006569,28130,330937,0.038038,8700223
1,2021-01-22,28439,416424,11295,224910,17144,191514,0,0,26357,298154,0.03427,2015,59171,0.006801,26388,357325,0.041071,8700223
1,2021-01-23,18752,435176,8203,233113,10549,202063,0,0,16790,313023,0.035979,1931,61102,0.007023,16800,374125,0.043002,8700223
1,2021-01-24,6705,441881,4169,237282,2536,204599,0,0,6041,318413,0.036598,658,61760,0.007099,6048,380173,0.043697,8700223
1,2021-01-25,25597,467478,10532,247814,15065,219664,0,0,19763,332501,0.038218,5785,67545,0.007764,19873,400046,0.045981,8700223
1,2021-01-26,28908,496386,13513,261327,15395,235059,0,0,22159,347997,0.039999,6685,74230,0.008532,22181,422227,0.048531,8700223
1,2021-01-27,32763,529149,15594,276921,17169,252228,0,0,24596,364529,0.041899,8102,82332,0.009463,24634,446861,0.051362,8700223
1,2021-01-28,35071,564220,16459,293380,18612,270840,0,0,28074,385745,0.044337,6929,89261,0.01026,28145,475006,0.054597,8700223
1,2021-01-29,33835,598055,16520,309900,17315,288155,0,0,27191,406484,0.046721,6499,95760,0.011007,27238,502244,0.057728,8700223
1,2021-01-30,20221,618276,8744,318644,11477,299632,0,0,18072,422450,0.048556,2118,97878,0.01125,18084,520328,0.059806,8700223
1,2021-01-31,7719,625995,5017,323661,2702,302334,0,0,6996,428734,0.049279,715,98593,0.011332,6999,527327,0.060611,8700223
1,2021-02-01,29142,655137,12574,336235,16568,318902,0,0,21268,442193,0.050825,7818,106411,0.012231,21277,548604,0.063056,8700223
1,2021-02-02,32848,687985,11858,348093,20990,339892,0,0,24532,458534,0.052704,8230,114641,0.013177,24571,573175,0.06588,8700223
1,2021-02-03,39731,727716,15290,363383,24441,364333,0,0,28597,476202,0.054734,10965,125606,0.014437,28633,601808,0.069172,8700223
1,2021-02-04,44169,771885,17189,380572,26980,391313,0,0,31812,495833,0.056991,12231,137837,0.015843,31862,633670,0.072834,8700223
1,2021-02-05,46948,818833,17186,397758,29762,421075,0,0,30707,510513,0.058678,16086,153923,0.017692,30766,664436,0.07637,8700223
1,2021-02-06,26577,845410,10498,408256,16079,437154,0,0,20647,525297,0.060377,5882,159805,0.018368,20666,685102,0.078745,8700223
1,2021-02-07,6295,851705,4045,412301,2250,439404,0,0,4639,528319,0.060725,1636,161441,0.018556,4658,689760,0.079281,8700223
1,2021-02-08,31712,883417,14459,426760,17253,456657,0,0,21109,539023,0.061955,10505,171946,0.019763,21209,710969,0.081718,8700223
1,2021-02-09,38654,922071,16986,443746,21668,478325,0,0,23808,548153,0.063004,14762,186708,0.02146,23892,734861,0.084465,8700223
1,2021-02-10,47426,969497,22241,465987,25185,503510,0,0,26979,554895,0.063779,20318,207026,0.023795,27060,761921,0.087575,8700223
1,2021-02-11,52109,1021606,25489,491476,26620,530130,0,0,30995,565211,0.064965,20795,227821,0.026186,31111,793032,0.091151,8700223
1,2021-02-12,50123,1071729,21539,513015,28584,558714,0,0,28724,572839,0.065842,21236,249057,0.028627,28864,821896,0.094468,8700223
1,2021-02-13,26478,1098207,11545,524560,14933,573647,0,0,15332,577176,0.06634,11073,260130,0.029899,15410,837306,0.09624,8700223
1,2021-02-14,11815,1110022,5575,530135,6240,579887,0,0,6720,578902,0.066539,5062,265192,0.030481,6788,844094,0.09702,8700223
1,2021-02-15,24014,1134036,9440,539575,14574,594461,0,0,14606,584342,0.067164,9283,274475,0.031548,14723,858817,0.098712,8700223
1,2021-02-16,47269,1181305,22539,562114,24730,619191,0,0,27494,592264,0.068075,19688,294163,0.033811,27610,886427,0.101886,8700223
1,2021-02-17,48625,1229930,24620,586734,24005,643196,0,0,26149,596250,0.068533,22314,316477,0.036376,26300,912727,0.104908,8700223
1,2021-02-18,51306,1281236,25658,612392,25648,668844,0,0,26522,598484,0.06879,24531,341008,0.039195,26765,939492,0.107985,8700223
1,2021-02-19,46735,1327971,25330,637722,21405,690249,0,0,26136,604248,0.069452,20433,361441,0.041544,26197,965689,0.110996,8700223
1,2021-02-20,27816,1355787,16892,654614,10924,701173,0,0,15850,608284,0.069916,11899,373340,0.042912,15935,981624,0.112827,8700223
1,2021-02-21,12423,1368210,10682,665296,1741,702914,0,0,7455,610888,0.070215,4903,378243,0.043475,7507,989131,0.11369,8700223
1,2021-02-22,31760,1399970,20866,686162,10894,713808,0,0,18255,615844,0.070785,13406,391649,0.045016,18362,1007493,0.115801,8700223
1,2021-02-23,46005,1445975,22340,708502,23665,737473,0,0,25241,620984,0.071376,20467,412116,0.047368,25607,1033100,0.118744,8700223
1,2021-02-24,56065,1502040,27083,735585,28982,766455,0,0,30813,627211,0.072091,25045,437161,0.050247,31272,1064372,0.122338,8700223
1,2021-02-25,68670,1570710,33343,768928,35327,801782,0,0,42437,644096,0.074032,26055,463216,0.053242,42940,1107312,0.127274,8700223
1,2021-02-26,76741,1647451,35924,804852,40817,842599,0,0,50110,668313,0.076816,26377,489593,0.056274,50594,1157906,0.133089,8700223
1,2021-02-27,52812,1700263,24231,829083,28572,871171,9,9,34639,685207,0.078757,18026,507619,0.058346,34920,1192826,0.137103,8700223
1,2021-02-28,20274,1720537,12033,841116,8239,879410,2,11,14840,694849,0.079866,5344,512963,0.05896,14986,1207812,0.138825,8700223
1,2021-03-01,46289,1766826,21404,862520,24828,904238,57,68,29724,708502,0.081435,16375,529338,0.060842,30028,1237840,0.142277,8700223
1,2021-03-02,64922,1831748,28067,890587,36844,941082,11,79,41280,726987,0.08356,23452,552790,0.063537,41937,1279777,0.147097,8700223
1,2021-03-03,72211,1903959,34342,924929,37840,978922,29,108,43896,743381,0.085444,28143,580933,0.066772,44537,1324314,0.152216,8700223
1,2021-03-04,80171,1984130,37597,962526,42538,1021460,36,144,51450,766857,0.088142,28525,609458,0.070051,52001,1376315,0.158193,8700223
1,2021-03-05,79181,2063311,35700,998226,43272,1064732,209,353,52797,794382,0.091306,26131,635589,0.073054,53656,1429971,0.16436,8700223
1,2021-03-06,58076,2121387,27611,1025837,29115,1093847,1350,1703,39305,816721,0.093874,18685,654274,0.075202,41024,1470995,0.169076,8700223
1,2021-03-07,20994,2142381,13052,1038889,6749,1100596,1193,2896,15548,828292,0.095204,5418,659692,0.075825,16989,1487984,0.171028,8700223
1,2021-03-08,46147,2188528,22535,1061424,21652,1122248,1960,4856,32324,849192,0.097606,13716,673408,0.077401,34616,1522600,0.175007,8700223
1,2021-03-09,66894,2255422,32361,1093785,32019,1154267,2514,7370,41144,867590,0.09972,25594,699002,0.080343,43992,1566592,0.180063,8700223
1,2021-03-10,74217,2329639,36990,1130775,32732,1186999,4495,11865,45734,889812,0.102275,28367,727369,0.083603,50589,1617181,0.185878,8700223
1,2021-03-11,90419,2420058,41608,1172383,40800,1227799,8011,19876,52651,913395,0.104985,37526,764895,0.087917,61109,1678290,0.192902,8700223
1,2021-03-12,99270,2519328,43771,1216154,43090,1270889,12409,32285,57974,943143,0.108404,41065,805960,0.092637,70813,1749103,0.201041,8700223
1,2021-03-13,65419,2584747,29562,1245716,28181,1299070,7676,39961,41730,969296,0.11141,23550,829510,0.095344,49703,1798806,0.206754,8700223
1,2021-03-14,27947,2612694,14948,1260664,9431,1308501,3568,43529,15656,976487,0.112237,12214,841724,0.096747,19405,1818211,0.208984,8700223
1,2021-03-15,65370,2678064,28828,1289492,29787,1338288,6755,50284,38430,995306,0.1144,26712,868436,0.099818,45531,1863742,0.214218,8700223
1,2021-03-16,85878,2763942,39151,1328643,41080,1379368,5647,55931,53201,1022048,0.117474,32444,900880,0.103547,59186,1922928,0.221021,8700223
1,2021-03-17,93359,2857301,45564,1374207,41251,1420619,6544,62475,60034,1055897,0.121364,33073,933953,0.107348,66922,1989850,0.228713,8700223
1,2021-03-18,98910,2956211,50988,1425195,42201,1462820,5721,68196,59762,1083086,0.124489,38779,972732,0.111805,65968,2055818,0.236295,8700223
1,2021-03-19,103923,3060134,53813,1479008,43811,1506631,6299,74495,60654,1107587,0.127306,42959,1015691,0.116743,67460,2123278,0.244049,8700223
1,2021-03-20,72934,3133068,37351,1516359,30366,1536997,5217,79712,46857,1134049,0.130347,25881,1041572,0.119718,52343,2175621,0.250065,8700223
1,2021-03-21,27348,3160416,19075,1535434,6464,1543461,1809,81521,17010,1142717,0.131343,10239,1051811,0.120895,18907,2194528,0.252238,8700223
1,2021-03-22,59361,3219777,30658,1566092,25396,1568857,3307,84828,39923,1167107,0.134147,19208,1071019,0.123102,43598,2238126,0.257249,8700223
1,2021-03-23,83588,3303365,42583,1608675,37371,1606228,3634,88462,51245,1190362,0.13682,32078,1103097,0.12679,55333,2293459,0.263609,8700223
1,2021-03-24,88457,3391822,44730,1653405,39357,1645585,4370,92832,52679,1212091,0.139317,35476,1138573,0.130867,57205,2350664,0.270184,8700223
1,2021-03-25,97327,3489149,49783,1703188,41696,1687281,5848,98680,53863,1228884,0.141247,43125,1181698,0.135824,59918,2410582,0.277071,8700223
1,2021-03-26,105622,3594771,51244,1754432,48054,1735335,6324,105004,56583,1243431,0.142919,48656,1230354,0.141416,63203,2473785,0.284336,8700223
1,2021-03-27,74309,3669080,38397,1792829,31701,1767036,4211,109215,38077,1249919,0.143665,35995,1266349,0.145554,42483,2516268,0.289219,8700223
1,2021-03-28,32856,3701936,21508,1814337,10122,1777158,1226,110441,16441,1251734,0.143874,16302,1282651,0.147427,18117,2534385,0.291301,8700223
1,2021-03-29,68756,3770692,33867,1848204,31717,1808875,3172,113613,37902,1262402,0.1451,30614,1313265,0.150946,41282,2575667,0.296046,8700223
1,2021-03-30,93521,3864213,45707,1893911,41405,1850280,6409,120022,48079,1271757,0.146175,45203,1358468,0.156142,54558,2630225,0.302317,8700223
1,2021-03-31,102133,3966346,53144,1947055,42739,1893019,6250,126272,55932,1288131,0.148057,45857,1404325,0.161413,62231,2692456,0.30947,8700223
1,2021-04-01,113748,4080094,54342,2001397,50580,1943599,8826,135098,57738,1299194,0.149329,55534,1459859,0.167796,66597,2759053,0.317124,8700223
1,2021-04-02,112910,4193004,51420,2052817,51752,1995351,9738,144836,57338,1311346,0.150726,55119,1514978,0.174131,67271,2826324,0.324857,8700223
1,2021-04-03,78806,4271810,39642,2092459,29478,2024829,9686,154522,37025,1316523,0.151321,41581,1556559,0.17891,46758,2873082,0.330231,8700223
1,2021-04-04,23822,4295632,11849,2104308,8495,2033324,3478,158000,9945,1316127,0.151275,13805,1570364,0.180497,13409,2886491,0.331772,8700223
1,2021-04-05,77718,4373350,37031,2141339,31292,2064616,9395,167395,35024,1318221,0.151516,42469,1612833,0.185378,44563,2931054,0.336894,8700223
1,2021-04-06,104939,4478289,49727,2191066,38513,2103129,16699,184094,47532,1325364,0.152337,57088,1669921,0.19194,64231,2995285,0.344277,8700223
1,2021-04-07,112943,4591232,54747,2245813,40510,2143639,17686,201780,50971,1332366,0.153142,61648,1731569,0.199026,68650,3063935,0.352167,8700223
1,2021-04-08,123353,4714585,58384,2304197,43840,2187479,21129,222909,54594,1339796,0.153996,68317,1799886,0.206878,75747,3139682,0.360874,8700223
1,2021-04-09,124503,4839088,56768,2360965,46811,2234290,20924,243833,54694,1345994,0.154708,69437,1869323,0.214859,75635,3215317,0.369567,8700223
1,2021-04-10,97416,4936504,43435,2404400,30924,2265214,23057,266890,38563,1348917,0.155044,58622,1927945,0.221597,61545,3276862,0.376641,8700223
1,2021-04-11,36761,4973265,20415,2424815,9449,2274663,6897,273787,14863,1348939,0.155046,21831,1949776,0.224106,21853,3298715,0.379153,8700223
1,2021-04-12,75051,5048316,33488,2458303,31506,2306169,10057,283844,31867,1348116,0.154952,42879,1992655,0.229035,42056,3340771,0.383987,8700223
1,2021-04-13,98385,5146701,52576,2510879,45466,2351635,343,284187,53148,1357035,0.155977,44921,2037576,0.234198,53840,3394611,0.390175,8700223
1,2021-04-14,105270,5251971,54525,2565404,50667,2402302,78,284265,53468,1359542,0.156265,51409,2088985,0.240107,53916,3448527,0.396372,8700223
1,2021-04-15,106049,5358020,57556,2622960,48400,2450702,93,284358,56238,1366845,0.157105,49202,2138187,0.245762,56505,3505032,0.402867,8700223
1,2021-04-16,111021,5469041,56845,2679805,54086,2504788,90,284448,55401,1367456,0.157175,55069,2193256,0.252092,55680,3560712,0.409267,8700223
1,2021-04-17,83550,5552591,45362,2725167,38176,2542964,12,284460,46561,1377450,0.158324,36742,2229998,0.256315,46736,3607448,0.414639,8700223
1,2021-04-18,30554,5583145,20675,2745842,9872,2552836,7,284467,15330,1377866,0.158371,15129,2245127,0.258054,15545,3622993,0.416425,8700223
1,2021-04-19,67270,5650415,34050,2779892,33207,2586043,13,284480,30323,1371765,0.15767,36568,2281695,0.262257,30467,3653460,0.419927,8700223
1,2021-04-20,88551,5738966,44565,2824457,43962,2630005,24,284504,41307,1366424,0.157056,46873,2328568,0.267645,41532,3694992,0.424701,8700223
1,2021-04-21,98024,5836990,51135,2875592,46785,2676790,104,284608,43764,1356866,0.155958,53668,2382236,0.273813,44110,3739102,0.429771,8700223
1,2021-04-22,97837,5934827,51165,2926757,46653,2723443,19,284627,44764,1349330,0.155091,52537,2434773,0.279852,45001,3784103,0.434943,8700223
1,2021-04-23,102790,6037617,53091,2979848,49671,2773114,28,284655,48792,1344933,0.154586,53456,2488229,0.285996,49059,3833162,0.440582,8700223
1,2021-04-24,76531,6114148,47476,3027324,29028,2802142,27,284682,43060,1354970,0.15574,33310,2521539,0.289825,43347,3876509,0.445564,8700223
1,2021-04-25,27411,6141559,17454,3044778,9943,2812085,14,284696,15624,1359086,0.156213,11664,2533203,0.291165,15780,3892289,0.447378,8700223
1,2021-04-26,66588,6208147,34939,3079717,31244,2843329,405,285101,31415,1356390,0.155903,34852,2568055,0.295171,32156,3924445,0.451074,8700223
1,2021-04-27,81911,6290058,43561,3123278,37043,2880372,1307,286408,35315,1347069,0.154832,46283,2614338,0.300491,36962,3961407,0.455322,8700223
1,2021-04-28,81710,6371768,43481,3166759,36712,2917084,1517,287925,35686,1338840,0.153886,45656,2659994,0.305739,37427,3998834,0.459624,8700223
1,2021-04-29,85117,6456885,46855,3213614,36629,2953713,1633,289558,34626,1325165,0.152314,50098,2710092,0.311497,36423,4035257,0.463811,8700223
1,2021-04-30,92814,6549699,50265,3263879,40661,2994374,1888,291446,38563,1311882,0.150787,53892,2763984,0.317691,40609,4075866,0.468478,8700223
1,2021-05-01,63999,6613698,41271,3305150,21295,3015669,1433,292879,26937,1303679,0.149844,36788,2800772,0.32192,28585,4104451,0.471764,8700223
1,2021-05-02,23538,6637236,16677,3321827,6282,3021951,579,293458,9472,1299803,0.149399,13954,2814726,0.323523,10078,4114529,0.472922,8700223
1,2021-05-03,56466,6693702,31320,3353147,23298,3045249,1848,295306,20450,1286406,0.147859,35748,2850474,0.327632,22351,4136880,0.475491,8700223
1,2021-05-04,76077,6769779,43838,3396985,30135,3075384,2104,297410,27224,1267281,0.145661,48532,2899006,0.333211,29407,4166287,0.478871,8700223
1,2021-05-05,78490,6848269,45496,3442481,30688,3106072,2306,299716,26572,1244694,0.143065,51545,2950551,0.339135,28958,4195245,0.4822,8700223
1,2021-05-06,79982,6928251,48564,3491045,29232,3135304,2186,301902,24941,1217345,0.139921,54629,3005180,0.345414,27280,4222525,0.485335,8700223
1,2021-05-07,83589,7011840,47579,3538624,33811,3169115,2199,304101,27889,1192271,0.137039,55224,3060404,0.351762,30150,4252675,0.488801,8700223
1,2021-05-08,57480,7069320,36068,3574692,19762,3188877,1650,305751,19524,1175924,0.13516,37608,3098012,0.356084,21261,4273936,0.491244,8700223
1,2021-05-09,18355,7087675,13168,3587860,4708,3193585,479,306230,5574,1169310,0.1344,12701,3110713,0.357544,6087,4280023,0.491944,8700223
1,2021-05-10,44356,7132031,22435,3610295,20088,3213673,1833,308063,14827,1156824,0.132965,29234,3139947,0.360904,16748,4296771,0.493869,8700223
1,2021-05-11,62898,7194929,34211,3644506,26528,3240201,2159,310222,20659,1137814,0.13078,41936,3181883,0.365724,22926,4319697,0.496504,8700223
1,2021-05-12,63027,7257956,33498,3678004,27464,3267665,2065,312287,20692,1118644,0.128576,41992,3223875,0.370551,22822,4342519,0.499127,8700223
1,2021-05-13,67294,7325250,39485,3717489,25815,3293480,1994,314281,25621,1105274,0.12704,41267,3265142,0.375294,27897,4370416,0.502334,8700223
1,2021-05-14,76879,7402129,46369,3763858,28104,3321584,2406,316687,31055,1093610,0.125699,45404,3310546,0.380513,33740,4404156,0.506212,8700223
1,2021-05-15,66856,7468985,43906,3807764,21180,3342764,1770,318457,26632,1082189,0.124386,39889,3350435,0.385098,28468,4432624,0.509484,8700223
1,2021-05-16,25120,7494105,18522,3826286,5978,3348742,620,319077,10243,1078347,0.123945,14751,3365186,0.386793,10909,4443533,0.510738,8700223
1,2021-05-17,54421,7548526,33273,3859559,19369,3368111,1779,320856,23076,1072192,0.123237,31066,3396252,0.390364,24911,4468444,0.513601,8700223
1,2021-05-18,65241,7613767,39327,3898886,24073,3392184,1841,322697,28292,1065753,0.122497,36661,3432913,0.394578,30222,4498666,0.517075,8700223
1,2021-05-19,66651,7680418,40611,3939497,24106,3416290,1934,324631,29826,1061066,0.121958,36522,3469435,0.398775,31835,4530501,0.520734,8700223
1,2021-05-20,64905,7745323,37667,3977164,25013,3441303,2225,326856,26693,1052331,0.120954,37854,3507289,0.403126,29119,4559620,0.524081,8700223
1,2021-05-21,70554,7815877,42204,4019368,26479,3467782,1871,328727,29112,1042383,0.119811,41023,3548312,0.407842,31075,4590695,0.527653,8700223
1,2021-05-22,56491,7872368,37174,4056542,17586,3485368,1731,330458,24571,1037139,0.119208,31637,3579949,0.411478,26393,4617088,0.530686,8700223
1,2021-05-23,20523,7892891,14355,4070897,5581,3490949,587,331045,9509,1036352,0.119118,10907,3590856,0.412731,10120,4627208,0.531849,8700223
1,2021-05-24,44171,7937062,24653,4095550,17674,3508623,1844,332889,17878,1030126,0.118402,26029,3616885,0.415723,19803,4647011,0.534126,8700223
1,2021-05-25,51078,7988140,29406,4124956,19967,3528590,1705,334594,21179,1023499,0.117641,29607,3646492,0.419126,22980,4669991,0.536767,8700223
1,2021-05-26,48575,8036715,27534,4152490,19137,3547727,1904,336498,20549,1018278,0.11704,27712,3674204,0.422311,22491,4692482,0.539352,8700223
1,2021-05-27,47049,8083764,26392,4178882,18740,3566467,1917,338415,20138,1013833,0.11653,26614,3700818,0.42537,22169,4714651,0.5419,8700223
1,2021-05-28,52596,8136360,29344,4208226,21417,3587884,1835,340250,23531,1010601,0.116158,28723,3729541,0.428672,25491,4740142,0.54483,8700223
1,2021-05-29,30693,8167053,18589,4226815,11137,3599021,967,341217,14600,1010286,0.116122,15938,3745479,0.430504,15623,4755765,0.546626,8700223
1,2021-05-30,11713,8178766,7567,4234382,3588,3602609,558,341775,5529,1010289,0.116122,6108,3751587,0.431206,6111,4761876,0.547328,8700223
1,2021-05-31,5763,8184529,3277,4237659,2229,3604838,257,342032,2008,1008874,0.11596,3692,3755279,0.43163,2277,4764153,0.54759,8700223
1,2021-06-01,45962,8230491,25985,4263644,18397,3623235,1580,343612,17371,999656,0.1149,28231,3783510,0.434875,19013,4783166,0.549775,8700223
1,2021-06-02,40065,8270556,23241,4286885,15310,3638545,1514,345126,16134,993762,0.114223,23623,3807133,0.43759,17729,4800895,0.551813,8700223
1,2021-06-03,41563,8312119,26031,4312916,13810,3652355,1722,346848,15832,985972,0.113327,25420,3832553,0.440512,17630,4818525,0.553839,8700223
1,2021-06-04,50284,8362403,32186,4345102,16283,3668638,1815,348663,17962,973874,0.111937,31954,3864507,0.444185,19856,4838381,0.556121,8700223
1,2021-06-05,40439,8402842,27591,4372693,10838,3679476,2010,350673,14169,964056,0.110808,26048,3890555,0.447179,16230,4854611,0.557987,8700223
1,2021-06-06,13249,8416091,10608,4383301,2126,3681602,515,351188,4566,960601,0.110411,8598,3899153,0.448167,5143,4859754,0.558578,8700223
1,2021-06-07,34039,8450130,23454,4406755,9218,3690820,1367,352555,12054,952305,0.109458,21769,3920922,0.450669,13473,4873227,0.560127,8700223
1,2021-06-08,42322,8492452,29284,4436039,11377,3702197,1661,354216,14721,941456,0.108211,27320,3948242,0.453809,16471,4889698,0.56202,8700223
1,2021-06-09,42235,8534687,29299,4465338,11289,3713486,1647,355863,13730,928698,0.106744,28190,3976432,0.457049,15432,4905130,0.563794,8700223
1,2021-06-10,39213,8573900,26398,4491736,11108,3724594,1707,357570,13363,918279,0.105547,25589,4002021,0.459991,15170,4920300,0.565537,8700223
1,2021-06-11,44155,8618055,29277,4521013,13186,3737780,1692,359262,15679,907565,0.104315,28163,4030184,0.463228,17449,4937749,0.567543,8700223
1,2021-06-12,33864,8651919,24482,4545495,8163,3745943,1219,360481,11097,897398,0.103147,22549,4052733,0.465819,12382,4950131,0.568966,8700223
1,2021-06-13,11646,8663565,8468,4553963,2698,3748641,480,360961,3386,893111,0.102654,8186,4060919,0.46676,3899,4954030,0.569414,8700223
1,2021-06-14,31041,8694606,20894,4574857,8827,3757468,1320,362281,11559,886744,0.101922,19274,4080193,0.468976,12907,4966937,0.570898,8700223
1,2021-06-15,37386,8731992,24501,4599358,11022,3768490,1863,364144,13846,879284,0.101065,23258,4103451,0.471649,15798,4982735,0.572713,8700223
1,2021-06-16,35604,8767596,24060,4623418,9700,3778190,1844,365988,13376,872605,0.100297,21954,4125405,0.474172,15275,4998010,0.574469,8700223
1,2021-06-17,33739,8801335,22310,4645728,9470,3787660,1959,367947,13165,867488,0.099709,20330,4145735,0.476509,15213,5013223,0.576218,8700223
1,2021-06-18,39845,8841180,25889,4671617,11092,3798752,2864,370811,15485,861823,0.099058,24067,4169802,0.479275,18402,5031625,0.578333,8700223
1,2021-06-19,24094,8865274,16716,4688333,6177,3804929,1201,372012,9803,858750,0.098704,14116,4183918,0.480898,11043,5042668,0.579602,8700223
1,2021-06-20,8161,8873435,5979,4694312,1905,3806834,277,372289,3239,857424,0.098552,4853,4188771,0.481456,3527,5046195,0.580008,8700223
1,2021-06-21,21039,8894474,11902,4706214,6940,3813774,2197,374486,10963,860671,0.098925,9958,4198729,0.4826,13205,5059400,0.581525,8700223
1,2021-06-22,30930,8925404,20196,4726410,8583,3822357,2151,376637,12960,858095,0.098629,17751,4216480,0.48464,15175,5074575,0.58327,8700223
1,2021-06-23,29505,8954909,19823,4746233,7862,3830219,1820,378457,12875,856409,0.098435,16407,4232887,0.486526,14721,5089296,0.584962,8700223
1,2021-06-24,28514,8983423,18990,4765223,7847,3838066,1677,380134,12102,854051,0.098164,16206,4249093,0.488389,13848,5103144,0.586553,8700223
1,2021-06-25,31857,9015280,21563,4786786,8883,3846949,1411,381545,14006,851917,0.097919,17608,4266701,0.490413,15474,5118618,0.588332,8700223
1,2021-06-26,22541,9037821,16744,4803530,4957,3851906,840,382385,9847,850084,0.097708,12570,4279271,0.491858,10737,5129355,0.589566,8700223
1,2021-06-27,9202,9047023,6852,4810382,1915,3853821,435,382820,4073,849548,0.097647,5059,4284330,0.492439,4523,5133878,0.590086,8700223
1,2021-06-28,21262,9068285,15803,4826185,4205,3858026,1254,384074,9851,849486,0.09764,11214,4295544,0.493728,11152,5145030,0.591368,8700223
1,2021-06-29,27022,9095307,18493,4844678,7134,3865160,1395,385469,11918,847946,0.097463,14910,4310454,0.495442,13370,5158400,0.592904,8700223
1,2021-06-30,26228,9121535,18143,4862821,7024,3872184,1061,386530,12464,848003,0.097469,13539,4323993,0.496998,13596,5171996,0.594467,8700223
1,2021-07-01,24051,9145586,16720,4879541,6027,3878211,1304,387834,11139,847772,0.097443,12751,4336744,0.498464,12520,5184516,0.595906,8700223
1,2021-07-02,26793,9172379,18407,4897948,7337,3885548,1049,388883,12527,847364,0.097396,14066,4350810,0.50008,13658,5198174,0.597476,8700223
1,2021-07-03,14860,9187239,10388,4908336,4022,3889570,450,389333,7081,847284,0.097386,7645,4358455,0.500959,7565,5205739,0.598345,8700223
1,2021-07-04,1289,9188528,726,4909062,496,3890066,67,389400,622,847322,0.097391,656,4359111,0.501034,694,5206433,0.598425,8700223
1,2021-07-05,11142,9199670,7713,4916775,3065,3893131,364,389764,5286,847233,0.097381,5787,4364898,0.5017,5698,5212131,0.59908,8700223
1,2021-07-06,27513,9227183,19442,4936217,6921,3900052,1150,390914,11004,843163,0.096913,16324,4381222,0.503576,12254,5224385,0.600489,8700223
1,2021-07-07,24042,9251225,16829,4953046,6045,3906097,1168,392082,10362,841287,0.096697,13491,4394713,0.505126,11615,5236000,0.601824,8700223
1,2021-07-08,22971,9274196,15880,4968926,5996,3912093,1095,393177,9930,839498,0.096492,12903,4407616,0.50661,11114,5247114,0.603101,8700223
1,2021-07-09,27137,9301333,19196,4988122,6770,3918863,1171,394348,12210,838184,0.096341,14750,4422366,0.508305,13436,5260550,0.604645,8700223
1,2021-07-10,17957,9319290,12957,5001079,4230,3923093,770,395118,7988,837146,0.096221,9843,4432209,0.509436,8805,5269355,0.605657,8700223
1,2021-07-11,6797,9326087,4976,5006055,1616,3924709,205,395323,3280,837184,0.096226,3465,4435674,0.509835,3503,5272858,0.60606,8700223
1,2021-07-12,20322,9346409,14598,5020653,4828,3929537,896,396219,9000,835992,0.096089,11181,4446855,0.51112,9989,5282847,0.607208,8700223
1,2021-07-13,22447,9368856,15686,5036339,5952,3935489,809,397028,10505,835597,0.096043,11795,4458650,0.512475,11400,5294247,0.608519,8700223
1,2021-07-14,22503,9391359,15460,5051799,6060,3941549,983,398011,10125,834593,0.095928,12222,4470872,0.51388,11218,5305465,0.609808,8700223
1,2021-07-15,21895,9413254,15530,5067329,5632,3947181,733,398744,10570,834824,0.095954,11176,4482048,0.515165,11407,5316872,0.611119,8700223
1,2021-07-16,26963,9440217,18845,5086174,7114,3954295,1004,399748,13372,835860,0.096073,13427,4495475,0.516708,14463,5331335,0.612781,8700223
1,2021-07-17,18703,9458920,13508,5099682,4490,3958785,705,400453,9199,836425,0.096138,9375,4504850,0.517786,9940,5341275,0.613924,8700223
1,2021-07-18,7483,9466403,5526,5105208,1671,3960456,286,400739,3833,836968,0.096201,3592,4508442,0.518198,4135,5345410,0.614399,8700223
1,2021-07-19,20916,9487319,15165,5120373,4918,3965374,833,401572,10496,838108,0.096332,10287,4518729,0.519381,11427,5356837,0.615713,8700223
1,2021-07-20,24944,9512263,17271,5137644,6789,3972163,884,402456,12819,839965,0.096545,11938,4530667,0.520753,13795,5370632,0.617298,8700223
1,2021-07-21,25242,9537505,17780,5155424,6255,3978418,1207,403663,12904,842013,0.096781,12180,4542847,0.522153,14228,5384860,0.618934,8700223
1,2021-07-22,24436,9561941,17282,5172706,6311,3984729,843,404506,13314,845326,0.097161,10936,4553783,0.52341,14249,5399109,0.620571,8700223
1,2021-07-23,29039,9590980,20531,5193237,7492,3992221,1016,405522,16180,849928,0.09769,12661,4566444,0.524865,17263,5416372,0.622556,8700223
1,2021-07-24,18180,9609160,12827,5206064,4787,3997008,566,406088,10700,853860,0.098142,7361,4573805,0.525711,11293,5427665,0.623854,8700223
1,2021-07-25,7499,9616659,5395,5211459,1988,3998996,116,406204,5596,857727,0.098587,1865,4575670,0.525926,5732,5433397,0.624512,8700223
1,2021-07-26,21360,9638019,14775,5226234,5833,4004829,752,406956,13807,864924,0.099414,7434,4583104,0.52678,14631,5448028,0.626194,8700223
1,2021-07-27,26964,9664983,19242,5245476,6785,4011614,937,407893,15892,870904,0.100101,10905,4594009,0.528033,16885,5464913,0.628135,8700223
1,2021-07-28,28030,9693013,19893,5265369,7267,4018881,870,408763,17208,878420,0.100965,10632,4604641,0.529256,18148,5483061,0.630221,8700223
1,2021-07-29,26625,9719638,18912,5284281,6925,4025806,788,409551,16667,886156,0.101854,9784,4614425,0.53038,17520,5500581,0.632234,8700223
1,2021-07-30,31071,9750709,22230,5306511,7939,4033745,902,410453,19012,894264,0.102786,11847,4626272,0.531742,19955,5520536,0.634528,8700223
1,2021-07-31,19901,9770610,14441,5320952,4922,4038667,538,410991,12379,899846,0.103428,7365,4633637,0.532588,12947,5533483,0.636016,8700223
1,2021-08-01,8838,9779448,6662,5327614,2049,4040716,127,411118,6055,903320,0.103827,2737,4636374,0.532903,6211,5539694,0.63673,8700223
1,2021-08-02,24793,9804241,18468,5346082,5622,4046338,703,411821,16135,911704,0.104791,8503,4644877,0.53388,16887,5556581,0.638671,8700223
1,2021-08-03,28057,9832298,20270,5366352,6878,4053216,909,412730,17564,919906,0.105734,10307,4655184,0.535065,18509,5575090,0.640799,8700223
1,2021-08-04,27404,9859702,19883,5386235,6653,4059869,868,413598,17399,928412,0.106711,9805,4664989,0.536192,18311,5593401,0.642903,8700223
1,2021-08-05,27076,9886778,19812,5406047,6373,4066242,891,414489,17063,936579,0.10765,9815,4674804,0.53732,17982,5611383,0.64497,8700223
1,2021-08-06,33442,9920220,24624,5430671,7859,4074101,959,415448,20821,946013,0.108734,12393,4687197,0.538744,21827,5633210,0.647479,8700223
1,2021-08-07,21602,9941822,16209,5446880,4833,4078934,560,416008,13471,952058,0.109429,7998,4695195,0.539664,14043,5647253,0.649093,8700223
1,2021-08-08,10455,9952277,7633,5454513,2622,4081556,200,416208,6793,955467,0.109821,3592,4698787,0.540077,7001,5654254,0.649898,8700223
1,2021-08-09,27498,9979775,20606,5475119,6105,4087661,787,416995,16997,962975,0.110684,10310,4709097,0.541262,17818,5672072,0.651946,8700223
1,2021-08-10,28941,10008716,21302,5496421,6783,4094444,856,417851,17255,969659,0.111452,11480,4720577,0.542581,18164,5690236,0.654033,8700223
1,2021-08-11,26266,10034982,19388,5515809,5989,4100433,889,418740,15444,975398,0.112112,10621,4731198,0.543802,16360,5706596,0.655914,8700223
1,2021-08-12,27846,10062828,20095,5535904,6746,4107179,1005,419745,16593,982047,0.112876,10972,4742170,0.545063,17621,5724217,0.657939,8700223
1,2021-08-13,33589,10096417,24639,5560543,8026,4115205,924,420669,19592,988889,0.113662,13719,4755889,0.54664,20561,5744778,0.660302,8700223
1,2021-08-14,14931,10111348,11143,5571686,3324,4118529,464,421133,8525,991743,0.113991,6147,4762036,0.547346,9001,5753779,0.661337,8700223
2,2020-12-15,259,259,259,259,0,0,0,0,259,259,3.1e-05,0,0,0.0,259,259,3.1e-05,8407551
2,2020-12-16,2259,2518,2259,2518,0,0,0,0,2258,2517,0.000299,0,0,0.0,2258,2517,0.000299,8407551
2,2020-12-17,6951,9469,6951,9469,0,0,0,0,6950,9467,0.001126,0,0,0.0,6950,9467,0.001126,8407551
2,2020-12-18,11134,20603,11113,20582,21,21,0,0,11133,20600,0.00245,0,0,0.0,11133,20600,0.00245,8407551
2,2020-12-19,5639,26242,5632,26214,7,28,0,0,5640,26240,0.003121,0,0,0.0,5640,26240,0.003121,8407551
2,2020-12-20,4268,30510,4254,30468,14,42,0,0,4263,30502,0.003628,1,1,0.0,4263,30503,0.003628,8407551
2,2020-12-21,12849,43359,12820,43288,29,71,0,0,12804,43306,0.005151,0,1,0.0,12804,43307,0.005151,8407551
2,2020-12-22,12207,55566,11680,54968,527,598,0,0,12205,55511,0.006603,0,1,0.0,12205,55512,0.006603,8407551
2,2020-12-23,11774,67340,9531,64499,2243,2841,0,0,11776,67287,0.008003,1,2,0.0,11777,67289,0.008003,8407551
2,2020-12-24,5929,73269,3508,68007,2421,5262,0,0,5924,73210,0.008708,3,5,1e-06,5926,73215,0.008708,8407551
2,2020-12-25,501,73770,418,68425,83,5345,0,0,504,73714,0.008768,0,5,1e-06,504,73719,0.008768,8407551
2,2020-12-26,2585,76355,1671,70096,914,6259,0,0,2586,76299,0.009075,1,6,1e-06,2586,76305,0.009076,8407551
2,2020-12-27,2248,78603,1221,71317,1027,7286,0,0,2245,78542,0.009342,2,8,1e-06,2245,78550,0.009343,8407551
2,2020-12-28,11119,89722,7219,78536,3900,11186,0,0,11119,89659,0.010664,2,10,1e-06,11119,89669,0.010665,8407551
2,2020-12-29,12916,102638,7273,85809,5643,16829,0,0,12922,102581,0.012201,0,10,1e-06,12922,102591,0.012202,8407551
2,2020-12-30,15612,118250,8713,94522,6899,23728,0,0,15606,118184,0.014057,5,15,2e-06,15608,118199,0.014059,8407551
2,2020-12-31,7618,125868,2839,97361,4779,28507,0,0,7610,125789,0.014961,5,20,2e-06,7610,125809,0.014964,8407551
2,2021-01-01,1397,127265,677,98038,720,29227,0,0,1393,127178,0.015127,4,24,3e-06,1393,127202,0.015129,8407551
2,2021-01-02,4884,132149,2786,100824,2098,31325,0,0,4880,132056,0.015707,2,26,3e-06,4880,132082,0.01571,8407551
2,2021-01-03,1429,133578,805,101629,624,31949,0,0,1421,133473,0.015875,4,30,4e-06,1421,133503,0.015879,8407551
2,2021-01-04,11752,145330,5584,107213,6168,38117,0,0,11741,145210,0.017271,4,34,4e-06,11741,145244,0.017275,8407551
2,2021-01-05,13977,159307,6987,114200,6990,45107,0,0,12735,156747,0.018644,1234,1268,0.000151,12771,158015,0.018794,8407551
2,2021-01-06,19171,178478,10594,124794,8577,53684,0,0,15248,168147,0.02,3862,5130,0.00061,15262,173277,0.02061,8407551
2,2021-01-07,23422,201900,13195,137989,10227,63911,0,0,15709,176155,0.020952,7718,12848,0.001528,15726,189003,0.02248,8407551
2,2021-01-08,27046,228946,16290,154279,10756,74667,0,0,16657,182512,0.021708,10330,23178,0.002757,16687,205690,0.024465,8407551
2,2021-01-09,9907,238853,5796,160075,4111,78778,0,0,6311,185243,0.022033,3588,26766,0.003184,6319,212009,0.025216,8407551
2,2021-01-10,5359,244212,2986,163061,2373,81151,0,0,3085,186061,0.02213,2273,29039,0.003454,3091,215100,0.025584,8407551
2,2021-01-11,26130,270342,18052,181113,8078,89229,0,0,14991,189972,0.022595,11134,40173,0.004778,15045,230145,0.027374,8407551
2,2021-01-12,26503,296845,16445,197558,10058,99287,0,0,16848,197256,0.023462,9656,49829,0.005927,16940,247085,0.029388,8407551
2,2021-01-13,28767,325612,15258,212816,13509,112796,0,0,20708,209967,0.024974,8036,57865,0.006883,20747,267832,0.031856,8407551
2,2021-01-14,30707,356319,11745,224561,18962,131758,0,0,26382,232101,0.027606,4329,62194,0.007397,26463,294295,0.035004,8407551
2,2021-01-15,35249,391568,12756,237317,22493,154251,0,0,31916,260788,0.031018,3323,65517,0.007793,32010,326305,0.038811,8407551
2,2021-01-16,18337,409905,6142,243459,12195,166446,0,0,16909,276266,0.032859,1441,66958,0.007964,16919,343224,0.040823,8407551
2,2021-01-17,10590,420495,3574,247033,7016,173462,0,0,9837,285346,0.033939,768,67726,0.008055,9848,353072,0.041995,8407551
2,2021-01-18,19870,440365,11105,258138,8765,182227,0,0,15008,295539,0.035152,4879,72605,0.008636,15072,368144,0.043787,8407551
2,2021-01-19,32874,473239,17083,275221,15791,198018,0,0,24735,312250,0.037139,8138,80743,0.009604,24849,392993,0.046743,8407551
2,2021-01-20,37789,511028,19048,294269,18741,216759,0,0,29122,332829,0.039587,8638,89381,0.010631,29217,422210,0.050218,8407551
2,2021-01-21,41280,552308,17551,311820,23729,240488,0,0,36709,365191,0.043436,4535,93916,0.01117,36897,459107,0.054607,8407551
2,2021-01-22,39787,592095,16627,328447,23160,263648,0,0,36405,398225,0.047365,3399,97315,0.011575,36433,495540,0.05894,8407551
2,2021-01-23,24293,616388,10815,339262,13478,277126,0,0,21296,416577,0.049548,2976,100291,0.011929,21328,516868,0.061477,8407551
2,2021-01-24,12513,628901,6125,345387,6388,283514,0,0,11586,427269,0.05082,911,101202,0.012037,11603,528471,0.062857,8407551
2,2021-01-25,34109,663010,15675,361062,18434,301948,0,0,25218,443798,0.052786,8837,110039,0.013088,25366,553837,0.065874,8407551
2,2021-01-26,40579,703589,19843,380905,20736,322684,0,0,31268,465868,0.055411,9284,119323,0.014192,31354,585191,0.069603,8407551
2,2021-01-27,45909,749498,22745,403650,23164,345848,0,0,35452,491058,0.058407,10328,129651,0.015421,35518,620709,0.073828,8407551
2,2021-01-28,48264,797762,22519,426169,25745,371593,0,0,39446,521834,0.062067,8748,138399,0.016461,39524,660233,0.078529,8407551
2,2021-01-29,45896,843658,22097,448266,23799,395392,0,0,37044,550229,0.065445,8723,147122,0.017499,37118,697351,0.082943,8407551
2,2021-01-30,31511,875169,13349,461615,18162,413554,0,0,28075,574946,0.068384,3396,150518,0.017903,28113,725464,0.086287,8407551
2,2021-01-31,17318,892487,10241,471856,7077,420631,0,0,16092,589858,0.070158,1204,151722,0.018046,16116,741580,0.088204,8407551
2,2021-02-01,41566,934053,19903,491759,21663,442294,0,0,30325,609053,0.072441,11177,162899,0.019375,30372,771952,0.091817,8407551
2,2021-02-02,48183,982236,19591,511350,28592,470886,0,0,36554,634174,0.075429,11533,174432,0.020747,36654,808606,0.096176,8407551
2,2021-02-03,54287,1036523,23892,535242,30395,501281,0,0,39930,659951,0.078495,14252,188684,0.022442,40029,848635,0.100937,8407551
2,2021-02-04,56497,1093020,24254,559496,32243,533524,0,0,41102,685871,0.081578,15284,203968,0.02426,41204,889839,0.105838,8407551
2,2021-02-05,60450,1153470,26315,585811,34135,567659,0,0,40762,707353,0.084133,19472,223440,0.026576,40954,930793,0.110709,8407551
2,2021-02-06,39580,1193050,18478,604289,21102,588761,0,0,31488,730935,0.086938,8014,231454,0.027529,31596,962389,0.114467,8407551
2,2021-02-07,15803,1208853,10475,614764,5328,594089,0,0,11980,739199,0.087921,3789,235243,0.02798,12053,974442,0.115901,8407551
2,2021-02-08,43279,1252132,21942,636706,21337,615426,0,0,29599,755484,0.089858,13531,248774,0.029589,29816,1004258,0.119447,8407551
2,2021-02-09,49816,1301948,23527,660233,26289,641715,0,0,30734,767802,0.091323,18780,267554,0.031823,31098,1035356,0.123146,8407551
2,2021-02-10,59836,1361784,27993,688226,31843,673558,0,0,34486,777605,0.092489,25053,292607,0.034803,34856,1070212,0.127292,8407551
2,2021-02-11,64545,1426329,29656,717882,34889,708447,0,0,35906,785774,0.093461,28259,320866,0.038164,36428,1106640,0.131625,8407551
2,2021-02-12,65824,1492153,28292,746174,37532,745979,0,0,34932,790806,0.094059,30574,351440,0.041801,35606,1142246,0.13586,8407551
2,2021-02-13,38244,1530397,15941,762115,22303,768282,0,0,22057,797166,0.094815,16077,367517,0.043713,22437,1164683,0.138528,8407551
2,2021-02-14,20197,1550594,9400,771515,10797,779079,0,0,11208,799814,0.09513,8934,376451,0.044775,11582,1176265,0.139906,8407551
2,2021-02-15,33446,1584040,15059,786574,18387,797466,0,0,18525,804426,0.095679,14777,391228,0.046533,19389,1195654,0.142212,8407551
2,2021-02-16,56701,1640741,27772,814346,28929,826395,0,0,29792,808126,0.096119,26781,418009,0.049718,30481,1226135,0.145837,8407551
2,2021-02-17,62043,1702784,31916,846262,30127,856522,0,0,30776,808562,0.096171,31164,449173,0.053425,31600,1257735,0.149596,8407551
2,2021-02-18,66717,1769501,33621,879883,33096,889618,0,0,32430,808134,0.09612,34013,483186,0.05747,33585,1291320,0.153591,8407551
2,2021-02-19,60045,1829546,33211,913094,26834,916452,0,0,29775,808435,0.096156,30068,513254,0.061047,30369,1321689,0.157203,8407551
2,2021-02-20,37996,1867542,24631,937725,13365,929817,0,0,20596,812446,0.096633,17287,530541,0.063103,21298,1342987,0.159736,8407551
2,2021-02-21,21914,1889456,17708,955433,4206,934023,0,0,10801,813078,0.096708,11006,541547,0.064412,11638,1354625,0.16112,8407551
2,2021-02-22,39832,1929288,27215,982648,12617,946640,0,0,18873,811869,0.096564,20792,562339,0.066885,19583,1374208,0.163449,8407551
2,2021-02-23,54203,1983491,27666,1010314,26537,973177,0,0,23753,807362,0.096028,30175,592514,0.070474,25668,1399876,0.166502,8407551
2,2021-02-24,71572,2055063,36824,1047138,34748,1007925,0,0,32754,803938,0.095621,38588,631102,0.075064,35164,1435040,0.170685,8407551
2,2021-02-25,77609,2132672,36713,1083851,40896,1048821,0,0,39323,808124,0.096119,37999,669101,0.079583,42185,1477225,0.175702,8407551
2,2021-02-26,86235,2218907,36962,1120813,49273,1098094,0,0,46302,817026,0.097178,39609,708710,0.084294,48511,1525736,0.181472,8407551
2,2021-02-27,63197,2282104,29368,1150181,33821,1131915,8,8,34135,823696,0.097971,28816,737526,0.087722,35486,1561222,0.185693,8407551
2,2021-02-28,31118,2313222,18639,1168820,12478,1144393,1,9,17993,829555,0.098668,12989,750515,0.089267,18848,1580070,0.187935,8407551
2,2021-03-01,59255,2372477,30880,1199700,28303,1172696,72,81,32262,836475,0.099491,26654,777169,0.092437,33574,1613644,0.191928,8407551
2,2021-03-02,70862,2443339,34017,1233717,36830,1209526,15,96,39649,847496,0.100802,31015,808184,0.096126,42036,1655680,0.196928,8407551
2,2021-03-03,81933,2525272,39491,1273208,42423,1251949,19,115,46228,860921,0.102399,35473,843657,0.100345,48898,1704578,0.202744,8407551
2,2021-03-04,89727,2614999,43953,1317161,45741,1297690,33,148,51637,877174,0.104332,37829,881486,0.104845,54082,1758660,0.209176,8407551
2,2021-03-05,83345,2698344,39105,1356266,43922,1341612,318,466,50700,898192,0.106832,32405,913891,0.108699,53423,1812083,0.21553,8407551
2,2021-03-06,63569,2761913,31022,1387288,30833,1372445,1714,2180,38946,915805,0.108926,24479,938370,0.11161,42092,1854175,0.220537,8407551
2,2021-03-07,28798,2790711,16356,1403644,10896,1383341,1546,3726,18250,926251,0.110169,10472,948842,0.112856,20918,1875093,0.223025,8407551
2,2021-03-08,51131,2841842,23428,1427072,25126,1408467,2577,6303,32095,943642,0.112237,18915,967757,0.115106,36306,1911399,0.227343,8407551
2,2021-03-09,71039,2912881,32343,1459415,34824,1443291,3872,10175,39291,956547,0.113772,31597,999354,0.118864,44502,1955901,0.232636,8407551
2,2021-03-10,79012,2991893,37364,1496779,35066,1478357,6582,16757,41872,969413,0.115303,36907,1036261,0.123254,49773,2005674,0.238556,8407551
2,2021-03-11,93701,3085594,43250,1540029,42048,1520405,8403,25160,48822,983470,0.116975,44546,1080807,0.128552,58603,2064277,0.245527,8407551
2,2021-03-12,94645,3180239,38974,1579003,43678,1564083,11993,37153,47078,996621,0.118539,47296,1128103,0.134177,60447,2124724,0.252716,8407551
2,2021-03-13,69513,3249752,29070,1608073,32418,1596501,8025,45178,38163,1012873,0.120472,31203,1159306,0.137889,47455,2172179,0.25836,8407551
2,2021-03-14,37135,3286887,18355,1626428,14255,1610756,4525,49703,18647,1018399,0.121129,18376,1177682,0.140074,23902,2196081,0.261203,8407551
2,2021-03-15,67755,3354642,30580,1657008,32152,1642908,5023,54726,37294,1031588,0.122698,30222,1207904,0.143669,43411,2239492,0.266367,8407551
2,2021-03-16,86729,3441371,38416,1695424,44279,1687187,4034,58760,52283,1054801,0.125459,34225,1242129,0.14774,57438,2296930,0.273198,8407551
2,2021-03-17,93284,3534655,44693,1740117,44383,1731570,4208,62968,59038,1084896,0.129038,33955,1276084,0.151778,64050,2360980,0.280817,8407551
2,2021-03-18,98638,3633293,47068,1787185,46961,1778531,4609,67577,59803,1111367,0.132187,38488,1314572,0.156356,64959,2425939,0.288543,8407551
2,2021-03-19,97916,3731209,46358,1833543,45397,1823928,6161,73738,57766,1135967,0.135113,39823,1354395,0.161093,64423,2490362,0.296205,8407551
2,2021-03-20,70344,3801553,34058,1867601,32292,1856220,3994,77732,45831,1161872,0.138194,24265,1378660,0.163979,50170,2540532,0.302173,8407551
2,2021-03-21,33713,3835266,21738,1889339,9969,1866189,2006,79738,20126,1171015,0.139281,13423,1392083,0.165575,22566,2563098,0.304857,8407551
2,2021-03-22,63192,3898458,34785,1924124,25767,1891956,2640,82378,41780,1195179,0.142155,21154,1413237,0.168091,45318,2608416,0.310247,8407551
2,2021-03-23,84302,3982760,44785,1968909,36586,1928542,2931,85309,52285,1219522,0.145051,31712,1444949,0.171863,56055,2664471,0.316914,8407551
2,2021-03-24,92279,4075039,49570,2018479,39526,1968068,3183,88492,53780,1239157,0.147386,38143,1483092,0.1764,57778,2722249,0.323786,8407551
2,2021-03-25,101906,4176945,51399,2069878,46606,2014674,3901,92393,57257,1256823,0.149487,44261,1527353,0.181664,61927,2784176,0.331152,8407551
2,2021-03-26,104047,4280992,51570,2121448,48976,2063650,3501,95894,56501,1270737,0.151142,47133,1574486,0.18727,61047,2845223,0.338413,8407551
2,2021-03-27,76084,4357076,37955,2159403,34816,2098466,3313,99207,37886,1274883,0.151635,37919,1612405,0.191781,42065,2887288,0.343416,8407551
2,2021-03-28,37991,4395067,23473,2182876,13707,2112173,811,100018,20221,1279136,0.152141,17630,1630035,0.193878,21883,2909171,0.346019,8407551
2,2021-03-29,72129,4467196,36627,2219503,33220,2145393,2282,102300,40738,1291987,0.15367,31154,1661189,0.197583,44005,2953176,0.351253,8407551
2,2021-03-30,92637,4559833,45375,2264878,42877,2188270,4385,106685,51764,1308123,0.155589,40642,1701831,0.202417,56778,3009954,0.358006,8407551
2,2021-03-31,101781,4661614,52464,2317342,44190,2232460,5127,111812,57512,1327205,0.157859,43934,1745765,0.207643,63016,3072970,0.365501,8407551
2,2021-04-01,118456,4780070,57207,2374549,51950,2284410,9299,121111,64256,1347421,0.160263,53744,1799509,0.214035,73960,3146930,0.374298,8407551
2,2021-04-02,112280,4892350,51721,2426270,50308,2334718,10251,131362,59975,1366216,0.162499,51884,1851393,0.220206,70679,3217609,0.382705,8407551
2,2021-04-03,77153,4969503,37919,2464189,29367,2364085,9867,141229,38172,1375865,0.163646,38761,1890154,0.224816,48410,3266019,0.388463,8407551
2,2021-04-04,29116,4998619,14985,2479174,10254,2374339,3877,145106,13049,1376865,0.163765,15952,1906106,0.226714,16952,3282971,0.390479,8407551
2,2021-04-05,79637,5078256,39005,2518179,31738,2406077,8894,154000,38353,1383763,0.164586,41089,1947195,0.231601,47987,3330958,0.396186,8407551
2,2021-04-06,104431,5182687,50872,2569051,38802,2444879,14757,168757,49410,1393606,0.165756,54726,2001921,0.23811,64569,3395527,0.403866,8407551
2,2021-04-07,111117,5293804,55439,2624490,39346,2484225,16332,185089,52155,1403675,0.166954,58646,2060567,0.245085,68715,3464242,0.412039,8407551
2,2021-04-08,119861,5413665,57700,2682190,43338,2527563,18823,203912,55584,1414713,0.168267,63892,2124459,0.252685,74930,3539172,0.420952,8407551
2,2021-04-09,119393,5533058,57421,2739611,43749,2571312,18223,222135,56405,1427565,0.169796,62591,2187050,0.260129,75443,3614615,0.429925,8407551
2,2021-04-10,87894,5620952,37911,2777522,31499,2602811,18484,240619,36189,1431458,0.170259,51433,2238483,0.266247,55326,3669941,0.436505,8407551
2,2021-04-11,44619,5665571,23144,2800666,12978,2615789,8497,249116,18246,1432692,0.170405,26218,2264701,0.269365,27452,3697393,0.439771,8407551
2,2021-04-12,80449,5746020,37444,2838110,33534,2649323,9471,258587,35784,1434545,0.170626,44379,2309080,0.274644,46232,3743625,0.445269,8407551
2,2021-04-13,102282,5848302,53094,2891204,48920,2698243,268,258855,55892,1445506,0.171929,46095,2355175,0.280126,57056,3800681,0.452056,8407551
2,2021-04-14,107160,5955462,56133,2947337,50967,2749210,60,258915,54645,1449460,0.1724,52189,2407364,0.286334,56143,3856824,0.458733,8407551
2,2021-04-15,113524,6068986,60255,3007592,53173,2802383,96,259011,59116,1455756,0.173149,53991,2461355,0.292755,60287,3917111,0.465904,8407551
2,2021-04-16,111145,6180131,57618,3065210,53468,2855851,59,259070,56340,1458581,0.173485,54428,2515783,0.299229,57253,3974364,0.472714,8407551
2,2021-04-17,83737,6263868,42573,3107783,41149,2897000,15,259085,46691,1469377,0.174769,36781,2552564,0.303604,47577,4021941,0.478372,8407551
2,2021-04-18,36023,6299891,21882,3129665,14130,2911130,11,259096,17076,1468657,0.174683,18801,2571365,0.30584,18081,4040022,0.480523,8407551
2,2021-04-19,75088,6374979,40433,3170098,34636,2945766,19,259115,34068,1462624,0.173966,40733,2612098,0.310685,34700,4074722,0.48465,8407551
2,2021-04-20,97805,6472784,49473,3219571,48304,2994070,28,259143,47170,1460302,0.173689,50269,2662367,0.316664,47947,4122669,0.490353,8407551
2,2021-04-21,104242,6577026,56460,3276031,47713,3041783,69,259212,49152,1455914,0.173167,54588,2716955,0.323157,50200,4172869,0.496324,8407551
2,2021-04-22,108728,6685754,56262,3332293,52439,3094222,27,259239,47517,1443584,0.171701,60755,2777710,0.330383,48425,4221294,0.502084,8407551
2,2021-04-23,108306,6794060,57669,3389962,50618,3144840,19,259258,49952,1436567,0.170866,57915,2835625,0.337271,50898,4272192,0.508138,8407551
2,2021-04-24,81224,6875284,47812,3437774,33369,3178209,43,259301,42233,1441166,0.171413,38621,2874246,0.341865,43220,4315412,0.513278,8407551
2,2021-04-25,36703,6911987,22593,3460367,14094,3192303,16,259317,19940,1444990,0.171868,16606,2890852,0.34384,20430,4335842,0.515708,8407551
2,2021-04-26,74555,6986542,41326,3501693,32914,3225217,315,259632,34155,1440804,0.17137,40109,2930961,0.348611,35923,4371765,0.519981,8407551
2,2021-04-27,88605,7075147,46778,3548471,40457,3265674,1370,261002,37910,1431033,0.170208,50297,2981258,0.354593,40526,4412291,0.524801,8407551
2,2021-04-28,88587,7163734,47370,3595841,39336,3305010,1881,262883,38993,1423593,0.169323,49234,3030492,0.360449,41794,4454085,0.529772,8407551
2,2021-04-29,91552,7255286,49892,3645733,39940,3344950,1720,264603,35491,1405755,0.167201,55650,3086142,0.367068,37812,4491897,0.534269,8407551
2,2021-04-30,95221,7350507,52637,3698370,40573,3385523,2011,266614,36928,1387547,0.165036,57802,3143944,0.373943,39594,4531491,0.538979,8407551
2,2021-05-01,62913,7413420,38388,3736758,22923,3408446,1602,268216,24509,1376449,0.163716,38060,3182004,0.37847,26962,4558453,0.542186,8407551
2,2021-05-02,29378,7442798,20452,3757210,7949,3416395,977,269193,11149,1370579,0.163018,18087,3200091,0.380621,12217,4570670,0.543639,8407551
2,2021-05-03,60854,7503652,36143,3793353,22643,3439038,2068,271261,20414,1353168,0.160947,40153,3240244,0.385397,22742,4593412,0.546344,8407551
2,2021-05-04,80284,7583936,47938,3841291,29938,3468976,2408,273669,26015,1328080,0.157963,53900,3294144,0.391808,28812,4622224,0.549771,8407551
2,2021-05-05,80917,7664853,48210,3889501,30343,3499319,2364,276033,25284,1300874,0.154727,55224,3349368,0.398376,28018,4650242,0.553103,8407551
2,2021-05-06,83338,7748191,50615,3940116,29787,3529106,2936,278969,25359,1272327,0.151331,57474,3406842,0.405212,28927,4679169,0.556544,8407551
2,2021-05-07,84075,7832266,48540,3988656,33103,3562209,2432,281401,25845,1243237,0.147871,57819,3464661,0.412089,28729,4707898,0.559961,8407551
2,2021-05-08,55900,7888166,33912,4022568,20261,3582470,1727,283128,17512,1225062,0.14571,38142,3502803,0.416626,19967,4727865,0.562336,8407551
2,2021-05-09,21930,7910096,15793,4038361,5387,3587857,750,283878,6345,1216896,0.144738,15490,3518293,0.418468,7324,4735189,0.563207,8407551
2,2021-05-10,50454,7960550,27505,4065866,21061,3608918,1888,285766,14211,1197625,0.142446,35971,3554264,0.422747,16700,4751889,0.565193,8407551
2,2021-05-11,66607,8027157,36116,4101982,28354,3637272,2137,287903,20038,1174244,0.139665,46247,3600511,0.428247,22866,4774755,0.567913,8407551
2,2021-05-12,65517,8092674,34922,4136904,28357,3665629,2238,290141,19253,1150204,0.136806,45943,3646454,0.433712,21903,4796658,0.570518,8407551
2,2021-05-13,71310,8163984,41453,4178357,27902,3693531,1955,292096,26072,1134042,0.134884,44927,3691381,0.439055,28765,4825423,0.573939,8407551
2,2021-05-14,80271,8244255,48132,4226489,29867,3723398,2272,294368,30820,1118705,0.13306,49070,3740451,0.444892,33733,4859156,0.577951,8407551
2,2021-05-15,66791,8311046,43882,4270371,21187,3744585,1722,296090,25897,1106095,0.13156,40631,3781082,0.449725,28021,4887177,0.581284,8407551
2,2021-05-16,31797,8342843,23792,4294163,7078,3751663,927,297017,12934,1101368,0.130997,18720,3799802,0.451951,13993,4901170,0.582949,8407551
2,2021-05-17,58238,8401081,36915,4331078,19365,3771028,1958,298975,22940,1091593,0.129835,35038,3834840,0.456119,25263,4926433,0.585953,8407551
2,2021-05-18,70419,8471500,41211,4372289,27237,3798265,1971,300946,27931,1079837,0.128437,42199,3877039,0.461138,30443,4956876,0.589574,8407551
2,2021-05-19,69165,8540665,40934,4413223,26214,3824479,2017,302963,27347,1068179,0.12705,41494,3918533,0.466073,29836,4986712,0.593123,8407551
2,2021-05-20,69894,8610559,40569,4453792,27133,3851612,2192,305155,26588,1054601,0.125435,42956,3961489,0.471182,29378,5016090,0.596617,8407551
2,2021-05-21,73472,8684031,43404,4497196,27897,3879509,2171,307326,27917,1040068,0.123706,45182,4006671,0.476556,30649,5046739,0.600263,8407551
2,2021-05-22,53878,8737909,34215,4531411,17889,3897398,1774,309100,22478,1033702,0.122949,31158,4037829,0.480262,24792,5071531,0.603211,8407551
2,2021-05-23,24446,8762355,16677,4548088,7043,3904441,726,309826,10247,1030745,0.122598,14071,4051900,0.481936,11114,5082645,0.604533,8407551
2,2021-05-24,45130,8807485,25677,4573765,17671,3922112,1782,311608,17347,1022669,0.121637,27545,4079445,0.485212,19469,5102114,0.606849,8407551
2,2021-05-25,50927,8858412,29818,4603583,19238,3941350,1871,313479,19341,1013148,0.120505,31272,4110717,0.488932,21751,5123865,0.609436,8407551
2,2021-05-26,48787,8907199,27334,4630917,19767,3961117,1686,315165,19032,1004790,0.11951,29415,4140132,0.49243,21057,5144922,0.611941,8407551
2,2021-05-27,46626,8953825,26436,4657353,18454,3979571,1736,316901,18587,997828,0.118682,27788,4167920,0.495735,20826,5165748,0.614418,8407551
2,2021-05-28,50162,9003987,27732,4685085,20452,4000023,1978,318879,21024,992388,0.118035,28876,4196796,0.49917,23436,5189184,0.617205,8407551
2,2021-05-29,29023,9033010,17400,4702485,10562,4010585,1061,319940,13232,991228,0.117897,15630,4212426,0.501029,14470,5203654,0.618926,8407551
2,2021-05-30,12686,9045696,8181,4710666,3738,4014323,767,320707,5529,990494,0.11781,7096,4219522,0.501873,6362,5210016,0.619683,8407551
2,2021-05-31,5909,9051605,3456,4714122,2149,4016472,304,321011,1837,988673,0.117593,4011,4223533,0.50235,2190,5212206,0.619943,8407551
2,2021-06-01,44847,9096452,25758,4739880,17424,4033896,1665,322676,15581,977342,0.116246,28946,4252479,0.505793,17615,5229821,0.622039,8407551
2,2021-06-02,38261,9134713,22503,4762383,14339,4048235,1419,324095,14945,970960,0.115487,23047,4275526,0.508534,16665,5246486,0.624021,8407551
2,2021-06-03,41406,9176119,26658,4789041,13273,4061508,1475,325570,13897,959457,0.114118,27261,4302787,0.511776,15758,5262244,0.625895,8407551
2,2021-06-04,48077,9224196,31417,4820458,15114,4076622,1546,327116,15479,944716,0.112365,32289,4335076,0.515617,17548,5279792,0.627982,8407551
2,2021-06-05,37917,9262113,27053,4847511,9397,4086019,1467,328583,11773,932473,0.110909,25907,4360983,0.518698,13664,5293456,0.629607,8407551
2,2021-06-06,14942,9277055,12259,4859770,2104,4088123,579,329162,4651,927671,0.110338,10225,4371208,0.519915,5423,5298879,0.630252,8407551
2,2021-06-07,33314,9310369,23305,4883075,8731,4096854,1278,330440,10803,917636,0.109144,22355,4393563,0.522573,12320,5311199,0.631718,8407551
2,2021-06-08,40651,9351020,28774,4911849,10510,4107364,1367,331807,12446,903876,0.107508,27957,4421520,0.525899,14197,5325396,0.633406,8407551
2,2021-06-09,38157,9389177,26640,4938489,10019,4117383,1498,333305,11517,890774,0.105949,26444,4447964,0.529044,13342,5338738,0.634993,8407551
2,2021-06-10,37788,9426965,26283,4964772,9975,4127358,1530,334835,11564,878315,0.104467,26028,4473992,0.53214,13569,5352307,0.636607,8407551
2,2021-06-11,41283,9468248,27406,4992178,12208,4139566,1669,336504,13168,865606,0.102956,27849,4501841,0.535452,15140,5367447,0.638408,8407551
2,2021-06-12,29502,9497750,21724,5013902,6864,4146430,914,337418,8647,854688,0.101657,20712,4522553,0.537916,9794,5377241,0.639573,8407551
2,2021-06-13,12217,9509967,8922,5022824,2677,4149107,618,338036,3091,849503,0.10104,9062,4531615,0.538993,3877,5381118,0.640034,8407551
2,2021-06-14,29918,9539885,21227,5044051,7491,4156598,1200,339236,10311,841783,0.100122,19435,4551050,0.541305,11715,5392833,0.641427,8407551
2,2021-06-15,35583,9575468,23683,5067734,9851,4166449,2049,341285,11950,832777,0.099051,23385,4574435,0.544087,14379,5407212,0.643138,8407551
2,2021-06-16,33021,9608489,22788,5090522,8437,4174886,1796,343081,11385,824807,0.098103,21466,4595901,0.54664,13496,5420708,0.644743,8407551
2,2021-06-17,30842,9639331,20605,5111127,8436,4183322,1801,344882,10889,817927,0.097285,19779,4615680,0.548992,12899,5433607,0.646277,8407551
2,2021-06-18,34775,9674106,22929,5134056,9970,4193292,1876,346758,12647,810797,0.096437,21907,4637587,0.551598,14777,5448384,0.648035,8407551
2,2021-06-19,20956,9695062,14601,5148657,5097,4198389,1258,348016,7920,807300,0.096021,12873,4650460,0.553129,9376,5457760,0.64915,8407551
2,2021-06-20,8295,9703357,5932,5154589,1898,4200287,465,348481,3068,805717,0.095833,5185,4655645,0.553746,3602,5461362,0.649578,8407551
2,2021-06-21,19347,9722704,11844,5166433,6181,4206468,1322,349803,9884,807762,0.096076,9341,4664986,0.554857,11386,5472748,0.650932,8407551
2,2021-06-22,26891,9749595,18423,5184856,7090,4213558,1378,351181,10539,803771,0.095601,16182,4681168,0.556781,12191,5484939,0.652382,8407551
2,2021-06-23,25917,9775512,17885,5202741,6403,4219961,1629,352810,10553,801022,0.095274,15225,4696393,0.558592,12476,5497415,0.653866,8407551
2,2021-06-24,25349,9800861,17258,5219999,6570,4226531,1521,354331,10446,798469,0.09497,14754,4711147,0.560347,12201,5509616,0.655318,8407551
2,2021-06-25,28750,9829611,19484,5239483,7772,4234303,1494,355825,12000,795611,0.094631,16590,4727737,0.56232,13732,5523348,0.656951,8407551
2,2021-06-26,18647,9848258,13723,5253206,3993,4238296,931,356756,7606,793453,0.094374,10951,4738688,0.563623,8793,5532141,0.657997,8407551
2,2021-06-27,8801,9857059,6720,5259926,1633,4239929,448,357204,3528,792334,0.094241,5220,4743908,0.564244,4101,5536242,0.658484,8407551
2,2021-06-28,19799,9876858,15039,5274965,3516,4243445,1244,358448,8721,791542,0.094147,10948,4754856,0.565546,10156,5546398,0.659692,8407551
2,2021-06-29,22772,9899630,15853,5290818,5847,4249292,1072,359520,9734,789681,0.093925,12901,4767757,0.56708,11040,5557438,0.661006,8407551
2,2021-06-30,21996,9921626,15590,5306408,5383,4254675,1023,360543,9797,788673,0.093805,12057,4779814,0.568514,11049,5568487,0.66232,8407551
2,2021-07-01,19849,9941475,14014,5320422,4947,4259622,888,361431,8805,787655,0.093684,10914,4790728,0.569813,9896,5578383,0.663497,8407551
2,2021-07-02,22849,9964324,15746,5336168,6078,4265700,1025,362456,10114,786419,0.093537,12575,4803303,0.571308,11339,5589722,0.664845,8407551
2,2021-07-03,12523,9976847,9019,5345187,3035,4268735,469,362925,5715,786013,0.093489,6711,4810014,0.572106,6305,5596027,0.665595,8407551
2,2021-07-04,1010,9977857,594,5345781,349,4269084,67,362992,433,785970,0.093484,566,4810580,0.572174,523,5596550,0.665658,8407551
2,2021-07-05,11057,9988914,8094,5353875,2554,4271638,409,363401,5064,785642,0.093445,5928,4816508,0.572879,5600,5602150,0.666324,8407551
2,2021-07-06,23671,10012585,17201,5371076,5492,4277130,978,364379,9158,781681,0.092974,14367,4830875,0.574588,10406,5612556,0.667561,8407551
2,2021-07-07,20544,10033129,14656,5385732,4790,4281920,1098,365477,8731,780098,0.092785,11675,4842550,0.575976,10092,5622648,0.668762,8407551
2,2021-07-08,19128,10052257,13315,5399047,4776,4286696,1037,366514,8062,778437,0.092588,10963,4853513,0.57728,9302,5631950,0.669868,8407551
2,2021-07-09,22442,10074699,15533,5414580,5659,4292355,1250,367764,9479,776539,0.092362,12825,4866338,0.578806,10927,5642877,0.671168,8407551
2,2021-07-10,14237,10088936,10493,5425073,3059,4295414,685,368449,6246,775732,0.092266,7897,4874235,0.579745,7090,5649967,0.672011,8407551
2,2021-07-11,6547,10095483,4809,5429882,1389,4296803,349,368798,3078,775804,0.092275,3425,4877660,0.580152,3497,5653464,0.672427,8407551
2,2021-07-12,18139,10113622,13334,5443216,3939,4300742,866,369664,7791,774425,0.092111,10235,4887895,0.58137,8856,5662320,0.67348,8407551
2,2021-07-13,19460,10133082,13722,5456938,4853,4305595,885,370549,8698,773582,0.09201,10620,4898515,0.582633,9777,5672097,0.674643,8407551
2,2021-07-14,18627,10151709,13286,5470224,4562,4310157,779,371328,8316,772701,0.091906,10185,4908700,0.583844,9304,5681401,0.67575,8407551
2,2021-07-15,18739,10170448,13596,5483820,4450,4314607,693,372021,8516,772015,0.091824,10110,4918810,0.585047,9424,5690825,0.676871,8407551
2,2021-07-16,22760,10193208,16367,5500187,5565,4320172,828,372849,10923,772261,0.091853,11707,4930517,0.586439,11953,5702778,0.678292,8407551
2,2021-07-17,14317,10207525,10420,5510607,3365,4323537,532,373381,6902,772507,0.091883,7323,4937840,0.58731,7569,5710347,0.679193,8407551
2,2021-07-18,6974,10214499,5212,5515819,1435,4324972,327,373708,3532,773035,0.091945,3399,4941239,0.587714,3927,5714274,0.67966,8407551
2,2021-07-19,18346,10232845,13677,5529496,3934,4328906,735,374443,9113,773950,0.092054,9116,4950355,0.588799,10031,5724305,0.680853,8407551
2,2021-07-20,20797,10253642,14804,5544300,5156,4334062,837,375280,10531,775403,0.092227,10133,4960488,0.590004,11586,5735891,0.682231,8407551
2,2021-07-21,20276,10273918,14751,5559051,4765,4338827,760,376040,10504,777215,0.092442,9647,4970135,0.591151,11459,5747350,0.683594,8407551
2,2021-07-22,20221,10294139,14441,5573492,4932,4343759,848,376888,10809,779782,0.092748,9269,4979404,0.592254,11836,5759186,0.685002,8407551
2,2021-07-23,24242,10318381,16969,5590461,6237,4349996,1036,377924,13203,783334,0.09317,10883,4990287,0.593548,14435,5773621,0.686719,8407551
2,2021-07-24,14740,10333121,10616,5601077,3632,4353628,492,378416,8243,785793,0.093463,6392,4996679,0.594308,8851,5782472,0.687771,8407551
2,2021-07-25,6635,10339756,4875,5605952,1624,4355252,136,378552,4905,789187,0.093866,1687,4998366,0.594509,5081,5787553,0.688376,8407551
2,2021-07-26,18846,10358602,13299,5619251,4787,4360039,760,379312,11940,795225,0.094585,6789,5005155,0.595317,12827,5800380,0.689901,8407551
2,2021-07-27,22592,10381194,16360,5635611,5390,4365429,842,380154,13243,800263,0.095184,9197,5014352,0.596411,14235,5814615,0.691594,8407551
2,2021-07-28,22509,10403703,16084,5651695,5524,4370953,901,381055,13305,805610,0.09582,9041,5023393,0.597486,14388,5829003,0.693306,8407551
2,2021-07-29,21289,10424992,15260,5666955,5119,4376072,910,381965,12863,811245,0.09649,8286,5031679,0.598471,13921,5842924,0.694961,8407551
2,2021-07-30,26018,10451010,18527,5685482,6554,4382626,937,382902,15594,817754,0.097264,10232,5041911,0.599688,16741,5859665,0.696953,8407551
2,2021-07-31,15644,10466654,11530,5697012,3617,4386243,497,383399,9463,821793,0.097745,6057,5047968,0.600409,10096,5869761,0.698153,8407551
2,2021-08-01,7979,10474633,6139,5703151,1671,4387914,169,383568,5228,824560,0.098074,2692,5050660,0.600729,5459,5875220,0.698803,8407551
2,2021-08-02,21138,10495771,15894,5719045,4493,4392407,751,384319,13402,831233,0.098867,7594,5058254,0.601632,14267,5889487,0.7005,8407551
2,2021-08-03,23736,10519507,17312,5736357,5429,4397836,995,385314,14771,838307,0.099709,8820,5067074,0.602681,15894,5905381,0.70239,8407551
2,2021-08-04,22502,10542009,16662,5753019,4987,4402823,853,386167,14005,844904,0.100493,8358,5075432,0.603675,14955,5920336,0.704169,8407551
2,2021-08-05,22883,10564892,16801,5769820,5191,4408014,891,387058,14150,851502,0.101278,8563,5083995,0.604694,15161,5935497,0.705972,8407551
2,2021-08-06,27316,10592208,19993,5789813,6361,4414375,962,388020,16645,858746,0.10214,10486,5094481,0.605941,17730,5953227,0.708081,8407551
2,2021-08-07,16726,10608934,12427,5802240,3711,4418086,588,388608,10259,863314,0.102683,6359,5100840,0.606697,10927,5964154,0.709381,8407551
2,2021-08-08,9319,10618253,7050,5809290,2041,4420127,228,388836,5823,865994,0.103002,3413,5104253,0.607103,6093,5970247,0.710105,8407551
2,2021-08-09,23025,10641278,17680,5826970,4606,4424733,739,389575,13953,871895,0.103704,8916,5113169,0.608164,14817,5985064,0.711868,8407551
2,2021-08-10,24031,10665309,17731,5844701,5485,4430218,815,390390,14121,877233,0.104339,9737,5122906,0.609322,15075,6000139,0.713661,8407551
2,2021-08-11,21589,10686898,16142,5860843,4574,4434792,873,391263,12541,881859,0.104889,8882,5131788,0.610378,13508,6013647,0.715267,8407551
2,2021-08-12,23177,10710075,16686,5877529,5508,4440300,983,392246,13498,886963,0.105496,9477,5141265,0.611506,14581,6028228,0.717002,8407551
2,2021-08-13,28360,10738435,20626,5898155,6798,4447098,936,393182,16384,892777,0.106188,11635,5152900,0.61289,17449,6045677,0.719077,8407551
2,2021-08-14,11264,10749699,8018,5906173,2803,4449901,443,393625,6270,894951,0.106446,4653,5157553,0.613443,6827,6052504,0.719889,8407551
3,2020-12-15,337,337,337,337,0,0,0,0,337,337,4.1e-05,0,0,0.0,337,337,4.1e-05,8129050
3,2020-12-16,2496,2833,2496,2833,0,0,0,0,2497,2834,0.000349,0,0,0.0,2497,2834,0.000349,8129050
3,2020-12-17,7909,10742,7909,10742,0,0,0,0,7909,10743,0.001322,0,0,0.0,7909,10743,0.001322,8129050
3,2020-12-18,13518,24260,13497,24239,21,21,0,0,13516,24259,0.002984,0,0,0.0,13516,24259,0.002984,8129050
3,2020-12-19,7275,31535,7262,31501,13,34,0,0,7338,31597,0.003887,0,0,0.0,7338,31597,0.003887,8129050
3,2020-12-20,5682,37217,5669,37170,13,47,0,0,5729,37325,0.004592,1,1,0.0,5729,37326,0.004592,8129050
3,2020-12-21,14415,51632,14388,51558,27,74,0,0,14479,51803,0.006373,1,2,0.0,14479,51805,0.006373,8129050
3,2020-12-22,14878,66510,14282,65840,596,670,0,0,14915,66715,0.008207,3,5,1e-06,14915,66720,0.008208,8129050
3,2020-12-23,14927,81437,12293,78133,2634,3304,0,0,14943,81657,0.010045,2,7,1e-06,14944,81664,0.010046,8129050
3,2020-12-24,6832,88269,4893,83026,1939,5243,0,0,6829,88484,0.010885,2,9,1e-06,6829,88493,0.010886,8129050
3,2020-12-25,736,89005,675,83701,61,5304,0,0,733,89217,0.010975,0,9,1e-06,733,89226,0.010976,8129050
3,2020-12-26,4653,93658,3016,86717,1637,6941,0,0,4651,93868,0.011547,0,9,1e-06,4651,93877,0.011548,8129050
3,2020-12-27,3018,96676,1868,88585,1150,8091,0,0,3018,96886,0.011918,0,9,1e-06,3018,96895,0.01192,8129050
3,2020-12-28,13734,110410,8774,97359,4960,13051,0,0,13758,110643,0.013611,1,10,1e-06,13758,110653,0.013612,8129050
3,2020-12-29,15341,125751,8691,106050,6650,19701,0,0,15366,126007,0.015501,2,12,1e-06,15366,126019,0.015502,8129050
3,2020-12-30,18224,143975,10149,116199,8075,27776,0,0,18230,144236,0.017743,2,14,2e-06,18231,144250,0.017745,8129050
3,2020-12-31,8512,152487,3260,119459,5252,33028,0,0,8512,152746,0.01879,2,16,2e-06,8512,152762,0.018792,8129050
3,2021-01-01,1789,154276,852,120311,937,33965,0,0,1784,154529,0.019009,1,17,2e-06,1784,154546,0.019012,8129050
3,2021-01-02,4977,159253,2441,122752,2536,36501,0,0,4976,159505,0.019622,0,17,2e-06,4976,159522,0.019624,8129050
3,2021-01-03,1633,160886,860,123612,773,37274,0,0,1624,161127,0.019821,2,19,2e-06,1624,161146,0.019823,8129050
3,2021-01-04,12118,173004,6002,129614,6116,43390,0,0,12088,173207,0.021307,8,27,3e-06,12088,173234,0.02131,8129050
3,2021-01-05,15841,188845,8204,137818,7637,51027,0,0,14154,185724,0.022847,1669,1696,0.000209,14186,187420,0.023056,8129050
3,2021-01-06,20710,209555,10960,148778,9750,60777,0,0,16107,197289,0.02427,4554,6250,0.000769,16119,203539,0.025038,8129050
3,2021-01-07,26776,236331,15310,164088,11466,72243,0,0,17244,205057,0.025225,9494,15744,0.001937,17262,220801,0.027162,8129050
3,2021-01-08,30840,267171,18854,182942,11986,84229,0,0,18262,210792,0.025931,12553,28297,0.003481,18288,239089,0.029412,8129050
3,2021-01-09,12520,279691,7071,190013,5449,89678,0,0,7982,214251,0.026356,4532,32829,0.004038,7991,247080,0.030395,8129050
3,2021-01-10,7275,286966,4511,194524,2764,92442,0,0,4103,215191,0.026472,3170,35999,0.004428,4110,251190,0.0309,8129050
3,2021-01-11,29302,316268,19170,213694,10132,102574,0,0,16606,219162,0.02696,12686,48685,0.005989,16657,267847,0.032949,8129050
3,2021-01-12,32756,349024,19529,233223,13227,115801,0,0,20076,226734,0.027892,12656,61341,0.007546,20228,288075,0.035438,8129050
3,2021-01-13,34751,383775,18141,251364,16610,132411,0,0,24478,240987,0.029645,10256,71597,0.008808,24509,312584,0.038453,8129050
3,2021-01-14,34933,418708,14282,265646,20651,153062,0,0,28978,264092,0.032487,5913,77510,0.009535,29018,341602,0.042022,8129050
3,2021-01-15,39226,457934,14551,280197,24675,177737,0,0,34483,293933,0.036158,4719,82229,0.010115,34560,376162,0.046274,8129050
3,2021-01-16,21942,479876,7507,287704,14435,192172,0,0,19556,311138,0.038275,2374,84603,0.010407,19579,395741,0.048682,8129050
3,2021-01-17,13208,493084,4492,292196,8716,200888,0,0,12115,322179,0.039633,1092,85695,0.010542,12133,407874,0.050175,8129050
3,2021-01-18,24928,518012,13027,305223,11901,212789,0,0,19272,335856,0.041316,5644,91339,0.011236,19321,427195,0.052552,8129050
3,2021-01-19,41478,559490,21073,326296,20405,233194,0,0,32141,358791,0.044137,9298,100637,0.01238,32233,459428,0.056517,8129050
3,2021-01-20,46455,605945,23117,349413,23338,256532,0,0,36820,386113,0.047498,9585,110222,0.013559,36907,496335,0.061057,8129050
3,2021-01-21,48432,654377,20994,370407,27438,283970,0,0,42850,423532,0.052101,5514,115736,0.014237,42933,539268,0.066338,8129050
3,2021-01-22,50073,704450,19945,390352,30128,314098,0,0,45808,465179,0.057224,4235,119971,0.014758,45882,585150,0.071983,8129050
3,2021-01-23,30600,735050,12853,403205,17747,331845,0,0,27277,489202,0.060179,3314,123285,0.015166,27337,612487,0.075345,8129050
3,2021-01-24,18065,753115,8529,411734,9536,341381,0,0,16868,504908,0.062112,1193,124478,0.015313,16899,629386,0.077424,8129050
3,2021-01-25,41125,794240,18315,430049,22810,364191,0,0,31047,526002,0.064706,10048,134526,0.016549,31142,660528,0.081255,8129050
3,2021-01-26,47632,841872,22718,452767,24914,389105,0,0,37321,553155,0.068047,10278,144804,0.017813,37431,697959,0.08586,8129050
3,2021-01-27,51859,893731,24655,477422,27204,416309,0,0,41081,583613,0.071794,10706,155510,0.01913,41164,739123,0.090924,8129050
3,2021-01-28,52470,946201,24310,501732,28160,444469,0,0,43420,618133,0.07604,8961,164471,0.020232,43481,782604,0.096273,8129050
3,2021-01-29,51549,997750,24654,526386,26895,471364,0,0,41678,650172,0.079981,9690,174161,0.021425,41729,824333,0.101406,8129050
3,2021-01-30,37799,1035549,17809,544195,19990,491354,0,0,33044,678609,0.083479,4699,178860,0.022003,33136,857469,0.105482,8129050
3,2021-01-31,22856,1058405,12838,557033,10018,501372,0,0,21419,698632,0.085943,1420,180280,0.022177,21443,878912,0.10812,8129050
3,2021-02-01,46447,1104852,21217,578250,25230,526602,0,0,35398,723084,0.088951,10986,191266,0.023529,35438,914350,0.112479,8129050
3,2021-02-02,54874,1159726,22889,601139,31985,558587,0,0,42295,752958,0.092626,12475,203741,0.025063,42349,956699,0.117689,8129050
3,2021-02-03,60418,1220144,26832,627971,33586,592173,0,0,44906,782564,0.096268,15375,219116,0.026955,44981,1001680,0.123222,8129050
3,2021-02-04,64813,1284957,28064,656035,36749,628922,0,0,47451,812978,0.100009,17163,236279,0.029066,47577,1049257,0.129075,8129050
3,2021-02-05,70820,1355777,29908,685943,40912,669834,0,0,48888,840363,0.103378,21688,257967,0.031734,49073,1098330,0.135112,8129050
3,2021-02-06,43897,1399674,21038,706981,22859,692693,0,0,34171,865048,0.106414,9677,267644,0.032924,34362,1132692,0.139339,8129050
3,2021-02-07,19867,1419541,12628,719609,7239,699932,0,0,15240,875810,0.107738,4607,272251,0.033491,15369,1148061,0.141229,8129050
3,2021-02-08,51879,1471420,25047,744656,26832,726764,0,0,33978,892228,0.109758,17760,290011,0.035676,34178,1182239,0.145434,8129050
3,2021-02-09,59124,1530544,28642,773298,30482,757246,0,0,34547,902835,0.111063,24295,314306,0.038665,34902,1217141,0.149727,8129050
3,2021-02-10,68768,1599312,32016,805314,36752,793998,0,0,36837,908573,0.111769,31625,345931,0.042555,37363,1254504,0.154324,8129050
3,2021-02-11,71200,1670512,34975,840289,36225,830223,0,0,37793,913873,0.112421,33049,378980,0.04662,38349,1292853,0.159041,8129050
3,2021-02-12,75979,1746491,32757,873046,43222,873445,0,0,41827,922643,0.113499,33836,412816,0.050783,42606,1335459,0.164282,8129050
3,2021-02-13,45476,1791967,20591,893637,24885,898330,0,0,26147,930172,0.114426,19208,432024,0.053146,26737,1362196,0.167571,8129050
3,2021-02-14,27570,1819537,13749,907386,13821,912151,0,0,15289,933718,0.114862,12212,444236,0.054648,15758,1377954,0.16951,8129050
3,2021-02-15,40507,1860044,17455,924841,23052,935203,0,0,22348,938982,0.115509,18041,462277,0.056867,23305,1401259,0.172377,8129050
3,2021-02-16,70758,1930802,33475,958316,37283,972486,0,0,36671,942767,0.115975,33937,496214,0.061042,37722,1438981,0.177017,8129050
3,2021-02-17,72622,2003424,36673,994989,35949,1008435,0,0,34373,940211,0.115661,38001,534215,0.065717,35445,1474426,0.181377,8129050
3,2021-02-18,77734,2081158,40582,1035571,37152,1045587,0,0,35855,935751,0.115112,41668,575883,0.070843,37208,1511634,0.185955,8129050
3,2021-02-19,69829,2150987,40239,1075810,29590,1075177,0,0,35189,937158,0.115285,34464,610347,0.075082,35871,1547505,0.190367,8129050
3,2021-02-20,43450,2194437,27403,1103213,16047,1091224,0,0,22588,939546,0.115579,20734,631081,0.077633,23122,1570627,0.193212,8129050
3,2021-02-21,24450,2218887,19629,1122842,4821,1096045,0,0,11789,939195,0.115536,12555,643636,0.079177,12204,1582831,0.194713,8129050
3,2021-02-22,47910,2266797,31192,1154034,16718,1112763,0,0,22412,936773,0.115238,25338,668974,0.082294,22916,1605747,0.197532,8129050
3,2021-02-23,64008,2330805,34775,1188809,29233,1141996,0,0,27874,930773,0.1145,35887,704861,0.086709,29887,1635634,0.201209,8129050
3,2021-02-24,80195,2411000,39390,1228199,40805,1182801,0,0,35319,924034,0.113671,44608,749469,0.092196,37869,1673503,0.205867,8129050
3,2021-02-25,89920,2500920,43810,1272009,46110,1228911,0,0,44636,926331,0.113953,44962,794431,0.097727,47259,1720762,0.211681,8129050
3,2021-02-26,101002,2601922,46188,1318197,54814,1283725,0,0,53103,934212,0.114923,47457,841888,0.103565,55338,1776100,0.218488,8129050
3,2021-02-27,71601,2673523,32876,1351073,38721,1322446,4,4,37555,939304,0.115549,33797,875685,0.107723,38889,1814989,0.223272,8129050
3,2021-02-28,41756,2715279,24099,1375172,17652,1340098,5,9,21145,941034,0.115762,20393,896078,0.110232,22123,1837112,0.225993,8129050
3,2021-03-01,70593,2785872,37414,1412586,33126,1373224,53,62,39170,950475,0.116923,31161,927239,0.114065,40602,1877714,0.230988,8129050
3,2021-03-02,81984,2867856,40449,1453035,41521,1414745,14,76,47229,965282,0.118745,34574,961813,0.118318,49381,1927095,0.237063,8129050
3,2021-03-03,91954,2959810,44001,1497036,47921,1462666,32,108,51289,978512,0.120372,40407,1002220,0.123289,53637,1980732,0.243661,8129050
3,2021-03-04,96381,3056191,47136,1544172,49220,1511886,25,133,54479,993703,0.122241,41634,1043854,0.12841,56825,2037557,0.250651,8129050
3,2021-03-05,92668,3148859,45292,1589464,47078,1558964,298,431,56191,1016277,0.125018,36180,1080034,0.132861,58754,2096311,0.257879,8129050
3,2021-03-06,66366,3215225,33633,1623097,30566,1589530,2167,2598,37828,1029359,0.126627,28372,1108406,0.136351,41454,2137765,0.262978,8129050
3,2021-03-07,39428,3254653,22757,1645854,14756,1604286,1915,4513,22185,1037467,0.127625,17158,1125564,0.138462,25266,2163031,0.266087,8129050
3,2021-03-08,60562,3315215,28852,1674706,28697,1632983,3013,7526,38270,1058176,0.130172,22110,1147674,0.141182,42819,2205850,0.271354,8129050
3,2021-03-09,77801,3393016,35928,1710634,37375,1670358,4498,12024,41755,1069680,0.131587,35881,1183555,0.145596,47385,2253235,0.277183,8129050
3,2021-03-10,83918,3476934,41775,1752409,35986,1706344,6157,18181,43785,1081106,0.132993,39886,1223441,0.150502,51312,2304547,0.283495,8129050
3,2021-03-11,98174,3575108,48025,1800434,41473,1747817,8676,26857,47991,1088931,0.133956,49880,1273321,0.156638,57705,2362252,0.290594,8129050
3,2021-03-12,102940,3678048,45975,1846409,45030,1792847,11935,38792,47161,1093573,0.134527,55509,1328830,0.163467,60151,2422403,0.297993,8129050
3,2021-03-13,70973,3749021,29883,1876292,33790,1826637,7300,46092,37492,1106343,0.136097,33327,1362157,0.167567,46097,2468500,0.303664,8129050
3,2021-03-14,41541,3790562,21687,1897979,16282,1842919,3572,49664,20919,1110926,0.136661,20523,1382680,0.170091,25106,2493606,0.306752,8129050
3,2021-03-15,76311,3866873,36200,1934179,35528,1878447,4583,54247,40179,1120789,0.137875,35877,1418557,0.174505,45740,2539346,0.312379,8129050
3,2021-03-16,95708,3962581,44155,1978334,47197,1925644,4356,58603,53713,1138020,0.139994,41721,1460278,0.179637,58952,2598298,0.319631,8129050
3,2021-03-17,99092,4061673,48120,2026454,46404,1972048,4568,63171,60073,1164542,0.143257,38752,1499030,0.184404,65274,2663572,0.327661,8129050
3,2021-03-18,104366,4166039,53050,2079504,46764,2018812,4552,67723,59736,1185056,0.14578,44303,1543333,0.189854,64817,2728389,0.335634,8129050
3,2021-03-19,103978,4270017,55771,2135275,43716,2062528,4491,72214,57779,1201958,0.14786,45893,1589226,0.1955,62795,2791184,0.343359,8129050
3,2021-03-20,72447,4342464,37346,2172621,31414,2093942,3687,75901,44518,1222928,0.150439,27703,1616929,0.198907,48673,2839857,0.349347,8129050
3,2021-03-21,36567,4379031,24843,2197464,10206,2104148,1518,77419,21949,1232382,0.151602,14495,1631424,0.200691,23949,2863806,0.352293,8129050
3,2021-03-22,71075,4450106,41778,2239242,26766,2130914,2531,79950,45126,1255370,0.15443,25683,1657107,0.20385,48671,2912477,0.35828,8129050
3,2021-03-23,90497,4540603,50056,2289298,37882,2168796,2559,82509,55127,1278674,0.157297,35075,1692182,0.208165,58379,2970856,0.365462,8129050
3,2021-03-24,99485,4640088,57243,2346541,39291,2208087,2951,85460,56200,1295531,0.159371,42890,1735072,0.213441,59747,3030603,0.372811,8129050
3,2021-03-25,108174,4748262,60068,2406609,45110,2253197,2996,88456,60523,1312406,0.161446,47280,1782352,0.219257,64155,3094758,0.380704,8129050
3,2021-03-26,111596,4859858,59844,2466453,48383,2301580,3369,91825,57088,1319563,0.162327,54136,1836488,0.225917,61293,3156051,0.388244,8129050
3,2021-03-27,75173,4935031,38198,2504651,34410,2335990,2565,94390,36154,1320178,0.162402,38762,1875250,0.230685,39377,3195428,0.393088,8129050
3,2021-03-28,44710,4979741,28165,2532816,15725,2351715,820,95210,22430,1321926,0.162618,22146,1897396,0.233409,23894,3219322,0.396027,8129050
3,2021-03-29,81485,5061226,42568,2575384,37056,2388771,1861,97071,44288,1332008,0.163858,36911,1934307,0.23795,46993,3266315,0.401808,8129050
3,2021-03-30,101072,5162298,49678,2625062,47732,2436503,3662,100733,56280,1348047,0.165831,44503,1978810,0.243425,60542,3326857,0.409255,8129050
3,2021-03-31,105762,5268060,57029,2682091,43848,2480351,4885,105618,56234,1360229,0.167329,49250,2028060,0.249483,61432,3388289,0.416812,8129050
3,2021-04-01,124723,5392783,63030,2745121,51860,2532211,9833,115451,66895,1379836,0.169741,57355,2085415,0.256539,76962,3465251,0.42628,8129050
3,2021-04-02,118660,5511443,57890,2803011,50342,2582553,10428,125879,62225,1396795,0.171828,56108,2141523,0.263441,73067,3538318,0.435268,8129050
3,2021-04-03,76511,5587954,39149,2842160,28088,2610641,9274,135153,38009,1406032,0.172964,38323,2179846,0.268155,47560,3585878,0.441119,8129050
3,2021-04-04,32587,5620541,17425,2859585,10916,2621557,4246,139399,14227,1406227,0.172988,18272,2198118,0.270403,18467,3604345,0.443391,8129050
3,2021-04-05,90220,5710761,45784,2905369,35115,2656672,9321,148720,43715,1413798,0.173919,46252,2244370,0.276093,53823,3658168,0.450012,8129050
3,2021-04-06,114191,5824952,55564,2960933,43328,2700000,15299,164019,53449,1422765,0.175022,60434,2304804,0.283527,69401,3727569,0.458549,8129050
3,2021-04-07,116964,5941916,60507,3021440,40077,2740077,16380,180399,56296,1435292,0.176563,60381,2365185,0.290955,72908,3800477,0.467518,8129050
3,2021-04-08,122070,6063986,60785,3082225,41008,2781085,20277,200676,56483,1447508,0.178066,65250,2430435,0.298981,77466,3877943,0.477048,8129050
3,2021-04-09,119230,6183216,59350,3141575,40586,2821671,19294,219970,52271,1453223,0.178769,66677,2497112,0.307184,72392,3950335,0.485953,8129050
3,2021-04-10,84815,6268031,38054,3179629,31397,2853068,15364,235334,34459,1453653,0.178822,50151,2547263,0.313353,50581,4000916,0.492175,8129050
3,2021-04-11,45510,6313541,24359,3203988,13072,2866140,8079,243413,17273,1451671,0.178578,28131,2575394,0.316814,26149,4027065,0.495392,8129050
3,2021-04-12,84465,6398006,42648,3246636,32936,2899076,8881,252294,38065,1453548,0.178809,46133,2621527,0.322489,48010,4075075,0.501298,8129050
3,2021-04-13,106016,6504022,57383,3304019,48421,2947497,212,252506,55722,1460350,0.179646,50019,2671546,0.328642,56821,4131896,0.508288,8129050
3,2021-04-14,108180,6612202,59150,3363169,48922,2996419,108,252614,53687,1461415,0.179777,54169,2725715,0.335305,55234,4187130,0.515082,8129050
3,2021-04-15,119873,6732075,67402,3430571,52385,3048804,86,252700,63768,1470338,0.180875,55745,2781460,0.342163,64668,4251798,0.523038,8129050
3,2021-04-16,116069,6848144,65041,3495612,50930,3099734,98,252798,60352,1476077,0.181581,55379,2836839,0.348975,61118,4312916,0.530556,8129050
3,2021-04-17,79854,6927998,43510,3539122,36329,3136063,15,252813,44362,1486187,0.182824,35241,2872080,0.353311,45351,4358267,0.536135,8129050
3,2021-04-18,39011,6967009,23565,3562687,15436,3151499,10,252823,18250,1484699,0.182641,20630,2892710,0.355848,19142,4377409,0.53849,8129050
3,2021-04-19,79590,7046599,44284,3606971,35246,3186745,60,252883,35680,1477271,0.181727,43682,2936392,0.361222,36254,4413663,0.542949,8129050
3,2021-04-20,101244,7147843,53266,3660237,47956,3234701,22,252905,48778,1474941,0.181441,52171,2988563,0.36764,49841,4463504,0.549081,8129050
3,2021-04-21,106434,7254277,59768,3720005,46586,3281287,80,252985,50097,1470284,0.180868,55925,3044488,0.37452,51268,4514772,0.555387,8129050
3,2021-04-22,112594,7366871,63272,3783277,49293,3330580,29,253014,48248,1455563,0.179057,63957,3108445,0.382387,49236,4564008,0.561444,8129050
3,2021-04-23,106843,7473714,61129,3844406,45682,3376262,32,253046,46690,1443538,0.177578,59766,3168211,0.389739,47741,4611749,0.567317,8129050
3,2021-04-24,74355,7548069,45864,3890270,28418,3404680,73,253119,36141,1442847,0.177493,37914,3206125,0.394403,37223,4648972,0.571896,8129050
3,2021-04-25,37144,7585213,23707,3913977,13419,3418099,18,253137,18927,1444148,0.177653,18050,3224175,0.396624,19351,4668323,0.574277,8129050
3,2021-04-26,74419,7659632,42070,3956047,31933,3450032,416,253553,31673,1435137,0.176544,42453,3266628,0.401846,33442,4701765,0.57839,8129050
3,2021-04-27,91597,7751229,48091,4004138,41750,3491782,1756,255309,36239,1418882,0.174545,55025,3321653,0.408615,38770,4740535,0.58316,8129050
3,2021-04-28,87341,7838570,49648,4053786,35542,3527324,2151,257460,35569,1405694,0.172922,51449,3373102,0.414944,38261,4778796,0.587866,8129050
3,2021-04-29,89695,7928265,51266,4105052,36200,3563524,2229,259689,31945,1382971,0.170127,57381,3430483,0.422003,34658,4813454,0.59213,8129050
3,2021-04-30,91279,8019544,51515,4156567,37272,3600796,2492,262181,33921,1362881,0.167656,56967,3487450,0.429011,36877,4850331,0.596666,8129050
3,2021-05-01,55851,8075395,35019,4191586,19344,3620140,1488,263669,20104,1349515,0.166011,35449,3522899,0.433372,22083,4872414,0.599383,8129050
3,2021-05-02,27116,8102511,18514,4210100,7578,3627718,1024,264693,9927,1343494,0.165271,17072,3539971,0.435472,11051,4883465,0.600742,8129050
3,2021-05-03,60163,8162674,35324,4245424,22453,3650171,2386,267079,17539,1321223,0.162531,42376,3582347,0.440685,20105,4903570,0.603216,8129050
3,2021-05-04,77999,8240673,45093,4290517,30213,3680384,2693,269772,22629,1291767,0.158907,55052,3637399,0.447457,25596,4929166,0.606364,8129050
3,2021-05-05,79557,8320230,47756,4338273,29082,3709466,2719,272491,22003,1259597,0.15495,57189,3694588,0.454492,25019,4954185,0.609442,8129050
3,2021-05-06,83854,8404084,53079,4391352,28232,3737698,2543,275034,20700,1220733,0.150169,62648,3757236,0.462199,23784,4977969,0.612368,8129050
3,2021-05-07,82877,8486961,51634,4442986,28595,3766293,2648,277682,21984,1185147,0.145792,60518,3817754,0.469643,24932,5002901,0.615435,8129050
3,2021-05-08,52930,8539891,32817,4475803,18385,3784678,1728,279410,14012,1162517,0.143008,38634,3856388,0.474396,16004,5018905,0.617404,8129050
3,2021-05-09,21069,8560960,15397,4491200,4878,3789556,794,280204,5511,1153430,0.14189,15459,3871847,0.476298,6372,5025277,0.618187,8129050
3,2021-05-10,48423,8609383,26053,4517253,20448,3810004,1922,282126,11226,1129851,0.138989,36979,3908826,0.480847,13400,5038677,0.619836,8129050
3,2021-05-11,64479,8673862,36167,4553420,26079,3836083,2233,284359,16199,1100734,0.135407,48013,3956839,0.486753,18896,5057573,0.62216,8129050
3,2021-05-12,65185,8739047,37462,4590882,25309,3861392,2414,286773,16629,1071829,0.131852,48267,4005106,0.492691,19362,5076935,0.624542,8129050
3,2021-05-13,75825,8814872,47786,4638668,26114,3887506,1925,288698,27664,1054152,0.129677,47898,4053004,0.498583,30221,5107156,0.62826,8129050
3,2021-05-14,80779,8895651,51007,4689675,27614,3915120,2158,290856,31270,1038986,0.127811,49197,4102201,0.504635,34031,5141187,0.632446,8129050
3,2021-05-15,62504,8958155,43105,4732780,18182,3933302,1217,292073,25833,1029825,0.126685,36445,4138646,0.509118,27284,5168471,0.635803,8129050
3,2021-05-16,33317,8991472,24913,4757693,7712,3941014,692,292765,13444,1024307,0.126006,19746,4158392,0.511547,14228,5182699,0.637553,8129050
3,2021-05-17,57219,9048691,36438,4794131,18926,3959940,1855,294620,21081,1011598,0.124442,35856,4194248,0.515958,23147,5205846,0.6404,8129050
3,2021-05-18,64761,9113452,38238,4832369,24649,3984589,1874,296494,24315,998031,0.122773,40155,4234403,0.520898,26588,5232434,0.643671,8129050
3,2021-05-19,64193,9177645,39018,4871387,23418,4008007,1757,298251,24825,985787,0.121267,39107,4273510,0.525708,26863,5259297,0.646976,8129050
3,2021-05-20,62070,9239715,36324,4907711,23887,4031894,1859,300110,22283,970790,0.119422,39478,4312988,0.530565,24481,5283778,0.649987,8129050
3,2021-05-21,66375,9306090,40341,4948052,23918,4055812,2116,302226,23719,954615,0.117433,42318,4355306,0.535771,26143,5309921,0.653203,8129050
3,2021-05-22,45923,9352013,30442,4978494,14006,4069818,1475,303701,19109,948865,0.116725,26590,4381896,0.539042,20840,5330761,0.655767,8129050
3,2021-05-23,21764,9373777,15061,4993555,6049,4075867,654,304355,9194,946347,0.116415,12480,4394376,0.540577,9962,5340723,0.656992,8129050
3,2021-05-24,39821,9413598,23304,5016859,14745,4090612,1772,306127,14772,938250,0.115419,24840,4419216,0.543633,16743,5357466,0.659052,8129050
3,2021-05-25,42892,9456490,24123,5040982,17078,4107690,1691,307818,15216,927998,0.114158,27392,4446608,0.547002,17140,5374606,0.66116,8129050
3,2021-05-26,42500,9498990,24311,5065293,16453,4124143,1736,309554,15897,919469,0.113109,26294,4472902,0.550237,17765,5392371,0.663346,8129050
3,2021-05-27,39421,9538411,22098,5087391,15565,4139708,1758,311312,15418,913062,0.112321,23833,4496735,0.553169,17426,5409797,0.665489,8129050
3,2021-05-28,42935,9581346,24263,5111654,16867,4156575,1805,313117,17834,908133,0.111715,24890,4521625,0.55623,19961,5429758,0.667945,8129050
3,2021-05-29,23490,9604836,14351,5126005,8299,4164874,840,313957,10971,907699,0.111661,12378,4534003,0.557753,11944,5441702,0.669414,8129050
3,2021-05-30,10638,9615474,6897,5132902,3104,4167978,637,314594,4467,906757,0.111545,6090,4540093,0.558502,5148,5446850,0.670048,8129050
3,2021-05-31,4671,9620145,2697,5135599,1708,4169686,266,314860,1465,905361,0.111374,3157,4543250,0.558891,1761,5448611,0.670264,8129050
3,2021-06-01,37780,9657925,21744,5157343,14590,4184276,1446,316306,13187,895844,0.110203,24344,4567594,0.561885,14827,5463438,0.672088,8129050
3,2021-06-02,31525,9689450,18112,5175455,11997,4196273,1416,317722,11658,889398,0.10941,19658,4587252,0.564304,13212,5476650,0.673713,8129050
3,2021-06-03,39640,9729090,27105,5202560,11097,4207370,1438,319160,11415,874445,0.10757,28044,4615296,0.567753,13091,5489741,0.675324,8129050
3,2021-06-04,46232,9775322,32700,5235260,11982,4219352,1550,320710,13129,856693,0.105387,32853,4648149,0.571795,15101,5504842,0.677181,8129050
3,2021-06-05,34364,9809686,25894,5261154,7283,4226635,1187,321897,8699,841323,0.103496,25453,4673602,0.574926,10083,5514925,0.678422,8129050
3,2021-06-06,14667,9824353,12235,5273389,1846,4228481,586,322483,3699,834871,0.102702,10904,4684506,0.576267,4452,5519377,0.678969,8129050
3,2021-06-07,30435,9854788,22114,5295503,7034,4235515,1287,323770,8707,823408,0.101292,21578,4706084,0.578922,10115,5529492,0.680214,8129050
3,2021-06-08,34360,9889148,24674,5320177,8396,4243911,1290,325060,9935,810647,0.099722,24214,4730298,0.5819,11453,5540945,0.681623,8129050
3,2021-06-09,32998,9922146,23933,5344110,7760,4251671,1305,326365,8850,797005,0.098044,23963,4754261,0.584848,10321,5551266,0.682892,8129050
3,2021-06-10,32532,9954678,23456,5367566,7544,4259215,1532,327897,8949,784261,0.096476,23423,4777684,0.58773,10679,5561945,0.684206,8129050
3,2021-06-11,35598,9990276,25164,5392730,9059,4268274,1375,329272,10558,771532,0.09491,24839,4802523,0.590785,12110,5574055,0.685696,8129050
3,2021-06-12,25233,10015509,19022,5411752,5318,4273592,893,330165,6675,760820,0.093593,18440,4820963,0.593054,7728,5581783,0.686646,8129050
3,2021-06-13,10144,10025653,7587,5419339,2067,4275659,490,330655,2358,756011,0.093001,7733,4828696,0.594005,2924,5584707,0.687006,8129050
3,2021-06-14,25829,10051482,18501,5437840,5901,4281560,1427,332082,8071,748026,0.092019,17625,4846321,0.596173,9640,5594347,0.688192,8129050
3,2021-06-15,28753,10080235,19453,5457293,7791,4289351,1509,333591,9639,740462,0.091088,18882,4865203,0.598496,11318,5605665,0.689584,8129050
3,2021-06-16,25911,10106146,18404,5475697,6091,4295442,1416,335007,8730,733762,0.090264,16998,4882201,0.600587,10298,5615963,0.690851,8129050
3,2021-06-17,24870,10131016,17806,5493503,5771,4301213,1293,336300,8622,727724,0.089521,16092,4898293,0.602566,10054,5626017,0.692088,8129050
3,2021-06-18,28039,10159055,19802,5513305,6662,4307875,1575,337875,9814,721290,0.08873,17991,4916284,0.60478,11557,5637574,0.69351,8129050
3,2021-06-19,16033,10175088,11776,5525081,3395,4311270,862,338737,5742,717839,0.088305,10164,4926448,0.60603,6713,5644287,0.694335,8129050
3,2021-06-20,6889,10181977,5167,5530248,1420,4312690,302,339039,2608,716578,0.08815,4224,4930672,0.60655,2963,5647250,0.6947,8129050
3,2021-06-21,16244,10198221,10248,5540496,4595,4317285,1401,340440,8086,718123,0.08834,8064,4938736,0.607542,9609,5656859,0.695882,8129050
3,2021-06-22,22106,10220327,15497,5555993,5311,4322596,1298,341738,8271,714142,0.087851,13706,4952442,0.609228,9725,5666584,0.697078,8129050
3,2021-06-23,20284,10240611,14212,5570205,4736,4327332,1336,343074,8040,711532,0.08753,12127,4964569,0.610719,9517,5676101,0.698249,8129050
3,2021-06-24,19967,10260578,13897,5584102,4617,4331949,1453,344527,7794,708890,0.087205,11998,4976567,0.612195,9356,5685457,0.6994,8129050
3,2021-06-25,23299,10283877,16529,5600631,5348,4337297,1422,345949,9097,705470,0.086784,14067,4990634,0.613926,10647,5696104,0.70071,8129050
3,2021-06-26,14006,10297883,10400,5611031,2832,4340129,774,346723,5844,704190,0.086626,8057,4998691,0.614917,6777,5702881,0.701543,8129050
3,2021-06-27,6708,10304591,5192,5616223,1207,4341336,309,347032,2864,703599,0.086554,3799,5002490,0.615384,3208,5706089,0.701938,8129050
3,2021-06-28,15999,10320590,12300,5628523,2616,4343952,1083,348115,6742,702416,0.086408,9114,5011604,0.616505,7931,5714020,0.702914,8129050
3,2021-06-29,18076,10338666,12733,5641256,4335,4348287,1008,349123,7395,700417,0.086162,10534,5022138,0.617801,8535,5722555,0.703964,8129050
3,2021-06-30,17050,10355716,12082,5653338,3926,4352213,1042,350165,7332,699379,0.086035,9561,5031699,0.618977,8523,5731078,0.705012,8129050
3,2021-07-01,16318,10372034,11629,5664967,3620,4355833,1069,351234,6866,698092,0.085876,9322,5041021,0.620124,8035,5739113,0.706,8129050
3,2021-07-02,18446,10390480,13121,5678088,4222,4360055,1103,352337,7869,696703,0.085705,10459,5051480,0.621411,9070,5748183,0.707116,8129050
3,2021-07-03,10089,10400569,7288,5685376,2362,4362417,439,352776,4325,695883,0.085604,5687,5057167,0.62211,4867,5753050,0.707715,8129050
3,2021-07-04,726,10401295,427,5685803,212,4362629,87,352863,279,695825,0.085597,440,5057607,0.622165,382,5753432,0.707762,8129050
3,2021-07-05,9523,10410818,6961,5692764,2139,4364768,423,353286,4303,695465,0.085553,5149,5062756,0.622798,4789,5758221,0.708351,8129050
3,2021-07-06,19049,10429867,13808,5706572,4124,4368892,1117,354403,6899,691631,0.085081,11974,5074730,0.624271,8140,5766361,0.709352,8129050
3,2021-07-07,15734,10445601,11173,5717745,3449,4372341,1112,355515,6345,689942,0.084874,9253,5083983,0.625409,7564,5773925,0.710283,8129050
3,2021-07-08,15303,10460904,11053,5728798,3253,4375594,997,356512,6203,688258,0.084666,8973,5092956,0.626513,7289,5781214,0.71118,8129050
3,2021-07-09,17599,10478503,12269,5741067,4114,4379708,1216,357728,7272,686665,0.084471,10193,5103149,0.627767,8600,5789814,0.712237,8129050
3,2021-07-10,10814,10489317,7958,5749025,2193,4381901,663,358391,4592,685854,0.084371,6154,5109303,0.628524,5343,5795157,0.712895,8129050
3,2021-07-11,5115,10494432,3786,5752811,1054,4382955,275,358666,2309,685701,0.084352,2757,5112060,0.628863,2604,5797761,0.713215,8129050
3,2021-07-12,14327,10508759,10447,5763258,2879,4385834,1001,359667,5720,683962,0.084138,8530,5120590,0.629912,6791,5804552,0.71405,8129050
3,2021-07-13,15111,10523870,10676,5773934,3525,4389359,910,360577,6628,683196,0.084044,8386,5128976,0.630944,7620,5812172,0.714988,8129050
3,2021-07-14,14391,10538261,10206,5784140,3262,4392621,923,361500,6413,682716,0.083985,7877,5136853,0.631913,7397,5819569,0.715898,8129050
3,2021-07-15,14683,10552944,10611,5794751,3233,4395854,839,362339,6718,682478,0.083955,7870,5144723,0.632881,7632,5827201,0.716837,8129050
3,2021-07-16,17701,10570645,12729,5807480,4083,4399937,889,363228,8456,682757,0.08399,9136,5153859,0.634005,9415,5836616,0.717995,8129050
3,2021-07-17,11255,10581900,8248,5815728,2475,4402412,532,363760,5355,682883,0.084005,5829,5159688,0.634722,5955,5842571,0.718727,8129050
3,2021-07-18,5734,10587634,4331,5820059,1152,4403564,251,364011,2821,683111,0.084033,2870,5162558,0.635075,3098,5845669,0.719109,8129050
3,2021-07-19,14860,10602494,10866,5830925,3118,4406682,876,364887,7306,683911,0.084132,7455,5170013,0.635992,8255,5853924,0.720124,8129050
3,2021-07-20,16513,10619007,11488,5842413,4122,4410804,903,365790,8505,685506,0.084328,7893,5177906,0.636963,9488,5863412,0.721291,8129050
3,2021-07-21,15931,10634938,11280,5853693,3787,4414591,864,366654,8020,686684,0.084473,7783,5185689,0.637921,8961,5872373,0.722394,8129050
3,2021-07-22,16292,10651230,11523,5865216,3810,4418401,959,367613,8463,688461,0.084691,7706,5193395,0.638869,9483,5881856,0.72356,8129050
3,2021-07-23,19177,10670407,13676,5878892,4492,4422893,1009,368622,10305,691132,0.08502,8728,5202123,0.639942,11399,5893255,0.724962,8129050
3,2021-07-24,11546,10681953,8317,5887209,2650,4425543,579,369201,6371,693020,0.085252,5097,5207220,0.640569,6985,5900240,0.725822,8129050
3,2021-07-25,5606,10687559,4196,5891405,1200,4426743,210,369411,4052,695827,0.085598,1506,5208726,0.640755,4313,5904553,0.726352,8129050
3,2021-07-26,15396,10702955,10701,5902106,3730,4430473,965,370376,9302,700174,0.086132,5984,5214710,0.641491,10331,5914884,0.727623,8129050
3,2021-07-27,17358,10720313,12274,5914380,4115,4434588,969,371345,9948,703887,0.086589,7280,5221990,0.642386,10993,5925877,0.728975,8129050
3,2021-07-28,17013,10737326,12187,5926567,3791,4438379,1035,372380,9829,707758,0.087065,7044,5229034,0.643253,10915,5936792,0.730318,8129050
3,2021-07-29,16745,10754071,12051,5938618,3667,4442046,1027,373407,9864,712017,0.087589,6704,5235738,0.644077,10963,5947755,0.731667,8129050
3,2021-07-30,19519,10773590,13785,5952403,4663,4446709,1071,374478,11337,716543,0.088146,7974,5243712,0.645058,12500,5960255,0.733204,8129050
3,2021-07-31,12152,10785742,8815,5961218,2702,4449411,635,375113,7088,719409,0.088499,4925,5248637,0.645664,7791,5968046,0.734163,8129050
3,2021-08-01,6480,10792222,4937,5966155,1286,4450697,257,375370,4200,721679,0.088778,2222,5250859,0.645938,4492,5972538,0.734715,8129050
3,2021-08-02,16573,10808795,12046,5978201,3605,4454302,922,376292,10317,726852,0.089414,6132,5256991,0.646692,11305,5983843,0.736106,8129050
3,2021-08-03,18267,10827062,13179,5991380,3992,4458294,1096,377388,10899,731710,0.090012,7189,5264180,0.647576,12047,5995890,0.737588,8129050
3,2021-08-04,17508,10844570,12575,6003955,3921,4462215,1012,378400,10431,736287,0.090575,6916,5271096,0.648427,11493,6007383,0.739002,8129050
3,2021-08-05,17865,10862435,12916,6016871,3812,4466027,1137,379537,10787,741368,0.0912,6914,5278010,0.649278,11995,6019378,0.740477,8129050
3,2021-08-06,21640,10884075,15701,6032572,4792,4470819,1147,380684,12780,746699,0.091856,8663,5286673,0.650343,13994,6033372,0.742199,8129050
3,2021-08-07,12708,10896783,9455,6042027,2636,4473455,617,381301,7445,749685,0.092223,5126,5291799,0.650974,8112,6041484,0.743197,8129050
3,2021-08-08,7562,10904345,5791,6047818,1531,4474986,240,381541,4678,751836,0.092488,2802,5294601,0.651319,4953,6046437,0.743806,8129050
3,2021-08-09,18162,10922507,13599,6061417,3518,4478504,1045,382586,10286,755525,0.092941,7714,5302315,0.652267,11403,6057840,0.745209,8129050
3,2021-08-10,18349,10940856,13449,6074866,3929,4482433,971,383557,10343,759041,0.093374,7840,5310155,0.653232,11356,6069196,0.746606,8129050
3,2021-08-11,16346,10957202,11871,6086737,3479,4485912,996,384553,9128,762189,0.093761,7029,5317184,0.654097,10177,6079373,0.747858,8129050
3,2021-08-12,17797,10974999,12580,6099317,4187,4490099,1030,385583,9793,765256,0.094138,7806,5324990,0.655057,10873,6090246,0.749195,8129050
3,2021-08-13,21735,10996734,15504,6114821,5159,4495258,1072,386655,11885,768836,0.094579,9445,5334435,0.656219,13025,6103271,0.750798,8129050
3,2021-08-14,8908,11005642,6007,6120828,2361,4497619,540,387195,4516,770112,0.094736,3806,5338241,0.656687,5082,6108353,0.751423,8129050
4,2020-12-15,468,468,468,468,0,0,0,0,468,468,5.8e-05,0,0,0.0,468,468,5.8e-05,8037679
4,2020-12-16,3079,3547,3079,3547,0,0,0,0,3079,3547,0.000441,0,0,0.0,3079,3547,0.000441,8037679
4,2020-12-17,9048,12595,9048,12595,0,0,0,0,9049,12596,0.001567,0,0,0.0,9049,12596,0.001567,8037679
4,2020-12-18,16304,28899,16291,28886,13,13,0,0,16304,28900,0.003596,0,0,0.0,16304,28900,0.003596,8037679
4,2020-12-19,10425,39324,10415,39301,10,23,0,0,10361,39261,0.004885,0,0,0.0,10361,39261,0.004885,8037679
4,2020-12-20,7468,46792,7455,46756,13,36,0,0,7423,46684,0.005808,0,0,0.0,7423,46684,0.005808,8037679
4,2020-12-21,16477,63269,16445,63201,32,68,0,0,16409,63092,0.00785,1,1,0.0,16409,63093,0.00785,8037679
4,2020-12-22,17267,80536,16502,79703,765,833,0,0,17222,80310,0.009992,4,5,1e-06,17222,80315,0.009992,8037679
4,2020-12-23,17243,97779,14454,94157,2789,3622,0,0,17221,97528,0.012134,3,8,1e-06,17221,97536,0.012135,8037679
4,2020-12-24,8622,106401,5996,100153,2626,6248,0,0,8621,106149,0.013206,0,8,1e-06,8621,106157,0.013207,8037679
4,2020-12-25,913,107314,808,100961,105,6353,0,0,913,107062,0.01332,0,8,1e-06,913,107070,0.013321,8037679
4,2020-12-26,6240,113554,3912,104873,2328,8681,0,0,6240,113302,0.014096,0,8,1e-06,6240,113310,0.014097,8037679
4,2020-12-27,3469,117023,2006,106879,1463,10144,0,0,3469,116771,0.014528,0,8,1e-06,3469,116779,0.014529,8037679
4,2020-12-28,15280,132303,9429,116308,5851,15995,0,0,15252,132020,0.016425,3,11,1e-06,15252,132031,0.016427,8037679
4,2020-12-29,15876,148179,8906,125214,6970,22965,0,0,15843,147862,0.018396,1,12,1e-06,15843,147874,0.018398,8037679
4,2020-12-30,19334,167513,11288,136502,8046,31011,0,0,19324,167184,0.0208,2,14,2e-06,19324,167198,0.020802,8037679
4,2020-12-31,8379,175892,3385,139887,4994,36005,0,0,8366,175541,0.02184,9,23,3e-06,8366,175564,0.021843,8037679
4,2021-01-01,1801,177693,822,140709,979,36984,0,0,1795,177332,0.022063,4,27,3e-06,1795,177359,0.022066,8037679
4,2021-01-02,5790,183483,3266,143975,2524,39508,0,0,5788,183119,0.022783,1,28,3e-06,5788,183147,0.022786,8037679
4,2021-01-03,2168,185651,1278,145253,890,40398,0,0,2154,185270,0.02305,3,31,4e-06,2154,185301,0.023054,8037679
4,2021-01-04,13098,198749,7070,152323,6028,46426,0,0,13048,198290,0.02467,28,59,7e-06,13048,198349,0.024677,8037679
4,2021-01-05,17048,215797,10092,162415,6956,53382,0,0,14813,210913,0.026241,2207,2266,0.000282,14830,213179,0.026522,8037679
4,2021-01-06,21821,237618,13371,175786,8450,61832,0,0,15649,220456,0.027428,6123,8389,0.001044,15666,228845,0.028472,8037679
4,2021-01-07,28179,265797,17192,192978,10987,72819,0,0,16792,225943,0.02811,11327,19716,0.002453,16814,245659,0.030563,8037679
4,2021-01-08,33146,298943,21273,214251,11873,84692,0,0,18459,229809,0.028591,14620,34336,0.004272,18486,264145,0.032863,8037679
4,2021-01-09,16408,315351,9706,223957,6702,91394,0,0,9534,232493,0.028925,6863,41199,0.005126,9547,273692,0.034051,8037679
4,2021-01-10,8836,324187,5702,229659,3134,94528,0,0,4200,232077,0.028874,4625,45824,0.005701,4209,277901,0.034575,8037679
4,2021-01-11,33791,357978,22187,251846,11604,106132,0,0,19051,236466,0.02942,14711,60535,0.007531,19100,297001,0.036951,8037679
4,2021-01-12,38860,396838,22405,274251,16455,122587,0,0,24463,246637,0.030685,14340,74875,0.009316,24511,321512,0.040001,8037679
4,2021-01-13,39202,436040,19429,293680,19773,142360,0,0,27746,263000,0.032721,11412,86287,0.010735,27775,349287,0.043456,8037679
4,2021-01-14,39749,475789,15324,309004,24425,166785,0,0,32482,288286,0.035867,7228,93515,0.011635,32514,381801,0.047501,8037679
4,2021-01-15,45828,521617,16027,325031,29801,196586,0,0,40153,322863,0.040169,5602,99117,0.012332,40179,421980,0.0525,8037679
4,2021-01-16,28979,550596,9439,334470,19540,216126,0,0,25801,345534,0.042989,3146,102263,0.012723,25817,447797,0.055712,8037679
4,2021-01-17,19090,569686,6609,341079,12481,228607,0,0,17421,361320,0.044953,1647,103910,0.012928,17433,465230,0.057881,8037679
4,2021-01-18,29677,599363,13746,354825,15931,244538,0,0,23642,379028,0.047156,5967,109877,0.01367,23675,488905,0.060827,8037679
4,2021-01-19,46660,646023,23316,378141,23344,267882,0,0,36926,406342,0.050555,9685,119562,0.014875,36999,525904,0.06543,8037679
4,2021-01-20,53060,699083,28334,406475,24726,292608,0,0,42373,438194,0.054517,10586,130148,0.016192,42438,568342,0.07071,8037679
4,2021-01-21,58394,757477,26255,432730,32139,324747,0,0,51505,482945,0.060085,6804,136952,0.017039,51555,619897,0.077124,8037679
4,2021-01-22,55880,813357,22415,455145,33465,358212,0,0,50617,528403,0.065741,5191,142143,0.017685,50649,670546,0.083425,8037679
4,2021-01-23,39970,853327,17431,472576,22539,380751,0,0,35583,559640,0.069627,4377,146520,0.018229,35614,706160,0.087856,8037679
4,2021-01-24,24232,877559,10548,483124,13684,394435,0,0,22315,580071,0.072169,1907,148427,0.018466,22338,728498,0.090635,8037679
4,2021-01-25,48432,925991,22358,505482,26074,420509,0,0,37138,606007,0.075396,11261,159688,0.019867,37197,765695,0.095263,8037679
4,2021-01-26,57377,983368,29235,534717,28142,448651,0,0,44954,638638,0.079456,12386,172074,0.021408,45017,810712,0.100864,8037679
4,2021-01-27,56888,1040256,27013,561730,29875,478526,0,0,45655,673196,0.083755,11152,183226,0.022796,45710,856422,0.106551,8037679
4,2021-01-28,57522,1097778,25953,587683,31569,510095,0,0,47269,710363,0.088379,10151,193377,0.024059,47318,903740,0.112438,8037679
4,2021-01-29,57358,1155136,27412,615095,29946,540041,0,0,46761,746769,0.092909,10393,203770,0.025352,46799,950539,0.11826,8037679
4,2021-01-30,38682,1193818,17342,632437,21340,561381,0,0,33242,774661,0.096379,5381,209151,0.026021,33273,983812,0.1224,8037679
4,2021-01-31,24473,1218291,12747,645184,11726,573107,0,0,22748,795725,0.098999,1702,210853,0.026233,22766,1006578,0.125232,8037679
4,2021-02-01,50349,1268640,24219,669403,26130,599237,0,0,38515,822514,0.102332,11772,222625,0.027698,38561,1045139,0.13003,8037679
4,2021-02-02,56180,1324820,25814,695217,30366,629603,0,0,43099,852675,0.106085,12992,235617,0.029314,43153,1088292,0.135399,8037679
4,2021-02-03,62765,1387585,30792,726009,31973,661576,0,0,48085,886294,0.110267,14525,250142,0.031121,48144,1136436,0.141389,8037679
4,2021-02-04,68258,1455843,31691,757700,36567,698143,0,0,51240,920811,0.114562,16839,266981,0.033216,51356,1187792,0.147778,8037679
4,2021-02-05,73888,1529731,34202,791902,39686,737829,0,0,51260,949868,0.118177,22341,289322,0.035996,51398,1239190,0.154173,8037679
4,2021-02-06,49084,1578815,26345,818247,22739,760568,0,0,37424,975909,0.121417,11590,300912,0.037438,37631,1276821,0.158854,8037679
4,2021-02-07,26702,1605517,17627,835874,9075,769643,0,0,20145,989780,0.123143,6519,307431,0.038249,20390,1297211,0.161391,8037679
4,2021-02-08,59229,1664746,30426,866300,28803,798446,0,0,38425,1007808,0.125385,20660,328091,0.040819,38688,1335899,0.166205,8037679
4,2021-02-09,67885,1732631,34376,900676,33509,831955,0,0,39682,1019935,0.126894,28003,356094,0.044303,40130,1376029,0.171197,8037679
4,2021-02-10,78121,1810752,39086,939762,39035,870990,0,0,40988,1024607,0.127475,36871,392965,0.04889,41543,1417572,0.176366,8037679
4,2021-02-11,82365,1893117,42988,982750,39377,910367,0,0,41821,1026845,0.127754,40263,433228,0.0539,42501,1460073,0.181654,8037679
4,2021-02-12,85346,1978463,38262,1021012,47084,957451,0,0,43804,1030189,0.12817,41255,474483,0.059032,44599,1504672,0.187202,8037679
4,2021-02-13,59376,2037839,30035,1051047,29341,986792,0,0,30175,1032228,0.128424,29048,503531,0.062646,31087,1535759,0.19107,8037679
4,2021-02-14,37175,2075014,19315,1070362,17860,1004652,0,0,18972,1033730,0.128611,18138,521669,0.064903,19640,1555399,0.193513,8037679
4,2021-02-15,46745,2121759,21922,1092284,24823,1029475,0,0,23932,1036137,0.12891,22722,544391,0.06773,25129,1580528,0.19664,8037679
4,2021-02-16,81106,2202865,37222,1129506,43884,1073359,0,0,41113,1038639,0.129221,39836,584227,0.072686,42338,1622866,0.201907,8037679
4,2021-02-17,82455,2285320,38991,1168497,43464,1116823,0,0,39097,1035750,0.128862,43127,627354,0.078052,40238,1663104,0.206913,8037679
4,2021-02-18,84447,2369767,46495,1214992,37952,1154775,0,0,38890,1030767,0.128242,45341,672695,0.083693,40358,1703462,0.211935,8037679
4,2021-02-19,83696,2453463,52730,1267722,30966,1185741,0,0,41693,1031331,0.128312,41811,714506,0.088895,42375,1745837,0.217207,8037679
4,2021-02-20,50154,2503617,33377,1301099,16777,1202518,0,0,26995,1035972,0.128889,23065,737571,0.091764,27706,1773543,0.220654,8037679
4,2021-02-21,30548,2534165,24231,1325330,6317,1208835,0,0,14642,1035113,0.128783,15813,753384,0.093732,14954,1788497,0.222514,8037679
4,2021-02-22,55954,2590119,38413,1363743,17541,1226376,0,0,26908,1033625,0.128597,28866,782250,0.097323,27378,1815875,0.22592,8037679
4,2021-02-23,77584,2667703,43029,1406772,34555,1260931,0,0,33975,1025906,0.127637,43382,825632,0.10272,35663,1851538,0.230357,8037679
4,2021-02-24,92791,2760494,49056,1455828,43735,1304666,0,0,41627,1018838,0.126758,50876,876508,0.10905,43808,1895346,0.235808,8037679
4,2021-02-25,104412,2864906,54649,1510477,49763,1354429,0,0,49611,1016468,0.126463,54554,931062,0.115837,52184,1947530,0.2423,8037679
4,2021-02-26,110489,2975395,55819,1566296,54670,1409099,0,0,56180,1021017,0.127029,53991,985053,0.122554,58540,2006070,0.249583,8037679
4,2021-02-27,80604,3055999,43820,1610116,36773,1445872,11,11,42589,1027352,0.127817,37777,1022830,0.127254,44112,2050182,0.255071,8037679
4,2021-02-28,49823,3105822,30723,1640839,19093,1464965,7,18,27133,1032929,0.128511,22473,1045303,0.13005,28050,2078232,0.258561,8037679
4,2021-03-01,81464,3187286,47670,1688509,33740,1498705,54,72,44809,1042742,0.129732,36290,1081593,0.134565,46103,2124335,0.264297,8037679
4,2021-03-02,90190,3277476,51712,1740221,38468,1537173,10,82,52697,1059998,0.131879,37277,1118870,0.139203,54533,2178868,0.271082,8037679
4,2021-03-03,104200,3381676,55351,1795572,48829,1586002,20,102,57935,1073727,0.133587,46023,1164893,0.144929,59752,2238620,0.278516,8037679
4,2021-03-04,102484,3484160,57055,1852627,45409,1631411,20,122,55723,1084769,0.13496,46498,1211391,0.150714,57540,2296160,0.285675,8037679
4,2021-03-05,98560,3582720,53187,1905814,45045,1676456,328,450,57649,1104037,0.137358,40670,1252061,0.155774,59938,2356098,0.293132,8037679
4,2021-03-06,77626,3660346,43711,1949525,31268,1707724,2647,3097,47439,1125399,0.140015,30043,1282104,0.159512,51405,2407503,0.299527,8037679
4,2021-03-07,45137,3705483,27665,1977190,15254,1722978,2218,5315,26286,1136199,0.141359,18759,1300863,0.161846,29559,2437062,0.303205,8037679
4,2021-03-08,68633,3774116,35853,2013043,29378,1752356,3402,8717,44993,1162384,0.144617,23494,1324357,0.164769,49679,2486741,0.309385,8037679
4,2021-03-09,82701,3856817,41750,2054793,35652,1788008,5299,14016,44561,1175311,0.146225,37939,1362296,0.169489,50866,2537607,0.315714,8037679
4,2021-03-10,92701,3949518,47829,2102622,37307,1825315,7565,21581,46592,1184423,0.147359,45886,1408182,0.175198,54998,2592605,0.322556,8037679
4,2021-03-11,101743,4051261,53332,2155954,39860,1865175,8551,30132,46895,1186254,0.147587,54564,1462746,0.181986,56395,2649000,0.329573,8037679
4,2021-03-12,105547,4156808,51971,2207925,43209,1908384,10367,40499,45143,1182400,0.147107,60096,1522842,0.189463,56242,2705242,0.33657,8037679
4,2021-03-13,82205,4239013,38062,2245987,35597,1943981,8546,49045,38879,1187618,0.147756,43173,1566015,0.194834,48391,2753633,0.342591,8037679
4,2021-03-14,50173,4289186,28570,2274557,17953,1961934,3650,52695,23434,1188628,0.147882,26632,1592647,0.198148,27642,2781275,0.34603,8037679
4,2021-03-15,84344,4373530,45368,2319925,34680,1996614,4296,56991,42728,1195109,0.148688,41314,1633961,0.203288,47795,2829070,0.351976,8037679
4,2021-03-16,108648,4482178,56508,2376433,48699,2045313,3441,60432,57022,1204861,0.149902,51346,1685307,0.209676,61098,2890168,0.359577,8037679
4,2021-03-17,108131,4590309,58215,2434648,46398,2091711,3518,63950,63045,1227122,0.152671,44785,1730092,0.215248,67046,2957214,0.367919,8037679
4,2021-03-18,107982,4698291,59905,2494553,44354,2136065,3723,67673,60894,1245312,0.154934,46791,1776883,0.221069,64981,3022195,0.376003,8037679
4,2021-03-19,112461,4810752,64693,2559246,42524,2178589,5244,72917,63639,1266003,0.157509,48515,1825398,0.227105,69206,3091401,0.384614,8037679
4,2021-03-20,84941,4895693,49732,2608978,32166,2210755,3043,75960,51768,1288090,0.160256,32982,1858380,0.231209,55069,3146470,0.391465,8037679
4,2021-03-21,48605,4944298,35219,2644197,11125,2221880,2261,78221,28300,1298827,0.161592,20155,1878535,0.233716,30892,3177362,0.395308,8037679
4,2021-03-22,83301,5027599,54361,2698558,26186,2248066,2754,80975,51350,1321943,0.164468,31666,1910201,0.237656,54782,3232144,0.402124,8037679
4,2021-03-23,105903,5133502,63425,2761983,40319,2288385,2159,83134,62055,1343135,0.167105,43549,1953750,0.243074,64741,3296885,0.410179,8037679
4,2021-03-24,114577,5248079,73870,2835853,38266,2326651,2441,85575,63700,1359279,0.169113,50409,2004159,0.249345,66553,3363438,0.418459,8037679
4,2021-03-25,118231,5366310,72718,2908571,43089,2369740,2424,87999,66287,1377025,0.171321,51433,2055592,0.255744,69179,3432617,0.427066,8037679
4,2021-03-26,120966,5487276,73319,2981890,44592,2414332,3055,91054,65177,1390433,0.172989,55383,2110975,0.262635,68791,3501408,0.435624,8037679
4,2021-03-27,92852,5580128,54697,3036587,36343,2450675,1812,92866,46784,1393694,0.173395,45791,2156766,0.268332,49052,3550460,0.441727,8037679
4,2021-03-28,56306,5636434,37204,3073791,18225,2468900,877,93743,29643,1398109,0.173944,26471,2183237,0.271625,30886,3581346,0.44557,8037679
4,2021-03-29,94737,5731171,56732,3130523,35899,2504799,2106,95849,50679,1407680,0.175135,43760,2226997,0.27707,53331,3634677,0.452205,8037679
4,2021-03-30,118263,5849434,64552,3195075,49527,2554326,4184,100033,69624,1433509,0.178349,48361,2275358,0.283086,74190,3708867,0.461435,8037679
4,2021-03-31,122049,5971483,72018,3267093,43698,2598024,6333,106366,68005,1454359,0.180943,53652,2329010,0.289762,74502,3783369,0.470704,8037679
4,2021-04-01,143743,6115226,81909,3349002,48451,2646475,13383,119749,84248,1492857,0.185732,58938,2387948,0.297094,97436,3880805,0.482827,8037679
4,2021-04-02,137660,6252886,73559,3422561,50447,2696922,13654,133403,79113,1527438,0.190035,58218,2446166,0.304337,92799,3973604,0.494372,8037679
4,2021-04-03,101774,6354660,54381,3476942,33889,2730811,13504,146907,52988,1545374,0.192266,48560,2494726,0.310379,66496,4040100,0.502645,8037679
4,2021-04-04,47110,6401770,24874,3501816,14690,2745501,7546,154453,20530,1546835,0.192448,26458,2521184,0.313671,27919,4068019,0.506119,8037679
4,2021-04-05,110432,6512202,61963,3563779,35543,2781044,12926,167379,57217,1564412,0.194635,52962,2574146,0.32026,70539,4138558,0.514895,8037679
4,2021-04-06,139775,6651977,78651,3642430,41230,2822274,19894,187273,72392,1589973,0.197815,67116,2641262,0.32861,92677,4231235,0.526425,8037679
4,2021-04-07,138471,6790448,78477,3720907,39164,2861438,20830,208103,71554,1615818,0.20103,66633,2707895,0.3369,92478,4323713,0.537931,8037679
4,2021-04-08,140941,6931389,78527,3799434,36826,2898264,25588,233691,70174,1641451,0.20422,70437,2778332,0.345663,96070,4419783,0.549883,8037679
4,2021-04-09,138567,7069956,75949,3875383,39441,2937705,23177,256868,66152,1659401,0.206453,72134,2850466,0.354638,90084,4509867,0.561091,8037679
4,2021-04-10,104346,7174302,51451,3926834,33910,2971615,18985,275853,47095,1669313,0.207686,57017,2907483,0.361732,66929,4576796,0.569418,8037679
4,2021-04-11,62958,7237260,38217,3965051,13511,2985126,11230,287083,27537,1673716,0.208234,35295,2942778,0.366123,39698,4616494,0.574357,8037679
4,2021-04-12,103473,7340733,62890,4027941,30324,3015450,10259,297342,52104,1686190,0.209786,51041,2993819,0.372473,63515,4680009,0.582259,8037679
4,2021-04-13,131161,7471894,82316,4110257,48676,3064126,169,297511,78347,1713074,0.21313,52493,3046312,0.379004,79377,4759386,0.592134,8037679
4,2021-04-14,136720,7608614,87239,4197496,49400,3113526,81,297592,75645,1729303,0.21515,60726,3107038,0.386559,76955,4836341,0.601709,8037679
4,2021-04-15,156800,7765414,104230,4301726,52494,3166020,76,297668,95885,1765555,0.21966,60495,3167533,0.394086,96747,4933088,0.613745,8037679
4,2021-04-16,144197,7909611,91370,4393096,52748,3218768,79,297747,83540,1789597,0.222651,60300,3227833,0.401588,84342,5017430,0.624239,8037679
4,2021-04-17,101871,8011482,63933,4457029,37910,3256678,28,297775,59530,1808284,0.224976,42038,3269871,0.406818,60725,5078155,0.631794,8037679
4,2021-04-18,57208,8068690,38696,4495725,18507,3275185,5,297780,32102,1816400,0.225986,24951,3294822,0.409922,33067,5111222,0.635908,8037679
4,2021-04-19,101612,8170302,66924,4562649,34667,3309852,21,297801,51394,1818460,0.226242,49954,3344776,0.416137,52014,5163236,0.642379,8037679
4,2021-04-20,131942,8302244,78544,4641193,53379,3363231,19,297820,68288,1824553,0.227,63299,3408075,0.424012,69392,5232628,0.651012,8037679
4,2021-04-21,135100,8437344,88174,4729367,46865,3410096,61,297881,67894,1826856,0.227287,66768,3474843,0.432319,69071,5301699,0.659606,8037679
4,2021-04-22,142201,8579545,94356,4823723,47821,3457917,24,297905,63402,1813062,0.22557,78362,3553205,0.442069,64568,5366267,0.667639,8037679
4,2021-04-23,135598,8715143,88219,4911942,47353,3505270,26,297931,58704,1796499,0.22351,76496,3629701,0.451586,59933,5426200,0.675095,8037679
4,2021-04-24,99262,8814405,66998,4978940,32213,3537483,51,297982,45644,1789976,0.222698,53300,3683001,0.458217,46777,5472977,0.680915,8037679
4,2021-04-25,50559,8864964,35636,5014576,14897,3552380,26,298008,26373,1792804,0.22305,24027,3707028,0.461206,26855,5499832,0.684256,8037679
4,2021-04-26,92495,8957459,60688,5075264,31405,3583785,402,298410,36279,1774940,0.220827,55886,3762914,0.468159,38022,5537854,0.688987,8037679
4,2021-04-27,114335,9071794,69896,5145160,42117,3625902,2322,300732,41090,1746256,0.217259,72903,3835817,0.477229,44219,5582073,0.694488,8037679
4,2021-04-28,104891,9176685,68522,5213682,33822,3659724,2547,303279,38288,1721524,0.214182,66237,3902054,0.48547,41505,5623578,0.699652,8037679
4,2021-04-29,106286,9282971,67882,5281564,35863,3695587,2541,305820,34270,1687294,0.209923,71646,3973700,0.494384,37416,5660994,0.704307,8037679
4,2021-04-30,106014,9388985,67166,5348730,36136,3731723,2712,308532,36390,1657853,0.20626,69207,4042907,0.502994,39766,5700760,0.709254,8037679
4,2021-05-01,69970,9458955,46440,5395170,21744,3753467,1786,310318,20395,1631398,0.202969,49265,4092172,0.509124,22810,5723570,0.712092,8037679
4,2021-05-02,37826,9496781,26848,5422018,9679,3763146,1299,311617,10592,1616320,0.201093,27107,4119279,0.512496,12029,5735599,0.713589,8037679
4,2021-05-03,79596,9576377,55516,5477534,21581,3784727,2499,314116,19286,1578432,0.196379,60031,4179310,0.519965,22143,5757742,0.716344,8037679
4,2021-05-04,101809,9678186,69691,5547225,29333,3814060,2785,316901,22727,1525573,0.189803,78755,4258065,0.529763,25896,5783638,0.719566,8037679
4,2021-05-05,102664,9780850,72379,5619604,27529,3841589,2756,319657,21863,1470054,0.182895,80443,4338508,0.539771,24924,5808562,0.722667,8037679
4,2021-05-06,112470,9893320,84279,5703883,25237,3866826,2954,322611,19670,1401503,0.174367,92298,4430806,0.551254,23747,5832309,0.725621,8037679
4,2021-05-07,105370,9998690,75747,5779630,26933,3893759,2690,325301,20731,1341097,0.166851,84237,4515043,0.561735,23831,5856140,0.728586,8037679
4,2021-05-08,70168,10068858,48393,5828023,19840,3913599,1935,327236,13862,1301179,0.161885,56058,4571101,0.568709,16140,5872280,0.730594,8037679
4,2021-05-09,34471,10103329,28208,5856231,5315,3918914,948,328184,7461,1282787,0.159597,26893,4597994,0.572055,8501,5880781,0.731652,8037679
4,2021-05-10,65395,10168724,43789,5900020,19277,3938191,2329,330513,11061,1242374,0.154569,54101,4652095,0.578786,13688,5894469,0.733355,8037679
4,2021-05-11,83568,10252292,52304,5952324,29066,3967257,2198,332711,15861,1193533,0.148492,67442,4719537,0.587177,18601,5913070,0.735669,8037679
4,2021-05-12,80108,10332400,53268,6005592,24360,3991617,2480,335191,16637,1149948,0.14307,63153,4782690,0.595034,19568,5932638,0.738103,8037679
4,2021-05-13,105091,10437491,77358,6082950,26196,4017813,1537,336728,40669,1129139,0.140481,64071,4846761,0.603005,43262,5975900,0.743486,8037679
4,2021-05-14,105404,10542895,74423,6157373,28846,4046659,2135,338863,40552,1107861,0.137833,64504,4911265,0.61103,43226,6019126,0.748864,8037679
4,2021-05-15,86039,10628934,66513,6223886,18187,4064846,1339,340202,37937,1099594,0.136805,47844,4959109,0.616983,39577,6058703,0.753788,8037679
4,2021-05-16,51797,10680731,41730,6265616,9349,4074195,718,340920,21244,1091302,0.135773,30395,4989504,0.620764,22103,6080806,0.756538,8037679
4,2021-05-17,71450,10752181,52183,6317799,17422,4091617,1845,342765,28206,1078569,0.134189,43023,5032527,0.626117,30290,6111096,0.760306,8037679
4,2021-05-18,82070,10834251,53347,6371146,26967,4118584,1756,344521,29294,1057590,0.131579,52402,5084929,0.632636,31423,6142519,0.764216,8037679
4,2021-05-19,77131,10911382,52126,6423272,23051,4141635,1954,346475,30958,1044932,0.130004,45854,5130783,0.638341,33196,6175715,0.768346,8037679
4,2021-05-20,69362,10980744,44587,6467859,22765,4164400,2010,348485,25702,1029633,0.128101,43358,5174141,0.643736,28059,6203774,0.771836,8037679
4,2021-05-21,74068,11054812,48825,6516684,23363,4187763,1880,350365,26103,1010241,0.125688,47643,5221784,0.649663,28251,6232025,0.775351,8037679
4,2021-05-22,50152,11104964,35178,6551862,13697,4201460,1277,351642,21774,1005325,0.125077,28205,5249989,0.653172,23289,6255314,0.778249,8037679
4,2021-05-23,23995,11128959,17110,6568972,6160,4207620,725,352367,9730,1001755,0.124632,14137,5264126,0.654931,10567,6265881,0.779563,8037679
4,2021-05-24,43243,11172202,27490,6596462,12738,4220358,3015,355382,15124,992208,0.123445,27886,5292012,0.658401,18339,6284220,0.781845,8037679
4,2021-05-25,45016,11217218,27974,6624436,14210,4234568,2832,358214,15898,982300,0.122212,28862,5320874,0.661991,18954,6303174,0.784203,8037679
4,2021-05-26,44687,11261905,26773,6651209,15303,4249871,2611,360825,15850,972325,0.120971,28608,5349482,0.665551,18633,6321807,0.786521,8037679
4,2021-05-27,38968,11300873,23356,6674565,12470,4262341,3142,363967,14648,966170,0.120205,24108,5373590,0.66855,17953,6339760,0.788755,8037679
4,2021-05-28,43423,11344296,27632,6702197,14182,4276523,1609,365576,18898,962649,0.119767,24249,5397839,0.671567,20728,6360488,0.791334,8037679
4,2021-05-29,23718,11368014,15378,6717575,7406,4283929,934,366510,10871,961892,0.119673,12695,5410534,0.673146,11938,6372426,0.792819,8037679
4,2021-05-30,12101,11380115,8497,6726072,3075,4287004,529,367039,5015,960492,0.119499,7011,5417545,0.674019,5611,6378037,0.793517,8037679
4,2021-05-31,3618,11383733,2298,6728370,1157,4288161,163,367202,1155,959424,0.119366,2407,5419952,0.674318,1339,6379376,0.793684,8037679
4,2021-06-01,39498,11423231,24534,6752904,12518,4300679,2446,369648,13003,948828,0.118048,26261,5446213,0.677585,15665,6395041,0.795633,8037679
4,2021-06-02,32659,11455890,20387,6773291,9463,4310142,2809,372457,10875,941063,0.117081,21594,5467807,0.680272,13829,6408870,0.797353,8037679
4,2021-06-03,48122,11504012,36908,6810199,8754,4318896,2460,374917,10313,916520,0.114028,37629,5505436,0.684953,13086,6421956,0.798981,8037679
4,2021-06-04,54852,11558864,44151,6854350,9370,4328266,1331,376248,12692,889441,0.110659,41913,5547349,0.690168,14834,6436790,0.800827,8037679
4,2021-06-05,44843,11603707,38390,6892740,5456,4333722,997,377245,8713,863482,0.107429,35971,5583320,0.694643,10012,6446802,0.802073,8037679
4,2021-06-06,21246,11624953,18952,6911692,1729,4335451,565,377810,3915,851138,0.105894,17223,5600543,0.696786,4879,6451681,0.80268,8037679
4,2021-06-07,38728,11663681,31337,6943029,5467,4340918,1924,379734,8380,831527,0.103454,30207,5630750,0.700544,10596,6462277,0.803998,8037679
4,2021-06-08,40631,11704312,31870,6974899,6212,4347130,2549,382283,9410,812800,0.101124,31027,5661777,0.704404,12300,6474577,0.805528,8037679
4,2021-06-09,38962,11743274,30885,7005784,5713,4352843,2364,384647,7914,792557,0.098605,30875,5692652,0.708246,10632,6485209,0.806851,8037679
4,2021-06-10,37154,11780428,29269,7035053,5261,4358104,2624,387271,8376,775205,0.096446,28615,5721267,0.711806,11263,6496472,0.808252,8037679
4,2021-06-11,38328,11818756,30066,7065119,6244,4364348,2018,389289,9847,759101,0.094443,28318,5749585,0.715329,12214,6508686,0.809772,8037679
4,2021-06-12,26580,11845336,22103,7087222,3763,4368111,714,390003,6009,745583,0.092761,20460,5770045,0.717875,6942,6515628,0.810636,8037679
4,2021-06-13,10835,11856171,8559,7095781,1799,4369910,477,390480,2268,739939,0.092059,8498,5778543,0.718932,2854,6518482,0.810991,8037679
4,2021-06-14,28579,11884750,21370,7117151,4401,4374311,2808,393288,7761,730049,0.090828,20676,5799219,0.721504,10786,6529268,0.812333,8037679
4,2021-06-15,29950,11914700,21158,7138309,5385,4379696,3407,396695,8269,720468,0.089636,21513,5820732,0.724181,11932,6541200,0.813817,8037679
4,2021-06-16,26584,11941284,20027,7158336,3932,4383628,2625,399320,7993,712888,0.088693,18407,5839139,0.726471,10827,6552027,0.815164,8037679
4,2021-06-17,25149,11966433,18561,7176897,3691,4387319,2897,402217,7605,706229,0.087865,17354,5856493,0.72863,10695,6562722,0.816495,8037679
4,2021-06-18,26763,11993196,21102,7197999,4427,4391746,1234,403451,8248,697648,0.086797,18310,5874803,0.730908,9729,6572451,0.817705,8037679
4,2021-06-19,15768,12008964,12753,7210752,2308,4394054,707,404158,5059,693024,0.086222,10560,5885363,0.732222,5936,6578387,0.818444,8037679
4,2021-06-20,7362,12016326,6060,7216812,995,4395049,307,404465,2616,691345,0.086013,4686,5890049,0.732805,3007,6581394,0.818818,8037679
4,2021-06-21,14594,12030920,10546,7227358,2908,4397957,1140,405605,7333,692809,0.086195,7170,5897219,0.733697,8634,6590028,0.819892,8037679
4,2021-06-22,20497,12051417,15959,7243317,3457,4401414,1081,406686,7106,687886,0.085583,13261,5910480,0.735347,8338,6598366,0.820929,8037679
4,2021-06-23,18411,12069828,14444,7257761,2972,4404386,995,407681,6707,684150,0.085118,11562,5922042,0.736785,7826,6606192,0.821903,8037679
4,2021-06-24,17601,12087429,13605,7271366,3005,4407391,991,408672,6566,680963,0.084721,10879,5932921,0.738139,7692,6613884,0.82286,8037679
4,2021-06-25,21572,12109001,16941,7288307,3582,4410973,1049,409721,7804,676356,0.084148,13628,5946549,0.739834,9021,6622905,0.823982,8037679
4,2021-06-26,13094,12122095,10657,7298964,1819,4412792,618,410339,4817,673749,0.083824,8153,5954702,0.740848,5546,6628451,0.824672,8037679
4,2021-06-27,6843,12128938,5541,7304505,959,4413751,343,410682,2873,673090,0.083742,3930,5958632,0.741337,3271,6631722,0.825079,8037679
4,2021-06-28,15075,12144013,12651,7317156,1568,4415319,856,411538,6039,671173,0.083503,8938,5967570,0.742449,7021,6638743,0.825953,8037679
4,2021-06-29,16475,12160488,12778,7329934,2885,4418204,812,412350,6340,668434,0.083163,10013,5977583,0.743695,7274,6646017,0.826858,8037679
4,2021-06-30,14596,12175084,11379,7341313,2480,4420684,737,413087,6054,666931,0.082976,8412,5985995,0.744742,6909,6652926,0.827717,8037679
4,2021-07-01,14466,12189550,11405,7352718,2316,4423000,745,413832,5924,665318,0.082775,8419,5994414,0.745789,6806,6659732,0.828564,8037679
4,2021-07-02,16784,12206334,13310,7366028,2709,4425709,765,414597,6856,663243,0.082517,9824,6004238,0.747011,7749,6667481,0.829528,8037679
4,2021-07-03,9172,12215506,7280,7373308,1484,4427193,408,415005,3970,662556,0.082431,5122,6009360,0.747649,4435,6671916,0.83008,8037679
4,2021-07-04,440,12215946,274,7373582,106,4427299,60,415065,195,662583,0.082435,239,6009599,0.747678,266,6672182,0.830113,8037679
4,2021-07-05,9176,12225122,7459,7381041,1301,4428600,416,415481,4156,662263,0.082395,4941,6014540,0.748293,4621,6676803,0.830688,8037679
4,2021-07-06,16473,12241595,12971,7394012,2702,4431302,800,416281,6065,658956,0.081983,10285,6024825,0.749573,6978,6683781,0.831556,8037679
4,2021-07-07,13733,12255328,10715,7404727,2240,4433542,778,417059,5181,656596,0.08169,8441,6033266,0.750623,6081,6689862,0.832313,8037679
4,2021-07-08,13206,12268534,10317,7415044,2060,4435602,829,417888,5178,654789,0.081465,7904,6041170,0.751606,6097,6695959,0.833071,8037679
4,2021-07-09,15409,12283943,11816,7426860,2656,4438258,937,418825,6263,653108,0.081256,8997,6050167,0.752726,7316,6703275,0.833981,8037679
4,2021-07-10,8839,12292782,6992,7433852,1448,4439706,399,419224,3713,652241,0.081148,5039,6055206,0.753353,4172,6707447,0.8345,8037679
4,2021-07-11,4970,12297752,3978,7437830,791,4440497,201,419425,2225,651995,0.081117,2702,6057908,0.753689,2456,6709903,0.834806,8037679
4,2021-07-12,13028,12310780,10315,7448145,1993,4442490,720,420145,5062,649991,0.080868,7888,6065796,0.75467,5884,6715787,0.835538,8037679
4,2021-07-13,12808,12323588,9801,7457946,2375,4444865,632,420777,5451,648922,0.080735,7248,6073044,0.755572,6179,6721966,0.836307,8037679
4,2021-07-14,11690,12335278,9206,7467152,1935,4446800,549,421326,5056,648053,0.080627,6543,6079587,0.756386,5674,6727640,0.837013,8037679
4,2021-07-15,12414,12347692,9864,7477016,1964,4448764,586,421912,5646,647715,0.080585,6642,6086229,0.757212,6304,6733944,0.837797,8037679
4,2021-07-16,14981,12362673,11688,7488704,2625,4451389,668,422580,6915,647440,0.080551,7965,6094194,0.758203,7690,6741634,0.838754,8037679
4,2021-07-17,9353,12372026,7394,7496098,1634,4453023,325,422905,4427,647408,0.080547,4826,6099020,0.758804,4794,6746428,0.83935,8037679
4,2021-07-18,5346,12377372,4301,7500399,845,4453868,200,423105,2529,647400,0.080546,2758,6101778,0.759147,2750,6749178,0.839692,8037679
4,2021-07-19,12789,12390161,10142,7510541,1993,4455861,654,423759,6073,647582,0.080568,6624,6108402,0.759971,6806,6755984,0.840539,8037679
4,2021-07-20,13731,12403892,10590,7521131,2477,4458338,664,424423,6769,648280,0.080655,6817,6115219,0.760819,7515,6763499,0.841474,8037679
4,2021-07-21,12817,12416709,9942,7531073,2226,4460564,649,425072,6380,649066,0.080753,6300,6121519,0.761603,7086,6770585,0.842356,8037679
4,2021-07-22,13466,12430175,10517,7541590,2296,4462860,653,425725,7019,650486,0.08093,6314,6127833,0.762388,7734,6778319,0.843318,8037679
4,2021-07-23,15678,12445853,12102,7553692,2886,4465746,690,426415,8231,652218,0.081145,7276,6135109,0.763294,9008,6787327,0.844439,8037679
4,2021-07-24,9572,12455425,7500,7561192,1745,4467491,327,426742,4933,653029,0.081246,4500,6139609,0.763853,5311,6792638,0.845099,8037679
4,2021-07-25,4751,12460176,3738,7564930,857,4468348,156,426898,3351,655207,0.081517,1344,6140953,0.764021,3522,6796160,0.845538,8037679
4,2021-07-26,12948,12473124,10136,7575066,2133,4470481,679,427577,7540,658216,0.081891,5264,6146217,0.764676,8273,6804433,0.846567,8037679
4,2021-07-27,14275,12487399,10936,7586002,2582,4473063,757,428334,7703,660299,0.08215,6417,6152634,0.765474,8500,6812933,0.847624,8037679
4,2021-07-28,13175,12500574,10058,7596060,2419,4475482,698,429032,7315,662678,0.082446,5690,6158324,0.766182,8069,6821002,0.848628,8037679
4,2021-07-29,13465,12514039,10475,7606535,2276,4477758,714,429746,7564,665358,0.08278,5677,6164001,0.766888,8357,6829359,0.849668,8037679
4,2021-07-30,15767,12529806,12096,7618631,2883,4480641,788,430534,8574,667995,0.083108,6830,6170831,0.767738,9467,6838826,0.850846,8037679
4,2021-07-31,9723,12539529,7602,7626233,1719,4482360,402,430936,5514,669942,0.08335,4011,6174842,0.768237,5958,6844784,0.851587,8037679
4,2021-08-01,5421,12544950,4481,7630714,773,4483133,167,431103,3205,671238,0.083511,2110,6176952,0.768499,3406,6848190,0.852011,8037679
4,2021-08-02,14032,12558982,11206,7641920,2088,4485221,738,431841,8195,674614,0.083931,5628,6182580,0.7692,9004,6857194,0.853131,8037679
4,2021-08-03,14631,12573613,11245,7653165,2626,4487847,760,432601,8419,677881,0.084338,5987,6188567,0.769945,9254,6866448,0.854282,8037679
4,2021-08-04,13326,12586939,10383,7663548,2255,4490102,688,433289,7544,680584,0.084674,5570,6194137,0.770638,8273,6874721,0.855312,8037679
4,2021-08-05,14308,12601247,11300,7674848,2247,4492349,761,434050,8050,683440,0.08503,6008,6200145,0.771385,8864,6883585,0.856415,8037679
4,2021-08-06,17136,12618383,13174,7688022,3105,4495454,857,434907,9562,686673,0.085432,7255,6207400,0.772288,10488,6894073,0.857719,8037679
4,2021-08-07,10147,12628530,8070,7696092,1639,4497093,438,435345,5533,688250,0.085628,4436,6211836,0.77284,6013,6900086,0.858467,8037679
4,2021-08-08,6223,12634753,4950,7701042,1072,4498165,201,435546,3593,689580,0.085793,2494,6214330,0.77315,3824,6903910,0.858943,8037679
4,2021-08-09,14509,12649262,11762,7712804,2019,4500184,728,436274,7773,691645,0.08605,6512,6220842,0.77396,8577,6912487,0.86001,8037679
4,2021-08-10,14724,12663986,11361,7724165,2628,4502812,735,437009,7799,693561,0.086289,6682,6227524,0.774791,8598,6921085,0.86108,8037679
4,2021-08-11,12431,12676417,9545,7733710,2148,4504960,738,437747,6483,695116,0.086482,5696,6233220,0.7755,7251,6928336,0.861982,8037679
4,2021-08-12,13874,12690291,10579,7744289,2572,4507532,723,438470,7150,696639,0.086672,6395,6239615,0.776296,7918,6936254,0.862967,8037679
4,2021-08-13,17171,12707462,12787,7757076,3570,4511102,814,439284,8501,697996,0.08684,8028,6247643,0.777294,9385,6945639,0.864135,8037679
4,2021-08-14,7343,12714805,4839,7761915,2054,4513156,450,439734,3259,698686,0.086926,3043,6250686,0.777673,3733,6949372,0.864599,8037679
